Model,MSO3014
Firmware Version,2.38

Waveform Type,ANALOG,
Point Format,Y,
Horizontal Units,s,
Horizontal Scale,0.1,
Horizontal Delay,0,
Sample Interval,1e-05,
Record Length,100000,
Gating,0.0% to 100.0%,
Probe Attenuation,1,
Vertical Units,V,
Vertical Offset,0,
Vertical Scale,0.05,
Vertical Position,1.86,
,,
,,
,,
Label,,
TIME,CH1,CH2
-5.00000e-01,-0.057,0.06
-4.99990e-01,-0.047,0.048
-4.99980e-01,-0.055,0.06
-4.99970e-01,-0.057,0.06
-4.99960e-01,-0.059,0.06
-4.99950e-01,-0.055,0.058
-4.99940e-01,-0.061,0.066
-4.99930e-01,-0.063,0.064
-4.99920e-01,-0.061,0.066
-4.99910e-01,-0.061,0.062
-4.99900e-01,-0.055,0.06
-4.99890e-01,-0.059,0.064
-4.99880e-01,-0.059,0.062
-4.99870e-01,-0.059,0.064
-4.99860e-01,-0.059,0.064
-4.99850e-01,-0.059,0.064
-4.99840e-01,-0.057,0.06
-4.99830e-01,-0.059,0.06
-4.99820e-01,-0.059,0.06
-4.99810e-01,-0.059,0.064
-4.99800e-01,-0.053,0.054
-4.99790e-01,-0.061,0.064
-4.99780e-01,-0.061,0.064
-4.99770e-01,-0.059,0.066
-4.99760e-01,-0.051,0.058
-4.99750e-01,-0.051,0.058
-4.99740e-01,-0.061,0.062
-4.99730e-01,-0.059,0.062
-4.99720e-01,-0.059,0.064
-4.99710e-01,-0.061,0.062
-4.99700e-01,-0.057,0.064
-4.99690e-01,-0.059,0.064
-4.99680e-01,-0.061,0.064
-4.99670e-01,-0.059,0.062
-4.99660e-01,-0.061,0.066
-4.99650e-01,-0.063,0.066
-4.99640e-01,-0.059,0.064
-4.99630e-01,-0.057,0.06
-4.99620e-01,-0.051,0.056
-4.99610e-01,-0.051,0.058
-4.99600e-01,-0.057,0.064
-4.99590e-01,-0.055,0.058
-4.99580e-01,-0.061,0.064
-4.99570e-01,-0.059,0.06
-4.99560e-01,-0.061,0.062
-4.99550e-01,-0.059,0.066
-4.99540e-01,-0.061,0.064
-4.99530e-01,-0.061,0.062
-4.99520e-01,-0.061,0.062
-4.99510e-01,-0.057,0.06
-4.99500e-01,-0.061,0.064
-4.99490e-01,-0.059,0.064
-4.99480e-01,-0.059,0.064
-4.99470e-01,-0.061,0.064
-4.99460e-01,-0.049,0.056
-4.99450e-01,-0.051,0.056
-4.99440e-01,-0.055,0.06
-4.99430e-01,-0.055,0.062
-4.99420e-01,-0.059,0.062
-4.99410e-01,-0.063,0.066
-4.99400e-01,-0.055,0.06
-4.99390e-01,-0.063,0.064
-4.99380e-01,-0.055,0.06
-4.99370e-01,-0.057,0.058
-4.99360e-01,-0.055,0.06
-4.99350e-01,-0.059,0.06
-4.99340e-01,-0.063,0.062
-4.99330e-01,-0.057,0.062
-4.99320e-01,-0.055,0.054
-4.99310e-01,-0.057,0.06
-4.99300e-01,-0.061,0.064
-4.99290e-01,-0.061,0.064
-4.99280e-01,-0.047,0.05
-4.99270e-01,-0.053,0.06
-4.99260e-01,-0.053,0.056
-4.99250e-01,-0.061,0.062
-4.99240e-01,-0.061,0.062
-4.99230e-01,-0.061,0.06
-4.99220e-01,-0.059,0.062
-4.99210e-01,-0.059,0.06
-4.99200e-01,-0.063,0.06
-4.99190e-01,-0.055,0.054
-4.99180e-01,-0.055,0.058
-4.99170e-01,-0.043,0.056
-4.99160e-01,-0.061,0.06
-4.99150e-01,-0.057,0.06
-4.99140e-01,-0.061,0.062
-4.99130e-01,-0.067,0.066
-4.99120e-01,-0.061,0.064
-4.99110e-01,-0.059,0.06
-4.99100e-01,-0.059,0.06
-4.99090e-01,-0.057,0.066
-4.99080e-01,-0.061,0.064
-4.99070e-01,-0.057,0.058
-4.99060e-01,-0.061,0.062
-4.99050e-01,-0.061,0.062
-4.99040e-01,-0.059,0.06
-4.99030e-01,-0.061,0.066
-4.99020e-01,-0.059,0.064
-4.99010e-01,-0.051,0.06
-4.99000e-01,-0.059,0.064
-4.98990e-01,-0.057,0.064
-4.98980e-01,-0.059,0.062
-4.98970e-01,-0.061,0.064
-4.98960e-01,-0.061,0.066
-4.98950e-01,-0.061,0.06
-4.98940e-01,-0.057,0.06
-4.98930e-01,-0.063,0.06
-4.98920e-01,-0.061,0.062
-4.98910e-01,-0.055,0.06
-4.98900e-01,-0.063,0.064
-4.98890e-01,-0.055,0.058
-4.98880e-01,-0.063,0.062
-4.98870e-01,-0.053,0.058
-4.98860e-01,-0.053,0.056
-4.98850e-01,-0.049,0.052
-4.98840e-01,-0.047,0.05
-4.98830e-01,-0.043,0.046
-4.98820e-01,-0.051,0.056
-4.98810e-01,-0.049,0.054
-4.98800e-01,-0.047,0.052
-4.98790e-01,-0.049,0.05
-4.98780e-01,-0.059,0.06
-4.98770e-01,-0.061,0.06
-4.98760e-01,-0.059,0.062
-4.98750e-01,-0.059,0.06
-4.98740e-01,-0.059,0.062
-4.98730e-01,-0.061,0.062
-4.98720e-01,-0.059,0.064
-4.98710e-01,-0.057,0.06
-4.98700e-01,-0.055,0.058
-4.98690e-01,-0.039,0.044
-4.98680e-01,-0.055,0.058
-4.98670e-01,-0.055,0.06
-4.98660e-01,-0.057,0.06
-4.98650e-01,-0.061,0.064
-4.98640e-01,-0.055,0.06
-4.98630e-01,-0.061,0.06
-4.98620e-01,-0.057,0.062
-4.98610e-01,-0.063,0.062
-4.98600e-01,-0.055,0.06
-4.98590e-01,-0.055,0.06
-4.98580e-01,-0.057,0.062
-4.98570e-01,-0.059,0.062
-4.98560e-01,-0.059,0.064
-4.98550e-01,-0.059,0.06
-4.98540e-01,-0.061,0.066
-4.98530e-01,-0.057,0.06
-4.98520e-01,-0.061,0.062
-4.98510e-01,-0.053,0.054
-4.98500e-01,-0.051,0.056
-4.98490e-01,-0.045,0.054
-4.98480e-01,-0.057,0.064
-4.98470e-01,-0.059,0.062
-4.98460e-01,-0.055,0.064
-4.98450e-01,-0.057,0.06
-4.98440e-01,-0.055,0.058
-4.98430e-01,-0.057,0.06
-4.98420e-01,-0.065,0.064
-4.98410e-01,-0.063,0.062
-4.98400e-01,-0.051,0.056
-4.98390e-01,-0.059,0.062
-4.98380e-01,-0.061,0.064
-4.98370e-01,-0.063,0.064
-4.98360e-01,-0.061,0.06
-4.98350e-01,-0.057,0.06
-4.98340e-01,-0.059,0.06
-4.98330e-01,-0.053,0.06
-4.98320e-01,-0.061,0.064
-4.98310e-01,-0.059,0.064
-4.98300e-01,-0.061,0.062
-4.98290e-01,-0.067,0.066
-4.98280e-01,-0.061,0.064
-4.98270e-01,-0.059,0.064
-4.98260e-01,-0.061,0.062
-4.98250e-01,-0.061,0.06
-4.98240e-01,-0.059,0.06
-4.98230e-01,-0.061,0.064
-4.98220e-01,-0.063,0.066
-4.98210e-01,-0.053,0.06
-4.98200e-01,-0.061,0.062
-4.98190e-01,-0.059,0.062
-4.98180e-01,-0.061,0.062
-4.98170e-01,-0.055,0.06
-4.98160e-01,-0.061,0.066
-4.98150e-01,-0.059,0.06
-4.98140e-01,-0.059,0.064
-4.98130e-01,-0.061,0.064
-4.98120e-01,-0.053,0.058
-4.98110e-01,-0.055,0.064
-4.98100e-01,-0.055,0.062
-4.98090e-01,-0.061,0.062
-4.98080e-01,-0.051,0.06
-4.98070e-01,-0.059,0.068
-4.98060e-01,-0.061,0.064
-4.98050e-01,-0.055,0.058
-4.98040e-01,-0.059,0.064
-4.98030e-01,-0.051,0.054
-4.98020e-01,-0.059,0.064
-4.98010e-01,-0.061,0.064
-4.98000e-01,-0.063,0.062
-4.97990e-01,-0.061,0.062
-4.97980e-01,-0.047,0.05
-4.97970e-01,-0.055,0.06
-4.97960e-01,-0.057,0.06
-4.97950e-01,-0.055,0.06
-4.97940e-01,-0.061,0.062
-4.97930e-01,-0.049,0.054
-4.97920e-01,-0.059,0.06
-4.97910e-01,-0.063,0.064
-4.97900e-01,-0.061,0.062
-4.97890e-01,-0.061,0.06
-4.97880e-01,-0.061,0.062
-4.97870e-01,-0.059,0.062
-4.97860e-01,-0.059,0.066
-4.97850e-01,-0.061,0.066
-4.97840e-01,-0.061,0.062
-4.97830e-01,-0.055,0.064
-4.97820e-01,-0.059,0.06
-4.97810e-01,-0.055,0.06
-4.97800e-01,-0.061,0.064
-4.97790e-01,-0.057,0.06
-4.97780e-01,-0.059,0.06
-4.97770e-01,-0.057,0.064
-4.97760e-01,-0.059,0.062
-4.97750e-01,-0.063,0.066
-4.97740e-01,-0.059,0.066
-4.97730e-01,-0.061,0.062
-4.97720e-01,-0.061,0.064
-4.97710e-01,-0.065,0.06
-4.97700e-01,-0.061,0.064
-4.97690e-01,-0.063,0.064
-4.97680e-01,-0.061,0.066
-4.97670e-01,-0.061,0.064
-4.97660e-01,-0.057,0.062
-4.97650e-01,-0.061,0.064
-4.97640e-01,-0.063,0.064
-4.97630e-01,-0.061,0.064
-4.97620e-01,-0.061,0.066
-4.97610e-01,-0.063,0.064
-4.97600e-01,-0.065,0.062
-4.97590e-01,-0.057,0.06
-4.97580e-01,-0.061,0.064
-4.97570e-01,-0.061,0.062
-4.97560e-01,-0.057,0.064
-4.97550e-01,-0.059,0.066
-4.97540e-01,-0.061,0.064
-4.97530e-01,-0.059,0.06
-4.97520e-01,-0.055,0.062
-4.97510e-01,-0.065,0.06
-4.97500e-01,-0.063,0.064
-4.97490e-01,-0.061,0.06
-4.97480e-01,-0.061,0.064
-4.97470e-01,-0.057,0.062
-4.97460e-01,-0.059,0.062
-4.97450e-01,-0.061,0.06
-4.97440e-01,-0.053,0.058
-4.97430e-01,-0.053,0.06
-4.97420e-01,-0.037,0.044
-4.97410e-01,-0.051,0.054
-4.97400e-01,-0.049,0.05
-4.97390e-01,-0.051,0.056
-4.97380e-01,-0.045,0.048
-4.97370e-01,-0.055,0.058
-4.97360e-01,-0.057,0.062
-4.97350e-01,-0.055,0.062
-4.97340e-01,-0.047,0.054
-4.97330e-01,-0.057,0.06
-4.97320e-01,-0.059,0.06
-4.97310e-01,-0.061,0.062
-4.97300e-01,-0.057,0.062
-4.97290e-01,-0.059,0.06
-4.97280e-01,-0.061,0.064
-4.97270e-01,-0.061,0.06
-4.97260e-01,-0.057,0.06
-4.97250e-01,-0.047,0.05
-4.97240e-01,-0.057,0.06
-4.97230e-01,-0.041,0.046
-4.97220e-01,-0.041,0.044
-4.97210e-01,-0.043,0.048
-4.97200e-01,-0.061,0.064
-4.97190e-01,-0.063,0.064
-4.97180e-01,-0.059,0.064
-4.97170e-01,-0.057,0.064
-4.97160e-01,-0.055,0.056
-4.97150e-01,-0.061,0.062
-4.97140e-01,-0.061,0.06
-4.97130e-01,-0.059,0.06
-4.97120e-01,-0.059,0.06
-4.97110e-01,-0.061,0.064
-4.97100e-01,-0.061,0.068
-4.97090e-01,-0.065,0.064
-4.97080e-01,-0.063,0.062
-4.97070e-01,-0.061,0.064
-4.97060e-01,-0.061,0.064
-4.97050e-01,-0.061,0.062
-4.97040e-01,-0.059,0.062
-4.97030e-01,-0.061,0.064
-4.97020e-01,-0.055,0.06
-4.97010e-01,-0.061,0.064
-4.97000e-01,-0.059,0.064
-4.96990e-01,-0.065,0.062
-4.96980e-01,-0.055,0.06
-4.96970e-01,-0.061,0.066
-4.96960e-01,-0.061,0.064
-4.96950e-01,-0.059,0.064
-4.96940e-01,-0.059,0.062
-4.96930e-01,-0.063,0.066
-4.96920e-01,-0.061,0.064
-4.96910e-01,-0.055,0.06
-4.96900e-01,-0.059,0.062
-4.96890e-01,-0.055,0.058
-4.96880e-01,-0.051,0.052
-4.96870e-01,-0.037,0.044
-4.96860e-01,-0.055,0.062
-4.96850e-01,-0.059,0.062
-4.96840e-01,-0.061,0.064
-4.96830e-01,-0.061,0.064
-4.96820e-01,-0.059,0.064
-4.96810e-01,-0.059,0.06
-4.96800e-01,-0.057,0.06
-4.96790e-01,-0.045,0.046
-4.96780e-01,-0.043,0.046
-4.96770e-01,-0.049,0.058
-4.96760e-01,-0.049,0.054
-4.96750e-01,-0.053,0.058
-4.96740e-01,-0.047,0.05
-4.96730e-01,-0.055,0.06
-4.96720e-01,-0.057,0.06
-4.96710e-01,-0.057,0.06
-4.96700e-01,-0.055,0.06
-4.96690e-01,-0.059,0.062
-4.96680e-01,-0.055,0.062
-4.96670e-01,-0.059,0.066
-4.96660e-01,-0.057,0.064
-4.96650e-01,-0.059,0.066
-4.96640e-01,-0.059,0.062
-4.96630e-01,-0.063,0.062
-4.96620e-01,-0.059,0.062
-4.96610e-01,-0.061,0.064
-4.96600e-01,-0.059,0.062
-4.96590e-01,-0.053,0.058
-4.96580e-01,-0.061,0.062
-4.96570e-01,-0.059,0.062
-4.96560e-01,-0.057,0.062
-4.96550e-01,-0.059,0.062
-4.96540e-01,-0.057,0.06
-4.96530e-01,-0.063,0.062
-4.96520e-01,-0.057,0.062
-4.96510e-01,-0.057,0.062
-4.96500e-01,-0.061,0.066
-4.96490e-01,-0.067,0.062
-4.96480e-01,-0.059,0.064
-4.96470e-01,-0.059,0.062
-4.96460e-01,-0.057,0.06
-4.96450e-01,-0.063,0.06
-4.96440e-01,-0.055,0.06
-4.96430e-01,-0.059,0.064
-4.96420e-01,-0.055,0.06
-4.96410e-01,-0.063,0.066
-4.96400e-01,-0.061,0.064
-4.96390e-01,-0.061,0.066
-4.96380e-01,-0.057,0.06
-4.96370e-01,-0.063,0.064
-4.96360e-01,-0.057,0.06
-4.96350e-01,-0.061,0.062
-4.96340e-01,-0.061,0.062
-4.96330e-01,-0.063,0.064
-4.96320e-01,-0.065,0.062
-4.96310e-01,-0.061,0.064
-4.96300e-01,-0.061,0.066
-4.96290e-01,-0.063,0.064
-4.96280e-01,-0.063,0.06
-4.96270e-01,-0.063,0.06
-4.96260e-01,-0.061,0.066
-4.96250e-01,-0.051,0.06
-4.96240e-01,-0.059,0.062
-4.96230e-01,-0.061,0.062
-4.96220e-01,-0.063,0.064
-4.96210e-01,-0.061,0.064
-4.96200e-01,-0.059,0.058
-4.96190e-01,-0.053,0.058
-4.96180e-01,-0.049,0.056
-4.96170e-01,-0.059,0.058
-4.96160e-01,-0.059,0.058
-4.96150e-01,-0.063,0.062
-4.96140e-01,-0.057,0.06
-4.96130e-01,-0.055,0.058
-4.96120e-01,-0.043,0.05
-4.96110e-01,-0.061,0.064
-4.96100e-01,-0.061,0.064
-4.96090e-01,-0.057,0.064
-4.96080e-01,-0.057,0.058
-4.96070e-01,-0.059,0.062
-4.96060e-01,-0.059,0.062
-4.96050e-01,-0.051,0.054
-4.96040e-01,-0.061,0.062
-4.96030e-01,-0.061,0.064
-4.96020e-01,-0.059,0.062
-4.96010e-01,-0.061,0.064
-4.96000e-01,-0.061,0.062
-4.95990e-01,-0.061,0.064
-4.95980e-01,-0.059,0.06
-4.95970e-01,-0.059,0.062
-4.95960e-01,-0.061,0.062
-4.95950e-01,-0.057,0.062
-4.95940e-01,-0.053,0.058
-4.95930e-01,-0.063,0.066
-4.95920e-01,-0.051,0.054
-4.95910e-01,-0.061,0.062
-4.95900e-01,-0.047,0.052
-4.95890e-01,-0.061,0.066
-4.95880e-01,-0.049,0.052
-4.95870e-01,-0.061,0.062
-4.95860e-01,-0.057,0.06
-4.95850e-01,-0.059,0.066
-4.95840e-01,-0.059,0.06
-4.95830e-01,-0.061,0.064
-4.95820e-01,-0.061,0.064
-4.95810e-01,-0.061,0.064
-4.95800e-01,-0.061,0.064
-4.95790e-01,-0.063,0.064
-4.95780e-01,-0.045,0.048
-4.95770e-01,-0.043,0.048
-4.95760e-01,-0.047,0.054
-4.95750e-01,-0.045,0.05
-4.95740e-01,-0.059,0.062
-4.95730e-01,-0.061,0.062
-4.95720e-01,-0.059,0.064
-4.95710e-01,-0.047,0.05
-4.95700e-01,-0.051,0.056
-4.95690e-01,-0.045,0.052
-4.95680e-01,-0.059,0.06
-4.95670e-01,-0.059,0.064
-4.95660e-01,-0.059,0.062
-4.95650e-01,-0.059,0.06
-4.95640e-01,-0.061,0.064
-4.95630e-01,-0.059,0.062
-4.95620e-01,-0.061,0.062
-4.95610e-01,-0.061,0.06
-4.95600e-01,-0.065,0.066
-4.95590e-01,-0.061,0.06
-4.95580e-01,-0.055,0.06
-4.95570e-01,-0.065,0.066
-4.95560e-01,-0.059,0.064
-4.95550e-01,-0.061,0.064
-4.95540e-01,-0.061,0.066
-4.95530e-01,-0.059,0.064
-4.95520e-01,-0.063,0.062
-4.95510e-01,-0.053,0.062
-4.95500e-01,-0.055,0.064
-4.95490e-01,-0.059,0.06
-4.95480e-01,-0.063,0.066
-4.95470e-01,-0.065,0.062
-4.95460e-01,-0.063,0.064
-4.95450e-01,-0.059,0.068
-4.95440e-01,-0.063,0.062
-4.95430e-01,-0.057,0.06
-4.95420e-01,-0.061,0.066
-4.95410e-01,-0.059,0.062
-4.95400e-01,-0.061,0.06
-4.95390e-01,-0.061,0.064
-4.95380e-01,-0.061,0.064
-4.95370e-01,-0.057,0.064
-4.95360e-01,-0.061,0.064
-4.95350e-01,-0.059,0.064
-4.95340e-01,-0.061,0.062
-4.95330e-01,-0.059,0.064
-4.95320e-01,-0.061,0.066
-4.95310e-01,-0.057,0.068
-4.95300e-01,-0.057,0.06
-4.95290e-01,-0.061,0.06
-4.95280e-01,-0.059,0.066
-4.95270e-01,-0.063,0.06
-4.95260e-01,-0.061,0.066
-4.95250e-01,-0.049,0.056
-4.95240e-01,-0.061,0.064
-4.95230e-01,-0.057,0.06
-4.95220e-01,-0.061,0.062
-4.95210e-01,-0.051,0.056
-4.95200e-01,-0.063,0.064
-4.95190e-01,-0.061,0.06
-4.95180e-01,-0.059,0.06
-4.95170e-01,-0.057,0.062
-4.95160e-01,-0.061,0.064
-4.95150e-01,-0.061,0.064
-4.95140e-01,-0.045,0.05
-4.95130e-01,-0.055,0.06
-4.95120e-01,-0.061,0.06
-4.95110e-01,-0.057,0.062
-4.95100e-01,-0.061,0.064
-4.95090e-01,-0.059,0.06
-4.95080e-01,-0.059,0.062
-4.95070e-01,-0.063,0.064
-4.95060e-01,-0.059,0.06
-4.95050e-01,-0.065,0.062
-4.95040e-01,-0.057,0.06
-4.95030e-01,-0.061,0.062
-4.95020e-01,-0.055,0.058
-4.95010e-01,-0.059,0.062
-4.95000e-01,-0.055,0.062
-4.94990e-01,-0.059,0.064
-4.94980e-01,-0.061,0.066
-4.94970e-01,-0.063,0.064
-4.94960e-01,-0.061,0.064
-4.94950e-01,-0.057,0.06
-4.94940e-01,-0.061,0.066
-4.94930e-01,-0.059,0.06
-4.94920e-01,-0.061,0.064
-4.94910e-01,-0.051,0.056
-4.94900e-01,-0.057,0.064
-4.94890e-01,-0.057,0.06
-4.94880e-01,-0.061,0.06
-4.94870e-01,-0.061,0.06
-4.94860e-01,-0.061,0.062
-4.94850e-01,-0.059,0.064
-4.94840e-01,-0.061,0.066
-4.94830e-01,-0.051,0.056
-4.94820e-01,-0.053,0.056
-4.94810e-01,-0.061,0.064
-4.94800e-01,-0.059,0.062
-4.94790e-01,-0.063,0.062
-4.94780e-01,-0.059,0.06
-4.94770e-01,-0.065,0.064
-4.94760e-01,-0.061,0.066
-4.94750e-01,-0.051,0.056
-4.94740e-01,-0.055,0.06
-4.94730e-01,-0.043,0.052
-4.94720e-01,-0.059,0.064
-4.94710e-01,-0.057,0.064
-4.94700e-01,-0.063,0.064
-4.94690e-01,-0.059,0.066
-4.94680e-01,-0.061,0.06
-4.94670e-01,-0.059,0.064
-4.94660e-01,-0.059,0.064
-4.94650e-01,-0.059,0.062
-4.94640e-01,-0.061,0.064
-4.94630e-01,-0.063,0.064
-4.94620e-01,-0.063,0.064
-4.94610e-01,-0.061,0.064
-4.94600e-01,-0.057,0.064
-4.94590e-01,-0.059,0.064
-4.94580e-01,-0.053,0.054
-4.94570e-01,-0.053,0.058
-4.94560e-01,-0.055,0.062
-4.94550e-01,-0.049,0.054
-4.94540e-01,-0.061,0.064
-4.94530e-01,-0.057,0.06
-4.94520e-01,-0.061,0.064
-4.94510e-01,-0.059,0.06
-4.94500e-01,-0.059,0.064
-4.94490e-01,-0.057,0.062
-4.94480e-01,-0.059,0.064
-4.94470e-01,-0.059,0.06
-4.94460e-01,-0.059,0.062
-4.94450e-01,-0.059,0.066
-4.94440e-01,-0.063,0.062
-4.94430e-01,-0.061,0.068
-4.94420e-01,-0.059,0.064
-4.94410e-01,-0.059,0.064
-4.94400e-01,-0.061,0.064
-4.94390e-01,-0.057,0.062
-4.94380e-01,-0.063,0.062
-4.94370e-01,-0.055,0.058
-4.94360e-01,-0.063,0.06
-4.94350e-01,-0.051,0.056
-4.94340e-01,-0.053,0.056
-4.94330e-01,-0.053,0.058
-4.94320e-01,-0.059,0.064
-4.94310e-01,-0.059,0.058
-4.94300e-01,-0.061,0.062
-4.94290e-01,-0.057,0.06
-4.94280e-01,-0.051,0.058
-4.94270e-01,-0.061,0.064
-4.94260e-01,-0.045,0.05
-4.94250e-01,-0.065,0.062
-4.94240e-01,-0.047,0.05
-4.94230e-01,-0.059,0.064
-4.94220e-01,-0.063,0.066
-4.94210e-01,-0.063,0.064
-4.94200e-01,-0.057,0.062
-4.94190e-01,-0.065,0.062
-4.94180e-01,-0.053,0.058
-4.94170e-01,-0.061,0.066
-4.94160e-01,-0.061,0.064
-4.94150e-01,-0.055,0.064
-4.94140e-01,-0.061,0.062
-4.94130e-01,-0.059,0.064
-4.94120e-01,-0.061,0.06
-4.94110e-01,-0.061,0.066
-4.94100e-01,-0.055,0.06
-4.94090e-01,-0.059,0.062
-4.94080e-01,-0.061,0.06
-4.94070e-01,-0.061,0.064
-4.94060e-01,-0.059,0.064
-4.94050e-01,-0.059,0.062
-4.94040e-01,-0.063,0.064
-4.94030e-01,-0.061,0.066
-4.94020e-01,-0.055,0.064
-4.94010e-01,-0.057,0.06
-4.94000e-01,-0.059,0.068
-4.93990e-01,-0.057,0.062
-4.93980e-01,-0.063,0.06
-4.93970e-01,-0.051,0.056
-4.93960e-01,-0.061,0.064
-4.93950e-01,-0.061,0.064
-4.93940e-01,-0.059,0.06
-4.93930e-01,-0.061,0.064
-4.93920e-01,-0.055,0.058
-4.93910e-01,-0.059,0.064
-4.93900e-01,-0.049,0.054
-4.93890e-01,-0.061,0.064
-4.93880e-01,-0.061,0.062
-4.93870e-01,-0.049,0.052
-4.93860e-01,-0.061,0.064
-4.93850e-01,-0.041,0.042
-4.93840e-01,-0.061,0.066
-4.93830e-01,-0.045,0.05
-4.93820e-01,-0.061,0.064
-4.93810e-01,-0.045,0.052
-4.93800e-01,-0.061,0.066
-4.93790e-01,-0.059,0.064
-4.93780e-01,-0.057,0.062
-4.93770e-01,-0.061,0.062
-4.93760e-01,-0.063,0.062
-4.93750e-01,-0.057,0.064
-4.93740e-01,-0.055,0.06
-4.93730e-01,-0.061,0.064
-4.93720e-01,-0.055,0.058
-4.93710e-01,-0.057,0.06
-4.93700e-01,-0.053,0.054
-4.93690e-01,-0.055,0.062
-4.93680e-01,-0.057,0.062
-4.93670e-01,-0.063,0.064
-4.93660e-01,-0.063,0.06
-4.93650e-01,-0.063,0.066
-4.93640e-01,-0.055,0.06
-4.93630e-01,-0.061,0.066
-4.93620e-01,-0.059,0.06
-4.93610e-01,-0.061,0.062
-4.93600e-01,-0.057,0.062
-4.93590e-01,-0.061,0.064
-4.93580e-01,-0.057,0.06
-4.93570e-01,-0.063,0.062
-4.93560e-01,-0.061,0.062
-4.93550e-01,-0.059,0.066
-4.93540e-01,-0.059,0.06
-4.93530e-01,-0.061,0.062
-4.93520e-01,-0.055,0.06
-4.93510e-01,-0.059,0.064
-4.93500e-01,-0.061,0.062
-4.93490e-01,-0.061,0.062
-4.93480e-01,-0.061,0.064
-4.93470e-01,-0.063,0.064
-4.93460e-01,-0.059,0.06
-4.93450e-01,-0.061,0.062
-4.93440e-01,-0.061,0.06
-4.93430e-01,-0.063,0.062
-4.93420e-01,-0.063,0.064
-4.93410e-01,-0.055,0.06
-4.93400e-01,-0.061,0.062
-4.93390e-01,-0.055,0.058
-4.93380e-01,-0.061,0.064
-4.93370e-01,-0.049,0.054
-4.93360e-01,-0.057,0.062
-4.93350e-01,-0.039,0.048
-4.93340e-01,-0.065,0.062
-4.93330e-01,-0.053,0.062
-4.93320e-01,-0.061,0.064
-4.93310e-01,-0.057,0.064
-4.93300e-01,-0.059,0.062
-4.93290e-01,-0.061,0.064
-4.93280e-01,-0.061,0.066
-4.93270e-01,-0.061,0.062
-4.93260e-01,-0.059,0.06
-4.93250e-01,-0.061,0.066
-4.93240e-01,-0.059,0.06
-4.93230e-01,-0.051,0.056
-4.93220e-01,-0.061,0.064
-4.93210e-01,-0.059,0.068
-4.93200e-01,-0.061,0.068
-4.93190e-01,-0.059,0.064
-4.93180e-01,-0.061,0.066
-4.93170e-01,-0.059,0.06
-4.93160e-01,-0.061,0.064
-4.93150e-01,-0.059,0.062
-4.93140e-01,-0.061,0.062
-4.93130e-01,-0.047,0.052
-4.93120e-01,-0.059,0.064
-4.93110e-01,-0.059,0.064
-4.93100e-01,-0.059,0.06
-4.93090e-01,-0.057,0.064
-4.93080e-01,-0.055,0.062
-4.93070e-01,-0.059,0.06
-4.93060e-01,-0.063,0.066
-4.93050e-01,-0.055,0.06
-4.93040e-01,-0.057,0.06
-4.93030e-01,-0.059,0.064
-4.93020e-01,-0.057,0.06
-4.93010e-01,-0.065,0.066
-4.93000e-01,-0.055,0.06
-4.92990e-01,-0.061,0.06
-4.92980e-01,-0.063,0.064
-4.92970e-01,-0.057,0.062
-4.92960e-01,-0.047,0.056
-4.92950e-01,-0.045,0.046
-4.92940e-01,-0.055,0.058
-4.92930e-01,-0.059,0.064
-4.92920e-01,-0.051,0.058
-4.92910e-01,-0.059,0.062
-4.92900e-01,-0.061,0.064
-4.92890e-01,-0.059,0.06
-4.92880e-01,-0.059,0.064
-4.92870e-01,-0.059,0.064
-4.92860e-01,-0.053,0.058
-4.92850e-01,-0.053,0.06
-4.92840e-01,-0.045,0.054
-4.92830e-01,-0.053,0.054
-4.92820e-01,-0.053,0.056
-4.92810e-01,-0.055,0.06
-4.92800e-01,-0.059,0.064
-4.92790e-01,-0.059,0.066
-4.92780e-01,-0.061,0.06
-4.92770e-01,-0.059,0.062
-4.92760e-01,-0.057,0.06
-4.92750e-01,-0.049,0.054
-4.92740e-01,-0.061,0.064
-4.92730e-01,-0.055,0.054
-4.92720e-01,-0.057,0.062
-4.92710e-01,-0.063,0.062
-4.92700e-01,-0.057,0.064
-4.92690e-01,-0.059,0.062
-4.92680e-01,-0.059,0.062
-4.92670e-01,-0.057,0.06
-4.92660e-01,-0.061,0.062
-4.92650e-01,-0.061,0.064
-4.92640e-01,-0.059,0.062
-4.92630e-01,-0.063,0.064
-4.92620e-01,-0.061,0.062
-4.92610e-01,-0.059,0.068
-4.92600e-01,-0.049,0.056
-4.92590e-01,-0.063,0.062
-4.92580e-01,-0.047,0.054
-4.92570e-01,-0.063,0.062
-4.92560e-01,-0.055,0.06
-4.92550e-01,-0.059,0.064
-4.92540e-01,-0.059,0.062
-4.92530e-01,-0.061,0.06
-4.92520e-01,-0.059,0.06
-4.92510e-01,-0.063,0.064
-4.92500e-01,-0.059,0.062
-4.92490e-01,-0.063,0.064
-4.92480e-01,-0.061,0.062
-4.92470e-01,-0.061,0.064
-4.92460e-01,-0.057,0.06
-4.92450e-01,-0.057,0.06
-4.92440e-01,-0.059,0.06
-4.92430e-01,-0.055,0.06
-4.92420e-01,-0.051,0.056
-4.92410e-01,-0.059,0.064
-4.92400e-01,-0.055,0.062
-4.92390e-01,-0.061,0.066
-4.92380e-01,-0.049,0.056
-4.92370e-01,-0.059,0.066
-4.92360e-01,-0.053,0.058
-4.92350e-01,-0.059,0.062
-4.92340e-01,-0.061,0.062
-4.92330e-01,-0.059,0.06
-4.92320e-01,-0.051,0.06
-4.92310e-01,-0.055,0.058
-4.92300e-01,-0.053,0.06
-4.92290e-01,-0.059,0.062
-4.92280e-01,-0.055,0.06
-4.92270e-01,-0.061,0.064
-4.92260e-01,-0.059,0.068
-4.92250e-01,-0.059,0.062
-4.92240e-01,-0.059,0.064
-4.92230e-01,-0.061,0.062
-4.92220e-01,-0.053,0.06
-4.92210e-01,-0.061,0.062
-4.92200e-01,-0.059,0.06
-4.92190e-01,-0.055,0.062
-4.92180e-01,-0.057,0.066
-4.92170e-01,-0.063,0.062
-4.92160e-01,-0.059,0.064
-4.92150e-01,-0.059,0.06
-4.92140e-01,-0.063,0.068
-4.92130e-01,-0.059,0.06
-4.92120e-01,-0.059,0.066
-4.92110e-01,-0.061,0.06
-4.92100e-01,-0.059,0.058
-4.92090e-01,-0.065,0.064
-4.92080e-01,-0.057,0.062
-4.92070e-01,-0.055,0.06
-4.92060e-01,-0.063,0.062
-4.92050e-01,-0.053,0.06
-4.92040e-01,-0.061,0.068
-4.92030e-01,-0.061,0.06
-4.92020e-01,-0.057,0.06
-4.92010e-01,-0.059,0.064
-4.92000e-01,-0.059,0.062
-4.91990e-01,-0.061,0.062
-4.91980e-01,-0.061,0.06
-4.91970e-01,-0.061,0.06
-4.91960e-01,-0.057,0.06
-4.91950e-01,-0.051,0.06
-4.91940e-01,-0.057,0.06
-4.91930e-01,-0.051,0.06
-4.91920e-01,-0.059,0.062
-4.91910e-01,-0.049,0.05
-4.91900e-01,-0.057,0.06
-4.91890e-01,-0.045,0.05
-4.91880e-01,-0.063,0.062
-4.91870e-01,-0.059,0.06
-4.91860e-01,-0.065,0.062
-4.91850e-01,-0.039,0.044
-4.91840e-01,-0.055,0.06
-4.91830e-01,-0.043,0.05
-4.91820e-01,-0.055,0.06
-4.91810e-01,-0.047,0.058
-4.91800e-01,-0.047,0.054
-4.91790e-01,-0.061,0.064
-4.91780e-01,-0.049,0.052
-4.91770e-01,-0.061,0.064
-4.91760e-01,-0.061,0.06
-4.91750e-01,-0.055,0.062
-4.91740e-01,-0.061,0.066
-4.91730e-01,-0.059,0.064
-4.91720e-01,-0.053,0.062
-4.91710e-01,-0.063,0.064
-4.91700e-01,-0.061,0.062
-4.91690e-01,-0.053,0.058
-4.91680e-01,-0.055,0.062
-4.91670e-01,-0.057,0.06
-4.91660e-01,-0.057,0.06
-4.91650e-01,-0.053,0.054
-4.91640e-01,-0.061,0.064
-4.91630e-01,-0.063,0.064
-4.91620e-01,-0.061,0.064
-4.91610e-01,-0.061,0.064
-4.91600e-01,-0.059,0.066
-4.91590e-01,-0.053,0.058
-4.91580e-01,-0.057,0.062
-4.91570e-01,-0.063,0.062
-4.91560e-01,-0.065,0.064
-4.91550e-01,-0.059,0.062
-4.91540e-01,-0.059,0.06
-4.91530e-01,-0.061,0.062
-4.91520e-01,-0.063,0.064
-4.91510e-01,-0.061,0.062
-4.91500e-01,-0.059,0.064
-4.91490e-01,-0.059,0.062
-4.91480e-01,-0.059,0.064
-4.91470e-01,-0.061,0.062
-4.91460e-01,-0.061,0.06
-4.91450e-01,-0.063,0.064
-4.91440e-01,-0.061,0.066
-4.91430e-01,-0.063,0.064
-4.91420e-01,-0.063,0.064
-4.91410e-01,-0.057,0.062
-4.91400e-01,-0.063,0.062
-4.91390e-01,-0.059,0.06
-4.91380e-01,-0.057,0.064
-4.91370e-01,-0.063,0.064
-4.91360e-01,-0.061,0.066
-4.91350e-01,-0.053,0.054
-4.91340e-01,-0.061,0.062
-4.91330e-01,-0.059,0.062
-4.91320e-01,-0.063,0.064
-4.91310e-01,-0.059,0.064
-4.91300e-01,-0.057,0.062
-4.91290e-01,-0.057,0.062
-4.91280e-01,-0.053,0.058
-4.91270e-01,-0.059,0.064
-4.91260e-01,-0.049,0.052
-4.91250e-01,-0.059,0.062
-4.91240e-01,-0.055,0.062
-4.91230e-01,-0.061,0.066
-4.91220e-01,-0.061,0.062
-4.91210e-01,-0.057,0.062
-4.91200e-01,-0.059,0.064
-4.91190e-01,-0.051,0.058
-4.91180e-01,-0.057,0.064
-4.91170e-01,-0.053,0.056
-4.91160e-01,-0.063,0.064
-4.91150e-01,-0.061,0.062
-4.91140e-01,-0.053,0.058
-4.91130e-01,-0.055,0.06
-4.91120e-01,-0.059,0.062
-4.91110e-01,-0.059,0.064
-4.91100e-01,-0.061,0.062
-4.91090e-01,-0.059,0.06
-4.91080e-01,-0.065,0.066
-4.91070e-01,-0.059,0.062
-4.91060e-01,-0.051,0.054
-4.91050e-01,-0.057,0.06
-4.91040e-01,-0.063,0.062
-4.91030e-01,-0.045,0.052
-4.91020e-01,-0.061,0.064
-4.91010e-01,-0.045,0.05
-4.91000e-01,-0.057,0.06
-4.90990e-01,-0.059,0.064
-4.90980e-01,-0.059,0.06
-4.90970e-01,-0.059,0.064
-4.90960e-01,-0.057,0.06
-4.90950e-01,-0.059,0.064
-4.90940e-01,-0.061,0.062
-4.90930e-01,-0.057,0.064
-4.90920e-01,-0.059,0.06
-4.90910e-01,-0.057,0.058
-4.90900e-01,-0.057,0.06
-4.90890e-01,-0.057,0.064
-4.90880e-01,-0.053,0.056
-4.90870e-01,-0.065,0.062
-4.90860e-01,-0.055,0.056
-4.90850e-01,-0.059,0.064
-4.90840e-01,-0.063,0.066
-4.90830e-01,-0.061,0.062
-4.90820e-01,-0.061,0.064
-4.90810e-01,-0.063,0.066
-4.90800e-01,-0.061,0.06
-4.90790e-01,-0.059,0.064
-4.90780e-01,-0.059,0.062
-4.90770e-01,-0.061,0.064
-4.90760e-01,-0.059,0.066
-4.90750e-01,-0.059,0.062
-4.90740e-01,-0.053,0.06
-4.90730e-01,-0.061,0.066
-4.90720e-01,-0.053,0.06
-4.90710e-01,-0.059,0.066
-4.90700e-01,-0.059,0.06
-4.90690e-01,-0.059,0.064
-4.90680e-01,-0.055,0.058
-4.90670e-01,-0.055,0.06
-4.90660e-01,-0.059,0.062
-4.90650e-01,-0.055,0.054
-4.90640e-01,-0.055,0.064
-4.90630e-01,-0.047,0.056
-4.90620e-01,-0.065,0.062
-4.90610e-01,-0.051,0.056
-4.90600e-01,-0.061,0.064
-4.90590e-01,-0.055,0.06
-4.90580e-01,-0.057,0.06
-4.90570e-01,-0.051,0.06
-4.90560e-01,-0.059,0.056
-4.90550e-01,-0.049,0.054
-4.90540e-01,-0.057,0.06
-4.90530e-01,-0.047,0.048
-4.90520e-01,-0.053,0.06
-4.90510e-01,-0.057,0.062
-4.90500e-01,-0.061,0.066
-4.90490e-01,-0.045,0.054
-4.90480e-01,-0.053,0.06
-4.90470e-01,-0.053,0.06
-4.90460e-01,-0.051,0.056
-4.90450e-01,-0.059,0.064
-4.90440e-01,-0.061,0.064
-4.90430e-01,-0.059,0.066
-4.90420e-01,-0.059,0.064
-4.90410e-01,-0.061,0.064
-4.90400e-01,-0.061,0.064
-4.90390e-01,-0.057,0.064
-4.90380e-01,-0.059,0.064
-4.90370e-01,-0.057,0.062
-4.90360e-01,-0.061,0.06
-4.90350e-01,-0.057,0.06
-4.90340e-01,-0.061,0.062
-4.90330e-01,-0.061,0.064
-4.90320e-01,-0.061,0.06
-4.90310e-01,-0.061,0.062
-4.90300e-01,-0.053,0.058
-4.90290e-01,-0.063,0.064
-4.90280e-01,-0.063,0.064
-4.90270e-01,-0.059,0.062
-4.90260e-01,-0.061,0.062
-4.90250e-01,-0.061,0.064
-4.90240e-01,-0.049,0.056
-4.90230e-01,-0.059,0.068
-4.90220e-01,-0.057,0.064
-4.90210e-01,-0.063,0.064
-4.90200e-01,-0.051,0.058
-4.90190e-01,-0.057,0.06
-4.90180e-01,-0.043,0.05
-4.90170e-01,-0.061,0.064
-4.90160e-01,-0.057,0.06
-4.90150e-01,-0.059,0.064
-4.90140e-01,-0.059,0.064
-4.90130e-01,-0.049,0.06
-4.90120e-01,-0.057,0.064
-4.90110e-01,-0.053,0.06
-4.90100e-01,-0.061,0.062
-4.90090e-01,-0.063,0.066
-4.90080e-01,-0.061,0.068
-4.90070e-01,-0.055,0.058
-4.90060e-01,-0.061,0.062
-4.90050e-01,-0.063,0.064
-4.90040e-01,-0.055,0.06
-4.90030e-01,-0.061,0.064
-4.90020e-01,-0.059,0.06
-4.90010e-01,-0.057,0.06
-4.90000e-01,-0.057,0.064
-4.89990e-01,-0.055,0.062
-4.89980e-01,-0.061,0.062
-4.89970e-01,-0.061,0.064
-4.89960e-01,-0.059,0.064
-4.89950e-01,-0.059,0.064
-4.89940e-01,-0.061,0.062
-4.89930e-01,-0.063,0.062
-4.89920e-01,-0.061,0.062
-4.89910e-01,-0.061,0.062
-4.89900e-01,-0.047,0.054
-4.89890e-01,-0.063,0.062
-4.89880e-01,-0.053,0.06
-4.89870e-01,-0.061,0.064
-4.89860e-01,-0.059,0.06
-4.89850e-01,-0.053,0.056
-4.89840e-01,-0.055,0.058
-4.89830e-01,-0.063,0.062
-4.89820e-01,-0.051,0.058
-4.89810e-01,-0.059,0.062
-4.89800e-01,-0.057,0.062
-4.89790e-01,-0.059,0.064
-4.89780e-01,-0.061,0.064
-4.89770e-01,-0.061,0.062
-4.89760e-01,-0.061,0.064
-4.89750e-01,-0.059,0.06
-4.89740e-01,-0.053,0.056
-4.89730e-01,-0.045,0.046
-4.89720e-01,-0.059,0.064
-4.89710e-01,-0.055,0.06
-4.89700e-01,-0.055,0.056
-4.89690e-01,-0.057,0.064
-4.89680e-01,-0.059,0.06
-4.89670e-01,-0.059,0.06
-4.89660e-01,-0.053,0.056
-4.89650e-01,-0.061,0.062
-4.89640e-01,-0.055,0.058
-4.89630e-01,-0.057,0.06
-4.89620e-01,-0.049,0.054
-4.89610e-01,-0.059,0.066
-4.89600e-01,-0.057,0.058
-4.89590e-01,-0.063,0.06
-4.89580e-01,-0.049,0.054
-4.89570e-01,-0.061,0.07
-4.89560e-01,-0.059,0.06
-4.89550e-01,-0.059,0.064
-4.89540e-01,-0.049,0.054
-4.89530e-01,-0.061,0.064
-4.89520e-01,-0.059,0.06
-4.89510e-01,-0.053,0.056
-4.89500e-01,-0.055,0.06
-4.89490e-01,-0.059,0.064
-4.89480e-01,-0.057,0.064
-4.89470e-01,-0.055,0.058
-4.89460e-01,-0.061,0.064
-4.89450e-01,-0.059,0.062
-4.89440e-01,-0.061,0.066
-4.89430e-01,-0.059,0.062
-4.89420e-01,-0.059,0.066
-4.89410e-01,-0.055,0.06
-4.89400e-01,-0.061,0.06
-4.89390e-01,-0.053,0.058
-4.89380e-01,-0.055,0.06
-4.89370e-01,-0.055,0.06
-4.89360e-01,-0.051,0.058
-4.89350e-01,-0.059,0.064
-4.89340e-01,-0.039,0.044
-4.89330e-01,-0.059,0.064
-4.89320e-01,-0.057,0.064
-4.89310e-01,-0.063,0.066
-4.89300e-01,-0.061,0.064
-4.89290e-01,-0.059,0.064
-4.89280e-01,-0.063,0.064
-4.89270e-01,-0.059,0.064
-4.89260e-01,-0.061,0.064
-4.89250e-01,-0.059,0.064
-4.89240e-01,-0.055,0.062
-4.89230e-01,-0.061,0.066
-4.89220e-01,-0.057,0.064
-4.89210e-01,-0.057,0.062
-4.89200e-01,-0.059,0.064
-4.89190e-01,-0.063,0.062
-4.89180e-01,-0.059,0.06
-4.89170e-01,-0.061,0.062
-4.89160e-01,-0.061,0.064
-4.89150e-01,-0.055,0.058
-4.89140e-01,-0.063,0.064
-4.89130e-01,-0.061,0.062
-4.89120e-01,-0.055,0.06
-4.89110e-01,-0.061,0.062
-4.89100e-01,-0.059,0.062
-4.89090e-01,-0.061,0.066
-4.89080e-01,-0.055,0.062
-4.89070e-01,-0.063,0.064
-4.89060e-01,-0.055,0.06
-4.89050e-01,-0.063,0.062
-4.89040e-01,-0.057,0.058
-4.89030e-01,-0.051,0.058
-4.89020e-01,-0.049,0.054
-4.89010e-01,-0.061,0.064
-4.89000e-01,-0.057,0.06
-4.88990e-01,-0.059,0.064
-4.88980e-01,-0.055,0.058
-4.88970e-01,-0.057,0.06
-4.88960e-01,-0.053,0.058
-4.88950e-01,-0.053,0.058
-4.88940e-01,-0.049,0.056
-4.88930e-01,-0.049,0.056
-4.88920e-01,-0.047,0.054
-4.88910e-01,-0.055,0.062
-4.88900e-01,-0.059,0.06
-4.88890e-01,-0.057,0.064
-4.88880e-01,-0.057,0.06
-4.88870e-01,-0.059,0.064
-4.88860e-01,-0.057,0.062
-4.88850e-01,-0.059,0.062
-4.88840e-01,-0.061,0.062
-4.88830e-01,-0.059,0.066
-4.88820e-01,-0.061,0.062
-4.88810e-01,-0.061,0.064
-4.88800e-01,-0.059,0.06
-4.88790e-01,-0.061,0.066
-4.88780e-01,-0.063,0.064
-4.88770e-01,-0.055,0.062
-4.88760e-01,-0.059,0.064
-4.88750e-01,-0.055,0.06
-4.88740e-01,-0.063,0.062
-4.88730e-01,-0.055,0.064
-4.88720e-01,-0.057,0.06
-4.88710e-01,-0.061,0.06
-4.88700e-01,-0.061,0.062
-4.88690e-01,-0.061,0.066
-4.88680e-01,-0.059,0.064
-4.88670e-01,-0.061,0.062
-4.88660e-01,-0.063,0.06
-4.88650e-01,-0.059,0.068
-4.88640e-01,-0.055,0.06
-4.88630e-01,-0.065,0.062
-4.88620e-01,-0.049,0.056
-4.88610e-01,-0.061,0.066
-4.88600e-01,-0.057,0.06
-4.88590e-01,-0.055,0.062
-4.88580e-01,-0.059,0.062
-4.88570e-01,-0.051,0.056
-4.88560e-01,-0.057,0.06
-4.88550e-01,-0.055,0.06
-4.88540e-01,-0.057,0.062
-4.88530e-01,-0.043,0.05
-4.88520e-01,-0.063,0.066
-4.88510e-01,-0.057,0.064
-4.88500e-01,-0.061,0.062
-4.88490e-01,-0.057,0.058
-4.88480e-01,-0.063,0.062
-4.88470e-01,-0.059,0.06
-4.88460e-01,-0.061,0.062
-4.88450e-01,-0.061,0.064
-4.88440e-01,-0.053,0.056
-4.88430e-01,-0.063,0.062
-4.88420e-01,-0.051,0.058
-4.88410e-01,-0.053,0.062
-4.88400e-01,-0.057,0.06
-4.88390e-01,-0.051,0.054
-4.88380e-01,-0.057,0.064
-4.88370e-01,-0.055,0.056
-4.88360e-01,-0.063,0.064
-4.88350e-01,-0.061,0.064
-4.88340e-01,-0.059,0.062
-4.88330e-01,-0.061,0.062
-4.88320e-01,-0.055,0.062
-4.88310e-01,-0.057,0.062
-4.88300e-01,-0.057,0.06
-4.88290e-01,-0.053,0.06
-4.88280e-01,-0.051,0.058
-4.88270e-01,-0.055,0.058
-4.88260e-01,-0.055,0.06
-4.88250e-01,-0.063,0.064
-4.88240e-01,-0.061,0.064
-4.88230e-01,-0.063,0.062
-4.88220e-01,-0.059,0.064
-4.88210e-01,-0.061,0.064
-4.88200e-01,-0.049,0.056
-4.88190e-01,-0.061,0.062
-4.88180e-01,-0.059,0.062
-4.88170e-01,-0.059,0.068
-4.88160e-01,-0.053,0.06
-4.88150e-01,-0.055,0.062
-4.88140e-01,-0.065,0.066
-4.88130e-01,-0.059,0.06
-4.88120e-01,-0.061,0.064
-4.88110e-01,-0.057,0.06
-4.88100e-01,-0.063,0.064
-4.88090e-01,-0.059,0.06
-4.88080e-01,-0.063,0.064
-4.88070e-01,-0.061,0.06
-4.88060e-01,-0.059,0.064
-4.88050e-01,-0.061,0.06
-4.88040e-01,-0.061,0.064
-4.88030e-01,-0.047,0.054
-4.88020e-01,-0.059,0.062
-4.88010e-01,-0.057,0.06
-4.88000e-01,-0.051,0.058
-4.87990e-01,-0.059,0.064
-4.87980e-01,-0.055,0.06
-4.87970e-01,-0.061,0.062
-4.87960e-01,-0.063,0.064
-4.87950e-01,-0.051,0.054
-4.87940e-01,-0.055,0.062
-4.87930e-01,-0.051,0.054
-4.87920e-01,-0.059,0.064
-4.87910e-01,-0.061,0.062
-4.87900e-01,-0.061,0.064
-4.87890e-01,-0.061,0.062
-4.87880e-01,-0.063,0.064
-4.87870e-01,-0.055,0.062
-4.87860e-01,-0.061,0.062
-4.87850e-01,-0.057,0.064
-4.87840e-01,-0.059,0.062
-4.87830e-01,-0.057,0.064
-4.87820e-01,-0.065,0.064
-4.87810e-01,-0.049,0.052
-4.87800e-01,-0.059,0.066
-4.87790e-01,-0.043,0.05
-4.87780e-01,-0.059,0.064
-4.87770e-01,-0.063,0.064
-4.87760e-01,-0.059,0.06
-4.87750e-01,-0.061,0.066
-4.87740e-01,-0.055,0.056
-4.87730e-01,-0.061,0.066
-4.87720e-01,-0.049,0.052
-4.87710e-01,-0.059,0.066
-4.87700e-01,-0.057,0.058
-4.87690e-01,-0.057,0.06
-4.87680e-01,-0.061,0.062
-4.87670e-01,-0.053,0.058
-4.87660e-01,-0.061,0.064
-4.87650e-01,-0.059,0.06
-4.87640e-01,-0.055,0.06
-4.87630e-01,-0.059,0.064
-4.87620e-01,-0.063,0.062
-4.87610e-01,-0.065,0.066
-4.87600e-01,-0.059,0.06
-4.87590e-01,-0.061,0.068
-4.87580e-01,-0.063,0.068
-4.87570e-01,-0.055,0.06
-4.87560e-01,-0.061,0.064
-4.87550e-01,-0.051,0.056
-4.87540e-01,-0.059,0.066
-4.87530e-01,-0.061,0.064
-4.87520e-01,-0.049,0.056
-4.87510e-01,-0.059,0.062
-4.87500e-01,-0.057,0.06
-4.87490e-01,-0.057,0.062
-4.87480e-01,-0.053,0.058
-4.87470e-01,-0.057,0.06
-4.87460e-01,-0.059,0.062
-4.87450e-01,-0.057,0.062
-4.87440e-01,-0.061,0.062
-4.87430e-01,-0.055,0.06
-4.87420e-01,-0.061,0.062
-4.87410e-01,-0.059,0.064
-4.87400e-01,-0.055,0.06
-4.87390e-01,-0.061,0.06
-4.87380e-01,-0.059,0.06
-4.87370e-01,-0.059,0.06
-4.87360e-01,-0.061,0.064
-4.87350e-01,-0.061,0.062
-4.87340e-01,-0.063,0.062
-4.87330e-01,-0.061,0.062
-4.87320e-01,-0.061,0.064
-4.87310e-01,-0.057,0.062
-4.87300e-01,-0.059,0.062
-4.87290e-01,-0.061,0.066
-4.87280e-01,-0.059,0.06
-4.87270e-01,-0.057,0.06
-4.87260e-01,-0.061,0.062
-4.87250e-01,-0.053,0.06
-4.87240e-01,-0.055,0.06
-4.87230e-01,-0.053,0.054
-4.87220e-01,-0.057,0.064
-4.87210e-01,-0.047,0.052
-4.87200e-01,-0.059,0.064
-4.87190e-01,-0.061,0.066
-4.87180e-01,-0.053,0.06
-4.87170e-01,-0.059,0.064
-4.87160e-01,-0.057,0.06
-4.87150e-01,-0.063,0.06
-4.87140e-01,-0.047,0.058
-4.87130e-01,-0.059,0.06
-4.87120e-01,-0.061,0.06
-4.87110e-01,-0.047,0.054
-4.87100e-01,-0.057,0.06
-4.87090e-01,-0.049,0.052
-4.87080e-01,-0.057,0.064
-4.87070e-01,-0.061,0.062
-4.87060e-01,-0.061,0.064
-4.87050e-01,-0.059,0.062
-4.87040e-01,-0.063,0.066
-4.87030e-01,-0.057,0.062
-4.87020e-01,-0.059,0.064
-4.87010e-01,-0.051,0.058
-4.87000e-01,-0.057,0.062
-4.86990e-01,-0.061,0.064
-4.86980e-01,-0.061,0.064
-4.86970e-01,-0.063,0.064
-4.86960e-01,-0.063,0.066
-4.86950e-01,-0.057,0.062
-4.86940e-01,-0.057,0.062
-4.86930e-01,-0.063,0.066
-4.86920e-01,-0.057,0.062
-4.86910e-01,-0.061,0.068
-4.86900e-01,-0.057,0.064
-4.86890e-01,-0.063,0.064
-4.86880e-01,-0.047,0.05
-4.86870e-01,-0.059,0.064
-4.86860e-01,-0.059,0.06
-4.86850e-01,-0.057,0.06
-4.86840e-01,-0.055,0.06
-4.86830e-01,-0.061,0.066
-4.86820e-01,-0.057,0.064
-4.86810e-01,-0.057,0.058
-4.86800e-01,-0.061,0.062
-4.86790e-01,-0.055,0.064
-4.86780e-01,-0.059,0.066
-4.86770e-01,-0.059,0.062
-4.86760e-01,-0.061,0.062
-4.86750e-01,-0.047,0.056
-4.86740e-01,-0.059,0.064
-4.86730e-01,-0.063,0.062
-4.86720e-01,-0.061,0.064
-4.86710e-01,-0.055,0.062
-4.86700e-01,-0.063,0.064
-4.86690e-01,-0.061,0.062
-4.86680e-01,-0.063,0.066
-4.86670e-01,-0.059,0.06
-4.86660e-01,-0.055,0.056
-4.86650e-01,-0.057,0.06
-4.86640e-01,-0.045,0.048
-4.86630e-01,-0.061,0.064
-4.86620e-01,-0.061,0.06
-4.86610e-01,-0.057,0.062
-4.86600e-01,-0.057,0.058
-4.86590e-01,-0.063,0.06
-4.86580e-01,-0.057,0.062
-4.86570e-01,-0.059,0.06
-4.86560e-01,-0.055,0.058
-4.86550e-01,-0.063,0.064
-4.86540e-01,-0.049,0.056
-4.86530e-01,-0.065,0.066
-4.86520e-01,-0.053,0.06
-4.86510e-01,-0.063,0.062
-4.86500e-01,-0.063,0.066
-4.86490e-01,-0.061,0.062
-4.86480e-01,-0.053,0.058
-4.86470e-01,-0.061,0.06
-4.86460e-01,-0.059,0.064
-4.86450e-01,-0.059,0.064
-4.86440e-01,-0.057,0.064
-4.86430e-01,-0.055,0.06
-4.86420e-01,-0.059,0.062
-4.86410e-01,-0.059,0.06
-4.86400e-01,-0.057,0.062
-4.86390e-01,-0.061,0.062
-4.86380e-01,-0.055,0.06
-4.86370e-01,-0.065,0.062
-4.86360e-01,-0.059,0.06
-4.86350e-01,-0.061,0.064
-4.86340e-01,-0.061,0.064
-4.86330e-01,-0.063,0.064
-4.86320e-01,-0.055,0.06
-4.86310e-01,-0.061,0.06
-4.86300e-01,-0.063,0.064
-4.86290e-01,-0.055,0.06
-4.86280e-01,-0.057,0.06
-4.86270e-01,-0.059,0.062
-4.86260e-01,-0.053,0.058
-4.86250e-01,-0.063,0.064
-4.86240e-01,-0.059,0.062
-4.86230e-01,-0.051,0.06
-4.86220e-01,-0.059,0.06
-4.86210e-01,-0.057,0.06
-4.86200e-01,-0.063,0.064
-4.86190e-01,-0.059,0.062
-4.86180e-01,-0.061,0.064
-4.86170e-01,-0.059,0.062
-4.86160e-01,-0.061,0.064
-4.86150e-01,-0.055,0.064
-4.86140e-01,-0.061,0.062
-4.86130e-01,-0.061,0.066
-4.86120e-01,-0.061,0.064
-4.86110e-01,-0.057,0.062
-4.86100e-01,-0.059,0.066
-4.86090e-01,-0.059,0.064
-4.86080e-01,-0.055,0.06
-4.86070e-01,-0.057,0.064
-4.86060e-01,-0.059,0.066
-4.86050e-01,-0.063,0.064
-4.86040e-01,-0.057,0.06
-4.86030e-01,-0.063,0.064
-4.86020e-01,-0.057,0.058
-4.86010e-01,-0.059,0.064
-4.86000e-01,-0.057,0.066
-4.85990e-01,-0.047,0.056
-4.85980e-01,-0.063,0.064
-4.85970e-01,-0.059,0.064
-4.85960e-01,-0.059,0.064
-4.85950e-01,-0.063,0.062
-4.85940e-01,-0.061,0.064
-4.85930e-01,-0.057,0.064
-4.85920e-01,-0.057,0.06
-4.85910e-01,-0.061,0.06
-4.85900e-01,-0.057,0.06
-4.85890e-01,-0.061,0.064
-4.85880e-01,-0.049,0.056
-4.85870e-01,-0.055,0.058
-4.85860e-01,-0.061,0.062
-4.85850e-01,-0.057,0.064
-4.85840e-01,-0.057,0.06
-4.85830e-01,-0.059,0.06
-4.85820e-01,-0.061,0.066
-4.85810e-01,-0.051,0.054
-4.85800e-01,-0.059,0.062
-4.85790e-01,-0.059,0.062
-4.85780e-01,-0.063,0.062
-4.85770e-01,-0.061,0.062
-4.85760e-01,-0.049,0.058
-4.85750e-01,-0.063,0.064
-4.85740e-01,-0.063,0.066
-4.85730e-01,-0.059,0.06
-4.85720e-01,-0.055,0.068
-4.85710e-01,-0.061,0.064
-4.85700e-01,-0.059,0.062
-4.85690e-01,-0.065,0.064
-4.85680e-01,-0.061,0.062
-4.85670e-01,-0.061,0.068
-4.85660e-01,-0.057,0.06
-4.85650e-01,-0.053,0.058
-4.85640e-01,-0.059,0.064
-4.85630e-01,-0.053,0.056
-4.85620e-01,-0.061,0.064
-4.85610e-01,-0.055,0.058
-4.85600e-01,-0.057,0.06
-4.85590e-01,-0.049,0.054
-4.85580e-01,-0.059,0.062
-4.85570e-01,-0.053,0.06
-4.85560e-01,-0.061,0.064
-4.85550e-01,-0.055,0.06
-4.85540e-01,-0.057,0.06
-4.85530e-01,-0.057,0.06
-4.85520e-01,-0.055,0.058
-4.85510e-01,-0.061,0.064
-4.85500e-01,-0.053,0.058
-4.85490e-01,-0.053,0.058
-4.85480e-01,-0.051,0.056
-4.85470e-01,-0.055,0.06
-4.85460e-01,-0.061,0.062
-4.85450e-01,-0.063,0.066
-4.85440e-01,-0.059,0.064
-4.85430e-01,-0.061,0.064
-4.85420e-01,-0.059,0.062
-4.85410e-01,-0.059,0.06
-4.85400e-01,-0.059,0.064
-4.85390e-01,-0.057,0.062
-4.85380e-01,-0.061,0.066
-4.85370e-01,-0.053,0.058
-4.85360e-01,-0.061,0.066
-4.85350e-01,-0.051,0.06
-4.85340e-01,-0.059,0.064
-4.85330e-01,-0.063,0.064
-4.85320e-01,-0.053,0.06
-4.85310e-01,-0.059,0.062
-4.85300e-01,-0.063,0.066
-4.85290e-01,-0.061,0.062
-4.85280e-01,-0.057,0.06
-4.85270e-01,-0.047,0.05
-4.85260e-01,-0.053,0.058
-4.85250e-01,-0.043,0.048
-4.85240e-01,-0.041,0.044
-4.85230e-01,-0.033,0.034
-4.85220e-01,-0.057,0.06
-4.85210e-01,-0.057,0.062
-4.85200e-01,-0.063,0.066
-4.85190e-01,-0.055,0.06
-4.85180e-01,-0.061,0.064
-4.85170e-01,-0.059,0.064
-4.85160e-01,-0.059,0.064
-4.85150e-01,-0.055,0.062
-4.85140e-01,-0.061,0.064
-4.85130e-01,-0.059,0.064
-4.85120e-01,-0.061,0.06
-4.85110e-01,-0.065,0.064
-4.85100e-01,-0.059,0.062
-4.85090e-01,-0.061,0.062
-4.85080e-01,-0.061,0.06
-4.85070e-01,-0.057,0.062
-4.85060e-01,-0.057,0.066
-4.85050e-01,-0.059,0.06
-4.85040e-01,-0.061,0.064
-4.85030e-01,-0.061,0.062
-4.85020e-01,-0.063,0.064
-4.85010e-01,-0.057,0.062
-4.85000e-01,-0.063,0.062
-4.84990e-01,-0.059,0.066
-4.84980e-01,-0.059,0.062
-4.84970e-01,-0.057,0.062
-4.84960e-01,-0.057,0.062
-4.84950e-01,-0.059,0.06
-4.84940e-01,-0.055,0.056
-4.84930e-01,-0.063,0.062
-4.84920e-01,-0.061,0.066
-4.84910e-01,-0.061,0.062
-4.84900e-01,-0.061,0.062
-4.84890e-01,-0.047,0.056
-4.84880e-01,-0.057,0.06
-4.84870e-01,-0.053,0.056
-4.84860e-01,-0.059,0.06
-4.84850e-01,-0.061,0.064
-4.84840e-01,-0.061,0.062
-4.84830e-01,-0.061,0.062
-4.84820e-01,-0.061,0.064
-4.84810e-01,-0.067,0.064
-4.84800e-01,-0.059,0.064
-4.84790e-01,-0.059,0.066
-4.84780e-01,-0.061,0.064
-4.84770e-01,-0.057,0.06
-4.84760e-01,-0.059,0.062
-4.84750e-01,-0.047,0.048
-4.84740e-01,-0.059,0.062
-4.84730e-01,-0.055,0.056
-4.84720e-01,-0.051,0.056
-4.84710e-01,-0.047,0.052
-4.84700e-01,-0.057,0.06
-4.84690e-01,-0.061,0.062
-4.84680e-01,-0.059,0.062
-4.84670e-01,-0.057,0.062
-4.84660e-01,-0.059,0.06
-4.84650e-01,-0.051,0.06
-4.84640e-01,-0.057,0.064
-4.84630e-01,-0.051,0.056
-4.84620e-01,-0.043,0.052
-4.84610e-01,-0.051,0.056
-4.84600e-01,-0.053,0.058
-4.84590e-01,-0.053,0.06
-4.84580e-01,-0.059,0.064
-4.84570e-01,-0.061,0.064
-4.84560e-01,-0.055,0.06
-4.84550e-01,-0.059,0.064
-4.84540e-01,-0.053,0.058
-4.84530e-01,-0.057,0.062
-4.84520e-01,-0.061,0.064
-4.84510e-01,-0.059,0.062
-4.84500e-01,-0.053,0.062
-4.84490e-01,-0.063,0.064
-4.84480e-01,-0.061,0.062
-4.84470e-01,-0.055,0.064
-4.84460e-01,-0.055,0.06
-4.84450e-01,-0.061,0.064
-4.84440e-01,-0.059,0.066
-4.84430e-01,-0.063,0.064
-4.84420e-01,-0.057,0.062
-4.84410e-01,-0.059,0.062
-4.84400e-01,-0.061,0.062
-4.84390e-01,-0.057,0.06
-4.84380e-01,-0.061,0.062
-4.84370e-01,-0.051,0.054
-4.84360e-01,-0.061,0.064
-4.84350e-01,-0.055,0.06
-4.84340e-01,-0.061,0.062
-4.84330e-01,-0.053,0.058
-4.84320e-01,-0.059,0.062
-4.84310e-01,-0.055,0.06
-4.84300e-01,-0.057,0.064
-4.84290e-01,-0.051,0.06
-4.84280e-01,-0.051,0.056
-4.84270e-01,-0.059,0.062
-4.84260e-01,-0.061,0.062
-4.84250e-01,-0.063,0.062
-4.84240e-01,-0.059,0.064
-4.84230e-01,-0.055,0.06
-4.84220e-01,-0.059,0.06
-4.84210e-01,-0.053,0.058
-4.84200e-01,-0.059,0.062
-4.84190e-01,-0.063,0.06
-4.84180e-01,-0.061,0.062
-4.84170e-01,-0.061,0.064
-4.84160e-01,-0.057,0.06
-4.84150e-01,-0.057,0.066
-4.84140e-01,-0.059,0.064
-4.84130e-01,-0.061,0.062
-4.84120e-01,-0.059,0.068
-4.84110e-01,-0.059,0.066
-4.84100e-01,-0.057,0.06
-4.84090e-01,-0.061,0.064
-4.84080e-01,-0.061,0.064
-4.84070e-01,-0.059,0.062
-4.84060e-01,-0.061,0.062
-4.84050e-01,-0.059,0.06
-4.84040e-01,-0.061,0.064
-4.84030e-01,-0.063,0.064
-4.84020e-01,-0.061,0.06
-4.84010e-01,-0.057,0.062
-4.84000e-01,-0.059,0.062
-4.83990e-01,-0.047,0.05
-4.83980e-01,-0.059,0.062
-4.83970e-01,-0.055,0.06
-4.83960e-01,-0.057,0.064
-4.83950e-01,-0.061,0.064
-4.83940e-01,-0.059,0.064
-4.83930e-01,-0.059,0.062
-4.83920e-01,-0.057,0.062
-4.83910e-01,-0.059,0.062
-4.83900e-01,-0.063,0.064
-4.83890e-01,-0.059,0.064
-4.83880e-01,-0.061,0.062
-4.83870e-01,-0.059,0.066
-4.83860e-01,-0.063,0.062
-4.83850e-01,-0.061,0.066
-4.83840e-01,-0.061,0.066
-4.83830e-01,-0.063,0.062
-4.83820e-01,-0.059,0.064
-4.83810e-01,-0.063,0.064
-4.83800e-01,-0.059,0.062
-4.83790e-01,-0.061,0.064
-4.83780e-01,-0.053,0.06
-4.83770e-01,-0.049,0.058
-4.83760e-01,-0.059,0.064
-4.83750e-01,-0.055,0.06
-4.83740e-01,-0.059,0.062
-4.83730e-01,-0.055,0.062
-4.83720e-01,-0.061,0.066
-4.83710e-01,-0.061,0.064
-4.83700e-01,-0.059,0.066
-4.83690e-01,-0.061,0.064
-4.83680e-01,-0.059,0.064
-4.83670e-01,-0.059,0.062
-4.83660e-01,-0.059,0.064
-4.83650e-01,-0.063,0.064
-4.83640e-01,-0.061,0.064
-4.83630e-01,-0.055,0.06
-4.83620e-01,-0.059,0.064
-4.83610e-01,-0.055,0.062
-4.83600e-01,-0.057,0.062
-4.83590e-01,-0.059,0.064
-4.83580e-01,-0.059,0.06
-4.83570e-01,-0.061,0.062
-4.83560e-01,-0.059,0.062
-4.83550e-01,-0.063,0.064
-4.83540e-01,-0.059,0.062
-4.83530e-01,-0.061,0.062
-4.83520e-01,-0.055,0.06
-4.83510e-01,-0.061,0.064
-4.83500e-01,-0.051,0.06
-4.83490e-01,-0.059,0.062
-4.83480e-01,-0.053,0.056
-4.83470e-01,-0.061,0.066
-4.83460e-01,-0.059,0.06
-4.83450e-01,-0.061,0.064
-4.83440e-01,-0.061,0.064
-4.83430e-01,-0.057,0.06
-4.83420e-01,-0.063,0.062
-4.83410e-01,-0.057,0.06
-4.83400e-01,-0.057,0.064
-4.83390e-01,-0.061,0.06
-4.83380e-01,-0.059,0.062
-4.83370e-01,-0.055,0.06
-4.83360e-01,-0.049,0.06
-4.83350e-01,-0.059,0.066
-4.83340e-01,-0.059,0.06
-4.83330e-01,-0.055,0.06
-4.83320e-01,-0.057,0.06
-4.83310e-01,-0.051,0.06
-4.83300e-01,-0.053,0.058
-4.83290e-01,-0.061,0.062
-4.83280e-01,-0.059,0.062
-4.83270e-01,-0.059,0.066
-4.83260e-01,-0.063,0.064
-4.83250e-01,-0.059,0.064
-4.83240e-01,-0.057,0.06
-4.83230e-01,-0.059,0.06
-4.83220e-01,-0.063,0.062
-4.83210e-01,-0.059,0.064
-4.83200e-01,-0.059,0.068
-4.83190e-01,-0.063,0.062
-4.83180e-01,-0.063,0.062
-4.83170e-01,-0.055,0.064
-4.83160e-01,-0.061,0.066
-4.83150e-01,-0.059,0.06
-4.83140e-01,-0.057,0.06
-4.83130e-01,-0.059,0.064
-4.83120e-01,-0.061,0.064
-4.83110e-01,-0.063,0.064
-4.83100e-01,-0.059,0.064
-4.83090e-01,-0.057,0.062
-4.83080e-01,-0.063,0.062
-4.83070e-01,-0.059,0.066
-4.83060e-01,-0.061,0.068
-4.83050e-01,-0.061,0.064
-4.83040e-01,-0.055,0.062
-4.83030e-01,-0.053,0.058
-4.83020e-01,-0.059,0.066
-4.83010e-01,-0.057,0.06
-4.83000e-01,-0.065,0.066
-4.82990e-01,-0.059,0.06
-4.82980e-01,-0.059,0.06
-4.82970e-01,-0.057,0.064
-4.82960e-01,-0.061,0.062
-4.82950e-01,-0.051,0.052
-4.82940e-01,-0.057,0.06
-4.82930e-01,-0.061,0.064
-4.82920e-01,-0.059,0.064
-4.82910e-01,-0.063,0.066
-4.82900e-01,-0.059,0.06
-4.82890e-01,-0.061,0.064
-4.82880e-01,-0.055,0.06
-4.82870e-01,-0.055,0.06
-4.82860e-01,-0.055,0.056
-4.82850e-01,-0.063,0.064
-4.82840e-01,-0.059,0.062
-4.82830e-01,-0.061,0.062
-4.82820e-01,-0.065,0.064
-4.82810e-01,-0.059,0.06
-4.82800e-01,-0.057,0.066
-4.82790e-01,-0.053,0.06
-4.82780e-01,-0.061,0.064
-4.82770e-01,-0.051,0.056
-4.82760e-01,-0.059,0.062
-4.82750e-01,-0.045,0.048
-4.82740e-01,-0.045,0.056
-4.82730e-01,-0.059,0.06
-4.82720e-01,-0.063,0.068
-4.82710e-01,-0.057,0.06
-4.82700e-01,-0.059,0.06
-4.82690e-01,-0.063,0.064
-4.82680e-01,-0.061,0.064
-4.82670e-01,-0.063,0.066
-4.82660e-01,-0.061,0.064
-4.82650e-01,-0.059,0.066
-4.82640e-01,-0.059,0.062
-4.82630e-01,-0.061,0.064
-4.82620e-01,-0.059,0.062
-4.82610e-01,-0.061,0.064
-4.82600e-01,-0.059,0.06
-4.82590e-01,-0.059,0.062
-4.82580e-01,-0.059,0.066
-4.82570e-01,-0.063,0.066
-4.82560e-01,-0.063,0.064
-4.82550e-01,-0.063,0.06
-4.82540e-01,-0.057,0.062
-4.82530e-01,-0.055,0.058
-4.82520e-01,-0.055,0.06
-4.82510e-01,-0.061,0.06
-4.82500e-01,-0.061,0.062
-4.82490e-01,-0.059,0.062
-4.82480e-01,-0.061,0.062
-4.82470e-01,-0.057,0.062
-4.82460e-01,-0.059,0.064
-4.82450e-01,-0.057,0.062
-4.82440e-01,-0.057,0.06
-4.82430e-01,-0.047,0.054
-4.82420e-01,-0.055,0.06
-4.82410e-01,-0.057,0.06
-4.82400e-01,-0.055,0.06
-4.82390e-01,-0.057,0.06
-4.82380e-01,-0.061,0.064
-4.82370e-01,-0.053,0.06
-4.82360e-01,-0.061,0.062
-4.82350e-01,-0.061,0.066
-4.82340e-01,-0.051,0.056
-4.82330e-01,-0.055,0.06
-4.82320e-01,-0.061,0.068
-4.82310e-01,-0.061,0.066
-4.82300e-01,-0.057,0.064
-4.82290e-01,-0.059,0.062
-4.82280e-01,-0.063,0.066
-4.82270e-01,-0.059,0.064
-4.82260e-01,-0.059,0.066
-4.82250e-01,-0.059,0.064
-4.82240e-01,-0.059,0.062
-4.82230e-01,-0.059,0.066
-4.82220e-01,-0.059,0.066
-4.82210e-01,-0.061,0.066
-4.82200e-01,-0.057,0.062
-4.82190e-01,-0.061,0.062
-4.82180e-01,-0.059,0.064
-4.82170e-01,-0.057,0.06
-4.82160e-01,-0.061,0.066
-4.82150e-01,-0.061,0.064
-4.82140e-01,-0.063,0.062
-4.82130e-01,-0.061,0.064
-4.82120e-01,-0.061,0.062
-4.82110e-01,-0.061,0.064
-4.82100e-01,-0.061,0.066
-4.82090e-01,-0.063,0.066
-4.82080e-01,-0.057,0.062
-4.82070e-01,-0.059,0.064
-4.82060e-01,-0.061,0.064
-4.82050e-01,-0.051,0.056
-4.82040e-01,-0.061,0.064
-4.82030e-01,-0.055,0.058
-4.82020e-01,-0.057,0.06
-4.82010e-01,-0.051,0.06
-4.82000e-01,-0.059,0.062
-4.81990e-01,-0.057,0.06
-4.81980e-01,-0.059,0.064
-4.81970e-01,-0.063,0.066
-4.81960e-01,-0.061,0.064
-4.81950e-01,-0.063,0.062
-4.81940e-01,-0.061,0.066
-4.81930e-01,-0.063,0.062
-4.81920e-01,-0.059,0.06
-4.81910e-01,-0.055,0.062
-4.81900e-01,-0.057,0.06
-4.81890e-01,-0.057,0.062
-4.81880e-01,-0.049,0.058
-4.81870e-01,-0.049,0.056
-4.81860e-01,-0.047,0.058
-4.81850e-01,-0.049,0.054
-4.81840e-01,-0.057,0.06
-4.81830e-01,-0.059,0.062
-4.81820e-01,-0.059,0.062
-4.81810e-01,-0.063,0.064
-4.81800e-01,-0.061,0.062
-4.81790e-01,-0.055,0.06
-4.81780e-01,-0.059,0.064
-4.81770e-01,-0.061,0.062
-4.81760e-01,-0.057,0.06
-4.81750e-01,-0.059,0.06
-4.81740e-01,-0.061,0.068
-4.81730e-01,-0.055,0.06
-4.81720e-01,-0.059,0.066
-4.81710e-01,-0.059,0.064
-4.81700e-01,-0.061,0.062
-4.81690e-01,-0.057,0.062
-4.81680e-01,-0.057,0.06
-4.81670e-01,-0.061,0.064
-4.81660e-01,-0.049,0.056
-4.81650e-01,-0.049,0.052
-4.81640e-01,-0.055,0.056
-4.81630e-01,-0.059,0.062
-4.81620e-01,-0.059,0.06
-4.81610e-01,-0.061,0.064
-4.81600e-01,-0.063,0.066
-4.81590e-01,-0.059,0.064
-4.81580e-01,-0.061,0.064
-4.81570e-01,-0.059,0.064
-4.81560e-01,-0.061,0.064
-4.81550e-01,-0.057,0.064
-4.81540e-01,-0.061,0.06
-4.81530e-01,-0.065,0.064
-4.81520e-01,-0.063,0.064
-4.81510e-01,-0.061,0.06
-4.81500e-01,-0.061,0.062
-4.81490e-01,-0.059,0.064
-4.81480e-01,-0.055,0.06
-4.81470e-01,-0.055,0.056
-4.81460e-01,-0.059,0.06
-4.81450e-01,-0.059,0.06
-4.81440e-01,-0.061,0.062
-4.81430e-01,-0.059,0.064
-4.81420e-01,-0.057,0.064
-4.81410e-01,-0.059,0.062
-4.81400e-01,-0.061,0.064
-4.81390e-01,-0.061,0.066
-4.81380e-01,-0.061,0.066
-4.81370e-01,-0.059,0.064
-4.81360e-01,-0.059,0.064
-4.81350e-01,-0.057,0.062
-4.81340e-01,-0.061,0.062
-4.81330e-01,-0.057,0.064
-4.81320e-01,-0.063,0.064
-4.81310e-01,-0.055,0.06
-4.81300e-01,-0.063,0.066
-4.81290e-01,-0.055,0.06
-4.81280e-01,-0.045,0.05
-4.81270e-01,-0.059,0.062
-4.81260e-01,-0.063,0.064
-4.81250e-01,-0.059,0.064
-4.81240e-01,-0.065,0.064
-4.81230e-01,-0.059,0.062
-4.81220e-01,-0.059,0.064
-4.81210e-01,-0.061,0.064
-4.81200e-01,-0.059,0.06
-4.81190e-01,-0.059,0.062
-4.81180e-01,-0.057,0.06
-4.81170e-01,-0.059,0.06
-4.81160e-01,-0.055,0.06
-4.81150e-01,-0.057,0.062
-4.81140e-01,-0.057,0.06
-4.81130e-01,-0.061,0.066
-4.81120e-01,-0.057,0.062
-4.81110e-01,-0.055,0.06
-4.81100e-01,-0.051,0.056
-4.81090e-01,-0.059,0.064
-4.81080e-01,-0.061,0.06
-4.81070e-01,-0.057,0.058
-4.81060e-01,-0.049,0.054
-4.81050e-01,-0.043,0.048
-4.81040e-01,-0.051,0.052
-4.81030e-01,-0.061,0.062
-4.81020e-01,-0.061,0.066
-4.81010e-01,-0.057,0.064
-4.81000e-01,-0.061,0.064
-4.80990e-01,-0.059,0.068
-4.80980e-01,-0.061,0.064
-4.80970e-01,-0.059,0.062
-4.80960e-01,-0.059,0.064
-4.80950e-01,-0.059,0.06
-4.80940e-01,-0.059,0.064
-4.80930e-01,-0.061,0.064
-4.80920e-01,-0.061,0.066
-4.80910e-01,-0.063,0.062
-4.80900e-01,-0.057,0.062
-4.80890e-01,-0.063,0.064
-4.80880e-01,-0.061,0.06
-4.80870e-01,-0.059,0.064
-4.80860e-01,-0.055,0.062
-4.80850e-01,-0.059,0.062
-4.80840e-01,-0.049,0.052
-4.80830e-01,-0.055,0.062
-4.80820e-01,-0.053,0.058
-4.80810e-01,-0.059,0.062
-4.80800e-01,-0.063,0.064
-4.80790e-01,-0.061,0.062
-4.80780e-01,-0.061,0.062
-4.80770e-01,-0.059,0.062
-4.80760e-01,-0.053,0.056
-4.80750e-01,-0.061,0.064
-4.80740e-01,-0.063,0.066
-4.80730e-01,-0.057,0.062
-4.80720e-01,-0.061,0.068
-4.80710e-01,-0.053,0.054
-4.80700e-01,-0.057,0.06
-4.80690e-01,-0.057,0.06
-4.80680e-01,-0.055,0.062
-4.80670e-01,-0.049,0.054
-4.80660e-01,-0.057,0.06
-4.80650e-01,-0.049,0.054
-4.80640e-01,-0.033,0.04
-4.80630e-01,-0.045,0.048
-4.80620e-01,-0.053,0.058
-4.80610e-01,-0.053,0.054
-4.80600e-01,-0.057,0.06
-4.80590e-01,-0.057,0.06
-4.80580e-01,-0.063,0.066
-4.80570e-01,-0.059,0.064
-4.80560e-01,-0.059,0.06
-4.80550e-01,-0.061,0.064
-4.80540e-01,-0.061,0.062
-4.80530e-01,-0.059,0.062
-4.80520e-01,-0.053,0.058
-4.80510e-01,-0.055,0.06
-4.80500e-01,-0.061,0.064
-4.80490e-01,-0.057,0.062
-4.80480e-01,-0.059,0.064
-4.80470e-01,-0.055,0.064
-4.80460e-01,-0.063,0.068
-4.80450e-01,-0.061,0.064
-4.80440e-01,-0.057,0.06
-4.80430e-01,-0.061,0.064
-4.80420e-01,-0.043,0.054
-4.80410e-01,-0.055,0.06
-4.80400e-01,-0.049,0.058
-4.80390e-01,-0.059,0.062
-4.80380e-01,-0.063,0.064
-4.80370e-01,-0.065,0.066
-4.80360e-01,-0.063,0.066
-4.80350e-01,-0.063,0.062
-4.80340e-01,-0.065,0.064
-4.80330e-01,-0.049,0.054
-4.80320e-01,-0.061,0.064
-4.80310e-01,-0.061,0.064
-4.80300e-01,-0.061,0.06
-4.80290e-01,-0.055,0.06
-4.80280e-01,-0.057,0.058
-4.80270e-01,-0.059,0.06
-4.80260e-01,-0.057,0.064
-4.80250e-01,-0.055,0.058
-4.80240e-01,-0.053,0.058
-4.80230e-01,-0.055,0.058
-4.80220e-01,-0.037,0.042
-4.80210e-01,-0.059,0.06
-4.80200e-01,-0.061,0.06
-4.80190e-01,-0.061,0.062
-4.80180e-01,-0.057,0.064
-4.80170e-01,-0.061,0.062
-4.80160e-01,-0.065,0.064
-4.80150e-01,-0.061,0.064
-4.80140e-01,-0.061,0.066
-4.80130e-01,-0.063,0.064
-4.80120e-01,-0.061,0.064
-4.80110e-01,-0.059,0.062
-4.80100e-01,-0.059,0.06
-4.80090e-01,-0.059,0.064
-4.80080e-01,-0.059,0.068
-4.80070e-01,-0.059,0.06
-4.80060e-01,-0.059,0.06
-4.80050e-01,-0.065,0.064
-4.80040e-01,-0.053,0.06
-4.80030e-01,-0.053,0.058
-4.80020e-01,-0.061,0.066
-4.80010e-01,-0.061,0.064
-4.80000e-01,-0.061,0.062
-4.79990e-01,-0.063,0.062
-4.79980e-01,-0.061,0.062
-4.79970e-01,-0.057,0.064
-4.79960e-01,-0.063,0.064
-4.79950e-01,-0.061,0.066
-4.79940e-01,-0.061,0.066
-4.79930e-01,-0.057,0.062
-4.79920e-01,-0.061,0.064
-4.79910e-01,-0.059,0.068
-4.79900e-01,-0.063,0.062
-4.79890e-01,-0.057,0.058
-4.79880e-01,-0.061,0.064
-4.79870e-01,-0.055,0.062
-4.79860e-01,-0.057,0.062
-4.79850e-01,-0.059,0.062
-4.79840e-01,-0.061,0.064
-4.79830e-01,-0.061,0.066
-4.79820e-01,-0.055,0.058
-4.79810e-01,-0.061,0.068
-4.79800e-01,-0.061,0.064
-4.79790e-01,-0.059,0.064
-4.79780e-01,-0.059,0.062
-4.79770e-01,-0.061,0.064
-4.79760e-01,-0.057,0.062
-4.79750e-01,-0.049,0.06
-4.79740e-01,-0.057,0.064
-4.79730e-01,-0.057,0.06
-4.79720e-01,-0.047,0.052
-4.79710e-01,-0.061,0.062
-4.79700e-01,-0.057,0.064
-4.79690e-01,-0.061,0.064
-4.79680e-01,-0.063,0.064
-4.79670e-01,-0.061,0.062
-4.79660e-01,-0.047,0.054
-4.79650e-01,-0.061,0.066
-4.79640e-01,-0.061,0.064
-4.79630e-01,-0.061,0.068
-4.79620e-01,-0.059,0.064
-4.79610e-01,-0.059,0.06
-4.79600e-01,-0.057,0.06
-4.79590e-01,-0.059,0.062
-4.79580e-01,-0.059,0.064
-4.79570e-01,-0.057,0.062
-4.79560e-01,-0.061,0.06
-4.79550e-01,-0.061,0.064
-4.79540e-01,-0.061,0.064
-4.79530e-01,-0.053,0.06
-4.79520e-01,-0.061,0.06
-4.79510e-01,-0.061,0.062
-4.79500e-01,-0.057,0.064
-4.79490e-01,-0.053,0.058
-4.79480e-01,-0.061,0.064
-4.79470e-01,-0.059,0.06
-4.79460e-01,-0.059,0.062
-4.79450e-01,-0.061,0.064
-4.79440e-01,-0.059,0.064
-4.79430e-01,-0.057,0.06
-4.79420e-01,-0.059,0.064
-4.79410e-01,-0.059,0.064
-4.79400e-01,-0.061,0.062
-4.79390e-01,-0.059,0.062
-4.79380e-01,-0.061,0.062
-4.79370e-01,-0.063,0.064
-4.79360e-01,-0.061,0.064
-4.79350e-01,-0.059,0.062
-4.79340e-01,-0.061,0.066
-4.79330e-01,-0.061,0.06
-4.79320e-01,-0.063,0.064
-4.79310e-01,-0.063,0.066
-4.79300e-01,-0.061,0.062
-4.79290e-01,-0.061,0.064
-4.79280e-01,-0.055,0.064
-4.79270e-01,-0.059,0.062
-4.79260e-01,-0.059,0.062
-4.79250e-01,-0.061,0.06
-4.79240e-01,-0.061,0.062
-4.79230e-01,-0.057,0.062
-4.79220e-01,-0.061,0.064
-4.79210e-01,-0.057,0.062
-4.79200e-01,-0.055,0.066
-4.79190e-01,-0.055,0.062
-4.79180e-01,-0.059,0.064
-4.79170e-01,-0.059,0.062
-4.79160e-01,-0.065,0.064
-4.79150e-01,-0.059,0.068
-4.79140e-01,-0.061,0.064
-4.79130e-01,-0.057,0.06
-4.79120e-01,-0.061,0.06
-4.79110e-01,-0.061,0.066
-4.79100e-01,-0.063,0.068
-4.79090e-01,-0.059,0.062
-4.79080e-01,-0.061,0.062
-4.79070e-01,-0.061,0.064
-4.79060e-01,-0.061,0.064
-4.79050e-01,-0.063,0.066
-4.79040e-01,-0.061,0.06
-4.79030e-01,-0.059,0.06
-4.79020e-01,-0.055,0.058
-4.79010e-01,-0.057,0.06
-4.79000e-01,-0.053,0.062
-4.78990e-01,-0.063,0.064
-4.78980e-01,-0.059,0.066
-4.78970e-01,-0.059,0.064
-4.78960e-01,-0.061,0.062
-4.78950e-01,-0.063,0.062
-4.78940e-01,-0.057,0.06
-4.78930e-01,-0.061,0.064
-4.78920e-01,-0.055,0.06
-4.78910e-01,-0.059,0.064
-4.78900e-01,-0.055,0.06
-4.78890e-01,-0.057,0.06
-4.78880e-01,-0.063,0.064
-4.78870e-01,-0.053,0.06
-4.78860e-01,-0.049,0.058
-4.78850e-01,-0.045,0.054
-4.78840e-01,-0.049,0.058
-4.78830e-01,-0.057,0.062
-4.78820e-01,-0.057,0.062
-4.78810e-01,-0.061,0.064
-4.78800e-01,-0.061,0.064
-4.78790e-01,-0.059,0.066
-4.78780e-01,-0.065,0.064
-4.78770e-01,-0.055,0.06
-4.78760e-01,-0.061,0.064
-4.78750e-01,-0.055,0.058
-4.78740e-01,-0.059,0.064
-4.78730e-01,-0.059,0.064
-4.78720e-01,-0.059,0.064
-4.78710e-01,-0.059,0.062
-4.78700e-01,-0.059,0.062
-4.78690e-01,-0.061,0.066
-4.78680e-01,-0.061,0.062
-4.78670e-01,-0.061,0.064
-4.78660e-01,-0.059,0.064
-4.78650e-01,-0.063,0.064
-4.78640e-01,-0.059,0.064
-4.78630e-01,-0.063,0.062
-4.78620e-01,-0.057,0.06
-4.78610e-01,-0.055,0.06
-4.78600e-01,-0.063,0.066
-4.78590e-01,-0.061,0.066
-4.78580e-01,-0.059,0.064
-4.78570e-01,-0.061,0.064
-4.78560e-01,-0.059,0.066
-4.78550e-01,-0.061,0.062
-4.78540e-01,-0.059,0.06
-4.78530e-01,-0.055,0.062
-4.78520e-01,-0.061,0.068
-4.78510e-01,-0.061,0.064
-4.78500e-01,-0.057,0.06
-4.78490e-01,-0.063,0.064
-4.78480e-01,-0.055,0.06
-4.78470e-01,-0.055,0.066
-4.78460e-01,-0.055,0.06
-4.78450e-01,-0.055,0.056
-4.78440e-01,-0.063,0.062
-4.78430e-01,-0.059,0.064
-4.78420e-01,-0.061,0.064
-4.78410e-01,-0.055,0.06
-4.78400e-01,-0.061,0.06
-4.78390e-01,-0.053,0.058
-4.78380e-01,-0.057,0.06
-4.78370e-01,-0.061,0.064
-4.78360e-01,-0.057,0.06
-4.78350e-01,-0.053,0.056
-4.78340e-01,-0.061,0.062
-4.78330e-01,-0.061,0.064
-4.78320e-01,-0.061,0.066
-4.78310e-01,-0.061,0.066
-4.78300e-01,-0.059,0.062
-4.78290e-01,-0.049,0.06
-4.78280e-01,-0.061,0.066
-4.78270e-01,-0.061,0.062
-4.78260e-01,-0.059,0.066
-4.78250e-01,-0.061,0.064
-4.78240e-01,-0.061,0.064
-4.78230e-01,-0.057,0.062
-4.78220e-01,-0.059,0.062
-4.78210e-01,-0.055,0.056
-4.78200e-01,-0.061,0.062
-4.78190e-01,-0.059,0.062
-4.78180e-01,-0.061,0.062
-4.78170e-01,-0.061,0.066
-4.78160e-01,-0.055,0.064
-4.78150e-01,-0.059,0.062
-4.78140e-01,-0.063,0.064
-4.78130e-01,-0.065,0.064
-4.78120e-01,-0.057,0.062
-4.78110e-01,-0.057,0.06
-4.78100e-01,-0.063,0.062
-4.78090e-01,-0.057,0.06
-4.78080e-01,-0.061,0.064
-4.78070e-01,-0.051,0.06
-4.78060e-01,-0.061,0.066
-4.78050e-01,-0.063,0.064
-4.78040e-01,-0.061,0.064
-4.78030e-01,-0.059,0.064
-4.78020e-01,-0.061,0.062
-4.78010e-01,-0.063,0.066
-4.78000e-01,-0.055,0.06
-4.77990e-01,-0.061,0.062
-4.77980e-01,-0.061,0.064
-4.77970e-01,-0.061,0.064
-4.77960e-01,-0.057,0.066
-4.77950e-01,-0.061,0.06
-4.77940e-01,-0.059,0.062
-4.77930e-01,-0.061,0.064
-4.77920e-01,-0.059,0.06
-4.77910e-01,-0.061,0.066
-4.77900e-01,-0.059,0.06
-4.77890e-01,-0.055,0.062
-4.77880e-01,-0.057,0.064
-4.77870e-01,-0.065,0.064
-4.77860e-01,-0.061,0.066
-4.77850e-01,-0.063,0.062
-4.77840e-01,-0.059,0.062
-4.77830e-01,-0.059,0.06
-4.77820e-01,-0.059,0.062
-4.77810e-01,-0.055,0.06
-4.77800e-01,-0.055,0.06
-4.77790e-01,-0.059,0.062
-4.77780e-01,-0.051,0.06
-4.77770e-01,-0.059,0.064
-4.77760e-01,-0.063,0.064
-4.77750e-01,-0.059,0.062
-4.77740e-01,-0.059,0.064
-4.77730e-01,-0.059,0.064
-4.77720e-01,-0.055,0.062
-4.77710e-01,-0.057,0.06
-4.77700e-01,-0.061,0.06
-4.77690e-01,-0.061,0.064
-4.77680e-01,-0.061,0.064
-4.77670e-01,-0.061,0.064
-4.77660e-01,-0.059,0.068
-4.77650e-01,-0.057,0.06
-4.77640e-01,-0.053,0.056
-4.77630e-01,-0.059,0.062
-4.77620e-01,-0.057,0.064
-4.77610e-01,-0.057,0.06
-4.77600e-01,-0.061,0.062
-4.77590e-01,-0.059,0.064
-4.77580e-01,-0.059,0.064
-4.77570e-01,-0.053,0.056
-4.77560e-01,-0.065,0.066
-4.77550e-01,-0.059,0.064
-4.77540e-01,-0.053,0.058
-4.77530e-01,-0.061,0.064
-4.77520e-01,-0.049,0.05
-4.77510e-01,-0.061,0.064
-4.77500e-01,-0.057,0.064
-4.77490e-01,-0.057,0.064
-4.77480e-01,-0.057,0.062
-4.77470e-01,-0.057,0.062
-4.77460e-01,-0.061,0.066
-4.77450e-01,-0.061,0.064
-4.77440e-01,-0.061,0.066
-4.77430e-01,-0.057,0.06
-4.77420e-01,-0.061,0.068
-4.77410e-01,-0.057,0.062
-4.77400e-01,-0.061,0.062
-4.77390e-01,-0.061,0.06
-4.77380e-01,-0.061,0.064
-4.77370e-01,-0.057,0.068
-4.77360e-01,-0.061,0.066
-4.77350e-01,-0.061,0.062
-4.77340e-01,-0.059,0.064
-4.77330e-01,-0.059,0.064
-4.77320e-01,-0.059,0.062
-4.77310e-01,-0.059,0.064
-4.77300e-01,-0.059,0.06
-4.77290e-01,-0.061,0.06
-4.77280e-01,-0.061,0.062
-4.77270e-01,-0.061,0.07
-4.77260e-01,-0.061,0.064
-4.77250e-01,-0.059,0.06
-4.77240e-01,-0.057,0.06
-4.77230e-01,-0.055,0.058
-4.77220e-01,-0.059,0.064
-4.77210e-01,-0.057,0.062
-4.77200e-01,-0.047,0.054
-4.77190e-01,-0.059,0.066
-4.77180e-01,-0.063,0.068
-4.77170e-01,-0.061,0.064
-4.77160e-01,-0.061,0.064
-4.77150e-01,-0.059,0.064
-4.77140e-01,-0.059,0.066
-4.77130e-01,-0.061,0.064
-4.77120e-01,-0.059,0.064
-4.77110e-01,-0.055,0.06
-4.77100e-01,-0.063,0.062
-4.77090e-01,-0.059,0.06
-4.77080e-01,-0.055,0.054
-4.77070e-01,-0.059,0.064
-4.77060e-01,-0.059,0.068
-4.77050e-01,-0.061,0.062
-4.77040e-01,-0.059,0.064
-4.77030e-01,-0.059,0.062
-4.77020e-01,-0.059,0.066
-4.77010e-01,-0.061,0.064
-4.77000e-01,-0.057,0.066
-4.76990e-01,-0.059,0.066
-4.76980e-01,-0.053,0.062
-4.76970e-01,-0.059,0.06
-4.76960e-01,-0.057,0.058
-4.76950e-01,-0.059,0.064
-4.76940e-01,-0.057,0.058
-4.76930e-01,-0.063,0.066
-4.76920e-01,-0.061,0.064
-4.76910e-01,-0.063,0.062
-4.76900e-01,-0.057,0.064
-4.76890e-01,-0.061,0.062
-4.76880e-01,-0.053,0.06
-4.76870e-01,-0.061,0.064
-4.76860e-01,-0.057,0.06
-4.76850e-01,-0.055,0.06
-4.76840e-01,-0.055,0.06
-4.76830e-01,-0.055,0.062
-4.76820e-01,-0.057,0.064
-4.76810e-01,-0.063,0.066
-4.76800e-01,-0.059,0.06
-4.76790e-01,-0.059,0.064
-4.76780e-01,-0.063,0.066
-4.76770e-01,-0.057,0.062
-4.76760e-01,-0.061,0.066
-4.76750e-01,-0.061,0.062
-4.76740e-01,-0.059,0.066
-4.76730e-01,-0.059,0.064
-4.76720e-01,-0.065,0.064
-4.76710e-01,-0.053,0.058
-4.76700e-01,-0.061,0.064
-4.76690e-01,-0.061,0.066
-4.76680e-01,-0.053,0.06
-4.76670e-01,-0.057,0.064
-4.76660e-01,-0.063,0.062
-4.76650e-01,-0.061,0.064
-4.76640e-01,-0.061,0.064
-4.76630e-01,-0.065,0.062
-4.76620e-01,-0.061,0.064
-4.76610e-01,-0.059,0.068
-4.76600e-01,-0.053,0.058
-4.76590e-01,-0.057,0.064
-4.76580e-01,-0.057,0.062
-4.76570e-01,-0.057,0.06
-4.76560e-01,-0.053,0.058
-4.76550e-01,-0.063,0.064
-4.76540e-01,-0.055,0.06
-4.76530e-01,-0.059,0.064
-4.76520e-01,-0.057,0.066
-4.76510e-01,-0.061,0.064
-4.76500e-01,-0.063,0.064
-4.76490e-01,-0.059,0.064
-4.76480e-01,-0.055,0.06
-4.76470e-01,-0.057,0.06
-4.76460e-01,-0.055,0.06
-4.76450e-01,-0.061,0.064
-4.76440e-01,-0.051,0.058
-4.76430e-01,-0.059,0.064
-4.76420e-01,-0.057,0.066
-4.76410e-01,-0.051,0.06
-4.76400e-01,-0.061,0.064
-4.76390e-01,-0.061,0.06
-4.76380e-01,-0.057,0.064
-4.76370e-01,-0.061,0.062
-4.76360e-01,-0.065,0.064
-4.76350e-01,-0.049,0.054
-4.76340e-01,-0.061,0.064
-4.76330e-01,-0.059,0.062
-4.76320e-01,-0.059,0.062
-4.76310e-01,-0.055,0.06
-4.76300e-01,-0.059,0.064
-4.76290e-01,-0.061,0.06
-4.76280e-01,-0.063,0.064
-4.76270e-01,-0.057,0.068
-4.76260e-01,-0.061,0.066
-4.76250e-01,-0.063,0.062
-4.76240e-01,-0.059,0.064
-4.76230e-01,-0.059,0.06
-4.76220e-01,-0.061,0.062
-4.76210e-01,-0.059,0.064
-4.76200e-01,-0.057,0.064
-4.76190e-01,-0.063,0.068
-4.76180e-01,-0.051,0.058
-4.76170e-01,-0.057,0.06
-4.76160e-01,-0.057,0.064
-4.76150e-01,-0.051,0.056
-4.76140e-01,-0.059,0.064
-4.76130e-01,-0.051,0.056
-4.76120e-01,-0.057,0.06
-4.76110e-01,-0.055,0.058
-4.76100e-01,-0.063,0.062
-4.76090e-01,-0.057,0.06
-4.76080e-01,-0.061,0.062
-4.76070e-01,-0.051,0.054
-4.76060e-01,-0.063,0.062
-4.76050e-01,-0.053,0.058
-4.76040e-01,-0.057,0.064
-4.76030e-01,-0.059,0.06
-4.76020e-01,-0.061,0.064
-4.76010e-01,-0.061,0.064
-4.76000e-01,-0.061,0.066
-4.75990e-01,-0.059,0.066
-4.75980e-01,-0.055,0.06
-4.75970e-01,-0.059,0.066
-4.75960e-01,-0.059,0.064
-4.75950e-01,-0.057,0.064
-4.75940e-01,-0.055,0.06
-4.75930e-01,-0.059,0.062
-4.75920e-01,-0.055,0.062
-4.75910e-01,-0.051,0.058
-4.75900e-01,-0.045,0.054
-4.75890e-01,-0.061,0.064
-4.75880e-01,-0.061,0.066
-4.75870e-01,-0.059,0.062
-4.75860e-01,-0.057,0.058
-4.75850e-01,-0.049,0.058
-4.75840e-01,-0.059,0.066
-4.75830e-01,-0.053,0.054
-4.75820e-01,-0.061,0.066
-4.75810e-01,-0.051,0.058
-4.75800e-01,-0.061,0.062
-4.75790e-01,-0.055,0.062
-4.75780e-01,-0.059,0.064
-4.75770e-01,-0.061,0.064
-4.75760e-01,-0.057,0.06
-4.75750e-01,-0.059,0.062
-4.75740e-01,-0.051,0.052
-4.75730e-01,-0.057,0.06
-4.75720e-01,-0.053,0.06
-4.75710e-01,-0.057,0.06
-4.75700e-01,-0.055,0.06
-4.75690e-01,-0.061,0.068
-4.75680e-01,-0.061,0.064
-4.75670e-01,-0.061,0.062
-4.75660e-01,-0.059,0.068
-4.75650e-01,-0.059,0.066
-4.75640e-01,-0.053,0.058
-4.75630e-01,-0.061,0.064
-4.75620e-01,-0.059,0.062
-4.75610e-01,-0.059,0.062
-4.75600e-01,-0.063,0.064
-4.75590e-01,-0.059,0.062
-4.75580e-01,-0.059,0.064
-4.75570e-01,-0.061,0.064
-4.75560e-01,-0.063,0.062
-4.75550e-01,-0.061,0.064
-4.75540e-01,-0.063,0.064
-4.75530e-01,-0.063,0.062
-4.75520e-01,-0.059,0.066
-4.75510e-01,-0.063,0.064
-4.75500e-01,-0.059,0.062
-4.75490e-01,-0.057,0.064
-4.75480e-01,-0.057,0.062
-4.75470e-01,-0.055,0.062
-4.75460e-01,-0.059,0.064
-4.75450e-01,-0.055,0.056
-4.75440e-01,-0.061,0.062
-4.75430e-01,-0.057,0.06
-4.75420e-01,-0.065,0.064
-4.75410e-01,-0.061,0.062
-4.75400e-01,-0.049,0.054
-4.75390e-01,-0.059,0.06
-4.75380e-01,-0.059,0.064
-4.75370e-01,-0.051,0.06
-4.75360e-01,-0.047,0.052
-4.75350e-01,-0.047,0.056
-4.75340e-01,-0.063,0.064
-4.75330e-01,-0.059,0.066
-4.75320e-01,-0.063,0.062
-4.75310e-01,-0.055,0.062
-4.75300e-01,-0.059,0.064
-4.75290e-01,-0.059,0.064
-4.75280e-01,-0.055,0.062
-4.75270e-01,-0.055,0.058
-4.75260e-01,-0.059,0.066
-4.75250e-01,-0.057,0.064
-4.75240e-01,-0.059,0.062
-4.75230e-01,-0.053,0.056
-4.75220e-01,-0.059,0.064
-4.75210e-01,-0.059,0.062
-4.75200e-01,-0.061,0.066
-4.75190e-01,-0.061,0.064
-4.75180e-01,-0.059,0.064
-4.75170e-01,-0.057,0.06
-4.75160e-01,-0.059,0.062
-4.75150e-01,-0.061,0.064
-4.75140e-01,-0.059,0.062
-4.75130e-01,-0.055,0.06
-4.75120e-01,-0.061,0.06
-4.75110e-01,-0.055,0.06
-4.75100e-01,-0.059,0.062
-4.75090e-01,-0.061,0.064
-4.75080e-01,-0.061,0.064
-4.75070e-01,-0.061,0.064
-4.75060e-01,-0.059,0.064
-4.75050e-01,-0.059,0.064
-4.75040e-01,-0.061,0.062
-4.75030e-01,-0.061,0.064
-4.75020e-01,-0.059,0.066
-4.75010e-01,-0.057,0.064
-4.75000e-01,-0.061,0.064
-4.74990e-01,-0.045,0.054
-4.74980e-01,-0.061,0.062
-4.74970e-01,-0.055,0.062
-4.74960e-01,-0.061,0.066
-4.74950e-01,-0.059,0.062
-4.74940e-01,-0.063,0.064
-4.74930e-01,-0.059,0.068
-4.74920e-01,-0.061,0.068
-4.74910e-01,-0.059,0.064
-4.74900e-01,-0.061,0.06
-4.74890e-01,-0.059,0.066
-4.74880e-01,-0.059,0.062
-4.74870e-01,-0.059,0.062
-4.74860e-01,-0.057,0.064
-4.74850e-01,-0.063,0.066
-4.74840e-01,-0.061,0.062
-4.74830e-01,-0.063,0.064
-4.74820e-01,-0.059,0.066
-4.74810e-01,-0.057,0.062
-4.74800e-01,-0.055,0.064
-4.74790e-01,-0.061,0.066
-4.74780e-01,-0.061,0.064
-4.74770e-01,-0.059,0.064
-4.74760e-01,-0.055,0.064
-4.74750e-01,-0.059,0.066
-4.74740e-01,-0.061,0.06
-4.74730e-01,-0.059,0.066
-4.74720e-01,-0.061,0.066
-4.74710e-01,-0.059,0.066
-4.74700e-01,-0.061,0.064
-4.74690e-01,-0.061,0.068
-4.74680e-01,-0.057,0.062
-4.74670e-01,-0.059,0.062
-4.74660e-01,-0.059,0.066
-4.74650e-01,-0.053,0.058
-4.74640e-01,-0.061,0.064
-4.74630e-01,-0.035,0.044
-4.74620e-01,-0.061,0.064
-4.74610e-01,-0.055,0.06
-4.74600e-01,-0.057,0.056
-4.74590e-01,-0.057,0.06
-4.74580e-01,-0.059,0.066
-4.74570e-01,-0.063,0.064
-4.74560e-01,-0.055,0.06
-4.74550e-01,-0.055,0.056
-4.74540e-01,-0.059,0.058
-4.74530e-01,-0.063,0.062
-4.74520e-01,-0.065,0.062
-4.74510e-01,-0.047,0.052
-4.74500e-01,-0.055,0.066
-4.74490e-01,-0.061,0.06
-4.74480e-01,-0.053,0.054
-4.74470e-01,-0.059,0.06
-4.74460e-01,-0.057,0.06
-4.74450e-01,-0.063,0.062
-4.74440e-01,-0.057,0.062
-4.74430e-01,-0.059,0.064
-4.74420e-01,-0.061,0.06
-4.74410e-01,-0.057,0.06
-4.74400e-01,-0.057,0.064
-4.74390e-01,-0.063,0.064
-4.74380e-01,-0.061,0.062
-4.74370e-01,-0.061,0.064
-4.74360e-01,-0.059,0.06
-4.74350e-01,-0.061,0.066
-4.74340e-01,-0.059,0.062
-4.74330e-01,-0.055,0.06
-4.74320e-01,-0.057,0.06
-4.74310e-01,-0.057,0.062
-4.74300e-01,-0.059,0.066
-4.74290e-01,-0.049,0.052
-4.74280e-01,-0.063,0.064
-4.74270e-01,-0.057,0.062
-4.74260e-01,-0.061,0.068
-4.74250e-01,-0.051,0.056
-4.74240e-01,-0.057,0.068
-4.74230e-01,-0.057,0.064
-4.74220e-01,-0.061,0.062
-4.74210e-01,-0.063,0.064
-4.74200e-01,-0.057,0.062
-4.74190e-01,-0.059,0.066
-4.74180e-01,-0.063,0.064
-4.74170e-01,-0.059,0.066
-4.74160e-01,-0.061,0.064
-4.74150e-01,-0.061,0.062
-4.74140e-01,-0.059,0.066
-4.74130e-01,-0.059,0.064
-4.74120e-01,-0.049,0.054
-4.74110e-01,-0.059,0.06
-4.74100e-01,-0.063,0.062
-4.74090e-01,-0.055,0.056
-4.74080e-01,-0.061,0.064
-4.74070e-01,-0.059,0.064
-4.74060e-01,-0.061,0.062
-4.74050e-01,-0.057,0.06
-4.74040e-01,-0.065,0.064
-4.74030e-01,-0.061,0.062
-4.74020e-01,-0.061,0.066
-4.74010e-01,-0.061,0.062
-4.74000e-01,-0.061,0.064
-4.73990e-01,-0.061,0.066
-4.73980e-01,-0.061,0.064
-4.73970e-01,-0.059,0.062
-4.73960e-01,-0.059,0.062
-4.73950e-01,-0.057,0.06
-4.73940e-01,-0.059,0.064
-4.73930e-01,-0.059,0.064
-4.73920e-01,-0.059,0.064
-4.73910e-01,-0.053,0.056
-4.73900e-01,-0.055,0.062
-4.73890e-01,-0.059,0.062
-4.73880e-01,-0.055,0.06
-4.73870e-01,-0.049,0.058
-4.73860e-01,-0.063,0.062
-4.73850e-01,-0.061,0.062
-4.73840e-01,-0.061,0.062
-4.73830e-01,-0.061,0.062
-4.73820e-01,-0.061,0.064
-4.73810e-01,-0.061,0.068
-4.73800e-01,-0.059,0.064
-4.73790e-01,-0.059,0.062
-4.73780e-01,-0.061,0.066
-4.73770e-01,-0.059,0.062
-4.73760e-01,-0.061,0.064
-4.73750e-01,-0.059,0.064
-4.73740e-01,-0.055,0.062
-4.73730e-01,-0.059,0.064
-4.73720e-01,-0.061,0.064
-4.73710e-01,-0.063,0.062
-4.73700e-01,-0.059,0.06
-4.73690e-01,-0.055,0.064
-4.73680e-01,-0.055,0.06
-4.73670e-01,-0.055,0.06
-4.73660e-01,-0.057,0.062
-4.73650e-01,-0.049,0.056
-4.73640e-01,-0.049,0.056
-4.73630e-01,-0.053,0.058
-4.73620e-01,-0.061,0.062
-4.73610e-01,-0.059,0.064
-4.73600e-01,-0.057,0.062
-4.73590e-01,-0.061,0.064
-4.73580e-01,-0.061,0.064
-4.73570e-01,-0.061,0.062
-4.73560e-01,-0.057,0.06
-4.73550e-01,-0.063,0.062
-4.73540e-01,-0.057,0.064
-4.73530e-01,-0.055,0.062
-4.73520e-01,-0.061,0.064
-4.73510e-01,-0.057,0.062
-4.73500e-01,-0.063,0.064
-4.73490e-01,-0.059,0.064
-4.73480e-01,-0.059,0.066
-4.73470e-01,-0.059,0.062
-4.73460e-01,-0.057,0.062
-4.73450e-01,-0.057,0.062
-4.73440e-01,-0.059,0.06
-4.73430e-01,-0.051,0.06
-4.73420e-01,-0.057,0.064
-4.73410e-01,-0.057,0.062
-4.73400e-01,-0.057,0.064
-4.73390e-01,-0.061,0.066
-4.73380e-01,-0.063,0.066
-4.73370e-01,-0.061,0.062
-4.73360e-01,-0.059,0.062
-4.73350e-01,-0.059,0.06
-4.73340e-01,-0.061,0.064
-4.73330e-01,-0.061,0.062
-4.73320e-01,-0.057,0.062
-4.73310e-01,-0.055,0.064
-4.73300e-01,-0.061,0.06
-4.73290e-01,-0.061,0.062
-4.73280e-01,-0.061,0.06
-4.73270e-01,-0.057,0.062
-4.73260e-01,-0.061,0.062
-4.73250e-01,-0.063,0.062
-4.73240e-01,-0.057,0.06
-4.73230e-01,-0.059,0.064
-4.73220e-01,-0.061,0.06
-4.73210e-01,-0.063,0.064
-4.73200e-01,-0.055,0.058
-4.73190e-01,-0.061,0.064
-4.73180e-01,-0.061,0.066
-4.73170e-01,-0.065,0.064
-4.73160e-01,-0.065,0.064
-4.73150e-01,-0.061,0.064
-4.73140e-01,-0.061,0.064
-4.73130e-01,-0.055,0.06
-4.73120e-01,-0.061,0.064
-4.73110e-01,-0.057,0.06
-4.73100e-01,-0.063,0.062
-4.73090e-01,-0.059,0.06
-4.73080e-01,-0.061,0.062
-4.73070e-01,-0.057,0.062
-4.73060e-01,-0.061,0.064
-4.73050e-01,-0.057,0.064
-4.73040e-01,-0.061,0.062
-4.73030e-01,-0.059,0.06
-4.73020e-01,-0.061,0.064
-4.73010e-01,-0.055,0.062
-4.73000e-01,-0.061,0.064
-4.72990e-01,-0.061,0.064
-4.72980e-01,-0.059,0.062
-4.72970e-01,-0.063,0.062
-4.72960e-01,-0.061,0.064
-4.72950e-01,-0.061,0.066
-4.72940e-01,-0.059,0.066
-4.72930e-01,-0.061,0.064
-4.72920e-01,-0.059,0.062
-4.72910e-01,-0.059,0.06
-4.72900e-01,-0.061,0.062
-4.72890e-01,-0.061,0.066
-4.72880e-01,-0.057,0.058
-4.72870e-01,-0.047,0.052
-4.72860e-01,-0.055,0.056
-4.72850e-01,-0.055,0.056
-4.72840e-01,-0.055,0.058
-4.72830e-01,-0.049,0.054
-4.72820e-01,-0.055,0.06
-4.72810e-01,-0.059,0.062
-4.72800e-01,-0.061,0.064
-4.72790e-01,-0.059,0.062
-4.72780e-01,-0.057,0.062
-4.72770e-01,-0.045,0.054
-4.72760e-01,-0.061,0.062
-4.72750e-01,-0.063,0.064
-4.72740e-01,-0.059,0.062
-4.72730e-01,-0.061,0.064
-4.72720e-01,-0.059,0.064
-4.72710e-01,-0.057,0.064
-4.72700e-01,-0.063,0.066
-4.72690e-01,-0.061,0.068
-4.72680e-01,-0.059,0.062
-4.72670e-01,-0.063,0.062
-4.72660e-01,-0.057,0.062
-4.72650e-01,-0.063,0.062
-4.72640e-01,-0.061,0.064
-4.72630e-01,-0.057,0.06
-4.72620e-01,-0.063,0.062
-4.72610e-01,-0.061,0.064
-4.72600e-01,-0.057,0.062
-4.72590e-01,-0.059,0.064
-4.72580e-01,-0.055,0.06
-4.72570e-01,-0.061,0.064
-4.72560e-01,-0.061,0.062
-4.72550e-01,-0.059,0.066
-4.72540e-01,-0.061,0.064
-4.72530e-01,-0.059,0.066
-4.72520e-01,-0.057,0.064
-4.72510e-01,-0.059,0.064
-4.72500e-01,-0.059,0.066
-4.72490e-01,-0.057,0.06
-4.72480e-01,-0.059,0.062
-4.72470e-01,-0.059,0.062
-4.72460e-01,-0.051,0.058
-4.72450e-01,-0.063,0.064
-4.72440e-01,-0.061,0.064
-4.72430e-01,-0.063,0.064
-4.72420e-01,-0.061,0.064
-4.72410e-01,-0.057,0.062
-4.72400e-01,-0.061,0.064
-4.72390e-01,-0.061,0.064
-4.72380e-01,-0.061,0.068
-4.72370e-01,-0.059,0.062
-4.72360e-01,-0.061,0.06
-4.72350e-01,-0.055,0.06
-4.72340e-01,-0.065,0.062
-4.72330e-01,-0.059,0.062
-4.72320e-01,-0.059,0.062
-4.72310e-01,-0.059,0.062
-4.72300e-01,-0.055,0.06
-4.72290e-01,-0.059,0.066
-4.72280e-01,-0.057,0.064
-4.72270e-01,-0.059,0.062
-4.72260e-01,-0.063,0.064
-4.72250e-01,-0.061,0.066
-4.72240e-01,-0.063,0.062
-4.72230e-01,-0.059,0.064
-4.72220e-01,-0.061,0.06
-4.72210e-01,-0.059,0.062
-4.72200e-01,-0.059,0.062
-4.72190e-01,-0.061,0.06
-4.72180e-01,-0.063,0.064
-4.72170e-01,-0.059,0.06
-4.72160e-01,-0.059,0.064
-4.72150e-01,-0.057,0.062
-4.72140e-01,-0.061,0.064
-4.72130e-01,-0.061,0.064
-4.72120e-01,-0.061,0.062
-4.72110e-01,-0.059,0.068
-4.72100e-01,-0.063,0.062
-4.72090e-01,-0.061,0.068
-4.72080e-01,-0.063,0.062
-4.72070e-01,-0.055,0.064
-4.72060e-01,-0.059,0.064
-4.72050e-01,-0.057,0.062
-4.72040e-01,-0.061,0.06
-4.72030e-01,-0.057,0.062
-4.72020e-01,-0.057,0.06
-4.72010e-01,-0.053,0.06
-4.72000e-01,-0.063,0.062
-4.71990e-01,-0.061,0.064
-4.71980e-01,-0.061,0.068
-4.71970e-01,-0.059,0.06
-4.71960e-01,-0.063,0.064
-4.71950e-01,-0.061,0.064
-4.71940e-01,-0.057,0.064
-4.71930e-01,-0.059,0.062
-4.71920e-01,-0.057,0.064
-4.71910e-01,-0.061,0.066
-4.71900e-01,-0.059,0.062
-4.71890e-01,-0.059,0.062
-4.71880e-01,-0.061,0.066
-4.71870e-01,-0.059,0.06
-4.71860e-01,-0.059,0.064
-4.71850e-01,-0.055,0.062
-4.71840e-01,-0.063,0.062
-4.71830e-01,-0.059,0.06
-4.71820e-01,-0.059,0.064
-4.71810e-01,-0.051,0.06
-4.71800e-01,-0.057,0.064
-4.71790e-01,-0.059,0.06
-4.71780e-01,-0.059,0.066
-4.71770e-01,-0.059,0.064
-4.71760e-01,-0.063,0.064
-4.71750e-01,-0.059,0.06
-4.71740e-01,-0.063,0.066
-4.71730e-01,-0.057,0.06
-4.71720e-01,-0.057,0.062
-4.71710e-01,-0.059,0.066
-4.71700e-01,-0.065,0.062
-4.71690e-01,-0.059,0.064
-4.71680e-01,-0.059,0.062
-4.71670e-01,-0.061,0.064
-4.71660e-01,-0.059,0.062
-4.71650e-01,-0.059,0.064
-4.71640e-01,-0.051,0.058
-4.71630e-01,-0.061,0.064
-4.71620e-01,-0.059,0.062
-4.71610e-01,-0.063,0.064
-4.71600e-01,-0.061,0.064
-4.71590e-01,-0.061,0.062
-4.71580e-01,-0.061,0.062
-4.71570e-01,-0.057,0.062
-4.71560e-01,-0.059,0.06
-4.71550e-01,-0.053,0.06
-4.71540e-01,-0.061,0.062
-4.71530e-01,-0.057,0.06
-4.71520e-01,-0.059,0.062
-4.71510e-01,-0.059,0.064
-4.71500e-01,-0.057,0.06
-4.71490e-01,-0.057,0.062
-4.71480e-01,-0.061,0.062
-4.71470e-01,-0.061,0.064
-4.71460e-01,-0.063,0.062
-4.71450e-01,-0.063,0.064
-4.71440e-01,-0.061,0.064
-4.71430e-01,-0.061,0.064
-4.71420e-01,-0.059,0.064
-4.71410e-01,-0.061,0.064
-4.71400e-01,-0.063,0.066
-4.71390e-01,-0.061,0.062
-4.71380e-01,-0.059,0.062
-4.71370e-01,-0.057,0.064
-4.71360e-01,-0.055,0.064
-4.71350e-01,-0.057,0.06
-4.71340e-01,-0.063,0.064
-4.71330e-01,-0.057,0.064
-4.71320e-01,-0.061,0.064
-4.71310e-01,-0.063,0.064
-4.71300e-01,-0.061,0.064
-4.71290e-01,-0.059,0.06
-4.71280e-01,-0.059,0.06
-4.71270e-01,-0.059,0.062
-4.71260e-01,-0.061,0.066
-4.71250e-01,-0.063,0.064
-4.71240e-01,-0.059,0.064
-4.71230e-01,-0.061,0.062
-4.71220e-01,-0.061,0.064
-4.71210e-01,-0.059,0.062
-4.71200e-01,-0.059,0.064
-4.71190e-01,-0.055,0.06
-4.71180e-01,-0.055,0.06
-4.71170e-01,-0.061,0.062
-4.71160e-01,-0.057,0.064
-4.71150e-01,-0.061,0.062
-4.71140e-01,-0.061,0.064
-4.71130e-01,-0.051,0.058
-4.71120e-01,-0.061,0.062
-4.71110e-01,-0.061,0.064
-4.71100e-01,-0.059,0.062
-4.71090e-01,-0.059,0.062
-4.71080e-01,-0.059,0.066
-4.71070e-01,-0.061,0.066
-4.71060e-01,-0.063,0.062
-4.71050e-01,-0.063,0.064
-4.71040e-01,-0.061,0.062
-4.71030e-01,-0.059,0.062
-4.71020e-01,-0.057,0.062
-4.71010e-01,-0.061,0.064
-4.71000e-01,-0.061,0.062
-4.70990e-01,-0.059,0.062
-4.70980e-01,-0.061,0.062
-4.70970e-01,-0.063,0.064
-4.70960e-01,-0.059,0.062
-4.70950e-01,-0.059,0.062
-4.70940e-01,-0.059,0.062
-4.70930e-01,-0.059,0.064
-4.70920e-01,-0.059,0.066
-4.70910e-01,-0.055,0.062
-4.70900e-01,-0.059,0.064
-4.70890e-01,-0.057,0.062
-4.70880e-01,-0.059,0.064
-4.70870e-01,-0.061,0.064
-4.70860e-01,-0.059,0.064
-4.70850e-01,-0.061,0.062
-4.70840e-01,-0.059,0.062
-4.70830e-01,-0.057,0.062
-4.70820e-01,-0.053,0.058
-4.70810e-01,-0.061,0.064
-4.70800e-01,-0.063,0.066
-4.70790e-01,-0.059,0.062
-4.70780e-01,-0.059,0.064
-4.70770e-01,-0.045,0.054
-4.70760e-01,-0.047,0.054
-4.70750e-01,-0.043,0.046
-4.70740e-01,-0.057,0.06
-4.70730e-01,-0.057,0.06
-4.70720e-01,-0.061,0.064
-4.70710e-01,-0.063,0.064
-4.70700e-01,-0.065,0.064
-4.70690e-01,-0.053,0.058
-4.70680e-01,-0.051,0.058
-4.70670e-01,-0.061,0.062
-4.70660e-01,-0.059,0.064
-4.70650e-01,-0.057,0.062
-4.70640e-01,-0.061,0.064
-4.70630e-01,-0.061,0.064
-4.70620e-01,-0.059,0.064
-4.70610e-01,-0.061,0.066
-4.70600e-01,-0.061,0.062
-4.70590e-01,-0.061,0.064
-4.70580e-01,-0.059,0.064
-4.70570e-01,-0.063,0.064
-4.70560e-01,-0.055,0.058
-4.70550e-01,-0.059,0.064
-4.70540e-01,-0.049,0.05
-4.70530e-01,-0.065,0.064
-4.70520e-01,-0.057,0.062
-4.70510e-01,-0.059,0.06
-4.70500e-01,-0.057,0.058
-4.70490e-01,-0.059,0.068
-4.70480e-01,-0.061,0.064
-4.70470e-01,-0.053,0.06
-4.70460e-01,-0.053,0.06
-4.70450e-01,-0.055,0.06
-4.70440e-01,-0.057,0.06
-4.70430e-01,-0.055,0.06
-4.70420e-01,-0.057,0.06
-4.70410e-01,-0.051,0.056
-4.70400e-01,-0.049,0.058
-4.70390e-01,-0.055,0.06
-4.70380e-01,-0.055,0.06
-4.70370e-01,-0.061,0.062
-4.70360e-01,-0.061,0.064
-4.70350e-01,-0.059,0.064
-4.70340e-01,-0.063,0.064
-4.70330e-01,-0.059,0.06
-4.70320e-01,-0.049,0.052
-4.70310e-01,-0.061,0.064
-4.70300e-01,-0.059,0.062
-4.70290e-01,-0.059,0.064
-4.70280e-01,-0.059,0.066
-4.70270e-01,-0.059,0.062
-4.70260e-01,-0.057,0.062
-4.70250e-01,-0.061,0.06
-4.70240e-01,-0.061,0.064
-4.70230e-01,-0.061,0.064
-4.70220e-01,-0.059,0.06
-4.70210e-01,-0.061,0.066
-4.70200e-01,-0.057,0.062
-4.70190e-01,-0.059,0.06
-4.70180e-01,-0.059,0.062
-4.70170e-01,-0.057,0.062
-4.70160e-01,-0.057,0.06
-4.70150e-01,-0.043,0.048
-4.70140e-01,-0.051,0.056
-4.70130e-01,-0.055,0.06
-4.70120e-01,-0.045,0.048
-4.70110e-01,-0.057,0.062
-4.70100e-01,-0.059,0.064
-4.70090e-01,-0.061,0.062
-4.70080e-01,-0.059,0.062
-4.70070e-01,-0.061,0.06
-4.70060e-01,-0.061,0.064
-4.70050e-01,-0.059,0.066
-4.70040e-01,-0.063,0.066
-4.70030e-01,-0.061,0.062
-4.70020e-01,-0.057,0.06
-4.70010e-01,-0.061,0.062
-4.70000e-01,-0.055,0.064
-4.69990e-01,-0.055,0.058
-4.69980e-01,-0.059,0.064
-4.69970e-01,-0.057,0.06
-4.69960e-01,-0.061,0.06
-4.69950e-01,-0.055,0.058
-4.69940e-01,-0.055,0.06
-4.69930e-01,-0.059,0.062
-4.69920e-01,-0.053,0.06
-4.69910e-01,-0.059,0.064
-4.69900e-01,-0.061,0.064
-4.69890e-01,-0.061,0.064
-4.69880e-01,-0.061,0.06
-4.69870e-01,-0.057,0.062
-4.69860e-01,-0.061,0.062
-4.69850e-01,-0.053,0.058
-4.69840e-01,-0.059,0.06
-4.69830e-01,-0.059,0.064
-4.69820e-01,-0.061,0.066
-4.69810e-01,-0.055,0.06
-4.69800e-01,-0.059,0.062
-4.69790e-01,-0.061,0.066
-4.69780e-01,-0.061,0.062
-4.69770e-01,-0.057,0.06
-4.69760e-01,-0.059,0.064
-4.69750e-01,-0.061,0.064
-4.69740e-01,-0.059,0.064
-4.69730e-01,-0.057,0.064
-4.69720e-01,-0.053,0.056
-4.69710e-01,-0.059,0.064
-4.69700e-01,-0.051,0.056
-4.69690e-01,-0.057,0.06
-4.69680e-01,-0.051,0.05
-4.69670e-01,-0.043,0.052
-4.69660e-01,-0.041,0.046
-4.69650e-01,-0.057,0.066
-4.69640e-01,-0.041,0.046
-4.69630e-01,-0.053,0.058
-4.69620e-01,-0.051,0.056
-4.69610e-01,-0.059,0.062
-4.69600e-01,-0.045,0.05
-4.69590e-01,-0.059,0.064
-4.69580e-01,-0.049,0.054
-4.69570e-01,-0.061,0.064
-4.69560e-01,-0.059,0.062
-4.69550e-01,-0.059,0.06
-4.69540e-01,-0.057,0.064
-4.69530e-01,-0.049,0.054
-4.69520e-01,-0.051,0.058
-4.69510e-01,-0.039,0.044
-4.69500e-01,-0.057,0.062
-4.69490e-01,-0.057,0.06
-4.69480e-01,-0.061,0.066
-4.69470e-01,-0.055,0.06
-4.69460e-01,-0.059,0.06
-4.69450e-01,-0.063,0.064
-4.69440e-01,-0.055,0.058
-4.69430e-01,-0.039,0.046
-4.69420e-01,-0.057,0.062
-4.69410e-01,-0.053,0.06
-4.69400e-01,-0.061,0.066
-4.69390e-01,-0.059,0.064
-4.69380e-01,-0.059,0.064
-4.69370e-01,-0.055,0.062
-4.69360e-01,-0.057,0.06
-4.69350e-01,-0.059,0.064
-4.69340e-01,-0.059,0.064
-4.69330e-01,-0.065,0.066
-4.69320e-01,-0.047,0.054
-4.69310e-01,-0.061,0.064
-4.69300e-01,-0.049,0.058
-4.69290e-01,-0.059,0.064
-4.69280e-01,-0.055,0.062
-4.69270e-01,-0.061,0.064
-4.69260e-01,-0.057,0.062
-4.69250e-01,-0.059,0.062
-4.69240e-01,-0.061,0.062
-4.69230e-01,-0.055,0.058
-4.69220e-01,-0.061,0.064
-4.69210e-01,-0.055,0.062
-4.69200e-01,-0.057,0.062
-4.69190e-01,-0.061,0.064
-4.69180e-01,-0.061,0.06
-4.69170e-01,-0.059,0.066
-4.69160e-01,-0.059,0.06
-4.69150e-01,-0.063,0.068
-4.69140e-01,-0.061,0.064
-4.69130e-01,-0.063,0.064
-4.69120e-01,-0.059,0.064
-4.69110e-01,-0.055,0.06
-4.69100e-01,-0.061,0.062
-4.69090e-01,-0.057,0.064
-4.69080e-01,-0.059,0.06
-4.69070e-01,-0.061,0.066
-4.69060e-01,-0.061,0.062
-4.69050e-01,-0.063,0.066
-4.69040e-01,-0.061,0.062
-4.69030e-01,-0.059,0.064
-4.69020e-01,-0.059,0.062
-4.69010e-01,-0.057,0.062
-4.69000e-01,-0.063,0.066
-4.68990e-01,-0.053,0.058
-4.68980e-01,-0.061,0.06
-4.68970e-01,-0.059,0.06
-4.68960e-01,-0.057,0.064
-4.68950e-01,-0.053,0.058
-4.68940e-01,-0.059,0.064
-4.68930e-01,-0.059,0.064
-4.68920e-01,-0.059,0.066
-4.68910e-01,-0.063,0.064
-4.68900e-01,-0.055,0.062
-4.68890e-01,-0.057,0.06
-4.68880e-01,-0.059,0.06
-4.68870e-01,-0.059,0.062
-4.68860e-01,-0.049,0.054
-4.68850e-01,-0.047,0.054
-4.68840e-01,-0.055,0.06
-4.68830e-01,-0.059,0.064
-4.68820e-01,-0.061,0.062
-4.68810e-01,-0.057,0.062
-4.68800e-01,-0.055,0.058
-4.68790e-01,-0.051,0.06
-4.68780e-01,-0.057,0.062
-4.68770e-01,-0.061,0.064
-4.68760e-01,-0.055,0.062
-4.68750e-01,-0.059,0.064
-4.68740e-01,-0.061,0.06
-4.68730e-01,-0.057,0.06
-4.68720e-01,-0.049,0.054
-4.68710e-01,-0.049,0.05
-4.68700e-01,-0.061,0.064
-4.68690e-01,-0.061,0.064
-4.68680e-01,-0.063,0.064
-4.68670e-01,-0.061,0.064
-4.68660e-01,-0.061,0.062
-4.68650e-01,-0.059,0.066
-4.68640e-01,-0.059,0.062
-4.68630e-01,-0.055,0.058
-4.68620e-01,-0.059,0.062
-4.68610e-01,-0.059,0.062
-4.68600e-01,-0.059,0.064
-4.68590e-01,-0.055,0.062
-4.68580e-01,-0.061,0.064
-4.68570e-01,-0.057,0.06
-4.68560e-01,-0.057,0.06
-4.68550e-01,-0.061,0.062
-4.68540e-01,-0.059,0.062
-4.68530e-01,-0.059,0.064
-4.68520e-01,-0.059,0.06
-4.68510e-01,-0.061,0.064
-4.68500e-01,-0.057,0.06
-4.68490e-01,-0.059,0.062
-4.68480e-01,-0.057,0.062
-4.68470e-01,-0.061,0.064
-4.68460e-01,-0.061,0.064
-4.68450e-01,-0.059,0.064
-4.68440e-01,-0.059,0.062
-4.68430e-01,-0.059,0.062
-4.68420e-01,-0.057,0.06
-4.68410e-01,-0.059,0.064
-4.68400e-01,-0.061,0.062
-4.68390e-01,-0.059,0.064
-4.68380e-01,-0.059,0.062
-4.68370e-01,-0.061,0.062
-4.68360e-01,-0.059,0.064
-4.68350e-01,-0.061,0.064
-4.68340e-01,-0.055,0.06
-4.68330e-01,-0.051,0.058
-4.68320e-01,-0.061,0.062
-4.68310e-01,-0.057,0.06
-4.68300e-01,-0.049,0.058
-4.68290e-01,-0.057,0.06
-4.68280e-01,-0.061,0.06
-4.68270e-01,-0.061,0.06
-4.68260e-01,-0.059,0.062
-4.68250e-01,-0.059,0.06
-4.68240e-01,-0.061,0.062
-4.68230e-01,-0.053,0.058
-4.68220e-01,-0.063,0.066
-4.68210e-01,-0.059,0.062
-4.68200e-01,-0.061,0.066
-4.68190e-01,-0.055,0.058
-4.68180e-01,-0.049,0.052
-4.68170e-01,-0.045,0.048
-4.68160e-01,-0.053,0.06
-4.68150e-01,-0.055,0.06
-4.68140e-01,-0.061,0.064
-4.68130e-01,-0.061,0.062
-4.68120e-01,-0.061,0.064
-4.68110e-01,-0.063,0.064
-4.68100e-01,-0.059,0.06
-4.68090e-01,-0.063,0.064
-4.68080e-01,-0.059,0.062
-4.68070e-01,-0.053,0.056
-4.68060e-01,-0.053,0.058
-4.68050e-01,-0.059,0.058
-4.68040e-01,-0.059,0.06
-4.68030e-01,-0.057,0.064
-4.68020e-01,-0.061,0.062
-4.68010e-01,-0.063,0.064
-4.68000e-01,-0.059,0.064
-4.67990e-01,-0.061,0.062
-4.67980e-01,-0.057,0.062
-4.67970e-01,-0.061,0.06
-4.67960e-01,-0.063,0.064
-4.67950e-01,-0.059,0.062
-4.67940e-01,-0.051,0.06
-4.67930e-01,-0.063,0.064
-4.67920e-01,-0.057,0.064
-4.67910e-01,-0.057,0.064
-4.67900e-01,-0.063,0.062
-4.67890e-01,-0.061,0.064
-4.67880e-01,-0.057,0.062
-4.67870e-01,-0.061,0.062
-4.67860e-01,-0.065,0.062
-4.67850e-01,-0.053,0.056
-4.67840e-01,-0.061,0.06
-4.67830e-01,-0.059,0.062
-4.67820e-01,-0.061,0.064
-4.67810e-01,-0.061,0.06
-4.67800e-01,-0.059,0.068
-4.67790e-01,-0.059,0.066
-4.67780e-01,-0.061,0.064
-4.67770e-01,-0.061,0.062
-4.67760e-01,-0.061,0.064
-4.67750e-01,-0.059,0.064
-4.67740e-01,-0.055,0.056
-4.67730e-01,-0.061,0.062
-4.67720e-01,-0.053,0.062
-4.67710e-01,-0.059,0.064
-4.67700e-01,-0.061,0.06
-4.67690e-01,-0.061,0.066
-4.67680e-01,-0.059,0.068
-4.67670e-01,-0.059,0.066
-4.67660e-01,-0.059,0.06
-4.67650e-01,-0.059,0.062
-4.67640e-01,-0.061,0.064
-4.67630e-01,-0.061,0.062
-4.67620e-01,-0.057,0.064
-4.67610e-01,-0.057,0.062
-4.67600e-01,-0.059,0.064
-4.67590e-01,-0.057,0.06
-4.67580e-01,-0.057,0.062
-4.67570e-01,-0.055,0.06
-4.67560e-01,-0.047,0.054
-4.67550e-01,-0.055,0.058
-4.67540e-01,-0.045,0.05
-4.67530e-01,-0.041,0.044
-4.67520e-01,-0.043,0.048
-4.67510e-01,-0.057,0.06
-4.67500e-01,-0.055,0.062
-4.67490e-01,-0.063,0.06
-4.67480e-01,-0.061,0.062
-4.67470e-01,-0.059,0.064
-4.67460e-01,-0.059,0.064
-4.67450e-01,-0.061,0.068
-4.67440e-01,-0.061,0.062
-4.67430e-01,-0.055,0.06
-4.67420e-01,-0.061,0.06
-4.67410e-01,-0.057,0.06
-4.67400e-01,-0.057,0.064
-4.67390e-01,-0.061,0.066
-4.67380e-01,-0.061,0.064
-4.67370e-01,-0.061,0.066
-4.67360e-01,-0.057,0.062
-4.67350e-01,-0.061,0.064
-4.67340e-01,-0.057,0.064
-4.67330e-01,-0.049,0.06
-4.67320e-01,-0.053,0.056
-4.67310e-01,-0.061,0.064
-4.67300e-01,-0.045,0.052
-4.67290e-01,-0.053,0.056
-4.67280e-01,-0.049,0.056
-4.67270e-01,-0.059,0.062
-4.67260e-01,-0.059,0.066
-4.67250e-01,-0.057,0.06
-4.67240e-01,-0.057,0.062
-4.67230e-01,-0.055,0.06
-4.67220e-01,-0.053,0.058
-4.67210e-01,-0.061,0.064
-4.67200e-01,-0.059,0.062
-4.67190e-01,-0.061,0.064
-4.67180e-01,-0.055,0.058
-4.67170e-01,-0.053,0.058
-4.67160e-01,-0.053,0.054
-4.67150e-01,-0.061,0.064
-4.67140e-01,-0.061,0.064
-4.67130e-01,-0.061,0.064
-4.67120e-01,-0.061,0.064
-4.67110e-01,-0.061,0.064
-4.67100e-01,-0.061,0.064
-4.67090e-01,-0.063,0.062
-4.67080e-01,-0.055,0.06
-4.67070e-01,-0.059,0.062
-4.67060e-01,-0.057,0.064
-4.67050e-01,-0.057,0.062
-4.67040e-01,-0.059,0.062
-4.67030e-01,-0.051,0.06
-4.67020e-01,-0.049,0.058
-4.67010e-01,-0.043,0.048
-4.67000e-01,-0.059,0.062
-4.66990e-01,-0.055,0.062
-4.66980e-01,-0.059,0.066
-4.66970e-01,-0.061,0.064
-4.66960e-01,-0.063,0.062
-4.66950e-01,-0.061,0.066
-4.66940e-01,-0.051,0.056
-4.66930e-01,-0.057,0.064
-4.66920e-01,-0.059,0.062
-4.66910e-01,-0.061,0.066
-4.66900e-01,-0.065,0.064
-4.66890e-01,-0.059,0.062
-4.66880e-01,-0.057,0.064
-4.66870e-01,-0.057,0.066
-4.66860e-01,-0.057,0.062
-4.66850e-01,-0.063,0.06
-4.66840e-01,-0.057,0.064
-4.66830e-01,-0.061,0.064
-4.66820e-01,-0.059,0.064
-4.66810e-01,-0.061,0.064
-4.66800e-01,-0.061,0.066
-4.66790e-01,-0.061,0.06
-4.66780e-01,-0.059,0.06
-4.66770e-01,-0.057,0.06
-4.66760e-01,-0.061,0.062
-4.66750e-01,-0.059,0.062
-4.66740e-01,-0.057,0.06
-4.66730e-01,-0.061,0.064
-4.66720e-01,-0.059,0.064
-4.66710e-01,-0.059,0.064
-4.66700e-01,-0.059,0.062
-4.66690e-01,-0.063,0.064
-4.66680e-01,-0.061,0.066
-4.66670e-01,-0.061,0.064
-4.66660e-01,-0.055,0.062
-4.66650e-01,-0.055,0.056
-4.66640e-01,-0.059,0.062
-4.66630e-01,-0.059,0.06
-4.66620e-01,-0.061,0.064
-4.66610e-01,-0.061,0.068
-4.66600e-01,-0.059,0.062
-4.66590e-01,-0.065,0.064
-4.66580e-01,-0.057,0.064
-4.66570e-01,-0.059,0.062
-4.66560e-01,-0.059,0.068
-4.66550e-01,-0.059,0.062
-4.66540e-01,-0.061,0.066
-4.66530e-01,-0.061,0.062
-4.66520e-01,-0.057,0.06
-4.66510e-01,-0.061,0.062
-4.66500e-01,-0.059,0.06
-4.66490e-01,-0.057,0.06
-4.66480e-01,-0.049,0.052
-4.66470e-01,-0.063,0.062
-4.66460e-01,-0.053,0.058
-4.66450e-01,-0.063,0.064
-4.66440e-01,-0.057,0.064
-4.66430e-01,-0.061,0.068
-4.66420e-01,-0.061,0.06
-4.66410e-01,-0.063,0.064
-4.66400e-01,-0.061,0.06
-4.66390e-01,-0.061,0.064
-4.66380e-01,-0.059,0.068
-4.66370e-01,-0.061,0.062
-4.66360e-01,-0.061,0.062
-4.66350e-01,-0.061,0.062
-4.66340e-01,-0.061,0.06
-4.66330e-01,-0.061,0.064
-4.66320e-01,-0.057,0.066
-4.66310e-01,-0.059,0.064
-4.66300e-01,-0.061,0.066
-4.66290e-01,-0.061,0.064
-4.66280e-01,-0.057,0.062
-4.66270e-01,-0.059,0.06
-4.66260e-01,-0.059,0.064
-4.66250e-01,-0.055,0.06
-4.66240e-01,-0.057,0.062
-4.66230e-01,-0.059,0.064
-4.66220e-01,-0.061,0.064
-4.66210e-01,-0.055,0.062
-4.66200e-01,-0.059,0.064
-4.66190e-01,-0.061,0.064
-4.66180e-01,-0.061,0.062
-4.66170e-01,-0.055,0.06
-4.66160e-01,-0.061,0.062
-4.66150e-01,-0.053,0.06
-4.66140e-01,-0.059,0.062
-4.66130e-01,-0.055,0.056
-4.66120e-01,-0.063,0.062
-4.66110e-01,-0.053,0.06
-4.66100e-01,-0.061,0.066
-4.66090e-01,-0.059,0.064
-4.66080e-01,-0.055,0.06
-4.66070e-01,-0.051,0.056
-4.66060e-01,-0.059,0.064
-4.66050e-01,-0.059,0.064
-4.66040e-01,-0.057,0.064
-4.66030e-01,-0.061,0.064
-4.66020e-01,-0.059,0.066
-4.66010e-01,-0.057,0.062
-4.66000e-01,-0.057,0.064
-4.65990e-01,-0.057,0.066
-4.65980e-01,-0.059,0.062
-4.65970e-01,-0.063,0.062
-4.65960e-01,-0.057,0.062
-4.65950e-01,-0.063,0.064
-4.65940e-01,-0.059,0.06
-4.65930e-01,-0.061,0.062
-4.65920e-01,-0.065,0.066
-4.65910e-01,-0.055,0.06
-4.65900e-01,-0.059,0.064
-4.65890e-01,-0.047,0.052
-4.65880e-01,-0.059,0.062
-4.65870e-01,-0.061,0.062
-4.65860e-01,-0.057,0.06
-4.65850e-01,-0.059,0.06
-4.65840e-01,-0.061,0.068
-4.65830e-01,-0.057,0.062
-4.65820e-01,-0.061,0.064
-4.65810e-01,-0.055,0.06
-4.65800e-01,-0.057,0.066
-4.65790e-01,-0.057,0.058
-4.65780e-01,-0.059,0.064
-4.65770e-01,-0.053,0.058
-4.65760e-01,-0.061,0.062
-4.65750e-01,-0.057,0.062
-4.65740e-01,-0.063,0.064
-4.65730e-01,-0.059,0.06
-4.65720e-01,-0.059,0.062
-4.65710e-01,-0.059,0.06
-4.65700e-01,-0.061,0.064
-4.65690e-01,-0.057,0.062
-4.65680e-01,-0.059,0.064
-4.65670e-01,-0.061,0.06
-4.65660e-01,-0.061,0.064
-4.65650e-01,-0.063,0.062
-4.65640e-01,-0.057,0.06
-4.65630e-01,-0.059,0.06
-4.65620e-01,-0.059,0.06
-4.65610e-01,-0.049,0.054
-4.65600e-01,-0.057,0.058
-4.65590e-01,-0.059,0.064
-4.65580e-01,-0.059,0.062
-4.65570e-01,-0.063,0.064
-4.65560e-01,-0.057,0.062
-4.65550e-01,-0.061,0.064
-4.65540e-01,-0.057,0.064
-4.65530e-01,-0.061,0.066
-4.65520e-01,-0.059,0.066
-4.65510e-01,-0.061,0.064
-4.65500e-01,-0.059,0.062
-4.65490e-01,-0.057,0.062
-4.65480e-01,-0.061,0.06
-4.65470e-01,-0.061,0.066
-4.65460e-01,-0.063,0.068
-4.65450e-01,-0.059,0.064
-4.65440e-01,-0.059,0.062
-4.65430e-01,-0.063,0.064
-4.65420e-01,-0.059,0.062
-4.65410e-01,-0.061,0.062
-4.65400e-01,-0.059,0.062
-4.65390e-01,-0.059,0.062
-4.65380e-01,-0.059,0.06
-4.65370e-01,-0.057,0.062
-4.65360e-01,-0.063,0.064
-4.65350e-01,-0.055,0.064
-4.65340e-01,-0.061,0.064
-4.65330e-01,-0.057,0.06
-4.65320e-01,-0.061,0.064
-4.65310e-01,-0.053,0.056
-4.65300e-01,-0.059,0.062
-4.65290e-01,-0.057,0.06
-4.65280e-01,-0.057,0.068
-4.65270e-01,-0.059,0.064
-4.65260e-01,-0.059,0.062
-4.65250e-01,-0.061,0.064
-4.65240e-01,-0.061,0.064
-4.65230e-01,-0.061,0.062
-4.65220e-01,-0.063,0.066
-4.65210e-01,-0.057,0.068
-4.65200e-01,-0.061,0.064
-4.65190e-01,-0.051,0.06
-4.65180e-01,-0.059,0.062
-4.65170e-01,-0.061,0.06
-4.65160e-01,-0.059,0.06
-4.65150e-01,-0.057,0.062
-4.65140e-01,-0.061,0.064
-4.65130e-01,-0.063,0.068
-4.65120e-01,-0.059,0.06
-4.65110e-01,-0.059,0.064
-4.65100e-01,-0.057,0.064
-4.65090e-01,-0.063,0.064
-4.65080e-01,-0.065,0.068
-4.65070e-01,-0.059,0.066
-4.65060e-01,-0.061,0.064
-4.65050e-01,-0.053,0.064
-4.65040e-01,-0.063,0.068
-4.65030e-01,-0.059,0.064
-4.65020e-01,-0.061,0.06
-4.65010e-01,-0.061,0.066
-4.65000e-01,-0.057,0.062
-4.64990e-01,-0.061,0.064
-4.64980e-01,-0.051,0.058
-4.64970e-01,-0.059,0.068
-4.64960e-01,-0.063,0.064
-4.64950e-01,-0.057,0.064
-4.64940e-01,-0.061,0.06
-4.64930e-01,-0.059,0.066
-4.64920e-01,-0.061,0.06
-4.64910e-01,-0.057,0.064
-4.64900e-01,-0.063,0.066
-4.64890e-01,-0.059,0.06
-4.64880e-01,-0.057,0.06
-4.64870e-01,-0.059,0.062
-4.64860e-01,-0.053,0.06
-4.64850e-01,-0.059,0.06
-4.64840e-01,-0.059,0.062
-4.64830e-01,-0.059,0.064
-4.64820e-01,-0.057,0.062
-4.64810e-01,-0.061,0.066
-4.64800e-01,-0.059,0.064
-4.64790e-01,-0.061,0.064
-4.64780e-01,-0.057,0.064
-4.64770e-01,-0.059,0.064
-4.64760e-01,-0.055,0.062
-4.64750e-01,-0.059,0.062
-4.64740e-01,-0.055,0.062
-4.64730e-01,-0.053,0.054
-4.64720e-01,-0.053,0.056
-4.64710e-01,-0.059,0.06
-4.64700e-01,-0.051,0.058
-4.64690e-01,-0.063,0.066
-4.64680e-01,-0.057,0.06
-4.64670e-01,-0.055,0.056
-4.64660e-01,-0.059,0.062
-4.64650e-01,-0.057,0.062
-4.64640e-01,-0.061,0.066
-4.64630e-01,-0.059,0.064
-4.64620e-01,-0.057,0.062
-4.64610e-01,-0.063,0.064
-4.64600e-01,-0.055,0.062
-4.64590e-01,-0.061,0.064
-4.64580e-01,-0.055,0.06
-4.64570e-01,-0.061,0.062
-4.64560e-01,-0.061,0.07
-4.64550e-01,-0.059,0.062
-4.64540e-01,-0.061,0.068
-4.64530e-01,-0.063,0.062
-4.64520e-01,-0.059,0.062
-4.64510e-01,-0.059,0.064
-4.64500e-01,-0.059,0.062
-4.64490e-01,-0.057,0.064
-4.64480e-01,-0.055,0.056
-4.64470e-01,-0.059,0.064
-4.64460e-01,-0.055,0.06
-4.64450e-01,-0.051,0.06
-4.64440e-01,-0.063,0.064
-4.64430e-01,-0.055,0.06
-4.64420e-01,-0.063,0.066
-4.64410e-01,-0.039,0.048
-4.64400e-01,-0.055,0.06
-4.64390e-01,-0.049,0.056
-4.64380e-01,-0.053,0.06
-4.64370e-01,-0.049,0.054
-4.64360e-01,-0.057,0.058
-4.64350e-01,-0.057,0.064
-4.64340e-01,-0.061,0.066
-4.64330e-01,-0.059,0.064
-4.64320e-01,-0.055,0.06
-4.64310e-01,-0.059,0.06
-4.64300e-01,-0.059,0.066
-4.64290e-01,-0.061,0.064
-4.64280e-01,-0.061,0.064
-4.64270e-01,-0.061,0.064
-4.64260e-01,-0.057,0.064
-4.64250e-01,-0.061,0.064
-4.64240e-01,-0.057,0.066
-4.64230e-01,-0.059,0.066
-4.64220e-01,-0.059,0.064
-4.64210e-01,-0.061,0.066
-4.64200e-01,-0.061,0.062
-4.64190e-01,-0.065,0.066
-4.64180e-01,-0.057,0.06
-4.64170e-01,-0.055,0.064
-4.64160e-01,-0.051,0.054
-4.64150e-01,-0.059,0.062
-4.64140e-01,-0.055,0.06
-4.64130e-01,-0.059,0.06
-4.64120e-01,-0.061,0.064
-4.64110e-01,-0.061,0.064
-4.64100e-01,-0.061,0.064
-4.64090e-01,-0.059,0.064
-4.64080e-01,-0.061,0.064
-4.64070e-01,-0.055,0.06
-4.64060e-01,-0.063,0.062
-4.64050e-01,-0.061,0.062
-4.64040e-01,-0.059,0.062
-4.64030e-01,-0.057,0.058
-4.64020e-01,-0.055,0.062
-4.64010e-01,-0.061,0.06
-4.64000e-01,-0.065,0.064
-4.63990e-01,-0.061,0.06
-4.63980e-01,-0.061,0.064
-4.63970e-01,-0.059,0.062
-4.63960e-01,-0.057,0.062
-4.63950e-01,-0.061,0.064
-4.63940e-01,-0.061,0.062
-4.63930e-01,-0.059,0.064
-4.63920e-01,-0.059,0.064
-4.63910e-01,-0.057,0.064
-4.63900e-01,-0.059,0.064
-4.63890e-01,-0.047,0.05
-4.63880e-01,-0.057,0.06
-4.63870e-01,-0.055,0.062
-4.63860e-01,-0.051,0.058
-4.63850e-01,-0.047,0.058
-4.63840e-01,-0.055,0.06
-4.63830e-01,-0.049,0.052
-4.63820e-01,-0.059,0.062
-4.63810e-01,-0.059,0.064
-4.63800e-01,-0.051,0.054
-4.63790e-01,-0.059,0.056
-4.63780e-01,-0.049,0.058
-4.63770e-01,-0.051,0.056
-4.63760e-01,-0.049,0.052
-4.63750e-01,-0.051,0.054
-4.63740e-01,-0.055,0.06
-4.63730e-01,-0.061,0.062
-4.63720e-01,-0.051,0.058
-4.63710e-01,-0.061,0.068
-4.63700e-01,-0.061,0.064
-4.63690e-01,-0.059,0.062
-4.63680e-01,-0.057,0.066
-4.63670e-01,-0.053,0.058
-4.63660e-01,-0.059,0.064
-4.63650e-01,-0.057,0.06
-4.63640e-01,-0.059,0.064
-4.63630e-01,-0.059,0.066
-4.63620e-01,-0.063,0.064
-4.63610e-01,-0.061,0.064
-4.63600e-01,-0.059,0.06
-4.63590e-01,-0.059,0.062
-4.63580e-01,-0.063,0.066
-4.63570e-01,-0.059,0.062
-4.63560e-01,-0.065,0.062
-4.63550e-01,-0.061,0.064
-4.63540e-01,-0.061,0.066
-4.63530e-01,-0.059,0.064
-4.63520e-01,-0.061,0.066
-4.63510e-01,-0.059,0.062
-4.63500e-01,-0.057,0.062
-4.63490e-01,-0.053,0.058
-4.63480e-01,-0.061,0.064
-4.63470e-01,-0.061,0.064
-4.63460e-01,-0.059,0.062
-4.63450e-01,-0.059,0.062
-4.63440e-01,-0.049,0.054
-4.63430e-01,-0.061,0.064
-4.63420e-01,-0.061,0.064
-4.63410e-01,-0.061,0.064
-4.63400e-01,-0.053,0.056
-4.63390e-01,-0.061,0.062
-4.63380e-01,-0.057,0.062
-4.63370e-01,-0.059,0.062
-4.63360e-01,-0.051,0.054
-4.63350e-01,-0.059,0.068
-4.63340e-01,-0.057,0.06
-4.63330e-01,-0.061,0.062
-4.63320e-01,-0.049,0.052
-4.63310e-01,-0.043,0.048
-4.63300e-01,-0.049,0.052
-4.63290e-01,-0.059,0.06
-4.63280e-01,-0.059,0.06
-4.63270e-01,-0.061,0.062
-4.63260e-01,-0.059,0.064
-4.63250e-01,-0.059,0.062
-4.63240e-01,-0.059,0.064
-4.63230e-01,-0.051,0.058
-4.63220e-01,-0.061,0.064
-4.63210e-01,-0.061,0.06
-4.63200e-01,-0.059,0.064
-4.63190e-01,-0.061,0.06
-4.63180e-01,-0.061,0.062
-4.63170e-01,-0.059,0.06
-4.63160e-01,-0.063,0.064
-4.63150e-01,-0.061,0.064
-4.63140e-01,-0.055,0.06
-4.63130e-01,-0.061,0.062
-4.63120e-01,-0.061,0.062
-4.63110e-01,-0.059,0.064
-4.63100e-01,-0.065,0.066
-4.63090e-01,-0.055,0.06
-4.63080e-01,-0.051,0.05
-4.63070e-01,-0.045,0.048
-4.63060e-01,-0.057,0.056
-4.63050e-01,-0.037,0.042
-4.63040e-01,-0.059,0.058
-4.63030e-01,-0.057,0.064
-4.63020e-01,-0.061,0.064
-4.63010e-01,-0.061,0.062
-4.63000e-01,-0.053,0.058
-4.62990e-01,-0.053,0.06
-4.62980e-01,-0.049,0.056
-4.62970e-01,-0.063,0.064
-4.62960e-01,-0.063,0.064
-4.62950e-01,-0.055,0.06
-4.62940e-01,-0.055,0.056
-4.62930e-01,-0.059,0.062
-4.62920e-01,-0.057,0.06
-4.62910e-01,-0.061,0.064
-4.62900e-01,-0.049,0.054
-4.62890e-01,-0.051,0.054
-4.62880e-01,-0.045,0.05
-4.62870e-01,-0.047,0.052
-4.62860e-01,-0.055,0.058
-4.62850e-01,-0.059,0.064
-4.62840e-01,-0.061,0.062
-4.62830e-01,-0.053,0.06
-4.62820e-01,-0.059,0.062
-4.62810e-01,-0.061,0.064
-4.62800e-01,-0.061,0.066
-4.62790e-01,-0.053,0.056
-4.62780e-01,-0.055,0.058
-4.62770e-01,-0.059,0.062
-4.62760e-01,-0.057,0.06
-4.62750e-01,-0.055,0.06
-4.62740e-01,-0.061,0.062
-4.62730e-01,-0.061,0.064
-4.62720e-01,-0.061,0.066
-4.62710e-01,-0.057,0.062
-4.62700e-01,-0.061,0.064
-4.62690e-01,-0.061,0.064
-4.62680e-01,-0.061,0.064
-4.62670e-01,-0.061,0.062
-4.62660e-01,-0.061,0.062
-4.62650e-01,-0.061,0.06
-4.62640e-01,-0.055,0.062
-4.62630e-01,-0.055,0.06
-4.62620e-01,-0.061,0.064
-4.62610e-01,-0.057,0.06
-4.62600e-01,-0.057,0.06
-4.62590e-01,-0.053,0.056
-4.62580e-01,-0.055,0.062
-4.62570e-01,-0.049,0.058
-4.62560e-01,-0.053,0.06
-4.62550e-01,-0.051,0.058
-4.62540e-01,-0.059,0.06
-4.62530e-01,-0.059,0.064
-4.62520e-01,-0.061,0.064
-4.62510e-01,-0.063,0.062
-4.62500e-01,-0.057,0.058
-4.62490e-01,-0.061,0.066
-4.62480e-01,-0.051,0.056
-4.62470e-01,-0.059,0.064
-4.62460e-01,-0.059,0.062
-4.62450e-01,-0.059,0.064
-4.62440e-01,-0.055,0.06
-4.62430e-01,-0.061,0.062
-4.62420e-01,-0.059,0.06
-4.62410e-01,-0.063,0.064
-4.62400e-01,-0.049,0.056
-4.62390e-01,-0.061,0.064
-4.62380e-01,-0.061,0.06
-4.62370e-01,-0.057,0.06
-4.62360e-01,-0.061,0.062
-4.62350e-01,-0.061,0.064
-4.62340e-01,-0.059,0.068
-4.62330e-01,-0.059,0.064
-4.62320e-01,-0.057,0.062
-4.62310e-01,-0.061,0.064
-4.62300e-01,-0.061,0.064
-4.62290e-01,-0.057,0.06
-4.62280e-01,-0.063,0.064
-4.62270e-01,-0.055,0.06
-4.62260e-01,-0.061,0.062
-4.62250e-01,-0.061,0.066
-4.62240e-01,-0.063,0.064
-4.62230e-01,-0.061,0.064
-4.62220e-01,-0.061,0.062
-4.62210e-01,-0.061,0.064
-4.62200e-01,-0.061,0.064
-4.62190e-01,-0.057,0.058
-4.62180e-01,-0.057,0.058
-4.62170e-01,-0.055,0.066
-4.62160e-01,-0.053,0.062
-4.62150e-01,-0.061,0.066
-4.62140e-01,-0.061,0.064
-4.62130e-01,-0.057,0.062
-4.62120e-01,-0.061,0.066
-4.62110e-01,-0.043,0.052
-4.62100e-01,-0.047,0.056
-4.62090e-01,-0.053,0.06
-4.62080e-01,-0.059,0.062
-4.62070e-01,-0.053,0.056
-4.62060e-01,-0.053,0.058
-4.62050e-01,-0.053,0.056
-4.62040e-01,-0.061,0.064
-4.62030e-01,-0.063,0.064
-4.62020e-01,-0.057,0.064
-4.62010e-01,-0.061,0.066
-4.62000e-01,-0.061,0.064
-4.61990e-01,-0.059,0.066
-4.61980e-01,-0.061,0.064
-4.61970e-01,-0.061,0.064
-4.61960e-01,-0.061,0.062
-4.61950e-01,-0.059,0.062
-4.61940e-01,-0.059,0.064
-4.61930e-01,-0.059,0.062
-4.61920e-01,-0.059,0.064
-4.61910e-01,-0.059,0.062
-4.61900e-01,-0.061,0.066
-4.61890e-01,-0.061,0.064
-4.61880e-01,-0.047,0.058
-4.61870e-01,-0.061,0.066
-4.61860e-01,-0.061,0.064
-4.61850e-01,-0.061,0.064
-4.61840e-01,-0.057,0.064
-4.61830e-01,-0.053,0.06
-4.61820e-01,-0.061,0.062
-4.61810e-01,-0.059,0.064
-4.61800e-01,-0.065,0.064
-4.61790e-01,-0.061,0.064
-4.61780e-01,-0.057,0.066
-4.61770e-01,-0.061,0.062
-4.61760e-01,-0.061,0.068
-4.61750e-01,-0.063,0.066
-4.61740e-01,-0.057,0.066
-4.61730e-01,-0.063,0.064
-4.61720e-01,-0.045,0.052
-4.61710e-01,-0.053,0.056
-4.61700e-01,-0.057,0.06
-4.61690e-01,-0.059,0.06
-4.61680e-01,-0.061,0.064
-4.61670e-01,-0.059,0.064
-4.61660e-01,-0.059,0.062
-4.61650e-01,-0.059,0.062
-4.61640e-01,-0.063,0.066
-4.61630e-01,-0.057,0.06
-4.61620e-01,-0.059,0.062
-4.61610e-01,-0.061,0.06
-4.61600e-01,-0.059,0.064
-4.61590e-01,-0.059,0.062
-4.61580e-01,-0.057,0.062
-4.61570e-01,-0.059,0.062
-4.61560e-01,-0.061,0.064
-4.61550e-01,-0.063,0.062
-4.61540e-01,-0.059,0.062
-4.61530e-01,-0.057,0.06
-4.61520e-01,-0.049,0.054
-4.61510e-01,-0.059,0.064
-4.61500e-01,-0.061,0.064
-4.61490e-01,-0.057,0.062
-4.61480e-01,-0.057,0.064
-4.61470e-01,-0.065,0.064
-4.61460e-01,-0.057,0.064
-4.61450e-01,-0.055,0.06
-4.61440e-01,-0.059,0.064
-4.61430e-01,-0.061,0.064
-4.61420e-01,-0.061,0.064
-4.61410e-01,-0.061,0.064
-4.61400e-01,-0.061,0.066
-4.61390e-01,-0.059,0.06
-4.61380e-01,-0.063,0.064
-4.61370e-01,-0.057,0.062
-4.61360e-01,-0.053,0.06
-4.61350e-01,-0.053,0.058
-4.61340e-01,-0.061,0.064
-4.61330e-01,-0.053,0.06
-4.61320e-01,-0.059,0.06
-4.61310e-01,-0.057,0.06
-4.61300e-01,-0.061,0.062
-4.61290e-01,-0.055,0.06
-4.61280e-01,-0.059,0.062
-4.61270e-01,-0.059,0.062
-4.61260e-01,-0.063,0.064
-4.61250e-01,-0.061,0.064
-4.61240e-01,-0.059,0.056
-4.61230e-01,-0.053,0.062
-4.61220e-01,-0.061,0.064
-4.61210e-01,-0.061,0.066
-4.61200e-01,-0.061,0.066
-4.61190e-01,-0.057,0.066
-4.61180e-01,-0.061,0.064
-4.61170e-01,-0.059,0.06
-4.61160e-01,-0.061,0.064
-4.61150e-01,-0.057,0.064
-4.61140e-01,-0.059,0.062
-4.61130e-01,-0.055,0.06
-4.61120e-01,-0.055,0.064
-4.61110e-01,-0.059,0.062
-4.61100e-01,-0.063,0.062
-4.61090e-01,-0.061,0.06
-4.61080e-01,-0.059,0.064
-4.61070e-01,-0.063,0.06
-4.61060e-01,-0.061,0.062
-4.61050e-01,-0.059,0.06
-4.61040e-01,-0.057,0.06
-4.61030e-01,-0.059,0.06
-4.61020e-01,-0.055,0.058
-4.61010e-01,-0.055,0.06
-4.61000e-01,-0.055,0.06
-4.60990e-01,-0.059,0.06
-4.60980e-01,-0.063,0.068
-4.60970e-01,-0.061,0.06
-4.60960e-01,-0.061,0.064
-4.60950e-01,-0.059,0.066
-4.60940e-01,-0.053,0.06
-4.60930e-01,-0.057,0.062
-4.60920e-01,-0.045,0.052
-4.60910e-01,-0.059,0.064
-4.60900e-01,-0.059,0.06
-4.60890e-01,-0.061,0.06
-4.60880e-01,-0.055,0.062
-4.60870e-01,-0.061,0.064
-4.60860e-01,-0.059,0.064
-4.60850e-01,-0.061,0.064
-4.60840e-01,-0.061,0.064
-4.60830e-01,-0.063,0.064
-4.60820e-01,-0.053,0.06
-4.60810e-01,-0.059,0.066
-4.60800e-01,-0.061,0.068
-4.60790e-01,-0.059,0.064
-4.60780e-01,-0.055,0.058
-4.60770e-01,-0.059,0.064
-4.60760e-01,-0.057,0.06
-4.60750e-01,-0.059,0.066
-4.60740e-01,-0.057,0.064
-4.60730e-01,-0.055,0.06
-4.60720e-01,-0.059,0.06
-4.60710e-01,-0.061,0.062
-4.60700e-01,-0.057,0.06
-4.60690e-01,-0.063,0.062
-4.60680e-01,-0.059,0.06
-4.60670e-01,-0.059,0.062
-4.60660e-01,-0.055,0.058
-4.60650e-01,-0.059,0.06
-4.60640e-01,-0.057,0.06
-4.60630e-01,-0.065,0.066
-4.60620e-01,-0.063,0.07
-4.60610e-01,-0.057,0.06
-4.60600e-01,-0.061,0.066
-4.60590e-01,-0.049,0.054
-4.60580e-01,-0.061,0.064
-4.60570e-01,-0.059,0.062
-4.60560e-01,-0.053,0.06
-4.60550e-01,-0.047,0.054
-4.60540e-01,-0.061,0.064
-4.60530e-01,-0.063,0.064
-4.60520e-01,-0.063,0.062
-4.60510e-01,-0.063,0.064
-4.60500e-01,-0.053,0.058
-4.60490e-01,-0.059,0.064
-4.60480e-01,-0.059,0.06
-4.60470e-01,-0.059,0.062
-4.60460e-01,-0.061,0.062
-4.60450e-01,-0.063,0.064
-4.60440e-01,-0.063,0.064
-4.60430e-01,-0.063,0.062
-4.60420e-01,-0.061,0.062
-4.60410e-01,-0.061,0.064
-4.60400e-01,-0.061,0.06
-4.60390e-01,-0.059,0.062
-4.60380e-01,-0.055,0.06
-4.60370e-01,-0.061,0.064
-4.60360e-01,-0.047,0.052
-4.60350e-01,-0.059,0.062
-4.60340e-01,-0.053,0.054
-4.60330e-01,-0.059,0.06
-4.60320e-01,-0.061,0.064
-4.60310e-01,-0.057,0.06
-4.60300e-01,-0.061,0.062
-4.60290e-01,-0.055,0.056
-4.60280e-01,-0.059,0.06
-4.60270e-01,-0.059,0.06
-4.60260e-01,-0.055,0.06
-4.60250e-01,-0.059,0.064
-4.60240e-01,-0.057,0.062
-4.60230e-01,-0.059,0.066
-4.60220e-01,-0.057,0.06
-4.60210e-01,-0.053,0.06
-4.60200e-01,-0.063,0.064
-4.60190e-01,-0.059,0.06
-4.60180e-01,-0.061,0.064
-4.60170e-01,-0.063,0.066
-4.60160e-01,-0.049,0.056
-4.60150e-01,-0.055,0.06
-4.60140e-01,-0.061,0.066
-4.60130e-01,-0.063,0.064
-4.60120e-01,-0.061,0.064
-4.60110e-01,-0.061,0.062
-4.60100e-01,-0.061,0.064
-4.60090e-01,-0.059,0.062
-4.60080e-01,-0.061,0.066
-4.60070e-01,-0.059,0.064
-4.60060e-01,-0.059,0.062
-4.60050e-01,-0.059,0.064
-4.60040e-01,-0.059,0.064
-4.60030e-01,-0.055,0.06
-4.60020e-01,-0.061,0.064
-4.60010e-01,-0.061,0.062
-4.60000e-01,-0.059,0.06
-4.59990e-01,-0.061,0.066
-4.59980e-01,-0.061,0.062
-4.59970e-01,-0.059,0.06
-4.59960e-01,-0.053,0.058
-4.59950e-01,-0.059,0.06
-4.59940e-01,-0.051,0.056
-4.59930e-01,-0.059,0.064
-4.59920e-01,-0.053,0.06
-4.59910e-01,-0.051,0.058
-4.59900e-01,-0.055,0.062
-4.59890e-01,-0.059,0.062
-4.59880e-01,-0.061,0.064
-4.59870e-01,-0.063,0.064
-4.59860e-01,-0.061,0.066
-4.59850e-01,-0.061,0.064
-4.59840e-01,-0.063,0.066
-4.59830e-01,-0.061,0.064
-4.59820e-01,-0.063,0.066
-4.59810e-01,-0.061,0.068
-4.59800e-01,-0.063,0.066
-4.59790e-01,-0.059,0.06
-4.59780e-01,-0.061,0.064
-4.59770e-01,-0.055,0.06
-4.59760e-01,-0.059,0.064
-4.59750e-01,-0.061,0.066
-4.59740e-01,-0.059,0.06
-4.59730e-01,-0.061,0.064
-4.59720e-01,-0.055,0.062
-4.59710e-01,-0.063,0.064
-4.59700e-01,-0.055,0.06
-4.59690e-01,-0.053,0.06
-4.59680e-01,-0.061,0.064
-4.59670e-01,-0.055,0.062
-4.59660e-01,-0.055,0.058
-4.59650e-01,-0.057,0.064
-4.59640e-01,-0.059,0.064
-4.59630e-01,-0.059,0.064
-4.59620e-01,-0.061,0.064
-4.59610e-01,-0.055,0.064
-4.59600e-01,-0.061,0.064
-4.59590e-01,-0.061,0.064
-4.59580e-01,-0.061,0.062
-4.59570e-01,-0.061,0.064
-4.59560e-01,-0.057,0.062
-4.59550e-01,-0.061,0.06
-4.59540e-01,-0.051,0.058
-4.59530e-01,-0.053,0.054
-4.59520e-01,-0.049,0.052
-4.59510e-01,-0.059,0.06
-4.59500e-01,-0.057,0.062
-4.59490e-01,-0.061,0.062
-4.59480e-01,-0.059,0.06
-4.59470e-01,-0.057,0.062
-4.59460e-01,-0.059,0.06
-4.59450e-01,-0.059,0.064
-4.59440e-01,-0.063,0.062
-4.59430e-01,-0.061,0.06
-4.59420e-01,-0.059,0.066
-4.59410e-01,-0.061,0.064
-4.59400e-01,-0.059,0.066
-4.59390e-01,-0.059,0.062
-4.59380e-01,-0.059,0.062
-4.59370e-01,-0.059,0.06
-4.59360e-01,-0.057,0.062
-4.59350e-01,-0.063,0.062
-4.59340e-01,-0.061,0.066
-4.59330e-01,-0.061,0.062
-4.59320e-01,-0.061,0.062
-4.59310e-01,-0.057,0.064
-4.59300e-01,-0.059,0.064
-4.59290e-01,-0.057,0.06
-4.59280e-01,-0.059,0.064
-4.59270e-01,-0.061,0.064
-4.59260e-01,-0.061,0.064
-4.59250e-01,-0.055,0.06
-4.59240e-01,-0.061,0.062
-4.59230e-01,-0.065,0.064
-4.59220e-01,-0.059,0.06
-4.59210e-01,-0.061,0.068
-4.59200e-01,-0.051,0.056
-4.59190e-01,-0.057,0.06
-4.59180e-01,-0.051,0.058
-4.59170e-01,-0.061,0.064
-4.59160e-01,-0.057,0.058
-4.59150e-01,-0.049,0.058
-4.59140e-01,-0.051,0.058
-4.59130e-01,-0.061,0.062
-4.59120e-01,-0.047,0.05
-4.59110e-01,-0.049,0.054
-4.59100e-01,-0.051,0.054
-4.59090e-01,-0.057,0.062
-4.59080e-01,-0.057,0.06
-4.59070e-01,-0.059,0.064
-4.59060e-01,-0.049,0.056
-4.59050e-01,-0.055,0.06
-4.59040e-01,-0.053,0.06
-4.59030e-01,-0.057,0.062
-4.59020e-01,-0.059,0.062
-4.59010e-01,-0.059,0.064
-4.59000e-01,-0.059,0.06
-4.58990e-01,-0.059,0.066
-4.58980e-01,-0.061,0.06
-4.58970e-01,-0.061,0.066
-4.58960e-01,-0.061,0.064
-4.58950e-01,-0.061,0.064
-4.58940e-01,-0.063,0.064
-4.58930e-01,-0.061,0.064
-4.58920e-01,-0.059,0.064
-4.58910e-01,-0.059,0.064
-4.58900e-01,-0.059,0.066
-4.58890e-01,-0.061,0.064
-4.58880e-01,-0.059,0.064
-4.58870e-01,-0.063,0.066
-4.58860e-01,-0.059,0.062
-4.58850e-01,-0.061,0.062
-4.58840e-01,-0.061,0.062
-4.58830e-01,-0.059,0.064
-4.58820e-01,-0.057,0.062
-4.58810e-01,-0.059,0.062
-4.58800e-01,-0.057,0.06
-4.58790e-01,-0.057,0.06
-4.58780e-01,-0.047,0.056
-4.58770e-01,-0.055,0.056
-4.58760e-01,-0.051,0.058
-4.58750e-01,-0.059,0.06
-4.58740e-01,-0.061,0.064
-4.58730e-01,-0.059,0.066
-4.58720e-01,-0.061,0.062
-4.58710e-01,-0.061,0.064
-4.58700e-01,-0.059,0.062
-4.58690e-01,-0.061,0.064
-4.58680e-01,-0.059,0.06
-4.58670e-01,-0.063,0.066
-4.58660e-01,-0.059,0.062
-4.58650e-01,-0.061,0.064
-4.58640e-01,-0.055,0.062
-4.58630e-01,-0.065,0.064
-4.58620e-01,-0.055,0.06
-4.58610e-01,-0.061,0.064
-4.58600e-01,-0.063,0.062
-4.58590e-01,-0.055,0.06
-4.58580e-01,-0.055,0.062
-4.58570e-01,-0.059,0.06
-4.58560e-01,-0.061,0.066
-4.58550e-01,-0.061,0.064
-4.58540e-01,-0.061,0.064
-4.58530e-01,-0.065,0.064
-4.58520e-01,-0.051,0.058
-4.58510e-01,-0.055,0.064
-4.58500e-01,-0.057,0.058
-4.58490e-01,-0.057,0.06
-4.58480e-01,-0.063,0.064
-4.58470e-01,-0.051,0.058
-4.58460e-01,-0.057,0.056
-4.58450e-01,-0.061,0.062
-4.58440e-01,-0.059,0.064
-4.58430e-01,-0.055,0.06
-4.58420e-01,-0.061,0.066
-4.58410e-01,-0.057,0.064
-4.58400e-01,-0.061,0.062
-4.58390e-01,-0.053,0.06
-4.58380e-01,-0.063,0.066
-4.58370e-01,-0.057,0.06
-4.58360e-01,-0.061,0.062
-4.58350e-01,-0.059,0.062
-4.58340e-01,-0.059,0.064
-4.58330e-01,-0.061,0.064
-4.58320e-01,-0.057,0.064
-4.58310e-01,-0.063,0.06
-4.58300e-01,-0.059,0.064
-4.58290e-01,-0.057,0.06
-4.58280e-01,-0.061,0.066
-4.58270e-01,-0.061,0.06
-4.58260e-01,-0.063,0.062
-4.58250e-01,-0.065,0.066
-4.58240e-01,-0.059,0.064
-4.58230e-01,-0.061,0.062
-4.58220e-01,-0.063,0.068
-4.58210e-01,-0.063,0.064
-4.58200e-01,-0.061,0.064
-4.58190e-01,-0.063,0.064
-4.58180e-01,-0.063,0.064
-4.58170e-01,-0.059,0.066
-4.58160e-01,-0.063,0.06
-4.58150e-01,-0.061,0.064
-4.58140e-01,-0.065,0.068
-4.58130e-01,-0.063,0.064
-4.58120e-01,-0.061,0.062
-4.58110e-01,-0.059,0.06
-4.58100e-01,-0.061,0.064
-4.58090e-01,-0.059,0.064
-4.58080e-01,-0.061,0.066
-4.58070e-01,-0.051,0.054
-4.58060e-01,-0.059,0.064
-4.58050e-01,-0.055,0.06
-4.58040e-01,-0.057,0.06
-4.58030e-01,-0.063,0.06
-4.58020e-01,-0.061,0.062
-4.58010e-01,-0.059,0.064
-4.58000e-01,-0.059,0.06
-4.57990e-01,-0.063,0.064
-4.57980e-01,-0.063,0.066
-4.57970e-01,-0.061,0.064
-4.57960e-01,-0.061,0.064
-4.57950e-01,-0.059,0.062
-4.57940e-01,-0.065,0.064
-4.57930e-01,-0.061,0.064
-4.57920e-01,-0.063,0.062
-4.57910e-01,-0.063,0.064
-4.57900e-01,-0.059,0.068
-4.57890e-01,-0.059,0.062
-4.57880e-01,-0.055,0.06
-4.57870e-01,-0.057,0.064
-4.57860e-01,-0.063,0.064
-4.57850e-01,-0.061,0.064
-4.57840e-01,-0.059,0.064
-4.57830e-01,-0.059,0.064
-4.57820e-01,-0.061,0.062
-4.57810e-01,-0.061,0.06
-4.57800e-01,-0.065,0.064
-4.57790e-01,-0.049,0.058
-4.57780e-01,-0.057,0.064
-4.57770e-01,-0.059,0.062
-4.57760e-01,-0.059,0.064
-4.57750e-01,-0.059,0.062
-4.57740e-01,-0.047,0.054
-4.57730e-01,-0.061,0.064
-4.57720e-01,-0.057,0.062
-4.57710e-01,-0.061,0.064
-4.57700e-01,-0.061,0.064
-4.57690e-01,-0.061,0.064
-4.57680e-01,-0.065,0.064
-4.57670e-01,-0.061,0.06
-4.57660e-01,-0.057,0.062
-4.57650e-01,-0.059,0.06
-4.57640e-01,-0.055,0.06
-4.57630e-01,-0.053,0.056
-4.57620e-01,-0.055,0.062
-4.57610e-01,-0.061,0.062
-4.57600e-01,-0.061,0.064
-4.57590e-01,-0.063,0.064
-4.57580e-01,-0.061,0.062
-4.57570e-01,-0.059,0.062
-4.57560e-01,-0.047,0.054
-4.57550e-01,-0.059,0.062
-4.57540e-01,-0.059,0.062
-4.57530e-01,-0.057,0.06
-4.57520e-01,-0.053,0.058
-4.57510e-01,-0.049,0.056
-4.57500e-01,-0.055,0.058
-4.57490e-01,-0.045,0.05
-4.57480e-01,-0.059,0.064
-4.57470e-01,-0.047,0.052
-4.57460e-01,-0.061,0.066
-4.57450e-01,-0.057,0.06
-4.57440e-01,-0.063,0.066
-4.57430e-01,-0.059,0.064
-4.57420e-01,-0.061,0.062
-4.57410e-01,-0.057,0.062
-4.57400e-01,-0.057,0.066
-4.57390e-01,-0.061,0.062
-4.57380e-01,-0.063,0.062
-4.57370e-01,-0.053,0.06
-4.57360e-01,-0.063,0.06
-4.57350e-01,-0.059,0.06
-4.57340e-01,-0.057,0.06
-4.57330e-01,-0.055,0.06
-4.57320e-01,-0.051,0.056
-4.57310e-01,-0.057,0.062
-4.57300e-01,-0.045,0.052
-4.57290e-01,-0.057,0.06
-4.57280e-01,-0.053,0.056
-4.57270e-01,-0.059,0.064
-4.57260e-01,-0.063,0.064
-4.57250e-01,-0.053,0.06
-4.57240e-01,-0.053,0.062
-4.57230e-01,-0.057,0.062
-4.57220e-01,-0.061,0.066
-4.57210e-01,-0.057,0.062
-4.57200e-01,-0.057,0.06
-4.57190e-01,-0.063,0.062
-4.57180e-01,-0.057,0.06
-4.57170e-01,-0.059,0.062
-4.57160e-01,-0.061,0.062
-4.57150e-01,-0.063,0.064
-4.57140e-01,-0.053,0.058
-4.57130e-01,-0.059,0.066
-4.57120e-01,-0.063,0.068
-4.57110e-01,-0.047,0.05
-4.57100e-01,-0.059,0.064
-4.57090e-01,-0.055,0.06
-4.57080e-01,-0.057,0.06
-4.57070e-01,-0.045,0.048
-4.57060e-01,-0.059,0.062
-4.57050e-01,-0.059,0.06
-4.57040e-01,-0.057,0.06
-4.57030e-01,-0.059,0.062
-4.57020e-01,-0.059,0.064
-4.57010e-01,-0.059,0.066
-4.57000e-01,-0.057,0.06
-4.56990e-01,-0.057,0.066
-4.56980e-01,-0.053,0.056
-4.56970e-01,-0.053,0.056
-4.56960e-01,-0.037,0.042
-4.56950e-01,-0.055,0.06
-4.56940e-01,-0.047,0.052
-4.56930e-01,-0.059,0.064
-4.56920e-01,-0.057,0.06
-4.56910e-01,-0.061,0.06
-4.56900e-01,-0.061,0.06
-4.56890e-01,-0.059,0.062
-4.56880e-01,-0.059,0.062
-4.56870e-01,-0.059,0.064
-4.56860e-01,-0.059,0.064
-4.56850e-01,-0.059,0.064
-4.56840e-01,-0.059,0.062
-4.56830e-01,-0.055,0.06
-4.56820e-01,-0.059,0.062
-4.56810e-01,-0.057,0.06
-4.56800e-01,-0.059,0.068
-4.56790e-01,-0.055,0.066
-4.56780e-01,-0.055,0.064
-4.56770e-01,-0.061,0.062
-4.56760e-01,-0.063,0.064
-4.56750e-01,-0.057,0.06
-4.56740e-01,-0.061,0.064
-4.56730e-01,-0.057,0.062
-4.56720e-01,-0.057,0.06
-4.56710e-01,-0.055,0.06
-4.56700e-01,-0.055,0.06
-4.56690e-01,-0.059,0.06
-4.56680e-01,-0.055,0.064
-4.56670e-01,-0.059,0.064
-4.56660e-01,-0.061,0.064
-4.56650e-01,-0.057,0.064
-4.56640e-01,-0.061,0.064
-4.56630e-01,-0.055,0.064
-4.56620e-01,-0.057,0.064
-4.56610e-01,-0.061,0.064
-4.56600e-01,-0.059,0.064
-4.56590e-01,-0.059,0.068
-4.56580e-01,-0.057,0.06
-4.56570e-01,-0.053,0.058
-4.56560e-01,-0.059,0.066
-4.56550e-01,-0.051,0.058
-4.56540e-01,-0.059,0.062
-4.56530e-01,-0.053,0.058
-4.56520e-01,-0.061,0.064
-4.56510e-01,-0.055,0.058
-4.56500e-01,-0.063,0.064
-4.56490e-01,-0.065,0.062
-4.56480e-01,-0.061,0.062
-4.56470e-01,-0.061,0.06
-4.56460e-01,-0.063,0.068
-4.56450e-01,-0.059,0.064
-4.56440e-01,-0.063,0.06
-4.56430e-01,-0.063,0.062
-4.56420e-01,-0.057,0.064
-4.56410e-01,-0.059,0.064
-4.56400e-01,-0.051,0.052
-4.56390e-01,-0.059,0.06
-4.56380e-01,-0.049,0.056
-4.56370e-01,-0.061,0.06
-4.56360e-01,-0.063,0.068
-4.56350e-01,-0.055,0.06
-4.56340e-01,-0.057,0.066
-4.56330e-01,-0.057,0.062
-4.56320e-01,-0.059,0.062
-4.56310e-01,-0.053,0.06
-4.56300e-01,-0.061,0.068
-4.56290e-01,-0.053,0.058
-4.56280e-01,-0.063,0.064
-4.56270e-01,-0.059,0.062
-4.56260e-01,-0.055,0.06
-4.56250e-01,-0.059,0.064
-4.56240e-01,-0.059,0.064
-4.56230e-01,-0.053,0.056
-4.56220e-01,-0.057,0.06
-4.56210e-01,-0.055,0.06
-4.56200e-01,-0.061,0.062
-4.56190e-01,-0.063,0.064
-4.56180e-01,-0.057,0.062
-4.56170e-01,-0.061,0.066
-4.56160e-01,-0.061,0.064
-4.56150e-01,-0.057,0.064
-4.56140e-01,-0.059,0.06
-4.56130e-01,-0.053,0.058
-4.56120e-01,-0.061,0.064
-4.56110e-01,-0.063,0.066
-4.56100e-01,-0.063,0.064
-4.56090e-01,-0.063,0.064
-4.56080e-01,-0.063,0.066
-4.56070e-01,-0.055,0.06
-4.56060e-01,-0.059,0.068
-4.56050e-01,-0.055,0.06
-4.56040e-01,-0.061,0.064
-4.56030e-01,-0.059,0.064
-4.56020e-01,-0.051,0.058
-4.56010e-01,-0.057,0.06
-4.56000e-01,-0.061,0.062
-4.55990e-01,-0.053,0.06
-4.55980e-01,-0.059,0.062
-4.55970e-01,-0.059,0.066
-4.55960e-01,-0.037,0.044
-4.55950e-01,-0.055,0.062
-4.55940e-01,-0.055,0.06
-4.55930e-01,-0.059,0.06
-4.55920e-01,-0.063,0.064
-4.55910e-01,-0.055,0.06
-4.55900e-01,-0.057,0.064
-4.55890e-01,-0.059,0.064
-4.55880e-01,-0.061,0.064
-4.55870e-01,-0.059,0.064
-4.55860e-01,-0.061,0.066
-4.55850e-01,-0.055,0.06
-4.55840e-01,-0.055,0.064
-4.55830e-01,-0.059,0.064
-4.55820e-01,-0.061,0.066
-4.55810e-01,-0.059,0.066
-4.55800e-01,-0.059,0.06
-4.55790e-01,-0.061,0.068
-4.55780e-01,-0.055,0.06
-4.55770e-01,-0.053,0.06
-4.55760e-01,-0.061,0.062
-4.55750e-01,-0.059,0.062
-4.55740e-01,-0.045,0.052
-4.55730e-01,-0.059,0.064
-4.55720e-01,-0.053,0.06
-4.55710e-01,-0.057,0.062
-4.55700e-01,-0.059,0.066
-4.55690e-01,-0.065,0.066
-4.55680e-01,-0.059,0.066
-4.55670e-01,-0.059,0.062
-4.55660e-01,-0.063,0.064
-4.55650e-01,-0.059,0.064
-4.55640e-01,-0.059,0.064
-4.55630e-01,-0.057,0.06
-4.55620e-01,-0.059,0.062
-4.55610e-01,-0.063,0.068
-4.55600e-01,-0.061,0.064
-4.55590e-01,-0.059,0.066
-4.55580e-01,-0.061,0.066
-4.55570e-01,-0.059,0.06
-4.55560e-01,-0.061,0.06
-4.55550e-01,-0.063,0.064
-4.55540e-01,-0.061,0.062
-4.55530e-01,-0.059,0.064
-4.55520e-01,-0.057,0.064
-4.55510e-01,-0.051,0.06
-4.55500e-01,-0.053,0.06
-4.55490e-01,-0.059,0.064
-4.55480e-01,-0.057,0.062
-4.55470e-01,-0.061,0.064
-4.55460e-01,-0.061,0.064
-4.55450e-01,-0.053,0.058
-4.55440e-01,-0.061,0.064
-4.55430e-01,-0.061,0.064
-4.55420e-01,-0.061,0.062
-4.55410e-01,-0.059,0.064
-4.55400e-01,-0.055,0.06
-4.55390e-01,-0.055,0.06
-4.55380e-01,-0.059,0.064
-4.55370e-01,-0.061,0.062
-4.55360e-01,-0.061,0.068
-4.55350e-01,-0.059,0.06
-4.55340e-01,-0.057,0.062
-4.55330e-01,-0.059,0.064
-4.55320e-01,-0.063,0.062
-4.55310e-01,-0.057,0.062
-4.55300e-01,-0.061,0.064
-4.55290e-01,-0.059,0.06
-4.55280e-01,-0.059,0.062
-4.55270e-01,-0.061,0.064
-4.55260e-01,-0.063,0.064
-4.55250e-01,-0.057,0.062
-4.55240e-01,-0.061,0.064
-4.55230e-01,-0.063,0.064
-4.55220e-01,-0.063,0.068
-4.55210e-01,-0.061,0.06
-4.55200e-01,-0.061,0.064
-4.55190e-01,-0.059,0.064
-4.55180e-01,-0.055,0.058
-4.55170e-01,-0.063,0.066
-4.55160e-01,-0.049,0.056
-4.55150e-01,-0.061,0.066
-4.55140e-01,-0.055,0.056
-4.55130e-01,-0.057,0.06
-4.55120e-01,-0.053,0.056
-4.55110e-01,-0.061,0.062
-4.55100e-01,-0.063,0.064
-4.55090e-01,-0.061,0.064
-4.55080e-01,-0.061,0.064
-4.55070e-01,-0.061,0.062
-4.55060e-01,-0.065,0.064
-4.55050e-01,-0.053,0.058
-4.55040e-01,-0.061,0.064
-4.55030e-01,-0.059,0.07
-4.55020e-01,-0.057,0.062
-4.55010e-01,-0.057,0.062
-4.55000e-01,-0.059,0.066
-4.54990e-01,-0.057,0.064
-4.54980e-01,-0.061,0.064
-4.54970e-01,-0.057,0.06
-4.54960e-01,-0.063,0.064
-4.54950e-01,-0.051,0.056
-4.54940e-01,-0.061,0.064
-4.54930e-01,-0.037,0.044
-4.54920e-01,-0.059,0.062
-4.54910e-01,-0.049,0.052
-4.54900e-01,-0.061,0.064
-4.54890e-01,-0.061,0.06
-4.54880e-01,-0.061,0.066
-4.54870e-01,-0.053,0.058
-4.54860e-01,-0.061,0.064
-4.54850e-01,-0.059,0.06
-4.54840e-01,-0.055,0.058
-4.54830e-01,-0.051,0.054
-4.54820e-01,-0.055,0.058
-4.54810e-01,-0.061,0.062
-4.54800e-01,-0.047,0.048
-4.54790e-01,-0.059,0.06
-4.54780e-01,-0.057,0.062
-4.54770e-01,-0.063,0.066
-4.54760e-01,-0.061,0.062
-4.54750e-01,-0.057,0.064
-4.54740e-01,-0.059,0.064
-4.54730e-01,-0.061,0.064
-4.54720e-01,-0.061,0.062
-4.54710e-01,-0.059,0.062
-4.54700e-01,-0.061,0.064
-4.54690e-01,-0.061,0.062
-4.54680e-01,-0.059,0.064
-4.54670e-01,-0.059,0.064
-4.54660e-01,-0.057,0.06
-4.54650e-01,-0.065,0.064
-4.54640e-01,-0.059,0.064
-4.54630e-01,-0.057,0.06
-4.54620e-01,-0.057,0.06
-4.54610e-01,-0.051,0.058
-4.54600e-01,-0.057,0.06
-4.54590e-01,-0.065,0.064
-4.54580e-01,-0.057,0.06
-4.54570e-01,-0.059,0.064
-4.54560e-01,-0.057,0.062
-4.54550e-01,-0.055,0.06
-4.54540e-01,-0.061,0.062
-4.54530e-01,-0.051,0.058
-4.54520e-01,-0.057,0.06
-4.54510e-01,-0.051,0.056
-4.54500e-01,-0.063,0.064
-4.54490e-01,-0.055,0.056
-4.54480e-01,-0.061,0.064
-4.54470e-01,-0.061,0.062
-4.54460e-01,-0.059,0.062
-4.54450e-01,-0.057,0.068
-4.54440e-01,-0.063,0.064
-4.54430e-01,-0.061,0.062
-4.54420e-01,-0.061,0.066
-4.54410e-01,-0.059,0.06
-4.54400e-01,-0.059,0.062
-4.54390e-01,-0.063,0.06
-4.54380e-01,-0.057,0.06
-4.54370e-01,-0.063,0.064
-4.54360e-01,-0.059,0.064
-4.54350e-01,-0.059,0.064
-4.54340e-01,-0.059,0.06
-4.54330e-01,-0.059,0.064
-4.54320e-01,-0.061,0.062
-4.54310e-01,-0.059,0.066
-4.54300e-01,-0.059,0.064
-4.54290e-01,-0.057,0.062
-4.54280e-01,-0.061,0.064
-4.54270e-01,-0.057,0.06
-4.54260e-01,-0.055,0.062
-4.54250e-01,-0.061,0.06
-4.54240e-01,-0.065,0.062
-4.54230e-01,-0.059,0.06
-4.54220e-01,-0.055,0.06
-4.54210e-01,-0.061,0.064
-4.54200e-01,-0.065,0.064
-4.54190e-01,-0.059,0.062
-4.54180e-01,-0.061,0.064
-4.54170e-01,-0.063,0.062
-4.54160e-01,-0.057,0.064
-4.54150e-01,-0.063,0.066
-4.54140e-01,-0.061,0.066
-4.54130e-01,-0.059,0.064
-4.54120e-01,-0.055,0.06
-4.54110e-01,-0.063,0.062
-4.54100e-01,-0.057,0.06
-4.54090e-01,-0.055,0.062
-4.54080e-01,-0.047,0.05
-4.54070e-01,-0.053,0.06
-4.54060e-01,-0.051,0.056
-4.54050e-01,-0.059,0.062
-4.54040e-01,-0.053,0.058
-4.54030e-01,-0.063,0.064
-4.54020e-01,-0.061,0.06
-4.54010e-01,-0.053,0.058
-4.54000e-01,-0.061,0.062
-4.53990e-01,-0.051,0.062
-4.53980e-01,-0.059,0.064
-4.53970e-01,-0.059,0.062
-4.53960e-01,-0.059,0.06
-4.53950e-01,-0.053,0.056
-4.53940e-01,-0.049,0.058
-4.53930e-01,-0.057,0.06
-4.53920e-01,-0.061,0.062
-4.53910e-01,-0.051,0.056
-4.53900e-01,-0.057,0.064
-4.53890e-01,-0.059,0.06
-4.53880e-01,-0.059,0.064
-4.53870e-01,-0.061,0.06
-4.53860e-01,-0.063,0.064
-4.53850e-01,-0.051,0.056
-4.53840e-01,-0.061,0.062
-4.53830e-01,-0.059,0.062
-4.53820e-01,-0.057,0.062
-4.53810e-01,-0.061,0.062
-4.53800e-01,-0.059,0.06
-4.53790e-01,-0.057,0.062
-4.53780e-01,-0.061,0.062
-4.53770e-01,-0.055,0.064
-4.53760e-01,-0.061,0.062
-4.53750e-01,-0.059,0.068
-4.53740e-01,-0.063,0.064
-4.53730e-01,-0.061,0.066
-4.53720e-01,-0.051,0.06
-4.53710e-01,-0.063,0.066
-4.53700e-01,-0.057,0.062
-4.53690e-01,-0.061,0.062
-4.53680e-01,-0.051,0.056
-4.53670e-01,-0.057,0.06
-4.53660e-01,-0.055,0.062
-4.53650e-01,-0.047,0.05
-4.53640e-01,-0.055,0.06
-4.53630e-01,-0.049,0.058
-4.53620e-01,-0.059,0.064
-4.53610e-01,-0.061,0.064
-4.53600e-01,-0.063,0.062
-4.53590e-01,-0.061,0.062
-4.53580e-01,-0.061,0.064
-4.53570e-01,-0.053,0.058
-4.53560e-01,-0.063,0.062
-4.53550e-01,-0.063,0.06
-4.53540e-01,-0.063,0.064
-4.53530e-01,-0.053,0.056
-4.53520e-01,-0.063,0.064
-4.53510e-01,-0.053,0.06
-4.53500e-01,-0.063,0.064
-4.53490e-01,-0.061,0.062
-4.53480e-01,-0.059,0.064
-4.53470e-01,-0.059,0.062
-4.53460e-01,-0.049,0.052
-4.53450e-01,-0.059,0.064
-4.53440e-01,-0.055,0.06
-4.53430e-01,-0.063,0.062
-4.53420e-01,-0.057,0.064
-4.53410e-01,-0.059,0.062
-4.53400e-01,-0.061,0.062
-4.53390e-01,-0.057,0.064
-4.53380e-01,-0.059,0.064
-4.53370e-01,-0.059,0.064
-4.53360e-01,-0.063,0.066
-4.53350e-01,-0.063,0.066
-4.53340e-01,-0.061,0.066
-4.53330e-01,-0.059,0.062
-4.53320e-01,-0.059,0.064
-4.53310e-01,-0.061,0.064
-4.53300e-01,-0.061,0.064
-4.53290e-01,-0.059,0.064
-4.53280e-01,-0.059,0.062
-4.53270e-01,-0.063,0.062
-4.53260e-01,-0.059,0.062
-4.53250e-01,-0.057,0.066
-4.53240e-01,-0.057,0.06
-4.53230e-01,-0.061,0.064
-4.53220e-01,-0.061,0.064
-4.53210e-01,-0.059,0.062
-4.53200e-01,-0.059,0.06
-4.53190e-01,-0.059,0.064
-4.53180e-01,-0.061,0.064
-4.53170e-01,-0.063,0.062
-4.53160e-01,-0.057,0.06
-4.53150e-01,-0.059,0.064
-4.53140e-01,-0.057,0.062
-4.53130e-01,-0.063,0.064
-4.53120e-01,-0.053,0.054
-4.53110e-01,-0.059,0.06
-4.53100e-01,-0.059,0.06
-4.53090e-01,-0.059,0.062
-4.53080e-01,-0.059,0.064
-4.53070e-01,-0.055,0.062
-4.53060e-01,-0.057,0.06
-4.53050e-01,-0.063,0.066
-4.53040e-01,-0.059,0.066
-4.53030e-01,-0.057,0.062
-4.53020e-01,-0.059,0.064
-4.53010e-01,-0.059,0.062
-4.53000e-01,-0.061,0.064
-4.52990e-01,-0.061,0.062
-4.52980e-01,-0.059,0.064
-4.52970e-01,-0.049,0.054
-4.52960e-01,-0.059,0.062
-4.52950e-01,-0.057,0.06
-4.52940e-01,-0.057,0.062
-4.52930e-01,-0.057,0.06
-4.52920e-01,-0.061,0.06
-4.52910e-01,-0.051,0.056
-4.52900e-01,-0.059,0.066
-4.52890e-01,-0.055,0.06
-4.52880e-01,-0.059,0.06
-4.52870e-01,-0.047,0.05
-4.52860e-01,-0.063,0.064
-4.52850e-01,-0.049,0.05
-4.52840e-01,-0.057,0.062
-4.52830e-01,-0.059,0.062
-4.52820e-01,-0.055,0.056
-4.52810e-01,-0.059,0.062
-4.52800e-01,-0.049,0.052
-4.52790e-01,-0.061,0.066
-4.52780e-01,-0.061,0.06
-4.52770e-01,-0.057,0.064
-4.52760e-01,-0.061,0.062
-4.52750e-01,-0.059,0.062
-4.52740e-01,-0.061,0.064
-4.52730e-01,-0.055,0.058
-4.52720e-01,-0.063,0.062
-4.52710e-01,-0.059,0.066
-4.52700e-01,-0.061,0.064
-4.52690e-01,-0.059,0.06
-4.52680e-01,-0.059,0.064
-4.52670e-01,-0.057,0.06
-4.52660e-01,-0.061,0.06
-4.52650e-01,-0.043,0.05
-4.52640e-01,-0.061,0.064
-4.52630e-01,-0.059,0.064
-4.52620e-01,-0.059,0.06
-4.52610e-01,-0.059,0.06
-4.52600e-01,-0.053,0.06
-4.52590e-01,-0.059,0.062
-4.52580e-01,-0.057,0.06
-4.52570e-01,-0.059,0.062
-4.52560e-01,-0.057,0.062
-4.52550e-01,-0.051,0.058
-4.52540e-01,-0.051,0.058
-4.52530e-01,-0.059,0.062
-4.52520e-01,-0.061,0.066
-4.52510e-01,-0.061,0.06
-4.52500e-01,-0.061,0.062
-4.52490e-01,-0.061,0.064
-4.52480e-01,-0.057,0.064
-4.52470e-01,-0.055,0.064
-4.52460e-01,-0.059,0.062
-4.52450e-01,-0.061,0.064
-4.52440e-01,-0.047,0.058
-4.52430e-01,-0.055,0.058
-4.52420e-01,-0.055,0.058
-4.52410e-01,-0.059,0.062
-4.52400e-01,-0.059,0.062
-4.52390e-01,-0.061,0.062
-4.52380e-01,-0.059,0.064
-4.52370e-01,-0.063,0.068
-4.52360e-01,-0.063,0.066
-4.52350e-01,-0.061,0.066
-4.52340e-01,-0.059,0.066
-4.52330e-01,-0.059,0.068
-4.52320e-01,-0.059,0.06
-4.52310e-01,-0.061,0.062
-4.52300e-01,-0.043,0.054
-4.52290e-01,-0.061,0.064
-4.52280e-01,-0.045,0.046
-4.52270e-01,-0.061,0.064
-4.52260e-01,-0.053,0.056
-4.52250e-01,-0.059,0.062
-4.52240e-01,-0.057,0.066
-4.52230e-01,-0.057,0.062
-4.52220e-01,-0.055,0.06
-4.52210e-01,-0.059,0.064
-4.52200e-01,-0.055,0.06
-4.52190e-01,-0.057,0.058
-4.52180e-01,-0.061,0.06
-4.52170e-01,-0.049,0.052
-4.52160e-01,-0.061,0.064
-4.52150e-01,-0.061,0.064
-4.52140e-01,-0.063,0.066
-4.52130e-01,-0.053,0.058
-4.52120e-01,-0.061,0.066
-4.52110e-01,-0.061,0.066
-4.52100e-01,-0.057,0.06
-4.52090e-01,-0.059,0.062
-4.52080e-01,-0.055,0.058
-4.52070e-01,-0.057,0.062
-4.52060e-01,-0.053,0.058
-4.52050e-01,-0.055,0.062
-4.52040e-01,-0.053,0.056
-4.52030e-01,-0.057,0.062
-4.52020e-01,-0.061,0.068
-4.52010e-01,-0.055,0.06
-4.52000e-01,-0.057,0.06
-4.51990e-01,-0.063,0.066
-4.51980e-01,-0.055,0.06
-4.51970e-01,-0.063,0.066
-4.51960e-01,-0.053,0.06
-4.51950e-01,-0.061,0.064
-4.51940e-01,-0.055,0.06
-4.51930e-01,-0.061,0.06
-4.51920e-01,-0.047,0.052
-4.51910e-01,-0.059,0.064
-4.51900e-01,-0.051,0.058
-4.51890e-01,-0.063,0.064
-4.51880e-01,-0.061,0.062
-4.51870e-01,-0.059,0.062
-4.51860e-01,-0.059,0.064
-4.51850e-01,-0.059,0.064
-4.51840e-01,-0.061,0.06
-4.51830e-01,-0.059,0.064
-4.51820e-01,-0.061,0.06
-4.51810e-01,-0.059,0.062
-4.51800e-01,-0.051,0.054
-4.51790e-01,-0.055,0.06
-4.51780e-01,-0.047,0.048
-4.51770e-01,-0.055,0.06
-4.51760e-01,-0.063,0.064
-4.51750e-01,-0.059,0.064
-4.51740e-01,-0.057,0.06
-4.51730e-01,-0.063,0.066
-4.51720e-01,-0.043,0.048
-4.51710e-01,-0.059,0.064
-4.51700e-01,-0.055,0.06
-4.51690e-01,-0.057,0.062
-4.51680e-01,-0.055,0.06
-4.51670e-01,-0.053,0.058
-4.51660e-01,-0.061,0.064
-4.51650e-01,-0.059,0.062
-4.51640e-01,-0.063,0.064
-4.51630e-01,-0.055,0.06
-4.51620e-01,-0.061,0.064
-4.51610e-01,-0.057,0.06
-4.51600e-01,-0.059,0.064
-4.51590e-01,-0.053,0.06
-4.51580e-01,-0.059,0.066
-4.51570e-01,-0.063,0.064
-4.51560e-01,-0.059,0.062
-4.51550e-01,-0.053,0.06
-4.51540e-01,-0.059,0.064
-4.51530e-01,-0.057,0.064
-4.51520e-01,-0.057,0.06
-4.51510e-01,-0.057,0.064
-4.51500e-01,-0.061,0.064
-4.51490e-01,-0.059,0.06
-4.51480e-01,-0.061,0.064
-4.51470e-01,-0.059,0.064
-4.51460e-01,-0.057,0.06
-4.51450e-01,-0.061,0.062
-4.51440e-01,-0.053,0.056
-4.51430e-01,-0.059,0.062
-4.51420e-01,-0.057,0.062
-4.51410e-01,-0.061,0.064
-4.51400e-01,-0.059,0.06
-4.51390e-01,-0.061,0.066
-4.51380e-01,-0.061,0.064
-4.51370e-01,-0.063,0.064
-4.51360e-01,-0.063,0.062
-4.51350e-01,-0.059,0.062
-4.51340e-01,-0.061,0.064
-4.51330e-01,-0.059,0.06
-4.51320e-01,-0.057,0.062
-4.51310e-01,-0.055,0.064
-4.51300e-01,-0.057,0.06
-4.51290e-01,-0.059,0.06
-4.51280e-01,-0.059,0.062
-4.51270e-01,-0.061,0.064
-4.51260e-01,-0.061,0.066
-4.51250e-01,-0.053,0.06
-4.51240e-01,-0.061,0.066
-4.51230e-01,-0.061,0.064
-4.51220e-01,-0.059,0.064
-4.51210e-01,-0.059,0.068
-4.51200e-01,-0.057,0.06
-4.51190e-01,-0.059,0.062
-4.51180e-01,-0.049,0.054
-4.51170e-01,-0.057,0.064
-4.51160e-01,-0.053,0.058
-4.51150e-01,-0.061,0.064
-4.51140e-01,-0.067,0.06
-4.51130e-01,-0.061,0.06
-4.51120e-01,-0.059,0.062
-4.51110e-01,-0.063,0.066
-4.51100e-01,-0.061,0.064
-4.51090e-01,-0.055,0.06
-4.51080e-01,-0.061,0.064
-4.51070e-01,-0.057,0.06
-4.51060e-01,-0.057,0.062
-4.51050e-01,-0.059,0.064
-4.51040e-01,-0.053,0.06
-4.51030e-01,-0.057,0.062
-4.51020e-01,-0.057,0.06
-4.51010e-01,-0.055,0.06
-4.51000e-01,-0.047,0.054
-4.50990e-01,-0.057,0.058
-4.50980e-01,-0.053,0.06
-4.50970e-01,-0.059,0.06
-4.50960e-01,-0.047,0.05
-4.50950e-01,-0.049,0.054
-4.50940e-01,-0.033,0.042
-4.50930e-01,-0.059,0.062
-4.50920e-01,-0.065,0.062
-4.50910e-01,-0.059,0.064
-4.50900e-01,-0.059,0.064
-4.50890e-01,-0.055,0.06
-4.50880e-01,-0.059,0.064
-4.50870e-01,-0.061,0.064
-4.50860e-01,-0.065,0.06
-4.50850e-01,-0.061,0.062
-4.50840e-01,-0.053,0.056
-4.50830e-01,-0.059,0.062
-4.50820e-01,-0.051,0.054
-4.50810e-01,-0.061,0.064
-4.50800e-01,-0.055,0.064
-4.50790e-01,-0.059,0.064
-4.50780e-01,-0.055,0.06
-4.50770e-01,-0.063,0.064
-4.50760e-01,-0.059,0.064
-4.50750e-01,-0.061,0.064
-4.50740e-01,-0.061,0.062
-4.50730e-01,-0.061,0.066
-4.50720e-01,-0.063,0.062
-4.50710e-01,-0.061,0.066
-4.50700e-01,-0.063,0.066
-4.50690e-01,-0.055,0.06
-4.50680e-01,-0.063,0.064
-4.50670e-01,-0.059,0.064
-4.50660e-01,-0.053,0.058
-4.50650e-01,-0.055,0.06
-4.50640e-01,-0.057,0.06
-4.50630e-01,-0.061,0.066
-4.50620e-01,-0.057,0.064
-4.50610e-01,-0.055,0.06
-4.50600e-01,-0.059,0.064
-4.50590e-01,-0.055,0.06
-4.50580e-01,-0.055,0.062
-4.50570e-01,-0.045,0.052
-4.50560e-01,-0.051,0.056
-4.50550e-01,-0.055,0.06
-4.50540e-01,-0.051,0.058
-4.50530e-01,-0.063,0.062
-4.50520e-01,-0.059,0.06
-4.50510e-01,-0.061,0.068
-4.50500e-01,-0.047,0.056
-4.50490e-01,-0.059,0.062
-4.50480e-01,-0.047,0.052
-4.50470e-01,-0.059,0.066
-4.50460e-01,-0.059,0.064
-4.50450e-01,-0.061,0.064
-4.50440e-01,-0.057,0.06
-4.50430e-01,-0.059,0.064
-4.50420e-01,-0.057,0.062
-4.50410e-01,-0.059,0.066
-4.50400e-01,-0.059,0.06
-4.50390e-01,-0.061,0.066
-4.50380e-01,-0.055,0.06
-4.50370e-01,-0.059,0.064
-4.50360e-01,-0.059,0.06
-4.50350e-01,-0.061,0.06
-4.50340e-01,-0.061,0.062
-4.50330e-01,-0.061,0.064
-4.50320e-01,-0.057,0.06
-4.50310e-01,-0.051,0.056
-4.50300e-01,-0.059,0.064
-4.50290e-01,-0.049,0.052
-4.50280e-01,-0.061,0.062
-4.50270e-01,-0.053,0.062
-4.50260e-01,-0.059,0.064
-4.50250e-01,-0.061,0.06
-4.50240e-01,-0.061,0.062
-4.50230e-01,-0.065,0.066
-4.50220e-01,-0.065,0.064
-4.50210e-01,-0.059,0.064
-4.50200e-01,-0.059,0.064
-4.50190e-01,-0.059,0.062
-4.50180e-01,-0.063,0.064
-4.50170e-01,-0.051,0.058
-4.50160e-01,-0.057,0.06
-4.50150e-01,-0.059,0.064
-4.50140e-01,-0.055,0.06
-4.50130e-01,-0.057,0.06
-4.50120e-01,-0.055,0.054
-4.50110e-01,-0.057,0.066
-4.50100e-01,-0.053,0.06
-4.50090e-01,-0.059,0.066
-4.50080e-01,-0.059,0.064
-4.50070e-01,-0.043,0.052
-4.50060e-01,-0.059,0.062
-4.50050e-01,-0.055,0.058
-4.50040e-01,-0.045,0.054
-4.50030e-01,-0.063,0.066
-4.50020e-01,-0.059,0.062
-4.50010e-01,-0.061,0.064
-4.50000e-01,-0.059,0.062
-4.49990e-01,-0.053,0.06
-4.49980e-01,-0.059,0.06
-4.49970e-01,-0.061,0.064
-4.49960e-01,-0.061,0.062
-4.49950e-01,-0.057,0.064
-4.49940e-01,-0.059,0.064
-4.49930e-01,-0.053,0.056
-4.49920e-01,-0.061,0.064
-4.49910e-01,-0.057,0.058
-4.49900e-01,-0.059,0.062
-4.49890e-01,-0.057,0.064
-4.49880e-01,-0.059,0.064
-4.49870e-01,-0.061,0.066
-4.49860e-01,-0.063,0.064
-4.49850e-01,-0.059,0.064
-4.49840e-01,-0.059,0.062
-4.49830e-01,-0.061,0.064
-4.49820e-01,-0.057,0.064
-4.49810e-01,-0.053,0.062
-4.49800e-01,-0.061,0.064
-4.49790e-01,-0.053,0.06
-4.49780e-01,-0.061,0.064
-4.49770e-01,-0.059,0.06
-4.49760e-01,-0.059,0.062
-4.49750e-01,-0.057,0.064
-4.49740e-01,-0.059,0.062
-4.49730e-01,-0.059,0.064
-4.49720e-01,-0.047,0.056
-4.49710e-01,-0.051,0.058
-4.49700e-01,-0.053,0.056
-4.49690e-01,-0.059,0.06
-4.49680e-01,-0.045,0.048
-4.49670e-01,-0.061,0.066
-4.49660e-01,-0.059,0.06
-4.49650e-01,-0.053,0.06
-4.49640e-01,-0.059,0.062
-4.49630e-01,-0.065,0.066
-4.49620e-01,-0.061,0.064
-4.49610e-01,-0.051,0.058
-4.49600e-01,-0.063,0.062
-4.49590e-01,-0.061,0.062
-4.49580e-01,-0.063,0.064
-4.49570e-01,-0.059,0.062
-4.49560e-01,-0.055,0.06
-4.49550e-01,-0.063,0.064
-4.49540e-01,-0.059,0.06
-4.49530e-01,-0.063,0.064
-4.49520e-01,-0.057,0.06
-4.49510e-01,-0.057,0.062
-4.49500e-01,-0.059,0.064
-4.49490e-01,-0.049,0.056
-4.49480e-01,-0.063,0.066
-4.49470e-01,-0.051,0.054
-4.49460e-01,-0.061,0.064
-4.49450e-01,-0.055,0.056
-4.49440e-01,-0.047,0.052
-4.49430e-01,-0.063,0.062
-4.49420e-01,-0.061,0.06
-4.49410e-01,-0.059,0.066
-4.49400e-01,-0.057,0.064
-4.49390e-01,-0.061,0.06
-4.49380e-01,-0.063,0.066
-4.49370e-01,-0.061,0.068
-4.49360e-01,-0.067,0.062
-4.49350e-01,-0.061,0.068
-4.49340e-01,-0.061,0.064
-4.49330e-01,-0.049,0.056
-4.49320e-01,-0.061,0.06
-4.49310e-01,-0.059,0.062
-4.49300e-01,-0.061,0.062
-4.49290e-01,-0.059,0.066
-4.49280e-01,-0.049,0.054
-4.49270e-01,-0.061,0.064
-4.49260e-01,-0.051,0.056
-4.49250e-01,-0.061,0.066
-4.49240e-01,-0.055,0.06
-4.49230e-01,-0.059,0.064
-4.49220e-01,-0.051,0.06
-4.49210e-01,-0.059,0.062
-4.49200e-01,-0.043,0.046
-4.49190e-01,-0.059,0.06
-4.49180e-01,-0.053,0.058
-4.49170e-01,-0.061,0.062
-4.49160e-01,-0.057,0.06
-4.49150e-01,-0.059,0.062
-4.49140e-01,-0.061,0.064
-4.49130e-01,-0.059,0.06
-4.49120e-01,-0.063,0.064
-4.49110e-01,-0.059,0.06
-4.49100e-01,-0.051,0.054
-4.49090e-01,-0.055,0.06
-4.49080e-01,-0.061,0.064
-4.49070e-01,-0.061,0.064
-4.49060e-01,-0.061,0.064
-4.49050e-01,-0.059,0.06
-4.49040e-01,-0.061,0.064
-4.49030e-01,-0.063,0.064
-4.49020e-01,-0.057,0.066
-4.49010e-01,-0.055,0.06
-4.49000e-01,-0.057,0.062
-4.48990e-01,-0.063,0.064
-4.48980e-01,-0.059,0.062
-4.48970e-01,-0.057,0.064
-4.48960e-01,-0.049,0.052
-4.48950e-01,-0.061,0.064
-4.48940e-01,-0.059,0.064
-4.48930e-01,-0.059,0.064
-4.48920e-01,-0.055,0.062
-4.48910e-01,-0.061,0.062
-4.48900e-01,-0.057,0.064
-4.48890e-01,-0.057,0.062
-4.48880e-01,-0.057,0.062
-4.48870e-01,-0.063,0.064
-4.48860e-01,-0.061,0.062
-4.48850e-01,-0.059,0.064
-4.48840e-01,-0.057,0.058
-4.48830e-01,-0.059,0.062
-4.48820e-01,-0.041,0.048
-4.48810e-01,-0.055,0.062
-4.48800e-01,-0.059,0.064
-4.48790e-01,-0.059,0.062
-4.48780e-01,-0.055,0.064
-4.48770e-01,-0.063,0.066
-4.48760e-01,-0.063,0.064
-4.48750e-01,-0.061,0.064
-4.48740e-01,-0.059,0.064
-4.48730e-01,-0.059,0.064
-4.48720e-01,-0.061,0.064
-4.48710e-01,-0.061,0.06
-4.48700e-01,-0.063,0.064
-4.48690e-01,-0.059,0.064
-4.48680e-01,-0.057,0.062
-4.48670e-01,-0.061,0.06
-4.48660e-01,-0.061,0.062
-4.48650e-01,-0.061,0.062
-4.48640e-01,-0.057,0.064
-4.48630e-01,-0.059,0.06
-4.48620e-01,-0.061,0.062
-4.48610e-01,-0.059,0.06
-4.48600e-01,-0.057,0.058
-4.48590e-01,-0.061,0.064
-4.48580e-01,-0.053,0.056
-4.48570e-01,-0.057,0.062
-4.48560e-01,-0.055,0.058
-4.48550e-01,-0.055,0.06
-4.48540e-01,-0.055,0.056
-4.48530e-01,-0.053,0.058
-4.48520e-01,-0.061,0.064
-4.48510e-01,-0.063,0.064
-4.48500e-01,-0.057,0.06
-4.48490e-01,-0.061,0.064
-4.48480e-01,-0.055,0.056
-4.48470e-01,-0.053,0.06
-4.48460e-01,-0.057,0.062
-4.48450e-01,-0.057,0.062
-4.48440e-01,-0.055,0.06
-4.48430e-01,-0.059,0.064
-4.48420e-01,-0.057,0.06
-4.48410e-01,-0.059,0.062
-4.48400e-01,-0.063,0.062
-4.48390e-01,-0.047,0.056
-4.48380e-01,-0.061,0.062
-4.48370e-01,-0.063,0.064
-4.48360e-01,-0.063,0.06
-4.48350e-01,-0.049,0.052
-4.48340e-01,-0.063,0.064
-4.48330e-01,-0.059,0.06
-4.48320e-01,-0.057,0.064
-4.48310e-01,-0.057,0.06
-4.48300e-01,-0.059,0.062
-4.48290e-01,-0.061,0.062
-4.48280e-01,-0.055,0.06
-4.48270e-01,-0.049,0.058
-4.48260e-01,-0.051,0.056
-4.48250e-01,-0.057,0.06
-4.48240e-01,-0.059,0.06
-4.48230e-01,-0.059,0.064
-4.48220e-01,-0.061,0.066
-4.48210e-01,-0.059,0.062
-4.48200e-01,-0.061,0.064
-4.48190e-01,-0.059,0.06
-4.48180e-01,-0.061,0.062
-4.48170e-01,-0.055,0.058
-4.48160e-01,-0.057,0.066
-4.48150e-01,-0.061,0.066
-4.48140e-01,-0.057,0.062
-4.48130e-01,-0.059,0.062
-4.48120e-01,-0.063,0.064
-4.48110e-01,-0.063,0.064
-4.48100e-01,-0.051,0.054
-4.48090e-01,-0.057,0.062
-4.48080e-01,-0.047,0.054
-4.48070e-01,-0.059,0.066
-4.48060e-01,-0.055,0.06
-4.48050e-01,-0.061,0.06
-4.48040e-01,-0.059,0.062
-4.48030e-01,-0.061,0.064
-4.48020e-01,-0.063,0.064
-4.48010e-01,-0.061,0.062
-4.48000e-01,-0.059,0.06
-4.47990e-01,-0.059,0.064
-4.47980e-01,-0.059,0.06
-4.47970e-01,-0.059,0.062
-4.47960e-01,-0.055,0.062
-4.47950e-01,-0.059,0.062
-4.47940e-01,-0.059,0.06
-4.47930e-01,-0.059,0.06
-4.47920e-01,-0.061,0.062
-4.47910e-01,-0.057,0.06
-4.47900e-01,-0.055,0.06
-4.47890e-01,-0.059,0.062
-4.47880e-01,-0.061,0.062
-4.47870e-01,-0.059,0.06
-4.47860e-01,-0.051,0.058
-4.47850e-01,-0.057,0.058
-4.47840e-01,-0.053,0.058
-4.47830e-01,-0.059,0.06
-4.47820e-01,-0.057,0.06
-4.47810e-01,-0.059,0.064
-4.47800e-01,-0.059,0.064
-4.47790e-01,-0.063,0.062
-4.47780e-01,-0.061,0.064
-4.47770e-01,-0.061,0.064
-4.47760e-01,-0.059,0.064
-4.47750e-01,-0.061,0.064
-4.47740e-01,-0.061,0.064
-4.47730e-01,-0.053,0.062
-4.47720e-01,-0.061,0.068
-4.47710e-01,-0.065,0.062
-4.47700e-01,-0.055,0.06
-4.47690e-01,-0.061,0.062
-4.47680e-01,-0.059,0.058
-4.47670e-01,-0.059,0.064
-4.47660e-01,-0.055,0.06
-4.47650e-01,-0.063,0.064
-4.47640e-01,-0.061,0.064
-4.47630e-01,-0.059,0.062
-4.47620e-01,-0.059,0.062
-4.47610e-01,-0.059,0.064
-4.47600e-01,-0.051,0.056
-4.47590e-01,-0.057,0.062
-4.47580e-01,-0.057,0.06
-4.47570e-01,-0.063,0.06
-4.47560e-01,-0.057,0.06
-4.47550e-01,-0.059,0.066
-4.47540e-01,-0.059,0.06
-4.47530e-01,-0.059,0.062
-4.47520e-01,-0.059,0.066
-4.47510e-01,-0.059,0.06
-4.47500e-01,-0.057,0.062
-4.47490e-01,-0.049,0.054
-4.47480e-01,-0.059,0.064
-4.47470e-01,-0.047,0.058
-4.47460e-01,-0.061,0.06
-4.47450e-01,-0.057,0.06
-4.47440e-01,-0.057,0.062
-4.47430e-01,-0.053,0.06
-4.47420e-01,-0.045,0.048
-4.47410e-01,-0.063,0.064
-4.47400e-01,-0.053,0.06
-4.47390e-01,-0.061,0.066
-4.47380e-01,-0.059,0.062
-4.47370e-01,-0.059,0.06
-4.47360e-01,-0.049,0.056
-4.47350e-01,-0.065,0.062
-4.47340e-01,-0.057,0.058
-4.47330e-01,-0.061,0.064
-4.47320e-01,-0.061,0.064
-4.47310e-01,-0.059,0.064
-4.47300e-01,-0.061,0.06
-4.47290e-01,-0.055,0.06
-4.47280e-01,-0.061,0.064
-4.47270e-01,-0.061,0.062
-4.47260e-01,-0.061,0.062
-4.47250e-01,-0.053,0.06
-4.47240e-01,-0.057,0.06
-4.47230e-01,-0.057,0.064
-4.47220e-01,-0.057,0.062
-4.47210e-01,-0.063,0.064
-4.47200e-01,-0.059,0.06
-4.47190e-01,-0.061,0.06
-4.47180e-01,-0.061,0.064
-4.47170e-01,-0.059,0.06
-4.47160e-01,-0.063,0.064
-4.47150e-01,-0.057,0.062
-4.47140e-01,-0.057,0.064
-4.47130e-01,-0.059,0.06
-4.47120e-01,-0.051,0.06
-4.47110e-01,-0.059,0.062
-4.47100e-01,-0.063,0.062
-4.47090e-01,-0.059,0.062
-4.47080e-01,-0.063,0.064
-4.47070e-01,-0.061,0.06
-4.47060e-01,-0.063,0.064
-4.47050e-01,-0.061,0.062
-4.47040e-01,-0.063,0.066
-4.47030e-01,-0.053,0.06
-4.47020e-01,-0.059,0.062
-4.47010e-01,-0.061,0.062
-4.47000e-01,-0.063,0.064
-4.46990e-01,-0.065,0.064
-4.46980e-01,-0.059,0.064
-4.46970e-01,-0.063,0.066
-4.46960e-01,-0.061,0.064
-4.46950e-01,-0.053,0.056
-4.46940e-01,-0.057,0.06
-4.46930e-01,-0.059,0.064
-4.46920e-01,-0.063,0.062
-4.46910e-01,-0.063,0.062
-4.46900e-01,-0.059,0.064
-4.46890e-01,-0.061,0.062
-4.46880e-01,-0.059,0.068
-4.46870e-01,-0.063,0.064
-4.46860e-01,-0.061,0.064
-4.46850e-01,-0.061,0.064
-4.46840e-01,-0.063,0.062
-4.46830e-01,-0.061,0.064
-4.46820e-01,-0.059,0.066
-4.46810e-01,-0.057,0.058
-4.46800e-01,-0.055,0.06
-4.46790e-01,-0.057,0.06
-4.46780e-01,-0.055,0.06
-4.46770e-01,-0.057,0.06
-4.46760e-01,-0.063,0.062
-4.46750e-01,-0.061,0.064
-4.46740e-01,-0.055,0.066
-4.46730e-01,-0.061,0.064
-4.46720e-01,-0.059,0.066
-4.46710e-01,-0.053,0.06
-4.46700e-01,-0.059,0.062
-4.46690e-01,-0.061,0.064
-4.46680e-01,-0.057,0.064
-4.46670e-01,-0.059,0.064
-4.46660e-01,-0.059,0.062
-4.46650e-01,-0.059,0.062
-4.46640e-01,-0.059,0.06
-4.46630e-01,-0.061,0.064
-4.46620e-01,-0.055,0.06
-4.46610e-01,-0.063,0.064
-4.46600e-01,-0.063,0.062
-4.46590e-01,-0.057,0.066
-4.46580e-01,-0.063,0.064
-4.46570e-01,-0.043,0.05
-4.46560e-01,-0.055,0.06
-4.46550e-01,-0.059,0.064
-4.46540e-01,-0.059,0.064
-4.46530e-01,-0.061,0.062
-4.46520e-01,-0.051,0.058
-4.46510e-01,-0.061,0.062
-4.46500e-01,-0.047,0.054
-4.46490e-01,-0.053,0.058
-4.46480e-01,-0.055,0.06
-4.46470e-01,-0.059,0.066
-4.46460e-01,-0.049,0.058
-4.46450e-01,-0.055,0.06
-4.46440e-01,-0.047,0.052
-4.46430e-01,-0.061,0.062
-4.46420e-01,-0.053,0.058
-4.46410e-01,-0.057,0.06
-4.46400e-01,-0.055,0.06
-4.46390e-01,-0.055,0.058
-4.46380e-01,-0.059,0.06
-4.46370e-01,-0.061,0.06
-4.46360e-01,-0.055,0.06
-4.46350e-01,-0.063,0.062
-4.46340e-01,-0.065,0.064
-4.46330e-01,-0.063,0.064
-4.46320e-01,-0.063,0.066
-4.46310e-01,-0.059,0.06
-4.46300e-01,-0.063,0.064
-4.46290e-01,-0.061,0.064
-4.46280e-01,-0.059,0.062
-4.46270e-01,-0.063,0.064
-4.46260e-01,-0.059,0.06
-4.46250e-01,-0.055,0.056
-4.46240e-01,-0.057,0.062
-4.46230e-01,-0.061,0.064
-4.46220e-01,-0.059,0.06
-4.46210e-01,-0.061,0.062
-4.46200e-01,-0.059,0.064
-4.46190e-01,-0.059,0.06
-4.46180e-01,-0.061,0.06
-4.46170e-01,-0.061,0.062
-4.46160e-01,-0.063,0.064
-4.46150e-01,-0.059,0.066
-4.46140e-01,-0.057,0.062
-4.46130e-01,-0.061,0.066
-4.46120e-01,-0.057,0.06
-4.46110e-01,-0.061,0.062
-4.46100e-01,-0.057,0.064
-4.46090e-01,-0.059,0.062
-4.46080e-01,-0.061,0.06
-4.46070e-01,-0.053,0.056
-4.46060e-01,-0.061,0.064
-4.46050e-01,-0.061,0.064
-4.46040e-01,-0.063,0.062
-4.46030e-01,-0.061,0.066
-4.46020e-01,-0.055,0.06
-4.46010e-01,-0.059,0.062
-4.46000e-01,-0.063,0.064
-4.45990e-01,-0.061,0.062
-4.45980e-01,-0.047,0.05
-4.45970e-01,-0.057,0.064
-4.45960e-01,-0.057,0.06
-4.45950e-01,-0.063,0.064
-4.45940e-01,-0.057,0.06
-4.45930e-01,-0.057,0.064
-4.45920e-01,-0.061,0.064
-4.45910e-01,-0.059,0.064
-4.45900e-01,-0.059,0.062
-4.45890e-01,-0.059,0.06
-4.45880e-01,-0.063,0.064
-4.45870e-01,-0.063,0.064
-4.45860e-01,-0.059,0.062
-4.45850e-01,-0.059,0.064
-4.45840e-01,-0.057,0.064
-4.45830e-01,-0.061,0.066
-4.45820e-01,-0.055,0.056
-4.45810e-01,-0.059,0.062
-4.45800e-01,-0.055,0.06
-4.45790e-01,-0.061,0.064
-4.45780e-01,-0.059,0.064
-4.45770e-01,-0.059,0.066
-4.45760e-01,-0.057,0.06
-4.45750e-01,-0.057,0.064
-4.45740e-01,-0.055,0.062
-4.45730e-01,-0.063,0.064
-4.45720e-01,-0.061,0.062
-4.45710e-01,-0.061,0.064
-4.45700e-01,-0.061,0.064
-4.45690e-01,-0.059,0.062
-4.45680e-01,-0.055,0.054
-4.45670e-01,-0.059,0.064
-4.45660e-01,-0.063,0.06
-4.45650e-01,-0.057,0.06
-4.45640e-01,-0.065,0.064
-4.45630e-01,-0.063,0.064
-4.45620e-01,-0.061,0.064
-4.45610e-01,-0.057,0.066
-4.45600e-01,-0.061,0.064
-4.45590e-01,-0.061,0.064
-4.45580e-01,-0.057,0.06
-4.45570e-01,-0.059,0.064
-4.45560e-01,-0.059,0.064
-4.45550e-01,-0.059,0.066
-4.45540e-01,-0.061,0.064
-4.45530e-01,-0.061,0.062
-4.45520e-01,-0.055,0.06
-4.45510e-01,-0.047,0.056
-4.45500e-01,-0.055,0.06
-4.45490e-01,-0.053,0.062
-4.45480e-01,-0.049,0.06
-4.45470e-01,-0.057,0.062
-4.45460e-01,-0.061,0.062
-4.45450e-01,-0.059,0.062
-4.45440e-01,-0.059,0.064
-4.45430e-01,-0.059,0.064
-4.45420e-01,-0.059,0.066
-4.45410e-01,-0.043,0.052
-4.45400e-01,-0.057,0.062
-4.45390e-01,-0.053,0.058
-4.45380e-01,-0.059,0.064
-4.45370e-01,-0.055,0.06
-4.45360e-01,-0.061,0.064
-4.45350e-01,-0.063,0.064
-4.45340e-01,-0.061,0.062
-4.45330e-01,-0.059,0.064
-4.45320e-01,-0.057,0.064
-4.45310e-01,-0.059,0.062
-4.45300e-01,-0.061,0.066
-4.45290e-01,-0.063,0.066
-4.45280e-01,-0.061,0.064
-4.45270e-01,-0.059,0.062
-4.45260e-01,-0.057,0.06
-4.45250e-01,-0.063,0.062
-4.45240e-01,-0.055,0.054
-4.45230e-01,-0.059,0.06
-4.45220e-01,-0.063,0.06
-4.45210e-01,-0.061,0.062
-4.45200e-01,-0.063,0.064
-4.45190e-01,-0.055,0.06
-4.45180e-01,-0.055,0.062
-4.45170e-01,-0.051,0.056
-4.45160e-01,-0.061,0.066
-4.45150e-01,-0.057,0.06
-4.45140e-01,-0.049,0.05
-4.45130e-01,-0.057,0.062
-4.45120e-01,-0.051,0.054
-4.45110e-01,-0.059,0.062
-4.45100e-01,-0.051,0.052
-4.45090e-01,-0.047,0.056
-4.45080e-01,-0.049,0.054
-4.45070e-01,-0.061,0.064
-4.45060e-01,-0.063,0.064
-4.45050e-01,-0.059,0.064
-4.45040e-01,-0.061,0.064
-4.45030e-01,-0.061,0.064
-4.45020e-01,-0.055,0.058
-4.45010e-01,-0.059,0.064
-4.45000e-01,-0.061,0.064
-4.44990e-01,-0.061,0.064
-4.44980e-01,-0.059,0.064
-4.44970e-01,-0.061,0.064
-4.44960e-01,-0.051,0.06
-4.44950e-01,-0.061,0.064
-4.44940e-01,-0.063,0.062
-4.44930e-01,-0.059,0.064
-4.44920e-01,-0.059,0.062
-4.44910e-01,-0.059,0.06
-4.44900e-01,-0.063,0.062
-4.44890e-01,-0.057,0.06
-4.44880e-01,-0.061,0.064
-4.44870e-01,-0.057,0.062
-4.44860e-01,-0.051,0.056
-4.44850e-01,-0.057,0.06
-4.44840e-01,-0.055,0.06
-4.44830e-01,-0.057,0.06
-4.44820e-01,-0.059,0.062
-4.44810e-01,-0.061,0.068
-4.44800e-01,-0.065,0.064
-4.44790e-01,-0.051,0.058
-4.44780e-01,-0.059,0.066
-4.44770e-01,-0.061,0.064
-4.44760e-01,-0.061,0.06
-4.44750e-01,-0.063,0.062
-4.44740e-01,-0.061,0.062
-4.44730e-01,-0.059,0.064
-4.44720e-01,-0.059,0.062
-4.44710e-01,-0.055,0.058
-4.44700e-01,-0.055,0.058
-4.44690e-01,-0.059,0.062
-4.44680e-01,-0.063,0.064
-4.44670e-01,-0.059,0.064
-4.44660e-01,-0.059,0.064
-4.44650e-01,-0.053,0.058
-4.44640e-01,-0.059,0.062
-4.44630e-01,-0.059,0.06
-4.44620e-01,-0.055,0.062
-4.44610e-01,-0.063,0.064
-4.44600e-01,-0.061,0.064
-4.44590e-01,-0.061,0.062
-4.44580e-01,-0.049,0.052
-4.44570e-01,-0.047,0.06
-4.44560e-01,-0.053,0.058
-4.44550e-01,-0.063,0.064
-4.44540e-01,-0.059,0.062
-4.44530e-01,-0.057,0.064
-4.44520e-01,-0.057,0.06
-4.44510e-01,-0.063,0.064
-4.44500e-01,-0.057,0.062
-4.44490e-01,-0.057,0.062
-4.44480e-01,-0.053,0.058
-4.44470e-01,-0.059,0.06
-4.44460e-01,-0.059,0.064
-4.44450e-01,-0.059,0.06
-4.44440e-01,-0.061,0.064
-4.44430e-01,-0.059,0.068
-4.44420e-01,-0.061,0.06
-4.44410e-01,-0.059,0.06
-4.44400e-01,-0.059,0.064
-4.44390e-01,-0.061,0.06
-4.44380e-01,-0.061,0.062
-4.44370e-01,-0.053,0.06
-4.44360e-01,-0.061,0.06
-4.44350e-01,-0.063,0.066
-4.44340e-01,-0.057,0.06
-4.44330e-01,-0.063,0.064
-4.44320e-01,-0.059,0.06
-4.44310e-01,-0.057,0.066
-4.44300e-01,-0.061,0.064
-4.44290e-01,-0.065,0.064
-4.44280e-01,-0.057,0.062
-4.44270e-01,-0.059,0.06
-4.44260e-01,-0.049,0.056
-4.44250e-01,-0.061,0.062
-4.44240e-01,-0.063,0.064
-4.44230e-01,-0.061,0.064
-4.44220e-01,-0.059,0.062
-4.44210e-01,-0.063,0.068
-4.44200e-01,-0.065,0.066
-4.44190e-01,-0.061,0.064
-4.44180e-01,-0.061,0.064
-4.44170e-01,-0.063,0.066
-4.44160e-01,-0.055,0.064
-4.44150e-01,-0.059,0.066
-4.44140e-01,-0.061,0.062
-4.44130e-01,-0.055,0.06
-4.44120e-01,-0.061,0.064
-4.44110e-01,-0.055,0.06
-4.44100e-01,-0.059,0.068
-4.44090e-01,-0.061,0.062
-4.44080e-01,-0.061,0.062
-4.44070e-01,-0.059,0.06
-4.44060e-01,-0.061,0.068
-4.44050e-01,-0.061,0.064
-4.44040e-01,-0.061,0.066
-4.44030e-01,-0.061,0.062
-4.44020e-01,-0.061,0.062
-4.44010e-01,-0.061,0.062
-4.44000e-01,-0.053,0.06
-4.43990e-01,-0.059,0.064
-4.43980e-01,-0.059,0.062
-4.43970e-01,-0.059,0.062
-4.43960e-01,-0.057,0.064
-4.43950e-01,-0.057,0.064
-4.43940e-01,-0.057,0.062
-4.43930e-01,-0.063,0.064
-4.43920e-01,-0.061,0.064
-4.43910e-01,-0.063,0.062
-4.43900e-01,-0.059,0.062
-4.43890e-01,-0.059,0.062
-4.43880e-01,-0.061,0.064
-4.43870e-01,-0.061,0.064
-4.43860e-01,-0.061,0.062
-4.43850e-01,-0.059,0.062
-4.43840e-01,-0.061,0.064
-4.43830e-01,-0.061,0.066
-4.43820e-01,-0.059,0.066
-4.43810e-01,-0.061,0.064
-4.43800e-01,-0.061,0.062
-4.43790e-01,-0.061,0.062
-4.43780e-01,-0.059,0.06
-4.43770e-01,-0.057,0.06
-4.43760e-01,-0.059,0.064
-4.43750e-01,-0.057,0.064
-4.43740e-01,-0.061,0.064
-4.43730e-01,-0.059,0.062
-4.43720e-01,-0.053,0.06
-4.43710e-01,-0.059,0.064
-4.43700e-01,-0.061,0.066
-4.43690e-01,-0.061,0.06
-4.43680e-01,-0.063,0.064
-4.43670e-01,-0.057,0.056
-4.43660e-01,-0.049,0.052
-4.43650e-01,-0.055,0.062
-4.43640e-01,-0.059,0.062
-4.43630e-01,-0.059,0.064
-4.43620e-01,-0.057,0.06
-4.43610e-01,-0.059,0.062
-4.43600e-01,-0.063,0.064
-4.43590e-01,-0.059,0.062
-4.43580e-01,-0.059,0.062
-4.43570e-01,-0.061,0.062
-4.43560e-01,-0.055,0.054
-4.43550e-01,-0.059,0.066
-4.43540e-01,-0.059,0.062
-4.43530e-01,-0.061,0.062
-4.43520e-01,-0.063,0.064
-4.43510e-01,-0.053,0.06
-4.43500e-01,-0.055,0.06
-4.43490e-01,-0.061,0.066
-4.43480e-01,-0.063,0.064
-4.43470e-01,-0.059,0.064
-4.43460e-01,-0.063,0.064
-4.43450e-01,-0.061,0.062
-4.43440e-01,-0.057,0.062
-4.43430e-01,-0.059,0.06
-4.43420e-01,-0.061,0.062
-4.43410e-01,-0.061,0.062
-4.43400e-01,-0.059,0.064
-4.43390e-01,-0.065,0.062
-4.43380e-01,-0.059,0.068
-4.43370e-01,-0.059,0.06
-4.43360e-01,-0.059,0.062
-4.43350e-01,-0.059,0.06
-4.43340e-01,-0.059,0.06
-4.43330e-01,-0.059,0.06
-4.43320e-01,-0.055,0.058
-4.43310e-01,-0.039,0.042
-4.43300e-01,-0.049,0.054
-4.43290e-01,-0.053,0.054
-4.43280e-01,-0.053,0.056
-4.43270e-01,-0.055,0.062
-4.43260e-01,-0.059,0.062
-4.43250e-01,-0.057,0.06
-4.43240e-01,-0.049,0.054
-4.43230e-01,-0.055,0.06
-4.43220e-01,-0.047,0.058
-4.43210e-01,-0.053,0.06
-4.43200e-01,-0.057,0.06
-4.43190e-01,-0.061,0.062
-4.43180e-01,-0.061,0.06
-4.43170e-01,-0.059,0.064
-4.43160e-01,-0.059,0.064
-4.43150e-01,-0.059,0.062
-4.43140e-01,-0.061,0.064
-4.43130e-01,-0.061,0.064
-4.43120e-01,-0.059,0.064
-4.43110e-01,-0.059,0.062
-4.43100e-01,-0.063,0.064
-4.43090e-01,-0.061,0.06
-4.43080e-01,-0.061,0.062
-4.43070e-01,-0.061,0.066
-4.43060e-01,-0.061,0.064
-4.43050e-01,-0.057,0.064
-4.43040e-01,-0.061,0.062
-4.43030e-01,-0.061,0.062
-4.43020e-01,-0.061,0.064
-4.43010e-01,-0.063,0.064
-4.43000e-01,-0.059,0.064
-4.42990e-01,-0.047,0.048
-4.42980e-01,-0.051,0.056
-4.42970e-01,-0.049,0.052
-4.42960e-01,-0.059,0.062
-4.42950e-01,-0.057,0.062
-4.42940e-01,-0.059,0.06
-4.42930e-01,-0.065,0.064
-4.42920e-01,-0.057,0.06
-4.42910e-01,-0.061,0.064
-4.42900e-01,-0.059,0.064
-4.42890e-01,-0.063,0.062
-4.42880e-01,-0.059,0.064
-4.42870e-01,-0.053,0.054
-4.42860e-01,-0.061,0.064
-4.42850e-01,-0.061,0.064
-4.42840e-01,-0.061,0.064
-4.42830e-01,-0.057,0.062
-4.42820e-01,-0.053,0.06
-4.42810e-01,-0.057,0.062
-4.42800e-01,-0.061,0.066
-4.42790e-01,-0.061,0.062
-4.42780e-01,-0.059,0.064
-4.42770e-01,-0.061,0.064
-4.42760e-01,-0.055,0.06
-4.42750e-01,-0.059,0.064
-4.42740e-01,-0.059,0.062
-4.42730e-01,-0.055,0.06
-4.42720e-01,-0.053,0.058
-4.42710e-01,-0.061,0.064
-4.42700e-01,-0.061,0.064
-4.42690e-01,-0.061,0.062
-4.42680e-01,-0.055,0.06
-4.42670e-01,-0.061,0.064
-4.42660e-01,-0.057,0.06
-4.42650e-01,-0.059,0.062
-4.42640e-01,-0.061,0.064
-4.42630e-01,-0.049,0.054
-4.42620e-01,-0.059,0.06
-4.42610e-01,-0.061,0.06
-4.42600e-01,-0.061,0.062
-4.42590e-01,-0.053,0.06
-4.42580e-01,-0.051,0.056
-4.42570e-01,-0.051,0.06
-4.42560e-01,-0.061,0.064
-4.42550e-01,-0.057,0.06
-4.42540e-01,-0.063,0.064
-4.42530e-01,-0.059,0.064
-4.42520e-01,-0.061,0.06
-4.42510e-01,-0.061,0.06
-4.42500e-01,-0.063,0.066
-4.42490e-01,-0.057,0.062
-4.42480e-01,-0.053,0.06
-4.42470e-01,-0.051,0.06
-4.42460e-01,-0.059,0.062
-4.42450e-01,-0.059,0.064
-4.42440e-01,-0.061,0.064
-4.42430e-01,-0.061,0.062
-4.42420e-01,-0.057,0.06
-4.42410e-01,-0.063,0.066
-4.42400e-01,-0.059,0.062
-4.42390e-01,-0.059,0.064
-4.42380e-01,-0.061,0.06
-4.42370e-01,-0.059,0.062
-4.42360e-01,-0.061,0.066
-4.42350e-01,-0.059,0.06
-4.42340e-01,-0.053,0.054
-4.42330e-01,-0.059,0.064
-4.42320e-01,-0.059,0.064
-4.42310e-01,-0.061,0.066
-4.42300e-01,-0.059,0.06
-4.42290e-01,-0.059,0.064
-4.42280e-01,-0.059,0.066
-4.42270e-01,-0.063,0.062
-4.42260e-01,-0.061,0.06
-4.42250e-01,-0.059,0.066
-4.42240e-01,-0.059,0.064
-4.42230e-01,-0.063,0.064
-4.42220e-01,-0.061,0.062
-4.42210e-01,-0.055,0.058
-4.42200e-01,-0.063,0.064
-4.42190e-01,-0.047,0.056
-4.42180e-01,-0.061,0.064
-4.42170e-01,-0.057,0.064
-4.42160e-01,-0.065,0.064
-4.42150e-01,-0.061,0.064
-4.42140e-01,-0.061,0.064
-4.42130e-01,-0.061,0.064
-4.42120e-01,-0.061,0.064
-4.42110e-01,-0.063,0.064
-4.42100e-01,-0.059,0.064
-4.42090e-01,-0.057,0.06
-4.42080e-01,-0.059,0.064
-4.42070e-01,-0.057,0.062
-4.42060e-01,-0.055,0.062
-4.42050e-01,-0.061,0.062
-4.42040e-01,-0.061,0.07
-4.42030e-01,-0.065,0.064
-4.42020e-01,-0.061,0.066
-4.42010e-01,-0.065,0.066
-4.42000e-01,-0.059,0.06
-4.41990e-01,-0.061,0.064
-4.41980e-01,-0.061,0.064
-4.41970e-01,-0.059,0.064
-4.41960e-01,-0.055,0.062
-4.41950e-01,-0.057,0.062
-4.41940e-01,-0.059,0.066
-4.41930e-01,-0.061,0.062
-4.41920e-01,-0.059,0.062
-4.41910e-01,-0.061,0.06
-4.41900e-01,-0.059,0.062
-4.41890e-01,-0.061,0.064
-4.41880e-01,-0.057,0.064
-4.41870e-01,-0.059,0.06
-4.41860e-01,-0.057,0.062
-4.41850e-01,-0.059,0.068
-4.41840e-01,-0.061,0.064
-4.41830e-01,-0.057,0.064
-4.41820e-01,-0.059,0.062
-4.41810e-01,-0.047,0.054
-4.41800e-01,-0.055,0.06
-4.41790e-01,-0.059,0.062
-4.41780e-01,-0.061,0.064
-4.41770e-01,-0.059,0.064
-4.41760e-01,-0.059,0.062
-4.41750e-01,-0.055,0.06
-4.41740e-01,-0.055,0.064
-4.41730e-01,-0.057,0.064
-4.41720e-01,-0.053,0.058
-4.41710e-01,-0.061,0.064
-4.41700e-01,-0.055,0.06
-4.41690e-01,-0.057,0.062
-4.41680e-01,-0.061,0.064
-4.41670e-01,-0.057,0.062
-4.41660e-01,-0.053,0.06
-4.41650e-01,-0.057,0.06
-4.41640e-01,-0.059,0.064
-4.41630e-01,-0.055,0.066
-4.41620e-01,-0.059,0.064
-4.41610e-01,-0.059,0.062
-4.41600e-01,-0.063,0.06
-4.41590e-01,-0.061,0.064
-4.41580e-01,-0.053,0.062
-4.41570e-01,-0.059,0.064
-4.41560e-01,-0.061,0.064
-4.41550e-01,-0.057,0.06
-4.41540e-01,-0.063,0.064
-4.41530e-01,-0.055,0.06
-4.41520e-01,-0.057,0.06
-4.41510e-01,-0.051,0.058
-4.41500e-01,-0.063,0.062
-4.41490e-01,-0.061,0.068
-4.41480e-01,-0.061,0.062
-4.41470e-01,-0.059,0.066
-4.41460e-01,-0.061,0.062
-4.41450e-01,-0.059,0.062
-4.41440e-01,-0.061,0.064
-4.41430e-01,-0.051,0.058
-4.41420e-01,-0.061,0.064
-4.41410e-01,-0.051,0.056
-4.41400e-01,-0.059,0.06
-4.41390e-01,-0.057,0.064
-4.41380e-01,-0.063,0.064
-4.41370e-01,-0.051,0.058
-4.41360e-01,-0.057,0.06
-4.41350e-01,-0.057,0.066
-4.41340e-01,-0.059,0.064
-4.41330e-01,-0.059,0.06
-4.41320e-01,-0.061,0.062
-4.41310e-01,-0.055,0.062
-4.41300e-01,-0.059,0.066
-4.41290e-01,-0.063,0.064
-4.41280e-01,-0.061,0.064
-4.41270e-01,-0.061,0.06
-4.41260e-01,-0.055,0.06
-4.41250e-01,-0.061,0.064
-4.41240e-01,-0.059,0.06
-4.41230e-01,-0.059,0.064
-4.41220e-01,-0.059,0.062
-4.41210e-01,-0.055,0.06
-4.41200e-01,-0.057,0.064
-4.41190e-01,-0.055,0.062
-4.41180e-01,-0.059,0.062
-4.41170e-01,-0.059,0.064
-4.41160e-01,-0.057,0.06
-4.41150e-01,-0.053,0.06
-4.41140e-01,-0.045,0.05
-4.41130e-01,-0.045,0.048
-4.41120e-01,-0.029,0.036
-4.41110e-01,-0.049,0.058
-4.41100e-01,-0.053,0.056
-4.41090e-01,-0.059,0.064
-4.41080e-01,-0.053,0.06
-4.41070e-01,-0.061,0.066
-4.41060e-01,-0.055,0.056
-4.41050e-01,-0.059,0.064
-4.41040e-01,-0.057,0.062
-4.41030e-01,-0.055,0.06
-4.41020e-01,-0.061,0.064
-4.41010e-01,-0.061,0.064
-4.41000e-01,-0.059,0.062
-4.40990e-01,-0.059,0.06
-4.40980e-01,-0.061,0.064
-4.40970e-01,-0.063,0.064
-4.40960e-01,-0.061,0.062
-4.40950e-01,-0.057,0.064
-4.40940e-01,-0.061,0.064
-4.40930e-01,-0.059,0.064
-4.40920e-01,-0.055,0.058
-4.40910e-01,-0.063,0.064
-4.40900e-01,-0.059,0.064
-4.40890e-01,-0.061,0.066
-4.40880e-01,-0.057,0.06
-4.40870e-01,-0.055,0.06
-4.40860e-01,-0.061,0.064
-4.40850e-01,-0.059,0.062
-4.40840e-01,-0.057,0.06
-4.40830e-01,-0.045,0.052
-4.40820e-01,-0.061,0.062
-4.40810e-01,-0.057,0.058
-4.40800e-01,-0.057,0.062
-4.40790e-01,-0.055,0.064
-4.40780e-01,-0.059,0.064
-4.40770e-01,-0.059,0.064
-4.40760e-01,-0.059,0.062
-4.40750e-01,-0.059,0.066
-4.40740e-01,-0.059,0.064
-4.40730e-01,-0.059,0.06
-4.40720e-01,-0.061,0.064
-4.40710e-01,-0.057,0.062
-4.40700e-01,-0.059,0.062
-4.40690e-01,-0.063,0.066
-4.40680e-01,-0.061,0.06
-4.40670e-01,-0.059,0.062
-4.40660e-01,-0.057,0.066
-4.40650e-01,-0.061,0.062
-4.40640e-01,-0.055,0.06
-4.40630e-01,-0.061,0.064
-4.40620e-01,-0.057,0.064
-4.40610e-01,-0.059,0.066
-4.40600e-01,-0.063,0.062
-4.40590e-01,-0.063,0.064
-4.40580e-01,-0.059,0.064
-4.40570e-01,-0.061,0.062
-4.40560e-01,-0.063,0.062
-4.40550e-01,-0.059,0.06
-4.40540e-01,-0.061,0.062
-4.40530e-01,-0.055,0.06
-4.40520e-01,-0.061,0.066
-4.40510e-01,-0.051,0.054
-4.40500e-01,-0.049,0.056
-4.40490e-01,-0.053,0.058
-4.40480e-01,-0.065,0.064
-4.40470e-01,-0.059,0.064
-4.40460e-01,-0.061,0.06
-4.40450e-01,-0.053,0.06
-4.40440e-01,-0.061,0.064
-4.40430e-01,-0.061,0.062
-4.40420e-01,-0.055,0.062
-4.40410e-01,-0.061,0.064
-4.40400e-01,-0.057,0.064
-4.40390e-01,-0.059,0.064
-4.40380e-01,-0.055,0.06
-4.40370e-01,-0.059,0.064
-4.40360e-01,-0.057,0.06
-4.40350e-01,-0.063,0.066
-4.40340e-01,-0.059,0.062
-4.40330e-01,-0.063,0.064
-4.40320e-01,-0.057,0.062
-4.40310e-01,-0.055,0.062
-4.40300e-01,-0.057,0.062
-4.40290e-01,-0.057,0.06
-4.40280e-01,-0.059,0.062
-4.40270e-01,-0.063,0.064
-4.40260e-01,-0.061,0.068
-4.40250e-01,-0.063,0.064
-4.40240e-01,-0.061,0.06
-4.40230e-01,-0.065,0.066
-4.40220e-01,-0.059,0.064
-4.40210e-01,-0.061,0.066
-4.40200e-01,-0.065,0.06
-4.40190e-01,-0.063,0.064
-4.40180e-01,-0.063,0.064
-4.40170e-01,-0.061,0.066
-4.40160e-01,-0.059,0.064
-4.40150e-01,-0.063,0.06
-4.40140e-01,-0.065,0.066
-4.40130e-01,-0.061,0.06
-4.40120e-01,-0.061,0.066
-4.40110e-01,-0.057,0.064
-4.40100e-01,-0.059,0.062
-4.40090e-01,-0.057,0.06
-4.40080e-01,-0.055,0.064
-4.40070e-01,-0.057,0.062
-4.40060e-01,-0.057,0.06
-4.40050e-01,-0.061,0.068
-4.40040e-01,-0.065,0.066
-4.40030e-01,-0.059,0.064
-4.40020e-01,-0.055,0.06
-4.40010e-01,-0.059,0.064
-4.40000e-01,-0.063,0.064
-4.39990e-01,-0.055,0.06
-4.39980e-01,-0.057,0.064
-4.39970e-01,-0.055,0.06
-4.39960e-01,-0.065,0.064
-4.39950e-01,-0.061,0.064
-4.39940e-01,-0.059,0.064
-4.39930e-01,-0.061,0.068
-4.39920e-01,-0.061,0.062
-4.39910e-01,-0.061,0.06
-4.39900e-01,-0.059,0.06
-4.39890e-01,-0.059,0.06
-4.39880e-01,-0.057,0.064
-4.39870e-01,-0.065,0.064
-4.39860e-01,-0.061,0.06
-4.39850e-01,-0.057,0.062
-4.39840e-01,-0.055,0.064
-4.39830e-01,-0.061,0.064
-4.39820e-01,-0.047,0.054
-4.39810e-01,-0.063,0.06
-4.39800e-01,-0.055,0.056
-4.39790e-01,-0.059,0.062
-4.39780e-01,-0.061,0.06
-4.39770e-01,-0.061,0.06
-4.39760e-01,-0.061,0.064
-4.39750e-01,-0.059,0.06
-4.39740e-01,-0.059,0.062
-4.39730e-01,-0.065,0.068
-4.39720e-01,-0.061,0.064
-4.39710e-01,-0.057,0.06
-4.39700e-01,-0.059,0.064
-4.39690e-01,-0.055,0.06
-4.39680e-01,-0.057,0.066
-4.39670e-01,-0.059,0.066
-4.39660e-01,-0.059,0.064
-4.39650e-01,-0.059,0.062
-4.39640e-01,-0.053,0.058
-4.39630e-01,-0.059,0.064
-4.39620e-01,-0.057,0.06
-4.39610e-01,-0.061,0.066
-4.39600e-01,-0.059,0.064
-4.39590e-01,-0.059,0.06
-4.39580e-01,-0.061,0.064
-4.39570e-01,-0.057,0.06
-4.39560e-01,-0.061,0.062
-4.39550e-01,-0.059,0.064
-4.39540e-01,-0.059,0.06
-4.39530e-01,-0.057,0.06
-4.39520e-01,-0.057,0.062
-4.39510e-01,-0.053,0.06
-4.39500e-01,-0.051,0.054
-4.39490e-01,-0.055,0.058
-4.39480e-01,-0.051,0.058
-4.39470e-01,-0.061,0.066
-4.39460e-01,-0.055,0.06
-4.39450e-01,-0.059,0.064
-4.39440e-01,-0.055,0.064
-4.39430e-01,-0.061,0.062
-4.39420e-01,-0.045,0.052
-4.39410e-01,-0.063,0.062
-4.39400e-01,-0.061,0.064
-4.39390e-01,-0.063,0.062
-4.39380e-01,-0.061,0.062
-4.39370e-01,-0.057,0.062
-4.39360e-01,-0.049,0.056
-4.39350e-01,-0.055,0.06
-4.39340e-01,-0.041,0.048
-4.39330e-01,-0.061,0.062
-4.39320e-01,-0.051,0.054
-4.39310e-01,-0.059,0.06
-4.39300e-01,-0.057,0.06
-4.39290e-01,-0.061,0.064
-4.39280e-01,-0.057,0.064
-4.39270e-01,-0.061,0.064
-4.39260e-01,-0.059,0.062
-4.39250e-01,-0.061,0.062
-4.39240e-01,-0.057,0.06
-4.39230e-01,-0.055,0.06
-4.39220e-01,-0.061,0.064
-4.39210e-01,-0.061,0.062
-4.39200e-01,-0.059,0.062
-4.39190e-01,-0.059,0.066
-4.39180e-01,-0.059,0.06
-4.39170e-01,-0.061,0.062
-4.39160e-01,-0.063,0.064
-4.39150e-01,-0.061,0.062
-4.39140e-01,-0.061,0.064
-4.39130e-01,-0.059,0.062
-4.39120e-01,-0.059,0.062
-4.39110e-01,-0.061,0.064
-4.39100e-01,-0.061,0.06
-4.39090e-01,-0.061,0.066
-4.39080e-01,-0.061,0.064
-4.39070e-01,-0.059,0.064
-4.39060e-01,-0.063,0.066
-4.39050e-01,-0.059,0.06
-4.39040e-01,-0.061,0.064
-4.39030e-01,-0.059,0.062
-4.39020e-01,-0.059,0.062
-4.39010e-01,-0.061,0.062
-4.39000e-01,-0.061,0.064
-4.38990e-01,-0.063,0.062
-4.38980e-01,-0.055,0.064
-4.38970e-01,-0.061,0.066
-4.38960e-01,-0.049,0.054
-4.38950e-01,-0.057,0.064
-4.38940e-01,-0.057,0.064
-4.38930e-01,-0.055,0.06
-4.38920e-01,-0.051,0.056
-4.38910e-01,-0.061,0.064
-4.38900e-01,-0.061,0.066
-4.38890e-01,-0.055,0.062
-4.38880e-01,-0.057,0.064
-4.38870e-01,-0.053,0.058
-4.38860e-01,-0.057,0.062
-4.38850e-01,-0.059,0.064
-4.38840e-01,-0.059,0.06
-4.38830e-01,-0.061,0.066
-4.38820e-01,-0.059,0.062
-4.38810e-01,-0.057,0.062
-4.38800e-01,-0.061,0.062
-4.38790e-01,-0.059,0.064
-4.38780e-01,-0.059,0.062
-4.38770e-01,-0.061,0.062
-4.38760e-01,-0.059,0.064
-4.38750e-01,-0.049,0.054
-4.38740e-01,-0.061,0.064
-4.38730e-01,-0.055,0.058
-4.38720e-01,-0.059,0.06
-4.38710e-01,-0.063,0.064
-4.38700e-01,-0.049,0.058
-4.38690e-01,-0.061,0.06
-4.38680e-01,-0.061,0.064
-4.38670e-01,-0.049,0.056
-4.38660e-01,-0.059,0.064
-4.38650e-01,-0.045,0.05
-4.38640e-01,-0.061,0.064
-4.38630e-01,-0.059,0.06
-4.38620e-01,-0.061,0.062
-4.38610e-01,-0.061,0.066
-4.38600e-01,-0.061,0.062
-4.38590e-01,-0.063,0.064
-4.38580e-01,-0.051,0.054
-4.38570e-01,-0.061,0.066
-4.38560e-01,-0.055,0.058
-4.38550e-01,-0.059,0.064
-4.38540e-01,-0.059,0.058
-4.38530e-01,-0.059,0.062
-4.38520e-01,-0.059,0.064
-4.38510e-01,-0.059,0.062
-4.38500e-01,-0.055,0.06
-4.38490e-01,-0.061,0.062
-4.38480e-01,-0.053,0.06
-4.38470e-01,-0.061,0.064
-4.38460e-01,-0.061,0.064
-4.38450e-01,-0.057,0.064
-4.38440e-01,-0.061,0.06
-4.38430e-01,-0.057,0.064
-4.38420e-01,-0.063,0.066
-4.38410e-01,-0.057,0.064
-4.38400e-01,-0.055,0.06
-4.38390e-01,-0.057,0.062
-4.38380e-01,-0.057,0.056
-4.38370e-01,-0.061,0.064
-4.38360e-01,-0.061,0.064
-4.38350e-01,-0.059,0.064
-4.38340e-01,-0.059,0.064
-4.38330e-01,-0.057,0.064
-4.38320e-01,-0.059,0.062
-4.38310e-01,-0.055,0.058
-4.38300e-01,-0.065,0.066
-4.38290e-01,-0.041,0.044
-4.38280e-01,-0.061,0.064
-4.38270e-01,-0.051,0.054
-4.38260e-01,-0.057,0.064
-4.38250e-01,-0.059,0.062
-4.38240e-01,-0.059,0.062
-4.38230e-01,-0.059,0.064
-4.38220e-01,-0.057,0.06
-4.38210e-01,-0.057,0.064
-4.38200e-01,-0.053,0.058
-4.38190e-01,-0.063,0.064
-4.38180e-01,-0.061,0.062
-4.38170e-01,-0.057,0.06
-4.38160e-01,-0.061,0.064
-4.38150e-01,-0.059,0.066
-4.38140e-01,-0.055,0.06
-4.38130e-01,-0.059,0.064
-4.38120e-01,-0.055,0.06
-4.38110e-01,-0.061,0.062
-4.38100e-01,-0.057,0.06
-4.38090e-01,-0.055,0.062
-4.38080e-01,-0.053,0.056
-4.38070e-01,-0.059,0.064
-4.38060e-01,-0.055,0.06
-4.38050e-01,-0.061,0.064
-4.38040e-01,-0.061,0.07
-4.38030e-01,-0.059,0.064
-4.38020e-01,-0.061,0.062
-4.38010e-01,-0.059,0.068
-4.38000e-01,-0.059,0.06
-4.37990e-01,-0.061,0.062
-4.37980e-01,-0.057,0.06
-4.37970e-01,-0.059,0.062
-4.37960e-01,-0.055,0.062
-4.37950e-01,-0.059,0.062
-4.37940e-01,-0.059,0.062
-4.37930e-01,-0.061,0.064
-4.37920e-01,-0.061,0.066
-4.37910e-01,-0.061,0.064
-4.37900e-01,-0.059,0.064
-4.37890e-01,-0.059,0.062
-4.37880e-01,-0.059,0.06
-4.37870e-01,-0.063,0.062
-4.37860e-01,-0.061,0.062
-4.37850e-01,-0.053,0.058
-4.37840e-01,-0.059,0.064
-4.37830e-01,-0.053,0.06
-4.37820e-01,-0.061,0.062
-4.37810e-01,-0.059,0.06
-4.37800e-01,-0.065,0.064
-4.37790e-01,-0.055,0.06
-4.37780e-01,-0.055,0.06
-4.37770e-01,-0.057,0.062
-4.37760e-01,-0.059,0.064
-4.37750e-01,-0.061,0.06
-4.37740e-01,-0.063,0.064
-4.37730e-01,-0.059,0.064
-4.37720e-01,-0.055,0.062
-4.37710e-01,-0.063,0.064
-4.37700e-01,-0.057,0.06
-4.37690e-01,-0.059,0.06
-4.37680e-01,-0.057,0.06
-4.37670e-01,-0.063,0.064
-4.37660e-01,-0.059,0.062
-4.37650e-01,-0.061,0.06
-4.37640e-01,-0.059,0.066
-4.37630e-01,-0.061,0.064
-4.37620e-01,-0.061,0.068
-4.37610e-01,-0.061,0.062
-4.37600e-01,-0.059,0.064
-4.37590e-01,-0.059,0.062
-4.37580e-01,-0.063,0.064
-4.37570e-01,-0.061,0.064
-4.37560e-01,-0.061,0.066
-4.37550e-01,-0.059,0.06
-4.37540e-01,-0.061,0.066
-4.37530e-01,-0.045,0.052
-4.37520e-01,-0.059,0.064
-4.37510e-01,-0.053,0.056
-4.37500e-01,-0.059,0.06
-4.37490e-01,-0.061,0.062
-4.37480e-01,-0.057,0.062
-4.37470e-01,-0.055,0.058
-4.37460e-01,-0.055,0.06
-4.37450e-01,-0.057,0.064
-4.37440e-01,-0.061,0.064
-4.37430e-01,-0.057,0.062
-4.37420e-01,-0.059,0.062
-4.37410e-01,-0.061,0.064
-4.37400e-01,-0.057,0.06
-4.37390e-01,-0.057,0.06
-4.37380e-01,-0.057,0.06
-4.37370e-01,-0.063,0.062
-4.37360e-01,-0.061,0.066
-4.37350e-01,-0.059,0.064
-4.37340e-01,-0.059,0.062
-4.37330e-01,-0.057,0.06
-4.37320e-01,-0.059,0.062
-4.37310e-01,-0.061,0.064
-4.37300e-01,-0.059,0.064
-4.37290e-01,-0.061,0.062
-4.37280e-01,-0.061,0.062
-4.37270e-01,-0.061,0.062
-4.37260e-01,-0.059,0.062
-4.37250e-01,-0.059,0.06
-4.37240e-01,-0.053,0.056
-4.37230e-01,-0.061,0.066
-4.37220e-01,-0.059,0.062
-4.37210e-01,-0.063,0.064
-4.37200e-01,-0.059,0.06
-4.37190e-01,-0.055,0.06
-4.37180e-01,-0.059,0.062
-4.37170e-01,-0.055,0.058
-4.37160e-01,-0.061,0.066
-4.37150e-01,-0.051,0.056
-4.37140e-01,-0.059,0.06
-4.37130e-01,-0.057,0.06
-4.37120e-01,-0.057,0.06
-4.37110e-01,-0.055,0.06
-4.37100e-01,-0.063,0.064
-4.37090e-01,-0.063,0.064
-4.37080e-01,-0.061,0.064
-4.37070e-01,-0.053,0.052
-4.37060e-01,-0.059,0.064
-4.37050e-01,-0.059,0.062
-4.37040e-01,-0.057,0.06
-4.37030e-01,-0.059,0.06
-4.37020e-01,-0.063,0.062
-4.37010e-01,-0.043,0.052
-4.37000e-01,-0.059,0.064
-4.36990e-01,-0.043,0.054
-4.36980e-01,-0.061,0.064
-4.36970e-01,-0.057,0.062
-4.36960e-01,-0.059,0.062
-4.36950e-01,-0.061,0.06
-4.36940e-01,-0.055,0.06
-4.36930e-01,-0.059,0.06
-4.36920e-01,-0.055,0.06
-4.36910e-01,-0.055,0.06
-4.36900e-01,-0.057,0.064
-4.36890e-01,-0.061,0.064
-4.36880e-01,-0.057,0.062
-4.36870e-01,-0.061,0.062
-4.36860e-01,-0.055,0.06
-4.36850e-01,-0.059,0.064
-4.36840e-01,-0.061,0.064
-4.36830e-01,-0.061,0.064
-4.36820e-01,-0.061,0.064
-4.36810e-01,-0.059,0.064
-4.36800e-01,-0.059,0.06
-4.36790e-01,-0.057,0.06
-4.36780e-01,-0.061,0.064
-4.36770e-01,-0.059,0.064
-4.36760e-01,-0.057,0.06
-4.36750e-01,-0.061,0.06
-4.36740e-01,-0.059,0.064
-4.36730e-01,-0.063,0.064
-4.36720e-01,-0.063,0.064
-4.36710e-01,-0.057,0.062
-4.36700e-01,-0.061,0.062
-4.36690e-01,-0.061,0.064
-4.36680e-01,-0.059,0.06
-4.36670e-01,-0.061,0.066
-4.36660e-01,-0.061,0.064
-4.36650e-01,-0.055,0.066
-4.36640e-01,-0.063,0.062
-4.36630e-01,-0.061,0.066
-4.36620e-01,-0.057,0.062
-4.36610e-01,-0.061,0.062
-4.36600e-01,-0.055,0.06
-4.36590e-01,-0.057,0.064
-4.36580e-01,-0.057,0.062
-4.36570e-01,-0.061,0.068
-4.36560e-01,-0.059,0.062
-4.36550e-01,-0.063,0.064
-4.36540e-01,-0.051,0.054
-4.36530e-01,-0.059,0.064
-4.36520e-01,-0.059,0.064
-4.36510e-01,-0.063,0.064
-4.36500e-01,-0.061,0.064
-4.36490e-01,-0.055,0.06
-4.36480e-01,-0.051,0.06
-4.36470e-01,-0.053,0.06
-4.36460e-01,-0.051,0.056
-4.36450e-01,-0.045,0.05
-4.36440e-01,-0.059,0.064
-4.36430e-01,-0.057,0.064
-4.36420e-01,-0.063,0.066
-4.36410e-01,-0.063,0.068
-4.36400e-01,-0.063,0.064
-4.36390e-01,-0.061,0.064
-4.36380e-01,-0.061,0.06
-4.36370e-01,-0.057,0.062
-4.36360e-01,-0.059,0.064
-4.36350e-01,-0.057,0.06
-4.36340e-01,-0.061,0.062
-4.36330e-01,-0.055,0.058
-4.36320e-01,-0.057,0.064
-4.36310e-01,-0.061,0.064
-4.36300e-01,-0.059,0.06
-4.36290e-01,-0.061,0.066
-4.36280e-01,-0.057,0.064
-4.36270e-01,-0.061,0.064
-4.36260e-01,-0.057,0.064
-4.36250e-01,-0.063,0.06
-4.36240e-01,-0.055,0.064
-4.36230e-01,-0.061,0.062
-4.36220e-01,-0.057,0.062
-4.36210e-01,-0.061,0.064
-4.36200e-01,-0.061,0.064
-4.36190e-01,-0.059,0.062
-4.36180e-01,-0.057,0.06
-4.36170e-01,-0.057,0.062
-4.36160e-01,-0.059,0.06
-4.36150e-01,-0.061,0.06
-4.36140e-01,-0.063,0.064
-4.36130e-01,-0.063,0.066
-4.36120e-01,-0.061,0.064
-4.36110e-01,-0.057,0.062
-4.36100e-01,-0.061,0.064
-4.36090e-01,-0.055,0.062
-4.36080e-01,-0.059,0.06
-4.36070e-01,-0.063,0.066
-4.36060e-01,-0.059,0.062
-4.36050e-01,-0.059,0.06
-4.36040e-01,-0.063,0.062
-4.36030e-01,-0.061,0.066
-4.36020e-01,-0.059,0.062
-4.36010e-01,-0.057,0.06
-4.36000e-01,-0.059,0.064
-4.35990e-01,-0.061,0.068
-4.35980e-01,-0.063,0.064
-4.35970e-01,-0.061,0.06
-4.35960e-01,-0.061,0.062
-4.35950e-01,-0.061,0.06
-4.35940e-01,-0.061,0.064
-4.35930e-01,-0.059,0.062
-4.35920e-01,-0.061,0.064
-4.35910e-01,-0.061,0.064
-4.35900e-01,-0.053,0.054
-4.35890e-01,-0.059,0.068
-4.35880e-01,-0.055,0.06
-4.35870e-01,-0.061,0.066
-4.35860e-01,-0.059,0.06
-4.35850e-01,-0.061,0.064
-4.35840e-01,-0.061,0.062
-4.35830e-01,-0.055,0.06
-4.35820e-01,-0.061,0.062
-4.35810e-01,-0.059,0.062
-4.35800e-01,-0.063,0.062
-4.35790e-01,-0.059,0.062
-4.35780e-01,-0.051,0.06
-4.35770e-01,-0.059,0.062
-4.35760e-01,-0.057,0.066
-4.35750e-01,-0.061,0.064
-4.35740e-01,-0.059,0.062
-4.35730e-01,-0.061,0.066
-4.35720e-01,-0.059,0.062
-4.35710e-01,-0.057,0.062
-4.35700e-01,-0.061,0.062
-4.35690e-01,-0.051,0.06
-4.35680e-01,-0.061,0.064
-4.35670e-01,-0.053,0.052
-4.35660e-01,-0.061,0.066
-4.35650e-01,-0.059,0.064
-4.35640e-01,-0.061,0.064
-4.35630e-01,-0.061,0.062
-4.35620e-01,-0.061,0.066
-4.35610e-01,-0.059,0.064
-4.35600e-01,-0.061,0.062
-4.35590e-01,-0.055,0.062
-4.35580e-01,-0.063,0.066
-4.35570e-01,-0.057,0.06
-4.35560e-01,-0.061,0.068
-4.35550e-01,-0.063,0.066
-4.35540e-01,-0.053,0.064
-4.35530e-01,-0.059,0.064
-4.35520e-01,-0.059,0.066
-4.35510e-01,-0.063,0.064
-4.35500e-01,-0.059,0.062
-4.35490e-01,-0.057,0.066
-4.35480e-01,-0.059,0.064
-4.35470e-01,-0.057,0.062
-4.35460e-01,-0.059,0.062
-4.35450e-01,-0.059,0.062
-4.35440e-01,-0.059,0.062
-4.35430e-01,-0.061,0.064
-4.35420e-01,-0.059,0.066
-4.35410e-01,-0.059,0.06
-4.35400e-01,-0.061,0.064
-4.35390e-01,-0.063,0.062
-4.35380e-01,-0.059,0.064
-4.35370e-01,-0.061,0.062
-4.35360e-01,-0.059,0.064
-4.35350e-01,-0.063,0.064
-4.35340e-01,-0.057,0.062
-4.35330e-01,-0.063,0.062
-4.35320e-01,-0.051,0.058
-4.35310e-01,-0.055,0.06
-4.35300e-01,-0.061,0.062
-4.35290e-01,-0.057,0.062
-4.35280e-01,-0.061,0.064
-4.35270e-01,-0.059,0.064
-4.35260e-01,-0.059,0.062
-4.35250e-01,-0.059,0.06
-4.35240e-01,-0.061,0.066
-4.35230e-01,-0.055,0.06
-4.35220e-01,-0.059,0.062
-4.35210e-01,-0.061,0.064
-4.35200e-01,-0.061,0.062
-4.35190e-01,-0.061,0.066
-4.35180e-01,-0.063,0.066
-4.35170e-01,-0.063,0.06
-4.35160e-01,-0.061,0.064
-4.35150e-01,-0.059,0.066
-4.35140e-01,-0.057,0.064
-4.35130e-01,-0.061,0.064
-4.35120e-01,-0.061,0.06
-4.35110e-01,-0.051,0.058
-4.35100e-01,-0.055,0.062
-4.35090e-01,-0.059,0.062
-4.35080e-01,-0.059,0.064
-4.35070e-01,-0.059,0.062
-4.35060e-01,-0.061,0.064
-4.35050e-01,-0.059,0.064
-4.35040e-01,-0.061,0.066
-4.35030e-01,-0.057,0.062
-4.35020e-01,-0.061,0.064
-4.35010e-01,-0.063,0.064
-4.35000e-01,-0.063,0.064
-4.34990e-01,-0.061,0.064
-4.34980e-01,-0.059,0.064
-4.34970e-01,-0.059,0.066
-4.34960e-01,-0.063,0.064
-4.34950e-01,-0.061,0.062
-4.34940e-01,-0.061,0.062
-4.34930e-01,-0.061,0.064
-4.34920e-01,-0.061,0.062
-4.34910e-01,-0.063,0.062
-4.34900e-01,-0.053,0.058
-4.34890e-01,-0.059,0.062
-4.34880e-01,-0.061,0.064
-4.34870e-01,-0.061,0.062
-4.34860e-01,-0.061,0.062
-4.34850e-01,-0.057,0.064
-4.34840e-01,-0.059,0.06
-4.34830e-01,-0.065,0.062
-4.34820e-01,-0.055,0.06
-4.34810e-01,-0.057,0.064
-4.34800e-01,-0.059,0.06
-4.34790e-01,-0.057,0.062
-4.34780e-01,-0.061,0.062
-4.34770e-01,-0.065,0.064
-4.34760e-01,-0.061,0.064
-4.34750e-01,-0.061,0.064
-4.34740e-01,-0.061,0.062
-4.34730e-01,-0.063,0.062
-4.34720e-01,-0.055,0.06
-4.34710e-01,-0.061,0.064
-4.34700e-01,-0.061,0.066
-4.34690e-01,-0.059,0.062
-4.34680e-01,-0.063,0.064
-4.34670e-01,-0.041,0.05
-4.34660e-01,-0.055,0.06
-4.34650e-01,-0.059,0.064
-4.34640e-01,-0.063,0.064
-4.34630e-01,-0.059,0.062
-4.34620e-01,-0.059,0.062
-4.34610e-01,-0.059,0.066
-4.34600e-01,-0.053,0.06
-4.34590e-01,-0.059,0.064
-4.34580e-01,-0.061,0.066
-4.34570e-01,-0.057,0.06
-4.34560e-01,-0.057,0.06
-4.34550e-01,-0.061,0.062
-4.34540e-01,-0.049,0.058
-4.34530e-01,-0.061,0.062
-4.34520e-01,-0.063,0.064
-4.34510e-01,-0.059,0.064
-4.34500e-01,-0.059,0.062
-4.34490e-01,-0.059,0.064
-4.34480e-01,-0.061,0.064
-4.34470e-01,-0.061,0.062
-4.34460e-01,-0.059,0.064
-4.34450e-01,-0.059,0.06
-4.34440e-01,-0.055,0.06
-4.34430e-01,-0.057,0.064
-4.34420e-01,-0.059,0.064
-4.34410e-01,-0.061,0.064
-4.34400e-01,-0.059,0.066
-4.34390e-01,-0.049,0.056
-4.34380e-01,-0.061,0.068
-4.34370e-01,-0.059,0.062
-4.34360e-01,-0.059,0.06
-4.34350e-01,-0.059,0.064
-4.34340e-01,-0.055,0.056
-4.34330e-01,-0.059,0.062
-4.34320e-01,-0.051,0.052
-4.34310e-01,-0.057,0.062
-4.34300e-01,-0.063,0.064
-4.34290e-01,-0.059,0.064
-4.34280e-01,-0.063,0.062
-4.34270e-01,-0.063,0.064
-4.34260e-01,-0.061,0.064
-4.34250e-01,-0.055,0.062
-4.34240e-01,-0.061,0.066
-4.34230e-01,-0.063,0.066
-4.34220e-01,-0.059,0.066
-4.34210e-01,-0.061,0.062
-4.34200e-01,-0.057,0.064
-4.34190e-01,-0.063,0.064
-4.34180e-01,-0.057,0.06
-4.34170e-01,-0.063,0.064
-4.34160e-01,-0.059,0.064
-4.34150e-01,-0.059,0.064
-4.34140e-01,-0.057,0.06
-4.34130e-01,-0.051,0.06
-4.34120e-01,-0.059,0.06
-4.34110e-01,-0.059,0.06
-4.34100e-01,-0.057,0.064
-4.34090e-01,-0.053,0.06
-4.34080e-01,-0.057,0.06
-4.34070e-01,-0.053,0.058
-4.34060e-01,-0.047,0.052
-4.34050e-01,-0.057,0.06
-4.34040e-01,-0.061,0.062
-4.34030e-01,-0.059,0.06
-4.34020e-01,-0.061,0.066
-4.34010e-01,-0.059,0.06
-4.34000e-01,-0.053,0.058
-4.33990e-01,-0.061,0.062
-4.33980e-01,-0.061,0.064
-4.33970e-01,-0.061,0.064
-4.33960e-01,-0.057,0.064
-4.33950e-01,-0.059,0.062
-4.33940e-01,-0.059,0.062
-4.33930e-01,-0.055,0.064
-4.33920e-01,-0.061,0.066
-4.33910e-01,-0.061,0.064
-4.33900e-01,-0.063,0.064
-4.33890e-01,-0.049,0.062
-4.33880e-01,-0.063,0.064
-4.33870e-01,-0.059,0.06
-4.33860e-01,-0.061,0.064
-4.33850e-01,-0.061,0.062
-4.33840e-01,-0.061,0.066
-4.33830e-01,-0.049,0.054
-4.33820e-01,-0.049,0.058
-4.33810e-01,-0.057,0.064
-4.33800e-01,-0.061,0.064
-4.33790e-01,-0.061,0.062
-4.33780e-01,-0.061,0.06
-4.33770e-01,-0.059,0.066
-4.33760e-01,-0.051,0.06
-4.33750e-01,-0.059,0.06
-4.33740e-01,-0.063,0.066
-4.33730e-01,-0.055,0.06
-4.33720e-01,-0.049,0.052
-4.33710e-01,-0.063,0.066
-4.33700e-01,-0.059,0.064
-4.33690e-01,-0.057,0.064
-4.33680e-01,-0.061,0.066
-4.33670e-01,-0.063,0.062
-4.33660e-01,-0.057,0.064
-4.33650e-01,-0.059,0.064
-4.33640e-01,-0.061,0.062
-4.33630e-01,-0.063,0.06
-4.33620e-01,-0.059,0.062
-4.33610e-01,-0.063,0.06
-4.33600e-01,-0.053,0.054
-4.33590e-01,-0.055,0.06
-4.33580e-01,-0.063,0.064
-4.33570e-01,-0.057,0.062
-4.33560e-01,-0.057,0.062
-4.33550e-01,-0.061,0.06
-4.33540e-01,-0.061,0.064
-4.33530e-01,-0.059,0.062
-4.33520e-01,-0.051,0.06
-4.33510e-01,-0.055,0.06
-4.33500e-01,-0.061,0.062
-4.33490e-01,-0.061,0.064
-4.33480e-01,-0.059,0.062
-4.33470e-01,-0.061,0.062
-4.33460e-01,-0.059,0.064
-4.33450e-01,-0.061,0.062
-4.33440e-01,-0.061,0.06
-4.33430e-01,-0.053,0.06
-4.33420e-01,-0.061,0.064
-4.33410e-01,-0.061,0.066
-4.33400e-01,-0.059,0.062
-4.33390e-01,-0.059,0.06
-4.33380e-01,-0.055,0.06
-4.33370e-01,-0.057,0.06
-4.33360e-01,-0.059,0.062
-4.33350e-01,-0.059,0.066
-4.33340e-01,-0.065,0.062
-4.33330e-01,-0.047,0.05
-4.33320e-01,-0.059,0.06
-4.33310e-01,-0.049,0.054
-4.33300e-01,-0.035,0.042
-4.33290e-01,-0.045,0.05
-4.33280e-01,-0.053,0.054
-4.33270e-01,-0.055,0.058
-4.33260e-01,-0.055,0.06
-4.33250e-01,-0.061,0.066
-4.33240e-01,-0.055,0.06
-4.33230e-01,-0.059,0.062
-4.33220e-01,-0.059,0.064
-4.33210e-01,-0.061,0.062
-4.33200e-01,-0.061,0.064
-4.33190e-01,-0.059,0.062
-4.33180e-01,-0.057,0.062
-4.33170e-01,-0.047,0.058
-4.33160e-01,-0.057,0.06
-4.33150e-01,-0.061,0.064
-4.33140e-01,-0.063,0.064
-4.33130e-01,-0.057,0.06
-4.33120e-01,-0.063,0.064
-4.33110e-01,-0.051,0.054
-4.33100e-01,-0.059,0.064
-4.33090e-01,-0.055,0.062
-4.33080e-01,-0.059,0.062
-4.33070e-01,-0.061,0.064
-4.33060e-01,-0.057,0.062
-4.33050e-01,-0.051,0.056
-4.33040e-01,-0.047,0.056
-4.33030e-01,-0.055,0.06
-4.33020e-01,-0.063,0.064
-4.33010e-01,-0.061,0.064
-4.33000e-01,-0.065,0.064
-4.32990e-01,-0.061,0.064
-4.32980e-01,-0.059,0.064
-4.32970e-01,-0.057,0.064
-4.32960e-01,-0.061,0.06
-4.32950e-01,-0.049,0.054
-4.32940e-01,-0.053,0.06
-4.32930e-01,-0.055,0.064
-4.32920e-01,-0.061,0.06
-4.32910e-01,-0.061,0.062
-4.32900e-01,-0.059,0.064
-4.32890e-01,-0.057,0.062
-4.32880e-01,-0.059,0.064
-4.32870e-01,-0.063,0.064
-4.32860e-01,-0.063,0.066
-4.32850e-01,-0.057,0.06
-4.32840e-01,-0.059,0.064
-4.32830e-01,-0.051,0.056
-4.32820e-01,-0.055,0.06
-4.32810e-01,-0.061,0.064
-4.32800e-01,-0.061,0.06
-4.32790e-01,-0.059,0.06
-4.32780e-01,-0.059,0.062
-4.32770e-01,-0.061,0.064
-4.32760e-01,-0.061,0.064
-4.32750e-01,-0.059,0.062
-4.32740e-01,-0.063,0.062
-4.32730e-01,-0.059,0.066
-4.32720e-01,-0.063,0.064
-4.32710e-01,-0.061,0.066
-4.32700e-01,-0.057,0.062
-4.32690e-01,-0.059,0.068
-4.32680e-01,-0.059,0.058
-4.32670e-01,-0.061,0.062
-4.32660e-01,-0.063,0.064
-4.32650e-01,-0.059,0.066
-4.32640e-01,-0.059,0.062
-4.32630e-01,-0.055,0.06
-4.32620e-01,-0.061,0.062
-4.32610e-01,-0.059,0.064
-4.32600e-01,-0.059,0.066
-4.32590e-01,-0.061,0.066
-4.32580e-01,-0.059,0.062
-4.32570e-01,-0.059,0.06
-4.32560e-01,-0.063,0.062
-4.32550e-01,-0.063,0.06
-4.32540e-01,-0.063,0.064
-4.32530e-01,-0.059,0.062
-4.32520e-01,-0.055,0.06
-4.32510e-01,-0.061,0.062
-4.32500e-01,-0.059,0.062
-4.32490e-01,-0.061,0.06
-4.32480e-01,-0.061,0.064
-4.32470e-01,-0.059,0.064
-4.32460e-01,-0.059,0.062
-4.32450e-01,-0.063,0.06
-4.32440e-01,-0.059,0.064
-4.32430e-01,-0.063,0.064
-4.32420e-01,-0.057,0.06
-4.32410e-01,-0.059,0.06
-4.32400e-01,-0.059,0.064
-4.32390e-01,-0.057,0.062
-4.32380e-01,-0.063,0.066
-4.32370e-01,-0.057,0.06
-4.32360e-01,-0.061,0.064
-4.32350e-01,-0.061,0.064
-4.32340e-01,-0.059,0.064
-4.32330e-01,-0.061,0.064
-4.32320e-01,-0.061,0.06
-4.32310e-01,-0.061,0.06
-4.32300e-01,-0.061,0.062
-4.32290e-01,-0.055,0.06
-4.32280e-01,-0.055,0.058
-4.32270e-01,-0.055,0.066
-4.32260e-01,-0.059,0.064
-4.32250e-01,-0.061,0.06
-4.32240e-01,-0.061,0.068
-4.32230e-01,-0.061,0.062
-4.32220e-01,-0.061,0.064
-4.32210e-01,-0.061,0.062
-4.32200e-01,-0.059,0.06
-4.32190e-01,-0.059,0.068
-4.32180e-01,-0.057,0.058
-4.32170e-01,-0.059,0.064
-4.32160e-01,-0.047,0.054
-4.32150e-01,-0.057,0.058
-4.32140e-01,-0.057,0.062
-4.32130e-01,-0.059,0.062
-4.32120e-01,-0.053,0.058
-4.32110e-01,-0.041,0.046
-4.32100e-01,-0.053,0.058
-4.32090e-01,-0.045,0.05
-4.32080e-01,-0.059,0.06
-4.32070e-01,-0.055,0.06
-4.32060e-01,-0.047,0.048
-4.32050e-01,-0.057,0.06
-4.32040e-01,-0.061,0.066
-4.32030e-01,-0.059,0.06
-4.32020e-01,-0.055,0.06
-4.32010e-01,-0.051,0.056
-4.32000e-01,-0.055,0.058
-4.31990e-01,-0.049,0.052
-4.31980e-01,-0.055,0.064
-4.31970e-01,-0.061,0.064
-4.31960e-01,-0.059,0.064
-4.31950e-01,-0.059,0.06
-4.31940e-01,-0.055,0.062
-4.31930e-01,-0.057,0.062
-4.31920e-01,-0.063,0.066
-4.31910e-01,-0.059,0.064
-4.31900e-01,-0.061,0.066
-4.31890e-01,-0.061,0.064
-4.31880e-01,-0.061,0.068
-4.31870e-01,-0.063,0.066
-4.31860e-01,-0.065,0.06
-4.31850e-01,-0.059,0.064
-4.31840e-01,-0.059,0.064
-4.31830e-01,-0.063,0.062
-4.31820e-01,-0.059,0.068
-4.31810e-01,-0.055,0.06
-4.31800e-01,-0.059,0.064
-4.31790e-01,-0.063,0.064
-4.31780e-01,-0.061,0.064
-4.31770e-01,-0.061,0.064
-4.31760e-01,-0.063,0.066
-4.31750e-01,-0.063,0.06
-4.31740e-01,-0.059,0.064
-4.31730e-01,-0.061,0.068
-4.31720e-01,-0.063,0.062
-4.31710e-01,-0.059,0.062
-4.31700e-01,-0.061,0.064
-4.31690e-01,-0.059,0.064
-4.31680e-01,-0.051,0.058
-4.31670e-01,-0.059,0.06
-4.31660e-01,-0.059,0.064
-4.31650e-01,-0.061,0.068
-4.31640e-01,-0.059,0.062
-4.31630e-01,-0.061,0.066
-4.31620e-01,-0.061,0.06
-4.31610e-01,-0.057,0.06
-4.31600e-01,-0.059,0.064
-4.31590e-01,-0.061,0.062
-4.31580e-01,-0.059,0.06
-4.31570e-01,-0.053,0.062
-4.31560e-01,-0.059,0.064
-4.31550e-01,-0.063,0.064
-4.31540e-01,-0.063,0.064
-4.31530e-01,-0.053,0.06
-4.31520e-01,-0.061,0.062
-4.31510e-01,-0.051,0.054
-4.31500e-01,-0.061,0.064
-4.31490e-01,-0.061,0.064
-4.31480e-01,-0.061,0.064
-4.31470e-01,-0.061,0.062
-4.31460e-01,-0.061,0.066
-4.31450e-01,-0.061,0.062
-4.31440e-01,-0.057,0.062
-4.31430e-01,-0.061,0.064
-4.31420e-01,-0.061,0.062
-4.31410e-01,-0.061,0.062
-4.31400e-01,-0.061,0.062
-4.31390e-01,-0.061,0.064
-4.31380e-01,-0.055,0.064
-4.31370e-01,-0.059,0.06
-4.31360e-01,-0.057,0.064
-4.31350e-01,-0.059,0.06
-4.31340e-01,-0.059,0.06
-4.31330e-01,-0.059,0.062
-4.31320e-01,-0.059,0.062
-4.31310e-01,-0.057,0.06
-4.31300e-01,-0.061,0.068
-4.31290e-01,-0.043,0.048
-4.31280e-01,-0.061,0.062
-4.31270e-01,-0.061,0.064
-4.31260e-01,-0.061,0.064
-4.31250e-01,-0.059,0.06
-4.31240e-01,-0.059,0.064
-4.31230e-01,-0.057,0.06
-4.31220e-01,-0.059,0.064
-4.31210e-01,-0.061,0.062
-4.31200e-01,-0.061,0.064
-4.31190e-01,-0.049,0.058
-4.31180e-01,-0.059,0.062
-4.31170e-01,-0.061,0.064
-4.31160e-01,-0.061,0.064
-4.31150e-01,-0.059,0.064
-4.31140e-01,-0.061,0.064
-4.31130e-01,-0.063,0.062
-4.31120e-01,-0.055,0.056
-4.31110e-01,-0.057,0.062
-4.31100e-01,-0.061,0.062
-4.31090e-01,-0.061,0.06
-4.31080e-01,-0.057,0.066
-4.31070e-01,-0.061,0.062
-4.31060e-01,-0.061,0.066
-4.31050e-01,-0.061,0.064
-4.31040e-01,-0.061,0.062
-4.31030e-01,-0.059,0.062
-4.31020e-01,-0.061,0.062
-4.31010e-01,-0.061,0.066
-4.31000e-01,-0.061,0.062
-4.30990e-01,-0.061,0.062
-4.30980e-01,-0.061,0.064
-4.30970e-01,-0.053,0.056
-4.30960e-01,-0.063,0.064
-4.30950e-01,-0.063,0.064
-4.30940e-01,-0.061,0.062
-4.30930e-01,-0.057,0.064
-4.30920e-01,-0.051,0.058
-4.30910e-01,-0.055,0.058
-4.30900e-01,-0.055,0.058
-4.30890e-01,-0.061,0.062
-4.30880e-01,-0.059,0.066
-4.30870e-01,-0.061,0.064
-4.30860e-01,-0.059,0.066
-4.30850e-01,-0.055,0.062
-4.30840e-01,-0.059,0.06
-4.30830e-01,-0.059,0.064
-4.30820e-01,-0.059,0.066
-4.30810e-01,-0.059,0.062
-4.30800e-01,-0.061,0.064
-4.30790e-01,-0.059,0.062
-4.30780e-01,-0.057,0.064
-4.30770e-01,-0.059,0.06
-4.30760e-01,-0.061,0.066
-4.30750e-01,-0.057,0.062
-4.30740e-01,-0.057,0.06
-4.30730e-01,-0.057,0.062
-4.30720e-01,-0.061,0.064
-4.30710e-01,-0.059,0.064
-4.30700e-01,-0.059,0.068
-4.30690e-01,-0.053,0.058
-4.30680e-01,-0.059,0.062
-4.30670e-01,-0.063,0.066
-4.30660e-01,-0.051,0.058
-4.30650e-01,-0.059,0.068
-4.30640e-01,-0.059,0.06
-4.30630e-01,-0.057,0.062
-4.30620e-01,-0.061,0.064
-4.30610e-01,-0.061,0.062
-4.30600e-01,-0.057,0.064
-4.30590e-01,-0.063,0.064
-4.30580e-01,-0.059,0.064
-4.30570e-01,-0.055,0.058
-4.30560e-01,-0.059,0.066
-4.30550e-01,-0.057,0.06
-4.30540e-01,-0.059,0.062
-4.30530e-01,-0.059,0.064
-4.30520e-01,-0.061,0.062
-4.30510e-01,-0.059,0.062
-4.30500e-01,-0.061,0.068
-4.30490e-01,-0.061,0.062
-4.30480e-01,-0.057,0.062
-4.30470e-01,-0.061,0.066
-4.30460e-01,-0.059,0.062
-4.30450e-01,-0.047,0.054
-4.30440e-01,-0.057,0.06
-4.30430e-01,-0.059,0.062
-4.30420e-01,-0.061,0.064
-4.30410e-01,-0.055,0.066
-4.30400e-01,-0.059,0.062
-4.30390e-01,-0.061,0.064
-4.30380e-01,-0.061,0.062
-4.30370e-01,-0.059,0.062
-4.30360e-01,-0.063,0.06
-4.30350e-01,-0.063,0.066
-4.30340e-01,-0.061,0.066
-4.30330e-01,-0.061,0.062
-4.30320e-01,-0.059,0.064
-4.30310e-01,-0.063,0.064
-4.30300e-01,-0.061,0.064
-4.30290e-01,-0.059,0.064
-4.30280e-01,-0.057,0.066
-4.30270e-01,-0.057,0.064
-4.30260e-01,-0.061,0.064
-4.30250e-01,-0.055,0.064
-4.30240e-01,-0.057,0.062
-4.30230e-01,-0.061,0.062
-4.30220e-01,-0.059,0.064
-4.30210e-01,-0.055,0.064
-4.30200e-01,-0.057,0.064
-4.30190e-01,-0.059,0.062
-4.30180e-01,-0.061,0.064
-4.30170e-01,-0.063,0.066
-4.30160e-01,-0.059,0.066
-4.30150e-01,-0.059,0.062
-4.30140e-01,-0.051,0.06
-4.30130e-01,-0.059,0.062
-4.30120e-01,-0.061,0.064
-4.30110e-01,-0.057,0.064
-4.30100e-01,-0.061,0.062
-4.30090e-01,-0.059,0.064
-4.30080e-01,-0.061,0.062
-4.30070e-01,-0.053,0.06
-4.30060e-01,-0.059,0.064
-4.30050e-01,-0.053,0.056
-4.30040e-01,-0.057,0.054
-4.30030e-01,-0.045,0.05
-4.30020e-01,-0.055,0.06
-4.30010e-01,-0.049,0.054
-4.30000e-01,-0.053,0.06
-4.29990e-01,-0.057,0.06
-4.29980e-01,-0.057,0.062
-4.29970e-01,-0.059,0.064
-4.29960e-01,-0.055,0.064
-4.29950e-01,-0.059,0.06
-4.29940e-01,-0.057,0.064
-4.29930e-01,-0.061,0.062
-4.29920e-01,-0.065,0.064
-4.29910e-01,-0.063,0.064
-4.29900e-01,-0.063,0.062
-4.29890e-01,-0.055,0.06
-4.29880e-01,-0.061,0.064
-4.29870e-01,-0.061,0.06
-4.29860e-01,-0.063,0.064
-4.29850e-01,-0.055,0.06
-4.29840e-01,-0.059,0.064
-4.29830e-01,-0.059,0.062
-4.29820e-01,-0.061,0.066
-4.29810e-01,-0.059,0.062
-4.29800e-01,-0.055,0.06
-4.29790e-01,-0.061,0.06
-4.29780e-01,-0.059,0.066
-4.29770e-01,-0.051,0.056
-4.29760e-01,-0.055,0.06
-4.29750e-01,-0.051,0.058
-4.29740e-01,-0.061,0.062
-4.29730e-01,-0.061,0.06
-4.29720e-01,-0.059,0.066
-4.29710e-01,-0.063,0.06
-4.29700e-01,-0.061,0.066
-4.29690e-01,-0.061,0.064
-4.29680e-01,-0.053,0.06
-4.29670e-01,-0.059,0.064
-4.29660e-01,-0.057,0.062
-4.29650e-01,-0.061,0.066
-4.29640e-01,-0.063,0.064
-4.29630e-01,-0.059,0.064
-4.29620e-01,-0.057,0.062
-4.29610e-01,-0.061,0.068
-4.29600e-01,-0.063,0.066
-4.29590e-01,-0.061,0.06
-4.29580e-01,-0.059,0.064
-4.29570e-01,-0.059,0.062
-4.29560e-01,-0.059,0.06
-4.29550e-01,-0.061,0.064
-4.29540e-01,-0.061,0.062
-4.29530e-01,-0.063,0.062
-4.29520e-01,-0.053,0.06
-4.29510e-01,-0.059,0.064
-4.29500e-01,-0.057,0.064
-4.29490e-01,-0.063,0.06
-4.29480e-01,-0.061,0.068
-4.29470e-01,-0.061,0.064
-4.29460e-01,-0.055,0.064
-4.29450e-01,-0.059,0.064
-4.29440e-01,-0.061,0.064
-4.29430e-01,-0.059,0.064
-4.29420e-01,-0.061,0.064
-4.29410e-01,-0.057,0.06
-4.29400e-01,-0.057,0.064
-4.29390e-01,-0.057,0.062
-4.29380e-01,-0.055,0.06
-4.29370e-01,-0.055,0.058
-4.29360e-01,-0.053,0.056
-4.29350e-01,-0.049,0.052
-4.29340e-01,-0.047,0.05
-4.29330e-01,-0.055,0.06
-4.29320e-01,-0.059,0.062
-4.29310e-01,-0.059,0.064
-4.29300e-01,-0.059,0.06
-4.29290e-01,-0.061,0.062
-4.29280e-01,-0.047,0.048
-4.29270e-01,-0.053,0.058
-4.29260e-01,-0.055,0.06
-4.29250e-01,-0.063,0.066
-4.29240e-01,-0.057,0.064
-4.29230e-01,-0.035,0.044
-4.29220e-01,-0.055,0.06
-4.29210e-01,-0.061,0.06
-4.29200e-01,-0.061,0.068
-4.29190e-01,-0.047,0.056
-4.29180e-01,-0.057,0.064
-4.29170e-01,-0.057,0.06
-4.29160e-01,-0.061,0.064
-4.29150e-01,-0.059,0.064
-4.29140e-01,-0.061,0.064
-4.29130e-01,-0.059,0.06
-4.29120e-01,-0.059,0.062
-4.29110e-01,-0.059,0.062
-4.29100e-01,-0.061,0.062
-4.29090e-01,-0.061,0.064
-4.29080e-01,-0.059,0.06
-4.29070e-01,-0.051,0.06
-4.29060e-01,-0.059,0.066
-4.29050e-01,-0.057,0.06
-4.29040e-01,-0.063,0.064
-4.29030e-01,-0.057,0.062
-4.29020e-01,-0.053,0.056
-4.29010e-01,-0.053,0.06
-4.29000e-01,-0.057,0.06
-4.28990e-01,-0.059,0.06
-4.28980e-01,-0.059,0.064
-4.28970e-01,-0.063,0.064
-4.28960e-01,-0.059,0.062
-4.28950e-01,-0.059,0.064
-4.28940e-01,-0.061,0.068
-4.28930e-01,-0.055,0.06
-4.28920e-01,-0.055,0.06
-4.28910e-01,-0.059,0.064
-4.28900e-01,-0.059,0.062
-4.28890e-01,-0.061,0.06
-4.28880e-01,-0.059,0.062
-4.28870e-01,-0.057,0.06
-4.28860e-01,-0.059,0.06
-4.28850e-01,-0.045,0.052
-4.28840e-01,-0.053,0.058
-4.28830e-01,-0.053,0.058
-4.28820e-01,-0.047,0.05
-4.28810e-01,-0.045,0.048
-4.28800e-01,-0.057,0.06
-4.28790e-01,-0.053,0.06
-4.28780e-01,-0.057,0.062
-4.28770e-01,-0.057,0.062
-4.28760e-01,-0.045,0.05
-4.28750e-01,-0.057,0.06
-4.28740e-01,-0.057,0.064
-4.28730e-01,-0.055,0.062
-4.28720e-01,-0.059,0.064
-4.28710e-01,-0.059,0.064
-4.28700e-01,-0.063,0.064
-4.28690e-01,-0.055,0.06
-4.28680e-01,-0.059,0.062
-4.28670e-01,-0.057,0.064
-4.28660e-01,-0.059,0.062
-4.28650e-01,-0.061,0.062
-4.28640e-01,-0.063,0.064
-4.28630e-01,-0.059,0.06
-4.28620e-01,-0.057,0.06
-4.28610e-01,-0.057,0.06
-4.28600e-01,-0.061,0.064
-4.28590e-01,-0.057,0.068
-4.28580e-01,-0.061,0.062
-4.28570e-01,-0.059,0.064
-4.28560e-01,-0.061,0.062
-4.28550e-01,-0.055,0.058
-4.28540e-01,-0.059,0.064
-4.28530e-01,-0.063,0.064
-4.28520e-01,-0.061,0.064
-4.28510e-01,-0.063,0.064
-4.28500e-01,-0.059,0.062
-4.28490e-01,-0.063,0.06
-4.28480e-01,-0.063,0.062
-4.28470e-01,-0.051,0.056
-4.28460e-01,-0.055,0.058
-4.28450e-01,-0.055,0.062
-4.28440e-01,-0.061,0.062
-4.28430e-01,-0.061,0.064
-4.28420e-01,-0.059,0.062
-4.28410e-01,-0.057,0.064
-4.28400e-01,-0.059,0.06
-4.28390e-01,-0.063,0.062
-4.28380e-01,-0.061,0.062
-4.28370e-01,-0.053,0.062
-4.28360e-01,-0.061,0.064
-4.28350e-01,-0.063,0.06
-4.28340e-01,-0.061,0.064
-4.28330e-01,-0.059,0.062
-4.28320e-01,-0.061,0.064
-4.28310e-01,-0.063,0.06
-4.28300e-01,-0.063,0.064
-4.28290e-01,-0.057,0.062
-4.28280e-01,-0.061,0.064
-4.28270e-01,-0.059,0.06
-4.28260e-01,-0.059,0.064
-4.28250e-01,-0.057,0.062
-4.28240e-01,-0.061,0.062
-4.28230e-01,-0.057,0.06
-4.28220e-01,-0.059,0.064
-4.28210e-01,-0.063,0.064
-4.28200e-01,-0.057,0.06
-4.28190e-01,-0.063,0.062
-4.28180e-01,-0.055,0.06
-4.28170e-01,-0.061,0.064
-4.28160e-01,-0.055,0.062
-4.28150e-01,-0.057,0.064
-4.28140e-01,-0.053,0.06
-4.28130e-01,-0.053,0.058
-4.28120e-01,-0.061,0.06
-4.28110e-01,-0.051,0.054
-4.28100e-01,-0.057,0.06
-4.28090e-01,-0.051,0.056
-4.28080e-01,-0.063,0.064
-4.28070e-01,-0.057,0.06
-4.28060e-01,-0.059,0.064
-4.28050e-01,-0.053,0.058
-4.28040e-01,-0.059,0.064
-4.28030e-01,-0.055,0.064
-4.28020e-01,-0.061,0.064
-4.28010e-01,-0.057,0.06
-4.28000e-01,-0.059,0.066
-4.27990e-01,-0.059,0.064
-4.27980e-01,-0.049,0.056
-4.27970e-01,-0.061,0.064
-4.27960e-01,-0.053,0.056
-4.27950e-01,-0.063,0.064
-4.27940e-01,-0.057,0.064
-4.27930e-01,-0.055,0.06
-4.27920e-01,-0.059,0.062
-4.27910e-01,-0.063,0.062
-4.27900e-01,-0.061,0.064
-4.27890e-01,-0.057,0.06
-4.27880e-01,-0.057,0.064
-4.27870e-01,-0.061,0.066
-4.27860e-01,-0.063,0.066
-4.27850e-01,-0.065,0.062
-4.27840e-01,-0.063,0.064
-4.27830e-01,-0.059,0.06
-4.27820e-01,-0.057,0.066
-4.27810e-01,-0.057,0.06
-4.27800e-01,-0.061,0.064
-4.27790e-01,-0.055,0.06
-4.27780e-01,-0.061,0.066
-4.27770e-01,-0.057,0.064
-4.27760e-01,-0.059,0.064
-4.27750e-01,-0.057,0.06
-4.27740e-01,-0.059,0.064
-4.27730e-01,-0.059,0.062
-4.27720e-01,-0.063,0.066
-4.27710e-01,-0.055,0.06
-4.27700e-01,-0.061,0.066
-4.27690e-01,-0.055,0.062
-4.27680e-01,-0.061,0.062
-4.27670e-01,-0.057,0.06
-4.27660e-01,-0.039,0.048
-4.27650e-01,-0.045,0.048
-4.27640e-01,-0.037,0.044
-4.27630e-01,-0.051,0.06
-4.27620e-01,-0.055,0.058
-4.27610e-01,-0.061,0.064
-4.27600e-01,-0.061,0.064
-4.27590e-01,-0.059,0.064
-4.27580e-01,-0.061,0.064
-4.27570e-01,-0.057,0.062
-4.27560e-01,-0.059,0.062
-4.27550e-01,-0.061,0.06
-4.27540e-01,-0.063,0.064
-4.27530e-01,-0.061,0.062
-4.27520e-01,-0.059,0.062
-4.27510e-01,-0.057,0.062
-4.27500e-01,-0.059,0.062
-4.27490e-01,-0.055,0.058
-4.27480e-01,-0.063,0.066
-4.27470e-01,-0.055,0.062
-4.27460e-01,-0.063,0.064
-4.27450e-01,-0.055,0.06
-4.27440e-01,-0.063,0.062
-4.27430e-01,-0.053,0.058
-4.27420e-01,-0.055,0.062
-4.27410e-01,-0.057,0.064
-4.27400e-01,-0.057,0.06
-4.27390e-01,-0.055,0.06
-4.27380e-01,-0.057,0.062
-4.27370e-01,-0.051,0.06
-4.27360e-01,-0.041,0.048
-4.27350e-01,-0.055,0.06
-4.27340e-01,-0.055,0.06
-4.27330e-01,-0.063,0.064
-4.27320e-01,-0.061,0.068
-4.27310e-01,-0.059,0.068
-4.27300e-01,-0.057,0.06
-4.27290e-01,-0.059,0.06
-4.27280e-01,-0.053,0.06
-4.27270e-01,-0.053,0.06
-4.27260e-01,-0.047,0.05
-4.27250e-01,-0.059,0.064
-4.27240e-01,-0.063,0.064
-4.27230e-01,-0.059,0.062
-4.27220e-01,-0.059,0.066
-4.27210e-01,-0.061,0.064
-4.27200e-01,-0.059,0.066
-4.27190e-01,-0.057,0.06
-4.27180e-01,-0.059,0.062
-4.27170e-01,-0.063,0.066
-4.27160e-01,-0.063,0.064
-4.27150e-01,-0.051,0.056
-4.27140e-01,-0.061,0.066
-4.27130e-01,-0.057,0.064
-4.27120e-01,-0.059,0.064
-4.27110e-01,-0.061,0.064
-4.27100e-01,-0.059,0.064
-4.27090e-01,-0.061,0.066
-4.27080e-01,-0.055,0.058
-4.27070e-01,-0.061,0.064
-4.27060e-01,-0.055,0.06
-4.27050e-01,-0.059,0.062
-4.27040e-01,-0.047,0.058
-4.27030e-01,-0.061,0.064
-4.27020e-01,-0.059,0.064
-4.27010e-01,-0.061,0.064
-4.27000e-01,-0.053,0.058
-4.26990e-01,-0.059,0.064
-4.26980e-01,-0.057,0.062
-4.26970e-01,-0.061,0.066
-4.26960e-01,-0.057,0.062
-4.26950e-01,-0.063,0.064
-4.26940e-01,-0.065,0.066
-4.26930e-01,-0.057,0.06
-4.26920e-01,-0.061,0.066
-4.26910e-01,-0.063,0.066
-4.26900e-01,-0.059,0.064
-4.26890e-01,-0.061,0.066
-4.26880e-01,-0.061,0.066
-4.26870e-01,-0.061,0.062
-4.26860e-01,-0.051,0.06
-4.26850e-01,-0.067,0.064
-4.26840e-01,-0.061,0.062
-4.26830e-01,-0.053,0.062
-4.26820e-01,-0.059,0.06
-4.26810e-01,-0.057,0.062
-4.26800e-01,-0.055,0.06
-4.26790e-01,-0.059,0.062
-4.26780e-01,-0.057,0.06
-4.26770e-01,-0.061,0.064
-4.26760e-01,-0.055,0.06
-4.26750e-01,-0.061,0.07
-4.26740e-01,-0.057,0.058
-4.26730e-01,-0.061,0.066
-4.26720e-01,-0.055,0.06
-4.26710e-01,-0.061,0.062
-4.26700e-01,-0.049,0.058
-4.26690e-01,-0.057,0.062
-4.26680e-01,-0.063,0.064
-4.26670e-01,-0.061,0.062
-4.26660e-01,-0.059,0.062
-4.26650e-01,-0.061,0.064
-4.26640e-01,-0.055,0.062
-4.26630e-01,-0.063,0.062
-4.26620e-01,-0.061,0.06
-4.26610e-01,-0.061,0.064
-4.26600e-01,-0.061,0.06
-4.26590e-01,-0.059,0.064
-4.26580e-01,-0.059,0.064
-4.26570e-01,-0.059,0.062
-4.26560e-01,-0.053,0.058
-4.26550e-01,-0.053,0.058
-4.26540e-01,-0.059,0.06
-4.26530e-01,-0.057,0.06
-4.26520e-01,-0.059,0.064
-4.26510e-01,-0.059,0.064
-4.26500e-01,-0.059,0.062
-4.26490e-01,-0.059,0.064
-4.26480e-01,-0.059,0.064
-4.26470e-01,-0.059,0.064
-4.26460e-01,-0.063,0.068
-4.26450e-01,-0.057,0.066
-4.26440e-01,-0.061,0.064
-4.26430e-01,-0.059,0.062
-4.26420e-01,-0.055,0.06
-4.26410e-01,-0.059,0.066
-4.26400e-01,-0.061,0.06
-4.26390e-01,-0.059,0.06
-4.26380e-01,-0.055,0.062
-4.26370e-01,-0.061,0.068
-4.26360e-01,-0.045,0.048
-4.26350e-01,-0.061,0.064
-4.26340e-01,-0.057,0.062
-4.26330e-01,-0.057,0.064
-4.26320e-01,-0.065,0.064
-4.26310e-01,-0.053,0.058
-4.26300e-01,-0.055,0.06
-4.26290e-01,-0.059,0.062
-4.26280e-01,-0.059,0.062
-4.26270e-01,-0.061,0.064
-4.26260e-01,-0.061,0.06
-4.26250e-01,-0.063,0.066
-4.26240e-01,-0.055,0.06
-4.26230e-01,-0.061,0.064
-4.26220e-01,-0.057,0.062
-4.26210e-01,-0.055,0.058
-4.26200e-01,-0.055,0.058
-4.26190e-01,-0.057,0.062
-4.26180e-01,-0.063,0.064
-4.26170e-01,-0.063,0.064
-4.26160e-01,-0.055,0.062
-4.26150e-01,-0.059,0.064
-4.26140e-01,-0.059,0.06
-4.26130e-01,-0.059,0.064
-4.26120e-01,-0.055,0.06
-4.26110e-01,-0.055,0.058
-4.26100e-01,-0.059,0.06
-4.26090e-01,-0.051,0.058
-4.26080e-01,-0.063,0.064
-4.26070e-01,-0.065,0.066
-4.26060e-01,-0.061,0.064
-4.26050e-01,-0.057,0.06
-4.26040e-01,-0.057,0.064
-4.26030e-01,-0.059,0.062
-4.26020e-01,-0.057,0.062
-4.26010e-01,-0.061,0.064
-4.26000e-01,-0.061,0.064
-4.25990e-01,-0.059,0.062
-4.25980e-01,-0.057,0.066
-4.25970e-01,-0.057,0.06
-4.25960e-01,-0.059,0.064
-4.25950e-01,-0.051,0.06
-4.25940e-01,-0.061,0.066
-4.25930e-01,-0.061,0.066
-4.25920e-01,-0.055,0.058
-4.25910e-01,-0.059,0.064
-4.25900e-01,-0.049,0.052
-4.25890e-01,-0.047,0.052
-4.25880e-01,-0.041,0.05
-4.25870e-01,-0.049,0.052
-4.25860e-01,-0.041,0.044
-4.25850e-01,-0.055,0.058
-4.25840e-01,-0.059,0.066
-4.25830e-01,-0.055,0.054
-4.25820e-01,-0.061,0.064
-4.25810e-01,-0.057,0.062
-4.25800e-01,-0.059,0.062
-4.25790e-01,-0.063,0.066
-4.25780e-01,-0.059,0.062
-4.25770e-01,-0.055,0.06
-4.25760e-01,-0.059,0.066
-4.25750e-01,-0.049,0.05
-4.25740e-01,-0.057,0.06
-4.25730e-01,-0.063,0.064
-4.25720e-01,-0.059,0.066
-4.25710e-01,-0.055,0.06
-4.25700e-01,-0.053,0.06
-4.25690e-01,-0.047,0.052
-4.25680e-01,-0.039,0.046
-4.25670e-01,-0.051,0.054
-4.25660e-01,-0.061,0.066
-4.25650e-01,-0.055,0.06
-4.25640e-01,-0.061,0.06
-4.25630e-01,-0.055,0.06
-4.25620e-01,-0.057,0.064
-4.25610e-01,-0.059,0.066
-4.25600e-01,-0.059,0.06
-4.25590e-01,-0.061,0.064
-4.25580e-01,-0.059,0.064
-4.25570e-01,-0.061,0.068
-4.25560e-01,-0.061,0.062
-4.25550e-01,-0.059,0.064
-4.25540e-01,-0.059,0.064
-4.25530e-01,-0.059,0.062
-4.25520e-01,-0.061,0.06
-4.25510e-01,-0.059,0.064
-4.25500e-01,-0.059,0.06
-4.25490e-01,-0.059,0.064
-4.25480e-01,-0.059,0.064
-4.25470e-01,-0.057,0.066
-4.25460e-01,-0.055,0.06
-4.25450e-01,-0.061,0.062
-4.25440e-01,-0.059,0.064
-4.25430e-01,-0.055,0.06
-4.25420e-01,-0.055,0.06
-4.25410e-01,-0.059,0.06
-4.25400e-01,-0.061,0.068
-4.25390e-01,-0.065,0.064
-4.25380e-01,-0.061,0.062
-4.25370e-01,-0.061,0.064
-4.25360e-01,-0.061,0.064
-4.25350e-01,-0.061,0.062
-4.25340e-01,-0.057,0.064
-4.25330e-01,-0.061,0.064
-4.25320e-01,-0.061,0.062
-4.25310e-01,-0.061,0.062
-4.25300e-01,-0.061,0.064
-4.25290e-01,-0.059,0.06
-4.25280e-01,-0.063,0.06
-4.25270e-01,-0.061,0.062
-4.25260e-01,-0.059,0.064
-4.25250e-01,-0.055,0.062
-4.25240e-01,-0.061,0.062
-4.25230e-01,-0.061,0.066
-4.25220e-01,-0.059,0.064
-4.25210e-01,-0.059,0.064
-4.25200e-01,-0.063,0.062
-4.25190e-01,-0.059,0.064
-4.25180e-01,-0.061,0.062
-4.25170e-01,-0.063,0.062
-4.25160e-01,-0.059,0.062
-4.25150e-01,-0.061,0.066
-4.25140e-01,-0.051,0.058
-4.25130e-01,-0.059,0.062
-4.25120e-01,-0.059,0.064
-4.25110e-01,-0.057,0.06
-4.25100e-01,-0.061,0.064
-4.25090e-01,-0.053,0.056
-4.25080e-01,-0.055,0.062
-4.25070e-01,-0.059,0.06
-4.25060e-01,-0.059,0.062
-4.25050e-01,-0.061,0.066
-4.25040e-01,-0.061,0.062
-4.25030e-01,-0.061,0.066
-4.25020e-01,-0.055,0.064
-4.25010e-01,-0.057,0.06
-4.25000e-01,-0.043,0.048
-4.24990e-01,-0.059,0.062
-4.24980e-01,-0.061,0.062
-4.24970e-01,-0.059,0.066
-4.24960e-01,-0.061,0.064
-4.24950e-01,-0.053,0.06
-4.24940e-01,-0.059,0.066
-4.24930e-01,-0.057,0.062
-4.24920e-01,-0.061,0.064
-4.24910e-01,-0.055,0.06
-4.24900e-01,-0.061,0.064
-4.24890e-01,-0.055,0.062
-4.24880e-01,-0.061,0.064
-4.24870e-01,-0.059,0.06
-4.24860e-01,-0.061,0.062
-4.24850e-01,-0.057,0.06
-4.24840e-01,-0.059,0.064
-4.24830e-01,-0.061,0.06
-4.24820e-01,-0.061,0.064
-4.24810e-01,-0.063,0.064
-4.24800e-01,-0.053,0.056
-4.24790e-01,-0.059,0.064
-4.24780e-01,-0.059,0.066
-4.24770e-01,-0.061,0.064
-4.24760e-01,-0.059,0.062
-4.24750e-01,-0.057,0.066
-4.24740e-01,-0.051,0.06
-4.24730e-01,-0.063,0.06
-4.24720e-01,-0.055,0.06
-4.24710e-01,-0.059,0.064
-4.24700e-01,-0.057,0.062
-4.24690e-01,-0.059,0.06
-4.24680e-01,-0.063,0.064
-4.24670e-01,-0.053,0.064
-4.24660e-01,-0.063,0.066
-4.24650e-01,-0.063,0.062
-4.24640e-01,-0.055,0.062
-4.24630e-01,-0.053,0.056
-4.24620e-01,-0.051,0.054
-4.24610e-01,-0.053,0.056
-4.24600e-01,-0.055,0.06
-4.24590e-01,-0.049,0.056
-4.24580e-01,-0.059,0.064
-4.24570e-01,-0.055,0.06
-4.24560e-01,-0.057,0.062
-4.24550e-01,-0.059,0.064
-4.24540e-01,-0.059,0.06
-4.24530e-01,-0.057,0.056
-4.24520e-01,-0.049,0.056
-4.24510e-01,-0.059,0.06
-4.24500e-01,-0.061,0.064
-4.24490e-01,-0.063,0.064
-4.24480e-01,-0.061,0.064
-4.24470e-01,-0.051,0.06
-4.24460e-01,-0.061,0.062
-4.24450e-01,-0.055,0.06
-4.24440e-01,-0.059,0.06
-4.24430e-01,-0.059,0.062
-4.24420e-01,-0.059,0.062
-4.24410e-01,-0.055,0.06
-4.24400e-01,-0.057,0.062
-4.24390e-01,-0.055,0.06
-4.24380e-01,-0.061,0.064
-4.24370e-01,-0.057,0.062
-4.24360e-01,-0.063,0.064
-4.24350e-01,-0.059,0.062
-4.24340e-01,-0.063,0.06
-4.24330e-01,-0.059,0.064
-4.24320e-01,-0.059,0.062
-4.24310e-01,-0.059,0.062
-4.24300e-01,-0.061,0.062
-4.24290e-01,-0.061,0.066
-4.24280e-01,-0.059,0.064
-4.24270e-01,-0.061,0.062
-4.24260e-01,-0.057,0.064
-4.24250e-01,-0.059,0.06
-4.24240e-01,-0.061,0.06
-4.24230e-01,-0.061,0.062
-4.24220e-01,-0.061,0.064
-4.24210e-01,-0.061,0.062
-4.24200e-01,-0.057,0.062
-4.24190e-01,-0.061,0.064
-4.24180e-01,-0.055,0.06
-4.24170e-01,-0.061,0.062
-4.24160e-01,-0.059,0.064
-4.24150e-01,-0.063,0.062
-4.24140e-01,-0.061,0.062
-4.24130e-01,-0.061,0.06
-4.24120e-01,-0.057,0.062
-4.24110e-01,-0.057,0.062
-4.24100e-01,-0.059,0.068
-4.24090e-01,-0.061,0.064
-4.24080e-01,-0.057,0.06
-4.24070e-01,-0.049,0.05
-4.24060e-01,-0.053,0.058
-4.24050e-01,-0.053,0.056
-4.24040e-01,-0.057,0.06
-4.24030e-01,-0.061,0.06
-4.24020e-01,-0.055,0.06
-4.24010e-01,-0.057,0.056
-4.24000e-01,-0.053,0.06
-4.23990e-01,-0.061,0.062
-4.23980e-01,-0.057,0.062
-4.23970e-01,-0.063,0.066
-4.23960e-01,-0.055,0.06
-4.23950e-01,-0.055,0.062
-4.23940e-01,-0.049,0.056
-4.23930e-01,-0.055,0.06
-4.23920e-01,-0.063,0.064
-4.23910e-01,-0.061,0.062
-4.23900e-01,-0.047,0.054
-4.23890e-01,-0.055,0.058
-4.23880e-01,-0.061,0.062
-4.23870e-01,-0.061,0.064
-4.23860e-01,-0.063,0.066
-4.23850e-01,-0.059,0.066
-4.23840e-01,-0.059,0.06
-4.23830e-01,-0.059,0.06
-4.23820e-01,-0.053,0.06
-4.23810e-01,-0.063,0.068
-4.23800e-01,-0.057,0.06
-4.23790e-01,-0.049,0.054
-4.23780e-01,-0.053,0.056
-4.23770e-01,-0.049,0.052
-4.23760e-01,-0.055,0.056
-4.23750e-01,-0.061,0.066
-4.23740e-01,-0.061,0.062
-4.23730e-01,-0.059,0.062
-4.23720e-01,-0.057,0.062
-4.23710e-01,-0.039,0.05
-4.23700e-01,-0.059,0.058
-4.23690e-01,-0.049,0.054
-4.23680e-01,-0.059,0.062
-4.23670e-01,-0.059,0.062
-4.23660e-01,-0.059,0.06
-4.23650e-01,-0.061,0.064
-4.23640e-01,-0.063,0.066
-4.23630e-01,-0.055,0.062
-4.23620e-01,-0.057,0.06
-4.23610e-01,-0.059,0.066
-4.23600e-01,-0.059,0.066
-4.23590e-01,-0.061,0.064
-4.23580e-01,-0.055,0.06
-4.23570e-01,-0.061,0.062
-4.23560e-01,-0.061,0.064
-4.23550e-01,-0.059,0.064
-4.23540e-01,-0.057,0.06
-4.23530e-01,-0.055,0.058
-4.23520e-01,-0.061,0.064
-4.23510e-01,-0.057,0.06
-4.23500e-01,-0.057,0.064
-4.23490e-01,-0.059,0.062
-4.23480e-01,-0.059,0.062
-4.23470e-01,-0.057,0.06
-4.23460e-01,-0.053,0.06
-4.23450e-01,-0.059,0.066
-4.23440e-01,-0.063,0.064
-4.23430e-01,-0.059,0.064
-4.23420e-01,-0.055,0.058
-4.23410e-01,-0.063,0.062
-4.23400e-01,-0.061,0.064
-4.23390e-01,-0.057,0.06
-4.23380e-01,-0.061,0.062
-4.23370e-01,-0.057,0.064
-4.23360e-01,-0.057,0.06
-4.23350e-01,-0.059,0.062
-4.23340e-01,-0.059,0.06
-4.23330e-01,-0.063,0.066
-4.23320e-01,-0.057,0.062
-4.23310e-01,-0.059,0.064
-4.23300e-01,-0.061,0.06
-4.23290e-01,-0.053,0.06
-4.23280e-01,-0.057,0.064
-4.23270e-01,-0.059,0.06
-4.23260e-01,-0.057,0.06
-4.23250e-01,-0.053,0.06
-4.23240e-01,-0.063,0.068
-4.23230e-01,-0.059,0.066
-4.23220e-01,-0.059,0.064
-4.23210e-01,-0.061,0.064
-4.23200e-01,-0.063,0.062
-4.23190e-01,-0.057,0.062
-4.23180e-01,-0.061,0.064
-4.23170e-01,-0.057,0.064
-4.23160e-01,-0.059,0.062
-4.23150e-01,-0.063,0.064
-4.23140e-01,-0.061,0.064
-4.23130e-01,-0.059,0.064
-4.23120e-01,-0.061,0.06
-4.23110e-01,-0.047,0.058
-4.23100e-01,-0.059,0.06
-4.23090e-01,-0.055,0.06
-4.23080e-01,-0.059,0.06
-4.23070e-01,-0.063,0.066
-4.23060e-01,-0.063,0.064
-4.23050e-01,-0.061,0.064
-4.23040e-01,-0.061,0.068
-4.23030e-01,-0.059,0.064
-4.23020e-01,-0.057,0.064
-4.23010e-01,-0.057,0.06
-4.23000e-01,-0.049,0.056
-4.22990e-01,-0.055,0.06
-4.22980e-01,-0.057,0.062
-4.22970e-01,-0.057,0.06
-4.22960e-01,-0.043,0.054
-4.22950e-01,-0.055,0.058
-4.22940e-01,-0.055,0.054
-4.22930e-01,-0.063,0.064
-4.22920e-01,-0.057,0.06
-4.22910e-01,-0.061,0.064
-4.22900e-01,-0.055,0.062
-4.22890e-01,-0.059,0.064
-4.22880e-01,-0.061,0.064
-4.22870e-01,-0.057,0.062
-4.22860e-01,-0.061,0.064
-4.22850e-01,-0.061,0.064
-4.22840e-01,-0.057,0.056
-4.22830e-01,-0.059,0.066
-4.22820e-01,-0.061,0.064
-4.22810e-01,-0.061,0.062
-4.22800e-01,-0.059,0.06
-4.22790e-01,-0.061,0.062
-4.22780e-01,-0.063,0.066
-4.22770e-01,-0.061,0.064
-4.22760e-01,-0.061,0.066
-4.22750e-01,-0.059,0.06
-4.22740e-01,-0.061,0.06
-4.22730e-01,-0.061,0.064
-4.22720e-01,-0.063,0.06
-4.22710e-01,-0.059,0.066
-4.22700e-01,-0.061,0.06
-4.22690e-01,-0.059,0.062
-4.22680e-01,-0.061,0.066
-4.22670e-01,-0.061,0.062
-4.22660e-01,-0.053,0.06
-4.22650e-01,-0.063,0.066
-4.22640e-01,-0.051,0.06
-4.22630e-01,-0.059,0.062
-4.22620e-01,-0.053,0.06
-4.22610e-01,-0.057,0.06
-4.22600e-01,-0.061,0.066
-4.22590e-01,-0.061,0.062
-4.22580e-01,-0.061,0.06
-4.22570e-01,-0.061,0.064
-4.22560e-01,-0.061,0.062
-4.22550e-01,-0.059,0.062
-4.22540e-01,-0.055,0.06
-4.22530e-01,-0.059,0.062
-4.22520e-01,-0.063,0.064
-4.22510e-01,-0.059,0.06
-4.22500e-01,-0.061,0.064
-4.22490e-01,-0.057,0.06
-4.22480e-01,-0.059,0.062
-4.22470e-01,-0.057,0.062
-4.22460e-01,-0.059,0.06
-4.22450e-01,-0.055,0.06
-4.22440e-01,-0.055,0.064
-4.22430e-01,-0.057,0.06
-4.22420e-01,-0.057,0.062
-4.22410e-01,-0.057,0.062
-4.22400e-01,-0.065,0.064
-4.22390e-01,-0.059,0.062
-4.22380e-01,-0.059,0.064
-4.22370e-01,-0.051,0.06
-4.22360e-01,-0.055,0.06
-4.22350e-01,-0.059,0.06
-4.22340e-01,-0.061,0.064
-4.22330e-01,-0.057,0.064
-4.22320e-01,-0.055,0.058
-4.22310e-01,-0.053,0.06
-4.22300e-01,-0.059,0.062
-4.22290e-01,-0.063,0.06
-4.22280e-01,-0.059,0.062
-4.22270e-01,-0.057,0.066
-4.22260e-01,-0.061,0.068
-4.22250e-01,-0.063,0.062
-4.22240e-01,-0.063,0.06
-4.22230e-01,-0.059,0.06
-4.22220e-01,-0.061,0.062
-4.22210e-01,-0.057,0.062
-4.22200e-01,-0.059,0.06
-4.22190e-01,-0.061,0.062
-4.22180e-01,-0.057,0.062
-4.22170e-01,-0.057,0.064
-4.22160e-01,-0.061,0.066
-4.22150e-01,-0.059,0.066
-4.22140e-01,-0.059,0.06
-4.22130e-01,-0.063,0.06
-4.22120e-01,-0.061,0.064
-4.22110e-01,-0.065,0.062
-4.22100e-01,-0.061,0.062
-4.22090e-01,-0.059,0.064
-4.22080e-01,-0.059,0.062
-4.22070e-01,-0.061,0.064
-4.22060e-01,-0.065,0.064
-4.22050e-01,-0.061,0.064
-4.22040e-01,-0.061,0.064
-4.22030e-01,-0.051,0.06
-4.22020e-01,-0.055,0.06
-4.22010e-01,-0.051,0.058
-4.22000e-01,-0.055,0.06
-4.21990e-01,-0.053,0.058
-4.21980e-01,-0.061,0.062
-4.21970e-01,-0.057,0.058
-4.21960e-01,-0.059,0.06
-4.21950e-01,-0.053,0.06
-4.21940e-01,-0.047,0.052
-4.21930e-01,-0.045,0.05
-4.21920e-01,-0.055,0.058
-4.21910e-01,-0.053,0.06
-4.21900e-01,-0.057,0.06
-4.21890e-01,-0.059,0.064
-4.21880e-01,-0.061,0.064
-4.21870e-01,-0.057,0.064
-4.21860e-01,-0.053,0.06
-4.21850e-01,-0.055,0.062
-4.21840e-01,-0.053,0.056
-4.21830e-01,-0.059,0.062
-4.21820e-01,-0.057,0.062
-4.21810e-01,-0.055,0.06
-4.21800e-01,-0.057,0.064
-4.21790e-01,-0.057,0.062
-4.21780e-01,-0.061,0.064
-4.21770e-01,-0.061,0.062
-4.21760e-01,-0.057,0.058
-4.21750e-01,-0.059,0.064
-4.21740e-01,-0.059,0.062
-4.21730e-01,-0.059,0.064
-4.21720e-01,-0.053,0.058
-4.21710e-01,-0.049,0.056
-4.21700e-01,-0.043,0.05
-4.21690e-01,-0.053,0.056
-4.21680e-01,-0.059,0.06
-4.21670e-01,-0.061,0.066
-4.21660e-01,-0.057,0.06
-4.21650e-01,-0.059,0.062
-4.21640e-01,-0.057,0.062
-4.21630e-01,-0.055,0.06
-4.21620e-01,-0.065,0.064
-4.21610e-01,-0.055,0.062
-4.21600e-01,-0.041,0.048
-4.21590e-01,-0.047,0.056
-4.21580e-01,-0.057,0.064
-4.21570e-01,-0.055,0.062
-4.21560e-01,-0.055,0.06
-4.21550e-01,-0.051,0.062
-4.21540e-01,-0.055,0.06
-4.21530e-01,-0.049,0.056
-4.21520e-01,-0.057,0.06
-4.21510e-01,-0.055,0.06
-4.21500e-01,-0.061,0.064
-4.21490e-01,-0.055,0.06
-4.21480e-01,-0.059,0.066
-4.21470e-01,-0.057,0.064
-4.21460e-01,-0.053,0.056
-4.21450e-01,-0.059,0.062
-4.21440e-01,-0.063,0.066
-4.21430e-01,-0.059,0.062
-4.21420e-01,-0.063,0.062
-4.21410e-01,-0.049,0.052
-4.21400e-01,-0.063,0.06
-4.21390e-01,-0.055,0.062
-4.21380e-01,-0.061,0.062
-4.21370e-01,-0.061,0.066
-4.21360e-01,-0.061,0.066
-4.21350e-01,-0.061,0.062
-4.21340e-01,-0.055,0.058
-4.21330e-01,-0.057,0.06
-4.21320e-01,-0.059,0.066
-4.21310e-01,-0.059,0.06
-4.21300e-01,-0.061,0.062
-4.21290e-01,-0.061,0.062
-4.21280e-01,-0.059,0.06
-4.21270e-01,-0.059,0.062
-4.21260e-01,-0.057,0.06
-4.21250e-01,-0.063,0.066
-4.21240e-01,-0.061,0.064
-4.21230e-01,-0.059,0.064
-4.21220e-01,-0.059,0.062
-4.21210e-01,-0.049,0.056
-4.21200e-01,-0.057,0.06
-4.21190e-01,-0.059,0.06
-4.21180e-01,-0.061,0.064
-4.21170e-01,-0.061,0.06
-4.21160e-01,-0.049,0.056
-4.21150e-01,-0.059,0.064
-4.21140e-01,-0.055,0.062
-4.21130e-01,-0.061,0.062
-4.21120e-01,-0.065,0.062
-4.21110e-01,-0.059,0.062
-4.21100e-01,-0.061,0.062
-4.21090e-01,-0.059,0.064
-4.21080e-01,-0.057,0.06
-4.21070e-01,-0.059,0.064
-4.21060e-01,-0.059,0.062
-4.21050e-01,-0.063,0.066
-4.21040e-01,-0.059,0.064
-4.21030e-01,-0.059,0.062
-4.21020e-01,-0.059,0.062
-4.21010e-01,-0.057,0.068
-4.21000e-01,-0.053,0.056
-4.20990e-01,-0.053,0.058
-4.20980e-01,-0.047,0.05
-4.20970e-01,-0.053,0.06
-4.20960e-01,-0.051,0.058
-4.20950e-01,-0.059,0.06
-4.20940e-01,-0.063,0.064
-4.20930e-01,-0.059,0.062
-4.20920e-01,-0.059,0.062
-4.20910e-01,-0.051,0.056
-4.20900e-01,-0.051,0.058
-4.20890e-01,-0.049,0.058
-4.20880e-01,-0.055,0.06
-4.20870e-01,-0.051,0.058
-4.20860e-01,-0.061,0.062
-4.20850e-01,-0.059,0.066
-4.20840e-01,-0.055,0.064
-4.20830e-01,-0.047,0.056
-4.20820e-01,-0.053,0.056
-4.20810e-01,-0.049,0.056
-4.20800e-01,-0.059,0.066
-4.20790e-01,-0.061,0.064
-4.20780e-01,-0.059,0.064
-4.20770e-01,-0.061,0.06
-4.20760e-01,-0.061,0.064
-4.20750e-01,-0.063,0.064
-4.20740e-01,-0.061,0.066
-4.20730e-01,-0.061,0.064
-4.20720e-01,-0.061,0.066
-4.20710e-01,-0.059,0.062
-4.20700e-01,-0.063,0.062
-4.20690e-01,-0.059,0.066
-4.20680e-01,-0.061,0.062
-4.20670e-01,-0.057,0.062
-4.20660e-01,-0.055,0.062
-4.20650e-01,-0.059,0.064
-4.20640e-01,-0.063,0.064
-4.20630e-01,-0.051,0.056
-4.20620e-01,-0.057,0.062
-4.20610e-01,-0.057,0.062
-4.20600e-01,-0.057,0.064
-4.20590e-01,-0.059,0.06
-4.20580e-01,-0.063,0.062
-4.20570e-01,-0.061,0.062
-4.20560e-01,-0.059,0.064
-4.20550e-01,-0.063,0.064
-4.20540e-01,-0.055,0.062
-4.20530e-01,-0.059,0.064
-4.20520e-01,-0.057,0.06
-4.20510e-01,-0.059,0.062
-4.20500e-01,-0.055,0.06
-4.20490e-01,-0.063,0.064
-4.20480e-01,-0.057,0.064
-4.20470e-01,-0.059,0.06
-4.20460e-01,-0.059,0.064
-4.20450e-01,-0.061,0.064
-4.20440e-01,-0.061,0.064
-4.20430e-01,-0.055,0.06
-4.20420e-01,-0.061,0.066
-4.20410e-01,-0.061,0.064
-4.20400e-01,-0.047,0.054
-4.20390e-01,-0.061,0.06
-4.20380e-01,-0.061,0.062
-4.20370e-01,-0.059,0.064
-4.20360e-01,-0.057,0.062
-4.20350e-01,-0.057,0.06
-4.20340e-01,-0.059,0.06
-4.20330e-01,-0.057,0.06
-4.20320e-01,-0.061,0.066
-4.20310e-01,-0.063,0.064
-4.20300e-01,-0.057,0.066
-4.20290e-01,-0.059,0.062
-4.20280e-01,-0.059,0.062
-4.20270e-01,-0.063,0.064
-4.20260e-01,-0.059,0.064
-4.20250e-01,-0.059,0.064
-4.20240e-01,-0.063,0.064
-4.20230e-01,-0.063,0.062
-4.20220e-01,-0.057,0.062
-4.20210e-01,-0.061,0.068
-4.20200e-01,-0.061,0.062
-4.20190e-01,-0.059,0.064
-4.20180e-01,-0.059,0.06
-4.20170e-01,-0.057,0.06
-4.20160e-01,-0.057,0.06
-4.20150e-01,-0.059,0.062
-4.20140e-01,-0.057,0.064
-4.20130e-01,-0.061,0.068
-4.20120e-01,-0.059,0.06
-4.20110e-01,-0.061,0.06
-4.20100e-01,-0.051,0.058
-4.20090e-01,-0.059,0.064
-4.20080e-01,-0.057,0.062
-4.20070e-01,-0.059,0.064
-4.20060e-01,-0.063,0.062
-4.20050e-01,-0.061,0.062
-4.20040e-01,-0.065,0.062
-4.20030e-01,-0.061,0.062
-4.20020e-01,-0.059,0.064
-4.20010e-01,-0.057,0.064
-4.20000e-01,-0.057,0.06
-4.19990e-01,-0.061,0.062
-4.19980e-01,-0.061,0.064
-4.19970e-01,-0.061,0.06
-4.19960e-01,-0.057,0.066
-4.19950e-01,-0.057,0.06
-4.19940e-01,-0.065,0.064
-4.19930e-01,-0.057,0.06
-4.19920e-01,-0.057,0.06
-4.19910e-01,-0.061,0.062
-4.19900e-01,-0.059,0.062
-4.19890e-01,-0.061,0.064
-4.19880e-01,-0.063,0.066
-4.19870e-01,-0.053,0.06
-4.19860e-01,-0.061,0.066
-4.19850e-01,-0.053,0.06
-4.19840e-01,-0.059,0.06
-4.19830e-01,-0.051,0.054
-4.19820e-01,-0.059,0.064
-4.19810e-01,-0.061,0.06
-4.19800e-01,-0.057,0.06
-4.19790e-01,-0.057,0.06
-4.19780e-01,-0.061,0.062
-4.19770e-01,-0.057,0.068
-4.19760e-01,-0.055,0.058
-4.19750e-01,-0.055,0.06
-4.19740e-01,-0.057,0.06
-4.19730e-01,-0.055,0.062
-4.19720e-01,-0.053,0.056
-4.19710e-01,-0.057,0.066
-4.19700e-01,-0.049,0.058
-4.19690e-01,-0.059,0.06
-4.19680e-01,-0.059,0.06
-4.19670e-01,-0.057,0.062
-4.19660e-01,-0.043,0.058
-4.19650e-01,-0.061,0.062
-4.19640e-01,-0.059,0.06
-4.19630e-01,-0.059,0.062
-4.19620e-01,-0.059,0.064
-4.19610e-01,-0.057,0.058
-4.19600e-01,-0.061,0.064
-4.19590e-01,-0.057,0.06
-4.19580e-01,-0.061,0.066
-4.19570e-01,-0.057,0.058
-4.19560e-01,-0.057,0.062
-4.19550e-01,-0.061,0.06
-4.19540e-01,-0.061,0.062
-4.19530e-01,-0.055,0.058
-4.19520e-01,-0.055,0.054
-4.19510e-01,-0.061,0.064
-4.19500e-01,-0.059,0.068
-4.19490e-01,-0.065,0.064
-4.19480e-01,-0.061,0.064
-4.19470e-01,-0.057,0.066
-4.19460e-01,-0.061,0.064
-4.19450e-01,-0.061,0.064
-4.19440e-01,-0.057,0.066
-4.19430e-01,-0.061,0.064
-4.19420e-01,-0.057,0.064
-4.19410e-01,-0.055,0.062
-4.19400e-01,-0.059,0.06
-4.19390e-01,-0.059,0.062
-4.19380e-01,-0.055,0.064
-4.19370e-01,-0.061,0.062
-4.19360e-01,-0.061,0.064
-4.19350e-01,-0.049,0.058
-4.19340e-01,-0.059,0.062
-4.19330e-01,-0.059,0.064
-4.19320e-01,-0.057,0.062
-4.19310e-01,-0.055,0.058
-4.19300e-01,-0.063,0.066
-4.19290e-01,-0.057,0.064
-4.19280e-01,-0.059,0.06
-4.19270e-01,-0.061,0.064
-4.19260e-01,-0.055,0.064
-4.19250e-01,-0.055,0.06
-4.19240e-01,-0.063,0.066
-4.19230e-01,-0.051,0.046
-4.19220e-01,-0.059,0.064
-4.19210e-01,-0.055,0.06
-4.19200e-01,-0.059,0.062
-4.19190e-01,-0.047,0.054
-4.19180e-01,-0.059,0.064
-4.19170e-01,-0.057,0.06
-4.19160e-01,-0.059,0.062
-4.19150e-01,-0.057,0.064
-4.19140e-01,-0.053,0.058
-4.19130e-01,-0.061,0.062
-4.19120e-01,-0.059,0.062
-4.19110e-01,-0.061,0.062
-4.19100e-01,-0.057,0.06
-4.19090e-01,-0.059,0.066
-4.19080e-01,-0.057,0.06
-4.19070e-01,-0.061,0.066
-4.19060e-01,-0.061,0.062
-4.19050e-01,-0.057,0.066
-4.19040e-01,-0.059,0.062
-4.19030e-01,-0.063,0.064
-4.19020e-01,-0.059,0.064
-4.19010e-01,-0.053,0.058
-4.19000e-01,-0.061,0.064
-4.18990e-01,-0.059,0.064
-4.18980e-01,-0.057,0.064
-4.18970e-01,-0.061,0.064
-4.18960e-01,-0.063,0.066
-4.18950e-01,-0.063,0.064
-4.18940e-01,-0.061,0.064
-4.18930e-01,-0.059,0.062
-4.18920e-01,-0.063,0.064
-4.18910e-01,-0.063,0.064
-4.18900e-01,-0.061,0.06
-4.18890e-01,-0.063,0.064
-4.18880e-01,-0.055,0.058
-4.18870e-01,-0.059,0.06
-4.18860e-01,-0.055,0.06
-4.18850e-01,-0.059,0.062
-4.18840e-01,-0.059,0.06
-4.18830e-01,-0.061,0.062
-4.18820e-01,-0.063,0.064
-4.18810e-01,-0.057,0.064
-4.18800e-01,-0.057,0.064
-4.18790e-01,-0.061,0.062
-4.18780e-01,-0.059,0.064
-4.18770e-01,-0.063,0.064
-4.18760e-01,-0.057,0.064
-4.18750e-01,-0.059,0.064
-4.18740e-01,-0.061,0.066
-4.18730e-01,-0.063,0.064
-4.18720e-01,-0.059,0.064
-4.18710e-01,-0.059,0.064
-4.18700e-01,-0.059,0.064
-4.18690e-01,-0.057,0.058
-4.18680e-01,-0.059,0.064
-4.18670e-01,-0.059,0.066
-4.18660e-01,-0.057,0.064
-4.18650e-01,-0.047,0.05
-4.18640e-01,-0.063,0.062
-4.18630e-01,-0.055,0.056
-4.18620e-01,-0.063,0.064
-4.18610e-01,-0.049,0.058
-4.18600e-01,-0.059,0.062
-4.18590e-01,-0.059,0.064
-4.18580e-01,-0.061,0.064
-4.18570e-01,-0.057,0.064
-4.18560e-01,-0.055,0.06
-4.18550e-01,-0.061,0.062
-4.18540e-01,-0.061,0.064
-4.18530e-01,-0.061,0.064
-4.18520e-01,-0.061,0.064
-4.18510e-01,-0.059,0.062
-4.18500e-01,-0.057,0.06
-4.18490e-01,-0.061,0.062
-4.18480e-01,-0.059,0.062
-4.18470e-01,-0.047,0.054
-4.18460e-01,-0.057,0.06
-4.18450e-01,-0.033,0.04
-4.18440e-01,-0.061,0.064
-4.18430e-01,-0.051,0.054
-4.18420e-01,-0.059,0.064
-4.18410e-01,-0.047,0.054
-4.18400e-01,-0.057,0.064
-4.18390e-01,-0.039,0.042
-4.18380e-01,-0.061,0.066
-4.18370e-01,-0.055,0.058
-4.18360e-01,-0.059,0.066
-4.18350e-01,-0.045,0.054
-4.18340e-01,-0.051,0.058
-4.18330e-01,-0.061,0.064
-4.18320e-01,-0.055,0.06
-4.18310e-01,-0.059,0.062
-4.18300e-01,-0.051,0.054
-4.18290e-01,-0.059,0.062
-4.18280e-01,-0.059,0.064
-4.18270e-01,-0.057,0.064
-4.18260e-01,-0.053,0.06
-4.18250e-01,-0.059,0.062
-4.18240e-01,-0.053,0.054
-4.18230e-01,-0.059,0.064
-4.18220e-01,-0.055,0.06
-4.18210e-01,-0.061,0.064
-4.18200e-01,-0.059,0.062
-4.18190e-01,-0.065,0.064
-4.18180e-01,-0.055,0.062
-4.18170e-01,-0.059,0.066
-4.18160e-01,-0.061,0.066
-4.18150e-01,-0.061,0.066
-4.18140e-01,-0.061,0.064
-4.18130e-01,-0.059,0.064
-4.18120e-01,-0.059,0.064
-4.18110e-01,-0.063,0.062
-4.18100e-01,-0.061,0.062
-4.18090e-01,-0.059,0.064
-4.18080e-01,-0.061,0.062
-4.18070e-01,-0.059,0.064
-4.18060e-01,-0.063,0.062
-4.18050e-01,-0.055,0.058
-4.18040e-01,-0.063,0.062
-4.18030e-01,-0.061,0.064
-4.18020e-01,-0.063,0.068
-4.18010e-01,-0.051,0.056
-4.18000e-01,-0.061,0.064
-4.17990e-01,-0.061,0.064
-4.17980e-01,-0.061,0.066
-4.17970e-01,-0.059,0.064
-4.17960e-01,-0.061,0.064
-4.17950e-01,-0.059,0.066
-4.17940e-01,-0.061,0.064
-4.17930e-01,-0.059,0.064
-4.17920e-01,-0.059,0.062
-4.17910e-01,-0.059,0.06
-4.17900e-01,-0.061,0.062
-4.17890e-01,-0.059,0.062
-4.17880e-01,-0.061,0.064
-4.17870e-01,-0.063,0.062
-4.17860e-01,-0.063,0.066
-4.17850e-01,-0.059,0.064
-4.17840e-01,-0.059,0.064
-4.17830e-01,-0.057,0.064
-4.17820e-01,-0.059,0.064
-4.17810e-01,-0.061,0.06
-4.17800e-01,-0.043,0.054
-4.17790e-01,-0.061,0.062
-4.17780e-01,-0.063,0.064
-4.17770e-01,-0.061,0.064
-4.17760e-01,-0.061,0.06
-4.17750e-01,-0.063,0.066
-4.17740e-01,-0.061,0.064
-4.17730e-01,-0.055,0.058
-4.17720e-01,-0.059,0.06
-4.17710e-01,-0.061,0.068
-4.17700e-01,-0.059,0.064
-4.17690e-01,-0.059,0.06
-4.17680e-01,-0.057,0.062
-4.17670e-01,-0.061,0.06
-4.17660e-01,-0.063,0.064
-4.17650e-01,-0.063,0.06
-4.17640e-01,-0.057,0.062
-4.17630e-01,-0.059,0.064
-4.17620e-01,-0.055,0.062
-4.17610e-01,-0.059,0.06
-4.17600e-01,-0.061,0.064
-4.17590e-01,-0.063,0.068
-4.17580e-01,-0.059,0.066
-4.17570e-01,-0.059,0.064
-4.17560e-01,-0.059,0.06
-4.17550e-01,-0.061,0.062
-4.17540e-01,-0.057,0.06
-4.17530e-01,-0.059,0.06
-4.17520e-01,-0.059,0.066
-4.17510e-01,-0.055,0.06
-4.17500e-01,-0.059,0.062
-4.17490e-01,-0.051,0.058
-4.17480e-01,-0.059,0.068
-4.17470e-01,-0.049,0.056
-4.17460e-01,-0.057,0.06
-4.17450e-01,-0.055,0.06
-4.17440e-01,-0.063,0.066
-4.17430e-01,-0.061,0.06
-4.17420e-01,-0.059,0.066
-4.17410e-01,-0.061,0.062
-4.17400e-01,-0.053,0.056
-4.17390e-01,-0.059,0.062
-4.17380e-01,-0.059,0.06
-4.17370e-01,-0.053,0.06
-4.17360e-01,-0.061,0.062
-4.17350e-01,-0.061,0.068
-4.17340e-01,-0.061,0.064
-4.17330e-01,-0.055,0.06
-4.17320e-01,-0.059,0.062
-4.17310e-01,-0.061,0.066
-4.17300e-01,-0.053,0.06
-4.17290e-01,-0.061,0.06
-4.17280e-01,-0.051,0.054
-4.17270e-01,-0.063,0.064
-4.17260e-01,-0.051,0.06
-4.17250e-01,-0.061,0.064
-4.17240e-01,-0.059,0.062
-4.17230e-01,-0.045,0.056
-4.17220e-01,-0.063,0.066
-4.17210e-01,-0.059,0.062
-4.17200e-01,-0.059,0.064
-4.17190e-01,-0.057,0.062
-4.17180e-01,-0.061,0.064
-4.17170e-01,-0.061,0.064
-4.17160e-01,-0.059,0.066
-4.17150e-01,-0.049,0.056
-4.17140e-01,-0.059,0.064
-4.17130e-01,-0.059,0.064
-4.17120e-01,-0.057,0.06
-4.17110e-01,-0.055,0.062
-4.17100e-01,-0.051,0.056
-4.17090e-01,-0.053,0.062
-4.17080e-01,-0.057,0.06
-4.17070e-01,-0.065,0.064
-4.17060e-01,-0.057,0.062
-4.17050e-01,-0.061,0.06
-4.17040e-01,-0.051,0.06
-4.17030e-01,-0.063,0.064
-4.17020e-01,-0.055,0.06
-4.17010e-01,-0.061,0.066
-4.17000e-01,-0.055,0.06
-4.16990e-01,-0.059,0.062
-4.16980e-01,-0.057,0.06
-4.16970e-01,-0.059,0.064
-4.16960e-01,-0.057,0.06
-4.16950e-01,-0.055,0.058
-4.16940e-01,-0.063,0.062
-4.16930e-01,-0.059,0.064
-4.16920e-01,-0.063,0.064
-4.16910e-01,-0.059,0.062
-4.16900e-01,-0.061,0.064
-4.16890e-01,-0.059,0.06
-4.16880e-01,-0.063,0.064
-4.16870e-01,-0.061,0.062
-4.16860e-01,-0.057,0.06
-4.16850e-01,-0.059,0.06
-4.16840e-01,-0.047,0.05
-4.16830e-01,-0.057,0.06
-4.16820e-01,-0.057,0.06
-4.16810e-01,-0.061,0.064
-4.16800e-01,-0.057,0.062
-4.16790e-01,-0.061,0.06
-4.16780e-01,-0.057,0.062
-4.16770e-01,-0.059,0.064
-4.16760e-01,-0.059,0.062
-4.16750e-01,-0.057,0.06
-4.16740e-01,-0.055,0.06
-4.16730e-01,-0.061,0.062
-4.16720e-01,-0.055,0.058
-4.16710e-01,-0.063,0.066
-4.16700e-01,-0.063,0.062
-4.16690e-01,-0.059,0.064
-4.16680e-01,-0.061,0.064
-4.16670e-01,-0.061,0.064
-4.16660e-01,-0.061,0.066
-4.16650e-01,-0.057,0.06
-4.16640e-01,-0.061,0.064
-4.16630e-01,-0.061,0.062
-4.16620e-01,-0.059,0.062
-4.16610e-01,-0.057,0.064
-4.16600e-01,-0.061,0.066
-4.16590e-01,-0.057,0.062
-4.16580e-01,-0.057,0.062
-4.16570e-01,-0.059,0.062
-4.16560e-01,-0.047,0.052
-4.16550e-01,-0.059,0.062
-4.16540e-01,-0.057,0.06
-4.16530e-01,-0.055,0.06
-4.16520e-01,-0.059,0.064
-4.16510e-01,-0.051,0.052
-4.16500e-01,-0.061,0.064
-4.16490e-01,-0.059,0.064
-4.16480e-01,-0.053,0.058
-4.16470e-01,-0.063,0.062
-4.16460e-01,-0.047,0.056
-4.16450e-01,-0.059,0.06
-4.16440e-01,-0.051,0.054
-4.16430e-01,-0.059,0.058
-4.16420e-01,-0.057,0.06
-4.16410e-01,-0.059,0.062
-4.16400e-01,-0.059,0.062
-4.16390e-01,-0.059,0.064
-4.16380e-01,-0.057,0.064
-4.16370e-01,-0.061,0.064
-4.16360e-01,-0.059,0.064
-4.16350e-01,-0.059,0.064
-4.16340e-01,-0.059,0.062
-4.16330e-01,-0.051,0.056
-4.16320e-01,-0.059,0.064
-4.16310e-01,-0.057,0.06
-4.16300e-01,-0.061,0.068
-4.16290e-01,-0.059,0.06
-4.16280e-01,-0.059,0.064
-4.16270e-01,-0.049,0.052
-4.16260e-01,-0.059,0.062
-4.16250e-01,-0.053,0.06
-4.16240e-01,-0.053,0.056
-4.16230e-01,-0.061,0.066
-4.16220e-01,-0.053,0.056
-4.16210e-01,-0.059,0.064
-4.16200e-01,-0.061,0.062
-4.16190e-01,-0.055,0.06
-4.16180e-01,-0.059,0.064
-4.16170e-01,-0.063,0.064
-4.16160e-01,-0.057,0.062
-4.16150e-01,-0.059,0.062
-4.16140e-01,-0.061,0.064
-4.16130e-01,-0.059,0.064
-4.16120e-01,-0.061,0.062
-4.16110e-01,-0.057,0.064
-4.16100e-01,-0.059,0.064
-4.16090e-01,-0.061,0.064
-4.16080e-01,-0.059,0.066
-4.16070e-01,-0.061,0.062
-4.16060e-01,-0.059,0.064
-4.16050e-01,-0.059,0.064
-4.16040e-01,-0.059,0.064
-4.16030e-01,-0.059,0.064
-4.16020e-01,-0.061,0.064
-4.16010e-01,-0.063,0.064
-4.16000e-01,-0.059,0.064
-4.15990e-01,-0.049,0.054
-4.15980e-01,-0.059,0.06
-4.15970e-01,-0.053,0.054
-4.15960e-01,-0.057,0.06
-4.15950e-01,-0.059,0.062
-4.15940e-01,-0.061,0.064
-4.15930e-01,-0.059,0.062
-4.15920e-01,-0.057,0.06
-4.15910e-01,-0.065,0.064
-4.15900e-01,-0.055,0.06
-4.15890e-01,-0.061,0.064
-4.15880e-01,-0.057,0.062
-4.15870e-01,-0.059,0.06
-4.15860e-01,-0.059,0.066
-4.15850e-01,-0.061,0.06
-4.15840e-01,-0.063,0.062
-4.15830e-01,-0.061,0.062
-4.15820e-01,-0.053,0.06
-4.15810e-01,-0.059,0.062
-4.15800e-01,-0.063,0.066
-4.15790e-01,-0.061,0.06
-4.15780e-01,-0.063,0.064
-4.15770e-01,-0.057,0.06
-4.15760e-01,-0.057,0.064
-4.15750e-01,-0.061,0.062
-4.15740e-01,-0.059,0.06
-4.15730e-01,-0.063,0.062
-4.15720e-01,-0.061,0.06
-4.15710e-01,-0.063,0.064
-4.15700e-01,-0.049,0.054
-4.15690e-01,-0.061,0.062
-4.15680e-01,-0.055,0.06
-4.15670e-01,-0.057,0.064
-4.15660e-01,-0.059,0.064
-4.15650e-01,-0.055,0.058
-4.15640e-01,-0.061,0.06
-4.15630e-01,-0.055,0.064
-4.15620e-01,-0.049,0.058
-4.15610e-01,-0.061,0.062
-4.15600e-01,-0.057,0.062
-4.15590e-01,-0.059,0.064
-4.15580e-01,-0.063,0.062
-4.15570e-01,-0.057,0.062
-4.15560e-01,-0.063,0.064
-4.15550e-01,-0.061,0.064
-4.15540e-01,-0.061,0.06
-4.15530e-01,-0.059,0.064
-4.15520e-01,-0.059,0.068
-4.15510e-01,-0.063,0.068
-4.15500e-01,-0.061,0.062
-4.15490e-01,-0.057,0.06
-4.15480e-01,-0.059,0.058
-4.15470e-01,-0.059,0.062
-4.15460e-01,-0.055,0.06
-4.15450e-01,-0.065,0.064
-4.15440e-01,-0.055,0.06
-4.15430e-01,-0.047,0.052
-4.15420e-01,-0.049,0.056
-4.15410e-01,-0.049,0.054
-4.15400e-01,-0.041,0.046
-4.15390e-01,-0.055,0.06
-4.15380e-01,-0.059,0.058
-4.15370e-01,-0.063,0.066
-4.15360e-01,-0.057,0.058
-4.15350e-01,-0.057,0.064
-4.15340e-01,-0.063,0.066
-4.15330e-01,-0.061,0.068
-4.15320e-01,-0.059,0.064
-4.15310e-01,-0.059,0.062
-4.15300e-01,-0.059,0.064
-4.15290e-01,-0.057,0.06
-4.15280e-01,-0.061,0.064
-4.15270e-01,-0.055,0.062
-4.15260e-01,-0.061,0.066
-4.15250e-01,-0.057,0.06
-4.15240e-01,-0.059,0.064
-4.15230e-01,-0.059,0.064
-4.15220e-01,-0.061,0.068
-4.15210e-01,-0.057,0.064
-4.15200e-01,-0.059,0.064
-4.15190e-01,-0.055,0.062
-4.15180e-01,-0.059,0.062
-4.15170e-01,-0.053,0.056
-4.15160e-01,-0.047,0.056
-4.15150e-01,-0.057,0.062
-4.15140e-01,-0.051,0.056
-4.15130e-01,-0.051,0.056
-4.15120e-01,-0.061,0.062
-4.15110e-01,-0.049,0.056
-4.15100e-01,-0.059,0.066
-4.15090e-01,-0.049,0.056
-4.15080e-01,-0.057,0.064
-4.15070e-01,-0.057,0.062
-4.15060e-01,-0.059,0.068
-4.15050e-01,-0.053,0.058
-4.15040e-01,-0.053,0.058
-4.15030e-01,-0.057,0.06
-4.15020e-01,-0.061,0.06
-4.15010e-01,-0.059,0.062
-4.15000e-01,-0.053,0.056
-4.14990e-01,-0.059,0.062
-4.14980e-01,-0.061,0.062
-4.14970e-01,-0.061,0.062
-4.14960e-01,-0.061,0.064
-4.14950e-01,-0.057,0.06
-4.14940e-01,-0.055,0.06
-4.14930e-01,-0.063,0.062
-4.14920e-01,-0.059,0.062
-4.14910e-01,-0.059,0.06
-4.14900e-01,-0.057,0.06
-4.14890e-01,-0.051,0.056
-4.14880e-01,-0.053,0.058
-4.14870e-01,-0.051,0.056
-4.14860e-01,-0.043,0.05
-4.14850e-01,-0.053,0.06
-4.14840e-01,-0.057,0.064
-4.14830e-01,-0.061,0.058
-4.14820e-01,-0.059,0.06
-4.14810e-01,-0.037,0.042
-4.14800e-01,-0.059,0.062
-4.14790e-01,-0.053,0.058
-4.14780e-01,-0.057,0.06
-4.14770e-01,-0.049,0.056
-4.14760e-01,-0.059,0.064
-4.14750e-01,-0.053,0.056
-4.14740e-01,-0.059,0.068
-4.14730e-01,-0.061,0.06
-4.14720e-01,-0.053,0.058
-4.14710e-01,-0.061,0.062
-4.14700e-01,-0.053,0.058
-4.14690e-01,-0.059,0.064
-4.14680e-01,-0.059,0.064
-4.14670e-01,-0.057,0.06
-4.14660e-01,-0.049,0.052
-4.14650e-01,-0.055,0.064
-4.14640e-01,-0.053,0.06
-4.14630e-01,-0.063,0.064
-4.14620e-01,-0.061,0.062
-4.14610e-01,-0.059,0.064
-4.14600e-01,-0.061,0.062
-4.14590e-01,-0.059,0.06
-4.14580e-01,-0.057,0.058
-4.14570e-01,-0.061,0.066
-4.14560e-01,-0.059,0.06
-4.14550e-01,-0.057,0.066
-4.14540e-01,-0.047,0.052
-4.14530e-01,-0.061,0.064
-4.14520e-01,-0.053,0.058
-4.14510e-01,-0.059,0.058
-4.14500e-01,-0.057,0.062
-4.14490e-01,-0.043,0.048
-4.14480e-01,-0.057,0.066
-4.14470e-01,-0.059,0.062
-4.14460e-01,-0.059,0.06
-4.14450e-01,-0.061,0.064
-4.14440e-01,-0.061,0.06
-4.14430e-01,-0.059,0.064
-4.14420e-01,-0.061,0.064
-4.14410e-01,-0.057,0.062
-4.14400e-01,-0.061,0.066
-4.14390e-01,-0.059,0.06
-4.14380e-01,-0.063,0.066
-4.14370e-01,-0.053,0.06
-4.14360e-01,-0.055,0.066
-4.14350e-01,-0.061,0.064
-4.14340e-01,-0.059,0.062
-4.14330e-01,-0.063,0.062
-4.14320e-01,-0.055,0.06
-4.14310e-01,-0.059,0.064
-4.14300e-01,-0.049,0.054
-4.14290e-01,-0.057,0.06
-4.14280e-01,-0.047,0.056
-4.14270e-01,-0.059,0.064
-4.14260e-01,-0.039,0.046
-4.14250e-01,-0.059,0.06
-4.14240e-01,-0.061,0.062
-4.14230e-01,-0.059,0.06
-4.14220e-01,-0.059,0.068
-4.14210e-01,-0.049,0.054
-4.14200e-01,-0.057,0.062
-4.14190e-01,-0.041,0.05
-4.14180e-01,-0.057,0.06
-4.14170e-01,-0.051,0.058
-4.14160e-01,-0.063,0.066
-4.14150e-01,-0.055,0.06
-4.14140e-01,-0.063,0.068
-4.14130e-01,-0.055,0.062
-4.14120e-01,-0.061,0.07
-4.14110e-01,-0.057,0.062
-4.14100e-01,-0.055,0.06
-4.14090e-01,-0.059,0.064
-4.14080e-01,-0.051,0.058
-4.14070e-01,-0.047,0.052
-4.14060e-01,-0.049,0.058
-4.14050e-01,-0.057,0.064
-4.14040e-01,-0.063,0.066
-4.14030e-01,-0.059,0.062
-4.14020e-01,-0.059,0.062
-4.14010e-01,-0.059,0.062
-4.14000e-01,-0.055,0.06
-4.13990e-01,-0.061,0.064
-4.13980e-01,-0.061,0.06
-4.13970e-01,-0.063,0.064
-4.13960e-01,-0.059,0.064
-4.13950e-01,-0.057,0.058
-4.13940e-01,-0.059,0.064
-4.13930e-01,-0.051,0.058
-4.13920e-01,-0.057,0.06
-4.13910e-01,-0.057,0.062
-4.13900e-01,-0.059,0.06
-4.13890e-01,-0.047,0.052
-4.13880e-01,-0.059,0.064
-4.13870e-01,-0.055,0.064
-4.13860e-01,-0.059,0.064
-4.13850e-01,-0.057,0.064
-4.13840e-01,-0.055,0.06
-4.13830e-01,-0.053,0.058
-4.13820e-01,-0.059,0.062
-4.13810e-01,-0.059,0.064
-4.13800e-01,-0.061,0.062
-4.13790e-01,-0.061,0.062
-4.13780e-01,-0.061,0.062
-4.13770e-01,-0.049,0.05
-4.13760e-01,-0.063,0.064
-4.13750e-01,-0.057,0.058
-4.13740e-01,-0.059,0.064
-4.13730e-01,-0.051,0.06
-4.13720e-01,-0.059,0.064
-4.13710e-01,-0.043,0.054
-4.13700e-01,-0.063,0.064
-4.13690e-01,-0.047,0.052
-4.13680e-01,-0.061,0.064
-4.13670e-01,-0.057,0.062
-4.13660e-01,-0.059,0.06
-4.13650e-01,-0.043,0.048
-4.13640e-01,-0.055,0.062
-4.13630e-01,-0.059,0.064
-4.13620e-01,-0.061,0.06
-4.13610e-01,-0.057,0.058
-4.13600e-01,-0.061,0.06
-4.13590e-01,-0.061,0.062
-4.13580e-01,-0.059,0.066
-4.13570e-01,-0.057,0.06
-4.13560e-01,-0.059,0.06
-4.13550e-01,-0.055,0.06
-4.13540e-01,-0.059,0.062
-4.13530e-01,-0.057,0.062
-4.13520e-01,-0.059,0.06
-4.13510e-01,-0.059,0.062
-4.13500e-01,-0.057,0.062
-4.13490e-01,-0.061,0.064
-4.13480e-01,-0.039,0.046
-4.13470e-01,-0.063,0.062
-4.13460e-01,-0.049,0.054
-4.13450e-01,-0.055,0.06
-4.13440e-01,-0.037,0.048
-4.13430e-01,-0.063,0.062
-4.13420e-01,-0.053,0.06
-4.13410e-01,-0.061,0.064
-4.13400e-01,-0.061,0.062
-4.13390e-01,-0.063,0.064
-4.13380e-01,-0.055,0.062
-4.13370e-01,-0.053,0.06
-4.13360e-01,-0.057,0.064
-4.13350e-01,-0.051,0.058
-4.13340e-01,-0.059,0.064
-4.13330e-01,-0.047,0.06
-4.13320e-01,-0.055,0.058
-4.13310e-01,-0.061,0.062
-4.13300e-01,-0.059,0.06
-4.13290e-01,-0.061,0.064
-4.13280e-01,-0.063,0.066
-4.13270e-01,-0.061,0.066
-4.13260e-01,-0.053,0.06
-4.13250e-01,-0.057,0.064
-4.13240e-01,-0.057,0.06
-4.13230e-01,-0.059,0.064
-4.13220e-01,-0.055,0.06
-4.13210e-01,-0.063,0.06
-4.13200e-01,-0.059,0.062
-4.13190e-01,-0.059,0.064
-4.13180e-01,-0.063,0.062
-4.13170e-01,-0.061,0.066
-4.13160e-01,-0.059,0.06
-4.13150e-01,-0.055,0.06
-4.13140e-01,-0.059,0.068
-4.13130e-01,-0.057,0.06
-4.13120e-01,-0.061,0.064
-4.13110e-01,-0.059,0.062
-4.13100e-01,-0.059,0.062
-4.13090e-01,-0.049,0.054
-4.13080e-01,-0.057,0.064
-4.13070e-01,-0.059,0.06
-4.13060e-01,-0.055,0.06
-4.13050e-01,-0.055,0.062
-4.13040e-01,-0.059,0.064
-4.13030e-01,-0.067,0.064
-4.13020e-01,-0.059,0.064
-4.13010e-01,-0.051,0.056
-4.13000e-01,-0.059,0.064
-4.12990e-01,-0.059,0.062
-4.12980e-01,-0.059,0.062
-4.12970e-01,-0.059,0.062
-4.12960e-01,-0.063,0.064
-4.12950e-01,-0.057,0.064
-4.12940e-01,-0.063,0.064
-4.12930e-01,-0.061,0.062
-4.12920e-01,-0.059,0.064
-4.12910e-01,-0.061,0.064
-4.12900e-01,-0.061,0.064
-4.12890e-01,-0.061,0.062
-4.12880e-01,-0.059,0.06
-4.12870e-01,-0.061,0.064
-4.12860e-01,-0.051,0.06
-4.12850e-01,-0.057,0.062
-4.12840e-01,-0.055,0.058
-4.12830e-01,-0.061,0.06
-4.12820e-01,-0.055,0.06
-4.12810e-01,-0.051,0.06
-4.12800e-01,-0.059,0.06
-4.12790e-01,-0.059,0.06
-4.12780e-01,-0.061,0.066
-4.12770e-01,-0.059,0.064
-4.12760e-01,-0.057,0.062
-4.12750e-01,-0.061,0.064
-4.12740e-01,-0.063,0.062
-4.12730e-01,-0.059,0.056
-4.12720e-01,-0.051,0.056
-4.12710e-01,-0.043,0.046
-4.12700e-01,-0.049,0.058
-4.12690e-01,-0.055,0.062
-4.12680e-01,-0.059,0.064
-4.12670e-01,-0.057,0.062
-4.12660e-01,-0.047,0.056
-4.12650e-01,-0.043,0.052
-4.12640e-01,-0.041,0.046
-4.12630e-01,-0.055,0.064
-4.12620e-01,-0.049,0.056
-4.12610e-01,-0.061,0.064
-4.12600e-01,-0.055,0.062
-4.12590e-01,-0.051,0.056
-4.12580e-01,-0.061,0.062
-4.12570e-01,-0.059,0.06
-4.12560e-01,-0.053,0.058
-4.12550e-01,-0.049,0.054
-4.12540e-01,-0.059,0.06
-4.12530e-01,-0.057,0.062
-4.12520e-01,-0.065,0.06
-4.12510e-01,-0.059,0.064
-4.12500e-01,-0.061,0.064
-4.12490e-01,-0.057,0.062
-4.12480e-01,-0.057,0.068
-4.12470e-01,-0.059,0.06
-4.12460e-01,-0.059,0.064
-4.12450e-01,-0.063,0.062
-4.12440e-01,-0.063,0.064
-4.12430e-01,-0.061,0.06
-4.12420e-01,-0.061,0.064
-4.12410e-01,-0.055,0.056
-4.12400e-01,-0.053,0.058
-4.12390e-01,-0.053,0.062
-4.12380e-01,-0.059,0.06
-4.12370e-01,-0.061,0.066
-4.12360e-01,-0.047,0.052
-4.12350e-01,-0.063,0.062
-4.12340e-01,-0.057,0.064
-4.12330e-01,-0.057,0.06
-4.12320e-01,-0.059,0.062
-4.12310e-01,-0.057,0.064
-4.12300e-01,-0.053,0.058
-4.12290e-01,-0.059,0.06
-4.12280e-01,-0.059,0.064
-4.12270e-01,-0.057,0.06
-4.12260e-01,-0.057,0.06
-4.12250e-01,-0.057,0.064
-4.12240e-01,-0.059,0.06
-4.12230e-01,-0.057,0.062
-4.12220e-01,-0.043,0.046
-4.12210e-01,-0.059,0.064
-4.12200e-01,-0.057,0.06
-4.12190e-01,-0.063,0.062
-4.12180e-01,-0.057,0.064
-4.12170e-01,-0.063,0.06
-4.12160e-01,-0.057,0.062
-4.12150e-01,-0.059,0.064
-4.12140e-01,-0.059,0.062
-4.12130e-01,-0.061,0.064
-4.12120e-01,-0.059,0.062
-4.12110e-01,-0.061,0.064
-4.12100e-01,-0.057,0.062
-4.12090e-01,-0.055,0.058
-4.12080e-01,-0.057,0.066
-4.12070e-01,-0.057,0.058
-4.12060e-01,-0.059,0.066
-4.12050e-01,-0.053,0.056
-4.12040e-01,-0.061,0.064
-4.12030e-01,-0.053,0.06
-4.12020e-01,-0.057,0.064
-4.12010e-01,-0.063,0.064
-4.12000e-01,-0.061,0.06
-4.11990e-01,-0.059,0.062
-4.11980e-01,-0.061,0.064
-4.11970e-01,-0.059,0.062
-4.11960e-01,-0.061,0.062
-4.11950e-01,-0.059,0.064
-4.11940e-01,-0.061,0.064
-4.11930e-01,-0.057,0.06
-4.11920e-01,-0.049,0.058
-4.11910e-01,-0.049,0.056
-4.11900e-01,-0.055,0.056
-4.11890e-01,-0.059,0.064
-4.11880e-01,-0.061,0.066
-4.11870e-01,-0.061,0.062
-4.11860e-01,-0.057,0.06
-4.11850e-01,-0.061,0.064
-4.11840e-01,-0.059,0.06
-4.11830e-01,-0.061,0.068
-4.11820e-01,-0.055,0.062
-4.11810e-01,-0.061,0.064
-4.11800e-01,-0.061,0.064
-4.11790e-01,-0.061,0.064
-4.11780e-01,-0.057,0.058
-4.11770e-01,-0.061,0.062
-4.11760e-01,-0.051,0.058
-4.11750e-01,-0.065,0.064
-4.11740e-01,-0.059,0.064
-4.11730e-01,-0.061,0.064
-4.11720e-01,-0.063,0.066
-4.11710e-01,-0.059,0.06
-4.11700e-01,-0.063,0.066
-4.11690e-01,-0.055,0.06
-4.11680e-01,-0.051,0.058
-4.11670e-01,-0.061,0.062
-4.11660e-01,-0.051,0.058
-4.11650e-01,-0.059,0.06
-4.11640e-01,-0.061,0.064
-4.11630e-01,-0.055,0.06
-4.11620e-01,-0.065,0.06
-4.11610e-01,-0.061,0.062
-4.11600e-01,-0.061,0.066
-4.11590e-01,-0.059,0.066
-4.11580e-01,-0.059,0.066
-4.11570e-01,-0.059,0.062
-4.11560e-01,-0.061,0.062
-4.11550e-01,-0.055,0.06
-4.11540e-01,-0.061,0.066
-4.11530e-01,-0.057,0.066
-4.11520e-01,-0.061,0.062
-4.11510e-01,-0.055,0.062
-4.11500e-01,-0.055,0.058
-4.11490e-01,-0.045,0.05
-4.11480e-01,-0.051,0.056
-4.11470e-01,-0.045,0.052
-4.11460e-01,-0.063,0.066
-4.11450e-01,-0.055,0.06
-4.11440e-01,-0.057,0.066
-4.11430e-01,-0.051,0.056
-4.11420e-01,-0.057,0.064
-4.11410e-01,-0.057,0.06
-4.11400e-01,-0.057,0.062
-4.11390e-01,-0.061,0.062
-4.11380e-01,-0.047,0.048
-4.11370e-01,-0.055,0.058
-4.11360e-01,-0.059,0.064
-4.11350e-01,-0.061,0.06
-4.11340e-01,-0.061,0.064
-4.11330e-01,-0.055,0.06
-4.11320e-01,-0.057,0.062
-4.11310e-01,-0.047,0.052
-4.11300e-01,-0.055,0.06
-4.11290e-01,-0.051,0.056
-4.11280e-01,-0.059,0.064
-4.11270e-01,-0.055,0.06
-4.11260e-01,-0.063,0.064
-4.11250e-01,-0.059,0.062
-4.11240e-01,-0.059,0.064
-4.11230e-01,-0.061,0.064
-4.11220e-01,-0.059,0.06
-4.11210e-01,-0.055,0.062
-4.11200e-01,-0.057,0.062
-4.11190e-01,-0.053,0.06
-4.11180e-01,-0.055,0.06
-4.11170e-01,-0.057,0.06
-4.11160e-01,-0.061,0.066
-4.11150e-01,-0.057,0.06
-4.11140e-01,-0.053,0.06
-4.11130e-01,-0.055,0.06
-4.11120e-01,-0.055,0.06
-4.11110e-01,-0.059,0.064
-4.11100e-01,-0.057,0.06
-4.11090e-01,-0.061,0.06
-4.11080e-01,-0.051,0.06
-4.11070e-01,-0.059,0.062
-4.11060e-01,-0.053,0.06
-4.11050e-01,-0.053,0.058
-4.11040e-01,-0.061,0.064
-4.11030e-01,-0.047,0.052
-4.11020e-01,-0.057,0.064
-4.11010e-01,-0.059,0.06
-4.11000e-01,-0.061,0.062
-4.10990e-01,-0.055,0.062
-4.10980e-01,-0.061,0.062
-4.10970e-01,-0.059,0.064
-4.10960e-01,-0.059,0.064
-4.10950e-01,-0.061,0.064
-4.10940e-01,-0.061,0.064
-4.10930e-01,-0.057,0.06
-4.10920e-01,-0.061,0.066
-4.10910e-01,-0.063,0.064
-4.10900e-01,-0.061,0.066
-4.10890e-01,-0.059,0.062
-4.10880e-01,-0.061,0.06
-4.10870e-01,-0.063,0.062
-4.10860e-01,-0.057,0.064
-4.10850e-01,-0.059,0.064
-4.10840e-01,-0.059,0.062
-4.10830e-01,-0.063,0.064
-4.10820e-01,-0.053,0.06
-4.10810e-01,-0.063,0.064
-4.10800e-01,-0.049,0.056
-4.10790e-01,-0.059,0.06
-4.10780e-01,-0.055,0.06
-4.10770e-01,-0.061,0.062
-4.10760e-01,-0.059,0.066
-4.10750e-01,-0.045,0.052
-4.10740e-01,-0.059,0.062
-4.10730e-01,-0.061,0.064
-4.10720e-01,-0.053,0.06
-4.10710e-01,-0.059,0.06
-4.10700e-01,-0.057,0.062
-4.10690e-01,-0.059,0.064
-4.10680e-01,-0.057,0.062
-4.10670e-01,-0.059,0.06
-4.10660e-01,-0.061,0.062
-4.10650e-01,-0.059,0.062
-4.10640e-01,-0.057,0.062
-4.10630e-01,-0.061,0.062
-4.10620e-01,-0.059,0.064
-4.10610e-01,-0.061,0.062
-4.10600e-01,-0.059,0.064
-4.10590e-01,-0.057,0.06
-4.10580e-01,-0.059,0.064
-4.10570e-01,-0.059,0.06
-4.10560e-01,-0.059,0.064
-4.10550e-01,-0.057,0.062
-4.10540e-01,-0.061,0.064
-4.10530e-01,-0.061,0.064
-4.10520e-01,-0.059,0.062
-4.10510e-01,-0.055,0.06
-4.10500e-01,-0.061,0.066
-4.10490e-01,-0.059,0.066
-4.10480e-01,-0.055,0.062
-4.10470e-01,-0.061,0.064
-4.10460e-01,-0.049,0.058
-4.10450e-01,-0.063,0.064
-4.10440e-01,-0.059,0.062
-4.10430e-01,-0.055,0.066
-4.10420e-01,-0.049,0.052
-4.10410e-01,-0.057,0.062
-4.10400e-01,-0.059,0.064
-4.10390e-01,-0.057,0.06
-4.10380e-01,-0.063,0.062
-4.10370e-01,-0.053,0.054
-4.10360e-01,-0.065,0.064
-4.10350e-01,-0.055,0.06
-4.10340e-01,-0.061,0.06
-4.10330e-01,-0.057,0.06
-4.10320e-01,-0.061,0.064
-4.10310e-01,-0.055,0.058
-4.10300e-01,-0.063,0.064
-4.10290e-01,-0.055,0.06
-4.10280e-01,-0.061,0.066
-4.10270e-01,-0.061,0.064
-4.10260e-01,-0.059,0.064
-4.10250e-01,-0.057,0.064
-4.10240e-01,-0.059,0.062
-4.10230e-01,-0.061,0.062
-4.10220e-01,-0.063,0.066
-4.10210e-01,-0.059,0.066
-4.10200e-01,-0.055,0.062
-4.10190e-01,-0.059,0.064
-4.10180e-01,-0.055,0.064
-4.10170e-01,-0.061,0.064
-4.10160e-01,-0.061,0.064
-4.10150e-01,-0.057,0.06
-4.10140e-01,-0.063,0.062
-4.10130e-01,-0.045,0.052
-4.10120e-01,-0.055,0.058
-4.10110e-01,-0.059,0.062
-4.10100e-01,-0.061,0.064
-4.10090e-01,-0.043,0.048
-4.10080e-01,-0.063,0.064
-4.10070e-01,-0.061,0.064
-4.10060e-01,-0.059,0.064
-4.10050e-01,-0.059,0.06
-4.10040e-01,-0.061,0.06
-4.10030e-01,-0.057,0.058
-4.10020e-01,-0.055,0.058
-4.10010e-01,-0.063,0.068
-4.10000e-01,-0.049,0.052
-4.09990e-01,-0.057,0.06
-4.09980e-01,-0.053,0.06
-4.09970e-01,-0.061,0.062
-4.09960e-01,-0.061,0.064
-4.09950e-01,-0.059,0.066
-4.09940e-01,-0.059,0.064
-4.09930e-01,-0.059,0.062
-4.09920e-01,-0.059,0.06
-4.09910e-01,-0.057,0.062
-4.09900e-01,-0.061,0.062
-4.09890e-01,-0.063,0.064
-4.09880e-01,-0.057,0.064
-4.09870e-01,-0.057,0.064
-4.09860e-01,-0.053,0.058
-4.09850e-01,-0.057,0.062
-4.09840e-01,-0.057,0.06
-4.09830e-01,-0.063,0.064
-4.09820e-01,-0.055,0.06
-4.09810e-01,-0.061,0.064
-4.09800e-01,-0.051,0.058
-4.09790e-01,-0.059,0.06
-4.09780e-01,-0.051,0.058
-4.09770e-01,-0.059,0.06
-4.09760e-01,-0.047,0.056
-4.09750e-01,-0.059,0.062
-4.09740e-01,-0.051,0.058
-4.09730e-01,-0.057,0.06
-4.09720e-01,-0.059,0.06
-4.09710e-01,-0.049,0.052
-4.09700e-01,-0.061,0.062
-4.09690e-01,-0.047,0.056
-4.09680e-01,-0.061,0.06
-4.09670e-01,-0.059,0.062
-4.09660e-01,-0.061,0.06
-4.09650e-01,-0.059,0.06
-4.09640e-01,-0.059,0.062
-4.09630e-01,-0.061,0.064
-4.09620e-01,-0.057,0.06
-4.09610e-01,-0.061,0.064
-4.09600e-01,-0.059,0.064
-4.09590e-01,-0.049,0.054
-4.09580e-01,-0.057,0.066
-4.09570e-01,-0.061,0.06
-4.09560e-01,-0.061,0.062
-4.09550e-01,-0.059,0.06
-4.09540e-01,-0.059,0.066
-4.09530e-01,-0.059,0.06
-4.09520e-01,-0.061,0.062
-4.09510e-01,-0.045,0.052
-4.09500e-01,-0.051,0.056
-4.09490e-01,-0.051,0.06
-4.09480e-01,-0.059,0.06
-4.09470e-01,-0.055,0.06
-4.09460e-01,-0.059,0.066
-4.09450e-01,-0.055,0.06
-4.09440e-01,-0.063,0.064
-4.09430e-01,-0.055,0.06
-4.09420e-01,-0.055,0.06
-4.09410e-01,-0.047,0.054
-4.09400e-01,-0.057,0.06
-4.09390e-01,-0.059,0.062
-4.09380e-01,-0.059,0.064
-4.09370e-01,-0.053,0.06
-4.09360e-01,-0.055,0.06
-4.09350e-01,-0.055,0.06
-4.09340e-01,-0.059,0.06
-4.09330e-01,-0.059,0.064
-4.09320e-01,-0.059,0.062
-4.09310e-01,-0.059,0.064
-4.09300e-01,-0.061,0.064
-4.09290e-01,-0.061,0.06
-4.09280e-01,-0.061,0.064
-4.09270e-01,-0.059,0.062
-4.09260e-01,-0.057,0.062
-4.09250e-01,-0.057,0.066
-4.09240e-01,-0.059,0.062
-4.09230e-01,-0.061,0.064
-4.09220e-01,-0.059,0.066
-4.09210e-01,-0.061,0.064
-4.09200e-01,-0.053,0.058
-4.09190e-01,-0.059,0.064
-4.09180e-01,-0.057,0.064
-4.09170e-01,-0.055,0.06
-4.09160e-01,-0.059,0.064
-4.09150e-01,-0.061,0.062
-4.09140e-01,-0.059,0.064
-4.09130e-01,-0.059,0.06
-4.09120e-01,-0.059,0.066
-4.09110e-01,-0.061,0.066
-4.09100e-01,-0.059,0.064
-4.09090e-01,-0.059,0.064
-4.09080e-01,-0.057,0.064
-4.09070e-01,-0.063,0.064
-4.09060e-01,-0.059,0.064
-4.09050e-01,-0.063,0.068
-4.09040e-01,-0.057,0.064
-4.09030e-01,-0.059,0.064
-4.09020e-01,-0.061,0.064
-4.09010e-01,-0.057,0.06
-4.09000e-01,-0.061,0.062
-4.08990e-01,-0.055,0.06
-4.08980e-01,-0.059,0.062
-4.08970e-01,-0.061,0.066
-4.08960e-01,-0.057,0.06
-4.08950e-01,-0.061,0.064
-4.08940e-01,-0.055,0.058
-4.08930e-01,-0.055,0.06
-4.08920e-01,-0.061,0.062
-4.08910e-01,-0.061,0.066
-4.08900e-01,-0.057,0.064
-4.08890e-01,-0.057,0.062
-4.08880e-01,-0.053,0.06
-4.08870e-01,-0.059,0.062
-4.08860e-01,-0.061,0.064
-4.08850e-01,-0.057,0.06
-4.08840e-01,-0.059,0.062
-4.08830e-01,-0.059,0.062
-4.08820e-01,-0.061,0.064
-4.08810e-01,-0.061,0.062
-4.08800e-01,-0.059,0.06
-4.08790e-01,-0.057,0.06
-4.08780e-01,-0.051,0.058
-4.08770e-01,-0.057,0.058
-4.08760e-01,-0.059,0.062
-4.08750e-01,-0.061,0.06
-4.08740e-01,-0.061,0.064
-4.08730e-01,-0.051,0.052
-4.08720e-01,-0.057,0.06
-4.08710e-01,-0.057,0.062
-4.08700e-01,-0.063,0.062
-4.08690e-01,-0.059,0.062
-4.08680e-01,-0.059,0.062
-4.08670e-01,-0.057,0.06
-4.08660e-01,-0.057,0.06
-4.08650e-01,-0.059,0.06
-4.08640e-01,-0.053,0.054
-4.08630e-01,-0.055,0.06
-4.08620e-01,-0.043,0.05
-4.08610e-01,-0.055,0.058
-4.08600e-01,-0.051,0.054
-4.08590e-01,-0.049,0.054
-4.08580e-01,-0.049,0.054
-4.08570e-01,-0.055,0.06
-4.08560e-01,-0.053,0.058
-4.08550e-01,-0.059,0.062
-4.08540e-01,-0.057,0.06
-4.08530e-01,-0.057,0.066
-4.08520e-01,-0.061,0.064
-4.08510e-01,-0.051,0.056
-4.08500e-01,-0.047,0.054
-4.08490e-01,-0.049,0.056
-4.08480e-01,-0.055,0.06
-4.08470e-01,-0.053,0.06
-4.08460e-01,-0.053,0.06
-4.08450e-01,-0.055,0.058
-4.08440e-01,-0.061,0.064
-4.08430e-01,-0.053,0.056
-4.08420e-01,-0.061,0.064
-4.08410e-01,-0.055,0.06
-4.08400e-01,-0.061,0.066
-4.08390e-01,-0.063,0.062
-4.08380e-01,-0.055,0.062
-4.08370e-01,-0.061,0.064
-4.08360e-01,-0.055,0.06
-4.08350e-01,-0.061,0.064
-4.08340e-01,-0.043,0.052
-4.08330e-01,-0.063,0.064
-4.08320e-01,-0.053,0.06
-4.08310e-01,-0.055,0.062
-4.08300e-01,-0.061,0.064
-4.08290e-01,-0.047,0.054
-4.08280e-01,-0.061,0.064
-4.08270e-01,-0.055,0.062
-4.08260e-01,-0.059,0.06
-4.08250e-01,-0.061,0.06
-4.08240e-01,-0.059,0.064
-4.08230e-01,-0.057,0.06
-4.08220e-01,-0.057,0.06
-4.08210e-01,-0.055,0.06
-4.08200e-01,-0.061,0.062
-4.08190e-01,-0.057,0.062
-4.08180e-01,-0.055,0.06
-4.08170e-01,-0.053,0.058
-4.08160e-01,-0.057,0.062
-4.08150e-01,-0.055,0.062
-4.08140e-01,-0.059,0.068
-4.08130e-01,-0.061,0.062
-4.08120e-01,-0.059,0.064
-4.08110e-01,-0.059,0.064
-4.08100e-01,-0.055,0.06
-4.08090e-01,-0.063,0.06
-4.08080e-01,-0.055,0.06
-4.08070e-01,-0.061,0.064
-4.08060e-01,-0.059,0.066
-4.08050e-01,-0.063,0.066
-4.08040e-01,-0.061,0.066
-4.08030e-01,-0.061,0.066
-4.08020e-01,-0.059,0.062
-4.08010e-01,-0.063,0.066
-4.08000e-01,-0.065,0.062
-4.07990e-01,-0.055,0.066
-4.07980e-01,-0.061,0.06
-4.07970e-01,-0.063,0.062
-4.07960e-01,-0.059,0.062
-4.07950e-01,-0.047,0.054
-4.07940e-01,-0.051,0.054
-4.07930e-01,-0.045,0.052
-4.07920e-01,-0.055,0.058
-4.07910e-01,-0.035,0.042
-4.07900e-01,-0.057,0.06
-4.07890e-01,-0.051,0.058
-4.07880e-01,-0.061,0.064
-4.07870e-01,-0.059,0.06
-4.07860e-01,-0.063,0.066
-4.07850e-01,-0.057,0.06
-4.07840e-01,-0.053,0.058
-4.07830e-01,-0.055,0.06
-4.07820e-01,-0.039,0.046
-4.07810e-01,-0.051,0.056
-4.07800e-01,-0.059,0.068
-4.07790e-01,-0.061,0.062
-4.07780e-01,-0.061,0.064
-4.07770e-01,-0.063,0.064
-4.07760e-01,-0.061,0.066
-4.07750e-01,-0.061,0.066
-4.07740e-01,-0.063,0.064
-4.07730e-01,-0.055,0.064
-4.07720e-01,-0.055,0.06
-4.07710e-01,-0.061,0.066
-4.07700e-01,-0.063,0.064
-4.07690e-01,-0.061,0.062
-4.07680e-01,-0.061,0.062
-4.07670e-01,-0.061,0.064
-4.07660e-01,-0.057,0.06
-4.07650e-01,-0.063,0.062
-4.07640e-01,-0.059,0.06
-4.07630e-01,-0.059,0.062
-4.07620e-01,-0.057,0.062
-4.07610e-01,-0.059,0.064
-4.07600e-01,-0.063,0.068
-4.07590e-01,-0.059,0.064
-4.07580e-01,-0.061,0.066
-4.07570e-01,-0.055,0.06
-4.07560e-01,-0.061,0.066
-4.07550e-01,-0.061,0.068
-4.07540e-01,-0.061,0.064
-4.07530e-01,-0.061,0.062
-4.07520e-01,-0.061,0.064
-4.07510e-01,-0.059,0.064
-4.07500e-01,-0.061,0.066
-4.07490e-01,-0.061,0.062
-4.07480e-01,-0.057,0.064
-4.07470e-01,-0.057,0.062
-4.07460e-01,-0.059,0.06
-4.07450e-01,-0.057,0.064
-4.07440e-01,-0.063,0.064
-4.07430e-01,-0.061,0.06
-4.07420e-01,-0.061,0.064
-4.07410e-01,-0.063,0.066
-4.07400e-01,-0.055,0.06
-4.07390e-01,-0.059,0.062
-4.07380e-01,-0.061,0.064
-4.07370e-01,-0.059,0.066
-4.07360e-01,-0.057,0.06
-4.07350e-01,-0.061,0.064
-4.07340e-01,-0.061,0.062
-4.07330e-01,-0.059,0.06
-4.07320e-01,-0.059,0.062
-4.07310e-01,-0.061,0.066
-4.07300e-01,-0.063,0.066
-4.07290e-01,-0.063,0.06
-4.07280e-01,-0.049,0.058
-4.07270e-01,-0.059,0.064
-4.07260e-01,-0.059,0.062
-4.07250e-01,-0.063,0.064
-4.07240e-01,-0.059,0.064
-4.07230e-01,-0.061,0.064
-4.07220e-01,-0.061,0.06
-4.07210e-01,-0.059,0.062
-4.07200e-01,-0.063,0.062
-4.07190e-01,-0.059,0.064
-4.07180e-01,-0.055,0.06
-4.07170e-01,-0.061,0.062
-4.07160e-01,-0.063,0.064
-4.07150e-01,-0.059,0.064
-4.07140e-01,-0.059,0.062
-4.07130e-01,-0.055,0.06
-4.07120e-01,-0.047,0.054
-4.07110e-01,-0.051,0.054
-4.07100e-01,-0.051,0.054
-4.07090e-01,-0.047,0.054
-4.07080e-01,-0.051,0.054
-4.07070e-01,-0.055,0.06
-4.07060e-01,-0.055,0.058
-4.07050e-01,-0.061,0.064
-4.07040e-01,-0.061,0.064
-4.07030e-01,-0.063,0.06
-4.07020e-01,-0.063,0.06
-4.07010e-01,-0.057,0.06
-4.07000e-01,-0.047,0.056
-4.06990e-01,-0.041,0.048
-4.06980e-01,-0.055,0.06
-4.06970e-01,-0.057,0.06
-4.06960e-01,-0.055,0.058
-4.06950e-01,-0.053,0.06
-4.06940e-01,-0.045,0.052
-4.06930e-01,-0.045,0.05
-4.06920e-01,-0.049,0.056
-4.06910e-01,-0.057,0.06
-4.06900e-01,-0.061,0.062
-4.06890e-01,-0.063,0.064
-4.06880e-01,-0.049,0.054
-4.06870e-01,-0.053,0.06
-4.06860e-01,-0.047,0.054
-4.06850e-01,-0.061,0.064
-4.06840e-01,-0.057,0.06
-4.06830e-01,-0.061,0.064
-4.06820e-01,-0.057,0.062
-4.06810e-01,-0.061,0.064
-4.06800e-01,-0.061,0.064
-4.06790e-01,-0.065,0.062
-4.06780e-01,-0.057,0.06
-4.06770e-01,-0.061,0.06
-4.06760e-01,-0.057,0.06
-4.06750e-01,-0.057,0.062
-4.06740e-01,-0.055,0.06
-4.06730e-01,-0.063,0.064
-4.06720e-01,-0.059,0.062
-4.06710e-01,-0.053,0.058
-4.06700e-01,-0.063,0.064
-4.06690e-01,-0.057,0.062
-4.06680e-01,-0.063,0.064
-4.06670e-01,-0.049,0.058
-4.06660e-01,-0.059,0.064
-4.06650e-01,-0.053,0.06
-4.06640e-01,-0.051,0.05
-4.06630e-01,-0.053,0.058
-4.06620e-01,-0.061,0.062
-4.06610e-01,-0.057,0.06
-4.06600e-01,-0.057,0.064
-4.06590e-01,-0.055,0.06
-4.06580e-01,-0.057,0.062
-4.06570e-01,-0.055,0.06
-4.06560e-01,-0.057,0.062
-4.06550e-01,-0.057,0.06
-4.06540e-01,-0.055,0.056
-4.06530e-01,-0.057,0.064
-4.06520e-01,-0.065,0.064
-4.06510e-01,-0.063,0.062
-4.06500e-01,-0.059,0.064
-4.06490e-01,-0.061,0.064
-4.06480e-01,-0.053,0.054
-4.06470e-01,-0.053,0.058
-4.06460e-01,-0.057,0.06
-4.06450e-01,-0.059,0.064
-4.06440e-01,-0.059,0.062
-4.06430e-01,-0.059,0.064
-4.06420e-01,-0.061,0.062
-4.06410e-01,-0.057,0.06
-4.06400e-01,-0.063,0.062
-4.06390e-01,-0.061,0.06
-4.06380e-01,-0.063,0.064
-4.06370e-01,-0.057,0.06
-4.06360e-01,-0.061,0.064
-4.06350e-01,-0.059,0.06
-4.06340e-01,-0.063,0.064
-4.06330e-01,-0.059,0.064
-4.06320e-01,-0.061,0.062
-4.06310e-01,-0.061,0.064
-4.06300e-01,-0.057,0.06
-4.06290e-01,-0.059,0.064
-4.06280e-01,-0.059,0.066
-4.06270e-01,-0.059,0.064
-4.06260e-01,-0.057,0.066
-4.06250e-01,-0.059,0.068
-4.06240e-01,-0.053,0.06
-4.06230e-01,-0.063,0.066
-4.06220e-01,-0.059,0.064
-4.06210e-01,-0.057,0.062
-4.06200e-01,-0.053,0.06
-4.06190e-01,-0.059,0.06
-4.06180e-01,-0.063,0.068
-4.06170e-01,-0.063,0.064
-4.06160e-01,-0.061,0.062
-4.06150e-01,-0.061,0.062
-4.06140e-01,-0.057,0.062
-4.06130e-01,-0.059,0.06
-4.06120e-01,-0.059,0.062
-4.06110e-01,-0.059,0.06
-4.06100e-01,-0.063,0.064
-4.06090e-01,-0.061,0.062
-4.06080e-01,-0.061,0.062
-4.06070e-01,-0.061,0.064
-4.06060e-01,-0.049,0.056
-4.06050e-01,-0.063,0.06
-4.06040e-01,-0.063,0.064
-4.06030e-01,-0.063,0.064
-4.06020e-01,-0.047,0.058
-4.06010e-01,-0.053,0.056
-4.06000e-01,-0.045,0.052
-4.05990e-01,-0.057,0.062
-4.05980e-01,-0.061,0.066
-4.05970e-01,-0.061,0.062
-4.05960e-01,-0.061,0.066
-4.05950e-01,-0.063,0.064
-4.05940e-01,-0.061,0.064
-4.05930e-01,-0.057,0.062
-4.05920e-01,-0.063,0.062
-4.05910e-01,-0.057,0.062
-4.05900e-01,-0.059,0.066
-4.05890e-01,-0.059,0.06
-4.05880e-01,-0.059,0.062
-4.05870e-01,-0.057,0.062
-4.05860e-01,-0.059,0.062
-4.05850e-01,-0.059,0.062
-4.05840e-01,-0.061,0.062
-4.05830e-01,-0.055,0.062
-4.05820e-01,-0.059,0.064
-4.05810e-01,-0.055,0.06
-4.05800e-01,-0.053,0.058
-4.05790e-01,-0.053,0.056
-4.05780e-01,-0.055,0.064
-4.05770e-01,-0.057,0.06
-4.05760e-01,-0.061,0.062
-4.05750e-01,-0.051,0.058
-4.05740e-01,-0.053,0.054
-4.05730e-01,-0.055,0.06
-4.05720e-01,-0.065,0.064
-4.05710e-01,-0.061,0.062
-4.05700e-01,-0.057,0.064
-4.05690e-01,-0.061,0.064
-4.05680e-01,-0.063,0.064
-4.05670e-01,-0.059,0.06
-4.05660e-01,-0.057,0.06
-4.05650e-01,-0.059,0.066
-4.05640e-01,-0.061,0.064
-4.05630e-01,-0.059,0.064
-4.05620e-01,-0.059,0.066
-4.05610e-01,-0.061,0.062
-4.05600e-01,-0.057,0.064
-4.05590e-01,-0.055,0.06
-4.05580e-01,-0.063,0.07
-4.05570e-01,-0.061,0.062
-4.05560e-01,-0.059,0.06
-4.05550e-01,-0.061,0.064
-4.05540e-01,-0.061,0.062
-4.05530e-01,-0.059,0.064
-4.05520e-01,-0.061,0.062
-4.05510e-01,-0.059,0.06
-4.05500e-01,-0.057,0.064
-4.05490e-01,-0.057,0.06
-4.05480e-01,-0.059,0.062
-4.05470e-01,-0.059,0.064
-4.05460e-01,-0.059,0.066
-4.05450e-01,-0.061,0.064
-4.05440e-01,-0.061,0.062
-4.05430e-01,-0.061,0.062
-4.05420e-01,-0.057,0.06
-4.05410e-01,-0.061,0.066
-4.05400e-01,-0.059,0.062
-4.05390e-01,-0.063,0.064
-4.05380e-01,-0.061,0.062
-4.05370e-01,-0.059,0.064
-4.05360e-01,-0.049,0.054
-4.05350e-01,-0.061,0.06
-4.05340e-01,-0.053,0.06
-4.05330e-01,-0.057,0.06
-4.05320e-01,-0.057,0.06
-4.05310e-01,-0.057,0.06
-4.05300e-01,-0.063,0.06
-4.05290e-01,-0.059,0.066
-4.05280e-01,-0.061,0.064
-4.05270e-01,-0.059,0.064
-4.05260e-01,-0.059,0.062
-4.05250e-01,-0.065,0.066
-4.05240e-01,-0.063,0.064
-4.05230e-01,-0.061,0.064
-4.05220e-01,-0.057,0.064
-4.05210e-01,-0.059,0.064
-4.05200e-01,-0.061,0.064
-4.05190e-01,-0.061,0.064
-4.05180e-01,-0.065,0.064
-4.05170e-01,-0.049,0.058
-4.05160e-01,-0.063,0.066
-4.05150e-01,-0.057,0.062
-4.05140e-01,-0.063,0.062
-4.05130e-01,-0.053,0.06
-4.05120e-01,-0.059,0.062
-4.05110e-01,-0.055,0.062
-4.05100e-01,-0.059,0.06
-4.05090e-01,-0.057,0.06
-4.05080e-01,-0.063,0.062
-4.05070e-01,-0.059,0.064
-4.05060e-01,-0.063,0.068
-4.05050e-01,-0.059,0.062
-4.05040e-01,-0.059,0.062
-4.05030e-01,-0.061,0.066
-4.05020e-01,-0.059,0.06
-4.05010e-01,-0.061,0.064
-4.05000e-01,-0.059,0.06
-4.04990e-01,-0.061,0.064
-4.04980e-01,-0.063,0.062
-4.04970e-01,-0.061,0.064
-4.04960e-01,-0.061,0.06
-4.04950e-01,-0.053,0.056
-4.04940e-01,-0.061,0.064
-4.04930e-01,-0.055,0.062
-4.04920e-01,-0.059,0.06
-4.04910e-01,-0.059,0.064
-4.04900e-01,-0.051,0.058
-4.04890e-01,-0.057,0.064
-4.04880e-01,-0.059,0.064
-4.04870e-01,-0.061,0.064
-4.04860e-01,-0.061,0.064
-4.04850e-01,-0.063,0.062
-4.04840e-01,-0.061,0.064
-4.04830e-01,-0.061,0.064
-4.04820e-01,-0.057,0.064
-4.04810e-01,-0.059,0.064
-4.04800e-01,-0.059,0.064
-4.04790e-01,-0.059,0.064
-4.04780e-01,-0.059,0.062
-4.04770e-01,-0.059,0.06
-4.04760e-01,-0.055,0.06
-4.04750e-01,-0.055,0.06
-4.04740e-01,-0.059,0.068
-4.04730e-01,-0.055,0.06
-4.04720e-01,-0.059,0.066
-4.04710e-01,-0.055,0.062
-4.04700e-01,-0.057,0.06
-4.04690e-01,-0.059,0.062
-4.04680e-01,-0.049,0.058
-4.04670e-01,-0.059,0.064
-4.04660e-01,-0.061,0.062
-4.04650e-01,-0.061,0.066
-4.04640e-01,-0.057,0.06
-4.04630e-01,-0.059,0.066
-4.04620e-01,-0.061,0.064
-4.04610e-01,-0.059,0.066
-4.04600e-01,-0.059,0.064
-4.04590e-01,-0.061,0.066
-4.04580e-01,-0.059,0.064
-4.04570e-01,-0.059,0.064
-4.04560e-01,-0.059,0.062
-4.04550e-01,-0.057,0.062
-4.04540e-01,-0.059,0.066
-4.04530e-01,-0.057,0.062
-4.04520e-01,-0.059,0.062
-4.04510e-01,-0.061,0.064
-4.04500e-01,-0.061,0.062
-4.04490e-01,-0.059,0.064
-4.04480e-01,-0.059,0.062
-4.04470e-01,-0.057,0.06
-4.04460e-01,-0.053,0.058
-4.04450e-01,-0.057,0.062
-4.04440e-01,-0.059,0.066
-4.04430e-01,-0.059,0.06
-4.04420e-01,-0.059,0.064
-4.04410e-01,-0.063,0.066
-4.04400e-01,-0.061,0.064
-4.04390e-01,-0.061,0.064
-4.04380e-01,-0.063,0.066
-4.04370e-01,-0.059,0.062
-4.04360e-01,-0.055,0.06
-4.04350e-01,-0.061,0.066
-4.04340e-01,-0.061,0.064
-4.04330e-01,-0.061,0.064
-4.04320e-01,-0.051,0.06
-4.04310e-01,-0.059,0.066
-4.04300e-01,-0.059,0.06
-4.04290e-01,-0.059,0.066
-4.04280e-01,-0.057,0.06
-4.04270e-01,-0.059,0.062
-4.04260e-01,-0.055,0.06
-4.04250e-01,-0.061,0.066
-4.04240e-01,-0.053,0.052
-4.04230e-01,-0.061,0.062
-4.04220e-01,-0.055,0.06
-4.04210e-01,-0.057,0.062
-4.04200e-01,-0.059,0.062
-4.04190e-01,-0.061,0.064
-4.04180e-01,-0.055,0.06
-4.04170e-01,-0.063,0.064
-4.04160e-01,-0.057,0.062
-4.04150e-01,-0.057,0.06
-4.04140e-01,-0.061,0.062
-4.04130e-01,-0.061,0.064
-4.04120e-01,-0.057,0.064
-4.04110e-01,-0.065,0.066
-4.04100e-01,-0.061,0.064
-4.04090e-01,-0.057,0.062
-4.04080e-01,-0.057,0.062
-4.04070e-01,-0.059,0.06
-4.04060e-01,-0.059,0.06
-4.04050e-01,-0.059,0.062
-4.04040e-01,-0.059,0.06
-4.04030e-01,-0.059,0.06
-4.04020e-01,-0.063,0.062
-4.04010e-01,-0.061,0.066
-4.04000e-01,-0.063,0.06
-4.03990e-01,-0.059,0.06
-4.03980e-01,-0.057,0.062
-4.03970e-01,-0.057,0.064
-4.03960e-01,-0.057,0.064
-4.03950e-01,-0.059,0.066
-4.03940e-01,-0.061,0.062
-4.03930e-01,-0.059,0.06
-4.03920e-01,-0.063,0.064
-4.03910e-01,-0.053,0.056
-4.03900e-01,-0.053,0.058
-4.03890e-01,-0.057,0.064
-4.03880e-01,-0.055,0.06
-4.03870e-01,-0.059,0.062
-4.03860e-01,-0.063,0.062
-4.03850e-01,-0.061,0.062
-4.03840e-01,-0.063,0.064
-4.03830e-01,-0.059,0.064
-4.03820e-01,-0.059,0.062
-4.03810e-01,-0.059,0.062
-4.03800e-01,-0.063,0.064
-4.03790e-01,-0.055,0.06
-4.03780e-01,-0.061,0.064
-4.03770e-01,-0.059,0.062
-4.03760e-01,-0.061,0.062
-4.03750e-01,-0.061,0.062
-4.03740e-01,-0.063,0.068
-4.03730e-01,-0.059,0.064
-4.03720e-01,-0.059,0.064
-4.03710e-01,-0.047,0.054
-4.03700e-01,-0.065,0.062
-4.03690e-01,-0.057,0.062
-4.03680e-01,-0.061,0.064
-4.03670e-01,-0.059,0.064
-4.03660e-01,-0.061,0.06
-4.03650e-01,-0.055,0.062
-4.03640e-01,-0.061,0.064
-4.03630e-01,-0.059,0.062
-4.03620e-01,-0.057,0.064
-4.03610e-01,-0.053,0.056
-4.03600e-01,-0.057,0.064
-4.03590e-01,-0.059,0.066
-4.03580e-01,-0.059,0.06
-4.03570e-01,-0.061,0.064
-4.03560e-01,-0.061,0.064
-4.03550e-01,-0.059,0.064
-4.03540e-01,-0.059,0.064
-4.03530e-01,-0.053,0.06
-4.03520e-01,-0.061,0.062
-4.03510e-01,-0.055,0.058
-4.03500e-01,-0.061,0.064
-4.03490e-01,-0.057,0.06
-4.03480e-01,-0.061,0.062
-4.03470e-01,-0.051,0.056
-4.03460e-01,-0.061,0.064
-4.03450e-01,-0.057,0.06
-4.03440e-01,-0.049,0.054
-4.03430e-01,-0.049,0.054
-4.03420e-01,-0.059,0.064
-4.03410e-01,-0.059,0.066
-4.03400e-01,-0.055,0.06
-4.03390e-01,-0.059,0.064
-4.03380e-01,-0.059,0.066
-4.03370e-01,-0.063,0.066
-4.03360e-01,-0.063,0.064
-4.03350e-01,-0.063,0.064
-4.03340e-01,-0.059,0.064
-4.03330e-01,-0.059,0.066
-4.03320e-01,-0.059,0.062
-4.03310e-01,-0.061,0.064
-4.03300e-01,-0.063,0.066
-4.03290e-01,-0.059,0.062
-4.03280e-01,-0.061,0.062
-4.03270e-01,-0.063,0.062
-4.03260e-01,-0.059,0.066
-4.03250e-01,-0.053,0.056
-4.03240e-01,-0.061,0.064
-4.03230e-01,-0.059,0.06
-4.03220e-01,-0.059,0.064
-4.03210e-01,-0.055,0.06
-4.03200e-01,-0.055,0.06
-4.03190e-01,-0.053,0.056
-4.03180e-01,-0.053,0.06
-4.03170e-01,-0.059,0.066
-4.03160e-01,-0.061,0.062
-4.03150e-01,-0.059,0.064
-4.03140e-01,-0.059,0.064
-4.03130e-01,-0.061,0.062
-4.03120e-01,-0.059,0.06
-4.03110e-01,-0.059,0.062
-4.03100e-01,-0.063,0.064
-4.03090e-01,-0.061,0.064
-4.03080e-01,-0.061,0.064
-4.03070e-01,-0.055,0.056
-4.03060e-01,-0.059,0.06
-4.03050e-01,-0.061,0.064
-4.03040e-01,-0.057,0.062
-4.03030e-01,-0.059,0.062
-4.03020e-01,-0.057,0.062
-4.03010e-01,-0.061,0.06
-4.03000e-01,-0.061,0.064
-4.02990e-01,-0.059,0.06
-4.02980e-01,-0.061,0.064
-4.02970e-01,-0.055,0.058
-4.02960e-01,-0.059,0.064
-4.02950e-01,-0.061,0.064
-4.02940e-01,-0.053,0.058
-4.02930e-01,-0.059,0.066
-4.02920e-01,-0.043,0.048
-4.02910e-01,-0.053,0.06
-4.02900e-01,-0.061,0.066
-4.02890e-01,-0.059,0.06
-4.02880e-01,-0.059,0.066
-4.02870e-01,-0.061,0.06
-4.02860e-01,-0.059,0.066
-4.02850e-01,-0.061,0.06
-4.02840e-01,-0.055,0.06
-4.02830e-01,-0.059,0.064
-4.02820e-01,-0.063,0.064
-4.02810e-01,-0.063,0.064
-4.02800e-01,-0.063,0.062
-4.02790e-01,-0.059,0.064
-4.02780e-01,-0.057,0.06
-4.02770e-01,-0.057,0.06
-4.02760e-01,-0.059,0.064
-4.02750e-01,-0.057,0.064
-4.02740e-01,-0.059,0.06
-4.02730e-01,-0.061,0.062
-4.02720e-01,-0.049,0.056
-4.02710e-01,-0.059,0.06
-4.02700e-01,-0.057,0.062
-4.02690e-01,-0.059,0.064
-4.02680e-01,-0.061,0.064
-4.02670e-01,-0.061,0.064
-4.02660e-01,-0.063,0.064
-4.02650e-01,-0.063,0.064
-4.02640e-01,-0.059,0.064
-4.02630e-01,-0.061,0.062
-4.02620e-01,-0.061,0.064
-4.02610e-01,-0.059,0.06
-4.02600e-01,-0.061,0.06
-4.02590e-01,-0.057,0.06
-4.02580e-01,-0.061,0.064
-4.02570e-01,-0.057,0.06
-4.02560e-01,-0.055,0.06
-4.02550e-01,-0.059,0.064
-4.02540e-01,-0.059,0.06
-4.02530e-01,-0.061,0.062
-4.02520e-01,-0.059,0.068
-4.02510e-01,-0.057,0.058
-4.02500e-01,-0.061,0.062
-4.02490e-01,-0.059,0.064
-4.02480e-01,-0.063,0.066
-4.02470e-01,-0.061,0.064
-4.02460e-01,-0.061,0.062
-4.02450e-01,-0.059,0.064
-4.02440e-01,-0.059,0.06
-4.02430e-01,-0.057,0.06
-4.02420e-01,-0.059,0.062
-4.02410e-01,-0.049,0.058
-4.02400e-01,-0.061,0.066
-4.02390e-01,-0.059,0.06
-4.02380e-01,-0.063,0.066
-4.02370e-01,-0.061,0.066
-4.02360e-01,-0.059,0.06
-4.02350e-01,-0.063,0.062
-4.02340e-01,-0.059,0.06
-4.02330e-01,-0.059,0.06
-4.02320e-01,-0.059,0.06
-4.02310e-01,-0.057,0.058
-4.02300e-01,-0.061,0.064
-4.02290e-01,-0.061,0.066
-4.02280e-01,-0.063,0.066
-4.02270e-01,-0.057,0.06
-4.02260e-01,-0.059,0.062
-4.02250e-01,-0.061,0.064
-4.02240e-01,-0.061,0.064
-4.02230e-01,-0.059,0.06
-4.02220e-01,-0.055,0.06
-4.02210e-01,-0.061,0.062
-4.02200e-01,-0.057,0.06
-4.02190e-01,-0.053,0.054
-4.02180e-01,-0.059,0.064
-4.02170e-01,-0.057,0.062
-4.02160e-01,-0.053,0.06
-4.02150e-01,-0.061,0.064
-4.02140e-01,-0.061,0.062
-4.02130e-01,-0.055,0.06
-4.02120e-01,-0.055,0.06
-4.02110e-01,-0.063,0.064
-4.02100e-01,-0.059,0.062
-4.02090e-01,-0.059,0.064
-4.02080e-01,-0.059,0.064
-4.02070e-01,-0.051,0.056
-4.02060e-01,-0.059,0.068
-4.02050e-01,-0.057,0.064
-4.02040e-01,-0.061,0.062
-4.02030e-01,-0.055,0.06
-4.02020e-01,-0.059,0.064
-4.02010e-01,-0.059,0.062
-4.02000e-01,-0.055,0.06
-4.01990e-01,-0.059,0.062
-4.01980e-01,-0.059,0.062
-4.01970e-01,-0.063,0.062
-4.01960e-01,-0.061,0.062
-4.01950e-01,-0.059,0.064
-4.01940e-01,-0.059,0.062
-4.01930e-01,-0.059,0.062
-4.01920e-01,-0.059,0.062
-4.01910e-01,-0.037,0.046
-4.01900e-01,-0.053,0.06
-4.01890e-01,-0.045,0.05
-4.01880e-01,-0.057,0.06
-4.01870e-01,-0.057,0.06
-4.01860e-01,-0.061,0.064
-4.01850e-01,-0.059,0.062
-4.01840e-01,-0.065,0.066
-4.01830e-01,-0.059,0.06
-4.01820e-01,-0.061,0.062
-4.01810e-01,-0.057,0.06
-4.01800e-01,-0.061,0.064
-4.01790e-01,-0.061,0.06
-4.01780e-01,-0.061,0.062
-4.01770e-01,-0.061,0.06
-4.01760e-01,-0.057,0.064
-4.01750e-01,-0.059,0.062
-4.01740e-01,-0.059,0.064
-4.01730e-01,-0.063,0.066
-4.01720e-01,-0.059,0.064
-4.01710e-01,-0.059,0.062
-4.01700e-01,-0.059,0.064
-4.01690e-01,-0.061,0.062
-4.01680e-01,-0.061,0.066
-4.01670e-01,-0.063,0.062
-4.01660e-01,-0.059,0.064
-4.01650e-01,-0.057,0.06
-4.01640e-01,-0.059,0.064
-4.01630e-01,-0.057,0.06
-4.01620e-01,-0.055,0.06
-4.01610e-01,-0.059,0.064
-4.01600e-01,-0.061,0.062
-4.01590e-01,-0.057,0.064
-4.01580e-01,-0.059,0.066
-4.01570e-01,-0.051,0.06
-4.01560e-01,-0.059,0.064
-4.01550e-01,-0.061,0.064
-4.01540e-01,-0.065,0.06
-4.01530e-01,-0.055,0.06
-4.01520e-01,-0.047,0.05
-4.01510e-01,-0.039,0.046
-4.01500e-01,-0.055,0.06
-4.01490e-01,-0.061,0.064
-4.01480e-01,-0.059,0.062
-4.01470e-01,-0.059,0.062
-4.01460e-01,-0.057,0.062
-4.01450e-01,-0.061,0.062
-4.01440e-01,-0.063,0.062
-4.01430e-01,-0.059,0.062
-4.01420e-01,-0.061,0.064
-4.01410e-01,-0.059,0.066
-4.01400e-01,-0.059,0.064
-4.01390e-01,-0.059,0.06
-4.01380e-01,-0.059,0.068
-4.01370e-01,-0.061,0.062
-4.01360e-01,-0.055,0.06
-4.01350e-01,-0.061,0.064
-4.01340e-01,-0.063,0.062
-4.01330e-01,-0.061,0.062
-4.01320e-01,-0.055,0.064
-4.01310e-01,-0.059,0.06
-4.01300e-01,-0.063,0.062
-4.01290e-01,-0.053,0.06
-4.01280e-01,-0.057,0.062
-4.01270e-01,-0.059,0.062
-4.01260e-01,-0.059,0.062
-4.01250e-01,-0.061,0.064
-4.01240e-01,-0.063,0.062
-4.01230e-01,-0.063,0.066
-4.01220e-01,-0.055,0.06
-4.01210e-01,-0.055,0.06
-4.01200e-01,-0.065,0.064
-4.01190e-01,-0.059,0.062
-4.01180e-01,-0.053,0.06
-4.01170e-01,-0.059,0.062
-4.01160e-01,-0.057,0.06
-4.01150e-01,-0.057,0.062
-4.01140e-01,-0.059,0.066
-4.01130e-01,-0.061,0.066
-4.01120e-01,-0.061,0.064
-4.01110e-01,-0.057,0.062
-4.01100e-01,-0.061,0.066
-4.01090e-01,-0.061,0.064
-4.01080e-01,-0.061,0.062
-4.01070e-01,-0.055,0.06
-4.01060e-01,-0.061,0.064
-4.01050e-01,-0.055,0.06
-4.01040e-01,-0.061,0.064
-4.01030e-01,-0.055,0.06
-4.01020e-01,-0.061,0.062
-4.01010e-01,-0.053,0.056
-4.01000e-01,-0.059,0.062
-4.00990e-01,-0.061,0.064
-4.00980e-01,-0.059,0.062
-4.00970e-01,-0.061,0.06
-4.00960e-01,-0.061,0.062
-4.00950e-01,-0.059,0.062
-4.00940e-01,-0.059,0.062
-4.00930e-01,-0.061,0.064
-4.00920e-01,-0.059,0.064
-4.00910e-01,-0.057,0.062
-4.00900e-01,-0.057,0.06
-4.00890e-01,-0.057,0.064
-4.00880e-01,-0.049,0.056
-4.00870e-01,-0.061,0.062
-4.00860e-01,-0.049,0.056
-4.00850e-01,-0.055,0.062
-4.00840e-01,-0.059,0.062
-4.00830e-01,-0.059,0.062
-4.00820e-01,-0.063,0.064
-4.00810e-01,-0.061,0.06
-4.00800e-01,-0.061,0.064
-4.00790e-01,-0.061,0.06
-4.00780e-01,-0.057,0.062
-4.00770e-01,-0.061,0.062
-4.00760e-01,-0.057,0.062
-4.00750e-01,-0.061,0.064
-4.00740e-01,-0.055,0.062
-4.00730e-01,-0.059,0.062
-4.00720e-01,-0.059,0.064
-4.00710e-01,-0.059,0.064
-4.00700e-01,-0.059,0.062
-4.00690e-01,-0.063,0.062
-4.00680e-01,-0.061,0.064
-4.00670e-01,-0.063,0.066
-4.00660e-01,-0.065,0.062
-4.00650e-01,-0.059,0.064
-4.00640e-01,-0.063,0.062
-4.00630e-01,-0.057,0.06
-4.00620e-01,-0.057,0.058
-4.00610e-01,-0.057,0.062
-4.00600e-01,-0.059,0.064
-4.00590e-01,-0.061,0.064
-4.00580e-01,-0.055,0.062
-4.00570e-01,-0.059,0.064
-4.00560e-01,-0.063,0.066
-4.00550e-01,-0.061,0.064
-4.00540e-01,-0.059,0.06
-4.00530e-01,-0.063,0.064
-4.00520e-01,-0.051,0.056
-4.00510e-01,-0.059,0.064
-4.00500e-01,-0.051,0.054
-4.00490e-01,-0.063,0.06
-4.00480e-01,-0.051,0.054
-4.00470e-01,-0.061,0.064
-4.00460e-01,-0.061,0.064
-4.00450e-01,-0.055,0.056
-4.00440e-01,-0.059,0.064
-4.00430e-01,-0.047,0.056
-4.00420e-01,-0.059,0.062
-4.00410e-01,-0.059,0.062
-4.00400e-01,-0.057,0.062
-4.00390e-01,-0.059,0.064
-4.00380e-01,-0.057,0.062
-4.00370e-01,-0.057,0.062
-4.00360e-01,-0.061,0.062
-4.00350e-01,-0.059,0.06
-4.00340e-01,-0.053,0.056
-4.00330e-01,-0.059,0.064
-4.00320e-01,-0.053,0.06
-4.00310e-01,-0.061,0.066
-4.00300e-01,-0.059,0.064
-4.00290e-01,-0.063,0.064
-4.00280e-01,-0.063,0.064
-4.00270e-01,-0.061,0.064
-4.00260e-01,-0.059,0.062
-4.00250e-01,-0.063,0.062
-4.00240e-01,-0.051,0.056
-4.00230e-01,-0.059,0.064
-4.00220e-01,-0.049,0.058
-4.00210e-01,-0.059,0.064
-4.00200e-01,-0.061,0.06
-4.00190e-01,-0.061,0.066
-4.00180e-01,-0.059,0.06
-4.00170e-01,-0.057,0.06
-4.00160e-01,-0.061,0.068
-4.00150e-01,-0.061,0.064
-4.00140e-01,-0.059,0.062
-4.00130e-01,-0.061,0.064
-4.00120e-01,-0.061,0.06
-4.00110e-01,-0.061,0.062
-4.00100e-01,-0.059,0.064
-4.00090e-01,-0.059,0.066
-4.00080e-01,-0.049,0.054
-4.00070e-01,-0.057,0.062
-4.00060e-01,-0.061,0.062
-4.00050e-01,-0.055,0.056
-4.00040e-01,-0.057,0.062
-4.00030e-01,-0.059,0.064
-4.00020e-01,-0.059,0.06
-4.00010e-01,-0.059,0.064
-4.00000e-01,-0.063,0.064
-3.99990e-01,-0.059,0.062
-3.99980e-01,-0.065,0.062
-3.99970e-01,-0.059,0.066
-3.99960e-01,-0.055,0.056
-3.99950e-01,-0.059,0.06
-3.99940e-01,-0.059,0.06
-3.99930e-01,-0.061,0.064
-3.99920e-01,-0.053,0.06
-3.99910e-01,-0.061,0.064
-3.99900e-01,-0.063,0.066
-3.99890e-01,-0.059,0.062
-3.99880e-01,-0.055,0.06
-3.99870e-01,-0.061,0.062
-3.99860e-01,-0.063,0.064
-3.99850e-01,-0.061,0.064
-3.99840e-01,-0.061,0.062
-3.99830e-01,-0.057,0.062
-3.99820e-01,-0.061,0.064
-3.99810e-01,-0.055,0.062
-3.99800e-01,-0.061,0.062
-3.99790e-01,-0.055,0.062
-3.99780e-01,-0.059,0.064
-3.99770e-01,-0.055,0.058
-3.99760e-01,-0.061,0.06
-3.99750e-01,-0.059,0.064
-3.99740e-01,-0.059,0.064
-3.99730e-01,-0.063,0.066
-3.99720e-01,-0.061,0.064
-3.99710e-01,-0.059,0.062
-3.99700e-01,-0.065,0.062
-3.99690e-01,-0.055,0.056
-3.99680e-01,-0.061,0.064
-3.99670e-01,-0.061,0.066
-3.99660e-01,-0.065,0.066
-3.99650e-01,-0.061,0.064
-3.99640e-01,-0.057,0.064
-3.99630e-01,-0.061,0.064
-3.99620e-01,-0.057,0.06
-3.99610e-01,-0.055,0.06
-3.99600e-01,-0.057,0.06
-3.99590e-01,-0.061,0.064
-3.99580e-01,-0.061,0.062
-3.99570e-01,-0.059,0.06
-3.99560e-01,-0.057,0.058
-3.99550e-01,-0.059,0.064
-3.99540e-01,-0.055,0.058
-3.99530e-01,-0.059,0.06
-3.99520e-01,-0.049,0.054
-3.99510e-01,-0.057,0.06
-3.99500e-01,-0.061,0.06
-3.99490e-01,-0.059,0.062
-3.99480e-01,-0.059,0.062
-3.99470e-01,-0.059,0.064
-3.99460e-01,-0.061,0.064
-3.99450e-01,-0.059,0.06
-3.99440e-01,-0.059,0.066
-3.99430e-01,-0.065,0.064
-3.99420e-01,-0.061,0.06
-3.99410e-01,-0.057,0.064
-3.99400e-01,-0.053,0.058
-3.99390e-01,-0.055,0.062
-3.99380e-01,-0.063,0.064
-3.99370e-01,-0.059,0.07
-3.99360e-01,-0.061,0.064
-3.99350e-01,-0.059,0.06
-3.99340e-01,-0.063,0.062
-3.99330e-01,-0.059,0.064
-3.99320e-01,-0.061,0.062
-3.99310e-01,-0.055,0.06
-3.99300e-01,-0.061,0.062
-3.99290e-01,-0.057,0.06
-3.99280e-01,-0.055,0.06
-3.99270e-01,-0.063,0.064
-3.99260e-01,-0.061,0.062
-3.99250e-01,-0.061,0.062
-3.99240e-01,-0.061,0.064
-3.99230e-01,-0.059,0.064
-3.99220e-01,-0.061,0.062
-3.99210e-01,-0.055,0.062
-3.99200e-01,-0.061,0.068
-3.99190e-01,-0.061,0.064
-3.99180e-01,-0.061,0.062
-3.99170e-01,-0.059,0.06
-3.99160e-01,-0.059,0.066
-3.99150e-01,-0.063,0.064
-3.99140e-01,-0.055,0.054
-3.99130e-01,-0.063,0.062
-3.99120e-01,-0.051,0.058
-3.99110e-01,-0.061,0.066
-3.99100e-01,-0.059,0.062
-3.99090e-01,-0.059,0.062
-3.99080e-01,-0.061,0.066
-3.99070e-01,-0.055,0.06
-3.99060e-01,-0.063,0.064
-3.99050e-01,-0.061,0.066
-3.99040e-01,-0.063,0.064
-3.99030e-01,-0.061,0.066
-3.99020e-01,-0.061,0.06
-3.99010e-01,-0.059,0.062
-3.99000e-01,-0.061,0.062
-3.98990e-01,-0.059,0.062
-3.98980e-01,-0.053,0.06
-3.98970e-01,-0.057,0.056
-3.98960e-01,-0.059,0.062
-3.98950e-01,-0.065,0.064
-3.98940e-01,-0.063,0.064
-3.98930e-01,-0.061,0.066
-3.98920e-01,-0.061,0.062
-3.98910e-01,-0.063,0.066
-3.98900e-01,-0.061,0.062
-3.98890e-01,-0.059,0.06
-3.98880e-01,-0.061,0.062
-3.98870e-01,-0.057,0.062
-3.98860e-01,-0.063,0.064
-3.98850e-01,-0.049,0.056
-3.98840e-01,-0.059,0.062
-3.98830e-01,-0.055,0.06
-3.98820e-01,-0.065,0.06
-3.98810e-01,-0.055,0.06
-3.98800e-01,-0.059,0.064
-3.98790e-01,-0.063,0.064
-3.98780e-01,-0.059,0.066
-3.98770e-01,-0.061,0.06
-3.98760e-01,-0.061,0.062
-3.98750e-01,-0.059,0.062
-3.98740e-01,-0.059,0.06
-3.98730e-01,-0.059,0.066
-3.98720e-01,-0.061,0.066
-3.98710e-01,-0.047,0.05
-3.98700e-01,-0.063,0.068
-3.98690e-01,-0.059,0.064
-3.98680e-01,-0.059,0.064
-3.98670e-01,-0.065,0.06
-3.98660e-01,-0.053,0.06
-3.98650e-01,-0.059,0.064
-3.98640e-01,-0.059,0.062
-3.98630e-01,-0.053,0.064
-3.98620e-01,-0.059,0.06
-3.98610e-01,-0.061,0.066
-3.98600e-01,-0.059,0.06
-3.98590e-01,-0.061,0.062
-3.98580e-01,-0.055,0.058
-3.98570e-01,-0.065,0.064
-3.98560e-01,-0.057,0.06
-3.98550e-01,-0.061,0.062
-3.98540e-01,-0.057,0.064
-3.98530e-01,-0.059,0.062
-3.98520e-01,-0.061,0.064
-3.98510e-01,-0.061,0.062
-3.98500e-01,-0.063,0.064
-3.98490e-01,-0.061,0.062
-3.98480e-01,-0.057,0.06
-3.98470e-01,-0.061,0.064
-3.98460e-01,-0.055,0.06
-3.98450e-01,-0.055,0.064
-3.98440e-01,-0.059,0.064
-3.98430e-01,-0.061,0.062
-3.98420e-01,-0.049,0.052
-3.98410e-01,-0.061,0.066
-3.98400e-01,-0.061,0.064
-3.98390e-01,-0.057,0.066
-3.98380e-01,-0.063,0.064
-3.98370e-01,-0.061,0.062
-3.98360e-01,-0.061,0.064
-3.98350e-01,-0.055,0.06
-3.98340e-01,-0.061,0.066
-3.98330e-01,-0.051,0.054
-3.98320e-01,-0.061,0.066
-3.98310e-01,-0.057,0.068
-3.98300e-01,-0.059,0.062
-3.98290e-01,-0.059,0.058
-3.98280e-01,-0.055,0.062
-3.98270e-01,-0.055,0.06
-3.98260e-01,-0.051,0.058
-3.98250e-01,-0.059,0.06
-3.98240e-01,-0.061,0.064
-3.98230e-01,-0.057,0.064
-3.98220e-01,-0.061,0.064
-3.98210e-01,-0.061,0.068
-3.98200e-01,-0.063,0.064
-3.98190e-01,-0.063,0.064
-3.98180e-01,-0.059,0.062
-3.98170e-01,-0.057,0.062
-3.98160e-01,-0.059,0.064
-3.98150e-01,-0.057,0.062
-3.98140e-01,-0.063,0.062
-3.98130e-01,-0.059,0.066
-3.98120e-01,-0.057,0.06
-3.98110e-01,-0.061,0.06
-3.98100e-01,-0.061,0.062
-3.98090e-01,-0.055,0.06
-3.98080e-01,-0.059,0.064
-3.98070e-01,-0.053,0.058
-3.98060e-01,-0.061,0.064
-3.98050e-01,-0.059,0.062
-3.98040e-01,-0.063,0.064
-3.98030e-01,-0.059,0.062
-3.98020e-01,-0.059,0.062
-3.98010e-01,-0.061,0.062
-3.98000e-01,-0.059,0.064
-3.97990e-01,-0.061,0.064
-3.97980e-01,-0.061,0.064
-3.97970e-01,-0.061,0.064
-3.97960e-01,-0.059,0.064
-3.97950e-01,-0.059,0.064
-3.97940e-01,-0.059,0.06
-3.97930e-01,-0.055,0.06
-3.97920e-01,-0.055,0.06
-3.97910e-01,-0.061,0.066
-3.97900e-01,-0.057,0.06
-3.97890e-01,-0.053,0.06
-3.97880e-01,-0.059,0.062
-3.97870e-01,-0.059,0.064
-3.97860e-01,-0.063,0.068
-3.97850e-01,-0.049,0.054
-3.97840e-01,-0.061,0.062
-3.97830e-01,-0.061,0.06
-3.97820e-01,-0.057,0.062
-3.97810e-01,-0.061,0.062
-3.97800e-01,-0.057,0.06
-3.97790e-01,-0.055,0.058
-3.97780e-01,-0.055,0.056
-3.97770e-01,-0.061,0.064
-3.97760e-01,-0.059,0.064
-3.97750e-01,-0.055,0.06
-3.97740e-01,-0.063,0.062
-3.97730e-01,-0.061,0.064
-3.97720e-01,-0.061,0.062
-3.97710e-01,-0.061,0.06
-3.97700e-01,-0.053,0.058
-3.97690e-01,-0.055,0.062
-3.97680e-01,-0.057,0.06
-3.97670e-01,-0.063,0.064
-3.97660e-01,-0.061,0.062
-3.97650e-01,-0.059,0.062
-3.97640e-01,-0.059,0.064
-3.97630e-01,-0.061,0.064
-3.97620e-01,-0.061,0.062
-3.97610e-01,-0.057,0.064
-3.97600e-01,-0.061,0.062
-3.97590e-01,-0.061,0.064
-3.97580e-01,-0.053,0.058
-3.97570e-01,-0.061,0.064
-3.97560e-01,-0.061,0.064
-3.97550e-01,-0.059,0.062
-3.97540e-01,-0.059,0.06
-3.97530e-01,-0.059,0.06
-3.97520e-01,-0.061,0.064
-3.97510e-01,-0.057,0.062
-3.97500e-01,-0.059,0.064
-3.97490e-01,-0.057,0.062
-3.97480e-01,-0.057,0.06
-3.97470e-01,-0.055,0.058
-3.97460e-01,-0.059,0.06
-3.97450e-01,-0.061,0.064
-3.97440e-01,-0.059,0.064
-3.97430e-01,-0.059,0.06
-3.97420e-01,-0.063,0.06
-3.97410e-01,-0.059,0.064
-3.97400e-01,-0.059,0.062
-3.97390e-01,-0.059,0.062
-3.97380e-01,-0.063,0.066
-3.97370e-01,-0.059,0.068
-3.97360e-01,-0.059,0.062
-3.97350e-01,-0.059,0.064
-3.97340e-01,-0.063,0.06
-3.97330e-01,-0.065,0.064
-3.97320e-01,-0.061,0.06
-3.97310e-01,-0.061,0.064
-3.97300e-01,-0.049,0.052
-3.97290e-01,-0.061,0.06
-3.97280e-01,-0.061,0.062
-3.97270e-01,-0.055,0.064
-3.97260e-01,-0.057,0.06
-3.97250e-01,-0.055,0.06
-3.97240e-01,-0.061,0.064
-3.97230e-01,-0.063,0.062
-3.97220e-01,-0.061,0.066
-3.97210e-01,-0.061,0.062
-3.97200e-01,-0.055,0.054
-3.97190e-01,-0.057,0.06
-3.97180e-01,-0.047,0.05
-3.97170e-01,-0.057,0.062
-3.97160e-01,-0.051,0.058
-3.97150e-01,-0.051,0.052
-3.97140e-01,-0.057,0.06
-3.97130e-01,-0.063,0.06
-3.97120e-01,-0.051,0.06
-3.97110e-01,-0.061,0.06
-3.97100e-01,-0.059,0.06
-3.97090e-01,-0.053,0.058
-3.97080e-01,-0.059,0.062
-3.97070e-01,-0.065,0.064
-3.97060e-01,-0.063,0.064
-3.97050e-01,-0.059,0.062
-3.97040e-01,-0.061,0.064
-3.97030e-01,-0.061,0.064
-3.97020e-01,-0.061,0.064
-3.97010e-01,-0.061,0.064
-3.97000e-01,-0.061,0.064
-3.96990e-01,-0.061,0.066
-3.96980e-01,-0.059,0.062
-3.96970e-01,-0.051,0.058
-3.96960e-01,-0.055,0.06
-3.96950e-01,-0.057,0.062
-3.96940e-01,-0.061,0.064
-3.96930e-01,-0.061,0.06
-3.96920e-01,-0.051,0.06
-3.96910e-01,-0.061,0.062
-3.96900e-01,-0.055,0.058
-3.96890e-01,-0.057,0.06
-3.96880e-01,-0.061,0.066
-3.96870e-01,-0.053,0.06
-3.96860e-01,-0.055,0.062
-3.96850e-01,-0.061,0.064
-3.96840e-01,-0.049,0.058
-3.96830e-01,-0.059,0.064
-3.96820e-01,-0.053,0.06
-3.96810e-01,-0.059,0.066
-3.96800e-01,-0.059,0.06
-3.96790e-01,-0.051,0.058
-3.96780e-01,-0.057,0.06
-3.96770e-01,-0.057,0.06
-3.96760e-01,-0.059,0.064
-3.96750e-01,-0.053,0.058
-3.96740e-01,-0.063,0.064
-3.96730e-01,-0.059,0.064
-3.96720e-01,-0.059,0.064
-3.96710e-01,-0.059,0.06
-3.96700e-01,-0.057,0.062
-3.96690e-01,-0.055,0.058
-3.96680e-01,-0.059,0.062
-3.96670e-01,-0.061,0.06
-3.96660e-01,-0.045,0.05
-3.96650e-01,-0.045,0.05
-3.96640e-01,-0.057,0.06
-3.96630e-01,-0.057,0.062
-3.96620e-01,-0.059,0.064
-3.96610e-01,-0.061,0.062
-3.96600e-01,-0.061,0.064
-3.96590e-01,-0.063,0.066
-3.96580e-01,-0.059,0.066
-3.96570e-01,-0.063,0.062
-3.96560e-01,-0.055,0.06
-3.96550e-01,-0.059,0.06
-3.96540e-01,-0.059,0.06
-3.96530e-01,-0.059,0.062
-3.96520e-01,-0.061,0.064
-3.96510e-01,-0.059,0.062
-3.96500e-01,-0.057,0.064
-3.96490e-01,-0.059,0.06
-3.96480e-01,-0.059,0.062
-3.96470e-01,-0.059,0.064
-3.96460e-01,-0.059,0.064
-3.96450e-01,-0.061,0.062
-3.96440e-01,-0.057,0.062
-3.96430e-01,-0.059,0.06
-3.96420e-01,-0.049,0.054
-3.96410e-01,-0.053,0.06
-3.96400e-01,-0.061,0.06
-3.96390e-01,-0.063,0.062
-3.96380e-01,-0.059,0.062
-3.96370e-01,-0.063,0.064
-3.96360e-01,-0.059,0.062
-3.96350e-01,-0.057,0.062
-3.96340e-01,-0.059,0.064
-3.96330e-01,-0.057,0.064
-3.96320e-01,-0.061,0.064
-3.96310e-01,-0.063,0.066
-3.96300e-01,-0.059,0.06
-3.96290e-01,-0.061,0.064
-3.96280e-01,-0.059,0.06
-3.96270e-01,-0.053,0.058
-3.96260e-01,-0.057,0.064
-3.96250e-01,-0.057,0.062
-3.96240e-01,-0.061,0.064
-3.96230e-01,-0.061,0.066
-3.96220e-01,-0.055,0.06
-3.96210e-01,-0.061,0.064
-3.96200e-01,-0.061,0.064
-3.96190e-01,-0.061,0.062
-3.96180e-01,-0.063,0.064
-3.96170e-01,-0.057,0.062
-3.96160e-01,-0.061,0.062
-3.96150e-01,-0.061,0.062
-3.96140e-01,-0.061,0.062
-3.96130e-01,-0.057,0.064
-3.96120e-01,-0.059,0.062
-3.96110e-01,-0.061,0.064
-3.96100e-01,-0.061,0.06
-3.96090e-01,-0.057,0.06
-3.96080e-01,-0.057,0.062
-3.96070e-01,-0.061,0.064
-3.96060e-01,-0.063,0.064
-3.96050e-01,-0.063,0.064
-3.96040e-01,-0.061,0.06
-3.96030e-01,-0.061,0.064
-3.96020e-01,-0.061,0.064
-3.96010e-01,-0.055,0.056
-3.96000e-01,-0.063,0.064
-3.95990e-01,-0.063,0.064
-3.95980e-01,-0.061,0.064
-3.95970e-01,-0.061,0.062
-3.95960e-01,-0.061,0.066
-3.95950e-01,-0.059,0.062
-3.95940e-01,-0.061,0.064
-3.95930e-01,-0.059,0.064
-3.95920e-01,-0.059,0.06
-3.95910e-01,-0.061,0.064
-3.95900e-01,-0.057,0.064
-3.95890e-01,-0.059,0.062
-3.95880e-01,-0.059,0.062
-3.95870e-01,-0.061,0.064
-3.95860e-01,-0.059,0.062
-3.95850e-01,-0.057,0.06
-3.95840e-01,-0.063,0.064
-3.95830e-01,-0.055,0.058
-3.95820e-01,-0.053,0.056
-3.95810e-01,-0.051,0.056
-3.95800e-01,-0.061,0.064
-3.95790e-01,-0.061,0.066
-3.95780e-01,-0.061,0.066
-3.95770e-01,-0.059,0.06
-3.95760e-01,-0.059,0.064
-3.95750e-01,-0.059,0.064
-3.95740e-01,-0.061,0.066
-3.95730e-01,-0.059,0.062
-3.95720e-01,-0.057,0.06
-3.95710e-01,-0.055,0.06
-3.95700e-01,-0.059,0.064
-3.95690e-01,-0.059,0.064
-3.95680e-01,-0.057,0.06
-3.95670e-01,-0.063,0.064
-3.95660e-01,-0.049,0.058
-3.95650e-01,-0.059,0.062
-3.95640e-01,-0.063,0.064
-3.95630e-01,-0.061,0.064
-3.95620e-01,-0.063,0.066
-3.95610e-01,-0.061,0.064
-3.95600e-01,-0.061,0.064
-3.95590e-01,-0.063,0.062
-3.95580e-01,-0.065,0.066
-3.95570e-01,-0.059,0.06
-3.95560e-01,-0.059,0.062
-3.95550e-01,-0.061,0.066
-3.95540e-01,-0.051,0.058
-3.95530e-01,-0.057,0.06
-3.95520e-01,-0.059,0.064
-3.95510e-01,-0.059,0.062
-3.95500e-01,-0.061,0.068
-3.95490e-01,-0.053,0.06
-3.95480e-01,-0.061,0.062
-3.95470e-01,-0.065,0.062
-3.95460e-01,-0.061,0.064
-3.95450e-01,-0.053,0.056
-3.95440e-01,-0.059,0.064
-3.95430e-01,-0.061,0.062
-3.95420e-01,-0.065,0.064
-3.95410e-01,-0.061,0.062
-3.95400e-01,-0.061,0.062
-3.95390e-01,-0.055,0.06
-3.95380e-01,-0.059,0.064
-3.95370e-01,-0.053,0.056
-3.95360e-01,-0.057,0.064
-3.95350e-01,-0.059,0.064
-3.95340e-01,-0.061,0.066
-3.95330e-01,-0.065,0.066
-3.95320e-01,-0.059,0.064
-3.95310e-01,-0.057,0.06
-3.95300e-01,-0.061,0.062
-3.95290e-01,-0.059,0.064
-3.95280e-01,-0.061,0.064
-3.95270e-01,-0.057,0.064
-3.95260e-01,-0.061,0.064
-3.95250e-01,-0.055,0.06
-3.95240e-01,-0.061,0.064
-3.95230e-01,-0.057,0.064
-3.95220e-01,-0.061,0.064
-3.95210e-01,-0.059,0.062
-3.95200e-01,-0.051,0.056
-3.95190e-01,-0.059,0.062
-3.95180e-01,-0.049,0.056
-3.95170e-01,-0.051,0.054
-3.95160e-01,-0.057,0.06
-3.95150e-01,-0.057,0.064
-3.95140e-01,-0.051,0.058
-3.95130e-01,-0.057,0.06
-3.95120e-01,-0.059,0.064
-3.95110e-01,-0.057,0.062
-3.95100e-01,-0.059,0.062
-3.95090e-01,-0.059,0.064
-3.95080e-01,-0.061,0.064
-3.95070e-01,-0.059,0.068
-3.95060e-01,-0.055,0.056
-3.95050e-01,-0.057,0.064
-3.95040e-01,-0.051,0.058
-3.95030e-01,-0.063,0.06
-3.95020e-01,-0.059,0.064
-3.95010e-01,-0.059,0.066
-3.95000e-01,-0.053,0.06
-3.94990e-01,-0.059,0.066
-3.94980e-01,-0.059,0.064
-3.94970e-01,-0.063,0.066
-3.94960e-01,-0.049,0.056
-3.94950e-01,-0.055,0.06
-3.94940e-01,-0.055,0.06
-3.94930e-01,-0.059,0.066
-3.94920e-01,-0.053,0.056
-3.94910e-01,-0.061,0.066
-3.94900e-01,-0.063,0.062
-3.94890e-01,-0.061,0.064
-3.94880e-01,-0.059,0.06
-3.94870e-01,-0.061,0.064
-3.94860e-01,-0.063,0.066
-3.94850e-01,-0.065,0.064
-3.94840e-01,-0.055,0.06
-3.94830e-01,-0.047,0.052
-3.94820e-01,-0.051,0.058
-3.94810e-01,-0.057,0.06
-3.94800e-01,-0.057,0.058
-3.94790e-01,-0.061,0.066
-3.94780e-01,-0.063,0.066
-3.94770e-01,-0.063,0.064
-3.94760e-01,-0.061,0.06
-3.94750e-01,-0.061,0.064
-3.94740e-01,-0.063,0.062
-3.94730e-01,-0.057,0.064
-3.94720e-01,-0.059,0.062
-3.94710e-01,-0.061,0.064
-3.94700e-01,-0.063,0.064
-3.94690e-01,-0.059,0.064
-3.94680e-01,-0.059,0.06
-3.94670e-01,-0.061,0.062
-3.94660e-01,-0.047,0.056
-3.94650e-01,-0.061,0.06
-3.94640e-01,-0.061,0.064
-3.94630e-01,-0.059,0.066
-3.94620e-01,-0.059,0.064
-3.94610e-01,-0.061,0.064
-3.94600e-01,-0.061,0.066
-3.94590e-01,-0.059,0.064
-3.94580e-01,-0.061,0.064
-3.94570e-01,-0.063,0.062
-3.94560e-01,-0.049,0.058
-3.94550e-01,-0.057,0.06
-3.94540e-01,-0.057,0.062
-3.94530e-01,-0.057,0.064
-3.94520e-01,-0.059,0.06
-3.94510e-01,-0.059,0.066
-3.94500e-01,-0.061,0.064
-3.94490e-01,-0.053,0.062
-3.94480e-01,-0.063,0.066
-3.94470e-01,-0.059,0.066
-3.94460e-01,-0.061,0.062
-3.94450e-01,-0.051,0.056
-3.94440e-01,-0.061,0.06
-3.94430e-01,-0.063,0.064
-3.94420e-01,-0.061,0.064
-3.94410e-01,-0.059,0.06
-3.94400e-01,-0.065,0.066
-3.94390e-01,-0.061,0.064
-3.94380e-01,-0.061,0.066
-3.94370e-01,-0.059,0.066
-3.94360e-01,-0.063,0.064
-3.94350e-01,-0.063,0.064
-3.94340e-01,-0.055,0.062
-3.94330e-01,-0.059,0.062
-3.94320e-01,-0.057,0.062
-3.94310e-01,-0.061,0.06
-3.94300e-01,-0.065,0.064
-3.94290e-01,-0.061,0.064
-3.94280e-01,-0.059,0.06
-3.94270e-01,-0.059,0.062
-3.94260e-01,-0.059,0.062
-3.94250e-01,-0.063,0.064
-3.94240e-01,-0.057,0.062
-3.94230e-01,-0.059,0.062
-3.94220e-01,-0.057,0.064
-3.94210e-01,-0.063,0.062
-3.94200e-01,-0.061,0.062
-3.94190e-01,-0.063,0.064
-3.94180e-01,-0.061,0.064
-3.94170e-01,-0.059,0.062
-3.94160e-01,-0.061,0.064
-3.94150e-01,-0.055,0.06
-3.94140e-01,-0.061,0.064
-3.94130e-01,-0.055,0.06
-3.94120e-01,-0.057,0.064
-3.94110e-01,-0.053,0.056
-3.94100e-01,-0.055,0.064
-3.94090e-01,-0.063,0.062
-3.94080e-01,-0.057,0.06
-3.94070e-01,-0.061,0.062
-3.94060e-01,-0.061,0.064
-3.94050e-01,-0.061,0.062
-3.94040e-01,-0.061,0.066
-3.94030e-01,-0.061,0.06
-3.94020e-01,-0.061,0.064
-3.94010e-01,-0.059,0.062
-3.94000e-01,-0.061,0.062
-3.93990e-01,-0.059,0.062
-3.93980e-01,-0.063,0.06
-3.93970e-01,-0.055,0.062
-3.93960e-01,-0.063,0.066
-3.93950e-01,-0.055,0.06
-3.93940e-01,-0.063,0.06
-3.93930e-01,-0.061,0.064
-3.93920e-01,-0.063,0.062
-3.93910e-01,-0.057,0.06
-3.93900e-01,-0.059,0.06
-3.93890e-01,-0.059,0.062
-3.93880e-01,-0.057,0.062
-3.93870e-01,-0.057,0.06
-3.93860e-01,-0.063,0.064
-3.93850e-01,-0.065,0.066
-3.93840e-01,-0.057,0.062
-3.93830e-01,-0.051,0.06
-3.93820e-01,-0.061,0.062
-3.93810e-01,-0.059,0.06
-3.93800e-01,-0.061,0.062
-3.93790e-01,-0.053,0.058
-3.93780e-01,-0.057,0.06
-3.93770e-01,-0.061,0.062
-3.93760e-01,-0.057,0.06
-3.93750e-01,-0.057,0.062
-3.93740e-01,-0.063,0.064
-3.93730e-01,-0.059,0.062
-3.93720e-01,-0.063,0.064
-3.93710e-01,-0.059,0.064
-3.93700e-01,-0.059,0.062
-3.93690e-01,-0.061,0.062
-3.93680e-01,-0.059,0.062
-3.93670e-01,-0.061,0.064
-3.93660e-01,-0.061,0.066
-3.93650e-01,-0.059,0.06
-3.93640e-01,-0.063,0.064
-3.93630e-01,-0.061,0.064
-3.93620e-01,-0.057,0.066
-3.93610e-01,-0.061,0.064
-3.93600e-01,-0.059,0.064
-3.93590e-01,-0.061,0.062
-3.93580e-01,-0.057,0.064
-3.93570e-01,-0.063,0.064
-3.93560e-01,-0.059,0.062
-3.93550e-01,-0.057,0.064
-3.93540e-01,-0.061,0.064
-3.93530e-01,-0.055,0.062
-3.93520e-01,-0.057,0.06
-3.93510e-01,-0.057,0.064
-3.93500e-01,-0.049,0.054
-3.93490e-01,-0.059,0.066
-3.93480e-01,-0.061,0.06
-3.93470e-01,-0.057,0.062
-3.93460e-01,-0.061,0.062
-3.93450e-01,-0.061,0.064
-3.93440e-01,-0.061,0.064
-3.93430e-01,-0.057,0.06
-3.93420e-01,-0.061,0.064
-3.93410e-01,-0.055,0.064
-3.93400e-01,-0.061,0.064
-3.93390e-01,-0.059,0.062
-3.93380e-01,-0.055,0.058
-3.93370e-01,-0.055,0.056
-3.93360e-01,-0.055,0.058
-3.93350e-01,-0.049,0.054
-3.93340e-01,-0.061,0.066
-3.93330e-01,-0.055,0.06
-3.93320e-01,-0.057,0.06
-3.93310e-01,-0.059,0.064
-3.93300e-01,-0.061,0.062
-3.93290e-01,-0.057,0.062
-3.93280e-01,-0.059,0.06
-3.93270e-01,-0.059,0.062
-3.93260e-01,-0.061,0.064
-3.93250e-01,-0.059,0.064
-3.93240e-01,-0.061,0.06
-3.93230e-01,-0.051,0.058
-3.93220e-01,-0.059,0.068
-3.93210e-01,-0.057,0.062
-3.93200e-01,-0.055,0.062
-3.93190e-01,-0.059,0.062
-3.93180e-01,-0.059,0.064
-3.93170e-01,-0.057,0.062
-3.93160e-01,-0.059,0.064
-3.93150e-01,-0.051,0.056
-3.93140e-01,-0.047,0.054
-3.93130e-01,-0.051,0.054
-3.93120e-01,-0.055,0.06
-3.93110e-01,-0.053,0.056
-3.93100e-01,-0.057,0.06
-3.93090e-01,-0.053,0.054
-3.93080e-01,-0.057,0.062
-3.93070e-01,-0.059,0.062
-3.93060e-01,-0.045,0.048
-3.93050e-01,-0.053,0.058
-3.93040e-01,-0.047,0.052
-3.93030e-01,-0.059,0.062
-3.93020e-01,-0.059,0.06
-3.93010e-01,-0.059,0.064
-3.93000e-01,-0.057,0.064
-3.92990e-01,-0.057,0.062
-3.92980e-01,-0.063,0.062
-3.92970e-01,-0.059,0.062
-3.92960e-01,-0.061,0.066
-3.92950e-01,-0.059,0.062
-3.92940e-01,-0.063,0.064
-3.92930e-01,-0.053,0.054
-3.92920e-01,-0.053,0.06
-3.92910e-01,-0.055,0.06
-3.92900e-01,-0.055,0.064
-3.92890e-01,-0.059,0.06
-3.92880e-01,-0.061,0.064
-3.92870e-01,-0.061,0.06
-3.92860e-01,-0.061,0.064
-3.92850e-01,-0.051,0.052
-3.92840e-01,-0.059,0.064
-3.92830e-01,-0.059,0.064
-3.92820e-01,-0.043,0.046
-3.92810e-01,-0.045,0.048
-3.92800e-01,-0.043,0.048
-3.92790e-01,-0.057,0.06
-3.92780e-01,-0.059,0.06
-3.92770e-01,-0.057,0.062
-3.92760e-01,-0.053,0.06
-3.92750e-01,-0.061,0.062
-3.92740e-01,-0.057,0.062
-3.92730e-01,-0.061,0.064
-3.92720e-01,-0.061,0.064
-3.92710e-01,-0.053,0.058
-3.92700e-01,-0.053,0.058
-3.92690e-01,-0.057,0.062
-3.92680e-01,-0.061,0.064
-3.92670e-01,-0.061,0.062
-3.92660e-01,-0.059,0.064
-3.92650e-01,-0.061,0.064
-3.92640e-01,-0.059,0.062
-3.92630e-01,-0.051,0.058
-3.92620e-01,-0.045,0.052
-3.92610e-01,-0.065,0.062
-3.92600e-01,-0.057,0.06
-3.92590e-01,-0.061,0.062
-3.92580e-01,-0.055,0.06
-3.92570e-01,-0.059,0.064
-3.92560e-01,-0.063,0.062
-3.92550e-01,-0.063,0.066
-3.92540e-01,-0.057,0.062
-3.92530e-01,-0.057,0.062
-3.92520e-01,-0.061,0.064
-3.92510e-01,-0.063,0.062
-3.92500e-01,-0.059,0.06
-3.92490e-01,-0.059,0.064
-3.92480e-01,-0.059,0.062
-3.92470e-01,-0.059,0.062
-3.92460e-01,-0.055,0.056
-3.92450e-01,-0.063,0.064
-3.92440e-01,-0.053,0.058
-3.92430e-01,-0.055,0.064
-3.92420e-01,-0.061,0.062
-3.92410e-01,-0.043,0.05
-3.92400e-01,-0.055,0.056
-3.92390e-01,-0.061,0.064
-3.92380e-01,-0.059,0.062
-3.92370e-01,-0.059,0.064
-3.92360e-01,-0.061,0.064
-3.92350e-01,-0.057,0.06
-3.92340e-01,-0.059,0.062
-3.92330e-01,-0.061,0.062
-3.92320e-01,-0.055,0.062
-3.92310e-01,-0.055,0.058
-3.92300e-01,-0.053,0.054
-3.92290e-01,-0.051,0.056
-3.92280e-01,-0.053,0.058
-3.92270e-01,-0.057,0.06
-3.92260e-01,-0.053,0.058
-3.92250e-01,-0.057,0.06
-3.92240e-01,-0.053,0.058
-3.92230e-01,-0.051,0.054
-3.92220e-01,-0.047,0.056
-3.92210e-01,-0.059,0.062
-3.92200e-01,-0.061,0.064
-3.92190e-01,-0.057,0.058
-3.92180e-01,-0.059,0.068
-3.92170e-01,-0.061,0.064
-3.92160e-01,-0.059,0.064
-3.92150e-01,-0.061,0.066
-3.92140e-01,-0.059,0.066
-3.92130e-01,-0.059,0.062
-3.92120e-01,-0.061,0.064
-3.92110e-01,-0.057,0.062
-3.92100e-01,-0.061,0.064
-3.92090e-01,-0.057,0.06
-3.92080e-01,-0.061,0.064
-3.92070e-01,-0.059,0.066
-3.92060e-01,-0.059,0.062
-3.92050e-01,-0.057,0.062
-3.92040e-01,-0.057,0.06
-3.92030e-01,-0.059,0.064
-3.92020e-01,-0.057,0.066
-3.92010e-01,-0.057,0.064
-3.92000e-01,-0.059,0.062
-3.91990e-01,-0.059,0.064
-3.91980e-01,-0.059,0.062
-3.91970e-01,-0.061,0.064
-3.91960e-01,-0.057,0.06
-3.91950e-01,-0.061,0.066
-3.91940e-01,-0.059,0.064
-3.91930e-01,-0.053,0.06
-3.91920e-01,-0.061,0.06
-3.91910e-01,-0.059,0.066
-3.91900e-01,-0.061,0.064
-3.91890e-01,-0.059,0.064
-3.91880e-01,-0.061,0.064
-3.91870e-01,-0.059,0.06
-3.91860e-01,-0.057,0.06
-3.91850e-01,-0.057,0.06
-3.91840e-01,-0.053,0.056
-3.91830e-01,-0.059,0.064
-3.91820e-01,-0.061,0.064
-3.91810e-01,-0.059,0.064
-3.91800e-01,-0.059,0.064
-3.91790e-01,-0.061,0.062
-3.91780e-01,-0.057,0.062
-3.91770e-01,-0.061,0.064
-3.91760e-01,-0.059,0.066
-3.91750e-01,-0.057,0.06
-3.91740e-01,-0.055,0.06
-3.91730e-01,-0.059,0.064
-3.91720e-01,-0.059,0.064
-3.91710e-01,-0.057,0.062
-3.91700e-01,-0.059,0.064
-3.91690e-01,-0.057,0.06
-3.91680e-01,-0.061,0.064
-3.91670e-01,-0.051,0.056
-3.91660e-01,-0.059,0.064
-3.91650e-01,-0.055,0.06
-3.91640e-01,-0.057,0.062
-3.91630e-01,-0.059,0.062
-3.91620e-01,-0.051,0.058
-3.91610e-01,-0.055,0.058
-3.91600e-01,-0.057,0.062
-3.91590e-01,-0.059,0.068
-3.91580e-01,-0.061,0.06
-3.91570e-01,-0.053,0.06
-3.91560e-01,-0.061,0.062
-3.91550e-01,-0.059,0.06
-3.91540e-01,-0.051,0.056
-3.91530e-01,-0.051,0.054
-3.91520e-01,-0.051,0.056
-3.91510e-01,-0.053,0.06
-3.91500e-01,-0.041,0.048
-3.91490e-01,-0.053,0.062
-3.91480e-01,-0.059,0.062
-3.91470e-01,-0.061,0.06
-3.91460e-01,-0.053,0.062
-3.91450e-01,-0.055,0.06
-3.91440e-01,-0.047,0.054
-3.91430e-01,-0.055,0.062
-3.91420e-01,-0.057,0.06
-3.91410e-01,-0.061,0.062
-3.91400e-01,-0.059,0.06
-3.91390e-01,-0.059,0.062
-3.91380e-01,-0.057,0.06
-3.91370e-01,-0.059,0.062
-3.91360e-01,-0.061,0.064
-3.91350e-01,-0.055,0.062
-3.91340e-01,-0.061,0.062
-3.91330e-01,-0.059,0.064
-3.91320e-01,-0.057,0.06
-3.91310e-01,-0.059,0.064
-3.91300e-01,-0.059,0.064
-3.91290e-01,-0.063,0.062
-3.91280e-01,-0.059,0.06
-3.91270e-01,-0.059,0.06
-3.91260e-01,-0.057,0.062
-3.91250e-01,-0.059,0.062
-3.91240e-01,-0.057,0.062
-3.91230e-01,-0.057,0.06
-3.91220e-01,-0.059,0.06
-3.91210e-01,-0.051,0.054
-3.91200e-01,-0.055,0.06
-3.91190e-01,-0.061,0.062
-3.91180e-01,-0.055,0.06
-3.91170e-01,-0.059,0.064
-3.91160e-01,-0.053,0.058
-3.91150e-01,-0.057,0.06
-3.91140e-01,-0.057,0.064
-3.91130e-01,-0.061,0.06
-3.91120e-01,-0.049,0.06
-3.91110e-01,-0.061,0.066
-3.91100e-01,-0.055,0.062
-3.91090e-01,-0.059,0.066
-3.91080e-01,-0.055,0.06
-3.91070e-01,-0.057,0.064
-3.91060e-01,-0.059,0.064
-3.91050e-01,-0.059,0.064
-3.91040e-01,-0.059,0.06
-3.91030e-01,-0.061,0.066
-3.91020e-01,-0.057,0.06
-3.91010e-01,-0.053,0.056
-3.91000e-01,-0.057,0.06
-3.90990e-01,-0.053,0.058
-3.90980e-01,-0.051,0.058
-3.90970e-01,-0.057,0.064
-3.90960e-01,-0.061,0.064
-3.90950e-01,-0.065,0.062
-3.90940e-01,-0.065,0.064
-3.90930e-01,-0.049,0.056
-3.90920e-01,-0.063,0.062
-3.90910e-01,-0.057,0.06
-3.90900e-01,-0.059,0.062
-3.90890e-01,-0.057,0.06
-3.90880e-01,-0.059,0.064
-3.90870e-01,-0.057,0.062
-3.90860e-01,-0.059,0.062
-3.90850e-01,-0.063,0.066
-3.90840e-01,-0.057,0.064
-3.90830e-01,-0.063,0.064
-3.90820e-01,-0.061,0.064
-3.90810e-01,-0.061,0.064
-3.90800e-01,-0.061,0.064
-3.90790e-01,-0.061,0.064
-3.90780e-01,-0.059,0.062
-3.90770e-01,-0.047,0.054
-3.90760e-01,-0.057,0.06
-3.90750e-01,-0.053,0.06
-3.90740e-01,-0.053,0.06
-3.90730e-01,-0.045,0.05
-3.90720e-01,-0.059,0.064
-3.90710e-01,-0.059,0.066
-3.90700e-01,-0.059,0.06
-3.90690e-01,-0.059,0.064
-3.90680e-01,-0.061,0.064
-3.90670e-01,-0.049,0.056
-3.90660e-01,-0.057,0.06
-3.90650e-01,-0.059,0.06
-3.90640e-01,-0.059,0.064
-3.90630e-01,-0.059,0.062
-3.90620e-01,-0.057,0.062
-3.90610e-01,-0.059,0.064
-3.90600e-01,-0.057,0.06
-3.90590e-01,-0.053,0.06
-3.90580e-01,-0.061,0.062
-3.90570e-01,-0.063,0.066
-3.90560e-01,-0.061,0.064
-3.90550e-01,-0.053,0.056
-3.90540e-01,-0.061,0.064
-3.90530e-01,-0.057,0.062
-3.90520e-01,-0.057,0.06
-3.90510e-01,-0.061,0.064
-3.90500e-01,-0.055,0.06
-3.90490e-01,-0.061,0.062
-3.90480e-01,-0.055,0.064
-3.90470e-01,-0.063,0.064
-3.90460e-01,-0.061,0.062
-3.90450e-01,-0.061,0.064
-3.90440e-01,-0.059,0.06
-3.90430e-01,-0.053,0.06
-3.90420e-01,-0.055,0.06
-3.90410e-01,-0.063,0.066
-3.90400e-01,-0.053,0.06
-3.90390e-01,-0.063,0.064
-3.90380e-01,-0.053,0.056
-3.90370e-01,-0.057,0.06
-3.90360e-01,-0.051,0.054
-3.90350e-01,-0.039,0.046
-3.90340e-01,-0.035,0.042
-3.90330e-01,-0.057,0.064
-3.90320e-01,-0.057,0.064
-3.90310e-01,-0.057,0.06
-3.90300e-01,-0.057,0.06
-3.90290e-01,-0.055,0.058
-3.90280e-01,-0.053,0.056
-3.90270e-01,-0.047,0.052
-3.90260e-01,-0.059,0.064
-3.90250e-01,-0.059,0.062
-3.90240e-01,-0.061,0.064
-3.90230e-01,-0.061,0.06
-3.90220e-01,-0.053,0.06
-3.90210e-01,-0.061,0.064
-3.90200e-01,-0.063,0.062
-3.90190e-01,-0.061,0.062
-3.90180e-01,-0.061,0.062
-3.90170e-01,-0.059,0.062
-3.90160e-01,-0.059,0.064
-3.90150e-01,-0.055,0.06
-3.90140e-01,-0.061,0.062
-3.90130e-01,-0.061,0.064
-3.90120e-01,-0.059,0.066
-3.90110e-01,-0.055,0.06
-3.90100e-01,-0.059,0.064
-3.90090e-01,-0.059,0.062
-3.90080e-01,-0.063,0.066
-3.90070e-01,-0.061,0.06
-3.90060e-01,-0.061,0.064
-3.90050e-01,-0.061,0.064
-3.90040e-01,-0.059,0.062
-3.90030e-01,-0.061,0.062
-3.90020e-01,-0.061,0.066
-3.90010e-01,-0.061,0.064
-3.90000e-01,-0.057,0.06
-3.89990e-01,-0.063,0.062
-3.89980e-01,-0.057,0.06
-3.89970e-01,-0.053,0.064
-3.89960e-01,-0.057,0.062
-3.89950e-01,-0.061,0.064
-3.89940e-01,-0.055,0.058
-3.89930e-01,-0.061,0.064
-3.89920e-01,-0.055,0.06
-3.89910e-01,-0.053,0.06
-3.89900e-01,-0.061,0.064
-3.89890e-01,-0.057,0.06
-3.89880e-01,-0.065,0.064
-3.89870e-01,-0.057,0.06
-3.89860e-01,-0.053,0.06
-3.89850e-01,-0.053,0.056
-3.89840e-01,-0.059,0.066
-3.89830e-01,-0.055,0.056
-3.89820e-01,-0.063,0.064
-3.89810e-01,-0.061,0.064
-3.89800e-01,-0.061,0.066
-3.89790e-01,-0.063,0.062
-3.89780e-01,-0.061,0.064
-3.89770e-01,-0.057,0.062
-3.89760e-01,-0.061,0.064
-3.89750e-01,-0.059,0.062
-3.89740e-01,-0.061,0.068
-3.89730e-01,-0.063,0.064
-3.89720e-01,-0.059,0.062
-3.89710e-01,-0.061,0.062
-3.89700e-01,-0.053,0.056
-3.89690e-01,-0.063,0.066
-3.89680e-01,-0.059,0.064
-3.89670e-01,-0.057,0.06
-3.89660e-01,-0.059,0.062
-3.89650e-01,-0.055,0.06
-3.89640e-01,-0.057,0.062
-3.89630e-01,-0.063,0.06
-3.89620e-01,-0.055,0.06
-3.89610e-01,-0.057,0.06
-3.89600e-01,-0.063,0.064
-3.89590e-01,-0.061,0.064
-3.89580e-01,-0.061,0.064
-3.89570e-01,-0.059,0.068
-3.89560e-01,-0.057,0.062
-3.89550e-01,-0.061,0.064
-3.89540e-01,-0.059,0.064
-3.89530e-01,-0.059,0.062
-3.89520e-01,-0.057,0.064
-3.89510e-01,-0.061,0.064
-3.89500e-01,-0.059,0.062
-3.89490e-01,-0.063,0.062
-3.89480e-01,-0.057,0.066
-3.89470e-01,-0.057,0.062
-3.89460e-01,-0.057,0.06
-3.89450e-01,-0.057,0.06
-3.89440e-01,-0.057,0.062
-3.89430e-01,-0.059,0.06
-3.89420e-01,-0.061,0.062
-3.89410e-01,-0.061,0.06
-3.89400e-01,-0.061,0.064
-3.89390e-01,-0.061,0.064
-3.89380e-01,-0.059,0.058
-3.89370e-01,-0.059,0.064
-3.89360e-01,-0.053,0.06
-3.89350e-01,-0.065,0.064
-3.89340e-01,-0.053,0.06
-3.89330e-01,-0.057,0.06
-3.89320e-01,-0.055,0.062
-3.89310e-01,-0.059,0.06
-3.89300e-01,-0.057,0.066
-3.89290e-01,-0.063,0.062
-3.89280e-01,-0.059,0.064
-3.89270e-01,-0.055,0.058
-3.89260e-01,-0.059,0.064
-3.89250e-01,-0.053,0.058
-3.89240e-01,-0.059,0.062
-3.89230e-01,-0.055,0.06
-3.89220e-01,-0.059,0.064
-3.89210e-01,-0.043,0.05
-3.89200e-01,-0.053,0.058
-3.89190e-01,-0.055,0.054
-3.89180e-01,-0.055,0.06
-3.89170e-01,-0.047,0.05
-3.89160e-01,-0.043,0.05
-3.89150e-01,-0.043,0.05
-3.89140e-01,-0.053,0.058
-3.89130e-01,-0.049,0.05
-3.89120e-01,-0.051,0.058
-3.89110e-01,-0.053,0.054
-3.89100e-01,-0.061,0.064
-3.89090e-01,-0.065,0.062
-3.89080e-01,-0.061,0.062
-3.89070e-01,-0.061,0.068
-3.89060e-01,-0.065,0.064
-3.89050e-01,-0.061,0.06
-3.89040e-01,-0.061,0.068
-3.89030e-01,-0.059,0.064
-3.89020e-01,-0.051,0.058
-3.89010e-01,-0.059,0.064
-3.89000e-01,-0.047,0.056
-3.88990e-01,-0.055,0.062
-3.88980e-01,-0.055,0.064
-3.88970e-01,-0.053,0.06
-3.88960e-01,-0.055,0.064
-3.88950e-01,-0.063,0.06
-3.88940e-01,-0.049,0.054
-3.88930e-01,-0.059,0.06
-3.88920e-01,-0.061,0.062
-3.88910e-01,-0.057,0.066
-3.88900e-01,-0.061,0.064
-3.88890e-01,-0.063,0.064
-3.88880e-01,-0.059,0.062
-3.88870e-01,-0.059,0.062
-3.88860e-01,-0.059,0.062
-3.88850e-01,-0.061,0.064
-3.88840e-01,-0.055,0.06
-3.88830e-01,-0.057,0.064
-3.88820e-01,-0.061,0.064
-3.88810e-01,-0.055,0.064
-3.88800e-01,-0.057,0.062
-3.88790e-01,-0.051,0.054
-3.88780e-01,-0.065,0.062
-3.88770e-01,-0.053,0.058
-3.88760e-01,-0.063,0.066
-3.88750e-01,-0.065,0.064
-3.88740e-01,-0.057,0.062
-3.88730e-01,-0.059,0.06
-3.88720e-01,-0.063,0.062
-3.88710e-01,-0.057,0.062
-3.88700e-01,-0.055,0.058
-3.88690e-01,-0.053,0.058
-3.88680e-01,-0.053,0.056
-3.88670e-01,-0.059,0.064
-3.88660e-01,-0.055,0.06
-3.88650e-01,-0.061,0.066
-3.88640e-01,-0.059,0.062
-3.88630e-01,-0.057,0.062
-3.88620e-01,-0.061,0.062
-3.88610e-01,-0.055,0.056
-3.88600e-01,-0.061,0.064
-3.88590e-01,-0.045,0.054
-3.88580e-01,-0.063,0.066
-3.88570e-01,-0.057,0.062
-3.88560e-01,-0.055,0.058
-3.88550e-01,-0.063,0.06
-3.88540e-01,-0.059,0.062
-3.88530e-01,-0.061,0.06
-3.88520e-01,-0.059,0.066
-3.88510e-01,-0.057,0.06
-3.88500e-01,-0.061,0.064
-3.88490e-01,-0.057,0.056
-3.88480e-01,-0.057,0.056
-3.88470e-01,-0.057,0.058
-3.88460e-01,-0.057,0.06
-3.88450e-01,-0.063,0.066
-3.88440e-01,-0.057,0.06
-3.88430e-01,-0.053,0.058
-3.88420e-01,-0.057,0.058
-3.88410e-01,-0.055,0.056
-3.88400e-01,-0.053,0.056
-3.88390e-01,-0.061,0.064
-3.88380e-01,-0.061,0.064
-3.88370e-01,-0.059,0.064
-3.88360e-01,-0.063,0.066
-3.88350e-01,-0.063,0.066
-3.88340e-01,-0.059,0.062
-3.88330e-01,-0.061,0.064
-3.88320e-01,-0.063,0.064
-3.88310e-01,-0.057,0.062
-3.88300e-01,-0.061,0.062
-3.88290e-01,-0.057,0.06
-3.88280e-01,-0.065,0.064
-3.88270e-01,-0.059,0.064
-3.88260e-01,-0.063,0.062
-3.88250e-01,-0.061,0.066
-3.88240e-01,-0.061,0.066
-3.88230e-01,-0.059,0.066
-3.88220e-01,-0.061,0.064
-3.88210e-01,-0.055,0.066
-3.88200e-01,-0.063,0.064
-3.88190e-01,-0.061,0.064
-3.88180e-01,-0.061,0.062
-3.88170e-01,-0.061,0.064
-3.88160e-01,-0.061,0.064
-3.88150e-01,-0.055,0.058
-3.88140e-01,-0.055,0.062
-3.88130e-01,-0.063,0.062
-3.88120e-01,-0.065,0.062
-3.88110e-01,-0.059,0.066
-3.88100e-01,-0.061,0.066
-3.88090e-01,-0.063,0.066
-3.88080e-01,-0.063,0.062
-3.88070e-01,-0.059,0.06
-3.88060e-01,-0.061,0.066
-3.88050e-01,-0.061,0.064
-3.88040e-01,-0.059,0.064
-3.88030e-01,-0.061,0.062
-3.88020e-01,-0.057,0.062
-3.88010e-01,-0.059,0.064
-3.88000e-01,-0.059,0.066
-3.87990e-01,-0.063,0.064
-3.87980e-01,-0.061,0.066
-3.87970e-01,-0.067,0.064
-3.87960e-01,-0.059,0.062
-3.87950e-01,-0.063,0.064
-3.87940e-01,-0.057,0.06
-3.87930e-01,-0.063,0.064
-3.87920e-01,-0.059,0.06
-3.87910e-01,-0.063,0.064
-3.87900e-01,-0.059,0.064
-3.87890e-01,-0.059,0.06
-3.87880e-01,-0.063,0.06
-3.87870e-01,-0.063,0.064
-3.87860e-01,-0.059,0.06
-3.87850e-01,-0.053,0.06
-3.87840e-01,-0.059,0.064
-3.87830e-01,-0.055,0.058
-3.87820e-01,-0.057,0.064
-3.87810e-01,-0.059,0.06
-3.87800e-01,-0.063,0.062
-3.87790e-01,-0.059,0.062
-3.87780e-01,-0.061,0.064
-3.87770e-01,-0.057,0.066
-3.87760e-01,-0.055,0.062
-3.87750e-01,-0.055,0.058
-3.87740e-01,-0.061,0.064
-3.87730e-01,-0.061,0.062
-3.87720e-01,-0.063,0.064
-3.87710e-01,-0.061,0.062
-3.87700e-01,-0.059,0.064
-3.87690e-01,-0.061,0.064
-3.87680e-01,-0.061,0.062
-3.87670e-01,-0.059,0.064
-3.87660e-01,-0.061,0.062
-3.87650e-01,-0.059,0.066
-3.87640e-01,-0.057,0.06
-3.87630e-01,-0.061,0.064
-3.87620e-01,-0.059,0.064
-3.87610e-01,-0.055,0.062
-3.87600e-01,-0.061,0.06
-3.87590e-01,-0.061,0.064
-3.87580e-01,-0.061,0.062
-3.87570e-01,-0.053,0.06
-3.87560e-01,-0.061,0.064
-3.87550e-01,-0.059,0.06
-3.87540e-01,-0.059,0.064
-3.87530e-01,-0.055,0.062
-3.87520e-01,-0.059,0.064
-3.87510e-01,-0.061,0.064
-3.87500e-01,-0.055,0.064
-3.87490e-01,-0.059,0.066
-3.87480e-01,-0.061,0.064
-3.87470e-01,-0.059,0.066
-3.87460e-01,-0.057,0.064
-3.87450e-01,-0.059,0.062
-3.87440e-01,-0.065,0.066
-3.87430e-01,-0.063,0.062
-3.87420e-01,-0.059,0.066
-3.87410e-01,-0.061,0.062
-3.87400e-01,-0.063,0.062
-3.87390e-01,-0.061,0.06
-3.87380e-01,-0.059,0.064
-3.87370e-01,-0.061,0.06
-3.87360e-01,-0.059,0.062
-3.87350e-01,-0.061,0.064
-3.87340e-01,-0.059,0.062
-3.87330e-01,-0.061,0.066
-3.87320e-01,-0.061,0.066
-3.87310e-01,-0.059,0.06
-3.87300e-01,-0.059,0.062
-3.87290e-01,-0.061,0.064
-3.87280e-01,-0.057,0.06
-3.87270e-01,-0.061,0.066
-3.87260e-01,-0.053,0.06
-3.87250e-01,-0.051,0.054
-3.87240e-01,-0.061,0.064
-3.87230e-01,-0.059,0.064
-3.87220e-01,-0.059,0.06
-3.87210e-01,-0.047,0.054
-3.87200e-01,-0.055,0.06
-3.87190e-01,-0.053,0.056
-3.87180e-01,-0.057,0.06
-3.87170e-01,-0.047,0.054
-3.87160e-01,-0.055,0.062
-3.87150e-01,-0.059,0.064
-3.87140e-01,-0.059,0.064
-3.87130e-01,-0.057,0.058
-3.87120e-01,-0.055,0.062
-3.87110e-01,-0.057,0.06
-3.87100e-01,-0.059,0.066
-3.87090e-01,-0.061,0.064
-3.87080e-01,-0.057,0.058
-3.87070e-01,-0.055,0.06
-3.87060e-01,-0.047,0.05
-3.87050e-01,-0.051,0.056
-3.87040e-01,-0.049,0.056
-3.87030e-01,-0.059,0.064
-3.87020e-01,-0.063,0.062
-3.87010e-01,-0.061,0.064
-3.87000e-01,-0.063,0.064
-3.86990e-01,-0.057,0.06
-3.86980e-01,-0.061,0.066
-3.86970e-01,-0.059,0.06
-3.86960e-01,-0.059,0.066
-3.86950e-01,-0.055,0.054
-3.86940e-01,-0.059,0.062
-3.86930e-01,-0.059,0.064
-3.86920e-01,-0.059,0.064
-3.86910e-01,-0.061,0.064
-3.86900e-01,-0.059,0.062
-3.86890e-01,-0.059,0.064
-3.86880e-01,-0.063,0.064
-3.86870e-01,-0.059,0.064
-3.86860e-01,-0.059,0.066
-3.86850e-01,-0.061,0.064
-3.86840e-01,-0.053,0.058
-3.86830e-01,-0.061,0.064
-3.86820e-01,-0.061,0.064
-3.86810e-01,-0.059,0.06
-3.86800e-01,-0.059,0.062
-3.86790e-01,-0.059,0.06
-3.86780e-01,-0.059,0.066
-3.86770e-01,-0.061,0.064
-3.86760e-01,-0.057,0.06
-3.86750e-01,-0.059,0.064
-3.86740e-01,-0.053,0.056
-3.86730e-01,-0.061,0.064
-3.86720e-01,-0.055,0.06
-3.86710e-01,-0.061,0.064
-3.86700e-01,-0.057,0.06
-3.86690e-01,-0.059,0.064
-3.86680e-01,-0.059,0.064
-3.86670e-01,-0.061,0.062
-3.86660e-01,-0.061,0.064
-3.86650e-01,-0.061,0.064
-3.86640e-01,-0.063,0.064
-3.86630e-01,-0.059,0.062
-3.86620e-01,-0.055,0.06
-3.86610e-01,-0.059,0.06
-3.86600e-01,-0.059,0.062
-3.86590e-01,-0.061,0.068
-3.86580e-01,-0.061,0.06
-3.86570e-01,-0.045,0.054
-3.86560e-01,-0.053,0.06
-3.86550e-01,-0.057,0.06
-3.86540e-01,-0.061,0.064
-3.86530e-01,-0.059,0.062
-3.86520e-01,-0.059,0.06
-3.86510e-01,-0.057,0.06
-3.86500e-01,-0.063,0.066
-3.86490e-01,-0.049,0.052
-3.86480e-01,-0.055,0.058
-3.86470e-01,-0.059,0.06
-3.86460e-01,-0.055,0.06
-3.86450e-01,-0.051,0.06
-3.86440e-01,-0.045,0.05
-3.86430e-01,-0.051,0.056
-3.86420e-01,-0.041,0.05
-3.86410e-01,-0.055,0.06
-3.86400e-01,-0.059,0.062
-3.86390e-01,-0.063,0.064
-3.86380e-01,-0.061,0.064
-3.86370e-01,-0.059,0.06
-3.86360e-01,-0.063,0.062
-3.86350e-01,-0.057,0.064
-3.86340e-01,-0.061,0.064
-3.86330e-01,-0.059,0.06
-3.86320e-01,-0.063,0.062
-3.86310e-01,-0.063,0.064
-3.86300e-01,-0.061,0.062
-3.86290e-01,-0.061,0.062
-3.86280e-01,-0.061,0.064
-3.86270e-01,-0.063,0.062
-3.86260e-01,-0.061,0.06
-3.86250e-01,-0.065,0.064
-3.86240e-01,-0.059,0.06
-3.86230e-01,-0.059,0.06
-3.86220e-01,-0.061,0.064
-3.86210e-01,-0.063,0.064
-3.86200e-01,-0.065,0.066
-3.86190e-01,-0.059,0.062
-3.86180e-01,-0.049,0.058
-3.86170e-01,-0.059,0.06
-3.86160e-01,-0.059,0.064
-3.86150e-01,-0.059,0.064
-3.86140e-01,-0.061,0.066
-3.86130e-01,-0.059,0.06
-3.86120e-01,-0.063,0.064
-3.86110e-01,-0.059,0.06
-3.86100e-01,-0.059,0.064
-3.86090e-01,-0.061,0.066
-3.86080e-01,-0.063,0.066
-3.86070e-01,-0.061,0.064
-3.86060e-01,-0.059,0.064
-3.86050e-01,-0.059,0.062
-3.86040e-01,-0.059,0.064
-3.86030e-01,-0.061,0.06
-3.86020e-01,-0.059,0.064
-3.86010e-01,-0.063,0.066
-3.86000e-01,-0.057,0.06
-3.85990e-01,-0.059,0.06
-3.85980e-01,-0.061,0.06
-3.85970e-01,-0.063,0.06
-3.85960e-01,-0.055,0.062
-3.85950e-01,-0.061,0.062
-3.85940e-01,-0.059,0.062
-3.85930e-01,-0.059,0.064
-3.85920e-01,-0.057,0.066
-3.85910e-01,-0.057,0.06
-3.85900e-01,-0.061,0.062
-3.85890e-01,-0.057,0.06
-3.85880e-01,-0.065,0.064
-3.85870e-01,-0.063,0.064
-3.85860e-01,-0.059,0.064
-3.85850e-01,-0.061,0.064
-3.85840e-01,-0.065,0.064
-3.85830e-01,-0.063,0.066
-3.85820e-01,-0.063,0.064
-3.85810e-01,-0.057,0.062
-3.85800e-01,-0.059,0.064
-3.85790e-01,-0.061,0.062
-3.85780e-01,-0.061,0.066
-3.85770e-01,-0.057,0.064
-3.85760e-01,-0.059,0.068
-3.85750e-01,-0.061,0.064
-3.85740e-01,-0.059,0.062
-3.85730e-01,-0.061,0.062
-3.85720e-01,-0.057,0.06
-3.85710e-01,-0.053,0.06
-3.85700e-01,-0.051,0.056
-3.85690e-01,-0.059,0.062
-3.85680e-01,-0.053,0.056
-3.85670e-01,-0.055,0.06
-3.85660e-01,-0.057,0.06
-3.85650e-01,-0.057,0.062
-3.85640e-01,-0.059,0.064
-3.85630e-01,-0.051,0.056
-3.85620e-01,-0.059,0.06
-3.85610e-01,-0.055,0.056
-3.85600e-01,-0.063,0.064
-3.85590e-01,-0.059,0.06
-3.85580e-01,-0.055,0.06
-3.85570e-01,-0.047,0.052
-3.85560e-01,-0.057,0.06
-3.85550e-01,-0.045,0.05
-3.85540e-01,-0.059,0.06
-3.85530e-01,-0.059,0.064
-3.85520e-01,-0.057,0.06
-3.85510e-01,-0.057,0.064
-3.85500e-01,-0.057,0.062
-3.85490e-01,-0.059,0.064
-3.85480e-01,-0.055,0.062
-3.85470e-01,-0.061,0.064
-3.85460e-01,-0.059,0.064
-3.85450e-01,-0.061,0.06
-3.85440e-01,-0.059,0.06
-3.85430e-01,-0.061,0.064
-3.85420e-01,-0.059,0.06
-3.85410e-01,-0.057,0.06
-3.85400e-01,-0.051,0.058
-3.85390e-01,-0.063,0.06
-3.85380e-01,-0.065,0.06
-3.85370e-01,-0.061,0.064
-3.85360e-01,-0.055,0.06
-3.85350e-01,-0.061,0.064
-3.85340e-01,-0.055,0.06
-3.85330e-01,-0.061,0.064
-3.85320e-01,-0.063,0.064
-3.85310e-01,-0.055,0.06
-3.85300e-01,-0.061,0.064
-3.85290e-01,-0.053,0.058
-3.85280e-01,-0.055,0.062
-3.85270e-01,-0.059,0.062
-3.85260e-01,-0.057,0.06
-3.85250e-01,-0.061,0.062
-3.85240e-01,-0.059,0.06
-3.85230e-01,-0.053,0.058
-3.85220e-01,-0.057,0.06
-3.85210e-01,-0.059,0.062
-3.85200e-01,-0.055,0.056
-3.85190e-01,-0.061,0.062
-3.85180e-01,-0.055,0.06
-3.85170e-01,-0.059,0.066
-3.85160e-01,-0.061,0.064
-3.85150e-01,-0.061,0.06
-3.85140e-01,-0.057,0.062
-3.85130e-01,-0.061,0.064
-3.85120e-01,-0.055,0.066
-3.85110e-01,-0.061,0.064
-3.85100e-01,-0.061,0.064
-3.85090e-01,-0.061,0.066
-3.85080e-01,-0.063,0.06
-3.85070e-01,-0.051,0.056
-3.85060e-01,-0.063,0.062
-3.85050e-01,-0.055,0.06
-3.85040e-01,-0.059,0.064
-3.85030e-01,-0.061,0.062
-3.85020e-01,-0.057,0.064
-3.85010e-01,-0.057,0.06
-3.85000e-01,-0.059,0.06
-3.84990e-01,-0.057,0.06
-3.84980e-01,-0.057,0.06
-3.84970e-01,-0.043,0.046
-3.84960e-01,-0.059,0.06
-3.84950e-01,-0.047,0.05
-3.84940e-01,-0.053,0.06
-3.84930e-01,-0.045,0.05
-3.84920e-01,-0.055,0.06
-3.84910e-01,-0.059,0.06
-3.84900e-01,-0.061,0.064
-3.84890e-01,-0.053,0.056
-3.84880e-01,-0.059,0.06
-3.84870e-01,-0.053,0.058
-3.84860e-01,-0.055,0.062
-3.84850e-01,-0.061,0.064
-3.84840e-01,-0.059,0.06
-3.84830e-01,-0.061,0.062
-3.84820e-01,-0.061,0.064
-3.84810e-01,-0.065,0.064
-3.84800e-01,-0.061,0.064
-3.84790e-01,-0.063,0.062
-3.84780e-01,-0.063,0.064
-3.84770e-01,-0.061,0.064
-3.84760e-01,-0.059,0.068
-3.84750e-01,-0.063,0.066
-3.84740e-01,-0.051,0.056
-3.84730e-01,-0.063,0.064
-3.84720e-01,-0.051,0.056
-3.84710e-01,-0.061,0.062
-3.84700e-01,-0.049,0.052
-3.84690e-01,-0.057,0.062
-3.84680e-01,-0.061,0.06
-3.84670e-01,-0.047,0.046
-3.84660e-01,-0.059,0.06
-3.84650e-01,-0.053,0.058
-3.84640e-01,-0.061,0.066
-3.84630e-01,-0.061,0.068
-3.84620e-01,-0.057,0.056
-3.84610e-01,-0.057,0.062
-3.84600e-01,-0.063,0.062
-3.84590e-01,-0.063,0.064
-3.84580e-01,-0.059,0.064
-3.84570e-01,-0.053,0.06
-3.84560e-01,-0.061,0.064
-3.84550e-01,-0.057,0.062
-3.84540e-01,-0.059,0.06
-3.84530e-01,-0.065,0.064
-3.84520e-01,-0.051,0.06
-3.84510e-01,-0.057,0.06
-3.84500e-01,-0.055,0.06
-3.84490e-01,-0.059,0.06
-3.84480e-01,-0.051,0.058
-3.84470e-01,-0.063,0.064
-3.84460e-01,-0.049,0.058
-3.84450e-01,-0.057,0.064
-3.84440e-01,-0.061,0.062
-3.84430e-01,-0.057,0.06
-3.84420e-01,-0.057,0.062
-3.84410e-01,-0.059,0.064
-3.84400e-01,-0.059,0.064
-3.84390e-01,-0.061,0.064
-3.84380e-01,-0.053,0.06
-3.84370e-01,-0.039,0.046
-3.84360e-01,-0.051,0.054
-3.84350e-01,-0.049,0.052
-3.84340e-01,-0.051,0.058
-3.84330e-01,-0.057,0.06
-3.84320e-01,-0.061,0.06
-3.84310e-01,-0.055,0.06
-3.84300e-01,-0.055,0.056
-3.84290e-01,-0.059,0.06
-3.84280e-01,-0.063,0.062
-3.84270e-01,-0.059,0.064
-3.84260e-01,-0.063,0.06
-3.84250e-01,-0.059,0.062
-3.84240e-01,-0.061,0.064
-3.84230e-01,-0.061,0.064
-3.84220e-01,-0.063,0.068
-3.84210e-01,-0.063,0.064
-3.84200e-01,-0.059,0.062
-3.84190e-01,-0.063,0.064
-3.84180e-01,-0.059,0.06
-3.84170e-01,-0.061,0.062
-3.84160e-01,-0.059,0.064
-3.84150e-01,-0.063,0.062
-3.84140e-01,-0.061,0.066
-3.84130e-01,-0.061,0.064
-3.84120e-01,-0.061,0.064
-3.84110e-01,-0.061,0.064
-3.84100e-01,-0.059,0.06
-3.84090e-01,-0.057,0.06
-3.84080e-01,-0.061,0.064
-3.84070e-01,-0.059,0.066
-3.84060e-01,-0.059,0.064
-3.84050e-01,-0.057,0.06
-3.84040e-01,-0.053,0.06
-3.84030e-01,-0.059,0.066
-3.84020e-01,-0.061,0.066
-3.84010e-01,-0.059,0.064
-3.84000e-01,-0.061,0.066
-3.83990e-01,-0.059,0.06
-3.83980e-01,-0.061,0.064
-3.83970e-01,-0.057,0.06
-3.83960e-01,-0.051,0.054
-3.83950e-01,-0.063,0.064
-3.83940e-01,-0.063,0.064
-3.83930e-01,-0.061,0.068
-3.83920e-01,-0.053,0.058
-3.83910e-01,-0.055,0.06
-3.83900e-01,-0.059,0.06
-3.83890e-01,-0.061,0.06
-3.83880e-01,-0.061,0.06
-3.83870e-01,-0.065,0.062
-3.83860e-01,-0.057,0.062
-3.83850e-01,-0.063,0.06
-3.83840e-01,-0.063,0.064
-3.83830e-01,-0.059,0.06
-3.83820e-01,-0.063,0.064
-3.83810e-01,-0.055,0.062
-3.83800e-01,-0.063,0.06
-3.83790e-01,-0.061,0.062
-3.83780e-01,-0.061,0.064
-3.83770e-01,-0.061,0.066
-3.83760e-01,-0.059,0.062
-3.83750e-01,-0.061,0.062
-3.83740e-01,-0.055,0.056
-3.83730e-01,-0.061,0.066
-3.83720e-01,-0.059,0.064
-3.83710e-01,-0.059,0.064
-3.83700e-01,-0.059,0.066
-3.83690e-01,-0.063,0.064
-3.83680e-01,-0.059,0.06
-3.83670e-01,-0.061,0.062
-3.83660e-01,-0.057,0.06
-3.83650e-01,-0.055,0.06
-3.83640e-01,-0.059,0.062
-3.83630e-01,-0.055,0.06
-3.83620e-01,-0.055,0.06
-3.83610e-01,-0.059,0.062
-3.83600e-01,-0.059,0.064
-3.83590e-01,-0.055,0.064
-3.83580e-01,-0.055,0.06
-3.83570e-01,-0.061,0.066
-3.83560e-01,-0.059,0.062
-3.83550e-01,-0.059,0.062
-3.83540e-01,-0.059,0.064
-3.83530e-01,-0.061,0.064
-3.83520e-01,-0.057,0.064
-3.83510e-01,-0.049,0.056
-3.83500e-01,-0.053,0.06
-3.83490e-01,-0.059,0.062
-3.83480e-01,-0.057,0.06
-3.83470e-01,-0.053,0.058
-3.83460e-01,-0.057,0.06
-3.83450e-01,-0.055,0.06
-3.83440e-01,-0.059,0.062
-3.83430e-01,-0.061,0.064
-3.83420e-01,-0.053,0.06
-3.83410e-01,-0.061,0.062
-3.83400e-01,-0.057,0.06
-3.83390e-01,-0.061,0.062
-3.83380e-01,-0.059,0.06
-3.83370e-01,-0.057,0.06
-3.83360e-01,-0.055,0.058
-3.83350e-01,-0.057,0.06
-3.83340e-01,-0.051,0.056
-3.83330e-01,-0.055,0.06
-3.83320e-01,-0.055,0.058
-3.83310e-01,-0.059,0.064
-3.83300e-01,-0.061,0.062
-3.83290e-01,-0.061,0.064
-3.83280e-01,-0.065,0.064
-3.83270e-01,-0.063,0.064
-3.83260e-01,-0.061,0.064
-3.83250e-01,-0.061,0.064
-3.83240e-01,-0.061,0.064
-3.83230e-01,-0.061,0.064
-3.83220e-01,-0.061,0.062
-3.83210e-01,-0.059,0.06
-3.83200e-01,-0.057,0.064
-3.83190e-01,-0.053,0.058
-3.83180e-01,-0.061,0.064
-3.83170e-01,-0.055,0.06
-3.83160e-01,-0.057,0.06
-3.83150e-01,-0.057,0.064
-3.83140e-01,-0.059,0.062
-3.83130e-01,-0.057,0.058
-3.83120e-01,-0.063,0.064
-3.83110e-01,-0.061,0.064
-3.83100e-01,-0.059,0.066
-3.83090e-01,-0.061,0.064
-3.83080e-01,-0.059,0.062
-3.83070e-01,-0.063,0.062
-3.83060e-01,-0.055,0.06
-3.83050e-01,-0.059,0.064
-3.83040e-01,-0.059,0.062
-3.83030e-01,-0.059,0.06
-3.83020e-01,-0.059,0.064
-3.83010e-01,-0.049,0.054
-3.83000e-01,-0.061,0.064
-3.82990e-01,-0.057,0.06
-3.82980e-01,-0.055,0.062
-3.82970e-01,-0.061,0.064
-3.82960e-01,-0.047,0.052
-3.82950e-01,-0.061,0.064
-3.82940e-01,-0.059,0.062
-3.82930e-01,-0.053,0.058
-3.82920e-01,-0.061,0.066
-3.82910e-01,-0.059,0.064
-3.82900e-01,-0.061,0.06
-3.82890e-01,-0.051,0.054
-3.82880e-01,-0.049,0.054
-3.82870e-01,-0.051,0.056
-3.82860e-01,-0.051,0.058
-3.82850e-01,-0.047,0.054
-3.82840e-01,-0.049,0.056
-3.82830e-01,-0.053,0.058
-3.82820e-01,-0.057,0.058
-3.82810e-01,-0.061,0.066
-3.82800e-01,-0.061,0.062
-3.82790e-01,-0.057,0.064
-3.82780e-01,-0.059,0.064
-3.82770e-01,-0.059,0.06
-3.82760e-01,-0.061,0.064
-3.82750e-01,-0.061,0.064
-3.82740e-01,-0.061,0.064
-3.82730e-01,-0.061,0.06
-3.82720e-01,-0.063,0.062
-3.82710e-01,-0.063,0.064
-3.82700e-01,-0.059,0.064
-3.82690e-01,-0.059,0.062
-3.82680e-01,-0.055,0.06
-3.82670e-01,-0.055,0.06
-3.82660e-01,-0.059,0.066
-3.82650e-01,-0.057,0.062
-3.82640e-01,-0.061,0.064
-3.82630e-01,-0.059,0.06
-3.82620e-01,-0.059,0.06
-3.82610e-01,-0.057,0.06
-3.82600e-01,-0.057,0.06
-3.82590e-01,-0.061,0.062
-3.82580e-01,-0.055,0.058
-3.82570e-01,-0.055,0.06
-3.82560e-01,-0.049,0.054
-3.82550e-01,-0.059,0.062
-3.82540e-01,-0.057,0.062
-3.82530e-01,-0.057,0.06
-3.82520e-01,-0.055,0.06
-3.82510e-01,-0.053,0.056
-3.82500e-01,-0.057,0.062
-3.82490e-01,-0.061,0.064
-3.82480e-01,-0.055,0.058
-3.82470e-01,-0.051,0.06
-3.82460e-01,-0.047,0.046
-3.82450e-01,-0.053,0.054
-3.82440e-01,-0.057,0.058
-3.82430e-01,-0.061,0.066
-3.82420e-01,-0.063,0.062
-3.82410e-01,-0.057,0.062
-3.82400e-01,-0.063,0.062
-3.82390e-01,-0.051,0.058
-3.82380e-01,-0.055,0.06
-3.82370e-01,-0.055,0.06
-3.82360e-01,-0.053,0.058
-3.82350e-01,-0.059,0.06
-3.82340e-01,-0.059,0.06
-3.82330e-01,-0.061,0.062
-3.82320e-01,-0.059,0.062
-3.82310e-01,-0.057,0.064
-3.82300e-01,-0.045,0.054
-3.82290e-01,-0.053,0.056
-3.82280e-01,-0.045,0.048
-3.82270e-01,-0.055,0.062
-3.82260e-01,-0.059,0.06
-3.82250e-01,-0.061,0.068
-3.82240e-01,-0.057,0.064
-3.82230e-01,-0.057,0.06
-3.82220e-01,-0.045,0.054
-3.82210e-01,-0.061,0.064
-3.82200e-01,-0.061,0.066
-3.82190e-01,-0.061,0.066
-3.82180e-01,-0.063,0.062
-3.82170e-01,-0.061,0.064
-3.82160e-01,-0.059,0.06
-3.82150e-01,-0.053,0.056
-3.82140e-01,-0.053,0.058
-3.82130e-01,-0.055,0.058
-3.82120e-01,-0.061,0.062
-3.82110e-01,-0.057,0.062
-3.82100e-01,-0.061,0.064
-3.82090e-01,-0.061,0.066
-3.82080e-01,-0.063,0.064
-3.82070e-01,-0.059,0.06
-3.82060e-01,-0.059,0.062
-3.82050e-01,-0.057,0.062
-3.82040e-01,-0.067,0.064
-3.82030e-01,-0.059,0.066
-3.82020e-01,-0.053,0.06
-3.82010e-01,-0.059,0.066
-3.82000e-01,-0.055,0.06
-3.81990e-01,-0.061,0.066
-3.81980e-01,-0.057,0.062
-3.81970e-01,-0.057,0.062
-3.81960e-01,-0.055,0.062
-3.81950e-01,-0.047,0.054
-3.81940e-01,-0.063,0.064
-3.81930e-01,-0.057,0.06
-3.81920e-01,-0.059,0.062
-3.81910e-01,-0.061,0.068
-3.81900e-01,-0.057,0.064
-3.81890e-01,-0.055,0.058
-3.81880e-01,-0.033,0.04
-3.81870e-01,-0.045,0.05
-3.81860e-01,-0.049,0.054
-3.81850e-01,-0.063,0.068
-3.81840e-01,-0.059,0.064
-3.81830e-01,-0.057,0.06
-3.81820e-01,-0.057,0.066
-3.81810e-01,-0.063,0.064
-3.81800e-01,-0.061,0.064
-3.81790e-01,-0.061,0.064
-3.81780e-01,-0.059,0.064
-3.81770e-01,-0.065,0.062
-3.81760e-01,-0.059,0.062
-3.81750e-01,-0.059,0.062
-3.81740e-01,-0.061,0.064
-3.81730e-01,-0.061,0.064
-3.81720e-01,-0.057,0.062
-3.81710e-01,-0.051,0.056
-3.81700e-01,-0.051,0.058
-3.81690e-01,-0.047,0.052
-3.81680e-01,-0.047,0.054
-3.81670e-01,-0.053,0.054
-3.81660e-01,-0.061,0.06
-3.81650e-01,-0.059,0.06
-3.81640e-01,-0.061,0.06
-3.81630e-01,-0.047,0.056
-3.81620e-01,-0.059,0.064
-3.81610e-01,-0.059,0.066
-3.81600e-01,-0.065,0.062
-3.81590e-01,-0.063,0.062
-3.81580e-01,-0.061,0.064
-3.81570e-01,-0.057,0.06
-3.81560e-01,-0.057,0.06
-3.81550e-01,-0.059,0.06
-3.81540e-01,-0.059,0.066
-3.81530e-01,-0.061,0.062
-3.81520e-01,-0.063,0.064
-3.81510e-01,-0.061,0.064
-3.81500e-01,-0.059,0.06
-3.81490e-01,-0.061,0.066
-3.81480e-01,-0.063,0.064
-3.81470e-01,-0.059,0.064
-3.81460e-01,-0.061,0.062
-3.81450e-01,-0.061,0.062
-3.81440e-01,-0.057,0.064
-3.81430e-01,-0.057,0.062
-3.81420e-01,-0.061,0.064
-3.81410e-01,-0.059,0.062
-3.81400e-01,-0.061,0.064
-3.81390e-01,-0.063,0.062
-3.81380e-01,-0.059,0.066
-3.81370e-01,-0.057,0.06
-3.81360e-01,-0.063,0.062
-3.81350e-01,-0.061,0.062
-3.81340e-01,-0.061,0.064
-3.81330e-01,-0.057,0.06
-3.81320e-01,-0.061,0.06
-3.81310e-01,-0.061,0.064
-3.81300e-01,-0.059,0.06
-3.81290e-01,-0.059,0.062
-3.81280e-01,-0.059,0.068
-3.81270e-01,-0.055,0.062
-3.81260e-01,-0.061,0.064
-3.81250e-01,-0.051,0.06
-3.81240e-01,-0.063,0.064
-3.81230e-01,-0.059,0.066
-3.81220e-01,-0.045,0.056
-3.81210e-01,-0.059,0.064
-3.81200e-01,-0.061,0.064
-3.81190e-01,-0.061,0.064
-3.81180e-01,-0.057,0.058
-3.81170e-01,-0.059,0.062
-3.81160e-01,-0.059,0.062
-3.81150e-01,-0.059,0.066
-3.81140e-01,-0.055,0.06
-3.81130e-01,-0.059,0.068
-3.81120e-01,-0.061,0.064
-3.81110e-01,-0.053,0.058
-3.81100e-01,-0.057,0.06
-3.81090e-01,-0.059,0.06
-3.81080e-01,-0.057,0.06
-3.81070e-01,-0.061,0.064
-3.81060e-01,-0.063,0.064
-3.81050e-01,-0.063,0.062
-3.81040e-01,-0.059,0.062
-3.81030e-01,-0.057,0.064
-3.81020e-01,-0.061,0.062
-3.81010e-01,-0.061,0.058
-3.81000e-01,-0.059,0.062
-3.80990e-01,-0.059,0.062
-3.80980e-01,-0.043,0.048
-3.80970e-01,-0.063,0.066
-3.80960e-01,-0.061,0.062
-3.80950e-01,-0.061,0.066
-3.80940e-01,-0.059,0.064
-3.80930e-01,-0.061,0.064
-3.80920e-01,-0.059,0.06
-3.80910e-01,-0.065,0.066
-3.80900e-01,-0.057,0.06
-3.80890e-01,-0.061,0.066
-3.80880e-01,-0.061,0.064
-3.80870e-01,-0.061,0.064
-3.80860e-01,-0.061,0.064
-3.80850e-01,-0.059,0.062
-3.80840e-01,-0.059,0.062
-3.80830e-01,-0.059,0.064
-3.80820e-01,-0.059,0.064
-3.80810e-01,-0.059,0.064
-3.80800e-01,-0.057,0.062
-3.80790e-01,-0.059,0.062
-3.80780e-01,-0.055,0.06
-3.80770e-01,-0.063,0.062
-3.80760e-01,-0.059,0.06
-3.80750e-01,-0.059,0.064
-3.80740e-01,-0.061,0.064
-3.80730e-01,-0.061,0.064
-3.80720e-01,-0.059,0.06
-3.80710e-01,-0.061,0.062
-3.80700e-01,-0.059,0.062
-3.80690e-01,-0.057,0.058
-3.80680e-01,-0.059,0.06
-3.80670e-01,-0.049,0.056
-3.80660e-01,-0.057,0.066
-3.80650e-01,-0.057,0.062
-3.80640e-01,-0.061,0.066
-3.80630e-01,-0.059,0.06
-3.80620e-01,-0.061,0.064
-3.80610e-01,-0.059,0.062
-3.80600e-01,-0.061,0.066
-3.80590e-01,-0.059,0.062
-3.80580e-01,-0.059,0.062
-3.80570e-01,-0.059,0.066
-3.80560e-01,-0.059,0.06
-3.80550e-01,-0.059,0.062
-3.80540e-01,-0.061,0.066
-3.80530e-01,-0.061,0.066
-3.80520e-01,-0.055,0.054
-3.80510e-01,-0.057,0.06
-3.80500e-01,-0.055,0.06
-3.80490e-01,-0.059,0.064
-3.80480e-01,-0.055,0.056
-3.80470e-01,-0.063,0.062
-3.80460e-01,-0.051,0.058
-3.80450e-01,-0.059,0.064
-3.80440e-01,-0.057,0.064
-3.80430e-01,-0.061,0.064
-3.80420e-01,-0.059,0.062
-3.80410e-01,-0.055,0.056
-3.80400e-01,-0.059,0.066
-3.80390e-01,-0.057,0.06
-3.80380e-01,-0.055,0.058
-3.80370e-01,-0.057,0.062
-3.80360e-01,-0.053,0.06
-3.80350e-01,-0.061,0.066
-3.80340e-01,-0.049,0.056
-3.80330e-01,-0.061,0.066
-3.80320e-01,-0.061,0.06
-3.80310e-01,-0.059,0.062
-3.80300e-01,-0.061,0.062
-3.80290e-01,-0.063,0.062
-3.80280e-01,-0.059,0.06
-3.80270e-01,-0.061,0.062
-3.80260e-01,-0.061,0.064
-3.80250e-01,-0.059,0.06
-3.80240e-01,-0.061,0.06
-3.80230e-01,-0.043,0.052
-3.80220e-01,-0.057,0.062
-3.80210e-01,-0.059,0.06
-3.80200e-01,-0.061,0.064
-3.80190e-01,-0.057,0.06
-3.80180e-01,-0.057,0.062
-3.80170e-01,-0.055,0.056
-3.80160e-01,-0.059,0.062
-3.80150e-01,-0.063,0.064
-3.80140e-01,-0.061,0.066
-3.80130e-01,-0.061,0.062
-3.80120e-01,-0.063,0.062
-3.80110e-01,-0.055,0.062
-3.80100e-01,-0.059,0.066
-3.80090e-01,-0.053,0.06
-3.80080e-01,-0.061,0.066
-3.80070e-01,-0.063,0.064
-3.80060e-01,-0.055,0.058
-3.80050e-01,-0.063,0.064
-3.80040e-01,-0.057,0.06
-3.80030e-01,-0.057,0.066
-3.80020e-01,-0.061,0.064
-3.80010e-01,-0.055,0.06
-3.80000e-01,-0.059,0.06
-3.79990e-01,-0.059,0.066
-3.79980e-01,-0.051,0.058
-3.79970e-01,-0.057,0.062
-3.79960e-01,-0.049,0.056
-3.79950e-01,-0.061,0.066
-3.79940e-01,-0.059,0.062
-3.79930e-01,-0.057,0.06
-3.79920e-01,-0.057,0.06
-3.79910e-01,-0.053,0.06
-3.79900e-01,-0.055,0.064
-3.79890e-01,-0.063,0.064
-3.79880e-01,-0.039,0.048
-3.79870e-01,-0.051,0.058
-3.79860e-01,-0.053,0.058
-3.79850e-01,-0.059,0.064
-3.79840e-01,-0.059,0.062
-3.79830e-01,-0.049,0.054
-3.79820e-01,-0.061,0.064
-3.79810e-01,-0.059,0.062
-3.79800e-01,-0.061,0.06
-3.79790e-01,-0.057,0.062
-3.79780e-01,-0.053,0.06
-3.79770e-01,-0.061,0.064
-3.79760e-01,-0.061,0.066
-3.79750e-01,-0.063,0.062
-3.79740e-01,-0.057,0.06
-3.79730e-01,-0.059,0.062
-3.79720e-01,-0.063,0.064
-3.79710e-01,-0.061,0.064
-3.79700e-01,-0.061,0.062
-3.79690e-01,-0.055,0.06
-3.79680e-01,-0.057,0.062
-3.79670e-01,-0.061,0.064
-3.79660e-01,-0.059,0.06
-3.79650e-01,-0.059,0.064
-3.79640e-01,-0.055,0.06
-3.79630e-01,-0.063,0.064
-3.79620e-01,-0.061,0.06
-3.79610e-01,-0.057,0.062
-3.79600e-01,-0.057,0.06
-3.79590e-01,-0.061,0.064
-3.79580e-01,-0.057,0.06
-3.79570e-01,-0.043,0.05
-3.79560e-01,-0.059,0.064
-3.79550e-01,-0.053,0.058
-3.79540e-01,-0.063,0.064
-3.79530e-01,-0.057,0.064
-3.79520e-01,-0.055,0.06
-3.79510e-01,-0.061,0.06
-3.79500e-01,-0.047,0.052
-3.79490e-01,-0.059,0.062
-3.79480e-01,-0.057,0.06
-3.79470e-01,-0.063,0.062
-3.79460e-01,-0.061,0.064
-3.79450e-01,-0.063,0.066
-3.79440e-01,-0.057,0.062
-3.79430e-01,-0.057,0.062
-3.79420e-01,-0.059,0.064
-3.79410e-01,-0.059,0.064
-3.79400e-01,-0.063,0.064
-3.79390e-01,-0.051,0.058
-3.79380e-01,-0.061,0.062
-3.79370e-01,-0.047,0.054
-3.79360e-01,-0.057,0.06
-3.79350e-01,-0.053,0.058
-3.79340e-01,-0.059,0.064
-3.79330e-01,-0.059,0.064
-3.79320e-01,-0.051,0.054
-3.79310e-01,-0.061,0.06
-3.79300e-01,-0.055,0.06
-3.79290e-01,-0.063,0.066
-3.79280e-01,-0.059,0.066
-3.79270e-01,-0.053,0.062
-3.79260e-01,-0.059,0.06
-3.79250e-01,-0.059,0.066
-3.79240e-01,-0.061,0.064
-3.79230e-01,-0.049,0.056
-3.79220e-01,-0.057,0.062
-3.79210e-01,-0.061,0.062
-3.79200e-01,-0.061,0.066
-3.79190e-01,-0.059,0.064
-3.79180e-01,-0.059,0.066
-3.79170e-01,-0.061,0.066
-3.79160e-01,-0.059,0.064
-3.79150e-01,-0.059,0.062
-3.79140e-01,-0.065,0.062
-3.79130e-01,-0.061,0.066
-3.79120e-01,-0.063,0.062
-3.79110e-01,-0.063,0.064
-3.79100e-01,-0.057,0.06
-3.79090e-01,-0.063,0.062
-3.79080e-01,-0.061,0.064
-3.79070e-01,-0.059,0.064
-3.79060e-01,-0.059,0.064
-3.79050e-01,-0.061,0.064
-3.79040e-01,-0.059,0.066
-3.79030e-01,-0.063,0.062
-3.79020e-01,-0.061,0.064
-3.79010e-01,-0.057,0.054
-3.79000e-01,-0.061,0.064
-3.78990e-01,-0.051,0.056
-3.78980e-01,-0.049,0.056
-3.78970e-01,-0.047,0.05
-3.78960e-01,-0.063,0.064
-3.78950e-01,-0.057,0.06
-3.78940e-01,-0.059,0.062
-3.78930e-01,-0.061,0.06
-3.78920e-01,-0.061,0.064
-3.78910e-01,-0.059,0.064
-3.78900e-01,-0.057,0.06
-3.78890e-01,-0.057,0.062
-3.78880e-01,-0.055,0.06
-3.78870e-01,-0.057,0.064
-3.78860e-01,-0.059,0.062
-3.78850e-01,-0.061,0.064
-3.78840e-01,-0.053,0.056
-3.78830e-01,-0.059,0.06
-3.78820e-01,-0.055,0.058
-3.78810e-01,-0.061,0.062
-3.78800e-01,-0.059,0.064
-3.78790e-01,-0.061,0.062
-3.78780e-01,-0.055,0.06
-3.78770e-01,-0.059,0.062
-3.78760e-01,-0.059,0.066
-3.78750e-01,-0.057,0.06
-3.78740e-01,-0.063,0.064
-3.78730e-01,-0.059,0.06
-3.78720e-01,-0.061,0.066
-3.78710e-01,-0.053,0.06
-3.78700e-01,-0.059,0.066
-3.78690e-01,-0.057,0.06
-3.78680e-01,-0.059,0.064
-3.78670e-01,-0.061,0.064
-3.78660e-01,-0.055,0.058
-3.78650e-01,-0.059,0.062
-3.78640e-01,-0.049,0.054
-3.78630e-01,-0.061,0.064
-3.78620e-01,-0.059,0.06
-3.78610e-01,-0.051,0.054
-3.78600e-01,-0.059,0.068
-3.78590e-01,-0.061,0.062
-3.78580e-01,-0.063,0.062
-3.78570e-01,-0.051,0.058
-3.78560e-01,-0.057,0.064
-3.78550e-01,-0.059,0.062
-3.78540e-01,-0.055,0.06
-3.78530e-01,-0.061,0.06
-3.78520e-01,-0.049,0.054
-3.78510e-01,-0.055,0.06
-3.78500e-01,-0.061,0.064
-3.78490e-01,-0.063,0.068
-3.78480e-01,-0.061,0.062
-3.78470e-01,-0.061,0.064
-3.78460e-01,-0.059,0.064
-3.78450e-01,-0.057,0.06
-3.78440e-01,-0.055,0.064
-3.78430e-01,-0.063,0.066
-3.78420e-01,-0.055,0.058
-3.78410e-01,-0.059,0.062
-3.78400e-01,-0.055,0.06
-3.78390e-01,-0.055,0.06
-3.78380e-01,-0.049,0.054
-3.78370e-01,-0.061,0.068
-3.78360e-01,-0.051,0.058
-3.78350e-01,-0.059,0.064
-3.78340e-01,-0.059,0.062
-3.78330e-01,-0.057,0.06
-3.78320e-01,-0.061,0.066
-3.78310e-01,-0.057,0.058
-3.78300e-01,-0.059,0.062
-3.78290e-01,-0.057,0.062
-3.78280e-01,-0.061,0.062
-3.78270e-01,-0.053,0.058
-3.78260e-01,-0.057,0.062
-3.78250e-01,-0.053,0.058
-3.78240e-01,-0.059,0.062
-3.78230e-01,-0.057,0.06
-3.78220e-01,-0.059,0.066
-3.78210e-01,-0.059,0.064
-3.78200e-01,-0.057,0.064
-3.78190e-01,-0.061,0.064
-3.78180e-01,-0.061,0.06
-3.78170e-01,-0.057,0.064
-3.78160e-01,-0.057,0.06
-3.78150e-01,-0.057,0.064
-3.78140e-01,-0.057,0.062
-3.78130e-01,-0.059,0.06
-3.78120e-01,-0.059,0.06
-3.78110e-01,-0.053,0.058
-3.78100e-01,-0.059,0.06
-3.78090e-01,-0.051,0.058
-3.78080e-01,-0.057,0.062
-3.78070e-01,-0.057,0.06
-3.78060e-01,-0.061,0.06
-3.78050e-01,-0.059,0.064
-3.78040e-01,-0.057,0.054
-3.78030e-01,-0.061,0.062
-3.78020e-01,-0.061,0.064
-3.78010e-01,-0.059,0.064
-3.78000e-01,-0.061,0.062
-3.77990e-01,-0.061,0.064
-3.77980e-01,-0.061,0.066
-3.77970e-01,-0.057,0.06
-3.77960e-01,-0.053,0.062
-3.77950e-01,-0.061,0.064
-3.77940e-01,-0.057,0.06
-3.77930e-01,-0.061,0.062
-3.77920e-01,-0.057,0.06
-3.77910e-01,-0.055,0.058
-3.77900e-01,-0.057,0.06
-3.77890e-01,-0.057,0.064
-3.77880e-01,-0.043,0.048
-3.77870e-01,-0.059,0.062
-3.77860e-01,-0.045,0.056
-3.77850e-01,-0.061,0.062
-3.77840e-01,-0.061,0.066
-3.77830e-01,-0.061,0.068
-3.77820e-01,-0.065,0.064
-3.77810e-01,-0.061,0.066
-3.77800e-01,-0.061,0.064
-3.77790e-01,-0.055,0.06
-3.77780e-01,-0.063,0.064
-3.77770e-01,-0.063,0.062
-3.77760e-01,-0.059,0.062
-3.77750e-01,-0.061,0.066
-3.77740e-01,-0.061,0.062
-3.77730e-01,-0.057,0.062
-3.77720e-01,-0.061,0.064
-3.77710e-01,-0.065,0.06
-3.77700e-01,-0.057,0.062
-3.77690e-01,-0.061,0.064
-3.77680e-01,-0.049,0.052
-3.77670e-01,-0.063,0.064
-3.77660e-01,-0.059,0.064
-3.77650e-01,-0.061,0.062
-3.77640e-01,-0.055,0.062
-3.77630e-01,-0.059,0.064
-3.77620e-01,-0.061,0.06
-3.77610e-01,-0.059,0.066
-3.77600e-01,-0.059,0.062
-3.77590e-01,-0.063,0.064
-3.77580e-01,-0.061,0.064
-3.77570e-01,-0.061,0.064
-3.77560e-01,-0.057,0.062
-3.77550e-01,-0.061,0.062
-3.77540e-01,-0.057,0.06
-3.77530e-01,-0.061,0.062
-3.77520e-01,-0.061,0.06
-3.77510e-01,-0.059,0.064
-3.77500e-01,-0.057,0.06
-3.77490e-01,-0.061,0.066
-3.77480e-01,-0.061,0.066
-3.77470e-01,-0.055,0.062
-3.77460e-01,-0.057,0.06
-3.77450e-01,-0.059,0.062
-3.77440e-01,-0.061,0.064
-3.77430e-01,-0.059,0.062
-3.77420e-01,-0.061,0.064
-3.77410e-01,-0.055,0.062
-3.77400e-01,-0.063,0.064
-3.77390e-01,-0.059,0.06
-3.77380e-01,-0.055,0.062
-3.77370e-01,-0.061,0.064
-3.77360e-01,-0.055,0.06
-3.77350e-01,-0.063,0.064
-3.77340e-01,-0.057,0.058
-3.77330e-01,-0.057,0.06
-3.77320e-01,-0.043,0.05
-3.77310e-01,-0.061,0.064
-3.77300e-01,-0.055,0.06
-3.77290e-01,-0.057,0.06
-3.77280e-01,-0.059,0.064
-3.77270e-01,-0.063,0.062
-3.77260e-01,-0.055,0.06
-3.77250e-01,-0.061,0.062
-3.77240e-01,-0.053,0.06
-3.77230e-01,-0.057,0.062
-3.77220e-01,-0.059,0.062
-3.77210e-01,-0.053,0.054
-3.77200e-01,-0.051,0.056
-3.77190e-01,-0.043,0.048
-3.77180e-01,-0.055,0.062
-3.77170e-01,-0.061,0.064
-3.77160e-01,-0.063,0.062
-3.77150e-01,-0.061,0.064
-3.77140e-01,-0.055,0.054
-3.77130e-01,-0.061,0.064
-3.77120e-01,-0.051,0.058
-3.77110e-01,-0.059,0.062
-3.77100e-01,-0.057,0.062
-3.77090e-01,-0.057,0.062
-3.77080e-01,-0.059,0.06
-3.77070e-01,-0.063,0.066
-3.77060e-01,-0.055,0.056
-3.77050e-01,-0.061,0.064
-3.77040e-01,-0.059,0.058
-3.77030e-01,-0.043,0.046
-3.77020e-01,-0.063,0.064
-3.77010e-01,-0.055,0.056
-3.77000e-01,-0.061,0.068
-3.76990e-01,-0.051,0.058
-3.76980e-01,-0.063,0.064
-3.76970e-01,-0.053,0.058
-3.76960e-01,-0.059,0.06
-3.76950e-01,-0.057,0.06
-3.76940e-01,-0.055,0.06
-3.76930e-01,-0.061,0.064
-3.76920e-01,-0.035,0.04
-3.76910e-01,-0.057,0.06
-3.76900e-01,-0.057,0.064
-3.76890e-01,-0.057,0.064
-3.76880e-01,-0.055,0.06
-3.76870e-01,-0.061,0.062
-3.76860e-01,-0.061,0.06
-3.76850e-01,-0.061,0.06
-3.76840e-01,-0.057,0.06
-3.76830e-01,-0.049,0.058
-3.76820e-01,-0.059,0.064
-3.76810e-01,-0.047,0.052
-3.76800e-01,-0.061,0.066
-3.76790e-01,-0.061,0.062
-3.76780e-01,-0.059,0.062
-3.76770e-01,-0.057,0.058
-3.76760e-01,-0.059,0.06
-3.76750e-01,-0.057,0.058
-3.76740e-01,-0.055,0.066
-3.76730e-01,-0.057,0.066
-3.76720e-01,-0.061,0.064
-3.76710e-01,-0.061,0.06
-3.76700e-01,-0.063,0.066
-3.76690e-01,-0.059,0.062
-3.76680e-01,-0.061,0.064
-3.76670e-01,-0.057,0.062
-3.76660e-01,-0.061,0.062
-3.76650e-01,-0.061,0.06
-3.76640e-01,-0.065,0.062
-3.76630e-01,-0.055,0.058
-3.76620e-01,-0.059,0.062
-3.76610e-01,-0.057,0.062
-3.76600e-01,-0.061,0.06
-3.76590e-01,-0.047,0.054
-3.76580e-01,-0.057,0.058
-3.76570e-01,-0.059,0.062
-3.76560e-01,-0.053,0.058
-3.76550e-01,-0.063,0.06
-3.76540e-01,-0.059,0.06
-3.76530e-01,-0.059,0.064
-3.76520e-01,-0.047,0.052
-3.76510e-01,-0.057,0.062
-3.76500e-01,-0.055,0.06
-3.76490e-01,-0.057,0.06
-3.76480e-01,-0.059,0.06
-3.76470e-01,-0.057,0.06
-3.76460e-01,-0.051,0.06
-3.76450e-01,-0.061,0.064
-3.76440e-01,-0.055,0.06
-3.76430e-01,-0.057,0.062
-3.76420e-01,-0.057,0.058
-3.76410e-01,-0.059,0.064
-3.76400e-01,-0.059,0.06
-3.76390e-01,-0.055,0.058
-3.76380e-01,-0.057,0.06
-3.76370e-01,-0.049,0.056
-3.76360e-01,-0.059,0.062
-3.76350e-01,-0.059,0.06
-3.76340e-01,-0.057,0.062
-3.76330e-01,-0.059,0.064
-3.76320e-01,-0.063,0.064
-3.76310e-01,-0.045,0.054
-3.76300e-01,-0.053,0.056
-3.76290e-01,-0.055,0.062
-3.76280e-01,-0.057,0.06
-3.76270e-01,-0.045,0.056
-3.76260e-01,-0.057,0.064
-3.76250e-01,-0.057,0.06
-3.76240e-01,-0.063,0.062
-3.76230e-01,-0.053,0.056
-3.76220e-01,-0.061,0.066
-3.76210e-01,-0.055,0.058
-3.76200e-01,-0.061,0.06
-3.76190e-01,-0.053,0.058
-3.76180e-01,-0.055,0.06
-3.76170e-01,-0.063,0.062
-3.76160e-01,-0.055,0.062
-3.76150e-01,-0.061,0.06
-3.76140e-01,-0.059,0.062
-3.76130e-01,-0.057,0.064
-3.76120e-01,-0.061,0.062
-3.76110e-01,-0.061,0.064
-3.76100e-01,-0.051,0.058
-3.76090e-01,-0.059,0.062
-3.76080e-01,-0.057,0.06
-3.76070e-01,-0.063,0.062
-3.76060e-01,-0.059,0.062
-3.76050e-01,-0.053,0.058
-3.76040e-01,-0.061,0.066
-3.76030e-01,-0.055,0.054
-3.76020e-01,-0.059,0.064
-3.76010e-01,-0.055,0.058
-3.76000e-01,-0.061,0.062
-3.75990e-01,-0.061,0.062
-3.75980e-01,-0.059,0.064
-3.75970e-01,-0.055,0.062
-3.75960e-01,-0.061,0.064
-3.75950e-01,-0.059,0.062
-3.75940e-01,-0.057,0.06
-3.75930e-01,-0.061,0.062
-3.75920e-01,-0.057,0.064
-3.75910e-01,-0.053,0.056
-3.75900e-01,-0.055,0.06
-3.75890e-01,-0.057,0.064
-3.75880e-01,-0.059,0.06
-3.75870e-01,-0.061,0.062
-3.75860e-01,-0.059,0.066
-3.75850e-01,-0.055,0.06
-3.75840e-01,-0.059,0.062
-3.75830e-01,-0.057,0.06
-3.75820e-01,-0.057,0.06
-3.75810e-01,-0.051,0.056
-3.75800e-01,-0.059,0.062
-3.75790e-01,-0.059,0.064
-3.75780e-01,-0.059,0.062
-3.75770e-01,-0.055,0.056
-3.75760e-01,-0.057,0.06
-3.75750e-01,-0.061,0.062
-3.75740e-01,-0.061,0.06
-3.75730e-01,-0.061,0.064
-3.75720e-01,-0.063,0.064
-3.75710e-01,-0.059,0.064
-3.75700e-01,-0.061,0.062
-3.75690e-01,-0.059,0.062
-3.75680e-01,-0.059,0.064
-3.75670e-01,-0.057,0.062
-3.75660e-01,-0.061,0.062
-3.75650e-01,-0.057,0.06
-3.75640e-01,-0.061,0.064
-3.75630e-01,-0.055,0.06
-3.75620e-01,-0.059,0.064
-3.75610e-01,-0.057,0.064
-3.75600e-01,-0.057,0.062
-3.75590e-01,-0.059,0.062
-3.75580e-01,-0.053,0.058
-3.75570e-01,-0.063,0.066
-3.75560e-01,-0.059,0.064
-3.75550e-01,-0.057,0.064
-3.75540e-01,-0.059,0.064
-3.75530e-01,-0.055,0.056
-3.75520e-01,-0.059,0.062
-3.75510e-01,-0.057,0.062
-3.75500e-01,-0.055,0.06
-3.75490e-01,-0.053,0.06
-3.75480e-01,-0.057,0.062
-3.75470e-01,-0.051,0.056
-3.75460e-01,-0.061,0.062
-3.75450e-01,-0.053,0.06
-3.75440e-01,-0.061,0.066
-3.75430e-01,-0.049,0.058
-3.75420e-01,-0.061,0.064
-3.75410e-01,-0.057,0.06
-3.75400e-01,-0.059,0.06
-3.75390e-01,-0.059,0.062
-3.75380e-01,-0.057,0.064
-3.75370e-01,-0.049,0.056
-3.75360e-01,-0.055,0.062
-3.75350e-01,-0.061,0.064
-3.75340e-01,-0.059,0.066
-3.75330e-01,-0.059,0.064
-3.75320e-01,-0.061,0.062
-3.75310e-01,-0.063,0.064
-3.75300e-01,-0.059,0.06
-3.75290e-01,-0.061,0.068
-3.75280e-01,-0.061,0.062
-3.75270e-01,-0.057,0.064
-3.75260e-01,-0.057,0.06
-3.75250e-01,-0.057,0.064
-3.75240e-01,-0.057,0.062
-3.75230e-01,-0.063,0.064
-3.75220e-01,-0.055,0.056
-3.75210e-01,-0.059,0.062
-3.75200e-01,-0.055,0.062
-3.75190e-01,-0.049,0.056
-3.75180e-01,-0.059,0.064
-3.75170e-01,-0.053,0.058
-3.75160e-01,-0.057,0.062
-3.75150e-01,-0.059,0.062
-3.75140e-01,-0.063,0.064
-3.75130e-01,-0.063,0.06
-3.75120e-01,-0.059,0.066
-3.75110e-01,-0.057,0.064
-3.75100e-01,-0.063,0.066
-3.75090e-01,-0.061,0.064
-3.75080e-01,-0.063,0.064
-3.75070e-01,-0.061,0.062
-3.75060e-01,-0.059,0.062
-3.75050e-01,-0.061,0.064
-3.75040e-01,-0.061,0.066
-3.75030e-01,-0.059,0.062
-3.75020e-01,-0.061,0.064
-3.75010e-01,-0.057,0.062
-3.75000e-01,-0.057,0.064
-3.74990e-01,-0.061,0.064
-3.74980e-01,-0.059,0.062
-3.74970e-01,-0.055,0.06
-3.74960e-01,-0.061,0.064
-3.74950e-01,-0.049,0.058
-3.74940e-01,-0.059,0.062
-3.74930e-01,-0.051,0.054
-3.74920e-01,-0.049,0.052
-3.74910e-01,-0.063,0.064
-3.74900e-01,-0.059,0.06
-3.74890e-01,-0.049,0.05
-3.74880e-01,-0.065,0.066
-3.74870e-01,-0.057,0.06
-3.74860e-01,-0.059,0.06
-3.74850e-01,-0.055,0.058
-3.74840e-01,-0.059,0.06
-3.74830e-01,-0.053,0.058
-3.74820e-01,-0.059,0.06
-3.74810e-01,-0.061,0.062
-3.74800e-01,-0.061,0.064
-3.74790e-01,-0.057,0.062
-3.74780e-01,-0.063,0.062
-3.74770e-01,-0.063,0.064
-3.74760e-01,-0.063,0.06
-3.74750e-01,-0.057,0.062
-3.74740e-01,-0.053,0.058
-3.74730e-01,-0.049,0.056
-3.74720e-01,-0.061,0.066
-3.74710e-01,-0.061,0.064
-3.74700e-01,-0.057,0.062
-3.74690e-01,-0.061,0.066
-3.74680e-01,-0.047,0.054
-3.74670e-01,-0.059,0.064
-3.74660e-01,-0.057,0.06
-3.74650e-01,-0.059,0.064
-3.74640e-01,-0.055,0.056
-3.74630e-01,-0.061,0.062
-3.74620e-01,-0.055,0.058
-3.74610e-01,-0.053,0.064
-3.74600e-01,-0.057,0.06
-3.74590e-01,-0.059,0.06
-3.74580e-01,-0.055,0.06
-3.74570e-01,-0.063,0.068
-3.74560e-01,-0.059,0.062
-3.74550e-01,-0.061,0.064
-3.74540e-01,-0.051,0.056
-3.74530e-01,-0.061,0.066
-3.74520e-01,-0.059,0.062
-3.74510e-01,-0.063,0.064
-3.74500e-01,-0.057,0.062
-3.74490e-01,-0.059,0.06
-3.74480e-01,-0.059,0.062
-3.74470e-01,-0.057,0.064
-3.74460e-01,-0.057,0.064
-3.74450e-01,-0.055,0.06
-3.74440e-01,-0.059,0.062
-3.74430e-01,-0.059,0.06
-3.74420e-01,-0.059,0.06
-3.74410e-01,-0.051,0.054
-3.74400e-01,-0.059,0.064
-3.74390e-01,-0.049,0.054
-3.74380e-01,-0.055,0.056
-3.74370e-01,-0.045,0.048
-3.74360e-01,-0.059,0.06
-3.74350e-01,-0.045,0.054
-3.74340e-01,-0.061,0.064
-3.74330e-01,-0.057,0.062
-3.74320e-01,-0.055,0.058
-3.74310e-01,-0.059,0.064
-3.74300e-01,-0.057,0.06
-3.74290e-01,-0.047,0.054
-3.74280e-01,-0.053,0.056
-3.74270e-01,-0.059,0.064
-3.74260e-01,-0.061,0.064
-3.74250e-01,-0.059,0.062
-3.74240e-01,-0.059,0.064
-3.74230e-01,-0.061,0.064
-3.74220e-01,-0.061,0.064
-3.74210e-01,-0.055,0.06
-3.74200e-01,-0.055,0.064
-3.74190e-01,-0.059,0.064
-3.74180e-01,-0.061,0.064
-3.74170e-01,-0.053,0.054
-3.74160e-01,-0.063,0.06
-3.74150e-01,-0.055,0.062
-3.74140e-01,-0.059,0.062
-3.74130e-01,-0.063,0.06
-3.74120e-01,-0.051,0.056
-3.74110e-01,-0.057,0.064
-3.74100e-01,-0.061,0.064
-3.74090e-01,-0.057,0.06
-3.74080e-01,-0.053,0.06
-3.74070e-01,-0.049,0.056
-3.74060e-01,-0.049,0.056
-3.74050e-01,-0.063,0.068
-3.74040e-01,-0.045,0.05
-3.74030e-01,-0.057,0.064
-3.74020e-01,-0.057,0.06
-3.74010e-01,-0.057,0.06
-3.74000e-01,-0.057,0.064
-3.73990e-01,-0.059,0.064
-3.73980e-01,-0.057,0.06
-3.73970e-01,-0.059,0.062
-3.73960e-01,-0.055,0.062
-3.73950e-01,-0.061,0.064
-3.73940e-01,-0.055,0.06
-3.73930e-01,-0.059,0.064
-3.73920e-01,-0.063,0.064
-3.73910e-01,-0.061,0.062
-3.73900e-01,-0.055,0.062
-3.73890e-01,-0.065,0.064
-3.73880e-01,-0.061,0.06
-3.73870e-01,-0.061,0.066
-3.73860e-01,-0.055,0.058
-3.73850e-01,-0.061,0.064
-3.73840e-01,-0.063,0.062
-3.73830e-01,-0.055,0.058
-3.73820e-01,-0.063,0.062
-3.73810e-01,-0.055,0.06
-3.73800e-01,-0.063,0.062
-3.73790e-01,-0.059,0.064
-3.73780e-01,-0.061,0.068
-3.73770e-01,-0.059,0.06
-3.73760e-01,-0.061,0.062
-3.73750e-01,-0.063,0.062
-3.73740e-01,-0.059,0.06
-3.73730e-01,-0.061,0.064
-3.73720e-01,-0.061,0.064
-3.73710e-01,-0.059,0.064
-3.73700e-01,-0.057,0.062
-3.73690e-01,-0.057,0.066
-3.73680e-01,-0.055,0.062
-3.73670e-01,-0.059,0.064
-3.73660e-01,-0.061,0.064
-3.73650e-01,-0.061,0.066
-3.73640e-01,-0.059,0.06
-3.73630e-01,-0.061,0.062
-3.73620e-01,-0.057,0.062
-3.73610e-01,-0.059,0.062
-3.73600e-01,-0.061,0.064
-3.73590e-01,-0.059,0.062
-3.73580e-01,-0.065,0.064
-3.73570e-01,-0.057,0.062
-3.73560e-01,-0.057,0.06
-3.73550e-01,-0.051,0.058
-3.73540e-01,-0.059,0.06
-3.73530e-01,-0.063,0.064
-3.73520e-01,-0.059,0.062
-3.73510e-01,-0.059,0.062
-3.73500e-01,-0.059,0.064
-3.73490e-01,-0.059,0.064
-3.73480e-01,-0.059,0.066
-3.73470e-01,-0.061,0.062
-3.73460e-01,-0.055,0.06
-3.73450e-01,-0.057,0.064
-3.73440e-01,-0.061,0.06
-3.73430e-01,-0.055,0.058
-3.73420e-01,-0.055,0.06
-3.73410e-01,-0.059,0.06
-3.73400e-01,-0.051,0.056
-3.73390e-01,-0.063,0.066
-3.73380e-01,-0.059,0.062
-3.73370e-01,-0.063,0.066
-3.73360e-01,-0.059,0.06
-3.73350e-01,-0.051,0.054
-3.73340e-01,-0.061,0.064
-3.73330e-01,-0.057,0.062
-3.73320e-01,-0.055,0.06
-3.73310e-01,-0.059,0.062
-3.73300e-01,-0.057,0.064
-3.73290e-01,-0.059,0.062
-3.73280e-01,-0.061,0.066
-3.73270e-01,-0.061,0.062
-3.73260e-01,-0.059,0.064
-3.73250e-01,-0.059,0.062
-3.73240e-01,-0.065,0.068
-3.73230e-01,-0.051,0.06
-3.73220e-01,-0.059,0.062
-3.73210e-01,-0.055,0.06
-3.73200e-01,-0.055,0.064
-3.73190e-01,-0.051,0.054
-3.73180e-01,-0.059,0.06
-3.73170e-01,-0.051,0.06
-3.73160e-01,-0.059,0.062
-3.73150e-01,-0.061,0.066
-3.73140e-01,-0.061,0.066
-3.73130e-01,-0.061,0.066
-3.73120e-01,-0.059,0.064
-3.73110e-01,-0.061,0.062
-3.73100e-01,-0.057,0.06
-3.73090e-01,-0.061,0.064
-3.73080e-01,-0.061,0.066
-3.73070e-01,-0.051,0.06
-3.73060e-01,-0.059,0.064
-3.73050e-01,-0.059,0.064
-3.73040e-01,-0.061,0.064
-3.73030e-01,-0.055,0.06
-3.73020e-01,-0.063,0.068
-3.73010e-01,-0.063,0.062
-3.73000e-01,-0.057,0.058
-3.72990e-01,-0.059,0.062
-3.72980e-01,-0.055,0.058
-3.72970e-01,-0.059,0.06
-3.72960e-01,-0.047,0.056
-3.72950e-01,-0.053,0.062
-3.72940e-01,-0.061,0.062
-3.72930e-01,-0.061,0.064
-3.72920e-01,-0.057,0.062
-3.72910e-01,-0.061,0.062
-3.72900e-01,-0.049,0.054
-3.72890e-01,-0.059,0.064
-3.72880e-01,-0.063,0.066
-3.72870e-01,-0.049,0.05
-3.72860e-01,-0.061,0.068
-3.72850e-01,-0.055,0.062
-3.72840e-01,-0.057,0.06
-3.72830e-01,-0.061,0.066
-3.72820e-01,-0.055,0.058
-3.72810e-01,-0.059,0.06
-3.72800e-01,-0.057,0.058
-3.72790e-01,-0.061,0.062
-3.72780e-01,-0.053,0.052
-3.72770e-01,-0.057,0.062
-3.72760e-01,-0.055,0.06
-3.72750e-01,-0.037,0.048
-3.72740e-01,-0.041,0.048
-3.72730e-01,-0.039,0.048
-3.72720e-01,-0.037,0.042
-3.72710e-01,-0.049,0.056
-3.72700e-01,-0.053,0.06
-3.72690e-01,-0.059,0.066
-3.72680e-01,-0.061,0.062
-3.72670e-01,-0.059,0.064
-3.72660e-01,-0.053,0.06
-3.72650e-01,-0.063,0.064
-3.72640e-01,-0.061,0.066
-3.72630e-01,-0.057,0.06
-3.72620e-01,-0.063,0.066
-3.72610e-01,-0.055,0.06
-3.72600e-01,-0.059,0.06
-3.72590e-01,-0.057,0.062
-3.72580e-01,-0.057,0.06
-3.72570e-01,-0.059,0.064
-3.72560e-01,-0.065,0.062
-3.72550e-01,-0.055,0.06
-3.72540e-01,-0.059,0.06
-3.72530e-01,-0.061,0.062
-3.72520e-01,-0.061,0.064
-3.72510e-01,-0.049,0.054
-3.72500e-01,-0.061,0.064
-3.72490e-01,-0.057,0.06
-3.72480e-01,-0.061,0.064
-3.72470e-01,-0.059,0.062
-3.72460e-01,-0.057,0.064
-3.72450e-01,-0.065,0.064
-3.72440e-01,-0.059,0.062
-3.72430e-01,-0.061,0.064
-3.72420e-01,-0.053,0.06
-3.72410e-01,-0.059,0.064
-3.72400e-01,-0.047,0.05
-3.72390e-01,-0.061,0.064
-3.72380e-01,-0.057,0.06
-3.72370e-01,-0.061,0.062
-3.72360e-01,-0.051,0.054
-3.72350e-01,-0.063,0.066
-3.72340e-01,-0.055,0.06
-3.72330e-01,-0.059,0.064
-3.72320e-01,-0.057,0.058
-3.72310e-01,-0.059,0.064
-3.72300e-01,-0.059,0.064
-3.72290e-01,-0.057,0.064
-3.72280e-01,-0.059,0.064
-3.72270e-01,-0.059,0.062
-3.72260e-01,-0.061,0.062
-3.72250e-01,-0.059,0.06
-3.72240e-01,-0.061,0.064
-3.72230e-01,-0.061,0.064
-3.72220e-01,-0.055,0.06
-3.72210e-01,-0.063,0.064
-3.72200e-01,-0.059,0.066
-3.72190e-01,-0.051,0.054
-3.72180e-01,-0.057,0.06
-3.72170e-01,-0.057,0.064
-3.72160e-01,-0.059,0.06
-3.72150e-01,-0.063,0.062
-3.72140e-01,-0.057,0.058
-3.72130e-01,-0.061,0.062
-3.72120e-01,-0.057,0.06
-3.72110e-01,-0.059,0.064
-3.72100e-01,-0.063,0.062
-3.72090e-01,-0.059,0.06
-3.72080e-01,-0.059,0.062
-3.72070e-01,-0.057,0.062
-3.72060e-01,-0.061,0.064
-3.72050e-01,-0.057,0.06
-3.72040e-01,-0.059,0.064
-3.72030e-01,-0.055,0.06
-3.72020e-01,-0.063,0.064
-3.72010e-01,-0.055,0.06
-3.72000e-01,-0.061,0.06
-3.71990e-01,-0.055,0.064
-3.71980e-01,-0.049,0.058
-3.71970e-01,-0.061,0.062
-3.71960e-01,-0.059,0.066
-3.71950e-01,-0.057,0.06
-3.71940e-01,-0.061,0.064
-3.71930e-01,-0.063,0.064
-3.71920e-01,-0.059,0.06
-3.71910e-01,-0.061,0.062
-3.71900e-01,-0.061,0.064
-3.71890e-01,-0.055,0.06
-3.71880e-01,-0.061,0.064
-3.71870e-01,-0.057,0.062
-3.71860e-01,-0.055,0.058
-3.71850e-01,-0.061,0.064
-3.71840e-01,-0.059,0.064
-3.71830e-01,-0.061,0.064
-3.71820e-01,-0.057,0.06
-3.71810e-01,-0.059,0.062
-3.71800e-01,-0.059,0.064
-3.71790e-01,-0.053,0.062
-3.71780e-01,-0.059,0.06
-3.71770e-01,-0.059,0.06
-3.71760e-01,-0.059,0.066
-3.71750e-01,-0.055,0.064
-3.71740e-01,-0.063,0.068
-3.71730e-01,-0.055,0.058
-3.71720e-01,-0.049,0.054
-3.71710e-01,-0.051,0.054
-3.71700e-01,-0.059,0.064
-3.71690e-01,-0.061,0.062
-3.71680e-01,-0.059,0.068
-3.71670e-01,-0.059,0.062
-3.71660e-01,-0.061,0.062
-3.71650e-01,-0.059,0.06
-3.71640e-01,-0.059,0.062
-3.71630e-01,-0.059,0.062
-3.71620e-01,-0.053,0.06
-3.71610e-01,-0.057,0.064
-3.71600e-01,-0.053,0.058
-3.71590e-01,-0.057,0.058
-3.71580e-01,-0.057,0.06
-3.71570e-01,-0.059,0.062
-3.71560e-01,-0.057,0.06
-3.71550e-01,-0.059,0.062
-3.71540e-01,-0.055,0.058
-3.71530e-01,-0.059,0.06
-3.71520e-01,-0.057,0.062
-3.71510e-01,-0.061,0.062
-3.71500e-01,-0.061,0.064
-3.71490e-01,-0.059,0.062
-3.71480e-01,-0.061,0.06
-3.71470e-01,-0.053,0.056
-3.71460e-01,-0.063,0.062
-3.71450e-01,-0.059,0.06
-3.71440e-01,-0.053,0.058
-3.71430e-01,-0.061,0.066
-3.71420e-01,-0.057,0.064
-3.71410e-01,-0.059,0.062
-3.71400e-01,-0.061,0.06
-3.71390e-01,-0.057,0.064
-3.71380e-01,-0.061,0.066
-3.71370e-01,-0.057,0.062
-3.71360e-01,-0.061,0.064
-3.71350e-01,-0.055,0.06
-3.71340e-01,-0.059,0.062
-3.71330e-01,-0.061,0.064
-3.71320e-01,-0.053,0.056
-3.71310e-01,-0.057,0.066
-3.71300e-01,-0.061,0.064
-3.71290e-01,-0.055,0.058
-3.71280e-01,-0.059,0.064
-3.71270e-01,-0.061,0.066
-3.71260e-01,-0.061,0.06
-3.71250e-01,-0.059,0.066
-3.71240e-01,-0.061,0.064
-3.71230e-01,-0.057,0.064
-3.71220e-01,-0.059,0.062
-3.71210e-01,-0.061,0.062
-3.71200e-01,-0.059,0.064
-3.71190e-01,-0.059,0.064
-3.71180e-01,-0.051,0.056
-3.71170e-01,-0.061,0.064
-3.71160e-01,-0.053,0.056
-3.71150e-01,-0.061,0.062
-3.71140e-01,-0.059,0.068
-3.71130e-01,-0.059,0.062
-3.71120e-01,-0.059,0.064
-3.71110e-01,-0.061,0.064
-3.71100e-01,-0.059,0.06
-3.71090e-01,-0.059,0.06
-3.71080e-01,-0.055,0.058
-3.71070e-01,-0.059,0.064
-3.71060e-01,-0.059,0.06
-3.71050e-01,-0.059,0.066
-3.71040e-01,-0.063,0.062
-3.71030e-01,-0.057,0.062
-3.71020e-01,-0.059,0.064
-3.71010e-01,-0.061,0.064
-3.71000e-01,-0.059,0.064
-3.70990e-01,-0.063,0.064
-3.70980e-01,-0.061,0.062
-3.70970e-01,-0.063,0.068
-3.70960e-01,-0.059,0.06
-3.70950e-01,-0.059,0.062
-3.70940e-01,-0.045,0.05
-3.70930e-01,-0.057,0.06
-3.70920e-01,-0.045,0.058
-3.70910e-01,-0.061,0.068
-3.70900e-01,-0.053,0.056
-3.70890e-01,-0.061,0.064
-3.70880e-01,-0.061,0.064
-3.70870e-01,-0.059,0.062
-3.70860e-01,-0.061,0.064
-3.70850e-01,-0.051,0.058
-3.70840e-01,-0.061,0.064
-3.70830e-01,-0.059,0.062
-3.70820e-01,-0.055,0.062
-3.70810e-01,-0.063,0.064
-3.70800e-01,-0.053,0.06
-3.70790e-01,-0.059,0.062
-3.70780e-01,-0.059,0.064
-3.70770e-01,-0.057,0.064
-3.70760e-01,-0.059,0.068
-3.70750e-01,-0.057,0.06
-3.70740e-01,-0.059,0.064
-3.70730e-01,-0.059,0.064
-3.70720e-01,-0.061,0.062
-3.70710e-01,-0.059,0.066
-3.70700e-01,-0.057,0.064
-3.70690e-01,-0.063,0.062
-3.70680e-01,-0.055,0.054
-3.70670e-01,-0.057,0.064
-3.70660e-01,-0.051,0.056
-3.70650e-01,-0.059,0.066
-3.70640e-01,-0.059,0.064
-3.70630e-01,-0.063,0.06
-3.70620e-01,-0.039,0.052
-3.70610e-01,-0.059,0.062
-3.70600e-01,-0.061,0.064
-3.70590e-01,-0.055,0.062
-3.70580e-01,-0.051,0.056
-3.70570e-01,-0.055,0.06
-3.70560e-01,-0.047,0.056
-3.70550e-01,-0.055,0.062
-3.70540e-01,-0.061,0.062
-3.70530e-01,-0.059,0.06
-3.70520e-01,-0.059,0.066
-3.70510e-01,-0.059,0.062
-3.70500e-01,-0.059,0.064
-3.70490e-01,-0.057,0.064
-3.70480e-01,-0.061,0.064
-3.70470e-01,-0.063,0.06
-3.70460e-01,-0.061,0.062
-3.70450e-01,-0.059,0.066
-3.70440e-01,-0.057,0.06
-3.70430e-01,-0.057,0.064
-3.70420e-01,-0.059,0.064
-3.70410e-01,-0.059,0.062
-3.70400e-01,-0.063,0.064
-3.70390e-01,-0.061,0.064
-3.70380e-01,-0.051,0.058
-3.70370e-01,-0.057,0.064
-3.70360e-01,-0.051,0.058
-3.70350e-01,-0.059,0.064
-3.70340e-01,-0.057,0.06
-3.70330e-01,-0.059,0.062
-3.70320e-01,-0.061,0.064
-3.70310e-01,-0.059,0.066
-3.70300e-01,-0.063,0.064
-3.70290e-01,-0.053,0.062
-3.70280e-01,-0.059,0.06
-3.70270e-01,-0.061,0.064
-3.70260e-01,-0.061,0.064
-3.70250e-01,-0.063,0.064
-3.70240e-01,-0.061,0.064
-3.70230e-01,-0.059,0.062
-3.70220e-01,-0.059,0.062
-3.70210e-01,-0.061,0.064
-3.70200e-01,-0.055,0.06
-3.70190e-01,-0.059,0.062
-3.70180e-01,-0.051,0.054
-3.70170e-01,-0.057,0.06
-3.70160e-01,-0.045,0.046
-3.70150e-01,-0.037,0.042
-3.70140e-01,-0.049,0.052
-3.70130e-01,-0.061,0.064
-3.70120e-01,-0.049,0.06
-3.70110e-01,-0.057,0.06
-3.70100e-01,-0.053,0.06
-3.70090e-01,-0.063,0.064
-3.70080e-01,-0.063,0.064
-3.70070e-01,-0.059,0.062
-3.70060e-01,-0.055,0.06
-3.70050e-01,-0.045,0.05
-3.70040e-01,-0.043,0.048
-3.70030e-01,-0.041,0.046
-3.70020e-01,-0.037,0.046
-3.70010e-01,-0.041,0.044
-3.70000e-01,-0.059,0.062
-3.69990e-01,-0.053,0.06
-3.69980e-01,-0.061,0.06
-3.69970e-01,-0.043,0.052
-3.69960e-01,-0.053,0.058
-3.69950e-01,-0.059,0.06
-3.69940e-01,-0.061,0.062
-3.69930e-01,-0.059,0.062
-3.69920e-01,-0.059,0.066
-3.69910e-01,-0.061,0.068
-3.69900e-01,-0.061,0.064
-3.69890e-01,-0.057,0.064
-3.69880e-01,-0.061,0.062
-3.69870e-01,-0.053,0.056
-3.69860e-01,-0.061,0.062
-3.69850e-01,-0.055,0.06
-3.69840e-01,-0.061,0.064
-3.69830e-01,-0.063,0.066
-3.69820e-01,-0.061,0.064
-3.69810e-01,-0.057,0.064
-3.69800e-01,-0.063,0.064
-3.69790e-01,-0.049,0.054
-3.69780e-01,-0.061,0.064
-3.69770e-01,-0.053,0.058
-3.69760e-01,-0.057,0.06
-3.69750e-01,-0.049,0.054
-3.69740e-01,-0.061,0.064
-3.69730e-01,-0.059,0.064
-3.69720e-01,-0.059,0.064
-3.69710e-01,-0.055,0.058
-3.69700e-01,-0.053,0.06
-3.69690e-01,-0.051,0.054
-3.69680e-01,-0.063,0.064
-3.69670e-01,-0.055,0.062
-3.69660e-01,-0.061,0.066
-3.69650e-01,-0.061,0.062
-3.69640e-01,-0.057,0.064
-3.69630e-01,-0.055,0.06
-3.69620e-01,-0.053,0.054
-3.69610e-01,-0.055,0.06
-3.69600e-01,-0.063,0.064
-3.69590e-01,-0.053,0.058
-3.69580e-01,-0.061,0.064
-3.69570e-01,-0.057,0.064
-3.69560e-01,-0.059,0.06
-3.69550e-01,-0.059,0.062
-3.69540e-01,-0.063,0.064
-3.69530e-01,-0.059,0.064
-3.69520e-01,-0.063,0.07
-3.69510e-01,-0.055,0.06
-3.69500e-01,-0.059,0.064
-3.69490e-01,-0.059,0.064
-3.69480e-01,-0.059,0.064
-3.69470e-01,-0.059,0.064
-3.69460e-01,-0.057,0.064
-3.69450e-01,-0.061,0.062
-3.69440e-01,-0.055,0.062
-3.69430e-01,-0.061,0.062
-3.69420e-01,-0.059,0.064
-3.69410e-01,-0.059,0.064
-3.69400e-01,-0.057,0.06
-3.69390e-01,-0.055,0.062
-3.69380e-01,-0.061,0.064
-3.69370e-01,-0.059,0.064
-3.69360e-01,-0.059,0.062
-3.69350e-01,-0.047,0.052
-3.69340e-01,-0.059,0.066
-3.69330e-01,-0.055,0.062
-3.69320e-01,-0.059,0.064
-3.69310e-01,-0.053,0.06
-3.69300e-01,-0.053,0.06
-3.69290e-01,-0.031,0.038
-3.69280e-01,-0.049,0.054
-3.69270e-01,-0.053,0.058
-3.69260e-01,-0.055,0.06
-3.69250e-01,-0.055,0.06
-3.69240e-01,-0.061,0.066
-3.69230e-01,-0.061,0.064
-3.69220e-01,-0.051,0.06
-3.69210e-01,-0.059,0.064
-3.69200e-01,-0.065,0.064
-3.69190e-01,-0.057,0.062
-3.69180e-01,-0.057,0.06
-3.69170e-01,-0.061,0.066
-3.69160e-01,-0.059,0.062
-3.69150e-01,-0.055,0.064
-3.69140e-01,-0.057,0.062
-3.69130e-01,-0.059,0.06
-3.69120e-01,-0.061,0.062
-3.69110e-01,-0.061,0.062
-3.69100e-01,-0.057,0.062
-3.69090e-01,-0.055,0.062
-3.69080e-01,-0.063,0.064
-3.69070e-01,-0.055,0.062
-3.69060e-01,-0.063,0.064
-3.69050e-01,-0.063,0.064
-3.69040e-01,-0.059,0.062
-3.69030e-01,-0.059,0.066
-3.69020e-01,-0.059,0.062
-3.69010e-01,-0.061,0.062
-3.69000e-01,-0.053,0.056
-3.68990e-01,-0.059,0.064
-3.68980e-01,-0.053,0.058
-3.68970e-01,-0.061,0.062
-3.68960e-01,-0.063,0.062
-3.68950e-01,-0.061,0.064
-3.68940e-01,-0.059,0.062
-3.68930e-01,-0.059,0.066
-3.68920e-01,-0.057,0.068
-3.68910e-01,-0.057,0.06
-3.68900e-01,-0.059,0.064
-3.68890e-01,-0.059,0.064
-3.68880e-01,-0.061,0.066
-3.68870e-01,-0.063,0.064
-3.68860e-01,-0.061,0.064
-3.68850e-01,-0.059,0.064
-3.68840e-01,-0.061,0.064
-3.68830e-01,-0.059,0.066
-3.68820e-01,-0.059,0.062
-3.68810e-01,-0.061,0.064
-3.68800e-01,-0.059,0.06
-3.68790e-01,-0.049,0.056
-3.68780e-01,-0.057,0.064
-3.68770e-01,-0.049,0.056
-3.68760e-01,-0.055,0.06
-3.68750e-01,-0.061,0.06
-3.68740e-01,-0.063,0.062
-3.68730e-01,-0.061,0.06
-3.68720e-01,-0.059,0.062
-3.68710e-01,-0.061,0.064
-3.68700e-01,-0.059,0.066
-3.68690e-01,-0.057,0.066
-3.68680e-01,-0.059,0.062
-3.68670e-01,-0.061,0.06
-3.68660e-01,-0.061,0.064
-3.68650e-01,-0.059,0.064
-3.68640e-01,-0.063,0.064
-3.68630e-01,-0.055,0.062
-3.68620e-01,-0.059,0.062
-3.68610e-01,-0.055,0.058
-3.68600e-01,-0.063,0.066
-3.68590e-01,-0.063,0.062
-3.68580e-01,-0.055,0.06
-3.68570e-01,-0.055,0.06
-3.68560e-01,-0.059,0.062
-3.68550e-01,-0.061,0.062
-3.68540e-01,-0.057,0.062
-3.68530e-01,-0.063,0.062
-3.68520e-01,-0.055,0.056
-3.68510e-01,-0.061,0.066
-3.68500e-01,-0.061,0.066
-3.68490e-01,-0.061,0.064
-3.68480e-01,-0.061,0.062
-3.68470e-01,-0.059,0.064
-3.68460e-01,-0.057,0.064
-3.68450e-01,-0.061,0.062
-3.68440e-01,-0.059,0.06
-3.68430e-01,-0.059,0.064
-3.68420e-01,-0.059,0.062
-3.68410e-01,-0.061,0.062
-3.68400e-01,-0.059,0.064
-3.68390e-01,-0.057,0.066
-3.68380e-01,-0.061,0.06
-3.68370e-01,-0.061,0.062
-3.68360e-01,-0.061,0.066
-3.68350e-01,-0.063,0.064
-3.68340e-01,-0.059,0.064
-3.68330e-01,-0.051,0.058
-3.68320e-01,-0.061,0.066
-3.68310e-01,-0.061,0.062
-3.68300e-01,-0.057,0.064
-3.68290e-01,-0.061,0.064
-3.68280e-01,-0.061,0.064
-3.68270e-01,-0.057,0.06
-3.68260e-01,-0.041,0.052
-3.68250e-01,-0.045,0.052
-3.68240e-01,-0.059,0.064
-3.68230e-01,-0.051,0.054
-3.68220e-01,-0.061,0.064
-3.68210e-01,-0.055,0.06
-3.68200e-01,-0.063,0.064
-3.68190e-01,-0.055,0.058
-3.68180e-01,-0.059,0.062
-3.68170e-01,-0.055,0.056
-3.68160e-01,-0.053,0.054
-3.68150e-01,-0.061,0.064
-3.68140e-01,-0.061,0.064
-3.68130e-01,-0.061,0.062
-3.68120e-01,-0.063,0.066
-3.68110e-01,-0.059,0.068
-3.68100e-01,-0.061,0.062
-3.68090e-01,-0.059,0.062
-3.68080e-01,-0.047,0.058
-3.68070e-01,-0.055,0.054
-3.68060e-01,-0.059,0.06
-3.68050e-01,-0.055,0.06
-3.68040e-01,-0.059,0.06
-3.68030e-01,-0.059,0.062
-3.68020e-01,-0.059,0.06
-3.68010e-01,-0.065,0.064
-3.68000e-01,-0.061,0.062
-3.67990e-01,-0.061,0.062
-3.67980e-01,-0.053,0.058
-3.67970e-01,-0.059,0.062
-3.67960e-01,-0.063,0.066
-3.67950e-01,-0.055,0.06
-3.67940e-01,-0.059,0.064
-3.67930e-01,-0.059,0.062
-3.67920e-01,-0.059,0.068
-3.67910e-01,-0.057,0.062
-3.67900e-01,-0.061,0.068
-3.67890e-01,-0.059,0.06
-3.67880e-01,-0.059,0.062
-3.67870e-01,-0.057,0.062
-3.67860e-01,-0.045,0.052
-3.67850e-01,-0.051,0.058
-3.67840e-01,-0.057,0.062
-3.67830e-01,-0.053,0.058
-3.67820e-01,-0.047,0.054
-3.67810e-01,-0.061,0.06
-3.67800e-01,-0.053,0.064
-3.67790e-01,-0.063,0.064
-3.67780e-01,-0.059,0.062
-3.67770e-01,-0.059,0.062
-3.67760e-01,-0.059,0.06
-3.67750e-01,-0.063,0.062
-3.67740e-01,-0.051,0.056
-3.67730e-01,-0.061,0.064
-3.67720e-01,-0.061,0.064
-3.67710e-01,-0.061,0.066
-3.67700e-01,-0.057,0.06
-3.67690e-01,-0.053,0.058
-3.67680e-01,-0.057,0.064
-3.67670e-01,-0.057,0.062
-3.67660e-01,-0.059,0.066
-3.67650e-01,-0.061,0.062
-3.67640e-01,-0.057,0.064
-3.67630e-01,-0.059,0.062
-3.67620e-01,-0.055,0.062
-3.67610e-01,-0.051,0.054
-3.67600e-01,-0.059,0.06
-3.67590e-01,-0.059,0.062
-3.67580e-01,-0.061,0.062
-3.67570e-01,-0.061,0.066
-3.67560e-01,-0.065,0.064
-3.67550e-01,-0.061,0.068
-3.67540e-01,-0.061,0.066
-3.67530e-01,-0.063,0.062
-3.67520e-01,-0.061,0.064
-3.67510e-01,-0.059,0.062
-3.67500e-01,-0.061,0.064
-3.67490e-01,-0.059,0.066
-3.67480e-01,-0.063,0.062
-3.67470e-01,-0.059,0.064
-3.67460e-01,-0.055,0.06
-3.67450e-01,-0.061,0.066
-3.67440e-01,-0.059,0.064
-3.67430e-01,-0.063,0.062
-3.67420e-01,-0.059,0.064
-3.67410e-01,-0.057,0.058
-3.67400e-01,-0.051,0.058
-3.67390e-01,-0.061,0.062
-3.67380e-01,-0.059,0.066
-3.67370e-01,-0.057,0.064
-3.67360e-01,-0.055,0.06
-3.67350e-01,-0.063,0.062
-3.67340e-01,-0.063,0.062
-3.67330e-01,-0.057,0.062
-3.67320e-01,-0.059,0.062
-3.67310e-01,-0.059,0.062
-3.67300e-01,-0.061,0.064
-3.67290e-01,-0.059,0.062
-3.67280e-01,-0.061,0.064
-3.67270e-01,-0.059,0.064
-3.67260e-01,-0.059,0.064
-3.67250e-01,-0.061,0.062
-3.67240e-01,-0.061,0.064
-3.67230e-01,-0.061,0.066
-3.67220e-01,-0.053,0.058
-3.67210e-01,-0.055,0.06
-3.67200e-01,-0.061,0.062
-3.67190e-01,-0.063,0.068
-3.67180e-01,-0.049,0.058
-3.67170e-01,-0.059,0.062
-3.67160e-01,-0.061,0.07
-3.67150e-01,-0.063,0.064
-3.67140e-01,-0.055,0.064
-3.67130e-01,-0.059,0.064
-3.67120e-01,-0.061,0.066
-3.67110e-01,-0.061,0.068
-3.67100e-01,-0.061,0.064
-3.67090e-01,-0.055,0.06
-3.67080e-01,-0.059,0.066
-3.67070e-01,-0.053,0.06
-3.67060e-01,-0.061,0.066
-3.67050e-01,-0.055,0.058
-3.67040e-01,-0.059,0.064
-3.67030e-01,-0.061,0.064
-3.67020e-01,-0.059,0.06
-3.67010e-01,-0.061,0.064
-3.67000e-01,-0.061,0.066
-3.66990e-01,-0.057,0.06
-3.66980e-01,-0.051,0.058
-3.66970e-01,-0.057,0.066
-3.66960e-01,-0.059,0.062
-3.66950e-01,-0.053,0.06
-3.66940e-01,-0.059,0.062
-3.66930e-01,-0.059,0.062
-3.66920e-01,-0.061,0.064
-3.66910e-01,-0.059,0.066
-3.66900e-01,-0.057,0.06
-3.66890e-01,-0.059,0.064
-3.66880e-01,-0.061,0.062
-3.66870e-01,-0.065,0.06
-3.66860e-01,-0.057,0.058
-3.66850e-01,-0.059,0.062
-3.66840e-01,-0.057,0.062
-3.66830e-01,-0.061,0.062
-3.66820e-01,-0.061,0.06
-3.66810e-01,-0.057,0.062
-3.66800e-01,-0.059,0.06
-3.66790e-01,-0.061,0.064
-3.66780e-01,-0.063,0.062
-3.66770e-01,-0.059,0.066
-3.66760e-01,-0.061,0.064
-3.66750e-01,-0.059,0.062
-3.66740e-01,-0.059,0.062
-3.66730e-01,-0.059,0.06
-3.66720e-01,-0.061,0.066
-3.66710e-01,-0.059,0.066
-3.66700e-01,-0.059,0.06
-3.66690e-01,-0.065,0.064
-3.66680e-01,-0.057,0.062
-3.66670e-01,-0.057,0.06
-3.66660e-01,-0.057,0.066
-3.66650e-01,-0.057,0.062
-3.66640e-01,-0.061,0.064
-3.66630e-01,-0.059,0.062
-3.66620e-01,-0.059,0.064
-3.66610e-01,-0.057,0.06
-3.66600e-01,-0.055,0.058
-3.66590e-01,-0.057,0.064
-3.66580e-01,-0.057,0.062
-3.66570e-01,-0.051,0.06
-3.66560e-01,-0.065,0.064
-3.66550e-01,-0.059,0.062
-3.66540e-01,-0.063,0.062
-3.66530e-01,-0.061,0.062
-3.66520e-01,-0.065,0.064
-3.66510e-01,-0.061,0.06
-3.66500e-01,-0.055,0.062
-3.66490e-01,-0.057,0.062
-3.66480e-01,-0.063,0.062
-3.66470e-01,-0.057,0.062
-3.66460e-01,-0.061,0.066
-3.66450e-01,-0.061,0.06
-3.66440e-01,-0.057,0.06
-3.66430e-01,-0.059,0.064
-3.66420e-01,-0.061,0.062
-3.66410e-01,-0.061,0.062
-3.66400e-01,-0.057,0.062
-3.66390e-01,-0.057,0.06
-3.66380e-01,-0.059,0.066
-3.66370e-01,-0.065,0.062
-3.66360e-01,-0.057,0.064
-3.66350e-01,-0.053,0.058
-3.66340e-01,-0.059,0.062
-3.66330e-01,-0.051,0.056
-3.66320e-01,-0.055,0.058
-3.66310e-01,-0.049,0.056
-3.66300e-01,-0.061,0.064
-3.66290e-01,-0.057,0.062
-3.66280e-01,-0.059,0.064
-3.66270e-01,-0.061,0.064
-3.66260e-01,-0.063,0.064
-3.66250e-01,-0.063,0.064
-3.66240e-01,-0.055,0.06
-3.66230e-01,-0.059,0.064
-3.66220e-01,-0.055,0.056
-3.66210e-01,-0.059,0.062
-3.66200e-01,-0.065,0.066
-3.66190e-01,-0.057,0.062
-3.66180e-01,-0.055,0.056
-3.66170e-01,-0.059,0.064
-3.66160e-01,-0.059,0.06
-3.66150e-01,-0.059,0.062
-3.66140e-01,-0.059,0.064
-3.66130e-01,-0.059,0.064
-3.66120e-01,-0.057,0.064
-3.66110e-01,-0.063,0.068
-3.66100e-01,-0.059,0.064
-3.66090e-01,-0.061,0.064
-3.66080e-01,-0.055,0.06
-3.66070e-01,-0.059,0.066
-3.66060e-01,-0.039,0.046
-3.66050e-01,-0.059,0.064
-3.66040e-01,-0.063,0.066
-3.66030e-01,-0.053,0.058
-3.66020e-01,-0.055,0.06
-3.66010e-01,-0.065,0.064
-3.66000e-01,-0.057,0.068
-3.65990e-01,-0.059,0.062
-3.65980e-01,-0.057,0.06
-3.65970e-01,-0.061,0.066
-3.65960e-01,-0.057,0.06
-3.65950e-01,-0.059,0.064
-3.65940e-01,-0.049,0.062
-3.65930e-01,-0.057,0.06
-3.65920e-01,-0.053,0.058
-3.65910e-01,-0.059,0.06
-3.65900e-01,-0.055,0.06
-3.65890e-01,-0.047,0.044
-3.65880e-01,-0.049,0.056
-3.65870e-01,-0.055,0.06
-3.65860e-01,-0.055,0.054
-3.65850e-01,-0.051,0.054
-3.65840e-01,-0.061,0.062
-3.65830e-01,-0.057,0.062
-3.65820e-01,-0.063,0.064
-3.65810e-01,-0.063,0.064
-3.65800e-01,-0.057,0.062
-3.65790e-01,-0.057,0.064
-3.65780e-01,-0.057,0.06
-3.65770e-01,-0.057,0.06
-3.65760e-01,-0.055,0.058
-3.65750e-01,-0.057,0.06
-3.65740e-01,-0.053,0.06
-3.65730e-01,-0.059,0.064
-3.65720e-01,-0.061,0.064
-3.65710e-01,-0.057,0.056
-3.65700e-01,-0.061,0.068
-3.65690e-01,-0.059,0.064
-3.65680e-01,-0.057,0.06
-3.65670e-01,-0.061,0.06
-3.65660e-01,-0.055,0.06
-3.65650e-01,-0.053,0.056
-3.65640e-01,-0.055,0.06
-3.65630e-01,-0.059,0.062
-3.65620e-01,-0.063,0.068
-3.65610e-01,-0.061,0.064
-3.65600e-01,-0.063,0.064
-3.65590e-01,-0.063,0.062
-3.65580e-01,-0.061,0.06
-3.65570e-01,-0.059,0.062
-3.65560e-01,-0.057,0.062
-3.65550e-01,-0.061,0.06
-3.65540e-01,-0.059,0.064
-3.65530e-01,-0.055,0.06
-3.65520e-01,-0.059,0.064
-3.65510e-01,-0.059,0.066
-3.65500e-01,-0.061,0.062
-3.65490e-01,-0.059,0.064
-3.65480e-01,-0.063,0.064
-3.65470e-01,-0.057,0.058
-3.65460e-01,-0.061,0.066
-3.65450e-01,-0.055,0.056
-3.65440e-01,-0.061,0.064
-3.65430e-01,-0.059,0.066
-3.65420e-01,-0.061,0.064
-3.65410e-01,-0.061,0.066
-3.65400e-01,-0.061,0.06
-3.65390e-01,-0.059,0.064
-3.65380e-01,-0.063,0.064
-3.65370e-01,-0.059,0.064
-3.65360e-01,-0.061,0.062
-3.65350e-01,-0.057,0.068
-3.65340e-01,-0.063,0.064
-3.65330e-01,-0.059,0.062
-3.65320e-01,-0.055,0.064
-3.65310e-01,-0.061,0.064
-3.65300e-01,-0.065,0.066
-3.65290e-01,-0.059,0.06
-3.65280e-01,-0.059,0.062
-3.65270e-01,-0.061,0.064
-3.65260e-01,-0.055,0.06
-3.65250e-01,-0.059,0.066
-3.65240e-01,-0.059,0.06
-3.65230e-01,-0.057,0.06
-3.65220e-01,-0.065,0.064
-3.65210e-01,-0.059,0.064
-3.65200e-01,-0.059,0.064
-3.65190e-01,-0.059,0.064
-3.65180e-01,-0.061,0.064
-3.65170e-01,-0.061,0.062
-3.65160e-01,-0.061,0.064
-3.65150e-01,-0.061,0.062
-3.65140e-01,-0.059,0.06
-3.65130e-01,-0.061,0.064
-3.65120e-01,-0.063,0.064
-3.65110e-01,-0.057,0.06
-3.65100e-01,-0.059,0.066
-3.65090e-01,-0.057,0.066
-3.65080e-01,-0.061,0.06
-3.65070e-01,-0.059,0.064
-3.65060e-01,-0.061,0.062
-3.65050e-01,-0.061,0.066
-3.65040e-01,-0.061,0.064
-3.65030e-01,-0.059,0.064
-3.65020e-01,-0.051,0.058
-3.65010e-01,-0.059,0.062
-3.65000e-01,-0.059,0.062
-3.64990e-01,-0.059,0.062
-3.64980e-01,-0.059,0.064
-3.64970e-01,-0.061,0.064
-3.64960e-01,-0.059,0.064
-3.64950e-01,-0.061,0.064
-3.64940e-01,-0.057,0.062
-3.64930e-01,-0.055,0.06
-3.64920e-01,-0.057,0.06
-3.64910e-01,-0.059,0.06
-3.64900e-01,-0.063,0.064
-3.64890e-01,-0.059,0.066
-3.64880e-01,-0.059,0.064
-3.64870e-01,-0.061,0.064
-3.64860e-01,-0.061,0.062
-3.64850e-01,-0.061,0.064
-3.64840e-01,-0.057,0.062
-3.64830e-01,-0.061,0.066
-3.64820e-01,-0.061,0.064
-3.64810e-01,-0.057,0.066
-3.64800e-01,-0.057,0.068
-3.64790e-01,-0.061,0.066
-3.64780e-01,-0.061,0.064
-3.64770e-01,-0.059,0.06
-3.64760e-01,-0.059,0.064
-3.64750e-01,-0.059,0.064
-3.64740e-01,-0.057,0.062
-3.64730e-01,-0.059,0.064
-3.64720e-01,-0.061,0.064
-3.64710e-01,-0.061,0.066
-3.64700e-01,-0.059,0.06
-3.64690e-01,-0.049,0.056
-3.64680e-01,-0.059,0.064
-3.64670e-01,-0.059,0.064
-3.64660e-01,-0.061,0.064
-3.64650e-01,-0.059,0.064
-3.64640e-01,-0.061,0.064
-3.64630e-01,-0.061,0.062
-3.64620e-01,-0.059,0.064
-3.64610e-01,-0.061,0.064
-3.64600e-01,-0.055,0.06
-3.64590e-01,-0.059,0.06
-3.64580e-01,-0.061,0.062
-3.64570e-01,-0.061,0.064
-3.64560e-01,-0.059,0.06
-3.64550e-01,-0.063,0.066
-3.64540e-01,-0.061,0.064
-3.64530e-01,-0.059,0.062
-3.64520e-01,-0.059,0.064
-3.64510e-01,-0.059,0.06
-3.64500e-01,-0.057,0.06
-3.64490e-01,-0.059,0.062
-3.64480e-01,-0.053,0.062
-3.64470e-01,-0.059,0.064
-3.64460e-01,-0.063,0.062
-3.64450e-01,-0.053,0.054
-3.64440e-01,-0.059,0.064
-3.64430e-01,-0.059,0.06
-3.64420e-01,-0.059,0.064
-3.64410e-01,-0.061,0.068
-3.64400e-01,-0.063,0.064
-3.64390e-01,-0.061,0.066
-3.64380e-01,-0.061,0.066
-3.64370e-01,-0.059,0.062
-3.64360e-01,-0.059,0.066
-3.64350e-01,-0.061,0.062
-3.64340e-01,-0.061,0.062
-3.64330e-01,-0.055,0.064
-3.64320e-01,-0.061,0.064
-3.64310e-01,-0.061,0.064
-3.64300e-01,-0.055,0.06
-3.64290e-01,-0.049,0.056
-3.64280e-01,-0.061,0.064
-3.64270e-01,-0.055,0.06
-3.64260e-01,-0.063,0.064
-3.64250e-01,-0.059,0.064
-3.64240e-01,-0.061,0.064
-3.64230e-01,-0.055,0.058
-3.64220e-01,-0.061,0.062
-3.64210e-01,-0.059,0.064
-3.64200e-01,-0.065,0.062
-3.64190e-01,-0.061,0.062
-3.64180e-01,-0.059,0.06
-3.64170e-01,-0.055,0.06
-3.64160e-01,-0.063,0.064
-3.64150e-01,-0.063,0.062
-3.64140e-01,-0.061,0.066
-3.64130e-01,-0.061,0.064
-3.64120e-01,-0.061,0.06
-3.64110e-01,-0.053,0.06
-3.64100e-01,-0.061,0.062
-3.64090e-01,-0.059,0.064
-3.64080e-01,-0.061,0.066
-3.64070e-01,-0.059,0.064
-3.64060e-01,-0.057,0.06
-3.64050e-01,-0.055,0.062
-3.64040e-01,-0.061,0.068
-3.64030e-01,-0.059,0.064
-3.64020e-01,-0.057,0.06
-3.64010e-01,-0.063,0.064
-3.64000e-01,-0.061,0.062
-3.63990e-01,-0.061,0.068
-3.63980e-01,-0.059,0.062
-3.63970e-01,-0.059,0.064
-3.63960e-01,-0.059,0.062
-3.63950e-01,-0.051,0.056
-3.63940e-01,-0.055,0.056
-3.63930e-01,-0.061,0.064
-3.63920e-01,-0.061,0.064
-3.63910e-01,-0.063,0.066
-3.63900e-01,-0.059,0.064
-3.63890e-01,-0.061,0.064
-3.63880e-01,-0.063,0.062
-3.63870e-01,-0.061,0.062
-3.63860e-01,-0.063,0.064
-3.63850e-01,-0.061,0.064
-3.63840e-01,-0.063,0.06
-3.63830e-01,-0.057,0.06
-3.63820e-01,-0.059,0.064
-3.63810e-01,-0.061,0.062
-3.63800e-01,-0.061,0.064
-3.63790e-01,-0.057,0.062
-3.63780e-01,-0.059,0.062
-3.63770e-01,-0.061,0.064
-3.63760e-01,-0.049,0.054
-3.63750e-01,-0.051,0.058
-3.63740e-01,-0.049,0.054
-3.63730e-01,-0.047,0.05
-3.63720e-01,-0.059,0.064
-3.63710e-01,-0.059,0.064
-3.63700e-01,-0.057,0.064
-3.63690e-01,-0.061,0.064
-3.63680e-01,-0.055,0.056
-3.63670e-01,-0.059,0.06
-3.63660e-01,-0.053,0.056
-3.63650e-01,-0.057,0.062
-3.63640e-01,-0.061,0.066
-3.63630e-01,-0.063,0.064
-3.63620e-01,-0.061,0.064
-3.63610e-01,-0.059,0.06
-3.63600e-01,-0.061,0.06
-3.63590e-01,-0.059,0.06
-3.63580e-01,-0.061,0.064
-3.63570e-01,-0.059,0.068
-3.63560e-01,-0.057,0.062
-3.63550e-01,-0.061,0.066
-3.63540e-01,-0.055,0.06
-3.63530e-01,-0.057,0.06
-3.63520e-01,-0.063,0.064
-3.63510e-01,-0.057,0.062
-3.63500e-01,-0.059,0.062
-3.63490e-01,-0.059,0.062
-3.63480e-01,-0.061,0.062
-3.63470e-01,-0.059,0.064
-3.63460e-01,-0.061,0.062
-3.63450e-01,-0.051,0.06
-3.63440e-01,-0.053,0.06
-3.63430e-01,-0.059,0.062
-3.63420e-01,-0.053,0.058
-3.63410e-01,-0.055,0.06
-3.63400e-01,-0.059,0.062
-3.63390e-01,-0.059,0.064
-3.63380e-01,-0.063,0.064
-3.63370e-01,-0.057,0.062
-3.63360e-01,-0.057,0.064
-3.63350e-01,-0.057,0.064
-3.63340e-01,-0.055,0.064
-3.63330e-01,-0.057,0.064
-3.63320e-01,-0.053,0.058
-3.63310e-01,-0.059,0.062
-3.63300e-01,-0.059,0.062
-3.63290e-01,-0.059,0.062
-3.63280e-01,-0.063,0.064
-3.63270e-01,-0.061,0.062
-3.63260e-01,-0.059,0.066
-3.63250e-01,-0.055,0.062
-3.63240e-01,-0.061,0.064
-3.63230e-01,-0.063,0.064
-3.63220e-01,-0.063,0.062
-3.63210e-01,-0.047,0.054
-3.63200e-01,-0.059,0.064
-3.63190e-01,-0.059,0.064
-3.63180e-01,-0.061,0.062
-3.63170e-01,-0.053,0.058
-3.63160e-01,-0.055,0.064
-3.63150e-01,-0.061,0.06
-3.63140e-01,-0.061,0.064
-3.63130e-01,-0.061,0.064
-3.63120e-01,-0.061,0.062
-3.63110e-01,-0.061,0.064
-3.63100e-01,-0.059,0.062
-3.63090e-01,-0.059,0.064
-3.63080e-01,-0.059,0.064
-3.63070e-01,-0.059,0.064
-3.63060e-01,-0.053,0.056
-3.63050e-01,-0.063,0.066
-3.63040e-01,-0.055,0.06
-3.63030e-01,-0.057,0.062
-3.63020e-01,-0.061,0.062
-3.63010e-01,-0.061,0.06
-3.63000e-01,-0.057,0.058
-3.62990e-01,-0.059,0.062
-3.62980e-01,-0.055,0.058
-3.62970e-01,-0.061,0.064
-3.62960e-01,-0.047,0.052
-3.62950e-01,-0.061,0.064
-3.62940e-01,-0.057,0.06
-3.62930e-01,-0.061,0.064
-3.62920e-01,-0.057,0.06
-3.62910e-01,-0.057,0.06
-3.62900e-01,-0.055,0.06
-3.62890e-01,-0.059,0.062
-3.62880e-01,-0.045,0.054
-3.62870e-01,-0.061,0.062
-3.62860e-01,-0.061,0.064
-3.62850e-01,-0.059,0.06
-3.62840e-01,-0.059,0.066
-3.62830e-01,-0.053,0.056
-3.62820e-01,-0.055,0.064
-3.62810e-01,-0.051,0.058
-3.62800e-01,-0.061,0.066
-3.62790e-01,-0.057,0.06
-3.62780e-01,-0.061,0.066
-3.62770e-01,-0.061,0.064
-3.62760e-01,-0.061,0.066
-3.62750e-01,-0.059,0.064
-3.62740e-01,-0.059,0.06
-3.62730e-01,-0.059,0.066
-3.62720e-01,-0.057,0.066
-3.62710e-01,-0.059,0.066
-3.62700e-01,-0.057,0.06
-3.62690e-01,-0.053,0.058
-3.62680e-01,-0.053,0.056
-3.62670e-01,-0.059,0.06
-3.62660e-01,-0.047,0.052
-3.62650e-01,-0.059,0.066
-3.62640e-01,-0.055,0.06
-3.62630e-01,-0.063,0.06
-3.62620e-01,-0.059,0.058
-3.62610e-01,-0.061,0.064
-3.62600e-01,-0.055,0.062
-3.62590e-01,-0.059,0.062
-3.62580e-01,-0.059,0.06
-3.62570e-01,-0.059,0.064
-3.62560e-01,-0.057,0.06
-3.62550e-01,-0.061,0.064
-3.62540e-01,-0.061,0.062
-3.62530e-01,-0.059,0.066
-3.62520e-01,-0.055,0.058
-3.62510e-01,-0.057,0.06
-3.62500e-01,-0.061,0.062
-3.62490e-01,-0.061,0.066
-3.62480e-01,-0.057,0.066
-3.62470e-01,-0.061,0.064
-3.62460e-01,-0.057,0.062
-3.62450e-01,-0.061,0.064
-3.62440e-01,-0.059,0.066
-3.62430e-01,-0.057,0.06
-3.62420e-01,-0.059,0.066
-3.62410e-01,-0.059,0.062
-3.62400e-01,-0.061,0.066
-3.62390e-01,-0.057,0.06
-3.62380e-01,-0.063,0.062
-3.62370e-01,-0.057,0.064
-3.62360e-01,-0.059,0.066
-3.62350e-01,-0.063,0.064
-3.62340e-01,-0.057,0.062
-3.62330e-01,-0.059,0.062
-3.62320e-01,-0.059,0.066
-3.62310e-01,-0.057,0.062
-3.62300e-01,-0.059,0.066
-3.62290e-01,-0.059,0.064
-3.62280e-01,-0.059,0.064
-3.62270e-01,-0.063,0.062
-3.62260e-01,-0.057,0.064
-3.62250e-01,-0.049,0.058
-3.62240e-01,-0.055,0.056
-3.62230e-01,-0.051,0.058
-3.62220e-01,-0.057,0.06
-3.62210e-01,-0.057,0.06
-3.62200e-01,-0.059,0.066
-3.62190e-01,-0.063,0.062
-3.62180e-01,-0.061,0.062
-3.62170e-01,-0.061,0.064
-3.62160e-01,-0.059,0.064
-3.62150e-01,-0.061,0.062
-3.62140e-01,-0.059,0.062
-3.62130e-01,-0.061,0.064
-3.62120e-01,-0.061,0.066
-3.62110e-01,-0.047,0.058
-3.62100e-01,-0.057,0.066
-3.62090e-01,-0.047,0.046
-3.62080e-01,-0.061,0.064
-3.62070e-01,-0.055,0.064
-3.62060e-01,-0.059,0.062
-3.62050e-01,-0.047,0.054
-3.62040e-01,-0.061,0.062
-3.62030e-01,-0.059,0.064
-3.62020e-01,-0.061,0.064
-3.62010e-01,-0.059,0.062
-3.62000e-01,-0.059,0.062
-3.61990e-01,-0.061,0.064
-3.61980e-01,-0.061,0.062
-3.61970e-01,-0.059,0.06
-3.61960e-01,-0.063,0.066
-3.61950e-01,-0.061,0.062
-3.61940e-01,-0.061,0.062
-3.61930e-01,-0.061,0.064
-3.61920e-01,-0.055,0.062
-3.61910e-01,-0.055,0.06
-3.61900e-01,-0.049,0.056
-3.61890e-01,-0.053,0.054
-3.61880e-01,-0.057,0.06
-3.61870e-01,-0.063,0.06
-3.61860e-01,-0.057,0.062
-3.61850e-01,-0.059,0.062
-3.61840e-01,-0.053,0.058
-3.61830e-01,-0.059,0.066
-3.61820e-01,-0.047,0.054
-3.61810e-01,-0.059,0.06
-3.61800e-01,-0.047,0.054
-3.61790e-01,-0.047,0.054
-3.61780e-01,-0.051,0.058
-3.61770e-01,-0.059,0.064
-3.61760e-01,-0.053,0.058
-3.61750e-01,-0.061,0.06
-3.61740e-01,-0.059,0.06
-3.61730e-01,-0.049,0.056
-3.61720e-01,-0.059,0.064
-3.61710e-01,-0.033,0.046
-3.61700e-01,-0.053,0.06
-3.61690e-01,-0.047,0.048
-3.61680e-01,-0.061,0.064
-3.61670e-01,-0.057,0.064
-3.61660e-01,-0.059,0.062
-3.61650e-01,-0.061,0.06
-3.61640e-01,-0.059,0.064
-3.61630e-01,-0.063,0.062
-3.61620e-01,-0.057,0.062
-3.61610e-01,-0.059,0.064
-3.61600e-01,-0.063,0.066
-3.61590e-01,-0.055,0.06
-3.61580e-01,-0.059,0.062
-3.61570e-01,-0.057,0.064
-3.61560e-01,-0.059,0.066
-3.61550e-01,-0.061,0.062
-3.61540e-01,-0.057,0.06
-3.61530e-01,-0.061,0.064
-3.61520e-01,-0.061,0.062
-3.61510e-01,-0.059,0.066
-3.61500e-01,-0.059,0.064
-3.61490e-01,-0.057,0.062
-3.61480e-01,-0.051,0.062
-3.61470e-01,-0.059,0.064
-3.61460e-01,-0.051,0.054
-3.61450e-01,-0.055,0.066
-3.61440e-01,-0.051,0.058
-3.61430e-01,-0.061,0.064
-3.61420e-01,-0.057,0.064
-3.61410e-01,-0.059,0.066
-3.61400e-01,-0.061,0.064
-3.61390e-01,-0.059,0.064
-3.61380e-01,-0.053,0.06
-3.61370e-01,-0.059,0.06
-3.61360e-01,-0.061,0.062
-3.61350e-01,-0.061,0.064
-3.61340e-01,-0.057,0.06
-3.61330e-01,-0.055,0.058
-3.61320e-01,-0.055,0.06
-3.61310e-01,-0.059,0.064
-3.61300e-01,-0.059,0.062
-3.61290e-01,-0.055,0.06
-3.61280e-01,-0.061,0.066
-3.61270e-01,-0.059,0.06
-3.61260e-01,-0.057,0.06
-3.61250e-01,-0.059,0.064
-3.61240e-01,-0.055,0.06
-3.61230e-01,-0.061,0.064
-3.61220e-01,-0.053,0.06
-3.61210e-01,-0.061,0.064
-3.61200e-01,-0.053,0.056
-3.61190e-01,-0.061,0.066
-3.61180e-01,-0.061,0.062
-3.61170e-01,-0.053,0.058
-3.61160e-01,-0.053,0.06
-3.61150e-01,-0.055,0.06
-3.61140e-01,-0.059,0.062
-3.61130e-01,-0.055,0.06
-3.61120e-01,-0.059,0.06
-3.61110e-01,-0.057,0.06
-3.61100e-01,-0.061,0.064
-3.61090e-01,-0.057,0.064
-3.61080e-01,-0.057,0.064
-3.61070e-01,-0.059,0.062
-3.61060e-01,-0.063,0.062
-3.61050e-01,-0.061,0.064
-3.61040e-01,-0.057,0.058
-3.61030e-01,-0.065,0.064
-3.61020e-01,-0.061,0.064
-3.61010e-01,-0.057,0.062
-3.61000e-01,-0.057,0.06
-3.60990e-01,-0.051,0.056
-3.60980e-01,-0.047,0.058
-3.60970e-01,-0.047,0.054
-3.60960e-01,-0.061,0.066
-3.60950e-01,-0.059,0.06
-3.60940e-01,-0.059,0.064
-3.60930e-01,-0.059,0.062
-3.60920e-01,-0.059,0.06
-3.60910e-01,-0.059,0.06
-3.60900e-01,-0.063,0.066
-3.60890e-01,-0.055,0.06
-3.60880e-01,-0.057,0.062
-3.60870e-01,-0.049,0.056
-3.60860e-01,-0.057,0.064
-3.60850e-01,-0.065,0.066
-3.60840e-01,-0.059,0.066
-3.60830e-01,-0.061,0.062
-3.60820e-01,-0.057,0.06
-3.60810e-01,-0.057,0.06
-3.60800e-01,-0.057,0.064
-3.60790e-01,-0.059,0.064
-3.60780e-01,-0.063,0.064
-3.60770e-01,-0.059,0.056
-3.60760e-01,-0.059,0.064
-3.60750e-01,-0.055,0.056
-3.60740e-01,-0.063,0.064
-3.60730e-01,-0.053,0.058
-3.60720e-01,-0.061,0.064
-3.60710e-01,-0.053,0.058
-3.60700e-01,-0.059,0.06
-3.60690e-01,-0.059,0.062
-3.60680e-01,-0.061,0.064
-3.60670e-01,-0.061,0.064
-3.60660e-01,-0.053,0.056
-3.60650e-01,-0.061,0.062
-3.60640e-01,-0.059,0.06
-3.60630e-01,-0.059,0.064
-3.60620e-01,-0.049,0.058
-3.60610e-01,-0.055,0.062
-3.60600e-01,-0.061,0.064
-3.60590e-01,-0.061,0.066
-3.60580e-01,-0.063,0.06
-3.60570e-01,-0.061,0.066
-3.60560e-01,-0.063,0.066
-3.60550e-01,-0.059,0.062
-3.60540e-01,-0.059,0.064
-3.60530e-01,-0.061,0.062
-3.60520e-01,-0.061,0.064
-3.60510e-01,-0.061,0.064
-3.60500e-01,-0.053,0.058
-3.60490e-01,-0.059,0.064
-3.60480e-01,-0.053,0.06
-3.60470e-01,-0.063,0.06
-3.60460e-01,-0.053,0.062
-3.60450e-01,-0.059,0.062
-3.60440e-01,-0.057,0.062
-3.60430e-01,-0.061,0.064
-3.60420e-01,-0.063,0.068
-3.60410e-01,-0.059,0.064
-3.60400e-01,-0.059,0.066
-3.60390e-01,-0.057,0.06
-3.60380e-01,-0.059,0.062
-3.60370e-01,-0.063,0.064
-3.60360e-01,-0.059,0.06
-3.60350e-01,-0.057,0.06
-3.60340e-01,-0.061,0.064
-3.60330e-01,-0.055,0.06
-3.60320e-01,-0.057,0.064
-3.60310e-01,-0.055,0.06
-3.60300e-01,-0.061,0.064
-3.60290e-01,-0.061,0.064
-3.60280e-01,-0.057,0.062
-3.60270e-01,-0.057,0.064
-3.60260e-01,-0.063,0.062
-3.60250e-01,-0.061,0.062
-3.60240e-01,-0.061,0.064
-3.60230e-01,-0.063,0.064
-3.60220e-01,-0.059,0.064
-3.60210e-01,-0.057,0.062
-3.60200e-01,-0.059,0.064
-3.60190e-01,-0.059,0.064
-3.60180e-01,-0.059,0.062
-3.60170e-01,-0.059,0.066
-3.60160e-01,-0.061,0.064
-3.60150e-01,-0.061,0.064
-3.60140e-01,-0.059,0.062
-3.60130e-01,-0.063,0.062
-3.60120e-01,-0.059,0.064
-3.60110e-01,-0.057,0.064
-3.60100e-01,-0.055,0.064
-3.60090e-01,-0.053,0.056
-3.60080e-01,-0.059,0.064
-3.60070e-01,-0.061,0.068
-3.60060e-01,-0.057,0.06
-3.60050e-01,-0.063,0.062
-3.60040e-01,-0.061,0.068
-3.60030e-01,-0.057,0.06
-3.60020e-01,-0.061,0.064
-3.60010e-01,-0.061,0.064
-3.60000e-01,-0.059,0.064
-3.59990e-01,-0.057,0.062
-3.59980e-01,-0.063,0.066
-3.59970e-01,-0.057,0.062
-3.59960e-01,-0.065,0.06
-3.59950e-01,-0.063,0.066
-3.59940e-01,-0.053,0.062
-3.59930e-01,-0.059,0.06
-3.59920e-01,-0.057,0.058
-3.59910e-01,-0.063,0.066
-3.59900e-01,-0.059,0.062
-3.59890e-01,-0.063,0.064
-3.59880e-01,-0.059,0.064
-3.59870e-01,-0.049,0.054
-3.59860e-01,-0.059,0.06
-3.59850e-01,-0.049,0.054
-3.59840e-01,-0.059,0.064
-3.59830e-01,-0.053,0.06
-3.59820e-01,-0.057,0.06
-3.59810e-01,-0.055,0.06
-3.59800e-01,-0.057,0.064
-3.59790e-01,-0.059,0.06
-3.59780e-01,-0.057,0.062
-3.59770e-01,-0.049,0.058
-3.59760e-01,-0.063,0.064
-3.59750e-01,-0.057,0.062
-3.59740e-01,-0.055,0.058
-3.59730e-01,-0.043,0.048
-3.59720e-01,-0.053,0.064
-3.59710e-01,-0.059,0.06
-3.59700e-01,-0.057,0.062
-3.59690e-01,-0.057,0.064
-3.59680e-01,-0.055,0.06
-3.59670e-01,-0.059,0.068
-3.59660e-01,-0.061,0.064
-3.59650e-01,-0.061,0.064
-3.59640e-01,-0.059,0.066
-3.59630e-01,-0.057,0.06
-3.59620e-01,-0.059,0.06
-3.59610e-01,-0.059,0.062
-3.59600e-01,-0.059,0.062
-3.59590e-01,-0.057,0.062
-3.59580e-01,-0.055,0.06
-3.59570e-01,-0.059,0.06
-3.59560e-01,-0.053,0.058
-3.59550e-01,-0.059,0.064
-3.59540e-01,-0.059,0.062
-3.59530e-01,-0.061,0.064
-3.59520e-01,-0.063,0.066
-3.59510e-01,-0.057,0.064
-3.59500e-01,-0.061,0.066
-3.59490e-01,-0.051,0.056
-3.59480e-01,-0.059,0.064
-3.59470e-01,-0.059,0.066
-3.59460e-01,-0.057,0.062
-3.59450e-01,-0.061,0.06
-3.59440e-01,-0.057,0.062
-3.59430e-01,-0.059,0.06
-3.59420e-01,-0.051,0.06
-3.59410e-01,-0.051,0.056
-3.59400e-01,-0.041,0.048
-3.59390e-01,-0.055,0.06
-3.59380e-01,-0.049,0.056
-3.59370e-01,-0.057,0.058
-3.59360e-01,-0.055,0.058
-3.59350e-01,-0.059,0.06
-3.59340e-01,-0.055,0.06
-3.59330e-01,-0.057,0.06
-3.59320e-01,-0.053,0.056
-3.59310e-01,-0.061,0.066
-3.59300e-01,-0.059,0.062
-3.59290e-01,-0.063,0.066
-3.59280e-01,-0.059,0.064
-3.59270e-01,-0.061,0.064
-3.59260e-01,-0.061,0.062
-3.59250e-01,-0.061,0.064
-3.59240e-01,-0.061,0.064
-3.59230e-01,-0.059,0.064
-3.59220e-01,-0.057,0.06
-3.59210e-01,-0.057,0.064
-3.59200e-01,-0.053,0.054
-3.59190e-01,-0.059,0.06
-3.59180e-01,-0.053,0.058
-3.59170e-01,-0.059,0.064
-3.59160e-01,-0.053,0.062
-3.59150e-01,-0.059,0.064
-3.59140e-01,-0.055,0.06
-3.59130e-01,-0.059,0.066
-3.59120e-01,-0.057,0.066
-3.59110e-01,-0.049,0.052
-3.59100e-01,-0.059,0.064
-3.59090e-01,-0.055,0.06
-3.59080e-01,-0.051,0.054
-3.59070e-01,-0.059,0.06
-3.59060e-01,-0.061,0.068
-3.59050e-01,-0.061,0.062
-3.59040e-01,-0.059,0.064
-3.59030e-01,-0.053,0.06
-3.59020e-01,-0.059,0.062
-3.59010e-01,-0.055,0.06
-3.59000e-01,-0.057,0.064
-3.58990e-01,-0.053,0.052
-3.58980e-01,-0.061,0.06
-3.58970e-01,-0.049,0.054
-3.58960e-01,-0.061,0.064
-3.58950e-01,-0.057,0.064
-3.58940e-01,-0.055,0.064
-3.58930e-01,-0.061,0.064
-3.58920e-01,-0.059,0.064
-3.58910e-01,-0.059,0.068
-3.58900e-01,-0.059,0.064
-3.58890e-01,-0.055,0.058
-3.58880e-01,-0.061,0.064
-3.58870e-01,-0.057,0.06
-3.58860e-01,-0.061,0.066
-3.58850e-01,-0.063,0.064
-3.58840e-01,-0.059,0.066
-3.58830e-01,-0.053,0.064
-3.58820e-01,-0.059,0.062
-3.58810e-01,-0.059,0.06
-3.58800e-01,-0.059,0.06
-3.58790e-01,-0.061,0.066
-3.58780e-01,-0.061,0.062
-3.58770e-01,-0.059,0.062
-3.58760e-01,-0.061,0.064
-3.58750e-01,-0.061,0.064
-3.58740e-01,-0.063,0.066
-3.58730e-01,-0.055,0.062
-3.58720e-01,-0.061,0.066
-3.58710e-01,-0.057,0.062
-3.58700e-01,-0.053,0.06
-3.58690e-01,-0.055,0.062
-3.58680e-01,-0.057,0.064
-3.58670e-01,-0.063,0.064
-3.58660e-01,-0.059,0.064
-3.58650e-01,-0.057,0.064
-3.58640e-01,-0.059,0.064
-3.58630e-01,-0.061,0.064
-3.58620e-01,-0.059,0.06
-3.58610e-01,-0.061,0.06
-3.58600e-01,-0.059,0.06
-3.58590e-01,-0.061,0.064
-3.58580e-01,-0.059,0.064
-3.58570e-01,-0.059,0.06
-3.58560e-01,-0.055,0.066
-3.58550e-01,-0.061,0.064
-3.58540e-01,-0.061,0.064
-3.58530e-01,-0.055,0.06
-3.58520e-01,-0.051,0.058
-3.58510e-01,-0.061,0.066
-3.58500e-01,-0.059,0.066
-3.58490e-01,-0.051,0.056
-3.58480e-01,-0.055,0.056
-3.58470e-01,-0.049,0.05
-3.58460e-01,-0.051,0.058
-3.58450e-01,-0.051,0.058
-3.58440e-01,-0.043,0.048
-3.58430e-01,-0.049,0.052
-3.58420e-01,-0.057,0.062
-3.58410e-01,-0.057,0.06
-3.58400e-01,-0.057,0.06
-3.58390e-01,-0.059,0.062
-3.58380e-01,-0.059,0.062
-3.58370e-01,-0.059,0.064
-3.58360e-01,-0.059,0.064
-3.58350e-01,-0.061,0.064
-3.58340e-01,-0.061,0.066
-3.58330e-01,-0.061,0.064
-3.58320e-01,-0.047,0.054
-3.58310e-01,-0.061,0.062
-3.58300e-01,-0.059,0.062
-3.58290e-01,-0.057,0.058
-3.58280e-01,-0.059,0.064
-3.58270e-01,-0.047,0.056
-3.58260e-01,-0.061,0.066
-3.58250e-01,-0.059,0.066
-3.58240e-01,-0.059,0.066
-3.58230e-01,-0.051,0.058
-3.58220e-01,-0.049,0.052
-3.58210e-01,-0.057,0.062
-3.58200e-01,-0.055,0.058
-3.58190e-01,-0.055,0.06
-3.58180e-01,-0.057,0.064
-3.58170e-01,-0.057,0.062
-3.58160e-01,-0.061,0.064
-3.58150e-01,-0.059,0.062
-3.58140e-01,-0.061,0.062
-3.58130e-01,-0.055,0.062
-3.58120e-01,-0.061,0.064
-3.58110e-01,-0.055,0.06
-3.58100e-01,-0.051,0.056
-3.58090e-01,-0.059,0.06
-3.58080e-01,-0.057,0.06
-3.58070e-01,-0.061,0.062
-3.58060e-01,-0.061,0.06
-3.58050e-01,-0.051,0.056
-3.58040e-01,-0.059,0.066
-3.58030e-01,-0.057,0.06
-3.58020e-01,-0.061,0.062
-3.58010e-01,-0.061,0.064
-3.58000e-01,-0.059,0.064
-3.57990e-01,-0.055,0.062
-3.57980e-01,-0.063,0.064
-3.57970e-01,-0.053,0.06
-3.57960e-01,-0.061,0.062
-3.57950e-01,-0.059,0.066
-3.57940e-01,-0.059,0.064
-3.57930e-01,-0.059,0.06
-3.57920e-01,-0.057,0.062
-3.57910e-01,-0.061,0.068
-3.57900e-01,-0.063,0.06
-3.57890e-01,-0.059,0.064
-3.57880e-01,-0.059,0.062
-3.57870e-01,-0.061,0.064
-3.57860e-01,-0.061,0.064
-3.57850e-01,-0.061,0.064
-3.57840e-01,-0.057,0.062
-3.57830e-01,-0.059,0.066
-3.57820e-01,-0.051,0.052
-3.57810e-01,-0.059,0.062
-3.57800e-01,-0.059,0.066
-3.57790e-01,-0.063,0.062
-3.57780e-01,-0.063,0.066
-3.57770e-01,-0.057,0.06
-3.57760e-01,-0.057,0.064
-3.57750e-01,-0.061,0.064
-3.57740e-01,-0.059,0.062
-3.57730e-01,-0.063,0.064
-3.57720e-01,-0.061,0.064
-3.57710e-01,-0.059,0.06
-3.57700e-01,-0.059,0.066
-3.57690e-01,-0.059,0.062
-3.57680e-01,-0.059,0.062
-3.57670e-01,-0.055,0.062
-3.57660e-01,-0.059,0.06
-3.57650e-01,-0.061,0.062
-3.57640e-01,-0.063,0.064
-3.57630e-01,-0.061,0.064
-3.57620e-01,-0.059,0.064
-3.57610e-01,-0.059,0.064
-3.57600e-01,-0.059,0.064
-3.57590e-01,-0.061,0.064
-3.57580e-01,-0.057,0.062
-3.57570e-01,-0.057,0.064
-3.57560e-01,-0.059,0.066
-3.57550e-01,-0.059,0.062
-3.57540e-01,-0.057,0.064
-3.57530e-01,-0.059,0.06
-3.57520e-01,-0.063,0.062
-3.57510e-01,-0.061,0.068
-3.57500e-01,-0.059,0.062
-3.57490e-01,-0.057,0.064
-3.57480e-01,-0.049,0.052
-3.57470e-01,-0.057,0.064
-3.57460e-01,-0.061,0.062
-3.57450e-01,-0.059,0.062
-3.57440e-01,-0.059,0.06
-3.57430e-01,-0.051,0.06
-3.57420e-01,-0.061,0.064
-3.57410e-01,-0.057,0.066
-3.57400e-01,-0.059,0.064
-3.57390e-01,-0.055,0.06
-3.57380e-01,-0.053,0.058
-3.57370e-01,-0.053,0.062
-3.57360e-01,-0.059,0.062
-3.57350e-01,-0.059,0.06
-3.57340e-01,-0.061,0.062
-3.57330e-01,-0.059,0.066
-3.57320e-01,-0.059,0.064
-3.57310e-01,-0.061,0.064
-3.57300e-01,-0.063,0.066
-3.57290e-01,-0.061,0.062
-3.57280e-01,-0.059,0.062
-3.57270e-01,-0.057,0.06
-3.57260e-01,-0.059,0.062
-3.57250e-01,-0.059,0.064
-3.57240e-01,-0.061,0.066
-3.57230e-01,-0.061,0.064
-3.57220e-01,-0.057,0.064
-3.57210e-01,-0.063,0.062
-3.57200e-01,-0.059,0.062
-3.57190e-01,-0.059,0.064
-3.57180e-01,-0.061,0.06
-3.57170e-01,-0.061,0.062
-3.57160e-01,-0.059,0.068
-3.57150e-01,-0.061,0.062
-3.57140e-01,-0.057,0.06
-3.57130e-01,-0.059,0.064
-3.57120e-01,-0.061,0.062
-3.57110e-01,-0.061,0.064
-3.57100e-01,-0.057,0.062
-3.57090e-01,-0.061,0.064
-3.57080e-01,-0.061,0.064
-3.57070e-01,-0.059,0.062
-3.57060e-01,-0.055,0.066
-3.57050e-01,-0.061,0.064
-3.57040e-01,-0.061,0.064
-3.57030e-01,-0.059,0.064
-3.57020e-01,-0.063,0.064
-3.57010e-01,-0.059,0.064
-3.57000e-01,-0.057,0.06
-3.56990e-01,-0.047,0.056
-3.56980e-01,-0.061,0.064
-3.56970e-01,-0.057,0.064
-3.56960e-01,-0.061,0.066
-3.56950e-01,-0.061,0.064
-3.56940e-01,-0.057,0.064
-3.56930e-01,-0.059,0.064
-3.56920e-01,-0.059,0.068
-3.56910e-01,-0.057,0.066
-3.56900e-01,-0.059,0.062
-3.56890e-01,-0.061,0.064
-3.56880e-01,-0.059,0.064
-3.56870e-01,-0.061,0.06
-3.56860e-01,-0.059,0.066
-3.56850e-01,-0.057,0.066
-3.56840e-01,-0.057,0.064
-3.56830e-01,-0.057,0.066
-3.56820e-01,-0.059,0.066
-3.56810e-01,-0.061,0.064
-3.56800e-01,-0.055,0.064
-3.56790e-01,-0.059,0.064
-3.56780e-01,-0.059,0.06
-3.56770e-01,-0.059,0.064
-3.56760e-01,-0.063,0.062
-3.56750e-01,-0.057,0.06
-3.56740e-01,-0.061,0.066
-3.56730e-01,-0.055,0.06
-3.56720e-01,-0.063,0.064
-3.56710e-01,-0.059,0.064
-3.56700e-01,-0.057,0.064
-3.56690e-01,-0.055,0.06
-3.56680e-01,-0.059,0.062
-3.56670e-01,-0.059,0.062
-3.56660e-01,-0.059,0.064
-3.56650e-01,-0.061,0.062
-3.56640e-01,-0.061,0.064
-3.56630e-01,-0.059,0.064
-3.56620e-01,-0.063,0.06
-3.56610e-01,-0.057,0.06
-3.56600e-01,-0.063,0.064
-3.56590e-01,-0.059,0.064
-3.56580e-01,-0.061,0.064
-3.56570e-01,-0.057,0.064
-3.56560e-01,-0.059,0.064
-3.56550e-01,-0.061,0.066
-3.56540e-01,-0.063,0.066
-3.56530e-01,-0.053,0.062
-3.56520e-01,-0.057,0.062
-3.56510e-01,-0.059,0.06
-3.56500e-01,-0.059,0.064
-3.56490e-01,-0.059,0.064
-3.56480e-01,-0.057,0.06
-3.56470e-01,-0.057,0.06
-3.56460e-01,-0.049,0.052
-3.56450e-01,-0.047,0.052
-3.56440e-01,-0.053,0.058
-3.56430e-01,-0.057,0.06
-3.56420e-01,-0.059,0.064
-3.56410e-01,-0.061,0.066
-3.56400e-01,-0.059,0.064
-3.56390e-01,-0.059,0.062
-3.56380e-01,-0.047,0.052
-3.56370e-01,-0.059,0.06
-3.56360e-01,-0.055,0.058
-3.56350e-01,-0.063,0.064
-3.56340e-01,-0.057,0.062
-3.56330e-01,-0.059,0.064
-3.56320e-01,-0.059,0.062
-3.56310e-01,-0.061,0.064
-3.56300e-01,-0.059,0.064
-3.56290e-01,-0.063,0.062
-3.56280e-01,-0.059,0.068
-3.56270e-01,-0.061,0.064
-3.56260e-01,-0.057,0.062
-3.56250e-01,-0.059,0.06
-3.56240e-01,-0.059,0.06
-3.56230e-01,-0.059,0.064
-3.56220e-01,-0.057,0.06
-3.56210e-01,-0.055,0.064
-3.56200e-01,-0.051,0.054
-3.56190e-01,-0.063,0.062
-3.56180e-01,-0.063,0.068
-3.56170e-01,-0.061,0.062
-3.56160e-01,-0.053,0.056
-3.56150e-01,-0.061,0.064
-3.56140e-01,-0.053,0.06
-3.56130e-01,-0.061,0.064
-3.56120e-01,-0.059,0.064
-3.56110e-01,-0.061,0.062
-3.56100e-01,-0.059,0.064
-3.56090e-01,-0.059,0.064
-3.56080e-01,-0.059,0.06
-3.56070e-01,-0.063,0.064
-3.56060e-01,-0.059,0.062
-3.56050e-01,-0.061,0.06
-3.56040e-01,-0.063,0.064
-3.56030e-01,-0.053,0.062
-3.56020e-01,-0.053,0.058
-3.56010e-01,-0.053,0.06
-3.56000e-01,-0.053,0.06
-3.55990e-01,-0.047,0.054
-3.55980e-01,-0.053,0.056
-3.55970e-01,-0.057,0.06
-3.55960e-01,-0.059,0.062
-3.55950e-01,-0.059,0.066
-3.55940e-01,-0.059,0.064
-3.55930e-01,-0.061,0.066
-3.55920e-01,-0.061,0.06
-3.55910e-01,-0.041,0.044
-3.55900e-01,-0.057,0.06
-3.55890e-01,-0.061,0.062
-3.55880e-01,-0.063,0.066
-3.55870e-01,-0.053,0.058
-3.55860e-01,-0.051,0.058
-3.55850e-01,-0.059,0.064
-3.55840e-01,-0.053,0.06
-3.55830e-01,-0.057,0.064
-3.55820e-01,-0.057,0.06
-3.55810e-01,-0.065,0.064
-3.55800e-01,-0.055,0.058
-3.55790e-01,-0.057,0.06
-3.55780e-01,-0.063,0.062
-3.55770e-01,-0.057,0.058
-3.55760e-01,-0.059,0.06
-3.55750e-01,-0.061,0.066
-3.55740e-01,-0.059,0.064
-3.55730e-01,-0.059,0.062
-3.55720e-01,-0.059,0.062
-3.55710e-01,-0.059,0.064
-3.55700e-01,-0.061,0.062
-3.55690e-01,-0.061,0.066
-3.55680e-01,-0.055,0.058
-3.55670e-01,-0.059,0.066
-3.55660e-01,-0.059,0.064
-3.55650e-01,-0.059,0.064
-3.55640e-01,-0.063,0.064
-3.55630e-01,-0.065,0.066
-3.55620e-01,-0.053,0.06
-3.55610e-01,-0.059,0.06
-3.55600e-01,-0.057,0.064
-3.55590e-01,-0.053,0.058
-3.55580e-01,-0.057,0.062
-3.55570e-01,-0.057,0.066
-3.55560e-01,-0.057,0.064
-3.55550e-01,-0.061,0.062
-3.55540e-01,-0.039,0.046
-3.55530e-01,-0.047,0.05
-3.55520e-01,-0.055,0.058
-3.55510e-01,-0.061,0.066
-3.55500e-01,-0.061,0.064
-3.55490e-01,-0.063,0.062
-3.55480e-01,-0.059,0.06
-3.55470e-01,-0.061,0.062
-3.55460e-01,-0.061,0.064
-3.55450e-01,-0.063,0.064
-3.55440e-01,-0.061,0.064
-3.55430e-01,-0.061,0.068
-3.55420e-01,-0.055,0.062
-3.55410e-01,-0.061,0.064
-3.55400e-01,-0.063,0.064
-3.55390e-01,-0.065,0.062
-3.55380e-01,-0.061,0.062
-3.55370e-01,-0.055,0.06
-3.55360e-01,-0.059,0.06
-3.55350e-01,-0.057,0.06
-3.55340e-01,-0.057,0.06
-3.55330e-01,-0.055,0.058
-3.55320e-01,-0.061,0.064
-3.55310e-01,-0.057,0.062
-3.55300e-01,-0.057,0.062
-3.55290e-01,-0.055,0.062
-3.55280e-01,-0.055,0.06
-3.55270e-01,-0.059,0.064
-3.55260e-01,-0.057,0.064
-3.55250e-01,-0.061,0.066
-3.55240e-01,-0.061,0.062
-3.55230e-01,-0.059,0.064
-3.55220e-01,-0.059,0.064
-3.55210e-01,-0.051,0.058
-3.55200e-01,-0.053,0.06
-3.55190e-01,-0.055,0.058
-3.55180e-01,-0.061,0.06
-3.55170e-01,-0.061,0.062
-3.55160e-01,-0.059,0.062
-3.55150e-01,-0.059,0.064
-3.55140e-01,-0.059,0.062
-3.55130e-01,-0.059,0.064
-3.55120e-01,-0.063,0.064
-3.55110e-01,-0.065,0.062
-3.55100e-01,-0.055,0.062
-3.55090e-01,-0.059,0.064
-3.55080e-01,-0.057,0.064
-3.55070e-01,-0.055,0.056
-3.55060e-01,-0.057,0.06
-3.55050e-01,-0.057,0.062
-3.55040e-01,-0.059,0.06
-3.55030e-01,-0.055,0.06
-3.55020e-01,-0.049,0.06
-3.55010e-01,-0.049,0.056
-3.55000e-01,-0.059,0.062
-3.54990e-01,-0.059,0.064
-3.54980e-01,-0.061,0.06
-3.54970e-01,-0.057,0.064
-3.54960e-01,-0.059,0.062
-3.54950e-01,-0.059,0.068
-3.54940e-01,-0.059,0.064
-3.54930e-01,-0.059,0.066
-3.54920e-01,-0.061,0.06
-3.54910e-01,-0.059,0.064
-3.54900e-01,-0.055,0.064
-3.54890e-01,-0.061,0.06
-3.54880e-01,-0.063,0.066
-3.54870e-01,-0.061,0.06
-3.54860e-01,-0.059,0.06
-3.54850e-01,-0.063,0.062
-3.54840e-01,-0.063,0.066
-3.54830e-01,-0.059,0.062
-3.54820e-01,-0.061,0.062
-3.54810e-01,-0.061,0.064
-3.54800e-01,-0.061,0.064
-3.54790e-01,-0.059,0.062
-3.54780e-01,-0.061,0.066
-3.54770e-01,-0.061,0.064
-3.54760e-01,-0.059,0.064
-3.54750e-01,-0.063,0.064
-3.54740e-01,-0.059,0.064
-3.54730e-01,-0.061,0.064
-3.54720e-01,-0.061,0.064
-3.54710e-01,-0.053,0.06
-3.54700e-01,-0.059,0.062
-3.54690e-01,-0.051,0.054
-3.54680e-01,-0.051,0.056
-3.54670e-01,-0.061,0.062
-3.54660e-01,-0.057,0.06
-3.54650e-01,-0.063,0.064
-3.54640e-01,-0.061,0.064
-3.54630e-01,-0.061,0.066
-3.54620e-01,-0.057,0.062
-3.54610e-01,-0.063,0.06
-3.54600e-01,-0.059,0.066
-3.54590e-01,-0.057,0.06
-3.54580e-01,-0.061,0.064
-3.54570e-01,-0.059,0.062
-3.54560e-01,-0.063,0.066
-3.54550e-01,-0.063,0.066
-3.54540e-01,-0.061,0.064
-3.54530e-01,-0.061,0.064
-3.54520e-01,-0.051,0.06
-3.54510e-01,-0.059,0.066
-3.54500e-01,-0.059,0.064
-3.54490e-01,-0.059,0.066
-3.54480e-01,-0.061,0.064
-3.54470e-01,-0.063,0.064
-3.54460e-01,-0.063,0.064
-3.54450e-01,-0.051,0.06
-3.54440e-01,-0.061,0.064
-3.54430e-01,-0.057,0.06
-3.54420e-01,-0.057,0.06
-3.54410e-01,-0.059,0.06
-3.54400e-01,-0.059,0.062
-3.54390e-01,-0.059,0.064
-3.54380e-01,-0.057,0.062
-3.54370e-01,-0.061,0.06
-3.54360e-01,-0.059,0.062
-3.54350e-01,-0.061,0.066
-3.54340e-01,-0.059,0.064
-3.54330e-01,-0.061,0.064
-3.54320e-01,-0.059,0.062
-3.54310e-01,-0.063,0.064
-3.54300e-01,-0.061,0.062
-3.54290e-01,-0.061,0.064
-3.54280e-01,-0.059,0.064
-3.54270e-01,-0.057,0.064
-3.54260e-01,-0.055,0.064
-3.54250e-01,-0.063,0.068
-3.54240e-01,-0.063,0.066
-3.54230e-01,-0.059,0.064
-3.54220e-01,-0.059,0.064
-3.54210e-01,-0.057,0.064
-3.54200e-01,-0.059,0.062
-3.54190e-01,-0.055,0.062
-3.54180e-01,-0.059,0.064
-3.54170e-01,-0.061,0.062
-3.54160e-01,-0.063,0.064
-3.54150e-01,-0.057,0.064
-3.54140e-01,-0.061,0.062
-3.54130e-01,-0.051,0.056
-3.54120e-01,-0.055,0.062
-3.54110e-01,-0.047,0.054
-3.54100e-01,-0.059,0.06
-3.54090e-01,-0.055,0.06
-3.54080e-01,-0.051,0.056
-3.54070e-01,-0.045,0.054
-3.54060e-01,-0.049,0.056
-3.54050e-01,-0.057,0.06
-3.54040e-01,-0.059,0.064
-3.54030e-01,-0.057,0.06
-3.54020e-01,-0.061,0.064
-3.54010e-01,-0.061,0.064
-3.54000e-01,-0.057,0.062
-3.53990e-01,-0.055,0.058
-3.53980e-01,-0.059,0.062
-3.53970e-01,-0.063,0.062
-3.53960e-01,-0.063,0.062
-3.53950e-01,-0.061,0.064
-3.53940e-01,-0.063,0.062
-3.53930e-01,-0.057,0.062
-3.53920e-01,-0.061,0.066
-3.53910e-01,-0.051,0.054
-3.53900e-01,-0.057,0.06
-3.53890e-01,-0.053,0.06
-3.53880e-01,-0.059,0.064
-3.53870e-01,-0.055,0.06
-3.53860e-01,-0.059,0.062
-3.53850e-01,-0.057,0.06
-3.53840e-01,-0.059,0.068
-3.53830e-01,-0.053,0.06
-3.53820e-01,-0.051,0.058
-3.53810e-01,-0.053,0.056
-3.53800e-01,-0.057,0.064
-3.53790e-01,-0.059,0.064
-3.53780e-01,-0.059,0.066
-3.53770e-01,-0.059,0.066
-3.53760e-01,-0.059,0.064
-3.53750e-01,-0.059,0.062
-3.53740e-01,-0.059,0.064
-3.53730e-01,-0.059,0.064
-3.53720e-01,-0.059,0.062
-3.53710e-01,-0.061,0.066
-3.53700e-01,-0.061,0.064
-3.53690e-01,-0.063,0.066
-3.53680e-01,-0.061,0.064
-3.53670e-01,-0.059,0.062
-3.53660e-01,-0.059,0.066
-3.53650e-01,-0.059,0.066
-3.53640e-01,-0.059,0.066
-3.53630e-01,-0.059,0.06
-3.53620e-01,-0.061,0.064
-3.53610e-01,-0.053,0.06
-3.53600e-01,-0.061,0.064
-3.53590e-01,-0.055,0.058
-3.53580e-01,-0.063,0.064
-3.53570e-01,-0.061,0.062
-3.53560e-01,-0.057,0.064
-3.53550e-01,-0.061,0.066
-3.53540e-01,-0.053,0.06
-3.53530e-01,-0.059,0.064
-3.53520e-01,-0.057,0.058
-3.53510e-01,-0.059,0.064
-3.53500e-01,-0.055,0.062
-3.53490e-01,-0.057,0.066
-3.53480e-01,-0.059,0.064
-3.53470e-01,-0.059,0.06
-3.53460e-01,-0.059,0.064
-3.53450e-01,-0.061,0.066
-3.53440e-01,-0.063,0.062
-3.53430e-01,-0.065,0.064
-3.53420e-01,-0.057,0.06
-3.53410e-01,-0.063,0.062
-3.53400e-01,-0.059,0.064
-3.53390e-01,-0.059,0.06
-3.53380e-01,-0.057,0.062
-3.53370e-01,-0.061,0.064
-3.53360e-01,-0.059,0.064
-3.53350e-01,-0.059,0.064
-3.53340e-01,-0.063,0.06
-3.53330e-01,-0.061,0.064
-3.53320e-01,-0.061,0.064
-3.53310e-01,-0.057,0.06
-3.53300e-01,-0.059,0.06
-3.53290e-01,-0.051,0.058
-3.53280e-01,-0.047,0.048
-3.53270e-01,-0.053,0.058
-3.53260e-01,-0.059,0.064
-3.53250e-01,-0.057,0.062
-3.53240e-01,-0.055,0.06
-3.53230e-01,-0.063,0.062
-3.53220e-01,-0.053,0.06
-3.53210e-01,-0.061,0.062
-3.53200e-01,-0.059,0.062
-3.53190e-01,-0.059,0.06
-3.53180e-01,-0.053,0.062
-3.53170e-01,-0.045,0.052
-3.53160e-01,-0.035,0.04
-3.53150e-01,-0.047,0.052
-3.53140e-01,-0.041,0.044
-3.53130e-01,-0.053,0.06
-3.53120e-01,-0.063,0.064
-3.53110e-01,-0.059,0.064
-3.53100e-01,-0.059,0.06
-3.53090e-01,-0.055,0.06
-3.53080e-01,-0.059,0.066
-3.53070e-01,-0.061,0.064
-3.53060e-01,-0.057,0.062
-3.53050e-01,-0.059,0.064
-3.53040e-01,-0.059,0.06
-3.53030e-01,-0.059,0.064
-3.53020e-01,-0.059,0.064
-3.53010e-01,-0.061,0.06
-3.53000e-01,-0.061,0.06
-3.52990e-01,-0.061,0.062
-3.52980e-01,-0.061,0.064
-3.52970e-01,-0.061,0.06
-3.52960e-01,-0.055,0.064
-3.52950e-01,-0.061,0.066
-3.52940e-01,-0.057,0.062
-3.52930e-01,-0.059,0.062
-3.52920e-01,-0.059,0.062
-3.52910e-01,-0.059,0.066
-3.52900e-01,-0.061,0.066
-3.52890e-01,-0.057,0.06
-3.52880e-01,-0.061,0.062
-3.52870e-01,-0.061,0.06
-3.52860e-01,-0.057,0.062
-3.52850e-01,-0.059,0.064
-3.52840e-01,-0.055,0.06
-3.52830e-01,-0.061,0.064
-3.52820e-01,-0.057,0.064
-3.52810e-01,-0.057,0.064
-3.52800e-01,-0.055,0.062
-3.52790e-01,-0.059,0.062
-3.52780e-01,-0.059,0.064
-3.52770e-01,-0.055,0.062
-3.52760e-01,-0.059,0.062
-3.52750e-01,-0.055,0.06
-3.52740e-01,-0.057,0.066
-3.52730e-01,-0.063,0.062
-3.52720e-01,-0.057,0.06
-3.52710e-01,-0.061,0.062
-3.52700e-01,-0.059,0.062
-3.52690e-01,-0.059,0.062
-3.52680e-01,-0.059,0.062
-3.52670e-01,-0.057,0.058
-3.52660e-01,-0.061,0.066
-3.52650e-01,-0.057,0.06
-3.52640e-01,-0.063,0.064
-3.52630e-01,-0.055,0.06
-3.52620e-01,-0.055,0.06
-3.52610e-01,-0.061,0.062
-3.52600e-01,-0.061,0.066
-3.52590e-01,-0.061,0.062
-3.52580e-01,-0.059,0.066
-3.52570e-01,-0.061,0.066
-3.52560e-01,-0.061,0.064
-3.52550e-01,-0.059,0.064
-3.52540e-01,-0.059,0.066
-3.52530e-01,-0.059,0.064
-3.52520e-01,-0.059,0.062
-3.52510e-01,-0.059,0.06
-3.52500e-01,-0.057,0.062
-3.52490e-01,-0.059,0.064
-3.52480e-01,-0.063,0.064
-3.52470e-01,-0.061,0.064
-3.52460e-01,-0.057,0.06
-3.52450e-01,-0.055,0.06
-3.52440e-01,-0.063,0.064
-3.52430e-01,-0.061,0.064
-3.52420e-01,-0.061,0.064
-3.52410e-01,-0.059,0.064
-3.52400e-01,-0.059,0.064
-3.52390e-01,-0.057,0.06
-3.52380e-01,-0.059,0.064
-3.52370e-01,-0.059,0.064
-3.52360e-01,-0.059,0.064
-3.52350e-01,-0.059,0.06
-3.52340e-01,-0.059,0.066
-3.52330e-01,-0.053,0.058
-3.52320e-01,-0.059,0.064
-3.52310e-01,-0.053,0.058
-3.52300e-01,-0.057,0.064
-3.52290e-01,-0.063,0.064
-3.52280e-01,-0.057,0.06
-3.52270e-01,-0.059,0.064
-3.52260e-01,-0.053,0.06
-3.52250e-01,-0.061,0.062
-3.52240e-01,-0.053,0.06
-3.52230e-01,-0.057,0.06
-3.52220e-01,-0.053,0.06
-3.52210e-01,-0.061,0.066
-3.52200e-01,-0.061,0.064
-3.52190e-01,-0.059,0.06
-3.52180e-01,-0.059,0.066
-3.52170e-01,-0.061,0.062
-3.52160e-01,-0.059,0.062
-3.52150e-01,-0.059,0.066
-3.52140e-01,-0.061,0.06
-3.52130e-01,-0.061,0.064
-3.52120e-01,-0.061,0.064
-3.52110e-01,-0.059,0.06
-3.52100e-01,-0.063,0.064
-3.52090e-01,-0.061,0.064
-3.52080e-01,-0.059,0.064
-3.52070e-01,-0.059,0.062
-3.52060e-01,-0.063,0.064
-3.52050e-01,-0.055,0.064
-3.52040e-01,-0.059,0.064
-3.52030e-01,-0.057,0.06
-3.52020e-01,-0.061,0.064
-3.52010e-01,-0.059,0.06
-3.52000e-01,-0.061,0.062
-3.51990e-01,-0.059,0.064
-3.51980e-01,-0.053,0.06
-3.51970e-01,-0.059,0.064
-3.51960e-01,-0.061,0.062
-3.51950e-01,-0.059,0.064
-3.51940e-01,-0.057,0.058
-3.51930e-01,-0.061,0.068
-3.51920e-01,-0.053,0.058
-3.51910e-01,-0.061,0.062
-3.51900e-01,-0.063,0.064
-3.51890e-01,-0.053,0.054
-3.51880e-01,-0.063,0.064
-3.51870e-01,-0.051,0.058
-3.51860e-01,-0.061,0.064
-3.51850e-01,-0.061,0.066
-3.51840e-01,-0.061,0.064
-3.51830e-01,-0.059,0.066
-3.51820e-01,-0.061,0.064
-3.51810e-01,-0.059,0.062
-3.51800e-01,-0.055,0.06
-3.51790e-01,-0.059,0.064
-3.51780e-01,-0.055,0.058
-3.51770e-01,-0.061,0.064
-3.51760e-01,-0.055,0.06
-3.51750e-01,-0.061,0.066
-3.51740e-01,-0.061,0.064
-3.51730e-01,-0.055,0.06
-3.51720e-01,-0.059,0.064
-3.51710e-01,-0.059,0.062
-3.51700e-01,-0.065,0.066
-3.51690e-01,-0.055,0.06
-3.51680e-01,-0.061,0.064
-3.51670e-01,-0.061,0.066
-3.51660e-01,-0.059,0.064
-3.51650e-01,-0.059,0.06
-3.51640e-01,-0.061,0.06
-3.51630e-01,-0.059,0.06
-3.51620e-01,-0.061,0.06
-3.51610e-01,-0.057,0.06
-3.51600e-01,-0.059,0.064
-3.51590e-01,-0.059,0.062
-3.51580e-01,-0.051,0.054
-3.51570e-01,-0.037,0.044
-3.51560e-01,-0.051,0.056
-3.51550e-01,-0.039,0.048
-3.51540e-01,-0.049,0.054
-3.51530e-01,-0.047,0.05
-3.51520e-01,-0.059,0.064
-3.51510e-01,-0.055,0.06
-3.51500e-01,-0.061,0.062
-3.51490e-01,-0.061,0.068
-3.51480e-01,-0.047,0.05
-3.51470e-01,-0.059,0.06
-3.51460e-01,-0.057,0.056
-3.51450e-01,-0.063,0.064
-3.51440e-01,-0.061,0.06
-3.51430e-01,-0.059,0.064
-3.51420e-01,-0.061,0.064
-3.51410e-01,-0.057,0.06
-3.51400e-01,-0.061,0.062
-3.51390e-01,-0.061,0.062
-3.51380e-01,-0.053,0.058
-3.51370e-01,-0.043,0.05
-3.51360e-01,-0.063,0.06
-3.51350e-01,-0.051,0.054
-3.51340e-01,-0.057,0.062
-3.51330e-01,-0.063,0.064
-3.51320e-01,-0.055,0.062
-3.51310e-01,-0.061,0.062
-3.51300e-01,-0.061,0.068
-3.51290e-01,-0.053,0.056
-3.51280e-01,-0.063,0.062
-3.51270e-01,-0.063,0.066
-3.51260e-01,-0.063,0.062
-3.51250e-01,-0.055,0.06
-3.51240e-01,-0.061,0.064
-3.51230e-01,-0.059,0.06
-3.51220e-01,-0.057,0.062
-3.51210e-01,-0.057,0.06
-3.51200e-01,-0.061,0.068
-3.51190e-01,-0.049,0.054
-3.51180e-01,-0.055,0.066
-3.51170e-01,-0.063,0.062
-3.51160e-01,-0.055,0.06
-3.51150e-01,-0.063,0.064
-3.51140e-01,-0.059,0.064
-3.51130e-01,-0.053,0.058
-3.51120e-01,-0.067,0.064
-3.51110e-01,-0.059,0.064
-3.51100e-01,-0.059,0.062
-3.51090e-01,-0.057,0.064
-3.51080e-01,-0.035,0.038
-3.51070e-01,-0.061,0.064
-3.51060e-01,-0.057,0.06
-3.51050e-01,-0.057,0.06
-3.51040e-01,-0.055,0.058
-3.51030e-01,-0.063,0.064
-3.51020e-01,-0.059,0.066
-3.51010e-01,-0.057,0.062
-3.51000e-01,-0.059,0.064
-3.50990e-01,-0.053,0.058
-3.50980e-01,-0.059,0.062
-3.50970e-01,-0.057,0.06
-3.50960e-01,-0.055,0.06
-3.50950e-01,-0.059,0.064
-3.50940e-01,-0.055,0.06
-3.50930e-01,-0.061,0.064
-3.50920e-01,-0.047,0.056
-3.50910e-01,-0.059,0.064
-3.50900e-01,-0.059,0.06
-3.50890e-01,-0.057,0.064
-3.50880e-01,-0.059,0.064
-3.50870e-01,-0.059,0.064
-3.50860e-01,-0.061,0.064
-3.50850e-01,-0.057,0.06
-3.50840e-01,-0.059,0.06
-3.50830e-01,-0.059,0.064
-3.50820e-01,-0.059,0.06
-3.50810e-01,-0.059,0.062
-3.50800e-01,-0.055,0.062
-3.50790e-01,-0.063,0.064
-3.50780e-01,-0.057,0.06
-3.50770e-01,-0.061,0.062
-3.50760e-01,-0.061,0.064
-3.50750e-01,-0.057,0.062
-3.50740e-01,-0.059,0.062
-3.50730e-01,-0.053,0.06
-3.50720e-01,-0.055,0.06
-3.50710e-01,-0.051,0.056
-3.50700e-01,-0.061,0.062
-3.50690e-01,-0.057,0.062
-3.50680e-01,-0.059,0.062
-3.50670e-01,-0.059,0.064
-3.50660e-01,-0.059,0.068
-3.50650e-01,-0.059,0.062
-3.50640e-01,-0.061,0.064
-3.50630e-01,-0.059,0.06
-3.50620e-01,-0.063,0.068
-3.50610e-01,-0.061,0.064
-3.50600e-01,-0.057,0.062
-3.50590e-01,-0.061,0.064
-3.50580e-01,-0.063,0.066
-3.50570e-01,-0.061,0.06
-3.50560e-01,-0.063,0.068
-3.50550e-01,-0.061,0.064
-3.50540e-01,-0.059,0.06
-3.50530e-01,-0.059,0.064
-3.50520e-01,-0.057,0.062
-3.50510e-01,-0.059,0.06
-3.50500e-01,-0.061,0.064
-3.50490e-01,-0.057,0.06
-3.50480e-01,-0.059,0.062
-3.50470e-01,-0.063,0.064
-3.50460e-01,-0.057,0.066
-3.50450e-01,-0.059,0.064
-3.50440e-01,-0.059,0.064
-3.50430e-01,-0.059,0.062
-3.50420e-01,-0.053,0.058
-3.50410e-01,-0.059,0.064
-3.50400e-01,-0.059,0.062
-3.50390e-01,-0.061,0.064
-3.50380e-01,-0.061,0.06
-3.50370e-01,-0.061,0.066
-3.50360e-01,-0.061,0.064
-3.50350e-01,-0.057,0.06
-3.50340e-01,-0.061,0.066
-3.50330e-01,-0.059,0.064
-3.50320e-01,-0.059,0.064
-3.50310e-01,-0.061,0.064
-3.50300e-01,-0.059,0.064
-3.50290e-01,-0.059,0.064
-3.50280e-01,-0.059,0.068
-3.50270e-01,-0.061,0.064
-3.50260e-01,-0.059,0.064
-3.50250e-01,-0.057,0.064
-3.50240e-01,-0.059,0.062
-3.50230e-01,-0.059,0.066
-3.50220e-01,-0.061,0.062
-3.50210e-01,-0.061,0.064
-3.50200e-01,-0.057,0.06
-3.50190e-01,-0.061,0.062
-3.50180e-01,-0.055,0.06
-3.50170e-01,-0.059,0.064
-3.50160e-01,-0.061,0.062
-3.50150e-01,-0.059,0.064
-3.50140e-01,-0.053,0.058
-3.50130e-01,-0.063,0.062
-3.50120e-01,-0.059,0.064
-3.50110e-01,-0.061,0.062
-3.50100e-01,-0.059,0.062
-3.50090e-01,-0.059,0.064
-3.50080e-01,-0.061,0.064
-3.50070e-01,-0.057,0.06
-3.50060e-01,-0.063,0.068
-3.50050e-01,-0.061,0.062
-3.50040e-01,-0.059,0.064
-3.50030e-01,-0.059,0.064
-3.50020e-01,-0.057,0.062
-3.50010e-01,-0.057,0.062
-3.50000e-01,-0.053,0.06
-3.49990e-01,-0.055,0.06
-3.49980e-01,-0.059,0.06
-3.49970e-01,-0.051,0.056
-3.49960e-01,-0.061,0.064
-3.49950e-01,-0.061,0.064
-3.49940e-01,-0.059,0.062
-3.49930e-01,-0.061,0.066
-3.49920e-01,-0.063,0.064
-3.49910e-01,-0.059,0.064
-3.49900e-01,-0.057,0.062
-3.49890e-01,-0.063,0.064
-3.49880e-01,-0.061,0.068
-3.49870e-01,-0.045,0.052
-3.49860e-01,-0.059,0.062
-3.49850e-01,-0.061,0.062
-3.49840e-01,-0.059,0.068
-3.49830e-01,-0.061,0.064
-3.49820e-01,-0.063,0.064
-3.49810e-01,-0.061,0.066
-3.49800e-01,-0.065,0.062
-3.49790e-01,-0.063,0.064
-3.49780e-01,-0.059,0.064
-3.49770e-01,-0.063,0.064
-3.49760e-01,-0.063,0.064
-3.49750e-01,-0.061,0.064
-3.49740e-01,-0.061,0.064
-3.49730e-01,-0.061,0.066
-3.49720e-01,-0.063,0.064
-3.49710e-01,-0.061,0.062
-3.49700e-01,-0.061,0.064
-3.49690e-01,-0.061,0.064
-3.49680e-01,-0.061,0.062
-3.49670e-01,-0.061,0.062
-3.49660e-01,-0.055,0.062
-3.49650e-01,-0.061,0.064
-3.49640e-01,-0.055,0.064
-3.49630e-01,-0.055,0.06
-3.49620e-01,-0.057,0.06
-3.49610e-01,-0.061,0.068
-3.49600e-01,-0.057,0.062
-3.49590e-01,-0.059,0.064
-3.49580e-01,-0.055,0.058
-3.49570e-01,-0.055,0.06
-3.49560e-01,-0.055,0.06
-3.49550e-01,-0.059,0.066
-3.49540e-01,-0.061,0.062
-3.49530e-01,-0.061,0.06
-3.49520e-01,-0.065,0.066
-3.49510e-01,-0.061,0.06
-3.49500e-01,-0.057,0.06
-3.49490e-01,-0.059,0.064
-3.49480e-01,-0.051,0.06
-3.49470e-01,-0.059,0.064
-3.49460e-01,-0.055,0.058
-3.49450e-01,-0.057,0.064
-3.49440e-01,-0.055,0.064
-3.49430e-01,-0.059,0.062
-3.49420e-01,-0.061,0.068
-3.49410e-01,-0.041,0.052
-3.49400e-01,-0.061,0.064
-3.49390e-01,-0.061,0.064
-3.49380e-01,-0.059,0.06
-3.49370e-01,-0.061,0.064
-3.49360e-01,-0.061,0.06
-3.49350e-01,-0.055,0.06
-3.49340e-01,-0.061,0.064
-3.49330e-01,-0.055,0.062
-3.49320e-01,-0.061,0.064
-3.49310e-01,-0.059,0.064
-3.49300e-01,-0.057,0.066
-3.49290e-01,-0.059,0.06
-3.49280e-01,-0.057,0.064
-3.49270e-01,-0.061,0.064
-3.49260e-01,-0.063,0.066
-3.49250e-01,-0.061,0.06
-3.49240e-01,-0.059,0.064
-3.49230e-01,-0.053,0.058
-3.49220e-01,-0.059,0.064
-3.49210e-01,-0.057,0.062
-3.49200e-01,-0.055,0.062
-3.49190e-01,-0.055,0.06
-3.49180e-01,-0.055,0.062
-3.49170e-01,-0.059,0.06
-3.49160e-01,-0.059,0.064
-3.49150e-01,-0.061,0.06
-3.49140e-01,-0.059,0.064
-3.49130e-01,-0.055,0.06
-3.49120e-01,-0.059,0.058
-3.49110e-01,-0.053,0.06
-3.49100e-01,-0.051,0.056
-3.49090e-01,-0.045,0.05
-3.49080e-01,-0.061,0.06
-3.49070e-01,-0.055,0.06
-3.49060e-01,-0.061,0.064
-3.49050e-01,-0.065,0.064
-3.49040e-01,-0.053,0.062
-3.49030e-01,-0.061,0.064
-3.49020e-01,-0.059,0.062
-3.49010e-01,-0.059,0.064
-3.49000e-01,-0.057,0.064
-3.48990e-01,-0.059,0.066
-3.48980e-01,-0.059,0.06
-3.48970e-01,-0.059,0.066
-3.48960e-01,-0.059,0.064
-3.48950e-01,-0.059,0.064
-3.48940e-01,-0.049,0.058
-3.48930e-01,-0.061,0.064
-3.48920e-01,-0.053,0.06
-3.48910e-01,-0.059,0.062
-3.48900e-01,-0.057,0.06
-3.48890e-01,-0.055,0.056
-3.48880e-01,-0.049,0.056
-3.48870e-01,-0.053,0.06
-3.48860e-01,-0.053,0.058
-3.48850e-01,-0.059,0.064
-3.48840e-01,-0.061,0.064
-3.48830e-01,-0.057,0.062
-3.48820e-01,-0.053,0.062
-3.48810e-01,-0.061,0.062
-3.48800e-01,-0.059,0.066
-3.48790e-01,-0.061,0.066
-3.48780e-01,-0.057,0.066
-3.48770e-01,-0.059,0.062
-3.48760e-01,-0.057,0.064
-3.48750e-01,-0.057,0.062
-3.48740e-01,-0.059,0.062
-3.48730e-01,-0.055,0.062
-3.48720e-01,-0.063,0.062
-3.48710e-01,-0.055,0.06
-3.48700e-01,-0.061,0.064
-3.48690e-01,-0.059,0.064
-3.48680e-01,-0.061,0.064
-3.48670e-01,-0.055,0.056
-3.48660e-01,-0.049,0.054
-3.48650e-01,-0.057,0.06
-3.48640e-01,-0.057,0.062
-3.48630e-01,-0.057,0.06
-3.48620e-01,-0.057,0.062
-3.48610e-01,-0.059,0.06
-3.48600e-01,-0.063,0.064
-3.48590e-01,-0.051,0.056
-3.48580e-01,-0.057,0.062
-3.48570e-01,-0.059,0.06
-3.48560e-01,-0.057,0.06
-3.48550e-01,-0.057,0.064
-3.48540e-01,-0.061,0.068
-3.48530e-01,-0.059,0.064
-3.48520e-01,-0.057,0.064
-3.48510e-01,-0.061,0.064
-3.48500e-01,-0.055,0.06
-3.48490e-01,-0.055,0.06
-3.48480e-01,-0.061,0.062
-3.48470e-01,-0.053,0.058
-3.48460e-01,-0.059,0.062
-3.48450e-01,-0.057,0.06
-3.48440e-01,-0.063,0.062
-3.48430e-01,-0.061,0.064
-3.48420e-01,-0.059,0.064
-3.48410e-01,-0.061,0.064
-3.48400e-01,-0.059,0.064
-3.48390e-01,-0.053,0.056
-3.48380e-01,-0.059,0.06
-3.48370e-01,-0.053,0.054
-3.48360e-01,-0.059,0.06
-3.48350e-01,-0.057,0.062
-3.48340e-01,-0.057,0.06
-3.48330e-01,-0.049,0.054
-3.48320e-01,-0.053,0.06
-3.48310e-01,-0.049,0.054
-3.48300e-01,-0.057,0.064
-3.48290e-01,-0.059,0.06
-3.48280e-01,-0.059,0.066
-3.48270e-01,-0.049,0.056
-3.48260e-01,-0.055,0.058
-3.48250e-01,-0.057,0.06
-3.48240e-01,-0.059,0.064
-3.48230e-01,-0.057,0.06
-3.48220e-01,-0.061,0.064
-3.48210e-01,-0.057,0.064
-3.48200e-01,-0.065,0.064
-3.48190e-01,-0.059,0.062
-3.48180e-01,-0.053,0.06
-3.48170e-01,-0.051,0.06
-3.48160e-01,-0.057,0.06
-3.48150e-01,-0.065,0.064
-3.48140e-01,-0.049,0.052
-3.48130e-01,-0.057,0.062
-3.48120e-01,-0.061,0.064
-3.48110e-01,-0.059,0.062
-3.48100e-01,-0.055,0.06
-3.48090e-01,-0.061,0.064
-3.48080e-01,-0.055,0.06
-3.48070e-01,-0.059,0.06
-3.48060e-01,-0.055,0.06
-3.48050e-01,-0.057,0.06
-3.48040e-01,-0.051,0.056
-3.48030e-01,-0.059,0.064
-3.48020e-01,-0.061,0.062
-3.48010e-01,-0.063,0.062
-3.48000e-01,-0.061,0.062
-3.47990e-01,-0.059,0.06
-3.47980e-01,-0.061,0.062
-3.47970e-01,-0.061,0.066
-3.47960e-01,-0.057,0.064
-3.47950e-01,-0.055,0.062
-3.47940e-01,-0.057,0.066
-3.47930e-01,-0.059,0.064
-3.47920e-01,-0.055,0.06
-3.47910e-01,-0.059,0.062
-3.47900e-01,-0.055,0.058
-3.47890e-01,-0.061,0.066
-3.47880e-01,-0.061,0.064
-3.47870e-01,-0.059,0.064
-3.47860e-01,-0.063,0.066
-3.47850e-01,-0.063,0.064
-3.47840e-01,-0.063,0.064
-3.47830e-01,-0.057,0.062
-3.47820e-01,-0.057,0.06
-3.47810e-01,-0.061,0.064
-3.47800e-01,-0.061,0.064
-3.47790e-01,-0.059,0.064
-3.47780e-01,-0.055,0.06
-3.47770e-01,-0.057,0.062
-3.47760e-01,-0.063,0.064
-3.47750e-01,-0.063,0.062
-3.47740e-01,-0.055,0.06
-3.47730e-01,-0.059,0.06
-3.47720e-01,-0.059,0.062
-3.47710e-01,-0.059,0.066
-3.47700e-01,-0.059,0.064
-3.47690e-01,-0.053,0.056
-3.47680e-01,-0.061,0.066
-3.47670e-01,-0.055,0.06
-3.47660e-01,-0.061,0.062
-3.47650e-01,-0.059,0.064
-3.47640e-01,-0.055,0.06
-3.47630e-01,-0.059,0.066
-3.47620e-01,-0.057,0.06
-3.47610e-01,-0.061,0.062
-3.47600e-01,-0.053,0.06
-3.47590e-01,-0.049,0.056
-3.47580e-01,-0.055,0.054
-3.47570e-01,-0.053,0.058
-3.47560e-01,-0.059,0.06
-3.47550e-01,-0.059,0.064
-3.47540e-01,-0.059,0.064
-3.47530e-01,-0.053,0.058
-3.47520e-01,-0.049,0.054
-3.47510e-01,-0.049,0.05
-3.47500e-01,-0.047,0.054
-3.47490e-01,-0.033,0.042
-3.47480e-01,-0.049,0.056
-3.47470e-01,-0.049,0.054
-3.47460e-01,-0.061,0.064
-3.47450e-01,-0.061,0.064
-3.47440e-01,-0.057,0.062
-3.47430e-01,-0.061,0.066
-3.47420e-01,-0.051,0.056
-3.47410e-01,-0.043,0.052
-3.47400e-01,-0.053,0.052
-3.47390e-01,-0.057,0.058
-3.47380e-01,-0.051,0.054
-3.47370e-01,-0.059,0.062
-3.47360e-01,-0.057,0.066
-3.47350e-01,-0.059,0.066
-3.47340e-01,-0.049,0.054
-3.47330e-01,-0.055,0.06
-3.47320e-01,-0.061,0.062
-3.47310e-01,-0.057,0.06
-3.47300e-01,-0.057,0.062
-3.47290e-01,-0.051,0.06
-3.47280e-01,-0.059,0.062
-3.47270e-01,-0.041,0.048
-3.47260e-01,-0.061,0.06
-3.47250e-01,-0.057,0.062
-3.47240e-01,-0.059,0.066
-3.47230e-01,-0.047,0.052
-3.47220e-01,-0.059,0.066
-3.47210e-01,-0.057,0.062
-3.47200e-01,-0.057,0.064
-3.47190e-01,-0.061,0.06
-3.47180e-01,-0.057,0.06
-3.47170e-01,-0.057,0.064
-3.47160e-01,-0.055,0.058
-3.47150e-01,-0.061,0.062
-3.47140e-01,-0.049,0.056
-3.47130e-01,-0.057,0.064
-3.47120e-01,-0.063,0.066
-3.47110e-01,-0.059,0.064
-3.47100e-01,-0.061,0.066
-3.47090e-01,-0.049,0.056
-3.47080e-01,-0.059,0.066
-3.47070e-01,-0.059,0.064
-3.47060e-01,-0.055,0.06
-3.47050e-01,-0.051,0.06
-3.47040e-01,-0.057,0.06
-3.47030e-01,-0.059,0.06
-3.47020e-01,-0.059,0.064
-3.47010e-01,-0.061,0.06
-3.47000e-01,-0.061,0.06
-3.46990e-01,-0.051,0.058
-3.46980e-01,-0.061,0.062
-3.46970e-01,-0.059,0.064
-3.46960e-01,-0.057,0.062
-3.46950e-01,-0.061,0.066
-3.46940e-01,-0.059,0.06
-3.46930e-01,-0.059,0.066
-3.46920e-01,-0.061,0.064
-3.46910e-01,-0.055,0.06
-3.46900e-01,-0.059,0.066
-3.46890e-01,-0.057,0.062
-3.46880e-01,-0.057,0.06
-3.46870e-01,-0.059,0.06
-3.46860e-01,-0.061,0.064
-3.46850e-01,-0.059,0.064
-3.46840e-01,-0.059,0.064
-3.46830e-01,-0.059,0.064
-3.46820e-01,-0.053,0.054
-3.46810e-01,-0.057,0.06
-3.46800e-01,-0.061,0.064
-3.46790e-01,-0.059,0.064
-3.46780e-01,-0.063,0.064
-3.46770e-01,-0.061,0.062
-3.46760e-01,-0.061,0.064
-3.46750e-01,-0.061,0.064
-3.46740e-01,-0.059,0.064
-3.46730e-01,-0.055,0.058
-3.46720e-01,-0.063,0.064
-3.46710e-01,-0.061,0.066
-3.46700e-01,-0.061,0.062
-3.46690e-01,-0.059,0.064
-3.46680e-01,-0.061,0.068
-3.46670e-01,-0.061,0.064
-3.46660e-01,-0.061,0.064
-3.46650e-01,-0.057,0.064
-3.46640e-01,-0.059,0.06
-3.46630e-01,-0.059,0.06
-3.46620e-01,-0.061,0.062
-3.46610e-01,-0.055,0.056
-3.46600e-01,-0.059,0.062
-3.46590e-01,-0.057,0.06
-3.46580e-01,-0.055,0.062
-3.46570e-01,-0.057,0.06
-3.46560e-01,-0.059,0.064
-3.46550e-01,-0.059,0.06
-3.46540e-01,-0.061,0.062
-3.46530e-01,-0.061,0.062
-3.46520e-01,-0.059,0.062
-3.46510e-01,-0.061,0.06
-3.46500e-01,-0.059,0.064
-3.46490e-01,-0.049,0.058
-3.46480e-01,-0.057,0.06
-3.46470e-01,-0.053,0.058
-3.46460e-01,-0.055,0.06
-3.46450e-01,-0.067,0.062
-3.46440e-01,-0.059,0.064
-3.46430e-01,-0.061,0.062
-3.46420e-01,-0.061,0.064
-3.46410e-01,-0.061,0.064
-3.46400e-01,-0.057,0.062
-3.46390e-01,-0.061,0.064
-3.46380e-01,-0.059,0.064
-3.46370e-01,-0.061,0.06
-3.46360e-01,-0.061,0.066
-3.46350e-01,-0.049,0.054
-3.46340e-01,-0.061,0.064
-3.46330e-01,-0.059,0.062
-3.46320e-01,-0.055,0.064
-3.46310e-01,-0.057,0.06
-3.46300e-01,-0.059,0.066
-3.46290e-01,-0.059,0.064
-3.46280e-01,-0.059,0.064
-3.46270e-01,-0.061,0.064
-3.46260e-01,-0.059,0.064
-3.46250e-01,-0.061,0.062
-3.46240e-01,-0.061,0.064
-3.46230e-01,-0.055,0.06
-3.46220e-01,-0.061,0.064
-3.46210e-01,-0.047,0.058
-3.46200e-01,-0.055,0.06
-3.46190e-01,-0.047,0.05
-3.46180e-01,-0.049,0.056
-3.46170e-01,-0.053,0.056
-3.46160e-01,-0.061,0.064
-3.46150e-01,-0.057,0.062
-3.46140e-01,-0.057,0.06
-3.46130e-01,-0.059,0.064
-3.46120e-01,-0.059,0.064
-3.46110e-01,-0.059,0.062
-3.46100e-01,-0.055,0.056
-3.46090e-01,-0.043,0.05
-3.46080e-01,-0.045,0.052
-3.46070e-01,-0.043,0.05
-3.46060e-01,-0.043,0.048
-3.46050e-01,-0.047,0.05
-3.46040e-01,-0.059,0.058
-3.46030e-01,-0.057,0.06
-3.46020e-01,-0.063,0.06
-3.46010e-01,-0.061,0.064
-3.46000e-01,-0.057,0.064
-3.45990e-01,-0.059,0.064
-3.45980e-01,-0.059,0.06
-3.45970e-01,-0.057,0.06
-3.45960e-01,-0.057,0.06
-3.45950e-01,-0.055,0.062
-3.45940e-01,-0.057,0.062
-3.45930e-01,-0.059,0.064
-3.45920e-01,-0.059,0.064
-3.45910e-01,-0.059,0.06
-3.45900e-01,-0.059,0.064
-3.45890e-01,-0.059,0.064
-3.45880e-01,-0.059,0.062
-3.45870e-01,-0.061,0.066
-3.45860e-01,-0.063,0.064
-3.45850e-01,-0.059,0.062
-3.45840e-01,-0.057,0.062
-3.45830e-01,-0.061,0.06
-3.45820e-01,-0.061,0.062
-3.45810e-01,-0.057,0.064
-3.45800e-01,-0.059,0.064
-3.45790e-01,-0.061,0.062
-3.45780e-01,-0.057,0.066
-3.45770e-01,-0.055,0.06
-3.45760e-01,-0.061,0.064
-3.45750e-01,-0.059,0.064
-3.45740e-01,-0.061,0.064
-3.45730e-01,-0.063,0.062
-3.45720e-01,-0.053,0.06
-3.45710e-01,-0.057,0.066
-3.45700e-01,-0.063,0.062
-3.45690e-01,-0.059,0.064
-3.45680e-01,-0.059,0.064
-3.45670e-01,-0.059,0.062
-3.45660e-01,-0.055,0.058
-3.45650e-01,-0.059,0.064
-3.45640e-01,-0.061,0.064
-3.45630e-01,-0.061,0.062
-3.45620e-01,-0.061,0.064
-3.45610e-01,-0.055,0.062
-3.45600e-01,-0.057,0.06
-3.45590e-01,-0.061,0.062
-3.45580e-01,-0.057,0.06
-3.45570e-01,-0.061,0.064
-3.45560e-01,-0.059,0.064
-3.45550e-01,-0.057,0.062
-3.45540e-01,-0.059,0.06
-3.45530e-01,-0.059,0.062
-3.45520e-01,-0.061,0.064
-3.45510e-01,-0.061,0.06
-3.45500e-01,-0.057,0.06
-3.45490e-01,-0.061,0.062
-3.45480e-01,-0.059,0.064
-3.45470e-01,-0.057,0.06
-3.45460e-01,-0.057,0.06
-3.45450e-01,-0.041,0.05
-3.45440e-01,-0.037,0.044
-3.45430e-01,-0.059,0.064
-3.45420e-01,-0.059,0.064
-3.45410e-01,-0.057,0.06
-3.45400e-01,-0.057,0.06
-3.45390e-01,-0.059,0.06
-3.45380e-01,-0.051,0.058
-3.45370e-01,-0.057,0.06
-3.45360e-01,-0.061,0.064
-3.45350e-01,-0.057,0.06
-3.45340e-01,-0.057,0.064
-3.45330e-01,-0.061,0.066
-3.45320e-01,-0.065,0.062
-3.45310e-01,-0.057,0.062
-3.45300e-01,-0.061,0.066
-3.45290e-01,-0.059,0.068
-3.45280e-01,-0.061,0.068
-3.45270e-01,-0.051,0.058
-3.45260e-01,-0.061,0.064
-3.45250e-01,-0.059,0.06
-3.45240e-01,-0.057,0.062
-3.45230e-01,-0.063,0.064
-3.45220e-01,-0.063,0.064
-3.45210e-01,-0.063,0.062
-3.45200e-01,-0.049,0.056
-3.45190e-01,-0.057,0.064
-3.45180e-01,-0.053,0.054
-3.45170e-01,-0.061,0.064
-3.45160e-01,-0.055,0.06
-3.45150e-01,-0.061,0.062
-3.45140e-01,-0.059,0.062
-3.45130e-01,-0.059,0.064
-3.45120e-01,-0.059,0.064
-3.45110e-01,-0.061,0.064
-3.45100e-01,-0.057,0.062
-3.45090e-01,-0.057,0.062
-3.45080e-01,-0.059,0.062
-3.45070e-01,-0.057,0.062
-3.45060e-01,-0.061,0.064
-3.45050e-01,-0.061,0.064
-3.45040e-01,-0.053,0.054
-3.45030e-01,-0.053,0.054
-3.45020e-01,-0.051,0.058
-3.45010e-01,-0.049,0.056
-3.45000e-01,-0.055,0.064
-3.44990e-01,-0.055,0.06
-3.44980e-01,-0.057,0.062
-3.44970e-01,-0.057,0.06
-3.44960e-01,-0.059,0.058
-3.44950e-01,-0.057,0.062
-3.44940e-01,-0.059,0.064
-3.44930e-01,-0.057,0.064
-3.44920e-01,-0.061,0.064
-3.44910e-01,-0.055,0.058
-3.44900e-01,-0.061,0.064
-3.44890e-01,-0.059,0.06
-3.44880e-01,-0.057,0.062
-3.44870e-01,-0.057,0.06
-3.44860e-01,-0.059,0.062
-3.44850e-01,-0.063,0.066
-3.44840e-01,-0.061,0.062
-3.44830e-01,-0.061,0.064
-3.44820e-01,-0.057,0.06
-3.44810e-01,-0.059,0.064
-3.44800e-01,-0.061,0.062
-3.44790e-01,-0.061,0.062
-3.44780e-01,-0.059,0.064
-3.44770e-01,-0.059,0.06
-3.44760e-01,-0.061,0.062
-3.44750e-01,-0.061,0.064
-3.44740e-01,-0.055,0.056
-3.44730e-01,-0.061,0.064
-3.44720e-01,-0.061,0.064
-3.44710e-01,-0.059,0.06
-3.44700e-01,-0.061,0.064
-3.44690e-01,-0.055,0.062
-3.44680e-01,-0.057,0.06
-3.44670e-01,-0.059,0.064
-3.44660e-01,-0.057,0.062
-3.44650e-01,-0.061,0.066
-3.44640e-01,-0.061,0.066
-3.44630e-01,-0.061,0.066
-3.44620e-01,-0.059,0.066
-3.44610e-01,-0.059,0.06
-3.44600e-01,-0.047,0.052
-3.44590e-01,-0.055,0.056
-3.44580e-01,-0.059,0.062
-3.44570e-01,-0.061,0.062
-3.44560e-01,-0.059,0.066
-3.44550e-01,-0.049,0.054
-3.44540e-01,-0.057,0.064
-3.44530e-01,-0.057,0.064
-3.44520e-01,-0.059,0.064
-3.44510e-01,-0.061,0.064
-3.44500e-01,-0.059,0.064
-3.44490e-01,-0.061,0.064
-3.44480e-01,-0.059,0.064
-3.44470e-01,-0.061,0.066
-3.44460e-01,-0.059,0.062
-3.44450e-01,-0.053,0.058
-3.44440e-01,-0.055,0.06
-3.44430e-01,-0.051,0.056
-3.44420e-01,-0.059,0.062
-3.44410e-01,-0.061,0.064
-3.44400e-01,-0.059,0.06
-3.44390e-01,-0.055,0.062
-3.44380e-01,-0.059,0.06
-3.44370e-01,-0.061,0.066
-3.44360e-01,-0.063,0.066
-3.44350e-01,-0.059,0.064
-3.44340e-01,-0.051,0.058
-3.44330e-01,-0.047,0.05
-3.44320e-01,-0.057,0.056
-3.44310e-01,-0.055,0.06
-3.44300e-01,-0.053,0.06
-3.44290e-01,-0.051,0.056
-3.44280e-01,-0.059,0.064
-3.44270e-01,-0.059,0.064
-3.44260e-01,-0.063,0.062
-3.44250e-01,-0.059,0.066
-3.44240e-01,-0.063,0.062
-3.44230e-01,-0.057,0.064
-3.44220e-01,-0.059,0.062
-3.44210e-01,-0.057,0.06
-3.44200e-01,-0.057,0.062
-3.44190e-01,-0.061,0.06
-3.44180e-01,-0.059,0.058
-3.44170e-01,-0.059,0.062
-3.44160e-01,-0.051,0.06
-3.44150e-01,-0.055,0.06
-3.44140e-01,-0.053,0.062
-3.44130e-01,-0.057,0.064
-3.44120e-01,-0.059,0.062
-3.44110e-01,-0.059,0.064
-3.44100e-01,-0.055,0.062
-3.44090e-01,-0.063,0.064
-3.44080e-01,-0.053,0.054
-3.44070e-01,-0.059,0.064
-3.44060e-01,-0.059,0.064
-3.44050e-01,-0.059,0.064
-3.44040e-01,-0.063,0.066
-3.44030e-01,-0.057,0.064
-3.44020e-01,-0.055,0.06
-3.44010e-01,-0.059,0.062
-3.44000e-01,-0.059,0.064
-3.43990e-01,-0.061,0.064
-3.43980e-01,-0.061,0.064
-3.43970e-01,-0.059,0.062
-3.43960e-01,-0.053,0.058
-3.43950e-01,-0.055,0.056
-3.43940e-01,-0.053,0.06
-3.43930e-01,-0.059,0.064
-3.43920e-01,-0.059,0.062
-3.43910e-01,-0.061,0.066
-3.43900e-01,-0.061,0.062
-3.43890e-01,-0.055,0.062
-3.43880e-01,-0.059,0.062
-3.43870e-01,-0.059,0.06
-3.43860e-01,-0.059,0.062
-3.43850e-01,-0.059,0.064
-3.43840e-01,-0.049,0.056
-3.43830e-01,-0.059,0.062
-3.43820e-01,-0.061,0.06
-3.43810e-01,-0.059,0.064
-3.43800e-01,-0.047,0.056
-3.43790e-01,-0.057,0.062
-3.43780e-01,-0.061,0.062
-3.43770e-01,-0.063,0.062
-3.43760e-01,-0.059,0.064
-3.43750e-01,-0.059,0.064
-3.43740e-01,-0.053,0.06
-3.43730e-01,-0.043,0.05
-3.43720e-01,-0.059,0.062
-3.43710e-01,-0.057,0.066
-3.43700e-01,-0.057,0.064
-3.43690e-01,-0.059,0.06
-3.43680e-01,-0.059,0.066
-3.43670e-01,-0.061,0.064
-3.43660e-01,-0.059,0.062
-3.43650e-01,-0.049,0.054
-3.43640e-01,-0.061,0.064
-3.43630e-01,-0.057,0.06
-3.43620e-01,-0.059,0.06
-3.43610e-01,-0.057,0.06
-3.43600e-01,-0.061,0.064
-3.43590e-01,-0.059,0.06
-3.43580e-01,-0.057,0.06
-3.43570e-01,-0.059,0.064
-3.43560e-01,-0.055,0.062
-3.43550e-01,-0.049,0.056
-3.43540e-01,-0.061,0.06
-3.43530e-01,-0.061,0.064
-3.43520e-01,-0.061,0.06
-3.43510e-01,-0.063,0.064
-3.43500e-01,-0.047,0.054
-3.43490e-01,-0.063,0.066
-3.43480e-01,-0.059,0.066
-3.43470e-01,-0.059,0.06
-3.43460e-01,-0.061,0.064
-3.43450e-01,-0.059,0.062
-3.43440e-01,-0.059,0.064
-3.43430e-01,-0.061,0.062
-3.43420e-01,-0.061,0.066
-3.43410e-01,-0.059,0.062
-3.43400e-01,-0.059,0.064
-3.43390e-01,-0.061,0.06
-3.43380e-01,-0.061,0.068
-3.43370e-01,-0.059,0.062
-3.43360e-01,-0.061,0.064
-3.43350e-01,-0.063,0.066
-3.43340e-01,-0.061,0.064
-3.43330e-01,-0.053,0.058
-3.43320e-01,-0.057,0.068
-3.43310e-01,-0.061,0.062
-3.43300e-01,-0.059,0.064
-3.43290e-01,-0.061,0.064
-3.43280e-01,-0.057,0.064
-3.43270e-01,-0.055,0.058
-3.43260e-01,-0.057,0.064
-3.43250e-01,-0.057,0.062
-3.43240e-01,-0.059,0.062
-3.43230e-01,-0.061,0.064
-3.43220e-01,-0.049,0.058
-3.43210e-01,-0.061,0.062
-3.43200e-01,-0.057,0.062
-3.43190e-01,-0.061,0.064
-3.43180e-01,-0.059,0.064
-3.43170e-01,-0.061,0.064
-3.43160e-01,-0.059,0.062
-3.43150e-01,-0.061,0.064
-3.43140e-01,-0.061,0.066
-3.43130e-01,-0.061,0.064
-3.43120e-01,-0.063,0.064
-3.43110e-01,-0.059,0.066
-3.43100e-01,-0.061,0.068
-3.43090e-01,-0.061,0.062
-3.43080e-01,-0.063,0.064
-3.43070e-01,-0.059,0.066
-3.43060e-01,-0.061,0.064
-3.43050e-01,-0.055,0.062
-3.43040e-01,-0.061,0.062
-3.43030e-01,-0.059,0.064
-3.43020e-01,-0.061,0.064
-3.43010e-01,-0.063,0.062
-3.43000e-01,-0.061,0.066
-3.42990e-01,-0.063,0.064
-3.42980e-01,-0.057,0.062
-3.42970e-01,-0.059,0.064
-3.42960e-01,-0.055,0.06
-3.42950e-01,-0.059,0.062
-3.42940e-01,-0.061,0.064
-3.42930e-01,-0.061,0.066
-3.42920e-01,-0.053,0.056
-3.42910e-01,-0.061,0.062
-3.42900e-01,-0.047,0.048
-3.42890e-01,-0.061,0.064
-3.42880e-01,-0.055,0.062
-3.42870e-01,-0.057,0.06
-3.42860e-01,-0.063,0.06
-3.42850e-01,-0.051,0.058
-3.42840e-01,-0.063,0.064
-3.42830e-01,-0.061,0.06
-3.42820e-01,-0.057,0.064
-3.42810e-01,-0.063,0.066
-3.42800e-01,-0.061,0.066
-3.42790e-01,-0.059,0.064
-3.42780e-01,-0.063,0.064
-3.42770e-01,-0.059,0.064
-3.42760e-01,-0.055,0.058
-3.42750e-01,-0.061,0.066
-3.42740e-01,-0.059,0.064
-3.42730e-01,-0.061,0.064
-3.42720e-01,-0.061,0.064
-3.42710e-01,-0.057,0.064
-3.42700e-01,-0.057,0.064
-3.42690e-01,-0.059,0.062
-3.42680e-01,-0.061,0.062
-3.42670e-01,-0.055,0.062
-3.42660e-01,-0.061,0.062
-3.42650e-01,-0.045,0.052
-3.42640e-01,-0.057,0.064
-3.42630e-01,-0.057,0.06
-3.42620e-01,-0.047,0.054
-3.42610e-01,-0.059,0.064
-3.42600e-01,-0.055,0.062
-3.42590e-01,-0.059,0.064
-3.42580e-01,-0.061,0.064
-3.42570e-01,-0.057,0.06
-3.42560e-01,-0.047,0.052
-3.42550e-01,-0.055,0.058
-3.42540e-01,-0.055,0.054
-3.42530e-01,-0.053,0.06
-3.42520e-01,-0.061,0.062
-3.42510e-01,-0.059,0.064
-3.42500e-01,-0.057,0.064
-3.42490e-01,-0.059,0.064
-3.42480e-01,-0.059,0.066
-3.42470e-01,-0.059,0.062
-3.42460e-01,-0.059,0.058
-3.42450e-01,-0.061,0.064
-3.42440e-01,-0.057,0.064
-3.42430e-01,-0.059,0.062
-3.42420e-01,-0.061,0.064
-3.42410e-01,-0.061,0.064
-3.42400e-01,-0.059,0.064
-3.42390e-01,-0.059,0.064
-3.42380e-01,-0.053,0.06
-3.42370e-01,-0.061,0.064
-3.42360e-01,-0.059,0.062
-3.42350e-01,-0.055,0.056
-3.42340e-01,-0.059,0.06
-3.42330e-01,-0.051,0.06
-3.42320e-01,-0.059,0.062
-3.42310e-01,-0.051,0.056
-3.42300e-01,-0.059,0.06
-3.42290e-01,-0.061,0.062
-3.42280e-01,-0.049,0.054
-3.42270e-01,-0.059,0.064
-3.42260e-01,-0.055,0.06
-3.42250e-01,-0.047,0.054
-3.42240e-01,-0.049,0.052
-3.42230e-01,-0.061,0.062
-3.42220e-01,-0.049,0.058
-3.42210e-01,-0.061,0.066
-3.42200e-01,-0.061,0.06
-3.42190e-01,-0.057,0.056
-3.42180e-01,-0.047,0.05
-3.42170e-01,-0.057,0.054
-3.42160e-01,-0.043,0.05
-3.42150e-01,-0.059,0.062
-3.42140e-01,-0.063,0.064
-3.42130e-01,-0.059,0.062
-3.42120e-01,-0.053,0.06
-3.42110e-01,-0.057,0.068
-3.42100e-01,-0.061,0.064
-3.42090e-01,-0.057,0.062
-3.42080e-01,-0.061,0.062
-3.42070e-01,-0.059,0.064
-3.42060e-01,-0.061,0.062
-3.42050e-01,-0.057,0.062
-3.42040e-01,-0.057,0.06
-3.42030e-01,-0.057,0.064
-3.42020e-01,-0.061,0.068
-3.42010e-01,-0.061,0.062
-3.42000e-01,-0.059,0.062
-3.41990e-01,-0.061,0.066
-3.41980e-01,-0.059,0.068
-3.41970e-01,-0.063,0.064
-3.41960e-01,-0.059,0.068
-3.41950e-01,-0.055,0.062
-3.41940e-01,-0.063,0.062
-3.41930e-01,-0.057,0.062
-3.41920e-01,-0.061,0.066
-3.41910e-01,-0.053,0.06
-3.41900e-01,-0.059,0.06
-3.41890e-01,-0.055,0.064
-3.41880e-01,-0.055,0.062
-3.41870e-01,-0.053,0.06
-3.41860e-01,-0.057,0.062
-3.41850e-01,-0.051,0.058
-3.41840e-01,-0.053,0.054
-3.41830e-01,-0.055,0.06
-3.41820e-01,-0.041,0.05
-3.41810e-01,-0.063,0.064
-3.41800e-01,-0.061,0.068
-3.41790e-01,-0.061,0.062
-3.41780e-01,-0.061,0.062
-3.41770e-01,-0.059,0.064
-3.41760e-01,-0.059,0.066
-3.41750e-01,-0.059,0.06
-3.41740e-01,-0.059,0.066
-3.41730e-01,-0.061,0.064
-3.41720e-01,-0.059,0.064
-3.41710e-01,-0.055,0.06
-3.41700e-01,-0.055,0.06
-3.41690e-01,-0.061,0.064
-3.41680e-01,-0.059,0.062
-3.41670e-01,-0.061,0.066
-3.41660e-01,-0.053,0.056
-3.41650e-01,-0.057,0.062
-3.41640e-01,-0.055,0.06
-3.41630e-01,-0.059,0.062
-3.41620e-01,-0.059,0.062
-3.41610e-01,-0.053,0.058
-3.41600e-01,-0.057,0.06
-3.41590e-01,-0.049,0.052
-3.41580e-01,-0.059,0.062
-3.41570e-01,-0.059,0.062
-3.41560e-01,-0.055,0.06
-3.41550e-01,-0.055,0.06
-3.41540e-01,-0.049,0.052
-3.41530e-01,-0.051,0.056
-3.41520e-01,-0.055,0.06
-3.41510e-01,-0.057,0.062
-3.41500e-01,-0.061,0.062
-3.41490e-01,-0.059,0.066
-3.41480e-01,-0.059,0.064
-3.41470e-01,-0.059,0.064
-3.41460e-01,-0.059,0.066
-3.41450e-01,-0.059,0.064
-3.41440e-01,-0.063,0.064
-3.41430e-01,-0.059,0.064
-3.41420e-01,-0.063,0.064
-3.41410e-01,-0.059,0.066
-3.41400e-01,-0.061,0.06
-3.41390e-01,-0.061,0.064
-3.41380e-01,-0.057,0.064
-3.41370e-01,-0.061,0.062
-3.41360e-01,-0.053,0.056
-3.41350e-01,-0.059,0.06
-3.41340e-01,-0.059,0.062
-3.41330e-01,-0.063,0.064
-3.41320e-01,-0.059,0.062
-3.41310e-01,-0.063,0.062
-3.41300e-01,-0.059,0.062
-3.41290e-01,-0.059,0.064
-3.41280e-01,-0.059,0.062
-3.41270e-01,-0.059,0.062
-3.41260e-01,-0.059,0.062
-3.41250e-01,-0.059,0.07
-3.41240e-01,-0.057,0.06
-3.41230e-01,-0.063,0.062
-3.41220e-01,-0.059,0.064
-3.41210e-01,-0.061,0.064
-3.41200e-01,-0.055,0.06
-3.41190e-01,-0.057,0.06
-3.41180e-01,-0.057,0.066
-3.41170e-01,-0.059,0.062
-3.41160e-01,-0.061,0.064
-3.41150e-01,-0.051,0.054
-3.41140e-01,-0.061,0.062
-3.41130e-01,-0.061,0.064
-3.41120e-01,-0.059,0.064
-3.41110e-01,-0.055,0.056
-3.41100e-01,-0.053,0.058
-3.41090e-01,-0.057,0.06
-3.41080e-01,-0.057,0.064
-3.41070e-01,-0.061,0.066
-3.41060e-01,-0.063,0.064
-3.41050e-01,-0.059,0.062
-3.41040e-01,-0.059,0.06
-3.41030e-01,-0.059,0.064
-3.41020e-01,-0.061,0.066
-3.41010e-01,-0.055,0.06
-3.41000e-01,-0.055,0.062
-3.40990e-01,-0.061,0.064
-3.40980e-01,-0.059,0.062
-3.40970e-01,-0.053,0.058
-3.40960e-01,-0.055,0.062
-3.40950e-01,-0.057,0.06
-3.40940e-01,-0.059,0.064
-3.40930e-01,-0.055,0.06
-3.40920e-01,-0.055,0.06
-3.40910e-01,-0.055,0.058
-3.40900e-01,-0.043,0.046
-3.40890e-01,-0.059,0.062
-3.40880e-01,-0.053,0.06
-3.40870e-01,-0.057,0.066
-3.40860e-01,-0.059,0.06
-3.40850e-01,-0.055,0.06
-3.40840e-01,-0.057,0.068
-3.40830e-01,-0.063,0.06
-3.40820e-01,-0.055,0.06
-3.40810e-01,-0.057,0.06
-3.40800e-01,-0.059,0.062
-3.40790e-01,-0.061,0.068
-3.40780e-01,-0.057,0.06
-3.40770e-01,-0.059,0.064
-3.40760e-01,-0.065,0.064
-3.40750e-01,-0.061,0.064
-3.40740e-01,-0.063,0.062
-3.40730e-01,-0.061,0.06
-3.40720e-01,-0.059,0.066
-3.40710e-01,-0.057,0.064
-3.40700e-01,-0.063,0.064
-3.40690e-01,-0.059,0.066
-3.40680e-01,-0.049,0.054
-3.40670e-01,-0.057,0.06
-3.40660e-01,-0.053,0.056
-3.40650e-01,-0.063,0.066
-3.40640e-01,-0.049,0.056
-3.40630e-01,-0.061,0.066
-3.40620e-01,-0.059,0.06
-3.40610e-01,-0.057,0.062
-3.40600e-01,-0.059,0.064
-3.40590e-01,-0.055,0.058
-3.40580e-01,-0.057,0.066
-3.40570e-01,-0.055,0.06
-3.40560e-01,-0.057,0.06
-3.40550e-01,-0.061,0.064
-3.40540e-01,-0.045,0.052
-3.40530e-01,-0.061,0.064
-3.40520e-01,-0.063,0.064
-3.40510e-01,-0.059,0.064
-3.40500e-01,-0.053,0.054
-3.40490e-01,-0.063,0.064
-3.40480e-01,-0.053,0.06
-3.40470e-01,-0.061,0.062
-3.40460e-01,-0.059,0.062
-3.40450e-01,-0.055,0.062
-3.40440e-01,-0.059,0.064
-3.40430e-01,-0.051,0.054
-3.40420e-01,-0.059,0.06
-3.40410e-01,-0.059,0.064
-3.40400e-01,-0.059,0.06
-3.40390e-01,-0.059,0.062
-3.40380e-01,-0.063,0.062
-3.40370e-01,-0.055,0.062
-3.40360e-01,-0.055,0.058
-3.40350e-01,-0.055,0.06
-3.40340e-01,-0.057,0.062
-3.40330e-01,-0.053,0.056
-3.40320e-01,-0.061,0.064
-3.40310e-01,-0.063,0.068
-3.40300e-01,-0.059,0.064
-3.40290e-01,-0.059,0.062
-3.40280e-01,-0.057,0.062
-3.40270e-01,-0.059,0.064
-3.40260e-01,-0.059,0.06
-3.40250e-01,-0.061,0.064
-3.40240e-01,-0.061,0.064
-3.40230e-01,-0.057,0.062
-3.40220e-01,-0.059,0.06
-3.40210e-01,-0.057,0.062
-3.40200e-01,-0.063,0.062
-3.40190e-01,-0.063,0.066
-3.40180e-01,-0.059,0.062
-3.40170e-01,-0.059,0.06
-3.40160e-01,-0.055,0.06
-3.40150e-01,-0.061,0.062
-3.40140e-01,-0.055,0.064
-3.40130e-01,-0.049,0.054
-3.40120e-01,-0.057,0.06
-3.40110e-01,-0.057,0.064
-3.40100e-01,-0.055,0.058
-3.40090e-01,-0.059,0.066
-3.40080e-01,-0.051,0.06
-3.40070e-01,-0.057,0.06
-3.40060e-01,-0.057,0.06
-3.40050e-01,-0.057,0.06
-3.40040e-01,-0.059,0.062
-3.40030e-01,-0.061,0.064
-3.40020e-01,-0.057,0.064
-3.40010e-01,-0.057,0.062
-3.40000e-01,-0.053,0.06
-3.39990e-01,-0.061,0.062
-3.39980e-01,-0.055,0.062
-3.39970e-01,-0.057,0.062
-3.39960e-01,-0.057,0.062
-3.39950e-01,-0.061,0.06
-3.39940e-01,-0.053,0.06
-3.39930e-01,-0.061,0.062
-3.39920e-01,-0.055,0.058
-3.39910e-01,-0.063,0.064
-3.39900e-01,-0.061,0.064
-3.39890e-01,-0.051,0.058
-3.39880e-01,-0.059,0.06
-3.39870e-01,-0.057,0.064
-3.39860e-01,-0.061,0.064
-3.39850e-01,-0.061,0.064
-3.39840e-01,-0.061,0.062
-3.39830e-01,-0.061,0.066
-3.39820e-01,-0.059,0.06
-3.39810e-01,-0.063,0.062
-3.39800e-01,-0.059,0.06
-3.39790e-01,-0.063,0.064
-3.39780e-01,-0.059,0.064
-3.39770e-01,-0.063,0.066
-3.39760e-01,-0.055,0.066
-3.39750e-01,-0.061,0.064
-3.39740e-01,-0.057,0.06
-3.39730e-01,-0.061,0.064
-3.39720e-01,-0.049,0.052
-3.39710e-01,-0.059,0.066
-3.39700e-01,-0.045,0.054
-3.39690e-01,-0.061,0.068
-3.39680e-01,-0.057,0.066
-3.39670e-01,-0.059,0.062
-3.39660e-01,-0.059,0.062
-3.39650e-01,-0.057,0.06
-3.39640e-01,-0.063,0.064
-3.39630e-01,-0.051,0.058
-3.39620e-01,-0.063,0.062
-3.39610e-01,-0.055,0.06
-3.39600e-01,-0.057,0.062
-3.39590e-01,-0.061,0.062
-3.39580e-01,-0.057,0.058
-3.39570e-01,-0.059,0.06
-3.39560e-01,-0.057,0.06
-3.39550e-01,-0.055,0.06
-3.39540e-01,-0.051,0.058
-3.39530e-01,-0.059,0.064
-3.39520e-01,-0.057,0.06
-3.39510e-01,-0.051,0.056
-3.39500e-01,-0.061,0.064
-3.39490e-01,-0.059,0.066
-3.39480e-01,-0.061,0.064
-3.39470e-01,-0.057,0.064
-3.39460e-01,-0.059,0.062
-3.39450e-01,-0.059,0.062
-3.39440e-01,-0.059,0.064
-3.39430e-01,-0.055,0.064
-3.39420e-01,-0.061,0.064
-3.39410e-01,-0.057,0.064
-3.39400e-01,-0.057,0.062
-3.39390e-01,-0.059,0.062
-3.39380e-01,-0.059,0.064
-3.39370e-01,-0.061,0.064
-3.39360e-01,-0.059,0.064
-3.39350e-01,-0.057,0.062
-3.39340e-01,-0.065,0.062
-3.39330e-01,-0.061,0.064
-3.39320e-01,-0.059,0.06
-3.39310e-01,-0.061,0.064
-3.39300e-01,-0.061,0.064
-3.39290e-01,-0.059,0.066
-3.39280e-01,-0.063,0.064
-3.39270e-01,-0.061,0.066
-3.39260e-01,-0.059,0.064
-3.39250e-01,-0.055,0.058
-3.39240e-01,-0.059,0.062
-3.39230e-01,-0.055,0.06
-3.39220e-01,-0.059,0.064
-3.39210e-01,-0.057,0.06
-3.39200e-01,-0.059,0.06
-3.39190e-01,-0.055,0.06
-3.39180e-01,-0.057,0.06
-3.39170e-01,-0.057,0.06
-3.39160e-01,-0.051,0.056
-3.39150e-01,-0.063,0.06
-3.39140e-01,-0.045,0.052
-3.39130e-01,-0.047,0.052
-3.39120e-01,-0.055,0.06
-3.39110e-01,-0.063,0.062
-3.39100e-01,-0.049,0.054
-3.39090e-01,-0.047,0.054
-3.39080e-01,-0.045,0.052
-3.39070e-01,-0.049,0.056
-3.39060e-01,-0.049,0.052
-3.39050e-01,-0.063,0.064
-3.39040e-01,-0.061,0.064
-3.39030e-01,-0.057,0.06
-3.39020e-01,-0.057,0.06
-3.39010e-01,-0.051,0.056
-3.39000e-01,-0.059,0.068
-3.38990e-01,-0.057,0.058
-3.38980e-01,-0.057,0.06
-3.38970e-01,-0.059,0.06
-3.38960e-01,-0.051,0.058
-3.38950e-01,-0.057,0.06
-3.38940e-01,-0.057,0.062
-3.38930e-01,-0.055,0.058
-3.38920e-01,-0.057,0.06
-3.38910e-01,-0.049,0.054
-3.38900e-01,-0.063,0.064
-3.38890e-01,-0.059,0.06
-3.38880e-01,-0.055,0.06
-3.38870e-01,-0.061,0.062
-3.38860e-01,-0.059,0.062
-3.38850e-01,-0.061,0.062
-3.38840e-01,-0.057,0.058
-3.38830e-01,-0.055,0.06
-3.38820e-01,-0.059,0.06
-3.38810e-01,-0.061,0.062
-3.38800e-01,-0.057,0.06
-3.38790e-01,-0.053,0.056
-3.38780e-01,-0.059,0.066
-3.38770e-01,-0.061,0.062
-3.38760e-01,-0.051,0.058
-3.38750e-01,-0.063,0.064
-3.38740e-01,-0.057,0.062
-3.38730e-01,-0.059,0.064
-3.38720e-01,-0.059,0.066
-3.38710e-01,-0.049,0.052
-3.38700e-01,-0.059,0.062
-3.38690e-01,-0.047,0.054
-3.38680e-01,-0.063,0.062
-3.38670e-01,-0.057,0.06
-3.38660e-01,-0.061,0.066
-3.38650e-01,-0.055,0.056
-3.38640e-01,-0.061,0.064
-3.38630e-01,-0.053,0.058
-3.38620e-01,-0.059,0.064
-3.38610e-01,-0.043,0.052
-3.38600e-01,-0.051,0.06
-3.38590e-01,-0.053,0.06
-3.38580e-01,-0.055,0.06
-3.38570e-01,-0.057,0.062
-3.38560e-01,-0.053,0.062
-3.38550e-01,-0.059,0.062
-3.38540e-01,-0.053,0.058
-3.38530e-01,-0.057,0.062
-3.38520e-01,-0.055,0.058
-3.38510e-01,-0.055,0.056
-3.38500e-01,-0.057,0.06
-3.38490e-01,-0.049,0.056
-3.38480e-01,-0.061,0.066
-3.38470e-01,-0.057,0.062
-3.38460e-01,-0.061,0.062
-3.38450e-01,-0.059,0.064
-3.38440e-01,-0.059,0.06
-3.38430e-01,-0.053,0.06
-3.38420e-01,-0.053,0.058
-3.38410e-01,-0.063,0.064
-3.38400e-01,-0.055,0.06
-3.38390e-01,-0.055,0.06
-3.38380e-01,-0.057,0.062
-3.38370e-01,-0.057,0.06
-3.38360e-01,-0.055,0.06
-3.38350e-01,-0.057,0.06
-3.38340e-01,-0.055,0.06
-3.38330e-01,-0.053,0.056
-3.38320e-01,-0.057,0.064
-3.38310e-01,-0.061,0.062
-3.38300e-01,-0.059,0.062
-3.38290e-01,-0.061,0.062
-3.38280e-01,-0.055,0.056
-3.38270e-01,-0.057,0.062
-3.38260e-01,-0.049,0.056
-3.38250e-01,-0.059,0.062
-3.38240e-01,-0.057,0.062
-3.38230e-01,-0.057,0.062
-3.38220e-01,-0.059,0.064
-3.38210e-01,-0.063,0.062
-3.38200e-01,-0.059,0.064
-3.38190e-01,-0.057,0.064
-3.38180e-01,-0.059,0.064
-3.38170e-01,-0.063,0.066
-3.38160e-01,-0.061,0.064
-3.38150e-01,-0.059,0.062
-3.38140e-01,-0.055,0.06
-3.38130e-01,-0.059,0.068
-3.38120e-01,-0.053,0.058
-3.38110e-01,-0.059,0.06
-3.38100e-01,-0.059,0.064
-3.38090e-01,-0.061,0.064
-3.38080e-01,-0.061,0.064
-3.38070e-01,-0.061,0.064
-3.38060e-01,-0.059,0.06
-3.38050e-01,-0.059,0.064
-3.38040e-01,-0.053,0.058
-3.38030e-01,-0.063,0.066
-3.38020e-01,-0.037,0.046
-3.38010e-01,-0.063,0.064
-3.38000e-01,-0.055,0.06
-3.37990e-01,-0.057,0.06
-3.37980e-01,-0.059,0.064
-3.37970e-01,-0.043,0.046
-3.37960e-01,-0.055,0.056
-3.37950e-01,-0.053,0.06
-3.37940e-01,-0.061,0.064
-3.37930e-01,-0.059,0.064
-3.37920e-01,-0.061,0.062
-3.37910e-01,-0.057,0.066
-3.37900e-01,-0.059,0.06
-3.37890e-01,-0.063,0.066
-3.37880e-01,-0.059,0.062
-3.37870e-01,-0.061,0.064
-3.37860e-01,-0.057,0.06
-3.37850e-01,-0.059,0.06
-3.37840e-01,-0.063,0.064
-3.37830e-01,-0.061,0.064
-3.37820e-01,-0.061,0.06
-3.37810e-01,-0.059,0.062
-3.37800e-01,-0.063,0.064
-3.37790e-01,-0.059,0.06
-3.37780e-01,-0.061,0.062
-3.37770e-01,-0.061,0.06
-3.37760e-01,-0.057,0.064
-3.37750e-01,-0.057,0.06
-3.37740e-01,-0.061,0.062
-3.37730e-01,-0.057,0.058
-3.37720e-01,-0.061,0.06
-3.37710e-01,-0.059,0.062
-3.37700e-01,-0.051,0.058
-3.37690e-01,-0.061,0.066
-3.37680e-01,-0.057,0.06
-3.37670e-01,-0.061,0.062
-3.37660e-01,-0.059,0.064
-3.37650e-01,-0.059,0.062
-3.37640e-01,-0.059,0.062
-3.37630e-01,-0.059,0.062
-3.37620e-01,-0.057,0.06
-3.37610e-01,-0.059,0.062
-3.37600e-01,-0.057,0.064
-3.37590e-01,-0.057,0.064
-3.37580e-01,-0.053,0.058
-3.37570e-01,-0.049,0.056
-3.37560e-01,-0.053,0.058
-3.37550e-01,-0.049,0.05
-3.37540e-01,-0.059,0.062
-3.37530e-01,-0.061,0.068
-3.37520e-01,-0.059,0.06
-3.37510e-01,-0.055,0.06
-3.37500e-01,-0.059,0.066
-3.37490e-01,-0.055,0.058
-3.37480e-01,-0.061,0.062
-3.37470e-01,-0.063,0.062
-3.37460e-01,-0.057,0.062
-3.37450e-01,-0.057,0.06
-3.37440e-01,-0.059,0.064
-3.37430e-01,-0.057,0.058
-3.37420e-01,-0.059,0.064
-3.37410e-01,-0.051,0.056
-3.37400e-01,-0.055,0.06
-3.37390e-01,-0.059,0.064
-3.37380e-01,-0.063,0.062
-3.37370e-01,-0.059,0.06
-3.37360e-01,-0.061,0.064
-3.37350e-01,-0.063,0.064
-3.37340e-01,-0.063,0.062
-3.37330e-01,-0.061,0.066
-3.37320e-01,-0.061,0.064
-3.37310e-01,-0.065,0.062
-3.37300e-01,-0.055,0.06
-3.37290e-01,-0.057,0.064
-3.37280e-01,-0.057,0.062
-3.37270e-01,-0.063,0.064
-3.37260e-01,-0.059,0.064
-3.37250e-01,-0.061,0.066
-3.37240e-01,-0.059,0.066
-3.37230e-01,-0.059,0.062
-3.37220e-01,-0.059,0.066
-3.37210e-01,-0.057,0.06
-3.37200e-01,-0.061,0.064
-3.37190e-01,-0.053,0.058
-3.37180e-01,-0.057,0.06
-3.37170e-01,-0.033,0.044
-3.37160e-01,-0.059,0.06
-3.37150e-01,-0.031,0.04
-3.37140e-01,-0.057,0.06
-3.37130e-01,-0.037,0.048
-3.37120e-01,-0.057,0.06
-3.37110e-01,-0.051,0.058
-3.37100e-01,-0.061,0.064
-3.37090e-01,-0.061,0.06
-3.37080e-01,-0.059,0.064
-3.37070e-01,-0.055,0.058
-3.37060e-01,-0.055,0.06
-3.37050e-01,-0.051,0.056
-3.37040e-01,-0.055,0.06
-3.37030e-01,-0.063,0.062
-3.37020e-01,-0.059,0.062
-3.37010e-01,-0.057,0.062
-3.37000e-01,-0.055,0.058
-3.36990e-01,-0.055,0.062
-3.36980e-01,-0.063,0.064
-3.36970e-01,-0.059,0.06
-3.36960e-01,-0.055,0.064
-3.36950e-01,-0.059,0.064
-3.36940e-01,-0.059,0.062
-3.36930e-01,-0.065,0.068
-3.36920e-01,-0.057,0.06
-3.36910e-01,-0.065,0.064
-3.36900e-01,-0.057,0.06
-3.36890e-01,-0.059,0.064
-3.36880e-01,-0.057,0.06
-3.36870e-01,-0.053,0.062
-3.36860e-01,-0.057,0.06
-3.36850e-01,-0.061,0.068
-3.36840e-01,-0.041,0.042
-3.36830e-01,-0.051,0.056
-3.36820e-01,-0.039,0.046
-3.36810e-01,-0.055,0.06
-3.36800e-01,-0.061,0.062
-3.36790e-01,-0.055,0.06
-3.36780e-01,-0.053,0.058
-3.36770e-01,-0.047,0.048
-3.36760e-01,-0.061,0.064
-3.36750e-01,-0.057,0.06
-3.36740e-01,-0.061,0.064
-3.36730e-01,-0.059,0.062
-3.36720e-01,-0.057,0.064
-3.36710e-01,-0.055,0.058
-3.36700e-01,-0.061,0.062
-3.36690e-01,-0.059,0.064
-3.36680e-01,-0.059,0.064
-3.36670e-01,-0.055,0.058
-3.36660e-01,-0.049,0.058
-3.36650e-01,-0.061,0.064
-3.36640e-01,-0.047,0.054
-3.36630e-01,-0.061,0.064
-3.36620e-01,-0.061,0.062
-3.36610e-01,-0.061,0.064
-3.36600e-01,-0.061,0.064
-3.36590e-01,-0.059,0.064
-3.36580e-01,-0.055,0.062
-3.36570e-01,-0.059,0.062
-3.36560e-01,-0.065,0.062
-3.36550e-01,-0.059,0.064
-3.36540e-01,-0.059,0.062
-3.36530e-01,-0.057,0.064
-3.36520e-01,-0.059,0.064
-3.36510e-01,-0.061,0.064
-3.36500e-01,-0.059,0.06
-3.36490e-01,-0.059,0.06
-3.36480e-01,-0.059,0.064
-3.36470e-01,-0.061,0.066
-3.36460e-01,-0.061,0.064
-3.36450e-01,-0.053,0.06
-3.36440e-01,-0.051,0.058
-3.36430e-01,-0.063,0.064
-3.36420e-01,-0.059,0.062
-3.36410e-01,-0.061,0.064
-3.36400e-01,-0.061,0.062
-3.36390e-01,-0.061,0.064
-3.36380e-01,-0.059,0.066
-3.36370e-01,-0.059,0.062
-3.36360e-01,-0.059,0.066
-3.36350e-01,-0.059,0.062
-3.36340e-01,-0.059,0.066
-3.36330e-01,-0.057,0.064
-3.36320e-01,-0.059,0.06
-3.36310e-01,-0.061,0.066
-3.36300e-01,-0.059,0.064
-3.36290e-01,-0.057,0.062
-3.36280e-01,-0.055,0.064
-3.36270e-01,-0.045,0.046
-3.36260e-01,-0.055,0.06
-3.36250e-01,-0.055,0.06
-3.36240e-01,-0.053,0.058
-3.36230e-01,-0.029,0.036
-3.36220e-01,-0.057,0.06
-3.36210e-01,-0.055,0.058
-3.36200e-01,-0.061,0.062
-3.36190e-01,-0.057,0.06
-3.36180e-01,-0.061,0.064
-3.36170e-01,-0.059,0.064
-3.36160e-01,-0.061,0.062
-3.36150e-01,-0.057,0.062
-3.36140e-01,-0.059,0.064
-3.36130e-01,-0.063,0.068
-3.36120e-01,-0.055,0.06
-3.36110e-01,-0.061,0.064
-3.36100e-01,-0.051,0.06
-3.36090e-01,-0.061,0.06
-3.36080e-01,-0.057,0.06
-3.36070e-01,-0.063,0.064
-3.36060e-01,-0.057,0.064
-3.36050e-01,-0.059,0.06
-3.36040e-01,-0.057,0.062
-3.36030e-01,-0.055,0.062
-3.36020e-01,-0.059,0.064
-3.36010e-01,-0.059,0.062
-3.36000e-01,-0.061,0.062
-3.35990e-01,-0.057,0.06
-3.35980e-01,-0.061,0.064
-3.35970e-01,-0.061,0.064
-3.35960e-01,-0.059,0.064
-3.35950e-01,-0.055,0.06
-3.35940e-01,-0.059,0.064
-3.35930e-01,-0.061,0.064
-3.35920e-01,-0.061,0.068
-3.35910e-01,-0.061,0.06
-3.35900e-01,-0.059,0.06
-3.35890e-01,-0.059,0.06
-3.35880e-01,-0.059,0.064
-3.35870e-01,-0.051,0.052
-3.35860e-01,-0.063,0.064
-3.35850e-01,-0.061,0.066
-3.35840e-01,-0.057,0.062
-3.35830e-01,-0.061,0.062
-3.35820e-01,-0.059,0.062
-3.35810e-01,-0.061,0.064
-3.35800e-01,-0.061,0.062
-3.35790e-01,-0.059,0.06
-3.35780e-01,-0.057,0.062
-3.35770e-01,-0.053,0.056
-3.35760e-01,-0.053,0.06
-3.35750e-01,-0.051,0.058
-3.35740e-01,-0.055,0.06
-3.35730e-01,-0.059,0.064
-3.35720e-01,-0.059,0.062
-3.35710e-01,-0.059,0.066
-3.35700e-01,-0.059,0.06
-3.35690e-01,-0.059,0.06
-3.35680e-01,-0.059,0.066
-3.35670e-01,-0.045,0.054
-3.35660e-01,-0.059,0.062
-3.35650e-01,-0.055,0.06
-3.35640e-01,-0.053,0.056
-3.35630e-01,-0.061,0.062
-3.35620e-01,-0.053,0.062
-3.35610e-01,-0.043,0.052
-3.35600e-01,-0.061,0.066
-3.35590e-01,-0.061,0.066
-3.35580e-01,-0.059,0.064
-3.35570e-01,-0.059,0.06
-3.35560e-01,-0.059,0.064
-3.35550e-01,-0.055,0.056
-3.35540e-01,-0.057,0.066
-3.35530e-01,-0.057,0.06
-3.35520e-01,-0.061,0.064
-3.35510e-01,-0.059,0.064
-3.35500e-01,-0.057,0.064
-3.35490e-01,-0.053,0.056
-3.35480e-01,-0.061,0.062
-3.35470e-01,-0.055,0.06
-3.35460e-01,-0.059,0.06
-3.35450e-01,-0.057,0.062
-3.35440e-01,-0.049,0.058
-3.35430e-01,-0.051,0.058
-3.35420e-01,-0.049,0.05
-3.35410e-01,-0.057,0.06
-3.35400e-01,-0.061,0.064
-3.35390e-01,-0.055,0.06
-3.35380e-01,-0.059,0.062
-3.35370e-01,-0.061,0.06
-3.35360e-01,-0.059,0.064
-3.35350e-01,-0.055,0.058
-3.35340e-01,-0.063,0.068
-3.35330e-01,-0.063,0.068
-3.35320e-01,-0.061,0.064
-3.35310e-01,-0.055,0.062
-3.35300e-01,-0.059,0.064
-3.35290e-01,-0.059,0.06
-3.35280e-01,-0.061,0.06
-3.35270e-01,-0.053,0.062
-3.35260e-01,-0.061,0.064
-3.35250e-01,-0.057,0.06
-3.35240e-01,-0.063,0.064
-3.35230e-01,-0.049,0.052
-3.35220e-01,-0.063,0.066
-3.35210e-01,-0.047,0.048
-3.35200e-01,-0.051,0.056
-3.35190e-01,-0.061,0.062
-3.35180e-01,-0.061,0.062
-3.35170e-01,-0.059,0.06
-3.35160e-01,-0.053,0.06
-3.35150e-01,-0.059,0.064
-3.35140e-01,-0.057,0.06
-3.35130e-01,-0.059,0.062
-3.35120e-01,-0.057,0.06
-3.35110e-01,-0.055,0.058
-3.35100e-01,-0.061,0.064
-3.35090e-01,-0.059,0.064
-3.35080e-01,-0.059,0.064
-3.35070e-01,-0.061,0.064
-3.35060e-01,-0.053,0.058
-3.35050e-01,-0.057,0.06
-3.35040e-01,-0.061,0.064
-3.35030e-01,-0.053,0.06
-3.35020e-01,-0.061,0.062
-3.35010e-01,-0.057,0.058
-3.35000e-01,-0.059,0.06
-3.34990e-01,-0.063,0.062
-3.34980e-01,-0.059,0.064
-3.34970e-01,-0.055,0.06
-3.34960e-01,-0.051,0.054
-3.34950e-01,-0.041,0.044
-3.34940e-01,-0.059,0.064
-3.34930e-01,-0.057,0.062
-3.34920e-01,-0.059,0.064
-3.34910e-01,-0.051,0.056
-3.34900e-01,-0.057,0.064
-3.34890e-01,-0.061,0.062
-3.34880e-01,-0.041,0.048
-3.34870e-01,-0.059,0.064
-3.34860e-01,-0.049,0.056
-3.34850e-01,-0.059,0.06
-3.34840e-01,-0.051,0.06
-3.34830e-01,-0.061,0.066
-3.34820e-01,-0.049,0.056
-3.34810e-01,-0.061,0.066
-3.34800e-01,-0.059,0.064
-3.34790e-01,-0.061,0.064
-3.34780e-01,-0.049,0.056
-3.34770e-01,-0.057,0.062
-3.34760e-01,-0.059,0.064
-3.34750e-01,-0.057,0.064
-3.34740e-01,-0.063,0.062
-3.34730e-01,-0.061,0.064
-3.34720e-01,-0.053,0.058
-3.34710e-01,-0.055,0.06
-3.34700e-01,-0.057,0.064
-3.34690e-01,-0.059,0.062
-3.34680e-01,-0.063,0.062
-3.34670e-01,-0.061,0.064
-3.34660e-01,-0.059,0.062
-3.34650e-01,-0.059,0.062
-3.34640e-01,-0.057,0.066
-3.34630e-01,-0.055,0.06
-3.34620e-01,-0.061,0.064
-3.34610e-01,-0.059,0.062
-3.34600e-01,-0.063,0.062
-3.34590e-01,-0.059,0.064
-3.34580e-01,-0.059,0.064
-3.34570e-01,-0.065,0.06
-3.34560e-01,-0.055,0.056
-3.34550e-01,-0.059,0.064
-3.34540e-01,-0.059,0.062
-3.34530e-01,-0.059,0.064
-3.34520e-01,-0.055,0.064
-3.34510e-01,-0.055,0.064
-3.34500e-01,-0.055,0.066
-3.34490e-01,-0.057,0.062
-3.34480e-01,-0.059,0.06
-3.34470e-01,-0.053,0.058
-3.34460e-01,-0.061,0.064
-3.34450e-01,-0.049,0.06
-3.34440e-01,-0.059,0.06
-3.34430e-01,-0.055,0.06
-3.34420e-01,-0.059,0.058
-3.34410e-01,-0.055,0.064
-3.34400e-01,-0.063,0.064
-3.34390e-01,-0.057,0.066
-3.34380e-01,-0.063,0.066
-3.34370e-01,-0.057,0.06
-3.34360e-01,-0.059,0.062
-3.34350e-01,-0.055,0.06
-3.34340e-01,-0.053,0.054
-3.34330e-01,-0.055,0.06
-3.34320e-01,-0.049,0.056
-3.34310e-01,-0.061,0.064
-3.34300e-01,-0.061,0.064
-3.34290e-01,-0.059,0.064
-3.34280e-01,-0.053,0.058
-3.34270e-01,-0.055,0.062
-3.34260e-01,-0.059,0.064
-3.34250e-01,-0.059,0.064
-3.34240e-01,-0.061,0.064
-3.34230e-01,-0.061,0.064
-3.34220e-01,-0.057,0.06
-3.34210e-01,-0.059,0.064
-3.34200e-01,-0.057,0.064
-3.34190e-01,-0.057,0.062
-3.34180e-01,-0.063,0.064
-3.34170e-01,-0.057,0.06
-3.34160e-01,-0.059,0.062
-3.34150e-01,-0.059,0.062
-3.34140e-01,-0.057,0.064
-3.34130e-01,-0.059,0.062
-3.34120e-01,-0.061,0.06
-3.34110e-01,-0.059,0.062
-3.34100e-01,-0.063,0.066
-3.34090e-01,-0.061,0.062
-3.34080e-01,-0.055,0.06
-3.34070e-01,-0.059,0.064
-3.34060e-01,-0.061,0.064
-3.34050e-01,-0.061,0.064
-3.34040e-01,-0.049,0.054
-3.34030e-01,-0.063,0.066
-3.34020e-01,-0.051,0.058
-3.34010e-01,-0.063,0.062
-3.34000e-01,-0.059,0.062
-3.33990e-01,-0.059,0.062
-3.33980e-01,-0.057,0.06
-3.33970e-01,-0.059,0.06
-3.33960e-01,-0.061,0.064
-3.33950e-01,-0.057,0.06
-3.33940e-01,-0.059,0.066
-3.33930e-01,-0.057,0.064
-3.33920e-01,-0.057,0.062
-3.33910e-01,-0.061,0.064
-3.33900e-01,-0.057,0.066
-3.33890e-01,-0.063,0.064
-3.33880e-01,-0.061,0.062
-3.33870e-01,-0.051,0.056
-3.33860e-01,-0.059,0.064
-3.33850e-01,-0.059,0.064
-3.33840e-01,-0.063,0.064
-3.33830e-01,-0.061,0.064
-3.33820e-01,-0.061,0.06
-3.33810e-01,-0.059,0.064
-3.33800e-01,-0.059,0.064
-3.33790e-01,-0.057,0.062
-3.33780e-01,-0.051,0.058
-3.33770e-01,-0.061,0.06
-3.33760e-01,-0.053,0.054
-3.33750e-01,-0.059,0.06
-3.33740e-01,-0.053,0.06
-3.33730e-01,-0.057,0.062
-3.33720e-01,-0.049,0.056
-3.33710e-01,-0.063,0.064
-3.33700e-01,-0.057,0.06
-3.33690e-01,-0.059,0.064
-3.33680e-01,-0.053,0.06
-3.33670e-01,-0.057,0.06
-3.33660e-01,-0.057,0.06
-3.33650e-01,-0.063,0.062
-3.33640e-01,-0.055,0.064
-3.33630e-01,-0.053,0.058
-3.33620e-01,-0.039,0.046
-3.33610e-01,-0.047,0.056
-3.33600e-01,-0.039,0.05
-3.33590e-01,-0.061,0.062
-3.33580e-01,-0.059,0.066
-3.33570e-01,-0.057,0.06
-3.33560e-01,-0.061,0.064
-3.33550e-01,-0.057,0.06
-3.33540e-01,-0.057,0.064
-3.33530e-01,-0.049,0.054
-3.33520e-01,-0.065,0.064
-3.33510e-01,-0.055,0.06
-3.33500e-01,-0.061,0.064
-3.33490e-01,-0.051,0.058
-3.33480e-01,-0.061,0.068
-3.33470e-01,-0.055,0.06
-3.33460e-01,-0.055,0.06
-3.33450e-01,-0.057,0.06
-3.33440e-01,-0.057,0.06
-3.33430e-01,-0.059,0.06
-3.33420e-01,-0.047,0.052
-3.33410e-01,-0.055,0.06
-3.33400e-01,-0.055,0.06
-3.33390e-01,-0.061,0.062
-3.33380e-01,-0.053,0.064
-3.33370e-01,-0.063,0.062
-3.33360e-01,-0.063,0.066
-3.33350e-01,-0.059,0.064
-3.33340e-01,-0.059,0.064
-3.33330e-01,-0.057,0.064
-3.33320e-01,-0.061,0.064
-3.33310e-01,-0.063,0.064
-3.33300e-01,-0.057,0.06
-3.33290e-01,-0.061,0.06
-3.33280e-01,-0.061,0.062
-3.33270e-01,-0.055,0.064
-3.33260e-01,-0.053,0.06
-3.33250e-01,-0.061,0.064
-3.33240e-01,-0.061,0.064
-3.33230e-01,-0.059,0.06
-3.33220e-01,-0.055,0.06
-3.33210e-01,-0.055,0.062
-3.33200e-01,-0.063,0.06
-3.33190e-01,-0.061,0.062
-3.33180e-01,-0.051,0.056
-3.33170e-01,-0.057,0.058
-3.33160e-01,-0.047,0.052
-3.33150e-01,-0.057,0.06
-3.33140e-01,-0.045,0.054
-3.33130e-01,-0.059,0.064
-3.33120e-01,-0.047,0.056
-3.33110e-01,-0.057,0.06
-3.33100e-01,-0.055,0.06
-3.33090e-01,-0.057,0.064
-3.33080e-01,-0.057,0.062
-3.33070e-01,-0.061,0.068
-3.33060e-01,-0.063,0.066
-3.33050e-01,-0.061,0.062
-3.33040e-01,-0.059,0.062
-3.33030e-01,-0.063,0.06
-3.33020e-01,-0.061,0.064
-3.33010e-01,-0.057,0.06
-3.33000e-01,-0.055,0.062
-3.32990e-01,-0.043,0.05
-3.32980e-01,-0.057,0.06
-3.32970e-01,-0.045,0.054
-3.32960e-01,-0.057,0.06
-3.32950e-01,-0.059,0.062
-3.32940e-01,-0.059,0.062
-3.32930e-01,-0.061,0.066
-3.32920e-01,-0.063,0.064
-3.32910e-01,-0.059,0.066
-3.32900e-01,-0.049,0.054
-3.32890e-01,-0.051,0.056
-3.32880e-01,-0.049,0.056
-3.32870e-01,-0.061,0.064
-3.32860e-01,-0.059,0.064
-3.32850e-01,-0.061,0.064
-3.32840e-01,-0.061,0.06
-3.32830e-01,-0.059,0.064
-3.32820e-01,-0.061,0.062
-3.32810e-01,-0.059,0.062
-3.32800e-01,-0.061,0.066
-3.32790e-01,-0.061,0.062
-3.32780e-01,-0.059,0.06
-3.32770e-01,-0.063,0.062
-3.32760e-01,-0.059,0.062
-3.32750e-01,-0.057,0.064
-3.32740e-01,-0.057,0.064
-3.32730e-01,-0.047,0.056
-3.32720e-01,-0.061,0.062
-3.32710e-01,-0.061,0.064
-3.32700e-01,-0.063,0.062
-3.32690e-01,-0.057,0.062
-3.32680e-01,-0.061,0.062
-3.32670e-01,-0.057,0.062
-3.32660e-01,-0.057,0.064
-3.32650e-01,-0.059,0.06
-3.32640e-01,-0.059,0.062
-3.32630e-01,-0.061,0.06
-3.32620e-01,-0.063,0.062
-3.32610e-01,-0.051,0.054
-3.32600e-01,-0.061,0.064
-3.32590e-01,-0.059,0.064
-3.32580e-01,-0.055,0.062
-3.32570e-01,-0.059,0.062
-3.32560e-01,-0.053,0.054
-3.32550e-01,-0.055,0.058
-3.32540e-01,-0.047,0.058
-3.32530e-01,-0.055,0.062
-3.32520e-01,-0.057,0.058
-3.32510e-01,-0.055,0.06
-3.32500e-01,-0.055,0.056
-3.32490e-01,-0.059,0.064
-3.32480e-01,-0.041,0.05
-3.32470e-01,-0.059,0.066
-3.32460e-01,-0.059,0.062
-3.32450e-01,-0.051,0.06
-3.32440e-01,-0.059,0.064
-3.32430e-01,-0.059,0.064
-3.32420e-01,-0.059,0.062
-3.32410e-01,-0.063,0.064
-3.32400e-01,-0.051,0.056
-3.32390e-01,-0.059,0.066
-3.32380e-01,-0.063,0.062
-3.32370e-01,-0.063,0.064
-3.32360e-01,-0.061,0.062
-3.32350e-01,-0.063,0.062
-3.32340e-01,-0.057,0.064
-3.32330e-01,-0.055,0.06
-3.32320e-01,-0.065,0.064
-3.32310e-01,-0.061,0.06
-3.32300e-01,-0.061,0.064
-3.32290e-01,-0.059,0.062
-3.32280e-01,-0.065,0.068
-3.32270e-01,-0.059,0.06
-3.32260e-01,-0.055,0.06
-3.32250e-01,-0.047,0.054
-3.32240e-01,-0.055,0.058
-3.32230e-01,-0.051,0.056
-3.32220e-01,-0.061,0.062
-3.32210e-01,-0.059,0.062
-3.32200e-01,-0.057,0.064
-3.32190e-01,-0.057,0.06
-3.32180e-01,-0.059,0.064
-3.32170e-01,-0.049,0.054
-3.32160e-01,-0.061,0.064
-3.32150e-01,-0.055,0.062
-3.32140e-01,-0.059,0.062
-3.32130e-01,-0.061,0.064
-3.32120e-01,-0.061,0.062
-3.32110e-01,-0.063,0.064
-3.32100e-01,-0.057,0.06
-3.32090e-01,-0.059,0.062
-3.32080e-01,-0.049,0.056
-3.32070e-01,-0.063,0.064
-3.32060e-01,-0.055,0.06
-3.32050e-01,-0.063,0.064
-3.32040e-01,-0.053,0.06
-3.32030e-01,-0.059,0.064
-3.32020e-01,-0.059,0.062
-3.32010e-01,-0.061,0.062
-3.32000e-01,-0.051,0.056
-3.31990e-01,-0.051,0.054
-3.31980e-01,-0.057,0.06
-3.31970e-01,-0.055,0.058
-3.31960e-01,-0.065,0.062
-3.31950e-01,-0.055,0.06
-3.31940e-01,-0.059,0.064
-3.31930e-01,-0.061,0.062
-3.31920e-01,-0.055,0.058
-3.31910e-01,-0.057,0.058
-3.31900e-01,-0.057,0.062
-3.31890e-01,-0.063,0.068
-3.31880e-01,-0.057,0.064
-3.31870e-01,-0.059,0.06
-3.31860e-01,-0.055,0.06
-3.31850e-01,-0.065,0.062
-3.31840e-01,-0.055,0.054
-3.31830e-01,-0.057,0.058
-3.31820e-01,-0.041,0.046
-3.31810e-01,-0.047,0.054
-3.31800e-01,-0.051,0.058
-3.31790e-01,-0.061,0.064
-3.31780e-01,-0.061,0.064
-3.31770e-01,-0.057,0.064
-3.31760e-01,-0.061,0.062
-3.31750e-01,-0.061,0.06
-3.31740e-01,-0.061,0.064
-3.31730e-01,-0.057,0.06
-3.31720e-01,-0.059,0.062
-3.31710e-01,-0.061,0.064
-3.31700e-01,-0.057,0.062
-3.31690e-01,-0.061,0.06
-3.31680e-01,-0.055,0.06
-3.31670e-01,-0.045,0.05
-3.31660e-01,-0.055,0.06
-3.31650e-01,-0.055,0.06
-3.31640e-01,-0.055,0.062
-3.31630e-01,-0.051,0.05
-3.31620e-01,-0.055,0.06
-3.31610e-01,-0.055,0.06
-3.31600e-01,-0.061,0.062
-3.31590e-01,-0.059,0.06
-3.31580e-01,-0.059,0.06
-3.31570e-01,-0.059,0.064
-3.31560e-01,-0.063,0.064
-3.31550e-01,-0.059,0.062
-3.31540e-01,-0.061,0.064
-3.31530e-01,-0.057,0.06
-3.31520e-01,-0.059,0.064
-3.31510e-01,-0.059,0.062
-3.31500e-01,-0.063,0.064
-3.31490e-01,-0.063,0.064
-3.31480e-01,-0.055,0.064
-3.31470e-01,-0.057,0.06
-3.31460e-01,-0.055,0.058
-3.31450e-01,-0.059,0.064
-3.31440e-01,-0.059,0.06
-3.31430e-01,-0.059,0.064
-3.31420e-01,-0.059,0.064
-3.31410e-01,-0.057,0.062
-3.31400e-01,-0.057,0.07
-3.31390e-01,-0.059,0.062
-3.31380e-01,-0.061,0.066
-3.31370e-01,-0.061,0.064
-3.31360e-01,-0.059,0.06
-3.31350e-01,-0.059,0.062
-3.31340e-01,-0.061,0.062
-3.31330e-01,-0.053,0.056
-3.31320e-01,-0.061,0.064
-3.31310e-01,-0.053,0.054
-3.31300e-01,-0.061,0.064
-3.31290e-01,-0.061,0.064
-3.31280e-01,-0.057,0.06
-3.31270e-01,-0.051,0.06
-3.31260e-01,-0.061,0.062
-3.31250e-01,-0.045,0.054
-3.31240e-01,-0.057,0.06
-3.31230e-01,-0.039,0.048
-3.31220e-01,-0.057,0.058
-3.31210e-01,-0.057,0.064
-3.31200e-01,-0.055,0.06
-3.31190e-01,-0.059,0.06
-3.31180e-01,-0.061,0.064
-3.31170e-01,-0.061,0.064
-3.31160e-01,-0.061,0.064
-3.31150e-01,-0.059,0.064
-3.31140e-01,-0.061,0.068
-3.31130e-01,-0.055,0.066
-3.31120e-01,-0.053,0.06
-3.31110e-01,-0.061,0.066
-3.31100e-01,-0.055,0.062
-3.31090e-01,-0.061,0.064
-3.31080e-01,-0.061,0.062
-3.31070e-01,-0.059,0.062
-3.31060e-01,-0.063,0.064
-3.31050e-01,-0.059,0.064
-3.31040e-01,-0.061,0.06
-3.31030e-01,-0.057,0.06
-3.31020e-01,-0.059,0.06
-3.31010e-01,-0.051,0.058
-3.31000e-01,-0.049,0.056
-3.30990e-01,-0.053,0.054
-3.30980e-01,-0.053,0.058
-3.30970e-01,-0.059,0.06
-3.30960e-01,-0.053,0.054
-3.30950e-01,-0.049,0.056
-3.30940e-01,-0.059,0.062
-3.30930e-01,-0.051,0.06
-3.30920e-01,-0.057,0.06
-3.30910e-01,-0.059,0.06
-3.30900e-01,-0.047,0.058
-3.30890e-01,-0.055,0.06
-3.30880e-01,-0.057,0.064
-3.30870e-01,-0.061,0.064
-3.30860e-01,-0.061,0.062
-3.30850e-01,-0.059,0.06
-3.30840e-01,-0.057,0.06
-3.30830e-01,-0.061,0.064
-3.30820e-01,-0.061,0.066
-3.30810e-01,-0.059,0.062
-3.30800e-01,-0.061,0.064
-3.30790e-01,-0.059,0.064
-3.30780e-01,-0.061,0.064
-3.30770e-01,-0.061,0.066
-3.30760e-01,-0.061,0.062
-3.30750e-01,-0.059,0.064
-3.30740e-01,-0.057,0.064
-3.30730e-01,-0.059,0.066
-3.30720e-01,-0.059,0.064
-3.30710e-01,-0.061,0.066
-3.30700e-01,-0.063,0.06
-3.30690e-01,-0.059,0.066
-3.30680e-01,-0.057,0.062
-3.30670e-01,-0.061,0.066
-3.30660e-01,-0.047,0.05
-3.30650e-01,-0.053,0.058
-3.30640e-01,-0.059,0.064
-3.30630e-01,-0.055,0.06
-3.30620e-01,-0.051,0.058
-3.30610e-01,-0.059,0.06
-3.30600e-01,-0.055,0.06
-3.30590e-01,-0.059,0.064
-3.30580e-01,-0.061,0.062
-3.30570e-01,-0.057,0.06
-3.30560e-01,-0.061,0.068
-3.30550e-01,-0.049,0.056
-3.30540e-01,-0.063,0.062
-3.30530e-01,-0.057,0.062
-3.30520e-01,-0.063,0.064
-3.30510e-01,-0.061,0.064
-3.30500e-01,-0.061,0.06
-3.30490e-01,-0.061,0.062
-3.30480e-01,-0.059,0.062
-3.30470e-01,-0.059,0.064
-3.30460e-01,-0.063,0.062
-3.30450e-01,-0.061,0.064
-3.30440e-01,-0.053,0.06
-3.30430e-01,-0.041,0.044
-3.30420e-01,-0.057,0.06
-3.30410e-01,-0.061,0.062
-3.30400e-01,-0.057,0.062
-3.30390e-01,-0.061,0.062
-3.30380e-01,-0.061,0.068
-3.30370e-01,-0.053,0.058
-3.30360e-01,-0.059,0.064
-3.30350e-01,-0.059,0.062
-3.30340e-01,-0.061,0.064
-3.30330e-01,-0.055,0.064
-3.30320e-01,-0.055,0.06
-3.30310e-01,-0.059,0.064
-3.30300e-01,-0.055,0.06
-3.30290e-01,-0.061,0.062
-3.30280e-01,-0.053,0.058
-3.30270e-01,-0.055,0.058
-3.30260e-01,-0.059,0.06
-3.30250e-01,-0.061,0.06
-3.30240e-01,-0.059,0.064
-3.30230e-01,-0.061,0.064
-3.30220e-01,-0.057,0.06
-3.30210e-01,-0.051,0.054
-3.30200e-01,-0.059,0.062
-3.30190e-01,-0.053,0.058
-3.30180e-01,-0.055,0.06
-3.30170e-01,-0.063,0.064
-3.30160e-01,-0.061,0.066
-3.30150e-01,-0.051,0.058
-3.30140e-01,-0.059,0.062
-3.30130e-01,-0.061,0.06
-3.30120e-01,-0.059,0.064
-3.30110e-01,-0.057,0.066
-3.30100e-01,-0.055,0.06
-3.30090e-01,-0.065,0.066
-3.30080e-01,-0.057,0.064
-3.30070e-01,-0.061,0.064
-3.30060e-01,-0.061,0.064
-3.30050e-01,-0.061,0.066
-3.30040e-01,-0.057,0.06
-3.30030e-01,-0.059,0.064
-3.30020e-01,-0.059,0.064
-3.30010e-01,-0.061,0.064
-3.30000e-01,-0.057,0.06
-3.29990e-01,-0.061,0.06
-3.29980e-01,-0.051,0.052
-3.29970e-01,-0.063,0.06
-3.29960e-01,-0.061,0.064
-3.29950e-01,-0.061,0.064
-3.29940e-01,-0.057,0.062
-3.29930e-01,-0.059,0.064
-3.29920e-01,-0.049,0.052
-3.29910e-01,-0.053,0.054
-3.29900e-01,-0.053,0.058
-3.29890e-01,-0.053,0.06
-3.29880e-01,-0.055,0.06
-3.29870e-01,-0.063,0.064
-3.29860e-01,-0.063,0.062
-3.29850e-01,-0.063,0.064
-3.29840e-01,-0.059,0.06
-3.29830e-01,-0.055,0.058
-3.29820e-01,-0.061,0.06
-3.29810e-01,-0.061,0.064
-3.29800e-01,-0.059,0.062
-3.29790e-01,-0.061,0.066
-3.29780e-01,-0.059,0.062
-3.29770e-01,-0.047,0.05
-3.29760e-01,-0.055,0.06
-3.29750e-01,-0.049,0.056
-3.29740e-01,-0.049,0.056
-3.29730e-01,-0.057,0.064
-3.29720e-01,-0.065,0.064
-3.29710e-01,-0.059,0.06
-3.29700e-01,-0.061,0.062
-3.29690e-01,-0.059,0.06
-3.29680e-01,-0.057,0.06
-3.29670e-01,-0.063,0.064
-3.29660e-01,-0.059,0.064
-3.29650e-01,-0.055,0.06
-3.29640e-01,-0.065,0.066
-3.29630e-01,-0.061,0.062
-3.29620e-01,-0.059,0.062
-3.29610e-01,-0.059,0.06
-3.29600e-01,-0.061,0.064
-3.29590e-01,-0.065,0.062
-3.29580e-01,-0.061,0.068
-3.29570e-01,-0.059,0.062
-3.29560e-01,-0.059,0.066
-3.29550e-01,-0.057,0.064
-3.29540e-01,-0.059,0.064
-3.29530e-01,-0.059,0.06
-3.29520e-01,-0.059,0.064
-3.29510e-01,-0.063,0.06
-3.29500e-01,-0.059,0.064
-3.29490e-01,-0.057,0.06
-3.29480e-01,-0.059,0.064
-3.29470e-01,-0.057,0.064
-3.29460e-01,-0.061,0.062
-3.29450e-01,-0.057,0.062
-3.29440e-01,-0.061,0.064
-3.29430e-01,-0.061,0.064
-3.29420e-01,-0.055,0.062
-3.29410e-01,-0.057,0.066
-3.29400e-01,-0.057,0.06
-3.29390e-01,-0.059,0.066
-3.29380e-01,-0.063,0.06
-3.29370e-01,-0.061,0.064
-3.29360e-01,-0.059,0.064
-3.29350e-01,-0.063,0.064
-3.29340e-01,-0.059,0.064
-3.29330e-01,-0.063,0.064
-3.29320e-01,-0.061,0.062
-3.29310e-01,-0.061,0.066
-3.29300e-01,-0.059,0.064
-3.29290e-01,-0.053,0.06
-3.29280e-01,-0.059,0.062
-3.29270e-01,-0.059,0.064
-3.29260e-01,-0.063,0.066
-3.29250e-01,-0.049,0.056
-3.29240e-01,-0.053,0.06
-3.29230e-01,-0.061,0.06
-3.29220e-01,-0.061,0.066
-3.29210e-01,-0.061,0.062
-3.29200e-01,-0.051,0.058
-3.29190e-01,-0.055,0.062
-3.29180e-01,-0.061,0.062
-3.29170e-01,-0.055,0.062
-3.29160e-01,-0.059,0.06
-3.29150e-01,-0.047,0.05
-3.29140e-01,-0.051,0.058
-3.29130e-01,-0.059,0.06
-3.29120e-01,-0.059,0.06
-3.29110e-01,-0.061,0.066
-3.29100e-01,-0.055,0.06
-3.29090e-01,-0.059,0.064
-3.29080e-01,-0.061,0.064
-3.29070e-01,-0.061,0.064
-3.29060e-01,-0.059,0.064
-3.29050e-01,-0.059,0.064
-3.29040e-01,-0.059,0.066
-3.29030e-01,-0.063,0.064
-3.29020e-01,-0.063,0.06
-3.29010e-01,-0.057,0.062
-3.29000e-01,-0.061,0.064
-3.28990e-01,-0.059,0.06
-3.28980e-01,-0.057,0.062
-3.28970e-01,-0.053,0.058
-3.28960e-01,-0.059,0.064
-3.28950e-01,-0.063,0.064
-3.28940e-01,-0.059,0.064
-3.28930e-01,-0.057,0.062
-3.28920e-01,-0.061,0.064
-3.28910e-01,-0.059,0.064
-3.28900e-01,-0.061,0.064
-3.28890e-01,-0.061,0.064
-3.28880e-01,-0.059,0.068
-3.28870e-01,-0.065,0.064
-3.28860e-01,-0.059,0.064
-3.28850e-01,-0.061,0.064
-3.28840e-01,-0.063,0.062
-3.28830e-01,-0.057,0.06
-3.28820e-01,-0.061,0.068
-3.28810e-01,-0.061,0.064
-3.28800e-01,-0.061,0.064
-3.28790e-01,-0.061,0.062
-3.28780e-01,-0.063,0.064
-3.28770e-01,-0.059,0.064
-3.28760e-01,-0.061,0.062
-3.28750e-01,-0.067,0.062
-3.28740e-01,-0.063,0.062
-3.28730e-01,-0.059,0.068
-3.28720e-01,-0.055,0.056
-3.28710e-01,-0.051,0.054
-3.28700e-01,-0.055,0.06
-3.28690e-01,-0.057,0.064
-3.28680e-01,-0.063,0.064
-3.28670e-01,-0.061,0.062
-3.28660e-01,-0.061,0.064
-3.28650e-01,-0.059,0.066
-3.28640e-01,-0.061,0.064
-3.28630e-01,-0.055,0.062
-3.28620e-01,-0.059,0.062
-3.28610e-01,-0.059,0.062
-3.28600e-01,-0.057,0.064
-3.28590e-01,-0.059,0.062
-3.28580e-01,-0.057,0.064
-3.28570e-01,-0.053,0.058
-3.28560e-01,-0.055,0.06
-3.28550e-01,-0.061,0.062
-3.28540e-01,-0.055,0.056
-3.28530e-01,-0.065,0.064
-3.28520e-01,-0.059,0.062
-3.28510e-01,-0.057,0.06
-3.28500e-01,-0.061,0.064
-3.28490e-01,-0.061,0.062
-3.28480e-01,-0.059,0.064
-3.28470e-01,-0.057,0.062
-3.28460e-01,-0.061,0.06
-3.28450e-01,-0.063,0.064
-3.28440e-01,-0.055,0.06
-3.28430e-01,-0.061,0.066
-3.28420e-01,-0.053,0.058
-3.28410e-01,-0.061,0.062
-3.28400e-01,-0.061,0.064
-3.28390e-01,-0.063,0.064
-3.28380e-01,-0.057,0.06
-3.28370e-01,-0.059,0.064
-3.28360e-01,-0.061,0.064
-3.28350e-01,-0.057,0.06
-3.28340e-01,-0.059,0.062
-3.28330e-01,-0.057,0.062
-3.28320e-01,-0.057,0.06
-3.28310e-01,-0.037,0.046
-3.28300e-01,-0.055,0.06
-3.28290e-01,-0.059,0.06
-3.28280e-01,-0.061,0.064
-3.28270e-01,-0.063,0.064
-3.28260e-01,-0.059,0.06
-3.28250e-01,-0.061,0.062
-3.28240e-01,-0.059,0.06
-3.28230e-01,-0.061,0.064
-3.28220e-01,-0.057,0.06
-3.28210e-01,-0.061,0.062
-3.28200e-01,-0.053,0.06
-3.28190e-01,-0.049,0.054
-3.28180e-01,-0.053,0.056
-3.28170e-01,-0.051,0.058
-3.28160e-01,-0.061,0.062
-3.28150e-01,-0.059,0.06
-3.28140e-01,-0.057,0.06
-3.28130e-01,-0.047,0.046
-3.28120e-01,-0.055,0.058
-3.28110e-01,-0.047,0.054
-3.28100e-01,-0.053,0.06
-3.28090e-01,-0.043,0.048
-3.28080e-01,-0.047,0.05
-3.28070e-01,-0.043,0.046
-3.28060e-01,-0.055,0.058
-3.28050e-01,-0.043,0.052
-3.28040e-01,-0.049,0.054
-3.28030e-01,-0.049,0.054
-3.28020e-01,-0.051,0.054
-3.28010e-01,-0.055,0.06
-3.28000e-01,-0.063,0.06
-3.27990e-01,-0.061,0.064
-3.27980e-01,-0.059,0.064
-3.27970e-01,-0.061,0.06
-3.27960e-01,-0.065,0.064
-3.27950e-01,-0.057,0.06
-3.27940e-01,-0.061,0.064
-3.27930e-01,-0.059,0.064
-3.27920e-01,-0.061,0.064
-3.27910e-01,-0.065,0.062
-3.27900e-01,-0.061,0.064
-3.27890e-01,-0.061,0.066
-3.27880e-01,-0.059,0.066
-3.27870e-01,-0.061,0.06
-3.27860e-01,-0.053,0.056
-3.27850e-01,-0.063,0.064
-3.27840e-01,-0.059,0.064
-3.27830e-01,-0.061,0.06
-3.27820e-01,-0.059,0.062
-3.27810e-01,-0.057,0.06
-3.27800e-01,-0.057,0.06
-3.27790e-01,-0.051,0.054
-3.27780e-01,-0.047,0.05
-3.27770e-01,-0.053,0.058
-3.27760e-01,-0.059,0.06
-3.27750e-01,-0.063,0.064
-3.27740e-01,-0.061,0.064
-3.27730e-01,-0.059,0.068
-3.27720e-01,-0.051,0.058
-3.27710e-01,-0.061,0.062
-3.27700e-01,-0.059,0.062
-3.27690e-01,-0.055,0.062
-3.27680e-01,-0.061,0.064
-3.27670e-01,-0.061,0.062
-3.27660e-01,-0.059,0.064
-3.27650e-01,-0.061,0.062
-3.27640e-01,-0.055,0.06
-3.27630e-01,-0.063,0.066
-3.27620e-01,-0.063,0.062
-3.27610e-01,-0.057,0.062
-3.27600e-01,-0.055,0.06
-3.27590e-01,-0.055,0.06
-3.27580e-01,-0.059,0.062
-3.27570e-01,-0.059,0.06
-3.27560e-01,-0.055,0.06
-3.27550e-01,-0.059,0.062
-3.27540e-01,-0.061,0.062
-3.27530e-01,-0.057,0.062
-3.27520e-01,-0.059,0.062
-3.27510e-01,-0.059,0.06
-3.27500e-01,-0.059,0.062
-3.27490e-01,-0.059,0.06
-3.27480e-01,-0.059,0.06
-3.27470e-01,-0.057,0.064
-3.27460e-01,-0.061,0.066
-3.27450e-01,-0.059,0.064
-3.27440e-01,-0.061,0.06
-3.27430e-01,-0.059,0.064
-3.27420e-01,-0.061,0.064
-3.27410e-01,-0.061,0.064
-3.27400e-01,-0.061,0.066
-3.27390e-01,-0.063,0.064
-3.27380e-01,-0.059,0.066
-3.27370e-01,-0.057,0.06
-3.27360e-01,-0.057,0.06
-3.27350e-01,-0.057,0.06
-3.27340e-01,-0.055,0.06
-3.27330e-01,-0.059,0.062
-3.27320e-01,-0.057,0.062
-3.27310e-01,-0.061,0.064
-3.27300e-01,-0.059,0.062
-3.27290e-01,-0.063,0.066
-3.27280e-01,-0.061,0.064
-3.27270e-01,-0.057,0.064
-3.27260e-01,-0.061,0.064
-3.27250e-01,-0.061,0.064
-3.27240e-01,-0.059,0.064
-3.27230e-01,-0.061,0.064
-3.27220e-01,-0.061,0.06
-3.27210e-01,-0.057,0.056
-3.27200e-01,-0.055,0.062
-3.27190e-01,-0.057,0.06
-3.27180e-01,-0.061,0.062
-3.27170e-01,-0.065,0.064
-3.27160e-01,-0.059,0.06
-3.27150e-01,-0.061,0.066
-3.27140e-01,-0.059,0.068
-3.27130e-01,-0.063,0.068
-3.27120e-01,-0.061,0.064
-3.27110e-01,-0.055,0.06
-3.27100e-01,-0.055,0.064
-3.27090e-01,-0.055,0.058
-3.27080e-01,-0.051,0.06
-3.27070e-01,-0.059,0.066
-3.27060e-01,-0.059,0.06
-3.27050e-01,-0.053,0.054
-3.27040e-01,-0.061,0.064
-3.27030e-01,-0.059,0.066
-3.27020e-01,-0.063,0.064
-3.27010e-01,-0.061,0.06
-3.27000e-01,-0.061,0.06
-3.26990e-01,-0.057,0.062
-3.26980e-01,-0.059,0.06
-3.26970e-01,-0.057,0.062
-3.26960e-01,-0.057,0.06
-3.26950e-01,-0.061,0.064
-3.26940e-01,-0.059,0.064
-3.26930e-01,-0.059,0.062
-3.26920e-01,-0.061,0.064
-3.26910e-01,-0.055,0.058
-3.26900e-01,-0.057,0.066
-3.26890e-01,-0.055,0.052
-3.26880e-01,-0.051,0.058
-3.26870e-01,-0.049,0.056
-3.26860e-01,-0.049,0.054
-3.26850e-01,-0.051,0.056
-3.26840e-01,-0.057,0.064
-3.26830e-01,-0.061,0.064
-3.26820e-01,-0.059,0.062
-3.26810e-01,-0.059,0.064
-3.26800e-01,-0.063,0.064
-3.26790e-01,-0.061,0.06
-3.26780e-01,-0.057,0.064
-3.26770e-01,-0.053,0.06
-3.26760e-01,-0.059,0.064
-3.26750e-01,-0.061,0.068
-3.26740e-01,-0.063,0.064
-3.26730e-01,-0.063,0.062
-3.26720e-01,-0.057,0.06
-3.26710e-01,-0.051,0.056
-3.26700e-01,-0.065,0.068
-3.26690e-01,-0.053,0.054
-3.26680e-01,-0.059,0.064
-3.26670e-01,-0.057,0.062
-3.26660e-01,-0.051,0.058
-3.26650e-01,-0.061,0.062
-3.26640e-01,-0.063,0.064
-3.26630e-01,-0.059,0.064
-3.26620e-01,-0.061,0.064
-3.26610e-01,-0.061,0.066
-3.26600e-01,-0.061,0.064
-3.26590e-01,-0.059,0.064
-3.26580e-01,-0.059,0.064
-3.26570e-01,-0.053,0.06
-3.26560e-01,-0.059,0.062
-3.26550e-01,-0.061,0.064
-3.26540e-01,-0.057,0.062
-3.26530e-01,-0.061,0.062
-3.26520e-01,-0.057,0.064
-3.26510e-01,-0.065,0.066
-3.26500e-01,-0.055,0.062
-3.26490e-01,-0.061,0.06
-3.26480e-01,-0.057,0.064
-3.26470e-01,-0.059,0.06
-3.26460e-01,-0.063,0.062
-3.26450e-01,-0.063,0.064
-3.26440e-01,-0.061,0.064
-3.26430e-01,-0.051,0.054
-3.26420e-01,-0.061,0.062
-3.26410e-01,-0.055,0.056
-3.26400e-01,-0.053,0.056
-3.26390e-01,-0.053,0.06
-3.26380e-01,-0.061,0.064
-3.26370e-01,-0.057,0.06
-3.26360e-01,-0.061,0.062
-3.26350e-01,-0.059,0.066
-3.26340e-01,-0.061,0.06
-3.26330e-01,-0.061,0.062
-3.26320e-01,-0.061,0.064
-3.26310e-01,-0.055,0.06
-3.26300e-01,-0.057,0.062
-3.26290e-01,-0.063,0.064
-3.26280e-01,-0.059,0.064
-3.26270e-01,-0.057,0.064
-3.26260e-01,-0.059,0.064
-3.26250e-01,-0.065,0.064
-3.26240e-01,-0.053,0.056
-3.26230e-01,-0.057,0.064
-3.26220e-01,-0.059,0.064
-3.26210e-01,-0.061,0.068
-3.26200e-01,-0.059,0.066
-3.26190e-01,-0.059,0.068
-3.26180e-01,-0.057,0.062
-3.26170e-01,-0.061,0.064
-3.26160e-01,-0.061,0.062
-3.26150e-01,-0.059,0.062
-3.26140e-01,-0.059,0.064
-3.26130e-01,-0.055,0.062
-3.26120e-01,-0.059,0.066
-3.26110e-01,-0.055,0.066
-3.26100e-01,-0.061,0.06
-3.26090e-01,-0.057,0.064
-3.26080e-01,-0.061,0.066
-3.26070e-01,-0.061,0.064
-3.26060e-01,-0.061,0.06
-3.26050e-01,-0.057,0.062
-3.26040e-01,-0.047,0.054
-3.26030e-01,-0.053,0.058
-3.26020e-01,-0.059,0.062
-3.26010e-01,-0.059,0.064
-3.26000e-01,-0.059,0.064
-3.25990e-01,-0.057,0.06
-3.25980e-01,-0.043,0.048
-3.25970e-01,-0.057,0.06
-3.25960e-01,-0.057,0.062
-3.25950e-01,-0.061,0.066
-3.25940e-01,-0.059,0.062
-3.25930e-01,-0.061,0.062
-3.25920e-01,-0.059,0.066
-3.25910e-01,-0.061,0.064
-3.25900e-01,-0.059,0.062
-3.25890e-01,-0.061,0.062
-3.25880e-01,-0.063,0.066
-3.25870e-01,-0.063,0.064
-3.25860e-01,-0.059,0.062
-3.25850e-01,-0.059,0.062
-3.25840e-01,-0.061,0.062
-3.25830e-01,-0.055,0.06
-3.25820e-01,-0.055,0.062
-3.25810e-01,-0.057,0.062
-3.25800e-01,-0.061,0.066
-3.25790e-01,-0.059,0.062
-3.25780e-01,-0.063,0.064
-3.25770e-01,-0.061,0.062
-3.25760e-01,-0.055,0.064
-3.25750e-01,-0.059,0.064
-3.25740e-01,-0.055,0.06
-3.25730e-01,-0.057,0.06
-3.25720e-01,-0.065,0.066
-3.25710e-01,-0.059,0.062
-3.25700e-01,-0.061,0.06
-3.25690e-01,-0.059,0.068
-3.25680e-01,-0.061,0.06
-3.25670e-01,-0.061,0.064
-3.25660e-01,-0.059,0.062
-3.25650e-01,-0.061,0.066
-3.25640e-01,-0.059,0.066
-3.25630e-01,-0.065,0.064
-3.25620e-01,-0.057,0.064
-3.25610e-01,-0.061,0.064
-3.25600e-01,-0.059,0.062
-3.25590e-01,-0.057,0.06
-3.25580e-01,-0.053,0.062
-3.25570e-01,-0.061,0.064
-3.25560e-01,-0.059,0.062
-3.25550e-01,-0.061,0.064
-3.25540e-01,-0.057,0.06
-3.25530e-01,-0.063,0.06
-3.25520e-01,-0.059,0.066
-3.25510e-01,-0.059,0.062
-3.25500e-01,-0.059,0.064
-3.25490e-01,-0.057,0.064
-3.25480e-01,-0.053,0.058
-3.25470e-01,-0.057,0.06
-3.25460e-01,-0.061,0.064
-3.25450e-01,-0.063,0.064
-3.25440e-01,-0.059,0.062
-3.25430e-01,-0.051,0.06
-3.25420e-01,-0.061,0.064
-3.25410e-01,-0.059,0.064
-3.25400e-01,-0.061,0.066
-3.25390e-01,-0.059,0.064
-3.25380e-01,-0.051,0.058
-3.25370e-01,-0.055,0.06
-3.25360e-01,-0.061,0.06
-3.25350e-01,-0.059,0.064
-3.25340e-01,-0.061,0.062
-3.25330e-01,-0.059,0.06
-3.25320e-01,-0.057,0.062
-3.25310e-01,-0.063,0.066
-3.25300e-01,-0.051,0.056
-3.25290e-01,-0.059,0.062
-3.25280e-01,-0.059,0.064
-3.25270e-01,-0.053,0.062
-3.25260e-01,-0.051,0.058
-3.25250e-01,-0.055,0.064
-3.25240e-01,-0.059,0.064
-3.25230e-01,-0.055,0.062
-3.25220e-01,-0.063,0.06
-3.25210e-01,-0.057,0.06
-3.25200e-01,-0.061,0.06
-3.25190e-01,-0.051,0.058
-3.25180e-01,-0.059,0.062
-3.25170e-01,-0.061,0.064
-3.25160e-01,-0.063,0.06
-3.25150e-01,-0.059,0.064
-3.25140e-01,-0.059,0.06
-3.25130e-01,-0.063,0.062
-3.25120e-01,-0.061,0.064
-3.25110e-01,-0.061,0.062
-3.25100e-01,-0.059,0.066
-3.25090e-01,-0.059,0.066
-3.25080e-01,-0.059,0.062
-3.25070e-01,-0.061,0.064
-3.25060e-01,-0.057,0.062
-3.25050e-01,-0.057,0.062
-3.25040e-01,-0.061,0.062
-3.25030e-01,-0.057,0.064
-3.25020e-01,-0.057,0.056
-3.25010e-01,-0.057,0.066
-3.25000e-01,-0.045,0.052
-3.24990e-01,-0.063,0.064
-3.24980e-01,-0.061,0.064
-3.24970e-01,-0.061,0.066
-3.24960e-01,-0.055,0.058
-3.24950e-01,-0.059,0.062
-3.24940e-01,-0.059,0.064
-3.24930e-01,-0.053,0.058
-3.24920e-01,-0.057,0.062
-3.24910e-01,-0.059,0.062
-3.24900e-01,-0.063,0.066
-3.24890e-01,-0.065,0.064
-3.24880e-01,-0.061,0.068
-3.24870e-01,-0.059,0.064
-3.24860e-01,-0.055,0.062
-3.24850e-01,-0.061,0.062
-3.24840e-01,-0.063,0.062
-3.24830e-01,-0.061,0.064
-3.24820e-01,-0.057,0.06
-3.24810e-01,-0.061,0.062
-3.24800e-01,-0.061,0.066
-3.24790e-01,-0.057,0.06
-3.24780e-01,-0.063,0.064
-3.24770e-01,-0.061,0.068
-3.24760e-01,-0.061,0.064
-3.24750e-01,-0.057,0.062
-3.24740e-01,-0.041,0.05
-3.24730e-01,-0.059,0.064
-3.24720e-01,-0.057,0.062
-3.24710e-01,-0.059,0.064
-3.24700e-01,-0.057,0.056
-3.24690e-01,-0.057,0.06
-3.24680e-01,-0.059,0.064
-3.24670e-01,-0.057,0.06
-3.24660e-01,-0.061,0.064
-3.24650e-01,-0.055,0.056
-3.24640e-01,-0.065,0.064
-3.24630e-01,-0.055,0.06
-3.24620e-01,-0.063,0.064
-3.24610e-01,-0.061,0.058
-3.24600e-01,-0.059,0.062
-3.24590e-01,-0.059,0.064
-3.24580e-01,-0.061,0.064
-3.24570e-01,-0.053,0.054
-3.24560e-01,-0.057,0.062
-3.24550e-01,-0.065,0.064
-3.24540e-01,-0.065,0.066
-3.24530e-01,-0.053,0.058
-3.24520e-01,-0.053,0.054
-3.24510e-01,-0.051,0.058
-3.24500e-01,-0.049,0.054
-3.24490e-01,-0.045,0.048
-3.24480e-01,-0.055,0.06
-3.24470e-01,-0.055,0.06
-3.24460e-01,-0.057,0.06
-3.24450e-01,-0.059,0.062
-3.24440e-01,-0.061,0.068
-3.24430e-01,-0.059,0.064
-3.24420e-01,-0.063,0.064
-3.24410e-01,-0.061,0.066
-3.24400e-01,-0.059,0.064
-3.24390e-01,-0.061,0.058
-3.24380e-01,-0.061,0.06
-3.24370e-01,-0.063,0.066
-3.24360e-01,-0.059,0.066
-3.24350e-01,-0.055,0.06
-3.24340e-01,-0.049,0.056
-3.24330e-01,-0.059,0.06
-3.24320e-01,-0.057,0.064
-3.24310e-01,-0.051,0.056
-3.24300e-01,-0.059,0.064
-3.24290e-01,-0.061,0.064
-3.24280e-01,-0.063,0.064
-3.24270e-01,-0.059,0.06
-3.24260e-01,-0.061,0.064
-3.24250e-01,-0.063,0.066
-3.24240e-01,-0.057,0.06
-3.24230e-01,-0.051,0.056
-3.24220e-01,-0.055,0.058
-3.24210e-01,-0.055,0.06
-3.24200e-01,-0.059,0.062
-3.24190e-01,-0.063,0.066
-3.24180e-01,-0.063,0.066
-3.24170e-01,-0.057,0.062
-3.24160e-01,-0.063,0.062
-3.24150e-01,-0.055,0.06
-3.24140e-01,-0.059,0.064
-3.24130e-01,-0.063,0.064
-3.24120e-01,-0.057,0.066
-3.24110e-01,-0.059,0.06
-3.24100e-01,-0.063,0.066
-3.24090e-01,-0.047,0.054
-3.24080e-01,-0.061,0.066
-3.24070e-01,-0.049,0.054
-3.24060e-01,-0.059,0.06
-3.24050e-01,-0.057,0.06
-3.24040e-01,-0.061,0.062
-3.24030e-01,-0.057,0.06
-3.24020e-01,-0.061,0.064
-3.24010e-01,-0.061,0.064
-3.24000e-01,-0.055,0.062
-3.23990e-01,-0.061,0.064
-3.23980e-01,-0.059,0.062
-3.23970e-01,-0.061,0.064
-3.23960e-01,-0.057,0.064
-3.23950e-01,-0.059,0.062
-3.23940e-01,-0.057,0.064
-3.23930e-01,-0.055,0.06
-3.23920e-01,-0.065,0.064
-3.23910e-01,-0.051,0.052
-3.23900e-01,-0.057,0.062
-3.23890e-01,-0.057,0.06
-3.23880e-01,-0.055,0.06
-3.23870e-01,-0.057,0.06
-3.23860e-01,-0.063,0.064
-3.23850e-01,-0.061,0.066
-3.23840e-01,-0.059,0.066
-3.23830e-01,-0.059,0.062
-3.23820e-01,-0.047,0.054
-3.23810e-01,-0.055,0.064
-3.23800e-01,-0.053,0.056
-3.23790e-01,-0.059,0.062
-3.23780e-01,-0.045,0.058
-3.23770e-01,-0.057,0.06
-3.23760e-01,-0.051,0.06
-3.23750e-01,-0.061,0.064
-3.23740e-01,-0.061,0.066
-3.23730e-01,-0.059,0.064
-3.23720e-01,-0.061,0.066
-3.23710e-01,-0.061,0.062
-3.23700e-01,-0.059,0.06
-3.23690e-01,-0.057,0.062
-3.23680e-01,-0.065,0.064
-3.23670e-01,-0.059,0.066
-3.23660e-01,-0.061,0.064
-3.23650e-01,-0.057,0.06
-3.23640e-01,-0.065,0.064
-3.23630e-01,-0.061,0.066
-3.23620e-01,-0.061,0.066
-3.23610e-01,-0.063,0.066
-3.23600e-01,-0.057,0.062
-3.23590e-01,-0.059,0.064
-3.23580e-01,-0.055,0.054
-3.23570e-01,-0.061,0.06
-3.23560e-01,-0.055,0.06
-3.23550e-01,-0.059,0.064
-3.23540e-01,-0.057,0.064
-3.23530e-01,-0.057,0.06
-3.23520e-01,-0.055,0.066
-3.23510e-01,-0.047,0.058
-3.23500e-01,-0.057,0.062
-3.23490e-01,-0.059,0.06
-3.23480e-01,-0.059,0.066
-3.23470e-01,-0.059,0.068
-3.23460e-01,-0.061,0.066
-3.23450e-01,-0.059,0.066
-3.23440e-01,-0.057,0.062
-3.23430e-01,-0.059,0.062
-3.23420e-01,-0.059,0.064
-3.23410e-01,-0.063,0.06
-3.23400e-01,-0.059,0.062
-3.23390e-01,-0.059,0.056
-3.23380e-01,-0.061,0.06
-3.23370e-01,-0.055,0.058
-3.23360e-01,-0.061,0.06
-3.23350e-01,-0.063,0.064
-3.23340e-01,-0.063,0.064
-3.23330e-01,-0.059,0.064
-3.23320e-01,-0.063,0.066
-3.23310e-01,-0.057,0.06
-3.23300e-01,-0.049,0.054
-3.23290e-01,-0.057,0.06
-3.23280e-01,-0.051,0.056
-3.23270e-01,-0.061,0.064
-3.23260e-01,-0.051,0.058
-3.23250e-01,-0.065,0.06
-3.23240e-01,-0.057,0.06
-3.23230e-01,-0.061,0.064
-3.23220e-01,-0.061,0.062
-3.23210e-01,-0.059,0.064
-3.23200e-01,-0.053,0.06
-3.23190e-01,-0.059,0.064
-3.23180e-01,-0.061,0.064
-3.23170e-01,-0.059,0.066
-3.23160e-01,-0.061,0.062
-3.23150e-01,-0.063,0.064
-3.23140e-01,-0.057,0.064
-3.23130e-01,-0.065,0.064
-3.23120e-01,-0.059,0.064
-3.23110e-01,-0.061,0.064
-3.23100e-01,-0.063,0.066
-3.23090e-01,-0.059,0.064
-3.23080e-01,-0.055,0.06
-3.23070e-01,-0.057,0.06
-3.23060e-01,-0.059,0.064
-3.23050e-01,-0.061,0.064
-3.23040e-01,-0.053,0.054
-3.23030e-01,-0.047,0.052
-3.23020e-01,-0.053,0.058
-3.23010e-01,-0.059,0.06
-3.23000e-01,-0.057,0.064
-3.22990e-01,-0.061,0.062
-3.22980e-01,-0.061,0.062
-3.22970e-01,-0.059,0.066
-3.22960e-01,-0.061,0.066
-3.22950e-01,-0.063,0.064
-3.22940e-01,-0.061,0.066
-3.22930e-01,-0.063,0.062
-3.22920e-01,-0.055,0.06
-3.22910e-01,-0.059,0.062
-3.22900e-01,-0.061,0.066
-3.22890e-01,-0.057,0.06
-3.22880e-01,-0.053,0.058
-3.22870e-01,-0.063,0.062
-3.22860e-01,-0.053,0.054
-3.22850e-01,-0.059,0.064
-3.22840e-01,-0.059,0.062
-3.22830e-01,-0.061,0.062
-3.22820e-01,-0.059,0.062
-3.22810e-01,-0.061,0.066
-3.22800e-01,-0.061,0.066
-3.22790e-01,-0.059,0.066
-3.22780e-01,-0.059,0.062
-3.22770e-01,-0.061,0.064
-3.22760e-01,-0.063,0.064
-3.22750e-01,-0.063,0.066
-3.22740e-01,-0.061,0.068
-3.22730e-01,-0.057,0.06
-3.22720e-01,-0.061,0.066
-3.22710e-01,-0.051,0.058
-3.22700e-01,-0.061,0.066
-3.22690e-01,-0.053,0.058
-3.22680e-01,-0.057,0.062
-3.22670e-01,-0.059,0.062
-3.22660e-01,-0.063,0.064
-3.22650e-01,-0.061,0.064
-3.22640e-01,-0.059,0.066
-3.22630e-01,-0.059,0.064
-3.22620e-01,-0.061,0.064
-3.22610e-01,-0.059,0.066
-3.22600e-01,-0.059,0.064
-3.22590e-01,-0.057,0.058
-3.22580e-01,-0.061,0.064
-3.22570e-01,-0.061,0.062
-3.22560e-01,-0.061,0.062
-3.22550e-01,-0.063,0.064
-3.22540e-01,-0.055,0.064
-3.22530e-01,-0.061,0.064
-3.22520e-01,-0.061,0.064
-3.22510e-01,-0.059,0.06
-3.22500e-01,-0.053,0.056
-3.22490e-01,-0.051,0.056
-3.22480e-01,-0.055,0.058
-3.22470e-01,-0.059,0.062
-3.22460e-01,-0.061,0.064
-3.22450e-01,-0.061,0.062
-3.22440e-01,-0.055,0.058
-3.22430e-01,-0.061,0.062
-3.22420e-01,-0.051,0.056
-3.22410e-01,-0.061,0.062
-3.22400e-01,-0.059,0.064
-3.22390e-01,-0.059,0.06
-3.22380e-01,-0.059,0.06
-3.22370e-01,-0.057,0.06
-3.22360e-01,-0.061,0.066
-3.22350e-01,-0.063,0.062
-3.22340e-01,-0.063,0.066
-3.22330e-01,-0.057,0.06
-3.22320e-01,-0.061,0.06
-3.22310e-01,-0.053,0.06
-3.22300e-01,-0.059,0.064
-3.22290e-01,-0.059,0.06
-3.22280e-01,-0.061,0.064
-3.22270e-01,-0.061,0.066
-3.22260e-01,-0.059,0.062
-3.22250e-01,-0.063,0.062
-3.22240e-01,-0.055,0.066
-3.22230e-01,-0.059,0.064
-3.22220e-01,-0.059,0.064
-3.22210e-01,-0.057,0.06
-3.22200e-01,-0.055,0.06
-3.22190e-01,-0.061,0.062
-3.22180e-01,-0.061,0.062
-3.22170e-01,-0.063,0.064
-3.22160e-01,-0.065,0.064
-3.22150e-01,-0.055,0.064
-3.22140e-01,-0.059,0.06
-3.22130e-01,-0.057,0.06
-3.22120e-01,-0.059,0.062
-3.22110e-01,-0.061,0.064
-3.22100e-01,-0.059,0.064
-3.22090e-01,-0.061,0.064
-3.22080e-01,-0.061,0.066
-3.22070e-01,-0.055,0.062
-3.22060e-01,-0.061,0.062
-3.22050e-01,-0.061,0.062
-3.22040e-01,-0.059,0.062
-3.22030e-01,-0.059,0.06
-3.22020e-01,-0.057,0.062
-3.22010e-01,-0.061,0.064
-3.22000e-01,-0.057,0.066
-3.21990e-01,-0.061,0.06
-3.21980e-01,-0.057,0.06
-3.21970e-01,-0.061,0.064
-3.21960e-01,-0.059,0.066
-3.21950e-01,-0.059,0.064
-3.21940e-01,-0.059,0.064
-3.21930e-01,-0.057,0.064
-3.21920e-01,-0.059,0.066
-3.21910e-01,-0.061,0.06
-3.21900e-01,-0.061,0.066
-3.21890e-01,-0.063,0.062
-3.21880e-01,-0.061,0.06
-3.21870e-01,-0.061,0.062
-3.21860e-01,-0.065,0.064
-3.21850e-01,-0.065,0.062
-3.21840e-01,-0.059,0.058
-3.21830e-01,-0.061,0.064
-3.21820e-01,-0.059,0.062
-3.21810e-01,-0.059,0.06
-3.21800e-01,-0.053,0.056
-3.21790e-01,-0.059,0.064
-3.21780e-01,-0.059,0.062
-3.21770e-01,-0.059,0.062
-3.21760e-01,-0.059,0.062
-3.21750e-01,-0.061,0.062
-3.21740e-01,-0.059,0.064
-3.21730e-01,-0.061,0.064
-3.21720e-01,-0.063,0.066
-3.21710e-01,-0.061,0.062
-3.21700e-01,-0.057,0.06
-3.21690e-01,-0.059,0.064
-3.21680e-01,-0.059,0.064
-3.21670e-01,-0.059,0.064
-3.21660e-01,-0.059,0.064
-3.21650e-01,-0.047,0.052
-3.21640e-01,-0.061,0.064
-3.21630e-01,-0.063,0.06
-3.21620e-01,-0.057,0.06
-3.21610e-01,-0.061,0.064
-3.21600e-01,-0.061,0.062
-3.21590e-01,-0.055,0.058
-3.21580e-01,-0.059,0.064
-3.21570e-01,-0.061,0.06
-3.21560e-01,-0.059,0.064
-3.21550e-01,-0.061,0.062
-3.21540e-01,-0.051,0.058
-3.21530e-01,-0.057,0.06
-3.21520e-01,-0.057,0.062
-3.21510e-01,-0.059,0.064
-3.21500e-01,-0.059,0.064
-3.21490e-01,-0.057,0.066
-3.21480e-01,-0.059,0.06
-3.21470e-01,-0.057,0.066
-3.21460e-01,-0.057,0.058
-3.21450e-01,-0.061,0.064
-3.21440e-01,-0.061,0.062
-3.21430e-01,-0.043,0.052
-3.21420e-01,-0.059,0.062
-3.21410e-01,-0.043,0.048
-3.21400e-01,-0.057,0.06
-3.21390e-01,-0.057,0.062
-3.21380e-01,-0.061,0.064
-3.21370e-01,-0.059,0.066
-3.21360e-01,-0.061,0.064
-3.21350e-01,-0.055,0.06
-3.21340e-01,-0.059,0.064
-3.21330e-01,-0.055,0.06
-3.21320e-01,-0.057,0.064
-3.21310e-01,-0.055,0.06
-3.21300e-01,-0.059,0.064
-3.21290e-01,-0.051,0.054
-3.21280e-01,-0.061,0.064
-3.21270e-01,-0.059,0.066
-3.21260e-01,-0.061,0.066
-3.21250e-01,-0.061,0.062
-3.21240e-01,-0.057,0.06
-3.21230e-01,-0.061,0.062
-3.21220e-01,-0.061,0.064
-3.21210e-01,-0.061,0.064
-3.21200e-01,-0.059,0.06
-3.21190e-01,-0.049,0.054
-3.21180e-01,-0.055,0.06
-3.21170e-01,-0.065,0.064
-3.21160e-01,-0.061,0.068
-3.21150e-01,-0.061,0.062
-3.21140e-01,-0.059,0.062
-3.21130e-01,-0.059,0.066
-3.21120e-01,-0.061,0.062
-3.21110e-01,-0.063,0.064
-3.21100e-01,-0.055,0.062
-3.21090e-01,-0.065,0.064
-3.21080e-01,-0.053,0.06
-3.21070e-01,-0.061,0.066
-3.21060e-01,-0.057,0.062
-3.21050e-01,-0.061,0.066
-3.21040e-01,-0.055,0.056
-3.21030e-01,-0.057,0.06
-3.21020e-01,-0.049,0.054
-3.21010e-01,-0.061,0.068
-3.21000e-01,-0.059,0.062
-3.20990e-01,-0.057,0.062
-3.20980e-01,-0.063,0.066
-3.20970e-01,-0.055,0.054
-3.20960e-01,-0.061,0.064
-3.20950e-01,-0.055,0.062
-3.20940e-01,-0.061,0.062
-3.20930e-01,-0.061,0.064
-3.20920e-01,-0.055,0.062
-3.20910e-01,-0.059,0.062
-3.20900e-01,-0.055,0.06
-3.20890e-01,-0.059,0.066
-3.20880e-01,-0.059,0.062
-3.20870e-01,-0.061,0.06
-3.20860e-01,-0.059,0.064
-3.20850e-01,-0.057,0.06
-3.20840e-01,-0.059,0.064
-3.20830e-01,-0.063,0.064
-3.20820e-01,-0.057,0.068
-3.20810e-01,-0.055,0.06
-3.20800e-01,-0.057,0.062
-3.20790e-01,-0.061,0.06
-3.20780e-01,-0.061,0.06
-3.20770e-01,-0.051,0.06
-3.20760e-01,-0.051,0.056
-3.20750e-01,-0.057,0.058
-3.20740e-01,-0.057,0.06
-3.20730e-01,-0.059,0.064
-3.20720e-01,-0.059,0.062
-3.20710e-01,-0.059,0.064
-3.20700e-01,-0.059,0.06
-3.20690e-01,-0.059,0.064
-3.20680e-01,-0.055,0.058
-3.20670e-01,-0.057,0.06
-3.20660e-01,-0.061,0.062
-3.20650e-01,-0.061,0.064
-3.20640e-01,-0.059,0.06
-3.20630e-01,-0.061,0.064
-3.20620e-01,-0.063,0.064
-3.20610e-01,-0.061,0.064
-3.20600e-01,-0.061,0.064
-3.20590e-01,-0.059,0.06
-3.20580e-01,-0.059,0.066
-3.20570e-01,-0.055,0.056
-3.20560e-01,-0.059,0.06
-3.20550e-01,-0.059,0.06
-3.20540e-01,-0.063,0.064
-3.20530e-01,-0.061,0.064
-3.20520e-01,-0.063,0.064
-3.20510e-01,-0.059,0.062
-3.20500e-01,-0.061,0.06
-3.20490e-01,-0.061,0.066
-3.20480e-01,-0.053,0.06
-3.20470e-01,-0.045,0.048
-3.20460e-01,-0.057,0.058
-3.20450e-01,-0.057,0.062
-3.20440e-01,-0.061,0.066
-3.20430e-01,-0.053,0.058
-3.20420e-01,-0.063,0.062
-3.20410e-01,-0.061,0.06
-3.20400e-01,-0.063,0.064
-3.20390e-01,-0.061,0.064
-3.20380e-01,-0.057,0.06
-3.20370e-01,-0.061,0.062
-3.20360e-01,-0.055,0.06
-3.20350e-01,-0.061,0.06
-3.20340e-01,-0.051,0.058
-3.20330e-01,-0.063,0.064
-3.20320e-01,-0.059,0.06
-3.20310e-01,-0.063,0.064
-3.20300e-01,-0.055,0.06
-3.20290e-01,-0.059,0.062
-3.20280e-01,-0.059,0.06
-3.20270e-01,-0.057,0.062
-3.20260e-01,-0.059,0.064
-3.20250e-01,-0.057,0.06
-3.20240e-01,-0.057,0.058
-3.20230e-01,-0.057,0.058
-3.20220e-01,-0.051,0.058
-3.20210e-01,-0.063,0.064
-3.20200e-01,-0.063,0.064
-3.20190e-01,-0.059,0.064
-3.20180e-01,-0.061,0.06
-3.20170e-01,-0.063,0.06
-3.20160e-01,-0.061,0.06
-3.20150e-01,-0.065,0.064
-3.20140e-01,-0.057,0.062
-3.20130e-01,-0.061,0.064
-3.20120e-01,-0.059,0.064
-3.20110e-01,-0.057,0.062
-3.20100e-01,-0.057,0.062
-3.20090e-01,-0.061,0.064
-3.20080e-01,-0.051,0.054
-3.20070e-01,-0.061,0.06
-3.20060e-01,-0.061,0.068
-3.20050e-01,-0.061,0.066
-3.20040e-01,-0.061,0.064
-3.20030e-01,-0.053,0.06
-3.20020e-01,-0.067,0.064
-3.20010e-01,-0.057,0.062
-3.20000e-01,-0.059,0.064
-3.19990e-01,-0.059,0.064
-3.19980e-01,-0.059,0.06
-3.19970e-01,-0.057,0.058
-3.19960e-01,-0.061,0.062
-3.19950e-01,-0.061,0.064
-3.19940e-01,-0.063,0.066
-3.19930e-01,-0.061,0.064
-3.19920e-01,-0.063,0.064
-3.19910e-01,-0.057,0.06
-3.19900e-01,-0.051,0.058
-3.19890e-01,-0.057,0.06
-3.19880e-01,-0.041,0.05
-3.19870e-01,-0.055,0.054
-3.19860e-01,-0.055,0.06
-3.19850e-01,-0.059,0.06
-3.19840e-01,-0.061,0.06
-3.19830e-01,-0.061,0.068
-3.19820e-01,-0.059,0.06
-3.19810e-01,-0.055,0.06
-3.19800e-01,-0.055,0.06
-3.19790e-01,-0.061,0.068
-3.19780e-01,-0.059,0.062
-3.19770e-01,-0.061,0.06
-3.19760e-01,-0.055,0.056
-3.19750e-01,-0.057,0.066
-3.19740e-01,-0.059,0.062
-3.19730e-01,-0.057,0.06
-3.19720e-01,-0.063,0.064
-3.19710e-01,-0.061,0.064
-3.19700e-01,-0.061,0.062
-3.19690e-01,-0.063,0.064
-3.19680e-01,-0.061,0.062
-3.19670e-01,-0.059,0.062
-3.19660e-01,-0.059,0.062
-3.19650e-01,-0.063,0.062
-3.19640e-01,-0.059,0.062
-3.19630e-01,-0.057,0.062
-3.19620e-01,-0.063,0.064
-3.19610e-01,-0.063,0.064
-3.19600e-01,-0.061,0.062
-3.19590e-01,-0.059,0.064
-3.19580e-01,-0.059,0.06
-3.19570e-01,-0.061,0.064
-3.19560e-01,-0.061,0.066
-3.19550e-01,-0.059,0.062
-3.19540e-01,-0.057,0.06
-3.19530e-01,-0.055,0.06
-3.19520e-01,-0.053,0.056
-3.19510e-01,-0.059,0.06
-3.19500e-01,-0.049,0.058
-3.19490e-01,-0.059,0.066
-3.19480e-01,-0.063,0.062
-3.19470e-01,-0.059,0.064
-3.19460e-01,-0.061,0.066
-3.19450e-01,-0.059,0.06
-3.19440e-01,-0.063,0.062
-3.19430e-01,-0.059,0.064
-3.19420e-01,-0.055,0.06
-3.19410e-01,-0.057,0.06
-3.19400e-01,-0.059,0.064
-3.19390e-01,-0.059,0.06
-3.19380e-01,-0.055,0.06
-3.19370e-01,-0.055,0.062
-3.19360e-01,-0.057,0.062
-3.19350e-01,-0.061,0.066
-3.19340e-01,-0.063,0.064
-3.19330e-01,-0.063,0.062
-3.19320e-01,-0.059,0.062
-3.19310e-01,-0.061,0.066
-3.19300e-01,-0.057,0.062
-3.19290e-01,-0.061,0.064
-3.19280e-01,-0.057,0.06
-3.19270e-01,-0.061,0.064
-3.19260e-01,-0.059,0.062
-3.19250e-01,-0.059,0.064
-3.19240e-01,-0.057,0.066
-3.19230e-01,-0.059,0.062
-3.19220e-01,-0.061,0.064
-3.19210e-01,-0.061,0.064
-3.19200e-01,-0.053,0.06
-3.19190e-01,-0.063,0.066
-3.19180e-01,-0.055,0.06
-3.19170e-01,-0.063,0.062
-3.19160e-01,-0.061,0.064
-3.19150e-01,-0.059,0.062
-3.19140e-01,-0.059,0.064
-3.19130e-01,-0.055,0.06
-3.19120e-01,-0.057,0.06
-3.19110e-01,-0.057,0.064
-3.19100e-01,-0.059,0.062
-3.19090e-01,-0.061,0.06
-3.19080e-01,-0.063,0.062
-3.19070e-01,-0.063,0.064
-3.19060e-01,-0.061,0.066
-3.19050e-01,-0.061,0.064
-3.19040e-01,-0.063,0.066
-3.19030e-01,-0.063,0.06
-3.19020e-01,-0.059,0.062
-3.19010e-01,-0.059,0.06
-3.19000e-01,-0.063,0.062
-3.18990e-01,-0.061,0.064
-3.18980e-01,-0.059,0.06
-3.18970e-01,-0.063,0.066
-3.18960e-01,-0.061,0.064
-3.18950e-01,-0.061,0.064
-3.18940e-01,-0.059,0.06
-3.18930e-01,-0.059,0.064
-3.18920e-01,-0.059,0.06
-3.18910e-01,-0.059,0.062
-3.18900e-01,-0.061,0.064
-3.18890e-01,-0.063,0.064
-3.18880e-01,-0.061,0.064
-3.18870e-01,-0.059,0.064
-3.18860e-01,-0.053,0.056
-3.18850e-01,-0.059,0.062
-3.18840e-01,-0.059,0.068
-3.18830e-01,-0.059,0.06
-3.18820e-01,-0.059,0.062
-3.18810e-01,-0.063,0.064
-3.18800e-01,-0.057,0.064
-3.18790e-01,-0.061,0.066
-3.18780e-01,-0.055,0.062
-3.18770e-01,-0.057,0.062
-3.18760e-01,-0.061,0.06
-3.18750e-01,-0.057,0.054
-3.18740e-01,-0.057,0.06
-3.18730e-01,-0.059,0.06
-3.18720e-01,-0.059,0.062
-3.18710e-01,-0.055,0.064
-3.18700e-01,-0.063,0.064
-3.18690e-01,-0.063,0.064
-3.18680e-01,-0.059,0.062
-3.18670e-01,-0.057,0.06
-3.18660e-01,-0.061,0.064
-3.18650e-01,-0.057,0.062
-3.18640e-01,-0.061,0.066
-3.18630e-01,-0.059,0.062
-3.18620e-01,-0.059,0.064
-3.18610e-01,-0.059,0.06
-3.18600e-01,-0.061,0.064
-3.18590e-01,-0.061,0.066
-3.18580e-01,-0.059,0.064
-3.18570e-01,-0.061,0.062
-3.18560e-01,-0.061,0.062
-3.18550e-01,-0.059,0.06
-3.18540e-01,-0.051,0.056
-3.18530e-01,-0.061,0.066
-3.18520e-01,-0.059,0.06
-3.18510e-01,-0.055,0.06
-3.18500e-01,-0.059,0.064
-3.18490e-01,-0.051,0.06
-3.18480e-01,-0.067,0.062
-3.18470e-01,-0.063,0.064
-3.18460e-01,-0.063,0.064
-3.18450e-01,-0.061,0.064
-3.18440e-01,-0.059,0.06
-3.18430e-01,-0.061,0.062
-3.18420e-01,-0.061,0.064
-3.18410e-01,-0.057,0.064
-3.18400e-01,-0.063,0.068
-3.18390e-01,-0.061,0.064
-3.18380e-01,-0.063,0.062
-3.18370e-01,-0.063,0.062
-3.18360e-01,-0.061,0.064
-3.18350e-01,-0.063,0.062
-3.18340e-01,-0.061,0.064
-3.18330e-01,-0.055,0.062
-3.18320e-01,-0.057,0.06
-3.18310e-01,-0.063,0.062
-3.18300e-01,-0.057,0.062
-3.18290e-01,-0.057,0.062
-3.18280e-01,-0.061,0.064
-3.18270e-01,-0.063,0.064
-3.18260e-01,-0.063,0.064
-3.18250e-01,-0.055,0.058
-3.18240e-01,-0.051,0.054
-3.18230e-01,-0.053,0.056
-3.18220e-01,-0.059,0.064
-3.18210e-01,-0.059,0.064
-3.18200e-01,-0.059,0.064
-3.18190e-01,-0.061,0.066
-3.18180e-01,-0.055,0.06
-3.18170e-01,-0.057,0.06
-3.18160e-01,-0.057,0.058
-3.18150e-01,-0.059,0.062
-3.18140e-01,-0.065,0.066
-3.18130e-01,-0.059,0.062
-3.18120e-01,-0.063,0.066
-3.18110e-01,-0.061,0.064
-3.18100e-01,-0.063,0.064
-3.18090e-01,-0.057,0.062
-3.18080e-01,-0.061,0.062
-3.18070e-01,-0.061,0.066
-3.18060e-01,-0.061,0.064
-3.18050e-01,-0.061,0.06
-3.18040e-01,-0.053,0.058
-3.18030e-01,-0.063,0.064
-3.18020e-01,-0.051,0.06
-3.18010e-01,-0.061,0.062
-3.18000e-01,-0.061,0.066
-3.17990e-01,-0.063,0.064
-3.17980e-01,-0.059,0.064
-3.17970e-01,-0.061,0.066
-3.17960e-01,-0.057,0.062
-3.17950e-01,-0.059,0.066
-3.17940e-01,-0.055,0.06
-3.17930e-01,-0.055,0.06
-3.17920e-01,-0.059,0.064
-3.17910e-01,-0.061,0.062
-3.17900e-01,-0.061,0.064
-3.17890e-01,-0.061,0.062
-3.17880e-01,-0.061,0.064
-3.17870e-01,-0.063,0.06
-3.17860e-01,-0.063,0.064
-3.17850e-01,-0.061,0.062
-3.17840e-01,-0.061,0.062
-3.17830e-01,-0.059,0.06
-3.17820e-01,-0.061,0.064
-3.17810e-01,-0.053,0.056
-3.17800e-01,-0.059,0.068
-3.17790e-01,-0.055,0.056
-3.17780e-01,-0.063,0.062
-3.17770e-01,-0.057,0.06
-3.17760e-01,-0.063,0.064
-3.17750e-01,-0.065,0.064
-3.17740e-01,-0.059,0.062
-3.17730e-01,-0.057,0.06
-3.17720e-01,-0.059,0.06
-3.17710e-01,-0.051,0.06
-3.17700e-01,-0.061,0.064
-3.17690e-01,-0.061,0.06
-3.17680e-01,-0.061,0.064
-3.17670e-01,-0.061,0.062
-3.17660e-01,-0.049,0.05
-3.17650e-01,-0.043,0.052
-3.17640e-01,-0.041,0.048
-3.17630e-01,-0.059,0.06
-3.17620e-01,-0.061,0.062
-3.17610e-01,-0.053,0.06
-3.17600e-01,-0.053,0.058
-3.17590e-01,-0.049,0.058
-3.17580e-01,-0.061,0.066
-3.17570e-01,-0.063,0.062
-3.17560e-01,-0.059,0.064
-3.17550e-01,-0.061,0.064
-3.17540e-01,-0.051,0.058
-3.17530e-01,-0.057,0.062
-3.17520e-01,-0.057,0.062
-3.17510e-01,-0.057,0.062
-3.17500e-01,-0.057,0.06
-3.17490e-01,-0.061,0.064
-3.17480e-01,-0.055,0.06
-3.17470e-01,-0.061,0.064
-3.17460e-01,-0.061,0.066
-3.17450e-01,-0.059,0.06
-3.17440e-01,-0.057,0.06
-3.17430e-01,-0.059,0.064
-3.17420e-01,-0.061,0.064
-3.17410e-01,-0.061,0.064
-3.17400e-01,-0.059,0.062
-3.17390e-01,-0.061,0.064
-3.17380e-01,-0.059,0.062
-3.17370e-01,-0.059,0.062
-3.17360e-01,-0.055,0.054
-3.17350e-01,-0.063,0.068
-3.17340e-01,-0.061,0.064
-3.17330e-01,-0.059,0.06
-3.17320e-01,-0.059,0.064
-3.17310e-01,-0.061,0.062
-3.17300e-01,-0.059,0.064
-3.17290e-01,-0.061,0.062
-3.17280e-01,-0.059,0.062
-3.17270e-01,-0.061,0.066
-3.17260e-01,-0.063,0.066
-3.17250e-01,-0.055,0.06
-3.17240e-01,-0.057,0.06
-3.17230e-01,-0.057,0.064
-3.17220e-01,-0.061,0.06
-3.17210e-01,-0.053,0.054
-3.17200e-01,-0.065,0.066
-3.17190e-01,-0.061,0.064
-3.17180e-01,-0.063,0.064
-3.17170e-01,-0.061,0.068
-3.17160e-01,-0.059,0.062
-3.17150e-01,-0.063,0.064
-3.17140e-01,-0.059,0.06
-3.17130e-01,-0.063,0.064
-3.17120e-01,-0.059,0.062
-3.17110e-01,-0.059,0.064
-3.17100e-01,-0.061,0.066
-3.17090e-01,-0.063,0.064
-3.17080e-01,-0.063,0.064
-3.17070e-01,-0.061,0.064
-3.17060e-01,-0.063,0.062
-3.17050e-01,-0.063,0.06
-3.17040e-01,-0.063,0.064
-3.17030e-01,-0.057,0.062
-3.17020e-01,-0.061,0.064
-3.17010e-01,-0.061,0.06
-3.17000e-01,-0.063,0.064
-3.16990e-01,-0.061,0.06
-3.16980e-01,-0.061,0.064
-3.16970e-01,-0.061,0.064
-3.16960e-01,-0.061,0.064
-3.16950e-01,-0.055,0.06
-3.16940e-01,-0.057,0.062
-3.16930e-01,-0.057,0.06
-3.16920e-01,-0.065,0.064
-3.16910e-01,-0.055,0.056
-3.16900e-01,-0.049,0.048
-3.16890e-01,-0.049,0.054
-3.16880e-01,-0.061,0.064
-3.16870e-01,-0.059,0.064
-3.16860e-01,-0.063,0.064
-3.16850e-01,-0.061,0.062
-3.16840e-01,-0.061,0.064
-3.16830e-01,-0.061,0.068
-3.16820e-01,-0.063,0.064
-3.16810e-01,-0.063,0.06
-3.16800e-01,-0.059,0.062
-3.16790e-01,-0.059,0.066
-3.16780e-01,-0.063,0.062
-3.16770e-01,-0.057,0.064
-3.16760e-01,-0.059,0.064
-3.16750e-01,-0.059,0.06
-3.16740e-01,-0.067,0.062
-3.16730e-01,-0.061,0.068
-3.16720e-01,-0.061,0.064
-3.16710e-01,-0.059,0.06
-3.16700e-01,-0.061,0.068
-3.16690e-01,-0.055,0.06
-3.16680e-01,-0.057,0.06
-3.16670e-01,-0.059,0.064
-3.16660e-01,-0.065,0.064
-3.16650e-01,-0.059,0.062
-3.16640e-01,-0.059,0.064
-3.16630e-01,-0.061,0.064
-3.16620e-01,-0.061,0.066
-3.16610e-01,-0.055,0.058
-3.16600e-01,-0.059,0.062
-3.16590e-01,-0.059,0.064
-3.16580e-01,-0.063,0.064
-3.16570e-01,-0.065,0.064
-3.16560e-01,-0.057,0.062
-3.16550e-01,-0.061,0.064
-3.16540e-01,-0.059,0.06
-3.16530e-01,-0.061,0.066
-3.16520e-01,-0.049,0.054
-3.16510e-01,-0.059,0.06
-3.16500e-01,-0.059,0.064
-3.16490e-01,-0.063,0.064
-3.16480e-01,-0.059,0.062
-3.16470e-01,-0.059,0.062
-3.16460e-01,-0.059,0.064
-3.16450e-01,-0.047,0.046
-3.16440e-01,-0.059,0.06
-3.16430e-01,-0.057,0.06
-3.16420e-01,-0.061,0.062
-3.16410e-01,-0.049,0.054
-3.16400e-01,-0.059,0.064
-3.16390e-01,-0.065,0.064
-3.16380e-01,-0.063,0.064
-3.16370e-01,-0.059,0.06
-3.16360e-01,-0.055,0.058
-3.16350e-01,-0.057,0.06
-3.16340e-01,-0.061,0.062
-3.16330e-01,-0.057,0.056
-3.16320e-01,-0.063,0.062
-3.16310e-01,-0.059,0.062
-3.16300e-01,-0.061,0.066
-3.16290e-01,-0.061,0.06
-3.16280e-01,-0.059,0.062
-3.16270e-01,-0.059,0.06
-3.16260e-01,-0.053,0.056
-3.16250e-01,-0.051,0.054
-3.16240e-01,-0.029,0.036
-3.16230e-01,-0.047,0.05
-3.16220e-01,-0.061,0.064
-3.16210e-01,-0.061,0.064
-3.16200e-01,-0.061,0.062
-3.16190e-01,-0.063,0.064
-3.16180e-01,-0.059,0.064
-3.16170e-01,-0.061,0.064
-3.16160e-01,-0.061,0.064
-3.16150e-01,-0.059,0.062
-3.16140e-01,-0.065,0.064
-3.16130e-01,-0.061,0.062
-3.16120e-01,-0.061,0.064
-3.16110e-01,-0.055,0.058
-3.16100e-01,-0.059,0.058
-3.16090e-01,-0.057,0.064
-3.16080e-01,-0.055,0.062
-3.16070e-01,-0.061,0.068
-3.16060e-01,-0.061,0.064
-3.16050e-01,-0.057,0.062
-3.16040e-01,-0.057,0.06
-3.16030e-01,-0.061,0.062
-3.16020e-01,-0.053,0.06
-3.16010e-01,-0.049,0.06
-3.16000e-01,-0.053,0.058
-3.15990e-01,-0.051,0.054
-3.15980e-01,-0.059,0.066
-3.15970e-01,-0.063,0.062
-3.15960e-01,-0.059,0.062
-3.15950e-01,-0.061,0.062
-3.15940e-01,-0.061,0.064
-3.15930e-01,-0.059,0.064
-3.15920e-01,-0.057,0.062
-3.15910e-01,-0.059,0.062
-3.15900e-01,-0.059,0.062
-3.15890e-01,-0.059,0.064
-3.15880e-01,-0.053,0.058
-3.15870e-01,-0.039,0.048
-3.15860e-01,-0.045,0.05
-3.15850e-01,-0.039,0.046
-3.15840e-01,-0.055,0.056
-3.15830e-01,-0.049,0.054
-3.15820e-01,-0.045,0.056
-3.15810e-01,-0.049,0.058
-3.15800e-01,-0.061,0.062
-3.15790e-01,-0.061,0.064
-3.15780e-01,-0.059,0.064
-3.15770e-01,-0.055,0.062
-3.15760e-01,-0.057,0.058
-3.15750e-01,-0.053,0.054
-3.15740e-01,-0.055,0.06
-3.15730e-01,-0.057,0.06
-3.15720e-01,-0.059,0.06
-3.15710e-01,-0.061,0.064
-3.15700e-01,-0.057,0.06
-3.15690e-01,-0.057,0.064
-3.15680e-01,-0.049,0.052
-3.15670e-01,-0.053,0.054
-3.15660e-01,-0.049,0.052
-3.15650e-01,-0.057,0.064
-3.15640e-01,-0.041,0.05
-3.15630e-01,-0.057,0.06
-3.15620e-01,-0.055,0.06
-3.15610e-01,-0.063,0.062
-3.15600e-01,-0.059,0.064
-3.15590e-01,-0.055,0.06
-3.15580e-01,-0.055,0.06
-3.15570e-01,-0.061,0.066
-3.15560e-01,-0.057,0.064
-3.15550e-01,-0.057,0.06
-3.15540e-01,-0.061,0.064
-3.15530e-01,-0.049,0.054
-3.15520e-01,-0.059,0.064
-3.15510e-01,-0.043,0.05
-3.15500e-01,-0.061,0.062
-3.15490e-01,-0.057,0.062
-3.15480e-01,-0.051,0.06
-3.15470e-01,-0.055,0.06
-3.15460e-01,-0.057,0.062
-3.15450e-01,-0.051,0.058
-3.15440e-01,-0.055,0.06
-3.15430e-01,-0.059,0.058
-3.15420e-01,-0.061,0.064
-3.15410e-01,-0.057,0.06
-3.15400e-01,-0.065,0.064
-3.15390e-01,-0.045,0.054
-3.15380e-01,-0.053,0.06
-3.15370e-01,-0.059,0.062
-3.15360e-01,-0.059,0.064
-3.15350e-01,-0.059,0.06
-3.15340e-01,-0.045,0.052
-3.15330e-01,-0.047,0.056
-3.15320e-01,-0.053,0.06
-3.15310e-01,-0.059,0.06
-3.15300e-01,-0.057,0.062
-3.15290e-01,-0.059,0.06
-3.15280e-01,-0.057,0.058
-3.15270e-01,-0.059,0.064
-3.15260e-01,-0.053,0.056
-3.15250e-01,-0.057,0.062
-3.15240e-01,-0.057,0.06
-3.15230e-01,-0.063,0.064
-3.15220e-01,-0.061,0.062
-3.15210e-01,-0.061,0.066
-3.15200e-01,-0.057,0.06
-3.15190e-01,-0.059,0.062
-3.15180e-01,-0.061,0.066
-3.15170e-01,-0.059,0.064
-3.15160e-01,-0.055,0.062
-3.15150e-01,-0.061,0.064
-3.15140e-01,-0.063,0.066
-3.15130e-01,-0.061,0.064
-3.15120e-01,-0.065,0.064
-3.15110e-01,-0.049,0.054
-3.15100e-01,-0.055,0.058
-3.15090e-01,-0.059,0.062
-3.15080e-01,-0.059,0.056
-3.15070e-01,-0.043,0.052
-3.15060e-01,-0.059,0.062
-3.15050e-01,-0.049,0.054
-3.15040e-01,-0.055,0.062
-3.15030e-01,-0.049,0.052
-3.15020e-01,-0.063,0.064
-3.15010e-01,-0.057,0.062
-3.15000e-01,-0.055,0.062
-3.14990e-01,-0.059,0.064
-3.14980e-01,-0.059,0.06
-3.14970e-01,-0.057,0.06
-3.14960e-01,-0.057,0.062
-3.14950e-01,-0.053,0.058
-3.14940e-01,-0.061,0.066
-3.14930e-01,-0.055,0.056
-3.14920e-01,-0.061,0.064
-3.14910e-01,-0.051,0.056
-3.14900e-01,-0.063,0.066
-3.14890e-01,-0.059,0.062
-3.14880e-01,-0.057,0.062
-3.14870e-01,-0.061,0.064
-3.14860e-01,-0.059,0.062
-3.14850e-01,-0.059,0.064
-3.14840e-01,-0.063,0.064
-3.14830e-01,-0.063,0.062
-3.14820e-01,-0.055,0.06
-3.14810e-01,-0.043,0.054
-3.14800e-01,-0.041,0.044
-3.14790e-01,-0.059,0.06
-3.14780e-01,-0.061,0.064
-3.14770e-01,-0.063,0.062
-3.14760e-01,-0.053,0.062
-3.14750e-01,-0.053,0.054
-3.14740e-01,-0.049,0.056
-3.14730e-01,-0.063,0.06
-3.14720e-01,-0.061,0.064
-3.14710e-01,-0.061,0.064
-3.14700e-01,-0.061,0.064
-3.14690e-01,-0.061,0.06
-3.14680e-01,-0.061,0.064
-3.14670e-01,-0.063,0.066
-3.14660e-01,-0.061,0.062
-3.14650e-01,-0.057,0.06
-3.14640e-01,-0.055,0.058
-3.14630e-01,-0.051,0.054
-3.14620e-01,-0.061,0.064
-3.14610e-01,-0.061,0.066
-3.14600e-01,-0.059,0.062
-3.14590e-01,-0.057,0.058
-3.14580e-01,-0.059,0.066
-3.14570e-01,-0.063,0.064
-3.14560e-01,-0.051,0.056
-3.14550e-01,-0.053,0.058
-3.14540e-01,-0.059,0.066
-3.14530e-01,-0.061,0.06
-3.14520e-01,-0.055,0.058
-3.14510e-01,-0.061,0.064
-3.14500e-01,-0.059,0.062
-3.14490e-01,-0.061,0.064
-3.14480e-01,-0.063,0.066
-3.14470e-01,-0.055,0.062
-3.14460e-01,-0.059,0.064
-3.14450e-01,-0.059,0.064
-3.14440e-01,-0.059,0.064
-3.14430e-01,-0.063,0.064
-3.14420e-01,-0.061,0.064
-3.14410e-01,-0.063,0.06
-3.14400e-01,-0.057,0.06
-3.14390e-01,-0.061,0.064
-3.14380e-01,-0.061,0.062
-3.14370e-01,-0.059,0.064
-3.14360e-01,-0.057,0.058
-3.14350e-01,-0.061,0.062
-3.14340e-01,-0.061,0.06
-3.14330e-01,-0.059,0.062
-3.14320e-01,-0.063,0.066
-3.14310e-01,-0.053,0.06
-3.14300e-01,-0.041,0.056
-3.14290e-01,-0.065,0.066
-3.14280e-01,-0.051,0.056
-3.14270e-01,-0.061,0.066
-3.14260e-01,-0.063,0.068
-3.14250e-01,-0.057,0.064
-3.14240e-01,-0.059,0.06
-3.14230e-01,-0.063,0.064
-3.14220e-01,-0.059,0.064
-3.14210e-01,-0.055,0.06
-3.14200e-01,-0.059,0.06
-3.14190e-01,-0.051,0.058
-3.14180e-01,-0.047,0.052
-3.14170e-01,-0.039,0.044
-3.14160e-01,-0.057,0.06
-3.14150e-01,-0.061,0.064
-3.14140e-01,-0.051,0.054
-3.14130e-01,-0.059,0.06
-3.14120e-01,-0.059,0.062
-3.14110e-01,-0.061,0.064
-3.14100e-01,-0.059,0.068
-3.14090e-01,-0.059,0.066
-3.14080e-01,-0.055,0.06
-3.14070e-01,-0.063,0.064
-3.14060e-01,-0.063,0.064
-3.14050e-01,-0.061,0.064
-3.14040e-01,-0.055,0.06
-3.14030e-01,-0.061,0.066
-3.14020e-01,-0.063,0.064
-3.14010e-01,-0.063,0.066
-3.14000e-01,-0.061,0.062
-3.13990e-01,-0.061,0.064
-3.13980e-01,-0.055,0.056
-3.13970e-01,-0.061,0.064
-3.13960e-01,-0.061,0.06
-3.13950e-01,-0.057,0.064
-3.13940e-01,-0.047,0.05
-3.13930e-01,-0.059,0.062
-3.13920e-01,-0.053,0.058
-3.13910e-01,-0.057,0.06
-3.13900e-01,-0.053,0.062
-3.13890e-01,-0.051,0.054
-3.13880e-01,-0.055,0.06
-3.13870e-01,-0.055,0.058
-3.13860e-01,-0.061,0.06
-3.13850e-01,-0.047,0.05
-3.13840e-01,-0.043,0.05
-3.13830e-01,-0.045,0.052
-3.13820e-01,-0.055,0.058
-3.13810e-01,-0.051,0.056
-3.13800e-01,-0.061,0.066
-3.13790e-01,-0.059,0.064
-3.13780e-01,-0.057,0.062
-3.13770e-01,-0.053,0.056
-3.13760e-01,-0.057,0.06
-3.13750e-01,-0.049,0.054
-3.13740e-01,-0.057,0.064
-3.13730e-01,-0.061,0.064
-3.13720e-01,-0.053,0.06
-3.13710e-01,-0.059,0.064
-3.13700e-01,-0.057,0.064
-3.13690e-01,-0.061,0.064
-3.13680e-01,-0.051,0.054
-3.13670e-01,-0.061,0.064
-3.13660e-01,-0.055,0.058
-3.13650e-01,-0.061,0.062
-3.13640e-01,-0.057,0.06
-3.13630e-01,-0.053,0.06
-3.13620e-01,-0.045,0.054
-3.13610e-01,-0.059,0.062
-3.13600e-01,-0.055,0.058
-3.13590e-01,-0.059,0.064
-3.13580e-01,-0.049,0.052
-3.13570e-01,-0.057,0.064
-3.13560e-01,-0.059,0.066
-3.13550e-01,-0.053,0.06
-3.13540e-01,-0.041,0.046
-3.13530e-01,-0.059,0.066
-3.13520e-01,-0.061,0.064
-3.13510e-01,-0.055,0.058
-3.13500e-01,-0.061,0.066
-3.13490e-01,-0.059,0.06
-3.13480e-01,-0.063,0.066
-3.13470e-01,-0.059,0.06
-3.13460e-01,-0.063,0.062
-3.13450e-01,-0.057,0.064
-3.13440e-01,-0.061,0.06
-3.13430e-01,-0.063,0.062
-3.13420e-01,-0.055,0.06
-3.13410e-01,-0.053,0.056
-3.13400e-01,-0.061,0.068
-3.13390e-01,-0.047,0.054
-3.13380e-01,-0.061,0.066
-3.13370e-01,-0.059,0.062
-3.13360e-01,-0.061,0.066
-3.13350e-01,-0.061,0.064
-3.13340e-01,-0.059,0.064
-3.13330e-01,-0.059,0.058
-3.13320e-01,-0.063,0.066
-3.13310e-01,-0.061,0.066
-3.13300e-01,-0.057,0.062
-3.13290e-01,-0.057,0.06
-3.13280e-01,-0.061,0.064
-3.13270e-01,-0.059,0.06
-3.13260e-01,-0.061,0.062
-3.13250e-01,-0.063,0.062
-3.13240e-01,-0.059,0.062
-3.13230e-01,-0.061,0.062
-3.13220e-01,-0.061,0.064
-3.13210e-01,-0.059,0.06
-3.13200e-01,-0.061,0.066
-3.13190e-01,-0.059,0.064
-3.13180e-01,-0.061,0.062
-3.13170e-01,-0.059,0.064
-3.13160e-01,-0.053,0.06
-3.13150e-01,-0.061,0.064
-3.13140e-01,-0.057,0.06
-3.13130e-01,-0.065,0.06
-3.13120e-01,-0.053,0.058
-3.13110e-01,-0.045,0.052
-3.13100e-01,-0.043,0.048
-3.13090e-01,-0.061,0.066
-3.13080e-01,-0.061,0.062
-3.13070e-01,-0.055,0.06
-3.13060e-01,-0.065,0.062
-3.13050e-01,-0.063,0.06
-3.13040e-01,-0.055,0.06
-3.13030e-01,-0.055,0.062
-3.13020e-01,-0.059,0.062
-3.13010e-01,-0.063,0.064
-3.13000e-01,-0.059,0.062
-3.12990e-01,-0.063,0.066
-3.12980e-01,-0.063,0.064
-3.12970e-01,-0.065,0.06
-3.12960e-01,-0.059,0.064
-3.12950e-01,-0.065,0.062
-3.12940e-01,-0.061,0.064
-3.12930e-01,-0.061,0.062
-3.12920e-01,-0.061,0.064
-3.12910e-01,-0.061,0.066
-3.12900e-01,-0.059,0.06
-3.12890e-01,-0.059,0.066
-3.12880e-01,-0.059,0.064
-3.12870e-01,-0.061,0.062
-3.12860e-01,-0.063,0.06
-3.12850e-01,-0.063,0.064
-3.12840e-01,-0.063,0.064
-3.12830e-01,-0.061,0.064
-3.12820e-01,-0.055,0.06
-3.12810e-01,-0.059,0.06
-3.12800e-01,-0.059,0.058
-3.12790e-01,-0.059,0.062
-3.12780e-01,-0.059,0.062
-3.12770e-01,-0.057,0.062
-3.12760e-01,-0.067,0.064
-3.12750e-01,-0.061,0.066
-3.12740e-01,-0.061,0.06
-3.12730e-01,-0.063,0.064
-3.12720e-01,-0.057,0.064
-3.12710e-01,-0.061,0.064
-3.12700e-01,-0.061,0.064
-3.12690e-01,-0.061,0.068
-3.12680e-01,-0.053,0.054
-3.12670e-01,-0.059,0.066
-3.12660e-01,-0.059,0.064
-3.12650e-01,-0.055,0.06
-3.12640e-01,-0.061,0.064
-3.12630e-01,-0.059,0.06
-3.12620e-01,-0.057,0.06
-3.12610e-01,-0.065,0.066
-3.12600e-01,-0.055,0.06
-3.12590e-01,-0.061,0.06
-3.12580e-01,-0.059,0.066
-3.12570e-01,-0.053,0.056
-3.12560e-01,-0.061,0.066
-3.12550e-01,-0.055,0.06
-3.12540e-01,-0.061,0.064
-3.12530e-01,-0.061,0.064
-3.12520e-01,-0.057,0.06
-3.12510e-01,-0.063,0.064
-3.12500e-01,-0.061,0.064
-3.12490e-01,-0.063,0.064
-3.12480e-01,-0.055,0.058
-3.12470e-01,-0.045,0.048
-3.12460e-01,-0.059,0.064
-3.12450e-01,-0.059,0.056
-3.12440e-01,-0.057,0.062
-3.12430e-01,-0.063,0.064
-3.12420e-01,-0.061,0.064
-3.12410e-01,-0.063,0.06
-3.12400e-01,-0.059,0.062
-3.12390e-01,-0.059,0.064
-3.12380e-01,-0.057,0.06
-3.12370e-01,-0.063,0.064
-3.12360e-01,-0.061,0.064
-3.12350e-01,-0.059,0.062
-3.12340e-01,-0.059,0.062
-3.12330e-01,-0.061,0.064
-3.12320e-01,-0.063,0.062
-3.12310e-01,-0.051,0.058
-3.12300e-01,-0.065,0.062
-3.12290e-01,-0.059,0.06
-3.12280e-01,-0.057,0.06
-3.12270e-01,-0.061,0.064
-3.12260e-01,-0.059,0.064
-3.12250e-01,-0.059,0.06
-3.12240e-01,-0.061,0.062
-3.12230e-01,-0.061,0.064
-3.12220e-01,-0.061,0.062
-3.12210e-01,-0.057,0.062
-3.12200e-01,-0.061,0.064
-3.12190e-01,-0.055,0.06
-3.12180e-01,-0.059,0.064
-3.12170e-01,-0.061,0.064
-3.12160e-01,-0.065,0.064
-3.12150e-01,-0.059,0.062
-3.12140e-01,-0.065,0.064
-3.12130e-01,-0.057,0.064
-3.12120e-01,-0.063,0.064
-3.12110e-01,-0.061,0.06
-3.12100e-01,-0.059,0.062
-3.12090e-01,-0.063,0.064
-3.12080e-01,-0.063,0.06
-3.12070e-01,-0.059,0.062
-3.12060e-01,-0.051,0.056
-3.12050e-01,-0.063,0.064
-3.12040e-01,-0.059,0.066
-3.12030e-01,-0.061,0.068
-3.12020e-01,-0.061,0.066
-3.12010e-01,-0.059,0.064
-3.12000e-01,-0.059,0.068
-3.11990e-01,-0.059,0.062
-3.11980e-01,-0.059,0.064
-3.11970e-01,-0.059,0.06
-3.11960e-01,-0.059,0.066
-3.11950e-01,-0.053,0.06
-3.11940e-01,-0.061,0.064
-3.11930e-01,-0.055,0.06
-3.11920e-01,-0.061,0.066
-3.11910e-01,-0.053,0.056
-3.11900e-01,-0.063,0.068
-3.11890e-01,-0.059,0.062
-3.11880e-01,-0.057,0.06
-3.11870e-01,-0.063,0.064
-3.11860e-01,-0.051,0.056
-3.11850e-01,-0.059,0.066
-3.11840e-01,-0.049,0.058
-3.11830e-01,-0.051,0.054
-3.11820e-01,-0.059,0.06
-3.11810e-01,-0.059,0.06
-3.11800e-01,-0.067,0.064
-3.11790e-01,-0.061,0.064
-3.11780e-01,-0.061,0.062
-3.11770e-01,-0.059,0.064
-3.11760e-01,-0.065,0.064
-3.11750e-01,-0.057,0.064
-3.11740e-01,-0.059,0.06
-3.11730e-01,-0.063,0.064
-3.11720e-01,-0.061,0.066
-3.11710e-01,-0.065,0.064
-3.11700e-01,-0.061,0.064
-3.11690e-01,-0.059,0.064
-3.11680e-01,-0.055,0.056
-3.11670e-01,-0.063,0.066
-3.11660e-01,-0.061,0.064
-3.11650e-01,-0.061,0.062
-3.11640e-01,-0.055,0.056
-3.11630e-01,-0.061,0.062
-3.11620e-01,-0.047,0.052
-3.11610e-01,-0.063,0.064
-3.11600e-01,-0.061,0.062
-3.11590e-01,-0.059,0.06
-3.11580e-01,-0.059,0.068
-3.11570e-01,-0.057,0.062
-3.11560e-01,-0.059,0.066
-3.11550e-01,-0.057,0.064
-3.11540e-01,-0.053,0.054
-3.11530e-01,-0.055,0.054
-3.11520e-01,-0.049,0.054
-3.11510e-01,-0.061,0.064
-3.11500e-01,-0.063,0.064
-3.11490e-01,-0.057,0.066
-3.11480e-01,-0.059,0.064
-3.11470e-01,-0.061,0.062
-3.11460e-01,-0.055,0.056
-3.11450e-01,-0.063,0.064
-3.11440e-01,-0.065,0.064
-3.11430e-01,-0.061,0.06
-3.11420e-01,-0.061,0.064
-3.11410e-01,-0.061,0.062
-3.11400e-01,-0.061,0.064
-3.11390e-01,-0.063,0.06
-3.11380e-01,-0.061,0.062
-3.11370e-01,-0.063,0.06
-3.11360e-01,-0.059,0.062
-3.11350e-01,-0.061,0.062
-3.11340e-01,-0.057,0.062
-3.11330e-01,-0.065,0.06
-3.11320e-01,-0.063,0.066
-3.11310e-01,-0.055,0.068
-3.11300e-01,-0.053,0.06
-3.11290e-01,-0.059,0.062
-3.11280e-01,-0.055,0.058
-3.11270e-01,-0.055,0.062
-3.11260e-01,-0.053,0.06
-3.11250e-01,-0.063,0.06
-3.11240e-01,-0.047,0.052
-3.11230e-01,-0.061,0.062
-3.11220e-01,-0.057,0.06
-3.11210e-01,-0.059,0.064
-3.11200e-01,-0.057,0.064
-3.11190e-01,-0.061,0.066
-3.11180e-01,-0.053,0.058
-3.11170e-01,-0.059,0.064
-3.11160e-01,-0.061,0.064
-3.11150e-01,-0.061,0.06
-3.11140e-01,-0.055,0.056
-3.11130e-01,-0.051,0.058
-3.11120e-01,-0.059,0.064
-3.11110e-01,-0.065,0.064
-3.11100e-01,-0.059,0.066
-3.11090e-01,-0.061,0.062
-3.11080e-01,-0.057,0.062
-3.11070e-01,-0.061,0.06
-3.11060e-01,-0.057,0.06
-3.11050e-01,-0.061,0.06
-3.11040e-01,-0.065,0.064
-3.11030e-01,-0.061,0.062
-3.11020e-01,-0.057,0.06
-3.11010e-01,-0.063,0.068
-3.11000e-01,-0.055,0.062
-3.10990e-01,-0.061,0.064
-3.10980e-01,-0.061,0.064
-3.10970e-01,-0.059,0.066
-3.10960e-01,-0.057,0.062
-3.10950e-01,-0.063,0.064
-3.10940e-01,-0.059,0.062
-3.10930e-01,-0.057,0.06
-3.10920e-01,-0.059,0.064
-3.10910e-01,-0.061,0.068
-3.10900e-01,-0.065,0.068
-3.10890e-01,-0.055,0.06
-3.10880e-01,-0.063,0.068
-3.10870e-01,-0.061,0.066
-3.10860e-01,-0.063,0.064
-3.10850e-01,-0.059,0.062
-3.10840e-01,-0.063,0.068
-3.10830e-01,-0.055,0.06
-3.10820e-01,-0.061,0.066
-3.10810e-01,-0.059,0.064
-3.10800e-01,-0.061,0.062
-3.10790e-01,-0.055,0.062
-3.10780e-01,-0.061,0.06
-3.10770e-01,-0.059,0.062
-3.10760e-01,-0.061,0.064
-3.10750e-01,-0.057,0.06
-3.10740e-01,-0.061,0.066
-3.10730e-01,-0.055,0.058
-3.10720e-01,-0.057,0.06
-3.10710e-01,-0.063,0.066
-3.10700e-01,-0.063,0.064
-3.10690e-01,-0.063,0.064
-3.10680e-01,-0.057,0.064
-3.10670e-01,-0.063,0.064
-3.10660e-01,-0.055,0.054
-3.10650e-01,-0.061,0.064
-3.10640e-01,-0.057,0.064
-3.10630e-01,-0.061,0.064
-3.10620e-01,-0.051,0.054
-3.10610e-01,-0.059,0.066
-3.10600e-01,-0.055,0.06
-3.10590e-01,-0.061,0.062
-3.10580e-01,-0.061,0.064
-3.10570e-01,-0.053,0.058
-3.10560e-01,-0.061,0.062
-3.10550e-01,-0.057,0.06
-3.10540e-01,-0.061,0.062
-3.10530e-01,-0.063,0.06
-3.10520e-01,-0.061,0.064
-3.10510e-01,-0.059,0.062
-3.10500e-01,-0.063,0.064
-3.10490e-01,-0.063,0.062
-3.10480e-01,-0.063,0.062
-3.10470e-01,-0.061,0.064
-3.10460e-01,-0.063,0.064
-3.10450e-01,-0.059,0.062
-3.10440e-01,-0.057,0.06
-3.10430e-01,-0.059,0.06
-3.10420e-01,-0.059,0.064
-3.10410e-01,-0.061,0.062
-3.10400e-01,-0.053,0.054
-3.10390e-01,-0.057,0.06
-3.10380e-01,-0.053,0.058
-3.10370e-01,-0.057,0.06
-3.10360e-01,-0.059,0.062
-3.10350e-01,-0.057,0.062
-3.10340e-01,-0.059,0.06
-3.10330e-01,-0.059,0.064
-3.10320e-01,-0.063,0.066
-3.10310e-01,-0.059,0.064
-3.10300e-01,-0.057,0.058
-3.10290e-01,-0.059,0.06
-3.10280e-01,-0.057,0.064
-3.10270e-01,-0.061,0.064
-3.10260e-01,-0.061,0.064
-3.10250e-01,-0.063,0.066
-3.10240e-01,-0.059,0.062
-3.10230e-01,-0.063,0.064
-3.10220e-01,-0.063,0.066
-3.10210e-01,-0.063,0.062
-3.10200e-01,-0.061,0.064
-3.10190e-01,-0.061,0.062
-3.10180e-01,-0.061,0.064
-3.10170e-01,-0.055,0.062
-3.10160e-01,-0.061,0.066
-3.10150e-01,-0.063,0.066
-3.10140e-01,-0.063,0.064
-3.10130e-01,-0.061,0.064
-3.10120e-01,-0.053,0.058
-3.10110e-01,-0.061,0.064
-3.10100e-01,-0.059,0.06
-3.10090e-01,-0.059,0.06
-3.10080e-01,-0.057,0.062
-3.10070e-01,-0.063,0.064
-3.10060e-01,-0.061,0.064
-3.10050e-01,-0.059,0.064
-3.10040e-01,-0.051,0.056
-3.10030e-01,-0.061,0.064
-3.10020e-01,-0.059,0.064
-3.10010e-01,-0.061,0.066
-3.10000e-01,-0.059,0.06
-3.09990e-01,-0.061,0.064
-3.09980e-01,-0.059,0.064
-3.09970e-01,-0.057,0.058
-3.09960e-01,-0.063,0.062
-3.09950e-01,-0.049,0.054
-3.09940e-01,-0.057,0.066
-3.09930e-01,-0.061,0.064
-3.09920e-01,-0.061,0.066
-3.09910e-01,-0.061,0.066
-3.09900e-01,-0.063,0.062
-3.09890e-01,-0.061,0.064
-3.09880e-01,-0.055,0.056
-3.09870e-01,-0.055,0.06
-3.09860e-01,-0.065,0.062
-3.09850e-01,-0.061,0.064
-3.09840e-01,-0.059,0.056
-3.09830e-01,-0.059,0.064
-3.09820e-01,-0.063,0.064
-3.09810e-01,-0.059,0.062
-3.09800e-01,-0.063,0.064
-3.09790e-01,-0.061,0.062
-3.09780e-01,-0.059,0.062
-3.09770e-01,-0.063,0.062
-3.09760e-01,-0.063,0.062
-3.09750e-01,-0.061,0.064
-3.09740e-01,-0.065,0.064
-3.09730e-01,-0.063,0.062
-3.09720e-01,-0.057,0.062
-3.09710e-01,-0.059,0.06
-3.09700e-01,-0.059,0.062
-3.09690e-01,-0.045,0.05
-3.09680e-01,-0.063,0.064
-3.09670e-01,-0.059,0.06
-3.09660e-01,-0.061,0.064
-3.09650e-01,-0.063,0.062
-3.09640e-01,-0.055,0.062
-3.09630e-01,-0.055,0.058
-3.09620e-01,-0.043,0.05
-3.09610e-01,-0.049,0.052
-3.09600e-01,-0.055,0.06
-3.09590e-01,-0.059,0.062
-3.09580e-01,-0.063,0.066
-3.09570e-01,-0.063,0.062
-3.09560e-01,-0.059,0.06
-3.09550e-01,-0.057,0.064
-3.09540e-01,-0.059,0.064
-3.09530e-01,-0.063,0.062
-3.09520e-01,-0.053,0.058
-3.09510e-01,-0.045,0.052
-3.09500e-01,-0.059,0.06
-3.09490e-01,-0.057,0.06
-3.09480e-01,-0.061,0.064
-3.09470e-01,-0.061,0.062
-3.09460e-01,-0.061,0.06
-3.09450e-01,-0.065,0.064
-3.09440e-01,-0.057,0.064
-3.09430e-01,-0.061,0.064
-3.09420e-01,-0.063,0.064
-3.09410e-01,-0.061,0.064
-3.09400e-01,-0.061,0.062
-3.09390e-01,-0.061,0.064
-3.09380e-01,-0.057,0.062
-3.09370e-01,-0.061,0.062
-3.09360e-01,-0.061,0.064
-3.09350e-01,-0.057,0.06
-3.09340e-01,-0.059,0.062
-3.09330e-01,-0.057,0.06
-3.09320e-01,-0.055,0.06
-3.09310e-01,-0.053,0.058
-3.09300e-01,-0.063,0.064
-3.09290e-01,-0.057,0.062
-3.09280e-01,-0.057,0.06
-3.09270e-01,-0.055,0.06
-3.09260e-01,-0.057,0.06
-3.09250e-01,-0.049,0.054
-3.09240e-01,-0.057,0.06
-3.09230e-01,-0.053,0.06
-3.09220e-01,-0.059,0.064
-3.09210e-01,-0.059,0.064
-3.09200e-01,-0.061,0.062
-3.09190e-01,-0.059,0.062
-3.09180e-01,-0.061,0.064
-3.09170e-01,-0.061,0.066
-3.09160e-01,-0.057,0.062
-3.09150e-01,-0.059,0.068
-3.09140e-01,-0.061,0.062
-3.09130e-01,-0.061,0.064
-3.09120e-01,-0.059,0.064
-3.09110e-01,-0.055,0.062
-3.09100e-01,-0.059,0.06
-3.09090e-01,-0.059,0.062
-3.09080e-01,-0.055,0.058
-3.09070e-01,-0.059,0.062
-3.09060e-01,-0.051,0.058
-3.09050e-01,-0.057,0.06
-3.09040e-01,-0.061,0.064
-3.09030e-01,-0.053,0.056
-3.09020e-01,-0.065,0.064
-3.09010e-01,-0.063,0.064
-3.09000e-01,-0.061,0.064
-3.08990e-01,-0.063,0.066
-3.08980e-01,-0.061,0.064
-3.08970e-01,-0.059,0.064
-3.08960e-01,-0.061,0.062
-3.08950e-01,-0.063,0.064
-3.08940e-01,-0.063,0.064
-3.08930e-01,-0.061,0.064
-3.08920e-01,-0.061,0.06
-3.08910e-01,-0.061,0.062
-3.08900e-01,-0.063,0.064
-3.08890e-01,-0.063,0.064
-3.08880e-01,-0.059,0.06
-3.08870e-01,-0.059,0.066
-3.08860e-01,-0.061,0.064
-3.08850e-01,-0.061,0.062
-3.08840e-01,-0.063,0.064
-3.08830e-01,-0.065,0.066
-3.08820e-01,-0.053,0.06
-3.08810e-01,-0.059,0.064
-3.08800e-01,-0.063,0.062
-3.08790e-01,-0.061,0.066
-3.08780e-01,-0.061,0.066
-3.08770e-01,-0.059,0.064
-3.08760e-01,-0.063,0.066
-3.08750e-01,-0.057,0.062
-3.08740e-01,-0.061,0.064
-3.08730e-01,-0.061,0.062
-3.08720e-01,-0.065,0.062
-3.08710e-01,-0.061,0.064
-3.08700e-01,-0.059,0.064
-3.08690e-01,-0.057,0.064
-3.08680e-01,-0.057,0.06
-3.08670e-01,-0.061,0.064
-3.08660e-01,-0.059,0.064
-3.08650e-01,-0.053,0.058
-3.08640e-01,-0.057,0.06
-3.08630e-01,-0.063,0.066
-3.08620e-01,-0.059,0.06
-3.08610e-01,-0.061,0.064
-3.08600e-01,-0.059,0.062
-3.08590e-01,-0.057,0.064
-3.08580e-01,-0.061,0.06
-3.08570e-01,-0.059,0.062
-3.08560e-01,-0.059,0.064
-3.08550e-01,-0.059,0.064
-3.08540e-01,-0.061,0.06
-3.08530e-01,-0.065,0.064
-3.08520e-01,-0.061,0.066
-3.08510e-01,-0.059,0.064
-3.08500e-01,-0.063,0.062
-3.08490e-01,-0.059,0.06
-3.08480e-01,-0.049,0.054
-3.08470e-01,-0.053,0.058
-3.08460e-01,-0.053,0.058
-3.08450e-01,-0.059,0.062
-3.08440e-01,-0.059,0.064
-3.08430e-01,-0.055,0.06
-3.08420e-01,-0.061,0.064
-3.08410e-01,-0.061,0.064
-3.08400e-01,-0.061,0.064
-3.08390e-01,-0.059,0.064
-3.08380e-01,-0.061,0.064
-3.08370e-01,-0.059,0.06
-3.08360e-01,-0.057,0.06
-3.08350e-01,-0.053,0.054
-3.08340e-01,-0.055,0.058
-3.08330e-01,-0.059,0.064
-3.08320e-01,-0.061,0.062
-3.08310e-01,-0.061,0.064
-3.08300e-01,-0.049,0.054
-3.08290e-01,-0.051,0.06
-3.08280e-01,-0.055,0.056
-3.08270e-01,-0.061,0.06
-3.08260e-01,-0.057,0.062
-3.08250e-01,-0.057,0.062
-3.08240e-01,-0.059,0.064
-3.08230e-01,-0.059,0.064
-3.08220e-01,-0.063,0.064
-3.08210e-01,-0.059,0.06
-3.08200e-01,-0.061,0.064
-3.08190e-01,-0.063,0.066
-3.08180e-01,-0.059,0.064
-3.08170e-01,-0.049,0.054
-3.08160e-01,-0.055,0.06
-3.08150e-01,-0.055,0.06
-3.08140e-01,-0.059,0.064
-3.08130e-01,-0.053,0.058
-3.08120e-01,-0.055,0.056
-3.08110e-01,-0.035,0.038
-3.08100e-01,-0.051,0.054
-3.08090e-01,-0.059,0.062
-3.08080e-01,-0.061,0.062
-3.08070e-01,-0.059,0.062
-3.08060e-01,-0.055,0.06
-3.08050e-01,-0.059,0.06
-3.08040e-01,-0.055,0.06
-3.08030e-01,-0.063,0.062
-3.08020e-01,-0.063,0.066
-3.08010e-01,-0.059,0.062
-3.08000e-01,-0.063,0.064
-3.07990e-01,-0.061,0.064
-3.07980e-01,-0.061,0.062
-3.07970e-01,-0.059,0.06
-3.07960e-01,-0.065,0.064
-3.07950e-01,-0.059,0.06
-3.07940e-01,-0.065,0.064
-3.07930e-01,-0.061,0.064
-3.07920e-01,-0.053,0.054
-3.07910e-01,-0.061,0.066
-3.07900e-01,-0.059,0.06
-3.07890e-01,-0.061,0.062
-3.07880e-01,-0.061,0.064
-3.07870e-01,-0.061,0.064
-3.07860e-01,-0.061,0.066
-3.07850e-01,-0.059,0.064
-3.07840e-01,-0.061,0.062
-3.07830e-01,-0.061,0.062
-3.07820e-01,-0.055,0.06
-3.07810e-01,-0.057,0.064
-3.07800e-01,-0.061,0.066
-3.07790e-01,-0.059,0.06
-3.07780e-01,-0.061,0.064
-3.07770e-01,-0.059,0.062
-3.07760e-01,-0.059,0.064
-3.07750e-01,-0.061,0.066
-3.07740e-01,-0.063,0.062
-3.07730e-01,-0.063,0.066
-3.07720e-01,-0.065,0.064
-3.07710e-01,-0.059,0.066
-3.07700e-01,-0.063,0.064
-3.07690e-01,-0.057,0.064
-3.07680e-01,-0.055,0.058
-3.07670e-01,-0.059,0.06
-3.07660e-01,-0.055,0.058
-3.07650e-01,-0.055,0.06
-3.07640e-01,-0.047,0.05
-3.07630e-01,-0.061,0.06
-3.07620e-01,-0.057,0.06
-3.07610e-01,-0.061,0.064
-3.07600e-01,-0.061,0.06
-3.07590e-01,-0.061,0.064
-3.07580e-01,-0.057,0.062
-3.07570e-01,-0.063,0.064
-3.07560e-01,-0.061,0.064
-3.07550e-01,-0.063,0.06
-3.07540e-01,-0.061,0.062
-3.07530e-01,-0.061,0.062
-3.07520e-01,-0.061,0.062
-3.07510e-01,-0.057,0.06
-3.07500e-01,-0.061,0.062
-3.07490e-01,-0.061,0.064
-3.07480e-01,-0.057,0.06
-3.07470e-01,-0.061,0.062
-3.07460e-01,-0.051,0.056
-3.07450e-01,-0.063,0.064
-3.07440e-01,-0.053,0.058
-3.07430e-01,-0.063,0.06
-3.07420e-01,-0.055,0.06
-3.07410e-01,-0.059,0.066
-3.07400e-01,-0.059,0.062
-3.07390e-01,-0.059,0.064
-3.07380e-01,-0.053,0.056
-3.07370e-01,-0.061,0.062
-3.07360e-01,-0.061,0.064
-3.07350e-01,-0.063,0.064
-3.07340e-01,-0.059,0.06
-3.07330e-01,-0.055,0.06
-3.07320e-01,-0.059,0.062
-3.07310e-01,-0.059,0.06
-3.07300e-01,-0.063,0.064
-3.07290e-01,-0.061,0.066
-3.07280e-01,-0.063,0.068
-3.07270e-01,-0.059,0.06
-3.07260e-01,-0.063,0.064
-3.07250e-01,-0.061,0.066
-3.07240e-01,-0.051,0.058
-3.07230e-01,-0.061,0.062
-3.07220e-01,-0.061,0.062
-3.07210e-01,-0.055,0.06
-3.07200e-01,-0.057,0.06
-3.07190e-01,-0.057,0.064
-3.07180e-01,-0.061,0.062
-3.07170e-01,-0.059,0.064
-3.07160e-01,-0.055,0.062
-3.07150e-01,-0.063,0.064
-3.07140e-01,-0.061,0.064
-3.07130e-01,-0.059,0.064
-3.07120e-01,-0.061,0.064
-3.07110e-01,-0.057,0.06
-3.07100e-01,-0.059,0.064
-3.07090e-01,-0.059,0.064
-3.07080e-01,-0.059,0.06
-3.07070e-01,-0.063,0.062
-3.07060e-01,-0.063,0.064
-3.07050e-01,-0.063,0.066
-3.07040e-01,-0.063,0.064
-3.07030e-01,-0.053,0.058
-3.07020e-01,-0.059,0.064
-3.07010e-01,-0.063,0.062
-3.07000e-01,-0.061,0.064
-3.06990e-01,-0.061,0.064
-3.06980e-01,-0.059,0.064
-3.06970e-01,-0.055,0.06
-3.06960e-01,-0.057,0.06
-3.06950e-01,-0.063,0.066
-3.06940e-01,-0.061,0.06
-3.06930e-01,-0.057,0.06
-3.06920e-01,-0.061,0.068
-3.06910e-01,-0.065,0.062
-3.06900e-01,-0.063,0.064
-3.06890e-01,-0.057,0.06
-3.06880e-01,-0.059,0.06
-3.06870e-01,-0.059,0.066
-3.06860e-01,-0.057,0.06
-3.06850e-01,-0.063,0.062
-3.06840e-01,-0.055,0.06
-3.06830e-01,-0.057,0.06
-3.06820e-01,-0.061,0.062
-3.06810e-01,-0.065,0.06
-3.06800e-01,-0.055,0.06
-3.06790e-01,-0.063,0.062
-3.06780e-01,-0.061,0.064
-3.06770e-01,-0.059,0.062
-3.06760e-01,-0.049,0.056
-3.06750e-01,-0.053,0.058
-3.06740e-01,-0.057,0.064
-3.06730e-01,-0.059,0.062
-3.06720e-01,-0.067,0.064
-3.06710e-01,-0.061,0.06
-3.06700e-01,-0.059,0.062
-3.06690e-01,-0.061,0.062
-3.06680e-01,-0.059,0.064
-3.06670e-01,-0.061,0.06
-3.06660e-01,-0.061,0.066
-3.06650e-01,-0.049,0.054
-3.06640e-01,-0.055,0.056
-3.06630e-01,-0.057,0.06
-3.06620e-01,-0.049,0.054
-3.06610e-01,-0.059,0.064
-3.06600e-01,-0.063,0.06
-3.06590e-01,-0.061,0.064
-3.06580e-01,-0.059,0.066
-3.06570e-01,-0.061,0.062
-3.06560e-01,-0.061,0.062
-3.06550e-01,-0.055,0.06
-3.06540e-01,-0.059,0.062
-3.06530e-01,-0.061,0.062
-3.06520e-01,-0.063,0.064
-3.06510e-01,-0.059,0.062
-3.06500e-01,-0.061,0.066
-3.06490e-01,-0.061,0.066
-3.06480e-01,-0.053,0.062
-3.06470e-01,-0.059,0.062
-3.06460e-01,-0.049,0.052
-3.06450e-01,-0.045,0.05
-3.06440e-01,-0.051,0.056
-3.06430e-01,-0.057,0.06
-3.06420e-01,-0.055,0.058
-3.06410e-01,-0.063,0.066
-3.06400e-01,-0.061,0.064
-3.06390e-01,-0.061,0.064
-3.06380e-01,-0.057,0.062
-3.06370e-01,-0.061,0.06
-3.06360e-01,-0.057,0.06
-3.06350e-01,-0.049,0.052
-3.06340e-01,-0.059,0.066
-3.06330e-01,-0.063,0.062
-3.06320e-01,-0.057,0.06
-3.06310e-01,-0.059,0.062
-3.06300e-01,-0.063,0.068
-3.06290e-01,-0.063,0.064
-3.06280e-01,-0.061,0.06
-3.06270e-01,-0.057,0.062
-3.06260e-01,-0.047,0.054
-3.06250e-01,-0.043,0.052
-3.06240e-01,-0.047,0.052
-3.06230e-01,-0.061,0.062
-3.06220e-01,-0.059,0.062
-3.06210e-01,-0.061,0.064
-3.06200e-01,-0.059,0.06
-3.06190e-01,-0.061,0.064
-3.06180e-01,-0.063,0.06
-3.06170e-01,-0.063,0.066
-3.06160e-01,-0.061,0.06
-3.06150e-01,-0.061,0.064
-3.06140e-01,-0.055,0.056
-3.06130e-01,-0.063,0.062
-3.06120e-01,-0.061,0.062
-3.06110e-01,-0.059,0.062
-3.06100e-01,-0.061,0.062
-3.06090e-01,-0.059,0.06
-3.06080e-01,-0.059,0.064
-3.06070e-01,-0.061,0.066
-3.06060e-01,-0.059,0.062
-3.06050e-01,-0.061,0.068
-3.06040e-01,-0.061,0.064
-3.06030e-01,-0.059,0.066
-3.06020e-01,-0.051,0.058
-3.06010e-01,-0.053,0.054
-3.06000e-01,-0.063,0.064
-3.05990e-01,-0.057,0.062
-3.05980e-01,-0.063,0.064
-3.05970e-01,-0.047,0.054
-3.05960e-01,-0.059,0.066
-3.05950e-01,-0.059,0.064
-3.05940e-01,-0.063,0.06
-3.05930e-01,-0.063,0.06
-3.05920e-01,-0.063,0.064
-3.05910e-01,-0.059,0.066
-3.05900e-01,-0.057,0.064
-3.05890e-01,-0.061,0.062
-3.05880e-01,-0.063,0.062
-3.05870e-01,-0.065,0.062
-3.05860e-01,-0.057,0.062
-3.05850e-01,-0.061,0.062
-3.05840e-01,-0.063,0.066
-3.05830e-01,-0.053,0.058
-3.05820e-01,-0.061,0.066
-3.05810e-01,-0.061,0.06
-3.05800e-01,-0.057,0.064
-3.05790e-01,-0.061,0.062
-3.05780e-01,-0.059,0.062
-3.05770e-01,-0.057,0.06
-3.05760e-01,-0.063,0.062
-3.05750e-01,-0.061,0.066
-3.05740e-01,-0.061,0.064
-3.05730e-01,-0.061,0.064
-3.05720e-01,-0.063,0.066
-3.05710e-01,-0.061,0.064
-3.05700e-01,-0.059,0.06
-3.05690e-01,-0.059,0.062
-3.05680e-01,-0.061,0.062
-3.05670e-01,-0.061,0.064
-3.05660e-01,-0.061,0.066
-3.05650e-01,-0.063,0.064
-3.05640e-01,-0.051,0.058
-3.05630e-01,-0.057,0.066
-3.05620e-01,-0.055,0.06
-3.05610e-01,-0.057,0.062
-3.05600e-01,-0.057,0.06
-3.05590e-01,-0.059,0.066
-3.05580e-01,-0.061,0.064
-3.05570e-01,-0.059,0.068
-3.05560e-01,-0.063,0.064
-3.05550e-01,-0.061,0.06
-3.05540e-01,-0.061,0.062
-3.05530e-01,-0.065,0.062
-3.05520e-01,-0.061,0.064
-3.05510e-01,-0.063,0.064
-3.05500e-01,-0.063,0.064
-3.05490e-01,-0.063,0.064
-3.05480e-01,-0.053,0.058
-3.05470e-01,-0.063,0.066
-3.05460e-01,-0.059,0.06
-3.05450e-01,-0.059,0.06
-3.05440e-01,-0.057,0.06
-3.05430e-01,-0.063,0.064
-3.05420e-01,-0.061,0.064
-3.05410e-01,-0.059,0.062
-3.05400e-01,-0.059,0.064
-3.05390e-01,-0.059,0.066
-3.05380e-01,-0.059,0.064
-3.05370e-01,-0.061,0.06
-3.05360e-01,-0.055,0.06
-3.05350e-01,-0.061,0.062
-3.05340e-01,-0.059,0.064
-3.05330e-01,-0.059,0.06
-3.05320e-01,-0.057,0.058
-3.05310e-01,-0.063,0.064
-3.05300e-01,-0.055,0.056
-3.05290e-01,-0.057,0.062
-3.05280e-01,-0.063,0.064
-3.05270e-01,-0.059,0.064
-3.05260e-01,-0.061,0.064
-3.05250e-01,-0.059,0.06
-3.05240e-01,-0.061,0.062
-3.05230e-01,-0.063,0.066
-3.05220e-01,-0.063,0.062
-3.05210e-01,-0.061,0.062
-3.05200e-01,-0.059,0.064
-3.05190e-01,-0.061,0.062
-3.05180e-01,-0.063,0.062
-3.05170e-01,-0.059,0.06
-3.05160e-01,-0.057,0.062
-3.05150e-01,-0.061,0.066
-3.05140e-01,-0.063,0.062
-3.05130e-01,-0.059,0.062
-3.05120e-01,-0.043,0.048
-3.05110e-01,-0.061,0.062
-3.05100e-01,-0.055,0.06
-3.05090e-01,-0.059,0.064
-3.05080e-01,-0.055,0.06
-3.05070e-01,-0.063,0.066
-3.05060e-01,-0.057,0.06
-3.05050e-01,-0.053,0.054
-3.05040e-01,-0.063,0.064
-3.05030e-01,-0.055,0.054
-3.05020e-01,-0.049,0.056
-3.05010e-01,-0.059,0.06
-3.05000e-01,-0.061,0.062
-3.04990e-01,-0.063,0.064
-3.04980e-01,-0.051,0.054
-3.04970e-01,-0.057,0.062
-3.04960e-01,-0.061,0.062
-3.04950e-01,-0.059,0.062
-3.04940e-01,-0.061,0.062
-3.04930e-01,-0.059,0.064
-3.04920e-01,-0.059,0.062
-3.04910e-01,-0.047,0.054
-3.04900e-01,-0.059,0.064
-3.04890e-01,-0.059,0.066
-3.04880e-01,-0.063,0.062
-3.04870e-01,-0.059,0.062
-3.04860e-01,-0.055,0.06
-3.04850e-01,-0.061,0.064
-3.04840e-01,-0.065,0.062
-3.04830e-01,-0.059,0.064
-3.04820e-01,-0.059,0.06
-3.04810e-01,-0.057,0.06
-3.04800e-01,-0.061,0.064
-3.04790e-01,-0.055,0.06
-3.04780e-01,-0.063,0.062
-3.04770e-01,-0.063,0.062
-3.04760e-01,-0.057,0.06
-3.04750e-01,-0.065,0.066
-3.04740e-01,-0.061,0.062
-3.04730e-01,-0.063,0.064
-3.04720e-01,-0.059,0.062
-3.04710e-01,-0.057,0.062
-3.04700e-01,-0.059,0.066
-3.04690e-01,-0.059,0.064
-3.04680e-01,-0.061,0.066
-3.04670e-01,-0.055,0.058
-3.04660e-01,-0.059,0.066
-3.04650e-01,-0.057,0.062
-3.04640e-01,-0.063,0.064
-3.04630e-01,-0.053,0.054
-3.04620e-01,-0.061,0.06
-3.04610e-01,-0.057,0.06
-3.04600e-01,-0.057,0.062
-3.04590e-01,-0.053,0.054
-3.04580e-01,-0.061,0.066
-3.04570e-01,-0.063,0.07
-3.04560e-01,-0.061,0.064
-3.04550e-01,-0.063,0.064
-3.04540e-01,-0.049,0.056
-3.04530e-01,-0.065,0.066
-3.04520e-01,-0.055,0.062
-3.04510e-01,-0.063,0.064
-3.04500e-01,-0.059,0.062
-3.04490e-01,-0.063,0.064
-3.04480e-01,-0.063,0.064
-3.04470e-01,-0.059,0.064
-3.04460e-01,-0.059,0.064
-3.04450e-01,-0.057,0.064
-3.04440e-01,-0.061,0.062
-3.04430e-01,-0.059,0.064
-3.04420e-01,-0.047,0.052
-3.04410e-01,-0.061,0.066
-3.04400e-01,-0.055,0.06
-3.04390e-01,-0.061,0.064
-3.04380e-01,-0.063,0.064
-3.04370e-01,-0.061,0.064
-3.04360e-01,-0.059,0.064
-3.04350e-01,-0.059,0.062
-3.04340e-01,-0.055,0.06
-3.04330e-01,-0.059,0.06
-3.04320e-01,-0.063,0.062
-3.04310e-01,-0.061,0.064
-3.04300e-01,-0.059,0.064
-3.04290e-01,-0.063,0.064
-3.04280e-01,-0.059,0.062
-3.04270e-01,-0.057,0.064
-3.04260e-01,-0.063,0.064
-3.04250e-01,-0.059,0.06
-3.04240e-01,-0.065,0.066
-3.04230e-01,-0.061,0.066
-3.04220e-01,-0.061,0.062
-3.04210e-01,-0.061,0.062
-3.04200e-01,-0.059,0.06
-3.04190e-01,-0.061,0.06
-3.04180e-01,-0.057,0.062
-3.04170e-01,-0.051,0.058
-3.04160e-01,-0.041,0.046
-3.04150e-01,-0.063,0.062
-3.04140e-01,-0.059,0.062
-3.04130e-01,-0.059,0.062
-3.04120e-01,-0.059,0.062
-3.04110e-01,-0.059,0.06
-3.04100e-01,-0.059,0.06
-3.04090e-01,-0.061,0.06
-3.04080e-01,-0.059,0.064
-3.04070e-01,-0.061,0.064
-3.04060e-01,-0.061,0.064
-3.04050e-01,-0.063,0.062
-3.04040e-01,-0.063,0.064
-3.04030e-01,-0.059,0.06
-3.04020e-01,-0.057,0.064
-3.04010e-01,-0.059,0.06
-3.04000e-01,-0.061,0.064
-3.03990e-01,-0.061,0.064
-3.03980e-01,-0.063,0.062
-3.03970e-01,-0.063,0.066
-3.03960e-01,-0.059,0.062
-3.03950e-01,-0.063,0.066
-3.03940e-01,-0.059,0.062
-3.03930e-01,-0.059,0.064
-3.03920e-01,-0.057,0.06
-3.03910e-01,-0.063,0.068
-3.03900e-01,-0.055,0.06
-3.03890e-01,-0.047,0.054
-3.03880e-01,-0.061,0.064
-3.03870e-01,-0.049,0.054
-3.03860e-01,-0.051,0.056
-3.03850e-01,-0.059,0.062
-3.03840e-01,-0.061,0.062
-3.03830e-01,-0.061,0.064
-3.03820e-01,-0.057,0.06
-3.03810e-01,-0.063,0.066
-3.03800e-01,-0.057,0.06
-3.03790e-01,-0.063,0.064
-3.03780e-01,-0.063,0.062
-3.03770e-01,-0.059,0.062
-3.03760e-01,-0.059,0.064
-3.03750e-01,-0.061,0.062
-3.03740e-01,-0.065,0.064
-3.03730e-01,-0.057,0.064
-3.03720e-01,-0.061,0.064
-3.03710e-01,-0.053,0.056
-3.03700e-01,-0.059,0.062
-3.03690e-01,-0.055,0.06
-3.03680e-01,-0.057,0.06
-3.03670e-01,-0.063,0.062
-3.03660e-01,-0.055,0.06
-3.03650e-01,-0.059,0.064
-3.03640e-01,-0.059,0.062
-3.03630e-01,-0.065,0.06
-3.03620e-01,-0.061,0.066
-3.03610e-01,-0.063,0.064
-3.03600e-01,-0.065,0.064
-3.03590e-01,-0.059,0.064
-3.03580e-01,-0.061,0.06
-3.03570e-01,-0.063,0.064
-3.03560e-01,-0.059,0.064
-3.03550e-01,-0.063,0.06
-3.03540e-01,-0.063,0.068
-3.03530e-01,-0.061,0.064
-3.03520e-01,-0.063,0.064
-3.03510e-01,-0.063,0.064
-3.03500e-01,-0.059,0.064
-3.03490e-01,-0.061,0.064
-3.03480e-01,-0.063,0.062
-3.03470e-01,-0.059,0.06
-3.03460e-01,-0.059,0.062
-3.03450e-01,-0.057,0.062
-3.03440e-01,-0.061,0.066
-3.03430e-01,-0.063,0.064
-3.03420e-01,-0.063,0.062
-3.03410e-01,-0.057,0.064
-3.03400e-01,-0.057,0.062
-3.03390e-01,-0.059,0.06
-3.03380e-01,-0.061,0.062
-3.03370e-01,-0.061,0.062
-3.03360e-01,-0.051,0.054
-3.03350e-01,-0.061,0.064
-3.03340e-01,-0.059,0.06
-3.03330e-01,-0.051,0.056
-3.03320e-01,-0.059,0.06
-3.03310e-01,-0.061,0.064
-3.03300e-01,-0.061,0.064
-3.03290e-01,-0.061,0.064
-3.03280e-01,-0.063,0.064
-3.03270e-01,-0.067,0.064
-3.03260e-01,-0.061,0.062
-3.03250e-01,-0.063,0.064
-3.03240e-01,-0.059,0.064
-3.03230e-01,-0.063,0.064
-3.03220e-01,-0.063,0.064
-3.03210e-01,-0.059,0.064
-3.03200e-01,-0.061,0.064
-3.03190e-01,-0.061,0.064
-3.03180e-01,-0.061,0.064
-3.03170e-01,-0.061,0.064
-3.03160e-01,-0.059,0.064
-3.03150e-01,-0.061,0.062
-3.03140e-01,-0.061,0.062
-3.03130e-01,-0.063,0.062
-3.03120e-01,-0.055,0.058
-3.03110e-01,-0.057,0.066
-3.03100e-01,-0.057,0.062
-3.03090e-01,-0.053,0.058
-3.03080e-01,-0.063,0.062
-3.03070e-01,-0.045,0.05
-3.03060e-01,-0.061,0.064
-3.03050e-01,-0.055,0.058
-3.03040e-01,-0.059,0.062
-3.03030e-01,-0.057,0.06
-3.03020e-01,-0.061,0.066
-3.03010e-01,-0.059,0.064
-3.03000e-01,-0.057,0.064
-3.02990e-01,-0.057,0.06
-3.02980e-01,-0.057,0.062
-3.02970e-01,-0.049,0.056
-3.02960e-01,-0.061,0.06
-3.02950e-01,-0.061,0.062
-3.02940e-01,-0.061,0.062
-3.02930e-01,-0.059,0.06
-3.02920e-01,-0.063,0.062
-3.02910e-01,-0.059,0.06
-3.02900e-01,-0.063,0.064
-3.02890e-01,-0.055,0.062
-3.02880e-01,-0.061,0.062
-3.02870e-01,-0.063,0.064
-3.02860e-01,-0.061,0.06
-3.02850e-01,-0.059,0.062
-3.02840e-01,-0.059,0.064
-3.02830e-01,-0.059,0.062
-3.02820e-01,-0.061,0.07
-3.02810e-01,-0.057,0.06
-3.02800e-01,-0.057,0.06
-3.02790e-01,-0.061,0.06
-3.02780e-01,-0.057,0.06
-3.02770e-01,-0.063,0.062
-3.02760e-01,-0.053,0.056
-3.02750e-01,-0.063,0.062
-3.02740e-01,-0.063,0.064
-3.02730e-01,-0.055,0.062
-3.02720e-01,-0.061,0.062
-3.02710e-01,-0.061,0.062
-3.02700e-01,-0.061,0.064
-3.02690e-01,-0.063,0.066
-3.02680e-01,-0.061,0.06
-3.02670e-01,-0.063,0.064
-3.02660e-01,-0.057,0.064
-3.02650e-01,-0.057,0.06
-3.02640e-01,-0.059,0.062
-3.02630e-01,-0.053,0.058
-3.02620e-01,-0.061,0.062
-3.02610e-01,-0.063,0.064
-3.02600e-01,-0.061,0.062
-3.02590e-01,-0.055,0.058
-3.02580e-01,-0.059,0.06
-3.02570e-01,-0.053,0.058
-3.02560e-01,-0.059,0.064
-3.02550e-01,-0.061,0.064
-3.02540e-01,-0.057,0.058
-3.02530e-01,-0.061,0.066
-3.02520e-01,-0.063,0.062
-3.02510e-01,-0.061,0.064
-3.02500e-01,-0.059,0.06
-3.02490e-01,-0.061,0.062
-3.02480e-01,-0.055,0.06
-3.02470e-01,-0.059,0.064
-3.02460e-01,-0.055,0.06
-3.02450e-01,-0.065,0.06
-3.02440e-01,-0.061,0.06
-3.02430e-01,-0.063,0.062
-3.02420e-01,-0.061,0.064
-3.02410e-01,-0.061,0.062
-3.02400e-01,-0.057,0.06
-3.02390e-01,-0.063,0.062
-3.02380e-01,-0.061,0.062
-3.02370e-01,-0.061,0.062
-3.02360e-01,-0.063,0.066
-3.02350e-01,-0.061,0.062
-3.02340e-01,-0.061,0.064
-3.02330e-01,-0.061,0.062
-3.02320e-01,-0.061,0.064
-3.02310e-01,-0.063,0.06
-3.02300e-01,-0.063,0.066
-3.02290e-01,-0.061,0.064
-3.02280e-01,-0.063,0.064
-3.02270e-01,-0.059,0.06
-3.02260e-01,-0.057,0.062
-3.02250e-01,-0.057,0.062
-3.02240e-01,-0.057,0.062
-3.02230e-01,-0.061,0.062
-3.02220e-01,-0.059,0.064
-3.02210e-01,-0.063,0.064
-3.02200e-01,-0.055,0.056
-3.02190e-01,-0.059,0.062
-3.02180e-01,-0.061,0.066
-3.02170e-01,-0.063,0.064
-3.02160e-01,-0.059,0.062
-3.02150e-01,-0.061,0.066
-3.02140e-01,-0.057,0.06
-3.02130e-01,-0.061,0.064
-3.02120e-01,-0.065,0.064
-3.02110e-01,-0.063,0.064
-3.02100e-01,-0.055,0.058
-3.02090e-01,-0.059,0.066
-3.02080e-01,-0.049,0.052
-3.02070e-01,-0.061,0.06
-3.02060e-01,-0.049,0.056
-3.02050e-01,-0.059,0.064
-3.02040e-01,-0.059,0.06
-3.02030e-01,-0.061,0.062
-3.02020e-01,-0.055,0.062
-3.02010e-01,-0.061,0.066
-3.02000e-01,-0.061,0.062
-3.01990e-01,-0.057,0.062
-3.01980e-01,-0.061,0.064
-3.01970e-01,-0.049,0.058
-3.01960e-01,-0.061,0.062
-3.01950e-01,-0.057,0.06
-3.01940e-01,-0.057,0.056
-3.01930e-01,-0.049,0.052
-3.01920e-01,-0.063,0.064
-3.01910e-01,-0.059,0.062
-3.01900e-01,-0.051,0.06
-3.01890e-01,-0.055,0.06
-3.01880e-01,-0.061,0.062
-3.01870e-01,-0.057,0.056
-3.01860e-01,-0.059,0.06
-3.01850e-01,-0.045,0.054
-3.01840e-01,-0.059,0.06
-3.01830e-01,-0.055,0.058
-3.01820e-01,-0.061,0.064
-3.01810e-01,-0.059,0.062
-3.01800e-01,-0.063,0.064
-3.01790e-01,-0.063,0.062
-3.01780e-01,-0.061,0.064
-3.01770e-01,-0.061,0.064
-3.01760e-01,-0.063,0.064
-3.01750e-01,-0.061,0.066
-3.01740e-01,-0.059,0.062
-3.01730e-01,-0.057,0.062
-3.01720e-01,-0.061,0.062
-3.01710e-01,-0.061,0.064
-3.01700e-01,-0.057,0.056
-3.01690e-01,-0.061,0.064
-3.01680e-01,-0.051,0.056
-3.01670e-01,-0.055,0.06
-3.01660e-01,-0.059,0.064
-3.01650e-01,-0.063,0.064
-3.01640e-01,-0.059,0.066
-3.01630e-01,-0.063,0.064
-3.01620e-01,-0.055,0.06
-3.01610e-01,-0.061,0.064
-3.01600e-01,-0.063,0.066
-3.01590e-01,-0.059,0.062
-3.01580e-01,-0.059,0.06
-3.01570e-01,-0.051,0.058
-3.01560e-01,-0.061,0.06
-3.01550e-01,-0.057,0.06
-3.01540e-01,-0.061,0.06
-3.01530e-01,-0.063,0.064
-3.01520e-01,-0.057,0.064
-3.01510e-01,-0.043,0.046
-3.01500e-01,-0.061,0.064
-3.01490e-01,-0.063,0.064
-3.01480e-01,-0.061,0.062
-3.01470e-01,-0.061,0.064
-3.01460e-01,-0.061,0.062
-3.01450e-01,-0.063,0.066
-3.01440e-01,-0.059,0.064
-3.01430e-01,-0.053,0.054
-3.01420e-01,-0.065,0.062
-3.01410e-01,-0.061,0.062
-3.01400e-01,-0.061,0.066
-3.01390e-01,-0.065,0.066
-3.01380e-01,-0.063,0.06
-3.01370e-01,-0.061,0.066
-3.01360e-01,-0.063,0.062
-3.01350e-01,-0.061,0.06
-3.01340e-01,-0.061,0.066
-3.01330e-01,-0.063,0.064
-3.01320e-01,-0.065,0.064
-3.01310e-01,-0.059,0.064
-3.01300e-01,-0.061,0.066
-3.01290e-01,-0.063,0.066
-3.01280e-01,-0.057,0.056
-3.01270e-01,-0.059,0.062
-3.01260e-01,-0.059,0.062
-3.01250e-01,-0.061,0.06
-3.01240e-01,-0.049,0.054
-3.01230e-01,-0.063,0.068
-3.01220e-01,-0.061,0.06
-3.01210e-01,-0.059,0.06
-3.01200e-01,-0.063,0.068
-3.01190e-01,-0.063,0.062
-3.01180e-01,-0.063,0.066
-3.01170e-01,-0.063,0.068
-3.01160e-01,-0.059,0.064
-3.01150e-01,-0.059,0.064
-3.01140e-01,-0.059,0.062
-3.01130e-01,-0.061,0.062
-3.01120e-01,-0.057,0.06
-3.01110e-01,-0.063,0.062
-3.01100e-01,-0.057,0.06
-3.01090e-01,-0.061,0.062
-3.01080e-01,-0.053,0.058
-3.01070e-01,-0.057,0.062
-3.01060e-01,-0.045,0.05
-3.01050e-01,-0.057,0.056
-3.01040e-01,-0.051,0.056
-3.01030e-01,-0.057,0.062
-3.01020e-01,-0.059,0.06
-3.01010e-01,-0.063,0.064
-3.01000e-01,-0.063,0.064
-3.00990e-01,-0.063,0.064
-3.00980e-01,-0.061,0.062
-3.00970e-01,-0.059,0.06
-3.00960e-01,-0.059,0.062
-3.00950e-01,-0.055,0.06
-3.00940e-01,-0.057,0.06
-3.00930e-01,-0.063,0.068
-3.00920e-01,-0.055,0.06
-3.00910e-01,-0.055,0.058
-3.00900e-01,-0.049,0.058
-3.00890e-01,-0.059,0.062
-3.00880e-01,-0.057,0.06
-3.00870e-01,-0.059,0.06
-3.00860e-01,-0.057,0.06
-3.00850e-01,-0.059,0.064
-3.00840e-01,-0.061,0.06
-3.00830e-01,-0.061,0.064
-3.00820e-01,-0.059,0.062
-3.00810e-01,-0.063,0.062
-3.00800e-01,-0.059,0.064
-3.00790e-01,-0.059,0.064
-3.00780e-01,-0.055,0.062
-3.00770e-01,-0.063,0.068
-3.00760e-01,-0.065,0.062
-3.00750e-01,-0.051,0.056
-3.00740e-01,-0.061,0.06
-3.00730e-01,-0.045,0.052
-3.00720e-01,-0.057,0.062
-3.00710e-01,-0.065,0.066
-3.00700e-01,-0.061,0.064
-3.00690e-01,-0.063,0.062
-3.00680e-01,-0.055,0.056
-3.00670e-01,-0.061,0.06
-3.00660e-01,-0.063,0.066
-3.00650e-01,-0.059,0.06
-3.00640e-01,-0.061,0.064
-3.00630e-01,-0.055,0.06
-3.00620e-01,-0.055,0.06
-3.00610e-01,-0.061,0.062
-3.00600e-01,-0.061,0.064
-3.00590e-01,-0.065,0.064
-3.00580e-01,-0.059,0.064
-3.00570e-01,-0.063,0.068
-3.00560e-01,-0.059,0.06
-3.00550e-01,-0.053,0.06
-3.00540e-01,-0.059,0.066
-3.00530e-01,-0.061,0.066
-3.00520e-01,-0.063,0.064
-3.00510e-01,-0.059,0.064
-3.00500e-01,-0.057,0.06
-3.00490e-01,-0.061,0.06
-3.00480e-01,-0.059,0.064
-3.00470e-01,-0.057,0.064
-3.00460e-01,-0.057,0.06
-3.00450e-01,-0.063,0.062
-3.00440e-01,-0.053,0.058
-3.00430e-01,-0.065,0.066
-3.00420e-01,-0.059,0.06
-3.00410e-01,-0.061,0.062
-3.00400e-01,-0.061,0.06
-3.00390e-01,-0.063,0.062
-3.00380e-01,-0.061,0.062
-3.00370e-01,-0.057,0.064
-3.00360e-01,-0.053,0.058
-3.00350e-01,-0.061,0.062
-3.00340e-01,-0.059,0.06
-3.00330e-01,-0.061,0.064
-3.00320e-01,-0.059,0.06
-3.00310e-01,-0.063,0.064
-3.00300e-01,-0.057,0.064
-3.00290e-01,-0.059,0.064
-3.00280e-01,-0.061,0.062
-3.00270e-01,-0.057,0.06
-3.00260e-01,-0.061,0.062
-3.00250e-01,-0.063,0.06
-3.00240e-01,-0.059,0.064
-3.00230e-01,-0.061,0.06
-3.00220e-01,-0.057,0.062
-3.00210e-01,-0.057,0.06
-3.00200e-01,-0.061,0.062
-3.00190e-01,-0.051,0.06
-3.00180e-01,-0.061,0.064
-3.00170e-01,-0.061,0.062
-3.00160e-01,-0.057,0.06
-3.00150e-01,-0.057,0.06
-3.00140e-01,-0.061,0.064
-3.00130e-01,-0.061,0.064
-3.00120e-01,-0.059,0.064
-3.00110e-01,-0.057,0.062
-3.00100e-01,-0.059,0.066
-3.00090e-01,-0.043,0.046
-3.00080e-01,-0.065,0.066
-3.00070e-01,-0.055,0.058
-3.00060e-01,-0.063,0.064
-3.00050e-01,-0.061,0.06
-3.00040e-01,-0.061,0.064
-3.00030e-01,-0.063,0.064
-3.00020e-01,-0.063,0.066
-3.00010e-01,-0.061,0.062
-3.00000e-01,-0.063,0.064
-2.99990e-01,-0.059,0.064
-2.99980e-01,-0.063,0.06
-2.99970e-01,-0.061,0.064
-2.99960e-01,-0.051,0.058
-2.99950e-01,-0.055,0.056
-2.99940e-01,-0.057,0.064
-2.99930e-01,-0.057,0.06
-2.99920e-01,-0.057,0.062
-2.99910e-01,-0.063,0.062
-2.99900e-01,-0.059,0.062
-2.99890e-01,-0.059,0.062
-2.99880e-01,-0.065,0.064
-2.99870e-01,-0.053,0.058
-2.99860e-01,-0.059,0.064
-2.99850e-01,-0.043,0.052
-2.99840e-01,-0.057,0.06
-2.99830e-01,-0.055,0.056
-2.99820e-01,-0.057,0.06
-2.99810e-01,-0.057,0.064
-2.99800e-01,-0.055,0.06
-2.99790e-01,-0.059,0.064
-2.99780e-01,-0.047,0.054
-2.99770e-01,-0.063,0.066
-2.99760e-01,-0.063,0.062
-2.99750e-01,-0.063,0.062
-2.99740e-01,-0.059,0.062
-2.99730e-01,-0.061,0.062
-2.99720e-01,-0.057,0.058
-2.99710e-01,-0.049,0.056
-2.99700e-01,-0.061,0.064
-2.99690e-01,-0.059,0.064
-2.99680e-01,-0.059,0.062
-2.99670e-01,-0.059,0.064
-2.99660e-01,-0.061,0.064
-2.99650e-01,-0.063,0.064
-2.99640e-01,-0.065,0.064
-2.99630e-01,-0.053,0.06
-2.99620e-01,-0.059,0.062
-2.99610e-01,-0.055,0.058
-2.99600e-01,-0.059,0.06
-2.99590e-01,-0.053,0.054
-2.99580e-01,-0.065,0.064
-2.99570e-01,-0.047,0.052
-2.99560e-01,-0.053,0.056
-2.99550e-01,-0.061,0.062
-2.99540e-01,-0.061,0.06
-2.99530e-01,-0.059,0.06
-2.99520e-01,-0.061,0.062
-2.99510e-01,-0.061,0.062
-2.99500e-01,-0.059,0.064
-2.99490e-01,-0.061,0.062
-2.99480e-01,-0.049,0.054
-2.99470e-01,-0.059,0.06
-2.99460e-01,-0.049,0.056
-2.99450e-01,-0.053,0.058
-2.99440e-01,-0.041,0.044
-2.99430e-01,-0.055,0.06
-2.99420e-01,-0.057,0.064
-2.99410e-01,-0.059,0.064
-2.99400e-01,-0.061,0.064
-2.99390e-01,-0.063,0.064
-2.99380e-01,-0.057,0.06
-2.99370e-01,-0.057,0.064
-2.99360e-01,-0.057,0.06
-2.99350e-01,-0.063,0.062
-2.99340e-01,-0.057,0.06
-2.99330e-01,-0.053,0.056
-2.99320e-01,-0.063,0.064
-2.99310e-01,-0.053,0.054
-2.99300e-01,-0.057,0.06
-2.99290e-01,-0.061,0.062
-2.99280e-01,-0.061,0.062
-2.99270e-01,-0.061,0.066
-2.99260e-01,-0.063,0.06
-2.99250e-01,-0.063,0.066
-2.99240e-01,-0.059,0.062
-2.99230e-01,-0.059,0.064
-2.99220e-01,-0.059,0.064
-2.99210e-01,-0.059,0.066
-2.99200e-01,-0.059,0.06
-2.99190e-01,-0.063,0.066
-2.99180e-01,-0.059,0.06
-2.99170e-01,-0.063,0.064
-2.99160e-01,-0.057,0.066
-2.99150e-01,-0.063,0.064
-2.99140e-01,-0.065,0.064
-2.99130e-01,-0.061,0.06
-2.99120e-01,-0.063,0.062
-2.99110e-01,-0.061,0.062
-2.99100e-01,-0.059,0.062
-2.99090e-01,-0.057,0.062
-2.99080e-01,-0.059,0.064
-2.99070e-01,-0.057,0.06
-2.99060e-01,-0.057,0.06
-2.99050e-01,-0.059,0.062
-2.99040e-01,-0.057,0.06
-2.99030e-01,-0.059,0.062
-2.99020e-01,-0.057,0.06
-2.99010e-01,-0.057,0.06
-2.99000e-01,-0.059,0.064
-2.98990e-01,-0.061,0.06
-2.98980e-01,-0.055,0.06
-2.98970e-01,-0.061,0.062
-2.98960e-01,-0.057,0.06
-2.98950e-01,-0.059,0.064
-2.98940e-01,-0.057,0.062
-2.98930e-01,-0.059,0.056
-2.98920e-01,-0.061,0.064
-2.98910e-01,-0.061,0.062
-2.98900e-01,-0.063,0.066
-2.98890e-01,-0.057,0.064
-2.98880e-01,-0.059,0.062
-2.98870e-01,-0.061,0.066
-2.98860e-01,-0.065,0.06
-2.98850e-01,-0.059,0.064
-2.98840e-01,-0.059,0.064
-2.98830e-01,-0.061,0.066
-2.98820e-01,-0.061,0.068
-2.98810e-01,-0.063,0.066
-2.98800e-01,-0.063,0.064
-2.98790e-01,-0.061,0.064
-2.98780e-01,-0.061,0.064
-2.98770e-01,-0.063,0.066
-2.98760e-01,-0.057,0.06
-2.98750e-01,-0.065,0.066
-2.98740e-01,-0.057,0.06
-2.98730e-01,-0.059,0.064
-2.98720e-01,-0.063,0.064
-2.98710e-01,-0.057,0.06
-2.98700e-01,-0.053,0.058
-2.98690e-01,-0.059,0.062
-2.98680e-01,-0.053,0.054
-2.98670e-01,-0.057,0.062
-2.98660e-01,-0.061,0.068
-2.98650e-01,-0.059,0.06
-2.98640e-01,-0.057,0.06
-2.98630e-01,-0.057,0.06
-2.98620e-01,-0.063,0.062
-2.98610e-01,-0.057,0.058
-2.98600e-01,-0.065,0.066
-2.98590e-01,-0.061,0.064
-2.98580e-01,-0.057,0.06
-2.98570e-01,-0.055,0.056
-2.98560e-01,-0.059,0.062
-2.98550e-01,-0.059,0.062
-2.98540e-01,-0.043,0.05
-2.98530e-01,-0.055,0.058
-2.98520e-01,-0.051,0.056
-2.98510e-01,-0.053,0.062
-2.98500e-01,-0.059,0.064
-2.98490e-01,-0.061,0.064
-2.98480e-01,-0.063,0.062
-2.98470e-01,-0.061,0.066
-2.98460e-01,-0.055,0.06
-2.98450e-01,-0.057,0.06
-2.98440e-01,-0.059,0.06
-2.98430e-01,-0.057,0.06
-2.98420e-01,-0.057,0.062
-2.98410e-01,-0.055,0.062
-2.98400e-01,-0.055,0.062
-2.98390e-01,-0.053,0.058
-2.98380e-01,-0.061,0.062
-2.98370e-01,-0.063,0.064
-2.98360e-01,-0.059,0.068
-2.98350e-01,-0.063,0.062
-2.98340e-01,-0.057,0.062
-2.98330e-01,-0.059,0.062
-2.98320e-01,-0.061,0.06
-2.98310e-01,-0.055,0.06
-2.98300e-01,-0.059,0.064
-2.98290e-01,-0.051,0.058
-2.98280e-01,-0.043,0.048
-2.98270e-01,-0.063,0.062
-2.98260e-01,-0.055,0.058
-2.98250e-01,-0.063,0.06
-2.98240e-01,-0.061,0.062
-2.98230e-01,-0.055,0.058
-2.98220e-01,-0.059,0.062
-2.98210e-01,-0.051,0.054
-2.98200e-01,-0.063,0.064
-2.98190e-01,-0.059,0.058
-2.98180e-01,-0.057,0.06
-2.98170e-01,-0.059,0.062
-2.98160e-01,-0.053,0.06
-2.98150e-01,-0.065,0.06
-2.98140e-01,-0.061,0.064
-2.98130e-01,-0.061,0.066
-2.98120e-01,-0.061,0.062
-2.98110e-01,-0.059,0.06
-2.98100e-01,-0.057,0.06
-2.98090e-01,-0.051,0.056
-2.98080e-01,-0.057,0.062
-2.98070e-01,-0.059,0.064
-2.98060e-01,-0.059,0.064
-2.98050e-01,-0.063,0.064
-2.98040e-01,-0.061,0.064
-2.98030e-01,-0.059,0.062
-2.98020e-01,-0.061,0.066
-2.98010e-01,-0.059,0.064
-2.98000e-01,-0.061,0.064
-2.97990e-01,-0.063,0.062
-2.97980e-01,-0.049,0.056
-2.97970e-01,-0.063,0.064
-2.97960e-01,-0.059,0.06
-2.97950e-01,-0.061,0.066
-2.97940e-01,-0.061,0.06
-2.97930e-01,-0.053,0.062
-2.97920e-01,-0.063,0.064
-2.97910e-01,-0.055,0.058
-2.97900e-01,-0.063,0.06
-2.97890e-01,-0.051,0.052
-2.97880e-01,-0.055,0.062
-2.97870e-01,-0.053,0.06
-2.97860e-01,-0.061,0.062
-2.97850e-01,-0.055,0.06
-2.97840e-01,-0.061,0.062
-2.97830e-01,-0.059,0.064
-2.97820e-01,-0.063,0.066
-2.97810e-01,-0.063,0.06
-2.97800e-01,-0.061,0.062
-2.97790e-01,-0.063,0.064
-2.97780e-01,-0.059,0.068
-2.97770e-01,-0.055,0.06
-2.97760e-01,-0.067,0.066
-2.97750e-01,-0.055,0.062
-2.97740e-01,-0.063,0.064
-2.97730e-01,-0.063,0.062
-2.97720e-01,-0.063,0.066
-2.97710e-01,-0.063,0.062
-2.97700e-01,-0.061,0.062
-2.97690e-01,-0.059,0.064
-2.97680e-01,-0.061,0.062
-2.97670e-01,-0.061,0.066
-2.97660e-01,-0.059,0.06
-2.97650e-01,-0.059,0.06
-2.97640e-01,-0.059,0.062
-2.97630e-01,-0.045,0.054
-2.97620e-01,-0.061,0.06
-2.97610e-01,-0.055,0.062
-2.97600e-01,-0.059,0.064
-2.97590e-01,-0.061,0.064
-2.97580e-01,-0.057,0.056
-2.97570e-01,-0.065,0.064
-2.97560e-01,-0.059,0.06
-2.97550e-01,-0.055,0.06
-2.97540e-01,-0.055,0.056
-2.97530e-01,-0.055,0.06
-2.97520e-01,-0.045,0.048
-2.97510e-01,-0.059,0.06
-2.97500e-01,-0.051,0.058
-2.97490e-01,-0.057,0.062
-2.97480e-01,-0.057,0.058
-2.97470e-01,-0.059,0.064
-2.97460e-01,-0.055,0.06
-2.97450e-01,-0.059,0.062
-2.97440e-01,-0.045,0.05
-2.97430e-01,-0.061,0.064
-2.97420e-01,-0.047,0.05
-2.97410e-01,-0.061,0.064
-2.97400e-01,-0.055,0.06
-2.97390e-01,-0.059,0.06
-2.97380e-01,-0.061,0.066
-2.97370e-01,-0.057,0.066
-2.97360e-01,-0.059,0.068
-2.97350e-01,-0.061,0.066
-2.97340e-01,-0.057,0.062
-2.97330e-01,-0.061,0.06
-2.97320e-01,-0.057,0.062
-2.97310e-01,-0.061,0.062
-2.97300e-01,-0.061,0.066
-2.97290e-01,-0.061,0.066
-2.97280e-01,-0.049,0.054
-2.97270e-01,-0.063,0.064
-2.97260e-01,-0.053,0.054
-2.97250e-01,-0.063,0.064
-2.97240e-01,-0.053,0.058
-2.97230e-01,-0.055,0.06
-2.97220e-01,-0.061,0.064
-2.97210e-01,-0.043,0.05
-2.97200e-01,-0.065,0.066
-2.97190e-01,-0.053,0.056
-2.97180e-01,-0.055,0.062
-2.97170e-01,-0.057,0.056
-2.97160e-01,-0.063,0.066
-2.97150e-01,-0.057,0.062
-2.97140e-01,-0.061,0.06
-2.97130e-01,-0.061,0.06
-2.97120e-01,-0.063,0.064
-2.97110e-01,-0.061,0.064
-2.97100e-01,-0.059,0.064
-2.97090e-01,-0.061,0.066
-2.97080e-01,-0.059,0.066
-2.97070e-01,-0.061,0.066
-2.97060e-01,-0.051,0.056
-2.97050e-01,-0.059,0.06
-2.97040e-01,-0.059,0.062
-2.97030e-01,-0.053,0.06
-2.97020e-01,-0.061,0.062
-2.97010e-01,-0.057,0.06
-2.97000e-01,-0.057,0.062
-2.96990e-01,-0.055,0.06
-2.96980e-01,-0.059,0.06
-2.96970e-01,-0.053,0.058
-2.96960e-01,-0.059,0.06
-2.96950e-01,-0.057,0.06
-2.96940e-01,-0.057,0.058
-2.96930e-01,-0.063,0.066
-2.96920e-01,-0.059,0.06
-2.96910e-01,-0.061,0.062
-2.96900e-01,-0.063,0.062
-2.96890e-01,-0.059,0.062
-2.96880e-01,-0.059,0.068
-2.96870e-01,-0.061,0.064
-2.96860e-01,-0.065,0.07
-2.96850e-01,-0.061,0.064
-2.96840e-01,-0.063,0.064
-2.96830e-01,-0.059,0.062
-2.96820e-01,-0.059,0.062
-2.96810e-01,-0.061,0.064
-2.96800e-01,-0.055,0.06
-2.96790e-01,-0.059,0.068
-2.96780e-01,-0.057,0.06
-2.96770e-01,-0.061,0.06
-2.96760e-01,-0.057,0.062
-2.96750e-01,-0.059,0.06
-2.96740e-01,-0.065,0.062
-2.96730e-01,-0.063,0.064
-2.96720e-01,-0.061,0.062
-2.96710e-01,-0.063,0.062
-2.96700e-01,-0.061,0.066
-2.96690e-01,-0.061,0.064
-2.96680e-01,-0.061,0.06
-2.96670e-01,-0.051,0.058
-2.96660e-01,-0.061,0.062
-2.96650e-01,-0.053,0.056
-2.96640e-01,-0.061,0.064
-2.96630e-01,-0.055,0.058
-2.96620e-01,-0.059,0.068
-2.96610e-01,-0.049,0.056
-2.96600e-01,-0.057,0.06
-2.96590e-01,-0.055,0.06
-2.96580e-01,-0.063,0.064
-2.96570e-01,-0.057,0.062
-2.96560e-01,-0.057,0.064
-2.96550e-01,-0.061,0.062
-2.96540e-01,-0.057,0.062
-2.96530e-01,-0.053,0.06
-2.96520e-01,-0.059,0.064
-2.96510e-01,-0.059,0.06
-2.96500e-01,-0.059,0.064
-2.96490e-01,-0.055,0.06
-2.96480e-01,-0.049,0.054
-2.96470e-01,-0.061,0.062
-2.96460e-01,-0.053,0.054
-2.96450e-01,-0.059,0.068
-2.96440e-01,-0.061,0.064
-2.96430e-01,-0.059,0.062
-2.96420e-01,-0.049,0.054
-2.96410e-01,-0.059,0.064
-2.96400e-01,-0.053,0.06
-2.96390e-01,-0.057,0.06
-2.96380e-01,-0.061,0.064
-2.96370e-01,-0.053,0.058
-2.96360e-01,-0.063,0.062
-2.96350e-01,-0.063,0.062
-2.96340e-01,-0.051,0.054
-2.96330e-01,-0.059,0.064
-2.96320e-01,-0.059,0.064
-2.96310e-01,-0.065,0.062
-2.96300e-01,-0.059,0.062
-2.96290e-01,-0.061,0.068
-2.96280e-01,-0.061,0.064
-2.96270e-01,-0.059,0.064
-2.96260e-01,-0.063,0.068
-2.96250e-01,-0.061,0.064
-2.96240e-01,-0.063,0.06
-2.96230e-01,-0.063,0.064
-2.96220e-01,-0.059,0.06
-2.96210e-01,-0.063,0.066
-2.96200e-01,-0.069,0.066
-2.96190e-01,-0.061,0.064
-2.96180e-01,-0.057,0.06
-2.96170e-01,-0.065,0.066
-2.96160e-01,-0.057,0.062
-2.96150e-01,-0.059,0.06
-2.96140e-01,-0.061,0.064
-2.96130e-01,-0.061,0.062
-2.96120e-01,-0.063,0.066
-2.96110e-01,-0.063,0.062
-2.96100e-01,-0.051,0.054
-2.96090e-01,-0.061,0.06
-2.96080e-01,-0.055,0.06
-2.96070e-01,-0.061,0.064
-2.96060e-01,-0.055,0.054
-2.96050e-01,-0.063,0.064
-2.96040e-01,-0.059,0.06
-2.96030e-01,-0.063,0.064
-2.96020e-01,-0.061,0.064
-2.96010e-01,-0.055,0.066
-2.96000e-01,-0.061,0.062
-2.95990e-01,-0.051,0.056
-2.95980e-01,-0.053,0.056
-2.95970e-01,-0.051,0.054
-2.95960e-01,-0.059,0.062
-2.95950e-01,-0.049,0.054
-2.95940e-01,-0.053,0.056
-2.95930e-01,-0.053,0.054
-2.95920e-01,-0.057,0.064
-2.95910e-01,-0.061,0.062
-2.95900e-01,-0.055,0.06
-2.95890e-01,-0.059,0.062
-2.95880e-01,-0.047,0.052
-2.95870e-01,-0.055,0.062
-2.95860e-01,-0.047,0.052
-2.95850e-01,-0.057,0.06
-2.95840e-01,-0.065,0.06
-2.95830e-01,-0.061,0.064
-2.95820e-01,-0.061,0.062
-2.95810e-01,-0.059,0.064
-2.95800e-01,-0.061,0.062
-2.95790e-01,-0.059,0.062
-2.95780e-01,-0.061,0.062
-2.95770e-01,-0.055,0.062
-2.95760e-01,-0.059,0.062
-2.95750e-01,-0.057,0.058
-2.95740e-01,-0.065,0.062
-2.95730e-01,-0.059,0.062
-2.95720e-01,-0.061,0.064
-2.95710e-01,-0.059,0.062
-2.95700e-01,-0.053,0.056
-2.95690e-01,-0.061,0.064
-2.95680e-01,-0.063,0.064
-2.95670e-01,-0.059,0.06
-2.95660e-01,-0.059,0.06
-2.95650e-01,-0.061,0.064
-2.95640e-01,-0.059,0.066
-2.95630e-01,-0.057,0.062
-2.95620e-01,-0.057,0.062
-2.95610e-01,-0.057,0.06
-2.95600e-01,-0.057,0.06
-2.95590e-01,-0.059,0.062
-2.95580e-01,-0.057,0.06
-2.95570e-01,-0.061,0.062
-2.95560e-01,-0.057,0.06
-2.95550e-01,-0.059,0.064
-2.95540e-01,-0.061,0.062
-2.95530e-01,-0.063,0.064
-2.95520e-01,-0.055,0.062
-2.95510e-01,-0.061,0.062
-2.95500e-01,-0.055,0.06
-2.95490e-01,-0.057,0.06
-2.95480e-01,-0.061,0.064
-2.95470e-01,-0.059,0.06
-2.95460e-01,-0.059,0.062
-2.95450e-01,-0.065,0.062
-2.95440e-01,-0.051,0.058
-2.95430e-01,-0.057,0.062
-2.95420e-01,-0.039,0.046
-2.95410e-01,-0.053,0.058
-2.95400e-01,-0.055,0.064
-2.95390e-01,-0.065,0.068
-2.95380e-01,-0.057,0.062
-2.95370e-01,-0.057,0.06
-2.95360e-01,-0.059,0.062
-2.95350e-01,-0.063,0.068
-2.95340e-01,-0.059,0.064
-2.95330e-01,-0.059,0.062
-2.95320e-01,-0.061,0.064
-2.95310e-01,-0.053,0.058
-2.95300e-01,-0.059,0.064
-2.95290e-01,-0.063,0.06
-2.95280e-01,-0.061,0.064
-2.95270e-01,-0.047,0.05
-2.95260e-01,-0.059,0.064
-2.95250e-01,-0.063,0.064
-2.95240e-01,-0.057,0.058
-2.95230e-01,-0.061,0.062
-2.95220e-01,-0.059,0.066
-2.95210e-01,-0.059,0.06
-2.95200e-01,-0.061,0.064
-2.95190e-01,-0.061,0.06
-2.95180e-01,-0.059,0.06
-2.95170e-01,-0.059,0.064
-2.95160e-01,-0.061,0.06
-2.95150e-01,-0.063,0.066
-2.95140e-01,-0.061,0.062
-2.95130e-01,-0.055,0.06
-2.95120e-01,-0.063,0.066
-2.95110e-01,-0.065,0.062
-2.95100e-01,-0.051,0.054
-2.95090e-01,-0.061,0.064
-2.95080e-01,-0.063,0.064
-2.95070e-01,-0.061,0.066
-2.95060e-01,-0.063,0.062
-2.95050e-01,-0.061,0.064
-2.95040e-01,-0.061,0.064
-2.95030e-01,-0.061,0.064
-2.95020e-01,-0.055,0.062
-2.95010e-01,-0.063,0.064
-2.95000e-01,-0.061,0.068
-2.94990e-01,-0.059,0.062
-2.94980e-01,-0.059,0.064
-2.94970e-01,-0.057,0.06
-2.94960e-01,-0.059,0.062
-2.94950e-01,-0.063,0.068
-2.94940e-01,-0.055,0.058
-2.94930e-01,-0.061,0.064
-2.94920e-01,-0.059,0.062
-2.94910e-01,-0.057,0.06
-2.94900e-01,-0.057,0.062
-2.94890e-01,-0.061,0.066
-2.94880e-01,-0.061,0.06
-2.94870e-01,-0.061,0.064
-2.94860e-01,-0.063,0.062
-2.94850e-01,-0.061,0.064
-2.94840e-01,-0.061,0.062
-2.94830e-01,-0.063,0.064
-2.94820e-01,-0.059,0.066
-2.94810e-01,-0.057,0.064
-2.94800e-01,-0.055,0.06
-2.94790e-01,-0.065,0.064
-2.94780e-01,-0.061,0.068
-2.94770e-01,-0.061,0.066
-2.94760e-01,-0.055,0.064
-2.94750e-01,-0.063,0.062
-2.94740e-01,-0.063,0.064
-2.94730e-01,-0.061,0.062
-2.94720e-01,-0.059,0.062
-2.94710e-01,-0.061,0.062
-2.94700e-01,-0.061,0.064
-2.94690e-01,-0.063,0.064
-2.94680e-01,-0.065,0.064
-2.94670e-01,-0.061,0.064
-2.94660e-01,-0.049,0.056
-2.94650e-01,-0.057,0.06
-2.94640e-01,-0.057,0.062
-2.94630e-01,-0.061,0.064
-2.94620e-01,-0.061,0.064
-2.94610e-01,-0.059,0.064
-2.94600e-01,-0.051,0.062
-2.94590e-01,-0.063,0.064
-2.94580e-01,-0.061,0.066
-2.94570e-01,-0.065,0.064
-2.94560e-01,-0.063,0.064
-2.94550e-01,-0.059,0.064
-2.94540e-01,-0.063,0.064
-2.94530e-01,-0.057,0.06
-2.94520e-01,-0.063,0.064
-2.94510e-01,-0.061,0.062
-2.94500e-01,-0.061,0.06
-2.94490e-01,-0.055,0.06
-2.94480e-01,-0.051,0.058
-2.94470e-01,-0.063,0.066
-2.94460e-01,-0.061,0.066
-2.94450e-01,-0.065,0.062
-2.94440e-01,-0.061,0.064
-2.94430e-01,-0.057,0.06
-2.94420e-01,-0.061,0.064
-2.94410e-01,-0.063,0.066
-2.94400e-01,-0.065,0.066
-2.94390e-01,-0.065,0.062
-2.94380e-01,-0.059,0.062
-2.94370e-01,-0.051,0.056
-2.94360e-01,-0.065,0.066
-2.94350e-01,-0.055,0.058
-2.94340e-01,-0.055,0.06
-2.94330e-01,-0.057,0.064
-2.94320e-01,-0.045,0.05
-2.94310e-01,-0.051,0.058
-2.94300e-01,-0.041,0.048
-2.94290e-01,-0.063,0.064
-2.94280e-01,-0.061,0.064
-2.94270e-01,-0.063,0.064
-2.94260e-01,-0.061,0.064
-2.94250e-01,-0.059,0.06
-2.94240e-01,-0.063,0.06
-2.94230e-01,-0.061,0.064
-2.94220e-01,-0.063,0.066
-2.94210e-01,-0.061,0.064
-2.94200e-01,-0.061,0.064
-2.94190e-01,-0.059,0.064
-2.94180e-01,-0.059,0.06
-2.94170e-01,-0.059,0.064
-2.94160e-01,-0.061,0.062
-2.94150e-01,-0.063,0.06
-2.94140e-01,-0.057,0.06
-2.94130e-01,-0.063,0.06
-2.94120e-01,-0.059,0.062
-2.94110e-01,-0.057,0.062
-2.94100e-01,-0.061,0.06
-2.94090e-01,-0.059,0.062
-2.94080e-01,-0.059,0.064
-2.94070e-01,-0.061,0.062
-2.94060e-01,-0.061,0.064
-2.94050e-01,-0.063,0.062
-2.94040e-01,-0.061,0.064
-2.94030e-01,-0.061,0.064
-2.94020e-01,-0.059,0.064
-2.94010e-01,-0.065,0.068
-2.94000e-01,-0.067,0.068
-2.93990e-01,-0.061,0.064
-2.93980e-01,-0.061,0.066
-2.93970e-01,-0.061,0.06
-2.93960e-01,-0.059,0.062
-2.93950e-01,-0.063,0.064
-2.93940e-01,-0.061,0.064
-2.93930e-01,-0.059,0.06
-2.93920e-01,-0.065,0.064
-2.93910e-01,-0.057,0.06
-2.93900e-01,-0.059,0.06
-2.93890e-01,-0.061,0.06
-2.93880e-01,-0.061,0.066
-2.93870e-01,-0.061,0.064
-2.93860e-01,-0.063,0.062
-2.93850e-01,-0.055,0.058
-2.93840e-01,-0.057,0.06
-2.93830e-01,-0.063,0.06
-2.93820e-01,-0.059,0.06
-2.93810e-01,-0.057,0.058
-2.93800e-01,-0.065,0.064
-2.93790e-01,-0.061,0.062
-2.93780e-01,-0.043,0.05
-2.93770e-01,-0.063,0.062
-2.93760e-01,-0.055,0.056
-2.93750e-01,-0.059,0.062
-2.93740e-01,-0.063,0.066
-2.93730e-01,-0.059,0.062
-2.93720e-01,-0.061,0.064
-2.93710e-01,-0.061,0.066
-2.93700e-01,-0.061,0.064
-2.93690e-01,-0.061,0.062
-2.93680e-01,-0.059,0.06
-2.93670e-01,-0.045,0.052
-2.93660e-01,-0.055,0.06
-2.93650e-01,-0.053,0.054
-2.93640e-01,-0.059,0.06
-2.93630e-01,-0.057,0.06
-2.93620e-01,-0.063,0.06
-2.93610e-01,-0.059,0.06
-2.93600e-01,-0.063,0.064
-2.93590e-01,-0.057,0.06
-2.93580e-01,-0.059,0.062
-2.93570e-01,-0.061,0.062
-2.93560e-01,-0.061,0.062
-2.93550e-01,-0.061,0.062
-2.93540e-01,-0.061,0.064
-2.93530e-01,-0.061,0.064
-2.93520e-01,-0.061,0.064
-2.93510e-01,-0.061,0.066
-2.93500e-01,-0.063,0.064
-2.93490e-01,-0.063,0.064
-2.93480e-01,-0.063,0.064
-2.93470e-01,-0.063,0.062
-2.93460e-01,-0.061,0.064
-2.93450e-01,-0.059,0.062
-2.93440e-01,-0.065,0.064
-2.93430e-01,-0.061,0.064
-2.93420e-01,-0.059,0.064
-2.93410e-01,-0.063,0.06
-2.93400e-01,-0.061,0.062
-2.93390e-01,-0.063,0.062
-2.93380e-01,-0.061,0.064
-2.93370e-01,-0.065,0.064
-2.93360e-01,-0.059,0.064
-2.93350e-01,-0.063,0.068
-2.93340e-01,-0.061,0.06
-2.93330e-01,-0.061,0.064
-2.93320e-01,-0.059,0.068
-2.93310e-01,-0.055,0.058
-2.93300e-01,-0.063,0.062
-2.93290e-01,-0.063,0.062
-2.93280e-01,-0.063,0.064
-2.93270e-01,-0.061,0.064
-2.93260e-01,-0.057,0.062
-2.93250e-01,-0.061,0.06
-2.93240e-01,-0.063,0.062
-2.93230e-01,-0.061,0.062
-2.93220e-01,-0.055,0.058
-2.93210e-01,-0.045,0.046
-2.93200e-01,-0.049,0.052
-2.93190e-01,-0.059,0.066
-2.93180e-01,-0.063,0.062
-2.93170e-01,-0.061,0.066
-2.93160e-01,-0.051,0.058
-2.93150e-01,-0.059,0.064
-2.93140e-01,-0.057,0.062
-2.93130e-01,-0.053,0.054
-2.93120e-01,-0.039,0.048
-2.93110e-01,-0.047,0.056
-2.93100e-01,-0.043,0.05
-2.93090e-01,-0.061,0.062
-2.93080e-01,-0.061,0.064
-2.93070e-01,-0.061,0.062
-2.93060e-01,-0.057,0.058
-2.93050e-01,-0.041,0.044
-2.93040e-01,-0.049,0.052
-2.93030e-01,-0.043,0.044
-2.93020e-01,-0.057,0.062
-2.93010e-01,-0.047,0.052
-2.93000e-01,-0.059,0.062
-2.92990e-01,-0.051,0.056
-2.92980e-01,-0.061,0.062
-2.92970e-01,-0.061,0.062
-2.92960e-01,-0.063,0.062
-2.92950e-01,-0.049,0.056
-2.92940e-01,-0.055,0.06
-2.92930e-01,-0.053,0.058
-2.92920e-01,-0.063,0.064
-2.92910e-01,-0.057,0.06
-2.92900e-01,-0.063,0.064
-2.92890e-01,-0.063,0.064
-2.92880e-01,-0.061,0.06
-2.92870e-01,-0.061,0.064
-2.92860e-01,-0.059,0.06
-2.92850e-01,-0.065,0.06
-2.92840e-01,-0.055,0.06
-2.92830e-01,-0.059,0.064
-2.92820e-01,-0.059,0.06
-2.92810e-01,-0.061,0.064
-2.92800e-01,-0.057,0.062
-2.92790e-01,-0.061,0.064
-2.92780e-01,-0.061,0.06
-2.92770e-01,-0.063,0.064
-2.92760e-01,-0.063,0.062
-2.92750e-01,-0.059,0.064
-2.92740e-01,-0.063,0.06
-2.92730e-01,-0.061,0.06
-2.92720e-01,-0.059,0.064
-2.92710e-01,-0.053,0.06
-2.92700e-01,-0.057,0.062
-2.92690e-01,-0.059,0.06
-2.92680e-01,-0.061,0.066
-2.92670e-01,-0.053,0.058
-2.92660e-01,-0.061,0.064
-2.92650e-01,-0.049,0.054
-2.92640e-01,-0.057,0.06
-2.92630e-01,-0.053,0.056
-2.92620e-01,-0.051,0.058
-2.92610e-01,-0.047,0.05
-2.92600e-01,-0.057,0.056
-2.92590e-01,-0.049,0.05
-2.92580e-01,-0.061,0.058
-2.92570e-01,-0.059,0.062
-2.92560e-01,-0.059,0.06
-2.92550e-01,-0.063,0.06
-2.92540e-01,-0.059,0.068
-2.92530e-01,-0.059,0.064
-2.92520e-01,-0.061,0.06
-2.92510e-01,-0.057,0.06
-2.92500e-01,-0.059,0.06
-2.92490e-01,-0.059,0.062
-2.92480e-01,-0.059,0.064
-2.92470e-01,-0.063,0.064
-2.92460e-01,-0.059,0.06
-2.92450e-01,-0.061,0.062
-2.92440e-01,-0.063,0.062
-2.92430e-01,-0.057,0.06
-2.92420e-01,-0.059,0.062
-2.92410e-01,-0.059,0.062
-2.92400e-01,-0.063,0.062
-2.92390e-01,-0.063,0.064
-2.92380e-01,-0.059,0.06
-2.92370e-01,-0.037,0.044
-2.92360e-01,-0.053,0.058
-2.92350e-01,-0.051,0.058
-2.92340e-01,-0.057,0.062
-2.92330e-01,-0.045,0.05
-2.92320e-01,-0.059,0.066
-2.92310e-01,-0.059,0.06
-2.92300e-01,-0.061,0.064
-2.92290e-01,-0.063,0.064
-2.92280e-01,-0.063,0.064
-2.92270e-01,-0.059,0.064
-2.92260e-01,-0.061,0.064
-2.92250e-01,-0.061,0.064
-2.92240e-01,-0.065,0.064
-2.92230e-01,-0.061,0.062
-2.92220e-01,-0.067,0.066
-2.92210e-01,-0.059,0.068
-2.92200e-01,-0.061,0.062
-2.92190e-01,-0.065,0.064
-2.92180e-01,-0.059,0.062
-2.92170e-01,-0.059,0.064
-2.92160e-01,-0.063,0.062
-2.92150e-01,-0.061,0.064
-2.92140e-01,-0.063,0.064
-2.92130e-01,-0.059,0.062
-2.92120e-01,-0.059,0.066
-2.92110e-01,-0.055,0.056
-2.92100e-01,-0.051,0.052
-2.92090e-01,-0.053,0.054
-2.92080e-01,-0.037,0.044
-2.92070e-01,-0.043,0.052
-2.92060e-01,-0.053,0.06
-2.92050e-01,-0.063,0.064
-2.92040e-01,-0.061,0.064
-2.92030e-01,-0.063,0.064
-2.92020e-01,-0.057,0.06
-2.92010e-01,-0.059,0.06
-2.92000e-01,-0.063,0.064
-2.91990e-01,-0.063,0.06
-2.91980e-01,-0.061,0.064
-2.91970e-01,-0.061,0.064
-2.91960e-01,-0.061,0.062
-2.91950e-01,-0.059,0.064
-2.91940e-01,-0.061,0.064
-2.91930e-01,-0.061,0.064
-2.91920e-01,-0.065,0.066
-2.91910e-01,-0.057,0.06
-2.91900e-01,-0.063,0.062
-2.91890e-01,-0.063,0.066
-2.91880e-01,-0.059,0.064
-2.91870e-01,-0.061,0.062
-2.91860e-01,-0.063,0.062
-2.91850e-01,-0.065,0.062
-2.91840e-01,-0.061,0.062
-2.91830e-01,-0.059,0.066
-2.91820e-01,-0.063,0.064
-2.91810e-01,-0.059,0.064
-2.91800e-01,-0.063,0.066
-2.91790e-01,-0.061,0.066
-2.91780e-01,-0.063,0.064
-2.91770e-01,-0.061,0.066
-2.91760e-01,-0.061,0.064
-2.91750e-01,-0.059,0.062
-2.91740e-01,-0.061,0.064
-2.91730e-01,-0.065,0.064
-2.91720e-01,-0.057,0.062
-2.91710e-01,-0.059,0.062
-2.91700e-01,-0.061,0.064
-2.91690e-01,-0.061,0.064
-2.91680e-01,-0.061,0.066
-2.91670e-01,-0.061,0.06
-2.91660e-01,-0.061,0.064
-2.91650e-01,-0.055,0.06
-2.91640e-01,-0.063,0.064
-2.91630e-01,-0.061,0.064
-2.91620e-01,-0.063,0.066
-2.91610e-01,-0.061,0.066
-2.91600e-01,-0.063,0.06
-2.91590e-01,-0.059,0.064
-2.91580e-01,-0.057,0.06
-2.91570e-01,-0.065,0.064
-2.91560e-01,-0.063,0.064
-2.91550e-01,-0.063,0.062
-2.91540e-01,-0.057,0.064
-2.91530e-01,-0.057,0.062
-2.91520e-01,-0.057,0.06
-2.91510e-01,-0.051,0.054
-2.91500e-01,-0.057,0.058
-2.91490e-01,-0.061,0.064
-2.91480e-01,-0.061,0.066
-2.91470e-01,-0.059,0.062
-2.91460e-01,-0.063,0.068
-2.91450e-01,-0.057,0.062
-2.91440e-01,-0.059,0.062
-2.91430e-01,-0.061,0.066
-2.91420e-01,-0.061,0.064
-2.91410e-01,-0.061,0.064
-2.91400e-01,-0.063,0.064
-2.91390e-01,-0.063,0.064
-2.91380e-01,-0.051,0.056
-2.91370e-01,-0.061,0.064
-2.91360e-01,-0.059,0.064
-2.91350e-01,-0.061,0.062
-2.91340e-01,-0.063,0.064
-2.91330e-01,-0.065,0.062
-2.91320e-01,-0.057,0.066
-2.91310e-01,-0.061,0.06
-2.91300e-01,-0.063,0.066
-2.91290e-01,-0.061,0.064
-2.91280e-01,-0.063,0.066
-2.91270e-01,-0.055,0.06
-2.91260e-01,-0.061,0.062
-2.91250e-01,-0.057,0.062
-2.91240e-01,-0.063,0.064
-2.91230e-01,-0.061,0.06
-2.91220e-01,-0.061,0.064
-2.91210e-01,-0.063,0.064
-2.91200e-01,-0.061,0.062
-2.91190e-01,-0.061,0.06
-2.91180e-01,-0.059,0.06
-2.91170e-01,-0.059,0.062
-2.91160e-01,-0.063,0.064
-2.91150e-01,-0.057,0.064
-2.91140e-01,-0.061,0.064
-2.91130e-01,-0.063,0.064
-2.91120e-01,-0.057,0.06
-2.91110e-01,-0.061,0.06
-2.91100e-01,-0.059,0.064
-2.91090e-01,-0.059,0.066
-2.91080e-01,-0.063,0.068
-2.91070e-01,-0.059,0.06
-2.91060e-01,-0.059,0.062
-2.91050e-01,-0.053,0.054
-2.91040e-01,-0.061,0.062
-2.91030e-01,-0.059,0.06
-2.91020e-01,-0.059,0.064
-2.91010e-01,-0.055,0.06
-2.91000e-01,-0.059,0.062
-2.90990e-01,-0.063,0.064
-2.90980e-01,-0.061,0.066
-2.90970e-01,-0.055,0.056
-2.90960e-01,-0.059,0.064
-2.90950e-01,-0.057,0.06
-2.90940e-01,-0.061,0.062
-2.90930e-01,-0.061,0.062
-2.90920e-01,-0.053,0.056
-2.90910e-01,-0.049,0.052
-2.90900e-01,-0.049,0.056
-2.90890e-01,-0.047,0.054
-2.90880e-01,-0.055,0.06
-2.90870e-01,-0.049,0.056
-2.90860e-01,-0.053,0.06
-2.90850e-01,-0.057,0.064
-2.90840e-01,-0.063,0.066
-2.90830e-01,-0.057,0.062
-2.90820e-01,-0.061,0.06
-2.90810e-01,-0.059,0.064
-2.90800e-01,-0.051,0.056
-2.90790e-01,-0.059,0.062
-2.90780e-01,-0.053,0.058
-2.90770e-01,-0.053,0.058
-2.90760e-01,-0.061,0.062
-2.90750e-01,-0.061,0.062
-2.90740e-01,-0.061,0.064
-2.90730e-01,-0.065,0.062
-2.90720e-01,-0.061,0.064
-2.90710e-01,-0.063,0.064
-2.90700e-01,-0.063,0.06
-2.90690e-01,-0.065,0.066
-2.90680e-01,-0.061,0.064
-2.90670e-01,-0.055,0.058
-2.90660e-01,-0.047,0.05
-2.90650e-01,-0.059,0.06
-2.90640e-01,-0.065,0.064
-2.90630e-01,-0.059,0.062
-2.90620e-01,-0.055,0.06
-2.90610e-01,-0.061,0.064
-2.90600e-01,-0.057,0.064
-2.90590e-01,-0.063,0.064
-2.90580e-01,-0.061,0.068
-2.90570e-01,-0.061,0.066
-2.90560e-01,-0.061,0.064
-2.90550e-01,-0.061,0.064
-2.90540e-01,-0.061,0.06
-2.90530e-01,-0.063,0.064
-2.90520e-01,-0.059,0.062
-2.90510e-01,-0.063,0.066
-2.90500e-01,-0.057,0.06
-2.90490e-01,-0.059,0.066
-2.90480e-01,-0.061,0.062
-2.90470e-01,-0.065,0.066
-2.90460e-01,-0.063,0.068
-2.90450e-01,-0.061,0.062
-2.90440e-01,-0.057,0.06
-2.90430e-01,-0.061,0.062
-2.90420e-01,-0.061,0.064
-2.90410e-01,-0.059,0.064
-2.90400e-01,-0.063,0.064
-2.90390e-01,-0.061,0.064
-2.90380e-01,-0.059,0.056
-2.90370e-01,-0.061,0.062
-2.90360e-01,-0.061,0.064
-2.90350e-01,-0.055,0.06
-2.90340e-01,-0.061,0.062
-2.90330e-01,-0.059,0.062
-2.90320e-01,-0.059,0.062
-2.90310e-01,-0.063,0.064
-2.90300e-01,-0.063,0.064
-2.90290e-01,-0.061,0.066
-2.90280e-01,-0.063,0.066
-2.90270e-01,-0.063,0.066
-2.90260e-01,-0.065,0.066
-2.90250e-01,-0.061,0.064
-2.90240e-01,-0.051,0.054
-2.90230e-01,-0.057,0.06
-2.90220e-01,-0.059,0.06
-2.90210e-01,-0.057,0.06
-2.90200e-01,-0.055,0.056
-2.90190e-01,-0.061,0.06
-2.90180e-01,-0.063,0.064
-2.90170e-01,-0.061,0.066
-2.90160e-01,-0.063,0.062
-2.90150e-01,-0.061,0.062
-2.90140e-01,-0.061,0.06
-2.90130e-01,-0.059,0.062
-2.90120e-01,-0.063,0.064
-2.90110e-01,-0.057,0.06
-2.90100e-01,-0.061,0.064
-2.90090e-01,-0.059,0.06
-2.90080e-01,-0.061,0.064
-2.90070e-01,-0.059,0.062
-2.90060e-01,-0.059,0.066
-2.90050e-01,-0.059,0.064
-2.90040e-01,-0.047,0.054
-2.90030e-01,-0.061,0.064
-2.90020e-01,-0.061,0.064
-2.90010e-01,-0.059,0.064
-2.90000e-01,-0.065,0.064
-2.89990e-01,-0.059,0.062
-2.89980e-01,-0.065,0.064
-2.89970e-01,-0.061,0.062
-2.89960e-01,-0.063,0.066
-2.89950e-01,-0.055,0.058
-2.89940e-01,-0.061,0.062
-2.89930e-01,-0.045,0.054
-2.89920e-01,-0.065,0.062
-2.89910e-01,-0.051,0.058
-2.89900e-01,-0.051,0.058
-2.89890e-01,-0.061,0.062
-2.89880e-01,-0.059,0.06
-2.89870e-01,-0.055,0.06
-2.89860e-01,-0.063,0.066
-2.89850e-01,-0.059,0.062
-2.89840e-01,-0.061,0.062
-2.89830e-01,-0.063,0.068
-2.89820e-01,-0.059,0.064
-2.89810e-01,-0.065,0.064
-2.89800e-01,-0.059,0.064
-2.89790e-01,-0.059,0.06
-2.89780e-01,-0.061,0.064
-2.89770e-01,-0.059,0.062
-2.89760e-01,-0.059,0.06
-2.89750e-01,-0.059,0.062
-2.89740e-01,-0.059,0.062
-2.89730e-01,-0.061,0.064
-2.89720e-01,-0.059,0.064
-2.89710e-01,-0.055,0.056
-2.89700e-01,-0.061,0.062
-2.89690e-01,-0.059,0.062
-2.89680e-01,-0.059,0.06
-2.89670e-01,-0.053,0.054
-2.89660e-01,-0.059,0.06
-2.89650e-01,-0.059,0.06
-2.89640e-01,-0.061,0.062
-2.89630e-01,-0.061,0.062
-2.89620e-01,-0.063,0.062
-2.89610e-01,-0.055,0.056
-2.89600e-01,-0.061,0.06
-2.89590e-01,-0.055,0.06
-2.89580e-01,-0.063,0.064
-2.89570e-01,-0.061,0.066
-2.89560e-01,-0.063,0.062
-2.89550e-01,-0.061,0.06
-2.89540e-01,-0.057,0.062
-2.89530e-01,-0.057,0.062
-2.89520e-01,-0.061,0.062
-2.89510e-01,-0.063,0.064
-2.89500e-01,-0.063,0.066
-2.89490e-01,-0.063,0.062
-2.89480e-01,-0.059,0.062
-2.89470e-01,-0.063,0.064
-2.89460e-01,-0.061,0.062
-2.89450e-01,-0.057,0.062
-2.89440e-01,-0.063,0.064
-2.89430e-01,-0.063,0.064
-2.89420e-01,-0.059,0.064
-2.89410e-01,-0.063,0.068
-2.89400e-01,-0.061,0.064
-2.89390e-01,-0.059,0.06
-2.89380e-01,-0.063,0.062
-2.89370e-01,-0.057,0.062
-2.89360e-01,-0.065,0.064
-2.89350e-01,-0.059,0.064
-2.89340e-01,-0.059,0.062
-2.89330e-01,-0.061,0.066
-2.89320e-01,-0.059,0.06
-2.89310e-01,-0.057,0.062
-2.89300e-01,-0.061,0.064
-2.89290e-01,-0.063,0.064
-2.89280e-01,-0.063,0.066
-2.89270e-01,-0.061,0.06
-2.89260e-01,-0.057,0.062
-2.89250e-01,-0.063,0.064
-2.89240e-01,-0.057,0.062
-2.89230e-01,-0.061,0.064
-2.89220e-01,-0.063,0.064
-2.89210e-01,-0.061,0.064
-2.89200e-01,-0.059,0.062
-2.89190e-01,-0.061,0.062
-2.89180e-01,-0.057,0.06
-2.89170e-01,-0.053,0.06
-2.89160e-01,-0.061,0.066
-2.89150e-01,-0.063,0.064
-2.89140e-01,-0.061,0.062
-2.89130e-01,-0.063,0.064
-2.89120e-01,-0.057,0.06
-2.89110e-01,-0.063,0.066
-2.89100e-01,-0.057,0.06
-2.89090e-01,-0.061,0.062
-2.89080e-01,-0.057,0.06
-2.89070e-01,-0.063,0.064
-2.89060e-01,-0.057,0.06
-2.89050e-01,-0.059,0.062
-2.89040e-01,-0.059,0.062
-2.89030e-01,-0.059,0.06
-2.89020e-01,-0.059,0.062
-2.89010e-01,-0.063,0.064
-2.89000e-01,-0.063,0.068
-2.88990e-01,-0.063,0.066
-2.88980e-01,-0.065,0.068
-2.88970e-01,-0.055,0.056
-2.88960e-01,-0.063,0.064
-2.88950e-01,-0.059,0.06
-2.88940e-01,-0.057,0.06
-2.88930e-01,-0.059,0.062
-2.88920e-01,-0.065,0.064
-2.88910e-01,-0.063,0.064
-2.88900e-01,-0.061,0.06
-2.88890e-01,-0.055,0.058
-2.88880e-01,-0.061,0.064
-2.88870e-01,-0.065,0.062
-2.88860e-01,-0.061,0.066
-2.88850e-01,-0.065,0.062
-2.88840e-01,-0.059,0.064
-2.88830e-01,-0.061,0.066
-2.88820e-01,-0.055,0.058
-2.88810e-01,-0.059,0.06
-2.88800e-01,-0.053,0.06
-2.88790e-01,-0.047,0.05
-2.88780e-01,-0.043,0.048
-2.88770e-01,-0.041,0.048
-2.88760e-01,-0.041,0.044
-2.88750e-01,-0.049,0.054
-2.88740e-01,-0.061,0.062
-2.88730e-01,-0.059,0.062
-2.88720e-01,-0.053,0.058
-2.88710e-01,-0.063,0.064
-2.88700e-01,-0.061,0.064
-2.88690e-01,-0.061,0.062
-2.88680e-01,-0.057,0.06
-2.88670e-01,-0.063,0.064
-2.88660e-01,-0.061,0.062
-2.88650e-01,-0.059,0.062
-2.88640e-01,-0.063,0.064
-2.88630e-01,-0.059,0.062
-2.88620e-01,-0.063,0.064
-2.88610e-01,-0.061,0.062
-2.88600e-01,-0.061,0.06
-2.88590e-01,-0.059,0.064
-2.88580e-01,-0.061,0.062
-2.88570e-01,-0.061,0.068
-2.88560e-01,-0.059,0.062
-2.88550e-01,-0.057,0.058
-2.88540e-01,-0.063,0.062
-2.88530e-01,-0.059,0.064
-2.88520e-01,-0.061,0.064
-2.88510e-01,-0.059,0.064
-2.88500e-01,-0.059,0.066
-2.88490e-01,-0.057,0.064
-2.88480e-01,-0.051,0.062
-2.88470e-01,-0.057,0.064
-2.88460e-01,-0.057,0.06
-2.88450e-01,-0.059,0.062
-2.88440e-01,-0.055,0.06
-2.88430e-01,-0.061,0.06
-2.88420e-01,-0.061,0.066
-2.88410e-01,-0.061,0.064
-2.88400e-01,-0.061,0.062
-2.88390e-01,-0.065,0.064
-2.88380e-01,-0.057,0.06
-2.88370e-01,-0.059,0.062
-2.88360e-01,-0.059,0.064
-2.88350e-01,-0.063,0.064
-2.88340e-01,-0.065,0.066
-2.88330e-01,-0.061,0.064
-2.88320e-01,-0.057,0.06
-2.88310e-01,-0.061,0.06
-2.88300e-01,-0.059,0.062
-2.88290e-01,-0.055,0.06
-2.88280e-01,-0.057,0.06
-2.88270e-01,-0.061,0.062
-2.88260e-01,-0.059,0.062
-2.88250e-01,-0.061,0.062
-2.88240e-01,-0.061,0.064
-2.88230e-01,-0.061,0.068
-2.88220e-01,-0.067,0.062
-2.88210e-01,-0.061,0.062
-2.88200e-01,-0.059,0.066
-2.88190e-01,-0.061,0.064
-2.88180e-01,-0.061,0.064
-2.88170e-01,-0.061,0.066
-2.88160e-01,-0.059,0.066
-2.88150e-01,-0.059,0.064
-2.88140e-01,-0.061,0.064
-2.88130e-01,-0.063,0.064
-2.88120e-01,-0.061,0.062
-2.88110e-01,-0.059,0.06
-2.88100e-01,-0.061,0.062
-2.88090e-01,-0.055,0.064
-2.88080e-01,-0.061,0.066
-2.88070e-01,-0.053,0.056
-2.88060e-01,-0.059,0.06
-2.88050e-01,-0.061,0.062
-2.88040e-01,-0.061,0.062
-2.88030e-01,-0.049,0.054
-2.88020e-01,-0.059,0.062
-2.88010e-01,-0.063,0.066
-2.88000e-01,-0.059,0.064
-2.87990e-01,-0.059,0.06
-2.87980e-01,-0.051,0.056
-2.87970e-01,-0.059,0.062
-2.87960e-01,-0.063,0.062
-2.87950e-01,-0.063,0.06
-2.87940e-01,-0.061,0.064
-2.87930e-01,-0.055,0.06
-2.87920e-01,-0.061,0.064
-2.87910e-01,-0.049,0.06
-2.87900e-01,-0.059,0.062
-2.87890e-01,-0.063,0.062
-2.87880e-01,-0.057,0.06
-2.87870e-01,-0.061,0.066
-2.87860e-01,-0.061,0.064
-2.87850e-01,-0.059,0.064
-2.87840e-01,-0.059,0.06
-2.87830e-01,-0.057,0.062
-2.87820e-01,-0.063,0.064
-2.87810e-01,-0.061,0.062
-2.87800e-01,-0.059,0.064
-2.87790e-01,-0.057,0.06
-2.87780e-01,-0.063,0.066
-2.87770e-01,-0.063,0.064
-2.87760e-01,-0.059,0.064
-2.87750e-01,-0.061,0.064
-2.87740e-01,-0.063,0.06
-2.87730e-01,-0.059,0.062
-2.87720e-01,-0.063,0.064
-2.87710e-01,-0.057,0.06
-2.87700e-01,-0.061,0.066
-2.87690e-01,-0.053,0.06
-2.87680e-01,-0.059,0.062
-2.87670e-01,-0.059,0.068
-2.87660e-01,-0.061,0.062
-2.87650e-01,-0.059,0.064
-2.87640e-01,-0.055,0.06
-2.87630e-01,-0.061,0.06
-2.87620e-01,-0.057,0.064
-2.87610e-01,-0.053,0.058
-2.87600e-01,-0.061,0.064
-2.87590e-01,-0.055,0.058
-2.87580e-01,-0.055,0.06
-2.87570e-01,-0.063,0.064
-2.87560e-01,-0.061,0.064
-2.87550e-01,-0.055,0.06
-2.87540e-01,-0.059,0.062
-2.87530e-01,-0.059,0.06
-2.87520e-01,-0.061,0.06
-2.87510e-01,-0.063,0.066
-2.87500e-01,-0.067,0.066
-2.87490e-01,-0.061,0.062
-2.87480e-01,-0.061,0.064
-2.87470e-01,-0.055,0.056
-2.87460e-01,-0.061,0.064
-2.87450e-01,-0.061,0.064
-2.87440e-01,-0.059,0.062
-2.87430e-01,-0.065,0.062
-2.87420e-01,-0.059,0.066
-2.87410e-01,-0.051,0.056
-2.87400e-01,-0.061,0.064
-2.87390e-01,-0.061,0.062
-2.87380e-01,-0.063,0.064
-2.87370e-01,-0.063,0.062
-2.87360e-01,-0.061,0.06
-2.87350e-01,-0.061,0.06
-2.87340e-01,-0.059,0.062
-2.87330e-01,-0.063,0.064
-2.87320e-01,-0.061,0.06
-2.87310e-01,-0.063,0.064
-2.87300e-01,-0.061,0.064
-2.87290e-01,-0.059,0.064
-2.87280e-01,-0.059,0.062
-2.87270e-01,-0.063,0.064
-2.87260e-01,-0.065,0.062
-2.87250e-01,-0.059,0.062
-2.87240e-01,-0.061,0.064
-2.87230e-01,-0.061,0.062
-2.87220e-01,-0.059,0.066
-2.87210e-01,-0.061,0.062
-2.87200e-01,-0.061,0.062
-2.87190e-01,-0.063,0.064
-2.87180e-01,-0.063,0.062
-2.87170e-01,-0.063,0.064
-2.87160e-01,-0.061,0.062
-2.87150e-01,-0.055,0.058
-2.87140e-01,-0.059,0.068
-2.87130e-01,-0.051,0.056
-2.87120e-01,-0.059,0.064
-2.87110e-01,-0.057,0.06
-2.87100e-01,-0.063,0.064
-2.87090e-01,-0.053,0.06
-2.87080e-01,-0.049,0.052
-2.87070e-01,-0.061,0.066
-2.87060e-01,-0.059,0.06
-2.87050e-01,-0.061,0.064
-2.87040e-01,-0.063,0.062
-2.87030e-01,-0.063,0.064
-2.87020e-01,-0.065,0.062
-2.87010e-01,-0.059,0.062
-2.87000e-01,-0.063,0.066
-2.86990e-01,-0.057,0.062
-2.86980e-01,-0.061,0.068
-2.86970e-01,-0.055,0.06
-2.86960e-01,-0.063,0.064
-2.86950e-01,-0.057,0.058
-2.86940e-01,-0.053,0.054
-2.86930e-01,-0.065,0.062
-2.86920e-01,-0.055,0.062
-2.86910e-01,-0.051,0.058
-2.86900e-01,-0.061,0.062
-2.86890e-01,-0.061,0.062
-2.86880e-01,-0.061,0.064
-2.86870e-01,-0.061,0.06
-2.86860e-01,-0.061,0.064
-2.86850e-01,-0.059,0.066
-2.86840e-01,-0.059,0.064
-2.86830e-01,-0.057,0.064
-2.86820e-01,-0.059,0.064
-2.86810e-01,-0.061,0.064
-2.86800e-01,-0.059,0.06
-2.86790e-01,-0.057,0.062
-2.86780e-01,-0.057,0.06
-2.86770e-01,-0.061,0.064
-2.86760e-01,-0.055,0.06
-2.86750e-01,-0.065,0.064
-2.86740e-01,-0.063,0.064
-2.86730e-01,-0.063,0.064
-2.86720e-01,-0.057,0.062
-2.86710e-01,-0.061,0.062
-2.86700e-01,-0.063,0.064
-2.86690e-01,-0.055,0.056
-2.86680e-01,-0.061,0.062
-2.86670e-01,-0.049,0.054
-2.86660e-01,-0.063,0.064
-2.86650e-01,-0.059,0.06
-2.86640e-01,-0.065,0.062
-2.86630e-01,-0.059,0.062
-2.86620e-01,-0.061,0.062
-2.86610e-01,-0.063,0.066
-2.86600e-01,-0.063,0.068
-2.86590e-01,-0.061,0.064
-2.86580e-01,-0.059,0.064
-2.86570e-01,-0.055,0.058
-2.86560e-01,-0.063,0.062
-2.86550e-01,-0.057,0.064
-2.86540e-01,-0.063,0.062
-2.86530e-01,-0.059,0.064
-2.86520e-01,-0.061,0.062
-2.86510e-01,-0.055,0.06
-2.86500e-01,-0.063,0.064
-2.86490e-01,-0.061,0.06
-2.86480e-01,-0.061,0.064
-2.86470e-01,-0.061,0.062
-2.86460e-01,-0.055,0.06
-2.86450e-01,-0.063,0.064
-2.86440e-01,-0.063,0.066
-2.86430e-01,-0.061,0.064
-2.86420e-01,-0.061,0.06
-2.86410e-01,-0.053,0.056
-2.86400e-01,-0.061,0.066
-2.86390e-01,-0.059,0.062
-2.86380e-01,-0.057,0.058
-2.86370e-01,-0.065,0.062
-2.86360e-01,-0.057,0.06
-2.86350e-01,-0.063,0.064
-2.86340e-01,-0.061,0.064
-2.86330e-01,-0.059,0.062
-2.86320e-01,-0.061,0.064
-2.86310e-01,-0.059,0.06
-2.86300e-01,-0.063,0.066
-2.86290e-01,-0.059,0.064
-2.86280e-01,-0.059,0.062
-2.86270e-01,-0.061,0.06
-2.86260e-01,-0.063,0.064
-2.86250e-01,-0.055,0.056
-2.86240e-01,-0.065,0.064
-2.86230e-01,-0.059,0.064
-2.86220e-01,-0.055,0.06
-2.86210e-01,-0.059,0.06
-2.86200e-01,-0.057,0.06
-2.86190e-01,-0.063,0.062
-2.86180e-01,-0.059,0.064
-2.86170e-01,-0.065,0.064
-2.86160e-01,-0.053,0.06
-2.86150e-01,-0.063,0.06
-2.86140e-01,-0.063,0.064
-2.86130e-01,-0.041,0.042
-2.86120e-01,-0.063,0.064
-2.86110e-01,-0.059,0.062
-2.86100e-01,-0.063,0.06
-2.86090e-01,-0.065,0.064
-2.86080e-01,-0.061,0.06
-2.86070e-01,-0.057,0.064
-2.86060e-01,-0.061,0.066
-2.86050e-01,-0.061,0.066
-2.86040e-01,-0.059,0.064
-2.86030e-01,-0.063,0.064
-2.86020e-01,-0.061,0.064
-2.86010e-01,-0.057,0.06
-2.86000e-01,-0.055,0.058
-2.85990e-01,-0.065,0.062
-2.85980e-01,-0.043,0.048
-2.85970e-01,-0.061,0.064
-2.85960e-01,-0.055,0.058
-2.85950e-01,-0.059,0.062
-2.85940e-01,-0.059,0.06
-2.85930e-01,-0.061,0.062
-2.85920e-01,-0.061,0.062
-2.85910e-01,-0.057,0.056
-2.85900e-01,-0.055,0.06
-2.85890e-01,-0.063,0.066
-2.85880e-01,-0.053,0.06
-2.85870e-01,-0.063,0.06
-2.85860e-01,-0.061,0.062
-2.85850e-01,-0.061,0.064
-2.85840e-01,-0.059,0.06
-2.85830e-01,-0.059,0.064
-2.85820e-01,-0.059,0.066
-2.85810e-01,-0.063,0.064
-2.85800e-01,-0.063,0.066
-2.85790e-01,-0.061,0.066
-2.85780e-01,-0.055,0.06
-2.85770e-01,-0.063,0.06
-2.85760e-01,-0.059,0.062
-2.85750e-01,-0.059,0.064
-2.85740e-01,-0.063,0.062
-2.85730e-01,-0.055,0.056
-2.85720e-01,-0.057,0.062
-2.85710e-01,-0.057,0.064
-2.85700e-01,-0.055,0.06
-2.85690e-01,-0.065,0.062
-2.85680e-01,-0.063,0.062
-2.85670e-01,-0.061,0.064
-2.85660e-01,-0.061,0.066
-2.85650e-01,-0.061,0.066
-2.85640e-01,-0.061,0.062
-2.85630e-01,-0.055,0.06
-2.85620e-01,-0.061,0.062
-2.85610e-01,-0.055,0.058
-2.85600e-01,-0.059,0.064
-2.85590e-01,-0.063,0.062
-2.85580e-01,-0.061,0.062
-2.85570e-01,-0.061,0.062
-2.85560e-01,-0.061,0.064
-2.85550e-01,-0.065,0.06
-2.85540e-01,-0.059,0.064
-2.85530e-01,-0.059,0.06
-2.85520e-01,-0.061,0.062
-2.85510e-01,-0.061,0.064
-2.85500e-01,-0.063,0.062
-2.85490e-01,-0.061,0.064
-2.85480e-01,-0.061,0.064
-2.85470e-01,-0.061,0.06
-2.85460e-01,-0.061,0.064
-2.85450e-01,-0.059,0.06
-2.85440e-01,-0.063,0.068
-2.85430e-01,-0.059,0.064
-2.85420e-01,-0.061,0.064
-2.85410e-01,-0.065,0.064
-2.85400e-01,-0.059,0.06
-2.85390e-01,-0.063,0.064
-2.85380e-01,-0.061,0.062
-2.85370e-01,-0.061,0.062
-2.85360e-01,-0.057,0.062
-2.85350e-01,-0.059,0.062
-2.85340e-01,-0.057,0.06
-2.85330e-01,-0.061,0.064
-2.85320e-01,-0.065,0.06
-2.85310e-01,-0.059,0.064
-2.85300e-01,-0.059,0.064
-2.85290e-01,-0.057,0.062
-2.85280e-01,-0.063,0.064
-2.85270e-01,-0.059,0.062
-2.85260e-01,-0.065,0.066
-2.85250e-01,-0.057,0.058
-2.85240e-01,-0.061,0.064
-2.85230e-01,-0.059,0.062
-2.85220e-01,-0.065,0.066
-2.85210e-01,-0.063,0.064
-2.85200e-01,-0.061,0.064
-2.85190e-01,-0.059,0.062
-2.85180e-01,-0.061,0.064
-2.85170e-01,-0.061,0.066
-2.85160e-01,-0.063,0.06
-2.85150e-01,-0.059,0.06
-2.85140e-01,-0.063,0.064
-2.85130e-01,-0.059,0.058
-2.85120e-01,-0.057,0.06
-2.85110e-01,-0.055,0.062
-2.85100e-01,-0.061,0.066
-2.85090e-01,-0.063,0.068
-2.85080e-01,-0.051,0.052
-2.85070e-01,-0.061,0.066
-2.85060e-01,-0.059,0.066
-2.85050e-01,-0.063,0.06
-2.85040e-01,-0.059,0.06
-2.85030e-01,-0.065,0.066
-2.85020e-01,-0.055,0.06
-2.85010e-01,-0.057,0.058
-2.85000e-01,-0.055,0.058
-2.84990e-01,-0.063,0.062
-2.84980e-01,-0.059,0.064
-2.84970e-01,-0.057,0.06
-2.84960e-01,-0.057,0.064
-2.84950e-01,-0.057,0.062
-2.84940e-01,-0.063,0.062
-2.84930e-01,-0.059,0.064
-2.84920e-01,-0.061,0.062
-2.84910e-01,-0.059,0.064
-2.84900e-01,-0.061,0.064
-2.84890e-01,-0.061,0.062
-2.84880e-01,-0.063,0.064
-2.84870e-01,-0.063,0.062
-2.84860e-01,-0.059,0.062
-2.84850e-01,-0.063,0.064
-2.84840e-01,-0.057,0.064
-2.84830e-01,-0.063,0.068
-2.84820e-01,-0.061,0.066
-2.84810e-01,-0.063,0.066
-2.84800e-01,-0.059,0.06
-2.84790e-01,-0.057,0.06
-2.84780e-01,-0.065,0.062
-2.84770e-01,-0.055,0.06
-2.84760e-01,-0.063,0.066
-2.84750e-01,-0.049,0.054
-2.84740e-01,-0.061,0.064
-2.84730e-01,-0.059,0.064
-2.84720e-01,-0.061,0.066
-2.84710e-01,-0.061,0.062
-2.84700e-01,-0.061,0.066
-2.84690e-01,-0.061,0.062
-2.84680e-01,-0.063,0.064
-2.84670e-01,-0.059,0.062
-2.84660e-01,-0.061,0.064
-2.84650e-01,-0.053,0.056
-2.84640e-01,-0.061,0.064
-2.84630e-01,-0.057,0.062
-2.84620e-01,-0.061,0.062
-2.84610e-01,-0.065,0.062
-2.84600e-01,-0.063,0.062
-2.84590e-01,-0.063,0.066
-2.84580e-01,-0.057,0.064
-2.84570e-01,-0.057,0.06
-2.84560e-01,-0.061,0.062
-2.84550e-01,-0.057,0.064
-2.84540e-01,-0.061,0.06
-2.84530e-01,-0.061,0.064
-2.84520e-01,-0.061,0.06
-2.84510e-01,-0.063,0.064
-2.84500e-01,-0.059,0.064
-2.84490e-01,-0.057,0.06
-2.84480e-01,-0.059,0.064
-2.84470e-01,-0.059,0.064
-2.84460e-01,-0.057,0.058
-2.84450e-01,-0.055,0.06
-2.84440e-01,-0.059,0.06
-2.84430e-01,-0.061,0.064
-2.84420e-01,-0.063,0.064
-2.84410e-01,-0.061,0.064
-2.84400e-01,-0.063,0.066
-2.84390e-01,-0.055,0.058
-2.84380e-01,-0.057,0.064
-2.84370e-01,-0.061,0.06
-2.84360e-01,-0.061,0.064
-2.84350e-01,-0.067,0.062
-2.84340e-01,-0.061,0.062
-2.84330e-01,-0.053,0.058
-2.84320e-01,-0.061,0.064
-2.84310e-01,-0.051,0.058
-2.84300e-01,-0.061,0.06
-2.84290e-01,-0.061,0.06
-2.84280e-01,-0.059,0.064
-2.84270e-01,-0.059,0.062
-2.84260e-01,-0.061,0.064
-2.84250e-01,-0.061,0.062
-2.84240e-01,-0.061,0.062
-2.84230e-01,-0.053,0.058
-2.84220e-01,-0.061,0.06
-2.84210e-01,-0.061,0.064
-2.84200e-01,-0.059,0.06
-2.84190e-01,-0.067,0.064
-2.84180e-01,-0.061,0.062
-2.84170e-01,-0.061,0.064
-2.84160e-01,-0.057,0.06
-2.84150e-01,-0.061,0.06
-2.84140e-01,-0.059,0.064
-2.84130e-01,-0.059,0.06
-2.84120e-01,-0.061,0.066
-2.84110e-01,-0.055,0.06
-2.84100e-01,-0.063,0.066
-2.84090e-01,-0.059,0.064
-2.84080e-01,-0.065,0.064
-2.84070e-01,-0.061,0.066
-2.84060e-01,-0.061,0.064
-2.84050e-01,-0.055,0.06
-2.84040e-01,-0.059,0.062
-2.84030e-01,-0.061,0.06
-2.84020e-01,-0.061,0.064
-2.84010e-01,-0.061,0.064
-2.84000e-01,-0.063,0.066
-2.83990e-01,-0.059,0.062
-2.83980e-01,-0.061,0.066
-2.83970e-01,-0.059,0.06
-2.83960e-01,-0.061,0.064
-2.83950e-01,-0.061,0.062
-2.83940e-01,-0.061,0.064
-2.83930e-01,-0.053,0.058
-2.83920e-01,-0.055,0.06
-2.83910e-01,-0.061,0.064
-2.83900e-01,-0.061,0.066
-2.83890e-01,-0.061,0.062
-2.83880e-01,-0.059,0.064
-2.83870e-01,-0.059,0.066
-2.83860e-01,-0.053,0.058
-2.83850e-01,-0.055,0.056
-2.83840e-01,-0.063,0.068
-2.83830e-01,-0.063,0.064
-2.83820e-01,-0.057,0.064
-2.83810e-01,-0.063,0.064
-2.83800e-01,-0.059,0.064
-2.83790e-01,-0.063,0.064
-2.83780e-01,-0.061,0.064
-2.83770e-01,-0.063,0.064
-2.83760e-01,-0.065,0.068
-2.83750e-01,-0.059,0.064
-2.83740e-01,-0.065,0.066
-2.83730e-01,-0.039,0.046
-2.83720e-01,-0.063,0.064
-2.83710e-01,-0.065,0.06
-2.83700e-01,-0.057,0.064
-2.83690e-01,-0.053,0.054
-2.83680e-01,-0.059,0.064
-2.83670e-01,-0.059,0.066
-2.83660e-01,-0.061,0.062
-2.83650e-01,-0.063,0.062
-2.83640e-01,-0.053,0.06
-2.83630e-01,-0.053,0.058
-2.83620e-01,-0.059,0.062
-2.83610e-01,-0.057,0.06
-2.83600e-01,-0.055,0.062
-2.83590e-01,-0.061,0.062
-2.83580e-01,-0.063,0.062
-2.83570e-01,-0.061,0.064
-2.83560e-01,-0.063,0.068
-2.83550e-01,-0.061,0.064
-2.83540e-01,-0.061,0.062
-2.83530e-01,-0.055,0.06
-2.83520e-01,-0.059,0.06
-2.83510e-01,-0.063,0.064
-2.83500e-01,-0.057,0.06
-2.83490e-01,-0.063,0.064
-2.83480e-01,-0.059,0.062
-2.83470e-01,-0.061,0.064
-2.83460e-01,-0.065,0.062
-2.83450e-01,-0.061,0.064
-2.83440e-01,-0.059,0.064
-2.83430e-01,-0.059,0.064
-2.83420e-01,-0.063,0.064
-2.83410e-01,-0.057,0.06
-2.83400e-01,-0.059,0.066
-2.83390e-01,-0.063,0.062
-2.83380e-01,-0.061,0.062
-2.83370e-01,-0.061,0.06
-2.83360e-01,-0.059,0.062
-2.83350e-01,-0.059,0.062
-2.83340e-01,-0.063,0.062
-2.83330e-01,-0.059,0.064
-2.83320e-01,-0.061,0.06
-2.83310e-01,-0.065,0.064
-2.83300e-01,-0.061,0.066
-2.83290e-01,-0.061,0.062
-2.83280e-01,-0.065,0.066
-2.83270e-01,-0.057,0.06
-2.83260e-01,-0.061,0.064
-2.83250e-01,-0.051,0.056
-2.83240e-01,-0.065,0.062
-2.83230e-01,-0.057,0.06
-2.83220e-01,-0.061,0.064
-2.83210e-01,-0.051,0.054
-2.83200e-01,-0.063,0.062
-2.83190e-01,-0.055,0.062
-2.83180e-01,-0.061,0.064
-2.83170e-01,-0.059,0.062
-2.83160e-01,-0.061,0.062
-2.83150e-01,-0.061,0.066
-2.83140e-01,-0.063,0.064
-2.83130e-01,-0.063,0.062
-2.83120e-01,-0.063,0.062
-2.83110e-01,-0.061,0.064
-2.83100e-01,-0.057,0.06
-2.83090e-01,-0.059,0.062
-2.83080e-01,-0.041,0.046
-2.83070e-01,-0.061,0.062
-2.83060e-01,-0.057,0.06
-2.83050e-01,-0.063,0.068
-2.83040e-01,-0.059,0.064
-2.83030e-01,-0.059,0.064
-2.83020e-01,-0.063,0.064
-2.83010e-01,-0.061,0.064
-2.83000e-01,-0.061,0.064
-2.82990e-01,-0.061,0.062
-2.82980e-01,-0.063,0.064
-2.82970e-01,-0.059,0.06
-2.82960e-01,-0.061,0.06
-2.82950e-01,-0.055,0.06
-2.82940e-01,-0.061,0.062
-2.82930e-01,-0.061,0.064
-2.82920e-01,-0.059,0.064
-2.82910e-01,-0.065,0.064
-2.82900e-01,-0.059,0.066
-2.82890e-01,-0.061,0.06
-2.82880e-01,-0.053,0.056
-2.82870e-01,-0.063,0.062
-2.82860e-01,-0.061,0.06
-2.82850e-01,-0.059,0.06
-2.82840e-01,-0.061,0.064
-2.82830e-01,-0.061,0.064
-2.82820e-01,-0.059,0.062
-2.82810e-01,-0.061,0.062
-2.82800e-01,-0.051,0.054
-2.82790e-01,-0.061,0.062
-2.82780e-01,-0.057,0.06
-2.82770e-01,-0.063,0.06
-2.82760e-01,-0.057,0.062
-2.82750e-01,-0.053,0.054
-2.82740e-01,-0.057,0.062
-2.82730e-01,-0.059,0.064
-2.82720e-01,-0.061,0.066
-2.82710e-01,-0.061,0.062
-2.82700e-01,-0.061,0.062
-2.82690e-01,-0.063,0.06
-2.82680e-01,-0.061,0.064
-2.82670e-01,-0.065,0.06
-2.82660e-01,-0.059,0.066
-2.82650e-01,-0.061,0.06
-2.82640e-01,-0.063,0.064
-2.82630e-01,-0.063,0.066
-2.82620e-01,-0.059,0.062
-2.82610e-01,-0.061,0.062
-2.82600e-01,-0.063,0.064
-2.82590e-01,-0.059,0.068
-2.82580e-01,-0.059,0.062
-2.82570e-01,-0.057,0.06
-2.82560e-01,-0.059,0.06
-2.82550e-01,-0.061,0.062
-2.82540e-01,-0.061,0.064
-2.82530e-01,-0.063,0.062
-2.82520e-01,-0.061,0.066
-2.82510e-01,-0.059,0.062
-2.82500e-01,-0.059,0.062
-2.82490e-01,-0.063,0.064
-2.82480e-01,-0.059,0.064
-2.82470e-01,-0.065,0.062
-2.82460e-01,-0.065,0.064
-2.82450e-01,-0.057,0.062
-2.82440e-01,-0.061,0.068
-2.82430e-01,-0.059,0.06
-2.82420e-01,-0.061,0.064
-2.82410e-01,-0.057,0.06
-2.82400e-01,-0.063,0.06
-2.82390e-01,-0.055,0.06
-2.82380e-01,-0.061,0.062
-2.82370e-01,-0.059,0.066
-2.82360e-01,-0.061,0.064
-2.82350e-01,-0.057,0.06
-2.82340e-01,-0.061,0.062
-2.82330e-01,-0.063,0.064
-2.82320e-01,-0.061,0.062
-2.82310e-01,-0.063,0.068
-2.82300e-01,-0.053,0.06
-2.82290e-01,-0.061,0.064
-2.82280e-01,-0.057,0.06
-2.82270e-01,-0.057,0.06
-2.82260e-01,-0.063,0.064
-2.82250e-01,-0.061,0.064
-2.82240e-01,-0.057,0.062
-2.82230e-01,-0.065,0.064
-2.82220e-01,-0.063,0.062
-2.82210e-01,-0.061,0.062
-2.82200e-01,-0.063,0.064
-2.82190e-01,-0.063,0.066
-2.82180e-01,-0.061,0.062
-2.82170e-01,-0.061,0.068
-2.82160e-01,-0.057,0.06
-2.82150e-01,-0.061,0.064
-2.82140e-01,-0.057,0.06
-2.82130e-01,-0.065,0.064
-2.82120e-01,-0.051,0.052
-2.82110e-01,-0.059,0.064
-2.82100e-01,-0.059,0.068
-2.82090e-01,-0.061,0.066
-2.82080e-01,-0.063,0.064
-2.82070e-01,-0.061,0.064
-2.82060e-01,-0.063,0.068
-2.82050e-01,-0.063,0.064
-2.82040e-01,-0.063,0.062
-2.82030e-01,-0.061,0.064
-2.82020e-01,-0.063,0.064
-2.82010e-01,-0.057,0.06
-2.82000e-01,-0.061,0.066
-2.81990e-01,-0.057,0.058
-2.81980e-01,-0.061,0.062
-2.81970e-01,-0.061,0.064
-2.81960e-01,-0.061,0.064
-2.81950e-01,-0.057,0.06
-2.81940e-01,-0.059,0.06
-2.81930e-01,-0.059,0.064
-2.81920e-01,-0.061,0.062
-2.81910e-01,-0.057,0.06
-2.81900e-01,-0.059,0.062
-2.81890e-01,-0.061,0.062
-2.81880e-01,-0.061,0.062
-2.81870e-01,-0.061,0.062
-2.81860e-01,-0.059,0.062
-2.81850e-01,-0.061,0.066
-2.81840e-01,-0.063,0.064
-2.81830e-01,-0.059,0.062
-2.81820e-01,-0.065,0.066
-2.81810e-01,-0.063,0.064
-2.81800e-01,-0.059,0.064
-2.81790e-01,-0.063,0.066
-2.81780e-01,-0.061,0.064
-2.81770e-01,-0.063,0.066
-2.81760e-01,-0.061,0.062
-2.81750e-01,-0.057,0.064
-2.81740e-01,-0.059,0.066
-2.81730e-01,-0.059,0.06
-2.81720e-01,-0.063,0.064
-2.81710e-01,-0.059,0.064
-2.81700e-01,-0.061,0.066
-2.81690e-01,-0.057,0.06
-2.81680e-01,-0.063,0.06
-2.81670e-01,-0.063,0.064
-2.81660e-01,-0.059,0.06
-2.81650e-01,-0.063,0.066
-2.81640e-01,-0.061,0.064
-2.81630e-01,-0.061,0.062
-2.81620e-01,-0.057,0.06
-2.81610e-01,-0.061,0.064
-2.81600e-01,-0.061,0.06
-2.81590e-01,-0.059,0.064
-2.81580e-01,-0.061,0.062
-2.81570e-01,-0.059,0.06
-2.81560e-01,-0.061,0.062
-2.81550e-01,-0.055,0.062
-2.81540e-01,-0.057,0.062
-2.81530e-01,-0.059,0.064
-2.81520e-01,-0.057,0.06
-2.81510e-01,-0.065,0.064
-2.81500e-01,-0.059,0.062
-2.81490e-01,-0.063,0.062
-2.81480e-01,-0.061,0.064
-2.81470e-01,-0.061,0.064
-2.81460e-01,-0.063,0.064
-2.81450e-01,-0.061,0.062
-2.81440e-01,-0.061,0.062
-2.81430e-01,-0.061,0.064
-2.81420e-01,-0.065,0.064
-2.81410e-01,-0.063,0.064
-2.81400e-01,-0.063,0.064
-2.81390e-01,-0.059,0.064
-2.81380e-01,-0.055,0.06
-2.81370e-01,-0.059,0.06
-2.81360e-01,-0.061,0.062
-2.81350e-01,-0.053,0.06
-2.81340e-01,-0.059,0.062
-2.81330e-01,-0.051,0.056
-2.81320e-01,-0.061,0.064
-2.81310e-01,-0.053,0.06
-2.81300e-01,-0.063,0.064
-2.81290e-01,-0.059,0.062
-2.81280e-01,-0.065,0.064
-2.81270e-01,-0.063,0.064
-2.81260e-01,-0.059,0.062
-2.81250e-01,-0.063,0.062
-2.81240e-01,-0.061,0.064
-2.81230e-01,-0.055,0.06
-2.81220e-01,-0.059,0.066
-2.81210e-01,-0.061,0.062
-2.81200e-01,-0.063,0.062
-2.81190e-01,-0.055,0.056
-2.81180e-01,-0.057,0.06
-2.81170e-01,-0.049,0.056
-2.81160e-01,-0.057,0.064
-2.81150e-01,-0.059,0.064
-2.81140e-01,-0.061,0.064
-2.81130e-01,-0.059,0.062
-2.81120e-01,-0.061,0.064
-2.81110e-01,-0.061,0.062
-2.81100e-01,-0.063,0.06
-2.81090e-01,-0.061,0.062
-2.81080e-01,-0.049,0.056
-2.81070e-01,-0.059,0.062
-2.81060e-01,-0.061,0.064
-2.81050e-01,-0.059,0.066
-2.81040e-01,-0.061,0.062
-2.81030e-01,-0.055,0.058
-2.81020e-01,-0.063,0.062
-2.81010e-01,-0.053,0.056
-2.81000e-01,-0.061,0.064
-2.80990e-01,-0.059,0.062
-2.80980e-01,-0.059,0.06
-2.80970e-01,-0.061,0.064
-2.80960e-01,-0.059,0.06
-2.80950e-01,-0.059,0.064
-2.80940e-01,-0.061,0.062
-2.80930e-01,-0.063,0.064
-2.80920e-01,-0.059,0.068
-2.80910e-01,-0.063,0.064
-2.80900e-01,-0.061,0.062
-2.80890e-01,-0.059,0.066
-2.80880e-01,-0.061,0.062
-2.80870e-01,-0.061,0.064
-2.80860e-01,-0.063,0.062
-2.80850e-01,-0.063,0.064
-2.80840e-01,-0.059,0.062
-2.80830e-01,-0.061,0.062
-2.80820e-01,-0.061,0.066
-2.80810e-01,-0.061,0.064
-2.80800e-01,-0.059,0.066
-2.80790e-01,-0.055,0.06
-2.80780e-01,-0.055,0.056
-2.80770e-01,-0.059,0.06
-2.80760e-01,-0.049,0.056
-2.80750e-01,-0.061,0.06
-2.80740e-01,-0.057,0.06
-2.80730e-01,-0.047,0.054
-2.80720e-01,-0.063,0.066
-2.80710e-01,-0.059,0.062
-2.80700e-01,-0.061,0.064
-2.80690e-01,-0.061,0.062
-2.80680e-01,-0.059,0.064
-2.80670e-01,-0.065,0.066
-2.80660e-01,-0.061,0.06
-2.80650e-01,-0.063,0.06
-2.80640e-01,-0.055,0.056
-2.80630e-01,-0.055,0.06
-2.80620e-01,-0.059,0.064
-2.80610e-01,-0.061,0.068
-2.80600e-01,-0.061,0.06
-2.80590e-01,-0.059,0.066
-2.80580e-01,-0.061,0.06
-2.80570e-01,-0.061,0.062
-2.80560e-01,-0.059,0.062
-2.80550e-01,-0.063,0.064
-2.80540e-01,-0.061,0.062
-2.80530e-01,-0.057,0.06
-2.80520e-01,-0.059,0.064
-2.80510e-01,-0.065,0.062
-2.80500e-01,-0.061,0.064
-2.80490e-01,-0.061,0.062
-2.80480e-01,-0.061,0.062
-2.80470e-01,-0.061,0.064
-2.80460e-01,-0.057,0.06
-2.80450e-01,-0.059,0.062
-2.80440e-01,-0.061,0.062
-2.80430e-01,-0.061,0.068
-2.80420e-01,-0.061,0.064
-2.80410e-01,-0.061,0.064
-2.80400e-01,-0.055,0.06
-2.80390e-01,-0.061,0.064
-2.80380e-01,-0.061,0.064
-2.80370e-01,-0.053,0.058
-2.80360e-01,-0.059,0.062
-2.80350e-01,-0.057,0.06
-2.80340e-01,-0.059,0.062
-2.80330e-01,-0.055,0.056
-2.80320e-01,-0.049,0.052
-2.80310e-01,-0.055,0.058
-2.80300e-01,-0.051,0.054
-2.80290e-01,-0.057,0.062
-2.80280e-01,-0.057,0.062
-2.80270e-01,-0.059,0.06
-2.80260e-01,-0.061,0.062
-2.80250e-01,-0.059,0.06
-2.80240e-01,-0.057,0.06
-2.80230e-01,-0.061,0.062
-2.80220e-01,-0.057,0.064
-2.80210e-01,-0.067,0.062
-2.80200e-01,-0.061,0.064
-2.80190e-01,-0.057,0.062
-2.80180e-01,-0.049,0.054
-2.80170e-01,-0.057,0.06
-2.80160e-01,-0.059,0.066
-2.80150e-01,-0.059,0.06
-2.80140e-01,-0.063,0.064
-2.80130e-01,-0.059,0.06
-2.80120e-01,-0.063,0.062
-2.80110e-01,-0.063,0.06
-2.80100e-01,-0.065,0.066
-2.80090e-01,-0.057,0.058
-2.80080e-01,-0.063,0.066
-2.80070e-01,-0.059,0.062
-2.80060e-01,-0.061,0.06
-2.80050e-01,-0.061,0.06
-2.80040e-01,-0.055,0.06
-2.80030e-01,-0.061,0.066
-2.80020e-01,-0.063,0.066
-2.80010e-01,-0.063,0.064
-2.80000e-01,-0.065,0.064
-2.79990e-01,-0.057,0.058
-2.79980e-01,-0.065,0.062
-2.79970e-01,-0.065,0.062
-2.79960e-01,-0.063,0.066
-2.79950e-01,-0.059,0.06
-2.79940e-01,-0.065,0.064
-2.79930e-01,-0.061,0.062
-2.79920e-01,-0.061,0.06
-2.79910e-01,-0.065,0.064
-2.79900e-01,-0.065,0.064
-2.79890e-01,-0.063,0.062
-2.79880e-01,-0.061,0.064
-2.79870e-01,-0.059,0.062
-2.79860e-01,-0.057,0.062
-2.79850e-01,-0.059,0.06
-2.79840e-01,-0.061,0.064
-2.79830e-01,-0.063,0.062
-2.79820e-01,-0.061,0.06
-2.79810e-01,-0.061,0.062
-2.79800e-01,-0.061,0.062
-2.79790e-01,-0.059,0.062
-2.79780e-01,-0.057,0.07
-2.79770e-01,-0.059,0.062
-2.79760e-01,-0.063,0.062
-2.79750e-01,-0.061,0.06
-2.79740e-01,-0.063,0.064
-2.79730e-01,-0.063,0.064
-2.79720e-01,-0.059,0.064
-2.79710e-01,-0.063,0.064
-2.79700e-01,-0.061,0.064
-2.79690e-01,-0.061,0.064
-2.79680e-01,-0.065,0.066
-2.79670e-01,-0.055,0.062
-2.79660e-01,-0.065,0.066
-2.79650e-01,-0.063,0.06
-2.79640e-01,-0.059,0.064
-2.79630e-01,-0.063,0.064
-2.79620e-01,-0.059,0.06
-2.79610e-01,-0.059,0.062
-2.79600e-01,-0.057,0.06
-2.79590e-01,-0.063,0.064
-2.79580e-01,-0.057,0.06
-2.79570e-01,-0.061,0.064
-2.79560e-01,-0.057,0.062
-2.79550e-01,-0.061,0.064
-2.79540e-01,-0.061,0.062
-2.79530e-01,-0.061,0.064
-2.79520e-01,-0.065,0.064
-2.79510e-01,-0.055,0.058
-2.79500e-01,-0.055,0.06
-2.79490e-01,-0.061,0.062
-2.79480e-01,-0.061,0.064
-2.79470e-01,-0.063,0.064
-2.79460e-01,-0.065,0.06
-2.79450e-01,-0.061,0.062
-2.79440e-01,-0.063,0.062
-2.79430e-01,-0.061,0.062
-2.79420e-01,-0.059,0.064
-2.79410e-01,-0.059,0.06
-2.79400e-01,-0.061,0.064
-2.79390e-01,-0.061,0.066
-2.79380e-01,-0.061,0.064
-2.79370e-01,-0.061,0.064
-2.79360e-01,-0.063,0.062
-2.79350e-01,-0.061,0.06
-2.79340e-01,-0.061,0.064
-2.79330e-01,-0.051,0.058
-2.79320e-01,-0.061,0.066
-2.79310e-01,-0.063,0.066
-2.79300e-01,-0.059,0.064
-2.79290e-01,-0.061,0.062
-2.79280e-01,-0.061,0.062
-2.79270e-01,-0.057,0.06
-2.79260e-01,-0.059,0.066
-2.79250e-01,-0.059,0.064
-2.79240e-01,-0.059,0.064
-2.79230e-01,-0.059,0.064
-2.79220e-01,-0.063,0.064
-2.79210e-01,-0.057,0.064
-2.79200e-01,-0.063,0.064
-2.79190e-01,-0.061,0.064
-2.79180e-01,-0.059,0.066
-2.79170e-01,-0.059,0.064
-2.79160e-01,-0.065,0.066
-2.79150e-01,-0.061,0.062
-2.79140e-01,-0.059,0.06
-2.79130e-01,-0.057,0.064
-2.79120e-01,-0.063,0.064
-2.79110e-01,-0.063,0.062
-2.79100e-01,-0.063,0.064
-2.79090e-01,-0.055,0.064
-2.79080e-01,-0.063,0.064
-2.79070e-01,-0.057,0.064
-2.79060e-01,-0.059,0.06
-2.79050e-01,-0.059,0.062
-2.79040e-01,-0.061,0.062
-2.79030e-01,-0.059,0.064
-2.79020e-01,-0.061,0.064
-2.79010e-01,-0.063,0.062
-2.79000e-01,-0.061,0.064
-2.78990e-01,-0.063,0.064
-2.78980e-01,-0.057,0.062
-2.78970e-01,-0.063,0.064
-2.78960e-01,-0.059,0.062
-2.78950e-01,-0.059,0.062
-2.78940e-01,-0.061,0.064
-2.78930e-01,-0.043,0.048
-2.78920e-01,-0.055,0.06
-2.78910e-01,-0.051,0.052
-2.78900e-01,-0.047,0.05
-2.78890e-01,-0.057,0.058
-2.78880e-01,-0.063,0.062
-2.78870e-01,-0.063,0.062
-2.78860e-01,-0.061,0.062
-2.78850e-01,-0.051,0.058
-2.78840e-01,-0.057,0.06
-2.78830e-01,-0.061,0.064
-2.78820e-01,-0.057,0.06
-2.78810e-01,-0.053,0.056
-2.78800e-01,-0.059,0.064
-2.78790e-01,-0.063,0.066
-2.78780e-01,-0.059,0.062
-2.78770e-01,-0.059,0.062
-2.78760e-01,-0.065,0.062
-2.78750e-01,-0.061,0.066
-2.78740e-01,-0.057,0.064
-2.78730e-01,-0.061,0.062
-2.78720e-01,-0.059,0.06
-2.78710e-01,-0.061,0.062
-2.78700e-01,-0.061,0.064
-2.78690e-01,-0.057,0.064
-2.78680e-01,-0.057,0.06
-2.78670e-01,-0.063,0.06
-2.78660e-01,-0.057,0.064
-2.78650e-01,-0.063,0.064
-2.78640e-01,-0.061,0.062
-2.78630e-01,-0.067,0.064
-2.78620e-01,-0.061,0.066
-2.78610e-01,-0.057,0.06
-2.78600e-01,-0.063,0.064
-2.78590e-01,-0.059,0.062
-2.78580e-01,-0.063,0.064
-2.78570e-01,-0.061,0.064
-2.78560e-01,-0.063,0.062
-2.78550e-01,-0.061,0.064
-2.78540e-01,-0.063,0.066
-2.78530e-01,-0.063,0.066
-2.78520e-01,-0.059,0.062
-2.78510e-01,-0.059,0.062
-2.78500e-01,-0.053,0.06
-2.78490e-01,-0.059,0.062
-2.78480e-01,-0.065,0.064
-2.78470e-01,-0.061,0.062
-2.78460e-01,-0.059,0.062
-2.78450e-01,-0.063,0.062
-2.78440e-01,-0.061,0.062
-2.78430e-01,-0.059,0.068
-2.78420e-01,-0.061,0.064
-2.78410e-01,-0.059,0.066
-2.78400e-01,-0.051,0.058
-2.78390e-01,-0.053,0.056
-2.78380e-01,-0.053,0.056
-2.78370e-01,-0.061,0.06
-2.78360e-01,-0.059,0.064
-2.78350e-01,-0.065,0.064
-2.78340e-01,-0.061,0.06
-2.78330e-01,-0.051,0.058
-2.78320e-01,-0.057,0.064
-2.78310e-01,-0.057,0.062
-2.78300e-01,-0.061,0.064
-2.78290e-01,-0.061,0.062
-2.78280e-01,-0.061,0.062
-2.78270e-01,-0.061,0.06
-2.78260e-01,-0.061,0.062
-2.78250e-01,-0.059,0.06
-2.78240e-01,-0.065,0.064
-2.78230e-01,-0.061,0.066
-2.78220e-01,-0.059,0.064
-2.78210e-01,-0.063,0.064
-2.78200e-01,-0.061,0.064
-2.78190e-01,-0.059,0.062
-2.78180e-01,-0.057,0.06
-2.78170e-01,-0.061,0.064
-2.78160e-01,-0.055,0.06
-2.78150e-01,-0.063,0.064
-2.78140e-01,-0.061,0.064
-2.78130e-01,-0.061,0.066
-2.78120e-01,-0.059,0.06
-2.78110e-01,-0.061,0.062
-2.78100e-01,-0.061,0.06
-2.78090e-01,-0.057,0.062
-2.78080e-01,-0.061,0.062
-2.78070e-01,-0.061,0.064
-2.78060e-01,-0.061,0.064
-2.78050e-01,-0.061,0.062
-2.78040e-01,-0.063,0.066
-2.78030e-01,-0.061,0.062
-2.78020e-01,-0.063,0.062
-2.78010e-01,-0.059,0.064
-2.78000e-01,-0.063,0.062
-2.77990e-01,-0.061,0.064
-2.77980e-01,-0.059,0.06
-2.77970e-01,-0.061,0.062
-2.77960e-01,-0.053,0.058
-2.77950e-01,-0.059,0.062
-2.77940e-01,-0.059,0.066
-2.77930e-01,-0.063,0.06
-2.77920e-01,-0.065,0.064
-2.77910e-01,-0.063,0.064
-2.77900e-01,-0.063,0.066
-2.77890e-01,-0.063,0.064
-2.77880e-01,-0.063,0.062
-2.77870e-01,-0.055,0.06
-2.77860e-01,-0.063,0.064
-2.77850e-01,-0.059,0.064
-2.77840e-01,-0.065,0.06
-2.77830e-01,-0.059,0.064
-2.77820e-01,-0.063,0.064
-2.77810e-01,-0.055,0.06
-2.77800e-01,-0.061,0.062
-2.77790e-01,-0.057,0.062
-2.77780e-01,-0.063,0.064
-2.77770e-01,-0.061,0.064
-2.77760e-01,-0.065,0.064
-2.77750e-01,-0.061,0.062
-2.77740e-01,-0.055,0.058
-2.77730e-01,-0.055,0.062
-2.77720e-01,-0.065,0.066
-2.77710e-01,-0.059,0.066
-2.77700e-01,-0.061,0.062
-2.77690e-01,-0.063,0.064
-2.77680e-01,-0.061,0.064
-2.77670e-01,-0.061,0.062
-2.77660e-01,-0.059,0.064
-2.77650e-01,-0.063,0.064
-2.77640e-01,-0.059,0.064
-2.77630e-01,-0.055,0.058
-2.77620e-01,-0.063,0.064
-2.77610e-01,-0.053,0.06
-2.77600e-01,-0.063,0.064
-2.77590e-01,-0.063,0.062
-2.77580e-01,-0.063,0.062
-2.77570e-01,-0.061,0.064
-2.77560e-01,-0.057,0.06
-2.77550e-01,-0.059,0.066
-2.77540e-01,-0.045,0.05
-2.77530e-01,-0.055,0.056
-2.77520e-01,-0.047,0.054
-2.77510e-01,-0.061,0.064
-2.77500e-01,-0.061,0.066
-2.77490e-01,-0.061,0.064
-2.77480e-01,-0.061,0.066
-2.77470e-01,-0.061,0.066
-2.77460e-01,-0.061,0.064
-2.77450e-01,-0.063,0.066
-2.77440e-01,-0.061,0.06
-2.77430e-01,-0.063,0.06
-2.77420e-01,-0.057,0.066
-2.77410e-01,-0.057,0.064
-2.77400e-01,-0.063,0.064
-2.77390e-01,-0.057,0.06
-2.77380e-01,-0.059,0.066
-2.77370e-01,-0.059,0.064
-2.77360e-01,-0.061,0.062
-2.77350e-01,-0.061,0.068
-2.77340e-01,-0.063,0.064
-2.77330e-01,-0.063,0.066
-2.77320e-01,-0.059,0.06
-2.77310e-01,-0.061,0.068
-2.77300e-01,-0.063,0.06
-2.77290e-01,-0.065,0.066
-2.77280e-01,-0.057,0.064
-2.77270e-01,-0.061,0.064
-2.77260e-01,-0.059,0.06
-2.77250e-01,-0.059,0.06
-2.77240e-01,-0.059,0.062
-2.77230e-01,-0.063,0.06
-2.77220e-01,-0.061,0.068
-2.77210e-01,-0.059,0.064
-2.77200e-01,-0.059,0.062
-2.77190e-01,-0.063,0.064
-2.77180e-01,-0.059,0.064
-2.77170e-01,-0.065,0.06
-2.77160e-01,-0.063,0.062
-2.77150e-01,-0.059,0.06
-2.77140e-01,-0.059,0.064
-2.77130e-01,-0.061,0.064
-2.77120e-01,-0.063,0.064
-2.77110e-01,-0.059,0.068
-2.77100e-01,-0.063,0.062
-2.77090e-01,-0.059,0.064
-2.77080e-01,-0.065,0.064
-2.77070e-01,-0.063,0.064
-2.77060e-01,-0.061,0.062
-2.77050e-01,-0.059,0.064
-2.77040e-01,-0.059,0.06
-2.77030e-01,-0.063,0.062
-2.77020e-01,-0.063,0.068
-2.77010e-01,-0.057,0.062
-2.77000e-01,-0.061,0.064
-2.76990e-01,-0.061,0.066
-2.76980e-01,-0.061,0.066
-2.76970e-01,-0.061,0.062
-2.76960e-01,-0.063,0.062
-2.76950e-01,-0.061,0.062
-2.76940e-01,-0.059,0.064
-2.76930e-01,-0.057,0.064
-2.76920e-01,-0.065,0.066
-2.76910e-01,-0.065,0.062
-2.76900e-01,-0.061,0.062
-2.76890e-01,-0.059,0.062
-2.76880e-01,-0.063,0.068
-2.76870e-01,-0.057,0.064
-2.76860e-01,-0.063,0.068
-2.76850e-01,-0.061,0.066
-2.76840e-01,-0.055,0.058
-2.76830e-01,-0.057,0.062
-2.76820e-01,-0.061,0.06
-2.76810e-01,-0.059,0.06
-2.76800e-01,-0.057,0.06
-2.76790e-01,-0.063,0.062
-2.76780e-01,-0.061,0.066
-2.76770e-01,-0.065,0.064
-2.76760e-01,-0.059,0.062
-2.76750e-01,-0.059,0.064
-2.76740e-01,-0.055,0.06
-2.76730e-01,-0.059,0.064
-2.76720e-01,-0.061,0.064
-2.76710e-01,-0.061,0.062
-2.76700e-01,-0.063,0.064
-2.76690e-01,-0.057,0.06
-2.76680e-01,-0.059,0.062
-2.76670e-01,-0.061,0.064
-2.76660e-01,-0.059,0.064
-2.76650e-01,-0.063,0.064
-2.76640e-01,-0.061,0.064
-2.76630e-01,-0.059,0.062
-2.76620e-01,-0.061,0.06
-2.76610e-01,-0.063,0.062
-2.76600e-01,-0.053,0.052
-2.76590e-01,-0.059,0.062
-2.76580e-01,-0.057,0.062
-2.76570e-01,-0.063,0.064
-2.76560e-01,-0.059,0.06
-2.76550e-01,-0.059,0.062
-2.76540e-01,-0.063,0.062
-2.76530e-01,-0.061,0.06
-2.76520e-01,-0.059,0.066
-2.76510e-01,-0.045,0.05
-2.76500e-01,-0.061,0.062
-2.76490e-01,-0.061,0.062
-2.76480e-01,-0.063,0.064
-2.76470e-01,-0.061,0.066
-2.76460e-01,-0.061,0.066
-2.76450e-01,-0.061,0.064
-2.76440e-01,-0.057,0.06
-2.76430e-01,-0.061,0.068
-2.76420e-01,-0.059,0.064
-2.76410e-01,-0.063,0.062
-2.76400e-01,-0.065,0.064
-2.76390e-01,-0.059,0.066
-2.76380e-01,-0.061,0.066
-2.76370e-01,-0.059,0.06
-2.76360e-01,-0.063,0.062
-2.76350e-01,-0.057,0.06
-2.76340e-01,-0.057,0.062
-2.76330e-01,-0.059,0.068
-2.76320e-01,-0.053,0.064
-2.76310e-01,-0.059,0.066
-2.76300e-01,-0.057,0.06
-2.76290e-01,-0.063,0.064
-2.76280e-01,-0.061,0.06
-2.76270e-01,-0.065,0.064
-2.76260e-01,-0.057,0.062
-2.76250e-01,-0.063,0.066
-2.76240e-01,-0.057,0.062
-2.76230e-01,-0.057,0.06
-2.76220e-01,-0.063,0.06
-2.76210e-01,-0.053,0.06
-2.76200e-01,-0.055,0.056
-2.76190e-01,-0.059,0.066
-2.76180e-01,-0.061,0.062
-2.76170e-01,-0.063,0.062
-2.76160e-01,-0.061,0.066
-2.76150e-01,-0.065,0.064
-2.76140e-01,-0.059,0.062
-2.76130e-01,-0.063,0.06
-2.76120e-01,-0.049,0.056
-2.76110e-01,-0.061,0.064
-2.76100e-01,-0.063,0.06
-2.76090e-01,-0.055,0.062
-2.76080e-01,-0.061,0.064
-2.76070e-01,-0.059,0.064
-2.76060e-01,-0.051,0.058
-2.76050e-01,-0.061,0.064
-2.76040e-01,-0.055,0.058
-2.76030e-01,-0.061,0.062
-2.76020e-01,-0.061,0.066
-2.76010e-01,-0.051,0.054
-2.76000e-01,-0.055,0.06
-2.75990e-01,-0.063,0.064
-2.75980e-01,-0.061,0.064
-2.75970e-01,-0.059,0.062
-2.75960e-01,-0.055,0.06
-2.75950e-01,-0.045,0.05
-2.75940e-01,-0.063,0.064
-2.75930e-01,-0.059,0.062
-2.75920e-01,-0.061,0.064
-2.75910e-01,-0.059,0.062
-2.75900e-01,-0.061,0.062
-2.75890e-01,-0.057,0.06
-2.75880e-01,-0.063,0.064
-2.75870e-01,-0.059,0.064
-2.75860e-01,-0.061,0.064
-2.75850e-01,-0.065,0.064
-2.75840e-01,-0.059,0.064
-2.75830e-01,-0.051,0.056
-2.75820e-01,-0.059,0.06
-2.75810e-01,-0.063,0.064
-2.75800e-01,-0.059,0.06
-2.75790e-01,-0.061,0.062
-2.75780e-01,-0.061,0.062
-2.75770e-01,-0.061,0.062
-2.75760e-01,-0.061,0.062
-2.75750e-01,-0.057,0.068
-2.75740e-01,-0.055,0.064
-2.75730e-01,-0.059,0.06
-2.75720e-01,-0.059,0.064
-2.75710e-01,-0.055,0.058
-2.75700e-01,-0.061,0.064
-2.75690e-01,-0.063,0.064
-2.75680e-01,-0.063,0.064
-2.75670e-01,-0.057,0.064
-2.75660e-01,-0.049,0.052
-2.75650e-01,-0.059,0.062
-2.75640e-01,-0.059,0.062
-2.75630e-01,-0.061,0.064
-2.75620e-01,-0.055,0.06
-2.75610e-01,-0.057,0.06
-2.75600e-01,-0.051,0.056
-2.75590e-01,-0.061,0.064
-2.75580e-01,-0.061,0.06
-2.75570e-01,-0.055,0.06
-2.75560e-01,-0.051,0.056
-2.75550e-01,-0.059,0.062
-2.75540e-01,-0.057,0.056
-2.75530e-01,-0.063,0.062
-2.75520e-01,-0.061,0.066
-2.75510e-01,-0.063,0.064
-2.75500e-01,-0.061,0.064
-2.75490e-01,-0.059,0.062
-2.75480e-01,-0.057,0.062
-2.75470e-01,-0.063,0.06
-2.75460e-01,-0.063,0.064
-2.75450e-01,-0.061,0.062
-2.75440e-01,-0.063,0.062
-2.75430e-01,-0.059,0.062
-2.75420e-01,-0.061,0.062
-2.75410e-01,-0.057,0.06
-2.75400e-01,-0.059,0.066
-2.75390e-01,-0.055,0.056
-2.75380e-01,-0.059,0.064
-2.75370e-01,-0.043,0.054
-2.75360e-01,-0.061,0.06
-2.75350e-01,-0.053,0.054
-2.75340e-01,-0.049,0.048
-2.75330e-01,-0.053,0.054
-2.75320e-01,-0.057,0.06
-2.75310e-01,-0.063,0.062
-2.75300e-01,-0.063,0.064
-2.75290e-01,-0.059,0.06
-2.75280e-01,-0.059,0.06
-2.75270e-01,-0.059,0.066
-2.75260e-01,-0.059,0.066
-2.75250e-01,-0.059,0.062
-2.75240e-01,-0.061,0.064
-2.75230e-01,-0.063,0.064
-2.75220e-01,-0.049,0.06
-2.75210e-01,-0.061,0.064
-2.75200e-01,-0.063,0.062
-2.75190e-01,-0.061,0.062
-2.75180e-01,-0.063,0.066
-2.75170e-01,-0.065,0.064
-2.75160e-01,-0.055,0.062
-2.75150e-01,-0.063,0.062
-2.75140e-01,-0.059,0.062
-2.75130e-01,-0.061,0.064
-2.75120e-01,-0.057,0.062
-2.75110e-01,-0.057,0.06
-2.75100e-01,-0.061,0.064
-2.75090e-01,-0.059,0.06
-2.75080e-01,-0.057,0.062
-2.75070e-01,-0.063,0.062
-2.75060e-01,-0.061,0.06
-2.75050e-01,-0.055,0.06
-2.75040e-01,-0.063,0.064
-2.75030e-01,-0.063,0.064
-2.75020e-01,-0.063,0.062
-2.75010e-01,-0.055,0.06
-2.75000e-01,-0.061,0.064
-2.74990e-01,-0.063,0.06
-2.74980e-01,-0.059,0.062
-2.74970e-01,-0.059,0.062
-2.74960e-01,-0.057,0.064
-2.74950e-01,-0.061,0.066
-2.74940e-01,-0.047,0.048
-2.74930e-01,-0.061,0.062
-2.74920e-01,-0.053,0.06
-2.74910e-01,-0.053,0.06
-2.74900e-01,-0.059,0.06
-2.74890e-01,-0.059,0.064
-2.74880e-01,-0.061,0.062
-2.74870e-01,-0.057,0.06
-2.74860e-01,-0.061,0.064
-2.74850e-01,-0.063,0.066
-2.74840e-01,-0.061,0.066
-2.74830e-01,-0.057,0.062
-2.74820e-01,-0.061,0.064
-2.74810e-01,-0.061,0.064
-2.74800e-01,-0.065,0.064
-2.74790e-01,-0.063,0.07
-2.74780e-01,-0.057,0.062
-2.74770e-01,-0.061,0.062
-2.74760e-01,-0.059,0.06
-2.74750e-01,-0.061,0.064
-2.74740e-01,-0.063,0.064
-2.74730e-01,-0.059,0.06
-2.74720e-01,-0.067,0.06
-2.74710e-01,-0.063,0.062
-2.74700e-01,-0.057,0.06
-2.74690e-01,-0.061,0.064
-2.74680e-01,-0.059,0.064
-2.74670e-01,-0.065,0.064
-2.74660e-01,-0.057,0.064
-2.74650e-01,-0.061,0.064
-2.74640e-01,-0.059,0.064
-2.74630e-01,-0.065,0.064
-2.74620e-01,-0.061,0.064
-2.74610e-01,-0.059,0.06
-2.74600e-01,-0.061,0.062
-2.74590e-01,-0.061,0.062
-2.74580e-01,-0.061,0.062
-2.74570e-01,-0.061,0.062
-2.74560e-01,-0.055,0.058
-2.74550e-01,-0.049,0.054
-2.74540e-01,-0.045,0.046
-2.74530e-01,-0.053,0.054
-2.74520e-01,-0.051,0.052
-2.74510e-01,-0.057,0.058
-2.74500e-01,-0.045,0.048
-2.74490e-01,-0.055,0.06
-2.74480e-01,-0.041,0.044
-2.74470e-01,-0.057,0.06
-2.74460e-01,-0.051,0.056
-2.74450e-01,-0.059,0.062
-2.74440e-01,-0.059,0.06
-2.74430e-01,-0.059,0.062
-2.74420e-01,-0.061,0.064
-2.74410e-01,-0.061,0.062
-2.74400e-01,-0.061,0.06
-2.74390e-01,-0.063,0.062
-2.74380e-01,-0.051,0.054
-2.74370e-01,-0.053,0.06
-2.74360e-01,-0.043,0.05
-2.74350e-01,-0.053,0.06
-2.74340e-01,-0.051,0.056
-2.74330e-01,-0.061,0.062
-2.74320e-01,-0.057,0.062
-2.74310e-01,-0.063,0.064
-2.74300e-01,-0.063,0.068
-2.74290e-01,-0.063,0.064
-2.74280e-01,-0.061,0.066
-2.74270e-01,-0.065,0.064
-2.74260e-01,-0.061,0.064
-2.74250e-01,-0.059,0.066
-2.74240e-01,-0.059,0.064
-2.74230e-01,-0.061,0.066
-2.74220e-01,-0.059,0.06
-2.74210e-01,-0.059,0.064
-2.74200e-01,-0.061,0.064
-2.74190e-01,-0.061,0.064
-2.74180e-01,-0.063,0.068
-2.74170e-01,-0.061,0.06
-2.74160e-01,-0.061,0.066
-2.74150e-01,-0.063,0.062
-2.74140e-01,-0.061,0.06
-2.74130e-01,-0.061,0.062
-2.74120e-01,-0.061,0.066
-2.74110e-01,-0.061,0.062
-2.74100e-01,-0.061,0.06
-2.74090e-01,-0.063,0.06
-2.74080e-01,-0.063,0.062
-2.74070e-01,-0.061,0.062
-2.74060e-01,-0.063,0.064
-2.74050e-01,-0.059,0.062
-2.74040e-01,-0.059,0.066
-2.74030e-01,-0.061,0.062
-2.74020e-01,-0.063,0.066
-2.74010e-01,-0.061,0.064
-2.74000e-01,-0.059,0.062
-2.73990e-01,-0.061,0.064
-2.73980e-01,-0.061,0.062
-2.73970e-01,-0.053,0.06
-2.73960e-01,-0.053,0.056
-2.73950e-01,-0.053,0.056
-2.73940e-01,-0.045,0.048
-2.73930e-01,-0.055,0.058
-2.73920e-01,-0.055,0.056
-2.73910e-01,-0.055,0.06
-2.73900e-01,-0.055,0.056
-2.73890e-01,-0.061,0.062
-2.73880e-01,-0.061,0.062
-2.73870e-01,-0.061,0.066
-2.73860e-01,-0.061,0.064
-2.73850e-01,-0.063,0.064
-2.73840e-01,-0.063,0.06
-2.73830e-01,-0.061,0.064
-2.73820e-01,-0.059,0.06
-2.73810e-01,-0.061,0.062
-2.73800e-01,-0.061,0.064
-2.73790e-01,-0.065,0.064
-2.73780e-01,-0.053,0.056
-2.73770e-01,-0.063,0.064
-2.73760e-01,-0.045,0.05
-2.73750e-01,-0.061,0.066
-2.73740e-01,-0.065,0.064
-2.73730e-01,-0.055,0.058
-2.73720e-01,-0.063,0.064
-2.73710e-01,-0.057,0.06
-2.73700e-01,-0.059,0.062
-2.73690e-01,-0.061,0.064
-2.73680e-01,-0.065,0.062
-2.73670e-01,-0.061,0.062
-2.73660e-01,-0.061,0.064
-2.73650e-01,-0.063,0.064
-2.73640e-01,-0.061,0.062
-2.73630e-01,-0.063,0.062
-2.73620e-01,-0.053,0.058
-2.73610e-01,-0.055,0.062
-2.73600e-01,-0.063,0.066
-2.73590e-01,-0.053,0.058
-2.73580e-01,-0.061,0.062
-2.73570e-01,-0.057,0.06
-2.73560e-01,-0.053,0.058
-2.73550e-01,-0.063,0.06
-2.73540e-01,-0.063,0.062
-2.73530e-01,-0.065,0.066
-2.73520e-01,-0.061,0.062
-2.73510e-01,-0.061,0.062
-2.73500e-01,-0.061,0.06
-2.73490e-01,-0.047,0.054
-2.73480e-01,-0.059,0.064
-2.73470e-01,-0.063,0.064
-2.73460e-01,-0.059,0.068
-2.73450e-01,-0.059,0.06
-2.73440e-01,-0.059,0.066
-2.73430e-01,-0.059,0.064
-2.73420e-01,-0.061,0.064
-2.73410e-01,-0.063,0.064
-2.73400e-01,-0.059,0.064
-2.73390e-01,-0.063,0.062
-2.73380e-01,-0.057,0.062
-2.73370e-01,-0.061,0.062
-2.73360e-01,-0.059,0.062
-2.73350e-01,-0.061,0.064
-2.73340e-01,-0.059,0.062
-2.73330e-01,-0.061,0.062
-2.73320e-01,-0.061,0.06
-2.73310e-01,-0.061,0.064
-2.73300e-01,-0.063,0.066
-2.73290e-01,-0.063,0.062
-2.73280e-01,-0.063,0.064
-2.73270e-01,-0.059,0.066
-2.73260e-01,-0.063,0.062
-2.73250e-01,-0.061,0.062
-2.73240e-01,-0.059,0.06
-2.73230e-01,-0.055,0.06
-2.73220e-01,-0.053,0.058
-2.73210e-01,-0.063,0.062
-2.73200e-01,-0.059,0.06
-2.73190e-01,-0.057,0.062
-2.73180e-01,-0.059,0.062
-2.73170e-01,-0.055,0.058
-2.73160e-01,-0.053,0.06
-2.73150e-01,-0.049,0.054
-2.73140e-01,-0.059,0.066
-2.73130e-01,-0.059,0.06
-2.73120e-01,-0.063,0.062
-2.73110e-01,-0.061,0.062
-2.73100e-01,-0.061,0.064
-2.73090e-01,-0.063,0.062
-2.73080e-01,-0.061,0.064
-2.73070e-01,-0.061,0.064
-2.73060e-01,-0.059,0.062
-2.73050e-01,-0.051,0.056
-2.73040e-01,-0.059,0.062
-2.73030e-01,-0.057,0.06
-2.73020e-01,-0.057,0.064
-2.73010e-01,-0.065,0.064
-2.73000e-01,-0.061,0.064
-2.72990e-01,-0.061,0.066
-2.72980e-01,-0.057,0.06
-2.72970e-01,-0.059,0.06
-2.72960e-01,-0.059,0.062
-2.72950e-01,-0.059,0.064
-2.72940e-01,-0.055,0.06
-2.72930e-01,-0.061,0.068
-2.72920e-01,-0.061,0.06
-2.72910e-01,-0.057,0.062
-2.72900e-01,-0.059,0.06
-2.72890e-01,-0.059,0.06
-2.72880e-01,-0.057,0.06
-2.72870e-01,-0.063,0.064
-2.72860e-01,-0.061,0.062
-2.72850e-01,-0.059,0.062
-2.72840e-01,-0.055,0.06
-2.72830e-01,-0.061,0.066
-2.72820e-01,-0.063,0.064
-2.72810e-01,-0.061,0.062
-2.72800e-01,-0.057,0.066
-2.72790e-01,-0.059,0.06
-2.72780e-01,-0.063,0.062
-2.72770e-01,-0.059,0.062
-2.72760e-01,-0.051,0.058
-2.72750e-01,-0.057,0.06
-2.72740e-01,-0.065,0.064
-2.72730e-01,-0.063,0.068
-2.72720e-01,-0.059,0.064
-2.72710e-01,-0.059,0.064
-2.72700e-01,-0.063,0.064
-2.72690e-01,-0.061,0.06
-2.72680e-01,-0.061,0.062
-2.72670e-01,-0.059,0.064
-2.72660e-01,-0.057,0.062
-2.72650e-01,-0.061,0.06
-2.72640e-01,-0.059,0.06
-2.72630e-01,-0.055,0.062
-2.72620e-01,-0.053,0.056
-2.72610e-01,-0.057,0.062
-2.72600e-01,-0.059,0.062
-2.72590e-01,-0.061,0.064
-2.72580e-01,-0.059,0.064
-2.72570e-01,-0.061,0.062
-2.72560e-01,-0.061,0.062
-2.72550e-01,-0.059,0.064
-2.72540e-01,-0.057,0.064
-2.72530e-01,-0.057,0.062
-2.72520e-01,-0.057,0.06
-2.72510e-01,-0.063,0.064
-2.72500e-01,-0.061,0.062
-2.72490e-01,-0.061,0.066
-2.72480e-01,-0.063,0.064
-2.72470e-01,-0.063,0.062
-2.72460e-01,-0.063,0.064
-2.72450e-01,-0.061,0.064
-2.72440e-01,-0.061,0.064
-2.72430e-01,-0.063,0.064
-2.72420e-01,-0.055,0.06
-2.72410e-01,-0.055,0.058
-2.72400e-01,-0.055,0.06
-2.72390e-01,-0.063,0.064
-2.72380e-01,-0.065,0.066
-2.72370e-01,-0.063,0.064
-2.72360e-01,-0.061,0.064
-2.72350e-01,-0.067,0.064
-2.72340e-01,-0.055,0.06
-2.72330e-01,-0.053,0.06
-2.72320e-01,-0.059,0.06
-2.72310e-01,-0.059,0.06
-2.72300e-01,-0.055,0.06
-2.72290e-01,-0.053,0.06
-2.72280e-01,-0.049,0.054
-2.72270e-01,-0.053,0.06
-2.72260e-01,-0.053,0.06
-2.72250e-01,-0.059,0.06
-2.72240e-01,-0.051,0.056
-2.72230e-01,-0.061,0.06
-2.72220e-01,-0.057,0.06
-2.72210e-01,-0.059,0.06
-2.72200e-01,-0.061,0.062
-2.72190e-01,-0.063,0.064
-2.72180e-01,-0.059,0.062
-2.72170e-01,-0.061,0.064
-2.72160e-01,-0.059,0.06
-2.72150e-01,-0.063,0.064
-2.72140e-01,-0.063,0.064
-2.72130e-01,-0.059,0.068
-2.72120e-01,-0.061,0.064
-2.72110e-01,-0.061,0.066
-2.72100e-01,-0.061,0.066
-2.72090e-01,-0.061,0.064
-2.72080e-01,-0.063,0.062
-2.72070e-01,-0.057,0.06
-2.72060e-01,-0.055,0.054
-2.72050e-01,-0.059,0.06
-2.72040e-01,-0.063,0.064
-2.72030e-01,-0.057,0.062
-2.72020e-01,-0.057,0.06
-2.72010e-01,-0.059,0.064
-2.72000e-01,-0.057,0.06
-2.71990e-01,-0.063,0.062
-2.71980e-01,-0.057,0.062
-2.71970e-01,-0.063,0.066
-2.71960e-01,-0.061,0.064
-2.71950e-01,-0.053,0.054
-2.71940e-01,-0.059,0.062
-2.71930e-01,-0.055,0.058
-2.71920e-01,-0.063,0.064
-2.71910e-01,-0.059,0.062
-2.71900e-01,-0.057,0.062
-2.71890e-01,-0.055,0.06
-2.71880e-01,-0.057,0.064
-2.71870e-01,-0.057,0.066
-2.71860e-01,-0.059,0.062
-2.71850e-01,-0.063,0.064
-2.71840e-01,-0.049,0.054
-2.71830e-01,-0.061,0.064
-2.71820e-01,-0.055,0.056
-2.71810e-01,-0.055,0.06
-2.71800e-01,-0.051,0.06
-2.71790e-01,-0.055,0.056
-2.71780e-01,-0.041,0.046
-2.71770e-01,-0.055,0.06
-2.71760e-01,-0.053,0.056
-2.71750e-01,-0.057,0.062
-2.71740e-01,-0.059,0.06
-2.71730e-01,-0.061,0.062
-2.71720e-01,-0.059,0.064
-2.71710e-01,-0.055,0.062
-2.71700e-01,-0.053,0.056
-2.71690e-01,-0.059,0.064
-2.71680e-01,-0.059,0.062
-2.71670e-01,-0.063,0.062
-2.71660e-01,-0.055,0.054
-2.71650e-01,-0.061,0.064
-2.71640e-01,-0.059,0.06
-2.71630e-01,-0.061,0.066
-2.71620e-01,-0.057,0.064
-2.71610e-01,-0.061,0.062
-2.71600e-01,-0.061,0.064
-2.71590e-01,-0.059,0.062
-2.71580e-01,-0.057,0.062
-2.71570e-01,-0.061,0.062
-2.71560e-01,-0.057,0.06
-2.71550e-01,-0.059,0.062
-2.71540e-01,-0.063,0.064
-2.71530e-01,-0.055,0.06
-2.71520e-01,-0.059,0.06
-2.71510e-01,-0.061,0.06
-2.71500e-01,-0.065,0.066
-2.71490e-01,-0.061,0.062
-2.71480e-01,-0.061,0.064
-2.71470e-01,-0.059,0.064
-2.71460e-01,-0.053,0.058
-2.71450e-01,-0.063,0.066
-2.71440e-01,-0.061,0.064
-2.71430e-01,-0.061,0.062
-2.71420e-01,-0.063,0.062
-2.71410e-01,-0.057,0.058
-2.71400e-01,-0.055,0.056
-2.71390e-01,-0.059,0.06
-2.71380e-01,-0.063,0.064
-2.71370e-01,-0.049,0.052
-2.71360e-01,-0.059,0.06
-2.71350e-01,-0.059,0.062
-2.71340e-01,-0.059,0.062
-2.71330e-01,-0.061,0.066
-2.71320e-01,-0.055,0.06
-2.71310e-01,-0.063,0.06
-2.71300e-01,-0.065,0.064
-2.71290e-01,-0.059,0.064
-2.71280e-01,-0.055,0.06
-2.71270e-01,-0.061,0.064
-2.71260e-01,-0.051,0.06
-2.71250e-01,-0.065,0.064
-2.71240e-01,-0.065,0.064
-2.71230e-01,-0.065,0.068
-2.71220e-01,-0.053,0.056
-2.71210e-01,-0.063,0.068
-2.71200e-01,-0.061,0.062
-2.71190e-01,-0.051,0.054
-2.71180e-01,-0.061,0.062
-2.71170e-01,-0.055,0.06
-2.71160e-01,-0.065,0.066
-2.71150e-01,-0.061,0.062
-2.71140e-01,-0.063,0.064
-2.71130e-01,-0.061,0.06
-2.71120e-01,-0.059,0.064
-2.71110e-01,-0.063,0.064
-2.71100e-01,-0.061,0.062
-2.71090e-01,-0.059,0.064
-2.71080e-01,-0.063,0.062
-2.71070e-01,-0.055,0.06
-2.71060e-01,-0.059,0.062
-2.71050e-01,-0.051,0.054
-2.71040e-01,-0.061,0.064
-2.71030e-01,-0.061,0.064
-2.71020e-01,-0.061,0.06
-2.71010e-01,-0.059,0.062
-2.71000e-01,-0.057,0.062
-2.70990e-01,-0.059,0.062
-2.70980e-01,-0.063,0.064
-2.70970e-01,-0.061,0.062
-2.70960e-01,-0.061,0.062
-2.70950e-01,-0.057,0.064
-2.70940e-01,-0.053,0.056
-2.70930e-01,-0.057,0.06
-2.70920e-01,-0.047,0.052
-2.70910e-01,-0.053,0.056
-2.70900e-01,-0.059,0.06
-2.70890e-01,-0.063,0.064
-2.70880e-01,-0.059,0.064
-2.70870e-01,-0.055,0.06
-2.70860e-01,-0.061,0.064
-2.70850e-01,-0.063,0.064
-2.70840e-01,-0.063,0.064
-2.70830e-01,-0.059,0.06
-2.70820e-01,-0.061,0.064
-2.70810e-01,-0.061,0.064
-2.70800e-01,-0.061,0.06
-2.70790e-01,-0.059,0.062
-2.70780e-01,-0.061,0.06
-2.70770e-01,-0.061,0.064
-2.70760e-01,-0.061,0.06
-2.70750e-01,-0.059,0.064
-2.70740e-01,-0.059,0.064
-2.70730e-01,-0.057,0.064
-2.70720e-01,-0.059,0.064
-2.70710e-01,-0.061,0.068
-2.70700e-01,-0.053,0.058
-2.70690e-01,-0.061,0.062
-2.70680e-01,-0.055,0.06
-2.70670e-01,-0.059,0.062
-2.70660e-01,-0.055,0.056
-2.70650e-01,-0.051,0.052
-2.70640e-01,-0.053,0.06
-2.70630e-01,-0.049,0.054
-2.70620e-01,-0.053,0.056
-2.70610e-01,-0.059,0.062
-2.70600e-01,-0.061,0.06
-2.70590e-01,-0.063,0.066
-2.70580e-01,-0.059,0.06
-2.70570e-01,-0.065,0.066
-2.70560e-01,-0.063,0.064
-2.70550e-01,-0.055,0.06
-2.70540e-01,-0.053,0.058
-2.70530e-01,-0.053,0.054
-2.70520e-01,-0.057,0.06
-2.70510e-01,-0.055,0.058
-2.70500e-01,-0.061,0.062
-2.70490e-01,-0.059,0.062
-2.70480e-01,-0.059,0.064
-2.70470e-01,-0.063,0.064
-2.70460e-01,-0.063,0.066
-2.70450e-01,-0.061,0.066
-2.70440e-01,-0.059,0.062
-2.70430e-01,-0.061,0.062
-2.70420e-01,-0.059,0.06
-2.70410e-01,-0.061,0.062
-2.70400e-01,-0.059,0.06
-2.70390e-01,-0.061,0.062
-2.70380e-01,-0.061,0.064
-2.70370e-01,-0.063,0.062
-2.70360e-01,-0.047,0.052
-2.70350e-01,-0.057,0.06
-2.70340e-01,-0.061,0.06
-2.70330e-01,-0.063,0.06
-2.70320e-01,-0.061,0.062
-2.70310e-01,-0.059,0.062
-2.70300e-01,-0.059,0.06
-2.70290e-01,-0.059,0.06
-2.70280e-01,-0.063,0.064
-2.70270e-01,-0.061,0.064
-2.70260e-01,-0.053,0.06
-2.70250e-01,-0.059,0.06
-2.70240e-01,-0.053,0.06
-2.70230e-01,-0.059,0.062
-2.70220e-01,-0.061,0.064
-2.70210e-01,-0.063,0.066
-2.70200e-01,-0.059,0.064
-2.70190e-01,-0.061,0.064
-2.70180e-01,-0.061,0.066
-2.70170e-01,-0.053,0.054
-2.70160e-01,-0.063,0.064
-2.70150e-01,-0.057,0.066
-2.70140e-01,-0.061,0.064
-2.70130e-01,-0.061,0.064
-2.70120e-01,-0.053,0.058
-2.70110e-01,-0.049,0.052
-2.70100e-01,-0.059,0.06
-2.70090e-01,-0.063,0.062
-2.70080e-01,-0.061,0.062
-2.70070e-01,-0.061,0.064
-2.70060e-01,-0.057,0.06
-2.70050e-01,-0.055,0.06
-2.70040e-01,-0.063,0.066
-2.70030e-01,-0.063,0.064
-2.70020e-01,-0.059,0.066
-2.70010e-01,-0.055,0.056
-2.70000e-01,-0.047,0.052
-2.69990e-01,-0.051,0.056
-2.69980e-01,-0.059,0.06
-2.69970e-01,-0.061,0.06
-2.69960e-01,-0.049,0.054
-2.69950e-01,-0.061,0.062
-2.69940e-01,-0.061,0.064
-2.69930e-01,-0.051,0.058
-2.69920e-01,-0.059,0.064
-2.69910e-01,-0.063,0.062
-2.69900e-01,-0.059,0.064
-2.69890e-01,-0.059,0.062
-2.69880e-01,-0.059,0.064
-2.69870e-01,-0.045,0.056
-2.69860e-01,-0.055,0.062
-2.69850e-01,-0.059,0.064
-2.69840e-01,-0.061,0.062
-2.69830e-01,-0.063,0.062
-2.69820e-01,-0.055,0.058
-2.69810e-01,-0.063,0.062
-2.69800e-01,-0.061,0.064
-2.69790e-01,-0.061,0.062
-2.69780e-01,-0.057,0.06
-2.69770e-01,-0.061,0.062
-2.69760e-01,-0.063,0.062
-2.69750e-01,-0.061,0.066
-2.69740e-01,-0.057,0.062
-2.69730e-01,-0.053,0.062
-2.69720e-01,-0.061,0.062
-2.69710e-01,-0.055,0.06
-2.69700e-01,-0.063,0.062
-2.69690e-01,-0.053,0.056
-2.69680e-01,-0.063,0.064
-2.69670e-01,-0.059,0.062
-2.69660e-01,-0.061,0.064
-2.69650e-01,-0.057,0.06
-2.69640e-01,-0.063,0.066
-2.69630e-01,-0.057,0.06
-2.69620e-01,-0.061,0.064
-2.69610e-01,-0.061,0.062
-2.69600e-01,-0.055,0.058
-2.69590e-01,-0.063,0.062
-2.69580e-01,-0.059,0.062
-2.69570e-01,-0.057,0.064
-2.69560e-01,-0.065,0.066
-2.69550e-01,-0.061,0.064
-2.69540e-01,-0.061,0.062
-2.69530e-01,-0.059,0.064
-2.69520e-01,-0.065,0.064
-2.69510e-01,-0.061,0.064
-2.69500e-01,-0.061,0.062
-2.69490e-01,-0.061,0.064
-2.69480e-01,-0.063,0.066
-2.69470e-01,-0.063,0.064
-2.69460e-01,-0.061,0.062
-2.69450e-01,-0.061,0.064
-2.69440e-01,-0.057,0.06
-2.69430e-01,-0.061,0.062
-2.69420e-01,-0.057,0.064
-2.69410e-01,-0.057,0.062
-2.69400e-01,-0.057,0.064
-2.69390e-01,-0.059,0.062
-2.69380e-01,-0.061,0.064
-2.69370e-01,-0.053,0.058
-2.69360e-01,-0.057,0.064
-2.69350e-01,-0.061,0.064
-2.69340e-01,-0.053,0.056
-2.69330e-01,-0.063,0.064
-2.69320e-01,-0.053,0.058
-2.69310e-01,-0.061,0.064
-2.69300e-01,-0.063,0.064
-2.69290e-01,-0.057,0.064
-2.69280e-01,-0.061,0.064
-2.69270e-01,-0.053,0.06
-2.69260e-01,-0.061,0.062
-2.69250e-01,-0.053,0.058
-2.69240e-01,-0.063,0.066
-2.69230e-01,-0.057,0.066
-2.69220e-01,-0.061,0.066
-2.69210e-01,-0.063,0.064
-2.69200e-01,-0.059,0.064
-2.69190e-01,-0.057,0.06
-2.69180e-01,-0.061,0.062
-2.69170e-01,-0.059,0.064
-2.69160e-01,-0.063,0.066
-2.69150e-01,-0.061,0.062
-2.69140e-01,-0.063,0.064
-2.69130e-01,-0.061,0.064
-2.69120e-01,-0.063,0.064
-2.69110e-01,-0.061,0.066
-2.69100e-01,-0.059,0.066
-2.69090e-01,-0.061,0.062
-2.69080e-01,-0.063,0.064
-2.69070e-01,-0.059,0.062
-2.69060e-01,-0.065,0.064
-2.69050e-01,-0.059,0.06
-2.69040e-01,-0.061,0.062
-2.69030e-01,-0.063,0.064
-2.69020e-01,-0.061,0.064
-2.69010e-01,-0.059,0.064
-2.69000e-01,-0.055,0.058
-2.68990e-01,-0.061,0.06
-2.68980e-01,-0.061,0.066
-2.68970e-01,-0.055,0.062
-2.68960e-01,-0.061,0.062
-2.68950e-01,-0.059,0.06
-2.68940e-01,-0.061,0.06
-2.68930e-01,-0.057,0.06
-2.68920e-01,-0.063,0.066
-2.68910e-01,-0.063,0.062
-2.68900e-01,-0.055,0.064
-2.68890e-01,-0.061,0.062
-2.68880e-01,-0.061,0.066
-2.68870e-01,-0.059,0.06
-2.68860e-01,-0.059,0.06
-2.68850e-01,-0.061,0.062
-2.68840e-01,-0.047,0.05
-2.68830e-01,-0.049,0.054
-2.68820e-01,-0.057,0.062
-2.68810e-01,-0.045,0.048
-2.68800e-01,-0.045,0.048
-2.68790e-01,-0.047,0.054
-2.68780e-01,-0.059,0.06
-2.68770e-01,-0.061,0.064
-2.68760e-01,-0.061,0.064
-2.68750e-01,-0.061,0.062
-2.68740e-01,-0.053,0.06
-2.68730e-01,-0.057,0.064
-2.68720e-01,-0.055,0.058
-2.68710e-01,-0.057,0.064
-2.68700e-01,-0.059,0.062
-2.68690e-01,-0.059,0.062
-2.68680e-01,-0.061,0.066
-2.68670e-01,-0.043,0.05
-2.68660e-01,-0.061,0.064
-2.68650e-01,-0.059,0.064
-2.68640e-01,-0.061,0.064
-2.68630e-01,-0.063,0.064
-2.68620e-01,-0.061,0.064
-2.68610e-01,-0.059,0.062
-2.68600e-01,-0.059,0.062
-2.68590e-01,-0.061,0.064
-2.68580e-01,-0.061,0.066
-2.68570e-01,-0.059,0.064
-2.68560e-01,-0.059,0.06
-2.68550e-01,-0.061,0.062
-2.68540e-01,-0.061,0.066
-2.68530e-01,-0.063,0.066
-2.68520e-01,-0.055,0.062
-2.68510e-01,-0.063,0.064
-2.68500e-01,-0.053,0.056
-2.68490e-01,-0.063,0.064
-2.68480e-01,-0.055,0.06
-2.68470e-01,-0.059,0.062
-2.68460e-01,-0.063,0.066
-2.68450e-01,-0.063,0.062
-2.68440e-01,-0.059,0.062
-2.68430e-01,-0.059,0.062
-2.68420e-01,-0.057,0.062
-2.68410e-01,-0.053,0.056
-2.68400e-01,-0.061,0.064
-2.68390e-01,-0.061,0.064
-2.68380e-01,-0.063,0.066
-2.68370e-01,-0.059,0.068
-2.68360e-01,-0.057,0.06
-2.68350e-01,-0.057,0.06
-2.68340e-01,-0.057,0.062
-2.68330e-01,-0.061,0.06
-2.68320e-01,-0.061,0.062
-2.68310e-01,-0.057,0.064
-2.68300e-01,-0.057,0.06
-2.68290e-01,-0.061,0.062
-2.68280e-01,-0.059,0.062
-2.68270e-01,-0.059,0.06
-2.68260e-01,-0.063,0.062
-2.68250e-01,-0.063,0.062
-2.68240e-01,-0.053,0.062
-2.68230e-01,-0.043,0.05
-2.68220e-01,-0.055,0.056
-2.68210e-01,-0.055,0.06
-2.68200e-01,-0.057,0.06
-2.68190e-01,-0.063,0.064
-2.68180e-01,-0.065,0.068
-2.68170e-01,-0.061,0.062
-2.68160e-01,-0.057,0.06
-2.68150e-01,-0.061,0.062
-2.68140e-01,-0.055,0.058
-2.68130e-01,-0.059,0.06
-2.68120e-01,-0.043,0.05
-2.68110e-01,-0.055,0.06
-2.68100e-01,-0.051,0.054
-2.68090e-01,-0.053,0.056
-2.68080e-01,-0.051,0.056
-2.68070e-01,-0.053,0.058
-2.68060e-01,-0.055,0.054
-2.68050e-01,-0.059,0.06
-2.68040e-01,-0.059,0.06
-2.68030e-01,-0.059,0.06
-2.68020e-01,-0.055,0.056
-2.68010e-01,-0.039,0.048
-2.68000e-01,-0.049,0.058
-2.67990e-01,-0.059,0.06
-2.67980e-01,-0.065,0.062
-2.67970e-01,-0.059,0.064
-2.67960e-01,-0.059,0.064
-2.67950e-01,-0.063,0.06
-2.67940e-01,-0.065,0.066
-2.67930e-01,-0.061,0.064
-2.67920e-01,-0.063,0.064
-2.67910e-01,-0.065,0.064
-2.67900e-01,-0.061,0.064
-2.67890e-01,-0.063,0.062
-2.67880e-01,-0.061,0.066
-2.67870e-01,-0.057,0.062
-2.67860e-01,-0.059,0.064
-2.67850e-01,-0.055,0.058
-2.67840e-01,-0.061,0.062
-2.67830e-01,-0.063,0.064
-2.67820e-01,-0.061,0.064
-2.67810e-01,-0.061,0.062
-2.67800e-01,-0.055,0.062
-2.67790e-01,-0.061,0.064
-2.67780e-01,-0.057,0.06
-2.67770e-01,-0.057,0.06
-2.67760e-01,-0.049,0.052
-2.67750e-01,-0.049,0.054
-2.67740e-01,-0.057,0.058
-2.67730e-01,-0.055,0.06
-2.67720e-01,-0.055,0.062
-2.67710e-01,-0.061,0.062
-2.67700e-01,-0.065,0.068
-2.67690e-01,-0.057,0.064
-2.67680e-01,-0.061,0.062
-2.67670e-01,-0.063,0.064
-2.67660e-01,-0.059,0.06
-2.67650e-01,-0.059,0.062
-2.67640e-01,-0.063,0.066
-2.67630e-01,-0.061,0.064
-2.67620e-01,-0.059,0.06
-2.67610e-01,-0.063,0.064
-2.67600e-01,-0.061,0.064
-2.67590e-01,-0.063,0.066
-2.67580e-01,-0.059,0.06
-2.67570e-01,-0.065,0.066
-2.67560e-01,-0.059,0.062
-2.67550e-01,-0.059,0.064
-2.67540e-01,-0.059,0.064
-2.67530e-01,-0.061,0.066
-2.67520e-01,-0.059,0.06
-2.67510e-01,-0.063,0.064
-2.67500e-01,-0.061,0.064
-2.67490e-01,-0.061,0.062
-2.67480e-01,-0.063,0.06
-2.67470e-01,-0.055,0.058
-2.67460e-01,-0.063,0.064
-2.67450e-01,-0.059,0.06
-2.67440e-01,-0.063,0.06
-2.67430e-01,-0.061,0.06
-2.67420e-01,-0.055,0.062
-2.67410e-01,-0.063,0.064
-2.67400e-01,-0.051,0.054
-2.67390e-01,-0.065,0.066
-2.67380e-01,-0.055,0.06
-2.67370e-01,-0.057,0.06
-2.67360e-01,-0.059,0.062
-2.67350e-01,-0.063,0.066
-2.67340e-01,-0.061,0.064
-2.67330e-01,-0.059,0.06
-2.67320e-01,-0.063,0.064
-2.67310e-01,-0.059,0.06
-2.67300e-01,-0.059,0.062
-2.67290e-01,-0.061,0.06
-2.67280e-01,-0.059,0.06
-2.67270e-01,-0.055,0.06
-2.67260e-01,-0.061,0.062
-2.67250e-01,-0.059,0.066
-2.67240e-01,-0.045,0.052
-2.67230e-01,-0.061,0.062
-2.67220e-01,-0.055,0.058
-2.67210e-01,-0.057,0.06
-2.67200e-01,-0.057,0.062
-2.67190e-01,-0.061,0.064
-2.67180e-01,-0.065,0.064
-2.67170e-01,-0.059,0.064
-2.67160e-01,-0.059,0.066
-2.67150e-01,-0.063,0.06
-2.67140e-01,-0.061,0.066
-2.67130e-01,-0.057,0.062
-2.67120e-01,-0.059,0.064
-2.67110e-01,-0.059,0.068
-2.67100e-01,-0.061,0.066
-2.67090e-01,-0.063,0.064
-2.67080e-01,-0.059,0.064
-2.67070e-01,-0.059,0.062
-2.67060e-01,-0.059,0.062
-2.67050e-01,-0.061,0.06
-2.67040e-01,-0.059,0.062
-2.67030e-01,-0.057,0.062
-2.67020e-01,-0.057,0.062
-2.67010e-01,-0.053,0.058
-2.67000e-01,-0.059,0.064
-2.66990e-01,-0.059,0.06
-2.66980e-01,-0.057,0.066
-2.66970e-01,-0.061,0.064
-2.66960e-01,-0.061,0.064
-2.66950e-01,-0.061,0.066
-2.66940e-01,-0.061,0.064
-2.66930e-01,-0.061,0.064
-2.66920e-01,-0.061,0.064
-2.66910e-01,-0.065,0.064
-2.66900e-01,-0.061,0.064
-2.66890e-01,-0.065,0.066
-2.66880e-01,-0.063,0.06
-2.66870e-01,-0.065,0.064
-2.66860e-01,-0.059,0.062
-2.66850e-01,-0.047,0.058
-2.66840e-01,-0.059,0.062
-2.66830e-01,-0.057,0.06
-2.66820e-01,-0.063,0.062
-2.66810e-01,-0.063,0.064
-2.66800e-01,-0.055,0.06
-2.66790e-01,-0.061,0.064
-2.66780e-01,-0.055,0.06
-2.66770e-01,-0.063,0.062
-2.66760e-01,-0.061,0.064
-2.66750e-01,-0.055,0.062
-2.66740e-01,-0.059,0.064
-2.66730e-01,-0.063,0.064
-2.66720e-01,-0.061,0.064
-2.66710e-01,-0.063,0.064
-2.66700e-01,-0.061,0.068
-2.66690e-01,-0.065,0.064
-2.66680e-01,-0.065,0.066
-2.66670e-01,-0.061,0.064
-2.66660e-01,-0.061,0.068
-2.66650e-01,-0.061,0.062
-2.66640e-01,-0.061,0.064
-2.66630e-01,-0.059,0.062
-2.66620e-01,-0.059,0.064
-2.66610e-01,-0.059,0.066
-2.66600e-01,-0.059,0.064
-2.66590e-01,-0.063,0.064
-2.66580e-01,-0.055,0.056
-2.66570e-01,-0.055,0.06
-2.66560e-01,-0.047,0.048
-2.66550e-01,-0.059,0.064
-2.66540e-01,-0.063,0.066
-2.66530e-01,-0.059,0.064
-2.66520e-01,-0.051,0.054
-2.66510e-01,-0.043,0.052
-2.66500e-01,-0.059,0.064
-2.66490e-01,-0.061,0.066
-2.66480e-01,-0.063,0.06
-2.66470e-01,-0.061,0.06
-2.66460e-01,-0.063,0.066
-2.66450e-01,-0.065,0.064
-2.66440e-01,-0.063,0.062
-2.66430e-01,-0.055,0.058
-2.66420e-01,-0.061,0.06
-2.66410e-01,-0.059,0.06
-2.66400e-01,-0.063,0.06
-2.66390e-01,-0.061,0.064
-2.66380e-01,-0.057,0.06
-2.66370e-01,-0.051,0.058
-2.66360e-01,-0.055,0.06
-2.66350e-01,-0.063,0.068
-2.66340e-01,-0.053,0.056
-2.66330e-01,-0.065,0.064
-2.66320e-01,-0.061,0.064
-2.66310e-01,-0.059,0.06
-2.66300e-01,-0.061,0.06
-2.66290e-01,-0.057,0.062
-2.66280e-01,-0.061,0.064
-2.66270e-01,-0.063,0.064
-2.66260e-01,-0.063,0.064
-2.66250e-01,-0.063,0.066
-2.66240e-01,-0.059,0.064
-2.66230e-01,-0.063,0.062
-2.66220e-01,-0.063,0.064
-2.66210e-01,-0.057,0.06
-2.66200e-01,-0.061,0.064
-2.66190e-01,-0.055,0.062
-2.66180e-01,-0.053,0.058
-2.66170e-01,-0.061,0.064
-2.66160e-01,-0.053,0.056
-2.66150e-01,-0.063,0.06
-2.66140e-01,-0.053,0.056
-2.66130e-01,-0.061,0.06
-2.66120e-01,-0.059,0.064
-2.66110e-01,-0.059,0.06
-2.66100e-01,-0.063,0.064
-2.66090e-01,-0.057,0.06
-2.66080e-01,-0.061,0.064
-2.66070e-01,-0.063,0.062
-2.66060e-01,-0.061,0.062
-2.66050e-01,-0.055,0.062
-2.66040e-01,-0.061,0.062
-2.66030e-01,-0.057,0.066
-2.66020e-01,-0.061,0.064
-2.66010e-01,-0.059,0.064
-2.66000e-01,-0.057,0.06
-2.65990e-01,-0.059,0.06
-2.65980e-01,-0.059,0.06
-2.65970e-01,-0.063,0.066
-2.65960e-01,-0.061,0.062
-2.65950e-01,-0.059,0.064
-2.65940e-01,-0.061,0.06
-2.65930e-01,-0.057,0.06
-2.65920e-01,-0.061,0.066
-2.65910e-01,-0.059,0.064
-2.65900e-01,-0.055,0.058
-2.65890e-01,-0.059,0.06
-2.65880e-01,-0.063,0.064
-2.65870e-01,-0.061,0.06
-2.65860e-01,-0.063,0.064
-2.65850e-01,-0.055,0.06
-2.65840e-01,-0.063,0.064
-2.65830e-01,-0.061,0.064
-2.65820e-01,-0.053,0.06
-2.65810e-01,-0.057,0.062
-2.65800e-01,-0.061,0.062
-2.65790e-01,-0.037,0.046
-2.65780e-01,-0.061,0.066
-2.65770e-01,-0.061,0.06
-2.65760e-01,-0.059,0.064
-2.65750e-01,-0.061,0.066
-2.65740e-01,-0.057,0.062
-2.65730e-01,-0.061,0.064
-2.65720e-01,-0.055,0.06
-2.65710e-01,-0.063,0.064
-2.65700e-01,-0.057,0.062
-2.65690e-01,-0.061,0.062
-2.65680e-01,-0.061,0.062
-2.65670e-01,-0.061,0.066
-2.65660e-01,-0.057,0.062
-2.65650e-01,-0.059,0.064
-2.65640e-01,-0.047,0.052
-2.65630e-01,-0.063,0.064
-2.65620e-01,-0.057,0.056
-2.65610e-01,-0.059,0.06
-2.65600e-01,-0.059,0.06
-2.65590e-01,-0.059,0.062
-2.65580e-01,-0.063,0.066
-2.65570e-01,-0.049,0.056
-2.65560e-01,-0.063,0.064
-2.65550e-01,-0.055,0.058
-2.65540e-01,-0.057,0.058
-2.65530e-01,-0.063,0.062
-2.65520e-01,-0.059,0.062
-2.65510e-01,-0.059,0.06
-2.65500e-01,-0.061,0.064
-2.65490e-01,-0.061,0.064
-2.65480e-01,-0.057,0.06
-2.65470e-01,-0.051,0.056
-2.65460e-01,-0.063,0.062
-2.65450e-01,-0.061,0.062
-2.65440e-01,-0.057,0.06
-2.65430e-01,-0.055,0.06
-2.65420e-01,-0.051,0.054
-2.65410e-01,-0.047,0.052
-2.65400e-01,-0.039,0.042
-2.65390e-01,-0.061,0.064
-2.65380e-01,-0.051,0.062
-2.65370e-01,-0.057,0.06
-2.65360e-01,-0.061,0.064
-2.65350e-01,-0.061,0.062
-2.65340e-01,-0.055,0.058
-2.65330e-01,-0.063,0.066
-2.65320e-01,-0.057,0.058
-2.65310e-01,-0.057,0.062
-2.65300e-01,-0.061,0.062
-2.65290e-01,-0.059,0.062
-2.65280e-01,-0.055,0.06
-2.65270e-01,-0.051,0.056
-2.65260e-01,-0.059,0.06
-2.65250e-01,-0.061,0.062
-2.65240e-01,-0.061,0.066
-2.65230e-01,-0.057,0.062
-2.65220e-01,-0.059,0.056
-2.65210e-01,-0.061,0.064
-2.65200e-01,-0.059,0.064
-2.65190e-01,-0.063,0.064
-2.65180e-01,-0.057,0.062
-2.65170e-01,-0.063,0.064
-2.65160e-01,-0.065,0.064
-2.65150e-01,-0.063,0.062
-2.65140e-01,-0.061,0.066
-2.65130e-01,-0.061,0.064
-2.65120e-01,-0.059,0.062
-2.65110e-01,-0.063,0.066
-2.65100e-01,-0.061,0.064
-2.65090e-01,-0.061,0.064
-2.65080e-01,-0.063,0.064
-2.65070e-01,-0.063,0.066
-2.65060e-01,-0.059,0.06
-2.65050e-01,-0.061,0.064
-2.65040e-01,-0.059,0.06
-2.65030e-01,-0.057,0.062
-2.65020e-01,-0.053,0.058
-2.65010e-01,-0.063,0.062
-2.65000e-01,-0.045,0.052
-2.64990e-01,-0.063,0.064
-2.64980e-01,-0.059,0.064
-2.64970e-01,-0.063,0.064
-2.64960e-01,-0.059,0.062
-2.64950e-01,-0.057,0.062
-2.64940e-01,-0.061,0.062
-2.64930e-01,-0.061,0.064
-2.64920e-01,-0.061,0.06
-2.64910e-01,-0.063,0.066
-2.64900e-01,-0.059,0.06
-2.64890e-01,-0.063,0.064
-2.64880e-01,-0.059,0.06
-2.64870e-01,-0.057,0.06
-2.64860e-01,-0.051,0.058
-2.64850e-01,-0.059,0.058
-2.64840e-01,-0.057,0.064
-2.64830e-01,-0.053,0.058
-2.64820e-01,-0.059,0.06
-2.64810e-01,-0.063,0.064
-2.64800e-01,-0.061,0.064
-2.64790e-01,-0.065,0.064
-2.64780e-01,-0.067,0.06
-2.64770e-01,-0.063,0.06
-2.64760e-01,-0.063,0.062
-2.64750e-01,-0.061,0.064
-2.64740e-01,-0.061,0.064
-2.64730e-01,-0.063,0.064
-2.64720e-01,-0.059,0.064
-2.64710e-01,-0.059,0.062
-2.64700e-01,-0.059,0.06
-2.64690e-01,-0.061,0.064
-2.64680e-01,-0.057,0.06
-2.64670e-01,-0.055,0.06
-2.64660e-01,-0.059,0.066
-2.64650e-01,-0.045,0.05
-2.64640e-01,-0.063,0.064
-2.64630e-01,-0.061,0.066
-2.64620e-01,-0.057,0.062
-2.64610e-01,-0.059,0.064
-2.64600e-01,-0.061,0.062
-2.64590e-01,-0.065,0.064
-2.64580e-01,-0.063,0.064
-2.64570e-01,-0.047,0.056
-2.64560e-01,-0.061,0.066
-2.64550e-01,-0.055,0.06
-2.64540e-01,-0.063,0.064
-2.64530e-01,-0.059,0.066
-2.64520e-01,-0.059,0.064
-2.64510e-01,-0.053,0.06
-2.64500e-01,-0.059,0.066
-2.64490e-01,-0.063,0.062
-2.64480e-01,-0.059,0.06
-2.64470e-01,-0.055,0.058
-2.64460e-01,-0.045,0.05
-2.64450e-01,-0.057,0.06
-2.64440e-01,-0.053,0.06
-2.64430e-01,-0.061,0.064
-2.64420e-01,-0.061,0.06
-2.64410e-01,-0.061,0.062
-2.64400e-01,-0.061,0.064
-2.64390e-01,-0.057,0.058
-2.64380e-01,-0.059,0.062
-2.64370e-01,-0.053,0.06
-2.64360e-01,-0.063,0.066
-2.64350e-01,-0.055,0.06
-2.64340e-01,-0.061,0.062
-2.64330e-01,-0.053,0.054
-2.64320e-01,-0.063,0.066
-2.64310e-01,-0.065,0.062
-2.64300e-01,-0.061,0.06
-2.64290e-01,-0.057,0.062
-2.64280e-01,-0.061,0.062
-2.64270e-01,-0.059,0.062
-2.64260e-01,-0.061,0.064
-2.64250e-01,-0.057,0.06
-2.64240e-01,-0.059,0.062
-2.64230e-01,-0.049,0.058
-2.64220e-01,-0.061,0.06
-2.64210e-01,-0.063,0.064
-2.64200e-01,-0.059,0.062
-2.64190e-01,-0.063,0.064
-2.64180e-01,-0.061,0.064
-2.64170e-01,-0.063,0.062
-2.64160e-01,-0.061,0.064
-2.64150e-01,-0.061,0.064
-2.64140e-01,-0.059,0.06
-2.64130e-01,-0.055,0.06
-2.64120e-01,-0.047,0.054
-2.64110e-01,-0.059,0.06
-2.64100e-01,-0.051,0.056
-2.64090e-01,-0.063,0.068
-2.64080e-01,-0.051,0.054
-2.64070e-01,-0.061,0.066
-2.64060e-01,-0.061,0.06
-2.64050e-01,-0.059,0.066
-2.64040e-01,-0.055,0.064
-2.64030e-01,-0.059,0.064
-2.64020e-01,-0.061,0.062
-2.64010e-01,-0.063,0.062
-2.64000e-01,-0.059,0.062
-2.63990e-01,-0.055,0.06
-2.63980e-01,-0.063,0.066
-2.63970e-01,-0.059,0.064
-2.63960e-01,-0.065,0.064
-2.63950e-01,-0.051,0.06
-2.63940e-01,-0.059,0.064
-2.63930e-01,-0.057,0.064
-2.63920e-01,-0.061,0.062
-2.63910e-01,-0.059,0.062
-2.63900e-01,-0.053,0.058
-2.63890e-01,-0.057,0.06
-2.63880e-01,-0.061,0.064
-2.63870e-01,-0.059,0.062
-2.63860e-01,-0.061,0.064
-2.63850e-01,-0.057,0.06
-2.63840e-01,-0.053,0.058
-2.63830e-01,-0.043,0.048
-2.63820e-01,-0.049,0.054
-2.63810e-01,-0.049,0.054
-2.63800e-01,-0.059,0.06
-2.63790e-01,-0.065,0.062
-2.63780e-01,-0.059,0.056
-2.63770e-01,-0.061,0.062
-2.63760e-01,-0.065,0.066
-2.63750e-01,-0.059,0.062
-2.63740e-01,-0.059,0.064
-2.63730e-01,-0.061,0.062
-2.63720e-01,-0.061,0.06
-2.63710e-01,-0.063,0.062
-2.63700e-01,-0.061,0.064
-2.63690e-01,-0.059,0.062
-2.63680e-01,-0.061,0.062
-2.63670e-01,-0.061,0.066
-2.63660e-01,-0.059,0.062
-2.63650e-01,-0.059,0.064
-2.63640e-01,-0.055,0.06
-2.63630e-01,-0.061,0.062
-2.63620e-01,-0.045,0.05
-2.63610e-01,-0.059,0.062
-2.63600e-01,-0.061,0.064
-2.63590e-01,-0.059,0.06
-2.63580e-01,-0.063,0.064
-2.63570e-01,-0.067,0.066
-2.63560e-01,-0.061,0.062
-2.63550e-01,-0.057,0.06
-2.63540e-01,-0.067,0.068
-2.63530e-01,-0.057,0.062
-2.63520e-01,-0.063,0.062
-2.63510e-01,-0.057,0.06
-2.63500e-01,-0.059,0.064
-2.63490e-01,-0.045,0.054
-2.63480e-01,-0.061,0.064
-2.63470e-01,-0.061,0.062
-2.63460e-01,-0.059,0.058
-2.63450e-01,-0.055,0.062
-2.63440e-01,-0.049,0.054
-2.63430e-01,-0.063,0.064
-2.63420e-01,-0.057,0.06
-2.63410e-01,-0.061,0.06
-2.63400e-01,-0.055,0.054
-2.63390e-01,-0.061,0.06
-2.63380e-01,-0.059,0.066
-2.63370e-01,-0.059,0.066
-2.63360e-01,-0.059,0.064
-2.63350e-01,-0.049,0.054
-2.63340e-01,-0.059,0.064
-2.63330e-01,-0.057,0.062
-2.63320e-01,-0.063,0.066
-2.63310e-01,-0.061,0.064
-2.63300e-01,-0.057,0.06
-2.63290e-01,-0.057,0.064
-2.63280e-01,-0.057,0.062
-2.63270e-01,-0.057,0.06
-2.63260e-01,-0.051,0.056
-2.63250e-01,-0.053,0.058
-2.63240e-01,-0.061,0.062
-2.63230e-01,-0.055,0.058
-2.63220e-01,-0.061,0.062
-2.63210e-01,-0.055,0.054
-2.63200e-01,-0.057,0.068
-2.63190e-01,-0.057,0.062
-2.63180e-01,-0.057,0.066
-2.63170e-01,-0.061,0.06
-2.63160e-01,-0.053,0.056
-2.63150e-01,-0.061,0.062
-2.63140e-01,-0.059,0.062
-2.63130e-01,-0.053,0.054
-2.63120e-01,-0.057,0.062
-2.63110e-01,-0.061,0.062
-2.63100e-01,-0.057,0.064
-2.63090e-01,-0.065,0.064
-2.63080e-01,-0.047,0.054
-2.63070e-01,-0.057,0.06
-2.63060e-01,-0.049,0.056
-2.63050e-01,-0.063,0.066
-2.63040e-01,-0.047,0.052
-2.63030e-01,-0.059,0.064
-2.63020e-01,-0.051,0.054
-2.63010e-01,-0.061,0.062
-2.63000e-01,-0.061,0.062
-2.62990e-01,-0.063,0.062
-2.62980e-01,-0.061,0.064
-2.62970e-01,-0.059,0.064
-2.62960e-01,-0.059,0.062
-2.62950e-01,-0.061,0.064
-2.62940e-01,-0.049,0.054
-2.62930e-01,-0.061,0.064
-2.62920e-01,-0.049,0.056
-2.62910e-01,-0.059,0.06
-2.62900e-01,-0.055,0.062
-2.62890e-01,-0.061,0.062
-2.62880e-01,-0.059,0.062
-2.62870e-01,-0.063,0.064
-2.62860e-01,-0.063,0.064
-2.62850e-01,-0.061,0.066
-2.62840e-01,-0.059,0.06
-2.62830e-01,-0.065,0.064
-2.62820e-01,-0.061,0.066
-2.62810e-01,-0.059,0.06
-2.62800e-01,-0.063,0.062
-2.62790e-01,-0.059,0.062
-2.62780e-01,-0.059,0.062
-2.62770e-01,-0.057,0.06
-2.62760e-01,-0.061,0.064
-2.62750e-01,-0.063,0.064
-2.62740e-01,-0.057,0.058
-2.62730e-01,-0.057,0.066
-2.62720e-01,-0.057,0.06
-2.62710e-01,-0.059,0.064
-2.62700e-01,-0.057,0.064
-2.62690e-01,-0.061,0.062
-2.62680e-01,-0.055,0.058
-2.62670e-01,-0.061,0.064
-2.62660e-01,-0.061,0.06
-2.62650e-01,-0.061,0.066
-2.62640e-01,-0.061,0.064
-2.62630e-01,-0.059,0.064
-2.62620e-01,-0.053,0.058
-2.62610e-01,-0.061,0.062
-2.62600e-01,-0.063,0.064
-2.62590e-01,-0.059,0.06
-2.62580e-01,-0.059,0.064
-2.62570e-01,-0.061,0.064
-2.62560e-01,-0.065,0.062
-2.62550e-01,-0.061,0.06
-2.62540e-01,-0.061,0.066
-2.62530e-01,-0.059,0.064
-2.62520e-01,-0.061,0.062
-2.62510e-01,-0.053,0.06
-2.62500e-01,-0.059,0.062
-2.62490e-01,-0.059,0.06
-2.62480e-01,-0.057,0.062
-2.62470e-01,-0.059,0.062
-2.62460e-01,-0.057,0.06
-2.62450e-01,-0.057,0.06
-2.62440e-01,-0.059,0.062
-2.62430e-01,-0.059,0.064
-2.62420e-01,-0.059,0.064
-2.62410e-01,-0.059,0.062
-2.62400e-01,-0.061,0.062
-2.62390e-01,-0.059,0.066
-2.62380e-01,-0.061,0.064
-2.62370e-01,-0.059,0.06
-2.62360e-01,-0.061,0.06
-2.62350e-01,-0.061,0.062
-2.62340e-01,-0.061,0.06
-2.62330e-01,-0.061,0.064
-2.62320e-01,-0.059,0.068
-2.62310e-01,-0.059,0.064
-2.62300e-01,-0.063,0.064
-2.62290e-01,-0.063,0.064
-2.62280e-01,-0.059,0.062
-2.62270e-01,-0.059,0.066
-2.62260e-01,-0.059,0.066
-2.62250e-01,-0.057,0.06
-2.62240e-01,-0.059,0.066
-2.62230e-01,-0.061,0.064
-2.62220e-01,-0.059,0.06
-2.62210e-01,-0.057,0.062
-2.62200e-01,-0.057,0.062
-2.62190e-01,-0.053,0.058
-2.62180e-01,-0.055,0.062
-2.62170e-01,-0.035,0.038
-2.62160e-01,-0.063,0.066
-2.62150e-01,-0.061,0.064
-2.62140e-01,-0.057,0.06
-2.62130e-01,-0.061,0.066
-2.62120e-01,-0.053,0.056
-2.62110e-01,-0.061,0.062
-2.62100e-01,-0.055,0.06
-2.62090e-01,-0.059,0.064
-2.62080e-01,-0.059,0.06
-2.62070e-01,-0.057,0.06
-2.62060e-01,-0.053,0.054
-2.62050e-01,-0.059,0.064
-2.62040e-01,-0.063,0.06
-2.62030e-01,-0.061,0.064
-2.62020e-01,-0.059,0.06
-2.62010e-01,-0.061,0.06
-2.62000e-01,-0.061,0.062
-2.61990e-01,-0.061,0.058
-2.61980e-01,-0.061,0.064
-2.61970e-01,-0.053,0.062
-2.61960e-01,-0.059,0.06
-2.61950e-01,-0.055,0.06
-2.61940e-01,-0.061,0.062
-2.61930e-01,-0.051,0.06
-2.61920e-01,-0.061,0.062
-2.61910e-01,-0.055,0.06
-2.61900e-01,-0.061,0.062
-2.61890e-01,-0.057,0.064
-2.61880e-01,-0.057,0.06
-2.61870e-01,-0.059,0.062
-2.61860e-01,-0.055,0.056
-2.61850e-01,-0.063,0.064
-2.61840e-01,-0.051,0.054
-2.61830e-01,-0.065,0.064
-2.61820e-01,-0.055,0.054
-2.61810e-01,-0.051,0.054
-2.61800e-01,-0.061,0.064
-2.61790e-01,-0.057,0.058
-2.61780e-01,-0.057,0.06
-2.61770e-01,-0.063,0.064
-2.61760e-01,-0.061,0.062
-2.61750e-01,-0.065,0.064
-2.61740e-01,-0.061,0.064
-2.61730e-01,-0.057,0.06
-2.61720e-01,-0.059,0.064
-2.61710e-01,-0.063,0.064
-2.61700e-01,-0.063,0.062
-2.61690e-01,-0.061,0.062
-2.61680e-01,-0.065,0.064
-2.61670e-01,-0.059,0.062
-2.61660e-01,-0.055,0.06
-2.61650e-01,-0.063,0.066
-2.61640e-01,-0.055,0.064
-2.61630e-01,-0.059,0.066
-2.61620e-01,-0.061,0.062
-2.61610e-01,-0.053,0.06
-2.61600e-01,-0.057,0.06
-2.61590e-01,-0.049,0.056
-2.61580e-01,-0.065,0.064
-2.61570e-01,-0.063,0.062
-2.61560e-01,-0.059,0.068
-2.61550e-01,-0.059,0.064
-2.61540e-01,-0.063,0.064
-2.61530e-01,-0.041,0.054
-2.61520e-01,-0.061,0.068
-2.61510e-01,-0.059,0.062
-2.61500e-01,-0.059,0.064
-2.61490e-01,-0.061,0.062
-2.61480e-01,-0.055,0.06
-2.61470e-01,-0.061,0.066
-2.61460e-01,-0.055,0.058
-2.61450e-01,-0.063,0.062
-2.61440e-01,-0.051,0.054
-2.61430e-01,-0.059,0.06
-2.61420e-01,-0.055,0.06
-2.61410e-01,-0.057,0.058
-2.61400e-01,-0.045,0.048
-2.61390e-01,-0.063,0.06
-2.61380e-01,-0.051,0.054
-2.61370e-01,-0.061,0.064
-2.61360e-01,-0.061,0.064
-2.61350e-01,-0.061,0.064
-2.61340e-01,-0.063,0.062
-2.61330e-01,-0.051,0.054
-2.61320e-01,-0.061,0.064
-2.61310e-01,-0.065,0.066
-2.61300e-01,-0.063,0.064
-2.61290e-01,-0.065,0.064
-2.61280e-01,-0.061,0.062
-2.61270e-01,-0.059,0.064
-2.61260e-01,-0.057,0.06
-2.61250e-01,-0.061,0.062
-2.61240e-01,-0.057,0.062
-2.61230e-01,-0.059,0.064
-2.61220e-01,-0.049,0.054
-2.61210e-01,-0.055,0.06
-2.61200e-01,-0.061,0.062
-2.61190e-01,-0.057,0.06
-2.61180e-01,-0.061,0.066
-2.61170e-01,-0.051,0.058
-2.61160e-01,-0.063,0.064
-2.61150e-01,-0.057,0.06
-2.61140e-01,-0.059,0.06
-2.61130e-01,-0.059,0.064
-2.61120e-01,-0.063,0.066
-2.61110e-01,-0.049,0.05
-2.61100e-01,-0.057,0.06
-2.61090e-01,-0.061,0.064
-2.61080e-01,-0.059,0.06
-2.61070e-01,-0.057,0.06
-2.61060e-01,-0.055,0.058
-2.61050e-01,-0.065,0.064
-2.61040e-01,-0.061,0.062
-2.61030e-01,-0.061,0.06
-2.61020e-01,-0.059,0.064
-2.61010e-01,-0.059,0.062
-2.61000e-01,-0.055,0.058
-2.60990e-01,-0.061,0.064
-2.60980e-01,-0.063,0.066
-2.60970e-01,-0.061,0.064
-2.60960e-01,-0.063,0.062
-2.60950e-01,-0.051,0.054
-2.60940e-01,-0.063,0.062
-2.60930e-01,-0.059,0.06
-2.60920e-01,-0.061,0.064
-2.60910e-01,-0.057,0.066
-2.60900e-01,-0.057,0.062
-2.60890e-01,-0.055,0.056
-2.60880e-01,-0.059,0.062
-2.60870e-01,-0.053,0.062
-2.60860e-01,-0.055,0.06
-2.60850e-01,-0.061,0.062
-2.60840e-01,-0.051,0.05
-2.60830e-01,-0.061,0.062
-2.60820e-01,-0.057,0.064
-2.60810e-01,-0.065,0.066
-2.60800e-01,-0.063,0.064
-2.60790e-01,-0.059,0.064
-2.60780e-01,-0.063,0.062
-2.60770e-01,-0.057,0.064
-2.60760e-01,-0.063,0.062
-2.60750e-01,-0.055,0.06
-2.60740e-01,-0.065,0.064
-2.60730e-01,-0.065,0.064
-2.60720e-01,-0.059,0.064
-2.60710e-01,-0.057,0.062
-2.60700e-01,-0.059,0.06
-2.60690e-01,-0.055,0.062
-2.60680e-01,-0.063,0.06
-2.60670e-01,-0.059,0.064
-2.60660e-01,-0.059,0.06
-2.60650e-01,-0.053,0.058
-2.60640e-01,-0.061,0.062
-2.60630e-01,-0.059,0.062
-2.60620e-01,-0.061,0.066
-2.60610e-01,-0.061,0.064
-2.60600e-01,-0.061,0.066
-2.60590e-01,-0.061,0.062
-2.60580e-01,-0.059,0.066
-2.60570e-01,-0.063,0.06
-2.60560e-01,-0.061,0.066
-2.60550e-01,-0.057,0.064
-2.60540e-01,-0.057,0.064
-2.60530e-01,-0.061,0.06
-2.60520e-01,-0.061,0.062
-2.60510e-01,-0.059,0.068
-2.60500e-01,-0.055,0.06
-2.60490e-01,-0.063,0.06
-2.60480e-01,-0.055,0.06
-2.60470e-01,-0.063,0.06
-2.60460e-01,-0.057,0.06
-2.60450e-01,-0.063,0.062
-2.60440e-01,-0.059,0.06
-2.60430e-01,-0.057,0.058
-2.60420e-01,-0.059,0.064
-2.60410e-01,-0.051,0.056
-2.60400e-01,-0.061,0.062
-2.60390e-01,-0.053,0.062
-2.60380e-01,-0.057,0.058
-2.60370e-01,-0.053,0.054
-2.60360e-01,-0.059,0.062
-2.60350e-01,-0.053,0.056
-2.60340e-01,-0.059,0.062
-2.60330e-01,-0.053,0.054
-2.60320e-01,-0.063,0.062
-2.60310e-01,-0.065,0.062
-2.60300e-01,-0.063,0.066
-2.60290e-01,-0.059,0.064
-2.60280e-01,-0.057,0.06
-2.60270e-01,-0.063,0.064
-2.60260e-01,-0.059,0.064
-2.60250e-01,-0.059,0.06
-2.60240e-01,-0.057,0.062
-2.60230e-01,-0.059,0.064
-2.60220e-01,-0.053,0.056
-2.60210e-01,-0.063,0.06
-2.60200e-01,-0.063,0.062
-2.60190e-01,-0.059,0.064
-2.60180e-01,-0.063,0.064
-2.60170e-01,-0.061,0.062
-2.60160e-01,-0.053,0.06
-2.60150e-01,-0.063,0.066
-2.60140e-01,-0.059,0.064
-2.60130e-01,-0.061,0.064
-2.60120e-01,-0.061,0.066
-2.60110e-01,-0.047,0.052
-2.60100e-01,-0.061,0.064
-2.60090e-01,-0.049,0.052
-2.60080e-01,-0.061,0.06
-2.60070e-01,-0.053,0.056
-2.60060e-01,-0.061,0.062
-2.60050e-01,-0.057,0.06
-2.60040e-01,-0.047,0.046
-2.60030e-01,-0.063,0.064
-2.60020e-01,-0.059,0.062
-2.60010e-01,-0.059,0.06
-2.60000e-01,-0.061,0.064
-2.59990e-01,-0.059,0.062
-2.59980e-01,-0.063,0.062
-2.59970e-01,-0.059,0.062
-2.59960e-01,-0.061,0.06
-2.59950e-01,-0.063,0.066
-2.59940e-01,-0.063,0.062
-2.59930e-01,-0.059,0.064
-2.59920e-01,-0.061,0.062
-2.59910e-01,-0.061,0.064
-2.59900e-01,-0.055,0.056
-2.59890e-01,-0.063,0.064
-2.59880e-01,-0.047,0.056
-2.59870e-01,-0.061,0.068
-2.59860e-01,-0.063,0.064
-2.59850e-01,-0.051,0.054
-2.59840e-01,-0.053,0.054
-2.59830e-01,-0.053,0.056
-2.59820e-01,-0.063,0.064
-2.59810e-01,-0.063,0.066
-2.59800e-01,-0.059,0.06
-2.59790e-01,-0.061,0.064
-2.59780e-01,-0.059,0.062
-2.59770e-01,-0.059,0.062
-2.59760e-01,-0.063,0.062
-2.59750e-01,-0.057,0.062
-2.59740e-01,-0.057,0.06
-2.59730e-01,-0.057,0.062
-2.59720e-01,-0.061,0.064
-2.59710e-01,-0.061,0.062
-2.59700e-01,-0.059,0.06
-2.59690e-01,-0.063,0.066
-2.59680e-01,-0.061,0.06
-2.59670e-01,-0.045,0.05
-2.59660e-01,-0.063,0.062
-2.59650e-01,-0.059,0.064
-2.59640e-01,-0.059,0.06
-2.59630e-01,-0.057,0.062
-2.59620e-01,-0.063,0.066
-2.59610e-01,-0.063,0.062
-2.59600e-01,-0.051,0.054
-2.59590e-01,-0.059,0.064
-2.59580e-01,-0.059,0.06
-2.59570e-01,-0.061,0.064
-2.59560e-01,-0.063,0.064
-2.59550e-01,-0.057,0.062
-2.59540e-01,-0.051,0.056
-2.59530e-01,-0.061,0.06
-2.59520e-01,-0.061,0.062
-2.59510e-01,-0.051,0.052
-2.59500e-01,-0.061,0.066
-2.59490e-01,-0.061,0.062
-2.59480e-01,-0.059,0.062
-2.59470e-01,-0.059,0.06
-2.59460e-01,-0.065,0.066
-2.59450e-01,-0.059,0.064
-2.59440e-01,-0.061,0.06
-2.59430e-01,-0.061,0.062
-2.59420e-01,-0.061,0.062
-2.59410e-01,-0.049,0.054
-2.59400e-01,-0.061,0.062
-2.59390e-01,-0.059,0.064
-2.59380e-01,-0.065,0.066
-2.59370e-01,-0.057,0.06
-2.59360e-01,-0.065,0.066
-2.59350e-01,-0.055,0.06
-2.59340e-01,-0.061,0.064
-2.59330e-01,-0.051,0.056
-2.59320e-01,-0.061,0.062
-2.59310e-01,-0.055,0.06
-2.59300e-01,-0.059,0.06
-2.59290e-01,-0.055,0.056
-2.59280e-01,-0.061,0.066
-2.59270e-01,-0.061,0.062
-2.59260e-01,-0.055,0.06
-2.59250e-01,-0.063,0.064
-2.59240e-01,-0.061,0.062
-2.59230e-01,-0.055,0.062
-2.59220e-01,-0.051,0.056
-2.59210e-01,-0.063,0.06
-2.59200e-01,-0.061,0.064
-2.59190e-01,-0.059,0.06
-2.59180e-01,-0.057,0.06
-2.59170e-01,-0.055,0.06
-2.59160e-01,-0.059,0.06
-2.59150e-01,-0.051,0.054
-2.59140e-01,-0.053,0.06
-2.59130e-01,-0.047,0.05
-2.59120e-01,-0.063,0.064
-2.59110e-01,-0.059,0.062
-2.59100e-01,-0.063,0.064
-2.59090e-01,-0.065,0.06
-2.59080e-01,-0.061,0.064
-2.59070e-01,-0.063,0.064
-2.59060e-01,-0.061,0.066
-2.59050e-01,-0.061,0.062
-2.59040e-01,-0.063,0.068
-2.59030e-01,-0.059,0.064
-2.59020e-01,-0.059,0.066
-2.59010e-01,-0.057,0.062
-2.59000e-01,-0.061,0.068
-2.58990e-01,-0.049,0.056
-2.58980e-01,-0.059,0.06
-2.58970e-01,-0.059,0.064
-2.58960e-01,-0.055,0.06
-2.58950e-01,-0.057,0.06
-2.58940e-01,-0.061,0.064
-2.58930e-01,-0.059,0.064
-2.58920e-01,-0.053,0.058
-2.58910e-01,-0.063,0.068
-2.58900e-01,-0.045,0.054
-2.58890e-01,-0.059,0.06
-2.58880e-01,-0.047,0.05
-2.58870e-01,-0.065,0.064
-2.58860e-01,-0.063,0.062
-2.58850e-01,-0.061,0.062
-2.58840e-01,-0.061,0.062
-2.58830e-01,-0.059,0.064
-2.58820e-01,-0.061,0.068
-2.58810e-01,-0.059,0.062
-2.58800e-01,-0.055,0.058
-2.58790e-01,-0.063,0.064
-2.58780e-01,-0.059,0.062
-2.58770e-01,-0.039,0.046
-2.58760e-01,-0.051,0.058
-2.58750e-01,-0.061,0.058
-2.58740e-01,-0.059,0.062
-2.58730e-01,-0.059,0.06
-2.58720e-01,-0.059,0.06
-2.58710e-01,-0.059,0.062
-2.58700e-01,-0.047,0.054
-2.58690e-01,-0.051,0.056
-2.58680e-01,-0.051,0.054
-2.58670e-01,-0.061,0.064
-2.58660e-01,-0.055,0.06
-2.58650e-01,-0.057,0.064
-2.58640e-01,-0.063,0.062
-2.58630e-01,-0.057,0.06
-2.58620e-01,-0.059,0.064
-2.58610e-01,-0.057,0.06
-2.58600e-01,-0.061,0.064
-2.58590e-01,-0.061,0.07
-2.58580e-01,-0.061,0.06
-2.58570e-01,-0.057,0.062
-2.58560e-01,-0.063,0.06
-2.58550e-01,-0.061,0.068
-2.58540e-01,-0.063,0.066
-2.58530e-01,-0.065,0.062
-2.58520e-01,-0.057,0.06
-2.58510e-01,-0.061,0.062
-2.58500e-01,-0.053,0.06
-2.58490e-01,-0.059,0.066
-2.58480e-01,-0.061,0.06
-2.58470e-01,-0.053,0.058
-2.58460e-01,-0.063,0.062
-2.58450e-01,-0.063,0.064
-2.58440e-01,-0.057,0.06
-2.58430e-01,-0.063,0.066
-2.58420e-01,-0.051,0.054
-2.58410e-01,-0.057,0.064
-2.58400e-01,-0.055,0.06
-2.58390e-01,-0.055,0.058
-2.58380e-01,-0.065,0.066
-2.58370e-01,-0.057,0.06
-2.58360e-01,-0.055,0.058
-2.58350e-01,-0.055,0.058
-2.58340e-01,-0.059,0.062
-2.58330e-01,-0.059,0.062
-2.58320e-01,-0.061,0.064
-2.58310e-01,-0.063,0.066
-2.58300e-01,-0.063,0.064
-2.58290e-01,-0.063,0.064
-2.58280e-01,-0.059,0.064
-2.58270e-01,-0.065,0.062
-2.58260e-01,-0.057,0.064
-2.58250e-01,-0.063,0.062
-2.58240e-01,-0.059,0.06
-2.58230e-01,-0.063,0.064
-2.58220e-01,-0.057,0.064
-2.58210e-01,-0.059,0.06
-2.58200e-01,-0.057,0.06
-2.58190e-01,-0.063,0.066
-2.58180e-01,-0.061,0.064
-2.58170e-01,-0.057,0.06
-2.58160e-01,-0.061,0.066
-2.58150e-01,-0.061,0.06
-2.58140e-01,-0.061,0.064
-2.58130e-01,-0.061,0.062
-2.58120e-01,-0.059,0.064
-2.58110e-01,-0.059,0.064
-2.58100e-01,-0.059,0.062
-2.58090e-01,-0.055,0.06
-2.58080e-01,-0.059,0.062
-2.58070e-01,-0.055,0.06
-2.58060e-01,-0.059,0.062
-2.58050e-01,-0.053,0.058
-2.58040e-01,-0.063,0.064
-2.58030e-01,-0.063,0.064
-2.58020e-01,-0.059,0.064
-2.58010e-01,-0.061,0.064
-2.58000e-01,-0.057,0.06
-2.57990e-01,-0.067,0.062
-2.57980e-01,-0.061,0.062
-2.57970e-01,-0.059,0.06
-2.57960e-01,-0.063,0.064
-2.57950e-01,-0.063,0.066
-2.57940e-01,-0.061,0.062
-2.57930e-01,-0.063,0.06
-2.57920e-01,-0.057,0.06
-2.57910e-01,-0.065,0.064
-2.57900e-01,-0.059,0.066
-2.57890e-01,-0.061,0.064
-2.57880e-01,-0.063,0.062
-2.57870e-01,-0.057,0.06
-2.57860e-01,-0.055,0.06
-2.57850e-01,-0.059,0.064
-2.57840e-01,-0.065,0.064
-2.57830e-01,-0.055,0.06
-2.57820e-01,-0.059,0.06
-2.57810e-01,-0.057,0.062
-2.57800e-01,-0.059,0.06
-2.57790e-01,-0.061,0.062
-2.57780e-01,-0.063,0.066
-2.57770e-01,-0.055,0.06
-2.57760e-01,-0.061,0.066
-2.57750e-01,-0.063,0.066
-2.57740e-01,-0.057,0.06
-2.57730e-01,-0.057,0.058
-2.57720e-01,-0.057,0.064
-2.57710e-01,-0.061,0.062
-2.57700e-01,-0.063,0.064
-2.57690e-01,-0.059,0.062
-2.57680e-01,-0.063,0.062
-2.57670e-01,-0.055,0.064
-2.57660e-01,-0.053,0.058
-2.57650e-01,-0.055,0.058
-2.57640e-01,-0.059,0.06
-2.57630e-01,-0.061,0.062
-2.57620e-01,-0.049,0.054
-2.57610e-01,-0.059,0.058
-2.57600e-01,-0.057,0.06
-2.57590e-01,-0.061,0.062
-2.57580e-01,-0.057,0.06
-2.57570e-01,-0.063,0.062
-2.57560e-01,-0.059,0.064
-2.57550e-01,-0.061,0.062
-2.57540e-01,-0.061,0.062
-2.57530e-01,-0.057,0.06
-2.57520e-01,-0.057,0.06
-2.57510e-01,-0.053,0.06
-2.57500e-01,-0.055,0.062
-2.57490e-01,-0.063,0.066
-2.57480e-01,-0.055,0.06
-2.57470e-01,-0.063,0.064
-2.57460e-01,-0.057,0.06
-2.57450e-01,-0.057,0.06
-2.57440e-01,-0.065,0.068
-2.57430e-01,-0.057,0.06
-2.57420e-01,-0.059,0.064
-2.57410e-01,-0.047,0.054
-2.57400e-01,-0.055,0.06
-2.57390e-01,-0.063,0.064
-2.57380e-01,-0.063,0.064
-2.57370e-01,-0.053,0.056
-2.57360e-01,-0.059,0.064
-2.57350e-01,-0.057,0.062
-2.57340e-01,-0.061,0.064
-2.57330e-01,-0.061,0.066
-2.57320e-01,-0.061,0.064
-2.57310e-01,-0.059,0.066
-2.57300e-01,-0.057,0.06
-2.57290e-01,-0.061,0.06
-2.57280e-01,-0.059,0.062
-2.57270e-01,-0.057,0.06
-2.57260e-01,-0.059,0.062
-2.57250e-01,-0.053,0.058
-2.57240e-01,-0.059,0.062
-2.57230e-01,-0.061,0.062
-2.57220e-01,-0.061,0.062
-2.57210e-01,-0.059,0.064
-2.57200e-01,-0.055,0.058
-2.57190e-01,-0.061,0.062
-2.57180e-01,-0.059,0.062
-2.57170e-01,-0.061,0.062
-2.57160e-01,-0.065,0.064
-2.57150e-01,-0.061,0.064
-2.57140e-01,-0.061,0.064
-2.57130e-01,-0.059,0.064
-2.57120e-01,-0.065,0.064
-2.57110e-01,-0.059,0.066
-2.57100e-01,-0.057,0.062
-2.57090e-01,-0.061,0.062
-2.57080e-01,-0.061,0.064
-2.57070e-01,-0.061,0.062
-2.57060e-01,-0.065,0.064
-2.57050e-01,-0.055,0.062
-2.57040e-01,-0.061,0.064
-2.57030e-01,-0.059,0.064
-2.57020e-01,-0.059,0.064
-2.57010e-01,-0.059,0.062
-2.57000e-01,-0.059,0.062
-2.56990e-01,-0.063,0.06
-2.56980e-01,-0.059,0.06
-2.56970e-01,-0.063,0.06
-2.56960e-01,-0.057,0.064
-2.56950e-01,-0.061,0.064
-2.56940e-01,-0.049,0.052
-2.56930e-01,-0.059,0.06
-2.56920e-01,-0.061,0.064
-2.56910e-01,-0.059,0.064
-2.56900e-01,-0.061,0.062
-2.56890e-01,-0.067,0.064
-2.56880e-01,-0.061,0.062
-2.56870e-01,-0.061,0.064
-2.56860e-01,-0.063,0.06
-2.56850e-01,-0.061,0.064
-2.56840e-01,-0.055,0.058
-2.56830e-01,-0.053,0.056
-2.56820e-01,-0.047,0.054
-2.56810e-01,-0.051,0.056
-2.56800e-01,-0.057,0.06
-2.56790e-01,-0.063,0.064
-2.56780e-01,-0.057,0.06
-2.56770e-01,-0.055,0.06
-2.56760e-01,-0.061,0.064
-2.56750e-01,-0.059,0.06
-2.56740e-01,-0.059,0.064
-2.56730e-01,-0.055,0.06
-2.56720e-01,-0.059,0.062
-2.56710e-01,-0.059,0.062
-2.56700e-01,-0.061,0.062
-2.56690e-01,-0.061,0.064
-2.56680e-01,-0.051,0.058
-2.56670e-01,-0.057,0.06
-2.56660e-01,-0.061,0.062
-2.56650e-01,-0.061,0.066
-2.56640e-01,-0.061,0.06
-2.56630e-01,-0.063,0.064
-2.56620e-01,-0.061,0.066
-2.56610e-01,-0.057,0.062
-2.56600e-01,-0.057,0.06
-2.56590e-01,-0.059,0.06
-2.56580e-01,-0.047,0.05
-2.56570e-01,-0.057,0.06
-2.56560e-01,-0.045,0.048
-2.56550e-01,-0.051,0.056
-2.56540e-01,-0.047,0.05
-2.56530e-01,-0.063,0.062
-2.56520e-01,-0.051,0.056
-2.56510e-01,-0.061,0.062
-2.56500e-01,-0.063,0.062
-2.56490e-01,-0.059,0.064
-2.56480e-01,-0.059,0.064
-2.56470e-01,-0.061,0.066
-2.56460e-01,-0.061,0.066
-2.56450e-01,-0.061,0.064
-2.56440e-01,-0.059,0.062
-2.56430e-01,-0.061,0.064
-2.56420e-01,-0.059,0.06
-2.56410e-01,-0.057,0.06
-2.56400e-01,-0.061,0.064
-2.56390e-01,-0.053,0.054
-2.56380e-01,-0.055,0.058
-2.56370e-01,-0.053,0.058
-2.56360e-01,-0.055,0.056
-2.56350e-01,-0.063,0.068
-2.56340e-01,-0.059,0.064
-2.56330e-01,-0.057,0.062
-2.56320e-01,-0.053,0.058
-2.56310e-01,-0.059,0.064
-2.56300e-01,-0.043,0.044
-2.56290e-01,-0.059,0.064
-2.56280e-01,-0.059,0.064
-2.56270e-01,-0.061,0.064
-2.56260e-01,-0.063,0.064
-2.56250e-01,-0.057,0.06
-2.56240e-01,-0.061,0.062
-2.56230e-01,-0.055,0.06
-2.56220e-01,-0.057,0.062
-2.56210e-01,-0.061,0.062
-2.56200e-01,-0.059,0.064
-2.56190e-01,-0.065,0.062
-2.56180e-01,-0.063,0.062
-2.56170e-01,-0.061,0.062
-2.56160e-01,-0.061,0.066
-2.56150e-01,-0.063,0.064
-2.56140e-01,-0.061,0.066
-2.56130e-01,-0.061,0.062
-2.56120e-01,-0.059,0.064
-2.56110e-01,-0.059,0.062
-2.56100e-01,-0.063,0.066
-2.56090e-01,-0.061,0.06
-2.56080e-01,-0.061,0.064
-2.56070e-01,-0.061,0.062
-2.56060e-01,-0.061,0.064
-2.56050e-01,-0.057,0.06
-2.56040e-01,-0.061,0.062
-2.56030e-01,-0.057,0.06
-2.56020e-01,-0.057,0.06
-2.56010e-01,-0.063,0.066
-2.56000e-01,-0.047,0.054
-2.55990e-01,-0.061,0.066
-2.55980e-01,-0.049,0.052
-2.55970e-01,-0.059,0.064
-2.55960e-01,-0.055,0.056
-2.55950e-01,-0.059,0.062
-2.55940e-01,-0.059,0.064
-2.55930e-01,-0.061,0.06
-2.55920e-01,-0.053,0.058
-2.55910e-01,-0.059,0.068
-2.55900e-01,-0.063,0.064
-2.55890e-01,-0.061,0.064
-2.55880e-01,-0.057,0.06
-2.55870e-01,-0.061,0.064
-2.55860e-01,-0.057,0.06
-2.55850e-01,-0.059,0.064
-2.55840e-01,-0.049,0.054
-2.55830e-01,-0.061,0.068
-2.55820e-01,-0.061,0.062
-2.55810e-01,-0.065,0.064
-2.55800e-01,-0.053,0.056
-2.55790e-01,-0.059,0.062
-2.55780e-01,-0.059,0.06
-2.55770e-01,-0.059,0.062
-2.55760e-01,-0.059,0.062
-2.55750e-01,-0.057,0.066
-2.55740e-01,-0.063,0.062
-2.55730e-01,-0.059,0.062
-2.55720e-01,-0.059,0.062
-2.55710e-01,-0.065,0.066
-2.55700e-01,-0.063,0.062
-2.55690e-01,-0.061,0.062
-2.55680e-01,-0.059,0.062
-2.55670e-01,-0.059,0.064
-2.55660e-01,-0.063,0.06
-2.55650e-01,-0.061,0.066
-2.55640e-01,-0.059,0.064
-2.55630e-01,-0.061,0.06
-2.55620e-01,-0.061,0.06
-2.55610e-01,-0.057,0.062
-2.55600e-01,-0.063,0.068
-2.55590e-01,-0.061,0.06
-2.55580e-01,-0.063,0.064
-2.55570e-01,-0.063,0.066
-2.55560e-01,-0.063,0.06
-2.55550e-01,-0.055,0.056
-2.55540e-01,-0.061,0.064
-2.55530e-01,-0.063,0.06
-2.55520e-01,-0.051,0.058
-2.55510e-01,-0.055,0.062
-2.55500e-01,-0.061,0.064
-2.55490e-01,-0.059,0.062
-2.55480e-01,-0.061,0.06
-2.55470e-01,-0.055,0.058
-2.55460e-01,-0.055,0.058
-2.55450e-01,-0.057,0.064
-2.55440e-01,-0.063,0.064
-2.55430e-01,-0.063,0.064
-2.55420e-01,-0.063,0.064
-2.55410e-01,-0.061,0.066
-2.55400e-01,-0.061,0.062
-2.55390e-01,-0.061,0.06
-2.55380e-01,-0.061,0.064
-2.55370e-01,-0.055,0.064
-2.55360e-01,-0.061,0.064
-2.55350e-01,-0.057,0.06
-2.55340e-01,-0.059,0.068
-2.55330e-01,-0.065,0.068
-2.55320e-01,-0.055,0.06
-2.55310e-01,-0.063,0.064
-2.55300e-01,-0.061,0.064
-2.55290e-01,-0.059,0.062
-2.55280e-01,-0.053,0.06
-2.55270e-01,-0.061,0.062
-2.55260e-01,-0.059,0.064
-2.55250e-01,-0.057,0.064
-2.55240e-01,-0.061,0.066
-2.55230e-01,-0.059,0.064
-2.55220e-01,-0.065,0.064
-2.55210e-01,-0.059,0.066
-2.55200e-01,-0.053,0.062
-2.55190e-01,-0.063,0.062
-2.55180e-01,-0.063,0.062
-2.55170e-01,-0.063,0.064
-2.55160e-01,-0.063,0.06
-2.55150e-01,-0.061,0.062
-2.55140e-01,-0.059,0.062
-2.55130e-01,-0.061,0.064
-2.55120e-01,-0.059,0.062
-2.55110e-01,-0.061,0.062
-2.55100e-01,-0.059,0.066
-2.55090e-01,-0.059,0.066
-2.55080e-01,-0.061,0.064
-2.55070e-01,-0.057,0.062
-2.55060e-01,-0.059,0.062
-2.55050e-01,-0.063,0.064
-2.55040e-01,-0.059,0.066
-2.55030e-01,-0.063,0.068
-2.55020e-01,-0.057,0.06
-2.55010e-01,-0.059,0.062
-2.55000e-01,-0.059,0.062
-2.54990e-01,-0.055,0.062
-2.54980e-01,-0.055,0.06
-2.54970e-01,-0.055,0.062
-2.54960e-01,-0.059,0.062
-2.54950e-01,-0.053,0.056
-2.54940e-01,-0.061,0.06
-2.54930e-01,-0.057,0.06
-2.54920e-01,-0.055,0.056
-2.54910e-01,-0.055,0.058
-2.54900e-01,-0.061,0.064
-2.54890e-01,-0.063,0.064
-2.54880e-01,-0.059,0.064
-2.54870e-01,-0.057,0.064
-2.54860e-01,-0.049,0.058
-2.54850e-01,-0.057,0.064
-2.54840e-01,-0.059,0.062
-2.54830e-01,-0.057,0.06
-2.54820e-01,-0.061,0.064
-2.54810e-01,-0.061,0.064
-2.54800e-01,-0.061,0.062
-2.54790e-01,-0.061,0.062
-2.54780e-01,-0.061,0.062
-2.54770e-01,-0.057,0.064
-2.54760e-01,-0.059,0.06
-2.54750e-01,-0.057,0.06
-2.54740e-01,-0.057,0.056
-2.54730e-01,-0.053,0.06
-2.54720e-01,-0.059,0.064
-2.54710e-01,-0.053,0.058
-2.54700e-01,-0.061,0.066
-2.54690e-01,-0.055,0.06
-2.54680e-01,-0.063,0.064
-2.54670e-01,-0.065,0.062
-2.54660e-01,-0.055,0.058
-2.54650e-01,-0.061,0.062
-2.54640e-01,-0.063,0.062
-2.54630e-01,-0.061,0.062
-2.54620e-01,-0.059,0.06
-2.54610e-01,-0.063,0.064
-2.54600e-01,-0.061,0.064
-2.54590e-01,-0.061,0.064
-2.54580e-01,-0.057,0.062
-2.54570e-01,-0.063,0.064
-2.54560e-01,-0.061,0.062
-2.54550e-01,-0.061,0.068
-2.54540e-01,-0.061,0.064
-2.54530e-01,-0.061,0.062
-2.54520e-01,-0.063,0.066
-2.54510e-01,-0.061,0.064
-2.54500e-01,-0.057,0.06
-2.54490e-01,-0.065,0.064
-2.54480e-01,-0.063,0.064
-2.54470e-01,-0.059,0.06
-2.54460e-01,-0.063,0.064
-2.54450e-01,-0.061,0.062
-2.54440e-01,-0.061,0.064
-2.54430e-01,-0.061,0.066
-2.54420e-01,-0.059,0.06
-2.54410e-01,-0.055,0.06
-2.54400e-01,-0.061,0.062
-2.54390e-01,-0.063,0.064
-2.54380e-01,-0.059,0.064
-2.54370e-01,-0.061,0.064
-2.54360e-01,-0.059,0.066
-2.54350e-01,-0.059,0.064
-2.54340e-01,-0.059,0.064
-2.54330e-01,-0.059,0.064
-2.54320e-01,-0.059,0.064
-2.54310e-01,-0.057,0.066
-2.54300e-01,-0.061,0.064
-2.54290e-01,-0.063,0.064
-2.54280e-01,-0.057,0.06
-2.54270e-01,-0.061,0.062
-2.54260e-01,-0.063,0.062
-2.54250e-01,-0.061,0.062
-2.54240e-01,-0.059,0.064
-2.54230e-01,-0.049,0.06
-2.54220e-01,-0.059,0.06
-2.54210e-01,-0.059,0.062
-2.54200e-01,-0.061,0.064
-2.54190e-01,-0.065,0.064
-2.54180e-01,-0.065,0.062
-2.54170e-01,-0.055,0.06
-2.54160e-01,-0.059,0.06
-2.54150e-01,-0.063,0.062
-2.54140e-01,-0.055,0.06
-2.54130e-01,-0.061,0.06
-2.54120e-01,-0.051,0.054
-2.54110e-01,-0.047,0.052
-2.54100e-01,-0.059,0.06
-2.54090e-01,-0.063,0.066
-2.54080e-01,-0.059,0.068
-2.54070e-01,-0.061,0.064
-2.54060e-01,-0.061,0.068
-2.54050e-01,-0.059,0.06
-2.54040e-01,-0.059,0.062
-2.54030e-01,-0.061,0.062
-2.54020e-01,-0.061,0.062
-2.54010e-01,-0.061,0.062
-2.54000e-01,-0.057,0.062
-2.53990e-01,-0.063,0.062
-2.53980e-01,-0.063,0.064
-2.53970e-01,-0.059,0.062
-2.53960e-01,-0.059,0.064
-2.53950e-01,-0.061,0.062
-2.53940e-01,-0.057,0.06
-2.53930e-01,-0.059,0.066
-2.53920e-01,-0.059,0.066
-2.53910e-01,-0.059,0.062
-2.53900e-01,-0.059,0.068
-2.53890e-01,-0.059,0.066
-2.53880e-01,-0.061,0.064
-2.53870e-01,-0.063,0.062
-2.53860e-01,-0.053,0.058
-2.53850e-01,-0.061,0.062
-2.53840e-01,-0.059,0.062
-2.53830e-01,-0.061,0.062
-2.53820e-01,-0.059,0.068
-2.53810e-01,-0.055,0.06
-2.53800e-01,-0.065,0.064
-2.53790e-01,-0.059,0.064
-2.53780e-01,-0.061,0.062
-2.53770e-01,-0.061,0.062
-2.53760e-01,-0.059,0.064
-2.53750e-01,-0.059,0.062
-2.53740e-01,-0.061,0.064
-2.53730e-01,-0.063,0.062
-2.53720e-01,-0.059,0.06
-2.53710e-01,-0.061,0.064
-2.53700e-01,-0.059,0.06
-2.53690e-01,-0.061,0.064
-2.53680e-01,-0.059,0.064
-2.53670e-01,-0.059,0.062
-2.53660e-01,-0.061,0.064
-2.53650e-01,-0.053,0.058
-2.53640e-01,-0.059,0.062
-2.53630e-01,-0.059,0.062
-2.53620e-01,-0.061,0.064
-2.53610e-01,-0.059,0.062
-2.53600e-01,-0.059,0.062
-2.53590e-01,-0.061,0.066
-2.53580e-01,-0.063,0.064
-2.53570e-01,-0.061,0.064
-2.53560e-01,-0.055,0.06
-2.53550e-01,-0.063,0.062
-2.53540e-01,-0.059,0.064
-2.53530e-01,-0.059,0.064
-2.53520e-01,-0.061,0.064
-2.53510e-01,-0.059,0.06
-2.53500e-01,-0.063,0.064
-2.53490e-01,-0.055,0.06
-2.53480e-01,-0.059,0.06
-2.53470e-01,-0.063,0.062
-2.53460e-01,-0.059,0.064
-2.53450e-01,-0.063,0.062
-2.53440e-01,-0.053,0.06
-2.53430e-01,-0.057,0.06
-2.53420e-01,-0.061,0.06
-2.53410e-01,-0.059,0.064
-2.53400e-01,-0.061,0.064
-2.53390e-01,-0.063,0.068
-2.53380e-01,-0.063,0.062
-2.53370e-01,-0.061,0.062
-2.53360e-01,-0.061,0.066
-2.53350e-01,-0.059,0.062
-2.53340e-01,-0.063,0.064
-2.53330e-01,-0.059,0.062
-2.53320e-01,-0.059,0.066
-2.53310e-01,-0.061,0.066
-2.53300e-01,-0.061,0.06
-2.53290e-01,-0.061,0.066
-2.53280e-01,-0.055,0.06
-2.53270e-01,-0.059,0.064
-2.53260e-01,-0.059,0.064
-2.53250e-01,-0.063,0.064
-2.53240e-01,-0.061,0.064
-2.53230e-01,-0.061,0.06
-2.53220e-01,-0.059,0.062
-2.53210e-01,-0.061,0.06
-2.53200e-01,-0.063,0.062
-2.53190e-01,-0.061,0.066
-2.53180e-01,-0.053,0.058
-2.53170e-01,-0.049,0.054
-2.53160e-01,-0.043,0.052
-2.53150e-01,-0.049,0.054
-2.53140e-01,-0.053,0.058
-2.53130e-01,-0.061,0.064
-2.53120e-01,-0.061,0.068
-2.53110e-01,-0.057,0.056
-2.53100e-01,-0.059,0.064
-2.53090e-01,-0.061,0.06
-2.53080e-01,-0.059,0.064
-2.53070e-01,-0.059,0.064
-2.53060e-01,-0.057,0.064
-2.53050e-01,-0.059,0.062
-2.53040e-01,-0.059,0.066
-2.53030e-01,-0.059,0.064
-2.53020e-01,-0.063,0.064
-2.53010e-01,-0.061,0.062
-2.53000e-01,-0.059,0.064
-2.52990e-01,-0.059,0.066
-2.52980e-01,-0.059,0.06
-2.52970e-01,-0.061,0.062
-2.52960e-01,-0.061,0.06
-2.52950e-01,-0.061,0.064
-2.52940e-01,-0.055,0.06
-2.52930e-01,-0.059,0.064
-2.52920e-01,-0.065,0.064
-2.52910e-01,-0.055,0.06
-2.52900e-01,-0.059,0.064
-2.52890e-01,-0.057,0.06
-2.52880e-01,-0.059,0.064
-2.52870e-01,-0.059,0.062
-2.52860e-01,-0.055,0.06
-2.52850e-01,-0.067,0.064
-2.52840e-01,-0.061,0.062
-2.52830e-01,-0.061,0.064
-2.52820e-01,-0.059,0.06
-2.52810e-01,-0.061,0.06
-2.52800e-01,-0.053,0.054
-2.52790e-01,-0.053,0.054
-2.52780e-01,-0.057,0.062
-2.52770e-01,-0.059,0.06
-2.52760e-01,-0.063,0.062
-2.52750e-01,-0.061,0.06
-2.52740e-01,-0.061,0.064
-2.52730e-01,-0.051,0.058
-2.52720e-01,-0.039,0.044
-2.52710e-01,-0.051,0.058
-2.52700e-01,-0.063,0.062
-2.52690e-01,-0.063,0.064
-2.52680e-01,-0.059,0.062
-2.52670e-01,-0.055,0.06
-2.52660e-01,-0.059,0.064
-2.52650e-01,-0.063,0.064
-2.52640e-01,-0.061,0.064
-2.52630e-01,-0.063,0.064
-2.52620e-01,-0.063,0.062
-2.52610e-01,-0.061,0.064
-2.52600e-01,-0.059,0.062
-2.52590e-01,-0.059,0.064
-2.52580e-01,-0.061,0.062
-2.52570e-01,-0.057,0.064
-2.52560e-01,-0.059,0.064
-2.52550e-01,-0.065,0.062
-2.52540e-01,-0.059,0.062
-2.52530e-01,-0.055,0.06
-2.52520e-01,-0.057,0.062
-2.52510e-01,-0.059,0.064
-2.52500e-01,-0.061,0.066
-2.52490e-01,-0.061,0.064
-2.52480e-01,-0.059,0.064
-2.52470e-01,-0.059,0.062
-2.52460e-01,-0.061,0.064
-2.52450e-01,-0.065,0.064
-2.52440e-01,-0.063,0.062
-2.52430e-01,-0.055,0.058
-2.52420e-01,-0.061,0.064
-2.52410e-01,-0.059,0.062
-2.52400e-01,-0.061,0.064
-2.52390e-01,-0.055,0.062
-2.52380e-01,-0.059,0.064
-2.52370e-01,-0.059,0.06
-2.52360e-01,-0.061,0.064
-2.52350e-01,-0.057,0.066
-2.52340e-01,-0.059,0.06
-2.52330e-01,-0.057,0.06
-2.52320e-01,-0.061,0.068
-2.52310e-01,-0.061,0.066
-2.52300e-01,-0.061,0.064
-2.52290e-01,-0.063,0.064
-2.52280e-01,-0.059,0.064
-2.52270e-01,-0.061,0.064
-2.52260e-01,-0.057,0.064
-2.52250e-01,-0.063,0.062
-2.52240e-01,-0.063,0.066
-2.52230e-01,-0.061,0.062
-2.52220e-01,-0.063,0.066
-2.52210e-01,-0.063,0.064
-2.52200e-01,-0.061,0.062
-2.52190e-01,-0.061,0.064
-2.52180e-01,-0.055,0.06
-2.52170e-01,-0.061,0.064
-2.52160e-01,-0.055,0.056
-2.52150e-01,-0.061,0.064
-2.52140e-01,-0.063,0.064
-2.52130e-01,-0.063,0.064
-2.52120e-01,-0.053,0.06
-2.52110e-01,-0.057,0.058
-2.52100e-01,-0.053,0.06
-2.52090e-01,-0.061,0.062
-2.52080e-01,-0.061,0.062
-2.52070e-01,-0.055,0.068
-2.52060e-01,-0.061,0.062
-2.52050e-01,-0.061,0.064
-2.52040e-01,-0.057,0.062
-2.52030e-01,-0.059,0.064
-2.52020e-01,-0.061,0.064
-2.52010e-01,-0.059,0.062
-2.52000e-01,-0.061,0.062
-2.51990e-01,-0.057,0.058
-2.51980e-01,-0.061,0.062
-2.51970e-01,-0.061,0.06
-2.51960e-01,-0.065,0.064
-2.51950e-01,-0.051,0.056
-2.51940e-01,-0.053,0.06
-2.51930e-01,-0.051,0.054
-2.51920e-01,-0.061,0.06
-2.51910e-01,-0.055,0.058
-2.51900e-01,-0.061,0.062
-2.51890e-01,-0.063,0.064
-2.51880e-01,-0.063,0.064
-2.51870e-01,-0.061,0.064
-2.51860e-01,-0.057,0.06
-2.51850e-01,-0.063,0.064
-2.51840e-01,-0.061,0.064
-2.51830e-01,-0.057,0.064
-2.51820e-01,-0.063,0.064
-2.51810e-01,-0.061,0.064
-2.51800e-01,-0.057,0.06
-2.51790e-01,-0.061,0.064
-2.51780e-01,-0.061,0.064
-2.51770e-01,-0.055,0.058
-2.51760e-01,-0.057,0.06
-2.51750e-01,-0.059,0.064
-2.51740e-01,-0.061,0.062
-2.51730e-01,-0.059,0.062
-2.51720e-01,-0.061,0.068
-2.51710e-01,-0.061,0.066
-2.51700e-01,-0.063,0.062
-2.51690e-01,-0.061,0.062
-2.51680e-01,-0.061,0.066
-2.51670e-01,-0.059,0.062
-2.51660e-01,-0.063,0.064
-2.51650e-01,-0.063,0.064
-2.51640e-01,-0.059,0.064
-2.51630e-01,-0.059,0.064
-2.51620e-01,-0.055,0.06
-2.51610e-01,-0.059,0.064
-2.51600e-01,-0.051,0.058
-2.51590e-01,-0.059,0.06
-2.51580e-01,-0.057,0.058
-2.51570e-01,-0.057,0.06
-2.51560e-01,-0.059,0.06
-2.51550e-01,-0.053,0.056
-2.51540e-01,-0.061,0.062
-2.51530e-01,-0.061,0.064
-2.51520e-01,-0.061,0.062
-2.51510e-01,-0.059,0.062
-2.51500e-01,-0.061,0.064
-2.51490e-01,-0.061,0.062
-2.51480e-01,-0.053,0.06
-2.51470e-01,-0.063,0.064
-2.51460e-01,-0.057,0.058
-2.51450e-01,-0.061,0.062
-2.51440e-01,-0.053,0.06
-2.51430e-01,-0.053,0.06
-2.51420e-01,-0.055,0.062
-2.51410e-01,-0.051,0.054
-2.51400e-01,-0.061,0.064
-2.51390e-01,-0.059,0.066
-2.51380e-01,-0.061,0.064
-2.51370e-01,-0.059,0.066
-2.51360e-01,-0.061,0.064
-2.51350e-01,-0.061,0.062
-2.51340e-01,-0.061,0.064
-2.51330e-01,-0.059,0.06
-2.51320e-01,-0.059,0.066
-2.51310e-01,-0.059,0.064
-2.51300e-01,-0.059,0.06
-2.51290e-01,-0.061,0.062
-2.51280e-01,-0.067,0.066
-2.51270e-01,-0.061,0.062
-2.51260e-01,-0.057,0.064
-2.51250e-01,-0.055,0.058
-2.51240e-01,-0.061,0.064
-2.51230e-01,-0.047,0.056
-2.51220e-01,-0.039,0.046
-2.51210e-01,-0.043,0.046
-2.51200e-01,-0.037,0.042
-2.51190e-01,-0.053,0.058
-2.51180e-01,-0.051,0.058
-2.51170e-01,-0.053,0.06
-2.51160e-01,-0.055,0.058
-2.51150e-01,-0.065,0.066
-2.51140e-01,-0.057,0.064
-2.51130e-01,-0.061,0.062
-2.51120e-01,-0.061,0.064
-2.51110e-01,-0.061,0.064
-2.51100e-01,-0.061,0.066
-2.51090e-01,-0.053,0.06
-2.51080e-01,-0.061,0.064
-2.51070e-01,-0.061,0.062
-2.51060e-01,-0.065,0.064
-2.51050e-01,-0.061,0.062
-2.51040e-01,-0.059,0.062
-2.51030e-01,-0.061,0.06
-2.51020e-01,-0.061,0.062
-2.51010e-01,-0.057,0.064
-2.51000e-01,-0.055,0.062
-2.50990e-01,-0.057,0.06
-2.50980e-01,-0.059,0.064
-2.50970e-01,-0.059,0.062
-2.50960e-01,-0.063,0.066
-2.50950e-01,-0.059,0.062
-2.50940e-01,-0.061,0.06
-2.50930e-01,-0.059,0.062
-2.50920e-01,-0.063,0.062
-2.50910e-01,-0.061,0.062
-2.50900e-01,-0.061,0.066
-2.50890e-01,-0.063,0.064
-2.50880e-01,-0.063,0.062
-2.50870e-01,-0.063,0.064
-2.50860e-01,-0.057,0.062
-2.50850e-01,-0.061,0.064
-2.50840e-01,-0.057,0.06
-2.50830e-01,-0.059,0.06
-2.50820e-01,-0.059,0.06
-2.50810e-01,-0.063,0.06
-2.50800e-01,-0.061,0.062
-2.50790e-01,-0.055,0.062
-2.50780e-01,-0.063,0.07
-2.50770e-01,-0.063,0.066
-2.50760e-01,-0.063,0.062
-2.50750e-01,-0.059,0.064
-2.50740e-01,-0.061,0.06
-2.50730e-01,-0.061,0.064
-2.50720e-01,-0.061,0.064
-2.50710e-01,-0.061,0.062
-2.50700e-01,-0.061,0.064
-2.50690e-01,-0.057,0.064
-2.50680e-01,-0.061,0.062
-2.50670e-01,-0.057,0.06
-2.50660e-01,-0.061,0.062
-2.50650e-01,-0.063,0.064
-2.50640e-01,-0.061,0.062
-2.50630e-01,-0.065,0.064
-2.50620e-01,-0.059,0.064
-2.50610e-01,-0.061,0.06
-2.50600e-01,-0.055,0.06
-2.50590e-01,-0.061,0.064
-2.50580e-01,-0.059,0.06
-2.50570e-01,-0.057,0.066
-2.50560e-01,-0.055,0.06
-2.50550e-01,-0.061,0.062
-2.50540e-01,-0.061,0.068
-2.50530e-01,-0.057,0.058
-2.50520e-01,-0.049,0.056
-2.50510e-01,-0.061,0.062
-2.50500e-01,-0.061,0.064
-2.50490e-01,-0.061,0.064
-2.50480e-01,-0.063,0.064
-2.50470e-01,-0.059,0.064
-2.50460e-01,-0.061,0.064
-2.50450e-01,-0.059,0.06
-2.50440e-01,-0.061,0.064
-2.50430e-01,-0.061,0.062
-2.50420e-01,-0.059,0.064
-2.50410e-01,-0.057,0.062
-2.50400e-01,-0.061,0.068
-2.50390e-01,-0.063,0.064
-2.50380e-01,-0.057,0.064
-2.50370e-01,-0.059,0.06
-2.50360e-01,-0.057,0.064
-2.50350e-01,-0.055,0.06
-2.50340e-01,-0.055,0.058
-2.50330e-01,-0.047,0.05
-2.50320e-01,-0.053,0.06
-2.50310e-01,-0.059,0.062
-2.50300e-01,-0.057,0.06
-2.50290e-01,-0.051,0.056
-2.50280e-01,-0.057,0.056
-2.50270e-01,-0.047,0.056
-2.50260e-01,-0.063,0.064
-2.50250e-01,-0.059,0.064
-2.50240e-01,-0.061,0.064
-2.50230e-01,-0.057,0.062
-2.50220e-01,-0.043,0.05
-2.50210e-01,-0.047,0.056
-2.50200e-01,-0.059,0.064
-2.50190e-01,-0.061,0.066
-2.50180e-01,-0.057,0.06
-2.50170e-01,-0.063,0.06
-2.50160e-01,-0.053,0.06
-2.50150e-01,-0.061,0.062
-2.50140e-01,-0.063,0.064
-2.50130e-01,-0.059,0.064
-2.50120e-01,-0.061,0.066
-2.50110e-01,-0.057,0.06
-2.50100e-01,-0.061,0.064
-2.50090e-01,-0.055,0.06
-2.50080e-01,-0.047,0.05
-2.50070e-01,-0.063,0.066
-2.50060e-01,-0.065,0.066
-2.50050e-01,-0.065,0.066
-2.50040e-01,-0.059,0.064
-2.50030e-01,-0.063,0.064
-2.50020e-01,-0.061,0.064
-2.50010e-01,-0.059,0.064
-2.50000e-01,-0.063,0.064
-2.49990e-01,-0.061,0.06
-2.49980e-01,-0.061,0.062
-2.49970e-01,-0.053,0.06
-2.49960e-01,-0.063,0.062
-2.49950e-01,-0.061,0.062
-2.49940e-01,-0.047,0.058
-2.49930e-01,-0.061,0.064
-2.49920e-01,-0.053,0.06
-2.49910e-01,-0.061,0.06
-2.49900e-01,-0.061,0.06
-2.49890e-01,-0.063,0.064
-2.49880e-01,-0.065,0.062
-2.49870e-01,-0.057,0.062
-2.49860e-01,-0.063,0.062
-2.49850e-01,-0.059,0.064
-2.49840e-01,-0.063,0.062
-2.49830e-01,-0.059,0.06
-2.49820e-01,-0.057,0.062
-2.49810e-01,-0.049,0.052
-2.49800e-01,-0.059,0.062
-2.49790e-01,-0.063,0.064
-2.49780e-01,-0.053,0.06
-2.49770e-01,-0.061,0.062
-2.49760e-01,-0.059,0.062
-2.49750e-01,-0.063,0.064
-2.49740e-01,-0.059,0.064
-2.49730e-01,-0.063,0.064
-2.49720e-01,-0.061,0.066
-2.49710e-01,-0.061,0.066
-2.49700e-01,-0.061,0.064
-2.49690e-01,-0.061,0.066
-2.49680e-01,-0.059,0.062
-2.49670e-01,-0.061,0.064
-2.49660e-01,-0.063,0.064
-2.49650e-01,-0.057,0.062
-2.49640e-01,-0.061,0.062
-2.49630e-01,-0.059,0.062
-2.49620e-01,-0.049,0.054
-2.49610e-01,-0.057,0.06
-2.49600e-01,-0.059,0.06
-2.49590e-01,-0.057,0.06
-2.49580e-01,-0.063,0.062
-2.49570e-01,-0.059,0.06
-2.49560e-01,-0.063,0.064
-2.49550e-01,-0.061,0.058
-2.49540e-01,-0.053,0.06
-2.49530e-01,-0.053,0.056
-2.49520e-01,-0.057,0.062
-2.49510e-01,-0.065,0.064
-2.49500e-01,-0.053,0.06
-2.49490e-01,-0.061,0.064
-2.49480e-01,-0.059,0.062
-2.49470e-01,-0.049,0.056
-2.49460e-01,-0.061,0.064
-2.49450e-01,-0.053,0.054
-2.49440e-01,-0.059,0.064
-2.49430e-01,-0.055,0.06
-2.49420e-01,-0.061,0.06
-2.49410e-01,-0.059,0.062
-2.49400e-01,-0.061,0.064
-2.49390e-01,-0.061,0.064
-2.49380e-01,-0.063,0.064
-2.49370e-01,-0.061,0.064
-2.49360e-01,-0.063,0.064
-2.49350e-01,-0.061,0.064
-2.49340e-01,-0.061,0.062
-2.49330e-01,-0.063,0.066
-2.49320e-01,-0.061,0.062
-2.49310e-01,-0.061,0.066
-2.49300e-01,-0.055,0.058
-2.49290e-01,-0.063,0.064
-2.49280e-01,-0.061,0.06
-2.49270e-01,-0.057,0.062
-2.49260e-01,-0.059,0.066
-2.49250e-01,-0.061,0.064
-2.49240e-01,-0.061,0.062
-2.49230e-01,-0.055,0.06
-2.49220e-01,-0.067,0.066
-2.49210e-01,-0.057,0.06
-2.49200e-01,-0.061,0.068
-2.49190e-01,-0.051,0.058
-2.49180e-01,-0.055,0.06
-2.49170e-01,-0.047,0.058
-2.49160e-01,-0.061,0.062
-2.49150e-01,-0.051,0.058
-2.49140e-01,-0.059,0.062
-2.49130e-01,-0.061,0.064
-2.49120e-01,-0.061,0.06
-2.49110e-01,-0.059,0.06
-2.49100e-01,-0.059,0.064
-2.49090e-01,-0.059,0.064
-2.49080e-01,-0.061,0.062
-2.49070e-01,-0.063,0.066
-2.49060e-01,-0.061,0.064
-2.49050e-01,-0.063,0.064
-2.49040e-01,-0.063,0.064
-2.49030e-01,-0.061,0.064
-2.49020e-01,-0.061,0.06
-2.49010e-01,-0.055,0.06
-2.49000e-01,-0.065,0.068
-2.48990e-01,-0.061,0.066
-2.48980e-01,-0.061,0.068
-2.48970e-01,-0.053,0.058
-2.48960e-01,-0.053,0.06
-2.48950e-01,-0.059,0.062
-2.48940e-01,-0.059,0.062
-2.48930e-01,-0.061,0.064
-2.48920e-01,-0.051,0.056
-2.48910e-01,-0.057,0.06
-2.48900e-01,-0.063,0.064
-2.48890e-01,-0.055,0.06
-2.48880e-01,-0.059,0.06
-2.48870e-01,-0.055,0.06
-2.48860e-01,-0.063,0.064
-2.48850e-01,-0.061,0.064
-2.48840e-01,-0.061,0.066
-2.48830e-01,-0.059,0.062
-2.48820e-01,-0.055,0.062
-2.48810e-01,-0.063,0.064
-2.48800e-01,-0.063,0.064
-2.48790e-01,-0.061,0.064
-2.48780e-01,-0.061,0.064
-2.48770e-01,-0.057,0.062
-2.48760e-01,-0.061,0.064
-2.48750e-01,-0.061,0.064
-2.48740e-01,-0.059,0.066
-2.48730e-01,-0.063,0.064
-2.48720e-01,-0.061,0.064
-2.48710e-01,-0.061,0.062
-2.48700e-01,-0.057,0.06
-2.48690e-01,-0.061,0.066
-2.48680e-01,-0.061,0.062
-2.48670e-01,-0.061,0.064
-2.48660e-01,-0.055,0.06
-2.48650e-01,-0.057,0.06
-2.48640e-01,-0.061,0.064
-2.48630e-01,-0.061,0.064
-2.48620e-01,-0.059,0.06
-2.48610e-01,-0.063,0.064
-2.48600e-01,-0.063,0.068
-2.48590e-01,-0.061,0.066
-2.48580e-01,-0.057,0.062
-2.48570e-01,-0.059,0.062
-2.48560e-01,-0.061,0.064
-2.48550e-01,-0.063,0.064
-2.48540e-01,-0.059,0.064
-2.48530e-01,-0.059,0.06
-2.48520e-01,-0.059,0.06
-2.48510e-01,-0.059,0.064
-2.48500e-01,-0.063,0.066
-2.48490e-01,-0.059,0.062
-2.48480e-01,-0.063,0.062
-2.48470e-01,-0.065,0.064
-2.48460e-01,-0.055,0.06
-2.48450e-01,-0.057,0.062
-2.48440e-01,-0.055,0.058
-2.48430e-01,-0.055,0.06
-2.48420e-01,-0.061,0.062
-2.48410e-01,-0.059,0.064
-2.48400e-01,-0.059,0.064
-2.48390e-01,-0.059,0.062
-2.48380e-01,-0.061,0.066
-2.48370e-01,-0.049,0.056
-2.48360e-01,-0.061,0.064
-2.48350e-01,-0.053,0.056
-2.48340e-01,-0.061,0.064
-2.48330e-01,-0.063,0.062
-2.48320e-01,-0.051,0.054
-2.48310e-01,-0.059,0.066
-2.48300e-01,-0.063,0.064
-2.48290e-01,-0.061,0.064
-2.48280e-01,-0.063,0.064
-2.48270e-01,-0.061,0.064
-2.48260e-01,-0.061,0.064
-2.48250e-01,-0.063,0.064
-2.48240e-01,-0.057,0.06
-2.48230e-01,-0.053,0.056
-2.48220e-01,-0.053,0.056
-2.48210e-01,-0.057,0.058
-2.48200e-01,-0.047,0.054
-2.48190e-01,-0.061,0.064
-2.48180e-01,-0.051,0.054
-2.48170e-01,-0.061,0.064
-2.48160e-01,-0.057,0.06
-2.48150e-01,-0.063,0.064
-2.48140e-01,-0.057,0.06
-2.48130e-01,-0.055,0.058
-2.48120e-01,-0.061,0.062
-2.48110e-01,-0.043,0.05
-2.48100e-01,-0.063,0.064
-2.48090e-01,-0.059,0.062
-2.48080e-01,-0.055,0.064
-2.48070e-01,-0.061,0.064
-2.48060e-01,-0.057,0.06
-2.48050e-01,-0.059,0.064
-2.48040e-01,-0.063,0.064
-2.48030e-01,-0.061,0.056
-2.48020e-01,-0.061,0.062
-2.48010e-01,-0.059,0.062
-2.48000e-01,-0.061,0.062
-2.47990e-01,-0.059,0.058
-2.47980e-01,-0.059,0.062
-2.47970e-01,-0.063,0.066
-2.47960e-01,-0.061,0.064
-2.47950e-01,-0.065,0.064
-2.47940e-01,-0.059,0.06
-2.47930e-01,-0.061,0.062
-2.47920e-01,-0.061,0.066
-2.47910e-01,-0.057,0.06
-2.47900e-01,-0.063,0.064
-2.47890e-01,-0.059,0.06
-2.47880e-01,-0.061,0.062
-2.47870e-01,-0.061,0.064
-2.47860e-01,-0.063,0.064
-2.47850e-01,-0.055,0.06
-2.47840e-01,-0.061,0.062
-2.47830e-01,-0.057,0.06
-2.47820e-01,-0.061,0.064
-2.47810e-01,-0.063,0.062
-2.47800e-01,-0.059,0.06
-2.47790e-01,-0.057,0.062
-2.47780e-01,-0.061,0.062
-2.47770e-01,-0.053,0.062
-2.47760e-01,-0.059,0.066
-2.47750e-01,-0.059,0.06
-2.47740e-01,-0.061,0.064
-2.47730e-01,-0.055,0.056
-2.47720e-01,-0.063,0.064
-2.47710e-01,-0.059,0.064
-2.47700e-01,-0.059,0.06
-2.47690e-01,-0.063,0.064
-2.47680e-01,-0.059,0.066
-2.47670e-01,-0.051,0.056
-2.47660e-01,-0.063,0.064
-2.47650e-01,-0.061,0.064
-2.47640e-01,-0.061,0.066
-2.47630e-01,-0.061,0.064
-2.47620e-01,-0.059,0.064
-2.47610e-01,-0.059,0.06
-2.47600e-01,-0.061,0.066
-2.47590e-01,-0.059,0.062
-2.47580e-01,-0.061,0.068
-2.47570e-01,-0.055,0.06
-2.47560e-01,-0.061,0.062
-2.47550e-01,-0.053,0.058
-2.47540e-01,-0.061,0.064
-2.47530e-01,-0.057,0.06
-2.47520e-01,-0.059,0.06
-2.47510e-01,-0.059,0.064
-2.47500e-01,-0.057,0.06
-2.47490e-01,-0.063,0.06
-2.47480e-01,-0.061,0.064
-2.47470e-01,-0.061,0.062
-2.47460e-01,-0.061,0.064
-2.47450e-01,-0.059,0.064
-2.47440e-01,-0.063,0.064
-2.47430e-01,-0.061,0.062
-2.47420e-01,-0.055,0.06
-2.47410e-01,-0.061,0.068
-2.47400e-01,-0.061,0.062
-2.47390e-01,-0.061,0.066
-2.47380e-01,-0.065,0.062
-2.47370e-01,-0.055,0.06
-2.47360e-01,-0.063,0.064
-2.47350e-01,-0.065,0.062
-2.47340e-01,-0.055,0.058
-2.47330e-01,-0.061,0.062
-2.47320e-01,-0.061,0.064
-2.47310e-01,-0.059,0.064
-2.47300e-01,-0.061,0.064
-2.47290e-01,-0.061,0.068
-2.47280e-01,-0.057,0.064
-2.47270e-01,-0.061,0.064
-2.47260e-01,-0.057,0.06
-2.47250e-01,-0.065,0.066
-2.47240e-01,-0.055,0.056
-2.47230e-01,-0.057,0.058
-2.47220e-01,-0.059,0.064
-2.47210e-01,-0.055,0.06
-2.47200e-01,-0.063,0.064
-2.47190e-01,-0.063,0.064
-2.47180e-01,-0.059,0.066
-2.47170e-01,-0.061,0.064
-2.47160e-01,-0.059,0.066
-2.47150e-01,-0.061,0.062
-2.47140e-01,-0.061,0.064
-2.47130e-01,-0.061,0.064
-2.47120e-01,-0.059,0.062
-2.47110e-01,-0.061,0.06
-2.47100e-01,-0.053,0.056
-2.47090e-01,-0.065,0.068
-2.47080e-01,-0.055,0.06
-2.47070e-01,-0.047,0.05
-2.47060e-01,-0.057,0.06
-2.47050e-01,-0.059,0.064
-2.47040e-01,-0.063,0.064
-2.47030e-01,-0.061,0.064
-2.47020e-01,-0.061,0.06
-2.47010e-01,-0.061,0.062
-2.47000e-01,-0.059,0.06
-2.46990e-01,-0.059,0.06
-2.46980e-01,-0.059,0.062
-2.46970e-01,-0.057,0.06
-2.46960e-01,-0.055,0.06
-2.46950e-01,-0.063,0.064
-2.46940e-01,-0.057,0.058
-2.46930e-01,-0.059,0.064
-2.46920e-01,-0.061,0.064
-2.46910e-01,-0.061,0.062
-2.46900e-01,-0.063,0.064
-2.46890e-01,-0.059,0.06
-2.46880e-01,-0.061,0.062
-2.46870e-01,-0.061,0.06
-2.46860e-01,-0.057,0.06
-2.46850e-01,-0.055,0.06
-2.46840e-01,-0.057,0.062
-2.46830e-01,-0.059,0.06
-2.46820e-01,-0.057,0.056
-2.46810e-01,-0.059,0.06
-2.46800e-01,-0.063,0.064
-2.46790e-01,-0.059,0.06
-2.46780e-01,-0.057,0.06
-2.46770e-01,-0.059,0.064
-2.46760e-01,-0.063,0.064
-2.46750e-01,-0.055,0.062
-2.46740e-01,-0.057,0.064
-2.46730e-01,-0.061,0.064
-2.46720e-01,-0.063,0.062
-2.46710e-01,-0.059,0.066
-2.46700e-01,-0.061,0.066
-2.46690e-01,-0.063,0.062
-2.46680e-01,-0.057,0.06
-2.46670e-01,-0.059,0.062
-2.46660e-01,-0.057,0.068
-2.46650e-01,-0.061,0.064
-2.46640e-01,-0.061,0.06
-2.46630e-01,-0.059,0.058
-2.46620e-01,-0.051,0.052
-2.46610e-01,-0.047,0.054
-2.46600e-01,-0.059,0.06
-2.46590e-01,-0.055,0.058
-2.46580e-01,-0.059,0.062
-2.46570e-01,-0.055,0.062
-2.46560e-01,-0.061,0.064
-2.46550e-01,-0.061,0.06
-2.46540e-01,-0.059,0.062
-2.46530e-01,-0.059,0.062
-2.46520e-01,-0.059,0.062
-2.46510e-01,-0.059,0.06
-2.46500e-01,-0.051,0.058
-2.46490e-01,-0.061,0.062
-2.46480e-01,-0.061,0.068
-2.46470e-01,-0.059,0.062
-2.46460e-01,-0.059,0.064
-2.46450e-01,-0.059,0.066
-2.46440e-01,-0.057,0.058
-2.46430e-01,-0.061,0.062
-2.46420e-01,-0.059,0.068
-2.46410e-01,-0.057,0.06
-2.46400e-01,-0.059,0.064
-2.46390e-01,-0.059,0.06
-2.46380e-01,-0.061,0.062
-2.46370e-01,-0.059,0.062
-2.46360e-01,-0.061,0.066
-2.46350e-01,-0.055,0.054
-2.46340e-01,-0.059,0.064
-2.46330e-01,-0.051,0.058
-2.46320e-01,-0.055,0.058
-2.46310e-01,-0.063,0.064
-2.46300e-01,-0.059,0.066
-2.46290e-01,-0.057,0.064
-2.46280e-01,-0.059,0.068
-2.46270e-01,-0.059,0.062
-2.46260e-01,-0.061,0.066
-2.46250e-01,-0.061,0.062
-2.46240e-01,-0.057,0.062
-2.46230e-01,-0.061,0.06
-2.46220e-01,-0.065,0.062
-2.46210e-01,-0.059,0.06
-2.46200e-01,-0.063,0.066
-2.46190e-01,-0.055,0.058
-2.46180e-01,-0.061,0.064
-2.46170e-01,-0.061,0.062
-2.46160e-01,-0.055,0.058
-2.46150e-01,-0.055,0.062
-2.46140e-01,-0.059,0.066
-2.46130e-01,-0.057,0.062
-2.46120e-01,-0.053,0.058
-2.46110e-01,-0.057,0.06
-2.46100e-01,-0.059,0.062
-2.46090e-01,-0.061,0.064
-2.46080e-01,-0.061,0.068
-2.46070e-01,-0.061,0.064
-2.46060e-01,-0.059,0.064
-2.46050e-01,-0.057,0.062
-2.46040e-01,-0.053,0.056
-2.46030e-01,-0.061,0.06
-2.46020e-01,-0.061,0.062
-2.46010e-01,-0.061,0.064
-2.46000e-01,-0.057,0.064
-2.45990e-01,-0.059,0.06
-2.45980e-01,-0.061,0.058
-2.45970e-01,-0.051,0.056
-2.45960e-01,-0.055,0.06
-2.45950e-01,-0.061,0.064
-2.45940e-01,-0.057,0.062
-2.45930e-01,-0.061,0.062
-2.45920e-01,-0.055,0.058
-2.45910e-01,-0.059,0.06
-2.45900e-01,-0.059,0.062
-2.45890e-01,-0.055,0.058
-2.45880e-01,-0.061,0.064
-2.45870e-01,-0.055,0.058
-2.45860e-01,-0.061,0.062
-2.45850e-01,-0.055,0.056
-2.45840e-01,-0.057,0.062
-2.45830e-01,-0.061,0.062
-2.45820e-01,-0.061,0.066
-2.45810e-01,-0.059,0.062
-2.45800e-01,-0.059,0.064
-2.45790e-01,-0.049,0.05
-2.45780e-01,-0.061,0.062
-2.45770e-01,-0.051,0.058
-2.45760e-01,-0.061,0.064
-2.45750e-01,-0.061,0.062
-2.45740e-01,-0.061,0.062
-2.45730e-01,-0.059,0.062
-2.45720e-01,-0.059,0.064
-2.45710e-01,-0.057,0.06
-2.45700e-01,-0.057,0.062
-2.45690e-01,-0.061,0.06
-2.45680e-01,-0.063,0.062
-2.45670e-01,-0.053,0.06
-2.45660e-01,-0.057,0.062
-2.45650e-01,-0.055,0.062
-2.45640e-01,-0.059,0.06
-2.45630e-01,-0.059,0.062
-2.45620e-01,-0.059,0.064
-2.45610e-01,-0.061,0.064
-2.45600e-01,-0.059,0.064
-2.45590e-01,-0.061,0.064
-2.45580e-01,-0.059,0.062
-2.45570e-01,-0.061,0.062
-2.45560e-01,-0.063,0.062
-2.45550e-01,-0.059,0.064
-2.45540e-01,-0.053,0.058
-2.45530e-01,-0.055,0.058
-2.45520e-01,-0.057,0.06
-2.45510e-01,-0.057,0.06
-2.45500e-01,-0.059,0.06
-2.45490e-01,-0.061,0.064
-2.45480e-01,-0.059,0.064
-2.45470e-01,-0.057,0.06
-2.45460e-01,-0.059,0.066
-2.45450e-01,-0.051,0.056
-2.45440e-01,-0.059,0.06
-2.45430e-01,-0.061,0.06
-2.45420e-01,-0.057,0.06
-2.45410e-01,-0.059,0.064
-2.45400e-01,-0.059,0.066
-2.45390e-01,-0.059,0.062
-2.45380e-01,-0.063,0.06
-2.45370e-01,-0.057,0.062
-2.45360e-01,-0.065,0.062
-2.45350e-01,-0.059,0.062
-2.45340e-01,-0.059,0.062
-2.45330e-01,-0.061,0.064
-2.45320e-01,-0.057,0.064
-2.45310e-01,-0.057,0.062
-2.45300e-01,-0.063,0.062
-2.45290e-01,-0.063,0.06
-2.45280e-01,-0.061,0.064
-2.45270e-01,-0.053,0.062
-2.45260e-01,-0.057,0.064
-2.45250e-01,-0.063,0.064
-2.45240e-01,-0.063,0.062
-2.45230e-01,-0.057,0.064
-2.45220e-01,-0.059,0.06
-2.45210e-01,-0.059,0.064
-2.45200e-01,-0.063,0.066
-2.45190e-01,-0.061,0.07
-2.45180e-01,-0.059,0.066
-2.45170e-01,-0.063,0.062
-2.45160e-01,-0.055,0.06
-2.45150e-01,-0.059,0.062
-2.45140e-01,-0.063,0.064
-2.45130e-01,-0.055,0.06
-2.45120e-01,-0.063,0.064
-2.45110e-01,-0.061,0.064
-2.45100e-01,-0.057,0.062
-2.45090e-01,-0.057,0.064
-2.45080e-01,-0.059,0.062
-2.45070e-01,-0.061,0.062
-2.45060e-01,-0.067,0.06
-2.45050e-01,-0.061,0.064
-2.45040e-01,-0.061,0.064
-2.45030e-01,-0.061,0.06
-2.45020e-01,-0.061,0.062
-2.45010e-01,-0.063,0.064
-2.45000e-01,-0.059,0.062
-2.44990e-01,-0.061,0.062
-2.44980e-01,-0.065,0.062
-2.44970e-01,-0.059,0.068
-2.44960e-01,-0.059,0.066
-2.44950e-01,-0.063,0.066
-2.44940e-01,-0.059,0.064
-2.44930e-01,-0.061,0.064
-2.44920e-01,-0.061,0.066
-2.44910e-01,-0.061,0.066
-2.44900e-01,-0.065,0.064
-2.44890e-01,-0.057,0.066
-2.44880e-01,-0.057,0.062
-2.44870e-01,-0.055,0.06
-2.44860e-01,-0.061,0.064
-2.44850e-01,-0.057,0.06
-2.44840e-01,-0.059,0.062
-2.44830e-01,-0.061,0.064
-2.44820e-01,-0.061,0.066
-2.44810e-01,-0.063,0.062
-2.44800e-01,-0.061,0.064
-2.44790e-01,-0.059,0.06
-2.44780e-01,-0.059,0.064
-2.44770e-01,-0.059,0.06
-2.44760e-01,-0.057,0.06
-2.44750e-01,-0.061,0.064
-2.44740e-01,-0.061,0.062
-2.44730e-01,-0.063,0.064
-2.44720e-01,-0.059,0.064
-2.44710e-01,-0.057,0.064
-2.44700e-01,-0.055,0.06
-2.44690e-01,-0.065,0.064
-2.44680e-01,-0.063,0.062
-2.44670e-01,-0.051,0.058
-2.44660e-01,-0.059,0.062
-2.44650e-01,-0.061,0.064
-2.44640e-01,-0.061,0.062
-2.44630e-01,-0.057,0.062
-2.44620e-01,-0.059,0.062
-2.44610e-01,-0.061,0.062
-2.44600e-01,-0.057,0.058
-2.44590e-01,-0.059,0.064
-2.44580e-01,-0.061,0.062
-2.44570e-01,-0.055,0.058
-2.44560e-01,-0.061,0.062
-2.44550e-01,-0.047,0.052
-2.44540e-01,-0.057,0.062
-2.44530e-01,-0.053,0.062
-2.44520e-01,-0.055,0.06
-2.44510e-01,-0.063,0.066
-2.44500e-01,-0.061,0.064
-2.44490e-01,-0.065,0.064
-2.44480e-01,-0.061,0.066
-2.44470e-01,-0.059,0.06
-2.44460e-01,-0.059,0.06
-2.44450e-01,-0.059,0.062
-2.44440e-01,-0.055,0.056
-2.44430e-01,-0.057,0.062
-2.44420e-01,-0.059,0.06
-2.44410e-01,-0.061,0.064
-2.44400e-01,-0.057,0.058
-2.44390e-01,-0.059,0.062
-2.44380e-01,-0.053,0.056
-2.44370e-01,-0.057,0.062
-2.44360e-01,-0.059,0.064
-2.44350e-01,-0.059,0.062
-2.44340e-01,-0.059,0.064
-2.44330e-01,-0.065,0.062
-2.44320e-01,-0.061,0.066
-2.44310e-01,-0.063,0.064
-2.44300e-01,-0.053,0.06
-2.44290e-01,-0.063,0.062
-2.44280e-01,-0.053,0.062
-2.44270e-01,-0.061,0.06
-2.44260e-01,-0.051,0.06
-2.44250e-01,-0.061,0.068
-2.44240e-01,-0.059,0.062
-2.44230e-01,-0.057,0.064
-2.44220e-01,-0.041,0.046
-2.44210e-01,-0.053,0.054
-2.44200e-01,-0.049,0.054
-2.44190e-01,-0.047,0.054
-2.44180e-01,-0.061,0.062
-2.44170e-01,-0.059,0.062
-2.44160e-01,-0.059,0.062
-2.44150e-01,-0.061,0.062
-2.44140e-01,-0.061,0.062
-2.44130e-01,-0.063,0.062
-2.44120e-01,-0.055,0.06
-2.44110e-01,-0.055,0.062
-2.44100e-01,-0.061,0.064
-2.44090e-01,-0.059,0.06
-2.44080e-01,-0.063,0.062
-2.44070e-01,-0.055,0.06
-2.44060e-01,-0.061,0.064
-2.44050e-01,-0.059,0.06
-2.44040e-01,-0.059,0.062
-2.44030e-01,-0.055,0.06
-2.44020e-01,-0.063,0.062
-2.44010e-01,-0.057,0.064
-2.44000e-01,-0.057,0.06
-2.43990e-01,-0.057,0.06
-2.43980e-01,-0.057,0.06
-2.43970e-01,-0.057,0.06
-2.43960e-01,-0.063,0.064
-2.43950e-01,-0.059,0.064
-2.43940e-01,-0.061,0.06
-2.43930e-01,-0.059,0.064
-2.43920e-01,-0.057,0.062
-2.43910e-01,-0.063,0.064
-2.43900e-01,-0.053,0.06
-2.43890e-01,-0.061,0.062
-2.43880e-01,-0.049,0.058
-2.43870e-01,-0.059,0.068
-2.43860e-01,-0.059,0.062
-2.43850e-01,-0.061,0.06
-2.43840e-01,-0.063,0.062
-2.43830e-01,-0.059,0.06
-2.43820e-01,-0.057,0.06
-2.43810e-01,-0.063,0.064
-2.43800e-01,-0.059,0.062
-2.43790e-01,-0.059,0.062
-2.43780e-01,-0.061,0.06
-2.43770e-01,-0.061,0.068
-2.43760e-01,-0.059,0.064
-2.43750e-01,-0.059,0.064
-2.43740e-01,-0.059,0.062
-2.43730e-01,-0.059,0.06
-2.43720e-01,-0.063,0.062
-2.43710e-01,-0.061,0.06
-2.43700e-01,-0.041,0.054
-2.43690e-01,-0.055,0.054
-2.43680e-01,-0.059,0.06
-2.43670e-01,-0.053,0.06
-2.43660e-01,-0.053,0.06
-2.43650e-01,-0.061,0.064
-2.43640e-01,-0.059,0.066
-2.43630e-01,-0.061,0.066
-2.43620e-01,-0.065,0.064
-2.43610e-01,-0.061,0.064
-2.43600e-01,-0.059,0.062
-2.43590e-01,-0.061,0.068
-2.43580e-01,-0.061,0.062
-2.43570e-01,-0.063,0.066
-2.43560e-01,-0.059,0.06
-2.43550e-01,-0.057,0.06
-2.43540e-01,-0.061,0.066
-2.43530e-01,-0.061,0.064
-2.43520e-01,-0.063,0.062
-2.43510e-01,-0.059,0.062
-2.43500e-01,-0.059,0.062
-2.43490e-01,-0.045,0.054
-2.43480e-01,-0.061,0.062
-2.43470e-01,-0.063,0.064
-2.43460e-01,-0.063,0.064
-2.43450e-01,-0.061,0.062
-2.43440e-01,-0.063,0.062
-2.43430e-01,-0.057,0.062
-2.43420e-01,-0.059,0.06
-2.43410e-01,-0.063,0.064
-2.43400e-01,-0.059,0.064
-2.43390e-01,-0.057,0.064
-2.43380e-01,-0.057,0.064
-2.43370e-01,-0.059,0.064
-2.43360e-01,-0.059,0.062
-2.43350e-01,-0.063,0.064
-2.43340e-01,-0.055,0.06
-2.43330e-01,-0.059,0.06
-2.43320e-01,-0.043,0.048
-2.43310e-01,-0.049,0.05
-2.43300e-01,-0.053,0.058
-2.43290e-01,-0.057,0.062
-2.43280e-01,-0.057,0.06
-2.43270e-01,-0.059,0.058
-2.43260e-01,-0.063,0.064
-2.43250e-01,-0.061,0.06
-2.43240e-01,-0.059,0.062
-2.43230e-01,-0.059,0.06
-2.43220e-01,-0.063,0.064
-2.43210e-01,-0.063,0.062
-2.43200e-01,-0.061,0.062
-2.43190e-01,-0.053,0.058
-2.43180e-01,-0.063,0.062
-2.43170e-01,-0.059,0.062
-2.43160e-01,-0.061,0.064
-2.43150e-01,-0.059,0.062
-2.43140e-01,-0.055,0.064
-2.43130e-01,-0.061,0.062
-2.43120e-01,-0.061,0.062
-2.43110e-01,-0.057,0.06
-2.43100e-01,-0.061,0.064
-2.43090e-01,-0.063,0.062
-2.43080e-01,-0.061,0.062
-2.43070e-01,-0.063,0.064
-2.43060e-01,-0.055,0.064
-2.43050e-01,-0.059,0.06
-2.43040e-01,-0.055,0.058
-2.43030e-01,-0.059,0.06
-2.43020e-01,-0.057,0.066
-2.43010e-01,-0.059,0.066
-2.43000e-01,-0.061,0.062
-2.42990e-01,-0.055,0.06
-2.42980e-01,-0.061,0.064
-2.42970e-01,-0.055,0.06
-2.42960e-01,-0.053,0.058
-2.42950e-01,-0.059,0.064
-2.42940e-01,-0.063,0.064
-2.42930e-01,-0.061,0.06
-2.42920e-01,-0.059,0.06
-2.42910e-01,-0.065,0.062
-2.42900e-01,-0.057,0.062
-2.42890e-01,-0.059,0.06
-2.42880e-01,-0.061,0.064
-2.42870e-01,-0.059,0.062
-2.42860e-01,-0.067,0.062
-2.42850e-01,-0.061,0.062
-2.42840e-01,-0.059,0.07
-2.42830e-01,-0.057,0.064
-2.42820e-01,-0.061,0.06
-2.42810e-01,-0.061,0.06
-2.42800e-01,-0.055,0.06
-2.42790e-01,-0.059,0.068
-2.42780e-01,-0.063,0.062
-2.42770e-01,-0.061,0.066
-2.42760e-01,-0.061,0.068
-2.42750e-01,-0.063,0.064
-2.42740e-01,-0.059,0.06
-2.42730e-01,-0.063,0.062
-2.42720e-01,-0.059,0.062
-2.42710e-01,-0.061,0.066
-2.42700e-01,-0.063,0.06
-2.42690e-01,-0.063,0.064
-2.42680e-01,-0.059,0.064
-2.42670e-01,-0.059,0.064
-2.42660e-01,-0.055,0.06
-2.42650e-01,-0.059,0.06
-2.42640e-01,-0.063,0.064
-2.42630e-01,-0.065,0.062
-2.42620e-01,-0.061,0.062
-2.42610e-01,-0.063,0.064
-2.42600e-01,-0.061,0.06
-2.42590e-01,-0.063,0.064
-2.42580e-01,-0.053,0.06
-2.42570e-01,-0.057,0.062
-2.42560e-01,-0.059,0.062
-2.42550e-01,-0.061,0.06
-2.42540e-01,-0.063,0.064
-2.42530e-01,-0.049,0.052
-2.42520e-01,-0.065,0.064
-2.42510e-01,-0.055,0.06
-2.42500e-01,-0.061,0.068
-2.42490e-01,-0.045,0.048
-2.42480e-01,-0.057,0.062
-2.42470e-01,-0.061,0.062
-2.42460e-01,-0.061,0.06
-2.42450e-01,-0.065,0.06
-2.42440e-01,-0.061,0.064
-2.42430e-01,-0.057,0.064
-2.42420e-01,-0.061,0.06
-2.42410e-01,-0.059,0.062
-2.42400e-01,-0.061,0.066
-2.42390e-01,-0.059,0.062
-2.42380e-01,-0.059,0.064
-2.42370e-01,-0.051,0.054
-2.42360e-01,-0.061,0.062
-2.42350e-01,-0.051,0.058
-2.42340e-01,-0.065,0.066
-2.42330e-01,-0.063,0.062
-2.42320e-01,-0.061,0.064
-2.42310e-01,-0.053,0.056
-2.42300e-01,-0.063,0.062
-2.42290e-01,-0.049,0.056
-2.42280e-01,-0.053,0.054
-2.42270e-01,-0.063,0.064
-2.42260e-01,-0.059,0.064
-2.42250e-01,-0.061,0.062
-2.42240e-01,-0.061,0.062
-2.42230e-01,-0.065,0.064
-2.42220e-01,-0.065,0.066
-2.42210e-01,-0.065,0.066
-2.42200e-01,-0.059,0.062
-2.42190e-01,-0.063,0.064
-2.42180e-01,-0.059,0.062
-2.42170e-01,-0.059,0.066
-2.42160e-01,-0.061,0.06
-2.42150e-01,-0.059,0.064
-2.42140e-01,-0.059,0.064
-2.42130e-01,-0.061,0.06
-2.42120e-01,-0.059,0.06
-2.42110e-01,-0.061,0.06
-2.42100e-01,-0.059,0.062
-2.42090e-01,-0.057,0.064
-2.42080e-01,-0.063,0.064
-2.42070e-01,-0.057,0.064
-2.42060e-01,-0.061,0.066
-2.42050e-01,-0.063,0.062
-2.42040e-01,-0.061,0.064
-2.42030e-01,-0.063,0.064
-2.42020e-01,-0.065,0.064
-2.42010e-01,-0.063,0.064
-2.42000e-01,-0.059,0.064
-2.41990e-01,-0.063,0.066
-2.41980e-01,-0.061,0.066
-2.41970e-01,-0.059,0.062
-2.41960e-01,-0.057,0.06
-2.41950e-01,-0.061,0.06
-2.41940e-01,-0.059,0.066
-2.41930e-01,-0.063,0.062
-2.41920e-01,-0.059,0.062
-2.41910e-01,-0.063,0.064
-2.41900e-01,-0.061,0.064
-2.41890e-01,-0.059,0.06
-2.41880e-01,-0.057,0.064
-2.41870e-01,-0.063,0.06
-2.41860e-01,-0.057,0.06
-2.41850e-01,-0.057,0.064
-2.41840e-01,-0.063,0.064
-2.41830e-01,-0.057,0.06
-2.41820e-01,-0.061,0.06
-2.41810e-01,-0.061,0.064
-2.41800e-01,-0.061,0.064
-2.41790e-01,-0.061,0.068
-2.41780e-01,-0.059,0.064
-2.41770e-01,-0.061,0.064
-2.41760e-01,-0.061,0.064
-2.41750e-01,-0.059,0.062
-2.41740e-01,-0.061,0.064
-2.41730e-01,-0.061,0.064
-2.41720e-01,-0.063,0.064
-2.41710e-01,-0.057,0.06
-2.41700e-01,-0.061,0.066
-2.41690e-01,-0.061,0.064
-2.41680e-01,-0.063,0.064
-2.41670e-01,-0.057,0.06
-2.41660e-01,-0.059,0.068
-2.41650e-01,-0.061,0.06
-2.41640e-01,-0.057,0.062
-2.41630e-01,-0.061,0.066
-2.41620e-01,-0.067,0.062
-2.41610e-01,-0.063,0.064
-2.41600e-01,-0.049,0.054
-2.41590e-01,-0.061,0.062
-2.41580e-01,-0.063,0.068
-2.41570e-01,-0.063,0.062
-2.41560e-01,-0.061,0.066
-2.41550e-01,-0.059,0.06
-2.41540e-01,-0.061,0.064
-2.41530e-01,-0.059,0.064
-2.41520e-01,-0.057,0.06
-2.41510e-01,-0.061,0.06
-2.41500e-01,-0.057,0.064
-2.41490e-01,-0.061,0.066
-2.41480e-01,-0.059,0.064
-2.41470e-01,-0.053,0.058
-2.41460e-01,-0.061,0.06
-2.41450e-01,-0.055,0.056
-2.41440e-01,-0.061,0.064
-2.41430e-01,-0.059,0.06
-2.41420e-01,-0.061,0.06
-2.41410e-01,-0.063,0.066
-2.41400e-01,-0.059,0.064
-2.41390e-01,-0.063,0.064
-2.41380e-01,-0.063,0.062
-2.41370e-01,-0.061,0.066
-2.41360e-01,-0.063,0.064
-2.41350e-01,-0.059,0.062
-2.41340e-01,-0.061,0.058
-2.41330e-01,-0.063,0.062
-2.41320e-01,-0.061,0.064
-2.41310e-01,-0.061,0.064
-2.41300e-01,-0.059,0.066
-2.41290e-01,-0.057,0.058
-2.41280e-01,-0.053,0.058
-2.41270e-01,-0.055,0.06
-2.41260e-01,-0.057,0.064
-2.41250e-01,-0.061,0.064
-2.41240e-01,-0.061,0.064
-2.41230e-01,-0.059,0.064
-2.41220e-01,-0.059,0.062
-2.41210e-01,-0.061,0.066
-2.41200e-01,-0.061,0.062
-2.41190e-01,-0.061,0.066
-2.41180e-01,-0.049,0.054
-2.41170e-01,-0.057,0.064
-2.41160e-01,-0.061,0.064
-2.41150e-01,-0.059,0.064
-2.41140e-01,-0.061,0.066
-2.41130e-01,-0.061,0.064
-2.41120e-01,-0.059,0.064
-2.41110e-01,-0.061,0.066
-2.41100e-01,-0.059,0.064
-2.41090e-01,-0.061,0.064
-2.41080e-01,-0.061,0.062
-2.41070e-01,-0.065,0.06
-2.41060e-01,-0.051,0.056
-2.41050e-01,-0.057,0.064
-2.41040e-01,-0.055,0.06
-2.41030e-01,-0.045,0.05
-2.41020e-01,-0.045,0.048
-2.41010e-01,-0.053,0.058
-2.41000e-01,-0.059,0.06
-2.40990e-01,-0.061,0.062
-2.40980e-01,-0.063,0.06
-2.40970e-01,-0.063,0.064
-2.40960e-01,-0.061,0.064
-2.40950e-01,-0.063,0.064
-2.40940e-01,-0.057,0.062
-2.40930e-01,-0.051,0.058
-2.40920e-01,-0.059,0.062
-2.40910e-01,-0.063,0.064
-2.40900e-01,-0.063,0.064
-2.40890e-01,-0.063,0.064
-2.40880e-01,-0.059,0.066
-2.40870e-01,-0.059,0.06
-2.40860e-01,-0.061,0.064
-2.40850e-01,-0.061,0.064
-2.40840e-01,-0.061,0.064
-2.40830e-01,-0.065,0.064
-2.40820e-01,-0.057,0.06
-2.40810e-01,-0.061,0.064
-2.40800e-01,-0.057,0.06
-2.40790e-01,-0.065,0.064
-2.40780e-01,-0.057,0.06
-2.40770e-01,-0.061,0.06
-2.40760e-01,-0.059,0.062
-2.40750e-01,-0.057,0.06
-2.40740e-01,-0.057,0.056
-2.40730e-01,-0.055,0.06
-2.40720e-01,-0.061,0.06
-2.40710e-01,-0.059,0.064
-2.40700e-01,-0.051,0.056
-2.40690e-01,-0.055,0.06
-2.40680e-01,-0.049,0.056
-2.40670e-01,-0.061,0.064
-2.40660e-01,-0.057,0.062
-2.40650e-01,-0.059,0.064
-2.40640e-01,-0.061,0.064
-2.40630e-01,-0.061,0.064
-2.40620e-01,-0.059,0.064
-2.40610e-01,-0.061,0.062
-2.40600e-01,-0.055,0.062
-2.40590e-01,-0.063,0.062
-2.40580e-01,-0.063,0.066
-2.40570e-01,-0.063,0.06
-2.40560e-01,-0.061,0.062
-2.40550e-01,-0.065,0.064
-2.40540e-01,-0.059,0.066
-2.40530e-01,-0.059,0.064
-2.40520e-01,-0.057,0.06
-2.40510e-01,-0.059,0.064
-2.40500e-01,-0.059,0.064
-2.40490e-01,-0.059,0.064
-2.40480e-01,-0.063,0.064
-2.40470e-01,-0.061,0.062
-2.40460e-01,-0.061,0.064
-2.40450e-01,-0.063,0.066
-2.40440e-01,-0.061,0.064
-2.40430e-01,-0.059,0.07
-2.40420e-01,-0.063,0.06
-2.40410e-01,-0.063,0.062
-2.40400e-01,-0.059,0.06
-2.40390e-01,-0.059,0.064
-2.40380e-01,-0.065,0.064
-2.40370e-01,-0.061,0.06
-2.40360e-01,-0.059,0.062
-2.40350e-01,-0.063,0.066
-2.40340e-01,-0.063,0.064
-2.40330e-01,-0.061,0.06
-2.40320e-01,-0.061,0.064
-2.40310e-01,-0.061,0.062
-2.40300e-01,-0.063,0.066
-2.40290e-01,-0.063,0.064
-2.40280e-01,-0.059,0.064
-2.40270e-01,-0.055,0.064
-2.40260e-01,-0.059,0.06
-2.40250e-01,-0.061,0.06
-2.40240e-01,-0.059,0.064
-2.40230e-01,-0.059,0.064
-2.40220e-01,-0.053,0.058
-2.40210e-01,-0.059,0.06
-2.40200e-01,-0.057,0.06
-2.40190e-01,-0.059,0.06
-2.40180e-01,-0.041,0.044
-2.40170e-01,-0.057,0.06
-2.40160e-01,-0.063,0.06
-2.40150e-01,-0.043,0.048
-2.40140e-01,-0.053,0.058
-2.40130e-01,-0.051,0.054
-2.40120e-01,-0.059,0.062
-2.40110e-01,-0.047,0.054
-2.40100e-01,-0.051,0.054
-2.40090e-01,-0.055,0.058
-2.40080e-01,-0.057,0.062
-2.40070e-01,-0.057,0.056
-2.40060e-01,-0.063,0.064
-2.40050e-01,-0.063,0.062
-2.40040e-01,-0.057,0.06
-2.40030e-01,-0.047,0.054
-2.40020e-01,-0.049,0.054
-2.40010e-01,-0.057,0.06
-2.40000e-01,-0.061,0.06
-2.39990e-01,-0.059,0.06
-2.39980e-01,-0.061,0.062
-2.39970e-01,-0.063,0.064
-2.39960e-01,-0.055,0.056
-2.39950e-01,-0.059,0.066
-2.39940e-01,-0.057,0.064
-2.39930e-01,-0.061,0.06
-2.39920e-01,-0.053,0.06
-2.39910e-01,-0.063,0.064
-2.39900e-01,-0.061,0.064
-2.39890e-01,-0.061,0.064
-2.39880e-01,-0.057,0.06
-2.39870e-01,-0.057,0.06
-2.39860e-01,-0.051,0.056
-2.39850e-01,-0.041,0.05
-2.39840e-01,-0.049,0.052
-2.39830e-01,-0.055,0.06
-2.39820e-01,-0.053,0.06
-2.39810e-01,-0.053,0.058
-2.39800e-01,-0.061,0.064
-2.39790e-01,-0.051,0.054
-2.39780e-01,-0.061,0.064
-2.39770e-01,-0.063,0.064
-2.39760e-01,-0.057,0.064
-2.39750e-01,-0.057,0.06
-2.39740e-01,-0.053,0.058
-2.39730e-01,-0.053,0.056
-2.39720e-01,-0.051,0.058
-2.39710e-01,-0.051,0.058
-2.39700e-01,-0.059,0.064
-2.39690e-01,-0.063,0.062
-2.39680e-01,-0.063,0.064
-2.39670e-01,-0.065,0.062
-2.39660e-01,-0.059,0.06
-2.39650e-01,-0.055,0.058
-2.39640e-01,-0.053,0.052
-2.39630e-01,-0.053,0.06
-2.39620e-01,-0.043,0.048
-2.39610e-01,-0.049,0.05
-2.39600e-01,-0.047,0.054
-2.39590e-01,-0.057,0.06
-2.39580e-01,-0.047,0.052
-2.39570e-01,-0.059,0.064
-2.39560e-01,-0.057,0.06
-2.39550e-01,-0.061,0.064
-2.39540e-01,-0.059,0.062
-2.39530e-01,-0.059,0.066
-2.39520e-01,-0.055,0.06
-2.39510e-01,-0.061,0.064
-2.39500e-01,-0.063,0.064
-2.39490e-01,-0.061,0.066
-2.39480e-01,-0.061,0.064
-2.39470e-01,-0.059,0.064
-2.39460e-01,-0.063,0.066
-2.39450e-01,-0.061,0.062
-2.39440e-01,-0.059,0.062
-2.39430e-01,-0.059,0.062
-2.39420e-01,-0.053,0.06
-2.39410e-01,-0.049,0.05
-2.39400e-01,-0.053,0.056
-2.39390e-01,-0.059,0.062
-2.39380e-01,-0.059,0.06
-2.39370e-01,-0.055,0.06
-2.39360e-01,-0.061,0.064
-2.39350e-01,-0.055,0.06
-2.39340e-01,-0.061,0.06
-2.39330e-01,-0.061,0.064
-2.39320e-01,-0.055,0.06
-2.39310e-01,-0.059,0.064
-2.39300e-01,-0.043,0.048
-2.39290e-01,-0.053,0.06
-2.39280e-01,-0.051,0.06
-2.39270e-01,-0.061,0.064
-2.39260e-01,-0.043,0.046
-2.39250e-01,-0.061,0.064
-2.39240e-01,-0.055,0.06
-2.39230e-01,-0.061,0.062
-2.39220e-01,-0.061,0.064
-2.39210e-01,-0.063,0.062
-2.39200e-01,-0.059,0.062
-2.39190e-01,-0.059,0.06
-2.39180e-01,-0.053,0.058
-2.39170e-01,-0.061,0.06
-2.39160e-01,-0.065,0.062
-2.39150e-01,-0.051,0.056
-2.39140e-01,-0.057,0.062
-2.39130e-01,-0.063,0.064
-2.39120e-01,-0.059,0.062
-2.39110e-01,-0.063,0.064
-2.39100e-01,-0.059,0.062
-2.39090e-01,-0.061,0.066
-2.39080e-01,-0.061,0.06
-2.39070e-01,-0.063,0.064
-2.39060e-01,-0.061,0.06
-2.39050e-01,-0.061,0.062
-2.39040e-01,-0.063,0.06
-2.39030e-01,-0.063,0.06
-2.39020e-01,-0.061,0.066
-2.39010e-01,-0.055,0.06
-2.39000e-01,-0.063,0.064
-2.38990e-01,-0.059,0.062
-2.38980e-01,-0.061,0.066
-2.38970e-01,-0.061,0.06
-2.38960e-01,-0.063,0.068
-2.38950e-01,-0.047,0.056
-2.38940e-01,-0.055,0.06
-2.38930e-01,-0.057,0.058
-2.38920e-01,-0.057,0.062
-2.38910e-01,-0.061,0.064
-2.38900e-01,-0.051,0.058
-2.38890e-01,-0.061,0.062
-2.38880e-01,-0.057,0.06
-2.38870e-01,-0.059,0.064
-2.38860e-01,-0.059,0.062
-2.38850e-01,-0.059,0.062
-2.38840e-01,-0.061,0.064
-2.38830e-01,-0.061,0.062
-2.38820e-01,-0.059,0.062
-2.38810e-01,-0.061,0.064
-2.38800e-01,-0.061,0.064
-2.38790e-01,-0.061,0.066
-2.38780e-01,-0.061,0.06
-2.38770e-01,-0.063,0.062
-2.38760e-01,-0.065,0.062
-2.38750e-01,-0.059,0.064
-2.38740e-01,-0.061,0.064
-2.38730e-01,-0.059,0.062
-2.38720e-01,-0.059,0.064
-2.38710e-01,-0.063,0.064
-2.38700e-01,-0.063,0.06
-2.38690e-01,-0.061,0.062
-2.38680e-01,-0.061,0.064
-2.38670e-01,-0.049,0.058
-2.38660e-01,-0.059,0.06
-2.38650e-01,-0.061,0.062
-2.38640e-01,-0.063,0.064
-2.38630e-01,-0.059,0.062
-2.38620e-01,-0.055,0.058
-2.38610e-01,-0.055,0.06
-2.38600e-01,-0.053,0.056
-2.38590e-01,-0.059,0.06
-2.38580e-01,-0.059,0.06
-2.38570e-01,-0.057,0.06
-2.38560e-01,-0.057,0.062
-2.38550e-01,-0.061,0.066
-2.38540e-01,-0.057,0.062
-2.38530e-01,-0.059,0.064
-2.38520e-01,-0.053,0.058
-2.38510e-01,-0.059,0.064
-2.38500e-01,-0.051,0.058
-2.38490e-01,-0.061,0.064
-2.38480e-01,-0.057,0.062
-2.38470e-01,-0.061,0.062
-2.38460e-01,-0.059,0.06
-2.38450e-01,-0.047,0.05
-2.38440e-01,-0.051,0.058
-2.38430e-01,-0.057,0.062
-2.38420e-01,-0.059,0.062
-2.38410e-01,-0.055,0.058
-2.38400e-01,-0.061,0.064
-2.38390e-01,-0.065,0.064
-2.38380e-01,-0.061,0.06
-2.38370e-01,-0.061,0.064
-2.38360e-01,-0.053,0.06
-2.38350e-01,-0.055,0.062
-2.38340e-01,-0.061,0.066
-2.38330e-01,-0.061,0.062
-2.38320e-01,-0.059,0.062
-2.38310e-01,-0.061,0.062
-2.38300e-01,-0.061,0.064
-2.38290e-01,-0.061,0.066
-2.38280e-01,-0.049,0.052
-2.38270e-01,-0.061,0.064
-2.38260e-01,-0.063,0.062
-2.38250e-01,-0.059,0.064
-2.38240e-01,-0.057,0.06
-2.38230e-01,-0.053,0.054
-2.38220e-01,-0.061,0.064
-2.38210e-01,-0.055,0.06
-2.38200e-01,-0.059,0.058
-2.38190e-01,-0.061,0.062
-2.38180e-01,-0.055,0.06
-2.38170e-01,-0.059,0.062
-2.38160e-01,-0.061,0.062
-2.38150e-01,-0.059,0.066
-2.38140e-01,-0.057,0.064
-2.38130e-01,-0.063,0.062
-2.38120e-01,-0.057,0.058
-2.38110e-01,-0.053,0.058
-2.38100e-01,-0.061,0.062
-2.38090e-01,-0.061,0.062
-2.38080e-01,-0.059,0.064
-2.38070e-01,-0.057,0.06
-2.38060e-01,-0.061,0.066
-2.38050e-01,-0.053,0.058
-2.38040e-01,-0.061,0.062
-2.38030e-01,-0.061,0.064
-2.38020e-01,-0.055,0.058
-2.38010e-01,-0.059,0.066
-2.38000e-01,-0.059,0.064
-2.37990e-01,-0.059,0.06
-2.37980e-01,-0.063,0.064
-2.37970e-01,-0.053,0.058
-2.37960e-01,-0.063,0.064
-2.37950e-01,-0.061,0.062
-2.37940e-01,-0.059,0.062
-2.37930e-01,-0.059,0.06
-2.37920e-01,-0.057,0.06
-2.37910e-01,-0.055,0.06
-2.37900e-01,-0.059,0.062
-2.37890e-01,-0.057,0.064
-2.37880e-01,-0.061,0.064
-2.37870e-01,-0.055,0.06
-2.37860e-01,-0.055,0.06
-2.37850e-01,-0.055,0.062
-2.37840e-01,-0.061,0.06
-2.37830e-01,-0.065,0.064
-2.37820e-01,-0.063,0.064
-2.37810e-01,-0.059,0.064
-2.37800e-01,-0.057,0.06
-2.37790e-01,-0.061,0.064
-2.37780e-01,-0.057,0.06
-2.37770e-01,-0.057,0.062
-2.37760e-01,-0.063,0.06
-2.37750e-01,-0.063,0.06
-2.37740e-01,-0.055,0.06
-2.37730e-01,-0.059,0.066
-2.37720e-01,-0.061,0.062
-2.37710e-01,-0.059,0.062
-2.37700e-01,-0.059,0.06
-2.37690e-01,-0.061,0.064
-2.37680e-01,-0.055,0.06
-2.37670e-01,-0.065,0.064
-2.37660e-01,-0.061,0.062
-2.37650e-01,-0.053,0.056
-2.37640e-01,-0.061,0.06
-2.37630e-01,-0.051,0.054
-2.37620e-01,-0.053,0.054
-2.37610e-01,-0.055,0.058
-2.37600e-01,-0.059,0.06
-2.37590e-01,-0.051,0.056
-2.37580e-01,-0.057,0.06
-2.37570e-01,-0.057,0.062
-2.37560e-01,-0.063,0.066
-2.37550e-01,-0.059,0.066
-2.37540e-01,-0.059,0.064
-2.37530e-01,-0.063,0.064
-2.37520e-01,-0.061,0.064
-2.37510e-01,-0.061,0.064
-2.37500e-01,-0.057,0.06
-2.37490e-01,-0.059,0.062
-2.37480e-01,-0.059,0.064
-2.37470e-01,-0.063,0.064
-2.37460e-01,-0.063,0.064
-2.37450e-01,-0.057,0.06
-2.37440e-01,-0.065,0.062
-2.37430e-01,-0.063,0.066
-2.37420e-01,-0.055,0.06
-2.37410e-01,-0.055,0.058
-2.37400e-01,-0.055,0.054
-2.37390e-01,-0.055,0.062
-2.37380e-01,-0.061,0.062
-2.37370e-01,-0.057,0.06
-2.37360e-01,-0.049,0.056
-2.37350e-01,-0.045,0.048
-2.37340e-01,-0.049,0.054
-2.37330e-01,-0.055,0.06
-2.37320e-01,-0.057,0.062
-2.37310e-01,-0.057,0.06
-2.37300e-01,-0.051,0.054
-2.37290e-01,-0.049,0.056
-2.37280e-01,-0.047,0.052
-2.37270e-01,-0.049,0.058
-2.37260e-01,-0.035,0.038
-2.37250e-01,-0.059,0.06
-2.37240e-01,-0.057,0.06
-2.37230e-01,-0.061,0.06
-2.37220e-01,-0.061,0.064
-2.37210e-01,-0.059,0.064
-2.37200e-01,-0.057,0.066
-2.37190e-01,-0.059,0.062
-2.37180e-01,-0.059,0.06
-2.37170e-01,-0.059,0.06
-2.37160e-01,-0.059,0.062
-2.37150e-01,-0.049,0.054
-2.37140e-01,-0.059,0.062
-2.37130e-01,-0.061,0.062
-2.37120e-01,-0.055,0.06
-2.37110e-01,-0.047,0.052
-2.37100e-01,-0.041,0.048
-2.37090e-01,-0.045,0.05
-2.37080e-01,-0.049,0.054
-2.37070e-01,-0.055,0.062
-2.37060e-01,-0.049,0.054
-2.37050e-01,-0.055,0.062
-2.37040e-01,-0.051,0.054
-2.37030e-01,-0.059,0.06
-2.37020e-01,-0.053,0.06
-2.37010e-01,-0.055,0.06
-2.37000e-01,-0.057,0.058
-2.36990e-01,-0.057,0.062
-2.36980e-01,-0.059,0.062
-2.36970e-01,-0.059,0.066
-2.36960e-01,-0.063,0.06
-2.36950e-01,-0.061,0.064
-2.36940e-01,-0.065,0.064
-2.36930e-01,-0.055,0.062
-2.36920e-01,-0.065,0.064
-2.36910e-01,-0.059,0.062
-2.36900e-01,-0.053,0.058
-2.36890e-01,-0.055,0.06
-2.36880e-01,-0.059,0.062
-2.36870e-01,-0.059,0.06
-2.36860e-01,-0.061,0.064
-2.36850e-01,-0.061,0.062
-2.36840e-01,-0.063,0.064
-2.36830e-01,-0.061,0.064
-2.36820e-01,-0.059,0.064
-2.36810e-01,-0.063,0.062
-2.36800e-01,-0.049,0.058
-2.36790e-01,-0.061,0.064
-2.36780e-01,-0.061,0.062
-2.36770e-01,-0.057,0.06
-2.36760e-01,-0.065,0.062
-2.36750e-01,-0.053,0.058
-2.36740e-01,-0.059,0.064
-2.36730e-01,-0.055,0.06
-2.36720e-01,-0.059,0.064
-2.36710e-01,-0.053,0.058
-2.36700e-01,-0.059,0.064
-2.36690e-01,-0.059,0.058
-2.36680e-01,-0.061,0.06
-2.36670e-01,-0.057,0.06
-2.36660e-01,-0.061,0.06
-2.36650e-01,-0.059,0.062
-2.36640e-01,-0.059,0.064
-2.36630e-01,-0.061,0.068
-2.36620e-01,-0.063,0.062
-2.36610e-01,-0.059,0.062
-2.36600e-01,-0.059,0.058
-2.36590e-01,-0.065,0.062
-2.36580e-01,-0.063,0.062
-2.36570e-01,-0.061,0.062
-2.36560e-01,-0.061,0.06
-2.36550e-01,-0.059,0.062
-2.36540e-01,-0.061,0.066
-2.36530e-01,-0.057,0.062
-2.36520e-01,-0.061,0.062
-2.36510e-01,-0.065,0.064
-2.36500e-01,-0.047,0.054
-2.36490e-01,-0.059,0.062
-2.36480e-01,-0.045,0.046
-2.36470e-01,-0.059,0.06
-2.36460e-01,-0.059,0.06
-2.36450e-01,-0.057,0.06
-2.36440e-01,-0.059,0.064
-2.36430e-01,-0.055,0.06
-2.36420e-01,-0.061,0.066
-2.36410e-01,-0.061,0.064
-2.36400e-01,-0.059,0.06
-2.36390e-01,-0.061,0.062
-2.36380e-01,-0.061,0.068
-2.36370e-01,-0.063,0.062
-2.36360e-01,-0.065,0.064
-2.36350e-01,-0.063,0.064
-2.36340e-01,-0.063,0.06
-2.36330e-01,-0.063,0.062
-2.36320e-01,-0.063,0.062
-2.36310e-01,-0.059,0.062
-2.36300e-01,-0.061,0.06
-2.36290e-01,-0.063,0.062
-2.36280e-01,-0.061,0.06
-2.36270e-01,-0.059,0.06
-2.36260e-01,-0.061,0.068
-2.36250e-01,-0.063,0.066
-2.36240e-01,-0.055,0.06
-2.36230e-01,-0.057,0.06
-2.36220e-01,-0.061,0.062
-2.36210e-01,-0.057,0.06
-2.36200e-01,-0.057,0.06
-2.36190e-01,-0.059,0.06
-2.36180e-01,-0.063,0.06
-2.36170e-01,-0.059,0.06
-2.36160e-01,-0.063,0.066
-2.36150e-01,-0.055,0.06
-2.36140e-01,-0.059,0.06
-2.36130e-01,-0.057,0.06
-2.36120e-01,-0.059,0.064
-2.36110e-01,-0.059,0.062
-2.36100e-01,-0.057,0.06
-2.36090e-01,-0.057,0.06
-2.36080e-01,-0.057,0.06
-2.36070e-01,-0.057,0.06
-2.36060e-01,-0.061,0.064
-2.36050e-01,-0.059,0.062
-2.36040e-01,-0.063,0.066
-2.36030e-01,-0.063,0.064
-2.36020e-01,-0.061,0.066
-2.36010e-01,-0.059,0.066
-2.36000e-01,-0.063,0.064
-2.35990e-01,-0.061,0.062
-2.35980e-01,-0.063,0.06
-2.35970e-01,-0.063,0.064
-2.35960e-01,-0.059,0.066
-2.35950e-01,-0.059,0.064
-2.35940e-01,-0.061,0.064
-2.35930e-01,-0.061,0.062
-2.35920e-01,-0.061,0.064
-2.35910e-01,-0.059,0.06
-2.35900e-01,-0.063,0.064
-2.35890e-01,-0.057,0.066
-2.35880e-01,-0.057,0.06
-2.35870e-01,-0.067,0.064
-2.35860e-01,-0.047,0.052
-2.35850e-01,-0.059,0.058
-2.35840e-01,-0.057,0.062
-2.35830e-01,-0.057,0.054
-2.35820e-01,-0.061,0.064
-2.35810e-01,-0.047,0.05
-2.35800e-01,-0.055,0.06
-2.35790e-01,-0.061,0.066
-2.35780e-01,-0.063,0.064
-2.35770e-01,-0.061,0.064
-2.35760e-01,-0.059,0.064
-2.35750e-01,-0.055,0.058
-2.35740e-01,-0.063,0.062
-2.35730e-01,-0.057,0.058
-2.35720e-01,-0.061,0.064
-2.35710e-01,-0.063,0.064
-2.35700e-01,-0.051,0.056
-2.35690e-01,-0.055,0.06
-2.35680e-01,-0.061,0.064
-2.35670e-01,-0.057,0.062
-2.35660e-01,-0.061,0.064
-2.35650e-01,-0.059,0.064
-2.35640e-01,-0.061,0.06
-2.35630e-01,-0.063,0.064
-2.35620e-01,-0.059,0.066
-2.35610e-01,-0.061,0.06
-2.35600e-01,-0.059,0.06
-2.35590e-01,-0.059,0.064
-2.35580e-01,-0.053,0.058
-2.35570e-01,-0.059,0.058
-2.35560e-01,-0.063,0.06
-2.35550e-01,-0.061,0.064
-2.35540e-01,-0.061,0.062
-2.35530e-01,-0.057,0.056
-2.35520e-01,-0.061,0.062
-2.35510e-01,-0.063,0.064
-2.35500e-01,-0.049,0.058
-2.35490e-01,-0.059,0.064
-2.35480e-01,-0.061,0.06
-2.35470e-01,-0.063,0.062
-2.35460e-01,-0.061,0.066
-2.35450e-01,-0.059,0.06
-2.35440e-01,-0.061,0.062
-2.35430e-01,-0.055,0.056
-2.35420e-01,-0.049,0.054
-2.35410e-01,-0.061,0.06
-2.35400e-01,-0.051,0.052
-2.35390e-01,-0.053,0.056
-2.35380e-01,-0.059,0.06
-2.35370e-01,-0.065,0.066
-2.35360e-01,-0.061,0.064
-2.35350e-01,-0.057,0.06
-2.35340e-01,-0.051,0.06
-2.35330e-01,-0.061,0.062
-2.35320e-01,-0.061,0.064
-2.35310e-01,-0.061,0.064
-2.35300e-01,-0.055,0.062
-2.35290e-01,-0.061,0.062
-2.35280e-01,-0.061,0.064
-2.35270e-01,-0.061,0.062
-2.35260e-01,-0.057,0.066
-2.35250e-01,-0.061,0.06
-2.35240e-01,-0.059,0.064
-2.35230e-01,-0.061,0.064
-2.35220e-01,-0.063,0.066
-2.35210e-01,-0.061,0.06
-2.35200e-01,-0.061,0.064
-2.35190e-01,-0.061,0.062
-2.35180e-01,-0.065,0.06
-2.35170e-01,-0.059,0.064
-2.35160e-01,-0.053,0.054
-2.35150e-01,-0.059,0.064
-2.35140e-01,-0.059,0.06
-2.35130e-01,-0.061,0.062
-2.35120e-01,-0.061,0.062
-2.35110e-01,-0.055,0.058
-2.35100e-01,-0.063,0.064
-2.35090e-01,-0.061,0.064
-2.35080e-01,-0.065,0.062
-2.35070e-01,-0.063,0.064
-2.35060e-01,-0.059,0.06
-2.35050e-01,-0.061,0.06
-2.35040e-01,-0.053,0.058
-2.35030e-01,-0.053,0.058
-2.35020e-01,-0.059,0.06
-2.35010e-01,-0.045,0.054
-2.35000e-01,-0.049,0.056
-2.34990e-01,-0.039,0.044
-2.34980e-01,-0.057,0.06
-2.34970e-01,-0.057,0.062
-2.34960e-01,-0.057,0.062
-2.34950e-01,-0.059,0.064
-2.34940e-01,-0.063,0.064
-2.34930e-01,-0.059,0.064
-2.34920e-01,-0.057,0.062
-2.34910e-01,-0.063,0.064
-2.34900e-01,-0.055,0.062
-2.34890e-01,-0.059,0.064
-2.34880e-01,-0.057,0.062
-2.34870e-01,-0.057,0.062
-2.34860e-01,-0.061,0.056
-2.34850e-01,-0.057,0.06
-2.34840e-01,-0.063,0.062
-2.34830e-01,-0.061,0.064
-2.34820e-01,-0.051,0.056
-2.34810e-01,-0.059,0.062
-2.34800e-01,-0.059,0.064
-2.34790e-01,-0.063,0.064
-2.34780e-01,-0.057,0.064
-2.34770e-01,-0.061,0.06
-2.34760e-01,-0.063,0.06
-2.34750e-01,-0.053,0.058
-2.34740e-01,-0.057,0.06
-2.34730e-01,-0.059,0.056
-2.34720e-01,-0.063,0.064
-2.34710e-01,-0.061,0.062
-2.34700e-01,-0.061,0.066
-2.34690e-01,-0.061,0.06
-2.34680e-01,-0.053,0.058
-2.34670e-01,-0.055,0.062
-2.34660e-01,-0.059,0.06
-2.34650e-01,-0.061,0.06
-2.34640e-01,-0.049,0.054
-2.34630e-01,-0.051,0.058
-2.34620e-01,-0.059,0.066
-2.34610e-01,-0.057,0.06
-2.34600e-01,-0.061,0.064
-2.34590e-01,-0.053,0.06
-2.34580e-01,-0.059,0.062
-2.34570e-01,-0.061,0.06
-2.34560e-01,-0.059,0.064
-2.34550e-01,-0.061,0.064
-2.34540e-01,-0.049,0.058
-2.34530e-01,-0.051,0.058
-2.34520e-01,-0.045,0.052
-2.34510e-01,-0.059,0.06
-2.34500e-01,-0.059,0.06
-2.34490e-01,-0.061,0.064
-2.34480e-01,-0.063,0.062
-2.34470e-01,-0.059,0.06
-2.34460e-01,-0.059,0.06
-2.34450e-01,-0.059,0.066
-2.34440e-01,-0.063,0.06
-2.34430e-01,-0.061,0.066
-2.34420e-01,-0.059,0.064
-2.34410e-01,-0.063,0.066
-2.34400e-01,-0.063,0.062
-2.34390e-01,-0.065,0.066
-2.34380e-01,-0.059,0.064
-2.34370e-01,-0.061,0.062
-2.34360e-01,-0.063,0.062
-2.34350e-01,-0.063,0.062
-2.34340e-01,-0.053,0.054
-2.34330e-01,-0.051,0.06
-2.34320e-01,-0.049,0.054
-2.34310e-01,-0.055,0.056
-2.34300e-01,-0.055,0.062
-2.34290e-01,-0.057,0.06
-2.34280e-01,-0.053,0.062
-2.34270e-01,-0.059,0.062
-2.34260e-01,-0.053,0.058
-2.34250e-01,-0.055,0.06
-2.34240e-01,-0.043,0.048
-2.34230e-01,-0.057,0.06
-2.34220e-01,-0.049,0.056
-2.34210e-01,-0.061,0.062
-2.34200e-01,-0.055,0.06
-2.34190e-01,-0.059,0.062
-2.34180e-01,-0.061,0.066
-2.34170e-01,-0.059,0.062
-2.34160e-01,-0.061,0.064
-2.34150e-01,-0.059,0.062
-2.34140e-01,-0.061,0.06
-2.34130e-01,-0.059,0.064
-2.34120e-01,-0.059,0.062
-2.34110e-01,-0.059,0.06
-2.34100e-01,-0.053,0.056
-2.34090e-01,-0.059,0.062
-2.34080e-01,-0.055,0.058
-2.34070e-01,-0.061,0.064
-2.34060e-01,-0.059,0.062
-2.34050e-01,-0.055,0.06
-2.34040e-01,-0.061,0.06
-2.34030e-01,-0.059,0.062
-2.34020e-01,-0.059,0.064
-2.34010e-01,-0.059,0.06
-2.34000e-01,-0.061,0.062
-2.33990e-01,-0.053,0.06
-2.33980e-01,-0.055,0.056
-2.33970e-01,-0.057,0.06
-2.33960e-01,-0.061,0.062
-2.33950e-01,-0.061,0.064
-2.33940e-01,-0.057,0.062
-2.33930e-01,-0.061,0.062
-2.33920e-01,-0.047,0.05
-2.33910e-01,-0.063,0.062
-2.33900e-01,-0.059,0.064
-2.33890e-01,-0.061,0.064
-2.33880e-01,-0.057,0.06
-2.33870e-01,-0.065,0.066
-2.33860e-01,-0.059,0.06
-2.33850e-01,-0.057,0.06
-2.33840e-01,-0.047,0.056
-2.33830e-01,-0.063,0.062
-2.33820e-01,-0.055,0.058
-2.33810e-01,-0.053,0.056
-2.33800e-01,-0.057,0.056
-2.33790e-01,-0.057,0.06
-2.33780e-01,-0.051,0.056
-2.33770e-01,-0.053,0.058
-2.33760e-01,-0.061,0.064
-2.33750e-01,-0.051,0.054
-2.33740e-01,-0.063,0.066
-2.33730e-01,-0.055,0.062
-2.33720e-01,-0.061,0.068
-2.33710e-01,-0.061,0.062
-2.33700e-01,-0.061,0.062
-2.33690e-01,-0.059,0.064
-2.33680e-01,-0.059,0.058
-2.33670e-01,-0.059,0.06
-2.33660e-01,-0.049,0.056
-2.33650e-01,-0.063,0.062
-2.33640e-01,-0.051,0.056
-2.33630e-01,-0.057,0.06
-2.33620e-01,-0.061,0.064
-2.33610e-01,-0.043,0.048
-2.33600e-01,-0.053,0.054
-2.33590e-01,-0.051,0.052
-2.33580e-01,-0.061,0.064
-2.33570e-01,-0.059,0.06
-2.33560e-01,-0.063,0.064
-2.33550e-01,-0.059,0.06
-2.33540e-01,-0.063,0.064
-2.33530e-01,-0.063,0.064
-2.33520e-01,-0.061,0.062
-2.33510e-01,-0.059,0.064
-2.33500e-01,-0.059,0.062
-2.33490e-01,-0.063,0.06
-2.33480e-01,-0.063,0.062
-2.33470e-01,-0.061,0.064
-2.33460e-01,-0.063,0.064
-2.33450e-01,-0.063,0.064
-2.33440e-01,-0.065,0.064
-2.33430e-01,-0.061,0.062
-2.33420e-01,-0.063,0.064
-2.33410e-01,-0.061,0.06
-2.33400e-01,-0.063,0.064
-2.33390e-01,-0.061,0.064
-2.33380e-01,-0.063,0.066
-2.33370e-01,-0.061,0.062
-2.33360e-01,-0.059,0.064
-2.33350e-01,-0.061,0.066
-2.33340e-01,-0.067,0.066
-2.33330e-01,-0.061,0.062
-2.33320e-01,-0.061,0.064
-2.33310e-01,-0.063,0.062
-2.33300e-01,-0.061,0.064
-2.33290e-01,-0.059,0.064
-2.33280e-01,-0.063,0.066
-2.33270e-01,-0.061,0.062
-2.33260e-01,-0.063,0.062
-2.33250e-01,-0.059,0.062
-2.33240e-01,-0.061,0.06
-2.33230e-01,-0.059,0.064
-2.33220e-01,-0.063,0.064
-2.33210e-01,-0.061,0.062
-2.33200e-01,-0.061,0.066
-2.33190e-01,-0.055,0.064
-2.33180e-01,-0.061,0.062
-2.33170e-01,-0.059,0.06
-2.33160e-01,-0.059,0.064
-2.33150e-01,-0.061,0.064
-2.33140e-01,-0.063,0.062
-2.33130e-01,-0.061,0.062
-2.33120e-01,-0.055,0.058
-2.33110e-01,-0.053,0.06
-2.33100e-01,-0.053,0.058
-2.33090e-01,-0.059,0.062
-2.33080e-01,-0.059,0.06
-2.33070e-01,-0.059,0.066
-2.33060e-01,-0.061,0.064
-2.33050e-01,-0.059,0.062
-2.33040e-01,-0.057,0.056
-2.33030e-01,-0.049,0.052
-2.33020e-01,-0.057,0.06
-2.33010e-01,-0.061,0.06
-2.33000e-01,-0.061,0.062
-2.32990e-01,-0.053,0.062
-2.32980e-01,-0.059,0.06
-2.32970e-01,-0.065,0.062
-2.32960e-01,-0.063,0.062
-2.32950e-01,-0.057,0.058
-2.32940e-01,-0.057,0.062
-2.32930e-01,-0.061,0.066
-2.32920e-01,-0.061,0.06
-2.32910e-01,-0.059,0.064
-2.32900e-01,-0.061,0.06
-2.32890e-01,-0.063,0.062
-2.32880e-01,-0.055,0.06
-2.32870e-01,-0.061,0.064
-2.32860e-01,-0.055,0.06
-2.32850e-01,-0.063,0.06
-2.32840e-01,-0.059,0.06
-2.32830e-01,-0.057,0.062
-2.32820e-01,-0.057,0.062
-2.32810e-01,-0.059,0.06
-2.32800e-01,-0.061,0.066
-2.32790e-01,-0.053,0.06
-2.32780e-01,-0.053,0.056
-2.32770e-01,-0.051,0.056
-2.32760e-01,-0.057,0.06
-2.32750e-01,-0.055,0.06
-2.32740e-01,-0.063,0.064
-2.32730e-01,-0.063,0.064
-2.32720e-01,-0.059,0.06
-2.32710e-01,-0.061,0.062
-2.32700e-01,-0.059,0.062
-2.32690e-01,-0.061,0.064
-2.32680e-01,-0.057,0.06
-2.32670e-01,-0.063,0.062
-2.32660e-01,-0.059,0.062
-2.32650e-01,-0.059,0.06
-2.32640e-01,-0.053,0.06
-2.32630e-01,-0.063,0.062
-2.32620e-01,-0.059,0.068
-2.32610e-01,-0.063,0.062
-2.32600e-01,-0.061,0.064
-2.32590e-01,-0.059,0.064
-2.32580e-01,-0.059,0.062
-2.32570e-01,-0.063,0.064
-2.32560e-01,-0.061,0.062
-2.32550e-01,-0.061,0.066
-2.32540e-01,-0.057,0.06
-2.32530e-01,-0.047,0.05
-2.32520e-01,-0.061,0.064
-2.32510e-01,-0.061,0.06
-2.32500e-01,-0.059,0.062
-2.32490e-01,-0.063,0.064
-2.32480e-01,-0.053,0.056
-2.32470e-01,-0.059,0.06
-2.32460e-01,-0.059,0.064
-2.32450e-01,-0.065,0.064
-2.32440e-01,-0.053,0.058
-2.32430e-01,-0.059,0.06
-2.32420e-01,-0.057,0.06
-2.32410e-01,-0.061,0.06
-2.32400e-01,-0.055,0.06
-2.32390e-01,-0.055,0.06
-2.32380e-01,-0.047,0.052
-2.32370e-01,-0.061,0.062
-2.32360e-01,-0.059,0.064
-2.32350e-01,-0.059,0.066
-2.32340e-01,-0.059,0.064
-2.32330e-01,-0.061,0.064
-2.32320e-01,-0.059,0.064
-2.32310e-01,-0.063,0.064
-2.32300e-01,-0.063,0.068
-2.32290e-01,-0.057,0.062
-2.32280e-01,-0.061,0.064
-2.32270e-01,-0.059,0.064
-2.32260e-01,-0.059,0.064
-2.32250e-01,-0.061,0.06
-2.32240e-01,-0.061,0.06
-2.32230e-01,-0.059,0.064
-2.32220e-01,-0.063,0.062
-2.32210e-01,-0.059,0.06
-2.32200e-01,-0.057,0.06
-2.32190e-01,-0.059,0.062
-2.32180e-01,-0.059,0.062
-2.32170e-01,-0.063,0.062
-2.32160e-01,-0.059,0.066
-2.32150e-01,-0.063,0.062
-2.32140e-01,-0.057,0.058
-2.32130e-01,-0.059,0.062
-2.32120e-01,-0.061,0.062
-2.32110e-01,-0.059,0.064
-2.32100e-01,-0.057,0.064
-2.32090e-01,-0.055,0.062
-2.32080e-01,-0.057,0.06
-2.32070e-01,-0.061,0.06
-2.32060e-01,-0.061,0.062
-2.32050e-01,-0.061,0.066
-2.32040e-01,-0.061,0.064
-2.32030e-01,-0.065,0.064
-2.32020e-01,-0.055,0.056
-2.32010e-01,-0.063,0.06
-2.32000e-01,-0.059,0.062
-2.31990e-01,-0.061,0.068
-2.31980e-01,-0.063,0.064
-2.31970e-01,-0.061,0.062
-2.31960e-01,-0.051,0.056
-2.31950e-01,-0.055,0.06
-2.31940e-01,-0.061,0.06
-2.31930e-01,-0.057,0.06
-2.31920e-01,-0.051,0.056
-2.31910e-01,-0.047,0.054
-2.31900e-01,-0.039,0.048
-2.31890e-01,-0.049,0.06
-2.31880e-01,-0.059,0.064
-2.31870e-01,-0.059,0.062
-2.31860e-01,-0.061,0.064
-2.31850e-01,-0.057,0.062
-2.31840e-01,-0.063,0.064
-2.31830e-01,-0.061,0.062
-2.31820e-01,-0.061,0.064
-2.31810e-01,-0.061,0.06
-2.31800e-01,-0.061,0.064
-2.31790e-01,-0.061,0.064
-2.31780e-01,-0.059,0.068
-2.31770e-01,-0.059,0.06
-2.31760e-01,-0.057,0.06
-2.31750e-01,-0.061,0.066
-2.31740e-01,-0.063,0.064
-2.31730e-01,-0.061,0.066
-2.31720e-01,-0.063,0.064
-2.31710e-01,-0.057,0.062
-2.31700e-01,-0.061,0.062
-2.31690e-01,-0.057,0.062
-2.31680e-01,-0.061,0.062
-2.31670e-01,-0.061,0.066
-2.31660e-01,-0.051,0.056
-2.31650e-01,-0.053,0.06
-2.31640e-01,-0.063,0.064
-2.31630e-01,-0.061,0.064
-2.31620e-01,-0.061,0.062
-2.31610e-01,-0.061,0.062
-2.31600e-01,-0.059,0.062
-2.31590e-01,-0.061,0.066
-2.31580e-01,-0.055,0.06
-2.31570e-01,-0.057,0.062
-2.31560e-01,-0.063,0.066
-2.31550e-01,-0.063,0.064
-2.31540e-01,-0.063,0.068
-2.31530e-01,-0.061,0.064
-2.31520e-01,-0.061,0.062
-2.31510e-01,-0.063,0.06
-2.31500e-01,-0.063,0.06
-2.31490e-01,-0.061,0.062
-2.31480e-01,-0.063,0.062
-2.31470e-01,-0.059,0.064
-2.31460e-01,-0.063,0.062
-2.31450e-01,-0.061,0.062
-2.31440e-01,-0.057,0.058
-2.31430e-01,-0.061,0.066
-2.31420e-01,-0.059,0.062
-2.31410e-01,-0.063,0.064
-2.31400e-01,-0.063,0.064
-2.31390e-01,-0.063,0.06
-2.31380e-01,-0.059,0.064
-2.31370e-01,-0.055,0.06
-2.31360e-01,-0.063,0.064
-2.31350e-01,-0.059,0.06
-2.31340e-01,-0.063,0.064
-2.31330e-01,-0.053,0.06
-2.31320e-01,-0.059,0.06
-2.31310e-01,-0.063,0.062
-2.31300e-01,-0.057,0.062
-2.31290e-01,-0.061,0.06
-2.31280e-01,-0.063,0.064
-2.31270e-01,-0.063,0.064
-2.31260e-01,-0.061,0.062
-2.31250e-01,-0.057,0.06
-2.31240e-01,-0.061,0.062
-2.31230e-01,-0.057,0.062
-2.31220e-01,-0.057,0.062
-2.31210e-01,-0.041,0.046
-2.31200e-01,-0.045,0.046
-2.31190e-01,-0.035,0.042
-2.31180e-01,-0.059,0.062
-2.31170e-01,-0.057,0.062
-2.31160e-01,-0.061,0.066
-2.31150e-01,-0.055,0.06
-2.31140e-01,-0.061,0.058
-2.31130e-01,-0.059,0.062
-2.31120e-01,-0.061,0.062
-2.31110e-01,-0.057,0.062
-2.31100e-01,-0.059,0.058
-2.31090e-01,-0.063,0.062
-2.31080e-01,-0.059,0.062
-2.31070e-01,-0.061,0.062
-2.31060e-01,-0.053,0.056
-2.31050e-01,-0.061,0.062
-2.31040e-01,-0.061,0.064
-2.31030e-01,-0.059,0.06
-2.31020e-01,-0.061,0.064
-2.31010e-01,-0.059,0.06
-2.31000e-01,-0.061,0.066
-2.30990e-01,-0.063,0.064
-2.30980e-01,-0.057,0.064
-2.30970e-01,-0.061,0.064
-2.30960e-01,-0.061,0.064
-2.30950e-01,-0.061,0.062
-2.30940e-01,-0.057,0.062
-2.30930e-01,-0.061,0.064
-2.30920e-01,-0.063,0.064
-2.30910e-01,-0.061,0.06
-2.30900e-01,-0.061,0.062
-2.30890e-01,-0.063,0.062
-2.30880e-01,-0.063,0.062
-2.30870e-01,-0.063,0.064
-2.30860e-01,-0.061,0.064
-2.30850e-01,-0.061,0.062
-2.30840e-01,-0.061,0.062
-2.30830e-01,-0.065,0.064
-2.30820e-01,-0.059,0.064
-2.30810e-01,-0.065,0.068
-2.30800e-01,-0.063,0.062
-2.30790e-01,-0.063,0.06
-2.30780e-01,-0.065,0.066
-2.30770e-01,-0.063,0.064
-2.30760e-01,-0.063,0.064
-2.30750e-01,-0.057,0.06
-2.30740e-01,-0.057,0.064
-2.30730e-01,-0.059,0.06
-2.30720e-01,-0.061,0.06
-2.30710e-01,-0.061,0.062
-2.30700e-01,-0.061,0.064
-2.30690e-01,-0.063,0.06
-2.30680e-01,-0.061,0.064
-2.30670e-01,-0.061,0.06
-2.30660e-01,-0.057,0.06
-2.30650e-01,-0.061,0.06
-2.30640e-01,-0.057,0.06
-2.30630e-01,-0.059,0.06
-2.30620e-01,-0.061,0.068
-2.30610e-01,-0.063,0.068
-2.30600e-01,-0.057,0.064
-2.30590e-01,-0.059,0.064
-2.30580e-01,-0.057,0.06
-2.30570e-01,-0.059,0.066
-2.30560e-01,-0.059,0.064
-2.30550e-01,-0.065,0.064
-2.30540e-01,-0.061,0.062
-2.30530e-01,-0.045,0.052
-2.30520e-01,-0.051,0.058
-2.30510e-01,-0.041,0.048
-2.30500e-01,-0.051,0.054
-2.30490e-01,-0.057,0.052
-2.30480e-01,-0.055,0.056
-2.30470e-01,-0.047,0.052
-2.30460e-01,-0.065,0.064
-2.30450e-01,-0.061,0.064
-2.30440e-01,-0.059,0.062
-2.30430e-01,-0.061,0.064
-2.30420e-01,-0.055,0.056
-2.30410e-01,-0.059,0.062
-2.30400e-01,-0.057,0.06
-2.30390e-01,-0.061,0.062
-2.30380e-01,-0.059,0.064
-2.30370e-01,-0.061,0.064
-2.30360e-01,-0.061,0.062
-2.30350e-01,-0.061,0.064
-2.30340e-01,-0.065,0.062
-2.30330e-01,-0.061,0.06
-2.30320e-01,-0.063,0.066
-2.30310e-01,-0.063,0.064
-2.30300e-01,-0.061,0.064
-2.30290e-01,-0.061,0.062
-2.30280e-01,-0.043,0.052
-2.30270e-01,-0.055,0.062
-2.30260e-01,-0.057,0.06
-2.30250e-01,-0.063,0.062
-2.30240e-01,-0.061,0.064
-2.30230e-01,-0.063,0.062
-2.30220e-01,-0.055,0.06
-2.30210e-01,-0.061,0.06
-2.30200e-01,-0.059,0.062
-2.30190e-01,-0.061,0.062
-2.30180e-01,-0.061,0.066
-2.30170e-01,-0.061,0.064
-2.30160e-01,-0.061,0.064
-2.30150e-01,-0.053,0.06
-2.30140e-01,-0.055,0.058
-2.30130e-01,-0.053,0.06
-2.30120e-01,-0.061,0.068
-2.30110e-01,-0.061,0.062
-2.30100e-01,-0.059,0.06
-2.30090e-01,-0.057,0.062
-2.30080e-01,-0.053,0.058
-2.30070e-01,-0.053,0.058
-2.30060e-01,-0.055,0.056
-2.30050e-01,-0.053,0.058
-2.30040e-01,-0.059,0.064
-2.30030e-01,-0.061,0.066
-2.30020e-01,-0.061,0.062
-2.30010e-01,-0.061,0.064
-2.30000e-01,-0.061,0.06
-2.29990e-01,-0.063,0.062
-2.29980e-01,-0.061,0.064
-2.29970e-01,-0.059,0.064
-2.29960e-01,-0.059,0.06
-2.29950e-01,-0.061,0.064
-2.29940e-01,-0.061,0.062
-2.29930e-01,-0.059,0.064
-2.29920e-01,-0.059,0.064
-2.29910e-01,-0.061,0.064
-2.29900e-01,-0.061,0.066
-2.29890e-01,-0.059,0.06
-2.29880e-01,-0.063,0.064
-2.29870e-01,-0.061,0.064
-2.29860e-01,-0.059,0.06
-2.29850e-01,-0.061,0.064
-2.29840e-01,-0.059,0.062
-2.29830e-01,-0.061,0.064
-2.29820e-01,-0.057,0.064
-2.29810e-01,-0.053,0.056
-2.29800e-01,-0.053,0.058
-2.29790e-01,-0.049,0.054
-2.29780e-01,-0.055,0.06
-2.29770e-01,-0.061,0.064
-2.29760e-01,-0.057,0.06
-2.29750e-01,-0.061,0.062
-2.29740e-01,-0.055,0.064
-2.29730e-01,-0.059,0.06
-2.29720e-01,-0.061,0.06
-2.29710e-01,-0.061,0.064
-2.29700e-01,-0.057,0.06
-2.29690e-01,-0.061,0.06
-2.29680e-01,-0.055,0.06
-2.29670e-01,-0.061,0.064
-2.29660e-01,-0.051,0.058
-2.29650e-01,-0.049,0.058
-2.29640e-01,-0.063,0.066
-2.29630e-01,-0.059,0.062
-2.29620e-01,-0.061,0.064
-2.29610e-01,-0.061,0.06
-2.29600e-01,-0.063,0.062
-2.29590e-01,-0.051,0.05
-2.29580e-01,-0.061,0.06
-2.29570e-01,-0.047,0.052
-2.29560e-01,-0.065,0.064
-2.29550e-01,-0.055,0.054
-2.29540e-01,-0.063,0.062
-2.29530e-01,-0.053,0.062
-2.29520e-01,-0.059,0.062
-2.29510e-01,-0.055,0.058
-2.29500e-01,-0.061,0.06
-2.29490e-01,-0.057,0.062
-2.29480e-01,-0.061,0.062
-2.29470e-01,-0.057,0.06
-2.29460e-01,-0.053,0.06
-2.29450e-01,-0.061,0.066
-2.29440e-01,-0.059,0.066
-2.29430e-01,-0.059,0.066
-2.29420e-01,-0.053,0.056
-2.29410e-01,-0.061,0.064
-2.29400e-01,-0.061,0.064
-2.29390e-01,-0.063,0.064
-2.29380e-01,-0.063,0.064
-2.29370e-01,-0.063,0.064
-2.29360e-01,-0.061,0.064
-2.29350e-01,-0.047,0.052
-2.29340e-01,-0.059,0.064
-2.29330e-01,-0.061,0.062
-2.29320e-01,-0.063,0.064
-2.29310e-01,-0.061,0.06
-2.29300e-01,-0.063,0.06
-2.29290e-01,-0.059,0.064
-2.29280e-01,-0.057,0.062
-2.29270e-01,-0.065,0.064
-2.29260e-01,-0.055,0.056
-2.29250e-01,-0.061,0.06
-2.29240e-01,-0.057,0.064
-2.29230e-01,-0.053,0.058
-2.29220e-01,-0.063,0.064
-2.29210e-01,-0.053,0.058
-2.29200e-01,-0.059,0.062
-2.29190e-01,-0.059,0.062
-2.29180e-01,-0.053,0.058
-2.29170e-01,-0.055,0.06
-2.29160e-01,-0.057,0.06
-2.29150e-01,-0.055,0.058
-2.29140e-01,-0.053,0.054
-2.29130e-01,-0.061,0.062
-2.29120e-01,-0.053,0.06
-2.29110e-01,-0.055,0.06
-2.29100e-01,-0.057,0.058
-2.29090e-01,-0.055,0.064
-2.29080e-01,-0.051,0.054
-2.29070e-01,-0.055,0.058
-2.29060e-01,-0.063,0.062
-2.29050e-01,-0.059,0.062
-2.29040e-01,-0.061,0.064
-2.29030e-01,-0.059,0.064
-2.29020e-01,-0.063,0.064
-2.29010e-01,-0.057,0.062
-2.29000e-01,-0.061,0.06
-2.28990e-01,-0.057,0.06
-2.28980e-01,-0.055,0.06
-2.28970e-01,-0.061,0.06
-2.28960e-01,-0.059,0.064
-2.28950e-01,-0.057,0.06
-2.28940e-01,-0.057,0.06
-2.28930e-01,-0.055,0.06
-2.28920e-01,-0.041,0.048
-2.28910e-01,-0.057,0.06
-2.28900e-01,-0.059,0.062
-2.28890e-01,-0.061,0.062
-2.28880e-01,-0.057,0.064
-2.28870e-01,-0.061,0.064
-2.28860e-01,-0.059,0.062
-2.28850e-01,-0.059,0.064
-2.28840e-01,-0.063,0.064
-2.28830e-01,-0.063,0.062
-2.28820e-01,-0.061,0.064
-2.28810e-01,-0.063,0.062
-2.28800e-01,-0.063,0.062
-2.28790e-01,-0.057,0.062
-2.28780e-01,-0.061,0.064
-2.28770e-01,-0.061,0.06
-2.28760e-01,-0.053,0.054
-2.28750e-01,-0.053,0.056
-2.28740e-01,-0.049,0.054
-2.28730e-01,-0.061,0.064
-2.28720e-01,-0.063,0.062
-2.28710e-01,-0.061,0.066
-2.28700e-01,-0.063,0.062
-2.28690e-01,-0.059,0.06
-2.28680e-01,-0.061,0.064
-2.28670e-01,-0.051,0.058
-2.28660e-01,-0.059,0.06
-2.28650e-01,-0.053,0.056
-2.28640e-01,-0.059,0.058
-2.28630e-01,-0.041,0.044
-2.28620e-01,-0.051,0.054
-2.28610e-01,-0.055,0.06
-2.28600e-01,-0.053,0.056
-2.28590e-01,-0.061,0.068
-2.28580e-01,-0.059,0.068
-2.28570e-01,-0.055,0.058
-2.28560e-01,-0.063,0.064
-2.28550e-01,-0.057,0.062
-2.28540e-01,-0.061,0.06
-2.28530e-01,-0.061,0.062
-2.28520e-01,-0.053,0.058
-2.28510e-01,-0.057,0.06
-2.28500e-01,-0.051,0.052
-2.28490e-01,-0.059,0.064
-2.28480e-01,-0.045,0.052
-2.28470e-01,-0.059,0.064
-2.28460e-01,-0.059,0.06
-2.28450e-01,-0.061,0.068
-2.28440e-01,-0.051,0.056
-2.28430e-01,-0.061,0.062
-2.28420e-01,-0.057,0.06
-2.28410e-01,-0.061,0.064
-2.28400e-01,-0.049,0.054
-2.28390e-01,-0.059,0.062
-2.28380e-01,-0.049,0.054
-2.28370e-01,-0.061,0.06
-2.28360e-01,-0.059,0.062
-2.28350e-01,-0.059,0.062
-2.28340e-01,-0.063,0.062
-2.28330e-01,-0.057,0.062
-2.28320e-01,-0.059,0.06
-2.28310e-01,-0.063,0.064
-2.28300e-01,-0.057,0.062
-2.28290e-01,-0.061,0.062
-2.28280e-01,-0.063,0.064
-2.28270e-01,-0.061,0.066
-2.28260e-01,-0.061,0.06
-2.28250e-01,-0.057,0.064
-2.28240e-01,-0.059,0.066
-2.28230e-01,-0.059,0.064
-2.28220e-01,-0.065,0.062
-2.28210e-01,-0.047,0.054
-2.28200e-01,-0.047,0.048
-2.28190e-01,-0.057,0.062
-2.28180e-01,-0.063,0.062
-2.28170e-01,-0.065,0.064
-2.28160e-01,-0.061,0.064
-2.28150e-01,-0.057,0.06
-2.28140e-01,-0.057,0.062
-2.28130e-01,-0.059,0.062
-2.28120e-01,-0.059,0.06
-2.28110e-01,-0.063,0.064
-2.28100e-01,-0.053,0.058
-2.28090e-01,-0.049,0.052
-2.28080e-01,-0.053,0.06
-2.28070e-01,-0.059,0.064
-2.28060e-01,-0.059,0.064
-2.28050e-01,-0.063,0.062
-2.28040e-01,-0.055,0.062
-2.28030e-01,-0.061,0.062
-2.28020e-01,-0.057,0.06
-2.28010e-01,-0.059,0.064
-2.28000e-01,-0.061,0.062
-2.27990e-01,-0.061,0.062
-2.27980e-01,-0.057,0.062
-2.27970e-01,-0.057,0.06
-2.27960e-01,-0.051,0.056
-2.27950e-01,-0.047,0.054
-2.27940e-01,-0.049,0.054
-2.27930e-01,-0.047,0.048
-2.27920e-01,-0.057,0.06
-2.27910e-01,-0.053,0.058
-2.27900e-01,-0.061,0.068
-2.27890e-01,-0.061,0.062
-2.27880e-01,-0.063,0.068
-2.27870e-01,-0.063,0.064
-2.27860e-01,-0.061,0.062
-2.27850e-01,-0.063,0.064
-2.27840e-01,-0.061,0.064
-2.27830e-01,-0.061,0.06
-2.27820e-01,-0.063,0.064
-2.27810e-01,-0.057,0.062
-2.27800e-01,-0.061,0.064
-2.27790e-01,-0.061,0.06
-2.27780e-01,-0.061,0.062
-2.27770e-01,-0.057,0.06
-2.27760e-01,-0.053,0.056
-2.27750e-01,-0.063,0.066
-2.27740e-01,-0.049,0.056
-2.27730e-01,-0.059,0.062
-2.27720e-01,-0.053,0.06
-2.27710e-01,-0.055,0.064
-2.27700e-01,-0.059,0.062
-2.27690e-01,-0.049,0.048
-2.27680e-01,-0.053,0.058
-2.27670e-01,-0.059,0.06
-2.27660e-01,-0.061,0.066
-2.27650e-01,-0.061,0.064
-2.27640e-01,-0.057,0.062
-2.27630e-01,-0.061,0.062
-2.27620e-01,-0.061,0.064
-2.27610e-01,-0.063,0.064
-2.27600e-01,-0.055,0.06
-2.27590e-01,-0.063,0.064
-2.27580e-01,-0.057,0.06
-2.27570e-01,-0.057,0.064
-2.27560e-01,-0.055,0.06
-2.27550e-01,-0.061,0.064
-2.27540e-01,-0.059,0.062
-2.27530e-01,-0.059,0.064
-2.27520e-01,-0.055,0.06
-2.27510e-01,-0.057,0.06
-2.27500e-01,-0.061,0.06
-2.27490e-01,-0.059,0.064
-2.27480e-01,-0.059,0.066
-2.27470e-01,-0.063,0.06
-2.27460e-01,-0.059,0.062
-2.27450e-01,-0.061,0.062
-2.27440e-01,-0.061,0.064
-2.27430e-01,-0.059,0.062
-2.27420e-01,-0.061,0.068
-2.27410e-01,-0.065,0.066
-2.27400e-01,-0.059,0.062
-2.27390e-01,-0.063,0.064
-2.27380e-01,-0.051,0.058
-2.27370e-01,-0.051,0.054
-2.27360e-01,-0.051,0.054
-2.27350e-01,-0.059,0.062
-2.27340e-01,-0.059,0.062
-2.27330e-01,-0.061,0.064
-2.27320e-01,-0.063,0.064
-2.27310e-01,-0.057,0.062
-2.27300e-01,-0.061,0.062
-2.27290e-01,-0.059,0.064
-2.27280e-01,-0.061,0.06
-2.27270e-01,-0.061,0.064
-2.27260e-01,-0.057,0.062
-2.27250e-01,-0.061,0.064
-2.27240e-01,-0.061,0.068
-2.27230e-01,-0.065,0.064
-2.27220e-01,-0.051,0.058
-2.27210e-01,-0.063,0.066
-2.27200e-01,-0.051,0.06
-2.27190e-01,-0.061,0.064
-2.27180e-01,-0.059,0.06
-2.27170e-01,-0.059,0.064
-2.27160e-01,-0.065,0.062
-2.27150e-01,-0.061,0.06
-2.27140e-01,-0.061,0.066
-2.27130e-01,-0.059,0.062
-2.27120e-01,-0.061,0.066
-2.27110e-01,-0.061,0.064
-2.27100e-01,-0.061,0.066
-2.27090e-01,-0.057,0.064
-2.27080e-01,-0.059,0.062
-2.27070e-01,-0.063,0.068
-2.27060e-01,-0.063,0.064
-2.27050e-01,-0.057,0.064
-2.27040e-01,-0.061,0.062
-2.27030e-01,-0.061,0.062
-2.27020e-01,-0.059,0.06
-2.27010e-01,-0.059,0.062
-2.27000e-01,-0.059,0.062
-2.26990e-01,-0.063,0.064
-2.26980e-01,-0.055,0.058
-2.26970e-01,-0.057,0.062
-2.26960e-01,-0.057,0.062
-2.26950e-01,-0.061,0.064
-2.26940e-01,-0.053,0.056
-2.26930e-01,-0.061,0.064
-2.26920e-01,-0.065,0.066
-2.26910e-01,-0.057,0.06
-2.26900e-01,-0.063,0.062
-2.26890e-01,-0.059,0.064
-2.26880e-01,-0.061,0.06
-2.26870e-01,-0.063,0.068
-2.26860e-01,-0.059,0.066
-2.26850e-01,-0.061,0.066
-2.26840e-01,-0.061,0.064
-2.26830e-01,-0.059,0.064
-2.26820e-01,-0.059,0.064
-2.26810e-01,-0.059,0.062
-2.26800e-01,-0.057,0.06
-2.26790e-01,-0.061,0.066
-2.26780e-01,-0.055,0.06
-2.26770e-01,-0.061,0.064
-2.26760e-01,-0.059,0.062
-2.26750e-01,-0.053,0.06
-2.26740e-01,-0.059,0.064
-2.26730e-01,-0.059,0.06
-2.26720e-01,-0.059,0.064
-2.26710e-01,-0.055,0.062
-2.26700e-01,-0.059,0.068
-2.26690e-01,-0.045,0.046
-2.26680e-01,-0.053,0.056
-2.26670e-01,-0.063,0.062
-2.26660e-01,-0.057,0.058
-2.26650e-01,-0.061,0.062
-2.26640e-01,-0.055,0.058
-2.26630e-01,-0.061,0.064
-2.26620e-01,-0.059,0.062
-2.26610e-01,-0.059,0.062
-2.26600e-01,-0.057,0.06
-2.26590e-01,-0.053,0.056
-2.26580e-01,-0.059,0.06
-2.26570e-01,-0.055,0.062
-2.26560e-01,-0.055,0.06
-2.26550e-01,-0.049,0.054
-2.26540e-01,-0.059,0.06
-2.26530e-01,-0.057,0.06
-2.26520e-01,-0.061,0.062
-2.26510e-01,-0.063,0.064
-2.26500e-01,-0.065,0.064
-2.26490e-01,-0.055,0.06
-2.26480e-01,-0.065,0.062
-2.26470e-01,-0.061,0.058
-2.26460e-01,-0.063,0.066
-2.26450e-01,-0.061,0.07
-2.26440e-01,-0.047,0.054
-2.26430e-01,-0.055,0.062
-2.26420e-01,-0.057,0.06
-2.26410e-01,-0.057,0.058
-2.26400e-01,-0.055,0.062
-2.26390e-01,-0.057,0.06
-2.26380e-01,-0.063,0.062
-2.26370e-01,-0.057,0.062
-2.26360e-01,-0.061,0.064
-2.26350e-01,-0.059,0.06
-2.26340e-01,-0.061,0.064
-2.26330e-01,-0.059,0.064
-2.26320e-01,-0.059,0.064
-2.26310e-01,-0.039,0.048
-2.26300e-01,-0.051,0.06
-2.26290e-01,-0.055,0.054
-2.26280e-01,-0.057,0.064
-2.26270e-01,-0.059,0.064
-2.26260e-01,-0.051,0.058
-2.26250e-01,-0.063,0.062
-2.26240e-01,-0.059,0.06
-2.26230e-01,-0.061,0.062
-2.26220e-01,-0.059,0.06
-2.26210e-01,-0.053,0.062
-2.26200e-01,-0.057,0.06
-2.26190e-01,-0.063,0.064
-2.26180e-01,-0.055,0.06
-2.26170e-01,-0.059,0.062
-2.26160e-01,-0.055,0.06
-2.26150e-01,-0.057,0.062
-2.26140e-01,-0.057,0.062
-2.26130e-01,-0.061,0.062
-2.26120e-01,-0.059,0.064
-2.26110e-01,-0.057,0.06
-2.26100e-01,-0.059,0.066
-2.26090e-01,-0.059,0.066
-2.26080e-01,-0.065,0.064
-2.26070e-01,-0.063,0.062
-2.26060e-01,-0.061,0.062
-2.26050e-01,-0.059,0.06
-2.26040e-01,-0.049,0.05
-2.26030e-01,-0.059,0.064
-2.26020e-01,-0.063,0.064
-2.26010e-01,-0.053,0.056
-2.26000e-01,-0.039,0.04
-2.25990e-01,-0.057,0.062
-2.25980e-01,-0.063,0.064
-2.25970e-01,-0.061,0.064
-2.25960e-01,-0.063,0.066
-2.25950e-01,-0.053,0.056
-2.25940e-01,-0.049,0.056
-2.25930e-01,-0.059,0.06
-2.25920e-01,-0.057,0.06
-2.25910e-01,-0.057,0.062
-2.25900e-01,-0.055,0.06
-2.25890e-01,-0.063,0.068
-2.25880e-01,-0.059,0.06
-2.25870e-01,-0.059,0.062
-2.25860e-01,-0.049,0.052
-2.25850e-01,-0.059,0.064
-2.25840e-01,-0.059,0.064
-2.25830e-01,-0.061,0.066
-2.25820e-01,-0.057,0.06
-2.25810e-01,-0.061,0.066
-2.25800e-01,-0.059,0.064
-2.25790e-01,-0.063,0.062
-2.25780e-01,-0.065,0.064
-2.25770e-01,-0.053,0.058
-2.25760e-01,-0.055,0.06
-2.25750e-01,-0.059,0.06
-2.25740e-01,-0.061,0.064
-2.25730e-01,-0.057,0.06
-2.25720e-01,-0.043,0.05
-2.25710e-01,-0.063,0.06
-2.25700e-01,-0.055,0.058
-2.25690e-01,-0.061,0.064
-2.25680e-01,-0.061,0.062
-2.25670e-01,-0.061,0.064
-2.25660e-01,-0.065,0.068
-2.25650e-01,-0.059,0.064
-2.25640e-01,-0.059,0.062
-2.25630e-01,-0.061,0.064
-2.25620e-01,-0.061,0.064
-2.25610e-01,-0.063,0.064
-2.25600e-01,-0.057,0.06
-2.25590e-01,-0.059,0.062
-2.25580e-01,-0.059,0.062
-2.25570e-01,-0.059,0.062
-2.25560e-01,-0.061,0.066
-2.25550e-01,-0.057,0.06
-2.25540e-01,-0.051,0.056
-2.25530e-01,-0.065,0.064
-2.25520e-01,-0.045,0.05
-2.25510e-01,-0.059,0.064
-2.25500e-01,-0.045,0.054
-2.25490e-01,-0.057,0.06
-2.25480e-01,-0.047,0.052
-2.25470e-01,-0.063,0.064
-2.25460e-01,-0.061,0.06
-2.25450e-01,-0.061,0.062
-2.25440e-01,-0.059,0.062
-2.25430e-01,-0.055,0.058
-2.25420e-01,-0.059,0.068
-2.25410e-01,-0.063,0.06
-2.25400e-01,-0.061,0.064
-2.25390e-01,-0.059,0.06
-2.25380e-01,-0.057,0.062
-2.25370e-01,-0.047,0.048
-2.25360e-01,-0.059,0.064
-2.25350e-01,-0.057,0.06
-2.25340e-01,-0.061,0.062
-2.25330e-01,-0.047,0.05
-2.25320e-01,-0.059,0.062
-2.25310e-01,-0.045,0.056
-2.25300e-01,-0.063,0.064
-2.25290e-01,-0.057,0.06
-2.25280e-01,-0.061,0.064
-2.25270e-01,-0.057,0.062
-2.25260e-01,-0.047,0.044
-2.25250e-01,-0.059,0.062
-2.25240e-01,-0.047,0.052
-2.25230e-01,-0.055,0.058
-2.25220e-01,-0.057,0.062
-2.25210e-01,-0.061,0.064
-2.25200e-01,-0.049,0.056
-2.25190e-01,-0.065,0.064
-2.25180e-01,-0.059,0.06
-2.25170e-01,-0.061,0.064
-2.25160e-01,-0.059,0.062
-2.25150e-01,-0.047,0.056
-2.25140e-01,-0.055,0.06
-2.25130e-01,-0.055,0.06
-2.25120e-01,-0.059,0.062
-2.25110e-01,-0.061,0.062
-2.25100e-01,-0.061,0.064
-2.25090e-01,-0.061,0.062
-2.25080e-01,-0.059,0.062
-2.25070e-01,-0.059,0.064
-2.25060e-01,-0.057,0.062
-2.25050e-01,-0.061,0.064
-2.25040e-01,-0.057,0.062
-2.25030e-01,-0.061,0.062
-2.25020e-01,-0.059,0.062
-2.25010e-01,-0.061,0.062
-2.25000e-01,-0.061,0.064
-2.24990e-01,-0.057,0.06
-2.24980e-01,-0.051,0.058
-2.24970e-01,-0.061,0.064
-2.24960e-01,-0.061,0.062
-2.24950e-01,-0.063,0.064
-2.24940e-01,-0.061,0.062
-2.24930e-01,-0.061,0.06
-2.24920e-01,-0.063,0.064
-2.24910e-01,-0.053,0.056
-2.24900e-01,-0.061,0.062
-2.24890e-01,-0.063,0.066
-2.24880e-01,-0.059,0.06
-2.24870e-01,-0.065,0.06
-2.24860e-01,-0.051,0.058
-2.24850e-01,-0.059,0.064
-2.24840e-01,-0.061,0.062
-2.24830e-01,-0.055,0.064
-2.24820e-01,-0.059,0.062
-2.24810e-01,-0.059,0.066
-2.24800e-01,-0.065,0.064
-2.24790e-01,-0.061,0.064
-2.24780e-01,-0.061,0.064
-2.24770e-01,-0.049,0.054
-2.24760e-01,-0.061,0.066
-2.24750e-01,-0.055,0.06
-2.24740e-01,-0.053,0.06
-2.24730e-01,-0.063,0.064
-2.24720e-01,-0.063,0.06
-2.24710e-01,-0.059,0.062
-2.24700e-01,-0.045,0.052
-2.24690e-01,-0.061,0.062
-2.24680e-01,-0.059,0.062
-2.24670e-01,-0.063,0.064
-2.24660e-01,-0.061,0.06
-2.24650e-01,-0.055,0.064
-2.24640e-01,-0.057,0.062
-2.24630e-01,-0.057,0.06
-2.24620e-01,-0.055,0.058
-2.24610e-01,-0.061,0.062
-2.24600e-01,-0.061,0.062
-2.24590e-01,-0.059,0.064
-2.24580e-01,-0.061,0.064
-2.24570e-01,-0.055,0.062
-2.24560e-01,-0.061,0.064
-2.24550e-01,-0.059,0.064
-2.24540e-01,-0.053,0.06
-2.24530e-01,-0.059,0.062
-2.24520e-01,-0.055,0.06
-2.24510e-01,-0.061,0.064
-2.24500e-01,-0.059,0.062
-2.24490e-01,-0.061,0.064
-2.24480e-01,-0.061,0.064
-2.24470e-01,-0.057,0.062
-2.24460e-01,-0.057,0.064
-2.24450e-01,-0.059,0.062
-2.24440e-01,-0.055,0.062
-2.24430e-01,-0.057,0.062
-2.24420e-01,-0.059,0.064
-2.24410e-01,-0.057,0.06
-2.24400e-01,-0.061,0.062
-2.24390e-01,-0.061,0.064
-2.24380e-01,-0.057,0.06
-2.24370e-01,-0.061,0.064
-2.24360e-01,-0.055,0.06
-2.24350e-01,-0.057,0.062
-2.24340e-01,-0.057,0.062
-2.24330e-01,-0.055,0.06
-2.24320e-01,-0.051,0.056
-2.24310e-01,-0.063,0.06
-2.24300e-01,-0.057,0.06
-2.24290e-01,-0.059,0.066
-2.24280e-01,-0.059,0.064
-2.24270e-01,-0.057,0.06
-2.24260e-01,-0.055,0.062
-2.24250e-01,-0.055,0.06
-2.24240e-01,-0.063,0.066
-2.24230e-01,-0.049,0.054
-2.24220e-01,-0.063,0.064
-2.24210e-01,-0.055,0.058
-2.24200e-01,-0.061,0.064
-2.24190e-01,-0.059,0.064
-2.24180e-01,-0.063,0.064
-2.24170e-01,-0.057,0.06
-2.24160e-01,-0.055,0.06
-2.24150e-01,-0.061,0.062
-2.24140e-01,-0.059,0.062
-2.24130e-01,-0.059,0.06
-2.24120e-01,-0.055,0.06
-2.24110e-01,-0.059,0.062
-2.24100e-01,-0.053,0.056
-2.24090e-01,-0.059,0.062
-2.24080e-01,-0.061,0.062
-2.24070e-01,-0.059,0.064
-2.24060e-01,-0.057,0.06
-2.24050e-01,-0.061,0.06
-2.24040e-01,-0.049,0.054
-2.24030e-01,-0.059,0.062
-2.24020e-01,-0.059,0.066
-2.24010e-01,-0.049,0.056
-2.24000e-01,-0.061,0.062
-2.23990e-01,-0.055,0.06
-2.23980e-01,-0.061,0.062
-2.23970e-01,-0.061,0.062
-2.23960e-01,-0.063,0.064
-2.23950e-01,-0.059,0.064
-2.23940e-01,-0.059,0.062
-2.23930e-01,-0.051,0.058
-2.23920e-01,-0.059,0.064
-2.23910e-01,-0.059,0.06
-2.23900e-01,-0.059,0.06
-2.23890e-01,-0.055,0.06
-2.23880e-01,-0.057,0.064
-2.23870e-01,-0.053,0.058
-2.23860e-01,-0.055,0.058
-2.23850e-01,-0.059,0.064
-2.23840e-01,-0.057,0.06
-2.23830e-01,-0.065,0.064
-2.23820e-01,-0.061,0.064
-2.23810e-01,-0.061,0.062
-2.23800e-01,-0.061,0.066
-2.23790e-01,-0.063,0.064
-2.23780e-01,-0.063,0.064
-2.23770e-01,-0.055,0.058
-2.23760e-01,-0.061,0.064
-2.23750e-01,-0.059,0.064
-2.23740e-01,-0.061,0.064
-2.23730e-01,-0.063,0.064
-2.23720e-01,-0.057,0.064
-2.23710e-01,-0.057,0.062
-2.23700e-01,-0.061,0.06
-2.23690e-01,-0.059,0.06
-2.23680e-01,-0.059,0.064
-2.23670e-01,-0.055,0.06
-2.23660e-01,-0.057,0.062
-2.23650e-01,-0.059,0.066
-2.23640e-01,-0.057,0.056
-2.23630e-01,-0.063,0.064
-2.23620e-01,-0.059,0.062
-2.23610e-01,-0.059,0.062
-2.23600e-01,-0.059,0.06
-2.23590e-01,-0.055,0.056
-2.23580e-01,-0.057,0.064
-2.23570e-01,-0.061,0.06
-2.23560e-01,-0.059,0.062
-2.23550e-01,-0.063,0.062
-2.23540e-01,-0.063,0.062
-2.23530e-01,-0.059,0.064
-2.23520e-01,-0.059,0.06
-2.23510e-01,-0.059,0.064
-2.23500e-01,-0.059,0.062
-2.23490e-01,-0.059,0.06
-2.23480e-01,-0.059,0.062
-2.23470e-01,-0.061,0.06
-2.23460e-01,-0.059,0.06
-2.23450e-01,-0.057,0.064
-2.23440e-01,-0.057,0.056
-2.23430e-01,-0.059,0.062
-2.23420e-01,-0.057,0.06
-2.23410e-01,-0.053,0.058
-2.23400e-01,-0.061,0.066
-2.23390e-01,-0.061,0.06
-2.23380e-01,-0.059,0.066
-2.23370e-01,-0.061,0.062
-2.23360e-01,-0.057,0.064
-2.23350e-01,-0.063,0.068
-2.23340e-01,-0.061,0.064
-2.23330e-01,-0.063,0.064
-2.23320e-01,-0.059,0.06
-2.23310e-01,-0.059,0.064
-2.23300e-01,-0.059,0.064
-2.23290e-01,-0.055,0.056
-2.23280e-01,-0.061,0.066
-2.23270e-01,-0.057,0.06
-2.23260e-01,-0.055,0.058
-2.23250e-01,-0.059,0.064
-2.23240e-01,-0.055,0.06
-2.23230e-01,-0.059,0.06
-2.23220e-01,-0.055,0.06
-2.23210e-01,-0.059,0.062
-2.23200e-01,-0.059,0.064
-2.23190e-01,-0.057,0.06
-2.23180e-01,-0.057,0.066
-2.23170e-01,-0.061,0.064
-2.23160e-01,-0.043,0.048
-2.23150e-01,-0.059,0.066
-2.23140e-01,-0.049,0.054
-2.23130e-01,-0.059,0.062
-2.23120e-01,-0.051,0.056
-2.23110e-01,-0.051,0.056
-2.23100e-01,-0.059,0.062
-2.23090e-01,-0.059,0.064
-2.23080e-01,-0.061,0.064
-2.23070e-01,-0.059,0.064
-2.23060e-01,-0.063,0.062
-2.23050e-01,-0.059,0.068
-2.23040e-01,-0.061,0.062
-2.23030e-01,-0.057,0.06
-2.23020e-01,-0.059,0.062
-2.23010e-01,-0.059,0.06
-2.23000e-01,-0.063,0.064
-2.22990e-01,-0.055,0.058
-2.22980e-01,-0.055,0.062
-2.22970e-01,-0.061,0.064
-2.22960e-01,-0.039,0.046
-2.22950e-01,-0.061,0.064
-2.22940e-01,-0.055,0.064
-2.22930e-01,-0.057,0.064
-2.22920e-01,-0.063,0.064
-2.22910e-01,-0.057,0.062
-2.22900e-01,-0.063,0.064
-2.22890e-01,-0.059,0.064
-2.22880e-01,-0.059,0.064
-2.22870e-01,-0.059,0.064
-2.22860e-01,-0.059,0.062
-2.22850e-01,-0.055,0.06
-2.22840e-01,-0.061,0.066
-2.22830e-01,-0.061,0.062
-2.22820e-01,-0.051,0.06
-2.22810e-01,-0.055,0.058
-2.22800e-01,-0.059,0.064
-2.22790e-01,-0.063,0.06
-2.22780e-01,-0.055,0.056
-2.22770e-01,-0.059,0.06
-2.22760e-01,-0.055,0.058
-2.22750e-01,-0.055,0.054
-2.22740e-01,-0.053,0.062
-2.22730e-01,-0.053,0.06
-2.22720e-01,-0.059,0.06
-2.22710e-01,-0.049,0.058
-2.22700e-01,-0.055,0.06
-2.22690e-01,-0.061,0.064
-2.22680e-01,-0.061,0.06
-2.22670e-01,-0.059,0.066
-2.22660e-01,-0.059,0.06
-2.22650e-01,-0.059,0.062
-2.22640e-01,-0.055,0.06
-2.22630e-01,-0.061,0.062
-2.22620e-01,-0.057,0.06
-2.22610e-01,-0.057,0.062
-2.22600e-01,-0.055,0.062
-2.22590e-01,-0.057,0.06
-2.22580e-01,-0.061,0.06
-2.22570e-01,-0.059,0.064
-2.22560e-01,-0.061,0.064
-2.22550e-01,-0.057,0.062
-2.22540e-01,-0.061,0.062
-2.22530e-01,-0.059,0.06
-2.22520e-01,-0.061,0.064
-2.22510e-01,-0.057,0.064
-2.22500e-01,-0.061,0.062
-2.22490e-01,-0.059,0.062
-2.22480e-01,-0.059,0.062
-2.22470e-01,-0.055,0.058
-2.22460e-01,-0.063,0.064
-2.22450e-01,-0.061,0.064
-2.22440e-01,-0.057,0.062
-2.22430e-01,-0.051,0.054
-2.22420e-01,-0.059,0.066
-2.22410e-01,-0.055,0.06
-2.22400e-01,-0.057,0.06
-2.22390e-01,-0.061,0.06
-2.22380e-01,-0.059,0.06
-2.22370e-01,-0.059,0.062
-2.22360e-01,-0.059,0.062
-2.22350e-01,-0.059,0.064
-2.22340e-01,-0.061,0.062
-2.22330e-01,-0.055,0.06
-2.22320e-01,-0.061,0.062
-2.22310e-01,-0.059,0.062
-2.22300e-01,-0.055,0.06
-2.22290e-01,-0.061,0.062
-2.22280e-01,-0.063,0.062
-2.22270e-01,-0.059,0.062
-2.22260e-01,-0.059,0.064
-2.22250e-01,-0.049,0.048
-2.22240e-01,-0.061,0.064
-2.22230e-01,-0.053,0.056
-2.22220e-01,-0.053,0.064
-2.22210e-01,-0.063,0.062
-2.22200e-01,-0.049,0.058
-2.22190e-01,-0.063,0.062
-2.22180e-01,-0.061,0.062
-2.22170e-01,-0.059,0.062
-2.22160e-01,-0.059,0.062
-2.22150e-01,-0.063,0.062
-2.22140e-01,-0.055,0.06
-2.22130e-01,-0.059,0.062
-2.22120e-01,-0.051,0.058
-2.22110e-01,-0.057,0.062
-2.22100e-01,-0.061,0.06
-2.22090e-01,-0.049,0.05
-2.22080e-01,-0.057,0.062
-2.22070e-01,-0.059,0.064
-2.22060e-01,-0.059,0.06
-2.22050e-01,-0.049,0.054
-2.22040e-01,-0.057,0.06
-2.22030e-01,-0.051,0.052
-2.22020e-01,-0.059,0.062
-2.22010e-01,-0.061,0.062
-2.22000e-01,-0.063,0.066
-2.21990e-01,-0.059,0.06
-2.21980e-01,-0.061,0.068
-2.21970e-01,-0.061,0.068
-2.21960e-01,-0.061,0.062
-2.21950e-01,-0.061,0.064
-2.21940e-01,-0.057,0.066
-2.21930e-01,-0.053,0.058
-2.21920e-01,-0.055,0.062
-2.21910e-01,-0.057,0.064
-2.21900e-01,-0.049,0.05
-2.21890e-01,-0.061,0.06
-2.21880e-01,-0.061,0.064
-2.21870e-01,-0.047,0.054
-2.21860e-01,-0.059,0.058
-2.21850e-01,-0.059,0.066
-2.21840e-01,-0.061,0.064
-2.21830e-01,-0.059,0.06
-2.21820e-01,-0.061,0.064
-2.21810e-01,-0.053,0.058
-2.21800e-01,-0.059,0.066
-2.21790e-01,-0.061,0.064
-2.21780e-01,-0.059,0.062
-2.21770e-01,-0.061,0.066
-2.21760e-01,-0.061,0.064
-2.21750e-01,-0.059,0.06
-2.21740e-01,-0.059,0.064
-2.21730e-01,-0.049,0.058
-2.21720e-01,-0.059,0.064
-2.21710e-01,-0.059,0.064
-2.21700e-01,-0.047,0.05
-2.21690e-01,-0.061,0.064
-2.21680e-01,-0.059,0.06
-2.21670e-01,-0.063,0.064
-2.21660e-01,-0.059,0.062
-2.21650e-01,-0.053,0.058
-2.21640e-01,-0.059,0.064
-2.21630e-01,-0.059,0.066
-2.21620e-01,-0.061,0.066
-2.21610e-01,-0.059,0.062
-2.21600e-01,-0.059,0.064
-2.21590e-01,-0.055,0.06
-2.21580e-01,-0.057,0.06
-2.21570e-01,-0.061,0.06
-2.21560e-01,-0.049,0.056
-2.21550e-01,-0.059,0.06
-2.21540e-01,-0.059,0.06
-2.21530e-01,-0.061,0.06
-2.21520e-01,-0.061,0.064
-2.21510e-01,-0.061,0.064
-2.21500e-01,-0.059,0.07
-2.21490e-01,-0.057,0.06
-2.21480e-01,-0.057,0.062
-2.21470e-01,-0.061,0.064
-2.21460e-01,-0.059,0.06
-2.21450e-01,-0.059,0.064
-2.21440e-01,-0.061,0.062
-2.21430e-01,-0.061,0.064
-2.21420e-01,-0.059,0.062
-2.21410e-01,-0.059,0.062
-2.21400e-01,-0.061,0.066
-2.21390e-01,-0.059,0.062
-2.21380e-01,-0.061,0.062
-2.21370e-01,-0.059,0.064
-2.21360e-01,-0.039,0.046
-2.21350e-01,-0.063,0.064
-2.21340e-01,-0.057,0.058
-2.21330e-01,-0.055,0.062
-2.21320e-01,-0.061,0.064
-2.21310e-01,-0.063,0.062
-2.21300e-01,-0.059,0.064
-2.21290e-01,-0.061,0.062
-2.21280e-01,-0.059,0.064
-2.21270e-01,-0.059,0.064
-2.21260e-01,-0.059,0.058
-2.21250e-01,-0.059,0.062
-2.21240e-01,-0.047,0.052
-2.21230e-01,-0.061,0.062
-2.21220e-01,-0.051,0.058
-2.21210e-01,-0.059,0.066
-2.21200e-01,-0.049,0.054
-2.21190e-01,-0.059,0.062
-2.21180e-01,-0.047,0.054
-2.21170e-01,-0.065,0.062
-2.21160e-01,-0.061,0.062
-2.21150e-01,-0.051,0.054
-2.21140e-01,-0.061,0.066
-2.21130e-01,-0.057,0.06
-2.21120e-01,-0.057,0.062
-2.21110e-01,-0.057,0.062
-2.21100e-01,-0.047,0.054
-2.21090e-01,-0.059,0.064
-2.21080e-01,-0.047,0.054
-2.21070e-01,-0.061,0.064
-2.21060e-01,-0.059,0.062
-2.21050e-01,-0.061,0.064
-2.21040e-01,-0.057,0.064
-2.21030e-01,-0.057,0.06
-2.21020e-01,-0.061,0.06
-2.21010e-01,-0.055,0.06
-2.21000e-01,-0.059,0.062
-2.20990e-01,-0.061,0.062
-2.20980e-01,-0.061,0.06
-2.20970e-01,-0.059,0.064
-2.20960e-01,-0.053,0.06
-2.20950e-01,-0.057,0.058
-2.20940e-01,-0.061,0.062
-2.20930e-01,-0.059,0.06
-2.20920e-01,-0.061,0.06
-2.20910e-01,-0.051,0.06
-2.20900e-01,-0.061,0.062
-2.20890e-01,-0.063,0.064
-2.20880e-01,-0.059,0.062
-2.20870e-01,-0.053,0.058
-2.20860e-01,-0.061,0.06
-2.20850e-01,-0.055,0.06
-2.20840e-01,-0.059,0.062
-2.20830e-01,-0.061,0.062
-2.20820e-01,-0.061,0.064
-2.20810e-01,-0.059,0.06
-2.20800e-01,-0.059,0.064
-2.20790e-01,-0.059,0.068
-2.20780e-01,-0.059,0.064
-2.20770e-01,-0.063,0.066
-2.20760e-01,-0.055,0.06
-2.20750e-01,-0.057,0.064
-2.20740e-01,-0.061,0.064
-2.20730e-01,-0.061,0.062
-2.20720e-01,-0.061,0.064
-2.20710e-01,-0.059,0.062
-2.20700e-01,-0.057,0.06
-2.20690e-01,-0.057,0.06
-2.20680e-01,-0.059,0.062
-2.20670e-01,-0.061,0.064
-2.20660e-01,-0.061,0.064
-2.20650e-01,-0.059,0.062
-2.20640e-01,-0.057,0.06
-2.20630e-01,-0.059,0.062
-2.20620e-01,-0.059,0.06
-2.20610e-01,-0.061,0.062
-2.20600e-01,-0.053,0.06
-2.20590e-01,-0.059,0.06
-2.20580e-01,-0.057,0.066
-2.20570e-01,-0.057,0.058
-2.20560e-01,-0.053,0.056
-2.20550e-01,-0.051,0.06
-2.20540e-01,-0.061,0.066
-2.20530e-01,-0.059,0.064
-2.20520e-01,-0.055,0.06
-2.20510e-01,-0.061,0.064
-2.20500e-01,-0.061,0.062
-2.20490e-01,-0.057,0.06
-2.20480e-01,-0.063,0.064
-2.20470e-01,-0.061,0.06
-2.20460e-01,-0.061,0.062
-2.20450e-01,-0.061,0.06
-2.20440e-01,-0.061,0.064
-2.20430e-01,-0.063,0.06
-2.20420e-01,-0.055,0.058
-2.20410e-01,-0.059,0.062
-2.20400e-01,-0.061,0.062
-2.20390e-01,-0.059,0.064
-2.20380e-01,-0.057,0.064
-2.20370e-01,-0.061,0.066
-2.20360e-01,-0.061,0.064
-2.20350e-01,-0.061,0.062
-2.20340e-01,-0.061,0.064
-2.20330e-01,-0.059,0.062
-2.20320e-01,-0.061,0.066
-2.20310e-01,-0.063,0.064
-2.20300e-01,-0.055,0.058
-2.20290e-01,-0.061,0.068
-2.20280e-01,-0.061,0.062
-2.20270e-01,-0.051,0.056
-2.20260e-01,-0.061,0.066
-2.20250e-01,-0.067,0.064
-2.20240e-01,-0.045,0.054
-2.20230e-01,-0.053,0.056
-2.20220e-01,-0.061,0.064
-2.20210e-01,-0.061,0.06
-2.20200e-01,-0.059,0.066
-2.20190e-01,-0.059,0.06
-2.20180e-01,-0.049,0.056
-2.20170e-01,-0.059,0.062
-2.20160e-01,-0.059,0.062
-2.20150e-01,-0.059,0.06
-2.20140e-01,-0.055,0.06
-2.20130e-01,-0.055,0.062
-2.20120e-01,-0.057,0.06
-2.20110e-01,-0.061,0.064
-2.20100e-01,-0.057,0.064
-2.20090e-01,-0.053,0.058
-2.20080e-01,-0.057,0.06
-2.20070e-01,-0.061,0.064
-2.20060e-01,-0.061,0.066
-2.20050e-01,-0.061,0.064
-2.20040e-01,-0.051,0.06
-2.20030e-01,-0.049,0.054
-2.20020e-01,-0.059,0.06
-2.20010e-01,-0.055,0.06
-2.20000e-01,-0.059,0.062
-2.19990e-01,-0.049,0.056
-2.19980e-01,-0.043,0.05
-2.19970e-01,-0.057,0.06
-2.19960e-01,-0.061,0.064
-2.19950e-01,-0.059,0.064
-2.19940e-01,-0.059,0.066
-2.19930e-01,-0.057,0.062
-2.19920e-01,-0.051,0.06
-2.19910e-01,-0.061,0.062
-2.19900e-01,-0.061,0.064
-2.19890e-01,-0.063,0.062
-2.19880e-01,-0.047,0.054
-2.19870e-01,-0.061,0.06
-2.19860e-01,-0.051,0.06
-2.19850e-01,-0.061,0.064
-2.19840e-01,-0.051,0.054
-2.19830e-01,-0.061,0.062
-2.19820e-01,-0.061,0.062
-2.19810e-01,-0.063,0.066
-2.19800e-01,-0.059,0.06
-2.19790e-01,-0.061,0.064
-2.19780e-01,-0.059,0.062
-2.19770e-01,-0.059,0.066
-2.19760e-01,-0.055,0.06
-2.19750e-01,-0.061,0.064
-2.19740e-01,-0.057,0.06
-2.19730e-01,-0.061,0.064
-2.19720e-01,-0.061,0.06
-2.19710e-01,-0.053,0.056
-2.19700e-01,-0.061,0.062
-2.19690e-01,-0.057,0.06
-2.19680e-01,-0.063,0.062
-2.19670e-01,-0.063,0.064
-2.19660e-01,-0.061,0.06
-2.19650e-01,-0.059,0.062
-2.19640e-01,-0.057,0.062
-2.19630e-01,-0.061,0.062
-2.19620e-01,-0.061,0.062
-2.19610e-01,-0.059,0.06
-2.19600e-01,-0.063,0.062
-2.19590e-01,-0.057,0.06
-2.19580e-01,-0.059,0.062
-2.19570e-01,-0.063,0.062
-2.19560e-01,-0.059,0.06
-2.19550e-01,-0.061,0.066
-2.19540e-01,-0.059,0.064
-2.19530e-01,-0.057,0.06
-2.19520e-01,-0.059,0.06
-2.19510e-01,-0.059,0.064
-2.19500e-01,-0.057,0.06
-2.19490e-01,-0.053,0.058
-2.19480e-01,-0.059,0.062
-2.19470e-01,-0.057,0.06
-2.19460e-01,-0.059,0.064
-2.19450e-01,-0.061,0.062
-2.19440e-01,-0.053,0.06
-2.19430e-01,-0.063,0.066
-2.19420e-01,-0.059,0.062
-2.19410e-01,-0.059,0.062
-2.19400e-01,-0.061,0.062
-2.19390e-01,-0.049,0.058
-2.19380e-01,-0.063,0.062
-2.19370e-01,-0.047,0.05
-2.19360e-01,-0.061,0.062
-2.19350e-01,-0.061,0.066
-2.19340e-01,-0.059,0.064
-2.19330e-01,-0.063,0.066
-2.19320e-01,-0.059,0.064
-2.19310e-01,-0.051,0.048
-2.19300e-01,-0.059,0.062
-2.19290e-01,-0.059,0.06
-2.19280e-01,-0.065,0.066
-2.19270e-01,-0.051,0.054
-2.19260e-01,-0.061,0.062
-2.19250e-01,-0.047,0.054
-2.19240e-01,-0.055,0.06
-2.19230e-01,-0.053,0.058
-2.19220e-01,-0.059,0.064
-2.19210e-01,-0.061,0.064
-2.19200e-01,-0.059,0.064
-2.19190e-01,-0.063,0.066
-2.19180e-01,-0.049,0.054
-2.19170e-01,-0.063,0.062
-2.19160e-01,-0.059,0.06
-2.19150e-01,-0.061,0.06
-2.19140e-01,-0.055,0.056
-2.19130e-01,-0.061,0.062
-2.19120e-01,-0.063,0.064
-2.19110e-01,-0.061,0.06
-2.19100e-01,-0.059,0.064
-2.19090e-01,-0.063,0.06
-2.19080e-01,-0.063,0.064
-2.19070e-01,-0.051,0.056
-2.19060e-01,-0.059,0.062
-2.19050e-01,-0.051,0.058
-2.19040e-01,-0.059,0.064
-2.19030e-01,-0.057,0.06
-2.19020e-01,-0.055,0.06
-2.19010e-01,-0.053,0.056
-2.19000e-01,-0.059,0.058
-2.18990e-01,-0.043,0.048
-2.18980e-01,-0.059,0.062
-2.18970e-01,-0.055,0.06
-2.18960e-01,-0.057,0.06
-2.18950e-01,-0.059,0.062
-2.18940e-01,-0.051,0.056
-2.18930e-01,-0.061,0.062
-2.18920e-01,-0.061,0.064
-2.18910e-01,-0.061,0.064
-2.18900e-01,-0.057,0.066
-2.18890e-01,-0.061,0.062
-2.18880e-01,-0.061,0.06
-2.18870e-01,-0.063,0.064
-2.18860e-01,-0.051,0.052
-2.18850e-01,-0.057,0.062
-2.18840e-01,-0.049,0.052
-2.18830e-01,-0.063,0.062
-2.18820e-01,-0.055,0.066
-2.18810e-01,-0.053,0.058
-2.18800e-01,-0.059,0.06
-2.18790e-01,-0.055,0.06
-2.18780e-01,-0.061,0.062
-2.18770e-01,-0.057,0.06
-2.18760e-01,-0.061,0.064
-2.18750e-01,-0.061,0.066
-2.18740e-01,-0.059,0.06
-2.18730e-01,-0.057,0.06
-2.18720e-01,-0.059,0.06
-2.18710e-01,-0.059,0.062
-2.18700e-01,-0.063,0.064
-2.18690e-01,-0.057,0.062
-2.18680e-01,-0.053,0.058
-2.18670e-01,-0.061,0.064
-2.18660e-01,-0.059,0.062
-2.18650e-01,-0.059,0.06
-2.18640e-01,-0.063,0.064
-2.18630e-01,-0.057,0.062
-2.18620e-01,-0.063,0.066
-2.18610e-01,-0.063,0.064
-2.18600e-01,-0.061,0.062
-2.18590e-01,-0.059,0.062
-2.18580e-01,-0.061,0.064
-2.18570e-01,-0.063,0.06
-2.18560e-01,-0.061,0.064
-2.18550e-01,-0.057,0.066
-2.18540e-01,-0.061,0.062
-2.18530e-01,-0.059,0.064
-2.18520e-01,-0.057,0.064
-2.18510e-01,-0.053,0.056
-2.18500e-01,-0.061,0.062
-2.18490e-01,-0.061,0.064
-2.18480e-01,-0.059,0.062
-2.18470e-01,-0.057,0.064
-2.18460e-01,-0.061,0.062
-2.18450e-01,-0.061,0.066
-2.18440e-01,-0.063,0.062
-2.18430e-01,-0.061,0.06
-2.18420e-01,-0.061,0.064
-2.18410e-01,-0.059,0.064
-2.18400e-01,-0.055,0.056
-2.18390e-01,-0.061,0.066
-2.18380e-01,-0.057,0.064
-2.18370e-01,-0.065,0.062
-2.18360e-01,-0.061,0.062
-2.18350e-01,-0.059,0.066
-2.18340e-01,-0.061,0.066
-2.18330e-01,-0.059,0.062
-2.18320e-01,-0.059,0.066
-2.18310e-01,-0.057,0.066
-2.18300e-01,-0.049,0.054
-2.18290e-01,-0.061,0.062
-2.18280e-01,-0.057,0.064
-2.18270e-01,-0.057,0.058
-2.18260e-01,-0.059,0.062
-2.18250e-01,-0.055,0.06
-2.18240e-01,-0.055,0.06
-2.18230e-01,-0.051,0.052
-2.18220e-01,-0.059,0.064
-2.18210e-01,-0.059,0.062
-2.18200e-01,-0.059,0.062
-2.18190e-01,-0.051,0.058
-2.18180e-01,-0.063,0.064
-2.18170e-01,-0.059,0.06
-2.18160e-01,-0.057,0.06
-2.18150e-01,-0.063,0.064
-2.18140e-01,-0.061,0.064
-2.18130e-01,-0.059,0.062
-2.18120e-01,-0.063,0.062
-2.18110e-01,-0.055,0.06
-2.18100e-01,-0.061,0.064
-2.18090e-01,-0.055,0.058
-2.18080e-01,-0.055,0.06
-2.18070e-01,-0.059,0.064
-2.18060e-01,-0.059,0.06
-2.18050e-01,-0.057,0.062
-2.18040e-01,-0.051,0.058
-2.18030e-01,-0.061,0.062
-2.18020e-01,-0.053,0.058
-2.18010e-01,-0.059,0.062
-2.18000e-01,-0.055,0.06
-2.17990e-01,-0.061,0.064
-2.17980e-01,-0.057,0.06
-2.17970e-01,-0.063,0.066
-2.17960e-01,-0.055,0.06
-2.17950e-01,-0.063,0.064
-2.17940e-01,-0.061,0.06
-2.17930e-01,-0.063,0.064
-2.17920e-01,-0.059,0.064
-2.17910e-01,-0.059,0.06
-2.17900e-01,-0.055,0.062
-2.17890e-01,-0.059,0.064
-2.17880e-01,-0.057,0.06
-2.17870e-01,-0.061,0.064
-2.17860e-01,-0.057,0.058
-2.17850e-01,-0.061,0.064
-2.17840e-01,-0.057,0.06
-2.17830e-01,-0.063,0.064
-2.17820e-01,-0.055,0.06
-2.17810e-01,-0.057,0.06
-2.17800e-01,-0.059,0.062
-2.17790e-01,-0.061,0.064
-2.17780e-01,-0.059,0.064
-2.17770e-01,-0.061,0.062
-2.17760e-01,-0.059,0.062
-2.17750e-01,-0.055,0.062
-2.17740e-01,-0.055,0.06
-2.17730e-01,-0.063,0.066
-2.17720e-01,-0.061,0.064
-2.17710e-01,-0.057,0.06
-2.17700e-01,-0.057,0.064
-2.17690e-01,-0.051,0.054
-2.17680e-01,-0.053,0.058
-2.17670e-01,-0.049,0.054
-2.17660e-01,-0.057,0.064
-2.17650e-01,-0.063,0.064
-2.17640e-01,-0.061,0.064
-2.17630e-01,-0.061,0.06
-2.17620e-01,-0.059,0.064
-2.17610e-01,-0.059,0.062
-2.17600e-01,-0.061,0.062
-2.17590e-01,-0.061,0.062
-2.17580e-01,-0.061,0.064
-2.17570e-01,-0.063,0.062
-2.17560e-01,-0.059,0.062
-2.17550e-01,-0.063,0.064
-2.17540e-01,-0.053,0.058
-2.17530e-01,-0.061,0.064
-2.17520e-01,-0.057,0.06
-2.17510e-01,-0.059,0.062
-2.17500e-01,-0.057,0.062
-2.17490e-01,-0.059,0.062
-2.17480e-01,-0.059,0.066
-2.17470e-01,-0.059,0.066
-2.17460e-01,-0.063,0.06
-2.17450e-01,-0.063,0.064
-2.17440e-01,-0.063,0.062
-2.17430e-01,-0.057,0.062
-2.17420e-01,-0.061,0.062
-2.17410e-01,-0.057,0.06
-2.17400e-01,-0.059,0.062
-2.17390e-01,-0.055,0.06
-2.17380e-01,-0.061,0.062
-2.17370e-01,-0.055,0.06
-2.17360e-01,-0.063,0.064
-2.17350e-01,-0.051,0.052
-2.17340e-01,-0.057,0.062
-2.17330e-01,-0.059,0.06
-2.17320e-01,-0.057,0.06
-2.17310e-01,-0.049,0.054
-2.17300e-01,-0.057,0.06
-2.17290e-01,-0.059,0.06
-2.17280e-01,-0.063,0.068
-2.17270e-01,-0.061,0.06
-2.17260e-01,-0.057,0.06
-2.17250e-01,-0.063,0.064
-2.17240e-01,-0.061,0.062
-2.17230e-01,-0.057,0.062
-2.17220e-01,-0.061,0.066
-2.17210e-01,-0.059,0.062
-2.17200e-01,-0.057,0.06
-2.17190e-01,-0.059,0.062
-2.17180e-01,-0.053,0.06
-2.17170e-01,-0.059,0.062
-2.17160e-01,-0.061,0.064
-2.17150e-01,-0.057,0.062
-2.17140e-01,-0.061,0.062
-2.17130e-01,-0.057,0.06
-2.17120e-01,-0.061,0.064
-2.17110e-01,-0.061,0.064
-2.17100e-01,-0.055,0.06
-2.17090e-01,-0.061,0.062
-2.17080e-01,-0.053,0.06
-2.17070e-01,-0.059,0.064
-2.17060e-01,-0.063,0.064
-2.17050e-01,-0.059,0.062
-2.17040e-01,-0.061,0.064
-2.17030e-01,-0.059,0.06
-2.17020e-01,-0.061,0.06
-2.17010e-01,-0.063,0.064
-2.17000e-01,-0.057,0.062
-2.16990e-01,-0.063,0.064
-2.16980e-01,-0.059,0.066
-2.16970e-01,-0.061,0.066
-2.16960e-01,-0.059,0.062
-2.16950e-01,-0.055,0.06
-2.16940e-01,-0.059,0.064
-2.16930e-01,-0.049,0.058
-2.16920e-01,-0.061,0.062
-2.16910e-01,-0.051,0.054
-2.16900e-01,-0.053,0.058
-2.16890e-01,-0.053,0.056
-2.16880e-01,-0.065,0.064
-2.16870e-01,-0.055,0.06
-2.16860e-01,-0.055,0.06
-2.16850e-01,-0.055,0.06
-2.16840e-01,-0.057,0.06
-2.16830e-01,-0.059,0.062
-2.16820e-01,-0.059,0.064
-2.16810e-01,-0.063,0.066
-2.16800e-01,-0.059,0.064
-2.16790e-01,-0.061,0.064
-2.16780e-01,-0.059,0.06
-2.16770e-01,-0.057,0.06
-2.16760e-01,-0.053,0.054
-2.16750e-01,-0.059,0.064
-2.16740e-01,-0.047,0.054
-2.16730e-01,-0.059,0.062
-2.16720e-01,-0.061,0.062
-2.16710e-01,-0.057,0.062
-2.16700e-01,-0.061,0.066
-2.16690e-01,-0.061,0.062
-2.16680e-01,-0.055,0.064
-2.16670e-01,-0.059,0.062
-2.16660e-01,-0.061,0.064
-2.16650e-01,-0.059,0.064
-2.16640e-01,-0.059,0.064
-2.16630e-01,-0.061,0.06
-2.16620e-01,-0.049,0.052
-2.16610e-01,-0.059,0.062
-2.16600e-01,-0.059,0.06
-2.16590e-01,-0.059,0.064
-2.16580e-01,-0.059,0.064
-2.16570e-01,-0.061,0.064
-2.16560e-01,-0.057,0.06
-2.16550e-01,-0.053,0.054
-2.16540e-01,-0.059,0.058
-2.16530e-01,-0.045,0.05
-2.16520e-01,-0.057,0.06
-2.16510e-01,-0.055,0.056
-2.16500e-01,-0.061,0.064
-2.16490e-01,-0.059,0.06
-2.16480e-01,-0.061,0.062
-2.16470e-01,-0.053,0.06
-2.16460e-01,-0.059,0.06
-2.16450e-01,-0.053,0.06
-2.16440e-01,-0.059,0.062
-2.16430e-01,-0.059,0.064
-2.16420e-01,-0.063,0.062
-2.16410e-01,-0.059,0.062
-2.16400e-01,-0.061,0.064
-2.16390e-01,-0.059,0.066
-2.16380e-01,-0.061,0.064
-2.16370e-01,-0.055,0.06
-2.16360e-01,-0.059,0.064
-2.16350e-01,-0.053,0.058
-2.16340e-01,-0.049,0.056
-2.16330e-01,-0.061,0.064
-2.16320e-01,-0.053,0.058
-2.16310e-01,-0.055,0.062
-2.16300e-01,-0.061,0.062
-2.16290e-01,-0.055,0.06
-2.16280e-01,-0.051,0.06
-2.16270e-01,-0.059,0.06
-2.16260e-01,-0.059,0.066
-2.16250e-01,-0.061,0.062
-2.16240e-01,-0.057,0.06
-2.16230e-01,-0.061,0.06
-2.16220e-01,-0.059,0.064
-2.16210e-01,-0.053,0.054
-2.16200e-01,-0.055,0.06
-2.16190e-01,-0.053,0.056
-2.16180e-01,-0.061,0.062
-2.16170e-01,-0.057,0.064
-2.16160e-01,-0.059,0.06
-2.16150e-01,-0.061,0.062
-2.16140e-01,-0.059,0.06
-2.16130e-01,-0.061,0.064
-2.16120e-01,-0.055,0.062
-2.16110e-01,-0.053,0.056
-2.16100e-01,-0.059,0.062
-2.16090e-01,-0.051,0.06
-2.16080e-01,-0.047,0.05
-2.16070e-01,-0.045,0.052
-2.16060e-01,-0.049,0.054
-2.16050e-01,-0.049,0.052
-2.16040e-01,-0.041,0.048
-2.16030e-01,-0.049,0.056
-2.16020e-01,-0.047,0.052
-2.16010e-01,-0.055,0.06
-2.16000e-01,-0.051,0.058
-2.15990e-01,-0.061,0.062
-2.15980e-01,-0.061,0.062
-2.15970e-01,-0.059,0.062
-2.15960e-01,-0.061,0.06
-2.15950e-01,-0.061,0.06
-2.15940e-01,-0.041,0.046
-2.15930e-01,-0.057,0.06
-2.15920e-01,-0.061,0.06
-2.15910e-01,-0.061,0.062
-2.15900e-01,-0.061,0.064
-2.15890e-01,-0.051,0.056
-2.15880e-01,-0.061,0.062
-2.15870e-01,-0.061,0.064
-2.15860e-01,-0.061,0.064
-2.15850e-01,-0.061,0.064
-2.15840e-01,-0.055,0.062
-2.15830e-01,-0.059,0.066
-2.15820e-01,-0.057,0.062
-2.15810e-01,-0.063,0.064
-2.15800e-01,-0.049,0.056
-2.15790e-01,-0.057,0.064
-2.15780e-01,-0.063,0.066
-2.15770e-01,-0.057,0.06
-2.15760e-01,-0.061,0.066
-2.15750e-01,-0.059,0.064
-2.15740e-01,-0.061,0.066
-2.15730e-01,-0.063,0.064
-2.15720e-01,-0.061,0.062
-2.15710e-01,-0.065,0.064
-2.15700e-01,-0.057,0.066
-2.15690e-01,-0.059,0.064
-2.15680e-01,-0.059,0.06
-2.15670e-01,-0.057,0.06
-2.15660e-01,-0.059,0.064
-2.15650e-01,-0.057,0.06
-2.15640e-01,-0.055,0.056
-2.15630e-01,-0.059,0.064
-2.15620e-01,-0.061,0.062
-2.15610e-01,-0.057,0.064
-2.15600e-01,-0.059,0.068
-2.15590e-01,-0.059,0.064
-2.15580e-01,-0.065,0.064
-2.15570e-01,-0.057,0.062
-2.15560e-01,-0.057,0.06
-2.15550e-01,-0.061,0.066
-2.15540e-01,-0.059,0.062
-2.15530e-01,-0.061,0.064
-2.15520e-01,-0.063,0.064
-2.15510e-01,-0.059,0.06
-2.15500e-01,-0.051,0.052
-2.15490e-01,-0.049,0.054
-2.15480e-01,-0.059,0.06
-2.15470e-01,-0.051,0.056
-2.15460e-01,-0.053,0.048
-2.15450e-01,-0.057,0.062
-2.15440e-01,-0.035,0.038
-2.15430e-01,-0.059,0.06
-2.15420e-01,-0.061,0.06
-2.15410e-01,-0.059,0.062
-2.15400e-01,-0.061,0.064
-2.15390e-01,-0.061,0.062
-2.15380e-01,-0.059,0.062
-2.15370e-01,-0.049,0.054
-2.15360e-01,-0.049,0.05
-2.15350e-01,-0.055,0.06
-2.15340e-01,-0.049,0.054
-2.15330e-01,-0.055,0.058
-2.15320e-01,-0.059,0.064
-2.15310e-01,-0.055,0.06
-2.15300e-01,-0.057,0.06
-2.15290e-01,-0.053,0.058
-2.15280e-01,-0.053,0.06
-2.15270e-01,-0.039,0.044
-2.15260e-01,-0.055,0.062
-2.15250e-01,-0.061,0.06
-2.15240e-01,-0.059,0.066
-2.15230e-01,-0.057,0.06
-2.15220e-01,-0.057,0.062
-2.15210e-01,-0.057,0.06
-2.15200e-01,-0.057,0.06
-2.15190e-01,-0.045,0.058
-2.15180e-01,-0.053,0.058
-2.15170e-01,-0.059,0.06
-2.15160e-01,-0.053,0.06
-2.15150e-01,-0.057,0.06
-2.15140e-01,-0.063,0.062
-2.15130e-01,-0.063,0.064
-2.15120e-01,-0.059,0.062
-2.15110e-01,-0.059,0.068
-2.15100e-01,-0.063,0.064
-2.15090e-01,-0.061,0.062
-2.15080e-01,-0.061,0.06
-2.15070e-01,-0.063,0.066
-2.15060e-01,-0.059,0.06
-2.15050e-01,-0.057,0.064
-2.15040e-01,-0.061,0.064
-2.15030e-01,-0.059,0.06
-2.15020e-01,-0.061,0.062
-2.15010e-01,-0.061,0.06
-2.15000e-01,-0.061,0.066
-2.14990e-01,-0.061,0.064
-2.14980e-01,-0.059,0.06
-2.14970e-01,-0.061,0.062
-2.14960e-01,-0.063,0.066
-2.14950e-01,-0.061,0.062
-2.14940e-01,-0.063,0.064
-2.14930e-01,-0.063,0.062
-2.14920e-01,-0.061,0.068
-2.14910e-01,-0.059,0.064
-2.14900e-01,-0.057,0.06
-2.14890e-01,-0.055,0.062
-2.14880e-01,-0.057,0.064
-2.14870e-01,-0.059,0.062
-2.14860e-01,-0.063,0.062
-2.14850e-01,-0.061,0.068
-2.14840e-01,-0.063,0.064
-2.14830e-01,-0.059,0.064
-2.14820e-01,-0.063,0.06
-2.14810e-01,-0.059,0.06
-2.14800e-01,-0.059,0.064
-2.14790e-01,-0.061,0.062
-2.14780e-01,-0.059,0.062
-2.14770e-01,-0.057,0.062
-2.14760e-01,-0.061,0.066
-2.14750e-01,-0.063,0.064
-2.14740e-01,-0.057,0.06
-2.14730e-01,-0.055,0.056
-2.14720e-01,-0.051,0.056
-2.14710e-01,-0.055,0.06
-2.14700e-01,-0.063,0.068
-2.14690e-01,-0.057,0.062
-2.14680e-01,-0.063,0.064
-2.14670e-01,-0.055,0.064
-2.14660e-01,-0.063,0.064
-2.14650e-01,-0.053,0.06
-2.14640e-01,-0.057,0.06
-2.14630e-01,-0.055,0.056
-2.14620e-01,-0.055,0.062
-2.14610e-01,-0.057,0.06
-2.14600e-01,-0.059,0.062
-2.14590e-01,-0.055,0.06
-2.14580e-01,-0.047,0.054
-2.14570e-01,-0.051,0.058
-2.14560e-01,-0.057,0.062
-2.14550e-01,-0.057,0.06
-2.14540e-01,-0.055,0.062
-2.14530e-01,-0.057,0.06
-2.14520e-01,-0.059,0.062
-2.14510e-01,-0.057,0.06
-2.14500e-01,-0.061,0.068
-2.14490e-01,-0.057,0.06
-2.14480e-01,-0.061,0.064
-2.14470e-01,-0.063,0.064
-2.14460e-01,-0.063,0.066
-2.14450e-01,-0.061,0.062
-2.14440e-01,-0.061,0.066
-2.14430e-01,-0.057,0.058
-2.14420e-01,-0.057,0.062
-2.14410e-01,-0.057,0.058
-2.14400e-01,-0.055,0.056
-2.14390e-01,-0.055,0.058
-2.14380e-01,-0.057,0.06
-2.14370e-01,-0.061,0.062
-2.14360e-01,-0.061,0.066
-2.14350e-01,-0.061,0.062
-2.14340e-01,-0.057,0.06
-2.14330e-01,-0.053,0.058
-2.14320e-01,-0.063,0.066
-2.14310e-01,-0.061,0.064
-2.14300e-01,-0.061,0.06
-2.14290e-01,-0.055,0.058
-2.14280e-01,-0.051,0.06
-2.14270e-01,-0.063,0.064
-2.14260e-01,-0.061,0.064
-2.14250e-01,-0.059,0.064
-2.14240e-01,-0.059,0.062
-2.14230e-01,-0.057,0.06
-2.14220e-01,-0.061,0.064
-2.14210e-01,-0.057,0.066
-2.14200e-01,-0.061,0.06
-2.14190e-01,-0.055,0.06
-2.14180e-01,-0.053,0.06
-2.14170e-01,-0.057,0.062
-2.14160e-01,-0.051,0.058
-2.14150e-01,-0.061,0.064
-2.14140e-01,-0.057,0.066
-2.14130e-01,-0.059,0.064
-2.14120e-01,-0.057,0.064
-2.14110e-01,-0.061,0.06
-2.14100e-01,-0.061,0.068
-2.14090e-01,-0.063,0.066
-2.14080e-01,-0.055,0.06
-2.14070e-01,-0.057,0.062
-2.14060e-01,-0.061,0.062
-2.14050e-01,-0.059,0.06
-2.14040e-01,-0.057,0.062
-2.14030e-01,-0.063,0.064
-2.14020e-01,-0.061,0.062
-2.14010e-01,-0.055,0.056
-2.14000e-01,-0.063,0.066
-2.13990e-01,-0.061,0.062
-2.13980e-01,-0.059,0.066
-2.13970e-01,-0.059,0.06
-2.13960e-01,-0.061,0.06
-2.13950e-01,-0.059,0.062
-2.13940e-01,-0.061,0.06
-2.13930e-01,-0.063,0.062
-2.13920e-01,-0.061,0.064
-2.13910e-01,-0.059,0.06
-2.13900e-01,-0.061,0.066
-2.13890e-01,-0.061,0.062
-2.13880e-01,-0.061,0.064
-2.13870e-01,-0.061,0.064
-2.13860e-01,-0.059,0.064
-2.13850e-01,-0.061,0.066
-2.13840e-01,-0.061,0.064
-2.13830e-01,-0.061,0.064
-2.13820e-01,-0.061,0.066
-2.13810e-01,-0.063,0.062
-2.13800e-01,-0.061,0.062
-2.13790e-01,-0.059,0.06
-2.13780e-01,-0.063,0.064
-2.13770e-01,-0.065,0.066
-2.13760e-01,-0.061,0.064
-2.13750e-01,-0.061,0.062
-2.13740e-01,-0.061,0.064
-2.13730e-01,-0.057,0.064
-2.13720e-01,-0.059,0.064
-2.13710e-01,-0.059,0.064
-2.13700e-01,-0.059,0.066
-2.13690e-01,-0.055,0.062
-2.13680e-01,-0.059,0.06
-2.13670e-01,-0.059,0.064
-2.13660e-01,-0.061,0.068
-2.13650e-01,-0.057,0.06
-2.13640e-01,-0.057,0.058
-2.13630e-01,-0.061,0.068
-2.13620e-01,-0.057,0.066
-2.13610e-01,-0.061,0.066
-2.13600e-01,-0.057,0.06
-2.13590e-01,-0.061,0.062
-2.13580e-01,-0.055,0.056
-2.13570e-01,-0.061,0.062
-2.13560e-01,-0.053,0.056
-2.13550e-01,-0.059,0.064
-2.13540e-01,-0.053,0.056
-2.13530e-01,-0.065,0.066
-2.13520e-01,-0.061,0.064
-2.13510e-01,-0.059,0.06
-2.13500e-01,-0.063,0.064
-2.13490e-01,-0.061,0.064
-2.13480e-01,-0.055,0.06
-2.13470e-01,-0.051,0.052
-2.13460e-01,-0.059,0.064
-2.13450e-01,-0.057,0.06
-2.13440e-01,-0.059,0.064
-2.13430e-01,-0.059,0.062
-2.13420e-01,-0.063,0.06
-2.13410e-01,-0.061,0.064
-2.13400e-01,-0.059,0.064
-2.13390e-01,-0.061,0.062
-2.13380e-01,-0.057,0.062
-2.13370e-01,-0.061,0.06
-2.13360e-01,-0.055,0.058
-2.13350e-01,-0.061,0.064
-2.13340e-01,-0.057,0.062
-2.13330e-01,-0.063,0.066
-2.13320e-01,-0.061,0.064
-2.13310e-01,-0.061,0.062
-2.13300e-01,-0.061,0.062
-2.13290e-01,-0.057,0.062
-2.13280e-01,-0.061,0.062
-2.13270e-01,-0.055,0.06
-2.13260e-01,-0.061,0.064
-2.13250e-01,-0.059,0.068
-2.13240e-01,-0.059,0.064
-2.13230e-01,-0.063,0.064
-2.13220e-01,-0.061,0.064
-2.13210e-01,-0.059,0.06
-2.13200e-01,-0.059,0.062
-2.13190e-01,-0.059,0.064
-2.13180e-01,-0.059,0.062
-2.13170e-01,-0.057,0.066
-2.13160e-01,-0.057,0.064
-2.13150e-01,-0.063,0.064
-2.13140e-01,-0.061,0.06
-2.13130e-01,-0.057,0.062
-2.13120e-01,-0.061,0.064
-2.13110e-01,-0.059,0.066
-2.13100e-01,-0.059,0.062
-2.13090e-01,-0.059,0.06
-2.13080e-01,-0.063,0.064
-2.13070e-01,-0.061,0.064
-2.13060e-01,-0.063,0.064
-2.13050e-01,-0.051,0.058
-2.13040e-01,-0.057,0.06
-2.13030e-01,-0.061,0.062
-2.13020e-01,-0.057,0.062
-2.13010e-01,-0.059,0.064
-2.13000e-01,-0.059,0.062
-2.12990e-01,-0.063,0.062
-2.12980e-01,-0.057,0.064
-2.12970e-01,-0.061,0.064
-2.12960e-01,-0.061,0.068
-2.12950e-01,-0.059,0.062
-2.12940e-01,-0.061,0.064
-2.12930e-01,-0.063,0.062
-2.12920e-01,-0.063,0.066
-2.12910e-01,-0.061,0.062
-2.12900e-01,-0.061,0.064
-2.12890e-01,-0.059,0.064
-2.12880e-01,-0.057,0.062
-2.12870e-01,-0.061,0.064
-2.12860e-01,-0.059,0.064
-2.12850e-01,-0.053,0.058
-2.12840e-01,-0.061,0.062
-2.12830e-01,-0.061,0.064
-2.12820e-01,-0.059,0.064
-2.12810e-01,-0.061,0.066
-2.12800e-01,-0.059,0.064
-2.12790e-01,-0.061,0.064
-2.12780e-01,-0.059,0.064
-2.12770e-01,-0.061,0.062
-2.12760e-01,-0.061,0.062
-2.12750e-01,-0.049,0.052
-2.12740e-01,-0.055,0.06
-2.12730e-01,-0.059,0.06
-2.12720e-01,-0.055,0.062
-2.12710e-01,-0.061,0.064
-2.12700e-01,-0.059,0.062
-2.12690e-01,-0.061,0.064
-2.12680e-01,-0.061,0.062
-2.12670e-01,-0.061,0.064
-2.12660e-01,-0.055,0.064
-2.12650e-01,-0.057,0.064
-2.12640e-01,-0.059,0.064
-2.12630e-01,-0.057,0.064
-2.12620e-01,-0.057,0.06
-2.12610e-01,-0.061,0.062
-2.12600e-01,-0.061,0.062
-2.12590e-01,-0.057,0.064
-2.12580e-01,-0.061,0.06
-2.12570e-01,-0.053,0.062
-2.12560e-01,-0.053,0.056
-2.12550e-01,-0.057,0.056
-2.12540e-01,-0.061,0.06
-2.12530e-01,-0.057,0.06
-2.12520e-01,-0.053,0.06
-2.12510e-01,-0.053,0.06
-2.12500e-01,-0.057,0.06
-2.12490e-01,-0.059,0.062
-2.12480e-01,-0.057,0.062
-2.12470e-01,-0.063,0.064
-2.12460e-01,-0.059,0.06
-2.12450e-01,-0.065,0.064
-2.12440e-01,-0.059,0.064
-2.12430e-01,-0.061,0.06
-2.12420e-01,-0.061,0.062
-2.12410e-01,-0.059,0.058
-2.12400e-01,-0.061,0.062
-2.12390e-01,-0.059,0.066
-2.12380e-01,-0.055,0.064
-2.12370e-01,-0.061,0.064
-2.12360e-01,-0.059,0.06
-2.12350e-01,-0.051,0.052
-2.12340e-01,-0.059,0.062
-2.12330e-01,-0.061,0.064
-2.12320e-01,-0.061,0.066
-2.12310e-01,-0.057,0.062
-2.12300e-01,-0.059,0.062
-2.12290e-01,-0.059,0.06
-2.12280e-01,-0.057,0.06
-2.12270e-01,-0.065,0.066
-2.12260e-01,-0.057,0.06
-2.12250e-01,-0.055,0.06
-2.12240e-01,-0.061,0.064
-2.12230e-01,-0.059,0.06
-2.12220e-01,-0.055,0.058
-2.12210e-01,-0.053,0.06
-2.12200e-01,-0.061,0.068
-2.12190e-01,-0.057,0.06
-2.12180e-01,-0.057,0.062
-2.12170e-01,-0.059,0.064
-2.12160e-01,-0.059,0.06
-2.12150e-01,-0.059,0.064
-2.12140e-01,-0.063,0.064
-2.12130e-01,-0.063,0.06
-2.12120e-01,-0.053,0.06
-2.12110e-01,-0.061,0.062
-2.12100e-01,-0.061,0.064
-2.12090e-01,-0.059,0.062
-2.12080e-01,-0.047,0.054
-2.12070e-01,-0.057,0.062
-2.12060e-01,-0.051,0.06
-2.12050e-01,-0.057,0.064
-2.12040e-01,-0.055,0.058
-2.12030e-01,-0.053,0.054
-2.12020e-01,-0.043,0.048
-2.12010e-01,-0.053,0.06
-2.12000e-01,-0.057,0.06
-2.11990e-01,-0.057,0.062
-2.11980e-01,-0.061,0.062
-2.11970e-01,-0.057,0.062
-2.11960e-01,-0.059,0.062
-2.11950e-01,-0.059,0.058
-2.11940e-01,-0.059,0.064
-2.11930e-01,-0.061,0.066
-2.11920e-01,-0.061,0.064
-2.11910e-01,-0.059,0.064
-2.11900e-01,-0.061,0.06
-2.11890e-01,-0.059,0.06
-2.11880e-01,-0.059,0.062
-2.11870e-01,-0.061,0.064
-2.11860e-01,-0.057,0.062
-2.11850e-01,-0.061,0.064
-2.11840e-01,-0.059,0.064
-2.11830e-01,-0.055,0.056
-2.11820e-01,-0.051,0.056
-2.11810e-01,-0.059,0.06
-2.11800e-01,-0.057,0.06
-2.11790e-01,-0.061,0.06
-2.11780e-01,-0.059,0.062
-2.11770e-01,-0.061,0.064
-2.11760e-01,-0.055,0.056
-2.11750e-01,-0.061,0.066
-2.11740e-01,-0.047,0.054
-2.11730e-01,-0.059,0.064
-2.11720e-01,-0.063,0.062
-2.11710e-01,-0.055,0.06
-2.11700e-01,-0.057,0.06
-2.11690e-01,-0.055,0.06
-2.11680e-01,-0.063,0.062
-2.11670e-01,-0.059,0.06
-2.11660e-01,-0.059,0.064
-2.11650e-01,-0.063,0.06
-2.11640e-01,-0.057,0.064
-2.11630e-01,-0.061,0.068
-2.11620e-01,-0.059,0.062
-2.11610e-01,-0.061,0.066
-2.11600e-01,-0.061,0.064
-2.11590e-01,-0.063,0.064
-2.11580e-01,-0.063,0.06
-2.11570e-01,-0.057,0.062
-2.11560e-01,-0.057,0.062
-2.11550e-01,-0.063,0.066
-2.11540e-01,-0.061,0.06
-2.11530e-01,-0.061,0.062
-2.11520e-01,-0.053,0.06
-2.11510e-01,-0.061,0.066
-2.11500e-01,-0.061,0.066
-2.11490e-01,-0.061,0.066
-2.11480e-01,-0.059,0.06
-2.11470e-01,-0.061,0.064
-2.11460e-01,-0.061,0.062
-2.11450e-01,-0.061,0.064
-2.11440e-01,-0.063,0.064
-2.11430e-01,-0.063,0.062
-2.11420e-01,-0.055,0.058
-2.11410e-01,-0.059,0.064
-2.11400e-01,-0.057,0.06
-2.11390e-01,-0.059,0.064
-2.11380e-01,-0.049,0.052
-2.11370e-01,-0.059,0.06
-2.11360e-01,-0.055,0.058
-2.11350e-01,-0.059,0.064
-2.11340e-01,-0.055,0.056
-2.11330e-01,-0.065,0.062
-2.11320e-01,-0.059,0.062
-2.11310e-01,-0.057,0.066
-2.11300e-01,-0.051,0.058
-2.11290e-01,-0.057,0.06
-2.11280e-01,-0.043,0.05
-2.11270e-01,-0.059,0.064
-2.11260e-01,-0.063,0.06
-2.11250e-01,-0.061,0.066
-2.11240e-01,-0.061,0.064
-2.11230e-01,-0.059,0.062
-2.11220e-01,-0.059,0.062
-2.11210e-01,-0.057,0.06
-2.11200e-01,-0.059,0.066
-2.11190e-01,-0.057,0.064
-2.11180e-01,-0.063,0.064
-2.11170e-01,-0.057,0.064
-2.11160e-01,-0.061,0.068
-2.11150e-01,-0.059,0.068
-2.11140e-01,-0.057,0.064
-2.11130e-01,-0.059,0.06
-2.11120e-01,-0.063,0.062
-2.11110e-01,-0.055,0.058
-2.11100e-01,-0.063,0.066
-2.11090e-01,-0.049,0.056
-2.11080e-01,-0.055,0.06
-2.11070e-01,-0.057,0.06
-2.11060e-01,-0.063,0.064
-2.11050e-01,-0.061,0.064
-2.11040e-01,-0.061,0.064
-2.11030e-01,-0.057,0.066
-2.11020e-01,-0.053,0.058
-2.11010e-01,-0.059,0.062
-2.11000e-01,-0.055,0.066
-2.10990e-01,-0.047,0.052
-2.10980e-01,-0.057,0.06
-2.10970e-01,-0.059,0.062
-2.10960e-01,-0.057,0.062
-2.10950e-01,-0.059,0.06
-2.10940e-01,-0.063,0.064
-2.10930e-01,-0.059,0.06
-2.10920e-01,-0.055,0.06
-2.10910e-01,-0.061,0.064
-2.10900e-01,-0.061,0.062
-2.10890e-01,-0.061,0.062
-2.10880e-01,-0.055,0.062
-2.10870e-01,-0.061,0.064
-2.10860e-01,-0.059,0.06
-2.10850e-01,-0.055,0.062
-2.10840e-01,-0.061,0.062
-2.10830e-01,-0.061,0.06
-2.10820e-01,-0.061,0.064
-2.10810e-01,-0.059,0.062
-2.10800e-01,-0.061,0.06
-2.10790e-01,-0.059,0.064
-2.10780e-01,-0.059,0.064
-2.10770e-01,-0.061,0.064
-2.10760e-01,-0.061,0.06
-2.10750e-01,-0.059,0.064
-2.10740e-01,-0.059,0.062
-2.10730e-01,-0.055,0.06
-2.10720e-01,-0.061,0.062
-2.10710e-01,-0.061,0.066
-2.10700e-01,-0.061,0.06
-2.10690e-01,-0.059,0.064
-2.10680e-01,-0.059,0.06
-2.10670e-01,-0.059,0.06
-2.10660e-01,-0.061,0.062
-2.10650e-01,-0.059,0.064
-2.10640e-01,-0.053,0.058
-2.10630e-01,-0.061,0.064
-2.10620e-01,-0.057,0.062
-2.10610e-01,-0.063,0.062
-2.10600e-01,-0.057,0.064
-2.10590e-01,-0.061,0.06
-2.10580e-01,-0.059,0.064
-2.10570e-01,-0.055,0.06
-2.10560e-01,-0.059,0.064
-2.10550e-01,-0.059,0.064
-2.10540e-01,-0.055,0.058
-2.10530e-01,-0.057,0.06
-2.10520e-01,-0.053,0.056
-2.10510e-01,-0.057,0.06
-2.10500e-01,-0.055,0.06
-2.10490e-01,-0.059,0.062
-2.10480e-01,-0.059,0.06
-2.10470e-01,-0.063,0.064
-2.10460e-01,-0.059,0.064
-2.10450e-01,-0.057,0.062
-2.10440e-01,-0.057,0.062
-2.10430e-01,-0.059,0.062
-2.10420e-01,-0.061,0.062
-2.10410e-01,-0.061,0.062
-2.10400e-01,-0.059,0.06
-2.10390e-01,-0.057,0.06
-2.10380e-01,-0.051,0.054
-2.10370e-01,-0.057,0.062
-2.10360e-01,-0.059,0.064
-2.10350e-01,-0.059,0.062
-2.10340e-01,-0.061,0.064
-2.10330e-01,-0.061,0.06
-2.10320e-01,-0.059,0.064
-2.10310e-01,-0.063,0.064
-2.10300e-01,-0.063,0.064
-2.10290e-01,-0.059,0.064
-2.10280e-01,-0.055,0.058
-2.10270e-01,-0.057,0.064
-2.10260e-01,-0.061,0.064
-2.10250e-01,-0.055,0.06
-2.10240e-01,-0.043,0.05
-2.10230e-01,-0.057,0.062
-2.10220e-01,-0.059,0.062
-2.10210e-01,-0.059,0.062
-2.10200e-01,-0.059,0.062
-2.10190e-01,-0.061,0.064
-2.10180e-01,-0.057,0.06
-2.10170e-01,-0.061,0.064
-2.10160e-01,-0.059,0.06
-2.10150e-01,-0.059,0.064
-2.10140e-01,-0.057,0.06
-2.10130e-01,-0.061,0.064
-2.10120e-01,-0.061,0.062
-2.10110e-01,-0.059,0.064
-2.10100e-01,-0.061,0.066
-2.10090e-01,-0.065,0.066
-2.10080e-01,-0.059,0.062
-2.10070e-01,-0.057,0.06
-2.10060e-01,-0.059,0.066
-2.10050e-01,-0.059,0.064
-2.10040e-01,-0.065,0.064
-2.10030e-01,-0.055,0.058
-2.10020e-01,-0.059,0.066
-2.10010e-01,-0.043,0.052
-2.10000e-01,-0.061,0.06
-2.09990e-01,-0.055,0.06
-2.09980e-01,-0.063,0.064
-2.09970e-01,-0.061,0.064
-2.09960e-01,-0.057,0.06
-2.09950e-01,-0.057,0.06
-2.09940e-01,-0.057,0.064
-2.09930e-01,-0.059,0.062
-2.09920e-01,-0.053,0.054
-2.09910e-01,-0.059,0.064
-2.09900e-01,-0.053,0.058
-2.09890e-01,-0.055,0.06
-2.09880e-01,-0.053,0.062
-2.09870e-01,-0.057,0.062
-2.09860e-01,-0.057,0.062
-2.09850e-01,-0.053,0.056
-2.09840e-01,-0.059,0.064
-2.09830e-01,-0.059,0.06
-2.09820e-01,-0.061,0.066
-2.09810e-01,-0.057,0.06
-2.09800e-01,-0.061,0.06
-2.09790e-01,-0.061,0.062
-2.09780e-01,-0.059,0.06
-2.09770e-01,-0.059,0.062
-2.09760e-01,-0.051,0.056
-2.09750e-01,-0.063,0.06
-2.09740e-01,-0.059,0.064
-2.09730e-01,-0.055,0.064
-2.09720e-01,-0.061,0.064
-2.09710e-01,-0.061,0.06
-2.09700e-01,-0.061,0.068
-2.09690e-01,-0.059,0.06
-2.09680e-01,-0.057,0.06
-2.09670e-01,-0.055,0.058
-2.09660e-01,-0.057,0.06
-2.09650e-01,-0.057,0.064
-2.09640e-01,-0.061,0.064
-2.09630e-01,-0.059,0.064
-2.09620e-01,-0.059,0.06
-2.09610e-01,-0.055,0.062
-2.09600e-01,-0.061,0.062
-2.09590e-01,-0.061,0.062
-2.09580e-01,-0.051,0.058
-2.09570e-01,-0.061,0.064
-2.09560e-01,-0.051,0.058
-2.09550e-01,-0.057,0.06
-2.09540e-01,-0.057,0.068
-2.09530e-01,-0.057,0.06
-2.09520e-01,-0.057,0.064
-2.09510e-01,-0.059,0.064
-2.09500e-01,-0.053,0.056
-2.09490e-01,-0.061,0.064
-2.09480e-01,-0.063,0.066
-2.09470e-01,-0.061,0.062
-2.09460e-01,-0.061,0.066
-2.09450e-01,-0.059,0.066
-2.09440e-01,-0.055,0.062
-2.09430e-01,-0.057,0.06
-2.09420e-01,-0.061,0.064
-2.09410e-01,-0.063,0.064
-2.09400e-01,-0.057,0.064
-2.09390e-01,-0.065,0.06
-2.09380e-01,-0.059,0.064
-2.09370e-01,-0.061,0.06
-2.09360e-01,-0.059,0.064
-2.09350e-01,-0.055,0.06
-2.09340e-01,-0.061,0.062
-2.09330e-01,-0.057,0.062
-2.09320e-01,-0.053,0.06
-2.09310e-01,-0.061,0.064
-2.09300e-01,-0.055,0.06
-2.09290e-01,-0.059,0.06
-2.09280e-01,-0.061,0.062
-2.09270e-01,-0.059,0.062
-2.09260e-01,-0.055,0.058
-2.09250e-01,-0.061,0.064
-2.09240e-01,-0.059,0.062
-2.09230e-01,-0.055,0.06
-2.09220e-01,-0.061,0.062
-2.09210e-01,-0.057,0.06
-2.09200e-01,-0.063,0.066
-2.09190e-01,-0.051,0.058
-2.09180e-01,-0.061,0.064
-2.09170e-01,-0.057,0.062
-2.09160e-01,-0.057,0.064
-2.09150e-01,-0.063,0.064
-2.09140e-01,-0.061,0.062
-2.09130e-01,-0.063,0.064
-2.09120e-01,-0.055,0.06
-2.09110e-01,-0.057,0.06
-2.09100e-01,-0.059,0.064
-2.09090e-01,-0.059,0.06
-2.09080e-01,-0.061,0.06
-2.09070e-01,-0.059,0.06
-2.09060e-01,-0.059,0.064
-2.09050e-01,-0.059,0.064
-2.09040e-01,-0.059,0.064
-2.09030e-01,-0.057,0.062
-2.09020e-01,-0.061,0.06
-2.09010e-01,-0.053,0.056
-2.09000e-01,-0.057,0.062
-2.08990e-01,-0.055,0.06
-2.08980e-01,-0.047,0.052
-2.08970e-01,-0.057,0.06
-2.08960e-01,-0.061,0.062
-2.08950e-01,-0.057,0.06
-2.08940e-01,-0.059,0.068
-2.08930e-01,-0.057,0.062
-2.08920e-01,-0.063,0.066
-2.08910e-01,-0.057,0.064
-2.08900e-01,-0.061,0.062
-2.08890e-01,-0.053,0.056
-2.08880e-01,-0.055,0.06
-2.08870e-01,-0.059,0.066
-2.08860e-01,-0.061,0.064
-2.08850e-01,-0.057,0.06
-2.08840e-01,-0.053,0.054
-2.08830e-01,-0.057,0.06
-2.08820e-01,-0.057,0.06
-2.08810e-01,-0.057,0.062
-2.08800e-01,-0.059,0.06
-2.08790e-01,-0.059,0.066
-2.08780e-01,-0.055,0.06
-2.08770e-01,-0.059,0.06
-2.08760e-01,-0.053,0.06
-2.08750e-01,-0.059,0.064
-2.08740e-01,-0.061,0.062
-2.08730e-01,-0.059,0.062
-2.08720e-01,-0.061,0.062
-2.08710e-01,-0.059,0.062
-2.08700e-01,-0.051,0.058
-2.08690e-01,-0.061,0.06
-2.08680e-01,-0.059,0.064
-2.08670e-01,-0.059,0.064
-2.08660e-01,-0.059,0.064
-2.08650e-01,-0.061,0.062
-2.08640e-01,-0.059,0.064
-2.08630e-01,-0.057,0.06
-2.08620e-01,-0.053,0.06
-2.08610e-01,-0.057,0.064
-2.08600e-01,-0.061,0.064
-2.08590e-01,-0.053,0.056
-2.08580e-01,-0.061,0.064
-2.08570e-01,-0.051,0.054
-2.08560e-01,-0.061,0.064
-2.08550e-01,-0.059,0.06
-2.08540e-01,-0.059,0.064
-2.08530e-01,-0.055,0.06
-2.08520e-01,-0.061,0.062
-2.08510e-01,-0.055,0.06
-2.08500e-01,-0.059,0.062
-2.08490e-01,-0.055,0.06
-2.08480e-01,-0.053,0.058
-2.08470e-01,-0.049,0.052
-2.08460e-01,-0.053,0.058
-2.08450e-01,-0.061,0.064
-2.08440e-01,-0.061,0.064
-2.08430e-01,-0.059,0.066
-2.08420e-01,-0.057,0.06
-2.08410e-01,-0.057,0.064
-2.08400e-01,-0.059,0.06
-2.08390e-01,-0.057,0.064
-2.08380e-01,-0.055,0.06
-2.08370e-01,-0.063,0.064
-2.08360e-01,-0.059,0.064
-2.08350e-01,-0.059,0.064
-2.08340e-01,-0.061,0.064
-2.08330e-01,-0.057,0.064
-2.08320e-01,-0.061,0.066
-2.08310e-01,-0.059,0.06
-2.08300e-01,-0.059,0.064
-2.08290e-01,-0.057,0.062
-2.08280e-01,-0.059,0.066
-2.08270e-01,-0.059,0.06
-2.08260e-01,-0.059,0.064
-2.08250e-01,-0.061,0.066
-2.08240e-01,-0.063,0.064
-2.08230e-01,-0.059,0.064
-2.08220e-01,-0.049,0.052
-2.08210e-01,-0.061,0.066
-2.08200e-01,-0.061,0.064
-2.08190e-01,-0.059,0.062
-2.08180e-01,-0.059,0.066
-2.08170e-01,-0.057,0.062
-2.08160e-01,-0.057,0.06
-2.08150e-01,-0.059,0.064
-2.08140e-01,-0.061,0.06
-2.08130e-01,-0.061,0.062
-2.08120e-01,-0.053,0.058
-2.08110e-01,-0.057,0.062
-2.08100e-01,-0.059,0.062
-2.08090e-01,-0.055,0.062
-2.08080e-01,-0.057,0.062
-2.08070e-01,-0.061,0.062
-2.08060e-01,-0.059,0.062
-2.08050e-01,-0.059,0.064
-2.08040e-01,-0.061,0.064
-2.08030e-01,-0.061,0.06
-2.08020e-01,-0.061,0.064
-2.08010e-01,-0.057,0.066
-2.08000e-01,-0.061,0.06
-2.07990e-01,-0.051,0.056
-2.07980e-01,-0.059,0.064
-2.07970e-01,-0.053,0.056
-2.07960e-01,-0.061,0.064
-2.07950e-01,-0.057,0.06
-2.07940e-01,-0.059,0.064
-2.07930e-01,-0.055,0.062
-2.07920e-01,-0.059,0.062
-2.07910e-01,-0.057,0.064
-2.07900e-01,-0.053,0.06
-2.07890e-01,-0.061,0.064
-2.07880e-01,-0.045,0.048
-2.07870e-01,-0.059,0.064
-2.07860e-01,-0.053,0.058
-2.07850e-01,-0.059,0.064
-2.07840e-01,-0.059,0.062
-2.07830e-01,-0.061,0.062
-2.07820e-01,-0.059,0.064
-2.07810e-01,-0.053,0.056
-2.07800e-01,-0.053,0.058
-2.07790e-01,-0.059,0.064
-2.07780e-01,-0.053,0.06
-2.07770e-01,-0.061,0.064
-2.07760e-01,-0.059,0.062
-2.07750e-01,-0.053,0.06
-2.07740e-01,-0.055,0.06
-2.07730e-01,-0.063,0.064
-2.07720e-01,-0.063,0.062
-2.07710e-01,-0.057,0.064
-2.07700e-01,-0.061,0.06
-2.07690e-01,-0.063,0.064
-2.07680e-01,-0.057,0.062
-2.07670e-01,-0.057,0.064
-2.07660e-01,-0.049,0.054
-2.07650e-01,-0.063,0.068
-2.07640e-01,-0.043,0.048
-2.07630e-01,-0.065,0.064
-2.07620e-01,-0.045,0.05
-2.07610e-01,-0.061,0.062
-2.07600e-01,-0.055,0.06
-2.07590e-01,-0.059,0.064
-2.07580e-01,-0.051,0.056
-2.07570e-01,-0.063,0.064
-2.07560e-01,-0.061,0.066
-2.07550e-01,-0.057,0.06
-2.07540e-01,-0.053,0.054
-2.07530e-01,-0.061,0.062
-2.07520e-01,-0.057,0.06
-2.07510e-01,-0.059,0.062
-2.07500e-01,-0.063,0.062
-2.07490e-01,-0.057,0.062
-2.07480e-01,-0.063,0.062
-2.07470e-01,-0.061,0.06
-2.07460e-01,-0.061,0.066
-2.07450e-01,-0.059,0.062
-2.07440e-01,-0.059,0.064
-2.07430e-01,-0.057,0.06
-2.07420e-01,-0.061,0.06
-2.07410e-01,-0.061,0.064
-2.07400e-01,-0.059,0.064
-2.07390e-01,-0.049,0.062
-2.07380e-01,-0.061,0.068
-2.07370e-01,-0.063,0.062
-2.07360e-01,-0.051,0.054
-2.07350e-01,-0.057,0.064
-2.07340e-01,-0.059,0.064
-2.07330e-01,-0.061,0.062
-2.07320e-01,-0.061,0.066
-2.07310e-01,-0.057,0.062
-2.07300e-01,-0.059,0.064
-2.07290e-01,-0.059,0.06
-2.07280e-01,-0.059,0.064
-2.07270e-01,-0.059,0.068
-2.07260e-01,-0.047,0.054
-2.07250e-01,-0.063,0.064
-2.07240e-01,-0.059,0.062
-2.07230e-01,-0.059,0.064
-2.07220e-01,-0.059,0.064
-2.07210e-01,-0.063,0.062
-2.07200e-01,-0.055,0.066
-2.07190e-01,-0.059,0.06
-2.07180e-01,-0.061,0.062
-2.07170e-01,-0.055,0.06
-2.07160e-01,-0.055,0.06
-2.07150e-01,-0.061,0.062
-2.07140e-01,-0.059,0.06
-2.07130e-01,-0.061,0.062
-2.07120e-01,-0.059,0.062
-2.07110e-01,-0.059,0.062
-2.07100e-01,-0.055,0.06
-2.07090e-01,-0.063,0.066
-2.07080e-01,-0.061,0.064
-2.07070e-01,-0.061,0.06
-2.07060e-01,-0.057,0.062
-2.07050e-01,-0.057,0.062
-2.07040e-01,-0.059,0.066
-2.07030e-01,-0.061,0.064
-2.07020e-01,-0.053,0.058
-2.07010e-01,-0.059,0.062
-2.07000e-01,-0.055,0.06
-2.06990e-01,-0.059,0.062
-2.06980e-01,-0.059,0.064
-2.06970e-01,-0.063,0.064
-2.06960e-01,-0.061,0.064
-2.06950e-01,-0.061,0.062
-2.06940e-01,-0.059,0.062
-2.06930e-01,-0.061,0.062
-2.06920e-01,-0.059,0.062
-2.06910e-01,-0.059,0.064
-2.06900e-01,-0.061,0.06
-2.06890e-01,-0.063,0.064
-2.06880e-01,-0.055,0.062
-2.06870e-01,-0.061,0.066
-2.06860e-01,-0.059,0.062
-2.06850e-01,-0.061,0.064
-2.06840e-01,-0.055,0.06
-2.06830e-01,-0.059,0.062
-2.06820e-01,-0.057,0.062
-2.06810e-01,-0.059,0.06
-2.06800e-01,-0.059,0.064
-2.06790e-01,-0.059,0.062
-2.06780e-01,-0.061,0.064
-2.06770e-01,-0.061,0.062
-2.06760e-01,-0.057,0.062
-2.06750e-01,-0.059,0.058
-2.06740e-01,-0.061,0.062
-2.06730e-01,-0.059,0.064
-2.06720e-01,-0.057,0.06
-2.06710e-01,-0.059,0.06
-2.06700e-01,-0.059,0.06
-2.06690e-01,-0.061,0.064
-2.06680e-01,-0.059,0.064
-2.06670e-01,-0.063,0.06
-2.06660e-01,-0.059,0.066
-2.06650e-01,-0.059,0.062
-2.06640e-01,-0.061,0.064
-2.06630e-01,-0.057,0.06
-2.06620e-01,-0.059,0.066
-2.06610e-01,-0.059,0.064
-2.06600e-01,-0.061,0.064
-2.06590e-01,-0.061,0.066
-2.06580e-01,-0.057,0.058
-2.06570e-01,-0.061,0.062
-2.06560e-01,-0.057,0.062
-2.06550e-01,-0.059,0.064
-2.06540e-01,-0.059,0.062
-2.06530e-01,-0.057,0.062
-2.06520e-01,-0.061,0.062
-2.06510e-01,-0.061,0.064
-2.06500e-01,-0.061,0.064
-2.06490e-01,-0.055,0.058
-2.06480e-01,-0.043,0.046
-2.06470e-01,-0.055,0.058
-2.06460e-01,-0.059,0.064
-2.06450e-01,-0.057,0.062
-2.06440e-01,-0.061,0.062
-2.06430e-01,-0.057,0.064
-2.06420e-01,-0.059,0.064
-2.06410e-01,-0.055,0.06
-2.06400e-01,-0.059,0.06
-2.06390e-01,-0.059,0.066
-2.06380e-01,-0.053,0.058
-2.06370e-01,-0.059,0.062
-2.06360e-01,-0.057,0.062
-2.06350e-01,-0.061,0.062
-2.06340e-01,-0.059,0.062
-2.06330e-01,-0.061,0.064
-2.06320e-01,-0.059,0.06
-2.06310e-01,-0.061,0.06
-2.06300e-01,-0.057,0.062
-2.06290e-01,-0.059,0.062
-2.06280e-01,-0.061,0.06
-2.06270e-01,-0.059,0.064
-2.06260e-01,-0.055,0.06
-2.06250e-01,-0.057,0.06
-2.06240e-01,-0.059,0.06
-2.06230e-01,-0.059,0.064
-2.06220e-01,-0.059,0.062
-2.06210e-01,-0.051,0.058
-2.06200e-01,-0.057,0.062
-2.06190e-01,-0.053,0.058
-2.06180e-01,-0.059,0.062
-2.06170e-01,-0.061,0.06
-2.06160e-01,-0.057,0.064
-2.06150e-01,-0.059,0.064
-2.06140e-01,-0.059,0.064
-2.06130e-01,-0.059,0.066
-2.06120e-01,-0.061,0.064
-2.06110e-01,-0.055,0.06
-2.06100e-01,-0.051,0.06
-2.06090e-01,-0.053,0.058
-2.06080e-01,-0.057,0.062
-2.06070e-01,-0.051,0.058
-2.06060e-01,-0.061,0.064
-2.06050e-01,-0.057,0.064
-2.06040e-01,-0.061,0.064
-2.06030e-01,-0.055,0.062
-2.06020e-01,-0.061,0.062
-2.06010e-01,-0.059,0.062
-2.06000e-01,-0.059,0.064
-2.05990e-01,-0.059,0.06
-2.05980e-01,-0.055,0.068
-2.05970e-01,-0.059,0.064
-2.05960e-01,-0.059,0.062
-2.05950e-01,-0.061,0.064
-2.05940e-01,-0.063,0.062
-2.05930e-01,-0.055,0.06
-2.05920e-01,-0.047,0.054
-2.05910e-01,-0.061,0.062
-2.05900e-01,-0.051,0.056
-2.05890e-01,-0.059,0.068
-2.05880e-01,-0.057,0.062
-2.05870e-01,-0.057,0.062
-2.05860e-01,-0.057,0.06
-2.05850e-01,-0.051,0.062
-2.05840e-01,-0.055,0.06
-2.05830e-01,-0.059,0.06
-2.05820e-01,-0.057,0.062
-2.05810e-01,-0.059,0.062
-2.05800e-01,-0.059,0.06
-2.05790e-01,-0.057,0.064
-2.05780e-01,-0.061,0.062
-2.05770e-01,-0.059,0.06
-2.05760e-01,-0.061,0.062
-2.05750e-01,-0.059,0.068
-2.05740e-01,-0.061,0.064
-2.05730e-01,-0.059,0.06
-2.05720e-01,-0.057,0.064
-2.05710e-01,-0.057,0.062
-2.05700e-01,-0.053,0.056
-2.05690e-01,-0.057,0.06
-2.05680e-01,-0.055,0.06
-2.05670e-01,-0.051,0.054
-2.05660e-01,-0.061,0.06
-2.05650e-01,-0.065,0.064
-2.05640e-01,-0.053,0.06
-2.05630e-01,-0.061,0.064
-2.05620e-01,-0.057,0.06
-2.05610e-01,-0.057,0.064
-2.05600e-01,-0.061,0.066
-2.05590e-01,-0.051,0.054
-2.05580e-01,-0.057,0.062
-2.05570e-01,-0.057,0.06
-2.05560e-01,-0.061,0.062
-2.05550e-01,-0.059,0.066
-2.05540e-01,-0.059,0.06
-2.05530e-01,-0.065,0.066
-2.05520e-01,-0.059,0.062
-2.05510e-01,-0.059,0.062
-2.05500e-01,-0.063,0.066
-2.05490e-01,-0.063,0.062
-2.05480e-01,-0.059,0.064
-2.05470e-01,-0.061,0.064
-2.05460e-01,-0.059,0.064
-2.05450e-01,-0.057,0.062
-2.05440e-01,-0.061,0.064
-2.05430e-01,-0.061,0.062
-2.05420e-01,-0.059,0.064
-2.05410e-01,-0.055,0.06
-2.05400e-01,-0.059,0.064
-2.05390e-01,-0.059,0.068
-2.05380e-01,-0.061,0.062
-2.05370e-01,-0.059,0.064
-2.05360e-01,-0.057,0.064
-2.05350e-01,-0.061,0.064
-2.05340e-01,-0.063,0.062
-2.05330e-01,-0.061,0.064
-2.05320e-01,-0.061,0.064
-2.05310e-01,-0.057,0.06
-2.05300e-01,-0.057,0.062
-2.05290e-01,-0.055,0.06
-2.05280e-01,-0.061,0.064
-2.05270e-01,-0.053,0.058
-2.05260e-01,-0.053,0.06
-2.05250e-01,-0.059,0.064
-2.05240e-01,-0.061,0.062
-2.05230e-01,-0.059,0.062
-2.05220e-01,-0.061,0.062
-2.05210e-01,-0.061,0.062
-2.05200e-01,-0.059,0.06
-2.05190e-01,-0.059,0.062
-2.05180e-01,-0.059,0.064
-2.05170e-01,-0.059,0.06
-2.05160e-01,-0.055,0.056
-2.05150e-01,-0.055,0.056
-2.05140e-01,-0.051,0.06
-2.05130e-01,-0.061,0.06
-2.05120e-01,-0.061,0.062
-2.05110e-01,-0.059,0.064
-2.05100e-01,-0.057,0.066
-2.05090e-01,-0.061,0.066
-2.05080e-01,-0.063,0.062
-2.05070e-01,-0.061,0.062
-2.05060e-01,-0.057,0.064
-2.05050e-01,-0.063,0.06
-2.05040e-01,-0.061,0.062
-2.05030e-01,-0.061,0.064
-2.05020e-01,-0.051,0.06
-2.05010e-01,-0.057,0.064
-2.05000e-01,-0.059,0.06
-2.04990e-01,-0.061,0.062
-2.04980e-01,-0.063,0.068
-2.04970e-01,-0.057,0.062
-2.04960e-01,-0.059,0.062
-2.04950e-01,-0.055,0.06
-2.04940e-01,-0.047,0.052
-2.04930e-01,-0.053,0.056
-2.04920e-01,-0.057,0.064
-2.04910e-01,-0.059,0.062
-2.04900e-01,-0.061,0.064
-2.04890e-01,-0.053,0.058
-2.04880e-01,-0.055,0.06
-2.04870e-01,-0.051,0.054
-2.04860e-01,-0.049,0.056
-2.04850e-01,-0.049,0.054
-2.04840e-01,-0.057,0.062
-2.04830e-01,-0.055,0.06
-2.04820e-01,-0.057,0.062
-2.04810e-01,-0.063,0.062
-2.04800e-01,-0.059,0.066
-2.04790e-01,-0.057,0.06
-2.04780e-01,-0.059,0.064
-2.04770e-01,-0.059,0.066
-2.04760e-01,-0.061,0.06
-2.04750e-01,-0.059,0.064
-2.04740e-01,-0.059,0.062
-2.04730e-01,-0.059,0.064
-2.04720e-01,-0.053,0.056
-2.04710e-01,-0.057,0.058
-2.04700e-01,-0.047,0.054
-2.04690e-01,-0.055,0.06
-2.04680e-01,-0.061,0.064
-2.04670e-01,-0.057,0.062
-2.04660e-01,-0.055,0.062
-2.04650e-01,-0.063,0.064
-2.04640e-01,-0.051,0.058
-2.04630e-01,-0.043,0.048
-2.04620e-01,-0.049,0.054
-2.04610e-01,-0.059,0.06
-2.04600e-01,-0.047,0.054
-2.04590e-01,-0.057,0.06
-2.04580e-01,-0.055,0.06
-2.04570e-01,-0.059,0.062
-2.04560e-01,-0.051,0.058
-2.04550e-01,-0.051,0.054
-2.04540e-01,-0.039,0.048
-2.04530e-01,-0.057,0.06
-2.04520e-01,-0.053,0.058
-2.04510e-01,-0.055,0.058
-2.04500e-01,-0.053,0.054
-2.04490e-01,-0.057,0.066
-2.04480e-01,-0.059,0.062
-2.04470e-01,-0.055,0.056
-2.04460e-01,-0.053,0.056
-2.04450e-01,-0.059,0.06
-2.04440e-01,-0.057,0.064
-2.04430e-01,-0.059,0.064
-2.04420e-01,-0.063,0.064
-2.04410e-01,-0.057,0.062
-2.04400e-01,-0.061,0.064
-2.04390e-01,-0.057,0.064
-2.04380e-01,-0.059,0.062
-2.04370e-01,-0.061,0.064
-2.04360e-01,-0.061,0.064
-2.04350e-01,-0.059,0.062
-2.04340e-01,-0.061,0.066
-2.04330e-01,-0.057,0.06
-2.04320e-01,-0.061,0.06
-2.04310e-01,-0.057,0.06
-2.04300e-01,-0.061,0.062
-2.04290e-01,-0.061,0.064
-2.04280e-01,-0.059,0.062
-2.04270e-01,-0.057,0.06
-2.04260e-01,-0.059,0.064
-2.04250e-01,-0.059,0.064
-2.04240e-01,-0.063,0.064
-2.04230e-01,-0.059,0.064
-2.04220e-01,-0.061,0.064
-2.04210e-01,-0.057,0.064
-2.04200e-01,-0.063,0.066
-2.04190e-01,-0.059,0.062
-2.04180e-01,-0.063,0.062
-2.04170e-01,-0.049,0.056
-2.04160e-01,-0.061,0.062
-2.04150e-01,-0.063,0.06
-2.04140e-01,-0.057,0.062
-2.04130e-01,-0.059,0.064
-2.04120e-01,-0.063,0.064
-2.04110e-01,-0.059,0.06
-2.04100e-01,-0.059,0.066
-2.04090e-01,-0.063,0.062
-2.04080e-01,-0.061,0.06
-2.04070e-01,-0.061,0.062
-2.04060e-01,-0.061,0.062
-2.04050e-01,-0.059,0.062
-2.04040e-01,-0.053,0.058
-2.04030e-01,-0.055,0.06
-2.04020e-01,-0.063,0.064
-2.04010e-01,-0.057,0.064
-2.04000e-01,-0.065,0.064
-2.03990e-01,-0.059,0.064
-2.03980e-01,-0.053,0.058
-2.03970e-01,-0.063,0.064
-2.03960e-01,-0.059,0.062
-2.03950e-01,-0.061,0.06
-2.03940e-01,-0.057,0.06
-2.03930e-01,-0.063,0.064
-2.03920e-01,-0.059,0.062
-2.03910e-01,-0.061,0.062
-2.03900e-01,-0.051,0.054
-2.03890e-01,-0.059,0.066
-2.03880e-01,-0.053,0.06
-2.03870e-01,-0.059,0.062
-2.03860e-01,-0.051,0.06
-2.03850e-01,-0.061,0.062
-2.03840e-01,-0.057,0.06
-2.03830e-01,-0.059,0.062
-2.03820e-01,-0.059,0.06
-2.03810e-01,-0.061,0.062
-2.03800e-01,-0.061,0.064
-2.03790e-01,-0.059,0.06
-2.03780e-01,-0.053,0.056
-2.03770e-01,-0.059,0.06
-2.03760e-01,-0.063,0.066
-2.03750e-01,-0.061,0.062
-2.03740e-01,-0.059,0.066
-2.03730e-01,-0.063,0.064
-2.03720e-01,-0.055,0.062
-2.03710e-01,-0.057,0.06
-2.03700e-01,-0.059,0.066
-2.03690e-01,-0.057,0.062
-2.03680e-01,-0.057,0.064
-2.03670e-01,-0.061,0.06
-2.03660e-01,-0.057,0.06
-2.03650e-01,-0.057,0.062
-2.03640e-01,-0.053,0.058
-2.03630e-01,-0.061,0.066
-2.03620e-01,-0.061,0.062
-2.03610e-01,-0.047,0.054
-2.03600e-01,-0.061,0.06
-2.03590e-01,-0.055,0.06
-2.03580e-01,-0.059,0.066
-2.03570e-01,-0.059,0.064
-2.03560e-01,-0.061,0.064
-2.03550e-01,-0.061,0.066
-2.03540e-01,-0.061,0.062
-2.03530e-01,-0.057,0.062
-2.03520e-01,-0.063,0.06
-2.03510e-01,-0.061,0.062
-2.03500e-01,-0.059,0.066
-2.03490e-01,-0.063,0.066
-2.03480e-01,-0.057,0.06
-2.03470e-01,-0.051,0.054
-2.03460e-01,-0.051,0.054
-2.03450e-01,-0.057,0.06
-2.03440e-01,-0.057,0.06
-2.03430e-01,-0.059,0.064
-2.03420e-01,-0.055,0.06
-2.03410e-01,-0.053,0.06
-2.03400e-01,-0.055,0.06
-2.03390e-01,-0.061,0.064
-2.03380e-01,-0.057,0.062
-2.03370e-01,-0.059,0.064
-2.03360e-01,-0.059,0.062
-2.03350e-01,-0.059,0.062
-2.03340e-01,-0.059,0.066
-2.03330e-01,-0.057,0.062
-2.03320e-01,-0.053,0.056
-2.03310e-01,-0.057,0.06
-2.03300e-01,-0.051,0.054
-2.03290e-01,-0.063,0.066
-2.03280e-01,-0.059,0.062
-2.03270e-01,-0.059,0.06
-2.03260e-01,-0.057,0.062
-2.03250e-01,-0.059,0.062
-2.03240e-01,-0.061,0.066
-2.03230e-01,-0.061,0.064
-2.03220e-01,-0.059,0.062
-2.03210e-01,-0.059,0.062
-2.03200e-01,-0.061,0.066
-2.03190e-01,-0.061,0.064
-2.03180e-01,-0.059,0.062
-2.03170e-01,-0.059,0.064
-2.03160e-01,-0.059,0.062
-2.03150e-01,-0.057,0.062
-2.03140e-01,-0.059,0.06
-2.03130e-01,-0.061,0.066
-2.03120e-01,-0.059,0.064
-2.03110e-01,-0.059,0.064
-2.03100e-01,-0.061,0.06
-2.03090e-01,-0.055,0.06
-2.03080e-01,-0.059,0.06
-2.03070e-01,-0.057,0.062
-2.03060e-01,-0.059,0.064
-2.03050e-01,-0.057,0.064
-2.03040e-01,-0.061,0.064
-2.03030e-01,-0.055,0.056
-2.03020e-01,-0.057,0.062
-2.03010e-01,-0.061,0.064
-2.03000e-01,-0.053,0.058
-2.02990e-01,-0.059,0.06
-2.02980e-01,-0.051,0.058
-2.02970e-01,-0.057,0.06
-2.02960e-01,-0.061,0.062
-2.02950e-01,-0.059,0.064
-2.02940e-01,-0.059,0.06
-2.02930e-01,-0.057,0.06
-2.02920e-01,-0.053,0.06
-2.02910e-01,-0.061,0.06
-2.02900e-01,-0.059,0.062
-2.02890e-01,-0.059,0.062
-2.02880e-01,-0.059,0.062
-2.02870e-01,-0.063,0.062
-2.02860e-01,-0.061,0.064
-2.02850e-01,-0.061,0.062
-2.02840e-01,-0.063,0.064
-2.02830e-01,-0.059,0.062
-2.02820e-01,-0.059,0.064
-2.02810e-01,-0.061,0.062
-2.02800e-01,-0.063,0.064
-2.02790e-01,-0.059,0.06
-2.02780e-01,-0.059,0.062
-2.02770e-01,-0.063,0.064
-2.02760e-01,-0.061,0.064
-2.02750e-01,-0.059,0.064
-2.02740e-01,-0.055,0.062
-2.02730e-01,-0.063,0.062
-2.02720e-01,-0.061,0.064
-2.02710e-01,-0.059,0.064
-2.02700e-01,-0.059,0.06
-2.02690e-01,-0.057,0.062
-2.02680e-01,-0.061,0.062
-2.02670e-01,-0.059,0.064
-2.02660e-01,-0.057,0.058
-2.02650e-01,-0.057,0.064
-2.02640e-01,-0.059,0.064
-2.02630e-01,-0.055,0.06
-2.02620e-01,-0.063,0.062
-2.02610e-01,-0.061,0.064
-2.02600e-01,-0.061,0.062
-2.02590e-01,-0.061,0.062
-2.02580e-01,-0.061,0.062
-2.02570e-01,-0.057,0.06
-2.02560e-01,-0.055,0.06
-2.02550e-01,-0.053,0.058
-2.02540e-01,-0.063,0.062
-2.02530e-01,-0.057,0.058
-2.02520e-01,-0.057,0.062
-2.02510e-01,-0.057,0.064
-2.02500e-01,-0.063,0.062
-2.02490e-01,-0.061,0.064
-2.02480e-01,-0.055,0.058
-2.02470e-01,-0.057,0.06
-2.02460e-01,-0.059,0.06
-2.02450e-01,-0.063,0.066
-2.02440e-01,-0.061,0.064
-2.02430e-01,-0.065,0.064
-2.02420e-01,-0.057,0.06
-2.02410e-01,-0.061,0.06
-2.02400e-01,-0.063,0.068
-2.02390e-01,-0.059,0.064
-2.02380e-01,-0.057,0.06
-2.02370e-01,-0.061,0.062
-2.02360e-01,-0.059,0.066
-2.02350e-01,-0.059,0.064
-2.02340e-01,-0.059,0.064
-2.02330e-01,-0.059,0.064
-2.02320e-01,-0.053,0.06
-2.02310e-01,-0.063,0.064
-2.02300e-01,-0.059,0.06
-2.02290e-01,-0.063,0.064
-2.02280e-01,-0.059,0.06
-2.02270e-01,-0.057,0.062
-2.02260e-01,-0.059,0.064
-2.02250e-01,-0.061,0.062
-2.02240e-01,-0.057,0.06
-2.02230e-01,-0.059,0.062
-2.02220e-01,-0.057,0.062
-2.02210e-01,-0.051,0.06
-2.02200e-01,-0.059,0.062
-2.02190e-01,-0.059,0.064
-2.02180e-01,-0.059,0.064
-2.02170e-01,-0.059,0.064
-2.02160e-01,-0.063,0.066
-2.02150e-01,-0.055,0.06
-2.02140e-01,-0.059,0.062
-2.02130e-01,-0.061,0.064
-2.02120e-01,-0.061,0.064
-2.02110e-01,-0.059,0.066
-2.02100e-01,-0.059,0.064
-2.02090e-01,-0.059,0.066
-2.02080e-01,-0.059,0.064
-2.02070e-01,-0.051,0.054
-2.02060e-01,-0.049,0.058
-2.02050e-01,-0.055,0.062
-2.02040e-01,-0.061,0.066
-2.02030e-01,-0.059,0.064
-2.02020e-01,-0.061,0.064
-2.02010e-01,-0.059,0.066
-2.02000e-01,-0.055,0.062
-2.01990e-01,-0.059,0.066
-2.01980e-01,-0.061,0.064
-2.01970e-01,-0.059,0.062
-2.01960e-01,-0.059,0.062
-2.01950e-01,-0.059,0.066
-2.01940e-01,-0.059,0.06
-2.01930e-01,-0.059,0.062
-2.01920e-01,-0.057,0.06
-2.01910e-01,-0.047,0.054
-2.01900e-01,-0.051,0.058
-2.01890e-01,-0.047,0.052
-2.01880e-01,-0.043,0.048
-2.01870e-01,-0.049,0.052
-2.01860e-01,-0.057,0.06
-2.01850e-01,-0.057,0.064
-2.01840e-01,-0.061,0.066
-2.01830e-01,-0.057,0.064
-2.01820e-01,-0.059,0.06
-2.01810e-01,-0.063,0.064
-2.01800e-01,-0.057,0.064
-2.01790e-01,-0.059,0.064
-2.01780e-01,-0.059,0.062
-2.01770e-01,-0.059,0.064
-2.01760e-01,-0.057,0.06
-2.01750e-01,-0.059,0.062
-2.01740e-01,-0.057,0.056
-2.01730e-01,-0.057,0.064
-2.01720e-01,-0.057,0.06
-2.01710e-01,-0.055,0.06
-2.01700e-01,-0.059,0.064
-2.01690e-01,-0.055,0.06
-2.01680e-01,-0.051,0.06
-2.01670e-01,-0.059,0.062
-2.01660e-01,-0.061,0.064
-2.01650e-01,-0.059,0.062
-2.01640e-01,-0.063,0.064
-2.01630e-01,-0.059,0.064
-2.01620e-01,-0.061,0.062
-2.01610e-01,-0.059,0.062
-2.01600e-01,-0.061,0.064
-2.01590e-01,-0.063,0.066
-2.01580e-01,-0.061,0.064
-2.01570e-01,-0.061,0.064
-2.01560e-01,-0.061,0.064
-2.01550e-01,-0.053,0.06
-2.01540e-01,-0.057,0.06
-2.01530e-01,-0.059,0.064
-2.01520e-01,-0.061,0.064
-2.01510e-01,-0.063,0.06
-2.01500e-01,-0.063,0.066
-2.01490e-01,-0.059,0.06
-2.01480e-01,-0.061,0.066
-2.01470e-01,-0.059,0.06
-2.01460e-01,-0.059,0.064
-2.01450e-01,-0.061,0.064
-2.01440e-01,-0.063,0.064
-2.01430e-01,-0.061,0.064
-2.01420e-01,-0.061,0.062
-2.01410e-01,-0.057,0.062
-2.01400e-01,-0.059,0.068
-2.01390e-01,-0.059,0.064
-2.01380e-01,-0.057,0.064
-2.01370e-01,-0.057,0.064
-2.01360e-01,-0.057,0.064
-2.01350e-01,-0.055,0.064
-2.01340e-01,-0.063,0.066
-2.01330e-01,-0.057,0.066
-2.01320e-01,-0.059,0.062
-2.01310e-01,-0.059,0.066
-2.01300e-01,-0.061,0.066
-2.01290e-01,-0.061,0.062
-2.01280e-01,-0.051,0.054
-2.01270e-01,-0.059,0.062
-2.01260e-01,-0.061,0.062
-2.01250e-01,-0.059,0.064
-2.01240e-01,-0.061,0.064
-2.01230e-01,-0.059,0.062
-2.01220e-01,-0.059,0.064
-2.01210e-01,-0.061,0.064
-2.01200e-01,-0.061,0.068
-2.01190e-01,-0.061,0.06
-2.01180e-01,-0.061,0.062
-2.01170e-01,-0.061,0.062
-2.01160e-01,-0.061,0.068
-2.01150e-01,-0.053,0.06
-2.01140e-01,-0.061,0.064
-2.01130e-01,-0.061,0.064
-2.01120e-01,-0.059,0.06
-2.01110e-01,-0.051,0.06
-2.01100e-01,-0.059,0.06
-2.01090e-01,-0.059,0.062
-2.01080e-01,-0.063,0.062
-2.01070e-01,-0.059,0.062
-2.01060e-01,-0.061,0.068
-2.01050e-01,-0.057,0.062
-2.01040e-01,-0.061,0.062
-2.01030e-01,-0.061,0.062
-2.01020e-01,-0.057,0.062
-2.01010e-01,-0.059,0.064
-2.01000e-01,-0.059,0.066
-2.00990e-01,-0.061,0.06
-2.00980e-01,-0.059,0.06
-2.00970e-01,-0.059,0.062
-2.00960e-01,-0.057,0.064
-2.00950e-01,-0.055,0.058
-2.00940e-01,-0.061,0.064
-2.00930e-01,-0.061,0.064
-2.00920e-01,-0.053,0.06
-2.00910e-01,-0.061,0.062
-2.00900e-01,-0.061,0.06
-2.00890e-01,-0.055,0.06
-2.00880e-01,-0.055,0.064
-2.00870e-01,-0.053,0.056
-2.00860e-01,-0.059,0.06
-2.00850e-01,-0.055,0.058
-2.00840e-01,-0.055,0.06
-2.00830e-01,-0.039,0.038
-2.00820e-01,-0.055,0.06
-2.00810e-01,-0.053,0.058
-2.00800e-01,-0.061,0.064
-2.00790e-01,-0.057,0.06
-2.00780e-01,-0.057,0.064
-2.00770e-01,-0.061,0.064
-2.00760e-01,-0.057,0.062
-2.00750e-01,-0.059,0.064
-2.00740e-01,-0.061,0.066
-2.00730e-01,-0.059,0.064
-2.00720e-01,-0.059,0.064
-2.00710e-01,-0.053,0.056
-2.00700e-01,-0.059,0.062
-2.00690e-01,-0.059,0.062
-2.00680e-01,-0.057,0.064
-2.00670e-01,-0.059,0.062
-2.00660e-01,-0.055,0.058
-2.00650e-01,-0.061,0.064
-2.00640e-01,-0.061,0.066
-2.00630e-01,-0.053,0.056
-2.00620e-01,-0.057,0.058
-2.00610e-01,-0.045,0.054
-2.00600e-01,-0.059,0.062
-2.00590e-01,-0.059,0.06
-2.00580e-01,-0.061,0.06
-2.00570e-01,-0.057,0.064
-2.00560e-01,-0.059,0.062
-2.00550e-01,-0.061,0.062
-2.00540e-01,-0.057,0.058
-2.00530e-01,-0.059,0.06
-2.00520e-01,-0.059,0.062
-2.00510e-01,-0.053,0.06
-2.00500e-01,-0.057,0.06
-2.00490e-01,-0.057,0.062
-2.00480e-01,-0.059,0.064
-2.00470e-01,-0.059,0.064
-2.00460e-01,-0.063,0.064
-2.00450e-01,-0.059,0.062
-2.00440e-01,-0.059,0.068
-2.00430e-01,-0.055,0.06
-2.00420e-01,-0.059,0.062
-2.00410e-01,-0.057,0.06
-2.00400e-01,-0.059,0.062
-2.00390e-01,-0.063,0.06
-2.00380e-01,-0.059,0.064
-2.00370e-01,-0.061,0.064
-2.00360e-01,-0.063,0.064
-2.00350e-01,-0.059,0.064
-2.00340e-01,-0.059,0.064
-2.00330e-01,-0.059,0.06
-2.00320e-01,-0.053,0.058
-2.00310e-01,-0.045,0.054
-2.00300e-01,-0.053,0.06
-2.00290e-01,-0.061,0.064
-2.00280e-01,-0.061,0.064
-2.00270e-01,-0.061,0.062
-2.00260e-01,-0.059,0.062
-2.00250e-01,-0.057,0.064
-2.00240e-01,-0.059,0.062
-2.00230e-01,-0.051,0.054
-2.00220e-01,-0.057,0.064
-2.00210e-01,-0.061,0.06
-2.00200e-01,-0.059,0.064
-2.00190e-01,-0.061,0.062
-2.00180e-01,-0.057,0.066
-2.00170e-01,-0.061,0.062
-2.00160e-01,-0.061,0.064
-2.00150e-01,-0.063,0.062
-2.00140e-01,-0.059,0.06
-2.00130e-01,-0.059,0.064
-2.00120e-01,-0.053,0.062
-2.00110e-01,-0.055,0.06
-2.00100e-01,-0.063,0.066
-2.00090e-01,-0.063,0.064
-2.00080e-01,-0.063,0.064
-2.00070e-01,-0.059,0.064
-2.00060e-01,-0.057,0.06
-2.00050e-01,-0.057,0.062
-2.00040e-01,-0.059,0.062
-2.00030e-01,-0.057,0.064
-2.00020e-01,-0.051,0.06
-2.00010e-01,-0.055,0.06
-2.00000e-01,-0.059,0.064
-1.99990e-01,-0.057,0.06
-1.99980e-01,-0.059,0.06
-1.99970e-01,-0.059,0.062
-1.99960e-01,-0.063,0.064
-1.99950e-01,-0.061,0.062
-1.99940e-01,-0.055,0.056
-1.99930e-01,-0.063,0.064
-1.99920e-01,-0.059,0.062
-1.99910e-01,-0.059,0.064
-1.99900e-01,-0.057,0.06
-1.99890e-01,-0.061,0.066
-1.99880e-01,-0.059,0.06
-1.99870e-01,-0.057,0.06
-1.99860e-01,-0.059,0.064
-1.99850e-01,-0.063,0.064
-1.99840e-01,-0.061,0.06
-1.99830e-01,-0.057,0.066
-1.99820e-01,-0.059,0.06
-1.99810e-01,-0.057,0.062
-1.99800e-01,-0.061,0.064
-1.99790e-01,-0.061,0.064
-1.99780e-01,-0.059,0.06
-1.99770e-01,-0.061,0.06
-1.99760e-01,-0.059,0.064
-1.99750e-01,-0.057,0.06
-1.99740e-01,-0.061,0.064
-1.99730e-01,-0.059,0.064
-1.99720e-01,-0.061,0.062
-1.99710e-01,-0.057,0.062
-1.99700e-01,-0.057,0.06
-1.99690e-01,-0.061,0.064
-1.99680e-01,-0.059,0.062
-1.99670e-01,-0.055,0.058
-1.99660e-01,-0.061,0.064
-1.99650e-01,-0.057,0.064
-1.99640e-01,-0.057,0.062
-1.99630e-01,-0.057,0.064
-1.99620e-01,-0.061,0.062
-1.99610e-01,-0.055,0.064
-1.99600e-01,-0.059,0.064
-1.99590e-01,-0.053,0.056
-1.99580e-01,-0.059,0.06
-1.99570e-01,-0.059,0.064
-1.99560e-01,-0.061,0.066
-1.99550e-01,-0.059,0.064
-1.99540e-01,-0.059,0.062
-1.99530e-01,-0.059,0.064
-1.99520e-01,-0.059,0.06
-1.99510e-01,-0.059,0.062
-1.99500e-01,-0.055,0.062
-1.99490e-01,-0.057,0.062
-1.99480e-01,-0.055,0.06
-1.99470e-01,-0.061,0.062
-1.99460e-01,-0.057,0.062
-1.99450e-01,-0.053,0.06
-1.99440e-01,-0.061,0.066
-1.99430e-01,-0.061,0.064
-1.99420e-01,-0.057,0.066
-1.99410e-01,-0.059,0.064
-1.99400e-01,-0.061,0.064
-1.99390e-01,-0.055,0.062
-1.99380e-01,-0.061,0.062
-1.99370e-01,-0.061,0.064
-1.99360e-01,-0.059,0.062
-1.99350e-01,-0.063,0.062
-1.99340e-01,-0.059,0.066
-1.99330e-01,-0.063,0.064
-1.99320e-01,-0.059,0.06
-1.99310e-01,-0.057,0.06
-1.99300e-01,-0.047,0.054
-1.99290e-01,-0.059,0.06
-1.99280e-01,-0.061,0.064
-1.99270e-01,-0.055,0.06
-1.99260e-01,-0.063,0.062
-1.99250e-01,-0.053,0.056
-1.99240e-01,-0.059,0.06
-1.99230e-01,-0.055,0.058
-1.99220e-01,-0.053,0.058
-1.99210e-01,-0.049,0.058
-1.99200e-01,-0.059,0.064
-1.99190e-01,-0.061,0.064
-1.99180e-01,-0.061,0.064
-1.99170e-01,-0.059,0.06
-1.99160e-01,-0.059,0.064
-1.99150e-01,-0.061,0.066
-1.99140e-01,-0.051,0.06
-1.99130e-01,-0.059,0.066
-1.99120e-01,-0.061,0.064
-1.99110e-01,-0.055,0.06
-1.99100e-01,-0.059,0.062
-1.99090e-01,-0.057,0.06
-1.99080e-01,-0.061,0.064
-1.99070e-01,-0.057,0.062
-1.99060e-01,-0.059,0.062
-1.99050e-01,-0.061,0.062
-1.99040e-01,-0.047,0.054
-1.99030e-01,-0.061,0.064
-1.99020e-01,-0.057,0.06
-1.99010e-01,-0.059,0.062
-1.99000e-01,-0.059,0.062
-1.98990e-01,-0.061,0.064
-1.98980e-01,-0.059,0.062
-1.98970e-01,-0.055,0.06
-1.98960e-01,-0.053,0.06
-1.98950e-01,-0.057,0.06
-1.98940e-01,-0.057,0.062
-1.98930e-01,-0.057,0.062
-1.98920e-01,-0.059,0.064
-1.98910e-01,-0.061,0.064
-1.98900e-01,-0.055,0.06
-1.98890e-01,-0.061,0.062
-1.98880e-01,-0.061,0.06
-1.98870e-01,-0.059,0.064
-1.98860e-01,-0.057,0.062
-1.98850e-01,-0.059,0.064
-1.98840e-01,-0.061,0.06
-1.98830e-01,-0.055,0.06
-1.98820e-01,-0.057,0.06
-1.98810e-01,-0.063,0.062
-1.98800e-01,-0.055,0.062
-1.98790e-01,-0.061,0.064
-1.98780e-01,-0.059,0.064
-1.98770e-01,-0.059,0.066
-1.98760e-01,-0.059,0.064
-1.98750e-01,-0.055,0.062
-1.98740e-01,-0.057,0.06
-1.98730e-01,-0.051,0.058
-1.98720e-01,-0.059,0.064
-1.98710e-01,-0.045,0.05
-1.98700e-01,-0.061,0.062
-1.98690e-01,-0.059,0.062
-1.98680e-01,-0.057,0.066
-1.98670e-01,-0.061,0.064
-1.98660e-01,-0.059,0.064
-1.98650e-01,-0.059,0.06
-1.98640e-01,-0.057,0.062
-1.98630e-01,-0.061,0.066
-1.98620e-01,-0.061,0.064
-1.98610e-01,-0.063,0.062
-1.98600e-01,-0.047,0.054
-1.98590e-01,-0.057,0.062
-1.98580e-01,-0.059,0.062
-1.98570e-01,-0.061,0.064
-1.98560e-01,-0.061,0.064
-1.98550e-01,-0.057,0.066
-1.98540e-01,-0.057,0.062
-1.98530e-01,-0.063,0.064
-1.98520e-01,-0.057,0.062
-1.98510e-01,-0.061,0.06
-1.98500e-01,-0.063,0.062
-1.98490e-01,-0.059,0.062
-1.98480e-01,-0.057,0.062
-1.98470e-01,-0.059,0.062
-1.98460e-01,-0.061,0.064
-1.98450e-01,-0.057,0.062
-1.98440e-01,-0.061,0.064
-1.98430e-01,-0.057,0.062
-1.98420e-01,-0.059,0.06
-1.98410e-01,-0.057,0.064
-1.98400e-01,-0.061,0.062
-1.98390e-01,-0.061,0.06
-1.98380e-01,-0.057,0.062
-1.98370e-01,-0.059,0.062
-1.98360e-01,-0.057,0.06
-1.98350e-01,-0.055,0.06
-1.98340e-01,-0.059,0.064
-1.98330e-01,-0.053,0.056
-1.98320e-01,-0.061,0.064
-1.98310e-01,-0.055,0.06
-1.98300e-01,-0.057,0.062
-1.98290e-01,-0.059,0.064
-1.98280e-01,-0.059,0.066
-1.98270e-01,-0.055,0.06
-1.98260e-01,-0.055,0.064
-1.98250e-01,-0.059,0.064
-1.98240e-01,-0.061,0.062
-1.98230e-01,-0.051,0.058
-1.98220e-01,-0.059,0.066
-1.98210e-01,-0.059,0.062
-1.98200e-01,-0.059,0.064
-1.98190e-01,-0.061,0.064
-1.98180e-01,-0.059,0.066
-1.98170e-01,-0.057,0.062
-1.98160e-01,-0.057,0.064
-1.98150e-01,-0.049,0.054
-1.98140e-01,-0.055,0.06
-1.98130e-01,-0.059,0.064
-1.98120e-01,-0.057,0.06
-1.98110e-01,-0.041,0.044
-1.98100e-01,-0.057,0.06
-1.98090e-01,-0.057,0.06
-1.98080e-01,-0.063,0.066
-1.98070e-01,-0.063,0.066
-1.98060e-01,-0.057,0.064
-1.98050e-01,-0.063,0.066
-1.98040e-01,-0.061,0.062
-1.98030e-01,-0.055,0.06
-1.98020e-01,-0.059,0.062
-1.98010e-01,-0.061,0.064
-1.98000e-01,-0.053,0.06
-1.97990e-01,-0.057,0.06
-1.97980e-01,-0.059,0.062
-1.97970e-01,-0.057,0.06
-1.97960e-01,-0.057,0.062
-1.97950e-01,-0.057,0.06
-1.97940e-01,-0.057,0.06
-1.97930e-01,-0.059,0.062
-1.97920e-01,-0.057,0.06
-1.97910e-01,-0.057,0.06
-1.97900e-01,-0.059,0.062
-1.97890e-01,-0.053,0.054
-1.97880e-01,-0.061,0.064
-1.97870e-01,-0.055,0.06
-1.97860e-01,-0.061,0.064
-1.97850e-01,-0.059,0.064
-1.97840e-01,-0.059,0.062
-1.97830e-01,-0.061,0.064
-1.97820e-01,-0.061,0.064
-1.97810e-01,-0.057,0.06
-1.97800e-01,-0.061,0.062
-1.97790e-01,-0.059,0.066
-1.97780e-01,-0.049,0.054
-1.97770e-01,-0.061,0.064
-1.97760e-01,-0.057,0.06
-1.97750e-01,-0.057,0.06
-1.97740e-01,-0.055,0.06
-1.97730e-01,-0.055,0.06
-1.97720e-01,-0.063,0.062
-1.97710e-01,-0.057,0.06
-1.97700e-01,-0.059,0.064
-1.97690e-01,-0.061,0.064
-1.97680e-01,-0.049,0.058
-1.97670e-01,-0.053,0.056
-1.97660e-01,-0.049,0.058
-1.97650e-01,-0.057,0.06
-1.97640e-01,-0.051,0.058
-1.97630e-01,-0.057,0.062
-1.97620e-01,-0.057,0.066
-1.97610e-01,-0.061,0.062
-1.97600e-01,-0.051,0.06
-1.97590e-01,-0.057,0.06
-1.97580e-01,-0.059,0.064
-1.97570e-01,-0.043,0.048
-1.97560e-01,-0.057,0.06
-1.97550e-01,-0.057,0.064
-1.97540e-01,-0.055,0.06
-1.97530e-01,-0.063,0.064
-1.97520e-01,-0.051,0.054
-1.97510e-01,-0.059,0.062
-1.97500e-01,-0.059,0.06
-1.97490e-01,-0.059,0.06
-1.97480e-01,-0.059,0.064
-1.97470e-01,-0.055,0.06
-1.97460e-01,-0.063,0.064
-1.97450e-01,-0.057,0.06
-1.97440e-01,-0.061,0.062
-1.97430e-01,-0.059,0.064
-1.97420e-01,-0.063,0.062
-1.97410e-01,-0.051,0.058
-1.97400e-01,-0.055,0.06
-1.97390e-01,-0.057,0.06
-1.97380e-01,-0.061,0.064
-1.97370e-01,-0.053,0.058
-1.97360e-01,-0.061,0.064
-1.97350e-01,-0.059,0.06
-1.97340e-01,-0.051,0.062
-1.97330e-01,-0.053,0.06
-1.97320e-01,-0.055,0.06
-1.97310e-01,-0.059,0.064
-1.97300e-01,-0.055,0.062
-1.97290e-01,-0.057,0.064
-1.97280e-01,-0.057,0.06
-1.97270e-01,-0.061,0.062
-1.97260e-01,-0.053,0.06
-1.97250e-01,-0.059,0.062
-1.97240e-01,-0.055,0.06
-1.97230e-01,-0.053,0.06
-1.97220e-01,-0.061,0.06
-1.97210e-01,-0.055,0.06
-1.97200e-01,-0.061,0.064
-1.97190e-01,-0.057,0.062
-1.97180e-01,-0.047,0.06
-1.97170e-01,-0.055,0.06
-1.97160e-01,-0.063,0.066
-1.97150e-01,-0.059,0.066
-1.97140e-01,-0.057,0.06
-1.97130e-01,-0.059,0.06
-1.97120e-01,-0.061,0.064
-1.97110e-01,-0.059,0.064
-1.97100e-01,-0.059,0.062
-1.97090e-01,-0.057,0.06
-1.97080e-01,-0.053,0.06
-1.97070e-01,-0.047,0.054
-1.97060e-01,-0.057,0.058
-1.97050e-01,-0.055,0.058
-1.97040e-01,-0.059,0.064
-1.97030e-01,-0.059,0.062
-1.97020e-01,-0.057,0.064
-1.97010e-01,-0.057,0.062
-1.97000e-01,-0.061,0.068
-1.96990e-01,-0.061,0.064
-1.96980e-01,-0.061,0.064
-1.96970e-01,-0.057,0.064
-1.96960e-01,-0.057,0.062
-1.96950e-01,-0.055,0.06
-1.96940e-01,-0.051,0.056
-1.96930e-01,-0.061,0.06
-1.96920e-01,-0.057,0.06
-1.96910e-01,-0.053,0.058
-1.96900e-01,-0.057,0.064
-1.96890e-01,-0.057,0.06
-1.96880e-01,-0.055,0.064
-1.96870e-01,-0.055,0.058
-1.96860e-01,-0.055,0.06
-1.96850e-01,-0.059,0.06
-1.96840e-01,-0.057,0.066
-1.96830e-01,-0.057,0.06
-1.96820e-01,-0.059,0.062
-1.96810e-01,-0.037,0.048
-1.96800e-01,-0.057,0.06
-1.96790e-01,-0.059,0.062
-1.96780e-01,-0.059,0.062
-1.96770e-01,-0.057,0.062
-1.96760e-01,-0.063,0.068
-1.96750e-01,-0.059,0.066
-1.96740e-01,-0.059,0.064
-1.96730e-01,-0.059,0.064
-1.96720e-01,-0.061,0.064
-1.96710e-01,-0.059,0.06
-1.96700e-01,-0.059,0.066
-1.96690e-01,-0.053,0.06
-1.96680e-01,-0.057,0.06
-1.96670e-01,-0.061,0.062
-1.96660e-01,-0.061,0.062
-1.96650e-01,-0.061,0.06
-1.96640e-01,-0.059,0.062
-1.96630e-01,-0.059,0.064
-1.96620e-01,-0.061,0.064
-1.96610e-01,-0.063,0.064
-1.96600e-01,-0.059,0.066
-1.96590e-01,-0.059,0.062
-1.96580e-01,-0.059,0.062
-1.96570e-01,-0.061,0.062
-1.96560e-01,-0.061,0.066
-1.96550e-01,-0.057,0.064
-1.96540e-01,-0.061,0.064
-1.96530e-01,-0.061,0.062
-1.96520e-01,-0.061,0.062
-1.96510e-01,-0.059,0.064
-1.96500e-01,-0.059,0.062
-1.96490e-01,-0.061,0.064
-1.96480e-01,-0.063,0.064
-1.96470e-01,-0.061,0.064
-1.96460e-01,-0.063,0.062
-1.96450e-01,-0.057,0.06
-1.96440e-01,-0.057,0.06
-1.96430e-01,-0.059,0.064
-1.96420e-01,-0.057,0.064
-1.96410e-01,-0.063,0.06
-1.96400e-01,-0.061,0.064
-1.96390e-01,-0.051,0.052
-1.96380e-01,-0.055,0.064
-1.96370e-01,-0.057,0.062
-1.96360e-01,-0.059,0.062
-1.96350e-01,-0.055,0.06
-1.96340e-01,-0.057,0.058
-1.96330e-01,-0.057,0.062
-1.96320e-01,-0.059,0.064
-1.96310e-01,-0.051,0.06
-1.96300e-01,-0.059,0.064
-1.96290e-01,-0.045,0.048
-1.96280e-01,-0.051,0.054
-1.96270e-01,-0.053,0.058
-1.96260e-01,-0.063,0.062
-1.96250e-01,-0.057,0.064
-1.96240e-01,-0.059,0.066
-1.96230e-01,-0.047,0.05
-1.96220e-01,-0.061,0.062
-1.96210e-01,-0.057,0.062
-1.96200e-01,-0.061,0.064
-1.96190e-01,-0.055,0.06
-1.96180e-01,-0.059,0.064
-1.96170e-01,-0.059,0.06
-1.96160e-01,-0.059,0.062
-1.96150e-01,-0.057,0.06
-1.96140e-01,-0.055,0.058
-1.96130e-01,-0.059,0.064
-1.96120e-01,-0.059,0.062
-1.96110e-01,-0.057,0.066
-1.96100e-01,-0.059,0.066
-1.96090e-01,-0.059,0.064
-1.96080e-01,-0.059,0.064
-1.96070e-01,-0.059,0.064
-1.96060e-01,-0.057,0.064
-1.96050e-01,-0.057,0.062
-1.96040e-01,-0.061,0.064
-1.96030e-01,-0.057,0.066
-1.96020e-01,-0.053,0.06
-1.96010e-01,-0.053,0.058
-1.96000e-01,-0.063,0.06
-1.95990e-01,-0.057,0.058
-1.95980e-01,-0.059,0.064
-1.95970e-01,-0.057,0.06
-1.95960e-01,-0.061,0.068
-1.95950e-01,-0.049,0.054
-1.95940e-01,-0.057,0.062
-1.95930e-01,-0.055,0.06
-1.95920e-01,-0.059,0.06
-1.95910e-01,-0.061,0.066
-1.95900e-01,-0.055,0.062
-1.95890e-01,-0.059,0.06
-1.95880e-01,-0.057,0.062
-1.95870e-01,-0.063,0.064
-1.95860e-01,-0.061,0.066
-1.95850e-01,-0.057,0.062
-1.95840e-01,-0.063,0.066
-1.95830e-01,-0.057,0.06
-1.95820e-01,-0.059,0.066
-1.95810e-01,-0.061,0.062
-1.95800e-01,-0.057,0.062
-1.95790e-01,-0.055,0.06
-1.95780e-01,-0.057,0.058
-1.95770e-01,-0.061,0.062
-1.95760e-01,-0.063,0.062
-1.95750e-01,-0.059,0.064
-1.95740e-01,-0.059,0.062
-1.95730e-01,-0.057,0.064
-1.95720e-01,-0.059,0.062
-1.95710e-01,-0.059,0.062
-1.95700e-01,-0.059,0.066
-1.95690e-01,-0.053,0.058
-1.95680e-01,-0.061,0.062
-1.95670e-01,-0.059,0.066
-1.95660e-01,-0.059,0.064
-1.95650e-01,-0.065,0.064
-1.95640e-01,-0.059,0.062
-1.95630e-01,-0.063,0.064
-1.95620e-01,-0.057,0.06
-1.95610e-01,-0.061,0.064
-1.95600e-01,-0.061,0.06
-1.95590e-01,-0.059,0.064
-1.95580e-01,-0.061,0.064
-1.95570e-01,-0.055,0.06
-1.95560e-01,-0.059,0.062
-1.95550e-01,-0.059,0.062
-1.95540e-01,-0.061,0.064
-1.95530e-01,-0.059,0.068
-1.95520e-01,-0.059,0.064
-1.95510e-01,-0.055,0.06
-1.95500e-01,-0.057,0.06
-1.95490e-01,-0.057,0.06
-1.95480e-01,-0.057,0.062
-1.95470e-01,-0.063,0.062
-1.95460e-01,-0.063,0.064
-1.95450e-01,-0.059,0.06
-1.95440e-01,-0.059,0.064
-1.95430e-01,-0.063,0.064
-1.95420e-01,-0.057,0.062
-1.95410e-01,-0.057,0.06
-1.95400e-01,-0.057,0.06
-1.95390e-01,-0.065,0.06
-1.95380e-01,-0.057,0.06
-1.95370e-01,-0.061,0.066
-1.95360e-01,-0.061,0.062
-1.95350e-01,-0.059,0.06
-1.95340e-01,-0.061,0.068
-1.95330e-01,-0.055,0.06
-1.95320e-01,-0.059,0.066
-1.95310e-01,-0.061,0.064
-1.95300e-01,-0.061,0.066
-1.95290e-01,-0.057,0.06
-1.95280e-01,-0.059,0.062
-1.95270e-01,-0.061,0.064
-1.95260e-01,-0.057,0.064
-1.95250e-01,-0.053,0.06
-1.95240e-01,-0.053,0.058
-1.95230e-01,-0.057,0.062
-1.95220e-01,-0.063,0.062
-1.95210e-01,-0.059,0.062
-1.95200e-01,-0.061,0.064
-1.95190e-01,-0.053,0.06
-1.95180e-01,-0.057,0.064
-1.95170e-01,-0.057,0.062
-1.95160e-01,-0.059,0.066
-1.95150e-01,-0.057,0.062
-1.95140e-01,-0.059,0.064
-1.95130e-01,-0.059,0.066
-1.95120e-01,-0.059,0.062
-1.95110e-01,-0.059,0.064
-1.95100e-01,-0.057,0.06
-1.95090e-01,-0.061,0.062
-1.95080e-01,-0.059,0.062
-1.95070e-01,-0.059,0.062
-1.95060e-01,-0.057,0.062
-1.95050e-01,-0.053,0.056
-1.95040e-01,-0.055,0.062
-1.95030e-01,-0.053,0.06
-1.95020e-01,-0.061,0.064
-1.95010e-01,-0.057,0.064
-1.95000e-01,-0.059,0.062
-1.94990e-01,-0.059,0.06
-1.94980e-01,-0.057,0.058
-1.94970e-01,-0.063,0.062
-1.94960e-01,-0.049,0.052
-1.94950e-01,-0.053,0.056
-1.94940e-01,-0.043,0.052
-1.94930e-01,-0.059,0.062
-1.94920e-01,-0.045,0.052
-1.94910e-01,-0.059,0.062
-1.94900e-01,-0.043,0.05
-1.94890e-01,-0.065,0.062
-1.94880e-01,-0.057,0.06
-1.94870e-01,-0.057,0.064
-1.94860e-01,-0.053,0.056
-1.94850e-01,-0.061,0.062
-1.94840e-01,-0.061,0.062
-1.94830e-01,-0.061,0.064
-1.94820e-01,-0.059,0.064
-1.94810e-01,-0.061,0.064
-1.94800e-01,-0.063,0.062
-1.94790e-01,-0.063,0.064
-1.94780e-01,-0.059,0.062
-1.94770e-01,-0.059,0.064
-1.94760e-01,-0.057,0.06
-1.94750e-01,-0.055,0.06
-1.94740e-01,-0.059,0.062
-1.94730e-01,-0.059,0.062
-1.94720e-01,-0.059,0.06
-1.94710e-01,-0.055,0.058
-1.94700e-01,-0.057,0.06
-1.94690e-01,-0.055,0.06
-1.94680e-01,-0.061,0.064
-1.94670e-01,-0.055,0.058
-1.94660e-01,-0.057,0.06
-1.94650e-01,-0.061,0.066
-1.94640e-01,-0.057,0.06
-1.94630e-01,-0.057,0.062
-1.94620e-01,-0.053,0.058
-1.94610e-01,-0.045,0.054
-1.94600e-01,-0.053,0.06
-1.94590e-01,-0.057,0.062
-1.94580e-01,-0.059,0.064
-1.94570e-01,-0.059,0.064
-1.94560e-01,-0.059,0.06
-1.94550e-01,-0.059,0.064
-1.94540e-01,-0.059,0.062
-1.94530e-01,-0.059,0.06
-1.94520e-01,-0.059,0.062
-1.94510e-01,-0.045,0.046
-1.94500e-01,-0.063,0.064
-1.94490e-01,-0.061,0.064
-1.94480e-01,-0.059,0.066
-1.94470e-01,-0.059,0.062
-1.94460e-01,-0.059,0.064
-1.94450e-01,-0.045,0.052
-1.94440e-01,-0.053,0.054
-1.94430e-01,-0.057,0.06
-1.94420e-01,-0.053,0.06
-1.94410e-01,-0.051,0.054
-1.94400e-01,-0.055,0.06
-1.94390e-01,-0.049,0.056
-1.94380e-01,-0.061,0.06
-1.94370e-01,-0.059,0.062
-1.94360e-01,-0.061,0.064
-1.94350e-01,-0.059,0.066
-1.94340e-01,-0.059,0.062
-1.94330e-01,-0.055,0.06
-1.94320e-01,-0.059,0.064
-1.94310e-01,-0.061,0.062
-1.94300e-01,-0.061,0.064
-1.94290e-01,-0.059,0.06
-1.94280e-01,-0.061,0.06
-1.94270e-01,-0.059,0.064
-1.94260e-01,-0.057,0.066
-1.94250e-01,-0.061,0.064
-1.94240e-01,-0.059,0.062
-1.94230e-01,-0.057,0.064
-1.94220e-01,-0.061,0.066
-1.94210e-01,-0.061,0.06
-1.94200e-01,-0.063,0.064
-1.94190e-01,-0.059,0.064
-1.94180e-01,-0.059,0.06
-1.94170e-01,-0.057,0.064
-1.94160e-01,-0.063,0.062
-1.94150e-01,-0.059,0.06
-1.94140e-01,-0.059,0.06
-1.94130e-01,-0.059,0.064
-1.94120e-01,-0.061,0.062
-1.94110e-01,-0.061,0.062
-1.94100e-01,-0.057,0.062
-1.94090e-01,-0.059,0.062
-1.94080e-01,-0.055,0.06
-1.94070e-01,-0.043,0.052
-1.94060e-01,-0.057,0.06
-1.94050e-01,-0.055,0.058
-1.94040e-01,-0.059,0.064
-1.94030e-01,-0.057,0.062
-1.94020e-01,-0.061,0.064
-1.94010e-01,-0.053,0.06
-1.94000e-01,-0.057,0.06
-1.93990e-01,-0.059,0.066
-1.93980e-01,-0.059,0.062
-1.93970e-01,-0.055,0.06
-1.93960e-01,-0.055,0.06
-1.93950e-01,-0.061,0.064
-1.93940e-01,-0.055,0.06
-1.93930e-01,-0.061,0.062
-1.93920e-01,-0.063,0.064
-1.93910e-01,-0.053,0.06
-1.93900e-01,-0.061,0.06
-1.93890e-01,-0.049,0.054
-1.93880e-01,-0.059,0.064
-1.93870e-01,-0.049,0.058
-1.93860e-01,-0.057,0.062
-1.93850e-01,-0.047,0.054
-1.93840e-01,-0.059,0.062
-1.93830e-01,-0.057,0.06
-1.93820e-01,-0.065,0.064
-1.93810e-01,-0.059,0.06
-1.93800e-01,-0.059,0.066
-1.93790e-01,-0.063,0.064
-1.93780e-01,-0.059,0.066
-1.93770e-01,-0.057,0.062
-1.93760e-01,-0.059,0.062
-1.93750e-01,-0.055,0.056
-1.93740e-01,-0.059,0.066
-1.93730e-01,-0.061,0.064
-1.93720e-01,-0.057,0.064
-1.93710e-01,-0.063,0.06
-1.93700e-01,-0.059,0.06
-1.93690e-01,-0.061,0.06
-1.93680e-01,-0.061,0.064
-1.93670e-01,-0.053,0.06
-1.93660e-01,-0.061,0.062
-1.93650e-01,-0.059,0.062
-1.93640e-01,-0.061,0.062
-1.93630e-01,-0.057,0.064
-1.93620e-01,-0.059,0.06
-1.93610e-01,-0.057,0.06
-1.93600e-01,-0.055,0.06
-1.93590e-01,-0.063,0.064
-1.93580e-01,-0.059,0.064
-1.93570e-01,-0.059,0.064
-1.93560e-01,-0.059,0.064
-1.93550e-01,-0.063,0.06
-1.93540e-01,-0.061,0.062
-1.93530e-01,-0.059,0.062
-1.93520e-01,-0.055,0.058
-1.93510e-01,-0.059,0.064
-1.93500e-01,-0.059,0.064
-1.93490e-01,-0.057,0.06
-1.93480e-01,-0.059,0.062
-1.93470e-01,-0.059,0.06
-1.93460e-01,-0.063,0.064
-1.93450e-01,-0.051,0.056
-1.93440e-01,-0.053,0.062
-1.93430e-01,-0.061,0.068
-1.93420e-01,-0.057,0.064
-1.93410e-01,-0.057,0.06
-1.93400e-01,-0.057,0.06
-1.93390e-01,-0.057,0.06
-1.93380e-01,-0.059,0.06
-1.93370e-01,-0.057,0.066
-1.93360e-01,-0.057,0.062
-1.93350e-01,-0.057,0.062
-1.93340e-01,-0.063,0.064
-1.93330e-01,-0.059,0.064
-1.93320e-01,-0.057,0.06
-1.93310e-01,-0.059,0.062
-1.93300e-01,-0.061,0.06
-1.93290e-01,-0.057,0.06
-1.93280e-01,-0.043,0.052
-1.93270e-01,-0.049,0.054
-1.93260e-01,-0.053,0.06
-1.93250e-01,-0.051,0.056
-1.93240e-01,-0.055,0.056
-1.93230e-01,-0.051,0.058
-1.93220e-01,-0.055,0.06
-1.93210e-01,-0.059,0.06
-1.93200e-01,-0.063,0.06
-1.93190e-01,-0.055,0.058
-1.93180e-01,-0.059,0.064
-1.93170e-01,-0.055,0.06
-1.93160e-01,-0.059,0.064
-1.93150e-01,-0.055,0.058
-1.93140e-01,-0.055,0.06
-1.93130e-01,-0.043,0.048
-1.93120e-01,-0.059,0.064
-1.93110e-01,-0.059,0.064
-1.93100e-01,-0.059,0.064
-1.93090e-01,-0.061,0.062
-1.93080e-01,-0.057,0.06
-1.93070e-01,-0.057,0.06
-1.93060e-01,-0.059,0.064
-1.93050e-01,-0.061,0.06
-1.93040e-01,-0.059,0.064
-1.93030e-01,-0.053,0.06
-1.93020e-01,-0.055,0.066
-1.93010e-01,-0.059,0.062
-1.93000e-01,-0.059,0.064
-1.92990e-01,-0.061,0.062
-1.92980e-01,-0.061,0.066
-1.92970e-01,-0.061,0.064
-1.92960e-01,-0.063,0.062
-1.92950e-01,-0.061,0.066
-1.92940e-01,-0.061,0.064
-1.92930e-01,-0.059,0.062
-1.92920e-01,-0.059,0.064
-1.92910e-01,-0.059,0.06
-1.92900e-01,-0.059,0.064
-1.92890e-01,-0.057,0.064
-1.92880e-01,-0.059,0.064
-1.92870e-01,-0.055,0.062
-1.92860e-01,-0.057,0.062
-1.92850e-01,-0.057,0.064
-1.92840e-01,-0.049,0.056
-1.92830e-01,-0.061,0.062
-1.92820e-01,-0.057,0.064
-1.92810e-01,-0.061,0.064
-1.92800e-01,-0.061,0.064
-1.92790e-01,-0.057,0.06
-1.92780e-01,-0.057,0.066
-1.92770e-01,-0.059,0.06
-1.92760e-01,-0.061,0.066
-1.92750e-01,-0.057,0.06
-1.92740e-01,-0.057,0.062
-1.92730e-01,-0.057,0.06
-1.92720e-01,-0.061,0.064
-1.92710e-01,-0.061,0.064
-1.92700e-01,-0.061,0.062
-1.92690e-01,-0.061,0.064
-1.92680e-01,-0.055,0.06
-1.92670e-01,-0.061,0.066
-1.92660e-01,-0.061,0.062
-1.92650e-01,-0.059,0.062
-1.92640e-01,-0.061,0.064
-1.92630e-01,-0.059,0.064
-1.92620e-01,-0.061,0.066
-1.92610e-01,-0.057,0.064
-1.92600e-01,-0.057,0.064
-1.92590e-01,-0.061,0.064
-1.92580e-01,-0.057,0.066
-1.92570e-01,-0.055,0.062
-1.92560e-01,-0.057,0.064
-1.92550e-01,-0.055,0.06
-1.92540e-01,-0.063,0.062
-1.92530e-01,-0.059,0.064
-1.92520e-01,-0.059,0.064
-1.92510e-01,-0.051,0.054
-1.92500e-01,-0.061,0.068
-1.92490e-01,-0.055,0.06
-1.92480e-01,-0.055,0.064
-1.92470e-01,-0.059,0.062
-1.92460e-01,-0.059,0.062
-1.92450e-01,-0.053,0.06
-1.92440e-01,-0.057,0.062
-1.92430e-01,-0.059,0.06
-1.92420e-01,-0.053,0.058
-1.92410e-01,-0.063,0.064
-1.92400e-01,-0.057,0.064
-1.92390e-01,-0.055,0.058
-1.92380e-01,-0.061,0.062
-1.92370e-01,-0.059,0.064
-1.92360e-01,-0.059,0.06
-1.92350e-01,-0.061,0.062
-1.92340e-01,-0.057,0.06
-1.92330e-01,-0.055,0.06
-1.92320e-01,-0.057,0.062
-1.92310e-01,-0.063,0.064
-1.92300e-01,-0.061,0.062
-1.92290e-01,-0.059,0.064
-1.92280e-01,-0.059,0.062
-1.92270e-01,-0.059,0.062
-1.92260e-01,-0.057,0.062
-1.92250e-01,-0.061,0.066
-1.92240e-01,-0.059,0.064
-1.92230e-01,-0.061,0.06
-1.92220e-01,-0.061,0.064
-1.92210e-01,-0.057,0.06
-1.92200e-01,-0.057,0.058
-1.92190e-01,-0.047,0.056
-1.92180e-01,-0.055,0.06
-1.92170e-01,-0.059,0.064
-1.92160e-01,-0.055,0.06
-1.92150e-01,-0.057,0.06
-1.92140e-01,-0.057,0.064
-1.92130e-01,-0.059,0.062
-1.92120e-01,-0.055,0.06
-1.92110e-01,-0.065,0.064
-1.92100e-01,-0.059,0.064
-1.92090e-01,-0.059,0.062
-1.92080e-01,-0.061,0.064
-1.92070e-01,-0.063,0.064
-1.92060e-01,-0.059,0.06
-1.92050e-01,-0.059,0.062
-1.92040e-01,-0.057,0.062
-1.92030e-01,-0.059,0.06
-1.92020e-01,-0.059,0.064
-1.92010e-01,-0.061,0.066
-1.92000e-01,-0.059,0.064
-1.91990e-01,-0.061,0.062
-1.91980e-01,-0.061,0.066
-1.91970e-01,-0.059,0.064
-1.91960e-01,-0.059,0.062
-1.91950e-01,-0.059,0.064
-1.91940e-01,-0.059,0.064
-1.91930e-01,-0.051,0.058
-1.91920e-01,-0.061,0.064
-1.91910e-01,-0.055,0.058
-1.91900e-01,-0.059,0.06
-1.91890e-01,-0.059,0.066
-1.91880e-01,-0.059,0.06
-1.91870e-01,-0.057,0.062
-1.91860e-01,-0.057,0.06
-1.91850e-01,-0.047,0.054
-1.91840e-01,-0.061,0.064
-1.91830e-01,-0.041,0.05
-1.91820e-01,-0.057,0.064
-1.91810e-01,-0.057,0.06
-1.91800e-01,-0.059,0.06
-1.91790e-01,-0.063,0.064
-1.91780e-01,-0.059,0.064
-1.91770e-01,-0.059,0.06
-1.91760e-01,-0.059,0.06
-1.91750e-01,-0.059,0.064
-1.91740e-01,-0.055,0.062
-1.91730e-01,-0.059,0.06
-1.91720e-01,-0.057,0.066
-1.91710e-01,-0.057,0.06
-1.91700e-01,-0.057,0.064
-1.91690e-01,-0.061,0.062
-1.91680e-01,-0.061,0.062
-1.91670e-01,-0.061,0.064
-1.91660e-01,-0.051,0.056
-1.91650e-01,-0.059,0.062
-1.91640e-01,-0.059,0.066
-1.91630e-01,-0.055,0.06
-1.91620e-01,-0.063,0.062
-1.91610e-01,-0.059,0.064
-1.91600e-01,-0.061,0.064
-1.91590e-01,-0.057,0.064
-1.91580e-01,-0.061,0.066
-1.91570e-01,-0.057,0.064
-1.91560e-01,-0.059,0.064
-1.91550e-01,-0.059,0.064
-1.91540e-01,-0.059,0.066
-1.91530e-01,-0.061,0.06
-1.91520e-01,-0.059,0.064
-1.91510e-01,-0.049,0.058
-1.91500e-01,-0.057,0.06
-1.91490e-01,-0.059,0.064
-1.91480e-01,-0.061,0.062
-1.91470e-01,-0.057,0.064
-1.91460e-01,-0.059,0.06
-1.91450e-01,-0.061,0.062
-1.91440e-01,-0.063,0.066
-1.91430e-01,-0.061,0.066
-1.91420e-01,-0.059,0.064
-1.91410e-01,-0.061,0.066
-1.91400e-01,-0.063,0.06
-1.91390e-01,-0.059,0.064
-1.91380e-01,-0.059,0.064
-1.91370e-01,-0.059,0.064
-1.91360e-01,-0.057,0.062
-1.91350e-01,-0.057,0.064
-1.91340e-01,-0.061,0.06
-1.91330e-01,-0.051,0.058
-1.91320e-01,-0.049,0.058
-1.91310e-01,-0.059,0.06
-1.91300e-01,-0.057,0.06
-1.91290e-01,-0.055,0.06
-1.91280e-01,-0.053,0.06
-1.91270e-01,-0.053,0.058
-1.91260e-01,-0.061,0.068
-1.91250e-01,-0.057,0.062
-1.91240e-01,-0.059,0.062
-1.91230e-01,-0.059,0.062
-1.91220e-01,-0.061,0.064
-1.91210e-01,-0.057,0.062
-1.91200e-01,-0.059,0.064
-1.91190e-01,-0.059,0.064
-1.91180e-01,-0.059,0.06
-1.91170e-01,-0.063,0.066
-1.91160e-01,-0.061,0.064
-1.91150e-01,-0.057,0.062
-1.91140e-01,-0.061,0.066
-1.91130e-01,-0.059,0.058
-1.91120e-01,-0.059,0.066
-1.91110e-01,-0.061,0.062
-1.91100e-01,-0.057,0.066
-1.91090e-01,-0.057,0.06
-1.91080e-01,-0.057,0.062
-1.91070e-01,-0.061,0.064
-1.91060e-01,-0.055,0.06
-1.91050e-01,-0.055,0.058
-1.91040e-01,-0.057,0.062
-1.91030e-01,-0.061,0.062
-1.91020e-01,-0.059,0.062
-1.91010e-01,-0.061,0.064
-1.91000e-01,-0.055,0.056
-1.90990e-01,-0.051,0.054
-1.90980e-01,-0.049,0.05
-1.90970e-01,-0.045,0.054
-1.90960e-01,-0.053,0.06
-1.90950e-01,-0.055,0.062
-1.90940e-01,-0.049,0.054
-1.90930e-01,-0.045,0.048
-1.90920e-01,-0.051,0.056
-1.90910e-01,-0.049,0.058
-1.90900e-01,-0.059,0.062
-1.90890e-01,-0.059,0.06
-1.90880e-01,-0.059,0.062
-1.90870e-01,-0.061,0.062
-1.90860e-01,-0.059,0.066
-1.90850e-01,-0.059,0.06
-1.90840e-01,-0.061,0.062
-1.90830e-01,-0.061,0.06
-1.90820e-01,-0.063,0.062
-1.90810e-01,-0.061,0.062
-1.90800e-01,-0.055,0.058
-1.90790e-01,-0.057,0.064
-1.90780e-01,-0.053,0.06
-1.90770e-01,-0.059,0.062
-1.90760e-01,-0.055,0.06
-1.90750e-01,-0.059,0.062
-1.90740e-01,-0.061,0.06
-1.90730e-01,-0.059,0.06
-1.90720e-01,-0.059,0.064
-1.90710e-01,-0.055,0.064
-1.90700e-01,-0.059,0.064
-1.90690e-01,-0.061,0.066
-1.90680e-01,-0.061,0.062
-1.90670e-01,-0.061,0.064
-1.90660e-01,-0.063,0.064
-1.90650e-01,-0.059,0.062
-1.90640e-01,-0.059,0.062
-1.90630e-01,-0.063,0.062
-1.90620e-01,-0.061,0.066
-1.90610e-01,-0.059,0.06
-1.90600e-01,-0.059,0.064
-1.90590e-01,-0.061,0.064
-1.90580e-01,-0.057,0.062
-1.90570e-01,-0.059,0.068
-1.90560e-01,-0.061,0.064
-1.90550e-01,-0.057,0.062
-1.90540e-01,-0.053,0.06
-1.90530e-01,-0.061,0.064
-1.90520e-01,-0.057,0.064
-1.90510e-01,-0.063,0.062
-1.90500e-01,-0.059,0.06
-1.90490e-01,-0.059,0.064
-1.90480e-01,-0.059,0.064
-1.90470e-01,-0.051,0.058
-1.90460e-01,-0.061,0.064
-1.90450e-01,-0.055,0.06
-1.90440e-01,-0.057,0.06
-1.90430e-01,-0.059,0.066
-1.90420e-01,-0.059,0.062
-1.90410e-01,-0.059,0.06
-1.90400e-01,-0.063,0.064
-1.90390e-01,-0.059,0.064
-1.90380e-01,-0.059,0.064
-1.90370e-01,-0.053,0.062
-1.90360e-01,-0.059,0.066
-1.90350e-01,-0.057,0.062
-1.90340e-01,-0.059,0.066
-1.90330e-01,-0.061,0.062
-1.90320e-01,-0.059,0.066
-1.90310e-01,-0.063,0.068
-1.90300e-01,-0.059,0.064
-1.90290e-01,-0.063,0.062
-1.90280e-01,-0.057,0.058
-1.90270e-01,-0.061,0.062
-1.90260e-01,-0.059,0.06
-1.90250e-01,-0.059,0.062
-1.90240e-01,-0.057,0.062
-1.90230e-01,-0.049,0.054
-1.90220e-01,-0.061,0.064
-1.90210e-01,-0.051,0.058
-1.90200e-01,-0.061,0.064
-1.90190e-01,-0.055,0.06
-1.90180e-01,-0.061,0.066
-1.90170e-01,-0.053,0.056
-1.90160e-01,-0.059,0.06
-1.90150e-01,-0.057,0.062
-1.90140e-01,-0.055,0.06
-1.90130e-01,-0.061,0.06
-1.90120e-01,-0.049,0.058
-1.90110e-01,-0.059,0.064
-1.90100e-01,-0.059,0.064
-1.90090e-01,-0.059,0.064
-1.90080e-01,-0.053,0.064
-1.90070e-01,-0.043,0.046
-1.90060e-01,-0.043,0.048
-1.90050e-01,-0.061,0.06
-1.90040e-01,-0.061,0.064
-1.90030e-01,-0.061,0.062
-1.90020e-01,-0.053,0.06
-1.90010e-01,-0.063,0.062
-1.90000e-01,-0.059,0.062
-1.89990e-01,-0.059,0.062
-1.89980e-01,-0.063,0.064
-1.89970e-01,-0.059,0.064
-1.89960e-01,-0.059,0.064
-1.89950e-01,-0.059,0.06
-1.89940e-01,-0.057,0.064
-1.89930e-01,-0.059,0.064
-1.89920e-01,-0.059,0.064
-1.89910e-01,-0.059,0.066
-1.89900e-01,-0.061,0.064
-1.89890e-01,-0.057,0.056
-1.89880e-01,-0.061,0.062
-1.89870e-01,-0.059,0.062
-1.89860e-01,-0.059,0.066
-1.89850e-01,-0.059,0.062
-1.89840e-01,-0.057,0.06
-1.89830e-01,-0.057,0.068
-1.89820e-01,-0.051,0.056
-1.89810e-01,-0.055,0.058
-1.89800e-01,-0.057,0.064
-1.89790e-01,-0.061,0.064
-1.89780e-01,-0.061,0.064
-1.89770e-01,-0.057,0.058
-1.89760e-01,-0.061,0.064
-1.89750e-01,-0.061,0.064
-1.89740e-01,-0.063,0.064
-1.89730e-01,-0.045,0.052
-1.89720e-01,-0.063,0.066
-1.89710e-01,-0.061,0.062
-1.89700e-01,-0.061,0.064
-1.89690e-01,-0.057,0.064
-1.89680e-01,-0.059,0.064
-1.89670e-01,-0.061,0.062
-1.89660e-01,-0.055,0.06
-1.89650e-01,-0.065,0.064
-1.89640e-01,-0.063,0.064
-1.89630e-01,-0.053,0.06
-1.89620e-01,-0.061,0.066
-1.89610e-01,-0.051,0.06
-1.89600e-01,-0.061,0.066
-1.89590e-01,-0.055,0.058
-1.89580e-01,-0.059,0.062
-1.89570e-01,-0.059,0.06
-1.89560e-01,-0.059,0.068
-1.89550e-01,-0.057,0.06
-1.89540e-01,-0.063,0.066
-1.89530e-01,-0.059,0.062
-1.89520e-01,-0.059,0.066
-1.89510e-01,-0.061,0.062
-1.89500e-01,-0.059,0.06
-1.89490e-01,-0.061,0.064
-1.89480e-01,-0.053,0.06
-1.89470e-01,-0.051,0.054
-1.89460e-01,-0.053,0.054
-1.89450e-01,-0.053,0.056
-1.89440e-01,-0.051,0.058
-1.89430e-01,-0.043,0.05
-1.89420e-01,-0.043,0.048
-1.89410e-01,-0.049,0.056
-1.89400e-01,-0.051,0.056
-1.89390e-01,-0.061,0.06
-1.89380e-01,-0.045,0.05
-1.89370e-01,-0.059,0.062
-1.89360e-01,-0.059,0.06
-1.89350e-01,-0.059,0.064
-1.89340e-01,-0.063,0.064
-1.89330e-01,-0.055,0.06
-1.89320e-01,-0.059,0.066
-1.89310e-01,-0.059,0.062
-1.89300e-01,-0.057,0.064
-1.89290e-01,-0.057,0.066
-1.89280e-01,-0.061,0.06
-1.89270e-01,-0.057,0.062
-1.89260e-01,-0.049,0.052
-1.89250e-01,-0.047,0.054
-1.89240e-01,-0.055,0.06
-1.89230e-01,-0.057,0.064
-1.89220e-01,-0.049,0.056
-1.89210e-01,-0.057,0.06
-1.89200e-01,-0.061,0.064
-1.89190e-01,-0.061,0.06
-1.89180e-01,-0.061,0.064
-1.89170e-01,-0.057,0.058
-1.89160e-01,-0.057,0.062
-1.89150e-01,-0.061,0.062
-1.89140e-01,-0.059,0.062
-1.89130e-01,-0.061,0.06
-1.89120e-01,-0.061,0.06
-1.89110e-01,-0.059,0.064
-1.89100e-01,-0.059,0.064
-1.89090e-01,-0.059,0.064
-1.89080e-01,-0.059,0.06
-1.89070e-01,-0.059,0.06
-1.89060e-01,-0.049,0.054
-1.89050e-01,-0.059,0.06
-1.89040e-01,-0.059,0.064
-1.89030e-01,-0.057,0.068
-1.89020e-01,-0.055,0.06
-1.89010e-01,-0.059,0.062
-1.89000e-01,-0.053,0.06
-1.88990e-01,-0.055,0.058
-1.88980e-01,-0.057,0.062
-1.88970e-01,-0.055,0.06
-1.88960e-01,-0.057,0.062
-1.88950e-01,-0.049,0.058
-1.88940e-01,-0.061,0.064
-1.88930e-01,-0.061,0.062
-1.88920e-01,-0.057,0.06
-1.88910e-01,-0.059,0.064
-1.88900e-01,-0.061,0.064
-1.88890e-01,-0.051,0.056
-1.88880e-01,-0.057,0.06
-1.88870e-01,-0.051,0.056
-1.88860e-01,-0.061,0.062
-1.88850e-01,-0.057,0.062
-1.88840e-01,-0.061,0.062
-1.88830e-01,-0.061,0.066
-1.88820e-01,-0.061,0.062
-1.88810e-01,-0.059,0.06
-1.88800e-01,-0.057,0.062
-1.88790e-01,-0.057,0.062
-1.88780e-01,-0.057,0.064
-1.88770e-01,-0.055,0.054
-1.88760e-01,-0.055,0.062
-1.88750e-01,-0.059,0.06
-1.88740e-01,-0.061,0.066
-1.88730e-01,-0.057,0.068
-1.88720e-01,-0.051,0.06
-1.88710e-01,-0.051,0.056
-1.88700e-01,-0.055,0.06
-1.88690e-01,-0.059,0.064
-1.88680e-01,-0.053,0.054
-1.88670e-01,-0.055,0.06
-1.88660e-01,-0.043,0.054
-1.88650e-01,-0.055,0.062
-1.88640e-01,-0.041,0.046
-1.88630e-01,-0.045,0.046
-1.88620e-01,-0.053,0.058
-1.88610e-01,-0.059,0.064
-1.88600e-01,-0.057,0.064
-1.88590e-01,-0.061,0.064
-1.88580e-01,-0.059,0.064
-1.88570e-01,-0.063,0.064
-1.88560e-01,-0.059,0.062
-1.88550e-01,-0.053,0.06
-1.88540e-01,-0.059,0.064
-1.88530e-01,-0.063,0.064
-1.88520e-01,-0.059,0.064
-1.88510e-01,-0.057,0.06
-1.88500e-01,-0.061,0.06
-1.88490e-01,-0.057,0.06
-1.88480e-01,-0.059,0.064
-1.88470e-01,-0.049,0.052
-1.88460e-01,-0.061,0.06
-1.88450e-01,-0.055,0.06
-1.88440e-01,-0.041,0.05
-1.88430e-01,-0.051,0.056
-1.88420e-01,-0.059,0.062
-1.88410e-01,-0.057,0.062
-1.88400e-01,-0.059,0.064
-1.88390e-01,-0.047,0.054
-1.88380e-01,-0.059,0.064
-1.88370e-01,-0.055,0.06
-1.88360e-01,-0.055,0.062
-1.88350e-01,-0.055,0.062
-1.88340e-01,-0.061,0.064
-1.88330e-01,-0.057,0.062
-1.88320e-01,-0.059,0.064
-1.88310e-01,-0.055,0.06
-1.88300e-01,-0.057,0.062
-1.88290e-01,-0.061,0.062
-1.88280e-01,-0.061,0.066
-1.88270e-01,-0.059,0.064
-1.88260e-01,-0.059,0.064
-1.88250e-01,-0.057,0.062
-1.88240e-01,-0.059,0.062
-1.88230e-01,-0.059,0.062
-1.88220e-01,-0.059,0.064
-1.88210e-01,-0.061,0.06
-1.88200e-01,-0.059,0.068
-1.88190e-01,-0.063,0.062
-1.88180e-01,-0.057,0.06
-1.88170e-01,-0.059,0.066
-1.88160e-01,-0.057,0.06
-1.88150e-01,-0.065,0.066
-1.88140e-01,-0.059,0.064
-1.88130e-01,-0.057,0.062
-1.88120e-01,-0.059,0.066
-1.88110e-01,-0.061,0.064
-1.88100e-01,-0.063,0.066
-1.88090e-01,-0.057,0.062
-1.88080e-01,-0.059,0.066
-1.88070e-01,-0.055,0.06
-1.88060e-01,-0.059,0.066
-1.88050e-01,-0.059,0.062
-1.88040e-01,-0.063,0.066
-1.88030e-01,-0.053,0.06
-1.88020e-01,-0.063,0.062
-1.88010e-01,-0.055,0.062
-1.88000e-01,-0.057,0.06
-1.87990e-01,-0.059,0.064
-1.87980e-01,-0.057,0.06
-1.87970e-01,-0.057,0.06
-1.87960e-01,-0.059,0.06
-1.87950e-01,-0.057,0.06
-1.87940e-01,-0.061,0.062
-1.87930e-01,-0.049,0.056
-1.87920e-01,-0.057,0.062
-1.87910e-01,-0.061,0.064
-1.87900e-01,-0.055,0.06
-1.87890e-01,-0.059,0.064
-1.87880e-01,-0.049,0.058
-1.87870e-01,-0.059,0.064
-1.87860e-01,-0.059,0.064
-1.87850e-01,-0.061,0.066
-1.87840e-01,-0.059,0.06
-1.87830e-01,-0.059,0.06
-1.87820e-01,-0.059,0.06
-1.87810e-01,-0.057,0.066
-1.87800e-01,-0.061,0.064
-1.87790e-01,-0.061,0.064
-1.87780e-01,-0.059,0.06
-1.87770e-01,-0.061,0.064
-1.87760e-01,-0.055,0.06
-1.87750e-01,-0.059,0.064
-1.87740e-01,-0.055,0.06
-1.87730e-01,-0.051,0.054
-1.87720e-01,-0.059,0.064
-1.87710e-01,-0.055,0.06
-1.87700e-01,-0.057,0.062
-1.87690e-01,-0.051,0.056
-1.87680e-01,-0.061,0.062
-1.87670e-01,-0.055,0.06
-1.87660e-01,-0.059,0.064
-1.87650e-01,-0.059,0.064
-1.87640e-01,-0.061,0.066
-1.87630e-01,-0.061,0.064
-1.87620e-01,-0.053,0.058
-1.87610e-01,-0.059,0.062
-1.87600e-01,-0.059,0.062
-1.87590e-01,-0.059,0.062
-1.87580e-01,-0.061,0.066
-1.87570e-01,-0.057,0.06
-1.87560e-01,-0.059,0.064
-1.87550e-01,-0.055,0.06
-1.87540e-01,-0.055,0.06
-1.87530e-01,-0.049,0.054
-1.87520e-01,-0.059,0.062
-1.87510e-01,-0.057,0.064
-1.87500e-01,-0.059,0.064
-1.87490e-01,-0.057,0.058
-1.87480e-01,-0.059,0.064
-1.87470e-01,-0.053,0.06
-1.87460e-01,-0.055,0.06
-1.87450e-01,-0.057,0.062
-1.87440e-01,-0.051,0.058
-1.87430e-01,-0.055,0.06
-1.87420e-01,-0.045,0.058
-1.87410e-01,-0.057,0.06
-1.87400e-01,-0.055,0.06
-1.87390e-01,-0.055,0.058
-1.87380e-01,-0.051,0.058
-1.87370e-01,-0.055,0.064
-1.87360e-01,-0.057,0.06
-1.87350e-01,-0.063,0.066
-1.87340e-01,-0.061,0.064
-1.87330e-01,-0.061,0.064
-1.87320e-01,-0.057,0.06
-1.87310e-01,-0.059,0.064
-1.87300e-01,-0.061,0.062
-1.87290e-01,-0.057,0.062
-1.87280e-01,-0.059,0.064
-1.87270e-01,-0.055,0.06
-1.87260e-01,-0.061,0.064
-1.87250e-01,-0.059,0.062
-1.87240e-01,-0.053,0.054
-1.87230e-01,-0.053,0.06
-1.87220e-01,-0.053,0.06
-1.87210e-01,-0.063,0.064
-1.87200e-01,-0.047,0.058
-1.87190e-01,-0.061,0.064
-1.87180e-01,-0.049,0.054
-1.87170e-01,-0.061,0.066
-1.87160e-01,-0.059,0.06
-1.87150e-01,-0.061,0.064
-1.87140e-01,-0.061,0.064
-1.87130e-01,-0.063,0.064
-1.87120e-01,-0.061,0.064
-1.87110e-01,-0.063,0.06
-1.87100e-01,-0.059,0.062
-1.87090e-01,-0.061,0.064
-1.87080e-01,-0.059,0.064
-1.87070e-01,-0.049,0.056
-1.87060e-01,-0.061,0.064
-1.87050e-01,-0.059,0.066
-1.87040e-01,-0.053,0.058
-1.87030e-01,-0.063,0.064
-1.87020e-01,-0.053,0.058
-1.87010e-01,-0.059,0.064
-1.87000e-01,-0.051,0.056
-1.86990e-01,-0.061,0.066
-1.86980e-01,-0.055,0.06
-1.86970e-01,-0.061,0.066
-1.86960e-01,-0.055,0.062
-1.86950e-01,-0.059,0.062
-1.86940e-01,-0.059,0.064
-1.86930e-01,-0.061,0.064
-1.86920e-01,-0.057,0.062
-1.86910e-01,-0.053,0.06
-1.86900e-01,-0.059,0.062
-1.86890e-01,-0.059,0.062
-1.86880e-01,-0.057,0.062
-1.86870e-01,-0.055,0.06
-1.86860e-01,-0.061,0.06
-1.86850e-01,-0.057,0.064
-1.86840e-01,-0.061,0.064
-1.86830e-01,-0.061,0.062
-1.86820e-01,-0.057,0.062
-1.86810e-01,-0.065,0.064
-1.86800e-01,-0.057,0.064
-1.86790e-01,-0.059,0.06
-1.86780e-01,-0.061,0.064
-1.86770e-01,-0.061,0.06
-1.86760e-01,-0.061,0.068
-1.86750e-01,-0.063,0.068
-1.86740e-01,-0.047,0.054
-1.86730e-01,-0.059,0.066
-1.86720e-01,-0.055,0.06
-1.86710e-01,-0.057,0.06
-1.86700e-01,-0.063,0.062
-1.86690e-01,-0.055,0.06
-1.86680e-01,-0.061,0.064
-1.86670e-01,-0.055,0.06
-1.86660e-01,-0.057,0.062
-1.86650e-01,-0.057,0.064
-1.86640e-01,-0.055,0.06
-1.86630e-01,-0.061,0.062
-1.86620e-01,-0.061,0.064
-1.86610e-01,-0.063,0.064
-1.86600e-01,-0.057,0.064
-1.86590e-01,-0.061,0.064
-1.86580e-01,-0.057,0.06
-1.86570e-01,-0.061,0.064
-1.86560e-01,-0.063,0.066
-1.86550e-01,-0.061,0.062
-1.86540e-01,-0.057,0.064
-1.86530e-01,-0.057,0.064
-1.86520e-01,-0.063,0.062
-1.86510e-01,-0.055,0.062
-1.86500e-01,-0.059,0.066
-1.86490e-01,-0.055,0.056
-1.86480e-01,-0.059,0.066
-1.86470e-01,-0.035,0.044
-1.86460e-01,-0.059,0.06
-1.86450e-01,-0.049,0.052
-1.86440e-01,-0.057,0.062
-1.86430e-01,-0.059,0.06
-1.86420e-01,-0.061,0.062
-1.86410e-01,-0.059,0.064
-1.86400e-01,-0.049,0.054
-1.86390e-01,-0.057,0.06
-1.86380e-01,-0.059,0.062
-1.86370e-01,-0.051,0.058
-1.86360e-01,-0.047,0.05
-1.86350e-01,-0.055,0.062
-1.86340e-01,-0.041,0.044
-1.86330e-01,-0.059,0.06
-1.86320e-01,-0.059,0.064
-1.86310e-01,-0.059,0.066
-1.86300e-01,-0.059,0.064
-1.86290e-01,-0.059,0.062
-1.86280e-01,-0.057,0.066
-1.86270e-01,-0.045,0.054
-1.86260e-01,-0.061,0.062
-1.86250e-01,-0.061,0.062
-1.86240e-01,-0.057,0.062
-1.86230e-01,-0.049,0.058
-1.86220e-01,-0.059,0.066
-1.86210e-01,-0.055,0.06
-1.86200e-01,-0.055,0.06
-1.86190e-01,-0.057,0.06
-1.86180e-01,-0.051,0.058
-1.86170e-01,-0.059,0.062
-1.86160e-01,-0.055,0.064
-1.86150e-01,-0.061,0.066
-1.86140e-01,-0.059,0.064
-1.86130e-01,-0.063,0.064
-1.86120e-01,-0.053,0.056
-1.86110e-01,-0.059,0.064
-1.86100e-01,-0.059,0.06
-1.86090e-01,-0.059,0.064
-1.86080e-01,-0.045,0.056
-1.86070e-01,-0.059,0.064
-1.86060e-01,-0.051,0.054
-1.86050e-01,-0.059,0.06
-1.86040e-01,-0.049,0.058
-1.86030e-01,-0.057,0.06
-1.86020e-01,-0.055,0.06
-1.86010e-01,-0.057,0.064
-1.86000e-01,-0.061,0.062
-1.85990e-01,-0.063,0.066
-1.85980e-01,-0.059,0.064
-1.85970e-01,-0.055,0.062
-1.85960e-01,-0.057,0.064
-1.85950e-01,-0.061,0.06
-1.85940e-01,-0.059,0.06
-1.85930e-01,-0.053,0.06
-1.85920e-01,-0.063,0.064
-1.85910e-01,-0.059,0.062
-1.85900e-01,-0.061,0.066
-1.85890e-01,-0.057,0.062
-1.85880e-01,-0.053,0.056
-1.85870e-01,-0.059,0.062
-1.85860e-01,-0.057,0.064
-1.85850e-01,-0.053,0.06
-1.85840e-01,-0.053,0.06
-1.85830e-01,-0.059,0.06
-1.85820e-01,-0.039,0.048
-1.85810e-01,-0.059,0.064
-1.85800e-01,-0.059,0.066
-1.85790e-01,-0.059,0.064
-1.85780e-01,-0.057,0.06
-1.85770e-01,-0.059,0.062
-1.85760e-01,-0.061,0.064
-1.85750e-01,-0.051,0.054
-1.85740e-01,-0.057,0.064
-1.85730e-01,-0.065,0.06
-1.85720e-01,-0.055,0.066
-1.85710e-01,-0.059,0.06
-1.85700e-01,-0.055,0.062
-1.85690e-01,-0.055,0.062
-1.85680e-01,-0.055,0.064
-1.85670e-01,-0.057,0.064
-1.85660e-01,-0.059,0.064
-1.85650e-01,-0.057,0.058
-1.85640e-01,-0.057,0.06
-1.85630e-01,-0.057,0.066
-1.85620e-01,-0.049,0.054
-1.85610e-01,-0.059,0.062
-1.85600e-01,-0.057,0.062
-1.85590e-01,-0.061,0.066
-1.85580e-01,-0.041,0.05
-1.85570e-01,-0.057,0.06
-1.85560e-01,-0.053,0.056
-1.85550e-01,-0.063,0.06
-1.85540e-01,-0.059,0.058
-1.85530e-01,-0.047,0.054
-1.85520e-01,-0.053,0.054
-1.85510e-01,-0.055,0.06
-1.85500e-01,-0.059,0.062
-1.85490e-01,-0.057,0.062
-1.85480e-01,-0.057,0.062
-1.85470e-01,-0.055,0.062
-1.85460e-01,-0.057,0.064
-1.85450e-01,-0.057,0.062
-1.85440e-01,-0.057,0.06
-1.85430e-01,-0.059,0.064
-1.85420e-01,-0.049,0.056
-1.85410e-01,-0.063,0.064
-1.85400e-01,-0.047,0.05
-1.85390e-01,-0.053,0.06
-1.85380e-01,-0.049,0.052
-1.85370e-01,-0.055,0.058
-1.85360e-01,-0.055,0.06
-1.85350e-01,-0.063,0.062
-1.85340e-01,-0.055,0.062
-1.85330e-01,-0.061,0.06
-1.85320e-01,-0.057,0.06
-1.85310e-01,-0.055,0.06
-1.85300e-01,-0.053,0.06
-1.85290e-01,-0.051,0.056
-1.85280e-01,-0.057,0.064
-1.85270e-01,-0.061,0.064
-1.85260e-01,-0.061,0.068
-1.85250e-01,-0.053,0.06
-1.85240e-01,-0.057,0.06
-1.85230e-01,-0.051,0.056
-1.85220e-01,-0.059,0.064
-1.85210e-01,-0.061,0.064
-1.85200e-01,-0.059,0.064
-1.85190e-01,-0.061,0.064
-1.85180e-01,-0.057,0.062
-1.85170e-01,-0.049,0.056
-1.85160e-01,-0.055,0.062
-1.85150e-01,-0.057,0.066
-1.85140e-01,-0.059,0.062
-1.85130e-01,-0.059,0.064
-1.85120e-01,-0.053,0.06
-1.85110e-01,-0.057,0.06
-1.85100e-01,-0.059,0.064
-1.85090e-01,-0.055,0.062
-1.85080e-01,-0.057,0.062
-1.85070e-01,-0.055,0.06
-1.85060e-01,-0.057,0.06
-1.85050e-01,-0.047,0.056
-1.85040e-01,-0.059,0.064
-1.85030e-01,-0.059,0.062
-1.85020e-01,-0.041,0.05
-1.85010e-01,-0.059,0.062
-1.85000e-01,-0.061,0.06
-1.84990e-01,-0.055,0.06
-1.84980e-01,-0.057,0.062
-1.84970e-01,-0.059,0.06
-1.84960e-01,-0.051,0.056
-1.84950e-01,-0.055,0.06
-1.84940e-01,-0.065,0.062
-1.84930e-01,-0.063,0.062
-1.84920e-01,-0.059,0.06
-1.84910e-01,-0.057,0.06
-1.84900e-01,-0.051,0.054
-1.84890e-01,-0.057,0.064
-1.84880e-01,-0.061,0.068
-1.84870e-01,-0.055,0.062
-1.84860e-01,-0.059,0.064
-1.84850e-01,-0.059,0.062
-1.84840e-01,-0.059,0.062
-1.84830e-01,-0.063,0.066
-1.84820e-01,-0.057,0.064
-1.84810e-01,-0.063,0.064
-1.84800e-01,-0.053,0.062
-1.84790e-01,-0.055,0.058
-1.84780e-01,-0.057,0.062
-1.84770e-01,-0.047,0.06
-1.84760e-01,-0.057,0.062
-1.84750e-01,-0.061,0.066
-1.84740e-01,-0.059,0.068
-1.84730e-01,-0.053,0.054
-1.84720e-01,-0.059,0.06
-1.84710e-01,-0.061,0.064
-1.84700e-01,-0.059,0.066
-1.84690e-01,-0.059,0.062
-1.84680e-01,-0.059,0.064
-1.84670e-01,-0.053,0.06
-1.84660e-01,-0.061,0.064
-1.84650e-01,-0.053,0.052
-1.84640e-01,-0.061,0.064
-1.84630e-01,-0.043,0.046
-1.84620e-01,-0.057,0.06
-1.84610e-01,-0.057,0.058
-1.84600e-01,-0.053,0.06
-1.84590e-01,-0.059,0.064
-1.84580e-01,-0.043,0.044
-1.84570e-01,-0.061,0.068
-1.84560e-01,-0.059,0.062
-1.84550e-01,-0.061,0.062
-1.84540e-01,-0.055,0.062
-1.84530e-01,-0.059,0.066
-1.84520e-01,-0.055,0.058
-1.84510e-01,-0.059,0.064
-1.84500e-01,-0.059,0.06
-1.84490e-01,-0.059,0.062
-1.84480e-01,-0.057,0.066
-1.84470e-01,-0.063,0.064
-1.84460e-01,-0.059,0.06
-1.84450e-01,-0.057,0.062
-1.84440e-01,-0.049,0.054
-1.84430e-01,-0.063,0.064
-1.84420e-01,-0.055,0.06
-1.84410e-01,-0.061,0.062
-1.84400e-01,-0.061,0.062
-1.84390e-01,-0.057,0.06
-1.84380e-01,-0.061,0.064
-1.84370e-01,-0.059,0.062
-1.84360e-01,-0.061,0.062
-1.84350e-01,-0.051,0.056
-1.84340e-01,-0.061,0.066
-1.84330e-01,-0.057,0.06
-1.84320e-01,-0.057,0.062
-1.84310e-01,-0.055,0.06
-1.84300e-01,-0.059,0.068
-1.84290e-01,-0.055,0.056
-1.84280e-01,-0.057,0.062
-1.84270e-01,-0.051,0.06
-1.84260e-01,-0.055,0.06
-1.84250e-01,-0.061,0.064
-1.84240e-01,-0.061,0.064
-1.84230e-01,-0.059,0.066
-1.84220e-01,-0.061,0.062
-1.84210e-01,-0.061,0.064
-1.84200e-01,-0.063,0.062
-1.84190e-01,-0.061,0.064
-1.84180e-01,-0.055,0.06
-1.84170e-01,-0.055,0.06
-1.84160e-01,-0.057,0.062
-1.84150e-01,-0.059,0.064
-1.84140e-01,-0.055,0.06
-1.84130e-01,-0.047,0.056
-1.84120e-01,-0.053,0.058
-1.84110e-01,-0.057,0.062
-1.84100e-01,-0.053,0.056
-1.84090e-01,-0.053,0.06
-1.84080e-01,-0.033,0.038
-1.84070e-01,-0.055,0.06
-1.84060e-01,-0.055,0.054
-1.84050e-01,-0.059,0.064
-1.84040e-01,-0.057,0.06
-1.84030e-01,-0.059,0.062
-1.84020e-01,-0.059,0.06
-1.84010e-01,-0.051,0.056
-1.84000e-01,-0.055,0.062
-1.83990e-01,-0.057,0.06
-1.83980e-01,-0.057,0.06
-1.83970e-01,-0.059,0.064
-1.83960e-01,-0.043,0.046
-1.83950e-01,-0.063,0.064
-1.83940e-01,-0.049,0.06
-1.83930e-01,-0.059,0.068
-1.83920e-01,-0.061,0.064
-1.83910e-01,-0.045,0.056
-1.83900e-01,-0.055,0.06
-1.83890e-01,-0.055,0.058
-1.83880e-01,-0.057,0.062
-1.83870e-01,-0.051,0.056
-1.83860e-01,-0.061,0.064
-1.83850e-01,-0.045,0.054
-1.83840e-01,-0.051,0.06
-1.83830e-01,-0.051,0.056
-1.83820e-01,-0.053,0.06
-1.83810e-01,-0.049,0.056
-1.83800e-01,-0.059,0.062
-1.83790e-01,-0.053,0.056
-1.83780e-01,-0.063,0.064
-1.83770e-01,-0.057,0.06
-1.83760e-01,-0.059,0.064
-1.83750e-01,-0.061,0.066
-1.83740e-01,-0.057,0.06
-1.83730e-01,-0.059,0.062
-1.83720e-01,-0.057,0.06
-1.83710e-01,-0.057,0.06
-1.83700e-01,-0.051,0.058
-1.83690e-01,-0.055,0.06
-1.83680e-01,-0.051,0.058
-1.83670e-01,-0.057,0.062
-1.83660e-01,-0.061,0.064
-1.83650e-01,-0.059,0.064
-1.83640e-01,-0.055,0.06
-1.83630e-01,-0.055,0.06
-1.83620e-01,-0.061,0.062
-1.83610e-01,-0.059,0.062
-1.83600e-01,-0.059,0.064
-1.83590e-01,-0.055,0.062
-1.83580e-01,-0.055,0.064
-1.83570e-01,-0.049,0.05
-1.83560e-01,-0.065,0.064
-1.83550e-01,-0.047,0.052
-1.83540e-01,-0.057,0.06
-1.83530e-01,-0.055,0.062
-1.83520e-01,-0.061,0.064
-1.83510e-01,-0.063,0.064
-1.83500e-01,-0.057,0.066
-1.83490e-01,-0.061,0.064
-1.83480e-01,-0.057,0.062
-1.83470e-01,-0.051,0.06
-1.83460e-01,-0.053,0.058
-1.83450e-01,-0.055,0.06
-1.83440e-01,-0.057,0.066
-1.83430e-01,-0.039,0.048
-1.83420e-01,-0.061,0.064
-1.83410e-01,-0.057,0.066
-1.83400e-01,-0.055,0.06
-1.83390e-01,-0.063,0.066
-1.83380e-01,-0.059,0.064
-1.83370e-01,-0.057,0.06
-1.83360e-01,-0.059,0.062
-1.83350e-01,-0.051,0.058
-1.83340e-01,-0.055,0.06
-1.83330e-01,-0.059,0.064
-1.83320e-01,-0.053,0.06
-1.83310e-01,-0.061,0.066
-1.83300e-01,-0.057,0.06
-1.83290e-01,-0.049,0.054
-1.83280e-01,-0.061,0.068
-1.83270e-01,-0.061,0.066
-1.83260e-01,-0.061,0.062
-1.83250e-01,-0.057,0.064
-1.83240e-01,-0.055,0.06
-1.83230e-01,-0.063,0.064
-1.83220e-01,-0.055,0.06
-1.83210e-01,-0.055,0.062
-1.83200e-01,-0.063,0.064
-1.83190e-01,-0.051,0.06
-1.83180e-01,-0.061,0.064
-1.83170e-01,-0.055,0.058
-1.83160e-01,-0.055,0.06
-1.83150e-01,-0.059,0.064
-1.83140e-01,-0.061,0.062
-1.83130e-01,-0.061,0.062
-1.83120e-01,-0.057,0.06
-1.83110e-01,-0.057,0.064
-1.83100e-01,-0.061,0.064
-1.83090e-01,-0.059,0.062
-1.83080e-01,-0.057,0.06
-1.83070e-01,-0.061,0.064
-1.83060e-01,-0.061,0.064
-1.83050e-01,-0.059,0.062
-1.83040e-01,-0.061,0.068
-1.83030e-01,-0.053,0.06
-1.83020e-01,-0.063,0.064
-1.83010e-01,-0.059,0.066
-1.83000e-01,-0.061,0.062
-1.82990e-01,-0.057,0.06
-1.82980e-01,-0.057,0.062
-1.82970e-01,-0.057,0.06
-1.82960e-01,-0.059,0.06
-1.82950e-01,-0.057,0.062
-1.82940e-01,-0.059,0.06
-1.82930e-01,-0.063,0.062
-1.82920e-01,-0.043,0.05
-1.82910e-01,-0.061,0.064
-1.82900e-01,-0.045,0.052
-1.82890e-01,-0.053,0.058
-1.82880e-01,-0.063,0.066
-1.82870e-01,-0.057,0.064
-1.82860e-01,-0.061,0.066
-1.82850e-01,-0.059,0.066
-1.82840e-01,-0.055,0.064
-1.82830e-01,-0.059,0.06
-1.82820e-01,-0.061,0.064
-1.82810e-01,-0.055,0.06
-1.82800e-01,-0.061,0.064
-1.82790e-01,-0.057,0.062
-1.82780e-01,-0.061,0.064
-1.82770e-01,-0.059,0.064
-1.82760e-01,-0.057,0.062
-1.82750e-01,-0.055,0.06
-1.82740e-01,-0.063,0.06
-1.82730e-01,-0.057,0.062
-1.82720e-01,-0.051,0.062
-1.82710e-01,-0.059,0.068
-1.82700e-01,-0.055,0.06
-1.82690e-01,-0.053,0.056
-1.82680e-01,-0.065,0.062
-1.82670e-01,-0.059,0.06
-1.82660e-01,-0.061,0.064
-1.82650e-01,-0.049,0.056
-1.82640e-01,-0.061,0.066
-1.82630e-01,-0.061,0.064
-1.82620e-01,-0.063,0.062
-1.82610e-01,-0.059,0.064
-1.82600e-01,-0.059,0.068
-1.82590e-01,-0.059,0.066
-1.82580e-01,-0.045,0.048
-1.82570e-01,-0.061,0.066
-1.82560e-01,-0.059,0.064
-1.82550e-01,-0.059,0.066
-1.82540e-01,-0.063,0.066
-1.82530e-01,-0.059,0.062
-1.82520e-01,-0.055,0.058
-1.82510e-01,-0.059,0.06
-1.82500e-01,-0.055,0.062
-1.82490e-01,-0.061,0.064
-1.82480e-01,-0.051,0.062
-1.82470e-01,-0.057,0.06
-1.82460e-01,-0.051,0.06
-1.82450e-01,-0.055,0.062
-1.82440e-01,-0.055,0.06
-1.82430e-01,-0.055,0.062
-1.82420e-01,-0.057,0.062
-1.82410e-01,-0.057,0.064
-1.82400e-01,-0.055,0.064
-1.82390e-01,-0.055,0.06
-1.82380e-01,-0.059,0.064
-1.82370e-01,-0.053,0.06
-1.82360e-01,-0.061,0.064
-1.82350e-01,-0.057,0.062
-1.82340e-01,-0.059,0.064
-1.82330e-01,-0.053,0.06
-1.82320e-01,-0.059,0.06
-1.82310e-01,-0.061,0.06
-1.82300e-01,-0.059,0.062
-1.82290e-01,-0.057,0.062
-1.82280e-01,-0.059,0.062
-1.82270e-01,-0.061,0.064
-1.82260e-01,-0.049,0.06
-1.82250e-01,-0.059,0.062
-1.82240e-01,-0.059,0.062
-1.82230e-01,-0.059,0.064
-1.82220e-01,-0.057,0.06
-1.82210e-01,-0.049,0.054
-1.82200e-01,-0.059,0.062
-1.82190e-01,-0.059,0.064
-1.82180e-01,-0.059,0.062
-1.82170e-01,-0.055,0.06
-1.82160e-01,-0.061,0.062
-1.82150e-01,-0.057,0.064
-1.82140e-01,-0.061,0.064
-1.82130e-01,-0.055,0.064
-1.82120e-01,-0.059,0.066
-1.82110e-01,-0.055,0.062
-1.82100e-01,-0.057,0.064
-1.82090e-01,-0.037,0.04
-1.82080e-01,-0.059,0.06
-1.82070e-01,-0.055,0.06
-1.82060e-01,-0.057,0.062
-1.82050e-01,-0.059,0.06
-1.82040e-01,-0.061,0.066
-1.82030e-01,-0.053,0.06
-1.82020e-01,-0.057,0.064
-1.82010e-01,-0.055,0.058
-1.82000e-01,-0.061,0.064
-1.81990e-01,-0.057,0.064
-1.81980e-01,-0.059,0.062
-1.81970e-01,-0.055,0.062
-1.81960e-01,-0.059,0.06
-1.81950e-01,-0.061,0.062
-1.81940e-01,-0.059,0.064
-1.81930e-01,-0.057,0.064
-1.81920e-01,-0.061,0.064
-1.81910e-01,-0.055,0.06
-1.81900e-01,-0.061,0.066
-1.81890e-01,-0.061,0.064
-1.81880e-01,-0.057,0.06
-1.81870e-01,-0.061,0.064
-1.81860e-01,-0.053,0.062
-1.81850e-01,-0.061,0.064
-1.81840e-01,-0.057,0.064
-1.81830e-01,-0.059,0.062
-1.81820e-01,-0.053,0.058
-1.81810e-01,-0.055,0.064
-1.81800e-01,-0.055,0.058
-1.81790e-01,-0.051,0.054
-1.81780e-01,-0.057,0.06
-1.81770e-01,-0.059,0.06
-1.81760e-01,-0.059,0.062
-1.81750e-01,-0.059,0.064
-1.81740e-01,-0.061,0.064
-1.81730e-01,-0.051,0.056
-1.81720e-01,-0.061,0.062
-1.81710e-01,-0.055,0.06
-1.81700e-01,-0.059,0.064
-1.81690e-01,-0.057,0.064
-1.81680e-01,-0.059,0.062
-1.81670e-01,-0.061,0.062
-1.81660e-01,-0.057,0.06
-1.81650e-01,-0.059,0.066
-1.81640e-01,-0.061,0.066
-1.81630e-01,-0.059,0.06
-1.81620e-01,-0.061,0.062
-1.81610e-01,-0.059,0.062
-1.81600e-01,-0.061,0.064
-1.81590e-01,-0.061,0.062
-1.81580e-01,-0.059,0.062
-1.81570e-01,-0.057,0.064
-1.81560e-01,-0.059,0.066
-1.81550e-01,-0.055,0.056
-1.81540e-01,-0.041,0.044
-1.81530e-01,-0.045,0.054
-1.81520e-01,-0.039,0.044
-1.81510e-01,-0.049,0.054
-1.81500e-01,-0.051,0.056
-1.81490e-01,-0.061,0.064
-1.81480e-01,-0.061,0.062
-1.81470e-01,-0.059,0.06
-1.81460e-01,-0.057,0.064
-1.81450e-01,-0.055,0.056
-1.81440e-01,-0.063,0.062
-1.81430e-01,-0.057,0.06
-1.81420e-01,-0.059,0.064
-1.81410e-01,-0.057,0.062
-1.81400e-01,-0.059,0.06
-1.81390e-01,-0.059,0.066
-1.81380e-01,-0.057,0.064
-1.81370e-01,-0.059,0.064
-1.81360e-01,-0.061,0.064
-1.81350e-01,-0.059,0.064
-1.81340e-01,-0.061,0.064
-1.81330e-01,-0.061,0.064
-1.81320e-01,-0.051,0.06
-1.81310e-01,-0.061,0.064
-1.81300e-01,-0.053,0.056
-1.81290e-01,-0.055,0.06
-1.81280e-01,-0.047,0.05
-1.81270e-01,-0.059,0.068
-1.81260e-01,-0.055,0.062
-1.81250e-01,-0.059,0.062
-1.81240e-01,-0.043,0.046
-1.81230e-01,-0.059,0.062
-1.81220e-01,-0.055,0.06
-1.81210e-01,-0.061,0.064
-1.81200e-01,-0.059,0.06
-1.81190e-01,-0.059,0.064
-1.81180e-01,-0.055,0.062
-1.81170e-01,-0.059,0.062
-1.81160e-01,-0.061,0.066
-1.81150e-01,-0.065,0.064
-1.81140e-01,-0.063,0.064
-1.81130e-01,-0.061,0.062
-1.81120e-01,-0.057,0.06
-1.81110e-01,-0.055,0.06
-1.81100e-01,-0.055,0.06
-1.81090e-01,-0.061,0.066
-1.81080e-01,-0.059,0.062
-1.81070e-01,-0.051,0.054
-1.81060e-01,-0.057,0.062
-1.81050e-01,-0.055,0.06
-1.81040e-01,-0.061,0.064
-1.81030e-01,-0.059,0.062
-1.81020e-01,-0.047,0.052
-1.81010e-01,-0.059,0.068
-1.81000e-01,-0.057,0.06
-1.80990e-01,-0.059,0.064
-1.80980e-01,-0.057,0.062
-1.80970e-01,-0.061,0.064
-1.80960e-01,-0.063,0.064
-1.80950e-01,-0.061,0.064
-1.80940e-01,-0.055,0.06
-1.80930e-01,-0.057,0.062
-1.80920e-01,-0.053,0.058
-1.80910e-01,-0.059,0.066
-1.80900e-01,-0.049,0.054
-1.80890e-01,-0.063,0.062
-1.80880e-01,-0.045,0.054
-1.80870e-01,-0.063,0.064
-1.80860e-01,-0.055,0.06
-1.80850e-01,-0.057,0.06
-1.80840e-01,-0.057,0.062
-1.80830e-01,-0.057,0.064
-1.80820e-01,-0.061,0.068
-1.80810e-01,-0.047,0.054
-1.80800e-01,-0.061,0.06
-1.80790e-01,-0.049,0.054
-1.80780e-01,-0.059,0.062
-1.80770e-01,-0.063,0.064
-1.80760e-01,-0.061,0.064
-1.80750e-01,-0.059,0.062
-1.80740e-01,-0.057,0.064
-1.80730e-01,-0.061,0.066
-1.80720e-01,-0.063,0.06
-1.80710e-01,-0.055,0.064
-1.80700e-01,-0.061,0.064
-1.80690e-01,-0.059,0.062
-1.80680e-01,-0.061,0.066
-1.80670e-01,-0.057,0.06
-1.80660e-01,-0.059,0.064
-1.80650e-01,-0.059,0.064
-1.80640e-01,-0.063,0.064
-1.80630e-01,-0.055,0.06
-1.80620e-01,-0.057,0.06
-1.80610e-01,-0.059,0.062
-1.80600e-01,-0.057,0.064
-1.80590e-01,-0.061,0.064
-1.80580e-01,-0.059,0.062
-1.80570e-01,-0.043,0.05
-1.80560e-01,-0.061,0.06
-1.80550e-01,-0.051,0.062
-1.80540e-01,-0.059,0.064
-1.80530e-01,-0.061,0.064
-1.80520e-01,-0.059,0.066
-1.80510e-01,-0.057,0.064
-1.80500e-01,-0.057,0.06
-1.80490e-01,-0.057,0.062
-1.80480e-01,-0.063,0.064
-1.80470e-01,-0.063,0.064
-1.80460e-01,-0.059,0.064
-1.80450e-01,-0.059,0.062
-1.80440e-01,-0.057,0.062
-1.80430e-01,-0.057,0.064
-1.80420e-01,-0.057,0.062
-1.80410e-01,-0.057,0.064
-1.80400e-01,-0.057,0.06
-1.80390e-01,-0.055,0.062
-1.80380e-01,-0.061,0.066
-1.80370e-01,-0.053,0.06
-1.80360e-01,-0.061,0.064
-1.80350e-01,-0.043,0.054
-1.80340e-01,-0.055,0.06
-1.80330e-01,-0.051,0.054
-1.80320e-01,-0.063,0.062
-1.80310e-01,-0.061,0.064
-1.80300e-01,-0.059,0.064
-1.80290e-01,-0.061,0.064
-1.80280e-01,-0.055,0.06
-1.80270e-01,-0.049,0.056
-1.80260e-01,-0.055,0.06
-1.80250e-01,-0.057,0.06
-1.80240e-01,-0.057,0.064
-1.80230e-01,-0.059,0.06
-1.80220e-01,-0.061,0.064
-1.80210e-01,-0.057,0.062
-1.80200e-01,-0.059,0.062
-1.80190e-01,-0.059,0.06
-1.80180e-01,-0.055,0.06
-1.80170e-01,-0.061,0.064
-1.80160e-01,-0.053,0.058
-1.80150e-01,-0.059,0.064
-1.80140e-01,-0.051,0.056
-1.80130e-01,-0.057,0.06
-1.80120e-01,-0.047,0.052
-1.80110e-01,-0.063,0.062
-1.80100e-01,-0.057,0.064
-1.80090e-01,-0.061,0.066
-1.80080e-01,-0.055,0.064
-1.80070e-01,-0.061,0.064
-1.80060e-01,-0.057,0.062
-1.80050e-01,-0.059,0.064
-1.80040e-01,-0.061,0.064
-1.80030e-01,-0.059,0.068
-1.80020e-01,-0.061,0.062
-1.80010e-01,-0.055,0.058
-1.80000e-01,-0.059,0.06
-1.79990e-01,-0.059,0.066
-1.79980e-01,-0.059,0.064
-1.79970e-01,-0.059,0.06
-1.79960e-01,-0.053,0.058
-1.79950e-01,-0.059,0.062
-1.79940e-01,-0.061,0.064
-1.79930e-01,-0.057,0.064
-1.79920e-01,-0.059,0.064
-1.79910e-01,-0.061,0.064
-1.79900e-01,-0.061,0.062
-1.79890e-01,-0.059,0.062
-1.79880e-01,-0.059,0.062
-1.79870e-01,-0.059,0.062
-1.79860e-01,-0.057,0.062
-1.79850e-01,-0.057,0.064
-1.79840e-01,-0.061,0.06
-1.79830e-01,-0.061,0.062
-1.79820e-01,-0.059,0.062
-1.79810e-01,-0.063,0.064
-1.79800e-01,-0.057,0.062
-1.79790e-01,-0.057,0.064
-1.79780e-01,-0.061,0.062
-1.79770e-01,-0.061,0.064
-1.79760e-01,-0.061,0.068
-1.79750e-01,-0.057,0.064
-1.79740e-01,-0.059,0.064
-1.79730e-01,-0.053,0.06
-1.79720e-01,-0.063,0.062
-1.79710e-01,-0.059,0.064
-1.79700e-01,-0.059,0.066
-1.79690e-01,-0.053,0.058
-1.79680e-01,-0.057,0.06
-1.79670e-01,-0.051,0.06
-1.79660e-01,-0.057,0.06
-1.79650e-01,-0.059,0.056
-1.79640e-01,-0.061,0.064
-1.79630e-01,-0.061,0.062
-1.79620e-01,-0.061,0.062
-1.79610e-01,-0.055,0.058
-1.79600e-01,-0.053,0.06
-1.79590e-01,-0.059,0.062
-1.79580e-01,-0.059,0.062
-1.79570e-01,-0.061,0.062
-1.79560e-01,-0.061,0.066
-1.79550e-01,-0.061,0.064
-1.79540e-01,-0.063,0.066
-1.79530e-01,-0.059,0.064
-1.79520e-01,-0.061,0.062
-1.79510e-01,-0.061,0.064
-1.79500e-01,-0.057,0.062
-1.79490e-01,-0.059,0.064
-1.79480e-01,-0.063,0.064
-1.79470e-01,-0.057,0.06
-1.79460e-01,-0.061,0.064
-1.79450e-01,-0.049,0.054
-1.79440e-01,-0.059,0.06
-1.79430e-01,-0.055,0.058
-1.79420e-01,-0.061,0.066
-1.79410e-01,-0.049,0.054
-1.79400e-01,-0.053,0.06
-1.79390e-01,-0.061,0.066
-1.79380e-01,-0.059,0.064
-1.79370e-01,-0.061,0.064
-1.79360e-01,-0.059,0.064
-1.79350e-01,-0.057,0.06
-1.79340e-01,-0.059,0.064
-1.79330e-01,-0.057,0.06
-1.79320e-01,-0.059,0.064
-1.79310e-01,-0.053,0.058
-1.79300e-01,-0.057,0.06
-1.79290e-01,-0.059,0.064
-1.79280e-01,-0.059,0.062
-1.79270e-01,-0.061,0.06
-1.79260e-01,-0.061,0.064
-1.79250e-01,-0.057,0.062
-1.79240e-01,-0.057,0.062
-1.79230e-01,-0.049,0.058
-1.79220e-01,-0.059,0.064
-1.79210e-01,-0.055,0.062
-1.79200e-01,-0.059,0.064
-1.79190e-01,-0.059,0.066
-1.79180e-01,-0.059,0.066
-1.79170e-01,-0.057,0.056
-1.79160e-01,-0.061,0.064
-1.79150e-01,-0.061,0.064
-1.79140e-01,-0.061,0.064
-1.79130e-01,-0.055,0.06
-1.79120e-01,-0.063,0.068
-1.79110e-01,-0.061,0.064
-1.79100e-01,-0.059,0.062
-1.79090e-01,-0.061,0.062
-1.79080e-01,-0.057,0.062
-1.79070e-01,-0.059,0.06
-1.79060e-01,-0.059,0.062
-1.79050e-01,-0.059,0.064
-1.79040e-01,-0.059,0.064
-1.79030e-01,-0.061,0.062
-1.79020e-01,-0.053,0.06
-1.79010e-01,-0.059,0.062
-1.79000e-01,-0.051,0.058
-1.78990e-01,-0.063,0.064
-1.78980e-01,-0.061,0.064
-1.78970e-01,-0.059,0.06
-1.78960e-01,-0.061,0.064
-1.78950e-01,-0.053,0.058
-1.78940e-01,-0.063,0.064
-1.78930e-01,-0.061,0.062
-1.78920e-01,-0.061,0.062
-1.78910e-01,-0.057,0.06
-1.78900e-01,-0.061,0.064
-1.78890e-01,-0.057,0.062
-1.78880e-01,-0.055,0.058
-1.78870e-01,-0.057,0.06
-1.78860e-01,-0.055,0.062
-1.78850e-01,-0.057,0.06
-1.78840e-01,-0.057,0.064
-1.78830e-01,-0.053,0.06
-1.78820e-01,-0.059,0.066
-1.78810e-01,-0.061,0.06
-1.78800e-01,-0.059,0.064
-1.78790e-01,-0.061,0.064
-1.78780e-01,-0.057,0.064
-1.78770e-01,-0.055,0.066
-1.78760e-01,-0.061,0.062
-1.78750e-01,-0.047,0.056
-1.78740e-01,-0.055,0.06
-1.78730e-01,-0.055,0.06
-1.78720e-01,-0.061,0.064
-1.78710e-01,-0.059,0.064
-1.78700e-01,-0.051,0.058
-1.78690e-01,-0.051,0.05
-1.78680e-01,-0.057,0.06
-1.78670e-01,-0.049,0.054
-1.78660e-01,-0.051,0.06
-1.78650e-01,-0.049,0.058
-1.78640e-01,-0.055,0.06
-1.78630e-01,-0.053,0.066
-1.78620e-01,-0.061,0.064
-1.78610e-01,-0.061,0.064
-1.78600e-01,-0.061,0.068
-1.78590e-01,-0.065,0.064
-1.78580e-01,-0.061,0.066
-1.78570e-01,-0.059,0.064
-1.78560e-01,-0.059,0.062
-1.78550e-01,-0.059,0.06
-1.78540e-01,-0.055,0.06
-1.78530e-01,-0.047,0.054
-1.78520e-01,-0.039,0.044
-1.78510e-01,-0.045,0.05
-1.78500e-01,-0.049,0.056
-1.78490e-01,-0.055,0.056
-1.78480e-01,-0.061,0.066
-1.78470e-01,-0.057,0.064
-1.78460e-01,-0.057,0.066
-1.78450e-01,-0.051,0.054
-1.78440e-01,-0.053,0.058
-1.78430e-01,-0.053,0.054
-1.78420e-01,-0.059,0.066
-1.78410e-01,-0.055,0.062
-1.78400e-01,-0.055,0.064
-1.78390e-01,-0.061,0.062
-1.78380e-01,-0.057,0.066
-1.78370e-01,-0.059,0.064
-1.78360e-01,-0.059,0.062
-1.78350e-01,-0.059,0.064
-1.78340e-01,-0.059,0.066
-1.78330e-01,-0.063,0.064
-1.78320e-01,-0.057,0.064
-1.78310e-01,-0.057,0.064
-1.78300e-01,-0.059,0.06
-1.78290e-01,-0.057,0.064
-1.78280e-01,-0.047,0.052
-1.78270e-01,-0.057,0.06
-1.78260e-01,-0.057,0.062
-1.78250e-01,-0.063,0.062
-1.78240e-01,-0.061,0.064
-1.78230e-01,-0.053,0.062
-1.78220e-01,-0.055,0.062
-1.78210e-01,-0.061,0.064
-1.78200e-01,-0.061,0.064
-1.78190e-01,-0.055,0.064
-1.78180e-01,-0.059,0.06
-1.78170e-01,-0.057,0.062
-1.78160e-01,-0.065,0.064
-1.78150e-01,-0.061,0.064
-1.78140e-01,-0.059,0.064
-1.78130e-01,-0.055,0.06
-1.78120e-01,-0.057,0.066
-1.78110e-01,-0.061,0.06
-1.78100e-01,-0.065,0.064
-1.78090e-01,-0.063,0.062
-1.78080e-01,-0.057,0.062
-1.78070e-01,-0.063,0.064
-1.78060e-01,-0.059,0.064
-1.78050e-01,-0.057,0.062
-1.78040e-01,-0.059,0.062
-1.78030e-01,-0.055,0.062
-1.78020e-01,-0.057,0.06
-1.78010e-01,-0.057,0.066
-1.78000e-01,-0.049,0.058
-1.77990e-01,-0.061,0.064
-1.77980e-01,-0.061,0.064
-1.77970e-01,-0.057,0.058
-1.77960e-01,-0.061,0.064
-1.77950e-01,-0.059,0.066
-1.77940e-01,-0.061,0.06
-1.77930e-01,-0.059,0.064
-1.77920e-01,-0.051,0.06
-1.77910e-01,-0.057,0.062
-1.77900e-01,-0.059,0.064
-1.77890e-01,-0.057,0.064
-1.77880e-01,-0.059,0.06
-1.77870e-01,-0.061,0.064
-1.77860e-01,-0.059,0.06
-1.77850e-01,-0.057,0.06
-1.77840e-01,-0.059,0.066
-1.77830e-01,-0.055,0.062
-1.77820e-01,-0.059,0.064
-1.77810e-01,-0.057,0.064
-1.77800e-01,-0.055,0.064
-1.77790e-01,-0.063,0.062
-1.77780e-01,-0.059,0.062
-1.77770e-01,-0.055,0.06
-1.77760e-01,-0.061,0.064
-1.77750e-01,-0.059,0.06
-1.77740e-01,-0.059,0.064
-1.77730e-01,-0.059,0.066
-1.77720e-01,-0.061,0.062
-1.77710e-01,-0.057,0.064
-1.77700e-01,-0.055,0.064
-1.77690e-01,-0.055,0.056
-1.77680e-01,-0.057,0.062
-1.77670e-01,-0.055,0.064
-1.77660e-01,-0.053,0.06
-1.77650e-01,-0.055,0.056
-1.77640e-01,-0.059,0.064
-1.77630e-01,-0.061,0.064
-1.77620e-01,-0.057,0.06
-1.77610e-01,-0.061,0.064
-1.77600e-01,-0.061,0.064
-1.77590e-01,-0.055,0.062
-1.77580e-01,-0.061,0.064
-1.77570e-01,-0.059,0.062
-1.77560e-01,-0.059,0.062
-1.77550e-01,-0.057,0.062
-1.77540e-01,-0.063,0.064
-1.77530e-01,-0.059,0.064
-1.77520e-01,-0.059,0.064
-1.77510e-01,-0.061,0.064
-1.77500e-01,-0.059,0.066
-1.77490e-01,-0.057,0.066
-1.77480e-01,-0.065,0.06
-1.77470e-01,-0.051,0.06
-1.77460e-01,-0.055,0.06
-1.77450e-01,-0.057,0.06
-1.77440e-01,-0.055,0.062
-1.77430e-01,-0.045,0.046
-1.77420e-01,-0.057,0.064
-1.77410e-01,-0.057,0.062
-1.77400e-01,-0.061,0.064
-1.77390e-01,-0.055,0.06
-1.77380e-01,-0.055,0.062
-1.77370e-01,-0.057,0.06
-1.77360e-01,-0.057,0.068
-1.77350e-01,-0.061,0.064
-1.77340e-01,-0.061,0.066
-1.77330e-01,-0.059,0.062
-1.77320e-01,-0.063,0.064
-1.77310e-01,-0.061,0.066
-1.77300e-01,-0.063,0.064
-1.77290e-01,-0.055,0.06
-1.77280e-01,-0.053,0.062
-1.77270e-01,-0.059,0.066
-1.77260e-01,-0.061,0.062
-1.77250e-01,-0.057,0.06
-1.77240e-01,-0.047,0.058
-1.77230e-01,-0.049,0.054
-1.77220e-01,-0.053,0.058
-1.77210e-01,-0.041,0.052
-1.77200e-01,-0.045,0.054
-1.77190e-01,-0.049,0.058
-1.77180e-01,-0.047,0.058
-1.77170e-01,-0.051,0.056
-1.77160e-01,-0.053,0.06
-1.77150e-01,-0.057,0.06
-1.77140e-01,-0.059,0.062
-1.77130e-01,-0.059,0.064
-1.77120e-01,-0.055,0.064
-1.77110e-01,-0.059,0.062
-1.77100e-01,-0.061,0.064
-1.77090e-01,-0.059,0.064
-1.77080e-01,-0.061,0.062
-1.77070e-01,-0.055,0.06
-1.77060e-01,-0.059,0.06
-1.77050e-01,-0.057,0.062
-1.77040e-01,-0.055,0.06
-1.77030e-01,-0.061,0.064
-1.77020e-01,-0.057,0.062
-1.77010e-01,-0.059,0.066
-1.77000e-01,-0.059,0.066
-1.76990e-01,-0.055,0.06
-1.76980e-01,-0.059,0.064
-1.76970e-01,-0.051,0.058
-1.76960e-01,-0.045,0.052
-1.76950e-01,-0.045,0.056
-1.76940e-01,-0.051,0.058
-1.76930e-01,-0.047,0.046
-1.76920e-01,-0.051,0.058
-1.76910e-01,-0.057,0.058
-1.76900e-01,-0.059,0.06
-1.76890e-01,-0.059,0.062
-1.76880e-01,-0.059,0.064
-1.76870e-01,-0.059,0.062
-1.76860e-01,-0.057,0.064
-1.76850e-01,-0.063,0.064
-1.76840e-01,-0.055,0.062
-1.76830e-01,-0.053,0.056
-1.76820e-01,-0.061,0.062
-1.76810e-01,-0.053,0.06
-1.76800e-01,-0.053,0.06
-1.76790e-01,-0.055,0.064
-1.76780e-01,-0.061,0.062
-1.76770e-01,-0.057,0.062
-1.76760e-01,-0.057,0.064
-1.76750e-01,-0.053,0.06
-1.76740e-01,-0.061,0.062
-1.76730e-01,-0.061,0.066
-1.76720e-01,-0.061,0.064
-1.76710e-01,-0.059,0.06
-1.76700e-01,-0.061,0.066
-1.76690e-01,-0.055,0.06
-1.76680e-01,-0.061,0.066
-1.76670e-01,-0.057,0.062
-1.76660e-01,-0.059,0.062
-1.76650e-01,-0.061,0.064
-1.76640e-01,-0.053,0.06
-1.76630e-01,-0.059,0.064
-1.76620e-01,-0.055,0.06
-1.76610e-01,-0.061,0.062
-1.76600e-01,-0.061,0.066
-1.76590e-01,-0.051,0.058
-1.76580e-01,-0.057,0.064
-1.76570e-01,-0.055,0.06
-1.76560e-01,-0.057,0.06
-1.76550e-01,-0.057,0.062
-1.76540e-01,-0.061,0.062
-1.76530e-01,-0.053,0.06
-1.76520e-01,-0.059,0.062
-1.76510e-01,-0.057,0.06
-1.76500e-01,-0.057,0.058
-1.76490e-01,-0.055,0.064
-1.76480e-01,-0.061,0.064
-1.76470e-01,-0.057,0.064
-1.76460e-01,-0.057,0.062
-1.76450e-01,-0.057,0.06
-1.76440e-01,-0.061,0.064
-1.76430e-01,-0.061,0.062
-1.76420e-01,-0.057,0.064
-1.76410e-01,-0.055,0.062
-1.76400e-01,-0.059,0.064
-1.76390e-01,-0.057,0.06
-1.76380e-01,-0.055,0.06
-1.76370e-01,-0.063,0.07
-1.76360e-01,-0.057,0.066
-1.76350e-01,-0.061,0.066
-1.76340e-01,-0.061,0.066
-1.76330e-01,-0.057,0.06
-1.76320e-01,-0.057,0.062
-1.76310e-01,-0.055,0.06
-1.76300e-01,-0.061,0.064
-1.76290e-01,-0.057,0.062
-1.76280e-01,-0.057,0.06
-1.76270e-01,-0.057,0.06
-1.76260e-01,-0.059,0.064
-1.76250e-01,-0.059,0.064
-1.76240e-01,-0.059,0.064
-1.76230e-01,-0.059,0.06
-1.76220e-01,-0.063,0.06
-1.76210e-01,-0.059,0.066
-1.76200e-01,-0.057,0.062
-1.76190e-01,-0.057,0.06
-1.76180e-01,-0.059,0.056
-1.76170e-01,-0.061,0.064
-1.76160e-01,-0.059,0.064
-1.76150e-01,-0.061,0.064
-1.76140e-01,-0.059,0.06
-1.76130e-01,-0.061,0.06
-1.76120e-01,-0.061,0.062
-1.76110e-01,-0.059,0.062
-1.76100e-01,-0.059,0.06
-1.76090e-01,-0.055,0.06
-1.76080e-01,-0.057,0.062
-1.76070e-01,-0.059,0.064
-1.76060e-01,-0.055,0.064
-1.76050e-01,-0.063,0.064
-1.76040e-01,-0.059,0.066
-1.76030e-01,-0.059,0.064
-1.76020e-01,-0.059,0.064
-1.76010e-01,-0.057,0.062
-1.76000e-01,-0.057,0.06
-1.75990e-01,-0.059,0.068
-1.75980e-01,-0.047,0.058
-1.75970e-01,-0.059,0.064
-1.75960e-01,-0.063,0.066
-1.75950e-01,-0.061,0.062
-1.75940e-01,-0.047,0.054
-1.75930e-01,-0.051,0.056
-1.75920e-01,-0.057,0.06
-1.75910e-01,-0.061,0.062
-1.75900e-01,-0.057,0.064
-1.75890e-01,-0.061,0.062
-1.75880e-01,-0.063,0.062
-1.75870e-01,-0.061,0.064
-1.75860e-01,-0.053,0.056
-1.75850e-01,-0.059,0.06
-1.75840e-01,-0.057,0.062
-1.75830e-01,-0.059,0.064
-1.75820e-01,-0.057,0.062
-1.75810e-01,-0.061,0.06
-1.75800e-01,-0.061,0.06
-1.75790e-01,-0.059,0.064
-1.75780e-01,-0.053,0.058
-1.75770e-01,-0.059,0.06
-1.75760e-01,-0.059,0.064
-1.75750e-01,-0.055,0.06
-1.75740e-01,-0.059,0.06
-1.75730e-01,-0.057,0.066
-1.75720e-01,-0.057,0.062
-1.75710e-01,-0.057,0.06
-1.75700e-01,-0.055,0.06
-1.75690e-01,-0.049,0.056
-1.75680e-01,-0.051,0.05
-1.75670e-01,-0.053,0.058
-1.75660e-01,-0.057,0.064
-1.75650e-01,-0.057,0.062
-1.75640e-01,-0.059,0.064
-1.75630e-01,-0.055,0.058
-1.75620e-01,-0.057,0.064
-1.75610e-01,-0.063,0.064
-1.75600e-01,-0.061,0.062
-1.75590e-01,-0.059,0.06
-1.75580e-01,-0.057,0.06
-1.75570e-01,-0.059,0.064
-1.75560e-01,-0.057,0.06
-1.75550e-01,-0.061,0.066
-1.75540e-01,-0.055,0.06
-1.75530e-01,-0.059,0.064
-1.75520e-01,-0.055,0.058
-1.75510e-01,-0.053,0.06
-1.75500e-01,-0.061,0.064
-1.75490e-01,-0.059,0.064
-1.75480e-01,-0.059,0.064
-1.75470e-01,-0.055,0.058
-1.75460e-01,-0.059,0.06
-1.75450e-01,-0.059,0.064
-1.75440e-01,-0.059,0.062
-1.75430e-01,-0.057,0.066
-1.75420e-01,-0.063,0.064
-1.75410e-01,-0.055,0.062
-1.75400e-01,-0.057,0.058
-1.75390e-01,-0.059,0.066
-1.75380e-01,-0.059,0.06
-1.75370e-01,-0.055,0.06
-1.75360e-01,-0.055,0.062
-1.75350e-01,-0.057,0.064
-1.75340e-01,-0.057,0.062
-1.75330e-01,-0.053,0.06
-1.75320e-01,-0.057,0.062
-1.75310e-01,-0.061,0.064
-1.75300e-01,-0.061,0.064
-1.75290e-01,-0.057,0.064
-1.75280e-01,-0.061,0.064
-1.75270e-01,-0.055,0.06
-1.75260e-01,-0.063,0.064
-1.75250e-01,-0.053,0.058
-1.75240e-01,-0.061,0.062
-1.75230e-01,-0.059,0.066
-1.75220e-01,-0.061,0.064
-1.75210e-01,-0.063,0.068
-1.75200e-01,-0.061,0.062
-1.75190e-01,-0.061,0.064
-1.75180e-01,-0.059,0.064
-1.75170e-01,-0.059,0.064
-1.75160e-01,-0.061,0.064
-1.75150e-01,-0.057,0.06
-1.75140e-01,-0.061,0.064
-1.75130e-01,-0.063,0.064
-1.75120e-01,-0.055,0.06
-1.75110e-01,-0.057,0.062
-1.75100e-01,-0.055,0.062
-1.75090e-01,-0.055,0.062
-1.75080e-01,-0.057,0.062
-1.75070e-01,-0.063,0.062
-1.75060e-01,-0.061,0.064
-1.75050e-01,-0.059,0.064
-1.75040e-01,-0.061,0.062
-1.75030e-01,-0.059,0.064
-1.75020e-01,-0.061,0.064
-1.75010e-01,-0.063,0.062
-1.75000e-01,-0.059,0.066
-1.74990e-01,-0.057,0.06
-1.74980e-01,-0.057,0.064
-1.74970e-01,-0.061,0.066
-1.74960e-01,-0.057,0.064
-1.74950e-01,-0.061,0.064
-1.74940e-01,-0.055,0.06
-1.74930e-01,-0.055,0.06
-1.74920e-01,-0.063,0.064
-1.74910e-01,-0.057,0.064
-1.74900e-01,-0.059,0.066
-1.74890e-01,-0.057,0.064
-1.74880e-01,-0.059,0.064
-1.74870e-01,-0.057,0.06
-1.74860e-01,-0.055,0.064
-1.74850e-01,-0.051,0.056
-1.74840e-01,-0.061,0.066
-1.74830e-01,-0.057,0.064
-1.74820e-01,-0.059,0.064
-1.74810e-01,-0.061,0.062
-1.74800e-01,-0.063,0.064
-1.74790e-01,-0.059,0.064
-1.74780e-01,-0.053,0.054
-1.74770e-01,-0.057,0.064
-1.74760e-01,-0.063,0.064
-1.74750e-01,-0.059,0.066
-1.74740e-01,-0.061,0.064
-1.74730e-01,-0.059,0.064
-1.74720e-01,-0.051,0.056
-1.74710e-01,-0.057,0.062
-1.74700e-01,-0.059,0.064
-1.74690e-01,-0.057,0.06
-1.74680e-01,-0.055,0.064
-1.74670e-01,-0.055,0.06
-1.74660e-01,-0.059,0.066
-1.74650e-01,-0.053,0.06
-1.74640e-01,-0.061,0.062
-1.74630e-01,-0.059,0.06
-1.74620e-01,-0.057,0.064
-1.74610e-01,-0.055,0.06
-1.74600e-01,-0.059,0.064
-1.74590e-01,-0.061,0.064
-1.74580e-01,-0.051,0.058
-1.74570e-01,-0.057,0.06
-1.74560e-01,-0.059,0.064
-1.74550e-01,-0.053,0.058
-1.74540e-01,-0.059,0.06
-1.74530e-01,-0.059,0.064
-1.74520e-01,-0.053,0.062
-1.74510e-01,-0.055,0.062
-1.74500e-01,-0.057,0.062
-1.74490e-01,-0.059,0.064
-1.74480e-01,-0.055,0.056
-1.74470e-01,-0.063,0.064
-1.74460e-01,-0.051,0.06
-1.74450e-01,-0.061,0.064
-1.74440e-01,-0.055,0.06
-1.74430e-01,-0.053,0.06
-1.74420e-01,-0.059,0.062
-1.74410e-01,-0.057,0.06
-1.74400e-01,-0.059,0.064
-1.74390e-01,-0.061,0.06
-1.74380e-01,-0.055,0.06
-1.74370e-01,-0.059,0.06
-1.74360e-01,-0.051,0.054
-1.74350e-01,-0.057,0.064
-1.74340e-01,-0.043,0.048
-1.74330e-01,-0.061,0.064
-1.74320e-01,-0.059,0.066
-1.74310e-01,-0.055,0.06
-1.74300e-01,-0.061,0.064
-1.74290e-01,-0.057,0.064
-1.74280e-01,-0.057,0.064
-1.74270e-01,-0.059,0.066
-1.74260e-01,-0.063,0.062
-1.74250e-01,-0.057,0.062
-1.74240e-01,-0.061,0.064
-1.74230e-01,-0.059,0.062
-1.74220e-01,-0.057,0.066
-1.74210e-01,-0.057,0.06
-1.74200e-01,-0.057,0.06
-1.74190e-01,-0.057,0.06
-1.74180e-01,-0.059,0.064
-1.74170e-01,-0.057,0.064
-1.74160e-01,-0.059,0.064
-1.74150e-01,-0.061,0.066
-1.74140e-01,-0.059,0.064
-1.74130e-01,-0.063,0.062
-1.74120e-01,-0.061,0.062
-1.74110e-01,-0.059,0.064
-1.74100e-01,-0.059,0.062
-1.74090e-01,-0.055,0.06
-1.74080e-01,-0.059,0.062
-1.74070e-01,-0.057,0.06
-1.74060e-01,-0.061,0.06
-1.74050e-01,-0.057,0.068
-1.74040e-01,-0.059,0.062
-1.74030e-01,-0.059,0.064
-1.74020e-01,-0.063,0.064
-1.74010e-01,-0.061,0.064
-1.74000e-01,-0.049,0.052
-1.73990e-01,-0.057,0.062
-1.73980e-01,-0.061,0.064
-1.73970e-01,-0.057,0.06
-1.73960e-01,-0.055,0.062
-1.73950e-01,-0.055,0.062
-1.73940e-01,-0.051,0.058
-1.73930e-01,-0.059,0.064
-1.73920e-01,-0.057,0.064
-1.73910e-01,-0.059,0.064
-1.73900e-01,-0.059,0.064
-1.73890e-01,-0.057,0.06
-1.73880e-01,-0.055,0.062
-1.73870e-01,-0.059,0.064
-1.73860e-01,-0.061,0.064
-1.73850e-01,-0.059,0.066
-1.73840e-01,-0.059,0.06
-1.73830e-01,-0.055,0.06
-1.73820e-01,-0.061,0.062
-1.73810e-01,-0.059,0.062
-1.73800e-01,-0.061,0.062
-1.73790e-01,-0.061,0.06
-1.73780e-01,-0.063,0.068
-1.73770e-01,-0.061,0.064
-1.73760e-01,-0.061,0.062
-1.73750e-01,-0.059,0.066
-1.73740e-01,-0.061,0.06
-1.73730e-01,-0.059,0.066
-1.73720e-01,-0.055,0.068
-1.73710e-01,-0.059,0.06
-1.73700e-01,-0.061,0.062
-1.73690e-01,-0.061,0.064
-1.73680e-01,-0.045,0.052
-1.73670e-01,-0.047,0.052
-1.73660e-01,-0.049,0.056
-1.73650e-01,-0.049,0.06
-1.73640e-01,-0.055,0.06
-1.73630e-01,-0.057,0.064
-1.73620e-01,-0.057,0.062
-1.73610e-01,-0.063,0.06
-1.73600e-01,-0.055,0.06
-1.73590e-01,-0.059,0.064
-1.73580e-01,-0.061,0.062
-1.73570e-01,-0.051,0.06
-1.73560e-01,-0.059,0.066
-1.73550e-01,-0.063,0.062
-1.73540e-01,-0.057,0.062
-1.73530e-01,-0.059,0.062
-1.73520e-01,-0.055,0.056
-1.73510e-01,-0.059,0.064
-1.73500e-01,-0.055,0.056
-1.73490e-01,-0.059,0.066
-1.73480e-01,-0.053,0.058
-1.73470e-01,-0.059,0.064
-1.73460e-01,-0.059,0.062
-1.73450e-01,-0.063,0.062
-1.73440e-01,-0.055,0.06
-1.73430e-01,-0.059,0.064
-1.73420e-01,-0.059,0.064
-1.73410e-01,-0.059,0.064
-1.73400e-01,-0.061,0.06
-1.73390e-01,-0.059,0.064
-1.73380e-01,-0.061,0.062
-1.73370e-01,-0.049,0.056
-1.73360e-01,-0.059,0.062
-1.73350e-01,-0.063,0.06
-1.73340e-01,-0.061,0.064
-1.73330e-01,-0.059,0.062
-1.73320e-01,-0.061,0.06
-1.73310e-01,-0.061,0.062
-1.73300e-01,-0.057,0.062
-1.73290e-01,-0.055,0.058
-1.73280e-01,-0.061,0.066
-1.73270e-01,-0.059,0.06
-1.73260e-01,-0.061,0.066
-1.73250e-01,-0.057,0.062
-1.73240e-01,-0.061,0.062
-1.73230e-01,-0.051,0.054
-1.73220e-01,-0.057,0.056
-1.73210e-01,-0.053,0.064
-1.73200e-01,-0.061,0.06
-1.73190e-01,-0.057,0.06
-1.73180e-01,-0.065,0.062
-1.73170e-01,-0.057,0.06
-1.73160e-01,-0.059,0.062
-1.73150e-01,-0.059,0.062
-1.73140e-01,-0.057,0.064
-1.73130e-01,-0.053,0.062
-1.73120e-01,-0.059,0.062
-1.73110e-01,-0.061,0.062
-1.73100e-01,-0.061,0.062
-1.73090e-01,-0.059,0.064
-1.73080e-01,-0.059,0.064
-1.73070e-01,-0.057,0.064
-1.73060e-01,-0.057,0.064
-1.73050e-01,-0.047,0.054
-1.73040e-01,-0.055,0.064
-1.73030e-01,-0.061,0.068
-1.73020e-01,-0.059,0.064
-1.73010e-01,-0.063,0.064
-1.73000e-01,-0.059,0.062
-1.72990e-01,-0.055,0.06
-1.72980e-01,-0.055,0.062
-1.72970e-01,-0.057,0.062
-1.72960e-01,-0.059,0.062
-1.72950e-01,-0.059,0.062
-1.72940e-01,-0.061,0.064
-1.72930e-01,-0.057,0.066
-1.72920e-01,-0.057,0.062
-1.72910e-01,-0.057,0.06
-1.72900e-01,-0.055,0.06
-1.72890e-01,-0.055,0.06
-1.72880e-01,-0.061,0.064
-1.72870e-01,-0.059,0.062
-1.72860e-01,-0.057,0.062
-1.72850e-01,-0.059,0.064
-1.72840e-01,-0.059,0.062
-1.72830e-01,-0.059,0.064
-1.72820e-01,-0.059,0.062
-1.72810e-01,-0.057,0.062
-1.72800e-01,-0.059,0.062
-1.72790e-01,-0.065,0.062
-1.72780e-01,-0.063,0.066
-1.72770e-01,-0.059,0.066
-1.72760e-01,-0.055,0.062
-1.72750e-01,-0.057,0.064
-1.72740e-01,-0.057,0.062
-1.72730e-01,-0.049,0.06
-1.72720e-01,-0.059,0.06
-1.72710e-01,-0.055,0.058
-1.72700e-01,-0.061,0.066
-1.72690e-01,-0.059,0.064
-1.72680e-01,-0.061,0.062
-1.72670e-01,-0.057,0.06
-1.72660e-01,-0.057,0.062
-1.72650e-01,-0.061,0.062
-1.72640e-01,-0.057,0.064
-1.72630e-01,-0.061,0.064
-1.72620e-01,-0.057,0.062
-1.72610e-01,-0.059,0.06
-1.72600e-01,-0.061,0.066
-1.72590e-01,-0.057,0.06
-1.72580e-01,-0.061,0.066
-1.72570e-01,-0.059,0.06
-1.72560e-01,-0.059,0.06
-1.72550e-01,-0.059,0.062
-1.72540e-01,-0.061,0.064
-1.72530e-01,-0.057,0.058
-1.72520e-01,-0.055,0.064
-1.72510e-01,-0.059,0.066
-1.72500e-01,-0.057,0.06
-1.72490e-01,-0.055,0.06
-1.72480e-01,-0.059,0.064
-1.72470e-01,-0.055,0.058
-1.72460e-01,-0.061,0.066
-1.72450e-01,-0.057,0.064
-1.72440e-01,-0.059,0.06
-1.72430e-01,-0.061,0.064
-1.72420e-01,-0.059,0.064
-1.72410e-01,-0.061,0.062
-1.72400e-01,-0.057,0.064
-1.72390e-01,-0.047,0.058
-1.72380e-01,-0.059,0.064
-1.72370e-01,-0.061,0.064
-1.72360e-01,-0.059,0.064
-1.72350e-01,-0.059,0.062
-1.72340e-01,-0.057,0.064
-1.72330e-01,-0.055,0.058
-1.72320e-01,-0.059,0.062
-1.72310e-01,-0.053,0.06
-1.72300e-01,-0.055,0.064
-1.72290e-01,-0.057,0.06
-1.72280e-01,-0.059,0.062
-1.72270e-01,-0.059,0.064
-1.72260e-01,-0.057,0.06
-1.72250e-01,-0.061,0.062
-1.72240e-01,-0.059,0.06
-1.72230e-01,-0.061,0.062
-1.72220e-01,-0.059,0.062
-1.72210e-01,-0.059,0.066
-1.72200e-01,-0.063,0.062
-1.72190e-01,-0.057,0.058
-1.72180e-01,-0.061,0.066
-1.72170e-01,-0.053,0.056
-1.72160e-01,-0.059,0.066
-1.72150e-01,-0.057,0.064
-1.72140e-01,-0.059,0.062
-1.72130e-01,-0.053,0.054
-1.72120e-01,-0.053,0.06
-1.72110e-01,-0.049,0.056
-1.72100e-01,-0.057,0.064
-1.72090e-01,-0.055,0.058
-1.72080e-01,-0.059,0.07
-1.72070e-01,-0.055,0.06
-1.72060e-01,-0.061,0.064
-1.72050e-01,-0.047,0.05
-1.72040e-01,-0.057,0.06
-1.72030e-01,-0.055,0.062
-1.72020e-01,-0.061,0.064
-1.72010e-01,-0.059,0.062
-1.72000e-01,-0.061,0.064
-1.71990e-01,-0.059,0.066
-1.71980e-01,-0.061,0.066
-1.71970e-01,-0.061,0.066
-1.71960e-01,-0.061,0.062
-1.71950e-01,-0.057,0.062
-1.71940e-01,-0.055,0.064
-1.71930e-01,-0.061,0.068
-1.71920e-01,-0.057,0.06
-1.71910e-01,-0.051,0.058
-1.71900e-01,-0.059,0.064
-1.71890e-01,-0.051,0.05
-1.71880e-01,-0.057,0.064
-1.71870e-01,-0.059,0.062
-1.71860e-01,-0.061,0.064
-1.71850e-01,-0.059,0.062
-1.71840e-01,-0.061,0.066
-1.71830e-01,-0.061,0.064
-1.71820e-01,-0.059,0.062
-1.71810e-01,-0.061,0.062
-1.71800e-01,-0.057,0.06
-1.71790e-01,-0.061,0.062
-1.71780e-01,-0.059,0.06
-1.71770e-01,-0.047,0.056
-1.71760e-01,-0.061,0.064
-1.71750e-01,-0.057,0.062
-1.71740e-01,-0.059,0.066
-1.71730e-01,-0.059,0.062
-1.71720e-01,-0.053,0.056
-1.71710e-01,-0.059,0.06
-1.71700e-01,-0.059,0.06
-1.71690e-01,-0.063,0.062
-1.71680e-01,-0.061,0.068
-1.71670e-01,-0.055,0.06
-1.71660e-01,-0.055,0.064
-1.71650e-01,-0.061,0.064
-1.71640e-01,-0.061,0.066
-1.71630e-01,-0.061,0.06
-1.71620e-01,-0.061,0.064
-1.71610e-01,-0.055,0.06
-1.71600e-01,-0.063,0.064
-1.71590e-01,-0.061,0.062
-1.71580e-01,-0.061,0.064
-1.71570e-01,-0.061,0.062
-1.71560e-01,-0.055,0.06
-1.71550e-01,-0.059,0.064
-1.71540e-01,-0.057,0.06
-1.71530e-01,-0.057,0.06
-1.71520e-01,-0.059,0.066
-1.71510e-01,-0.053,0.06
-1.71500e-01,-0.057,0.066
-1.71490e-01,-0.059,0.064
-1.71480e-01,-0.061,0.064
-1.71470e-01,-0.059,0.064
-1.71460e-01,-0.059,0.066
-1.71450e-01,-0.055,0.064
-1.71440e-01,-0.057,0.062
-1.71430e-01,-0.059,0.064
-1.71420e-01,-0.061,0.064
-1.71410e-01,-0.061,0.064
-1.71400e-01,-0.055,0.064
-1.71390e-01,-0.059,0.064
-1.71380e-01,-0.059,0.064
-1.71370e-01,-0.057,0.06
-1.71360e-01,-0.055,0.064
-1.71350e-01,-0.049,0.054
-1.71340e-01,-0.061,0.064
-1.71330e-01,-0.055,0.062
-1.71320e-01,-0.061,0.064
-1.71310e-01,-0.059,0.062
-1.71300e-01,-0.057,0.062
-1.71290e-01,-0.059,0.06
-1.71280e-01,-0.059,0.06
-1.71270e-01,-0.063,0.064
-1.71260e-01,-0.059,0.064
-1.71250e-01,-0.061,0.062
-1.71240e-01,-0.061,0.066
-1.71230e-01,-0.057,0.062
-1.71220e-01,-0.059,0.064
-1.71210e-01,-0.055,0.06
-1.71200e-01,-0.063,0.064
-1.71190e-01,-0.057,0.06
-1.71180e-01,-0.063,0.064
-1.71170e-01,-0.061,0.062
-1.71160e-01,-0.057,0.066
-1.71150e-01,-0.059,0.064
-1.71140e-01,-0.059,0.064
-1.71130e-01,-0.059,0.064
-1.71120e-01,-0.059,0.064
-1.71110e-01,-0.057,0.06
-1.71100e-01,-0.055,0.06
-1.71090e-01,-0.061,0.06
-1.71080e-01,-0.059,0.062
-1.71070e-01,-0.063,0.062
-1.71060e-01,-0.061,0.064
-1.71050e-01,-0.061,0.062
-1.71040e-01,-0.057,0.062
-1.71030e-01,-0.057,0.064
-1.71020e-01,-0.061,0.066
-1.71010e-01,-0.063,0.064
-1.71000e-01,-0.063,0.066
-1.70990e-01,-0.061,0.064
-1.70980e-01,-0.059,0.062
-1.70970e-01,-0.059,0.06
-1.70960e-01,-0.061,0.064
-1.70950e-01,-0.061,0.066
-1.70940e-01,-0.057,0.06
-1.70930e-01,-0.063,0.062
-1.70920e-01,-0.061,0.062
-1.70910e-01,-0.059,0.062
-1.70900e-01,-0.057,0.064
-1.70890e-01,-0.055,0.06
-1.70880e-01,-0.061,0.064
-1.70870e-01,-0.055,0.062
-1.70860e-01,-0.057,0.062
-1.70850e-01,-0.059,0.066
-1.70840e-01,-0.061,0.066
-1.70830e-01,-0.057,0.062
-1.70820e-01,-0.043,0.054
-1.70810e-01,-0.057,0.064
-1.70800e-01,-0.057,0.064
-1.70790e-01,-0.061,0.062
-1.70780e-01,-0.059,0.064
-1.70770e-01,-0.051,0.06
-1.70760e-01,-0.061,0.056
-1.70750e-01,-0.057,0.064
-1.70740e-01,-0.063,0.064
-1.70730e-01,-0.059,0.064
-1.70720e-01,-0.055,0.06
-1.70710e-01,-0.061,0.062
-1.70700e-01,-0.059,0.064
-1.70690e-01,-0.057,0.062
-1.70680e-01,-0.061,0.062
-1.70670e-01,-0.059,0.066
-1.70660e-01,-0.055,0.062
-1.70650e-01,-0.061,0.066
-1.70640e-01,-0.061,0.06
-1.70630e-01,-0.061,0.064
-1.70620e-01,-0.059,0.064
-1.70610e-01,-0.057,0.062
-1.70600e-01,-0.055,0.062
-1.70590e-01,-0.053,0.06
-1.70580e-01,-0.059,0.064
-1.70570e-01,-0.059,0.062
-1.70560e-01,-0.057,0.064
-1.70550e-01,-0.059,0.064
-1.70540e-01,-0.059,0.064
-1.70530e-01,-0.059,0.06
-1.70520e-01,-0.059,0.062
-1.70510e-01,-0.055,0.06
-1.70500e-01,-0.059,0.064
-1.70490e-01,-0.041,0.048
-1.70480e-01,-0.059,0.064
-1.70470e-01,-0.065,0.066
-1.70460e-01,-0.055,0.06
-1.70450e-01,-0.057,0.064
-1.70440e-01,-0.059,0.064
-1.70430e-01,-0.061,0.064
-1.70420e-01,-0.059,0.062
-1.70410e-01,-0.065,0.066
-1.70400e-01,-0.059,0.064
-1.70390e-01,-0.059,0.06
-1.70380e-01,-0.059,0.062
-1.70370e-01,-0.057,0.06
-1.70360e-01,-0.055,0.058
-1.70350e-01,-0.059,0.064
-1.70340e-01,-0.059,0.066
-1.70330e-01,-0.053,0.06
-1.70320e-01,-0.063,0.062
-1.70310e-01,-0.061,0.062
-1.70300e-01,-0.057,0.064
-1.70290e-01,-0.055,0.06
-1.70280e-01,-0.059,0.064
-1.70270e-01,-0.053,0.06
-1.70260e-01,-0.055,0.06
-1.70250e-01,-0.057,0.062
-1.70240e-01,-0.057,0.06
-1.70230e-01,-0.059,0.066
-1.70220e-01,-0.051,0.058
-1.70210e-01,-0.057,0.064
-1.70200e-01,-0.051,0.058
-1.70190e-01,-0.063,0.062
-1.70180e-01,-0.055,0.06
-1.70170e-01,-0.059,0.064
-1.70160e-01,-0.059,0.064
-1.70150e-01,-0.055,0.06
-1.70140e-01,-0.057,0.062
-1.70130e-01,-0.051,0.06
-1.70120e-01,-0.059,0.062
-1.70110e-01,-0.055,0.062
-1.70100e-01,-0.055,0.062
-1.70090e-01,-0.053,0.058
-1.70080e-01,-0.059,0.06
-1.70070e-01,-0.061,0.064
-1.70060e-01,-0.061,0.064
-1.70050e-01,-0.061,0.06
-1.70040e-01,-0.059,0.062
-1.70030e-01,-0.057,0.06
-1.70020e-01,-0.061,0.064
-1.70010e-01,-0.059,0.06
-1.70000e-01,-0.057,0.062
-1.69990e-01,-0.055,0.06
-1.69980e-01,-0.055,0.064
-1.69970e-01,-0.057,0.062
-1.69960e-01,-0.061,0.062
-1.69950e-01,-0.059,0.068
-1.69940e-01,-0.061,0.062
-1.69930e-01,-0.059,0.06
-1.69920e-01,-0.057,0.064
-1.69910e-01,-0.057,0.062
-1.69900e-01,-0.061,0.062
-1.69890e-01,-0.059,0.064
-1.69880e-01,-0.061,0.06
-1.69870e-01,-0.051,0.058
-1.69860e-01,-0.051,0.056
-1.69850e-01,-0.059,0.064
-1.69840e-01,-0.059,0.064
-1.69830e-01,-0.057,0.06
-1.69820e-01,-0.059,0.062
-1.69810e-01,-0.059,0.064
-1.69800e-01,-0.057,0.06
-1.69790e-01,-0.059,0.064
-1.69780e-01,-0.057,0.062
-1.69770e-01,-0.059,0.066
-1.69760e-01,-0.055,0.06
-1.69750e-01,-0.059,0.06
-1.69740e-01,-0.055,0.056
-1.69730e-01,-0.059,0.062
-1.69720e-01,-0.059,0.062
-1.69710e-01,-0.061,0.066
-1.69700e-01,-0.059,0.064
-1.69690e-01,-0.051,0.06
-1.69680e-01,-0.059,0.064
-1.69670e-01,-0.059,0.062
-1.69660e-01,-0.061,0.062
-1.69650e-01,-0.055,0.06
-1.69640e-01,-0.059,0.066
-1.69630e-01,-0.057,0.064
-1.69620e-01,-0.063,0.062
-1.69610e-01,-0.059,0.062
-1.69600e-01,-0.055,0.06
-1.69590e-01,-0.061,0.064
-1.69580e-01,-0.059,0.06
-1.69570e-01,-0.059,0.064
-1.69560e-01,-0.059,0.064
-1.69550e-01,-0.059,0.064
-1.69540e-01,-0.049,0.054
-1.69530e-01,-0.055,0.06
-1.69520e-01,-0.065,0.062
-1.69510e-01,-0.059,0.06
-1.69500e-01,-0.055,0.062
-1.69490e-01,-0.063,0.062
-1.69480e-01,-0.059,0.064
-1.69470e-01,-0.061,0.062
-1.69460e-01,-0.059,0.06
-1.69450e-01,-0.063,0.066
-1.69440e-01,-0.059,0.062
-1.69430e-01,-0.063,0.062
-1.69420e-01,-0.059,0.064
-1.69410e-01,-0.059,0.064
-1.69400e-01,-0.059,0.066
-1.69390e-01,-0.059,0.06
-1.69380e-01,-0.055,0.062
-1.69370e-01,-0.057,0.064
-1.69360e-01,-0.059,0.064
-1.69350e-01,-0.059,0.064
-1.69340e-01,-0.063,0.064
-1.69330e-01,-0.057,0.064
-1.69320e-01,-0.059,0.064
-1.69310e-01,-0.059,0.062
-1.69300e-01,-0.057,0.06
-1.69290e-01,-0.059,0.062
-1.69280e-01,-0.061,0.06
-1.69270e-01,-0.059,0.062
-1.69260e-01,-0.061,0.06
-1.69250e-01,-0.059,0.062
-1.69240e-01,-0.059,0.066
-1.69230e-01,-0.059,0.064
-1.69220e-01,-0.059,0.062
-1.69210e-01,-0.061,0.062
-1.69200e-01,-0.057,0.066
-1.69190e-01,-0.063,0.062
-1.69180e-01,-0.057,0.064
-1.69170e-01,-0.061,0.062
-1.69160e-01,-0.059,0.066
-1.69150e-01,-0.059,0.066
-1.69140e-01,-0.059,0.06
-1.69130e-01,-0.061,0.068
-1.69120e-01,-0.063,0.064
-1.69110e-01,-0.059,0.064
-1.69100e-01,-0.057,0.06
-1.69090e-01,-0.055,0.056
-1.69080e-01,-0.059,0.062
-1.69070e-01,-0.057,0.06
-1.69060e-01,-0.059,0.066
-1.69050e-01,-0.055,0.064
-1.69040e-01,-0.057,0.064
-1.69030e-01,-0.057,0.064
-1.69020e-01,-0.059,0.064
-1.69010e-01,-0.059,0.068
-1.69000e-01,-0.059,0.066
-1.68990e-01,-0.055,0.058
-1.68980e-01,-0.057,0.062
-1.68970e-01,-0.059,0.064
-1.68960e-01,-0.059,0.064
-1.68950e-01,-0.059,0.064
-1.68940e-01,-0.055,0.06
-1.68930e-01,-0.055,0.06
-1.68920e-01,-0.055,0.06
-1.68910e-01,-0.053,0.06
-1.68900e-01,-0.055,0.06
-1.68890e-01,-0.057,0.06
-1.68880e-01,-0.059,0.062
-1.68870e-01,-0.061,0.064
-1.68860e-01,-0.061,0.062
-1.68850e-01,-0.061,0.064
-1.68840e-01,-0.061,0.062
-1.68830e-01,-0.059,0.064
-1.68820e-01,-0.059,0.062
-1.68810e-01,-0.055,0.062
-1.68800e-01,-0.061,0.062
-1.68790e-01,-0.061,0.06
-1.68780e-01,-0.059,0.062
-1.68770e-01,-0.057,0.066
-1.68760e-01,-0.055,0.06
-1.68750e-01,-0.055,0.06
-1.68740e-01,-0.061,0.064
-1.68730e-01,-0.053,0.06
-1.68720e-01,-0.057,0.058
-1.68710e-01,-0.047,0.048
-1.68700e-01,-0.055,0.062
-1.68690e-01,-0.061,0.062
-1.68680e-01,-0.061,0.064
-1.68670e-01,-0.055,0.062
-1.68660e-01,-0.065,0.064
-1.68650e-01,-0.059,0.06
-1.68640e-01,-0.057,0.06
-1.68630e-01,-0.053,0.054
-1.68620e-01,-0.055,0.058
-1.68610e-01,-0.059,0.062
-1.68600e-01,-0.057,0.066
-1.68590e-01,-0.059,0.062
-1.68580e-01,-0.059,0.064
-1.68570e-01,-0.059,0.064
-1.68560e-01,-0.063,0.064
-1.68550e-01,-0.059,0.062
-1.68540e-01,-0.059,0.06
-1.68530e-01,-0.059,0.06
-1.68520e-01,-0.063,0.062
-1.68510e-01,-0.057,0.06
-1.68500e-01,-0.059,0.064
-1.68490e-01,-0.061,0.066
-1.68480e-01,-0.059,0.062
-1.68470e-01,-0.061,0.062
-1.68460e-01,-0.051,0.056
-1.68450e-01,-0.059,0.066
-1.68440e-01,-0.051,0.058
-1.68430e-01,-0.059,0.062
-1.68420e-01,-0.045,0.05
-1.68410e-01,-0.059,0.062
-1.68400e-01,-0.061,0.062
-1.68390e-01,-0.055,0.06
-1.68380e-01,-0.057,0.064
-1.68370e-01,-0.057,0.06
-1.68360e-01,-0.055,0.064
-1.68350e-01,-0.057,0.062
-1.68340e-01,-0.055,0.058
-1.68330e-01,-0.059,0.062
-1.68320e-01,-0.059,0.06
-1.68310e-01,-0.063,0.068
-1.68300e-01,-0.059,0.062
-1.68290e-01,-0.057,0.064
-1.68280e-01,-0.059,0.064
-1.68270e-01,-0.061,0.064
-1.68260e-01,-0.057,0.06
-1.68250e-01,-0.059,0.064
-1.68240e-01,-0.063,0.064
-1.68230e-01,-0.059,0.066
-1.68220e-01,-0.053,0.058
-1.68210e-01,-0.061,0.064
-1.68200e-01,-0.055,0.06
-1.68190e-01,-0.061,0.062
-1.68180e-01,-0.059,0.064
-1.68170e-01,-0.061,0.062
-1.68160e-01,-0.059,0.062
-1.68150e-01,-0.047,0.052
-1.68140e-01,-0.053,0.06
-1.68130e-01,-0.055,0.06
-1.68120e-01,-0.061,0.064
-1.68110e-01,-0.061,0.064
-1.68100e-01,-0.061,0.064
-1.68090e-01,-0.057,0.066
-1.68080e-01,-0.061,0.064
-1.68070e-01,-0.057,0.062
-1.68060e-01,-0.061,0.066
-1.68050e-01,-0.061,0.062
-1.68040e-01,-0.059,0.064
-1.68030e-01,-0.061,0.064
-1.68020e-01,-0.055,0.06
-1.68010e-01,-0.053,0.058
-1.68000e-01,-0.061,0.064
-1.67990e-01,-0.053,0.054
-1.67980e-01,-0.059,0.066
-1.67970e-01,-0.061,0.064
-1.67960e-01,-0.061,0.062
-1.67950e-01,-0.059,0.062
-1.67940e-01,-0.055,0.062
-1.67930e-01,-0.059,0.064
-1.67920e-01,-0.057,0.06
-1.67910e-01,-0.059,0.07
-1.67900e-01,-0.053,0.056
-1.67890e-01,-0.055,0.06
-1.67880e-01,-0.059,0.062
-1.67870e-01,-0.057,0.06
-1.67860e-01,-0.057,0.062
-1.67850e-01,-0.061,0.066
-1.67840e-01,-0.061,0.062
-1.67830e-01,-0.055,0.064
-1.67820e-01,-0.061,0.062
-1.67810e-01,-0.057,0.064
-1.67800e-01,-0.057,0.064
-1.67790e-01,-0.057,0.062
-1.67780e-01,-0.059,0.062
-1.67770e-01,-0.063,0.064
-1.67760e-01,-0.049,0.054
-1.67750e-01,-0.057,0.062
-1.67740e-01,-0.057,0.068
-1.67730e-01,-0.059,0.062
-1.67720e-01,-0.057,0.056
-1.67710e-01,-0.059,0.064
-1.67700e-01,-0.059,0.062
-1.67690e-01,-0.053,0.06
-1.67680e-01,-0.049,0.054
-1.67670e-01,-0.055,0.064
-1.67660e-01,-0.057,0.064
-1.67650e-01,-0.059,0.062
-1.67640e-01,-0.055,0.06
-1.67630e-01,-0.055,0.06
-1.67620e-01,-0.055,0.062
-1.67610e-01,-0.059,0.064
-1.67600e-01,-0.063,0.068
-1.67590e-01,-0.061,0.066
-1.67580e-01,-0.059,0.066
-1.67570e-01,-0.061,0.064
-1.67560e-01,-0.061,0.064
-1.67550e-01,-0.061,0.062
-1.67540e-01,-0.061,0.06
-1.67530e-01,-0.063,0.064
-1.67520e-01,-0.059,0.06
-1.67510e-01,-0.061,0.064
-1.67500e-01,-0.057,0.062
-1.67490e-01,-0.061,0.066
-1.67480e-01,-0.063,0.066
-1.67470e-01,-0.059,0.062
-1.67460e-01,-0.057,0.064
-1.67450e-01,-0.061,0.068
-1.67440e-01,-0.059,0.064
-1.67430e-01,-0.053,0.058
-1.67420e-01,-0.059,0.064
-1.67410e-01,-0.055,0.06
-1.67400e-01,-0.061,0.062
-1.67390e-01,-0.049,0.06
-1.67380e-01,-0.059,0.064
-1.67370e-01,-0.057,0.062
-1.67360e-01,-0.059,0.064
-1.67350e-01,-0.047,0.05
-1.67340e-01,-0.053,0.06
-1.67330e-01,-0.055,0.06
-1.67320e-01,-0.061,0.062
-1.67310e-01,-0.061,0.066
-1.67300e-01,-0.063,0.066
-1.67290e-01,-0.059,0.066
-1.67280e-01,-0.059,0.066
-1.67270e-01,-0.057,0.064
-1.67260e-01,-0.057,0.062
-1.67250e-01,-0.053,0.058
-1.67240e-01,-0.045,0.05
-1.67230e-01,-0.055,0.06
-1.67220e-01,-0.049,0.056
-1.67210e-01,-0.053,0.056
-1.67200e-01,-0.051,0.054
-1.67190e-01,-0.055,0.06
-1.67180e-01,-0.057,0.06
-1.67170e-01,-0.053,0.06
-1.67160e-01,-0.057,0.064
-1.67150e-01,-0.051,0.058
-1.67140e-01,-0.053,0.056
-1.67130e-01,-0.059,0.066
-1.67120e-01,-0.059,0.062
-1.67110e-01,-0.055,0.062
-1.67100e-01,-0.053,0.06
-1.67090e-01,-0.055,0.058
-1.67080e-01,-0.057,0.06
-1.67070e-01,-0.059,0.062
-1.67060e-01,-0.059,0.064
-1.67050e-01,-0.061,0.06
-1.67040e-01,-0.053,0.058
-1.67030e-01,-0.061,0.064
-1.67020e-01,-0.057,0.06
-1.67010e-01,-0.059,0.066
-1.67000e-01,-0.059,0.06
-1.66990e-01,-0.059,0.064
-1.66980e-01,-0.051,0.056
-1.66970e-01,-0.059,0.062
-1.66960e-01,-0.057,0.06
-1.66950e-01,-0.059,0.062
-1.66940e-01,-0.057,0.062
-1.66930e-01,-0.059,0.062
-1.66920e-01,-0.059,0.064
-1.66910e-01,-0.061,0.064
-1.66900e-01,-0.059,0.062
-1.66890e-01,-0.059,0.066
-1.66880e-01,-0.059,0.064
-1.66870e-01,-0.063,0.064
-1.66860e-01,-0.061,0.062
-1.66850e-01,-0.059,0.064
-1.66840e-01,-0.049,0.058
-1.66830e-01,-0.063,0.062
-1.66820e-01,-0.057,0.064
-1.66810e-01,-0.059,0.066
-1.66800e-01,-0.061,0.066
-1.66790e-01,-0.051,0.058
-1.66780e-01,-0.047,0.054
-1.66770e-01,-0.057,0.062
-1.66760e-01,-0.061,0.066
-1.66750e-01,-0.059,0.062
-1.66740e-01,-0.059,0.064
-1.66730e-01,-0.057,0.06
-1.66720e-01,-0.059,0.064
-1.66710e-01,-0.057,0.064
-1.66700e-01,-0.059,0.064
-1.66690e-01,-0.059,0.066
-1.66680e-01,-0.057,0.06
-1.66670e-01,-0.061,0.068
-1.66660e-01,-0.059,0.064
-1.66650e-01,-0.061,0.066
-1.66640e-01,-0.061,0.064
-1.66630e-01,-0.061,0.064
-1.66620e-01,-0.059,0.062
-1.66610e-01,-0.059,0.06
-1.66600e-01,-0.061,0.064
-1.66590e-01,-0.061,0.062
-1.66580e-01,-0.059,0.062
-1.66570e-01,-0.057,0.062
-1.66560e-01,-0.057,0.066
-1.66550e-01,-0.061,0.062
-1.66540e-01,-0.061,0.064
-1.66530e-01,-0.059,0.062
-1.66520e-01,-0.059,0.062
-1.66510e-01,-0.059,0.064
-1.66500e-01,-0.061,0.062
-1.66490e-01,-0.053,0.058
-1.66480e-01,-0.059,0.062
-1.66470e-01,-0.059,0.062
-1.66460e-01,-0.061,0.064
-1.66450e-01,-0.049,0.06
-1.66440e-01,-0.063,0.062
-1.66430e-01,-0.059,0.06
-1.66420e-01,-0.059,0.062
-1.66410e-01,-0.051,0.056
-1.66400e-01,-0.061,0.066
-1.66390e-01,-0.061,0.066
-1.66380e-01,-0.061,0.066
-1.66370e-01,-0.059,0.064
-1.66360e-01,-0.057,0.064
-1.66350e-01,-0.059,0.066
-1.66340e-01,-0.057,0.06
-1.66330e-01,-0.061,0.064
-1.66320e-01,-0.055,0.06
-1.66310e-01,-0.059,0.06
-1.66300e-01,-0.053,0.058
-1.66290e-01,-0.059,0.062
-1.66280e-01,-0.061,0.062
-1.66270e-01,-0.059,0.062
-1.66260e-01,-0.059,0.062
-1.66250e-01,-0.061,0.062
-1.66240e-01,-0.059,0.062
-1.66230e-01,-0.055,0.058
-1.66220e-01,-0.061,0.066
-1.66210e-01,-0.055,0.062
-1.66200e-01,-0.059,0.064
-1.66190e-01,-0.059,0.064
-1.66180e-01,-0.061,0.062
-1.66170e-01,-0.061,0.062
-1.66160e-01,-0.059,0.066
-1.66150e-01,-0.057,0.06
-1.66140e-01,-0.061,0.064
-1.66130e-01,-0.059,0.066
-1.66120e-01,-0.057,0.064
-1.66110e-01,-0.053,0.06
-1.66100e-01,-0.061,0.066
-1.66090e-01,-0.059,0.064
-1.66080e-01,-0.053,0.058
-1.66070e-01,-0.057,0.06
-1.66060e-01,-0.051,0.06
-1.66050e-01,-0.057,0.068
-1.66040e-01,-0.057,0.064
-1.66030e-01,-0.061,0.064
-1.66020e-01,-0.059,0.06
-1.66010e-01,-0.059,0.064
-1.66000e-01,-0.057,0.06
-1.65990e-01,-0.051,0.06
-1.65980e-01,-0.059,0.064
-1.65970e-01,-0.059,0.064
-1.65960e-01,-0.059,0.064
-1.65950e-01,-0.061,0.06
-1.65940e-01,-0.059,0.064
-1.65930e-01,-0.059,0.064
-1.65920e-01,-0.059,0.06
-1.65910e-01,-0.059,0.064
-1.65900e-01,-0.057,0.062
-1.65890e-01,-0.061,0.068
-1.65880e-01,-0.059,0.06
-1.65870e-01,-0.061,0.064
-1.65860e-01,-0.057,0.058
-1.65850e-01,-0.053,0.058
-1.65840e-01,-0.059,0.062
-1.65830e-01,-0.061,0.062
-1.65820e-01,-0.055,0.062
-1.65810e-01,-0.055,0.062
-1.65800e-01,-0.055,0.062
-1.65790e-01,-0.057,0.062
-1.65780e-01,-0.059,0.064
-1.65770e-01,-0.057,0.064
-1.65760e-01,-0.061,0.064
-1.65750e-01,-0.059,0.064
-1.65740e-01,-0.059,0.062
-1.65730e-01,-0.055,0.058
-1.65720e-01,-0.059,0.064
-1.65710e-01,-0.059,0.064
-1.65700e-01,-0.059,0.068
-1.65690e-01,-0.061,0.066
-1.65680e-01,-0.059,0.064
-1.65670e-01,-0.063,0.064
-1.65660e-01,-0.063,0.064
-1.65650e-01,-0.059,0.06
-1.65640e-01,-0.061,0.064
-1.65630e-01,-0.061,0.064
-1.65620e-01,-0.059,0.064
-1.65610e-01,-0.057,0.066
-1.65600e-01,-0.061,0.066
-1.65590e-01,-0.059,0.062
-1.65580e-01,-0.063,0.064
-1.65570e-01,-0.055,0.062
-1.65560e-01,-0.061,0.064
-1.65550e-01,-0.057,0.066
-1.65540e-01,-0.055,0.062
-1.65530e-01,-0.059,0.064
-1.65520e-01,-0.057,0.064
-1.65510e-01,-0.057,0.06
-1.65500e-01,-0.063,0.064
-1.65490e-01,-0.055,0.062
-1.65480e-01,-0.057,0.066
-1.65470e-01,-0.057,0.064
-1.65460e-01,-0.057,0.066
-1.65450e-01,-0.061,0.068
-1.65440e-01,-0.059,0.064
-1.65430e-01,-0.057,0.06
-1.65420e-01,-0.061,0.064
-1.65410e-01,-0.057,0.062
-1.65400e-01,-0.059,0.064
-1.65390e-01,-0.059,0.06
-1.65380e-01,-0.059,0.064
-1.65370e-01,-0.059,0.062
-1.65360e-01,-0.063,0.064
-1.65350e-01,-0.061,0.064
-1.65340e-01,-0.063,0.064
-1.65330e-01,-0.059,0.064
-1.65320e-01,-0.059,0.064
-1.65310e-01,-0.061,0.062
-1.65300e-01,-0.061,0.064
-1.65290e-01,-0.039,0.048
-1.65280e-01,-0.049,0.058
-1.65270e-01,-0.051,0.056
-1.65260e-01,-0.045,0.05
-1.65250e-01,-0.055,0.06
-1.65240e-01,-0.059,0.064
-1.65230e-01,-0.061,0.062
-1.65220e-01,-0.061,0.064
-1.65210e-01,-0.059,0.066
-1.65200e-01,-0.059,0.064
-1.65190e-01,-0.055,0.06
-1.65180e-01,-0.053,0.058
-1.65170e-01,-0.047,0.058
-1.65160e-01,-0.053,0.058
-1.65150e-01,-0.051,0.056
-1.65140e-01,-0.061,0.064
-1.65130e-01,-0.059,0.062
-1.65120e-01,-0.059,0.064
-1.65110e-01,-0.063,0.064
-1.65100e-01,-0.059,0.06
-1.65090e-01,-0.059,0.064
-1.65080e-01,-0.059,0.062
-1.65070e-01,-0.061,0.06
-1.65060e-01,-0.055,0.062
-1.65050e-01,-0.057,0.06
-1.65040e-01,-0.057,0.06
-1.65030e-01,-0.059,0.064
-1.65020e-01,-0.057,0.066
-1.65010e-01,-0.047,0.06
-1.65000e-01,-0.059,0.062
-1.64990e-01,-0.051,0.056
-1.64980e-01,-0.049,0.056
-1.64970e-01,-0.041,0.054
-1.64960e-01,-0.049,0.052
-1.64950e-01,-0.045,0.05
-1.64940e-01,-0.051,0.054
-1.64930e-01,-0.057,0.06
-1.64920e-01,-0.055,0.062
-1.64910e-01,-0.055,0.06
-1.64900e-01,-0.059,0.06
-1.64890e-01,-0.057,0.064
-1.64880e-01,-0.059,0.064
-1.64870e-01,-0.049,0.06
-1.64860e-01,-0.061,0.064
-1.64850e-01,-0.063,0.062
-1.64840e-01,-0.059,0.064
-1.64830e-01,-0.057,0.064
-1.64820e-01,-0.055,0.062
-1.64810e-01,-0.057,0.064
-1.64800e-01,-0.047,0.06
-1.64790e-01,-0.059,0.062
-1.64780e-01,-0.055,0.06
-1.64770e-01,-0.061,0.064
-1.64760e-01,-0.059,0.06
-1.64750e-01,-0.049,0.054
-1.64740e-01,-0.053,0.058
-1.64730e-01,-0.061,0.064
-1.64720e-01,-0.057,0.062
-1.64710e-01,-0.059,0.062
-1.64700e-01,-0.053,0.062
-1.64690e-01,-0.057,0.062
-1.64680e-01,-0.059,0.064
-1.64670e-01,-0.061,0.064
-1.64660e-01,-0.059,0.062
-1.64650e-01,-0.059,0.064
-1.64640e-01,-0.055,0.06
-1.64630e-01,-0.061,0.064
-1.64620e-01,-0.057,0.06
-1.64610e-01,-0.055,0.062
-1.64600e-01,-0.057,0.062
-1.64590e-01,-0.051,0.06
-1.64580e-01,-0.055,0.06
-1.64570e-01,-0.057,0.064
-1.64560e-01,-0.057,0.058
-1.64550e-01,-0.057,0.062
-1.64540e-01,-0.061,0.064
-1.64530e-01,-0.059,0.066
-1.64520e-01,-0.053,0.058
-1.64510e-01,-0.047,0.054
-1.64500e-01,-0.059,0.062
-1.64490e-01,-0.057,0.062
-1.64480e-01,-0.061,0.06
-1.64470e-01,-0.055,0.06
-1.64460e-01,-0.053,0.06
-1.64450e-01,-0.053,0.06
-1.64440e-01,-0.061,0.064
-1.64430e-01,-0.057,0.064
-1.64420e-01,-0.051,0.058
-1.64410e-01,-0.053,0.062
-1.64400e-01,-0.059,0.064
-1.64390e-01,-0.059,0.066
-1.64380e-01,-0.061,0.064
-1.64370e-01,-0.057,0.064
-1.64360e-01,-0.059,0.062
-1.64350e-01,-0.059,0.064
-1.64340e-01,-0.059,0.066
-1.64330e-01,-0.059,0.062
-1.64320e-01,-0.063,0.064
-1.64310e-01,-0.059,0.062
-1.64300e-01,-0.063,0.066
-1.64290e-01,-0.063,0.062
-1.64280e-01,-0.057,0.064
-1.64270e-01,-0.059,0.064
-1.64260e-01,-0.057,0.062
-1.64250e-01,-0.063,0.064
-1.64240e-01,-0.059,0.064
-1.64230e-01,-0.063,0.062
-1.64220e-01,-0.057,0.062
-1.64210e-01,-0.059,0.06
-1.64200e-01,-0.057,0.064
-1.64190e-01,-0.053,0.058
-1.64180e-01,-0.059,0.064
-1.64170e-01,-0.055,0.06
-1.64160e-01,-0.061,0.062
-1.64150e-01,-0.057,0.06
-1.64140e-01,-0.057,0.062
-1.64130e-01,-0.057,0.062
-1.64120e-01,-0.061,0.062
-1.64110e-01,-0.055,0.06
-1.64100e-01,-0.057,0.06
-1.64090e-01,-0.061,0.06
-1.64080e-01,-0.057,0.062
-1.64070e-01,-0.059,0.064
-1.64060e-01,-0.057,0.06
-1.64050e-01,-0.059,0.062
-1.64040e-01,-0.059,0.064
-1.64030e-01,-0.057,0.066
-1.64020e-01,-0.055,0.064
-1.64010e-01,-0.057,0.064
-1.64000e-01,-0.059,0.064
-1.63990e-01,-0.055,0.06
-1.63980e-01,-0.063,0.064
-1.63970e-01,-0.059,0.066
-1.63960e-01,-0.057,0.064
-1.63950e-01,-0.059,0.064
-1.63940e-01,-0.059,0.066
-1.63930e-01,-0.061,0.064
-1.63920e-01,-0.051,0.056
-1.63910e-01,-0.063,0.062
-1.63900e-01,-0.061,0.064
-1.63890e-01,-0.053,0.058
-1.63880e-01,-0.059,0.066
-1.63870e-01,-0.057,0.058
-1.63860e-01,-0.057,0.062
-1.63850e-01,-0.055,0.06
-1.63840e-01,-0.059,0.062
-1.63830e-01,-0.055,0.06
-1.63820e-01,-0.057,0.062
-1.63810e-01,-0.061,0.066
-1.63800e-01,-0.055,0.062
-1.63790e-01,-0.059,0.064
-1.63780e-01,-0.049,0.054
-1.63770e-01,-0.055,0.06
-1.63760e-01,-0.045,0.052
-1.63750e-01,-0.063,0.066
-1.63740e-01,-0.059,0.064
-1.63730e-01,-0.059,0.064
-1.63720e-01,-0.057,0.062
-1.63710e-01,-0.059,0.064
-1.63700e-01,-0.061,0.064
-1.63690e-01,-0.055,0.064
-1.63680e-01,-0.057,0.06
-1.63670e-01,-0.057,0.064
-1.63660e-01,-0.057,0.062
-1.63650e-01,-0.051,0.06
-1.63640e-01,-0.059,0.062
-1.63630e-01,-0.059,0.066
-1.63620e-01,-0.059,0.062
-1.63610e-01,-0.061,0.06
-1.63600e-01,-0.055,0.062
-1.63590e-01,-0.047,0.056
-1.63580e-01,-0.059,0.062
-1.63570e-01,-0.063,0.062
-1.63560e-01,-0.059,0.062
-1.63550e-01,-0.055,0.058
-1.63540e-01,-0.051,0.054
-1.63530e-01,-0.051,0.06
-1.63520e-01,-0.053,0.06
-1.63510e-01,-0.055,0.06
-1.63500e-01,-0.051,0.058
-1.63490e-01,-0.053,0.056
-1.63480e-01,-0.053,0.058
-1.63470e-01,-0.061,0.06
-1.63460e-01,-0.053,0.062
-1.63450e-01,-0.063,0.064
-1.63440e-01,-0.057,0.06
-1.63430e-01,-0.057,0.062
-1.63420e-01,-0.053,0.06
-1.63410e-01,-0.055,0.058
-1.63400e-01,-0.053,0.06
-1.63390e-01,-0.057,0.06
-1.63380e-01,-0.055,0.06
-1.63370e-01,-0.055,0.06
-1.63360e-01,-0.053,0.06
-1.63350e-01,-0.047,0.054
-1.63340e-01,-0.053,0.06
-1.63330e-01,-0.057,0.062
-1.63320e-01,-0.057,0.062
-1.63310e-01,-0.057,0.064
-1.63300e-01,-0.059,0.064
-1.63290e-01,-0.063,0.066
-1.63280e-01,-0.059,0.064
-1.63270e-01,-0.053,0.06
-1.63260e-01,-0.061,0.064
-1.63250e-01,-0.059,0.066
-1.63240e-01,-0.061,0.062
-1.63230e-01,-0.057,0.064
-1.63220e-01,-0.057,0.06
-1.63210e-01,-0.057,0.06
-1.63200e-01,-0.057,0.064
-1.63190e-01,-0.059,0.062
-1.63180e-01,-0.059,0.066
-1.63170e-01,-0.055,0.058
-1.63160e-01,-0.055,0.064
-1.63150e-01,-0.047,0.056
-1.63140e-01,-0.059,0.06
-1.63130e-01,-0.049,0.052
-1.63120e-01,-0.055,0.06
-1.63110e-01,-0.055,0.06
-1.63100e-01,-0.061,0.066
-1.63090e-01,-0.047,0.054
-1.63080e-01,-0.061,0.064
-1.63070e-01,-0.059,0.064
-1.63060e-01,-0.055,0.062
-1.63050e-01,-0.061,0.064
-1.63040e-01,-0.049,0.06
-1.63030e-01,-0.053,0.056
-1.63020e-01,-0.053,0.06
-1.63010e-01,-0.061,0.064
-1.63000e-01,-0.059,0.064
-1.62990e-01,-0.061,0.062
-1.62980e-01,-0.059,0.06
-1.62970e-01,-0.055,0.058
-1.62960e-01,-0.059,0.064
-1.62950e-01,-0.061,0.066
-1.62940e-01,-0.059,0.062
-1.62930e-01,-0.055,0.062
-1.62920e-01,-0.057,0.064
-1.62910e-01,-0.057,0.06
-1.62900e-01,-0.061,0.064
-1.62890e-01,-0.057,0.062
-1.62880e-01,-0.055,0.06
-1.62870e-01,-0.051,0.06
-1.62860e-01,-0.061,0.064
-1.62850e-01,-0.055,0.058
-1.62840e-01,-0.055,0.058
-1.62830e-01,-0.059,0.064
-1.62820e-01,-0.061,0.064
-1.62810e-01,-0.061,0.06
-1.62800e-01,-0.059,0.064
-1.62790e-01,-0.059,0.06
-1.62780e-01,-0.063,0.062
-1.62770e-01,-0.061,0.064
-1.62760e-01,-0.057,0.06
-1.62750e-01,-0.057,0.064
-1.62740e-01,-0.059,0.06
-1.62730e-01,-0.059,0.062
-1.62720e-01,-0.059,0.062
-1.62710e-01,-0.059,0.066
-1.62700e-01,-0.059,0.064
-1.62690e-01,-0.063,0.062
-1.62680e-01,-0.059,0.062
-1.62670e-01,-0.059,0.066
-1.62660e-01,-0.061,0.062
-1.62650e-01,-0.057,0.062
-1.62640e-01,-0.059,0.064
-1.62630e-01,-0.059,0.06
-1.62620e-01,-0.061,0.064
-1.62610e-01,-0.055,0.06
-1.62600e-01,-0.057,0.062
-1.62590e-01,-0.059,0.066
-1.62580e-01,-0.061,0.066
-1.62570e-01,-0.059,0.062
-1.62560e-01,-0.057,0.06
-1.62550e-01,-0.059,0.064
-1.62540e-01,-0.055,0.062
-1.62530e-01,-0.055,0.06
-1.62520e-01,-0.059,0.06
-1.62510e-01,-0.063,0.064
-1.62500e-01,-0.053,0.06
-1.62490e-01,-0.061,0.064
-1.62480e-01,-0.059,0.064
-1.62470e-01,-0.057,0.062
-1.62460e-01,-0.059,0.064
-1.62450e-01,-0.059,0.06
-1.62440e-01,-0.055,0.062
-1.62430e-01,-0.057,0.06
-1.62420e-01,-0.059,0.064
-1.62410e-01,-0.057,0.064
-1.62400e-01,-0.057,0.06
-1.62390e-01,-0.061,0.064
-1.62380e-01,-0.059,0.062
-1.62370e-01,-0.049,0.054
-1.62360e-01,-0.049,0.056
-1.62350e-01,-0.053,0.06
-1.62340e-01,-0.061,0.062
-1.62330e-01,-0.059,0.06
-1.62320e-01,-0.059,0.062
-1.62310e-01,-0.061,0.062
-1.62300e-01,-0.057,0.06
-1.62290e-01,-0.057,0.06
-1.62280e-01,-0.063,0.068
-1.62270e-01,-0.055,0.062
-1.62260e-01,-0.057,0.06
-1.62250e-01,-0.055,0.06
-1.62240e-01,-0.057,0.062
-1.62230e-01,-0.053,0.06
-1.62220e-01,-0.059,0.062
-1.62210e-01,-0.057,0.058
-1.62200e-01,-0.057,0.064
-1.62190e-01,-0.055,0.06
-1.62180e-01,-0.053,0.06
-1.62170e-01,-0.057,0.062
-1.62160e-01,-0.059,0.06
-1.62150e-01,-0.051,0.06
-1.62140e-01,-0.039,0.048
-1.62130e-01,-0.049,0.06
-1.62120e-01,-0.055,0.058
-1.62110e-01,-0.061,0.066
-1.62100e-01,-0.055,0.064
-1.62090e-01,-0.061,0.062
-1.62080e-01,-0.061,0.06
-1.62070e-01,-0.059,0.064
-1.62060e-01,-0.057,0.064
-1.62050e-01,-0.057,0.06
-1.62040e-01,-0.051,0.058
-1.62030e-01,-0.031,0.04
-1.62020e-01,-0.043,0.05
-1.62010e-01,-0.031,0.042
-1.62000e-01,-0.047,0.054
-1.61990e-01,-0.057,0.062
-1.61980e-01,-0.061,0.064
-1.61970e-01,-0.061,0.062
-1.61960e-01,-0.055,0.062
-1.61950e-01,-0.057,0.062
-1.61940e-01,-0.051,0.056
-1.61930e-01,-0.059,0.06
-1.61920e-01,-0.057,0.06
-1.61910e-01,-0.059,0.066
-1.61900e-01,-0.061,0.062
-1.61890e-01,-0.059,0.064
-1.61880e-01,-0.057,0.064
-1.61870e-01,-0.061,0.062
-1.61860e-01,-0.061,0.06
-1.61850e-01,-0.053,0.06
-1.61840e-01,-0.051,0.058
-1.61830e-01,-0.059,0.064
-1.61820e-01,-0.061,0.06
-1.61810e-01,-0.057,0.062
-1.61800e-01,-0.051,0.058
-1.61790e-01,-0.049,0.056
-1.61780e-01,-0.051,0.056
-1.61770e-01,-0.059,0.062
-1.61760e-01,-0.047,0.056
-1.61750e-01,-0.061,0.068
-1.61740e-01,-0.057,0.06
-1.61730e-01,-0.055,0.062
-1.61720e-01,-0.051,0.054
-1.61710e-01,-0.055,0.062
-1.61700e-01,-0.053,0.054
-1.61690e-01,-0.059,0.062
-1.61680e-01,-0.049,0.058
-1.61670e-01,-0.057,0.064
-1.61660e-01,-0.059,0.064
-1.61650e-01,-0.059,0.064
-1.61640e-01,-0.061,0.066
-1.61630e-01,-0.055,0.062
-1.61620e-01,-0.061,0.064
-1.61610e-01,-0.061,0.064
-1.61600e-01,-0.059,0.064
-1.61590e-01,-0.059,0.064
-1.61580e-01,-0.059,0.062
-1.61570e-01,-0.059,0.064
-1.61560e-01,-0.061,0.066
-1.61550e-01,-0.055,0.06
-1.61540e-01,-0.061,0.062
-1.61530e-01,-0.057,0.066
-1.61520e-01,-0.055,0.064
-1.61510e-01,-0.057,0.06
-1.61500e-01,-0.053,0.058
-1.61490e-01,-0.059,0.068
-1.61480e-01,-0.059,0.062
-1.61470e-01,-0.059,0.064
-1.61460e-01,-0.057,0.06
-1.61450e-01,-0.057,0.062
-1.61440e-01,-0.055,0.06
-1.61430e-01,-0.057,0.064
-1.61420e-01,-0.057,0.066
-1.61410e-01,-0.057,0.06
-1.61400e-01,-0.059,0.06
-1.61390e-01,-0.057,0.06
-1.61380e-01,-0.059,0.064
-1.61370e-01,-0.055,0.062
-1.61360e-01,-0.057,0.062
-1.61350e-01,-0.061,0.064
-1.61340e-01,-0.061,0.064
-1.61330e-01,-0.057,0.062
-1.61320e-01,-0.047,0.054
-1.61310e-01,-0.057,0.064
-1.61300e-01,-0.055,0.064
-1.61290e-01,-0.059,0.062
-1.61280e-01,-0.057,0.064
-1.61270e-01,-0.061,0.066
-1.61260e-01,-0.059,0.064
-1.61250e-01,-0.055,0.06
-1.61240e-01,-0.059,0.064
-1.61230e-01,-0.059,0.062
-1.61220e-01,-0.061,0.064
-1.61210e-01,-0.059,0.06
-1.61200e-01,-0.059,0.062
-1.61190e-01,-0.057,0.06
-1.61180e-01,-0.059,0.062
-1.61170e-01,-0.059,0.062
-1.61160e-01,-0.059,0.06
-1.61150e-01,-0.057,0.062
-1.61140e-01,-0.059,0.064
-1.61130e-01,-0.057,0.062
-1.61120e-01,-0.059,0.064
-1.61110e-01,-0.055,0.06
-1.61100e-01,-0.057,0.06
-1.61090e-01,-0.053,0.06
-1.61080e-01,-0.049,0.054
-1.61070e-01,-0.061,0.066
-1.61060e-01,-0.059,0.066
-1.61050e-01,-0.057,0.06
-1.61040e-01,-0.059,0.062
-1.61030e-01,-0.063,0.064
-1.61020e-01,-0.053,0.06
-1.61010e-01,-0.061,0.062
-1.61000e-01,-0.063,0.064
-1.60990e-01,-0.059,0.066
-1.60980e-01,-0.057,0.064
-1.60970e-01,-0.059,0.064
-1.60960e-01,-0.057,0.06
-1.60950e-01,-0.055,0.06
-1.60940e-01,-0.059,0.062
-1.60930e-01,-0.053,0.06
-1.60920e-01,-0.063,0.064
-1.60910e-01,-0.057,0.062
-1.60900e-01,-0.061,0.064
-1.60890e-01,-0.055,0.066
-1.60880e-01,-0.059,0.062
-1.60870e-01,-0.059,0.062
-1.60860e-01,-0.063,0.064
-1.60850e-01,-0.059,0.062
-1.60840e-01,-0.059,0.068
-1.60830e-01,-0.057,0.064
-1.60820e-01,-0.059,0.066
-1.60810e-01,-0.057,0.062
-1.60800e-01,-0.059,0.06
-1.60790e-01,-0.055,0.06
-1.60780e-01,-0.059,0.06
-1.60770e-01,-0.053,0.06
-1.60760e-01,-0.061,0.064
-1.60750e-01,-0.059,0.066
-1.60740e-01,-0.059,0.064
-1.60730e-01,-0.061,0.064
-1.60720e-01,-0.061,0.064
-1.60710e-01,-0.061,0.064
-1.60700e-01,-0.057,0.064
-1.60690e-01,-0.061,0.064
-1.60680e-01,-0.061,0.062
-1.60670e-01,-0.063,0.064
-1.60660e-01,-0.057,0.06
-1.60650e-01,-0.059,0.06
-1.60640e-01,-0.061,0.066
-1.60630e-01,-0.063,0.064
-1.60620e-01,-0.057,0.06
-1.60610e-01,-0.063,0.062
-1.60600e-01,-0.061,0.062
-1.60590e-01,-0.061,0.064
-1.60580e-01,-0.053,0.06
-1.60570e-01,-0.061,0.066
-1.60560e-01,-0.055,0.06
-1.60550e-01,-0.057,0.062
-1.60540e-01,-0.063,0.064
-1.60530e-01,-0.057,0.062
-1.60520e-01,-0.057,0.062
-1.60510e-01,-0.057,0.06
-1.60500e-01,-0.059,0.066
-1.60490e-01,-0.057,0.064
-1.60480e-01,-0.057,0.064
-1.60470e-01,-0.057,0.068
-1.60460e-01,-0.057,0.064
-1.60450e-01,-0.063,0.062
-1.60440e-01,-0.051,0.058
-1.60430e-01,-0.059,0.062
-1.60420e-01,-0.055,0.062
-1.60410e-01,-0.057,0.06
-1.60400e-01,-0.051,0.06
-1.60390e-01,-0.049,0.054
-1.60380e-01,-0.053,0.06
-1.60370e-01,-0.063,0.064
-1.60360e-01,-0.057,0.06
-1.60350e-01,-0.049,0.056
-1.60340e-01,-0.055,0.06
-1.60330e-01,-0.057,0.06
-1.60320e-01,-0.061,0.064
-1.60310e-01,-0.051,0.056
-1.60300e-01,-0.055,0.06
-1.60290e-01,-0.051,0.058
-1.60280e-01,-0.061,0.064
-1.60270e-01,-0.061,0.06
-1.60260e-01,-0.059,0.066
-1.60250e-01,-0.057,0.06
-1.60240e-01,-0.061,0.066
-1.60230e-01,-0.059,0.066
-1.60220e-01,-0.057,0.066
-1.60210e-01,-0.055,0.06
-1.60200e-01,-0.061,0.066
-1.60190e-01,-0.061,0.064
-1.60180e-01,-0.051,0.06
-1.60170e-01,-0.057,0.06
-1.60160e-01,-0.057,0.066
-1.60150e-01,-0.059,0.06
-1.60140e-01,-0.059,0.064
-1.60130e-01,-0.055,0.06
-1.60120e-01,-0.057,0.064
-1.60110e-01,-0.057,0.062
-1.60100e-01,-0.057,0.06
-1.60090e-01,-0.057,0.06
-1.60080e-01,-0.057,0.062
-1.60070e-01,-0.053,0.058
-1.60060e-01,-0.061,0.062
-1.60050e-01,-0.055,0.062
-1.60040e-01,-0.059,0.064
-1.60030e-01,-0.059,0.062
-1.60020e-01,-0.059,0.066
-1.60010e-01,-0.057,0.06
-1.60000e-01,-0.061,0.064
-1.59990e-01,-0.051,0.06
-1.59980e-01,-0.059,0.066
-1.59970e-01,-0.057,0.06
-1.59960e-01,-0.057,0.06
-1.59950e-01,-0.059,0.066
-1.59940e-01,-0.059,0.06
-1.59930e-01,-0.059,0.064
-1.59920e-01,-0.061,0.062
-1.59910e-01,-0.061,0.062
-1.59900e-01,-0.059,0.066
-1.59890e-01,-0.061,0.064
-1.59880e-01,-0.059,0.062
-1.59870e-01,-0.059,0.062
-1.59860e-01,-0.057,0.06
-1.59850e-01,-0.055,0.058
-1.59840e-01,-0.061,0.064
-1.59830e-01,-0.059,0.06
-1.59820e-01,-0.059,0.062
-1.59810e-01,-0.043,0.048
-1.59800e-01,-0.061,0.062
-1.59790e-01,-0.047,0.054
-1.59780e-01,-0.055,0.058
-1.59770e-01,-0.045,0.054
-1.59760e-01,-0.057,0.06
-1.59750e-01,-0.049,0.06
-1.59740e-01,-0.057,0.062
-1.59730e-01,-0.061,0.064
-1.59720e-01,-0.057,0.06
-1.59710e-01,-0.053,0.06
-1.59700e-01,-0.061,0.064
-1.59690e-01,-0.061,0.062
-1.59680e-01,-0.061,0.062
-1.59670e-01,-0.059,0.062
-1.59660e-01,-0.059,0.062
-1.59650e-01,-0.059,0.06
-1.59640e-01,-0.059,0.064
-1.59630e-01,-0.059,0.064
-1.59620e-01,-0.057,0.064
-1.59610e-01,-0.057,0.064
-1.59600e-01,-0.059,0.064
-1.59590e-01,-0.059,0.064
-1.59580e-01,-0.057,0.06
-1.59570e-01,-0.057,0.062
-1.59560e-01,-0.059,0.066
-1.59550e-01,-0.057,0.062
-1.59540e-01,-0.057,0.062
-1.59530e-01,-0.059,0.064
-1.59520e-01,-0.055,0.062
-1.59510e-01,-0.061,0.062
-1.59500e-01,-0.057,0.064
-1.59490e-01,-0.057,0.06
-1.59480e-01,-0.061,0.064
-1.59470e-01,-0.047,0.054
-1.59460e-01,-0.059,0.062
-1.59450e-01,-0.057,0.062
-1.59440e-01,-0.061,0.068
-1.59430e-01,-0.059,0.062
-1.59420e-01,-0.061,0.062
-1.59410e-01,-0.061,0.064
-1.59400e-01,-0.057,0.064
-1.59390e-01,-0.059,0.062
-1.59380e-01,-0.057,0.062
-1.59370e-01,-0.061,0.064
-1.59360e-01,-0.059,0.06
-1.59350e-01,-0.057,0.064
-1.59340e-01,-0.061,0.06
-1.59330e-01,-0.059,0.064
-1.59320e-01,-0.059,0.064
-1.59310e-01,-0.061,0.062
-1.59300e-01,-0.057,0.06
-1.59290e-01,-0.049,0.052
-1.59280e-01,-0.057,0.062
-1.59270e-01,-0.059,0.06
-1.59260e-01,-0.057,0.062
-1.59250e-01,-0.059,0.064
-1.59240e-01,-0.061,0.062
-1.59230e-01,-0.057,0.062
-1.59220e-01,-0.061,0.064
-1.59210e-01,-0.061,0.064
-1.59200e-01,-0.063,0.064
-1.59190e-01,-0.055,0.064
-1.59180e-01,-0.059,0.062
-1.59170e-01,-0.059,0.062
-1.59160e-01,-0.061,0.066
-1.59150e-01,-0.061,0.064
-1.59140e-01,-0.059,0.062
-1.59130e-01,-0.059,0.064
-1.59120e-01,-0.057,0.064
-1.59110e-01,-0.061,0.064
-1.59100e-01,-0.059,0.064
-1.59090e-01,-0.059,0.064
-1.59080e-01,-0.055,0.062
-1.59070e-01,-0.061,0.064
-1.59060e-01,-0.059,0.064
-1.59050e-01,-0.061,0.06
-1.59040e-01,-0.059,0.064
-1.59030e-01,-0.055,0.064
-1.59020e-01,-0.059,0.062
-1.59010e-01,-0.063,0.064
-1.59000e-01,-0.061,0.06
-1.58990e-01,-0.061,0.064
-1.58980e-01,-0.061,0.062
-1.58970e-01,-0.055,0.06
-1.58960e-01,-0.057,0.06
-1.58950e-01,-0.059,0.062
-1.58940e-01,-0.049,0.056
-1.58930e-01,-0.057,0.06
-1.58920e-01,-0.049,0.056
-1.58910e-01,-0.059,0.064
-1.58900e-01,-0.047,0.054
-1.58890e-01,-0.049,0.054
-1.58880e-01,-0.057,0.06
-1.58870e-01,-0.061,0.064
-1.58860e-01,-0.057,0.062
-1.58850e-01,-0.049,0.058
-1.58840e-01,-0.061,0.066
-1.58830e-01,-0.057,0.062
-1.58820e-01,-0.055,0.06
-1.58810e-01,-0.059,0.06
-1.58800e-01,-0.061,0.062
-1.58790e-01,-0.051,0.06
-1.58780e-01,-0.049,0.056
-1.58770e-01,-0.051,0.056
-1.58760e-01,-0.059,0.062
-1.58750e-01,-0.053,0.06
-1.58740e-01,-0.057,0.064
-1.58730e-01,-0.059,0.064
-1.58720e-01,-0.057,0.064
-1.58710e-01,-0.059,0.062
-1.58700e-01,-0.055,0.056
-1.58690e-01,-0.059,0.064
-1.58680e-01,-0.055,0.06
-1.58670e-01,-0.055,0.06
-1.58660e-01,-0.045,0.05
-1.58650e-01,-0.059,0.064
-1.58640e-01,-0.057,0.06
-1.58630e-01,-0.059,0.064
-1.58620e-01,-0.061,0.064
-1.58610e-01,-0.059,0.064
-1.58600e-01,-0.063,0.064
-1.58590e-01,-0.061,0.068
-1.58580e-01,-0.055,0.064
-1.58570e-01,-0.059,0.068
-1.58560e-01,-0.059,0.062
-1.58550e-01,-0.053,0.06
-1.58540e-01,-0.057,0.062
-1.58530e-01,-0.053,0.06
-1.58520e-01,-0.059,0.06
-1.58510e-01,-0.055,0.064
-1.58500e-01,-0.059,0.066
-1.58490e-01,-0.051,0.056
-1.58480e-01,-0.055,0.062
-1.58470e-01,-0.055,0.062
-1.58460e-01,-0.061,0.06
-1.58450e-01,-0.059,0.066
-1.58440e-01,-0.053,0.06
-1.58430e-01,-0.059,0.064
-1.58420e-01,-0.055,0.06
-1.58410e-01,-0.061,0.062
-1.58400e-01,-0.049,0.054
-1.58390e-01,-0.061,0.068
-1.58380e-01,-0.057,0.06
-1.58370e-01,-0.055,0.064
-1.58360e-01,-0.053,0.062
-1.58350e-01,-0.059,0.06
-1.58340e-01,-0.059,0.062
-1.58330e-01,-0.057,0.06
-1.58320e-01,-0.055,0.062
-1.58310e-01,-0.059,0.064
-1.58300e-01,-0.063,0.064
-1.58290e-01,-0.057,0.06
-1.58280e-01,-0.055,0.058
-1.58270e-01,-0.061,0.062
-1.58260e-01,-0.053,0.058
-1.58250e-01,-0.059,0.06
-1.58240e-01,-0.061,0.06
-1.58230e-01,-0.055,0.06
-1.58220e-01,-0.059,0.066
-1.58210e-01,-0.047,0.056
-1.58200e-01,-0.059,0.064
-1.58190e-01,-0.055,0.06
-1.58180e-01,-0.059,0.064
-1.58170e-01,-0.053,0.056
-1.58160e-01,-0.061,0.066
-1.58150e-01,-0.049,0.058
-1.58140e-01,-0.061,0.062
-1.58130e-01,-0.053,0.056
-1.58120e-01,-0.059,0.068
-1.58110e-01,-0.055,0.06
-1.58100e-01,-0.059,0.06
-1.58090e-01,-0.053,0.06
-1.58080e-01,-0.059,0.06
-1.58070e-01,-0.057,0.062
-1.58060e-01,-0.057,0.064
-1.58050e-01,-0.047,0.05
-1.58040e-01,-0.057,0.062
-1.58030e-01,-0.047,0.052
-1.58020e-01,-0.057,0.06
-1.58010e-01,-0.051,0.06
-1.58000e-01,-0.057,0.06
-1.57990e-01,-0.043,0.048
-1.57980e-01,-0.055,0.06
-1.57970e-01,-0.057,0.064
-1.57960e-01,-0.057,0.062
-1.57950e-01,-0.059,0.064
-1.57940e-01,-0.057,0.064
-1.57930e-01,-0.055,0.064
-1.57920e-01,-0.057,0.066
-1.57910e-01,-0.059,0.064
-1.57900e-01,-0.063,0.064
-1.57890e-01,-0.057,0.06
-1.57880e-01,-0.055,0.06
-1.57870e-01,-0.061,0.064
-1.57860e-01,-0.061,0.064
-1.57850e-01,-0.059,0.064
-1.57840e-01,-0.055,0.066
-1.57830e-01,-0.061,0.064
-1.57820e-01,-0.059,0.062
-1.57810e-01,-0.059,0.064
-1.57800e-01,-0.059,0.064
-1.57790e-01,-0.061,0.062
-1.57780e-01,-0.061,0.064
-1.57770e-01,-0.061,0.064
-1.57760e-01,-0.059,0.064
-1.57750e-01,-0.059,0.064
-1.57740e-01,-0.055,0.062
-1.57730e-01,-0.057,0.06
-1.57720e-01,-0.055,0.06
-1.57710e-01,-0.059,0.064
-1.57700e-01,-0.059,0.06
-1.57690e-01,-0.057,0.06
-1.57680e-01,-0.059,0.06
-1.57670e-01,-0.047,0.058
-1.57660e-01,-0.057,0.06
-1.57650e-01,-0.059,0.062
-1.57640e-01,-0.059,0.062
-1.57630e-01,-0.057,0.062
-1.57620e-01,-0.059,0.064
-1.57610e-01,-0.061,0.062
-1.57600e-01,-0.061,0.062
-1.57590e-01,-0.059,0.062
-1.57580e-01,-0.059,0.064
-1.57570e-01,-0.061,0.062
-1.57560e-01,-0.057,0.062
-1.57550e-01,-0.061,0.064
-1.57540e-01,-0.061,0.064
-1.57530e-01,-0.059,0.064
-1.57520e-01,-0.061,0.066
-1.57510e-01,-0.055,0.066
-1.57500e-01,-0.059,0.064
-1.57490e-01,-0.061,0.066
-1.57480e-01,-0.061,0.064
-1.57470e-01,-0.061,0.066
-1.57460e-01,-0.057,0.066
-1.57450e-01,-0.059,0.066
-1.57440e-01,-0.061,0.06
-1.57430e-01,-0.047,0.052
-1.57420e-01,-0.055,0.062
-1.57410e-01,-0.049,0.054
-1.57400e-01,-0.061,0.066
-1.57390e-01,-0.059,0.062
-1.57380e-01,-0.057,0.066
-1.57370e-01,-0.059,0.064
-1.57360e-01,-0.057,0.062
-1.57350e-01,-0.049,0.058
-1.57340e-01,-0.061,0.066
-1.57330e-01,-0.057,0.066
-1.57320e-01,-0.057,0.06
-1.57310e-01,-0.059,0.064
-1.57300e-01,-0.057,0.064
-1.57290e-01,-0.059,0.062
-1.57280e-01,-0.059,0.064
-1.57270e-01,-0.059,0.064
-1.57260e-01,-0.063,0.064
-1.57250e-01,-0.055,0.06
-1.57240e-01,-0.059,0.064
-1.57230e-01,-0.051,0.062
-1.57220e-01,-0.059,0.06
-1.57210e-01,-0.055,0.064
-1.57200e-01,-0.055,0.062
-1.57190e-01,-0.053,0.058
-1.57180e-01,-0.059,0.06
-1.57170e-01,-0.051,0.054
-1.57160e-01,-0.059,0.064
-1.57150e-01,-0.055,0.062
-1.57140e-01,-0.059,0.066
-1.57130e-01,-0.061,0.064
-1.57120e-01,-0.061,0.064
-1.57110e-01,-0.059,0.064
-1.57100e-01,-0.061,0.064
-1.57090e-01,-0.061,0.062
-1.57080e-01,-0.049,0.054
-1.57070e-01,-0.059,0.064
-1.57060e-01,-0.061,0.066
-1.57050e-01,-0.061,0.064
-1.57040e-01,-0.057,0.06
-1.57030e-01,-0.059,0.062
-1.57020e-01,-0.057,0.066
-1.57010e-01,-0.057,0.064
-1.57000e-01,-0.055,0.062
-1.56990e-01,-0.053,0.062
-1.56980e-01,-0.059,0.06
-1.56970e-01,-0.059,0.062
-1.56960e-01,-0.053,0.06
-1.56950e-01,-0.063,0.066
-1.56940e-01,-0.057,0.06
-1.56930e-01,-0.061,0.062
-1.56920e-01,-0.057,0.064
-1.56910e-01,-0.059,0.06
-1.56900e-01,-0.059,0.066
-1.56890e-01,-0.055,0.062
-1.56880e-01,-0.059,0.062
-1.56870e-01,-0.059,0.06
-1.56860e-01,-0.057,0.066
-1.56850e-01,-0.057,0.062
-1.56840e-01,-0.059,0.064
-1.56830e-01,-0.059,0.064
-1.56820e-01,-0.057,0.06
-1.56810e-01,-0.055,0.06
-1.56800e-01,-0.053,0.06
-1.56790e-01,-0.053,0.058
-1.56780e-01,-0.059,0.064
-1.56770e-01,-0.061,0.066
-1.56760e-01,-0.061,0.064
-1.56750e-01,-0.063,0.068
-1.56740e-01,-0.057,0.06
-1.56730e-01,-0.061,0.064
-1.56720e-01,-0.049,0.054
-1.56710e-01,-0.061,0.062
-1.56700e-01,-0.059,0.064
-1.56690e-01,-0.055,0.06
-1.56680e-01,-0.059,0.062
-1.56670e-01,-0.061,0.064
-1.56660e-01,-0.053,0.06
-1.56650e-01,-0.059,0.064
-1.56640e-01,-0.057,0.064
-1.56630e-01,-0.061,0.062
-1.56620e-01,-0.059,0.062
-1.56610e-01,-0.061,0.066
-1.56600e-01,-0.059,0.062
-1.56590e-01,-0.055,0.06
-1.56580e-01,-0.061,0.064
-1.56570e-01,-0.059,0.066
-1.56560e-01,-0.055,0.06
-1.56550e-01,-0.061,0.064
-1.56540e-01,-0.057,0.064
-1.56530e-01,-0.059,0.064
-1.56520e-01,-0.057,0.062
-1.56510e-01,-0.059,0.064
-1.56500e-01,-0.057,0.06
-1.56490e-01,-0.057,0.064
-1.56480e-01,-0.057,0.062
-1.56470e-01,-0.059,0.062
-1.56460e-01,-0.061,0.064
-1.56450e-01,-0.055,0.06
-1.56440e-01,-0.059,0.06
-1.56430e-01,-0.055,0.06
-1.56420e-01,-0.053,0.06
-1.56410e-01,-0.061,0.062
-1.56400e-01,-0.053,0.056
-1.56390e-01,-0.059,0.064
-1.56380e-01,-0.061,0.064
-1.56370e-01,-0.055,0.056
-1.56360e-01,-0.055,0.064
-1.56350e-01,-0.053,0.06
-1.56340e-01,-0.053,0.06
-1.56330e-01,-0.049,0.05
-1.56320e-01,-0.053,0.062
-1.56310e-01,-0.045,0.052
-1.56300e-01,-0.059,0.064
-1.56290e-01,-0.057,0.062
-1.56280e-01,-0.057,0.064
-1.56270e-01,-0.053,0.06
-1.56260e-01,-0.061,0.064
-1.56250e-01,-0.059,0.064
-1.56240e-01,-0.059,0.064
-1.56230e-01,-0.059,0.06
-1.56220e-01,-0.059,0.064
-1.56210e-01,-0.057,0.064
-1.56200e-01,-0.061,0.062
-1.56190e-01,-0.059,0.062
-1.56180e-01,-0.061,0.062
-1.56170e-01,-0.063,0.062
-1.56160e-01,-0.053,0.06
-1.56150e-01,-0.061,0.062
-1.56140e-01,-0.057,0.06
-1.56130e-01,-0.051,0.06
-1.56120e-01,-0.061,0.068
-1.56110e-01,-0.055,0.06
-1.56100e-01,-0.053,0.058
-1.56090e-01,-0.059,0.06
-1.56080e-01,-0.053,0.06
-1.56070e-01,-0.059,0.062
-1.56060e-01,-0.053,0.062
-1.56050e-01,-0.059,0.064
-1.56040e-01,-0.059,0.064
-1.56030e-01,-0.057,0.062
-1.56020e-01,-0.059,0.064
-1.56010e-01,-0.061,0.062
-1.56000e-01,-0.061,0.064
-1.55990e-01,-0.059,0.064
-1.55980e-01,-0.059,0.064
-1.55970e-01,-0.057,0.064
-1.55960e-01,-0.059,0.062
-1.55950e-01,-0.057,0.064
-1.55940e-01,-0.057,0.062
-1.55930e-01,-0.061,0.068
-1.55920e-01,-0.055,0.06
-1.55910e-01,-0.053,0.058
-1.55900e-01,-0.047,0.054
-1.55890e-01,-0.055,0.06
-1.55880e-01,-0.051,0.06
-1.55870e-01,-0.055,0.06
-1.55860e-01,-0.055,0.062
-1.55850e-01,-0.057,0.064
-1.55840e-01,-0.055,0.058
-1.55830e-01,-0.055,0.06
-1.55820e-01,-0.053,0.056
-1.55810e-01,-0.055,0.06
-1.55800e-01,-0.057,0.06
-1.55790e-01,-0.055,0.06
-1.55780e-01,-0.051,0.06
-1.55770e-01,-0.057,0.06
-1.55760e-01,-0.057,0.064
-1.55750e-01,-0.057,0.06
-1.55740e-01,-0.061,0.064
-1.55730e-01,-0.055,0.062
-1.55720e-01,-0.061,0.064
-1.55710e-01,-0.059,0.062
-1.55700e-01,-0.061,0.064
-1.55690e-01,-0.061,0.06
-1.55680e-01,-0.061,0.064
-1.55670e-01,-0.059,0.066
-1.55660e-01,-0.063,0.064
-1.55650e-01,-0.061,0.064
-1.55640e-01,-0.061,0.064
-1.55630e-01,-0.059,0.064
-1.55620e-01,-0.059,0.066
-1.55610e-01,-0.057,0.066
-1.55600e-01,-0.055,0.062
-1.55590e-01,-0.049,0.06
-1.55580e-01,-0.057,0.062
-1.55570e-01,-0.063,0.068
-1.55560e-01,-0.059,0.064
-1.55550e-01,-0.045,0.05
-1.55540e-01,-0.061,0.064
-1.55530e-01,-0.055,0.06
-1.55520e-01,-0.053,0.06
-1.55510e-01,-0.055,0.058
-1.55500e-01,-0.057,0.064
-1.55490e-01,-0.063,0.064
-1.55480e-01,-0.055,0.06
-1.55470e-01,-0.059,0.062
-1.55460e-01,-0.061,0.062
-1.55450e-01,-0.059,0.062
-1.55440e-01,-0.057,0.06
-1.55430e-01,-0.055,0.06
-1.55420e-01,-0.063,0.066
-1.55410e-01,-0.059,0.068
-1.55400e-01,-0.061,0.064
-1.55390e-01,-0.059,0.06
-1.55380e-01,-0.059,0.064
-1.55370e-01,-0.059,0.062
-1.55360e-01,-0.059,0.064
-1.55350e-01,-0.061,0.064
-1.55340e-01,-0.061,0.064
-1.55330e-01,-0.061,0.064
-1.55320e-01,-0.059,0.064
-1.55310e-01,-0.059,0.068
-1.55300e-01,-0.055,0.064
-1.55290e-01,-0.061,0.066
-1.55280e-01,-0.059,0.064
-1.55270e-01,-0.049,0.052
-1.55260e-01,-0.055,0.06
-1.55250e-01,-0.041,0.05
-1.55240e-01,-0.061,0.068
-1.55230e-01,-0.053,0.06
-1.55220e-01,-0.057,0.062
-1.55210e-01,-0.059,0.062
-1.55200e-01,-0.061,0.066
-1.55190e-01,-0.063,0.064
-1.55180e-01,-0.055,0.06
-1.55170e-01,-0.043,0.052
-1.55160e-01,-0.061,0.068
-1.55150e-01,-0.055,0.062
-1.55140e-01,-0.057,0.066
-1.55130e-01,-0.061,0.062
-1.55120e-01,-0.063,0.064
-1.55110e-01,-0.055,0.062
-1.55100e-01,-0.057,0.062
-1.55090e-01,-0.059,0.064
-1.55080e-01,-0.061,0.06
-1.55070e-01,-0.057,0.062
-1.55060e-01,-0.061,0.066
-1.55050e-01,-0.053,0.06
-1.55040e-01,-0.057,0.062
-1.55030e-01,-0.061,0.064
-1.55020e-01,-0.049,0.058
-1.55010e-01,-0.057,0.064
-1.55000e-01,-0.057,0.06
-1.54990e-01,-0.039,0.048
-1.54980e-01,-0.061,0.06
-1.54970e-01,-0.059,0.064
-1.54960e-01,-0.057,0.064
-1.54950e-01,-0.061,0.068
-1.54940e-01,-0.059,0.068
-1.54930e-01,-0.055,0.062
-1.54920e-01,-0.059,0.064
-1.54910e-01,-0.059,0.06
-1.54900e-01,-0.059,0.06
-1.54890e-01,-0.061,0.064
-1.54880e-01,-0.059,0.066
-1.54870e-01,-0.059,0.062
-1.54860e-01,-0.059,0.062
-1.54850e-01,-0.053,0.06
-1.54840e-01,-0.057,0.066
-1.54830e-01,-0.051,0.06
-1.54820e-01,-0.061,0.064
-1.54810e-01,-0.059,0.062
-1.54800e-01,-0.057,0.064
-1.54790e-01,-0.057,0.064
-1.54780e-01,-0.061,0.064
-1.54770e-01,-0.057,0.06
-1.54760e-01,-0.057,0.062
-1.54750e-01,-0.061,0.066
-1.54740e-01,-0.055,0.06
-1.54730e-01,-0.061,0.066
-1.54720e-01,-0.051,0.056
-1.54710e-01,-0.059,0.064
-1.54700e-01,-0.055,0.064
-1.54690e-01,-0.059,0.064
-1.54680e-01,-0.061,0.068
-1.54670e-01,-0.059,0.066
-1.54660e-01,-0.053,0.064
-1.54650e-01,-0.055,0.06
-1.54640e-01,-0.053,0.06
-1.54630e-01,-0.057,0.062
-1.54620e-01,-0.057,0.06
-1.54610e-01,-0.057,0.062
-1.54600e-01,-0.061,0.062
-1.54590e-01,-0.059,0.06
-1.54580e-01,-0.057,0.064
-1.54570e-01,-0.059,0.06
-1.54560e-01,-0.057,0.064
-1.54550e-01,-0.061,0.06
-1.54540e-01,-0.057,0.064
-1.54530e-01,-0.055,0.066
-1.54520e-01,-0.061,0.062
-1.54510e-01,-0.061,0.064
-1.54500e-01,-0.061,0.064
-1.54490e-01,-0.061,0.064
-1.54480e-01,-0.063,0.064
-1.54470e-01,-0.059,0.062
-1.54460e-01,-0.061,0.064
-1.54450e-01,-0.057,0.06
-1.54440e-01,-0.055,0.062
-1.54430e-01,-0.061,0.066
-1.54420e-01,-0.059,0.068
-1.54410e-01,-0.059,0.066
-1.54400e-01,-0.057,0.06
-1.54390e-01,-0.055,0.06
-1.54380e-01,-0.049,0.054
-1.54370e-01,-0.055,0.06
-1.54360e-01,-0.061,0.062
-1.54350e-01,-0.057,0.06
-1.54340e-01,-0.061,0.062
-1.54330e-01,-0.057,0.062
-1.54320e-01,-0.057,0.064
-1.54310e-01,-0.057,0.06
-1.54300e-01,-0.059,0.062
-1.54290e-01,-0.057,0.064
-1.54280e-01,-0.057,0.068
-1.54270e-01,-0.061,0.06
-1.54260e-01,-0.053,0.058
-1.54250e-01,-0.059,0.06
-1.54240e-01,-0.055,0.062
-1.54230e-01,-0.063,0.066
-1.54220e-01,-0.059,0.064
-1.54210e-01,-0.057,0.064
-1.54200e-01,-0.061,0.064
-1.54190e-01,-0.053,0.056
-1.54180e-01,-0.059,0.064
-1.54170e-01,-0.057,0.066
-1.54160e-01,-0.059,0.062
-1.54150e-01,-0.059,0.06
-1.54140e-01,-0.059,0.064
-1.54130e-01,-0.063,0.064
-1.54120e-01,-0.059,0.066
-1.54110e-01,-0.059,0.064
-1.54100e-01,-0.059,0.064
-1.54090e-01,-0.061,0.064
-1.54080e-01,-0.059,0.064
-1.54070e-01,-0.059,0.066
-1.54060e-01,-0.055,0.062
-1.54050e-01,-0.057,0.062
-1.54040e-01,-0.061,0.064
-1.54030e-01,-0.059,0.062
-1.54020e-01,-0.061,0.064
-1.54010e-01,-0.053,0.058
-1.54000e-01,-0.055,0.06
-1.53990e-01,-0.057,0.062
-1.53980e-01,-0.059,0.062
-1.53970e-01,-0.057,0.064
-1.53960e-01,-0.059,0.07
-1.53950e-01,-0.059,0.06
-1.53940e-01,-0.059,0.062
-1.53930e-01,-0.057,0.062
-1.53920e-01,-0.061,0.064
-1.53910e-01,-0.055,0.062
-1.53900e-01,-0.061,0.062
-1.53890e-01,-0.047,0.054
-1.53880e-01,-0.061,0.066
-1.53870e-01,-0.057,0.06
-1.53860e-01,-0.055,0.064
-1.53850e-01,-0.055,0.06
-1.53840e-01,-0.053,0.06
-1.53830e-01,-0.059,0.064
-1.53820e-01,-0.055,0.06
-1.53810e-01,-0.055,0.06
-1.53800e-01,-0.057,0.064
-1.53790e-01,-0.057,0.062
-1.53780e-01,-0.059,0.064
-1.53770e-01,-0.059,0.064
-1.53760e-01,-0.059,0.062
-1.53750e-01,-0.061,0.064
-1.53740e-01,-0.057,0.064
-1.53730e-01,-0.057,0.064
-1.53720e-01,-0.053,0.06
-1.53710e-01,-0.057,0.066
-1.53700e-01,-0.059,0.06
-1.53690e-01,-0.063,0.062
-1.53680e-01,-0.061,0.068
-1.53670e-01,-0.059,0.064
-1.53660e-01,-0.061,0.066
-1.53650e-01,-0.049,0.052
-1.53640e-01,-0.051,0.058
-1.53630e-01,-0.045,0.056
-1.53620e-01,-0.061,0.062
-1.53610e-01,-0.055,0.062
-1.53600e-01,-0.063,0.064
-1.53590e-01,-0.057,0.062
-1.53580e-01,-0.059,0.064
-1.53570e-01,-0.053,0.06
-1.53560e-01,-0.059,0.064
-1.53550e-01,-0.059,0.062
-1.53540e-01,-0.055,0.06
-1.53530e-01,-0.059,0.064
-1.53520e-01,-0.061,0.062
-1.53510e-01,-0.059,0.066
-1.53500e-01,-0.055,0.062
-1.53490e-01,-0.057,0.064
-1.53480e-01,-0.055,0.062
-1.53470e-01,-0.043,0.05
-1.53460e-01,-0.051,0.058
-1.53450e-01,-0.061,0.06
-1.53440e-01,-0.059,0.064
-1.53430e-01,-0.059,0.064
-1.53420e-01,-0.061,0.064
-1.53410e-01,-0.059,0.064
-1.53400e-01,-0.055,0.06
-1.53390e-01,-0.059,0.064
-1.53380e-01,-0.061,0.062
-1.53370e-01,-0.061,0.064
-1.53360e-01,-0.059,0.062
-1.53350e-01,-0.061,0.062
-1.53340e-01,-0.059,0.066
-1.53330e-01,-0.057,0.064
-1.53320e-01,-0.059,0.062
-1.53310e-01,-0.061,0.062
-1.53300e-01,-0.049,0.058
-1.53290e-01,-0.051,0.06
-1.53280e-01,-0.045,0.054
-1.53270e-01,-0.055,0.06
-1.53260e-01,-0.055,0.058
-1.53250e-01,-0.051,0.054
-1.53240e-01,-0.051,0.06
-1.53230e-01,-0.053,0.06
-1.53220e-01,-0.055,0.06
-1.53210e-01,-0.055,0.06
-1.53200e-01,-0.055,0.058
-1.53190e-01,-0.063,0.066
-1.53180e-01,-0.057,0.064
-1.53170e-01,-0.059,0.064
-1.53160e-01,-0.053,0.06
-1.53150e-01,-0.057,0.058
-1.53140e-01,-0.055,0.06
-1.53130e-01,-0.053,0.06
-1.53120e-01,-0.045,0.048
-1.53110e-01,-0.037,0.042
-1.53100e-01,-0.055,0.058
-1.53090e-01,-0.051,0.058
-1.53080e-01,-0.051,0.058
-1.53070e-01,-0.053,0.06
-1.53060e-01,-0.061,0.06
-1.53050e-01,-0.059,0.066
-1.53040e-01,-0.059,0.062
-1.53030e-01,-0.057,0.06
-1.53020e-01,-0.059,0.062
-1.53010e-01,-0.057,0.06
-1.53000e-01,-0.039,0.048
-1.52990e-01,-0.061,0.066
-1.52980e-01,-0.061,0.062
-1.52970e-01,-0.059,0.064
-1.52960e-01,-0.049,0.05
-1.52950e-01,-0.057,0.066
-1.52940e-01,-0.047,0.054
-1.52930e-01,-0.053,0.062
-1.52920e-01,-0.059,0.062
-1.52910e-01,-0.059,0.064
-1.52900e-01,-0.051,0.058
-1.52890e-01,-0.055,0.06
-1.52880e-01,-0.059,0.06
-1.52870e-01,-0.059,0.064
-1.52860e-01,-0.059,0.06
-1.52850e-01,-0.061,0.064
-1.52840e-01,-0.055,0.06
-1.52830e-01,-0.057,0.06
-1.52820e-01,-0.057,0.064
-1.52810e-01,-0.059,0.062
-1.52800e-01,-0.057,0.06
-1.52790e-01,-0.057,0.064
-1.52780e-01,-0.057,0.06
-1.52770e-01,-0.059,0.064
-1.52760e-01,-0.055,0.06
-1.52750e-01,-0.061,0.064
-1.52740e-01,-0.061,0.064
-1.52730e-01,-0.059,0.064
-1.52720e-01,-0.061,0.062
-1.52710e-01,-0.057,0.06
-1.52700e-01,-0.053,0.062
-1.52690e-01,-0.061,0.062
-1.52680e-01,-0.061,0.066
-1.52670e-01,-0.059,0.06
-1.52660e-01,-0.057,0.064
-1.52650e-01,-0.053,0.064
-1.52640e-01,-0.051,0.056
-1.52630e-01,-0.041,0.048
-1.52620e-01,-0.053,0.054
-1.52610e-01,-0.055,0.062
-1.52600e-01,-0.055,0.058
-1.52590e-01,-0.057,0.062
-1.52580e-01,-0.057,0.062
-1.52570e-01,-0.059,0.064
-1.52560e-01,-0.059,0.064
-1.52550e-01,-0.057,0.062
-1.52540e-01,-0.059,0.068
-1.52530e-01,-0.057,0.06
-1.52520e-01,-0.059,0.066
-1.52510e-01,-0.061,0.064
-1.52500e-01,-0.049,0.056
-1.52490e-01,-0.059,0.066
-1.52480e-01,-0.059,0.064
-1.52470e-01,-0.059,0.062
-1.52460e-01,-0.059,0.062
-1.52450e-01,-0.053,0.06
-1.52440e-01,-0.063,0.066
-1.52430e-01,-0.055,0.06
-1.52420e-01,-0.059,0.066
-1.52410e-01,-0.055,0.058
-1.52400e-01,-0.059,0.064
-1.52390e-01,-0.055,0.06
-1.52380e-01,-0.059,0.064
-1.52370e-01,-0.061,0.062
-1.52360e-01,-0.059,0.064
-1.52350e-01,-0.061,0.062
-1.52340e-01,-0.059,0.062
-1.52330e-01,-0.057,0.06
-1.52320e-01,-0.057,0.062
-1.52310e-01,-0.057,0.064
-1.52300e-01,-0.059,0.064
-1.52290e-01,-0.061,0.062
-1.52280e-01,-0.059,0.064
-1.52270e-01,-0.053,0.06
-1.52260e-01,-0.061,0.064
-1.52250e-01,-0.057,0.066
-1.52240e-01,-0.057,0.064
-1.52230e-01,-0.059,0.062
-1.52220e-01,-0.055,0.06
-1.52210e-01,-0.047,0.056
-1.52200e-01,-0.057,0.064
-1.52190e-01,-0.061,0.064
-1.52180e-01,-0.053,0.06
-1.52170e-01,-0.051,0.056
-1.52160e-01,-0.041,0.054
-1.52150e-01,-0.057,0.064
-1.52140e-01,-0.055,0.06
-1.52130e-01,-0.061,0.064
-1.52120e-01,-0.061,0.066
-1.52110e-01,-0.053,0.058
-1.52100e-01,-0.053,0.058
-1.52090e-01,-0.057,0.06
-1.52080e-01,-0.043,0.054
-1.52070e-01,-0.053,0.06
-1.52060e-01,-0.057,0.06
-1.52050e-01,-0.059,0.062
-1.52040e-01,-0.057,0.062
-1.52030e-01,-0.061,0.062
-1.52020e-01,-0.063,0.066
-1.52010e-01,-0.057,0.062
-1.52000e-01,-0.061,0.062
-1.51990e-01,-0.059,0.064
-1.51980e-01,-0.057,0.064
-1.51970e-01,-0.061,0.06
-1.51960e-01,-0.061,0.062
-1.51950e-01,-0.059,0.066
-1.51940e-01,-0.055,0.06
-1.51930e-01,-0.059,0.064
-1.51920e-01,-0.059,0.064
-1.51910e-01,-0.061,0.064
-1.51900e-01,-0.059,0.06
-1.51890e-01,-0.059,0.062
-1.51880e-01,-0.059,0.06
-1.51870e-01,-0.055,0.058
-1.51860e-01,-0.053,0.06
-1.51850e-01,-0.057,0.06
-1.51840e-01,-0.057,0.064
-1.51830e-01,-0.059,0.062
-1.51820e-01,-0.047,0.054
-1.51810e-01,-0.059,0.064
-1.51800e-01,-0.059,0.064
-1.51790e-01,-0.055,0.06
-1.51780e-01,-0.055,0.064
-1.51770e-01,-0.053,0.06
-1.51760e-01,-0.053,0.056
-1.51750e-01,-0.057,0.062
-1.51740e-01,-0.055,0.06
-1.51730e-01,-0.061,0.064
-1.51720e-01,-0.051,0.06
-1.51710e-01,-0.059,0.064
-1.51700e-01,-0.057,0.068
-1.51690e-01,-0.055,0.058
-1.51680e-01,-0.059,0.064
-1.51670e-01,-0.047,0.058
-1.51660e-01,-0.059,0.064
-1.51650e-01,-0.051,0.058
-1.51640e-01,-0.057,0.06
-1.51630e-01,-0.057,0.062
-1.51620e-01,-0.059,0.06
-1.51610e-01,-0.051,0.058
-1.51600e-01,-0.065,0.066
-1.51590e-01,-0.055,0.06
-1.51580e-01,-0.057,0.068
-1.51570e-01,-0.057,0.066
-1.51560e-01,-0.059,0.064
-1.51550e-01,-0.059,0.064
-1.51540e-01,-0.057,0.06
-1.51530e-01,-0.057,0.064
-1.51520e-01,-0.055,0.062
-1.51510e-01,-0.057,0.064
-1.51500e-01,-0.055,0.056
-1.51490e-01,-0.057,0.06
-1.51480e-01,-0.061,0.062
-1.51470e-01,-0.055,0.064
-1.51460e-01,-0.063,0.066
-1.51450e-01,-0.061,0.064
-1.51440e-01,-0.061,0.064
-1.51430e-01,-0.055,0.062
-1.51420e-01,-0.057,0.062
-1.51410e-01,-0.057,0.064
-1.51400e-01,-0.061,0.06
-1.51390e-01,-0.055,0.062
-1.51380e-01,-0.061,0.064
-1.51370e-01,-0.055,0.066
-1.51360e-01,-0.053,0.064
-1.51350e-01,-0.061,0.068
-1.51340e-01,-0.059,0.066
-1.51330e-01,-0.057,0.062
-1.51320e-01,-0.055,0.06
-1.51310e-01,-0.055,0.062
-1.51300e-01,-0.055,0.062
-1.51290e-01,-0.059,0.062
-1.51280e-01,-0.057,0.064
-1.51270e-01,-0.047,0.056
-1.51260e-01,-0.059,0.062
-1.51250e-01,-0.045,0.05
-1.51240e-01,-0.059,0.068
-1.51230e-01,-0.053,0.058
-1.51220e-01,-0.055,0.06
-1.51210e-01,-0.055,0.062
-1.51200e-01,-0.061,0.066
-1.51190e-01,-0.063,0.064
-1.51180e-01,-0.053,0.058
-1.51170e-01,-0.049,0.058
-1.51160e-01,-0.055,0.06
-1.51150e-01,-0.047,0.054
-1.51140e-01,-0.053,0.06
-1.51130e-01,-0.061,0.062
-1.51120e-01,-0.059,0.062
-1.51110e-01,-0.055,0.058
-1.51100e-01,-0.055,0.064
-1.51090e-01,-0.047,0.058
-1.51080e-01,-0.055,0.066
-1.51070e-01,-0.043,0.052
-1.51060e-01,-0.061,0.062
-1.51050e-01,-0.053,0.062
-1.51040e-01,-0.059,0.068
-1.51030e-01,-0.057,0.06
-1.51020e-01,-0.055,0.062
-1.51010e-01,-0.059,0.064
-1.51000e-01,-0.057,0.064
-1.50990e-01,-0.059,0.062
-1.50980e-01,-0.057,0.062
-1.50970e-01,-0.055,0.058
-1.50960e-01,-0.061,0.066
-1.50950e-01,-0.053,0.06
-1.50940e-01,-0.059,0.062
-1.50930e-01,-0.047,0.054
-1.50920e-01,-0.061,0.06
-1.50910e-01,-0.059,0.064
-1.50900e-01,-0.053,0.06
-1.50890e-01,-0.057,0.06
-1.50880e-01,-0.059,0.064
-1.50870e-01,-0.053,0.058
-1.50860e-01,-0.055,0.062
-1.50850e-01,-0.061,0.062
-1.50840e-01,-0.045,0.05
-1.50830e-01,-0.059,0.064
-1.50820e-01,-0.061,0.064
-1.50810e-01,-0.055,0.06
-1.50800e-01,-0.061,0.066
-1.50790e-01,-0.055,0.06
-1.50780e-01,-0.061,0.064
-1.50770e-01,-0.049,0.058
-1.50760e-01,-0.055,0.06
-1.50750e-01,-0.055,0.06
-1.50740e-01,-0.055,0.06
-1.50730e-01,-0.059,0.062
-1.50720e-01,-0.059,0.062
-1.50710e-01,-0.057,0.06
-1.50700e-01,-0.059,0.062
-1.50690e-01,-0.051,0.06
-1.50680e-01,-0.055,0.062
-1.50670e-01,-0.061,0.064
-1.50660e-01,-0.057,0.064
-1.50650e-01,-0.057,0.064
-1.50640e-01,-0.061,0.064
-1.50630e-01,-0.059,0.066
-1.50620e-01,-0.061,0.062
-1.50610e-01,-0.057,0.06
-1.50600e-01,-0.059,0.064
-1.50590e-01,-0.047,0.054
-1.50580e-01,-0.059,0.066
-1.50570e-01,-0.059,0.064
-1.50560e-01,-0.061,0.064
-1.50550e-01,-0.057,0.068
-1.50540e-01,-0.049,0.05
-1.50530e-01,-0.059,0.064
-1.50520e-01,-0.059,0.06
-1.50510e-01,-0.059,0.064
-1.50500e-01,-0.059,0.066
-1.50490e-01,-0.059,0.066
-1.50480e-01,-0.057,0.06
-1.50470e-01,-0.059,0.06
-1.50460e-01,-0.057,0.064
-1.50450e-01,-0.057,0.064
-1.50440e-01,-0.059,0.064
-1.50430e-01,-0.055,0.062
-1.50420e-01,-0.059,0.062
-1.50410e-01,-0.053,0.06
-1.50400e-01,-0.059,0.064
-1.50390e-01,-0.057,0.06
-1.50380e-01,-0.061,0.064
-1.50370e-01,-0.053,0.06
-1.50360e-01,-0.059,0.064
-1.50350e-01,-0.059,0.06
-1.50340e-01,-0.061,0.064
-1.50330e-01,-0.051,0.06
-1.50320e-01,-0.059,0.064
-1.50310e-01,-0.059,0.062
-1.50300e-01,-0.061,0.064
-1.50290e-01,-0.057,0.064
-1.50280e-01,-0.061,0.062
-1.50270e-01,-0.059,0.062
-1.50260e-01,-0.059,0.064
-1.50250e-01,-0.049,0.054
-1.50240e-01,-0.051,0.058
-1.50230e-01,-0.061,0.06
-1.50220e-01,-0.061,0.064
-1.50210e-01,-0.055,0.06
-1.50200e-01,-0.059,0.068
-1.50190e-01,-0.059,0.064
-1.50180e-01,-0.059,0.064
-1.50170e-01,-0.059,0.064
-1.50160e-01,-0.059,0.062
-1.50150e-01,-0.059,0.062
-1.50140e-01,-0.055,0.06
-1.50130e-01,-0.057,0.062
-1.50120e-01,-0.045,0.056
-1.50110e-01,-0.061,0.064
-1.50100e-01,-0.061,0.064
-1.50090e-01,-0.057,0.06
-1.50080e-01,-0.055,0.06
-1.50070e-01,-0.057,0.06
-1.50060e-01,-0.059,0.06
-1.50050e-01,-0.057,0.062
-1.50040e-01,-0.057,0.064
-1.50030e-01,-0.059,0.062
-1.50020e-01,-0.059,0.064
-1.50010e-01,-0.059,0.062
-1.50000e-01,-0.055,0.06
-1.49990e-01,-0.055,0.058
-1.49980e-01,-0.053,0.064
-1.49970e-01,-0.057,0.064
-1.49960e-01,-0.059,0.062
-1.49950e-01,-0.059,0.064
-1.49940e-01,-0.055,0.062
-1.49930e-01,-0.057,0.056
-1.49920e-01,-0.059,0.062
-1.49910e-01,-0.059,0.064
-1.49900e-01,-0.055,0.06
-1.49890e-01,-0.059,0.064
-1.49880e-01,-0.063,0.064
-1.49870e-01,-0.057,0.062
-1.49860e-01,-0.059,0.062
-1.49850e-01,-0.059,0.064
-1.49840e-01,-0.051,0.058
-1.49830e-01,-0.059,0.064
-1.49820e-01,-0.051,0.06
-1.49810e-01,-0.055,0.06
-1.49800e-01,-0.059,0.068
-1.49790e-01,-0.059,0.066
-1.49780e-01,-0.057,0.068
-1.49770e-01,-0.057,0.062
-1.49760e-01,-0.061,0.064
-1.49750e-01,-0.057,0.06
-1.49740e-01,-0.061,0.062
-1.49730e-01,-0.061,0.06
-1.49720e-01,-0.061,0.06
-1.49710e-01,-0.057,0.06
-1.49700e-01,-0.061,0.064
-1.49690e-01,-0.061,0.062
-1.49680e-01,-0.059,0.066
-1.49670e-01,-0.061,0.064
-1.49660e-01,-0.057,0.062
-1.49650e-01,-0.057,0.062
-1.49640e-01,-0.053,0.058
-1.49630e-01,-0.051,0.058
-1.49620e-01,-0.057,0.06
-1.49610e-01,-0.057,0.056
-1.49600e-01,-0.055,0.064
-1.49590e-01,-0.059,0.064
-1.49580e-01,-0.059,0.062
-1.49570e-01,-0.059,0.062
-1.49560e-01,-0.061,0.064
-1.49550e-01,-0.057,0.064
-1.49540e-01,-0.059,0.062
-1.49530e-01,-0.049,0.058
-1.49520e-01,-0.057,0.064
-1.49510e-01,-0.059,0.066
-1.49500e-01,-0.051,0.056
-1.49490e-01,-0.061,0.062
-1.49480e-01,-0.049,0.056
-1.49470e-01,-0.055,0.058
-1.49460e-01,-0.049,0.056
-1.49450e-01,-0.059,0.062
-1.49440e-01,-0.053,0.06
-1.49430e-01,-0.055,0.06
-1.49420e-01,-0.047,0.054
-1.49410e-01,-0.061,0.064
-1.49400e-01,-0.057,0.06
-1.49390e-01,-0.059,0.068
-1.49380e-01,-0.063,0.064
-1.49370e-01,-0.059,0.064
-1.49360e-01,-0.059,0.064
-1.49350e-01,-0.059,0.066
-1.49340e-01,-0.059,0.06
-1.49330e-01,-0.059,0.068
-1.49320e-01,-0.057,0.064
-1.49310e-01,-0.049,0.05
-1.49300e-01,-0.061,0.066
-1.49290e-01,-0.053,0.058
-1.49280e-01,-0.063,0.066
-1.49270e-01,-0.057,0.064
-1.49260e-01,-0.053,0.066
-1.49250e-01,-0.055,0.062
-1.49240e-01,-0.059,0.064
-1.49230e-01,-0.059,0.068
-1.49220e-01,-0.061,0.064
-1.49210e-01,-0.057,0.064
-1.49200e-01,-0.059,0.06
-1.49190e-01,-0.059,0.064
-1.49180e-01,-0.059,0.062
-1.49170e-01,-0.059,0.064
-1.49160e-01,-0.051,0.058
-1.49150e-01,-0.057,0.062
-1.49140e-01,-0.051,0.06
-1.49130e-01,-0.057,0.06
-1.49120e-01,-0.061,0.06
-1.49110e-01,-0.059,0.062
-1.49100e-01,-0.049,0.056
-1.49090e-01,-0.061,0.064
-1.49080e-01,-0.055,0.058
-1.49070e-01,-0.059,0.062
-1.49060e-01,-0.059,0.064
-1.49050e-01,-0.059,0.064
-1.49040e-01,-0.059,0.062
-1.49030e-01,-0.057,0.062
-1.49020e-01,-0.059,0.066
-1.49010e-01,-0.061,0.064
-1.49000e-01,-0.059,0.066
-1.48990e-01,-0.053,0.058
-1.48980e-01,-0.059,0.062
-1.48970e-01,-0.055,0.06
-1.48960e-01,-0.059,0.06
-1.48950e-01,-0.049,0.06
-1.48940e-01,-0.059,0.064
-1.48930e-01,-0.055,0.06
-1.48920e-01,-0.055,0.064
-1.48910e-01,-0.053,0.06
-1.48900e-01,-0.061,0.064
-1.48890e-01,-0.059,0.062
-1.48880e-01,-0.053,0.06
-1.48870e-01,-0.055,0.06
-1.48860e-01,-0.059,0.06
-1.48850e-01,-0.053,0.062
-1.48840e-01,-0.055,0.062
-1.48830e-01,-0.057,0.06
-1.48820e-01,-0.061,0.06
-1.48810e-01,-0.061,0.062
-1.48800e-01,-0.051,0.056
-1.48790e-01,-0.059,0.06
-1.48780e-01,-0.065,0.064
-1.48770e-01,-0.061,0.062
-1.48760e-01,-0.063,0.062
-1.48750e-01,-0.055,0.06
-1.48740e-01,-0.059,0.062
-1.48730e-01,-0.059,0.066
-1.48720e-01,-0.057,0.064
-1.48710e-01,-0.063,0.064
-1.48700e-01,-0.059,0.066
-1.48690e-01,-0.055,0.06
-1.48680e-01,-0.057,0.062
-1.48670e-01,-0.063,0.062
-1.48660e-01,-0.057,0.064
-1.48650e-01,-0.059,0.06
-1.48640e-01,-0.055,0.062
-1.48630e-01,-0.043,0.048
-1.48620e-01,-0.061,0.06
-1.48610e-01,-0.059,0.064
-1.48600e-01,-0.061,0.066
-1.48590e-01,-0.063,0.064
-1.48580e-01,-0.061,0.062
-1.48570e-01,-0.057,0.062
-1.48560e-01,-0.059,0.06
-1.48550e-01,-0.057,0.062
-1.48540e-01,-0.059,0.066
-1.48530e-01,-0.057,0.06
-1.48520e-01,-0.059,0.062
-1.48510e-01,-0.061,0.064
-1.48500e-01,-0.061,0.062
-1.48490e-01,-0.059,0.06
-1.48480e-01,-0.061,0.062
-1.48470e-01,-0.059,0.064
-1.48460e-01,-0.059,0.064
-1.48450e-01,-0.053,0.058
-1.48440e-01,-0.059,0.064
-1.48430e-01,-0.061,0.062
-1.48420e-01,-0.059,0.06
-1.48410e-01,-0.059,0.066
-1.48400e-01,-0.057,0.06
-1.48390e-01,-0.061,0.064
-1.48380e-01,-0.053,0.058
-1.48370e-01,-0.059,0.064
-1.48360e-01,-0.057,0.064
-1.48350e-01,-0.055,0.058
-1.48340e-01,-0.055,0.058
-1.48330e-01,-0.059,0.064
-1.48320e-01,-0.049,0.06
-1.48310e-01,-0.055,0.06
-1.48300e-01,-0.057,0.062
-1.48290e-01,-0.059,0.062
-1.48280e-01,-0.059,0.062
-1.48270e-01,-0.057,0.062
-1.48260e-01,-0.055,0.062
-1.48250e-01,-0.055,0.06
-1.48240e-01,-0.057,0.062
-1.48230e-01,-0.053,0.06
-1.48220e-01,-0.059,0.062
-1.48210e-01,-0.053,0.056
-1.48200e-01,-0.055,0.062
-1.48190e-01,-0.059,0.064
-1.48180e-01,-0.055,0.064
-1.48170e-01,-0.059,0.066
-1.48160e-01,-0.057,0.064
-1.48150e-01,-0.059,0.06
-1.48140e-01,-0.055,0.062
-1.48130e-01,-0.061,0.062
-1.48120e-01,-0.059,0.062
-1.48110e-01,-0.057,0.064
-1.48100e-01,-0.063,0.062
-1.48090e-01,-0.061,0.064
-1.48080e-01,-0.059,0.064
-1.48070e-01,-0.051,0.056
-1.48060e-01,-0.057,0.064
-1.48050e-01,-0.055,0.062
-1.48040e-01,-0.057,0.064
-1.48030e-01,-0.057,0.06
-1.48020e-01,-0.053,0.06
-1.48010e-01,-0.055,0.06
-1.48000e-01,-0.051,0.056
-1.47990e-01,-0.063,0.066
-1.47980e-01,-0.055,0.064
-1.47970e-01,-0.059,0.064
-1.47960e-01,-0.055,0.058
-1.47950e-01,-0.061,0.068
-1.47940e-01,-0.061,0.062
-1.47930e-01,-0.059,0.064
-1.47920e-01,-0.055,0.06
-1.47910e-01,-0.061,0.062
-1.47900e-01,-0.055,0.058
-1.47890e-01,-0.061,0.064
-1.47880e-01,-0.051,0.058
-1.47870e-01,-0.057,0.06
-1.47860e-01,-0.055,0.06
-1.47850e-01,-0.055,0.06
-1.47840e-01,-0.055,0.062
-1.47830e-01,-0.059,0.064
-1.47820e-01,-0.061,0.064
-1.47810e-01,-0.061,0.064
-1.47800e-01,-0.057,0.064
-1.47790e-01,-0.055,0.062
-1.47780e-01,-0.059,0.062
-1.47770e-01,-0.055,0.06
-1.47760e-01,-0.059,0.064
-1.47750e-01,-0.055,0.06
-1.47740e-01,-0.053,0.056
-1.47730e-01,-0.057,0.062
-1.47720e-01,-0.051,0.06
-1.47710e-01,-0.051,0.06
-1.47700e-01,-0.059,0.062
-1.47690e-01,-0.063,0.064
-1.47680e-01,-0.057,0.064
-1.47670e-01,-0.059,0.064
-1.47660e-01,-0.059,0.064
-1.47650e-01,-0.049,0.054
-1.47640e-01,-0.061,0.068
-1.47630e-01,-0.049,0.058
-1.47620e-01,-0.059,0.064
-1.47610e-01,-0.061,0.064
-1.47600e-01,-0.059,0.062
-1.47590e-01,-0.053,0.06
-1.47580e-01,-0.059,0.062
-1.47570e-01,-0.053,0.06
-1.47560e-01,-0.059,0.062
-1.47550e-01,-0.051,0.054
-1.47540e-01,-0.055,0.06
-1.47530e-01,-0.049,0.052
-1.47520e-01,-0.063,0.064
-1.47510e-01,-0.059,0.064
-1.47500e-01,-0.055,0.062
-1.47490e-01,-0.057,0.064
-1.47480e-01,-0.053,0.056
-1.47470e-01,-0.059,0.062
-1.47460e-01,-0.051,0.056
-1.47450e-01,-0.063,0.062
-1.47440e-01,-0.049,0.06
-1.47430e-01,-0.055,0.06
-1.47420e-01,-0.049,0.056
-1.47410e-01,-0.055,0.06
-1.47400e-01,-0.051,0.06
-1.47390e-01,-0.055,0.06
-1.47380e-01,-0.053,0.06
-1.47370e-01,-0.057,0.066
-1.47360e-01,-0.057,0.06
-1.47350e-01,-0.061,0.064
-1.47340e-01,-0.063,0.064
-1.47330e-01,-0.059,0.062
-1.47320e-01,-0.059,0.064
-1.47310e-01,-0.061,0.066
-1.47300e-01,-0.059,0.064
-1.47290e-01,-0.057,0.062
-1.47280e-01,-0.061,0.062
-1.47270e-01,-0.059,0.06
-1.47260e-01,-0.055,0.06
-1.47250e-01,-0.049,0.058
-1.47240e-01,-0.059,0.062
-1.47230e-01,-0.051,0.056
-1.47220e-01,-0.055,0.06
-1.47210e-01,-0.051,0.056
-1.47200e-01,-0.065,0.062
-1.47190e-01,-0.053,0.058
-1.47180e-01,-0.057,0.06
-1.47170e-01,-0.057,0.062
-1.47160e-01,-0.047,0.048
-1.47150e-01,-0.061,0.064
-1.47140e-01,-0.045,0.048
-1.47130e-01,-0.059,0.062
-1.47120e-01,-0.045,0.05
-1.47110e-01,-0.057,0.06
-1.47100e-01,-0.049,0.054
-1.47090e-01,-0.057,0.064
-1.47080e-01,-0.057,0.062
-1.47070e-01,-0.059,0.066
-1.47060e-01,-0.049,0.056
-1.47050e-01,-0.057,0.06
-1.47040e-01,-0.059,0.064
-1.47030e-01,-0.059,0.06
-1.47020e-01,-0.059,0.064
-1.47010e-01,-0.061,0.064
-1.47000e-01,-0.059,0.068
-1.46990e-01,-0.061,0.064
-1.46980e-01,-0.053,0.056
-1.46970e-01,-0.059,0.068
-1.46960e-01,-0.059,0.064
-1.46950e-01,-0.061,0.064
-1.46940e-01,-0.057,0.06
-1.46930e-01,-0.061,0.062
-1.46920e-01,-0.057,0.062
-1.46910e-01,-0.063,0.062
-1.46900e-01,-0.059,0.062
-1.46890e-01,-0.043,0.05
-1.46880e-01,-0.059,0.064
-1.46870e-01,-0.053,0.056
-1.46860e-01,-0.053,0.06
-1.46850e-01,-0.047,0.054
-1.46840e-01,-0.055,0.058
-1.46830e-01,-0.059,0.064
-1.46820e-01,-0.057,0.06
-1.46810e-01,-0.053,0.062
-1.46800e-01,-0.059,0.062
-1.46790e-01,-0.059,0.064
-1.46780e-01,-0.057,0.06
-1.46770e-01,-0.057,0.066
-1.46760e-01,-0.055,0.06
-1.46750e-01,-0.059,0.06
-1.46740e-01,-0.055,0.06
-1.46730e-01,-0.059,0.064
-1.46720e-01,-0.055,0.06
-1.46710e-01,-0.061,0.066
-1.46700e-01,-0.061,0.064
-1.46690e-01,-0.061,0.06
-1.46680e-01,-0.055,0.056
-1.46670e-01,-0.061,0.066
-1.46660e-01,-0.053,0.056
-1.46650e-01,-0.059,0.062
-1.46640e-01,-0.063,0.068
-1.46630e-01,-0.057,0.06
-1.46620e-01,-0.059,0.066
-1.46610e-01,-0.059,0.062
-1.46600e-01,-0.059,0.064
-1.46590e-01,-0.059,0.064
-1.46580e-01,-0.053,0.06
-1.46570e-01,-0.055,0.058
-1.46560e-01,-0.059,0.06
-1.46550e-01,-0.059,0.066
-1.46540e-01,-0.057,0.058
-1.46530e-01,-0.055,0.06
-1.46520e-01,-0.059,0.066
-1.46510e-01,-0.051,0.05
-1.46500e-01,-0.059,0.068
-1.46490e-01,-0.051,0.06
-1.46480e-01,-0.051,0.06
-1.46470e-01,-0.057,0.064
-1.46460e-01,-0.057,0.064
-1.46450e-01,-0.063,0.064
-1.46440e-01,-0.059,0.062
-1.46430e-01,-0.059,0.064
-1.46420e-01,-0.059,0.064
-1.46410e-01,-0.063,0.064
-1.46400e-01,-0.059,0.062
-1.46390e-01,-0.059,0.066
-1.46380e-01,-0.057,0.064
-1.46370e-01,-0.055,0.064
-1.46360e-01,-0.059,0.064
-1.46350e-01,-0.061,0.064
-1.46340e-01,-0.059,0.064
-1.46330e-01,-0.049,0.054
-1.46320e-01,-0.057,0.064
-1.46310e-01,-0.057,0.06
-1.46300e-01,-0.055,0.06
-1.46290e-01,-0.059,0.06
-1.46280e-01,-0.051,0.056
-1.46270e-01,-0.057,0.064
-1.46260e-01,-0.057,0.06
-1.46250e-01,-0.055,0.06
-1.46240e-01,-0.065,0.064
-1.46230e-01,-0.059,0.064
-1.46220e-01,-0.055,0.06
-1.46210e-01,-0.059,0.064
-1.46200e-01,-0.061,0.062
-1.46190e-01,-0.055,0.06
-1.46180e-01,-0.059,0.062
-1.46170e-01,-0.049,0.054
-1.46160e-01,-0.055,0.064
-1.46150e-01,-0.047,0.05
-1.46140e-01,-0.061,0.064
-1.46130e-01,-0.059,0.066
-1.46120e-01,-0.047,0.054
-1.46110e-01,-0.059,0.062
-1.46100e-01,-0.047,0.052
-1.46090e-01,-0.061,0.064
-1.46080e-01,-0.055,0.06
-1.46070e-01,-0.061,0.064
-1.46060e-01,-0.045,0.05
-1.46050e-01,-0.059,0.064
-1.46040e-01,-0.059,0.062
-1.46030e-01,-0.057,0.064
-1.46020e-01,-0.055,0.06
-1.46010e-01,-0.057,0.064
-1.46000e-01,-0.041,0.05
-1.45990e-01,-0.059,0.062
-1.45980e-01,-0.057,0.06
-1.45970e-01,-0.061,0.066
-1.45960e-01,-0.055,0.06
-1.45950e-01,-0.059,0.064
-1.45940e-01,-0.057,0.062
-1.45930e-01,-0.059,0.064
-1.45920e-01,-0.057,0.066
-1.45910e-01,-0.059,0.064
-1.45900e-01,-0.057,0.06
-1.45890e-01,-0.057,0.064
-1.45880e-01,-0.055,0.058
-1.45870e-01,-0.057,0.062
-1.45860e-01,-0.059,0.06
-1.45850e-01,-0.053,0.06
-1.45840e-01,-0.059,0.062
-1.45830e-01,-0.057,0.06
-1.45820e-01,-0.063,0.064
-1.45810e-01,-0.053,0.054
-1.45800e-01,-0.055,0.06
-1.45790e-01,-0.049,0.058
-1.45780e-01,-0.057,0.064
-1.45770e-01,-0.049,0.056
-1.45760e-01,-0.063,0.068
-1.45750e-01,-0.053,0.06
-1.45740e-01,-0.061,0.064
-1.45730e-01,-0.053,0.054
-1.45720e-01,-0.059,0.066
-1.45710e-01,-0.057,0.062
-1.45700e-01,-0.059,0.062
-1.45690e-01,-0.061,0.066
-1.45680e-01,-0.053,0.056
-1.45670e-01,-0.053,0.056
-1.45660e-01,-0.057,0.06
-1.45650e-01,-0.049,0.058
-1.45640e-01,-0.055,0.06
-1.45630e-01,-0.057,0.058
-1.45620e-01,-0.063,0.062
-1.45610e-01,-0.053,0.058
-1.45600e-01,-0.057,0.062
-1.45590e-01,-0.051,0.054
-1.45580e-01,-0.053,0.06
-1.45570e-01,-0.057,0.06
-1.45560e-01,-0.063,0.064
-1.45550e-01,-0.051,0.06
-1.45540e-01,-0.047,0.054
-1.45530e-01,-0.055,0.064
-1.45520e-01,-0.051,0.058
-1.45510e-01,-0.053,0.056
-1.45500e-01,-0.049,0.054
-1.45490e-01,-0.053,0.056
-1.45480e-01,-0.055,0.062
-1.45470e-01,-0.059,0.064
-1.45460e-01,-0.059,0.062
-1.45450e-01,-0.055,0.064
-1.45440e-01,-0.051,0.058
-1.45430e-01,-0.059,0.06
-1.45420e-01,-0.057,0.062
-1.45410e-01,-0.061,0.064
-1.45400e-01,-0.055,0.06
-1.45390e-01,-0.057,0.06
-1.45380e-01,-0.047,0.054
-1.45370e-01,-0.059,0.062
-1.45360e-01,-0.059,0.064
-1.45350e-01,-0.059,0.06
-1.45340e-01,-0.061,0.062
-1.45330e-01,-0.059,0.064
-1.45320e-01,-0.059,0.064
-1.45310e-01,-0.059,0.062
-1.45300e-01,-0.057,0.062
-1.45290e-01,-0.059,0.064
-1.45280e-01,-0.057,0.062
-1.45270e-01,-0.061,0.062
-1.45260e-01,-0.061,0.062
-1.45250e-01,-0.059,0.064
-1.45240e-01,-0.063,0.064
-1.45230e-01,-0.057,0.062
-1.45220e-01,-0.057,0.064
-1.45210e-01,-0.055,0.064
-1.45200e-01,-0.059,0.064
-1.45190e-01,-0.061,0.064
-1.45180e-01,-0.057,0.06
-1.45170e-01,-0.051,0.056
-1.45160e-01,-0.057,0.064
-1.45150e-01,-0.059,0.064
-1.45140e-01,-0.063,0.064
-1.45130e-01,-0.059,0.062
-1.45120e-01,-0.059,0.062
-1.45110e-01,-0.061,0.064
-1.45100e-01,-0.057,0.064
-1.45090e-01,-0.057,0.062
-1.45080e-01,-0.061,0.064
-1.45070e-01,-0.049,0.056
-1.45060e-01,-0.057,0.06
-1.45050e-01,-0.045,0.056
-1.45040e-01,-0.057,0.06
-1.45030e-01,-0.049,0.058
-1.45020e-01,-0.053,0.058
-1.45010e-01,-0.043,0.052
-1.45000e-01,-0.061,0.064
-1.44990e-01,-0.059,0.064
-1.44980e-01,-0.057,0.064
-1.44970e-01,-0.055,0.06
-1.44960e-01,-0.057,0.062
-1.44950e-01,-0.059,0.062
-1.44940e-01,-0.061,0.064
-1.44930e-01,-0.055,0.06
-1.44920e-01,-0.061,0.064
-1.44910e-01,-0.059,0.066
-1.44900e-01,-0.057,0.062
-1.44890e-01,-0.059,0.064
-1.44880e-01,-0.059,0.062
-1.44870e-01,-0.059,0.062
-1.44860e-01,-0.059,0.062
-1.44850e-01,-0.053,0.06
-1.44840e-01,-0.061,0.066
-1.44830e-01,-0.055,0.058
-1.44820e-01,-0.059,0.064
-1.44810e-01,-0.059,0.064
-1.44800e-01,-0.059,0.062
-1.44790e-01,-0.057,0.06
-1.44780e-01,-0.059,0.062
-1.44770e-01,-0.057,0.06
-1.44760e-01,-0.057,0.064
-1.44750e-01,-0.057,0.066
-1.44740e-01,-0.057,0.06
-1.44730e-01,-0.055,0.062
-1.44720e-01,-0.041,0.048
-1.44710e-01,-0.057,0.06
-1.44700e-01,-0.053,0.06
-1.44690e-01,-0.053,0.06
-1.44680e-01,-0.051,0.058
-1.44670e-01,-0.059,0.064
-1.44660e-01,-0.045,0.054
-1.44650e-01,-0.057,0.064
-1.44640e-01,-0.057,0.066
-1.44630e-01,-0.057,0.064
-1.44620e-01,-0.055,0.06
-1.44610e-01,-0.049,0.058
-1.44600e-01,-0.059,0.062
-1.44590e-01,-0.057,0.06
-1.44580e-01,-0.061,0.062
-1.44570e-01,-0.057,0.06
-1.44560e-01,-0.057,0.06
-1.44550e-01,-0.049,0.056
-1.44540e-01,-0.055,0.062
-1.44530e-01,-0.061,0.064
-1.44520e-01,-0.057,0.064
-1.44510e-01,-0.061,0.064
-1.44500e-01,-0.061,0.064
-1.44490e-01,-0.059,0.066
-1.44480e-01,-0.059,0.064
-1.44470e-01,-0.059,0.06
-1.44460e-01,-0.059,0.064
-1.44450e-01,-0.055,0.062
-1.44440e-01,-0.063,0.064
-1.44430e-01,-0.057,0.06
-1.44420e-01,-0.061,0.064
-1.44410e-01,-0.055,0.06
-1.44400e-01,-0.053,0.062
-1.44390e-01,-0.057,0.06
-1.44380e-01,-0.047,0.056
-1.44370e-01,-0.061,0.064
-1.44360e-01,-0.059,0.062
-1.44350e-01,-0.057,0.064
-1.44340e-01,-0.059,0.064
-1.44330e-01,-0.059,0.064
-1.44320e-01,-0.057,0.06
-1.44310e-01,-0.061,0.062
-1.44300e-01,-0.061,0.062
-1.44290e-01,-0.055,0.058
-1.44280e-01,-0.055,0.066
-1.44270e-01,-0.055,0.06
-1.44260e-01,-0.051,0.054
-1.44250e-01,-0.053,0.06
-1.44240e-01,-0.057,0.062
-1.44230e-01,-0.061,0.062
-1.44220e-01,-0.039,0.048
-1.44210e-01,-0.051,0.056
-1.44200e-01,-0.051,0.06
-1.44190e-01,-0.057,0.062
-1.44180e-01,-0.055,0.06
-1.44170e-01,-0.059,0.066
-1.44160e-01,-0.061,0.064
-1.44150e-01,-0.053,0.058
-1.44140e-01,-0.063,0.064
-1.44130e-01,-0.059,0.064
-1.44120e-01,-0.057,0.062
-1.44110e-01,-0.059,0.062
-1.44100e-01,-0.057,0.062
-1.44090e-01,-0.059,0.066
-1.44080e-01,-0.055,0.06
-1.44070e-01,-0.059,0.062
-1.44060e-01,-0.049,0.056
-1.44050e-01,-0.055,0.06
-1.44040e-01,-0.055,0.062
-1.44030e-01,-0.063,0.064
-1.44020e-01,-0.063,0.066
-1.44010e-01,-0.059,0.06
-1.44000e-01,-0.057,0.06
-1.43990e-01,-0.053,0.06
-1.43980e-01,-0.055,0.056
-1.43970e-01,-0.059,0.062
-1.43960e-01,-0.053,0.058
-1.43950e-01,-0.063,0.066
-1.43940e-01,-0.057,0.062
-1.43930e-01,-0.051,0.058
-1.43920e-01,-0.057,0.064
-1.43910e-01,-0.055,0.06
-1.43900e-01,-0.059,0.066
-1.43890e-01,-0.059,0.064
-1.43880e-01,-0.055,0.064
-1.43870e-01,-0.061,0.064
-1.43860e-01,-0.059,0.064
-1.43850e-01,-0.059,0.06
-1.43840e-01,-0.061,0.066
-1.43830e-01,-0.057,0.062
-1.43820e-01,-0.057,0.06
-1.43810e-01,-0.061,0.06
-1.43800e-01,-0.061,0.064
-1.43790e-01,-0.059,0.06
-1.43780e-01,-0.051,0.058
-1.43770e-01,-0.055,0.062
-1.43760e-01,-0.059,0.064
-1.43750e-01,-0.055,0.06
-1.43740e-01,-0.059,0.062
-1.43730e-01,-0.055,0.062
-1.43720e-01,-0.055,0.06
-1.43710e-01,-0.059,0.062
-1.43700e-01,-0.061,0.062
-1.43690e-01,-0.059,0.066
-1.43680e-01,-0.063,0.06
-1.43670e-01,-0.057,0.064
-1.43660e-01,-0.057,0.06
-1.43650e-01,-0.049,0.054
-1.43640e-01,-0.053,0.06
-1.43630e-01,-0.049,0.054
-1.43620e-01,-0.057,0.062
-1.43610e-01,-0.053,0.058
-1.43600e-01,-0.059,0.066
-1.43590e-01,-0.059,0.064
-1.43580e-01,-0.059,0.06
-1.43570e-01,-0.061,0.062
-1.43560e-01,-0.059,0.064
-1.43550e-01,-0.059,0.064
-1.43540e-01,-0.061,0.064
-1.43530e-01,-0.063,0.062
-1.43520e-01,-0.059,0.062
-1.43510e-01,-0.055,0.056
-1.43500e-01,-0.051,0.06
-1.43490e-01,-0.063,0.064
-1.43480e-01,-0.061,0.064
-1.43470e-01,-0.061,0.06
-1.43460e-01,-0.045,0.05
-1.43450e-01,-0.055,0.064
-1.43440e-01,-0.041,0.05
-1.43430e-01,-0.059,0.064
-1.43420e-01,-0.061,0.066
-1.43410e-01,-0.053,0.06
-1.43400e-01,-0.059,0.062
-1.43390e-01,-0.061,0.064
-1.43380e-01,-0.059,0.062
-1.43370e-01,-0.055,0.062
-1.43360e-01,-0.061,0.066
-1.43350e-01,-0.061,0.066
-1.43340e-01,-0.059,0.064
-1.43330e-01,-0.051,0.058
-1.43320e-01,-0.059,0.068
-1.43310e-01,-0.045,0.052
-1.43300e-01,-0.055,0.064
-1.43290e-01,-0.047,0.054
-1.43280e-01,-0.059,0.062
-1.43270e-01,-0.057,0.066
-1.43260e-01,-0.057,0.062
-1.43250e-01,-0.059,0.062
-1.43240e-01,-0.057,0.064
-1.43230e-01,-0.059,0.066
-1.43220e-01,-0.051,0.056
-1.43210e-01,-0.055,0.062
-1.43200e-01,-0.063,0.06
-1.43190e-01,-0.057,0.064
-1.43180e-01,-0.057,0.06
-1.43170e-01,-0.059,0.064
-1.43160e-01,-0.055,0.058
-1.43150e-01,-0.049,0.056
-1.43140e-01,-0.059,0.062
-1.43130e-01,-0.049,0.054
-1.43120e-01,-0.059,0.064
-1.43110e-01,-0.051,0.06
-1.43100e-01,-0.059,0.066
-1.43090e-01,-0.063,0.064
-1.43080e-01,-0.061,0.066
-1.43070e-01,-0.059,0.06
-1.43060e-01,-0.057,0.062
-1.43050e-01,-0.057,0.062
-1.43040e-01,-0.053,0.058
-1.43030e-01,-0.057,0.06
-1.43020e-01,-0.057,0.06
-1.43010e-01,-0.053,0.06
-1.43000e-01,-0.055,0.06
-1.42990e-01,-0.061,0.064
-1.42980e-01,-0.059,0.064
-1.42970e-01,-0.059,0.062
-1.42960e-01,-0.059,0.064
-1.42950e-01,-0.061,0.068
-1.42940e-01,-0.057,0.064
-1.42930e-01,-0.053,0.062
-1.42920e-01,-0.055,0.06
-1.42910e-01,-0.055,0.058
-1.42900e-01,-0.059,0.064
-1.42890e-01,-0.057,0.062
-1.42880e-01,-0.057,0.06
-1.42870e-01,-0.055,0.06
-1.42860e-01,-0.059,0.066
-1.42850e-01,-0.049,0.056
-1.42840e-01,-0.059,0.062
-1.42830e-01,-0.057,0.06
-1.42820e-01,-0.051,0.06
-1.42810e-01,-0.061,0.064
-1.42800e-01,-0.055,0.062
-1.42790e-01,-0.057,0.064
-1.42780e-01,-0.053,0.058
-1.42770e-01,-0.053,0.06
-1.42760e-01,-0.053,0.058
-1.42750e-01,-0.051,0.06
-1.42740e-01,-0.059,0.06
-1.42730e-01,-0.055,0.06
-1.42720e-01,-0.053,0.06
-1.42710e-01,-0.057,0.062
-1.42700e-01,-0.059,0.062
-1.42690e-01,-0.057,0.062
-1.42680e-01,-0.055,0.064
-1.42670e-01,-0.059,0.06
-1.42660e-01,-0.059,0.062
-1.42650e-01,-0.061,0.064
-1.42640e-01,-0.063,0.066
-1.42630e-01,-0.057,0.064
-1.42620e-01,-0.047,0.05
-1.42610e-01,-0.059,0.062
-1.42600e-01,-0.043,0.054
-1.42590e-01,-0.055,0.062
-1.42580e-01,-0.057,0.066
-1.42570e-01,-0.057,0.06
-1.42560e-01,-0.057,0.062
-1.42550e-01,-0.051,0.056
-1.42540e-01,-0.055,0.062
-1.42530e-01,-0.059,0.062
-1.42520e-01,-0.053,0.06
-1.42510e-01,-0.055,0.062
-1.42500e-01,-0.049,0.058
-1.42490e-01,-0.057,0.064
-1.42480e-01,-0.057,0.062
-1.42470e-01,-0.059,0.062
-1.42460e-01,-0.057,0.06
-1.42450e-01,-0.055,0.06
-1.42440e-01,-0.051,0.06
-1.42430e-01,-0.061,0.066
-1.42420e-01,-0.063,0.062
-1.42410e-01,-0.051,0.06
-1.42400e-01,-0.055,0.06
-1.42390e-01,-0.061,0.062
-1.42380e-01,-0.055,0.06
-1.42370e-01,-0.059,0.06
-1.42360e-01,-0.059,0.062
-1.42350e-01,-0.051,0.056
-1.42340e-01,-0.061,0.064
-1.42330e-01,-0.063,0.06
-1.42320e-01,-0.053,0.06
-1.42310e-01,-0.061,0.062
-1.42300e-01,-0.043,0.052
-1.42290e-01,-0.055,0.064
-1.42280e-01,-0.055,0.064
-1.42270e-01,-0.063,0.062
-1.42260e-01,-0.059,0.062
-1.42250e-01,-0.061,0.06
-1.42240e-01,-0.057,0.06
-1.42230e-01,-0.059,0.064
-1.42220e-01,-0.051,0.058
-1.42210e-01,-0.057,0.066
-1.42200e-01,-0.049,0.056
-1.42190e-01,-0.059,0.062
-1.42180e-01,-0.059,0.062
-1.42170e-01,-0.053,0.06
-1.42160e-01,-0.057,0.06
-1.42150e-01,-0.053,0.06
-1.42140e-01,-0.057,0.064
-1.42130e-01,-0.061,0.064
-1.42120e-01,-0.057,0.06
-1.42110e-01,-0.055,0.066
-1.42100e-01,-0.055,0.06
-1.42090e-01,-0.059,0.064
-1.42080e-01,-0.065,0.062
-1.42070e-01,-0.051,0.056
-1.42060e-01,-0.063,0.064
-1.42050e-01,-0.059,0.064
-1.42040e-01,-0.061,0.066
-1.42030e-01,-0.055,0.062
-1.42020e-01,-0.059,0.064
-1.42010e-01,-0.057,0.056
-1.42000e-01,-0.057,0.06
-1.41990e-01,-0.057,0.064
-1.41980e-01,-0.055,0.064
-1.41970e-01,-0.061,0.064
-1.41960e-01,-0.057,0.06
-1.41950e-01,-0.055,0.06
-1.41940e-01,-0.055,0.064
-1.41930e-01,-0.059,0.06
-1.41920e-01,-0.059,0.066
-1.41910e-01,-0.059,0.064
-1.41900e-01,-0.057,0.06
-1.41890e-01,-0.059,0.066
-1.41880e-01,-0.055,0.06
-1.41870e-01,-0.057,0.066
-1.41860e-01,-0.059,0.064
-1.41850e-01,-0.061,0.062
-1.41840e-01,-0.057,0.062
-1.41830e-01,-0.061,0.064
-1.41820e-01,-0.061,0.064
-1.41810e-01,-0.059,0.064
-1.41800e-01,-0.055,0.062
-1.41790e-01,-0.059,0.062
-1.41780e-01,-0.061,0.064
-1.41770e-01,-0.061,0.068
-1.41760e-01,-0.055,0.062
-1.41750e-01,-0.059,0.064
-1.41740e-01,-0.053,0.064
-1.41730e-01,-0.059,0.064
-1.41720e-01,-0.059,0.062
-1.41710e-01,-0.061,0.062
-1.41700e-01,-0.053,0.062
-1.41690e-01,-0.063,0.064
-1.41680e-01,-0.057,0.064
-1.41670e-01,-0.059,0.064
-1.41660e-01,-0.055,0.062
-1.41650e-01,-0.059,0.06
-1.41640e-01,-0.059,0.064
-1.41630e-01,-0.059,0.062
-1.41620e-01,-0.059,0.064
-1.41610e-01,-0.057,0.062
-1.41600e-01,-0.061,0.068
-1.41590e-01,-0.055,0.062
-1.41580e-01,-0.055,0.064
-1.41570e-01,-0.057,0.06
-1.41560e-01,-0.055,0.066
-1.41550e-01,-0.053,0.058
-1.41540e-01,-0.059,0.062
-1.41530e-01,-0.057,0.06
-1.41520e-01,-0.059,0.064
-1.41510e-01,-0.055,0.056
-1.41500e-01,-0.059,0.062
-1.41490e-01,-0.059,0.064
-1.41480e-01,-0.061,0.062
-1.41470e-01,-0.057,0.06
-1.41460e-01,-0.061,0.066
-1.41450e-01,-0.059,0.06
-1.41440e-01,-0.059,0.06
-1.41430e-01,-0.041,0.048
-1.41420e-01,-0.055,0.06
-1.41410e-01,-0.057,0.062
-1.41400e-01,-0.057,0.062
-1.41390e-01,-0.059,0.062
-1.41380e-01,-0.055,0.06
-1.41370e-01,-0.061,0.062
-1.41360e-01,-0.059,0.064
-1.41350e-01,-0.061,0.064
-1.41340e-01,-0.057,0.06
-1.41330e-01,-0.051,0.06
-1.41320e-01,-0.043,0.046
-1.41310e-01,-0.059,0.06
-1.41300e-01,-0.057,0.064
-1.41290e-01,-0.059,0.064
-1.41280e-01,-0.053,0.06
-1.41270e-01,-0.047,0.056
-1.41260e-01,-0.053,0.06
-1.41250e-01,-0.057,0.06
-1.41240e-01,-0.055,0.062
-1.41230e-01,-0.057,0.062
-1.41220e-01,-0.057,0.064
-1.41210e-01,-0.063,0.068
-1.41200e-01,-0.061,0.062
-1.41190e-01,-0.059,0.062
-1.41180e-01,-0.055,0.06
-1.41170e-01,-0.055,0.058
-1.41160e-01,-0.059,0.062
-1.41150e-01,-0.059,0.064
-1.41140e-01,-0.055,0.06
-1.41130e-01,-0.053,0.058
-1.41120e-01,-0.053,0.06
-1.41110e-01,-0.061,0.064
-1.41100e-01,-0.061,0.064
-1.41090e-01,-0.059,0.062
-1.41080e-01,-0.059,0.066
-1.41070e-01,-0.063,0.064
-1.41060e-01,-0.057,0.062
-1.41050e-01,-0.059,0.062
-1.41040e-01,-0.055,0.064
-1.41030e-01,-0.061,0.064
-1.41020e-01,-0.059,0.06
-1.41010e-01,-0.057,0.064
-1.41000e-01,-0.045,0.052
-1.40990e-01,-0.059,0.064
-1.40980e-01,-0.061,0.062
-1.40970e-01,-0.059,0.062
-1.40960e-01,-0.057,0.06
-1.40950e-01,-0.059,0.064
-1.40940e-01,-0.057,0.064
-1.40930e-01,-0.061,0.064
-1.40920e-01,-0.059,0.062
-1.40910e-01,-0.059,0.062
-1.40900e-01,-0.059,0.068
-1.40890e-01,-0.059,0.066
-1.40880e-01,-0.059,0.06
-1.40870e-01,-0.059,0.066
-1.40860e-01,-0.053,0.06
-1.40850e-01,-0.057,0.062
-1.40840e-01,-0.055,0.056
-1.40830e-01,-0.059,0.066
-1.40820e-01,-0.055,0.062
-1.40810e-01,-0.059,0.06
-1.40800e-01,-0.059,0.062
-1.40790e-01,-0.057,0.064
-1.40780e-01,-0.049,0.054
-1.40770e-01,-0.061,0.062
-1.40760e-01,-0.061,0.062
-1.40750e-01,-0.059,0.064
-1.40740e-01,-0.055,0.06
-1.40730e-01,-0.063,0.064
-1.40720e-01,-0.057,0.064
-1.40710e-01,-0.057,0.062
-1.40700e-01,-0.053,0.06
-1.40690e-01,-0.057,0.064
-1.40680e-01,-0.061,0.064
-1.40670e-01,-0.057,0.064
-1.40660e-01,-0.059,0.064
-1.40650e-01,-0.059,0.064
-1.40640e-01,-0.053,0.056
-1.40630e-01,-0.055,0.06
-1.40620e-01,-0.053,0.058
-1.40610e-01,-0.061,0.062
-1.40600e-01,-0.059,0.064
-1.40590e-01,-0.057,0.062
-1.40580e-01,-0.053,0.058
-1.40570e-01,-0.061,0.064
-1.40560e-01,-0.059,0.062
-1.40550e-01,-0.055,0.062
-1.40540e-01,-0.057,0.06
-1.40530e-01,-0.059,0.064
-1.40520e-01,-0.057,0.06
-1.40510e-01,-0.059,0.064
-1.40500e-01,-0.057,0.064
-1.40490e-01,-0.059,0.064
-1.40480e-01,-0.047,0.054
-1.40470e-01,-0.033,0.046
-1.40460e-01,-0.049,0.058
-1.40450e-01,-0.059,0.064
-1.40440e-01,-0.057,0.06
-1.40430e-01,-0.051,0.056
-1.40420e-01,-0.045,0.048
-1.40410e-01,-0.045,0.048
-1.40400e-01,-0.051,0.056
-1.40390e-01,-0.059,0.062
-1.40380e-01,-0.059,0.06
-1.40370e-01,-0.059,0.066
-1.40360e-01,-0.061,0.064
-1.40350e-01,-0.061,0.062
-1.40340e-01,-0.055,0.064
-1.40330e-01,-0.057,0.064
-1.40320e-01,-0.049,0.056
-1.40310e-01,-0.055,0.06
-1.40300e-01,-0.053,0.06
-1.40290e-01,-0.061,0.064
-1.40280e-01,-0.053,0.06
-1.40270e-01,-0.059,0.062
-1.40260e-01,-0.055,0.064
-1.40250e-01,-0.055,0.06
-1.40240e-01,-0.059,0.064
-1.40230e-01,-0.059,0.062
-1.40220e-01,-0.063,0.06
-1.40210e-01,-0.057,0.06
-1.40200e-01,-0.055,0.06
-1.40190e-01,-0.057,0.062
-1.40180e-01,-0.059,0.064
-1.40170e-01,-0.055,0.06
-1.40160e-01,-0.059,0.066
-1.40150e-01,-0.059,0.064
-1.40140e-01,-0.059,0.066
-1.40130e-01,-0.059,0.06
-1.40120e-01,-0.061,0.066
-1.40110e-01,-0.059,0.064
-1.40100e-01,-0.061,0.062
-1.40090e-01,-0.059,0.06
-1.40080e-01,-0.059,0.064
-1.40070e-01,-0.061,0.06
-1.40060e-01,-0.057,0.06
-1.40050e-01,-0.061,0.062
-1.40040e-01,-0.057,0.06
-1.40030e-01,-0.063,0.06
-1.40020e-01,-0.055,0.062
-1.40010e-01,-0.059,0.06
-1.40000e-01,-0.059,0.062
-1.39990e-01,-0.051,0.06
-1.39980e-01,-0.057,0.064
-1.39970e-01,-0.057,0.064
-1.39960e-01,-0.059,0.062
-1.39950e-01,-0.061,0.066
-1.39940e-01,-0.063,0.064
-1.39930e-01,-0.063,0.064
-1.39920e-01,-0.055,0.058
-1.39910e-01,-0.061,0.064
-1.39900e-01,-0.061,0.064
-1.39890e-01,-0.057,0.066
-1.39880e-01,-0.063,0.064
-1.39870e-01,-0.061,0.062
-1.39860e-01,-0.059,0.062
-1.39850e-01,-0.049,0.056
-1.39840e-01,-0.059,0.064
-1.39830e-01,-0.061,0.064
-1.39820e-01,-0.047,0.056
-1.39810e-01,-0.061,0.064
-1.39800e-01,-0.053,0.054
-1.39790e-01,-0.059,0.062
-1.39780e-01,-0.061,0.068
-1.39770e-01,-0.063,0.062
-1.39760e-01,-0.051,0.058
-1.39750e-01,-0.047,0.05
-1.39740e-01,-0.039,0.046
-1.39730e-01,-0.047,0.058
-1.39720e-01,-0.057,0.066
-1.39710e-01,-0.059,0.062
-1.39700e-01,-0.055,0.062
-1.39690e-01,-0.051,0.056
-1.39680e-01,-0.049,0.054
-1.39670e-01,-0.049,0.054
-1.39660e-01,-0.037,0.044
-1.39650e-01,-0.051,0.06
-1.39640e-01,-0.059,0.06
-1.39630e-01,-0.055,0.064
-1.39620e-01,-0.059,0.064
-1.39610e-01,-0.057,0.062
-1.39600e-01,-0.059,0.064
-1.39590e-01,-0.049,0.062
-1.39580e-01,-0.055,0.06
-1.39570e-01,-0.055,0.06
-1.39560e-01,-0.059,0.062
-1.39550e-01,-0.059,0.062
-1.39540e-01,-0.061,0.062
-1.39530e-01,-0.057,0.064
-1.39520e-01,-0.055,0.062
-1.39510e-01,-0.047,0.054
-1.39500e-01,-0.057,0.064
-1.39490e-01,-0.061,0.06
-1.39480e-01,-0.057,0.062
-1.39470e-01,-0.057,0.062
-1.39460e-01,-0.059,0.06
-1.39450e-01,-0.053,0.062
-1.39440e-01,-0.057,0.064
-1.39430e-01,-0.053,0.062
-1.39420e-01,-0.057,0.064
-1.39410e-01,-0.059,0.064
-1.39400e-01,-0.059,0.06
-1.39390e-01,-0.059,0.06
-1.39380e-01,-0.059,0.062
-1.39370e-01,-0.063,0.064
-1.39360e-01,-0.061,0.064
-1.39350e-01,-0.059,0.064
-1.39340e-01,-0.055,0.06
-1.39330e-01,-0.057,0.062
-1.39320e-01,-0.051,0.058
-1.39310e-01,-0.055,0.064
-1.39300e-01,-0.055,0.06
-1.39290e-01,-0.055,0.062
-1.39280e-01,-0.059,0.062
-1.39270e-01,-0.053,0.06
-1.39260e-01,-0.059,0.062
-1.39250e-01,-0.057,0.06
-1.39240e-01,-0.051,0.06
-1.39230e-01,-0.049,0.058
-1.39220e-01,-0.061,0.066
-1.39210e-01,-0.055,0.058
-1.39200e-01,-0.045,0.048
-1.39190e-01,-0.045,0.052
-1.39180e-01,-0.039,0.05
-1.39170e-01,-0.049,0.056
-1.39160e-01,-0.059,0.062
-1.39150e-01,-0.057,0.068
-1.39140e-01,-0.059,0.064
-1.39130e-01,-0.061,0.064
-1.39120e-01,-0.059,0.062
-1.39110e-01,-0.061,0.064
-1.39100e-01,-0.055,0.064
-1.39090e-01,-0.061,0.058
-1.39080e-01,-0.059,0.064
-1.39070e-01,-0.061,0.064
-1.39060e-01,-0.063,0.062
-1.39050e-01,-0.059,0.064
-1.39040e-01,-0.055,0.056
-1.39030e-01,-0.053,0.06
-1.39020e-01,-0.061,0.064
-1.39010e-01,-0.061,0.064
-1.39000e-01,-0.057,0.064
-1.38990e-01,-0.061,0.064
-1.38980e-01,-0.061,0.064
-1.38970e-01,-0.059,0.064
-1.38960e-01,-0.057,0.06
-1.38950e-01,-0.063,0.064
-1.38940e-01,-0.061,0.064
-1.38930e-01,-0.059,0.062
-1.38920e-01,-0.061,0.068
-1.38910e-01,-0.059,0.062
-1.38900e-01,-0.057,0.06
-1.38890e-01,-0.057,0.062
-1.38880e-01,-0.061,0.06
-1.38870e-01,-0.059,0.062
-1.38860e-01,-0.061,0.064
-1.38850e-01,-0.059,0.06
-1.38840e-01,-0.059,0.064
-1.38830e-01,-0.059,0.062
-1.38820e-01,-0.049,0.054
-1.38810e-01,-0.061,0.062
-1.38800e-01,-0.061,0.066
-1.38790e-01,-0.059,0.068
-1.38780e-01,-0.061,0.064
-1.38770e-01,-0.051,0.06
-1.38760e-01,-0.059,0.064
-1.38750e-01,-0.061,0.06
-1.38740e-01,-0.057,0.062
-1.38730e-01,-0.053,0.058
-1.38720e-01,-0.051,0.06
-1.38710e-01,-0.057,0.058
-1.38700e-01,-0.045,0.048
-1.38690e-01,-0.051,0.06
-1.38680e-01,-0.053,0.058
-1.38670e-01,-0.057,0.066
-1.38660e-01,-0.057,0.064
-1.38650e-01,-0.049,0.056
-1.38640e-01,-0.047,0.052
-1.38630e-01,-0.051,0.058
-1.38620e-01,-0.059,0.064
-1.38610e-01,-0.057,0.064
-1.38600e-01,-0.055,0.06
-1.38590e-01,-0.055,0.06
-1.38580e-01,-0.059,0.064
-1.38570e-01,-0.059,0.062
-1.38560e-01,-0.059,0.066
-1.38550e-01,-0.059,0.066
-1.38540e-01,-0.055,0.056
-1.38530e-01,-0.059,0.06
-1.38520e-01,-0.059,0.066
-1.38510e-01,-0.059,0.062
-1.38500e-01,-0.057,0.064
-1.38490e-01,-0.057,0.062
-1.38480e-01,-0.057,0.064
-1.38470e-01,-0.051,0.06
-1.38460e-01,-0.053,0.06
-1.38450e-01,-0.049,0.058
-1.38440e-01,-0.059,0.062
-1.38430e-01,-0.057,0.06
-1.38420e-01,-0.059,0.06
-1.38410e-01,-0.049,0.052
-1.38400e-01,-0.055,0.064
-1.38390e-01,-0.057,0.06
-1.38380e-01,-0.059,0.062
-1.38370e-01,-0.057,0.062
-1.38360e-01,-0.059,0.062
-1.38350e-01,-0.059,0.064
-1.38340e-01,-0.057,0.062
-1.38330e-01,-0.055,0.06
-1.38320e-01,-0.059,0.062
-1.38310e-01,-0.057,0.062
-1.38300e-01,-0.061,0.064
-1.38290e-01,-0.055,0.06
-1.38280e-01,-0.057,0.06
-1.38270e-01,-0.059,0.062
-1.38260e-01,-0.049,0.056
-1.38250e-01,-0.057,0.06
-1.38240e-01,-0.061,0.064
-1.38230e-01,-0.061,0.062
-1.38220e-01,-0.051,0.058
-1.38210e-01,-0.059,0.066
-1.38200e-01,-0.059,0.06
-1.38190e-01,-0.057,0.058
-1.38180e-01,-0.051,0.056
-1.38170e-01,-0.059,0.066
-1.38160e-01,-0.057,0.062
-1.38150e-01,-0.049,0.054
-1.38140e-01,-0.057,0.06
-1.38130e-01,-0.059,0.064
-1.38120e-01,-0.059,0.064
-1.38110e-01,-0.057,0.064
-1.38100e-01,-0.059,0.064
-1.38090e-01,-0.059,0.06
-1.38080e-01,-0.057,0.06
-1.38070e-01,-0.059,0.06
-1.38060e-01,-0.055,0.062
-1.38050e-01,-0.061,0.06
-1.38040e-01,-0.059,0.064
-1.38030e-01,-0.061,0.064
-1.38020e-01,-0.057,0.062
-1.38010e-01,-0.059,0.06
-1.38000e-01,-0.059,0.064
-1.37990e-01,-0.061,0.062
-1.37980e-01,-0.059,0.062
-1.37970e-01,-0.059,0.062
-1.37960e-01,-0.059,0.066
-1.37950e-01,-0.057,0.062
-1.37940e-01,-0.059,0.064
-1.37930e-01,-0.053,0.058
-1.37920e-01,-0.059,0.066
-1.37910e-01,-0.055,0.06
-1.37900e-01,-0.059,0.062
-1.37890e-01,-0.059,0.062
-1.37880e-01,-0.061,0.066
-1.37870e-01,-0.061,0.066
-1.37860e-01,-0.055,0.062
-1.37850e-01,-0.059,0.064
-1.37840e-01,-0.059,0.064
-1.37830e-01,-0.057,0.062
-1.37820e-01,-0.055,0.064
-1.37810e-01,-0.055,0.06
-1.37800e-01,-0.057,0.062
-1.37790e-01,-0.057,0.064
-1.37780e-01,-0.059,0.064
-1.37770e-01,-0.055,0.062
-1.37760e-01,-0.057,0.066
-1.37750e-01,-0.055,0.06
-1.37740e-01,-0.059,0.066
-1.37730e-01,-0.059,0.066
-1.37720e-01,-0.059,0.064
-1.37710e-01,-0.055,0.06
-1.37700e-01,-0.047,0.048
-1.37690e-01,-0.057,0.06
-1.37680e-01,-0.061,0.062
-1.37670e-01,-0.057,0.064
-1.37660e-01,-0.059,0.064
-1.37650e-01,-0.057,0.064
-1.37640e-01,-0.063,0.062
-1.37630e-01,-0.065,0.062
-1.37620e-01,-0.059,0.064
-1.37610e-01,-0.059,0.062
-1.37600e-01,-0.065,0.064
-1.37590e-01,-0.059,0.064
-1.37580e-01,-0.055,0.066
-1.37570e-01,-0.059,0.064
-1.37560e-01,-0.057,0.066
-1.37550e-01,-0.061,0.062
-1.37540e-01,-0.063,0.064
-1.37530e-01,-0.057,0.064
-1.37520e-01,-0.061,0.066
-1.37510e-01,-0.059,0.062
-1.37500e-01,-0.061,0.064
-1.37490e-01,-0.059,0.062
-1.37480e-01,-0.061,0.066
-1.37470e-01,-0.059,0.064
-1.37460e-01,-0.061,0.066
-1.37450e-01,-0.061,0.064
-1.37440e-01,-0.059,0.066
-1.37430e-01,-0.059,0.064
-1.37420e-01,-0.059,0.064
-1.37410e-01,-0.061,0.068
-1.37400e-01,-0.059,0.06
-1.37390e-01,-0.061,0.06
-1.37380e-01,-0.057,0.068
-1.37370e-01,-0.059,0.066
-1.37360e-01,-0.059,0.064
-1.37350e-01,-0.057,0.06
-1.37340e-01,-0.051,0.056
-1.37330e-01,-0.053,0.06
-1.37320e-01,-0.063,0.06
-1.37310e-01,-0.063,0.064
-1.37300e-01,-0.057,0.062
-1.37290e-01,-0.063,0.064
-1.37280e-01,-0.061,0.064
-1.37270e-01,-0.065,0.064
-1.37260e-01,-0.059,0.06
-1.37250e-01,-0.059,0.06
-1.37240e-01,-0.059,0.062
-1.37230e-01,-0.057,0.062
-1.37220e-01,-0.059,0.064
-1.37210e-01,-0.055,0.06
-1.37200e-01,-0.057,0.058
-1.37190e-01,-0.057,0.06
-1.37180e-01,-0.063,0.06
-1.37170e-01,-0.059,0.066
-1.37160e-01,-0.061,0.062
-1.37150e-01,-0.061,0.064
-1.37140e-01,-0.059,0.064
-1.37130e-01,-0.061,0.064
-1.37120e-01,-0.057,0.062
-1.37110e-01,-0.061,0.064
-1.37100e-01,-0.059,0.064
-1.37090e-01,-0.059,0.062
-1.37080e-01,-0.061,0.062
-1.37070e-01,-0.057,0.062
-1.37060e-01,-0.053,0.06
-1.37050e-01,-0.059,0.062
-1.37040e-01,-0.059,0.064
-1.37030e-01,-0.057,0.064
-1.37020e-01,-0.059,0.064
-1.37010e-01,-0.059,0.064
-1.37000e-01,-0.059,0.062
-1.36990e-01,-0.063,0.068
-1.36980e-01,-0.057,0.06
-1.36970e-01,-0.057,0.066
-1.36960e-01,-0.057,0.064
-1.36950e-01,-0.057,0.06
-1.36940e-01,-0.063,0.062
-1.36930e-01,-0.061,0.062
-1.36920e-01,-0.059,0.06
-1.36910e-01,-0.053,0.06
-1.36900e-01,-0.055,0.06
-1.36890e-01,-0.051,0.06
-1.36880e-01,-0.051,0.06
-1.36870e-01,-0.049,0.056
-1.36860e-01,-0.057,0.06
-1.36850e-01,-0.057,0.06
-1.36840e-01,-0.059,0.064
-1.36830e-01,-0.057,0.062
-1.36820e-01,-0.053,0.058
-1.36810e-01,-0.061,0.062
-1.36800e-01,-0.061,0.066
-1.36790e-01,-0.061,0.064
-1.36780e-01,-0.063,0.064
-1.36770e-01,-0.057,0.062
-1.36760e-01,-0.059,0.064
-1.36750e-01,-0.053,0.066
-1.36740e-01,-0.061,0.064
-1.36730e-01,-0.057,0.06
-1.36720e-01,-0.059,0.064
-1.36710e-01,-0.051,0.06
-1.36700e-01,-0.055,0.06
-1.36690e-01,-0.061,0.064
-1.36680e-01,-0.055,0.06
-1.36670e-01,-0.057,0.064
-1.36660e-01,-0.055,0.058
-1.36650e-01,-0.061,0.064
-1.36640e-01,-0.059,0.066
-1.36630e-01,-0.061,0.066
-1.36620e-01,-0.061,0.062
-1.36610e-01,-0.061,0.064
-1.36600e-01,-0.057,0.066
-1.36590e-01,-0.057,0.064
-1.36580e-01,-0.055,0.058
-1.36570e-01,-0.057,0.062
-1.36560e-01,-0.055,0.066
-1.36550e-01,-0.057,0.062
-1.36540e-01,-0.057,0.062
-1.36530e-01,-0.057,0.064
-1.36520e-01,-0.057,0.06
-1.36510e-01,-0.059,0.064
-1.36500e-01,-0.059,0.064
-1.36490e-01,-0.059,0.06
-1.36480e-01,-0.061,0.064
-1.36470e-01,-0.057,0.062
-1.36460e-01,-0.061,0.064
-1.36450e-01,-0.063,0.064
-1.36440e-01,-0.055,0.062
-1.36430e-01,-0.061,0.064
-1.36420e-01,-0.055,0.06
-1.36410e-01,-0.061,0.064
-1.36400e-01,-0.053,0.058
-1.36390e-01,-0.059,0.064
-1.36380e-01,-0.057,0.062
-1.36370e-01,-0.059,0.06
-1.36360e-01,-0.053,0.06
-1.36350e-01,-0.061,0.064
-1.36340e-01,-0.057,0.064
-1.36330e-01,-0.059,0.062
-1.36320e-01,-0.059,0.064
-1.36310e-01,-0.061,0.064
-1.36300e-01,-0.059,0.064
-1.36290e-01,-0.055,0.064
-1.36280e-01,-0.057,0.06
-1.36270e-01,-0.055,0.06
-1.36260e-01,-0.055,0.06
-1.36250e-01,-0.057,0.064
-1.36240e-01,-0.055,0.062
-1.36230e-01,-0.053,0.056
-1.36220e-01,-0.049,0.058
-1.36210e-01,-0.057,0.062
-1.36200e-01,-0.057,0.062
-1.36190e-01,-0.061,0.062
-1.36180e-01,-0.059,0.064
-1.36170e-01,-0.059,0.064
-1.36160e-01,-0.059,0.064
-1.36150e-01,-0.051,0.058
-1.36140e-01,-0.061,0.064
-1.36130e-01,-0.059,0.062
-1.36120e-01,-0.061,0.064
-1.36110e-01,-0.051,0.056
-1.36100e-01,-0.061,0.062
-1.36090e-01,-0.059,0.06
-1.36080e-01,-0.055,0.06
-1.36070e-01,-0.059,0.066
-1.36060e-01,-0.061,0.066
-1.36050e-01,-0.059,0.06
-1.36040e-01,-0.059,0.06
-1.36030e-01,-0.057,0.062
-1.36020e-01,-0.059,0.062
-1.36010e-01,-0.059,0.064
-1.36000e-01,-0.061,0.062
-1.35990e-01,-0.057,0.062
-1.35980e-01,-0.057,0.062
-1.35970e-01,-0.057,0.062
-1.35960e-01,-0.057,0.06
-1.35950e-01,-0.055,0.06
-1.35940e-01,-0.055,0.062
-1.35930e-01,-0.049,0.06
-1.35920e-01,-0.053,0.06
-1.35910e-01,-0.059,0.064
-1.35900e-01,-0.055,0.062
-1.35890e-01,-0.057,0.062
-1.35880e-01,-0.057,0.064
-1.35870e-01,-0.063,0.06
-1.35860e-01,-0.059,0.062
-1.35850e-01,-0.059,0.068
-1.35840e-01,-0.059,0.064
-1.35830e-01,-0.061,0.062
-1.35820e-01,-0.059,0.066
-1.35810e-01,-0.059,0.06
-1.35800e-01,-0.057,0.066
-1.35790e-01,-0.059,0.062
-1.35780e-01,-0.059,0.064
-1.35770e-01,-0.059,0.064
-1.35760e-01,-0.059,0.064
-1.35750e-01,-0.059,0.064
-1.35740e-01,-0.059,0.06
-1.35730e-01,-0.059,0.064
-1.35720e-01,-0.063,0.064
-1.35710e-01,-0.059,0.062
-1.35700e-01,-0.059,0.064
-1.35690e-01,-0.063,0.062
-1.35680e-01,-0.051,0.058
-1.35670e-01,-0.059,0.064
-1.35660e-01,-0.057,0.064
-1.35650e-01,-0.059,0.06
-1.35640e-01,-0.059,0.062
-1.35630e-01,-0.059,0.064
-1.35620e-01,-0.061,0.064
-1.35610e-01,-0.059,0.062
-1.35600e-01,-0.061,0.064
-1.35590e-01,-0.059,0.064
-1.35580e-01,-0.061,0.064
-1.35570e-01,-0.061,0.064
-1.35560e-01,-0.061,0.066
-1.35550e-01,-0.043,0.048
-1.35540e-01,-0.063,0.064
-1.35530e-01,-0.059,0.062
-1.35520e-01,-0.061,0.062
-1.35510e-01,-0.059,0.064
-1.35500e-01,-0.061,0.064
-1.35490e-01,-0.059,0.066
-1.35480e-01,-0.057,0.062
-1.35470e-01,-0.061,0.064
-1.35460e-01,-0.061,0.064
-1.35450e-01,-0.057,0.062
-1.35440e-01,-0.061,0.066
-1.35430e-01,-0.059,0.062
-1.35420e-01,-0.063,0.066
-1.35410e-01,-0.059,0.062
-1.35400e-01,-0.059,0.064
-1.35390e-01,-0.057,0.062
-1.35380e-01,-0.059,0.064
-1.35370e-01,-0.059,0.066
-1.35360e-01,-0.059,0.06
-1.35350e-01,-0.059,0.06
-1.35340e-01,-0.061,0.064
-1.35330e-01,-0.059,0.062
-1.35320e-01,-0.061,0.066
-1.35310e-01,-0.051,0.054
-1.35300e-01,-0.059,0.066
-1.35290e-01,-0.059,0.062
-1.35280e-01,-0.059,0.066
-1.35270e-01,-0.059,0.062
-1.35260e-01,-0.061,0.064
-1.35250e-01,-0.059,0.064
-1.35240e-01,-0.053,0.06
-1.35230e-01,-0.057,0.062
-1.35220e-01,-0.057,0.06
-1.35210e-01,-0.055,0.06
-1.35200e-01,-0.059,0.062
-1.35190e-01,-0.061,0.064
-1.35180e-01,-0.049,0.058
-1.35170e-01,-0.061,0.062
-1.35160e-01,-0.055,0.062
-1.35150e-01,-0.055,0.06
-1.35140e-01,-0.059,0.06
-1.35130e-01,-0.057,0.062
-1.35120e-01,-0.059,0.06
-1.35110e-01,-0.061,0.06
-1.35100e-01,-0.057,0.062
-1.35090e-01,-0.059,0.062
-1.35080e-01,-0.063,0.064
-1.35070e-01,-0.057,0.062
-1.35060e-01,-0.061,0.066
-1.35050e-01,-0.053,0.058
-1.35040e-01,-0.055,0.062
-1.35030e-01,-0.053,0.06
-1.35020e-01,-0.061,0.066
-1.35010e-01,-0.059,0.064
-1.35000e-01,-0.063,0.062
-1.34990e-01,-0.057,0.062
-1.34980e-01,-0.059,0.064
-1.34970e-01,-0.061,0.064
-1.34960e-01,-0.059,0.06
-1.34950e-01,-0.059,0.064
-1.34940e-01,-0.061,0.064
-1.34930e-01,-0.057,0.06
-1.34920e-01,-0.057,0.06
-1.34910e-01,-0.057,0.066
-1.34900e-01,-0.061,0.062
-1.34890e-01,-0.057,0.068
-1.34880e-01,-0.055,0.06
-1.34870e-01,-0.063,0.064
-1.34860e-01,-0.059,0.064
-1.34850e-01,-0.059,0.062
-1.34840e-01,-0.061,0.068
-1.34830e-01,-0.047,0.056
-1.34820e-01,-0.055,0.062
-1.34810e-01,-0.057,0.062
-1.34800e-01,-0.059,0.06
-1.34790e-01,-0.059,0.06
-1.34780e-01,-0.057,0.066
-1.34770e-01,-0.053,0.058
-1.34760e-01,-0.057,0.064
-1.34750e-01,-0.059,0.062
-1.34740e-01,-0.061,0.06
-1.34730e-01,-0.055,0.062
-1.34720e-01,-0.059,0.064
-1.34710e-01,-0.057,0.066
-1.34700e-01,-0.049,0.056
-1.34690e-01,-0.049,0.058
-1.34680e-01,-0.059,0.064
-1.34670e-01,-0.057,0.064
-1.34660e-01,-0.059,0.062
-1.34650e-01,-0.059,0.064
-1.34640e-01,-0.057,0.062
-1.34630e-01,-0.059,0.06
-1.34620e-01,-0.059,0.062
-1.34610e-01,-0.059,0.064
-1.34600e-01,-0.053,0.056
-1.34590e-01,-0.057,0.064
-1.34580e-01,-0.055,0.058
-1.34570e-01,-0.059,0.064
-1.34560e-01,-0.057,0.06
-1.34550e-01,-0.057,0.062
-1.34540e-01,-0.061,0.066
-1.34530e-01,-0.057,0.064
-1.34520e-01,-0.059,0.062
-1.34510e-01,-0.063,0.064
-1.34500e-01,-0.053,0.062
-1.34490e-01,-0.063,0.064
-1.34480e-01,-0.061,0.062
-1.34470e-01,-0.061,0.064
-1.34460e-01,-0.057,0.06
-1.34450e-01,-0.059,0.062
-1.34440e-01,-0.059,0.064
-1.34430e-01,-0.063,0.064
-1.34420e-01,-0.055,0.058
-1.34410e-01,-0.061,0.062
-1.34400e-01,-0.063,0.062
-1.34390e-01,-0.063,0.066
-1.34380e-01,-0.061,0.064
-1.34370e-01,-0.057,0.064
-1.34360e-01,-0.051,0.058
-1.34350e-01,-0.059,0.062
-1.34340e-01,-0.061,0.062
-1.34330e-01,-0.061,0.066
-1.34320e-01,-0.057,0.064
-1.34310e-01,-0.057,0.062
-1.34300e-01,-0.059,0.062
-1.34290e-01,-0.057,0.062
-1.34280e-01,-0.061,0.062
-1.34270e-01,-0.057,0.062
-1.34260e-01,-0.051,0.058
-1.34250e-01,-0.061,0.064
-1.34240e-01,-0.057,0.062
-1.34230e-01,-0.059,0.064
-1.34220e-01,-0.061,0.064
-1.34210e-01,-0.061,0.062
-1.34200e-01,-0.061,0.064
-1.34190e-01,-0.057,0.062
-1.34180e-01,-0.059,0.06
-1.34170e-01,-0.055,0.06
-1.34160e-01,-0.063,0.062
-1.34150e-01,-0.061,0.062
-1.34140e-01,-0.061,0.068
-1.34130e-01,-0.059,0.066
-1.34120e-01,-0.061,0.064
-1.34110e-01,-0.059,0.064
-1.34100e-01,-0.061,0.068
-1.34090e-01,-0.059,0.062
-1.34080e-01,-0.061,0.064
-1.34070e-01,-0.061,0.062
-1.34060e-01,-0.055,0.06
-1.34050e-01,-0.057,0.06
-1.34040e-01,-0.051,0.056
-1.34030e-01,-0.053,0.056
-1.34020e-01,-0.055,0.06
-1.34010e-01,-0.057,0.064
-1.34000e-01,-0.063,0.062
-1.33990e-01,-0.059,0.062
-1.33980e-01,-0.063,0.062
-1.33970e-01,-0.059,0.064
-1.33960e-01,-0.057,0.062
-1.33950e-01,-0.059,0.064
-1.33940e-01,-0.059,0.06
-1.33930e-01,-0.055,0.056
-1.33920e-01,-0.055,0.064
-1.33910e-01,-0.059,0.062
-1.33900e-01,-0.059,0.066
-1.33890e-01,-0.059,0.062
-1.33880e-01,-0.057,0.06
-1.33870e-01,-0.065,0.062
-1.33860e-01,-0.057,0.058
-1.33850e-01,-0.059,0.064
-1.33840e-01,-0.061,0.066
-1.33830e-01,-0.045,0.05
-1.33820e-01,-0.057,0.064
-1.33810e-01,-0.057,0.06
-1.33800e-01,-0.057,0.058
-1.33790e-01,-0.057,0.062
-1.33780e-01,-0.059,0.06
-1.33770e-01,-0.061,0.062
-1.33760e-01,-0.045,0.054
-1.33750e-01,-0.063,0.066
-1.33740e-01,-0.059,0.06
-1.33730e-01,-0.061,0.062
-1.33720e-01,-0.061,0.064
-1.33710e-01,-0.059,0.06
-1.33700e-01,-0.053,0.058
-1.33690e-01,-0.055,0.064
-1.33680e-01,-0.059,0.064
-1.33670e-01,-0.059,0.06
-1.33660e-01,-0.059,0.064
-1.33650e-01,-0.061,0.064
-1.33640e-01,-0.059,0.064
-1.33630e-01,-0.059,0.064
-1.33620e-01,-0.059,0.064
-1.33610e-01,-0.049,0.058
-1.33600e-01,-0.045,0.056
-1.33590e-01,-0.059,0.066
-1.33580e-01,-0.061,0.066
-1.33570e-01,-0.063,0.062
-1.33560e-01,-0.059,0.06
-1.33550e-01,-0.063,0.062
-1.33540e-01,-0.061,0.062
-1.33530e-01,-0.055,0.062
-1.33520e-01,-0.059,0.066
-1.33510e-01,-0.059,0.062
-1.33500e-01,-0.059,0.06
-1.33490e-01,-0.057,0.062
-1.33480e-01,-0.061,0.066
-1.33470e-01,-0.059,0.06
-1.33460e-01,-0.057,0.062
-1.33450e-01,-0.057,0.064
-1.33440e-01,-0.059,0.062
-1.33430e-01,-0.061,0.06
-1.33420e-01,-0.057,0.064
-1.33410e-01,-0.043,0.052
-1.33400e-01,-0.051,0.052
-1.33390e-01,-0.057,0.062
-1.33380e-01,-0.061,0.062
-1.33370e-01,-0.059,0.066
-1.33360e-01,-0.061,0.064
-1.33350e-01,-0.057,0.06
-1.33340e-01,-0.061,0.066
-1.33330e-01,-0.057,0.064
-1.33320e-01,-0.059,0.062
-1.33310e-01,-0.061,0.066
-1.33300e-01,-0.063,0.06
-1.33290e-01,-0.055,0.06
-1.33280e-01,-0.057,0.064
-1.33270e-01,-0.061,0.064
-1.33260e-01,-0.061,0.066
-1.33250e-01,-0.059,0.062
-1.33240e-01,-0.057,0.062
-1.33230e-01,-0.055,0.06
-1.33220e-01,-0.059,0.06
-1.33210e-01,-0.063,0.062
-1.33200e-01,-0.053,0.056
-1.33190e-01,-0.063,0.064
-1.33180e-01,-0.059,0.062
-1.33170e-01,-0.061,0.064
-1.33160e-01,-0.059,0.064
-1.33150e-01,-0.057,0.062
-1.33140e-01,-0.063,0.06
-1.33130e-01,-0.059,0.062
-1.33120e-01,-0.059,0.064
-1.33110e-01,-0.061,0.06
-1.33100e-01,-0.061,0.066
-1.33090e-01,-0.059,0.062
-1.33080e-01,-0.053,0.058
-1.33070e-01,-0.057,0.062
-1.33060e-01,-0.057,0.06
-1.33050e-01,-0.057,0.064
-1.33040e-01,-0.061,0.066
-1.33030e-01,-0.059,0.062
-1.33020e-01,-0.051,0.06
-1.33010e-01,-0.059,0.064
-1.33000e-01,-0.059,0.064
-1.32990e-01,-0.059,0.062
-1.32980e-01,-0.057,0.062
-1.32970e-01,-0.061,0.064
-1.32960e-01,-0.061,0.064
-1.32950e-01,-0.061,0.066
-1.32940e-01,-0.053,0.06
-1.32930e-01,-0.061,0.062
-1.32920e-01,-0.061,0.062
-1.32910e-01,-0.063,0.062
-1.32900e-01,-0.059,0.06
-1.32890e-01,-0.055,0.062
-1.32880e-01,-0.059,0.062
-1.32870e-01,-0.059,0.06
-1.32860e-01,-0.053,0.06
-1.32850e-01,-0.051,0.056
-1.32840e-01,-0.061,0.064
-1.32830e-01,-0.057,0.064
-1.32820e-01,-0.061,0.062
-1.32810e-01,-0.061,0.06
-1.32800e-01,-0.055,0.058
-1.32790e-01,-0.059,0.062
-1.32780e-01,-0.059,0.064
-1.32770e-01,-0.059,0.064
-1.32760e-01,-0.049,0.056
-1.32750e-01,-0.059,0.062
-1.32740e-01,-0.053,0.058
-1.32730e-01,-0.059,0.06
-1.32720e-01,-0.055,0.06
-1.32710e-01,-0.053,0.058
-1.32700e-01,-0.057,0.062
-1.32690e-01,-0.055,0.062
-1.32680e-01,-0.061,0.066
-1.32670e-01,-0.059,0.06
-1.32660e-01,-0.059,0.064
-1.32650e-01,-0.061,0.064
-1.32640e-01,-0.051,0.056
-1.32630e-01,-0.059,0.062
-1.32620e-01,-0.043,0.052
-1.32610e-01,-0.061,0.062
-1.32600e-01,-0.053,0.06
-1.32590e-01,-0.061,0.062
-1.32580e-01,-0.061,0.062
-1.32570e-01,-0.053,0.06
-1.32560e-01,-0.057,0.064
-1.32550e-01,-0.059,0.066
-1.32540e-01,-0.053,0.058
-1.32530e-01,-0.063,0.064
-1.32520e-01,-0.059,0.062
-1.32510e-01,-0.063,0.066
-1.32500e-01,-0.061,0.062
-1.32490e-01,-0.053,0.06
-1.32480e-01,-0.061,0.062
-1.32470e-01,-0.059,0.06
-1.32460e-01,-0.059,0.06
-1.32450e-01,-0.061,0.06
-1.32440e-01,-0.061,0.064
-1.32430e-01,-0.049,0.056
-1.32420e-01,-0.053,0.06
-1.32410e-01,-0.063,0.064
-1.32400e-01,-0.057,0.064
-1.32390e-01,-0.055,0.062
-1.32380e-01,-0.059,0.066
-1.32370e-01,-0.061,0.066
-1.32360e-01,-0.059,0.064
-1.32350e-01,-0.061,0.064
-1.32340e-01,-0.057,0.06
-1.32330e-01,-0.055,0.06
-1.32320e-01,-0.061,0.064
-1.32310e-01,-0.047,0.052
-1.32300e-01,-0.057,0.064
-1.32290e-01,-0.055,0.06
-1.32280e-01,-0.061,0.064
-1.32270e-01,-0.061,0.064
-1.32260e-01,-0.063,0.062
-1.32250e-01,-0.061,0.062
-1.32240e-01,-0.059,0.064
-1.32230e-01,-0.059,0.064
-1.32220e-01,-0.059,0.064
-1.32210e-01,-0.059,0.064
-1.32200e-01,-0.059,0.064
-1.32190e-01,-0.055,0.06
-1.32180e-01,-0.057,0.062
-1.32170e-01,-0.059,0.066
-1.32160e-01,-0.059,0.062
-1.32150e-01,-0.059,0.066
-1.32140e-01,-0.061,0.066
-1.32130e-01,-0.061,0.062
-1.32120e-01,-0.053,0.058
-1.32110e-01,-0.057,0.062
-1.32100e-01,-0.059,0.064
-1.32090e-01,-0.061,0.062
-1.32080e-01,-0.051,0.062
-1.32070e-01,-0.059,0.064
-1.32060e-01,-0.057,0.066
-1.32050e-01,-0.055,0.06
-1.32040e-01,-0.059,0.062
-1.32030e-01,-0.055,0.054
-1.32020e-01,-0.061,0.064
-1.32010e-01,-0.057,0.06
-1.32000e-01,-0.059,0.062
-1.31990e-01,-0.055,0.058
-1.31980e-01,-0.061,0.062
-1.31970e-01,-0.061,0.062
-1.31960e-01,-0.061,0.064
-1.31950e-01,-0.061,0.062
-1.31940e-01,-0.061,0.064
-1.31930e-01,-0.061,0.064
-1.31920e-01,-0.059,0.064
-1.31910e-01,-0.059,0.064
-1.31900e-01,-0.061,0.064
-1.31890e-01,-0.061,0.062
-1.31880e-01,-0.057,0.064
-1.31870e-01,-0.059,0.062
-1.31860e-01,-0.055,0.064
-1.31850e-01,-0.061,0.066
-1.31840e-01,-0.061,0.062
-1.31830e-01,-0.061,0.064
-1.31820e-01,-0.057,0.06
-1.31810e-01,-0.059,0.064
-1.31800e-01,-0.059,0.06
-1.31790e-01,-0.059,0.066
-1.31780e-01,-0.059,0.062
-1.31770e-01,-0.059,0.064
-1.31760e-01,-0.059,0.062
-1.31750e-01,-0.057,0.062
-1.31740e-01,-0.061,0.064
-1.31730e-01,-0.061,0.062
-1.31720e-01,-0.059,0.07
-1.31710e-01,-0.061,0.062
-1.31700e-01,-0.059,0.064
-1.31690e-01,-0.047,0.056
-1.31680e-01,-0.061,0.064
-1.31670e-01,-0.061,0.064
-1.31660e-01,-0.061,0.062
-1.31650e-01,-0.051,0.058
-1.31640e-01,-0.055,0.062
-1.31630e-01,-0.055,0.06
-1.31620e-01,-0.053,0.06
-1.31610e-01,-0.061,0.064
-1.31600e-01,-0.059,0.064
-1.31590e-01,-0.059,0.06
-1.31580e-01,-0.061,0.06
-1.31570e-01,-0.057,0.062
-1.31560e-01,-0.055,0.062
-1.31550e-01,-0.059,0.064
-1.31540e-01,-0.059,0.062
-1.31530e-01,-0.059,0.06
-1.31520e-01,-0.051,0.06
-1.31510e-01,-0.059,0.062
-1.31500e-01,-0.059,0.06
-1.31490e-01,-0.061,0.064
-1.31480e-01,-0.053,0.06
-1.31470e-01,-0.059,0.064
-1.31460e-01,-0.055,0.06
-1.31450e-01,-0.061,0.064
-1.31440e-01,-0.059,0.062
-1.31430e-01,-0.055,0.06
-1.31420e-01,-0.061,0.066
-1.31410e-01,-0.055,0.06
-1.31400e-01,-0.059,0.064
-1.31390e-01,-0.053,0.062
-1.31380e-01,-0.059,0.066
-1.31370e-01,-0.063,0.062
-1.31360e-01,-0.061,0.062
-1.31350e-01,-0.065,0.06
-1.31340e-01,-0.059,0.066
-1.31330e-01,-0.059,0.064
-1.31320e-01,-0.057,0.066
-1.31310e-01,-0.059,0.062
-1.31300e-01,-0.055,0.06
-1.31290e-01,-0.055,0.06
-1.31280e-01,-0.057,0.06
-1.31270e-01,-0.059,0.066
-1.31260e-01,-0.045,0.054
-1.31250e-01,-0.059,0.062
-1.31240e-01,-0.059,0.064
-1.31230e-01,-0.061,0.06
-1.31220e-01,-0.061,0.064
-1.31210e-01,-0.059,0.062
-1.31200e-01,-0.061,0.062
-1.31190e-01,-0.053,0.06
-1.31180e-01,-0.051,0.058
-1.31170e-01,-0.057,0.064
-1.31160e-01,-0.057,0.062
-1.31150e-01,-0.055,0.062
-1.31140e-01,-0.059,0.064
-1.31130e-01,-0.057,0.06
-1.31120e-01,-0.059,0.064
-1.31110e-01,-0.063,0.064
-1.31100e-01,-0.059,0.062
-1.31090e-01,-0.059,0.06
-1.31080e-01,-0.057,0.062
-1.31070e-01,-0.061,0.064
-1.31060e-01,-0.061,0.064
-1.31050e-01,-0.059,0.064
-1.31040e-01,-0.059,0.062
-1.31030e-01,-0.057,0.062
-1.31020e-01,-0.055,0.064
-1.31010e-01,-0.059,0.064
-1.31000e-01,-0.061,0.064
-1.30990e-01,-0.061,0.064
-1.30980e-01,-0.057,0.06
-1.30970e-01,-0.059,0.062
-1.30960e-01,-0.059,0.066
-1.30950e-01,-0.059,0.064
-1.30940e-01,-0.057,0.064
-1.30930e-01,-0.061,0.066
-1.30920e-01,-0.061,0.064
-1.30910e-01,-0.053,0.06
-1.30900e-01,-0.059,0.064
-1.30890e-01,-0.061,0.062
-1.30880e-01,-0.057,0.066
-1.30870e-01,-0.061,0.064
-1.30860e-01,-0.057,0.058
-1.30850e-01,-0.061,0.062
-1.30840e-01,-0.059,0.062
-1.30830e-01,-0.061,0.062
-1.30820e-01,-0.057,0.06
-1.30810e-01,-0.059,0.064
-1.30800e-01,-0.055,0.06
-1.30790e-01,-0.061,0.066
-1.30780e-01,-0.061,0.066
-1.30770e-01,-0.051,0.06
-1.30760e-01,-0.059,0.062
-1.30750e-01,-0.061,0.064
-1.30740e-01,-0.059,0.064
-1.30730e-01,-0.057,0.062
-1.30720e-01,-0.061,0.068
-1.30710e-01,-0.055,0.06
-1.30700e-01,-0.061,0.064
-1.30690e-01,-0.043,0.048
-1.30680e-01,-0.053,0.062
-1.30670e-01,-0.061,0.062
-1.30660e-01,-0.045,0.052
-1.30650e-01,-0.059,0.064
-1.30640e-01,-0.055,0.056
-1.30630e-01,-0.059,0.064
-1.30620e-01,-0.059,0.06
-1.30610e-01,-0.063,0.064
-1.30600e-01,-0.059,0.062
-1.30590e-01,-0.055,0.06
-1.30580e-01,-0.057,0.062
-1.30570e-01,-0.055,0.062
-1.30560e-01,-0.055,0.06
-1.30550e-01,-0.061,0.062
-1.30540e-01,-0.061,0.062
-1.30530e-01,-0.057,0.062
-1.30520e-01,-0.057,0.062
-1.30510e-01,-0.059,0.064
-1.30500e-01,-0.061,0.064
-1.30490e-01,-0.061,0.062
-1.30480e-01,-0.061,0.064
-1.30470e-01,-0.053,0.06
-1.30460e-01,-0.055,0.062
-1.30450e-01,-0.063,0.064
-1.30440e-01,-0.055,0.06
-1.30430e-01,-0.057,0.066
-1.30420e-01,-0.061,0.066
-1.30410e-01,-0.063,0.066
-1.30400e-01,-0.059,0.064
-1.30390e-01,-0.063,0.06
-1.30380e-01,-0.057,0.062
-1.30370e-01,-0.051,0.058
-1.30360e-01,-0.059,0.062
-1.30350e-01,-0.055,0.062
-1.30340e-01,-0.063,0.062
-1.30330e-01,-0.055,0.06
-1.30320e-01,-0.061,0.062
-1.30310e-01,-0.057,0.062
-1.30300e-01,-0.061,0.062
-1.30290e-01,-0.059,0.064
-1.30280e-01,-0.061,0.064
-1.30270e-01,-0.061,0.064
-1.30260e-01,-0.059,0.062
-1.30250e-01,-0.055,0.062
-1.30240e-01,-0.057,0.062
-1.30230e-01,-0.061,0.064
-1.30220e-01,-0.057,0.06
-1.30210e-01,-0.059,0.066
-1.30200e-01,-0.059,0.062
-1.30190e-01,-0.059,0.064
-1.30180e-01,-0.053,0.058
-1.30170e-01,-0.063,0.06
-1.30160e-01,-0.055,0.058
-1.30150e-01,-0.059,0.07
-1.30140e-01,-0.059,0.064
-1.30130e-01,-0.053,0.058
-1.30120e-01,-0.057,0.064
-1.30110e-01,-0.059,0.064
-1.30100e-01,-0.059,0.062
-1.30090e-01,-0.061,0.066
-1.30080e-01,-0.057,0.062
-1.30070e-01,-0.063,0.064
-1.30060e-01,-0.055,0.064
-1.30050e-01,-0.059,0.062
-1.30040e-01,-0.061,0.064
-1.30030e-01,-0.061,0.064
-1.30020e-01,-0.059,0.062
-1.30010e-01,-0.055,0.06
-1.30000e-01,-0.061,0.064
-1.29990e-01,-0.053,0.058
-1.29980e-01,-0.057,0.06
-1.29970e-01,-0.061,0.066
-1.29960e-01,-0.059,0.064
-1.29950e-01,-0.061,0.066
-1.29940e-01,-0.063,0.064
-1.29930e-01,-0.059,0.064
-1.29920e-01,-0.061,0.064
-1.29910e-01,-0.057,0.062
-1.29900e-01,-0.059,0.064
-1.29890e-01,-0.065,0.066
-1.29880e-01,-0.059,0.062
-1.29870e-01,-0.061,0.062
-1.29860e-01,-0.061,0.064
-1.29850e-01,-0.059,0.062
-1.29840e-01,-0.061,0.064
-1.29830e-01,-0.061,0.064
-1.29820e-01,-0.061,0.064
-1.29810e-01,-0.061,0.062
-1.29800e-01,-0.063,0.062
-1.29790e-01,-0.059,0.064
-1.29780e-01,-0.059,0.066
-1.29770e-01,-0.057,0.064
-1.29760e-01,-0.061,0.064
-1.29750e-01,-0.061,0.066
-1.29740e-01,-0.061,0.066
-1.29730e-01,-0.061,0.068
-1.29720e-01,-0.059,0.062
-1.29710e-01,-0.059,0.062
-1.29700e-01,-0.059,0.06
-1.29690e-01,-0.063,0.064
-1.29680e-01,-0.049,0.058
-1.29670e-01,-0.053,0.06
-1.29660e-01,-0.047,0.05
-1.29650e-01,-0.063,0.064
-1.29640e-01,-0.061,0.06
-1.29630e-01,-0.059,0.062
-1.29620e-01,-0.061,0.062
-1.29610e-01,-0.059,0.064
-1.29600e-01,-0.059,0.068
-1.29590e-01,-0.059,0.064
-1.29580e-01,-0.061,0.062
-1.29570e-01,-0.057,0.064
-1.29560e-01,-0.059,0.066
-1.29550e-01,-0.059,0.06
-1.29540e-01,-0.057,0.062
-1.29530e-01,-0.059,0.064
-1.29520e-01,-0.059,0.062
-1.29510e-01,-0.057,0.06
-1.29500e-01,-0.061,0.062
-1.29490e-01,-0.059,0.062
-1.29480e-01,-0.055,0.06
-1.29470e-01,-0.063,0.064
-1.29460e-01,-0.057,0.064
-1.29450e-01,-0.061,0.066
-1.29440e-01,-0.061,0.064
-1.29430e-01,-0.061,0.062
-1.29420e-01,-0.059,0.062
-1.29410e-01,-0.059,0.062
-1.29400e-01,-0.061,0.062
-1.29390e-01,-0.051,0.054
-1.29380e-01,-0.061,0.064
-1.29370e-01,-0.053,0.06
-1.29360e-01,-0.055,0.06
-1.29350e-01,-0.053,0.06
-1.29340e-01,-0.057,0.062
-1.29330e-01,-0.053,0.056
-1.29320e-01,-0.057,0.062
-1.29310e-01,-0.063,0.064
-1.29300e-01,-0.057,0.064
-1.29290e-01,-0.063,0.066
-1.29280e-01,-0.059,0.064
-1.29270e-01,-0.061,0.066
-1.29260e-01,-0.059,0.064
-1.29250e-01,-0.061,0.062
-1.29240e-01,-0.055,0.06
-1.29230e-01,-0.057,0.06
-1.29220e-01,-0.061,0.064
-1.29210e-01,-0.059,0.064
-1.29200e-01,-0.057,0.06
-1.29190e-01,-0.053,0.064
-1.29180e-01,-0.059,0.062
-1.29170e-01,-0.061,0.066
-1.29160e-01,-0.065,0.06
-1.29150e-01,-0.061,0.066
-1.29140e-01,-0.061,0.064
-1.29130e-01,-0.055,0.062
-1.29120e-01,-0.059,0.062
-1.29110e-01,-0.055,0.064
-1.29100e-01,-0.059,0.066
-1.29090e-01,-0.061,0.062
-1.29080e-01,-0.061,0.062
-1.29070e-01,-0.059,0.064
-1.29060e-01,-0.059,0.064
-1.29050e-01,-0.059,0.062
-1.29040e-01,-0.059,0.062
-1.29030e-01,-0.057,0.062
-1.29020e-01,-0.059,0.062
-1.29010e-01,-0.061,0.064
-1.29000e-01,-0.059,0.06
-1.28990e-01,-0.059,0.062
-1.28980e-01,-0.059,0.066
-1.28970e-01,-0.057,0.06
-1.28960e-01,-0.049,0.058
-1.28950e-01,-0.059,0.06
-1.28940e-01,-0.061,0.06
-1.28930e-01,-0.059,0.062
-1.28920e-01,-0.061,0.064
-1.28910e-01,-0.059,0.064
-1.28900e-01,-0.059,0.064
-1.28890e-01,-0.061,0.064
-1.28880e-01,-0.059,0.064
-1.28870e-01,-0.061,0.066
-1.28860e-01,-0.061,0.066
-1.28850e-01,-0.057,0.062
-1.28840e-01,-0.057,0.06
-1.28830e-01,-0.055,0.06
-1.28820e-01,-0.061,0.062
-1.28810e-01,-0.061,0.06
-1.28800e-01,-0.059,0.06
-1.28790e-01,-0.055,0.06
-1.28780e-01,-0.061,0.06
-1.28770e-01,-0.057,0.062
-1.28760e-01,-0.055,0.062
-1.28750e-01,-0.055,0.062
-1.28740e-01,-0.059,0.064
-1.28730e-01,-0.061,0.064
-1.28720e-01,-0.057,0.064
-1.28710e-01,-0.065,0.062
-1.28700e-01,-0.055,0.06
-1.28690e-01,-0.059,0.064
-1.28680e-01,-0.059,0.064
-1.28670e-01,-0.051,0.056
-1.28660e-01,-0.051,0.054
-1.28650e-01,-0.051,0.056
-1.28640e-01,-0.053,0.058
-1.28630e-01,-0.059,0.064
-1.28620e-01,-0.059,0.06
-1.28610e-01,-0.059,0.062
-1.28600e-01,-0.057,0.064
-1.28590e-01,-0.061,0.064
-1.28580e-01,-0.051,0.058
-1.28570e-01,-0.059,0.064
-1.28560e-01,-0.049,0.056
-1.28550e-01,-0.057,0.062
-1.28540e-01,-0.053,0.056
-1.28530e-01,-0.059,0.064
-1.28520e-01,-0.059,0.062
-1.28510e-01,-0.061,0.066
-1.28500e-01,-0.059,0.06
-1.28490e-01,-0.059,0.062
-1.28480e-01,-0.059,0.068
-1.28470e-01,-0.055,0.062
-1.28460e-01,-0.059,0.062
-1.28450e-01,-0.057,0.064
-1.28440e-01,-0.057,0.06
-1.28430e-01,-0.059,0.062
-1.28420e-01,-0.061,0.066
-1.28410e-01,-0.061,0.064
-1.28400e-01,-0.061,0.062
-1.28390e-01,-0.061,0.064
-1.28380e-01,-0.061,0.06
-1.28370e-01,-0.063,0.066
-1.28360e-01,-0.059,0.06
-1.28350e-01,-0.059,0.06
-1.28340e-01,-0.055,0.06
-1.28330e-01,-0.057,0.062
-1.28320e-01,-0.061,0.062
-1.28310e-01,-0.061,0.066
-1.28300e-01,-0.063,0.066
-1.28290e-01,-0.057,0.064
-1.28280e-01,-0.059,0.062
-1.28270e-01,-0.063,0.06
-1.28260e-01,-0.063,0.066
-1.28250e-01,-0.065,0.066
-1.28240e-01,-0.057,0.062
-1.28230e-01,-0.059,0.06
-1.28220e-01,-0.055,0.062
-1.28210e-01,-0.057,0.066
-1.28200e-01,-0.053,0.062
-1.28190e-01,-0.061,0.064
-1.28180e-01,-0.055,0.06
-1.28170e-01,-0.061,0.066
-1.28160e-01,-0.059,0.064
-1.28150e-01,-0.059,0.066
-1.28140e-01,-0.059,0.062
-1.28130e-01,-0.061,0.064
-1.28120e-01,-0.063,0.064
-1.28110e-01,-0.059,0.06
-1.28100e-01,-0.059,0.062
-1.28090e-01,-0.063,0.066
-1.28080e-01,-0.057,0.06
-1.28070e-01,-0.059,0.066
-1.28060e-01,-0.059,0.064
-1.28050e-01,-0.059,0.064
-1.28040e-01,-0.061,0.064
-1.28030e-01,-0.059,0.06
-1.28020e-01,-0.059,0.064
-1.28010e-01,-0.063,0.064
-1.28000e-01,-0.063,0.064
-1.27990e-01,-0.059,0.06
-1.27980e-01,-0.057,0.06
-1.27970e-01,-0.055,0.062
-1.27960e-01,-0.063,0.066
-1.27950e-01,-0.059,0.064
-1.27940e-01,-0.057,0.062
-1.27930e-01,-0.059,0.064
-1.27920e-01,-0.059,0.062
-1.27910e-01,-0.059,0.064
-1.27900e-01,-0.059,0.064
-1.27890e-01,-0.059,0.064
-1.27880e-01,-0.063,0.064
-1.27870e-01,-0.061,0.06
-1.27860e-01,-0.061,0.064
-1.27850e-01,-0.059,0.062
-1.27840e-01,-0.061,0.066
-1.27830e-01,-0.057,0.064
-1.27820e-01,-0.053,0.06
-1.27810e-01,-0.057,0.06
-1.27800e-01,-0.043,0.05
-1.27790e-01,-0.051,0.054
-1.27780e-01,-0.047,0.048
-1.27770e-01,-0.059,0.06
-1.27760e-01,-0.059,0.064
-1.27750e-01,-0.055,0.06
-1.27740e-01,-0.057,0.06
-1.27730e-01,-0.055,0.062
-1.27720e-01,-0.057,0.06
-1.27710e-01,-0.057,0.064
-1.27700e-01,-0.063,0.062
-1.27690e-01,-0.057,0.064
-1.27680e-01,-0.059,0.064
-1.27670e-01,-0.059,0.064
-1.27660e-01,-0.057,0.064
-1.27650e-01,-0.059,0.066
-1.27640e-01,-0.059,0.06
-1.27630e-01,-0.059,0.06
-1.27620e-01,-0.061,0.06
-1.27610e-01,-0.055,0.06
-1.27600e-01,-0.063,0.066
-1.27590e-01,-0.059,0.064
-1.27580e-01,-0.057,0.062
-1.27570e-01,-0.061,0.068
-1.27560e-01,-0.059,0.062
-1.27550e-01,-0.057,0.06
-1.27540e-01,-0.057,0.062
-1.27530e-01,-0.059,0.064
-1.27520e-01,-0.063,0.062
-1.27510e-01,-0.059,0.062
-1.27500e-01,-0.055,0.066
-1.27490e-01,-0.057,0.06
-1.27480e-01,-0.059,0.062
-1.27470e-01,-0.059,0.062
-1.27460e-01,-0.059,0.064
-1.27450e-01,-0.057,0.06
-1.27440e-01,-0.059,0.064
-1.27430e-01,-0.055,0.06
-1.27420e-01,-0.059,0.062
-1.27410e-01,-0.061,0.064
-1.27400e-01,-0.061,0.062
-1.27390e-01,-0.061,0.066
-1.27380e-01,-0.061,0.062
-1.27370e-01,-0.053,0.06
-1.27360e-01,-0.059,0.06
-1.27350e-01,-0.043,0.048
-1.27340e-01,-0.059,0.062
-1.27330e-01,-0.057,0.062
-1.27320e-01,-0.061,0.062
-1.27310e-01,-0.059,0.066
-1.27300e-01,-0.061,0.062
-1.27290e-01,-0.061,0.068
-1.27280e-01,-0.053,0.064
-1.27270e-01,-0.059,0.064
-1.27260e-01,-0.063,0.062
-1.27250e-01,-0.059,0.062
-1.27240e-01,-0.061,0.064
-1.27230e-01,-0.057,0.058
-1.27220e-01,-0.055,0.068
-1.27210e-01,-0.051,0.058
-1.27200e-01,-0.055,0.062
-1.27190e-01,-0.059,0.062
-1.27180e-01,-0.061,0.066
-1.27170e-01,-0.057,0.06
-1.27160e-01,-0.057,0.066
-1.27150e-01,-0.053,0.06
-1.27140e-01,-0.059,0.066
-1.27130e-01,-0.061,0.064
-1.27120e-01,-0.061,0.066
-1.27110e-01,-0.061,0.062
-1.27100e-01,-0.059,0.062
-1.27090e-01,-0.063,0.062
-1.27080e-01,-0.057,0.064
-1.27070e-01,-0.059,0.064
-1.27060e-01,-0.063,0.062
-1.27050e-01,-0.061,0.064
-1.27040e-01,-0.059,0.06
-1.27030e-01,-0.061,0.064
-1.27020e-01,-0.057,0.058
-1.27010e-01,-0.061,0.064
-1.27000e-01,-0.061,0.064
-1.26990e-01,-0.061,0.064
-1.26980e-01,-0.055,0.056
-1.26970e-01,-0.055,0.062
-1.26960e-01,-0.055,0.062
-1.26950e-01,-0.057,0.064
-1.26940e-01,-0.059,0.062
-1.26930e-01,-0.059,0.064
-1.26920e-01,-0.059,0.06
-1.26910e-01,-0.057,0.06
-1.26900e-01,-0.061,0.062
-1.26890e-01,-0.059,0.066
-1.26880e-01,-0.059,0.066
-1.26870e-01,-0.057,0.062
-1.26860e-01,-0.057,0.062
-1.26850e-01,-0.059,0.06
-1.26840e-01,-0.055,0.06
-1.26830e-01,-0.063,0.064
-1.26820e-01,-0.061,0.06
-1.26810e-01,-0.061,0.064
-1.26800e-01,-0.059,0.064
-1.26790e-01,-0.057,0.066
-1.26780e-01,-0.063,0.066
-1.26770e-01,-0.061,0.064
-1.26760e-01,-0.057,0.06
-1.26750e-01,-0.061,0.064
-1.26740e-01,-0.063,0.064
-1.26730e-01,-0.059,0.062
-1.26720e-01,-0.061,0.064
-1.26710e-01,-0.063,0.062
-1.26700e-01,-0.055,0.06
-1.26690e-01,-0.063,0.064
-1.26680e-01,-0.061,0.062
-1.26670e-01,-0.057,0.064
-1.26660e-01,-0.059,0.064
-1.26650e-01,-0.063,0.062
-1.26640e-01,-0.059,0.06
-1.26630e-01,-0.063,0.064
-1.26620e-01,-0.059,0.064
-1.26610e-01,-0.065,0.062
-1.26600e-01,-0.063,0.06
-1.26590e-01,-0.059,0.06
-1.26580e-01,-0.059,0.064
-1.26570e-01,-0.059,0.064
-1.26560e-01,-0.057,0.06
-1.26550e-01,-0.057,0.062
-1.26540e-01,-0.049,0.05
-1.26530e-01,-0.057,0.064
-1.26520e-01,-0.055,0.058
-1.26510e-01,-0.061,0.064
-1.26500e-01,-0.055,0.062
-1.26490e-01,-0.061,0.064
-1.26480e-01,-0.059,0.064
-1.26470e-01,-0.053,0.058
-1.26460e-01,-0.063,0.064
-1.26450e-01,-0.061,0.064
-1.26440e-01,-0.063,0.066
-1.26430e-01,-0.063,0.062
-1.26420e-01,-0.059,0.064
-1.26410e-01,-0.059,0.062
-1.26400e-01,-0.063,0.062
-1.26390e-01,-0.063,0.066
-1.26380e-01,-0.057,0.062
-1.26370e-01,-0.059,0.064
-1.26360e-01,-0.059,0.062
-1.26350e-01,-0.055,0.06
-1.26340e-01,-0.063,0.062
-1.26330e-01,-0.057,0.06
-1.26320e-01,-0.059,0.06
-1.26310e-01,-0.059,0.062
-1.26300e-01,-0.063,0.064
-1.26290e-01,-0.057,0.06
-1.26280e-01,-0.061,0.062
-1.26270e-01,-0.061,0.062
-1.26260e-01,-0.061,0.062
-1.26250e-01,-0.057,0.064
-1.26240e-01,-0.059,0.064
-1.26230e-01,-0.061,0.062
-1.26220e-01,-0.057,0.06
-1.26210e-01,-0.061,0.064
-1.26200e-01,-0.061,0.066
-1.26190e-01,-0.059,0.066
-1.26180e-01,-0.061,0.064
-1.26170e-01,-0.055,0.06
-1.26160e-01,-0.063,0.064
-1.26150e-01,-0.057,0.06
-1.26140e-01,-0.061,0.062
-1.26130e-01,-0.061,0.064
-1.26120e-01,-0.059,0.062
-1.26110e-01,-0.061,0.064
-1.26100e-01,-0.059,0.066
-1.26090e-01,-0.061,0.062
-1.26080e-01,-0.059,0.062
-1.26070e-01,-0.059,0.064
-1.26060e-01,-0.059,0.062
-1.26050e-01,-0.057,0.062
-1.26040e-01,-0.061,0.066
-1.26030e-01,-0.061,0.064
-1.26020e-01,-0.059,0.066
-1.26010e-01,-0.059,0.064
-1.26000e-01,-0.059,0.068
-1.25990e-01,-0.061,0.064
-1.25980e-01,-0.059,0.064
-1.25970e-01,-0.059,0.062
-1.25960e-01,-0.059,0.062
-1.25950e-01,-0.059,0.064
-1.25940e-01,-0.057,0.064
-1.25930e-01,-0.065,0.064
-1.25920e-01,-0.061,0.064
-1.25910e-01,-0.059,0.062
-1.25900e-01,-0.049,0.056
-1.25890e-01,-0.059,0.066
-1.25880e-01,-0.057,0.062
-1.25870e-01,-0.053,0.054
-1.25860e-01,-0.053,0.06
-1.25850e-01,-0.059,0.06
-1.25840e-01,-0.059,0.06
-1.25830e-01,-0.059,0.062
-1.25820e-01,-0.051,0.056
-1.25810e-01,-0.051,0.058
-1.25800e-01,-0.051,0.058
-1.25790e-01,-0.055,0.06
-1.25780e-01,-0.055,0.058
-1.25770e-01,-0.055,0.06
-1.25760e-01,-0.055,0.06
-1.25750e-01,-0.059,0.06
-1.25740e-01,-0.049,0.054
-1.25730e-01,-0.055,0.06
-1.25720e-01,-0.055,0.06
-1.25710e-01,-0.059,0.062
-1.25700e-01,-0.057,0.06
-1.25690e-01,-0.059,0.064
-1.25680e-01,-0.059,0.062
-1.25670e-01,-0.057,0.062
-1.25660e-01,-0.055,0.06
-1.25650e-01,-0.055,0.06
-1.25640e-01,-0.049,0.056
-1.25630e-01,-0.057,0.068
-1.25620e-01,-0.059,0.066
-1.25610e-01,-0.061,0.062
-1.25600e-01,-0.057,0.06
-1.25590e-01,-0.053,0.056
-1.25580e-01,-0.059,0.062
-1.25570e-01,-0.059,0.06
-1.25560e-01,-0.059,0.062
-1.25550e-01,-0.063,0.062
-1.25540e-01,-0.061,0.064
-1.25530e-01,-0.055,0.06
-1.25520e-01,-0.049,0.05
-1.25510e-01,-0.061,0.062
-1.25500e-01,-0.059,0.064
-1.25490e-01,-0.061,0.064
-1.25480e-01,-0.051,0.06
-1.25470e-01,-0.055,0.056
-1.25460e-01,-0.057,0.06
-1.25450e-01,-0.053,0.058
-1.25440e-01,-0.063,0.066
-1.25430e-01,-0.057,0.062
-1.25420e-01,-0.059,0.06
-1.25410e-01,-0.055,0.06
-1.25400e-01,-0.059,0.064
-1.25390e-01,-0.053,0.06
-1.25380e-01,-0.055,0.06
-1.25370e-01,-0.055,0.06
-1.25360e-01,-0.059,0.064
-1.25350e-01,-0.051,0.058
-1.25340e-01,-0.043,0.05
-1.25330e-01,-0.055,0.06
-1.25320e-01,-0.055,0.06
-1.25310e-01,-0.053,0.058
-1.25300e-01,-0.049,0.056
-1.25290e-01,-0.053,0.054
-1.25280e-01,-0.055,0.058
-1.25270e-01,-0.061,0.064
-1.25260e-01,-0.061,0.064
-1.25250e-01,-0.059,0.062
-1.25240e-01,-0.061,0.064
-1.25230e-01,-0.059,0.062
-1.25220e-01,-0.059,0.062
-1.25210e-01,-0.059,0.064
-1.25200e-01,-0.061,0.066
-1.25190e-01,-0.055,0.06
-1.25180e-01,-0.051,0.056
-1.25170e-01,-0.059,0.066
-1.25160e-01,-0.061,0.064
-1.25150e-01,-0.061,0.06
-1.25140e-01,-0.059,0.064
-1.25130e-01,-0.063,0.066
-1.25120e-01,-0.063,0.064
-1.25110e-01,-0.061,0.064
-1.25100e-01,-0.061,0.062
-1.25090e-01,-0.061,0.064
-1.25080e-01,-0.059,0.064
-1.25070e-01,-0.063,0.064
-1.25060e-01,-0.059,0.062
-1.25050e-01,-0.061,0.062
-1.25040e-01,-0.063,0.062
-1.25030e-01,-0.061,0.064
-1.25020e-01,-0.059,0.062
-1.25010e-01,-0.059,0.062
-1.25000e-01,-0.063,0.064
-1.24990e-01,-0.053,0.062
-1.24980e-01,-0.061,0.062
-1.24970e-01,-0.057,0.06
-1.24960e-01,-0.061,0.066
-1.24950e-01,-0.061,0.064
-1.24940e-01,-0.061,0.066
-1.24930e-01,-0.061,0.06
-1.24920e-01,-0.061,0.064
-1.24910e-01,-0.059,0.06
-1.24900e-01,-0.061,0.062
-1.24890e-01,-0.055,0.06
-1.24880e-01,-0.053,0.06
-1.24870e-01,-0.059,0.064
-1.24860e-01,-0.057,0.064
-1.24850e-01,-0.049,0.056
-1.24840e-01,-0.059,0.068
-1.24830e-01,-0.061,0.064
-1.24820e-01,-0.061,0.062
-1.24810e-01,-0.059,0.062
-1.24800e-01,-0.057,0.064
-1.24790e-01,-0.061,0.064
-1.24780e-01,-0.057,0.06
-1.24770e-01,-0.057,0.062
-1.24760e-01,-0.053,0.058
-1.24750e-01,-0.059,0.064
-1.24740e-01,-0.061,0.064
-1.24730e-01,-0.059,0.064
-1.24720e-01,-0.057,0.06
-1.24710e-01,-0.057,0.062
-1.24700e-01,-0.061,0.064
-1.24690e-01,-0.049,0.058
-1.24680e-01,-0.063,0.064
-1.24670e-01,-0.055,0.058
-1.24660e-01,-0.061,0.064
-1.24650e-01,-0.063,0.064
-1.24640e-01,-0.059,0.064
-1.24630e-01,-0.057,0.06
-1.24620e-01,-0.059,0.062
-1.24610e-01,-0.059,0.062
-1.24600e-01,-0.057,0.06
-1.24590e-01,-0.055,0.054
-1.24580e-01,-0.043,0.046
-1.24570e-01,-0.059,0.066
-1.24560e-01,-0.057,0.06
-1.24550e-01,-0.063,0.066
-1.24540e-01,-0.055,0.064
-1.24530e-01,-0.061,0.064
-1.24520e-01,-0.061,0.064
-1.24510e-01,-0.053,0.058
-1.24500e-01,-0.057,0.064
-1.24490e-01,-0.057,0.06
-1.24480e-01,-0.057,0.064
-1.24470e-01,-0.061,0.062
-1.24460e-01,-0.061,0.062
-1.24450e-01,-0.057,0.062
-1.24440e-01,-0.059,0.066
-1.24430e-01,-0.065,0.064
-1.24420e-01,-0.057,0.062
-1.24410e-01,-0.057,0.06
-1.24400e-01,-0.061,0.064
-1.24390e-01,-0.057,0.064
-1.24380e-01,-0.065,0.062
-1.24370e-01,-0.055,0.056
-1.24360e-01,-0.061,0.064
-1.24350e-01,-0.059,0.062
-1.24340e-01,-0.057,0.064
-1.24330e-01,-0.059,0.066
-1.24320e-01,-0.057,0.064
-1.24310e-01,-0.059,0.062
-1.24300e-01,-0.047,0.054
-1.24290e-01,-0.057,0.064
-1.24280e-01,-0.061,0.062
-1.24270e-01,-0.057,0.064
-1.24260e-01,-0.055,0.062
-1.24250e-01,-0.055,0.06
-1.24240e-01,-0.057,0.06
-1.24230e-01,-0.059,0.064
-1.24220e-01,-0.059,0.064
-1.24210e-01,-0.057,0.06
-1.24200e-01,-0.051,0.058
-1.24190e-01,-0.045,0.048
-1.24180e-01,-0.057,0.056
-1.24170e-01,-0.053,0.06
-1.24160e-01,-0.059,0.064
-1.24150e-01,-0.061,0.064
-1.24140e-01,-0.063,0.062
-1.24130e-01,-0.063,0.06
-1.24120e-01,-0.061,0.066
-1.24110e-01,-0.057,0.06
-1.24100e-01,-0.059,0.064
-1.24090e-01,-0.061,0.068
-1.24080e-01,-0.059,0.06
-1.24070e-01,-0.063,0.064
-1.24060e-01,-0.061,0.064
-1.24050e-01,-0.061,0.064
-1.24040e-01,-0.061,0.062
-1.24030e-01,-0.057,0.062
-1.24020e-01,-0.053,0.06
-1.24010e-01,-0.051,0.058
-1.24000e-01,-0.047,0.054
-1.23990e-01,-0.059,0.062
-1.23980e-01,-0.053,0.062
-1.23970e-01,-0.059,0.062
-1.23960e-01,-0.061,0.066
-1.23950e-01,-0.055,0.056
-1.23940e-01,-0.059,0.064
-1.23930e-01,-0.061,0.064
-1.23920e-01,-0.059,0.066
-1.23910e-01,-0.061,0.062
-1.23900e-01,-0.059,0.064
-1.23890e-01,-0.061,0.064
-1.23880e-01,-0.061,0.066
-1.23870e-01,-0.059,0.058
-1.23860e-01,-0.059,0.064
-1.23850e-01,-0.059,0.064
-1.23840e-01,-0.059,0.062
-1.23830e-01,-0.059,0.062
-1.23820e-01,-0.059,0.064
-1.23810e-01,-0.061,0.068
-1.23800e-01,-0.059,0.064
-1.23790e-01,-0.063,0.064
-1.23780e-01,-0.057,0.066
-1.23770e-01,-0.059,0.062
-1.23760e-01,-0.059,0.06
-1.23750e-01,-0.059,0.062
-1.23740e-01,-0.059,0.066
-1.23730e-01,-0.057,0.06
-1.23720e-01,-0.057,0.064
-1.23710e-01,-0.051,0.058
-1.23700e-01,-0.057,0.06
-1.23690e-01,-0.059,0.064
-1.23680e-01,-0.057,0.06
-1.23670e-01,-0.057,0.06
-1.23660e-01,-0.063,0.066
-1.23650e-01,-0.057,0.064
-1.23640e-01,-0.061,0.064
-1.23630e-01,-0.057,0.062
-1.23620e-01,-0.057,0.062
-1.23610e-01,-0.059,0.064
-1.23600e-01,-0.061,0.06
-1.23590e-01,-0.061,0.064
-1.23580e-01,-0.055,0.06
-1.23570e-01,-0.055,0.06
-1.23560e-01,-0.059,0.062
-1.23550e-01,-0.061,0.064
-1.23540e-01,-0.059,0.06
-1.23530e-01,-0.057,0.066
-1.23520e-01,-0.059,0.064
-1.23510e-01,-0.063,0.064
-1.23500e-01,-0.061,0.064
-1.23490e-01,-0.061,0.062
-1.23480e-01,-0.057,0.058
-1.23470e-01,-0.057,0.064
-1.23460e-01,-0.061,0.064
-1.23450e-01,-0.063,0.064
-1.23440e-01,-0.059,0.06
-1.23430e-01,-0.049,0.058
-1.23420e-01,-0.047,0.048
-1.23410e-01,-0.059,0.064
-1.23400e-01,-0.061,0.062
-1.23390e-01,-0.063,0.062
-1.23380e-01,-0.057,0.06
-1.23370e-01,-0.047,0.05
-1.23360e-01,-0.065,0.064
-1.23350e-01,-0.055,0.062
-1.23340e-01,-0.061,0.062
-1.23330e-01,-0.063,0.064
-1.23320e-01,-0.057,0.064
-1.23310e-01,-0.055,0.06
-1.23300e-01,-0.061,0.06
-1.23290e-01,-0.049,0.06
-1.23280e-01,-0.055,0.06
-1.23270e-01,-0.057,0.064
-1.23260e-01,-0.063,0.064
-1.23250e-01,-0.059,0.064
-1.23240e-01,-0.059,0.066
-1.23230e-01,-0.057,0.06
-1.23220e-01,-0.061,0.066
-1.23210e-01,-0.059,0.062
-1.23200e-01,-0.059,0.064
-1.23190e-01,-0.059,0.064
-1.23180e-01,-0.057,0.062
-1.23170e-01,-0.061,0.064
-1.23160e-01,-0.061,0.064
-1.23150e-01,-0.057,0.064
-1.23140e-01,-0.055,0.062
-1.23130e-01,-0.061,0.064
-1.23120e-01,-0.057,0.064
-1.23110e-01,-0.061,0.062
-1.23100e-01,-0.059,0.064
-1.23090e-01,-0.059,0.066
-1.23080e-01,-0.061,0.064
-1.23070e-01,-0.059,0.06
-1.23060e-01,-0.059,0.064
-1.23050e-01,-0.051,0.06
-1.23040e-01,-0.059,0.066
-1.23030e-01,-0.053,0.06
-1.23020e-01,-0.059,0.062
-1.23010e-01,-0.061,0.062
-1.23000e-01,-0.051,0.058
-1.22990e-01,-0.061,0.064
-1.22980e-01,-0.059,0.062
-1.22970e-01,-0.061,0.062
-1.22960e-01,-0.059,0.068
-1.22950e-01,-0.051,0.058
-1.22940e-01,-0.059,0.062
-1.22930e-01,-0.059,0.06
-1.22920e-01,-0.057,0.06
-1.22910e-01,-0.053,0.058
-1.22900e-01,-0.059,0.064
-1.22890e-01,-0.061,0.064
-1.22880e-01,-0.055,0.06
-1.22870e-01,-0.049,0.056
-1.22860e-01,-0.039,0.046
-1.22850e-01,-0.057,0.06
-1.22840e-01,-0.051,0.056
-1.22830e-01,-0.059,0.062
-1.22820e-01,-0.057,0.062
-1.22810e-01,-0.063,0.06
-1.22800e-01,-0.061,0.06
-1.22790e-01,-0.059,0.062
-1.22780e-01,-0.057,0.062
-1.22770e-01,-0.059,0.064
-1.22760e-01,-0.057,0.06
-1.22750e-01,-0.061,0.064
-1.22740e-01,-0.061,0.064
-1.22730e-01,-0.063,0.066
-1.22720e-01,-0.061,0.064
-1.22710e-01,-0.055,0.058
-1.22700e-01,-0.059,0.06
-1.22690e-01,-0.057,0.06
-1.22680e-01,-0.063,0.064
-1.22670e-01,-0.061,0.064
-1.22660e-01,-0.063,0.064
-1.22650e-01,-0.059,0.064
-1.22640e-01,-0.061,0.064
-1.22630e-01,-0.061,0.066
-1.22620e-01,-0.051,0.056
-1.22610e-01,-0.063,0.064
-1.22600e-01,-0.061,0.064
-1.22590e-01,-0.059,0.066
-1.22580e-01,-0.057,0.06
-1.22570e-01,-0.061,0.064
-1.22560e-01,-0.059,0.062
-1.22550e-01,-0.063,0.06
-1.22540e-01,-0.059,0.062
-1.22530e-01,-0.061,0.066
-1.22520e-01,-0.057,0.062
-1.22510e-01,-0.051,0.054
-1.22500e-01,-0.057,0.062
-1.22490e-01,-0.053,0.054
-1.22480e-01,-0.057,0.064
-1.22470e-01,-0.055,0.064
-1.22460e-01,-0.061,0.064
-1.22450e-01,-0.063,0.06
-1.22440e-01,-0.055,0.06
-1.22430e-01,-0.061,0.062
-1.22420e-01,-0.057,0.064
-1.22410e-01,-0.061,0.062
-1.22400e-01,-0.059,0.062
-1.22390e-01,-0.059,0.062
-1.22380e-01,-0.061,0.064
-1.22370e-01,-0.059,0.064
-1.22360e-01,-0.057,0.066
-1.22350e-01,-0.059,0.064
-1.22340e-01,-0.059,0.062
-1.22330e-01,-0.053,0.06
-1.22320e-01,-0.045,0.052
-1.22310e-01,-0.051,0.056
-1.22300e-01,-0.061,0.064
-1.22290e-01,-0.057,0.06
-1.22280e-01,-0.059,0.062
-1.22270e-01,-0.059,0.066
-1.22260e-01,-0.059,0.068
-1.22250e-01,-0.059,0.064
-1.22240e-01,-0.057,0.06
-1.22230e-01,-0.061,0.064
-1.22220e-01,-0.061,0.062
-1.22210e-01,-0.055,0.062
-1.22200e-01,-0.063,0.066
-1.22190e-01,-0.059,0.064
-1.22180e-01,-0.063,0.062
-1.22170e-01,-0.057,0.06
-1.22160e-01,-0.057,0.064
-1.22150e-01,-0.057,0.062
-1.22140e-01,-0.059,0.064
-1.22130e-01,-0.059,0.064
-1.22120e-01,-0.061,0.062
-1.22110e-01,-0.061,0.062
-1.22100e-01,-0.055,0.06
-1.22090e-01,-0.057,0.06
-1.22080e-01,-0.059,0.062
-1.22070e-01,-0.057,0.062
-1.22060e-01,-0.061,0.062
-1.22050e-01,-0.059,0.064
-1.22040e-01,-0.059,0.064
-1.22030e-01,-0.061,0.062
-1.22020e-01,-0.059,0.064
-1.22010e-01,-0.059,0.06
-1.22000e-01,-0.061,0.064
-1.21990e-01,-0.059,0.066
-1.21980e-01,-0.055,0.062
-1.21970e-01,-0.059,0.066
-1.21960e-01,-0.059,0.062
-1.21950e-01,-0.061,0.062
-1.21940e-01,-0.057,0.062
-1.21930e-01,-0.057,0.062
-1.21920e-01,-0.061,0.062
-1.21910e-01,-0.063,0.064
-1.21900e-01,-0.059,0.06
-1.21890e-01,-0.061,0.062
-1.21880e-01,-0.057,0.058
-1.21870e-01,-0.061,0.066
-1.21860e-01,-0.059,0.062
-1.21850e-01,-0.061,0.064
-1.21840e-01,-0.059,0.06
-1.21830e-01,-0.061,0.062
-1.21820e-01,-0.057,0.066
-1.21810e-01,-0.057,0.06
-1.21800e-01,-0.057,0.062
-1.21790e-01,-0.053,0.058
-1.21780e-01,-0.063,0.066
-1.21770e-01,-0.061,0.06
-1.21760e-01,-0.061,0.064
-1.21750e-01,-0.055,0.064
-1.21740e-01,-0.059,0.062
-1.21730e-01,-0.049,0.054
-1.21720e-01,-0.057,0.06
-1.21710e-01,-0.061,0.066
-1.21700e-01,-0.057,0.062
-1.21690e-01,-0.055,0.056
-1.21680e-01,-0.035,0.04
-1.21670e-01,-0.043,0.05
-1.21660e-01,-0.047,0.054
-1.21650e-01,-0.053,0.06
-1.21640e-01,-0.057,0.066
-1.21630e-01,-0.059,0.06
-1.21620e-01,-0.063,0.064
-1.21610e-01,-0.061,0.064
-1.21600e-01,-0.059,0.064
-1.21590e-01,-0.057,0.064
-1.21580e-01,-0.051,0.052
-1.21570e-01,-0.059,0.064
-1.21560e-01,-0.053,0.056
-1.21550e-01,-0.063,0.064
-1.21540e-01,-0.057,0.064
-1.21530e-01,-0.059,0.064
-1.21520e-01,-0.057,0.062
-1.21510e-01,-0.059,0.06
-1.21500e-01,-0.055,0.06
-1.21490e-01,-0.063,0.062
-1.21480e-01,-0.061,0.064
-1.21470e-01,-0.063,0.064
-1.21460e-01,-0.057,0.06
-1.21450e-01,-0.057,0.062
-1.21440e-01,-0.063,0.064
-1.21430e-01,-0.055,0.06
-1.21420e-01,-0.055,0.06
-1.21410e-01,-0.061,0.068
-1.21400e-01,-0.051,0.056
-1.21390e-01,-0.053,0.058
-1.21380e-01,-0.059,0.064
-1.21370e-01,-0.061,0.064
-1.21360e-01,-0.057,0.064
-1.21350e-01,-0.057,0.062
-1.21340e-01,-0.061,0.06
-1.21330e-01,-0.063,0.064
-1.21320e-01,-0.059,0.062
-1.21310e-01,-0.059,0.064
-1.21300e-01,-0.057,0.062
-1.21290e-01,-0.053,0.06
-1.21280e-01,-0.059,0.064
-1.21270e-01,-0.057,0.062
-1.21260e-01,-0.061,0.062
-1.21250e-01,-0.057,0.064
-1.21240e-01,-0.065,0.064
-1.21230e-01,-0.059,0.06
-1.21220e-01,-0.061,0.066
-1.21210e-01,-0.059,0.064
-1.21200e-01,-0.063,0.064
-1.21190e-01,-0.059,0.064
-1.21180e-01,-0.057,0.064
-1.21170e-01,-0.057,0.066
-1.21160e-01,-0.057,0.064
-1.21150e-01,-0.059,0.06
-1.21140e-01,-0.061,0.062
-1.21130e-01,-0.061,0.062
-1.21120e-01,-0.057,0.062
-1.21110e-01,-0.059,0.064
-1.21100e-01,-0.053,0.058
-1.21090e-01,-0.061,0.062
-1.21080e-01,-0.057,0.062
-1.21070e-01,-0.063,0.064
-1.21060e-01,-0.061,0.064
-1.21050e-01,-0.061,0.062
-1.21040e-01,-0.059,0.064
-1.21030e-01,-0.059,0.064
-1.21020e-01,-0.061,0.064
-1.21010e-01,-0.059,0.06
-1.21000e-01,-0.059,0.062
-1.20990e-01,-0.059,0.064
-1.20980e-01,-0.051,0.058
-1.20970e-01,-0.059,0.066
-1.20960e-01,-0.051,0.058
-1.20950e-01,-0.061,0.064
-1.20940e-01,-0.059,0.064
-1.20930e-01,-0.059,0.062
-1.20920e-01,-0.053,0.064
-1.20910e-01,-0.059,0.062
-1.20900e-01,-0.061,0.066
-1.20890e-01,-0.061,0.064
-1.20880e-01,-0.065,0.06
-1.20870e-01,-0.063,0.064
-1.20860e-01,-0.059,0.064
-1.20850e-01,-0.057,0.062
-1.20840e-01,-0.053,0.058
-1.20830e-01,-0.063,0.066
-1.20820e-01,-0.059,0.06
-1.20810e-01,-0.057,0.066
-1.20800e-01,-0.059,0.064
-1.20790e-01,-0.059,0.062
-1.20780e-01,-0.061,0.064
-1.20770e-01,-0.057,0.064
-1.20760e-01,-0.061,0.066
-1.20750e-01,-0.061,0.062
-1.20740e-01,-0.059,0.06
-1.20730e-01,-0.057,0.064
-1.20720e-01,-0.061,0.064
-1.20710e-01,-0.059,0.062
-1.20700e-01,-0.061,0.062
-1.20690e-01,-0.059,0.064
-1.20680e-01,-0.059,0.06
-1.20670e-01,-0.063,0.066
-1.20660e-01,-0.057,0.064
-1.20650e-01,-0.061,0.064
-1.20640e-01,-0.061,0.064
-1.20630e-01,-0.059,0.062
-1.20620e-01,-0.059,0.062
-1.20610e-01,-0.051,0.054
-1.20600e-01,-0.063,0.064
-1.20590e-01,-0.061,0.064
-1.20580e-01,-0.055,0.058
-1.20570e-01,-0.055,0.06
-1.20560e-01,-0.049,0.058
-1.20550e-01,-0.063,0.062
-1.20540e-01,-0.057,0.06
-1.20530e-01,-0.053,0.056
-1.20520e-01,-0.061,0.062
-1.20510e-01,-0.053,0.06
-1.20500e-01,-0.053,0.06
-1.20490e-01,-0.061,0.066
-1.20480e-01,-0.059,0.062
-1.20470e-01,-0.061,0.06
-1.20460e-01,-0.059,0.066
-1.20450e-01,-0.051,0.06
-1.20440e-01,-0.055,0.06
-1.20430e-01,-0.059,0.064
-1.20420e-01,-0.055,0.06
-1.20410e-01,-0.059,0.064
-1.20400e-01,-0.045,0.05
-1.20390e-01,-0.061,0.062
-1.20380e-01,-0.057,0.064
-1.20370e-01,-0.061,0.064
-1.20360e-01,-0.061,0.064
-1.20350e-01,-0.053,0.058
-1.20340e-01,-0.063,0.068
-1.20330e-01,-0.057,0.062
-1.20320e-01,-0.059,0.064
-1.20310e-01,-0.059,0.062
-1.20300e-01,-0.057,0.062
-1.20290e-01,-0.055,0.06
-1.20280e-01,-0.053,0.06
-1.20270e-01,-0.055,0.06
-1.20260e-01,-0.059,0.064
-1.20250e-01,-0.057,0.062
-1.20240e-01,-0.049,0.056
-1.20230e-01,-0.055,0.054
-1.20220e-01,-0.057,0.064
-1.20210e-01,-0.055,0.06
-1.20200e-01,-0.053,0.056
-1.20190e-01,-0.049,0.054
-1.20180e-01,-0.057,0.06
-1.20170e-01,-0.057,0.064
-1.20160e-01,-0.059,0.068
-1.20150e-01,-0.061,0.066
-1.20140e-01,-0.061,0.06
-1.20130e-01,-0.061,0.062
-1.20120e-01,-0.055,0.062
-1.20110e-01,-0.061,0.064
-1.20100e-01,-0.059,0.066
-1.20090e-01,-0.065,0.066
-1.20080e-01,-0.061,0.064
-1.20070e-01,-0.055,0.062
-1.20060e-01,-0.061,0.068
-1.20050e-01,-0.059,0.064
-1.20040e-01,-0.057,0.064
-1.20030e-01,-0.063,0.064
-1.20020e-01,-0.059,0.064
-1.20010e-01,-0.063,0.064
-1.20000e-01,-0.061,0.064
-1.19990e-01,-0.057,0.062
-1.19980e-01,-0.061,0.064
-1.19970e-01,-0.061,0.066
-1.19960e-01,-0.061,0.066
-1.19950e-01,-0.057,0.062
-1.19940e-01,-0.061,0.064
-1.19930e-01,-0.061,0.062
-1.19920e-01,-0.059,0.062
-1.19910e-01,-0.059,0.06
-1.19900e-01,-0.053,0.058
-1.19890e-01,-0.055,0.06
-1.19880e-01,-0.055,0.062
-1.19870e-01,-0.061,0.068
-1.19860e-01,-0.063,0.062
-1.19850e-01,-0.059,0.06
-1.19840e-01,-0.063,0.066
-1.19830e-01,-0.057,0.062
-1.19820e-01,-0.061,0.064
-1.19810e-01,-0.059,0.06
-1.19800e-01,-0.061,0.064
-1.19790e-01,-0.063,0.062
-1.19780e-01,-0.053,0.058
-1.19770e-01,-0.053,0.06
-1.19760e-01,-0.061,0.066
-1.19750e-01,-0.065,0.062
-1.19740e-01,-0.061,0.064
-1.19730e-01,-0.055,0.064
-1.19720e-01,-0.059,0.062
-1.19710e-01,-0.059,0.062
-1.19700e-01,-0.055,0.06
-1.19690e-01,-0.061,0.064
-1.19680e-01,-0.063,0.064
-1.19670e-01,-0.063,0.06
-1.19660e-01,-0.061,0.064
-1.19650e-01,-0.061,0.062
-1.19640e-01,-0.061,0.06
-1.19630e-01,-0.059,0.062
-1.19620e-01,-0.059,0.066
-1.19610e-01,-0.057,0.064
-1.19600e-01,-0.063,0.064
-1.19590e-01,-0.063,0.06
-1.19580e-01,-0.057,0.06
-1.19570e-01,-0.061,0.064
-1.19560e-01,-0.049,0.054
-1.19550e-01,-0.059,0.064
-1.19540e-01,-0.053,0.06
-1.19530e-01,-0.059,0.06
-1.19520e-01,-0.061,0.064
-1.19510e-01,-0.061,0.064
-1.19500e-01,-0.061,0.06
-1.19490e-01,-0.061,0.066
-1.19480e-01,-0.059,0.062
-1.19470e-01,-0.059,0.062
-1.19460e-01,-0.061,0.062
-1.19450e-01,-0.057,0.062
-1.19440e-01,-0.059,0.064
-1.19430e-01,-0.059,0.062
-1.19420e-01,-0.063,0.062
-1.19410e-01,-0.057,0.06
-1.19400e-01,-0.057,0.06
-1.19390e-01,-0.059,0.064
-1.19380e-01,-0.057,0.06
-1.19370e-01,-0.059,0.064
-1.19360e-01,-0.061,0.064
-1.19350e-01,-0.059,0.064
-1.19340e-01,-0.059,0.064
-1.19330e-01,-0.059,0.062
-1.19320e-01,-0.059,0.064
-1.19310e-01,-0.057,0.064
-1.19300e-01,-0.059,0.066
-1.19290e-01,-0.061,0.066
-1.19280e-01,-0.059,0.062
-1.19270e-01,-0.059,0.066
-1.19260e-01,-0.057,0.062
-1.19250e-01,-0.059,0.062
-1.19240e-01,-0.047,0.056
-1.19230e-01,-0.059,0.06
-1.19220e-01,-0.049,0.05
-1.19210e-01,-0.065,0.066
-1.19200e-01,-0.059,0.062
-1.19190e-01,-0.055,0.062
-1.19180e-01,-0.059,0.062
-1.19170e-01,-0.059,0.062
-1.19160e-01,-0.059,0.064
-1.19150e-01,-0.057,0.062
-1.19140e-01,-0.061,0.06
-1.19130e-01,-0.061,0.062
-1.19120e-01,-0.061,0.064
-1.19110e-01,-0.057,0.06
-1.19100e-01,-0.059,0.064
-1.19090e-01,-0.059,0.066
-1.19080e-01,-0.053,0.06
-1.19070e-01,-0.059,0.062
-1.19060e-01,-0.053,0.056
-1.19050e-01,-0.059,0.064
-1.19040e-01,-0.051,0.06
-1.19030e-01,-0.059,0.064
-1.19020e-01,-0.061,0.062
-1.19010e-01,-0.057,0.06
-1.19000e-01,-0.051,0.056
-1.18990e-01,-0.059,0.06
-1.18980e-01,-0.059,0.068
-1.18970e-01,-0.059,0.066
-1.18960e-01,-0.053,0.058
-1.18950e-01,-0.061,0.062
-1.18940e-01,-0.053,0.054
-1.18930e-01,-0.065,0.064
-1.18920e-01,-0.061,0.064
-1.18910e-01,-0.059,0.066
-1.18900e-01,-0.061,0.064
-1.18890e-01,-0.063,0.064
-1.18880e-01,-0.059,0.064
-1.18870e-01,-0.061,0.06
-1.18860e-01,-0.059,0.062
-1.18850e-01,-0.059,0.064
-1.18840e-01,-0.051,0.056
-1.18830e-01,-0.059,0.064
-1.18820e-01,-0.059,0.066
-1.18810e-01,-0.061,0.068
-1.18800e-01,-0.063,0.064
-1.18790e-01,-0.059,0.06
-1.18780e-01,-0.057,0.064
-1.18770e-01,-0.061,0.06
-1.18760e-01,-0.061,0.064
-1.18750e-01,-0.059,0.06
-1.18740e-01,-0.059,0.064
-1.18730e-01,-0.053,0.06
-1.18720e-01,-0.059,0.064
-1.18710e-01,-0.061,0.066
-1.18700e-01,-0.057,0.06
-1.18690e-01,-0.049,0.056
-1.18680e-01,-0.057,0.06
-1.18670e-01,-0.043,0.05
-1.18660e-01,-0.063,0.062
-1.18650e-01,-0.049,0.054
-1.18640e-01,-0.045,0.054
-1.18630e-01,-0.045,0.048
-1.18620e-01,-0.055,0.06
-1.18610e-01,-0.051,0.058
-1.18600e-01,-0.061,0.066
-1.18590e-01,-0.055,0.058
-1.18580e-01,-0.055,0.062
-1.18570e-01,-0.055,0.06
-1.18560e-01,-0.063,0.062
-1.18550e-01,-0.063,0.066
-1.18540e-01,-0.055,0.062
-1.18530e-01,-0.059,0.064
-1.18520e-01,-0.059,0.064
-1.18510e-01,-0.061,0.06
-1.18500e-01,-0.059,0.062
-1.18490e-01,-0.061,0.066
-1.18480e-01,-0.059,0.066
-1.18470e-01,-0.063,0.062
-1.18460e-01,-0.057,0.064
-1.18450e-01,-0.063,0.066
-1.18440e-01,-0.057,0.062
-1.18430e-01,-0.061,0.066
-1.18420e-01,-0.061,0.064
-1.18410e-01,-0.061,0.064
-1.18400e-01,-0.059,0.062
-1.18390e-01,-0.053,0.06
-1.18380e-01,-0.061,0.062
-1.18370e-01,-0.057,0.064
-1.18360e-01,-0.051,0.06
-1.18350e-01,-0.059,0.064
-1.18340e-01,-0.055,0.058
-1.18330e-01,-0.061,0.062
-1.18320e-01,-0.051,0.056
-1.18310e-01,-0.063,0.066
-1.18300e-01,-0.059,0.062
-1.18290e-01,-0.055,0.058
-1.18280e-01,-0.051,0.058
-1.18270e-01,-0.059,0.064
-1.18260e-01,-0.061,0.06
-1.18250e-01,-0.059,0.066
-1.18240e-01,-0.051,0.058
-1.18230e-01,-0.061,0.062
-1.18220e-01,-0.061,0.062
-1.18210e-01,-0.059,0.062
-1.18200e-01,-0.051,0.052
-1.18190e-01,-0.057,0.06
-1.18180e-01,-0.051,0.054
-1.18170e-01,-0.059,0.064
-1.18160e-01,-0.061,0.064
-1.18150e-01,-0.063,0.062
-1.18140e-01,-0.059,0.064
-1.18130e-01,-0.051,0.058
-1.18120e-01,-0.057,0.06
-1.18110e-01,-0.057,0.064
-1.18100e-01,-0.055,0.062
-1.18090e-01,-0.053,0.06
-1.18080e-01,-0.055,0.06
-1.18070e-01,-0.055,0.058
-1.18060e-01,-0.053,0.06
-1.18050e-01,-0.055,0.056
-1.18040e-01,-0.061,0.062
-1.18030e-01,-0.061,0.066
-1.18020e-01,-0.057,0.062
-1.18010e-01,-0.043,0.052
-1.18000e-01,-0.061,0.064
-1.17990e-01,-0.057,0.054
-1.17980e-01,-0.059,0.06
-1.17970e-01,-0.061,0.06
-1.17960e-01,-0.059,0.066
-1.17950e-01,-0.063,0.064
-1.17940e-01,-0.061,0.066
-1.17930e-01,-0.061,0.062
-1.17920e-01,-0.063,0.066
-1.17910e-01,-0.065,0.064
-1.17900e-01,-0.059,0.062
-1.17890e-01,-0.059,0.062
-1.17880e-01,-0.061,0.066
-1.17870e-01,-0.061,0.064
-1.17860e-01,-0.055,0.058
-1.17850e-01,-0.061,0.064
-1.17840e-01,-0.059,0.06
-1.17830e-01,-0.063,0.066
-1.17820e-01,-0.057,0.058
-1.17810e-01,-0.061,0.068
-1.17800e-01,-0.061,0.06
-1.17790e-01,-0.059,0.06
-1.17780e-01,-0.059,0.064
-1.17770e-01,-0.059,0.064
-1.17760e-01,-0.053,0.064
-1.17750e-01,-0.061,0.062
-1.17740e-01,-0.057,0.062
-1.17730e-01,-0.059,0.066
-1.17720e-01,-0.061,0.066
-1.17710e-01,-0.053,0.064
-1.17700e-01,-0.061,0.064
-1.17690e-01,-0.059,0.062
-1.17680e-01,-0.061,0.062
-1.17670e-01,-0.061,0.062
-1.17660e-01,-0.061,0.064
-1.17650e-01,-0.059,0.06
-1.17640e-01,-0.059,0.064
-1.17630e-01,-0.061,0.066
-1.17620e-01,-0.061,0.062
-1.17610e-01,-0.061,0.064
-1.17600e-01,-0.059,0.068
-1.17590e-01,-0.053,0.058
-1.17580e-01,-0.057,0.06
-1.17570e-01,-0.055,0.058
-1.17560e-01,-0.059,0.064
-1.17550e-01,-0.059,0.064
-1.17540e-01,-0.061,0.064
-1.17530e-01,-0.059,0.064
-1.17520e-01,-0.061,0.064
-1.17510e-01,-0.057,0.062
-1.17500e-01,-0.057,0.06
-1.17490e-01,-0.061,0.068
-1.17480e-01,-0.057,0.064
-1.17470e-01,-0.061,0.064
-1.17460e-01,-0.055,0.058
-1.17450e-01,-0.059,0.06
-1.17440e-01,-0.057,0.06
-1.17430e-01,-0.057,0.06
-1.17420e-01,-0.041,0.05
-1.17410e-01,-0.057,0.06
-1.17400e-01,-0.051,0.052
-1.17390e-01,-0.059,0.062
-1.17380e-01,-0.055,0.062
-1.17370e-01,-0.059,0.062
-1.17360e-01,-0.055,0.06
-1.17350e-01,-0.059,0.06
-1.17340e-01,-0.041,0.042
-1.17330e-01,-0.055,0.062
-1.17320e-01,-0.059,0.06
-1.17310e-01,-0.061,0.064
-1.17300e-01,-0.059,0.062
-1.17290e-01,-0.057,0.064
-1.17280e-01,-0.057,0.06
-1.17270e-01,-0.061,0.062
-1.17260e-01,-0.061,0.064
-1.17250e-01,-0.061,0.064
-1.17240e-01,-0.057,0.06
-1.17230e-01,-0.061,0.062
-1.17220e-01,-0.059,0.062
-1.17210e-01,-0.059,0.064
-1.17200e-01,-0.065,0.062
-1.17190e-01,-0.061,0.06
-1.17180e-01,-0.055,0.058
-1.17170e-01,-0.057,0.062
-1.17160e-01,-0.057,0.06
-1.17150e-01,-0.059,0.062
-1.17140e-01,-0.055,0.058
-1.17130e-01,-0.061,0.064
-1.17120e-01,-0.057,0.064
-1.17110e-01,-0.059,0.064
-1.17100e-01,-0.059,0.06
-1.17090e-01,-0.063,0.066
-1.17080e-01,-0.061,0.066
-1.17070e-01,-0.053,0.058
-1.17060e-01,-0.053,0.056
-1.17050e-01,-0.061,0.062
-1.17040e-01,-0.053,0.058
-1.17030e-01,-0.053,0.062
-1.17020e-01,-0.051,0.06
-1.17010e-01,-0.053,0.06
-1.17000e-01,-0.055,0.06
-1.16990e-01,-0.055,0.058
-1.16980e-01,-0.055,0.062
-1.16970e-01,-0.061,0.064
-1.16960e-01,-0.059,0.064
-1.16950e-01,-0.057,0.066
-1.16940e-01,-0.061,0.062
-1.16930e-01,-0.063,0.066
-1.16920e-01,-0.057,0.062
-1.16910e-01,-0.059,0.06
-1.16900e-01,-0.059,0.062
-1.16890e-01,-0.063,0.062
-1.16880e-01,-0.059,0.062
-1.16870e-01,-0.057,0.06
-1.16860e-01,-0.063,0.064
-1.16850e-01,-0.051,0.056
-1.16840e-01,-0.055,0.06
-1.16830e-01,-0.053,0.054
-1.16820e-01,-0.063,0.064
-1.16810e-01,-0.059,0.062
-1.16800e-01,-0.061,0.066
-1.16790e-01,-0.061,0.066
-1.16780e-01,-0.051,0.054
-1.16770e-01,-0.055,0.06
-1.16760e-01,-0.049,0.054
-1.16750e-01,-0.059,0.062
-1.16740e-01,-0.057,0.056
-1.16730e-01,-0.055,0.064
-1.16720e-01,-0.057,0.062
-1.16710e-01,-0.057,0.06
-1.16700e-01,-0.059,0.06
-1.16690e-01,-0.063,0.064
-1.16680e-01,-0.059,0.064
-1.16670e-01,-0.061,0.066
-1.16660e-01,-0.061,0.066
-1.16650e-01,-0.061,0.064
-1.16640e-01,-0.059,0.06
-1.16630e-01,-0.059,0.06
-1.16620e-01,-0.059,0.064
-1.16610e-01,-0.057,0.066
-1.16600e-01,-0.063,0.066
-1.16590e-01,-0.057,0.06
-1.16580e-01,-0.063,0.066
-1.16570e-01,-0.059,0.06
-1.16560e-01,-0.061,0.062
-1.16550e-01,-0.065,0.068
-1.16540e-01,-0.061,0.062
-1.16530e-01,-0.063,0.064
-1.16520e-01,-0.059,0.06
-1.16510e-01,-0.059,0.062
-1.16500e-01,-0.061,0.062
-1.16490e-01,-0.061,0.062
-1.16480e-01,-0.053,0.058
-1.16470e-01,-0.057,0.06
-1.16460e-01,-0.061,0.066
-1.16450e-01,-0.059,0.06
-1.16440e-01,-0.061,0.064
-1.16430e-01,-0.059,0.064
-1.16420e-01,-0.059,0.062
-1.16410e-01,-0.057,0.062
-1.16400e-01,-0.055,0.062
-1.16390e-01,-0.059,0.064
-1.16380e-01,-0.059,0.066
-1.16370e-01,-0.057,0.062
-1.16360e-01,-0.061,0.066
-1.16350e-01,-0.055,0.06
-1.16340e-01,-0.065,0.066
-1.16330e-01,-0.059,0.062
-1.16320e-01,-0.061,0.064
-1.16310e-01,-0.057,0.062
-1.16300e-01,-0.061,0.062
-1.16290e-01,-0.055,0.062
-1.16280e-01,-0.053,0.06
-1.16270e-01,-0.051,0.054
-1.16260e-01,-0.037,0.044
-1.16250e-01,-0.055,0.058
-1.16240e-01,-0.053,0.06
-1.16230e-01,-0.047,0.056
-1.16220e-01,-0.047,0.054
-1.16210e-01,-0.053,0.06
-1.16200e-01,-0.053,0.06
-1.16190e-01,-0.059,0.064
-1.16180e-01,-0.059,0.06
-1.16170e-01,-0.061,0.064
-1.16160e-01,-0.061,0.062
-1.16150e-01,-0.057,0.062
-1.16140e-01,-0.047,0.056
-1.16130e-01,-0.063,0.064
-1.16120e-01,-0.053,0.06
-1.16110e-01,-0.061,0.064
-1.16100e-01,-0.051,0.056
-1.16090e-01,-0.061,0.064
-1.16080e-01,-0.051,0.056
-1.16070e-01,-0.057,0.062
-1.16060e-01,-0.055,0.06
-1.16050e-01,-0.053,0.06
-1.16040e-01,-0.055,0.06
-1.16030e-01,-0.057,0.064
-1.16020e-01,-0.059,0.062
-1.16010e-01,-0.059,0.062
-1.16000e-01,-0.063,0.062
-1.15990e-01,-0.063,0.064
-1.15980e-01,-0.059,0.058
-1.15970e-01,-0.059,0.062
-1.15960e-01,-0.057,0.062
-1.15950e-01,-0.059,0.062
-1.15940e-01,-0.053,0.056
-1.15930e-01,-0.061,0.064
-1.15920e-01,-0.059,0.064
-1.15910e-01,-0.057,0.064
-1.15900e-01,-0.053,0.056
-1.15890e-01,-0.047,0.05
-1.15880e-01,-0.053,0.056
-1.15870e-01,-0.059,0.06
-1.15860e-01,-0.039,0.046
-1.15850e-01,-0.045,0.046
-1.15840e-01,-0.045,0.052
-1.15830e-01,-0.039,0.048
-1.15820e-01,-0.043,0.052
-1.15810e-01,-0.061,0.064
-1.15800e-01,-0.057,0.06
-1.15790e-01,-0.045,0.054
-1.15780e-01,-0.055,0.06
-1.15770e-01,-0.059,0.066
-1.15760e-01,-0.059,0.062
-1.15750e-01,-0.055,0.066
-1.15740e-01,-0.057,0.064
-1.15730e-01,-0.057,0.062
-1.15720e-01,-0.061,0.06
-1.15710e-01,-0.055,0.066
-1.15700e-01,-0.061,0.064
-1.15690e-01,-0.059,0.066
-1.15680e-01,-0.059,0.064
-1.15670e-01,-0.059,0.062
-1.15660e-01,-0.061,0.064
-1.15650e-01,-0.059,0.062
-1.15640e-01,-0.057,0.06
-1.15630e-01,-0.055,0.056
-1.15620e-01,-0.061,0.062
-1.15610e-01,-0.059,0.066
-1.15600e-01,-0.061,0.066
-1.15590e-01,-0.057,0.064
-1.15580e-01,-0.061,0.066
-1.15570e-01,-0.057,0.062
-1.15560e-01,-0.061,0.06
-1.15550e-01,-0.059,0.066
-1.15540e-01,-0.061,0.064
-1.15530e-01,-0.061,0.06
-1.15520e-01,-0.061,0.06
-1.15510e-01,-0.055,0.06
-1.15500e-01,-0.049,0.054
-1.15490e-01,-0.057,0.062
-1.15480e-01,-0.049,0.058
-1.15470e-01,-0.057,0.062
-1.15460e-01,-0.055,0.058
-1.15450e-01,-0.057,0.062
-1.15440e-01,-0.059,0.066
-1.15430e-01,-0.057,0.06
-1.15420e-01,-0.059,0.064
-1.15410e-01,-0.059,0.06
-1.15400e-01,-0.059,0.064
-1.15390e-01,-0.061,0.064
-1.15380e-01,-0.057,0.062
-1.15370e-01,-0.063,0.066
-1.15360e-01,-0.063,0.062
-1.15350e-01,-0.059,0.062
-1.15340e-01,-0.061,0.062
-1.15330e-01,-0.057,0.064
-1.15320e-01,-0.059,0.066
-1.15310e-01,-0.059,0.062
-1.15300e-01,-0.063,0.064
-1.15290e-01,-0.059,0.062
-1.15280e-01,-0.059,0.062
-1.15270e-01,-0.063,0.062
-1.15260e-01,-0.053,0.058
-1.15250e-01,-0.061,0.064
-1.15240e-01,-0.059,0.064
-1.15230e-01,-0.057,0.06
-1.15220e-01,-0.055,0.062
-1.15210e-01,-0.055,0.056
-1.15200e-01,-0.051,0.058
-1.15190e-01,-0.059,0.062
-1.15180e-01,-0.063,0.064
-1.15170e-01,-0.061,0.062
-1.15160e-01,-0.059,0.062
-1.15150e-01,-0.061,0.064
-1.15140e-01,-0.061,0.062
-1.15130e-01,-0.055,0.06
-1.15120e-01,-0.057,0.064
-1.15110e-01,-0.061,0.064
-1.15100e-01,-0.061,0.064
-1.15090e-01,-0.055,0.062
-1.15080e-01,-0.061,0.064
-1.15070e-01,-0.059,0.064
-1.15060e-01,-0.059,0.062
-1.15050e-01,-0.065,0.062
-1.15040e-01,-0.057,0.06
-1.15030e-01,-0.059,0.062
-1.15020e-01,-0.055,0.052
-1.15010e-01,-0.057,0.062
-1.15000e-01,-0.061,0.06
-1.14990e-01,-0.055,0.058
-1.14980e-01,-0.057,0.062
-1.14970e-01,-0.061,0.064
-1.14960e-01,-0.061,0.062
-1.14950e-01,-0.061,0.062
-1.14940e-01,-0.059,0.066
-1.14930e-01,-0.055,0.06
-1.14920e-01,-0.059,0.064
-1.14910e-01,-0.059,0.062
-1.14900e-01,-0.061,0.064
-1.14890e-01,-0.059,0.064
-1.14880e-01,-0.061,0.062
-1.14870e-01,-0.059,0.064
-1.14860e-01,-0.055,0.06
-1.14850e-01,-0.051,0.056
-1.14840e-01,-0.055,0.06
-1.14830e-01,-0.059,0.06
-1.14820e-01,-0.059,0.06
-1.14810e-01,-0.045,0.054
-1.14800e-01,-0.063,0.062
-1.14790e-01,-0.047,0.056
-1.14780e-01,-0.061,0.066
-1.14770e-01,-0.061,0.064
-1.14760e-01,-0.061,0.068
-1.14750e-01,-0.061,0.062
-1.14740e-01,-0.055,0.06
-1.14730e-01,-0.061,0.064
-1.14720e-01,-0.057,0.06
-1.14710e-01,-0.059,0.064
-1.14700e-01,-0.059,0.064
-1.14690e-01,-0.059,0.062
-1.14680e-01,-0.061,0.062
-1.14670e-01,-0.061,0.068
-1.14660e-01,-0.061,0.064
-1.14650e-01,-0.055,0.06
-1.14640e-01,-0.055,0.06
-1.14630e-01,-0.053,0.058
-1.14620e-01,-0.055,0.06
-1.14610e-01,-0.061,0.068
-1.14600e-01,-0.059,0.064
-1.14590e-01,-0.059,0.066
-1.14580e-01,-0.059,0.064
-1.14570e-01,-0.053,0.054
-1.14560e-01,-0.061,0.062
-1.14550e-01,-0.059,0.064
-1.14540e-01,-0.059,0.062
-1.14530e-01,-0.051,0.058
-1.14520e-01,-0.061,0.066
-1.14510e-01,-0.053,0.06
-1.14500e-01,-0.063,0.06
-1.14490e-01,-0.059,0.064
-1.14480e-01,-0.061,0.062
-1.14470e-01,-0.053,0.058
-1.14460e-01,-0.059,0.062
-1.14450e-01,-0.059,0.062
-1.14440e-01,-0.059,0.064
-1.14430e-01,-0.049,0.058
-1.14420e-01,-0.061,0.062
-1.14410e-01,-0.059,0.06
-1.14400e-01,-0.061,0.062
-1.14390e-01,-0.057,0.06
-1.14380e-01,-0.045,0.052
-1.14370e-01,-0.055,0.056
-1.14360e-01,-0.045,0.052
-1.14350e-01,-0.057,0.062
-1.14340e-01,-0.053,0.058
-1.14330e-01,-0.051,0.056
-1.14320e-01,-0.057,0.06
-1.14310e-01,-0.059,0.064
-1.14300e-01,-0.065,0.064
-1.14290e-01,-0.059,0.062
-1.14280e-01,-0.061,0.068
-1.14270e-01,-0.059,0.062
-1.14260e-01,-0.063,0.064
-1.14250e-01,-0.061,0.064
-1.14240e-01,-0.059,0.064
-1.14230e-01,-0.057,0.062
-1.14220e-01,-0.065,0.064
-1.14210e-01,-0.061,0.064
-1.14200e-01,-0.061,0.064
-1.14190e-01,-0.055,0.062
-1.14180e-01,-0.063,0.066
-1.14170e-01,-0.061,0.062
-1.14160e-01,-0.057,0.06
-1.14150e-01,-0.061,0.064
-1.14140e-01,-0.059,0.064
-1.14130e-01,-0.063,0.064
-1.14120e-01,-0.057,0.064
-1.14110e-01,-0.059,0.064
-1.14100e-01,-0.061,0.066
-1.14090e-01,-0.063,0.066
-1.14080e-01,-0.063,0.064
-1.14070e-01,-0.059,0.064
-1.14060e-01,-0.055,0.06
-1.14050e-01,-0.059,0.064
-1.14040e-01,-0.061,0.062
-1.14030e-01,-0.061,0.062
-1.14020e-01,-0.059,0.066
-1.14010e-01,-0.057,0.066
-1.14000e-01,-0.059,0.062
-1.13990e-01,-0.063,0.062
-1.13980e-01,-0.057,0.06
-1.13970e-01,-0.059,0.064
-1.13960e-01,-0.063,0.06
-1.13950e-01,-0.061,0.062
-1.13940e-01,-0.057,0.064
-1.13930e-01,-0.059,0.064
-1.13920e-01,-0.055,0.058
-1.13910e-01,-0.061,0.062
-1.13900e-01,-0.061,0.064
-1.13890e-01,-0.059,0.066
-1.13880e-01,-0.059,0.062
-1.13870e-01,-0.061,0.064
-1.13860e-01,-0.057,0.062
-1.13850e-01,-0.057,0.06
-1.13840e-01,-0.055,0.058
-1.13830e-01,-0.059,0.062
-1.13820e-01,-0.057,0.062
-1.13810e-01,-0.059,0.064
-1.13800e-01,-0.055,0.06
-1.13790e-01,-0.059,0.06
-1.13780e-01,-0.057,0.062
-1.13770e-01,-0.053,0.058
-1.13760e-01,-0.063,0.064
-1.13750e-01,-0.059,0.064
-1.13740e-01,-0.059,0.064
-1.13730e-01,-0.061,0.068
-1.13720e-01,-0.063,0.066
-1.13710e-01,-0.055,0.062
-1.13700e-01,-0.051,0.058
-1.13690e-01,-0.061,0.064
-1.13680e-01,-0.057,0.058
-1.13670e-01,-0.061,0.062
-1.13660e-01,-0.061,0.06
-1.13650e-01,-0.061,0.06
-1.13640e-01,-0.061,0.064
-1.13630e-01,-0.055,0.06
-1.13620e-01,-0.061,0.064
-1.13610e-01,-0.053,0.06
-1.13600e-01,-0.057,0.066
-1.13590e-01,-0.067,0.062
-1.13580e-01,-0.051,0.056
-1.13570e-01,-0.063,0.062
-1.13560e-01,-0.059,0.064
-1.13550e-01,-0.059,0.064
-1.13540e-01,-0.061,0.062
-1.13530e-01,-0.055,0.06
-1.13520e-01,-0.059,0.064
-1.13510e-01,-0.051,0.056
-1.13500e-01,-0.059,0.06
-1.13490e-01,-0.057,0.06
-1.13480e-01,-0.061,0.068
-1.13470e-01,-0.061,0.066
-1.13460e-01,-0.061,0.064
-1.13450e-01,-0.055,0.062
-1.13440e-01,-0.053,0.054
-1.13430e-01,-0.045,0.052
-1.13420e-01,-0.055,0.06
-1.13410e-01,-0.055,0.06
-1.13400e-01,-0.057,0.06
-1.13390e-01,-0.059,0.06
-1.13380e-01,-0.059,0.062
-1.13370e-01,-0.053,0.06
-1.13360e-01,-0.055,0.064
-1.13350e-01,-0.059,0.06
-1.13340e-01,-0.057,0.06
-1.13330e-01,-0.059,0.062
-1.13320e-01,-0.057,0.06
-1.13310e-01,-0.053,0.056
-1.13300e-01,-0.061,0.066
-1.13290e-01,-0.061,0.064
-1.13280e-01,-0.061,0.062
-1.13270e-01,-0.065,0.064
-1.13260e-01,-0.057,0.062
-1.13250e-01,-0.061,0.06
-1.13240e-01,-0.053,0.056
-1.13230e-01,-0.061,0.064
-1.13220e-01,-0.049,0.054
-1.13210e-01,-0.061,0.064
-1.13200e-01,-0.059,0.06
-1.13190e-01,-0.057,0.064
-1.13180e-01,-0.055,0.06
-1.13170e-01,-0.061,0.058
-1.13160e-01,-0.057,0.064
-1.13150e-01,-0.061,0.066
-1.13140e-01,-0.053,0.06
-1.13130e-01,-0.061,0.068
-1.13120e-01,-0.057,0.062
-1.13110e-01,-0.059,0.064
-1.13100e-01,-0.059,0.062
-1.13090e-01,-0.063,0.064
-1.13080e-01,-0.057,0.062
-1.13070e-01,-0.059,0.06
-1.13060e-01,-0.057,0.06
-1.13050e-01,-0.059,0.062
-1.13040e-01,-0.061,0.064
-1.13030e-01,-0.055,0.062
-1.13020e-01,-0.061,0.06
-1.13010e-01,-0.061,0.064
-1.13000e-01,-0.061,0.064
-1.12990e-01,-0.059,0.064
-1.12980e-01,-0.053,0.058
-1.12970e-01,-0.057,0.06
-1.12960e-01,-0.053,0.056
-1.12950e-01,-0.057,0.066
-1.12940e-01,-0.063,0.062
-1.12930e-01,-0.055,0.06
-1.12920e-01,-0.059,0.06
-1.12910e-01,-0.059,0.064
-1.12900e-01,-0.059,0.062
-1.12890e-01,-0.059,0.064
-1.12880e-01,-0.059,0.06
-1.12870e-01,-0.059,0.062
-1.12860e-01,-0.059,0.066
-1.12850e-01,-0.061,0.062
-1.12840e-01,-0.063,0.066
-1.12830e-01,-0.057,0.06
-1.12820e-01,-0.061,0.06
-1.12810e-01,-0.049,0.056
-1.12800e-01,-0.057,0.062
-1.12790e-01,-0.059,0.06
-1.12780e-01,-0.059,0.064
-1.12770e-01,-0.059,0.064
-1.12760e-01,-0.059,0.062
-1.12750e-01,-0.059,0.06
-1.12740e-01,-0.057,0.062
-1.12730e-01,-0.057,0.062
-1.12720e-01,-0.055,0.06
-1.12710e-01,-0.057,0.062
-1.12700e-01,-0.055,0.056
-1.12690e-01,-0.059,0.066
-1.12680e-01,-0.057,0.06
-1.12670e-01,-0.055,0.058
-1.12660e-01,-0.061,0.062
-1.12650e-01,-0.055,0.058
-1.12640e-01,-0.059,0.064
-1.12630e-01,-0.063,0.062
-1.12620e-01,-0.063,0.066
-1.12610e-01,-0.055,0.056
-1.12600e-01,-0.063,0.064
-1.12590e-01,-0.061,0.068
-1.12580e-01,-0.061,0.064
-1.12570e-01,-0.059,0.064
-1.12560e-01,-0.059,0.064
-1.12550e-01,-0.061,0.062
-1.12540e-01,-0.055,0.06
-1.12530e-01,-0.061,0.062
-1.12520e-01,-0.051,0.056
-1.12510e-01,-0.059,0.062
-1.12500e-01,-0.055,0.056
-1.12490e-01,-0.059,0.064
-1.12480e-01,-0.061,0.064
-1.12470e-01,-0.055,0.058
-1.12460e-01,-0.059,0.064
-1.12450e-01,-0.059,0.06
-1.12440e-01,-0.051,0.056
-1.12430e-01,-0.065,0.062
-1.12420e-01,-0.049,0.054
-1.12410e-01,-0.059,0.064
-1.12400e-01,-0.063,0.064
-1.12390e-01,-0.061,0.064
-1.12380e-01,-0.063,0.066
-1.12370e-01,-0.061,0.062
-1.12360e-01,-0.053,0.062
-1.12350e-01,-0.061,0.062
-1.12340e-01,-0.057,0.064
-1.12330e-01,-0.063,0.064
-1.12320e-01,-0.061,0.062
-1.12310e-01,-0.061,0.064
-1.12300e-01,-0.061,0.064
-1.12290e-01,-0.061,0.066
-1.12280e-01,-0.059,0.062
-1.12270e-01,-0.059,0.06
-1.12260e-01,-0.063,0.066
-1.12250e-01,-0.055,0.06
-1.12240e-01,-0.057,0.06
-1.12230e-01,-0.061,0.064
-1.12220e-01,-0.051,0.056
-1.12210e-01,-0.055,0.06
-1.12200e-01,-0.059,0.066
-1.12190e-01,-0.045,0.054
-1.12180e-01,-0.061,0.062
-1.12170e-01,-0.057,0.062
-1.12160e-01,-0.059,0.062
-1.12150e-01,-0.059,0.06
-1.12140e-01,-0.059,0.06
-1.12130e-01,-0.057,0.06
-1.12120e-01,-0.055,0.058
-1.12110e-01,-0.055,0.058
-1.12100e-01,-0.063,0.064
-1.12090e-01,-0.055,0.06
-1.12080e-01,-0.055,0.06
-1.12070e-01,-0.051,0.06
-1.12060e-01,-0.059,0.066
-1.12050e-01,-0.059,0.064
-1.12040e-01,-0.059,0.064
-1.12030e-01,-0.063,0.066
-1.12020e-01,-0.059,0.06
-1.12010e-01,-0.061,0.064
-1.12000e-01,-0.061,0.064
-1.11990e-01,-0.057,0.06
-1.11980e-01,-0.065,0.062
-1.11970e-01,-0.051,0.056
-1.11960e-01,-0.057,0.062
-1.11950e-01,-0.049,0.054
-1.11940e-01,-0.065,0.066
-1.11930e-01,-0.049,0.054
-1.11920e-01,-0.059,0.064
-1.11910e-01,-0.055,0.06
-1.11900e-01,-0.055,0.064
-1.11890e-01,-0.061,0.064
-1.11880e-01,-0.063,0.06
-1.11870e-01,-0.061,0.064
-1.11860e-01,-0.057,0.062
-1.11850e-01,-0.061,0.066
-1.11840e-01,-0.057,0.066
-1.11830e-01,-0.063,0.062
-1.11820e-01,-0.055,0.06
-1.11810e-01,-0.057,0.062
-1.11800e-01,-0.059,0.06
-1.11790e-01,-0.049,0.058
-1.11780e-01,-0.061,0.068
-1.11770e-01,-0.051,0.06
-1.11760e-01,-0.061,0.064
-1.11750e-01,-0.061,0.06
-1.11740e-01,-0.057,0.06
-1.11730e-01,-0.063,0.062
-1.11720e-01,-0.059,0.06
-1.11710e-01,-0.055,0.06
-1.11700e-01,-0.059,0.062
-1.11690e-01,-0.061,0.064
-1.11680e-01,-0.061,0.062
-1.11670e-01,-0.055,0.058
-1.11660e-01,-0.051,0.052
-1.11650e-01,-0.041,0.048
-1.11640e-01,-0.055,0.058
-1.11630e-01,-0.047,0.052
-1.11620e-01,-0.051,0.058
-1.11610e-01,-0.055,0.06
-1.11600e-01,-0.057,0.064
-1.11590e-01,-0.047,0.054
-1.11580e-01,-0.055,0.06
-1.11570e-01,-0.057,0.062
-1.11560e-01,-0.057,0.062
-1.11550e-01,-0.061,0.068
-1.11540e-01,-0.065,0.066
-1.11530e-01,-0.055,0.058
-1.11520e-01,-0.055,0.06
-1.11510e-01,-0.045,0.052
-1.11500e-01,-0.051,0.054
-1.11490e-01,-0.049,0.056
-1.11480e-01,-0.061,0.06
-1.11470e-01,-0.055,0.056
-1.11460e-01,-0.055,0.06
-1.11450e-01,-0.061,0.058
-1.11440e-01,-0.043,0.05
-1.11430e-01,-0.055,0.06
-1.11420e-01,-0.059,0.064
-1.11410e-01,-0.063,0.068
-1.11400e-01,-0.055,0.058
-1.11390e-01,-0.051,0.058
-1.11380e-01,-0.049,0.052
-1.11370e-01,-0.059,0.062
-1.11360e-01,-0.055,0.06
-1.11350e-01,-0.061,0.062
-1.11340e-01,-0.055,0.062
-1.11330e-01,-0.057,0.06
-1.11320e-01,-0.053,0.06
-1.11310e-01,-0.055,0.06
-1.11300e-01,-0.059,0.058
-1.11290e-01,-0.061,0.064
-1.11280e-01,-0.057,0.062
-1.11270e-01,-0.061,0.068
-1.11260e-01,-0.063,0.064
-1.11250e-01,-0.053,0.06
-1.11240e-01,-0.061,0.062
-1.11230e-01,-0.063,0.062
-1.11220e-01,-0.061,0.064
-1.11210e-01,-0.059,0.064
-1.11200e-01,-0.059,0.062
-1.11190e-01,-0.057,0.062
-1.11180e-01,-0.063,0.066
-1.11170e-01,-0.059,0.062
-1.11160e-01,-0.063,0.068
-1.11150e-01,-0.059,0.064
-1.11140e-01,-0.061,0.06
-1.11130e-01,-0.059,0.062
-1.11120e-01,-0.051,0.06
-1.11110e-01,-0.063,0.064
-1.11100e-01,-0.051,0.06
-1.11090e-01,-0.063,0.068
-1.11080e-01,-0.053,0.058
-1.11070e-01,-0.065,0.066
-1.11060e-01,-0.057,0.062
-1.11050e-01,-0.063,0.064
-1.11040e-01,-0.055,0.062
-1.11030e-01,-0.063,0.062
-1.11020e-01,-0.057,0.06
-1.11010e-01,-0.063,0.064
-1.11000e-01,-0.061,0.064
-1.10990e-01,-0.059,0.064
-1.10980e-01,-0.053,0.064
-1.10970e-01,-0.061,0.064
-1.10960e-01,-0.047,0.056
-1.10950e-01,-0.061,0.062
-1.10940e-01,-0.055,0.06
-1.10930e-01,-0.059,0.062
-1.10920e-01,-0.055,0.06
-1.10910e-01,-0.059,0.06
-1.10900e-01,-0.043,0.052
-1.10890e-01,-0.055,0.06
-1.10880e-01,-0.055,0.058
-1.10870e-01,-0.059,0.064
-1.10860e-01,-0.059,0.064
-1.10850e-01,-0.059,0.06
-1.10840e-01,-0.059,0.062
-1.10830e-01,-0.061,0.066
-1.10820e-01,-0.059,0.066
-1.10810e-01,-0.053,0.054
-1.10800e-01,-0.059,0.064
-1.10790e-01,-0.061,0.064
-1.10780e-01,-0.053,0.058
-1.10770e-01,-0.061,0.064
-1.10760e-01,-0.057,0.06
-1.10750e-01,-0.059,0.06
-1.10740e-01,-0.051,0.058
-1.10730e-01,-0.057,0.06
-1.10720e-01,-0.057,0.064
-1.10710e-01,-0.061,0.06
-1.10700e-01,-0.059,0.062
-1.10690e-01,-0.057,0.062
-1.10680e-01,-0.061,0.064
-1.10670e-01,-0.061,0.062
-1.10660e-01,-0.061,0.064
-1.10650e-01,-0.061,0.062
-1.10640e-01,-0.057,0.064
-1.10630e-01,-0.047,0.054
-1.10620e-01,-0.057,0.064
-1.10610e-01,-0.061,0.066
-1.10600e-01,-0.063,0.062
-1.10590e-01,-0.055,0.056
-1.10580e-01,-0.059,0.06
-1.10570e-01,-0.049,0.056
-1.10560e-01,-0.059,0.068
-1.10550e-01,-0.057,0.06
-1.10540e-01,-0.063,0.066
-1.10530e-01,-0.063,0.064
-1.10520e-01,-0.051,0.056
-1.10510e-01,-0.061,0.064
-1.10500e-01,-0.053,0.058
-1.10490e-01,-0.059,0.064
-1.10480e-01,-0.063,0.064
-1.10470e-01,-0.055,0.06
-1.10460e-01,-0.059,0.062
-1.10450e-01,-0.055,0.056
-1.10440e-01,-0.065,0.06
-1.10430e-01,-0.059,0.064
-1.10420e-01,-0.049,0.054
-1.10410e-01,-0.061,0.062
-1.10400e-01,-0.055,0.056
-1.10390e-01,-0.059,0.06
-1.10380e-01,-0.055,0.062
-1.10370e-01,-0.059,0.066
-1.10360e-01,-0.059,0.066
-1.10350e-01,-0.059,0.068
-1.10340e-01,-0.059,0.062
-1.10330e-01,-0.061,0.064
-1.10320e-01,-0.061,0.066
-1.10310e-01,-0.059,0.064
-1.10300e-01,-0.061,0.064
-1.10290e-01,-0.057,0.062
-1.10280e-01,-0.055,0.062
-1.10270e-01,-0.061,0.064
-1.10260e-01,-0.059,0.064
-1.10250e-01,-0.057,0.064
-1.10240e-01,-0.063,0.066
-1.10230e-01,-0.055,0.062
-1.10220e-01,-0.059,0.066
-1.10210e-01,-0.061,0.066
-1.10200e-01,-0.059,0.062
-1.10190e-01,-0.061,0.066
-1.10180e-01,-0.059,0.064
-1.10170e-01,-0.055,0.06
-1.10160e-01,-0.061,0.062
-1.10150e-01,-0.063,0.064
-1.10140e-01,-0.063,0.064
-1.10130e-01,-0.059,0.062
-1.10120e-01,-0.061,0.06
-1.10110e-01,-0.061,0.064
-1.10100e-01,-0.061,0.062
-1.10090e-01,-0.059,0.066
-1.10080e-01,-0.053,0.06
-1.10070e-01,-0.059,0.06
-1.10060e-01,-0.061,0.062
-1.10050e-01,-0.061,0.06
-1.10040e-01,-0.059,0.064
-1.10030e-01,-0.065,0.062
-1.10020e-01,-0.061,0.062
-1.10010e-01,-0.053,0.062
-1.10000e-01,-0.059,0.064
-1.09990e-01,-0.057,0.062
-1.09980e-01,-0.057,0.064
-1.09970e-01,-0.059,0.062
-1.09960e-01,-0.051,0.06
-1.09950e-01,-0.061,0.066
-1.09940e-01,-0.061,0.064
-1.09930e-01,-0.059,0.064
-1.09920e-01,-0.051,0.056
-1.09910e-01,-0.037,0.042
-1.09900e-01,-0.057,0.062
-1.09890e-01,-0.063,0.066
-1.09880e-01,-0.061,0.062
-1.09870e-01,-0.061,0.062
-1.09860e-01,-0.055,0.06
-1.09850e-01,-0.055,0.062
-1.09840e-01,-0.059,0.062
-1.09830e-01,-0.057,0.064
-1.09820e-01,-0.055,0.062
-1.09810e-01,-0.061,0.062
-1.09800e-01,-0.063,0.064
-1.09790e-01,-0.061,0.062
-1.09780e-01,-0.057,0.062
-1.09770e-01,-0.059,0.062
-1.09760e-01,-0.061,0.064
-1.09750e-01,-0.059,0.06
-1.09740e-01,-0.063,0.066
-1.09730e-01,-0.055,0.058
-1.09720e-01,-0.057,0.06
-1.09710e-01,-0.063,0.062
-1.09700e-01,-0.049,0.05
-1.09690e-01,-0.059,0.064
-1.09680e-01,-0.053,0.062
-1.09670e-01,-0.057,0.062
-1.09660e-01,-0.059,0.064
-1.09650e-01,-0.061,0.066
-1.09640e-01,-0.061,0.064
-1.09630e-01,-0.059,0.064
-1.09620e-01,-0.061,0.064
-1.09610e-01,-0.057,0.064
-1.09600e-01,-0.059,0.066
-1.09590e-01,-0.057,0.062
-1.09580e-01,-0.063,0.064
-1.09570e-01,-0.059,0.06
-1.09560e-01,-0.057,0.064
-1.09550e-01,-0.063,0.064
-1.09540e-01,-0.061,0.062
-1.09530e-01,-0.061,0.06
-1.09520e-01,-0.051,0.058
-1.09510e-01,-0.059,0.062
-1.09500e-01,-0.061,0.064
-1.09490e-01,-0.059,0.062
-1.09480e-01,-0.061,0.06
-1.09470e-01,-0.055,0.06
-1.09460e-01,-0.059,0.066
-1.09450e-01,-0.059,0.064
-1.09440e-01,-0.057,0.06
-1.09430e-01,-0.059,0.062
-1.09420e-01,-0.059,0.062
-1.09410e-01,-0.061,0.062
-1.09400e-01,-0.043,0.046
-1.09390e-01,-0.059,0.064
-1.09380e-01,-0.049,0.056
-1.09370e-01,-0.061,0.06
-1.09360e-01,-0.055,0.058
-1.09350e-01,-0.061,0.06
-1.09340e-01,-0.057,0.06
-1.09330e-01,-0.055,0.06
-1.09320e-01,-0.057,0.06
-1.09310e-01,-0.053,0.06
-1.09300e-01,-0.055,0.06
-1.09290e-01,-0.061,0.06
-1.09280e-01,-0.059,0.06
-1.09270e-01,-0.059,0.062
-1.09260e-01,-0.055,0.062
-1.09250e-01,-0.057,0.062
-1.09240e-01,-0.063,0.062
-1.09230e-01,-0.061,0.066
-1.09220e-01,-0.057,0.06
-1.09210e-01,-0.055,0.062
-1.09200e-01,-0.055,0.06
-1.09190e-01,-0.049,0.054
-1.09180e-01,-0.061,0.06
-1.09170e-01,-0.051,0.058
-1.09160e-01,-0.059,0.064
-1.09150e-01,-0.059,0.062
-1.09140e-01,-0.059,0.062
-1.09130e-01,-0.057,0.06
-1.09120e-01,-0.063,0.064
-1.09110e-01,-0.055,0.058
-1.09100e-01,-0.063,0.064
-1.09090e-01,-0.061,0.062
-1.09080e-01,-0.059,0.06
-1.09070e-01,-0.061,0.062
-1.09060e-01,-0.055,0.058
-1.09050e-01,-0.063,0.066
-1.09040e-01,-0.057,0.06
-1.09030e-01,-0.051,0.056
-1.09020e-01,-0.063,0.064
-1.09010e-01,-0.057,0.058
-1.09000e-01,-0.059,0.064
-1.08990e-01,-0.061,0.064
-1.08980e-01,-0.055,0.062
-1.08970e-01,-0.053,0.06
-1.08960e-01,-0.055,0.058
-1.08950e-01,-0.049,0.052
-1.08940e-01,-0.059,0.064
-1.08930e-01,-0.031,0.04
-1.08920e-01,-0.063,0.066
-1.08910e-01,-0.045,0.052
-1.08900e-01,-0.061,0.064
-1.08890e-01,-0.055,0.058
-1.08880e-01,-0.061,0.06
-1.08870e-01,-0.057,0.062
-1.08860e-01,-0.061,0.064
-1.08850e-01,-0.059,0.06
-1.08840e-01,-0.055,0.06
-1.08830e-01,-0.049,0.054
-1.08820e-01,-0.061,0.064
-1.08810e-01,-0.057,0.06
-1.08800e-01,-0.059,0.064
-1.08790e-01,-0.055,0.06
-1.08780e-01,-0.061,0.062
-1.08770e-01,-0.059,0.062
-1.08760e-01,-0.061,0.066
-1.08750e-01,-0.059,0.06
-1.08740e-01,-0.055,0.06
-1.08730e-01,-0.059,0.066
-1.08720e-01,-0.053,0.058
-1.08710e-01,-0.061,0.066
-1.08700e-01,-0.053,0.064
-1.08690e-01,-0.061,0.062
-1.08680e-01,-0.049,0.058
-1.08670e-01,-0.061,0.062
-1.08660e-01,-0.049,0.054
-1.08650e-01,-0.063,0.064
-1.08640e-01,-0.057,0.064
-1.08630e-01,-0.059,0.062
-1.08620e-01,-0.055,0.06
-1.08610e-01,-0.063,0.064
-1.08600e-01,-0.059,0.064
-1.08590e-01,-0.057,0.06
-1.08580e-01,-0.061,0.064
-1.08570e-01,-0.053,0.058
-1.08560e-01,-0.059,0.064
-1.08550e-01,-0.053,0.054
-1.08540e-01,-0.059,0.058
-1.08530e-01,-0.059,0.064
-1.08520e-01,-0.061,0.06
-1.08510e-01,-0.051,0.06
-1.08500e-01,-0.053,0.058
-1.08490e-01,-0.063,0.062
-1.08480e-01,-0.063,0.064
-1.08470e-01,-0.061,0.066
-1.08460e-01,-0.059,0.064
-1.08450e-01,-0.055,0.06
-1.08440e-01,-0.059,0.06
-1.08430e-01,-0.061,0.064
-1.08420e-01,-0.059,0.062
-1.08410e-01,-0.063,0.064
-1.08400e-01,-0.061,0.066
-1.08390e-01,-0.055,0.058
-1.08380e-01,-0.059,0.064
-1.08370e-01,-0.057,0.062
-1.08360e-01,-0.057,0.062
-1.08350e-01,-0.059,0.062
-1.08340e-01,-0.061,0.062
-1.08330e-01,-0.059,0.064
-1.08320e-01,-0.055,0.06
-1.08310e-01,-0.059,0.064
-1.08300e-01,-0.059,0.06
-1.08290e-01,-0.057,0.064
-1.08280e-01,-0.049,0.05
-1.08270e-01,-0.049,0.058
-1.08260e-01,-0.057,0.058
-1.08250e-01,-0.059,0.062
-1.08240e-01,-0.059,0.062
-1.08230e-01,-0.061,0.064
-1.08220e-01,-0.061,0.06
-1.08210e-01,-0.055,0.06
-1.08200e-01,-0.063,0.062
-1.08190e-01,-0.051,0.056
-1.08180e-01,-0.063,0.064
-1.08170e-01,-0.053,0.06
-1.08160e-01,-0.061,0.062
-1.08150e-01,-0.055,0.06
-1.08140e-01,-0.059,0.064
-1.08130e-01,-0.055,0.06
-1.08120e-01,-0.061,0.062
-1.08110e-01,-0.057,0.066
-1.08100e-01,-0.059,0.062
-1.08090e-01,-0.059,0.064
-1.08080e-01,-0.059,0.064
-1.08070e-01,-0.053,0.058
-1.08060e-01,-0.061,0.064
-1.08050e-01,-0.055,0.06
-1.08040e-01,-0.059,0.062
-1.08030e-01,-0.053,0.056
-1.08020e-01,-0.059,0.062
-1.08010e-01,-0.063,0.062
-1.08000e-01,-0.059,0.062
-1.07990e-01,-0.061,0.062
-1.07980e-01,-0.061,0.062
-1.07970e-01,-0.055,0.064
-1.07960e-01,-0.061,0.064
-1.07950e-01,-0.055,0.062
-1.07940e-01,-0.053,0.056
-1.07930e-01,-0.059,0.066
-1.07920e-01,-0.057,0.058
-1.07910e-01,-0.057,0.06
-1.07900e-01,-0.053,0.058
-1.07890e-01,-0.059,0.062
-1.07880e-01,-0.057,0.06
-1.07870e-01,-0.063,0.06
-1.07860e-01,-0.061,0.064
-1.07850e-01,-0.059,0.062
-1.07840e-01,-0.057,0.064
-1.07830e-01,-0.059,0.062
-1.07820e-01,-0.063,0.064
-1.07810e-01,-0.061,0.064
-1.07800e-01,-0.063,0.062
-1.07790e-01,-0.053,0.06
-1.07780e-01,-0.059,0.062
-1.07770e-01,-0.051,0.054
-1.07760e-01,-0.061,0.062
-1.07750e-01,-0.045,0.05
-1.07740e-01,-0.055,0.06
-1.07730e-01,-0.063,0.062
-1.07720e-01,-0.059,0.062
-1.07710e-01,-0.057,0.062
-1.07700e-01,-0.059,0.064
-1.07690e-01,-0.059,0.064
-1.07680e-01,-0.059,0.062
-1.07670e-01,-0.055,0.062
-1.07660e-01,-0.055,0.064
-1.07650e-01,-0.057,0.064
-1.07640e-01,-0.055,0.064
-1.07630e-01,-0.057,0.06
-1.07620e-01,-0.059,0.06
-1.07610e-01,-0.057,0.06
-1.07600e-01,-0.059,0.064
-1.07590e-01,-0.047,0.048
-1.07580e-01,-0.063,0.064
-1.07570e-01,-0.057,0.062
-1.07560e-01,-0.059,0.064
-1.07550e-01,-0.057,0.062
-1.07540e-01,-0.059,0.06
-1.07530e-01,-0.063,0.064
-1.07520e-01,-0.059,0.064
-1.07510e-01,-0.049,0.058
-1.07500e-01,-0.055,0.06
-1.07490e-01,-0.057,0.062
-1.07480e-01,-0.055,0.058
-1.07470e-01,-0.059,0.066
-1.07460e-01,-0.061,0.06
-1.07450e-01,-0.055,0.06
-1.07440e-01,-0.061,0.064
-1.07430e-01,-0.049,0.05
-1.07420e-01,-0.057,0.064
-1.07410e-01,-0.061,0.066
-1.07400e-01,-0.061,0.062
-1.07390e-01,-0.055,0.062
-1.07380e-01,-0.055,0.062
-1.07370e-01,-0.053,0.058
-1.07360e-01,-0.061,0.066
-1.07350e-01,-0.061,0.06
-1.07340e-01,-0.061,0.062
-1.07330e-01,-0.057,0.064
-1.07320e-01,-0.059,0.066
-1.07310e-01,-0.065,0.066
-1.07300e-01,-0.061,0.064
-1.07290e-01,-0.061,0.064
-1.07280e-01,-0.043,0.046
-1.07270e-01,-0.059,0.066
-1.07260e-01,-0.051,0.06
-1.07250e-01,-0.049,0.054
-1.07240e-01,-0.057,0.062
-1.07230e-01,-0.057,0.06
-1.07220e-01,-0.047,0.056
-1.07210e-01,-0.065,0.062
-1.07200e-01,-0.049,0.058
-1.07190e-01,-0.061,0.066
-1.07180e-01,-0.061,0.068
-1.07170e-01,-0.061,0.062
-1.07160e-01,-0.065,0.06
-1.07150e-01,-0.063,0.066
-1.07140e-01,-0.055,0.058
-1.07130e-01,-0.063,0.06
-1.07120e-01,-0.057,0.058
-1.07110e-01,-0.061,0.064
-1.07100e-01,-0.057,0.06
-1.07090e-01,-0.057,0.066
-1.07080e-01,-0.055,0.056
-1.07070e-01,-0.063,0.064
-1.07060e-01,-0.057,0.06
-1.07050e-01,-0.061,0.064
-1.07040e-01,-0.061,0.064
-1.07030e-01,-0.057,0.062
-1.07020e-01,-0.059,0.06
-1.07010e-01,-0.059,0.062
-1.07000e-01,-0.059,0.064
-1.06990e-01,-0.061,0.066
-1.06980e-01,-0.063,0.064
-1.06970e-01,-0.059,0.062
-1.06960e-01,-0.059,0.064
-1.06950e-01,-0.063,0.064
-1.06940e-01,-0.059,0.064
-1.06930e-01,-0.061,0.064
-1.06920e-01,-0.061,0.064
-1.06910e-01,-0.057,0.06
-1.06900e-01,-0.059,0.06
-1.06890e-01,-0.055,0.062
-1.06880e-01,-0.055,0.06
-1.06870e-01,-0.047,0.056
-1.06860e-01,-0.061,0.06
-1.06850e-01,-0.049,0.056
-1.06840e-01,-0.063,0.064
-1.06830e-01,-0.041,0.054
-1.06820e-01,-0.059,0.066
-1.06810e-01,-0.053,0.06
-1.06800e-01,-0.059,0.066
-1.06790e-01,-0.051,0.054
-1.06780e-01,-0.059,0.062
-1.06770e-01,-0.059,0.062
-1.06760e-01,-0.061,0.06
-1.06750e-01,-0.061,0.06
-1.06740e-01,-0.061,0.064
-1.06730e-01,-0.063,0.064
-1.06720e-01,-0.055,0.062
-1.06710e-01,-0.061,0.064
-1.06700e-01,-0.053,0.056
-1.06690e-01,-0.065,0.064
-1.06680e-01,-0.049,0.06
-1.06670e-01,-0.059,0.062
-1.06660e-01,-0.055,0.058
-1.06650e-01,-0.059,0.062
-1.06640e-01,-0.061,0.062
-1.06630e-01,-0.059,0.064
-1.06620e-01,-0.061,0.068
-1.06610e-01,-0.061,0.062
-1.06600e-01,-0.061,0.064
-1.06590e-01,-0.051,0.06
-1.06580e-01,-0.063,0.066
-1.06570e-01,-0.055,0.06
-1.06560e-01,-0.055,0.06
-1.06550e-01,-0.057,0.06
-1.06540e-01,-0.061,0.064
-1.06530e-01,-0.053,0.058
-1.06520e-01,-0.061,0.06
-1.06510e-01,-0.057,0.062
-1.06500e-01,-0.061,0.064
-1.06490e-01,-0.059,0.068
-1.06480e-01,-0.055,0.056
-1.06470e-01,-0.057,0.064
-1.06460e-01,-0.057,0.058
-1.06450e-01,-0.057,0.064
-1.06440e-01,-0.059,0.062
-1.06430e-01,-0.053,0.058
-1.06420e-01,-0.051,0.06
-1.06410e-01,-0.059,0.06
-1.06400e-01,-0.055,0.054
-1.06390e-01,-0.059,0.06
-1.06380e-01,-0.057,0.066
-1.06370e-01,-0.057,0.058
-1.06360e-01,-0.061,0.062
-1.06350e-01,-0.055,0.062
-1.06340e-01,-0.061,0.062
-1.06330e-01,-0.059,0.066
-1.06320e-01,-0.059,0.064
-1.06310e-01,-0.063,0.062
-1.06300e-01,-0.059,0.06
-1.06290e-01,-0.061,0.064
-1.06280e-01,-0.063,0.066
-1.06270e-01,-0.061,0.062
-1.06260e-01,-0.047,0.056
-1.06250e-01,-0.057,0.06
-1.06240e-01,-0.061,0.062
-1.06230e-01,-0.057,0.06
-1.06220e-01,-0.063,0.064
-1.06210e-01,-0.059,0.064
-1.06200e-01,-0.043,0.048
-1.06190e-01,-0.063,0.062
-1.06180e-01,-0.053,0.058
-1.06170e-01,-0.059,0.068
-1.06160e-01,-0.043,0.048
-1.06150e-01,-0.063,0.064
-1.06140e-01,-0.049,0.054
-1.06130e-01,-0.059,0.068
-1.06120e-01,-0.059,0.062
-1.06110e-01,-0.061,0.064
-1.06100e-01,-0.055,0.062
-1.06090e-01,-0.055,0.06
-1.06080e-01,-0.053,0.058
-1.06070e-01,-0.055,0.06
-1.06060e-01,-0.057,0.06
-1.06050e-01,-0.061,0.06
-1.06040e-01,-0.045,0.052
-1.06030e-01,-0.061,0.062
-1.06020e-01,-0.049,0.054
-1.06010e-01,-0.059,0.062
-1.06000e-01,-0.059,0.062
-1.05990e-01,-0.059,0.062
-1.05980e-01,-0.051,0.052
-1.05970e-01,-0.061,0.062
-1.05960e-01,-0.061,0.064
-1.05950e-01,-0.053,0.06
-1.05940e-01,-0.063,0.064
-1.05930e-01,-0.057,0.06
-1.05920e-01,-0.055,0.06
-1.05910e-01,-0.057,0.064
-1.05900e-01,-0.059,0.062
-1.05890e-01,-0.059,0.062
-1.05880e-01,-0.061,0.062
-1.05870e-01,-0.061,0.06
-1.05860e-01,-0.059,0.062
-1.05850e-01,-0.061,0.064
-1.05840e-01,-0.053,0.054
-1.05830e-01,-0.059,0.06
-1.05820e-01,-0.059,0.058
-1.05810e-01,-0.049,0.054
-1.05800e-01,-0.053,0.056
-1.05790e-01,-0.059,0.062
-1.05780e-01,-0.061,0.064
-1.05770e-01,-0.057,0.062
-1.05760e-01,-0.049,0.06
-1.05750e-01,-0.057,0.062
-1.05740e-01,-0.047,0.056
-1.05730e-01,-0.057,0.06
-1.05720e-01,-0.061,0.066
-1.05710e-01,-0.063,0.064
-1.05700e-01,-0.059,0.062
-1.05690e-01,-0.059,0.064
-1.05680e-01,-0.057,0.064
-1.05670e-01,-0.059,0.062
-1.05660e-01,-0.061,0.06
-1.05650e-01,-0.057,0.066
-1.05640e-01,-0.053,0.06
-1.05630e-01,-0.059,0.064
-1.05620e-01,-0.061,0.064
-1.05610e-01,-0.057,0.06
-1.05600e-01,-0.057,0.064
-1.05590e-01,-0.059,0.06
-1.05580e-01,-0.061,0.062
-1.05570e-01,-0.059,0.06
-1.05560e-01,-0.059,0.064
-1.05550e-01,-0.059,0.062
-1.05540e-01,-0.059,0.068
-1.05530e-01,-0.059,0.064
-1.05520e-01,-0.057,0.06
-1.05510e-01,-0.057,0.064
-1.05500e-01,-0.057,0.062
-1.05490e-01,-0.063,0.064
-1.05480e-01,-0.053,0.06
-1.05470e-01,-0.061,0.064
-1.05460e-01,-0.059,0.064
-1.05450e-01,-0.053,0.06
-1.05440e-01,-0.061,0.064
-1.05430e-01,-0.053,0.056
-1.05420e-01,-0.057,0.062
-1.05410e-01,-0.057,0.06
-1.05400e-01,-0.059,0.064
-1.05390e-01,-0.057,0.06
-1.05380e-01,-0.061,0.064
-1.05370e-01,-0.037,0.042
-1.05360e-01,-0.057,0.06
-1.05350e-01,-0.061,0.06
-1.05340e-01,-0.055,0.058
-1.05330e-01,-0.053,0.062
-1.05320e-01,-0.055,0.06
-1.05310e-01,-0.049,0.056
-1.05300e-01,-0.051,0.06
-1.05290e-01,-0.057,0.062
-1.05280e-01,-0.061,0.066
-1.05270e-01,-0.059,0.064
-1.05260e-01,-0.043,0.052
-1.05250e-01,-0.061,0.064
-1.05240e-01,-0.059,0.064
-1.05230e-01,-0.057,0.06
-1.05220e-01,-0.061,0.062
-1.05210e-01,-0.061,0.064
-1.05200e-01,-0.055,0.058
-1.05190e-01,-0.059,0.064
-1.05180e-01,-0.059,0.058
-1.05170e-01,-0.061,0.064
-1.05160e-01,-0.061,0.066
-1.05150e-01,-0.055,0.058
-1.05140e-01,-0.055,0.054
-1.05130e-01,-0.061,0.062
-1.05120e-01,-0.059,0.062
-1.05110e-01,-0.059,0.06
-1.05100e-01,-0.061,0.06
-1.05090e-01,-0.061,0.062
-1.05080e-01,-0.063,0.06
-1.05070e-01,-0.051,0.056
-1.05060e-01,-0.061,0.064
-1.05050e-01,-0.059,0.06
-1.05040e-01,-0.055,0.06
-1.05030e-01,-0.053,0.056
-1.05020e-01,-0.057,0.06
-1.05010e-01,-0.061,0.062
-1.05000e-01,-0.061,0.064
-1.04990e-01,-0.061,0.066
-1.04980e-01,-0.045,0.054
-1.04970e-01,-0.041,0.046
-1.04960e-01,-0.057,0.06
-1.04950e-01,-0.059,0.066
-1.04940e-01,-0.063,0.064
-1.04930e-01,-0.055,0.06
-1.04920e-01,-0.063,0.064
-1.04910e-01,-0.059,0.056
-1.04900e-01,-0.061,0.064
-1.04890e-01,-0.055,0.058
-1.04880e-01,-0.059,0.064
-1.04870e-01,-0.061,0.064
-1.04860e-01,-0.063,0.06
-1.04850e-01,-0.051,0.056
-1.04840e-01,-0.057,0.06
-1.04830e-01,-0.059,0.062
-1.04820e-01,-0.055,0.06
-1.04810e-01,-0.055,0.062
-1.04800e-01,-0.055,0.062
-1.04790e-01,-0.061,0.062
-1.04780e-01,-0.061,0.064
-1.04770e-01,-0.059,0.062
-1.04760e-01,-0.049,0.054
-1.04750e-01,-0.059,0.06
-1.04740e-01,-0.063,0.062
-1.04730e-01,-0.063,0.064
-1.04720e-01,-0.059,0.062
-1.04710e-01,-0.057,0.062
-1.04700e-01,-0.059,0.062
-1.04690e-01,-0.061,0.06
-1.04680e-01,-0.055,0.06
-1.04670e-01,-0.059,0.06
-1.04660e-01,-0.063,0.062
-1.04650e-01,-0.055,0.06
-1.04640e-01,-0.061,0.062
-1.04630e-01,-0.061,0.062
-1.04620e-01,-0.061,0.066
-1.04610e-01,-0.061,0.062
-1.04600e-01,-0.063,0.064
-1.04590e-01,-0.057,0.06
-1.04580e-01,-0.059,0.064
-1.04570e-01,-0.065,0.064
-1.04560e-01,-0.061,0.062
-1.04550e-01,-0.057,0.064
-1.04540e-01,-0.061,0.062
-1.04530e-01,-0.053,0.06
-1.04520e-01,-0.057,0.064
-1.04510e-01,-0.059,0.066
-1.04500e-01,-0.061,0.06
-1.04490e-01,-0.059,0.062
-1.04480e-01,-0.065,0.064
-1.04470e-01,-0.063,0.06
-1.04460e-01,-0.061,0.066
-1.04450e-01,-0.059,0.06
-1.04440e-01,-0.063,0.064
-1.04430e-01,-0.065,0.062
-1.04420e-01,-0.061,0.066
-1.04410e-01,-0.059,0.066
-1.04400e-01,-0.059,0.064
-1.04390e-01,-0.061,0.064
-1.04380e-01,-0.061,0.06
-1.04370e-01,-0.057,0.06
-1.04360e-01,-0.061,0.062
-1.04350e-01,-0.057,0.062
-1.04340e-01,-0.059,0.062
-1.04330e-01,-0.061,0.064
-1.04320e-01,-0.055,0.06
-1.04310e-01,-0.059,0.064
-1.04300e-01,-0.061,0.064
-1.04290e-01,-0.059,0.062
-1.04280e-01,-0.063,0.066
-1.04270e-01,-0.059,0.064
-1.04260e-01,-0.059,0.06
-1.04250e-01,-0.053,0.06
-1.04240e-01,-0.053,0.058
-1.04230e-01,-0.061,0.064
-1.04220e-01,-0.053,0.058
-1.04210e-01,-0.057,0.064
-1.04200e-01,-0.055,0.06
-1.04190e-01,-0.057,0.066
-1.04180e-01,-0.057,0.064
-1.04170e-01,-0.059,0.062
-1.04160e-01,-0.057,0.06
-1.04150e-01,-0.063,0.062
-1.04140e-01,-0.057,0.06
-1.04130e-01,-0.061,0.06
-1.04120e-01,-0.059,0.06
-1.04110e-01,-0.061,0.064
-1.04100e-01,-0.059,0.06
-1.04090e-01,-0.061,0.06
-1.04080e-01,-0.059,0.062
-1.04070e-01,-0.061,0.064
-1.04060e-01,-0.055,0.06
-1.04050e-01,-0.061,0.064
-1.04040e-01,-0.059,0.062
-1.04030e-01,-0.059,0.06
-1.04020e-01,-0.059,0.064
-1.04010e-01,-0.061,0.062
-1.04000e-01,-0.059,0.064
-1.03990e-01,-0.059,0.066
-1.03980e-01,-0.061,0.062
-1.03970e-01,-0.059,0.064
-1.03960e-01,-0.059,0.062
-1.03950e-01,-0.061,0.064
-1.03940e-01,-0.059,0.06
-1.03930e-01,-0.061,0.064
-1.03920e-01,-0.055,0.06
-1.03910e-01,-0.061,0.064
-1.03900e-01,-0.059,0.06
-1.03890e-01,-0.059,0.064
-1.03880e-01,-0.057,0.064
-1.03870e-01,-0.061,0.06
-1.03860e-01,-0.059,0.062
-1.03850e-01,-0.059,0.066
-1.03840e-01,-0.057,0.06
-1.03830e-01,-0.055,0.06
-1.03820e-01,-0.047,0.05
-1.03810e-01,-0.059,0.066
-1.03800e-01,-0.057,0.06
-1.03790e-01,-0.057,0.064
-1.03780e-01,-0.057,0.062
-1.03770e-01,-0.055,0.058
-1.03760e-01,-0.061,0.066
-1.03750e-01,-0.041,0.046
-1.03740e-01,-0.059,0.064
-1.03730e-01,-0.055,0.06
-1.03720e-01,-0.059,0.06
-1.03710e-01,-0.055,0.058
-1.03700e-01,-0.057,0.066
-1.03690e-01,-0.049,0.054
-1.03680e-01,-0.059,0.062
-1.03670e-01,-0.063,0.064
-1.03660e-01,-0.063,0.064
-1.03650e-01,-0.059,0.06
-1.03640e-01,-0.061,0.062
-1.03630e-01,-0.063,0.06
-1.03620e-01,-0.059,0.062
-1.03610e-01,-0.059,0.062
-1.03600e-01,-0.061,0.062
-1.03590e-01,-0.055,0.06
-1.03580e-01,-0.063,0.062
-1.03570e-01,-0.051,0.06
-1.03560e-01,-0.061,0.062
-1.03550e-01,-0.057,0.06
-1.03540e-01,-0.057,0.062
-1.03530e-01,-0.049,0.058
-1.03520e-01,-0.063,0.062
-1.03510e-01,-0.053,0.06
-1.03500e-01,-0.059,0.064
-1.03490e-01,-0.047,0.052
-1.03480e-01,-0.057,0.06
-1.03470e-01,-0.059,0.064
-1.03460e-01,-0.055,0.056
-1.03450e-01,-0.057,0.062
-1.03440e-01,-0.059,0.064
-1.03430e-01,-0.059,0.062
-1.03420e-01,-0.065,0.064
-1.03410e-01,-0.061,0.062
-1.03400e-01,-0.055,0.062
-1.03390e-01,-0.059,0.06
-1.03380e-01,-0.055,0.064
-1.03370e-01,-0.063,0.06
-1.03360e-01,-0.063,0.064
-1.03350e-01,-0.055,0.06
-1.03340e-01,-0.065,0.064
-1.03330e-01,-0.057,0.062
-1.03320e-01,-0.061,0.062
-1.03310e-01,-0.059,0.064
-1.03300e-01,-0.057,0.062
-1.03290e-01,-0.059,0.064
-1.03280e-01,-0.057,0.06
-1.03270e-01,-0.059,0.064
-1.03260e-01,-0.057,0.06
-1.03250e-01,-0.063,0.06
-1.03240e-01,-0.057,0.062
-1.03230e-01,-0.065,0.062
-1.03220e-01,-0.059,0.064
-1.03210e-01,-0.063,0.064
-1.03200e-01,-0.049,0.058
-1.03190e-01,-0.059,0.064
-1.03180e-01,-0.047,0.054
-1.03170e-01,-0.045,0.05
-1.03160e-01,-0.047,0.05
-1.03150e-01,-0.055,0.056
-1.03140e-01,-0.049,0.056
-1.03130e-01,-0.057,0.056
-1.03120e-01,-0.059,0.062
-1.03110e-01,-0.059,0.06
-1.03100e-01,-0.055,0.062
-1.03090e-01,-0.057,0.062
-1.03080e-01,-0.059,0.06
-1.03070e-01,-0.057,0.062
-1.03060e-01,-0.055,0.06
-1.03050e-01,-0.057,0.062
-1.03040e-01,-0.061,0.064
-1.03030e-01,-0.059,0.064
-1.03020e-01,-0.055,0.06
-1.03010e-01,-0.061,0.064
-1.03000e-01,-0.061,0.062
-1.02990e-01,-0.063,0.062
-1.02980e-01,-0.055,0.06
-1.02970e-01,-0.059,0.066
-1.02960e-01,-0.059,0.062
-1.02950e-01,-0.055,0.058
-1.02940e-01,-0.061,0.062
-1.02930e-01,-0.059,0.064
-1.02920e-01,-0.063,0.062
-1.02910e-01,-0.059,0.062
-1.02900e-01,-0.057,0.06
-1.02890e-01,-0.053,0.06
-1.02880e-01,-0.053,0.06
-1.02870e-01,-0.047,0.056
-1.02860e-01,-0.055,0.062
-1.02850e-01,-0.053,0.054
-1.02840e-01,-0.055,0.06
-1.02830e-01,-0.059,0.06
-1.02820e-01,-0.057,0.06
-1.02810e-01,-0.059,0.062
-1.02800e-01,-0.061,0.062
-1.02790e-01,-0.055,0.062
-1.02780e-01,-0.047,0.05
-1.02770e-01,-0.055,0.058
-1.02760e-01,-0.057,0.058
-1.02750e-01,-0.063,0.062
-1.02740e-01,-0.061,0.066
-1.02730e-01,-0.061,0.062
-1.02720e-01,-0.061,0.064
-1.02710e-01,-0.057,0.066
-1.02700e-01,-0.061,0.064
-1.02690e-01,-0.059,0.064
-1.02680e-01,-0.063,0.066
-1.02670e-01,-0.061,0.062
-1.02660e-01,-0.063,0.064
-1.02650e-01,-0.061,0.062
-1.02640e-01,-0.061,0.062
-1.02630e-01,-0.055,0.06
-1.02620e-01,-0.057,0.064
-1.02610e-01,-0.061,0.062
-1.02600e-01,-0.063,0.064
-1.02590e-01,-0.061,0.064
-1.02580e-01,-0.059,0.062
-1.02570e-01,-0.061,0.062
-1.02560e-01,-0.055,0.064
-1.02550e-01,-0.057,0.06
-1.02540e-01,-0.061,0.064
-1.02530e-01,-0.059,0.06
-1.02520e-01,-0.055,0.06
-1.02510e-01,-0.061,0.064
-1.02500e-01,-0.061,0.064
-1.02490e-01,-0.061,0.064
-1.02480e-01,-0.063,0.06
-1.02470e-01,-0.059,0.064
-1.02460e-01,-0.061,0.064
-1.02450e-01,-0.061,0.064
-1.02440e-01,-0.057,0.062
-1.02430e-01,-0.063,0.064
-1.02420e-01,-0.043,0.05
-1.02410e-01,-0.057,0.062
-1.02400e-01,-0.057,0.064
-1.02390e-01,-0.053,0.06
-1.02380e-01,-0.061,0.064
-1.02370e-01,-0.063,0.066
-1.02360e-01,-0.063,0.062
-1.02350e-01,-0.061,0.064
-1.02340e-01,-0.059,0.064
-1.02330e-01,-0.051,0.06
-1.02320e-01,-0.061,0.064
-1.02310e-01,-0.061,0.06
-1.02300e-01,-0.059,0.064
-1.02290e-01,-0.061,0.068
-1.02280e-01,-0.059,0.062
-1.02270e-01,-0.059,0.064
-1.02260e-01,-0.059,0.068
-1.02250e-01,-0.057,0.062
-1.02240e-01,-0.059,0.062
-1.02230e-01,-0.059,0.062
-1.02220e-01,-0.061,0.064
-1.02210e-01,-0.051,0.056
-1.02200e-01,-0.063,0.066
-1.02190e-01,-0.057,0.064
-1.02180e-01,-0.059,0.064
-1.02170e-01,-0.061,0.064
-1.02160e-01,-0.061,0.06
-1.02150e-01,-0.047,0.054
-1.02140e-01,-0.027,0.036
-1.02130e-01,-0.057,0.06
-1.02120e-01,-0.057,0.06
-1.02110e-01,-0.063,0.066
-1.02100e-01,-0.059,0.064
-1.02090e-01,-0.061,0.066
-1.02080e-01,-0.063,0.064
-1.02070e-01,-0.063,0.064
-1.02060e-01,-0.061,0.062
-1.02050e-01,-0.059,0.064
-1.02040e-01,-0.059,0.066
-1.02030e-01,-0.055,0.062
-1.02020e-01,-0.063,0.064
-1.02010e-01,-0.059,0.062
-1.02000e-01,-0.055,0.06
-1.01990e-01,-0.057,0.06
-1.01980e-01,-0.061,0.064
-1.01970e-01,-0.063,0.062
-1.01960e-01,-0.055,0.056
-1.01950e-01,-0.063,0.062
-1.01940e-01,-0.051,0.052
-1.01930e-01,-0.061,0.062
-1.01920e-01,-0.057,0.058
-1.01910e-01,-0.059,0.064
-1.01900e-01,-0.061,0.062
-1.01890e-01,-0.063,0.064
-1.01880e-01,-0.059,0.064
-1.01870e-01,-0.061,0.062
-1.01860e-01,-0.059,0.066
-1.01850e-01,-0.061,0.064
-1.01840e-01,-0.059,0.062
-1.01830e-01,-0.061,0.068
-1.01820e-01,-0.063,0.064
-1.01810e-01,-0.061,0.06
-1.01800e-01,-0.055,0.06
-1.01790e-01,-0.043,0.052
-1.01780e-01,-0.053,0.058
-1.01770e-01,-0.055,0.06
-1.01760e-01,-0.061,0.064
-1.01750e-01,-0.057,0.06
-1.01740e-01,-0.059,0.06
-1.01730e-01,-0.061,0.06
-1.01720e-01,-0.063,0.064
-1.01710e-01,-0.057,0.062
-1.01700e-01,-0.061,0.064
-1.01690e-01,-0.061,0.062
-1.01680e-01,-0.061,0.064
-1.01670e-01,-0.061,0.064
-1.01660e-01,-0.059,0.068
-1.01650e-01,-0.057,0.06
-1.01640e-01,-0.059,0.06
-1.01630e-01,-0.059,0.064
-1.01620e-01,-0.059,0.066
-1.01610e-01,-0.061,0.064
-1.01600e-01,-0.061,0.064
-1.01590e-01,-0.061,0.064
-1.01580e-01,-0.055,0.06
-1.01570e-01,-0.053,0.06
-1.01560e-01,-0.057,0.06
-1.01550e-01,-0.061,0.062
-1.01540e-01,-0.059,0.064
-1.01530e-01,-0.061,0.06
-1.01520e-01,-0.063,0.064
-1.01510e-01,-0.061,0.062
-1.01500e-01,-0.059,0.06
-1.01490e-01,-0.059,0.06
-1.01480e-01,-0.051,0.062
-1.01470e-01,-0.045,0.052
-1.01460e-01,-0.053,0.058
-1.01450e-01,-0.055,0.058
-1.01440e-01,-0.059,0.062
-1.01430e-01,-0.049,0.056
-1.01420e-01,-0.063,0.064
-1.01410e-01,-0.059,0.058
-1.01400e-01,-0.061,0.064
-1.01390e-01,-0.061,0.064
-1.01380e-01,-0.059,0.062
-1.01370e-01,-0.055,0.058
-1.01360e-01,-0.063,0.062
-1.01350e-01,-0.059,0.062
-1.01340e-01,-0.063,0.062
-1.01330e-01,-0.057,0.064
-1.01320e-01,-0.051,0.054
-1.01310e-01,-0.053,0.06
-1.01300e-01,-0.047,0.052
-1.01290e-01,-0.041,0.046
-1.01280e-01,-0.047,0.05
-1.01270e-01,-0.061,0.06
-1.01260e-01,-0.059,0.066
-1.01250e-01,-0.061,0.064
-1.01240e-01,-0.061,0.064
-1.01230e-01,-0.053,0.062
-1.01220e-01,-0.051,0.058
-1.01210e-01,-0.053,0.056
-1.01200e-01,-0.053,0.062
-1.01190e-01,-0.057,0.06
-1.01180e-01,-0.059,0.064
-1.01170e-01,-0.057,0.062
-1.01160e-01,-0.053,0.058
-1.01150e-01,-0.059,0.062
-1.01140e-01,-0.061,0.06
-1.01130e-01,-0.065,0.066
-1.01120e-01,-0.059,0.064
-1.01110e-01,-0.059,0.064
-1.01100e-01,-0.057,0.064
-1.01090e-01,-0.059,0.06
-1.01080e-01,-0.061,0.068
-1.01070e-01,-0.061,0.064
-1.01060e-01,-0.063,0.064
-1.01050e-01,-0.061,0.064
-1.01040e-01,-0.059,0.062
-1.01030e-01,-0.061,0.064
-1.01020e-01,-0.063,0.064
-1.01010e-01,-0.059,0.064
-1.01000e-01,-0.063,0.064
-1.00990e-01,-0.061,0.06
-1.00980e-01,-0.057,0.06
-1.00970e-01,-0.055,0.062
-1.00960e-01,-0.055,0.06
-1.00950e-01,-0.061,0.066
-1.00940e-01,-0.063,0.064
-1.00930e-01,-0.059,0.062
-1.00920e-01,-0.059,0.07
-1.00910e-01,-0.057,0.062
-1.00900e-01,-0.061,0.064
-1.00890e-01,-0.059,0.06
-1.00880e-01,-0.059,0.06
-1.00870e-01,-0.055,0.06
-1.00860e-01,-0.061,0.064
-1.00850e-01,-0.055,0.06
-1.00840e-01,-0.061,0.064
-1.00830e-01,-0.063,0.066
-1.00820e-01,-0.061,0.064
-1.00810e-01,-0.063,0.064
-1.00800e-01,-0.063,0.064
-1.00790e-01,-0.063,0.062
-1.00780e-01,-0.061,0.062
-1.00770e-01,-0.061,0.064
-1.00760e-01,-0.061,0.066
-1.00750e-01,-0.061,0.064
-1.00740e-01,-0.059,0.064
-1.00730e-01,-0.059,0.062
-1.00720e-01,-0.061,0.062
-1.00710e-01,-0.059,0.064
-1.00700e-01,-0.059,0.062
-1.00690e-01,-0.059,0.066
-1.00680e-01,-0.065,0.066
-1.00670e-01,-0.063,0.062
-1.00660e-01,-0.059,0.064
-1.00650e-01,-0.059,0.064
-1.00640e-01,-0.063,0.064
-1.00630e-01,-0.055,0.06
-1.00620e-01,-0.053,0.058
-1.00610e-01,-0.059,0.06
-1.00600e-01,-0.061,0.062
-1.00590e-01,-0.061,0.064
-1.00580e-01,-0.059,0.06
-1.00570e-01,-0.057,0.06
-1.00560e-01,-0.055,0.06
-1.00550e-01,-0.057,0.06
-1.00540e-01,-0.061,0.064
-1.00530e-01,-0.059,0.064
-1.00520e-01,-0.063,0.064
-1.00510e-01,-0.045,0.05
-1.00500e-01,-0.037,0.04
-1.00490e-01,-0.043,0.052
-1.00480e-01,-0.061,0.06
-1.00470e-01,-0.057,0.058
-1.00460e-01,-0.059,0.064
-1.00450e-01,-0.061,0.06
-1.00440e-01,-0.057,0.06
-1.00430e-01,-0.065,0.062
-1.00420e-01,-0.059,0.064
-1.00410e-01,-0.059,0.062
-1.00400e-01,-0.061,0.064
-1.00390e-01,-0.063,0.064
-1.00380e-01,-0.059,0.06
-1.00370e-01,-0.063,0.064
-1.00360e-01,-0.061,0.06
-1.00350e-01,-0.051,0.058
-1.00340e-01,-0.053,0.058
-1.00330e-01,-0.059,0.064
-1.00320e-01,-0.063,0.064
-1.00310e-01,-0.059,0.06
-1.00300e-01,-0.063,0.066
-1.00290e-01,-0.059,0.062
-1.00280e-01,-0.063,0.06
-1.00270e-01,-0.057,0.064
-1.00260e-01,-0.061,0.064
-1.00250e-01,-0.057,0.062
-1.00240e-01,-0.055,0.06
-1.00230e-01,-0.059,0.064
-1.00220e-01,-0.059,0.06
-1.00210e-01,-0.061,0.062
-1.00200e-01,-0.061,0.062
-1.00190e-01,-0.061,0.066
-1.00180e-01,-0.061,0.062
-1.00170e-01,-0.063,0.066
-1.00160e-01,-0.059,0.062
-1.00150e-01,-0.063,0.064
-1.00140e-01,-0.059,0.064
-1.00130e-01,-0.059,0.06
-1.00120e-01,-0.059,0.062
-1.00110e-01,-0.063,0.062
-1.00100e-01,-0.065,0.064
-1.00090e-01,-0.063,0.064
-1.00080e-01,-0.057,0.06
-1.00070e-01,-0.061,0.064
-1.00060e-01,-0.061,0.06
-1.00050e-01,-0.059,0.062
-1.00040e-01,-0.059,0.064
-1.00030e-01,-0.059,0.064
-1.00020e-01,-0.059,0.062
-1.00010e-01,-0.061,0.064
-1.00000e-01,-0.059,0.062
-9.99900e-02,-0.063,0.062
-9.99800e-02,-0.059,0.064
-9.99700e-02,-0.061,0.064
-9.99600e-02,-0.061,0.064
-9.99500e-02,-0.059,0.06
-9.99400e-02,-0.059,0.06
-9.99300e-02,-0.051,0.056
-9.99200e-02,-0.055,0.064
-9.99100e-02,-0.061,0.064
-9.99000e-02,-0.057,0.066
-9.98900e-02,-0.055,0.06
-9.98800e-02,-0.055,0.06
-9.98700e-02,-0.047,0.052
-9.98600e-02,-0.057,0.058
-9.98500e-02,-0.055,0.056
-9.98400e-02,-0.057,0.058
-9.98300e-02,-0.061,0.062
-9.98200e-02,-0.059,0.06
-9.98100e-02,-0.061,0.064
-9.98000e-02,-0.061,0.066
-9.97900e-02,-0.057,0.062
-9.97800e-02,-0.059,0.06
-9.97700e-02,-0.059,0.062
-9.97600e-02,-0.063,0.06
-9.97500e-02,-0.065,0.064
-9.97400e-02,-0.063,0.064
-9.97300e-02,-0.061,0.062
-9.97200e-02,-0.053,0.064
-9.97100e-02,-0.047,0.052
-9.97000e-02,-0.053,0.056
-9.96900e-02,-0.053,0.058
-9.96800e-02,-0.059,0.062
-9.96700e-02,-0.061,0.064
-9.96600e-02,-0.061,0.064
-9.96500e-02,-0.059,0.062
-9.96400e-02,-0.059,0.066
-9.96300e-02,-0.059,0.064
-9.96200e-02,-0.059,0.064
-9.96100e-02,-0.061,0.064
-9.96000e-02,-0.059,0.06
-9.95900e-02,-0.061,0.064
-9.95800e-02,-0.061,0.062
-9.95700e-02,-0.057,0.06
-9.95600e-02,-0.063,0.062
-9.95500e-02,-0.061,0.064
-9.95400e-02,-0.059,0.064
-9.95300e-02,-0.059,0.064
-9.95200e-02,-0.061,0.064
-9.95100e-02,-0.063,0.066
-9.95000e-02,-0.061,0.06
-9.94900e-02,-0.061,0.062
-9.94800e-02,-0.061,0.064
-9.94700e-02,-0.061,0.064
-9.94600e-02,-0.061,0.062
-9.94500e-02,-0.061,0.062
-9.94400e-02,-0.061,0.064
-9.94300e-02,-0.061,0.064
-9.94200e-02,-0.059,0.064
-9.94100e-02,-0.059,0.064
-9.94000e-02,-0.065,0.064
-9.93900e-02,-0.057,0.064
-9.93800e-02,-0.059,0.064
-9.93700e-02,-0.059,0.062
-9.93600e-02,-0.065,0.064
-9.93500e-02,-0.061,0.066
-9.93400e-02,-0.059,0.062
-9.93300e-02,-0.061,0.064
-9.93200e-02,-0.061,0.062
-9.93100e-02,-0.057,0.064
-9.93000e-02,-0.055,0.064
-9.92900e-02,-0.063,0.062
-9.92800e-02,-0.055,0.058
-9.92700e-02,-0.061,0.062
-9.92600e-02,-0.061,0.064
-9.92500e-02,-0.061,0.062
-9.92400e-02,-0.055,0.06
-9.92300e-02,-0.059,0.064
-9.92200e-02,-0.053,0.056
-9.92100e-02,-0.061,0.06
-9.92000e-02,-0.059,0.064
-9.91900e-02,-0.059,0.062
-9.91800e-02,-0.059,0.064
-9.91700e-02,-0.061,0.06
-9.91600e-02,-0.057,0.064
-9.91500e-02,-0.057,0.062
-9.91400e-02,-0.059,0.06
-9.91300e-02,-0.059,0.062
-9.91200e-02,-0.059,0.062
-9.91100e-02,-0.063,0.064
-9.91000e-02,-0.057,0.06
-9.90900e-02,-0.057,0.062
-9.90800e-02,-0.059,0.06
-9.90700e-02,-0.059,0.062
-9.90600e-02,-0.053,0.056
-9.90500e-02,-0.059,0.062
-9.90400e-02,-0.055,0.06
-9.90300e-02,-0.063,0.064
-9.90200e-02,-0.053,0.056
-9.90100e-02,-0.061,0.064
-9.90000e-02,-0.055,0.06
-9.89900e-02,-0.055,0.062
-9.89800e-02,-0.055,0.064
-9.89700e-02,-0.061,0.06
-9.89600e-02,-0.061,0.064
-9.89500e-02,-0.055,0.06
-9.89400e-02,-0.059,0.06
-9.89300e-02,-0.059,0.06
-9.89200e-02,-0.063,0.066
-9.89100e-02,-0.061,0.066
-9.89000e-02,-0.063,0.062
-9.88900e-02,-0.057,0.066
-9.88800e-02,-0.061,0.062
-9.88700e-02,-0.057,0.064
-9.88600e-02,-0.059,0.06
-9.88500e-02,-0.061,0.064
-9.88400e-02,-0.057,0.062
-9.88300e-02,-0.059,0.06
-9.88200e-02,-0.059,0.062
-9.88100e-02,-0.053,0.056
-9.88000e-02,-0.053,0.06
-9.87900e-02,-0.051,0.056
-9.87800e-02,-0.061,0.064
-9.87700e-02,-0.059,0.066
-9.87600e-02,-0.059,0.062
-9.87500e-02,-0.061,0.062
-9.87400e-02,-0.063,0.064
-9.87300e-02,-0.061,0.062
-9.87200e-02,-0.061,0.062
-9.87100e-02,-0.061,0.064
-9.87000e-02,-0.059,0.064
-9.86900e-02,-0.061,0.062
-9.86800e-02,-0.063,0.066
-9.86700e-02,-0.057,0.064
-9.86600e-02,-0.063,0.064
-9.86500e-02,-0.061,0.064
-9.86400e-02,-0.061,0.064
-9.86300e-02,-0.061,0.06
-9.86200e-02,-0.065,0.066
-9.86100e-02,-0.055,0.06
-9.86000e-02,-0.059,0.064
-9.85900e-02,-0.055,0.062
-9.85800e-02,-0.059,0.06
-9.85700e-02,-0.063,0.064
-9.85600e-02,-0.057,0.064
-9.85500e-02,-0.063,0.062
-9.85400e-02,-0.059,0.066
-9.85300e-02,-0.061,0.062
-9.85200e-02,-0.061,0.064
-9.85100e-02,-0.061,0.064
-9.85000e-02,-0.057,0.06
-9.84900e-02,-0.057,0.062
-9.84800e-02,-0.061,0.064
-9.84700e-02,-0.059,0.06
-9.84600e-02,-0.059,0.062
-9.84500e-02,-0.065,0.062
-9.84400e-02,-0.059,0.064
-9.84300e-02,-0.063,0.066
-9.84200e-02,-0.059,0.066
-9.84100e-02,-0.061,0.064
-9.84000e-02,-0.061,0.062
-9.83900e-02,-0.059,0.06
-9.83800e-02,-0.061,0.062
-9.83700e-02,-0.055,0.06
-9.83600e-02,-0.061,0.062
-9.83500e-02,-0.061,0.068
-9.83400e-02,-0.063,0.062
-9.83300e-02,-0.053,0.06
-9.83200e-02,-0.057,0.062
-9.83100e-02,-0.061,0.066
-9.83000e-02,-0.059,0.066
-9.82900e-02,-0.063,0.064
-9.82800e-02,-0.061,0.064
-9.82700e-02,-0.065,0.066
-9.82600e-02,-0.061,0.062
-9.82500e-02,-0.059,0.064
-9.82400e-02,-0.063,0.064
-9.82300e-02,-0.061,0.064
-9.82200e-02,-0.059,0.066
-9.82100e-02,-0.059,0.06
-9.82000e-02,-0.059,0.062
-9.81900e-02,-0.061,0.064
-9.81800e-02,-0.063,0.064
-9.81700e-02,-0.063,0.064
-9.81600e-02,-0.057,0.06
-9.81500e-02,-0.057,0.06
-9.81400e-02,-0.049,0.054
-9.81300e-02,-0.055,0.058
-9.81200e-02,-0.053,0.06
-9.81100e-02,-0.053,0.056
-9.81000e-02,-0.053,0.056
-9.80900e-02,-0.061,0.064
-9.80800e-02,-0.061,0.058
-9.80700e-02,-0.043,0.052
-9.80600e-02,-0.045,0.052
-9.80500e-02,-0.053,0.058
-9.80400e-02,-0.059,0.06
-9.80300e-02,-0.055,0.06
-9.80200e-02,-0.059,0.062
-9.80100e-02,-0.059,0.062
-9.80000e-02,-0.059,0.064
-9.79900e-02,-0.061,0.062
-9.79800e-02,-0.059,0.062
-9.79700e-02,-0.057,0.062
-9.79600e-02,-0.059,0.066
-9.79500e-02,-0.061,0.062
-9.79400e-02,-0.059,0.06
-9.79300e-02,-0.063,0.064
-9.79200e-02,-0.055,0.062
-9.79100e-02,-0.059,0.062
-9.79000e-02,-0.051,0.058
-9.78900e-02,-0.047,0.05
-9.78800e-02,-0.059,0.062
-9.78700e-02,-0.059,0.064
-9.78600e-02,-0.059,0.062
-9.78500e-02,-0.051,0.06
-9.78400e-02,-0.057,0.062
-9.78300e-02,-0.059,0.06
-9.78200e-02,-0.063,0.062
-9.78100e-02,-0.063,0.066
-9.78000e-02,-0.059,0.064
-9.77900e-02,-0.063,0.062
-9.77800e-02,-0.061,0.064
-9.77700e-02,-0.059,0.066
-9.77600e-02,-0.061,0.064
-9.77500e-02,-0.059,0.062
-9.77400e-02,-0.059,0.062
-9.77300e-02,-0.053,0.06
-9.77200e-02,-0.055,0.062
-9.77100e-02,-0.059,0.058
-9.77000e-02,-0.057,0.06
-9.76900e-02,-0.059,0.064
-9.76800e-02,-0.063,0.064
-9.76700e-02,-0.059,0.062
-9.76600e-02,-0.053,0.064
-9.76500e-02,-0.057,0.064
-9.76400e-02,-0.061,0.064
-9.76300e-02,-0.061,0.064
-9.76200e-02,-0.059,0.062
-9.76100e-02,-0.057,0.066
-9.76000e-02,-0.059,0.064
-9.75900e-02,-0.061,0.064
-9.75800e-02,-0.061,0.064
-9.75700e-02,-0.061,0.066
-9.75600e-02,-0.063,0.062
-9.75500e-02,-0.055,0.06
-9.75400e-02,-0.063,0.064
-9.75300e-02,-0.049,0.052
-9.75200e-02,-0.063,0.064
-9.75100e-02,-0.055,0.058
-9.75000e-02,-0.059,0.062
-9.74900e-02,-0.059,0.062
-9.74800e-02,-0.059,0.066
-9.74700e-02,-0.059,0.064
-9.74600e-02,-0.061,0.064
-9.74500e-02,-0.061,0.062
-9.74400e-02,-0.059,0.064
-9.74300e-02,-0.061,0.064
-9.74200e-02,-0.059,0.062
-9.74100e-02,-0.059,0.062
-9.74000e-02,-0.061,0.062
-9.73900e-02,-0.059,0.064
-9.73800e-02,-0.063,0.062
-9.73700e-02,-0.053,0.058
-9.73600e-02,-0.061,0.064
-9.73500e-02,-0.061,0.064
-9.73400e-02,-0.063,0.064
-9.73300e-02,-0.061,0.062
-9.73200e-02,-0.057,0.064
-9.73100e-02,-0.057,0.06
-9.73000e-02,-0.059,0.062
-9.72900e-02,-0.059,0.06
-9.72800e-02,-0.057,0.06
-9.72700e-02,-0.057,0.062
-9.72600e-02,-0.061,0.064
-9.72500e-02,-0.063,0.064
-9.72400e-02,-0.063,0.064
-9.72300e-02,-0.061,0.064
-9.72200e-02,-0.059,0.068
-9.72100e-02,-0.063,0.062
-9.72000e-02,-0.061,0.062
-9.71900e-02,-0.049,0.058
-9.71800e-02,-0.059,0.064
-9.71700e-02,-0.053,0.058
-9.71600e-02,-0.059,0.062
-9.71500e-02,-0.063,0.064
-9.71400e-02,-0.061,0.066
-9.71300e-02,-0.057,0.062
-9.71200e-02,-0.055,0.06
-9.71100e-02,-0.041,0.048
-9.71000e-02,-0.063,0.066
-9.70900e-02,-0.061,0.064
-9.70800e-02,-0.055,0.06
-9.70700e-02,-0.061,0.062
-9.70600e-02,-0.055,0.058
-9.70500e-02,-0.063,0.064
-9.70400e-02,-0.061,0.062
-9.70300e-02,-0.063,0.062
-9.70200e-02,-0.055,0.058
-9.70100e-02,-0.059,0.064
-9.70000e-02,-0.063,0.064
-9.69900e-02,-0.061,0.064
-9.69800e-02,-0.059,0.064
-9.69700e-02,-0.059,0.066
-9.69600e-02,-0.061,0.062
-9.69500e-02,-0.061,0.062
-9.69400e-02,-0.059,0.064
-9.69300e-02,-0.059,0.064
-9.69200e-02,-0.061,0.064
-9.69100e-02,-0.059,0.062
-9.69000e-02,-0.059,0.06
-9.68900e-02,-0.061,0.06
-9.68800e-02,-0.057,0.06
-9.68700e-02,-0.057,0.06
-9.68600e-02,-0.053,0.058
-9.68500e-02,-0.057,0.06
-9.68400e-02,-0.059,0.062
-9.68300e-02,-0.059,0.06
-9.68200e-02,-0.061,0.062
-9.68100e-02,-0.057,0.062
-9.68000e-02,-0.061,0.064
-9.67900e-02,-0.059,0.06
-9.67800e-02,-0.063,0.064
-9.67700e-02,-0.059,0.064
-9.67600e-02,-0.061,0.064
-9.67500e-02,-0.061,0.06
-9.67400e-02,-0.059,0.062
-9.67300e-02,-0.059,0.064
-9.67200e-02,-0.059,0.062
-9.67100e-02,-0.053,0.058
-9.67000e-02,-0.061,0.062
-9.66900e-02,-0.043,0.046
-9.66800e-02,-0.059,0.06
-9.66700e-02,-0.057,0.06
-9.66600e-02,-0.059,0.06
-9.66500e-02,-0.057,0.064
-9.66400e-02,-0.061,0.062
-9.66300e-02,-0.061,0.064
-9.66200e-02,-0.061,0.068
-9.66100e-02,-0.057,0.064
-9.66000e-02,-0.059,0.064
-9.65900e-02,-0.061,0.064
-9.65800e-02,-0.059,0.062
-9.65700e-02,-0.055,0.062
-9.65600e-02,-0.061,0.066
-9.65500e-02,-0.059,0.062
-9.65400e-02,-0.049,0.052
-9.65300e-02,-0.043,0.048
-9.65200e-02,-0.061,0.064
-9.65100e-02,-0.061,0.06
-9.65000e-02,-0.061,0.066
-9.64900e-02,-0.057,0.062
-9.64800e-02,-0.063,0.062
-9.64700e-02,-0.059,0.062
-9.64600e-02,-0.059,0.064
-9.64500e-02,-0.063,0.062
-9.64400e-02,-0.059,0.062
-9.64300e-02,-0.063,0.064
-9.64200e-02,-0.057,0.062
-9.64100e-02,-0.061,0.064
-9.64000e-02,-0.063,0.064
-9.63900e-02,-0.065,0.066
-9.63800e-02,-0.061,0.064
-9.63700e-02,-0.061,0.064
-9.63600e-02,-0.059,0.068
-9.63500e-02,-0.061,0.064
-9.63400e-02,-0.059,0.062
-9.63300e-02,-0.061,0.068
-9.63200e-02,-0.059,0.066
-9.63100e-02,-0.061,0.066
-9.63000e-02,-0.059,0.064
-9.62900e-02,-0.059,0.062
-9.62800e-02,-0.059,0.062
-9.62700e-02,-0.061,0.064
-9.62600e-02,-0.061,0.062
-9.62500e-02,-0.059,0.064
-9.62400e-02,-0.057,0.062
-9.62300e-02,-0.061,0.066
-9.62200e-02,-0.053,0.06
-9.62100e-02,-0.061,0.062
-9.62000e-02,-0.053,0.058
-9.61900e-02,-0.063,0.066
-9.61800e-02,-0.055,0.056
-9.61700e-02,-0.057,0.062
-9.61600e-02,-0.053,0.06
-9.61500e-02,-0.059,0.066
-9.61400e-02,-0.051,0.06
-9.61300e-02,-0.059,0.064
-9.61200e-02,-0.051,0.06
-9.61100e-02,-0.059,0.064
-9.61000e-02,-0.061,0.064
-9.60900e-02,-0.063,0.062
-9.60800e-02,-0.061,0.06
-9.60700e-02,-0.059,0.066
-9.60600e-02,-0.061,0.064
-9.60500e-02,-0.059,0.06
-9.60400e-02,-0.061,0.064
-9.60300e-02,-0.057,0.062
-9.60200e-02,-0.059,0.058
-9.60100e-02,-0.063,0.064
-9.60000e-02,-0.057,0.068
-9.59900e-02,-0.057,0.06
-9.59800e-02,-0.057,0.064
-9.59700e-02,-0.057,0.064
-9.59600e-02,-0.059,0.062
-9.59500e-02,-0.059,0.062
-9.59400e-02,-0.061,0.064
-9.59300e-02,-0.061,0.064
-9.59200e-02,-0.059,0.06
-9.59100e-02,-0.057,0.058
-9.59000e-02,-0.059,0.064
-9.58900e-02,-0.053,0.056
-9.58800e-02,-0.065,0.06
-9.58700e-02,-0.061,0.06
-9.58600e-02,-0.061,0.064
-9.58500e-02,-0.061,0.062
-9.58400e-02,-0.059,0.066
-9.58300e-02,-0.059,0.06
-9.58200e-02,-0.061,0.062
-9.58100e-02,-0.051,0.056
-9.58000e-02,-0.059,0.064
-9.57900e-02,-0.051,0.05
-9.57800e-02,-0.057,0.062
-9.57700e-02,-0.055,0.058
-9.57600e-02,-0.055,0.06
-9.57500e-02,-0.053,0.06
-9.57400e-02,-0.059,0.064
-9.57300e-02,-0.063,0.062
-9.57200e-02,-0.063,0.062
-9.57100e-02,-0.059,0.064
-9.57000e-02,-0.057,0.064
-9.56900e-02,-0.061,0.062
-9.56800e-02,-0.047,0.054
-9.56700e-02,-0.059,0.06
-9.56600e-02,-0.063,0.064
-9.56500e-02,-0.061,0.064
-9.56400e-02,-0.055,0.058
-9.56300e-02,-0.061,0.064
-9.56200e-02,-0.063,0.062
-9.56100e-02,-0.059,0.064
-9.56000e-02,-0.059,0.066
-9.55900e-02,-0.063,0.066
-9.55800e-02,-0.057,0.062
-9.55700e-02,-0.053,0.06
-9.55600e-02,-0.061,0.064
-9.55500e-02,-0.061,0.062
-9.55400e-02,-0.055,0.06
-9.55300e-02,-0.055,0.06
-9.55200e-02,-0.061,0.064
-9.55100e-02,-0.061,0.066
-9.55000e-02,-0.053,0.058
-9.54900e-02,-0.059,0.06
-9.54800e-02,-0.063,0.064
-9.54700e-02,-0.063,0.064
-9.54600e-02,-0.061,0.064
-9.54500e-02,-0.059,0.064
-9.54400e-02,-0.059,0.066
-9.54300e-02,-0.061,0.062
-9.54200e-02,-0.057,0.06
-9.54100e-02,-0.059,0.062
-9.54000e-02,-0.061,0.066
-9.53900e-02,-0.059,0.066
-9.53800e-02,-0.061,0.064
-9.53700e-02,-0.055,0.062
-9.53600e-02,-0.061,0.062
-9.53500e-02,-0.055,0.06
-9.53400e-02,-0.059,0.062
-9.53300e-02,-0.051,0.056
-9.53200e-02,-0.057,0.062
-9.53100e-02,-0.057,0.064
-9.53000e-02,-0.061,0.062
-9.52900e-02,-0.057,0.06
-9.52800e-02,-0.059,0.062
-9.52700e-02,-0.055,0.062
-9.52600e-02,-0.061,0.064
-9.52500e-02,-0.055,0.056
-9.52400e-02,-0.059,0.06
-9.52300e-02,-0.059,0.06
-9.52200e-02,-0.059,0.064
-9.52100e-02,-0.061,0.064
-9.52000e-02,-0.059,0.064
-9.51900e-02,-0.061,0.062
-9.51800e-02,-0.057,0.062
-9.51700e-02,-0.057,0.062
-9.51600e-02,-0.061,0.06
-9.51500e-02,-0.063,0.064
-9.51400e-02,-0.055,0.056
-9.51300e-02,-0.059,0.058
-9.51200e-02,-0.057,0.062
-9.51100e-02,-0.059,0.064
-9.51000e-02,-0.063,0.066
-9.50900e-02,-0.063,0.064
-9.50800e-02,-0.059,0.06
-9.50700e-02,-0.055,0.06
-9.50600e-02,-0.061,0.064
-9.50500e-02,-0.061,0.064
-9.50400e-02,-0.057,0.064
-9.50300e-02,-0.059,0.064
-9.50200e-02,-0.059,0.064
-9.50100e-02,-0.061,0.064
-9.50000e-02,-0.061,0.064
-9.49900e-02,-0.061,0.064
-9.49800e-02,-0.057,0.062
-9.49700e-02,-0.061,0.06
-9.49600e-02,-0.061,0.066
-9.49500e-02,-0.055,0.06
-9.49400e-02,-0.063,0.062
-9.49300e-02,-0.067,0.064
-9.49200e-02,-0.061,0.062
-9.49100e-02,-0.057,0.06
-9.49000e-02,-0.063,0.064
-9.48900e-02,-0.059,0.064
-9.48800e-02,-0.061,0.064
-9.48700e-02,-0.061,0.064
-9.48600e-02,-0.053,0.06
-9.48500e-02,-0.061,0.064
-9.48400e-02,-0.055,0.062
-9.48300e-02,-0.061,0.06
-9.48200e-02,-0.061,0.064
-9.48100e-02,-0.059,0.062
-9.48000e-02,-0.051,0.054
-9.47900e-02,-0.055,0.062
-9.47800e-02,-0.059,0.06
-9.47700e-02,-0.061,0.06
-9.47600e-02,-0.057,0.06
-9.47500e-02,-0.061,0.066
-9.47400e-02,-0.063,0.062
-9.47300e-02,-0.063,0.062
-9.47200e-02,-0.053,0.056
-9.47100e-02,-0.059,0.06
-9.47000e-02,-0.059,0.06
-9.46900e-02,-0.059,0.062
-9.46800e-02,-0.061,0.064
-9.46700e-02,-0.051,0.054
-9.46600e-02,-0.059,0.064
-9.46500e-02,-0.057,0.062
-9.46400e-02,-0.059,0.066
-9.46300e-02,-0.061,0.064
-9.46200e-02,-0.057,0.062
-9.46100e-02,-0.059,0.064
-9.46000e-02,-0.061,0.062
-9.45900e-02,-0.061,0.066
-9.45800e-02,-0.057,0.06
-9.45700e-02,-0.059,0.06
-9.45600e-02,-0.061,0.062
-9.45500e-02,-0.061,0.064
-9.45400e-02,-0.059,0.064
-9.45300e-02,-0.055,0.058
-9.45200e-02,-0.059,0.064
-9.45100e-02,-0.057,0.064
-9.45000e-02,-0.061,0.062
-9.44900e-02,-0.057,0.062
-9.44800e-02,-0.059,0.066
-9.44700e-02,-0.059,0.06
-9.44600e-02,-0.053,0.058
-9.44500e-02,-0.057,0.06
-9.44400e-02,-0.057,0.064
-9.44300e-02,-0.059,0.06
-9.44200e-02,-0.063,0.064
-9.44100e-02,-0.059,0.064
-9.44000e-02,-0.055,0.056
-9.43900e-02,-0.059,0.064
-9.43800e-02,-0.059,0.062
-9.43700e-02,-0.061,0.064
-9.43600e-02,-0.063,0.062
-9.43500e-02,-0.045,0.05
-9.43400e-02,-0.059,0.064
-9.43300e-02,-0.061,0.064
-9.43200e-02,-0.061,0.066
-9.43100e-02,-0.061,0.064
-9.43000e-02,-0.061,0.064
-9.42900e-02,-0.059,0.062
-9.42800e-02,-0.063,0.064
-9.42700e-02,-0.059,0.066
-9.42600e-02,-0.061,0.066
-9.42500e-02,-0.063,0.064
-9.42400e-02,-0.061,0.06
-9.42300e-02,-0.057,0.062
-9.42200e-02,-0.061,0.064
-9.42100e-02,-0.061,0.062
-9.42000e-02,-0.061,0.064
-9.41900e-02,-0.063,0.064
-9.41800e-02,-0.055,0.056
-9.41700e-02,-0.059,0.062
-9.41600e-02,-0.053,0.054
-9.41500e-02,-0.061,0.064
-9.41400e-02,-0.047,0.054
-9.41300e-02,-0.061,0.064
-9.41200e-02,-0.053,0.06
-9.41100e-02,-0.061,0.064
-9.41000e-02,-0.059,0.062
-9.40900e-02,-0.057,0.06
-9.40800e-02,-0.057,0.064
-9.40700e-02,-0.063,0.06
-9.40600e-02,-0.061,0.06
-9.40500e-02,-0.059,0.064
-9.40400e-02,-0.061,0.062
-9.40300e-02,-0.061,0.064
-9.40200e-02,-0.063,0.064
-9.40100e-02,-0.061,0.062
-9.40000e-02,-0.063,0.066
-9.39900e-02,-0.061,0.066
-9.39800e-02,-0.061,0.062
-9.39700e-02,-0.059,0.064
-9.39600e-02,-0.059,0.064
-9.39500e-02,-0.057,0.058
-9.39400e-02,-0.065,0.064
-9.39300e-02,-0.059,0.062
-9.39200e-02,-0.055,0.06
-9.39100e-02,-0.059,0.062
-9.39000e-02,-0.051,0.058
-9.38900e-02,-0.061,0.064
-9.38800e-02,-0.057,0.062
-9.38700e-02,-0.057,0.062
-9.38600e-02,-0.055,0.06
-9.38500e-02,-0.061,0.064
-9.38400e-02,-0.061,0.064
-9.38300e-02,-0.057,0.06
-9.38200e-02,-0.059,0.064
-9.38100e-02,-0.061,0.066
-9.38000e-02,-0.055,0.06
-9.37900e-02,-0.061,0.064
-9.37800e-02,-0.045,0.046
-9.37700e-02,-0.057,0.066
-9.37600e-02,-0.061,0.064
-9.37500e-02,-0.061,0.062
-9.37400e-02,-0.057,0.062
-9.37300e-02,-0.059,0.06
-9.37200e-02,-0.059,0.068
-9.37100e-02,-0.059,0.062
-9.37000e-02,-0.057,0.066
-9.36900e-02,-0.059,0.064
-9.36800e-02,-0.059,0.06
-9.36700e-02,-0.057,0.06
-9.36600e-02,-0.059,0.062
-9.36500e-02,-0.047,0.052
-9.36400e-02,-0.059,0.06
-9.36300e-02,-0.057,0.062
-9.36200e-02,-0.059,0.06
-9.36100e-02,-0.049,0.058
-9.36000e-02,-0.055,0.06
-9.35900e-02,-0.057,0.062
-9.35800e-02,-0.061,0.064
-9.35700e-02,-0.055,0.062
-9.35600e-02,-0.061,0.064
-9.35500e-02,-0.063,0.064
-9.35400e-02,-0.061,0.062
-9.35300e-02,-0.061,0.06
-9.35200e-02,-0.061,0.064
-9.35100e-02,-0.055,0.062
-9.35000e-02,-0.063,0.066
-9.34900e-02,-0.059,0.062
-9.34800e-02,-0.053,0.06
-9.34700e-02,-0.061,0.064
-9.34600e-02,-0.057,0.062
-9.34500e-02,-0.053,0.058
-9.34400e-02,-0.061,0.06
-9.34300e-02,-0.055,0.06
-9.34200e-02,-0.059,0.064
-9.34100e-02,-0.061,0.062
-9.34000e-02,-0.063,0.066
-9.33900e-02,-0.063,0.068
-9.33800e-02,-0.059,0.06
-9.33700e-02,-0.057,0.062
-9.33600e-02,-0.061,0.064
-9.33500e-02,-0.059,0.06
-9.33400e-02,-0.061,0.06
-9.33300e-02,-0.061,0.064
-9.33200e-02,-0.055,0.06
-9.33100e-02,-0.059,0.066
-9.33000e-02,-0.063,0.068
-9.32900e-02,-0.059,0.064
-9.32800e-02,-0.063,0.062
-9.32700e-02,-0.061,0.064
-9.32600e-02,-0.057,0.062
-9.32500e-02,-0.063,0.064
-9.32400e-02,-0.059,0.06
-9.32300e-02,-0.061,0.068
-9.32200e-02,-0.057,0.062
-9.32100e-02,-0.059,0.064
-9.32000e-02,-0.057,0.062
-9.31900e-02,-0.061,0.06
-9.31800e-02,-0.057,0.064
-9.31700e-02,-0.055,0.062
-9.31600e-02,-0.065,0.064
-9.31500e-02,-0.061,0.064
-9.31400e-02,-0.053,0.058
-9.31300e-02,-0.045,0.052
-9.31200e-02,-0.051,0.056
-9.31100e-02,-0.057,0.062
-9.31000e-02,-0.051,0.06
-9.30900e-02,-0.059,0.064
-9.30800e-02,-0.057,0.066
-9.30700e-02,-0.063,0.064
-9.30600e-02,-0.065,0.064
-9.30500e-02,-0.061,0.064
-9.30400e-02,-0.063,0.064
-9.30300e-02,-0.055,0.06
-9.30200e-02,-0.063,0.064
-9.30100e-02,-0.061,0.064
-9.30000e-02,-0.059,0.062
-9.29900e-02,-0.061,0.066
-9.29800e-02,-0.061,0.06
-9.29700e-02,-0.057,0.06
-9.29600e-02,-0.059,0.062
-9.29500e-02,-0.061,0.06
-9.29400e-02,-0.061,0.064
-9.29300e-02,-0.059,0.06
-9.29200e-02,-0.063,0.06
-9.29100e-02,-0.061,0.064
-9.29000e-02,-0.051,0.054
-9.28900e-02,-0.059,0.064
-9.28800e-02,-0.061,0.062
-9.28700e-02,-0.059,0.062
-9.28600e-02,-0.057,0.06
-9.28500e-02,-0.065,0.066
-9.28400e-02,-0.053,0.06
-9.28300e-02,-0.057,0.062
-9.28200e-02,-0.059,0.062
-9.28100e-02,-0.061,0.064
-9.28000e-02,-0.061,0.064
-9.27900e-02,-0.061,0.064
-9.27800e-02,-0.059,0.064
-9.27700e-02,-0.063,0.062
-9.27600e-02,-0.063,0.064
-9.27500e-02,-0.065,0.066
-9.27400e-02,-0.063,0.064
-9.27300e-02,-0.061,0.062
-9.27200e-02,-0.063,0.062
-9.27100e-02,-0.057,0.064
-9.27000e-02,-0.057,0.06
-9.26900e-02,-0.061,0.062
-9.26800e-02,-0.059,0.062
-9.26700e-02,-0.055,0.058
-9.26600e-02,-0.059,0.064
-9.26500e-02,-0.061,0.064
-9.26400e-02,-0.059,0.06
-9.26300e-02,-0.051,0.058
-9.26200e-02,-0.055,0.064
-9.26100e-02,-0.061,0.064
-9.26000e-02,-0.063,0.066
-9.25900e-02,-0.061,0.066
-9.25800e-02,-0.061,0.064
-9.25700e-02,-0.065,0.066
-9.25600e-02,-0.059,0.064
-9.25500e-02,-0.061,0.064
-9.25400e-02,-0.055,0.062
-9.25300e-02,-0.055,0.062
-9.25200e-02,-0.061,0.062
-9.25100e-02,-0.055,0.06
-9.25000e-02,-0.053,0.06
-9.24900e-02,-0.057,0.06
-9.24800e-02,-0.053,0.058
-9.24700e-02,-0.057,0.06
-9.24600e-02,-0.059,0.062
-9.24500e-02,-0.057,0.064
-9.24400e-02,-0.059,0.062
-9.24300e-02,-0.061,0.062
-9.24200e-02,-0.061,0.068
-9.24100e-02,-0.061,0.066
-9.24000e-02,-0.061,0.064
-9.23900e-02,-0.061,0.064
-9.23800e-02,-0.059,0.066
-9.23700e-02,-0.059,0.064
-9.23600e-02,-0.057,0.062
-9.23500e-02,-0.055,0.06
-9.23400e-02,-0.061,0.06
-9.23300e-02,-0.057,0.06
-9.23200e-02,-0.061,0.062
-9.23100e-02,-0.061,0.06
-9.23000e-02,-0.051,0.054
-9.22900e-02,-0.063,0.064
-9.22800e-02,-0.059,0.058
-9.22700e-02,-0.059,0.064
-9.22600e-02,-0.057,0.06
-9.22500e-02,-0.059,0.066
-9.22400e-02,-0.065,0.068
-9.22300e-02,-0.055,0.06
-9.22200e-02,-0.059,0.064
-9.22100e-02,-0.059,0.062
-9.22000e-02,-0.059,0.064
-9.21900e-02,-0.061,0.064
-9.21800e-02,-0.063,0.064
-9.21700e-02,-0.059,0.062
-9.21600e-02,-0.063,0.064
-9.21500e-02,-0.065,0.064
-9.21400e-02,-0.063,0.064
-9.21300e-02,-0.057,0.064
-9.21200e-02,-0.057,0.062
-9.21100e-02,-0.063,0.062
-9.21000e-02,-0.063,0.062
-9.20900e-02,-0.057,0.062
-9.20800e-02,-0.057,0.058
-9.20700e-02,-0.061,0.062
-9.20600e-02,-0.061,0.064
-9.20500e-02,-0.059,0.062
-9.20400e-02,-0.059,0.066
-9.20300e-02,-0.061,0.066
-9.20200e-02,-0.063,0.064
-9.20100e-02,-0.059,0.06
-9.20000e-02,-0.057,0.06
-9.19900e-02,-0.059,0.064
-9.19800e-02,-0.061,0.062
-9.19700e-02,-0.053,0.062
-9.19600e-02,-0.061,0.066
-9.19500e-02,-0.055,0.058
-9.19400e-02,-0.061,0.066
-9.19300e-02,-0.055,0.06
-9.19200e-02,-0.063,0.064
-9.19100e-02,-0.061,0.06
-9.19000e-02,-0.061,0.064
-9.18900e-02,-0.061,0.062
-9.18800e-02,-0.059,0.062
-9.18700e-02,-0.059,0.062
-9.18600e-02,-0.057,0.06
-9.18500e-02,-0.059,0.062
-9.18400e-02,-0.061,0.068
-9.18300e-02,-0.061,0.062
-9.18200e-02,-0.063,0.064
-9.18100e-02,-0.061,0.066
-9.18000e-02,-0.057,0.06
-9.17900e-02,-0.061,0.066
-9.17800e-02,-0.067,0.064
-9.17700e-02,-0.059,0.062
-9.17600e-02,-0.061,0.064
-9.17500e-02,-0.059,0.062
-9.17400e-02,-0.061,0.064
-9.17300e-02,-0.061,0.062
-9.17200e-02,-0.061,0.064
-9.17100e-02,-0.055,0.06
-9.17000e-02,-0.061,0.066
-9.16900e-02,-0.061,0.066
-9.16800e-02,-0.059,0.064
-9.16700e-02,-0.059,0.064
-9.16600e-02,-0.061,0.062
-9.16500e-02,-0.059,0.062
-9.16400e-02,-0.059,0.062
-9.16300e-02,-0.061,0.066
-9.16200e-02,-0.063,0.06
-9.16100e-02,-0.057,0.062
-9.16000e-02,-0.059,0.066
-9.15900e-02,-0.059,0.062
-9.15800e-02,-0.061,0.062
-9.15700e-02,-0.061,0.062
-9.15600e-02,-0.057,0.064
-9.15500e-02,-0.057,0.062
-9.15400e-02,-0.053,0.058
-9.15300e-02,-0.063,0.062
-9.15200e-02,-0.049,0.054
-9.15100e-02,-0.057,0.062
-9.15000e-02,-0.049,0.056
-9.14900e-02,-0.065,0.064
-9.14800e-02,-0.057,0.064
-9.14700e-02,-0.059,0.062
-9.14600e-02,-0.059,0.058
-9.14500e-02,-0.059,0.062
-9.14400e-02,-0.055,0.062
-9.14300e-02,-0.057,0.062
-9.14200e-02,-0.061,0.064
-9.14100e-02,-0.053,0.06
-9.14000e-02,-0.041,0.048
-9.13900e-02,-0.051,0.056
-9.13800e-02,-0.061,0.064
-9.13700e-02,-0.061,0.064
-9.13600e-02,-0.063,0.066
-9.13500e-02,-0.059,0.062
-9.13400e-02,-0.055,0.064
-9.13300e-02,-0.061,0.066
-9.13200e-02,-0.059,0.06
-9.13100e-02,-0.059,0.06
-9.13000e-02,-0.061,0.062
-9.12900e-02,-0.059,0.056
-9.12800e-02,-0.061,0.064
-9.12700e-02,-0.059,0.064
-9.12600e-02,-0.057,0.062
-9.12500e-02,-0.059,0.062
-9.12400e-02,-0.057,0.06
-9.12300e-02,-0.055,0.064
-9.12200e-02,-0.061,0.064
-9.12100e-02,-0.061,0.066
-9.12000e-02,-0.059,0.066
-9.11900e-02,-0.061,0.064
-9.11800e-02,-0.067,0.064
-9.11700e-02,-0.059,0.064
-9.11600e-02,-0.065,0.066
-9.11500e-02,-0.053,0.06
-9.11400e-02,-0.061,0.068
-9.11300e-02,-0.059,0.064
-9.11200e-02,-0.061,0.064
-9.11100e-02,-0.065,0.066
-9.11000e-02,-0.059,0.066
-9.10900e-02,-0.061,0.064
-9.10800e-02,-0.057,0.064
-9.10700e-02,-0.059,0.066
-9.10600e-02,-0.059,0.064
-9.10500e-02,-0.065,0.064
-9.10400e-02,-0.063,0.06
-9.10300e-02,-0.061,0.064
-9.10200e-02,-0.057,0.062
-9.10100e-02,-0.063,0.062
-9.10000e-02,-0.059,0.066
-9.09900e-02,-0.061,0.066
-9.09800e-02,-0.055,0.06
-9.09700e-02,-0.059,0.062
-9.09600e-02,-0.057,0.06
-9.09500e-02,-0.061,0.064
-9.09400e-02,-0.059,0.06
-9.09300e-02,-0.057,0.064
-9.09200e-02,-0.059,0.06
-9.09100e-02,-0.059,0.064
-9.09000e-02,-0.061,0.062
-9.08900e-02,-0.059,0.064
-9.08800e-02,-0.061,0.064
-9.08700e-02,-0.057,0.062
-9.08600e-02,-0.059,0.062
-9.08500e-02,-0.059,0.06
-9.08400e-02,-0.059,0.064
-9.08300e-02,-0.059,0.064
-9.08200e-02,-0.059,0.062
-9.08100e-02,-0.059,0.062
-9.08000e-02,-0.061,0.064
-9.07900e-02,-0.057,0.064
-9.07800e-02,-0.063,0.064
-9.07700e-02,-0.059,0.066
-9.07600e-02,-0.061,0.064
-9.07500e-02,-0.059,0.06
-9.07400e-02,-0.057,0.06
-9.07300e-02,-0.059,0.064
-9.07200e-02,-0.059,0.064
-9.07100e-02,-0.061,0.064
-9.07000e-02,-0.063,0.064
-9.06900e-02,-0.063,0.062
-9.06800e-02,-0.059,0.064
-9.06700e-02,-0.059,0.064
-9.06600e-02,-0.059,0.062
-9.06500e-02,-0.063,0.064
-9.06400e-02,-0.061,0.064
-9.06300e-02,-0.059,0.066
-9.06200e-02,-0.055,0.06
-9.06100e-02,-0.059,0.064
-9.06000e-02,-0.057,0.062
-9.05900e-02,-0.063,0.066
-9.05800e-02,-0.059,0.064
-9.05700e-02,-0.063,0.06
-9.05600e-02,-0.057,0.064
-9.05500e-02,-0.061,0.066
-9.05400e-02,-0.061,0.062
-9.05300e-02,-0.063,0.062
-9.05200e-02,-0.063,0.064
-9.05100e-02,-0.059,0.06
-9.05000e-02,-0.059,0.068
-9.04900e-02,-0.049,0.056
-9.04800e-02,-0.059,0.062
-9.04700e-02,-0.063,0.062
-9.04600e-02,-0.059,0.064
-9.04500e-02,-0.059,0.064
-9.04400e-02,-0.057,0.06
-9.04300e-02,-0.057,0.06
-9.04200e-02,-0.059,0.064
-9.04100e-02,-0.061,0.064
-9.04000e-02,-0.057,0.06
-9.03900e-02,-0.059,0.062
-9.03800e-02,-0.057,0.06
-9.03700e-02,-0.057,0.064
-9.03600e-02,-0.055,0.06
-9.03500e-02,-0.057,0.062
-9.03400e-02,-0.059,0.062
-9.03300e-02,-0.065,0.064
-9.03200e-02,-0.061,0.064
-9.03100e-02,-0.061,0.066
-9.03000e-02,-0.065,0.064
-9.02900e-02,-0.059,0.064
-9.02800e-02,-0.059,0.062
-9.02700e-02,-0.059,0.062
-9.02600e-02,-0.063,0.06
-9.02500e-02,-0.059,0.06
-9.02400e-02,-0.061,0.064
-9.02300e-02,-0.051,0.06
-9.02200e-02,-0.063,0.06
-9.02100e-02,-0.059,0.06
-9.02000e-02,-0.057,0.062
-9.01900e-02,-0.059,0.064
-9.01800e-02,-0.061,0.066
-9.01700e-02,-0.061,0.064
-9.01600e-02,-0.063,0.064
-9.01500e-02,-0.063,0.062
-9.01400e-02,-0.057,0.062
-9.01300e-02,-0.057,0.062
-9.01200e-02,-0.061,0.064
-9.01100e-02,-0.059,0.062
-9.01000e-02,-0.057,0.058
-9.00900e-02,-0.059,0.06
-9.00800e-02,-0.059,0.062
-9.00700e-02,-0.057,0.06
-9.00600e-02,-0.059,0.06
-9.00500e-02,-0.055,0.062
-9.00400e-02,-0.061,0.06
-9.00300e-02,-0.059,0.064
-9.00200e-02,-0.061,0.064
-9.00100e-02,-0.059,0.06
-9.00000e-02,-0.059,0.062
-8.99900e-02,-0.051,0.056
-8.99800e-02,-0.055,0.06
-8.99700e-02,-0.063,0.07
-8.99600e-02,-0.057,0.06
-8.99500e-02,-0.057,0.06
-8.99400e-02,-0.055,0.06
-8.99300e-02,-0.059,0.062
-8.99200e-02,-0.059,0.062
-8.99100e-02,-0.061,0.066
-8.99000e-02,-0.061,0.064
-8.98900e-02,-0.057,0.064
-8.98800e-02,-0.065,0.062
-8.98700e-02,-0.063,0.064
-8.98600e-02,-0.063,0.062
-8.98500e-02,-0.063,0.064
-8.98400e-02,-0.055,0.06
-8.98300e-02,-0.051,0.062
-8.98200e-02,-0.057,0.06
-8.98100e-02,-0.059,0.064
-8.98000e-02,-0.057,0.062
-8.97900e-02,-0.055,0.062
-8.97800e-02,-0.059,0.062
-8.97700e-02,-0.063,0.064
-8.97600e-02,-0.059,0.062
-8.97500e-02,-0.061,0.06
-8.97400e-02,-0.061,0.06
-8.97300e-02,-0.055,0.062
-8.97200e-02,-0.059,0.06
-8.97100e-02,-0.057,0.062
-8.97000e-02,-0.061,0.064
-8.96900e-02,-0.057,0.064
-8.96800e-02,-0.057,0.06
-8.96700e-02,-0.063,0.062
-8.96600e-02,-0.059,0.06
-8.96500e-02,-0.059,0.064
-8.96400e-02,-0.061,0.06
-8.96300e-02,-0.051,0.056
-8.96200e-02,-0.059,0.064
-8.96100e-02,-0.061,0.062
-8.96000e-02,-0.059,0.066
-8.95900e-02,-0.063,0.064
-8.95800e-02,-0.059,0.06
-8.95700e-02,-0.057,0.06
-8.95600e-02,-0.061,0.062
-8.95500e-02,-0.059,0.064
-8.95400e-02,-0.055,0.06
-8.95300e-02,-0.059,0.066
-8.95200e-02,-0.059,0.064
-8.95100e-02,-0.061,0.064
-8.95000e-02,-0.061,0.064
-8.94900e-02,-0.057,0.06
-8.94800e-02,-0.059,0.062
-8.94700e-02,-0.057,0.066
-8.94600e-02,-0.059,0.06
-8.94500e-02,-0.049,0.056
-8.94400e-02,-0.061,0.062
-8.94300e-02,-0.061,0.06
-8.94200e-02,-0.061,0.064
-8.94100e-02,-0.055,0.06
-8.94000e-02,-0.051,0.058
-8.93900e-02,-0.049,0.058
-8.93800e-02,-0.057,0.066
-8.93700e-02,-0.059,0.06
-8.93600e-02,-0.061,0.062
-8.93500e-02,-0.055,0.06
-8.93400e-02,-0.057,0.06
-8.93300e-02,-0.053,0.06
-8.93200e-02,-0.061,0.062
-8.93100e-02,-0.061,0.064
-8.93000e-02,-0.063,0.064
-8.92900e-02,-0.051,0.058
-8.92800e-02,-0.051,0.054
-8.92700e-02,-0.061,0.06
-8.92600e-02,-0.055,0.058
-8.92500e-02,-0.061,0.062
-8.92400e-02,-0.059,0.06
-8.92300e-02,-0.059,0.064
-8.92200e-02,-0.059,0.064
-8.92100e-02,-0.059,0.06
-8.92000e-02,-0.061,0.064
-8.91900e-02,-0.061,0.062
-8.91800e-02,-0.061,0.064
-8.91700e-02,-0.057,0.066
-8.91600e-02,-0.059,0.062
-8.91500e-02,-0.059,0.062
-8.91400e-02,-0.061,0.064
-8.91300e-02,-0.059,0.064
-8.91200e-02,-0.059,0.062
-8.91100e-02,-0.061,0.06
-8.91000e-02,-0.059,0.062
-8.90900e-02,-0.061,0.062
-8.90800e-02,-0.063,0.064
-8.90700e-02,-0.059,0.064
-8.90600e-02,-0.055,0.06
-8.90500e-02,-0.061,0.06
-8.90400e-02,-0.055,0.054
-8.90300e-02,-0.061,0.064
-8.90200e-02,-0.059,0.064
-8.90100e-02,-0.059,0.062
-8.90000e-02,-0.061,0.064
-8.89900e-02,-0.059,0.06
-8.89800e-02,-0.063,0.06
-8.89700e-02,-0.061,0.066
-8.89600e-02,-0.055,0.062
-8.89500e-02,-0.055,0.058
-8.89400e-02,-0.051,0.056
-8.89300e-02,-0.061,0.06
-8.89200e-02,-0.059,0.066
-8.89100e-02,-0.061,0.066
-8.89000e-02,-0.059,0.062
-8.88900e-02,-0.061,0.064
-8.88800e-02,-0.057,0.06
-8.88700e-02,-0.057,0.062
-8.88600e-02,-0.059,0.06
-8.88500e-02,-0.047,0.05
-8.88400e-02,-0.043,0.052
-8.88300e-02,-0.053,0.058
-8.88200e-02,-0.059,0.062
-8.88100e-02,-0.055,0.058
-8.88000e-02,-0.059,0.06
-8.87900e-02,-0.057,0.06
-8.87800e-02,-0.059,0.062
-8.87700e-02,-0.053,0.06
-8.87600e-02,-0.059,0.066
-8.87500e-02,-0.051,0.056
-8.87400e-02,-0.063,0.062
-8.87300e-02,-0.061,0.064
-8.87200e-02,-0.057,0.06
-8.87100e-02,-0.061,0.062
-8.87000e-02,-0.063,0.064
-8.86900e-02,-0.063,0.062
-8.86800e-02,-0.059,0.064
-8.86700e-02,-0.061,0.066
-8.86600e-02,-0.057,0.064
-8.86500e-02,-0.059,0.066
-8.86400e-02,-0.061,0.06
-8.86300e-02,-0.059,0.064
-8.86200e-02,-0.061,0.066
-8.86100e-02,-0.065,0.064
-8.86000e-02,-0.061,0.066
-8.85900e-02,-0.061,0.062
-8.85800e-02,-0.061,0.064
-8.85700e-02,-0.059,0.064
-8.85600e-02,-0.059,0.06
-8.85500e-02,-0.059,0.064
-8.85400e-02,-0.057,0.06
-8.85300e-02,-0.063,0.064
-8.85200e-02,-0.057,0.062
-8.85100e-02,-0.053,0.06
-8.85000e-02,-0.049,0.054
-8.84900e-02,-0.057,0.062
-8.84800e-02,-0.061,0.06
-8.84700e-02,-0.055,0.06
-8.84600e-02,-0.059,0.062
-8.84500e-02,-0.063,0.064
-8.84400e-02,-0.051,0.058
-8.84300e-02,-0.059,0.064
-8.84200e-02,-0.061,0.064
-8.84100e-02,-0.063,0.064
-8.84000e-02,-0.059,0.062
-8.83900e-02,-0.059,0.06
-8.83800e-02,-0.063,0.066
-8.83700e-02,-0.061,0.068
-8.83600e-02,-0.061,0.062
-8.83500e-02,-0.063,0.064
-8.83400e-02,-0.059,0.06
-8.83300e-02,-0.057,0.064
-8.83200e-02,-0.061,0.062
-8.83100e-02,-0.063,0.062
-8.83000e-02,-0.055,0.058
-8.82900e-02,-0.065,0.064
-8.82800e-02,-0.063,0.064
-8.82700e-02,-0.059,0.064
-8.82600e-02,-0.061,0.064
-8.82500e-02,-0.059,0.064
-8.82400e-02,-0.063,0.064
-8.82300e-02,-0.063,0.064
-8.82200e-02,-0.055,0.056
-8.82100e-02,-0.059,0.066
-8.82000e-02,-0.057,0.062
-8.81900e-02,-0.055,0.06
-8.81800e-02,-0.061,0.064
-8.81700e-02,-0.053,0.058
-8.81600e-02,-0.059,0.064
-8.81500e-02,-0.063,0.06
-8.81400e-02,-0.063,0.064
-8.81300e-02,-0.059,0.066
-8.81200e-02,-0.055,0.062
-8.81100e-02,-0.057,0.062
-8.81000e-02,-0.061,0.06
-8.80900e-02,-0.059,0.06
-8.80800e-02,-0.059,0.064
-8.80700e-02,-0.061,0.064
-8.80600e-02,-0.055,0.058
-8.80500e-02,-0.059,0.06
-8.80400e-02,-0.055,0.066
-8.80300e-02,-0.061,0.062
-8.80200e-02,-0.055,0.06
-8.80100e-02,-0.061,0.066
-8.80000e-02,-0.063,0.062
-8.79900e-02,-0.061,0.064
-8.79800e-02,-0.059,0.06
-8.79700e-02,-0.061,0.062
-8.79600e-02,-0.059,0.06
-8.79500e-02,-0.057,0.06
-8.79400e-02,-0.045,0.05
-8.79300e-02,-0.057,0.06
-8.79200e-02,-0.055,0.06
-8.79100e-02,-0.047,0.054
-8.79000e-02,-0.045,0.054
-8.78900e-02,-0.049,0.052
-8.78800e-02,-0.045,0.044
-8.78700e-02,-0.055,0.06
-8.78600e-02,-0.061,0.064
-8.78500e-02,-0.061,0.062
-8.78400e-02,-0.055,0.058
-8.78300e-02,-0.057,0.06
-8.78200e-02,-0.057,0.06
-8.78100e-02,-0.055,0.06
-8.78000e-02,-0.049,0.056
-8.77900e-02,-0.057,0.06
-8.77800e-02,-0.061,0.062
-8.77700e-02,-0.061,0.064
-8.77600e-02,-0.061,0.064
-8.77500e-02,-0.047,0.054
-8.77400e-02,-0.055,0.056
-8.77300e-02,-0.055,0.06
-8.77200e-02,-0.061,0.064
-8.77100e-02,-0.057,0.06
-8.77000e-02,-0.051,0.058
-8.76900e-02,-0.061,0.064
-8.76800e-02,-0.061,0.066
-8.76700e-02,-0.061,0.066
-8.76600e-02,-0.061,0.06
-8.76500e-02,-0.059,0.062
-8.76400e-02,-0.059,0.066
-8.76300e-02,-0.063,0.066
-8.76200e-02,-0.059,0.062
-8.76100e-02,-0.055,0.06
-8.76000e-02,-0.063,0.064
-8.75900e-02,-0.063,0.06
-8.75800e-02,-0.051,0.056
-8.75700e-02,-0.045,0.052
-8.75600e-02,-0.039,0.048
-8.75500e-02,-0.055,0.06
-8.75400e-02,-0.049,0.052
-8.75300e-02,-0.063,0.068
-8.75200e-02,-0.051,0.058
-8.75100e-02,-0.055,0.06
-8.75000e-02,-0.049,0.052
-8.74900e-02,-0.061,0.062
-8.74800e-02,-0.061,0.062
-8.74700e-02,-0.059,0.064
-8.74600e-02,-0.061,0.06
-8.74500e-02,-0.055,0.06
-8.74400e-02,-0.057,0.062
-8.74300e-02,-0.057,0.062
-8.74200e-02,-0.059,0.06
-8.74100e-02,-0.055,0.06
-8.74000e-02,-0.053,0.058
-8.73900e-02,-0.047,0.052
-8.73800e-02,-0.055,0.062
-8.73700e-02,-0.043,0.048
-8.73600e-02,-0.055,0.056
-8.73500e-02,-0.049,0.052
-8.73400e-02,-0.059,0.062
-8.73300e-02,-0.055,0.058
-8.73200e-02,-0.061,0.062
-8.73100e-02,-0.055,0.056
-8.73000e-02,-0.057,0.064
-8.72900e-02,-0.061,0.064
-8.72800e-02,-0.059,0.06
-8.72700e-02,-0.061,0.062
-8.72600e-02,-0.061,0.062
-8.72500e-02,-0.063,0.064
-8.72400e-02,-0.057,0.068
-8.72300e-02,-0.055,0.06
-8.72200e-02,-0.057,0.062
-8.72100e-02,-0.057,0.064
-8.72000e-02,-0.063,0.068
-8.71900e-02,-0.065,0.062
-8.71800e-02,-0.057,0.062
-8.71700e-02,-0.061,0.064
-8.71600e-02,-0.057,0.06
-8.71500e-02,-0.061,0.068
-8.71400e-02,-0.059,0.06
-8.71300e-02,-0.059,0.062
-8.71200e-02,-0.055,0.062
-8.71100e-02,-0.059,0.062
-8.71000e-02,-0.061,0.064
-8.70900e-02,-0.055,0.056
-8.70800e-02,-0.057,0.064
-8.70700e-02,-0.061,0.066
-8.70600e-02,-0.061,0.062
-8.70500e-02,-0.059,0.064
-8.70400e-02,-0.059,0.06
-8.70300e-02,-0.057,0.06
-8.70200e-02,-0.053,0.06
-8.70100e-02,-0.063,0.066
-8.70000e-02,-0.059,0.062
-8.69900e-02,-0.057,0.06
-8.69800e-02,-0.055,0.058
-8.69700e-02,-0.047,0.048
-8.69600e-02,-0.047,0.05
-8.69500e-02,-0.039,0.042
-8.69400e-02,-0.057,0.06
-8.69300e-02,-0.059,0.064
-8.69200e-02,-0.057,0.064
-8.69100e-02,-0.057,0.062
-8.69000e-02,-0.059,0.064
-8.68900e-02,-0.059,0.062
-8.68800e-02,-0.049,0.058
-8.68700e-02,-0.061,0.064
-8.68600e-02,-0.063,0.064
-8.68500e-02,-0.061,0.064
-8.68400e-02,-0.059,0.066
-8.68300e-02,-0.061,0.06
-8.68200e-02,-0.059,0.064
-8.68100e-02,-0.061,0.064
-8.68000e-02,-0.053,0.058
-8.67900e-02,-0.061,0.06
-8.67800e-02,-0.061,0.06
-8.67700e-02,-0.057,0.062
-8.67600e-02,-0.059,0.058
-8.67500e-02,-0.053,0.056
-8.67400e-02,-0.055,0.06
-8.67300e-02,-0.055,0.056
-8.67200e-02,-0.043,0.05
-8.67100e-02,-0.057,0.066
-8.67000e-02,-0.057,0.062
-8.66900e-02,-0.057,0.064
-8.66800e-02,-0.057,0.064
-8.66700e-02,-0.061,0.064
-8.66600e-02,-0.057,0.06
-8.66500e-02,-0.037,0.042
-8.66400e-02,-0.051,0.058
-8.66300e-02,-0.045,0.05
-8.66200e-02,-0.057,0.062
-8.66100e-02,-0.059,0.06
-8.66000e-02,-0.061,0.06
-8.65900e-02,-0.057,0.064
-8.65800e-02,-0.057,0.064
-8.65700e-02,-0.061,0.064
-8.65600e-02,-0.059,0.062
-8.65500e-02,-0.059,0.064
-8.65400e-02,-0.055,0.054
-8.65300e-02,-0.065,0.06
-8.65200e-02,-0.059,0.066
-8.65100e-02,-0.061,0.064
-8.65000e-02,-0.049,0.056
-8.64900e-02,-0.065,0.06
-8.64800e-02,-0.061,0.064
-8.64700e-02,-0.059,0.062
-8.64600e-02,-0.061,0.064
-8.64500e-02,-0.059,0.062
-8.64400e-02,-0.059,0.064
-8.64300e-02,-0.059,0.064
-8.64200e-02,-0.061,0.062
-8.64100e-02,-0.061,0.068
-8.64000e-02,-0.061,0.062
-8.63900e-02,-0.061,0.064
-8.63800e-02,-0.057,0.066
-8.63700e-02,-0.055,0.062
-8.63600e-02,-0.053,0.06
-8.63500e-02,-0.059,0.06
-8.63400e-02,-0.059,0.064
-8.63300e-02,-0.061,0.06
-8.63200e-02,-0.059,0.064
-8.63100e-02,-0.059,0.064
-8.63000e-02,-0.059,0.062
-8.62900e-02,-0.063,0.064
-8.62800e-02,-0.061,0.068
-8.62700e-02,-0.057,0.064
-8.62600e-02,-0.057,0.062
-8.62500e-02,-0.057,0.064
-8.62400e-02,-0.061,0.066
-8.62300e-02,-0.061,0.066
-8.62200e-02,-0.061,0.064
-8.62100e-02,-0.061,0.062
-8.62000e-02,-0.061,0.064
-8.61900e-02,-0.063,0.062
-8.61800e-02,-0.059,0.062
-8.61700e-02,-0.061,0.064
-8.61600e-02,-0.063,0.064
-8.61500e-02,-0.061,0.066
-8.61400e-02,-0.059,0.062
-8.61300e-02,-0.057,0.058
-8.61200e-02,-0.059,0.06
-8.61100e-02,-0.059,0.062
-8.61000e-02,-0.061,0.064
-8.60900e-02,-0.059,0.066
-8.60800e-02,-0.061,0.064
-8.60700e-02,-0.059,0.062
-8.60600e-02,-0.059,0.062
-8.60500e-02,-0.057,0.06
-8.60400e-02,-0.059,0.062
-8.60300e-02,-0.061,0.064
-8.60200e-02,-0.061,0.064
-8.60100e-02,-0.059,0.062
-8.60000e-02,-0.055,0.064
-8.59900e-02,-0.059,0.064
-8.59800e-02,-0.063,0.064
-8.59700e-02,-0.061,0.062
-8.59600e-02,-0.063,0.062
-8.59500e-02,-0.061,0.064
-8.59400e-02,-0.061,0.062
-8.59300e-02,-0.059,0.064
-8.59200e-02,-0.061,0.068
-8.59100e-02,-0.061,0.062
-8.59000e-02,-0.061,0.06
-8.58900e-02,-0.059,0.062
-8.58800e-02,-0.063,0.06
-8.58700e-02,-0.059,0.062
-8.58600e-02,-0.061,0.064
-8.58500e-02,-0.063,0.064
-8.58400e-02,-0.057,0.06
-8.58300e-02,-0.057,0.06
-8.58200e-02,-0.059,0.06
-8.58100e-02,-0.061,0.062
-8.58000e-02,-0.057,0.064
-8.57900e-02,-0.061,0.064
-8.57800e-02,-0.057,0.064
-8.57700e-02,-0.059,0.066
-8.57600e-02,-0.063,0.064
-8.57500e-02,-0.059,0.062
-8.57400e-02,-0.059,0.058
-8.57300e-02,-0.059,0.062
-8.57200e-02,-0.057,0.064
-8.57100e-02,-0.055,0.06
-8.57000e-02,-0.061,0.06
-8.56900e-02,-0.059,0.062
-8.56800e-02,-0.059,0.06
-8.56700e-02,-0.061,0.062
-8.56600e-02,-0.059,0.062
-8.56500e-02,-0.061,0.064
-8.56400e-02,-0.061,0.064
-8.56300e-02,-0.063,0.066
-8.56200e-02,-0.059,0.064
-8.56100e-02,-0.061,0.064
-8.56000e-02,-0.053,0.06
-8.55900e-02,-0.059,0.066
-8.55800e-02,-0.057,0.064
-8.55700e-02,-0.063,0.066
-8.55600e-02,-0.063,0.062
-8.55500e-02,-0.059,0.06
-8.55400e-02,-0.057,0.06
-8.55300e-02,-0.061,0.062
-8.55200e-02,-0.059,0.062
-8.55100e-02,-0.059,0.062
-8.55000e-02,-0.061,0.064
-8.54900e-02,-0.051,0.056
-8.54800e-02,-0.057,0.062
-8.54700e-02,-0.061,0.062
-8.54600e-02,-0.055,0.06
-8.54500e-02,-0.061,0.064
-8.54400e-02,-0.051,0.058
-8.54300e-02,-0.061,0.064
-8.54200e-02,-0.061,0.062
-8.54100e-02,-0.057,0.062
-8.54000e-02,-0.059,0.062
-8.53900e-02,-0.057,0.064
-8.53800e-02,-0.059,0.062
-8.53700e-02,-0.057,0.062
-8.53600e-02,-0.055,0.06
-8.53500e-02,-0.047,0.05
-8.53400e-02,-0.055,0.06
-8.53300e-02,-0.055,0.058
-8.53200e-02,-0.061,0.06
-8.53100e-02,-0.065,0.062
-8.53000e-02,-0.061,0.064
-8.52900e-02,-0.057,0.062
-8.52800e-02,-0.059,0.064
-8.52700e-02,-0.053,0.06
-8.52600e-02,-0.059,0.06
-8.52500e-02,-0.057,0.056
-8.52400e-02,-0.057,0.064
-8.52300e-02,-0.059,0.062
-8.52200e-02,-0.059,0.062
-8.52100e-02,-0.051,0.058
-8.52000e-02,-0.061,0.066
-8.51900e-02,-0.057,0.062
-8.51800e-02,-0.061,0.064
-8.51700e-02,-0.057,0.062
-8.51600e-02,-0.059,0.062
-8.51500e-02,-0.061,0.064
-8.51400e-02,-0.057,0.06
-8.51300e-02,-0.059,0.064
-8.51200e-02,-0.059,0.06
-8.51100e-02,-0.051,0.054
-8.51000e-02,-0.057,0.064
-8.50900e-02,-0.059,0.062
-8.50800e-02,-0.065,0.064
-8.50700e-02,-0.063,0.062
-8.50600e-02,-0.061,0.06
-8.50500e-02,-0.059,0.06
-8.50400e-02,-0.055,0.06
-8.50300e-02,-0.057,0.058
-8.50200e-02,-0.055,0.06
-8.50100e-02,-0.059,0.062
-8.50000e-02,-0.057,0.064
-8.49900e-02,-0.059,0.064
-8.49800e-02,-0.055,0.06
-8.49700e-02,-0.057,0.062
-8.49600e-02,-0.063,0.064
-8.49500e-02,-0.061,0.064
-8.49400e-02,-0.059,0.064
-8.49300e-02,-0.051,0.056
-8.49200e-02,-0.061,0.062
-8.49100e-02,-0.059,0.064
-8.49000e-02,-0.055,0.06
-8.48900e-02,-0.061,0.06
-8.48800e-02,-0.059,0.064
-8.48700e-02,-0.059,0.06
-8.48600e-02,-0.059,0.06
-8.48500e-02,-0.063,0.062
-8.48400e-02,-0.061,0.06
-8.48300e-02,-0.059,0.062
-8.48200e-02,-0.061,0.06
-8.48100e-02,-0.055,0.062
-8.48000e-02,-0.053,0.06
-8.47900e-02,-0.051,0.056
-8.47800e-02,-0.061,0.062
-8.47700e-02,-0.047,0.052
-8.47600e-02,-0.059,0.062
-8.47500e-02,-0.059,0.066
-8.47400e-02,-0.061,0.06
-8.47300e-02,-0.059,0.06
-8.47200e-02,-0.053,0.058
-8.47100e-02,-0.057,0.06
-8.47000e-02,-0.041,0.044
-8.46900e-02,-0.047,0.054
-8.46800e-02,-0.049,0.054
-8.46700e-02,-0.045,0.052
-8.46600e-02,-0.045,0.048
-8.46500e-02,-0.063,0.064
-8.46400e-02,-0.061,0.062
-8.46300e-02,-0.049,0.056
-8.46200e-02,-0.061,0.062
-8.46100e-02,-0.059,0.064
-8.46000e-02,-0.063,0.064
-8.45900e-02,-0.055,0.06
-8.45800e-02,-0.061,0.06
-8.45700e-02,-0.063,0.064
-8.45600e-02,-0.061,0.062
-8.45500e-02,-0.061,0.062
-8.45400e-02,-0.061,0.064
-8.45300e-02,-0.059,0.062
-8.45200e-02,-0.059,0.064
-8.45100e-02,-0.059,0.062
-8.45000e-02,-0.061,0.064
-8.44900e-02,-0.059,0.06
-8.44800e-02,-0.057,0.064
-8.44700e-02,-0.063,0.066
-8.44600e-02,-0.061,0.064
-8.44500e-02,-0.063,0.066
-8.44400e-02,-0.061,0.06
-8.44300e-02,-0.059,0.064
-8.44200e-02,-0.061,0.064
-8.44100e-02,-0.061,0.062
-8.44000e-02,-0.063,0.062
-8.43900e-02,-0.061,0.066
-8.43800e-02,-0.055,0.06
-8.43700e-02,-0.059,0.06
-8.43600e-02,-0.059,0.062
-8.43500e-02,-0.065,0.064
-8.43400e-02,-0.059,0.066
-8.43300e-02,-0.065,0.064
-8.43200e-02,-0.061,0.064
-8.43100e-02,-0.059,0.06
-8.43000e-02,-0.061,0.064
-8.42900e-02,-0.057,0.062
-8.42800e-02,-0.061,0.064
-8.42700e-02,-0.051,0.062
-8.42600e-02,-0.061,0.06
-8.42500e-02,-0.059,0.062
-8.42400e-02,-0.057,0.056
-8.42300e-02,-0.057,0.066
-8.42200e-02,-0.057,0.06
-8.42100e-02,-0.059,0.06
-8.42000e-02,-0.057,0.06
-8.41900e-02,-0.061,0.064
-8.41800e-02,-0.061,0.064
-8.41700e-02,-0.063,0.062
-8.41600e-02,-0.059,0.06
-8.41500e-02,-0.059,0.062
-8.41400e-02,-0.059,0.062
-8.41300e-02,-0.051,0.058
-8.41200e-02,-0.059,0.062
-8.41100e-02,-0.055,0.06
-8.41000e-02,-0.061,0.064
-8.40900e-02,-0.061,0.062
-8.40800e-02,-0.061,0.064
-8.40700e-02,-0.049,0.056
-8.40600e-02,-0.055,0.058
-8.40500e-02,-0.047,0.05
-8.40400e-02,-0.043,0.048
-8.40300e-02,-0.041,0.044
-8.40200e-02,-0.049,0.054
-8.40100e-02,-0.047,0.054
-8.40000e-02,-0.059,0.062
-8.39900e-02,-0.057,0.062
-8.39800e-02,-0.059,0.062
-8.39700e-02,-0.059,0.064
-8.39600e-02,-0.051,0.056
-8.39500e-02,-0.061,0.06
-8.39400e-02,-0.059,0.062
-8.39300e-02,-0.063,0.066
-8.39200e-02,-0.057,0.064
-8.39100e-02,-0.061,0.06
-8.39000e-02,-0.055,0.06
-8.38900e-02,-0.061,0.066
-8.38800e-02,-0.065,0.064
-8.38700e-02,-0.055,0.06
-8.38600e-02,-0.059,0.062
-8.38500e-02,-0.057,0.058
-8.38400e-02,-0.061,0.064
-8.38300e-02,-0.055,0.058
-8.38200e-02,-0.061,0.062
-8.38100e-02,-0.059,0.062
-8.38000e-02,-0.061,0.062
-8.37900e-02,-0.057,0.062
-8.37800e-02,-0.063,0.062
-8.37700e-02,-0.059,0.06
-8.37600e-02,-0.063,0.062
-8.37500e-02,-0.059,0.064
-8.37400e-02,-0.063,0.06
-8.37300e-02,-0.057,0.06
-8.37200e-02,-0.059,0.062
-8.37100e-02,-0.057,0.06
-8.37000e-02,-0.059,0.06
-8.36900e-02,-0.053,0.058
-8.36800e-02,-0.063,0.062
-8.36700e-02,-0.061,0.064
-8.36600e-02,-0.057,0.06
-8.36500e-02,-0.059,0.062
-8.36400e-02,-0.055,0.058
-8.36300e-02,-0.057,0.06
-8.36200e-02,-0.061,0.062
-8.36100e-02,-0.059,0.064
-8.36000e-02,-0.061,0.064
-8.35900e-02,-0.051,0.056
-8.35800e-02,-0.055,0.062
-8.35700e-02,-0.053,0.06
-8.35600e-02,-0.061,0.064
-8.35500e-02,-0.053,0.056
-8.35400e-02,-0.063,0.064
-8.35300e-02,-0.057,0.06
-8.35200e-02,-0.059,0.062
-8.35100e-02,-0.055,0.056
-8.35000e-02,-0.061,0.062
-8.34900e-02,-0.055,0.052
-8.34800e-02,-0.059,0.06
-8.34700e-02,-0.053,0.06
-8.34600e-02,-0.059,0.06
-8.34500e-02,-0.057,0.062
-8.34400e-02,-0.059,0.064
-8.34300e-02,-0.057,0.056
-8.34200e-02,-0.059,0.062
-8.34100e-02,-0.063,0.062
-8.34000e-02,-0.063,0.064
-8.33900e-02,-0.057,0.06
-8.33800e-02,-0.061,0.064
-8.33700e-02,-0.047,0.052
-8.33600e-02,-0.055,0.06
-8.33500e-02,-0.049,0.058
-8.33400e-02,-0.061,0.062
-8.33300e-02,-0.059,0.064
-8.33200e-02,-0.063,0.064
-8.33100e-02,-0.063,0.064
-8.33000e-02,-0.059,0.066
-8.32900e-02,-0.049,0.056
-8.32800e-02,-0.061,0.064
-8.32700e-02,-0.061,0.064
-8.32600e-02,-0.059,0.062
-8.32500e-02,-0.059,0.062
-8.32400e-02,-0.061,0.066
-8.32300e-02,-0.059,0.064
-8.32200e-02,-0.061,0.06
-8.32100e-02,-0.055,0.056
-8.32000e-02,-0.061,0.06
-8.31900e-02,-0.053,0.06
-8.31800e-02,-0.061,0.062
-8.31700e-02,-0.053,0.054
-8.31600e-02,-0.057,0.06
-8.31500e-02,-0.063,0.06
-8.31400e-02,-0.057,0.06
-8.31300e-02,-0.057,0.064
-8.31200e-02,-0.059,0.064
-8.31100e-02,-0.059,0.064
-8.31000e-02,-0.055,0.058
-8.30900e-02,-0.059,0.066
-8.30800e-02,-0.057,0.06
-8.30700e-02,-0.061,0.064
-8.30600e-02,-0.059,0.062
-8.30500e-02,-0.061,0.064
-8.30400e-02,-0.057,0.066
-8.30300e-02,-0.065,0.062
-8.30200e-02,-0.061,0.064
-8.30100e-02,-0.059,0.064
-8.30000e-02,-0.061,0.062
-8.29900e-02,-0.061,0.062
-8.29800e-02,-0.061,0.064
-8.29700e-02,-0.061,0.062
-8.29600e-02,-0.059,0.064
-8.29500e-02,-0.053,0.06
-8.29400e-02,-0.063,0.064
-8.29300e-02,-0.057,0.058
-8.29200e-02,-0.059,0.064
-8.29100e-02,-0.053,0.058
-8.29000e-02,-0.057,0.06
-8.28900e-02,-0.057,0.062
-8.28800e-02,-0.061,0.064
-8.28700e-02,-0.059,0.06
-8.28600e-02,-0.061,0.06
-8.28500e-02,-0.051,0.054
-8.28400e-02,-0.059,0.062
-8.28300e-02,-0.061,0.062
-8.28200e-02,-0.055,0.06
-8.28100e-02,-0.061,0.064
-8.28000e-02,-0.063,0.064
-8.27900e-02,-0.059,0.064
-8.27800e-02,-0.063,0.062
-8.27700e-02,-0.053,0.06
-8.27600e-02,-0.059,0.06
-8.27500e-02,-0.059,0.06
-8.27400e-02,-0.055,0.056
-8.27300e-02,-0.057,0.066
-8.27200e-02,-0.055,0.06
-8.27100e-02,-0.053,0.054
-8.27000e-02,-0.059,0.06
-8.26900e-02,-0.055,0.06
-8.26800e-02,-0.051,0.056
-8.26700e-02,-0.057,0.06
-8.26600e-02,-0.045,0.054
-8.26500e-02,-0.059,0.062
-8.26400e-02,-0.061,0.062
-8.26300e-02,-0.059,0.062
-8.26200e-02,-0.059,0.06
-8.26100e-02,-0.051,0.058
-8.26000e-02,-0.061,0.064
-8.25900e-02,-0.051,0.056
-8.25800e-02,-0.061,0.06
-8.25700e-02,-0.053,0.056
-8.25600e-02,-0.057,0.06
-8.25500e-02,-0.057,0.058
-8.25400e-02,-0.053,0.06
-8.25300e-02,-0.063,0.06
-8.25200e-02,-0.059,0.064
-8.25100e-02,-0.059,0.064
-8.25000e-02,-0.063,0.062
-8.24900e-02,-0.051,0.056
-8.24800e-02,-0.061,0.062
-8.24700e-02,-0.057,0.064
-8.24600e-02,-0.061,0.062
-8.24500e-02,-0.059,0.064
-8.24400e-02,-0.059,0.064
-8.24300e-02,-0.063,0.064
-8.24200e-02,-0.059,0.06
-8.24100e-02,-0.057,0.062
-8.24000e-02,-0.057,0.064
-8.23900e-02,-0.055,0.054
-8.23800e-02,-0.059,0.062
-8.23700e-02,-0.057,0.062
-8.23600e-02,-0.051,0.054
-8.23500e-02,-0.039,0.046
-8.23400e-02,-0.053,0.056
-8.23300e-02,-0.047,0.054
-8.23200e-02,-0.051,0.056
-8.23100e-02,-0.049,0.05
-8.23000e-02,-0.057,0.06
-8.22900e-02,-0.057,0.06
-8.22800e-02,-0.061,0.062
-8.22700e-02,-0.061,0.062
-8.22600e-02,-0.061,0.06
-8.22500e-02,-0.051,0.058
-8.22400e-02,-0.061,0.062
-8.22300e-02,-0.059,0.06
-8.22200e-02,-0.057,0.06
-8.22100e-02,-0.059,0.066
-8.22000e-02,-0.057,0.06
-8.21900e-02,-0.061,0.066
-8.21800e-02,-0.063,0.064
-8.21700e-02,-0.059,0.064
-8.21600e-02,-0.059,0.064
-8.21500e-02,-0.059,0.062
-8.21400e-02,-0.061,0.062
-8.21300e-02,-0.057,0.064
-8.21200e-02,-0.059,0.06
-8.21100e-02,-0.061,0.064
-8.21000e-02,-0.061,0.064
-8.20900e-02,-0.057,0.062
-8.20800e-02,-0.063,0.064
-8.20700e-02,-0.059,0.06
-8.20600e-02,-0.055,0.058
-8.20500e-02,-0.045,0.05
-8.20400e-02,-0.037,0.046
-8.20300e-02,-0.045,0.054
-8.20200e-02,-0.043,0.048
-8.20100e-02,-0.043,0.05
-8.20000e-02,-0.047,0.048
-8.19900e-02,-0.061,0.064
-8.19800e-02,-0.053,0.058
-8.19700e-02,-0.049,0.058
-8.19600e-02,-0.051,0.054
-8.19500e-02,-0.053,0.056
-8.19400e-02,-0.053,0.06
-8.19300e-02,-0.059,0.064
-8.19200e-02,-0.057,0.062
-8.19100e-02,-0.063,0.064
-8.19000e-02,-0.059,0.062
-8.18900e-02,-0.049,0.054
-8.18800e-02,-0.049,0.06
-8.18700e-02,-0.049,0.058
-8.18600e-02,-0.055,0.058
-8.18500e-02,-0.059,0.066
-8.18400e-02,-0.059,0.062
-8.18300e-02,-0.059,0.06
-8.18200e-02,-0.061,0.062
-8.18100e-02,-0.059,0.062
-8.18000e-02,-0.053,0.06
-8.17900e-02,-0.061,0.066
-8.17800e-02,-0.051,0.058
-8.17700e-02,-0.061,0.062
-8.17600e-02,-0.061,0.066
-8.17500e-02,-0.061,0.064
-8.17400e-02,-0.061,0.062
-8.17300e-02,-0.061,0.064
-8.17200e-02,-0.055,0.056
-8.17100e-02,-0.057,0.06
-8.17000e-02,-0.051,0.054
-8.16900e-02,-0.063,0.062
-8.16800e-02,-0.059,0.068
-8.16700e-02,-0.065,0.06
-8.16600e-02,-0.047,0.052
-8.16500e-02,-0.063,0.062
-8.16400e-02,-0.053,0.056
-8.16300e-02,-0.061,0.066
-8.16200e-02,-0.061,0.064
-8.16100e-02,-0.061,0.064
-8.16000e-02,-0.057,0.06
-8.15900e-02,-0.059,0.062
-8.15800e-02,-0.059,0.062
-8.15700e-02,-0.057,0.064
-8.15600e-02,-0.059,0.064
-8.15500e-02,-0.061,0.064
-8.15400e-02,-0.057,0.06
-8.15300e-02,-0.059,0.056
-8.15200e-02,-0.059,0.064
-8.15100e-02,-0.053,0.06
-8.15000e-02,-0.061,0.064
-8.14900e-02,-0.059,0.064
-8.14800e-02,-0.063,0.066
-8.14700e-02,-0.061,0.064
-8.14600e-02,-0.061,0.06
-8.14500e-02,-0.057,0.06
-8.14400e-02,-0.065,0.062
-8.14300e-02,-0.057,0.06
-8.14200e-02,-0.059,0.064
-8.14100e-02,-0.053,0.058
-8.14000e-02,-0.059,0.06
-8.13900e-02,-0.059,0.062
-8.13800e-02,-0.059,0.062
-8.13700e-02,-0.061,0.062
-8.13600e-02,-0.057,0.062
-8.13500e-02,-0.055,0.062
-8.13400e-02,-0.051,0.058
-8.13300e-02,-0.061,0.062
-8.13200e-02,-0.051,0.058
-8.13100e-02,-0.059,0.062
-8.13000e-02,-0.059,0.06
-8.12900e-02,-0.057,0.06
-8.12800e-02,-0.045,0.05
-8.12700e-02,-0.061,0.064
-8.12600e-02,-0.059,0.062
-8.12500e-02,-0.051,0.056
-8.12400e-02,-0.059,0.064
-8.12300e-02,-0.063,0.064
-8.12200e-02,-0.059,0.06
-8.12100e-02,-0.057,0.062
-8.12000e-02,-0.061,0.062
-8.11900e-02,-0.059,0.06
-8.11800e-02,-0.063,0.062
-8.11700e-02,-0.059,0.062
-8.11600e-02,-0.061,0.062
-8.11500e-02,-0.057,0.058
-8.11400e-02,-0.059,0.064
-8.11300e-02,-0.057,0.06
-8.11200e-02,-0.057,0.062
-8.11100e-02,-0.051,0.06
-8.11000e-02,-0.057,0.062
-8.10900e-02,-0.059,0.062
-8.10800e-02,-0.053,0.06
-8.10700e-02,-0.059,0.062
-8.10600e-02,-0.059,0.062
-8.10500e-02,-0.063,0.062
-8.10400e-02,-0.063,0.064
-8.10300e-02,-0.061,0.064
-8.10200e-02,-0.049,0.056
-8.10100e-02,-0.049,0.054
-8.10000e-02,-0.051,0.056
-8.09900e-02,-0.057,0.062
-8.09800e-02,-0.045,0.05
-8.09700e-02,-0.049,0.058
-8.09600e-02,-0.059,0.066
-8.09500e-02,-0.059,0.06
-8.09400e-02,-0.059,0.062
-8.09300e-02,-0.059,0.062
-8.09200e-02,-0.059,0.062
-8.09100e-02,-0.059,0.066
-8.09000e-02,-0.059,0.064
-8.08900e-02,-0.059,0.064
-8.08800e-02,-0.057,0.06
-8.08700e-02,-0.039,0.046
-8.08600e-02,-0.059,0.06
-8.08500e-02,-0.061,0.062
-8.08400e-02,-0.059,0.064
-8.08300e-02,-0.057,0.064
-8.08200e-02,-0.057,0.062
-8.08100e-02,-0.063,0.062
-8.08000e-02,-0.059,0.062
-8.07900e-02,-0.059,0.06
-8.07800e-02,-0.057,0.064
-8.07700e-02,-0.059,0.064
-8.07600e-02,-0.057,0.064
-8.07500e-02,-0.061,0.064
-8.07400e-02,-0.059,0.06
-8.07300e-02,-0.057,0.064
-8.07200e-02,-0.047,0.056
-8.07100e-02,-0.063,0.064
-8.07000e-02,-0.055,0.06
-8.06900e-02,-0.061,0.064
-8.06800e-02,-0.059,0.06
-8.06700e-02,-0.059,0.064
-8.06600e-02,-0.061,0.062
-8.06500e-02,-0.059,0.062
-8.06400e-02,-0.059,0.066
-8.06300e-02,-0.059,0.062
-8.06200e-02,-0.059,0.066
-8.06100e-02,-0.061,0.064
-8.06000e-02,-0.063,0.064
-8.05900e-02,-0.057,0.06
-8.05800e-02,-0.061,0.064
-8.05700e-02,-0.059,0.068
-8.05600e-02,-0.059,0.066
-8.05500e-02,-0.057,0.06
-8.05400e-02,-0.051,0.058
-8.05300e-02,-0.059,0.064
-8.05200e-02,-0.055,0.06
-8.05100e-02,-0.059,0.064
-8.05000e-02,-0.057,0.06
-8.04900e-02,-0.059,0.064
-8.04800e-02,-0.057,0.056
-8.04700e-02,-0.061,0.062
-8.04600e-02,-0.065,0.066
-8.04500e-02,-0.057,0.064
-8.04400e-02,-0.061,0.06
-8.04300e-02,-0.061,0.06
-8.04200e-02,-0.061,0.064
-8.04100e-02,-0.061,0.066
-8.04000e-02,-0.061,0.064
-8.03900e-02,-0.059,0.064
-8.03800e-02,-0.055,0.06
-8.03700e-02,-0.057,0.064
-8.03600e-02,-0.057,0.06
-8.03500e-02,-0.057,0.064
-8.03400e-02,-0.053,0.058
-8.03300e-02,-0.059,0.06
-8.03200e-02,-0.051,0.056
-8.03100e-02,-0.059,0.064
-8.03000e-02,-0.061,0.06
-8.02900e-02,-0.055,0.06
-8.02800e-02,-0.055,0.062
-8.02700e-02,-0.055,0.06
-8.02600e-02,-0.059,0.064
-8.02500e-02,-0.055,0.064
-8.02400e-02,-0.057,0.062
-8.02300e-02,-0.061,0.066
-8.02200e-02,-0.061,0.062
-8.02100e-02,-0.055,0.058
-8.02000e-02,-0.055,0.058
-8.01900e-02,-0.055,0.06
-8.01800e-02,-0.059,0.062
-8.01700e-02,-0.061,0.06
-8.01600e-02,-0.063,0.064
-8.01500e-02,-0.057,0.06
-8.01400e-02,-0.053,0.058
-8.01300e-02,-0.057,0.06
-8.01200e-02,-0.059,0.062
-8.01100e-02,-0.057,0.06
-8.01000e-02,-0.059,0.062
-8.00900e-02,-0.061,0.066
-8.00800e-02,-0.057,0.06
-8.00700e-02,-0.061,0.06
-8.00600e-02,-0.061,0.062
-8.00500e-02,-0.059,0.062
-8.00400e-02,-0.049,0.058
-8.00300e-02,-0.055,0.058
-8.00200e-02,-0.061,0.062
-8.00100e-02,-0.061,0.06
-8.00000e-02,-0.063,0.062
-7.99900e-02,-0.059,0.062
-7.99800e-02,-0.061,0.064
-7.99700e-02,-0.059,0.062
-7.99600e-02,-0.059,0.06
-7.99500e-02,-0.059,0.062
-7.99400e-02,-0.057,0.064
-7.99300e-02,-0.055,0.06
-7.99200e-02,-0.059,0.058
-7.99100e-02,-0.063,0.064
-7.99000e-02,-0.059,0.06
-7.98900e-02,-0.063,0.064
-7.98800e-02,-0.059,0.064
-7.98700e-02,-0.061,0.062
-7.98600e-02,-0.059,0.064
-7.98500e-02,-0.055,0.058
-7.98400e-02,-0.059,0.062
-7.98300e-02,-0.059,0.062
-7.98200e-02,-0.055,0.06
-7.98100e-02,-0.049,0.056
-7.98000e-02,-0.057,0.06
-7.97900e-02,-0.059,0.06
-7.97800e-02,-0.061,0.064
-7.97700e-02,-0.047,0.05
-7.97600e-02,-0.057,0.064
-7.97500e-02,-0.049,0.056
-7.97400e-02,-0.063,0.062
-7.97300e-02,-0.059,0.062
-7.97200e-02,-0.057,0.06
-7.97100e-02,-0.059,0.06
-7.97000e-02,-0.055,0.06
-7.96900e-02,-0.059,0.064
-7.96800e-02,-0.063,0.062
-7.96700e-02,-0.055,0.062
-7.96600e-02,-0.059,0.064
-7.96500e-02,-0.057,0.064
-7.96400e-02,-0.057,0.064
-7.96300e-02,-0.055,0.06
-7.96200e-02,-0.059,0.062
-7.96100e-02,-0.055,0.06
-7.96000e-02,-0.061,0.064
-7.95900e-02,-0.055,0.06
-7.95800e-02,-0.059,0.062
-7.95700e-02,-0.061,0.06
-7.95600e-02,-0.059,0.068
-7.95500e-02,-0.057,0.064
-7.95400e-02,-0.063,0.062
-7.95300e-02,-0.059,0.064
-7.95200e-02,-0.061,0.064
-7.95100e-02,-0.061,0.062
-7.95000e-02,-0.059,0.064
-7.94900e-02,-0.055,0.058
-7.94800e-02,-0.059,0.062
-7.94700e-02,-0.061,0.06
-7.94600e-02,-0.061,0.064
-7.94500e-02,-0.055,0.06
-7.94400e-02,-0.059,0.06
-7.94300e-02,-0.055,0.06
-7.94200e-02,-0.057,0.06
-7.94100e-02,-0.053,0.058
-7.94000e-02,-0.061,0.064
-7.93900e-02,-0.059,0.06
-7.93800e-02,-0.057,0.064
-7.93700e-02,-0.059,0.064
-7.93600e-02,-0.061,0.064
-7.93500e-02,-0.059,0.064
-7.93400e-02,-0.059,0.064
-7.93300e-02,-0.059,0.062
-7.93200e-02,-0.051,0.054
-7.93100e-02,-0.049,0.056
-7.93000e-02,-0.049,0.056
-7.92900e-02,-0.055,0.056
-7.92800e-02,-0.059,0.064
-7.92700e-02,-0.057,0.058
-7.92600e-02,-0.045,0.056
-7.92500e-02,-0.059,0.062
-7.92400e-02,-0.061,0.064
-7.92300e-02,-0.059,0.06
-7.92200e-02,-0.059,0.062
-7.92100e-02,-0.053,0.056
-7.92000e-02,-0.059,0.064
-7.91900e-02,-0.059,0.064
-7.91800e-02,-0.051,0.06
-7.91700e-02,-0.045,0.052
-7.91600e-02,-0.057,0.06
-7.91500e-02,-0.049,0.052
-7.91400e-02,-0.057,0.062
-7.91300e-02,-0.055,0.06
-7.91200e-02,-0.059,0.062
-7.91100e-02,-0.061,0.064
-7.91000e-02,-0.053,0.06
-7.90900e-02,-0.057,0.06
-7.90800e-02,-0.047,0.054
-7.90700e-02,-0.059,0.06
-7.90600e-02,-0.047,0.052
-7.90500e-02,-0.059,0.06
-7.90400e-02,-0.045,0.048
-7.90300e-02,-0.049,0.056
-7.90200e-02,-0.049,0.056
-7.90100e-02,-0.059,0.066
-7.90000e-02,-0.059,0.062
-7.89900e-02,-0.061,0.064
-7.89800e-02,-0.057,0.062
-7.89700e-02,-0.059,0.066
-7.89600e-02,-0.063,0.064
-7.89500e-02,-0.055,0.06
-7.89400e-02,-0.055,0.06
-7.89300e-02,-0.063,0.066
-7.89200e-02,-0.051,0.058
-7.89100e-02,-0.053,0.06
-7.89000e-02,-0.059,0.066
-7.88900e-02,-0.059,0.06
-7.88800e-02,-0.059,0.062
-7.88700e-02,-0.061,0.062
-7.88600e-02,-0.059,0.062
-7.88500e-02,-0.063,0.064
-7.88400e-02,-0.055,0.06
-7.88300e-02,-0.061,0.064
-7.88200e-02,-0.055,0.06
-7.88100e-02,-0.061,0.066
-7.88000e-02,-0.061,0.064
-7.87900e-02,-0.059,0.062
-7.87800e-02,-0.059,0.062
-7.87700e-02,-0.063,0.062
-7.87600e-02,-0.061,0.062
-7.87500e-02,-0.063,0.066
-7.87400e-02,-0.053,0.06
-7.87300e-02,-0.057,0.06
-7.87200e-02,-0.055,0.06
-7.87100e-02,-0.053,0.06
-7.87000e-02,-0.055,0.06
-7.86900e-02,-0.059,0.06
-7.86800e-02,-0.057,0.068
-7.86700e-02,-0.063,0.064
-7.86600e-02,-0.059,0.064
-7.86500e-02,-0.061,0.064
-7.86400e-02,-0.055,0.06
-7.86300e-02,-0.057,0.06
-7.86200e-02,-0.051,0.06
-7.86100e-02,-0.059,0.062
-7.86000e-02,-0.059,0.062
-7.85900e-02,-0.063,0.064
-7.85800e-02,-0.059,0.062
-7.85700e-02,-0.063,0.068
-7.85600e-02,-0.061,0.064
-7.85500e-02,-0.059,0.06
-7.85400e-02,-0.059,0.064
-7.85300e-02,-0.061,0.066
-7.85200e-02,-0.063,0.064
-7.85100e-02,-0.057,0.064
-7.85000e-02,-0.061,0.062
-7.84900e-02,-0.059,0.064
-7.84800e-02,-0.061,0.064
-7.84700e-02,-0.039,0.044
-7.84600e-02,-0.055,0.06
-7.84500e-02,-0.057,0.06
-7.84400e-02,-0.059,0.066
-7.84300e-02,-0.061,0.06
-7.84200e-02,-0.061,0.064
-7.84100e-02,-0.061,0.062
-7.84000e-02,-0.061,0.064
-7.83900e-02,-0.063,0.064
-7.83800e-02,-0.061,0.066
-7.83700e-02,-0.047,0.05
-7.83600e-02,-0.061,0.064
-7.83500e-02,-0.055,0.064
-7.83400e-02,-0.059,0.06
-7.83300e-02,-0.061,0.062
-7.83200e-02,-0.061,0.06
-7.83100e-02,-0.057,0.064
-7.83000e-02,-0.057,0.06
-7.82900e-02,-0.059,0.064
-7.82800e-02,-0.063,0.06
-7.82700e-02,-0.063,0.064
-7.82600e-02,-0.057,0.066
-7.82500e-02,-0.057,0.06
-7.82400e-02,-0.049,0.058
-7.82300e-02,-0.043,0.052
-7.82200e-02,-0.055,0.06
-7.82100e-02,-0.047,0.05
-7.82000e-02,-0.051,0.06
-7.81900e-02,-0.045,0.05
-7.81800e-02,-0.053,0.058
-7.81700e-02,-0.047,0.054
-7.81600e-02,-0.043,0.054
-7.81500e-02,-0.047,0.056
-7.81400e-02,-0.059,0.062
-7.81300e-02,-0.055,0.06
-7.81200e-02,-0.059,0.062
-7.81100e-02,-0.055,0.06
-7.81000e-02,-0.059,0.062
-7.80900e-02,-0.055,0.056
-7.80800e-02,-0.057,0.062
-7.80700e-02,-0.061,0.064
-7.80600e-02,-0.055,0.064
-7.80500e-02,-0.051,0.052
-7.80400e-02,-0.043,0.048
-7.80300e-02,-0.061,0.064
-7.80200e-02,-0.057,0.06
-7.80100e-02,-0.059,0.064
-7.80000e-02,-0.063,0.062
-7.79900e-02,-0.059,0.064
-7.79800e-02,-0.055,0.058
-7.79700e-02,-0.047,0.05
-7.79600e-02,-0.053,0.058
-7.79500e-02,-0.059,0.064
-7.79400e-02,-0.061,0.064
-7.79300e-02,-0.061,0.066
-7.79200e-02,-0.065,0.066
-7.79100e-02,-0.059,0.064
-7.79000e-02,-0.063,0.064
-7.78900e-02,-0.059,0.06
-7.78800e-02,-0.051,0.056
-7.78700e-02,-0.057,0.06
-7.78600e-02,-0.057,0.062
-7.78500e-02,-0.057,0.06
-7.78400e-02,-0.057,0.064
-7.78300e-02,-0.049,0.058
-7.78200e-02,-0.045,0.056
-7.78100e-02,-0.045,0.052
-7.78000e-02,-0.055,0.06
-7.77900e-02,-0.049,0.058
-7.77800e-02,-0.055,0.06
-7.77700e-02,-0.045,0.05
-7.77600e-02,-0.051,0.058
-7.77500e-02,-0.053,0.058
-7.77400e-02,-0.055,0.056
-7.77300e-02,-0.053,0.058
-7.77200e-02,-0.059,0.06
-7.77100e-02,-0.059,0.062
-7.77000e-02,-0.063,0.064
-7.76900e-02,-0.053,0.056
-7.76800e-02,-0.055,0.06
-7.76700e-02,-0.061,0.064
-7.76600e-02,-0.063,0.064
-7.76500e-02,-0.055,0.06
-7.76400e-02,-0.057,0.064
-7.76300e-02,-0.051,0.054
-7.76200e-02,-0.051,0.056
-7.76100e-02,-0.055,0.062
-7.76000e-02,-0.057,0.064
-7.75900e-02,-0.061,0.066
-7.75800e-02,-0.051,0.056
-7.75700e-02,-0.051,0.056
-7.75600e-02,-0.055,0.06
-7.75500e-02,-0.057,0.064
-7.75400e-02,-0.057,0.062
-7.75300e-02,-0.061,0.062
-7.75200e-02,-0.055,0.058
-7.75100e-02,-0.061,0.062
-7.75000e-02,-0.055,0.06
-7.74900e-02,-0.057,0.06
-7.74800e-02,-0.051,0.052
-7.74700e-02,-0.055,0.06
-7.74600e-02,-0.055,0.058
-7.74500e-02,-0.065,0.064
-7.74400e-02,-0.063,0.062
-7.74300e-02,-0.057,0.06
-7.74200e-02,-0.061,0.066
-7.74100e-02,-0.059,0.062
-7.74000e-02,-0.059,0.064
-7.73900e-02,-0.061,0.064
-7.73800e-02,-0.057,0.06
-7.73700e-02,-0.061,0.064
-7.73600e-02,-0.059,0.064
-7.73500e-02,-0.057,0.06
-7.73400e-02,-0.059,0.066
-7.73300e-02,-0.059,0.06
-7.73200e-02,-0.055,0.06
-7.73100e-02,-0.061,0.064
-7.73000e-02,-0.051,0.056
-7.72900e-02,-0.057,0.06
-7.72800e-02,-0.047,0.052
-7.72700e-02,-0.059,0.062
-7.72600e-02,-0.063,0.062
-7.72500e-02,-0.059,0.064
-7.72400e-02,-0.055,0.06
-7.72300e-02,-0.059,0.064
-7.72200e-02,-0.061,0.062
-7.72100e-02,-0.059,0.066
-7.72000e-02,-0.061,0.062
-7.71900e-02,-0.059,0.064
-7.71800e-02,-0.061,0.062
-7.71700e-02,-0.055,0.058
-7.71600e-02,-0.061,0.066
-7.71500e-02,-0.059,0.066
-7.71400e-02,-0.059,0.062
-7.71300e-02,-0.059,0.066
-7.71200e-02,-0.059,0.06
-7.71100e-02,-0.059,0.064
-7.71000e-02,-0.065,0.064
-7.70900e-02,-0.061,0.06
-7.70800e-02,-0.059,0.066
-7.70700e-02,-0.055,0.056
-7.70600e-02,-0.059,0.062
-7.70500e-02,-0.055,0.06
-7.70400e-02,-0.059,0.068
-7.70300e-02,-0.059,0.06
-7.70200e-02,-0.057,0.062
-7.70100e-02,-0.061,0.064
-7.70000e-02,-0.059,0.062
-7.69900e-02,-0.055,0.058
-7.69800e-02,-0.057,0.062
-7.69700e-02,-0.039,0.046
-7.69600e-02,-0.053,0.06
-7.69500e-02,-0.065,0.064
-7.69400e-02,-0.053,0.06
-7.69300e-02,-0.051,0.058
-7.69200e-02,-0.057,0.06
-7.69100e-02,-0.061,0.066
-7.69000e-02,-0.055,0.062
-7.68900e-02,-0.059,0.064
-7.68800e-02,-0.055,0.062
-7.68700e-02,-0.059,0.064
-7.68600e-02,-0.057,0.06
-7.68500e-02,-0.055,0.058
-7.68400e-02,-0.055,0.062
-7.68300e-02,-0.061,0.062
-7.68200e-02,-0.059,0.064
-7.68100e-02,-0.059,0.062
-7.68000e-02,-0.061,0.066
-7.67900e-02,-0.059,0.062
-7.67800e-02,-0.059,0.064
-7.67700e-02,-0.061,0.064
-7.67600e-02,-0.057,0.062
-7.67500e-02,-0.061,0.062
-7.67400e-02,-0.057,0.066
-7.67300e-02,-0.061,0.062
-7.67200e-02,-0.059,0.064
-7.67100e-02,-0.061,0.062
-7.67000e-02,-0.061,0.062
-7.66900e-02,-0.059,0.064
-7.66800e-02,-0.057,0.062
-7.66700e-02,-0.063,0.064
-7.66600e-02,-0.063,0.062
-7.66500e-02,-0.061,0.064
-7.66400e-02,-0.061,0.066
-7.66300e-02,-0.057,0.06
-7.66200e-02,-0.059,0.06
-7.66100e-02,-0.059,0.064
-7.66000e-02,-0.061,0.06
-7.65900e-02,-0.063,0.064
-7.65800e-02,-0.057,0.062
-7.65700e-02,-0.057,0.06
-7.65600e-02,-0.063,0.062
-7.65500e-02,-0.061,0.064
-7.65400e-02,-0.063,0.062
-7.65300e-02,-0.059,0.062
-7.65200e-02,-0.053,0.06
-7.65100e-02,-0.059,0.064
-7.65000e-02,-0.059,0.06
-7.64900e-02,-0.059,0.064
-7.64800e-02,-0.061,0.062
-7.64700e-02,-0.063,0.064
-7.64600e-02,-0.061,0.064
-7.64500e-02,-0.049,0.06
-7.64400e-02,-0.057,0.064
-7.64300e-02,-0.063,0.066
-7.64200e-02,-0.059,0.066
-7.64100e-02,-0.059,0.06
-7.64000e-02,-0.055,0.06
-7.63900e-02,-0.053,0.058
-7.63800e-02,-0.055,0.062
-7.63700e-02,-0.057,0.066
-7.63600e-02,-0.059,0.06
-7.63500e-02,-0.061,0.064
-7.63400e-02,-0.059,0.064
-7.63300e-02,-0.063,0.064
-7.63200e-02,-0.059,0.066
-7.63100e-02,-0.061,0.064
-7.63000e-02,-0.061,0.064
-7.62900e-02,-0.057,0.062
-7.62800e-02,-0.061,0.066
-7.62700e-02,-0.049,0.052
-7.62600e-02,-0.059,0.062
-7.62500e-02,-0.049,0.056
-7.62400e-02,-0.061,0.062
-7.62300e-02,-0.061,0.06
-7.62200e-02,-0.059,0.064
-7.62100e-02,-0.055,0.06
-7.62000e-02,-0.057,0.062
-7.61900e-02,-0.055,0.06
-7.61800e-02,-0.061,0.062
-7.61700e-02,-0.053,0.058
-7.61600e-02,-0.057,0.062
-7.61500e-02,-0.063,0.064
-7.61400e-02,-0.061,0.062
-7.61300e-02,-0.059,0.064
-7.61200e-02,-0.057,0.06
-7.61100e-02,-0.061,0.062
-7.61000e-02,-0.053,0.058
-7.60900e-02,-0.063,0.062
-7.60800e-02,-0.057,0.06
-7.60700e-02,-0.055,0.058
-7.60600e-02,-0.049,0.05
-7.60500e-02,-0.061,0.064
-7.60400e-02,-0.059,0.06
-7.60300e-02,-0.061,0.064
-7.60200e-02,-0.061,0.066
-7.60100e-02,-0.059,0.064
-7.60000e-02,-0.059,0.06
-7.59900e-02,-0.051,0.056
-7.59800e-02,-0.045,0.048
-7.59700e-02,-0.049,0.056
-7.59600e-02,-0.055,0.06
-7.59500e-02,-0.061,0.066
-7.59400e-02,-0.063,0.062
-7.59300e-02,-0.055,0.058
-7.59200e-02,-0.053,0.056
-7.59100e-02,-0.049,0.056
-7.59000e-02,-0.047,0.052
-7.58900e-02,-0.059,0.062
-7.58800e-02,-0.061,0.064
-7.58700e-02,-0.059,0.06
-7.58600e-02,-0.063,0.064
-7.58500e-02,-0.059,0.062
-7.58400e-02,-0.061,0.064
-7.58300e-02,-0.061,0.06
-7.58200e-02,-0.061,0.062
-7.58100e-02,-0.059,0.062
-7.58000e-02,-0.055,0.06
-7.57900e-02,-0.057,0.06
-7.57800e-02,-0.057,0.06
-7.57700e-02,-0.061,0.064
-7.57600e-02,-0.061,0.06
-7.57500e-02,-0.057,0.066
-7.57400e-02,-0.061,0.064
-7.57300e-02,-0.051,0.06
-7.57200e-02,-0.061,0.06
-7.57100e-02,-0.061,0.062
-7.57000e-02,-0.061,0.062
-7.56900e-02,-0.059,0.06
-7.56800e-02,-0.049,0.054
-7.56700e-02,-0.059,0.062
-7.56600e-02,-0.051,0.056
-7.56500e-02,-0.059,0.066
-7.56400e-02,-0.059,0.064
-7.56300e-02,-0.061,0.062
-7.56200e-02,-0.055,0.06
-7.56100e-02,-0.059,0.06
-7.56000e-02,-0.059,0.064
-7.55900e-02,-0.059,0.064
-7.55800e-02,-0.063,0.066
-7.55700e-02,-0.057,0.056
-7.55600e-02,-0.059,0.062
-7.55500e-02,-0.055,0.06
-7.55400e-02,-0.061,0.062
-7.55300e-02,-0.055,0.06
-7.55200e-02,-0.057,0.062
-7.55100e-02,-0.057,0.062
-7.55000e-02,-0.059,0.064
-7.54900e-02,-0.047,0.054
-7.54800e-02,-0.061,0.066
-7.54700e-02,-0.059,0.062
-7.54600e-02,-0.063,0.062
-7.54500e-02,-0.059,0.064
-7.54400e-02,-0.057,0.062
-7.54300e-02,-0.057,0.062
-7.54200e-02,-0.061,0.064
-7.54100e-02,-0.061,0.062
-7.54000e-02,-0.059,0.062
-7.53900e-02,-0.057,0.06
-7.53800e-02,-0.061,0.062
-7.53700e-02,-0.061,0.064
-7.53600e-02,-0.061,0.064
-7.53500e-02,-0.061,0.064
-7.53400e-02,-0.055,0.058
-7.53300e-02,-0.061,0.064
-7.53200e-02,-0.057,0.06
-7.53100e-02,-0.063,0.064
-7.53000e-02,-0.057,0.058
-7.52900e-02,-0.059,0.058
-7.52800e-02,-0.051,0.058
-7.52700e-02,-0.061,0.062
-7.52600e-02,-0.057,0.06
-7.52500e-02,-0.051,0.056
-7.52400e-02,-0.059,0.062
-7.52300e-02,-0.061,0.06
-7.52200e-02,-0.051,0.058
-7.52100e-02,-0.055,0.06
-7.52000e-02,-0.053,0.06
-7.51900e-02,-0.051,0.056
-7.51800e-02,-0.063,0.064
-7.51700e-02,-0.061,0.064
-7.51600e-02,-0.055,0.06
-7.51500e-02,-0.055,0.064
-7.51400e-02,-0.057,0.06
-7.51300e-02,-0.057,0.064
-7.51200e-02,-0.043,0.052
-7.51100e-02,-0.059,0.062
-7.51000e-02,-0.059,0.064
-7.50900e-02,-0.057,0.064
-7.50800e-02,-0.063,0.062
-7.50700e-02,-0.055,0.06
-7.50600e-02,-0.061,0.064
-7.50500e-02,-0.047,0.058
-7.50400e-02,-0.059,0.064
-7.50300e-02,-0.061,0.064
-7.50200e-02,-0.061,0.06
-7.50100e-02,-0.057,0.06
-7.50000e-02,-0.049,0.054
-7.49900e-02,-0.057,0.062
-7.49800e-02,-0.061,0.06
-7.49700e-02,-0.053,0.058
-7.49600e-02,-0.053,0.058
-7.49500e-02,-0.059,0.064
-7.49400e-02,-0.057,0.062
-7.49300e-02,-0.063,0.062
-7.49200e-02,-0.061,0.062
-7.49100e-02,-0.059,0.066
-7.49000e-02,-0.063,0.066
-7.48900e-02,-0.059,0.06
-7.48800e-02,-0.059,0.062
-7.48700e-02,-0.061,0.064
-7.48600e-02,-0.059,0.062
-7.48500e-02,-0.061,0.064
-7.48400e-02,-0.059,0.062
-7.48300e-02,-0.059,0.064
-7.48200e-02,-0.063,0.064
-7.48100e-02,-0.059,0.062
-7.48000e-02,-0.059,0.064
-7.47900e-02,-0.053,0.058
-7.47800e-02,-0.059,0.06
-7.47700e-02,-0.059,0.064
-7.47600e-02,-0.059,0.066
-7.47500e-02,-0.061,0.064
-7.47400e-02,-0.059,0.06
-7.47300e-02,-0.059,0.064
-7.47200e-02,-0.045,0.048
-7.47100e-02,-0.059,0.064
-7.47000e-02,-0.057,0.062
-7.46900e-02,-0.061,0.062
-7.46800e-02,-0.053,0.056
-7.46700e-02,-0.057,0.064
-7.46600e-02,-0.059,0.06
-7.46500e-02,-0.061,0.062
-7.46400e-02,-0.059,0.06
-7.46300e-02,-0.055,0.064
-7.46200e-02,-0.049,0.06
-7.46100e-02,-0.059,0.06
-7.46000e-02,-0.061,0.064
-7.45900e-02,-0.059,0.062
-7.45800e-02,-0.059,0.064
-7.45700e-02,-0.057,0.062
-7.45600e-02,-0.059,0.062
-7.45500e-02,-0.053,0.06
-7.45400e-02,-0.059,0.066
-7.45300e-02,-0.059,0.064
-7.45200e-02,-0.059,0.062
-7.45100e-02,-0.055,0.062
-7.45000e-02,-0.059,0.062
-7.44900e-02,-0.055,0.058
-7.44800e-02,-0.057,0.062
-7.44700e-02,-0.037,0.042
-7.44600e-02,-0.053,0.056
-7.44500e-02,-0.047,0.054
-7.44400e-02,-0.055,0.06
-7.44300e-02,-0.039,0.048
-7.44200e-02,-0.057,0.062
-7.44100e-02,-0.059,0.062
-7.44000e-02,-0.059,0.066
-7.43900e-02,-0.057,0.064
-7.43800e-02,-0.055,0.06
-7.43700e-02,-0.061,0.064
-7.43600e-02,-0.057,0.064
-7.43500e-02,-0.061,0.064
-7.43400e-02,-0.057,0.064
-7.43300e-02,-0.057,0.06
-7.43200e-02,-0.061,0.062
-7.43100e-02,-0.053,0.056
-7.43000e-02,-0.059,0.062
-7.42900e-02,-0.061,0.064
-7.42800e-02,-0.055,0.062
-7.42700e-02,-0.063,0.064
-7.42600e-02,-0.057,0.06
-7.42500e-02,-0.061,0.064
-7.42400e-02,-0.061,0.062
-7.42300e-02,-0.061,0.06
-7.42200e-02,-0.055,0.056
-7.42100e-02,-0.061,0.064
-7.42000e-02,-0.057,0.062
-7.41900e-02,-0.057,0.06
-7.41800e-02,-0.053,0.054
-7.41700e-02,-0.059,0.064
-7.41600e-02,-0.061,0.062
-7.41500e-02,-0.061,0.064
-7.41400e-02,-0.059,0.068
-7.41300e-02,-0.051,0.054
-7.41200e-02,-0.061,0.064
-7.41100e-02,-0.059,0.064
-7.41000e-02,-0.057,0.06
-7.40900e-02,-0.057,0.062
-7.40800e-02,-0.059,0.064
-7.40700e-02,-0.053,0.058
-7.40600e-02,-0.057,0.06
-7.40500e-02,-0.057,0.06
-7.40400e-02,-0.061,0.064
-7.40300e-02,-0.063,0.064
-7.40200e-02,-0.059,0.064
-7.40100e-02,-0.059,0.064
-7.40000e-02,-0.059,0.064
-7.39900e-02,-0.059,0.064
-7.39800e-02,-0.049,0.062
-7.39700e-02,-0.061,0.062
-7.39600e-02,-0.053,0.06
-7.39500e-02,-0.059,0.064
-7.39400e-02,-0.057,0.064
-7.39300e-02,-0.055,0.062
-7.39200e-02,-0.051,0.058
-7.39100e-02,-0.061,0.062
-7.39000e-02,-0.053,0.058
-7.38900e-02,-0.061,0.062
-7.38800e-02,-0.053,0.056
-7.38700e-02,-0.061,0.064
-7.38600e-02,-0.055,0.06
-7.38500e-02,-0.059,0.064
-7.38400e-02,-0.047,0.05
-7.38300e-02,-0.055,0.06
-7.38200e-02,-0.059,0.062
-7.38100e-02,-0.057,0.062
-7.38000e-02,-0.061,0.064
-7.37900e-02,-0.061,0.064
-7.37800e-02,-0.057,0.06
-7.37700e-02,-0.053,0.058
-7.37600e-02,-0.043,0.048
-7.37500e-02,-0.039,0.044
-7.37400e-02,-0.043,0.05
-7.37300e-02,-0.045,0.05
-7.37200e-02,-0.057,0.064
-7.37100e-02,-0.061,0.064
-7.37000e-02,-0.061,0.064
-7.36900e-02,-0.061,0.062
-7.36800e-02,-0.059,0.064
-7.36700e-02,-0.059,0.06
-7.36600e-02,-0.049,0.054
-7.36500e-02,-0.057,0.062
-7.36400e-02,-0.057,0.062
-7.36300e-02,-0.061,0.066
-7.36200e-02,-0.059,0.064
-7.36100e-02,-0.057,0.066
-7.36000e-02,-0.061,0.062
-7.35900e-02,-0.063,0.064
-7.35800e-02,-0.055,0.06
-7.35700e-02,-0.053,0.06
-7.35600e-02,-0.061,0.06
-7.35500e-02,-0.057,0.062
-7.35400e-02,-0.059,0.062
-7.35300e-02,-0.059,0.062
-7.35200e-02,-0.059,0.062
-7.35100e-02,-0.055,0.062
-7.35000e-02,-0.055,0.056
-7.34900e-02,-0.061,0.06
-7.34800e-02,-0.059,0.062
-7.34700e-02,-0.055,0.06
-7.34600e-02,-0.059,0.062
-7.34500e-02,-0.055,0.054
-7.34400e-02,-0.057,0.06
-7.34300e-02,-0.061,0.06
-7.34200e-02,-0.055,0.062
-7.34100e-02,-0.059,0.064
-7.34000e-02,-0.059,0.06
-7.33900e-02,-0.049,0.056
-7.33800e-02,-0.059,0.062
-7.33700e-02,-0.057,0.062
-7.33600e-02,-0.057,0.062
-7.33500e-02,-0.057,0.062
-7.33400e-02,-0.063,0.064
-7.33300e-02,-0.055,0.06
-7.33200e-02,-0.059,0.066
-7.33100e-02,-0.059,0.064
-7.33000e-02,-0.055,0.058
-7.32900e-02,-0.059,0.066
-7.32800e-02,-0.051,0.058
-7.32700e-02,-0.053,0.06
-7.32600e-02,-0.059,0.062
-7.32500e-02,-0.059,0.06
-7.32400e-02,-0.057,0.06
-7.32300e-02,-0.061,0.062
-7.32200e-02,-0.061,0.066
-7.32100e-02,-0.057,0.062
-7.32000e-02,-0.061,0.066
-7.31900e-02,-0.059,0.066
-7.31800e-02,-0.061,0.062
-7.31700e-02,-0.057,0.062
-7.31600e-02,-0.057,0.066
-7.31500e-02,-0.059,0.064
-7.31400e-02,-0.061,0.06
-7.31300e-02,-0.053,0.058
-7.31200e-02,-0.055,0.06
-7.31100e-02,-0.061,0.062
-7.31000e-02,-0.049,0.058
-7.30900e-02,-0.059,0.06
-7.30800e-02,-0.055,0.062
-7.30700e-02,-0.057,0.06
-7.30600e-02,-0.061,0.062
-7.30500e-02,-0.057,0.062
-7.30400e-02,-0.055,0.06
-7.30300e-02,-0.053,0.058
-7.30200e-02,-0.061,0.064
-7.30100e-02,-0.057,0.058
-7.30000e-02,-0.059,0.066
-7.29900e-02,-0.057,0.064
-7.29800e-02,-0.061,0.062
-7.29700e-02,-0.059,0.062
-7.29600e-02,-0.057,0.06
-7.29500e-02,-0.061,0.06
-7.29400e-02,-0.057,0.062
-7.29300e-02,-0.053,0.056
-7.29200e-02,-0.061,0.062
-7.29100e-02,-0.057,0.06
-7.29000e-02,-0.057,0.06
-7.28900e-02,-0.051,0.06
-7.28800e-02,-0.057,0.06
-7.28700e-02,-0.057,0.06
-7.28600e-02,-0.055,0.062
-7.28500e-02,-0.059,0.064
-7.28400e-02,-0.045,0.052
-7.28300e-02,-0.061,0.062
-7.28200e-02,-0.055,0.06
-7.28100e-02,-0.059,0.064
-7.28000e-02,-0.061,0.064
-7.27900e-02,-0.057,0.062
-7.27800e-02,-0.061,0.064
-7.27700e-02,-0.061,0.064
-7.27600e-02,-0.055,0.062
-7.27500e-02,-0.059,0.062
-7.27400e-02,-0.061,0.064
-7.27300e-02,-0.061,0.062
-7.27200e-02,-0.063,0.064
-7.27100e-02,-0.057,0.062
-7.27000e-02,-0.055,0.064
-7.26900e-02,-0.057,0.064
-7.26800e-02,-0.047,0.052
-7.26700e-02,-0.061,0.064
-7.26600e-02,-0.061,0.064
-7.26500e-02,-0.061,0.066
-7.26400e-02,-0.059,0.064
-7.26300e-02,-0.063,0.064
-7.26200e-02,-0.057,0.064
-7.26100e-02,-0.059,0.064
-7.26000e-02,-0.061,0.06
-7.25900e-02,-0.061,0.062
-7.25800e-02,-0.063,0.064
-7.25700e-02,-0.051,0.06
-7.25600e-02,-0.057,0.062
-7.25500e-02,-0.051,0.058
-7.25400e-02,-0.057,0.062
-7.25300e-02,-0.061,0.062
-7.25200e-02,-0.059,0.06
-7.25100e-02,-0.059,0.06
-7.25000e-02,-0.055,0.058
-7.24900e-02,-0.051,0.056
-7.24800e-02,-0.061,0.064
-7.24700e-02,-0.061,0.06
-7.24600e-02,-0.061,0.064
-7.24500e-02,-0.059,0.064
-7.24400e-02,-0.059,0.062
-7.24300e-02,-0.061,0.064
-7.24200e-02,-0.057,0.06
-7.24100e-02,-0.061,0.062
-7.24000e-02,-0.059,0.062
-7.23900e-02,-0.059,0.06
-7.23800e-02,-0.065,0.064
-7.23700e-02,-0.057,0.062
-7.23600e-02,-0.057,0.06
-7.23500e-02,-0.057,0.06
-7.23400e-02,-0.057,0.06
-7.23300e-02,-0.059,0.06
-7.23200e-02,-0.061,0.066
-7.23100e-02,-0.061,0.062
-7.23000e-02,-0.055,0.06
-7.22900e-02,-0.061,0.064
-7.22800e-02,-0.059,0.06
-7.22700e-02,-0.061,0.064
-7.22600e-02,-0.061,0.064
-7.22500e-02,-0.059,0.062
-7.22400e-02,-0.063,0.064
-7.22300e-02,-0.059,0.064
-7.22200e-02,-0.063,0.064
-7.22100e-02,-0.055,0.062
-7.22000e-02,-0.061,0.064
-7.21900e-02,-0.055,0.062
-7.21800e-02,-0.057,0.064
-7.21700e-02,-0.055,0.06
-7.21600e-02,-0.057,0.06
-7.21500e-02,-0.059,0.062
-7.21400e-02,-0.059,0.062
-7.21300e-02,-0.049,0.054
-7.21200e-02,-0.061,0.064
-7.21100e-02,-0.057,0.06
-7.21000e-02,-0.061,0.062
-7.20900e-02,-0.063,0.064
-7.20800e-02,-0.063,0.064
-7.20700e-02,-0.059,0.064
-7.20600e-02,-0.061,0.064
-7.20500e-02,-0.061,0.062
-7.20400e-02,-0.057,0.06
-7.20300e-02,-0.063,0.066
-7.20200e-02,-0.059,0.064
-7.20100e-02,-0.059,0.06
-7.20000e-02,-0.057,0.06
-7.19900e-02,-0.057,0.062
-7.19800e-02,-0.059,0.062
-7.19700e-02,-0.061,0.066
-7.19600e-02,-0.059,0.064
-7.19500e-02,-0.059,0.068
-7.19400e-02,-0.057,0.064
-7.19300e-02,-0.057,0.062
-7.19200e-02,-0.059,0.062
-7.19100e-02,-0.037,0.044
-7.19000e-02,-0.059,0.062
-7.18900e-02,-0.049,0.054
-7.18800e-02,-0.063,0.066
-7.18700e-02,-0.055,0.058
-7.18600e-02,-0.061,0.064
-7.18500e-02,-0.049,0.056
-7.18400e-02,-0.061,0.06
-7.18300e-02,-0.055,0.06
-7.18200e-02,-0.055,0.064
-7.18100e-02,-0.051,0.058
-7.18000e-02,-0.061,0.064
-7.17900e-02,-0.055,0.056
-7.17800e-02,-0.059,0.06
-7.17700e-02,-0.061,0.062
-7.17600e-02,-0.055,0.06
-7.17500e-02,-0.059,0.062
-7.17400e-02,-0.051,0.054
-7.17300e-02,-0.059,0.062
-7.17200e-02,-0.053,0.054
-7.17100e-02,-0.055,0.06
-7.17000e-02,-0.059,0.064
-7.16900e-02,-0.061,0.064
-7.16800e-02,-0.057,0.062
-7.16700e-02,-0.057,0.062
-7.16600e-02,-0.059,0.062
-7.16500e-02,-0.061,0.064
-7.16400e-02,-0.057,0.06
-7.16300e-02,-0.063,0.062
-7.16200e-02,-0.059,0.062
-7.16100e-02,-0.059,0.064
-7.16000e-02,-0.057,0.064
-7.15900e-02,-0.061,0.064
-7.15800e-02,-0.059,0.064
-7.15700e-02,-0.059,0.06
-7.15600e-02,-0.061,0.062
-7.15500e-02,-0.065,0.064
-7.15400e-02,-0.063,0.062
-7.15300e-02,-0.061,0.064
-7.15200e-02,-0.063,0.064
-7.15100e-02,-0.057,0.064
-7.15000e-02,-0.061,0.062
-7.14900e-02,-0.049,0.054
-7.14800e-02,-0.061,0.064
-7.14700e-02,-0.051,0.058
-7.14600e-02,-0.051,0.06
-7.14500e-02,-0.061,0.064
-7.14400e-02,-0.047,0.058
-7.14300e-02,-0.055,0.06
-7.14200e-02,-0.053,0.058
-7.14100e-02,-0.055,0.06
-7.14000e-02,-0.043,0.054
-7.13900e-02,-0.057,0.06
-7.13800e-02,-0.057,0.062
-7.13700e-02,-0.057,0.062
-7.13600e-02,-0.063,0.068
-7.13500e-02,-0.059,0.06
-7.13400e-02,-0.059,0.062
-7.13300e-02,-0.053,0.056
-7.13200e-02,-0.059,0.064
-7.13100e-02,-0.057,0.062
-7.13000e-02,-0.063,0.064
-7.12900e-02,-0.061,0.064
-7.12800e-02,-0.059,0.064
-7.12700e-02,-0.063,0.062
-7.12600e-02,-0.051,0.06
-7.12500e-02,-0.055,0.062
-7.12400e-02,-0.061,0.06
-7.12300e-02,-0.051,0.054
-7.12200e-02,-0.049,0.06
-7.12100e-02,-0.063,0.06
-7.12000e-02,-0.061,0.06
-7.11900e-02,-0.059,0.06
-7.11800e-02,-0.059,0.064
-7.11700e-02,-0.053,0.058
-7.11600e-02,-0.061,0.064
-7.11500e-02,-0.051,0.054
-7.11400e-02,-0.061,0.062
-7.11300e-02,-0.059,0.064
-7.11200e-02,-0.057,0.06
-7.11100e-02,-0.049,0.06
-7.11000e-02,-0.061,0.062
-7.10900e-02,-0.049,0.052
-7.10800e-02,-0.057,0.06
-7.10700e-02,-0.057,0.058
-7.10600e-02,-0.063,0.064
-7.10500e-02,-0.061,0.06
-7.10400e-02,-0.055,0.062
-7.10300e-02,-0.057,0.06
-7.10200e-02,-0.063,0.066
-7.10100e-02,-0.057,0.06
-7.10000e-02,-0.055,0.06
-7.09900e-02,-0.059,0.06
-7.09800e-02,-0.055,0.06
-7.09700e-02,-0.059,0.064
-7.09600e-02,-0.053,0.056
-7.09500e-02,-0.063,0.066
-7.09400e-02,-0.039,0.046
-7.09300e-02,-0.061,0.06
-7.09200e-02,-0.053,0.058
-7.09100e-02,-0.057,0.062
-7.09000e-02,-0.061,0.066
-7.08900e-02,-0.059,0.062
-7.08800e-02,-0.063,0.064
-7.08700e-02,-0.059,0.066
-7.08600e-02,-0.059,0.064
-7.08500e-02,-0.061,0.064
-7.08400e-02,-0.057,0.064
-7.08300e-02,-0.059,0.062
-7.08200e-02,-0.059,0.06
-7.08100e-02,-0.059,0.062
-7.08000e-02,-0.059,0.06
-7.07900e-02,-0.061,0.062
-7.07800e-02,-0.055,0.06
-7.07700e-02,-0.055,0.06
-7.07600e-02,-0.059,0.064
-7.07500e-02,-0.059,0.064
-7.07400e-02,-0.055,0.06
-7.07300e-02,-0.057,0.064
-7.07200e-02,-0.057,0.06
-7.07100e-02,-0.057,0.064
-7.07000e-02,-0.055,0.06
-7.06900e-02,-0.047,0.054
-7.06800e-02,-0.047,0.056
-7.06700e-02,-0.059,0.062
-7.06600e-02,-0.061,0.062
-7.06500e-02,-0.061,0.064
-7.06400e-02,-0.059,0.062
-7.06300e-02,-0.057,0.064
-7.06200e-02,-0.061,0.062
-7.06100e-02,-0.059,0.062
-7.06000e-02,-0.061,0.062
-7.05900e-02,-0.059,0.064
-7.05800e-02,-0.063,0.062
-7.05700e-02,-0.055,0.066
-7.05600e-02,-0.061,0.064
-7.05500e-02,-0.061,0.062
-7.05400e-02,-0.061,0.064
-7.05300e-02,-0.057,0.062
-7.05200e-02,-0.059,0.068
-7.05100e-02,-0.061,0.064
-7.05000e-02,-0.057,0.064
-7.04900e-02,-0.059,0.066
-7.04800e-02,-0.059,0.062
-7.04700e-02,-0.061,0.062
-7.04600e-02,-0.055,0.06
-7.04500e-02,-0.061,0.062
-7.04400e-02,-0.053,0.058
-7.04300e-02,-0.057,0.064
-7.04200e-02,-0.051,0.058
-7.04100e-02,-0.061,0.064
-7.04000e-02,-0.049,0.056
-7.03900e-02,-0.057,0.064
-7.03800e-02,-0.057,0.064
-7.03700e-02,-0.045,0.05
-7.03600e-02,-0.061,0.062
-7.03500e-02,-0.059,0.062
-7.03400e-02,-0.061,0.064
-7.03300e-02,-0.057,0.06
-7.03200e-02,-0.057,0.06
-7.03100e-02,-0.059,0.064
-7.03000e-02,-0.055,0.058
-7.02900e-02,-0.057,0.06
-7.02800e-02,-0.049,0.058
-7.02700e-02,-0.043,0.044
-7.02600e-02,-0.053,0.06
-7.02500e-02,-0.063,0.06
-7.02400e-02,-0.055,0.06
-7.02300e-02,-0.059,0.06
-7.02200e-02,-0.055,0.058
-7.02100e-02,-0.051,0.054
-7.02000e-02,-0.063,0.064
-7.01900e-02,-0.055,0.058
-7.01800e-02,-0.059,0.06
-7.01700e-02,-0.055,0.06
-7.01600e-02,-0.059,0.062
-7.01500e-02,-0.053,0.058
-7.01400e-02,-0.059,0.064
-7.01300e-02,-0.059,0.062
-7.01200e-02,-0.057,0.064
-7.01100e-02,-0.057,0.062
-7.01000e-02,-0.061,0.062
-7.00900e-02,-0.057,0.062
-7.00800e-02,-0.059,0.062
-7.00700e-02,-0.057,0.06
-7.00600e-02,-0.055,0.056
-7.00500e-02,-0.061,0.062
-7.00400e-02,-0.051,0.056
-7.00300e-02,-0.055,0.058
-7.00200e-02,-0.059,0.064
-7.00100e-02,-0.065,0.062
-7.00000e-02,-0.049,0.052
-6.99900e-02,-0.063,0.064
-6.99800e-02,-0.057,0.06
-6.99700e-02,-0.055,0.062
-6.99600e-02,-0.059,0.062
-6.99500e-02,-0.059,0.062
-6.99400e-02,-0.061,0.06
-6.99300e-02,-0.057,0.06
-6.99200e-02,-0.051,0.054
-6.99100e-02,-0.059,0.06
-6.99000e-02,-0.051,0.054
-6.98900e-02,-0.059,0.064
-6.98800e-02,-0.059,0.056
-6.98700e-02,-0.055,0.06
-6.98600e-02,-0.057,0.064
-6.98500e-02,-0.061,0.062
-6.98400e-02,-0.055,0.06
-6.98300e-02,-0.057,0.058
-6.98200e-02,-0.057,0.058
-6.98100e-02,-0.047,0.058
-6.98000e-02,-0.057,0.062
-6.97900e-02,-0.059,0.068
-6.97800e-02,-0.059,0.064
-6.97700e-02,-0.059,0.062
-6.97600e-02,-0.057,0.062
-6.97500e-02,-0.059,0.062
-6.97400e-02,-0.059,0.066
-6.97300e-02,-0.059,0.06
-6.97200e-02,-0.061,0.064
-6.97100e-02,-0.057,0.06
-6.97000e-02,-0.061,0.064
-6.96900e-02,-0.057,0.064
-6.96800e-02,-0.057,0.064
-6.96700e-02,-0.061,0.066
-6.96600e-02,-0.057,0.062
-6.96500e-02,-0.057,0.064
-6.96400e-02,-0.059,0.066
-6.96300e-02,-0.057,0.06
-6.96200e-02,-0.057,0.064
-6.96100e-02,-0.049,0.056
-6.96000e-02,-0.055,0.06
-6.95900e-02,-0.061,0.062
-6.95800e-02,-0.053,0.058
-6.95700e-02,-0.061,0.064
-6.95600e-02,-0.059,0.06
-6.95500e-02,-0.061,0.064
-6.95400e-02,-0.061,0.06
-6.95300e-02,-0.053,0.058
-6.95200e-02,-0.059,0.062
-6.95100e-02,-0.055,0.06
-6.95000e-02,-0.061,0.062
-6.94900e-02,-0.055,0.064
-6.94800e-02,-0.057,0.06
-6.94700e-02,-0.061,0.062
-6.94600e-02,-0.059,0.06
-6.94500e-02,-0.053,0.06
-6.94400e-02,-0.061,0.066
-6.94300e-02,-0.063,0.064
-6.94200e-02,-0.061,0.064
-6.94100e-02,-0.059,0.062
-6.94000e-02,-0.059,0.062
-6.93900e-02,-0.059,0.062
-6.93800e-02,-0.055,0.056
-6.93700e-02,-0.065,0.06
-6.93600e-02,-0.057,0.06
-6.93500e-02,-0.057,0.062
-6.93400e-02,-0.057,0.064
-6.93300e-02,-0.057,0.062
-6.93200e-02,-0.057,0.06
-6.93100e-02,-0.055,0.062
-6.93000e-02,-0.053,0.058
-6.92900e-02,-0.059,0.062
-6.92800e-02,-0.057,0.062
-6.92700e-02,-0.043,0.048
-6.92600e-02,-0.059,0.06
-6.92500e-02,-0.061,0.062
-6.92400e-02,-0.061,0.066
-6.92300e-02,-0.059,0.064
-6.92200e-02,-0.057,0.06
-6.92100e-02,-0.041,0.046
-6.92000e-02,-0.057,0.06
-6.91900e-02,-0.059,0.06
-6.91800e-02,-0.051,0.052
-6.91700e-02,-0.051,0.058
-6.91600e-02,-0.061,0.064
-6.91500e-02,-0.057,0.062
-6.91400e-02,-0.061,0.064
-6.91300e-02,-0.057,0.06
-6.91200e-02,-0.061,0.064
-6.91100e-02,-0.055,0.06
-6.91000e-02,-0.061,0.064
-6.90900e-02,-0.057,0.066
-6.90800e-02,-0.061,0.066
-6.90700e-02,-0.059,0.064
-6.90600e-02,-0.063,0.064
-6.90500e-02,-0.053,0.058
-6.90400e-02,-0.061,0.064
-6.90300e-02,-0.059,0.064
-6.90200e-02,-0.061,0.06
-6.90100e-02,-0.049,0.058
-6.90000e-02,-0.047,0.054
-6.89900e-02,-0.057,0.06
-6.89800e-02,-0.055,0.062
-6.89700e-02,-0.061,0.068
-6.89600e-02,-0.061,0.064
-6.89500e-02,-0.063,0.066
-6.89400e-02,-0.059,0.064
-6.89300e-02,-0.063,0.064
-6.89200e-02,-0.057,0.06
-6.89100e-02,-0.061,0.066
-6.89000e-02,-0.055,0.06
-6.88900e-02,-0.059,0.062
-6.88800e-02,-0.055,0.056
-6.88700e-02,-0.057,0.062
-6.88600e-02,-0.061,0.066
-6.88500e-02,-0.061,0.064
-6.88400e-02,-0.063,0.068
-6.88300e-02,-0.057,0.06
-6.88200e-02,-0.055,0.06
-6.88100e-02,-0.059,0.06
-6.88000e-02,-0.061,0.062
-6.87900e-02,-0.057,0.058
-6.87800e-02,-0.059,0.062
-6.87700e-02,-0.059,0.06
-6.87600e-02,-0.061,0.066
-6.87500e-02,-0.061,0.066
-6.87400e-02,-0.055,0.06
-6.87300e-02,-0.057,0.06
-6.87200e-02,-0.059,0.06
-6.87100e-02,-0.063,0.062
-6.87000e-02,-0.059,0.064
-6.86900e-02,-0.063,0.064
-6.86800e-02,-0.065,0.064
-6.86700e-02,-0.059,0.06
-6.86600e-02,-0.059,0.064
-6.86500e-02,-0.059,0.064
-6.86400e-02,-0.059,0.062
-6.86300e-02,-0.049,0.058
-6.86200e-02,-0.061,0.066
-6.86100e-02,-0.055,0.06
-6.86000e-02,-0.055,0.06
-6.85900e-02,-0.061,0.064
-6.85800e-02,-0.047,0.054
-6.85700e-02,-0.061,0.064
-6.85600e-02,-0.059,0.064
-6.85500e-02,-0.051,0.054
-6.85400e-02,-0.061,0.064
-6.85300e-02,-0.063,0.06
-6.85200e-02,-0.055,0.06
-6.85100e-02,-0.049,0.056
-6.85000e-02,-0.055,0.064
-6.84900e-02,-0.061,0.064
-6.84800e-02,-0.043,0.052
-6.84700e-02,-0.057,0.06
-6.84600e-02,-0.057,0.06
-6.84500e-02,-0.061,0.064
-6.84400e-02,-0.061,0.062
-6.84300e-02,-0.059,0.06
-6.84200e-02,-0.059,0.06
-6.84100e-02,-0.055,0.06
-6.84000e-02,-0.061,0.064
-6.83900e-02,-0.055,0.064
-6.83800e-02,-0.055,0.06
-6.83700e-02,-0.061,0.062
-6.83600e-02,-0.053,0.06
-6.83500e-02,-0.057,0.062
-6.83400e-02,-0.057,0.064
-6.83300e-02,-0.045,0.05
-6.83200e-02,-0.057,0.054
-6.83100e-02,-0.045,0.052
-6.83000e-02,-0.059,0.064
-6.82900e-02,-0.057,0.062
-6.82800e-02,-0.061,0.062
-6.82700e-02,-0.061,0.062
-6.82600e-02,-0.059,0.062
-6.82500e-02,-0.061,0.062
-6.82400e-02,-0.059,0.06
-6.82300e-02,-0.055,0.062
-6.82200e-02,-0.059,0.066
-6.82100e-02,-0.059,0.058
-6.82000e-02,-0.043,0.048
-6.81900e-02,-0.061,0.064
-6.81800e-02,-0.051,0.058
-6.81700e-02,-0.065,0.064
-6.81600e-02,-0.061,0.064
-6.81500e-02,-0.053,0.062
-6.81400e-02,-0.059,0.062
-6.81300e-02,-0.057,0.06
-6.81200e-02,-0.059,0.064
-6.81100e-02,-0.057,0.06
-6.81000e-02,-0.061,0.062
-6.80900e-02,-0.061,0.06
-6.80800e-02,-0.057,0.06
-6.80700e-02,-0.059,0.062
-6.80600e-02,-0.055,0.062
-6.80500e-02,-0.055,0.06
-6.80400e-02,-0.055,0.056
-6.80300e-02,-0.053,0.056
-6.80200e-02,-0.061,0.06
-6.80100e-02,-0.063,0.062
-6.80000e-02,-0.055,0.058
-6.79900e-02,-0.055,0.06
-6.79800e-02,-0.053,0.06
-6.79700e-02,-0.055,0.068
-6.79600e-02,-0.061,0.06
-6.79500e-02,-0.061,0.064
-6.79400e-02,-0.057,0.064
-6.79300e-02,-0.061,0.062
-6.79200e-02,-0.053,0.06
-6.79100e-02,-0.057,0.064
-6.79000e-02,-0.055,0.062
-6.78900e-02,-0.061,0.066
-6.78800e-02,-0.057,0.06
-6.78700e-02,-0.057,0.06
-6.78600e-02,-0.059,0.062
-6.78500e-02,-0.051,0.052
-6.78400e-02,-0.055,0.06
-6.78300e-02,-0.061,0.062
-6.78200e-02,-0.061,0.062
-6.78100e-02,-0.061,0.062
-6.78000e-02,-0.059,0.066
-6.77900e-02,-0.055,0.064
-6.77800e-02,-0.057,0.06
-6.77700e-02,-0.057,0.062
-6.77600e-02,-0.063,0.064
-6.77500e-02,-0.057,0.06
-6.77400e-02,-0.061,0.068
-6.77300e-02,-0.061,0.062
-6.77200e-02,-0.061,0.064
-6.77100e-02,-0.061,0.064
-6.77000e-02,-0.061,0.06
-6.76900e-02,-0.057,0.064
-6.76800e-02,-0.055,0.06
-6.76700e-02,-0.059,0.062
-6.76600e-02,-0.049,0.054
-6.76500e-02,-0.063,0.068
-6.76400e-02,-0.057,0.06
-6.76300e-02,-0.059,0.066
-6.76200e-02,-0.047,0.056
-6.76100e-02,-0.057,0.06
-6.76000e-02,-0.061,0.064
-6.75900e-02,-0.063,0.064
-6.75800e-02,-0.057,0.066
-6.75700e-02,-0.057,0.062
-6.75600e-02,-0.061,0.062
-6.75500e-02,-0.057,0.062
-6.75400e-02,-0.059,0.064
-6.75300e-02,-0.053,0.06
-6.75200e-02,-0.063,0.066
-6.75100e-02,-0.055,0.056
-6.75000e-02,-0.059,0.064
-6.74900e-02,-0.061,0.066
-6.74800e-02,-0.059,0.06
-6.74700e-02,-0.057,0.062
-6.74600e-02,-0.061,0.064
-6.74500e-02,-0.053,0.056
-6.74400e-02,-0.061,0.06
-6.74300e-02,-0.059,0.064
-6.74200e-02,-0.061,0.062
-6.74100e-02,-0.057,0.062
-6.74000e-02,-0.053,0.06
-6.73900e-02,-0.057,0.062
-6.73800e-02,-0.059,0.06
-6.73700e-02,-0.061,0.06
-6.73600e-02,-0.059,0.064
-6.73500e-02,-0.061,0.064
-6.73400e-02,-0.051,0.054
-6.73300e-02,-0.063,0.064
-6.73200e-02,-0.055,0.056
-6.73100e-02,-0.059,0.06
-6.73000e-02,-0.051,0.056
-6.72900e-02,-0.059,0.06
-6.72800e-02,-0.037,0.046
-6.72700e-02,-0.059,0.06
-6.72600e-02,-0.051,0.06
-6.72500e-02,-0.059,0.06
-6.72400e-02,-0.057,0.06
-6.72300e-02,-0.055,0.054
-6.72200e-02,-0.055,0.06
-6.72100e-02,-0.063,0.064
-6.72000e-02,-0.059,0.06
-6.71900e-02,-0.061,0.06
-6.71800e-02,-0.055,0.058
-6.71700e-02,-0.051,0.058
-6.71600e-02,-0.053,0.06
-6.71500e-02,-0.057,0.058
-6.71400e-02,-0.053,0.06
-6.71300e-02,-0.061,0.06
-6.71200e-02,-0.057,0.064
-6.71100e-02,-0.059,0.062
-6.71000e-02,-0.057,0.064
-6.70900e-02,-0.059,0.064
-6.70800e-02,-0.059,0.064
-6.70700e-02,-0.061,0.064
-6.70600e-02,-0.059,0.062
-6.70500e-02,-0.059,0.062
-6.70400e-02,-0.061,0.064
-6.70300e-02,-0.057,0.062
-6.70200e-02,-0.061,0.06
-6.70100e-02,-0.061,0.066
-6.70000e-02,-0.059,0.06
-6.69900e-02,-0.055,0.06
-6.69800e-02,-0.065,0.062
-6.69700e-02,-0.059,0.062
-6.69600e-02,-0.055,0.062
-6.69500e-02,-0.055,0.056
-6.69400e-02,-0.059,0.064
-6.69300e-02,-0.051,0.054
-6.69200e-02,-0.059,0.062
-6.69100e-02,-0.057,0.062
-6.69000e-02,-0.053,0.058
-6.68900e-02,-0.059,0.06
-6.68800e-02,-0.059,0.06
-6.68700e-02,-0.059,0.06
-6.68600e-02,-0.063,0.064
-6.68500e-02,-0.059,0.064
-6.68400e-02,-0.059,0.062
-6.68300e-02,-0.061,0.064
-6.68200e-02,-0.061,0.06
-6.68100e-02,-0.061,0.064
-6.68000e-02,-0.059,0.064
-6.67900e-02,-0.059,0.062
-6.67800e-02,-0.061,0.064
-6.67700e-02,-0.063,0.062
-6.67600e-02,-0.059,0.066
-6.67500e-02,-0.061,0.062
-6.67400e-02,-0.059,0.064
-6.67300e-02,-0.059,0.064
-6.67200e-02,-0.061,0.064
-6.67100e-02,-0.061,0.064
-6.67000e-02,-0.057,0.06
-6.66900e-02,-0.049,0.056
-6.66800e-02,-0.057,0.062
-6.66700e-02,-0.055,0.06
-6.66600e-02,-0.057,0.06
-6.66500e-02,-0.061,0.064
-6.66400e-02,-0.057,0.06
-6.66300e-02,-0.059,0.06
-6.66200e-02,-0.055,0.056
-6.66100e-02,-0.059,0.062
-6.66000e-02,-0.059,0.062
-6.65900e-02,-0.061,0.064
-6.65800e-02,-0.055,0.058
-6.65700e-02,-0.051,0.054
-6.65600e-02,-0.063,0.064
-6.65500e-02,-0.059,0.068
-6.65400e-02,-0.059,0.066
-6.65300e-02,-0.057,0.06
-6.65200e-02,-0.063,0.064
-6.65100e-02,-0.053,0.062
-6.65000e-02,-0.059,0.066
-6.64900e-02,-0.061,0.062
-6.64800e-02,-0.059,0.062
-6.64700e-02,-0.061,0.06
-6.64600e-02,-0.061,0.064
-6.64500e-02,-0.053,0.06
-6.64400e-02,-0.065,0.066
-6.64300e-02,-0.061,0.064
-6.64200e-02,-0.061,0.064
-6.64100e-02,-0.057,0.06
-6.64000e-02,-0.057,0.06
-6.63900e-02,-0.063,0.062
-6.63800e-02,-0.055,0.058
-6.63700e-02,-0.057,0.062
-6.63600e-02,-0.055,0.06
-6.63500e-02,-0.057,0.06
-6.63400e-02,-0.053,0.056
-6.63300e-02,-0.059,0.066
-6.63200e-02,-0.055,0.062
-6.63100e-02,-0.053,0.06
-6.63000e-02,-0.029,0.038
-6.62900e-02,-0.059,0.062
-6.62800e-02,-0.055,0.06
-6.62700e-02,-0.057,0.06
-6.62600e-02,-0.061,0.068
-6.62500e-02,-0.059,0.062
-6.62400e-02,-0.059,0.066
-6.62300e-02,-0.055,0.06
-6.62200e-02,-0.059,0.062
-6.62100e-02,-0.067,0.062
-6.62000e-02,-0.061,0.066
-6.61900e-02,-0.053,0.06
-6.61800e-02,-0.057,0.06
-6.61700e-02,-0.049,0.058
-6.61600e-02,-0.055,0.056
-6.61500e-02,-0.057,0.06
-6.61400e-02,-0.049,0.054
-6.61300e-02,-0.061,0.064
-6.61200e-02,-0.051,0.054
-6.61100e-02,-0.059,0.066
-6.61000e-02,-0.057,0.06
-6.60900e-02,-0.059,0.062
-6.60800e-02,-0.053,0.056
-6.60700e-02,-0.059,0.062
-6.60600e-02,-0.053,0.06
-6.60500e-02,-0.041,0.046
-6.60400e-02,-0.059,0.064
-6.60300e-02,-0.055,0.062
-6.60200e-02,-0.063,0.066
-6.60100e-02,-0.055,0.06
-6.60000e-02,-0.055,0.06
-6.59900e-02,-0.061,0.062
-6.59800e-02,-0.061,0.068
-6.59700e-02,-0.053,0.06
-6.59600e-02,-0.063,0.064
-6.59500e-02,-0.055,0.06
-6.59400e-02,-0.061,0.066
-6.59300e-02,-0.057,0.066
-6.59200e-02,-0.037,0.044
-6.59100e-02,-0.057,0.064
-6.59000e-02,-0.049,0.056
-6.58900e-02,-0.059,0.062
-6.58800e-02,-0.061,0.064
-6.58700e-02,-0.061,0.062
-6.58600e-02,-0.057,0.062
-6.58500e-02,-0.053,0.058
-6.58400e-02,-0.061,0.066
-6.58300e-02,-0.059,0.06
-6.58200e-02,-0.055,0.06
-6.58100e-02,-0.059,0.066
-6.58000e-02,-0.039,0.042
-6.57900e-02,-0.063,0.06
-6.57800e-02,-0.053,0.058
-6.57700e-02,-0.055,0.056
-6.57600e-02,-0.063,0.062
-6.57500e-02,-0.055,0.062
-6.57400e-02,-0.059,0.064
-6.57300e-02,-0.057,0.06
-6.57200e-02,-0.061,0.064
-6.57100e-02,-0.059,0.066
-6.57000e-02,-0.059,0.062
-6.56900e-02,-0.051,0.054
-6.56800e-02,-0.049,0.054
-6.56700e-02,-0.057,0.06
-6.56600e-02,-0.061,0.064
-6.56500e-02,-0.061,0.06
-6.56400e-02,-0.059,0.062
-6.56300e-02,-0.053,0.06
-6.56200e-02,-0.065,0.064
-6.56100e-02,-0.061,0.06
-6.56000e-02,-0.063,0.062
-6.55900e-02,-0.059,0.064
-6.55800e-02,-0.051,0.054
-6.55700e-02,-0.053,0.06
-6.55600e-02,-0.055,0.062
-6.55500e-02,-0.061,0.064
-6.55400e-02,-0.053,0.06
-6.55300e-02,-0.055,0.062
-6.55200e-02,-0.059,0.06
-6.55100e-02,-0.053,0.052
-6.55000e-02,-0.057,0.064
-6.54900e-02,-0.059,0.064
-6.54800e-02,-0.063,0.062
-6.54700e-02,-0.059,0.064
-6.54600e-02,-0.061,0.064
-6.54500e-02,-0.061,0.062
-6.54400e-02,-0.061,0.062
-6.54300e-02,-0.061,0.064
-6.54200e-02,-0.059,0.064
-6.54100e-02,-0.059,0.062
-6.54000e-02,-0.061,0.064
-6.53900e-02,-0.059,0.066
-6.53800e-02,-0.059,0.064
-6.53700e-02,-0.061,0.066
-6.53600e-02,-0.057,0.064
-6.53500e-02,-0.061,0.06
-6.53400e-02,-0.057,0.06
-6.53300e-02,-0.055,0.058
-6.53200e-02,-0.059,0.062
-6.53100e-02,-0.061,0.062
-6.53000e-02,-0.061,0.062
-6.52900e-02,-0.057,0.062
-6.52800e-02,-0.059,0.064
-6.52700e-02,-0.057,0.064
-6.52600e-02,-0.063,0.064
-6.52500e-02,-0.061,0.064
-6.52400e-02,-0.061,0.062
-6.52300e-02,-0.061,0.064
-6.52200e-02,-0.051,0.056
-6.52100e-02,-0.045,0.05
-6.52000e-02,-0.055,0.06
-6.51900e-02,-0.051,0.058
-6.51800e-02,-0.059,0.062
-6.51700e-02,-0.055,0.06
-6.51600e-02,-0.059,0.06
-6.51500e-02,-0.059,0.064
-6.51400e-02,-0.059,0.062
-6.51300e-02,-0.061,0.064
-6.51200e-02,-0.061,0.062
-6.51100e-02,-0.047,0.058
-6.51000e-02,-0.061,0.066
-6.50900e-02,-0.065,0.064
-6.50800e-02,-0.061,0.062
-6.50700e-02,-0.059,0.064
-6.50600e-02,-0.059,0.06
-6.50500e-02,-0.061,0.066
-6.50400e-02,-0.055,0.062
-6.50300e-02,-0.061,0.062
-6.50200e-02,-0.063,0.062
-6.50100e-02,-0.059,0.064
-6.50000e-02,-0.057,0.06
-6.49900e-02,-0.055,0.06
-6.49800e-02,-0.063,0.062
-6.49700e-02,-0.061,0.062
-6.49600e-02,-0.059,0.064
-6.49500e-02,-0.057,0.062
-6.49400e-02,-0.063,0.066
-6.49300e-02,-0.061,0.064
-6.49200e-02,-0.061,0.066
-6.49100e-02,-0.059,0.064
-6.49000e-02,-0.043,0.046
-6.48900e-02,-0.063,0.066
-6.48800e-02,-0.061,0.066
-6.48700e-02,-0.059,0.064
-6.48600e-02,-0.061,0.062
-6.48500e-02,-0.059,0.062
-6.48400e-02,-0.055,0.06
-6.48300e-02,-0.059,0.06
-6.48200e-02,-0.063,0.064
-6.48100e-02,-0.055,0.06
-6.48000e-02,-0.051,0.06
-6.47900e-02,-0.061,0.064
-6.47800e-02,-0.055,0.06
-6.47700e-02,-0.063,0.064
-6.47600e-02,-0.061,0.064
-6.47500e-02,-0.057,0.062
-6.47400e-02,-0.059,0.062
-6.47300e-02,-0.043,0.052
-6.47200e-02,-0.057,0.06
-6.47100e-02,-0.051,0.056
-6.47000e-02,-0.053,0.054
-6.46900e-02,-0.049,0.05
-6.46800e-02,-0.053,0.06
-6.46700e-02,-0.037,0.046
-6.46600e-02,-0.049,0.054
-6.46500e-02,-0.057,0.06
-6.46400e-02,-0.053,0.058
-6.46300e-02,-0.043,0.048
-6.46200e-02,-0.059,0.062
-6.46100e-02,-0.059,0.064
-6.46000e-02,-0.057,0.062
-6.45900e-02,-0.053,0.056
-6.45800e-02,-0.057,0.06
-6.45700e-02,-0.051,0.054
-6.45600e-02,-0.055,0.06
-6.45500e-02,-0.057,0.062
-6.45400e-02,-0.059,0.06
-6.45300e-02,-0.055,0.058
-6.45200e-02,-0.057,0.06
-6.45100e-02,-0.061,0.064
-6.45000e-02,-0.059,0.062
-6.44900e-02,-0.057,0.062
-6.44800e-02,-0.053,0.058
-6.44700e-02,-0.045,0.05
-6.44600e-02,-0.061,0.064
-6.44500e-02,-0.061,0.062
-6.44400e-02,-0.057,0.062
-6.44300e-02,-0.059,0.06
-6.44200e-02,-0.057,0.064
-6.44100e-02,-0.061,0.064
-6.44000e-02,-0.053,0.058
-6.43900e-02,-0.055,0.06
-6.43800e-02,-0.055,0.062
-6.43700e-02,-0.051,0.058
-6.43600e-02,-0.053,0.058
-6.43500e-02,-0.055,0.06
-6.43400e-02,-0.051,0.056
-6.43300e-02,-0.057,0.06
-6.43200e-02,-0.055,0.06
-6.43100e-02,-0.055,0.06
-6.43000e-02,-0.059,0.062
-6.42900e-02,-0.059,0.064
-6.42800e-02,-0.061,0.064
-6.42700e-02,-0.059,0.06
-6.42600e-02,-0.059,0.062
-6.42500e-02,-0.063,0.062
-6.42400e-02,-0.057,0.062
-6.42300e-02,-0.065,0.066
-6.42200e-02,-0.061,0.064
-6.42100e-02,-0.055,0.064
-6.42000e-02,-0.057,0.06
-6.41900e-02,-0.055,0.058
-6.41800e-02,-0.061,0.062
-6.41700e-02,-0.059,0.064
-6.41600e-02,-0.057,0.064
-6.41500e-02,-0.059,0.064
-6.41400e-02,-0.055,0.06
-6.41300e-02,-0.059,0.064
-6.41200e-02,-0.055,0.06
-6.41100e-02,-0.061,0.06
-6.41000e-02,-0.057,0.068
-6.40900e-02,-0.057,0.062
-6.40800e-02,-0.059,0.064
-6.40700e-02,-0.051,0.052
-6.40600e-02,-0.063,0.064
-6.40500e-02,-0.055,0.058
-6.40400e-02,-0.061,0.064
-6.40300e-02,-0.059,0.064
-6.40200e-02,-0.063,0.064
-6.40100e-02,-0.045,0.054
-6.40000e-02,-0.063,0.064
-6.39900e-02,-0.049,0.054
-6.39800e-02,-0.059,0.066
-6.39700e-02,-0.057,0.062
-6.39600e-02,-0.059,0.064
-6.39500e-02,-0.057,0.062
-6.39400e-02,-0.059,0.064
-6.39300e-02,-0.059,0.064
-6.39200e-02,-0.057,0.064
-6.39100e-02,-0.059,0.062
-6.39000e-02,-0.059,0.064
-6.38900e-02,-0.059,0.06
-6.38800e-02,-0.051,0.056
-6.38700e-02,-0.061,0.062
-6.38600e-02,-0.059,0.066
-6.38500e-02,-0.057,0.064
-6.38400e-02,-0.057,0.06
-6.38300e-02,-0.057,0.064
-6.38200e-02,-0.059,0.064
-6.38100e-02,-0.053,0.06
-6.38000e-02,-0.059,0.062
-6.37900e-02,-0.061,0.066
-6.37800e-02,-0.061,0.062
-6.37700e-02,-0.059,0.066
-6.37600e-02,-0.061,0.06
-6.37500e-02,-0.061,0.062
-6.37400e-02,-0.061,0.064
-6.37300e-02,-0.049,0.054
-6.37200e-02,-0.055,0.06
-6.37100e-02,-0.057,0.062
-6.37000e-02,-0.057,0.06
-6.36900e-02,-0.059,0.062
-6.36800e-02,-0.059,0.058
-6.36700e-02,-0.059,0.064
-6.36600e-02,-0.057,0.06
-6.36500e-02,-0.059,0.066
-6.36400e-02,-0.057,0.062
-6.36300e-02,-0.061,0.06
-6.36200e-02,-0.055,0.06
-6.36100e-02,-0.059,0.066
-6.36000e-02,-0.061,0.062
-6.35900e-02,-0.057,0.062
-6.35800e-02,-0.055,0.062
-6.35700e-02,-0.059,0.06
-6.35600e-02,-0.059,0.064
-6.35500e-02,-0.047,0.058
-6.35400e-02,-0.061,0.064
-6.35300e-02,-0.055,0.06
-6.35200e-02,-0.061,0.068
-6.35100e-02,-0.055,0.058
-6.35000e-02,-0.057,0.064
-6.34900e-02,-0.061,0.064
-6.34800e-02,-0.059,0.062
-6.34700e-02,-0.055,0.06
-6.34600e-02,-0.061,0.066
-6.34500e-02,-0.055,0.06
-6.34400e-02,-0.063,0.064
-6.34300e-02,-0.059,0.064
-6.34200e-02,-0.061,0.066
-6.34100e-02,-0.059,0.062
-6.34000e-02,-0.061,0.068
-6.33900e-02,-0.059,0.064
-6.33800e-02,-0.063,0.062
-6.33700e-02,-0.059,0.062
-6.33600e-02,-0.059,0.064
-6.33500e-02,-0.061,0.062
-6.33400e-02,-0.059,0.064
-6.33300e-02,-0.061,0.064
-6.33200e-02,-0.061,0.064
-6.33100e-02,-0.055,0.058
-6.33000e-02,-0.057,0.06
-6.32900e-02,-0.057,0.06
-6.32800e-02,-0.059,0.06
-6.32700e-02,-0.057,0.06
-6.32600e-02,-0.059,0.064
-6.32500e-02,-0.059,0.062
-6.32400e-02,-0.051,0.06
-6.32300e-02,-0.057,0.06
-6.32200e-02,-0.057,0.064
-6.32100e-02,-0.059,0.06
-6.32000e-02,-0.055,0.058
-6.31900e-02,-0.049,0.056
-6.31800e-02,-0.047,0.054
-6.31700e-02,-0.039,0.048
-6.31600e-02,-0.045,0.052
-6.31500e-02,-0.057,0.06
-6.31400e-02,-0.059,0.064
-6.31300e-02,-0.059,0.06
-6.31200e-02,-0.063,0.062
-6.31100e-02,-0.055,0.064
-6.31000e-02,-0.057,0.064
-6.30900e-02,-0.057,0.06
-6.30800e-02,-0.049,0.052
-6.30700e-02,-0.059,0.062
-6.30600e-02,-0.057,0.06
-6.30500e-02,-0.057,0.062
-6.30400e-02,-0.055,0.058
-6.30300e-02,-0.055,0.062
-6.30200e-02,-0.059,0.06
-6.30100e-02,-0.061,0.064
-6.30000e-02,-0.059,0.058
-6.29900e-02,-0.061,0.06
-6.29800e-02,-0.061,0.064
-6.29700e-02,-0.061,0.064
-6.29600e-02,-0.063,0.066
-6.29500e-02,-0.059,0.064
-6.29400e-02,-0.059,0.062
-6.29300e-02,-0.059,0.062
-6.29200e-02,-0.059,0.062
-6.29100e-02,-0.061,0.062
-6.29000e-02,-0.061,0.062
-6.28900e-02,-0.061,0.062
-6.28800e-02,-0.061,0.062
-6.28700e-02,-0.057,0.06
-6.28600e-02,-0.057,0.06
-6.28500e-02,-0.063,0.064
-6.28400e-02,-0.057,0.064
-6.28300e-02,-0.063,0.06
-6.28200e-02,-0.061,0.066
-6.28100e-02,-0.061,0.064
-6.28000e-02,-0.057,0.066
-6.27900e-02,-0.061,0.064
-6.27800e-02,-0.061,0.062
-6.27700e-02,-0.059,0.064
-6.27600e-02,-0.051,0.058
-6.27500e-02,-0.055,0.064
-6.27400e-02,-0.053,0.056
-6.27300e-02,-0.061,0.066
-6.27200e-02,-0.057,0.06
-6.27100e-02,-0.061,0.064
-6.27000e-02,-0.059,0.062
-6.26900e-02,-0.059,0.062
-6.26800e-02,-0.055,0.062
-6.26700e-02,-0.053,0.06
-6.26600e-02,-0.063,0.064
-6.26500e-02,-0.057,0.064
-6.26400e-02,-0.063,0.062
-6.26300e-02,-0.059,0.064
-6.26200e-02,-0.057,0.062
-6.26100e-02,-0.059,0.066
-6.26000e-02,-0.063,0.066
-6.25900e-02,-0.059,0.062
-6.25800e-02,-0.055,0.06
-6.25700e-02,-0.051,0.058
-6.25600e-02,-0.053,0.058
-6.25500e-02,-0.047,0.056
-6.25400e-02,-0.057,0.06
-6.25300e-02,-0.059,0.064
-6.25200e-02,-0.063,0.064
-6.25100e-02,-0.057,0.062
-6.25000e-02,-0.059,0.064
-6.24900e-02,-0.057,0.062
-6.24800e-02,-0.055,0.062
-6.24700e-02,-0.057,0.062
-6.24600e-02,-0.059,0.062
-6.24500e-02,-0.059,0.064
-6.24400e-02,-0.061,0.062
-6.24300e-02,-0.063,0.062
-6.24200e-02,-0.057,0.06
-6.24100e-02,-0.057,0.06
-6.24000e-02,-0.051,0.058
-6.23900e-02,-0.063,0.064
-6.23800e-02,-0.055,0.062
-6.23700e-02,-0.055,0.058
-6.23600e-02,-0.063,0.064
-6.23500e-02,-0.061,0.062
-6.23400e-02,-0.059,0.062
-6.23300e-02,-0.059,0.062
-6.23200e-02,-0.059,0.064
-6.23100e-02,-0.057,0.062
-6.23000e-02,-0.057,0.06
-6.22900e-02,-0.057,0.062
-6.22800e-02,-0.061,0.062
-6.22700e-02,-0.063,0.06
-6.22600e-02,-0.063,0.064
-6.22500e-02,-0.059,0.064
-6.22400e-02,-0.059,0.064
-6.22300e-02,-0.061,0.064
-6.22200e-02,-0.057,0.064
-6.22100e-02,-0.061,0.064
-6.22000e-02,-0.059,0.064
-6.21900e-02,-0.063,0.064
-6.21800e-02,-0.059,0.064
-6.21700e-02,-0.063,0.066
-6.21600e-02,-0.059,0.062
-6.21500e-02,-0.059,0.062
-6.21400e-02,-0.063,0.064
-6.21300e-02,-0.059,0.062
-6.21200e-02,-0.059,0.06
-6.21100e-02,-0.057,0.064
-6.21000e-02,-0.061,0.062
-6.20900e-02,-0.061,0.064
-6.20800e-02,-0.057,0.064
-6.20700e-02,-0.055,0.06
-6.20600e-02,-0.047,0.056
-6.20500e-02,-0.059,0.06
-6.20400e-02,-0.059,0.062
-6.20300e-02,-0.059,0.062
-6.20200e-02,-0.057,0.066
-6.20100e-02,-0.057,0.062
-6.20000e-02,-0.053,0.056
-6.19900e-02,-0.059,0.06
-6.19800e-02,-0.059,0.064
-6.19700e-02,-0.059,0.064
-6.19600e-02,-0.059,0.06
-6.19500e-02,-0.055,0.062
-6.19400e-02,-0.057,0.062
-6.19300e-02,-0.063,0.06
-6.19200e-02,-0.059,0.062
-6.19100e-02,-0.055,0.06
-6.19000e-02,-0.061,0.064
-6.18900e-02,-0.059,0.062
-6.18800e-02,-0.059,0.064
-6.18700e-02,-0.055,0.06
-6.18600e-02,-0.061,0.066
-6.18500e-02,-0.055,0.062
-6.18400e-02,-0.061,0.066
-6.18300e-02,-0.059,0.064
-6.18200e-02,-0.059,0.062
-6.18100e-02,-0.061,0.062
-6.18000e-02,-0.063,0.064
-6.17900e-02,-0.061,0.068
-6.17800e-02,-0.055,0.06
-6.17700e-02,-0.061,0.064
-6.17600e-02,-0.055,0.06
-6.17500e-02,-0.061,0.064
-6.17400e-02,-0.059,0.064
-6.17300e-02,-0.061,0.06
-6.17200e-02,-0.061,0.064
-6.17100e-02,-0.057,0.062
-6.17000e-02,-0.063,0.062
-6.16900e-02,-0.059,0.062
-6.16800e-02,-0.063,0.064
-6.16700e-02,-0.059,0.064
-6.16600e-02,-0.059,0.06
-6.16500e-02,-0.061,0.062
-6.16400e-02,-0.063,0.064
-6.16300e-02,-0.061,0.064
-6.16200e-02,-0.057,0.064
-6.16100e-02,-0.061,0.06
-6.16000e-02,-0.063,0.064
-6.15900e-02,-0.061,0.064
-6.15800e-02,-0.061,0.064
-6.15700e-02,-0.059,0.064
-6.15600e-02,-0.059,0.064
-6.15500e-02,-0.059,0.064
-6.15400e-02,-0.059,0.064
-6.15300e-02,-0.063,0.062
-6.15200e-02,-0.061,0.062
-6.15100e-02,-0.061,0.068
-6.15000e-02,-0.061,0.066
-6.14900e-02,-0.063,0.066
-6.14800e-02,-0.057,0.06
-6.14700e-02,-0.061,0.066
-6.14600e-02,-0.055,0.062
-6.14500e-02,-0.061,0.064
-6.14400e-02,-0.059,0.062
-6.14300e-02,-0.061,0.064
-6.14200e-02,-0.059,0.06
-6.14100e-02,-0.061,0.062
-6.14000e-02,-0.061,0.06
-6.13900e-02,-0.055,0.06
-6.13800e-02,-0.057,0.06
-6.13700e-02,-0.055,0.062
-6.13600e-02,-0.063,0.064
-6.13500e-02,-0.059,0.064
-6.13400e-02,-0.059,0.064
-6.13300e-02,-0.059,0.064
-6.13200e-02,-0.045,0.054
-6.13100e-02,-0.059,0.06
-6.13000e-02,-0.057,0.056
-6.12900e-02,-0.061,0.06
-6.12800e-02,-0.063,0.062
-6.12700e-02,-0.059,0.062
-6.12600e-02,-0.061,0.064
-6.12500e-02,-0.063,0.066
-6.12400e-02,-0.061,0.06
-6.12300e-02,-0.057,0.06
-6.12200e-02,-0.057,0.064
-6.12100e-02,-0.061,0.064
-6.12000e-02,-0.059,0.06
-6.11900e-02,-0.063,0.064
-6.11800e-02,-0.061,0.06
-6.11700e-02,-0.063,0.064
-6.11600e-02,-0.063,0.062
-6.11500e-02,-0.063,0.062
-6.11400e-02,-0.059,0.06
-6.11300e-02,-0.061,0.066
-6.11200e-02,-0.061,0.064
-6.11100e-02,-0.057,0.06
-6.11000e-02,-0.063,0.06
-6.10900e-02,-0.055,0.056
-6.10800e-02,-0.057,0.06
-6.10700e-02,-0.063,0.062
-6.10600e-02,-0.059,0.062
-6.10500e-02,-0.061,0.064
-6.10400e-02,-0.053,0.058
-6.10300e-02,-0.059,0.062
-6.10200e-02,-0.059,0.064
-6.10100e-02,-0.061,0.062
-6.10000e-02,-0.061,0.064
-6.09900e-02,-0.059,0.062
-6.09800e-02,-0.061,0.064
-6.09700e-02,-0.053,0.06
-6.09600e-02,-0.057,0.06
-6.09500e-02,-0.061,0.06
-6.09400e-02,-0.061,0.068
-6.09300e-02,-0.061,0.068
-6.09200e-02,-0.061,0.064
-6.09100e-02,-0.059,0.062
-6.09000e-02,-0.057,0.062
-6.08900e-02,-0.059,0.062
-6.08800e-02,-0.059,0.064
-6.08700e-02,-0.057,0.062
-6.08600e-02,-0.059,0.06
-6.08500e-02,-0.059,0.06
-6.08400e-02,-0.059,0.062
-6.08300e-02,-0.057,0.062
-6.08200e-02,-0.063,0.064
-6.08100e-02,-0.055,0.06
-6.08000e-02,-0.063,0.062
-6.07900e-02,-0.061,0.06
-6.07800e-02,-0.061,0.062
-6.07700e-02,-0.055,0.06
-6.07600e-02,-0.063,0.064
-6.07500e-02,-0.061,0.064
-6.07400e-02,-0.063,0.064
-6.07300e-02,-0.061,0.066
-6.07200e-02,-0.061,0.064
-6.07100e-02,-0.061,0.062
-6.07000e-02,-0.063,0.062
-6.06900e-02,-0.059,0.062
-6.06800e-02,-0.061,0.066
-6.06700e-02,-0.059,0.064
-6.06600e-02,-0.059,0.062
-6.06500e-02,-0.059,0.064
-6.06400e-02,-0.059,0.06
-6.06300e-02,-0.063,0.064
-6.06200e-02,-0.059,0.064
-6.06100e-02,-0.059,0.064
-6.06000e-02,-0.063,0.064
-6.05900e-02,-0.059,0.064
-6.05800e-02,-0.063,0.062
-6.05700e-02,-0.059,0.062
-6.05600e-02,-0.059,0.066
-6.05500e-02,-0.057,0.06
-6.05400e-02,-0.055,0.056
-6.05300e-02,-0.051,0.056
-6.05200e-02,-0.059,0.064
-6.05100e-02,-0.049,0.054
-6.05000e-02,-0.057,0.06
-6.04900e-02,-0.063,0.062
-6.04800e-02,-0.055,0.06
-6.04700e-02,-0.047,0.054
-6.04600e-02,-0.051,0.052
-6.04500e-02,-0.059,0.064
-6.04400e-02,-0.059,0.062
-6.04300e-02,-0.057,0.06
-6.04200e-02,-0.059,0.064
-6.04100e-02,-0.055,0.06
-6.04000e-02,-0.043,0.052
-6.03900e-02,-0.053,0.056
-6.03800e-02,-0.057,0.06
-6.03700e-02,-0.049,0.056
-6.03600e-02,-0.059,0.064
-6.03500e-02,-0.061,0.064
-6.03400e-02,-0.057,0.062
-6.03300e-02,-0.059,0.064
-6.03200e-02,-0.061,0.064
-6.03100e-02,-0.059,0.064
-6.03000e-02,-0.061,0.064
-6.02900e-02,-0.061,0.064
-6.02800e-02,-0.061,0.062
-6.02700e-02,-0.059,0.064
-6.02600e-02,-0.059,0.066
-6.02500e-02,-0.055,0.06
-6.02400e-02,-0.061,0.062
-6.02300e-02,-0.057,0.062
-6.02200e-02,-0.059,0.066
-6.02100e-02,-0.061,0.062
-6.02000e-02,-0.049,0.056
-6.01900e-02,-0.059,0.062
-6.01800e-02,-0.053,0.056
-6.01700e-02,-0.047,0.052
-6.01600e-02,-0.057,0.06
-6.01500e-02,-0.055,0.06
-6.01400e-02,-0.049,0.054
-6.01300e-02,-0.057,0.062
-6.01200e-02,-0.047,0.054
-6.01100e-02,-0.057,0.056
-6.01000e-02,-0.057,0.06
-6.00900e-02,-0.055,0.06
-6.00800e-02,-0.059,0.064
-6.00700e-02,-0.059,0.064
-6.00600e-02,-0.061,0.06
-6.00500e-02,-0.059,0.06
-6.00400e-02,-0.061,0.062
-6.00300e-02,-0.047,0.056
-6.00200e-02,-0.061,0.062
-6.00100e-02,-0.057,0.062
-6.00000e-02,-0.059,0.064
-5.99900e-02,-0.061,0.064
-5.99800e-02,-0.059,0.064
-5.99700e-02,-0.061,0.06
-5.99600e-02,-0.059,0.064
-5.99500e-02,-0.059,0.062
-5.99400e-02,-0.059,0.06
-5.99300e-02,-0.057,0.064
-5.99200e-02,-0.059,0.062
-5.99100e-02,-0.057,0.06
-5.99000e-02,-0.065,0.064
-5.98900e-02,-0.063,0.066
-5.98800e-02,-0.057,0.062
-5.98700e-02,-0.057,0.06
-5.98600e-02,-0.053,0.058
-5.98500e-02,-0.049,0.054
-5.98400e-02,-0.051,0.058
-5.98300e-02,-0.053,0.056
-5.98200e-02,-0.061,0.06
-5.98100e-02,-0.063,0.062
-5.98000e-02,-0.061,0.062
-5.97900e-02,-0.063,0.064
-5.97800e-02,-0.057,0.066
-5.97700e-02,-0.057,0.06
-5.97600e-02,-0.059,0.066
-5.97500e-02,-0.057,0.062
-5.97400e-02,-0.061,0.06
-5.97300e-02,-0.059,0.062
-5.97200e-02,-0.061,0.064
-5.97100e-02,-0.051,0.054
-5.97000e-02,-0.059,0.064
-5.96900e-02,-0.059,0.06
-5.96800e-02,-0.051,0.056
-5.96700e-02,-0.057,0.06
-5.96600e-02,-0.051,0.056
-5.96500e-02,-0.061,0.064
-5.96400e-02,-0.057,0.06
-5.96300e-02,-0.053,0.056
-5.96200e-02,-0.059,0.062
-5.96100e-02,-0.061,0.064
-5.96000e-02,-0.059,0.062
-5.95900e-02,-0.059,0.066
-5.95800e-02,-0.063,0.064
-5.95700e-02,-0.059,0.062
-5.95600e-02,-0.057,0.06
-5.95500e-02,-0.059,0.06
-5.95400e-02,-0.061,0.06
-5.95300e-02,-0.061,0.064
-5.95200e-02,-0.055,0.058
-5.95100e-02,-0.059,0.064
-5.95000e-02,-0.051,0.056
-5.94900e-02,-0.061,0.06
-5.94800e-02,-0.051,0.052
-5.94700e-02,-0.057,0.06
-5.94600e-02,-0.057,0.058
-5.94500e-02,-0.059,0.06
-5.94400e-02,-0.057,0.062
-5.94300e-02,-0.059,0.064
-5.94200e-02,-0.059,0.06
-5.94100e-02,-0.057,0.062
-5.94000e-02,-0.061,0.062
-5.93900e-02,-0.059,0.062
-5.93800e-02,-0.051,0.054
-5.93700e-02,-0.057,0.062
-5.93600e-02,-0.061,0.062
-5.93500e-02,-0.055,0.06
-5.93400e-02,-0.057,0.062
-5.93300e-02,-0.059,0.064
-5.93200e-02,-0.057,0.062
-5.93100e-02,-0.057,0.06
-5.93000e-02,-0.057,0.062
-5.92900e-02,-0.059,0.062
-5.92800e-02,-0.059,0.066
-5.92700e-02,-0.061,0.064
-5.92600e-02,-0.061,0.062
-5.92500e-02,-0.063,0.064
-5.92400e-02,-0.051,0.06
-5.92300e-02,-0.063,0.06
-5.92200e-02,-0.057,0.06
-5.92100e-02,-0.057,0.06
-5.92000e-02,-0.061,0.064
-5.91900e-02,-0.051,0.058
-5.91800e-02,-0.059,0.064
-5.91700e-02,-0.057,0.062
-5.91600e-02,-0.053,0.056
-5.91500e-02,-0.049,0.05
-5.91400e-02,-0.061,0.06
-5.91300e-02,-0.053,0.06
-5.91200e-02,-0.059,0.064
-5.91100e-02,-0.057,0.066
-5.91000e-02,-0.059,0.062
-5.90900e-02,-0.057,0.062
-5.90800e-02,-0.061,0.064
-5.90700e-02,-0.063,0.064
-5.90600e-02,-0.057,0.062
-5.90500e-02,-0.061,0.064
-5.90400e-02,-0.061,0.064
-5.90300e-02,-0.059,0.066
-5.90200e-02,-0.059,0.062
-5.90100e-02,-0.059,0.062
-5.90000e-02,-0.059,0.062
-5.89900e-02,-0.059,0.064
-5.89800e-02,-0.053,0.06
-5.89700e-02,-0.059,0.062
-5.89600e-02,-0.059,0.066
-5.89500e-02,-0.059,0.062
-5.89400e-02,-0.059,0.064
-5.89300e-02,-0.053,0.06
-5.89200e-02,-0.053,0.058
-5.89100e-02,-0.057,0.058
-5.89000e-02,-0.053,0.06
-5.88900e-02,-0.059,0.062
-5.88800e-02,-0.051,0.054
-5.88700e-02,-0.057,0.062
-5.88600e-02,-0.061,0.064
-5.88500e-02,-0.059,0.066
-5.88400e-02,-0.061,0.064
-5.88300e-02,-0.059,0.064
-5.88200e-02,-0.055,0.058
-5.88100e-02,-0.059,0.064
-5.88000e-02,-0.061,0.062
-5.87900e-02,-0.057,0.06
-5.87800e-02,-0.059,0.064
-5.87700e-02,-0.061,0.064
-5.87600e-02,-0.059,0.062
-5.87500e-02,-0.055,0.068
-5.87400e-02,-0.059,0.064
-5.87300e-02,-0.055,0.064
-5.87200e-02,-0.061,0.064
-5.87100e-02,-0.061,0.062
-5.87000e-02,-0.057,0.064
-5.86900e-02,-0.063,0.064
-5.86800e-02,-0.057,0.062
-5.86700e-02,-0.063,0.066
-5.86600e-02,-0.057,0.062
-5.86500e-02,-0.061,0.066
-5.86400e-02,-0.061,0.062
-5.86300e-02,-0.061,0.064
-5.86200e-02,-0.057,0.058
-5.86100e-02,-0.057,0.066
-5.86000e-02,-0.055,0.06
-5.85900e-02,-0.059,0.064
-5.85800e-02,-0.061,0.06
-5.85700e-02,-0.055,0.062
-5.85600e-02,-0.057,0.06
-5.85500e-02,-0.059,0.062
-5.85400e-02,-0.061,0.064
-5.85300e-02,-0.061,0.062
-5.85200e-02,-0.061,0.06
-5.85100e-02,-0.063,0.066
-5.85000e-02,-0.061,0.064
-5.84900e-02,-0.063,0.066
-5.84800e-02,-0.057,0.062
-5.84700e-02,-0.059,0.064
-5.84600e-02,-0.057,0.06
-5.84500e-02,-0.061,0.062
-5.84400e-02,-0.057,0.062
-5.84300e-02,-0.061,0.064
-5.84200e-02,-0.057,0.06
-5.84100e-02,-0.061,0.064
-5.84000e-02,-0.059,0.062
-5.83900e-02,-0.055,0.06
-5.83800e-02,-0.059,0.06
-5.83700e-02,-0.043,0.05
-5.83600e-02,-0.061,0.066
-5.83500e-02,-0.053,0.058
-5.83400e-02,-0.061,0.066
-5.83300e-02,-0.061,0.064
-5.83200e-02,-0.059,0.064
-5.83100e-02,-0.059,0.06
-5.83000e-02,-0.063,0.06
-5.82900e-02,-0.063,0.064
-5.82800e-02,-0.059,0.064
-5.82700e-02,-0.059,0.064
-5.82600e-02,-0.061,0.064
-5.82500e-02,-0.059,0.064
-5.82400e-02,-0.059,0.066
-5.82300e-02,-0.059,0.06
-5.82200e-02,-0.059,0.064
-5.82100e-02,-0.057,0.064
-5.82000e-02,-0.059,0.06
-5.81900e-02,-0.059,0.064
-5.81800e-02,-0.063,0.064
-5.81700e-02,-0.061,0.064
-5.81600e-02,-0.059,0.064
-5.81500e-02,-0.055,0.058
-5.81400e-02,-0.057,0.062
-5.81300e-02,-0.057,0.06
-5.81200e-02,-0.063,0.066
-5.81100e-02,-0.061,0.064
-5.81000e-02,-0.057,0.064
-5.80900e-02,-0.059,0.066
-5.80800e-02,-0.057,0.066
-5.80700e-02,-0.063,0.064
-5.80600e-02,-0.059,0.06
-5.80500e-02,-0.059,0.064
-5.80400e-02,-0.061,0.066
-5.80300e-02,-0.061,0.064
-5.80200e-02,-0.059,0.064
-5.80100e-02,-0.063,0.064
-5.80000e-02,-0.059,0.062
-5.79900e-02,-0.059,0.062
-5.79800e-02,-0.057,0.06
-5.79700e-02,-0.059,0.064
-5.79600e-02,-0.061,0.06
-5.79500e-02,-0.055,0.062
-5.79400e-02,-0.061,0.06
-5.79300e-02,-0.061,0.06
-5.79200e-02,-0.059,0.062
-5.79100e-02,-0.061,0.064
-5.79000e-02,-0.063,0.066
-5.78900e-02,-0.055,0.064
-5.78800e-02,-0.057,0.062
-5.78700e-02,-0.063,0.064
-5.78600e-02,-0.061,0.062
-5.78500e-02,-0.059,0.062
-5.78400e-02,-0.049,0.052
-5.78300e-02,-0.057,0.064
-5.78200e-02,-0.061,0.064
-5.78100e-02,-0.059,0.06
-5.78000e-02,-0.059,0.064
-5.77900e-02,-0.061,0.064
-5.77800e-02,-0.051,0.054
-5.77700e-02,-0.057,0.064
-5.77600e-02,-0.051,0.058
-5.77500e-02,-0.057,0.06
-5.77400e-02,-0.059,0.06
-5.77300e-02,-0.055,0.064
-5.77200e-02,-0.057,0.06
-5.77100e-02,-0.059,0.06
-5.77000e-02,-0.057,0.06
-5.76900e-02,-0.059,0.062
-5.76800e-02,-0.059,0.06
-5.76700e-02,-0.057,0.06
-5.76600e-02,-0.059,0.064
-5.76500e-02,-0.061,0.064
-5.76400e-02,-0.059,0.06
-5.76300e-02,-0.059,0.064
-5.76200e-02,-0.061,0.06
-5.76100e-02,-0.059,0.062
-5.76000e-02,-0.061,0.064
-5.75900e-02,-0.061,0.064
-5.75800e-02,-0.063,0.064
-5.75700e-02,-0.063,0.066
-5.75600e-02,-0.063,0.066
-5.75500e-02,-0.059,0.068
-5.75400e-02,-0.057,0.062
-5.75300e-02,-0.059,0.06
-5.75200e-02,-0.057,0.062
-5.75100e-02,-0.063,0.064
-5.75000e-02,-0.061,0.064
-5.74900e-02,-0.059,0.062
-5.74800e-02,-0.061,0.064
-5.74700e-02,-0.063,0.064
-5.74600e-02,-0.059,0.064
-5.74500e-02,-0.059,0.064
-5.74400e-02,-0.059,0.062
-5.74300e-02,-0.061,0.064
-5.74200e-02,-0.059,0.064
-5.74100e-02,-0.061,0.062
-5.74000e-02,-0.057,0.062
-5.73900e-02,-0.057,0.064
-5.73800e-02,-0.055,0.062
-5.73700e-02,-0.059,0.062
-5.73600e-02,-0.061,0.062
-5.73500e-02,-0.061,0.064
-5.73400e-02,-0.059,0.062
-5.73300e-02,-0.059,0.064
-5.73200e-02,-0.063,0.064
-5.73100e-02,-0.061,0.062
-5.73000e-02,-0.059,0.062
-5.72900e-02,-0.061,0.062
-5.72800e-02,-0.049,0.056
-5.72700e-02,-0.055,0.062
-5.72600e-02,-0.063,0.064
-5.72500e-02,-0.061,0.066
-5.72400e-02,-0.055,0.06
-5.72300e-02,-0.059,0.062
-5.72200e-02,-0.055,0.056
-5.72100e-02,-0.055,0.06
-5.72000e-02,-0.053,0.058
-5.71900e-02,-0.053,0.052
-5.71800e-02,-0.059,0.062
-5.71700e-02,-0.055,0.058
-5.71600e-02,-0.059,0.062
-5.71500e-02,-0.061,0.06
-5.71400e-02,-0.049,0.054
-5.71300e-02,-0.055,0.06
-5.71200e-02,-0.053,0.06
-5.71100e-02,-0.051,0.054
-5.71000e-02,-0.061,0.062
-5.70900e-02,-0.061,0.06
-5.70800e-02,-0.065,0.064
-5.70700e-02,-0.057,0.064
-5.70600e-02,-0.063,0.064
-5.70500e-02,-0.057,0.06
-5.70400e-02,-0.061,0.062
-5.70300e-02,-0.055,0.058
-5.70200e-02,-0.061,0.064
-5.70100e-02,-0.053,0.054
-5.70000e-02,-0.061,0.062
-5.69900e-02,-0.063,0.062
-5.69800e-02,-0.061,0.062
-5.69700e-02,-0.055,0.062
-5.69600e-02,-0.059,0.066
-5.69500e-02,-0.061,0.064
-5.69400e-02,-0.059,0.062
-5.69300e-02,-0.059,0.062
-5.69200e-02,-0.059,0.064
-5.69100e-02,-0.059,0.06
-5.69000e-02,-0.055,0.06
-5.68900e-02,-0.055,0.06
-5.68800e-02,-0.061,0.062
-5.68700e-02,-0.061,0.064
-5.68600e-02,-0.061,0.06
-5.68500e-02,-0.061,0.062
-5.68400e-02,-0.063,0.064
-5.68300e-02,-0.059,0.064
-5.68200e-02,-0.059,0.062
-5.68100e-02,-0.059,0.06
-5.68000e-02,-0.055,0.06
-5.67900e-02,-0.057,0.062
-5.67800e-02,-0.053,0.058
-5.67700e-02,-0.055,0.062
-5.67600e-02,-0.059,0.066
-5.67500e-02,-0.057,0.064
-5.67400e-02,-0.061,0.062
-5.67300e-02,-0.057,0.064
-5.67200e-02,-0.061,0.064
-5.67100e-02,-0.061,0.062
-5.67000e-02,-0.061,0.062
-5.66900e-02,-0.063,0.064
-5.66800e-02,-0.061,0.062
-5.66700e-02,-0.061,0.066
-5.66600e-02,-0.057,0.068
-5.66500e-02,-0.057,0.06
-5.66400e-02,-0.057,0.062
-5.66300e-02,-0.059,0.062
-5.66200e-02,-0.061,0.06
-5.66100e-02,-0.055,0.06
-5.66000e-02,-0.059,0.064
-5.65900e-02,-0.059,0.06
-5.65800e-02,-0.061,0.066
-5.65700e-02,-0.059,0.066
-5.65600e-02,-0.061,0.066
-5.65500e-02,-0.061,0.06
-5.65400e-02,-0.061,0.064
-5.65300e-02,-0.061,0.06
-5.65200e-02,-0.053,0.06
-5.65100e-02,-0.057,0.064
-5.65000e-02,-0.057,0.06
-5.64900e-02,-0.061,0.064
-5.64800e-02,-0.051,0.058
-5.64700e-02,-0.061,0.06
-5.64600e-02,-0.053,0.062
-5.64500e-02,-0.051,0.058
-5.64400e-02,-0.053,0.06
-5.64300e-02,-0.055,0.06
-5.64200e-02,-0.059,0.064
-5.64100e-02,-0.065,0.064
-5.64000e-02,-0.061,0.06
-5.63900e-02,-0.057,0.06
-5.63800e-02,-0.059,0.064
-5.63700e-02,-0.053,0.06
-5.63600e-02,-0.053,0.058
-5.63500e-02,-0.063,0.064
-5.63400e-02,-0.055,0.06
-5.63300e-02,-0.061,0.064
-5.63200e-02,-0.059,0.06
-5.63100e-02,-0.059,0.06
-5.63000e-02,-0.059,0.064
-5.62900e-02,-0.055,0.062
-5.62800e-02,-0.057,0.062
-5.62700e-02,-0.059,0.066
-5.62600e-02,-0.057,0.064
-5.62500e-02,-0.055,0.06
-5.62400e-02,-0.059,0.062
-5.62300e-02,-0.055,0.058
-5.62200e-02,-0.055,0.06
-5.62100e-02,-0.059,0.06
-5.62000e-02,-0.061,0.068
-5.61900e-02,-0.061,0.06
-5.61800e-02,-0.057,0.062
-5.61700e-02,-0.061,0.064
-5.61600e-02,-0.061,0.064
-5.61500e-02,-0.061,0.062
-5.61400e-02,-0.063,0.064
-5.61300e-02,-0.059,0.066
-5.61200e-02,-0.061,0.062
-5.61100e-02,-0.059,0.062
-5.61000e-02,-0.061,0.066
-5.60900e-02,-0.059,0.064
-5.60800e-02,-0.059,0.064
-5.60700e-02,-0.061,0.064
-5.60600e-02,-0.063,0.062
-5.60500e-02,-0.047,0.054
-5.60400e-02,-0.061,0.064
-5.60300e-02,-0.057,0.06
-5.60200e-02,-0.061,0.062
-5.60100e-02,-0.065,0.064
-5.60000e-02,-0.059,0.064
-5.59900e-02,-0.061,0.062
-5.59800e-02,-0.053,0.06
-5.59700e-02,-0.061,0.066
-5.59600e-02,-0.061,0.064
-5.59500e-02,-0.057,0.062
-5.59400e-02,-0.059,0.064
-5.59300e-02,-0.063,0.064
-5.59200e-02,-0.057,0.062
-5.59100e-02,-0.063,0.066
-5.59000e-02,-0.055,0.062
-5.58900e-02,-0.057,0.062
-5.58800e-02,-0.061,0.068
-5.58700e-02,-0.061,0.064
-5.58600e-02,-0.063,0.062
-5.58500e-02,-0.057,0.06
-5.58400e-02,-0.059,0.066
-5.58300e-02,-0.059,0.062
-5.58200e-02,-0.057,0.062
-5.58100e-02,-0.063,0.064
-5.58000e-02,-0.055,0.062
-5.57900e-02,-0.057,0.06
-5.57800e-02,-0.053,0.056
-5.57700e-02,-0.047,0.05
-5.57600e-02,-0.059,0.06
-5.57500e-02,-0.061,0.062
-5.57400e-02,-0.055,0.06
-5.57300e-02,-0.059,0.066
-5.57200e-02,-0.063,0.064
-5.57100e-02,-0.053,0.056
-5.57000e-02,-0.063,0.064
-5.56900e-02,-0.057,0.062
-5.56800e-02,-0.059,0.066
-5.56700e-02,-0.047,0.056
-5.56600e-02,-0.057,0.062
-5.56500e-02,-0.051,0.056
-5.56400e-02,-0.061,0.066
-5.56300e-02,-0.057,0.062
-5.56200e-02,-0.059,0.062
-5.56100e-02,-0.059,0.062
-5.56000e-02,-0.059,0.064
-5.55900e-02,-0.063,0.062
-5.55800e-02,-0.061,0.064
-5.55700e-02,-0.063,0.064
-5.55600e-02,-0.047,0.054
-5.55500e-02,-0.059,0.064
-5.55400e-02,-0.055,0.06
-5.55300e-02,-0.057,0.062
-5.55200e-02,-0.055,0.06
-5.55100e-02,-0.059,0.066
-5.55000e-02,-0.061,0.064
-5.54900e-02,-0.061,0.064
-5.54800e-02,-0.059,0.064
-5.54700e-02,-0.059,0.062
-5.54600e-02,-0.057,0.064
-5.54500e-02,-0.061,0.06
-5.54400e-02,-0.057,0.06
-5.54300e-02,-0.059,0.066
-5.54200e-02,-0.059,0.066
-5.54100e-02,-0.063,0.064
-5.54000e-02,-0.055,0.058
-5.53900e-02,-0.047,0.054
-5.53800e-02,-0.061,0.064
-5.53700e-02,-0.057,0.06
-5.53600e-02,-0.059,0.064
-5.53500e-02,-0.061,0.062
-5.53400e-02,-0.061,0.06
-5.53300e-02,-0.057,0.062
-5.53200e-02,-0.061,0.064
-5.53100e-02,-0.061,0.062
-5.53000e-02,-0.063,0.064
-5.52900e-02,-0.057,0.058
-5.52800e-02,-0.057,0.06
-5.52700e-02,-0.053,0.058
-5.52600e-02,-0.057,0.062
-5.52500e-02,-0.055,0.058
-5.52400e-02,-0.049,0.058
-5.52300e-02,-0.055,0.06
-5.52200e-02,-0.059,0.06
-5.52100e-02,-0.057,0.06
-5.52000e-02,-0.061,0.064
-5.51900e-02,-0.059,0.064
-5.51800e-02,-0.061,0.064
-5.51700e-02,-0.063,0.064
-5.51600e-02,-0.057,0.058
-5.51500e-02,-0.061,0.062
-5.51400e-02,-0.057,0.062
-5.51300e-02,-0.057,0.06
-5.51200e-02,-0.065,0.064
-5.51100e-02,-0.059,0.062
-5.51000e-02,-0.061,0.064
-5.50900e-02,-0.057,0.062
-5.50800e-02,-0.059,0.064
-5.50700e-02,-0.059,0.064
-5.50600e-02,-0.059,0.066
-5.50500e-02,-0.059,0.062
-5.50400e-02,-0.059,0.064
-5.50300e-02,-0.061,0.062
-5.50200e-02,-0.055,0.064
-5.50100e-02,-0.059,0.064
-5.50000e-02,-0.059,0.062
-5.49900e-02,-0.053,0.058
-5.49800e-02,-0.061,0.062
-5.49700e-02,-0.063,0.06
-5.49600e-02,-0.059,0.064
-5.49500e-02,-0.059,0.062
-5.49400e-02,-0.053,0.056
-5.49300e-02,-0.055,0.06
-5.49200e-02,-0.063,0.064
-5.49100e-02,-0.059,0.064
-5.49000e-02,-0.057,0.06
-5.48900e-02,-0.057,0.062
-5.48800e-02,-0.059,0.064
-5.48700e-02,-0.063,0.064
-5.48600e-02,-0.065,0.064
-5.48500e-02,-0.059,0.062
-5.48400e-02,-0.061,0.064
-5.48300e-02,-0.059,0.064
-5.48200e-02,-0.059,0.062
-5.48100e-02,-0.057,0.06
-5.48000e-02,-0.059,0.062
-5.47900e-02,-0.059,0.064
-5.47800e-02,-0.063,0.068
-5.47700e-02,-0.061,0.06
-5.47600e-02,-0.059,0.062
-5.47500e-02,-0.061,0.064
-5.47400e-02,-0.061,0.064
-5.47300e-02,-0.061,0.062
-5.47200e-02,-0.051,0.058
-5.47100e-02,-0.061,0.06
-5.47000e-02,-0.055,0.06
-5.46900e-02,-0.055,0.056
-5.46800e-02,-0.041,0.046
-5.46700e-02,-0.047,0.052
-5.46600e-02,-0.055,0.058
-5.46500e-02,-0.059,0.06
-5.46400e-02,-0.061,0.062
-5.46300e-02,-0.059,0.066
-5.46200e-02,-0.061,0.064
-5.46100e-02,-0.061,0.064
-5.46000e-02,-0.061,0.064
-5.45900e-02,-0.057,0.06
-5.45800e-02,-0.063,0.064
-5.45700e-02,-0.059,0.06
-5.45600e-02,-0.063,0.06
-5.45500e-02,-0.061,0.066
-5.45400e-02,-0.053,0.06
-5.45300e-02,-0.057,0.062
-5.45200e-02,-0.061,0.066
-5.45100e-02,-0.059,0.064
-5.45000e-02,-0.059,0.064
-5.44900e-02,-0.053,0.062
-5.44800e-02,-0.063,0.062
-5.44700e-02,-0.061,0.062
-5.44600e-02,-0.051,0.05
-5.44500e-02,-0.057,0.06
-5.44400e-02,-0.063,0.064
-5.44300e-02,-0.059,0.062
-5.44200e-02,-0.055,0.066
-5.44100e-02,-0.061,0.066
-5.44000e-02,-0.059,0.064
-5.43900e-02,-0.053,0.058
-5.43800e-02,-0.061,0.062
-5.43700e-02,-0.061,0.062
-5.43600e-02,-0.057,0.062
-5.43500e-02,-0.061,0.066
-5.43400e-02,-0.049,0.058
-5.43300e-02,-0.059,0.064
-5.43200e-02,-0.057,0.058
-5.43100e-02,-0.061,0.064
-5.43000e-02,-0.057,0.062
-5.42900e-02,-0.061,0.064
-5.42800e-02,-0.063,0.062
-5.42700e-02,-0.059,0.06
-5.42600e-02,-0.059,0.062
-5.42500e-02,-0.061,0.064
-5.42400e-02,-0.063,0.062
-5.42300e-02,-0.057,0.06
-5.42200e-02,-0.061,0.064
-5.42100e-02,-0.057,0.06
-5.42000e-02,-0.059,0.06
-5.41900e-02,-0.059,0.06
-5.41800e-02,-0.061,0.064
-5.41700e-02,-0.061,0.064
-5.41600e-02,-0.045,0.05
-5.41500e-02,-0.061,0.064
-5.41400e-02,-0.047,0.05
-5.41300e-02,-0.061,0.062
-5.41200e-02,-0.059,0.064
-5.41100e-02,-0.061,0.06
-5.41000e-02,-0.063,0.064
-5.40900e-02,-0.055,0.056
-5.40800e-02,-0.057,0.06
-5.40700e-02,-0.059,0.06
-5.40600e-02,-0.059,0.062
-5.40500e-02,-0.055,0.058
-5.40400e-02,-0.057,0.062
-5.40300e-02,-0.061,0.064
-5.40200e-02,-0.061,0.064
-5.40100e-02,-0.061,0.062
-5.40000e-02,-0.057,0.064
-5.39900e-02,-0.059,0.062
-5.39800e-02,-0.057,0.066
-5.39700e-02,-0.057,0.06
-5.39600e-02,-0.061,0.068
-5.39500e-02,-0.057,0.06
-5.39400e-02,-0.057,0.06
-5.39300e-02,-0.059,0.06
-5.39200e-02,-0.057,0.062
-5.39100e-02,-0.061,0.064
-5.39000e-02,-0.057,0.066
-5.38900e-02,-0.061,0.064
-5.38800e-02,-0.051,0.06
-5.38700e-02,-0.055,0.062
-5.38600e-02,-0.059,0.068
-5.38500e-02,-0.057,0.064
-5.38400e-02,-0.057,0.064
-5.38300e-02,-0.063,0.06
-5.38200e-02,-0.055,0.06
-5.38100e-02,-0.059,0.064
-5.38000e-02,-0.057,0.064
-5.37900e-02,-0.059,0.06
-5.37800e-02,-0.061,0.064
-5.37700e-02,-0.059,0.064
-5.37600e-02,-0.059,0.066
-5.37500e-02,-0.055,0.054
-5.37400e-02,-0.061,0.064
-5.37300e-02,-0.061,0.062
-5.37200e-02,-0.065,0.064
-5.37100e-02,-0.063,0.064
-5.37000e-02,-0.063,0.062
-5.36900e-02,-0.055,0.064
-5.36800e-02,-0.059,0.064
-5.36700e-02,-0.057,0.06
-5.36600e-02,-0.061,0.062
-5.36500e-02,-0.051,0.056
-5.36400e-02,-0.059,0.06
-5.36300e-02,-0.057,0.06
-5.36200e-02,-0.055,0.062
-5.36100e-02,-0.063,0.066
-5.36000e-02,-0.057,0.062
-5.35900e-02,-0.057,0.062
-5.35800e-02,-0.059,0.064
-5.35700e-02,-0.061,0.064
-5.35600e-02,-0.059,0.064
-5.35500e-02,-0.061,0.062
-5.35400e-02,-0.055,0.064
-5.35300e-02,-0.061,0.064
-5.35200e-02,-0.059,0.066
-5.35100e-02,-0.061,0.066
-5.35000e-02,-0.061,0.062
-5.34900e-02,-0.055,0.054
-5.34800e-02,-0.059,0.064
-5.34700e-02,-0.061,0.064
-5.34600e-02,-0.049,0.056
-5.34500e-02,-0.059,0.062
-5.34400e-02,-0.057,0.066
-5.34300e-02,-0.061,0.062
-5.34200e-02,-0.061,0.064
-5.34100e-02,-0.059,0.062
-5.34000e-02,-0.061,0.064
-5.33900e-02,-0.059,0.068
-5.33800e-02,-0.063,0.064
-5.33700e-02,-0.061,0.066
-5.33600e-02,-0.063,0.064
-5.33500e-02,-0.063,0.06
-5.33400e-02,-0.061,0.062
-5.33300e-02,-0.049,0.06
-5.33200e-02,-0.057,0.06
-5.33100e-02,-0.059,0.06
-5.33000e-02,-0.061,0.062
-5.32900e-02,-0.061,0.06
-5.32800e-02,-0.055,0.058
-5.32700e-02,-0.051,0.052
-5.32600e-02,-0.057,0.06
-5.32500e-02,-0.059,0.058
-5.32400e-02,-0.049,0.052
-5.32300e-02,-0.047,0.052
-5.32200e-02,-0.061,0.062
-5.32100e-02,-0.057,0.062
-5.32000e-02,-0.061,0.064
-5.31900e-02,-0.059,0.062
-5.31800e-02,-0.057,0.064
-5.31700e-02,-0.059,0.062
-5.31600e-02,-0.063,0.064
-5.31500e-02,-0.055,0.06
-5.31400e-02,-0.063,0.062
-5.31300e-02,-0.055,0.058
-5.31200e-02,-0.063,0.064
-5.31100e-02,-0.059,0.064
-5.31000e-02,-0.059,0.062
-5.30900e-02,-0.045,0.048
-5.30800e-02,-0.057,0.062
-5.30700e-02,-0.053,0.058
-5.30600e-02,-0.061,0.064
-5.30500e-02,-0.055,0.06
-5.30400e-02,-0.063,0.064
-5.30300e-02,-0.059,0.062
-5.30200e-02,-0.055,0.056
-5.30100e-02,-0.061,0.062
-5.30000e-02,-0.049,0.056
-5.29900e-02,-0.059,0.064
-5.29800e-02,-0.059,0.068
-5.29700e-02,-0.063,0.064
-5.29600e-02,-0.059,0.064
-5.29500e-02,-0.059,0.066
-5.29400e-02,-0.053,0.062
-5.29300e-02,-0.059,0.06
-5.29200e-02,-0.061,0.064
-5.29100e-02,-0.055,0.06
-5.29000e-02,-0.059,0.068
-5.28900e-02,-0.055,0.06
-5.28800e-02,-0.061,0.06
-5.28700e-02,-0.059,0.06
-5.28600e-02,-0.059,0.064
-5.28500e-02,-0.061,0.064
-5.28400e-02,-0.059,0.062
-5.28300e-02,-0.059,0.06
-5.28200e-02,-0.061,0.064
-5.28100e-02,-0.061,0.066
-5.28000e-02,-0.059,0.064
-5.27900e-02,-0.059,0.066
-5.27800e-02,-0.059,0.064
-5.27700e-02,-0.051,0.056
-5.27600e-02,-0.059,0.064
-5.27500e-02,-0.055,0.06
-5.27400e-02,-0.061,0.064
-5.27300e-02,-0.057,0.06
-5.27200e-02,-0.059,0.06
-5.27100e-02,-0.057,0.06
-5.27000e-02,-0.065,0.06
-5.26900e-02,-0.059,0.062
-5.26800e-02,-0.057,0.064
-5.26700e-02,-0.061,0.064
-5.26600e-02,-0.063,0.064
-5.26500e-02,-0.061,0.064
-5.26400e-02,-0.053,0.054
-5.26300e-02,-0.053,0.058
-5.26200e-02,-0.061,0.064
-5.26100e-02,-0.061,0.06
-5.26000e-02,-0.061,0.062
-5.25900e-02,-0.059,0.064
-5.25800e-02,-0.057,0.06
-5.25700e-02,-0.059,0.064
-5.25600e-02,-0.063,0.064
-5.25500e-02,-0.055,0.058
-5.25400e-02,-0.061,0.064
-5.25300e-02,-0.057,0.062
-5.25200e-02,-0.061,0.066
-5.25100e-02,-0.047,0.052
-5.25000e-02,-0.055,0.06
-5.24900e-02,-0.047,0.054
-5.24800e-02,-0.055,0.064
-5.24700e-02,-0.059,0.064
-5.24600e-02,-0.055,0.06
-5.24500e-02,-0.055,0.062
-5.24400e-02,-0.063,0.064
-5.24300e-02,-0.059,0.06
-5.24200e-02,-0.059,0.062
-5.24100e-02,-0.059,0.06
-5.24000e-02,-0.059,0.066
-5.23900e-02,-0.059,0.064
-5.23800e-02,-0.059,0.06
-5.23700e-02,-0.053,0.058
-5.23600e-02,-0.057,0.06
-5.23500e-02,-0.059,0.062
-5.23400e-02,-0.059,0.062
-5.23300e-02,-0.059,0.064
-5.23200e-02,-0.063,0.062
-5.23100e-02,-0.059,0.062
-5.23000e-02,-0.059,0.06
-5.22900e-02,-0.057,0.06
-5.22800e-02,-0.053,0.056
-5.22700e-02,-0.061,0.062
-5.22600e-02,-0.055,0.058
-5.22500e-02,-0.053,0.06
-5.22400e-02,-0.063,0.06
-5.22300e-02,-0.061,0.062
-5.22200e-02,-0.061,0.062
-5.22100e-02,-0.059,0.06
-5.22000e-02,-0.061,0.064
-5.21900e-02,-0.059,0.06
-5.21800e-02,-0.061,0.064
-5.21700e-02,-0.059,0.064
-5.21600e-02,-0.061,0.062
-5.21500e-02,-0.059,0.062
-5.21400e-02,-0.061,0.066
-5.21300e-02,-0.057,0.06
-5.21200e-02,-0.057,0.06
-5.21100e-02,-0.057,0.06
-5.21000e-02,-0.061,0.064
-5.20900e-02,-0.061,0.062
-5.20800e-02,-0.059,0.062
-5.20700e-02,-0.061,0.064
-5.20600e-02,-0.059,0.06
-5.20500e-02,-0.061,0.062
-5.20400e-02,-0.059,0.064
-5.20300e-02,-0.061,0.06
-5.20200e-02,-0.059,0.064
-5.20100e-02,-0.059,0.062
-5.20000e-02,-0.057,0.062
-5.19900e-02,-0.055,0.062
-5.19800e-02,-0.055,0.06
-5.19700e-02,-0.061,0.064
-5.19600e-02,-0.059,0.064
-5.19500e-02,-0.059,0.064
-5.19400e-02,-0.057,0.06
-5.19300e-02,-0.059,0.062
-5.19200e-02,-0.059,0.06
-5.19100e-02,-0.061,0.064
-5.19000e-02,-0.059,0.06
-5.18900e-02,-0.059,0.06
-5.18800e-02,-0.059,0.064
-5.18700e-02,-0.059,0.062
-5.18600e-02,-0.063,0.062
-5.18500e-02,-0.061,0.064
-5.18400e-02,-0.043,0.05
-5.18300e-02,-0.061,0.06
-5.18200e-02,-0.055,0.06
-5.18100e-02,-0.059,0.066
-5.18000e-02,-0.059,0.06
-5.17900e-02,-0.061,0.064
-5.17800e-02,-0.057,0.06
-5.17700e-02,-0.063,0.062
-5.17600e-02,-0.055,0.056
-5.17500e-02,-0.055,0.06
-5.17400e-02,-0.055,0.06
-5.17300e-02,-0.059,0.066
-5.17200e-02,-0.059,0.066
-5.17100e-02,-0.059,0.064
-5.17000e-02,-0.063,0.064
-5.16900e-02,-0.055,0.06
-5.16800e-02,-0.055,0.062
-5.16700e-02,-0.057,0.06
-5.16600e-02,-0.057,0.062
-5.16500e-02,-0.059,0.064
-5.16400e-02,-0.059,0.06
-5.16300e-02,-0.061,0.062
-5.16200e-02,-0.059,0.064
-5.16100e-02,-0.059,0.066
-5.16000e-02,-0.063,0.064
-5.15900e-02,-0.057,0.062
-5.15800e-02,-0.055,0.058
-5.15700e-02,-0.061,0.064
-5.15600e-02,-0.059,0.064
-5.15500e-02,-0.061,0.064
-5.15400e-02,-0.061,0.062
-5.15300e-02,-0.061,0.062
-5.15200e-02,-0.059,0.062
-5.15100e-02,-0.061,0.062
-5.15000e-02,-0.063,0.064
-5.14900e-02,-0.051,0.054
-5.14800e-02,-0.059,0.062
-5.14700e-02,-0.059,0.064
-5.14600e-02,-0.059,0.064
-5.14500e-02,-0.061,0.064
-5.14400e-02,-0.059,0.064
-5.14300e-02,-0.059,0.064
-5.14200e-02,-0.061,0.064
-5.14100e-02,-0.057,0.062
-5.14000e-02,-0.059,0.062
-5.13900e-02,-0.059,0.062
-5.13800e-02,-0.061,0.062
-5.13700e-02,-0.061,0.062
-5.13600e-02,-0.057,0.064
-5.13500e-02,-0.059,0.062
-5.13400e-02,-0.061,0.064
-5.13300e-02,-0.059,0.064
-5.13200e-02,-0.059,0.064
-5.13100e-02,-0.059,0.06
-5.13000e-02,-0.059,0.06
-5.12900e-02,-0.063,0.066
-5.12800e-02,-0.059,0.06
-5.12700e-02,-0.055,0.062
-5.12600e-02,-0.057,0.06
-5.12500e-02,-0.063,0.06
-5.12400e-02,-0.059,0.06
-5.12300e-02,-0.057,0.062
-5.12200e-02,-0.067,0.064
-5.12100e-02,-0.057,0.064
-5.12000e-02,-0.061,0.066
-5.11900e-02,-0.063,0.062
-5.11800e-02,-0.059,0.062
-5.11700e-02,-0.061,0.064
-5.11600e-02,-0.055,0.062
-5.11500e-02,-0.057,0.064
-5.11400e-02,-0.059,0.06
-5.11300e-02,-0.061,0.066
-5.11200e-02,-0.057,0.06
-5.11100e-02,-0.059,0.064
-5.11000e-02,-0.059,0.064
-5.10900e-02,-0.057,0.062
-5.10800e-02,-0.055,0.058
-5.10700e-02,-0.057,0.06
-5.10600e-02,-0.061,0.064
-5.10500e-02,-0.061,0.062
-5.10400e-02,-0.059,0.064
-5.10300e-02,-0.057,0.062
-5.10200e-02,-0.061,0.064
-5.10100e-02,-0.061,0.064
-5.10000e-02,-0.061,0.064
-5.09900e-02,-0.057,0.06
-5.09800e-02,-0.061,0.06
-5.09700e-02,-0.057,0.064
-5.09600e-02,-0.061,0.06
-5.09500e-02,-0.063,0.068
-5.09400e-02,-0.061,0.06
-5.09300e-02,-0.059,0.062
-5.09200e-02,-0.057,0.058
-5.09100e-02,-0.055,0.056
-5.09000e-02,-0.059,0.06
-5.08900e-02,-0.049,0.054
-5.08800e-02,-0.049,0.054
-5.08700e-02,-0.055,0.06
-5.08600e-02,-0.063,0.066
-5.08500e-02,-0.057,0.062
-5.08400e-02,-0.061,0.064
-5.08300e-02,-0.055,0.06
-5.08200e-02,-0.059,0.064
-5.08100e-02,-0.057,0.062
-5.08000e-02,-0.059,0.066
-5.07900e-02,-0.059,0.062
-5.07800e-02,-0.061,0.066
-5.07700e-02,-0.061,0.06
-5.07600e-02,-0.061,0.064
-5.07500e-02,-0.057,0.06
-5.07400e-02,-0.053,0.06
-5.07300e-02,-0.059,0.062
-5.07200e-02,-0.057,0.064
-5.07100e-02,-0.061,0.064
-5.07000e-02,-0.061,0.066
-5.06900e-02,-0.059,0.062
-5.06800e-02,-0.057,0.066
-5.06700e-02,-0.055,0.062
-5.06600e-02,-0.061,0.064
-5.06500e-02,-0.057,0.06
-5.06400e-02,-0.057,0.062
-5.06300e-02,-0.061,0.06
-5.06200e-02,-0.063,0.062
-5.06100e-02,-0.057,0.064
-5.06000e-02,-0.065,0.06
-5.05900e-02,-0.053,0.062
-5.05800e-02,-0.059,0.064
-5.05700e-02,-0.061,0.062
-5.05600e-02,-0.061,0.064
-5.05500e-02,-0.063,0.064
-5.05400e-02,-0.061,0.062
-5.05300e-02,-0.059,0.062
-5.05200e-02,-0.059,0.068
-5.05100e-02,-0.059,0.066
-5.05000e-02,-0.059,0.064
-5.04900e-02,-0.065,0.062
-5.04800e-02,-0.051,0.056
-5.04700e-02,-0.061,0.062
-5.04600e-02,-0.055,0.064
-5.04500e-02,-0.061,0.062
-5.04400e-02,-0.059,0.062
-5.04300e-02,-0.057,0.06
-5.04200e-02,-0.059,0.064
-5.04100e-02,-0.061,0.06
-5.04000e-02,-0.057,0.062
-5.03900e-02,-0.049,0.056
-5.03800e-02,-0.061,0.066
-5.03700e-02,-0.057,0.06
-5.03600e-02,-0.057,0.062
-5.03500e-02,-0.053,0.06
-5.03400e-02,-0.061,0.06
-5.03300e-02,-0.061,0.064
-5.03200e-02,-0.053,0.054
-5.03100e-02,-0.053,0.058
-5.03000e-02,-0.053,0.058
-5.02900e-02,-0.059,0.064
-5.02800e-02,-0.059,0.062
-5.02700e-02,-0.063,0.062
-5.02600e-02,-0.063,0.062
-5.02500e-02,-0.059,0.064
-5.02400e-02,-0.059,0.064
-5.02300e-02,-0.063,0.064
-5.02200e-02,-0.059,0.062
-5.02100e-02,-0.057,0.06
-5.02000e-02,-0.059,0.062
-5.01900e-02,-0.061,0.066
-5.01800e-02,-0.061,0.064
-5.01700e-02,-0.057,0.06
-5.01600e-02,-0.059,0.066
-5.01500e-02,-0.061,0.064
-5.01400e-02,-0.063,0.066
-5.01300e-02,-0.061,0.064
-5.01200e-02,-0.061,0.062
-5.01100e-02,-0.057,0.064
-5.01000e-02,-0.059,0.062
-5.00900e-02,-0.057,0.062
-5.00800e-02,-0.059,0.068
-5.00700e-02,-0.057,0.062
-5.00600e-02,-0.057,0.064
-5.00500e-02,-0.059,0.06
-5.00400e-02,-0.051,0.056
-5.00300e-02,-0.057,0.062
-5.00200e-02,-0.059,0.066
-5.00100e-02,-0.057,0.062
-5.00000e-02,-0.059,0.062
-4.99900e-02,-0.059,0.06
-4.99800e-02,-0.059,0.064
-4.99700e-02,-0.059,0.064
-4.99600e-02,-0.061,0.064
-4.99500e-02,-0.059,0.064
-4.99400e-02,-0.057,0.062
-4.99300e-02,-0.059,0.062
-4.99200e-02,-0.057,0.06
-4.99100e-02,-0.057,0.06
-4.99000e-02,-0.059,0.064
-4.98900e-02,-0.059,0.064
-4.98800e-02,-0.057,0.062
-4.98700e-02,-0.059,0.062
-4.98600e-02,-0.061,0.064
-4.98500e-02,-0.055,0.06
-4.98400e-02,-0.057,0.058
-4.98300e-02,-0.055,0.06
-4.98200e-02,-0.049,0.058
-4.98100e-02,-0.041,0.048
-4.98000e-02,-0.051,0.054
-4.97900e-02,-0.057,0.06
-4.97800e-02,-0.055,0.056
-4.97700e-02,-0.057,0.062
-4.97600e-02,-0.061,0.062
-4.97500e-02,-0.063,0.062
-4.97400e-02,-0.061,0.064
-4.97300e-02,-0.061,0.064
-4.97200e-02,-0.063,0.062
-4.97100e-02,-0.059,0.066
-4.97000e-02,-0.063,0.062
-4.96900e-02,-0.061,0.064
-4.96800e-02,-0.057,0.062
-4.96700e-02,-0.055,0.058
-4.96600e-02,-0.055,0.064
-4.96500e-02,-0.055,0.06
-4.96400e-02,-0.057,0.06
-4.96300e-02,-0.059,0.066
-4.96200e-02,-0.059,0.064
-4.96100e-02,-0.063,0.062
-4.96000e-02,-0.063,0.066
-4.95900e-02,-0.059,0.064
-4.95800e-02,-0.059,0.06
-4.95700e-02,-0.061,0.064
-4.95600e-02,-0.061,0.062
-4.95500e-02,-0.057,0.06
-4.95400e-02,-0.061,0.064
-4.95300e-02,-0.063,0.064
-4.95200e-02,-0.057,0.064
-4.95100e-02,-0.059,0.062
-4.95000e-02,-0.061,0.064
-4.94900e-02,-0.063,0.064
-4.94800e-02,-0.063,0.062
-4.94700e-02,-0.061,0.064
-4.94600e-02,-0.063,0.062
-4.94500e-02,-0.059,0.06
-4.94400e-02,-0.061,0.062
-4.94300e-02,-0.057,0.06
-4.94200e-02,-0.055,0.06
-4.94100e-02,-0.047,0.054
-4.94000e-02,-0.051,0.054
-4.93900e-02,-0.057,0.062
-4.93800e-02,-0.057,0.062
-4.93700e-02,-0.061,0.064
-4.93600e-02,-0.057,0.062
-4.93500e-02,-0.057,0.066
-4.93400e-02,-0.063,0.064
-4.93300e-02,-0.059,0.064
-4.93200e-02,-0.051,0.056
-4.93100e-02,-0.061,0.062
-4.93000e-02,-0.061,0.066
-4.92900e-02,-0.057,0.06
-4.92800e-02,-0.061,0.064
-4.92700e-02,-0.059,0.064
-4.92600e-02,-0.059,0.062
-4.92500e-02,-0.061,0.062
-4.92400e-02,-0.057,0.06
-4.92300e-02,-0.047,0.056
-4.92200e-02,-0.057,0.062
-4.92100e-02,-0.061,0.06
-4.92000e-02,-0.061,0.062
-4.91900e-02,-0.055,0.06
-4.91800e-02,-0.051,0.054
-4.91700e-02,-0.061,0.062
-4.91600e-02,-0.057,0.062
-4.91500e-02,-0.057,0.062
-4.91400e-02,-0.059,0.062
-4.91300e-02,-0.053,0.058
-4.91200e-02,-0.059,0.06
-4.91100e-02,-0.045,0.05
-4.91000e-02,-0.061,0.066
-4.90900e-02,-0.061,0.064
-4.90800e-02,-0.053,0.056
-4.90700e-02,-0.061,0.062
-4.90600e-02,-0.051,0.056
-4.90500e-02,-0.055,0.054
-4.90400e-02,-0.063,0.062
-4.90300e-02,-0.061,0.06
-4.90200e-02,-0.059,0.066
-4.90100e-02,-0.059,0.064
-4.90000e-02,-0.059,0.062
-4.89900e-02,-0.057,0.064
-4.89800e-02,-0.057,0.066
-4.89700e-02,-0.057,0.064
-4.89600e-02,-0.061,0.066
-4.89500e-02,-0.039,0.046
-4.89400e-02,-0.063,0.064
-4.89300e-02,-0.053,0.06
-4.89200e-02,-0.057,0.06
-4.89100e-02,-0.059,0.064
-4.89000e-02,-0.059,0.064
-4.88900e-02,-0.055,0.06
-4.88800e-02,-0.061,0.062
-4.88700e-02,-0.061,0.064
-4.88600e-02,-0.061,0.064
-4.88500e-02,-0.055,0.06
-4.88400e-02,-0.061,0.066
-4.88300e-02,-0.059,0.062
-4.88200e-02,-0.057,0.06
-4.88100e-02,-0.055,0.06
-4.88000e-02,-0.059,0.06
-4.87900e-02,-0.057,0.06
-4.87800e-02,-0.061,0.062
-4.87700e-02,-0.059,0.062
-4.87600e-02,-0.063,0.064
-4.87500e-02,-0.061,0.064
-4.87400e-02,-0.061,0.066
-4.87300e-02,-0.065,0.062
-4.87200e-02,-0.061,0.064
-4.87100e-02,-0.061,0.064
-4.87000e-02,-0.063,0.062
-4.86900e-02,-0.061,0.06
-4.86800e-02,-0.059,0.068
-4.86700e-02,-0.059,0.064
-4.86600e-02,-0.063,0.064
-4.86500e-02,-0.061,0.062
-4.86400e-02,-0.061,0.064
-4.86300e-02,-0.061,0.06
-4.86200e-02,-0.063,0.062
-4.86100e-02,-0.059,0.064
-4.86000e-02,-0.067,0.066
-4.85900e-02,-0.063,0.062
-4.85800e-02,-0.065,0.062
-4.85700e-02,-0.057,0.056
-4.85600e-02,-0.059,0.062
-4.85500e-02,-0.063,0.064
-4.85400e-02,-0.063,0.064
-4.85300e-02,-0.059,0.062
-4.85200e-02,-0.059,0.06
-4.85100e-02,-0.063,0.062
-4.85000e-02,-0.059,0.064
-4.84900e-02,-0.059,0.066
-4.84800e-02,-0.059,0.064
-4.84700e-02,-0.061,0.062
-4.84600e-02,-0.059,0.062
-4.84500e-02,-0.063,0.066
-4.84400e-02,-0.061,0.066
-4.84300e-02,-0.059,0.06
-4.84200e-02,-0.063,0.06
-4.84100e-02,-0.055,0.06
-4.84000e-02,-0.061,0.066
-4.83900e-02,-0.059,0.064
-4.83800e-02,-0.059,0.066
-4.83700e-02,-0.055,0.056
-4.83600e-02,-0.057,0.06
-4.83500e-02,-0.063,0.062
-4.83400e-02,-0.059,0.062
-4.83300e-02,-0.059,0.062
-4.83200e-02,-0.061,0.066
-4.83100e-02,-0.059,0.064
-4.83000e-02,-0.061,0.062
-4.82900e-02,-0.063,0.062
-4.82800e-02,-0.061,0.064
-4.82700e-02,-0.059,0.064
-4.82600e-02,-0.061,0.064
-4.82500e-02,-0.061,0.062
-4.82400e-02,-0.057,0.064
-4.82300e-02,-0.061,0.06
-4.82200e-02,-0.057,0.06
-4.82100e-02,-0.061,0.062
-4.82000e-02,-0.057,0.064
-4.81900e-02,-0.063,0.064
-4.81800e-02,-0.061,0.066
-4.81700e-02,-0.063,0.064
-4.81600e-02,-0.059,0.062
-4.81500e-02,-0.059,0.064
-4.81400e-02,-0.061,0.06
-4.81300e-02,-0.059,0.06
-4.81200e-02,-0.055,0.06
-4.81100e-02,-0.061,0.064
-4.81000e-02,-0.063,0.066
-4.80900e-02,-0.059,0.064
-4.80800e-02,-0.063,0.064
-4.80700e-02,-0.059,0.064
-4.80600e-02,-0.061,0.062
-4.80500e-02,-0.055,0.064
-4.80400e-02,-0.061,0.064
-4.80300e-02,-0.059,0.062
-4.80200e-02,-0.057,0.06
-4.80100e-02,-0.051,0.056
-4.80000e-02,-0.053,0.058
-4.79900e-02,-0.053,0.06
-4.79800e-02,-0.061,0.064
-4.79700e-02,-0.063,0.066
-4.79600e-02,-0.059,0.062
-4.79500e-02,-0.059,0.066
-4.79400e-02,-0.061,0.064
-4.79300e-02,-0.049,0.054
-4.79200e-02,-0.059,0.062
-4.79100e-02,-0.053,0.062
-4.79000e-02,-0.059,0.064
-4.78900e-02,-0.059,0.062
-4.78800e-02,-0.059,0.06
-4.78700e-02,-0.061,0.062
-4.78600e-02,-0.063,0.06
-4.78500e-02,-0.061,0.064
-4.78400e-02,-0.049,0.058
-4.78300e-02,-0.059,0.06
-4.78200e-02,-0.061,0.066
-4.78100e-02,-0.059,0.062
-4.78000e-02,-0.059,0.064
-4.77900e-02,-0.055,0.062
-4.77800e-02,-0.059,0.06
-4.77700e-02,-0.053,0.06
-4.77600e-02,-0.057,0.064
-4.77500e-02,-0.059,0.064
-4.77400e-02,-0.057,0.06
-4.77300e-02,-0.059,0.064
-4.77200e-02,-0.055,0.06
-4.77100e-02,-0.053,0.062
-4.77000e-02,-0.061,0.062
-4.76900e-02,-0.057,0.066
-4.76800e-02,-0.049,0.056
-4.76700e-02,-0.057,0.06
-4.76600e-02,-0.059,0.064
-4.76500e-02,-0.055,0.058
-4.76400e-02,-0.061,0.062
-4.76300e-02,-0.061,0.062
-4.76200e-02,-0.059,0.064
-4.76100e-02,-0.059,0.062
-4.76000e-02,-0.051,0.058
-4.75900e-02,-0.057,0.06
-4.75800e-02,-0.059,0.064
-4.75700e-02,-0.059,0.068
-4.75600e-02,-0.061,0.064
-4.75500e-02,-0.053,0.06
-4.75400e-02,-0.061,0.064
-4.75300e-02,-0.061,0.06
-4.75200e-02,-0.055,0.06
-4.75100e-02,-0.063,0.06
-4.75000e-02,-0.059,0.064
-4.74900e-02,-0.055,0.06
-4.74800e-02,-0.061,0.064
-4.74700e-02,-0.055,0.058
-4.74600e-02,-0.059,0.06
-4.74500e-02,-0.051,0.054
-4.74400e-02,-0.063,0.062
-4.74300e-02,-0.061,0.06
-4.74200e-02,-0.063,0.064
-4.74100e-02,-0.059,0.062
-4.74000e-02,-0.059,0.064
-4.73900e-02,-0.059,0.062
-4.73800e-02,-0.055,0.06
-4.73700e-02,-0.057,0.064
-4.73600e-02,-0.059,0.062
-4.73500e-02,-0.055,0.06
-4.73400e-02,-0.057,0.06
-4.73300e-02,-0.061,0.064
-4.73200e-02,-0.045,0.058
-4.73100e-02,-0.055,0.058
-4.73000e-02,-0.041,0.046
-4.72900e-02,-0.033,0.04
-4.72800e-02,-0.033,0.04
-4.72700e-02,-0.057,0.06
-4.72600e-02,-0.051,0.056
-4.72500e-02,-0.061,0.062
-4.72400e-02,-0.057,0.06
-4.72300e-02,-0.061,0.062
-4.72200e-02,-0.061,0.064
-4.72100e-02,-0.063,0.064
-4.72000e-02,-0.057,0.06
-4.71900e-02,-0.055,0.064
-4.71800e-02,-0.061,0.064
-4.71700e-02,-0.061,0.062
-4.71600e-02,-0.059,0.064
-4.71500e-02,-0.055,0.058
-4.71400e-02,-0.057,0.06
-4.71300e-02,-0.055,0.058
-4.71200e-02,-0.059,0.062
-4.71100e-02,-0.057,0.06
-4.71000e-02,-0.059,0.064
-4.70900e-02,-0.043,0.05
-4.70800e-02,-0.061,0.064
-4.70700e-02,-0.057,0.06
-4.70600e-02,-0.061,0.064
-4.70500e-02,-0.059,0.064
-4.70400e-02,-0.057,0.06
-4.70300e-02,-0.061,0.064
-4.70200e-02,-0.061,0.064
-4.70100e-02,-0.059,0.064
-4.70000e-02,-0.063,0.062
-4.69900e-02,-0.057,0.066
-4.69800e-02,-0.057,0.06
-4.69700e-02,-0.061,0.062
-4.69600e-02,-0.057,0.064
-4.69500e-02,-0.059,0.062
-4.69400e-02,-0.057,0.06
-4.69300e-02,-0.061,0.062
-4.69200e-02,-0.059,0.064
-4.69100e-02,-0.061,0.062
-4.69000e-02,-0.055,0.06
-4.68900e-02,-0.059,0.062
-4.68800e-02,-0.059,0.064
-4.68700e-02,-0.063,0.06
-4.68600e-02,-0.063,0.064
-4.68500e-02,-0.059,0.06
-4.68400e-02,-0.059,0.064
-4.68300e-02,-0.055,0.058
-4.68200e-02,-0.045,0.054
-4.68100e-02,-0.061,0.06
-4.68000e-02,-0.061,0.066
-4.67900e-02,-0.059,0.064
-4.67800e-02,-0.061,0.064
-4.67700e-02,-0.061,0.064
-4.67600e-02,-0.063,0.06
-4.67500e-02,-0.061,0.062
-4.67400e-02,-0.063,0.064
-4.67300e-02,-0.061,0.064
-4.67200e-02,-0.059,0.062
-4.67100e-02,-0.061,0.064
-4.67000e-02,-0.059,0.064
-4.66900e-02,-0.063,0.062
-4.66800e-02,-0.059,0.062
-4.66700e-02,-0.059,0.064
-4.66600e-02,-0.057,0.06
-4.66500e-02,-0.061,0.062
-4.66400e-02,-0.059,0.062
-4.66300e-02,-0.061,0.066
-4.66200e-02,-0.057,0.062
-4.66100e-02,-0.059,0.06
-4.66000e-02,-0.041,0.048
-4.65900e-02,-0.059,0.064
-4.65800e-02,-0.061,0.064
-4.65700e-02,-0.059,0.064
-4.65600e-02,-0.061,0.064
-4.65500e-02,-0.059,0.062
-4.65400e-02,-0.059,0.062
-4.65300e-02,-0.063,0.066
-4.65200e-02,-0.059,0.062
-4.65100e-02,-0.061,0.064
-4.65000e-02,-0.061,0.066
-4.64900e-02,-0.061,0.062
-4.64800e-02,-0.059,0.064
-4.64700e-02,-0.059,0.064
-4.64600e-02,-0.061,0.064
-4.64500e-02,-0.059,0.064
-4.64400e-02,-0.059,0.064
-4.64300e-02,-0.059,0.06
-4.64200e-02,-0.057,0.062
-4.64100e-02,-0.047,0.05
-4.64000e-02,-0.057,0.062
-4.63900e-02,-0.053,0.06
-4.63800e-02,-0.059,0.06
-4.63700e-02,-0.057,0.06
-4.63600e-02,-0.063,0.066
-4.63500e-02,-0.061,0.064
-4.63400e-02,-0.059,0.06
-4.63300e-02,-0.063,0.064
-4.63200e-02,-0.051,0.058
-4.63100e-02,-0.055,0.06
-4.63000e-02,-0.055,0.058
-4.62900e-02,-0.053,0.058
-4.62800e-02,-0.053,0.056
-4.62700e-02,-0.053,0.058
-4.62600e-02,-0.041,0.048
-4.62500e-02,-0.057,0.058
-4.62400e-02,-0.053,0.058
-4.62300e-02,-0.059,0.06
-4.62200e-02,-0.061,0.064
-4.62100e-02,-0.055,0.062
-4.62000e-02,-0.063,0.064
-4.61900e-02,-0.061,0.064
-4.61800e-02,-0.061,0.064
-4.61700e-02,-0.057,0.06
-4.61600e-02,-0.063,0.064
-4.61500e-02,-0.055,0.06
-4.61400e-02,-0.055,0.058
-4.61300e-02,-0.059,0.06
-4.61200e-02,-0.059,0.064
-4.61100e-02,-0.061,0.066
-4.61000e-02,-0.053,0.06
-4.60900e-02,-0.055,0.06
-4.60800e-02,-0.061,0.062
-4.60700e-02,-0.051,0.06
-4.60600e-02,-0.057,0.06
-4.60500e-02,-0.059,0.064
-4.60400e-02,-0.053,0.058
-4.60300e-02,-0.063,0.064
-4.60200e-02,-0.061,0.064
-4.60100e-02,-0.055,0.064
-4.60000e-02,-0.061,0.064
-4.59900e-02,-0.061,0.066
-4.59800e-02,-0.059,0.062
-4.59700e-02,-0.059,0.066
-4.59600e-02,-0.055,0.06
-4.59500e-02,-0.055,0.06
-4.59400e-02,-0.059,0.06
-4.59300e-02,-0.057,0.06
-4.59200e-02,-0.059,0.066
-4.59100e-02,-0.063,0.064
-4.59000e-02,-0.055,0.06
-4.58900e-02,-0.055,0.064
-4.58800e-02,-0.061,0.064
-4.58700e-02,-0.059,0.066
-4.58600e-02,-0.059,0.062
-4.58500e-02,-0.061,0.062
-4.58400e-02,-0.057,0.066
-4.58300e-02,-0.059,0.064
-4.58200e-02,-0.053,0.054
-4.58100e-02,-0.061,0.06
-4.58000e-02,-0.059,0.06
-4.57900e-02,-0.059,0.064
-4.57800e-02,-0.059,0.06
-4.57700e-02,-0.059,0.064
-4.57600e-02,-0.059,0.064
-4.57500e-02,-0.055,0.058
-4.57400e-02,-0.063,0.064
-4.57300e-02,-0.049,0.056
-4.57200e-02,-0.063,0.064
-4.57100e-02,-0.061,0.062
-4.57000e-02,-0.057,0.06
-4.56900e-02,-0.049,0.052
-4.56800e-02,-0.057,0.06
-4.56700e-02,-0.063,0.066
-4.56600e-02,-0.059,0.062
-4.56500e-02,-0.057,0.06
-4.56400e-02,-0.059,0.062
-4.56300e-02,-0.061,0.062
-4.56200e-02,-0.057,0.066
-4.56100e-02,-0.059,0.066
-4.56000e-02,-0.063,0.062
-4.55900e-02,-0.063,0.064
-4.55800e-02,-0.059,0.06
-4.55700e-02,-0.061,0.068
-4.55600e-02,-0.063,0.066
-4.55500e-02,-0.061,0.06
-4.55400e-02,-0.059,0.064
-4.55300e-02,-0.053,0.06
-4.55200e-02,-0.061,0.064
-4.55100e-02,-0.055,0.062
-4.55000e-02,-0.061,0.064
-4.54900e-02,-0.059,0.062
-4.54800e-02,-0.049,0.054
-4.54700e-02,-0.055,0.06
-4.54600e-02,-0.055,0.062
-4.54500e-02,-0.057,0.062
-4.54400e-02,-0.059,0.06
-4.54300e-02,-0.057,0.064
-4.54200e-02,-0.047,0.054
-4.54100e-02,-0.053,0.058
-4.54000e-02,-0.055,0.062
-4.53900e-02,-0.061,0.064
-4.53800e-02,-0.059,0.062
-4.53700e-02,-0.059,0.064
-4.53600e-02,-0.061,0.064
-4.53500e-02,-0.059,0.06
-4.53400e-02,-0.059,0.064
-4.53300e-02,-0.059,0.062
-4.53200e-02,-0.063,0.06
-4.53100e-02,-0.061,0.064
-4.53000e-02,-0.055,0.062
-4.52900e-02,-0.061,0.06
-4.52800e-02,-0.053,0.056
-4.52700e-02,-0.059,0.062
-4.52600e-02,-0.041,0.048
-4.52500e-02,-0.061,0.064
-4.52400e-02,-0.059,0.062
-4.52300e-02,-0.065,0.064
-4.52200e-02,-0.055,0.06
-4.52100e-02,-0.059,0.06
-4.52000e-02,-0.061,0.062
-4.51900e-02,-0.057,0.064
-4.51800e-02,-0.059,0.064
-4.51700e-02,-0.053,0.062
-4.51600e-02,-0.061,0.064
-4.51500e-02,-0.047,0.054
-4.51400e-02,-0.057,0.06
-4.51300e-02,-0.047,0.052
-4.51200e-02,-0.041,0.05
-4.51100e-02,-0.059,0.066
-4.51000e-02,-0.061,0.066
-4.50900e-02,-0.061,0.062
-4.50800e-02,-0.053,0.054
-4.50700e-02,-0.061,0.068
-4.50600e-02,-0.055,0.06
-4.50500e-02,-0.057,0.06
-4.50400e-02,-0.061,0.064
-4.50300e-02,-0.051,0.054
-4.50200e-02,-0.053,0.058
-4.50100e-02,-0.057,0.056
-4.50000e-02,-0.057,0.06
-4.49900e-02,-0.059,0.064
-4.49800e-02,-0.059,0.06
-4.49700e-02,-0.061,0.064
-4.49600e-02,-0.055,0.06
-4.49500e-02,-0.057,0.062
-4.49400e-02,-0.055,0.06
-4.49300e-02,-0.061,0.062
-4.49200e-02,-0.055,0.058
-4.49100e-02,-0.057,0.06
-4.49000e-02,-0.059,0.062
-4.48900e-02,-0.051,0.054
-4.48800e-02,-0.059,0.064
-4.48700e-02,-0.055,0.06
-4.48600e-02,-0.057,0.06
-4.48500e-02,-0.059,0.062
-4.48400e-02,-0.061,0.064
-4.48300e-02,-0.061,0.062
-4.48200e-02,-0.057,0.06
-4.48100e-02,-0.055,0.064
-4.48000e-02,-0.059,0.064
-4.47900e-02,-0.059,0.062
-4.47800e-02,-0.061,0.06
-4.47700e-02,-0.061,0.06
-4.47600e-02,-0.059,0.064
-4.47500e-02,-0.057,0.064
-4.47400e-02,-0.059,0.064
-4.47300e-02,-0.061,0.066
-4.47200e-02,-0.055,0.062
-4.47100e-02,-0.055,0.062
-4.47000e-02,-0.063,0.064
-4.46900e-02,-0.053,0.056
-4.46800e-02,-0.055,0.06
-4.46700e-02,-0.063,0.066
-4.46600e-02,-0.061,0.064
-4.46500e-02,-0.061,0.064
-4.46400e-02,-0.059,0.062
-4.46300e-02,-0.059,0.06
-4.46200e-02,-0.059,0.064
-4.46100e-02,-0.061,0.064
-4.46000e-02,-0.059,0.064
-4.45900e-02,-0.059,0.066
-4.45800e-02,-0.061,0.064
-4.45700e-02,-0.057,0.06
-4.45600e-02,-0.063,0.062
-4.45500e-02,-0.061,0.062
-4.45400e-02,-0.057,0.064
-4.45300e-02,-0.059,0.066
-4.45200e-02,-0.057,0.064
-4.45100e-02,-0.057,0.062
-4.45000e-02,-0.061,0.062
-4.44900e-02,-0.059,0.064
-4.44800e-02,-0.061,0.064
-4.44700e-02,-0.061,0.062
-4.44600e-02,-0.059,0.064
-4.44500e-02,-0.057,0.064
-4.44400e-02,-0.059,0.062
-4.44300e-02,-0.061,0.064
-4.44200e-02,-0.059,0.062
-4.44100e-02,-0.055,0.06
-4.44000e-02,-0.059,0.06
-4.43900e-02,-0.059,0.062
-4.43800e-02,-0.061,0.062
-4.43700e-02,-0.061,0.064
-4.43600e-02,-0.061,0.064
-4.43500e-02,-0.061,0.062
-4.43400e-02,-0.057,0.062
-4.43300e-02,-0.061,0.06
-4.43200e-02,-0.063,0.066
-4.43100e-02,-0.059,0.066
-4.43000e-02,-0.061,0.064
-4.42900e-02,-0.057,0.062
-4.42800e-02,-0.065,0.066
-4.42700e-02,-0.053,0.058
-4.42600e-02,-0.055,0.062
-4.42500e-02,-0.047,0.054
-4.42400e-02,-0.059,0.062
-4.42300e-02,-0.061,0.062
-4.42200e-02,-0.059,0.064
-4.42100e-02,-0.061,0.064
-4.42000e-02,-0.061,0.062
-4.41900e-02,-0.061,0.064
-4.41800e-02,-0.061,0.062
-4.41700e-02,-0.061,0.062
-4.41600e-02,-0.061,0.062
-4.41500e-02,-0.059,0.062
-4.41400e-02,-0.057,0.064
-4.41300e-02,-0.059,0.06
-4.41200e-02,-0.059,0.064
-4.41100e-02,-0.057,0.064
-4.41000e-02,-0.061,0.064
-4.40900e-02,-0.057,0.06
-4.40800e-02,-0.063,0.06
-4.40700e-02,-0.059,0.066
-4.40600e-02,-0.061,0.064
-4.40500e-02,-0.055,0.06
-4.40400e-02,-0.061,0.062
-4.40300e-02,-0.053,0.056
-4.40200e-02,-0.059,0.062
-4.40100e-02,-0.059,0.064
-4.40000e-02,-0.059,0.062
-4.39900e-02,-0.059,0.062
-4.39800e-02,-0.057,0.062
-4.39700e-02,-0.055,0.062
-4.39600e-02,-0.059,0.066
-4.39500e-02,-0.061,0.062
-4.39400e-02,-0.053,0.054
-4.39300e-02,-0.059,0.068
-4.39200e-02,-0.051,0.058
-4.39100e-02,-0.061,0.062
-4.39000e-02,-0.059,0.064
-4.38900e-02,-0.057,0.066
-4.38800e-02,-0.061,0.062
-4.38700e-02,-0.065,0.064
-4.38600e-02,-0.053,0.058
-4.38500e-02,-0.057,0.064
-4.38400e-02,-0.065,0.064
-4.38300e-02,-0.057,0.06
-4.38200e-02,-0.053,0.06
-4.38100e-02,-0.055,0.062
-4.38000e-02,-0.061,0.064
-4.37900e-02,-0.053,0.058
-4.37800e-02,-0.063,0.064
-4.37700e-02,-0.057,0.064
-4.37600e-02,-0.061,0.06
-4.37500e-02,-0.053,0.06
-4.37400e-02,-0.061,0.062
-4.37300e-02,-0.055,0.064
-4.37200e-02,-0.061,0.062
-4.37100e-02,-0.057,0.062
-4.37000e-02,-0.059,0.064
-4.36900e-02,-0.059,0.06
-4.36800e-02,-0.061,0.062
-4.36700e-02,-0.061,0.06
-4.36600e-02,-0.059,0.06
-4.36500e-02,-0.057,0.064
-4.36400e-02,-0.059,0.06
-4.36300e-02,-0.055,0.058
-4.36200e-02,-0.061,0.06
-4.36100e-02,-0.059,0.062
-4.36000e-02,-0.055,0.06
-4.35900e-02,-0.057,0.06
-4.35800e-02,-0.061,0.06
-4.35700e-02,-0.051,0.058
-4.35600e-02,-0.063,0.064
-4.35500e-02,-0.065,0.06
-4.35400e-02,-0.057,0.06
-4.35300e-02,-0.061,0.064
-4.35200e-02,-0.059,0.06
-4.35100e-02,-0.059,0.062
-4.35000e-02,-0.063,0.064
-4.34900e-02,-0.063,0.066
-4.34800e-02,-0.063,0.064
-4.34700e-02,-0.059,0.06
-4.34600e-02,-0.055,0.06
-4.34500e-02,-0.063,0.064
-4.34400e-02,-0.063,0.064
-4.34300e-02,-0.057,0.064
-4.34200e-02,-0.061,0.064
-4.34100e-02,-0.065,0.066
-4.34000e-02,-0.061,0.062
-4.33900e-02,-0.061,0.062
-4.33800e-02,-0.049,0.054
-4.33700e-02,-0.057,0.06
-4.33600e-02,-0.051,0.056
-4.33500e-02,-0.063,0.06
-4.33400e-02,-0.057,0.058
-4.33300e-02,-0.059,0.064
-4.33200e-02,-0.063,0.062
-4.33100e-02,-0.055,0.06
-4.33000e-02,-0.053,0.06
-4.32900e-02,-0.059,0.064
-4.32800e-02,-0.059,0.066
-4.32700e-02,-0.055,0.062
-4.32600e-02,-0.057,0.062
-4.32500e-02,-0.055,0.06
-4.32400e-02,-0.055,0.064
-4.32300e-02,-0.057,0.056
-4.32200e-02,-0.059,0.066
-4.32100e-02,-0.057,0.058
-4.32000e-02,-0.055,0.058
-4.31900e-02,-0.063,0.064
-4.31800e-02,-0.059,0.066
-4.31700e-02,-0.063,0.068
-4.31600e-02,-0.059,0.064
-4.31500e-02,-0.065,0.062
-4.31400e-02,-0.057,0.066
-4.31300e-02,-0.059,0.064
-4.31200e-02,-0.063,0.06
-4.31100e-02,-0.061,0.064
-4.31000e-02,-0.059,0.064
-4.30900e-02,-0.061,0.062
-4.30800e-02,-0.061,0.064
-4.30700e-02,-0.061,0.062
-4.30600e-02,-0.063,0.062
-4.30500e-02,-0.059,0.06
-4.30400e-02,-0.055,0.06
-4.30300e-02,-0.061,0.064
-4.30200e-02,-0.059,0.062
-4.30100e-02,-0.061,0.064
-4.30000e-02,-0.057,0.06
-4.29900e-02,-0.061,0.066
-4.29800e-02,-0.059,0.062
-4.29700e-02,-0.059,0.064
-4.29600e-02,-0.057,0.06
-4.29500e-02,-0.057,0.068
-4.29400e-02,-0.061,0.066
-4.29300e-02,-0.059,0.064
-4.29200e-02,-0.059,0.062
-4.29100e-02,-0.063,0.064
-4.29000e-02,-0.059,0.064
-4.28900e-02,-0.051,0.06
-4.28800e-02,-0.063,0.062
-4.28700e-02,-0.059,0.06
-4.28600e-02,-0.053,0.06
-4.28500e-02,-0.059,0.064
-4.28400e-02,-0.063,0.064
-4.28300e-02,-0.059,0.066
-4.28200e-02,-0.063,0.064
-4.28100e-02,-0.061,0.06
-4.28000e-02,-0.053,0.06
-4.27900e-02,-0.059,0.062
-4.27800e-02,-0.057,0.06
-4.27700e-02,-0.061,0.064
-4.27600e-02,-0.061,0.066
-4.27500e-02,-0.063,0.062
-4.27400e-02,-0.061,0.064
-4.27300e-02,-0.057,0.064
-4.27200e-02,-0.053,0.06
-4.27100e-02,-0.043,0.05
-4.27000e-02,-0.061,0.064
-4.26900e-02,-0.059,0.062
-4.26800e-02,-0.059,0.064
-4.26700e-02,-0.057,0.064
-4.26600e-02,-0.047,0.05
-4.26500e-02,-0.057,0.06
-4.26400e-02,-0.059,0.062
-4.26300e-02,-0.061,0.06
-4.26200e-02,-0.057,0.062
-4.26100e-02,-0.059,0.066
-4.26000e-02,-0.059,0.064
-4.25900e-02,-0.059,0.062
-4.25800e-02,-0.055,0.06
-4.25700e-02,-0.057,0.06
-4.25600e-02,-0.061,0.064
-4.25500e-02,-0.057,0.064
-4.25400e-02,-0.059,0.064
-4.25300e-02,-0.055,0.058
-4.25200e-02,-0.057,0.06
-4.25100e-02,-0.059,0.064
-4.25000e-02,-0.057,0.066
-4.24900e-02,-0.065,0.064
-4.24800e-02,-0.061,0.064
-4.24700e-02,-0.061,0.062
-4.24600e-02,-0.061,0.062
-4.24500e-02,-0.059,0.062
-4.24400e-02,-0.061,0.064
-4.24300e-02,-0.049,0.058
-4.24200e-02,-0.061,0.068
-4.24100e-02,-0.061,0.066
-4.24000e-02,-0.063,0.06
-4.23900e-02,-0.059,0.062
-4.23800e-02,-0.065,0.062
-4.23700e-02,-0.059,0.064
-4.23600e-02,-0.059,0.064
-4.23500e-02,-0.061,0.062
-4.23400e-02,-0.063,0.062
-4.23300e-02,-0.059,0.064
-4.23200e-02,-0.063,0.062
-4.23100e-02,-0.061,0.064
-4.23000e-02,-0.055,0.056
-4.22900e-02,-0.059,0.06
-4.22800e-02,-0.059,0.062
-4.22700e-02,-0.059,0.066
-4.22600e-02,-0.063,0.062
-4.22500e-02,-0.063,0.064
-4.22400e-02,-0.063,0.064
-4.22300e-02,-0.063,0.066
-4.22200e-02,-0.063,0.064
-4.22100e-02,-0.059,0.062
-4.22000e-02,-0.061,0.068
-4.21900e-02,-0.061,0.064
-4.21800e-02,-0.063,0.064
-4.21700e-02,-0.059,0.062
-4.21600e-02,-0.057,0.064
-4.21500e-02,-0.059,0.064
-4.21400e-02,-0.061,0.062
-4.21300e-02,-0.059,0.062
-4.21200e-02,-0.057,0.062
-4.21100e-02,-0.055,0.06
-4.21000e-02,-0.059,0.062
-4.20900e-02,-0.059,0.066
-4.20800e-02,-0.061,0.064
-4.20700e-02,-0.055,0.064
-4.20600e-02,-0.063,0.064
-4.20500e-02,-0.059,0.064
-4.20400e-02,-0.063,0.062
-4.20300e-02,-0.063,0.066
-4.20200e-02,-0.061,0.064
-4.20100e-02,-0.059,0.064
-4.20000e-02,-0.055,0.06
-4.19900e-02,-0.061,0.062
-4.19800e-02,-0.063,0.06
-4.19700e-02,-0.061,0.064
-4.19600e-02,-0.059,0.062
-4.19500e-02,-0.059,0.064
-4.19400e-02,-0.061,0.062
-4.19300e-02,-0.061,0.062
-4.19200e-02,-0.061,0.064
-4.19100e-02,-0.059,0.06
-4.19000e-02,-0.063,0.07
-4.18900e-02,-0.055,0.06
-4.18800e-02,-0.055,0.06
-4.18700e-02,-0.059,0.062
-4.18600e-02,-0.059,0.062
-4.18500e-02,-0.055,0.062
-4.18400e-02,-0.059,0.064
-4.18300e-02,-0.059,0.06
-4.18200e-02,-0.061,0.064
-4.18100e-02,-0.061,0.064
-4.18000e-02,-0.059,0.062
-4.17900e-02,-0.057,0.062
-4.17800e-02,-0.063,0.062
-4.17700e-02,-0.059,0.064
-4.17600e-02,-0.061,0.062
-4.17500e-02,-0.047,0.058
-4.17400e-02,-0.061,0.062
-4.17300e-02,-0.057,0.06
-4.17200e-02,-0.061,0.064
-4.17100e-02,-0.051,0.058
-4.17000e-02,-0.053,0.06
-4.16900e-02,-0.057,0.06
-4.16800e-02,-0.057,0.062
-4.16700e-02,-0.057,0.062
-4.16600e-02,-0.061,0.062
-4.16500e-02,-0.059,0.062
-4.16400e-02,-0.055,0.064
-4.16300e-02,-0.055,0.06
-4.16200e-02,-0.053,0.058
-4.16100e-02,-0.061,0.068
-4.16000e-02,-0.061,0.06
-4.15900e-02,-0.059,0.064
-4.15800e-02,-0.053,0.06
-4.15700e-02,-0.061,0.064
-4.15600e-02,-0.063,0.064
-4.15500e-02,-0.061,0.064
-4.15400e-02,-0.055,0.062
-4.15300e-02,-0.059,0.062
-4.15200e-02,-0.053,0.06
-4.15100e-02,-0.061,0.064
-4.15000e-02,-0.051,0.056
-4.14900e-02,-0.063,0.06
-4.14800e-02,-0.049,0.054
-4.14700e-02,-0.061,0.066
-4.14600e-02,-0.063,0.064
-4.14500e-02,-0.061,0.066
-4.14400e-02,-0.061,0.064
-4.14300e-02,-0.059,0.064
-4.14200e-02,-0.053,0.06
-4.14100e-02,-0.057,0.062
-4.14000e-02,-0.061,0.064
-4.13900e-02,-0.061,0.06
-4.13800e-02,-0.063,0.066
-4.13700e-02,-0.055,0.062
-4.13600e-02,-0.063,0.06
-4.13500e-02,-0.059,0.06
-4.13400e-02,-0.061,0.062
-4.13300e-02,-0.059,0.06
-4.13200e-02,-0.061,0.064
-4.13100e-02,-0.057,0.066
-4.13000e-02,-0.061,0.064
-4.12900e-02,-0.061,0.066
-4.12800e-02,-0.065,0.06
-4.12700e-02,-0.057,0.064
-4.12600e-02,-0.053,0.062
-4.12500e-02,-0.061,0.062
-4.12400e-02,-0.053,0.06
-4.12300e-02,-0.059,0.062
-4.12200e-02,-0.057,0.06
-4.12100e-02,-0.061,0.06
-4.12000e-02,-0.061,0.066
-4.11900e-02,-0.055,0.06
-4.11800e-02,-0.061,0.064
-4.11700e-02,-0.055,0.054
-4.11600e-02,-0.049,0.054
-4.11500e-02,-0.061,0.064
-4.11400e-02,-0.055,0.06
-4.11300e-02,-0.051,0.056
-4.11200e-02,-0.055,0.06
-4.11100e-02,-0.053,0.06
-4.11000e-02,-0.055,0.06
-4.10900e-02,-0.057,0.06
-4.10800e-02,-0.059,0.06
-4.10700e-02,-0.059,0.06
-4.10600e-02,-0.055,0.058
-4.10500e-02,-0.059,0.062
-4.10400e-02,-0.057,0.064
-4.10300e-02,-0.061,0.064
-4.10200e-02,-0.061,0.062
-4.10100e-02,-0.057,0.062
-4.10000e-02,-0.051,0.058
-4.09900e-02,-0.057,0.06
-4.09800e-02,-0.051,0.056
-4.09700e-02,-0.061,0.06
-4.09600e-02,-0.061,0.062
-4.09500e-02,-0.059,0.062
-4.09400e-02,-0.057,0.06
-4.09300e-02,-0.061,0.062
-4.09200e-02,-0.059,0.066
-4.09100e-02,-0.059,0.062
-4.09000e-02,-0.061,0.06
-4.08900e-02,-0.057,0.06
-4.08800e-02,-0.059,0.062
-4.08700e-02,-0.057,0.06
-4.08600e-02,-0.063,0.064
-4.08500e-02,-0.059,0.062
-4.08400e-02,-0.057,0.06
-4.08300e-02,-0.063,0.064
-4.08200e-02,-0.061,0.06
-4.08100e-02,-0.061,0.064
-4.08000e-02,-0.045,0.052
-4.07900e-02,-0.059,0.06
-4.07800e-02,-0.063,0.064
-4.07700e-02,-0.061,0.062
-4.07600e-02,-0.051,0.06
-4.07500e-02,-0.061,0.064
-4.07400e-02,-0.059,0.062
-4.07300e-02,-0.059,0.064
-4.07200e-02,-0.057,0.064
-4.07100e-02,-0.063,0.064
-4.07000e-02,-0.059,0.064
-4.06900e-02,-0.057,0.06
-4.06800e-02,-0.057,0.062
-4.06700e-02,-0.063,0.064
-4.06600e-02,-0.053,0.06
-4.06500e-02,-0.063,0.064
-4.06400e-02,-0.059,0.062
-4.06300e-02,-0.055,0.06
-4.06200e-02,-0.057,0.062
-4.06100e-02,-0.053,0.054
-4.06000e-02,-0.061,0.06
-4.05900e-02,-0.051,0.06
-4.05800e-02,-0.047,0.054
-4.05700e-02,-0.063,0.064
-4.05600e-02,-0.053,0.06
-4.05500e-02,-0.061,0.062
-4.05400e-02,-0.061,0.062
-4.05300e-02,-0.059,0.064
-4.05200e-02,-0.061,0.062
-4.05100e-02,-0.063,0.066
-4.05000e-02,-0.051,0.058
-4.04900e-02,-0.065,0.062
-4.04800e-02,-0.057,0.06
-4.04700e-02,-0.053,0.058
-4.04600e-02,-0.061,0.06
-4.04500e-02,-0.057,0.064
-4.04400e-02,-0.061,0.064
-4.04300e-02,-0.059,0.06
-4.04200e-02,-0.055,0.062
-4.04100e-02,-0.057,0.062
-4.04000e-02,-0.063,0.066
-4.03900e-02,-0.059,0.06
-4.03800e-02,-0.057,0.062
-4.03700e-02,-0.063,0.064
-4.03600e-02,-0.063,0.064
-4.03500e-02,-0.059,0.066
-4.03400e-02,-0.059,0.064
-4.03300e-02,-0.055,0.06
-4.03200e-02,-0.051,0.056
-4.03100e-02,-0.059,0.062
-4.03000e-02,-0.059,0.066
-4.02900e-02,-0.061,0.066
-4.02800e-02,-0.063,0.064
-4.02700e-02,-0.059,0.064
-4.02600e-02,-0.061,0.062
-4.02500e-02,-0.059,0.064
-4.02400e-02,-0.051,0.058
-4.02300e-02,-0.047,0.052
-4.02200e-02,-0.045,0.046
-4.02100e-02,-0.055,0.054
-4.02000e-02,-0.055,0.062
-4.01900e-02,-0.061,0.064
-4.01800e-02,-0.057,0.06
-4.01700e-02,-0.059,0.064
-4.01600e-02,-0.059,0.062
-4.01500e-02,-0.053,0.058
-4.01400e-02,-0.059,0.062
-4.01300e-02,-0.041,0.05
-4.01200e-02,-0.053,0.058
-4.01100e-02,-0.059,0.064
-4.01000e-02,-0.061,0.064
-4.00900e-02,-0.059,0.062
-4.00800e-02,-0.055,0.064
-4.00700e-02,-0.055,0.062
-4.00600e-02,-0.059,0.062
-4.00500e-02,-0.063,0.064
-4.00400e-02,-0.061,0.064
-4.00300e-02,-0.061,0.064
-4.00200e-02,-0.061,0.064
-4.00100e-02,-0.059,0.066
-4.00000e-02,-0.061,0.066
-3.99900e-02,-0.061,0.062
-3.99800e-02,-0.063,0.062
-3.99700e-02,-0.053,0.056
-3.99600e-02,-0.059,0.062
-3.99500e-02,-0.055,0.06
-3.99400e-02,-0.057,0.06
-3.99300e-02,-0.057,0.06
-3.99200e-02,-0.051,0.054
-3.99100e-02,-0.061,0.06
-3.99000e-02,-0.053,0.054
-3.98900e-02,-0.055,0.06
-3.98800e-02,-0.055,0.062
-3.98700e-02,-0.063,0.06
-3.98600e-02,-0.065,0.064
-3.98500e-02,-0.053,0.058
-3.98400e-02,-0.061,0.066
-3.98300e-02,-0.061,0.064
-3.98200e-02,-0.061,0.062
-3.98100e-02,-0.061,0.064
-3.98000e-02,-0.057,0.064
-3.97900e-02,-0.061,0.062
-3.97800e-02,-0.061,0.064
-3.97700e-02,-0.059,0.062
-3.97600e-02,-0.059,0.062
-3.97500e-02,-0.055,0.06
-3.97400e-02,-0.061,0.064
-3.97300e-02,-0.057,0.062
-3.97200e-02,-0.063,0.062
-3.97100e-02,-0.061,0.06
-3.97000e-02,-0.053,0.058
-3.96900e-02,-0.057,0.06
-3.96800e-02,-0.057,0.062
-3.96700e-02,-0.061,0.06
-3.96600e-02,-0.051,0.06
-3.96500e-02,-0.051,0.056
-3.96400e-02,-0.059,0.064
-3.96300e-02,-0.059,0.068
-3.96200e-02,-0.059,0.066
-3.96100e-02,-0.059,0.062
-3.96000e-02,-0.053,0.056
-3.95900e-02,-0.057,0.06
-3.95800e-02,-0.047,0.052
-3.95700e-02,-0.061,0.064
-3.95600e-02,-0.057,0.06
-3.95500e-02,-0.057,0.06
-3.95400e-02,-0.057,0.062
-3.95300e-02,-0.053,0.054
-3.95200e-02,-0.059,0.068
-3.95100e-02,-0.055,0.06
-3.95000e-02,-0.045,0.05
-3.94900e-02,-0.041,0.048
-3.94800e-02,-0.027,0.034
-3.94700e-02,-0.043,0.044
-3.94600e-02,-0.043,0.048
-3.94500e-02,-0.051,0.054
-3.94400e-02,-0.049,0.052
-3.94300e-02,-0.051,0.06
-3.94200e-02,-0.063,0.064
-3.94100e-02,-0.059,0.064
-3.94000e-02,-0.059,0.064
-3.93900e-02,-0.057,0.064
-3.93800e-02,-0.059,0.06
-3.93700e-02,-0.061,0.064
-3.93600e-02,-0.061,0.064
-3.93500e-02,-0.061,0.066
-3.93400e-02,-0.061,0.062
-3.93300e-02,-0.059,0.064
-3.93200e-02,-0.059,0.064
-3.93100e-02,-0.061,0.064
-3.93000e-02,-0.059,0.064
-3.92900e-02,-0.059,0.064
-3.92800e-02,-0.059,0.06
-3.92700e-02,-0.059,0.06
-3.92600e-02,-0.057,0.06
-3.92500e-02,-0.061,0.062
-3.92400e-02,-0.053,0.062
-3.92300e-02,-0.057,0.06
-3.92200e-02,-0.057,0.06
-3.92100e-02,-0.061,0.064
-3.92000e-02,-0.059,0.062
-3.91900e-02,-0.055,0.064
-3.91800e-02,-0.059,0.064
-3.91700e-02,-0.055,0.06
-3.91600e-02,-0.051,0.058
-3.91500e-02,-0.049,0.054
-3.91400e-02,-0.059,0.062
-3.91300e-02,-0.057,0.06
-3.91200e-02,-0.061,0.062
-3.91100e-02,-0.059,0.064
-3.91000e-02,-0.065,0.062
-3.90900e-02,-0.061,0.064
-3.90800e-02,-0.059,0.064
-3.90700e-02,-0.061,0.068
-3.90600e-02,-0.061,0.062
-3.90500e-02,-0.061,0.064
-3.90400e-02,-0.061,0.064
-3.90300e-02,-0.057,0.06
-3.90200e-02,-0.061,0.062
-3.90100e-02,-0.061,0.066
-3.90000e-02,-0.059,0.064
-3.89900e-02,-0.059,0.062
-3.89800e-02,-0.057,0.064
-3.89700e-02,-0.059,0.064
-3.89600e-02,-0.053,0.06
-3.89500e-02,-0.059,0.064
-3.89400e-02,-0.063,0.06
-3.89300e-02,-0.061,0.066
-3.89200e-02,-0.055,0.062
-3.89100e-02,-0.053,0.06
-3.89000e-02,-0.061,0.064
-3.88900e-02,-0.057,0.064
-3.88800e-02,-0.059,0.062
-3.88700e-02,-0.053,0.06
-3.88600e-02,-0.063,0.066
-3.88500e-02,-0.061,0.066
-3.88400e-02,-0.061,0.064
-3.88300e-02,-0.061,0.064
-3.88200e-02,-0.061,0.066
-3.88100e-02,-0.059,0.064
-3.88000e-02,-0.059,0.064
-3.87900e-02,-0.059,0.064
-3.87800e-02,-0.059,0.062
-3.87700e-02,-0.061,0.06
-3.87600e-02,-0.051,0.06
-3.87500e-02,-0.049,0.052
-3.87400e-02,-0.043,0.054
-3.87300e-02,-0.049,0.054
-3.87200e-02,-0.055,0.062
-3.87100e-02,-0.061,0.066
-3.87000e-02,-0.061,0.06
-3.86900e-02,-0.055,0.06
-3.86800e-02,-0.063,0.06
-3.86700e-02,-0.065,0.066
-3.86600e-02,-0.059,0.062
-3.86500e-02,-0.061,0.062
-3.86400e-02,-0.057,0.064
-3.86300e-02,-0.063,0.066
-3.86200e-02,-0.057,0.06
-3.86100e-02,-0.059,0.064
-3.86000e-02,-0.049,0.054
-3.85900e-02,-0.057,0.06
-3.85800e-02,-0.051,0.06
-3.85700e-02,-0.055,0.06
-3.85600e-02,-0.047,0.05
-3.85500e-02,-0.059,0.06
-3.85400e-02,-0.057,0.062
-3.85300e-02,-0.061,0.064
-3.85200e-02,-0.055,0.06
-3.85100e-02,-0.059,0.062
-3.85000e-02,-0.055,0.06
-3.84900e-02,-0.043,0.046
-3.84800e-02,-0.049,0.056
-3.84700e-02,-0.045,0.048
-3.84600e-02,-0.057,0.06
-3.84500e-02,-0.057,0.06
-3.84400e-02,-0.057,0.062
-3.84300e-02,-0.059,0.058
-3.84200e-02,-0.055,0.06
-3.84100e-02,-0.041,0.05
-3.84000e-02,-0.057,0.058
-3.83900e-02,-0.059,0.064
-3.83800e-02,-0.057,0.064
-3.83700e-02,-0.061,0.062
-3.83600e-02,-0.059,0.062
-3.83500e-02,-0.061,0.064
-3.83400e-02,-0.057,0.06
-3.83300e-02,-0.061,0.066
-3.83200e-02,-0.057,0.058
-3.83100e-02,-0.061,0.06
-3.83000e-02,-0.065,0.066
-3.82900e-02,-0.061,0.066
-3.82800e-02,-0.057,0.062
-3.82700e-02,-0.063,0.064
-3.82600e-02,-0.061,0.06
-3.82500e-02,-0.057,0.06
-3.82400e-02,-0.061,0.062
-3.82300e-02,-0.059,0.064
-3.82200e-02,-0.057,0.064
-3.82100e-02,-0.065,0.064
-3.82000e-02,-0.063,0.068
-3.81900e-02,-0.057,0.062
-3.81800e-02,-0.057,0.06
-3.81700e-02,-0.059,0.06
-3.81600e-02,-0.049,0.054
-3.81500e-02,-0.059,0.062
-3.81400e-02,-0.059,0.062
-3.81300e-02,-0.051,0.06
-3.81200e-02,-0.059,0.06
-3.81100e-02,-0.059,0.062
-3.81000e-02,-0.053,0.058
-3.80900e-02,-0.063,0.064
-3.80800e-02,-0.059,0.062
-3.80700e-02,-0.059,0.064
-3.80600e-02,-0.059,0.062
-3.80500e-02,-0.059,0.064
-3.80400e-02,-0.053,0.06
-3.80300e-02,-0.061,0.066
-3.80200e-02,-0.059,0.062
-3.80100e-02,-0.059,0.062
-3.80000e-02,-0.061,0.064
-3.79900e-02,-0.059,0.062
-3.79800e-02,-0.059,0.064
-3.79700e-02,-0.055,0.06
-3.79600e-02,-0.057,0.062
-3.79500e-02,-0.059,0.066
-3.79400e-02,-0.059,0.062
-3.79300e-02,-0.063,0.062
-3.79200e-02,-0.059,0.064
-3.79100e-02,-0.061,0.066
-3.79000e-02,-0.057,0.064
-3.78900e-02,-0.059,0.064
-3.78800e-02,-0.055,0.06
-3.78700e-02,-0.061,0.062
-3.78600e-02,-0.049,0.056
-3.78500e-02,-0.059,0.062
-3.78400e-02,-0.061,0.064
-3.78300e-02,-0.059,0.06
-3.78200e-02,-0.055,0.06
-3.78100e-02,-0.055,0.06
-3.78000e-02,-0.059,0.06
-3.77900e-02,-0.057,0.06
-3.77800e-02,-0.057,0.06
-3.77700e-02,-0.057,0.062
-3.77600e-02,-0.053,0.06
-3.77500e-02,-0.063,0.066
-3.77400e-02,-0.061,0.066
-3.77300e-02,-0.061,0.064
-3.77200e-02,-0.061,0.062
-3.77100e-02,-0.057,0.06
-3.77000e-02,-0.061,0.068
-3.76900e-02,-0.061,0.062
-3.76800e-02,-0.063,0.062
-3.76700e-02,-0.059,0.062
-3.76600e-02,-0.055,0.06
-3.76500e-02,-0.057,0.062
-3.76400e-02,-0.057,0.062
-3.76300e-02,-0.059,0.064
-3.76200e-02,-0.061,0.064
-3.76100e-02,-0.055,0.058
-3.76000e-02,-0.059,0.064
-3.75900e-02,-0.063,0.064
-3.75800e-02,-0.061,0.062
-3.75700e-02,-0.053,0.06
-3.75600e-02,-0.059,0.064
-3.75500e-02,-0.059,0.064
-3.75400e-02,-0.059,0.064
-3.75300e-02,-0.061,0.066
-3.75200e-02,-0.061,0.062
-3.75100e-02,-0.059,0.064
-3.75000e-02,-0.057,0.066
-3.74900e-02,-0.061,0.064
-3.74800e-02,-0.059,0.064
-3.74700e-02,-0.059,0.062
-3.74600e-02,-0.059,0.064
-3.74500e-02,-0.053,0.056
-3.74400e-02,-0.061,0.06
-3.74300e-02,-0.055,0.056
-3.74200e-02,-0.051,0.06
-3.74100e-02,-0.061,0.064
-3.74000e-02,-0.061,0.062
-3.73900e-02,-0.059,0.064
-3.73800e-02,-0.053,0.06
-3.73700e-02,-0.063,0.062
-3.73600e-02,-0.061,0.064
-3.73500e-02,-0.061,0.062
-3.73400e-02,-0.063,0.064
-3.73300e-02,-0.057,0.062
-3.73200e-02,-0.057,0.064
-3.73100e-02,-0.063,0.062
-3.73000e-02,-0.057,0.064
-3.72900e-02,-0.057,0.06
-3.72800e-02,-0.065,0.062
-3.72700e-02,-0.059,0.062
-3.72600e-02,-0.057,0.062
-3.72500e-02,-0.059,0.06
-3.72400e-02,-0.061,0.062
-3.72300e-02,-0.057,0.064
-3.72200e-02,-0.061,0.062
-3.72100e-02,-0.055,0.06
-3.72000e-02,-0.061,0.064
-3.71900e-02,-0.061,0.062
-3.71800e-02,-0.061,0.06
-3.71700e-02,-0.063,0.064
-3.71600e-02,-0.057,0.062
-3.71500e-02,-0.061,0.064
-3.71400e-02,-0.055,0.06
-3.71300e-02,-0.063,0.064
-3.71200e-02,-0.059,0.066
-3.71100e-02,-0.059,0.062
-3.71000e-02,-0.057,0.06
-3.70900e-02,-0.059,0.064
-3.70800e-02,-0.057,0.06
-3.70700e-02,-0.059,0.062
-3.70600e-02,-0.059,0.064
-3.70500e-02,-0.057,0.062
-3.70400e-02,-0.059,0.064
-3.70300e-02,-0.059,0.06
-3.70200e-02,-0.061,0.064
-3.70100e-02,-0.061,0.064
-3.70000e-02,-0.059,0.064
-3.69900e-02,-0.063,0.06
-3.69800e-02,-0.061,0.064
-3.69700e-02,-0.059,0.064
-3.69600e-02,-0.061,0.06
-3.69500e-02,-0.059,0.064
-3.69400e-02,-0.065,0.062
-3.69300e-02,-0.059,0.06
-3.69200e-02,-0.061,0.064
-3.69100e-02,-0.059,0.064
-3.69000e-02,-0.063,0.062
-3.68900e-02,-0.055,0.058
-3.68800e-02,-0.059,0.064
-3.68700e-02,-0.061,0.064
-3.68600e-02,-0.057,0.062
-3.68500e-02,-0.059,0.062
-3.68400e-02,-0.057,0.06
-3.68300e-02,-0.059,0.066
-3.68200e-02,-0.057,0.06
-3.68100e-02,-0.059,0.064
-3.68000e-02,-0.051,0.056
-3.67900e-02,-0.055,0.062
-3.67800e-02,-0.049,0.054
-3.67700e-02,-0.059,0.062
-3.67600e-02,-0.051,0.056
-3.67500e-02,-0.059,0.064
-3.67400e-02,-0.059,0.064
-3.67300e-02,-0.055,0.062
-3.67200e-02,-0.057,0.064
-3.67100e-02,-0.055,0.06
-3.67000e-02,-0.053,0.056
-3.66900e-02,-0.061,0.06
-3.66800e-02,-0.061,0.06
-3.66700e-02,-0.061,0.064
-3.66600e-02,-0.043,0.05
-3.66500e-02,-0.055,0.06
-3.66400e-02,-0.055,0.056
-3.66300e-02,-0.057,0.06
-3.66200e-02,-0.057,0.062
-3.66100e-02,-0.061,0.064
-3.66000e-02,-0.061,0.064
-3.65900e-02,-0.059,0.06
-3.65800e-02,-0.061,0.062
-3.65700e-02,-0.057,0.064
-3.65600e-02,-0.061,0.06
-3.65500e-02,-0.059,0.064
-3.65400e-02,-0.051,0.058
-3.65300e-02,-0.057,0.06
-3.65200e-02,-0.059,0.06
-3.65100e-02,-0.059,0.064
-3.65000e-02,-0.053,0.058
-3.64900e-02,-0.053,0.06
-3.64800e-02,-0.061,0.062
-3.64700e-02,-0.057,0.064
-3.64600e-02,-0.055,0.06
-3.64500e-02,-0.061,0.064
-3.64400e-02,-0.061,0.062
-3.64300e-02,-0.061,0.064
-3.64200e-02,-0.049,0.062
-3.64100e-02,-0.059,0.064
-3.64000e-02,-0.061,0.062
-3.63900e-02,-0.061,0.064
-3.63800e-02,-0.061,0.06
-3.63700e-02,-0.063,0.064
-3.63600e-02,-0.055,0.062
-3.63500e-02,-0.059,0.064
-3.63400e-02,-0.063,0.06
-3.63300e-02,-0.061,0.064
-3.63200e-02,-0.051,0.054
-3.63100e-02,-0.051,0.058
-3.63000e-02,-0.059,0.066
-3.62900e-02,-0.059,0.066
-3.62800e-02,-0.051,0.056
-3.62700e-02,-0.059,0.064
-3.62600e-02,-0.059,0.062
-3.62500e-02,-0.059,0.066
-3.62400e-02,-0.059,0.064
-3.62300e-02,-0.063,0.064
-3.62200e-02,-0.059,0.062
-3.62100e-02,-0.059,0.062
-3.62000e-02,-0.061,0.064
-3.61900e-02,-0.063,0.064
-3.61800e-02,-0.055,0.062
-3.61700e-02,-0.063,0.062
-3.61600e-02,-0.059,0.064
-3.61500e-02,-0.057,0.062
-3.61400e-02,-0.049,0.058
-3.61300e-02,-0.061,0.064
-3.61200e-02,-0.057,0.064
-3.61100e-02,-0.055,0.06
-3.61000e-02,-0.059,0.06
-3.60900e-02,-0.061,0.064
-3.60800e-02,-0.059,0.062
-3.60700e-02,-0.057,0.06
-3.60600e-02,-0.061,0.064
-3.60500e-02,-0.051,0.054
-3.60400e-02,-0.053,0.056
-3.60300e-02,-0.061,0.062
-3.60200e-02,-0.061,0.064
-3.60100e-02,-0.059,0.06
-3.60000e-02,-0.055,0.06
-3.59900e-02,-0.059,0.066
-3.59800e-02,-0.061,0.066
-3.59700e-02,-0.063,0.062
-3.59600e-02,-0.053,0.058
-3.59500e-02,-0.059,0.06
-3.59400e-02,-0.043,0.048
-3.59300e-02,-0.057,0.064
-3.59200e-02,-0.057,0.06
-3.59100e-02,-0.059,0.064
-3.59000e-02,-0.059,0.06
-3.58900e-02,-0.061,0.064
-3.58800e-02,-0.061,0.064
-3.58700e-02,-0.063,0.066
-3.58600e-02,-0.061,0.062
-3.58500e-02,-0.055,0.062
-3.58400e-02,-0.057,0.06
-3.58300e-02,-0.053,0.056
-3.58200e-02,-0.059,0.062
-3.58100e-02,-0.063,0.064
-3.58000e-02,-0.061,0.062
-3.57900e-02,-0.059,0.064
-3.57800e-02,-0.057,0.06
-3.57700e-02,-0.055,0.062
-3.57600e-02,-0.059,0.062
-3.57500e-02,-0.061,0.066
-3.57400e-02,-0.061,0.06
-3.57300e-02,-0.055,0.062
-3.57200e-02,-0.059,0.064
-3.57100e-02,-0.057,0.06
-3.57000e-02,-0.061,0.064
-3.56900e-02,-0.059,0.064
-3.56800e-02,-0.055,0.058
-3.56700e-02,-0.063,0.064
-3.56600e-02,-0.055,0.058
-3.56500e-02,-0.059,0.066
-3.56400e-02,-0.053,0.058
-3.56300e-02,-0.059,0.064
-3.56200e-02,-0.059,0.06
-3.56100e-02,-0.059,0.06
-3.56000e-02,-0.051,0.06
-3.55900e-02,-0.059,0.06
-3.55800e-02,-0.061,0.064
-3.55700e-02,-0.059,0.064
-3.55600e-02,-0.059,0.062
-3.55500e-02,-0.061,0.064
-3.55400e-02,-0.061,0.066
-3.55300e-02,-0.059,0.06
-3.55200e-02,-0.053,0.06
-3.55100e-02,-0.047,0.052
-3.55000e-02,-0.039,0.046
-3.54900e-02,-0.061,0.064
-3.54800e-02,-0.063,0.064
-3.54700e-02,-0.063,0.066
-3.54600e-02,-0.057,0.06
-3.54500e-02,-0.061,0.064
-3.54400e-02,-0.061,0.064
-3.54300e-02,-0.059,0.06
-3.54200e-02,-0.061,0.066
-3.54100e-02,-0.057,0.06
-3.54000e-02,-0.061,0.062
-3.53900e-02,-0.059,0.062
-3.53800e-02,-0.061,0.064
-3.53700e-02,-0.059,0.06
-3.53600e-02,-0.059,0.064
-3.53500e-02,-0.059,0.062
-3.53400e-02,-0.061,0.064
-3.53300e-02,-0.061,0.064
-3.53200e-02,-0.063,0.062
-3.53100e-02,-0.061,0.066
-3.53000e-02,-0.059,0.062
-3.52900e-02,-0.061,0.062
-3.52800e-02,-0.059,0.064
-3.52700e-02,-0.057,0.058
-3.52600e-02,-0.061,0.062
-3.52500e-02,-0.057,0.06
-3.52400e-02,-0.061,0.064
-3.52300e-02,-0.059,0.064
-3.52200e-02,-0.063,0.07
-3.52100e-02,-0.051,0.056
-3.52000e-02,-0.059,0.062
-3.51900e-02,-0.059,0.06
-3.51800e-02,-0.059,0.06
-3.51700e-02,-0.061,0.064
-3.51600e-02,-0.049,0.056
-3.51500e-02,-0.061,0.064
-3.51400e-02,-0.057,0.06
-3.51300e-02,-0.055,0.06
-3.51200e-02,-0.051,0.058
-3.51100e-02,-0.053,0.058
-3.51000e-02,-0.059,0.06
-3.50900e-02,-0.051,0.056
-3.50800e-02,-0.059,0.064
-3.50700e-02,-0.057,0.06
-3.50600e-02,-0.059,0.062
-3.50500e-02,-0.059,0.062
-3.50400e-02,-0.053,0.058
-3.50300e-02,-0.061,0.064
-3.50200e-02,-0.053,0.058
-3.50100e-02,-0.061,0.066
-3.50000e-02,-0.061,0.06
-3.49900e-02,-0.057,0.066
-3.49800e-02,-0.051,0.056
-3.49700e-02,-0.061,0.064
-3.49600e-02,-0.053,0.058
-3.49500e-02,-0.059,0.062
-3.49400e-02,-0.041,0.046
-3.49300e-02,-0.059,0.06
-3.49200e-02,-0.059,0.06
-3.49100e-02,-0.057,0.06
-3.49000e-02,-0.059,0.062
-3.48900e-02,-0.059,0.06
-3.48800e-02,-0.053,0.058
-3.48700e-02,-0.065,0.062
-3.48600e-02,-0.059,0.062
-3.48500e-02,-0.061,0.062
-3.48400e-02,-0.063,0.064
-3.48300e-02,-0.061,0.064
-3.48200e-02,-0.063,0.062
-3.48100e-02,-0.055,0.06
-3.48000e-02,-0.061,0.064
-3.47900e-02,-0.059,0.064
-3.47800e-02,-0.059,0.062
-3.47700e-02,-0.061,0.064
-3.47600e-02,-0.057,0.06
-3.47500e-02,-0.063,0.062
-3.47400e-02,-0.061,0.062
-3.47300e-02,-0.057,0.062
-3.47200e-02,-0.051,0.054
-3.47100e-02,-0.061,0.062
-3.47000e-02,-0.053,0.058
-3.46900e-02,-0.061,0.062
-3.46800e-02,-0.051,0.054
-3.46700e-02,-0.061,0.062
-3.46600e-02,-0.061,0.064
-3.46500e-02,-0.057,0.062
-3.46400e-02,-0.055,0.06
-3.46300e-02,-0.059,0.06
-3.46200e-02,-0.053,0.058
-3.46100e-02,-0.059,0.06
-3.46000e-02,-0.053,0.058
-3.45900e-02,-0.059,0.066
-3.45800e-02,-0.061,0.064
-3.45700e-02,-0.049,0.056
-3.45600e-02,-0.055,0.062
-3.45500e-02,-0.053,0.06
-3.45400e-02,-0.059,0.064
-3.45300e-02,-0.061,0.068
-3.45200e-02,-0.061,0.062
-3.45100e-02,-0.059,0.06
-3.45000e-02,-0.049,0.052
-3.44900e-02,-0.063,0.064
-3.44800e-02,-0.061,0.066
-3.44700e-02,-0.059,0.06
-3.44600e-02,-0.063,0.064
-3.44500e-02,-0.059,0.066
-3.44400e-02,-0.065,0.062
-3.44300e-02,-0.063,0.06
-3.44200e-02,-0.057,0.062
-3.44100e-02,-0.061,0.064
-3.44000e-02,-0.055,0.06
-3.43900e-02,-0.059,0.064
-3.43800e-02,-0.049,0.056
-3.43700e-02,-0.059,0.062
-3.43600e-02,-0.051,0.058
-3.43500e-02,-0.051,0.054
-3.43400e-02,-0.061,0.062
-3.43300e-02,-0.053,0.06
-3.43200e-02,-0.055,0.058
-3.43100e-02,-0.059,0.064
-3.43000e-02,-0.059,0.064
-3.42900e-02,-0.059,0.064
-3.42800e-02,-0.057,0.062
-3.42700e-02,-0.061,0.06
-3.42600e-02,-0.045,0.052
-3.42500e-02,-0.059,0.062
-3.42400e-02,-0.059,0.06
-3.42300e-02,-0.059,0.062
-3.42200e-02,-0.063,0.064
-3.42100e-02,-0.055,0.06
-3.42000e-02,-0.059,0.064
-3.41900e-02,-0.061,0.064
-3.41800e-02,-0.059,0.062
-3.41700e-02,-0.059,0.062
-3.41600e-02,-0.057,0.06
-3.41500e-02,-0.063,0.062
-3.41400e-02,-0.051,0.058
-3.41300e-02,-0.061,0.064
-3.41200e-02,-0.061,0.064
-3.41100e-02,-0.057,0.06
-3.41000e-02,-0.059,0.062
-3.40900e-02,-0.059,0.062
-3.40800e-02,-0.059,0.062
-3.40700e-02,-0.057,0.06
-3.40600e-02,-0.059,0.06
-3.40500e-02,-0.059,0.062
-3.40400e-02,-0.049,0.054
-3.40300e-02,-0.061,0.068
-3.40200e-02,-0.057,0.062
-3.40100e-02,-0.057,0.062
-3.40000e-02,-0.061,0.062
-3.39900e-02,-0.059,0.06
-3.39800e-02,-0.057,0.062
-3.39700e-02,-0.057,0.062
-3.39600e-02,-0.057,0.06
-3.39500e-02,-0.063,0.066
-3.39400e-02,-0.059,0.06
-3.39300e-02,-0.045,0.054
-3.39200e-02,-0.061,0.062
-3.39100e-02,-0.053,0.058
-3.39000e-02,-0.061,0.064
-3.38900e-02,-0.055,0.06
-3.38800e-02,-0.061,0.06
-3.38700e-02,-0.055,0.06
-3.38600e-02,-0.059,0.064
-3.38500e-02,-0.049,0.054
-3.38400e-02,-0.061,0.062
-3.38300e-02,-0.055,0.06
-3.38200e-02,-0.059,0.064
-3.38100e-02,-0.061,0.064
-3.38000e-02,-0.063,0.062
-3.37900e-02,-0.055,0.06
-3.37800e-02,-0.063,0.064
-3.37700e-02,-0.061,0.064
-3.37600e-02,-0.059,0.062
-3.37500e-02,-0.061,0.062
-3.37400e-02,-0.059,0.062
-3.37300e-02,-0.059,0.062
-3.37200e-02,-0.059,0.062
-3.37100e-02,-0.057,0.058
-3.37000e-02,-0.053,0.062
-3.36900e-02,-0.061,0.06
-3.36800e-02,-0.057,0.058
-3.36700e-02,-0.063,0.064
-3.36600e-02,-0.053,0.058
-3.36500e-02,-0.059,0.06
-3.36400e-02,-0.053,0.06
-3.36300e-02,-0.055,0.058
-3.36200e-02,-0.061,0.062
-3.36100e-02,-0.059,0.062
-3.36000e-02,-0.049,0.056
-3.35900e-02,-0.059,0.062
-3.35800e-02,-0.051,0.054
-3.35700e-02,-0.061,0.068
-3.35600e-02,-0.053,0.06
-3.35500e-02,-0.051,0.056
-3.35400e-02,-0.063,0.064
-3.35300e-02,-0.059,0.064
-3.35200e-02,-0.053,0.056
-3.35100e-02,-0.061,0.06
-3.35000e-02,-0.057,0.058
-3.34900e-02,-0.059,0.062
-3.34800e-02,-0.057,0.066
-3.34700e-02,-0.057,0.064
-3.34600e-02,-0.059,0.064
-3.34500e-02,-0.059,0.064
-3.34400e-02,-0.051,0.056
-3.34300e-02,-0.061,0.06
-3.34200e-02,-0.057,0.06
-3.34100e-02,-0.055,0.06
-3.34000e-02,-0.059,0.06
-3.33900e-02,-0.059,0.062
-3.33800e-02,-0.049,0.054
-3.33700e-02,-0.057,0.062
-3.33600e-02,-0.057,0.062
-3.33500e-02,-0.061,0.062
-3.33400e-02,-0.061,0.064
-3.33300e-02,-0.059,0.064
-3.33200e-02,-0.061,0.064
-3.33100e-02,-0.059,0.064
-3.33000e-02,-0.061,0.064
-3.32900e-02,-0.063,0.064
-3.32800e-02,-0.063,0.062
-3.32700e-02,-0.059,0.062
-3.32600e-02,-0.057,0.062
-3.32500e-02,-0.061,0.06
-3.32400e-02,-0.059,0.062
-3.32300e-02,-0.055,0.062
-3.32200e-02,-0.059,0.06
-3.32100e-02,-0.057,0.062
-3.32000e-02,-0.055,0.054
-3.31900e-02,-0.055,0.062
-3.31800e-02,-0.061,0.062
-3.31700e-02,-0.047,0.056
-3.31600e-02,-0.061,0.064
-3.31500e-02,-0.057,0.064
-3.31400e-02,-0.059,0.06
-3.31300e-02,-0.063,0.062
-3.31200e-02,-0.063,0.064
-3.31100e-02,-0.059,0.064
-3.31000e-02,-0.059,0.062
-3.30900e-02,-0.061,0.064
-3.30800e-02,-0.059,0.064
-3.30700e-02,-0.061,0.064
-3.30600e-02,-0.057,0.06
-3.30500e-02,-0.057,0.064
-3.30400e-02,-0.059,0.064
-3.30300e-02,-0.061,0.062
-3.30200e-02,-0.061,0.066
-3.30100e-02,-0.061,0.064
-3.30000e-02,-0.053,0.06
-3.29900e-02,-0.057,0.062
-3.29800e-02,-0.055,0.062
-3.29700e-02,-0.057,0.064
-3.29600e-02,-0.057,0.066
-3.29500e-02,-0.061,0.064
-3.29400e-02,-0.057,0.06
-3.29300e-02,-0.055,0.06
-3.29200e-02,-0.061,0.066
-3.29100e-02,-0.055,0.06
-3.29000e-02,-0.057,0.06
-3.28900e-02,-0.061,0.062
-3.28800e-02,-0.061,0.064
-3.28700e-02,-0.055,0.06
-3.28600e-02,-0.059,0.064
-3.28500e-02,-0.057,0.064
-3.28400e-02,-0.059,0.06
-3.28300e-02,-0.055,0.06
-3.28200e-02,-0.053,0.06
-3.28100e-02,-0.059,0.064
-3.28000e-02,-0.057,0.06
-3.27900e-02,-0.057,0.064
-3.27800e-02,-0.059,0.062
-3.27700e-02,-0.059,0.062
-3.27600e-02,-0.057,0.062
-3.27500e-02,-0.061,0.062
-3.27400e-02,-0.061,0.06
-3.27300e-02,-0.057,0.062
-3.27200e-02,-0.065,0.062
-3.27100e-02,-0.059,0.06
-3.27000e-02,-0.059,0.064
-3.26900e-02,-0.057,0.058
-3.26800e-02,-0.059,0.068
-3.26700e-02,-0.043,0.05
-3.26600e-02,-0.057,0.062
-3.26500e-02,-0.053,0.058
-3.26400e-02,-0.057,0.06
-3.26300e-02,-0.051,0.054
-3.26200e-02,-0.053,0.06
-3.26100e-02,-0.061,0.064
-3.26000e-02,-0.057,0.058
-3.25900e-02,-0.061,0.062
-3.25800e-02,-0.059,0.064
-3.25700e-02,-0.047,0.05
-3.25600e-02,-0.065,0.06
-3.25500e-02,-0.035,0.036
-3.25400e-02,-0.057,0.062
-3.25300e-02,-0.055,0.058
-3.25200e-02,-0.059,0.062
-3.25100e-02,-0.059,0.064
-3.25000e-02,-0.049,0.054
-3.24900e-02,-0.055,0.056
-3.24800e-02,-0.061,0.06
-3.24700e-02,-0.059,0.056
-3.24600e-02,-0.059,0.064
-3.24500e-02,-0.055,0.062
-3.24400e-02,-0.059,0.06
-3.24300e-02,-0.051,0.054
-3.24200e-02,-0.059,0.06
-3.24100e-02,-0.059,0.064
-3.24000e-02,-0.061,0.062
-3.23900e-02,-0.055,0.06
-3.23800e-02,-0.061,0.06
-3.23700e-02,-0.061,0.068
-3.23600e-02,-0.043,0.05
-3.23500e-02,-0.063,0.064
-3.23400e-02,-0.045,0.048
-3.23300e-02,-0.061,0.064
-3.23200e-02,-0.045,0.048
-3.23100e-02,-0.053,0.056
-3.23000e-02,-0.059,0.062
-3.22900e-02,-0.049,0.056
-3.22800e-02,-0.059,0.062
-3.22700e-02,-0.059,0.062
-3.22600e-02,-0.059,0.062
-3.22500e-02,-0.055,0.058
-3.22400e-02,-0.053,0.058
-3.22300e-02,-0.061,0.064
-3.22200e-02,-0.051,0.054
-3.22100e-02,-0.061,0.06
-3.22000e-02,-0.057,0.062
-3.21900e-02,-0.063,0.066
-3.21800e-02,-0.061,0.062
-3.21700e-02,-0.063,0.06
-3.21600e-02,-0.059,0.06
-3.21500e-02,-0.061,0.062
-3.21400e-02,-0.059,0.064
-3.21300e-02,-0.065,0.064
-3.21200e-02,-0.061,0.064
-3.21100e-02,-0.057,0.06
-3.21000e-02,-0.059,0.064
-3.20900e-02,-0.059,0.06
-3.20800e-02,-0.055,0.064
-3.20700e-02,-0.059,0.062
-3.20600e-02,-0.059,0.062
-3.20500e-02,-0.059,0.06
-3.20400e-02,-0.055,0.06
-3.20300e-02,-0.061,0.064
-3.20200e-02,-0.061,0.064
-3.20100e-02,-0.057,0.064
-3.20000e-02,-0.055,0.06
-3.19900e-02,-0.059,0.064
-3.19800e-02,-0.053,0.058
-3.19700e-02,-0.055,0.06
-3.19600e-02,-0.057,0.064
-3.19500e-02,-0.061,0.062
-3.19400e-02,-0.061,0.06
-3.19300e-02,-0.061,0.068
-3.19200e-02,-0.061,0.06
-3.19100e-02,-0.051,0.06
-3.19000e-02,-0.059,0.064
-3.18900e-02,-0.063,0.062
-3.18800e-02,-0.057,0.062
-3.18700e-02,-0.061,0.064
-3.18600e-02,-0.059,0.068
-3.18500e-02,-0.055,0.06
-3.18400e-02,-0.061,0.06
-3.18300e-02,-0.055,0.06
-3.18200e-02,-0.059,0.062
-3.18100e-02,-0.057,0.058
-3.18000e-02,-0.061,0.064
-3.17900e-02,-0.055,0.062
-3.17800e-02,-0.057,0.06
-3.17700e-02,-0.057,0.062
-3.17600e-02,-0.049,0.056
-3.17500e-02,-0.061,0.064
-3.17400e-02,-0.059,0.066
-3.17300e-02,-0.061,0.06
-3.17200e-02,-0.059,0.064
-3.17100e-02,-0.061,0.06
-3.17000e-02,-0.063,0.064
-3.16900e-02,-0.059,0.062
-3.16800e-02,-0.061,0.064
-3.16700e-02,-0.059,0.064
-3.16600e-02,-0.059,0.064
-3.16500e-02,-0.059,0.06
-3.16400e-02,-0.053,0.058
-3.16300e-02,-0.059,0.062
-3.16200e-02,-0.053,0.058
-3.16100e-02,-0.061,0.066
-3.16000e-02,-0.057,0.06
-3.15900e-02,-0.061,0.066
-3.15800e-02,-0.061,0.062
-3.15700e-02,-0.055,0.06
-3.15600e-02,-0.059,0.068
-3.15500e-02,-0.065,0.068
-3.15400e-02,-0.057,0.062
-3.15300e-02,-0.061,0.064
-3.15200e-02,-0.051,0.058
-3.15100e-02,-0.057,0.062
-3.15000e-02,-0.055,0.062
-3.14900e-02,-0.061,0.064
-3.14800e-02,-0.059,0.062
-3.14700e-02,-0.061,0.062
-3.14600e-02,-0.059,0.062
-3.14500e-02,-0.061,0.064
-3.14400e-02,-0.059,0.06
-3.14300e-02,-0.059,0.06
-3.14200e-02,-0.059,0.06
-3.14100e-02,-0.061,0.062
-3.14000e-02,-0.061,0.062
-3.13900e-02,-0.059,0.064
-3.13800e-02,-0.051,0.058
-3.13700e-02,-0.063,0.062
-3.13600e-02,-0.049,0.056
-3.13500e-02,-0.061,0.064
-3.13400e-02,-0.059,0.062
-3.13300e-02,-0.059,0.06
-3.13200e-02,-0.049,0.056
-3.13100e-02,-0.063,0.064
-3.13000e-02,-0.051,0.052
-3.12900e-02,-0.051,0.06
-3.12800e-02,-0.061,0.062
-3.12700e-02,-0.061,0.064
-3.12600e-02,-0.057,0.058
-3.12500e-02,-0.059,0.064
-3.12400e-02,-0.061,0.064
-3.12300e-02,-0.057,0.06
-3.12200e-02,-0.053,0.062
-3.12100e-02,-0.051,0.056
-3.12000e-02,-0.051,0.058
-3.11900e-02,-0.059,0.064
-3.11800e-02,-0.053,0.052
-3.11700e-02,-0.061,0.062
-3.11600e-02,-0.061,0.062
-3.11500e-02,-0.057,0.058
-3.11400e-02,-0.059,0.064
-3.11300e-02,-0.061,0.064
-3.11200e-02,-0.061,0.064
-3.11100e-02,-0.061,0.062
-3.11000e-02,-0.057,0.06
-3.10900e-02,-0.061,0.06
-3.10800e-02,-0.055,0.06
-3.10700e-02,-0.051,0.058
-3.10600e-02,-0.057,0.06
-3.10500e-02,-0.055,0.06
-3.10400e-02,-0.051,0.058
-3.10300e-02,-0.061,0.064
-3.10200e-02,-0.055,0.058
-3.10100e-02,-0.061,0.066
-3.10000e-02,-0.059,0.064
-3.09900e-02,-0.053,0.06
-3.09800e-02,-0.061,0.064
-3.09700e-02,-0.059,0.064
-3.09600e-02,-0.053,0.06
-3.09500e-02,-0.057,0.06
-3.09400e-02,-0.049,0.056
-3.09300e-02,-0.059,0.062
-3.09200e-02,-0.049,0.054
-3.09100e-02,-0.055,0.06
-3.09000e-02,-0.061,0.064
-3.08900e-02,-0.059,0.064
-3.08800e-02,-0.061,0.066
-3.08700e-02,-0.055,0.06
-3.08600e-02,-0.061,0.064
-3.08500e-02,-0.059,0.06
-3.08400e-02,-0.061,0.062
-3.08300e-02,-0.057,0.06
-3.08200e-02,-0.059,0.062
-3.08100e-02,-0.057,0.062
-3.08000e-02,-0.061,0.064
-3.07900e-02,-0.055,0.068
-3.07800e-02,-0.059,0.062
-3.07700e-02,-0.057,0.06
-3.07600e-02,-0.061,0.064
-3.07500e-02,-0.055,0.064
-3.07400e-02,-0.057,0.064
-3.07300e-02,-0.065,0.062
-3.07200e-02,-0.063,0.068
-3.07100e-02,-0.059,0.064
-3.07000e-02,-0.055,0.06
-3.06900e-02,-0.059,0.06
-3.06800e-02,-0.059,0.06
-3.06700e-02,-0.055,0.06
-3.06600e-02,-0.057,0.062
-3.06500e-02,-0.055,0.06
-3.06400e-02,-0.055,0.06
-3.06300e-02,-0.053,0.058
-3.06200e-02,-0.055,0.06
-3.06100e-02,-0.045,0.052
-3.06000e-02,-0.057,0.06
-3.05900e-02,-0.061,0.062
-3.05800e-02,-0.061,0.062
-3.05700e-02,-0.061,0.064
-3.05600e-02,-0.049,0.056
-3.05500e-02,-0.063,0.062
-3.05400e-02,-0.051,0.056
-3.05300e-02,-0.059,0.064
-3.05200e-02,-0.055,0.06
-3.05100e-02,-0.063,0.066
-3.05000e-02,-0.051,0.054
-3.04900e-02,-0.059,0.062
-3.04800e-02,-0.063,0.06
-3.04700e-02,-0.059,0.06
-3.04600e-02,-0.059,0.06
-3.04500e-02,-0.051,0.056
-3.04400e-02,-0.059,0.064
-3.04300e-02,-0.059,0.062
-3.04200e-02,-0.061,0.064
-3.04100e-02,-0.059,0.064
-3.04000e-02,-0.055,0.06
-3.03900e-02,-0.061,0.066
-3.03800e-02,-0.059,0.062
-3.03700e-02,-0.061,0.064
-3.03600e-02,-0.061,0.062
-3.03500e-02,-0.055,0.06
-3.03400e-02,-0.061,0.066
-3.03300e-02,-0.049,0.058
-3.03200e-02,-0.059,0.062
-3.03100e-02,-0.049,0.056
-3.03000e-02,-0.055,0.06
-3.02900e-02,-0.053,0.056
-3.02800e-02,-0.061,0.068
-3.02700e-02,-0.061,0.062
-3.02600e-02,-0.061,0.064
-3.02500e-02,-0.057,0.066
-3.02400e-02,-0.049,0.054
-3.02300e-02,-0.061,0.062
-3.02200e-02,-0.055,0.06
-3.02100e-02,-0.059,0.064
-3.02000e-02,-0.059,0.062
-3.01900e-02,-0.055,0.06
-3.01800e-02,-0.049,0.05
-3.01700e-02,-0.061,0.062
-3.01600e-02,-0.059,0.062
-3.01500e-02,-0.059,0.062
-3.01400e-02,-0.061,0.064
-3.01300e-02,-0.063,0.064
-3.01200e-02,-0.061,0.06
-3.01100e-02,-0.055,0.06
-3.01000e-02,-0.055,0.058
-3.00900e-02,-0.041,0.044
-3.00800e-02,-0.057,0.06
-3.00700e-02,-0.057,0.06
-3.00600e-02,-0.061,0.064
-3.00500e-02,-0.061,0.068
-3.00400e-02,-0.057,0.062
-3.00300e-02,-0.059,0.064
-3.00200e-02,-0.053,0.06
-3.00100e-02,-0.055,0.06
-3.00000e-02,-0.061,0.064
-2.99900e-02,-0.059,0.066
-2.99800e-02,-0.053,0.06
-2.99700e-02,-0.059,0.06
-2.99600e-02,-0.055,0.06
-2.99500e-02,-0.063,0.062
-2.99400e-02,-0.059,0.06
-2.99300e-02,-0.059,0.062
-2.99200e-02,-0.057,0.058
-2.99100e-02,-0.055,0.056
-2.99000e-02,-0.061,0.064
-2.98900e-02,-0.057,0.066
-2.98800e-02,-0.061,0.064
-2.98700e-02,-0.061,0.062
-2.98600e-02,-0.057,0.06
-2.98500e-02,-0.059,0.064
-2.98400e-02,-0.057,0.062
-2.98300e-02,-0.059,0.064
-2.98200e-02,-0.061,0.062
-2.98100e-02,-0.057,0.062
-2.98000e-02,-0.057,0.066
-2.97900e-02,-0.059,0.062
-2.97800e-02,-0.063,0.064
-2.97700e-02,-0.055,0.06
-2.97600e-02,-0.061,0.066
-2.97500e-02,-0.063,0.064
-2.97400e-02,-0.061,0.064
-2.97300e-02,-0.055,0.06
-2.97200e-02,-0.061,0.064
-2.97100e-02,-0.061,0.062
-2.97000e-02,-0.061,0.06
-2.96900e-02,-0.059,0.06
-2.96800e-02,-0.055,0.06
-2.96700e-02,-0.059,0.06
-2.96600e-02,-0.065,0.062
-2.96500e-02,-0.059,0.064
-2.96400e-02,-0.055,0.054
-2.96300e-02,-0.061,0.062
-2.96200e-02,-0.059,0.064
-2.96100e-02,-0.059,0.064
-2.96000e-02,-0.057,0.062
-2.95900e-02,-0.061,0.064
-2.95800e-02,-0.059,0.064
-2.95700e-02,-0.061,0.064
-2.95600e-02,-0.059,0.062
-2.95500e-02,-0.059,0.062
-2.95400e-02,-0.057,0.062
-2.95300e-02,-0.061,0.066
-2.95200e-02,-0.059,0.06
-2.95100e-02,-0.057,0.06
-2.95000e-02,-0.059,0.062
-2.94900e-02,-0.059,0.06
-2.94800e-02,-0.059,0.064
-2.94700e-02,-0.059,0.06
-2.94600e-02,-0.049,0.056
-2.94500e-02,-0.061,0.064
-2.94400e-02,-0.061,0.064
-2.94300e-02,-0.059,0.062
-2.94200e-02,-0.059,0.064
-2.94100e-02,-0.059,0.064
-2.94000e-02,-0.061,0.064
-2.93900e-02,-0.059,0.064
-2.93800e-02,-0.061,0.06
-2.93700e-02,-0.063,0.06
-2.93600e-02,-0.057,0.056
-2.93500e-02,-0.059,0.066
-2.93400e-02,-0.053,0.06
-2.93300e-02,-0.063,0.068
-2.93200e-02,-0.057,0.06
-2.93100e-02,-0.059,0.064
-2.93000e-02,-0.057,0.06
-2.92900e-02,-0.059,0.062
-2.92800e-02,-0.055,0.058
-2.92700e-02,-0.057,0.058
-2.92600e-02,-0.059,0.06
-2.92500e-02,-0.059,0.062
-2.92400e-02,-0.059,0.066
-2.92300e-02,-0.065,0.064
-2.92200e-02,-0.059,0.064
-2.92100e-02,-0.063,0.062
-2.92000e-02,-0.055,0.062
-2.91900e-02,-0.061,0.064
-2.91800e-02,-0.057,0.058
-2.91700e-02,-0.057,0.062
-2.91600e-02,-0.061,0.064
-2.91500e-02,-0.059,0.06
-2.91400e-02,-0.055,0.054
-2.91300e-02,-0.061,0.066
-2.91200e-02,-0.047,0.052
-2.91100e-02,-0.057,0.062
-2.91000e-02,-0.055,0.058
-2.90900e-02,-0.059,0.064
-2.90800e-02,-0.055,0.06
-2.90700e-02,-0.053,0.058
-2.90600e-02,-0.061,0.064
-2.90500e-02,-0.051,0.056
-2.90400e-02,-0.061,0.064
-2.90300e-02,-0.061,0.062
-2.90200e-02,-0.059,0.066
-2.90100e-02,-0.059,0.066
-2.90000e-02,-0.061,0.06
-2.89900e-02,-0.057,0.062
-2.89800e-02,-0.061,0.06
-2.89700e-02,-0.061,0.06
-2.89600e-02,-0.063,0.064
-2.89500e-02,-0.059,0.064
-2.89400e-02,-0.059,0.062
-2.89300e-02,-0.055,0.06
-2.89200e-02,-0.063,0.064
-2.89100e-02,-0.047,0.05
-2.89000e-02,-0.057,0.064
-2.88900e-02,-0.053,0.054
-2.88800e-02,-0.063,0.064
-2.88700e-02,-0.049,0.054
-2.88600e-02,-0.061,0.064
-2.88500e-02,-0.059,0.064
-2.88400e-02,-0.061,0.062
-2.88300e-02,-0.059,0.064
-2.88200e-02,-0.061,0.06
-2.88100e-02,-0.049,0.058
-2.88000e-02,-0.061,0.064
-2.87900e-02,-0.055,0.06
-2.87800e-02,-0.063,0.062
-2.87700e-02,-0.063,0.062
-2.87600e-02,-0.051,0.054
-2.87500e-02,-0.061,0.062
-2.87400e-02,-0.059,0.062
-2.87300e-02,-0.055,0.058
-2.87200e-02,-0.051,0.058
-2.87100e-02,-0.063,0.066
-2.87000e-02,-0.043,0.05
-2.86900e-02,-0.059,0.062
-2.86800e-02,-0.061,0.062
-2.86700e-02,-0.061,0.064
-2.86600e-02,-0.061,0.064
-2.86500e-02,-0.063,0.062
-2.86400e-02,-0.059,0.064
-2.86300e-02,-0.059,0.06
-2.86200e-02,-0.059,0.062
-2.86100e-02,-0.059,0.064
-2.86000e-02,-0.059,0.06
-2.85900e-02,-0.057,0.058
-2.85800e-02,-0.053,0.054
-2.85700e-02,-0.055,0.06
-2.85600e-02,-0.059,0.058
-2.85500e-02,-0.063,0.064
-2.85400e-02,-0.059,0.058
-2.85300e-02,-0.057,0.06
-2.85200e-02,-0.063,0.064
-2.85100e-02,-0.061,0.064
-2.85000e-02,-0.055,0.064
-2.84900e-02,-0.047,0.046
-2.84800e-02,-0.059,0.062
-2.84700e-02,-0.053,0.056
-2.84600e-02,-0.057,0.062
-2.84500e-02,-0.061,0.062
-2.84400e-02,-0.057,0.06
-2.84300e-02,-0.063,0.068
-2.84200e-02,-0.055,0.062
-2.84100e-02,-0.061,0.062
-2.84000e-02,-0.053,0.058
-2.83900e-02,-0.063,0.064
-2.83800e-02,-0.051,0.054
-2.83700e-02,-0.059,0.062
-2.83600e-02,-0.045,0.054
-2.83500e-02,-0.061,0.064
-2.83400e-02,-0.041,0.05
-2.83300e-02,-0.061,0.064
-2.83200e-02,-0.057,0.062
-2.83100e-02,-0.059,0.064
-2.83000e-02,-0.059,0.064
-2.82900e-02,-0.061,0.066
-2.82800e-02,-0.057,0.064
-2.82700e-02,-0.059,0.06
-2.82600e-02,-0.059,0.064
-2.82500e-02,-0.047,0.05
-2.82400e-02,-0.053,0.06
-2.82300e-02,-0.059,0.062
-2.82200e-02,-0.061,0.062
-2.82100e-02,-0.059,0.062
-2.82000e-02,-0.061,0.064
-2.81900e-02,-0.049,0.058
-2.81800e-02,-0.061,0.066
-2.81700e-02,-0.045,0.05
-2.81600e-02,-0.057,0.062
-2.81500e-02,-0.057,0.062
-2.81400e-02,-0.061,0.064
-2.81300e-02,-0.059,0.062
-2.81200e-02,-0.059,0.062
-2.81100e-02,-0.061,0.064
-2.81000e-02,-0.061,0.064
-2.80900e-02,-0.055,0.058
-2.80800e-02,-0.059,0.068
-2.80700e-02,-0.057,0.06
-2.80600e-02,-0.059,0.064
-2.80500e-02,-0.049,0.058
-2.80400e-02,-0.061,0.064
-2.80300e-02,-0.055,0.058
-2.80200e-02,-0.045,0.054
-2.80100e-02,-0.061,0.066
-2.80000e-02,-0.045,0.048
-2.79900e-02,-0.055,0.058
-2.79800e-02,-0.057,0.06
-2.79700e-02,-0.055,0.06
-2.79600e-02,-0.059,0.06
-2.79500e-02,-0.053,0.062
-2.79400e-02,-0.061,0.062
-2.79300e-02,-0.059,0.062
-2.79200e-02,-0.057,0.062
-2.79100e-02,-0.057,0.06
-2.79000e-02,-0.063,0.06
-2.78900e-02,-0.047,0.056
-2.78800e-02,-0.059,0.06
-2.78700e-02,-0.059,0.062
-2.78600e-02,-0.059,0.062
-2.78500e-02,-0.059,0.06
-2.78400e-02,-0.059,0.06
-2.78300e-02,-0.047,0.054
-2.78200e-02,-0.055,0.058
-2.78100e-02,-0.041,0.046
-2.78000e-02,-0.059,0.062
-2.77900e-02,-0.063,0.064
-2.77800e-02,-0.051,0.058
-2.77700e-02,-0.051,0.06
-2.77600e-02,-0.045,0.054
-2.77500e-02,-0.063,0.06
-2.77400e-02,-0.061,0.064
-2.77300e-02,-0.055,0.064
-2.77200e-02,-0.061,0.06
-2.77100e-02,-0.039,0.048
-2.77000e-02,-0.053,0.058
-2.76900e-02,-0.047,0.052
-2.76800e-02,-0.055,0.06
-2.76700e-02,-0.047,0.052
-2.76600e-02,-0.051,0.056
-2.76500e-02,-0.051,0.056
-2.76400e-02,-0.061,0.064
-2.76300e-02,-0.055,0.06
-2.76200e-02,-0.065,0.062
-2.76100e-02,-0.057,0.062
-2.76000e-02,-0.059,0.064
-2.75900e-02,-0.059,0.062
-2.75800e-02,-0.059,0.062
-2.75700e-02,-0.059,0.064
-2.75600e-02,-0.061,0.064
-2.75500e-02,-0.061,0.062
-2.75400e-02,-0.059,0.064
-2.75300e-02,-0.061,0.062
-2.75200e-02,-0.059,0.062
-2.75100e-02,-0.055,0.058
-2.75000e-02,-0.059,0.062
-2.74900e-02,-0.059,0.058
-2.74800e-02,-0.061,0.064
-2.74700e-02,-0.053,0.058
-2.74600e-02,-0.057,0.06
-2.74500e-02,-0.051,0.056
-2.74400e-02,-0.059,0.064
-2.74300e-02,-0.057,0.064
-2.74200e-02,-0.061,0.064
-2.74100e-02,-0.061,0.066
-2.74000e-02,-0.065,0.064
-2.73900e-02,-0.053,0.056
-2.73800e-02,-0.061,0.064
-2.73700e-02,-0.059,0.064
-2.73600e-02,-0.055,0.06
-2.73500e-02,-0.059,0.064
-2.73400e-02,-0.057,0.064
-2.73300e-02,-0.055,0.06
-2.73200e-02,-0.061,0.064
-2.73100e-02,-0.065,0.064
-2.73000e-02,-0.059,0.064
-2.72900e-02,-0.061,0.064
-2.72800e-02,-0.057,0.06
-2.72700e-02,-0.061,0.062
-2.72600e-02,-0.055,0.06
-2.72500e-02,-0.061,0.064
-2.72400e-02,-0.061,0.062
-2.72300e-02,-0.059,0.062
-2.72200e-02,-0.059,0.064
-2.72100e-02,-0.059,0.064
-2.72000e-02,-0.059,0.066
-2.71900e-02,-0.059,0.062
-2.71800e-02,-0.063,0.064
-2.71700e-02,-0.061,0.062
-2.71600e-02,-0.061,0.066
-2.71500e-02,-0.051,0.06
-2.71400e-02,-0.055,0.058
-2.71300e-02,-0.059,0.064
-2.71200e-02,-0.061,0.066
-2.71100e-02,-0.061,0.062
-2.71000e-02,-0.057,0.064
-2.70900e-02,-0.059,0.064
-2.70800e-02,-0.055,0.06
-2.70700e-02,-0.051,0.054
-2.70600e-02,-0.059,0.064
-2.70500e-02,-0.057,0.06
-2.70400e-02,-0.061,0.062
-2.70300e-02,-0.061,0.064
-2.70200e-02,-0.059,0.06
-2.70100e-02,-0.057,0.06
-2.70000e-02,-0.061,0.064
-2.69900e-02,-0.059,0.064
-2.69800e-02,-0.059,0.062
-2.69700e-02,-0.059,0.066
-2.69600e-02,-0.061,0.064
-2.69500e-02,-0.059,0.062
-2.69400e-02,-0.059,0.062
-2.69300e-02,-0.061,0.064
-2.69200e-02,-0.059,0.064
-2.69100e-02,-0.063,0.066
-2.69000e-02,-0.055,0.058
-2.68900e-02,-0.059,0.064
-2.68800e-02,-0.059,0.06
-2.68700e-02,-0.061,0.062
-2.68600e-02,-0.061,0.062
-2.68500e-02,-0.057,0.06
-2.68400e-02,-0.061,0.064
-2.68300e-02,-0.057,0.062
-2.68200e-02,-0.055,0.064
-2.68100e-02,-0.057,0.068
-2.68000e-02,-0.059,0.066
-2.67900e-02,-0.061,0.064
-2.67800e-02,-0.059,0.06
-2.67700e-02,-0.061,0.064
-2.67600e-02,-0.057,0.062
-2.67500e-02,-0.059,0.068
-2.67400e-02,-0.061,0.066
-2.67300e-02,-0.057,0.064
-2.67200e-02,-0.051,0.056
-2.67100e-02,-0.059,0.064
-2.67000e-02,-0.063,0.062
-2.66900e-02,-0.059,0.062
-2.66800e-02,-0.059,0.062
-2.66700e-02,-0.061,0.064
-2.66600e-02,-0.061,0.064
-2.66500e-02,-0.059,0.062
-2.66400e-02,-0.059,0.062
-2.66300e-02,-0.061,0.062
-2.66200e-02,-0.063,0.062
-2.66100e-02,-0.057,0.064
-2.66000e-02,-0.053,0.058
-2.65900e-02,-0.059,0.062
-2.65800e-02,-0.059,0.06
-2.65700e-02,-0.057,0.058
-2.65600e-02,-0.047,0.052
-2.65500e-02,-0.059,0.064
-2.65400e-02,-0.057,0.062
-2.65300e-02,-0.053,0.06
-2.65200e-02,-0.063,0.064
-2.65100e-02,-0.053,0.06
-2.65000e-02,-0.057,0.06
-2.64900e-02,-0.059,0.064
-2.64800e-02,-0.059,0.064
-2.64700e-02,-0.057,0.062
-2.64600e-02,-0.059,0.062
-2.64500e-02,-0.059,0.062
-2.64400e-02,-0.053,0.058
-2.64300e-02,-0.059,0.064
-2.64200e-02,-0.057,0.06
-2.64100e-02,-0.059,0.068
-2.64000e-02,-0.053,0.06
-2.63900e-02,-0.059,0.058
-2.63800e-02,-0.045,0.046
-2.63700e-02,-0.049,0.056
-2.63600e-02,-0.039,0.048
-2.63500e-02,-0.057,0.062
-2.63400e-02,-0.059,0.06
-2.63300e-02,-0.063,0.064
-2.63200e-02,-0.061,0.06
-2.63100e-02,-0.057,0.064
-2.63000e-02,-0.057,0.066
-2.62900e-02,-0.061,0.062
-2.62800e-02,-0.061,0.062
-2.62700e-02,-0.059,0.06
-2.62600e-02,-0.053,0.06
-2.62500e-02,-0.059,0.064
-2.62400e-02,-0.055,0.06
-2.62300e-02,-0.057,0.06
-2.62200e-02,-0.063,0.064
-2.62100e-02,-0.057,0.06
-2.62000e-02,-0.061,0.064
-2.61900e-02,-0.055,0.06
-2.61800e-02,-0.061,0.06
-2.61700e-02,-0.059,0.06
-2.61600e-02,-0.059,0.06
-2.61500e-02,-0.059,0.064
-2.61400e-02,-0.055,0.06
-2.61300e-02,-0.059,0.066
-2.61200e-02,-0.061,0.066
-2.61100e-02,-0.063,0.064
-2.61000e-02,-0.063,0.064
-2.60900e-02,-0.051,0.058
-2.60800e-02,-0.057,0.062
-2.60700e-02,-0.057,0.06
-2.60600e-02,-0.057,0.06
-2.60500e-02,-0.055,0.06
-2.60400e-02,-0.049,0.054
-2.60300e-02,-0.055,0.06
-2.60200e-02,-0.057,0.062
-2.60100e-02,-0.061,0.064
-2.60000e-02,-0.053,0.06
-2.59900e-02,-0.053,0.056
-2.59800e-02,-0.059,0.066
-2.59700e-02,-0.061,0.066
-2.59600e-02,-0.061,0.064
-2.59500e-02,-0.065,0.062
-2.59400e-02,-0.059,0.064
-2.59300e-02,-0.061,0.064
-2.59200e-02,-0.061,0.064
-2.59100e-02,-0.059,0.064
-2.59000e-02,-0.059,0.062
-2.58900e-02,-0.055,0.06
-2.58800e-02,-0.061,0.064
-2.58700e-02,-0.061,0.062
-2.58600e-02,-0.055,0.062
-2.58500e-02,-0.057,0.06
-2.58400e-02,-0.061,0.064
-2.58300e-02,-0.059,0.06
-2.58200e-02,-0.059,0.06
-2.58100e-02,-0.063,0.064
-2.58000e-02,-0.059,0.066
-2.57900e-02,-0.061,0.068
-2.57800e-02,-0.061,0.064
-2.57700e-02,-0.057,0.064
-2.57600e-02,-0.055,0.06
-2.57500e-02,-0.061,0.064
-2.57400e-02,-0.059,0.06
-2.57300e-02,-0.057,0.06
-2.57200e-02,-0.057,0.062
-2.57100e-02,-0.059,0.064
-2.57000e-02,-0.057,0.062
-2.56900e-02,-0.063,0.062
-2.56800e-02,-0.059,0.064
-2.56700e-02,-0.053,0.054
-2.56600e-02,-0.059,0.062
-2.56500e-02,-0.059,0.062
-2.56400e-02,-0.055,0.06
-2.56300e-02,-0.057,0.058
-2.56200e-02,-0.057,0.064
-2.56100e-02,-0.053,0.056
-2.56000e-02,-0.059,0.064
-2.55900e-02,-0.055,0.058
-2.55800e-02,-0.057,0.062
-2.55700e-02,-0.061,0.062
-2.55600e-02,-0.057,0.058
-2.55500e-02,-0.057,0.066
-2.55400e-02,-0.061,0.062
-2.55300e-02,-0.059,0.064
-2.55200e-02,-0.061,0.06
-2.55100e-02,-0.059,0.06
-2.55000e-02,-0.059,0.06
-2.54900e-02,-0.045,0.048
-2.54800e-02,-0.057,0.06
-2.54700e-02,-0.061,0.064
-2.54600e-02,-0.061,0.064
-2.54500e-02,-0.055,0.06
-2.54400e-02,-0.057,0.06
-2.54300e-02,-0.059,0.066
-2.54200e-02,-0.059,0.06
-2.54100e-02,-0.059,0.062
-2.54000e-02,-0.061,0.066
-2.53900e-02,-0.057,0.06
-2.53800e-02,-0.061,0.062
-2.53700e-02,-0.061,0.062
-2.53600e-02,-0.063,0.064
-2.53500e-02,-0.057,0.062
-2.53400e-02,-0.061,0.06
-2.53300e-02,-0.047,0.052
-2.53200e-02,-0.057,0.06
-2.53100e-02,-0.053,0.06
-2.53000e-02,-0.061,0.06
-2.52900e-02,-0.061,0.062
-2.52800e-02,-0.057,0.064
-2.52700e-02,-0.061,0.064
-2.52600e-02,-0.059,0.062
-2.52500e-02,-0.053,0.058
-2.52400e-02,-0.059,0.06
-2.52300e-02,-0.063,0.064
-2.52200e-02,-0.057,0.064
-2.52100e-02,-0.063,0.064
-2.52000e-02,-0.055,0.058
-2.51900e-02,-0.061,0.064
-2.51800e-02,-0.057,0.064
-2.51700e-02,-0.059,0.064
-2.51600e-02,-0.051,0.058
-2.51500e-02,-0.061,0.064
-2.51400e-02,-0.059,0.064
-2.51300e-02,-0.061,0.062
-2.51200e-02,-0.059,0.064
-2.51100e-02,-0.061,0.062
-2.51000e-02,-0.059,0.064
-2.50900e-02,-0.057,0.062
-2.50800e-02,-0.057,0.062
-2.50700e-02,-0.059,0.064
-2.50600e-02,-0.061,0.062
-2.50500e-02,-0.061,0.068
-2.50400e-02,-0.047,0.056
-2.50300e-02,-0.055,0.062
-2.50200e-02,-0.061,0.062
-2.50100e-02,-0.061,0.064
-2.50000e-02,-0.061,0.064
-2.49900e-02,-0.057,0.06
-2.49800e-02,-0.061,0.062
-2.49700e-02,-0.061,0.062
-2.49600e-02,-0.063,0.062
-2.49500e-02,-0.063,0.064
-2.49400e-02,-0.051,0.058
-2.49300e-02,-0.047,0.05
-2.49200e-02,-0.053,0.056
-2.49100e-02,-0.061,0.064
-2.49000e-02,-0.057,0.066
-2.48900e-02,-0.059,0.06
-2.48800e-02,-0.061,0.066
-2.48700e-02,-0.057,0.06
-2.48600e-02,-0.061,0.064
-2.48500e-02,-0.059,0.06
-2.48400e-02,-0.059,0.062
-2.48300e-02,-0.055,0.06
-2.48200e-02,-0.061,0.064
-2.48100e-02,-0.061,0.064
-2.48000e-02,-0.055,0.06
-2.47900e-02,-0.055,0.06
-2.47800e-02,-0.065,0.062
-2.47700e-02,-0.059,0.06
-2.47600e-02,-0.061,0.068
-2.47500e-02,-0.061,0.06
-2.47400e-02,-0.061,0.06
-2.47300e-02,-0.059,0.062
-2.47200e-02,-0.061,0.062
-2.47100e-02,-0.053,0.06
-2.47000e-02,-0.055,0.062
-2.46900e-02,-0.057,0.06
-2.46800e-02,-0.061,0.062
-2.46700e-02,-0.061,0.064
-2.46600e-02,-0.057,0.06
-2.46500e-02,-0.053,0.06
-2.46400e-02,-0.059,0.062
-2.46300e-02,-0.061,0.064
-2.46200e-02,-0.063,0.064
-2.46100e-02,-0.059,0.062
-2.46000e-02,-0.061,0.06
-2.45900e-02,-0.059,0.064
-2.45800e-02,-0.057,0.064
-2.45700e-02,-0.055,0.058
-2.45600e-02,-0.063,0.064
-2.45500e-02,-0.057,0.06
-2.45400e-02,-0.061,0.068
-2.45300e-02,-0.061,0.064
-2.45200e-02,-0.059,0.06
-2.45100e-02,-0.059,0.062
-2.45000e-02,-0.059,0.064
-2.44900e-02,-0.059,0.064
-2.44800e-02,-0.063,0.062
-2.44700e-02,-0.061,0.064
-2.44600e-02,-0.057,0.064
-2.44500e-02,-0.059,0.06
-2.44400e-02,-0.049,0.052
-2.44300e-02,-0.051,0.058
-2.44200e-02,-0.041,0.048
-2.44100e-02,-0.045,0.054
-2.44000e-02,-0.059,0.064
-2.43900e-02,-0.059,0.06
-2.43800e-02,-0.061,0.062
-2.43700e-02,-0.057,0.064
-2.43600e-02,-0.057,0.06
-2.43500e-02,-0.059,0.058
-2.43400e-02,-0.059,0.064
-2.43300e-02,-0.059,0.064
-2.43200e-02,-0.059,0.062
-2.43100e-02,-0.061,0.062
-2.43000e-02,-0.057,0.058
-2.42900e-02,-0.057,0.06
-2.42800e-02,-0.055,0.064
-2.42700e-02,-0.063,0.064
-2.42600e-02,-0.059,0.064
-2.42500e-02,-0.059,0.064
-2.42400e-02,-0.053,0.06
-2.42300e-02,-0.059,0.06
-2.42200e-02,-0.055,0.056
-2.42100e-02,-0.061,0.064
-2.42000e-02,-0.063,0.064
-2.41900e-02,-0.053,0.056
-2.41800e-02,-0.059,0.062
-2.41700e-02,-0.053,0.058
-2.41600e-02,-0.055,0.06
-2.41500e-02,-0.051,0.054
-2.41400e-02,-0.059,0.06
-2.41300e-02,-0.065,0.064
-2.41200e-02,-0.057,0.062
-2.41100e-02,-0.055,0.056
-2.41000e-02,-0.047,0.048
-2.40900e-02,-0.055,0.06
-2.40800e-02,-0.057,0.058
-2.40700e-02,-0.055,0.062
-2.40600e-02,-0.051,0.054
-2.40500e-02,-0.063,0.064
-2.40400e-02,-0.061,0.06
-2.40300e-02,-0.059,0.06
-2.40200e-02,-0.057,0.064
-2.40100e-02,-0.055,0.06
-2.40000e-02,-0.061,0.064
-2.39900e-02,-0.063,0.066
-2.39800e-02,-0.055,0.06
-2.39700e-02,-0.051,0.056
-2.39600e-02,-0.063,0.062
-2.39500e-02,-0.059,0.062
-2.39400e-02,-0.061,0.066
-2.39300e-02,-0.063,0.064
-2.39200e-02,-0.055,0.06
-2.39100e-02,-0.057,0.062
-2.39000e-02,-0.057,0.06
-2.38900e-02,-0.045,0.05
-2.38800e-02,-0.061,0.064
-2.38700e-02,-0.061,0.064
-2.38600e-02,-0.061,0.06
-2.38500e-02,-0.059,0.064
-2.38400e-02,-0.055,0.06
-2.38300e-02,-0.061,0.064
-2.38200e-02,-0.061,0.062
-2.38100e-02,-0.057,0.06
-2.38000e-02,-0.059,0.06
-2.37900e-02,-0.061,0.064
-2.37800e-02,-0.057,0.064
-2.37700e-02,-0.055,0.064
-2.37600e-02,-0.057,0.066
-2.37500e-02,-0.059,0.064
-2.37400e-02,-0.053,0.058
-2.37300e-02,-0.055,0.06
-2.37200e-02,-0.045,0.05
-2.37100e-02,-0.043,0.05
-2.37000e-02,-0.045,0.052
-2.36900e-02,-0.051,0.054
-2.36800e-02,-0.057,0.06
-2.36700e-02,-0.061,0.064
-2.36600e-02,-0.059,0.064
-2.36500e-02,-0.059,0.062
-2.36400e-02,-0.055,0.06
-2.36300e-02,-0.059,0.062
-2.36200e-02,-0.059,0.06
-2.36100e-02,-0.059,0.062
-2.36000e-02,-0.053,0.058
-2.35900e-02,-0.053,0.056
-2.35800e-02,-0.059,0.06
-2.35700e-02,-0.059,0.058
-2.35600e-02,-0.055,0.06
-2.35500e-02,-0.059,0.066
-2.35400e-02,-0.055,0.06
-2.35300e-02,-0.059,0.066
-2.35200e-02,-0.059,0.06
-2.35100e-02,-0.061,0.064
-2.35000e-02,-0.059,0.062
-2.34900e-02,-0.059,0.06
-2.34800e-02,-0.061,0.064
-2.34700e-02,-0.057,0.062
-2.34600e-02,-0.059,0.062
-2.34500e-02,-0.061,0.066
-2.34400e-02,-0.061,0.062
-2.34300e-02,-0.059,0.064
-2.34200e-02,-0.059,0.062
-2.34100e-02,-0.057,0.064
-2.34000e-02,-0.059,0.064
-2.33900e-02,-0.059,0.062
-2.33800e-02,-0.059,0.064
-2.33700e-02,-0.063,0.062
-2.33600e-02,-0.059,0.06
-2.33500e-02,-0.055,0.056
-2.33400e-02,-0.061,0.064
-2.33300e-02,-0.059,0.066
-2.33200e-02,-0.055,0.056
-2.33100e-02,-0.037,0.042
-2.33000e-02,-0.059,0.062
-2.32900e-02,-0.059,0.064
-2.32800e-02,-0.061,0.064
-2.32700e-02,-0.057,0.066
-2.32600e-02,-0.057,0.062
-2.32500e-02,-0.059,0.064
-2.32400e-02,-0.059,0.06
-2.32300e-02,-0.059,0.062
-2.32200e-02,-0.061,0.064
-2.32100e-02,-0.061,0.064
-2.32000e-02,-0.055,0.06
-2.31900e-02,-0.061,0.062
-2.31800e-02,-0.057,0.064
-2.31700e-02,-0.061,0.066
-2.31600e-02,-0.057,0.06
-2.31500e-02,-0.059,0.066
-2.31400e-02,-0.061,0.066
-2.31300e-02,-0.059,0.062
-2.31200e-02,-0.061,0.062
-2.31100e-02,-0.057,0.064
-2.31000e-02,-0.057,0.06
-2.30900e-02,-0.055,0.062
-2.30800e-02,-0.061,0.064
-2.30700e-02,-0.059,0.062
-2.30600e-02,-0.057,0.062
-2.30500e-02,-0.067,0.064
-2.30400e-02,-0.059,0.062
-2.30300e-02,-0.061,0.06
-2.30200e-02,-0.059,0.066
-2.30100e-02,-0.059,0.064
-2.30000e-02,-0.059,0.066
-2.29900e-02,-0.061,0.068
-2.29800e-02,-0.059,0.062
-2.29700e-02,-0.061,0.068
-2.29600e-02,-0.061,0.064
-2.29500e-02,-0.063,0.064
-2.29400e-02,-0.059,0.064
-2.29300e-02,-0.061,0.064
-2.29200e-02,-0.061,0.064
-2.29100e-02,-0.059,0.064
-2.29000e-02,-0.061,0.062
-2.28900e-02,-0.061,0.062
-2.28800e-02,-0.057,0.06
-2.28700e-02,-0.063,0.062
-2.28600e-02,-0.055,0.062
-2.28500e-02,-0.057,0.062
-2.28400e-02,-0.055,0.06
-2.28300e-02,-0.055,0.06
-2.28200e-02,-0.063,0.066
-2.28100e-02,-0.057,0.066
-2.28000e-02,-0.059,0.06
-2.27900e-02,-0.059,0.064
-2.27800e-02,-0.057,0.058
-2.27700e-02,-0.057,0.06
-2.27600e-02,-0.055,0.056
-2.27500e-02,-0.061,0.062
-2.27400e-02,-0.061,0.064
-2.27300e-02,-0.057,0.064
-2.27200e-02,-0.049,0.056
-2.27100e-02,-0.049,0.054
-2.27000e-02,-0.043,0.054
-2.26900e-02,-0.055,0.056
-2.26800e-02,-0.061,0.06
-2.26700e-02,-0.061,0.06
-2.26600e-02,-0.061,0.06
-2.26500e-02,-0.057,0.066
-2.26400e-02,-0.063,0.06
-2.26300e-02,-0.059,0.062
-2.26200e-02,-0.061,0.062
-2.26100e-02,-0.063,0.064
-2.26000e-02,-0.063,0.064
-2.25900e-02,-0.059,0.062
-2.25800e-02,-0.061,0.064
-2.25700e-02,-0.061,0.062
-2.25600e-02,-0.063,0.062
-2.25500e-02,-0.061,0.06
-2.25400e-02,-0.059,0.064
-2.25300e-02,-0.059,0.06
-2.25200e-02,-0.061,0.062
-2.25100e-02,-0.057,0.058
-2.25000e-02,-0.059,0.064
-2.24900e-02,-0.063,0.066
-2.24800e-02,-0.061,0.066
-2.24700e-02,-0.049,0.054
-2.24600e-02,-0.055,0.064
-2.24500e-02,-0.059,0.062
-2.24400e-02,-0.057,0.06
-2.24300e-02,-0.059,0.064
-2.24200e-02,-0.061,0.062
-2.24100e-02,-0.061,0.062
-2.24000e-02,-0.059,0.064
-2.23900e-02,-0.061,0.062
-2.23800e-02,-0.059,0.066
-2.23700e-02,-0.061,0.062
-2.23600e-02,-0.061,0.064
-2.23500e-02,-0.061,0.064
-2.23400e-02,-0.063,0.064
-2.23300e-02,-0.053,0.056
-2.23200e-02,-0.061,0.062
-2.23100e-02,-0.061,0.066
-2.23000e-02,-0.061,0.064
-2.22900e-02,-0.057,0.06
-2.22800e-02,-0.057,0.06
-2.22700e-02,-0.059,0.064
-2.22600e-02,-0.059,0.064
-2.22500e-02,-0.059,0.064
-2.22400e-02,-0.055,0.06
-2.22300e-02,-0.059,0.06
-2.22200e-02,-0.057,0.06
-2.22100e-02,-0.063,0.064
-2.22000e-02,-0.059,0.06
-2.21900e-02,-0.057,0.06
-2.21800e-02,-0.061,0.066
-2.21700e-02,-0.057,0.064
-2.21600e-02,-0.057,0.06
-2.21500e-02,-0.055,0.058
-2.21400e-02,-0.057,0.064
-2.21300e-02,-0.057,0.06
-2.21200e-02,-0.061,0.064
-2.21100e-02,-0.053,0.06
-2.21000e-02,-0.061,0.064
-2.20900e-02,-0.049,0.052
-2.20800e-02,-0.055,0.06
-2.20700e-02,-0.057,0.06
-2.20600e-02,-0.057,0.062
-2.20500e-02,-0.061,0.062
-2.20400e-02,-0.061,0.06
-2.20300e-02,-0.051,0.06
-2.20200e-02,-0.053,0.062
-2.20100e-02,-0.061,0.062
-2.20000e-02,-0.063,0.064
-2.19900e-02,-0.063,0.064
-2.19800e-02,-0.059,0.062
-2.19700e-02,-0.057,0.062
-2.19600e-02,-0.061,0.062
-2.19500e-02,-0.055,0.06
-2.19400e-02,-0.059,0.066
-2.19300e-02,-0.057,0.062
-2.19200e-02,-0.063,0.064
-2.19100e-02,-0.051,0.058
-2.19000e-02,-0.061,0.062
-2.18900e-02,-0.057,0.06
-2.18800e-02,-0.057,0.06
-2.18700e-02,-0.059,0.062
-2.18600e-02,-0.043,0.046
-2.18500e-02,-0.063,0.064
-2.18400e-02,-0.057,0.058
-2.18300e-02,-0.061,0.062
-2.18200e-02,-0.061,0.066
-2.18100e-02,-0.061,0.066
-2.18000e-02,-0.055,0.06
-2.17900e-02,-0.063,0.068
-2.17800e-02,-0.057,0.06
-2.17700e-02,-0.053,0.056
-2.17600e-02,-0.063,0.062
-2.17500e-02,-0.063,0.066
-2.17400e-02,-0.063,0.064
-2.17300e-02,-0.063,0.062
-2.17200e-02,-0.059,0.06
-2.17100e-02,-0.061,0.064
-2.17000e-02,-0.057,0.06
-2.16900e-02,-0.061,0.06
-2.16800e-02,-0.061,0.062
-2.16700e-02,-0.055,0.064
-2.16600e-02,-0.059,0.062
-2.16500e-02,-0.059,0.064
-2.16400e-02,-0.061,0.062
-2.16300e-02,-0.059,0.062
-2.16200e-02,-0.059,0.062
-2.16100e-02,-0.057,0.06
-2.16000e-02,-0.057,0.062
-2.15900e-02,-0.061,0.06
-2.15800e-02,-0.057,0.06
-2.15700e-02,-0.059,0.062
-2.15600e-02,-0.055,0.06
-2.15500e-02,-0.053,0.054
-2.15400e-02,-0.061,0.062
-2.15300e-02,-0.061,0.062
-2.15200e-02,-0.061,0.064
-2.15100e-02,-0.057,0.058
-2.15000e-02,-0.057,0.06
-2.14900e-02,-0.061,0.062
-2.14800e-02,-0.061,0.064
-2.14700e-02,-0.057,0.062
-2.14600e-02,-0.053,0.06
-2.14500e-02,-0.063,0.068
-2.14400e-02,-0.059,0.06
-2.14300e-02,-0.053,0.056
-2.14200e-02,-0.059,0.066
-2.14100e-02,-0.061,0.064
-2.14000e-02,-0.059,0.06
-2.13900e-02,-0.057,0.064
-2.13800e-02,-0.061,0.062
-2.13700e-02,-0.061,0.064
-2.13600e-02,-0.061,0.062
-2.13500e-02,-0.059,0.06
-2.13400e-02,-0.059,0.066
-2.13300e-02,-0.057,0.06
-2.13200e-02,-0.061,0.062
-2.13100e-02,-0.061,0.066
-2.13000e-02,-0.059,0.06
-2.12900e-02,-0.065,0.064
-2.12800e-02,-0.053,0.058
-2.12700e-02,-0.059,0.062
-2.12600e-02,-0.051,0.058
-2.12500e-02,-0.061,0.064
-2.12400e-02,-0.061,0.066
-2.12300e-02,-0.061,0.064
-2.12200e-02,-0.063,0.064
-2.12100e-02,-0.061,0.064
-2.12000e-02,-0.059,0.062
-2.11900e-02,-0.057,0.06
-2.11800e-02,-0.059,0.062
-2.11700e-02,-0.061,0.064
-2.11600e-02,-0.057,0.06
-2.11500e-02,-0.059,0.064
-2.11400e-02,-0.047,0.056
-2.11300e-02,-0.057,0.064
-2.11200e-02,-0.055,0.058
-2.11100e-02,-0.063,0.06
-2.11000e-02,-0.061,0.062
-2.10900e-02,-0.061,0.064
-2.10800e-02,-0.061,0.062
-2.10700e-02,-0.061,0.06
-2.10600e-02,-0.057,0.062
-2.10500e-02,-0.061,0.06
-2.10400e-02,-0.061,0.066
-2.10300e-02,-0.059,0.062
-2.10200e-02,-0.053,0.06
-2.10100e-02,-0.059,0.062
-2.10000e-02,-0.061,0.064
-2.09900e-02,-0.061,0.066
-2.09800e-02,-0.059,0.064
-2.09700e-02,-0.061,0.064
-2.09600e-02,-0.053,0.06
-2.09500e-02,-0.059,0.06
-2.09400e-02,-0.059,0.062
-2.09300e-02,-0.059,0.064
-2.09200e-02,-0.061,0.064
-2.09100e-02,-0.057,0.06
-2.09000e-02,-0.061,0.064
-2.08900e-02,-0.059,0.062
-2.08800e-02,-0.061,0.062
-2.08700e-02,-0.059,0.064
-2.08600e-02,-0.061,0.064
-2.08500e-02,-0.061,0.064
-2.08400e-02,-0.061,0.062
-2.08300e-02,-0.063,0.064
-2.08200e-02,-0.059,0.064
-2.08100e-02,-0.061,0.064
-2.08000e-02,-0.061,0.062
-2.07900e-02,-0.057,0.06
-2.07800e-02,-0.059,0.062
-2.07700e-02,-0.055,0.056
-2.07600e-02,-0.059,0.062
-2.07500e-02,-0.059,0.064
-2.07400e-02,-0.063,0.066
-2.07300e-02,-0.051,0.06
-2.07200e-02,-0.061,0.064
-2.07100e-02,-0.063,0.064
-2.07000e-02,-0.063,0.062
-2.06900e-02,-0.055,0.06
-2.06800e-02,-0.059,0.062
-2.06700e-02,-0.059,0.06
-2.06600e-02,-0.059,0.06
-2.06500e-02,-0.053,0.056
-2.06400e-02,-0.049,0.054
-2.06300e-02,-0.057,0.06
-2.06200e-02,-0.057,0.064
-2.06100e-02,-0.063,0.064
-2.06000e-02,-0.055,0.058
-2.05900e-02,-0.059,0.064
-2.05800e-02,-0.061,0.062
-2.05700e-02,-0.059,0.06
-2.05600e-02,-0.061,0.062
-2.05500e-02,-0.055,0.062
-2.05400e-02,-0.061,0.064
-2.05300e-02,-0.059,0.06
-2.05200e-02,-0.057,0.064
-2.05100e-02,-0.053,0.062
-2.05000e-02,-0.059,0.06
-2.04900e-02,-0.063,0.064
-2.04800e-02,-0.061,0.064
-2.04700e-02,-0.059,0.062
-2.04600e-02,-0.061,0.062
-2.04500e-02,-0.059,0.064
-2.04400e-02,-0.057,0.062
-2.04300e-02,-0.061,0.064
-2.04200e-02,-0.059,0.058
-2.04100e-02,-0.063,0.064
-2.04000e-02,-0.047,0.056
-2.03900e-02,-0.057,0.06
-2.03800e-02,-0.063,0.064
-2.03700e-02,-0.057,0.06
-2.03600e-02,-0.055,0.06
-2.03500e-02,-0.061,0.062
-2.03400e-02,-0.059,0.062
-2.03300e-02,-0.061,0.062
-2.03200e-02,-0.057,0.06
-2.03100e-02,-0.061,0.064
-2.03000e-02,-0.055,0.056
-2.02900e-02,-0.059,0.064
-2.02800e-02,-0.061,0.06
-2.02700e-02,-0.059,0.06
-2.02600e-02,-0.059,0.064
-2.02500e-02,-0.057,0.062
-2.02400e-02,-0.053,0.058
-2.02300e-02,-0.061,0.06
-2.02200e-02,-0.063,0.064
-2.02100e-02,-0.057,0.06
-2.02000e-02,-0.061,0.062
-2.01900e-02,-0.061,0.062
-2.01800e-02,-0.057,0.06
-2.01700e-02,-0.057,0.06
-2.01600e-02,-0.059,0.062
-2.01500e-02,-0.061,0.064
-2.01400e-02,-0.061,0.064
-2.01300e-02,-0.059,0.062
-2.01200e-02,-0.059,0.06
-2.01100e-02,-0.059,0.064
-2.01000e-02,-0.059,0.064
-2.00900e-02,-0.059,0.062
-2.00800e-02,-0.061,0.064
-2.00700e-02,-0.055,0.06
-2.00600e-02,-0.051,0.06
-2.00500e-02,-0.059,0.06
-2.00400e-02,-0.057,0.058
-2.00300e-02,-0.061,0.064
-2.00200e-02,-0.055,0.06
-2.00100e-02,-0.059,0.064
-2.00000e-02,-0.061,0.064
-1.99900e-02,-0.063,0.066
-1.99800e-02,-0.063,0.064
-1.99700e-02,-0.059,0.06
-1.99600e-02,-0.063,0.062
-1.99500e-02,-0.061,0.064
-1.99400e-02,-0.061,0.062
-1.99300e-02,-0.061,0.066
-1.99200e-02,-0.059,0.062
-1.99100e-02,-0.059,0.062
-1.99000e-02,-0.057,0.062
-1.98900e-02,-0.059,0.064
-1.98800e-02,-0.057,0.062
-1.98700e-02,-0.061,0.064
-1.98600e-02,-0.045,0.05
-1.98500e-02,-0.061,0.066
-1.98400e-02,-0.055,0.06
-1.98300e-02,-0.061,0.066
-1.98200e-02,-0.063,0.064
-1.98100e-02,-0.063,0.066
-1.98000e-02,-0.061,0.062
-1.97900e-02,-0.061,0.06
-1.97800e-02,-0.051,0.054
-1.97700e-02,-0.063,0.062
-1.97600e-02,-0.057,0.06
-1.97500e-02,-0.059,0.066
-1.97400e-02,-0.053,0.056
-1.97300e-02,-0.059,0.064
-1.97200e-02,-0.063,0.062
-1.97100e-02,-0.061,0.066
-1.97000e-02,-0.057,0.06
-1.96900e-02,-0.057,0.06
-1.96800e-02,-0.059,0.06
-1.96700e-02,-0.059,0.066
-1.96600e-02,-0.061,0.06
-1.96500e-02,-0.061,0.064
-1.96400e-02,-0.059,0.062
-1.96300e-02,-0.053,0.06
-1.96200e-02,-0.055,0.06
-1.96100e-02,-0.059,0.06
-1.96000e-02,-0.059,0.064
-1.95900e-02,-0.059,0.062
-1.95800e-02,-0.061,0.062
-1.95700e-02,-0.061,0.064
-1.95600e-02,-0.063,0.066
-1.95500e-02,-0.061,0.064
-1.95400e-02,-0.061,0.062
-1.95300e-02,-0.063,0.062
-1.95200e-02,-0.057,0.06
-1.95100e-02,-0.053,0.058
-1.95000e-02,-0.057,0.064
-1.94900e-02,-0.055,0.054
-1.94800e-02,-0.063,0.064
-1.94700e-02,-0.061,0.064
-1.94600e-02,-0.053,0.06
-1.94500e-02,-0.055,0.062
-1.94400e-02,-0.051,0.058
-1.94300e-02,-0.057,0.06
-1.94200e-02,-0.059,0.062
-1.94100e-02,-0.051,0.06
-1.94000e-02,-0.059,0.066
-1.93900e-02,-0.053,0.06
-1.93800e-02,-0.059,0.062
-1.93700e-02,-0.059,0.064
-1.93600e-02,-0.049,0.058
-1.93500e-02,-0.059,0.066
-1.93400e-02,-0.047,0.052
-1.93300e-02,-0.057,0.062
-1.93200e-02,-0.057,0.056
-1.93100e-02,-0.061,0.064
-1.93000e-02,-0.055,0.058
-1.92900e-02,-0.061,0.062
-1.92800e-02,-0.057,0.064
-1.92700e-02,-0.061,0.068
-1.92600e-02,-0.061,0.064
-1.92500e-02,-0.061,0.06
-1.92400e-02,-0.053,0.06
-1.92300e-02,-0.061,0.064
-1.92200e-02,-0.063,0.066
-1.92100e-02,-0.061,0.064
-1.92000e-02,-0.057,0.06
-1.91900e-02,-0.061,0.06
-1.91800e-02,-0.059,0.064
-1.91700e-02,-0.049,0.052
-1.91600e-02,-0.057,0.06
-1.91500e-02,-0.061,0.064
-1.91400e-02,-0.059,0.064
-1.91300e-02,-0.053,0.058
-1.91200e-02,-0.061,0.064
-1.91100e-02,-0.055,0.062
-1.91000e-02,-0.061,0.066
-1.90900e-02,-0.061,0.064
-1.90800e-02,-0.059,0.064
-1.90700e-02,-0.055,0.062
-1.90600e-02,-0.059,0.064
-1.90500e-02,-0.055,0.06
-1.90400e-02,-0.059,0.064
-1.90300e-02,-0.063,0.062
-1.90200e-02,-0.059,0.064
-1.90100e-02,-0.061,0.064
-1.90000e-02,-0.059,0.062
-1.89900e-02,-0.059,0.062
-1.89800e-02,-0.053,0.06
-1.89700e-02,-0.057,0.06
-1.89600e-02,-0.047,0.054
-1.89500e-02,-0.059,0.062
-1.89400e-02,-0.049,0.056
-1.89300e-02,-0.061,0.062
-1.89200e-02,-0.057,0.06
-1.89100e-02,-0.057,0.058
-1.89000e-02,-0.059,0.06
-1.88900e-02,-0.057,0.064
-1.88800e-02,-0.061,0.062
-1.88700e-02,-0.063,0.062
-1.88600e-02,-0.061,0.066
-1.88500e-02,-0.063,0.064
-1.88400e-02,-0.059,0.066
-1.88300e-02,-0.059,0.06
-1.88200e-02,-0.061,0.06
-1.88100e-02,-0.061,0.06
-1.88000e-02,-0.057,0.058
-1.87900e-02,-0.057,0.064
-1.87800e-02,-0.049,0.058
-1.87700e-02,-0.063,0.064
-1.87600e-02,-0.057,0.06
-1.87500e-02,-0.059,0.064
-1.87400e-02,-0.057,0.06
-1.87300e-02,-0.055,0.062
-1.87200e-02,-0.057,0.058
-1.87100e-02,-0.059,0.06
-1.87000e-02,-0.059,0.06
-1.86900e-02,-0.059,0.064
-1.86800e-02,-0.063,0.062
-1.86700e-02,-0.053,0.062
-1.86600e-02,-0.059,0.066
-1.86500e-02,-0.053,0.058
-1.86400e-02,-0.063,0.066
-1.86300e-02,-0.047,0.06
-1.86200e-02,-0.061,0.062
-1.86100e-02,-0.059,0.06
-1.86000e-02,-0.061,0.062
-1.85900e-02,-0.059,0.06
-1.85800e-02,-0.063,0.064
-1.85700e-02,-0.057,0.06
-1.85600e-02,-0.057,0.064
-1.85500e-02,-0.053,0.058
-1.85400e-02,-0.057,0.062
-1.85300e-02,-0.053,0.062
-1.85200e-02,-0.059,0.066
-1.85100e-02,-0.059,0.06
-1.85000e-02,-0.059,0.064
-1.84900e-02,-0.059,0.064
-1.84800e-02,-0.059,0.064
-1.84700e-02,-0.057,0.064
-1.84600e-02,-0.053,0.06
-1.84500e-02,-0.063,0.062
-1.84400e-02,-0.055,0.06
-1.84300e-02,-0.049,0.056
-1.84200e-02,-0.059,0.064
-1.84100e-02,-0.063,0.064
-1.84000e-02,-0.061,0.062
-1.83900e-02,-0.061,0.062
-1.83800e-02,-0.061,0.064
-1.83700e-02,-0.063,0.062
-1.83600e-02,-0.063,0.064
-1.83500e-02,-0.059,0.062
-1.83400e-02,-0.061,0.064
-1.83300e-02,-0.059,0.06
-1.83200e-02,-0.061,0.064
-1.83100e-02,-0.059,0.064
-1.83000e-02,-0.059,0.064
-1.82900e-02,-0.061,0.062
-1.82800e-02,-0.059,0.064
-1.82700e-02,-0.053,0.06
-1.82600e-02,-0.059,0.06
-1.82500e-02,-0.057,0.068
-1.82400e-02,-0.057,0.06
-1.82300e-02,-0.059,0.068
-1.82200e-02,-0.059,0.064
-1.82100e-02,-0.059,0.064
-1.82000e-02,-0.059,0.066
-1.81900e-02,-0.061,0.066
-1.81800e-02,-0.061,0.066
-1.81700e-02,-0.061,0.064
-1.81600e-02,-0.061,0.062
-1.81500e-02,-0.059,0.062
-1.81400e-02,-0.063,0.066
-1.81300e-02,-0.061,0.064
-1.81200e-02,-0.059,0.062
-1.81100e-02,-0.059,0.064
-1.81000e-02,-0.057,0.066
-1.80900e-02,-0.051,0.058
-1.80800e-02,-0.059,0.062
-1.80700e-02,-0.055,0.06
-1.80600e-02,-0.059,0.06
-1.80500e-02,-0.063,0.064
-1.80400e-02,-0.055,0.06
-1.80300e-02,-0.061,0.066
-1.80200e-02,-0.059,0.06
-1.80100e-02,-0.051,0.06
-1.80000e-02,-0.063,0.064
-1.79900e-02,-0.055,0.056
-1.79800e-02,-0.059,0.064
-1.79700e-02,-0.059,0.06
-1.79600e-02,-0.057,0.062
-1.79500e-02,-0.059,0.062
-1.79400e-02,-0.061,0.06
-1.79300e-02,-0.061,0.066
-1.79200e-02,-0.055,0.06
-1.79100e-02,-0.063,0.064
-1.79000e-02,-0.059,0.062
-1.78900e-02,-0.057,0.06
-1.78800e-02,-0.053,0.058
-1.78700e-02,-0.059,0.064
-1.78600e-02,-0.061,0.064
-1.78500e-02,-0.057,0.06
-1.78400e-02,-0.063,0.062
-1.78300e-02,-0.059,0.06
-1.78200e-02,-0.059,0.064
-1.78100e-02,-0.055,0.058
-1.78000e-02,-0.059,0.062
-1.77900e-02,-0.059,0.064
-1.77800e-02,-0.059,0.062
-1.77700e-02,-0.063,0.066
-1.77600e-02,-0.055,0.056
-1.77500e-02,-0.059,0.066
-1.77400e-02,-0.049,0.058
-1.77300e-02,-0.061,0.064
-1.77200e-02,-0.061,0.062
-1.77100e-02,-0.061,0.064
-1.77000e-02,-0.061,0.066
-1.76900e-02,-0.061,0.066
-1.76800e-02,-0.061,0.064
-1.76700e-02,-0.059,0.066
-1.76600e-02,-0.061,0.064
-1.76500e-02,-0.063,0.062
-1.76400e-02,-0.059,0.064
-1.76300e-02,-0.059,0.064
-1.76200e-02,-0.059,0.064
-1.76100e-02,-0.057,0.064
-1.76000e-02,-0.059,0.066
-1.75900e-02,-0.063,0.064
-1.75800e-02,-0.061,0.066
-1.75700e-02,-0.059,0.06
-1.75600e-02,-0.061,0.062
-1.75500e-02,-0.059,0.06
-1.75400e-02,-0.059,0.06
-1.75300e-02,-0.061,0.064
-1.75200e-02,-0.061,0.064
-1.75100e-02,-0.059,0.062
-1.75000e-02,-0.055,0.06
-1.74900e-02,-0.059,0.064
-1.74800e-02,-0.061,0.064
-1.74700e-02,-0.061,0.064
-1.74600e-02,-0.055,0.06
-1.74500e-02,-0.059,0.06
-1.74400e-02,-0.057,0.062
-1.74300e-02,-0.057,0.06
-1.74200e-02,-0.061,0.064
-1.74100e-02,-0.061,0.062
-1.74000e-02,-0.061,0.064
-1.73900e-02,-0.061,0.062
-1.73800e-02,-0.059,0.06
-1.73700e-02,-0.055,0.06
-1.73600e-02,-0.059,0.06
-1.73500e-02,-0.053,0.06
-1.73400e-02,-0.059,0.064
-1.73300e-02,-0.047,0.054
-1.73200e-02,-0.059,0.062
-1.73100e-02,-0.057,0.064
-1.73000e-02,-0.063,0.062
-1.72900e-02,-0.063,0.06
-1.72800e-02,-0.059,0.062
-1.72700e-02,-0.055,0.06
-1.72600e-02,-0.055,0.058
-1.72500e-02,-0.063,0.066
-1.72400e-02,-0.061,0.064
-1.72300e-02,-0.057,0.06
-1.72200e-02,-0.061,0.062
-1.72100e-02,-0.061,0.062
-1.72000e-02,-0.051,0.06
-1.71900e-02,-0.061,0.062
-1.71800e-02,-0.061,0.062
-1.71700e-02,-0.057,0.064
-1.71600e-02,-0.059,0.06
-1.71500e-02,-0.061,0.06
-1.71400e-02,-0.061,0.066
-1.71300e-02,-0.061,0.064
-1.71200e-02,-0.059,0.064
-1.71100e-02,-0.059,0.066
-1.71000e-02,-0.063,0.062
-1.70900e-02,-0.061,0.062
-1.70800e-02,-0.059,0.06
-1.70700e-02,-0.059,0.064
-1.70600e-02,-0.061,0.064
-1.70500e-02,-0.059,0.06
-1.70400e-02,-0.059,0.064
-1.70300e-02,-0.059,0.066
-1.70200e-02,-0.061,0.068
-1.70100e-02,-0.059,0.064
-1.70000e-02,-0.059,0.064
-1.69900e-02,-0.055,0.06
-1.69800e-02,-0.063,0.066
-1.69700e-02,-0.049,0.054
-1.69600e-02,-0.061,0.062
-1.69500e-02,-0.055,0.06
-1.69400e-02,-0.055,0.062
-1.69300e-02,-0.055,0.06
-1.69200e-02,-0.057,0.06
-1.69100e-02,-0.059,0.062
-1.69000e-02,-0.061,0.064
-1.68900e-02,-0.059,0.062
-1.68800e-02,-0.061,0.062
-1.68700e-02,-0.059,0.064
-1.68600e-02,-0.063,0.066
-1.68500e-02,-0.061,0.064
-1.68400e-02,-0.061,0.064
-1.68300e-02,-0.061,0.062
-1.68200e-02,-0.059,0.066
-1.68100e-02,-0.057,0.06
-1.68000e-02,-0.061,0.062
-1.67900e-02,-0.059,0.062
-1.67800e-02,-0.059,0.06
-1.67700e-02,-0.057,0.06
-1.67600e-02,-0.057,0.064
-1.67500e-02,-0.061,0.064
-1.67400e-02,-0.055,0.064
-1.67300e-02,-0.061,0.062
-1.67200e-02,-0.055,0.06
-1.67100e-02,-0.063,0.064
-1.67000e-02,-0.057,0.06
-1.66900e-02,-0.061,0.06
-1.66800e-02,-0.059,0.062
-1.66700e-02,-0.059,0.064
-1.66600e-02,-0.055,0.06
-1.66500e-02,-0.055,0.06
-1.66400e-02,-0.059,0.064
-1.66300e-02,-0.059,0.06
-1.66200e-02,-0.063,0.06
-1.66100e-02,-0.053,0.058
-1.66000e-02,-0.057,0.064
-1.65900e-02,-0.055,0.06
-1.65800e-02,-0.057,0.062
-1.65700e-02,-0.057,0.066
-1.65600e-02,-0.057,0.062
-1.65500e-02,-0.059,0.064
-1.65400e-02,-0.059,0.064
-1.65300e-02,-0.061,0.064
-1.65200e-02,-0.059,0.062
-1.65100e-02,-0.065,0.064
-1.65000e-02,-0.061,0.064
-1.64900e-02,-0.059,0.06
-1.64800e-02,-0.053,0.056
-1.64700e-02,-0.057,0.06
-1.64600e-02,-0.061,0.062
-1.64500e-02,-0.059,0.062
-1.64400e-02,-0.061,0.062
-1.64300e-02,-0.061,0.062
-1.64200e-02,-0.059,0.062
-1.64100e-02,-0.063,0.064
-1.64000e-02,-0.057,0.062
-1.63900e-02,-0.061,0.064
-1.63800e-02,-0.059,0.066
-1.63700e-02,-0.061,0.062
-1.63600e-02,-0.053,0.058
-1.63500e-02,-0.059,0.068
-1.63400e-02,-0.053,0.06
-1.63300e-02,-0.055,0.06
-1.63200e-02,-0.061,0.06
-1.63100e-02,-0.057,0.064
-1.63000e-02,-0.057,0.06
-1.62900e-02,-0.061,0.064
-1.62800e-02,-0.061,0.068
-1.62700e-02,-0.053,0.06
-1.62600e-02,-0.059,0.064
-1.62500e-02,-0.061,0.06
-1.62400e-02,-0.057,0.062
-1.62300e-02,-0.059,0.062
-1.62200e-02,-0.059,0.064
-1.62100e-02,-0.061,0.062
-1.62000e-02,-0.059,0.06
-1.61900e-02,-0.061,0.064
-1.61800e-02,-0.061,0.062
-1.61700e-02,-0.059,0.062
-1.61600e-02,-0.061,0.062
-1.61500e-02,-0.055,0.062
-1.61400e-02,-0.057,0.06
-1.61300e-02,-0.053,0.056
-1.61200e-02,-0.057,0.06
-1.61100e-02,-0.059,0.062
-1.61000e-02,-0.061,0.064
-1.60900e-02,-0.061,0.064
-1.60800e-02,-0.061,0.06
-1.60700e-02,-0.061,0.064
-1.60600e-02,-0.059,0.064
-1.60500e-02,-0.063,0.062
-1.60400e-02,-0.061,0.064
-1.60300e-02,-0.045,0.052
-1.60200e-02,-0.061,0.06
-1.60100e-02,-0.055,0.06
-1.60000e-02,-0.057,0.058
-1.59900e-02,-0.055,0.062
-1.59800e-02,-0.061,0.064
-1.59700e-02,-0.059,0.062
-1.59600e-02,-0.063,0.064
-1.59500e-02,-0.063,0.064
-1.59400e-02,-0.057,0.06
-1.59300e-02,-0.061,0.064
-1.59200e-02,-0.057,0.06
-1.59100e-02,-0.059,0.062
-1.59000e-02,-0.057,0.064
-1.58900e-02,-0.063,0.06
-1.58800e-02,-0.059,0.06
-1.58700e-02,-0.055,0.058
-1.58600e-02,-0.061,0.062
-1.58500e-02,-0.057,0.064
-1.58400e-02,-0.063,0.062
-1.58300e-02,-0.057,0.064
-1.58200e-02,-0.059,0.064
-1.58100e-02,-0.059,0.064
-1.58000e-02,-0.061,0.06
-1.57900e-02,-0.059,0.062
-1.57800e-02,-0.057,0.062
-1.57700e-02,-0.059,0.066
-1.57600e-02,-0.059,0.064
-1.57500e-02,-0.061,0.062
-1.57400e-02,-0.061,0.06
-1.57300e-02,-0.059,0.064
-1.57200e-02,-0.059,0.064
-1.57100e-02,-0.061,0.064
-1.57000e-02,-0.063,0.066
-1.56900e-02,-0.063,0.064
-1.56800e-02,-0.057,0.064
-1.56700e-02,-0.061,0.062
-1.56600e-02,-0.063,0.062
-1.56500e-02,-0.059,0.062
-1.56400e-02,-0.061,0.064
-1.56300e-02,-0.061,0.064
-1.56200e-02,-0.061,0.064
-1.56100e-02,-0.063,0.064
-1.56000e-02,-0.059,0.06
-1.55900e-02,-0.059,0.062
-1.55800e-02,-0.061,0.062
-1.55700e-02,-0.057,0.062
-1.55600e-02,-0.055,0.06
-1.55500e-02,-0.055,0.06
-1.55400e-02,-0.059,0.064
-1.55300e-02,-0.061,0.064
-1.55200e-02,-0.059,0.06
-1.55100e-02,-0.059,0.062
-1.55000e-02,-0.057,0.068
-1.54900e-02,-0.057,0.064
-1.54800e-02,-0.053,0.064
-1.54700e-02,-0.057,0.064
-1.54600e-02,-0.051,0.054
-1.54500e-02,-0.055,0.06
-1.54400e-02,-0.061,0.064
-1.54300e-02,-0.061,0.062
-1.54200e-02,-0.055,0.062
-1.54100e-02,-0.063,0.062
-1.54000e-02,-0.061,0.064
-1.53900e-02,-0.057,0.062
-1.53800e-02,-0.061,0.064
-1.53700e-02,-0.059,0.064
-1.53600e-02,-0.063,0.064
-1.53500e-02,-0.055,0.056
-1.53400e-02,-0.061,0.062
-1.53300e-02,-0.061,0.062
-1.53200e-02,-0.053,0.056
-1.53100e-02,-0.059,0.064
-1.53000e-02,-0.055,0.06
-1.52900e-02,-0.051,0.056
-1.52800e-02,-0.053,0.058
-1.52700e-02,-0.063,0.066
-1.52600e-02,-0.055,0.06
-1.52500e-02,-0.059,0.062
-1.52400e-02,-0.059,0.066
-1.52300e-02,-0.061,0.062
-1.52200e-02,-0.063,0.064
-1.52100e-02,-0.061,0.064
-1.52000e-02,-0.061,0.064
-1.51900e-02,-0.055,0.064
-1.51800e-02,-0.057,0.06
-1.51700e-02,-0.059,0.066
-1.51600e-02,-0.059,0.062
-1.51500e-02,-0.059,0.06
-1.51400e-02,-0.057,0.06
-1.51300e-02,-0.059,0.062
-1.51200e-02,-0.053,0.06
-1.51100e-02,-0.049,0.058
-1.51000e-02,-0.059,0.062
-1.50900e-02,-0.061,0.062
-1.50800e-02,-0.063,0.066
-1.50700e-02,-0.061,0.064
-1.50600e-02,-0.059,0.064
-1.50500e-02,-0.059,0.062
-1.50400e-02,-0.057,0.062
-1.50300e-02,-0.061,0.06
-1.50200e-02,-0.059,0.062
-1.50100e-02,-0.061,0.064
-1.50000e-02,-0.055,0.058
-1.49900e-02,-0.061,0.064
-1.49800e-02,-0.059,0.062
-1.49700e-02,-0.059,0.062
-1.49600e-02,-0.051,0.056
-1.49500e-02,-0.061,0.064
-1.49400e-02,-0.055,0.06
-1.49300e-02,-0.061,0.06
-1.49200e-02,-0.053,0.056
-1.49100e-02,-0.057,0.064
-1.49000e-02,-0.063,0.064
-1.48900e-02,-0.057,0.064
-1.48800e-02,-0.059,0.064
-1.48700e-02,-0.059,0.062
-1.48600e-02,-0.059,0.064
-1.48500e-02,-0.061,0.062
-1.48400e-02,-0.055,0.06
-1.48300e-02,-0.057,0.064
-1.48200e-02,-0.055,0.06
-1.48100e-02,-0.059,0.064
-1.48000e-02,-0.059,0.06
-1.47900e-02,-0.061,0.064
-1.47800e-02,-0.059,0.062
-1.47700e-02,-0.061,0.062
-1.47600e-02,-0.057,0.064
-1.47500e-02,-0.057,0.062
-1.47400e-02,-0.057,0.062
-1.47300e-02,-0.061,0.064
-1.47200e-02,-0.061,0.06
-1.47100e-02,-0.059,0.06
-1.47000e-02,-0.061,0.064
-1.46900e-02,-0.049,0.054
-1.46800e-02,-0.063,0.064
-1.46700e-02,-0.061,0.062
-1.46600e-02,-0.059,0.062
-1.46500e-02,-0.057,0.06
-1.46400e-02,-0.059,0.064
-1.46300e-02,-0.053,0.064
-1.46200e-02,-0.059,0.064
-1.46100e-02,-0.059,0.064
-1.46000e-02,-0.057,0.06
-1.45900e-02,-0.059,0.06
-1.45800e-02,-0.061,0.06
-1.45700e-02,-0.059,0.064
-1.45600e-02,-0.053,0.062
-1.45500e-02,-0.059,0.06
-1.45400e-02,-0.061,0.062
-1.45300e-02,-0.059,0.068
-1.45200e-02,-0.059,0.06
-1.45100e-02,-0.061,0.06
-1.45000e-02,-0.061,0.064
-1.44900e-02,-0.059,0.066
-1.44800e-02,-0.057,0.062
-1.44700e-02,-0.051,0.058
-1.44600e-02,-0.059,0.066
-1.44500e-02,-0.057,0.064
-1.44400e-02,-0.061,0.066
-1.44300e-02,-0.059,0.064
-1.44200e-02,-0.055,0.058
-1.44100e-02,-0.059,0.062
-1.44000e-02,-0.051,0.058
-1.43900e-02,-0.055,0.058
-1.43800e-02,-0.059,0.06
-1.43700e-02,-0.055,0.06
-1.43600e-02,-0.059,0.062
-1.43500e-02,-0.059,0.062
-1.43400e-02,-0.061,0.062
-1.43300e-02,-0.047,0.056
-1.43200e-02,-0.061,0.062
-1.43100e-02,-0.049,0.052
-1.43000e-02,-0.061,0.064
-1.42900e-02,-0.057,0.06
-1.42800e-02,-0.061,0.06
-1.42700e-02,-0.055,0.058
-1.42600e-02,-0.057,0.06
-1.42500e-02,-0.047,0.056
-1.42400e-02,-0.057,0.06
-1.42300e-02,-0.059,0.06
-1.42200e-02,-0.061,0.064
-1.42100e-02,-0.057,0.062
-1.42000e-02,-0.057,0.064
-1.41900e-02,-0.061,0.064
-1.41800e-02,-0.061,0.06
-1.41700e-02,-0.061,0.066
-1.41600e-02,-0.059,0.064
-1.41500e-02,-0.057,0.058
-1.41400e-02,-0.061,0.064
-1.41300e-02,-0.059,0.062
-1.41200e-02,-0.061,0.064
-1.41100e-02,-0.059,0.06
-1.41000e-02,-0.059,0.064
-1.40900e-02,-0.063,0.064
-1.40800e-02,-0.059,0.064
-1.40700e-02,-0.057,0.06
-1.40600e-02,-0.061,0.064
-1.40500e-02,-0.059,0.064
-1.40400e-02,-0.055,0.06
-1.40300e-02,-0.059,0.062
-1.40200e-02,-0.053,0.058
-1.40100e-02,-0.059,0.064
-1.40000e-02,-0.065,0.066
-1.39900e-02,-0.049,0.054
-1.39800e-02,-0.061,0.064
-1.39700e-02,-0.051,0.06
-1.39600e-02,-0.055,0.062
-1.39500e-02,-0.059,0.064
-1.39400e-02,-0.061,0.064
-1.39300e-02,-0.059,0.06
-1.39200e-02,-0.061,0.062
-1.39100e-02,-0.059,0.058
-1.39000e-02,-0.059,0.062
-1.38900e-02,-0.059,0.062
-1.38800e-02,-0.059,0.064
-1.38700e-02,-0.063,0.064
-1.38600e-02,-0.063,0.064
-1.38500e-02,-0.055,0.062
-1.38400e-02,-0.057,0.06
-1.38300e-02,-0.063,0.064
-1.38200e-02,-0.053,0.056
-1.38100e-02,-0.061,0.06
-1.38000e-02,-0.055,0.06
-1.37900e-02,-0.059,0.062
-1.37800e-02,-0.059,0.068
-1.37700e-02,-0.059,0.066
-1.37600e-02,-0.055,0.062
-1.37500e-02,-0.061,0.062
-1.37400e-02,-0.065,0.064
-1.37300e-02,-0.059,0.062
-1.37200e-02,-0.059,0.064
-1.37100e-02,-0.061,0.064
-1.37000e-02,-0.059,0.062
-1.36900e-02,-0.055,0.064
-1.36800e-02,-0.059,0.064
-1.36700e-02,-0.061,0.066
-1.36600e-02,-0.061,0.066
-1.36500e-02,-0.063,0.064
-1.36400e-02,-0.057,0.066
-1.36300e-02,-0.061,0.064
-1.36200e-02,-0.063,0.064
-1.36100e-02,-0.061,0.062
-1.36000e-02,-0.063,0.064
-1.35900e-02,-0.061,0.062
-1.35800e-02,-0.061,0.064
-1.35700e-02,-0.065,0.06
-1.35600e-02,-0.061,0.064
-1.35500e-02,-0.063,0.066
-1.35400e-02,-0.053,0.054
-1.35300e-02,-0.061,0.064
-1.35200e-02,-0.053,0.062
-1.35100e-02,-0.063,0.064
-1.35000e-02,-0.063,0.062
-1.34900e-02,-0.059,0.064
-1.34800e-02,-0.059,0.062
-1.34700e-02,-0.059,0.064
-1.34600e-02,-0.059,0.06
-1.34500e-02,-0.061,0.06
-1.34400e-02,-0.061,0.062
-1.34300e-02,-0.061,0.064
-1.34200e-02,-0.059,0.06
-1.34100e-02,-0.061,0.064
-1.34000e-02,-0.059,0.062
-1.33900e-02,-0.059,0.062
-1.33800e-02,-0.063,0.066
-1.33700e-02,-0.061,0.064
-1.33600e-02,-0.061,0.064
-1.33500e-02,-0.059,0.064
-1.33400e-02,-0.057,0.066
-1.33300e-02,-0.057,0.064
-1.33200e-02,-0.057,0.06
-1.33100e-02,-0.061,0.06
-1.33000e-02,-0.059,0.06
-1.32900e-02,-0.055,0.062
-1.32800e-02,-0.063,0.064
-1.32700e-02,-0.061,0.06
-1.32600e-02,-0.061,0.064
-1.32500e-02,-0.061,0.064
-1.32400e-02,-0.057,0.064
-1.32300e-02,-0.065,0.064
-1.32200e-02,-0.059,0.06
-1.32100e-02,-0.061,0.066
-1.32000e-02,-0.063,0.066
-1.31900e-02,-0.061,0.058
-1.31800e-02,-0.063,0.064
-1.31700e-02,-0.051,0.054
-1.31600e-02,-0.059,0.06
-1.31500e-02,-0.065,0.062
-1.31400e-02,-0.059,0.062
-1.31300e-02,-0.061,0.064
-1.31200e-02,-0.057,0.062
-1.31100e-02,-0.063,0.066
-1.31000e-02,-0.057,0.058
-1.30900e-02,-0.055,0.058
-1.30800e-02,-0.063,0.062
-1.30700e-02,-0.061,0.064
-1.30600e-02,-0.059,0.066
-1.30500e-02,-0.063,0.066
-1.30400e-02,-0.061,0.062
-1.30300e-02,-0.065,0.062
-1.30200e-02,-0.057,0.062
-1.30100e-02,-0.063,0.066
-1.30000e-02,-0.061,0.064
-1.29900e-02,-0.063,0.064
-1.29800e-02,-0.061,0.066
-1.29700e-02,-0.055,0.06
-1.29600e-02,-0.057,0.06
-1.29500e-02,-0.047,0.054
-1.29400e-02,-0.053,0.058
-1.29300e-02,-0.049,0.054
-1.29200e-02,-0.059,0.062
-1.29100e-02,-0.061,0.064
-1.29000e-02,-0.061,0.064
-1.28900e-02,-0.059,0.06
-1.28800e-02,-0.061,0.062
-1.28700e-02,-0.063,0.066
-1.28600e-02,-0.057,0.06
-1.28500e-02,-0.061,0.064
-1.28400e-02,-0.061,0.062
-1.28300e-02,-0.063,0.066
-1.28200e-02,-0.055,0.06
-1.28100e-02,-0.061,0.064
-1.28000e-02,-0.059,0.06
-1.27900e-02,-0.061,0.06
-1.27800e-02,-0.057,0.064
-1.27700e-02,-0.045,0.05
-1.27600e-02,-0.033,0.04
-1.27500e-02,-0.061,0.06
-1.27400e-02,-0.063,0.066
-1.27300e-02,-0.061,0.066
-1.27200e-02,-0.061,0.062
-1.27100e-02,-0.057,0.068
-1.27000e-02,-0.061,0.062
-1.26900e-02,-0.057,0.06
-1.26800e-02,-0.061,0.06
-1.26700e-02,-0.061,0.066
-1.26600e-02,-0.061,0.062
-1.26500e-02,-0.061,0.062
-1.26400e-02,-0.063,0.064
-1.26300e-02,-0.065,0.062
-1.26200e-02,-0.055,0.06
-1.26100e-02,-0.061,0.062
-1.26000e-02,-0.059,0.064
-1.25900e-02,-0.063,0.062
-1.25800e-02,-0.059,0.064
-1.25700e-02,-0.063,0.066
-1.25600e-02,-0.061,0.06
-1.25500e-02,-0.063,0.064
-1.25400e-02,-0.063,0.064
-1.25300e-02,-0.059,0.064
-1.25200e-02,-0.059,0.06
-1.25100e-02,-0.063,0.064
-1.25000e-02,-0.057,0.064
-1.24900e-02,-0.059,0.062
-1.24800e-02,-0.059,0.066
-1.24700e-02,-0.059,0.062
-1.24600e-02,-0.061,0.062
-1.24500e-02,-0.059,0.062
-1.24400e-02,-0.059,0.064
-1.24300e-02,-0.061,0.066
-1.24200e-02,-0.051,0.058
-1.24100e-02,-0.059,0.064
-1.24000e-02,-0.061,0.064
-1.23900e-02,-0.063,0.064
-1.23800e-02,-0.053,0.062
-1.23700e-02,-0.053,0.06
-1.23600e-02,-0.059,0.062
-1.23500e-02,-0.059,0.064
-1.23400e-02,-0.059,0.062
-1.23300e-02,-0.059,0.064
-1.23200e-02,-0.051,0.06
-1.23100e-02,-0.059,0.06
-1.23000e-02,-0.055,0.06
-1.22900e-02,-0.055,0.056
-1.22800e-02,-0.061,0.064
-1.22700e-02,-0.061,0.064
-1.22600e-02,-0.059,0.062
-1.22500e-02,-0.065,0.064
-1.22400e-02,-0.059,0.064
-1.22300e-02,-0.055,0.058
-1.22200e-02,-0.059,0.064
-1.22100e-02,-0.059,0.062
-1.22000e-02,-0.061,0.064
-1.21900e-02,-0.061,0.062
-1.21800e-02,-0.051,0.058
-1.21700e-02,-0.059,0.06
-1.21600e-02,-0.049,0.054
-1.21500e-02,-0.053,0.056
-1.21400e-02,-0.061,0.06
-1.21300e-02,-0.061,0.064
-1.21200e-02,-0.059,0.062
-1.21100e-02,-0.063,0.06
-1.21000e-02,-0.061,0.064
-1.20900e-02,-0.057,0.064
-1.20800e-02,-0.061,0.066
-1.20700e-02,-0.049,0.056
-1.20600e-02,-0.049,0.054
-1.20500e-02,-0.049,0.058
-1.20400e-02,-0.059,0.06
-1.20300e-02,-0.055,0.056
-1.20200e-02,-0.053,0.058
-1.20100e-02,-0.057,0.06
-1.20000e-02,-0.059,0.06
-1.19900e-02,-0.063,0.062
-1.19800e-02,-0.061,0.06
-1.19700e-02,-0.061,0.068
-1.19600e-02,-0.061,0.06
-1.19500e-02,-0.059,0.062
-1.19400e-02,-0.055,0.06
-1.19300e-02,-0.051,0.058
-1.19200e-02,-0.059,0.06
-1.19100e-02,-0.059,0.064
-1.19000e-02,-0.055,0.062
-1.18900e-02,-0.059,0.062
-1.18800e-02,-0.061,0.062
-1.18700e-02,-0.063,0.064
-1.18600e-02,-0.059,0.062
-1.18500e-02,-0.063,0.062
-1.18400e-02,-0.059,0.06
-1.18300e-02,-0.059,0.062
-1.18200e-02,-0.063,0.062
-1.18100e-02,-0.051,0.06
-1.18000e-02,-0.059,0.06
-1.17900e-02,-0.057,0.062
-1.17800e-02,-0.059,0.064
-1.17700e-02,-0.061,0.062
-1.17600e-02,-0.057,0.06
-1.17500e-02,-0.061,0.066
-1.17400e-02,-0.061,0.064
-1.17300e-02,-0.061,0.066
-1.17200e-02,-0.059,0.06
-1.17100e-02,-0.059,0.062
-1.17000e-02,-0.063,0.064
-1.16900e-02,-0.063,0.066
-1.16800e-02,-0.063,0.062
-1.16700e-02,-0.061,0.062
-1.16600e-02,-0.063,0.064
-1.16500e-02,-0.057,0.06
-1.16400e-02,-0.061,0.062
-1.16300e-02,-0.061,0.064
-1.16200e-02,-0.061,0.064
-1.16100e-02,-0.059,0.06
-1.16000e-02,-0.063,0.06
-1.15900e-02,-0.059,0.066
-1.15800e-02,-0.061,0.064
-1.15700e-02,-0.059,0.064
-1.15600e-02,-0.063,0.062
-1.15500e-02,-0.059,0.064
-1.15400e-02,-0.057,0.062
-1.15300e-02,-0.061,0.064
-1.15200e-02,-0.059,0.064
-1.15100e-02,-0.057,0.062
-1.15000e-02,-0.059,0.064
-1.14900e-02,-0.059,0.064
-1.14800e-02,-0.061,0.064
-1.14700e-02,-0.059,0.062
-1.14600e-02,-0.061,0.066
-1.14500e-02,-0.061,0.062
-1.14400e-02,-0.061,0.064
-1.14300e-02,-0.061,0.064
-1.14200e-02,-0.057,0.06
-1.14100e-02,-0.061,0.064
-1.14000e-02,-0.057,0.06
-1.13900e-02,-0.063,0.068
-1.13800e-02,-0.059,0.062
-1.13700e-02,-0.063,0.064
-1.13600e-02,-0.053,0.056
-1.13500e-02,-0.059,0.064
-1.13400e-02,-0.053,0.06
-1.13300e-02,-0.061,0.062
-1.13200e-02,-0.059,0.062
-1.13100e-02,-0.059,0.06
-1.13000e-02,-0.059,0.064
-1.12900e-02,-0.057,0.06
-1.12800e-02,-0.059,0.06
-1.12700e-02,-0.063,0.062
-1.12600e-02,-0.061,0.066
-1.12500e-02,-0.055,0.06
-1.12400e-02,-0.053,0.062
-1.12300e-02,-0.067,0.064
-1.12200e-02,-0.057,0.062
-1.12100e-02,-0.059,0.066
-1.12000e-02,-0.057,0.064
-1.11900e-02,-0.061,0.064
-1.11800e-02,-0.061,0.064
-1.11700e-02,-0.061,0.062
-1.11600e-02,-0.061,0.062
-1.11500e-02,-0.061,0.062
-1.11400e-02,-0.055,0.06
-1.11300e-02,-0.063,0.064
-1.11200e-02,-0.061,0.062
-1.11100e-02,-0.059,0.064
-1.11000e-02,-0.065,0.066
-1.10900e-02,-0.059,0.062
-1.10800e-02,-0.061,0.064
-1.10700e-02,-0.063,0.062
-1.10600e-02,-0.061,0.06
-1.10500e-02,-0.057,0.06
-1.10400e-02,-0.057,0.062
-1.10300e-02,-0.055,0.06
-1.10200e-02,-0.057,0.064
-1.10100e-02,-0.055,0.06
-1.10000e-02,-0.059,0.066
-1.09900e-02,-0.055,0.064
-1.09800e-02,-0.061,0.062
-1.09700e-02,-0.061,0.064
-1.09600e-02,-0.059,0.064
-1.09500e-02,-0.061,0.064
-1.09400e-02,-0.057,0.06
-1.09300e-02,-0.059,0.062
-1.09200e-02,-0.061,0.062
-1.09100e-02,-0.059,0.064
-1.09000e-02,-0.059,0.064
-1.08900e-02,-0.063,0.07
-1.08800e-02,-0.059,0.066
-1.08700e-02,-0.061,0.064
-1.08600e-02,-0.057,0.064
-1.08500e-02,-0.061,0.064
-1.08400e-02,-0.061,0.066
-1.08300e-02,-0.057,0.06
-1.08200e-02,-0.063,0.062
-1.08100e-02,-0.061,0.062
-1.08000e-02,-0.055,0.06
-1.07900e-02,-0.059,0.066
-1.07800e-02,-0.057,0.062
-1.07700e-02,-0.061,0.062
-1.07600e-02,-0.057,0.06
-1.07500e-02,-0.059,0.06
-1.07400e-02,-0.057,0.058
-1.07300e-02,-0.047,0.054
-1.07200e-02,-0.055,0.06
-1.07100e-02,-0.061,0.066
-1.07000e-02,-0.059,0.062
-1.06900e-02,-0.057,0.062
-1.06800e-02,-0.063,0.066
-1.06700e-02,-0.059,0.064
-1.06600e-02,-0.061,0.064
-1.06500e-02,-0.059,0.06
-1.06400e-02,-0.057,0.06
-1.06300e-02,-0.063,0.064
-1.06200e-02,-0.055,0.06
-1.06100e-02,-0.061,0.064
-1.06000e-02,-0.061,0.064
-1.05900e-02,-0.061,0.064
-1.05800e-02,-0.061,0.064
-1.05700e-02,-0.061,0.062
-1.05600e-02,-0.059,0.066
-1.05500e-02,-0.061,0.062
-1.05400e-02,-0.063,0.064
-1.05300e-02,-0.059,0.064
-1.05200e-02,-0.061,0.06
-1.05100e-02,-0.057,0.068
-1.05000e-02,-0.063,0.064
-1.04900e-02,-0.061,0.064
-1.04800e-02,-0.051,0.056
-1.04700e-02,-0.065,0.066
-1.04600e-02,-0.059,0.06
-1.04500e-02,-0.061,0.064
-1.04400e-02,-0.057,0.064
-1.04300e-02,-0.059,0.06
-1.04200e-02,-0.057,0.06
-1.04100e-02,-0.057,0.062
-1.04000e-02,-0.055,0.06
-1.03900e-02,-0.055,0.056
-1.03800e-02,-0.055,0.058
-1.03700e-02,-0.039,0.042
-1.03600e-02,-0.051,0.058
-1.03500e-02,-0.059,0.06
-1.03400e-02,-0.061,0.064
-1.03300e-02,-0.063,0.064
-1.03200e-02,-0.061,0.064
-1.03100e-02,-0.061,0.064
-1.03000e-02,-0.063,0.064
-1.02900e-02,-0.061,0.064
-1.02800e-02,-0.055,0.064
-1.02700e-02,-0.057,0.06
-1.02600e-02,-0.063,0.068
-1.02500e-02,-0.059,0.06
-1.02400e-02,-0.059,0.06
-1.02300e-02,-0.055,0.06
-1.02200e-02,-0.059,0.062
-1.02100e-02,-0.059,0.06
-1.02000e-02,-0.059,0.062
-1.01900e-02,-0.059,0.064
-1.01800e-02,-0.061,0.064
-1.01700e-02,-0.049,0.058
-1.01600e-02,-0.059,0.062
-1.01500e-02,-0.055,0.06
-1.01400e-02,-0.061,0.064
-1.01300e-02,-0.055,0.06
-1.01200e-02,-0.059,0.06
-1.01100e-02,-0.059,0.064
-1.01000e-02,-0.059,0.06
-1.00900e-02,-0.059,0.064
-1.00800e-02,-0.057,0.06
-1.00700e-02,-0.061,0.064
-1.00600e-02,-0.055,0.06
-1.00500e-02,-0.061,0.064
-1.00400e-02,-0.061,0.064
-1.00300e-02,-0.059,0.06
-1.00200e-02,-0.055,0.062
-1.00100e-02,-0.055,0.062
-1.00000e-02,-0.045,0.052
-9.99000e-03,-0.053,0.06
-9.98000e-03,-0.041,0.05
-9.97000e-03,-0.055,0.058
-9.96000e-03,-0.059,0.062
-9.95000e-03,-0.059,0.06
-9.94000e-03,-0.059,0.066
-9.93000e-03,-0.063,0.064
-9.92000e-03,-0.059,0.064
-9.91000e-03,-0.057,0.06
-9.90000e-03,-0.061,0.062
-9.89000e-03,-0.061,0.064
-9.88000e-03,-0.049,0.058
-9.87000e-03,-0.059,0.064
-9.86000e-03,-0.061,0.062
-9.85000e-03,-0.057,0.062
-9.84000e-03,-0.057,0.066
-9.83000e-03,-0.061,0.062
-9.82000e-03,-0.059,0.064
-9.81000e-03,-0.057,0.06
-9.80000e-03,-0.061,0.066
-9.79000e-03,-0.063,0.064
-9.78000e-03,-0.063,0.06
-9.77000e-03,-0.057,0.06
-9.76000e-03,-0.061,0.064
-9.75000e-03,-0.057,0.06
-9.74000e-03,-0.061,0.062
-9.73000e-03,-0.055,0.058
-9.72000e-03,-0.063,0.064
-9.71000e-03,-0.055,0.062
-9.70000e-03,-0.055,0.06
-9.69000e-03,-0.063,0.062
-9.68000e-03,-0.053,0.056
-9.67000e-03,-0.059,0.06
-9.66000e-03,-0.061,0.064
-9.65000e-03,-0.059,0.06
-9.64000e-03,-0.061,0.064
-9.63000e-03,-0.061,0.064
-9.62000e-03,-0.059,0.064
-9.61000e-03,-0.059,0.064
-9.60000e-03,-0.059,0.06
-9.59000e-03,-0.063,0.062
-9.58000e-03,-0.057,0.06
-9.57000e-03,-0.059,0.06
-9.56000e-03,-0.057,0.06
-9.55000e-03,-0.059,0.062
-9.54000e-03,-0.059,0.064
-9.53000e-03,-0.055,0.066
-9.52000e-03,-0.059,0.064
-9.51000e-03,-0.061,0.062
-9.50000e-03,-0.061,0.064
-9.49000e-03,-0.061,0.062
-9.48000e-03,-0.055,0.06
-9.47000e-03,-0.063,0.064
-9.46000e-03,-0.063,0.062
-9.45000e-03,-0.057,0.06
-9.44000e-03,-0.059,0.058
-9.43000e-03,-0.055,0.058
-9.42000e-03,-0.057,0.06
-9.41000e-03,-0.049,0.054
-9.40000e-03,-0.057,0.06
-9.39000e-03,-0.055,0.064
-9.38000e-03,-0.057,0.06
-9.37000e-03,-0.057,0.064
-9.36000e-03,-0.061,0.064
-9.35000e-03,-0.063,0.06
-9.34000e-03,-0.057,0.064
-9.33000e-03,-0.061,0.06
-9.32000e-03,-0.057,0.058
-9.31000e-03,-0.061,0.06
-9.30000e-03,-0.057,0.066
-9.29000e-03,-0.059,0.064
-9.28000e-03,-0.057,0.062
-9.27000e-03,-0.059,0.064
-9.26000e-03,-0.061,0.066
-9.25000e-03,-0.059,0.064
-9.24000e-03,-0.059,0.06
-9.23000e-03,-0.037,0.042
-9.22000e-03,-0.039,0.05
-9.21000e-03,-0.043,0.048
-9.20000e-03,-0.057,0.056
-9.19000e-03,-0.049,0.054
-9.18000e-03,-0.039,0.046
-9.17000e-03,-0.049,0.056
-9.16000e-03,-0.059,0.06
-9.15000e-03,-0.045,0.054
-9.14000e-03,-0.059,0.06
-9.13000e-03,-0.059,0.062
-9.12000e-03,-0.057,0.066
-9.11000e-03,-0.059,0.062
-9.10000e-03,-0.061,0.062
-9.09000e-03,-0.057,0.06
-9.08000e-03,-0.055,0.06
-9.07000e-03,-0.045,0.052
-9.06000e-03,-0.051,0.058
-9.05000e-03,-0.061,0.064
-9.04000e-03,-0.061,0.064
-9.03000e-03,-0.059,0.064
-9.02000e-03,-0.059,0.064
-9.01000e-03,-0.061,0.066
-9.00000e-03,-0.053,0.06
-8.99000e-03,-0.055,0.062
-8.98000e-03,-0.059,0.062
-8.97000e-03,-0.063,0.06
-8.96000e-03,-0.059,0.066
-8.95000e-03,-0.059,0.062
-8.94000e-03,-0.059,0.066
-8.93000e-03,-0.063,0.06
-8.92000e-03,-0.057,0.064
-8.91000e-03,-0.047,0.056
-8.90000e-03,-0.057,0.06
-8.89000e-03,-0.061,0.064
-8.88000e-03,-0.063,0.06
-8.87000e-03,-0.065,0.064
-8.86000e-03,-0.061,0.064
-8.85000e-03,-0.057,0.064
-8.84000e-03,-0.059,0.062
-8.83000e-03,-0.059,0.06
-8.82000e-03,-0.041,0.046
-8.81000e-03,-0.055,0.06
-8.80000e-03,-0.053,0.058
-8.79000e-03,-0.059,0.06
-8.78000e-03,-0.039,0.044
-8.77000e-03,-0.059,0.064
-8.76000e-03,-0.061,0.064
-8.75000e-03,-0.055,0.06
-8.74000e-03,-0.065,0.064
-8.73000e-03,-0.059,0.062
-8.72000e-03,-0.059,0.064
-8.71000e-03,-0.057,0.06
-8.70000e-03,-0.057,0.06
-8.69000e-03,-0.059,0.062
-8.68000e-03,-0.055,0.064
-8.67000e-03,-0.053,0.056
-8.66000e-03,-0.057,0.062
-8.65000e-03,-0.057,0.058
-8.64000e-03,-0.061,0.064
-8.63000e-03,-0.063,0.064
-8.62000e-03,-0.059,0.068
-8.61000e-03,-0.059,0.06
-8.60000e-03,-0.059,0.062
-8.59000e-03,-0.061,0.064
-8.58000e-03,-0.049,0.054
-8.57000e-03,-0.055,0.06
-8.56000e-03,-0.051,0.058
-8.55000e-03,-0.053,0.06
-8.54000e-03,-0.047,0.054
-8.53000e-03,-0.049,0.05
-8.52000e-03,-0.047,0.054
-8.51000e-03,-0.059,0.06
-8.50000e-03,-0.063,0.064
-8.49000e-03,-0.055,0.056
-8.48000e-03,-0.059,0.062
-8.47000e-03,-0.049,0.056
-8.46000e-03,-0.061,0.06
-8.45000e-03,-0.051,0.056
-8.44000e-03,-0.059,0.066
-8.43000e-03,-0.063,0.06
-8.42000e-03,-0.057,0.06
-8.41000e-03,-0.059,0.06
-8.40000e-03,-0.059,0.06
-8.39000e-03,-0.057,0.06
-8.38000e-03,-0.061,0.066
-8.37000e-03,-0.063,0.064
-8.36000e-03,-0.059,0.06
-8.35000e-03,-0.059,0.068
-8.34000e-03,-0.061,0.064
-8.33000e-03,-0.063,0.064
-8.32000e-03,-0.053,0.06
-8.31000e-03,-0.061,0.064
-8.30000e-03,-0.057,0.058
-8.29000e-03,-0.063,0.064
-8.28000e-03,-0.053,0.058
-8.27000e-03,-0.063,0.066
-8.26000e-03,-0.055,0.058
-8.25000e-03,-0.061,0.062
-8.24000e-03,-0.061,0.06
-8.23000e-03,-0.057,0.058
-8.22000e-03,-0.059,0.06
-8.21000e-03,-0.059,0.064
-8.20000e-03,-0.043,0.05
-8.19000e-03,-0.061,0.066
-8.18000e-03,-0.061,0.064
-8.17000e-03,-0.059,0.064
-8.16000e-03,-0.059,0.06
-8.15000e-03,-0.057,0.06
-8.14000e-03,-0.059,0.06
-8.13000e-03,-0.061,0.064
-8.12000e-03,-0.057,0.056
-8.11000e-03,-0.055,0.064
-8.10000e-03,-0.057,0.062
-8.09000e-03,-0.057,0.06
-8.08000e-03,-0.057,0.062
-8.07000e-03,-0.059,0.064
-8.06000e-03,-0.047,0.052
-8.05000e-03,-0.057,0.06
-8.04000e-03,-0.061,0.06
-8.03000e-03,-0.057,0.06
-8.02000e-03,-0.047,0.05
-8.01000e-03,-0.055,0.06
-8.00000e-03,-0.059,0.06
-7.99000e-03,-0.063,0.064
-7.98000e-03,-0.059,0.06
-7.97000e-03,-0.047,0.054
-7.96000e-03,-0.049,0.054
-7.95000e-03,-0.039,0.044
-7.94000e-03,-0.055,0.062
-7.93000e-03,-0.049,0.056
-7.92000e-03,-0.061,0.062
-7.91000e-03,-0.057,0.064
-7.90000e-03,-0.059,0.062
-7.89000e-03,-0.063,0.062
-7.88000e-03,-0.055,0.06
-7.87000e-03,-0.059,0.062
-7.86000e-03,-0.061,0.062
-7.85000e-03,-0.061,0.06
-7.84000e-03,-0.061,0.062
-7.83000e-03,-0.063,0.064
-7.82000e-03,-0.059,0.066
-7.81000e-03,-0.061,0.062
-7.80000e-03,-0.061,0.06
-7.79000e-03,-0.061,0.064
-7.78000e-03,-0.057,0.062
-7.77000e-03,-0.059,0.064
-7.76000e-03,-0.061,0.064
-7.75000e-03,-0.059,0.068
-7.74000e-03,-0.059,0.06
-7.73000e-03,-0.057,0.064
-7.72000e-03,-0.063,0.062
-7.71000e-03,-0.061,0.06
-7.70000e-03,-0.061,0.06
-7.69000e-03,-0.055,0.06
-7.68000e-03,-0.059,0.064
-7.67000e-03,-0.055,0.06
-7.66000e-03,-0.061,0.066
-7.65000e-03,-0.063,0.064
-7.64000e-03,-0.059,0.064
-7.63000e-03,-0.057,0.062
-7.62000e-03,-0.059,0.064
-7.61000e-03,-0.065,0.06
-7.60000e-03,-0.063,0.064
-7.59000e-03,-0.057,0.062
-7.58000e-03,-0.059,0.064
-7.57000e-03,-0.059,0.062
-7.56000e-03,-0.057,0.062
-7.55000e-03,-0.057,0.062
-7.54000e-03,-0.047,0.056
-7.53000e-03,-0.057,0.064
-7.52000e-03,-0.053,0.058
-7.51000e-03,-0.061,0.064
-7.50000e-03,-0.057,0.062
-7.49000e-03,-0.057,0.06
-7.48000e-03,-0.057,0.064
-7.47000e-03,-0.059,0.064
-7.46000e-03,-0.059,0.064
-7.45000e-03,-0.061,0.06
-7.44000e-03,-0.061,0.062
-7.43000e-03,-0.059,0.064
-7.42000e-03,-0.061,0.064
-7.41000e-03,-0.059,0.062
-7.40000e-03,-0.057,0.066
-7.39000e-03,-0.055,0.062
-7.38000e-03,-0.061,0.066
-7.37000e-03,-0.059,0.062
-7.36000e-03,-0.053,0.06
-7.35000e-03,-0.065,0.064
-7.34000e-03,-0.057,0.06
-7.33000e-03,-0.063,0.062
-7.32000e-03,-0.045,0.054
-7.31000e-03,-0.065,0.064
-7.30000e-03,-0.057,0.064
-7.29000e-03,-0.049,0.052
-7.28000e-03,-0.059,0.06
-7.27000e-03,-0.057,0.062
-7.26000e-03,-0.065,0.064
-7.25000e-03,-0.059,0.06
-7.24000e-03,-0.059,0.062
-7.23000e-03,-0.059,0.064
-7.22000e-03,-0.061,0.062
-7.21000e-03,-0.061,0.064
-7.20000e-03,-0.059,0.06
-7.19000e-03,-0.057,0.06
-7.18000e-03,-0.055,0.062
-7.17000e-03,-0.051,0.058
-7.16000e-03,-0.057,0.064
-7.15000e-03,-0.061,0.064
-7.14000e-03,-0.061,0.06
-7.13000e-03,-0.059,0.06
-7.12000e-03,-0.063,0.06
-7.11000e-03,-0.061,0.066
-7.10000e-03,-0.063,0.062
-7.09000e-03,-0.057,0.064
-7.08000e-03,-0.061,0.062
-7.07000e-03,-0.061,0.066
-7.06000e-03,-0.059,0.062
-7.05000e-03,-0.057,0.06
-7.04000e-03,-0.061,0.062
-7.03000e-03,-0.057,0.06
-7.02000e-03,-0.059,0.062
-7.01000e-03,-0.063,0.062
-7.00000e-03,-0.061,0.066
-6.99000e-03,-0.061,0.064
-6.98000e-03,-0.059,0.062
-6.97000e-03,-0.059,0.064
-6.96000e-03,-0.051,0.054
-6.95000e-03,-0.061,0.064
-6.94000e-03,-0.059,0.064
-6.93000e-03,-0.059,0.064
-6.92000e-03,-0.063,0.066
-6.91000e-03,-0.061,0.064
-6.90000e-03,-0.059,0.062
-6.89000e-03,-0.061,0.062
-6.88000e-03,-0.059,0.06
-6.87000e-03,-0.059,0.064
-6.86000e-03,-0.061,0.064
-6.85000e-03,-0.059,0.06
-6.84000e-03,-0.061,0.062
-6.83000e-03,-0.061,0.062
-6.82000e-03,-0.061,0.064
-6.81000e-03,-0.063,0.06
-6.80000e-03,-0.057,0.064
-6.79000e-03,-0.059,0.062
-6.78000e-03,-0.061,0.062
-6.77000e-03,-0.055,0.062
-6.76000e-03,-0.053,0.056
-6.75000e-03,-0.063,0.062
-6.74000e-03,-0.061,0.064
-6.73000e-03,-0.063,0.064
-6.72000e-03,-0.061,0.06
-6.71000e-03,-0.059,0.062
-6.70000e-03,-0.063,0.06
-6.69000e-03,-0.059,0.06
-6.68000e-03,-0.059,0.06
-6.67000e-03,-0.059,0.06
-6.66000e-03,-0.057,0.06
-6.65000e-03,-0.059,0.064
-6.64000e-03,-0.061,0.062
-6.63000e-03,-0.061,0.064
-6.62000e-03,-0.063,0.062
-6.61000e-03,-0.061,0.064
-6.60000e-03,-0.059,0.06
-6.59000e-03,-0.059,0.06
-6.58000e-03,-0.059,0.062
-6.57000e-03,-0.061,0.064
-6.56000e-03,-0.055,0.056
-6.55000e-03,-0.059,0.064
-6.54000e-03,-0.061,0.062
-6.53000e-03,-0.065,0.064
-6.52000e-03,-0.059,0.064
-6.51000e-03,-0.059,0.064
-6.50000e-03,-0.057,0.06
-6.49000e-03,-0.065,0.064
-6.48000e-03,-0.063,0.062
-6.47000e-03,-0.061,0.068
-6.46000e-03,-0.051,0.056
-6.45000e-03,-0.059,0.062
-6.44000e-03,-0.055,0.06
-6.43000e-03,-0.055,0.06
-6.42000e-03,-0.057,0.062
-6.41000e-03,-0.063,0.064
-6.40000e-03,-0.059,0.06
-6.39000e-03,-0.061,0.062
-6.38000e-03,-0.063,0.064
-6.37000e-03,-0.057,0.06
-6.36000e-03,-0.059,0.064
-6.35000e-03,-0.055,0.06
-6.34000e-03,-0.061,0.062
-6.33000e-03,-0.049,0.054
-6.32000e-03,-0.061,0.062
-6.31000e-03,-0.053,0.054
-6.30000e-03,-0.063,0.06
-6.29000e-03,-0.047,0.052
-6.28000e-03,-0.057,0.062
-6.27000e-03,-0.055,0.062
-6.26000e-03,-0.057,0.06
-6.25000e-03,-0.051,0.056
-6.24000e-03,-0.059,0.062
-6.23000e-03,-0.063,0.064
-6.22000e-03,-0.059,0.06
-6.21000e-03,-0.065,0.064
-6.20000e-03,-0.055,0.06
-6.19000e-03,-0.057,0.064
-6.18000e-03,-0.055,0.06
-6.17000e-03,-0.063,0.064
-6.16000e-03,-0.055,0.056
-6.15000e-03,-0.059,0.062
-6.14000e-03,-0.059,0.062
-6.13000e-03,-0.059,0.06
-6.12000e-03,-0.055,0.06
-6.11000e-03,-0.061,0.064
-6.10000e-03,-0.047,0.052
-6.09000e-03,-0.059,0.062
-6.08000e-03,-0.053,0.058
-6.07000e-03,-0.055,0.056
-6.06000e-03,-0.057,0.062
-6.05000e-03,-0.063,0.06
-6.04000e-03,-0.059,0.064
-6.03000e-03,-0.055,0.06
-6.02000e-03,-0.057,0.062
-6.01000e-03,-0.057,0.062
-6.00000e-03,-0.063,0.064
-5.99000e-03,-0.059,0.06
-5.98000e-03,-0.061,0.064
-5.97000e-03,-0.061,0.064
-5.96000e-03,-0.055,0.06
-5.95000e-03,-0.059,0.064
-5.94000e-03,-0.061,0.064
-5.93000e-03,-0.059,0.064
-5.92000e-03,-0.057,0.06
-5.91000e-03,-0.059,0.064
-5.90000e-03,-0.061,0.06
-5.89000e-03,-0.057,0.064
-5.88000e-03,-0.055,0.06
-5.87000e-03,-0.059,0.064
-5.86000e-03,-0.059,0.064
-5.85000e-03,-0.059,0.062
-5.84000e-03,-0.061,0.06
-5.83000e-03,-0.061,0.06
-5.82000e-03,-0.057,0.064
-5.81000e-03,-0.059,0.064
-5.80000e-03,-0.053,0.054
-5.79000e-03,-0.057,0.058
-5.78000e-03,-0.059,0.06
-5.77000e-03,-0.057,0.062
-5.76000e-03,-0.047,0.05
-5.75000e-03,-0.053,0.056
-5.74000e-03,-0.061,0.062
-5.73000e-03,-0.059,0.064
-5.72000e-03,-0.061,0.062
-5.71000e-03,-0.061,0.066
-5.70000e-03,-0.061,0.064
-5.69000e-03,-0.055,0.062
-5.68000e-03,-0.059,0.064
-5.67000e-03,-0.059,0.064
-5.66000e-03,-0.059,0.064
-5.65000e-03,-0.059,0.062
-5.64000e-03,-0.061,0.066
-5.63000e-03,-0.063,0.064
-5.62000e-03,-0.057,0.06
-5.61000e-03,-0.063,0.062
-5.60000e-03,-0.057,0.06
-5.59000e-03,-0.055,0.06
-5.58000e-03,-0.047,0.052
-5.57000e-03,-0.059,0.062
-5.56000e-03,-0.057,0.06
-5.55000e-03,-0.063,0.06
-5.54000e-03,-0.061,0.064
-5.53000e-03,-0.063,0.064
-5.52000e-03,-0.061,0.062
-5.51000e-03,-0.059,0.064
-5.50000e-03,-0.059,0.062
-5.49000e-03,-0.061,0.062
-5.48000e-03,-0.059,0.062
-5.47000e-03,-0.059,0.06
-5.46000e-03,-0.049,0.054
-5.45000e-03,-0.045,0.05
-5.44000e-03,-0.055,0.06
-5.43000e-03,-0.051,0.06
-5.42000e-03,-0.057,0.064
-5.41000e-03,-0.059,0.06
-5.40000e-03,-0.061,0.062
-5.39000e-03,-0.061,0.062
-5.38000e-03,-0.061,0.07
-5.37000e-03,-0.061,0.064
-5.36000e-03,-0.057,0.062
-5.35000e-03,-0.059,0.06
-5.34000e-03,-0.055,0.06
-5.33000e-03,-0.057,0.06
-5.32000e-03,-0.063,0.062
-5.31000e-03,-0.059,0.06
-5.30000e-03,-0.057,0.062
-5.29000e-03,-0.053,0.054
-5.28000e-03,-0.063,0.06
-5.27000e-03,-0.059,0.062
-5.26000e-03,-0.061,0.064
-5.25000e-03,-0.059,0.068
-5.24000e-03,-0.059,0.06
-5.23000e-03,-0.061,0.06
-5.22000e-03,-0.057,0.06
-5.21000e-03,-0.061,0.064
-5.20000e-03,-0.057,0.06
-5.19000e-03,-0.059,0.062
-5.18000e-03,-0.057,0.064
-5.17000e-03,-0.051,0.056
-5.16000e-03,-0.059,0.064
-5.15000e-03,-0.055,0.058
-5.14000e-03,-0.061,0.066
-5.13000e-03,-0.053,0.06
-5.12000e-03,-0.061,0.06
-5.11000e-03,-0.055,0.06
-5.10000e-03,-0.061,0.062
-5.09000e-03,-0.057,0.062
-5.08000e-03,-0.059,0.064
-5.07000e-03,-0.057,0.06
-5.06000e-03,-0.057,0.062
-5.05000e-03,-0.059,0.064
-5.04000e-03,-0.055,0.064
-5.03000e-03,-0.057,0.06
-5.02000e-03,-0.059,0.062
-5.01000e-03,-0.055,0.062
-5.00000e-03,-0.063,0.062
-4.99000e-03,-0.061,0.062
-4.98000e-03,-0.059,0.06
-4.97000e-03,-0.059,0.062
-4.96000e-03,-0.059,0.062
-4.95000e-03,-0.063,0.062
-4.94000e-03,-0.061,0.064
-4.93000e-03,-0.059,0.064
-4.92000e-03,-0.061,0.064
-4.91000e-03,-0.059,0.062
-4.90000e-03,-0.061,0.064
-4.89000e-03,-0.061,0.062
-4.88000e-03,-0.059,0.064
-4.87000e-03,-0.051,0.054
-4.86000e-03,-0.059,0.064
-4.85000e-03,-0.055,0.06
-4.84000e-03,-0.061,0.062
-4.83000e-03,-0.059,0.062
-4.82000e-03,-0.059,0.064
-4.81000e-03,-0.061,0.064
-4.80000e-03,-0.057,0.062
-4.79000e-03,-0.059,0.062
-4.78000e-03,-0.059,0.062
-4.77000e-03,-0.055,0.06
-4.76000e-03,-0.061,0.064
-4.75000e-03,-0.057,0.062
-4.74000e-03,-0.053,0.056
-4.73000e-03,-0.061,0.06
-4.72000e-03,-0.049,0.054
-4.71000e-03,-0.057,0.062
-4.70000e-03,-0.055,0.06
-4.69000e-03,-0.059,0.06
-4.68000e-03,-0.049,0.058
-4.67000e-03,-0.059,0.062
-4.66000e-03,-0.057,0.064
-4.65000e-03,-0.059,0.064
-4.64000e-03,-0.057,0.062
-4.63000e-03,-0.059,0.062
-4.62000e-03,-0.059,0.06
-4.61000e-03,-0.059,0.062
-4.60000e-03,-0.059,0.062
-4.59000e-03,-0.055,0.06
-4.58000e-03,-0.055,0.058
-4.57000e-03,-0.059,0.064
-4.56000e-03,-0.063,0.062
-4.55000e-03,-0.065,0.06
-4.54000e-03,-0.059,0.064
-4.53000e-03,-0.065,0.066
-4.52000e-03,-0.057,0.06
-4.51000e-03,-0.051,0.054
-4.50000e-03,-0.057,0.064
-4.49000e-03,-0.061,0.064
-4.48000e-03,-0.063,0.062
-4.47000e-03,-0.059,0.062
-4.46000e-03,-0.051,0.052
-4.45000e-03,-0.061,0.062
-4.44000e-03,-0.059,0.06
-4.43000e-03,-0.061,0.064
-4.42000e-03,-0.061,0.06
-4.41000e-03,-0.061,0.066
-4.40000e-03,-0.061,0.064
-4.39000e-03,-0.061,0.068
-4.38000e-03,-0.059,0.064
-4.37000e-03,-0.061,0.064
-4.36000e-03,-0.061,0.064
-4.35000e-03,-0.059,0.06
-4.34000e-03,-0.061,0.062
-4.33000e-03,-0.053,0.058
-4.32000e-03,-0.057,0.062
-4.31000e-03,-0.061,0.062
-4.30000e-03,-0.063,0.066
-4.29000e-03,-0.057,0.062
-4.28000e-03,-0.061,0.062
-4.27000e-03,-0.061,0.062
-4.26000e-03,-0.057,0.062
-4.25000e-03,-0.061,0.064
-4.24000e-03,-0.055,0.054
-4.23000e-03,-0.059,0.062
-4.22000e-03,-0.059,0.06
-4.21000e-03,-0.061,0.062
-4.20000e-03,-0.049,0.054
-4.19000e-03,-0.061,0.064
-4.18000e-03,-0.043,0.054
-4.17000e-03,-0.059,0.064
-4.16000e-03,-0.055,0.06
-4.15000e-03,-0.059,0.064
-4.14000e-03,-0.057,0.062
-4.13000e-03,-0.059,0.064
-4.12000e-03,-0.059,0.06
-4.11000e-03,-0.057,0.068
-4.10000e-03,-0.059,0.06
-4.09000e-03,-0.063,0.062
-4.08000e-03,-0.063,0.06
-4.07000e-03,-0.059,0.064
-4.06000e-03,-0.057,0.06
-4.05000e-03,-0.059,0.06
-4.04000e-03,-0.043,0.05
-4.03000e-03,-0.045,0.05
-4.02000e-03,-0.045,0.052
-4.01000e-03,-0.049,0.05
-4.00000e-03,-0.055,0.06
-3.99000e-03,-0.059,0.064
-3.98000e-03,-0.061,0.064
-3.97000e-03,-0.065,0.066
-3.96000e-03,-0.061,0.068
-3.95000e-03,-0.057,0.06
-3.94000e-03,-0.063,0.062
-3.93000e-03,-0.061,0.062
-3.92000e-03,-0.063,0.06
-3.91000e-03,-0.055,0.058
-3.90000e-03,-0.063,0.066
-3.89000e-03,-0.055,0.062
-3.88000e-03,-0.061,0.06
-3.87000e-03,-0.055,0.064
-3.86000e-03,-0.055,0.06
-3.85000e-03,-0.061,0.062
-3.84000e-03,-0.059,0.062
-3.83000e-03,-0.059,0.064
-3.82000e-03,-0.055,0.058
-3.81000e-03,-0.055,0.06
-3.80000e-03,-0.049,0.058
-3.79000e-03,-0.045,0.05
-3.78000e-03,-0.055,0.062
-3.77000e-03,-0.059,0.06
-3.76000e-03,-0.063,0.064
-3.75000e-03,-0.059,0.064
-3.74000e-03,-0.055,0.06
-3.73000e-03,-0.057,0.06
-3.72000e-03,-0.059,0.06
-3.71000e-03,-0.057,0.062
-3.70000e-03,-0.063,0.06
-3.69000e-03,-0.057,0.062
-3.68000e-03,-0.053,0.058
-3.67000e-03,-0.059,0.06
-3.66000e-03,-0.049,0.056
-3.65000e-03,-0.053,0.06
-3.64000e-03,-0.045,0.052
-3.63000e-03,-0.051,0.058
-3.62000e-03,-0.051,0.058
-3.61000e-03,-0.045,0.05
-3.60000e-03,-0.063,0.064
-3.59000e-03,-0.059,0.068
-3.58000e-03,-0.061,0.066
-3.57000e-03,-0.061,0.06
-3.56000e-03,-0.063,0.062
-3.55000e-03,-0.059,0.062
-3.54000e-03,-0.061,0.062
-3.53000e-03,-0.059,0.062
-3.52000e-03,-0.061,0.06
-3.51000e-03,-0.059,0.062
-3.50000e-03,-0.061,0.06
-3.49000e-03,-0.057,0.064
-3.48000e-03,-0.063,0.064
-3.47000e-03,-0.059,0.064
-3.46000e-03,-0.055,0.06
-3.45000e-03,-0.051,0.052
-3.44000e-03,-0.051,0.06
-3.43000e-03,-0.053,0.06
-3.42000e-03,-0.055,0.06
-3.41000e-03,-0.051,0.056
-3.40000e-03,-0.061,0.064
-3.39000e-03,-0.059,0.062
-3.38000e-03,-0.061,0.064
-3.37000e-03,-0.057,0.06
-3.36000e-03,-0.061,0.066
-3.35000e-03,-0.057,0.06
-3.34000e-03,-0.059,0.066
-3.33000e-03,-0.059,0.06
-3.32000e-03,-0.053,0.06
-3.31000e-03,-0.053,0.06
-3.30000e-03,-0.057,0.06
-3.29000e-03,-0.043,0.048
-3.28000e-03,-0.063,0.064
-3.27000e-03,-0.055,0.06
-3.26000e-03,-0.063,0.064
-3.25000e-03,-0.059,0.062
-3.24000e-03,-0.053,0.06
-3.23000e-03,-0.055,0.058
-3.22000e-03,-0.061,0.06
-3.21000e-03,-0.057,0.064
-3.20000e-03,-0.059,0.06
-3.19000e-03,-0.059,0.06
-3.18000e-03,-0.057,0.058
-3.17000e-03,-0.057,0.06
-3.16000e-03,-0.061,0.064
-3.15000e-03,-0.059,0.062
-3.14000e-03,-0.059,0.06
-3.13000e-03,-0.059,0.06
-3.12000e-03,-0.061,0.06
-3.11000e-03,-0.057,0.06
-3.10000e-03,-0.063,0.062
-3.09000e-03,-0.059,0.062
-3.08000e-03,-0.057,0.064
-3.07000e-03,-0.059,0.064
-3.06000e-03,-0.055,0.06
-3.05000e-03,-0.061,0.062
-3.04000e-03,-0.057,0.06
-3.03000e-03,-0.061,0.064
-3.02000e-03,-0.061,0.064
-3.01000e-03,-0.055,0.06
-3.00000e-03,-0.055,0.06
-2.99000e-03,-0.049,0.054
-2.98000e-03,-0.059,0.064
-2.97000e-03,-0.059,0.062
-2.96000e-03,-0.059,0.066
-2.95000e-03,-0.057,0.06
-2.94000e-03,-0.059,0.064
-2.93000e-03,-0.051,0.054
-2.92000e-03,-0.057,0.062
-2.91000e-03,-0.051,0.058
-2.90000e-03,-0.061,0.062
-2.89000e-03,-0.055,0.06
-2.88000e-03,-0.053,0.056
-2.87000e-03,-0.059,0.064
-2.86000e-03,-0.049,0.054
-2.85000e-03,-0.053,0.058
-2.84000e-03,-0.057,0.06
-2.83000e-03,-0.063,0.066
-2.82000e-03,-0.061,0.066
-2.81000e-03,-0.059,0.066
-2.80000e-03,-0.059,0.064
-2.79000e-03,-0.061,0.066
-2.78000e-03,-0.053,0.058
-2.77000e-03,-0.061,0.064
-2.76000e-03,-0.057,0.062
-2.75000e-03,-0.057,0.062
-2.74000e-03,-0.055,0.06
-2.73000e-03,-0.061,0.066
-2.72000e-03,-0.063,0.062
-2.71000e-03,-0.061,0.062
-2.70000e-03,-0.059,0.064
-2.69000e-03,-0.059,0.066
-2.68000e-03,-0.061,0.062
-2.67000e-03,-0.059,0.06
-2.66000e-03,-0.059,0.06
-2.65000e-03,-0.061,0.062
-2.64000e-03,-0.063,0.064
-2.63000e-03,-0.061,0.062
-2.62000e-03,-0.061,0.064
-2.61000e-03,-0.059,0.064
-2.60000e-03,-0.057,0.064
-2.59000e-03,-0.059,0.06
-2.58000e-03,-0.063,0.066
-2.57000e-03,-0.057,0.06
-2.56000e-03,-0.061,0.064
-2.55000e-03,-0.059,0.06
-2.54000e-03,-0.061,0.064
-2.53000e-03,-0.059,0.058
-2.52000e-03,-0.061,0.06
-2.51000e-03,-0.061,0.064
-2.50000e-03,-0.055,0.06
-2.49000e-03,-0.053,0.054
-2.48000e-03,-0.059,0.06
-2.47000e-03,-0.057,0.064
-2.46000e-03,-0.055,0.06
-2.45000e-03,-0.059,0.06
-2.44000e-03,-0.057,0.064
-2.43000e-03,-0.061,0.06
-2.42000e-03,-0.057,0.062
-2.41000e-03,-0.051,0.056
-2.40000e-03,-0.057,0.06
-2.39000e-03,-0.045,0.054
-2.38000e-03,-0.063,0.064
-2.37000e-03,-0.059,0.064
-2.36000e-03,-0.057,0.062
-2.35000e-03,-0.059,0.062
-2.34000e-03,-0.059,0.06
-2.33000e-03,-0.059,0.062
-2.32000e-03,-0.065,0.064
-2.31000e-03,-0.059,0.062
-2.30000e-03,-0.059,0.06
-2.29000e-03,-0.061,0.066
-2.28000e-03,-0.063,0.064
-2.27000e-03,-0.061,0.066
-2.26000e-03,-0.057,0.06
-2.25000e-03,-0.063,0.064
-2.24000e-03,-0.059,0.064
-2.23000e-03,-0.059,0.064
-2.22000e-03,-0.059,0.06
-2.21000e-03,-0.063,0.066
-2.20000e-03,-0.061,0.064
-2.19000e-03,-0.063,0.066
-2.18000e-03,-0.063,0.062
-2.17000e-03,-0.059,0.062
-2.16000e-03,-0.059,0.062
-2.15000e-03,-0.063,0.064
-2.14000e-03,-0.061,0.064
-2.13000e-03,-0.059,0.066
-2.12000e-03,-0.061,0.062
-2.11000e-03,-0.059,0.06
-2.10000e-03,-0.057,0.062
-2.09000e-03,-0.057,0.062
-2.08000e-03,-0.061,0.062
-2.07000e-03,-0.059,0.066
-2.06000e-03,-0.057,0.064
-2.05000e-03,-0.061,0.064
-2.04000e-03,-0.063,0.064
-2.03000e-03,-0.057,0.06
-2.02000e-03,-0.061,0.064
-2.01000e-03,-0.057,0.06
-2.00000e-03,-0.061,0.064
-1.99000e-03,-0.059,0.062
-1.98000e-03,-0.059,0.062
-1.97000e-03,-0.059,0.062
-1.96000e-03,-0.059,0.062
-1.95000e-03,-0.059,0.062
-1.94000e-03,-0.057,0.062
-1.93000e-03,-0.053,0.06
-1.92000e-03,-0.059,0.06
-1.91000e-03,-0.057,0.06
-1.90000e-03,-0.065,0.064
-1.89000e-03,-0.059,0.06
-1.88000e-03,-0.051,0.058
-1.87000e-03,-0.059,0.062
-1.86000e-03,-0.059,0.064
-1.85000e-03,-0.063,0.062
-1.84000e-03,-0.063,0.066
-1.83000e-03,-0.055,0.062
-1.82000e-03,-0.065,0.064
-1.81000e-03,-0.061,0.062
-1.80000e-03,-0.057,0.062
-1.79000e-03,-0.063,0.062
-1.78000e-03,-0.059,0.064
-1.77000e-03,-0.057,0.058
-1.76000e-03,-0.059,0.062
-1.75000e-03,-0.051,0.054
-1.74000e-03,-0.063,0.064
-1.73000e-03,-0.057,0.062
-1.72000e-03,-0.061,0.064
-1.71000e-03,-0.061,0.064
-1.70000e-03,-0.059,0.06
-1.69000e-03,-0.059,0.064
-1.68000e-03,-0.059,0.062
-1.67000e-03,-0.057,0.06
-1.66000e-03,-0.059,0.064
-1.65000e-03,-0.055,0.06
-1.64000e-03,-0.057,0.06
-1.63000e-03,-0.053,0.058
-1.62000e-03,-0.049,0.058
-1.61000e-03,-0.053,0.058
-1.60000e-03,-0.055,0.058
-1.59000e-03,-0.053,0.06
-1.58000e-03,-0.061,0.06
-1.57000e-03,-0.043,0.048
-1.56000e-03,-0.063,0.068
-1.55000e-03,-0.047,0.05
-1.54000e-03,-0.061,0.064
-1.53000e-03,-0.057,0.062
-1.52000e-03,-0.061,0.064
-1.51000e-03,-0.047,0.054
-1.50000e-03,-0.059,0.064
-1.49000e-03,-0.055,0.06
-1.48000e-03,-0.063,0.064
-1.47000e-03,-0.061,0.062
-1.46000e-03,-0.061,0.064
-1.45000e-03,-0.055,0.06
-1.44000e-03,-0.053,0.06
-1.43000e-03,-0.059,0.062
-1.42000e-03,-0.057,0.058
-1.41000e-03,-0.059,0.064
-1.40000e-03,-0.053,0.058
-1.39000e-03,-0.055,0.062
-1.38000e-03,-0.061,0.062
-1.37000e-03,-0.059,0.06
-1.36000e-03,-0.061,0.062
-1.35000e-03,-0.061,0.064
-1.34000e-03,-0.057,0.062
-1.33000e-03,-0.061,0.06
-1.32000e-03,-0.061,0.06
-1.31000e-03,-0.055,0.062
-1.30000e-03,-0.061,0.064
-1.29000e-03,-0.061,0.06
-1.28000e-03,-0.059,0.066
-1.27000e-03,-0.059,0.06
-1.26000e-03,-0.055,0.06
-1.25000e-03,-0.059,0.064
-1.24000e-03,-0.051,0.058
-1.23000e-03,-0.053,0.06
-1.22000e-03,-0.055,0.06
-1.21000e-03,-0.051,0.052
-1.20000e-03,-0.045,0.05
-1.19000e-03,-0.057,0.064
-1.18000e-03,-0.059,0.06
-1.17000e-03,-0.063,0.064
-1.16000e-03,-0.055,0.066
-1.15000e-03,-0.061,0.062
-1.14000e-03,-0.057,0.062
-1.13000e-03,-0.061,0.062
-1.12000e-03,-0.059,0.064
-1.11000e-03,-0.057,0.06
-1.10000e-03,-0.057,0.06
-1.09000e-03,-0.061,0.062
-1.08000e-03,-0.061,0.066
-1.07000e-03,-0.057,0.06
-1.06000e-03,-0.061,0.064
-1.05000e-03,-0.057,0.064
-1.04000e-03,-0.051,0.054
-1.03000e-03,-0.049,0.05
-1.02000e-03,-0.047,0.052
-1.01000e-03,-0.049,0.052
-1.00000e-03,-0.043,0.05
-9.90000e-04,-0.059,0.06
-9.80000e-04,-0.051,0.056
-9.70000e-04,-0.053,0.058
-9.60000e-04,-0.049,0.054
-9.50000e-04,-0.049,0.056
-9.40000e-04,-0.051,0.056
-9.30000e-04,-0.061,0.066
-9.20000e-04,-0.059,0.06
-9.10000e-04,-0.059,0.062
-9.00000e-04,-0.061,0.064
-8.90000e-04,-0.055,0.058
-8.80000e-04,-0.063,0.064
-8.70000e-04,-0.061,0.064
-8.60000e-04,-0.059,0.064
-8.50000e-04,-0.061,0.066
-8.40000e-04,-0.045,0.05
-8.30000e-04,-0.059,0.064
-8.20000e-04,-0.061,0.066
-8.10000e-04,-0.061,0.064
-8.00000e-04,-0.063,0.062
-7.90000e-04,-0.063,0.064
-7.80000e-04,-0.057,0.062
-7.70000e-04,-0.063,0.064
-7.60000e-04,-0.057,0.064
-7.50000e-04,-0.059,0.06
-7.40000e-04,-0.061,0.062
-7.30000e-04,-0.057,0.062
-7.20000e-04,-0.059,0.064
-7.10000e-04,-0.061,0.066
-7.00000e-04,-0.061,0.062
-6.90000e-04,-0.061,0.064
-6.80000e-04,-0.057,0.058
-6.70000e-04,-0.057,0.064
-6.60000e-04,-0.055,0.06
-6.50000e-04,-0.057,0.06
-6.40000e-04,-0.059,0.064
-6.30000e-04,-0.055,0.06
-6.20000e-04,-0.055,0.06
-6.10000e-04,-0.059,0.064
-6.00000e-04,-0.057,0.058
-5.90000e-04,-0.055,0.06
-5.80000e-04,-0.061,0.062
-5.70000e-04,-0.061,0.064
-5.60000e-04,-0.061,0.06
-5.50000e-04,-0.061,0.06
-5.40000e-04,-0.063,0.062
-5.30000e-04,-0.059,0.064
-5.20000e-04,-0.061,0.064
-5.10000e-04,-0.055,0.058
-5.00000e-04,-0.063,0.064
-4.90000e-04,-0.059,0.066
-4.80000e-04,-0.057,0.062
-4.70000e-04,-0.057,0.064
-4.60000e-04,-0.057,0.06
-4.50000e-04,-0.061,0.064
-4.40000e-04,-0.057,0.06
-4.30000e-04,-0.043,0.044
-4.20000e-04,-0.047,0.052
-4.10000e-04,-0.053,0.058
-4.00000e-04,-0.059,0.06
-3.90000e-04,-0.049,0.056
-3.80000e-04,-0.059,0.06
-3.70000e-04,-0.055,0.058
-3.60000e-04,-0.057,0.062
-3.50000e-04,-0.061,0.064
-3.40000e-04,-0.061,0.062
-3.30000e-04,-0.055,0.06
-3.20000e-04,-0.061,0.064
-3.10000e-04,-0.057,0.06
-3.00000e-04,-0.059,0.06
-2.90000e-04,-0.059,0.066
-2.80000e-04,-0.061,0.062
-2.70000e-04,-0.065,0.068
-2.60000e-04,-0.063,0.064
-2.50000e-04,-0.055,0.058
-2.40000e-04,-0.061,0.062
-2.30000e-04,-0.045,0.05
-2.20000e-04,-0.059,0.062
-2.10000e-04,-0.061,0.064
-2.00000e-04,-0.063,0.066
-1.90000e-04,-0.059,0.066
-1.80000e-04,-0.063,0.066
-1.70000e-04,-0.059,0.066
-1.60000e-04,-0.061,0.062
-1.50000e-04,-0.063,0.066
-1.40000e-04,-0.061,0.066
-1.30000e-04,-0.057,0.06
-1.20000e-04,-0.057,0.06
-1.10000e-04,-0.059,0.064
-1.00000e-04,-0.059,0.06
-9.00000e-05,-0.059,0.064
-8.00000e-05,-0.059,0.064
-7.00000e-05,-0.061,0.064
-6.00000e-05,-0.063,0.064
-5.00000e-05,-0.063,0.066
-4.00000e-05,-0.063,0.064
-3.00000e-05,-0.059,0.06
-2.00000e-05,-0.059,0.064
-1.00000e-05,-0.057,0.062
3.59000e-13,-0.059,0.066
1.00000e-05,-0.059,0.062
2.00000e-05,-0.057,0.064
3.00000e-05,-0.063,0.064
4.00000e-05,-0.059,0.06
5.00000e-05,-0.063,0.066
6.00000e-05,-0.061,0.06
7.00000e-05,-0.061,0.062
8.00000e-05,-0.057,0.06
9.00000e-05,-0.053,0.058
1.00000e-04,-0.049,0.054
1.10000e-04,-0.059,0.062
1.20000e-04,-0.059,0.062
1.30000e-04,-0.061,0.062
1.40000e-04,-0.057,0.062
1.50000e-04,-0.053,0.056
1.60000e-04,-0.057,0.064
1.70000e-04,-0.063,0.064
1.80000e-04,-0.055,0.058
1.90000e-04,-0.059,0.062
2.00000e-04,-0.053,0.06
2.10000e-04,-0.059,0.064
2.20000e-04,-0.051,0.054
2.30000e-04,-0.059,0.066
2.40000e-04,-0.061,0.066
2.50000e-04,-0.059,0.064
2.60000e-04,-0.061,0.064
2.70000e-04,-0.061,0.062
2.80000e-04,-0.049,0.058
2.90000e-04,-0.063,0.064
3.00000e-04,-0.057,0.064
3.10000e-04,-0.063,0.064
3.20000e-04,-0.061,0.064
3.30000e-04,-0.055,0.06
3.40000e-04,-0.059,0.06
3.50000e-04,-0.059,0.062
3.60000e-04,-0.061,0.066
3.70000e-04,-0.053,0.06
3.80000e-04,-0.061,0.066
3.90000e-04,-0.061,0.062
4.00000e-04,-0.059,0.064
4.10000e-04,-0.059,0.06
4.20000e-04,-0.053,0.058
4.30000e-04,-0.055,0.058
4.40000e-04,-0.059,0.064
4.50000e-04,-0.061,0.06
4.60000e-04,-0.063,0.06
4.70000e-04,-0.059,0.064
4.80000e-04,-0.063,0.064
4.90000e-04,-0.057,0.058
5.00000e-04,-0.059,0.064
5.10000e-04,-0.055,0.062
5.20000e-04,-0.055,0.06
5.30000e-04,-0.061,0.064
5.40000e-04,-0.061,0.064
5.50000e-04,-0.059,0.06
5.60000e-04,-0.061,0.064
5.70000e-04,-0.055,0.06
5.80000e-04,-0.065,0.068
5.90000e-04,-0.059,0.06
6.00000e-04,-0.061,0.066
6.10000e-04,-0.055,0.06
6.20000e-04,-0.053,0.058
6.30000e-04,-0.059,0.064
6.40000e-04,-0.037,0.042
6.50000e-04,-0.061,0.064
6.60000e-04,-0.049,0.058
6.70000e-04,-0.061,0.062
6.80000e-04,-0.059,0.062
6.90000e-04,-0.059,0.062
7.00000e-04,-0.059,0.064
7.10000e-04,-0.059,0.06
7.20000e-04,-0.055,0.06
7.30000e-04,-0.057,0.06
7.40000e-04,-0.061,0.062
7.50000e-04,-0.053,0.06
7.60000e-04,-0.057,0.064
7.70000e-04,-0.063,0.062
7.80000e-04,-0.055,0.056
7.90000e-04,-0.055,0.06
8.00000e-04,-0.063,0.066
8.10000e-04,-0.055,0.06
8.20000e-04,-0.055,0.06
8.30000e-04,-0.051,0.05
8.40000e-04,-0.059,0.064
8.50000e-04,-0.053,0.058
8.60000e-04,-0.063,0.064
8.70000e-04,-0.063,0.062
8.80000e-04,-0.047,0.05
8.90000e-04,-0.059,0.064
9.00000e-04,-0.061,0.064
9.10000e-04,-0.061,0.064
9.20000e-04,-0.055,0.056
9.30000e-04,-0.057,0.06
9.40000e-04,-0.059,0.068
9.50000e-04,-0.051,0.056
9.60000e-04,-0.059,0.06
9.70000e-04,-0.057,0.062
9.80000e-04,-0.061,0.06
9.90000e-04,-0.057,0.06
1.00000e-03,-0.059,0.062
1.01000e-03,-0.059,0.062
1.02000e-03,-0.063,0.062
1.03000e-03,-0.059,0.066
1.04000e-03,-0.057,0.06
1.05000e-03,-0.061,0.062
1.06000e-03,-0.057,0.062
1.07000e-03,-0.059,0.062
1.08000e-03,-0.063,0.064
1.09000e-03,-0.061,0.062
1.10000e-03,-0.063,0.064
1.11000e-03,-0.051,0.056
1.12000e-03,-0.059,0.06
1.13000e-03,-0.061,0.066
1.14000e-03,-0.063,0.064
1.15000e-03,-0.061,0.062
1.16000e-03,-0.063,0.066
1.17000e-03,-0.059,0.064
1.18000e-03,-0.059,0.06
1.19000e-03,-0.061,0.064
1.20000e-03,-0.051,0.06
1.21000e-03,-0.061,0.064
1.22000e-03,-0.055,0.06
1.23000e-03,-0.057,0.06
1.24000e-03,-0.055,0.06
1.25000e-03,-0.061,0.066
1.26000e-03,-0.059,0.062
1.27000e-03,-0.055,0.062
1.28000e-03,-0.061,0.064
1.29000e-03,-0.053,0.052
1.30000e-03,-0.061,0.064
1.31000e-03,-0.051,0.058
1.32000e-03,-0.063,0.068
1.33000e-03,-0.057,0.056
1.34000e-03,-0.059,0.064
1.35000e-03,-0.059,0.062
1.36000e-03,-0.059,0.062
1.37000e-03,-0.061,0.062
1.38000e-03,-0.055,0.064
1.39000e-03,-0.057,0.06
1.40000e-03,-0.061,0.062
1.41000e-03,-0.059,0.06
1.42000e-03,-0.061,0.064
1.43000e-03,-0.055,0.06
1.44000e-03,-0.061,0.064
1.45000e-03,-0.049,0.054
1.46000e-03,-0.057,0.064
1.47000e-03,-0.061,0.066
1.48000e-03,-0.055,0.06
1.49000e-03,-0.047,0.05
1.50000e-03,-0.045,0.048
1.51000e-03,-0.055,0.06
1.52000e-03,-0.057,0.058
1.53000e-03,-0.055,0.06
1.54000e-03,-0.053,0.058
1.55000e-03,-0.059,0.062
1.56000e-03,-0.061,0.066
1.57000e-03,-0.055,0.06
1.58000e-03,-0.043,0.048
1.59000e-03,-0.051,0.052
1.60000e-03,-0.061,0.062
1.61000e-03,-0.061,0.064
1.62000e-03,-0.065,0.064
1.63000e-03,-0.063,0.066
1.64000e-03,-0.059,0.066
1.65000e-03,-0.057,0.064
1.66000e-03,-0.057,0.06
1.67000e-03,-0.055,0.06
1.68000e-03,-0.061,0.062
1.69000e-03,-0.059,0.064
1.70000e-03,-0.059,0.064
1.71000e-03,-0.059,0.06
1.72000e-03,-0.061,0.062
1.73000e-03,-0.057,0.062
1.74000e-03,-0.063,0.06
1.75000e-03,-0.041,0.048
1.76000e-03,-0.063,0.062
1.77000e-03,-0.059,0.062
1.78000e-03,-0.061,0.066
1.79000e-03,-0.061,0.062
1.80000e-03,-0.059,0.062
1.81000e-03,-0.061,0.062
1.82000e-03,-0.055,0.06
1.83000e-03,-0.059,0.062
1.84000e-03,-0.057,0.06
1.85000e-03,-0.057,0.06
1.86000e-03,-0.061,0.06
1.87000e-03,-0.061,0.068
1.88000e-03,-0.061,0.06
1.89000e-03,-0.063,0.062
1.90000e-03,-0.059,0.066
1.91000e-03,-0.055,0.06
1.92000e-03,-0.063,0.064
1.93000e-03,-0.059,0.06
1.94000e-03,-0.055,0.06
1.95000e-03,-0.049,0.054
1.96000e-03,-0.051,0.056
1.97000e-03,-0.049,0.054
1.98000e-03,-0.055,0.06
1.99000e-03,-0.057,0.06
2.00000e-03,-0.053,0.06
2.01000e-03,-0.049,0.054
2.02000e-03,-0.047,0.052
2.03000e-03,-0.043,0.048
2.04000e-03,-0.053,0.06
2.05000e-03,-0.059,0.06
2.06000e-03,-0.063,0.06
2.07000e-03,-0.059,0.064
2.08000e-03,-0.061,0.06
2.09000e-03,-0.059,0.062
2.10000e-03,-0.059,0.062
2.11000e-03,-0.063,0.062
2.12000e-03,-0.061,0.062
2.13000e-03,-0.057,0.06
2.14000e-03,-0.061,0.06
2.15000e-03,-0.055,0.06
2.16000e-03,-0.061,0.062
2.17000e-03,-0.057,0.06
2.18000e-03,-0.063,0.064
2.19000e-03,-0.059,0.062
2.20000e-03,-0.059,0.06
2.21000e-03,-0.059,0.066
2.22000e-03,-0.043,0.05
2.23000e-03,-0.055,0.06
2.24000e-03,-0.059,0.064
2.25000e-03,-0.055,0.058
2.26000e-03,-0.059,0.06
2.27000e-03,-0.045,0.048
2.28000e-03,-0.059,0.062
2.29000e-03,-0.061,0.066
2.30000e-03,-0.063,0.064
2.31000e-03,-0.057,0.064
2.32000e-03,-0.061,0.062
2.33000e-03,-0.061,0.064
2.34000e-03,-0.057,0.064
2.35000e-03,-0.063,0.064
2.36000e-03,-0.059,0.064
2.37000e-03,-0.057,0.06
2.38000e-03,-0.061,0.064
2.39000e-03,-0.059,0.062
2.40000e-03,-0.059,0.064
2.41000e-03,-0.049,0.056
2.42000e-03,-0.061,0.064
2.43000e-03,-0.051,0.052
2.44000e-03,-0.059,0.06
2.45000e-03,-0.047,0.058
2.46000e-03,-0.059,0.066
2.47000e-03,-0.053,0.06
2.48000e-03,-0.059,0.064
2.49000e-03,-0.059,0.064
2.50000e-03,-0.055,0.06
2.51000e-03,-0.061,0.062
2.52000e-03,-0.059,0.062
2.53000e-03,-0.059,0.06
2.54000e-03,-0.061,0.062
2.55000e-03,-0.063,0.066
2.56000e-03,-0.057,0.062
2.57000e-03,-0.061,0.062
2.58000e-03,-0.063,0.064
2.59000e-03,-0.059,0.064
2.60000e-03,-0.057,0.06
2.61000e-03,-0.059,0.062
2.62000e-03,-0.053,0.062
2.63000e-03,-0.055,0.06
2.64000e-03,-0.061,0.062
2.65000e-03,-0.057,0.06
2.66000e-03,-0.061,0.064
2.67000e-03,-0.059,0.064
2.68000e-03,-0.055,0.06
2.69000e-03,-0.061,0.064
2.70000e-03,-0.057,0.058
2.71000e-03,-0.059,0.064
2.72000e-03,-0.061,0.06
2.73000e-03,-0.061,0.062
2.74000e-03,-0.061,0.064
2.75000e-03,-0.055,0.06
2.76000e-03,-0.059,0.062
2.77000e-03,-0.045,0.052
2.78000e-03,-0.059,0.062
2.79000e-03,-0.045,0.054
2.80000e-03,-0.063,0.064
2.81000e-03,-0.045,0.054
2.82000e-03,-0.055,0.058
2.83000e-03,-0.055,0.064
2.84000e-03,-0.057,0.062
2.85000e-03,-0.061,0.066
2.86000e-03,-0.059,0.06
2.87000e-03,-0.057,0.062
2.88000e-03,-0.061,0.064
2.89000e-03,-0.059,0.064
2.90000e-03,-0.061,0.06
2.91000e-03,-0.059,0.062
2.92000e-03,-0.061,0.062
2.93000e-03,-0.061,0.062
2.94000e-03,-0.059,0.062
2.95000e-03,-0.057,0.062
2.96000e-03,-0.055,0.06
2.97000e-03,-0.063,0.066
2.98000e-03,-0.051,0.056
2.99000e-03,-0.063,0.064
3.00000e-03,-0.059,0.056
3.01000e-03,-0.057,0.06
3.02000e-03,-0.051,0.054
3.03000e-03,-0.059,0.062
3.04000e-03,-0.051,0.052
3.05000e-03,-0.061,0.064
3.06000e-03,-0.053,0.06
3.07000e-03,-0.057,0.062
3.08000e-03,-0.047,0.052
3.09000e-03,-0.053,0.058
3.10000e-03,-0.045,0.048
3.11000e-03,-0.063,0.06
3.12000e-03,-0.061,0.064
3.13000e-03,-0.061,0.064
3.14000e-03,-0.057,0.06
3.15000e-03,-0.059,0.064
3.16000e-03,-0.061,0.064
3.17000e-03,-0.055,0.06
3.18000e-03,-0.055,0.058
3.19000e-03,-0.047,0.056
3.20000e-03,-0.059,0.064
3.21000e-03,-0.059,0.062
3.22000e-03,-0.061,0.062
3.23000e-03,-0.061,0.06
3.24000e-03,-0.061,0.062
3.25000e-03,-0.057,0.066
3.26000e-03,-0.061,0.062
3.27000e-03,-0.055,0.06
3.28000e-03,-0.059,0.068
3.29000e-03,-0.063,0.062
3.30000e-03,-0.061,0.064
3.31000e-03,-0.059,0.06
3.32000e-03,-0.055,0.06
3.33000e-03,-0.061,0.064
3.34000e-03,-0.059,0.066
3.35000e-03,-0.055,0.06
3.36000e-03,-0.059,0.062
3.37000e-03,-0.065,0.062
3.38000e-03,-0.059,0.06
3.39000e-03,-0.057,0.06
3.40000e-03,-0.061,0.064
3.41000e-03,-0.053,0.058
3.42000e-03,-0.059,0.06
3.43000e-03,-0.049,0.056
3.44000e-03,-0.059,0.06
3.45000e-03,-0.057,0.062
3.46000e-03,-0.059,0.06
3.47000e-03,-0.061,0.06
3.48000e-03,-0.059,0.066
3.49000e-03,-0.055,0.06
3.50000e-03,-0.061,0.064
3.51000e-03,-0.063,0.064
3.52000e-03,-0.057,0.06
3.53000e-03,-0.063,0.062
3.54000e-03,-0.059,0.064
3.55000e-03,-0.059,0.064
3.56000e-03,-0.063,0.064
3.57000e-03,-0.059,0.064
3.58000e-03,-0.061,0.062
3.59000e-03,-0.063,0.066
3.60000e-03,-0.055,0.058
3.61000e-03,-0.059,0.064
3.62000e-03,-0.059,0.064
3.63000e-03,-0.053,0.058
3.64000e-03,-0.065,0.064
3.65000e-03,-0.055,0.054
3.66000e-03,-0.061,0.062
3.67000e-03,-0.059,0.066
3.68000e-03,-0.061,0.064
3.69000e-03,-0.055,0.058
3.70000e-03,-0.057,0.062
3.71000e-03,-0.061,0.062
3.72000e-03,-0.061,0.064
3.73000e-03,-0.061,0.064
3.74000e-03,-0.063,0.06
3.75000e-03,-0.061,0.064
3.76000e-03,-0.057,0.06
3.77000e-03,-0.061,0.064
3.78000e-03,-0.061,0.066
3.79000e-03,-0.055,0.06
3.80000e-03,-0.061,0.06
3.81000e-03,-0.061,0.064
3.82000e-03,-0.057,0.064
3.83000e-03,-0.053,0.058
3.84000e-03,-0.055,0.058
3.85000e-03,-0.055,0.056
3.86000e-03,-0.063,0.062
3.87000e-03,-0.055,0.064
3.88000e-03,-0.061,0.062
3.89000e-03,-0.055,0.06
3.90000e-03,-0.059,0.064
3.91000e-03,-0.059,0.062
3.92000e-03,-0.055,0.056
3.93000e-03,-0.057,0.066
3.94000e-03,-0.059,0.06
3.95000e-03,-0.057,0.064
3.96000e-03,-0.057,0.062
3.97000e-03,-0.053,0.058
3.98000e-03,-0.061,0.062
3.99000e-03,-0.055,0.06
4.00000e-03,-0.057,0.06
4.01000e-03,-0.059,0.062
4.02000e-03,-0.061,0.062
4.03000e-03,-0.057,0.06
4.04000e-03,-0.059,0.062
4.05000e-03,-0.055,0.06
4.06000e-03,-0.063,0.064
4.07000e-03,-0.053,0.06
4.08000e-03,-0.059,0.06
4.09000e-03,-0.057,0.064
4.10000e-03,-0.059,0.064
4.11000e-03,-0.053,0.058
4.12000e-03,-0.061,0.064
4.13000e-03,-0.059,0.062
4.14000e-03,-0.057,0.06
4.15000e-03,-0.061,0.062
4.16000e-03,-0.061,0.066
4.17000e-03,-0.059,0.062
4.18000e-03,-0.061,0.066
4.19000e-03,-0.063,0.062
4.20000e-03,-0.061,0.064
4.21000e-03,-0.057,0.062
4.22000e-03,-0.059,0.064
4.23000e-03,-0.057,0.062
4.24000e-03,-0.063,0.068
4.25000e-03,-0.037,0.044
4.26000e-03,-0.061,0.064
4.27000e-03,-0.043,0.05
4.28000e-03,-0.059,0.062
4.29000e-03,-0.059,0.064
4.30000e-03,-0.055,0.062
4.31000e-03,-0.053,0.06
4.32000e-03,-0.053,0.06
4.33000e-03,-0.055,0.06
4.34000e-03,-0.053,0.056
4.35000e-03,-0.061,0.064
4.36000e-03,-0.053,0.06
4.37000e-03,-0.057,0.064
4.38000e-03,-0.053,0.056
4.39000e-03,-0.063,0.066
4.40000e-03,-0.047,0.05
4.41000e-03,-0.059,0.062
4.42000e-03,-0.055,0.056
4.43000e-03,-0.051,0.054
4.44000e-03,-0.061,0.06
4.45000e-03,-0.061,0.064
4.46000e-03,-0.063,0.062
4.47000e-03,-0.053,0.054
4.48000e-03,-0.061,0.062
4.49000e-03,-0.059,0.06
4.50000e-03,-0.061,0.066
4.51000e-03,-0.061,0.062
4.52000e-03,-0.061,0.064
4.53000e-03,-0.059,0.064
4.54000e-03,-0.053,0.056
4.55000e-03,-0.055,0.06
4.56000e-03,-0.057,0.058
4.57000e-03,-0.057,0.064
4.58000e-03,-0.059,0.062
4.59000e-03,-0.053,0.056
4.60000e-03,-0.057,0.064
4.61000e-03,-0.061,0.064
4.62000e-03,-0.057,0.062
4.63000e-03,-0.055,0.058
4.64000e-03,-0.055,0.06
4.65000e-03,-0.061,0.062
4.66000e-03,-0.059,0.06
4.67000e-03,-0.063,0.066
4.68000e-03,-0.063,0.064
4.69000e-03,-0.055,0.06
4.70000e-03,-0.059,0.06
4.71000e-03,-0.053,0.058
4.72000e-03,-0.055,0.056
4.73000e-03,-0.055,0.062
4.74000e-03,-0.053,0.056
4.75000e-03,-0.057,0.06
4.76000e-03,-0.047,0.054
4.77000e-03,-0.055,0.058
4.78000e-03,-0.059,0.062
4.79000e-03,-0.061,0.066
4.80000e-03,-0.057,0.062
4.81000e-03,-0.059,0.066
4.82000e-03,-0.053,0.06
4.83000e-03,-0.057,0.066
4.84000e-03,-0.061,0.066
4.85000e-03,-0.061,0.064
4.86000e-03,-0.051,0.058
4.87000e-03,-0.057,0.064
4.88000e-03,-0.051,0.058
4.89000e-03,-0.059,0.064
4.90000e-03,-0.059,0.064
4.91000e-03,-0.057,0.066
4.92000e-03,-0.057,0.062
4.93000e-03,-0.051,0.05
4.94000e-03,-0.059,0.06
4.95000e-03,-0.053,0.06
4.96000e-03,-0.059,0.06
4.97000e-03,-0.045,0.054
4.98000e-03,-0.057,0.062
4.99000e-03,-0.061,0.064
5.00000e-03,-0.059,0.066
5.01000e-03,-0.061,0.06
5.02000e-03,-0.059,0.064
5.03000e-03,-0.061,0.06
5.04000e-03,-0.059,0.062
5.05000e-03,-0.051,0.054
5.06000e-03,-0.059,0.062
5.07000e-03,-0.061,0.062
5.08000e-03,-0.059,0.064
5.09000e-03,-0.053,0.058
5.10000e-03,-0.059,0.06
5.11000e-03,-0.049,0.056
5.12000e-03,-0.047,0.052
5.13000e-03,-0.059,0.062
5.14000e-03,-0.059,0.062
5.15000e-03,-0.061,0.066
5.16000e-03,-0.061,0.06
5.17000e-03,-0.059,0.064
5.18000e-03,-0.059,0.06
5.19000e-03,-0.051,0.058
5.20000e-03,-0.061,0.06
5.21000e-03,-0.053,0.056
5.22000e-03,-0.061,0.066
5.23000e-03,-0.051,0.056
5.24000e-03,-0.061,0.064
5.25000e-03,-0.057,0.062
5.26000e-03,-0.061,0.062
5.27000e-03,-0.063,0.064
5.28000e-03,-0.063,0.062
5.29000e-03,-0.059,0.064
5.30000e-03,-0.063,0.066
5.31000e-03,-0.059,0.062
5.32000e-03,-0.059,0.066
5.33000e-03,-0.063,0.064
5.34000e-03,-0.059,0.062
5.35000e-03,-0.049,0.054
5.36000e-03,-0.057,0.062
5.37000e-03,-0.057,0.062
5.38000e-03,-0.061,0.064
5.39000e-03,-0.055,0.064
5.40000e-03,-0.055,0.062
5.41000e-03,-0.055,0.062
5.42000e-03,-0.059,0.06
5.43000e-03,-0.059,0.062
5.44000e-03,-0.051,0.058
5.45000e-03,-0.063,0.062
5.46000e-03,-0.043,0.052
5.47000e-03,-0.063,0.062
5.48000e-03,-0.053,0.058
5.49000e-03,-0.061,0.064
5.50000e-03,-0.049,0.052
5.51000e-03,-0.063,0.064
5.52000e-03,-0.049,0.05
5.53000e-03,-0.059,0.062
5.54000e-03,-0.055,0.06
5.55000e-03,-0.061,0.064
5.56000e-03,-0.059,0.066
5.57000e-03,-0.059,0.064
5.58000e-03,-0.059,0.064
5.59000e-03,-0.059,0.06
5.60000e-03,-0.061,0.064
5.61000e-03,-0.061,0.064
5.62000e-03,-0.055,0.06
5.63000e-03,-0.061,0.064
5.64000e-03,-0.055,0.06
5.65000e-03,-0.057,0.066
5.66000e-03,-0.061,0.062
5.67000e-03,-0.057,0.062
5.68000e-03,-0.061,0.064
5.69000e-03,-0.061,0.064
5.70000e-03,-0.049,0.054
5.71000e-03,-0.061,0.064
5.72000e-03,-0.055,0.058
5.73000e-03,-0.053,0.056
5.74000e-03,-0.053,0.058
5.75000e-03,-0.059,0.066
5.76000e-03,-0.059,0.062
5.77000e-03,-0.059,0.064
5.78000e-03,-0.063,0.062
5.79000e-03,-0.063,0.062
5.80000e-03,-0.061,0.064
5.81000e-03,-0.061,0.06
5.82000e-03,-0.057,0.06
5.83000e-03,-0.059,0.062
5.84000e-03,-0.061,0.062
5.85000e-03,-0.053,0.056
5.86000e-03,-0.063,0.064
5.87000e-03,-0.057,0.062
5.88000e-03,-0.061,0.064
5.89000e-03,-0.059,0.064
5.90000e-03,-0.061,0.064
5.91000e-03,-0.059,0.064
5.92000e-03,-0.059,0.06
5.93000e-03,-0.057,0.06
5.94000e-03,-0.051,0.056
5.95000e-03,-0.061,0.062
5.96000e-03,-0.057,0.06
5.97000e-03,-0.061,0.066
5.98000e-03,-0.059,0.06
5.99000e-03,-0.055,0.06
6.00000e-03,-0.061,0.066
6.01000e-03,-0.061,0.06
6.02000e-03,-0.055,0.06
6.03000e-03,-0.063,0.06
6.04000e-03,-0.059,0.06
6.05000e-03,-0.055,0.058
6.06000e-03,-0.059,0.066
6.07000e-03,-0.055,0.058
6.08000e-03,-0.049,0.056
6.09000e-03,-0.061,0.064
6.10000e-03,-0.051,0.054
6.11000e-03,-0.061,0.062
6.12000e-03,-0.039,0.048
6.13000e-03,-0.065,0.066
6.14000e-03,-0.057,0.06
6.15000e-03,-0.055,0.06
6.16000e-03,-0.049,0.054
6.17000e-03,-0.051,0.058
6.18000e-03,-0.059,0.06
6.19000e-03,-0.057,0.06
6.20000e-03,-0.059,0.066
6.21000e-03,-0.061,0.064
6.22000e-03,-0.055,0.06
6.23000e-03,-0.059,0.066
6.24000e-03,-0.063,0.062
6.25000e-03,-0.059,0.066
6.26000e-03,-0.063,0.064
6.27000e-03,-0.057,0.06
6.28000e-03,-0.059,0.06
6.29000e-03,-0.059,0.06
6.30000e-03,-0.057,0.06
6.31000e-03,-0.055,0.06
6.32000e-03,-0.041,0.048
6.33000e-03,-0.063,0.064
6.34000e-03,-0.061,0.064
6.35000e-03,-0.061,0.064
6.36000e-03,-0.055,0.06
6.37000e-03,-0.059,0.064
6.38000e-03,-0.061,0.064
6.39000e-03,-0.059,0.062
6.40000e-03,-0.061,0.062
6.41000e-03,-0.057,0.06
6.42000e-03,-0.051,0.06
6.43000e-03,-0.057,0.06
6.44000e-03,-0.059,0.062
6.45000e-03,-0.061,0.062
6.46000e-03,-0.057,0.06
6.47000e-03,-0.055,0.06
6.48000e-03,-0.043,0.054
6.49000e-03,-0.059,0.062
6.50000e-03,-0.051,0.06
6.51000e-03,-0.059,0.062
6.52000e-03,-0.059,0.066
6.53000e-03,-0.061,0.066
6.54000e-03,-0.059,0.06
6.55000e-03,-0.059,0.064
6.56000e-03,-0.061,0.066
6.57000e-03,-0.053,0.058
6.58000e-03,-0.061,0.064
6.59000e-03,-0.049,0.054
6.60000e-03,-0.059,0.062
6.61000e-03,-0.045,0.048
6.62000e-03,-0.057,0.064
6.63000e-03,-0.045,0.052
6.64000e-03,-0.049,0.058
6.65000e-03,-0.059,0.06
6.66000e-03,-0.057,0.062
6.67000e-03,-0.061,0.066
6.68000e-03,-0.059,0.062
6.69000e-03,-0.061,0.064
6.70000e-03,-0.059,0.06
6.71000e-03,-0.063,0.062
6.72000e-03,-0.055,0.062
6.73000e-03,-0.061,0.06
6.74000e-03,-0.061,0.062
6.75000e-03,-0.055,0.06
6.76000e-03,-0.059,0.06
6.77000e-03,-0.063,0.064
6.78000e-03,-0.059,0.062
6.79000e-03,-0.061,0.062
6.80000e-03,-0.053,0.056
6.81000e-03,-0.059,0.062
6.82000e-03,-0.051,0.058
6.83000e-03,-0.057,0.06
6.84000e-03,-0.039,0.05
6.85000e-03,-0.061,0.064
6.86000e-03,-0.059,0.06
6.87000e-03,-0.057,0.062
6.88000e-03,-0.053,0.06
6.89000e-03,-0.061,0.068
6.90000e-03,-0.047,0.056
6.91000e-03,-0.057,0.062
6.92000e-03,-0.051,0.056
6.93000e-03,-0.057,0.06
6.94000e-03,-0.057,0.062
6.95000e-03,-0.055,0.062
6.96000e-03,-0.057,0.064
6.97000e-03,-0.057,0.062
6.98000e-03,-0.061,0.06
6.99000e-03,-0.061,0.064
7.00000e-03,-0.061,0.062
7.01000e-03,-0.061,0.064
7.02000e-03,-0.051,0.056
7.03000e-03,-0.061,0.062
7.04000e-03,-0.057,0.06
7.05000e-03,-0.061,0.064
7.06000e-03,-0.057,0.064
7.07000e-03,-0.063,0.062
7.08000e-03,-0.063,0.068
7.09000e-03,-0.063,0.062
7.10000e-03,-0.051,0.056
7.11000e-03,-0.059,0.062
7.12000e-03,-0.055,0.058
7.13000e-03,-0.061,0.06
7.14000e-03,-0.053,0.054
7.15000e-03,-0.049,0.058
7.16000e-03,-0.059,0.06
7.17000e-03,-0.059,0.064
7.18000e-03,-0.055,0.06
7.19000e-03,-0.059,0.062
7.20000e-03,-0.059,0.06
7.21000e-03,-0.057,0.06
7.22000e-03,-0.063,0.062
7.23000e-03,-0.057,0.06
7.24000e-03,-0.057,0.06
7.25000e-03,-0.061,0.068
7.26000e-03,-0.057,0.062
7.27000e-03,-0.053,0.06
7.28000e-03,-0.059,0.06
7.29000e-03,-0.061,0.066
7.30000e-03,-0.063,0.062
7.31000e-03,-0.055,0.062
7.32000e-03,-0.059,0.066
7.33000e-03,-0.059,0.06
7.34000e-03,-0.061,0.06
7.35000e-03,-0.059,0.064
7.36000e-03,-0.065,0.068
7.37000e-03,-0.059,0.064
7.38000e-03,-0.061,0.062
7.39000e-03,-0.061,0.06
7.40000e-03,-0.055,0.06
7.41000e-03,-0.057,0.062
7.42000e-03,-0.047,0.048
7.43000e-03,-0.061,0.064
7.44000e-03,-0.053,0.06
7.45000e-03,-0.059,0.062
7.46000e-03,-0.057,0.058
7.47000e-03,-0.055,0.064
7.48000e-03,-0.063,0.066
7.49000e-03,-0.043,0.05
7.50000e-03,-0.053,0.06
7.51000e-03,-0.059,0.062
7.52000e-03,-0.031,0.038
7.53000e-03,-0.065,0.062
7.54000e-03,-0.057,0.06
7.55000e-03,-0.063,0.064
7.56000e-03,-0.055,0.064
7.57000e-03,-0.061,0.064
7.58000e-03,-0.055,0.06
7.59000e-03,-0.057,0.06
7.60000e-03,-0.063,0.064
7.61000e-03,-0.057,0.062
7.62000e-03,-0.059,0.064
7.63000e-03,-0.059,0.062
7.64000e-03,-0.057,0.064
7.65000e-03,-0.055,0.056
7.66000e-03,-0.055,0.06
7.67000e-03,-0.053,0.06
7.68000e-03,-0.061,0.066
7.69000e-03,-0.045,0.05
7.70000e-03,-0.061,0.06
7.71000e-03,-0.051,0.054
7.72000e-03,-0.053,0.056
7.73000e-03,-0.055,0.06
7.74000e-03,-0.057,0.06
7.75000e-03,-0.057,0.062
7.76000e-03,-0.059,0.064
7.77000e-03,-0.059,0.062
7.78000e-03,-0.059,0.066
7.79000e-03,-0.059,0.066
7.80000e-03,-0.059,0.06
7.81000e-03,-0.053,0.056
7.82000e-03,-0.057,0.064
7.83000e-03,-0.057,0.06
7.84000e-03,-0.059,0.064
7.85000e-03,-0.059,0.06
7.86000e-03,-0.059,0.062
7.87000e-03,-0.059,0.06
7.88000e-03,-0.059,0.062
7.89000e-03,-0.059,0.068
7.90000e-03,-0.053,0.06
7.91000e-03,-0.061,0.062
7.92000e-03,-0.057,0.06
7.93000e-03,-0.061,0.068
7.94000e-03,-0.059,0.06
7.95000e-03,-0.059,0.058
7.96000e-03,-0.061,0.064
7.97000e-03,-0.061,0.062
7.98000e-03,-0.061,0.066
7.99000e-03,-0.061,0.064
8.00000e-03,-0.061,0.066
8.01000e-03,-0.061,0.062
8.02000e-03,-0.063,0.062
8.03000e-03,-0.059,0.062
8.04000e-03,-0.051,0.054
8.05000e-03,-0.059,0.064
8.06000e-03,-0.059,0.064
8.07000e-03,-0.045,0.048
8.08000e-03,-0.061,0.062
8.09000e-03,-0.059,0.056
8.10000e-03,-0.063,0.062
8.11000e-03,-0.047,0.054
8.12000e-03,-0.061,0.062
8.13000e-03,-0.049,0.054
8.14000e-03,-0.057,0.062
8.15000e-03,-0.057,0.06
8.16000e-03,-0.059,0.06
8.17000e-03,-0.051,0.06
8.18000e-03,-0.065,0.064
8.19000e-03,-0.059,0.064
8.20000e-03,-0.059,0.062
8.21000e-03,-0.059,0.064
8.22000e-03,-0.061,0.064
8.23000e-03,-0.061,0.064
8.24000e-03,-0.055,0.062
8.25000e-03,-0.061,0.06
8.26000e-03,-0.059,0.064
8.27000e-03,-0.051,0.056
8.28000e-03,-0.061,0.06
8.29000e-03,-0.049,0.056
8.30000e-03,-0.059,0.062
8.31000e-03,-0.057,0.062
8.32000e-03,-0.057,0.06
8.33000e-03,-0.059,0.062
8.34000e-03,-0.055,0.06
8.35000e-03,-0.059,0.06
8.36000e-03,-0.057,0.062
8.37000e-03,-0.059,0.064
8.38000e-03,-0.057,0.064
8.39000e-03,-0.061,0.064
8.40000e-03,-0.061,0.062
8.41000e-03,-0.055,0.06
8.42000e-03,-0.057,0.062
8.43000e-03,-0.049,0.054
8.44000e-03,-0.057,0.06
8.45000e-03,-0.055,0.064
8.46000e-03,-0.053,0.06
8.47000e-03,-0.059,0.064
8.48000e-03,-0.059,0.066
8.49000e-03,-0.041,0.052
8.50000e-03,-0.059,0.06
8.51000e-03,-0.057,0.062
8.52000e-03,-0.061,0.064
8.53000e-03,-0.063,0.064
8.54000e-03,-0.061,0.066
8.55000e-03,-0.057,0.06
8.56000e-03,-0.059,0.064
8.57000e-03,-0.059,0.062
8.58000e-03,-0.061,0.064
8.59000e-03,-0.057,0.06
8.60000e-03,-0.047,0.048
8.61000e-03,-0.057,0.066
8.62000e-03,-0.063,0.062
8.63000e-03,-0.053,0.056
8.64000e-03,-0.059,0.066
8.65000e-03,-0.055,0.06
8.66000e-03,-0.061,0.064
8.67000e-03,-0.045,0.052
8.68000e-03,-0.055,0.06
8.69000e-03,-0.057,0.06
8.70000e-03,-0.063,0.064
8.71000e-03,-0.047,0.054
8.72000e-03,-0.061,0.062
8.73000e-03,-0.059,0.06
8.74000e-03,-0.059,0.064
8.75000e-03,-0.045,0.05
8.76000e-03,-0.057,0.064
8.77000e-03,-0.055,0.056
8.78000e-03,-0.059,0.068
8.79000e-03,-0.059,0.062
8.80000e-03,-0.059,0.068
8.81000e-03,-0.055,0.056
8.82000e-03,-0.057,0.062
8.83000e-03,-0.059,0.062
8.84000e-03,-0.061,0.064
8.85000e-03,-0.061,0.062
8.86000e-03,-0.059,0.062
8.87000e-03,-0.059,0.064
8.88000e-03,-0.057,0.06
8.89000e-03,-0.057,0.06
8.90000e-03,-0.057,0.062
8.91000e-03,-0.063,0.064
8.92000e-03,-0.061,0.062
8.93000e-03,-0.057,0.06
8.94000e-03,-0.051,0.054
8.95000e-03,-0.059,0.064
8.96000e-03,-0.061,0.062
8.97000e-03,-0.061,0.062
8.98000e-03,-0.061,0.062
8.99000e-03,-0.059,0.064
9.00000e-03,-0.059,0.064
9.01000e-03,-0.059,0.064
9.02000e-03,-0.063,0.066
9.03000e-03,-0.057,0.062
9.04000e-03,-0.061,0.064
9.05000e-03,-0.041,0.05
9.06000e-03,-0.061,0.062
9.07000e-03,-0.059,0.06
9.08000e-03,-0.059,0.062
9.09000e-03,-0.061,0.062
9.10000e-03,-0.061,0.062
9.11000e-03,-0.057,0.06
9.12000e-03,-0.061,0.068
9.13000e-03,-0.061,0.062
9.14000e-03,-0.057,0.06
9.15000e-03,-0.057,0.066
9.16000e-03,-0.057,0.06
9.17000e-03,-0.055,0.06
9.18000e-03,-0.061,0.062
9.19000e-03,-0.055,0.062
9.20000e-03,-0.059,0.064
9.21000e-03,-0.059,0.064
9.22000e-03,-0.055,0.062
9.23000e-03,-0.057,0.064
9.24000e-03,-0.059,0.064
9.25000e-03,-0.063,0.068
9.26000e-03,-0.055,0.062
9.27000e-03,-0.061,0.064
9.28000e-03,-0.049,0.056
9.29000e-03,-0.063,0.064
9.30000e-03,-0.059,0.064
9.31000e-03,-0.057,0.06
9.32000e-03,-0.049,0.06
9.33000e-03,-0.061,0.064
9.34000e-03,-0.057,0.06
9.35000e-03,-0.061,0.064
9.36000e-03,-0.057,0.06
9.37000e-03,-0.063,0.064
9.38000e-03,-0.045,0.05
9.39000e-03,-0.059,0.064
9.40000e-03,-0.059,0.06
9.41000e-03,-0.059,0.062
9.42000e-03,-0.061,0.062
9.43000e-03,-0.053,0.058
9.44000e-03,-0.057,0.064
9.45000e-03,-0.055,0.06
9.46000e-03,-0.061,0.064
9.47000e-03,-0.053,0.06
9.48000e-03,-0.059,0.062
9.49000e-03,-0.053,0.06
9.50000e-03,-0.043,0.048
9.51000e-03,-0.061,0.064
9.52000e-03,-0.055,0.06
9.53000e-03,-0.057,0.06
9.54000e-03,-0.061,0.062
9.55000e-03,-0.053,0.056
9.56000e-03,-0.063,0.062
9.57000e-03,-0.053,0.058
9.58000e-03,-0.063,0.064
9.59000e-03,-0.053,0.06
9.60000e-03,-0.061,0.06
9.61000e-03,-0.045,0.052
9.62000e-03,-0.061,0.064
9.63000e-03,-0.061,0.064
9.64000e-03,-0.057,0.066
9.65000e-03,-0.061,0.068
9.66000e-03,-0.057,0.058
9.67000e-03,-0.057,0.064
9.68000e-03,-0.055,0.058
9.69000e-03,-0.061,0.064
9.70000e-03,-0.045,0.048
9.71000e-03,-0.057,0.066
9.72000e-03,-0.041,0.044
9.73000e-03,-0.061,0.062
9.74000e-03,-0.041,0.046
9.75000e-03,-0.061,0.066
9.76000e-03,-0.055,0.058
9.77000e-03,-0.059,0.062
9.78000e-03,-0.051,0.054
9.79000e-03,-0.061,0.06
9.80000e-03,-0.053,0.056
9.81000e-03,-0.061,0.064
9.82000e-03,-0.055,0.058
9.83000e-03,-0.047,0.052
9.84000e-03,-0.059,0.062
9.85000e-03,-0.059,0.06
9.86000e-03,-0.053,0.06
9.87000e-03,-0.043,0.05
9.88000e-03,-0.059,0.062
9.89000e-03,-0.055,0.062
9.90000e-03,-0.057,0.062
9.91000e-03,-0.059,0.064
9.92000e-03,-0.059,0.06
9.93000e-03,-0.061,0.064
9.94000e-03,-0.061,0.06
9.95000e-03,-0.059,0.064
9.96000e-03,-0.061,0.064
9.97000e-03,-0.063,0.066
9.98000e-03,-0.061,0.064
9.99000e-03,-0.059,0.062
1.00000e-02,-0.055,0.056
1.00100e-02,-0.061,0.064
1.00200e-02,-0.055,0.06
1.00300e-02,-0.057,0.064
1.00400e-02,-0.053,0.058
1.00500e-02,-0.057,0.06
1.00600e-02,-0.061,0.064
1.00700e-02,-0.059,0.066
1.00800e-02,-0.061,0.064
1.00900e-02,-0.063,0.064
1.01000e-02,-0.059,0.066
1.01100e-02,-0.059,0.062
1.01200e-02,-0.059,0.06
1.01300e-02,-0.055,0.06
1.01400e-02,-0.059,0.062
1.01500e-02,-0.059,0.064
1.01600e-02,-0.043,0.05
1.01700e-02,-0.057,0.062
1.01800e-02,-0.055,0.06
1.01900e-02,-0.059,0.062
1.02000e-02,-0.063,0.06
1.02100e-02,-0.059,0.064
1.02200e-02,-0.063,0.064
1.02300e-02,-0.063,0.064
1.02400e-02,-0.061,0.066
1.02500e-02,-0.059,0.064
1.02600e-02,-0.057,0.06
1.02700e-02,-0.053,0.06
1.02800e-02,-0.061,0.064
1.02900e-02,-0.061,0.064
1.03000e-02,-0.055,0.058
1.03100e-02,-0.049,0.056
1.03200e-02,-0.053,0.06
1.03300e-02,-0.055,0.058
1.03400e-02,-0.053,0.06
1.03500e-02,-0.061,0.062
1.03600e-02,-0.055,0.06
1.03700e-02,-0.063,0.062
1.03800e-02,-0.059,0.06
1.03900e-02,-0.061,0.064
1.04000e-02,-0.061,0.06
1.04100e-02,-0.061,0.066
1.04200e-02,-0.057,0.064
1.04300e-02,-0.057,0.06
1.04400e-02,-0.057,0.064
1.04500e-02,-0.063,0.064
1.04600e-02,-0.061,0.064
1.04700e-02,-0.055,0.06
1.04800e-02,-0.061,0.06
1.04900e-02,-0.051,0.056
1.05000e-02,-0.061,0.062
1.05100e-02,-0.057,0.06
1.05200e-02,-0.051,0.058
1.05300e-02,-0.055,0.06
1.05400e-02,-0.053,0.06
1.05500e-02,-0.063,0.064
1.05600e-02,-0.059,0.064
1.05700e-02,-0.057,0.062
1.05800e-02,-0.057,0.06
1.05900e-02,-0.055,0.058
1.06000e-02,-0.059,0.062
1.06100e-02,-0.051,0.054
1.06200e-02,-0.057,0.064
1.06300e-02,-0.059,0.066
1.06400e-02,-0.061,0.06
1.06500e-02,-0.059,0.062
1.06600e-02,-0.051,0.058
1.06700e-02,-0.061,0.062
1.06800e-02,-0.059,0.062
1.06900e-02,-0.061,0.064
1.07000e-02,-0.061,0.062
1.07100e-02,-0.063,0.066
1.07200e-02,-0.061,0.064
1.07300e-02,-0.057,0.06
1.07400e-02,-0.061,0.064
1.07500e-02,-0.057,0.06
1.07600e-02,-0.061,0.062
1.07700e-02,-0.061,0.064
1.07800e-02,-0.061,0.066
1.07900e-02,-0.063,0.064
1.08000e-02,-0.061,0.064
1.08100e-02,-0.061,0.064
1.08200e-02,-0.059,0.062
1.08300e-02,-0.059,0.062
1.08400e-02,-0.057,0.06
1.08500e-02,-0.057,0.062
1.08600e-02,-0.049,0.054
1.08700e-02,-0.063,0.064
1.08800e-02,-0.057,0.064
1.08900e-02,-0.063,0.064
1.09000e-02,-0.059,0.062
1.09100e-02,-0.053,0.054
1.09200e-02,-0.057,0.064
1.09300e-02,-0.057,0.058
1.09400e-02,-0.051,0.062
1.09500e-02,-0.061,0.06
1.09600e-02,-0.057,0.062
1.09700e-02,-0.057,0.06
1.09800e-02,-0.057,0.06
1.09900e-02,-0.053,0.06
1.10000e-02,-0.061,0.064
1.10100e-02,-0.059,0.062
1.10200e-02,-0.063,0.064
1.10300e-02,-0.059,0.062
1.10400e-02,-0.059,0.062
1.10500e-02,-0.051,0.058
1.10600e-02,-0.061,0.062
1.10700e-02,-0.059,0.064
1.10800e-02,-0.063,0.068
1.10900e-02,-0.065,0.068
1.11000e-02,-0.061,0.062
1.11100e-02,-0.059,0.066
1.11200e-02,-0.061,0.062
1.11300e-02,-0.057,0.064
1.11400e-02,-0.061,0.064
1.11500e-02,-0.059,0.068
1.11600e-02,-0.057,0.06
1.11700e-02,-0.061,0.068
1.11800e-02,-0.059,0.062
1.11900e-02,-0.061,0.064
1.12000e-02,-0.059,0.062
1.12100e-02,-0.057,0.06
1.12200e-02,-0.061,0.064
1.12300e-02,-0.057,0.062
1.12400e-02,-0.057,0.062
1.12500e-02,-0.061,0.064
1.12600e-02,-0.051,0.056
1.12700e-02,-0.061,0.064
1.12800e-02,-0.059,0.056
1.12900e-02,-0.065,0.064
1.13000e-02,-0.057,0.064
1.13100e-02,-0.059,0.062
1.13200e-02,-0.059,0.066
1.13300e-02,-0.057,0.06
1.13400e-02,-0.059,0.062
1.13500e-02,-0.055,0.058
1.13600e-02,-0.059,0.064
1.13700e-02,-0.061,0.062
1.13800e-02,-0.055,0.06
1.13900e-02,-0.057,0.068
1.14000e-02,-0.057,0.058
1.14100e-02,-0.057,0.06
1.14200e-02,-0.049,0.054
1.14300e-02,-0.049,0.054
1.14400e-02,-0.043,0.048
1.14500e-02,-0.055,0.06
1.14600e-02,-0.057,0.062
1.14700e-02,-0.061,0.062
1.14800e-02,-0.057,0.062
1.14900e-02,-0.057,0.062
1.15000e-02,-0.061,0.064
1.15100e-02,-0.061,0.064
1.15200e-02,-0.051,0.056
1.15300e-02,-0.055,0.06
1.15400e-02,-0.053,0.054
1.15500e-02,-0.057,0.062
1.15600e-02,-0.063,0.06
1.15700e-02,-0.063,0.064
1.15800e-02,-0.063,0.062
1.15900e-02,-0.061,0.064
1.16000e-02,-0.057,0.066
1.16100e-02,-0.061,0.064
1.16200e-02,-0.057,0.06
1.16300e-02,-0.059,0.062
1.16400e-02,-0.053,0.06
1.16500e-02,-0.055,0.06
1.16600e-02,-0.059,0.06
1.16700e-02,-0.061,0.064
1.16800e-02,-0.053,0.06
1.16900e-02,-0.061,0.064
1.17000e-02,-0.059,0.064
1.17100e-02,-0.051,0.058
1.17200e-02,-0.059,0.062
1.17300e-02,-0.055,0.058
1.17400e-02,-0.057,0.058
1.17500e-02,-0.047,0.054
1.17600e-02,-0.059,0.062
1.17700e-02,-0.061,0.064
1.17800e-02,-0.061,0.062
1.17900e-02,-0.059,0.062
1.18000e-02,-0.055,0.058
1.18100e-02,-0.055,0.064
1.18200e-02,-0.057,0.06
1.18300e-02,-0.063,0.066
1.18400e-02,-0.051,0.056
1.18500e-02,-0.059,0.064
1.18600e-02,-0.055,0.06
1.18700e-02,-0.059,0.064
1.18800e-02,-0.049,0.058
1.18900e-02,-0.061,0.062
1.19000e-02,-0.061,0.064
1.19100e-02,-0.053,0.056
1.19200e-02,-0.061,0.062
1.19300e-02,-0.065,0.064
1.19400e-02,-0.057,0.062
1.19500e-02,-0.063,0.062
1.19600e-02,-0.063,0.062
1.19700e-02,-0.057,0.066
1.19800e-02,-0.055,0.058
1.19900e-02,-0.059,0.06
1.20000e-02,-0.057,0.06
1.20100e-02,-0.063,0.062
1.20200e-02,-0.061,0.064
1.20300e-02,-0.061,0.068
1.20400e-02,-0.053,0.06
1.20500e-02,-0.057,0.06
1.20600e-02,-0.061,0.064
1.20700e-02,-0.057,0.062
1.20800e-02,-0.059,0.062
1.20900e-02,-0.059,0.064
1.21000e-02,-0.059,0.062
1.21100e-02,-0.057,0.064
1.21200e-02,-0.061,0.062
1.21300e-02,-0.051,0.056
1.21400e-02,-0.061,0.06
1.21500e-02,-0.059,0.062
1.21600e-02,-0.059,0.064
1.21700e-02,-0.053,0.058
1.21800e-02,-0.055,0.06
1.21900e-02,-0.061,0.064
1.22000e-02,-0.057,0.062
1.22100e-02,-0.053,0.06
1.22200e-02,-0.049,0.05
1.22300e-02,-0.057,0.062
1.22400e-02,-0.053,0.056
1.22500e-02,-0.049,0.052
1.22600e-02,-0.061,0.062
1.22700e-02,-0.057,0.06
1.22800e-02,-0.051,0.058
1.22900e-02,-0.045,0.052
1.23000e-02,-0.051,0.056
1.23100e-02,-0.051,0.058
1.23200e-02,-0.059,0.064
1.23300e-02,-0.057,0.062
1.23400e-02,-0.061,0.062
1.23500e-02,-0.061,0.06
1.23600e-02,-0.061,0.06
1.23700e-02,-0.051,0.058
1.23800e-02,-0.063,0.066
1.23900e-02,-0.059,0.064
1.24000e-02,-0.057,0.062
1.24100e-02,-0.059,0.064
1.24200e-02,-0.063,0.06
1.24300e-02,-0.053,0.058
1.24400e-02,-0.059,0.064
1.24500e-02,-0.059,0.062
1.24600e-02,-0.061,0.064
1.24700e-02,-0.055,0.062
1.24800e-02,-0.059,0.062
1.24900e-02,-0.059,0.064
1.25000e-02,-0.059,0.06
1.25100e-02,-0.061,0.066
1.25200e-02,-0.059,0.064
1.25300e-02,-0.061,0.064
1.25400e-02,-0.061,0.064
1.25500e-02,-0.059,0.062
1.25600e-02,-0.059,0.062
1.25700e-02,-0.055,0.06
1.25800e-02,-0.059,0.062
1.25900e-02,-0.059,0.062
1.26000e-02,-0.059,0.06
1.26100e-02,-0.061,0.06
1.26200e-02,-0.063,0.064
1.26300e-02,-0.061,0.064
1.26400e-02,-0.061,0.064
1.26500e-02,-0.059,0.066
1.26600e-02,-0.061,0.064
1.26700e-02,-0.055,0.06
1.26800e-02,-0.059,0.062
1.26900e-02,-0.059,0.062
1.27000e-02,-0.059,0.062
1.27100e-02,-0.053,0.06
1.27200e-02,-0.059,0.066
1.27300e-02,-0.061,0.066
1.27400e-02,-0.055,0.062
1.27500e-02,-0.059,0.062
1.27600e-02,-0.053,0.06
1.27700e-02,-0.053,0.06
1.27800e-02,-0.049,0.056
1.27900e-02,-0.057,0.062
1.28000e-02,-0.061,0.06
1.28100e-02,-0.059,0.062
1.28200e-02,-0.063,0.064
1.28300e-02,-0.063,0.064
1.28400e-02,-0.063,0.064
1.28500e-02,-0.061,0.064
1.28600e-02,-0.059,0.066
1.28700e-02,-0.061,0.062
1.28800e-02,-0.061,0.064
1.28900e-02,-0.061,0.062
1.29000e-02,-0.059,0.062
1.29100e-02,-0.057,0.06
1.29200e-02,-0.059,0.066
1.29300e-02,-0.057,0.062
1.29400e-02,-0.061,0.066
1.29500e-02,-0.061,0.06
1.29600e-02,-0.049,0.056
1.29700e-02,-0.057,0.062
1.29800e-02,-0.059,0.064
1.29900e-02,-0.059,0.064
1.30000e-02,-0.061,0.06
1.30100e-02,-0.059,0.064
1.30200e-02,-0.059,0.06
1.30300e-02,-0.065,0.064
1.30400e-02,-0.055,0.062
1.30500e-02,-0.061,0.062
1.30600e-02,-0.061,0.066
1.30700e-02,-0.063,0.066
1.30800e-02,-0.059,0.062
1.30900e-02,-0.059,0.06
1.31000e-02,-0.059,0.064
1.31100e-02,-0.057,0.06
1.31200e-02,-0.063,0.064
1.31300e-02,-0.061,0.064
1.31400e-02,-0.057,0.062
1.31500e-02,-0.059,0.066
1.31600e-02,-0.059,0.06
1.31700e-02,-0.061,0.062
1.31800e-02,-0.051,0.06
1.31900e-02,-0.057,0.064
1.32000e-02,-0.049,0.052
1.32100e-02,-0.055,0.06
1.32200e-02,-0.037,0.05
1.32300e-02,-0.043,0.05
1.32400e-02,-0.039,0.042
1.32500e-02,-0.051,0.054
1.32600e-02,-0.055,0.06
1.32700e-02,-0.063,0.064
1.32800e-02,-0.061,0.062
1.32900e-02,-0.059,0.06
1.33000e-02,-0.051,0.056
1.33100e-02,-0.065,0.064
1.33200e-02,-0.059,0.064
1.33300e-02,-0.059,0.064
1.33400e-02,-0.061,0.066
1.33500e-02,-0.041,0.046
1.33600e-02,-0.053,0.056
1.33700e-02,-0.055,0.06
1.33800e-02,-0.061,0.064
1.33900e-02,-0.061,0.064
1.34000e-02,-0.059,0.064
1.34100e-02,-0.059,0.064
1.34200e-02,-0.061,0.064
1.34300e-02,-0.059,0.062
1.34400e-02,-0.059,0.064
1.34500e-02,-0.061,0.064
1.34600e-02,-0.061,0.064
1.34700e-02,-0.059,0.064
1.34800e-02,-0.059,0.064
1.34900e-02,-0.059,0.06
1.35000e-02,-0.063,0.062
1.35100e-02,-0.061,0.062
1.35200e-02,-0.059,0.06
1.35300e-02,-0.057,0.062
1.35400e-02,-0.059,0.064
1.35500e-02,-0.053,0.064
1.35600e-02,-0.051,0.056
1.35700e-02,-0.059,0.062
1.35800e-02,-0.059,0.064
1.35900e-02,-0.059,0.066
1.36000e-02,-0.055,0.058
1.36100e-02,-0.059,0.062
1.36200e-02,-0.059,0.06
1.36300e-02,-0.057,0.066
1.36400e-02,-0.059,0.064
1.36500e-02,-0.055,0.06
1.36600e-02,-0.057,0.06
1.36700e-02,-0.059,0.06
1.36800e-02,-0.063,0.064
1.36900e-02,-0.053,0.06
1.37000e-02,-0.063,0.062
1.37100e-02,-0.061,0.064
1.37200e-02,-0.059,0.066
1.37300e-02,-0.059,0.062
1.37400e-02,-0.061,0.064
1.37500e-02,-0.047,0.054
1.37600e-02,-0.061,0.064
1.37700e-02,-0.055,0.058
1.37800e-02,-0.061,0.064
1.37900e-02,-0.057,0.064
1.38000e-02,-0.059,0.066
1.38100e-02,-0.059,0.06
1.38200e-02,-0.061,0.066
1.38300e-02,-0.059,0.064
1.38400e-02,-0.057,0.06
1.38500e-02,-0.061,0.06
1.38600e-02,-0.063,0.064
1.38700e-02,-0.063,0.064
1.38800e-02,-0.057,0.062
1.38900e-02,-0.059,0.064
1.39000e-02,-0.061,0.064
1.39100e-02,-0.061,0.064
1.39200e-02,-0.061,0.062
1.39300e-02,-0.059,0.064
1.39400e-02,-0.057,0.064
1.39500e-02,-0.059,0.062
1.39600e-02,-0.057,0.066
1.39700e-02,-0.061,0.066
1.39800e-02,-0.057,0.06
1.39900e-02,-0.059,0.06
1.40000e-02,-0.055,0.06
1.40100e-02,-0.057,0.066
1.40200e-02,-0.063,0.062
1.40300e-02,-0.057,0.064
1.40400e-02,-0.061,0.062
1.40500e-02,-0.053,0.058
1.40600e-02,-0.059,0.064
1.40700e-02,-0.053,0.056
1.40800e-02,-0.053,0.056
1.40900e-02,-0.055,0.058
1.41000e-02,-0.061,0.064
1.41100e-02,-0.057,0.062
1.41200e-02,-0.059,0.062
1.41300e-02,-0.053,0.054
1.41400e-02,-0.053,0.058
1.41500e-02,-0.039,0.046
1.41600e-02,-0.051,0.058
1.41700e-02,-0.055,0.06
1.41800e-02,-0.061,0.064
1.41900e-02,-0.055,0.056
1.42000e-02,-0.057,0.058
1.42100e-02,-0.053,0.058
1.42200e-02,-0.061,0.06
1.42300e-02,-0.057,0.064
1.42400e-02,-0.061,0.062
1.42500e-02,-0.059,0.064
1.42600e-02,-0.055,0.064
1.42700e-02,-0.061,0.064
1.42800e-02,-0.061,0.062
1.42900e-02,-0.063,0.064
1.43000e-02,-0.055,0.06
1.43100e-02,-0.059,0.062
1.43200e-02,-0.061,0.06
1.43300e-02,-0.059,0.062
1.43400e-02,-0.061,0.064
1.43500e-02,-0.063,0.062
1.43600e-02,-0.061,0.066
1.43700e-02,-0.061,0.064
1.43800e-02,-0.061,0.06
1.43900e-02,-0.055,0.058
1.44000e-02,-0.059,0.064
1.44100e-02,-0.057,0.062
1.44200e-02,-0.057,0.064
1.44300e-02,-0.059,0.066
1.44400e-02,-0.057,0.06
1.44500e-02,-0.057,0.062
1.44600e-02,-0.061,0.066
1.44700e-02,-0.061,0.068
1.44800e-02,-0.061,0.064
1.44900e-02,-0.061,0.064
1.45000e-02,-0.059,0.06
1.45100e-02,-0.059,0.066
1.45200e-02,-0.055,0.058
1.45300e-02,-0.059,0.062
1.45400e-02,-0.061,0.064
1.45500e-02,-0.055,0.06
1.45600e-02,-0.057,0.06
1.45700e-02,-0.059,0.062
1.45800e-02,-0.059,0.064
1.45900e-02,-0.061,0.064
1.46000e-02,-0.059,0.064
1.46100e-02,-0.063,0.064
1.46200e-02,-0.059,0.064
1.46300e-02,-0.059,0.062
1.46400e-02,-0.061,0.06
1.46500e-02,-0.053,0.06
1.46600e-02,-0.059,0.06
1.46700e-02,-0.061,0.064
1.46800e-02,-0.059,0.062
1.46900e-02,-0.061,0.066
1.47000e-02,-0.059,0.06
1.47100e-02,-0.061,0.064
1.47200e-02,-0.061,0.062
1.47300e-02,-0.061,0.064
1.47400e-02,-0.059,0.064
1.47500e-02,-0.059,0.062
1.47600e-02,-0.061,0.064
1.47700e-02,-0.063,0.064
1.47800e-02,-0.059,0.064
1.47900e-02,-0.059,0.062
1.48000e-02,-0.059,0.062
1.48100e-02,-0.055,0.06
1.48200e-02,-0.059,0.06
1.48300e-02,-0.059,0.064
1.48400e-02,-0.057,0.066
1.48500e-02,-0.061,0.062
1.48600e-02,-0.059,0.064
1.48700e-02,-0.057,0.066
1.48800e-02,-0.063,0.064
1.48900e-02,-0.063,0.06
1.49000e-02,-0.061,0.064
1.49100e-02,-0.059,0.06
1.49200e-02,-0.057,0.06
1.49300e-02,-0.059,0.062
1.49400e-02,-0.061,0.066
1.49500e-02,-0.059,0.064
1.49600e-02,-0.055,0.062
1.49700e-02,-0.059,0.068
1.49800e-02,-0.059,0.064
1.49900e-02,-0.061,0.064
1.50000e-02,-0.059,0.062
1.50100e-02,-0.063,0.064
1.50200e-02,-0.057,0.064
1.50300e-02,-0.063,0.064
1.50400e-02,-0.059,0.064
1.50500e-02,-0.057,0.062
1.50600e-02,-0.057,0.062
1.50700e-02,-0.059,0.068
1.50800e-02,-0.059,0.066
1.50900e-02,-0.059,0.06
1.51000e-02,-0.061,0.066
1.51100e-02,-0.055,0.058
1.51200e-02,-0.059,0.064
1.51300e-02,-0.061,0.064
1.51400e-02,-0.061,0.062
1.51500e-02,-0.059,0.064
1.51600e-02,-0.059,0.062
1.51700e-02,-0.053,0.058
1.51800e-02,-0.061,0.062
1.51900e-02,-0.061,0.06
1.52000e-02,-0.053,0.062
1.52100e-02,-0.057,0.062
1.52200e-02,-0.055,0.06
1.52300e-02,-0.061,0.06
1.52400e-02,-0.055,0.058
1.52500e-02,-0.059,0.06
1.52600e-02,-0.055,0.06
1.52700e-02,-0.057,0.06
1.52800e-02,-0.063,0.064
1.52900e-02,-0.061,0.064
1.53000e-02,-0.061,0.066
1.53100e-02,-0.053,0.058
1.53200e-02,-0.059,0.062
1.53300e-02,-0.061,0.064
1.53400e-02,-0.061,0.062
1.53500e-02,-0.059,0.066
1.53600e-02,-0.057,0.062
1.53700e-02,-0.063,0.064
1.53800e-02,-0.063,0.062
1.53900e-02,-0.063,0.064
1.54000e-02,-0.061,0.066
1.54100e-02,-0.059,0.066
1.54200e-02,-0.055,0.06
1.54300e-02,-0.059,0.064
1.54400e-02,-0.059,0.064
1.54500e-02,-0.061,0.064
1.54600e-02,-0.061,0.06
1.54700e-02,-0.059,0.064
1.54800e-02,-0.059,0.064
1.54900e-02,-0.053,0.058
1.55000e-02,-0.055,0.064
1.55100e-02,-0.051,0.06
1.55200e-02,-0.055,0.062
1.55300e-02,-0.061,0.064
1.55400e-02,-0.059,0.064
1.55500e-02,-0.061,0.064
1.55600e-02,-0.061,0.066
1.55700e-02,-0.059,0.064
1.55800e-02,-0.063,0.064
1.55900e-02,-0.059,0.064
1.56000e-02,-0.057,0.062
1.56100e-02,-0.055,0.06
1.56200e-02,-0.059,0.066
1.56300e-02,-0.057,0.06
1.56400e-02,-0.055,0.064
1.56500e-02,-0.063,0.064
1.56600e-02,-0.059,0.062
1.56700e-02,-0.055,0.062
1.56800e-02,-0.057,0.06
1.56900e-02,-0.057,0.064
1.57000e-02,-0.061,0.064
1.57100e-02,-0.055,0.064
1.57200e-02,-0.057,0.062
1.57300e-02,-0.057,0.064
1.57400e-02,-0.053,0.058
1.57500e-02,-0.059,0.066
1.57600e-02,-0.057,0.064
1.57700e-02,-0.055,0.06
1.57800e-02,-0.059,0.062
1.57900e-02,-0.059,0.062
1.58000e-02,-0.059,0.064
1.58100e-02,-0.061,0.064
1.58200e-02,-0.059,0.062
1.58300e-02,-0.057,0.06
1.58400e-02,-0.063,0.064
1.58500e-02,-0.059,0.062
1.58600e-02,-0.063,0.064
1.58700e-02,-0.057,0.068
1.58800e-02,-0.063,0.066
1.58900e-02,-0.049,0.052
1.59000e-02,-0.061,0.064
1.59100e-02,-0.057,0.062
1.59200e-02,-0.057,0.062
1.59300e-02,-0.061,0.064
1.59400e-02,-0.061,0.068
1.59500e-02,-0.053,0.058
1.59600e-02,-0.057,0.06
1.59700e-02,-0.055,0.06
1.59800e-02,-0.059,0.064
1.59900e-02,-0.055,0.06
1.60000e-02,-0.059,0.062
1.60100e-02,-0.035,0.044
1.60200e-02,-0.059,0.068
1.60300e-02,-0.055,0.06
1.60400e-02,-0.061,0.062
1.60500e-02,-0.061,0.062
1.60600e-02,-0.061,0.062
1.60700e-02,-0.059,0.064
1.60800e-02,-0.059,0.062
1.60900e-02,-0.061,0.06
1.61000e-02,-0.057,0.06
1.61100e-02,-0.061,0.064
1.61200e-02,-0.063,0.062
1.61300e-02,-0.061,0.062
1.61400e-02,-0.055,0.06
1.61500e-02,-0.061,0.064
1.61600e-02,-0.057,0.062
1.61700e-02,-0.057,0.058
1.61800e-02,-0.063,0.066
1.61900e-02,-0.059,0.062
1.62000e-02,-0.055,0.058
1.62100e-02,-0.059,0.064
1.62200e-02,-0.059,0.064
1.62300e-02,-0.061,0.062
1.62400e-02,-0.059,0.066
1.62500e-02,-0.061,0.062
1.62600e-02,-0.059,0.064
1.62700e-02,-0.059,0.062
1.62800e-02,-0.051,0.056
1.62900e-02,-0.061,0.062
1.63000e-02,-0.059,0.064
1.63100e-02,-0.059,0.062
1.63200e-02,-0.053,0.06
1.63300e-02,-0.059,0.062
1.63400e-02,-0.059,0.062
1.63500e-02,-0.059,0.064
1.63600e-02,-0.063,0.064
1.63700e-02,-0.055,0.058
1.63800e-02,-0.061,0.064
1.63900e-02,-0.055,0.058
1.64000e-02,-0.059,0.064
1.64100e-02,-0.053,0.058
1.64200e-02,-0.057,0.062
1.64300e-02,-0.051,0.056
1.64400e-02,-0.059,0.062
1.64500e-02,-0.059,0.06
1.64600e-02,-0.061,0.062
1.64700e-02,-0.059,0.06
1.64800e-02,-0.061,0.064
1.64900e-02,-0.057,0.062
1.65000e-02,-0.049,0.058
1.65100e-02,-0.049,0.048
1.65200e-02,-0.051,0.052
1.65300e-02,-0.055,0.06
1.65400e-02,-0.061,0.062
1.65500e-02,-0.063,0.062
1.65600e-02,-0.053,0.062
1.65700e-02,-0.061,0.06
1.65800e-02,-0.061,0.062
1.65900e-02,-0.061,0.062
1.66000e-02,-0.059,0.062
1.66100e-02,-0.061,0.066
1.66200e-02,-0.059,0.062
1.66300e-02,-0.061,0.064
1.66400e-02,-0.059,0.062
1.66500e-02,-0.061,0.062
1.66600e-02,-0.059,0.066
1.66700e-02,-0.063,0.064
1.66800e-02,-0.057,0.064
1.66900e-02,-0.057,0.062
1.67000e-02,-0.053,0.054
1.67100e-02,-0.061,0.06
1.67200e-02,-0.057,0.06
1.67300e-02,-0.061,0.066
1.67400e-02,-0.055,0.06
1.67500e-02,-0.059,0.064
1.67600e-02,-0.059,0.062
1.67700e-02,-0.061,0.062
1.67800e-02,-0.057,0.064
1.67900e-02,-0.059,0.062
1.68000e-02,-0.057,0.062
1.68100e-02,-0.059,0.064
1.68200e-02,-0.059,0.066
1.68300e-02,-0.057,0.06
1.68400e-02,-0.059,0.06
1.68500e-02,-0.059,0.062
1.68600e-02,-0.061,0.064
1.68700e-02,-0.061,0.068
1.68800e-02,-0.051,0.056
1.68900e-02,-0.059,0.064
1.69000e-02,-0.063,0.068
1.69100e-02,-0.063,0.066
1.69200e-02,-0.057,0.064
1.69300e-02,-0.057,0.064
1.69400e-02,-0.057,0.06
1.69500e-02,-0.063,0.064
1.69600e-02,-0.061,0.064
1.69700e-02,-0.057,0.06
1.69800e-02,-0.057,0.066
1.69900e-02,-0.059,0.062
1.70000e-02,-0.063,0.064
1.70100e-02,-0.059,0.06
1.70200e-02,-0.061,0.064
1.70300e-02,-0.055,0.064
1.70400e-02,-0.059,0.066
1.70500e-02,-0.057,0.062
1.70600e-02,-0.059,0.062
1.70700e-02,-0.057,0.062
1.70800e-02,-0.057,0.06
1.70900e-02,-0.061,0.062
1.71000e-02,-0.061,0.06
1.71100e-02,-0.061,0.06
1.71200e-02,-0.061,0.064
1.71300e-02,-0.057,0.062
1.71400e-02,-0.059,0.064
1.71500e-02,-0.059,0.062
1.71600e-02,-0.059,0.062
1.71700e-02,-0.061,0.064
1.71800e-02,-0.059,0.064
1.71900e-02,-0.061,0.064
1.72000e-02,-0.063,0.06
1.72100e-02,-0.063,0.064
1.72200e-02,-0.053,0.062
1.72300e-02,-0.061,0.062
1.72400e-02,-0.059,0.062
1.72500e-02,-0.061,0.066
1.72600e-02,-0.059,0.06
1.72700e-02,-0.055,0.062
1.72800e-02,-0.061,0.064
1.72900e-02,-0.061,0.064
1.73000e-02,-0.063,0.064
1.73100e-02,-0.061,0.066
1.73200e-02,-0.059,0.062
1.73300e-02,-0.055,0.062
1.73400e-02,-0.061,0.064
1.73500e-02,-0.063,0.066
1.73600e-02,-0.059,0.066
1.73700e-02,-0.059,0.062
1.73800e-02,-0.055,0.062
1.73900e-02,-0.055,0.06
1.74000e-02,-0.057,0.06
1.74100e-02,-0.057,0.064
1.74200e-02,-0.059,0.06
1.74300e-02,-0.055,0.06
1.74400e-02,-0.047,0.052
1.74500e-02,-0.057,0.06
1.74600e-02,-0.051,0.054
1.74700e-02,-0.059,0.064
1.74800e-02,-0.057,0.064
1.74900e-02,-0.057,0.06
1.75000e-02,-0.053,0.06
1.75100e-02,-0.055,0.06
1.75200e-02,-0.059,0.064
1.75300e-02,-0.059,0.062
1.75400e-02,-0.059,0.062
1.75500e-02,-0.059,0.062
1.75600e-02,-0.055,0.066
1.75700e-02,-0.061,0.06
1.75800e-02,-0.057,0.06
1.75900e-02,-0.045,0.058
1.76000e-02,-0.057,0.066
1.76100e-02,-0.059,0.06
1.76200e-02,-0.059,0.064
1.76300e-02,-0.059,0.064
1.76400e-02,-0.055,0.062
1.76500e-02,-0.063,0.066
1.76600e-02,-0.061,0.064
1.76700e-02,-0.061,0.06
1.76800e-02,-0.055,0.06
1.76900e-02,-0.059,0.064
1.77000e-02,-0.061,0.062
1.77100e-02,-0.059,0.064
1.77200e-02,-0.055,0.062
1.77300e-02,-0.059,0.06
1.77400e-02,-0.063,0.064
1.77500e-02,-0.061,0.062
1.77600e-02,-0.057,0.06
1.77700e-02,-0.055,0.06
1.77800e-02,-0.055,0.06
1.77900e-02,-0.059,0.064
1.78000e-02,-0.059,0.06
1.78100e-02,-0.055,0.06
1.78200e-02,-0.055,0.056
1.78300e-02,-0.057,0.06
1.78400e-02,-0.061,0.062
1.78500e-02,-0.059,0.06
1.78600e-02,-0.059,0.064
1.78700e-02,-0.053,0.054
1.78800e-02,-0.061,0.064
1.78900e-02,-0.055,0.06
1.79000e-02,-0.055,0.06
1.79100e-02,-0.063,0.064
1.79200e-02,-0.061,0.066
1.79300e-02,-0.059,0.062
1.79400e-02,-0.053,0.058
1.79500e-02,-0.061,0.062
1.79600e-02,-0.063,0.06
1.79700e-02,-0.059,0.064
1.79800e-02,-0.057,0.064
1.79900e-02,-0.059,0.066
1.80000e-02,-0.063,0.064
1.80100e-02,-0.051,0.058
1.80200e-02,-0.059,0.062
1.80300e-02,-0.059,0.062
1.80400e-02,-0.055,0.062
1.80500e-02,-0.063,0.062
1.80600e-02,-0.051,0.056
1.80700e-02,-0.051,0.058
1.80800e-02,-0.057,0.066
1.80900e-02,-0.059,0.064
1.81000e-02,-0.061,0.062
1.81100e-02,-0.059,0.068
1.81200e-02,-0.061,0.062
1.81300e-02,-0.061,0.066
1.81400e-02,-0.051,0.054
1.81500e-02,-0.051,0.058
1.81600e-02,-0.059,0.06
1.81700e-02,-0.061,0.06
1.81800e-02,-0.061,0.064
1.81900e-02,-0.051,0.06
1.82000e-02,-0.059,0.062
1.82100e-02,-0.059,0.064
1.82200e-02,-0.059,0.066
1.82300e-02,-0.055,0.054
1.82400e-02,-0.055,0.062
1.82500e-02,-0.057,0.066
1.82600e-02,-0.061,0.064
1.82700e-02,-0.059,0.068
1.82800e-02,-0.059,0.062
1.82900e-02,-0.059,0.068
1.83000e-02,-0.057,0.062
1.83100e-02,-0.057,0.06
1.83200e-02,-0.063,0.064
1.83300e-02,-0.061,0.062
1.83400e-02,-0.061,0.062
1.83500e-02,-0.055,0.06
1.83600e-02,-0.063,0.064
1.83700e-02,-0.059,0.06
1.83800e-02,-0.057,0.06
1.83900e-02,-0.053,0.058
1.84000e-02,-0.061,0.062
1.84100e-02,-0.057,0.064
1.84200e-02,-0.059,0.064
1.84300e-02,-0.059,0.06
1.84400e-02,-0.063,0.068
1.84500e-02,-0.057,0.064
1.84600e-02,-0.063,0.062
1.84700e-02,-0.057,0.062
1.84800e-02,-0.055,0.062
1.84900e-02,-0.055,0.058
1.85000e-02,-0.059,0.064
1.85100e-02,-0.045,0.05
1.85200e-02,-0.061,0.066
1.85300e-02,-0.061,0.06
1.85400e-02,-0.057,0.06
1.85500e-02,-0.061,0.062
1.85600e-02,-0.053,0.058
1.85700e-02,-0.059,0.062
1.85800e-02,-0.055,0.06
1.85900e-02,-0.053,0.06
1.86000e-02,-0.055,0.064
1.86100e-02,-0.053,0.058
1.86200e-02,-0.059,0.06
1.86300e-02,-0.051,0.056
1.86400e-02,-0.061,0.066
1.86500e-02,-0.053,0.064
1.86600e-02,-0.059,0.064
1.86700e-02,-0.055,0.058
1.86800e-02,-0.061,0.064
1.86900e-02,-0.059,0.066
1.87000e-02,-0.059,0.062
1.87100e-02,-0.057,0.066
1.87200e-02,-0.053,0.06
1.87300e-02,-0.063,0.062
1.87400e-02,-0.059,0.064
1.87500e-02,-0.055,0.064
1.87600e-02,-0.059,0.062
1.87700e-02,-0.061,0.064
1.87800e-02,-0.061,0.064
1.87900e-02,-0.055,0.06
1.88000e-02,-0.063,0.062
1.88100e-02,-0.061,0.06
1.88200e-02,-0.055,0.066
1.88300e-02,-0.049,0.058
1.88400e-02,-0.059,0.062
1.88500e-02,-0.051,0.06
1.88600e-02,-0.063,0.064
1.88700e-02,-0.061,0.062
1.88800e-02,-0.061,0.066
1.88900e-02,-0.057,0.06
1.89000e-02,-0.059,0.064
1.89100e-02,-0.063,0.06
1.89200e-02,-0.061,0.06
1.89300e-02,-0.057,0.066
1.89400e-02,-0.055,0.064
1.89500e-02,-0.059,0.064
1.89600e-02,-0.061,0.062
1.89700e-02,-0.055,0.064
1.89800e-02,-0.059,0.062
1.89900e-02,-0.065,0.062
1.90000e-02,-0.059,0.064
1.90100e-02,-0.061,0.062
1.90200e-02,-0.059,0.066
1.90300e-02,-0.061,0.062
1.90400e-02,-0.059,0.062
1.90500e-02,-0.061,0.062
1.90600e-02,-0.063,0.068
1.90700e-02,-0.051,0.054
1.90800e-02,-0.059,0.06
1.90900e-02,-0.059,0.064
1.91000e-02,-0.063,0.064
1.91100e-02,-0.055,0.06
1.91200e-02,-0.055,0.058
1.91300e-02,-0.061,0.066
1.91400e-02,-0.063,0.062
1.91500e-02,-0.057,0.062
1.91600e-02,-0.059,0.062
1.91700e-02,-0.061,0.062
1.91800e-02,-0.061,0.062
1.91900e-02,-0.059,0.062
1.92000e-02,-0.059,0.066
1.92100e-02,-0.061,0.062
1.92200e-02,-0.063,0.064
1.92300e-02,-0.059,0.064
1.92400e-02,-0.059,0.062
1.92500e-02,-0.063,0.062
1.92600e-02,-0.059,0.064
1.92700e-02,-0.063,0.064
1.92800e-02,-0.063,0.062
1.92900e-02,-0.059,0.062
1.93000e-02,-0.061,0.06
1.93100e-02,-0.061,0.062
1.93200e-02,-0.061,0.06
1.93300e-02,-0.059,0.06
1.93400e-02,-0.061,0.064
1.93500e-02,-0.041,0.048
1.93600e-02,-0.059,0.062
1.93700e-02,-0.053,0.06
1.93800e-02,-0.061,0.066
1.93900e-02,-0.051,0.056
1.94000e-02,-0.061,0.062
1.94100e-02,-0.047,0.054
1.94200e-02,-0.063,0.06
1.94300e-02,-0.053,0.058
1.94400e-02,-0.051,0.056
1.94500e-02,-0.059,0.064
1.94600e-02,-0.059,0.064
1.94700e-02,-0.061,0.062
1.94800e-02,-0.057,0.064
1.94900e-02,-0.055,0.06
1.95000e-02,-0.057,0.062
1.95100e-02,-0.057,0.058
1.95200e-02,-0.059,0.064
1.95300e-02,-0.061,0.064
1.95400e-02,-0.059,0.062
1.95500e-02,-0.059,0.064
1.95600e-02,-0.057,0.064
1.95700e-02,-0.059,0.064
1.95800e-02,-0.061,0.064
1.95900e-02,-0.059,0.062
1.96000e-02,-0.061,0.064
1.96100e-02,-0.059,0.066
1.96200e-02,-0.055,0.058
1.96300e-02,-0.061,0.06
1.96400e-02,-0.057,0.06
1.96500e-02,-0.059,0.064
1.96600e-02,-0.059,0.06
1.96700e-02,-0.059,0.06
1.96800e-02,-0.063,0.064
1.96900e-02,-0.063,0.06
1.97000e-02,-0.061,0.064
1.97100e-02,-0.063,0.064
1.97200e-02,-0.059,0.064
1.97300e-02,-0.063,0.064
1.97400e-02,-0.061,0.064
1.97500e-02,-0.061,0.066
1.97600e-02,-0.061,0.066
1.97700e-02,-0.057,0.066
1.97800e-02,-0.061,0.064
1.97900e-02,-0.059,0.064
1.98000e-02,-0.061,0.064
1.98100e-02,-0.061,0.064
1.98200e-02,-0.061,0.06
1.98300e-02,-0.055,0.062
1.98400e-02,-0.055,0.062
1.98500e-02,-0.055,0.062
1.98600e-02,-0.059,0.064
1.98700e-02,-0.061,0.06
1.98800e-02,-0.057,0.06
1.98900e-02,-0.059,0.06
1.99000e-02,-0.057,0.062
1.99100e-02,-0.061,0.066
1.99200e-02,-0.061,0.064
1.99300e-02,-0.059,0.064
1.99400e-02,-0.061,0.064
1.99500e-02,-0.063,0.062
1.99600e-02,-0.057,0.06
1.99700e-02,-0.059,0.068
1.99800e-02,-0.059,0.06
1.99900e-02,-0.061,0.06
2.00000e-02,-0.045,0.054
2.00100e-02,-0.057,0.064
2.00200e-02,-0.049,0.052
2.00300e-02,-0.061,0.062
2.00400e-02,-0.061,0.062
2.00500e-02,-0.061,0.064
2.00600e-02,-0.057,0.064
2.00700e-02,-0.057,0.06
2.00800e-02,-0.061,0.064
2.00900e-02,-0.059,0.064
2.01000e-02,-0.057,0.064
2.01100e-02,-0.055,0.058
2.01200e-02,-0.059,0.062
2.01300e-02,-0.057,0.062
2.01400e-02,-0.055,0.06
2.01500e-02,-0.061,0.064
2.01600e-02,-0.051,0.058
2.01700e-02,-0.063,0.062
2.01800e-02,-0.059,0.064
2.01900e-02,-0.061,0.064
2.02000e-02,-0.061,0.062
2.02100e-02,-0.061,0.062
2.02200e-02,-0.061,0.064
2.02300e-02,-0.059,0.066
2.02400e-02,-0.061,0.064
2.02500e-02,-0.061,0.062
2.02600e-02,-0.057,0.06
2.02700e-02,-0.063,0.062
2.02800e-02,-0.061,0.064
2.02900e-02,-0.059,0.06
2.03000e-02,-0.063,0.062
2.03100e-02,-0.061,0.06
2.03200e-02,-0.047,0.056
2.03300e-02,-0.059,0.062
2.03400e-02,-0.051,0.06
2.03500e-02,-0.059,0.064
2.03600e-02,-0.059,0.062
2.03700e-02,-0.059,0.06
2.03800e-02,-0.057,0.06
2.03900e-02,-0.059,0.06
2.04000e-02,-0.061,0.06
2.04100e-02,-0.061,0.064
2.04200e-02,-0.055,0.06
2.04300e-02,-0.061,0.064
2.04400e-02,-0.061,0.064
2.04500e-02,-0.059,0.064
2.04600e-02,-0.061,0.064
2.04700e-02,-0.061,0.064
2.04800e-02,-0.061,0.062
2.04900e-02,-0.059,0.062
2.05000e-02,-0.061,0.064
2.05100e-02,-0.059,0.062
2.05200e-02,-0.059,0.064
2.05300e-02,-0.061,0.062
2.05400e-02,-0.061,0.064
2.05500e-02,-0.063,0.062
2.05600e-02,-0.041,0.052
2.05700e-02,-0.061,0.064
2.05800e-02,-0.055,0.06
2.05900e-02,-0.063,0.066
2.06000e-02,-0.063,0.062
2.06100e-02,-0.059,0.066
2.06200e-02,-0.057,0.06
2.06300e-02,-0.053,0.06
2.06400e-02,-0.057,0.064
2.06500e-02,-0.057,0.064
2.06600e-02,-0.053,0.054
2.06700e-02,-0.059,0.06
2.06800e-02,-0.057,0.06
2.06900e-02,-0.057,0.064
2.07000e-02,-0.057,0.062
2.07100e-02,-0.061,0.064
2.07200e-02,-0.051,0.058
2.07300e-02,-0.061,0.064
2.07400e-02,-0.057,0.054
2.07500e-02,-0.061,0.064
2.07600e-02,-0.057,0.058
2.07700e-02,-0.063,0.062
2.07800e-02,-0.061,0.064
2.07900e-02,-0.057,0.058
2.08000e-02,-0.059,0.064
2.08100e-02,-0.061,0.064
2.08200e-02,-0.061,0.064
2.08300e-02,-0.057,0.062
2.08400e-02,-0.059,0.062
2.08500e-02,-0.063,0.064
2.08600e-02,-0.059,0.06
2.08700e-02,-0.061,0.064
2.08800e-02,-0.061,0.064
2.08900e-02,-0.059,0.06
2.09000e-02,-0.061,0.064
2.09100e-02,-0.059,0.06
2.09200e-02,-0.063,0.064
2.09300e-02,-0.057,0.064
2.09400e-02,-0.059,0.066
2.09500e-02,-0.061,0.064
2.09600e-02,-0.061,0.066
2.09700e-02,-0.059,0.062
2.09800e-02,-0.061,0.064
2.09900e-02,-0.059,0.064
2.10000e-02,-0.059,0.062
2.10100e-02,-0.061,0.064
2.10200e-02,-0.065,0.064
2.10300e-02,-0.063,0.06
2.10400e-02,-0.057,0.06
2.10500e-02,-0.063,0.064
2.10600e-02,-0.061,0.064
2.10700e-02,-0.055,0.062
2.10800e-02,-0.059,0.062
2.10900e-02,-0.059,0.062
2.11000e-02,-0.065,0.064
2.11100e-02,-0.061,0.064
2.11200e-02,-0.059,0.064
2.11300e-02,-0.057,0.066
2.11400e-02,-0.059,0.064
2.11500e-02,-0.057,0.06
2.11600e-02,-0.057,0.062
2.11700e-02,-0.055,0.056
2.11800e-02,-0.045,0.05
2.11900e-02,-0.057,0.06
2.12000e-02,-0.051,0.064
2.12100e-02,-0.051,0.058
2.12200e-02,-0.055,0.058
2.12300e-02,-0.061,0.066
2.12400e-02,-0.059,0.06
2.12500e-02,-0.059,0.062
2.12600e-02,-0.063,0.062
2.12700e-02,-0.063,0.064
2.12800e-02,-0.063,0.062
2.12900e-02,-0.053,0.056
2.13000e-02,-0.059,0.06
2.13100e-02,-0.057,0.06
2.13200e-02,-0.061,0.064
2.13300e-02,-0.059,0.06
2.13400e-02,-0.057,0.06
2.13500e-02,-0.057,0.062
2.13600e-02,-0.061,0.064
2.13700e-02,-0.055,0.064
2.13800e-02,-0.061,0.064
2.13900e-02,-0.059,0.064
2.14000e-02,-0.053,0.06
2.14100e-02,-0.061,0.064
2.14200e-02,-0.057,0.062
2.14300e-02,-0.059,0.066
2.14400e-02,-0.047,0.052
2.14500e-02,-0.051,0.056
2.14600e-02,-0.057,0.06
2.14700e-02,-0.059,0.062
2.14800e-02,-0.061,0.062
2.14900e-02,-0.061,0.062
2.15000e-02,-0.061,0.062
2.15100e-02,-0.061,0.066
2.15200e-02,-0.063,0.066
2.15300e-02,-0.061,0.066
2.15400e-02,-0.063,0.068
2.15500e-02,-0.059,0.06
2.15600e-02,-0.059,0.062
2.15700e-02,-0.059,0.062
2.15800e-02,-0.057,0.064
2.15900e-02,-0.057,0.06
2.16000e-02,-0.059,0.064
2.16100e-02,-0.059,0.064
2.16200e-02,-0.059,0.062
2.16300e-02,-0.057,0.064
2.16400e-02,-0.061,0.068
2.16500e-02,-0.055,0.064
2.16600e-02,-0.059,0.064
2.16700e-02,-0.061,0.064
2.16800e-02,-0.059,0.064
2.16900e-02,-0.061,0.066
2.17000e-02,-0.059,0.064
2.17100e-02,-0.061,0.062
2.17200e-02,-0.061,0.064
2.17300e-02,-0.061,0.066
2.17400e-02,-0.059,0.062
2.17500e-02,-0.059,0.064
2.17600e-02,-0.061,0.064
2.17700e-02,-0.059,0.064
2.17800e-02,-0.063,0.064
2.17900e-02,-0.063,0.062
2.18000e-02,-0.059,0.064
2.18100e-02,-0.055,0.06
2.18200e-02,-0.055,0.058
2.18300e-02,-0.057,0.06
2.18400e-02,-0.057,0.062
2.18500e-02,-0.061,0.06
2.18600e-02,-0.061,0.066
2.18700e-02,-0.063,0.064
2.18800e-02,-0.061,0.064
2.18900e-02,-0.063,0.064
2.19000e-02,-0.059,0.066
2.19100e-02,-0.063,0.062
2.19200e-02,-0.061,0.06
2.19300e-02,-0.063,0.064
2.19400e-02,-0.055,0.064
2.19500e-02,-0.063,0.064
2.19600e-02,-0.057,0.064
2.19700e-02,-0.061,0.062
2.19800e-02,-0.057,0.06
2.19900e-02,-0.057,0.062
2.20000e-02,-0.051,0.054
2.20100e-02,-0.061,0.064
2.20200e-02,-0.049,0.056
2.20300e-02,-0.057,0.064
2.20400e-02,-0.059,0.064
2.20500e-02,-0.055,0.062
2.20600e-02,-0.059,0.06
2.20700e-02,-0.061,0.062
2.20800e-02,-0.057,0.058
2.20900e-02,-0.061,0.062
2.21000e-02,-0.057,0.06
2.21100e-02,-0.059,0.06
2.21200e-02,-0.055,0.06
2.21300e-02,-0.059,0.062
2.21400e-02,-0.063,0.064
2.21500e-02,-0.059,0.068
2.21600e-02,-0.055,0.06
2.21700e-02,-0.057,0.06
2.21800e-02,-0.061,0.068
2.21900e-02,-0.057,0.062
2.22000e-02,-0.063,0.064
2.22100e-02,-0.061,0.062
2.22200e-02,-0.061,0.064
2.22300e-02,-0.061,0.064
2.22400e-02,-0.063,0.064
2.22500e-02,-0.061,0.064
2.22600e-02,-0.059,0.062
2.22700e-02,-0.061,0.064
2.22800e-02,-0.063,0.06
2.22900e-02,-0.061,0.064
2.23000e-02,-0.063,0.062
2.23100e-02,-0.059,0.064
2.23200e-02,-0.055,0.06
2.23300e-02,-0.061,0.062
2.23400e-02,-0.063,0.064
2.23500e-02,-0.055,0.06
2.23600e-02,-0.059,0.064
2.23700e-02,-0.055,0.06
2.23800e-02,-0.063,0.062
2.23900e-02,-0.061,0.062
2.24000e-02,-0.055,0.06
2.24100e-02,-0.059,0.064
2.24200e-02,-0.059,0.064
2.24300e-02,-0.061,0.064
2.24400e-02,-0.061,0.064
2.24500e-02,-0.053,0.062
2.24600e-02,-0.059,0.062
2.24700e-02,-0.057,0.062
2.24800e-02,-0.053,0.06
2.24900e-02,-0.059,0.062
2.25000e-02,-0.061,0.064
2.25100e-02,-0.057,0.064
2.25200e-02,-0.061,0.06
2.25300e-02,-0.061,0.062
2.25400e-02,-0.061,0.064
2.25500e-02,-0.061,0.062
2.25600e-02,-0.061,0.062
2.25700e-02,-0.057,0.062
2.25800e-02,-0.061,0.064
2.25900e-02,-0.053,0.056
2.26000e-02,-0.055,0.058
2.26100e-02,-0.051,0.058
2.26200e-02,-0.059,0.064
2.26300e-02,-0.059,0.062
2.26400e-02,-0.051,0.06
2.26500e-02,-0.061,0.062
2.26600e-02,-0.059,0.064
2.26700e-02,-0.055,0.06
2.26800e-02,-0.057,0.064
2.26900e-02,-0.051,0.058
2.27000e-02,-0.059,0.064
2.27100e-02,-0.061,0.062
2.27200e-02,-0.059,0.062
2.27300e-02,-0.059,0.06
2.27400e-02,-0.059,0.064
2.27500e-02,-0.063,0.066
2.27600e-02,-0.057,0.064
2.27700e-02,-0.061,0.062
2.27800e-02,-0.061,0.066
2.27900e-02,-0.059,0.064
2.28000e-02,-0.059,0.064
2.28100e-02,-0.053,0.064
2.28200e-02,-0.059,0.06
2.28300e-02,-0.059,0.06
2.28400e-02,-0.057,0.06
2.28500e-02,-0.057,0.064
2.28600e-02,-0.043,0.05
2.28700e-02,-0.059,0.058
2.28800e-02,-0.061,0.06
2.28900e-02,-0.055,0.06
2.29000e-02,-0.061,0.064
2.29100e-02,-0.057,0.06
2.29200e-02,-0.059,0.06
2.29300e-02,-0.057,0.06
2.29400e-02,-0.057,0.06
2.29500e-02,-0.059,0.064
2.29600e-02,-0.057,0.058
2.29700e-02,-0.061,0.068
2.29800e-02,-0.059,0.06
2.29900e-02,-0.061,0.064
2.30000e-02,-0.055,0.06
2.30100e-02,-0.059,0.066
2.30200e-02,-0.055,0.058
2.30300e-02,-0.059,0.064
2.30400e-02,-0.061,0.064
2.30500e-02,-0.059,0.064
2.30600e-02,-0.059,0.064
2.30700e-02,-0.061,0.064
2.30800e-02,-0.059,0.06
2.30900e-02,-0.055,0.056
2.31000e-02,-0.059,0.064
2.31100e-02,-0.055,0.058
2.31200e-02,-0.059,0.064
2.31300e-02,-0.057,0.062
2.31400e-02,-0.063,0.06
2.31500e-02,-0.057,0.056
2.31600e-02,-0.063,0.068
2.31700e-02,-0.053,0.06
2.31800e-02,-0.061,0.068
2.31900e-02,-0.061,0.062
2.32000e-02,-0.061,0.064
2.32100e-02,-0.057,0.062
2.32200e-02,-0.049,0.056
2.32300e-02,-0.061,0.064
2.32400e-02,-0.055,0.06
2.32500e-02,-0.061,0.066
2.32600e-02,-0.059,0.064
2.32700e-02,-0.057,0.062
2.32800e-02,-0.061,0.062
2.32900e-02,-0.059,0.068
2.33000e-02,-0.061,0.06
2.33100e-02,-0.059,0.064
2.33200e-02,-0.061,0.064
2.33300e-02,-0.061,0.062
2.33400e-02,-0.055,0.058
2.33500e-02,-0.063,0.064
2.33600e-02,-0.063,0.062
2.33700e-02,-0.061,0.066
2.33800e-02,-0.061,0.064
2.33900e-02,-0.061,0.062
2.34000e-02,-0.059,0.064
2.34100e-02,-0.059,0.06
2.34200e-02,-0.061,0.064
2.34300e-02,-0.055,0.06
2.34400e-02,-0.055,0.062
2.34500e-02,-0.061,0.064
2.34600e-02,-0.055,0.064
2.34700e-02,-0.063,0.064
2.34800e-02,-0.061,0.064
2.34900e-02,-0.055,0.06
2.35000e-02,-0.053,0.06
2.35100e-02,-0.055,0.06
2.35200e-02,-0.059,0.066
2.35300e-02,-0.057,0.062
2.35400e-02,-0.061,0.064
2.35500e-02,-0.061,0.064
2.35600e-02,-0.059,0.064
2.35700e-02,-0.059,0.064
2.35800e-02,-0.057,0.064
2.35900e-02,-0.063,0.064
2.36000e-02,-0.061,0.06
2.36100e-02,-0.059,0.064
2.36200e-02,-0.059,0.06
2.36300e-02,-0.063,0.064
2.36400e-02,-0.059,0.064
2.36500e-02,-0.059,0.064
2.36600e-02,-0.061,0.064
2.36700e-02,-0.063,0.066
2.36800e-02,-0.057,0.062
2.36900e-02,-0.057,0.062
2.37000e-02,-0.063,0.064
2.37100e-02,-0.059,0.064
2.37200e-02,-0.059,0.062
2.37300e-02,-0.057,0.062
2.37400e-02,-0.063,0.064
2.37500e-02,-0.061,0.064
2.37600e-02,-0.063,0.066
2.37700e-02,-0.061,0.066
2.37800e-02,-0.061,0.064
2.37900e-02,-0.065,0.064
2.38000e-02,-0.061,0.064
2.38100e-02,-0.055,0.064
2.38200e-02,-0.055,0.06
2.38300e-02,-0.059,0.064
2.38400e-02,-0.061,0.066
2.38500e-02,-0.061,0.064
2.38600e-02,-0.061,0.066
2.38700e-02,-0.061,0.066
2.38800e-02,-0.059,0.062
2.38900e-02,-0.063,0.062
2.39000e-02,-0.061,0.06
2.39100e-02,-0.057,0.062
2.39200e-02,-0.059,0.062
2.39300e-02,-0.061,0.066
2.39400e-02,-0.061,0.064
2.39500e-02,-0.063,0.062
2.39600e-02,-0.061,0.06
2.39700e-02,-0.057,0.066
2.39800e-02,-0.063,0.062
2.39900e-02,-0.059,0.06
2.40000e-02,-0.055,0.058
2.40100e-02,-0.055,0.06
2.40200e-02,-0.061,0.062
2.40300e-02,-0.063,0.062
2.40400e-02,-0.061,0.064
2.40500e-02,-0.053,0.06
2.40600e-02,-0.059,0.06
2.40700e-02,-0.057,0.062
2.40800e-02,-0.059,0.062
2.40900e-02,-0.053,0.056
2.41000e-02,-0.061,0.066
2.41100e-02,-0.057,0.06
2.41200e-02,-0.061,0.062
2.41300e-02,-0.055,0.066
2.41400e-02,-0.061,0.062
2.41500e-02,-0.057,0.06
2.41600e-02,-0.053,0.058
2.41700e-02,-0.063,0.066
2.41800e-02,-0.053,0.058
2.41900e-02,-0.057,0.062
2.42000e-02,-0.065,0.064
2.42100e-02,-0.059,0.064
2.42200e-02,-0.057,0.064
2.42300e-02,-0.061,0.064
2.42400e-02,-0.059,0.06
2.42500e-02,-0.059,0.064
2.42600e-02,-0.063,0.064
2.42700e-02,-0.059,0.06
2.42800e-02,-0.061,0.064
2.42900e-02,-0.063,0.064
2.43000e-02,-0.059,0.064
2.43100e-02,-0.055,0.06
2.43200e-02,-0.061,0.064
2.43300e-02,-0.049,0.056
2.43400e-02,-0.061,0.064
2.43500e-02,-0.057,0.062
2.43600e-02,-0.061,0.062
2.43700e-02,-0.059,0.064
2.43800e-02,-0.061,0.064
2.43900e-02,-0.063,0.064
2.44000e-02,-0.059,0.062
2.44100e-02,-0.053,0.058
2.44200e-02,-0.065,0.062
2.44300e-02,-0.059,0.064
2.44400e-02,-0.061,0.064
2.44500e-02,-0.059,0.064
2.44600e-02,-0.061,0.066
2.44700e-02,-0.057,0.06
2.44800e-02,-0.061,0.062
2.44900e-02,-0.055,0.064
2.45000e-02,-0.057,0.062
2.45100e-02,-0.059,0.066
2.45200e-02,-0.061,0.062
2.45300e-02,-0.061,0.064
2.45400e-02,-0.063,0.064
2.45500e-02,-0.061,0.064
2.45600e-02,-0.059,0.068
2.45700e-02,-0.059,0.06
2.45800e-02,-0.057,0.06
2.45900e-02,-0.059,0.064
2.46000e-02,-0.059,0.06
2.46100e-02,-0.057,0.058
2.46200e-02,-0.059,0.066
2.46300e-02,-0.055,0.06
2.46400e-02,-0.055,0.06
2.46500e-02,-0.055,0.06
2.46600e-02,-0.055,0.058
2.46700e-02,-0.057,0.062
2.46800e-02,-0.057,0.062
2.46900e-02,-0.061,0.062
2.47000e-02,-0.059,0.064
2.47100e-02,-0.055,0.06
2.47200e-02,-0.059,0.064
2.47300e-02,-0.063,0.06
2.47400e-02,-0.061,0.066
2.47500e-02,-0.059,0.068
2.47600e-02,-0.059,0.064
2.47700e-02,-0.059,0.064
2.47800e-02,-0.059,0.064
2.47900e-02,-0.059,0.06
2.48000e-02,-0.057,0.06
2.48100e-02,-0.063,0.064
2.48200e-02,-0.061,0.062
2.48300e-02,-0.051,0.052
2.48400e-02,-0.057,0.06
2.48500e-02,-0.061,0.06
2.48600e-02,-0.055,0.058
2.48700e-02,-0.057,0.06
2.48800e-02,-0.059,0.068
2.48900e-02,-0.055,0.062
2.49000e-02,-0.059,0.064
2.49100e-02,-0.061,0.062
2.49200e-02,-0.059,0.06
2.49300e-02,-0.061,0.066
2.49400e-02,-0.059,0.064
2.49500e-02,-0.055,0.06
2.49600e-02,-0.059,0.064
2.49700e-02,-0.061,0.064
2.49800e-02,-0.059,0.062
2.49900e-02,-0.057,0.064
2.50000e-02,-0.063,0.064
2.50100e-02,-0.061,0.066
2.50200e-02,-0.061,0.062
2.50300e-02,-0.063,0.066
2.50400e-02,-0.057,0.062
2.50500e-02,-0.061,0.062
2.50600e-02,-0.061,0.064
2.50700e-02,-0.063,0.064
2.50800e-02,-0.061,0.064
2.50900e-02,-0.063,0.064
2.51000e-02,-0.059,0.062
2.51100e-02,-0.061,0.064
2.51200e-02,-0.061,0.064
2.51300e-02,-0.061,0.064
2.51400e-02,-0.059,0.064
2.51500e-02,-0.061,0.066
2.51600e-02,-0.057,0.06
2.51700e-02,-0.057,0.062
2.51800e-02,-0.059,0.066
2.51900e-02,-0.061,0.066
2.52000e-02,-0.057,0.06
2.52100e-02,-0.053,0.058
2.52200e-02,-0.055,0.06
2.52300e-02,-0.065,0.06
2.52400e-02,-0.059,0.06
2.52500e-02,-0.061,0.064
2.52600e-02,-0.059,0.06
2.52700e-02,-0.053,0.056
2.52800e-02,-0.059,0.062
2.52900e-02,-0.061,0.064
2.53000e-02,-0.059,0.062
2.53100e-02,-0.057,0.062
2.53200e-02,-0.055,0.058
2.53300e-02,-0.039,0.046
2.53400e-02,-0.047,0.048
2.53500e-02,-0.059,0.062
2.53600e-02,-0.057,0.062
2.53700e-02,-0.061,0.064
2.53800e-02,-0.061,0.066
2.53900e-02,-0.059,0.064
2.54000e-02,-0.061,0.064
2.54100e-02,-0.061,0.064
2.54200e-02,-0.055,0.06
2.54300e-02,-0.061,0.06
2.54400e-02,-0.061,0.066
2.54500e-02,-0.059,0.06
2.54600e-02,-0.059,0.066
2.54700e-02,-0.061,0.064
2.54800e-02,-0.061,0.064
2.54900e-02,-0.053,0.058
2.55000e-02,-0.055,0.058
2.55100e-02,-0.061,0.066
2.55200e-02,-0.057,0.06
2.55300e-02,-0.059,0.06
2.55400e-02,-0.059,0.06
2.55500e-02,-0.059,0.062
2.55600e-02,-0.059,0.062
2.55700e-02,-0.061,0.064
2.55800e-02,-0.059,0.062
2.55900e-02,-0.061,0.068
2.56000e-02,-0.061,0.062
2.56100e-02,-0.061,0.062
2.56200e-02,-0.063,0.064
2.56300e-02,-0.061,0.064
2.56400e-02,-0.059,0.066
2.56500e-02,-0.051,0.056
2.56600e-02,-0.061,0.062
2.56700e-02,-0.061,0.062
2.56800e-02,-0.061,0.064
2.56900e-02,-0.061,0.062
2.57000e-02,-0.059,0.062
2.57100e-02,-0.063,0.066
2.57200e-02,-0.061,0.062
2.57300e-02,-0.065,0.064
2.57400e-02,-0.061,0.066
2.57500e-02,-0.061,0.064
2.57600e-02,-0.059,0.062
2.57700e-02,-0.063,0.062
2.57800e-02,-0.055,0.058
2.57900e-02,-0.061,0.066
2.58000e-02,-0.057,0.06
2.58100e-02,-0.055,0.06
2.58200e-02,-0.053,0.056
2.58300e-02,-0.061,0.062
2.58400e-02,-0.059,0.066
2.58500e-02,-0.061,0.062
2.58600e-02,-0.059,0.066
2.58700e-02,-0.061,0.062
2.58800e-02,-0.061,0.064
2.58900e-02,-0.061,0.064
2.59000e-02,-0.063,0.066
2.59100e-02,-0.061,0.06
2.59200e-02,-0.059,0.064
2.59300e-02,-0.063,0.064
2.59400e-02,-0.061,0.068
2.59500e-02,-0.059,0.064
2.59600e-02,-0.063,0.064
2.59700e-02,-0.063,0.064
2.59800e-02,-0.057,0.064
2.59900e-02,-0.059,0.06
2.60000e-02,-0.055,0.06
2.60100e-02,-0.059,0.064
2.60200e-02,-0.059,0.06
2.60300e-02,-0.061,0.06
2.60400e-02,-0.059,0.062
2.60500e-02,-0.063,0.06
2.60600e-02,-0.059,0.062
2.60700e-02,-0.061,0.064
2.60800e-02,-0.061,0.062
2.60900e-02,-0.061,0.062
2.61000e-02,-0.059,0.062
2.61100e-02,-0.055,0.064
2.61200e-02,-0.063,0.064
2.61300e-02,-0.063,0.064
2.61400e-02,-0.061,0.066
2.61500e-02,-0.061,0.062
2.61600e-02,-0.059,0.064
2.61700e-02,-0.061,0.064
2.61800e-02,-0.061,0.062
2.61900e-02,-0.059,0.062
2.62000e-02,-0.051,0.054
2.62100e-02,-0.055,0.06
2.62200e-02,-0.059,0.064
2.62300e-02,-0.061,0.062
2.62400e-02,-0.053,0.054
2.62500e-02,-0.057,0.062
2.62600e-02,-0.059,0.06
2.62700e-02,-0.061,0.062
2.62800e-02,-0.055,0.062
2.62900e-02,-0.059,0.066
2.63000e-02,-0.061,0.064
2.63100e-02,-0.061,0.064
2.63200e-02,-0.061,0.064
2.63300e-02,-0.057,0.06
2.63400e-02,-0.059,0.068
2.63500e-02,-0.061,0.064
2.63600e-02,-0.059,0.062
2.63700e-02,-0.063,0.066
2.63800e-02,-0.057,0.062
2.63900e-02,-0.061,0.062
2.64000e-02,-0.055,0.06
2.64100e-02,-0.059,0.062
2.64200e-02,-0.041,0.05
2.64300e-02,-0.061,0.062
2.64400e-02,-0.055,0.058
2.64500e-02,-0.061,0.062
2.64600e-02,-0.059,0.062
2.64700e-02,-0.049,0.056
2.64800e-02,-0.065,0.064
2.64900e-02,-0.059,0.06
2.65000e-02,-0.059,0.064
2.65100e-02,-0.063,0.064
2.65200e-02,-0.063,0.064
2.65300e-02,-0.061,0.064
2.65400e-02,-0.063,0.064
2.65500e-02,-0.061,0.066
2.65600e-02,-0.061,0.064
2.65700e-02,-0.059,0.064
2.65800e-02,-0.059,0.064
2.65900e-02,-0.059,0.064
2.66000e-02,-0.061,0.064
2.66100e-02,-0.059,0.064
2.66200e-02,-0.051,0.056
2.66300e-02,-0.053,0.052
2.66400e-02,-0.047,0.052
2.66500e-02,-0.043,0.044
2.66600e-02,-0.037,0.046
2.66700e-02,-0.037,0.046
2.66800e-02,-0.051,0.056
2.66900e-02,-0.059,0.062
2.67000e-02,-0.055,0.06
2.67100e-02,-0.055,0.06
2.67200e-02,-0.051,0.056
2.67300e-02,-0.059,0.064
2.67400e-02,-0.057,0.062
2.67500e-02,-0.061,0.064
2.67600e-02,-0.059,0.064
2.67700e-02,-0.063,0.062
2.67800e-02,-0.063,0.062
2.67900e-02,-0.059,0.064
2.68000e-02,-0.059,0.064
2.68100e-02,-0.059,0.062
2.68200e-02,-0.059,0.06
2.68300e-02,-0.061,0.064
2.68400e-02,-0.059,0.066
2.68500e-02,-0.063,0.062
2.68600e-02,-0.063,0.066
2.68700e-02,-0.059,0.06
2.68800e-02,-0.051,0.056
2.68900e-02,-0.045,0.048
2.69000e-02,-0.055,0.06
2.69100e-02,-0.053,0.058
2.69200e-02,-0.055,0.06
2.69300e-02,-0.059,0.062
2.69400e-02,-0.063,0.064
2.69500e-02,-0.059,0.064
2.69600e-02,-0.059,0.064
2.69700e-02,-0.055,0.06
2.69800e-02,-0.061,0.064
2.69900e-02,-0.063,0.066
2.70000e-02,-0.059,0.064
2.70100e-02,-0.059,0.064
2.70200e-02,-0.059,0.062
2.70300e-02,-0.057,0.062
2.70400e-02,-0.061,0.062
2.70500e-02,-0.057,0.06
2.70600e-02,-0.061,0.064
2.70700e-02,-0.061,0.064
2.70800e-02,-0.059,0.06
2.70900e-02,-0.065,0.064
2.71000e-02,-0.063,0.066
2.71100e-02,-0.061,0.064
2.71200e-02,-0.053,0.056
2.71300e-02,-0.061,0.062
2.71400e-02,-0.057,0.064
2.71500e-02,-0.063,0.062
2.71600e-02,-0.059,0.064
2.71700e-02,-0.055,0.06
2.71800e-02,-0.061,0.064
2.71900e-02,-0.055,0.06
2.72000e-02,-0.061,0.066
2.72100e-02,-0.061,0.06
2.72200e-02,-0.055,0.06
2.72300e-02,-0.053,0.05
2.72400e-02,-0.063,0.062
2.72500e-02,-0.059,0.064
2.72600e-02,-0.063,0.064
2.72700e-02,-0.061,0.064
2.72800e-02,-0.059,0.062
2.72900e-02,-0.061,0.068
2.73000e-02,-0.059,0.064
2.73100e-02,-0.057,0.06
2.73200e-02,-0.063,0.064
2.73300e-02,-0.055,0.06
2.73400e-02,-0.061,0.062
2.73500e-02,-0.059,0.064
2.73600e-02,-0.057,0.06
2.73700e-02,-0.065,0.062
2.73800e-02,-0.061,0.064
2.73900e-02,-0.063,0.064
2.74000e-02,-0.059,0.064
2.74100e-02,-0.063,0.062
2.74200e-02,-0.053,0.058
2.74300e-02,-0.061,0.064
2.74400e-02,-0.051,0.058
2.74500e-02,-0.059,0.064
2.74600e-02,-0.059,0.064
2.74700e-02,-0.059,0.062
2.74800e-02,-0.059,0.06
2.74900e-02,-0.057,0.06
2.75000e-02,-0.059,0.064
2.75100e-02,-0.047,0.048
2.75200e-02,-0.055,0.06
2.75300e-02,-0.053,0.056
2.75400e-02,-0.057,0.06
2.75500e-02,-0.059,0.066
2.75600e-02,-0.061,0.066
2.75700e-02,-0.061,0.062
2.75800e-02,-0.061,0.06
2.75900e-02,-0.057,0.066
2.76000e-02,-0.055,0.062
2.76100e-02,-0.057,0.062
2.76200e-02,-0.059,0.064
2.76300e-02,-0.059,0.064
2.76400e-02,-0.061,0.06
2.76500e-02,-0.059,0.06
2.76600e-02,-0.059,0.064
2.76700e-02,-0.059,0.06
2.76800e-02,-0.061,0.064
2.76900e-02,-0.059,0.066
2.77000e-02,-0.059,0.064
2.77100e-02,-0.059,0.062
2.77200e-02,-0.061,0.064
2.77300e-02,-0.059,0.064
2.77400e-02,-0.059,0.064
2.77500e-02,-0.061,0.06
2.77600e-02,-0.063,0.066
2.77700e-02,-0.061,0.064
2.77800e-02,-0.061,0.068
2.77900e-02,-0.059,0.06
2.78000e-02,-0.061,0.062
2.78100e-02,-0.057,0.06
2.78200e-02,-0.051,0.056
2.78300e-02,-0.055,0.058
2.78400e-02,-0.055,0.056
2.78500e-02,-0.061,0.06
2.78600e-02,-0.061,0.064
2.78700e-02,-0.061,0.064
2.78800e-02,-0.059,0.062
2.78900e-02,-0.055,0.056
2.79000e-02,-0.065,0.062
2.79100e-02,-0.051,0.058
2.79200e-02,-0.057,0.06
2.79300e-02,-0.057,0.058
2.79400e-02,-0.061,0.064
2.79500e-02,-0.059,0.064
2.79600e-02,-0.061,0.062
2.79700e-02,-0.059,0.064
2.79800e-02,-0.055,0.06
2.79900e-02,-0.061,0.064
2.80000e-02,-0.059,0.062
2.80100e-02,-0.061,0.06
2.80200e-02,-0.063,0.06
2.80300e-02,-0.057,0.06
2.80400e-02,-0.061,0.06
2.80500e-02,-0.059,0.062
2.80600e-02,-0.059,0.06
2.80700e-02,-0.061,0.062
2.80800e-02,-0.057,0.064
2.80900e-02,-0.057,0.066
2.81000e-02,-0.061,0.064
2.81100e-02,-0.061,0.064
2.81200e-02,-0.061,0.064
2.81300e-02,-0.063,0.064
2.81400e-02,-0.061,0.066
2.81500e-02,-0.057,0.064
2.81600e-02,-0.061,0.06
2.81700e-02,-0.063,0.064
2.81800e-02,-0.049,0.054
2.81900e-02,-0.061,0.068
2.82000e-02,-0.057,0.064
2.82100e-02,-0.059,0.066
2.82200e-02,-0.057,0.06
2.82300e-02,-0.057,0.06
2.82400e-02,-0.053,0.06
2.82500e-02,-0.059,0.064
2.82600e-02,-0.059,0.062
2.82700e-02,-0.063,0.064
2.82800e-02,-0.057,0.06
2.82900e-02,-0.053,0.056
2.83000e-02,-0.061,0.062
2.83100e-02,-0.061,0.064
2.83200e-02,-0.061,0.064
2.83300e-02,-0.063,0.064
2.83400e-02,-0.055,0.062
2.83500e-02,-0.059,0.064
2.83600e-02,-0.061,0.064
2.83700e-02,-0.055,0.06
2.83800e-02,-0.057,0.064
2.83900e-02,-0.065,0.066
2.84000e-02,-0.059,0.064
2.84100e-02,-0.061,0.066
2.84200e-02,-0.059,0.06
2.84300e-02,-0.061,0.064
2.84400e-02,-0.059,0.066
2.84500e-02,-0.061,0.062
2.84600e-02,-0.053,0.056
2.84700e-02,-0.061,0.062
2.84800e-02,-0.057,0.064
2.84900e-02,-0.061,0.064
2.85000e-02,-0.059,0.062
2.85100e-02,-0.057,0.06
2.85200e-02,-0.041,0.046
2.85300e-02,-0.051,0.054
2.85400e-02,-0.049,0.056
2.85500e-02,-0.061,0.064
2.85600e-02,-0.061,0.066
2.85700e-02,-0.055,0.058
2.85800e-02,-0.059,0.062
2.85900e-02,-0.057,0.06
2.86000e-02,-0.059,0.064
2.86100e-02,-0.055,0.066
2.86200e-02,-0.061,0.064
2.86300e-02,-0.061,0.064
2.86400e-02,-0.037,0.048
2.86500e-02,-0.055,0.058
2.86600e-02,-0.057,0.06
2.86700e-02,-0.061,0.062
2.86800e-02,-0.063,0.064
2.86900e-02,-0.055,0.062
2.87000e-02,-0.059,0.062
2.87100e-02,-0.061,0.062
2.87200e-02,-0.059,0.062
2.87300e-02,-0.059,0.062
2.87400e-02,-0.053,0.06
2.87500e-02,-0.057,0.062
2.87600e-02,-0.057,0.062
2.87700e-02,-0.063,0.064
2.87800e-02,-0.059,0.06
2.87900e-02,-0.059,0.064
2.88000e-02,-0.061,0.064
2.88100e-02,-0.061,0.064
2.88200e-02,-0.055,0.062
2.88300e-02,-0.061,0.064
2.88400e-02,-0.063,0.062
2.88500e-02,-0.063,0.066
2.88600e-02,-0.061,0.064
2.88700e-02,-0.051,0.056
2.88800e-02,-0.061,0.062
2.88900e-02,-0.059,0.064
2.89000e-02,-0.059,0.06
2.89100e-02,-0.061,0.064
2.89200e-02,-0.055,0.064
2.89300e-02,-0.061,0.062
2.89400e-02,-0.061,0.066
2.89500e-02,-0.063,0.066
2.89600e-02,-0.059,0.062
2.89700e-02,-0.059,0.064
2.89800e-02,-0.059,0.062
2.89900e-02,-0.053,0.056
2.90000e-02,-0.059,0.062
2.90100e-02,-0.059,0.064
2.90200e-02,-0.057,0.06
2.90300e-02,-0.059,0.062
2.90400e-02,-0.055,0.062
2.90500e-02,-0.061,0.064
2.90600e-02,-0.065,0.066
2.90700e-02,-0.055,0.06
2.90800e-02,-0.061,0.066
2.90900e-02,-0.047,0.054
2.91000e-02,-0.063,0.066
2.91100e-02,-0.051,0.054
2.91200e-02,-0.047,0.052
2.91300e-02,-0.057,0.054
2.91400e-02,-0.059,0.062
2.91500e-02,-0.059,0.06
2.91600e-02,-0.061,0.064
2.91700e-02,-0.059,0.064
2.91800e-02,-0.061,0.064
2.91900e-02,-0.047,0.054
2.92000e-02,-0.063,0.068
2.92100e-02,-0.059,0.064
2.92200e-02,-0.059,0.062
2.92300e-02,-0.047,0.054
2.92400e-02,-0.053,0.056
2.92500e-02,-0.037,0.044
2.92600e-02,-0.057,0.062
2.92700e-02,-0.059,0.064
2.92800e-02,-0.061,0.064
2.92900e-02,-0.057,0.064
2.93000e-02,-0.059,0.064
2.93100e-02,-0.061,0.062
2.93200e-02,-0.061,0.064
2.93300e-02,-0.055,0.06
2.93400e-02,-0.061,0.06
2.93500e-02,-0.061,0.064
2.93600e-02,-0.053,0.06
2.93700e-02,-0.061,0.064
2.93800e-02,-0.063,0.064
2.93900e-02,-0.061,0.064
2.94000e-02,-0.051,0.058
2.94100e-02,-0.059,0.062
2.94200e-02,-0.059,0.064
2.94300e-02,-0.053,0.058
2.94400e-02,-0.065,0.062
2.94500e-02,-0.057,0.06
2.94600e-02,-0.059,0.066
2.94700e-02,-0.051,0.056
2.94800e-02,-0.055,0.056
2.94900e-02,-0.055,0.06
2.95000e-02,-0.061,0.064
2.95100e-02,-0.047,0.052
2.95200e-02,-0.053,0.062
2.95300e-02,-0.037,0.04
2.95400e-02,-0.055,0.06
2.95500e-02,-0.059,0.064
2.95600e-02,-0.057,0.06
2.95700e-02,-0.049,0.054
2.95800e-02,-0.059,0.064
2.95900e-02,-0.055,0.062
2.96000e-02,-0.059,0.062
2.96100e-02,-0.059,0.062
2.96200e-02,-0.057,0.06
2.96300e-02,-0.057,0.06
2.96400e-02,-0.055,0.062
2.96500e-02,-0.059,0.06
2.96600e-02,-0.057,0.06
2.96700e-02,-0.055,0.062
2.96800e-02,-0.061,0.064
2.96900e-02,-0.051,0.056
2.97000e-02,-0.055,0.064
2.97100e-02,-0.055,0.06
2.97200e-02,-0.063,0.062
2.97300e-02,-0.057,0.06
2.97400e-02,-0.061,0.064
2.97500e-02,-0.059,0.06
2.97600e-02,-0.061,0.064
2.97700e-02,-0.059,0.062
2.97800e-02,-0.061,0.062
2.97900e-02,-0.057,0.062
2.98000e-02,-0.061,0.064
2.98100e-02,-0.053,0.056
2.98200e-02,-0.055,0.06
2.98300e-02,-0.043,0.05
2.98400e-02,-0.053,0.05
2.98500e-02,-0.047,0.054
2.98600e-02,-0.061,0.064
2.98700e-02,-0.059,0.062
2.98800e-02,-0.061,0.064
2.98900e-02,-0.061,0.064
2.99000e-02,-0.061,0.064
2.99100e-02,-0.059,0.068
2.99200e-02,-0.063,0.062
2.99300e-02,-0.063,0.064
2.99400e-02,-0.051,0.058
2.99500e-02,-0.049,0.056
2.99600e-02,-0.039,0.048
2.99700e-02,-0.061,0.06
2.99800e-02,-0.051,0.058
2.99900e-02,-0.059,0.058
3.00000e-02,-0.065,0.066
3.00100e-02,-0.061,0.064
3.00200e-02,-0.051,0.056
3.00300e-02,-0.061,0.064
3.00400e-02,-0.059,0.066
3.00500e-02,-0.063,0.064
3.00600e-02,-0.059,0.062
3.00700e-02,-0.061,0.066
3.00800e-02,-0.051,0.058
3.00900e-02,-0.059,0.062
3.01000e-02,-0.055,0.06
3.01100e-02,-0.055,0.06
3.01200e-02,-0.061,0.06
3.01300e-02,-0.057,0.064
3.01400e-02,-0.057,0.062
3.01500e-02,-0.055,0.064
3.01600e-02,-0.053,0.06
3.01700e-02,-0.055,0.056
3.01800e-02,-0.059,0.062
3.01900e-02,-0.055,0.06
3.02000e-02,-0.059,0.062
3.02100e-02,-0.061,0.062
3.02200e-02,-0.063,0.062
3.02300e-02,-0.061,0.068
3.02400e-02,-0.059,0.064
3.02500e-02,-0.061,0.062
3.02600e-02,-0.061,0.064
3.02700e-02,-0.057,0.062
3.02800e-02,-0.059,0.064
3.02900e-02,-0.059,0.062
3.03000e-02,-0.061,0.062
3.03100e-02,-0.061,0.062
3.03200e-02,-0.047,0.052
3.03300e-02,-0.063,0.062
3.03400e-02,-0.061,0.062
3.03500e-02,-0.061,0.064
3.03600e-02,-0.053,0.064
3.03700e-02,-0.055,0.062
3.03800e-02,-0.049,0.052
3.03900e-02,-0.061,0.062
3.04000e-02,-0.061,0.062
3.04100e-02,-0.061,0.062
3.04200e-02,-0.059,0.064
3.04300e-02,-0.063,0.06
3.04400e-02,-0.061,0.062
3.04500e-02,-0.063,0.066
3.04600e-02,-0.059,0.064
3.04700e-02,-0.055,0.062
3.04800e-02,-0.053,0.058
3.04900e-02,-0.059,0.064
3.05000e-02,-0.057,0.062
3.05100e-02,-0.053,0.054
3.05200e-02,-0.059,0.064
3.05300e-02,-0.049,0.056
3.05400e-02,-0.051,0.054
3.05500e-02,-0.061,0.066
3.05600e-02,-0.043,0.048
3.05700e-02,-0.061,0.062
3.05800e-02,-0.053,0.058
3.05900e-02,-0.053,0.06
3.06000e-02,-0.055,0.06
3.06100e-02,-0.057,0.064
3.06200e-02,-0.061,0.062
3.06300e-02,-0.061,0.066
3.06400e-02,-0.061,0.062
3.06500e-02,-0.061,0.06
3.06600e-02,-0.061,0.066
3.06700e-02,-0.059,0.062
3.06800e-02,-0.059,0.064
3.06900e-02,-0.059,0.064
3.07000e-02,-0.061,0.062
3.07100e-02,-0.059,0.064
3.07200e-02,-0.057,0.066
3.07300e-02,-0.059,0.068
3.07400e-02,-0.043,0.05
3.07500e-02,-0.059,0.068
3.07600e-02,-0.055,0.06
3.07700e-02,-0.055,0.06
3.07800e-02,-0.059,0.064
3.07900e-02,-0.057,0.06
3.08000e-02,-0.059,0.062
3.08100e-02,-0.057,0.06
3.08200e-02,-0.059,0.064
3.08300e-02,-0.059,0.064
3.08400e-02,-0.059,0.064
3.08500e-02,-0.057,0.06
3.08600e-02,-0.061,0.064
3.08700e-02,-0.059,0.06
3.08800e-02,-0.059,0.06
3.08900e-02,-0.061,0.064
3.09000e-02,-0.053,0.06
3.09100e-02,-0.061,0.066
3.09200e-02,-0.051,0.054
3.09300e-02,-0.057,0.064
3.09400e-02,-0.057,0.06
3.09500e-02,-0.059,0.06
3.09600e-02,-0.061,0.06
3.09700e-02,-0.059,0.062
3.09800e-02,-0.055,0.062
3.09900e-02,-0.061,0.064
3.10000e-02,-0.053,0.06
3.10100e-02,-0.059,0.06
3.10200e-02,-0.057,0.06
3.10300e-02,-0.061,0.064
3.10400e-02,-0.061,0.064
3.10500e-02,-0.059,0.064
3.10600e-02,-0.059,0.06
3.10700e-02,-0.055,0.058
3.10800e-02,-0.055,0.058
3.10900e-02,-0.055,0.056
3.11000e-02,-0.063,0.064
3.11100e-02,-0.051,0.058
3.11200e-02,-0.055,0.054
3.11300e-02,-0.053,0.058
3.11400e-02,-0.053,0.058
3.11500e-02,-0.051,0.056
3.11600e-02,-0.055,0.062
3.11700e-02,-0.059,0.06
3.11800e-02,-0.059,0.066
3.11900e-02,-0.063,0.062
3.12000e-02,-0.061,0.064
3.12100e-02,-0.057,0.06
3.12200e-02,-0.061,0.064
3.12300e-02,-0.059,0.06
3.12400e-02,-0.059,0.064
3.12500e-02,-0.055,0.058
3.12600e-02,-0.061,0.064
3.12700e-02,-0.063,0.064
3.12800e-02,-0.059,0.064
3.12900e-02,-0.059,0.068
3.13000e-02,-0.057,0.06
3.13100e-02,-0.061,0.064
3.13200e-02,-0.061,0.068
3.13300e-02,-0.059,0.062
3.13400e-02,-0.057,0.06
3.13500e-02,-0.059,0.064
3.13600e-02,-0.059,0.068
3.13700e-02,-0.057,0.06
3.13800e-02,-0.061,0.062
3.13900e-02,-0.061,0.06
3.14000e-02,-0.061,0.062
3.14100e-02,-0.055,0.058
3.14200e-02,-0.055,0.06
3.14300e-02,-0.055,0.062
3.14400e-02,-0.055,0.062
3.14500e-02,-0.061,0.06
3.14600e-02,-0.063,0.062
3.14700e-02,-0.061,0.062
3.14800e-02,-0.059,0.062
3.14900e-02,-0.055,0.062
3.15000e-02,-0.053,0.06
3.15100e-02,-0.041,0.05
3.15200e-02,-0.057,0.062
3.15300e-02,-0.059,0.064
3.15400e-02,-0.061,0.062
3.15500e-02,-0.051,0.05
3.15600e-02,-0.051,0.06
3.15700e-02,-0.053,0.06
3.15800e-02,-0.063,0.066
3.15900e-02,-0.059,0.064
3.16000e-02,-0.057,0.064
3.16100e-02,-0.063,0.062
3.16200e-02,-0.055,0.06
3.16300e-02,-0.061,0.06
3.16400e-02,-0.055,0.06
3.16500e-02,-0.059,0.062
3.16600e-02,-0.053,0.062
3.16700e-02,-0.061,0.064
3.16800e-02,-0.049,0.052
3.16900e-02,-0.061,0.06
3.17000e-02,-0.055,0.058
3.17100e-02,-0.059,0.06
3.17200e-02,-0.057,0.06
3.17300e-02,-0.065,0.064
3.17400e-02,-0.059,0.062
3.17500e-02,-0.057,0.064
3.17600e-02,-0.063,0.064
3.17700e-02,-0.057,0.064
3.17800e-02,-0.063,0.064
3.17900e-02,-0.063,0.064
3.18000e-02,-0.061,0.062
3.18100e-02,-0.059,0.064
3.18200e-02,-0.057,0.064
3.18300e-02,-0.061,0.064
3.18400e-02,-0.061,0.062
3.18500e-02,-0.061,0.062
3.18600e-02,-0.061,0.06
3.18700e-02,-0.061,0.064
3.18800e-02,-0.061,0.064
3.18900e-02,-0.047,0.052
3.19000e-02,-0.061,0.062
3.19100e-02,-0.053,0.062
3.19200e-02,-0.059,0.064
3.19300e-02,-0.061,0.064
3.19400e-02,-0.055,0.058
3.19500e-02,-0.059,0.06
3.19600e-02,-0.059,0.064
3.19700e-02,-0.061,0.064
3.19800e-02,-0.059,0.064
3.19900e-02,-0.059,0.066
3.20000e-02,-0.055,0.056
3.20100e-02,-0.061,0.064
3.20200e-02,-0.055,0.06
3.20300e-02,-0.061,0.06
3.20400e-02,-0.061,0.062
3.20500e-02,-0.061,0.062
3.20600e-02,-0.053,0.058
3.20700e-02,-0.059,0.062
3.20800e-02,-0.059,0.064
3.20900e-02,-0.051,0.058
3.21000e-02,-0.053,0.06
3.21100e-02,-0.059,0.06
3.21200e-02,-0.059,0.062
3.21300e-02,-0.057,0.062
3.21400e-02,-0.059,0.062
3.21500e-02,-0.057,0.06
3.21600e-02,-0.047,0.054
3.21700e-02,-0.047,0.054
3.21800e-02,-0.057,0.06
3.21900e-02,-0.043,0.05
3.22000e-02,-0.049,0.054
3.22100e-02,-0.035,0.036
3.22200e-02,-0.043,0.046
3.22300e-02,-0.051,0.054
3.22400e-02,-0.051,0.056
3.22500e-02,-0.055,0.062
3.22600e-02,-0.061,0.062
3.22700e-02,-0.059,0.068
3.22800e-02,-0.059,0.066
3.22900e-02,-0.059,0.066
3.23000e-02,-0.059,0.06
3.23100e-02,-0.049,0.058
3.23200e-02,-0.053,0.058
3.23300e-02,-0.061,0.064
3.23400e-02,-0.059,0.064
3.23500e-02,-0.061,0.064
3.23600e-02,-0.063,0.066
3.23700e-02,-0.061,0.064
3.23800e-02,-0.059,0.066
3.23900e-02,-0.061,0.062
3.24000e-02,-0.061,0.062
3.24100e-02,-0.063,0.062
3.24200e-02,-0.059,0.062
3.24300e-02,-0.061,0.062
3.24400e-02,-0.061,0.066
3.24500e-02,-0.061,0.064
3.24600e-02,-0.049,0.056
3.24700e-02,-0.053,0.054
3.24800e-02,-0.057,0.06
3.24900e-02,-0.057,0.064
3.25000e-02,-0.057,0.062
3.25100e-02,-0.065,0.066
3.25200e-02,-0.057,0.064
3.25300e-02,-0.061,0.064
3.25400e-02,-0.055,0.06
3.25500e-02,-0.059,0.064
3.25600e-02,-0.057,0.062
3.25700e-02,-0.063,0.064
3.25800e-02,-0.063,0.066
3.25900e-02,-0.061,0.064
3.26000e-02,-0.057,0.062
3.26100e-02,-0.043,0.044
3.26200e-02,-0.059,0.064
3.26300e-02,-0.057,0.06
3.26400e-02,-0.059,0.064
3.26500e-02,-0.047,0.05
3.26600e-02,-0.061,0.062
3.26700e-02,-0.059,0.064
3.26800e-02,-0.059,0.064
3.26900e-02,-0.055,0.058
3.27000e-02,-0.061,0.064
3.27100e-02,-0.061,0.068
3.27200e-02,-0.059,0.064
3.27300e-02,-0.051,0.06
3.27400e-02,-0.063,0.066
3.27500e-02,-0.053,0.06
3.27600e-02,-0.059,0.064
3.27700e-02,-0.059,0.062
3.27800e-02,-0.061,0.068
3.27900e-02,-0.059,0.068
3.28000e-02,-0.051,0.058
3.28100e-02,-0.063,0.064
3.28200e-02,-0.061,0.064
3.28300e-02,-0.051,0.058
3.28400e-02,-0.041,0.05
3.28500e-02,-0.055,0.058
3.28600e-02,-0.057,0.064
3.28700e-02,-0.059,0.066
3.28800e-02,-0.059,0.064
3.28900e-02,-0.049,0.052
3.29000e-02,-0.061,0.064
3.29100e-02,-0.059,0.064
3.29200e-02,-0.061,0.062
3.29300e-02,-0.061,0.062
3.29400e-02,-0.057,0.062
3.29500e-02,-0.057,0.06
3.29600e-02,-0.061,0.06
3.29700e-02,-0.051,0.054
3.29800e-02,-0.057,0.062
3.29900e-02,-0.059,0.066
3.30000e-02,-0.061,0.066
3.30100e-02,-0.055,0.064
3.30200e-02,-0.061,0.064
3.30300e-02,-0.059,0.066
3.30400e-02,-0.051,0.056
3.30500e-02,-0.047,0.048
3.30600e-02,-0.059,0.062
3.30700e-02,-0.057,0.06
3.30800e-02,-0.063,0.064
3.30900e-02,-0.063,0.064
3.31000e-02,-0.063,0.064
3.31100e-02,-0.061,0.064
3.31200e-02,-0.047,0.056
3.31300e-02,-0.059,0.062
3.31400e-02,-0.061,0.06
3.31500e-02,-0.061,0.06
3.31600e-02,-0.059,0.062
3.31700e-02,-0.065,0.064
3.31800e-02,-0.053,0.056
3.31900e-02,-0.065,0.062
3.32000e-02,-0.061,0.064
3.32100e-02,-0.059,0.064
3.32200e-02,-0.061,0.062
3.32300e-02,-0.061,0.064
3.32400e-02,-0.061,0.06
3.32500e-02,-0.059,0.066
3.32600e-02,-0.059,0.06
3.32700e-02,-0.057,0.06
3.32800e-02,-0.061,0.064
3.32900e-02,-0.053,0.058
3.33000e-02,-0.061,0.064
3.33100e-02,-0.055,0.06
3.33200e-02,-0.061,0.066
3.33300e-02,-0.063,0.064
3.33400e-02,-0.057,0.06
3.33500e-02,-0.059,0.066
3.33600e-02,-0.057,0.062
3.33700e-02,-0.061,0.06
3.33800e-02,-0.061,0.064
3.33900e-02,-0.061,0.062
3.34000e-02,-0.059,0.06
3.34100e-02,-0.057,0.06
3.34200e-02,-0.059,0.066
3.34300e-02,-0.059,0.062
3.34400e-02,-0.053,0.058
3.34500e-02,-0.047,0.052
3.34600e-02,-0.043,0.048
3.34700e-02,-0.055,0.06
3.34800e-02,-0.059,0.06
3.34900e-02,-0.059,0.066
3.35000e-02,-0.055,0.06
3.35100e-02,-0.061,0.062
3.35200e-02,-0.059,0.068
3.35300e-02,-0.057,0.064
3.35400e-02,-0.061,0.064
3.35500e-02,-0.059,0.062
3.35600e-02,-0.059,0.06
3.35700e-02,-0.061,0.06
3.35800e-02,-0.059,0.06
3.35900e-02,-0.061,0.062
3.36000e-02,-0.061,0.064
3.36100e-02,-0.059,0.062
3.36200e-02,-0.053,0.062
3.36300e-02,-0.059,0.066
3.36400e-02,-0.061,0.062
3.36500e-02,-0.061,0.064
3.36600e-02,-0.063,0.066
3.36700e-02,-0.051,0.054
3.36800e-02,-0.061,0.066
3.36900e-02,-0.059,0.062
3.37000e-02,-0.063,0.064
3.37100e-02,-0.061,0.066
3.37200e-02,-0.063,0.064
3.37300e-02,-0.059,0.062
3.37400e-02,-0.059,0.064
3.37500e-02,-0.061,0.064
3.37600e-02,-0.061,0.062
3.37700e-02,-0.059,0.064
3.37800e-02,-0.055,0.062
3.37900e-02,-0.059,0.062
3.38000e-02,-0.063,0.064
3.38100e-02,-0.063,0.064
3.38200e-02,-0.059,0.06
3.38300e-02,-0.065,0.066
3.38400e-02,-0.061,0.066
3.38500e-02,-0.059,0.062
3.38600e-02,-0.063,0.064
3.38700e-02,-0.063,0.064
3.38800e-02,-0.057,0.064
3.38900e-02,-0.059,0.064
3.39000e-02,-0.059,0.064
3.39100e-02,-0.061,0.062
3.39200e-02,-0.063,0.062
3.39300e-02,-0.059,0.064
3.39400e-02,-0.061,0.064
3.39500e-02,-0.059,0.064
3.39600e-02,-0.061,0.06
3.39700e-02,-0.059,0.064
3.39800e-02,-0.061,0.064
3.39900e-02,-0.061,0.066
3.40000e-02,-0.059,0.064
3.40100e-02,-0.059,0.062
3.40200e-02,-0.061,0.064
3.40300e-02,-0.059,0.062
3.40400e-02,-0.059,0.064
3.40500e-02,-0.057,0.06
3.40600e-02,-0.059,0.066
3.40700e-02,-0.059,0.064
3.40800e-02,-0.057,0.06
3.40900e-02,-0.057,0.064
3.41000e-02,-0.059,0.062
3.41100e-02,-0.053,0.058
3.41200e-02,-0.065,0.066
3.41300e-02,-0.061,0.062
3.41400e-02,-0.059,0.062
3.41500e-02,-0.045,0.052
3.41600e-02,-0.049,0.05
3.41700e-02,-0.037,0.04
3.41800e-02,-0.045,0.05
3.41900e-02,-0.041,0.048
3.42000e-02,-0.049,0.058
3.42100e-02,-0.037,0.042
3.42200e-02,-0.051,0.06
3.42300e-02,-0.057,0.064
3.42400e-02,-0.059,0.066
3.42500e-02,-0.053,0.056
3.42600e-02,-0.059,0.062
3.42700e-02,-0.055,0.058
3.42800e-02,-0.059,0.064
3.42900e-02,-0.055,0.058
3.43000e-02,-0.059,0.062
3.43100e-02,-0.057,0.062
3.43200e-02,-0.057,0.06
3.43300e-02,-0.057,0.064
3.43400e-02,-0.059,0.06
3.43500e-02,-0.063,0.062
3.43600e-02,-0.055,0.062
3.43700e-02,-0.059,0.064
3.43800e-02,-0.061,0.06
3.43900e-02,-0.063,0.064
3.44000e-02,-0.051,0.05
3.44100e-02,-0.061,0.064
3.44200e-02,-0.059,0.062
3.44300e-02,-0.053,0.06
3.44400e-02,-0.039,0.046
3.44500e-02,-0.063,0.062
3.44600e-02,-0.061,0.06
3.44700e-02,-0.063,0.062
3.44800e-02,-0.061,0.062
3.44900e-02,-0.057,0.066
3.45000e-02,-0.061,0.066
3.45100e-02,-0.047,0.052
3.45200e-02,-0.059,0.064
3.45300e-02,-0.047,0.052
3.45400e-02,-0.061,0.064
3.45500e-02,-0.055,0.06
3.45600e-02,-0.057,0.06
3.45700e-02,-0.055,0.058
3.45800e-02,-0.057,0.062
3.45900e-02,-0.055,0.064
3.46000e-02,-0.059,0.066
3.46100e-02,-0.061,0.062
3.46200e-02,-0.059,0.06
3.46300e-02,-0.059,0.064
3.46400e-02,-0.059,0.062
3.46500e-02,-0.063,0.062
3.46600e-02,-0.063,0.062
3.46700e-02,-0.061,0.064
3.46800e-02,-0.061,0.066
3.46900e-02,-0.061,0.062
3.47000e-02,-0.061,0.064
3.47100e-02,-0.059,0.064
3.47200e-02,-0.059,0.064
3.47300e-02,-0.051,0.056
3.47400e-02,-0.057,0.064
3.47500e-02,-0.061,0.064
3.47600e-02,-0.055,0.058
3.47700e-02,-0.063,0.062
3.47800e-02,-0.059,0.062
3.47900e-02,-0.057,0.06
3.48000e-02,-0.055,0.06
3.48100e-02,-0.059,0.06
3.48200e-02,-0.055,0.06
3.48300e-02,-0.063,0.06
3.48400e-02,-0.057,0.062
3.48500e-02,-0.059,0.062
3.48600e-02,-0.057,0.064
3.48700e-02,-0.061,0.064
3.48800e-02,-0.063,0.064
3.48900e-02,-0.063,0.066
3.49000e-02,-0.061,0.062
3.49100e-02,-0.059,0.064
3.49200e-02,-0.061,0.064
3.49300e-02,-0.063,0.062
3.49400e-02,-0.063,0.062
3.49500e-02,-0.057,0.064
3.49600e-02,-0.061,0.064
3.49700e-02,-0.063,0.066
3.49800e-02,-0.061,0.064
3.49900e-02,-0.061,0.062
3.50000e-02,-0.065,0.062
3.50100e-02,-0.059,0.066
3.50200e-02,-0.059,0.062
3.50300e-02,-0.055,0.062
3.50400e-02,-0.061,0.06
3.50500e-02,-0.057,0.06
3.50600e-02,-0.063,0.064
3.50700e-02,-0.059,0.058
3.50800e-02,-0.063,0.064
3.50900e-02,-0.061,0.062
3.51000e-02,-0.063,0.062
3.51100e-02,-0.059,0.064
3.51200e-02,-0.065,0.062
3.51300e-02,-0.061,0.064
3.51400e-02,-0.059,0.066
3.51500e-02,-0.061,0.062
3.51600e-02,-0.061,0.066
3.51700e-02,-0.063,0.064
3.51800e-02,-0.053,0.06
3.51900e-02,-0.059,0.064
3.52000e-02,-0.061,0.064
3.52100e-02,-0.057,0.062
3.52200e-02,-0.059,0.064
3.52300e-02,-0.055,0.06
3.52400e-02,-0.061,0.064
3.52500e-02,-0.061,0.06
3.52600e-02,-0.057,0.06
3.52700e-02,-0.059,0.066
3.52800e-02,-0.061,0.06
3.52900e-02,-0.057,0.06
3.53000e-02,-0.057,0.06
3.53100e-02,-0.061,0.064
3.53200e-02,-0.053,0.06
3.53300e-02,-0.055,0.06
3.53400e-02,-0.061,0.06
3.53500e-02,-0.061,0.064
3.53600e-02,-0.059,0.062
3.53700e-02,-0.063,0.066
3.53800e-02,-0.061,0.062
3.53900e-02,-0.059,0.064
3.54000e-02,-0.061,0.062
3.54100e-02,-0.059,0.06
3.54200e-02,-0.061,0.064
3.54300e-02,-0.059,0.06
3.54400e-02,-0.059,0.062
3.54500e-02,-0.061,0.064
3.54600e-02,-0.061,0.066
3.54700e-02,-0.063,0.064
3.54800e-02,-0.061,0.06
3.54900e-02,-0.055,0.064
3.55000e-02,-0.061,0.064
3.55100e-02,-0.061,0.066
3.55200e-02,-0.063,0.066
3.55300e-02,-0.057,0.064
3.55400e-02,-0.063,0.062
3.55500e-02,-0.059,0.064
3.55600e-02,-0.061,0.064
3.55700e-02,-0.061,0.062
3.55800e-02,-0.059,0.06
3.55900e-02,-0.057,0.06
3.56000e-02,-0.051,0.058
3.56100e-02,-0.059,0.062
3.56200e-02,-0.061,0.064
3.56300e-02,-0.055,0.064
3.56400e-02,-0.059,0.062
3.56500e-02,-0.055,0.06
3.56600e-02,-0.051,0.054
3.56700e-02,-0.045,0.05
3.56800e-02,-0.057,0.06
3.56900e-02,-0.051,0.056
3.57000e-02,-0.049,0.058
3.57100e-02,-0.059,0.06
3.57200e-02,-0.061,0.064
3.57300e-02,-0.057,0.064
3.57400e-02,-0.053,0.056
3.57500e-02,-0.061,0.064
3.57600e-02,-0.059,0.064
3.57700e-02,-0.057,0.066
3.57800e-02,-0.057,0.06
3.57900e-02,-0.057,0.066
3.58000e-02,-0.063,0.062
3.58100e-02,-0.059,0.062
3.58200e-02,-0.055,0.06
3.58300e-02,-0.059,0.064
3.58400e-02,-0.053,0.056
3.58500e-02,-0.057,0.06
3.58600e-02,-0.049,0.058
3.58700e-02,-0.061,0.064
3.58800e-02,-0.061,0.068
3.58900e-02,-0.061,0.06
3.59000e-02,-0.053,0.058
3.59100e-02,-0.057,0.062
3.59200e-02,-0.063,0.062
3.59300e-02,-0.063,0.064
3.59400e-02,-0.055,0.056
3.59500e-02,-0.059,0.064
3.59600e-02,-0.059,0.06
3.59700e-02,-0.059,0.06
3.59800e-02,-0.059,0.064
3.59900e-02,-0.059,0.064
3.60000e-02,-0.061,0.064
3.60100e-02,-0.059,0.064
3.60200e-02,-0.055,0.058
3.60300e-02,-0.059,0.062
3.60400e-02,-0.059,0.06
3.60500e-02,-0.055,0.064
3.60600e-02,-0.061,0.06
3.60700e-02,-0.063,0.062
3.60800e-02,-0.061,0.062
3.60900e-02,-0.059,0.064
3.61000e-02,-0.059,0.066
3.61100e-02,-0.055,0.06
3.61200e-02,-0.057,0.06
3.61300e-02,-0.061,0.06
3.61400e-02,-0.065,0.062
3.61500e-02,-0.059,0.064
3.61600e-02,-0.061,0.066
3.61700e-02,-0.059,0.064
3.61800e-02,-0.049,0.052
3.61900e-02,-0.063,0.064
3.62000e-02,-0.051,0.052
3.62100e-02,-0.061,0.062
3.62200e-02,-0.055,0.062
3.62300e-02,-0.055,0.06
3.62400e-02,-0.059,0.064
3.62500e-02,-0.053,0.06
3.62600e-02,-0.059,0.062
3.62700e-02,-0.059,0.066
3.62800e-02,-0.067,0.062
3.62900e-02,-0.059,0.064
3.63000e-02,-0.057,0.06
3.63100e-02,-0.063,0.064
3.63200e-02,-0.061,0.064
3.63300e-02,-0.055,0.06
3.63400e-02,-0.061,0.062
3.63500e-02,-0.061,0.06
3.63600e-02,-0.057,0.062
3.63700e-02,-0.061,0.064
3.63800e-02,-0.059,0.06
3.63900e-02,-0.049,0.054
3.64000e-02,-0.059,0.064
3.64100e-02,-0.051,0.058
3.64200e-02,-0.053,0.06
3.64300e-02,-0.057,0.06
3.64400e-02,-0.057,0.06
3.64500e-02,-0.057,0.056
3.64600e-02,-0.061,0.064
3.64700e-02,-0.063,0.064
3.64800e-02,-0.059,0.062
3.64900e-02,-0.057,0.064
3.65000e-02,-0.053,0.056
3.65100e-02,-0.061,0.064
3.65200e-02,-0.061,0.064
3.65300e-02,-0.063,0.064
3.65400e-02,-0.061,0.064
3.65500e-02,-0.059,0.062
3.65600e-02,-0.061,0.068
3.65700e-02,-0.057,0.064
3.65800e-02,-0.047,0.048
3.65900e-02,-0.061,0.064
3.66000e-02,-0.059,0.062
3.66100e-02,-0.053,0.062
3.66200e-02,-0.059,0.06
3.66300e-02,-0.059,0.064
3.66400e-02,-0.057,0.06
3.66500e-02,-0.059,0.066
3.66600e-02,-0.053,0.058
3.66700e-02,-0.061,0.06
3.66800e-02,-0.055,0.06
3.66900e-02,-0.055,0.066
3.67000e-02,-0.059,0.064
3.67100e-02,-0.055,0.06
3.67200e-02,-0.059,0.06
3.67300e-02,-0.049,0.054
3.67400e-02,-0.055,0.062
3.67500e-02,-0.057,0.064
3.67600e-02,-0.057,0.064
3.67700e-02,-0.059,0.062
3.67800e-02,-0.057,0.062
3.67900e-02,-0.057,0.064
3.68000e-02,-0.053,0.06
3.68100e-02,-0.059,0.062
3.68200e-02,-0.053,0.06
3.68300e-02,-0.055,0.06
3.68400e-02,-0.059,0.058
3.68500e-02,-0.057,0.066
3.68600e-02,-0.057,0.064
3.68700e-02,-0.059,0.06
3.68800e-02,-0.059,0.064
3.68900e-02,-0.059,0.062
3.69000e-02,-0.059,0.066
3.69100e-02,-0.055,0.06
3.69200e-02,-0.059,0.064
3.69300e-02,-0.059,0.066
3.69400e-02,-0.061,0.066
3.69500e-02,-0.061,0.064
3.69600e-02,-0.061,0.062
3.69700e-02,-0.059,0.064
3.69800e-02,-0.055,0.06
3.69900e-02,-0.057,0.064
3.70000e-02,-0.059,0.066
3.70100e-02,-0.057,0.06
3.70200e-02,-0.063,0.064
3.70300e-02,-0.061,0.066
3.70400e-02,-0.059,0.066
3.70500e-02,-0.061,0.06
3.70600e-02,-0.061,0.066
3.70700e-02,-0.061,0.064
3.70800e-02,-0.061,0.062
3.70900e-02,-0.059,0.06
3.71000e-02,-0.063,0.064
3.71100e-02,-0.061,0.064
3.71200e-02,-0.063,0.064
3.71300e-02,-0.061,0.06
3.71400e-02,-0.059,0.062
3.71500e-02,-0.059,0.06
3.71600e-02,-0.059,0.066
3.71700e-02,-0.063,0.066
3.71800e-02,-0.063,0.064
3.71900e-02,-0.057,0.066
3.72000e-02,-0.057,0.064
3.72100e-02,-0.057,0.06
3.72200e-02,-0.061,0.06
3.72300e-02,-0.059,0.064
3.72400e-02,-0.059,0.064
3.72500e-02,-0.061,0.064
3.72600e-02,-0.061,0.066
3.72700e-02,-0.061,0.066
3.72800e-02,-0.059,0.068
3.72900e-02,-0.059,0.06
3.73000e-02,-0.053,0.06
3.73100e-02,-0.055,0.06
3.73200e-02,-0.059,0.064
3.73300e-02,-0.061,0.064
3.73400e-02,-0.059,0.064
3.73500e-02,-0.055,0.062
3.73600e-02,-0.061,0.064
3.73700e-02,-0.063,0.064
3.73800e-02,-0.063,0.062
3.73900e-02,-0.059,0.064
3.74000e-02,-0.063,0.064
3.74100e-02,-0.059,0.062
3.74200e-02,-0.055,0.06
3.74300e-02,-0.057,0.064
3.74400e-02,-0.055,0.062
3.74500e-02,-0.057,0.064
3.74600e-02,-0.063,0.064
3.74700e-02,-0.061,0.062
3.74800e-02,-0.057,0.06
3.74900e-02,-0.063,0.064
3.75000e-02,-0.057,0.06
3.75100e-02,-0.059,0.062
3.75200e-02,-0.059,0.064
3.75300e-02,-0.061,0.064
3.75400e-02,-0.059,0.066
3.75500e-02,-0.061,0.066
3.75600e-02,-0.059,0.066
3.75700e-02,-0.061,0.062
3.75800e-02,-0.049,0.054
3.75900e-02,-0.061,0.064
3.76000e-02,-0.059,0.06
3.76100e-02,-0.061,0.068
3.76200e-02,-0.057,0.062
3.76300e-02,-0.061,0.064
3.76400e-02,-0.059,0.066
3.76500e-02,-0.065,0.062
3.76600e-02,-0.053,0.06
3.76700e-02,-0.059,0.064
3.76800e-02,-0.059,0.06
3.76900e-02,-0.055,0.06
3.77000e-02,-0.051,0.054
3.77100e-02,-0.065,0.062
3.77200e-02,-0.061,0.064
3.77300e-02,-0.059,0.06
3.77400e-02,-0.057,0.06
3.77500e-02,-0.057,0.064
3.77600e-02,-0.059,0.06
3.77700e-02,-0.059,0.064
3.77800e-02,-0.057,0.06
3.77900e-02,-0.055,0.06
3.78000e-02,-0.057,0.064
3.78100e-02,-0.047,0.06
3.78200e-02,-0.055,0.062
3.78300e-02,-0.049,0.054
3.78400e-02,-0.059,0.062
3.78500e-02,-0.057,0.062
3.78600e-02,-0.059,0.064
3.78700e-02,-0.057,0.06
3.78800e-02,-0.051,0.058
3.78900e-02,-0.057,0.06
3.79000e-02,-0.045,0.048
3.79100e-02,-0.057,0.06
3.79200e-02,-0.053,0.062
3.79300e-02,-0.055,0.064
3.79400e-02,-0.057,0.064
3.79500e-02,-0.051,0.054
3.79600e-02,-0.055,0.06
3.79700e-02,-0.041,0.046
3.79800e-02,-0.057,0.062
3.79900e-02,-0.063,0.064
3.80000e-02,-0.057,0.062
3.80100e-02,-0.055,0.06
3.80200e-02,-0.053,0.058
3.80300e-02,-0.055,0.06
3.80400e-02,-0.055,0.06
3.80500e-02,-0.059,0.064
3.80600e-02,-0.055,0.06
3.80700e-02,-0.061,0.062
3.80800e-02,-0.057,0.06
3.80900e-02,-0.057,0.06
3.81000e-02,-0.061,0.064
3.81100e-02,-0.061,0.062
3.81200e-02,-0.061,0.062
3.81300e-02,-0.061,0.064
3.81400e-02,-0.059,0.064
3.81500e-02,-0.061,0.064
3.81600e-02,-0.055,0.054
3.81700e-02,-0.061,0.06
3.81800e-02,-0.061,0.062
3.81900e-02,-0.053,0.06
3.82000e-02,-0.061,0.064
3.82100e-02,-0.059,0.066
3.82200e-02,-0.055,0.06
3.82300e-02,-0.057,0.06
3.82400e-02,-0.059,0.062
3.82500e-02,-0.057,0.062
3.82600e-02,-0.059,0.06
3.82700e-02,-0.059,0.062
3.82800e-02,-0.061,0.064
3.82900e-02,-0.059,0.06
3.83000e-02,-0.055,0.064
3.83100e-02,-0.055,0.06
3.83200e-02,-0.059,0.06
3.83300e-02,-0.063,0.06
3.83400e-02,-0.059,0.064
3.83500e-02,-0.061,0.066
3.83600e-02,-0.059,0.06
3.83700e-02,-0.061,0.064
3.83800e-02,-0.057,0.064
3.83900e-02,-0.061,0.06
3.84000e-02,-0.053,0.058
3.84100e-02,-0.063,0.066
3.84200e-02,-0.059,0.064
3.84300e-02,-0.059,0.06
3.84400e-02,-0.055,0.064
3.84500e-02,-0.059,0.06
3.84600e-02,-0.061,0.062
3.84700e-02,-0.057,0.06
3.84800e-02,-0.063,0.064
3.84900e-02,-0.061,0.062
3.85000e-02,-0.051,0.056
3.85100e-02,-0.063,0.064
3.85200e-02,-0.061,0.062
3.85300e-02,-0.053,0.056
3.85400e-02,-0.061,0.062
3.85500e-02,-0.059,0.064
3.85600e-02,-0.059,0.062
3.85700e-02,-0.061,0.064
3.85800e-02,-0.057,0.06
3.85900e-02,-0.063,0.068
3.86000e-02,-0.055,0.06
3.86100e-02,-0.059,0.06
3.86200e-02,-0.051,0.05
3.86300e-02,-0.061,0.062
3.86400e-02,-0.061,0.064
3.86500e-02,-0.059,0.064
3.86600e-02,-0.059,0.064
3.86700e-02,-0.059,0.064
3.86800e-02,-0.057,0.064
3.86900e-02,-0.063,0.06
3.87000e-02,-0.061,0.06
3.87100e-02,-0.059,0.064
3.87200e-02,-0.057,0.066
3.87300e-02,-0.059,0.062
3.87400e-02,-0.061,0.06
3.87500e-02,-0.057,0.062
3.87600e-02,-0.061,0.064
3.87700e-02,-0.059,0.066
3.87800e-02,-0.059,0.066
3.87900e-02,-0.059,0.062
3.88000e-02,-0.053,0.06
3.88100e-02,-0.049,0.054
3.88200e-02,-0.061,0.062
3.88300e-02,-0.057,0.06
3.88400e-02,-0.055,0.058
3.88500e-02,-0.057,0.064
3.88600e-02,-0.053,0.056
3.88700e-02,-0.063,0.064
3.88800e-02,-0.055,0.06
3.88900e-02,-0.061,0.062
3.89000e-02,-0.061,0.064
3.89100e-02,-0.061,0.064
3.89200e-02,-0.063,0.066
3.89300e-02,-0.061,0.064
3.89400e-02,-0.059,0.06
3.89500e-02,-0.061,0.06
3.89600e-02,-0.061,0.068
3.89700e-02,-0.057,0.06
3.89800e-02,-0.057,0.062
3.89900e-02,-0.055,0.06
3.90000e-02,-0.059,0.06
3.90100e-02,-0.049,0.056
3.90200e-02,-0.059,0.064
3.90300e-02,-0.059,0.064
3.90400e-02,-0.055,0.06
3.90500e-02,-0.061,0.066
3.90600e-02,-0.059,0.064
3.90700e-02,-0.061,0.064
3.90800e-02,-0.059,0.06
3.90900e-02,-0.059,0.064
3.91000e-02,-0.055,0.06
3.91100e-02,-0.061,0.062
3.91200e-02,-0.055,0.06
3.91300e-02,-0.061,0.062
3.91400e-02,-0.061,0.064
3.91500e-02,-0.059,0.06
3.91600e-02,-0.055,0.058
3.91700e-02,-0.059,0.062
3.91800e-02,-0.057,0.054
3.91900e-02,-0.063,0.064
3.92000e-02,-0.057,0.062
3.92100e-02,-0.057,0.06
3.92200e-02,-0.063,0.068
3.92300e-02,-0.063,0.066
3.92400e-02,-0.061,0.062
3.92500e-02,-0.059,0.064
3.92600e-02,-0.061,0.06
3.92700e-02,-0.055,0.058
3.92800e-02,-0.041,0.05
3.92900e-02,-0.049,0.054
3.93000e-02,-0.035,0.042
3.93100e-02,-0.053,0.056
3.93200e-02,-0.057,0.064
3.93300e-02,-0.057,0.06
3.93400e-02,-0.055,0.06
3.93500e-02,-0.063,0.064
3.93600e-02,-0.053,0.056
3.93700e-02,-0.053,0.058
3.93800e-02,-0.051,0.054
3.93900e-02,-0.053,0.056
3.94000e-02,-0.049,0.054
3.94100e-02,-0.059,0.06
3.94200e-02,-0.061,0.062
3.94300e-02,-0.059,0.066
3.94400e-02,-0.053,0.058
3.94500e-02,-0.057,0.062
3.94600e-02,-0.059,0.062
3.94700e-02,-0.061,0.068
3.94800e-02,-0.057,0.06
3.94900e-02,-0.059,0.062
3.95000e-02,-0.053,0.06
3.95100e-02,-0.061,0.062
3.95200e-02,-0.063,0.066
3.95300e-02,-0.057,0.06
3.95400e-02,-0.061,0.062
3.95500e-02,-0.061,0.064
3.95600e-02,-0.059,0.06
3.95700e-02,-0.047,0.054
3.95800e-02,-0.061,0.064
3.95900e-02,-0.061,0.062
3.96000e-02,-0.059,0.064
3.96100e-02,-0.057,0.062
3.96200e-02,-0.059,0.06
3.96300e-02,-0.059,0.066
3.96400e-02,-0.059,0.06
3.96500e-02,-0.055,0.06
3.96600e-02,-0.061,0.062
3.96700e-02,-0.061,0.066
3.96800e-02,-0.053,0.056
3.96900e-02,-0.059,0.062
3.97000e-02,-0.059,0.066
3.97100e-02,-0.059,0.068
3.97200e-02,-0.061,0.066
3.97300e-02,-0.057,0.06
3.97400e-02,-0.061,0.064
3.97500e-02,-0.059,0.064
3.97600e-02,-0.063,0.064
3.97700e-02,-0.055,0.06
3.97800e-02,-0.057,0.06
3.97900e-02,-0.047,0.056
3.98000e-02,-0.055,0.062
3.98100e-02,-0.061,0.062
3.98200e-02,-0.061,0.062
3.98300e-02,-0.055,0.058
3.98400e-02,-0.057,0.062
3.98500e-02,-0.059,0.064
3.98600e-02,-0.061,0.064
3.98700e-02,-0.053,0.06
3.98800e-02,-0.047,0.05
3.98900e-02,-0.049,0.054
3.99000e-02,-0.055,0.06
3.99100e-02,-0.051,0.06
3.99200e-02,-0.057,0.06
3.99300e-02,-0.057,0.062
3.99400e-02,-0.059,0.062
3.99500e-02,-0.059,0.064
3.99600e-02,-0.059,0.062
3.99700e-02,-0.061,0.064
3.99800e-02,-0.059,0.064
3.99900e-02,-0.063,0.066
4.00000e-02,-0.059,0.064
4.00100e-02,-0.057,0.06
4.00200e-02,-0.055,0.064
4.00300e-02,-0.063,0.064
4.00400e-02,-0.059,0.064
4.00500e-02,-0.059,0.066
4.00600e-02,-0.061,0.062
4.00700e-02,-0.061,0.062
4.00800e-02,-0.061,0.066
4.00900e-02,-0.063,0.06
4.01000e-02,-0.059,0.064
4.01100e-02,-0.059,0.06
4.01200e-02,-0.063,0.066
4.01300e-02,-0.061,0.062
4.01400e-02,-0.057,0.066
4.01500e-02,-0.063,0.064
4.01600e-02,-0.057,0.06
4.01700e-02,-0.057,0.06
4.01800e-02,-0.051,0.056
4.01900e-02,-0.059,0.058
4.02000e-02,-0.059,0.062
4.02100e-02,-0.057,0.066
4.02200e-02,-0.057,0.064
4.02300e-02,-0.053,0.06
4.02400e-02,-0.061,0.062
4.02500e-02,-0.057,0.06
4.02600e-02,-0.061,0.064
4.02700e-02,-0.059,0.064
4.02800e-02,-0.059,0.064
4.02900e-02,-0.055,0.062
4.03000e-02,-0.061,0.064
4.03100e-02,-0.063,0.064
4.03200e-02,-0.055,0.056
4.03300e-02,-0.059,0.062
4.03400e-02,-0.059,0.06
4.03500e-02,-0.063,0.066
4.03600e-02,-0.053,0.06
4.03700e-02,-0.061,0.064
4.03800e-02,-0.059,0.062
4.03900e-02,-0.063,0.062
4.04000e-02,-0.059,0.062
4.04100e-02,-0.061,0.06
4.04200e-02,-0.061,0.068
4.04300e-02,-0.057,0.06
4.04400e-02,-0.063,0.06
4.04500e-02,-0.059,0.06
4.04600e-02,-0.063,0.062
4.04700e-02,-0.063,0.066
4.04800e-02,-0.059,0.064
4.04900e-02,-0.059,0.066
4.05000e-02,-0.063,0.062
4.05100e-02,-0.061,0.066
4.05200e-02,-0.061,0.062
4.05300e-02,-0.055,0.058
4.05400e-02,-0.061,0.062
4.05500e-02,-0.059,0.064
4.05600e-02,-0.063,0.064
4.05700e-02,-0.061,0.062
4.05800e-02,-0.055,0.06
4.05900e-02,-0.061,0.066
4.06000e-02,-0.057,0.066
4.06100e-02,-0.059,0.064
4.06200e-02,-0.057,0.064
4.06300e-02,-0.061,0.06
4.06400e-02,-0.059,0.062
4.06500e-02,-0.055,0.06
4.06600e-02,-0.061,0.062
4.06700e-02,-0.059,0.064
4.06800e-02,-0.059,0.066
4.06900e-02,-0.061,0.064
4.07000e-02,-0.055,0.06
4.07100e-02,-0.061,0.062
4.07200e-02,-0.061,0.06
4.07300e-02,-0.061,0.064
4.07400e-02,-0.061,0.064
4.07500e-02,-0.057,0.064
4.07600e-02,-0.059,0.064
4.07700e-02,-0.051,0.052
4.07800e-02,-0.045,0.052
4.07900e-02,-0.049,0.05
4.08000e-02,-0.053,0.06
4.08100e-02,-0.059,0.064
4.08200e-02,-0.059,0.066
4.08300e-02,-0.055,0.064
4.08400e-02,-0.061,0.064
4.08500e-02,-0.061,0.064
4.08600e-02,-0.063,0.064
4.08700e-02,-0.061,0.064
4.08800e-02,-0.059,0.064
4.08900e-02,-0.057,0.062
4.09000e-02,-0.055,0.058
4.09100e-02,-0.059,0.062
4.09200e-02,-0.053,0.058
4.09300e-02,-0.059,0.062
4.09400e-02,-0.059,0.062
4.09500e-02,-0.063,0.06
4.09600e-02,-0.063,0.064
4.09700e-02,-0.057,0.064
4.09800e-02,-0.057,0.064
4.09900e-02,-0.059,0.062
4.10000e-02,-0.055,0.064
4.10100e-02,-0.061,0.062
4.10200e-02,-0.057,0.064
4.10300e-02,-0.059,0.064
4.10400e-02,-0.057,0.06
4.10500e-02,-0.061,0.066
4.10600e-02,-0.057,0.056
4.10700e-02,-0.057,0.06
4.10800e-02,-0.061,0.062
4.10900e-02,-0.057,0.06
4.11000e-02,-0.059,0.064
4.11100e-02,-0.063,0.062
4.11200e-02,-0.063,0.068
4.11300e-02,-0.059,0.064
4.11400e-02,-0.061,0.062
4.11500e-02,-0.061,0.06
4.11600e-02,-0.059,0.064
4.11700e-02,-0.055,0.06
4.11800e-02,-0.055,0.064
4.11900e-02,-0.063,0.064
4.12000e-02,-0.059,0.064
4.12100e-02,-0.059,0.062
4.12200e-02,-0.059,0.064
4.12300e-02,-0.059,0.064
4.12400e-02,-0.061,0.06
4.12500e-02,-0.055,0.06
4.12600e-02,-0.055,0.058
4.12700e-02,-0.051,0.056
4.12800e-02,-0.061,0.062
4.12900e-02,-0.059,0.06
4.13000e-02,-0.059,0.064
4.13100e-02,-0.059,0.064
4.13200e-02,-0.059,0.066
4.13300e-02,-0.059,0.06
4.13400e-02,-0.055,0.06
4.13500e-02,-0.053,0.058
4.13600e-02,-0.061,0.06
4.13700e-02,-0.055,0.058
4.13800e-02,-0.061,0.062
4.13900e-02,-0.057,0.062
4.14000e-02,-0.051,0.054
4.14100e-02,-0.055,0.06
4.14200e-02,-0.057,0.064
4.14300e-02,-0.059,0.062
4.14400e-02,-0.059,0.062
4.14500e-02,-0.059,0.06
4.14600e-02,-0.059,0.064
4.14700e-02,-0.061,0.062
4.14800e-02,-0.061,0.064
4.14900e-02,-0.059,0.064
4.15000e-02,-0.061,0.064
4.15100e-02,-0.059,0.06
4.15200e-02,-0.055,0.064
4.15300e-02,-0.061,0.066
4.15400e-02,-0.063,0.064
4.15500e-02,-0.053,0.06
4.15600e-02,-0.049,0.054
4.15700e-02,-0.059,0.064
4.15800e-02,-0.057,0.062
4.15900e-02,-0.055,0.062
4.16000e-02,-0.055,0.058
4.16100e-02,-0.059,0.062
4.16200e-02,-0.057,0.064
4.16300e-02,-0.063,0.064
4.16400e-02,-0.055,0.06
4.16500e-02,-0.059,0.064
4.16600e-02,-0.059,0.062
4.16700e-02,-0.057,0.064
4.16800e-02,-0.055,0.06
4.16900e-02,-0.057,0.062
4.17000e-02,-0.059,0.062
4.17100e-02,-0.045,0.05
4.17200e-02,-0.053,0.056
4.17300e-02,-0.051,0.058
4.17400e-02,-0.061,0.064
4.17500e-02,-0.055,0.06
4.17600e-02,-0.061,0.064
4.17700e-02,-0.063,0.064
4.17800e-02,-0.055,0.062
4.17900e-02,-0.063,0.066
4.18000e-02,-0.059,0.064
4.18100e-02,-0.061,0.06
4.18200e-02,-0.063,0.062
4.18300e-02,-0.063,0.062
4.18400e-02,-0.063,0.066
4.18500e-02,-0.055,0.06
4.18600e-02,-0.057,0.06
4.18700e-02,-0.051,0.058
4.18800e-02,-0.059,0.066
4.18900e-02,-0.057,0.06
4.19000e-02,-0.061,0.064
4.19100e-02,-0.061,0.064
4.19200e-02,-0.065,0.064
4.19300e-02,-0.059,0.062
4.19400e-02,-0.057,0.062
4.19500e-02,-0.055,0.06
4.19600e-02,-0.063,0.064
4.19700e-02,-0.059,0.062
4.19800e-02,-0.063,0.064
4.19900e-02,-0.059,0.06
4.20000e-02,-0.059,0.064
4.20100e-02,-0.053,0.062
4.20200e-02,-0.059,0.064
4.20300e-02,-0.053,0.062
4.20400e-02,-0.051,0.054
4.20500e-02,-0.057,0.062
4.20600e-02,-0.055,0.058
4.20700e-02,-0.055,0.062
4.20800e-02,-0.053,0.056
4.20900e-02,-0.057,0.064
4.21000e-02,-0.055,0.06
4.21100e-02,-0.055,0.06
4.21200e-02,-0.057,0.062
4.21300e-02,-0.059,0.064
4.21400e-02,-0.063,0.064
4.21500e-02,-0.055,0.06
4.21600e-02,-0.059,0.064
4.21700e-02,-0.059,0.064
4.21800e-02,-0.059,0.066
4.21900e-02,-0.055,0.06
4.22000e-02,-0.063,0.066
4.22100e-02,-0.059,0.062
4.22200e-02,-0.061,0.064
4.22300e-02,-0.061,0.066
4.22400e-02,-0.047,0.052
4.22500e-02,-0.055,0.06
4.22600e-02,-0.059,0.06
4.22700e-02,-0.065,0.064
4.22800e-02,-0.061,0.066
4.22900e-02,-0.065,0.062
4.23000e-02,-0.059,0.062
4.23100e-02,-0.051,0.054
4.23200e-02,-0.059,0.066
4.23300e-02,-0.051,0.056
4.23400e-02,-0.055,0.06
4.23500e-02,-0.059,0.064
4.23600e-02,-0.051,0.056
4.23700e-02,-0.061,0.064
4.23800e-02,-0.055,0.058
4.23900e-02,-0.053,0.056
4.24000e-02,-0.065,0.064
4.24100e-02,-0.061,0.062
4.24200e-02,-0.059,0.064
4.24300e-02,-0.045,0.052
4.24400e-02,-0.061,0.06
4.24500e-02,-0.061,0.062
4.24600e-02,-0.059,0.066
4.24700e-02,-0.057,0.062
4.24800e-02,-0.063,0.064
4.24900e-02,-0.059,0.062
4.25000e-02,-0.065,0.066
4.25100e-02,-0.047,0.048
4.25200e-02,-0.057,0.062
4.25300e-02,-0.059,0.06
4.25400e-02,-0.049,0.054
4.25500e-02,-0.063,0.062
4.25600e-02,-0.051,0.058
4.25700e-02,-0.057,0.06
4.25800e-02,-0.061,0.062
4.25900e-02,-0.053,0.058
4.26000e-02,-0.061,0.064
4.26100e-02,-0.057,0.062
4.26200e-02,-0.053,0.06
4.26300e-02,-0.057,0.06
4.26400e-02,-0.059,0.068
4.26500e-02,-0.061,0.062
4.26600e-02,-0.063,0.062
4.26700e-02,-0.061,0.062
4.26800e-02,-0.061,0.064
4.26900e-02,-0.059,0.06
4.27000e-02,-0.059,0.06
4.27100e-02,-0.063,0.06
4.27200e-02,-0.061,0.062
4.27300e-02,-0.047,0.054
4.27400e-02,-0.059,0.06
4.27500e-02,-0.045,0.052
4.27600e-02,-0.059,0.064
4.27700e-02,-0.061,0.066
4.27800e-02,-0.049,0.054
4.27900e-02,-0.061,0.06
4.28000e-02,-0.059,0.064
4.28100e-02,-0.059,0.066
4.28200e-02,-0.047,0.054
4.28300e-02,-0.055,0.06
4.28400e-02,-0.057,0.062
4.28500e-02,-0.061,0.064
4.28600e-02,-0.055,0.058
4.28700e-02,-0.061,0.062
4.28800e-02,-0.059,0.064
4.28900e-02,-0.061,0.064
4.29000e-02,-0.059,0.064
4.29100e-02,-0.061,0.066
4.29200e-02,-0.055,0.06
4.29300e-02,-0.059,0.064
4.29400e-02,-0.061,0.064
4.29500e-02,-0.055,0.058
4.29600e-02,-0.049,0.054
4.29700e-02,-0.061,0.062
4.29800e-02,-0.041,0.048
4.29900e-02,-0.059,0.062
4.30000e-02,-0.061,0.064
4.30100e-02,-0.057,0.06
4.30200e-02,-0.059,0.06
4.30300e-02,-0.057,0.064
4.30400e-02,-0.043,0.048
4.30500e-02,-0.061,0.064
4.30600e-02,-0.059,0.066
4.30700e-02,-0.055,0.06
4.30800e-02,-0.051,0.056
4.30900e-02,-0.061,0.066
4.31000e-02,-0.059,0.058
4.31100e-02,-0.059,0.064
4.31200e-02,-0.057,0.062
4.31300e-02,-0.063,0.064
4.31400e-02,-0.055,0.06
4.31500e-02,-0.061,0.064
4.31600e-02,-0.059,0.064
4.31700e-02,-0.057,0.06
4.31800e-02,-0.055,0.062
4.31900e-02,-0.061,0.06
4.32000e-02,-0.051,0.054
4.32100e-02,-0.061,0.062
4.32200e-02,-0.053,0.058
4.32300e-02,-0.055,0.06
4.32400e-02,-0.061,0.066
4.32500e-02,-0.057,0.06
4.32600e-02,-0.055,0.062
4.32700e-02,-0.061,0.064
4.32800e-02,-0.047,0.052
4.32900e-02,-0.065,0.062
4.33000e-02,-0.057,0.06
4.33100e-02,-0.059,0.064
4.33200e-02,-0.057,0.06
4.33300e-02,-0.045,0.052
4.33400e-02,-0.061,0.066
4.33500e-02,-0.055,0.056
4.33600e-02,-0.055,0.06
4.33700e-02,-0.055,0.06
4.33800e-02,-0.059,0.064
4.33900e-02,-0.061,0.062
4.34000e-02,-0.055,0.06
4.34100e-02,-0.063,0.06
4.34200e-02,-0.051,0.054
4.34300e-02,-0.057,0.062
4.34400e-02,-0.045,0.05
4.34500e-02,-0.063,0.066
4.34600e-02,-0.055,0.06
4.34700e-02,-0.059,0.064
4.34800e-02,-0.053,0.058
4.34900e-02,-0.061,0.06
4.35000e-02,-0.059,0.06
4.35100e-02,-0.061,0.062
4.35200e-02,-0.059,0.064
4.35300e-02,-0.059,0.062
4.35400e-02,-0.061,0.064
4.35500e-02,-0.055,0.062
4.35600e-02,-0.039,0.046
4.35700e-02,-0.059,0.064
4.35800e-02,-0.055,0.06
4.35900e-02,-0.061,0.06
4.36000e-02,-0.061,0.064
4.36100e-02,-0.059,0.062
4.36200e-02,-0.061,0.06
4.36300e-02,-0.059,0.064
4.36400e-02,-0.061,0.064
4.36500e-02,-0.063,0.064
4.36600e-02,-0.061,0.066
4.36700e-02,-0.059,0.066
4.36800e-02,-0.061,0.062
4.36900e-02,-0.059,0.066
4.37000e-02,-0.057,0.064
4.37100e-02,-0.061,0.062
4.37200e-02,-0.057,0.06
4.37300e-02,-0.059,0.06
4.37400e-02,-0.063,0.066
4.37500e-02,-0.061,0.064
4.37600e-02,-0.061,0.064
4.37700e-02,-0.061,0.064
4.37800e-02,-0.061,0.062
4.37900e-02,-0.059,0.064
4.38000e-02,-0.063,0.062
4.38100e-02,-0.057,0.064
4.38200e-02,-0.059,0.06
4.38300e-02,-0.057,0.06
4.38400e-02,-0.051,0.056
4.38500e-02,-0.061,0.064
4.38600e-02,-0.041,0.046
4.38700e-02,-0.059,0.06
4.38800e-02,-0.057,0.06
4.38900e-02,-0.061,0.062
4.39000e-02,-0.053,0.056
4.39100e-02,-0.061,0.066
4.39200e-02,-0.061,0.062
4.39300e-02,-0.061,0.064
4.39400e-02,-0.059,0.062
4.39500e-02,-0.057,0.062
4.39600e-02,-0.063,0.066
4.39700e-02,-0.063,0.064
4.39800e-02,-0.057,0.06
4.39900e-02,-0.051,0.054
4.40000e-02,-0.059,0.062
4.40100e-02,-0.053,0.06
4.40200e-02,-0.059,0.06
4.40300e-02,-0.057,0.062
4.40400e-02,-0.057,0.064
4.40500e-02,-0.061,0.06
4.40600e-02,-0.059,0.064
4.40700e-02,-0.059,0.064
4.40800e-02,-0.057,0.062
4.40900e-02,-0.057,0.064
4.41000e-02,-0.059,0.07
4.41100e-02,-0.059,0.062
4.41200e-02,-0.057,0.06
4.41300e-02,-0.061,0.066
4.41400e-02,-0.059,0.062
4.41500e-02,-0.061,0.06
4.41600e-02,-0.059,0.06
4.41700e-02,-0.063,0.064
4.41800e-02,-0.057,0.06
4.41900e-02,-0.059,0.06
4.42000e-02,-0.051,0.052
4.42100e-02,-0.057,0.06
4.42200e-02,-0.059,0.06
4.42300e-02,-0.061,0.064
4.42400e-02,-0.055,0.056
4.42500e-02,-0.059,0.062
4.42600e-02,-0.059,0.062
4.42700e-02,-0.059,0.062
4.42800e-02,-0.059,0.062
4.42900e-02,-0.059,0.06
4.43000e-02,-0.057,0.06
4.43100e-02,-0.061,0.062
4.43200e-02,-0.059,0.064
4.43300e-02,-0.049,0.056
4.43400e-02,-0.061,0.06
4.43500e-02,-0.055,0.058
4.43600e-02,-0.053,0.056
4.43700e-02,-0.059,0.066
4.43800e-02,-0.059,0.062
4.43900e-02,-0.061,0.066
4.44000e-02,-0.055,0.066
4.44100e-02,-0.059,0.066
4.44200e-02,-0.059,0.066
4.44300e-02,-0.045,0.05
4.44400e-02,-0.059,0.062
4.44500e-02,-0.057,0.06
4.44600e-02,-0.061,0.066
4.44700e-02,-0.059,0.062
4.44800e-02,-0.061,0.062
4.44900e-02,-0.059,0.064
4.45000e-02,-0.059,0.064
4.45100e-02,-0.065,0.064
4.45200e-02,-0.057,0.06
4.45300e-02,-0.055,0.062
4.45400e-02,-0.061,0.06
4.45500e-02,-0.059,0.06
4.45600e-02,-0.059,0.064
4.45700e-02,-0.061,0.064
4.45800e-02,-0.059,0.062
4.45900e-02,-0.061,0.062
4.46000e-02,-0.059,0.062
4.46100e-02,-0.067,0.064
4.46200e-02,-0.059,0.064
4.46300e-02,-0.057,0.062
4.46400e-02,-0.061,0.066
4.46500e-02,-0.055,0.058
4.46600e-02,-0.059,0.062
4.46700e-02,-0.051,0.058
4.46800e-02,-0.059,0.064
4.46900e-02,-0.059,0.062
4.47000e-02,-0.063,0.064
4.47100e-02,-0.053,0.06
4.47200e-02,-0.059,0.066
4.47300e-02,-0.033,0.042
4.47400e-02,-0.061,0.066
4.47500e-02,-0.047,0.054
4.47600e-02,-0.061,0.066
4.47700e-02,-0.059,0.06
4.47800e-02,-0.057,0.062
4.47900e-02,-0.053,0.056
4.48000e-02,-0.061,0.064
4.48100e-02,-0.061,0.06
4.48200e-02,-0.061,0.06
4.48300e-02,-0.047,0.054
4.48400e-02,-0.059,0.062
4.48500e-02,-0.047,0.054
4.48600e-02,-0.061,0.06
4.48700e-02,-0.055,0.062
4.48800e-02,-0.061,0.062
4.48900e-02,-0.063,0.066
4.49000e-02,-0.061,0.06
4.49100e-02,-0.057,0.062
4.49200e-02,-0.059,0.064
4.49300e-02,-0.053,0.056
4.49400e-02,-0.053,0.058
4.49500e-02,-0.057,0.062
4.49600e-02,-0.053,0.058
4.49700e-02,-0.059,0.062
4.49800e-02,-0.053,0.056
4.49900e-02,-0.057,0.06
4.50000e-02,-0.057,0.062
4.50100e-02,-0.053,0.056
4.50200e-02,-0.055,0.06
4.50300e-02,-0.059,0.062
4.50400e-02,-0.055,0.056
4.50500e-02,-0.051,0.058
4.50600e-02,-0.055,0.058
4.50700e-02,-0.055,0.058
4.50800e-02,-0.055,0.062
4.50900e-02,-0.057,0.06
4.51000e-02,-0.055,0.06
4.51100e-02,-0.059,0.064
4.51200e-02,-0.061,0.062
4.51300e-02,-0.061,0.064
4.51400e-02,-0.063,0.062
4.51500e-02,-0.057,0.06
4.51600e-02,-0.055,0.056
4.51700e-02,-0.061,0.066
4.51800e-02,-0.061,0.064
4.51900e-02,-0.059,0.062
4.52000e-02,-0.057,0.064
4.52100e-02,-0.059,0.06
4.52200e-02,-0.053,0.058
4.52300e-02,-0.059,0.062
4.52400e-02,-0.053,0.056
4.52500e-02,-0.061,0.06
4.52600e-02,-0.059,0.064
4.52700e-02,-0.059,0.064
4.52800e-02,-0.059,0.064
4.52900e-02,-0.059,0.062
4.53000e-02,-0.061,0.066
4.53100e-02,-0.053,0.056
4.53200e-02,-0.059,0.062
4.53300e-02,-0.053,0.058
4.53400e-02,-0.055,0.06
4.53500e-02,-0.035,0.046
4.53600e-02,-0.059,0.062
4.53700e-02,-0.047,0.054
4.53800e-02,-0.057,0.06
4.53900e-02,-0.063,0.062
4.54000e-02,-0.061,0.062
4.54100e-02,-0.057,0.068
4.54200e-02,-0.061,0.062
4.54300e-02,-0.065,0.062
4.54400e-02,-0.059,0.062
4.54500e-02,-0.061,0.064
4.54600e-02,-0.059,0.066
4.54700e-02,-0.059,0.058
4.54800e-02,-0.061,0.064
4.54900e-02,-0.059,0.066
4.55000e-02,-0.045,0.052
4.55100e-02,-0.061,0.064
4.55200e-02,-0.059,0.062
4.55300e-02,-0.059,0.06
4.55400e-02,-0.057,0.062
4.55500e-02,-0.063,0.064
4.55600e-02,-0.057,0.06
4.55700e-02,-0.059,0.068
4.55800e-02,-0.059,0.06
4.55900e-02,-0.065,0.066
4.56000e-02,-0.053,0.06
4.56100e-02,-0.063,0.062
4.56200e-02,-0.037,0.042
4.56300e-02,-0.059,0.064
4.56400e-02,-0.051,0.052
4.56500e-02,-0.059,0.066
4.56600e-02,-0.049,0.052
4.56700e-02,-0.061,0.064
4.56800e-02,-0.057,0.062
4.56900e-02,-0.061,0.062
4.57000e-02,-0.061,0.064
4.57100e-02,-0.065,0.066
4.57200e-02,-0.053,0.058
4.57300e-02,-0.061,0.06
4.57400e-02,-0.051,0.06
4.57500e-02,-0.063,0.062
4.57600e-02,-0.053,0.06
4.57700e-02,-0.055,0.06
4.57800e-02,-0.061,0.064
4.57900e-02,-0.063,0.064
4.58000e-02,-0.057,0.064
4.58100e-02,-0.059,0.064
4.58200e-02,-0.057,0.062
4.58300e-02,-0.053,0.06
4.58400e-02,-0.053,0.06
4.58500e-02,-0.059,0.064
4.58600e-02,-0.053,0.06
4.58700e-02,-0.059,0.064
4.58800e-02,-0.061,0.064
4.58900e-02,-0.051,0.056
4.59000e-02,-0.061,0.06
4.59100e-02,-0.061,0.064
4.59200e-02,-0.061,0.064
4.59300e-02,-0.055,0.06
4.59400e-02,-0.063,0.064
4.59500e-02,-0.041,0.054
4.59600e-02,-0.061,0.062
4.59700e-02,-0.055,0.058
4.59800e-02,-0.059,0.06
4.59900e-02,-0.057,0.062
4.60000e-02,-0.061,0.068
4.60100e-02,-0.059,0.068
4.60200e-02,-0.057,0.064
4.60300e-02,-0.061,0.062
4.60400e-02,-0.061,0.06
4.60500e-02,-0.061,0.066
4.60600e-02,-0.061,0.062
4.60700e-02,-0.055,0.06
4.60800e-02,-0.045,0.05
4.60900e-02,-0.057,0.058
4.61000e-02,-0.043,0.048
4.61100e-02,-0.059,0.064
4.61200e-02,-0.057,0.062
4.61300e-02,-0.059,0.062
4.61400e-02,-0.057,0.062
4.61500e-02,-0.057,0.06
4.61600e-02,-0.057,0.06
4.61700e-02,-0.059,0.064
4.61800e-02,-0.047,0.046
4.61900e-02,-0.061,0.064
4.62000e-02,-0.047,0.052
4.62100e-02,-0.057,0.062
4.62200e-02,-0.059,0.06
4.62300e-02,-0.059,0.064
4.62400e-02,-0.061,0.064
4.62500e-02,-0.061,0.062
4.62600e-02,-0.059,0.062
4.62700e-02,-0.057,0.06
4.62800e-02,-0.059,0.064
4.62900e-02,-0.061,0.064
4.63000e-02,-0.059,0.064
4.63100e-02,-0.061,0.066
4.63200e-02,-0.055,0.06
4.63300e-02,-0.061,0.066
4.63400e-02,-0.061,0.06
4.63500e-02,-0.057,0.06
4.63600e-02,-0.057,0.062
4.63700e-02,-0.057,0.064
4.63800e-02,-0.059,0.062
4.63900e-02,-0.061,0.064
4.64000e-02,-0.049,0.054
4.64100e-02,-0.059,0.06
4.64200e-02,-0.057,0.068
4.64300e-02,-0.059,0.068
4.64400e-02,-0.061,0.062
4.64500e-02,-0.055,0.06
4.64600e-02,-0.059,0.062
4.64700e-02,-0.061,0.062
4.64800e-02,-0.055,0.056
4.64900e-02,-0.053,0.06
4.65000e-02,-0.049,0.054
4.65100e-02,-0.059,0.06
4.65200e-02,-0.059,0.062
4.65300e-02,-0.059,0.062
4.65400e-02,-0.061,0.064
4.65500e-02,-0.059,0.06
4.65600e-02,-0.061,0.062
4.65700e-02,-0.063,0.064
4.65800e-02,-0.061,0.062
4.65900e-02,-0.061,0.064
4.66000e-02,-0.057,0.064
4.66100e-02,-0.061,0.06
4.66200e-02,-0.051,0.058
4.66300e-02,-0.061,0.066
4.66400e-02,-0.055,0.06
4.66500e-02,-0.055,0.06
4.66600e-02,-0.059,0.062
4.66700e-02,-0.059,0.064
4.66800e-02,-0.059,0.06
4.66900e-02,-0.059,0.06
4.67000e-02,-0.063,0.064
4.67100e-02,-0.055,0.064
4.67200e-02,-0.045,0.046
4.67300e-02,-0.059,0.06
4.67400e-02,-0.059,0.062
4.67500e-02,-0.059,0.064
4.67600e-02,-0.061,0.064
4.67700e-02,-0.059,0.064
4.67800e-02,-0.061,0.062
4.67900e-02,-0.053,0.058
4.68000e-02,-0.063,0.066
4.68100e-02,-0.053,0.058
4.68200e-02,-0.059,0.06
4.68300e-02,-0.059,0.06
4.68400e-02,-0.063,0.064
4.68500e-02,-0.057,0.062
4.68600e-02,-0.055,0.06
4.68700e-02,-0.063,0.064
4.68800e-02,-0.057,0.06
4.68900e-02,-0.059,0.06
4.69000e-02,-0.055,0.058
4.69100e-02,-0.059,0.064
4.69200e-02,-0.059,0.064
4.69300e-02,-0.059,0.062
4.69400e-02,-0.057,0.06
4.69500e-02,-0.059,0.06
4.69600e-02,-0.059,0.064
4.69700e-02,-0.057,0.064
4.69800e-02,-0.049,0.054
4.69900e-02,-0.059,0.064
4.70000e-02,-0.047,0.054
4.70100e-02,-0.055,0.06
4.70200e-02,-0.061,0.064
4.70300e-02,-0.059,0.064
4.70400e-02,-0.061,0.064
4.70500e-02,-0.061,0.064
4.70600e-02,-0.061,0.064
4.70700e-02,-0.059,0.064
4.70800e-02,-0.061,0.064
4.70900e-02,-0.059,0.062
4.71000e-02,-0.061,0.064
4.71100e-02,-0.053,0.06
4.71200e-02,-0.061,0.064
4.71300e-02,-0.061,0.062
4.71400e-02,-0.059,0.062
4.71500e-02,-0.063,0.064
4.71600e-02,-0.059,0.062
4.71700e-02,-0.061,0.062
4.71800e-02,-0.059,0.064
4.71900e-02,-0.063,0.064
4.72000e-02,-0.059,0.06
4.72100e-02,-0.061,0.062
4.72200e-02,-0.063,0.062
4.72300e-02,-0.061,0.062
4.72400e-02,-0.057,0.06
4.72500e-02,-0.059,0.064
4.72600e-02,-0.061,0.062
4.72700e-02,-0.053,0.06
4.72800e-02,-0.057,0.058
4.72900e-02,-0.055,0.054
4.73000e-02,-0.057,0.062
4.73100e-02,-0.057,0.064
4.73200e-02,-0.059,0.06
4.73300e-02,-0.061,0.064
4.73400e-02,-0.059,0.062
4.73500e-02,-0.061,0.06
4.73600e-02,-0.061,0.062
4.73700e-02,-0.057,0.06
4.73800e-02,-0.053,0.06
4.73900e-02,-0.061,0.062
4.74000e-02,-0.051,0.054
4.74100e-02,-0.051,0.058
4.74200e-02,-0.057,0.058
4.74300e-02,-0.059,0.06
4.74400e-02,-0.053,0.06
4.74500e-02,-0.055,0.06
4.74600e-02,-0.041,0.048
4.74700e-02,-0.059,0.06
4.74800e-02,-0.053,0.054
4.74900e-02,-0.059,0.064
4.75000e-02,-0.061,0.064
4.75100e-02,-0.057,0.06
4.75200e-02,-0.059,0.07
4.75300e-02,-0.057,0.06
4.75400e-02,-0.061,0.062
4.75500e-02,-0.057,0.062
4.75600e-02,-0.055,0.064
4.75700e-02,-0.051,0.056
4.75800e-02,-0.057,0.06
4.75900e-02,-0.061,0.062
4.76000e-02,-0.053,0.06
4.76100e-02,-0.047,0.052
4.76200e-02,-0.059,0.064
4.76300e-02,-0.059,0.062
4.76400e-02,-0.061,0.06
4.76500e-02,-0.059,0.064
4.76600e-02,-0.057,0.066
4.76700e-02,-0.059,0.062
4.76800e-02,-0.055,0.062
4.76900e-02,-0.059,0.064
4.77000e-02,-0.061,0.064
4.77100e-02,-0.059,0.06
4.77200e-02,-0.059,0.062
4.77300e-02,-0.061,0.06
4.77400e-02,-0.053,0.054
4.77500e-02,-0.059,0.062
4.77600e-02,-0.059,0.064
4.77700e-02,-0.059,0.064
4.77800e-02,-0.059,0.064
4.77900e-02,-0.059,0.062
4.78000e-02,-0.061,0.06
4.78100e-02,-0.061,0.064
4.78200e-02,-0.057,0.06
4.78300e-02,-0.057,0.06
4.78400e-02,-0.057,0.06
4.78500e-02,-0.055,0.06
4.78600e-02,-0.047,0.05
4.78700e-02,-0.057,0.062
4.78800e-02,-0.063,0.06
4.78900e-02,-0.063,0.06
4.79000e-02,-0.055,0.06
4.79100e-02,-0.057,0.06
4.79200e-02,-0.051,0.054
4.79300e-02,-0.059,0.066
4.79400e-02,-0.059,0.064
4.79500e-02,-0.059,0.062
4.79600e-02,-0.063,0.064
4.79700e-02,-0.059,0.062
4.79800e-02,-0.061,0.066
4.79900e-02,-0.063,0.064
4.80000e-02,-0.059,0.064
4.80100e-02,-0.061,0.062
4.80200e-02,-0.061,0.062
4.80300e-02,-0.063,0.064
4.80400e-02,-0.059,0.06
4.80500e-02,-0.061,0.062
4.80600e-02,-0.061,0.066
4.80700e-02,-0.065,0.064
4.80800e-02,-0.059,0.064
4.80900e-02,-0.063,0.068
4.81000e-02,-0.055,0.056
4.81100e-02,-0.063,0.066
4.81200e-02,-0.059,0.064
4.81300e-02,-0.063,0.06
4.81400e-02,-0.057,0.06
4.81500e-02,-0.059,0.062
4.81600e-02,-0.059,0.062
4.81700e-02,-0.053,0.06
4.81800e-02,-0.057,0.062
4.81900e-02,-0.059,0.064
4.82000e-02,-0.049,0.054
4.82100e-02,-0.059,0.062
4.82200e-02,-0.053,0.052
4.82300e-02,-0.053,0.06
4.82400e-02,-0.039,0.048
4.82500e-02,-0.051,0.052
4.82600e-02,-0.049,0.058
4.82700e-02,-0.063,0.066
4.82800e-02,-0.057,0.062
4.82900e-02,-0.061,0.062
4.83000e-02,-0.059,0.066
4.83100e-02,-0.057,0.06
4.83200e-02,-0.061,0.066
4.83300e-02,-0.059,0.064
4.83400e-02,-0.055,0.062
4.83500e-02,-0.059,0.062
4.83600e-02,-0.057,0.06
4.83700e-02,-0.057,0.062
4.83800e-02,-0.059,0.06
4.83900e-02,-0.055,0.06
4.84000e-02,-0.051,0.056
4.84100e-02,-0.055,0.06
4.84200e-02,-0.061,0.062
4.84300e-02,-0.063,0.064
4.84400e-02,-0.059,0.062
4.84500e-02,-0.061,0.064
4.84600e-02,-0.059,0.066
4.84700e-02,-0.059,0.062
4.84800e-02,-0.059,0.064
4.84900e-02,-0.063,0.066
4.85000e-02,-0.061,0.062
4.85100e-02,-0.061,0.06
4.85200e-02,-0.055,0.06
4.85300e-02,-0.065,0.066
4.85400e-02,-0.049,0.056
4.85500e-02,-0.061,0.064
4.85600e-02,-0.057,0.06
4.85700e-02,-0.063,0.064
4.85800e-02,-0.059,0.066
4.85900e-02,-0.059,0.064
4.86000e-02,-0.063,0.062
4.86100e-02,-0.061,0.06
4.86200e-02,-0.051,0.062
4.86300e-02,-0.059,0.06
4.86400e-02,-0.059,0.062
4.86500e-02,-0.055,0.064
4.86600e-02,-0.061,0.066
4.86700e-02,-0.051,0.058
4.86800e-02,-0.059,0.064
4.86900e-02,-0.061,0.064
4.87000e-02,-0.057,0.06
4.87100e-02,-0.051,0.056
4.87200e-02,-0.053,0.06
4.87300e-02,-0.049,0.058
4.87400e-02,-0.053,0.06
4.87500e-02,-0.049,0.054
4.87600e-02,-0.047,0.056
4.87700e-02,-0.047,0.054
4.87800e-02,-0.055,0.062
4.87900e-02,-0.051,0.056
4.88000e-02,-0.057,0.062
4.88100e-02,-0.045,0.054
4.88200e-02,-0.053,0.058
4.88300e-02,-0.053,0.056
4.88400e-02,-0.061,0.062
4.88500e-02,-0.063,0.068
4.88600e-02,-0.059,0.064
4.88700e-02,-0.057,0.062
4.88800e-02,-0.061,0.062
4.88900e-02,-0.057,0.064
4.89000e-02,-0.057,0.06
4.89100e-02,-0.061,0.064
4.89200e-02,-0.061,0.066
4.89300e-02,-0.059,0.068
4.89400e-02,-0.063,0.066
4.89500e-02,-0.059,0.062
4.89600e-02,-0.057,0.064
4.89700e-02,-0.061,0.064
4.89800e-02,-0.055,0.062
4.89900e-02,-0.061,0.064
4.90000e-02,-0.049,0.054
4.90100e-02,-0.059,0.064
4.90200e-02,-0.057,0.062
4.90300e-02,-0.045,0.054
4.90400e-02,-0.059,0.068
4.90500e-02,-0.049,0.054
4.90600e-02,-0.063,0.064
4.90700e-02,-0.049,0.06
4.90800e-02,-0.057,0.068
4.90900e-02,-0.061,0.064
4.91000e-02,-0.061,0.064
4.91100e-02,-0.061,0.064
4.91200e-02,-0.055,0.062
4.91300e-02,-0.051,0.054
4.91400e-02,-0.041,0.048
4.91500e-02,-0.051,0.058
4.91600e-02,-0.039,0.048
4.91700e-02,-0.049,0.056
4.91800e-02,-0.051,0.058
4.91900e-02,-0.051,0.054
4.92000e-02,-0.051,0.058
4.92100e-02,-0.057,0.058
4.92200e-02,-0.059,0.06
4.92300e-02,-0.061,0.06
4.92400e-02,-0.049,0.054
4.92500e-02,-0.061,0.064
4.92600e-02,-0.061,0.064
4.92700e-02,-0.061,0.06
4.92800e-02,-0.061,0.064
4.92900e-02,-0.061,0.06
4.93000e-02,-0.059,0.064
4.93100e-02,-0.059,0.064
4.93200e-02,-0.059,0.062
4.93300e-02,-0.063,0.066
4.93400e-02,-0.061,0.062
4.93500e-02,-0.061,0.06
4.93600e-02,-0.059,0.062
4.93700e-02,-0.057,0.064
4.93800e-02,-0.061,0.064
4.93900e-02,-0.053,0.058
4.94000e-02,-0.059,0.062
4.94100e-02,-0.061,0.064
4.94200e-02,-0.061,0.06
4.94300e-02,-0.057,0.06
4.94400e-02,-0.059,0.064
4.94500e-02,-0.057,0.064
4.94600e-02,-0.059,0.062
4.94700e-02,-0.059,0.064
4.94800e-02,-0.061,0.062
4.94900e-02,-0.065,0.064
4.95000e-02,-0.055,0.058
4.95100e-02,-0.057,0.064
4.95200e-02,-0.057,0.06
4.95300e-02,-0.057,0.062
4.95400e-02,-0.057,0.06
4.95500e-02,-0.055,0.062
4.95600e-02,-0.061,0.06
4.95700e-02,-0.059,0.06
4.95800e-02,-0.059,0.066
4.95900e-02,-0.061,0.064
4.96000e-02,-0.059,0.062
4.96100e-02,-0.043,0.05
4.96200e-02,-0.059,0.066
4.96300e-02,-0.059,0.06
4.96400e-02,-0.059,0.06
4.96500e-02,-0.063,0.066
4.96600e-02,-0.059,0.066
4.96700e-02,-0.055,0.06
4.96800e-02,-0.055,0.06
4.96900e-02,-0.061,0.064
4.97000e-02,-0.055,0.062
4.97100e-02,-0.063,0.062
4.97200e-02,-0.063,0.064
4.97300e-02,-0.061,0.06
4.97400e-02,-0.059,0.062
4.97500e-02,-0.059,0.06
4.97600e-02,-0.061,0.064
4.97700e-02,-0.065,0.062
4.97800e-02,-0.061,0.064
4.97900e-02,-0.057,0.064
4.98000e-02,-0.057,0.06
4.98100e-02,-0.061,0.066
4.98200e-02,-0.061,0.062
4.98300e-02,-0.051,0.06
4.98400e-02,-0.063,0.066
4.98500e-02,-0.053,0.06
4.98600e-02,-0.057,0.06
4.98700e-02,-0.061,0.064
4.98800e-02,-0.055,0.058
4.98900e-02,-0.061,0.064
4.99000e-02,-0.063,0.066
4.99100e-02,-0.059,0.062
4.99200e-02,-0.063,0.064
4.99300e-02,-0.059,0.062
4.99400e-02,-0.059,0.06
4.99500e-02,-0.051,0.06
4.99600e-02,-0.059,0.064
4.99700e-02,-0.059,0.064
4.99800e-02,-0.061,0.064
4.99900e-02,-0.049,0.052
5.00000e-02,-0.061,0.062
5.00100e-02,-0.063,0.064
5.00200e-02,-0.059,0.062
5.00300e-02,-0.059,0.066
5.00400e-02,-0.059,0.064
5.00500e-02,-0.061,0.062
5.00600e-02,-0.057,0.06
5.00700e-02,-0.057,0.06
5.00800e-02,-0.063,0.066
5.00900e-02,-0.049,0.056
5.01000e-02,-0.059,0.064
5.01100e-02,-0.055,0.058
5.01200e-02,-0.059,0.066
5.01300e-02,-0.063,0.066
5.01400e-02,-0.057,0.062
5.01500e-02,-0.061,0.062
5.01600e-02,-0.057,0.06
5.01700e-02,-0.063,0.064
5.01800e-02,-0.059,0.06
5.01900e-02,-0.059,0.062
5.02000e-02,-0.059,0.062
5.02100e-02,-0.061,0.064
5.02200e-02,-0.063,0.064
5.02300e-02,-0.057,0.06
5.02400e-02,-0.059,0.062
5.02500e-02,-0.061,0.062
5.02600e-02,-0.061,0.064
5.02700e-02,-0.065,0.068
5.02800e-02,-0.061,0.064
5.02900e-02,-0.059,0.06
5.03000e-02,-0.061,0.066
5.03100e-02,-0.059,0.06
5.03200e-02,-0.057,0.06
5.03300e-02,-0.053,0.058
5.03400e-02,-0.049,0.056
5.03500e-02,-0.047,0.056
5.03600e-02,-0.061,0.064
5.03700e-02,-0.059,0.062
5.03800e-02,-0.061,0.06
5.03900e-02,-0.059,0.064
5.04000e-02,-0.043,0.05
5.04100e-02,-0.057,0.062
5.04200e-02,-0.057,0.06
5.04300e-02,-0.059,0.064
5.04400e-02,-0.061,0.062
5.04500e-02,-0.057,0.062
5.04600e-02,-0.061,0.064
5.04700e-02,-0.061,0.062
5.04800e-02,-0.061,0.066
5.04900e-02,-0.061,0.062
5.05000e-02,-0.063,0.064
5.05100e-02,-0.059,0.062
5.05200e-02,-0.061,0.066
5.05300e-02,-0.063,0.066
5.05400e-02,-0.057,0.062
5.05500e-02,-0.059,0.062
5.05600e-02,-0.053,0.056
5.05700e-02,-0.061,0.066
5.05800e-02,-0.059,0.064
5.05900e-02,-0.061,0.068
5.06000e-02,-0.059,0.064
5.06100e-02,-0.051,0.058
5.06200e-02,-0.059,0.068
5.06300e-02,-0.055,0.058
5.06400e-02,-0.059,0.062
5.06500e-02,-0.055,0.06
5.06600e-02,-0.061,0.064
5.06700e-02,-0.059,0.06
5.06800e-02,-0.059,0.064
5.06900e-02,-0.061,0.064
5.07000e-02,-0.061,0.062
5.07100e-02,-0.057,0.064
5.07200e-02,-0.059,0.064
5.07300e-02,-0.057,0.06
5.07400e-02,-0.061,0.062
5.07500e-02,-0.059,0.06
5.07600e-02,-0.061,0.064
5.07700e-02,-0.059,0.06
5.07800e-02,-0.059,0.064
5.07900e-02,-0.063,0.064
5.08000e-02,-0.051,0.06
5.08100e-02,-0.061,0.064
5.08200e-02,-0.061,0.066
5.08300e-02,-0.057,0.066
5.08400e-02,-0.059,0.066
5.08500e-02,-0.061,0.06
5.08600e-02,-0.061,0.062
5.08700e-02,-0.061,0.064
5.08800e-02,-0.059,0.064
5.08900e-02,-0.063,0.062
5.09000e-02,-0.059,0.064
5.09100e-02,-0.059,0.062
5.09200e-02,-0.061,0.066
5.09300e-02,-0.059,0.064
5.09400e-02,-0.061,0.066
5.09500e-02,-0.061,0.06
5.09600e-02,-0.061,0.064
5.09700e-02,-0.055,0.06
5.09800e-02,-0.061,0.062
5.09900e-02,-0.057,0.062
5.10000e-02,-0.061,0.062
5.10100e-02,-0.055,0.06
5.10200e-02,-0.057,0.062
5.10300e-02,-0.053,0.06
5.10400e-02,-0.057,0.062
5.10500e-02,-0.059,0.062
5.10600e-02,-0.059,0.06
5.10700e-02,-0.061,0.066
5.10800e-02,-0.063,0.066
5.10900e-02,-0.061,0.064
5.11000e-02,-0.061,0.066
5.11100e-02,-0.061,0.064
5.11200e-02,-0.061,0.064
5.11300e-02,-0.057,0.064
5.11400e-02,-0.061,0.062
5.11500e-02,-0.059,0.06
5.11600e-02,-0.057,0.062
5.11700e-02,-0.055,0.06
5.11800e-02,-0.061,0.064
5.11900e-02,-0.049,0.054
5.12000e-02,-0.051,0.056
5.12100e-02,-0.063,0.06
5.12200e-02,-0.053,0.062
5.12300e-02,-0.055,0.06
5.12400e-02,-0.057,0.06
5.12500e-02,-0.061,0.064
5.12600e-02,-0.061,0.064
5.12700e-02,-0.063,0.062
5.12800e-02,-0.057,0.06
5.12900e-02,-0.061,0.066
5.13000e-02,-0.055,0.06
5.13100e-02,-0.059,0.064
5.13200e-02,-0.055,0.06
5.13300e-02,-0.061,0.062
5.13400e-02,-0.055,0.06
5.13500e-02,-0.063,0.064
5.13600e-02,-0.059,0.062
5.13700e-02,-0.061,0.064
5.13800e-02,-0.061,0.062
5.13900e-02,-0.053,0.06
5.14000e-02,-0.059,0.064
5.14100e-02,-0.063,0.062
5.14200e-02,-0.057,0.062
5.14300e-02,-0.059,0.064
5.14400e-02,-0.059,0.06
5.14500e-02,-0.061,0.064
5.14600e-02,-0.057,0.066
5.14700e-02,-0.059,0.062
5.14800e-02,-0.061,0.062
5.14900e-02,-0.047,0.052
5.15000e-02,-0.053,0.06
5.15100e-02,-0.053,0.062
5.15200e-02,-0.059,0.066
5.15300e-02,-0.055,0.056
5.15400e-02,-0.057,0.062
5.15500e-02,-0.063,0.064
5.15600e-02,-0.053,0.06
5.15700e-02,-0.061,0.06
5.15800e-02,-0.061,0.064
5.15900e-02,-0.061,0.066
5.16000e-02,-0.063,0.062
5.16100e-02,-0.051,0.054
5.16200e-02,-0.059,0.06
5.16300e-02,-0.049,0.056
5.16400e-02,-0.061,0.062
5.16500e-02,-0.053,0.06
5.16600e-02,-0.061,0.064
5.16700e-02,-0.063,0.064
5.16800e-02,-0.053,0.06
5.16900e-02,-0.061,0.062
5.17000e-02,-0.059,0.064
5.17100e-02,-0.057,0.06
5.17200e-02,-0.063,0.062
5.17300e-02,-0.059,0.062
5.17400e-02,-0.063,0.066
5.17500e-02,-0.059,0.066
5.17600e-02,-0.057,0.064
5.17700e-02,-0.059,0.062
5.17800e-02,-0.049,0.054
5.17900e-02,-0.051,0.058
5.18000e-02,-0.053,0.058
5.18100e-02,-0.053,0.054
5.18200e-02,-0.063,0.064
5.18300e-02,-0.057,0.06
5.18400e-02,-0.057,0.06
5.18500e-02,-0.057,0.058
5.18600e-02,-0.055,0.058
5.18700e-02,-0.057,0.06
5.18800e-02,-0.059,0.064
5.18900e-02,-0.053,0.054
5.19000e-02,-0.057,0.06
5.19100e-02,-0.055,0.06
5.19200e-02,-0.057,0.06
5.19300e-02,-0.061,0.068
5.19400e-02,-0.063,0.064
5.19500e-02,-0.059,0.064
5.19600e-02,-0.061,0.068
5.19700e-02,-0.061,0.064
5.19800e-02,-0.055,0.06
5.19900e-02,-0.061,0.062
5.20000e-02,-0.059,0.068
5.20100e-02,-0.057,0.06
5.20200e-02,-0.061,0.066
5.20300e-02,-0.061,0.062
5.20400e-02,-0.057,0.06
5.20500e-02,-0.061,0.064
5.20600e-02,-0.061,0.064
5.20700e-02,-0.059,0.064
5.20800e-02,-0.061,0.064
5.20900e-02,-0.063,0.064
5.21000e-02,-0.061,0.066
5.21100e-02,-0.063,0.062
5.21200e-02,-0.063,0.066
5.21300e-02,-0.055,0.06
5.21400e-02,-0.059,0.066
5.21500e-02,-0.057,0.06
5.21600e-02,-0.061,0.064
5.21700e-02,-0.063,0.064
5.21800e-02,-0.061,0.064
5.21900e-02,-0.057,0.064
5.22000e-02,-0.061,0.064
5.22100e-02,-0.057,0.064
5.22200e-02,-0.055,0.064
5.22300e-02,-0.055,0.058
5.22400e-02,-0.057,0.066
5.22500e-02,-0.063,0.064
5.22600e-02,-0.053,0.06
5.22700e-02,-0.055,0.06
5.22800e-02,-0.053,0.06
5.22900e-02,-0.057,0.06
5.23000e-02,-0.055,0.06
5.23100e-02,-0.059,0.064
5.23200e-02,-0.059,0.064
5.23300e-02,-0.059,0.064
5.23400e-02,-0.059,0.062
5.23500e-02,-0.057,0.06
5.23600e-02,-0.057,0.06
5.23700e-02,-0.059,0.062
5.23800e-02,-0.061,0.064
5.23900e-02,-0.051,0.058
5.24000e-02,-0.055,0.06
5.24100e-02,-0.049,0.058
5.24200e-02,-0.055,0.056
5.24300e-02,-0.047,0.054
5.24400e-02,-0.053,0.054
5.24500e-02,-0.047,0.054
5.24600e-02,-0.063,0.06
5.24700e-02,-0.061,0.064
5.24800e-02,-0.055,0.062
5.24900e-02,-0.055,0.058
5.25000e-02,-0.045,0.048
5.25100e-02,-0.055,0.064
5.25200e-02,-0.039,0.044
5.25300e-02,-0.055,0.06
5.25400e-02,-0.057,0.06
5.25500e-02,-0.059,0.064
5.25600e-02,-0.049,0.054
5.25700e-02,-0.047,0.054
5.25800e-02,-0.059,0.064
5.25900e-02,-0.059,0.064
5.26000e-02,-0.061,0.062
5.26100e-02,-0.057,0.058
5.26200e-02,-0.059,0.062
5.26300e-02,-0.057,0.066
5.26400e-02,-0.059,0.06
5.26500e-02,-0.061,0.066
5.26600e-02,-0.061,0.064
5.26700e-02,-0.061,0.062
5.26800e-02,-0.063,0.066
5.26900e-02,-0.059,0.066
5.27000e-02,-0.061,0.062
5.27100e-02,-0.061,0.066
5.27200e-02,-0.063,0.064
5.27300e-02,-0.059,0.064
5.27400e-02,-0.059,0.064
5.27500e-02,-0.055,0.06
5.27600e-02,-0.055,0.062
5.27700e-02,-0.061,0.066
5.27800e-02,-0.055,0.06
5.27900e-02,-0.059,0.062
5.28000e-02,-0.057,0.062
5.28100e-02,-0.063,0.064
5.28200e-02,-0.057,0.064
5.28300e-02,-0.059,0.064
5.28400e-02,-0.057,0.064
5.28500e-02,-0.057,0.06
5.28600e-02,-0.063,0.064
5.28700e-02,-0.057,0.06
5.28800e-02,-0.055,0.062
5.28900e-02,-0.057,0.062
5.29000e-02,-0.061,0.062
5.29100e-02,-0.057,0.064
5.29200e-02,-0.063,0.062
5.29300e-02,-0.059,0.068
5.29400e-02,-0.059,0.066
5.29500e-02,-0.059,0.062
5.29600e-02,-0.057,0.06
5.29700e-02,-0.061,0.064
5.29800e-02,-0.061,0.062
5.29900e-02,-0.061,0.064
5.30000e-02,-0.061,0.064
5.30100e-02,-0.059,0.064
5.30200e-02,-0.061,0.066
5.30300e-02,-0.055,0.062
5.30400e-02,-0.057,0.06
5.30500e-02,-0.061,0.064
5.30600e-02,-0.063,0.064
5.30700e-02,-0.063,0.066
5.30800e-02,-0.065,0.066
5.30900e-02,-0.061,0.062
5.31000e-02,-0.059,0.066
5.31100e-02,-0.061,0.068
5.31200e-02,-0.059,0.064
5.31300e-02,-0.061,0.064
5.31400e-02,-0.063,0.066
5.31500e-02,-0.061,0.062
5.31600e-02,-0.057,0.06
5.31700e-02,-0.061,0.062
5.31800e-02,-0.061,0.062
5.31900e-02,-0.059,0.066
5.32000e-02,-0.059,0.056
5.32100e-02,-0.059,0.06
5.32200e-02,-0.051,0.054
5.32300e-02,-0.055,0.058
5.32400e-02,-0.063,0.062
5.32500e-02,-0.059,0.06
5.32600e-02,-0.057,0.062
5.32700e-02,-0.061,0.062
5.32800e-02,-0.059,0.064
5.32900e-02,-0.061,0.062
5.33000e-02,-0.055,0.06
5.33100e-02,-0.055,0.06
5.33200e-02,-0.051,0.056
5.33300e-02,-0.059,0.064
5.33400e-02,-0.059,0.064
5.33500e-02,-0.057,0.062
5.33600e-02,-0.057,0.064
5.33700e-02,-0.059,0.06
5.33800e-02,-0.055,0.062
5.33900e-02,-0.063,0.066
5.34000e-02,-0.059,0.062
5.34100e-02,-0.059,0.06
5.34200e-02,-0.061,0.066
5.34300e-02,-0.061,0.068
5.34400e-02,-0.063,0.062
5.34500e-02,-0.061,0.064
5.34600e-02,-0.061,0.066
5.34700e-02,-0.061,0.064
5.34800e-02,-0.061,0.064
5.34900e-02,-0.063,0.06
5.35000e-02,-0.057,0.06
5.35100e-02,-0.057,0.062
5.35200e-02,-0.055,0.056
5.35300e-02,-0.049,0.052
5.35400e-02,-0.043,0.054
5.35500e-02,-0.051,0.056
5.35600e-02,-0.053,0.054
5.35700e-02,-0.049,0.056
5.35800e-02,-0.037,0.044
5.35900e-02,-0.053,0.056
5.36000e-02,-0.057,0.064
5.36100e-02,-0.055,0.064
5.36200e-02,-0.063,0.06
5.36300e-02,-0.059,0.064
5.36400e-02,-0.055,0.062
5.36500e-02,-0.061,0.062
5.36600e-02,-0.061,0.064
5.36700e-02,-0.059,0.064
5.36800e-02,-0.059,0.06
5.36900e-02,-0.061,0.064
5.37000e-02,-0.061,0.062
5.37100e-02,-0.059,0.062
5.37200e-02,-0.063,0.064
5.37300e-02,-0.063,0.064
5.37400e-02,-0.063,0.064
5.37500e-02,-0.061,0.064
5.37600e-02,-0.063,0.064
5.37700e-02,-0.057,0.062
5.37800e-02,-0.065,0.064
5.37900e-02,-0.057,0.06
5.38000e-02,-0.055,0.058
5.38100e-02,-0.059,0.06
5.38200e-02,-0.059,0.06
5.38300e-02,-0.059,0.064
5.38400e-02,-0.059,0.062
5.38500e-02,-0.063,0.064
5.38600e-02,-0.061,0.064
5.38700e-02,-0.059,0.062
5.38800e-02,-0.061,0.066
5.38900e-02,-0.059,0.064
5.39000e-02,-0.061,0.064
5.39100e-02,-0.061,0.06
5.39200e-02,-0.057,0.064
5.39300e-02,-0.061,0.066
5.39400e-02,-0.059,0.064
5.39500e-02,-0.063,0.06
5.39600e-02,-0.059,0.066
5.39700e-02,-0.061,0.06
5.39800e-02,-0.061,0.068
5.39900e-02,-0.059,0.062
5.40000e-02,-0.061,0.064
5.40100e-02,-0.049,0.054
5.40200e-02,-0.053,0.06
5.40300e-02,-0.059,0.06
5.40400e-02,-0.061,0.062
5.40500e-02,-0.059,0.066
5.40600e-02,-0.057,0.064
5.40700e-02,-0.053,0.058
5.40800e-02,-0.063,0.064
5.40900e-02,-0.061,0.066
5.41000e-02,-0.059,0.062
5.41100e-02,-0.063,0.064
5.41200e-02,-0.059,0.062
5.41300e-02,-0.061,0.066
5.41400e-02,-0.057,0.06
5.41500e-02,-0.059,0.064
5.41600e-02,-0.059,0.06
5.41700e-02,-0.063,0.066
5.41800e-02,-0.059,0.06
5.41900e-02,-0.057,0.064
5.42000e-02,-0.061,0.064
5.42100e-02,-0.061,0.064
5.42200e-02,-0.057,0.06
5.42300e-02,-0.061,0.06
5.42400e-02,-0.063,0.066
5.42500e-02,-0.057,0.06
5.42600e-02,-0.063,0.066
5.42700e-02,-0.063,0.068
5.42800e-02,-0.061,0.064
5.42900e-02,-0.057,0.058
5.43000e-02,-0.059,0.068
5.43100e-02,-0.055,0.058
5.43200e-02,-0.061,0.068
5.43300e-02,-0.055,0.062
5.43400e-02,-0.059,0.06
5.43500e-02,-0.061,0.066
5.43600e-02,-0.061,0.062
5.43700e-02,-0.057,0.064
5.43800e-02,-0.059,0.06
5.43900e-02,-0.063,0.066
5.44000e-02,-0.059,0.06
5.44100e-02,-0.055,0.062
5.44200e-02,-0.063,0.064
5.44300e-02,-0.057,0.06
5.44400e-02,-0.061,0.064
5.44500e-02,-0.057,0.06
5.44600e-02,-0.057,0.06
5.44700e-02,-0.065,0.062
5.44800e-02,-0.061,0.064
5.44900e-02,-0.059,0.068
5.45000e-02,-0.061,0.064
5.45100e-02,-0.059,0.062
5.45200e-02,-0.059,0.066
5.45300e-02,-0.057,0.06
5.45400e-02,-0.059,0.064
5.45500e-02,-0.059,0.062
5.45600e-02,-0.059,0.066
5.45700e-02,-0.059,0.066
5.45800e-02,-0.061,0.062
5.45900e-02,-0.057,0.062
5.46000e-02,-0.057,0.064
5.46100e-02,-0.059,0.064
5.46200e-02,-0.057,0.062
5.46300e-02,-0.055,0.058
5.46400e-02,-0.059,0.062
5.46500e-02,-0.059,0.064
5.46600e-02,-0.061,0.066
5.46700e-02,-0.055,0.064
5.46800e-02,-0.061,0.066
5.46900e-02,-0.055,0.06
5.47000e-02,-0.059,0.06
5.47100e-02,-0.059,0.062
5.47200e-02,-0.059,0.06
5.47300e-02,-0.063,0.064
5.47400e-02,-0.059,0.062
5.47500e-02,-0.055,0.058
5.47600e-02,-0.055,0.06
5.47700e-02,-0.057,0.06
5.47800e-02,-0.057,0.06
5.47900e-02,-0.061,0.064
5.48000e-02,-0.059,0.062
5.48100e-02,-0.061,0.064
5.48200e-02,-0.063,0.064
5.48300e-02,-0.063,0.064
5.48400e-02,-0.063,0.062
5.48500e-02,-0.055,0.058
5.48600e-02,-0.059,0.066
5.48700e-02,-0.059,0.06
5.48800e-02,-0.059,0.066
5.48900e-02,-0.053,0.06
5.49000e-02,-0.061,0.062
5.49100e-02,-0.057,0.062
5.49200e-02,-0.061,0.066
5.49300e-02,-0.059,0.066
5.49400e-02,-0.059,0.062
5.49500e-02,-0.059,0.062
5.49600e-02,-0.057,0.064
5.49700e-02,-0.057,0.06
5.49800e-02,-0.059,0.064
5.49900e-02,-0.057,0.06
5.50000e-02,-0.055,0.06
5.50100e-02,-0.059,0.066
5.50200e-02,-0.061,0.064
5.50300e-02,-0.063,0.06
5.50400e-02,-0.063,0.064
5.50500e-02,-0.061,0.064
5.50600e-02,-0.059,0.066
5.50700e-02,-0.045,0.05
5.50800e-02,-0.055,0.062
5.50900e-02,-0.051,0.062
5.51000e-02,-0.065,0.068
5.51100e-02,-0.063,0.062
5.51200e-02,-0.057,0.058
5.51300e-02,-0.057,0.062
5.51400e-02,-0.053,0.06
5.51500e-02,-0.053,0.06
5.51600e-02,-0.059,0.06
5.51700e-02,-0.063,0.064
5.51800e-02,-0.059,0.062
5.51900e-02,-0.057,0.062
5.52000e-02,-0.061,0.064
5.52100e-02,-0.057,0.066
5.52200e-02,-0.061,0.062
5.52300e-02,-0.061,0.064
5.52400e-02,-0.053,0.058
5.52500e-02,-0.059,0.062
5.52600e-02,-0.047,0.058
5.52700e-02,-0.059,0.066
5.52800e-02,-0.057,0.062
5.52900e-02,-0.057,0.064
5.53000e-02,-0.055,0.06
5.53100e-02,-0.049,0.058
5.53200e-02,-0.047,0.052
5.53300e-02,-0.051,0.058
5.53400e-02,-0.059,0.064
5.53500e-02,-0.059,0.062
5.53600e-02,-0.059,0.064
5.53700e-02,-0.059,0.064
5.53800e-02,-0.057,0.06
5.53900e-02,-0.059,0.062
5.54000e-02,-0.061,0.066
5.54100e-02,-0.063,0.064
5.54200e-02,-0.061,0.064
5.54300e-02,-0.057,0.064
5.54400e-02,-0.063,0.06
5.54500e-02,-0.059,0.064
5.54600e-02,-0.061,0.064
5.54700e-02,-0.059,0.062
5.54800e-02,-0.057,0.066
5.54900e-02,-0.063,0.066
5.55000e-02,-0.057,0.06
5.55100e-02,-0.055,0.058
5.55200e-02,-0.057,0.06
5.55300e-02,-0.063,0.064
5.55400e-02,-0.057,0.064
5.55500e-02,-0.061,0.064
5.55600e-02,-0.061,0.064
5.55700e-02,-0.059,0.06
5.55800e-02,-0.049,0.054
5.55900e-02,-0.059,0.064
5.56000e-02,-0.053,0.058
5.56100e-02,-0.053,0.056
5.56200e-02,-0.055,0.056
5.56300e-02,-0.053,0.06
5.56400e-02,-0.059,0.066
5.56500e-02,-0.061,0.06
5.56600e-02,-0.059,0.062
5.56700e-02,-0.061,0.064
5.56800e-02,-0.061,0.066
5.56900e-02,-0.061,0.064
5.57000e-02,-0.061,0.064
5.57100e-02,-0.061,0.064
5.57200e-02,-0.057,0.06
5.57300e-02,-0.055,0.06
5.57400e-02,-0.059,0.064
5.57500e-02,-0.063,0.068
5.57600e-02,-0.063,0.066
5.57700e-02,-0.063,0.064
5.57800e-02,-0.063,0.064
5.57900e-02,-0.061,0.064
5.58000e-02,-0.061,0.062
5.58100e-02,-0.059,0.062
5.58200e-02,-0.059,0.062
5.58300e-02,-0.061,0.066
5.58400e-02,-0.059,0.066
5.58500e-02,-0.063,0.064
5.58600e-02,-0.057,0.06
5.58700e-02,-0.063,0.062
5.58800e-02,-0.057,0.062
5.58900e-02,-0.059,0.066
5.59000e-02,-0.061,0.06
5.59100e-02,-0.061,0.064
5.59200e-02,-0.065,0.066
5.59300e-02,-0.053,0.052
5.59400e-02,-0.059,0.064
5.59500e-02,-0.051,0.054
5.59600e-02,-0.061,0.066
5.59700e-02,-0.053,0.06
5.59800e-02,-0.057,0.062
5.59900e-02,-0.061,0.064
5.60000e-02,-0.045,0.05
5.60100e-02,-0.057,0.062
5.60200e-02,-0.061,0.062
5.60300e-02,-0.061,0.062
5.60400e-02,-0.063,0.064
5.60500e-02,-0.063,0.064
5.60600e-02,-0.061,0.064
5.60700e-02,-0.061,0.066
5.60800e-02,-0.059,0.06
5.60900e-02,-0.063,0.066
5.61000e-02,-0.059,0.062
5.61100e-02,-0.063,0.066
5.61200e-02,-0.051,0.06
5.61300e-02,-0.063,0.068
5.61400e-02,-0.051,0.056
5.61500e-02,-0.057,0.062
5.61600e-02,-0.057,0.064
5.61700e-02,-0.055,0.06
5.61800e-02,-0.055,0.062
5.61900e-02,-0.055,0.062
5.62000e-02,-0.061,0.064
5.62100e-02,-0.059,0.062
5.62200e-02,-0.061,0.062
5.62300e-02,-0.055,0.058
5.62400e-02,-0.063,0.064
5.62500e-02,-0.057,0.06
5.62600e-02,-0.057,0.06
5.62700e-02,-0.055,0.06
5.62800e-02,-0.055,0.058
5.62900e-02,-0.057,0.06
5.63000e-02,-0.057,0.062
5.63100e-02,-0.063,0.064
5.63200e-02,-0.061,0.064
5.63300e-02,-0.061,0.064
5.63400e-02,-0.057,0.062
5.63500e-02,-0.061,0.064
5.63600e-02,-0.055,0.062
5.63700e-02,-0.059,0.06
5.63800e-02,-0.059,0.06
5.63900e-02,-0.059,0.064
5.64000e-02,-0.053,0.06
5.64100e-02,-0.059,0.064
5.64200e-02,-0.061,0.066
5.64300e-02,-0.059,0.06
5.64400e-02,-0.061,0.064
5.64500e-02,-0.067,0.062
5.64600e-02,-0.049,0.052
5.64700e-02,-0.061,0.064
5.64800e-02,-0.055,0.06
5.64900e-02,-0.059,0.064
5.65000e-02,-0.059,0.06
5.65100e-02,-0.059,0.06
5.65200e-02,-0.057,0.062
5.65300e-02,-0.063,0.064
5.65400e-02,-0.061,0.064
5.65500e-02,-0.059,0.064
5.65600e-02,-0.063,0.06
5.65700e-02,-0.061,0.064
5.65800e-02,-0.063,0.064
5.65900e-02,-0.059,0.06
5.66000e-02,-0.061,0.066
5.66100e-02,-0.057,0.06
5.66200e-02,-0.061,0.068
5.66300e-02,-0.053,0.058
5.66400e-02,-0.057,0.06
5.66500e-02,-0.057,0.06
5.66600e-02,-0.049,0.054
5.66700e-02,-0.059,0.064
5.66800e-02,-0.059,0.06
5.66900e-02,-0.061,0.064
5.67000e-02,-0.059,0.068
5.67100e-02,-0.061,0.064
5.67200e-02,-0.057,0.062
5.67300e-02,-0.061,0.062
5.67400e-02,-0.063,0.064
5.67500e-02,-0.059,0.062
5.67600e-02,-0.059,0.066
5.67700e-02,-0.059,0.066
5.67800e-02,-0.061,0.066
5.67900e-02,-0.061,0.064
5.68000e-02,-0.059,0.066
5.68100e-02,-0.055,0.058
5.68200e-02,-0.057,0.06
5.68300e-02,-0.059,0.062
5.68400e-02,-0.059,0.062
5.68500e-02,-0.061,0.062
5.68600e-02,-0.057,0.06
5.68700e-02,-0.059,0.062
5.68800e-02,-0.053,0.06
5.68900e-02,-0.061,0.066
5.69000e-02,-0.057,0.06
5.69100e-02,-0.055,0.06
5.69200e-02,-0.061,0.062
5.69300e-02,-0.055,0.056
5.69400e-02,-0.053,0.06
5.69500e-02,-0.061,0.06
5.69600e-02,-0.059,0.062
5.69700e-02,-0.061,0.064
5.69800e-02,-0.057,0.064
5.69900e-02,-0.063,0.062
5.70000e-02,-0.057,0.058
5.70100e-02,-0.059,0.064
5.70200e-02,-0.055,0.062
5.70300e-02,-0.061,0.064
5.70400e-02,-0.057,0.06
5.70500e-02,-0.061,0.064
5.70600e-02,-0.063,0.064
5.70700e-02,-0.057,0.062
5.70800e-02,-0.057,0.06
5.70900e-02,-0.063,0.064
5.71000e-02,-0.061,0.064
5.71100e-02,-0.061,0.064
5.71200e-02,-0.057,0.062
5.71300e-02,-0.059,0.06
5.71400e-02,-0.059,0.062
5.71500e-02,-0.061,0.066
5.71600e-02,-0.059,0.064
5.71700e-02,-0.059,0.066
5.71800e-02,-0.059,0.06
5.71900e-02,-0.061,0.062
5.72000e-02,-0.059,0.066
5.72100e-02,-0.055,0.06
5.72200e-02,-0.059,0.064
5.72300e-02,-0.063,0.06
5.72400e-02,-0.061,0.066
5.72500e-02,-0.061,0.064
5.72600e-02,-0.059,0.066
5.72700e-02,-0.061,0.064
5.72800e-02,-0.059,0.064
5.72900e-02,-0.061,0.064
5.73000e-02,-0.051,0.054
5.73100e-02,-0.063,0.062
5.73200e-02,-0.043,0.048
5.73300e-02,-0.065,0.064
5.73400e-02,-0.049,0.054
5.73500e-02,-0.061,0.064
5.73600e-02,-0.059,0.062
5.73700e-02,-0.063,0.062
5.73800e-02,-0.061,0.062
5.73900e-02,-0.055,0.062
5.74000e-02,-0.055,0.06
5.74100e-02,-0.059,0.064
5.74200e-02,-0.059,0.062
5.74300e-02,-0.057,0.064
5.74400e-02,-0.059,0.06
5.74500e-02,-0.057,0.062
5.74600e-02,-0.043,0.048
5.74700e-02,-0.063,0.064
5.74800e-02,-0.049,0.058
5.74900e-02,-0.055,0.058
5.75000e-02,-0.053,0.058
5.75100e-02,-0.061,0.062
5.75200e-02,-0.059,0.062
5.75300e-02,-0.059,0.064
5.75400e-02,-0.055,0.062
5.75500e-02,-0.059,0.064
5.75600e-02,-0.057,0.064
5.75700e-02,-0.053,0.06
5.75800e-02,-0.053,0.058
5.75900e-02,-0.047,0.05
5.76000e-02,-0.061,0.068
5.76100e-02,-0.061,0.062
5.76200e-02,-0.057,0.06
5.76300e-02,-0.061,0.064
5.76400e-02,-0.057,0.064
5.76500e-02,-0.061,0.064
5.76600e-02,-0.057,0.064
5.76700e-02,-0.061,0.064
5.76800e-02,-0.063,0.066
5.76900e-02,-0.055,0.062
5.77000e-02,-0.061,0.062
5.77100e-02,-0.063,0.066
5.77200e-02,-0.059,0.06
5.77300e-02,-0.045,0.052
5.77400e-02,-0.061,0.066
5.77500e-02,-0.061,0.064
5.77600e-02,-0.059,0.062
5.77700e-02,-0.059,0.062
5.77800e-02,-0.059,0.066
5.77900e-02,-0.061,0.064
5.78000e-02,-0.057,0.068
5.78100e-02,-0.059,0.068
5.78200e-02,-0.057,0.06
5.78300e-02,-0.061,0.064
5.78400e-02,-0.057,0.066
5.78500e-02,-0.061,0.064
5.78600e-02,-0.051,0.056
5.78700e-02,-0.061,0.064
5.78800e-02,-0.047,0.056
5.78900e-02,-0.051,0.058
5.79000e-02,-0.059,0.062
5.79100e-02,-0.063,0.064
5.79200e-02,-0.061,0.064
5.79300e-02,-0.059,0.064
5.79400e-02,-0.057,0.062
5.79500e-02,-0.061,0.066
5.79600e-02,-0.061,0.062
5.79700e-02,-0.061,0.064
5.79800e-02,-0.057,0.064
5.79900e-02,-0.061,0.064
5.80000e-02,-0.057,0.062
5.80100e-02,-0.055,0.058
5.80200e-02,-0.061,0.064
5.80300e-02,-0.061,0.064
5.80400e-02,-0.061,0.066
5.80500e-02,-0.055,0.06
5.80600e-02,-0.063,0.064
5.80700e-02,-0.049,0.054
5.80800e-02,-0.059,0.062
5.80900e-02,-0.057,0.06
5.81000e-02,-0.061,0.066
5.81100e-02,-0.061,0.064
5.81200e-02,-0.055,0.056
5.81300e-02,-0.053,0.058
5.81400e-02,-0.059,0.064
5.81500e-02,-0.057,0.06
5.81600e-02,-0.057,0.064
5.81700e-02,-0.059,0.064
5.81800e-02,-0.065,0.066
5.81900e-02,-0.057,0.06
5.82000e-02,-0.057,0.06
5.82100e-02,-0.059,0.062
5.82200e-02,-0.063,0.066
5.82300e-02,-0.059,0.066
5.82400e-02,-0.045,0.052
5.82500e-02,-0.055,0.06
5.82600e-02,-0.061,0.06
5.82700e-02,-0.059,0.064
5.82800e-02,-0.055,0.058
5.82900e-02,-0.061,0.062
5.83000e-02,-0.059,0.064
5.83100e-02,-0.061,0.064
5.83200e-02,-0.055,0.062
5.83300e-02,-0.051,0.054
5.83400e-02,-0.067,0.064
5.83500e-02,-0.039,0.046
5.83600e-02,-0.059,0.062
5.83700e-02,-0.055,0.062
5.83800e-02,-0.059,0.062
5.83900e-02,-0.053,0.058
5.84000e-02,-0.061,0.066
5.84100e-02,-0.053,0.06
5.84200e-02,-0.059,0.062
5.84300e-02,-0.047,0.052
5.84400e-02,-0.059,0.062
5.84500e-02,-0.055,0.06
5.84600e-02,-0.061,0.064
5.84700e-02,-0.061,0.062
5.84800e-02,-0.055,0.06
5.84900e-02,-0.065,0.064
5.85000e-02,-0.061,0.064
5.85100e-02,-0.063,0.062
5.85200e-02,-0.061,0.062
5.85300e-02,-0.059,0.064
5.85400e-02,-0.057,0.06
5.85500e-02,-0.059,0.066
5.85600e-02,-0.053,0.064
5.85700e-02,-0.063,0.064
5.85800e-02,-0.061,0.064
5.85900e-02,-0.057,0.06
5.86000e-02,-0.059,0.06
5.86100e-02,-0.055,0.06
5.86200e-02,-0.059,0.06
5.86300e-02,-0.061,0.064
5.86400e-02,-0.059,0.06
5.86500e-02,-0.061,0.066
5.86600e-02,-0.063,0.062
5.86700e-02,-0.063,0.068
5.86800e-02,-0.049,0.054
5.86900e-02,-0.051,0.06
5.87000e-02,-0.057,0.066
5.87100e-02,-0.061,0.066
5.87200e-02,-0.059,0.064
5.87300e-02,-0.061,0.066
5.87400e-02,-0.063,0.064
5.87500e-02,-0.061,0.068
5.87600e-02,-0.059,0.066
5.87700e-02,-0.061,0.062
5.87800e-02,-0.055,0.058
5.87900e-02,-0.061,0.064
5.88000e-02,-0.061,0.064
5.88100e-02,-0.059,0.064
5.88200e-02,-0.057,0.06
5.88300e-02,-0.065,0.064
5.88400e-02,-0.059,0.066
5.88500e-02,-0.059,0.058
5.88600e-02,-0.051,0.058
5.88700e-02,-0.051,0.054
5.88800e-02,-0.061,0.064
5.88900e-02,-0.061,0.064
5.89000e-02,-0.061,0.066
5.89100e-02,-0.057,0.066
5.89200e-02,-0.059,0.064
5.89300e-02,-0.061,0.064
5.89400e-02,-0.053,0.064
5.89500e-02,-0.059,0.064
5.89600e-02,-0.057,0.064
5.89700e-02,-0.061,0.064
5.89800e-02,-0.055,0.06
5.89900e-02,-0.061,0.064
5.90000e-02,-0.059,0.062
5.90100e-02,-0.057,0.06
5.90200e-02,-0.055,0.06
5.90300e-02,-0.063,0.064
5.90400e-02,-0.051,0.056
5.90500e-02,-0.055,0.058
5.90600e-02,-0.055,0.058
5.90700e-02,-0.059,0.06
5.90800e-02,-0.059,0.062
5.90900e-02,-0.061,0.064
5.91000e-02,-0.055,0.064
5.91100e-02,-0.057,0.064
5.91200e-02,-0.055,0.06
5.91300e-02,-0.063,0.064
5.91400e-02,-0.061,0.062
5.91500e-02,-0.059,0.068
5.91600e-02,-0.055,0.064
5.91700e-02,-0.061,0.062
5.91800e-02,-0.057,0.062
5.91900e-02,-0.061,0.064
5.92000e-02,-0.057,0.058
5.92100e-02,-0.059,0.062
5.92200e-02,-0.061,0.066
5.92300e-02,-0.061,0.066
5.92400e-02,-0.063,0.062
5.92500e-02,-0.055,0.06
5.92600e-02,-0.055,0.058
5.92700e-02,-0.065,0.07
5.92800e-02,-0.061,0.062
5.92900e-02,-0.057,0.062
5.93000e-02,-0.055,0.062
5.93100e-02,-0.059,0.066
5.93200e-02,-0.065,0.064
5.93300e-02,-0.061,0.064
5.93400e-02,-0.061,0.064
5.93500e-02,-0.061,0.062
5.93600e-02,-0.057,0.062
5.93700e-02,-0.063,0.066
5.93800e-02,-0.055,0.06
5.93900e-02,-0.061,0.062
5.94000e-02,-0.057,0.062
5.94100e-02,-0.061,0.064
5.94200e-02,-0.057,0.062
5.94300e-02,-0.059,0.062
5.94400e-02,-0.061,0.064
5.94500e-02,-0.059,0.06
5.94600e-02,-0.057,0.064
5.94700e-02,-0.061,0.064
5.94800e-02,-0.057,0.062
5.94900e-02,-0.059,0.062
5.95000e-02,-0.059,0.062
5.95100e-02,-0.061,0.066
5.95200e-02,-0.059,0.06
5.95300e-02,-0.059,0.064
5.95400e-02,-0.053,0.06
5.95500e-02,-0.057,0.062
5.95600e-02,-0.059,0.064
5.95700e-02,-0.063,0.064
5.95800e-02,-0.057,0.062
5.95900e-02,-0.053,0.06
5.96000e-02,-0.063,0.06
5.96100e-02,-0.061,0.064
5.96200e-02,-0.059,0.066
5.96300e-02,-0.061,0.064
5.96400e-02,-0.053,0.06
5.96500e-02,-0.057,0.062
5.96600e-02,-0.057,0.058
5.96700e-02,-0.063,0.064
5.96800e-02,-0.061,0.066
5.96900e-02,-0.059,0.062
5.97000e-02,-0.059,0.06
5.97100e-02,-0.059,0.064
5.97200e-02,-0.063,0.062
5.97300e-02,-0.061,0.066
5.97400e-02,-0.059,0.062
5.97500e-02,-0.051,0.06
5.97600e-02,-0.059,0.06
5.97700e-02,-0.063,0.064
5.97800e-02,-0.059,0.064
5.97900e-02,-0.063,0.064
5.98000e-02,-0.059,0.062
5.98100e-02,-0.061,0.066
5.98200e-02,-0.059,0.064
5.98300e-02,-0.059,0.064
5.98400e-02,-0.061,0.064
5.98500e-02,-0.063,0.064
5.98600e-02,-0.063,0.068
5.98700e-02,-0.059,0.064
5.98800e-02,-0.057,0.064
5.98900e-02,-0.061,0.066
5.99000e-02,-0.055,0.06
5.99100e-02,-0.059,0.06
5.99200e-02,-0.057,0.062
5.99300e-02,-0.057,0.062
5.99400e-02,-0.059,0.062
5.99500e-02,-0.055,0.064
5.99600e-02,-0.061,0.066
5.99700e-02,-0.055,0.06
5.99800e-02,-0.047,0.05
5.99900e-02,-0.055,0.06
6.00000e-02,-0.053,0.06
6.00100e-02,-0.055,0.062
6.00200e-02,-0.055,0.06
6.00300e-02,-0.055,0.06
6.00400e-02,-0.059,0.064
6.00500e-02,-0.061,0.064
6.00600e-02,-0.057,0.06
6.00700e-02,-0.061,0.062
6.00800e-02,-0.057,0.06
6.00900e-02,-0.063,0.066
6.01000e-02,-0.061,0.064
6.01100e-02,-0.061,0.06
6.01200e-02,-0.059,0.06
6.01300e-02,-0.057,0.062
6.01400e-02,-0.057,0.06
6.01500e-02,-0.059,0.06
6.01600e-02,-0.059,0.062
6.01700e-02,-0.065,0.062
6.01800e-02,-0.051,0.054
6.01900e-02,-0.061,0.062
6.02000e-02,-0.055,0.058
6.02100e-02,-0.061,0.064
6.02200e-02,-0.059,0.064
6.02300e-02,-0.059,0.062
6.02400e-02,-0.061,0.062
6.02500e-02,-0.059,0.06
6.02600e-02,-0.061,0.062
6.02700e-02,-0.059,0.062
6.02800e-02,-0.059,0.06
6.02900e-02,-0.061,0.06
6.03000e-02,-0.053,0.056
6.03100e-02,-0.063,0.06
6.03200e-02,-0.059,0.062
6.03300e-02,-0.057,0.06
6.03400e-02,-0.061,0.066
6.03500e-02,-0.055,0.064
6.03600e-02,-0.063,0.064
6.03700e-02,-0.053,0.06
6.03800e-02,-0.055,0.06
6.03900e-02,-0.057,0.062
6.04000e-02,-0.061,0.06
6.04100e-02,-0.053,0.058
6.04200e-02,-0.061,0.064
6.04300e-02,-0.061,0.064
6.04400e-02,-0.059,0.062
6.04500e-02,-0.055,0.06
6.04600e-02,-0.061,0.062
6.04700e-02,-0.059,0.06
6.04800e-02,-0.061,0.062
6.04900e-02,-0.065,0.062
6.05000e-02,-0.059,0.064
6.05100e-02,-0.059,0.062
6.05200e-02,-0.057,0.064
6.05300e-02,-0.061,0.062
6.05400e-02,-0.057,0.06
6.05500e-02,-0.061,0.062
6.05600e-02,-0.063,0.066
6.05700e-02,-0.059,0.066
6.05800e-02,-0.059,0.066
6.05900e-02,-0.061,0.06
6.06000e-02,-0.061,0.064
6.06100e-02,-0.059,0.062
6.06200e-02,-0.061,0.062
6.06300e-02,-0.061,0.062
6.06400e-02,-0.051,0.058
6.06500e-02,-0.061,0.062
6.06600e-02,-0.063,0.06
6.06700e-02,-0.059,0.062
6.06800e-02,-0.051,0.056
6.06900e-02,-0.063,0.064
6.07000e-02,-0.057,0.06
6.07100e-02,-0.063,0.068
6.07200e-02,-0.061,0.064
6.07300e-02,-0.061,0.066
6.07400e-02,-0.061,0.064
6.07500e-02,-0.065,0.064
6.07600e-02,-0.059,0.06
6.07700e-02,-0.061,0.064
6.07800e-02,-0.061,0.064
6.07900e-02,-0.061,0.062
6.08000e-02,-0.059,0.06
6.08100e-02,-0.059,0.064
6.08200e-02,-0.049,0.052
6.08300e-02,-0.055,0.058
6.08400e-02,-0.059,0.064
6.08500e-02,-0.061,0.062
6.08600e-02,-0.059,0.064
6.08700e-02,-0.061,0.062
6.08800e-02,-0.061,0.062
6.08900e-02,-0.055,0.06
6.09000e-02,-0.055,0.062
6.09100e-02,-0.055,0.06
6.09200e-02,-0.055,0.062
6.09300e-02,-0.057,0.06
6.09400e-02,-0.061,0.064
6.09500e-02,-0.055,0.06
6.09600e-02,-0.055,0.058
6.09700e-02,-0.061,0.062
6.09800e-02,-0.057,0.06
6.09900e-02,-0.059,0.064
6.10000e-02,-0.061,0.064
6.10100e-02,-0.057,0.064
6.10200e-02,-0.053,0.058
6.10300e-02,-0.059,0.064
6.10400e-02,-0.063,0.066
6.10500e-02,-0.057,0.066
6.10600e-02,-0.059,0.064
6.10700e-02,-0.057,0.06
6.10800e-02,-0.061,0.064
6.10900e-02,-0.061,0.062
6.11000e-02,-0.059,0.064
6.11100e-02,-0.061,0.066
6.11200e-02,-0.061,0.064
6.11300e-02,-0.053,0.06
6.11400e-02,-0.059,0.062
6.11500e-02,-0.055,0.054
6.11600e-02,-0.055,0.056
6.11700e-02,-0.053,0.056
6.11800e-02,-0.047,0.056
6.11900e-02,-0.059,0.062
6.12000e-02,-0.057,0.06
6.12100e-02,-0.057,0.06
6.12200e-02,-0.061,0.064
6.12300e-02,-0.061,0.066
6.12400e-02,-0.057,0.06
6.12500e-02,-0.057,0.06
6.12600e-02,-0.055,0.06
6.12700e-02,-0.057,0.06
6.12800e-02,-0.061,0.064
6.12900e-02,-0.055,0.06
6.13000e-02,-0.057,0.06
6.13100e-02,-0.059,0.062
6.13200e-02,-0.055,0.058
6.13300e-02,-0.057,0.06
6.13400e-02,-0.049,0.054
6.13500e-02,-0.057,0.06
6.13600e-02,-0.059,0.062
6.13700e-02,-0.059,0.064
6.13800e-02,-0.061,0.066
6.13900e-02,-0.061,0.064
6.14000e-02,-0.063,0.062
6.14100e-02,-0.057,0.062
6.14200e-02,-0.057,0.06
6.14300e-02,-0.061,0.066
6.14400e-02,-0.055,0.064
6.14500e-02,-0.061,0.066
6.14600e-02,-0.059,0.062
6.14700e-02,-0.057,0.06
6.14800e-02,-0.057,0.062
6.14900e-02,-0.061,0.066
6.15000e-02,-0.055,0.06
6.15100e-02,-0.059,0.064
6.15200e-02,-0.055,0.06
6.15300e-02,-0.059,0.062
6.15400e-02,-0.057,0.06
6.15500e-02,-0.059,0.062
6.15600e-02,-0.057,0.062
6.15700e-02,-0.061,0.064
6.15800e-02,-0.063,0.064
6.15900e-02,-0.059,0.062
6.16000e-02,-0.059,0.062
6.16100e-02,-0.059,0.064
6.16200e-02,-0.057,0.064
6.16300e-02,-0.061,0.064
6.16400e-02,-0.057,0.06
6.16500e-02,-0.059,0.06
6.16600e-02,-0.059,0.062
6.16700e-02,-0.061,0.064
6.16800e-02,-0.059,0.066
6.16900e-02,-0.061,0.064
6.17000e-02,-0.055,0.058
6.17100e-02,-0.061,0.062
6.17200e-02,-0.061,0.062
6.17300e-02,-0.061,0.062
6.17400e-02,-0.061,0.066
6.17500e-02,-0.055,0.064
6.17600e-02,-0.055,0.058
6.17700e-02,-0.061,0.064
6.17800e-02,-0.057,0.062
6.17900e-02,-0.059,0.062
6.18000e-02,-0.057,0.06
6.18100e-02,-0.063,0.066
6.18200e-02,-0.057,0.064
6.18300e-02,-0.061,0.064
6.18400e-02,-0.061,0.064
6.18500e-02,-0.063,0.064
6.18600e-02,-0.059,0.064
6.18700e-02,-0.057,0.06
6.18800e-02,-0.047,0.058
6.18900e-02,-0.061,0.066
6.19000e-02,-0.045,0.048
6.19100e-02,-0.059,0.062
6.19200e-02,-0.055,0.06
6.19300e-02,-0.059,0.062
6.19400e-02,-0.061,0.068
6.19500e-02,-0.061,0.066
6.19600e-02,-0.061,0.064
6.19700e-02,-0.061,0.062
6.19800e-02,-0.061,0.066
6.19900e-02,-0.061,0.062
6.20000e-02,-0.059,0.064
6.20100e-02,-0.063,0.064
6.20200e-02,-0.061,0.062
6.20300e-02,-0.059,0.062
6.20400e-02,-0.061,0.064
6.20500e-02,-0.051,0.06
6.20600e-02,-0.057,0.066
6.20700e-02,-0.057,0.06
6.20800e-02,-0.057,0.064
6.20900e-02,-0.063,0.066
6.21000e-02,-0.055,0.066
6.21100e-02,-0.059,0.064
6.21200e-02,-0.059,0.064
6.21300e-02,-0.061,0.064
6.21400e-02,-0.059,0.06
6.21500e-02,-0.059,0.064
6.21600e-02,-0.063,0.064
6.21700e-02,-0.061,0.06
6.21800e-02,-0.059,0.066
6.21900e-02,-0.061,0.064
6.22000e-02,-0.063,0.066
6.22100e-02,-0.061,0.064
6.22200e-02,-0.061,0.064
6.22300e-02,-0.059,0.062
6.22400e-02,-0.061,0.064
6.22500e-02,-0.059,0.062
6.22600e-02,-0.061,0.062
6.22700e-02,-0.059,0.064
6.22800e-02,-0.061,0.068
6.22900e-02,-0.061,0.066
6.23000e-02,-0.061,0.064
6.23100e-02,-0.065,0.062
6.23200e-02,-0.063,0.062
6.23300e-02,-0.061,0.066
6.23400e-02,-0.059,0.064
6.23500e-02,-0.061,0.062
6.23600e-02,-0.057,0.058
6.23700e-02,-0.061,0.064
6.23800e-02,-0.063,0.062
6.23900e-02,-0.057,0.062
6.24000e-02,-0.061,0.06
6.24100e-02,-0.059,0.068
6.24200e-02,-0.059,0.064
6.24300e-02,-0.059,0.062
6.24400e-02,-0.061,0.062
6.24500e-02,-0.063,0.064
6.24600e-02,-0.055,0.062
6.24700e-02,-0.063,0.064
6.24800e-02,-0.053,0.058
6.24900e-02,-0.045,0.05
6.25000e-02,-0.055,0.058
6.25100e-02,-0.053,0.06
6.25200e-02,-0.055,0.064
6.25300e-02,-0.059,0.064
6.25400e-02,-0.063,0.062
6.25500e-02,-0.059,0.064
6.25600e-02,-0.061,0.066
6.25700e-02,-0.047,0.056
6.25800e-02,-0.059,0.064
6.25900e-02,-0.057,0.064
6.26000e-02,-0.057,0.062
6.26100e-02,-0.057,0.06
6.26200e-02,-0.057,0.064
6.26300e-02,-0.057,0.064
6.26400e-02,-0.059,0.062
6.26500e-02,-0.057,0.062
6.26600e-02,-0.059,0.062
6.26700e-02,-0.051,0.06
6.26800e-02,-0.059,0.062
6.26900e-02,-0.061,0.064
6.27000e-02,-0.055,0.06
6.27100e-02,-0.059,0.06
6.27200e-02,-0.057,0.06
6.27300e-02,-0.063,0.064
6.27400e-02,-0.059,0.064
6.27500e-02,-0.057,0.06
6.27600e-02,-0.059,0.062
6.27700e-02,-0.061,0.062
6.27800e-02,-0.059,0.064
6.27900e-02,-0.063,0.066
6.28000e-02,-0.055,0.062
6.28100e-02,-0.057,0.062
6.28200e-02,-0.057,0.06
6.28300e-02,-0.059,0.062
6.28400e-02,-0.063,0.064
6.28500e-02,-0.063,0.062
6.28600e-02,-0.057,0.062
6.28700e-02,-0.055,0.06
6.28800e-02,-0.057,0.058
6.28900e-02,-0.061,0.064
6.29000e-02,-0.051,0.06
6.29100e-02,-0.059,0.062
6.29200e-02,-0.059,0.062
6.29300e-02,-0.057,0.062
6.29400e-02,-0.059,0.062
6.29500e-02,-0.051,0.058
6.29600e-02,-0.057,0.06
6.29700e-02,-0.061,0.062
6.29800e-02,-0.063,0.064
6.29900e-02,-0.063,0.066
6.30000e-02,-0.061,0.062
6.30100e-02,-0.061,0.06
6.30200e-02,-0.063,0.062
6.30300e-02,-0.059,0.064
6.30400e-02,-0.061,0.064
6.30500e-02,-0.047,0.054
6.30600e-02,-0.061,0.064
6.30700e-02,-0.061,0.062
6.30800e-02,-0.059,0.062
6.30900e-02,-0.063,0.068
6.31000e-02,-0.061,0.064
6.31100e-02,-0.061,0.064
6.31200e-02,-0.061,0.06
6.31300e-02,-0.059,0.064
6.31400e-02,-0.061,0.062
6.31500e-02,-0.063,0.066
6.31600e-02,-0.061,0.064
6.31700e-02,-0.061,0.066
6.31800e-02,-0.053,0.062
6.31900e-02,-0.057,0.06
6.32000e-02,-0.059,0.06
6.32100e-02,-0.057,0.06
6.32200e-02,-0.061,0.062
6.32300e-02,-0.061,0.064
6.32400e-02,-0.061,0.064
6.32500e-02,-0.061,0.062
6.32600e-02,-0.063,0.062
6.32700e-02,-0.057,0.062
6.32800e-02,-0.061,0.064
6.32900e-02,-0.059,0.066
6.33000e-02,-0.057,0.064
6.33100e-02,-0.061,0.064
6.33200e-02,-0.061,0.064
6.33300e-02,-0.067,0.062
6.33400e-02,-0.061,0.062
6.33500e-02,-0.057,0.062
6.33600e-02,-0.059,0.062
6.33700e-02,-0.057,0.064
6.33800e-02,-0.059,0.066
6.33900e-02,-0.065,0.06
6.34000e-02,-0.061,0.064
6.34100e-02,-0.061,0.064
6.34200e-02,-0.061,0.064
6.34300e-02,-0.061,0.064
6.34400e-02,-0.055,0.062
6.34500e-02,-0.059,0.064
6.34600e-02,-0.055,0.06
6.34700e-02,-0.057,0.06
6.34800e-02,-0.063,0.066
6.34900e-02,-0.063,0.066
6.35000e-02,-0.061,0.066
6.35100e-02,-0.061,0.062
6.35200e-02,-0.059,0.06
6.35300e-02,-0.057,0.062
6.35400e-02,-0.057,0.064
6.35500e-02,-0.061,0.064
6.35600e-02,-0.061,0.062
6.35700e-02,-0.059,0.064
6.35800e-02,-0.059,0.062
6.35900e-02,-0.059,0.064
6.36000e-02,-0.063,0.066
6.36100e-02,-0.061,0.064
6.36200e-02,-0.061,0.064
6.36300e-02,-0.057,0.062
6.36400e-02,-0.059,0.064
6.36500e-02,-0.059,0.06
6.36600e-02,-0.061,0.064
6.36700e-02,-0.063,0.062
6.36800e-02,-0.061,0.062
6.36900e-02,-0.049,0.056
6.37000e-02,-0.059,0.066
6.37100e-02,-0.059,0.066
6.37200e-02,-0.061,0.062
6.37300e-02,-0.061,0.064
6.37400e-02,-0.051,0.056
6.37500e-02,-0.059,0.064
6.37600e-02,-0.063,0.066
6.37700e-02,-0.059,0.064
6.37800e-02,-0.057,0.062
6.37900e-02,-0.065,0.064
6.38000e-02,-0.063,0.064
6.38100e-02,-0.061,0.064
6.38200e-02,-0.057,0.062
6.38300e-02,-0.061,0.064
6.38400e-02,-0.061,0.062
6.38500e-02,-0.057,0.066
6.38600e-02,-0.061,0.066
6.38700e-02,-0.061,0.064
6.38800e-02,-0.061,0.062
6.38900e-02,-0.061,0.062
6.39000e-02,-0.061,0.064
6.39100e-02,-0.059,0.064
6.39200e-02,-0.057,0.064
6.39300e-02,-0.061,0.064
6.39400e-02,-0.061,0.064
6.39500e-02,-0.055,0.062
6.39600e-02,-0.055,0.06
6.39700e-02,-0.061,0.062
6.39800e-02,-0.059,0.062
6.39900e-02,-0.057,0.06
6.40000e-02,-0.061,0.064
6.40100e-02,-0.061,0.06
6.40200e-02,-0.059,0.066
6.40300e-02,-0.057,0.06
6.40400e-02,-0.057,0.06
6.40500e-02,-0.059,0.062
6.40600e-02,-0.061,0.068
6.40700e-02,-0.057,0.064
6.40800e-02,-0.061,0.066
6.40900e-02,-0.059,0.062
6.41000e-02,-0.061,0.064
6.41100e-02,-0.059,0.062
6.41200e-02,-0.061,0.062
6.41300e-02,-0.059,0.06
6.41400e-02,-0.059,0.068
6.41500e-02,-0.059,0.068
6.41600e-02,-0.063,0.066
6.41700e-02,-0.059,0.06
6.41800e-02,-0.059,0.064
6.41900e-02,-0.061,0.064
6.42000e-02,-0.055,0.06
6.42100e-02,-0.059,0.068
6.42200e-02,-0.057,0.062
6.42300e-02,-0.055,0.06
6.42400e-02,-0.057,0.064
6.42500e-02,-0.057,0.064
6.42600e-02,-0.061,0.06
6.42700e-02,-0.061,0.064
6.42800e-02,-0.063,0.064
6.42900e-02,-0.055,0.06
6.43000e-02,-0.059,0.064
6.43100e-02,-0.061,0.062
6.43200e-02,-0.057,0.064
6.43300e-02,-0.059,0.062
6.43400e-02,-0.059,0.058
6.43500e-02,-0.059,0.064
6.43600e-02,-0.061,0.064
6.43700e-02,-0.061,0.066
6.43800e-02,-0.057,0.064
6.43900e-02,-0.061,0.062
6.44000e-02,-0.059,0.066
6.44100e-02,-0.059,0.064
6.44200e-02,-0.061,0.062
6.44300e-02,-0.061,0.062
6.44400e-02,-0.061,0.062
6.44500e-02,-0.065,0.068
6.44600e-02,-0.059,0.062
6.44700e-02,-0.055,0.064
6.44800e-02,-0.057,0.064
6.44900e-02,-0.061,0.066
6.45000e-02,-0.061,0.064
6.45100e-02,-0.061,0.06
6.45200e-02,-0.059,0.062
6.45300e-02,-0.059,0.064
6.45400e-02,-0.059,0.062
6.45500e-02,-0.061,0.064
6.45600e-02,-0.057,0.06
6.45700e-02,-0.061,0.062
6.45800e-02,-0.057,0.062
6.45900e-02,-0.055,0.058
6.46000e-02,-0.055,0.06
6.46100e-02,-0.059,0.062
6.46200e-02,-0.061,0.064
6.46300e-02,-0.061,0.064
6.46400e-02,-0.061,0.064
6.46500e-02,-0.059,0.062
6.46600e-02,-0.057,0.064
6.46700e-02,-0.061,0.066
6.46800e-02,-0.063,0.066
6.46900e-02,-0.057,0.064
6.47000e-02,-0.057,0.062
6.47100e-02,-0.053,0.06
6.47200e-02,-0.061,0.064
6.47300e-02,-0.053,0.058
6.47400e-02,-0.061,0.064
6.47500e-02,-0.059,0.066
6.47600e-02,-0.057,0.064
6.47700e-02,-0.061,0.062
6.47800e-02,-0.059,0.06
6.47900e-02,-0.059,0.062
6.48000e-02,-0.065,0.064
6.48100e-02,-0.051,0.054
6.48200e-02,-0.059,0.066
6.48300e-02,-0.059,0.062
6.48400e-02,-0.057,0.06
6.48500e-02,-0.053,0.056
6.48600e-02,-0.051,0.054
6.48700e-02,-0.047,0.048
6.48800e-02,-0.061,0.062
6.48900e-02,-0.051,0.056
6.49000e-02,-0.051,0.058
6.49100e-02,-0.061,0.066
6.49200e-02,-0.057,0.06
6.49300e-02,-0.059,0.064
6.49400e-02,-0.059,0.064
6.49500e-02,-0.061,0.062
6.49600e-02,-0.061,0.06
6.49700e-02,-0.059,0.062
6.49800e-02,-0.055,0.054
6.49900e-02,-0.059,0.06
6.50000e-02,-0.063,0.062
6.50100e-02,-0.059,0.066
6.50200e-02,-0.061,0.064
6.50300e-02,-0.057,0.062
6.50400e-02,-0.061,0.066
6.50500e-02,-0.059,0.064
6.50600e-02,-0.061,0.066
6.50700e-02,-0.061,0.062
6.50800e-02,-0.061,0.062
6.50900e-02,-0.055,0.062
6.51000e-02,-0.063,0.06
6.51100e-02,-0.061,0.064
6.51200e-02,-0.059,0.06
6.51300e-02,-0.057,0.064
6.51400e-02,-0.059,0.06
6.51500e-02,-0.061,0.066
6.51600e-02,-0.057,0.06
6.51700e-02,-0.059,0.064
6.51800e-02,-0.065,0.062
6.51900e-02,-0.059,0.064
6.52000e-02,-0.063,0.066
6.52100e-02,-0.059,0.064
6.52200e-02,-0.061,0.064
6.52300e-02,-0.061,0.066
6.52400e-02,-0.061,0.064
6.52500e-02,-0.061,0.06
6.52600e-02,-0.061,0.062
6.52700e-02,-0.059,0.06
6.52800e-02,-0.063,0.064
6.52900e-02,-0.061,0.06
6.53000e-02,-0.059,0.062
6.53100e-02,-0.057,0.064
6.53200e-02,-0.061,0.064
6.53300e-02,-0.063,0.066
6.53400e-02,-0.057,0.068
6.53500e-02,-0.053,0.06
6.53600e-02,-0.059,0.064
6.53700e-02,-0.057,0.06
6.53800e-02,-0.051,0.056
6.53900e-02,-0.055,0.064
6.54000e-02,-0.061,0.066
6.54100e-02,-0.057,0.062
6.54200e-02,-0.059,0.064
6.54300e-02,-0.063,0.062
6.54400e-02,-0.059,0.064
6.54500e-02,-0.057,0.062
6.54600e-02,-0.053,0.058
6.54700e-02,-0.057,0.06
6.54800e-02,-0.061,0.064
6.54900e-02,-0.059,0.064
6.55000e-02,-0.059,0.062
6.55100e-02,-0.057,0.06
6.55200e-02,-0.053,0.06
6.55300e-02,-0.059,0.066
6.55400e-02,-0.057,0.064
6.55500e-02,-0.057,0.06
6.55600e-02,-0.057,0.06
6.55700e-02,-0.059,0.062
6.55800e-02,-0.057,0.062
6.55900e-02,-0.059,0.06
6.56000e-02,-0.063,0.066
6.56100e-02,-0.059,0.062
6.56200e-02,-0.061,0.062
6.56300e-02,-0.061,0.062
6.56400e-02,-0.065,0.062
6.56500e-02,-0.057,0.06
6.56600e-02,-0.063,0.064
6.56700e-02,-0.061,0.066
6.56800e-02,-0.059,0.068
6.56900e-02,-0.061,0.062
6.57000e-02,-0.057,0.06
6.57100e-02,-0.053,0.062
6.57200e-02,-0.061,0.068
6.57300e-02,-0.055,0.06
6.57400e-02,-0.057,0.064
6.57500e-02,-0.059,0.062
6.57600e-02,-0.059,0.062
6.57700e-02,-0.055,0.058
6.57800e-02,-0.057,0.064
6.57900e-02,-0.059,0.06
6.58000e-02,-0.061,0.06
6.58100e-02,-0.063,0.066
6.58200e-02,-0.057,0.062
6.58300e-02,-0.061,0.064
6.58400e-02,-0.057,0.068
6.58500e-02,-0.061,0.064
6.58600e-02,-0.061,0.064
6.58700e-02,-0.055,0.058
6.58800e-02,-0.057,0.064
6.58900e-02,-0.055,0.058
6.59000e-02,-0.057,0.064
6.59100e-02,-0.053,0.058
6.59200e-02,-0.053,0.06
6.59300e-02,-0.049,0.056
6.59400e-02,-0.043,0.054
6.59500e-02,-0.051,0.058
6.59600e-02,-0.053,0.06
6.59700e-02,-0.055,0.064
6.59800e-02,-0.055,0.06
6.59900e-02,-0.057,0.06
6.60000e-02,-0.063,0.064
6.60100e-02,-0.057,0.06
6.60200e-02,-0.055,0.062
6.60300e-02,-0.061,0.062
6.60400e-02,-0.057,0.062
6.60500e-02,-0.059,0.066
6.60600e-02,-0.055,0.06
6.60700e-02,-0.061,0.064
6.60800e-02,-0.059,0.064
6.60900e-02,-0.059,0.064
6.61000e-02,-0.059,0.06
6.61100e-02,-0.057,0.064
6.61200e-02,-0.061,0.06
6.61300e-02,-0.047,0.052
6.61400e-02,-0.059,0.06
6.61500e-02,-0.055,0.058
6.61600e-02,-0.061,0.066
6.61700e-02,-0.059,0.066
6.61800e-02,-0.057,0.066
6.61900e-02,-0.059,0.064
6.62000e-02,-0.061,0.062
6.62100e-02,-0.063,0.068
6.62200e-02,-0.063,0.066
6.62300e-02,-0.055,0.064
6.62400e-02,-0.053,0.058
6.62500e-02,-0.061,0.062
6.62600e-02,-0.053,0.06
6.62700e-02,-0.051,0.052
6.62800e-02,-0.043,0.048
6.62900e-02,-0.061,0.062
6.63000e-02,-0.057,0.06
6.63100e-02,-0.063,0.064
6.63200e-02,-0.059,0.064
6.63300e-02,-0.059,0.062
6.63400e-02,-0.059,0.064
6.63500e-02,-0.061,0.064
6.63600e-02,-0.061,0.062
6.63700e-02,-0.063,0.066
6.63800e-02,-0.063,0.066
6.63900e-02,-0.059,0.064
6.64000e-02,-0.061,0.064
6.64100e-02,-0.049,0.056
6.64200e-02,-0.065,0.062
6.64300e-02,-0.057,0.064
6.64400e-02,-0.057,0.064
6.64500e-02,-0.059,0.062
6.64600e-02,-0.059,0.062
6.64700e-02,-0.055,0.062
6.64800e-02,-0.059,0.06
6.64900e-02,-0.061,0.062
6.65000e-02,-0.055,0.058
6.65100e-02,-0.055,0.06
6.65200e-02,-0.059,0.062
6.65300e-02,-0.061,0.064
6.65400e-02,-0.059,0.062
6.65500e-02,-0.059,0.06
6.65600e-02,-0.063,0.066
6.65700e-02,-0.053,0.06
6.65800e-02,-0.061,0.064
6.65900e-02,-0.061,0.064
6.66000e-02,-0.061,0.062
6.66100e-02,-0.061,0.06
6.66200e-02,-0.061,0.064
6.66300e-02,-0.061,0.062
6.66400e-02,-0.059,0.062
6.66500e-02,-0.063,0.062
6.66600e-02,-0.061,0.066
6.66700e-02,-0.063,0.066
6.66800e-02,-0.055,0.066
6.66900e-02,-0.061,0.066
6.67000e-02,-0.059,0.06
6.67100e-02,-0.059,0.062
6.67200e-02,-0.053,0.06
6.67300e-02,-0.063,0.066
6.67400e-02,-0.059,0.064
6.67500e-02,-0.061,0.066
6.67600e-02,-0.061,0.064
6.67700e-02,-0.053,0.056
6.67800e-02,-0.057,0.062
6.67900e-02,-0.057,0.06
6.68000e-02,-0.061,0.066
6.68100e-02,-0.039,0.046
6.68200e-02,-0.059,0.062
6.68300e-02,-0.049,0.058
6.68400e-02,-0.055,0.062
6.68500e-02,-0.059,0.06
6.68600e-02,-0.057,0.064
6.68700e-02,-0.059,0.06
6.68800e-02,-0.061,0.062
6.68900e-02,-0.059,0.06
6.69000e-02,-0.061,0.064
6.69100e-02,-0.061,0.062
6.69200e-02,-0.057,0.064
6.69300e-02,-0.061,0.06
6.69400e-02,-0.061,0.062
6.69500e-02,-0.059,0.062
6.69600e-02,-0.057,0.062
6.69700e-02,-0.059,0.062
6.69800e-02,-0.057,0.062
6.69900e-02,-0.061,0.062
6.70000e-02,-0.061,0.064
6.70100e-02,-0.065,0.066
6.70200e-02,-0.061,0.066
6.70300e-02,-0.057,0.064
6.70400e-02,-0.055,0.06
6.70500e-02,-0.061,0.064
6.70600e-02,-0.055,0.06
6.70700e-02,-0.053,0.06
6.70800e-02,-0.061,0.06
6.70900e-02,-0.057,0.062
6.71000e-02,-0.061,0.064
6.71100e-02,-0.055,0.06
6.71200e-02,-0.061,0.06
6.71300e-02,-0.049,0.05
6.71400e-02,-0.047,0.054
6.71500e-02,-0.053,0.058
6.71600e-02,-0.059,0.06
6.71700e-02,-0.059,0.064
6.71800e-02,-0.063,0.064
6.71900e-02,-0.061,0.062
6.72000e-02,-0.059,0.062
6.72100e-02,-0.051,0.056
6.72200e-02,-0.049,0.054
6.72300e-02,-0.045,0.048
6.72400e-02,-0.059,0.064
6.72500e-02,-0.059,0.062
6.72600e-02,-0.063,0.062
6.72700e-02,-0.061,0.066
6.72800e-02,-0.061,0.064
6.72900e-02,-0.057,0.066
6.73000e-02,-0.059,0.06
6.73100e-02,-0.059,0.06
6.73200e-02,-0.057,0.062
6.73300e-02,-0.055,0.06
6.73400e-02,-0.049,0.058
6.73500e-02,-0.059,0.062
6.73600e-02,-0.059,0.06
6.73700e-02,-0.047,0.048
6.73800e-02,-0.059,0.058
6.73900e-02,-0.061,0.062
6.74000e-02,-0.061,0.064
6.74100e-02,-0.059,0.062
6.74200e-02,-0.059,0.062
6.74300e-02,-0.053,0.06
6.74400e-02,-0.061,0.064
6.74500e-02,-0.057,0.066
6.74600e-02,-0.067,0.064
6.74700e-02,-0.049,0.058
6.74800e-02,-0.061,0.06
6.74900e-02,-0.063,0.064
6.75000e-02,-0.063,0.064
6.75100e-02,-0.063,0.066
6.75200e-02,-0.059,0.064
6.75300e-02,-0.061,0.064
6.75400e-02,-0.063,0.066
6.75500e-02,-0.059,0.062
6.75600e-02,-0.061,0.064
6.75700e-02,-0.063,0.064
6.75800e-02,-0.061,0.064
6.75900e-02,-0.061,0.064
6.76000e-02,-0.059,0.064
6.76100e-02,-0.057,0.058
6.76200e-02,-0.059,0.064
6.76300e-02,-0.051,0.054
6.76400e-02,-0.059,0.062
6.76500e-02,-0.053,0.06
6.76600e-02,-0.061,0.066
6.76700e-02,-0.063,0.068
6.76800e-02,-0.053,0.06
6.76900e-02,-0.057,0.062
6.77000e-02,-0.053,0.06
6.77100e-02,-0.053,0.06
6.77200e-02,-0.057,0.06
6.77300e-02,-0.063,0.06
6.77400e-02,-0.063,0.064
6.77500e-02,-0.051,0.056
6.77600e-02,-0.055,0.056
6.77700e-02,-0.059,0.064
6.77800e-02,-0.059,0.064
6.77900e-02,-0.055,0.058
6.78000e-02,-0.043,0.046
6.78100e-02,-0.055,0.06
6.78200e-02,-0.059,0.068
6.78300e-02,-0.051,0.058
6.78400e-02,-0.063,0.064
6.78500e-02,-0.061,0.064
6.78600e-02,-0.057,0.062
6.78700e-02,-0.061,0.068
6.78800e-02,-0.061,0.064
6.78900e-02,-0.061,0.062
6.79000e-02,-0.057,0.064
6.79100e-02,-0.063,0.066
6.79200e-02,-0.067,0.064
6.79300e-02,-0.059,0.062
6.79400e-02,-0.059,0.066
6.79500e-02,-0.059,0.064
6.79600e-02,-0.063,0.064
6.79700e-02,-0.057,0.066
6.79800e-02,-0.059,0.062
6.79900e-02,-0.061,0.064
6.80000e-02,-0.063,0.068
6.80100e-02,-0.061,0.062
6.80200e-02,-0.059,0.064
6.80300e-02,-0.065,0.064
6.80400e-02,-0.057,0.06
6.80500e-02,-0.061,0.064
6.80600e-02,-0.053,0.058
6.80700e-02,-0.055,0.06
6.80800e-02,-0.047,0.06
6.80900e-02,-0.061,0.062
6.81000e-02,-0.055,0.062
6.81100e-02,-0.061,0.064
6.81200e-02,-0.065,0.062
6.81300e-02,-0.061,0.064
6.81400e-02,-0.059,0.062
6.81500e-02,-0.053,0.058
6.81600e-02,-0.061,0.062
6.81700e-02,-0.059,0.062
6.81800e-02,-0.061,0.066
6.81900e-02,-0.057,0.062
6.82000e-02,-0.059,0.062
6.82100e-02,-0.057,0.058
6.82200e-02,-0.063,0.064
6.82300e-02,-0.059,0.064
6.82400e-02,-0.061,0.062
6.82500e-02,-0.061,0.064
6.82600e-02,-0.059,0.066
6.82700e-02,-0.061,0.064
6.82800e-02,-0.057,0.062
6.82900e-02,-0.055,0.06
6.83000e-02,-0.057,0.062
6.83100e-02,-0.057,0.064
6.83200e-02,-0.061,0.066
6.83300e-02,-0.055,0.06
6.83400e-02,-0.059,0.062
6.83500e-02,-0.063,0.066
6.83600e-02,-0.053,0.064
6.83700e-02,-0.055,0.058
6.83800e-02,-0.057,0.064
6.83900e-02,-0.057,0.062
6.84000e-02,-0.059,0.06
6.84100e-02,-0.041,0.046
6.84200e-02,-0.057,0.06
6.84300e-02,-0.049,0.054
6.84400e-02,-0.061,0.064
6.84500e-02,-0.055,0.06
6.84600e-02,-0.063,0.064
6.84700e-02,-0.059,0.064
6.84800e-02,-0.057,0.064
6.84900e-02,-0.059,0.064
6.85000e-02,-0.061,0.064
6.85100e-02,-0.063,0.064
6.85200e-02,-0.063,0.064
6.85300e-02,-0.055,0.058
6.85400e-02,-0.061,0.066
6.85500e-02,-0.055,0.062
6.85600e-02,-0.061,0.062
6.85700e-02,-0.053,0.056
6.85800e-02,-0.059,0.062
6.85900e-02,-0.059,0.06
6.86000e-02,-0.061,0.064
6.86100e-02,-0.059,0.06
6.86200e-02,-0.061,0.064
6.86300e-02,-0.055,0.06
6.86400e-02,-0.047,0.054
6.86500e-02,-0.039,0.048
6.86600e-02,-0.059,0.058
6.86700e-02,-0.057,0.06
6.86800e-02,-0.055,0.058
6.86900e-02,-0.055,0.06
6.87000e-02,-0.059,0.064
6.87100e-02,-0.061,0.064
6.87200e-02,-0.057,0.064
6.87300e-02,-0.063,0.062
6.87400e-02,-0.059,0.064
6.87500e-02,-0.059,0.064
6.87600e-02,-0.055,0.062
6.87700e-02,-0.055,0.062
6.87800e-02,-0.059,0.06
6.87900e-02,-0.057,0.06
6.88000e-02,-0.059,0.06
6.88100e-02,-0.061,0.06
6.88200e-02,-0.057,0.06
6.88300e-02,-0.049,0.054
6.88400e-02,-0.057,0.062
6.88500e-02,-0.059,0.06
6.88600e-02,-0.059,0.062
6.88700e-02,-0.059,0.062
6.88800e-02,-0.059,0.064
6.88900e-02,-0.057,0.064
6.89000e-02,-0.061,0.064
6.89100e-02,-0.063,0.066
6.89200e-02,-0.055,0.06
6.89300e-02,-0.053,0.06
6.89400e-02,-0.057,0.062
6.89500e-02,-0.057,0.06
6.89600e-02,-0.061,0.066
6.89700e-02,-0.059,0.06
6.89800e-02,-0.057,0.062
6.89900e-02,-0.049,0.056
6.90000e-02,-0.055,0.056
6.90100e-02,-0.055,0.06
6.90200e-02,-0.053,0.058
6.90300e-02,-0.053,0.054
6.90400e-02,-0.053,0.06
6.90500e-02,-0.051,0.058
6.90600e-02,-0.057,0.06
6.90700e-02,-0.053,0.06
6.90800e-02,-0.051,0.058
6.90900e-02,-0.057,0.064
6.91000e-02,-0.063,0.064
6.91100e-02,-0.059,0.062
6.91200e-02,-0.061,0.064
6.91300e-02,-0.059,0.06
6.91400e-02,-0.061,0.064
6.91500e-02,-0.059,0.062
6.91600e-02,-0.059,0.06
6.91700e-02,-0.053,0.058
6.91800e-02,-0.053,0.056
6.91900e-02,-0.049,0.05
6.92000e-02,-0.033,0.038
6.92100e-02,-0.055,0.054
6.92200e-02,-0.045,0.05
6.92300e-02,-0.059,0.06
6.92400e-02,-0.057,0.062
6.92500e-02,-0.059,0.064
6.92600e-02,-0.059,0.064
6.92700e-02,-0.059,0.062
6.92800e-02,-0.057,0.064
6.92900e-02,-0.063,0.062
6.93000e-02,-0.061,0.066
6.93100e-02,-0.057,0.064
6.93200e-02,-0.059,0.06
6.93300e-02,-0.059,0.06
6.93400e-02,-0.059,0.062
6.93500e-02,-0.059,0.06
6.93600e-02,-0.057,0.06
6.93700e-02,-0.061,0.066
6.93800e-02,-0.059,0.062
6.93900e-02,-0.063,0.066
6.94000e-02,-0.059,0.064
6.94100e-02,-0.065,0.062
6.94200e-02,-0.061,0.062
6.94300e-02,-0.059,0.062
6.94400e-02,-0.059,0.064
6.94500e-02,-0.061,0.066
6.94600e-02,-0.063,0.064
6.94700e-02,-0.063,0.066
6.94800e-02,-0.061,0.066
6.94900e-02,-0.059,0.06
6.95000e-02,-0.059,0.062
6.95100e-02,-0.057,0.064
6.95200e-02,-0.061,0.064
6.95300e-02,-0.057,0.06
6.95400e-02,-0.059,0.064
6.95500e-02,-0.059,0.06
6.95600e-02,-0.059,0.062
6.95700e-02,-0.051,0.06
6.95800e-02,-0.065,0.062
6.95900e-02,-0.059,0.062
6.96000e-02,-0.053,0.056
6.96100e-02,-0.061,0.064
6.96200e-02,-0.057,0.06
6.96300e-02,-0.055,0.06
6.96400e-02,-0.053,0.054
6.96500e-02,-0.061,0.064
6.96600e-02,-0.059,0.064
6.96700e-02,-0.061,0.062
6.96800e-02,-0.059,0.064
6.96900e-02,-0.059,0.062
6.97000e-02,-0.051,0.06
6.97100e-02,-0.035,0.044
6.97200e-02,-0.063,0.06
6.97300e-02,-0.051,0.06
6.97400e-02,-0.059,0.066
6.97500e-02,-0.061,0.064
6.97600e-02,-0.061,0.064
6.97700e-02,-0.059,0.06
6.97800e-02,-0.063,0.062
6.97900e-02,-0.059,0.064
6.98000e-02,-0.059,0.064
6.98100e-02,-0.059,0.062
6.98200e-02,-0.061,0.06
6.98300e-02,-0.053,0.06
6.98400e-02,-0.059,0.064
6.98500e-02,-0.059,0.062
6.98600e-02,-0.061,0.068
6.98700e-02,-0.055,0.06
6.98800e-02,-0.061,0.062
6.98900e-02,-0.059,0.06
6.99000e-02,-0.053,0.06
6.99100e-02,-0.059,0.064
6.99200e-02,-0.049,0.052
6.99300e-02,-0.055,0.06
6.99400e-02,-0.061,0.066
6.99500e-02,-0.055,0.06
6.99600e-02,-0.059,0.064
6.99700e-02,-0.061,0.066
6.99800e-02,-0.063,0.062
6.99900e-02,-0.057,0.062
7.00000e-02,-0.059,0.066
7.00100e-02,-0.059,0.064
7.00200e-02,-0.059,0.062
7.00300e-02,-0.059,0.06
7.00400e-02,-0.059,0.06
7.00500e-02,-0.057,0.06
7.00600e-02,-0.051,0.056
7.00700e-02,-0.061,0.064
7.00800e-02,-0.053,0.058
7.00900e-02,-0.061,0.062
7.01000e-02,-0.059,0.062
7.01100e-02,-0.065,0.064
7.01200e-02,-0.061,0.064
7.01300e-02,-0.061,0.064
7.01400e-02,-0.057,0.06
7.01500e-02,-0.061,0.064
7.01600e-02,-0.061,0.064
7.01700e-02,-0.061,0.064
7.01800e-02,-0.063,0.064
7.01900e-02,-0.059,0.066
7.02000e-02,-0.061,0.064
7.02100e-02,-0.059,0.062
7.02200e-02,-0.057,0.062
7.02300e-02,-0.057,0.062
7.02400e-02,-0.061,0.064
7.02500e-02,-0.061,0.064
7.02600e-02,-0.059,0.064
7.02700e-02,-0.061,0.062
7.02800e-02,-0.053,0.058
7.02900e-02,-0.053,0.056
7.03000e-02,-0.061,0.062
7.03100e-02,-0.061,0.062
7.03200e-02,-0.055,0.06
7.03300e-02,-0.059,0.062
7.03400e-02,-0.057,0.062
7.03500e-02,-0.059,0.06
7.03600e-02,-0.057,0.064
7.03700e-02,-0.063,0.064
7.03800e-02,-0.059,0.064
7.03900e-02,-0.063,0.064
7.04000e-02,-0.061,0.066
7.04100e-02,-0.063,0.062
7.04200e-02,-0.063,0.064
7.04300e-02,-0.059,0.064
7.04400e-02,-0.061,0.062
7.04500e-02,-0.059,0.064
7.04600e-02,-0.061,0.064
7.04700e-02,-0.059,0.064
7.04800e-02,-0.061,0.06
7.04900e-02,-0.053,0.06
7.05000e-02,-0.059,0.064
7.05100e-02,-0.059,0.062
7.05200e-02,-0.059,0.062
7.05300e-02,-0.061,0.064
7.05400e-02,-0.053,0.058
7.05500e-02,-0.059,0.062
7.05600e-02,-0.059,0.06
7.05700e-02,-0.061,0.06
7.05800e-02,-0.059,0.066
7.05900e-02,-0.061,0.064
7.06000e-02,-0.061,0.066
7.06100e-02,-0.059,0.062
7.06200e-02,-0.059,0.066
7.06300e-02,-0.061,0.066
7.06400e-02,-0.059,0.064
7.06500e-02,-0.063,0.064
7.06600e-02,-0.065,0.06
7.06700e-02,-0.061,0.066
7.06800e-02,-0.059,0.06
7.06900e-02,-0.059,0.062
7.07000e-02,-0.059,0.06
7.07100e-02,-0.063,0.062
7.07200e-02,-0.059,0.062
7.07300e-02,-0.061,0.064
7.07400e-02,-0.057,0.066
7.07500e-02,-0.057,0.064
7.07600e-02,-0.059,0.064
7.07700e-02,-0.061,0.064
7.07800e-02,-0.061,0.06
7.07900e-02,-0.059,0.06
7.08000e-02,-0.061,0.064
7.08100e-02,-0.053,0.06
7.08200e-02,-0.059,0.06
7.08300e-02,-0.061,0.06
7.08400e-02,-0.057,0.064
7.08500e-02,-0.061,0.064
7.08600e-02,-0.061,0.064
7.08700e-02,-0.057,0.064
7.08800e-02,-0.063,0.064
7.08900e-02,-0.063,0.064
7.09000e-02,-0.059,0.064
7.09100e-02,-0.061,0.06
7.09200e-02,-0.061,0.062
7.09300e-02,-0.049,0.058
7.09400e-02,-0.061,0.062
7.09500e-02,-0.053,0.058
7.09600e-02,-0.059,0.064
7.09700e-02,-0.059,0.066
7.09800e-02,-0.055,0.062
7.09900e-02,-0.053,0.056
7.10000e-02,-0.059,0.064
7.10100e-02,-0.059,0.064
7.10200e-02,-0.059,0.064
7.10300e-02,-0.059,0.06
7.10400e-02,-0.063,0.064
7.10500e-02,-0.057,0.06
7.10600e-02,-0.057,0.064
7.10700e-02,-0.061,0.064
7.10800e-02,-0.057,0.066
7.10900e-02,-0.059,0.062
7.11000e-02,-0.053,0.058
7.11100e-02,-0.061,0.064
7.11200e-02,-0.061,0.064
7.11300e-02,-0.059,0.064
7.11400e-02,-0.057,0.058
7.11500e-02,-0.049,0.052
7.11600e-02,-0.057,0.06
7.11700e-02,-0.059,0.06
7.11800e-02,-0.061,0.064
7.11900e-02,-0.059,0.066
7.12000e-02,-0.059,0.062
7.12100e-02,-0.063,0.064
7.12200e-02,-0.059,0.062
7.12300e-02,-0.057,0.06
7.12400e-02,-0.063,0.068
7.12500e-02,-0.057,0.064
7.12600e-02,-0.057,0.062
7.12700e-02,-0.059,0.062
7.12800e-02,-0.059,0.06
7.12900e-02,-0.063,0.062
7.13000e-02,-0.059,0.062
7.13100e-02,-0.059,0.064
7.13200e-02,-0.055,0.056
7.13300e-02,-0.061,0.06
7.13400e-02,-0.055,0.06
7.13500e-02,-0.049,0.056
7.13600e-02,-0.059,0.064
7.13700e-02,-0.043,0.048
7.13800e-02,-0.057,0.062
7.13900e-02,-0.041,0.048
7.14000e-02,-0.053,0.056
7.14100e-02,-0.059,0.064
7.14200e-02,-0.059,0.064
7.14300e-02,-0.061,0.064
7.14400e-02,-0.061,0.062
7.14500e-02,-0.059,0.064
7.14600e-02,-0.059,0.064
7.14700e-02,-0.061,0.064
7.14800e-02,-0.051,0.056
7.14900e-02,-0.059,0.062
7.15000e-02,-0.051,0.056
7.15100e-02,-0.059,0.064
7.15200e-02,-0.061,0.064
7.15300e-02,-0.061,0.066
7.15400e-02,-0.059,0.064
7.15500e-02,-0.057,0.064
7.15600e-02,-0.055,0.06
7.15700e-02,-0.061,0.064
7.15800e-02,-0.061,0.066
7.15900e-02,-0.059,0.064
7.16000e-02,-0.059,0.06
7.16100e-02,-0.061,0.064
7.16200e-02,-0.053,0.062
7.16300e-02,-0.063,0.064
7.16400e-02,-0.057,0.062
7.16500e-02,-0.061,0.064
7.16600e-02,-0.057,0.064
7.16700e-02,-0.053,0.058
7.16800e-02,-0.057,0.062
7.16900e-02,-0.057,0.062
7.17000e-02,-0.059,0.064
7.17100e-02,-0.053,0.06
7.17200e-02,-0.057,0.06
7.17300e-02,-0.053,0.058
7.17400e-02,-0.059,0.064
7.17500e-02,-0.057,0.056
7.17600e-02,-0.059,0.064
7.17700e-02,-0.053,0.054
7.17800e-02,-0.061,0.066
7.17900e-02,-0.059,0.066
7.18000e-02,-0.063,0.064
7.18100e-02,-0.059,0.06
7.18200e-02,-0.059,0.064
7.18300e-02,-0.057,0.064
7.18400e-02,-0.065,0.064
7.18500e-02,-0.061,0.064
7.18600e-02,-0.061,0.064
7.18700e-02,-0.063,0.066
7.18800e-02,-0.051,0.054
7.18900e-02,-0.061,0.062
7.19000e-02,-0.061,0.064
7.19100e-02,-0.061,0.062
7.19200e-02,-0.063,0.064
7.19300e-02,-0.055,0.064
7.19400e-02,-0.053,0.06
7.19500e-02,-0.063,0.068
7.19600e-02,-0.061,0.066
7.19700e-02,-0.061,0.064
7.19800e-02,-0.061,0.064
7.19900e-02,-0.061,0.064
7.20000e-02,-0.059,0.066
7.20100e-02,-0.061,0.064
7.20200e-02,-0.053,0.058
7.20300e-02,-0.061,0.066
7.20400e-02,-0.061,0.064
7.20500e-02,-0.057,0.064
7.20600e-02,-0.065,0.064
7.20700e-02,-0.049,0.054
7.20800e-02,-0.057,0.062
7.20900e-02,-0.057,0.06
7.21000e-02,-0.057,0.062
7.21100e-02,-0.063,0.064
7.21200e-02,-0.061,0.064
7.21300e-02,-0.057,0.06
7.21400e-02,-0.061,0.06
7.21500e-02,-0.057,0.062
7.21600e-02,-0.063,0.064
7.21700e-02,-0.061,0.066
7.21800e-02,-0.061,0.064
7.21900e-02,-0.061,0.06
7.22000e-02,-0.061,0.064
7.22100e-02,-0.059,0.064
7.22200e-02,-0.061,0.064
7.22300e-02,-0.059,0.064
7.22400e-02,-0.061,0.06
7.22500e-02,-0.061,0.064
7.22600e-02,-0.061,0.062
7.22700e-02,-0.055,0.06
7.22800e-02,-0.059,0.06
7.22900e-02,-0.061,0.064
7.23000e-02,-0.053,0.052
7.23100e-02,-0.059,0.064
7.23200e-02,-0.057,0.06
7.23300e-02,-0.059,0.064
7.23400e-02,-0.051,0.058
7.23500e-02,-0.061,0.064
7.23600e-02,-0.057,0.062
7.23700e-02,-0.061,0.064
7.23800e-02,-0.055,0.06
7.23900e-02,-0.063,0.064
7.24000e-02,-0.063,0.066
7.24100e-02,-0.051,0.054
7.24200e-02,-0.061,0.064
7.24300e-02,-0.053,0.06
7.24400e-02,-0.059,0.068
7.24500e-02,-0.059,0.06
7.24600e-02,-0.059,0.062
7.24700e-02,-0.049,0.054
7.24800e-02,-0.059,0.06
7.24900e-02,-0.059,0.06
7.25000e-02,-0.057,0.064
7.25100e-02,-0.063,0.064
7.25200e-02,-0.059,0.064
7.25300e-02,-0.057,0.062
7.25400e-02,-0.055,0.06
7.25500e-02,-0.041,0.048
7.25600e-02,-0.053,0.054
7.25700e-02,-0.055,0.058
7.25800e-02,-0.057,0.062
7.25900e-02,-0.059,0.06
7.26000e-02,-0.055,0.064
7.26100e-02,-0.061,0.064
7.26200e-02,-0.061,0.064
7.26300e-02,-0.061,0.062
7.26400e-02,-0.059,0.064
7.26500e-02,-0.059,0.064
7.26600e-02,-0.059,0.06
7.26700e-02,-0.061,0.062
7.26800e-02,-0.061,0.064
7.26900e-02,-0.059,0.064
7.27000e-02,-0.063,0.064
7.27100e-02,-0.059,0.064
7.27200e-02,-0.057,0.06
7.27300e-02,-0.057,0.062
7.27400e-02,-0.057,0.062
7.27500e-02,-0.061,0.064
7.27600e-02,-0.059,0.064
7.27700e-02,-0.059,0.062
7.27800e-02,-0.059,0.064
7.27900e-02,-0.057,0.064
7.28000e-02,-0.061,0.06
7.28100e-02,-0.063,0.062
7.28200e-02,-0.063,0.064
7.28300e-02,-0.059,0.064
7.28400e-02,-0.057,0.062
7.28500e-02,-0.059,0.066
7.28600e-02,-0.065,0.066
7.28700e-02,-0.061,0.064
7.28800e-02,-0.053,0.056
7.28900e-02,-0.051,0.058
7.29000e-02,-0.049,0.05
7.29100e-02,-0.051,0.056
7.29200e-02,-0.053,0.058
7.29300e-02,-0.057,0.06
7.29400e-02,-0.059,0.064
7.29500e-02,-0.061,0.06
7.29600e-02,-0.055,0.06
7.29700e-02,-0.057,0.062
7.29800e-02,-0.057,0.06
7.29900e-02,-0.057,0.06
7.30000e-02,-0.057,0.06
7.30100e-02,-0.055,0.056
7.30200e-02,-0.059,0.06
7.30300e-02,-0.059,0.062
7.30400e-02,-0.055,0.058
7.30500e-02,-0.061,0.066
7.30600e-02,-0.059,0.064
7.30700e-02,-0.061,0.066
7.30800e-02,-0.057,0.062
7.30900e-02,-0.055,0.058
7.31000e-02,-0.055,0.062
7.31100e-02,-0.061,0.064
7.31200e-02,-0.061,0.064
7.31300e-02,-0.063,0.064
7.31400e-02,-0.059,0.06
7.31500e-02,-0.059,0.064
7.31600e-02,-0.055,0.06
7.31700e-02,-0.063,0.064
7.31800e-02,-0.059,0.062
7.31900e-02,-0.057,0.062
7.32000e-02,-0.061,0.064
7.32100e-02,-0.059,0.06
7.32200e-02,-0.063,0.064
7.32300e-02,-0.061,0.064
7.32400e-02,-0.057,0.064
7.32500e-02,-0.061,0.064
7.32600e-02,-0.051,0.056
7.32700e-02,-0.045,0.048
7.32800e-02,-0.041,0.048
7.32900e-02,-0.057,0.06
7.33000e-02,-0.053,0.056
7.33100e-02,-0.061,0.064
7.33200e-02,-0.065,0.064
7.33300e-02,-0.055,0.064
7.33400e-02,-0.059,0.064
7.33500e-02,-0.061,0.068
7.33600e-02,-0.063,0.066
7.33700e-02,-0.059,0.06
7.33800e-02,-0.059,0.06
7.33900e-02,-0.059,0.062
7.34000e-02,-0.063,0.066
7.34100e-02,-0.065,0.064
7.34200e-02,-0.061,0.062
7.34300e-02,-0.061,0.064
7.34400e-02,-0.059,0.062
7.34500e-02,-0.063,0.062
7.34600e-02,-0.057,0.066
7.34700e-02,-0.059,0.066
7.34800e-02,-0.059,0.062
7.34900e-02,-0.063,0.064
7.35000e-02,-0.061,0.062
7.35100e-02,-0.059,0.064
7.35200e-02,-0.053,0.06
7.35300e-02,-0.061,0.064
7.35400e-02,-0.059,0.062
7.35500e-02,-0.061,0.06
7.35600e-02,-0.059,0.062
7.35700e-02,-0.061,0.064
7.35800e-02,-0.059,0.062
7.35900e-02,-0.059,0.066
7.36000e-02,-0.053,0.058
7.36100e-02,-0.059,0.068
7.36200e-02,-0.059,0.06
7.36300e-02,-0.061,0.062
7.36400e-02,-0.053,0.06
7.36500e-02,-0.059,0.062
7.36600e-02,-0.061,0.064
7.36700e-02,-0.061,0.064
7.36800e-02,-0.051,0.056
7.36900e-02,-0.057,0.06
7.37000e-02,-0.057,0.06
7.37100e-02,-0.059,0.062
7.37200e-02,-0.059,0.062
7.37300e-02,-0.057,0.066
7.37400e-02,-0.059,0.066
7.37500e-02,-0.059,0.06
7.37600e-02,-0.061,0.066
7.37700e-02,-0.059,0.062
7.37800e-02,-0.055,0.058
7.37900e-02,-0.059,0.06
7.38000e-02,-0.057,0.06
7.38100e-02,-0.063,0.064
7.38200e-02,-0.063,0.064
7.38300e-02,-0.057,0.064
7.38400e-02,-0.049,0.056
7.38500e-02,-0.047,0.05
7.38600e-02,-0.051,0.056
7.38700e-02,-0.045,0.048
7.38800e-02,-0.053,0.058
7.38900e-02,-0.057,0.064
7.39000e-02,-0.061,0.062
7.39100e-02,-0.059,0.06
7.39200e-02,-0.059,0.064
7.39300e-02,-0.057,0.062
7.39400e-02,-0.055,0.064
7.39500e-02,-0.055,0.062
7.39600e-02,-0.063,0.066
7.39700e-02,-0.055,0.06
7.39800e-02,-0.059,0.064
7.39900e-02,-0.057,0.062
7.40000e-02,-0.059,0.068
7.40100e-02,-0.063,0.062
7.40200e-02,-0.061,0.064
7.40300e-02,-0.059,0.06
7.40400e-02,-0.053,0.06
7.40500e-02,-0.055,0.058
7.40600e-02,-0.049,0.05
7.40700e-02,-0.045,0.052
7.40800e-02,-0.039,0.044
7.40900e-02,-0.059,0.064
7.41000e-02,-0.053,0.06
7.41100e-02,-0.061,0.064
7.41200e-02,-0.061,0.064
7.41300e-02,-0.061,0.062
7.41400e-02,-0.055,0.056
7.41500e-02,-0.059,0.064
7.41600e-02,-0.059,0.064
7.41700e-02,-0.051,0.056
7.41800e-02,-0.057,0.06
7.41900e-02,-0.047,0.054
7.42000e-02,-0.057,0.064
7.42100e-02,-0.053,0.06
7.42200e-02,-0.061,0.06
7.42300e-02,-0.055,0.056
7.42400e-02,-0.057,0.064
7.42500e-02,-0.049,0.054
7.42600e-02,-0.053,0.058
7.42700e-02,-0.061,0.062
7.42800e-02,-0.053,0.058
7.42900e-02,-0.055,0.06
7.43000e-02,-0.059,0.062
7.43100e-02,-0.051,0.056
7.43200e-02,-0.063,0.064
7.43300e-02,-0.063,0.066
7.43400e-02,-0.059,0.066
7.43500e-02,-0.057,0.062
7.43600e-02,-0.057,0.06
7.43700e-02,-0.059,0.064
7.43800e-02,-0.055,0.06
7.43900e-02,-0.053,0.058
7.44000e-02,-0.053,0.06
7.44100e-02,-0.059,0.064
7.44200e-02,-0.053,0.058
7.44300e-02,-0.039,0.046
7.44400e-02,-0.051,0.05
7.44500e-02,-0.061,0.064
7.44600e-02,-0.057,0.062
7.44700e-02,-0.059,0.062
7.44800e-02,-0.053,0.056
7.44900e-02,-0.059,0.064
7.45000e-02,-0.053,0.056
7.45100e-02,-0.055,0.06
7.45200e-02,-0.051,0.054
7.45300e-02,-0.059,0.064
7.45400e-02,-0.061,0.06
7.45500e-02,-0.059,0.06
7.45600e-02,-0.059,0.062
7.45700e-02,-0.057,0.06
7.45800e-02,-0.057,0.064
7.45900e-02,-0.051,0.06
7.46000e-02,-0.059,0.06
7.46100e-02,-0.049,0.058
7.46200e-02,-0.051,0.058
7.46300e-02,-0.045,0.05
7.46400e-02,-0.055,0.06
7.46500e-02,-0.055,0.06
7.46600e-02,-0.057,0.064
7.46700e-02,-0.061,0.064
7.46800e-02,-0.061,0.066
7.46900e-02,-0.061,0.066
7.47000e-02,-0.057,0.062
7.47100e-02,-0.055,0.064
7.47200e-02,-0.059,0.062
7.47300e-02,-0.063,0.062
7.47400e-02,-0.055,0.058
7.47500e-02,-0.057,0.064
7.47600e-02,-0.061,0.064
7.47700e-02,-0.065,0.06
7.47800e-02,-0.059,0.064
7.47900e-02,-0.061,0.06
7.48000e-02,-0.049,0.056
7.48100e-02,-0.055,0.06
7.48200e-02,-0.043,0.048
7.48300e-02,-0.059,0.062
7.48400e-02,-0.063,0.062
7.48500e-02,-0.063,0.066
7.48600e-02,-0.059,0.064
7.48700e-02,-0.053,0.058
7.48800e-02,-0.061,0.064
7.48900e-02,-0.057,0.06
7.49000e-02,-0.047,0.052
7.49100e-02,-0.057,0.066
7.49200e-02,-0.063,0.062
7.49300e-02,-0.063,0.062
7.49400e-02,-0.059,0.062
7.49500e-02,-0.061,0.062
7.49600e-02,-0.061,0.062
7.49700e-02,-0.061,0.064
7.49800e-02,-0.055,0.06
7.49900e-02,-0.061,0.064
7.50000e-02,-0.059,0.064
7.50100e-02,-0.063,0.064
7.50200e-02,-0.059,0.06
7.50300e-02,-0.057,0.06
7.50400e-02,-0.063,0.062
7.50500e-02,-0.061,0.066
7.50600e-02,-0.049,0.06
7.50700e-02,-0.049,0.052
7.50800e-02,-0.059,0.064
7.50900e-02,-0.061,0.066
7.51000e-02,-0.057,0.064
7.51100e-02,-0.061,0.064
7.51200e-02,-0.059,0.062
7.51300e-02,-0.061,0.062
7.51400e-02,-0.053,0.054
7.51500e-02,-0.061,0.062
7.51600e-02,-0.061,0.06
7.51700e-02,-0.055,0.062
7.51800e-02,-0.053,0.06
7.51900e-02,-0.055,0.058
7.52000e-02,-0.063,0.066
7.52100e-02,-0.057,0.062
7.52200e-02,-0.053,0.06
7.52300e-02,-0.059,0.062
7.52400e-02,-0.061,0.064
7.52500e-02,-0.063,0.062
7.52600e-02,-0.063,0.064
7.52700e-02,-0.059,0.06
7.52800e-02,-0.061,0.062
7.52900e-02,-0.061,0.064
7.53000e-02,-0.059,0.06
7.53100e-02,-0.063,0.066
7.53200e-02,-0.061,0.064
7.53300e-02,-0.063,0.062
7.53400e-02,-0.061,0.064
7.53500e-02,-0.057,0.066
7.53600e-02,-0.059,0.064
7.53700e-02,-0.061,0.064
7.53800e-02,-0.061,0.064
7.53900e-02,-0.059,0.066
7.54000e-02,-0.061,0.064
7.54100e-02,-0.061,0.062
7.54200e-02,-0.049,0.056
7.54300e-02,-0.059,0.06
7.54400e-02,-0.053,0.06
7.54500e-02,-0.063,0.062
7.54600e-02,-0.059,0.062
7.54700e-02,-0.041,0.046
7.54800e-02,-0.061,0.06
7.54900e-02,-0.059,0.066
7.55000e-02,-0.061,0.064
7.55100e-02,-0.061,0.066
7.55200e-02,-0.063,0.064
7.55300e-02,-0.057,0.064
7.55400e-02,-0.065,0.062
7.55500e-02,-0.061,0.064
7.55600e-02,-0.061,0.06
7.55700e-02,-0.059,0.062
7.55800e-02,-0.059,0.066
7.55900e-02,-0.063,0.064
7.56000e-02,-0.045,0.05
7.56100e-02,-0.061,0.066
7.56200e-02,-0.057,0.062
7.56300e-02,-0.061,0.066
7.56400e-02,-0.053,0.06
7.56500e-02,-0.061,0.064
7.56600e-02,-0.061,0.064
7.56700e-02,-0.063,0.062
7.56800e-02,-0.065,0.064
7.56900e-02,-0.059,0.062
7.57000e-02,-0.065,0.062
7.57100e-02,-0.053,0.052
7.57200e-02,-0.065,0.064
7.57300e-02,-0.061,0.06
7.57400e-02,-0.061,0.06
7.57500e-02,-0.061,0.06
7.57600e-02,-0.059,0.062
7.57700e-02,-0.057,0.064
7.57800e-02,-0.063,0.068
7.57900e-02,-0.059,0.064
7.58000e-02,-0.063,0.064
7.58100e-02,-0.059,0.06
7.58200e-02,-0.059,0.064
7.58300e-02,-0.061,0.062
7.58400e-02,-0.059,0.06
7.58500e-02,-0.063,0.064
7.58600e-02,-0.057,0.058
7.58700e-02,-0.063,0.064
7.58800e-02,-0.057,0.062
7.58900e-02,-0.053,0.06
7.59000e-02,-0.055,0.06
7.59100e-02,-0.061,0.066
7.59200e-02,-0.055,0.06
7.59300e-02,-0.063,0.066
7.59400e-02,-0.059,0.066
7.59500e-02,-0.059,0.06
7.59600e-02,-0.063,0.064
7.59700e-02,-0.059,0.064
7.59800e-02,-0.061,0.062
7.59900e-02,-0.055,0.06
7.60000e-02,-0.061,0.06
7.60100e-02,-0.057,0.062
7.60200e-02,-0.053,0.06
7.60300e-02,-0.057,0.062
7.60400e-02,-0.059,0.064
7.60500e-02,-0.061,0.064
7.60600e-02,-0.059,0.06
7.60700e-02,-0.057,0.06
7.60800e-02,-0.057,0.06
7.60900e-02,-0.057,0.06
7.61000e-02,-0.053,0.058
7.61100e-02,-0.049,0.052
7.61200e-02,-0.053,0.06
7.61300e-02,-0.059,0.062
7.61400e-02,-0.057,0.06
7.61500e-02,-0.059,0.07
7.61600e-02,-0.055,0.06
7.61700e-02,-0.057,0.06
7.61800e-02,-0.059,0.062
7.61900e-02,-0.061,0.064
7.62000e-02,-0.063,0.068
7.62100e-02,-0.059,0.06
7.62200e-02,-0.055,0.06
7.62300e-02,-0.051,0.06
7.62400e-02,-0.057,0.062
7.62500e-02,-0.055,0.058
7.62600e-02,-0.061,0.062
7.62700e-02,-0.053,0.058
7.62800e-02,-0.051,0.054
7.62900e-02,-0.055,0.06
7.63000e-02,-0.055,0.06
7.63100e-02,-0.055,0.06
7.63200e-02,-0.055,0.064
7.63300e-02,-0.061,0.062
7.63400e-02,-0.061,0.064
7.63500e-02,-0.059,0.064
7.63600e-02,-0.057,0.062
7.63700e-02,-0.055,0.058
7.63800e-02,-0.061,0.06
7.63900e-02,-0.061,0.062
7.64000e-02,-0.061,0.062
7.64100e-02,-0.061,0.064
7.64200e-02,-0.057,0.064
7.64300e-02,-0.061,0.064
7.64400e-02,-0.063,0.066
7.64500e-02,-0.061,0.064
7.64600e-02,-0.059,0.062
7.64700e-02,-0.057,0.062
7.64800e-02,-0.057,0.06
7.64900e-02,-0.051,0.058
7.65000e-02,-0.061,0.064
7.65100e-02,-0.059,0.064
7.65200e-02,-0.059,0.064
7.65300e-02,-0.061,0.064
7.65400e-02,-0.053,0.058
7.65500e-02,-0.061,0.064
7.65600e-02,-0.059,0.064
7.65700e-02,-0.061,0.062
7.65800e-02,-0.053,0.054
7.65900e-02,-0.063,0.066
7.66000e-02,-0.059,0.06
7.66100e-02,-0.061,0.062
7.66200e-02,-0.061,0.064
7.66300e-02,-0.055,0.06
7.66400e-02,-0.061,0.062
7.66500e-02,-0.061,0.06
7.66600e-02,-0.057,0.064
7.66700e-02,-0.057,0.06
7.66800e-02,-0.061,0.064
7.66900e-02,-0.059,0.06
7.67000e-02,-0.055,0.056
7.67100e-02,-0.061,0.066
7.67200e-02,-0.059,0.06
7.67300e-02,-0.059,0.064
7.67400e-02,-0.059,0.064
7.67500e-02,-0.061,0.066
7.67600e-02,-0.055,0.06
7.67700e-02,-0.063,0.066
7.67800e-02,-0.057,0.062
7.67900e-02,-0.049,0.052
7.68000e-02,-0.057,0.062
7.68100e-02,-0.049,0.052
7.68200e-02,-0.063,0.064
7.68300e-02,-0.063,0.064
7.68400e-02,-0.063,0.064
7.68500e-02,-0.059,0.062
7.68600e-02,-0.061,0.066
7.68700e-02,-0.059,0.06
7.68800e-02,-0.061,0.064
7.68900e-02,-0.061,0.064
7.69000e-02,-0.063,0.064
7.69100e-02,-0.059,0.06
7.69200e-02,-0.061,0.062
7.69300e-02,-0.055,0.066
7.69400e-02,-0.057,0.06
7.69500e-02,-0.063,0.066
7.69600e-02,-0.055,0.06
7.69700e-02,-0.063,0.06
7.69800e-02,-0.063,0.064
7.69900e-02,-0.057,0.062
7.70000e-02,-0.059,0.064
7.70100e-02,-0.053,0.054
7.70200e-02,-0.059,0.064
7.70300e-02,-0.061,0.066
7.70400e-02,-0.061,0.066
7.70500e-02,-0.057,0.064
7.70600e-02,-0.061,0.062
7.70700e-02,-0.051,0.052
7.70800e-02,-0.051,0.056
7.70900e-02,-0.053,0.056
7.71000e-02,-0.057,0.062
7.71100e-02,-0.053,0.06
7.71200e-02,-0.061,0.062
7.71300e-02,-0.063,0.064
7.71400e-02,-0.057,0.062
7.71500e-02,-0.065,0.066
7.71600e-02,-0.061,0.068
7.71700e-02,-0.055,0.06
7.71800e-02,-0.049,0.058
7.71900e-02,-0.061,0.064
7.72000e-02,-0.063,0.062
7.72100e-02,-0.057,0.064
7.72200e-02,-0.059,0.064
7.72300e-02,-0.059,0.06
7.72400e-02,-0.063,0.066
7.72500e-02,-0.059,0.062
7.72600e-02,-0.055,0.058
7.72700e-02,-0.053,0.06
7.72800e-02,-0.051,0.054
7.72900e-02,-0.053,0.058
7.73000e-02,-0.059,0.064
7.73100e-02,-0.059,0.064
7.73200e-02,-0.061,0.064
7.73300e-02,-0.055,0.062
7.73400e-02,-0.055,0.06
7.73500e-02,-0.067,0.062
7.73600e-02,-0.053,0.054
7.73700e-02,-0.051,0.058
7.73800e-02,-0.055,0.062
7.73900e-02,-0.049,0.054
7.74000e-02,-0.053,0.06
7.74100e-02,-0.047,0.054
7.74200e-02,-0.043,0.05
7.74300e-02,-0.057,0.062
7.74400e-02,-0.055,0.06
7.74500e-02,-0.061,0.062
7.74600e-02,-0.051,0.058
7.74700e-02,-0.061,0.064
7.74800e-02,-0.063,0.062
7.74900e-02,-0.059,0.064
7.75000e-02,-0.061,0.062
7.75100e-02,-0.059,0.066
7.75200e-02,-0.059,0.064
7.75300e-02,-0.059,0.062
7.75400e-02,-0.063,0.064
7.75500e-02,-0.063,0.06
7.75600e-02,-0.057,0.064
7.75700e-02,-0.063,0.064
7.75800e-02,-0.059,0.06
7.75900e-02,-0.057,0.066
7.76000e-02,-0.057,0.058
7.76100e-02,-0.059,0.062
7.76200e-02,-0.059,0.064
7.76300e-02,-0.053,0.058
7.76400e-02,-0.061,0.064
7.76500e-02,-0.057,0.064
7.76600e-02,-0.063,0.062
7.76700e-02,-0.059,0.064
7.76800e-02,-0.047,0.05
7.76900e-02,-0.057,0.062
7.77000e-02,-0.037,0.044
7.77100e-02,-0.057,0.062
7.77200e-02,-0.055,0.06
7.77300e-02,-0.061,0.064
7.77400e-02,-0.059,0.064
7.77500e-02,-0.059,0.06
7.77600e-02,-0.059,0.062
7.77700e-02,-0.061,0.066
7.77800e-02,-0.061,0.064
7.77900e-02,-0.061,0.064
7.78000e-02,-0.061,0.062
7.78100e-02,-0.063,0.066
7.78200e-02,-0.059,0.064
7.78300e-02,-0.063,0.066
7.78400e-02,-0.057,0.062
7.78500e-02,-0.059,0.06
7.78600e-02,-0.063,0.066
7.78700e-02,-0.063,0.066
7.78800e-02,-0.057,0.064
7.78900e-02,-0.063,0.064
7.79000e-02,-0.059,0.06
7.79100e-02,-0.065,0.064
7.79200e-02,-0.055,0.062
7.79300e-02,-0.059,0.066
7.79400e-02,-0.061,0.062
7.79500e-02,-0.061,0.064
7.79600e-02,-0.059,0.06
7.79700e-02,-0.061,0.064
7.79800e-02,-0.061,0.062
7.79900e-02,-0.063,0.066
7.80000e-02,-0.057,0.062
7.80100e-02,-0.057,0.064
7.80200e-02,-0.059,0.062
7.80300e-02,-0.059,0.064
7.80400e-02,-0.057,0.06
7.80500e-02,-0.059,0.06
7.80600e-02,-0.059,0.066
7.80700e-02,-0.059,0.06
7.80800e-02,-0.061,0.064
7.80900e-02,-0.061,0.062
7.81000e-02,-0.049,0.052
7.81100e-02,-0.051,0.054
7.81200e-02,-0.041,0.042
7.81300e-02,-0.047,0.054
7.81400e-02,-0.043,0.05
7.81500e-02,-0.051,0.06
7.81600e-02,-0.053,0.054
7.81700e-02,-0.061,0.064
7.81800e-02,-0.059,0.06
7.81900e-02,-0.061,0.062
7.82000e-02,-0.061,0.062
7.82100e-02,-0.057,0.064
7.82200e-02,-0.065,0.064
7.82300e-02,-0.059,0.064
7.82400e-02,-0.059,0.062
7.82500e-02,-0.063,0.064
7.82600e-02,-0.063,0.064
7.82700e-02,-0.061,0.064
7.82800e-02,-0.061,0.064
7.82900e-02,-0.055,0.056
7.83000e-02,-0.061,0.06
7.83100e-02,-0.053,0.058
7.83200e-02,-0.059,0.064
7.83300e-02,-0.061,0.064
7.83400e-02,-0.059,0.064
7.83500e-02,-0.063,0.062
7.83600e-02,-0.055,0.06
7.83700e-02,-0.059,0.064
7.83800e-02,-0.061,0.062
7.83900e-02,-0.059,0.06
7.84000e-02,-0.061,0.06
7.84100e-02,-0.061,0.062
7.84200e-02,-0.055,0.06
7.84300e-02,-0.063,0.064
7.84400e-02,-0.059,0.06
7.84500e-02,-0.055,0.06
7.84600e-02,-0.061,0.062
7.84700e-02,-0.057,0.064
7.84800e-02,-0.063,0.064
7.84900e-02,-0.051,0.058
7.85000e-02,-0.061,0.062
7.85100e-02,-0.059,0.06
7.85200e-02,-0.061,0.064
7.85300e-02,-0.057,0.066
7.85400e-02,-0.051,0.054
7.85500e-02,-0.061,0.062
7.85600e-02,-0.063,0.062
7.85700e-02,-0.063,0.062
7.85800e-02,-0.057,0.06
7.85900e-02,-0.051,0.06
7.86000e-02,-0.063,0.062
7.86100e-02,-0.051,0.058
7.86200e-02,-0.057,0.06
7.86300e-02,-0.059,0.064
7.86400e-02,-0.059,0.062
7.86500e-02,-0.061,0.066
7.86600e-02,-0.065,0.064
7.86700e-02,-0.065,0.064
7.86800e-02,-0.059,0.06
7.86900e-02,-0.061,0.064
7.87000e-02,-0.057,0.06
7.87100e-02,-0.055,0.06
7.87200e-02,-0.059,0.06
7.87300e-02,-0.059,0.064
7.87400e-02,-0.059,0.062
7.87500e-02,-0.049,0.054
7.87600e-02,-0.059,0.064
7.87700e-02,-0.055,0.06
7.87800e-02,-0.057,0.058
7.87900e-02,-0.059,0.062
7.88000e-02,-0.061,0.064
7.88100e-02,-0.061,0.062
7.88200e-02,-0.059,0.062
7.88300e-02,-0.055,0.06
7.88400e-02,-0.061,0.06
7.88500e-02,-0.059,0.064
7.88600e-02,-0.063,0.066
7.88700e-02,-0.049,0.056
7.88800e-02,-0.061,0.07
7.88900e-02,-0.061,0.06
7.89000e-02,-0.059,0.06
7.89100e-02,-0.059,0.06
7.89200e-02,-0.061,0.062
7.89300e-02,-0.059,0.06
7.89400e-02,-0.053,0.058
7.89500e-02,-0.061,0.062
7.89600e-02,-0.057,0.062
7.89700e-02,-0.059,0.062
7.89800e-02,-0.059,0.062
7.89900e-02,-0.051,0.056
7.90000e-02,-0.053,0.062
7.90100e-02,-0.051,0.056
7.90200e-02,-0.061,0.062
7.90300e-02,-0.053,0.058
7.90400e-02,-0.061,0.064
7.90500e-02,-0.059,0.064
7.90600e-02,-0.063,0.064
7.90700e-02,-0.061,0.064
7.90800e-02,-0.061,0.068
7.90900e-02,-0.057,0.06
7.91000e-02,-0.051,0.058
7.91100e-02,-0.061,0.062
7.91200e-02,-0.057,0.062
7.91300e-02,-0.061,0.062
7.91400e-02,-0.059,0.062
7.91500e-02,-0.061,0.06
7.91600e-02,-0.051,0.06
7.91700e-02,-0.055,0.06
7.91800e-02,-0.065,0.062
7.91900e-02,-0.057,0.06
7.92000e-02,-0.055,0.066
7.92100e-02,-0.061,0.062
7.92200e-02,-0.057,0.06
7.92300e-02,-0.059,0.062
7.92400e-02,-0.059,0.062
7.92500e-02,-0.063,0.062
7.92600e-02,-0.063,0.064
7.92700e-02,-0.057,0.064
7.92800e-02,-0.061,0.066
7.92900e-02,-0.059,0.062
7.93000e-02,-0.059,0.06
7.93100e-02,-0.045,0.054
7.93200e-02,-0.061,0.062
7.93300e-02,-0.059,0.066
7.93400e-02,-0.061,0.06
7.93500e-02,-0.063,0.066
7.93600e-02,-0.059,0.064
7.93700e-02,-0.057,0.06
7.93800e-02,-0.061,0.062
7.93900e-02,-0.063,0.064
7.94000e-02,-0.061,0.064
7.94100e-02,-0.061,0.064
7.94200e-02,-0.059,0.064
7.94300e-02,-0.061,0.064
7.94400e-02,-0.053,0.054
7.94500e-02,-0.059,0.062
7.94600e-02,-0.061,0.064
7.94700e-02,-0.053,0.056
7.94800e-02,-0.061,0.064
7.94900e-02,-0.055,0.06
7.95000e-02,-0.055,0.06
7.95100e-02,-0.057,0.064
7.95200e-02,-0.061,0.066
7.95300e-02,-0.059,0.064
7.95400e-02,-0.049,0.058
7.95500e-02,-0.059,0.066
7.95600e-02,-0.061,0.064
7.95700e-02,-0.063,0.06
7.95800e-02,-0.057,0.06
7.95900e-02,-0.063,0.06
7.96000e-02,-0.063,0.066
7.96100e-02,-0.057,0.06
7.96200e-02,-0.061,0.068
7.96300e-02,-0.063,0.06
7.96400e-02,-0.059,0.062
7.96500e-02,-0.057,0.06
7.96600e-02,-0.055,0.06
7.96700e-02,-0.063,0.064
7.96800e-02,-0.057,0.064
7.96900e-02,-0.061,0.062
7.97000e-02,-0.061,0.062
7.97100e-02,-0.047,0.058
7.97200e-02,-0.061,0.064
7.97300e-02,-0.057,0.06
7.97400e-02,-0.061,0.064
7.97500e-02,-0.053,0.058
7.97600e-02,-0.059,0.064
7.97700e-02,-0.057,0.06
7.97800e-02,-0.063,0.064
7.97900e-02,-0.063,0.064
7.98000e-02,-0.063,0.064
7.98100e-02,-0.061,0.064
7.98200e-02,-0.063,0.06
7.98300e-02,-0.061,0.066
7.98400e-02,-0.045,0.05
7.98500e-02,-0.059,0.06
7.98600e-02,-0.045,0.052
7.98700e-02,-0.059,0.066
7.98800e-02,-0.057,0.06
7.98900e-02,-0.061,0.066
7.99000e-02,-0.061,0.064
7.99100e-02,-0.061,0.064
7.99200e-02,-0.059,0.064
7.99300e-02,-0.051,0.06
7.99400e-02,-0.063,0.064
7.99500e-02,-0.061,0.066
7.99600e-02,-0.059,0.064
7.99700e-02,-0.061,0.064
7.99800e-02,-0.061,0.064
7.99900e-02,-0.059,0.062
8.00000e-02,-0.057,0.066
8.00100e-02,-0.059,0.062
8.00200e-02,-0.059,0.06
8.00300e-02,-0.061,0.064
8.00400e-02,-0.055,0.058
8.00500e-02,-0.063,0.064
8.00600e-02,-0.061,0.06
8.00700e-02,-0.059,0.06
8.00800e-02,-0.059,0.062
8.00900e-02,-0.057,0.062
8.01000e-02,-0.047,0.052
8.01100e-02,-0.053,0.058
8.01200e-02,-0.055,0.062
8.01300e-02,-0.053,0.056
8.01400e-02,-0.043,0.05
8.01500e-02,-0.049,0.06
8.01600e-02,-0.053,0.06
8.01700e-02,-0.057,0.062
8.01800e-02,-0.061,0.064
8.01900e-02,-0.061,0.064
8.02000e-02,-0.061,0.06
8.02100e-02,-0.063,0.062
8.02200e-02,-0.059,0.064
8.02300e-02,-0.063,0.062
8.02400e-02,-0.061,0.064
8.02500e-02,-0.055,0.06
8.02600e-02,-0.063,0.064
8.02700e-02,-0.055,0.058
8.02800e-02,-0.055,0.064
8.02900e-02,-0.061,0.066
8.03000e-02,-0.061,0.06
8.03100e-02,-0.041,0.048
8.03200e-02,-0.059,0.062
8.03300e-02,-0.053,0.058
8.03400e-02,-0.057,0.064
8.03500e-02,-0.061,0.066
8.03600e-02,-0.057,0.06
8.03700e-02,-0.061,0.064
8.03800e-02,-0.057,0.06
8.03900e-02,-0.061,0.064
8.04000e-02,-0.059,0.062
8.04100e-02,-0.057,0.06
8.04200e-02,-0.057,0.066
8.04300e-02,-0.059,0.06
8.04400e-02,-0.055,0.06
8.04500e-02,-0.057,0.058
8.04600e-02,-0.055,0.056
8.04700e-02,-0.061,0.064
8.04800e-02,-0.039,0.044
8.04900e-02,-0.059,0.064
8.05000e-02,-0.057,0.06
8.05100e-02,-0.055,0.062
8.05200e-02,-0.061,0.066
8.05300e-02,-0.059,0.062
8.05400e-02,-0.057,0.064
8.05500e-02,-0.055,0.058
8.05600e-02,-0.057,0.06
8.05700e-02,-0.049,0.054
8.05800e-02,-0.063,0.064
8.05900e-02,-0.047,0.054
8.06000e-02,-0.061,0.066
8.06100e-02,-0.055,0.058
8.06200e-02,-0.061,0.064
8.06300e-02,-0.059,0.062
8.06400e-02,-0.053,0.056
8.06500e-02,-0.057,0.06
8.06600e-02,-0.051,0.052
8.06700e-02,-0.055,0.056
8.06800e-02,-0.051,0.06
8.06900e-02,-0.051,0.054
8.07000e-02,-0.063,0.064
8.07100e-02,-0.045,0.048
8.07200e-02,-0.061,0.064
8.07300e-02,-0.053,0.054
8.07400e-02,-0.057,0.06
8.07500e-02,-0.051,0.056
8.07600e-02,-0.051,0.058
8.07700e-02,-0.053,0.056
8.07800e-02,-0.061,0.062
8.07900e-02,-0.061,0.064
8.08000e-02,-0.055,0.06
8.08100e-02,-0.059,0.06
8.08200e-02,-0.049,0.056
8.08300e-02,-0.047,0.054
8.08400e-02,-0.057,0.058
8.08500e-02,-0.051,0.058
8.08600e-02,-0.059,0.06
8.08700e-02,-0.057,0.064
8.08800e-02,-0.059,0.062
8.08900e-02,-0.055,0.06
8.09000e-02,-0.059,0.06
8.09100e-02,-0.061,0.06
8.09200e-02,-0.057,0.06
8.09300e-02,-0.053,0.058
8.09400e-02,-0.055,0.06
8.09500e-02,-0.053,0.06
8.09600e-02,-0.037,0.046
8.09700e-02,-0.059,0.062
8.09800e-02,-0.059,0.062
8.09900e-02,-0.059,0.06
8.10000e-02,-0.061,0.062
8.10100e-02,-0.057,0.062
8.10200e-02,-0.061,0.064
8.10300e-02,-0.055,0.06
8.10400e-02,-0.057,0.06
8.10500e-02,-0.057,0.06
8.10600e-02,-0.063,0.064
8.10700e-02,-0.057,0.062
8.10800e-02,-0.049,0.054
8.10900e-02,-0.055,0.062
8.11000e-02,-0.055,0.06
8.11100e-02,-0.063,0.062
8.11200e-02,-0.059,0.066
8.11300e-02,-0.059,0.066
8.11400e-02,-0.061,0.064
8.11500e-02,-0.061,0.064
8.11600e-02,-0.047,0.056
8.11700e-02,-0.061,0.066
8.11800e-02,-0.059,0.062
8.11900e-02,-0.061,0.06
8.12000e-02,-0.061,0.066
8.12100e-02,-0.057,0.062
8.12200e-02,-0.061,0.064
8.12300e-02,-0.061,0.062
8.12400e-02,-0.059,0.06
8.12500e-02,-0.059,0.062
8.12600e-02,-0.059,0.064
8.12700e-02,-0.061,0.066
8.12800e-02,-0.063,0.066
8.12900e-02,-0.063,0.068
8.13000e-02,-0.065,0.06
8.13100e-02,-0.061,0.064
8.13200e-02,-0.057,0.062
8.13300e-02,-0.059,0.064
8.13400e-02,-0.051,0.06
8.13500e-02,-0.061,0.064
8.13600e-02,-0.053,0.058
8.13700e-02,-0.061,0.064
8.13800e-02,-0.053,0.058
8.13900e-02,-0.057,0.064
8.14000e-02,-0.057,0.064
8.14100e-02,-0.057,0.06
8.14200e-02,-0.067,0.064
8.14300e-02,-0.057,0.062
8.14400e-02,-0.061,0.062
8.14500e-02,-0.061,0.064
8.14600e-02,-0.063,0.06
8.14700e-02,-0.059,0.064
8.14800e-02,-0.059,0.062
8.14900e-02,-0.057,0.062
8.15000e-02,-0.063,0.064
8.15100e-02,-0.057,0.06
8.15200e-02,-0.059,0.06
8.15300e-02,-0.061,0.062
8.15400e-02,-0.063,0.064
8.15500e-02,-0.061,0.06
8.15600e-02,-0.061,0.064
8.15700e-02,-0.059,0.064
8.15800e-02,-0.063,0.06
8.15900e-02,-0.061,0.064
8.16000e-02,-0.061,0.066
8.16100e-02,-0.063,0.064
8.16200e-02,-0.059,0.062
8.16300e-02,-0.065,0.062
8.16400e-02,-0.063,0.066
8.16500e-02,-0.059,0.066
8.16600e-02,-0.051,0.052
8.16700e-02,-0.055,0.06
8.16800e-02,-0.057,0.062
8.16900e-02,-0.059,0.062
8.17000e-02,-0.057,0.06
8.17100e-02,-0.061,0.064
8.17200e-02,-0.061,0.064
8.17300e-02,-0.059,0.066
8.17400e-02,-0.057,0.064
8.17500e-02,-0.059,0.064
8.17600e-02,-0.059,0.062
8.17700e-02,-0.057,0.06
8.17800e-02,-0.061,0.064
8.17900e-02,-0.055,0.058
8.18000e-02,-0.061,0.064
8.18100e-02,-0.055,0.06
8.18200e-02,-0.061,0.062
8.18300e-02,-0.059,0.06
8.18400e-02,-0.061,0.064
8.18500e-02,-0.055,0.06
8.18600e-02,-0.059,0.064
8.18700e-02,-0.057,0.066
8.18800e-02,-0.059,0.064
8.18900e-02,-0.059,0.062
8.19000e-02,-0.061,0.062
8.19100e-02,-0.059,0.06
8.19200e-02,-0.059,0.064
8.19300e-02,-0.059,0.064
8.19400e-02,-0.061,0.062
8.19500e-02,-0.057,0.06
8.19600e-02,-0.061,0.064
8.19700e-02,-0.055,0.058
8.19800e-02,-0.057,0.062
8.19900e-02,-0.057,0.06
8.20000e-02,-0.059,0.06
8.20100e-02,-0.061,0.062
8.20200e-02,-0.063,0.064
8.20300e-02,-0.055,0.058
8.20400e-02,-0.063,0.064
8.20500e-02,-0.057,0.062
8.20600e-02,-0.061,0.062
8.20700e-02,-0.057,0.062
8.20800e-02,-0.061,0.066
8.20900e-02,-0.057,0.062
8.21000e-02,-0.061,0.064
8.21100e-02,-0.061,0.06
8.21200e-02,-0.063,0.062
8.21300e-02,-0.051,0.058
8.21400e-02,-0.061,0.06
8.21500e-02,-0.053,0.054
8.21600e-02,-0.055,0.062
8.21700e-02,-0.053,0.056
8.21800e-02,-0.059,0.062
8.21900e-02,-0.055,0.058
8.22000e-02,-0.061,0.064
8.22100e-02,-0.063,0.062
8.22200e-02,-0.065,0.064
8.22300e-02,-0.059,0.064
8.22400e-02,-0.059,0.064
8.22500e-02,-0.061,0.064
8.22600e-02,-0.055,0.06
8.22700e-02,-0.059,0.062
8.22800e-02,-0.063,0.064
8.22900e-02,-0.055,0.058
8.23000e-02,-0.061,0.064
8.23100e-02,-0.053,0.06
8.23200e-02,-0.057,0.062
8.23300e-02,-0.063,0.066
8.23400e-02,-0.057,0.06
8.23500e-02,-0.055,0.06
8.23600e-02,-0.051,0.054
8.23700e-02,-0.053,0.06
8.23800e-02,-0.061,0.066
8.23900e-02,-0.061,0.064
8.24000e-02,-0.061,0.06
8.24100e-02,-0.051,0.058
8.24200e-02,-0.063,0.064
8.24300e-02,-0.059,0.06
8.24400e-02,-0.059,0.062
8.24500e-02,-0.061,0.066
8.24600e-02,-0.059,0.064
8.24700e-02,-0.059,0.06
8.24800e-02,-0.055,0.058
8.24900e-02,-0.055,0.06
8.25000e-02,-0.061,0.062
8.25100e-02,-0.051,0.058
8.25200e-02,-0.061,0.064
8.25300e-02,-0.057,0.064
8.25400e-02,-0.061,0.064
8.25500e-02,-0.057,0.062
8.25600e-02,-0.061,0.062
8.25700e-02,-0.053,0.058
8.25800e-02,-0.061,0.064
8.25900e-02,-0.061,0.064
8.26000e-02,-0.061,0.064
8.26100e-02,-0.061,0.064
8.26200e-02,-0.059,0.064
8.26300e-02,-0.059,0.062
8.26400e-02,-0.061,0.062
8.26500e-02,-0.059,0.06
8.26600e-02,-0.063,0.06
8.26700e-02,-0.057,0.064
8.26800e-02,-0.059,0.062
8.26900e-02,-0.063,0.066
8.27000e-02,-0.059,0.06
8.27100e-02,-0.059,0.064
8.27200e-02,-0.057,0.062
8.27300e-02,-0.057,0.064
8.27400e-02,-0.045,0.052
8.27500e-02,-0.057,0.062
8.27600e-02,-0.061,0.064
8.27700e-02,-0.061,0.064
8.27800e-02,-0.063,0.066
8.27900e-02,-0.055,0.06
8.28000e-02,-0.057,0.064
8.28100e-02,-0.061,0.064
8.28200e-02,-0.061,0.062
8.28300e-02,-0.055,0.064
8.28400e-02,-0.061,0.064
8.28500e-02,-0.059,0.06
8.28600e-02,-0.059,0.066
8.28700e-02,-0.057,0.064
8.28800e-02,-0.057,0.062
8.28900e-02,-0.059,0.06
8.29000e-02,-0.053,0.062
8.29100e-02,-0.057,0.06
8.29200e-02,-0.055,0.06
8.29300e-02,-0.043,0.054
8.29400e-02,-0.047,0.054
8.29500e-02,-0.049,0.054
8.29600e-02,-0.055,0.058
8.29700e-02,-0.057,0.06
8.29800e-02,-0.059,0.068
8.29900e-02,-0.059,0.062
8.30000e-02,-0.063,0.062
8.30100e-02,-0.055,0.062
8.30200e-02,-0.061,0.06
8.30300e-02,-0.061,0.064
8.30400e-02,-0.061,0.06
8.30500e-02,-0.059,0.064
8.30600e-02,-0.059,0.06
8.30700e-02,-0.057,0.062
8.30800e-02,-0.051,0.058
8.30900e-02,-0.061,0.06
8.31000e-02,-0.045,0.052
8.31100e-02,-0.057,0.062
8.31200e-02,-0.051,0.054
8.31300e-02,-0.057,0.06
8.31400e-02,-0.059,0.064
8.31500e-02,-0.055,0.058
8.31600e-02,-0.061,0.064
8.31700e-02,-0.059,0.062
8.31800e-02,-0.061,0.064
8.31900e-02,-0.059,0.064
8.32000e-02,-0.057,0.06
8.32100e-02,-0.061,0.066
8.32200e-02,-0.059,0.06
8.32300e-02,-0.061,0.064
8.32400e-02,-0.053,0.06
8.32500e-02,-0.061,0.064
8.32600e-02,-0.057,0.058
8.32700e-02,-0.059,0.062
8.32800e-02,-0.061,0.066
8.32900e-02,-0.063,0.066
8.33000e-02,-0.061,0.06
8.33100e-02,-0.059,0.062
8.33200e-02,-0.061,0.06
8.33300e-02,-0.057,0.06
8.33400e-02,-0.055,0.06
8.33500e-02,-0.059,0.062
8.33600e-02,-0.057,0.062
8.33700e-02,-0.061,0.062
8.33800e-02,-0.065,0.064
8.33900e-02,-0.059,0.06
8.34000e-02,-0.059,0.058
8.34100e-02,-0.059,0.066
8.34200e-02,-0.059,0.06
8.34300e-02,-0.063,0.064
8.34400e-02,-0.059,0.062
8.34500e-02,-0.061,0.064
8.34600e-02,-0.059,0.064
8.34700e-02,-0.061,0.064
8.34800e-02,-0.045,0.05
8.34900e-02,-0.063,0.062
8.35000e-02,-0.053,0.056
8.35100e-02,-0.063,0.066
8.35200e-02,-0.055,0.056
8.35300e-02,-0.061,0.066
8.35400e-02,-0.061,0.064
8.35500e-02,-0.059,0.064
8.35600e-02,-0.061,0.062
8.35700e-02,-0.057,0.064
8.35800e-02,-0.061,0.062
8.35900e-02,-0.055,0.06
8.36000e-02,-0.051,0.058
8.36100e-02,-0.059,0.06
8.36200e-02,-0.061,0.066
8.36300e-02,-0.055,0.06
8.36400e-02,-0.047,0.056
8.36500e-02,-0.061,0.068
8.36600e-02,-0.065,0.064
8.36700e-02,-0.057,0.064
8.36800e-02,-0.063,0.064
8.36900e-02,-0.059,0.064
8.37000e-02,-0.059,0.064
8.37100e-02,-0.061,0.064
8.37200e-02,-0.057,0.06
8.37300e-02,-0.059,0.06
8.37400e-02,-0.059,0.064
8.37500e-02,-0.057,0.06
8.37600e-02,-0.059,0.062
8.37700e-02,-0.063,0.066
8.37800e-02,-0.063,0.064
8.37900e-02,-0.055,0.06
8.38000e-02,-0.055,0.06
8.38100e-02,-0.059,0.062
8.38200e-02,-0.061,0.064
8.38300e-02,-0.051,0.052
8.38400e-02,-0.057,0.062
8.38500e-02,-0.057,0.066
8.38600e-02,-0.065,0.06
8.38700e-02,-0.063,0.06
8.38800e-02,-0.061,0.066
8.38900e-02,-0.059,0.06
8.39000e-02,-0.059,0.064
8.39100e-02,-0.057,0.06
8.39200e-02,-0.057,0.06
8.39300e-02,-0.057,0.066
8.39400e-02,-0.057,0.058
8.39500e-02,-0.059,0.064
8.39600e-02,-0.033,0.038
8.39700e-02,-0.061,0.062
8.39800e-02,-0.033,0.04
8.39900e-02,-0.061,0.06
8.40000e-02,-0.047,0.052
8.40100e-02,-0.059,0.062
8.40200e-02,-0.043,0.05
8.40300e-02,-0.053,0.06
8.40400e-02,-0.047,0.05
8.40500e-02,-0.061,0.064
8.40600e-02,-0.039,0.044
8.40700e-02,-0.059,0.062
8.40800e-02,-0.059,0.06
8.40900e-02,-0.057,0.06
8.41000e-02,-0.063,0.064
8.41100e-02,-0.057,0.06
8.41200e-02,-0.061,0.066
8.41300e-02,-0.055,0.056
8.41400e-02,-0.059,0.062
8.41500e-02,-0.047,0.054
8.41600e-02,-0.059,0.064
8.41700e-02,-0.059,0.064
8.41800e-02,-0.057,0.058
8.41900e-02,-0.063,0.064
8.42000e-02,-0.053,0.058
8.42100e-02,-0.061,0.064
8.42200e-02,-0.059,0.06
8.42300e-02,-0.063,0.064
8.42400e-02,-0.055,0.058
8.42500e-02,-0.063,0.064
8.42600e-02,-0.061,0.062
8.42700e-02,-0.061,0.064
8.42800e-02,-0.047,0.054
8.42900e-02,-0.055,0.06
8.43000e-02,-0.059,0.062
8.43100e-02,-0.049,0.052
8.43200e-02,-0.059,0.064
8.43300e-02,-0.057,0.06
8.43400e-02,-0.061,0.064
8.43500e-02,-0.059,0.062
8.43600e-02,-0.057,0.06
8.43700e-02,-0.061,0.064
8.43800e-02,-0.061,0.064
8.43900e-02,-0.059,0.06
8.44000e-02,-0.061,0.064
8.44100e-02,-0.059,0.062
8.44200e-02,-0.057,0.06
8.44300e-02,-0.057,0.06
8.44400e-02,-0.059,0.062
8.44500e-02,-0.053,0.06
8.44600e-02,-0.051,0.056
8.44700e-02,-0.055,0.058
8.44800e-02,-0.061,0.062
8.44900e-02,-0.059,0.062
8.45000e-02,-0.057,0.062
8.45100e-02,-0.043,0.046
8.45200e-02,-0.061,0.06
8.45300e-02,-0.049,0.054
8.45400e-02,-0.061,0.066
8.45500e-02,-0.047,0.054
8.45600e-02,-0.063,0.064
8.45700e-02,-0.053,0.056
8.45800e-02,-0.063,0.064
8.45900e-02,-0.057,0.058
8.46000e-02,-0.063,0.064
8.46100e-02,-0.061,0.06
8.46200e-02,-0.045,0.05
8.46300e-02,-0.063,0.064
8.46400e-02,-0.059,0.062
8.46500e-02,-0.063,0.066
8.46600e-02,-0.055,0.06
8.46700e-02,-0.059,0.064
8.46800e-02,-0.053,0.054
8.46900e-02,-0.061,0.064
8.47000e-02,-0.051,0.054
8.47100e-02,-0.063,0.062
8.47200e-02,-0.057,0.062
8.47300e-02,-0.055,0.06
8.47400e-02,-0.061,0.062
8.47500e-02,-0.059,0.064
8.47600e-02,-0.055,0.06
8.47700e-02,-0.059,0.062
8.47800e-02,-0.061,0.064
8.47900e-02,-0.047,0.052
8.48000e-02,-0.061,0.06
8.48100e-02,-0.051,0.052
8.48200e-02,-0.057,0.06
8.48300e-02,-0.059,0.06
8.48400e-02,-0.061,0.06
8.48500e-02,-0.063,0.064
8.48600e-02,-0.061,0.062
8.48700e-02,-0.061,0.064
8.48800e-02,-0.061,0.066
8.48900e-02,-0.059,0.066
8.49000e-02,-0.059,0.064
8.49100e-02,-0.051,0.058
8.49200e-02,-0.053,0.06
8.49300e-02,-0.059,0.064
8.49400e-02,-0.055,0.056
8.49500e-02,-0.061,0.062
8.49600e-02,-0.061,0.062
8.49700e-02,-0.061,0.064
8.49800e-02,-0.059,0.06
8.49900e-02,-0.063,0.062
8.50000e-02,-0.061,0.064
8.50100e-02,-0.061,0.062
8.50200e-02,-0.059,0.064
8.50300e-02,-0.051,0.054
8.50400e-02,-0.057,0.062
8.50500e-02,-0.055,0.06
8.50600e-02,-0.059,0.06
8.50700e-02,-0.051,0.06
8.50800e-02,-0.047,0.052
8.50900e-02,-0.061,0.066
8.51000e-02,-0.059,0.062
8.51100e-02,-0.059,0.066
8.51200e-02,-0.045,0.05
8.51300e-02,-0.061,0.064
8.51400e-02,-0.053,0.058
8.51500e-02,-0.061,0.064
8.51600e-02,-0.055,0.06
8.51700e-02,-0.063,0.062
8.51800e-02,-0.045,0.048
8.51900e-02,-0.055,0.06
8.52000e-02,-0.061,0.064
8.52100e-02,-0.055,0.062
8.52200e-02,-0.063,0.062
8.52300e-02,-0.053,0.056
8.52400e-02,-0.063,0.064
8.52500e-02,-0.059,0.064
8.52600e-02,-0.059,0.064
8.52700e-02,-0.059,0.064
8.52800e-02,-0.055,0.056
8.52900e-02,-0.061,0.066
8.53000e-02,-0.055,0.06
8.53100e-02,-0.055,0.058
8.53200e-02,-0.061,0.064
8.53300e-02,-0.059,0.06
8.53400e-02,-0.055,0.062
8.53500e-02,-0.049,0.054
8.53600e-02,-0.049,0.056
8.53700e-02,-0.055,0.06
8.53800e-02,-0.055,0.06
8.53900e-02,-0.055,0.06
8.54000e-02,-0.057,0.064
8.54100e-02,-0.063,0.066
8.54200e-02,-0.059,0.062
8.54300e-02,-0.057,0.062
8.54400e-02,-0.063,0.062
8.54500e-02,-0.061,0.062
8.54600e-02,-0.063,0.066
8.54700e-02,-0.055,0.06
8.54800e-02,-0.061,0.064
8.54900e-02,-0.061,0.064
8.55000e-02,-0.057,0.062
8.55100e-02,-0.061,0.064
8.55200e-02,-0.063,0.06
8.55300e-02,-0.059,0.062
8.55400e-02,-0.059,0.064
8.55500e-02,-0.063,0.064
8.55600e-02,-0.061,0.062
8.55700e-02,-0.063,0.062
8.55800e-02,-0.059,0.062
8.55900e-02,-0.063,0.066
8.56000e-02,-0.063,0.064
8.56100e-02,-0.061,0.064
8.56200e-02,-0.059,0.066
8.56300e-02,-0.061,0.066
8.56400e-02,-0.057,0.064
8.56500e-02,-0.061,0.064
8.56600e-02,-0.059,0.064
8.56700e-02,-0.055,0.062
8.56800e-02,-0.063,0.066
8.56900e-02,-0.059,0.062
8.57000e-02,-0.055,0.06
8.57100e-02,-0.063,0.064
8.57200e-02,-0.055,0.06
8.57300e-02,-0.065,0.06
8.57400e-02,-0.059,0.06
8.57500e-02,-0.057,0.058
8.57600e-02,-0.055,0.06
8.57700e-02,-0.061,0.062
8.57800e-02,-0.059,0.064
8.57900e-02,-0.051,0.058
8.58000e-02,-0.057,0.06
8.58100e-02,-0.061,0.064
8.58200e-02,-0.057,0.062
8.58300e-02,-0.063,0.064
8.58400e-02,-0.059,0.064
8.58500e-02,-0.059,0.064
8.58600e-02,-0.059,0.066
8.58700e-02,-0.057,0.06
8.58800e-02,-0.063,0.064
8.58900e-02,-0.057,0.062
8.59000e-02,-0.063,0.062
8.59100e-02,-0.059,0.064
8.59200e-02,-0.059,0.06
8.59300e-02,-0.055,0.062
8.59400e-02,-0.055,0.06
8.59500e-02,-0.061,0.06
8.59600e-02,-0.055,0.06
8.59700e-02,-0.053,0.06
8.59800e-02,-0.063,0.06
8.59900e-02,-0.063,0.062
8.60000e-02,-0.059,0.062
8.60100e-02,-0.059,0.06
8.60200e-02,-0.053,0.056
8.60300e-02,-0.059,0.064
8.60400e-02,-0.059,0.064
8.60500e-02,-0.061,0.064
8.60600e-02,-0.061,0.064
8.60700e-02,-0.053,0.06
8.60800e-02,-0.063,0.064
8.60900e-02,-0.057,0.058
8.61000e-02,-0.061,0.062
8.61100e-02,-0.061,0.064
8.61200e-02,-0.061,0.064
8.61300e-02,-0.057,0.062
8.61400e-02,-0.061,0.064
8.61500e-02,-0.065,0.064
8.61600e-02,-0.063,0.064
8.61700e-02,-0.061,0.06
8.61800e-02,-0.059,0.066
8.61900e-02,-0.051,0.054
8.62000e-02,-0.059,0.064
8.62100e-02,-0.057,0.062
8.62200e-02,-0.063,0.064
8.62300e-02,-0.059,0.06
8.62400e-02,-0.063,0.068
8.62500e-02,-0.065,0.06
8.62600e-02,-0.057,0.056
8.62700e-02,-0.057,0.062
8.62800e-02,-0.053,0.06
8.62900e-02,-0.059,0.064
8.63000e-02,-0.061,0.064
8.63100e-02,-0.061,0.064
8.63200e-02,-0.065,0.066
8.63300e-02,-0.063,0.064
8.63400e-02,-0.061,0.062
8.63500e-02,-0.061,0.066
8.63600e-02,-0.061,0.066
8.63700e-02,-0.059,0.062
8.63800e-02,-0.051,0.056
8.63900e-02,-0.055,0.06
8.64000e-02,-0.059,0.06
8.64100e-02,-0.063,0.062
8.64200e-02,-0.055,0.06
8.64300e-02,-0.055,0.06
8.64400e-02,-0.053,0.054
8.64500e-02,-0.059,0.064
8.64600e-02,-0.051,0.054
8.64700e-02,-0.053,0.058
8.64800e-02,-0.063,0.064
8.64900e-02,-0.061,0.062
8.65000e-02,-0.061,0.064
8.65100e-02,-0.061,0.06
8.65200e-02,-0.061,0.062
8.65300e-02,-0.051,0.058
8.65400e-02,-0.063,0.064
8.65500e-02,-0.061,0.064
8.65600e-02,-0.057,0.062
8.65700e-02,-0.055,0.062
8.65800e-02,-0.063,0.062
8.65900e-02,-0.065,0.066
8.66000e-02,-0.059,0.06
8.66100e-02,-0.059,0.064
8.66200e-02,-0.057,0.056
8.66300e-02,-0.059,0.066
8.66400e-02,-0.059,0.06
8.66500e-02,-0.061,0.066
8.66600e-02,-0.057,0.062
8.66700e-02,-0.059,0.064
8.66800e-02,-0.055,0.06
8.66900e-02,-0.057,0.058
8.67000e-02,-0.057,0.062
8.67100e-02,-0.059,0.06
8.67200e-02,-0.057,0.06
8.67300e-02,-0.049,0.054
8.67400e-02,-0.053,0.054
8.67500e-02,-0.061,0.062
8.67600e-02,-0.063,0.066
8.67700e-02,-0.061,0.064
8.67800e-02,-0.059,0.06
8.67900e-02,-0.059,0.06
8.68000e-02,-0.061,0.064
8.68100e-02,-0.051,0.06
8.68200e-02,-0.061,0.062
8.68300e-02,-0.053,0.058
8.68400e-02,-0.059,0.064
8.68500e-02,-0.061,0.06
8.68600e-02,-0.061,0.064
8.68700e-02,-0.061,0.06
8.68800e-02,-0.057,0.062
8.68900e-02,-0.061,0.062
8.69000e-02,-0.059,0.064
8.69100e-02,-0.057,0.062
8.69200e-02,-0.065,0.064
8.69300e-02,-0.061,0.064
8.69400e-02,-0.055,0.06
8.69500e-02,-0.061,0.066
8.69600e-02,-0.059,0.062
8.69700e-02,-0.059,0.066
8.69800e-02,-0.063,0.064
8.69900e-02,-0.061,0.062
8.70000e-02,-0.059,0.066
8.70100e-02,-0.063,0.06
8.70200e-02,-0.061,0.064
8.70300e-02,-0.059,0.06
8.70400e-02,-0.061,0.064
8.70500e-02,-0.057,0.06
8.70600e-02,-0.061,0.066
8.70700e-02,-0.063,0.062
8.70800e-02,-0.059,0.06
8.70900e-02,-0.057,0.062
8.71000e-02,-0.063,0.066
8.71100e-02,-0.059,0.06
8.71200e-02,-0.061,0.062
8.71300e-02,-0.061,0.064
8.71400e-02,-0.065,0.062
8.71500e-02,-0.059,0.064
8.71600e-02,-0.059,0.06
8.71700e-02,-0.059,0.062
8.71800e-02,-0.063,0.064
8.71900e-02,-0.061,0.066
8.72000e-02,-0.059,0.062
8.72100e-02,-0.061,0.064
8.72200e-02,-0.055,0.062
8.72300e-02,-0.061,0.068
8.72400e-02,-0.061,0.064
8.72500e-02,-0.061,0.06
8.72600e-02,-0.059,0.06
8.72700e-02,-0.057,0.06
8.72800e-02,-0.057,0.064
8.72900e-02,-0.063,0.062
8.73000e-02,-0.055,0.058
8.73100e-02,-0.063,0.064
8.73200e-02,-0.059,0.06
8.73300e-02,-0.063,0.064
8.73400e-02,-0.061,0.062
8.73500e-02,-0.057,0.056
8.73600e-02,-0.057,0.06
8.73700e-02,-0.055,0.06
8.73800e-02,-0.057,0.06
8.73900e-02,-0.061,0.064
8.74000e-02,-0.057,0.062
8.74100e-02,-0.059,0.064
8.74200e-02,-0.063,0.07
8.74300e-02,-0.061,0.064
8.74400e-02,-0.057,0.064
8.74500e-02,-0.061,0.064
8.74600e-02,-0.065,0.06
8.74700e-02,-0.055,0.06
8.74800e-02,-0.063,0.062
8.74900e-02,-0.059,0.062
8.75000e-02,-0.059,0.064
8.75100e-02,-0.049,0.056
8.75200e-02,-0.057,0.064
8.75300e-02,-0.061,0.06
8.75400e-02,-0.057,0.06
8.75500e-02,-0.059,0.06
8.75600e-02,-0.063,0.064
8.75700e-02,-0.059,0.064
8.75800e-02,-0.055,0.064
8.75900e-02,-0.061,0.06
8.76000e-02,-0.059,0.062
8.76100e-02,-0.065,0.06
8.76200e-02,-0.059,0.06
8.76300e-02,-0.061,0.06
8.76400e-02,-0.059,0.062
8.76500e-02,-0.063,0.068
8.76600e-02,-0.061,0.06
8.76700e-02,-0.061,0.06
8.76800e-02,-0.057,0.062
8.76900e-02,-0.055,0.058
8.77000e-02,-0.059,0.06
8.77100e-02,-0.053,0.056
8.77200e-02,-0.061,0.062
8.77300e-02,-0.049,0.058
8.77400e-02,-0.059,0.066
8.77500e-02,-0.055,0.06
8.77600e-02,-0.059,0.06
8.77700e-02,-0.063,0.066
8.77800e-02,-0.059,0.064
8.77900e-02,-0.059,0.06
8.78000e-02,-0.063,0.068
8.78100e-02,-0.061,0.062
8.78200e-02,-0.057,0.06
8.78300e-02,-0.061,0.064
8.78400e-02,-0.061,0.062
8.78500e-02,-0.057,0.06
8.78600e-02,-0.055,0.06
8.78700e-02,-0.059,0.062
8.78800e-02,-0.057,0.06
8.78900e-02,-0.057,0.06
8.79000e-02,-0.063,0.064
8.79100e-02,-0.059,0.062
8.79200e-02,-0.061,0.064
8.79300e-02,-0.059,0.06
8.79400e-02,-0.061,0.064
8.79500e-02,-0.055,0.062
8.79600e-02,-0.063,0.062
8.79700e-02,-0.061,0.068
8.79800e-02,-0.059,0.062
8.79900e-02,-0.061,0.06
8.80000e-02,-0.057,0.056
8.80100e-02,-0.059,0.064
8.80200e-02,-0.061,0.06
8.80300e-02,-0.061,0.064
8.80400e-02,-0.061,0.062
8.80500e-02,-0.061,0.062
8.80600e-02,-0.063,0.064
8.80700e-02,-0.057,0.064
8.80800e-02,-0.059,0.062
8.80900e-02,-0.057,0.062
8.81000e-02,-0.057,0.062
8.81100e-02,-0.059,0.062
8.81200e-02,-0.059,0.062
8.81300e-02,-0.061,0.064
8.81400e-02,-0.061,0.064
8.81500e-02,-0.057,0.062
8.81600e-02,-0.061,0.062
8.81700e-02,-0.059,0.066
8.81800e-02,-0.063,0.062
8.81900e-02,-0.061,0.062
8.82000e-02,-0.057,0.062
8.82100e-02,-0.063,0.066
8.82200e-02,-0.063,0.066
8.82300e-02,-0.061,0.062
8.82400e-02,-0.063,0.064
8.82500e-02,-0.061,0.062
8.82600e-02,-0.057,0.062
8.82700e-02,-0.063,0.062
8.82800e-02,-0.063,0.064
8.82900e-02,-0.061,0.066
8.83000e-02,-0.063,0.062
8.83100e-02,-0.061,0.062
8.83200e-02,-0.061,0.062
8.83300e-02,-0.061,0.066
8.83400e-02,-0.061,0.064
8.83500e-02,-0.063,0.062
8.83600e-02,-0.061,0.064
8.83700e-02,-0.055,0.06
8.83800e-02,-0.061,0.06
8.83900e-02,-0.059,0.062
8.84000e-02,-0.059,0.064
8.84100e-02,-0.059,0.066
8.84200e-02,-0.059,0.062
8.84300e-02,-0.053,0.054
8.84400e-02,-0.059,0.064
8.84500e-02,-0.059,0.064
8.84600e-02,-0.057,0.062
8.84700e-02,-0.059,0.06
8.84800e-02,-0.057,0.06
8.84900e-02,-0.055,0.062
8.85000e-02,-0.061,0.064
8.85100e-02,-0.059,0.062
8.85200e-02,-0.059,0.066
8.85300e-02,-0.061,0.064
8.85400e-02,-0.057,0.06
8.85500e-02,-0.063,0.062
8.85600e-02,-0.061,0.06
8.85700e-02,-0.057,0.064
8.85800e-02,-0.059,0.064
8.85900e-02,-0.059,0.062
8.86000e-02,-0.061,0.064
8.86100e-02,-0.061,0.064
8.86200e-02,-0.063,0.06
8.86300e-02,-0.059,0.06
8.86400e-02,-0.063,0.064
8.86500e-02,-0.057,0.064
8.86600e-02,-0.063,0.06
8.86700e-02,-0.061,0.062
8.86800e-02,-0.057,0.062
8.86900e-02,-0.057,0.06
8.87000e-02,-0.055,0.06
8.87100e-02,-0.061,0.062
8.87200e-02,-0.063,0.062
8.87300e-02,-0.065,0.064
8.87400e-02,-0.059,0.062
8.87500e-02,-0.061,0.062
8.87600e-02,-0.059,0.064
8.87700e-02,-0.057,0.06
8.87800e-02,-0.059,0.066
8.87900e-02,-0.061,0.062
8.88000e-02,-0.057,0.062
8.88100e-02,-0.057,0.058
8.88200e-02,-0.061,0.064
8.88300e-02,-0.063,0.064
8.88400e-02,-0.059,0.064
8.88500e-02,-0.063,0.062
8.88600e-02,-0.055,0.058
8.88700e-02,-0.053,0.056
8.88800e-02,-0.057,0.06
8.88900e-02,-0.057,0.06
8.89000e-02,-0.061,0.064
8.89100e-02,-0.055,0.062
8.89200e-02,-0.051,0.06
8.89300e-02,-0.059,0.062
8.89400e-02,-0.053,0.056
8.89500e-02,-0.055,0.064
8.89600e-02,-0.063,0.064
8.89700e-02,-0.063,0.06
8.89800e-02,-0.061,0.062
8.89900e-02,-0.059,0.06
8.90000e-02,-0.059,0.066
8.90100e-02,-0.059,0.062
8.90200e-02,-0.061,0.06
8.90300e-02,-0.061,0.062
8.90400e-02,-0.057,0.06
8.90500e-02,-0.059,0.06
8.90600e-02,-0.057,0.06
8.90700e-02,-0.055,0.06
8.90800e-02,-0.059,0.068
8.90900e-02,-0.063,0.064
8.91000e-02,-0.061,0.068
8.91100e-02,-0.059,0.062
8.91200e-02,-0.053,0.054
8.91300e-02,-0.059,0.06
8.91400e-02,-0.039,0.048
8.91500e-02,-0.061,0.066
8.91600e-02,-0.057,0.058
8.91700e-02,-0.063,0.066
8.91800e-02,-0.059,0.062
8.91900e-02,-0.059,0.06
8.92000e-02,-0.061,0.06
8.92100e-02,-0.045,0.052
8.92200e-02,-0.065,0.064
8.92300e-02,-0.061,0.062
8.92400e-02,-0.061,0.06
8.92500e-02,-0.061,0.062
8.92600e-02,-0.057,0.062
8.92700e-02,-0.059,0.062
8.92800e-02,-0.057,0.06
8.92900e-02,-0.059,0.06
8.93000e-02,-0.059,0.066
8.93100e-02,-0.055,0.06
8.93200e-02,-0.057,0.06
8.93300e-02,-0.057,0.06
8.93400e-02,-0.057,0.064
8.93500e-02,-0.049,0.054
8.93600e-02,-0.059,0.062
8.93700e-02,-0.051,0.054
8.93800e-02,-0.055,0.06
8.93900e-02,-0.055,0.058
8.94000e-02,-0.057,0.06
8.94100e-02,-0.063,0.064
8.94200e-02,-0.063,0.066
8.94300e-02,-0.055,0.058
8.94400e-02,-0.059,0.066
8.94500e-02,-0.061,0.064
8.94600e-02,-0.061,0.06
8.94700e-02,-0.059,0.062
8.94800e-02,-0.055,0.06
8.94900e-02,-0.061,0.064
8.95000e-02,-0.061,0.064
8.95100e-02,-0.059,0.064
8.95200e-02,-0.053,0.056
8.95300e-02,-0.053,0.06
8.95400e-02,-0.037,0.042
8.95500e-02,-0.063,0.062
8.95600e-02,-0.063,0.066
8.95700e-02,-0.059,0.066
8.95800e-02,-0.063,0.066
8.95900e-02,-0.055,0.058
8.96000e-02,-0.059,0.06
8.96100e-02,-0.061,0.068
8.96200e-02,-0.059,0.058
8.96300e-02,-0.051,0.058
8.96400e-02,-0.055,0.06
8.96500e-02,-0.057,0.06
8.96600e-02,-0.061,0.06
8.96700e-02,-0.057,0.06
8.96800e-02,-0.055,0.06
8.96900e-02,-0.063,0.062
8.97000e-02,-0.061,0.064
8.97100e-02,-0.051,0.054
8.97200e-02,-0.055,0.058
8.97300e-02,-0.063,0.064
8.97400e-02,-0.059,0.064
8.97500e-02,-0.055,0.056
8.97600e-02,-0.061,0.06
8.97700e-02,-0.055,0.058
8.97800e-02,-0.061,0.064
8.97900e-02,-0.063,0.062
8.98000e-02,-0.059,0.064
8.98100e-02,-0.059,0.068
8.98200e-02,-0.065,0.064
8.98300e-02,-0.059,0.064
8.98400e-02,-0.063,0.064
8.98500e-02,-0.061,0.066
8.98600e-02,-0.055,0.056
8.98700e-02,-0.061,0.062
8.98800e-02,-0.057,0.06
8.98900e-02,-0.057,0.062
8.99000e-02,-0.059,0.062
8.99100e-02,-0.061,0.064
8.99200e-02,-0.041,0.05
8.99300e-02,-0.057,0.06
8.99400e-02,-0.061,0.064
8.99500e-02,-0.061,0.064
8.99600e-02,-0.065,0.064
8.99700e-02,-0.063,0.062
8.99800e-02,-0.055,0.064
8.99900e-02,-0.059,0.064
9.00000e-02,-0.059,0.062
9.00100e-02,-0.063,0.066
9.00200e-02,-0.059,0.062
9.00300e-02,-0.055,0.054
9.00400e-02,-0.061,0.064
9.00500e-02,-0.051,0.056
9.00600e-02,-0.051,0.058
9.00700e-02,-0.049,0.056
9.00800e-02,-0.059,0.064
9.00900e-02,-0.053,0.058
9.01000e-02,-0.063,0.064
9.01100e-02,-0.053,0.06
9.01200e-02,-0.063,0.064
9.01300e-02,-0.059,0.062
9.01400e-02,-0.063,0.064
9.01500e-02,-0.059,0.064
9.01600e-02,-0.061,0.064
9.01700e-02,-0.059,0.064
9.01800e-02,-0.059,0.062
9.01900e-02,-0.061,0.064
9.02000e-02,-0.053,0.056
9.02100e-02,-0.049,0.058
9.02200e-02,-0.055,0.056
9.02300e-02,-0.059,0.06
9.02400e-02,-0.055,0.062
9.02500e-02,-0.059,0.064
9.02600e-02,-0.061,0.058
9.02700e-02,-0.059,0.062
9.02800e-02,-0.063,0.066
9.02900e-02,-0.061,0.064
9.03000e-02,-0.059,0.064
9.03100e-02,-0.059,0.062
9.03200e-02,-0.061,0.064
9.03300e-02,-0.061,0.062
9.03400e-02,-0.061,0.06
9.03500e-02,-0.061,0.062
9.03600e-02,-0.059,0.06
9.03700e-02,-0.063,0.062
9.03800e-02,-0.061,0.062
9.03900e-02,-0.057,0.064
9.04000e-02,-0.059,0.064
9.04100e-02,-0.061,0.062
9.04200e-02,-0.055,0.06
9.04300e-02,-0.063,0.062
9.04400e-02,-0.061,0.068
9.04500e-02,-0.059,0.064
9.04600e-02,-0.063,0.066
9.04700e-02,-0.059,0.064
9.04800e-02,-0.057,0.062
9.04900e-02,-0.059,0.062
9.05000e-02,-0.061,0.064
9.05100e-02,-0.061,0.06
9.05200e-02,-0.063,0.064
9.05300e-02,-0.055,0.06
9.05400e-02,-0.055,0.058
9.05500e-02,-0.057,0.058
9.05600e-02,-0.061,0.064
9.05700e-02,-0.059,0.062
9.05800e-02,-0.063,0.06
9.05900e-02,-0.061,0.064
9.06000e-02,-0.057,0.062
9.06100e-02,-0.061,0.06
9.06200e-02,-0.063,0.062
9.06300e-02,-0.065,0.066
9.06400e-02,-0.059,0.062
9.06500e-02,-0.059,0.064
9.06600e-02,-0.059,0.064
9.06700e-02,-0.061,0.062
9.06800e-02,-0.059,0.062
9.06900e-02,-0.063,0.064
9.07000e-02,-0.057,0.064
9.07100e-02,-0.061,0.064
9.07200e-02,-0.061,0.064
9.07300e-02,-0.059,0.064
9.07400e-02,-0.063,0.064
9.07500e-02,-0.061,0.064
9.07600e-02,-0.061,0.062
9.07700e-02,-0.063,0.064
9.07800e-02,-0.055,0.06
9.07900e-02,-0.059,0.064
9.08000e-02,-0.057,0.064
9.08100e-02,-0.061,0.064
9.08200e-02,-0.061,0.062
9.08300e-02,-0.063,0.062
9.08400e-02,-0.063,0.064
9.08500e-02,-0.059,0.062
9.08600e-02,-0.057,0.06
9.08700e-02,-0.055,0.058
9.08800e-02,-0.063,0.064
9.08900e-02,-0.059,0.062
9.09000e-02,-0.063,0.064
9.09100e-02,-0.059,0.06
9.09200e-02,-0.059,0.062
9.09300e-02,-0.055,0.064
9.09400e-02,-0.059,0.062
9.09500e-02,-0.061,0.064
9.09600e-02,-0.043,0.05
9.09700e-02,-0.055,0.06
9.09800e-02,-0.061,0.062
9.09900e-02,-0.055,0.06
9.10000e-02,-0.061,0.062
9.10100e-02,-0.061,0.064
9.10200e-02,-0.065,0.062
9.10300e-02,-0.061,0.062
9.10400e-02,-0.053,0.058
9.10500e-02,-0.055,0.06
9.10600e-02,-0.057,0.062
9.10700e-02,-0.061,0.062
9.10800e-02,-0.061,0.062
9.10900e-02,-0.061,0.062
9.11000e-02,-0.061,0.064
9.11100e-02,-0.059,0.064
9.11200e-02,-0.059,0.06
9.11300e-02,-0.055,0.056
9.11400e-02,-0.057,0.06
9.11500e-02,-0.053,0.06
9.11600e-02,-0.051,0.056
9.11700e-02,-0.057,0.062
9.11800e-02,-0.055,0.064
9.11900e-02,-0.057,0.064
9.12000e-02,-0.061,0.064
9.12100e-02,-0.059,0.064
9.12200e-02,-0.061,0.064
9.12300e-02,-0.061,0.064
9.12400e-02,-0.061,0.064
9.12500e-02,-0.059,0.062
9.12600e-02,-0.059,0.062
9.12700e-02,-0.065,0.062
9.12800e-02,-0.057,0.062
9.12900e-02,-0.059,0.064
9.13000e-02,-0.057,0.064
9.13100e-02,-0.057,0.064
9.13200e-02,-0.059,0.064
9.13300e-02,-0.063,0.064
9.13400e-02,-0.061,0.07
9.13500e-02,-0.061,0.062
9.13600e-02,-0.063,0.068
9.13700e-02,-0.059,0.068
9.13800e-02,-0.063,0.068
9.13900e-02,-0.061,0.064
9.14000e-02,-0.061,0.062
9.14100e-02,-0.059,0.06
9.14200e-02,-0.059,0.064
9.14300e-02,-0.059,0.064
9.14400e-02,-0.057,0.06
9.14500e-02,-0.057,0.058
9.14600e-02,-0.047,0.054
9.14700e-02,-0.057,0.062
9.14800e-02,-0.045,0.05
9.14900e-02,-0.057,0.06
9.15000e-02,-0.057,0.064
9.15100e-02,-0.063,0.06
9.15200e-02,-0.059,0.064
9.15300e-02,-0.059,0.064
9.15400e-02,-0.065,0.064
9.15500e-02,-0.061,0.064
9.15600e-02,-0.063,0.064
9.15700e-02,-0.061,0.06
9.15800e-02,-0.061,0.062
9.15900e-02,-0.061,0.064
9.16000e-02,-0.063,0.064
9.16100e-02,-0.061,0.064
9.16200e-02,-0.059,0.064
9.16300e-02,-0.059,0.064
9.16400e-02,-0.059,0.064
9.16500e-02,-0.061,0.062
9.16600e-02,-0.055,0.06
9.16700e-02,-0.061,0.062
9.16800e-02,-0.057,0.06
9.16900e-02,-0.061,0.062
9.17000e-02,-0.051,0.056
9.17100e-02,-0.057,0.064
9.17200e-02,-0.057,0.064
9.17300e-02,-0.061,0.064
9.17400e-02,-0.059,0.064
9.17500e-02,-0.057,0.06
9.17600e-02,-0.061,0.064
9.17700e-02,-0.063,0.064
9.17800e-02,-0.061,0.062
9.17900e-02,-0.053,0.058
9.18000e-02,-0.057,0.06
9.18100e-02,-0.055,0.062
9.18200e-02,-0.063,0.064
9.18300e-02,-0.059,0.064
9.18400e-02,-0.061,0.068
9.18500e-02,-0.059,0.064
9.18600e-02,-0.059,0.06
9.18700e-02,-0.059,0.06
9.18800e-02,-0.061,0.06
9.18900e-02,-0.061,0.064
9.19000e-02,-0.059,0.062
9.19100e-02,-0.059,0.066
9.19200e-02,-0.061,0.064
9.19300e-02,-0.065,0.064
9.19400e-02,-0.061,0.066
9.19500e-02,-0.061,0.062
9.19600e-02,-0.067,0.064
9.19700e-02,-0.059,0.062
9.19800e-02,-0.063,0.064
9.19900e-02,-0.061,0.064
9.20000e-02,-0.061,0.062
9.20100e-02,-0.061,0.062
9.20200e-02,-0.061,0.062
9.20300e-02,-0.059,0.06
9.20400e-02,-0.055,0.058
9.20500e-02,-0.063,0.062
9.20600e-02,-0.059,0.062
9.20700e-02,-0.059,0.062
9.20800e-02,-0.063,0.062
9.20900e-02,-0.061,0.062
9.21000e-02,-0.063,0.06
9.21100e-02,-0.065,0.062
9.21200e-02,-0.061,0.064
9.21300e-02,-0.061,0.066
9.21400e-02,-0.055,0.062
9.21500e-02,-0.049,0.054
9.21600e-02,-0.053,0.06
9.21700e-02,-0.063,0.066
9.21800e-02,-0.061,0.064
9.21900e-02,-0.065,0.064
9.22000e-02,-0.063,0.062
9.22100e-02,-0.055,0.056
9.22200e-02,-0.061,0.064
9.22300e-02,-0.063,0.06
9.22400e-02,-0.061,0.062
9.22500e-02,-0.059,0.066
9.22600e-02,-0.059,0.06
9.22700e-02,-0.059,0.064
9.22800e-02,-0.051,0.054
9.22900e-02,-0.061,0.064
9.23000e-02,-0.051,0.058
9.23100e-02,-0.053,0.056
9.23200e-02,-0.057,0.062
9.23300e-02,-0.059,0.062
9.23400e-02,-0.059,0.064
9.23500e-02,-0.059,0.064
9.23600e-02,-0.061,0.064
9.23700e-02,-0.061,0.068
9.23800e-02,-0.059,0.062
9.23900e-02,-0.061,0.062
9.24000e-02,-0.063,0.066
9.24100e-02,-0.061,0.062
9.24200e-02,-0.061,0.058
9.24300e-02,-0.063,0.064
9.24400e-02,-0.059,0.068
9.24500e-02,-0.063,0.064
9.24600e-02,-0.061,0.062
9.24700e-02,-0.061,0.068
9.24800e-02,-0.061,0.064
9.24900e-02,-0.063,0.064
9.25000e-02,-0.059,0.064
9.25100e-02,-0.061,0.064
9.25200e-02,-0.061,0.062
9.25300e-02,-0.063,0.068
9.25400e-02,-0.055,0.056
9.25500e-02,-0.057,0.06
9.25600e-02,-0.059,0.056
9.25700e-02,-0.057,0.06
9.25800e-02,-0.061,0.06
9.25900e-02,-0.061,0.06
9.26000e-02,-0.061,0.066
9.26100e-02,-0.059,0.064
9.26200e-02,-0.061,0.064
9.26300e-02,-0.061,0.066
9.26400e-02,-0.059,0.062
9.26500e-02,-0.059,0.06
9.26600e-02,-0.065,0.066
9.26700e-02,-0.061,0.062
9.26800e-02,-0.065,0.064
9.26900e-02,-0.063,0.06
9.27000e-02,-0.061,0.064
9.27100e-02,-0.061,0.064
9.27200e-02,-0.063,0.066
9.27300e-02,-0.061,0.064
9.27400e-02,-0.065,0.064
9.27500e-02,-0.061,0.064
9.27600e-02,-0.059,0.064
9.27700e-02,-0.065,0.064
9.27800e-02,-0.059,0.062
9.27900e-02,-0.057,0.062
9.28000e-02,-0.053,0.058
9.28100e-02,-0.063,0.06
9.28200e-02,-0.057,0.062
9.28300e-02,-0.061,0.062
9.28400e-02,-0.063,0.066
9.28500e-02,-0.057,0.062
9.28600e-02,-0.061,0.062
9.28700e-02,-0.059,0.06
9.28800e-02,-0.057,0.06
9.28900e-02,-0.059,0.062
9.29000e-02,-0.059,0.062
9.29100e-02,-0.055,0.058
9.29200e-02,-0.043,0.046
9.29300e-02,-0.057,0.062
9.29400e-02,-0.059,0.064
9.29500e-02,-0.061,0.066
9.29600e-02,-0.059,0.066
9.29700e-02,-0.063,0.064
9.29800e-02,-0.061,0.062
9.29900e-02,-0.061,0.066
9.30000e-02,-0.061,0.064
9.30100e-02,-0.061,0.068
9.30200e-02,-0.061,0.062
9.30300e-02,-0.059,0.062
9.30400e-02,-0.063,0.064
9.30500e-02,-0.057,0.064
9.30600e-02,-0.061,0.066
9.30700e-02,-0.059,0.062
9.30800e-02,-0.063,0.064
9.30900e-02,-0.051,0.054
9.31000e-02,-0.063,0.064
9.31100e-02,-0.063,0.06
9.31200e-02,-0.061,0.064
9.31300e-02,-0.065,0.064
9.31400e-02,-0.063,0.064
9.31500e-02,-0.061,0.066
9.31600e-02,-0.059,0.062
9.31700e-02,-0.059,0.064
9.31800e-02,-0.059,0.062
9.31900e-02,-0.061,0.064
9.32000e-02,-0.063,0.06
9.32100e-02,-0.063,0.066
9.32200e-02,-0.063,0.062
9.32300e-02,-0.061,0.062
9.32400e-02,-0.063,0.062
9.32500e-02,-0.065,0.062
9.32600e-02,-0.055,0.062
9.32700e-02,-0.061,0.06
9.32800e-02,-0.059,0.064
9.32900e-02,-0.061,0.064
9.33000e-02,-0.055,0.06
9.33100e-02,-0.057,0.062
9.33200e-02,-0.053,0.052
9.33300e-02,-0.057,0.06
9.33400e-02,-0.061,0.066
9.33500e-02,-0.055,0.058
9.33600e-02,-0.057,0.058
9.33700e-02,-0.061,0.06
9.33800e-02,-0.061,0.062
9.33900e-02,-0.061,0.068
9.34000e-02,-0.061,0.062
9.34100e-02,-0.061,0.06
9.34200e-02,-0.061,0.064
9.34300e-02,-0.061,0.064
9.34400e-02,-0.061,0.064
9.34500e-02,-0.063,0.068
9.34600e-02,-0.059,0.062
9.34700e-02,-0.059,0.062
9.34800e-02,-0.063,0.064
9.34900e-02,-0.063,0.064
9.35000e-02,-0.061,0.062
9.35100e-02,-0.059,0.062
9.35200e-02,-0.061,0.064
9.35300e-02,-0.061,0.066
9.35400e-02,-0.061,0.064
9.35500e-02,-0.063,0.064
9.35600e-02,-0.059,0.062
9.35700e-02,-0.061,0.064
9.35800e-02,-0.061,0.064
9.35900e-02,-0.061,0.064
9.36000e-02,-0.059,0.066
9.36100e-02,-0.061,0.062
9.36200e-02,-0.057,0.06
9.36300e-02,-0.057,0.058
9.36400e-02,-0.055,0.058
9.36500e-02,-0.063,0.064
9.36600e-02,-0.061,0.064
9.36700e-02,-0.063,0.062
9.36800e-02,-0.061,0.068
9.36900e-02,-0.061,0.066
9.37000e-02,-0.059,0.064
9.37100e-02,-0.057,0.064
9.37200e-02,-0.057,0.062
9.37300e-02,-0.055,0.06
9.37400e-02,-0.067,0.06
9.37500e-02,-0.063,0.066
9.37600e-02,-0.055,0.06
9.37700e-02,-0.061,0.064
9.37800e-02,-0.065,0.062
9.37900e-02,-0.065,0.062
9.38000e-02,-0.063,0.064
9.38100e-02,-0.059,0.058
9.38200e-02,-0.063,0.064
9.38300e-02,-0.051,0.058
9.38400e-02,-0.059,0.062
9.38500e-02,-0.059,0.062
9.38600e-02,-0.061,0.06
9.38700e-02,-0.051,0.056
9.38800e-02,-0.055,0.058
9.38900e-02,-0.061,0.064
9.39000e-02,-0.061,0.064
9.39100e-02,-0.057,0.056
9.39200e-02,-0.049,0.058
9.39300e-02,-0.061,0.06
9.39400e-02,-0.059,0.06
9.39500e-02,-0.063,0.066
9.39600e-02,-0.061,0.064
9.39700e-02,-0.063,0.066
9.39800e-02,-0.057,0.062
9.39900e-02,-0.055,0.056
9.40000e-02,-0.055,0.062
9.40100e-02,-0.059,0.062
9.40200e-02,-0.053,0.06
9.40300e-02,-0.055,0.06
9.40400e-02,-0.059,0.06
9.40500e-02,-0.061,0.068
9.40600e-02,-0.061,0.064
9.40700e-02,-0.057,0.06
9.40800e-02,-0.061,0.064
9.40900e-02,-0.049,0.058
9.41000e-02,-0.063,0.06
9.41100e-02,-0.045,0.048
9.41200e-02,-0.063,0.062
9.41300e-02,-0.061,0.062
9.41400e-02,-0.059,0.064
9.41500e-02,-0.055,0.056
9.41600e-02,-0.057,0.062
9.41700e-02,-0.059,0.06
9.41800e-02,-0.059,0.062
9.41900e-02,-0.055,0.062
9.42000e-02,-0.061,0.066
9.42100e-02,-0.055,0.058
9.42200e-02,-0.061,0.06
9.42300e-02,-0.061,0.066
9.42400e-02,-0.061,0.064
9.42500e-02,-0.061,0.064
9.42600e-02,-0.057,0.062
9.42700e-02,-0.059,0.062
9.42800e-02,-0.059,0.06
9.42900e-02,-0.059,0.06
9.43000e-02,-0.065,0.062
9.43100e-02,-0.061,0.062
9.43200e-02,-0.055,0.06
9.43300e-02,-0.063,0.064
9.43400e-02,-0.055,0.062
9.43500e-02,-0.057,0.064
9.43600e-02,-0.059,0.064
9.43700e-02,-0.051,0.058
9.43800e-02,-0.061,0.062
9.43900e-02,-0.063,0.06
9.44000e-02,-0.059,0.06
9.44100e-02,-0.059,0.064
9.44200e-02,-0.063,0.066
9.44300e-02,-0.061,0.062
9.44400e-02,-0.061,0.064
9.44500e-02,-0.059,0.064
9.44600e-02,-0.059,0.06
9.44700e-02,-0.061,0.062
9.44800e-02,-0.059,0.062
9.44900e-02,-0.061,0.064
9.45000e-02,-0.061,0.064
9.45100e-02,-0.063,0.064
9.45200e-02,-0.059,0.062
9.45300e-02,-0.057,0.062
9.45400e-02,-0.061,0.066
9.45500e-02,-0.059,0.062
9.45600e-02,-0.057,0.062
9.45700e-02,-0.053,0.06
9.45800e-02,-0.061,0.064
9.45900e-02,-0.059,0.066
9.46000e-02,-0.049,0.052
9.46100e-02,-0.061,0.062
9.46200e-02,-0.059,0.06
9.46300e-02,-0.057,0.062
9.46400e-02,-0.057,0.06
9.46500e-02,-0.059,0.062
9.46600e-02,-0.061,0.066
9.46700e-02,-0.063,0.064
9.46800e-02,-0.063,0.064
9.46900e-02,-0.061,0.064
9.47000e-02,-0.057,0.062
9.47100e-02,-0.059,0.062
9.47200e-02,-0.061,0.064
9.47300e-02,-0.063,0.064
9.47400e-02,-0.049,0.058
9.47500e-02,-0.059,0.064
9.47600e-02,-0.039,0.04
9.47700e-02,-0.059,0.062
9.47800e-02,-0.063,0.062
9.47900e-02,-0.061,0.064
9.48000e-02,-0.061,0.066
9.48100e-02,-0.063,0.064
9.48200e-02,-0.061,0.064
9.48300e-02,-0.059,0.062
9.48400e-02,-0.061,0.064
9.48500e-02,-0.059,0.064
9.48600e-02,-0.061,0.064
9.48700e-02,-0.049,0.054
9.48800e-02,-0.065,0.06
9.48900e-02,-0.047,0.054
9.49000e-02,-0.061,0.062
9.49100e-02,-0.055,0.06
9.49200e-02,-0.059,0.06
9.49300e-02,-0.063,0.064
9.49400e-02,-0.061,0.062
9.49500e-02,-0.063,0.062
9.49600e-02,-0.061,0.064
9.49700e-02,-0.061,0.062
9.49800e-02,-0.063,0.066
9.49900e-02,-0.067,0.066
9.50000e-02,-0.061,0.064
9.50100e-02,-0.061,0.062
9.50200e-02,-0.063,0.062
9.50300e-02,-0.059,0.064
9.50400e-02,-0.063,0.064
9.50500e-02,-0.063,0.064
9.50600e-02,-0.061,0.064
9.50700e-02,-0.063,0.062
9.50800e-02,-0.059,0.06
9.50900e-02,-0.051,0.056
9.51000e-02,-0.061,0.06
9.51100e-02,-0.059,0.064
9.51200e-02,-0.059,0.066
9.51300e-02,-0.063,0.064
9.51400e-02,-0.059,0.06
9.51500e-02,-0.061,0.064
9.51600e-02,-0.061,0.064
9.51700e-02,-0.065,0.062
9.51800e-02,-0.063,0.064
9.51900e-02,-0.061,0.064
9.52000e-02,-0.061,0.064
9.52100e-02,-0.061,0.064
9.52200e-02,-0.055,0.058
9.52300e-02,-0.065,0.066
9.52400e-02,-0.057,0.064
9.52500e-02,-0.061,0.06
9.52600e-02,-0.059,0.062
9.52700e-02,-0.049,0.052
9.52800e-02,-0.057,0.062
9.52900e-02,-0.061,0.06
9.53000e-02,-0.063,0.064
9.53100e-02,-0.063,0.06
9.53200e-02,-0.063,0.068
9.53300e-02,-0.057,0.058
9.53400e-02,-0.063,0.064
9.53500e-02,-0.063,0.06
9.53600e-02,-0.059,0.064
9.53700e-02,-0.061,0.064
9.53800e-02,-0.053,0.054
9.53900e-02,-0.061,0.064
9.54000e-02,-0.053,0.054
9.54100e-02,-0.061,0.06
9.54200e-02,-0.061,0.062
9.54300e-02,-0.059,0.064
9.54400e-02,-0.065,0.07
9.54500e-02,-0.059,0.062
9.54600e-02,-0.057,0.058
9.54700e-02,-0.061,0.07
9.54800e-02,-0.063,0.064
9.54900e-02,-0.061,0.064
9.55000e-02,-0.059,0.06
9.55100e-02,-0.057,0.064
9.55200e-02,-0.059,0.064
9.55300e-02,-0.063,0.066
9.55400e-02,-0.057,0.062
9.55500e-02,-0.049,0.048
9.55600e-02,-0.061,0.06
9.55700e-02,-0.049,0.054
9.55800e-02,-0.061,0.064
9.55900e-02,-0.035,0.044
9.56000e-02,-0.061,0.062
9.56100e-02,-0.055,0.058
9.56200e-02,-0.059,0.064
9.56300e-02,-0.053,0.058
9.56400e-02,-0.063,0.064
9.56500e-02,-0.043,0.048
9.56600e-02,-0.063,0.064
9.56700e-02,-0.051,0.056
9.56800e-02,-0.059,0.062
9.56900e-02,-0.059,0.064
9.57000e-02,-0.065,0.064
9.57100e-02,-0.057,0.06
9.57200e-02,-0.061,0.064
9.57300e-02,-0.061,0.066
9.57400e-02,-0.059,0.06
9.57500e-02,-0.061,0.06
9.57600e-02,-0.061,0.064
9.57700e-02,-0.061,0.064
9.57800e-02,-0.067,0.064
9.57900e-02,-0.061,0.064
9.58000e-02,-0.061,0.064
9.58100e-02,-0.061,0.064
9.58200e-02,-0.063,0.064
9.58300e-02,-0.063,0.064
9.58400e-02,-0.061,0.064
9.58500e-02,-0.061,0.064
9.58600e-02,-0.061,0.064
9.58700e-02,-0.059,0.06
9.58800e-02,-0.063,0.064
9.58900e-02,-0.055,0.062
9.59000e-02,-0.063,0.062
9.59100e-02,-0.059,0.062
9.59200e-02,-0.063,0.066
9.59300e-02,-0.061,0.062
9.59400e-02,-0.065,0.064
9.59500e-02,-0.063,0.064
9.59600e-02,-0.053,0.06
9.59700e-02,-0.057,0.06
9.59800e-02,-0.059,0.06
9.59900e-02,-0.051,0.054
9.60000e-02,-0.059,0.064
9.60100e-02,-0.063,0.062
9.60200e-02,-0.059,0.064
9.60300e-02,-0.055,0.062
9.60400e-02,-0.059,0.064
9.60500e-02,-0.061,0.062
9.60600e-02,-0.061,0.064
9.60700e-02,-0.059,0.062
9.60800e-02,-0.061,0.064
9.60900e-02,-0.061,0.064
9.61000e-02,-0.063,0.062
9.61100e-02,-0.061,0.062
9.61200e-02,-0.061,0.06
9.61300e-02,-0.063,0.06
9.61400e-02,-0.055,0.064
9.61500e-02,-0.063,0.062
9.61600e-02,-0.061,0.064
9.61700e-02,-0.061,0.064
9.61800e-02,-0.059,0.064
9.61900e-02,-0.061,0.062
9.62000e-02,-0.063,0.066
9.62100e-02,-0.059,0.06
9.62200e-02,-0.065,0.062
9.62300e-02,-0.047,0.056
9.62400e-02,-0.057,0.062
9.62500e-02,-0.063,0.062
9.62600e-02,-0.061,0.066
9.62700e-02,-0.061,0.062
9.62800e-02,-0.061,0.068
9.62900e-02,-0.061,0.064
9.63000e-02,-0.059,0.062
9.63100e-02,-0.057,0.06
9.63200e-02,-0.063,0.066
9.63300e-02,-0.063,0.064
9.63400e-02,-0.055,0.06
9.63500e-02,-0.061,0.064
9.63600e-02,-0.053,0.058
9.63700e-02,-0.061,0.06
9.63800e-02,-0.057,0.06
9.63900e-02,-0.057,0.064
9.64000e-02,-0.063,0.064
9.64100e-02,-0.061,0.062
9.64200e-02,-0.057,0.064
9.64300e-02,-0.063,0.064
9.64400e-02,-0.051,0.052
9.64500e-02,-0.061,0.062
9.64600e-02,-0.051,0.06
9.64700e-02,-0.059,0.06
9.64800e-02,-0.053,0.052
9.64900e-02,-0.055,0.054
9.65000e-02,-0.057,0.062
9.65100e-02,-0.061,0.062
9.65200e-02,-0.063,0.062
9.65300e-02,-0.063,0.064
9.65400e-02,-0.059,0.062
9.65500e-02,-0.061,0.06
9.65600e-02,-0.059,0.062
9.65700e-02,-0.059,0.064
9.65800e-02,-0.065,0.064
9.65900e-02,-0.059,0.068
9.66000e-02,-0.063,0.064
9.66100e-02,-0.063,0.064
9.66200e-02,-0.061,0.064
9.66300e-02,-0.057,0.06
9.66400e-02,-0.063,0.06
9.66500e-02,-0.047,0.052
9.66600e-02,-0.061,0.064
9.66700e-02,-0.059,0.062
9.66800e-02,-0.063,0.062
9.66900e-02,-0.063,0.064
9.67000e-02,-0.061,0.064
9.67100e-02,-0.061,0.064
9.67200e-02,-0.057,0.06
9.67300e-02,-0.055,0.058
9.67400e-02,-0.063,0.064
9.67500e-02,-0.057,0.06
9.67600e-02,-0.061,0.062
9.67700e-02,-0.065,0.064
9.67800e-02,-0.055,0.062
9.67900e-02,-0.061,0.066
9.68000e-02,-0.061,0.06
9.68100e-02,-0.063,0.066
9.68200e-02,-0.059,0.06
9.68300e-02,-0.063,0.064
9.68400e-02,-0.057,0.062
9.68500e-02,-0.059,0.064
9.68600e-02,-0.059,0.062
9.68700e-02,-0.063,0.064
9.68800e-02,-0.061,0.062
9.68900e-02,-0.061,0.062
9.69000e-02,-0.059,0.062
9.69100e-02,-0.063,0.064
9.69200e-02,-0.059,0.064
9.69300e-02,-0.055,0.062
9.69400e-02,-0.061,0.064
9.69500e-02,-0.051,0.054
9.69600e-02,-0.061,0.062
9.69700e-02,-0.063,0.062
9.69800e-02,-0.059,0.062
9.69900e-02,-0.061,0.066
9.70000e-02,-0.061,0.064
9.70100e-02,-0.061,0.062
9.70200e-02,-0.061,0.062
9.70300e-02,-0.059,0.06
9.70400e-02,-0.063,0.06
9.70500e-02,-0.057,0.062
9.70600e-02,-0.061,0.064
9.70700e-02,-0.063,0.062
9.70800e-02,-0.057,0.058
9.70900e-02,-0.061,0.062
9.71000e-02,-0.055,0.06
9.71100e-02,-0.059,0.062
9.71200e-02,-0.055,0.056
9.71300e-02,-0.063,0.062
9.71400e-02,-0.059,0.062
9.71500e-02,-0.061,0.062
9.71600e-02,-0.059,0.068
9.71700e-02,-0.061,0.064
9.71800e-02,-0.065,0.064
9.71900e-02,-0.061,0.064
9.72000e-02,-0.057,0.06
9.72100e-02,-0.057,0.064
9.72200e-02,-0.059,0.06
9.72300e-02,-0.057,0.062
9.72400e-02,-0.061,0.064
9.72500e-02,-0.059,0.06
9.72600e-02,-0.061,0.064
9.72700e-02,-0.057,0.06
9.72800e-02,-0.061,0.066
9.72900e-02,-0.053,0.06
9.73000e-02,-0.057,0.064
9.73100e-02,-0.061,0.064
9.73200e-02,-0.063,0.066
9.73300e-02,-0.063,0.066
9.73400e-02,-0.061,0.064
9.73500e-02,-0.063,0.062
9.73600e-02,-0.057,0.062
9.73700e-02,-0.059,0.064
9.73800e-02,-0.057,0.06
9.73900e-02,-0.057,0.062
9.74000e-02,-0.055,0.062
9.74100e-02,-0.059,0.064
9.74200e-02,-0.063,0.066
9.74300e-02,-0.063,0.06
9.74400e-02,-0.057,0.064
9.74500e-02,-0.057,0.06
9.74600e-02,-0.063,0.064
9.74700e-02,-0.061,0.06
9.74800e-02,-0.063,0.064
9.74900e-02,-0.063,0.06
9.75000e-02,-0.059,0.066
9.75100e-02,-0.061,0.064
9.75200e-02,-0.061,0.064
9.75300e-02,-0.061,0.062
9.75400e-02,-0.059,0.06
9.75500e-02,-0.061,0.064
9.75600e-02,-0.057,0.06
9.75700e-02,-0.059,0.064
9.75800e-02,-0.055,0.06
9.75900e-02,-0.055,0.06
9.76000e-02,-0.061,0.064
9.76100e-02,-0.061,0.064
9.76200e-02,-0.061,0.064
9.76300e-02,-0.061,0.064
9.76400e-02,-0.045,0.052
9.76500e-02,-0.059,0.062
9.76600e-02,-0.061,0.06
9.76700e-02,-0.061,0.064
9.76800e-02,-0.053,0.058
9.76900e-02,-0.057,0.062
9.77000e-02,-0.061,0.062
9.77100e-02,-0.063,0.064
9.77200e-02,-0.061,0.06
9.77300e-02,-0.061,0.062
9.77400e-02,-0.059,0.064
9.77500e-02,-0.059,0.066
9.77600e-02,-0.055,0.06
9.77700e-02,-0.063,0.062
9.77800e-02,-0.063,0.066
9.77900e-02,-0.053,0.058
9.78000e-02,-0.055,0.06
9.78100e-02,-0.061,0.064
9.78200e-02,-0.055,0.056
9.78300e-02,-0.059,0.06
9.78400e-02,-0.061,0.064
9.78500e-02,-0.059,0.062
9.78600e-02,-0.061,0.06
9.78700e-02,-0.059,0.062
9.78800e-02,-0.057,0.06
9.78900e-02,-0.059,0.064
9.79000e-02,-0.053,0.06
9.79100e-02,-0.059,0.06
9.79200e-02,-0.061,0.064
9.79300e-02,-0.063,0.062
9.79400e-02,-0.063,0.064
9.79500e-02,-0.059,0.06
9.79600e-02,-0.057,0.064
9.79700e-02,-0.057,0.062
9.79800e-02,-0.059,0.06
9.79900e-02,-0.053,0.054
9.80000e-02,-0.055,0.06
9.80100e-02,-0.059,0.06
9.80200e-02,-0.057,0.06
9.80300e-02,-0.065,0.062
9.80400e-02,-0.055,0.06
9.80500e-02,-0.063,0.064
9.80600e-02,-0.057,0.06
9.80700e-02,-0.061,0.064
9.80800e-02,-0.059,0.062
9.80900e-02,-0.053,0.054
9.81000e-02,-0.063,0.062
9.81100e-02,-0.059,0.062
9.81200e-02,-0.055,0.06
9.81300e-02,-0.057,0.062
9.81400e-02,-0.065,0.064
9.81500e-02,-0.059,0.064
9.81600e-02,-0.061,0.064
9.81700e-02,-0.059,0.064
9.81800e-02,-0.061,0.062
9.81900e-02,-0.061,0.06
9.82000e-02,-0.055,0.06
9.82100e-02,-0.059,0.062
9.82200e-02,-0.057,0.06
9.82300e-02,-0.053,0.058
9.82400e-02,-0.057,0.062
9.82500e-02,-0.063,0.066
9.82600e-02,-0.065,0.066
9.82700e-02,-0.059,0.064
9.82800e-02,-0.061,0.064
9.82900e-02,-0.065,0.064
9.83000e-02,-0.063,0.064
9.83100e-02,-0.065,0.064
9.83200e-02,-0.059,0.06
9.83300e-02,-0.061,0.064
9.83400e-02,-0.061,0.062
9.83500e-02,-0.053,0.056
9.83600e-02,-0.061,0.062
9.83700e-02,-0.055,0.058
9.83800e-02,-0.063,0.062
9.83900e-02,-0.055,0.06
9.84000e-02,-0.059,0.066
9.84100e-02,-0.065,0.06
9.84200e-02,-0.059,0.062
9.84300e-02,-0.057,0.064
9.84400e-02,-0.063,0.064
9.84500e-02,-0.059,0.062
9.84600e-02,-0.055,0.06
9.84700e-02,-0.059,0.062
9.84800e-02,-0.059,0.064
9.84900e-02,-0.065,0.066
9.85000e-02,-0.055,0.062
9.85100e-02,-0.061,0.06
9.85200e-02,-0.057,0.062
9.85300e-02,-0.061,0.064
9.85400e-02,-0.061,0.06
9.85500e-02,-0.057,0.064
9.85600e-02,-0.061,0.06
9.85700e-02,-0.063,0.064
9.85800e-02,-0.061,0.064
9.85900e-02,-0.057,0.06
9.86000e-02,-0.063,0.062
9.86100e-02,-0.063,0.066
9.86200e-02,-0.057,0.062
9.86300e-02,-0.057,0.06
9.86400e-02,-0.057,0.06
9.86500e-02,-0.055,0.06
9.86600e-02,-0.063,0.064
9.86700e-02,-0.057,0.06
9.86800e-02,-0.061,0.066
9.86900e-02,-0.061,0.064
9.87000e-02,-0.057,0.06
9.87100e-02,-0.059,0.062
9.87200e-02,-0.059,0.066
9.87300e-02,-0.061,0.064
9.87400e-02,-0.059,0.062
9.87500e-02,-0.057,0.06
9.87600e-02,-0.061,0.068
9.87700e-02,-0.065,0.064
9.87800e-02,-0.061,0.064
9.87900e-02,-0.061,0.064
9.88000e-02,-0.059,0.062
9.88100e-02,-0.063,0.06
9.88200e-02,-0.057,0.06
9.88300e-02,-0.059,0.062
9.88400e-02,-0.063,0.064
9.88500e-02,-0.057,0.062
9.88600e-02,-0.055,0.062
9.88700e-02,-0.059,0.062
9.88800e-02,-0.063,0.064
9.88900e-02,-0.059,0.064
9.89000e-02,-0.061,0.062
9.89100e-02,-0.063,0.066
9.89200e-02,-0.059,0.06
9.89300e-02,-0.059,0.064
9.89400e-02,-0.059,0.06
9.89500e-02,-0.063,0.066
9.89600e-02,-0.063,0.062
9.89700e-02,-0.057,0.062
9.89800e-02,-0.059,0.064
9.89900e-02,-0.061,0.064
9.90000e-02,-0.061,0.064
9.90100e-02,-0.059,0.066
9.90200e-02,-0.057,0.064
9.90300e-02,-0.063,0.062
9.90400e-02,-0.061,0.066
9.90500e-02,-0.063,0.062
9.90600e-02,-0.059,0.06
9.90700e-02,-0.061,0.064
9.90800e-02,-0.061,0.066
9.90900e-02,-0.057,0.064
9.91000e-02,-0.059,0.06
9.91100e-02,-0.057,0.06
9.91200e-02,-0.063,0.064
9.91300e-02,-0.057,0.062
9.91400e-02,-0.061,0.062
9.91500e-02,-0.065,0.064
9.91600e-02,-0.063,0.062
9.91700e-02,-0.063,0.066
9.91800e-02,-0.063,0.064
9.91900e-02,-0.055,0.054
9.92000e-02,-0.059,0.06
9.92100e-02,-0.057,0.058
9.92200e-02,-0.061,0.064
9.92300e-02,-0.061,0.064
9.92400e-02,-0.061,0.062
9.92500e-02,-0.061,0.062
9.92600e-02,-0.061,0.068
9.92700e-02,-0.057,0.064
9.92800e-02,-0.053,0.058
9.92900e-02,-0.057,0.06
9.93000e-02,-0.047,0.054
9.93100e-02,-0.059,0.062
9.93200e-02,-0.049,0.05
9.93300e-02,-0.051,0.056
9.93400e-02,-0.061,0.062
9.93500e-02,-0.057,0.064
9.93600e-02,-0.061,0.064
9.93700e-02,-0.057,0.06
9.93800e-02,-0.063,0.062
9.93900e-02,-0.055,0.06
9.94000e-02,-0.063,0.068
9.94100e-02,-0.055,0.064
9.94200e-02,-0.061,0.064
9.94300e-02,-0.049,0.054
9.94400e-02,-0.059,0.064
9.94500e-02,-0.057,0.06
9.94600e-02,-0.061,0.066
9.94700e-02,-0.061,0.062
9.94800e-02,-0.057,0.058
9.94900e-02,-0.045,0.054
9.95000e-02,-0.057,0.06
9.95100e-02,-0.063,0.062
9.95200e-02,-0.055,0.058
9.95300e-02,-0.055,0.056
9.95400e-02,-0.059,0.066
9.95500e-02,-0.059,0.064
9.95600e-02,-0.059,0.064
9.95700e-02,-0.061,0.062
9.95800e-02,-0.049,0.058
9.95900e-02,-0.061,0.064
9.96000e-02,-0.051,0.056
9.96100e-02,-0.061,0.066
9.96200e-02,-0.055,0.06
9.96300e-02,-0.059,0.062
9.96400e-02,-0.061,0.064
9.96500e-02,-0.059,0.06
9.96600e-02,-0.055,0.06
9.96700e-02,-0.059,0.064
9.96800e-02,-0.061,0.06
9.96900e-02,-0.059,0.062
9.97000e-02,-0.057,0.064
9.97100e-02,-0.061,0.068
9.97200e-02,-0.061,0.062
9.97300e-02,-0.063,0.064
9.97400e-02,-0.059,0.064
9.97500e-02,-0.063,0.066
9.97600e-02,-0.061,0.066
9.97700e-02,-0.063,0.06
9.97800e-02,-0.059,0.062
9.97900e-02,-0.061,0.066
9.98000e-02,-0.063,0.066
9.98100e-02,-0.059,0.064
9.98200e-02,-0.055,0.058
9.98300e-02,-0.059,0.066
9.98400e-02,-0.051,0.056
9.98500e-02,-0.059,0.064
9.98600e-02,-0.063,0.06
9.98700e-02,-0.061,0.066
9.98800e-02,-0.061,0.064
9.98900e-02,-0.057,0.06
9.99000e-02,-0.059,0.062
9.99100e-02,-0.057,0.058
9.99200e-02,-0.061,0.064
9.99300e-02,-0.061,0.06
9.99400e-02,-0.055,0.062
9.99500e-02,-0.059,0.062
9.99600e-02,-0.057,0.062
9.99700e-02,-0.063,0.064
9.99800e-02,-0.055,0.056
9.99900e-02,-0.059,0.06
1.00000e-01,-0.057,0.06
1.00010e-01,-0.055,0.06
1.00020e-01,-0.057,0.06
1.00030e-01,-0.063,0.062
1.00040e-01,-0.055,0.06
1.00050e-01,-0.063,0.062
1.00060e-01,-0.059,0.068
1.00070e-01,-0.063,0.064
1.00080e-01,-0.057,0.06
1.00090e-01,-0.049,0.06
1.00100e-01,-0.061,0.06
1.00110e-01,-0.061,0.064
1.00120e-01,-0.061,0.066
1.00130e-01,-0.061,0.066
1.00140e-01,-0.057,0.06
1.00150e-01,-0.063,0.06
1.00160e-01,-0.065,0.064
1.00170e-01,-0.061,0.064
1.00180e-01,-0.059,0.06
1.00190e-01,-0.063,0.064
1.00200e-01,-0.065,0.062
1.00210e-01,-0.059,0.062
1.00220e-01,-0.057,0.06
1.00230e-01,-0.061,0.066
1.00240e-01,-0.059,0.062
1.00250e-01,-0.059,0.06
1.00260e-01,-0.053,0.058
1.00270e-01,-0.059,0.064
1.00280e-01,-0.061,0.064
1.00290e-01,-0.065,0.062
1.00300e-01,-0.059,0.064
1.00310e-01,-0.065,0.062
1.00320e-01,-0.051,0.054
1.00330e-01,-0.059,0.06
1.00340e-01,-0.057,0.056
1.00350e-01,-0.061,0.066
1.00360e-01,-0.059,0.062
1.00370e-01,-0.057,0.06
1.00380e-01,-0.045,0.052
1.00390e-01,-0.061,0.064
1.00400e-01,-0.061,0.06
1.00410e-01,-0.063,0.068
1.00420e-01,-0.059,0.06
1.00430e-01,-0.061,0.064
1.00440e-01,-0.063,0.062
1.00450e-01,-0.063,0.068
1.00460e-01,-0.061,0.062
1.00470e-01,-0.061,0.064
1.00480e-01,-0.055,0.06
1.00490e-01,-0.059,0.064
1.00500e-01,-0.061,0.062
1.00510e-01,-0.061,0.064
1.00520e-01,-0.059,0.064
1.00530e-01,-0.059,0.062
1.00540e-01,-0.061,0.06
1.00550e-01,-0.065,0.064
1.00560e-01,-0.059,0.062
1.00570e-01,-0.063,0.064
1.00580e-01,-0.055,0.062
1.00590e-01,-0.063,0.064
1.00600e-01,-0.061,0.064
1.00610e-01,-0.059,0.062
1.00620e-01,-0.059,0.064
1.00630e-01,-0.059,0.06
1.00640e-01,-0.061,0.064
1.00650e-01,-0.063,0.066
1.00660e-01,-0.055,0.06
1.00670e-01,-0.059,0.06
1.00680e-01,-0.053,0.062
1.00690e-01,-0.059,0.06
1.00700e-01,-0.061,0.062
1.00710e-01,-0.059,0.07
1.00720e-01,-0.061,0.066
1.00730e-01,-0.063,0.062
1.00740e-01,-0.059,0.064
1.00750e-01,-0.059,0.064
1.00760e-01,-0.061,0.066
1.00770e-01,-0.059,0.062
1.00780e-01,-0.063,0.064
1.00790e-01,-0.061,0.066
1.00800e-01,-0.063,0.062
1.00810e-01,-0.063,0.064
1.00820e-01,-0.061,0.06
1.00830e-01,-0.061,0.064
1.00840e-01,-0.059,0.064
1.00850e-01,-0.061,0.06
1.00860e-01,-0.061,0.064
1.00870e-01,-0.045,0.048
1.00880e-01,-0.061,0.062
1.00890e-01,-0.059,0.062
1.00900e-01,-0.059,0.062
1.00910e-01,-0.061,0.062
1.00920e-01,-0.063,0.064
1.00930e-01,-0.059,0.062
1.00940e-01,-0.063,0.064
1.00950e-01,-0.057,0.06
1.00960e-01,-0.059,0.064
1.00970e-01,-0.059,0.06
1.00980e-01,-0.063,0.062
1.00990e-01,-0.063,0.064
1.01000e-01,-0.055,0.062
1.01010e-01,-0.053,0.06
1.01020e-01,-0.061,0.062
1.01030e-01,-0.053,0.06
1.01040e-01,-0.057,0.06
1.01050e-01,-0.055,0.058
1.01060e-01,-0.059,0.066
1.01070e-01,-0.057,0.064
1.01080e-01,-0.055,0.058
1.01090e-01,-0.063,0.066
1.01100e-01,-0.055,0.058
1.01110e-01,-0.059,0.062
1.01120e-01,-0.063,0.064
1.01130e-01,-0.061,0.062
1.01140e-01,-0.061,0.066
1.01150e-01,-0.057,0.062
1.01160e-01,-0.063,0.066
1.01170e-01,-0.057,0.062
1.01180e-01,-0.059,0.06
1.01190e-01,-0.061,0.064
1.01200e-01,-0.061,0.064
1.01210e-01,-0.061,0.064
1.01220e-01,-0.063,0.062
1.01230e-01,-0.059,0.062
1.01240e-01,-0.065,0.064
1.01250e-01,-0.061,0.064
1.01260e-01,-0.063,0.066
1.01270e-01,-0.059,0.064
1.01280e-01,-0.061,0.064
1.01290e-01,-0.059,0.066
1.01300e-01,-0.063,0.062
1.01310e-01,-0.061,0.064
1.01320e-01,-0.059,0.058
1.01330e-01,-0.059,0.062
1.01340e-01,-0.063,0.062
1.01350e-01,-0.061,0.066
1.01360e-01,-0.061,0.064
1.01370e-01,-0.059,0.064
1.01380e-01,-0.057,0.066
1.01390e-01,-0.061,0.064
1.01400e-01,-0.059,0.062
1.01410e-01,-0.063,0.064
1.01420e-01,-0.059,0.062
1.01430e-01,-0.065,0.062
1.01440e-01,-0.061,0.062
1.01450e-01,-0.061,0.064
1.01460e-01,-0.055,0.06
1.01470e-01,-0.059,0.064
1.01480e-01,-0.059,0.062
1.01490e-01,-0.061,0.062
1.01500e-01,-0.061,0.066
1.01510e-01,-0.061,0.062
1.01520e-01,-0.057,0.062
1.01530e-01,-0.057,0.06
1.01540e-01,-0.063,0.062
1.01550e-01,-0.063,0.062
1.01560e-01,-0.063,0.064
1.01570e-01,-0.061,0.066
1.01580e-01,-0.063,0.064
1.01590e-01,-0.065,0.064
1.01600e-01,-0.061,0.062
1.01610e-01,-0.061,0.064
1.01620e-01,-0.061,0.062
1.01630e-01,-0.063,0.064
1.01640e-01,-0.063,0.062
1.01650e-01,-0.061,0.066
1.01660e-01,-0.063,0.062
1.01670e-01,-0.055,0.06
1.01680e-01,-0.059,0.062
1.01690e-01,-0.059,0.06
1.01700e-01,-0.061,0.064
1.01710e-01,-0.061,0.064
1.01720e-01,-0.063,0.064
1.01730e-01,-0.059,0.064
1.01740e-01,-0.063,0.064
1.01750e-01,-0.061,0.062
1.01760e-01,-0.061,0.064
1.01770e-01,-0.061,0.064
1.01780e-01,-0.059,0.066
1.01790e-01,-0.061,0.064
1.01800e-01,-0.061,0.062
1.01810e-01,-0.061,0.062
1.01820e-01,-0.063,0.064
1.01830e-01,-0.057,0.06
1.01840e-01,-0.053,0.058
1.01850e-01,-0.057,0.058
1.01860e-01,-0.055,0.062
1.01870e-01,-0.061,0.064
1.01880e-01,-0.061,0.062
1.01890e-01,-0.059,0.064
1.01900e-01,-0.055,0.058
1.01910e-01,-0.059,0.06
1.01920e-01,-0.061,0.06
1.01930e-01,-0.063,0.064
1.01940e-01,-0.061,0.064
1.01950e-01,-0.063,0.064
1.01960e-01,-0.059,0.06
1.01970e-01,-0.055,0.06
1.01980e-01,-0.051,0.058
1.01990e-01,-0.057,0.06
1.02000e-01,-0.059,0.064
1.02010e-01,-0.059,0.066
1.02020e-01,-0.059,0.062
1.02030e-01,-0.063,0.064
1.02040e-01,-0.059,0.064
1.02050e-01,-0.059,0.064
1.02060e-01,-0.059,0.068
1.02070e-01,-0.063,0.062
1.02080e-01,-0.055,0.056
1.02090e-01,-0.055,0.06
1.02100e-01,-0.061,0.06
1.02110e-01,-0.061,0.064
1.02120e-01,-0.059,0.064
1.02130e-01,-0.055,0.06
1.02140e-01,-0.061,0.062
1.02150e-01,-0.059,0.058
1.02160e-01,-0.063,0.06
1.02170e-01,-0.059,0.062
1.02180e-01,-0.055,0.06
1.02190e-01,-0.059,0.06
1.02200e-01,-0.059,0.064
1.02210e-01,-0.061,0.06
1.02220e-01,-0.059,0.064
1.02230e-01,-0.061,0.064
1.02240e-01,-0.061,0.064
1.02250e-01,-0.061,0.062
1.02260e-01,-0.059,0.062
1.02270e-01,-0.061,0.064
1.02280e-01,-0.061,0.064
1.02290e-01,-0.053,0.06
1.02300e-01,-0.063,0.064
1.02310e-01,-0.061,0.06
1.02320e-01,-0.065,0.064
1.02330e-01,-0.047,0.054
1.02340e-01,-0.057,0.06
1.02350e-01,-0.047,0.054
1.02360e-01,-0.061,0.064
1.02370e-01,-0.065,0.062
1.02380e-01,-0.065,0.062
1.02390e-01,-0.063,0.064
1.02400e-01,-0.061,0.064
1.02410e-01,-0.061,0.062
1.02420e-01,-0.057,0.06
1.02430e-01,-0.059,0.064
1.02440e-01,-0.061,0.06
1.02450e-01,-0.061,0.066
1.02460e-01,-0.055,0.056
1.02470e-01,-0.063,0.062
1.02480e-01,-0.049,0.056
1.02490e-01,-0.063,0.066
1.02500e-01,-0.061,0.064
1.02510e-01,-0.061,0.064
1.02520e-01,-0.059,0.064
1.02530e-01,-0.059,0.068
1.02540e-01,-0.063,0.064
1.02550e-01,-0.061,0.064
1.02560e-01,-0.059,0.064
1.02570e-01,-0.063,0.064
1.02580e-01,-0.061,0.064
1.02590e-01,-0.059,0.064
1.02600e-01,-0.061,0.064
1.02610e-01,-0.063,0.066
1.02620e-01,-0.063,0.064
1.02630e-01,-0.065,0.062
1.02640e-01,-0.057,0.064
1.02650e-01,-0.063,0.064
1.02660e-01,-0.061,0.066
1.02670e-01,-0.061,0.06
1.02680e-01,-0.063,0.064
1.02690e-01,-0.057,0.06
1.02700e-01,-0.043,0.052
1.02710e-01,-0.053,0.056
1.02720e-01,-0.057,0.06
1.02730e-01,-0.055,0.06
1.02740e-01,-0.061,0.064
1.02750e-01,-0.061,0.062
1.02760e-01,-0.063,0.06
1.02770e-01,-0.061,0.064
1.02780e-01,-0.059,0.068
1.02790e-01,-0.063,0.06
1.02800e-01,-0.063,0.062
1.02810e-01,-0.061,0.064
1.02820e-01,-0.063,0.064
1.02830e-01,-0.061,0.064
1.02840e-01,-0.059,0.062
1.02850e-01,-0.063,0.06
1.02860e-01,-0.059,0.064
1.02870e-01,-0.065,0.064
1.02880e-01,-0.059,0.068
1.02890e-01,-0.061,0.064
1.02900e-01,-0.059,0.062
1.02910e-01,-0.061,0.064
1.02920e-01,-0.061,0.062
1.02930e-01,-0.061,0.062
1.02940e-01,-0.059,0.066
1.02950e-01,-0.061,0.064
1.02960e-01,-0.059,0.062
1.02970e-01,-0.059,0.066
1.02980e-01,-0.061,0.066
1.02990e-01,-0.061,0.064
1.03000e-01,-0.061,0.064
1.03010e-01,-0.061,0.064
1.03020e-01,-0.061,0.062
1.03030e-01,-0.063,0.062
1.03040e-01,-0.059,0.06
1.03050e-01,-0.059,0.064
1.03060e-01,-0.063,0.064
1.03070e-01,-0.057,0.062
1.03080e-01,-0.065,0.06
1.03090e-01,-0.057,0.064
1.03100e-01,-0.061,0.06
1.03110e-01,-0.053,0.06
1.03120e-01,-0.055,0.062
1.03130e-01,-0.059,0.06
1.03140e-01,-0.059,0.064
1.03150e-01,-0.065,0.064
1.03160e-01,-0.061,0.066
1.03170e-01,-0.063,0.064
1.03180e-01,-0.061,0.066
1.03190e-01,-0.059,0.064
1.03200e-01,-0.063,0.062
1.03210e-01,-0.055,0.06
1.03220e-01,-0.061,0.062
1.03230e-01,-0.061,0.066
1.03240e-01,-0.061,0.06
1.03250e-01,-0.063,0.064
1.03260e-01,-0.061,0.064
1.03270e-01,-0.055,0.06
1.03280e-01,-0.059,0.064
1.03290e-01,-0.059,0.062
1.03300e-01,-0.061,0.064
1.03310e-01,-0.059,0.062
1.03320e-01,-0.061,0.064
1.03330e-01,-0.061,0.062
1.03340e-01,-0.061,0.06
1.03350e-01,-0.059,0.062
1.03360e-01,-0.059,0.062
1.03370e-01,-0.059,0.064
1.03380e-01,-0.065,0.064
1.03390e-01,-0.057,0.06
1.03400e-01,-0.063,0.064
1.03410e-01,-0.061,0.062
1.03420e-01,-0.063,0.066
1.03430e-01,-0.061,0.066
1.03440e-01,-0.063,0.064
1.03450e-01,-0.065,0.064
1.03460e-01,-0.065,0.06
1.03470e-01,-0.061,0.066
1.03480e-01,-0.061,0.064
1.03490e-01,-0.063,0.064
1.03500e-01,-0.061,0.062
1.03510e-01,-0.063,0.064
1.03520e-01,-0.063,0.06
1.03530e-01,-0.057,0.06
1.03540e-01,-0.061,0.066
1.03550e-01,-0.059,0.064
1.03560e-01,-0.061,0.066
1.03570e-01,-0.063,0.064
1.03580e-01,-0.061,0.064
1.03590e-01,-0.059,0.064
1.03600e-01,-0.061,0.064
1.03610e-01,-0.059,0.064
1.03620e-01,-0.065,0.064
1.03630e-01,-0.061,0.064
1.03640e-01,-0.057,0.058
1.03650e-01,-0.063,0.064
1.03660e-01,-0.061,0.06
1.03670e-01,-0.059,0.062
1.03680e-01,-0.061,0.06
1.03690e-01,-0.057,0.06
1.03700e-01,-0.045,0.05
1.03710e-01,-0.059,0.06
1.03720e-01,-0.063,0.064
1.03730e-01,-0.063,0.064
1.03740e-01,-0.059,0.06
1.03750e-01,-0.061,0.062
1.03760e-01,-0.059,0.064
1.03770e-01,-0.061,0.062
1.03780e-01,-0.051,0.054
1.03790e-01,-0.051,0.054
1.03800e-01,-0.047,0.054
1.03810e-01,-0.047,0.054
1.03820e-01,-0.055,0.06
1.03830e-01,-0.063,0.064
1.03840e-01,-0.059,0.064
1.03850e-01,-0.061,0.062
1.03860e-01,-0.053,0.06
1.03870e-01,-0.057,0.06
1.03880e-01,-0.049,0.05
1.03890e-01,-0.057,0.06
1.03900e-01,-0.047,0.052
1.03910e-01,-0.051,0.058
1.03920e-01,-0.053,0.056
1.03930e-01,-0.059,0.06
1.03940e-01,-0.061,0.062
1.03950e-01,-0.063,0.066
1.03960e-01,-0.059,0.062
1.03970e-01,-0.061,0.064
1.03980e-01,-0.061,0.064
1.03990e-01,-0.057,0.064
1.04000e-01,-0.063,0.064
1.04010e-01,-0.061,0.064
1.04020e-01,-0.059,0.066
1.04030e-01,-0.061,0.064
1.04040e-01,-0.063,0.064
1.04050e-01,-0.061,0.06
1.04060e-01,-0.063,0.06
1.04070e-01,-0.061,0.066
1.04080e-01,-0.059,0.066
1.04090e-01,-0.057,0.06
1.04100e-01,-0.059,0.06
1.04110e-01,-0.065,0.064
1.04120e-01,-0.061,0.06
1.04130e-01,-0.059,0.064
1.04140e-01,-0.061,0.066
1.04150e-01,-0.059,0.06
1.04160e-01,-0.059,0.06
1.04170e-01,-0.063,0.064
1.04180e-01,-0.065,0.066
1.04190e-01,-0.057,0.06
1.04200e-01,-0.061,0.066
1.04210e-01,-0.059,0.06
1.04220e-01,-0.059,0.062
1.04230e-01,-0.063,0.064
1.04240e-01,-0.063,0.062
1.04250e-01,-0.059,0.06
1.04260e-01,-0.059,0.066
1.04270e-01,-0.063,0.064
1.04280e-01,-0.063,0.064
1.04290e-01,-0.059,0.066
1.04300e-01,-0.055,0.058
1.04310e-01,-0.057,0.06
1.04320e-01,-0.057,0.06
1.04330e-01,-0.059,0.062
1.04340e-01,-0.061,0.064
1.04350e-01,-0.057,0.06
1.04360e-01,-0.055,0.062
1.04370e-01,-0.055,0.052
1.04380e-01,-0.045,0.048
1.04390e-01,-0.051,0.058
1.04400e-01,-0.047,0.05
1.04410e-01,-0.061,0.062
1.04420e-01,-0.061,0.066
1.04430e-01,-0.061,0.064
1.04440e-01,-0.061,0.064
1.04450e-01,-0.063,0.064
1.04460e-01,-0.063,0.064
1.04470e-01,-0.065,0.064
1.04480e-01,-0.061,0.064
1.04490e-01,-0.061,0.06
1.04500e-01,-0.053,0.056
1.04510e-01,-0.053,0.06
1.04520e-01,-0.059,0.06
1.04530e-01,-0.057,0.06
1.04540e-01,-0.059,0.064
1.04550e-01,-0.059,0.064
1.04560e-01,-0.055,0.054
1.04570e-01,-0.055,0.064
1.04580e-01,-0.061,0.06
1.04590e-01,-0.059,0.06
1.04600e-01,-0.055,0.06
1.04610e-01,-0.061,0.062
1.04620e-01,-0.065,0.064
1.04630e-01,-0.063,0.066
1.04640e-01,-0.059,0.064
1.04650e-01,-0.061,0.062
1.04660e-01,-0.049,0.054
1.04670e-01,-0.065,0.068
1.04680e-01,-0.063,0.066
1.04690e-01,-0.059,0.062
1.04700e-01,-0.057,0.064
1.04710e-01,-0.059,0.062
1.04720e-01,-0.051,0.056
1.04730e-01,-0.049,0.056
1.04740e-01,-0.061,0.06
1.04750e-01,-0.061,0.062
1.04760e-01,-0.063,0.068
1.04770e-01,-0.061,0.062
1.04780e-01,-0.063,0.062
1.04790e-01,-0.055,0.06
1.04800e-01,-0.063,0.064
1.04810e-01,-0.059,0.062
1.04820e-01,-0.061,0.068
1.04830e-01,-0.059,0.064
1.04840e-01,-0.059,0.06
1.04850e-01,-0.061,0.064
1.04860e-01,-0.059,0.06
1.04870e-01,-0.059,0.066
1.04880e-01,-0.055,0.06
1.04890e-01,-0.059,0.062
1.04900e-01,-0.061,0.06
1.04910e-01,-0.061,0.06
1.04920e-01,-0.061,0.064
1.04930e-01,-0.061,0.064
1.04940e-01,-0.061,0.064
1.04950e-01,-0.061,0.062
1.04960e-01,-0.061,0.06
1.04970e-01,-0.061,0.064
1.04980e-01,-0.061,0.062
1.04990e-01,-0.061,0.064
1.05000e-01,-0.057,0.06
1.05010e-01,-0.055,0.062
1.05020e-01,-0.061,0.066
1.05030e-01,-0.061,0.062
1.05040e-01,-0.063,0.062
1.05050e-01,-0.057,0.06
1.05060e-01,-0.061,0.062
1.05070e-01,-0.061,0.064
1.05080e-01,-0.063,0.062
1.05090e-01,-0.061,0.062
1.05100e-01,-0.061,0.064
1.05110e-01,-0.063,0.064
1.05120e-01,-0.059,0.06
1.05130e-01,-0.061,0.06
1.05140e-01,-0.059,0.062
1.05150e-01,-0.063,0.064
1.05160e-01,-0.059,0.06
1.05170e-01,-0.061,0.06
1.05180e-01,-0.061,0.062
1.05190e-01,-0.055,0.06
1.05200e-01,-0.051,0.054
1.05210e-01,-0.059,0.062
1.05220e-01,-0.059,0.06
1.05230e-01,-0.051,0.054
1.05240e-01,-0.055,0.06
1.05250e-01,-0.055,0.058
1.05260e-01,-0.061,0.066
1.05270e-01,-0.053,0.06
1.05280e-01,-0.045,0.054
1.05290e-01,-0.055,0.056
1.05300e-01,-0.061,0.062
1.05310e-01,-0.059,0.06
1.05320e-01,-0.059,0.06
1.05330e-01,-0.057,0.062
1.05340e-01,-0.057,0.06
1.05350e-01,-0.053,0.058
1.05360e-01,-0.057,0.06
1.05370e-01,-0.051,0.058
1.05380e-01,-0.057,0.064
1.05390e-01,-0.053,0.06
1.05400e-01,-0.059,0.062
1.05410e-01,-0.057,0.058
1.05420e-01,-0.059,0.06
1.05430e-01,-0.065,0.064
1.05440e-01,-0.061,0.064
1.05450e-01,-0.061,0.064
1.05460e-01,-0.061,0.064
1.05470e-01,-0.051,0.052
1.05480e-01,-0.049,0.05
1.05490e-01,-0.055,0.058
1.05500e-01,-0.059,0.064
1.05510e-01,-0.055,0.058
1.05520e-01,-0.063,0.062
1.05530e-01,-0.063,0.064
1.05540e-01,-0.057,0.062
1.05550e-01,-0.057,0.062
1.05560e-01,-0.057,0.062
1.05570e-01,-0.059,0.06
1.05580e-01,-0.061,0.064
1.05590e-01,-0.061,0.062
1.05600e-01,-0.059,0.064
1.05610e-01,-0.061,0.068
1.05620e-01,-0.057,0.06
1.05630e-01,-0.065,0.062
1.05640e-01,-0.055,0.056
1.05650e-01,-0.063,0.066
1.05660e-01,-0.049,0.054
1.05670e-01,-0.061,0.064
1.05680e-01,-0.059,0.066
1.05690e-01,-0.061,0.064
1.05700e-01,-0.059,0.064
1.05710e-01,-0.061,0.062
1.05720e-01,-0.057,0.066
1.05730e-01,-0.061,0.064
1.05740e-01,-0.059,0.06
1.05750e-01,-0.061,0.064
1.05760e-01,-0.063,0.062
1.05770e-01,-0.059,0.062
1.05780e-01,-0.063,0.062
1.05790e-01,-0.063,0.062
1.05800e-01,-0.063,0.066
1.05810e-01,-0.051,0.056
1.05820e-01,-0.053,0.058
1.05830e-01,-0.059,0.062
1.05840e-01,-0.057,0.066
1.05850e-01,-0.061,0.064
1.05860e-01,-0.061,0.064
1.05870e-01,-0.061,0.064
1.05880e-01,-0.061,0.064
1.05890e-01,-0.061,0.06
1.05900e-01,-0.059,0.066
1.05910e-01,-0.057,0.062
1.05920e-01,-0.053,0.056
1.05930e-01,-0.059,0.066
1.05940e-01,-0.059,0.06
1.05950e-01,-0.063,0.064
1.05960e-01,-0.059,0.062
1.05970e-01,-0.063,0.064
1.05980e-01,-0.061,0.062
1.05990e-01,-0.057,0.064
1.06000e-01,-0.061,0.064
1.06010e-01,-0.057,0.06
1.06020e-01,-0.063,0.064
1.06030e-01,-0.063,0.062
1.06040e-01,-0.061,0.062
1.06050e-01,-0.065,0.064
1.06060e-01,-0.055,0.058
1.06070e-01,-0.063,0.064
1.06080e-01,-0.065,0.064
1.06090e-01,-0.063,0.064
1.06100e-01,-0.059,0.062
1.06110e-01,-0.055,0.06
1.06120e-01,-0.059,0.064
1.06130e-01,-0.059,0.064
1.06140e-01,-0.063,0.064
1.06150e-01,-0.059,0.06
1.06160e-01,-0.055,0.06
1.06170e-01,-0.059,0.062
1.06180e-01,-0.059,0.06
1.06190e-01,-0.061,0.064
1.06200e-01,-0.061,0.062
1.06210e-01,-0.051,0.056
1.06220e-01,-0.063,0.064
1.06230e-01,-0.063,0.066
1.06240e-01,-0.063,0.064
1.06250e-01,-0.053,0.06
1.06260e-01,-0.055,0.062
1.06270e-01,-0.061,0.064
1.06280e-01,-0.063,0.064
1.06290e-01,-0.063,0.062
1.06300e-01,-0.063,0.062
1.06310e-01,-0.057,0.06
1.06320e-01,-0.059,0.062
1.06330e-01,-0.055,0.062
1.06340e-01,-0.061,0.062
1.06350e-01,-0.061,0.064
1.06360e-01,-0.063,0.066
1.06370e-01,-0.063,0.06
1.06380e-01,-0.059,0.06
1.06390e-01,-0.057,0.062
1.06400e-01,-0.063,0.064
1.06410e-01,-0.061,0.062
1.06420e-01,-0.063,0.06
1.06430e-01,-0.063,0.064
1.06440e-01,-0.061,0.062
1.06450e-01,-0.061,0.062
1.06460e-01,-0.061,0.06
1.06470e-01,-0.065,0.066
1.06480e-01,-0.059,0.066
1.06490e-01,-0.063,0.068
1.06500e-01,-0.061,0.062
1.06510e-01,-0.065,0.066
1.06520e-01,-0.061,0.062
1.06530e-01,-0.061,0.062
1.06540e-01,-0.059,0.064
1.06550e-01,-0.063,0.06
1.06560e-01,-0.061,0.062
1.06570e-01,-0.061,0.062
1.06580e-01,-0.063,0.062
1.06590e-01,-0.061,0.064
1.06600e-01,-0.059,0.064
1.06610e-01,-0.061,0.064
1.06620e-01,-0.061,0.064
1.06630e-01,-0.063,0.062
1.06640e-01,-0.059,0.064
1.06650e-01,-0.061,0.062
1.06660e-01,-0.063,0.064
1.06670e-01,-0.059,0.062
1.06680e-01,-0.055,0.062
1.06690e-01,-0.057,0.062
1.06700e-01,-0.055,0.056
1.06710e-01,-0.063,0.064
1.06720e-01,-0.063,0.06
1.06730e-01,-0.063,0.062
1.06740e-01,-0.059,0.066
1.06750e-01,-0.059,0.064
1.06760e-01,-0.061,0.062
1.06770e-01,-0.057,0.06
1.06780e-01,-0.059,0.064
1.06790e-01,-0.057,0.06
1.06800e-01,-0.065,0.062
1.06810e-01,-0.061,0.062
1.06820e-01,-0.059,0.062
1.06830e-01,-0.061,0.062
1.06840e-01,-0.061,0.062
1.06850e-01,-0.063,0.064
1.06860e-01,-0.061,0.06
1.06870e-01,-0.061,0.064
1.06880e-01,-0.061,0.062
1.06890e-01,-0.061,0.062
1.06900e-01,-0.059,0.06
1.06910e-01,-0.065,0.064
1.06920e-01,-0.057,0.064
1.06930e-01,-0.055,0.056
1.06940e-01,-0.063,0.064
1.06950e-01,-0.057,0.06
1.06960e-01,-0.063,0.06
1.06970e-01,-0.059,0.058
1.06980e-01,-0.059,0.062
1.06990e-01,-0.063,0.064
1.07000e-01,-0.051,0.058
1.07010e-01,-0.059,0.064
1.07020e-01,-0.061,0.062
1.07030e-01,-0.061,0.062
1.07040e-01,-0.059,0.058
1.07050e-01,-0.063,0.064
1.07060e-01,-0.061,0.062
1.07070e-01,-0.053,0.056
1.07080e-01,-0.061,0.064
1.07090e-01,-0.063,0.064
1.07100e-01,-0.061,0.064
1.07110e-01,-0.061,0.064
1.07120e-01,-0.057,0.062
1.07130e-01,-0.057,0.06
1.07140e-01,-0.063,0.068
1.07150e-01,-0.055,0.056
1.07160e-01,-0.063,0.064
1.07170e-01,-0.061,0.06
1.07180e-01,-0.061,0.062
1.07190e-01,-0.055,0.06
1.07200e-01,-0.057,0.064
1.07210e-01,-0.061,0.06
1.07220e-01,-0.057,0.06
1.07230e-01,-0.061,0.064
1.07240e-01,-0.065,0.062
1.07250e-01,-0.063,0.064
1.07260e-01,-0.065,0.064
1.07270e-01,-0.061,0.064
1.07280e-01,-0.059,0.06
1.07290e-01,-0.063,0.062
1.07300e-01,-0.063,0.062
1.07310e-01,-0.065,0.062
1.07320e-01,-0.065,0.062
1.07330e-01,-0.059,0.06
1.07340e-01,-0.053,0.058
1.07350e-01,-0.061,0.062
1.07360e-01,-0.059,0.064
1.07370e-01,-0.061,0.066
1.07380e-01,-0.057,0.064
1.07390e-01,-0.049,0.054
1.07400e-01,-0.053,0.058
1.07410e-01,-0.039,0.048
1.07420e-01,-0.053,0.058
1.07430e-01,-0.049,0.058
1.07440e-01,-0.063,0.06
1.07450e-01,-0.061,0.062
1.07460e-01,-0.057,0.06
1.07470e-01,-0.057,0.06
1.07480e-01,-0.053,0.06
1.07490e-01,-0.055,0.062
1.07500e-01,-0.061,0.066
1.07510e-01,-0.063,0.062
1.07520e-01,-0.063,0.064
1.07530e-01,-0.057,0.06
1.07540e-01,-0.061,0.068
1.07550e-01,-0.061,0.066
1.07560e-01,-0.061,0.06
1.07570e-01,-0.063,0.062
1.07580e-01,-0.063,0.062
1.07590e-01,-0.059,0.064
1.07600e-01,-0.063,0.064
1.07610e-01,-0.063,0.068
1.07620e-01,-0.059,0.062
1.07630e-01,-0.061,0.06
1.07640e-01,-0.059,0.066
1.07650e-01,-0.057,0.066
1.07660e-01,-0.061,0.066
1.07670e-01,-0.061,0.064
1.07680e-01,-0.063,0.064
1.07690e-01,-0.057,0.062
1.07700e-01,-0.059,0.064
1.07710e-01,-0.063,0.062
1.07720e-01,-0.061,0.062
1.07730e-01,-0.061,0.064
1.07740e-01,-0.053,0.056
1.07750e-01,-0.063,0.064
1.07760e-01,-0.059,0.064
1.07770e-01,-0.055,0.056
1.07780e-01,-0.061,0.062
1.07790e-01,-0.059,0.06
1.07800e-01,-0.061,0.066
1.07810e-01,-0.061,0.066
1.07820e-01,-0.061,0.064
1.07830e-01,-0.059,0.06
1.07840e-01,-0.061,0.064
1.07850e-01,-0.061,0.064
1.07860e-01,-0.059,0.066
1.07870e-01,-0.059,0.064
1.07880e-01,-0.059,0.062
1.07890e-01,-0.063,0.064
1.07900e-01,-0.057,0.06
1.07910e-01,-0.061,0.064
1.07920e-01,-0.053,0.056
1.07930e-01,-0.061,0.064
1.07940e-01,-0.055,0.062
1.07950e-01,-0.061,0.062
1.07960e-01,-0.059,0.06
1.07970e-01,-0.061,0.064
1.07980e-01,-0.061,0.064
1.07990e-01,-0.063,0.066
1.08000e-01,-0.061,0.066
1.08010e-01,-0.053,0.06
1.08020e-01,-0.061,0.062
1.08030e-01,-0.047,0.056
1.08040e-01,-0.061,0.062
1.08050e-01,-0.051,0.056
1.08060e-01,-0.057,0.064
1.08070e-01,-0.047,0.05
1.08080e-01,-0.053,0.058
1.08090e-01,-0.057,0.06
1.08100e-01,-0.063,0.062
1.08110e-01,-0.057,0.06
1.08120e-01,-0.061,0.066
1.08130e-01,-0.061,0.062
1.08140e-01,-0.055,0.06
1.08150e-01,-0.063,0.06
1.08160e-01,-0.057,0.06
1.08170e-01,-0.061,0.062
1.08180e-01,-0.055,0.058
1.08190e-01,-0.061,0.062
1.08200e-01,-0.063,0.066
1.08210e-01,-0.065,0.062
1.08220e-01,-0.059,0.07
1.08230e-01,-0.059,0.062
1.08240e-01,-0.057,0.062
1.08250e-01,-0.059,0.064
1.08260e-01,-0.065,0.062
1.08270e-01,-0.061,0.066
1.08280e-01,-0.057,0.06
1.08290e-01,-0.053,0.058
1.08300e-01,-0.061,0.06
1.08310e-01,-0.055,0.056
1.08320e-01,-0.063,0.064
1.08330e-01,-0.055,0.06
1.08340e-01,-0.065,0.066
1.08350e-01,-0.039,0.046
1.08360e-01,-0.055,0.06
1.08370e-01,-0.061,0.064
1.08380e-01,-0.063,0.062
1.08390e-01,-0.061,0.064
1.08400e-01,-0.059,0.064
1.08410e-01,-0.063,0.064
1.08420e-01,-0.063,0.064
1.08430e-01,-0.061,0.06
1.08440e-01,-0.059,0.062
1.08450e-01,-0.061,0.068
1.08460e-01,-0.059,0.064
1.08470e-01,-0.061,0.064
1.08480e-01,-0.063,0.066
1.08490e-01,-0.063,0.064
1.08500e-01,-0.059,0.06
1.08510e-01,-0.061,0.064
1.08520e-01,-0.057,0.06
1.08530e-01,-0.061,0.068
1.08540e-01,-0.061,0.062
1.08550e-01,-0.059,0.064
1.08560e-01,-0.057,0.058
1.08570e-01,-0.061,0.062
1.08580e-01,-0.063,0.064
1.08590e-01,-0.065,0.064
1.08600e-01,-0.059,0.064
1.08610e-01,-0.059,0.064
1.08620e-01,-0.059,0.06
1.08630e-01,-0.063,0.064
1.08640e-01,-0.063,0.062
1.08650e-01,-0.057,0.058
1.08660e-01,-0.065,0.062
1.08670e-01,-0.061,0.064
1.08680e-01,-0.059,0.066
1.08690e-01,-0.057,0.056
1.08700e-01,-0.059,0.064
1.08710e-01,-0.063,0.064
1.08720e-01,-0.063,0.064
1.08730e-01,-0.065,0.064
1.08740e-01,-0.057,0.06
1.08750e-01,-0.059,0.06
1.08760e-01,-0.059,0.06
1.08770e-01,-0.063,0.066
1.08780e-01,-0.061,0.06
1.08790e-01,-0.059,0.062
1.08800e-01,-0.063,0.064
1.08810e-01,-0.063,0.062
1.08820e-01,-0.059,0.06
1.08830e-01,-0.061,0.066
1.08840e-01,-0.061,0.064
1.08850e-01,-0.065,0.06
1.08860e-01,-0.059,0.062
1.08870e-01,-0.063,0.062
1.08880e-01,-0.061,0.06
1.08890e-01,-0.057,0.06
1.08900e-01,-0.063,0.064
1.08910e-01,-0.049,0.06
1.08920e-01,-0.059,0.06
1.08930e-01,-0.059,0.06
1.08940e-01,-0.063,0.06
1.08950e-01,-0.061,0.06
1.08960e-01,-0.063,0.062
1.08970e-01,-0.061,0.062
1.08980e-01,-0.065,0.064
1.08990e-01,-0.059,0.064
1.09000e-01,-0.063,0.064
1.09010e-01,-0.055,0.06
1.09020e-01,-0.057,0.06
1.09030e-01,-0.063,0.064
1.09040e-01,-0.059,0.064
1.09050e-01,-0.061,0.064
1.09060e-01,-0.059,0.06
1.09070e-01,-0.059,0.064
1.09080e-01,-0.063,0.064
1.09090e-01,-0.063,0.064
1.09100e-01,-0.065,0.062
1.09110e-01,-0.055,0.06
1.09120e-01,-0.063,0.062
1.09130e-01,-0.051,0.054
1.09140e-01,-0.061,0.066
1.09150e-01,-0.057,0.062
1.09160e-01,-0.063,0.068
1.09170e-01,-0.059,0.066
1.09180e-01,-0.063,0.066
1.09190e-01,-0.063,0.066
1.09200e-01,-0.063,0.062
1.09210e-01,-0.063,0.066
1.09220e-01,-0.061,0.066
1.09230e-01,-0.061,0.064
1.09240e-01,-0.059,0.06
1.09250e-01,-0.063,0.062
1.09260e-01,-0.051,0.056
1.09270e-01,-0.059,0.06
1.09280e-01,-0.059,0.062
1.09290e-01,-0.055,0.062
1.09300e-01,-0.063,0.064
1.09310e-01,-0.059,0.062
1.09320e-01,-0.057,0.06
1.09330e-01,-0.061,0.064
1.09340e-01,-0.061,0.064
1.09350e-01,-0.063,0.064
1.09360e-01,-0.061,0.062
1.09370e-01,-0.061,0.064
1.09380e-01,-0.059,0.064
1.09390e-01,-0.061,0.064
1.09400e-01,-0.057,0.06
1.09410e-01,-0.061,0.062
1.09420e-01,-0.061,0.064
1.09430e-01,-0.063,0.064
1.09440e-01,-0.059,0.064
1.09450e-01,-0.037,0.044
1.09460e-01,-0.061,0.06
1.09470e-01,-0.059,0.062
1.09480e-01,-0.057,0.058
1.09490e-01,-0.057,0.058
1.09500e-01,-0.061,0.062
1.09510e-01,-0.061,0.06
1.09520e-01,-0.065,0.066
1.09530e-01,-0.057,0.062
1.09540e-01,-0.061,0.062
1.09550e-01,-0.063,0.06
1.09560e-01,-0.059,0.06
1.09570e-01,-0.051,0.056
1.09580e-01,-0.053,0.06
1.09590e-01,-0.061,0.064
1.09600e-01,-0.061,0.06
1.09610e-01,-0.061,0.062
1.09620e-01,-0.057,0.06
1.09630e-01,-0.061,0.062
1.09640e-01,-0.065,0.066
1.09650e-01,-0.059,0.064
1.09660e-01,-0.057,0.06
1.09670e-01,-0.049,0.054
1.09680e-01,-0.061,0.066
1.09690e-01,-0.057,0.06
1.09700e-01,-0.059,0.066
1.09710e-01,-0.061,0.064
1.09720e-01,-0.061,0.064
1.09730e-01,-0.061,0.06
1.09740e-01,-0.059,0.06
1.09750e-01,-0.061,0.06
1.09760e-01,-0.055,0.06
1.09770e-01,-0.059,0.06
1.09780e-01,-0.047,0.054
1.09790e-01,-0.057,0.06
1.09800e-01,-0.051,0.056
1.09810e-01,-0.065,0.062
1.09820e-01,-0.061,0.064
1.09830e-01,-0.061,0.062
1.09840e-01,-0.065,0.066
1.09850e-01,-0.059,0.064
1.09860e-01,-0.059,0.06
1.09870e-01,-0.063,0.06
1.09880e-01,-0.061,0.068
1.09890e-01,-0.053,0.058
1.09900e-01,-0.059,0.064
1.09910e-01,-0.061,0.062
1.09920e-01,-0.059,0.06
1.09930e-01,-0.063,0.064
1.09940e-01,-0.063,0.064
1.09950e-01,-0.061,0.062
1.09960e-01,-0.061,0.06
1.09970e-01,-0.063,0.064
1.09980e-01,-0.061,0.064
1.09990e-01,-0.061,0.062
1.10000e-01,-0.059,0.064
1.10010e-01,-0.055,0.06
1.10020e-01,-0.063,0.066
1.10030e-01,-0.059,0.064
1.10040e-01,-0.063,0.066
1.10050e-01,-0.063,0.062
1.10060e-01,-0.061,0.06
1.10070e-01,-0.063,0.064
1.10080e-01,-0.047,0.052
1.10090e-01,-0.065,0.064
1.10100e-01,-0.057,0.06
1.10110e-01,-0.061,0.064
1.10120e-01,-0.045,0.054
1.10130e-01,-0.057,0.06
1.10140e-01,-0.061,0.066
1.10150e-01,-0.065,0.066
1.10160e-01,-0.061,0.064
1.10170e-01,-0.061,0.062
1.10180e-01,-0.059,0.062
1.10190e-01,-0.061,0.066
1.10200e-01,-0.061,0.062
1.10210e-01,-0.059,0.06
1.10220e-01,-0.061,0.062
1.10230e-01,-0.061,0.062
1.10240e-01,-0.061,0.064
1.10250e-01,-0.059,0.064
1.10260e-01,-0.059,0.062
1.10270e-01,-0.057,0.062
1.10280e-01,-0.059,0.06
1.10290e-01,-0.065,0.062
1.10300e-01,-0.059,0.06
1.10310e-01,-0.063,0.062
1.10320e-01,-0.057,0.064
1.10330e-01,-0.063,0.064
1.10340e-01,-0.063,0.066
1.10350e-01,-0.057,0.056
1.10360e-01,-0.061,0.06
1.10370e-01,-0.059,0.062
1.10380e-01,-0.063,0.064
1.10390e-01,-0.057,0.064
1.10400e-01,-0.057,0.06
1.10410e-01,-0.057,0.062
1.10420e-01,-0.057,0.058
1.10430e-01,-0.057,0.062
1.10440e-01,-0.065,0.064
1.10450e-01,-0.059,0.06
1.10460e-01,-0.063,0.064
1.10470e-01,-0.061,0.064
1.10480e-01,-0.055,0.06
1.10490e-01,-0.059,0.058
1.10500e-01,-0.061,0.064
1.10510e-01,-0.059,0.062
1.10520e-01,-0.049,0.054
1.10530e-01,-0.059,0.06
1.10540e-01,-0.059,0.064
1.10550e-01,-0.059,0.06
1.10560e-01,-0.055,0.06
1.10570e-01,-0.065,0.064
1.10580e-01,-0.059,0.06
1.10590e-01,-0.057,0.06
1.10600e-01,-0.055,0.062
1.10610e-01,-0.055,0.06
1.10620e-01,-0.045,0.052
1.10630e-01,-0.057,0.06
1.10640e-01,-0.059,0.06
1.10650e-01,-0.061,0.066
1.10660e-01,-0.057,0.06
1.10670e-01,-0.057,0.064
1.10680e-01,-0.053,0.058
1.10690e-01,-0.055,0.06
1.10700e-01,-0.045,0.05
1.10710e-01,-0.053,0.058
1.10720e-01,-0.055,0.06
1.10730e-01,-0.059,0.062
1.10740e-01,-0.055,0.058
1.10750e-01,-0.063,0.062
1.10760e-01,-0.063,0.062
1.10770e-01,-0.061,0.064
1.10780e-01,-0.061,0.066
1.10790e-01,-0.051,0.056
1.10800e-01,-0.059,0.064
1.10810e-01,-0.049,0.05
1.10820e-01,-0.059,0.058
1.10830e-01,-0.059,0.06
1.10840e-01,-0.059,0.062
1.10850e-01,-0.039,0.046
1.10860e-01,-0.045,0.05
1.10870e-01,-0.041,0.048
1.10880e-01,-0.043,0.048
1.10890e-01,-0.043,0.044
1.10900e-01,-0.059,0.06
1.10910e-01,-0.061,0.064
1.10920e-01,-0.055,0.058
1.10930e-01,-0.055,0.056
1.10940e-01,-0.049,0.056
1.10950e-01,-0.059,0.062
1.10960e-01,-0.055,0.058
1.10970e-01,-0.063,0.062
1.10980e-01,-0.055,0.058
1.10990e-01,-0.057,0.058
1.11000e-01,-0.053,0.056
1.11010e-01,-0.057,0.06
1.11020e-01,-0.047,0.052
1.11030e-01,-0.053,0.056
1.11040e-01,-0.063,0.062
1.11050e-01,-0.059,0.064
1.11060e-01,-0.061,0.062
1.11070e-01,-0.063,0.06
1.11080e-01,-0.061,0.064
1.11090e-01,-0.055,0.06
1.11100e-01,-0.055,0.06
1.11110e-01,-0.059,0.064
1.11120e-01,-0.061,0.062
1.11130e-01,-0.061,0.068
1.11140e-01,-0.061,0.062
1.11150e-01,-0.063,0.062
1.11160e-01,-0.063,0.064
1.11170e-01,-0.061,0.064
1.11180e-01,-0.057,0.064
1.11190e-01,-0.061,0.064
1.11200e-01,-0.061,0.068
1.11210e-01,-0.063,0.064
1.11220e-01,-0.063,0.064
1.11230e-01,-0.055,0.06
1.11240e-01,-0.057,0.064
1.11250e-01,-0.061,0.062
1.11260e-01,-0.063,0.06
1.11270e-01,-0.061,0.064
1.11280e-01,-0.063,0.062
1.11290e-01,-0.057,0.062
1.11300e-01,-0.059,0.062
1.11310e-01,-0.059,0.064
1.11320e-01,-0.061,0.064
1.11330e-01,-0.057,0.062
1.11340e-01,-0.061,0.064
1.11350e-01,-0.063,0.064
1.11360e-01,-0.047,0.05
1.11370e-01,-0.051,0.058
1.11380e-01,-0.061,0.062
1.11390e-01,-0.059,0.062
1.11400e-01,-0.051,0.052
1.11410e-01,-0.057,0.06
1.11420e-01,-0.057,0.06
1.11430e-01,-0.061,0.062
1.11440e-01,-0.059,0.064
1.11450e-01,-0.055,0.06
1.11460e-01,-0.055,0.062
1.11470e-01,-0.049,0.056
1.11480e-01,-0.055,0.06
1.11490e-01,-0.043,0.046
1.11500e-01,-0.057,0.062
1.11510e-01,-0.059,0.066
1.11520e-01,-0.065,0.06
1.11530e-01,-0.061,0.064
1.11540e-01,-0.059,0.066
1.11550e-01,-0.049,0.052
1.11560e-01,-0.057,0.062
1.11570e-01,-0.055,0.058
1.11580e-01,-0.055,0.06
1.11590e-01,-0.059,0.06
1.11600e-01,-0.059,0.06
1.11610e-01,-0.055,0.06
1.11620e-01,-0.057,0.06
1.11630e-01,-0.055,0.062
1.11640e-01,-0.057,0.064
1.11650e-01,-0.055,0.06
1.11660e-01,-0.055,0.06
1.11670e-01,-0.053,0.058
1.11680e-01,-0.061,0.06
1.11690e-01,-0.059,0.06
1.11700e-01,-0.059,0.062
1.11710e-01,-0.057,0.064
1.11720e-01,-0.059,0.062
1.11730e-01,-0.055,0.06
1.11740e-01,-0.057,0.06
1.11750e-01,-0.055,0.062
1.11760e-01,-0.059,0.06
1.11770e-01,-0.055,0.058
1.11780e-01,-0.049,0.048
1.11790e-01,-0.041,0.048
1.11800e-01,-0.055,0.06
1.11810e-01,-0.055,0.06
1.11820e-01,-0.049,0.052
1.11830e-01,-0.051,0.054
1.11840e-01,-0.061,0.06
1.11850e-01,-0.057,0.058
1.11860e-01,-0.059,0.064
1.11870e-01,-0.061,0.064
1.11880e-01,-0.057,0.064
1.11890e-01,-0.063,0.062
1.11900e-01,-0.059,0.062
1.11910e-01,-0.061,0.062
1.11920e-01,-0.045,0.05
1.11930e-01,-0.059,0.062
1.11940e-01,-0.063,0.066
1.11950e-01,-0.059,0.064
1.11960e-01,-0.043,0.05
1.11970e-01,-0.053,0.058
1.11980e-01,-0.055,0.056
1.11990e-01,-0.063,0.066
1.12000e-01,-0.061,0.064
1.12010e-01,-0.061,0.064
1.12020e-01,-0.059,0.058
1.12030e-01,-0.063,0.062
1.12040e-01,-0.063,0.064
1.12050e-01,-0.061,0.064
1.12060e-01,-0.053,0.056
1.12070e-01,-0.063,0.064
1.12080e-01,-0.057,0.06
1.12090e-01,-0.063,0.062
1.12100e-01,-0.059,0.062
1.12110e-01,-0.059,0.06
1.12120e-01,-0.061,0.062
1.12130e-01,-0.061,0.064
1.12140e-01,-0.059,0.06
1.12150e-01,-0.063,0.068
1.12160e-01,-0.061,0.06
1.12170e-01,-0.063,0.062
1.12180e-01,-0.061,0.062
1.12190e-01,-0.057,0.06
1.12200e-01,-0.059,0.064
1.12210e-01,-0.061,0.062
1.12220e-01,-0.063,0.062
1.12230e-01,-0.051,0.058
1.12240e-01,-0.061,0.064
1.12250e-01,-0.055,0.056
1.12260e-01,-0.063,0.066
1.12270e-01,-0.055,0.062
1.12280e-01,-0.065,0.062
1.12290e-01,-0.063,0.064
1.12300e-01,-0.061,0.062
1.12310e-01,-0.061,0.064
1.12320e-01,-0.061,0.064
1.12330e-01,-0.061,0.064
1.12340e-01,-0.061,0.062
1.12350e-01,-0.063,0.066
1.12360e-01,-0.057,0.064
1.12370e-01,-0.063,0.066
1.12380e-01,-0.063,0.064
1.12390e-01,-0.057,0.062
1.12400e-01,-0.061,0.06
1.12410e-01,-0.053,0.056
1.12420e-01,-0.065,0.064
1.12430e-01,-0.059,0.068
1.12440e-01,-0.061,0.064
1.12450e-01,-0.063,0.064
1.12460e-01,-0.067,0.068
1.12470e-01,-0.059,0.06
1.12480e-01,-0.055,0.062
1.12490e-01,-0.055,0.058
1.12500e-01,-0.057,0.062
1.12510e-01,-0.049,0.056
1.12520e-01,-0.061,0.064
1.12530e-01,-0.065,0.066
1.12540e-01,-0.057,0.062
1.12550e-01,-0.055,0.06
1.12560e-01,-0.043,0.046
1.12570e-01,-0.057,0.062
1.12580e-01,-0.045,0.056
1.12590e-01,-0.063,0.066
1.12600e-01,-0.059,0.06
1.12610e-01,-0.063,0.064
1.12620e-01,-0.057,0.06
1.12630e-01,-0.059,0.066
1.12640e-01,-0.061,0.06
1.12650e-01,-0.061,0.064
1.12660e-01,-0.061,0.062
1.12670e-01,-0.061,0.066
1.12680e-01,-0.061,0.064
1.12690e-01,-0.061,0.06
1.12700e-01,-0.065,0.064
1.12710e-01,-0.055,0.058
1.12720e-01,-0.065,0.066
1.12730e-01,-0.057,0.06
1.12740e-01,-0.047,0.052
1.12750e-01,-0.057,0.06
1.12760e-01,-0.055,0.062
1.12770e-01,-0.061,0.06
1.12780e-01,-0.059,0.062
1.12790e-01,-0.063,0.062
1.12800e-01,-0.061,0.064
1.12810e-01,-0.059,0.06
1.12820e-01,-0.063,0.066
1.12830e-01,-0.063,0.064
1.12840e-01,-0.061,0.064
1.12850e-01,-0.059,0.062
1.12860e-01,-0.059,0.062
1.12870e-01,-0.063,0.068
1.12880e-01,-0.061,0.064
1.12890e-01,-0.053,0.058
1.12900e-01,-0.061,0.06
1.12910e-01,-0.057,0.064
1.12920e-01,-0.059,0.062
1.12930e-01,-0.061,0.064
1.12940e-01,-0.063,0.066
1.12950e-01,-0.059,0.064
1.12960e-01,-0.059,0.062
1.12970e-01,-0.059,0.06
1.12980e-01,-0.061,0.062
1.12990e-01,-0.055,0.06
1.13000e-01,-0.063,0.064
1.13010e-01,-0.061,0.064
1.13020e-01,-0.061,0.064
1.13030e-01,-0.063,0.064
1.13040e-01,-0.057,0.062
1.13050e-01,-0.055,0.06
1.13060e-01,-0.055,0.058
1.13070e-01,-0.063,0.064
1.13080e-01,-0.065,0.064
1.13090e-01,-0.061,0.062
1.13100e-01,-0.063,0.064
1.13110e-01,-0.065,0.064
1.13120e-01,-0.059,0.066
1.13130e-01,-0.061,0.064
1.13140e-01,-0.051,0.054
1.13150e-01,-0.059,0.06
1.13160e-01,-0.059,0.06
1.13170e-01,-0.063,0.062
1.13180e-01,-0.053,0.06
1.13190e-01,-0.061,0.06
1.13200e-01,-0.061,0.064
1.13210e-01,-0.061,0.064
1.13220e-01,-0.049,0.056
1.13230e-01,-0.057,0.066
1.13240e-01,-0.061,0.062
1.13250e-01,-0.063,0.064
1.13260e-01,-0.059,0.06
1.13270e-01,-0.055,0.06
1.13280e-01,-0.049,0.054
1.13290e-01,-0.057,0.06
1.13300e-01,-0.055,0.06
1.13310e-01,-0.059,0.06
1.13320e-01,-0.051,0.054
1.13330e-01,-0.061,0.064
1.13340e-01,-0.061,0.066
1.13350e-01,-0.063,0.068
1.13360e-01,-0.065,0.064
1.13370e-01,-0.059,0.062
1.13380e-01,-0.061,0.066
1.13390e-01,-0.061,0.064
1.13400e-01,-0.063,0.064
1.13410e-01,-0.063,0.066
1.13420e-01,-0.061,0.064
1.13430e-01,-0.057,0.06
1.13440e-01,-0.059,0.06
1.13450e-01,-0.059,0.06
1.13460e-01,-0.063,0.062
1.13470e-01,-0.055,0.062
1.13480e-01,-0.055,0.06
1.13490e-01,-0.061,0.062
1.13500e-01,-0.063,0.062
1.13510e-01,-0.061,0.068
1.13520e-01,-0.059,0.062
1.13530e-01,-0.063,0.068
1.13540e-01,-0.061,0.066
1.13550e-01,-0.055,0.064
1.13560e-01,-0.047,0.054
1.13570e-01,-0.061,0.064
1.13580e-01,-0.063,0.064
1.13590e-01,-0.059,0.06
1.13600e-01,-0.061,0.064
1.13610e-01,-0.063,0.062
1.13620e-01,-0.059,0.064
1.13630e-01,-0.061,0.062
1.13640e-01,-0.057,0.066
1.13650e-01,-0.057,0.062
1.13660e-01,-0.055,0.056
1.13670e-01,-0.061,0.06
1.13680e-01,-0.059,0.06
1.13690e-01,-0.063,0.066
1.13700e-01,-0.059,0.068
1.13710e-01,-0.063,0.062
1.13720e-01,-0.063,0.066
1.13730e-01,-0.047,0.048
1.13740e-01,-0.061,0.064
1.13750e-01,-0.059,0.06
1.13760e-01,-0.063,0.06
1.13770e-01,-0.053,0.056
1.13780e-01,-0.059,0.066
1.13790e-01,-0.061,0.06
1.13800e-01,-0.055,0.06
1.13810e-01,-0.061,0.062
1.13820e-01,-0.051,0.06
1.13830e-01,-0.063,0.066
1.13840e-01,-0.051,0.054
1.13850e-01,-0.059,0.062
1.13860e-01,-0.055,0.062
1.13870e-01,-0.063,0.066
1.13880e-01,-0.061,0.06
1.13890e-01,-0.061,0.064
1.13900e-01,-0.059,0.064
1.13910e-01,-0.061,0.064
1.13920e-01,-0.059,0.064
1.13930e-01,-0.055,0.06
1.13940e-01,-0.051,0.054
1.13950e-01,-0.055,0.06
1.13960e-01,-0.063,0.062
1.13970e-01,-0.063,0.064
1.13980e-01,-0.061,0.064
1.13990e-01,-0.057,0.064
1.14000e-01,-0.057,0.06
1.14010e-01,-0.047,0.054
1.14020e-01,-0.055,0.06
1.14030e-01,-0.055,0.058
1.14040e-01,-0.063,0.064
1.14050e-01,-0.057,0.058
1.14060e-01,-0.059,0.06
1.14070e-01,-0.051,0.056
1.14080e-01,-0.053,0.058
1.14090e-01,-0.039,0.048
1.14100e-01,-0.061,0.06
1.14110e-01,-0.049,0.056
1.14120e-01,-0.059,0.064
1.14130e-01,-0.065,0.064
1.14140e-01,-0.061,0.064
1.14150e-01,-0.063,0.062
1.14160e-01,-0.059,0.06
1.14170e-01,-0.059,0.066
1.14180e-01,-0.059,0.064
1.14190e-01,-0.065,0.064
1.14200e-01,-0.061,0.066
1.14210e-01,-0.063,0.064
1.14220e-01,-0.055,0.06
1.14230e-01,-0.059,0.068
1.14240e-01,-0.061,0.064
1.14250e-01,-0.059,0.06
1.14260e-01,-0.049,0.054
1.14270e-01,-0.057,0.06
1.14280e-01,-0.051,0.058
1.14290e-01,-0.057,0.056
1.14300e-01,-0.057,0.06
1.14310e-01,-0.061,0.062
1.14320e-01,-0.053,0.058
1.14330e-01,-0.059,0.064
1.14340e-01,-0.055,0.06
1.14350e-01,-0.063,0.066
1.14360e-01,-0.057,0.062
1.14370e-01,-0.059,0.062
1.14380e-01,-0.059,0.06
1.14390e-01,-0.063,0.066
1.14400e-01,-0.059,0.062
1.14410e-01,-0.059,0.062
1.14420e-01,-0.063,0.068
1.14430e-01,-0.061,0.064
1.14440e-01,-0.053,0.058
1.14450e-01,-0.057,0.062
1.14460e-01,-0.053,0.056
1.14470e-01,-0.055,0.06
1.14480e-01,-0.053,0.052
1.14490e-01,-0.061,0.064
1.14500e-01,-0.045,0.052
1.14510e-01,-0.061,0.062
1.14520e-01,-0.053,0.052
1.14530e-01,-0.061,0.064
1.14540e-01,-0.061,0.062
1.14550e-01,-0.057,0.06
1.14560e-01,-0.063,0.066
1.14570e-01,-0.059,0.064
1.14580e-01,-0.063,0.064
1.14590e-01,-0.059,0.064
1.14600e-01,-0.059,0.064
1.14610e-01,-0.059,0.062
1.14620e-01,-0.061,0.064
1.14630e-01,-0.059,0.062
1.14640e-01,-0.055,0.06
1.14650e-01,-0.057,0.062
1.14660e-01,-0.061,0.06
1.14670e-01,-0.061,0.064
1.14680e-01,-0.059,0.06
1.14690e-01,-0.061,0.068
1.14700e-01,-0.061,0.06
1.14710e-01,-0.059,0.062
1.14720e-01,-0.063,0.064
1.14730e-01,-0.057,0.062
1.14740e-01,-0.063,0.064
1.14750e-01,-0.057,0.06
1.14760e-01,-0.051,0.058
1.14770e-01,-0.055,0.06
1.14780e-01,-0.043,0.05
1.14790e-01,-0.055,0.06
1.14800e-01,-0.059,0.068
1.14810e-01,-0.059,0.064
1.14820e-01,-0.059,0.058
1.14830e-01,-0.063,0.064
1.14840e-01,-0.059,0.06
1.14850e-01,-0.065,0.064
1.14860e-01,-0.065,0.066
1.14870e-01,-0.049,0.054
1.14880e-01,-0.055,0.062
1.14890e-01,-0.051,0.054
1.14900e-01,-0.061,0.064
1.14910e-01,-0.061,0.066
1.14920e-01,-0.063,0.064
1.14930e-01,-0.061,0.066
1.14940e-01,-0.061,0.062
1.14950e-01,-0.063,0.068
1.14960e-01,-0.063,0.064
1.14970e-01,-0.061,0.06
1.14980e-01,-0.057,0.06
1.14990e-01,-0.061,0.064
1.15000e-01,-0.063,0.064
1.15010e-01,-0.061,0.064
1.15020e-01,-0.061,0.064
1.15030e-01,-0.061,0.062
1.15040e-01,-0.061,0.064
1.15050e-01,-0.055,0.058
1.15060e-01,-0.061,0.064
1.15070e-01,-0.059,0.06
1.15080e-01,-0.059,0.062
1.15090e-01,-0.057,0.058
1.15100e-01,-0.059,0.062
1.15110e-01,-0.057,0.062
1.15120e-01,-0.061,0.064
1.15130e-01,-0.059,0.062
1.15140e-01,-0.061,0.064
1.15150e-01,-0.065,0.062
1.15160e-01,-0.059,0.058
1.15170e-01,-0.059,0.064
1.15180e-01,-0.063,0.064
1.15190e-01,-0.057,0.06
1.15200e-01,-0.061,0.064
1.15210e-01,-0.063,0.068
1.15220e-01,-0.063,0.06
1.15230e-01,-0.061,0.062
1.15240e-01,-0.061,0.064
1.15250e-01,-0.057,0.064
1.15260e-01,-0.057,0.06
1.15270e-01,-0.061,0.062
1.15280e-01,-0.061,0.064
1.15290e-01,-0.059,0.064
1.15300e-01,-0.061,0.068
1.15310e-01,-0.065,0.064
1.15320e-01,-0.053,0.06
1.15330e-01,-0.059,0.064
1.15340e-01,-0.059,0.064
1.15350e-01,-0.051,0.058
1.15360e-01,-0.061,0.062
1.15370e-01,-0.063,0.06
1.15380e-01,-0.061,0.062
1.15390e-01,-0.057,0.064
1.15400e-01,-0.057,0.064
1.15410e-01,-0.061,0.066
1.15420e-01,-0.055,0.06
1.15430e-01,-0.059,0.06
1.15440e-01,-0.059,0.058
1.15450e-01,-0.061,0.066
1.15460e-01,-0.065,0.066
1.15470e-01,-0.057,0.06
1.15480e-01,-0.057,0.058
1.15490e-01,-0.041,0.05
1.15500e-01,-0.061,0.062
1.15510e-01,-0.061,0.062
1.15520e-01,-0.061,0.066
1.15530e-01,-0.061,0.066
1.15540e-01,-0.061,0.066
1.15550e-01,-0.059,0.06
1.15560e-01,-0.055,0.06
1.15570e-01,-0.059,0.06
1.15580e-01,-0.059,0.064
1.15590e-01,-0.061,0.068
1.15600e-01,-0.059,0.06
1.15610e-01,-0.057,0.06
1.15620e-01,-0.057,0.064
1.15630e-01,-0.061,0.064
1.15640e-01,-0.061,0.066
1.15650e-01,-0.061,0.06
1.15660e-01,-0.043,0.05
1.15670e-01,-0.057,0.062
1.15680e-01,-0.061,0.062
1.15690e-01,-0.063,0.064
1.15700e-01,-0.057,0.06
1.15710e-01,-0.059,0.06
1.15720e-01,-0.063,0.06
1.15730e-01,-0.057,0.062
1.15740e-01,-0.061,0.064
1.15750e-01,-0.051,0.06
1.15760e-01,-0.063,0.064
1.15770e-01,-0.055,0.058
1.15780e-01,-0.061,0.064
1.15790e-01,-0.057,0.06
1.15800e-01,-0.063,0.064
1.15810e-01,-0.061,0.064
1.15820e-01,-0.063,0.064
1.15830e-01,-0.061,0.062
1.15840e-01,-0.053,0.062
1.15850e-01,-0.061,0.062
1.15860e-01,-0.055,0.06
1.15870e-01,-0.057,0.06
1.15880e-01,-0.059,0.06
1.15890e-01,-0.063,0.064
1.15900e-01,-0.065,0.066
1.15910e-01,-0.055,0.06
1.15920e-01,-0.059,0.064
1.15930e-01,-0.057,0.062
1.15940e-01,-0.061,0.064
1.15950e-01,-0.059,0.062
1.15960e-01,-0.065,0.064
1.15970e-01,-0.061,0.064
1.15980e-01,-0.059,0.062
1.15990e-01,-0.061,0.064
1.16000e-01,-0.063,0.064
1.16010e-01,-0.059,0.06
1.16020e-01,-0.063,0.064
1.16030e-01,-0.059,0.066
1.16040e-01,-0.061,0.064
1.16050e-01,-0.055,0.052
1.16060e-01,-0.061,0.066
1.16070e-01,-0.065,0.064
1.16080e-01,-0.063,0.06
1.16090e-01,-0.061,0.062
1.16100e-01,-0.063,0.064
1.16110e-01,-0.057,0.064
1.16120e-01,-0.057,0.058
1.16130e-01,-0.059,0.064
1.16140e-01,-0.059,0.064
1.16150e-01,-0.057,0.06
1.16160e-01,-0.063,0.066
1.16170e-01,-0.061,0.064
1.16180e-01,-0.061,0.062
1.16190e-01,-0.059,0.066
1.16200e-01,-0.061,0.068
1.16210e-01,-0.061,0.06
1.16220e-01,-0.061,0.064
1.16230e-01,-0.049,0.052
1.16240e-01,-0.061,0.066
1.16250e-01,-0.047,0.052
1.16260e-01,-0.059,0.064
1.16270e-01,-0.057,0.06
1.16280e-01,-0.059,0.06
1.16290e-01,-0.055,0.06
1.16300e-01,-0.053,0.056
1.16310e-01,-0.061,0.06
1.16320e-01,-0.059,0.062
1.16330e-01,-0.063,0.064
1.16340e-01,-0.059,0.06
1.16350e-01,-0.063,0.06
1.16360e-01,-0.061,0.064
1.16370e-01,-0.061,0.068
1.16380e-01,-0.063,0.064
1.16390e-01,-0.059,0.064
1.16400e-01,-0.057,0.064
1.16410e-01,-0.057,0.066
1.16420e-01,-0.051,0.058
1.16430e-01,-0.063,0.064
1.16440e-01,-0.045,0.054
1.16450e-01,-0.061,0.064
1.16460e-01,-0.043,0.046
1.16470e-01,-0.061,0.064
1.16480e-01,-0.043,0.048
1.16490e-01,-0.061,0.06
1.16500e-01,-0.053,0.06
1.16510e-01,-0.061,0.064
1.16520e-01,-0.059,0.06
1.16530e-01,-0.061,0.062
1.16540e-01,-0.049,0.052
1.16550e-01,-0.061,0.062
1.16560e-01,-0.057,0.062
1.16570e-01,-0.051,0.054
1.16580e-01,-0.055,0.062
1.16590e-01,-0.051,0.052
1.16600e-01,-0.061,0.064
1.16610e-01,-0.059,0.06
1.16620e-01,-0.061,0.064
1.16630e-01,-0.059,0.064
1.16640e-01,-0.059,0.064
1.16650e-01,-0.059,0.062
1.16660e-01,-0.059,0.064
1.16670e-01,-0.051,0.056
1.16680e-01,-0.061,0.062
1.16690e-01,-0.061,0.064
1.16700e-01,-0.061,0.064
1.16710e-01,-0.061,0.064
1.16720e-01,-0.059,0.06
1.16730e-01,-0.055,0.06
1.16740e-01,-0.059,0.064
1.16750e-01,-0.057,0.06
1.16760e-01,-0.057,0.06
1.16770e-01,-0.047,0.054
1.16780e-01,-0.055,0.06
1.16790e-01,-0.063,0.066
1.16800e-01,-0.059,0.064
1.16810e-01,-0.061,0.064
1.16820e-01,-0.063,0.066
1.16830e-01,-0.057,0.06
1.16840e-01,-0.063,0.068
1.16850e-01,-0.061,0.062
1.16860e-01,-0.061,0.062
1.16870e-01,-0.063,0.064
1.16880e-01,-0.039,0.044
1.16890e-01,-0.061,0.062
1.16900e-01,-0.061,0.06
1.16910e-01,-0.061,0.064
1.16920e-01,-0.061,0.066
1.16930e-01,-0.055,0.06
1.16940e-01,-0.061,0.064
1.16950e-01,-0.057,0.058
1.16960e-01,-0.059,0.06
1.16970e-01,-0.049,0.05
1.16980e-01,-0.055,0.062
1.16990e-01,-0.057,0.06
1.17000e-01,-0.059,0.062
1.17010e-01,-0.051,0.058
1.17020e-01,-0.061,0.06
1.17030e-01,-0.059,0.06
1.17040e-01,-0.059,0.062
1.17050e-01,-0.059,0.06
1.17060e-01,-0.061,0.064
1.17070e-01,-0.063,0.064
1.17080e-01,-0.061,0.064
1.17090e-01,-0.059,0.06
1.17100e-01,-0.059,0.06
1.17110e-01,-0.045,0.052
1.17120e-01,-0.059,0.064
1.17130e-01,-0.059,0.06
1.17140e-01,-0.061,0.062
1.17150e-01,-0.063,0.064
1.17160e-01,-0.061,0.064
1.17170e-01,-0.065,0.064
1.17180e-01,-0.061,0.068
1.17190e-01,-0.061,0.06
1.17200e-01,-0.061,0.062
1.17210e-01,-0.055,0.06
1.17220e-01,-0.059,0.062
1.17230e-01,-0.061,0.064
1.17240e-01,-0.059,0.062
1.17250e-01,-0.059,0.062
1.17260e-01,-0.059,0.062
1.17270e-01,-0.061,0.066
1.17280e-01,-0.061,0.066
1.17290e-01,-0.063,0.064
1.17300e-01,-0.061,0.062
1.17310e-01,-0.061,0.064
1.17320e-01,-0.061,0.06
1.17330e-01,-0.059,0.062
1.17340e-01,-0.057,0.06
1.17350e-01,-0.055,0.06
1.17360e-01,-0.057,0.062
1.17370e-01,-0.059,0.062
1.17380e-01,-0.061,0.062
1.17390e-01,-0.051,0.052
1.17400e-01,-0.061,0.064
1.17410e-01,-0.059,0.062
1.17420e-01,-0.063,0.064
1.17430e-01,-0.061,0.064
1.17440e-01,-0.061,0.062
1.17450e-01,-0.057,0.054
1.17460e-01,-0.059,0.062
1.17470e-01,-0.053,0.054
1.17480e-01,-0.061,0.062
1.17490e-01,-0.049,0.054
1.17500e-01,-0.059,0.064
1.17510e-01,-0.061,0.064
1.17520e-01,-0.061,0.066
1.17530e-01,-0.059,0.062
1.17540e-01,-0.063,0.064
1.17550e-01,-0.059,0.062
1.17560e-01,-0.061,0.06
1.17570e-01,-0.055,0.058
1.17580e-01,-0.061,0.064
1.17590e-01,-0.055,0.06
1.17600e-01,-0.057,0.062
1.17610e-01,-0.061,0.06
1.17620e-01,-0.049,0.058
1.17630e-01,-0.063,0.066
1.17640e-01,-0.061,0.064
1.17650e-01,-0.059,0.06
1.17660e-01,-0.057,0.062
1.17670e-01,-0.055,0.058
1.17680e-01,-0.059,0.06
1.17690e-01,-0.061,0.064
1.17700e-01,-0.061,0.06
1.17710e-01,-0.065,0.066
1.17720e-01,-0.061,0.062
1.17730e-01,-0.057,0.064
1.17740e-01,-0.061,0.06
1.17750e-01,-0.059,0.064
1.17760e-01,-0.063,0.064
1.17770e-01,-0.057,0.068
1.17780e-01,-0.065,0.064
1.17790e-01,-0.059,0.064
1.17800e-01,-0.061,0.064
1.17810e-01,-0.059,0.06
1.17820e-01,-0.061,0.066
1.17830e-01,-0.061,0.06
1.17840e-01,-0.063,0.064
1.17850e-01,-0.059,0.064
1.17860e-01,-0.061,0.062
1.17870e-01,-0.059,0.064
1.17880e-01,-0.061,0.07
1.17890e-01,-0.055,0.06
1.17900e-01,-0.057,0.062
1.17910e-01,-0.053,0.058
1.17920e-01,-0.061,0.066
1.17930e-01,-0.053,0.056
1.17940e-01,-0.063,0.062
1.17950e-01,-0.055,0.06
1.17960e-01,-0.063,0.062
1.17970e-01,-0.059,0.064
1.17980e-01,-0.061,0.064
1.17990e-01,-0.061,0.064
1.18000e-01,-0.057,0.06
1.18010e-01,-0.061,0.064
1.18020e-01,-0.057,0.06
1.18030e-01,-0.057,0.064
1.18040e-01,-0.057,0.06
1.18050e-01,-0.053,0.056
1.18060e-01,-0.059,0.064
1.18070e-01,-0.047,0.05
1.18080e-01,-0.063,0.062
1.18090e-01,-0.063,0.064
1.18100e-01,-0.059,0.064
1.18110e-01,-0.063,0.062
1.18120e-01,-0.065,0.062
1.18130e-01,-0.061,0.064
1.18140e-01,-0.063,0.066
1.18150e-01,-0.059,0.062
1.18160e-01,-0.063,0.062
1.18170e-01,-0.065,0.064
1.18180e-01,-0.059,0.062
1.18190e-01,-0.063,0.062
1.18200e-01,-0.059,0.062
1.18210e-01,-0.059,0.064
1.18220e-01,-0.057,0.06
1.18230e-01,-0.059,0.06
1.18240e-01,-0.055,0.06
1.18250e-01,-0.063,0.064
1.18260e-01,-0.053,0.058
1.18270e-01,-0.065,0.064
1.18280e-01,-0.057,0.06
1.18290e-01,-0.053,0.054
1.18300e-01,-0.063,0.064
1.18310e-01,-0.059,0.058
1.18320e-01,-0.055,0.06
1.18330e-01,-0.057,0.062
1.18340e-01,-0.061,0.064
1.18350e-01,-0.061,0.064
1.18360e-01,-0.061,0.062
1.18370e-01,-0.059,0.06
1.18380e-01,-0.061,0.064
1.18390e-01,-0.061,0.062
1.18400e-01,-0.059,0.064
1.18410e-01,-0.063,0.06
1.18420e-01,-0.059,0.062
1.18430e-01,-0.057,0.064
1.18440e-01,-0.061,0.064
1.18450e-01,-0.057,0.06
1.18460e-01,-0.057,0.062
1.18470e-01,-0.063,0.066
1.18480e-01,-0.053,0.06
1.18490e-01,-0.061,0.066
1.18500e-01,-0.053,0.06
1.18510e-01,-0.061,0.062
1.18520e-01,-0.061,0.064
1.18530e-01,-0.051,0.058
1.18540e-01,-0.061,0.064
1.18550e-01,-0.039,0.038
1.18560e-01,-0.063,0.066
1.18570e-01,-0.037,0.04
1.18580e-01,-0.063,0.064
1.18590e-01,-0.051,0.054
1.18600e-01,-0.061,0.064
1.18610e-01,-0.057,0.058
1.18620e-01,-0.053,0.056
1.18630e-01,-0.059,0.056
1.18640e-01,-0.057,0.064
1.18650e-01,-0.059,0.058
1.18660e-01,-0.051,0.06
1.18670e-01,-0.051,0.056
1.18680e-01,-0.063,0.06
1.18690e-01,-0.059,0.064
1.18700e-01,-0.063,0.064
1.18710e-01,-0.059,0.06
1.18720e-01,-0.059,0.064
1.18730e-01,-0.055,0.058
1.18740e-01,-0.063,0.062
1.18750e-01,-0.061,0.062
1.18760e-01,-0.059,0.066
1.18770e-01,-0.063,0.062
1.18780e-01,-0.055,0.062
1.18790e-01,-0.061,0.064
1.18800e-01,-0.059,0.06
1.18810e-01,-0.061,0.064
1.18820e-01,-0.061,0.06
1.18830e-01,-0.059,0.062
1.18840e-01,-0.061,0.064
1.18850e-01,-0.061,0.066
1.18860e-01,-0.061,0.064
1.18870e-01,-0.061,0.066
1.18880e-01,-0.063,0.062
1.18890e-01,-0.059,0.064
1.18900e-01,-0.059,0.06
1.18910e-01,-0.065,0.064
1.18920e-01,-0.061,0.062
1.18930e-01,-0.061,0.064
1.18940e-01,-0.059,0.064
1.18950e-01,-0.061,0.06
1.18960e-01,-0.059,0.062
1.18970e-01,-0.063,0.068
1.18980e-01,-0.059,0.062
1.18990e-01,-0.061,0.064
1.19000e-01,-0.055,0.062
1.19010e-01,-0.061,0.06
1.19020e-01,-0.063,0.066
1.19030e-01,-0.059,0.064
1.19040e-01,-0.061,0.068
1.19050e-01,-0.061,0.06
1.19060e-01,-0.059,0.06
1.19070e-01,-0.063,0.062
1.19080e-01,-0.061,0.062
1.19090e-01,-0.059,0.062
1.19100e-01,-0.059,0.06
1.19110e-01,-0.059,0.064
1.19120e-01,-0.057,0.06
1.19130e-01,-0.063,0.064
1.19140e-01,-0.065,0.064
1.19150e-01,-0.059,0.062
1.19160e-01,-0.061,0.064
1.19170e-01,-0.059,0.058
1.19180e-01,-0.061,0.064
1.19190e-01,-0.055,0.058
1.19200e-01,-0.063,0.06
1.19210e-01,-0.059,0.064
1.19220e-01,-0.061,0.062
1.19230e-01,-0.063,0.064
1.19240e-01,-0.067,0.064
1.19250e-01,-0.061,0.064
1.19260e-01,-0.061,0.064
1.19270e-01,-0.057,0.062
1.19280e-01,-0.065,0.062
1.19290e-01,-0.059,0.06
1.19300e-01,-0.061,0.064
1.19310e-01,-0.061,0.064
1.19320e-01,-0.055,0.06
1.19330e-01,-0.061,0.064
1.19340e-01,-0.049,0.056
1.19350e-01,-0.059,0.064
1.19360e-01,-0.061,0.062
1.19370e-01,-0.059,0.062
1.19380e-01,-0.053,0.06
1.19390e-01,-0.061,0.064
1.19400e-01,-0.049,0.056
1.19410e-01,-0.059,0.062
1.19420e-01,-0.055,0.06
1.19430e-01,-0.063,0.066
1.19440e-01,-0.047,0.052
1.19450e-01,-0.059,0.058
1.19460e-01,-0.061,0.066
1.19470e-01,-0.057,0.062
1.19480e-01,-0.059,0.064
1.19490e-01,-0.061,0.064
1.19500e-01,-0.051,0.054
1.19510e-01,-0.059,0.06
1.19520e-01,-0.045,0.054
1.19530e-01,-0.061,0.066
1.19540e-01,-0.043,0.05
1.19550e-01,-0.061,0.062
1.19560e-01,-0.037,0.04
1.19570e-01,-0.061,0.062
1.19580e-01,-0.053,0.056
1.19590e-01,-0.059,0.06
1.19600e-01,-0.059,0.062
1.19610e-01,-0.055,0.06
1.19620e-01,-0.059,0.064
1.19630e-01,-0.051,0.054
1.19640e-01,-0.057,0.062
1.19650e-01,-0.045,0.048
1.19660e-01,-0.057,0.06
1.19670e-01,-0.051,0.056
1.19680e-01,-0.057,0.064
1.19690e-01,-0.055,0.06
1.19700e-01,-0.063,0.066
1.19710e-01,-0.057,0.06
1.19720e-01,-0.063,0.066
1.19730e-01,-0.053,0.056
1.19740e-01,-0.055,0.06
1.19750e-01,-0.061,0.062
1.19760e-01,-0.061,0.066
1.19770e-01,-0.049,0.054
1.19780e-01,-0.057,0.06
1.19790e-01,-0.059,0.066
1.19800e-01,-0.055,0.056
1.19810e-01,-0.063,0.064
1.19820e-01,-0.059,0.062
1.19830e-01,-0.061,0.062
1.19840e-01,-0.061,0.062
1.19850e-01,-0.057,0.062
1.19860e-01,-0.059,0.062
1.19870e-01,-0.059,0.06
1.19880e-01,-0.061,0.06
1.19890e-01,-0.061,0.062
1.19900e-01,-0.053,0.06
1.19910e-01,-0.061,0.06
1.19920e-01,-0.061,0.06
1.19930e-01,-0.051,0.056
1.19940e-01,-0.063,0.068
1.19950e-01,-0.047,0.052
1.19960e-01,-0.061,0.064
1.19970e-01,-0.059,0.066
1.19980e-01,-0.055,0.062
1.19990e-01,-0.045,0.052
1.20000e-01,-0.063,0.064
1.20010e-01,-0.057,0.062
1.20020e-01,-0.059,0.062
1.20030e-01,-0.057,0.06
1.20040e-01,-0.057,0.064
1.20050e-01,-0.055,0.054
1.20060e-01,-0.055,0.056
1.20070e-01,-0.041,0.048
1.20080e-01,-0.059,0.06
1.20090e-01,-0.065,0.064
1.20100e-01,-0.049,0.052
1.20110e-01,-0.061,0.066
1.20120e-01,-0.059,0.064
1.20130e-01,-0.061,0.064
1.20140e-01,-0.061,0.064
1.20150e-01,-0.055,0.056
1.20160e-01,-0.059,0.064
1.20170e-01,-0.063,0.06
1.20180e-01,-0.049,0.054
1.20190e-01,-0.061,0.064
1.20200e-01,-0.057,0.058
1.20210e-01,-0.055,0.062
1.20220e-01,-0.059,0.062
1.20230e-01,-0.061,0.06
1.20240e-01,-0.059,0.062
1.20250e-01,-0.061,0.062
1.20260e-01,-0.059,0.062
1.20270e-01,-0.049,0.058
1.20280e-01,-0.065,0.062
1.20290e-01,-0.057,0.058
1.20300e-01,-0.059,0.064
1.20310e-01,-0.059,0.06
1.20320e-01,-0.061,0.062
1.20330e-01,-0.059,0.06
1.20340e-01,-0.055,0.056
1.20350e-01,-0.063,0.06
1.20360e-01,-0.059,0.062
1.20370e-01,-0.061,0.062
1.20380e-01,-0.061,0.064
1.20390e-01,-0.053,0.056
1.20400e-01,-0.063,0.062
1.20410e-01,-0.059,0.064
1.20420e-01,-0.061,0.064
1.20430e-01,-0.055,0.06
1.20440e-01,-0.063,0.06
1.20450e-01,-0.065,0.064
1.20460e-01,-0.057,0.064
1.20470e-01,-0.061,0.062
1.20480e-01,-0.057,0.06
1.20490e-01,-0.049,0.058
1.20500e-01,-0.061,0.064
1.20510e-01,-0.061,0.064
1.20520e-01,-0.063,0.062
1.20530e-01,-0.057,0.06
1.20540e-01,-0.061,0.062
1.20550e-01,-0.061,0.066
1.20560e-01,-0.057,0.06
1.20570e-01,-0.059,0.064
1.20580e-01,-0.051,0.058
1.20590e-01,-0.065,0.064
1.20600e-01,-0.057,0.062
1.20610e-01,-0.059,0.064
1.20620e-01,-0.057,0.064
1.20630e-01,-0.053,0.06
1.20640e-01,-0.061,0.064
1.20650e-01,-0.059,0.064
1.20660e-01,-0.061,0.062
1.20670e-01,-0.063,0.062
1.20680e-01,-0.055,0.06
1.20690e-01,-0.059,0.066
1.20700e-01,-0.061,0.064
1.20710e-01,-0.059,0.064
1.20720e-01,-0.057,0.058
1.20730e-01,-0.059,0.066
1.20740e-01,-0.057,0.06
1.20750e-01,-0.061,0.064
1.20760e-01,-0.059,0.066
1.20770e-01,-0.065,0.064
1.20780e-01,-0.053,0.058
1.20790e-01,-0.057,0.06
1.20800e-01,-0.049,0.054
1.20810e-01,-0.061,0.064
1.20820e-01,-0.061,0.06
1.20830e-01,-0.063,0.062
1.20840e-01,-0.059,0.06
1.20850e-01,-0.059,0.064
1.20860e-01,-0.059,0.06
1.20870e-01,-0.065,0.062
1.20880e-01,-0.057,0.06
1.20890e-01,-0.055,0.064
1.20900e-01,-0.051,0.058
1.20910e-01,-0.059,0.064
1.20920e-01,-0.057,0.06
1.20930e-01,-0.051,0.056
1.20940e-01,-0.059,0.06
1.20950e-01,-0.065,0.064
1.20960e-01,-0.061,0.062
1.20970e-01,-0.061,0.064
1.20980e-01,-0.059,0.064
1.20990e-01,-0.061,0.06
1.21000e-01,-0.059,0.062
1.21010e-01,-0.061,0.064
1.21020e-01,-0.055,0.06
1.21030e-01,-0.061,0.064
1.21040e-01,-0.057,0.06
1.21050e-01,-0.061,0.064
1.21060e-01,-0.055,0.06
1.21070e-01,-0.061,0.064
1.21080e-01,-0.063,0.062
1.21090e-01,-0.063,0.06
1.21100e-01,-0.059,0.06
1.21110e-01,-0.049,0.054
1.21120e-01,-0.057,0.06
1.21130e-01,-0.055,0.058
1.21140e-01,-0.059,0.064
1.21150e-01,-0.059,0.06
1.21160e-01,-0.061,0.064
1.21170e-01,-0.061,0.066
1.21180e-01,-0.059,0.062
1.21190e-01,-0.059,0.06
1.21200e-01,-0.061,0.062
1.21210e-01,-0.063,0.064
1.21220e-01,-0.059,0.062
1.21230e-01,-0.061,0.064
1.21240e-01,-0.063,0.064
1.21250e-01,-0.061,0.064
1.21260e-01,-0.059,0.064
1.21270e-01,-0.055,0.058
1.21280e-01,-0.051,0.056
1.21290e-01,-0.059,0.064
1.21300e-01,-0.055,0.06
1.21310e-01,-0.057,0.06
1.21320e-01,-0.061,0.066
1.21330e-01,-0.057,0.06
1.21340e-01,-0.057,0.058
1.21350e-01,-0.063,0.064
1.21360e-01,-0.061,0.06
1.21370e-01,-0.055,0.06
1.21380e-01,-0.059,0.066
1.21390e-01,-0.045,0.046
1.21400e-01,-0.061,0.064
1.21410e-01,-0.053,0.058
1.21420e-01,-0.059,0.056
1.21430e-01,-0.057,0.064
1.21440e-01,-0.059,0.062
1.21450e-01,-0.049,0.052
1.21460e-01,-0.063,0.062
1.21470e-01,-0.049,0.056
1.21480e-01,-0.061,0.06
1.21490e-01,-0.059,0.066
1.21500e-01,-0.051,0.06
1.21510e-01,-0.057,0.064
1.21520e-01,-0.063,0.064
1.21530e-01,-0.063,0.062
1.21540e-01,-0.037,0.046
1.21550e-01,-0.061,0.064
1.21560e-01,-0.043,0.048
1.21570e-01,-0.061,0.06
1.21580e-01,-0.061,0.064
1.21590e-01,-0.061,0.064
1.21600e-01,-0.061,0.064
1.21610e-01,-0.059,0.06
1.21620e-01,-0.057,0.062
1.21630e-01,-0.051,0.056
1.21640e-01,-0.061,0.066
1.21650e-01,-0.059,0.06
1.21660e-01,-0.061,0.066
1.21670e-01,-0.057,0.062
1.21680e-01,-0.059,0.064
1.21690e-01,-0.059,0.06
1.21700e-01,-0.055,0.06
1.21710e-01,-0.055,0.056
1.21720e-01,-0.057,0.06
1.21730e-01,-0.055,0.058
1.21740e-01,-0.063,0.064
1.21750e-01,-0.059,0.064
1.21760e-01,-0.057,0.06
1.21770e-01,-0.059,0.068
1.21780e-01,-0.049,0.056
1.21790e-01,-0.059,0.062
1.21800e-01,-0.057,0.062
1.21810e-01,-0.057,0.06
1.21820e-01,-0.061,0.064
1.21830e-01,-0.049,0.054
1.21840e-01,-0.061,0.06
1.21850e-01,-0.063,0.07
1.21860e-01,-0.057,0.06
1.21870e-01,-0.055,0.06
1.21880e-01,-0.063,0.064
1.21890e-01,-0.059,0.058
1.21900e-01,-0.061,0.062
1.21910e-01,-0.053,0.058
1.21920e-01,-0.061,0.062
1.21930e-01,-0.053,0.058
1.21940e-01,-0.057,0.06
1.21950e-01,-0.059,0.062
1.21960e-01,-0.043,0.046
1.21970e-01,-0.059,0.062
1.21980e-01,-0.041,0.046
1.21990e-01,-0.061,0.066
1.22000e-01,-0.061,0.064
1.22010e-01,-0.063,0.066
1.22020e-01,-0.053,0.06
1.22030e-01,-0.063,0.064
1.22040e-01,-0.059,0.064
1.22050e-01,-0.047,0.05
1.22060e-01,-0.057,0.064
1.22070e-01,-0.053,0.052
1.22080e-01,-0.057,0.058
1.22090e-01,-0.053,0.056
1.22100e-01,-0.061,0.062
1.22110e-01,-0.059,0.064
1.22120e-01,-0.059,0.068
1.22130e-01,-0.061,0.062
1.22140e-01,-0.061,0.06
1.22150e-01,-0.057,0.06
1.22160e-01,-0.059,0.062
1.22170e-01,-0.059,0.064
1.22180e-01,-0.055,0.058
1.22190e-01,-0.061,0.062
1.22200e-01,-0.057,0.064
1.22210e-01,-0.049,0.058
1.22220e-01,-0.055,0.06
1.22230e-01,-0.055,0.06
1.22240e-01,-0.061,0.064
1.22250e-01,-0.043,0.042
1.22260e-01,-0.061,0.06
1.22270e-01,-0.057,0.058
1.22280e-01,-0.059,0.062
1.22290e-01,-0.059,0.06
1.22300e-01,-0.053,0.06
1.22310e-01,-0.061,0.064
1.22320e-01,-0.057,0.062
1.22330e-01,-0.057,0.06
1.22340e-01,-0.063,0.062
1.22350e-01,-0.049,0.054
1.22360e-01,-0.061,0.066
1.22370e-01,-0.043,0.05
1.22380e-01,-0.063,0.064
1.22390e-01,-0.061,0.064
1.22400e-01,-0.047,0.052
1.22410e-01,-0.059,0.062
1.22420e-01,-0.063,0.064
1.22430e-01,-0.057,0.06
1.22440e-01,-0.061,0.06
1.22450e-01,-0.059,0.062
1.22460e-01,-0.065,0.062
1.22470e-01,-0.061,0.062
1.22480e-01,-0.061,0.064
1.22490e-01,-0.063,0.066
1.22500e-01,-0.061,0.068
1.22510e-01,-0.065,0.062
1.22520e-01,-0.055,0.06
1.22530e-01,-0.053,0.06
1.22540e-01,-0.051,0.054
1.22550e-01,-0.055,0.058
1.22560e-01,-0.051,0.052
1.22570e-01,-0.053,0.058
1.22580e-01,-0.051,0.056
1.22590e-01,-0.061,0.062
1.22600e-01,-0.061,0.064
1.22610e-01,-0.061,0.062
1.22620e-01,-0.061,0.06
1.22630e-01,-0.061,0.064
1.22640e-01,-0.047,0.048
1.22650e-01,-0.061,0.064
1.22660e-01,-0.055,0.06
1.22670e-01,-0.051,0.06
1.22680e-01,-0.059,0.064
1.22690e-01,-0.051,0.054
1.22700e-01,-0.057,0.06
1.22710e-01,-0.057,0.056
1.22720e-01,-0.063,0.064
1.22730e-01,-0.061,0.064
1.22740e-01,-0.057,0.066
1.22750e-01,-0.061,0.062
1.22760e-01,-0.057,0.062
1.22770e-01,-0.059,0.064
1.22780e-01,-0.059,0.06
1.22790e-01,-0.057,0.06
1.22800e-01,-0.063,0.066
1.22810e-01,-0.047,0.048
1.22820e-01,-0.059,0.062
1.22830e-01,-0.061,0.062
1.22840e-01,-0.057,0.062
1.22850e-01,-0.049,0.05
1.22860e-01,-0.063,0.064
1.22870e-01,-0.059,0.06
1.22880e-01,-0.045,0.052
1.22890e-01,-0.061,0.064
1.22900e-01,-0.053,0.06
1.22910e-01,-0.061,0.06
1.22920e-01,-0.065,0.064
1.22930e-01,-0.043,0.048
1.22940e-01,-0.063,0.064
1.22950e-01,-0.059,0.062
1.22960e-01,-0.059,0.06
1.22970e-01,-0.059,0.06
1.22980e-01,-0.057,0.06
1.22990e-01,-0.061,0.064
1.23000e-01,-0.063,0.064
1.23010e-01,-0.061,0.066
1.23020e-01,-0.061,0.064
1.23030e-01,-0.061,0.064
1.23040e-01,-0.059,0.06
1.23050e-01,-0.059,0.062
1.23060e-01,-0.063,0.064
1.23070e-01,-0.061,0.062
1.23080e-01,-0.053,0.058
1.23090e-01,-0.065,0.062
1.23100e-01,-0.059,0.062
1.23110e-01,-0.059,0.064
1.23120e-01,-0.055,0.06
1.23130e-01,-0.049,0.054
1.23140e-01,-0.059,0.064
1.23150e-01,-0.057,0.062
1.23160e-01,-0.057,0.06
1.23170e-01,-0.057,0.06
1.23180e-01,-0.057,0.062
1.23190e-01,-0.055,0.062
1.23200e-01,-0.059,0.064
1.23210e-01,-0.059,0.062
1.23220e-01,-0.059,0.06
1.23230e-01,-0.059,0.062
1.23240e-01,-0.053,0.06
1.23250e-01,-0.057,0.062
1.23260e-01,-0.055,0.06
1.23270e-01,-0.055,0.062
1.23280e-01,-0.055,0.06
1.23290e-01,-0.063,0.064
1.23300e-01,-0.059,0.064
1.23310e-01,-0.059,0.064
1.23320e-01,-0.057,0.062
1.23330e-01,-0.061,0.064
1.23340e-01,-0.061,0.066
1.23350e-01,-0.063,0.062
1.23360e-01,-0.055,0.062
1.23370e-01,-0.053,0.06
1.23380e-01,-0.059,0.064
1.23390e-01,-0.053,0.058
1.23400e-01,-0.063,0.064
1.23410e-01,-0.057,0.062
1.23420e-01,-0.057,0.066
1.23430e-01,-0.055,0.062
1.23440e-01,-0.057,0.062
1.23450e-01,-0.051,0.058
1.23460e-01,-0.065,0.064
1.23470e-01,-0.049,0.05
1.23480e-01,-0.057,0.06
1.23490e-01,-0.059,0.062
1.23500e-01,-0.063,0.068
1.23510e-01,-0.063,0.062
1.23520e-01,-0.065,0.062
1.23530e-01,-0.057,0.06
1.23540e-01,-0.063,0.066
1.23550e-01,-0.057,0.06
1.23560e-01,-0.061,0.064
1.23570e-01,-0.061,0.062
1.23580e-01,-0.063,0.064
1.23590e-01,-0.057,0.06
1.23600e-01,-0.059,0.064
1.23610e-01,-0.061,0.062
1.23620e-01,-0.057,0.06
1.23630e-01,-0.055,0.06
1.23640e-01,-0.055,0.056
1.23650e-01,-0.059,0.062
1.23660e-01,-0.061,0.064
1.23670e-01,-0.061,0.062
1.23680e-01,-0.059,0.064
1.23690e-01,-0.063,0.06
1.23700e-01,-0.055,0.054
1.23710e-01,-0.061,0.066
1.23720e-01,-0.053,0.06
1.23730e-01,-0.061,0.062
1.23740e-01,-0.061,0.062
1.23750e-01,-0.059,0.062
1.23760e-01,-0.053,0.06
1.23770e-01,-0.053,0.06
1.23780e-01,-0.055,0.06
1.23790e-01,-0.059,0.06
1.23800e-01,-0.057,0.056
1.23810e-01,-0.059,0.062
1.23820e-01,-0.061,0.062
1.23830e-01,-0.061,0.06
1.23840e-01,-0.063,0.064
1.23850e-01,-0.057,0.06
1.23860e-01,-0.055,0.058
1.23870e-01,-0.051,0.054
1.23880e-01,-0.059,0.06
1.23890e-01,-0.061,0.062
1.23900e-01,-0.061,0.062
1.23910e-01,-0.061,0.064
1.23920e-01,-0.057,0.06
1.23930e-01,-0.059,0.066
1.23940e-01,-0.061,0.062
1.23950e-01,-0.059,0.062
1.23960e-01,-0.059,0.062
1.23970e-01,-0.063,0.064
1.23980e-01,-0.055,0.058
1.23990e-01,-0.055,0.056
1.24000e-01,-0.057,0.06
1.24010e-01,-0.049,0.054
1.24020e-01,-0.059,0.064
1.24030e-01,-0.059,0.06
1.24040e-01,-0.061,0.068
1.24050e-01,-0.063,0.062
1.24060e-01,-0.059,0.064
1.24070e-01,-0.063,0.068
1.24080e-01,-0.061,0.062
1.24090e-01,-0.063,0.062
1.24100e-01,-0.061,0.062
1.24110e-01,-0.063,0.066
1.24120e-01,-0.063,0.066
1.24130e-01,-0.059,0.064
1.24140e-01,-0.047,0.05
1.24150e-01,-0.059,0.062
1.24160e-01,-0.059,0.06
1.24170e-01,-0.061,0.062
1.24180e-01,-0.061,0.062
1.24190e-01,-0.059,0.066
1.24200e-01,-0.061,0.064
1.24210e-01,-0.057,0.058
1.24220e-01,-0.063,0.062
1.24230e-01,-0.059,0.066
1.24240e-01,-0.063,0.064
1.24250e-01,-0.053,0.058
1.24260e-01,-0.059,0.062
1.24270e-01,-0.057,0.06
1.24280e-01,-0.057,0.06
1.24290e-01,-0.055,0.058
1.24300e-01,-0.057,0.06
1.24310e-01,-0.063,0.062
1.24320e-01,-0.051,0.056
1.24330e-01,-0.049,0.056
1.24340e-01,-0.061,0.058
1.24350e-01,-0.061,0.064
1.24360e-01,-0.061,0.064
1.24370e-01,-0.063,0.062
1.24380e-01,-0.061,0.062
1.24390e-01,-0.061,0.06
1.24400e-01,-0.061,0.064
1.24410e-01,-0.061,0.068
1.24420e-01,-0.061,0.066
1.24430e-01,-0.055,0.054
1.24440e-01,-0.053,0.058
1.24450e-01,-0.055,0.058
1.24460e-01,-0.055,0.058
1.24470e-01,-0.049,0.052
1.24480e-01,-0.055,0.054
1.24490e-01,-0.045,0.05
1.24500e-01,-0.059,0.064
1.24510e-01,-0.059,0.066
1.24520e-01,-0.063,0.06
1.24530e-01,-0.059,0.06
1.24540e-01,-0.045,0.05
1.24550e-01,-0.061,0.064
1.24560e-01,-0.059,0.06
1.24570e-01,-0.063,0.064
1.24580e-01,-0.063,0.066
1.24590e-01,-0.059,0.06
1.24600e-01,-0.057,0.062
1.24610e-01,-0.063,0.064
1.24620e-01,-0.059,0.06
1.24630e-01,-0.063,0.064
1.24640e-01,-0.055,0.06
1.24650e-01,-0.065,0.066
1.24660e-01,-0.061,0.062
1.24670e-01,-0.057,0.06
1.24680e-01,-0.059,0.06
1.24690e-01,-0.061,0.062
1.24700e-01,-0.057,0.06
1.24710e-01,-0.055,0.06
1.24720e-01,-0.055,0.054
1.24730e-01,-0.063,0.066
1.24740e-01,-0.061,0.064
1.24750e-01,-0.063,0.068
1.24760e-01,-0.055,0.058
1.24770e-01,-0.061,0.06
1.24780e-01,-0.063,0.064
1.24790e-01,-0.061,0.06
1.24800e-01,-0.057,0.066
1.24810e-01,-0.059,0.062
1.24820e-01,-0.057,0.058
1.24830e-01,-0.061,0.064
1.24840e-01,-0.061,0.064
1.24850e-01,-0.063,0.064
1.24860e-01,-0.059,0.064
1.24870e-01,-0.061,0.064
1.24880e-01,-0.061,0.062
1.24890e-01,-0.063,0.062
1.24900e-01,-0.051,0.056
1.24910e-01,-0.061,0.066
1.24920e-01,-0.059,0.062
1.24930e-01,-0.055,0.06
1.24940e-01,-0.053,0.062
1.24950e-01,-0.061,0.064
1.24960e-01,-0.059,0.064
1.24970e-01,-0.063,0.062
1.24980e-01,-0.061,0.064
1.24990e-01,-0.059,0.064
1.25000e-01,-0.053,0.058
1.25010e-01,-0.063,0.062
1.25020e-01,-0.063,0.066
1.25030e-01,-0.059,0.06
1.25040e-01,-0.059,0.062
1.25050e-01,-0.059,0.062
1.25060e-01,-0.055,0.062
1.25070e-01,-0.063,0.064
1.25080e-01,-0.059,0.064
1.25090e-01,-0.065,0.066
1.25100e-01,-0.057,0.06
1.25110e-01,-0.063,0.068
1.25120e-01,-0.063,0.066
1.25130e-01,-0.061,0.064
1.25140e-01,-0.063,0.066
1.25150e-01,-0.059,0.06
1.25160e-01,-0.061,0.06
1.25170e-01,-0.053,0.06
1.25180e-01,-0.059,0.064
1.25190e-01,-0.061,0.064
1.25200e-01,-0.061,0.066
1.25210e-01,-0.061,0.062
1.25220e-01,-0.061,0.062
1.25230e-01,-0.057,0.062
1.25240e-01,-0.059,0.062
1.25250e-01,-0.053,0.058
1.25260e-01,-0.055,0.056
1.25270e-01,-0.047,0.048
1.25280e-01,-0.053,0.058
1.25290e-01,-0.057,0.06
1.25300e-01,-0.063,0.062
1.25310e-01,-0.063,0.062
1.25320e-01,-0.059,0.062
1.25330e-01,-0.055,0.064
1.25340e-01,-0.063,0.062
1.25350e-01,-0.061,0.064
1.25360e-01,-0.063,0.064
1.25370e-01,-0.059,0.062
1.25380e-01,-0.061,0.064
1.25390e-01,-0.063,0.064
1.25400e-01,-0.061,0.062
1.25410e-01,-0.061,0.06
1.25420e-01,-0.061,0.064
1.25430e-01,-0.043,0.05
1.25440e-01,-0.061,0.064
1.25450e-01,-0.049,0.052
1.25460e-01,-0.061,0.064
1.25470e-01,-0.053,0.058
1.25480e-01,-0.059,0.06
1.25490e-01,-0.059,0.06
1.25500e-01,-0.047,0.056
1.25510e-01,-0.061,0.064
1.25520e-01,-0.057,0.056
1.25530e-01,-0.059,0.064
1.25540e-01,-0.061,0.062
1.25550e-01,-0.061,0.062
1.25560e-01,-0.061,0.062
1.25570e-01,-0.063,0.064
1.25580e-01,-0.063,0.066
1.25590e-01,-0.061,0.062
1.25600e-01,-0.059,0.064
1.25610e-01,-0.057,0.062
1.25620e-01,-0.063,0.064
1.25630e-01,-0.061,0.062
1.25640e-01,-0.059,0.064
1.25650e-01,-0.059,0.062
1.25660e-01,-0.059,0.06
1.25670e-01,-0.055,0.06
1.25680e-01,-0.063,0.064
1.25690e-01,-0.059,0.06
1.25700e-01,-0.057,0.062
1.25710e-01,-0.061,0.066
1.25720e-01,-0.061,0.06
1.25730e-01,-0.061,0.066
1.25740e-01,-0.059,0.064
1.25750e-01,-0.057,0.064
1.25760e-01,-0.045,0.05
1.25770e-01,-0.047,0.054
1.25780e-01,-0.051,0.054
1.25790e-01,-0.047,0.052
1.25800e-01,-0.051,0.058
1.25810e-01,-0.051,0.054
1.25820e-01,-0.057,0.06
1.25830e-01,-0.053,0.056
1.25840e-01,-0.055,0.06
1.25850e-01,-0.057,0.06
1.25860e-01,-0.057,0.066
1.25870e-01,-0.059,0.064
1.25880e-01,-0.059,0.062
1.25890e-01,-0.057,0.06
1.25900e-01,-0.057,0.06
1.25910e-01,-0.059,0.062
1.25920e-01,-0.055,0.06
1.25930e-01,-0.061,0.064
1.25940e-01,-0.057,0.064
1.25950e-01,-0.061,0.066
1.25960e-01,-0.063,0.062
1.25970e-01,-0.059,0.064
1.25980e-01,-0.059,0.064
1.25990e-01,-0.059,0.062
1.26000e-01,-0.059,0.058
1.26010e-01,-0.055,0.058
1.26020e-01,-0.047,0.05
1.26030e-01,-0.053,0.06
1.26040e-01,-0.061,0.064
1.26050e-01,-0.061,0.064
1.26060e-01,-0.061,0.066
1.26070e-01,-0.061,0.062
1.26080e-01,-0.063,0.066
1.26090e-01,-0.061,0.062
1.26100e-01,-0.061,0.064
1.26110e-01,-0.061,0.062
1.26120e-01,-0.065,0.064
1.26130e-01,-0.065,0.064
1.26140e-01,-0.063,0.062
1.26150e-01,-0.059,0.06
1.26160e-01,-0.059,0.064
1.26170e-01,-0.059,0.062
1.26180e-01,-0.063,0.064
1.26190e-01,-0.059,0.064
1.26200e-01,-0.065,0.06
1.26210e-01,-0.057,0.06
1.26220e-01,-0.063,0.064
1.26230e-01,-0.059,0.064
1.26240e-01,-0.061,0.064
1.26250e-01,-0.053,0.056
1.26260e-01,-0.061,0.066
1.26270e-01,-0.055,0.06
1.26280e-01,-0.057,0.06
1.26290e-01,-0.059,0.062
1.26300e-01,-0.059,0.06
1.26310e-01,-0.061,0.06
1.26320e-01,-0.045,0.052
1.26330e-01,-0.061,0.066
1.26340e-01,-0.059,0.062
1.26350e-01,-0.063,0.066
1.26360e-01,-0.063,0.064
1.26370e-01,-0.061,0.062
1.26380e-01,-0.061,0.064
1.26390e-01,-0.057,0.062
1.26400e-01,-0.061,0.062
1.26410e-01,-0.057,0.064
1.26420e-01,-0.063,0.058
1.26430e-01,-0.055,0.06
1.26440e-01,-0.061,0.064
1.26450e-01,-0.057,0.06
1.26460e-01,-0.063,0.062
1.26470e-01,-0.061,0.062
1.26480e-01,-0.061,0.064
1.26490e-01,-0.047,0.054
1.26500e-01,-0.061,0.064
1.26510e-01,-0.059,0.06
1.26520e-01,-0.061,0.06
1.26530e-01,-0.061,0.064
1.26540e-01,-0.059,0.064
1.26550e-01,-0.061,0.064
1.26560e-01,-0.059,0.064
1.26570e-01,-0.057,0.06
1.26580e-01,-0.053,0.06
1.26590e-01,-0.061,0.064
1.26600e-01,-0.057,0.064
1.26610e-01,-0.059,0.064
1.26620e-01,-0.053,0.058
1.26630e-01,-0.061,0.062
1.26640e-01,-0.057,0.06
1.26650e-01,-0.061,0.066
1.26660e-01,-0.059,0.064
1.26670e-01,-0.061,0.064
1.26680e-01,-0.061,0.064
1.26690e-01,-0.063,0.064
1.26700e-01,-0.061,0.062
1.26710e-01,-0.057,0.062
1.26720e-01,-0.061,0.064
1.26730e-01,-0.057,0.06
1.26740e-01,-0.059,0.06
1.26750e-01,-0.063,0.062
1.26760e-01,-0.063,0.064
1.26770e-01,-0.061,0.066
1.26780e-01,-0.059,0.062
1.26790e-01,-0.059,0.06
1.26800e-01,-0.059,0.064
1.26810e-01,-0.061,0.062
1.26820e-01,-0.055,0.06
1.26830e-01,-0.063,0.062
1.26840e-01,-0.061,0.062
1.26850e-01,-0.061,0.064
1.26860e-01,-0.063,0.066
1.26870e-01,-0.059,0.06
1.26880e-01,-0.061,0.062
1.26890e-01,-0.061,0.064
1.26900e-01,-0.063,0.064
1.26910e-01,-0.061,0.06
1.26920e-01,-0.059,0.062
1.26930e-01,-0.057,0.06
1.26940e-01,-0.057,0.06
1.26950e-01,-0.059,0.06
1.26960e-01,-0.063,0.064
1.26970e-01,-0.045,0.048
1.26980e-01,-0.059,0.062
1.26990e-01,-0.055,0.056
1.27000e-01,-0.063,0.064
1.27010e-01,-0.055,0.056
1.27020e-01,-0.063,0.066
1.27030e-01,-0.061,0.064
1.27040e-01,-0.063,0.064
1.27050e-01,-0.063,0.062
1.27060e-01,-0.059,0.064
1.27070e-01,-0.063,0.064
1.27080e-01,-0.057,0.06
1.27090e-01,-0.061,0.062
1.27100e-01,-0.059,0.066
1.27110e-01,-0.057,0.066
1.27120e-01,-0.059,0.062
1.27130e-01,-0.059,0.06
1.27140e-01,-0.063,0.06
1.27150e-01,-0.055,0.058
1.27160e-01,-0.061,0.062
1.27170e-01,-0.057,0.06
1.27180e-01,-0.061,0.066
1.27190e-01,-0.059,0.064
1.27200e-01,-0.059,0.06
1.27210e-01,-0.053,0.06
1.27220e-01,-0.065,0.064
1.27230e-01,-0.061,0.064
1.27240e-01,-0.063,0.062
1.27250e-01,-0.059,0.066
1.27260e-01,-0.059,0.062
1.27270e-01,-0.059,0.064
1.27280e-01,-0.063,0.066
1.27290e-01,-0.061,0.066
1.27300e-01,-0.057,0.06
1.27310e-01,-0.059,0.06
1.27320e-01,-0.063,0.064
1.27330e-01,-0.057,0.062
1.27340e-01,-0.061,0.06
1.27350e-01,-0.061,0.064
1.27360e-01,-0.065,0.066
1.27370e-01,-0.061,0.064
1.27380e-01,-0.059,0.064
1.27390e-01,-0.065,0.064
1.27400e-01,-0.061,0.064
1.27410e-01,-0.063,0.064
1.27420e-01,-0.061,0.062
1.27430e-01,-0.063,0.06
1.27440e-01,-0.055,0.062
1.27450e-01,-0.063,0.064
1.27460e-01,-0.061,0.06
1.27470e-01,-0.053,0.06
1.27480e-01,-0.059,0.064
1.27490e-01,-0.055,0.056
1.27500e-01,-0.057,0.064
1.27510e-01,-0.055,0.06
1.27520e-01,-0.061,0.064
1.27530e-01,-0.059,0.062
1.27540e-01,-0.055,0.058
1.27550e-01,-0.049,0.056
1.27560e-01,-0.059,0.064
1.27570e-01,-0.055,0.06
1.27580e-01,-0.053,0.06
1.27590e-01,-0.057,0.06
1.27600e-01,-0.047,0.05
1.27610e-01,-0.055,0.06
1.27620e-01,-0.057,0.06
1.27630e-01,-0.063,0.066
1.27640e-01,-0.061,0.066
1.27650e-01,-0.059,0.062
1.27660e-01,-0.059,0.068
1.27670e-01,-0.055,0.06
1.27680e-01,-0.051,0.06
1.27690e-01,-0.055,0.06
1.27700e-01,-0.059,0.064
1.27710e-01,-0.059,0.06
1.27720e-01,-0.061,0.062
1.27730e-01,-0.055,0.062
1.27740e-01,-0.059,0.064
1.27750e-01,-0.061,0.064
1.27760e-01,-0.063,0.064
1.27770e-01,-0.061,0.06
1.27780e-01,-0.059,0.06
1.27790e-01,-0.059,0.06
1.27800e-01,-0.065,0.066
1.27810e-01,-0.061,0.066
1.27820e-01,-0.059,0.06
1.27830e-01,-0.061,0.064
1.27840e-01,-0.063,0.064
1.27850e-01,-0.059,0.064
1.27860e-01,-0.059,0.062
1.27870e-01,-0.061,0.062
1.27880e-01,-0.053,0.056
1.27890e-01,-0.059,0.06
1.27900e-01,-0.059,0.064
1.27910e-01,-0.059,0.06
1.27920e-01,-0.059,0.06
1.27930e-01,-0.063,0.062
1.27940e-01,-0.063,0.064
1.27950e-01,-0.063,0.064
1.27960e-01,-0.059,0.064
1.27970e-01,-0.059,0.06
1.27980e-01,-0.055,0.06
1.27990e-01,-0.053,0.058
1.28000e-01,-0.059,0.064
1.28010e-01,-0.055,0.064
1.28020e-01,-0.057,0.06
1.28030e-01,-0.055,0.058
1.28040e-01,-0.055,0.056
1.28050e-01,-0.047,0.054
1.28060e-01,-0.059,0.064
1.28070e-01,-0.061,0.064
1.28080e-01,-0.059,0.062
1.28090e-01,-0.055,0.06
1.28100e-01,-0.055,0.06
1.28110e-01,-0.053,0.06
1.28120e-01,-0.061,0.062
1.28130e-01,-0.063,0.062
1.28140e-01,-0.063,0.064
1.28150e-01,-0.067,0.068
1.28160e-01,-0.063,0.062
1.28170e-01,-0.061,0.064
1.28180e-01,-0.069,0.06
1.28190e-01,-0.053,0.062
1.28200e-01,-0.061,0.066
1.28210e-01,-0.055,0.056
1.28220e-01,-0.057,0.06
1.28230e-01,-0.059,0.06
1.28240e-01,-0.061,0.062
1.28250e-01,-0.061,0.062
1.28260e-01,-0.053,0.058
1.28270e-01,-0.061,0.062
1.28280e-01,-0.057,0.062
1.28290e-01,-0.049,0.056
1.28300e-01,-0.051,0.058
1.28310e-01,-0.055,0.06
1.28320e-01,-0.057,0.06
1.28330e-01,-0.049,0.052
1.28340e-01,-0.059,0.058
1.28350e-01,-0.051,0.054
1.28360e-01,-0.045,0.048
1.28370e-01,-0.045,0.054
1.28380e-01,-0.055,0.058
1.28390e-01,-0.053,0.054
1.28400e-01,-0.061,0.064
1.28410e-01,-0.055,0.058
1.28420e-01,-0.053,0.056
1.28430e-01,-0.039,0.048
1.28440e-01,-0.045,0.052
1.28450e-01,-0.047,0.054
1.28460e-01,-0.057,0.06
1.28470e-01,-0.057,0.06
1.28480e-01,-0.057,0.064
1.28490e-01,-0.061,0.062
1.28500e-01,-0.055,0.06
1.28510e-01,-0.055,0.06
1.28520e-01,-0.059,0.06
1.28530e-01,-0.063,0.064
1.28540e-01,-0.061,0.064
1.28550e-01,-0.063,0.064
1.28560e-01,-0.061,0.06
1.28570e-01,-0.065,0.06
1.28580e-01,-0.051,0.052
1.28590e-01,-0.053,0.056
1.28600e-01,-0.053,0.06
1.28610e-01,-0.065,0.064
1.28620e-01,-0.063,0.062
1.28630e-01,-0.061,0.06
1.28640e-01,-0.061,0.064
1.28650e-01,-0.061,0.064
1.28660e-01,-0.057,0.064
1.28670e-01,-0.061,0.06
1.28680e-01,-0.059,0.062
1.28690e-01,-0.057,0.06
1.28700e-01,-0.055,0.06
1.28710e-01,-0.061,0.062
1.28720e-01,-0.057,0.062
1.28730e-01,-0.065,0.066
1.28740e-01,-0.059,0.06
1.28750e-01,-0.063,0.062
1.28760e-01,-0.061,0.06
1.28770e-01,-0.061,0.06
1.28780e-01,-0.061,0.06
1.28790e-01,-0.061,0.064
1.28800e-01,-0.059,0.068
1.28810e-01,-0.063,0.062
1.28820e-01,-0.059,0.066
1.28830e-01,-0.063,0.064
1.28840e-01,-0.057,0.058
1.28850e-01,-0.059,0.064
1.28860e-01,-0.063,0.064
1.28870e-01,-0.059,0.068
1.28880e-01,-0.063,0.064
1.28890e-01,-0.061,0.064
1.28900e-01,-0.063,0.066
1.28910e-01,-0.061,0.064
1.28920e-01,-0.059,0.062
1.28930e-01,-0.063,0.064
1.28940e-01,-0.063,0.064
1.28950e-01,-0.057,0.062
1.28960e-01,-0.059,0.06
1.28970e-01,-0.059,0.064
1.28980e-01,-0.059,0.062
1.28990e-01,-0.059,0.064
1.29000e-01,-0.059,0.064
1.29010e-01,-0.057,0.064
1.29020e-01,-0.057,0.06
1.29030e-01,-0.059,0.062
1.29040e-01,-0.055,0.058
1.29050e-01,-0.061,0.066
1.29060e-01,-0.051,0.056
1.29070e-01,-0.055,0.06
1.29080e-01,-0.049,0.054
1.29090e-01,-0.055,0.058
1.29100e-01,-0.053,0.058
1.29110e-01,-0.063,0.064
1.29120e-01,-0.053,0.058
1.29130e-01,-0.063,0.062
1.29140e-01,-0.061,0.062
1.29150e-01,-0.059,0.062
1.29160e-01,-0.053,0.058
1.29170e-01,-0.047,0.058
1.29180e-01,-0.055,0.056
1.29190e-01,-0.055,0.056
1.29200e-01,-0.055,0.06
1.29210e-01,-0.055,0.058
1.29220e-01,-0.063,0.064
1.29230e-01,-0.055,0.06
1.29240e-01,-0.061,0.064
1.29250e-01,-0.061,0.062
1.29260e-01,-0.063,0.066
1.29270e-01,-0.059,0.062
1.29280e-01,-0.055,0.06
1.29290e-01,-0.061,0.064
1.29300e-01,-0.061,0.064
1.29310e-01,-0.059,0.064
1.29320e-01,-0.057,0.062
1.29330e-01,-0.057,0.066
1.29340e-01,-0.059,0.06
1.29350e-01,-0.061,0.062
1.29360e-01,-0.059,0.064
1.29370e-01,-0.059,0.062
1.29380e-01,-0.045,0.054
1.29390e-01,-0.057,0.058
1.29400e-01,-0.047,0.05
1.29410e-01,-0.061,0.06
1.29420e-01,-0.061,0.062
1.29430e-01,-0.063,0.064
1.29440e-01,-0.059,0.062
1.29450e-01,-0.063,0.064
1.29460e-01,-0.059,0.064
1.29470e-01,-0.051,0.054
1.29480e-01,-0.053,0.054
1.29490e-01,-0.055,0.062
1.29500e-01,-0.059,0.064
1.29510e-01,-0.059,0.064
1.29520e-01,-0.059,0.064
1.29530e-01,-0.059,0.064
1.29540e-01,-0.061,0.062
1.29550e-01,-0.055,0.056
1.29560e-01,-0.057,0.062
1.29570e-01,-0.061,0.064
1.29580e-01,-0.055,0.06
1.29590e-01,-0.061,0.06
1.29600e-01,-0.055,0.056
1.29610e-01,-0.051,0.058
1.29620e-01,-0.057,0.06
1.29630e-01,-0.059,0.06
1.29640e-01,-0.049,0.058
1.29650e-01,-0.047,0.048
1.29660e-01,-0.059,0.062
1.29670e-01,-0.061,0.06
1.29680e-01,-0.055,0.058
1.29690e-01,-0.063,0.06
1.29700e-01,-0.055,0.062
1.29710e-01,-0.061,0.06
1.29720e-01,-0.059,0.066
1.29730e-01,-0.061,0.062
1.29740e-01,-0.063,0.064
1.29750e-01,-0.063,0.064
1.29760e-01,-0.059,0.064
1.29770e-01,-0.061,0.064
1.29780e-01,-0.061,0.066
1.29790e-01,-0.061,0.064
1.29800e-01,-0.061,0.064
1.29810e-01,-0.063,0.064
1.29820e-01,-0.059,0.062
1.29830e-01,-0.061,0.064
1.29840e-01,-0.059,0.06
1.29850e-01,-0.063,0.064
1.29860e-01,-0.059,0.062
1.29870e-01,-0.061,0.064
1.29880e-01,-0.057,0.06
1.29890e-01,-0.057,0.066
1.29900e-01,-0.063,0.062
1.29910e-01,-0.061,0.064
1.29920e-01,-0.057,0.06
1.29930e-01,-0.059,0.062
1.29940e-01,-0.063,0.062
1.29950e-01,-0.057,0.062
1.29960e-01,-0.061,0.062
1.29970e-01,-0.057,0.064
1.29980e-01,-0.061,0.066
1.29990e-01,-0.063,0.068
1.30000e-01,-0.059,0.066
1.30010e-01,-0.061,0.064
1.30020e-01,-0.063,0.064
1.30030e-01,-0.057,0.062
1.30040e-01,-0.059,0.064
1.30050e-01,-0.055,0.058
1.30060e-01,-0.053,0.058
1.30070e-01,-0.049,0.052
1.30080e-01,-0.045,0.054
1.30090e-01,-0.051,0.056
1.30100e-01,-0.047,0.054
1.30110e-01,-0.043,0.048
1.30120e-01,-0.059,0.06
1.30130e-01,-0.059,0.06
1.30140e-01,-0.059,0.062
1.30150e-01,-0.059,0.064
1.30160e-01,-0.063,0.06
1.30170e-01,-0.059,0.06
1.30180e-01,-0.063,0.062
1.30190e-01,-0.059,0.066
1.30200e-01,-0.061,0.06
1.30210e-01,-0.063,0.064
1.30220e-01,-0.061,0.064
1.30230e-01,-0.059,0.06
1.30240e-01,-0.057,0.06
1.30250e-01,-0.061,0.064
1.30260e-01,-0.053,0.06
1.30270e-01,-0.059,0.058
1.30280e-01,-0.059,0.064
1.30290e-01,-0.055,0.06
1.30300e-01,-0.055,0.06
1.30310e-01,-0.063,0.064
1.30320e-01,-0.057,0.06
1.30330e-01,-0.063,0.062
1.30340e-01,-0.063,0.06
1.30350e-01,-0.061,0.064
1.30360e-01,-0.061,0.064
1.30370e-01,-0.057,0.06
1.30380e-01,-0.061,0.064
1.30390e-01,-0.059,0.064
1.30400e-01,-0.061,0.064
1.30410e-01,-0.059,0.064
1.30420e-01,-0.057,0.062
1.30430e-01,-0.061,0.064
1.30440e-01,-0.063,0.062
1.30450e-01,-0.061,0.064
1.30460e-01,-0.061,0.06
1.30470e-01,-0.059,0.06
1.30480e-01,-0.055,0.058
1.30490e-01,-0.059,0.062
1.30500e-01,-0.063,0.068
1.30510e-01,-0.057,0.06
1.30520e-01,-0.059,0.068
1.30530e-01,-0.055,0.056
1.30540e-01,-0.061,0.066
1.30550e-01,-0.059,0.064
1.30560e-01,-0.057,0.064
1.30570e-01,-0.061,0.066
1.30580e-01,-0.061,0.062
1.30590e-01,-0.053,0.058
1.30600e-01,-0.061,0.064
1.30610e-01,-0.061,0.066
1.30620e-01,-0.061,0.064
1.30630e-01,-0.063,0.064
1.30640e-01,-0.057,0.06
1.30650e-01,-0.053,0.06
1.30660e-01,-0.063,0.064
1.30670e-01,-0.061,0.06
1.30680e-01,-0.057,0.062
1.30690e-01,-0.059,0.064
1.30700e-01,-0.063,0.066
1.30710e-01,-0.059,0.062
1.30720e-01,-0.059,0.064
1.30730e-01,-0.061,0.064
1.30740e-01,-0.061,0.066
1.30750e-01,-0.061,0.068
1.30760e-01,-0.061,0.066
1.30770e-01,-0.061,0.068
1.30780e-01,-0.053,0.06
1.30790e-01,-0.063,0.066
1.30800e-01,-0.057,0.066
1.30810e-01,-0.059,0.062
1.30820e-01,-0.059,0.066
1.30830e-01,-0.061,0.062
1.30840e-01,-0.057,0.062
1.30850e-01,-0.059,0.066
1.30860e-01,-0.051,0.054
1.30870e-01,-0.061,0.064
1.30880e-01,-0.057,0.062
1.30890e-01,-0.063,0.062
1.30900e-01,-0.061,0.066
1.30910e-01,-0.061,0.062
1.30920e-01,-0.059,0.06
1.30930e-01,-0.061,0.064
1.30940e-01,-0.061,0.064
1.30950e-01,-0.055,0.054
1.30960e-01,-0.053,0.06
1.30970e-01,-0.059,0.064
1.30980e-01,-0.063,0.06
1.30990e-01,-0.055,0.056
1.31000e-01,-0.061,0.064
1.31010e-01,-0.057,0.06
1.31020e-01,-0.051,0.058
1.31030e-01,-0.061,0.058
1.31040e-01,-0.063,0.064
1.31050e-01,-0.055,0.06
1.31060e-01,-0.063,0.064
1.31070e-01,-0.057,0.06
1.31080e-01,-0.063,0.064
1.31090e-01,-0.061,0.066
1.31100e-01,-0.061,0.068
1.31110e-01,-0.059,0.062
1.31120e-01,-0.061,0.062
1.31130e-01,-0.061,0.064
1.31140e-01,-0.061,0.06
1.31150e-01,-0.061,0.064
1.31160e-01,-0.061,0.06
1.31170e-01,-0.061,0.06
1.31180e-01,-0.059,0.062
1.31190e-01,-0.059,0.062
1.31200e-01,-0.061,0.062
1.31210e-01,-0.063,0.064
1.31220e-01,-0.063,0.064
1.31230e-01,-0.063,0.064
1.31240e-01,-0.063,0.062
1.31250e-01,-0.065,0.066
1.31260e-01,-0.061,0.064
1.31270e-01,-0.063,0.066
1.31280e-01,-0.057,0.06
1.31290e-01,-0.059,0.062
1.31300e-01,-0.059,0.06
1.31310e-01,-0.059,0.062
1.31320e-01,-0.051,0.058
1.31330e-01,-0.055,0.06
1.31340e-01,-0.063,0.066
1.31350e-01,-0.047,0.052
1.31360e-01,-0.051,0.054
1.31370e-01,-0.049,0.058
1.31380e-01,-0.057,0.062
1.31390e-01,-0.047,0.052
1.31400e-01,-0.049,0.052
1.31410e-01,-0.055,0.056
1.31420e-01,-0.057,0.058
1.31430e-01,-0.063,0.062
1.31440e-01,-0.059,0.064
1.31450e-01,-0.063,0.064
1.31460e-01,-0.061,0.064
1.31470e-01,-0.063,0.066
1.31480e-01,-0.065,0.064
1.31490e-01,-0.063,0.064
1.31500e-01,-0.059,0.064
1.31510e-01,-0.063,0.066
1.31520e-01,-0.063,0.062
1.31530e-01,-0.057,0.06
1.31540e-01,-0.059,0.062
1.31550e-01,-0.059,0.062
1.31560e-01,-0.063,0.066
1.31570e-01,-0.061,0.064
1.31580e-01,-0.063,0.064
1.31590e-01,-0.061,0.064
1.31600e-01,-0.061,0.068
1.31610e-01,-0.063,0.06
1.31620e-01,-0.061,0.062
1.31630e-01,-0.047,0.056
1.31640e-01,-0.057,0.06
1.31650e-01,-0.049,0.054
1.31660e-01,-0.063,0.064
1.31670e-01,-0.057,0.06
1.31680e-01,-0.059,0.062
1.31690e-01,-0.061,0.064
1.31700e-01,-0.059,0.058
1.31710e-01,-0.059,0.064
1.31720e-01,-0.055,0.06
1.31730e-01,-0.061,0.062
1.31740e-01,-0.053,0.058
1.31750e-01,-0.059,0.062
1.31760e-01,-0.059,0.064
1.31770e-01,-0.061,0.066
1.31780e-01,-0.059,0.06
1.31790e-01,-0.061,0.064
1.31800e-01,-0.057,0.06
1.31810e-01,-0.057,0.064
1.31820e-01,-0.061,0.062
1.31830e-01,-0.059,0.062
1.31840e-01,-0.061,0.066
1.31850e-01,-0.061,0.064
1.31860e-01,-0.063,0.062
1.31870e-01,-0.061,0.062
1.31880e-01,-0.061,0.064
1.31890e-01,-0.059,0.062
1.31900e-01,-0.059,0.064
1.31910e-01,-0.063,0.068
1.31920e-01,-0.063,0.064
1.31930e-01,-0.061,0.062
1.31940e-01,-0.061,0.06
1.31950e-01,-0.061,0.064
1.31960e-01,-0.059,0.064
1.31970e-01,-0.055,0.058
1.31980e-01,-0.057,0.066
1.31990e-01,-0.059,0.064
1.32000e-01,-0.061,0.06
1.32010e-01,-0.061,0.064
1.32020e-01,-0.061,0.062
1.32030e-01,-0.061,0.062
1.32040e-01,-0.059,0.064
1.32050e-01,-0.061,0.064
1.32060e-01,-0.063,0.062
1.32070e-01,-0.061,0.066
1.32080e-01,-0.059,0.066
1.32090e-01,-0.063,0.06
1.32100e-01,-0.063,0.064
1.32110e-01,-0.059,0.064
1.32120e-01,-0.055,0.06
1.32130e-01,-0.061,0.064
1.32140e-01,-0.059,0.064
1.32150e-01,-0.059,0.06
1.32160e-01,-0.059,0.062
1.32170e-01,-0.057,0.06
1.32180e-01,-0.049,0.052
1.32190e-01,-0.041,0.048
1.32200e-01,-0.049,0.058
1.32210e-01,-0.051,0.054
1.32220e-01,-0.063,0.064
1.32230e-01,-0.059,0.06
1.32240e-01,-0.059,0.06
1.32250e-01,-0.057,0.06
1.32260e-01,-0.055,0.06
1.32270e-01,-0.055,0.06
1.32280e-01,-0.061,0.064
1.32290e-01,-0.061,0.062
1.32300e-01,-0.061,0.066
1.32310e-01,-0.061,0.066
1.32320e-01,-0.059,0.06
1.32330e-01,-0.063,0.064
1.32340e-01,-0.061,0.06
1.32350e-01,-0.061,0.064
1.32360e-01,-0.061,0.064
1.32370e-01,-0.061,0.064
1.32380e-01,-0.065,0.064
1.32390e-01,-0.059,0.064
1.32400e-01,-0.061,0.062
1.32410e-01,-0.059,0.064
1.32420e-01,-0.061,0.062
1.32430e-01,-0.063,0.064
1.32440e-01,-0.059,0.06
1.32450e-01,-0.061,0.064
1.32460e-01,-0.059,0.062
1.32470e-01,-0.057,0.062
1.32480e-01,-0.059,0.064
1.32490e-01,-0.057,0.06
1.32500e-01,-0.055,0.06
1.32510e-01,-0.061,0.062
1.32520e-01,-0.055,0.064
1.32530e-01,-0.063,0.064
1.32540e-01,-0.059,0.064
1.32550e-01,-0.059,0.06
1.32560e-01,-0.063,0.068
1.32570e-01,-0.055,0.06
1.32580e-01,-0.059,0.062
1.32590e-01,-0.059,0.064
1.32600e-01,-0.057,0.064
1.32610e-01,-0.061,0.06
1.32620e-01,-0.059,0.064
1.32630e-01,-0.063,0.064
1.32640e-01,-0.063,0.06
1.32650e-01,-0.059,0.06
1.32660e-01,-0.057,0.062
1.32670e-01,-0.061,0.062
1.32680e-01,-0.059,0.06
1.32690e-01,-0.061,0.064
1.32700e-01,-0.065,0.068
1.32710e-01,-0.063,0.064
1.32720e-01,-0.061,0.064
1.32730e-01,-0.061,0.062
1.32740e-01,-0.059,0.062
1.32750e-01,-0.057,0.06
1.32760e-01,-0.063,0.062
1.32770e-01,-0.059,0.062
1.32780e-01,-0.055,0.062
1.32790e-01,-0.063,0.06
1.32800e-01,-0.061,0.066
1.32810e-01,-0.061,0.064
1.32820e-01,-0.061,0.064
1.32830e-01,-0.061,0.064
1.32840e-01,-0.061,0.064
1.32850e-01,-0.061,0.062
1.32860e-01,-0.059,0.066
1.32870e-01,-0.059,0.064
1.32880e-01,-0.059,0.062
1.32890e-01,-0.063,0.062
1.32900e-01,-0.063,0.064
1.32910e-01,-0.049,0.052
1.32920e-01,-0.061,0.064
1.32930e-01,-0.045,0.048
1.32940e-01,-0.061,0.064
1.32950e-01,-0.049,0.052
1.32960e-01,-0.063,0.06
1.32970e-01,-0.061,0.064
1.32980e-01,-0.061,0.062
1.32990e-01,-0.059,0.062
1.33000e-01,-0.063,0.062
1.33010e-01,-0.055,0.06
1.33020e-01,-0.063,0.062
1.33030e-01,-0.059,0.062
1.33040e-01,-0.059,0.066
1.33050e-01,-0.059,0.066
1.33060e-01,-0.059,0.06
1.33070e-01,-0.063,0.06
1.33080e-01,-0.059,0.064
1.33090e-01,-0.061,0.064
1.33100e-01,-0.061,0.062
1.33110e-01,-0.061,0.06
1.33120e-01,-0.065,0.064
1.33130e-01,-0.061,0.064
1.33140e-01,-0.059,0.06
1.33150e-01,-0.063,0.062
1.33160e-01,-0.059,0.064
1.33170e-01,-0.055,0.064
1.33180e-01,-0.059,0.062
1.33190e-01,-0.061,0.064
1.33200e-01,-0.059,0.062
1.33210e-01,-0.063,0.064
1.33220e-01,-0.059,0.062
1.33230e-01,-0.055,0.062
1.33240e-01,-0.061,0.064
1.33250e-01,-0.065,0.064
1.33260e-01,-0.063,0.066
1.33270e-01,-0.061,0.064
1.33280e-01,-0.061,0.064
1.33290e-01,-0.059,0.062
1.33300e-01,-0.059,0.068
1.33310e-01,-0.055,0.058
1.33320e-01,-0.061,0.06
1.33330e-01,-0.061,0.062
1.33340e-01,-0.045,0.05
1.33350e-01,-0.061,0.062
1.33360e-01,-0.065,0.064
1.33370e-01,-0.057,0.064
1.33380e-01,-0.057,0.062
1.33390e-01,-0.061,0.066
1.33400e-01,-0.061,0.064
1.33410e-01,-0.063,0.066
1.33420e-01,-0.061,0.066
1.33430e-01,-0.059,0.06
1.33440e-01,-0.061,0.064
1.33450e-01,-0.051,0.054
1.33460e-01,-0.063,0.064
1.33470e-01,-0.057,0.06
1.33480e-01,-0.055,0.06
1.33490e-01,-0.057,0.06
1.33500e-01,-0.043,0.05
1.33510e-01,-0.057,0.06
1.33520e-01,-0.061,0.062
1.33530e-01,-0.045,0.054
1.33540e-01,-0.053,0.058
1.33550e-01,-0.061,0.062
1.33560e-01,-0.057,0.06
1.33570e-01,-0.059,0.064
1.33580e-01,-0.061,0.062
1.33590e-01,-0.063,0.062
1.33600e-01,-0.061,0.062
1.33610e-01,-0.063,0.062
1.33620e-01,-0.063,0.062
1.33630e-01,-0.059,0.06
1.33640e-01,-0.061,0.06
1.33650e-01,-0.063,0.06
1.33660e-01,-0.059,0.062
1.33670e-01,-0.055,0.06
1.33680e-01,-0.063,0.064
1.33690e-01,-0.059,0.064
1.33700e-01,-0.063,0.066
1.33710e-01,-0.061,0.062
1.33720e-01,-0.063,0.062
1.33730e-01,-0.059,0.062
1.33740e-01,-0.061,0.064
1.33750e-01,-0.057,0.06
1.33760e-01,-0.063,0.06
1.33770e-01,-0.051,0.056
1.33780e-01,-0.061,0.068
1.33790e-01,-0.059,0.062
1.33800e-01,-0.059,0.064
1.33810e-01,-0.061,0.064
1.33820e-01,-0.061,0.064
1.33830e-01,-0.059,0.062
1.33840e-01,-0.057,0.06
1.33850e-01,-0.059,0.062
1.33860e-01,-0.061,0.064
1.33870e-01,-0.063,0.068
1.33880e-01,-0.041,0.048
1.33890e-01,-0.061,0.064
1.33900e-01,-0.051,0.056
1.33910e-01,-0.065,0.06
1.33920e-01,-0.061,0.064
1.33930e-01,-0.061,0.064
1.33940e-01,-0.063,0.064
1.33950e-01,-0.051,0.056
1.33960e-01,-0.061,0.062
1.33970e-01,-0.059,0.062
1.33980e-01,-0.055,0.06
1.33990e-01,-0.051,0.054
1.34000e-01,-0.061,0.064
1.34010e-01,-0.059,0.06
1.34020e-01,-0.061,0.064
1.34030e-01,-0.061,0.064
1.34040e-01,-0.059,0.068
1.34050e-01,-0.059,0.062
1.34060e-01,-0.061,0.064
1.34070e-01,-0.059,0.064
1.34080e-01,-0.061,0.062
1.34090e-01,-0.063,0.066
1.34100e-01,-0.061,0.062
1.34110e-01,-0.061,0.064
1.34120e-01,-0.055,0.062
1.34130e-01,-0.055,0.06
1.34140e-01,-0.059,0.06
1.34150e-01,-0.045,0.046
1.34160e-01,-0.055,0.06
1.34170e-01,-0.047,0.054
1.34180e-01,-0.057,0.06
1.34190e-01,-0.061,0.064
1.34200e-01,-0.061,0.064
1.34210e-01,-0.059,0.066
1.34220e-01,-0.061,0.062
1.34230e-01,-0.059,0.06
1.34240e-01,-0.063,0.066
1.34250e-01,-0.061,0.064
1.34260e-01,-0.063,0.064
1.34270e-01,-0.053,0.058
1.34280e-01,-0.055,0.06
1.34290e-01,-0.055,0.06
1.34300e-01,-0.063,0.062
1.34310e-01,-0.059,0.06
1.34320e-01,-0.061,0.064
1.34330e-01,-0.059,0.062
1.34340e-01,-0.055,0.058
1.34350e-01,-0.059,0.06
1.34360e-01,-0.061,0.07
1.34370e-01,-0.063,0.064
1.34380e-01,-0.065,0.066
1.34390e-01,-0.051,0.052
1.34400e-01,-0.063,0.062
1.34410e-01,-0.057,0.062
1.34420e-01,-0.057,0.06
1.34430e-01,-0.057,0.062
1.34440e-01,-0.057,0.06
1.34450e-01,-0.063,0.068
1.34460e-01,-0.059,0.068
1.34470e-01,-0.061,0.064
1.34480e-01,-0.063,0.06
1.34490e-01,-0.061,0.06
1.34500e-01,-0.061,0.064
1.34510e-01,-0.059,0.064
1.34520e-01,-0.057,0.062
1.34530e-01,-0.059,0.06
1.34540e-01,-0.063,0.064
1.34550e-01,-0.055,0.06
1.34560e-01,-0.055,0.06
1.34570e-01,-0.061,0.068
1.34580e-01,-0.057,0.06
1.34590e-01,-0.055,0.06
1.34600e-01,-0.055,0.062
1.34610e-01,-0.059,0.06
1.34620e-01,-0.057,0.06
1.34630e-01,-0.057,0.06
1.34640e-01,-0.061,0.062
1.34650e-01,-0.059,0.064
1.34660e-01,-0.061,0.066
1.34670e-01,-0.061,0.064
1.34680e-01,-0.055,0.056
1.34690e-01,-0.059,0.06
1.34700e-01,-0.065,0.066
1.34710e-01,-0.061,0.064
1.34720e-01,-0.061,0.064
1.34730e-01,-0.061,0.066
1.34740e-01,-0.057,0.064
1.34750e-01,-0.059,0.062
1.34760e-01,-0.065,0.066
1.34770e-01,-0.059,0.064
1.34780e-01,-0.061,0.064
1.34790e-01,-0.057,0.064
1.34800e-01,-0.061,0.064
1.34810e-01,-0.063,0.066
1.34820e-01,-0.063,0.064
1.34830e-01,-0.055,0.06
1.34840e-01,-0.053,0.06
1.34850e-01,-0.059,0.066
1.34860e-01,-0.061,0.064
1.34870e-01,-0.057,0.058
1.34880e-01,-0.057,0.062
1.34890e-01,-0.059,0.064
1.34900e-01,-0.061,0.06
1.34910e-01,-0.063,0.064
1.34920e-01,-0.063,0.068
1.34930e-01,-0.061,0.064
1.34940e-01,-0.059,0.064
1.34950e-01,-0.059,0.06
1.34960e-01,-0.057,0.06
1.34970e-01,-0.063,0.064
1.34980e-01,-0.063,0.06
1.34990e-01,-0.057,0.062
1.35000e-01,-0.061,0.06
1.35010e-01,-0.057,0.06
1.35020e-01,-0.061,0.062
1.35030e-01,-0.063,0.068
1.35040e-01,-0.063,0.062
1.35050e-01,-0.059,0.066
1.35060e-01,-0.061,0.066
1.35070e-01,-0.059,0.06
1.35080e-01,-0.061,0.064
1.35090e-01,-0.065,0.064
1.35100e-01,-0.063,0.064
1.35110e-01,-0.055,0.058
1.35120e-01,-0.059,0.06
1.35130e-01,-0.059,0.062
1.35140e-01,-0.059,0.066
1.35150e-01,-0.055,0.06
1.35160e-01,-0.051,0.058
1.35170e-01,-0.045,0.05
1.35180e-01,-0.053,0.06
1.35190e-01,-0.055,0.064
1.35200e-01,-0.061,0.064
1.35210e-01,-0.057,0.064
1.35220e-01,-0.059,0.064
1.35230e-01,-0.061,0.062
1.35240e-01,-0.057,0.06
1.35250e-01,-0.059,0.06
1.35260e-01,-0.059,0.06
1.35270e-01,-0.065,0.064
1.35280e-01,-0.055,0.06
1.35290e-01,-0.061,0.066
1.35300e-01,-0.057,0.064
1.35310e-01,-0.053,0.058
1.35320e-01,-0.055,0.06
1.35330e-01,-0.057,0.06
1.35340e-01,-0.057,0.064
1.35350e-01,-0.059,0.062
1.35360e-01,-0.061,0.06
1.35370e-01,-0.061,0.06
1.35380e-01,-0.051,0.06
1.35390e-01,-0.057,0.06
1.35400e-01,-0.059,0.062
1.35410e-01,-0.061,0.066
1.35420e-01,-0.061,0.062
1.35430e-01,-0.063,0.062
1.35440e-01,-0.063,0.062
1.35450e-01,-0.059,0.06
1.35460e-01,-0.061,0.064
1.35470e-01,-0.065,0.066
1.35480e-01,-0.063,0.068
1.35490e-01,-0.063,0.064
1.35500e-01,-0.059,0.064
1.35510e-01,-0.065,0.064
1.35520e-01,-0.059,0.062
1.35530e-01,-0.059,0.064
1.35540e-01,-0.063,0.064
1.35550e-01,-0.061,0.062
1.35560e-01,-0.059,0.062
1.35570e-01,-0.061,0.062
1.35580e-01,-0.059,0.066
1.35590e-01,-0.063,0.064
1.35600e-01,-0.061,0.064
1.35610e-01,-0.059,0.062
1.35620e-01,-0.053,0.058
1.35630e-01,-0.061,0.058
1.35640e-01,-0.061,0.062
1.35650e-01,-0.061,0.064
1.35660e-01,-0.061,0.06
1.35670e-01,-0.059,0.062
1.35680e-01,-0.059,0.06
1.35690e-01,-0.061,0.064
1.35700e-01,-0.059,0.06
1.35710e-01,-0.059,0.062
1.35720e-01,-0.061,0.06
1.35730e-01,-0.061,0.064
1.35740e-01,-0.059,0.062
1.35750e-01,-0.063,0.064
1.35760e-01,-0.059,0.064
1.35770e-01,-0.061,0.064
1.35780e-01,-0.059,0.064
1.35790e-01,-0.063,0.064
1.35800e-01,-0.061,0.06
1.35810e-01,-0.057,0.064
1.35820e-01,-0.063,0.064
1.35830e-01,-0.059,0.062
1.35840e-01,-0.061,0.062
1.35850e-01,-0.057,0.062
1.35860e-01,-0.051,0.056
1.35870e-01,-0.057,0.06
1.35880e-01,-0.061,0.062
1.35890e-01,-0.057,0.058
1.35900e-01,-0.059,0.062
1.35910e-01,-0.061,0.062
1.35920e-01,-0.051,0.058
1.35930e-01,-0.055,0.062
1.35940e-01,-0.061,0.06
1.35950e-01,-0.057,0.06
1.35960e-01,-0.061,0.064
1.35970e-01,-0.063,0.06
1.35980e-01,-0.063,0.062
1.35990e-01,-0.061,0.062
1.36000e-01,-0.061,0.066
1.36010e-01,-0.065,0.068
1.36020e-01,-0.057,0.06
1.36030e-01,-0.061,0.062
1.36040e-01,-0.063,0.064
1.36050e-01,-0.059,0.062
1.36060e-01,-0.061,0.06
1.36070e-01,-0.061,0.064
1.36080e-01,-0.057,0.064
1.36090e-01,-0.063,0.064
1.36100e-01,-0.061,0.06
1.36110e-01,-0.063,0.066
1.36120e-01,-0.063,0.066
1.36130e-01,-0.061,0.064
1.36140e-01,-0.059,0.06
1.36150e-01,-0.061,0.062
1.36160e-01,-0.061,0.064
1.36170e-01,-0.061,0.06
1.36180e-01,-0.055,0.06
1.36190e-01,-0.059,0.064
1.36200e-01,-0.051,0.056
1.36210e-01,-0.061,0.064
1.36220e-01,-0.063,0.066
1.36230e-01,-0.061,0.06
1.36240e-01,-0.057,0.062
1.36250e-01,-0.057,0.064
1.36260e-01,-0.059,0.066
1.36270e-01,-0.059,0.062
1.36280e-01,-0.063,0.064
1.36290e-01,-0.053,0.054
1.36300e-01,-0.061,0.062
1.36310e-01,-0.061,0.066
1.36320e-01,-0.061,0.062
1.36330e-01,-0.059,0.062
1.36340e-01,-0.061,0.062
1.36350e-01,-0.063,0.064
1.36360e-01,-0.055,0.056
1.36370e-01,-0.059,0.064
1.36380e-01,-0.065,0.062
1.36390e-01,-0.057,0.06
1.36400e-01,-0.061,0.066
1.36410e-01,-0.057,0.06
1.36420e-01,-0.057,0.06
1.36430e-01,-0.061,0.062
1.36440e-01,-0.061,0.064
1.36450e-01,-0.057,0.062
1.36460e-01,-0.055,0.06
1.36470e-01,-0.061,0.064
1.36480e-01,-0.059,0.064
1.36490e-01,-0.059,0.068
1.36500e-01,-0.053,0.058
1.36510e-01,-0.061,0.06
1.36520e-01,-0.055,0.058
1.36530e-01,-0.063,0.062
1.36540e-01,-0.057,0.06
1.36550e-01,-0.059,0.062
1.36560e-01,-0.061,0.064
1.36570e-01,-0.063,0.066
1.36580e-01,-0.061,0.066
1.36590e-01,-0.063,0.064
1.36600e-01,-0.059,0.064
1.36610e-01,-0.059,0.066
1.36620e-01,-0.059,0.062
1.36630e-01,-0.059,0.062
1.36640e-01,-0.063,0.066
1.36650e-01,-0.059,0.064
1.36660e-01,-0.061,0.066
1.36670e-01,-0.061,0.062
1.36680e-01,-0.055,0.058
1.36690e-01,-0.061,0.064
1.36700e-01,-0.065,0.062
1.36710e-01,-0.059,0.062
1.36720e-01,-0.063,0.06
1.36730e-01,-0.061,0.062
1.36740e-01,-0.059,0.06
1.36750e-01,-0.063,0.064
1.36760e-01,-0.055,0.06
1.36770e-01,-0.061,0.064
1.36780e-01,-0.057,0.06
1.36790e-01,-0.061,0.064
1.36800e-01,-0.061,0.064
1.36810e-01,-0.059,0.062
1.36820e-01,-0.061,0.064
1.36830e-01,-0.061,0.064
1.36840e-01,-0.059,0.062
1.36850e-01,-0.063,0.064
1.36860e-01,-0.059,0.066
1.36870e-01,-0.061,0.06
1.36880e-01,-0.055,0.06
1.36890e-01,-0.063,0.062
1.36900e-01,-0.059,0.064
1.36910e-01,-0.063,0.064
1.36920e-01,-0.055,0.058
1.36930e-01,-0.055,0.06
1.36940e-01,-0.061,0.064
1.36950e-01,-0.059,0.064
1.36960e-01,-0.059,0.066
1.36970e-01,-0.061,0.066
1.36980e-01,-0.059,0.062
1.36990e-01,-0.061,0.062
1.37000e-01,-0.063,0.064
1.37010e-01,-0.057,0.06
1.37020e-01,-0.061,0.066
1.37030e-01,-0.057,0.062
1.37040e-01,-0.061,0.066
1.37050e-01,-0.059,0.06
1.37060e-01,-0.057,0.066
1.37070e-01,-0.059,0.062
1.37080e-01,-0.055,0.06
1.37090e-01,-0.055,0.054
1.37100e-01,-0.051,0.054
1.37110e-01,-0.053,0.058
1.37120e-01,-0.057,0.064
1.37130e-01,-0.055,0.06
1.37140e-01,-0.055,0.06
1.37150e-01,-0.057,0.06
1.37160e-01,-0.055,0.06
1.37170e-01,-0.061,0.062
1.37180e-01,-0.059,0.064
1.37190e-01,-0.055,0.058
1.37200e-01,-0.057,0.066
1.37210e-01,-0.057,0.062
1.37220e-01,-0.061,0.06
1.37230e-01,-0.061,0.066
1.37240e-01,-0.059,0.066
1.37250e-01,-0.063,0.062
1.37260e-01,-0.063,0.066
1.37270e-01,-0.059,0.062
1.37280e-01,-0.057,0.06
1.37290e-01,-0.055,0.058
1.37300e-01,-0.059,0.06
1.37310e-01,-0.061,0.062
1.37320e-01,-0.051,0.054
1.37330e-01,-0.061,0.062
1.37340e-01,-0.061,0.062
1.37350e-01,-0.063,0.064
1.37360e-01,-0.063,0.064
1.37370e-01,-0.061,0.064
1.37380e-01,-0.061,0.06
1.37390e-01,-0.061,0.064
1.37400e-01,-0.055,0.056
1.37410e-01,-0.063,0.062
1.37420e-01,-0.059,0.062
1.37430e-01,-0.061,0.06
1.37440e-01,-0.063,0.062
1.37450e-01,-0.061,0.066
1.37460e-01,-0.057,0.062
1.37470e-01,-0.059,0.062
1.37480e-01,-0.059,0.062
1.37490e-01,-0.059,0.062
1.37500e-01,-0.057,0.064
1.37510e-01,-0.059,0.062
1.37520e-01,-0.061,0.064
1.37530e-01,-0.061,0.062
1.37540e-01,-0.055,0.058
1.37550e-01,-0.061,0.066
1.37560e-01,-0.051,0.056
1.37570e-01,-0.053,0.054
1.37580e-01,-0.053,0.056
1.37590e-01,-0.053,0.062
1.37600e-01,-0.059,0.062
1.37610e-01,-0.063,0.066
1.37620e-01,-0.061,0.064
1.37630e-01,-0.057,0.064
1.37640e-01,-0.063,0.068
1.37650e-01,-0.061,0.064
1.37660e-01,-0.063,0.062
1.37670e-01,-0.063,0.064
1.37680e-01,-0.059,0.062
1.37690e-01,-0.059,0.064
1.37700e-01,-0.057,0.064
1.37710e-01,-0.065,0.064
1.37720e-01,-0.057,0.062
1.37730e-01,-0.061,0.066
1.37740e-01,-0.061,0.066
1.37750e-01,-0.065,0.064
1.37760e-01,-0.063,0.064
1.37770e-01,-0.061,0.064
1.37780e-01,-0.059,0.06
1.37790e-01,-0.061,0.062
1.37800e-01,-0.059,0.064
1.37810e-01,-0.061,0.064
1.37820e-01,-0.057,0.06
1.37830e-01,-0.061,0.064
1.37840e-01,-0.061,0.062
1.37850e-01,-0.059,0.064
1.37860e-01,-0.059,0.06
1.37870e-01,-0.059,0.064
1.37880e-01,-0.055,0.06
1.37890e-01,-0.061,0.068
1.37900e-01,-0.061,0.062
1.37910e-01,-0.061,0.066
1.37920e-01,-0.059,0.064
1.37930e-01,-0.059,0.066
1.37940e-01,-0.059,0.062
1.37950e-01,-0.063,0.062
1.37960e-01,-0.061,0.064
1.37970e-01,-0.061,0.064
1.37980e-01,-0.061,0.066
1.37990e-01,-0.059,0.062
1.38000e-01,-0.061,0.066
1.38010e-01,-0.057,0.062
1.38020e-01,-0.055,0.056
1.38030e-01,-0.061,0.066
1.38040e-01,-0.065,0.062
1.38050e-01,-0.059,0.06
1.38060e-01,-0.061,0.062
1.38070e-01,-0.059,0.064
1.38080e-01,-0.061,0.064
1.38090e-01,-0.061,0.064
1.38100e-01,-0.057,0.062
1.38110e-01,-0.059,0.06
1.38120e-01,-0.057,0.064
1.38130e-01,-0.059,0.064
1.38140e-01,-0.061,0.062
1.38150e-01,-0.055,0.062
1.38160e-01,-0.055,0.06
1.38170e-01,-0.063,0.064
1.38180e-01,-0.059,0.064
1.38190e-01,-0.063,0.064
1.38200e-01,-0.057,0.062
1.38210e-01,-0.061,0.066
1.38220e-01,-0.059,0.062
1.38230e-01,-0.061,0.064
1.38240e-01,-0.053,0.054
1.38250e-01,-0.063,0.064
1.38260e-01,-0.059,0.062
1.38270e-01,-0.061,0.064
1.38280e-01,-0.059,0.058
1.38290e-01,-0.061,0.064
1.38300e-01,-0.063,0.064
1.38310e-01,-0.059,0.062
1.38320e-01,-0.061,0.062
1.38330e-01,-0.061,0.064
1.38340e-01,-0.059,0.064
1.38350e-01,-0.061,0.06
1.38360e-01,-0.061,0.064
1.38370e-01,-0.063,0.066
1.38380e-01,-0.061,0.064
1.38390e-01,-0.061,0.066
1.38400e-01,-0.059,0.068
1.38410e-01,-0.061,0.066
1.38420e-01,-0.061,0.062
1.38430e-01,-0.063,0.064
1.38440e-01,-0.061,0.064
1.38450e-01,-0.063,0.06
1.38460e-01,-0.059,0.06
1.38470e-01,-0.061,0.064
1.38480e-01,-0.061,0.064
1.38490e-01,-0.059,0.062
1.38500e-01,-0.059,0.06
1.38510e-01,-0.063,0.066
1.38520e-01,-0.059,0.062
1.38530e-01,-0.055,0.06
1.38540e-01,-0.059,0.06
1.38550e-01,-0.051,0.058
1.38560e-01,-0.049,0.06
1.38570e-01,-0.049,0.054
1.38580e-01,-0.059,0.062
1.38590e-01,-0.065,0.062
1.38600e-01,-0.061,0.064
1.38610e-01,-0.059,0.066
1.38620e-01,-0.061,0.064
1.38630e-01,-0.061,0.064
1.38640e-01,-0.061,0.062
1.38650e-01,-0.063,0.062
1.38660e-01,-0.063,0.064
1.38670e-01,-0.057,0.062
1.38680e-01,-0.063,0.064
1.38690e-01,-0.059,0.058
1.38700e-01,-0.061,0.064
1.38710e-01,-0.063,0.06
1.38720e-01,-0.057,0.066
1.38730e-01,-0.063,0.064
1.38740e-01,-0.059,0.062
1.38750e-01,-0.055,0.06
1.38760e-01,-0.061,0.064
1.38770e-01,-0.059,0.066
1.38780e-01,-0.051,0.054
1.38790e-01,-0.063,0.06
1.38800e-01,-0.059,0.062
1.38810e-01,-0.059,0.062
1.38820e-01,-0.053,0.056
1.38830e-01,-0.065,0.062
1.38840e-01,-0.061,0.062
1.38850e-01,-0.061,0.064
1.38860e-01,-0.059,0.064
1.38870e-01,-0.059,0.06
1.38880e-01,-0.061,0.064
1.38890e-01,-0.059,0.066
1.38900e-01,-0.057,0.064
1.38910e-01,-0.061,0.06
1.38920e-01,-0.063,0.062
1.38930e-01,-0.051,0.058
1.38940e-01,-0.065,0.064
1.38950e-01,-0.053,0.056
1.38960e-01,-0.059,0.06
1.38970e-01,-0.063,0.064
1.38980e-01,-0.063,0.064
1.38990e-01,-0.057,0.062
1.39000e-01,-0.065,0.062
1.39010e-01,-0.061,0.062
1.39020e-01,-0.061,0.064
1.39030e-01,-0.059,0.062
1.39040e-01,-0.057,0.06
1.39050e-01,-0.063,0.062
1.39060e-01,-0.061,0.064
1.39070e-01,-0.053,0.056
1.39080e-01,-0.057,0.064
1.39090e-01,-0.061,0.064
1.39100e-01,-0.057,0.058
1.39110e-01,-0.057,0.06
1.39120e-01,-0.061,0.06
1.39130e-01,-0.057,0.06
1.39140e-01,-0.061,0.064
1.39150e-01,-0.061,0.064
1.39160e-01,-0.063,0.064
1.39170e-01,-0.061,0.06
1.39180e-01,-0.051,0.058
1.39190e-01,-0.059,0.064
1.39200e-01,-0.065,0.062
1.39210e-01,-0.061,0.064
1.39220e-01,-0.061,0.064
1.39230e-01,-0.061,0.064
1.39240e-01,-0.063,0.062
1.39250e-01,-0.059,0.064
1.39260e-01,-0.061,0.064
1.39270e-01,-0.059,0.064
1.39280e-01,-0.061,0.064
1.39290e-01,-0.057,0.068
1.39300e-01,-0.059,0.06
1.39310e-01,-0.059,0.062
1.39320e-01,-0.063,0.07
1.39330e-01,-0.059,0.062
1.39340e-01,-0.049,0.06
1.39350e-01,-0.061,0.062
1.39360e-01,-0.059,0.06
1.39370e-01,-0.053,0.056
1.39380e-01,-0.061,0.062
1.39390e-01,-0.061,0.06
1.39400e-01,-0.059,0.062
1.39410e-01,-0.061,0.062
1.39420e-01,-0.065,0.06
1.39430e-01,-0.059,0.06
1.39440e-01,-0.063,0.064
1.39450e-01,-0.059,0.064
1.39460e-01,-0.049,0.056
1.39470e-01,-0.059,0.064
1.39480e-01,-0.059,0.06
1.39490e-01,-0.061,0.062
1.39500e-01,-0.051,0.056
1.39510e-01,-0.055,0.054
1.39520e-01,-0.057,0.062
1.39530e-01,-0.053,0.06
1.39540e-01,-0.047,0.05
1.39550e-01,-0.055,0.06
1.39560e-01,-0.063,0.062
1.39570e-01,-0.063,0.064
1.39580e-01,-0.063,0.064
1.39590e-01,-0.057,0.058
1.39600e-01,-0.053,0.06
1.39610e-01,-0.063,0.062
1.39620e-01,-0.057,0.06
1.39630e-01,-0.063,0.064
1.39640e-01,-0.063,0.066
1.39650e-01,-0.061,0.062
1.39660e-01,-0.057,0.058
1.39670e-01,-0.061,0.066
1.39680e-01,-0.061,0.064
1.39690e-01,-0.059,0.06
1.39700e-01,-0.063,0.062
1.39710e-01,-0.063,0.064
1.39720e-01,-0.059,0.064
1.39730e-01,-0.059,0.062
1.39740e-01,-0.057,0.062
1.39750e-01,-0.063,0.064
1.39760e-01,-0.061,0.064
1.39770e-01,-0.049,0.056
1.39780e-01,-0.047,0.054
1.39790e-01,-0.061,0.064
1.39800e-01,-0.059,0.062
1.39810e-01,-0.059,0.064
1.39820e-01,-0.057,0.062
1.39830e-01,-0.061,0.062
1.39840e-01,-0.061,0.064
1.39850e-01,-0.061,0.064
1.39860e-01,-0.063,0.064
1.39870e-01,-0.061,0.06
1.39880e-01,-0.061,0.06
1.39890e-01,-0.065,0.064
1.39900e-01,-0.065,0.066
1.39910e-01,-0.059,0.062
1.39920e-01,-0.061,0.064
1.39930e-01,-0.061,0.064
1.39940e-01,-0.063,0.062
1.39950e-01,-0.059,0.06
1.39960e-01,-0.061,0.066
1.39970e-01,-0.051,0.058
1.39980e-01,-0.061,0.064
1.39990e-01,-0.055,0.06
1.40000e-01,-0.057,0.062
1.40010e-01,-0.063,0.066
1.40020e-01,-0.063,0.064
1.40030e-01,-0.063,0.064
1.40040e-01,-0.059,0.068
1.40050e-01,-0.059,0.062
1.40060e-01,-0.055,0.056
1.40070e-01,-0.059,0.064
1.40080e-01,-0.061,0.062
1.40090e-01,-0.061,0.064
1.40100e-01,-0.055,0.06
1.40110e-01,-0.061,0.064
1.40120e-01,-0.053,0.058
1.40130e-01,-0.063,0.066
1.40140e-01,-0.055,0.06
1.40150e-01,-0.059,0.06
1.40160e-01,-0.061,0.064
1.40170e-01,-0.059,0.062
1.40180e-01,-0.061,0.062
1.40190e-01,-0.055,0.064
1.40200e-01,-0.061,0.064
1.40210e-01,-0.061,0.062
1.40220e-01,-0.061,0.062
1.40230e-01,-0.063,0.064
1.40240e-01,-0.053,0.056
1.40250e-01,-0.059,0.068
1.40260e-01,-0.061,0.062
1.40270e-01,-0.057,0.064
1.40280e-01,-0.061,0.066
1.40290e-01,-0.059,0.062
1.40300e-01,-0.061,0.064
1.40310e-01,-0.053,0.06
1.40320e-01,-0.055,0.058
1.40330e-01,-0.053,0.056
1.40340e-01,-0.059,0.06
1.40350e-01,-0.049,0.054
1.40360e-01,-0.061,0.064
1.40370e-01,-0.055,0.058
1.40380e-01,-0.059,0.06
1.40390e-01,-0.063,0.06
1.40400e-01,-0.061,0.064
1.40410e-01,-0.059,0.062
1.40420e-01,-0.059,0.064
1.40430e-01,-0.055,0.06
1.40440e-01,-0.059,0.06
1.40450e-01,-0.061,0.066
1.40460e-01,-0.059,0.064
1.40470e-01,-0.057,0.062
1.40480e-01,-0.063,0.064
1.40490e-01,-0.059,0.064
1.40500e-01,-0.059,0.06
1.40510e-01,-0.063,0.064
1.40520e-01,-0.059,0.064
1.40530e-01,-0.059,0.064
1.40540e-01,-0.061,0.064
1.40550e-01,-0.061,0.062
1.40560e-01,-0.063,0.064
1.40570e-01,-0.055,0.058
1.40580e-01,-0.059,0.066
1.40590e-01,-0.059,0.062
1.40600e-01,-0.061,0.066
1.40610e-01,-0.063,0.064
1.40620e-01,-0.059,0.062
1.40630e-01,-0.061,0.064
1.40640e-01,-0.061,0.06
1.40650e-01,-0.057,0.064
1.40660e-01,-0.061,0.064
1.40670e-01,-0.061,0.062
1.40680e-01,-0.061,0.066
1.40690e-01,-0.057,0.06
1.40700e-01,-0.063,0.064
1.40710e-01,-0.059,0.066
1.40720e-01,-0.059,0.064
1.40730e-01,-0.059,0.064
1.40740e-01,-0.063,0.064
1.40750e-01,-0.055,0.058
1.40760e-01,-0.061,0.062
1.40770e-01,-0.065,0.066
1.40780e-01,-0.059,0.062
1.40790e-01,-0.057,0.064
1.40800e-01,-0.051,0.058
1.40810e-01,-0.061,0.062
1.40820e-01,-0.055,0.062
1.40830e-01,-0.061,0.066
1.40840e-01,-0.061,0.064
1.40850e-01,-0.063,0.064
1.40860e-01,-0.063,0.064
1.40870e-01,-0.061,0.064
1.40880e-01,-0.061,0.062
1.40890e-01,-0.061,0.064
1.40900e-01,-0.065,0.066
1.40910e-01,-0.061,0.064
1.40920e-01,-0.059,0.062
1.40930e-01,-0.057,0.064
1.40940e-01,-0.061,0.062
1.40950e-01,-0.053,0.06
1.40960e-01,-0.057,0.058
1.40970e-01,-0.061,0.064
1.40980e-01,-0.063,0.064
1.40990e-01,-0.063,0.064
1.41000e-01,-0.063,0.064
1.41010e-01,-0.059,0.062
1.41020e-01,-0.059,0.062
1.41030e-01,-0.057,0.062
1.41040e-01,-0.055,0.06
1.41050e-01,-0.053,0.058
1.41060e-01,-0.051,0.056
1.41070e-01,-0.037,0.044
1.41080e-01,-0.055,0.06
1.41090e-01,-0.059,0.06
1.41100e-01,-0.059,0.064
1.41110e-01,-0.061,0.068
1.41120e-01,-0.061,0.06
1.41130e-01,-0.059,0.064
1.41140e-01,-0.063,0.064
1.41150e-01,-0.055,0.064
1.41160e-01,-0.059,0.064
1.41170e-01,-0.059,0.06
1.41180e-01,-0.059,0.062
1.41190e-01,-0.057,0.064
1.41200e-01,-0.059,0.062
1.41210e-01,-0.061,0.064
1.41220e-01,-0.063,0.066
1.41230e-01,-0.063,0.064
1.41240e-01,-0.059,0.064
1.41250e-01,-0.061,0.062
1.41260e-01,-0.061,0.062
1.41270e-01,-0.063,0.06
1.41280e-01,-0.059,0.066
1.41290e-01,-0.059,0.06
1.41300e-01,-0.063,0.064
1.41310e-01,-0.065,0.062
1.41320e-01,-0.061,0.062
1.41330e-01,-0.065,0.064
1.41340e-01,-0.061,0.064
1.41350e-01,-0.063,0.064
1.41360e-01,-0.065,0.064
1.41370e-01,-0.059,0.064
1.41380e-01,-0.063,0.064
1.41390e-01,-0.061,0.062
1.41400e-01,-0.061,0.062
1.41410e-01,-0.061,0.062
1.41420e-01,-0.057,0.06
1.41430e-01,-0.059,0.064
1.41440e-01,-0.055,0.06
1.41450e-01,-0.057,0.058
1.41460e-01,-0.049,0.06
1.41470e-01,-0.059,0.062
1.41480e-01,-0.059,0.064
1.41490e-01,-0.063,0.062
1.41500e-01,-0.061,0.064
1.41510e-01,-0.061,0.066
1.41520e-01,-0.057,0.064
1.41530e-01,-0.057,0.06
1.41540e-01,-0.051,0.054
1.41550e-01,-0.059,0.06
1.41560e-01,-0.051,0.052
1.41570e-01,-0.057,0.06
1.41580e-01,-0.053,0.058
1.41590e-01,-0.061,0.064
1.41600e-01,-0.053,0.058
1.41610e-01,-0.057,0.058
1.41620e-01,-0.043,0.05
1.41630e-01,-0.049,0.054
1.41640e-01,-0.049,0.056
1.41650e-01,-0.057,0.064
1.41660e-01,-0.057,0.062
1.41670e-01,-0.059,0.064
1.41680e-01,-0.057,0.062
1.41690e-01,-0.061,0.062
1.41700e-01,-0.063,0.064
1.41710e-01,-0.059,0.064
1.41720e-01,-0.055,0.058
1.41730e-01,-0.057,0.06
1.41740e-01,-0.051,0.054
1.41750e-01,-0.059,0.064
1.41760e-01,-0.047,0.052
1.41770e-01,-0.057,0.06
1.41780e-01,-0.049,0.056
1.41790e-01,-0.059,0.06
1.41800e-01,-0.057,0.06
1.41810e-01,-0.057,0.058
1.41820e-01,-0.055,0.06
1.41830e-01,-0.065,0.062
1.41840e-01,-0.057,0.062
1.41850e-01,-0.055,0.06
1.41860e-01,-0.039,0.044
1.41870e-01,-0.051,0.054
1.41880e-01,-0.045,0.048
1.41890e-01,-0.059,0.062
1.41900e-01,-0.059,0.062
1.41910e-01,-0.059,0.06
1.41920e-01,-0.059,0.062
1.41930e-01,-0.049,0.054
1.41940e-01,-0.049,0.052
1.41950e-01,-0.049,0.056
1.41960e-01,-0.053,0.06
1.41970e-01,-0.061,0.06
1.41980e-01,-0.061,0.064
1.41990e-01,-0.059,0.06
1.42000e-01,-0.059,0.064
1.42010e-01,-0.059,0.064
1.42020e-01,-0.061,0.062
1.42030e-01,-0.065,0.066
1.42040e-01,-0.059,0.064
1.42050e-01,-0.059,0.064
1.42060e-01,-0.059,0.066
1.42070e-01,-0.059,0.062
1.42080e-01,-0.061,0.064
1.42090e-01,-0.065,0.068
1.42100e-01,-0.063,0.062
1.42110e-01,-0.061,0.062
1.42120e-01,-0.061,0.064
1.42130e-01,-0.063,0.064
1.42140e-01,-0.061,0.064
1.42150e-01,-0.061,0.062
1.42160e-01,-0.057,0.06
1.42170e-01,-0.061,0.06
1.42180e-01,-0.055,0.06
1.42190e-01,-0.063,0.062
1.42200e-01,-0.059,0.068
1.42210e-01,-0.059,0.062
1.42220e-01,-0.061,0.062
1.42230e-01,-0.057,0.06
1.42240e-01,-0.063,0.064
1.42250e-01,-0.061,0.064
1.42260e-01,-0.059,0.068
1.42270e-01,-0.061,0.066
1.42280e-01,-0.061,0.064
1.42290e-01,-0.061,0.066
1.42300e-01,-0.053,0.06
1.42310e-01,-0.057,0.062
1.42320e-01,-0.055,0.06
1.42330e-01,-0.061,0.062
1.42340e-01,-0.065,0.062
1.42350e-01,-0.053,0.058
1.42360e-01,-0.061,0.068
1.42370e-01,-0.059,0.064
1.42380e-01,-0.055,0.064
1.42390e-01,-0.059,0.068
1.42400e-01,-0.061,0.062
1.42410e-01,-0.061,0.064
1.42420e-01,-0.061,0.062
1.42430e-01,-0.063,0.066
1.42440e-01,-0.061,0.064
1.42450e-01,-0.051,0.052
1.42460e-01,-0.059,0.064
1.42470e-01,-0.041,0.044
1.42480e-01,-0.055,0.06
1.42490e-01,-0.055,0.06
1.42500e-01,-0.057,0.06
1.42510e-01,-0.065,0.062
1.42520e-01,-0.057,0.06
1.42530e-01,-0.055,0.064
1.42540e-01,-0.063,0.066
1.42550e-01,-0.063,0.068
1.42560e-01,-0.053,0.058
1.42570e-01,-0.047,0.048
1.42580e-01,-0.053,0.06
1.42590e-01,-0.063,0.064
1.42600e-01,-0.061,0.06
1.42610e-01,-0.053,0.06
1.42620e-01,-0.061,0.062
1.42630e-01,-0.063,0.062
1.42640e-01,-0.057,0.06
1.42650e-01,-0.053,0.06
1.42660e-01,-0.051,0.058
1.42670e-01,-0.051,0.058
1.42680e-01,-0.057,0.058
1.42690e-01,-0.045,0.054
1.42700e-01,-0.045,0.054
1.42710e-01,-0.059,0.06
1.42720e-01,-0.043,0.046
1.42730e-01,-0.061,0.06
1.42740e-01,-0.061,0.06
1.42750e-01,-0.063,0.064
1.42760e-01,-0.061,0.06
1.42770e-01,-0.061,0.064
1.42780e-01,-0.057,0.06
1.42790e-01,-0.061,0.062
1.42800e-01,-0.059,0.062
1.42810e-01,-0.059,0.064
1.42820e-01,-0.055,0.06
1.42830e-01,-0.053,0.056
1.42840e-01,-0.059,0.062
1.42850e-01,-0.061,0.062
1.42860e-01,-0.053,0.06
1.42870e-01,-0.045,0.05
1.42880e-01,-0.057,0.062
1.42890e-01,-0.059,0.06
1.42900e-01,-0.053,0.06
1.42910e-01,-0.059,0.06
1.42920e-01,-0.051,0.058
1.42930e-01,-0.055,0.058
1.42940e-01,-0.051,0.054
1.42950e-01,-0.053,0.056
1.42960e-01,-0.043,0.052
1.42970e-01,-0.059,0.062
1.42980e-01,-0.055,0.06
1.42990e-01,-0.061,0.062
1.43000e-01,-0.061,0.064
1.43010e-01,-0.061,0.066
1.43020e-01,-0.063,0.064
1.43030e-01,-0.061,0.064
1.43040e-01,-0.061,0.064
1.43050e-01,-0.059,0.064
1.43060e-01,-0.063,0.066
1.43070e-01,-0.061,0.064
1.43080e-01,-0.059,0.062
1.43090e-01,-0.057,0.06
1.43100e-01,-0.063,0.062
1.43110e-01,-0.061,0.062
1.43120e-01,-0.063,0.064
1.43130e-01,-0.057,0.06
1.43140e-01,-0.059,0.062
1.43150e-01,-0.063,0.064
1.43160e-01,-0.063,0.064
1.43170e-01,-0.061,0.064
1.43180e-01,-0.061,0.064
1.43190e-01,-0.059,0.064
1.43200e-01,-0.061,0.062
1.43210e-01,-0.061,0.06
1.43220e-01,-0.061,0.064
1.43230e-01,-0.063,0.062
1.43240e-01,-0.059,0.06
1.43250e-01,-0.059,0.064
1.43260e-01,-0.057,0.058
1.43270e-01,-0.061,0.062
1.43280e-01,-0.059,0.06
1.43290e-01,-0.055,0.058
1.43300e-01,-0.063,0.064
1.43310e-01,-0.059,0.06
1.43320e-01,-0.059,0.064
1.43330e-01,-0.059,0.062
1.43340e-01,-0.063,0.064
1.43350e-01,-0.065,0.066
1.43360e-01,-0.063,0.064
1.43370e-01,-0.051,0.056
1.43380e-01,-0.061,0.06
1.43390e-01,-0.059,0.06
1.43400e-01,-0.059,0.064
1.43410e-01,-0.059,0.068
1.43420e-01,-0.061,0.064
1.43430e-01,-0.061,0.066
1.43440e-01,-0.061,0.06
1.43450e-01,-0.059,0.064
1.43460e-01,-0.059,0.064
1.43470e-01,-0.061,0.064
1.43480e-01,-0.059,0.06
1.43490e-01,-0.063,0.066
1.43500e-01,-0.063,0.064
1.43510e-01,-0.059,0.06
1.43520e-01,-0.059,0.064
1.43530e-01,-0.057,0.062
1.43540e-01,-0.057,0.06
1.43550e-01,-0.061,0.064
1.43560e-01,-0.059,0.064
1.43570e-01,-0.057,0.062
1.43580e-01,-0.061,0.064
1.43590e-01,-0.061,0.064
1.43600e-01,-0.057,0.064
1.43610e-01,-0.059,0.062
1.43620e-01,-0.061,0.062
1.43630e-01,-0.061,0.06
1.43640e-01,-0.059,0.064
1.43650e-01,-0.057,0.06
1.43660e-01,-0.053,0.058
1.43670e-01,-0.061,0.062
1.43680e-01,-0.051,0.056
1.43690e-01,-0.059,0.062
1.43700e-01,-0.061,0.066
1.43710e-01,-0.057,0.062
1.43720e-01,-0.051,0.06
1.43730e-01,-0.061,0.064
1.43740e-01,-0.061,0.06
1.43750e-01,-0.059,0.062
1.43760e-01,-0.059,0.062
1.43770e-01,-0.061,0.066
1.43780e-01,-0.059,0.064
1.43790e-01,-0.055,0.06
1.43800e-01,-0.055,0.058
1.43810e-01,-0.061,0.062
1.43820e-01,-0.055,0.06
1.43830e-01,-0.065,0.064
1.43840e-01,-0.063,0.062
1.43850e-01,-0.057,0.064
1.43860e-01,-0.055,0.056
1.43870e-01,-0.065,0.066
1.43880e-01,-0.055,0.06
1.43890e-01,-0.059,0.06
1.43900e-01,-0.061,0.066
1.43910e-01,-0.057,0.064
1.43920e-01,-0.063,0.064
1.43930e-01,-0.063,0.066
1.43940e-01,-0.061,0.066
1.43950e-01,-0.059,0.062
1.43960e-01,-0.063,0.066
1.43970e-01,-0.055,0.062
1.43980e-01,-0.061,0.064
1.43990e-01,-0.059,0.06
1.44000e-01,-0.063,0.062
1.44010e-01,-0.063,0.066
1.44020e-01,-0.059,0.068
1.44030e-01,-0.063,0.064
1.44040e-01,-0.063,0.066
1.44050e-01,-0.059,0.064
1.44060e-01,-0.053,0.06
1.44070e-01,-0.057,0.064
1.44080e-01,-0.049,0.056
1.44090e-01,-0.063,0.06
1.44100e-01,-0.063,0.06
1.44110e-01,-0.061,0.062
1.44120e-01,-0.061,0.062
1.44130e-01,-0.059,0.064
1.44140e-01,-0.057,0.062
1.44150e-01,-0.055,0.06
1.44160e-01,-0.061,0.06
1.44170e-01,-0.053,0.056
1.44180e-01,-0.061,0.064
1.44190e-01,-0.053,0.06
1.44200e-01,-0.059,0.064
1.44210e-01,-0.057,0.062
1.44220e-01,-0.063,0.066
1.44230e-01,-0.063,0.064
1.44240e-01,-0.057,0.064
1.44250e-01,-0.065,0.066
1.44260e-01,-0.061,0.06
1.44270e-01,-0.063,0.064
1.44280e-01,-0.063,0.064
1.44290e-01,-0.061,0.068
1.44300e-01,-0.059,0.064
1.44310e-01,-0.063,0.064
1.44320e-01,-0.061,0.064
1.44330e-01,-0.061,0.064
1.44340e-01,-0.057,0.06
1.44350e-01,-0.063,0.062
1.44360e-01,-0.061,0.064
1.44370e-01,-0.061,0.06
1.44380e-01,-0.057,0.06
1.44390e-01,-0.059,0.064
1.44400e-01,-0.059,0.064
1.44410e-01,-0.059,0.06
1.44420e-01,-0.055,0.056
1.44430e-01,-0.061,0.062
1.44440e-01,-0.061,0.064
1.44450e-01,-0.057,0.06
1.44460e-01,-0.061,0.064
1.44470e-01,-0.059,0.06
1.44480e-01,-0.063,0.066
1.44490e-01,-0.061,0.064
1.44500e-01,-0.053,0.06
1.44510e-01,-0.063,0.064
1.44520e-01,-0.061,0.066
1.44530e-01,-0.059,0.062
1.44540e-01,-0.061,0.068
1.44550e-01,-0.059,0.062
1.44560e-01,-0.061,0.062
1.44570e-01,-0.047,0.056
1.44580e-01,-0.061,0.066
1.44590e-01,-0.057,0.062
1.44600e-01,-0.055,0.058
1.44610e-01,-0.059,0.064
1.44620e-01,-0.061,0.064
1.44630e-01,-0.061,0.064
1.44640e-01,-0.063,0.066
1.44650e-01,-0.053,0.056
1.44660e-01,-0.057,0.06
1.44670e-01,-0.061,0.066
1.44680e-01,-0.061,0.07
1.44690e-01,-0.061,0.062
1.44700e-01,-0.061,0.064
1.44710e-01,-0.059,0.06
1.44720e-01,-0.061,0.064
1.44730e-01,-0.065,0.062
1.44740e-01,-0.063,0.064
1.44750e-01,-0.065,0.064
1.44760e-01,-0.061,0.062
1.44770e-01,-0.059,0.066
1.44780e-01,-0.059,0.062
1.44790e-01,-0.061,0.066
1.44800e-01,-0.053,0.06
1.44810e-01,-0.061,0.066
1.44820e-01,-0.061,0.06
1.44830e-01,-0.059,0.062
1.44840e-01,-0.061,0.066
1.44850e-01,-0.059,0.062
1.44860e-01,-0.059,0.064
1.44870e-01,-0.061,0.062
1.44880e-01,-0.059,0.064
1.44890e-01,-0.059,0.06
1.44900e-01,-0.051,0.056
1.44910e-01,-0.059,0.062
1.44920e-01,-0.055,0.06
1.44930e-01,-0.063,0.064
1.44940e-01,-0.059,0.064
1.44950e-01,-0.063,0.062
1.44960e-01,-0.059,0.062
1.44970e-01,-0.059,0.064
1.44980e-01,-0.061,0.064
1.44990e-01,-0.057,0.06
1.45000e-01,-0.059,0.062
1.45010e-01,-0.059,0.06
1.45020e-01,-0.061,0.066
1.45030e-01,-0.059,0.062
1.45040e-01,-0.061,0.064
1.45050e-01,-0.061,0.06
1.45060e-01,-0.055,0.058
1.45070e-01,-0.055,0.06
1.45080e-01,-0.057,0.06
1.45090e-01,-0.057,0.064
1.45100e-01,-0.063,0.064
1.45110e-01,-0.057,0.06
1.45120e-01,-0.061,0.064
1.45130e-01,-0.055,0.06
1.45140e-01,-0.053,0.058
1.45150e-01,-0.059,0.06
1.45160e-01,-0.059,0.062
1.45170e-01,-0.061,0.066
1.45180e-01,-0.063,0.064
1.45190e-01,-0.057,0.062
1.45200e-01,-0.057,0.06
1.45210e-01,-0.057,0.064
1.45220e-01,-0.047,0.052
1.45230e-01,-0.059,0.06
1.45240e-01,-0.053,0.058
1.45250e-01,-0.059,0.064
1.45260e-01,-0.059,0.062
1.45270e-01,-0.053,0.058
1.45280e-01,-0.055,0.062
1.45290e-01,-0.059,0.064
1.45300e-01,-0.057,0.06
1.45310e-01,-0.061,0.064
1.45320e-01,-0.059,0.06
1.45330e-01,-0.053,0.062
1.45340e-01,-0.059,0.062
1.45350e-01,-0.063,0.064
1.45360e-01,-0.059,0.064
1.45370e-01,-0.059,0.06
1.45380e-01,-0.061,0.06
1.45390e-01,-0.061,0.064
1.45400e-01,-0.063,0.062
1.45410e-01,-0.057,0.064
1.45420e-01,-0.061,0.064
1.45430e-01,-0.063,0.062
1.45440e-01,-0.061,0.064
1.45450e-01,-0.063,0.064
1.45460e-01,-0.059,0.062
1.45470e-01,-0.061,0.064
1.45480e-01,-0.061,0.062
1.45490e-01,-0.059,0.062
1.45500e-01,-0.059,0.064
1.45510e-01,-0.055,0.064
1.45520e-01,-0.055,0.06
1.45530e-01,-0.055,0.06
1.45540e-01,-0.061,0.064
1.45550e-01,-0.061,0.062
1.45560e-01,-0.061,0.064
1.45570e-01,-0.059,0.064
1.45580e-01,-0.059,0.066
1.45590e-01,-0.055,0.06
1.45600e-01,-0.057,0.06
1.45610e-01,-0.059,0.064
1.45620e-01,-0.063,0.064
1.45630e-01,-0.059,0.062
1.45640e-01,-0.061,0.064
1.45650e-01,-0.061,0.064
1.45660e-01,-0.061,0.064
1.45670e-01,-0.059,0.064
1.45680e-01,-0.067,0.064
1.45690e-01,-0.061,0.06
1.45700e-01,-0.061,0.064
1.45710e-01,-0.059,0.062
1.45720e-01,-0.063,0.062
1.45730e-01,-0.063,0.062
1.45740e-01,-0.063,0.062
1.45750e-01,-0.061,0.066
1.45760e-01,-0.061,0.056
1.45770e-01,-0.063,0.068
1.45780e-01,-0.063,0.066
1.45790e-01,-0.059,0.062
1.45800e-01,-0.059,0.06
1.45810e-01,-0.053,0.058
1.45820e-01,-0.059,0.062
1.45830e-01,-0.051,0.058
1.45840e-01,-0.053,0.06
1.45850e-01,-0.055,0.06
1.45860e-01,-0.059,0.066
1.45870e-01,-0.059,0.064
1.45880e-01,-0.059,0.062
1.45890e-01,-0.053,0.054
1.45900e-01,-0.055,0.06
1.45910e-01,-0.065,0.06
1.45920e-01,-0.059,0.07
1.45930e-01,-0.061,0.064
1.45940e-01,-0.063,0.062
1.45950e-01,-0.059,0.064
1.45960e-01,-0.051,0.056
1.45970e-01,-0.055,0.06
1.45980e-01,-0.061,0.064
1.45990e-01,-0.061,0.064
1.46000e-01,-0.061,0.066
1.46010e-01,-0.061,0.062
1.46020e-01,-0.065,0.066
1.46030e-01,-0.059,0.066
1.46040e-01,-0.063,0.062
1.46050e-01,-0.067,0.066
1.46060e-01,-0.063,0.062
1.46070e-01,-0.059,0.062
1.46080e-01,-0.061,0.06
1.46090e-01,-0.055,0.06
1.46100e-01,-0.061,0.066
1.46110e-01,-0.057,0.06
1.46120e-01,-0.059,0.066
1.46130e-01,-0.053,0.054
1.46140e-01,-0.061,0.064
1.46150e-01,-0.051,0.058
1.46160e-01,-0.059,0.066
1.46170e-01,-0.053,0.06
1.46180e-01,-0.061,0.066
1.46190e-01,-0.051,0.056
1.46200e-01,-0.057,0.062
1.46210e-01,-0.061,0.064
1.46220e-01,-0.055,0.06
1.46230e-01,-0.059,0.066
1.46240e-01,-0.061,0.062
1.46250e-01,-0.057,0.062
1.46260e-01,-0.055,0.062
1.46270e-01,-0.055,0.064
1.46280e-01,-0.053,0.058
1.46290e-01,-0.057,0.06
1.46300e-01,-0.045,0.05
1.46310e-01,-0.059,0.062
1.46320e-01,-0.055,0.056
1.46330e-01,-0.061,0.062
1.46340e-01,-0.057,0.062
1.46350e-01,-0.059,0.062
1.46360e-01,-0.053,0.058
1.46370e-01,-0.061,0.062
1.46380e-01,-0.065,0.062
1.46390e-01,-0.061,0.066
1.46400e-01,-0.059,0.062
1.46410e-01,-0.057,0.06
1.46420e-01,-0.061,0.062
1.46430e-01,-0.051,0.06
1.46440e-01,-0.061,0.064
1.46450e-01,-0.061,0.062
1.46460e-01,-0.053,0.06
1.46470e-01,-0.065,0.066
1.46480e-01,-0.057,0.06
1.46490e-01,-0.061,0.064
1.46500e-01,-0.063,0.064
1.46510e-01,-0.059,0.06
1.46520e-01,-0.063,0.064
1.46530e-01,-0.063,0.062
1.46540e-01,-0.059,0.062
1.46550e-01,-0.055,0.058
1.46560e-01,-0.061,0.064
1.46570e-01,-0.063,0.062
1.46580e-01,-0.059,0.06
1.46590e-01,-0.059,0.062
1.46600e-01,-0.061,0.062
1.46610e-01,-0.061,0.064
1.46620e-01,-0.061,0.064
1.46630e-01,-0.055,0.06
1.46640e-01,-0.061,0.066
1.46650e-01,-0.065,0.064
1.46660e-01,-0.061,0.062
1.46670e-01,-0.059,0.06
1.46680e-01,-0.057,0.06
1.46690e-01,-0.049,0.058
1.46700e-01,-0.041,0.048
1.46710e-01,-0.059,0.06
1.46720e-01,-0.063,0.066
1.46730e-01,-0.061,0.062
1.46740e-01,-0.059,0.054
1.46750e-01,-0.057,0.06
1.46760e-01,-0.055,0.06
1.46770e-01,-0.057,0.062
1.46780e-01,-0.059,0.064
1.46790e-01,-0.057,0.064
1.46800e-01,-0.055,0.06
1.46810e-01,-0.061,0.064
1.46820e-01,-0.061,0.064
1.46830e-01,-0.061,0.06
1.46840e-01,-0.063,0.062
1.46850e-01,-0.061,0.062
1.46860e-01,-0.057,0.06
1.46870e-01,-0.047,0.052
1.46880e-01,-0.053,0.06
1.46890e-01,-0.053,0.054
1.46900e-01,-0.061,0.062
1.46910e-01,-0.059,0.06
1.46920e-01,-0.061,0.064
1.46930e-01,-0.057,0.062
1.46940e-01,-0.059,0.064
1.46950e-01,-0.057,0.06
1.46960e-01,-0.061,0.062
1.46970e-01,-0.063,0.064
1.46980e-01,-0.059,0.064
1.46990e-01,-0.059,0.062
1.47000e-01,-0.051,0.052
1.47010e-01,-0.055,0.06
1.47020e-01,-0.053,0.06
1.47030e-01,-0.059,0.062
1.47040e-01,-0.055,0.058
1.47050e-01,-0.057,0.064
1.47060e-01,-0.059,0.06
1.47070e-01,-0.061,0.064
1.47080e-01,-0.055,0.062
1.47090e-01,-0.061,0.066
1.47100e-01,-0.061,0.066
1.47110e-01,-0.063,0.064
1.47120e-01,-0.061,0.064
1.47130e-01,-0.057,0.06
1.47140e-01,-0.057,0.066
1.47150e-01,-0.059,0.064
1.47160e-01,-0.063,0.064
1.47170e-01,-0.059,0.064
1.47180e-01,-0.059,0.06
1.47190e-01,-0.063,0.064
1.47200e-01,-0.059,0.062
1.47210e-01,-0.061,0.064
1.47220e-01,-0.061,0.064
1.47230e-01,-0.061,0.066
1.47240e-01,-0.059,0.064
1.47250e-01,-0.059,0.064
1.47260e-01,-0.059,0.062
1.47270e-01,-0.061,0.064
1.47280e-01,-0.061,0.062
1.47290e-01,-0.057,0.06
1.47300e-01,-0.055,0.058
1.47310e-01,-0.063,0.062
1.47320e-01,-0.051,0.056
1.47330e-01,-0.061,0.066
1.47340e-01,-0.059,0.06
1.47350e-01,-0.057,0.062
1.47360e-01,-0.059,0.064
1.47370e-01,-0.059,0.06
1.47380e-01,-0.061,0.064
1.47390e-01,-0.061,0.064
1.47400e-01,-0.059,0.064
1.47410e-01,-0.057,0.064
1.47420e-01,-0.061,0.064
1.47430e-01,-0.063,0.062
1.47440e-01,-0.057,0.062
1.47450e-01,-0.061,0.064
1.47460e-01,-0.055,0.064
1.47470e-01,-0.059,0.07
1.47480e-01,-0.057,0.06
1.47490e-01,-0.059,0.058
1.47500e-01,-0.057,0.064
1.47510e-01,-0.061,0.062
1.47520e-01,-0.061,0.064
1.47530e-01,-0.061,0.062
1.47540e-01,-0.061,0.062
1.47550e-01,-0.059,0.062
1.47560e-01,-0.059,0.066
1.47570e-01,-0.063,0.066
1.47580e-01,-0.059,0.064
1.47590e-01,-0.061,0.06
1.47600e-01,-0.061,0.064
1.47610e-01,-0.061,0.062
1.47620e-01,-0.053,0.06
1.47630e-01,-0.055,0.06
1.47640e-01,-0.053,0.058
1.47650e-01,-0.061,0.066
1.47660e-01,-0.063,0.064
1.47670e-01,-0.055,0.06
1.47680e-01,-0.063,0.062
1.47690e-01,-0.057,0.062
1.47700e-01,-0.063,0.062
1.47710e-01,-0.059,0.062
1.47720e-01,-0.063,0.064
1.47730e-01,-0.063,0.064
1.47740e-01,-0.059,0.064
1.47750e-01,-0.061,0.062
1.47760e-01,-0.057,0.06
1.47770e-01,-0.059,0.06
1.47780e-01,-0.057,0.064
1.47790e-01,-0.055,0.06
1.47800e-01,-0.057,0.06
1.47810e-01,-0.059,0.06
1.47820e-01,-0.057,0.06
1.47830e-01,-0.043,0.048
1.47840e-01,-0.059,0.064
1.47850e-01,-0.055,0.06
1.47860e-01,-0.057,0.06
1.47870e-01,-0.063,0.064
1.47880e-01,-0.053,0.056
1.47890e-01,-0.063,0.064
1.47900e-01,-0.055,0.06
1.47910e-01,-0.059,0.062
1.47920e-01,-0.053,0.058
1.47930e-01,-0.049,0.06
1.47940e-01,-0.063,0.062
1.47950e-01,-0.055,0.062
1.47960e-01,-0.061,0.066
1.47970e-01,-0.061,0.064
1.47980e-01,-0.059,0.062
1.47990e-01,-0.057,0.064
1.48000e-01,-0.057,0.062
1.48010e-01,-0.061,0.066
1.48020e-01,-0.061,0.064
1.48030e-01,-0.051,0.056
1.48040e-01,-0.059,0.066
1.48050e-01,-0.057,0.06
1.48060e-01,-0.061,0.068
1.48070e-01,-0.057,0.06
1.48080e-01,-0.055,0.06
1.48090e-01,-0.057,0.062
1.48100e-01,-0.059,0.06
1.48110e-01,-0.057,0.06
1.48120e-01,-0.057,0.06
1.48130e-01,-0.057,0.06
1.48140e-01,-0.057,0.056
1.48150e-01,-0.063,0.062
1.48160e-01,-0.057,0.062
1.48170e-01,-0.061,0.064
1.48180e-01,-0.059,0.06
1.48190e-01,-0.057,0.06
1.48200e-01,-0.061,0.062
1.48210e-01,-0.059,0.064
1.48220e-01,-0.061,0.064
1.48230e-01,-0.063,0.064
1.48240e-01,-0.063,0.068
1.48250e-01,-0.059,0.06
1.48260e-01,-0.065,0.068
1.48270e-01,-0.055,0.064
1.48280e-01,-0.059,0.066
1.48290e-01,-0.063,0.066
1.48300e-01,-0.067,0.064
1.48310e-01,-0.059,0.066
1.48320e-01,-0.065,0.066
1.48330e-01,-0.063,0.064
1.48340e-01,-0.061,0.064
1.48350e-01,-0.061,0.066
1.48360e-01,-0.065,0.062
1.48370e-01,-0.059,0.064
1.48380e-01,-0.053,0.06
1.48390e-01,-0.057,0.06
1.48400e-01,-0.055,0.06
1.48410e-01,-0.059,0.064
1.48420e-01,-0.061,0.066
1.48430e-01,-0.059,0.062
1.48440e-01,-0.059,0.066
1.48450e-01,-0.061,0.068
1.48460e-01,-0.059,0.062
1.48470e-01,-0.059,0.062
1.48480e-01,-0.057,0.064
1.48490e-01,-0.059,0.068
1.48500e-01,-0.061,0.064
1.48510e-01,-0.055,0.062
1.48520e-01,-0.057,0.06
1.48530e-01,-0.061,0.064
1.48540e-01,-0.063,0.064
1.48550e-01,-0.059,0.064
1.48560e-01,-0.059,0.066
1.48570e-01,-0.061,0.064
1.48580e-01,-0.061,0.066
1.48590e-01,-0.065,0.066
1.48600e-01,-0.061,0.064
1.48610e-01,-0.059,0.062
1.48620e-01,-0.053,0.06
1.48630e-01,-0.049,0.054
1.48640e-01,-0.049,0.056
1.48650e-01,-0.051,0.06
1.48660e-01,-0.047,0.054
1.48670e-01,-0.057,0.06
1.48680e-01,-0.057,0.062
1.48690e-01,-0.035,0.04
1.48700e-01,-0.041,0.054
1.48710e-01,-0.047,0.054
1.48720e-01,-0.059,0.064
1.48730e-01,-0.053,0.056
1.48740e-01,-0.047,0.05
1.48750e-01,-0.051,0.056
1.48760e-01,-0.061,0.064
1.48770e-01,-0.061,0.06
1.48780e-01,-0.055,0.06
1.48790e-01,-0.061,0.064
1.48800e-01,-0.055,0.058
1.48810e-01,-0.059,0.064
1.48820e-01,-0.057,0.064
1.48830e-01,-0.061,0.066
1.48840e-01,-0.061,0.062
1.48850e-01,-0.057,0.062
1.48860e-01,-0.065,0.06
1.48870e-01,-0.057,0.06
1.48880e-01,-0.057,0.06
1.48890e-01,-0.055,0.058
1.48900e-01,-0.057,0.062
1.48910e-01,-0.057,0.06
1.48920e-01,-0.059,0.064
1.48930e-01,-0.057,0.06
1.48940e-01,-0.055,0.06
1.48950e-01,-0.061,0.062
1.48960e-01,-0.051,0.054
1.48970e-01,-0.055,0.056
1.48980e-01,-0.041,0.052
1.48990e-01,-0.057,0.06
1.49000e-01,-0.055,0.06
1.49010e-01,-0.059,0.062
1.49020e-01,-0.059,0.062
1.49030e-01,-0.057,0.062
1.49040e-01,-0.057,0.064
1.49050e-01,-0.061,0.064
1.49060e-01,-0.051,0.06
1.49070e-01,-0.043,0.046
1.49080e-01,-0.045,0.054
1.49090e-01,-0.049,0.054
1.49100e-01,-0.061,0.06
1.49110e-01,-0.057,0.064
1.49120e-01,-0.053,0.058
1.49130e-01,-0.049,0.054
1.49140e-01,-0.059,0.062
1.49150e-01,-0.061,0.062
1.49160e-01,-0.059,0.062
1.49170e-01,-0.059,0.064
1.49180e-01,-0.059,0.064
1.49190e-01,-0.059,0.064
1.49200e-01,-0.061,0.062
1.49210e-01,-0.059,0.06
1.49220e-01,-0.059,0.064
1.49230e-01,-0.061,0.064
1.49240e-01,-0.061,0.064
1.49250e-01,-0.059,0.064
1.49260e-01,-0.059,0.062
1.49270e-01,-0.065,0.064
1.49280e-01,-0.057,0.062
1.49290e-01,-0.059,0.062
1.49300e-01,-0.055,0.056
1.49310e-01,-0.063,0.066
1.49320e-01,-0.059,0.064
1.49330e-01,-0.057,0.06
1.49340e-01,-0.059,0.062
1.49350e-01,-0.059,0.062
1.49360e-01,-0.053,0.054
1.49370e-01,-0.057,0.058
1.49380e-01,-0.059,0.064
1.49390e-01,-0.055,0.062
1.49400e-01,-0.061,0.062
1.49410e-01,-0.059,0.062
1.49420e-01,-0.061,0.064
1.49430e-01,-0.057,0.06
1.49440e-01,-0.059,0.066
1.49450e-01,-0.061,0.064
1.49460e-01,-0.061,0.064
1.49470e-01,-0.059,0.06
1.49480e-01,-0.057,0.062
1.49490e-01,-0.061,0.064
1.49500e-01,-0.063,0.064
1.49510e-01,-0.059,0.062
1.49520e-01,-0.055,0.06
1.49530e-01,-0.063,0.062
1.49540e-01,-0.061,0.06
1.49550e-01,-0.063,0.066
1.49560e-01,-0.061,0.064
1.49570e-01,-0.059,0.066
1.49580e-01,-0.063,0.062
1.49590e-01,-0.063,0.064
1.49600e-01,-0.059,0.064
1.49610e-01,-0.059,0.06
1.49620e-01,-0.055,0.06
1.49630e-01,-0.061,0.064
1.49640e-01,-0.061,0.064
1.49650e-01,-0.061,0.06
1.49660e-01,-0.057,0.06
1.49670e-01,-0.049,0.058
1.49680e-01,-0.059,0.06
1.49690e-01,-0.059,0.064
1.49700e-01,-0.057,0.06
1.49710e-01,-0.059,0.064
1.49720e-01,-0.063,0.066
1.49730e-01,-0.055,0.064
1.49740e-01,-0.057,0.062
1.49750e-01,-0.061,0.062
1.49760e-01,-0.061,0.068
1.49770e-01,-0.061,0.062
1.49780e-01,-0.059,0.064
1.49790e-01,-0.061,0.064
1.49800e-01,-0.055,0.06
1.49810e-01,-0.055,0.052
1.49820e-01,-0.055,0.06
1.49830e-01,-0.063,0.068
1.49840e-01,-0.059,0.066
1.49850e-01,-0.059,0.064
1.49860e-01,-0.061,0.064
1.49870e-01,-0.063,0.064
1.49880e-01,-0.055,0.06
1.49890e-01,-0.061,0.062
1.49900e-01,-0.057,0.058
1.49910e-01,-0.061,0.064
1.49920e-01,-0.059,0.06
1.49930e-01,-0.061,0.062
1.49940e-01,-0.059,0.064
1.49950e-01,-0.059,0.064
1.49960e-01,-0.061,0.064
1.49970e-01,-0.061,0.062
1.49980e-01,-0.061,0.064
1.49990e-01,-0.059,0.064
1.50000e-01,-0.061,0.062
1.50010e-01,-0.059,0.064
1.50020e-01,-0.059,0.062
1.50030e-01,-0.063,0.064
1.50040e-01,-0.055,0.062
1.50050e-01,-0.061,0.064
1.50060e-01,-0.061,0.06
1.50070e-01,-0.061,0.062
1.50080e-01,-0.063,0.064
1.50090e-01,-0.053,0.058
1.50100e-01,-0.061,0.06
1.50110e-01,-0.057,0.058
1.50120e-01,-0.063,0.066
1.50130e-01,-0.057,0.06
1.50140e-01,-0.057,0.06
1.50150e-01,-0.041,0.046
1.50160e-01,-0.051,0.056
1.50170e-01,-0.055,0.06
1.50180e-01,-0.057,0.064
1.50190e-01,-0.059,0.062
1.50200e-01,-0.061,0.06
1.50210e-01,-0.061,0.06
1.50220e-01,-0.059,0.062
1.50230e-01,-0.059,0.062
1.50240e-01,-0.061,0.068
1.50250e-01,-0.061,0.064
1.50260e-01,-0.055,0.06
1.50270e-01,-0.067,0.068
1.50280e-01,-0.061,0.062
1.50290e-01,-0.061,0.062
1.50300e-01,-0.057,0.064
1.50310e-01,-0.063,0.066
1.50320e-01,-0.055,0.062
1.50330e-01,-0.061,0.062
1.50340e-01,-0.059,0.06
1.50350e-01,-0.061,0.06
1.50360e-01,-0.059,0.064
1.50370e-01,-0.063,0.062
1.50380e-01,-0.061,0.062
1.50390e-01,-0.061,0.06
1.50400e-01,-0.061,0.062
1.50410e-01,-0.063,0.062
1.50420e-01,-0.063,0.066
1.50430e-01,-0.063,0.064
1.50440e-01,-0.053,0.056
1.50450e-01,-0.061,0.062
1.50460e-01,-0.063,0.066
1.50470e-01,-0.059,0.066
1.50480e-01,-0.061,0.06
1.50490e-01,-0.059,0.06
1.50500e-01,-0.061,0.064
1.50510e-01,-0.061,0.064
1.50520e-01,-0.061,0.066
1.50530e-01,-0.061,0.064
1.50540e-01,-0.061,0.064
1.50550e-01,-0.061,0.064
1.50560e-01,-0.059,0.06
1.50570e-01,-0.061,0.066
1.50580e-01,-0.059,0.062
1.50590e-01,-0.061,0.068
1.50600e-01,-0.065,0.064
1.50610e-01,-0.055,0.062
1.50620e-01,-0.063,0.062
1.50630e-01,-0.061,0.062
1.50640e-01,-0.063,0.064
1.50650e-01,-0.061,0.062
1.50660e-01,-0.059,0.066
1.50670e-01,-0.061,0.066
1.50680e-01,-0.065,0.062
1.50690e-01,-0.059,0.064
1.50700e-01,-0.039,0.048
1.50710e-01,-0.059,0.062
1.50720e-01,-0.059,0.06
1.50730e-01,-0.061,0.066
1.50740e-01,-0.063,0.066
1.50750e-01,-0.055,0.058
1.50760e-01,-0.061,0.064
1.50770e-01,-0.055,0.06
1.50780e-01,-0.061,0.064
1.50790e-01,-0.061,0.064
1.50800e-01,-0.061,0.06
1.50810e-01,-0.063,0.062
1.50820e-01,-0.055,0.06
1.50830e-01,-0.059,0.062
1.50840e-01,-0.063,0.066
1.50850e-01,-0.053,0.054
1.50860e-01,-0.057,0.06
1.50870e-01,-0.057,0.056
1.50880e-01,-0.063,0.064
1.50890e-01,-0.059,0.06
1.50900e-01,-0.061,0.064
1.50910e-01,-0.059,0.062
1.50920e-01,-0.061,0.062
1.50930e-01,-0.061,0.064
1.50940e-01,-0.057,0.062
1.50950e-01,-0.059,0.062
1.50960e-01,-0.061,0.064
1.50970e-01,-0.061,0.06
1.50980e-01,-0.063,0.064
1.50990e-01,-0.059,0.06
1.51000e-01,-0.063,0.066
1.51010e-01,-0.065,0.06
1.51020e-01,-0.061,0.064
1.51030e-01,-0.053,0.054
1.51040e-01,-0.061,0.066
1.51050e-01,-0.061,0.064
1.51060e-01,-0.061,0.062
1.51070e-01,-0.059,0.064
1.51080e-01,-0.061,0.062
1.51090e-01,-0.055,0.06
1.51100e-01,-0.059,0.064
1.51110e-01,-0.057,0.06
1.51120e-01,-0.057,0.062
1.51130e-01,-0.057,0.06
1.51140e-01,-0.061,0.06
1.51150e-01,-0.059,0.06
1.51160e-01,-0.057,0.06
1.51170e-01,-0.061,0.064
1.51180e-01,-0.063,0.062
1.51190e-01,-0.063,0.06
1.51200e-01,-0.063,0.064
1.51210e-01,-0.061,0.064
1.51220e-01,-0.059,0.064
1.51230e-01,-0.059,0.066
1.51240e-01,-0.061,0.064
1.51250e-01,-0.061,0.064
1.51260e-01,-0.057,0.06
1.51270e-01,-0.061,0.064
1.51280e-01,-0.061,0.06
1.51290e-01,-0.059,0.064
1.51300e-01,-0.055,0.06
1.51310e-01,-0.059,0.06
1.51320e-01,-0.059,0.06
1.51330e-01,-0.061,0.06
1.51340e-01,-0.063,0.064
1.51350e-01,-0.061,0.062
1.51360e-01,-0.059,0.06
1.51370e-01,-0.057,0.06
1.51380e-01,-0.049,0.056
1.51390e-01,-0.059,0.062
1.51400e-01,-0.055,0.058
1.51410e-01,-0.063,0.062
1.51420e-01,-0.061,0.062
1.51430e-01,-0.057,0.06
1.51440e-01,-0.057,0.06
1.51450e-01,-0.057,0.06
1.51460e-01,-0.057,0.06
1.51470e-01,-0.057,0.062
1.51480e-01,-0.059,0.062
1.51490e-01,-0.063,0.064
1.51500e-01,-0.057,0.062
1.51510e-01,-0.063,0.062
1.51520e-01,-0.055,0.056
1.51530e-01,-0.057,0.064
1.51540e-01,-0.053,0.056
1.51550e-01,-0.061,0.062
1.51560e-01,-0.059,0.06
1.51570e-01,-0.057,0.062
1.51580e-01,-0.055,0.06
1.51590e-01,-0.051,0.058
1.51600e-01,-0.059,0.06
1.51610e-01,-0.065,0.06
1.51620e-01,-0.059,0.064
1.51630e-01,-0.061,0.064
1.51640e-01,-0.059,0.06
1.51650e-01,-0.063,0.062
1.51660e-01,-0.061,0.06
1.51670e-01,-0.061,0.062
1.51680e-01,-0.057,0.06
1.51690e-01,-0.061,0.062
1.51700e-01,-0.057,0.062
1.51710e-01,-0.059,0.062
1.51720e-01,-0.059,0.062
1.51730e-01,-0.057,0.06
1.51740e-01,-0.057,0.06
1.51750e-01,-0.063,0.064
1.51760e-01,-0.059,0.06
1.51770e-01,-0.055,0.06
1.51780e-01,-0.061,0.06
1.51790e-01,-0.061,0.064
1.51800e-01,-0.061,0.06
1.51810e-01,-0.059,0.062
1.51820e-01,-0.055,0.056
1.51830e-01,-0.059,0.064
1.51840e-01,-0.059,0.064
1.51850e-01,-0.061,0.064
1.51860e-01,-0.059,0.06
1.51870e-01,-0.059,0.06
1.51880e-01,-0.053,0.06
1.51890e-01,-0.063,0.064
1.51900e-01,-0.059,0.06
1.51910e-01,-0.057,0.062
1.51920e-01,-0.053,0.058
1.51930e-01,-0.055,0.06
1.51940e-01,-0.055,0.062
1.51950e-01,-0.055,0.058
1.51960e-01,-0.061,0.064
1.51970e-01,-0.059,0.062
1.51980e-01,-0.059,0.064
1.51990e-01,-0.061,0.064
1.52000e-01,-0.063,0.062
1.52010e-01,-0.059,0.062
1.52020e-01,-0.059,0.06
1.52030e-01,-0.055,0.06
1.52040e-01,-0.049,0.06
1.52050e-01,-0.061,0.062
1.52060e-01,-0.049,0.06
1.52070e-01,-0.059,0.06
1.52080e-01,-0.061,0.064
1.52090e-01,-0.057,0.064
1.52100e-01,-0.063,0.064
1.52110e-01,-0.061,0.06
1.52120e-01,-0.063,0.064
1.52130e-01,-0.055,0.058
1.52140e-01,-0.063,0.064
1.52150e-01,-0.061,0.064
1.52160e-01,-0.059,0.066
1.52170e-01,-0.057,0.06
1.52180e-01,-0.061,0.064
1.52190e-01,-0.065,0.064
1.52200e-01,-0.061,0.066
1.52210e-01,-0.053,0.058
1.52220e-01,-0.059,0.062
1.52230e-01,-0.057,0.062
1.52240e-01,-0.055,0.058
1.52250e-01,-0.057,0.064
1.52260e-01,-0.057,0.064
1.52270e-01,-0.063,0.062
1.52280e-01,-0.061,0.064
1.52290e-01,-0.061,0.064
1.52300e-01,-0.065,0.062
1.52310e-01,-0.059,0.064
1.52320e-01,-0.059,0.062
1.52330e-01,-0.057,0.062
1.52340e-01,-0.057,0.066
1.52350e-01,-0.047,0.056
1.52360e-01,-0.051,0.058
1.52370e-01,-0.055,0.058
1.52380e-01,-0.059,0.06
1.52390e-01,-0.059,0.06
1.52400e-01,-0.059,0.064
1.52410e-01,-0.063,0.062
1.52420e-01,-0.061,0.064
1.52430e-01,-0.063,0.068
1.52440e-01,-0.059,0.062
1.52450e-01,-0.061,0.064
1.52460e-01,-0.057,0.058
1.52470e-01,-0.063,0.064
1.52480e-01,-0.055,0.058
1.52490e-01,-0.061,0.062
1.52500e-01,-0.055,0.062
1.52510e-01,-0.059,0.064
1.52520e-01,-0.061,0.062
1.52530e-01,-0.059,0.06
1.52540e-01,-0.061,0.064
1.52550e-01,-0.059,0.06
1.52560e-01,-0.061,0.064
1.52570e-01,-0.059,0.06
1.52580e-01,-0.057,0.062
1.52590e-01,-0.059,0.062
1.52600e-01,-0.055,0.062
1.52610e-01,-0.061,0.064
1.52620e-01,-0.061,0.066
1.52630e-01,-0.063,0.062
1.52640e-01,-0.061,0.064
1.52650e-01,-0.063,0.064
1.52660e-01,-0.061,0.062
1.52670e-01,-0.059,0.062
1.52680e-01,-0.061,0.064
1.52690e-01,-0.063,0.066
1.52700e-01,-0.061,0.064
1.52710e-01,-0.057,0.058
1.52720e-01,-0.061,0.066
1.52730e-01,-0.059,0.066
1.52740e-01,-0.061,0.062
1.52750e-01,-0.059,0.062
1.52760e-01,-0.061,0.064
1.52770e-01,-0.059,0.062
1.52780e-01,-0.061,0.064
1.52790e-01,-0.055,0.064
1.52800e-01,-0.059,0.06
1.52810e-01,-0.057,0.062
1.52820e-01,-0.063,0.066
1.52830e-01,-0.055,0.06
1.52840e-01,-0.051,0.054
1.52850e-01,-0.047,0.048
1.52860e-01,-0.061,0.064
1.52870e-01,-0.063,0.064
1.52880e-01,-0.059,0.062
1.52890e-01,-0.063,0.068
1.52900e-01,-0.065,0.06
1.52910e-01,-0.065,0.064
1.52920e-01,-0.059,0.064
1.52930e-01,-0.055,0.06
1.52940e-01,-0.059,0.062
1.52950e-01,-0.063,0.062
1.52960e-01,-0.061,0.066
1.52970e-01,-0.059,0.062
1.52980e-01,-0.059,0.062
1.52990e-01,-0.061,0.066
1.53000e-01,-0.061,0.06
1.53010e-01,-0.061,0.064
1.53020e-01,-0.063,0.062
1.53030e-01,-0.061,0.064
1.53040e-01,-0.057,0.06
1.53050e-01,-0.059,0.062
1.53060e-01,-0.053,0.06
1.53070e-01,-0.059,0.062
1.53080e-01,-0.059,0.06
1.53090e-01,-0.059,0.064
1.53100e-01,-0.061,0.062
1.53110e-01,-0.061,0.066
1.53120e-01,-0.061,0.062
1.53130e-01,-0.057,0.062
1.53140e-01,-0.061,0.06
1.53150e-01,-0.053,0.058
1.53160e-01,-0.047,0.05
1.53170e-01,-0.047,0.05
1.53180e-01,-0.061,0.064
1.53190e-01,-0.053,0.058
1.53200e-01,-0.061,0.06
1.53210e-01,-0.051,0.06
1.53220e-01,-0.041,0.05
1.53230e-01,-0.041,0.052
1.53240e-01,-0.051,0.056
1.53250e-01,-0.059,0.064
1.53260e-01,-0.063,0.062
1.53270e-01,-0.061,0.062
1.53280e-01,-0.057,0.06
1.53290e-01,-0.061,0.06
1.53300e-01,-0.061,0.062
1.53310e-01,-0.063,0.064
1.53320e-01,-0.063,0.068
1.53330e-01,-0.059,0.06
1.53340e-01,-0.059,0.06
1.53350e-01,-0.049,0.052
1.53360e-01,-0.051,0.056
1.53370e-01,-0.051,0.058
1.53380e-01,-0.055,0.06
1.53390e-01,-0.057,0.058
1.53400e-01,-0.061,0.064
1.53410e-01,-0.055,0.06
1.53420e-01,-0.061,0.06
1.53430e-01,-0.061,0.062
1.53440e-01,-0.061,0.064
1.53450e-01,-0.055,0.06
1.53460e-01,-0.063,0.062
1.53470e-01,-0.061,0.064
1.53480e-01,-0.059,0.064
1.53490e-01,-0.059,0.062
1.53500e-01,-0.059,0.064
1.53510e-01,-0.059,0.064
1.53520e-01,-0.061,0.064
1.53530e-01,-0.059,0.064
1.53540e-01,-0.057,0.06
1.53550e-01,-0.061,0.062
1.53560e-01,-0.063,0.062
1.53570e-01,-0.063,0.066
1.53580e-01,-0.061,0.062
1.53590e-01,-0.061,0.064
1.53600e-01,-0.059,0.064
1.53610e-01,-0.049,0.05
1.53620e-01,-0.061,0.064
1.53630e-01,-0.055,0.06
1.53640e-01,-0.063,0.062
1.53650e-01,-0.049,0.058
1.53660e-01,-0.063,0.064
1.53670e-01,-0.059,0.064
1.53680e-01,-0.059,0.064
1.53690e-01,-0.059,0.064
1.53700e-01,-0.055,0.06
1.53710e-01,-0.059,0.06
1.53720e-01,-0.055,0.06
1.53730e-01,-0.061,0.064
1.53740e-01,-0.061,0.064
1.53750e-01,-0.063,0.064
1.53760e-01,-0.059,0.062
1.53770e-01,-0.055,0.062
1.53780e-01,-0.059,0.06
1.53790e-01,-0.059,0.064
1.53800e-01,-0.055,0.06
1.53810e-01,-0.059,0.062
1.53820e-01,-0.063,0.06
1.53830e-01,-0.063,0.064
1.53840e-01,-0.057,0.062
1.53850e-01,-0.061,0.064
1.53860e-01,-0.061,0.062
1.53870e-01,-0.055,0.06
1.53880e-01,-0.059,0.064
1.53890e-01,-0.061,0.066
1.53900e-01,-0.061,0.062
1.53910e-01,-0.053,0.058
1.53920e-01,-0.059,0.064
1.53930e-01,-0.061,0.062
1.53940e-01,-0.059,0.06
1.53950e-01,-0.061,0.064
1.53960e-01,-0.057,0.058
1.53970e-01,-0.063,0.062
1.53980e-01,-0.059,0.064
1.53990e-01,-0.059,0.062
1.54000e-01,-0.061,0.064
1.54010e-01,-0.053,0.06
1.54020e-01,-0.059,0.06
1.54030e-01,-0.063,0.064
1.54040e-01,-0.053,0.06
1.54050e-01,-0.063,0.064
1.54060e-01,-0.055,0.058
1.54070e-01,-0.061,0.064
1.54080e-01,-0.057,0.06
1.54090e-01,-0.061,0.062
1.54100e-01,-0.061,0.064
1.54110e-01,-0.057,0.06
1.54120e-01,-0.061,0.06
1.54130e-01,-0.059,0.06
1.54140e-01,-0.065,0.064
1.54150e-01,-0.061,0.06
1.54160e-01,-0.065,0.064
1.54170e-01,-0.055,0.062
1.54180e-01,-0.063,0.064
1.54190e-01,-0.055,0.06
1.54200e-01,-0.059,0.062
1.54210e-01,-0.057,0.06
1.54220e-01,-0.061,0.066
1.54230e-01,-0.061,0.066
1.54240e-01,-0.061,0.064
1.54250e-01,-0.059,0.064
1.54260e-01,-0.059,0.062
1.54270e-01,-0.063,0.062
1.54280e-01,-0.059,0.062
1.54290e-01,-0.055,0.056
1.54300e-01,-0.063,0.064
1.54310e-01,-0.061,0.062
1.54320e-01,-0.065,0.062
1.54330e-01,-0.057,0.064
1.54340e-01,-0.063,0.06
1.54350e-01,-0.053,0.056
1.54360e-01,-0.065,0.064
1.54370e-01,-0.051,0.062
1.54380e-01,-0.061,0.062
1.54390e-01,-0.059,0.064
1.54400e-01,-0.061,0.062
1.54410e-01,-0.061,0.068
1.54420e-01,-0.061,0.064
1.54430e-01,-0.061,0.066
1.54440e-01,-0.057,0.062
1.54450e-01,-0.061,0.064
1.54460e-01,-0.061,0.064
1.54470e-01,-0.061,0.064
1.54480e-01,-0.061,0.064
1.54490e-01,-0.059,0.064
1.54500e-01,-0.057,0.062
1.54510e-01,-0.061,0.062
1.54520e-01,-0.041,0.048
1.54530e-01,-0.059,0.064
1.54540e-01,-0.063,0.06
1.54550e-01,-0.063,0.064
1.54560e-01,-0.059,0.06
1.54570e-01,-0.059,0.062
1.54580e-01,-0.051,0.058
1.54590e-01,-0.059,0.062
1.54600e-01,-0.057,0.062
1.54610e-01,-0.061,0.06
1.54620e-01,-0.061,0.064
1.54630e-01,-0.059,0.062
1.54640e-01,-0.061,0.068
1.54650e-01,-0.059,0.06
1.54660e-01,-0.059,0.068
1.54670e-01,-0.063,0.064
1.54680e-01,-0.055,0.058
1.54690e-01,-0.059,0.06
1.54700e-01,-0.053,0.058
1.54710e-01,-0.065,0.062
1.54720e-01,-0.061,0.062
1.54730e-01,-0.063,0.068
1.54740e-01,-0.059,0.066
1.54750e-01,-0.065,0.068
1.54760e-01,-0.063,0.064
1.54770e-01,-0.059,0.062
1.54780e-01,-0.059,0.064
1.54790e-01,-0.049,0.054
1.54800e-01,-0.059,0.064
1.54810e-01,-0.061,0.062
1.54820e-01,-0.061,0.068
1.54830e-01,-0.059,0.06
1.54840e-01,-0.063,0.066
1.54850e-01,-0.053,0.056
1.54860e-01,-0.059,0.064
1.54870e-01,-0.057,0.06
1.54880e-01,-0.061,0.062
1.54890e-01,-0.059,0.062
1.54900e-01,-0.061,0.062
1.54910e-01,-0.055,0.06
1.54920e-01,-0.061,0.06
1.54930e-01,-0.059,0.06
1.54940e-01,-0.063,0.066
1.54950e-01,-0.057,0.062
1.54960e-01,-0.061,0.066
1.54970e-01,-0.063,0.064
1.54980e-01,-0.061,0.064
1.54990e-01,-0.061,0.066
1.55000e-01,-0.061,0.06
1.55010e-01,-0.051,0.056
1.55020e-01,-0.059,0.062
1.55030e-01,-0.059,0.064
1.55040e-01,-0.061,0.062
1.55050e-01,-0.059,0.062
1.55060e-01,-0.063,0.06
1.55070e-01,-0.061,0.068
1.55080e-01,-0.043,0.046
1.55090e-01,-0.055,0.06
1.55100e-01,-0.059,0.06
1.55110e-01,-0.057,0.06
1.55120e-01,-0.061,0.064
1.55130e-01,-0.059,0.06
1.55140e-01,-0.047,0.056
1.55150e-01,-0.059,0.066
1.55160e-01,-0.053,0.058
1.55170e-01,-0.059,0.064
1.55180e-01,-0.055,0.058
1.55190e-01,-0.061,0.066
1.55200e-01,-0.057,0.058
1.55210e-01,-0.061,0.06
1.55220e-01,-0.059,0.062
1.55230e-01,-0.059,0.062
1.55240e-01,-0.059,0.064
1.55250e-01,-0.059,0.062
1.55260e-01,-0.059,0.064
1.55270e-01,-0.057,0.064
1.55280e-01,-0.055,0.058
1.55290e-01,-0.059,0.064
1.55300e-01,-0.061,0.064
1.55310e-01,-0.061,0.062
1.55320e-01,-0.059,0.064
1.55330e-01,-0.059,0.06
1.55340e-01,-0.043,0.048
1.55350e-01,-0.061,0.062
1.55360e-01,-0.051,0.058
1.55370e-01,-0.059,0.062
1.55380e-01,-0.057,0.064
1.55390e-01,-0.061,0.064
1.55400e-01,-0.063,0.064
1.55410e-01,-0.059,0.06
1.55420e-01,-0.061,0.064
1.55430e-01,-0.053,0.056
1.55440e-01,-0.059,0.06
1.55450e-01,-0.059,0.062
1.55460e-01,-0.061,0.06
1.55470e-01,-0.049,0.054
1.55480e-01,-0.061,0.064
1.55490e-01,-0.045,0.054
1.55500e-01,-0.059,0.064
1.55510e-01,-0.057,0.062
1.55520e-01,-0.057,0.06
1.55530e-01,-0.061,0.064
1.55540e-01,-0.059,0.062
1.55550e-01,-0.053,0.056
1.55560e-01,-0.053,0.056
1.55570e-01,-0.061,0.062
1.55580e-01,-0.059,0.064
1.55590e-01,-0.061,0.066
1.55600e-01,-0.059,0.06
1.55610e-01,-0.061,0.062
1.55620e-01,-0.061,0.064
1.55630e-01,-0.059,0.064
1.55640e-01,-0.057,0.064
1.55650e-01,-0.063,0.062
1.55660e-01,-0.057,0.06
1.55670e-01,-0.059,0.06
1.55680e-01,-0.053,0.06
1.55690e-01,-0.061,0.062
1.55700e-01,-0.055,0.06
1.55710e-01,-0.059,0.062
1.55720e-01,-0.051,0.058
1.55730e-01,-0.063,0.064
1.55740e-01,-0.055,0.06
1.55750e-01,-0.055,0.062
1.55760e-01,-0.061,0.064
1.55770e-01,-0.061,0.062
1.55780e-01,-0.059,0.06
1.55790e-01,-0.059,0.062
1.55800e-01,-0.049,0.058
1.55810e-01,-0.061,0.064
1.55820e-01,-0.055,0.06
1.55830e-01,-0.059,0.064
1.55840e-01,-0.049,0.054
1.55850e-01,-0.061,0.064
1.55860e-01,-0.055,0.06
1.55870e-01,-0.061,0.064
1.55880e-01,-0.061,0.064
1.55890e-01,-0.057,0.06
1.55900e-01,-0.061,0.062
1.55910e-01,-0.059,0.062
1.55920e-01,-0.061,0.064
1.55930e-01,-0.061,0.068
1.55940e-01,-0.059,0.06
1.55950e-01,-0.059,0.06
1.55960e-01,-0.055,0.056
1.55970e-01,-0.061,0.062
1.55980e-01,-0.053,0.06
1.55990e-01,-0.057,0.06
1.56000e-01,-0.063,0.064
1.56010e-01,-0.057,0.06
1.56020e-01,-0.061,0.064
1.56030e-01,-0.063,0.064
1.56040e-01,-0.061,0.066
1.56050e-01,-0.061,0.064
1.56060e-01,-0.059,0.064
1.56070e-01,-0.055,0.058
1.56080e-01,-0.061,0.064
1.56090e-01,-0.059,0.064
1.56100e-01,-0.059,0.064
1.56110e-01,-0.063,0.066
1.56120e-01,-0.061,0.062
1.56130e-01,-0.059,0.062
1.56140e-01,-0.057,0.062
1.56150e-01,-0.059,0.06
1.56160e-01,-0.059,0.06
1.56170e-01,-0.059,0.068
1.56180e-01,-0.055,0.06
1.56190e-01,-0.063,0.066
1.56200e-01,-0.057,0.06
1.56210e-01,-0.061,0.066
1.56220e-01,-0.059,0.06
1.56230e-01,-0.057,0.064
1.56240e-01,-0.059,0.064
1.56250e-01,-0.057,0.062
1.56260e-01,-0.055,0.06
1.56270e-01,-0.057,0.064
1.56280e-01,-0.045,0.048
1.56290e-01,-0.063,0.066
1.56300e-01,-0.055,0.06
1.56310e-01,-0.051,0.054
1.56320e-01,-0.057,0.062
1.56330e-01,-0.049,0.054
1.56340e-01,-0.061,0.064
1.56350e-01,-0.057,0.06
1.56360e-01,-0.059,0.06
1.56370e-01,-0.061,0.06
1.56380e-01,-0.061,0.064
1.56390e-01,-0.047,0.054
1.56400e-01,-0.061,0.064
1.56410e-01,-0.055,0.06
1.56420e-01,-0.049,0.056
1.56430e-01,-0.055,0.06
1.56440e-01,-0.043,0.046
1.56450e-01,-0.055,0.06
1.56460e-01,-0.049,0.054
1.56470e-01,-0.055,0.06
1.56480e-01,-0.063,0.064
1.56490e-01,-0.061,0.064
1.56500e-01,-0.061,0.064
1.56510e-01,-0.055,0.06
1.56520e-01,-0.061,0.068
1.56530e-01,-0.051,0.058
1.56540e-01,-0.059,0.064
1.56550e-01,-0.051,0.058
1.56560e-01,-0.059,0.062
1.56570e-01,-0.053,0.056
1.56580e-01,-0.055,0.054
1.56590e-01,-0.063,0.064
1.56600e-01,-0.061,0.064
1.56610e-01,-0.059,0.064
1.56620e-01,-0.059,0.064
1.56630e-01,-0.061,0.06
1.56640e-01,-0.053,0.058
1.56650e-01,-0.059,0.06
1.56660e-01,-0.057,0.06
1.56670e-01,-0.063,0.066
1.56680e-01,-0.055,0.064
1.56690e-01,-0.059,0.064
1.56700e-01,-0.055,0.06
1.56710e-01,-0.061,0.066
1.56720e-01,-0.063,0.064
1.56730e-01,-0.057,0.064
1.56740e-01,-0.059,0.06
1.56750e-01,-0.063,0.066
1.56760e-01,-0.061,0.062
1.56770e-01,-0.061,0.062
1.56780e-01,-0.055,0.06
1.56790e-01,-0.055,0.06
1.56800e-01,-0.051,0.054
1.56810e-01,-0.063,0.066
1.56820e-01,-0.053,0.06
1.56830e-01,-0.061,0.062
1.56840e-01,-0.037,0.044
1.56850e-01,-0.061,0.066
1.56860e-01,-0.059,0.064
1.56870e-01,-0.059,0.064
1.56880e-01,-0.061,0.064
1.56890e-01,-0.057,0.06
1.56900e-01,-0.061,0.064
1.56910e-01,-0.057,0.06
1.56920e-01,-0.057,0.06
1.56930e-01,-0.059,0.062
1.56940e-01,-0.063,0.066
1.56950e-01,-0.055,0.058
1.56960e-01,-0.059,0.064
1.56970e-01,-0.061,0.06
1.56980e-01,-0.063,0.064
1.56990e-01,-0.061,0.064
1.57000e-01,-0.055,0.062
1.57010e-01,-0.057,0.064
1.57020e-01,-0.061,0.06
1.57030e-01,-0.061,0.062
1.57040e-01,-0.061,0.064
1.57050e-01,-0.045,0.052
1.57060e-01,-0.057,0.06
1.57070e-01,-0.051,0.054
1.57080e-01,-0.061,0.064
1.57090e-01,-0.053,0.056
1.57100e-01,-0.055,0.056
1.57110e-01,-0.045,0.054
1.57120e-01,-0.059,0.062
1.57130e-01,-0.055,0.06
1.57140e-01,-0.063,0.062
1.57150e-01,-0.057,0.062
1.57160e-01,-0.059,0.064
1.57170e-01,-0.059,0.06
1.57180e-01,-0.063,0.06
1.57190e-01,-0.053,0.06
1.57200e-01,-0.061,0.068
1.57210e-01,-0.061,0.064
1.57220e-01,-0.051,0.056
1.57230e-01,-0.061,0.062
1.57240e-01,-0.053,0.056
1.57250e-01,-0.061,0.068
1.57260e-01,-0.049,0.052
1.57270e-01,-0.061,0.066
1.57280e-01,-0.061,0.062
1.57290e-01,-0.059,0.058
1.57300e-01,-0.055,0.058
1.57310e-01,-0.061,0.062
1.57320e-01,-0.057,0.06
1.57330e-01,-0.057,0.062
1.57340e-01,-0.051,0.058
1.57350e-01,-0.061,0.068
1.57360e-01,-0.059,0.064
1.57370e-01,-0.063,0.062
1.57380e-01,-0.061,0.062
1.57390e-01,-0.055,0.058
1.57400e-01,-0.061,0.064
1.57410e-01,-0.049,0.054
1.57420e-01,-0.061,0.068
1.57430e-01,-0.053,0.06
1.57440e-01,-0.061,0.064
1.57450e-01,-0.061,0.06
1.57460e-01,-0.063,0.062
1.57470e-01,-0.061,0.06
1.57480e-01,-0.057,0.06
1.57490e-01,-0.059,0.06
1.57500e-01,-0.061,0.062
1.57510e-01,-0.045,0.052
1.57520e-01,-0.065,0.066
1.57530e-01,-0.059,0.06
1.57540e-01,-0.061,0.068
1.57550e-01,-0.057,0.064
1.57560e-01,-0.055,0.066
1.57570e-01,-0.059,0.062
1.57580e-01,-0.063,0.068
1.57590e-01,-0.055,0.062
1.57600e-01,-0.061,0.062
1.57610e-01,-0.059,0.064
1.57620e-01,-0.061,0.064
1.57630e-01,-0.057,0.062
1.57640e-01,-0.061,0.066
1.57650e-01,-0.061,0.068
1.57660e-01,-0.063,0.062
1.57670e-01,-0.063,0.064
1.57680e-01,-0.061,0.064
1.57690e-01,-0.061,0.064
1.57700e-01,-0.059,0.06
1.57710e-01,-0.053,0.056
1.57720e-01,-0.061,0.064
1.57730e-01,-0.063,0.064
1.57740e-01,-0.061,0.06
1.57750e-01,-0.059,0.06
1.57760e-01,-0.055,0.06
1.57770e-01,-0.061,0.066
1.57780e-01,-0.061,0.064
1.57790e-01,-0.059,0.064
1.57800e-01,-0.061,0.062
1.57810e-01,-0.057,0.064
1.57820e-01,-0.059,0.062
1.57830e-01,-0.061,0.066
1.57840e-01,-0.061,0.068
1.57850e-01,-0.057,0.058
1.57860e-01,-0.057,0.06
1.57870e-01,-0.053,0.06
1.57880e-01,-0.057,0.06
1.57890e-01,-0.045,0.052
1.57900e-01,-0.063,0.062
1.57910e-01,-0.061,0.066
1.57920e-01,-0.059,0.064
1.57930e-01,-0.057,0.062
1.57940e-01,-0.063,0.064
1.57950e-01,-0.055,0.06
1.57960e-01,-0.059,0.064
1.57970e-01,-0.057,0.06
1.57980e-01,-0.059,0.062
1.57990e-01,-0.061,0.062
1.58000e-01,-0.047,0.058
1.58010e-01,-0.063,0.066
1.58020e-01,-0.049,0.056
1.58030e-01,-0.059,0.066
1.58040e-01,-0.059,0.06
1.58050e-01,-0.059,0.058
1.58060e-01,-0.057,0.062
1.58070e-01,-0.047,0.052
1.58080e-01,-0.057,0.064
1.58090e-01,-0.051,0.054
1.58100e-01,-0.059,0.064
1.58110e-01,-0.059,0.062
1.58120e-01,-0.059,0.064
1.58130e-01,-0.059,0.06
1.58140e-01,-0.061,0.062
1.58150e-01,-0.061,0.066
1.58160e-01,-0.059,0.064
1.58170e-01,-0.061,0.06
1.58180e-01,-0.061,0.06
1.58190e-01,-0.059,0.064
1.58200e-01,-0.055,0.06
1.58210e-01,-0.057,0.064
1.58220e-01,-0.057,0.06
1.58230e-01,-0.061,0.064
1.58240e-01,-0.057,0.062
1.58250e-01,-0.055,0.06
1.58260e-01,-0.059,0.058
1.58270e-01,-0.061,0.062
1.58280e-01,-0.039,0.038
1.58290e-01,-0.059,0.064
1.58300e-01,-0.059,0.064
1.58310e-01,-0.057,0.066
1.58320e-01,-0.059,0.064
1.58330e-01,-0.059,0.062
1.58340e-01,-0.063,0.064
1.58350e-01,-0.059,0.066
1.58360e-01,-0.057,0.064
1.58370e-01,-0.053,0.06
1.58380e-01,-0.061,0.062
1.58390e-01,-0.059,0.06
1.58400e-01,-0.061,0.064
1.58410e-01,-0.045,0.048
1.58420e-01,-0.061,0.064
1.58430e-01,-0.055,0.06
1.58440e-01,-0.057,0.062
1.58450e-01,-0.057,0.062
1.58460e-01,-0.045,0.052
1.58470e-01,-0.061,0.066
1.58480e-01,-0.059,0.064
1.58490e-01,-0.059,0.064
1.58500e-01,-0.053,0.056
1.58510e-01,-0.061,0.064
1.58520e-01,-0.055,0.06
1.58530e-01,-0.059,0.062
1.58540e-01,-0.059,0.066
1.58550e-01,-0.061,0.064
1.58560e-01,-0.061,0.062
1.58570e-01,-0.059,0.064
1.58580e-01,-0.057,0.062
1.58590e-01,-0.055,0.058
1.58600e-01,-0.057,0.064
1.58610e-01,-0.049,0.058
1.58620e-01,-0.057,0.064
1.58630e-01,-0.051,0.056
1.58640e-01,-0.059,0.06
1.58650e-01,-0.059,0.064
1.58660e-01,-0.057,0.064
1.58670e-01,-0.061,0.064
1.58680e-01,-0.063,0.064
1.58690e-01,-0.059,0.062
1.58700e-01,-0.061,0.064
1.58710e-01,-0.055,0.06
1.58720e-01,-0.061,0.06
1.58730e-01,-0.051,0.056
1.58740e-01,-0.059,0.066
1.58750e-01,-0.061,0.064
1.58760e-01,-0.059,0.062
1.58770e-01,-0.059,0.064
1.58780e-01,-0.061,0.068
1.58790e-01,-0.059,0.066
1.58800e-01,-0.063,0.062
1.58810e-01,-0.059,0.062
1.58820e-01,-0.061,0.07
1.58830e-01,-0.059,0.062
1.58840e-01,-0.063,0.062
1.58850e-01,-0.055,0.06
1.58860e-01,-0.061,0.066
1.58870e-01,-0.057,0.06
1.58880e-01,-0.059,0.064
1.58890e-01,-0.059,0.06
1.58900e-01,-0.061,0.064
1.58910e-01,-0.063,0.062
1.58920e-01,-0.049,0.058
1.58930e-01,-0.059,0.064
1.58940e-01,-0.061,0.064
1.58950e-01,-0.061,0.064
1.58960e-01,-0.055,0.058
1.58970e-01,-0.061,0.064
1.58980e-01,-0.059,0.064
1.58990e-01,-0.057,0.06
1.59000e-01,-0.057,0.06
1.59010e-01,-0.043,0.048
1.59020e-01,-0.059,0.062
1.59030e-01,-0.051,0.056
1.59040e-01,-0.059,0.062
1.59050e-01,-0.061,0.064
1.59060e-01,-0.061,0.062
1.59070e-01,-0.061,0.062
1.59080e-01,-0.055,0.056
1.59090e-01,-0.061,0.062
1.59100e-01,-0.055,0.058
1.59110e-01,-0.057,0.06
1.59120e-01,-0.059,0.06
1.59130e-01,-0.061,0.062
1.59140e-01,-0.055,0.058
1.59150e-01,-0.057,0.064
1.59160e-01,-0.061,0.06
1.59170e-01,-0.057,0.06
1.59180e-01,-0.057,0.062
1.59190e-01,-0.059,0.062
1.59200e-01,-0.049,0.058
1.59210e-01,-0.061,0.062
1.59220e-01,-0.051,0.056
1.59230e-01,-0.061,0.062
1.59240e-01,-0.053,0.06
1.59250e-01,-0.055,0.058
1.59260e-01,-0.063,0.066
1.59270e-01,-0.059,0.062
1.59280e-01,-0.057,0.06
1.59290e-01,-0.057,0.062
1.59300e-01,-0.063,0.062
1.59310e-01,-0.059,0.06
1.59320e-01,-0.059,0.064
1.59330e-01,-0.063,0.064
1.59340e-01,-0.059,0.062
1.59350e-01,-0.061,0.062
1.59360e-01,-0.055,0.058
1.59370e-01,-0.057,0.06
1.59380e-01,-0.057,0.062
1.59390e-01,-0.061,0.06
1.59400e-01,-0.059,0.064
1.59410e-01,-0.059,0.062
1.59420e-01,-0.053,0.056
1.59430e-01,-0.059,0.064
1.59440e-01,-0.057,0.06
1.59450e-01,-0.061,0.064
1.59460e-01,-0.057,0.06
1.59470e-01,-0.059,0.06
1.59480e-01,-0.053,0.058
1.59490e-01,-0.059,0.062
1.59500e-01,-0.061,0.064
1.59510e-01,-0.051,0.06
1.59520e-01,-0.053,0.06
1.59530e-01,-0.055,0.06
1.59540e-01,-0.057,0.06
1.59550e-01,-0.059,0.06
1.59560e-01,-0.063,0.064
1.59570e-01,-0.059,0.062
1.59580e-01,-0.059,0.06
1.59590e-01,-0.055,0.062
1.59600e-01,-0.063,0.062
1.59610e-01,-0.065,0.066
1.59620e-01,-0.061,0.064
1.59630e-01,-0.047,0.05
1.59640e-01,-0.065,0.064
1.59650e-01,-0.055,0.06
1.59660e-01,-0.059,0.066
1.59670e-01,-0.061,0.064
1.59680e-01,-0.051,0.06
1.59690e-01,-0.047,0.052
1.59700e-01,-0.063,0.062
1.59710e-01,-0.059,0.064
1.59720e-01,-0.057,0.06
1.59730e-01,-0.059,0.06
1.59740e-01,-0.049,0.05
1.59750e-01,-0.061,0.064
1.59760e-01,-0.061,0.06
1.59770e-01,-0.059,0.062
1.59780e-01,-0.059,0.064
1.59790e-01,-0.059,0.062
1.59800e-01,-0.065,0.066
1.59810e-01,-0.061,0.062
1.59820e-01,-0.063,0.064
1.59830e-01,-0.057,0.058
1.59840e-01,-0.065,0.062
1.59850e-01,-0.059,0.062
1.59860e-01,-0.055,0.062
1.59870e-01,-0.059,0.062
1.59880e-01,-0.057,0.062
1.59890e-01,-0.063,0.062
1.59900e-01,-0.055,0.062
1.59910e-01,-0.057,0.06
1.59920e-01,-0.059,0.062
1.59930e-01,-0.061,0.064
1.59940e-01,-0.059,0.062
1.59950e-01,-0.057,0.066
1.59960e-01,-0.057,0.06
1.59970e-01,-0.059,0.06
1.59980e-01,-0.061,0.062
1.59990e-01,-0.061,0.062
1.60000e-01,-0.057,0.064
1.60010e-01,-0.057,0.064
1.60020e-01,-0.061,0.06
1.60030e-01,-0.059,0.064
1.60040e-01,-0.053,0.056
1.60050e-01,-0.059,0.06
1.60060e-01,-0.051,0.058
1.60070e-01,-0.061,0.06
1.60080e-01,-0.053,0.056
1.60090e-01,-0.061,0.062
1.60100e-01,-0.059,0.06
1.60110e-01,-0.057,0.064
1.60120e-01,-0.063,0.062
1.60130e-01,-0.061,0.064
1.60140e-01,-0.065,0.064
1.60150e-01,-0.063,0.064
1.60160e-01,-0.059,0.062
1.60170e-01,-0.061,0.062
1.60180e-01,-0.061,0.062
1.60190e-01,-0.055,0.058
1.60200e-01,-0.063,0.062
1.60210e-01,-0.059,0.068
1.60220e-01,-0.059,0.062
1.60230e-01,-0.057,0.062
1.60240e-01,-0.061,0.062
1.60250e-01,-0.059,0.06
1.60260e-01,-0.059,0.062
1.60270e-01,-0.063,0.066
1.60280e-01,-0.055,0.06
1.60290e-01,-0.057,0.064
1.60300e-01,-0.053,0.06
1.60310e-01,-0.063,0.064
1.60320e-01,-0.033,0.042
1.60330e-01,-0.059,0.064
1.60340e-01,-0.055,0.06
1.60350e-01,-0.057,0.062
1.60360e-01,-0.059,0.06
1.60370e-01,-0.059,0.064
1.60380e-01,-0.063,0.064
1.60390e-01,-0.047,0.054
1.60400e-01,-0.059,0.06
1.60410e-01,-0.055,0.054
1.60420e-01,-0.063,0.066
1.60430e-01,-0.053,0.056
1.60440e-01,-0.051,0.054
1.60450e-01,-0.059,0.062
1.60460e-01,-0.055,0.06
1.60470e-01,-0.061,0.064
1.60480e-01,-0.059,0.064
1.60490e-01,-0.059,0.062
1.60500e-01,-0.057,0.064
1.60510e-01,-0.061,0.062
1.60520e-01,-0.057,0.06
1.60530e-01,-0.055,0.058
1.60540e-01,-0.063,0.06
1.60550e-01,-0.051,0.054
1.60560e-01,-0.059,0.062
1.60570e-01,-0.053,0.058
1.60580e-01,-0.061,0.064
1.60590e-01,-0.053,0.062
1.60600e-01,-0.059,0.064
1.60610e-01,-0.059,0.064
1.60620e-01,-0.063,0.066
1.60630e-01,-0.059,0.062
1.60640e-01,-0.059,0.066
1.60650e-01,-0.061,0.062
1.60660e-01,-0.059,0.062
1.60670e-01,-0.051,0.06
1.60680e-01,-0.057,0.06
1.60690e-01,-0.059,0.062
1.60700e-01,-0.047,0.052
1.60710e-01,-0.061,0.062
1.60720e-01,-0.047,0.056
1.60730e-01,-0.057,0.064
1.60740e-01,-0.053,0.054
1.60750e-01,-0.061,0.062
1.60760e-01,-0.059,0.062
1.60770e-01,-0.061,0.062
1.60780e-01,-0.063,0.064
1.60790e-01,-0.055,0.062
1.60800e-01,-0.055,0.06
1.60810e-01,-0.061,0.062
1.60820e-01,-0.059,0.058
1.60830e-01,-0.053,0.054
1.60840e-01,-0.059,0.062
1.60850e-01,-0.055,0.06
1.60860e-01,-0.061,0.062
1.60870e-01,-0.059,0.064
1.60880e-01,-0.063,0.064
1.60890e-01,-0.061,0.062
1.60900e-01,-0.053,0.056
1.60910e-01,-0.059,0.066
1.60920e-01,-0.061,0.06
1.60930e-01,-0.065,0.064
1.60940e-01,-0.059,0.062
1.60950e-01,-0.055,0.056
1.60960e-01,-0.063,0.064
1.60970e-01,-0.061,0.064
1.60980e-01,-0.065,0.064
1.60990e-01,-0.059,0.064
1.61000e-01,-0.063,0.062
1.61010e-01,-0.057,0.066
1.61020e-01,-0.057,0.064
1.61030e-01,-0.061,0.064
1.61040e-01,-0.061,0.062
1.61050e-01,-0.063,0.06
1.61060e-01,-0.059,0.064
1.61070e-01,-0.063,0.064
1.61080e-01,-0.057,0.062
1.61090e-01,-0.061,0.062
1.61100e-01,-0.061,0.066
1.61110e-01,-0.059,0.06
1.61120e-01,-0.061,0.062
1.61130e-01,-0.061,0.066
1.61140e-01,-0.059,0.06
1.61150e-01,-0.057,0.064
1.61160e-01,-0.055,0.062
1.61170e-01,-0.057,0.06
1.61180e-01,-0.055,0.06
1.61190e-01,-0.055,0.056
1.61200e-01,-0.061,0.066
1.61210e-01,-0.061,0.066
1.61220e-01,-0.057,0.062
1.61230e-01,-0.061,0.062
1.61240e-01,-0.061,0.064
1.61250e-01,-0.057,0.06
1.61260e-01,-0.057,0.062
1.61270e-01,-0.053,0.06
1.61280e-01,-0.061,0.062
1.61290e-01,-0.055,0.06
1.61300e-01,-0.059,0.06
1.61310e-01,-0.059,0.066
1.61320e-01,-0.063,0.066
1.61330e-01,-0.059,0.06
1.61340e-01,-0.061,0.062
1.61350e-01,-0.061,0.062
1.61360e-01,-0.057,0.06
1.61370e-01,-0.059,0.064
1.61380e-01,-0.053,0.06
1.61390e-01,-0.063,0.066
1.61400e-01,-0.053,0.054
1.61410e-01,-0.061,0.06
1.61420e-01,-0.049,0.052
1.61430e-01,-0.061,0.062
1.61440e-01,-0.053,0.058
1.61450e-01,-0.059,0.062
1.61460e-01,-0.053,0.06
1.61470e-01,-0.059,0.062
1.61480e-01,-0.057,0.06
1.61490e-01,-0.061,0.062
1.61500e-01,-0.059,0.064
1.61510e-01,-0.059,0.06
1.61520e-01,-0.059,0.06
1.61530e-01,-0.055,0.062
1.61540e-01,-0.063,0.062
1.61550e-01,-0.061,0.062
1.61560e-01,-0.063,0.062
1.61570e-01,-0.061,0.064
1.61580e-01,-0.059,0.066
1.61590e-01,-0.047,0.054
1.61600e-01,-0.061,0.062
1.61610e-01,-0.063,0.064
1.61620e-01,-0.059,0.06
1.61630e-01,-0.065,0.066
1.61640e-01,-0.059,0.064
1.61650e-01,-0.063,0.064
1.61660e-01,-0.059,0.064
1.61670e-01,-0.061,0.064
1.61680e-01,-0.059,0.062
1.61690e-01,-0.057,0.06
1.61700e-01,-0.053,0.058
1.61710e-01,-0.061,0.064
1.61720e-01,-0.055,0.058
1.61730e-01,-0.051,0.06
1.61740e-01,-0.061,0.06
1.61750e-01,-0.047,0.054
1.61760e-01,-0.055,0.06
1.61770e-01,-0.049,0.054
1.61780e-01,-0.059,0.064
1.61790e-01,-0.057,0.064
1.61800e-01,-0.059,0.062
1.61810e-01,-0.059,0.058
1.61820e-01,-0.057,0.062
1.61830e-01,-0.061,0.064
1.61840e-01,-0.065,0.062
1.61850e-01,-0.061,0.062
1.61860e-01,-0.055,0.06
1.61870e-01,-0.061,0.064
1.61880e-01,-0.059,0.064
1.61890e-01,-0.061,0.066
1.61900e-01,-0.059,0.062
1.61910e-01,-0.063,0.064
1.61920e-01,-0.061,0.066
1.61930e-01,-0.057,0.062
1.61940e-01,-0.061,0.06
1.61950e-01,-0.059,0.06
1.61960e-01,-0.059,0.06
1.61970e-01,-0.059,0.062
1.61980e-01,-0.061,0.064
1.61990e-01,-0.051,0.054
1.62000e-01,-0.059,0.064
1.62010e-01,-0.055,0.058
1.62020e-01,-0.057,0.06
1.62030e-01,-0.059,0.062
1.62040e-01,-0.059,0.06
1.62050e-01,-0.063,0.064
1.62060e-01,-0.051,0.054
1.62070e-01,-0.061,0.064
1.62080e-01,-0.049,0.054
1.62090e-01,-0.061,0.064
1.62100e-01,-0.055,0.06
1.62110e-01,-0.059,0.066
1.62120e-01,-0.059,0.068
1.62130e-01,-0.053,0.062
1.62140e-01,-0.057,0.06
1.62150e-01,-0.059,0.062
1.62160e-01,-0.055,0.062
1.62170e-01,-0.063,0.066
1.62180e-01,-0.061,0.06
1.62190e-01,-0.061,0.064
1.62200e-01,-0.061,0.064
1.62210e-01,-0.059,0.064
1.62220e-01,-0.057,0.06
1.62230e-01,-0.059,0.064
1.62240e-01,-0.059,0.064
1.62250e-01,-0.063,0.064
1.62260e-01,-0.057,0.062
1.62270e-01,-0.057,0.06
1.62280e-01,-0.059,0.064
1.62290e-01,-0.061,0.06
1.62300e-01,-0.051,0.058
1.62310e-01,-0.059,0.064
1.62320e-01,-0.059,0.064
1.62330e-01,-0.057,0.062
1.62340e-01,-0.053,0.054
1.62350e-01,-0.061,0.06
1.62360e-01,-0.057,0.06
1.62370e-01,-0.059,0.064
1.62380e-01,-0.061,0.064
1.62390e-01,-0.059,0.062
1.62400e-01,-0.061,0.064
1.62410e-01,-0.059,0.064
1.62420e-01,-0.061,0.064
1.62430e-01,-0.065,0.062
1.62440e-01,-0.059,0.062
1.62450e-01,-0.059,0.06
1.62460e-01,-0.053,0.06
1.62470e-01,-0.051,0.056
1.62480e-01,-0.055,0.06
1.62490e-01,-0.049,0.052
1.62500e-01,-0.061,0.064
1.62510e-01,-0.061,0.062
1.62520e-01,-0.061,0.064
1.62530e-01,-0.061,0.064
1.62540e-01,-0.057,0.06
1.62550e-01,-0.061,0.06
1.62560e-01,-0.059,0.06
1.62570e-01,-0.059,0.066
1.62580e-01,-0.055,0.058
1.62590e-01,-0.061,0.064
1.62600e-01,-0.053,0.06
1.62610e-01,-0.057,0.06
1.62620e-01,-0.051,0.056
1.62630e-01,-0.061,0.06
1.62640e-01,-0.047,0.056
1.62650e-01,-0.051,0.058
1.62660e-01,-0.061,0.058
1.62670e-01,-0.057,0.064
1.62680e-01,-0.059,0.06
1.62690e-01,-0.059,0.064
1.62700e-01,-0.061,0.062
1.62710e-01,-0.061,0.06
1.62720e-01,-0.059,0.064
1.62730e-01,-0.057,0.06
1.62740e-01,-0.061,0.06
1.62750e-01,-0.053,0.054
1.62760e-01,-0.061,0.064
1.62770e-01,-0.059,0.058
1.62780e-01,-0.061,0.068
1.62790e-01,-0.059,0.064
1.62800e-01,-0.061,0.064
1.62810e-01,-0.061,0.064
1.62820e-01,-0.055,0.056
1.62830e-01,-0.059,0.06
1.62840e-01,-0.055,0.06
1.62850e-01,-0.055,0.06
1.62860e-01,-0.053,0.06
1.62870e-01,-0.059,0.06
1.62880e-01,-0.051,0.054
1.62890e-01,-0.059,0.062
1.62900e-01,-0.055,0.06
1.62910e-01,-0.061,0.064
1.62920e-01,-0.061,0.064
1.62930e-01,-0.055,0.054
1.62940e-01,-0.059,0.066
1.62950e-01,-0.057,0.062
1.62960e-01,-0.065,0.062
1.62970e-01,-0.059,0.064
1.62980e-01,-0.059,0.06
1.62990e-01,-0.061,0.06
1.63000e-01,-0.055,0.06
1.63010e-01,-0.063,0.062
1.63020e-01,-0.053,0.058
1.63030e-01,-0.059,0.062
1.63040e-01,-0.059,0.06
1.63050e-01,-0.057,0.06
1.63060e-01,-0.057,0.064
1.63070e-01,-0.051,0.054
1.63080e-01,-0.057,0.064
1.63090e-01,-0.055,0.06
1.63100e-01,-0.059,0.064
1.63110e-01,-0.041,0.048
1.63120e-01,-0.051,0.058
1.63130e-01,-0.049,0.054
1.63140e-01,-0.061,0.064
1.63150e-01,-0.061,0.062
1.63160e-01,-0.061,0.06
1.63170e-01,-0.059,0.064
1.63180e-01,-0.061,0.066
1.63190e-01,-0.057,0.064
1.63200e-01,-0.061,0.064
1.63210e-01,-0.063,0.064
1.63220e-01,-0.061,0.062
1.63230e-01,-0.061,0.06
1.63240e-01,-0.063,0.062
1.63250e-01,-0.061,0.06
1.63260e-01,-0.059,0.066
1.63270e-01,-0.061,0.064
1.63280e-01,-0.057,0.06
1.63290e-01,-0.059,0.06
1.63300e-01,-0.061,0.062
1.63310e-01,-0.059,0.06
1.63320e-01,-0.057,0.06
1.63330e-01,-0.057,0.06
1.63340e-01,-0.059,0.062
1.63350e-01,-0.061,0.068
1.63360e-01,-0.059,0.06
1.63370e-01,-0.059,0.064
1.63380e-01,-0.063,0.064
1.63390e-01,-0.059,0.062
1.63400e-01,-0.061,0.062
1.63410e-01,-0.059,0.06
1.63420e-01,-0.053,0.054
1.63430e-01,-0.059,0.062
1.63440e-01,-0.057,0.06
1.63450e-01,-0.057,0.064
1.63460e-01,-0.055,0.064
1.63470e-01,-0.059,0.06
1.63480e-01,-0.061,0.064
1.63490e-01,-0.059,0.062
1.63500e-01,-0.059,0.064
1.63510e-01,-0.055,0.06
1.63520e-01,-0.061,0.064
1.63530e-01,-0.053,0.06
1.63540e-01,-0.059,0.064
1.63550e-01,-0.061,0.064
1.63560e-01,-0.055,0.06
1.63570e-01,-0.063,0.064
1.63580e-01,-0.059,0.06
1.63590e-01,-0.059,0.06
1.63600e-01,-0.061,0.062
1.63610e-01,-0.059,0.066
1.63620e-01,-0.059,0.06
1.63630e-01,-0.061,0.06
1.63640e-01,-0.061,0.062
1.63650e-01,-0.055,0.058
1.63660e-01,-0.061,0.06
1.63670e-01,-0.045,0.05
1.63680e-01,-0.043,0.052
1.63690e-01,-0.061,0.064
1.63700e-01,-0.061,0.062
1.63710e-01,-0.055,0.058
1.63720e-01,-0.055,0.06
1.63730e-01,-0.059,0.06
1.63740e-01,-0.059,0.062
1.63750e-01,-0.063,0.064
1.63760e-01,-0.059,0.064
1.63770e-01,-0.059,0.06
1.63780e-01,-0.059,0.066
1.63790e-01,-0.059,0.064
1.63800e-01,-0.065,0.062
1.63810e-01,-0.059,0.064
1.63820e-01,-0.059,0.06
1.63830e-01,-0.057,0.064
1.63840e-01,-0.059,0.06
1.63850e-01,-0.057,0.06
1.63860e-01,-0.061,0.064
1.63870e-01,-0.049,0.056
1.63880e-01,-0.055,0.062
1.63890e-01,-0.059,0.06
1.63900e-01,-0.061,0.062
1.63910e-01,-0.061,0.062
1.63920e-01,-0.063,0.064
1.63930e-01,-0.063,0.06
1.63940e-01,-0.061,0.062
1.63950e-01,-0.059,0.066
1.63960e-01,-0.061,0.066
1.63970e-01,-0.063,0.064
1.63980e-01,-0.059,0.062
1.63990e-01,-0.061,0.064
1.64000e-01,-0.059,0.06
1.64010e-01,-0.061,0.064
1.64020e-01,-0.063,0.064
1.64030e-01,-0.059,0.064
1.64040e-01,-0.061,0.06
1.64050e-01,-0.059,0.06
1.64060e-01,-0.065,0.064
1.64070e-01,-0.063,0.064
1.64080e-01,-0.055,0.06
1.64090e-01,-0.063,0.064
1.64100e-01,-0.061,0.066
1.64110e-01,-0.049,0.056
1.64120e-01,-0.059,0.064
1.64130e-01,-0.061,0.064
1.64140e-01,-0.065,0.064
1.64150e-01,-0.061,0.064
1.64160e-01,-0.063,0.062
1.64170e-01,-0.065,0.064
1.64180e-01,-0.061,0.064
1.64190e-01,-0.061,0.062
1.64200e-01,-0.055,0.064
1.64210e-01,-0.061,0.064
1.64220e-01,-0.055,0.062
1.64230e-01,-0.061,0.064
1.64240e-01,-0.059,0.064
1.64250e-01,-0.057,0.06
1.64260e-01,-0.063,0.064
1.64270e-01,-0.065,0.062
1.64280e-01,-0.059,0.064
1.64290e-01,-0.061,0.066
1.64300e-01,-0.061,0.064
1.64310e-01,-0.057,0.064
1.64320e-01,-0.063,0.064
1.64330e-01,-0.061,0.062
1.64340e-01,-0.057,0.062
1.64350e-01,-0.061,0.066
1.64360e-01,-0.059,0.064
1.64370e-01,-0.061,0.062
1.64380e-01,-0.059,0.064
1.64390e-01,-0.057,0.06
1.64400e-01,-0.053,0.056
1.64410e-01,-0.059,0.062
1.64420e-01,-0.057,0.06
1.64430e-01,-0.059,0.062
1.64440e-01,-0.053,0.058
1.64450e-01,-0.059,0.062
1.64460e-01,-0.059,0.062
1.64470e-01,-0.049,0.052
1.64480e-01,-0.053,0.062
1.64490e-01,-0.051,0.054
1.64500e-01,-0.059,0.062
1.64510e-01,-0.057,0.06
1.64520e-01,-0.061,0.062
1.64530e-01,-0.059,0.06
1.64540e-01,-0.055,0.06
1.64550e-01,-0.049,0.054
1.64560e-01,-0.059,0.062
1.64570e-01,-0.053,0.058
1.64580e-01,-0.059,0.064
1.64590e-01,-0.061,0.06
1.64600e-01,-0.059,0.062
1.64610e-01,-0.053,0.058
1.64620e-01,-0.065,0.064
1.64630e-01,-0.059,0.064
1.64640e-01,-0.065,0.068
1.64650e-01,-0.063,0.062
1.64660e-01,-0.057,0.064
1.64670e-01,-0.059,0.056
1.64680e-01,-0.061,0.064
1.64690e-01,-0.055,0.056
1.64700e-01,-0.061,0.062
1.64710e-01,-0.057,0.062
1.64720e-01,-0.061,0.062
1.64730e-01,-0.049,0.056
1.64740e-01,-0.053,0.058
1.64750e-01,-0.041,0.048
1.64760e-01,-0.061,0.06
1.64770e-01,-0.055,0.062
1.64780e-01,-0.057,0.06
1.64790e-01,-0.059,0.062
1.64800e-01,-0.063,0.064
1.64810e-01,-0.061,0.062
1.64820e-01,-0.061,0.064
1.64830e-01,-0.061,0.06
1.64840e-01,-0.059,0.062
1.64850e-01,-0.057,0.058
1.64860e-01,-0.057,0.062
1.64870e-01,-0.061,0.064
1.64880e-01,-0.057,0.062
1.64890e-01,-0.053,0.06
1.64900e-01,-0.055,0.06
1.64910e-01,-0.047,0.05
1.64920e-01,-0.063,0.066
1.64930e-01,-0.051,0.056
1.64940e-01,-0.063,0.064
1.64950e-01,-0.053,0.054
1.64960e-01,-0.057,0.058
1.64970e-01,-0.061,0.062
1.64980e-01,-0.055,0.058
1.64990e-01,-0.045,0.046
1.65000e-01,-0.057,0.06
1.65010e-01,-0.055,0.06
1.65020e-01,-0.059,0.062
1.65030e-01,-0.061,0.062
1.65040e-01,-0.061,0.062
1.65050e-01,-0.059,0.062
1.65060e-01,-0.059,0.06
1.65070e-01,-0.061,0.062
1.65080e-01,-0.059,0.06
1.65090e-01,-0.059,0.064
1.65100e-01,-0.061,0.068
1.65110e-01,-0.057,0.064
1.65120e-01,-0.059,0.062
1.65130e-01,-0.061,0.064
1.65140e-01,-0.061,0.062
1.65150e-01,-0.051,0.062
1.65160e-01,-0.053,0.058
1.65170e-01,-0.041,0.048
1.65180e-01,-0.051,0.054
1.65190e-01,-0.047,0.052
1.65200e-01,-0.063,0.06
1.65210e-01,-0.059,0.06
1.65220e-01,-0.063,0.064
1.65230e-01,-0.055,0.06
1.65240e-01,-0.051,0.054
1.65250e-01,-0.059,0.062
1.65260e-01,-0.059,0.06
1.65270e-01,-0.057,0.06
1.65280e-01,-0.057,0.062
1.65290e-01,-0.061,0.062
1.65300e-01,-0.061,0.064
1.65310e-01,-0.059,0.062
1.65320e-01,-0.063,0.068
1.65330e-01,-0.061,0.068
1.65340e-01,-0.061,0.06
1.65350e-01,-0.061,0.06
1.65360e-01,-0.061,0.062
1.65370e-01,-0.061,0.064
1.65380e-01,-0.057,0.062
1.65390e-01,-0.059,0.064
1.65400e-01,-0.061,0.062
1.65410e-01,-0.061,0.06
1.65420e-01,-0.063,0.064
1.65430e-01,-0.061,0.06
1.65440e-01,-0.061,0.062
1.65450e-01,-0.063,0.062
1.65460e-01,-0.059,0.062
1.65470e-01,-0.051,0.056
1.65480e-01,-0.061,0.066
1.65490e-01,-0.061,0.064
1.65500e-01,-0.061,0.06
1.65510e-01,-0.063,0.068
1.65520e-01,-0.061,0.06
1.65530e-01,-0.057,0.066
1.65540e-01,-0.059,0.064
1.65550e-01,-0.059,0.064
1.65560e-01,-0.063,0.06
1.65570e-01,-0.059,0.064
1.65580e-01,-0.061,0.064
1.65590e-01,-0.061,0.062
1.65600e-01,-0.059,0.064
1.65610e-01,-0.063,0.064
1.65620e-01,-0.059,0.066
1.65630e-01,-0.061,0.064
1.65640e-01,-0.059,0.06
1.65650e-01,-0.059,0.066
1.65660e-01,-0.061,0.064
1.65670e-01,-0.061,0.062
1.65680e-01,-0.061,0.064
1.65690e-01,-0.061,0.064
1.65700e-01,-0.055,0.06
1.65710e-01,-0.059,0.066
1.65720e-01,-0.061,0.066
1.65730e-01,-0.061,0.064
1.65740e-01,-0.061,0.064
1.65750e-01,-0.059,0.058
1.65760e-01,-0.061,0.062
1.65770e-01,-0.059,0.06
1.65780e-01,-0.057,0.06
1.65790e-01,-0.059,0.06
1.65800e-01,-0.057,0.06
1.65810e-01,-0.057,0.064
1.65820e-01,-0.063,0.07
1.65830e-01,-0.061,0.062
1.65840e-01,-0.059,0.062
1.65850e-01,-0.059,0.06
1.65860e-01,-0.055,0.062
1.65870e-01,-0.061,0.066
1.65880e-01,-0.065,0.06
1.65890e-01,-0.065,0.064
1.65900e-01,-0.061,0.064
1.65910e-01,-0.063,0.064
1.65920e-01,-0.061,0.068
1.65930e-01,-0.063,0.064
1.65940e-01,-0.061,0.064
1.65950e-01,-0.061,0.06
1.65960e-01,-0.063,0.064
1.65970e-01,-0.057,0.06
1.65980e-01,-0.061,0.062
1.65990e-01,-0.061,0.062
1.66000e-01,-0.059,0.062
1.66010e-01,-0.061,0.068
1.66020e-01,-0.065,0.062
1.66030e-01,-0.065,0.064
1.66040e-01,-0.059,0.064
1.66050e-01,-0.061,0.064
1.66060e-01,-0.059,0.064
1.66070e-01,-0.055,0.06
1.66080e-01,-0.061,0.064
1.66090e-01,-0.053,0.058
1.66100e-01,-0.055,0.056
1.66110e-01,-0.057,0.062
1.66120e-01,-0.059,0.06
1.66130e-01,-0.059,0.064
1.66140e-01,-0.063,0.066
1.66150e-01,-0.057,0.064
1.66160e-01,-0.053,0.056
1.66170e-01,-0.061,0.064
1.66180e-01,-0.059,0.062
1.66190e-01,-0.063,0.06
1.66200e-01,-0.061,0.064
1.66210e-01,-0.063,0.062
1.66220e-01,-0.061,0.064
1.66230e-01,-0.063,0.064
1.66240e-01,-0.059,0.062
1.66250e-01,-0.061,0.064
1.66260e-01,-0.063,0.062
1.66270e-01,-0.061,0.064
1.66280e-01,-0.063,0.066
1.66290e-01,-0.057,0.062
1.66300e-01,-0.059,0.064
1.66310e-01,-0.061,0.066
1.66320e-01,-0.065,0.062
1.66330e-01,-0.059,0.06
1.66340e-01,-0.061,0.062
1.66350e-01,-0.063,0.064
1.66360e-01,-0.063,0.066
1.66370e-01,-0.059,0.066
1.66380e-01,-0.059,0.062
1.66390e-01,-0.063,0.064
1.66400e-01,-0.053,0.064
1.66410e-01,-0.057,0.06
1.66420e-01,-0.061,0.06
1.66430e-01,-0.063,0.064
1.66440e-01,-0.051,0.062
1.66450e-01,-0.061,0.064
1.66460e-01,-0.061,0.068
1.66470e-01,-0.059,0.062
1.66480e-01,-0.061,0.066
1.66490e-01,-0.059,0.064
1.66500e-01,-0.057,0.066
1.66510e-01,-0.059,0.062
1.66520e-01,-0.061,0.06
1.66530e-01,-0.061,0.064
1.66540e-01,-0.061,0.06
1.66550e-01,-0.059,0.064
1.66560e-01,-0.063,0.062
1.66570e-01,-0.059,0.062
1.66580e-01,-0.065,0.064
1.66590e-01,-0.063,0.068
1.66600e-01,-0.059,0.064
1.66610e-01,-0.059,0.062
1.66620e-01,-0.055,0.058
1.66630e-01,-0.055,0.06
1.66640e-01,-0.055,0.06
1.66650e-01,-0.061,0.062
1.66660e-01,-0.057,0.06
1.66670e-01,-0.059,0.064
1.66680e-01,-0.055,0.058
1.66690e-01,-0.059,0.064
1.66700e-01,-0.061,0.066
1.66710e-01,-0.061,0.064
1.66720e-01,-0.059,0.064
1.66730e-01,-0.061,0.062
1.66740e-01,-0.059,0.062
1.66750e-01,-0.057,0.062
1.66760e-01,-0.065,0.064
1.66770e-01,-0.061,0.06
1.66780e-01,-0.059,0.062
1.66790e-01,-0.061,0.062
1.66800e-01,-0.061,0.064
1.66810e-01,-0.061,0.058
1.66820e-01,-0.061,0.062
1.66830e-01,-0.053,0.058
1.66840e-01,-0.059,0.06
1.66850e-01,-0.063,0.064
1.66860e-01,-0.059,0.064
1.66870e-01,-0.059,0.062
1.66880e-01,-0.061,0.066
1.66890e-01,-0.061,0.064
1.66900e-01,-0.063,0.064
1.66910e-01,-0.061,0.064
1.66920e-01,-0.057,0.064
1.66930e-01,-0.063,0.062
1.66940e-01,-0.059,0.06
1.66950e-01,-0.061,0.062
1.66960e-01,-0.053,0.06
1.66970e-01,-0.061,0.062
1.66980e-01,-0.061,0.066
1.66990e-01,-0.061,0.062
1.67000e-01,-0.061,0.06
1.67010e-01,-0.059,0.062
1.67020e-01,-0.057,0.062
1.67030e-01,-0.059,0.064
1.67040e-01,-0.057,0.062
1.67050e-01,-0.061,0.064
1.67060e-01,-0.059,0.066
1.67070e-01,-0.059,0.064
1.67080e-01,-0.063,0.064
1.67090e-01,-0.059,0.064
1.67100e-01,-0.057,0.06
1.67110e-01,-0.055,0.058
1.67120e-01,-0.059,0.06
1.67130e-01,-0.057,0.062
1.67140e-01,-0.057,0.06
1.67150e-01,-0.061,0.064
1.67160e-01,-0.063,0.064
1.67170e-01,-0.061,0.064
1.67180e-01,-0.061,0.064
1.67190e-01,-0.059,0.06
1.67200e-01,-0.055,0.058
1.67210e-01,-0.061,0.068
1.67220e-01,-0.061,0.062
1.67230e-01,-0.063,0.064
1.67240e-01,-0.061,0.062
1.67250e-01,-0.059,0.062
1.67260e-01,-0.061,0.064
1.67270e-01,-0.061,0.064
1.67280e-01,-0.059,0.062
1.67290e-01,-0.059,0.062
1.67300e-01,-0.047,0.052
1.67310e-01,-0.053,0.056
1.67320e-01,-0.059,0.062
1.67330e-01,-0.059,0.064
1.67340e-01,-0.061,0.062
1.67350e-01,-0.059,0.064
1.67360e-01,-0.059,0.064
1.67370e-01,-0.061,0.066
1.67380e-01,-0.063,0.062
1.67390e-01,-0.063,0.062
1.67400e-01,-0.061,0.066
1.67410e-01,-0.059,0.066
1.67420e-01,-0.063,0.064
1.67430e-01,-0.061,0.064
1.67440e-01,-0.059,0.06
1.67450e-01,-0.053,0.056
1.67460e-01,-0.059,0.064
1.67470e-01,-0.057,0.062
1.67480e-01,-0.047,0.054
1.67490e-01,-0.061,0.06
1.67500e-01,-0.059,0.062
1.67510e-01,-0.061,0.062
1.67520e-01,-0.063,0.064
1.67530e-01,-0.059,0.064
1.67540e-01,-0.059,0.064
1.67550e-01,-0.063,0.064
1.67560e-01,-0.061,0.062
1.67570e-01,-0.063,0.062
1.67580e-01,-0.057,0.066
1.67590e-01,-0.057,0.06
1.67600e-01,-0.061,0.062
1.67610e-01,-0.059,0.06
1.67620e-01,-0.059,0.06
1.67630e-01,-0.061,0.064
1.67640e-01,-0.059,0.064
1.67650e-01,-0.061,0.062
1.67660e-01,-0.057,0.062
1.67670e-01,-0.053,0.06
1.67680e-01,-0.043,0.048
1.67690e-01,-0.053,0.056
1.67700e-01,-0.061,0.066
1.67710e-01,-0.053,0.06
1.67720e-01,-0.051,0.052
1.67730e-01,-0.055,0.06
1.67740e-01,-0.061,0.06
1.67750e-01,-0.059,0.064
1.67760e-01,-0.059,0.06
1.67770e-01,-0.057,0.06
1.67780e-01,-0.053,0.058
1.67790e-01,-0.061,0.064
1.67800e-01,-0.063,0.068
1.67810e-01,-0.065,0.066
1.67820e-01,-0.059,0.064
1.67830e-01,-0.061,0.068
1.67840e-01,-0.063,0.062
1.67850e-01,-0.063,0.062
1.67860e-01,-0.061,0.064
1.67870e-01,-0.059,0.062
1.67880e-01,-0.059,0.06
1.67890e-01,-0.059,0.062
1.67900e-01,-0.059,0.062
1.67910e-01,-0.063,0.066
1.67920e-01,-0.059,0.064
1.67930e-01,-0.061,0.064
1.67940e-01,-0.059,0.06
1.67950e-01,-0.059,0.062
1.67960e-01,-0.061,0.068
1.67970e-01,-0.055,0.064
1.67980e-01,-0.057,0.06
1.67990e-01,-0.065,0.066
1.68000e-01,-0.059,0.064
1.68010e-01,-0.059,0.064
1.68020e-01,-0.061,0.064
1.68030e-01,-0.061,0.062
1.68040e-01,-0.063,0.066
1.68050e-01,-0.059,0.062
1.68060e-01,-0.059,0.064
1.68070e-01,-0.063,0.066
1.68080e-01,-0.063,0.064
1.68090e-01,-0.059,0.062
1.68100e-01,-0.061,0.064
1.68110e-01,-0.059,0.066
1.68120e-01,-0.059,0.06
1.68130e-01,-0.059,0.064
1.68140e-01,-0.059,0.064
1.68150e-01,-0.061,0.064
1.68160e-01,-0.059,0.066
1.68170e-01,-0.057,0.064
1.68180e-01,-0.059,0.064
1.68190e-01,-0.057,0.06
1.68200e-01,-0.045,0.048
1.68210e-01,-0.049,0.054
1.68220e-01,-0.061,0.064
1.68230e-01,-0.059,0.06
1.68240e-01,-0.061,0.062
1.68250e-01,-0.059,0.064
1.68260e-01,-0.057,0.06
1.68270e-01,-0.059,0.066
1.68280e-01,-0.061,0.064
1.68290e-01,-0.065,0.064
1.68300e-01,-0.057,0.062
1.68310e-01,-0.059,0.064
1.68320e-01,-0.061,0.064
1.68330e-01,-0.061,0.064
1.68340e-01,-0.061,0.062
1.68350e-01,-0.065,0.06
1.68360e-01,-0.057,0.062
1.68370e-01,-0.061,0.062
1.68380e-01,-0.059,0.06
1.68390e-01,-0.057,0.064
1.68400e-01,-0.065,0.062
1.68410e-01,-0.065,0.062
1.68420e-01,-0.061,0.062
1.68430e-01,-0.061,0.062
1.68440e-01,-0.059,0.064
1.68450e-01,-0.061,0.064
1.68460e-01,-0.063,0.064
1.68470e-01,-0.061,0.062
1.68480e-01,-0.063,0.064
1.68490e-01,-0.055,0.06
1.68500e-01,-0.057,0.06
1.68510e-01,-0.063,0.06
1.68520e-01,-0.055,0.058
1.68530e-01,-0.055,0.06
1.68540e-01,-0.055,0.054
1.68550e-01,-0.055,0.06
1.68560e-01,-0.061,0.062
1.68570e-01,-0.061,0.064
1.68580e-01,-0.059,0.06
1.68590e-01,-0.059,0.06
1.68600e-01,-0.059,0.062
1.68610e-01,-0.061,0.062
1.68620e-01,-0.063,0.066
1.68630e-01,-0.057,0.06
1.68640e-01,-0.063,0.062
1.68650e-01,-0.059,0.064
1.68660e-01,-0.063,0.062
1.68670e-01,-0.061,0.064
1.68680e-01,-0.057,0.06
1.68690e-01,-0.061,0.062
1.68700e-01,-0.061,0.064
1.68710e-01,-0.057,0.064
1.68720e-01,-0.061,0.064
1.68730e-01,-0.061,0.064
1.68740e-01,-0.055,0.06
1.68750e-01,-0.057,0.06
1.68760e-01,-0.059,0.062
1.68770e-01,-0.057,0.06
1.68780e-01,-0.059,0.06
1.68790e-01,-0.057,0.06
1.68800e-01,-0.057,0.06
1.68810e-01,-0.061,0.064
1.68820e-01,-0.061,0.064
1.68830e-01,-0.055,0.06
1.68840e-01,-0.063,0.06
1.68850e-01,-0.063,0.066
1.68860e-01,-0.061,0.064
1.68870e-01,-0.061,0.062
1.68880e-01,-0.061,0.068
1.68890e-01,-0.061,0.062
1.68900e-01,-0.059,0.062
1.68910e-01,-0.057,0.064
1.68920e-01,-0.059,0.064
1.68930e-01,-0.059,0.064
1.68940e-01,-0.061,0.064
1.68950e-01,-0.051,0.058
1.68960e-01,-0.063,0.064
1.68970e-01,-0.057,0.06
1.68980e-01,-0.061,0.062
1.68990e-01,-0.063,0.064
1.69000e-01,-0.059,0.068
1.69010e-01,-0.061,0.062
1.69020e-01,-0.061,0.062
1.69030e-01,-0.063,0.06
1.69040e-01,-0.061,0.062
1.69050e-01,-0.061,0.066
1.69060e-01,-0.063,0.064
1.69070e-01,-0.059,0.064
1.69080e-01,-0.061,0.066
1.69090e-01,-0.059,0.064
1.69100e-01,-0.055,0.06
1.69110e-01,-0.059,0.064
1.69120e-01,-0.057,0.06
1.69130e-01,-0.059,0.064
1.69140e-01,-0.061,0.062
1.69150e-01,-0.055,0.06
1.69160e-01,-0.061,0.064
1.69170e-01,-0.051,0.056
1.69180e-01,-0.041,0.046
1.69190e-01,-0.049,0.052
1.69200e-01,-0.061,0.062
1.69210e-01,-0.061,0.064
1.69220e-01,-0.061,0.064
1.69230e-01,-0.061,0.064
1.69240e-01,-0.059,0.06
1.69250e-01,-0.061,0.062
1.69260e-01,-0.059,0.062
1.69270e-01,-0.065,0.06
1.69280e-01,-0.059,0.06
1.69290e-01,-0.059,0.06
1.69300e-01,-0.057,0.06
1.69310e-01,-0.053,0.056
1.69320e-01,-0.057,0.06
1.69330e-01,-0.061,0.06
1.69340e-01,-0.047,0.058
1.69350e-01,-0.031,0.036
1.69360e-01,-0.041,0.048
1.69370e-01,-0.041,0.046
1.69380e-01,-0.059,0.062
1.69390e-01,-0.063,0.066
1.69400e-01,-0.057,0.064
1.69410e-01,-0.057,0.062
1.69420e-01,-0.059,0.062
1.69430e-01,-0.057,0.06
1.69440e-01,-0.055,0.062
1.69450e-01,-0.061,0.064
1.69460e-01,-0.063,0.066
1.69470e-01,-0.061,0.064
1.69480e-01,-0.059,0.066
1.69490e-01,-0.061,0.062
1.69500e-01,-0.057,0.062
1.69510e-01,-0.055,0.06
1.69520e-01,-0.057,0.064
1.69530e-01,-0.063,0.064
1.69540e-01,-0.059,0.066
1.69550e-01,-0.061,0.064
1.69560e-01,-0.065,0.064
1.69570e-01,-0.055,0.064
1.69580e-01,-0.063,0.068
1.69590e-01,-0.059,0.064
1.69600e-01,-0.049,0.058
1.69610e-01,-0.061,0.066
1.69620e-01,-0.057,0.06
1.69630e-01,-0.061,0.06
1.69640e-01,-0.061,0.064
1.69650e-01,-0.059,0.062
1.69660e-01,-0.061,0.062
1.69670e-01,-0.053,0.056
1.69680e-01,-0.061,0.064
1.69690e-01,-0.061,0.062
1.69700e-01,-0.059,0.064
1.69710e-01,-0.043,0.046
1.69720e-01,-0.053,0.054
1.69730e-01,-0.057,0.06
1.69740e-01,-0.057,0.062
1.69750e-01,-0.061,0.066
1.69760e-01,-0.055,0.06
1.69770e-01,-0.057,0.062
1.69780e-01,-0.061,0.064
1.69790e-01,-0.059,0.062
1.69800e-01,-0.059,0.066
1.69810e-01,-0.061,0.066
1.69820e-01,-0.059,0.064
1.69830e-01,-0.051,0.058
1.69840e-01,-0.053,0.06
1.69850e-01,-0.061,0.066
1.69860e-01,-0.061,0.064
1.69870e-01,-0.063,0.064
1.69880e-01,-0.059,0.06
1.69890e-01,-0.063,0.062
1.69900e-01,-0.059,0.064
1.69910e-01,-0.061,0.062
1.69920e-01,-0.061,0.064
1.69930e-01,-0.055,0.06
1.69940e-01,-0.059,0.062
1.69950e-01,-0.055,0.06
1.69960e-01,-0.059,0.064
1.69970e-01,-0.057,0.06
1.69980e-01,-0.057,0.062
1.69990e-01,-0.057,0.062
1.70000e-01,-0.059,0.062
1.70010e-01,-0.057,0.06
1.70020e-01,-0.055,0.06
1.70030e-01,-0.059,0.066
1.70040e-01,-0.061,0.064
1.70050e-01,-0.057,0.06
1.70060e-01,-0.063,0.062
1.70070e-01,-0.057,0.06
1.70080e-01,-0.061,0.064
1.70090e-01,-0.061,0.068
1.70100e-01,-0.059,0.062
1.70110e-01,-0.059,0.062
1.70120e-01,-0.059,0.064
1.70130e-01,-0.059,0.066
1.70140e-01,-0.063,0.064
1.70150e-01,-0.063,0.064
1.70160e-01,-0.057,0.06
1.70170e-01,-0.057,0.062
1.70180e-01,-0.061,0.062
1.70190e-01,-0.061,0.066
1.70200e-01,-0.063,0.066
1.70210e-01,-0.061,0.06
1.70220e-01,-0.057,0.064
1.70230e-01,-0.057,0.06
1.70240e-01,-0.061,0.064
1.70250e-01,-0.059,0.066
1.70260e-01,-0.061,0.064
1.70270e-01,-0.049,0.054
1.70280e-01,-0.063,0.066
1.70290e-01,-0.059,0.066
1.70300e-01,-0.059,0.064
1.70310e-01,-0.059,0.066
1.70320e-01,-0.061,0.064
1.70330e-01,-0.057,0.064
1.70340e-01,-0.053,0.058
1.70350e-01,-0.059,0.06
1.70360e-01,-0.057,0.062
1.70370e-01,-0.059,0.062
1.70380e-01,-0.061,0.064
1.70390e-01,-0.055,0.058
1.70400e-01,-0.057,0.06
1.70410e-01,-0.055,0.058
1.70420e-01,-0.057,0.064
1.70430e-01,-0.057,0.062
1.70440e-01,-0.061,0.062
1.70450e-01,-0.051,0.06
1.70460e-01,-0.055,0.058
1.70470e-01,-0.063,0.064
1.70480e-01,-0.063,0.064
1.70490e-01,-0.059,0.062
1.70500e-01,-0.063,0.066
1.70510e-01,-0.059,0.062
1.70520e-01,-0.057,0.062
1.70530e-01,-0.059,0.064
1.70540e-01,-0.051,0.058
1.70550e-01,-0.063,0.064
1.70560e-01,-0.059,0.06
1.70570e-01,-0.061,0.066
1.70580e-01,-0.057,0.06
1.70590e-01,-0.063,0.064
1.70600e-01,-0.063,0.064
1.70610e-01,-0.061,0.06
1.70620e-01,-0.059,0.064
1.70630e-01,-0.061,0.062
1.70640e-01,-0.061,0.066
1.70650e-01,-0.059,0.066
1.70660e-01,-0.063,0.064
1.70670e-01,-0.059,0.064
1.70680e-01,-0.059,0.062
1.70690e-01,-0.057,0.062
1.70700e-01,-0.059,0.062
1.70710e-01,-0.053,0.06
1.70720e-01,-0.061,0.062
1.70730e-01,-0.049,0.056
1.70740e-01,-0.063,0.066
1.70750e-01,-0.059,0.06
1.70760e-01,-0.061,0.06
1.70770e-01,-0.063,0.06
1.70780e-01,-0.061,0.062
1.70790e-01,-0.063,0.066
1.70800e-01,-0.061,0.062
1.70810e-01,-0.059,0.06
1.70820e-01,-0.063,0.064
1.70830e-01,-0.059,0.06
1.70840e-01,-0.057,0.062
1.70850e-01,-0.061,0.06
1.70860e-01,-0.057,0.064
1.70870e-01,-0.059,0.064
1.70880e-01,-0.059,0.064
1.70890e-01,-0.061,0.064
1.70900e-01,-0.061,0.066
1.70910e-01,-0.065,0.062
1.70920e-01,-0.063,0.068
1.70930e-01,-0.059,0.062
1.70940e-01,-0.057,0.06
1.70950e-01,-0.055,0.06
1.70960e-01,-0.059,0.06
1.70970e-01,-0.061,0.06
1.70980e-01,-0.057,0.06
1.70990e-01,-0.057,0.062
1.71000e-01,-0.055,0.064
1.71010e-01,-0.065,0.064
1.71020e-01,-0.063,0.064
1.71030e-01,-0.065,0.064
1.71040e-01,-0.063,0.062
1.71050e-01,-0.061,0.064
1.71060e-01,-0.047,0.058
1.71070e-01,-0.061,0.064
1.71080e-01,-0.055,0.06
1.71090e-01,-0.061,0.062
1.71100e-01,-0.061,0.066
1.71110e-01,-0.061,0.064
1.71120e-01,-0.061,0.062
1.71130e-01,-0.063,0.064
1.71140e-01,-0.063,0.066
1.71150e-01,-0.053,0.056
1.71160e-01,-0.063,0.062
1.71170e-01,-0.057,0.064
1.71180e-01,-0.063,0.064
1.71190e-01,-0.057,0.064
1.71200e-01,-0.057,0.06
1.71210e-01,-0.065,0.066
1.71220e-01,-0.061,0.064
1.71230e-01,-0.055,0.06
1.71240e-01,-0.057,0.062
1.71250e-01,-0.059,0.06
1.71260e-01,-0.061,0.064
1.71270e-01,-0.057,0.06
1.71280e-01,-0.061,0.062
1.71290e-01,-0.059,0.058
1.71300e-01,-0.055,0.058
1.71310e-01,-0.049,0.056
1.71320e-01,-0.063,0.06
1.71330e-01,-0.051,0.06
1.71340e-01,-0.061,0.06
1.71350e-01,-0.057,0.06
1.71360e-01,-0.063,0.062
1.71370e-01,-0.059,0.06
1.71380e-01,-0.061,0.064
1.71390e-01,-0.055,0.06
1.71400e-01,-0.061,0.062
1.71410e-01,-0.059,0.064
1.71420e-01,-0.063,0.066
1.71430e-01,-0.061,0.064
1.71440e-01,-0.061,0.064
1.71450e-01,-0.061,0.068
1.71460e-01,-0.059,0.062
1.71470e-01,-0.063,0.062
1.71480e-01,-0.061,0.064
1.71490e-01,-0.059,0.06
1.71500e-01,-0.065,0.066
1.71510e-01,-0.057,0.06
1.71520e-01,-0.059,0.062
1.71530e-01,-0.065,0.064
1.71540e-01,-0.055,0.056
1.71550e-01,-0.061,0.062
1.71560e-01,-0.055,0.062
1.71570e-01,-0.051,0.054
1.71580e-01,-0.053,0.058
1.71590e-01,-0.061,0.064
1.71600e-01,-0.059,0.062
1.71610e-01,-0.055,0.06
1.71620e-01,-0.059,0.06
1.71630e-01,-0.059,0.062
1.71640e-01,-0.061,0.064
1.71650e-01,-0.061,0.06
1.71660e-01,-0.059,0.062
1.71670e-01,-0.063,0.064
1.71680e-01,-0.057,0.06
1.71690e-01,-0.061,0.06
1.71700e-01,-0.057,0.064
1.71710e-01,-0.061,0.062
1.71720e-01,-0.057,0.06
1.71730e-01,-0.059,0.064
1.71740e-01,-0.051,0.06
1.71750e-01,-0.059,0.062
1.71760e-01,-0.063,0.064
1.71770e-01,-0.059,0.064
1.71780e-01,-0.059,0.062
1.71790e-01,-0.061,0.064
1.71800e-01,-0.059,0.062
1.71810e-01,-0.061,0.062
1.71820e-01,-0.057,0.058
1.71830e-01,-0.061,0.064
1.71840e-01,-0.055,0.06
1.71850e-01,-0.063,0.064
1.71860e-01,-0.061,0.064
1.71870e-01,-0.057,0.066
1.71880e-01,-0.061,0.064
1.71890e-01,-0.061,0.064
1.71900e-01,-0.063,0.064
1.71910e-01,-0.059,0.064
1.71920e-01,-0.061,0.064
1.71930e-01,-0.061,0.064
1.71940e-01,-0.061,0.064
1.71950e-01,-0.063,0.062
1.71960e-01,-0.059,0.062
1.71970e-01,-0.063,0.066
1.71980e-01,-0.057,0.064
1.71990e-01,-0.055,0.06
1.72000e-01,-0.059,0.062
1.72010e-01,-0.057,0.06
1.72020e-01,-0.059,0.064
1.72030e-01,-0.059,0.06
1.72040e-01,-0.059,0.064
1.72050e-01,-0.061,0.06
1.72060e-01,-0.051,0.058
1.72070e-01,-0.059,0.068
1.72080e-01,-0.059,0.062
1.72090e-01,-0.061,0.062
1.72100e-01,-0.057,0.06
1.72110e-01,-0.059,0.062
1.72120e-01,-0.061,0.064
1.72130e-01,-0.061,0.062
1.72140e-01,-0.061,0.064
1.72150e-01,-0.055,0.058
1.72160e-01,-0.063,0.064
1.72170e-01,-0.059,0.062
1.72180e-01,-0.059,0.06
1.72190e-01,-0.059,0.064
1.72200e-01,-0.059,0.06
1.72210e-01,-0.057,0.062
1.72220e-01,-0.057,0.062
1.72230e-01,-0.057,0.066
1.72240e-01,-0.061,0.066
1.72250e-01,-0.061,0.062
1.72260e-01,-0.059,0.064
1.72270e-01,-0.065,0.062
1.72280e-01,-0.059,0.068
1.72290e-01,-0.059,0.066
1.72300e-01,-0.059,0.06
1.72310e-01,-0.063,0.064
1.72320e-01,-0.053,0.054
1.72330e-01,-0.057,0.064
1.72340e-01,-0.063,0.064
1.72350e-01,-0.059,0.062
1.72360e-01,-0.057,0.062
1.72370e-01,-0.059,0.06
1.72380e-01,-0.059,0.06
1.72390e-01,-0.059,0.06
1.72400e-01,-0.061,0.064
1.72410e-01,-0.057,0.062
1.72420e-01,-0.061,0.064
1.72430e-01,-0.057,0.06
1.72440e-01,-0.061,0.064
1.72450e-01,-0.063,0.06
1.72460e-01,-0.059,0.064
1.72470e-01,-0.065,0.064
1.72480e-01,-0.057,0.066
1.72490e-01,-0.059,0.064
1.72500e-01,-0.051,0.056
1.72510e-01,-0.063,0.068
1.72520e-01,-0.057,0.06
1.72530e-01,-0.063,0.062
1.72540e-01,-0.065,0.064
1.72550e-01,-0.061,0.064
1.72560e-01,-0.063,0.064
1.72570e-01,-0.059,0.062
1.72580e-01,-0.061,0.064
1.72590e-01,-0.061,0.064
1.72600e-01,-0.055,0.06
1.72610e-01,-0.057,0.062
1.72620e-01,-0.061,0.066
1.72630e-01,-0.061,0.064
1.72640e-01,-0.059,0.062
1.72650e-01,-0.061,0.06
1.72660e-01,-0.059,0.064
1.72670e-01,-0.057,0.064
1.72680e-01,-0.055,0.064
1.72690e-01,-0.061,0.06
1.72700e-01,-0.055,0.058
1.72710e-01,-0.057,0.062
1.72720e-01,-0.055,0.062
1.72730e-01,-0.065,0.06
1.72740e-01,-0.061,0.06
1.72750e-01,-0.059,0.064
1.72760e-01,-0.059,0.068
1.72770e-01,-0.059,0.064
1.72780e-01,-0.063,0.064
1.72790e-01,-0.063,0.064
1.72800e-01,-0.057,0.064
1.72810e-01,-0.059,0.06
1.72820e-01,-0.061,0.066
1.72830e-01,-0.057,0.062
1.72840e-01,-0.059,0.064
1.72850e-01,-0.063,0.066
1.72860e-01,-0.057,0.062
1.72870e-01,-0.061,0.066
1.72880e-01,-0.061,0.062
1.72890e-01,-0.063,0.064
1.72900e-01,-0.063,0.06
1.72910e-01,-0.057,0.058
1.72920e-01,-0.063,0.062
1.72930e-01,-0.061,0.066
1.72940e-01,-0.055,0.056
1.72950e-01,-0.057,0.064
1.72960e-01,-0.053,0.056
1.72970e-01,-0.059,0.064
1.72980e-01,-0.049,0.058
1.72990e-01,-0.059,0.06
1.73000e-01,-0.059,0.062
1.73010e-01,-0.057,0.058
1.73020e-01,-0.059,0.064
1.73030e-01,-0.061,0.066
1.73040e-01,-0.055,0.064
1.73050e-01,-0.057,0.066
1.73060e-01,-0.061,0.062
1.73070e-01,-0.061,0.066
1.73080e-01,-0.059,0.06
1.73090e-01,-0.059,0.062
1.73100e-01,-0.061,0.064
1.73110e-01,-0.059,0.062
1.73120e-01,-0.057,0.06
1.73130e-01,-0.061,0.062
1.73140e-01,-0.061,0.064
1.73150e-01,-0.059,0.06
1.73160e-01,-0.057,0.06
1.73170e-01,-0.055,0.06
1.73180e-01,-0.061,0.062
1.73190e-01,-0.061,0.064
1.73200e-01,-0.055,0.062
1.73210e-01,-0.065,0.062
1.73220e-01,-0.057,0.062
1.73230e-01,-0.063,0.062
1.73240e-01,-0.055,0.06
1.73250e-01,-0.059,0.066
1.73260e-01,-0.051,0.058
1.73270e-01,-0.061,0.066
1.73280e-01,-0.061,0.062
1.73290e-01,-0.059,0.064
1.73300e-01,-0.057,0.06
1.73310e-01,-0.059,0.062
1.73320e-01,-0.063,0.064
1.73330e-01,-0.061,0.062
1.73340e-01,-0.059,0.06
1.73350e-01,-0.057,0.058
1.73360e-01,-0.061,0.066
1.73370e-01,-0.061,0.06
1.73380e-01,-0.059,0.064
1.73390e-01,-0.059,0.062
1.73400e-01,-0.059,0.064
1.73410e-01,-0.061,0.062
1.73420e-01,-0.061,0.064
1.73430e-01,-0.059,0.064
1.73440e-01,-0.053,0.054
1.73450e-01,-0.053,0.054
1.73460e-01,-0.059,0.062
1.73470e-01,-0.061,0.062
1.73480e-01,-0.059,0.064
1.73490e-01,-0.061,0.066
1.73500e-01,-0.061,0.062
1.73510e-01,-0.063,0.062
1.73520e-01,-0.051,0.06
1.73530e-01,-0.063,0.062
1.73540e-01,-0.061,0.064
1.73550e-01,-0.061,0.064
1.73560e-01,-0.055,0.054
1.73570e-01,-0.055,0.06
1.73580e-01,-0.063,0.064
1.73590e-01,-0.061,0.064
1.73600e-01,-0.061,0.064
1.73610e-01,-0.061,0.062
1.73620e-01,-0.061,0.064
1.73630e-01,-0.061,0.06
1.73640e-01,-0.055,0.058
1.73650e-01,-0.053,0.06
1.73660e-01,-0.059,0.062
1.73670e-01,-0.059,0.062
1.73680e-01,-0.059,0.064
1.73690e-01,-0.059,0.062
1.73700e-01,-0.061,0.064
1.73710e-01,-0.053,0.058
1.73720e-01,-0.061,0.062
1.73730e-01,-0.061,0.062
1.73740e-01,-0.063,0.064
1.73750e-01,-0.061,0.064
1.73760e-01,-0.063,0.066
1.73770e-01,-0.063,0.062
1.73780e-01,-0.059,0.06
1.73790e-01,-0.059,0.064
1.73800e-01,-0.049,0.05
1.73810e-01,-0.055,0.06
1.73820e-01,-0.047,0.054
1.73830e-01,-0.061,0.064
1.73840e-01,-0.051,0.056
1.73850e-01,-0.059,0.066
1.73860e-01,-0.057,0.062
1.73870e-01,-0.063,0.06
1.73880e-01,-0.061,0.064
1.73890e-01,-0.057,0.06
1.73900e-01,-0.059,0.068
1.73910e-01,-0.055,0.058
1.73920e-01,-0.055,0.064
1.73930e-01,-0.061,0.062
1.73940e-01,-0.059,0.06
1.73950e-01,-0.059,0.06
1.73960e-01,-0.059,0.064
1.73970e-01,-0.061,0.066
1.73980e-01,-0.061,0.06
1.73990e-01,-0.055,0.06
1.74000e-01,-0.061,0.064
1.74010e-01,-0.055,0.06
1.74020e-01,-0.057,0.062
1.74030e-01,-0.061,0.066
1.74040e-01,-0.059,0.06
1.74050e-01,-0.053,0.06
1.74060e-01,-0.063,0.062
1.74070e-01,-0.061,0.06
1.74080e-01,-0.061,0.06
1.74090e-01,-0.055,0.06
1.74100e-01,-0.059,0.06
1.74110e-01,-0.059,0.06
1.74120e-01,-0.055,0.06
1.74130e-01,-0.045,0.052
1.74140e-01,-0.063,0.064
1.74150e-01,-0.063,0.064
1.74160e-01,-0.061,0.066
1.74170e-01,-0.057,0.06
1.74180e-01,-0.061,0.066
1.74190e-01,-0.045,0.05
1.74200e-01,-0.061,0.062
1.74210e-01,-0.061,0.06
1.74220e-01,-0.059,0.064
1.74230e-01,-0.045,0.054
1.74240e-01,-0.047,0.056
1.74250e-01,-0.061,0.06
1.74260e-01,-0.057,0.064
1.74270e-01,-0.057,0.064
1.74280e-01,-0.059,0.064
1.74290e-01,-0.063,0.062
1.74300e-01,-0.059,0.06
1.74310e-01,-0.063,0.066
1.74320e-01,-0.061,0.064
1.74330e-01,-0.059,0.066
1.74340e-01,-0.057,0.06
1.74350e-01,-0.063,0.062
1.74360e-01,-0.063,0.064
1.74370e-01,-0.061,0.062
1.74380e-01,-0.059,0.064
1.74390e-01,-0.063,0.066
1.74400e-01,-0.063,0.064
1.74410e-01,-0.061,0.062
1.74420e-01,-0.061,0.062
1.74430e-01,-0.057,0.06
1.74440e-01,-0.061,0.068
1.74450e-01,-0.059,0.064
1.74460e-01,-0.061,0.062
1.74470e-01,-0.051,0.058
1.74480e-01,-0.059,0.064
1.74490e-01,-0.061,0.064
1.74500e-01,-0.055,0.06
1.74510e-01,-0.063,0.062
1.74520e-01,-0.061,0.06
1.74530e-01,-0.059,0.062
1.74540e-01,-0.061,0.066
1.74550e-01,-0.057,0.06
1.74560e-01,-0.059,0.062
1.74570e-01,-0.059,0.062
1.74580e-01,-0.061,0.06
1.74590e-01,-0.057,0.058
1.74600e-01,-0.057,0.06
1.74610e-01,-0.053,0.06
1.74620e-01,-0.059,0.064
1.74630e-01,-0.061,0.064
1.74640e-01,-0.061,0.064
1.74650e-01,-0.061,0.064
1.74660e-01,-0.049,0.056
1.74670e-01,-0.061,0.066
1.74680e-01,-0.055,0.058
1.74690e-01,-0.059,0.064
1.74700e-01,-0.051,0.056
1.74710e-01,-0.055,0.058
1.74720e-01,-0.053,0.06
1.74730e-01,-0.055,0.06
1.74740e-01,-0.063,0.06
1.74750e-01,-0.059,0.064
1.74760e-01,-0.063,0.064
1.74770e-01,-0.057,0.064
1.74780e-01,-0.057,0.06
1.74790e-01,-0.059,0.06
1.74800e-01,-0.055,0.06
1.74810e-01,-0.061,0.064
1.74820e-01,-0.057,0.06
1.74830e-01,-0.059,0.06
1.74840e-01,-0.061,0.064
1.74850e-01,-0.057,0.06
1.74860e-01,-0.061,0.064
1.74870e-01,-0.061,0.068
1.74880e-01,-0.061,0.066
1.74890e-01,-0.063,0.062
1.74900e-01,-0.061,0.064
1.74910e-01,-0.061,0.064
1.74920e-01,-0.059,0.064
1.74930e-01,-0.059,0.062
1.74940e-01,-0.059,0.062
1.74950e-01,-0.061,0.068
1.74960e-01,-0.057,0.06
1.74970e-01,-0.055,0.058
1.74980e-01,-0.055,0.06
1.74990e-01,-0.059,0.064
1.75000e-01,-0.059,0.062
1.75010e-01,-0.055,0.06
1.75020e-01,-0.059,0.064
1.75030e-01,-0.061,0.066
1.75040e-01,-0.059,0.062
1.75050e-01,-0.063,0.062
1.75060e-01,-0.053,0.056
1.75070e-01,-0.059,0.062
1.75080e-01,-0.055,0.058
1.75090e-01,-0.063,0.064
1.75100e-01,-0.057,0.06
1.75110e-01,-0.061,0.062
1.75120e-01,-0.051,0.056
1.75130e-01,-0.047,0.058
1.75140e-01,-0.061,0.062
1.75150e-01,-0.057,0.064
1.75160e-01,-0.061,0.064
1.75170e-01,-0.059,0.064
1.75180e-01,-0.061,0.064
1.75190e-01,-0.057,0.06
1.75200e-01,-0.061,0.064
1.75210e-01,-0.061,0.064
1.75220e-01,-0.059,0.062
1.75230e-01,-0.059,0.06
1.75240e-01,-0.055,0.06
1.75250e-01,-0.057,0.056
1.75260e-01,-0.063,0.062
1.75270e-01,-0.061,0.064
1.75280e-01,-0.059,0.06
1.75290e-01,-0.061,0.062
1.75300e-01,-0.059,0.062
1.75310e-01,-0.059,0.066
1.75320e-01,-0.061,0.064
1.75330e-01,-0.061,0.062
1.75340e-01,-0.061,0.064
1.75350e-01,-0.051,0.056
1.75360e-01,-0.063,0.062
1.75370e-01,-0.041,0.044
1.75380e-01,-0.061,0.062
1.75390e-01,-0.049,0.052
1.75400e-01,-0.057,0.06
1.75410e-01,-0.063,0.062
1.75420e-01,-0.061,0.064
1.75430e-01,-0.063,0.064
1.75440e-01,-0.059,0.064
1.75450e-01,-0.061,0.068
1.75460e-01,-0.059,0.064
1.75470e-01,-0.059,0.06
1.75480e-01,-0.055,0.06
1.75490e-01,-0.053,0.058
1.75500e-01,-0.059,0.062
1.75510e-01,-0.061,0.062
1.75520e-01,-0.061,0.064
1.75530e-01,-0.063,0.064
1.75540e-01,-0.063,0.064
1.75550e-01,-0.061,0.062
1.75560e-01,-0.057,0.062
1.75570e-01,-0.061,0.066
1.75580e-01,-0.059,0.062
1.75590e-01,-0.061,0.064
1.75600e-01,-0.055,0.06
1.75610e-01,-0.057,0.06
1.75620e-01,-0.061,0.06
1.75630e-01,-0.063,0.064
1.75640e-01,-0.059,0.062
1.75650e-01,-0.061,0.066
1.75660e-01,-0.053,0.056
1.75670e-01,-0.059,0.066
1.75680e-01,-0.055,0.062
1.75690e-01,-0.059,0.06
1.75700e-01,-0.049,0.06
1.75710e-01,-0.055,0.06
1.75720e-01,-0.053,0.06
1.75730e-01,-0.063,0.064
1.75740e-01,-0.063,0.062
1.75750e-01,-0.065,0.062
1.75760e-01,-0.061,0.066
1.75770e-01,-0.059,0.064
1.75780e-01,-0.061,0.064
1.75790e-01,-0.059,0.064
1.75800e-01,-0.061,0.064
1.75810e-01,-0.061,0.06
1.75820e-01,-0.061,0.064
1.75830e-01,-0.057,0.062
1.75840e-01,-0.057,0.062
1.75850e-01,-0.061,0.064
1.75860e-01,-0.065,0.064
1.75870e-01,-0.061,0.064
1.75880e-01,-0.061,0.064
1.75890e-01,-0.059,0.064
1.75900e-01,-0.059,0.062
1.75910e-01,-0.061,0.06
1.75920e-01,-0.055,0.06
1.75930e-01,-0.061,0.064
1.75940e-01,-0.061,0.064
1.75950e-01,-0.061,0.064
1.75960e-01,-0.061,0.064
1.75970e-01,-0.063,0.064
1.75980e-01,-0.061,0.06
1.75990e-01,-0.061,0.066
1.76000e-01,-0.061,0.064
1.76010e-01,-0.059,0.064
1.76020e-01,-0.047,0.05
1.76030e-01,-0.059,0.064
1.76040e-01,-0.059,0.062
1.76050e-01,-0.063,0.062
1.76060e-01,-0.057,0.062
1.76070e-01,-0.059,0.062
1.76080e-01,-0.063,0.066
1.76090e-01,-0.057,0.062
1.76100e-01,-0.057,0.062
1.76110e-01,-0.061,0.064
1.76120e-01,-0.057,0.06
1.76130e-01,-0.057,0.062
1.76140e-01,-0.049,0.058
1.76150e-01,-0.057,0.064
1.76160e-01,-0.059,0.06
1.76170e-01,-0.061,0.06
1.76180e-01,-0.061,0.062
1.76190e-01,-0.053,0.058
1.76200e-01,-0.051,0.054
1.76210e-01,-0.053,0.058
1.76220e-01,-0.061,0.062
1.76230e-01,-0.057,0.064
1.76240e-01,-0.059,0.06
1.76250e-01,-0.063,0.062
1.76260e-01,-0.063,0.062
1.76270e-01,-0.059,0.062
1.76280e-01,-0.059,0.06
1.76290e-01,-0.063,0.064
1.76300e-01,-0.059,0.066
1.76310e-01,-0.059,0.06
1.76320e-01,-0.059,0.062
1.76330e-01,-0.063,0.062
1.76340e-01,-0.059,0.064
1.76350e-01,-0.057,0.064
1.76360e-01,-0.061,0.064
1.76370e-01,-0.061,0.062
1.76380e-01,-0.065,0.062
1.76390e-01,-0.059,0.06
1.76400e-01,-0.059,0.064
1.76410e-01,-0.063,0.064
1.76420e-01,-0.053,0.06
1.76430e-01,-0.061,0.068
1.76440e-01,-0.061,0.06
1.76450e-01,-0.061,0.064
1.76460e-01,-0.057,0.06
1.76470e-01,-0.059,0.064
1.76480e-01,-0.061,0.062
1.76490e-01,-0.061,0.062
1.76500e-01,-0.059,0.066
1.76510e-01,-0.061,0.064
1.76520e-01,-0.059,0.064
1.76530e-01,-0.061,0.062
1.76540e-01,-0.053,0.058
1.76550e-01,-0.055,0.06
1.76560e-01,-0.063,0.062
1.76570e-01,-0.063,0.064
1.76580e-01,-0.059,0.062
1.76590e-01,-0.061,0.062
1.76600e-01,-0.053,0.058
1.76610e-01,-0.059,0.066
1.76620e-01,-0.061,0.066
1.76630e-01,-0.051,0.058
1.76640e-01,-0.055,0.06
1.76650e-01,-0.059,0.062
1.76660e-01,-0.057,0.06
1.76670e-01,-0.065,0.064
1.76680e-01,-0.061,0.062
1.76690e-01,-0.061,0.064
1.76700e-01,-0.057,0.06
1.76710e-01,-0.053,0.058
1.76720e-01,-0.061,0.062
1.76730e-01,-0.059,0.062
1.76740e-01,-0.065,0.064
1.76750e-01,-0.051,0.058
1.76760e-01,-0.061,0.064
1.76770e-01,-0.059,0.06
1.76780e-01,-0.051,0.058
1.76790e-01,-0.057,0.06
1.76800e-01,-0.055,0.058
1.76810e-01,-0.053,0.058
1.76820e-01,-0.053,0.06
1.76830e-01,-0.059,0.06
1.76840e-01,-0.059,0.064
1.76850e-01,-0.061,0.064
1.76860e-01,-0.059,0.064
1.76870e-01,-0.057,0.062
1.76880e-01,-0.059,0.062
1.76890e-01,-0.057,0.064
1.76900e-01,-0.061,0.062
1.76910e-01,-0.053,0.054
1.76920e-01,-0.057,0.06
1.76930e-01,-0.061,0.064
1.76940e-01,-0.059,0.064
1.76950e-01,-0.061,0.064
1.76960e-01,-0.061,0.064
1.76970e-01,-0.063,0.064
1.76980e-01,-0.055,0.06
1.76990e-01,-0.061,0.064
1.77000e-01,-0.059,0.062
1.77010e-01,-0.057,0.06
1.77020e-01,-0.063,0.066
1.77030e-01,-0.061,0.062
1.77040e-01,-0.059,0.064
1.77050e-01,-0.059,0.062
1.77060e-01,-0.059,0.066
1.77070e-01,-0.063,0.066
1.77080e-01,-0.061,0.062
1.77090e-01,-0.055,0.06
1.77100e-01,-0.061,0.064
1.77110e-01,-0.059,0.06
1.77120e-01,-0.057,0.064
1.77130e-01,-0.063,0.066
1.77140e-01,-0.057,0.06
1.77150e-01,-0.059,0.064
1.77160e-01,-0.061,0.064
1.77170e-01,-0.059,0.064
1.77180e-01,-0.059,0.064
1.77190e-01,-0.053,0.056
1.77200e-01,-0.057,0.06
1.77210e-01,-0.061,0.068
1.77220e-01,-0.059,0.06
1.77230e-01,-0.059,0.06
1.77240e-01,-0.053,0.058
1.77250e-01,-0.059,0.062
1.77260e-01,-0.057,0.06
1.77270e-01,-0.061,0.062
1.77280e-01,-0.061,0.064
1.77290e-01,-0.061,0.066
1.77300e-01,-0.061,0.064
1.77310e-01,-0.059,0.066
1.77320e-01,-0.059,0.062
1.77330e-01,-0.059,0.06
1.77340e-01,-0.057,0.062
1.77350e-01,-0.061,0.062
1.77360e-01,-0.059,0.066
1.77370e-01,-0.061,0.064
1.77380e-01,-0.063,0.064
1.77390e-01,-0.063,0.066
1.77400e-01,-0.055,0.064
1.77410e-01,-0.061,0.062
1.77420e-01,-0.061,0.066
1.77430e-01,-0.061,0.062
1.77440e-01,-0.057,0.06
1.77450e-01,-0.057,0.06
1.77460e-01,-0.059,0.062
1.77470e-01,-0.061,0.064
1.77480e-01,-0.061,0.062
1.77490e-01,-0.065,0.066
1.77500e-01,-0.055,0.062
1.77510e-01,-0.059,0.064
1.77520e-01,-0.059,0.062
1.77530e-01,-0.055,0.06
1.77540e-01,-0.059,0.062
1.77550e-01,-0.059,0.062
1.77560e-01,-0.061,0.062
1.77570e-01,-0.055,0.06
1.77580e-01,-0.051,0.056
1.77590e-01,-0.059,0.064
1.77600e-01,-0.059,0.06
1.77610e-01,-0.057,0.06
1.77620e-01,-0.063,0.06
1.77630e-01,-0.057,0.062
1.77640e-01,-0.061,0.06
1.77650e-01,-0.061,0.064
1.77660e-01,-0.057,0.064
1.77670e-01,-0.063,0.064
1.77680e-01,-0.063,0.062
1.77690e-01,-0.053,0.058
1.77700e-01,-0.059,0.06
1.77710e-01,-0.057,0.066
1.77720e-01,-0.063,0.066
1.77730e-01,-0.057,0.062
1.77740e-01,-0.059,0.06
1.77750e-01,-0.061,0.062
1.77760e-01,-0.061,0.064
1.77770e-01,-0.059,0.06
1.77780e-01,-0.063,0.062
1.77790e-01,-0.061,0.062
1.77800e-01,-0.063,0.062
1.77810e-01,-0.053,0.06
1.77820e-01,-0.059,0.064
1.77830e-01,-0.061,0.064
1.77840e-01,-0.057,0.058
1.77850e-01,-0.059,0.062
1.77860e-01,-0.045,0.054
1.77870e-01,-0.053,0.064
1.77880e-01,-0.057,0.06
1.77890e-01,-0.059,0.064
1.77900e-01,-0.061,0.064
1.77910e-01,-0.059,0.064
1.77920e-01,-0.061,0.062
1.77930e-01,-0.059,0.064
1.77940e-01,-0.057,0.06
1.77950e-01,-0.061,0.062
1.77960e-01,-0.059,0.064
1.77970e-01,-0.061,0.062
1.77980e-01,-0.061,0.064
1.77990e-01,-0.063,0.064
1.78000e-01,-0.061,0.062
1.78010e-01,-0.061,0.062
1.78020e-01,-0.059,0.064
1.78030e-01,-0.061,0.062
1.78040e-01,-0.057,0.064
1.78050e-01,-0.065,0.064
1.78060e-01,-0.059,0.062
1.78070e-01,-0.059,0.062
1.78080e-01,-0.059,0.06
1.78090e-01,-0.061,0.064
1.78100e-01,-0.061,0.064
1.78110e-01,-0.061,0.062
1.78120e-01,-0.059,0.064
1.78130e-01,-0.059,0.066
1.78140e-01,-0.059,0.06
1.78150e-01,-0.059,0.062
1.78160e-01,-0.061,0.06
1.78170e-01,-0.061,0.064
1.78180e-01,-0.055,0.062
1.78190e-01,-0.061,0.062
1.78200e-01,-0.061,0.066
1.78210e-01,-0.057,0.06
1.78220e-01,-0.059,0.066
1.78230e-01,-0.055,0.06
1.78240e-01,-0.061,0.062
1.78250e-01,-0.053,0.058
1.78260e-01,-0.055,0.058
1.78270e-01,-0.065,0.066
1.78280e-01,-0.061,0.062
1.78290e-01,-0.059,0.06
1.78300e-01,-0.059,0.066
1.78310e-01,-0.061,0.062
1.78320e-01,-0.061,0.064
1.78330e-01,-0.059,0.062
1.78340e-01,-0.065,0.062
1.78350e-01,-0.063,0.064
1.78360e-01,-0.059,0.064
1.78370e-01,-0.059,0.064
1.78380e-01,-0.059,0.07
1.78390e-01,-0.059,0.062
1.78400e-01,-0.057,0.06
1.78410e-01,-0.059,0.06
1.78420e-01,-0.059,0.064
1.78430e-01,-0.063,0.064
1.78440e-01,-0.059,0.064
1.78450e-01,-0.059,0.062
1.78460e-01,-0.057,0.06
1.78470e-01,-0.061,0.066
1.78480e-01,-0.057,0.06
1.78490e-01,-0.061,0.064
1.78500e-01,-0.059,0.062
1.78510e-01,-0.061,0.06
1.78520e-01,-0.057,0.058
1.78530e-01,-0.057,0.06
1.78540e-01,-0.063,0.064
1.78550e-01,-0.061,0.06
1.78560e-01,-0.059,0.06
1.78570e-01,-0.059,0.062
1.78580e-01,-0.063,0.062
1.78590e-01,-0.059,0.062
1.78600e-01,-0.059,0.06
1.78610e-01,-0.061,0.064
1.78620e-01,-0.061,0.066
1.78630e-01,-0.061,0.066
1.78640e-01,-0.063,0.064
1.78650e-01,-0.061,0.064
1.78660e-01,-0.059,0.058
1.78670e-01,-0.061,0.062
1.78680e-01,-0.057,0.064
1.78690e-01,-0.061,0.062
1.78700e-01,-0.059,0.06
1.78710e-01,-0.057,0.06
1.78720e-01,-0.061,0.062
1.78730e-01,-0.055,0.06
1.78740e-01,-0.059,0.064
1.78750e-01,-0.055,0.062
1.78760e-01,-0.059,0.064
1.78770e-01,-0.061,0.064
1.78780e-01,-0.063,0.064
1.78790e-01,-0.061,0.062
1.78800e-01,-0.057,0.06
1.78810e-01,-0.059,0.064
1.78820e-01,-0.049,0.054
1.78830e-01,-0.045,0.046
1.78840e-01,-0.051,0.058
1.78850e-01,-0.061,0.064
1.78860e-01,-0.061,0.064
1.78870e-01,-0.063,0.064
1.78880e-01,-0.061,0.062
1.78890e-01,-0.061,0.062
1.78900e-01,-0.061,0.064
1.78910e-01,-0.061,0.062
1.78920e-01,-0.059,0.064
1.78930e-01,-0.061,0.06
1.78940e-01,-0.059,0.066
1.78950e-01,-0.065,0.064
1.78960e-01,-0.061,0.062
1.78970e-01,-0.061,0.064
1.78980e-01,-0.051,0.058
1.78990e-01,-0.059,0.064
1.79000e-01,-0.053,0.06
1.79010e-01,-0.061,0.062
1.79020e-01,-0.063,0.064
1.79030e-01,-0.059,0.062
1.79040e-01,-0.059,0.064
1.79050e-01,-0.063,0.064
1.79060e-01,-0.061,0.062
1.79070e-01,-0.061,0.06
1.79080e-01,-0.061,0.064
1.79090e-01,-0.061,0.064
1.79100e-01,-0.055,0.06
1.79110e-01,-0.061,0.064
1.79120e-01,-0.039,0.046
1.79130e-01,-0.061,0.06
1.79140e-01,-0.055,0.064
1.79150e-01,-0.059,0.06
1.79160e-01,-0.051,0.058
1.79170e-01,-0.057,0.06
1.79180e-01,-0.059,0.062
1.79190e-01,-0.049,0.058
1.79200e-01,-0.055,0.06
1.79210e-01,-0.057,0.06
1.79220e-01,-0.059,0.062
1.79230e-01,-0.063,0.064
1.79240e-01,-0.063,0.064
1.79250e-01,-0.059,0.064
1.79260e-01,-0.061,0.058
1.79270e-01,-0.061,0.062
1.79280e-01,-0.057,0.06
1.79290e-01,-0.061,0.064
1.79300e-01,-0.053,0.06
1.79310e-01,-0.059,0.06
1.79320e-01,-0.059,0.062
1.79330e-01,-0.057,0.064
1.79340e-01,-0.063,0.064
1.79350e-01,-0.063,0.062
1.79360e-01,-0.059,0.062
1.79370e-01,-0.057,0.06
1.79380e-01,-0.059,0.064
1.79390e-01,-0.061,0.064
1.79400e-01,-0.063,0.064
1.79410e-01,-0.061,0.066
1.79420e-01,-0.059,0.064
1.79430e-01,-0.049,0.058
1.79440e-01,-0.057,0.058
1.79450e-01,-0.059,0.064
1.79460e-01,-0.063,0.064
1.79470e-01,-0.059,0.06
1.79480e-01,-0.055,0.06
1.79490e-01,-0.063,0.06
1.79500e-01,-0.061,0.062
1.79510e-01,-0.057,0.062
1.79520e-01,-0.055,0.054
1.79530e-01,-0.055,0.058
1.79540e-01,-0.059,0.064
1.79550e-01,-0.061,0.062
1.79560e-01,-0.063,0.066
1.79570e-01,-0.059,0.062
1.79580e-01,-0.063,0.064
1.79590e-01,-0.061,0.06
1.79600e-01,-0.061,0.062
1.79610e-01,-0.063,0.064
1.79620e-01,-0.059,0.064
1.79630e-01,-0.061,0.06
1.79640e-01,-0.061,0.068
1.79650e-01,-0.063,0.064
1.79660e-01,-0.061,0.064
1.79670e-01,-0.061,0.062
1.79680e-01,-0.061,0.064
1.79690e-01,-0.059,0.058
1.79700e-01,-0.053,0.056
1.79710e-01,-0.057,0.062
1.79720e-01,-0.063,0.064
1.79730e-01,-0.055,0.06
1.79740e-01,-0.061,0.066
1.79750e-01,-0.061,0.064
1.79760e-01,-0.057,0.056
1.79770e-01,-0.061,0.062
1.79780e-01,-0.057,0.064
1.79790e-01,-0.063,0.066
1.79800e-01,-0.059,0.068
1.79810e-01,-0.061,0.064
1.79820e-01,-0.057,0.064
1.79830e-01,-0.059,0.064
1.79840e-01,-0.063,0.064
1.79850e-01,-0.061,0.064
1.79860e-01,-0.059,0.06
1.79870e-01,-0.059,0.062
1.79880e-01,-0.061,0.06
1.79890e-01,-0.065,0.062
1.79900e-01,-0.061,0.064
1.79910e-01,-0.063,0.064
1.79920e-01,-0.061,0.062
1.79930e-01,-0.063,0.062
1.79940e-01,-0.061,0.064
1.79950e-01,-0.063,0.064
1.79960e-01,-0.057,0.06
1.79970e-01,-0.057,0.06
1.79980e-01,-0.059,0.066
1.79990e-01,-0.061,0.064
1.80000e-01,-0.059,0.064
1.80010e-01,-0.061,0.064
1.80020e-01,-0.061,0.062
1.80030e-01,-0.061,0.064
1.80040e-01,-0.059,0.06
1.80050e-01,-0.063,0.068
1.80060e-01,-0.061,0.064
1.80070e-01,-0.063,0.066
1.80080e-01,-0.065,0.064
1.80090e-01,-0.059,0.066
1.80100e-01,-0.059,0.062
1.80110e-01,-0.061,0.064
1.80120e-01,-0.055,0.06
1.80130e-01,-0.057,0.064
1.80140e-01,-0.059,0.064
1.80150e-01,-0.047,0.056
1.80160e-01,-0.057,0.062
1.80170e-01,-0.059,0.06
1.80180e-01,-0.053,0.06
1.80190e-01,-0.061,0.062
1.80200e-01,-0.063,0.064
1.80210e-01,-0.061,0.064
1.80220e-01,-0.057,0.064
1.80230e-01,-0.059,0.062
1.80240e-01,-0.063,0.062
1.80250e-01,-0.061,0.062
1.80260e-01,-0.057,0.06
1.80270e-01,-0.055,0.06
1.80280e-01,-0.059,0.062
1.80290e-01,-0.061,0.064
1.80300e-01,-0.061,0.062
1.80310e-01,-0.061,0.064
1.80320e-01,-0.061,0.064
1.80330e-01,-0.059,0.064
1.80340e-01,-0.059,0.06
1.80350e-01,-0.059,0.06
1.80360e-01,-0.047,0.05
1.80370e-01,-0.055,0.06
1.80380e-01,-0.045,0.054
1.80390e-01,-0.063,0.062
1.80400e-01,-0.063,0.06
1.80410e-01,-0.063,0.064
1.80420e-01,-0.051,0.058
1.80430e-01,-0.047,0.056
1.80440e-01,-0.055,0.062
1.80450e-01,-0.061,0.062
1.80460e-01,-0.061,0.066
1.80470e-01,-0.063,0.062
1.80480e-01,-0.053,0.058
1.80490e-01,-0.057,0.062
1.80500e-01,-0.059,0.064
1.80510e-01,-0.057,0.06
1.80520e-01,-0.063,0.062
1.80530e-01,-0.057,0.058
1.80540e-01,-0.055,0.06
1.80550e-01,-0.049,0.054
1.80560e-01,-0.057,0.062
1.80570e-01,-0.057,0.058
1.80580e-01,-0.061,0.062
1.80590e-01,-0.059,0.066
1.80600e-01,-0.063,0.066
1.80610e-01,-0.061,0.066
1.80620e-01,-0.063,0.066
1.80630e-01,-0.063,0.064
1.80640e-01,-0.063,0.06
1.80650e-01,-0.059,0.062
1.80660e-01,-0.051,0.052
1.80670e-01,-0.061,0.062
1.80680e-01,-0.051,0.058
1.80690e-01,-0.057,0.06
1.80700e-01,-0.051,0.058
1.80710e-01,-0.063,0.062
1.80720e-01,-0.059,0.062
1.80730e-01,-0.051,0.06
1.80740e-01,-0.051,0.058
1.80750e-01,-0.055,0.058
1.80760e-01,-0.053,0.056
1.80770e-01,-0.053,0.052
1.80780e-01,-0.063,0.064
1.80790e-01,-0.059,0.062
1.80800e-01,-0.059,0.062
1.80810e-01,-0.053,0.056
1.80820e-01,-0.059,0.062
1.80830e-01,-0.049,0.048
1.80840e-01,-0.063,0.066
1.80850e-01,-0.059,0.064
1.80860e-01,-0.059,0.06
1.80870e-01,-0.061,0.06
1.80880e-01,-0.061,0.064
1.80890e-01,-0.061,0.062
1.80900e-01,-0.059,0.064
1.80910e-01,-0.059,0.062
1.80920e-01,-0.061,0.064
1.80930e-01,-0.061,0.064
1.80940e-01,-0.059,0.066
1.80950e-01,-0.061,0.06
1.80960e-01,-0.057,0.064
1.80970e-01,-0.059,0.062
1.80980e-01,-0.061,0.066
1.80990e-01,-0.057,0.064
1.81000e-01,-0.059,0.062
1.81010e-01,-0.059,0.06
1.81020e-01,-0.057,0.064
1.81030e-01,-0.047,0.054
1.81040e-01,-0.053,0.06
1.81050e-01,-0.061,0.064
1.81060e-01,-0.061,0.068
1.81070e-01,-0.051,0.05
1.81080e-01,-0.059,0.06
1.81090e-01,-0.059,0.064
1.81100e-01,-0.063,0.064
1.81110e-01,-0.061,0.062
1.81120e-01,-0.063,0.064
1.81130e-01,-0.059,0.064
1.81140e-01,-0.059,0.062
1.81150e-01,-0.061,0.062
1.81160e-01,-0.061,0.064
1.81170e-01,-0.065,0.064
1.81180e-01,-0.063,0.066
1.81190e-01,-0.061,0.06
1.81200e-01,-0.063,0.062
1.81210e-01,-0.065,0.062
1.81220e-01,-0.061,0.064
1.81230e-01,-0.059,0.064
1.81240e-01,-0.061,0.064
1.81250e-01,-0.061,0.06
1.81260e-01,-0.053,0.058
1.81270e-01,-0.049,0.054
1.81280e-01,-0.037,0.044
1.81290e-01,-0.063,0.064
1.81300e-01,-0.059,0.064
1.81310e-01,-0.059,0.064
1.81320e-01,-0.061,0.06
1.81330e-01,-0.059,0.06
1.81340e-01,-0.059,0.062
1.81350e-01,-0.059,0.06
1.81360e-01,-0.061,0.064
1.81370e-01,-0.061,0.064
1.81380e-01,-0.059,0.064
1.81390e-01,-0.055,0.062
1.81400e-01,-0.055,0.058
1.81410e-01,-0.063,0.064
1.81420e-01,-0.057,0.062
1.81430e-01,-0.059,0.058
1.81440e-01,-0.059,0.062
1.81450e-01,-0.045,0.054
1.81460e-01,-0.059,0.06
1.81470e-01,-0.061,0.062
1.81480e-01,-0.063,0.064
1.81490e-01,-0.061,0.064
1.81500e-01,-0.059,0.066
1.81510e-01,-0.059,0.062
1.81520e-01,-0.063,0.064
1.81530e-01,-0.061,0.062
1.81540e-01,-0.059,0.06
1.81550e-01,-0.063,0.064
1.81560e-01,-0.061,0.064
1.81570e-01,-0.061,0.064
1.81580e-01,-0.061,0.06
1.81590e-01,-0.057,0.062
1.81600e-01,-0.061,0.066
1.81610e-01,-0.059,0.064
1.81620e-01,-0.059,0.06
1.81630e-01,-0.051,0.058
1.81640e-01,-0.059,0.066
1.81650e-01,-0.055,0.06
1.81660e-01,-0.061,0.064
1.81670e-01,-0.051,0.056
1.81680e-01,-0.051,0.054
1.81690e-01,-0.057,0.056
1.81700e-01,-0.055,0.058
1.81710e-01,-0.057,0.064
1.81720e-01,-0.065,0.064
1.81730e-01,-0.057,0.06
1.81740e-01,-0.065,0.064
1.81750e-01,-0.061,0.062
1.81760e-01,-0.051,0.056
1.81770e-01,-0.061,0.064
1.81780e-01,-0.053,0.056
1.81790e-01,-0.063,0.064
1.81800e-01,-0.057,0.06
1.81810e-01,-0.063,0.062
1.81820e-01,-0.055,0.06
1.81830e-01,-0.057,0.06
1.81840e-01,-0.061,0.064
1.81850e-01,-0.059,0.062
1.81860e-01,-0.061,0.064
1.81870e-01,-0.061,0.064
1.81880e-01,-0.061,0.062
1.81890e-01,-0.061,0.062
1.81900e-01,-0.057,0.06
1.81910e-01,-0.059,0.064
1.81920e-01,-0.055,0.06
1.81930e-01,-0.061,0.064
1.81940e-01,-0.057,0.058
1.81950e-01,-0.061,0.064
1.81960e-01,-0.059,0.06
1.81970e-01,-0.061,0.064
1.81980e-01,-0.063,0.066
1.81990e-01,-0.059,0.062
1.82000e-01,-0.059,0.062
1.82010e-01,-0.055,0.062
1.82020e-01,-0.055,0.06
1.82030e-01,-0.059,0.058
1.82040e-01,-0.057,0.058
1.82050e-01,-0.061,0.06
1.82060e-01,-0.059,0.064
1.82070e-01,-0.045,0.05
1.82080e-01,-0.051,0.054
1.82090e-01,-0.043,0.05
1.82100e-01,-0.033,0.046
1.82110e-01,-0.045,0.056
1.82120e-01,-0.061,0.06
1.82130e-01,-0.055,0.056
1.82140e-01,-0.059,0.06
1.82150e-01,-0.061,0.062
1.82160e-01,-0.059,0.06
1.82170e-01,-0.061,0.06
1.82180e-01,-0.063,0.06
1.82190e-01,-0.059,0.066
1.82200e-01,-0.061,0.064
1.82210e-01,-0.059,0.064
1.82220e-01,-0.057,0.06
1.82230e-01,-0.061,0.064
1.82240e-01,-0.059,0.064
1.82250e-01,-0.063,0.062
1.82260e-01,-0.063,0.064
1.82270e-01,-0.055,0.06
1.82280e-01,-0.063,0.064
1.82290e-01,-0.061,0.066
1.82300e-01,-0.061,0.064
1.82310e-01,-0.057,0.064
1.82320e-01,-0.061,0.062
1.82330e-01,-0.063,0.062
1.82340e-01,-0.063,0.066
1.82350e-01,-0.061,0.06
1.82360e-01,-0.061,0.06
1.82370e-01,-0.065,0.064
1.82380e-01,-0.059,0.064
1.82390e-01,-0.063,0.064
1.82400e-01,-0.061,0.064
1.82410e-01,-0.063,0.066
1.82420e-01,-0.061,0.064
1.82430e-01,-0.059,0.066
1.82440e-01,-0.061,0.064
1.82450e-01,-0.063,0.062
1.82460e-01,-0.059,0.062
1.82470e-01,-0.063,0.064
1.82480e-01,-0.063,0.064
1.82490e-01,-0.061,0.064
1.82500e-01,-0.061,0.062
1.82510e-01,-0.059,0.062
1.82520e-01,-0.059,0.064
1.82530e-01,-0.061,0.068
1.82540e-01,-0.061,0.066
1.82550e-01,-0.053,0.058
1.82560e-01,-0.055,0.06
1.82570e-01,-0.047,0.056
1.82580e-01,-0.057,0.06
1.82590e-01,-0.059,0.062
1.82600e-01,-0.063,0.062
1.82610e-01,-0.061,0.064
1.82620e-01,-0.061,0.064
1.82630e-01,-0.057,0.06
1.82640e-01,-0.041,0.042
1.82650e-01,-0.055,0.058
1.82660e-01,-0.053,0.06
1.82670e-01,-0.059,0.064
1.82680e-01,-0.049,0.054
1.82690e-01,-0.059,0.064
1.82700e-01,-0.055,0.06
1.82710e-01,-0.059,0.062
1.82720e-01,-0.067,0.064
1.82730e-01,-0.059,0.062
1.82740e-01,-0.061,0.062
1.82750e-01,-0.061,0.064
1.82760e-01,-0.063,0.064
1.82770e-01,-0.057,0.06
1.82780e-01,-0.059,0.06
1.82790e-01,-0.057,0.058
1.82800e-01,-0.059,0.06
1.82810e-01,-0.055,0.06
1.82820e-01,-0.061,0.066
1.82830e-01,-0.063,0.064
1.82840e-01,-0.059,0.06
1.82850e-01,-0.061,0.064
1.82860e-01,-0.061,0.06
1.82870e-01,-0.059,0.064
1.82880e-01,-0.059,0.064
1.82890e-01,-0.053,0.058
1.82900e-01,-0.061,0.064
1.82910e-01,-0.055,0.06
1.82920e-01,-0.057,0.06
1.82930e-01,-0.055,0.064
1.82940e-01,-0.059,0.062
1.82950e-01,-0.061,0.064
1.82960e-01,-0.061,0.06
1.82970e-01,-0.063,0.06
1.82980e-01,-0.063,0.066
1.82990e-01,-0.053,0.06
1.83000e-01,-0.061,0.066
1.83010e-01,-0.057,0.062
1.83020e-01,-0.055,0.058
1.83030e-01,-0.051,0.054
1.83040e-01,-0.061,0.064
1.83050e-01,-0.049,0.056
1.83060e-01,-0.055,0.056
1.83070e-01,-0.047,0.054
1.83080e-01,-0.053,0.054
1.83090e-01,-0.051,0.056
1.83100e-01,-0.057,0.06
1.83110e-01,-0.059,0.062
1.83120e-01,-0.059,0.062
1.83130e-01,-0.059,0.064
1.83140e-01,-0.059,0.066
1.83150e-01,-0.063,0.064
1.83160e-01,-0.061,0.064
1.83170e-01,-0.059,0.064
1.83180e-01,-0.063,0.064
1.83190e-01,-0.061,0.064
1.83200e-01,-0.059,0.06
1.83210e-01,-0.059,0.064
1.83220e-01,-0.059,0.06
1.83230e-01,-0.059,0.064
1.83240e-01,-0.057,0.06
1.83250e-01,-0.059,0.062
1.83260e-01,-0.055,0.06
1.83270e-01,-0.061,0.066
1.83280e-01,-0.061,0.062
1.83290e-01,-0.059,0.064
1.83300e-01,-0.063,0.064
1.83310e-01,-0.063,0.06
1.83320e-01,-0.059,0.06
1.83330e-01,-0.057,0.062
1.83340e-01,-0.059,0.066
1.83350e-01,-0.061,0.066
1.83360e-01,-0.057,0.06
1.83370e-01,-0.059,0.06
1.83380e-01,-0.061,0.064
1.83390e-01,-0.053,0.054
1.83400e-01,-0.059,0.062
1.83410e-01,-0.061,0.062
1.83420e-01,-0.057,0.06
1.83430e-01,-0.057,0.062
1.83440e-01,-0.057,0.056
1.83450e-01,-0.061,0.062
1.83460e-01,-0.045,0.052
1.83470e-01,-0.061,0.062
1.83480e-01,-0.055,0.056
1.83490e-01,-0.061,0.064
1.83500e-01,-0.063,0.064
1.83510e-01,-0.061,0.062
1.83520e-01,-0.065,0.064
1.83530e-01,-0.059,0.06
1.83540e-01,-0.061,0.066
1.83550e-01,-0.061,0.066
1.83560e-01,-0.063,0.062
1.83570e-01,-0.059,0.06
1.83580e-01,-0.057,0.06
1.83590e-01,-0.063,0.062
1.83600e-01,-0.061,0.06
1.83610e-01,-0.061,0.068
1.83620e-01,-0.059,0.06
1.83630e-01,-0.059,0.064
1.83640e-01,-0.057,0.06
1.83650e-01,-0.061,0.062
1.83660e-01,-0.057,0.06
1.83670e-01,-0.055,0.06
1.83680e-01,-0.061,0.064
1.83690e-01,-0.059,0.064
1.83700e-01,-0.055,0.058
1.83710e-01,-0.059,0.062
1.83720e-01,-0.061,0.064
1.83730e-01,-0.063,0.062
1.83740e-01,-0.059,0.062
1.83750e-01,-0.061,0.06
1.83760e-01,-0.059,0.066
1.83770e-01,-0.061,0.062
1.83780e-01,-0.059,0.064
1.83790e-01,-0.063,0.064
1.83800e-01,-0.055,0.06
1.83810e-01,-0.059,0.066
1.83820e-01,-0.059,0.066
1.83830e-01,-0.063,0.064
1.83840e-01,-0.065,0.062
1.83850e-01,-0.061,0.066
1.83860e-01,-0.057,0.066
1.83870e-01,-0.057,0.058
1.83880e-01,-0.057,0.06
1.83890e-01,-0.057,0.062
1.83900e-01,-0.057,0.064
1.83910e-01,-0.063,0.066
1.83920e-01,-0.061,0.062
1.83930e-01,-0.061,0.064
1.83940e-01,-0.057,0.06
1.83950e-01,-0.059,0.06
1.83960e-01,-0.059,0.062
1.83970e-01,-0.061,0.064
1.83980e-01,-0.055,0.06
1.83990e-01,-0.059,0.06
1.84000e-01,-0.051,0.056
1.84010e-01,-0.059,0.062
1.84020e-01,-0.055,0.06
1.84030e-01,-0.059,0.064
1.84040e-01,-0.061,0.062
1.84050e-01,-0.061,0.064
1.84060e-01,-0.061,0.064
1.84070e-01,-0.063,0.064
1.84080e-01,-0.057,0.06
1.84090e-01,-0.055,0.062
1.84100e-01,-0.055,0.06
1.84110e-01,-0.061,0.062
1.84120e-01,-0.057,0.062
1.84130e-01,-0.061,0.064
1.84140e-01,-0.063,0.062
1.84150e-01,-0.059,0.064
1.84160e-01,-0.061,0.064
1.84170e-01,-0.055,0.06
1.84180e-01,-0.063,0.06
1.84190e-01,-0.059,0.062
1.84200e-01,-0.063,0.068
1.84210e-01,-0.055,0.058
1.84220e-01,-0.057,0.06
1.84230e-01,-0.059,0.06
1.84240e-01,-0.051,0.06
1.84250e-01,-0.049,0.054
1.84260e-01,-0.061,0.064
1.84270e-01,-0.053,0.058
1.84280e-01,-0.059,0.06
1.84290e-01,-0.063,0.06
1.84300e-01,-0.059,0.062
1.84310e-01,-0.059,0.062
1.84320e-01,-0.061,0.064
1.84330e-01,-0.063,0.064
1.84340e-01,-0.061,0.06
1.84350e-01,-0.063,0.064
1.84360e-01,-0.059,0.06
1.84370e-01,-0.059,0.066
1.84380e-01,-0.057,0.06
1.84390e-01,-0.061,0.066
1.84400e-01,-0.057,0.062
1.84410e-01,-0.061,0.066
1.84420e-01,-0.061,0.064
1.84430e-01,-0.057,0.06
1.84440e-01,-0.057,0.064
1.84450e-01,-0.063,0.064
1.84460e-01,-0.065,0.062
1.84470e-01,-0.059,0.062
1.84480e-01,-0.061,0.064
1.84490e-01,-0.061,0.064
1.84500e-01,-0.059,0.062
1.84510e-01,-0.055,0.062
1.84520e-01,-0.063,0.066
1.84530e-01,-0.057,0.06
1.84540e-01,-0.063,0.062
1.84550e-01,-0.059,0.066
1.84560e-01,-0.061,0.064
1.84570e-01,-0.061,0.064
1.84580e-01,-0.063,0.062
1.84590e-01,-0.057,0.064
1.84600e-01,-0.053,0.056
1.84610e-01,-0.053,0.064
1.84620e-01,-0.055,0.06
1.84630e-01,-0.059,0.064
1.84640e-01,-0.063,0.066
1.84650e-01,-0.051,0.058
1.84660e-01,-0.055,0.058
1.84670e-01,-0.063,0.064
1.84680e-01,-0.055,0.06
1.84690e-01,-0.051,0.058
1.84700e-01,-0.043,0.044
1.84710e-01,-0.047,0.054
1.84720e-01,-0.049,0.054
1.84730e-01,-0.055,0.06
1.84740e-01,-0.057,0.06
1.84750e-01,-0.059,0.06
1.84760e-01,-0.045,0.048
1.84770e-01,-0.061,0.064
1.84780e-01,-0.063,0.062
1.84790e-01,-0.059,0.068
1.84800e-01,-0.057,0.064
1.84810e-01,-0.059,0.062
1.84820e-01,-0.061,0.062
1.84830e-01,-0.063,0.064
1.84840e-01,-0.055,0.064
1.84850e-01,-0.059,0.06
1.84860e-01,-0.065,0.064
1.84870e-01,-0.055,0.054
1.84880e-01,-0.057,0.064
1.84890e-01,-0.061,0.062
1.84900e-01,-0.065,0.062
1.84910e-01,-0.059,0.064
1.84920e-01,-0.057,0.062
1.84930e-01,-0.059,0.064
1.84940e-01,-0.055,0.062
1.84950e-01,-0.057,0.06
1.84960e-01,-0.061,0.066
1.84970e-01,-0.055,0.064
1.84980e-01,-0.059,0.062
1.84990e-01,-0.061,0.066
1.85000e-01,-0.061,0.062
1.85010e-01,-0.059,0.064
1.85020e-01,-0.059,0.06
1.85030e-01,-0.057,0.06
1.85040e-01,-0.057,0.06
1.85050e-01,-0.063,0.064
1.85060e-01,-0.053,0.058
1.85070e-01,-0.059,0.06
1.85080e-01,-0.055,0.064
1.85090e-01,-0.051,0.054
1.85100e-01,-0.059,0.06
1.85110e-01,-0.061,0.06
1.85120e-01,-0.063,0.062
1.85130e-01,-0.055,0.064
1.85140e-01,-0.051,0.054
1.85150e-01,-0.061,0.066
1.85160e-01,-0.059,0.066
1.85170e-01,-0.063,0.062
1.85180e-01,-0.061,0.062
1.85190e-01,-0.061,0.062
1.85200e-01,-0.049,0.05
1.85210e-01,-0.057,0.062
1.85220e-01,-0.059,0.058
1.85230e-01,-0.059,0.06
1.85240e-01,-0.059,0.066
1.85250e-01,-0.057,0.062
1.85260e-01,-0.063,0.062
1.85270e-01,-0.045,0.05
1.85280e-01,-0.059,0.06
1.85290e-01,-0.061,0.064
1.85300e-01,-0.061,0.06
1.85310e-01,-0.047,0.05
1.85320e-01,-0.059,0.062
1.85330e-01,-0.063,0.062
1.85340e-01,-0.057,0.06
1.85350e-01,-0.061,0.062
1.85360e-01,-0.059,0.064
1.85370e-01,-0.061,0.066
1.85380e-01,-0.059,0.064
1.85390e-01,-0.065,0.064
1.85400e-01,-0.059,0.064
1.85410e-01,-0.059,0.064
1.85420e-01,-0.051,0.06
1.85430e-01,-0.047,0.05
1.85440e-01,-0.061,0.066
1.85450e-01,-0.053,0.06
1.85460e-01,-0.055,0.06
1.85470e-01,-0.059,0.068
1.85480e-01,-0.061,0.062
1.85490e-01,-0.061,0.062
1.85500e-01,-0.063,0.064
1.85510e-01,-0.059,0.064
1.85520e-01,-0.061,0.064
1.85530e-01,-0.059,0.066
1.85540e-01,-0.061,0.064
1.85550e-01,-0.057,0.06
1.85560e-01,-0.061,0.062
1.85570e-01,-0.059,0.06
1.85580e-01,-0.059,0.062
1.85590e-01,-0.055,0.062
1.85600e-01,-0.061,0.062
1.85610e-01,-0.061,0.06
1.85620e-01,-0.053,0.054
1.85630e-01,-0.063,0.064
1.85640e-01,-0.057,0.06
1.85650e-01,-0.061,0.062
1.85660e-01,-0.051,0.058
1.85670e-01,-0.059,0.064
1.85680e-01,-0.061,0.064
1.85690e-01,-0.061,0.066
1.85700e-01,-0.059,0.064
1.85710e-01,-0.059,0.068
1.85720e-01,-0.063,0.062
1.85730e-01,-0.041,0.048
1.85740e-01,-0.057,0.06
1.85750e-01,-0.051,0.054
1.85760e-01,-0.061,0.066
1.85770e-01,-0.057,0.058
1.85780e-01,-0.057,0.06
1.85790e-01,-0.059,0.062
1.85800e-01,-0.055,0.06
1.85810e-01,-0.059,0.064
1.85820e-01,-0.061,0.062
1.85830e-01,-0.061,0.066
1.85840e-01,-0.061,0.064
1.85850e-01,-0.061,0.064
1.85860e-01,-0.061,0.064
1.85870e-01,-0.055,0.056
1.85880e-01,-0.063,0.064
1.85890e-01,-0.063,0.062
1.85900e-01,-0.059,0.064
1.85910e-01,-0.061,0.062
1.85920e-01,-0.061,0.066
1.85930e-01,-0.057,0.064
1.85940e-01,-0.061,0.064
1.85950e-01,-0.061,0.062
1.85960e-01,-0.061,0.064
1.85970e-01,-0.051,0.054
1.85980e-01,-0.063,0.06
1.85990e-01,-0.059,0.064
1.86000e-01,-0.055,0.06
1.86010e-01,-0.063,0.064
1.86020e-01,-0.061,0.066
1.86030e-01,-0.063,0.066
1.86040e-01,-0.061,0.064
1.86050e-01,-0.059,0.064
1.86060e-01,-0.063,0.066
1.86070e-01,-0.063,0.066
1.86080e-01,-0.061,0.062
1.86090e-01,-0.061,0.064
1.86100e-01,-0.055,0.06
1.86110e-01,-0.057,0.06
1.86120e-01,-0.061,0.066
1.86130e-01,-0.061,0.066
1.86140e-01,-0.059,0.064
1.86150e-01,-0.061,0.066
1.86160e-01,-0.061,0.064
1.86170e-01,-0.065,0.062
1.86180e-01,-0.061,0.062
1.86190e-01,-0.059,0.062
1.86200e-01,-0.059,0.064
1.86210e-01,-0.061,0.066
1.86220e-01,-0.063,0.064
1.86230e-01,-0.057,0.06
1.86240e-01,-0.061,0.064
1.86250e-01,-0.063,0.062
1.86260e-01,-0.061,0.064
1.86270e-01,-0.061,0.06
1.86280e-01,-0.061,0.066
1.86290e-01,-0.059,0.068
1.86300e-01,-0.059,0.064
1.86310e-01,-0.059,0.064
1.86320e-01,-0.063,0.068
1.86330e-01,-0.059,0.062
1.86340e-01,-0.061,0.066
1.86350e-01,-0.061,0.066
1.86360e-01,-0.061,0.064
1.86370e-01,-0.061,0.06
1.86380e-01,-0.063,0.064
1.86390e-01,-0.061,0.064
1.86400e-01,-0.061,0.064
1.86410e-01,-0.061,0.064
1.86420e-01,-0.057,0.06
1.86430e-01,-0.055,0.062
1.86440e-01,-0.057,0.058
1.86450e-01,-0.051,0.054
1.86460e-01,-0.047,0.054
1.86470e-01,-0.063,0.06
1.86480e-01,-0.061,0.064
1.86490e-01,-0.059,0.06
1.86500e-01,-0.061,0.06
1.86510e-01,-0.063,0.062
1.86520e-01,-0.059,0.064
1.86530e-01,-0.059,0.064
1.86540e-01,-0.059,0.062
1.86550e-01,-0.061,0.062
1.86560e-01,-0.059,0.064
1.86570e-01,-0.059,0.062
1.86580e-01,-0.059,0.07
1.86590e-01,-0.061,0.06
1.86600e-01,-0.055,0.064
1.86610e-01,-0.055,0.058
1.86620e-01,-0.063,0.064
1.86630e-01,-0.053,0.058
1.86640e-01,-0.059,0.062
1.86650e-01,-0.059,0.06
1.86660e-01,-0.061,0.064
1.86670e-01,-0.055,0.06
1.86680e-01,-0.053,0.06
1.86690e-01,-0.051,0.054
1.86700e-01,-0.055,0.06
1.86710e-01,-0.053,0.056
1.86720e-01,-0.061,0.062
1.86730e-01,-0.061,0.064
1.86740e-01,-0.055,0.058
1.86750e-01,-0.057,0.06
1.86760e-01,-0.059,0.06
1.86770e-01,-0.061,0.064
1.86780e-01,-0.063,0.064
1.86790e-01,-0.061,0.064
1.86800e-01,-0.059,0.064
1.86810e-01,-0.063,0.064
1.86820e-01,-0.057,0.062
1.86830e-01,-0.059,0.062
1.86840e-01,-0.063,0.064
1.86850e-01,-0.061,0.062
1.86860e-01,-0.061,0.064
1.86870e-01,-0.061,0.062
1.86880e-01,-0.061,0.064
1.86890e-01,-0.053,0.06
1.86900e-01,-0.059,0.066
1.86910e-01,-0.063,0.06
1.86920e-01,-0.061,0.064
1.86930e-01,-0.061,0.062
1.86940e-01,-0.061,0.064
1.86950e-01,-0.057,0.062
1.86960e-01,-0.065,0.062
1.86970e-01,-0.059,0.062
1.86980e-01,-0.059,0.064
1.86990e-01,-0.059,0.062
1.87000e-01,-0.063,0.06
1.87010e-01,-0.053,0.062
1.87020e-01,-0.061,0.064
1.87030e-01,-0.051,0.056
1.87040e-01,-0.061,0.062
1.87050e-01,-0.057,0.06
1.87060e-01,-0.061,0.066
1.87070e-01,-0.061,0.062
1.87080e-01,-0.065,0.064
1.87090e-01,-0.063,0.064
1.87100e-01,-0.061,0.062
1.87110e-01,-0.057,0.064
1.87120e-01,-0.059,0.062
1.87130e-01,-0.063,0.062
1.87140e-01,-0.059,0.064
1.87150e-01,-0.059,0.06
1.87160e-01,-0.061,0.064
1.87170e-01,-0.061,0.064
1.87180e-01,-0.061,0.062
1.87190e-01,-0.059,0.06
1.87200e-01,-0.061,0.062
1.87210e-01,-0.061,0.064
1.87220e-01,-0.059,0.064
1.87230e-01,-0.061,0.064
1.87240e-01,-0.061,0.062
1.87250e-01,-0.061,0.064
1.87260e-01,-0.057,0.064
1.87270e-01,-0.061,0.064
1.87280e-01,-0.061,0.068
1.87290e-01,-0.059,0.064
1.87300e-01,-0.057,0.062
1.87310e-01,-0.061,0.066
1.87320e-01,-0.055,0.058
1.87330e-01,-0.059,0.066
1.87340e-01,-0.051,0.058
1.87350e-01,-0.061,0.064
1.87360e-01,-0.055,0.054
1.87370e-01,-0.061,0.066
1.87380e-01,-0.055,0.066
1.87390e-01,-0.063,0.064
1.87400e-01,-0.059,0.064
1.87410e-01,-0.061,0.06
1.87420e-01,-0.055,0.06
1.87430e-01,-0.059,0.062
1.87440e-01,-0.061,0.062
1.87450e-01,-0.063,0.064
1.87460e-01,-0.053,0.054
1.87470e-01,-0.051,0.056
1.87480e-01,-0.053,0.058
1.87490e-01,-0.059,0.064
1.87500e-01,-0.059,0.062
1.87510e-01,-0.055,0.062
1.87520e-01,-0.057,0.064
1.87530e-01,-0.063,0.064
1.87540e-01,-0.061,0.066
1.87550e-01,-0.063,0.064
1.87560e-01,-0.055,0.06
1.87570e-01,-0.059,0.064
1.87580e-01,-0.061,0.064
1.87590e-01,-0.061,0.062
1.87600e-01,-0.063,0.062
1.87610e-01,-0.061,0.066
1.87620e-01,-0.055,0.058
1.87630e-01,-0.053,0.056
1.87640e-01,-0.057,0.06
1.87650e-01,-0.061,0.062
1.87660e-01,-0.041,0.05
1.87670e-01,-0.045,0.05
1.87680e-01,-0.051,0.056
1.87690e-01,-0.057,0.06
1.87700e-01,-0.055,0.058
1.87710e-01,-0.059,0.062
1.87720e-01,-0.045,0.052
1.87730e-01,-0.055,0.062
1.87740e-01,-0.059,0.062
1.87750e-01,-0.061,0.064
1.87760e-01,-0.053,0.06
1.87770e-01,-0.061,0.066
1.87780e-01,-0.061,0.066
1.87790e-01,-0.053,0.06
1.87800e-01,-0.049,0.056
1.87810e-01,-0.051,0.054
1.87820e-01,-0.059,0.058
1.87830e-01,-0.047,0.054
1.87840e-01,-0.057,0.06
1.87850e-01,-0.063,0.06
1.87860e-01,-0.055,0.064
1.87870e-01,-0.061,0.062
1.87880e-01,-0.061,0.064
1.87890e-01,-0.061,0.06
1.87900e-01,-0.061,0.066
1.87910e-01,-0.061,0.062
1.87920e-01,-0.059,0.064
1.87930e-01,-0.061,0.062
1.87940e-01,-0.059,0.062
1.87950e-01,-0.061,0.064
1.87960e-01,-0.057,0.06
1.87970e-01,-0.061,0.064
1.87980e-01,-0.061,0.06
1.87990e-01,-0.057,0.062
1.88000e-01,-0.059,0.064
1.88010e-01,-0.059,0.06
1.88020e-01,-0.051,0.058
1.88030e-01,-0.057,0.062
1.88040e-01,-0.055,0.06
1.88050e-01,-0.057,0.062
1.88060e-01,-0.059,0.062
1.88070e-01,-0.061,0.062
1.88080e-01,-0.057,0.064
1.88090e-01,-0.061,0.064
1.88100e-01,-0.063,0.064
1.88110e-01,-0.061,0.062
1.88120e-01,-0.065,0.066
1.88130e-01,-0.055,0.06
1.88140e-01,-0.051,0.056
1.88150e-01,-0.057,0.06
1.88160e-01,-0.061,0.064
1.88170e-01,-0.061,0.062
1.88180e-01,-0.061,0.064
1.88190e-01,-0.063,0.064
1.88200e-01,-0.059,0.056
1.88210e-01,-0.063,0.06
1.88220e-01,-0.061,0.062
1.88230e-01,-0.053,0.06
1.88240e-01,-0.061,0.062
1.88250e-01,-0.059,0.062
1.88260e-01,-0.061,0.066
1.88270e-01,-0.057,0.064
1.88280e-01,-0.065,0.066
1.88290e-01,-0.063,0.064
1.88300e-01,-0.055,0.06
1.88310e-01,-0.055,0.06
1.88320e-01,-0.043,0.048
1.88330e-01,-0.053,0.06
1.88340e-01,-0.049,0.052
1.88350e-01,-0.055,0.06
1.88360e-01,-0.049,0.054
1.88370e-01,-0.057,0.054
1.88380e-01,-0.053,0.06
1.88390e-01,-0.063,0.062
1.88400e-01,-0.059,0.064
1.88410e-01,-0.061,0.062
1.88420e-01,-0.061,0.064
1.88430e-01,-0.049,0.054
1.88440e-01,-0.057,0.06
1.88450e-01,-0.059,0.06
1.88460e-01,-0.061,0.064
1.88470e-01,-0.059,0.062
1.88480e-01,-0.059,0.062
1.88490e-01,-0.063,0.064
1.88500e-01,-0.059,0.06
1.88510e-01,-0.061,0.064
1.88520e-01,-0.061,0.064
1.88530e-01,-0.063,0.062
1.88540e-01,-0.057,0.06
1.88550e-01,-0.061,0.062
1.88560e-01,-0.063,0.064
1.88570e-01,-0.061,0.064
1.88580e-01,-0.059,0.06
1.88590e-01,-0.061,0.064
1.88600e-01,-0.049,0.056
1.88610e-01,-0.057,0.06
1.88620e-01,-0.061,0.06
1.88630e-01,-0.065,0.064
1.88640e-01,-0.063,0.064
1.88650e-01,-0.063,0.064
1.88660e-01,-0.063,0.062
1.88670e-01,-0.059,0.06
1.88680e-01,-0.061,0.066
1.88690e-01,-0.061,0.064
1.88700e-01,-0.053,0.062
1.88710e-01,-0.059,0.064
1.88720e-01,-0.057,0.062
1.88730e-01,-0.059,0.064
1.88740e-01,-0.047,0.05
1.88750e-01,-0.059,0.064
1.88760e-01,-0.061,0.064
1.88770e-01,-0.063,0.066
1.88780e-01,-0.061,0.062
1.88790e-01,-0.061,0.062
1.88800e-01,-0.063,0.064
1.88810e-01,-0.061,0.062
1.88820e-01,-0.061,0.06
1.88830e-01,-0.061,0.064
1.88840e-01,-0.061,0.064
1.88850e-01,-0.061,0.066
1.88860e-01,-0.057,0.062
1.88870e-01,-0.063,0.06
1.88880e-01,-0.059,0.062
1.88890e-01,-0.059,0.062
1.88900e-01,-0.059,0.06
1.88910e-01,-0.063,0.062
1.88920e-01,-0.047,0.054
1.88930e-01,-0.061,0.062
1.88940e-01,-0.061,0.062
1.88950e-01,-0.057,0.062
1.88960e-01,-0.065,0.064
1.88970e-01,-0.061,0.064
1.88980e-01,-0.059,0.06
1.88990e-01,-0.063,0.066
1.89000e-01,-0.051,0.06
1.89010e-01,-0.053,0.06
1.89020e-01,-0.059,0.062
1.89030e-01,-0.059,0.064
1.89040e-01,-0.059,0.06
1.89050e-01,-0.049,0.056
1.89060e-01,-0.055,0.062
1.89070e-01,-0.059,0.06
1.89080e-01,-0.059,0.062
1.89090e-01,-0.059,0.06
1.89100e-01,-0.059,0.064
1.89110e-01,-0.053,0.056
1.89120e-01,-0.057,0.058
1.89130e-01,-0.059,0.062
1.89140e-01,-0.061,0.066
1.89150e-01,-0.063,0.06
1.89160e-01,-0.059,0.062
1.89170e-01,-0.059,0.064
1.89180e-01,-0.057,0.06
1.89190e-01,-0.053,0.058
1.89200e-01,-0.057,0.06
1.89210e-01,-0.057,0.062
1.89220e-01,-0.057,0.064
1.89230e-01,-0.061,0.064
1.89240e-01,-0.055,0.06
1.89250e-01,-0.061,0.064
1.89260e-01,-0.061,0.064
1.89270e-01,-0.059,0.062
1.89280e-01,-0.057,0.06
1.89290e-01,-0.043,0.052
1.89300e-01,-0.061,0.064
1.89310e-01,-0.059,0.062
1.89320e-01,-0.059,0.06
1.89330e-01,-0.059,0.06
1.89340e-01,-0.061,0.066
1.89350e-01,-0.055,0.06
1.89360e-01,-0.055,0.06
1.89370e-01,-0.061,0.062
1.89380e-01,-0.059,0.062
1.89390e-01,-0.049,0.054
1.89400e-01,-0.047,0.052
1.89410e-01,-0.057,0.06
1.89420e-01,-0.063,0.06
1.89430e-01,-0.065,0.06
1.89440e-01,-0.057,0.058
1.89450e-01,-0.061,0.064
1.89460e-01,-0.063,0.064
1.89470e-01,-0.047,0.052
1.89480e-01,-0.047,0.052
1.89490e-01,-0.037,0.044
1.89500e-01,-0.049,0.05
1.89510e-01,-0.039,0.048
1.89520e-01,-0.049,0.054
1.89530e-01,-0.051,0.056
1.89540e-01,-0.055,0.06
1.89550e-01,-0.053,0.058
1.89560e-01,-0.055,0.06
1.89570e-01,-0.061,0.066
1.89580e-01,-0.057,0.066
1.89590e-01,-0.055,0.06
1.89600e-01,-0.051,0.06
1.89610e-01,-0.051,0.054
1.89620e-01,-0.061,0.064
1.89630e-01,-0.055,0.06
1.89640e-01,-0.049,0.054
1.89650e-01,-0.057,0.06
1.89660e-01,-0.057,0.06
1.89670e-01,-0.053,0.054
1.89680e-01,-0.061,0.064
1.89690e-01,-0.061,0.066
1.89700e-01,-0.061,0.064
1.89710e-01,-0.061,0.062
1.89720e-01,-0.063,0.064
1.89730e-01,-0.059,0.066
1.89740e-01,-0.061,0.066
1.89750e-01,-0.061,0.064
1.89760e-01,-0.065,0.062
1.89770e-01,-0.063,0.062
1.89780e-01,-0.059,0.064
1.89790e-01,-0.059,0.06
1.89800e-01,-0.059,0.062
1.89810e-01,-0.059,0.06
1.89820e-01,-0.061,0.06
1.89830e-01,-0.063,0.064
1.89840e-01,-0.055,0.06
1.89850e-01,-0.061,0.066
1.89860e-01,-0.059,0.062
1.89870e-01,-0.061,0.066
1.89880e-01,-0.063,0.06
1.89890e-01,-0.061,0.06
1.89900e-01,-0.055,0.058
1.89910e-01,-0.063,0.064
1.89920e-01,-0.059,0.062
1.89930e-01,-0.057,0.062
1.89940e-01,-0.061,0.064
1.89950e-01,-0.057,0.054
1.89960e-01,-0.059,0.06
1.89970e-01,-0.055,0.058
1.89980e-01,-0.067,0.064
1.89990e-01,-0.063,0.062
1.90000e-01,-0.063,0.064
1.90010e-01,-0.059,0.064
1.90020e-01,-0.055,0.062
1.90030e-01,-0.059,0.062
1.90040e-01,-0.061,0.066
1.90050e-01,-0.059,0.062
1.90060e-01,-0.061,0.064
1.90070e-01,-0.053,0.056
1.90080e-01,-0.061,0.062
1.90090e-01,-0.061,0.064
1.90100e-01,-0.061,0.066
1.90110e-01,-0.059,0.064
1.90120e-01,-0.063,0.064
1.90130e-01,-0.055,0.06
1.90140e-01,-0.059,0.064
1.90150e-01,-0.059,0.064
1.90160e-01,-0.061,0.06
1.90170e-01,-0.057,0.06
1.90180e-01,-0.061,0.064
1.90190e-01,-0.061,0.066
1.90200e-01,-0.059,0.064
1.90210e-01,-0.063,0.062
1.90220e-01,-0.055,0.06
1.90230e-01,-0.053,0.06
1.90240e-01,-0.057,0.06
1.90250e-01,-0.059,0.064
1.90260e-01,-0.055,0.058
1.90270e-01,-0.059,0.062
1.90280e-01,-0.051,0.056
1.90290e-01,-0.055,0.06
1.90300e-01,-0.043,0.054
1.90310e-01,-0.057,0.06
1.90320e-01,-0.059,0.062
1.90330e-01,-0.061,0.062
1.90340e-01,-0.061,0.062
1.90350e-01,-0.061,0.062
1.90360e-01,-0.061,0.068
1.90370e-01,-0.059,0.064
1.90380e-01,-0.057,0.062
1.90390e-01,-0.061,0.064
1.90400e-01,-0.061,0.062
1.90410e-01,-0.061,0.06
1.90420e-01,-0.059,0.062
1.90430e-01,-0.059,0.06
1.90440e-01,-0.063,0.064
1.90450e-01,-0.061,0.06
1.90460e-01,-0.051,0.058
1.90470e-01,-0.061,0.062
1.90480e-01,-0.065,0.064
1.90490e-01,-0.063,0.066
1.90500e-01,-0.057,0.06
1.90510e-01,-0.057,0.06
1.90520e-01,-0.057,0.06
1.90530e-01,-0.061,0.066
1.90540e-01,-0.063,0.066
1.90550e-01,-0.063,0.062
1.90560e-01,-0.061,0.06
1.90570e-01,-0.059,0.068
1.90580e-01,-0.057,0.06
1.90590e-01,-0.059,0.064
1.90600e-01,-0.057,0.064
1.90610e-01,-0.061,0.06
1.90620e-01,-0.055,0.06
1.90630e-01,-0.059,0.062
1.90640e-01,-0.061,0.064
1.90650e-01,-0.061,0.06
1.90660e-01,-0.043,0.046
1.90670e-01,-0.051,0.058
1.90680e-01,-0.045,0.05
1.90690e-01,-0.039,0.05
1.90700e-01,-0.059,0.06
1.90710e-01,-0.061,0.064
1.90720e-01,-0.061,0.064
1.90730e-01,-0.061,0.064
1.90740e-01,-0.053,0.056
1.90750e-01,-0.051,0.054
1.90760e-01,-0.059,0.06
1.90770e-01,-0.061,0.062
1.90780e-01,-0.061,0.062
1.90790e-01,-0.057,0.062
1.90800e-01,-0.057,0.06
1.90810e-01,-0.061,0.064
1.90820e-01,-0.061,0.066
1.90830e-01,-0.065,0.062
1.90840e-01,-0.057,0.058
1.90850e-01,-0.063,0.064
1.90860e-01,-0.061,0.066
1.90870e-01,-0.055,0.06
1.90880e-01,-0.059,0.062
1.90890e-01,-0.059,0.06
1.90900e-01,-0.057,0.064
1.90910e-01,-0.059,0.062
1.90920e-01,-0.061,0.066
1.90930e-01,-0.061,0.062
1.90940e-01,-0.059,0.064
1.90950e-01,-0.059,0.062
1.90960e-01,-0.061,0.068
1.90970e-01,-0.059,0.06
1.90980e-01,-0.063,0.064
1.90990e-01,-0.063,0.062
1.91000e-01,-0.063,0.066
1.91010e-01,-0.061,0.064
1.91020e-01,-0.061,0.064
1.91030e-01,-0.063,0.064
1.91040e-01,-0.061,0.06
1.91050e-01,-0.057,0.06
1.91060e-01,-0.061,0.062
1.91070e-01,-0.061,0.064
1.91080e-01,-0.053,0.06
1.91090e-01,-0.061,0.06
1.91100e-01,-0.055,0.06
1.91110e-01,-0.043,0.05
1.91120e-01,-0.061,0.06
1.91130e-01,-0.051,0.056
1.91140e-01,-0.061,0.06
1.91150e-01,-0.063,0.066
1.91160e-01,-0.061,0.062
1.91170e-01,-0.061,0.064
1.91180e-01,-0.059,0.064
1.91190e-01,-0.059,0.06
1.91200e-01,-0.059,0.062
1.91210e-01,-0.057,0.06
1.91220e-01,-0.061,0.064
1.91230e-01,-0.055,0.062
1.91240e-01,-0.061,0.064
1.91250e-01,-0.061,0.064
1.91260e-01,-0.059,0.064
1.91270e-01,-0.059,0.064
1.91280e-01,-0.061,0.06
1.91290e-01,-0.061,0.062
1.91300e-01,-0.065,0.062
1.91310e-01,-0.059,0.062
1.91320e-01,-0.057,0.064
1.91330e-01,-0.051,0.056
1.91340e-01,-0.065,0.062
1.91350e-01,-0.055,0.06
1.91360e-01,-0.061,0.062
1.91370e-01,-0.055,0.06
1.91380e-01,-0.059,0.062
1.91390e-01,-0.045,0.052
1.91400e-01,-0.061,0.068
1.91410e-01,-0.053,0.06
1.91420e-01,-0.061,0.064
1.91430e-01,-0.059,0.062
1.91440e-01,-0.053,0.056
1.91450e-01,-0.059,0.062
1.91460e-01,-0.061,0.062
1.91470e-01,-0.061,0.062
1.91480e-01,-0.063,0.064
1.91490e-01,-0.059,0.064
1.91500e-01,-0.059,0.062
1.91510e-01,-0.061,0.064
1.91520e-01,-0.061,0.062
1.91530e-01,-0.059,0.062
1.91540e-01,-0.059,0.064
1.91550e-01,-0.053,0.058
1.91560e-01,-0.055,0.062
1.91570e-01,-0.059,0.062
1.91580e-01,-0.057,0.062
1.91590e-01,-0.061,0.06
1.91600e-01,-0.059,0.062
1.91610e-01,-0.047,0.052
1.91620e-01,-0.055,0.06
1.91630e-01,-0.043,0.05
1.91640e-01,-0.055,0.06
1.91650e-01,-0.059,0.062
1.91660e-01,-0.061,0.064
1.91670e-01,-0.059,0.064
1.91680e-01,-0.061,0.064
1.91690e-01,-0.061,0.064
1.91700e-01,-0.059,0.064
1.91710e-01,-0.063,0.066
1.91720e-01,-0.063,0.064
1.91730e-01,-0.061,0.062
1.91740e-01,-0.059,0.062
1.91750e-01,-0.063,0.062
1.91760e-01,-0.061,0.064
1.91770e-01,-0.047,0.052
1.91780e-01,-0.059,0.066
1.91790e-01,-0.063,0.064
1.91800e-01,-0.061,0.066
1.91810e-01,-0.061,0.062
1.91820e-01,-0.063,0.064
1.91830e-01,-0.059,0.062
1.91840e-01,-0.059,0.064
1.91850e-01,-0.051,0.058
1.91860e-01,-0.059,0.06
1.91870e-01,-0.063,0.068
1.91880e-01,-0.059,0.064
1.91890e-01,-0.063,0.064
1.91900e-01,-0.061,0.064
1.91910e-01,-0.061,0.064
1.91920e-01,-0.065,0.062
1.91930e-01,-0.063,0.062
1.91940e-01,-0.057,0.062
1.91950e-01,-0.063,0.064
1.91960e-01,-0.063,0.06
1.91970e-01,-0.063,0.064
1.91980e-01,-0.055,0.06
1.91990e-01,-0.057,0.062
1.92000e-01,-0.051,0.058
1.92010e-01,-0.055,0.06
1.92020e-01,-0.061,0.06
1.92030e-01,-0.049,0.05
1.92040e-01,-0.061,0.064
1.92050e-01,-0.059,0.06
1.92060e-01,-0.063,0.064
1.92070e-01,-0.053,0.06
1.92080e-01,-0.055,0.06
1.92090e-01,-0.055,0.06
1.92100e-01,-0.061,0.064
1.92110e-01,-0.059,0.064
1.92120e-01,-0.061,0.064
1.92130e-01,-0.061,0.064
1.92140e-01,-0.051,0.06
1.92150e-01,-0.065,0.064
1.92160e-01,-0.055,0.06
1.92170e-01,-0.061,0.064
1.92180e-01,-0.061,0.062
1.92190e-01,-0.061,0.066
1.92200e-01,-0.063,0.064
1.92210e-01,-0.061,0.062
1.92220e-01,-0.057,0.06
1.92230e-01,-0.061,0.06
1.92240e-01,-0.055,0.062
1.92250e-01,-0.055,0.06
1.92260e-01,-0.059,0.064
1.92270e-01,-0.051,0.054
1.92280e-01,-0.059,0.064
1.92290e-01,-0.055,0.062
1.92300e-01,-0.053,0.054
1.92310e-01,-0.057,0.064
1.92320e-01,-0.053,0.058
1.92330e-01,-0.059,0.066
1.92340e-01,-0.063,0.062
1.92350e-01,-0.063,0.062
1.92360e-01,-0.065,0.064
1.92370e-01,-0.059,0.062
1.92380e-01,-0.057,0.06
1.92390e-01,-0.057,0.06
1.92400e-01,-0.055,0.06
1.92410e-01,-0.061,0.062
1.92420e-01,-0.061,0.06
1.92430e-01,-0.061,0.062
1.92440e-01,-0.063,0.064
1.92450e-01,-0.059,0.064
1.92460e-01,-0.059,0.062
1.92470e-01,-0.057,0.064
1.92480e-01,-0.063,0.066
1.92490e-01,-0.061,0.066
1.92500e-01,-0.059,0.06
1.92510e-01,-0.063,0.062
1.92520e-01,-0.057,0.062
1.92530e-01,-0.061,0.064
1.92540e-01,-0.059,0.066
1.92550e-01,-0.061,0.062
1.92560e-01,-0.057,0.062
1.92570e-01,-0.061,0.064
1.92580e-01,-0.057,0.06
1.92590e-01,-0.063,0.06
1.92600e-01,-0.055,0.056
1.92610e-01,-0.059,0.064
1.92620e-01,-0.061,0.066
1.92630e-01,-0.059,0.06
1.92640e-01,-0.059,0.064
1.92650e-01,-0.057,0.062
1.92660e-01,-0.055,0.06
1.92670e-01,-0.059,0.06
1.92680e-01,-0.055,0.056
1.92690e-01,-0.061,0.062
1.92700e-01,-0.057,0.064
1.92710e-01,-0.053,0.058
1.92720e-01,-0.061,0.066
1.92730e-01,-0.051,0.056
1.92740e-01,-0.055,0.06
1.92750e-01,-0.051,0.058
1.92760e-01,-0.059,0.062
1.92770e-01,-0.057,0.06
1.92780e-01,-0.063,0.064
1.92790e-01,-0.061,0.062
1.92800e-01,-0.057,0.062
1.92810e-01,-0.059,0.06
1.92820e-01,-0.061,0.062
1.92830e-01,-0.057,0.06
1.92840e-01,-0.047,0.06
1.92850e-01,-0.061,0.066
1.92860e-01,-0.059,0.06
1.92870e-01,-0.061,0.064
1.92880e-01,-0.061,0.064
1.92890e-01,-0.057,0.062
1.92900e-01,-0.061,0.062
1.92910e-01,-0.063,0.064
1.92920e-01,-0.059,0.06
1.92930e-01,-0.061,0.064
1.92940e-01,-0.061,0.066
1.92950e-01,-0.061,0.064
1.92960e-01,-0.063,0.06
1.92970e-01,-0.061,0.062
1.92980e-01,-0.063,0.068
1.92990e-01,-0.059,0.062
1.93000e-01,-0.057,0.062
1.93010e-01,-0.057,0.062
1.93020e-01,-0.061,0.064
1.93030e-01,-0.057,0.06
1.93040e-01,-0.061,0.066
1.93050e-01,-0.061,0.06
1.93060e-01,-0.059,0.06
1.93070e-01,-0.055,0.062
1.93080e-01,-0.057,0.06
1.93090e-01,-0.051,0.052
1.93100e-01,-0.061,0.062
1.93110e-01,-0.047,0.046
1.93120e-01,-0.057,0.06
1.93130e-01,-0.061,0.06
1.93140e-01,-0.061,0.064
1.93150e-01,-0.059,0.06
1.93160e-01,-0.057,0.062
1.93170e-01,-0.059,0.062
1.93180e-01,-0.061,0.06
1.93190e-01,-0.063,0.062
1.93200e-01,-0.061,0.064
1.93210e-01,-0.055,0.054
1.93220e-01,-0.057,0.06
1.93230e-01,-0.061,0.066
1.93240e-01,-0.053,0.056
1.93250e-01,-0.061,0.062
1.93260e-01,-0.063,0.06
1.93270e-01,-0.059,0.062
1.93280e-01,-0.059,0.066
1.93290e-01,-0.059,0.064
1.93300e-01,-0.065,0.064
1.93310e-01,-0.049,0.054
1.93320e-01,-0.059,0.068
1.93330e-01,-0.061,0.062
1.93340e-01,-0.061,0.062
1.93350e-01,-0.059,0.064
1.93360e-01,-0.057,0.058
1.93370e-01,-0.061,0.064
1.93380e-01,-0.059,0.06
1.93390e-01,-0.059,0.056
1.93400e-01,-0.053,0.058
1.93410e-01,-0.059,0.062
1.93420e-01,-0.063,0.064
1.93430e-01,-0.045,0.054
1.93440e-01,-0.061,0.064
1.93450e-01,-0.055,0.06
1.93460e-01,-0.063,0.062
1.93470e-01,-0.053,0.056
1.93480e-01,-0.063,0.064
1.93490e-01,-0.059,0.056
1.93500e-01,-0.055,0.06
1.93510e-01,-0.059,0.062
1.93520e-01,-0.059,0.064
1.93530e-01,-0.053,0.06
1.93540e-01,-0.057,0.066
1.93550e-01,-0.061,0.06
1.93560e-01,-0.057,0.06
1.93570e-01,-0.051,0.054
1.93580e-01,-0.061,0.062
1.93590e-01,-0.057,0.06
1.93600e-01,-0.061,0.064
1.93610e-01,-0.057,0.06
1.93620e-01,-0.057,0.066
1.93630e-01,-0.061,0.064
1.93640e-01,-0.057,0.06
1.93650e-01,-0.059,0.066
1.93660e-01,-0.055,0.06
1.93670e-01,-0.063,0.064
1.93680e-01,-0.061,0.062
1.93690e-01,-0.055,0.062
1.93700e-01,-0.047,0.054
1.93710e-01,-0.059,0.062
1.93720e-01,-0.057,0.062
1.93730e-01,-0.055,0.064
1.93740e-01,-0.057,0.06
1.93750e-01,-0.061,0.06
1.93760e-01,-0.061,0.064
1.93770e-01,-0.057,0.056
1.93780e-01,-0.063,0.062
1.93790e-01,-0.059,0.064
1.93800e-01,-0.061,0.064
1.93810e-01,-0.055,0.058
1.93820e-01,-0.061,0.064
1.93830e-01,-0.059,0.062
1.93840e-01,-0.063,0.064
1.93850e-01,-0.065,0.064
1.93860e-01,-0.057,0.06
1.93870e-01,-0.063,0.064
1.93880e-01,-0.055,0.06
1.93890e-01,-0.053,0.06
1.93900e-01,-0.051,0.056
1.93910e-01,-0.059,0.06
1.93920e-01,-0.055,0.058
1.93930e-01,-0.061,0.064
1.93940e-01,-0.059,0.06
1.93950e-01,-0.059,0.06
1.93960e-01,-0.061,0.064
1.93970e-01,-0.061,0.062
1.93980e-01,-0.061,0.06
1.93990e-01,-0.059,0.06
1.94000e-01,-0.057,0.06
1.94010e-01,-0.059,0.062
1.94020e-01,-0.051,0.058
1.94030e-01,-0.049,0.052
1.94040e-01,-0.059,0.064
1.94050e-01,-0.051,0.054
1.94060e-01,-0.059,0.064
1.94070e-01,-0.055,0.06
1.94080e-01,-0.059,0.06
1.94090e-01,-0.047,0.054
1.94100e-01,-0.059,0.06
1.94110e-01,-0.051,0.056
1.94120e-01,-0.057,0.064
1.94130e-01,-0.045,0.05
1.94140e-01,-0.059,0.062
1.94150e-01,-0.053,0.052
1.94160e-01,-0.055,0.062
1.94170e-01,-0.051,0.058
1.94180e-01,-0.053,0.056
1.94190e-01,-0.047,0.048
1.94200e-01,-0.053,0.06
1.94210e-01,-0.057,0.06
1.94220e-01,-0.061,0.062
1.94230e-01,-0.053,0.056
1.94240e-01,-0.061,0.064
1.94250e-01,-0.055,0.06
1.94260e-01,-0.061,0.064
1.94270e-01,-0.057,0.06
1.94280e-01,-0.053,0.06
1.94290e-01,-0.059,0.064
1.94300e-01,-0.059,0.06
1.94310e-01,-0.045,0.052
1.94320e-01,-0.057,0.06
1.94330e-01,-0.059,0.064
1.94340e-01,-0.055,0.058
1.94350e-01,-0.061,0.062
1.94360e-01,-0.059,0.062
1.94370e-01,-0.059,0.066
1.94380e-01,-0.059,0.064
1.94390e-01,-0.059,0.064
1.94400e-01,-0.063,0.064
1.94410e-01,-0.059,0.06
1.94420e-01,-0.057,0.062
1.94430e-01,-0.057,0.06
1.94440e-01,-0.053,0.058
1.94450e-01,-0.059,0.064
1.94460e-01,-0.061,0.064
1.94470e-01,-0.059,0.06
1.94480e-01,-0.059,0.062
1.94490e-01,-0.059,0.06
1.94500e-01,-0.057,0.064
1.94510e-01,-0.059,0.062
1.94520e-01,-0.057,0.06
1.94530e-01,-0.061,0.06
1.94540e-01,-0.055,0.054
1.94550e-01,-0.061,0.064
1.94560e-01,-0.057,0.06
1.94570e-01,-0.063,0.066
1.94580e-01,-0.061,0.06
1.94590e-01,-0.051,0.054
1.94600e-01,-0.055,0.06
1.94610e-01,-0.049,0.058
1.94620e-01,-0.061,0.062
1.94630e-01,-0.063,0.064
1.94640e-01,-0.061,0.064
1.94650e-01,-0.061,0.06
1.94660e-01,-0.055,0.06
1.94670e-01,-0.063,0.062
1.94680e-01,-0.055,0.058
1.94690e-01,-0.061,0.062
1.94700e-01,-0.063,0.066
1.94710e-01,-0.061,0.064
1.94720e-01,-0.061,0.062
1.94730e-01,-0.059,0.064
1.94740e-01,-0.061,0.062
1.94750e-01,-0.061,0.066
1.94760e-01,-0.059,0.06
1.94770e-01,-0.061,0.062
1.94780e-01,-0.063,0.068
1.94790e-01,-0.063,0.064
1.94800e-01,-0.061,0.062
1.94810e-01,-0.061,0.064
1.94820e-01,-0.059,0.06
1.94830e-01,-0.059,0.064
1.94840e-01,-0.061,0.068
1.94850e-01,-0.061,0.062
1.94860e-01,-0.063,0.064
1.94870e-01,-0.061,0.064
1.94880e-01,-0.063,0.066
1.94890e-01,-0.057,0.064
1.94900e-01,-0.055,0.062
1.94910e-01,-0.059,0.06
1.94920e-01,-0.055,0.058
1.94930e-01,-0.059,0.062
1.94940e-01,-0.061,0.062
1.94950e-01,-0.059,0.06
1.94960e-01,-0.061,0.064
1.94970e-01,-0.057,0.058
1.94980e-01,-0.063,0.066
1.94990e-01,-0.059,0.064
1.95000e-01,-0.059,0.064
1.95010e-01,-0.061,0.064
1.95020e-01,-0.061,0.06
1.95030e-01,-0.061,0.064
1.95040e-01,-0.061,0.064
1.95050e-01,-0.059,0.064
1.95060e-01,-0.063,0.062
1.95070e-01,-0.061,0.06
1.95080e-01,-0.057,0.062
1.95090e-01,-0.059,0.06
1.95100e-01,-0.053,0.054
1.95110e-01,-0.059,0.06
1.95120e-01,-0.051,0.06
1.95130e-01,-0.061,0.062
1.95140e-01,-0.059,0.06
1.95150e-01,-0.061,0.06
1.95160e-01,-0.049,0.056
1.95170e-01,-0.061,0.062
1.95180e-01,-0.059,0.064
1.95190e-01,-0.055,0.06
1.95200e-01,-0.053,0.058
1.95210e-01,-0.059,0.062
1.95220e-01,-0.059,0.06
1.95230e-01,-0.053,0.058
1.95240e-01,-0.059,0.062
1.95250e-01,-0.035,0.042
1.95260e-01,-0.063,0.064
1.95270e-01,-0.055,0.06
1.95280e-01,-0.059,0.06
1.95290e-01,-0.061,0.062
1.95300e-01,-0.061,0.064
1.95310e-01,-0.043,0.05
1.95320e-01,-0.061,0.064
1.95330e-01,-0.061,0.064
1.95340e-01,-0.059,0.064
1.95350e-01,-0.063,0.064
1.95360e-01,-0.057,0.06
1.95370e-01,-0.057,0.064
1.95380e-01,-0.057,0.06
1.95390e-01,-0.053,0.06
1.95400e-01,-0.067,0.066
1.95410e-01,-0.059,0.064
1.95420e-01,-0.055,0.06
1.95430e-01,-0.055,0.06
1.95440e-01,-0.059,0.06
1.95450e-01,-0.047,0.052
1.95460e-01,-0.059,0.062
1.95470e-01,-0.061,0.064
1.95480e-01,-0.049,0.054
1.95490e-01,-0.061,0.064
1.95500e-01,-0.055,0.062
1.95510e-01,-0.063,0.06
1.95520e-01,-0.061,0.064
1.95530e-01,-0.057,0.058
1.95540e-01,-0.061,0.068
1.95550e-01,-0.059,0.06
1.95560e-01,-0.059,0.064
1.95570e-01,-0.059,0.064
1.95580e-01,-0.061,0.066
1.95590e-01,-0.055,0.062
1.95600e-01,-0.061,0.062
1.95610e-01,-0.061,0.068
1.95620e-01,-0.061,0.064
1.95630e-01,-0.063,0.066
1.95640e-01,-0.055,0.058
1.95650e-01,-0.061,0.064
1.95660e-01,-0.059,0.064
1.95670e-01,-0.055,0.06
1.95680e-01,-0.065,0.066
1.95690e-01,-0.061,0.064
1.95700e-01,-0.055,0.06
1.95710e-01,-0.057,0.062
1.95720e-01,-0.061,0.064
1.95730e-01,-0.061,0.064
1.95740e-01,-0.061,0.062
1.95750e-01,-0.065,0.062
1.95760e-01,-0.059,0.06
1.95770e-01,-0.057,0.06
1.95780e-01,-0.061,0.062
1.95790e-01,-0.065,0.062
1.95800e-01,-0.061,0.064
1.95810e-01,-0.055,0.062
1.95820e-01,-0.061,0.062
1.95830e-01,-0.049,0.054
1.95840e-01,-0.061,0.068
1.95850e-01,-0.061,0.06
1.95860e-01,-0.059,0.062
1.95870e-01,-0.059,0.062
1.95880e-01,-0.059,0.064
1.95890e-01,-0.061,0.062
1.95900e-01,-0.065,0.066
1.95910e-01,-0.061,0.064
1.95920e-01,-0.055,0.06
1.95930e-01,-0.061,0.06
1.95940e-01,-0.059,0.064
1.95950e-01,-0.061,0.06
1.95960e-01,-0.051,0.056
1.95970e-01,-0.057,0.062
1.95980e-01,-0.051,0.056
1.95990e-01,-0.061,0.064
1.96000e-01,-0.059,0.06
1.96010e-01,-0.061,0.062
1.96020e-01,-0.059,0.062
1.96030e-01,-0.055,0.062
1.96040e-01,-0.057,0.064
1.96050e-01,-0.057,0.058
1.96060e-01,-0.061,0.062
1.96070e-01,-0.065,0.062
1.96080e-01,-0.063,0.064
1.96090e-01,-0.057,0.06
1.96100e-01,-0.057,0.064
1.96110e-01,-0.055,0.06
1.96120e-01,-0.061,0.064
1.96130e-01,-0.051,0.056
1.96140e-01,-0.061,0.062
1.96150e-01,-0.047,0.052
1.96160e-01,-0.063,0.064
1.96170e-01,-0.061,0.062
1.96180e-01,-0.057,0.064
1.96190e-01,-0.053,0.054
1.96200e-01,-0.061,0.062
1.96210e-01,-0.055,0.06
1.96220e-01,-0.059,0.064
1.96230e-01,-0.057,0.066
1.96240e-01,-0.061,0.064
1.96250e-01,-0.055,0.058
1.96260e-01,-0.065,0.064
1.96270e-01,-0.059,0.06
1.96280e-01,-0.059,0.06
1.96290e-01,-0.061,0.066
1.96300e-01,-0.059,0.06
1.96310e-01,-0.063,0.064
1.96320e-01,-0.061,0.062
1.96330e-01,-0.063,0.064
1.96340e-01,-0.057,0.058
1.96350e-01,-0.061,0.062
1.96360e-01,-0.057,0.062
1.96370e-01,-0.059,0.064
1.96380e-01,-0.059,0.064
1.96390e-01,-0.065,0.066
1.96400e-01,-0.065,0.064
1.96410e-01,-0.053,0.06
1.96420e-01,-0.061,0.062
1.96430e-01,-0.057,0.06
1.96440e-01,-0.057,0.064
1.96450e-01,-0.061,0.06
1.96460e-01,-0.051,0.056
1.96470e-01,-0.063,0.062
1.96480e-01,-0.055,0.056
1.96490e-01,-0.063,0.064
1.96500e-01,-0.061,0.066
1.96510e-01,-0.059,0.06
1.96520e-01,-0.061,0.068
1.96530e-01,-0.057,0.062
1.96540e-01,-0.061,0.066
1.96550e-01,-0.057,0.054
1.96560e-01,-0.061,0.064
1.96570e-01,-0.057,0.066
1.96580e-01,-0.063,0.066
1.96590e-01,-0.055,0.064
1.96600e-01,-0.055,0.058
1.96610e-01,-0.053,0.06
1.96620e-01,-0.059,0.06
1.96630e-01,-0.055,0.058
1.96640e-01,-0.061,0.06
1.96650e-01,-0.045,0.05
1.96660e-01,-0.059,0.066
1.96670e-01,-0.055,0.06
1.96680e-01,-0.059,0.062
1.96690e-01,-0.059,0.064
1.96700e-01,-0.061,0.062
1.96710e-01,-0.061,0.066
1.96720e-01,-0.057,0.06
1.96730e-01,-0.065,0.06
1.96740e-01,-0.061,0.062
1.96750e-01,-0.061,0.064
1.96760e-01,-0.055,0.058
1.96770e-01,-0.055,0.056
1.96780e-01,-0.065,0.064
1.96790e-01,-0.059,0.06
1.96800e-01,-0.059,0.062
1.96810e-01,-0.063,0.064
1.96820e-01,-0.051,0.056
1.96830e-01,-0.057,0.06
1.96840e-01,-0.055,0.06
1.96850e-01,-0.063,0.064
1.96860e-01,-0.063,0.064
1.96870e-01,-0.061,0.06
1.96880e-01,-0.055,0.058
1.96890e-01,-0.061,0.064
1.96900e-01,-0.059,0.062
1.96910e-01,-0.061,0.066
1.96920e-01,-0.047,0.054
1.96930e-01,-0.065,0.062
1.96940e-01,-0.051,0.058
1.96950e-01,-0.059,0.064
1.96960e-01,-0.059,0.06
1.96970e-01,-0.057,0.06
1.96980e-01,-0.053,0.064
1.96990e-01,-0.061,0.064
1.97000e-01,-0.049,0.054
1.97010e-01,-0.057,0.06
1.97020e-01,-0.063,0.06
1.97030e-01,-0.063,0.066
1.97040e-01,-0.053,0.058
1.97050e-01,-0.063,0.064
1.97060e-01,-0.061,0.066
1.97070e-01,-0.059,0.06
1.97080e-01,-0.059,0.062
1.97090e-01,-0.059,0.062
1.97100e-01,-0.055,0.06
1.97110e-01,-0.059,0.06
1.97120e-01,-0.059,0.062
1.97130e-01,-0.047,0.05
1.97140e-01,-0.063,0.06
1.97150e-01,-0.059,0.064
1.97160e-01,-0.055,0.062
1.97170e-01,-0.055,0.06
1.97180e-01,-0.059,0.062
1.97190e-01,-0.061,0.062
1.97200e-01,-0.065,0.064
1.97210e-01,-0.059,0.062
1.97220e-01,-0.059,0.06
1.97230e-01,-0.061,0.062
1.97240e-01,-0.059,0.066
1.97250e-01,-0.063,0.064
1.97260e-01,-0.059,0.064
1.97270e-01,-0.059,0.062
1.97280e-01,-0.061,0.064
1.97290e-01,-0.061,0.062
1.97300e-01,-0.061,0.064
1.97310e-01,-0.055,0.058
1.97320e-01,-0.057,0.06
1.97330e-01,-0.061,0.064
1.97340e-01,-0.051,0.056
1.97350e-01,-0.057,0.058
1.97360e-01,-0.055,0.058
1.97370e-01,-0.057,0.064
1.97380e-01,-0.059,0.062
1.97390e-01,-0.065,0.06
1.97400e-01,-0.059,0.06
1.97410e-01,-0.053,0.058
1.97420e-01,-0.063,0.062
1.97430e-01,-0.059,0.06
1.97440e-01,-0.061,0.066
1.97450e-01,-0.055,0.06
1.97460e-01,-0.061,0.064
1.97470e-01,-0.059,0.066
1.97480e-01,-0.061,0.064
1.97490e-01,-0.061,0.066
1.97500e-01,-0.053,0.06
1.97510e-01,-0.059,0.06
1.97520e-01,-0.053,0.056
1.97530e-01,-0.063,0.064
1.97540e-01,-0.055,0.06
1.97550e-01,-0.065,0.064
1.97560e-01,-0.055,0.058
1.97570e-01,-0.063,0.064
1.97580e-01,-0.053,0.06
1.97590e-01,-0.063,0.064
1.97600e-01,-0.063,0.062
1.97610e-01,-0.063,0.064
1.97620e-01,-0.059,0.062
1.97630e-01,-0.061,0.064
1.97640e-01,-0.051,0.056
1.97650e-01,-0.063,0.064
1.97660e-01,-0.065,0.064
1.97670e-01,-0.063,0.062
1.97680e-01,-0.063,0.064
1.97690e-01,-0.063,0.064
1.97700e-01,-0.059,0.064
1.97710e-01,-0.061,0.064
1.97720e-01,-0.059,0.064
1.97730e-01,-0.063,0.064
1.97740e-01,-0.061,0.064
1.97750e-01,-0.059,0.064
1.97760e-01,-0.061,0.066
1.97770e-01,-0.051,0.058
1.97780e-01,-0.059,0.064
1.97790e-01,-0.059,0.064
1.97800e-01,-0.057,0.06
1.97810e-01,-0.061,0.06
1.97820e-01,-0.051,0.054
1.97830e-01,-0.057,0.062
1.97840e-01,-0.055,0.06
1.97850e-01,-0.065,0.066
1.97860e-01,-0.063,0.064
1.97870e-01,-0.057,0.062
1.97880e-01,-0.057,0.06
1.97890e-01,-0.061,0.064
1.97900e-01,-0.061,0.062
1.97910e-01,-0.063,0.066
1.97920e-01,-0.057,0.06
1.97930e-01,-0.061,0.064
1.97940e-01,-0.055,0.058
1.97950e-01,-0.063,0.062
1.97960e-01,-0.059,0.066
1.97970e-01,-0.053,0.058
1.97980e-01,-0.061,0.064
1.97990e-01,-0.047,0.05
1.98000e-01,-0.063,0.064
1.98010e-01,-0.057,0.058
1.98020e-01,-0.061,0.064
1.98030e-01,-0.057,0.064
1.98040e-01,-0.061,0.062
1.98050e-01,-0.055,0.058
1.98060e-01,-0.061,0.064
1.98070e-01,-0.061,0.06
1.98080e-01,-0.061,0.064
1.98090e-01,-0.063,0.066
1.98100e-01,-0.055,0.058
1.98110e-01,-0.063,0.068
1.98120e-01,-0.057,0.064
1.98130e-01,-0.057,0.058
1.98140e-01,-0.059,0.06
1.98150e-01,-0.045,0.054
1.98160e-01,-0.057,0.062
1.98170e-01,-0.053,0.058
1.98180e-01,-0.057,0.06
1.98190e-01,-0.063,0.066
1.98200e-01,-0.063,0.064
1.98210e-01,-0.061,0.06
1.98220e-01,-0.061,0.064
1.98230e-01,-0.059,0.064
1.98240e-01,-0.055,0.06
1.98250e-01,-0.055,0.06
1.98260e-01,-0.039,0.044
1.98270e-01,-0.063,0.064
1.98280e-01,-0.047,0.052
1.98290e-01,-0.061,0.064
1.98300e-01,-0.055,0.06
1.98310e-01,-0.063,0.062
1.98320e-01,-0.049,0.058
1.98330e-01,-0.061,0.064
1.98340e-01,-0.055,0.06
1.98350e-01,-0.053,0.06
1.98360e-01,-0.059,0.06
1.98370e-01,-0.051,0.056
1.98380e-01,-0.061,0.064
1.98390e-01,-0.053,0.052
1.98400e-01,-0.057,0.058
1.98410e-01,-0.055,0.06
1.98420e-01,-0.063,0.064
1.98430e-01,-0.059,0.06
1.98440e-01,-0.061,0.064
1.98450e-01,-0.061,0.064
1.98460e-01,-0.057,0.062
1.98470e-01,-0.057,0.06
1.98480e-01,-0.059,0.06
1.98490e-01,-0.059,0.066
1.98500e-01,-0.059,0.06
1.98510e-01,-0.059,0.058
1.98520e-01,-0.059,0.062
1.98530e-01,-0.061,0.064
1.98540e-01,-0.061,0.06
1.98550e-01,-0.059,0.06
1.98560e-01,-0.057,0.064
1.98570e-01,-0.061,0.064
1.98580e-01,-0.063,0.06
1.98590e-01,-0.049,0.054
1.98600e-01,-0.061,0.066
1.98610e-01,-0.055,0.056
1.98620e-01,-0.059,0.064
1.98630e-01,-0.055,0.058
1.98640e-01,-0.059,0.062
1.98650e-01,-0.063,0.064
1.98660e-01,-0.053,0.058
1.98670e-01,-0.053,0.06
1.98680e-01,-0.061,0.064
1.98690e-01,-0.055,0.062
1.98700e-01,-0.059,0.064
1.98710e-01,-0.065,0.062
1.98720e-01,-0.061,0.068
1.98730e-01,-0.057,0.06
1.98740e-01,-0.061,0.062
1.98750e-01,-0.063,0.062
1.98760e-01,-0.059,0.062
1.98770e-01,-0.061,0.064
1.98780e-01,-0.061,0.064
1.98790e-01,-0.061,0.064
1.98800e-01,-0.063,0.064
1.98810e-01,-0.057,0.062
1.98820e-01,-0.059,0.06
1.98830e-01,-0.057,0.06
1.98840e-01,-0.063,0.064
1.98850e-01,-0.049,0.056
1.98860e-01,-0.061,0.062
1.98870e-01,-0.059,0.06
1.98880e-01,-0.051,0.058
1.98890e-01,-0.065,0.062
1.98900e-01,-0.061,0.06
1.98910e-01,-0.061,0.062
1.98920e-01,-0.063,0.064
1.98930e-01,-0.059,0.062
1.98940e-01,-0.061,0.062
1.98950e-01,-0.059,0.062
1.98960e-01,-0.063,0.062
1.98970e-01,-0.063,0.064
1.98980e-01,-0.063,0.062
1.98990e-01,-0.061,0.062
1.99000e-01,-0.061,0.064
1.99010e-01,-0.061,0.064
1.99020e-01,-0.053,0.054
1.99030e-01,-0.061,0.062
1.99040e-01,-0.063,0.066
1.99050e-01,-0.055,0.056
1.99060e-01,-0.063,0.066
1.99070e-01,-0.061,0.062
1.99080e-01,-0.059,0.064
1.99090e-01,-0.059,0.064
1.99100e-01,-0.063,0.062
1.99110e-01,-0.059,0.06
1.99120e-01,-0.055,0.058
1.99130e-01,-0.059,0.064
1.99140e-01,-0.063,0.06
1.99150e-01,-0.061,0.064
1.99160e-01,-0.055,0.06
1.99170e-01,-0.061,0.062
1.99180e-01,-0.055,0.06
1.99190e-01,-0.061,0.064
1.99200e-01,-0.059,0.06
1.99210e-01,-0.059,0.062
1.99220e-01,-0.063,0.064
1.99230e-01,-0.057,0.062
1.99240e-01,-0.063,0.066
1.99250e-01,-0.059,0.064
1.99260e-01,-0.061,0.066
1.99270e-01,-0.047,0.054
1.99280e-01,-0.061,0.062
1.99290e-01,-0.061,0.062
1.99300e-01,-0.059,0.06
1.99310e-01,-0.059,0.06
1.99320e-01,-0.057,0.062
1.99330e-01,-0.047,0.052
1.99340e-01,-0.063,0.06
1.99350e-01,-0.061,0.06
1.99360e-01,-0.061,0.062
1.99370e-01,-0.059,0.064
1.99380e-01,-0.055,0.058
1.99390e-01,-0.061,0.064
1.99400e-01,-0.061,0.064
1.99410e-01,-0.063,0.066
1.99420e-01,-0.051,0.054
1.99430e-01,-0.057,0.062
1.99440e-01,-0.057,0.058
1.99450e-01,-0.057,0.06
1.99460e-01,-0.061,0.062
1.99470e-01,-0.061,0.06
1.99480e-01,-0.059,0.064
1.99490e-01,-0.055,0.06
1.99500e-01,-0.061,0.064
1.99510e-01,-0.059,0.066
1.99520e-01,-0.061,0.06
1.99530e-01,-0.059,0.062
1.99540e-01,-0.063,0.064
1.99550e-01,-0.057,0.06
1.99560e-01,-0.059,0.064
1.99570e-01,-0.061,0.064
1.99580e-01,-0.065,0.062
1.99590e-01,-0.057,0.06
1.99600e-01,-0.055,0.06
1.99610e-01,-0.061,0.064
1.99620e-01,-0.059,0.06
1.99630e-01,-0.061,0.062
1.99640e-01,-0.061,0.064
1.99650e-01,-0.061,0.06
1.99660e-01,-0.057,0.06
1.99670e-01,-0.061,0.068
1.99680e-01,-0.055,0.054
1.99690e-01,-0.061,0.062
1.99700e-01,-0.059,0.064
1.99710e-01,-0.055,0.06
1.99720e-01,-0.057,0.064
1.99730e-01,-0.049,0.052
1.99740e-01,-0.059,0.062
1.99750e-01,-0.057,0.06
1.99760e-01,-0.061,0.064
1.99770e-01,-0.057,0.062
1.99780e-01,-0.055,0.06
1.99790e-01,-0.061,0.064
1.99800e-01,-0.059,0.064
1.99810e-01,-0.051,0.054
1.99820e-01,-0.061,0.064
1.99830e-01,-0.055,0.06
1.99840e-01,-0.061,0.064
1.99850e-01,-0.059,0.058
1.99860e-01,-0.055,0.06
1.99870e-01,-0.061,0.064
1.99880e-01,-0.051,0.056
1.99890e-01,-0.055,0.058
1.99900e-01,-0.057,0.06
1.99910e-01,-0.063,0.06
1.99920e-01,-0.059,0.06
1.99930e-01,-0.059,0.066
1.99940e-01,-0.055,0.064
1.99950e-01,-0.061,0.062
1.99960e-01,-0.065,0.064
1.99970e-01,-0.055,0.058
1.99980e-01,-0.063,0.064
1.99990e-01,-0.057,0.06
2.00000e-01,-0.061,0.064
2.00010e-01,-0.061,0.06
2.00020e-01,-0.057,0.06
2.00030e-01,-0.059,0.06
2.00040e-01,-0.051,0.054
2.00050e-01,-0.053,0.06
2.00060e-01,-0.061,0.062
2.00070e-01,-0.061,0.064
2.00080e-01,-0.053,0.06
2.00090e-01,-0.063,0.064
2.00100e-01,-0.053,0.058
2.00110e-01,-0.059,0.064
2.00120e-01,-0.061,0.062
2.00130e-01,-0.057,0.064
2.00140e-01,-0.061,0.06
2.00150e-01,-0.061,0.064
2.00160e-01,-0.051,0.054
2.00170e-01,-0.061,0.064
2.00180e-01,-0.059,0.062
2.00190e-01,-0.063,0.066
2.00200e-01,-0.061,0.062
2.00210e-01,-0.049,0.052
2.00220e-01,-0.061,0.064
2.00230e-01,-0.059,0.06
2.00240e-01,-0.063,0.064
2.00250e-01,-0.059,0.064
2.00260e-01,-0.063,0.066
2.00270e-01,-0.055,0.06
2.00280e-01,-0.061,0.062
2.00290e-01,-0.065,0.064
2.00300e-01,-0.055,0.06
2.00310e-01,-0.061,0.062
2.00320e-01,-0.063,0.062
2.00330e-01,-0.051,0.062
2.00340e-01,-0.061,0.064
2.00350e-01,-0.055,0.06
2.00360e-01,-0.061,0.062
2.00370e-01,-0.053,0.06
2.00380e-01,-0.061,0.06
2.00390e-01,-0.059,0.06
2.00400e-01,-0.059,0.066
2.00410e-01,-0.061,0.064
2.00420e-01,-0.055,0.06
2.00430e-01,-0.059,0.062
2.00440e-01,-0.045,0.048
2.00450e-01,-0.059,0.064
2.00460e-01,-0.065,0.064
2.00470e-01,-0.059,0.06
2.00480e-01,-0.059,0.064
2.00490e-01,-0.061,0.06
2.00500e-01,-0.059,0.062
2.00510e-01,-0.059,0.066
2.00520e-01,-0.063,0.068
2.00530e-01,-0.061,0.066
2.00540e-01,-0.061,0.064
2.00550e-01,-0.053,0.058
2.00560e-01,-0.061,0.062
2.00570e-01,-0.061,0.064
2.00580e-01,-0.055,0.058
2.00590e-01,-0.059,0.06
2.00600e-01,-0.053,0.06
2.00610e-01,-0.055,0.056
2.00620e-01,-0.053,0.056
2.00630e-01,-0.063,0.066
2.00640e-01,-0.059,0.06
2.00650e-01,-0.057,0.062
2.00660e-01,-0.053,0.058
2.00670e-01,-0.061,0.062
2.00680e-01,-0.061,0.062
2.00690e-01,-0.059,0.066
2.00700e-01,-0.051,0.058
2.00710e-01,-0.049,0.056
2.00720e-01,-0.051,0.06
2.00730e-01,-0.055,0.06
2.00740e-01,-0.059,0.064
2.00750e-01,-0.061,0.062
2.00760e-01,-0.063,0.064
2.00770e-01,-0.057,0.06
2.00780e-01,-0.063,0.064
2.00790e-01,-0.061,0.064
2.00800e-01,-0.061,0.066
2.00810e-01,-0.061,0.064
2.00820e-01,-0.061,0.06
2.00830e-01,-0.059,0.064
2.00840e-01,-0.057,0.064
2.00850e-01,-0.061,0.064
2.00860e-01,-0.059,0.06
2.00870e-01,-0.057,0.06
2.00880e-01,-0.063,0.062
2.00890e-01,-0.055,0.056
2.00900e-01,-0.063,0.064
2.00910e-01,-0.057,0.06
2.00920e-01,-0.059,0.062
2.00930e-01,-0.057,0.062
2.00940e-01,-0.061,0.064
2.00950e-01,-0.063,0.064
2.00960e-01,-0.059,0.062
2.00970e-01,-0.063,0.064
2.00980e-01,-0.049,0.052
2.00990e-01,-0.047,0.052
2.01000e-01,-0.059,0.06
2.01010e-01,-0.061,0.064
2.01020e-01,-0.051,0.06
2.01030e-01,-0.051,0.052
2.01040e-01,-0.041,0.044
2.01050e-01,-0.057,0.06
2.01060e-01,-0.047,0.054
2.01070e-01,-0.045,0.048
2.01080e-01,-0.047,0.054
2.01090e-01,-0.057,0.06
2.01100e-01,-0.045,0.052
2.01110e-01,-0.055,0.06
2.01120e-01,-0.055,0.054
2.01130e-01,-0.051,0.06
2.01140e-01,-0.055,0.06
2.01150e-01,-0.061,0.064
2.01160e-01,-0.061,0.066
2.01170e-01,-0.061,0.062
2.01180e-01,-0.063,0.064
2.01190e-01,-0.061,0.064
2.01200e-01,-0.061,0.066
2.01210e-01,-0.059,0.06
2.01220e-01,-0.063,0.062
2.01230e-01,-0.061,0.066
2.01240e-01,-0.059,0.066
2.01250e-01,-0.061,0.064
2.01260e-01,-0.061,0.064
2.01270e-01,-0.061,0.064
2.01280e-01,-0.061,0.066
2.01290e-01,-0.059,0.062
2.01300e-01,-0.059,0.064
2.01310e-01,-0.061,0.068
2.01320e-01,-0.057,0.064
2.01330e-01,-0.061,0.064
2.01340e-01,-0.053,0.06
2.01350e-01,-0.059,0.064
2.01360e-01,-0.065,0.066
2.01370e-01,-0.065,0.064
2.01380e-01,-0.059,0.06
2.01390e-01,-0.061,0.066
2.01400e-01,-0.061,0.06
2.01410e-01,-0.063,0.062
2.01420e-01,-0.059,0.062
2.01430e-01,-0.061,0.064
2.01440e-01,-0.059,0.06
2.01450e-01,-0.061,0.062
2.01460e-01,-0.061,0.068
2.01470e-01,-0.059,0.064
2.01480e-01,-0.061,0.064
2.01490e-01,-0.059,0.062
2.01500e-01,-0.061,0.064
2.01510e-01,-0.063,0.064
2.01520e-01,-0.059,0.06
2.01530e-01,-0.053,0.058
2.01540e-01,-0.049,0.058
2.01550e-01,-0.053,0.054
2.01560e-01,-0.061,0.064
2.01570e-01,-0.053,0.06
2.01580e-01,-0.055,0.056
2.01590e-01,-0.041,0.046
2.01600e-01,-0.051,0.054
2.01610e-01,-0.043,0.054
2.01620e-01,-0.055,0.06
2.01630e-01,-0.051,0.052
2.01640e-01,-0.053,0.058
2.01650e-01,-0.047,0.048
2.01660e-01,-0.055,0.058
2.01670e-01,-0.059,0.06
2.01680e-01,-0.061,0.064
2.01690e-01,-0.061,0.064
2.01700e-01,-0.057,0.064
2.01710e-01,-0.059,0.066
2.01720e-01,-0.057,0.064
2.01730e-01,-0.061,0.06
2.01740e-01,-0.059,0.06
2.01750e-01,-0.059,0.06
2.01760e-01,-0.061,0.068
2.01770e-01,-0.059,0.066
2.01780e-01,-0.059,0.062
2.01790e-01,-0.059,0.06
2.01800e-01,-0.063,0.06
2.01810e-01,-0.053,0.056
2.01820e-01,-0.061,0.064
2.01830e-01,-0.045,0.05
2.01840e-01,-0.059,0.064
2.01850e-01,-0.051,0.062
2.01860e-01,-0.061,0.062
2.01870e-01,-0.059,0.06
2.01880e-01,-0.057,0.06
2.01890e-01,-0.057,0.064
2.01900e-01,-0.061,0.062
2.01910e-01,-0.059,0.062
2.01920e-01,-0.059,0.064
2.01930e-01,-0.063,0.064
2.01940e-01,-0.045,0.05
2.01950e-01,-0.061,0.066
2.01960e-01,-0.055,0.06
2.01970e-01,-0.063,0.066
2.01980e-01,-0.057,0.058
2.01990e-01,-0.061,0.064
2.02000e-01,-0.063,0.064
2.02010e-01,-0.049,0.054
2.02020e-01,-0.059,0.062
2.02030e-01,-0.053,0.056
2.02040e-01,-0.059,0.068
2.02050e-01,-0.051,0.056
2.02060e-01,-0.063,0.064
2.02070e-01,-0.057,0.064
2.02080e-01,-0.059,0.062
2.02090e-01,-0.059,0.06
2.02100e-01,-0.057,0.06
2.02110e-01,-0.057,0.066
2.02120e-01,-0.057,0.06
2.02130e-01,-0.061,0.06
2.02140e-01,-0.059,0.058
2.02150e-01,-0.059,0.064
2.02160e-01,-0.057,0.06
2.02170e-01,-0.051,0.056
2.02180e-01,-0.059,0.064
2.02190e-01,-0.059,0.068
2.02200e-01,-0.055,0.062
2.02210e-01,-0.061,0.062
2.02220e-01,-0.059,0.064
2.02230e-01,-0.061,0.064
2.02240e-01,-0.061,0.062
2.02250e-01,-0.065,0.062
2.02260e-01,-0.059,0.062
2.02270e-01,-0.063,0.066
2.02280e-01,-0.061,0.064
2.02290e-01,-0.059,0.064
2.02300e-01,-0.055,0.056
2.02310e-01,-0.059,0.064
2.02320e-01,-0.051,0.054
2.02330e-01,-0.059,0.062
2.02340e-01,-0.055,0.058
2.02350e-01,-0.055,0.06
2.02360e-01,-0.059,0.06
2.02370e-01,-0.055,0.056
2.02380e-01,-0.057,0.058
2.02390e-01,-0.063,0.062
2.02400e-01,-0.061,0.064
2.02410e-01,-0.055,0.058
2.02420e-01,-0.061,0.066
2.02430e-01,-0.057,0.06
2.02440e-01,-0.061,0.064
2.02450e-01,-0.057,0.062
2.02460e-01,-0.053,0.058
2.02470e-01,-0.051,0.052
2.02480e-01,-0.061,0.062
2.02490e-01,-0.051,0.058
2.02500e-01,-0.051,0.058
2.02510e-01,-0.061,0.064
2.02520e-01,-0.051,0.056
2.02530e-01,-0.059,0.062
2.02540e-01,-0.061,0.062
2.02550e-01,-0.061,0.064
2.02560e-01,-0.061,0.064
2.02570e-01,-0.061,0.064
2.02580e-01,-0.059,0.062
2.02590e-01,-0.061,0.064
2.02600e-01,-0.053,0.058
2.02610e-01,-0.063,0.06
2.02620e-01,-0.053,0.054
2.02630e-01,-0.059,0.064
2.02640e-01,-0.055,0.06
2.02650e-01,-0.063,0.064
2.02660e-01,-0.059,0.066
2.02670e-01,-0.057,0.062
2.02680e-01,-0.065,0.062
2.02690e-01,-0.055,0.058
2.02700e-01,-0.059,0.066
2.02710e-01,-0.061,0.068
2.02720e-01,-0.059,0.06
2.02730e-01,-0.063,0.064
2.02740e-01,-0.059,0.058
2.02750e-01,-0.065,0.064
2.02760e-01,-0.059,0.06
2.02770e-01,-0.059,0.062
2.02780e-01,-0.061,0.062
2.02790e-01,-0.061,0.062
2.02800e-01,-0.059,0.064
2.02810e-01,-0.061,0.062
2.02820e-01,-0.059,0.06
2.02830e-01,-0.059,0.062
2.02840e-01,-0.059,0.06
2.02850e-01,-0.063,0.064
2.02860e-01,-0.057,0.06
2.02870e-01,-0.059,0.06
2.02880e-01,-0.065,0.066
2.02890e-01,-0.061,0.064
2.02900e-01,-0.053,0.06
2.02910e-01,-0.059,0.062
2.02920e-01,-0.061,0.064
2.02930e-01,-0.061,0.066
2.02940e-01,-0.061,0.064
2.02950e-01,-0.059,0.06
2.02960e-01,-0.059,0.064
2.02970e-01,-0.059,0.064
2.02980e-01,-0.059,0.062
2.02990e-01,-0.063,0.066
2.03000e-01,-0.061,0.064
2.03010e-01,-0.061,0.064
2.03020e-01,-0.061,0.064
2.03030e-01,-0.061,0.064
2.03040e-01,-0.059,0.06
2.03050e-01,-0.061,0.064
2.03060e-01,-0.045,0.052
2.03070e-01,-0.053,0.06
2.03080e-01,-0.063,0.064
2.03090e-01,-0.053,0.058
2.03100e-01,-0.049,0.056
2.03110e-01,-0.055,0.062
2.03120e-01,-0.057,0.056
2.03130e-01,-0.055,0.06
2.03140e-01,-0.061,0.06
2.03150e-01,-0.055,0.056
2.03160e-01,-0.051,0.046
2.03170e-01,-0.055,0.058
2.03180e-01,-0.057,0.062
2.03190e-01,-0.051,0.06
2.03200e-01,-0.057,0.064
2.03210e-01,-0.059,0.066
2.03220e-01,-0.061,0.064
2.03230e-01,-0.061,0.064
2.03240e-01,-0.061,0.066
2.03250e-01,-0.059,0.064
2.03260e-01,-0.063,0.068
2.03270e-01,-0.061,0.062
2.03280e-01,-0.061,0.062
2.03290e-01,-0.061,0.06
2.03300e-01,-0.059,0.064
2.03310e-01,-0.061,0.064
2.03320e-01,-0.063,0.062
2.03330e-01,-0.063,0.066
2.03340e-01,-0.061,0.064
2.03350e-01,-0.061,0.064
2.03360e-01,-0.063,0.064
2.03370e-01,-0.063,0.064
2.03380e-01,-0.061,0.066
2.03390e-01,-0.061,0.062
2.03400e-01,-0.059,0.062
2.03410e-01,-0.053,0.058
2.03420e-01,-0.063,0.062
2.03430e-01,-0.065,0.064
2.03440e-01,-0.061,0.062
2.03450e-01,-0.059,0.062
2.03460e-01,-0.057,0.06
2.03470e-01,-0.063,0.066
2.03480e-01,-0.049,0.058
2.03490e-01,-0.059,0.062
2.03500e-01,-0.063,0.066
2.03510e-01,-0.063,0.062
2.03520e-01,-0.061,0.062
2.03530e-01,-0.061,0.06
2.03540e-01,-0.055,0.06
2.03550e-01,-0.057,0.06
2.03560e-01,-0.055,0.06
2.03570e-01,-0.059,0.062
2.03580e-01,-0.059,0.06
2.03590e-01,-0.057,0.062
2.03600e-01,-0.049,0.056
2.03610e-01,-0.049,0.056
2.03620e-01,-0.053,0.054
2.03630e-01,-0.053,0.056
2.03640e-01,-0.047,0.05
2.03650e-01,-0.055,0.064
2.03660e-01,-0.053,0.058
2.03670e-01,-0.051,0.056
2.03680e-01,-0.057,0.06
2.03690e-01,-0.061,0.064
2.03700e-01,-0.063,0.068
2.03710e-01,-0.055,0.064
2.03720e-01,-0.063,0.062
2.03730e-01,-0.061,0.064
2.03740e-01,-0.061,0.064
2.03750e-01,-0.061,0.062
2.03760e-01,-0.059,0.062
2.03770e-01,-0.061,0.064
2.03780e-01,-0.055,0.064
2.03790e-01,-0.057,0.064
2.03800e-01,-0.059,0.062
2.03810e-01,-0.055,0.06
2.03820e-01,-0.051,0.056
2.03830e-01,-0.059,0.06
2.03840e-01,-0.061,0.062
2.03850e-01,-0.045,0.05
2.03860e-01,-0.055,0.056
2.03870e-01,-0.059,0.06
2.03880e-01,-0.057,0.062
2.03890e-01,-0.051,0.054
2.03900e-01,-0.059,0.064
2.03910e-01,-0.059,0.064
2.03920e-01,-0.063,0.066
2.03930e-01,-0.059,0.06
2.03940e-01,-0.061,0.062
2.03950e-01,-0.061,0.06
2.03960e-01,-0.053,0.058
2.03970e-01,-0.059,0.06
2.03980e-01,-0.059,0.062
2.03990e-01,-0.061,0.064
2.04000e-01,-0.059,0.062
2.04010e-01,-0.061,0.06
2.04020e-01,-0.051,0.056
2.04030e-01,-0.063,0.066
2.04040e-01,-0.061,0.06
2.04050e-01,-0.055,0.06
2.04060e-01,-0.055,0.06
2.04070e-01,-0.057,0.06
2.04080e-01,-0.057,0.06
2.04090e-01,-0.063,0.062
2.04100e-01,-0.059,0.068
2.04110e-01,-0.065,0.064
2.04120e-01,-0.065,0.062
2.04130e-01,-0.061,0.064
2.04140e-01,-0.059,0.062
2.04150e-01,-0.055,0.06
2.04160e-01,-0.059,0.062
2.04170e-01,-0.055,0.054
2.04180e-01,-0.057,0.062
2.04190e-01,-0.055,0.056
2.04200e-01,-0.063,0.068
2.04210e-01,-0.061,0.064
2.04220e-01,-0.059,0.06
2.04230e-01,-0.061,0.062
2.04240e-01,-0.051,0.054
2.04250e-01,-0.057,0.062
2.04260e-01,-0.057,0.056
2.04270e-01,-0.059,0.06
2.04280e-01,-0.051,0.058
2.04290e-01,-0.061,0.064
2.04300e-01,-0.061,0.064
2.04310e-01,-0.059,0.062
2.04320e-01,-0.063,0.064
2.04330e-01,-0.061,0.06
2.04340e-01,-0.063,0.066
2.04350e-01,-0.061,0.064
2.04360e-01,-0.059,0.06
2.04370e-01,-0.061,0.062
2.04380e-01,-0.059,0.064
2.04390e-01,-0.059,0.064
2.04400e-01,-0.045,0.048
2.04410e-01,-0.061,0.064
2.04420e-01,-0.057,0.06
2.04430e-01,-0.059,0.06
2.04440e-01,-0.063,0.062
2.04450e-01,-0.065,0.064
2.04460e-01,-0.059,0.06
2.04470e-01,-0.063,0.064
2.04480e-01,-0.061,0.064
2.04490e-01,-0.057,0.06
2.04500e-01,-0.061,0.066
2.04510e-01,-0.061,0.068
2.04520e-01,-0.061,0.062
2.04530e-01,-0.061,0.062
2.04540e-01,-0.053,0.058
2.04550e-01,-0.051,0.056
2.04560e-01,-0.053,0.054
2.04570e-01,-0.051,0.058
2.04580e-01,-0.053,0.06
2.04590e-01,-0.055,0.06
2.04600e-01,-0.051,0.054
2.04610e-01,-0.053,0.056
2.04620e-01,-0.053,0.062
2.04630e-01,-0.061,0.062
2.04640e-01,-0.059,0.062
2.04650e-01,-0.059,0.06
2.04660e-01,-0.063,0.064
2.04670e-01,-0.061,0.064
2.04680e-01,-0.057,0.058
2.04690e-01,-0.057,0.064
2.04700e-01,-0.061,0.064
2.04710e-01,-0.055,0.062
2.04720e-01,-0.053,0.056
2.04730e-01,-0.053,0.058
2.04740e-01,-0.061,0.064
2.04750e-01,-0.057,0.06
2.04760e-01,-0.059,0.064
2.04770e-01,-0.063,0.064
2.04780e-01,-0.061,0.062
2.04790e-01,-0.061,0.062
2.04800e-01,-0.055,0.058
2.04810e-01,-0.061,0.064
2.04820e-01,-0.061,0.066
2.04830e-01,-0.061,0.068
2.04840e-01,-0.057,0.06
2.04850e-01,-0.063,0.062
2.04860e-01,-0.057,0.062
2.04870e-01,-0.055,0.06
2.04880e-01,-0.059,0.062
2.04890e-01,-0.057,0.068
2.04900e-01,-0.061,0.066
2.04910e-01,-0.059,0.062
2.04920e-01,-0.063,0.066
2.04930e-01,-0.063,0.068
2.04940e-01,-0.055,0.06
2.04950e-01,-0.059,0.06
2.04960e-01,-0.057,0.06
2.04970e-01,-0.059,0.064
2.04980e-01,-0.061,0.06
2.04990e-01,-0.059,0.062
2.05000e-01,-0.061,0.064
2.05010e-01,-0.055,0.06
2.05020e-01,-0.063,0.062
2.05030e-01,-0.063,0.064
2.05040e-01,-0.063,0.062
2.05050e-01,-0.063,0.064
2.05060e-01,-0.065,0.062
2.05070e-01,-0.061,0.064
2.05080e-01,-0.061,0.062
2.05090e-01,-0.059,0.064
2.05100e-01,-0.057,0.06
2.05110e-01,-0.061,0.062
2.05120e-01,-0.057,0.06
2.05130e-01,-0.053,0.06
2.05140e-01,-0.063,0.064
2.05150e-01,-0.059,0.066
2.05160e-01,-0.061,0.06
2.05170e-01,-0.061,0.066
2.05180e-01,-0.055,0.06
2.05190e-01,-0.053,0.062
2.05200e-01,-0.053,0.058
2.05210e-01,-0.053,0.054
2.05220e-01,-0.055,0.058
2.05230e-01,-0.053,0.054
2.05240e-01,-0.059,0.06
2.05250e-01,-0.061,0.062
2.05260e-01,-0.057,0.062
2.05270e-01,-0.063,0.064
2.05280e-01,-0.055,0.06
2.05290e-01,-0.063,0.062
2.05300e-01,-0.065,0.062
2.05310e-01,-0.061,0.064
2.05320e-01,-0.061,0.062
2.05330e-01,-0.065,0.066
2.05340e-01,-0.059,0.062
2.05350e-01,-0.063,0.064
2.05360e-01,-0.053,0.06
2.05370e-01,-0.059,0.06
2.05380e-01,-0.057,0.06
2.05390e-01,-0.055,0.06
2.05400e-01,-0.059,0.06
2.05410e-01,-0.061,0.062
2.05420e-01,-0.061,0.064
2.05430e-01,-0.061,0.064
2.05440e-01,-0.055,0.058
2.05450e-01,-0.053,0.058
2.05460e-01,-0.055,0.058
2.05470e-01,-0.059,0.062
2.05480e-01,-0.057,0.058
2.05490e-01,-0.057,0.064
2.05500e-01,-0.063,0.064
2.05510e-01,-0.051,0.052
2.05520e-01,-0.061,0.06
2.05530e-01,-0.059,0.064
2.05540e-01,-0.057,0.06
2.05550e-01,-0.063,0.06
2.05560e-01,-0.057,0.06
2.05570e-01,-0.059,0.06
2.05580e-01,-0.061,0.064
2.05590e-01,-0.057,0.06
2.05600e-01,-0.059,0.062
2.05610e-01,-0.059,0.064
2.05620e-01,-0.059,0.06
2.05630e-01,-0.063,0.064
2.05640e-01,-0.065,0.064
2.05650e-01,-0.059,0.064
2.05660e-01,-0.061,0.064
2.05670e-01,-0.063,0.064
2.05680e-01,-0.061,0.062
2.05690e-01,-0.065,0.066
2.05700e-01,-0.053,0.056
2.05710e-01,-0.059,0.064
2.05720e-01,-0.061,0.064
2.05730e-01,-0.061,0.064
2.05740e-01,-0.061,0.062
2.05750e-01,-0.059,0.064
2.05760e-01,-0.061,0.064
2.05770e-01,-0.061,0.062
2.05780e-01,-0.059,0.06
2.05790e-01,-0.061,0.064
2.05800e-01,-0.059,0.066
2.05810e-01,-0.063,0.064
2.05820e-01,-0.057,0.062
2.05830e-01,-0.059,0.062
2.05840e-01,-0.059,0.064
2.05850e-01,-0.055,0.058
2.05860e-01,-0.063,0.064
2.05870e-01,-0.063,0.062
2.05880e-01,-0.061,0.064
2.05890e-01,-0.061,0.064
2.05900e-01,-0.059,0.06
2.05910e-01,-0.059,0.062
2.05920e-01,-0.059,0.062
2.05930e-01,-0.063,0.064
2.05940e-01,-0.057,0.064
2.05950e-01,-0.065,0.064
2.05960e-01,-0.059,0.064
2.05970e-01,-0.057,0.06
2.05980e-01,-0.061,0.062
2.05990e-01,-0.059,0.062
2.06000e-01,-0.059,0.062
2.06010e-01,-0.059,0.064
2.06020e-01,-0.059,0.062
2.06030e-01,-0.061,0.066
2.06040e-01,-0.061,0.062
2.06050e-01,-0.063,0.064
2.06060e-01,-0.053,0.06
2.06070e-01,-0.057,0.064
2.06080e-01,-0.061,0.064
2.06090e-01,-0.061,0.064
2.06100e-01,-0.059,0.06
2.06110e-01,-0.059,0.062
2.06120e-01,-0.059,0.06
2.06130e-01,-0.061,0.064
2.06140e-01,-0.061,0.06
2.06150e-01,-0.061,0.062
2.06160e-01,-0.063,0.064
2.06170e-01,-0.061,0.068
2.06180e-01,-0.061,0.062
2.06190e-01,-0.067,0.064
2.06200e-01,-0.057,0.06
2.06210e-01,-0.061,0.064
2.06220e-01,-0.063,0.06
2.06230e-01,-0.059,0.062
2.06240e-01,-0.063,0.062
2.06250e-01,-0.059,0.064
2.06260e-01,-0.063,0.066
2.06270e-01,-0.057,0.06
2.06280e-01,-0.065,0.064
2.06290e-01,-0.063,0.066
2.06300e-01,-0.057,0.064
2.06310e-01,-0.059,0.062
2.06320e-01,-0.061,0.062
2.06330e-01,-0.061,0.062
2.06340e-01,-0.059,0.066
2.06350e-01,-0.063,0.062
2.06360e-01,-0.061,0.064
2.06370e-01,-0.059,0.06
2.06380e-01,-0.057,0.062
2.06390e-01,-0.055,0.054
2.06400e-01,-0.051,0.056
2.06410e-01,-0.059,0.06
2.06420e-01,-0.047,0.05
2.06430e-01,-0.049,0.056
2.06440e-01,-0.053,0.056
2.06450e-01,-0.059,0.062
2.06460e-01,-0.057,0.064
2.06470e-01,-0.057,0.06
2.06480e-01,-0.055,0.062
2.06490e-01,-0.063,0.066
2.06500e-01,-0.051,0.054
2.06510e-01,-0.059,0.06
2.06520e-01,-0.049,0.054
2.06530e-01,-0.053,0.062
2.06540e-01,-0.063,0.064
2.06550e-01,-0.059,0.064
2.06560e-01,-0.061,0.06
2.06570e-01,-0.055,0.06
2.06580e-01,-0.059,0.064
2.06590e-01,-0.059,0.064
2.06600e-01,-0.059,0.064
2.06610e-01,-0.063,0.062
2.06620e-01,-0.063,0.066
2.06630e-01,-0.061,0.06
2.06640e-01,-0.061,0.062
2.06650e-01,-0.061,0.064
2.06660e-01,-0.061,0.064
2.06670e-01,-0.061,0.066
2.06680e-01,-0.063,0.064
2.06690e-01,-0.061,0.06
2.06700e-01,-0.061,0.066
2.06710e-01,-0.059,0.064
2.06720e-01,-0.061,0.062
2.06730e-01,-0.059,0.064
2.06740e-01,-0.061,0.066
2.06750e-01,-0.059,0.064
2.06760e-01,-0.059,0.064
2.06770e-01,-0.061,0.064
2.06780e-01,-0.063,0.066
2.06790e-01,-0.061,0.064
2.06800e-01,-0.061,0.062
2.06810e-01,-0.063,0.06
2.06820e-01,-0.059,0.064
2.06830e-01,-0.059,0.066
2.06840e-01,-0.057,0.064
2.06850e-01,-0.059,0.062
2.06860e-01,-0.061,0.062
2.06870e-01,-0.061,0.06
2.06880e-01,-0.061,0.06
2.06890e-01,-0.065,0.064
2.06900e-01,-0.049,0.056
2.06910e-01,-0.049,0.054
2.06920e-01,-0.057,0.06
2.06930e-01,-0.061,0.066
2.06940e-01,-0.063,0.064
2.06950e-01,-0.061,0.066
2.06960e-01,-0.061,0.062
2.06970e-01,-0.063,0.062
2.06980e-01,-0.059,0.06
2.06990e-01,-0.061,0.062
2.07000e-01,-0.061,0.064
2.07010e-01,-0.061,0.064
2.07020e-01,-0.059,0.064
2.07030e-01,-0.057,0.064
2.07040e-01,-0.059,0.062
2.07050e-01,-0.061,0.066
2.07060e-01,-0.059,0.064
2.07070e-01,-0.063,0.062
2.07080e-01,-0.063,0.062
2.07090e-01,-0.061,0.064
2.07100e-01,-0.059,0.064
2.07110e-01,-0.061,0.066
2.07120e-01,-0.061,0.064
2.07130e-01,-0.059,0.066
2.07140e-01,-0.059,0.06
2.07150e-01,-0.061,0.064
2.07160e-01,-0.061,0.066
2.07170e-01,-0.061,0.064
2.07180e-01,-0.059,0.066
2.07190e-01,-0.061,0.062
2.07200e-01,-0.061,0.064
2.07210e-01,-0.063,0.062
2.07220e-01,-0.059,0.064
2.07230e-01,-0.061,0.064
2.07240e-01,-0.059,0.064
2.07250e-01,-0.057,0.064
2.07260e-01,-0.059,0.068
2.07270e-01,-0.061,0.064
2.07280e-01,-0.051,0.054
2.07290e-01,-0.063,0.07
2.07300e-01,-0.061,0.064
2.07310e-01,-0.059,0.066
2.07320e-01,-0.059,0.06
2.07330e-01,-0.053,0.06
2.07340e-01,-0.059,0.062
2.07350e-01,-0.057,0.06
2.07360e-01,-0.061,0.062
2.07370e-01,-0.059,0.064
2.07380e-01,-0.055,0.056
2.07390e-01,-0.059,0.062
2.07400e-01,-0.063,0.068
2.07410e-01,-0.059,0.06
2.07420e-01,-0.061,0.064
2.07430e-01,-0.059,0.06
2.07440e-01,-0.059,0.06
2.07450e-01,-0.061,0.064
2.07460e-01,-0.057,0.06
2.07470e-01,-0.059,0.062
2.07480e-01,-0.057,0.064
2.07490e-01,-0.053,0.06
2.07500e-01,-0.063,0.064
2.07510e-01,-0.059,0.062
2.07520e-01,-0.059,0.062
2.07530e-01,-0.059,0.066
2.07540e-01,-0.059,0.066
2.07550e-01,-0.057,0.066
2.07560e-01,-0.055,0.058
2.07570e-01,-0.053,0.06
2.07580e-01,-0.057,0.064
2.07590e-01,-0.061,0.064
2.07600e-01,-0.055,0.06
2.07610e-01,-0.059,0.06
2.07620e-01,-0.059,0.066
2.07630e-01,-0.059,0.062
2.07640e-01,-0.059,0.062
2.07650e-01,-0.065,0.064
2.07660e-01,-0.057,0.064
2.07670e-01,-0.059,0.062
2.07680e-01,-0.061,0.062
2.07690e-01,-0.061,0.066
2.07700e-01,-0.063,0.064
2.07710e-01,-0.059,0.062
2.07720e-01,-0.061,0.062
2.07730e-01,-0.063,0.064
2.07740e-01,-0.063,0.064
2.07750e-01,-0.061,0.062
2.07760e-01,-0.055,0.06
2.07770e-01,-0.063,0.068
2.07780e-01,-0.061,0.068
2.07790e-01,-0.055,0.058
2.07800e-01,-0.057,0.06
2.07810e-01,-0.059,0.06
2.07820e-01,-0.051,0.06
2.07830e-01,-0.055,0.06
2.07840e-01,-0.061,0.062
2.07850e-01,-0.057,0.06
2.07860e-01,-0.059,0.066
2.07870e-01,-0.059,0.062
2.07880e-01,-0.061,0.068
2.07890e-01,-0.055,0.06
2.07900e-01,-0.049,0.05
2.07910e-01,-0.059,0.06
2.07920e-01,-0.061,0.06
2.07930e-01,-0.061,0.066
2.07940e-01,-0.061,0.066
2.07950e-01,-0.059,0.064
2.07960e-01,-0.055,0.06
2.07970e-01,-0.059,0.064
2.07980e-01,-0.059,0.064
2.07990e-01,-0.063,0.06
2.08000e-01,-0.063,0.062
2.08010e-01,-0.063,0.062
2.08020e-01,-0.059,0.064
2.08030e-01,-0.061,0.066
2.08040e-01,-0.059,0.066
2.08050e-01,-0.059,0.062
2.08060e-01,-0.063,0.062
2.08070e-01,-0.061,0.06
2.08080e-01,-0.061,0.068
2.08090e-01,-0.061,0.06
2.08100e-01,-0.059,0.064
2.08110e-01,-0.057,0.062
2.08120e-01,-0.063,0.06
2.08130e-01,-0.059,0.064
2.08140e-01,-0.061,0.062
2.08150e-01,-0.063,0.064
2.08160e-01,-0.061,0.064
2.08170e-01,-0.063,0.06
2.08180e-01,-0.057,0.062
2.08190e-01,-0.065,0.066
2.08200e-01,-0.059,0.064
2.08210e-01,-0.059,0.06
2.08220e-01,-0.059,0.062
2.08230e-01,-0.061,0.06
2.08240e-01,-0.059,0.062
2.08250e-01,-0.061,0.064
2.08260e-01,-0.055,0.058
2.08270e-01,-0.057,0.062
2.08280e-01,-0.051,0.054
2.08290e-01,-0.059,0.062
2.08300e-01,-0.063,0.064
2.08310e-01,-0.039,0.046
2.08320e-01,-0.061,0.066
2.08330e-01,-0.047,0.054
2.08340e-01,-0.061,0.064
2.08350e-01,-0.059,0.064
2.08360e-01,-0.061,0.062
2.08370e-01,-0.061,0.062
2.08380e-01,-0.059,0.06
2.08390e-01,-0.061,0.064
2.08400e-01,-0.067,0.064
2.08410e-01,-0.059,0.062
2.08420e-01,-0.063,0.064
2.08430e-01,-0.061,0.066
2.08440e-01,-0.059,0.06
2.08450e-01,-0.059,0.06
2.08460e-01,-0.057,0.062
2.08470e-01,-0.059,0.062
2.08480e-01,-0.057,0.062
2.08490e-01,-0.059,0.062
2.08500e-01,-0.061,0.064
2.08510e-01,-0.063,0.062
2.08520e-01,-0.053,0.056
2.08530e-01,-0.057,0.062
2.08540e-01,-0.061,0.062
2.08550e-01,-0.059,0.062
2.08560e-01,-0.059,0.068
2.08570e-01,-0.059,0.06
2.08580e-01,-0.061,0.06
2.08590e-01,-0.059,0.064
2.08600e-01,-0.057,0.062
2.08610e-01,-0.061,0.062
2.08620e-01,-0.061,0.064
2.08630e-01,-0.061,0.066
2.08640e-01,-0.063,0.064
2.08650e-01,-0.059,0.062
2.08660e-01,-0.059,0.062
2.08670e-01,-0.061,0.06
2.08680e-01,-0.059,0.064
2.08690e-01,-0.061,0.064
2.08700e-01,-0.061,0.06
2.08710e-01,-0.061,0.064
2.08720e-01,-0.059,0.064
2.08730e-01,-0.041,0.044
2.08740e-01,-0.059,0.06
2.08750e-01,-0.057,0.062
2.08760e-01,-0.061,0.062
2.08770e-01,-0.059,0.062
2.08780e-01,-0.061,0.066
2.08790e-01,-0.061,0.064
2.08800e-01,-0.055,0.06
2.08810e-01,-0.063,0.064
2.08820e-01,-0.063,0.064
2.08830e-01,-0.063,0.06
2.08840e-01,-0.055,0.06
2.08850e-01,-0.055,0.06
2.08860e-01,-0.059,0.062
2.08870e-01,-0.061,0.066
2.08880e-01,-0.049,0.054
2.08890e-01,-0.061,0.068
2.08900e-01,-0.059,0.06
2.08910e-01,-0.059,0.064
2.08920e-01,-0.057,0.064
2.08930e-01,-0.057,0.06
2.08940e-01,-0.059,0.064
2.08950e-01,-0.063,0.064
2.08960e-01,-0.063,0.066
2.08970e-01,-0.059,0.062
2.08980e-01,-0.059,0.064
2.08990e-01,-0.063,0.064
2.09000e-01,-0.065,0.064
2.09010e-01,-0.055,0.062
2.09020e-01,-0.057,0.06
2.09030e-01,-0.061,0.064
2.09040e-01,-0.061,0.062
2.09050e-01,-0.059,0.062
2.09060e-01,-0.063,0.06
2.09070e-01,-0.061,0.064
2.09080e-01,-0.057,0.064
2.09090e-01,-0.063,0.066
2.09100e-01,-0.061,0.06
2.09110e-01,-0.063,0.064
2.09120e-01,-0.057,0.064
2.09130e-01,-0.059,0.062
2.09140e-01,-0.059,0.066
2.09150e-01,-0.061,0.062
2.09160e-01,-0.059,0.062
2.09170e-01,-0.061,0.064
2.09180e-01,-0.059,0.062
2.09190e-01,-0.059,0.064
2.09200e-01,-0.061,0.066
2.09210e-01,-0.055,0.06
2.09220e-01,-0.063,0.064
2.09230e-01,-0.057,0.06
2.09240e-01,-0.061,0.064
2.09250e-01,-0.063,0.064
2.09260e-01,-0.063,0.064
2.09270e-01,-0.061,0.062
2.09280e-01,-0.061,0.064
2.09290e-01,-0.061,0.064
2.09300e-01,-0.059,0.064
2.09310e-01,-0.061,0.064
2.09320e-01,-0.061,0.066
2.09330e-01,-0.059,0.064
2.09340e-01,-0.059,0.066
2.09350e-01,-0.057,0.062
2.09360e-01,-0.061,0.064
2.09370e-01,-0.057,0.056
2.09380e-01,-0.061,0.066
2.09390e-01,-0.057,0.06
2.09400e-01,-0.061,0.064
2.09410e-01,-0.061,0.064
2.09420e-01,-0.061,0.064
2.09430e-01,-0.057,0.062
2.09440e-01,-0.061,0.064
2.09450e-01,-0.061,0.062
2.09460e-01,-0.059,0.066
2.09470e-01,-0.059,0.06
2.09480e-01,-0.061,0.064
2.09490e-01,-0.063,0.064
2.09500e-01,-0.061,0.064
2.09510e-01,-0.059,0.058
2.09520e-01,-0.063,0.068
2.09530e-01,-0.055,0.06
2.09540e-01,-0.059,0.064
2.09550e-01,-0.061,0.062
2.09560e-01,-0.059,0.064
2.09570e-01,-0.059,0.064
2.09580e-01,-0.063,0.062
2.09590e-01,-0.059,0.066
2.09600e-01,-0.059,0.064
2.09610e-01,-0.059,0.064
2.09620e-01,-0.061,0.064
2.09630e-01,-0.061,0.062
2.09640e-01,-0.059,0.066
2.09650e-01,-0.059,0.06
2.09660e-01,-0.057,0.062
2.09670e-01,-0.061,0.068
2.09680e-01,-0.063,0.064
2.09690e-01,-0.063,0.066
2.09700e-01,-0.059,0.062
2.09710e-01,-0.063,0.064
2.09720e-01,-0.061,0.064
2.09730e-01,-0.059,0.062
2.09740e-01,-0.057,0.06
2.09750e-01,-0.061,0.064
2.09760e-01,-0.059,0.064
2.09770e-01,-0.061,0.062
2.09780e-01,-0.061,0.064
2.09790e-01,-0.059,0.066
2.09800e-01,-0.053,0.058
2.09810e-01,-0.065,0.064
2.09820e-01,-0.061,0.062
2.09830e-01,-0.063,0.064
2.09840e-01,-0.053,0.06
2.09850e-01,-0.061,0.064
2.09860e-01,-0.061,0.062
2.09870e-01,-0.057,0.064
2.09880e-01,-0.055,0.06
2.09890e-01,-0.063,0.064
2.09900e-01,-0.059,0.066
2.09910e-01,-0.053,0.056
2.09920e-01,-0.063,0.062
2.09930e-01,-0.049,0.054
2.09940e-01,-0.059,0.06
2.09950e-01,-0.049,0.054
2.09960e-01,-0.057,0.064
2.09970e-01,-0.057,0.058
2.09980e-01,-0.059,0.064
2.09990e-01,-0.055,0.06
2.10000e-01,-0.057,0.06
2.10010e-01,-0.063,0.064
2.10020e-01,-0.061,0.064
2.10030e-01,-0.061,0.064
2.10040e-01,-0.061,0.062
2.10050e-01,-0.063,0.064
2.10060e-01,-0.061,0.064
2.10070e-01,-0.049,0.056
2.10080e-01,-0.061,0.062
2.10090e-01,-0.061,0.062
2.10100e-01,-0.065,0.064
2.10110e-01,-0.055,0.06
2.10120e-01,-0.055,0.06
2.10130e-01,-0.061,0.066
2.10140e-01,-0.061,0.062
2.10150e-01,-0.061,0.066
2.10160e-01,-0.061,0.066
2.10170e-01,-0.065,0.066
2.10180e-01,-0.061,0.064
2.10190e-01,-0.057,0.06
2.10200e-01,-0.061,0.062
2.10210e-01,-0.063,0.064
2.10220e-01,-0.061,0.064
2.10230e-01,-0.059,0.06
2.10240e-01,-0.055,0.062
2.10250e-01,-0.059,0.06
2.10260e-01,-0.055,0.058
2.10270e-01,-0.063,0.064
2.10280e-01,-0.061,0.066
2.10290e-01,-0.063,0.066
2.10300e-01,-0.059,0.066
2.10310e-01,-0.061,0.062
2.10320e-01,-0.059,0.06
2.10330e-01,-0.053,0.06
2.10340e-01,-0.055,0.06
2.10350e-01,-0.057,0.06
2.10360e-01,-0.055,0.058
2.10370e-01,-0.057,0.06
2.10380e-01,-0.061,0.064
2.10390e-01,-0.059,0.062
2.10400e-01,-0.057,0.06
2.10410e-01,-0.063,0.062
2.10420e-01,-0.061,0.06
2.10430e-01,-0.061,0.064
2.10440e-01,-0.057,0.06
2.10450e-01,-0.059,0.062
2.10460e-01,-0.061,0.064
2.10470e-01,-0.057,0.062
2.10480e-01,-0.065,0.064
2.10490e-01,-0.065,0.064
2.10500e-01,-0.059,0.06
2.10510e-01,-0.061,0.064
2.10520e-01,-0.061,0.062
2.10530e-01,-0.061,0.064
2.10540e-01,-0.063,0.062
2.10550e-01,-0.063,0.064
2.10560e-01,-0.061,0.062
2.10570e-01,-0.059,0.06
2.10580e-01,-0.065,0.062
2.10590e-01,-0.059,0.062
2.10600e-01,-0.059,0.06
2.10610e-01,-0.059,0.064
2.10620e-01,-0.051,0.054
2.10630e-01,-0.057,0.06
2.10640e-01,-0.059,0.062
2.10650e-01,-0.059,0.062
2.10660e-01,-0.061,0.064
2.10670e-01,-0.061,0.064
2.10680e-01,-0.059,0.056
2.10690e-01,-0.061,0.068
2.10700e-01,-0.059,0.064
2.10710e-01,-0.061,0.06
2.10720e-01,-0.057,0.066
2.10730e-01,-0.059,0.06
2.10740e-01,-0.063,0.064
2.10750e-01,-0.053,0.06
2.10760e-01,-0.063,0.064
2.10770e-01,-0.053,0.058
2.10780e-01,-0.061,0.066
2.10790e-01,-0.061,0.062
2.10800e-01,-0.053,0.06
2.10810e-01,-0.059,0.062
2.10820e-01,-0.063,0.066
2.10830e-01,-0.061,0.066
2.10840e-01,-0.065,0.064
2.10850e-01,-0.061,0.064
2.10860e-01,-0.059,0.062
2.10870e-01,-0.059,0.064
2.10880e-01,-0.063,0.062
2.10890e-01,-0.059,0.066
2.10900e-01,-0.061,0.066
2.10910e-01,-0.057,0.058
2.10920e-01,-0.061,0.064
2.10930e-01,-0.061,0.066
2.10940e-01,-0.061,0.066
2.10950e-01,-0.059,0.062
2.10960e-01,-0.059,0.062
2.10970e-01,-0.063,0.064
2.10980e-01,-0.061,0.064
2.10990e-01,-0.055,0.06
2.11000e-01,-0.059,0.066
2.11010e-01,-0.063,0.062
2.11020e-01,-0.065,0.064
2.11030e-01,-0.061,0.064
2.11040e-01,-0.061,0.062
2.11050e-01,-0.059,0.06
2.11060e-01,-0.053,0.06
2.11070e-01,-0.047,0.052
2.11080e-01,-0.047,0.05
2.11090e-01,-0.037,0.044
2.11100e-01,-0.049,0.056
2.11110e-01,-0.055,0.06
2.11120e-01,-0.061,0.064
2.11130e-01,-0.063,0.062
2.11140e-01,-0.061,0.064
2.11150e-01,-0.059,0.062
2.11160e-01,-0.051,0.056
2.11170e-01,-0.061,0.062
2.11180e-01,-0.055,0.06
2.11190e-01,-0.065,0.062
2.11200e-01,-0.059,0.06
2.11210e-01,-0.059,0.06
2.11220e-01,-0.061,0.062
2.11230e-01,-0.055,0.06
2.11240e-01,-0.059,0.064
2.11250e-01,-0.055,0.058
2.11260e-01,-0.061,0.064
2.11270e-01,-0.059,0.066
2.11280e-01,-0.065,0.064
2.11290e-01,-0.055,0.056
2.11300e-01,-0.061,0.064
2.11310e-01,-0.059,0.06
2.11320e-01,-0.061,0.06
2.11330e-01,-0.059,0.06
2.11340e-01,-0.053,0.056
2.11350e-01,-0.061,0.062
2.11360e-01,-0.059,0.064
2.11370e-01,-0.065,0.064
2.11380e-01,-0.061,0.064
2.11390e-01,-0.061,0.062
2.11400e-01,-0.059,0.066
2.11410e-01,-0.061,0.064
2.11420e-01,-0.063,0.062
2.11430e-01,-0.059,0.06
2.11440e-01,-0.063,0.064
2.11450e-01,-0.061,0.064
2.11460e-01,-0.061,0.06
2.11470e-01,-0.059,0.064
2.11480e-01,-0.063,0.06
2.11490e-01,-0.059,0.064
2.11500e-01,-0.059,0.064
2.11510e-01,-0.059,0.066
2.11520e-01,-0.061,0.064
2.11530e-01,-0.059,0.06
2.11540e-01,-0.055,0.06
2.11550e-01,-0.059,0.064
2.11560e-01,-0.065,0.064
2.11570e-01,-0.061,0.06
2.11580e-01,-0.057,0.06
2.11590e-01,-0.059,0.062
2.11600e-01,-0.065,0.06
2.11610e-01,-0.059,0.06
2.11620e-01,-0.063,0.064
2.11630e-01,-0.061,0.064
2.11640e-01,-0.063,0.064
2.11650e-01,-0.059,0.064
2.11660e-01,-0.063,0.064
2.11670e-01,-0.061,0.066
2.11680e-01,-0.061,0.064
2.11690e-01,-0.059,0.064
2.11700e-01,-0.053,0.054
2.11710e-01,-0.061,0.064
2.11720e-01,-0.055,0.062
2.11730e-01,-0.065,0.062
2.11740e-01,-0.059,0.06
2.11750e-01,-0.055,0.06
2.11760e-01,-0.055,0.06
2.11770e-01,-0.061,0.066
2.11780e-01,-0.059,0.064
2.11790e-01,-0.059,0.066
2.11800e-01,-0.061,0.066
2.11810e-01,-0.061,0.064
2.11820e-01,-0.061,0.06
2.11830e-01,-0.061,0.064
2.11840e-01,-0.061,0.064
2.11850e-01,-0.059,0.066
2.11860e-01,-0.061,0.064
2.11870e-01,-0.063,0.064
2.11880e-01,-0.059,0.064
2.11890e-01,-0.059,0.062
2.11900e-01,-0.061,0.066
2.11910e-01,-0.059,0.064
2.11920e-01,-0.063,0.064
2.11930e-01,-0.047,0.054
2.11940e-01,-0.063,0.064
2.11950e-01,-0.059,0.06
2.11960e-01,-0.057,0.06
2.11970e-01,-0.053,0.062
2.11980e-01,-0.057,0.06
2.11990e-01,-0.061,0.06
2.12000e-01,-0.061,0.062
2.12010e-01,-0.059,0.064
2.12020e-01,-0.065,0.06
2.12030e-01,-0.063,0.062
2.12040e-01,-0.055,0.058
2.12050e-01,-0.065,0.066
2.12060e-01,-0.061,0.064
2.12070e-01,-0.051,0.056
2.12080e-01,-0.065,0.062
2.12090e-01,-0.057,0.058
2.12100e-01,-0.059,0.064
2.12110e-01,-0.055,0.06
2.12120e-01,-0.065,0.064
2.12130e-01,-0.057,0.06
2.12140e-01,-0.061,0.062
2.12150e-01,-0.061,0.068
2.12160e-01,-0.061,0.064
2.12170e-01,-0.063,0.066
2.12180e-01,-0.047,0.048
2.12190e-01,-0.061,0.066
2.12200e-01,-0.049,0.054
2.12210e-01,-0.061,0.062
2.12220e-01,-0.047,0.054
2.12230e-01,-0.063,0.068
2.12240e-01,-0.059,0.064
2.12250e-01,-0.063,0.06
2.12260e-01,-0.063,0.06
2.12270e-01,-0.059,0.064
2.12280e-01,-0.061,0.064
2.12290e-01,-0.055,0.058
2.12300e-01,-0.059,0.062
2.12310e-01,-0.059,0.06
2.12320e-01,-0.063,0.062
2.12330e-01,-0.059,0.062
2.12340e-01,-0.059,0.062
2.12350e-01,-0.051,0.056
2.12360e-01,-0.059,0.06
2.12370e-01,-0.055,0.058
2.12380e-01,-0.057,0.06
2.12390e-01,-0.061,0.064
2.12400e-01,-0.063,0.066
2.12410e-01,-0.059,0.062
2.12420e-01,-0.059,0.056
2.12430e-01,-0.053,0.06
2.12440e-01,-0.043,0.05
2.12450e-01,-0.057,0.058
2.12460e-01,-0.061,0.06
2.12470e-01,-0.061,0.062
2.12480e-01,-0.065,0.068
2.12490e-01,-0.059,0.06
2.12500e-01,-0.053,0.056
2.12510e-01,-0.063,0.06
2.12520e-01,-0.059,0.06
2.12530e-01,-0.063,0.068
2.12540e-01,-0.057,0.062
2.12550e-01,-0.057,0.062
2.12560e-01,-0.061,0.064
2.12570e-01,-0.063,0.064
2.12580e-01,-0.059,0.06
2.12590e-01,-0.059,0.062
2.12600e-01,-0.061,0.064
2.12610e-01,-0.057,0.064
2.12620e-01,-0.065,0.064
2.12630e-01,-0.063,0.068
2.12640e-01,-0.057,0.062
2.12650e-01,-0.059,0.064
2.12660e-01,-0.059,0.06
2.12670e-01,-0.061,0.066
2.12680e-01,-0.055,0.06
2.12690e-01,-0.059,0.064
2.12700e-01,-0.049,0.05
2.12710e-01,-0.061,0.064
2.12720e-01,-0.063,0.062
2.12730e-01,-0.061,0.064
2.12740e-01,-0.061,0.064
2.12750e-01,-0.061,0.066
2.12760e-01,-0.061,0.064
2.12770e-01,-0.057,0.06
2.12780e-01,-0.063,0.064
2.12790e-01,-0.059,0.06
2.12800e-01,-0.061,0.064
2.12810e-01,-0.059,0.06
2.12820e-01,-0.063,0.064
2.12830e-01,-0.053,0.056
2.12840e-01,-0.059,0.064
2.12850e-01,-0.059,0.062
2.12860e-01,-0.061,0.062
2.12870e-01,-0.057,0.06
2.12880e-01,-0.061,0.06
2.12890e-01,-0.061,0.064
2.12900e-01,-0.059,0.06
2.12910e-01,-0.063,0.06
2.12920e-01,-0.067,0.068
2.12930e-01,-0.059,0.064
2.12940e-01,-0.061,0.062
2.12950e-01,-0.061,0.064
2.12960e-01,-0.059,0.062
2.12970e-01,-0.057,0.064
2.12980e-01,-0.061,0.064
2.12990e-01,-0.059,0.068
2.13000e-01,-0.059,0.06
2.13010e-01,-0.059,0.064
2.13020e-01,-0.059,0.066
2.13030e-01,-0.063,0.064
2.13040e-01,-0.061,0.064
2.13050e-01,-0.061,0.062
2.13060e-01,-0.063,0.066
2.13070e-01,-0.061,0.064
2.13080e-01,-0.059,0.064
2.13090e-01,-0.057,0.06
2.13100e-01,-0.057,0.064
2.13110e-01,-0.063,0.064
2.13120e-01,-0.063,0.064
2.13130e-01,-0.059,0.06
2.13140e-01,-0.057,0.06
2.13150e-01,-0.061,0.066
2.13160e-01,-0.063,0.064
2.13170e-01,-0.059,0.064
2.13180e-01,-0.059,0.064
2.13190e-01,-0.065,0.066
2.13200e-01,-0.061,0.064
2.13210e-01,-0.067,0.064
2.13220e-01,-0.059,0.064
2.13230e-01,-0.059,0.064
2.13240e-01,-0.059,0.062
2.13250e-01,-0.061,0.064
2.13260e-01,-0.063,0.066
2.13270e-01,-0.063,0.066
2.13280e-01,-0.061,0.066
2.13290e-01,-0.059,0.062
2.13300e-01,-0.059,0.064
2.13310e-01,-0.059,0.062
2.13320e-01,-0.059,0.062
2.13330e-01,-0.057,0.06
2.13340e-01,-0.061,0.064
2.13350e-01,-0.057,0.062
2.13360e-01,-0.059,0.062
2.13370e-01,-0.057,0.062
2.13380e-01,-0.059,0.062
2.13390e-01,-0.059,0.062
2.13400e-01,-0.061,0.064
2.13410e-01,-0.061,0.062
2.13420e-01,-0.063,0.064
2.13430e-01,-0.061,0.06
2.13440e-01,-0.063,0.064
2.13450e-01,-0.063,0.064
2.13460e-01,-0.063,0.064
2.13470e-01,-0.059,0.064
2.13480e-01,-0.065,0.064
2.13490e-01,-0.061,0.062
2.13500e-01,-0.061,0.062
2.13510e-01,-0.061,0.064
2.13520e-01,-0.057,0.06
2.13530e-01,-0.059,0.064
2.13540e-01,-0.061,0.064
2.13550e-01,-0.061,0.064
2.13560e-01,-0.061,0.064
2.13570e-01,-0.061,0.062
2.13580e-01,-0.059,0.064
2.13590e-01,-0.063,0.06
2.13600e-01,-0.059,0.06
2.13610e-01,-0.061,0.062
2.13620e-01,-0.063,0.064
2.13630e-01,-0.059,0.06
2.13640e-01,-0.063,0.066
2.13650e-01,-0.051,0.056
2.13660e-01,-0.063,0.068
2.13670e-01,-0.057,0.062
2.13680e-01,-0.065,0.064
2.13690e-01,-0.057,0.062
2.13700e-01,-0.059,0.066
2.13710e-01,-0.061,0.064
2.13720e-01,-0.063,0.062
2.13730e-01,-0.059,0.06
2.13740e-01,-0.065,0.064
2.13750e-01,-0.059,0.064
2.13760e-01,-0.063,0.064
2.13770e-01,-0.057,0.064
2.13780e-01,-0.063,0.066
2.13790e-01,-0.055,0.06
2.13800e-01,-0.059,0.066
2.13810e-01,-0.055,0.058
2.13820e-01,-0.057,0.06
2.13830e-01,-0.061,0.062
2.13840e-01,-0.051,0.06
2.13850e-01,-0.061,0.066
2.13860e-01,-0.059,0.06
2.13870e-01,-0.059,0.066
2.13880e-01,-0.061,0.064
2.13890e-01,-0.063,0.064
2.13900e-01,-0.061,0.064
2.13910e-01,-0.059,0.062
2.13920e-01,-0.059,0.066
2.13930e-01,-0.061,0.064
2.13940e-01,-0.063,0.064
2.13950e-01,-0.061,0.064
2.13960e-01,-0.061,0.062
2.13970e-01,-0.063,0.064
2.13980e-01,-0.063,0.064
2.13990e-01,-0.047,0.05
2.14000e-01,-0.053,0.06
2.14010e-01,-0.065,0.062
2.14020e-01,-0.053,0.06
2.14030e-01,-0.053,0.052
2.14040e-01,-0.059,0.062
2.14050e-01,-0.061,0.066
2.14060e-01,-0.057,0.068
2.14070e-01,-0.061,0.062
2.14080e-01,-0.063,0.064
2.14090e-01,-0.061,0.062
2.14100e-01,-0.053,0.06
2.14110e-01,-0.061,0.062
2.14120e-01,-0.061,0.062
2.14130e-01,-0.055,0.06
2.14140e-01,-0.063,0.064
2.14150e-01,-0.063,0.064
2.14160e-01,-0.063,0.064
2.14170e-01,-0.065,0.068
2.14180e-01,-0.053,0.06
2.14190e-01,-0.063,0.062
2.14200e-01,-0.059,0.064
2.14210e-01,-0.061,0.062
2.14220e-01,-0.059,0.064
2.14230e-01,-0.061,0.064
2.14240e-01,-0.059,0.062
2.14250e-01,-0.063,0.064
2.14260e-01,-0.065,0.068
2.14270e-01,-0.061,0.064
2.14280e-01,-0.065,0.064
2.14290e-01,-0.059,0.064
2.14300e-01,-0.061,0.06
2.14310e-01,-0.051,0.054
2.14320e-01,-0.057,0.06
2.14330e-01,-0.063,0.062
2.14340e-01,-0.059,0.066
2.14350e-01,-0.063,0.066
2.14360e-01,-0.065,0.062
2.14370e-01,-0.057,0.056
2.14380e-01,-0.065,0.062
2.14390e-01,-0.059,0.062
2.14400e-01,-0.063,0.064
2.14410e-01,-0.049,0.052
2.14420e-01,-0.065,0.064
2.14430e-01,-0.049,0.05
2.14440e-01,-0.063,0.064
2.14450e-01,-0.049,0.054
2.14460e-01,-0.059,0.062
2.14470e-01,-0.061,0.062
2.14480e-01,-0.063,0.062
2.14490e-01,-0.051,0.056
2.14500e-01,-0.059,0.06
2.14510e-01,-0.057,0.06
2.14520e-01,-0.063,0.06
2.14530e-01,-0.059,0.06
2.14540e-01,-0.063,0.062
2.14550e-01,-0.059,0.06
2.14560e-01,-0.061,0.066
2.14570e-01,-0.057,0.062
2.14580e-01,-0.063,0.062
2.14590e-01,-0.063,0.062
2.14600e-01,-0.055,0.056
2.14610e-01,-0.061,0.06
2.14620e-01,-0.063,0.066
2.14630e-01,-0.055,0.06
2.14640e-01,-0.061,0.066
2.14650e-01,-0.061,0.064
2.14660e-01,-0.047,0.05
2.14670e-01,-0.055,0.056
2.14680e-01,-0.063,0.064
2.14690e-01,-0.063,0.064
2.14700e-01,-0.059,0.064
2.14710e-01,-0.063,0.068
2.14720e-01,-0.055,0.06
2.14730e-01,-0.063,0.06
2.14740e-01,-0.059,0.062
2.14750e-01,-0.051,0.056
2.14760e-01,-0.061,0.066
2.14770e-01,-0.065,0.064
2.14780e-01,-0.061,0.064
2.14790e-01,-0.059,0.062
2.14800e-01,-0.063,0.066
2.14810e-01,-0.057,0.06
2.14820e-01,-0.063,0.062
2.14830e-01,-0.057,0.06
2.14840e-01,-0.059,0.066
2.14850e-01,-0.061,0.06
2.14860e-01,-0.063,0.064
2.14870e-01,-0.059,0.062
2.14880e-01,-0.059,0.062
2.14890e-01,-0.047,0.048
2.14900e-01,-0.053,0.06
2.14910e-01,-0.059,0.064
2.14920e-01,-0.055,0.062
2.14930e-01,-0.057,0.06
2.14940e-01,-0.065,0.064
2.14950e-01,-0.061,0.06
2.14960e-01,-0.061,0.064
2.14970e-01,-0.059,0.06
2.14980e-01,-0.059,0.06
2.14990e-01,-0.059,0.064
2.15000e-01,-0.061,0.062
2.15010e-01,-0.059,0.06
2.15020e-01,-0.057,0.062
2.15030e-01,-0.063,0.064
2.15040e-01,-0.057,0.056
2.15050e-01,-0.057,0.062
2.15060e-01,-0.061,0.064
2.15070e-01,-0.065,0.066
2.15080e-01,-0.061,0.062
2.15090e-01,-0.061,0.062
2.15100e-01,-0.061,0.064
2.15110e-01,-0.061,0.062
2.15120e-01,-0.061,0.064
2.15130e-01,-0.055,0.056
2.15140e-01,-0.059,0.06
2.15150e-01,-0.055,0.058
2.15160e-01,-0.053,0.06
2.15170e-01,-0.051,0.054
2.15180e-01,-0.061,0.062
2.15190e-01,-0.063,0.068
2.15200e-01,-0.061,0.066
2.15210e-01,-0.063,0.064
2.15220e-01,-0.057,0.06
2.15230e-01,-0.049,0.056
2.15240e-01,-0.057,0.062
2.15250e-01,-0.055,0.06
2.15260e-01,-0.053,0.058
2.15270e-01,-0.055,0.058
2.15280e-01,-0.061,0.066
2.15290e-01,-0.061,0.06
2.15300e-01,-0.061,0.066
2.15310e-01,-0.059,0.06
2.15320e-01,-0.059,0.058
2.15330e-01,-0.061,0.066
2.15340e-01,-0.063,0.066
2.15350e-01,-0.061,0.062
2.15360e-01,-0.061,0.062
2.15370e-01,-0.059,0.064
2.15380e-01,-0.057,0.06
2.15390e-01,-0.059,0.064
2.15400e-01,-0.061,0.064
2.15410e-01,-0.059,0.06
2.15420e-01,-0.061,0.062
2.15430e-01,-0.063,0.064
2.15440e-01,-0.059,0.064
2.15450e-01,-0.063,0.064
2.15460e-01,-0.057,0.06
2.15470e-01,-0.059,0.062
2.15480e-01,-0.055,0.06
2.15490e-01,-0.057,0.06
2.15500e-01,-0.057,0.062
2.15510e-01,-0.061,0.064
2.15520e-01,-0.061,0.064
2.15530e-01,-0.059,0.062
2.15540e-01,-0.055,0.06
2.15550e-01,-0.055,0.06
2.15560e-01,-0.047,0.052
2.15570e-01,-0.061,0.062
2.15580e-01,-0.057,0.062
2.15590e-01,-0.057,0.064
2.15600e-01,-0.065,0.062
2.15610e-01,-0.061,0.064
2.15620e-01,-0.061,0.066
2.15630e-01,-0.065,0.06
2.15640e-01,-0.057,0.062
2.15650e-01,-0.061,0.064
2.15660e-01,-0.059,0.064
2.15670e-01,-0.059,0.062
2.15680e-01,-0.063,0.064
2.15690e-01,-0.053,0.058
2.15700e-01,-0.059,0.066
2.15710e-01,-0.049,0.052
2.15720e-01,-0.061,0.062
2.15730e-01,-0.067,0.064
2.15740e-01,-0.063,0.062
2.15750e-01,-0.061,0.062
2.15760e-01,-0.059,0.066
2.15770e-01,-0.063,0.06
2.15780e-01,-0.061,0.062
2.15790e-01,-0.063,0.064
2.15800e-01,-0.063,0.062
2.15810e-01,-0.059,0.06
2.15820e-01,-0.057,0.06
2.15830e-01,-0.059,0.06
2.15840e-01,-0.053,0.058
2.15850e-01,-0.065,0.062
2.15860e-01,-0.063,0.064
2.15870e-01,-0.063,0.064
2.15880e-01,-0.061,0.066
2.15890e-01,-0.053,0.058
2.15900e-01,-0.063,0.066
2.15910e-01,-0.061,0.064
2.15920e-01,-0.057,0.06
2.15930e-01,-0.061,0.064
2.15940e-01,-0.057,0.062
2.15950e-01,-0.059,0.064
2.15960e-01,-0.059,0.064
2.15970e-01,-0.059,0.06
2.15980e-01,-0.055,0.06
2.15990e-01,-0.059,0.066
2.16000e-01,-0.061,0.064
2.16010e-01,-0.059,0.066
2.16020e-01,-0.055,0.06
2.16030e-01,-0.059,0.064
2.16040e-01,-0.061,0.066
2.16050e-01,-0.053,0.058
2.16060e-01,-0.061,0.06
2.16070e-01,-0.061,0.064
2.16080e-01,-0.061,0.066
2.16090e-01,-0.063,0.062
2.16100e-01,-0.061,0.066
2.16110e-01,-0.059,0.06
2.16120e-01,-0.061,0.062
2.16130e-01,-0.059,0.064
2.16140e-01,-0.057,0.06
2.16150e-01,-0.055,0.06
2.16160e-01,-0.059,0.06
2.16170e-01,-0.061,0.062
2.16180e-01,-0.063,0.064
2.16190e-01,-0.057,0.062
2.16200e-01,-0.059,0.064
2.16210e-01,-0.053,0.06
2.16220e-01,-0.063,0.062
2.16230e-01,-0.059,0.062
2.16240e-01,-0.061,0.06
2.16250e-01,-0.061,0.062
2.16260e-01,-0.063,0.064
2.16270e-01,-0.063,0.064
2.16280e-01,-0.061,0.064
2.16290e-01,-0.061,0.066
2.16300e-01,-0.059,0.062
2.16310e-01,-0.059,0.062
2.16320e-01,-0.063,0.066
2.16330e-01,-0.055,0.06
2.16340e-01,-0.063,0.066
2.16350e-01,-0.063,0.064
2.16360e-01,-0.063,0.064
2.16370e-01,-0.059,0.066
2.16380e-01,-0.055,0.06
2.16390e-01,-0.065,0.064
2.16400e-01,-0.059,0.06
2.16410e-01,-0.063,0.064
2.16420e-01,-0.059,0.062
2.16430e-01,-0.063,0.068
2.16440e-01,-0.063,0.062
2.16450e-01,-0.063,0.064
2.16460e-01,-0.059,0.06
2.16470e-01,-0.049,0.052
2.16480e-01,-0.053,0.064
2.16490e-01,-0.053,0.058
2.16500e-01,-0.057,0.062
2.16510e-01,-0.061,0.06
2.16520e-01,-0.055,0.058
2.16530e-01,-0.055,0.06
2.16540e-01,-0.061,0.064
2.16550e-01,-0.061,0.064
2.16560e-01,-0.061,0.062
2.16570e-01,-0.059,0.06
2.16580e-01,-0.063,0.064
2.16590e-01,-0.061,0.066
2.16600e-01,-0.063,0.066
2.16610e-01,-0.061,0.064
2.16620e-01,-0.063,0.064
2.16630e-01,-0.061,0.064
2.16640e-01,-0.059,0.06
2.16650e-01,-0.053,0.056
2.16660e-01,-0.063,0.064
2.16670e-01,-0.057,0.06
2.16680e-01,-0.057,0.06
2.16690e-01,-0.063,0.064
2.16700e-01,-0.061,0.064
2.16710e-01,-0.061,0.062
2.16720e-01,-0.063,0.066
2.16730e-01,-0.059,0.056
2.16740e-01,-0.055,0.064
2.16750e-01,-0.045,0.056
2.16760e-01,-0.051,0.052
2.16770e-01,-0.059,0.058
2.16780e-01,-0.061,0.062
2.16790e-01,-0.061,0.066
2.16800e-01,-0.063,0.064
2.16810e-01,-0.063,0.062
2.16820e-01,-0.059,0.062
2.16830e-01,-0.063,0.062
2.16840e-01,-0.061,0.06
2.16850e-01,-0.061,0.06
2.16860e-01,-0.065,0.064
2.16870e-01,-0.061,0.062
2.16880e-01,-0.059,0.064
2.16890e-01,-0.055,0.06
2.16900e-01,-0.053,0.058
2.16910e-01,-0.045,0.048
2.16920e-01,-0.037,0.044
2.16930e-01,-0.049,0.054
2.16940e-01,-0.063,0.062
2.16950e-01,-0.059,0.064
2.16960e-01,-0.055,0.06
2.16970e-01,-0.059,0.064
2.16980e-01,-0.059,0.064
2.16990e-01,-0.051,0.056
2.17000e-01,-0.059,0.064
2.17010e-01,-0.059,0.06
2.17020e-01,-0.063,0.062
2.17030e-01,-0.059,0.064
2.17040e-01,-0.061,0.064
2.17050e-01,-0.063,0.068
2.17060e-01,-0.063,0.064
2.17070e-01,-0.059,0.062
2.17080e-01,-0.063,0.066
2.17090e-01,-0.057,0.062
2.17100e-01,-0.061,0.06
2.17110e-01,-0.059,0.062
2.17120e-01,-0.063,0.062
2.17130e-01,-0.063,0.064
2.17140e-01,-0.061,0.064
2.17150e-01,-0.061,0.064
2.17160e-01,-0.061,0.06
2.17170e-01,-0.063,0.062
2.17180e-01,-0.061,0.062
2.17190e-01,-0.063,0.06
2.17200e-01,-0.063,0.066
2.17210e-01,-0.063,0.064
2.17220e-01,-0.055,0.06
2.17230e-01,-0.053,0.058
2.17240e-01,-0.057,0.058
2.17250e-01,-0.061,0.062
2.17260e-01,-0.057,0.062
2.17270e-01,-0.057,0.06
2.17280e-01,-0.061,0.064
2.17290e-01,-0.057,0.056
2.17300e-01,-0.061,0.06
2.17310e-01,-0.053,0.056
2.17320e-01,-0.053,0.056
2.17330e-01,-0.047,0.056
2.17340e-01,-0.057,0.058
2.17350e-01,-0.051,0.052
2.17360e-01,-0.057,0.058
2.17370e-01,-0.063,0.064
2.17380e-01,-0.063,0.062
2.17390e-01,-0.059,0.064
2.17400e-01,-0.061,0.064
2.17410e-01,-0.059,0.064
2.17420e-01,-0.057,0.062
2.17430e-01,-0.059,0.062
2.17440e-01,-0.059,0.066
2.17450e-01,-0.059,0.064
2.17460e-01,-0.059,0.064
2.17470e-01,-0.049,0.058
2.17480e-01,-0.057,0.06
2.17490e-01,-0.055,0.06
2.17500e-01,-0.061,0.066
2.17510e-01,-0.059,0.06
2.17520e-01,-0.061,0.064
2.17530e-01,-0.063,0.066
2.17540e-01,-0.063,0.064
2.17550e-01,-0.059,0.06
2.17560e-01,-0.057,0.062
2.17570e-01,-0.059,0.062
2.17580e-01,-0.063,0.064
2.17590e-01,-0.059,0.066
2.17600e-01,-0.063,0.064
2.17610e-01,-0.059,0.06
2.17620e-01,-0.057,0.064
2.17630e-01,-0.059,0.064
2.17640e-01,-0.063,0.064
2.17650e-01,-0.053,0.06
2.17660e-01,-0.057,0.06
2.17670e-01,-0.049,0.058
2.17680e-01,-0.055,0.06
2.17690e-01,-0.059,0.062
2.17700e-01,-0.057,0.06
2.17710e-01,-0.061,0.06
2.17720e-01,-0.061,0.064
2.17730e-01,-0.061,0.06
2.17740e-01,-0.057,0.06
2.17750e-01,-0.057,0.062
2.17760e-01,-0.055,0.064
2.17770e-01,-0.061,0.06
2.17780e-01,-0.061,0.06
2.17790e-01,-0.061,0.062
2.17800e-01,-0.055,0.06
2.17810e-01,-0.057,0.06
2.17820e-01,-0.057,0.058
2.17830e-01,-0.063,0.064
2.17840e-01,-0.063,0.064
2.17850e-01,-0.063,0.066
2.17860e-01,-0.061,0.06
2.17870e-01,-0.057,0.062
2.17880e-01,-0.063,0.064
2.17890e-01,-0.057,0.066
2.17900e-01,-0.059,0.06
2.17910e-01,-0.057,0.066
2.17920e-01,-0.061,0.062
2.17930e-01,-0.063,0.062
2.17940e-01,-0.059,0.06
2.17950e-01,-0.055,0.058
2.17960e-01,-0.063,0.064
2.17970e-01,-0.061,0.068
2.17980e-01,-0.055,0.06
2.17990e-01,-0.061,0.062
2.18000e-01,-0.063,0.064
2.18010e-01,-0.061,0.064
2.18020e-01,-0.061,0.064
2.18030e-01,-0.065,0.064
2.18040e-01,-0.061,0.066
2.18050e-01,-0.061,0.064
2.18060e-01,-0.061,0.062
2.18070e-01,-0.057,0.064
2.18080e-01,-0.061,0.062
2.18090e-01,-0.061,0.066
2.18100e-01,-0.061,0.064
2.18110e-01,-0.059,0.062
2.18120e-01,-0.057,0.064
2.18130e-01,-0.063,0.06
2.18140e-01,-0.065,0.064
2.18150e-01,-0.063,0.064
2.18160e-01,-0.051,0.056
2.18170e-01,-0.063,0.062
2.18180e-01,-0.051,0.06
2.18190e-01,-0.059,0.062
2.18200e-01,-0.059,0.06
2.18210e-01,-0.061,0.062
2.18220e-01,-0.051,0.054
2.18230e-01,-0.063,0.064
2.18240e-01,-0.065,0.064
2.18250e-01,-0.059,0.062
2.18260e-01,-0.059,0.064
2.18270e-01,-0.061,0.064
2.18280e-01,-0.061,0.062
2.18290e-01,-0.059,0.066
2.18300e-01,-0.061,0.064
2.18310e-01,-0.057,0.06
2.18320e-01,-0.061,0.062
2.18330e-01,-0.063,0.064
2.18340e-01,-0.061,0.06
2.18350e-01,-0.063,0.068
2.18360e-01,-0.063,0.06
2.18370e-01,-0.061,0.068
2.18380e-01,-0.061,0.064
2.18390e-01,-0.061,0.062
2.18400e-01,-0.061,0.064
2.18410e-01,-0.059,0.064
2.18420e-01,-0.063,0.064
2.18430e-01,-0.061,0.066
2.18440e-01,-0.063,0.064
2.18450e-01,-0.059,0.062
2.18460e-01,-0.063,0.064
2.18470e-01,-0.057,0.064
2.18480e-01,-0.059,0.06
2.18490e-01,-0.059,0.06
2.18500e-01,-0.063,0.062
2.18510e-01,-0.059,0.062
2.18520e-01,-0.055,0.062
2.18530e-01,-0.055,0.058
2.18540e-01,-0.057,0.062
2.18550e-01,-0.063,0.064
2.18560e-01,-0.061,0.064
2.18570e-01,-0.059,0.064
2.18580e-01,-0.059,0.066
2.18590e-01,-0.055,0.06
2.18600e-01,-0.061,0.062
2.18610e-01,-0.059,0.066
2.18620e-01,-0.061,0.066
2.18630e-01,-0.061,0.062
2.18640e-01,-0.061,0.064
2.18650e-01,-0.063,0.064
2.18660e-01,-0.059,0.06
2.18670e-01,-0.059,0.066
2.18680e-01,-0.065,0.064
2.18690e-01,-0.061,0.064
2.18700e-01,-0.057,0.06
2.18710e-01,-0.063,0.064
2.18720e-01,-0.057,0.06
2.18730e-01,-0.059,0.062
2.18740e-01,-0.063,0.066
2.18750e-01,-0.059,0.064
2.18760e-01,-0.063,0.064
2.18770e-01,-0.065,0.062
2.18780e-01,-0.065,0.064
2.18790e-01,-0.063,0.066
2.18800e-01,-0.053,0.06
2.18810e-01,-0.061,0.062
2.18820e-01,-0.059,0.066
2.18830e-01,-0.061,0.064
2.18840e-01,-0.063,0.064
2.18850e-01,-0.063,0.066
2.18860e-01,-0.061,0.064
2.18870e-01,-0.059,0.068
2.18880e-01,-0.057,0.062
2.18890e-01,-0.061,0.062
2.18900e-01,-0.063,0.064
2.18910e-01,-0.063,0.066
2.18920e-01,-0.063,0.066
2.18930e-01,-0.059,0.064
2.18940e-01,-0.057,0.06
2.18950e-01,-0.063,0.064
2.18960e-01,-0.061,0.064
2.18970e-01,-0.057,0.06
2.18980e-01,-0.053,0.06
2.18990e-01,-0.057,0.06
2.19000e-01,-0.061,0.06
2.19010e-01,-0.059,0.06
2.19020e-01,-0.059,0.062
2.19030e-01,-0.063,0.064
2.19040e-01,-0.061,0.064
2.19050e-01,-0.063,0.064
2.19060e-01,-0.055,0.06
2.19070e-01,-0.059,0.064
2.19080e-01,-0.061,0.064
2.19090e-01,-0.057,0.056
2.19100e-01,-0.065,0.064
2.19110e-01,-0.061,0.064
2.19120e-01,-0.063,0.064
2.19130e-01,-0.061,0.06
2.19140e-01,-0.059,0.06
2.19150e-01,-0.063,0.062
2.19160e-01,-0.061,0.066
2.19170e-01,-0.063,0.064
2.19180e-01,-0.061,0.064
2.19190e-01,-0.049,0.058
2.19200e-01,-0.061,0.06
2.19210e-01,-0.059,0.056
2.19220e-01,-0.057,0.062
2.19230e-01,-0.059,0.062
2.19240e-01,-0.055,0.06
2.19250e-01,-0.057,0.06
2.19260e-01,-0.049,0.056
2.19270e-01,-0.061,0.066
2.19280e-01,-0.051,0.06
2.19290e-01,-0.063,0.06
2.19300e-01,-0.061,0.062
2.19310e-01,-0.059,0.064
2.19320e-01,-0.061,0.062
2.19330e-01,-0.061,0.064
2.19340e-01,-0.061,0.068
2.19350e-01,-0.053,0.054
2.19360e-01,-0.061,0.06
2.19370e-01,-0.035,0.044
2.19380e-01,-0.051,0.056
2.19390e-01,-0.061,0.062
2.19400e-01,-0.057,0.062
2.19410e-01,-0.063,0.064
2.19420e-01,-0.065,0.066
2.19430e-01,-0.061,0.062
2.19440e-01,-0.057,0.06
2.19450e-01,-0.055,0.056
2.19460e-01,-0.055,0.062
2.19470e-01,-0.061,0.064
2.19480e-01,-0.057,0.06
2.19490e-01,-0.059,0.064
2.19500e-01,-0.061,0.066
2.19510e-01,-0.055,0.064
2.19520e-01,-0.047,0.054
2.19530e-01,-0.061,0.064
2.19540e-01,-0.061,0.062
2.19550e-01,-0.063,0.064
2.19560e-01,-0.063,0.064
2.19570e-01,-0.059,0.064
2.19580e-01,-0.059,0.062
2.19590e-01,-0.057,0.06
2.19600e-01,-0.061,0.064
2.19610e-01,-0.055,0.062
2.19620e-01,-0.055,0.06
2.19630e-01,-0.053,0.058
2.19640e-01,-0.063,0.064
2.19650e-01,-0.059,0.06
2.19660e-01,-0.055,0.054
2.19670e-01,-0.049,0.054
2.19680e-01,-0.063,0.064
2.19690e-01,-0.063,0.064
2.19700e-01,-0.059,0.064
2.19710e-01,-0.059,0.062
2.19720e-01,-0.057,0.062
2.19730e-01,-0.057,0.062
2.19740e-01,-0.057,0.06
2.19750e-01,-0.055,0.06
2.19760e-01,-0.049,0.056
2.19770e-01,-0.053,0.054
2.19780e-01,-0.059,0.06
2.19790e-01,-0.061,0.06
2.19800e-01,-0.059,0.062
2.19810e-01,-0.061,0.062
2.19820e-01,-0.061,0.064
2.19830e-01,-0.063,0.064
2.19840e-01,-0.065,0.064
2.19850e-01,-0.063,0.064
2.19860e-01,-0.057,0.06
2.19870e-01,-0.059,0.068
2.19880e-01,-0.059,0.062
2.19890e-01,-0.063,0.066
2.19900e-01,-0.061,0.064
2.19910e-01,-0.059,0.06
2.19920e-01,-0.061,0.064
2.19930e-01,-0.059,0.064
2.19940e-01,-0.061,0.064
2.19950e-01,-0.055,0.06
2.19960e-01,-0.063,0.064
2.19970e-01,-0.061,0.06
2.19980e-01,-0.061,0.066
2.19990e-01,-0.059,0.062
2.20000e-01,-0.057,0.06
2.20010e-01,-0.063,0.064
2.20020e-01,-0.061,0.066
2.20030e-01,-0.051,0.058
2.20040e-01,-0.059,0.062
2.20050e-01,-0.055,0.058
2.20060e-01,-0.057,0.062
2.20070e-01,-0.049,0.054
2.20080e-01,-0.059,0.064
2.20090e-01,-0.059,0.062
2.20100e-01,-0.055,0.058
2.20110e-01,-0.057,0.06
2.20120e-01,-0.055,0.06
2.20130e-01,-0.061,0.06
2.20140e-01,-0.063,0.062
2.20150e-01,-0.063,0.064
2.20160e-01,-0.061,0.064
2.20170e-01,-0.061,0.064
2.20180e-01,-0.059,0.062
2.20190e-01,-0.061,0.064
2.20200e-01,-0.065,0.064
2.20210e-01,-0.061,0.064
2.20220e-01,-0.061,0.06
2.20230e-01,-0.059,0.062
2.20240e-01,-0.061,0.066
2.20250e-01,-0.063,0.064
2.20260e-01,-0.063,0.064
2.20270e-01,-0.065,0.062
2.20280e-01,-0.061,0.064
2.20290e-01,-0.059,0.062
2.20300e-01,-0.063,0.062
2.20310e-01,-0.051,0.06
2.20320e-01,-0.061,0.062
2.20330e-01,-0.059,0.064
2.20340e-01,-0.059,0.062
2.20350e-01,-0.059,0.062
2.20360e-01,-0.063,0.068
2.20370e-01,-0.063,0.064
2.20380e-01,-0.053,0.06
2.20390e-01,-0.061,0.064
2.20400e-01,-0.059,0.062
2.20410e-01,-0.061,0.062
2.20420e-01,-0.057,0.06
2.20430e-01,-0.061,0.064
2.20440e-01,-0.055,0.062
2.20450e-01,-0.059,0.062
2.20460e-01,-0.063,0.064
2.20470e-01,-0.061,0.062
2.20480e-01,-0.061,0.064
2.20490e-01,-0.059,0.064
2.20500e-01,-0.061,0.064
2.20510e-01,-0.053,0.06
2.20520e-01,-0.061,0.064
2.20530e-01,-0.059,0.06
2.20540e-01,-0.061,0.064
2.20550e-01,-0.061,0.062
2.20560e-01,-0.059,0.06
2.20570e-01,-0.061,0.06
2.20580e-01,-0.057,0.06
2.20590e-01,-0.051,0.058
2.20600e-01,-0.045,0.054
2.20610e-01,-0.051,0.058
2.20620e-01,-0.061,0.064
2.20630e-01,-0.061,0.062
2.20640e-01,-0.059,0.06
2.20650e-01,-0.055,0.056
2.20660e-01,-0.061,0.068
2.20670e-01,-0.063,0.068
2.20680e-01,-0.063,0.062
2.20690e-01,-0.061,0.064
2.20700e-01,-0.061,0.06
2.20710e-01,-0.063,0.064
2.20720e-01,-0.055,0.058
2.20730e-01,-0.055,0.06
2.20740e-01,-0.057,0.06
2.20750e-01,-0.057,0.064
2.20760e-01,-0.045,0.054
2.20770e-01,-0.059,0.064
2.20780e-01,-0.055,0.058
2.20790e-01,-0.059,0.064
2.20800e-01,-0.055,0.06
2.20810e-01,-0.055,0.06
2.20820e-01,-0.061,0.062
2.20830e-01,-0.059,0.06
2.20840e-01,-0.061,0.068
2.20850e-01,-0.059,0.066
2.20860e-01,-0.061,0.064
2.20870e-01,-0.057,0.062
2.20880e-01,-0.059,0.062
2.20890e-01,-0.057,0.06
2.20900e-01,-0.063,0.06
2.20910e-01,-0.055,0.06
2.20920e-01,-0.061,0.064
2.20930e-01,-0.057,0.06
2.20940e-01,-0.059,0.064
2.20950e-01,-0.061,0.064
2.20960e-01,-0.057,0.062
2.20970e-01,-0.061,0.064
2.20980e-01,-0.059,0.062
2.20990e-01,-0.057,0.062
2.21000e-01,-0.063,0.064
2.21010e-01,-0.061,0.062
2.21020e-01,-0.063,0.066
2.21030e-01,-0.061,0.066
2.21040e-01,-0.063,0.064
2.21050e-01,-0.063,0.066
2.21060e-01,-0.059,0.062
2.21070e-01,-0.055,0.062
2.21080e-01,-0.057,0.064
2.21090e-01,-0.055,0.06
2.21100e-01,-0.061,0.064
2.21110e-01,-0.061,0.064
2.21120e-01,-0.063,0.064
2.21130e-01,-0.063,0.064
2.21140e-01,-0.057,0.06
2.21150e-01,-0.039,0.046
2.21160e-01,-0.045,0.048
2.21170e-01,-0.055,0.056
2.21180e-01,-0.049,0.058
2.21190e-01,-0.053,0.058
2.21200e-01,-0.049,0.056
2.21210e-01,-0.059,0.064
2.21220e-01,-0.053,0.056
2.21230e-01,-0.059,0.06
2.21240e-01,-0.061,0.062
2.21250e-01,-0.057,0.06
2.21260e-01,-0.053,0.058
2.21270e-01,-0.061,0.06
2.21280e-01,-0.057,0.06
2.21290e-01,-0.059,0.058
2.21300e-01,-0.057,0.058
2.21310e-01,-0.059,0.058
2.21320e-01,-0.055,0.06
2.21330e-01,-0.053,0.054
2.21340e-01,-0.055,0.06
2.21350e-01,-0.061,0.064
2.21360e-01,-0.055,0.062
2.21370e-01,-0.057,0.056
2.21380e-01,-0.057,0.064
2.21390e-01,-0.061,0.064
2.21400e-01,-0.055,0.058
2.21410e-01,-0.057,0.058
2.21420e-01,-0.051,0.058
2.21430e-01,-0.055,0.062
2.21440e-01,-0.055,0.058
2.21450e-01,-0.063,0.062
2.21460e-01,-0.059,0.06
2.21470e-01,-0.063,0.064
2.21480e-01,-0.065,0.064
2.21490e-01,-0.059,0.064
2.21500e-01,-0.063,0.06
2.21510e-01,-0.061,0.066
2.21520e-01,-0.055,0.06
2.21530e-01,-0.063,0.064
2.21540e-01,-0.059,0.064
2.21550e-01,-0.063,0.062
2.21560e-01,-0.059,0.064
2.21570e-01,-0.061,0.06
2.21580e-01,-0.051,0.05
2.21590e-01,-0.057,0.06
2.21600e-01,-0.059,0.06
2.21610e-01,-0.061,0.066
2.21620e-01,-0.063,0.062
2.21630e-01,-0.061,0.064
2.21640e-01,-0.061,0.06
2.21650e-01,-0.061,0.066
2.21660e-01,-0.057,0.06
2.21670e-01,-0.061,0.064
2.21680e-01,-0.061,0.064
2.21690e-01,-0.061,0.06
2.21700e-01,-0.051,0.056
2.21710e-01,-0.057,0.062
2.21720e-01,-0.061,0.06
2.21730e-01,-0.061,0.064
2.21740e-01,-0.061,0.064
2.21750e-01,-0.057,0.06
2.21760e-01,-0.047,0.054
2.21770e-01,-0.059,0.06
2.21780e-01,-0.061,0.064
2.21790e-01,-0.053,0.062
2.21800e-01,-0.059,0.064
2.21810e-01,-0.045,0.052
2.21820e-01,-0.061,0.064
2.21830e-01,-0.065,0.062
2.21840e-01,-0.061,0.06
2.21850e-01,-0.055,0.062
2.21860e-01,-0.049,0.054
2.21870e-01,-0.055,0.058
2.21880e-01,-0.057,0.06
2.21890e-01,-0.059,0.062
2.21900e-01,-0.061,0.064
2.21910e-01,-0.061,0.062
2.21920e-01,-0.059,0.06
2.21930e-01,-0.059,0.064
2.21940e-01,-0.065,0.064
2.21950e-01,-0.063,0.064
2.21960e-01,-0.057,0.056
2.21970e-01,-0.057,0.06
2.21980e-01,-0.035,0.038
2.21990e-01,-0.045,0.052
2.22000e-01,-0.043,0.048
2.22010e-01,-0.057,0.06
2.22020e-01,-0.041,0.048
2.22030e-01,-0.061,0.062
2.22040e-01,-0.049,0.054
2.22050e-01,-0.061,0.06
2.22060e-01,-0.055,0.06
2.22070e-01,-0.057,0.06
2.22080e-01,-0.063,0.062
2.22090e-01,-0.063,0.064
2.22100e-01,-0.063,0.068
2.22110e-01,-0.053,0.058
2.22120e-01,-0.061,0.064
2.22130e-01,-0.059,0.068
2.22140e-01,-0.061,0.066
2.22150e-01,-0.065,0.064
2.22160e-01,-0.057,0.06
2.22170e-01,-0.059,0.064
2.22180e-01,-0.055,0.06
2.22190e-01,-0.059,0.064
2.22200e-01,-0.055,0.058
2.22210e-01,-0.057,0.064
2.22220e-01,-0.057,0.06
2.22230e-01,-0.061,0.066
2.22240e-01,-0.059,0.062
2.22250e-01,-0.053,0.058
2.22260e-01,-0.063,0.068
2.22270e-01,-0.061,0.062
2.22280e-01,-0.059,0.064
2.22290e-01,-0.061,0.066
2.22300e-01,-0.057,0.058
2.22310e-01,-0.059,0.06
2.22320e-01,-0.043,0.046
2.22330e-01,-0.059,0.058
2.22340e-01,-0.045,0.052
2.22350e-01,-0.055,0.062
2.22360e-01,-0.057,0.06
2.22370e-01,-0.063,0.064
2.22380e-01,-0.061,0.064
2.22390e-01,-0.059,0.066
2.22400e-01,-0.063,0.064
2.22410e-01,-0.059,0.06
2.22420e-01,-0.061,0.066
2.22430e-01,-0.055,0.06
2.22440e-01,-0.065,0.066
2.22450e-01,-0.057,0.058
2.22460e-01,-0.061,0.066
2.22470e-01,-0.055,0.06
2.22480e-01,-0.053,0.058
2.22490e-01,-0.061,0.064
2.22500e-01,-0.051,0.058
2.22510e-01,-0.063,0.062
2.22520e-01,-0.051,0.056
2.22530e-01,-0.055,0.06
2.22540e-01,-0.045,0.05
2.22550e-01,-0.061,0.064
2.22560e-01,-0.057,0.058
2.22570e-01,-0.063,0.066
2.22580e-01,-0.059,0.064
2.22590e-01,-0.055,0.06
2.22600e-01,-0.059,0.06
2.22610e-01,-0.063,0.064
2.22620e-01,-0.061,0.064
2.22630e-01,-0.061,0.064
2.22640e-01,-0.061,0.064
2.22650e-01,-0.061,0.064
2.22660e-01,-0.055,0.062
2.22670e-01,-0.065,0.062
2.22680e-01,-0.049,0.052
2.22690e-01,-0.061,0.06
2.22700e-01,-0.059,0.064
2.22710e-01,-0.061,0.064
2.22720e-01,-0.057,0.062
2.22730e-01,-0.059,0.06
2.22740e-01,-0.057,0.062
2.22750e-01,-0.057,0.062
2.22760e-01,-0.063,0.062
2.22770e-01,-0.063,0.064
2.22780e-01,-0.063,0.064
2.22790e-01,-0.053,0.062
2.22800e-01,-0.055,0.06
2.22810e-01,-0.047,0.05
2.22820e-01,-0.047,0.054
2.22830e-01,-0.047,0.054
2.22840e-01,-0.061,0.064
2.22850e-01,-0.057,0.064
2.22860e-01,-0.059,0.066
2.22870e-01,-0.065,0.066
2.22880e-01,-0.059,0.066
2.22890e-01,-0.061,0.064
2.22900e-01,-0.061,0.064
2.22910e-01,-0.059,0.064
2.22920e-01,-0.063,0.066
2.22930e-01,-0.057,0.064
2.22940e-01,-0.059,0.06
2.22950e-01,-0.063,0.066
2.22960e-01,-0.053,0.058
2.22970e-01,-0.061,0.064
2.22980e-01,-0.063,0.062
2.22990e-01,-0.063,0.064
2.23000e-01,-0.051,0.054
2.23010e-01,-0.063,0.066
2.23020e-01,-0.057,0.06
2.23030e-01,-0.065,0.064
2.23040e-01,-0.057,0.058
2.23050e-01,-0.061,0.064
2.23060e-01,-0.063,0.062
2.23070e-01,-0.061,0.064
2.23080e-01,-0.063,0.064
2.23090e-01,-0.057,0.062
2.23100e-01,-0.059,0.066
2.23110e-01,-0.051,0.052
2.23120e-01,-0.059,0.062
2.23130e-01,-0.055,0.06
2.23140e-01,-0.051,0.058
2.23150e-01,-0.039,0.05
2.23160e-01,-0.051,0.054
2.23170e-01,-0.049,0.054
2.23180e-01,-0.055,0.062
2.23190e-01,-0.055,0.06
2.23200e-01,-0.063,0.06
2.23210e-01,-0.059,0.06
2.23220e-01,-0.053,0.06
2.23230e-01,-0.055,0.056
2.23240e-01,-0.057,0.058
2.23250e-01,-0.059,0.064
2.23260e-01,-0.063,0.068
2.23270e-01,-0.061,0.068
2.23280e-01,-0.057,0.06
2.23290e-01,-0.061,0.064
2.23300e-01,-0.057,0.062
2.23310e-01,-0.061,0.066
2.23320e-01,-0.057,0.062
2.23330e-01,-0.063,0.066
2.23340e-01,-0.059,0.064
2.23350e-01,-0.061,0.064
2.23360e-01,-0.061,0.066
2.23370e-01,-0.061,0.064
2.23380e-01,-0.057,0.06
2.23390e-01,-0.059,0.06
2.23400e-01,-0.061,0.064
2.23410e-01,-0.051,0.056
2.23420e-01,-0.063,0.066
2.23430e-01,-0.057,0.062
2.23440e-01,-0.063,0.064
2.23450e-01,-0.063,0.062
2.23460e-01,-0.061,0.064
2.23470e-01,-0.059,0.062
2.23480e-01,-0.063,0.064
2.23490e-01,-0.059,0.062
2.23500e-01,-0.065,0.064
2.23510e-01,-0.045,0.05
2.23520e-01,-0.061,0.064
2.23530e-01,-0.059,0.062
2.23540e-01,-0.057,0.062
2.23550e-01,-0.061,0.064
2.23560e-01,-0.057,0.06
2.23570e-01,-0.051,0.06
2.23580e-01,-0.055,0.064
2.23590e-01,-0.055,0.06
2.23600e-01,-0.055,0.06
2.23610e-01,-0.061,0.062
2.23620e-01,-0.059,0.064
2.23630e-01,-0.063,0.066
2.23640e-01,-0.063,0.068
2.23650e-01,-0.063,0.064
2.23660e-01,-0.063,0.064
2.23670e-01,-0.047,0.054
2.23680e-01,-0.061,0.064
2.23690e-01,-0.057,0.06
2.23700e-01,-0.061,0.064
2.23710e-01,-0.063,0.064
2.23720e-01,-0.051,0.056
2.23730e-01,-0.057,0.064
2.23740e-01,-0.053,0.058
2.23750e-01,-0.061,0.064
2.23760e-01,-0.061,0.062
2.23770e-01,-0.061,0.068
2.23780e-01,-0.055,0.06
2.23790e-01,-0.065,0.066
2.23800e-01,-0.055,0.058
2.23810e-01,-0.059,0.06
2.23820e-01,-0.061,0.064
2.23830e-01,-0.053,0.058
2.23840e-01,-0.057,0.062
2.23850e-01,-0.059,0.064
2.23860e-01,-0.059,0.064
2.23870e-01,-0.061,0.06
2.23880e-01,-0.063,0.064
2.23890e-01,-0.059,0.06
2.23900e-01,-0.057,0.062
2.23910e-01,-0.063,0.064
2.23920e-01,-0.063,0.064
2.23930e-01,-0.061,0.064
2.23940e-01,-0.059,0.064
2.23950e-01,-0.063,0.066
2.23960e-01,-0.061,0.06
2.23970e-01,-0.055,0.058
2.23980e-01,-0.045,0.054
2.23990e-01,-0.053,0.056
2.24000e-01,-0.053,0.058
2.24010e-01,-0.057,0.06
2.24020e-01,-0.061,0.064
2.24030e-01,-0.061,0.064
2.24040e-01,-0.061,0.062
2.24050e-01,-0.049,0.058
2.24060e-01,-0.057,0.06
2.24070e-01,-0.055,0.056
2.24080e-01,-0.059,0.062
2.24090e-01,-0.047,0.054
2.24100e-01,-0.051,0.054
2.24110e-01,-0.051,0.058
2.24120e-01,-0.061,0.066
2.24130e-01,-0.055,0.06
2.24140e-01,-0.061,0.06
2.24150e-01,-0.061,0.062
2.24160e-01,-0.057,0.06
2.24170e-01,-0.045,0.054
2.24180e-01,-0.059,0.062
2.24190e-01,-0.061,0.062
2.24200e-01,-0.061,0.066
2.24210e-01,-0.061,0.064
2.24220e-01,-0.057,0.06
2.24230e-01,-0.055,0.06
2.24240e-01,-0.061,0.064
2.24250e-01,-0.063,0.064
2.24260e-01,-0.057,0.06
2.24270e-01,-0.063,0.062
2.24280e-01,-0.053,0.054
2.24290e-01,-0.059,0.06
2.24300e-01,-0.061,0.066
2.24310e-01,-0.057,0.058
2.24320e-01,-0.063,0.064
2.24330e-01,-0.055,0.06
2.24340e-01,-0.061,0.064
2.24350e-01,-0.057,0.06
2.24360e-01,-0.061,0.066
2.24370e-01,-0.055,0.06
2.24380e-01,-0.063,0.066
2.24390e-01,-0.049,0.06
2.24400e-01,-0.063,0.064
2.24410e-01,-0.059,0.062
2.24420e-01,-0.059,0.06
2.24430e-01,-0.053,0.06
2.24440e-01,-0.057,0.06
2.24450e-01,-0.045,0.054
2.24460e-01,-0.059,0.062
2.24470e-01,-0.049,0.056
2.24480e-01,-0.057,0.062
2.24490e-01,-0.057,0.062
2.24500e-01,-0.063,0.064
2.24510e-01,-0.059,0.062
2.24520e-01,-0.061,0.064
2.24530e-01,-0.059,0.062
2.24540e-01,-0.063,0.064
2.24550e-01,-0.061,0.064
2.24560e-01,-0.059,0.062
2.24570e-01,-0.061,0.068
2.24580e-01,-0.061,0.06
2.24590e-01,-0.061,0.062
2.24600e-01,-0.059,0.06
2.24610e-01,-0.061,0.064
2.24620e-01,-0.059,0.062
2.24630e-01,-0.061,0.066
2.24640e-01,-0.061,0.062
2.24650e-01,-0.061,0.064
2.24660e-01,-0.057,0.062
2.24670e-01,-0.059,0.064
2.24680e-01,-0.055,0.06
2.24690e-01,-0.057,0.062
2.24700e-01,-0.055,0.058
2.24710e-01,-0.033,0.044
2.24720e-01,-0.051,0.058
2.24730e-01,-0.041,0.048
2.24740e-01,-0.063,0.064
2.24750e-01,-0.055,0.056
2.24760e-01,-0.059,0.06
2.24770e-01,-0.065,0.06
2.24780e-01,-0.059,0.06
2.24790e-01,-0.059,0.064
2.24800e-01,-0.063,0.066
2.24810e-01,-0.061,0.07
2.24820e-01,-0.061,0.064
2.24830e-01,-0.061,0.064
2.24840e-01,-0.055,0.06
2.24850e-01,-0.055,0.062
2.24860e-01,-0.063,0.062
2.24870e-01,-0.057,0.062
2.24880e-01,-0.061,0.064
2.24890e-01,-0.061,0.064
2.24900e-01,-0.061,0.066
2.24910e-01,-0.063,0.064
2.24920e-01,-0.065,0.064
2.24930e-01,-0.063,0.064
2.24940e-01,-0.057,0.064
2.24950e-01,-0.057,0.064
2.24960e-01,-0.061,0.066
2.24970e-01,-0.061,0.068
2.24980e-01,-0.061,0.062
2.24990e-01,-0.057,0.064
2.25000e-01,-0.061,0.062
2.25010e-01,-0.063,0.064
2.25020e-01,-0.061,0.064
2.25030e-01,-0.059,0.06
2.25040e-01,-0.055,0.06
2.25050e-01,-0.065,0.06
2.25060e-01,-0.055,0.06
2.25070e-01,-0.059,0.06
2.25080e-01,-0.061,0.062
2.25090e-01,-0.061,0.06
2.25100e-01,-0.055,0.06
2.25110e-01,-0.053,0.06
2.25120e-01,-0.061,0.064
2.25130e-01,-0.061,0.062
2.25140e-01,-0.063,0.066
2.25150e-01,-0.057,0.062
2.25160e-01,-0.057,0.06
2.25170e-01,-0.057,0.064
2.25180e-01,-0.059,0.062
2.25190e-01,-0.061,0.064
2.25200e-01,-0.055,0.06
2.25210e-01,-0.057,0.06
2.25220e-01,-0.057,0.06
2.25230e-01,-0.061,0.062
2.25240e-01,-0.055,0.058
2.25250e-01,-0.055,0.06
2.25260e-01,-0.067,0.064
2.25270e-01,-0.059,0.064
2.25280e-01,-0.061,0.064
2.25290e-01,-0.063,0.064
2.25300e-01,-0.061,0.064
2.25310e-01,-0.061,0.062
2.25320e-01,-0.061,0.062
2.25330e-01,-0.059,0.064
2.25340e-01,-0.059,0.062
2.25350e-01,-0.061,0.062
2.25360e-01,-0.061,0.062
2.25370e-01,-0.061,0.066
2.25380e-01,-0.061,0.064
2.25390e-01,-0.067,0.064
2.25400e-01,-0.059,0.064
2.25410e-01,-0.059,0.064
2.25420e-01,-0.061,0.066
2.25430e-01,-0.061,0.066
2.25440e-01,-0.063,0.064
2.25450e-01,-0.059,0.06
2.25460e-01,-0.057,0.064
2.25470e-01,-0.057,0.06
2.25480e-01,-0.061,0.068
2.25490e-01,-0.061,0.066
2.25500e-01,-0.063,0.06
2.25510e-01,-0.055,0.06
2.25520e-01,-0.061,0.062
2.25530e-01,-0.059,0.064
2.25540e-01,-0.063,0.064
2.25550e-01,-0.059,0.06
2.25560e-01,-0.059,0.062
2.25570e-01,-0.045,0.052
2.25580e-01,-0.063,0.062
2.25590e-01,-0.057,0.06
2.25600e-01,-0.059,0.066
2.25610e-01,-0.059,0.064
2.25620e-01,-0.063,0.062
2.25630e-01,-0.065,0.062
2.25640e-01,-0.061,0.062
2.25650e-01,-0.061,0.064
2.25660e-01,-0.061,0.064
2.25670e-01,-0.059,0.06
2.25680e-01,-0.055,0.058
2.25690e-01,-0.049,0.054
2.25700e-01,-0.055,0.06
2.25710e-01,-0.055,0.06
2.25720e-01,-0.061,0.066
2.25730e-01,-0.063,0.066
2.25740e-01,-0.061,0.064
2.25750e-01,-0.061,0.066
2.25760e-01,-0.055,0.064
2.25770e-01,-0.061,0.062
2.25780e-01,-0.061,0.064
2.25790e-01,-0.063,0.066
2.25800e-01,-0.059,0.064
2.25810e-01,-0.059,0.064
2.25820e-01,-0.059,0.062
2.25830e-01,-0.061,0.062
2.25840e-01,-0.061,0.064
2.25850e-01,-0.061,0.064
2.25860e-01,-0.065,0.064
2.25870e-01,-0.059,0.062
2.25880e-01,-0.063,0.066
2.25890e-01,-0.059,0.06
2.25900e-01,-0.061,0.06
2.25910e-01,-0.059,0.064
2.25920e-01,-0.063,0.064
2.25930e-01,-0.059,0.064
2.25940e-01,-0.053,0.056
2.25950e-01,-0.059,0.06
2.25960e-01,-0.059,0.062
2.25970e-01,-0.061,0.064
2.25980e-01,-0.057,0.062
2.25990e-01,-0.063,0.064
2.26000e-01,-0.059,0.062
2.26010e-01,-0.059,0.066
2.26020e-01,-0.059,0.064
2.26030e-01,-0.059,0.062
2.26040e-01,-0.059,0.062
2.26050e-01,-0.059,0.062
2.26060e-01,-0.057,0.06
2.26070e-01,-0.061,0.062
2.26080e-01,-0.061,0.062
2.26090e-01,-0.061,0.064
2.26100e-01,-0.059,0.064
2.26110e-01,-0.063,0.066
2.26120e-01,-0.053,0.056
2.26130e-01,-0.061,0.062
2.26140e-01,-0.057,0.062
2.26150e-01,-0.061,0.064
2.26160e-01,-0.059,0.06
2.26170e-01,-0.063,0.064
2.26180e-01,-0.061,0.064
2.26190e-01,-0.061,0.064
2.26200e-01,-0.059,0.062
2.26210e-01,-0.061,0.064
2.26220e-01,-0.063,0.066
2.26230e-01,-0.055,0.058
2.26240e-01,-0.059,0.064
2.26250e-01,-0.057,0.06
2.26260e-01,-0.059,0.062
2.26270e-01,-0.061,0.066
2.26280e-01,-0.053,0.056
2.26290e-01,-0.059,0.06
2.26300e-01,-0.057,0.06
2.26310e-01,-0.063,0.062
2.26320e-01,-0.063,0.066
2.26330e-01,-0.061,0.064
2.26340e-01,-0.057,0.064
2.26350e-01,-0.061,0.064
2.26360e-01,-0.061,0.064
2.26370e-01,-0.063,0.066
2.26380e-01,-0.061,0.064
2.26390e-01,-0.063,0.062
2.26400e-01,-0.057,0.06
2.26410e-01,-0.061,0.06
2.26420e-01,-0.057,0.064
2.26430e-01,-0.057,0.06
2.26440e-01,-0.065,0.06
2.26450e-01,-0.061,0.062
2.26460e-01,-0.059,0.064
2.26470e-01,-0.063,0.062
2.26480e-01,-0.061,0.064
2.26490e-01,-0.061,0.064
2.26500e-01,-0.055,0.06
2.26510e-01,-0.061,0.062
2.26520e-01,-0.059,0.064
2.26530e-01,-0.063,0.064
2.26540e-01,-0.065,0.064
2.26550e-01,-0.059,0.064
2.26560e-01,-0.063,0.066
2.26570e-01,-0.059,0.064
2.26580e-01,-0.063,0.066
2.26590e-01,-0.065,0.064
2.26600e-01,-0.065,0.066
2.26610e-01,-0.061,0.062
2.26620e-01,-0.061,0.064
2.26630e-01,-0.053,0.06
2.26640e-01,-0.063,0.064
2.26650e-01,-0.059,0.066
2.26660e-01,-0.057,0.06
2.26670e-01,-0.063,0.062
2.26680e-01,-0.063,0.064
2.26690e-01,-0.055,0.06
2.26700e-01,-0.063,0.066
2.26710e-01,-0.063,0.062
2.26720e-01,-0.059,0.062
2.26730e-01,-0.063,0.064
2.26740e-01,-0.059,0.06
2.26750e-01,-0.059,0.064
2.26760e-01,-0.061,0.064
2.26770e-01,-0.051,0.054
2.26780e-01,-0.047,0.058
2.26790e-01,-0.043,0.046
2.26800e-01,-0.055,0.06
2.26810e-01,-0.057,0.06
2.26820e-01,-0.061,0.062
2.26830e-01,-0.063,0.064
2.26840e-01,-0.059,0.064
2.26850e-01,-0.051,0.058
2.26860e-01,-0.053,0.06
2.26870e-01,-0.049,0.054
2.26880e-01,-0.055,0.06
2.26890e-01,-0.061,0.062
2.26900e-01,-0.061,0.066
2.26910e-01,-0.061,0.064
2.26920e-01,-0.063,0.064
2.26930e-01,-0.059,0.066
2.26940e-01,-0.065,0.064
2.26950e-01,-0.061,0.066
2.26960e-01,-0.063,0.062
2.26970e-01,-0.061,0.062
2.26980e-01,-0.065,0.064
2.26990e-01,-0.061,0.064
2.27000e-01,-0.061,0.064
2.27010e-01,-0.055,0.064
2.27020e-01,-0.059,0.064
2.27030e-01,-0.061,0.064
2.27040e-01,-0.065,0.066
2.27050e-01,-0.063,0.066
2.27060e-01,-0.061,0.062
2.27070e-01,-0.063,0.064
2.27080e-01,-0.061,0.06
2.27090e-01,-0.057,0.06
2.27100e-01,-0.065,0.066
2.27110e-01,-0.059,0.064
2.27120e-01,-0.065,0.066
2.27130e-01,-0.059,0.06
2.27140e-01,-0.055,0.06
2.27150e-01,-0.059,0.062
2.27160e-01,-0.061,0.06
2.27170e-01,-0.059,0.064
2.27180e-01,-0.061,0.066
2.27190e-01,-0.063,0.062
2.27200e-01,-0.059,0.06
2.27210e-01,-0.061,0.066
2.27220e-01,-0.061,0.062
2.27230e-01,-0.061,0.064
2.27240e-01,-0.057,0.06
2.27250e-01,-0.059,0.064
2.27260e-01,-0.061,0.062
2.27270e-01,-0.061,0.062
2.27280e-01,-0.057,0.064
2.27290e-01,-0.059,0.064
2.27300e-01,-0.061,0.066
2.27310e-01,-0.063,0.064
2.27320e-01,-0.061,0.062
2.27330e-01,-0.061,0.064
2.27340e-01,-0.061,0.062
2.27350e-01,-0.059,0.064
2.27360e-01,-0.063,0.066
2.27370e-01,-0.055,0.06
2.27380e-01,-0.055,0.06
2.27390e-01,-0.057,0.058
2.27400e-01,-0.045,0.05
2.27410e-01,-0.055,0.056
2.27420e-01,-0.055,0.062
2.27430e-01,-0.061,0.06
2.27440e-01,-0.055,0.06
2.27450e-01,-0.053,0.058
2.27460e-01,-0.051,0.058
2.27470e-01,-0.059,0.064
2.27480e-01,-0.061,0.066
2.27490e-01,-0.059,0.062
2.27500e-01,-0.057,0.064
2.27510e-01,-0.055,0.062
2.27520e-01,-0.061,0.064
2.27530e-01,-0.063,0.064
2.27540e-01,-0.059,0.06
2.27550e-01,-0.057,0.064
2.27560e-01,-0.053,0.058
2.27570e-01,-0.057,0.062
2.27580e-01,-0.063,0.064
2.27590e-01,-0.059,0.064
2.27600e-01,-0.061,0.064
2.27610e-01,-0.061,0.068
2.27620e-01,-0.063,0.064
2.27630e-01,-0.059,0.062
2.27640e-01,-0.055,0.062
2.27650e-01,-0.059,0.064
2.27660e-01,-0.053,0.056
2.27670e-01,-0.061,0.064
2.27680e-01,-0.059,0.06
2.27690e-01,-0.059,0.064
2.27700e-01,-0.061,0.064
2.27710e-01,-0.065,0.064
2.27720e-01,-0.055,0.058
2.27730e-01,-0.059,0.06
2.27740e-01,-0.043,0.052
2.27750e-01,-0.057,0.066
2.27760e-01,-0.045,0.052
2.27770e-01,-0.059,0.064
2.27780e-01,-0.047,0.052
2.27790e-01,-0.063,0.064
2.27800e-01,-0.055,0.062
2.27810e-01,-0.059,0.06
2.27820e-01,-0.063,0.066
2.27830e-01,-0.063,0.064
2.27840e-01,-0.061,0.068
2.27850e-01,-0.055,0.058
2.27860e-01,-0.061,0.06
2.27870e-01,-0.053,0.058
2.27880e-01,-0.061,0.064
2.27890e-01,-0.059,0.06
2.27900e-01,-0.055,0.062
2.27910e-01,-0.049,0.058
2.27920e-01,-0.063,0.062
2.27930e-01,-0.061,0.062
2.27940e-01,-0.063,0.066
2.27950e-01,-0.063,0.06
2.27960e-01,-0.059,0.064
2.27970e-01,-0.059,0.062
2.27980e-01,-0.059,0.064
2.27990e-01,-0.059,0.064
2.28000e-01,-0.063,0.066
2.28010e-01,-0.063,0.064
2.28020e-01,-0.061,0.064
2.28030e-01,-0.059,0.066
2.28040e-01,-0.061,0.06
2.28050e-01,-0.059,0.064
2.28060e-01,-0.059,0.062
2.28070e-01,-0.061,0.064
2.28080e-01,-0.059,0.066
2.28090e-01,-0.057,0.062
2.28100e-01,-0.055,0.058
2.28110e-01,-0.061,0.064
2.28120e-01,-0.057,0.062
2.28130e-01,-0.059,0.068
2.28140e-01,-0.059,0.064
2.28150e-01,-0.053,0.058
2.28160e-01,-0.059,0.06
2.28170e-01,-0.057,0.058
2.28180e-01,-0.063,0.062
2.28190e-01,-0.061,0.06
2.28200e-01,-0.053,0.06
2.28210e-01,-0.053,0.056
2.28220e-01,-0.049,0.056
2.28230e-01,-0.063,0.062
2.28240e-01,-0.051,0.054
2.28250e-01,-0.045,0.046
2.28260e-01,-0.035,0.044
2.28270e-01,-0.055,0.058
2.28280e-01,-0.033,0.038
2.28290e-01,-0.049,0.054
2.28300e-01,-0.053,0.056
2.28310e-01,-0.061,0.062
2.28320e-01,-0.057,0.062
2.28330e-01,-0.061,0.064
2.28340e-01,-0.061,0.066
2.28350e-01,-0.055,0.06
2.28360e-01,-0.051,0.056
2.28370e-01,-0.059,0.062
2.28380e-01,-0.055,0.064
2.28390e-01,-0.049,0.048
2.28400e-01,-0.061,0.064
2.28410e-01,-0.059,0.062
2.28420e-01,-0.061,0.064
2.28430e-01,-0.061,0.066
2.28440e-01,-0.059,0.062
2.28450e-01,-0.061,0.062
2.28460e-01,-0.065,0.064
2.28470e-01,-0.061,0.066
2.28480e-01,-0.061,0.062
2.28490e-01,-0.063,0.062
2.28500e-01,-0.049,0.054
2.28510e-01,-0.063,0.062
2.28520e-01,-0.057,0.06
2.28530e-01,-0.059,0.06
2.28540e-01,-0.055,0.06
2.28550e-01,-0.059,0.062
2.28560e-01,-0.055,0.058
2.28570e-01,-0.061,0.062
2.28580e-01,-0.063,0.066
2.28590e-01,-0.063,0.064
2.28600e-01,-0.063,0.064
2.28610e-01,-0.061,0.064
2.28620e-01,-0.063,0.062
2.28630e-01,-0.063,0.06
2.28640e-01,-0.061,0.062
2.28650e-01,-0.061,0.06
2.28660e-01,-0.061,0.062
2.28670e-01,-0.061,0.062
2.28680e-01,-0.061,0.064
2.28690e-01,-0.061,0.062
2.28700e-01,-0.061,0.064
2.28710e-01,-0.055,0.06
2.28720e-01,-0.059,0.062
2.28730e-01,-0.059,0.06
2.28740e-01,-0.059,0.064
2.28750e-01,-0.057,0.06
2.28760e-01,-0.063,0.066
2.28770e-01,-0.061,0.062
2.28780e-01,-0.055,0.06
2.28790e-01,-0.055,0.058
2.28800e-01,-0.055,0.058
2.28810e-01,-0.051,0.056
2.28820e-01,-0.053,0.054
2.28830e-01,-0.059,0.06
2.28840e-01,-0.059,0.062
2.28850e-01,-0.059,0.062
2.28860e-01,-0.057,0.062
2.28870e-01,-0.061,0.064
2.28880e-01,-0.061,0.068
2.28890e-01,-0.061,0.062
2.28900e-01,-0.057,0.064
2.28910e-01,-0.057,0.06
2.28920e-01,-0.059,0.06
2.28930e-01,-0.057,0.06
2.28940e-01,-0.059,0.064
2.28950e-01,-0.059,0.06
2.28960e-01,-0.057,0.06
2.28970e-01,-0.059,0.062
2.28980e-01,-0.059,0.062
2.28990e-01,-0.063,0.064
2.29000e-01,-0.065,0.062
2.29010e-01,-0.057,0.058
2.29020e-01,-0.063,0.064
2.29030e-01,-0.063,0.066
2.29040e-01,-0.063,0.062
2.29050e-01,-0.057,0.064
2.29060e-01,-0.057,0.06
2.29070e-01,-0.051,0.062
2.29080e-01,-0.055,0.058
2.29090e-01,-0.057,0.062
2.29100e-01,-0.059,0.064
2.29110e-01,-0.061,0.064
2.29120e-01,-0.057,0.06
2.29130e-01,-0.059,0.064
2.29140e-01,-0.061,0.064
2.29150e-01,-0.061,0.066
2.29160e-01,-0.065,0.064
2.29170e-01,-0.061,0.064
2.29180e-01,-0.061,0.062
2.29190e-01,-0.061,0.064
2.29200e-01,-0.055,0.06
2.29210e-01,-0.049,0.056
2.29220e-01,-0.051,0.054
2.29230e-01,-0.053,0.052
2.29240e-01,-0.059,0.066
2.29250e-01,-0.061,0.066
2.29260e-01,-0.059,0.064
2.29270e-01,-0.061,0.064
2.29280e-01,-0.059,0.062
2.29290e-01,-0.057,0.062
2.29300e-01,-0.053,0.06
2.29310e-01,-0.059,0.062
2.29320e-01,-0.059,0.066
2.29330e-01,-0.059,0.06
2.29340e-01,-0.059,0.064
2.29350e-01,-0.063,0.068
2.29360e-01,-0.061,0.06
2.29370e-01,-0.057,0.06
2.29380e-01,-0.061,0.064
2.29390e-01,-0.061,0.064
2.29400e-01,-0.067,0.064
2.29410e-01,-0.055,0.066
2.29420e-01,-0.061,0.062
2.29430e-01,-0.059,0.066
2.29440e-01,-0.061,0.06
2.29450e-01,-0.063,0.062
2.29460e-01,-0.051,0.056
2.29470e-01,-0.061,0.064
2.29480e-01,-0.061,0.062
2.29490e-01,-0.061,0.062
2.29500e-01,-0.065,0.064
2.29510e-01,-0.061,0.066
2.29520e-01,-0.059,0.064
2.29530e-01,-0.059,0.062
2.29540e-01,-0.063,0.062
2.29550e-01,-0.061,0.066
2.29560e-01,-0.063,0.064
2.29570e-01,-0.057,0.062
2.29580e-01,-0.057,0.064
2.29590e-01,-0.049,0.052
2.29600e-01,-0.055,0.056
2.29610e-01,-0.055,0.058
2.29620e-01,-0.061,0.062
2.29630e-01,-0.059,0.06
2.29640e-01,-0.059,0.064
2.29650e-01,-0.061,0.064
2.29660e-01,-0.061,0.064
2.29670e-01,-0.061,0.064
2.29680e-01,-0.061,0.064
2.29690e-01,-0.061,0.064
2.29700e-01,-0.063,0.06
2.29710e-01,-0.063,0.066
2.29720e-01,-0.059,0.062
2.29730e-01,-0.059,0.06
2.29740e-01,-0.057,0.06
2.29750e-01,-0.053,0.054
2.29760e-01,-0.061,0.064
2.29770e-01,-0.049,0.054
2.29780e-01,-0.059,0.064
2.29790e-01,-0.061,0.068
2.29800e-01,-0.061,0.06
2.29810e-01,-0.059,0.06
2.29820e-01,-0.057,0.064
2.29830e-01,-0.061,0.062
2.29840e-01,-0.063,0.064
2.29850e-01,-0.059,0.064
2.29860e-01,-0.063,0.064
2.29870e-01,-0.063,0.066
2.29880e-01,-0.059,0.064
2.29890e-01,-0.063,0.064
2.29900e-01,-0.061,0.062
2.29910e-01,-0.063,0.064
2.29920e-01,-0.063,0.062
2.29930e-01,-0.059,0.062
2.29940e-01,-0.059,0.064
2.29950e-01,-0.059,0.064
2.29960e-01,-0.061,0.06
2.29970e-01,-0.061,0.066
2.29980e-01,-0.057,0.064
2.29990e-01,-0.061,0.062
2.30000e-01,-0.059,0.064
2.30010e-01,-0.057,0.06
2.30020e-01,-0.063,0.066
2.30030e-01,-0.061,0.064
2.30040e-01,-0.055,0.06
2.30050e-01,-0.061,0.064
2.30060e-01,-0.061,0.06
2.30070e-01,-0.057,0.06
2.30080e-01,-0.061,0.066
2.30090e-01,-0.051,0.052
2.30100e-01,-0.057,0.06
2.30110e-01,-0.061,0.064
2.30120e-01,-0.049,0.054
2.30130e-01,-0.061,0.06
2.30140e-01,-0.051,0.052
2.30150e-01,-0.059,0.064
2.30160e-01,-0.063,0.064
2.30170e-01,-0.065,0.064
2.30180e-01,-0.063,0.064
2.30190e-01,-0.055,0.06
2.30200e-01,-0.057,0.06
2.30210e-01,-0.045,0.052
2.30220e-01,-0.047,0.056
2.30230e-01,-0.051,0.056
2.30240e-01,-0.063,0.066
2.30250e-01,-0.061,0.062
2.30260e-01,-0.063,0.064
2.30270e-01,-0.059,0.066
2.30280e-01,-0.055,0.06
2.30290e-01,-0.061,0.062
2.30300e-01,-0.057,0.06
2.30310e-01,-0.065,0.068
2.30320e-01,-0.061,0.066
2.30330e-01,-0.061,0.064
2.30340e-01,-0.063,0.064
2.30350e-01,-0.063,0.066
2.30360e-01,-0.061,0.064
2.30370e-01,-0.057,0.06
2.30380e-01,-0.063,0.064
2.30390e-01,-0.061,0.06
2.30400e-01,-0.053,0.06
2.30410e-01,-0.057,0.06
2.30420e-01,-0.059,0.064
2.30430e-01,-0.053,0.058
2.30440e-01,-0.057,0.066
2.30450e-01,-0.059,0.06
2.30460e-01,-0.059,0.06
2.30470e-01,-0.061,0.06
2.30480e-01,-0.063,0.062
2.30490e-01,-0.059,0.062
2.30500e-01,-0.053,0.06
2.30510e-01,-0.053,0.058
2.30520e-01,-0.039,0.048
2.30530e-01,-0.059,0.064
2.30540e-01,-0.059,0.064
2.30550e-01,-0.059,0.064
2.30560e-01,-0.061,0.064
2.30570e-01,-0.059,0.062
2.30580e-01,-0.063,0.064
2.30590e-01,-0.059,0.064
2.30600e-01,-0.059,0.064
2.30610e-01,-0.059,0.062
2.30620e-01,-0.059,0.062
2.30630e-01,-0.063,0.064
2.30640e-01,-0.055,0.058
2.30650e-01,-0.063,0.066
2.30660e-01,-0.057,0.06
2.30670e-01,-0.063,0.062
2.30680e-01,-0.061,0.062
2.30690e-01,-0.065,0.062
2.30700e-01,-0.063,0.064
2.30710e-01,-0.061,0.062
2.30720e-01,-0.063,0.064
2.30730e-01,-0.063,0.066
2.30740e-01,-0.055,0.056
2.30750e-01,-0.063,0.064
2.30760e-01,-0.059,0.062
2.30770e-01,-0.059,0.06
2.30780e-01,-0.063,0.062
2.30790e-01,-0.053,0.06
2.30800e-01,-0.059,0.06
2.30810e-01,-0.061,0.064
2.30820e-01,-0.063,0.064
2.30830e-01,-0.061,0.062
2.30840e-01,-0.059,0.066
2.30850e-01,-0.061,0.064
2.30860e-01,-0.059,0.062
2.30870e-01,-0.057,0.058
2.30880e-01,-0.061,0.064
2.30890e-01,-0.057,0.06
2.30900e-01,-0.057,0.06
2.30910e-01,-0.061,0.058
2.30920e-01,-0.057,0.06
2.30930e-01,-0.059,0.062
2.30940e-01,-0.055,0.058
2.30950e-01,-0.059,0.058
2.30960e-01,-0.057,0.06
2.30970e-01,-0.061,0.064
2.30980e-01,-0.063,0.062
2.30990e-01,-0.059,0.066
2.31000e-01,-0.057,0.058
2.31010e-01,-0.059,0.058
2.31020e-01,-0.041,0.044
2.31030e-01,-0.057,0.064
2.31040e-01,-0.063,0.068
2.31050e-01,-0.063,0.064
2.31060e-01,-0.057,0.062
2.31070e-01,-0.061,0.064
2.31080e-01,-0.047,0.056
2.31090e-01,-0.057,0.06
2.31100e-01,-0.061,0.066
2.31110e-01,-0.059,0.064
2.31120e-01,-0.063,0.062
2.31130e-01,-0.059,0.062
2.31140e-01,-0.061,0.068
2.31150e-01,-0.061,0.064
2.31160e-01,-0.061,0.064
2.31170e-01,-0.055,0.054
2.31180e-01,-0.061,0.066
2.31190e-01,-0.061,0.062
2.31200e-01,-0.065,0.062
2.31210e-01,-0.059,0.06
2.31220e-01,-0.061,0.064
2.31230e-01,-0.061,0.064
2.31240e-01,-0.055,0.058
2.31250e-01,-0.059,0.062
2.31260e-01,-0.059,0.066
2.31270e-01,-0.059,0.066
2.31280e-01,-0.063,0.064
2.31290e-01,-0.063,0.062
2.31300e-01,-0.057,0.06
2.31310e-01,-0.061,0.064
2.31320e-01,-0.059,0.062
2.31330e-01,-0.057,0.062
2.31340e-01,-0.063,0.062
2.31350e-01,-0.061,0.064
2.31360e-01,-0.051,0.056
2.31370e-01,-0.059,0.064
2.31380e-01,-0.059,0.066
2.31390e-01,-0.057,0.058
2.31400e-01,-0.063,0.062
2.31410e-01,-0.057,0.06
2.31420e-01,-0.057,0.06
2.31430e-01,-0.059,0.06
2.31440e-01,-0.059,0.064
2.31450e-01,-0.053,0.056
2.31460e-01,-0.059,0.064
2.31470e-01,-0.059,0.06
2.31480e-01,-0.063,0.064
2.31490e-01,-0.061,0.064
2.31500e-01,-0.061,0.064
2.31510e-01,-0.051,0.052
2.31520e-01,-0.055,0.06
2.31530e-01,-0.057,0.06
2.31540e-01,-0.057,0.064
2.31550e-01,-0.057,0.06
2.31560e-01,-0.063,0.066
2.31570e-01,-0.059,0.064
2.31580e-01,-0.043,0.05
2.31590e-01,-0.059,0.06
2.31600e-01,-0.055,0.06
2.31610e-01,-0.057,0.062
2.31620e-01,-0.053,0.058
2.31630e-01,-0.059,0.064
2.31640e-01,-0.061,0.066
2.31650e-01,-0.063,0.066
2.31660e-01,-0.059,0.064
2.31670e-01,-0.063,0.06
2.31680e-01,-0.061,0.066
2.31690e-01,-0.059,0.062
2.31700e-01,-0.061,0.062
2.31710e-01,-0.063,0.066
2.31720e-01,-0.061,0.066
2.31730e-01,-0.063,0.064
2.31740e-01,-0.057,0.06
2.31750e-01,-0.059,0.062
2.31760e-01,-0.043,0.046
2.31770e-01,-0.063,0.064
2.31780e-01,-0.053,0.058
2.31790e-01,-0.055,0.058
2.31800e-01,-0.055,0.064
2.31810e-01,-0.061,0.064
2.31820e-01,-0.053,0.06
2.31830e-01,-0.061,0.064
2.31840e-01,-0.055,0.06
2.31850e-01,-0.061,0.062
2.31860e-01,-0.061,0.06
2.31870e-01,-0.055,0.056
2.31880e-01,-0.061,0.066
2.31890e-01,-0.059,0.06
2.31900e-01,-0.057,0.06
2.31910e-01,-0.049,0.052
2.31920e-01,-0.057,0.062
2.31930e-01,-0.059,0.06
2.31940e-01,-0.059,0.062
2.31950e-01,-0.057,0.054
2.31960e-01,-0.057,0.06
2.31970e-01,-0.057,0.062
2.31980e-01,-0.061,0.064
2.31990e-01,-0.063,0.062
2.32000e-01,-0.063,0.062
2.32010e-01,-0.057,0.062
2.32020e-01,-0.061,0.066
2.32030e-01,-0.051,0.056
2.32040e-01,-0.061,0.062
2.32050e-01,-0.053,0.058
2.32060e-01,-0.063,0.06
2.32070e-01,-0.059,0.06
2.32080e-01,-0.059,0.064
2.32090e-01,-0.059,0.064
2.32100e-01,-0.053,0.06
2.32110e-01,-0.059,0.062
2.32120e-01,-0.055,0.06
2.32130e-01,-0.061,0.064
2.32140e-01,-0.061,0.064
2.32150e-01,-0.059,0.066
2.32160e-01,-0.063,0.064
2.32170e-01,-0.061,0.062
2.32180e-01,-0.059,0.064
2.32190e-01,-0.061,0.062
2.32200e-01,-0.063,0.068
2.32210e-01,-0.061,0.06
2.32220e-01,-0.059,0.064
2.32230e-01,-0.059,0.062
2.32240e-01,-0.059,0.064
2.32250e-01,-0.047,0.048
2.32260e-01,-0.059,0.06
2.32270e-01,-0.057,0.062
2.32280e-01,-0.059,0.064
2.32290e-01,-0.059,0.064
2.32300e-01,-0.057,0.062
2.32310e-01,-0.057,0.064
2.32320e-01,-0.063,0.06
2.32330e-01,-0.057,0.06
2.32340e-01,-0.059,0.064
2.32350e-01,-0.055,0.06
2.32360e-01,-0.061,0.064
2.32370e-01,-0.049,0.054
2.32380e-01,-0.063,0.062
2.32390e-01,-0.063,0.064
2.32400e-01,-0.059,0.06
2.32410e-01,-0.059,0.06
2.32420e-01,-0.059,0.062
2.32430e-01,-0.061,0.062
2.32440e-01,-0.065,0.064
2.32450e-01,-0.061,0.064
2.32460e-01,-0.059,0.062
2.32470e-01,-0.059,0.06
2.32480e-01,-0.047,0.054
2.32490e-01,-0.059,0.058
2.32500e-01,-0.067,0.068
2.32510e-01,-0.063,0.062
2.32520e-01,-0.065,0.064
2.32530e-01,-0.059,0.062
2.32540e-01,-0.059,0.064
2.32550e-01,-0.057,0.06
2.32560e-01,-0.059,0.064
2.32570e-01,-0.059,0.062
2.32580e-01,-0.061,0.062
2.32590e-01,-0.061,0.064
2.32600e-01,-0.059,0.066
2.32610e-01,-0.057,0.06
2.32620e-01,-0.059,0.06
2.32630e-01,-0.051,0.058
2.32640e-01,-0.047,0.054
2.32650e-01,-0.055,0.052
2.32660e-01,-0.057,0.06
2.32670e-01,-0.057,0.06
2.32680e-01,-0.051,0.056
2.32690e-01,-0.055,0.06
2.32700e-01,-0.057,0.064
2.32710e-01,-0.057,0.062
2.32720e-01,-0.055,0.058
2.32730e-01,-0.055,0.06
2.32740e-01,-0.065,0.064
2.32750e-01,-0.061,0.064
2.32760e-01,-0.059,0.062
2.32770e-01,-0.061,0.066
2.32780e-01,-0.061,0.062
2.32790e-01,-0.053,0.056
2.32800e-01,-0.061,0.06
2.32810e-01,-0.061,0.066
2.32820e-01,-0.061,0.064
2.32830e-01,-0.063,0.064
2.32840e-01,-0.061,0.062
2.32850e-01,-0.061,0.066
2.32860e-01,-0.059,0.064
2.32870e-01,-0.059,0.06
2.32880e-01,-0.061,0.062
2.32890e-01,-0.061,0.062
2.32900e-01,-0.059,0.06
2.32910e-01,-0.061,0.06
2.32920e-01,-0.057,0.056
2.32930e-01,-0.063,0.062
2.32940e-01,-0.063,0.06
2.32950e-01,-0.061,0.062
2.32960e-01,-0.055,0.06
2.32970e-01,-0.061,0.064
2.32980e-01,-0.057,0.062
2.32990e-01,-0.057,0.062
2.33000e-01,-0.061,0.06
2.33010e-01,-0.063,0.064
2.33020e-01,-0.061,0.062
2.33030e-01,-0.057,0.058
2.33040e-01,-0.055,0.06
2.33050e-01,-0.041,0.046
2.33060e-01,-0.055,0.058
2.33070e-01,-0.055,0.058
2.33080e-01,-0.061,0.066
2.33090e-01,-0.059,0.066
2.33100e-01,-0.057,0.06
2.33110e-01,-0.063,0.062
2.33120e-01,-0.061,0.062
2.33130e-01,-0.059,0.062
2.33140e-01,-0.061,0.064
2.33150e-01,-0.061,0.06
2.33160e-01,-0.063,0.064
2.33170e-01,-0.059,0.066
2.33180e-01,-0.063,0.064
2.33190e-01,-0.057,0.056
2.33200e-01,-0.055,0.06
2.33210e-01,-0.057,0.06
2.33220e-01,-0.065,0.06
2.33230e-01,-0.061,0.064
2.33240e-01,-0.057,0.06
2.33250e-01,-0.061,0.062
2.33260e-01,-0.045,0.05
2.33270e-01,-0.059,0.064
2.33280e-01,-0.055,0.06
2.33290e-01,-0.059,0.064
2.33300e-01,-0.063,0.068
2.33310e-01,-0.059,0.06
2.33320e-01,-0.053,0.06
2.33330e-01,-0.061,0.062
2.33340e-01,-0.063,0.064
2.33350e-01,-0.059,0.064
2.33360e-01,-0.061,0.062
2.33370e-01,-0.051,0.052
2.33380e-01,-0.063,0.062
2.33390e-01,-0.053,0.052
2.33400e-01,-0.061,0.062
2.33410e-01,-0.053,0.06
2.33420e-01,-0.059,0.062
2.33430e-01,-0.057,0.06
2.33440e-01,-0.055,0.058
2.33450e-01,-0.043,0.054
2.33460e-01,-0.063,0.064
2.33470e-01,-0.057,0.06
2.33480e-01,-0.063,0.062
2.33490e-01,-0.057,0.064
2.33500e-01,-0.057,0.06
2.33510e-01,-0.061,0.06
2.33520e-01,-0.061,0.064
2.33530e-01,-0.059,0.06
2.33540e-01,-0.057,0.06
2.33550e-01,-0.059,0.064
2.33560e-01,-0.055,0.06
2.33570e-01,-0.055,0.06
2.33580e-01,-0.061,0.064
2.33590e-01,-0.059,0.066
2.33600e-01,-0.057,0.058
2.33610e-01,-0.059,0.062
2.33620e-01,-0.057,0.062
2.33630e-01,-0.061,0.068
2.33640e-01,-0.059,0.062
2.33650e-01,-0.061,0.064
2.33660e-01,-0.059,0.064
2.33670e-01,-0.061,0.064
2.33680e-01,-0.063,0.068
2.33690e-01,-0.063,0.064
2.33700e-01,-0.061,0.066
2.33710e-01,-0.059,0.064
2.33720e-01,-0.059,0.062
2.33730e-01,-0.057,0.066
2.33740e-01,-0.053,0.054
2.33750e-01,-0.061,0.062
2.33760e-01,-0.053,0.06
2.33770e-01,-0.061,0.066
2.33780e-01,-0.055,0.058
2.33790e-01,-0.053,0.056
2.33800e-01,-0.059,0.064
2.33810e-01,-0.045,0.048
2.33820e-01,-0.061,0.064
2.33830e-01,-0.057,0.062
2.33840e-01,-0.061,0.064
2.33850e-01,-0.059,0.06
2.33860e-01,-0.061,0.062
2.33870e-01,-0.057,0.06
2.33880e-01,-0.061,0.062
2.33890e-01,-0.061,0.064
2.33900e-01,-0.061,0.062
2.33910e-01,-0.061,0.064
2.33920e-01,-0.055,0.058
2.33930e-01,-0.057,0.06
2.33940e-01,-0.055,0.06
2.33950e-01,-0.051,0.06
2.33960e-01,-0.061,0.06
2.33970e-01,-0.059,0.064
2.33980e-01,-0.063,0.064
2.33990e-01,-0.063,0.062
2.34000e-01,-0.061,0.06
2.34010e-01,-0.059,0.064
2.34020e-01,-0.059,0.062
2.34030e-01,-0.059,0.064
2.34040e-01,-0.067,0.068
2.34050e-01,-0.053,0.06
2.34060e-01,-0.059,0.064
2.34070e-01,-0.057,0.062
2.34080e-01,-0.063,0.062
2.34090e-01,-0.059,0.062
2.34100e-01,-0.063,0.062
2.34110e-01,-0.055,0.056
2.34120e-01,-0.063,0.066
2.34130e-01,-0.053,0.054
2.34140e-01,-0.059,0.064
2.34150e-01,-0.061,0.06
2.34160e-01,-0.053,0.06
2.34170e-01,-0.051,0.054
2.34180e-01,-0.059,0.064
2.34190e-01,-0.057,0.06
2.34200e-01,-0.055,0.058
2.34210e-01,-0.059,0.066
2.34220e-01,-0.063,0.06
2.34230e-01,-0.057,0.062
2.34240e-01,-0.061,0.064
2.34250e-01,-0.061,0.064
2.34260e-01,-0.061,0.064
2.34270e-01,-0.037,0.046
2.34280e-01,-0.055,0.06
2.34290e-01,-0.059,0.06
2.34300e-01,-0.063,0.062
2.34310e-01,-0.061,0.066
2.34320e-01,-0.061,0.06
2.34330e-01,-0.063,0.064
2.34340e-01,-0.053,0.06
2.34350e-01,-0.063,0.064
2.34360e-01,-0.063,0.066
2.34370e-01,-0.057,0.06
2.34380e-01,-0.061,0.064
2.34390e-01,-0.053,0.058
2.34400e-01,-0.063,0.062
2.34410e-01,-0.061,0.06
2.34420e-01,-0.059,0.064
2.34430e-01,-0.055,0.058
2.34440e-01,-0.061,0.064
2.34450e-01,-0.063,0.062
2.34460e-01,-0.061,0.066
2.34470e-01,-0.059,0.062
2.34480e-01,-0.057,0.062
2.34490e-01,-0.051,0.054
2.34500e-01,-0.057,0.06
2.34510e-01,-0.063,0.06
2.34520e-01,-0.059,0.064
2.34530e-01,-0.061,0.066
2.34540e-01,-0.051,0.054
2.34550e-01,-0.061,0.066
2.34560e-01,-0.047,0.052
2.34570e-01,-0.063,0.06
2.34580e-01,-0.051,0.056
2.34590e-01,-0.059,0.068
2.34600e-01,-0.065,0.064
2.34610e-01,-0.063,0.066
2.34620e-01,-0.051,0.056
2.34630e-01,-0.061,0.06
2.34640e-01,-0.059,0.064
2.34650e-01,-0.061,0.062
2.34660e-01,-0.057,0.06
2.34670e-01,-0.059,0.062
2.34680e-01,-0.055,0.06
2.34690e-01,-0.061,0.064
2.34700e-01,-0.061,0.064
2.34710e-01,-0.061,0.064
2.34720e-01,-0.063,0.064
2.34730e-01,-0.051,0.054
2.34740e-01,-0.061,0.066
2.34750e-01,-0.061,0.064
2.34760e-01,-0.057,0.062
2.34770e-01,-0.059,0.066
2.34780e-01,-0.055,0.056
2.34790e-01,-0.063,0.062
2.34800e-01,-0.059,0.058
2.34810e-01,-0.059,0.064
2.34820e-01,-0.053,0.06
2.34830e-01,-0.061,0.066
2.34840e-01,-0.061,0.06
2.34850e-01,-0.061,0.066
2.34860e-01,-0.057,0.062
2.34870e-01,-0.061,0.062
2.34880e-01,-0.063,0.062
2.34890e-01,-0.049,0.058
2.34900e-01,-0.057,0.062
2.34910e-01,-0.055,0.06
2.34920e-01,-0.063,0.062
2.34930e-01,-0.057,0.056
2.34940e-01,-0.061,0.064
2.34950e-01,-0.059,0.064
2.34960e-01,-0.057,0.064
2.34970e-01,-0.057,0.062
2.34980e-01,-0.063,0.066
2.34990e-01,-0.061,0.066
2.35000e-01,-0.063,0.06
2.35010e-01,-0.063,0.064
2.35020e-01,-0.055,0.06
2.35030e-01,-0.063,0.064
2.35040e-01,-0.053,0.056
2.35050e-01,-0.059,0.062
2.35060e-01,-0.053,0.06
2.35070e-01,-0.063,0.064
2.35080e-01,-0.063,0.066
2.35090e-01,-0.061,0.062
2.35100e-01,-0.051,0.058
2.35110e-01,-0.061,0.064
2.35120e-01,-0.053,0.06
2.35130e-01,-0.061,0.066
2.35140e-01,-0.061,0.062
2.35150e-01,-0.063,0.064
2.35160e-01,-0.057,0.062
2.35170e-01,-0.061,0.062
2.35180e-01,-0.057,0.06
2.35190e-01,-0.057,0.058
2.35200e-01,-0.065,0.062
2.35210e-01,-0.057,0.06
2.35220e-01,-0.055,0.058
2.35230e-01,-0.053,0.058
2.35240e-01,-0.063,0.062
2.35250e-01,-0.055,0.06
2.35260e-01,-0.063,0.068
2.35270e-01,-0.059,0.06
2.35280e-01,-0.051,0.054
2.35290e-01,-0.065,0.062
2.35300e-01,-0.059,0.066
2.35310e-01,-0.057,0.064
2.35320e-01,-0.061,0.066
2.35330e-01,-0.055,0.062
2.35340e-01,-0.063,0.066
2.35350e-01,-0.057,0.058
2.35360e-01,-0.065,0.064
2.35370e-01,-0.061,0.062
2.35380e-01,-0.061,0.064
2.35390e-01,-0.059,0.062
2.35400e-01,-0.059,0.06
2.35410e-01,-0.057,0.062
2.35420e-01,-0.063,0.066
2.35430e-01,-0.051,0.052
2.35440e-01,-0.059,0.06
2.35450e-01,-0.063,0.062
2.35460e-01,-0.061,0.062
2.35470e-01,-0.063,0.064
2.35480e-01,-0.059,0.066
2.35490e-01,-0.063,0.062
2.35500e-01,-0.063,0.064
2.35510e-01,-0.059,0.062
2.35520e-01,-0.061,0.064
2.35530e-01,-0.057,0.06
2.35540e-01,-0.061,0.06
2.35550e-01,-0.059,0.064
2.35560e-01,-0.053,0.056
2.35570e-01,-0.059,0.062
2.35580e-01,-0.063,0.062
2.35590e-01,-0.049,0.054
2.35600e-01,-0.061,0.062
2.35610e-01,-0.059,0.062
2.35620e-01,-0.063,0.064
2.35630e-01,-0.057,0.06
2.35640e-01,-0.065,0.062
2.35650e-01,-0.059,0.06
2.35660e-01,-0.065,0.062
2.35670e-01,-0.057,0.06
2.35680e-01,-0.059,0.06
2.35690e-01,-0.065,0.062
2.35700e-01,-0.053,0.058
2.35710e-01,-0.061,0.064
2.35720e-01,-0.049,0.052
2.35730e-01,-0.059,0.06
2.35740e-01,-0.061,0.064
2.35750e-01,-0.061,0.064
2.35760e-01,-0.061,0.064
2.35770e-01,-0.053,0.06
2.35780e-01,-0.059,0.062
2.35790e-01,-0.059,0.06
2.35800e-01,-0.061,0.062
2.35810e-01,-0.061,0.064
2.35820e-01,-0.059,0.066
2.35830e-01,-0.061,0.062
2.35840e-01,-0.055,0.058
2.35850e-01,-0.057,0.062
2.35860e-01,-0.057,0.06
2.35870e-01,-0.059,0.066
2.35880e-01,-0.063,0.062
2.35890e-01,-0.061,0.062
2.35900e-01,-0.059,0.06
2.35910e-01,-0.057,0.06
2.35920e-01,-0.063,0.064
2.35930e-01,-0.059,0.062
2.35940e-01,-0.051,0.056
2.35950e-01,-0.061,0.06
2.35960e-01,-0.059,0.06
2.35970e-01,-0.059,0.06
2.35980e-01,-0.051,0.058
2.35990e-01,-0.059,0.064
2.36000e-01,-0.051,0.056
2.36010e-01,-0.065,0.068
2.36020e-01,-0.053,0.054
2.36030e-01,-0.059,0.062
2.36040e-01,-0.057,0.06
2.36050e-01,-0.057,0.058
2.36060e-01,-0.055,0.06
2.36070e-01,-0.059,0.062
2.36080e-01,-0.063,0.064
2.36090e-01,-0.055,0.058
2.36100e-01,-0.061,0.064
2.36110e-01,-0.053,0.058
2.36120e-01,-0.047,0.048
2.36130e-01,-0.059,0.064
2.36140e-01,-0.059,0.06
2.36150e-01,-0.059,0.06
2.36160e-01,-0.063,0.064
2.36170e-01,-0.055,0.06
2.36180e-01,-0.061,0.06
2.36190e-01,-0.059,0.062
2.36200e-01,-0.061,0.064
2.36210e-01,-0.057,0.06
2.36220e-01,-0.061,0.064
2.36230e-01,-0.053,0.058
2.36240e-01,-0.057,0.06
2.36250e-01,-0.061,0.062
2.36260e-01,-0.061,0.062
2.36270e-01,-0.051,0.056
2.36280e-01,-0.049,0.052
2.36290e-01,-0.063,0.06
2.36300e-01,-0.059,0.062
2.36310e-01,-0.061,0.06
2.36320e-01,-0.061,0.062
2.36330e-01,-0.061,0.062
2.36340e-01,-0.065,0.064
2.36350e-01,-0.063,0.066
2.36360e-01,-0.057,0.06
2.36370e-01,-0.055,0.058
2.36380e-01,-0.061,0.062
2.36390e-01,-0.063,0.062
2.36400e-01,-0.061,0.068
2.36410e-01,-0.059,0.06
2.36420e-01,-0.063,0.066
2.36430e-01,-0.043,0.05
2.36440e-01,-0.065,0.062
2.36450e-01,-0.039,0.05
2.36460e-01,-0.059,0.064
2.36470e-01,-0.053,0.06
2.36480e-01,-0.061,0.06
2.36490e-01,-0.049,0.056
2.36500e-01,-0.055,0.06
2.36510e-01,-0.061,0.064
2.36520e-01,-0.059,0.064
2.36530e-01,-0.065,0.066
2.36540e-01,-0.059,0.06
2.36550e-01,-0.059,0.062
2.36560e-01,-0.061,0.066
2.36570e-01,-0.055,0.06
2.36580e-01,-0.063,0.064
2.36590e-01,-0.057,0.064
2.36600e-01,-0.063,0.06
2.36610e-01,-0.057,0.06
2.36620e-01,-0.059,0.064
2.36630e-01,-0.055,0.062
2.36640e-01,-0.061,0.068
2.36650e-01,-0.063,0.064
2.36660e-01,-0.061,0.064
2.36670e-01,-0.057,0.062
2.36680e-01,-0.061,0.064
2.36690e-01,-0.061,0.062
2.36700e-01,-0.061,0.064
2.36710e-01,-0.057,0.058
2.36720e-01,-0.061,0.064
2.36730e-01,-0.059,0.06
2.36740e-01,-0.063,0.064
2.36750e-01,-0.063,0.066
2.36760e-01,-0.047,0.054
2.36770e-01,-0.055,0.058
2.36780e-01,-0.049,0.054
2.36790e-01,-0.047,0.054
2.36800e-01,-0.045,0.052
2.36810e-01,-0.061,0.064
2.36820e-01,-0.059,0.06
2.36830e-01,-0.061,0.064
2.36840e-01,-0.055,0.062
2.36850e-01,-0.061,0.064
2.36860e-01,-0.061,0.064
2.36870e-01,-0.061,0.062
2.36880e-01,-0.061,0.064
2.36890e-01,-0.059,0.062
2.36900e-01,-0.059,0.064
2.36910e-01,-0.061,0.064
2.36920e-01,-0.065,0.064
2.36930e-01,-0.061,0.066
2.36940e-01,-0.061,0.066
2.36950e-01,-0.057,0.058
2.36960e-01,-0.063,0.064
2.36970e-01,-0.059,0.06
2.36980e-01,-0.053,0.06
2.36990e-01,-0.059,0.062
2.37000e-01,-0.049,0.054
2.37010e-01,-0.057,0.062
2.37020e-01,-0.059,0.064
2.37030e-01,-0.055,0.056
2.37040e-01,-0.057,0.064
2.37050e-01,-0.055,0.062
2.37060e-01,-0.065,0.062
2.37070e-01,-0.057,0.06
2.37080e-01,-0.063,0.064
2.37090e-01,-0.061,0.062
2.37100e-01,-0.061,0.064
2.37110e-01,-0.059,0.068
2.37120e-01,-0.051,0.058
2.37130e-01,-0.059,0.06
2.37140e-01,-0.051,0.054
2.37150e-01,-0.063,0.064
2.37160e-01,-0.055,0.058
2.37170e-01,-0.059,0.064
2.37180e-01,-0.055,0.06
2.37190e-01,-0.055,0.06
2.37200e-01,-0.059,0.06
2.37210e-01,-0.051,0.056
2.37220e-01,-0.059,0.066
2.37230e-01,-0.051,0.056
2.37240e-01,-0.061,0.066
2.37250e-01,-0.061,0.064
2.37260e-01,-0.057,0.062
2.37270e-01,-0.063,0.066
2.37280e-01,-0.059,0.062
2.37290e-01,-0.057,0.06
2.37300e-01,-0.063,0.068
2.37310e-01,-0.057,0.06
2.37320e-01,-0.063,0.064
2.37330e-01,-0.059,0.062
2.37340e-01,-0.051,0.058
2.37350e-01,-0.063,0.066
2.37360e-01,-0.049,0.054
2.37370e-01,-0.061,0.064
2.37380e-01,-0.051,0.054
2.37390e-01,-0.059,0.06
2.37400e-01,-0.055,0.058
2.37410e-01,-0.049,0.058
2.37420e-01,-0.063,0.062
2.37430e-01,-0.059,0.064
2.37440e-01,-0.059,0.066
2.37450e-01,-0.055,0.06
2.37460e-01,-0.059,0.064
2.37470e-01,-0.057,0.06
2.37480e-01,-0.057,0.062
2.37490e-01,-0.057,0.06
2.37500e-01,-0.061,0.062
2.37510e-01,-0.047,0.052
2.37520e-01,-0.059,0.06
2.37530e-01,-0.049,0.054
2.37540e-01,-0.057,0.062
2.37550e-01,-0.061,0.064
2.37560e-01,-0.057,0.064
2.37570e-01,-0.059,0.064
2.37580e-01,-0.059,0.062
2.37590e-01,-0.059,0.06
2.37600e-01,-0.055,0.06
2.37610e-01,-0.061,0.064
2.37620e-01,-0.061,0.062
2.37630e-01,-0.057,0.058
2.37640e-01,-0.063,0.062
2.37650e-01,-0.059,0.062
2.37660e-01,-0.057,0.06
2.37670e-01,-0.051,0.054
2.37680e-01,-0.059,0.068
2.37690e-01,-0.063,0.064
2.37700e-01,-0.059,0.062
2.37710e-01,-0.061,0.064
2.37720e-01,-0.051,0.058
2.37730e-01,-0.063,0.066
2.37740e-01,-0.063,0.064
2.37750e-01,-0.061,0.06
2.37760e-01,-0.061,0.062
2.37770e-01,-0.063,0.06
2.37780e-01,-0.061,0.06
2.37790e-01,-0.055,0.054
2.37800e-01,-0.061,0.064
2.37810e-01,-0.061,0.062
2.37820e-01,-0.055,0.058
2.37830e-01,-0.063,0.062
2.37840e-01,-0.041,0.05
2.37850e-01,-0.051,0.058
2.37860e-01,-0.059,0.062
2.37870e-01,-0.047,0.054
2.37880e-01,-0.061,0.068
2.37890e-01,-0.061,0.06
2.37900e-01,-0.055,0.06
2.37910e-01,-0.057,0.064
2.37920e-01,-0.049,0.054
2.37930e-01,-0.061,0.064
2.37940e-01,-0.051,0.056
2.37950e-01,-0.063,0.06
2.37960e-01,-0.045,0.052
2.37970e-01,-0.061,0.064
2.37980e-01,-0.057,0.06
2.37990e-01,-0.059,0.064
2.38000e-01,-0.065,0.062
2.38010e-01,-0.061,0.06
2.38020e-01,-0.063,0.068
2.38030e-01,-0.061,0.06
2.38040e-01,-0.057,0.06
2.38050e-01,-0.057,0.06
2.38060e-01,-0.065,0.064
2.38070e-01,-0.059,0.062
2.38080e-01,-0.059,0.062
2.38090e-01,-0.063,0.066
2.38100e-01,-0.053,0.058
2.38110e-01,-0.063,0.068
2.38120e-01,-0.059,0.062
2.38130e-01,-0.061,0.06
2.38140e-01,-0.065,0.062
2.38150e-01,-0.059,0.064
2.38160e-01,-0.059,0.062
2.38170e-01,-0.055,0.06
2.38180e-01,-0.053,0.058
2.38190e-01,-0.061,0.066
2.38200e-01,-0.061,0.066
2.38210e-01,-0.061,0.064
2.38220e-01,-0.053,0.058
2.38230e-01,-0.063,0.06
2.38240e-01,-0.055,0.06
2.38250e-01,-0.063,0.064
2.38260e-01,-0.049,0.054
2.38270e-01,-0.059,0.06
2.38280e-01,-0.059,0.064
2.38290e-01,-0.063,0.062
2.38300e-01,-0.055,0.062
2.38310e-01,-0.053,0.06
2.38320e-01,-0.063,0.064
2.38330e-01,-0.061,0.064
2.38340e-01,-0.061,0.062
2.38350e-01,-0.063,0.06
2.38360e-01,-0.063,0.066
2.38370e-01,-0.059,0.066
2.38380e-01,-0.059,0.064
2.38390e-01,-0.055,0.058
2.38400e-01,-0.061,0.062
2.38410e-01,-0.059,0.062
2.38420e-01,-0.057,0.062
2.38430e-01,-0.063,0.062
2.38440e-01,-0.059,0.06
2.38450e-01,-0.061,0.064
2.38460e-01,-0.063,0.06
2.38470e-01,-0.061,0.066
2.38480e-01,-0.055,0.058
2.38490e-01,-0.057,0.062
2.38500e-01,-0.057,0.058
2.38510e-01,-0.059,0.064
2.38520e-01,-0.049,0.058
2.38530e-01,-0.059,0.064
2.38540e-01,-0.051,0.054
2.38550e-01,-0.059,0.064
2.38560e-01,-0.059,0.062
2.38570e-01,-0.063,0.06
2.38580e-01,-0.059,0.06
2.38590e-01,-0.063,0.066
2.38600e-01,-0.059,0.064
2.38610e-01,-0.059,0.062
2.38620e-01,-0.061,0.064
2.38630e-01,-0.059,0.064
2.38640e-01,-0.061,0.066
2.38650e-01,-0.061,0.062
2.38660e-01,-0.061,0.062
2.38670e-01,-0.059,0.062
2.38680e-01,-0.057,0.06
2.38690e-01,-0.055,0.062
2.38700e-01,-0.061,0.06
2.38710e-01,-0.065,0.062
2.38720e-01,-0.061,0.06
2.38730e-01,-0.051,0.054
2.38740e-01,-0.063,0.064
2.38750e-01,-0.063,0.066
2.38760e-01,-0.061,0.062
2.38770e-01,-0.057,0.06
2.38780e-01,-0.061,0.062
2.38790e-01,-0.055,0.06
2.38800e-01,-0.057,0.064
2.38810e-01,-0.043,0.048
2.38820e-01,-0.063,0.062
2.38830e-01,-0.055,0.054
2.38840e-01,-0.061,0.06
2.38850e-01,-0.059,0.062
2.38860e-01,-0.059,0.066
2.38870e-01,-0.063,0.062
2.38880e-01,-0.061,0.062
2.38890e-01,-0.061,0.066
2.38900e-01,-0.063,0.064
2.38910e-01,-0.059,0.064
2.38920e-01,-0.061,0.064
2.38930e-01,-0.061,0.064
2.38940e-01,-0.061,0.062
2.38950e-01,-0.065,0.064
2.38960e-01,-0.055,0.058
2.38970e-01,-0.059,0.066
2.38980e-01,-0.061,0.064
2.38990e-01,-0.057,0.062
2.39000e-01,-0.059,0.064
2.39010e-01,-0.057,0.058
2.39020e-01,-0.061,0.06
2.39030e-01,-0.059,0.06
2.39040e-01,-0.059,0.064
2.39050e-01,-0.051,0.056
2.39060e-01,-0.059,0.064
2.39070e-01,-0.051,0.056
2.39080e-01,-0.059,0.062
2.39090e-01,-0.065,0.066
2.39100e-01,-0.057,0.06
2.39110e-01,-0.061,0.064
2.39120e-01,-0.055,0.058
2.39130e-01,-0.061,0.066
2.39140e-01,-0.051,0.052
2.39150e-01,-0.061,0.064
2.39160e-01,-0.049,0.054
2.39170e-01,-0.059,0.06
2.39180e-01,-0.045,0.05
2.39190e-01,-0.061,0.062
2.39200e-01,-0.053,0.06
2.39210e-01,-0.061,0.064
2.39220e-01,-0.055,0.068
2.39230e-01,-0.055,0.062
2.39240e-01,-0.065,0.064
2.39250e-01,-0.061,0.064
2.39260e-01,-0.059,0.064
2.39270e-01,-0.061,0.062
2.39280e-01,-0.053,0.06
2.39290e-01,-0.059,0.064
2.39300e-01,-0.063,0.064
2.39310e-01,-0.063,0.064
2.39320e-01,-0.063,0.062
2.39330e-01,-0.059,0.064
2.39340e-01,-0.057,0.06
2.39350e-01,-0.061,0.062
2.39360e-01,-0.061,0.062
2.39370e-01,-0.057,0.066
2.39380e-01,-0.055,0.06
2.39390e-01,-0.059,0.064
2.39400e-01,-0.059,0.06
2.39410e-01,-0.043,0.05
2.39420e-01,-0.061,0.062
2.39430e-01,-0.051,0.056
2.39440e-01,-0.061,0.062
2.39450e-01,-0.053,0.06
2.39460e-01,-0.061,0.064
2.39470e-01,-0.059,0.064
2.39480e-01,-0.063,0.064
2.39490e-01,-0.057,0.062
2.39500e-01,-0.063,0.062
2.39510e-01,-0.055,0.06
2.39520e-01,-0.059,0.066
2.39530e-01,-0.053,0.058
2.39540e-01,-0.063,0.062
2.39550e-01,-0.061,0.062
2.39560e-01,-0.045,0.05
2.39570e-01,-0.061,0.064
2.39580e-01,-0.047,0.054
2.39590e-01,-0.063,0.064
2.39600e-01,-0.057,0.064
2.39610e-01,-0.065,0.062
2.39620e-01,-0.055,0.06
2.39630e-01,-0.063,0.066
2.39640e-01,-0.059,0.062
2.39650e-01,-0.057,0.062
2.39660e-01,-0.061,0.062
2.39670e-01,-0.053,0.062
2.39680e-01,-0.057,0.064
2.39690e-01,-0.055,0.058
2.39700e-01,-0.061,0.064
2.39710e-01,-0.055,0.056
2.39720e-01,-0.059,0.06
2.39730e-01,-0.057,0.062
2.39740e-01,-0.061,0.062
2.39750e-01,-0.057,0.064
2.39760e-01,-0.063,0.066
2.39770e-01,-0.061,0.06
2.39780e-01,-0.055,0.06
2.39790e-01,-0.059,0.064
2.39800e-01,-0.061,0.062
2.39810e-01,-0.057,0.062
2.39820e-01,-0.059,0.06
2.39830e-01,-0.049,0.054
2.39840e-01,-0.061,0.062
2.39850e-01,-0.061,0.064
2.39860e-01,-0.063,0.064
2.39870e-01,-0.061,0.062
2.39880e-01,-0.061,0.064
2.39890e-01,-0.063,0.064
2.39900e-01,-0.051,0.056
2.39910e-01,-0.063,0.068
2.39920e-01,-0.055,0.058
2.39930e-01,-0.061,0.064
2.39940e-01,-0.053,0.062
2.39950e-01,-0.061,0.062
2.39960e-01,-0.061,0.06
2.39970e-01,-0.061,0.062
2.39980e-01,-0.059,0.064
2.39990e-01,-0.059,0.064
2.40000e-01,-0.057,0.06
2.40010e-01,-0.059,0.06
2.40020e-01,-0.057,0.058
2.40030e-01,-0.059,0.06
2.40040e-01,-0.061,0.062
2.40050e-01,-0.061,0.062
2.40060e-01,-0.061,0.064
2.40070e-01,-0.059,0.062
2.40080e-01,-0.055,0.058
2.40090e-01,-0.045,0.054
2.40100e-01,-0.045,0.052
2.40110e-01,-0.053,0.06
2.40120e-01,-0.051,0.054
2.40130e-01,-0.059,0.064
2.40140e-01,-0.059,0.064
2.40150e-01,-0.061,0.064
2.40160e-01,-0.051,0.058
2.40170e-01,-0.057,0.062
2.40180e-01,-0.061,0.066
2.40190e-01,-0.061,0.066
2.40200e-01,-0.055,0.06
2.40210e-01,-0.053,0.06
2.40220e-01,-0.061,0.062
2.40230e-01,-0.059,0.062
2.40240e-01,-0.061,0.062
2.40250e-01,-0.063,0.064
2.40260e-01,-0.059,0.064
2.40270e-01,-0.061,0.064
2.40280e-01,-0.059,0.064
2.40290e-01,-0.051,0.06
2.40300e-01,-0.063,0.062
2.40310e-01,-0.061,0.062
2.40320e-01,-0.061,0.064
2.40330e-01,-0.063,0.064
2.40340e-01,-0.061,0.064
2.40350e-01,-0.063,0.064
2.40360e-01,-0.059,0.064
2.40370e-01,-0.059,0.064
2.40380e-01,-0.059,0.062
2.40390e-01,-0.059,0.064
2.40400e-01,-0.063,0.066
2.40410e-01,-0.057,0.06
2.40420e-01,-0.061,0.06
2.40430e-01,-0.051,0.058
2.40440e-01,-0.061,0.064
2.40450e-01,-0.063,0.062
2.40460e-01,-0.051,0.058
2.40470e-01,-0.063,0.064
2.40480e-01,-0.061,0.062
2.40490e-01,-0.061,0.064
2.40500e-01,-0.057,0.06
2.40510e-01,-0.063,0.064
2.40520e-01,-0.059,0.064
2.40530e-01,-0.059,0.06
2.40540e-01,-0.057,0.062
2.40550e-01,-0.053,0.06
2.40560e-01,-0.057,0.06
2.40570e-01,-0.053,0.054
2.40580e-01,-0.051,0.056
2.40590e-01,-0.049,0.054
2.40600e-01,-0.051,0.06
2.40610e-01,-0.059,0.062
2.40620e-01,-0.059,0.064
2.40630e-01,-0.059,0.062
2.40640e-01,-0.061,0.062
2.40650e-01,-0.059,0.06
2.40660e-01,-0.057,0.06
2.40670e-01,-0.059,0.062
2.40680e-01,-0.059,0.062
2.40690e-01,-0.061,0.068
2.40700e-01,-0.061,0.068
2.40710e-01,-0.049,0.054
2.40720e-01,-0.057,0.056
2.40730e-01,-0.061,0.064
2.40740e-01,-0.059,0.066
2.40750e-01,-0.057,0.06
2.40760e-01,-0.055,0.058
2.40770e-01,-0.061,0.066
2.40780e-01,-0.061,0.066
2.40790e-01,-0.057,0.062
2.40800e-01,-0.059,0.062
2.40810e-01,-0.055,0.062
2.40820e-01,-0.049,0.056
2.40830e-01,-0.047,0.046
2.40840e-01,-0.047,0.052
2.40850e-01,-0.039,0.048
2.40860e-01,-0.053,0.058
2.40870e-01,-0.059,0.06
2.40880e-01,-0.057,0.062
2.40890e-01,-0.047,0.052
2.40900e-01,-0.059,0.06
2.40910e-01,-0.051,0.054
2.40920e-01,-0.051,0.06
2.40930e-01,-0.057,0.062
2.40940e-01,-0.055,0.064
2.40950e-01,-0.059,0.062
2.40960e-01,-0.061,0.064
2.40970e-01,-0.063,0.064
2.40980e-01,-0.063,0.064
2.40990e-01,-0.057,0.06
2.41000e-01,-0.063,0.062
2.41010e-01,-0.051,0.056
2.41020e-01,-0.059,0.06
2.41030e-01,-0.061,0.064
2.41040e-01,-0.059,0.064
2.41050e-01,-0.059,0.062
2.41060e-01,-0.063,0.062
2.41070e-01,-0.059,0.06
2.41080e-01,-0.057,0.06
2.41090e-01,-0.061,0.066
2.41100e-01,-0.061,0.062
2.41110e-01,-0.061,0.064
2.41120e-01,-0.059,0.06
2.41130e-01,-0.059,0.064
2.41140e-01,-0.057,0.06
2.41150e-01,-0.059,0.064
2.41160e-01,-0.055,0.05
2.41170e-01,-0.061,0.064
2.41180e-01,-0.047,0.052
2.41190e-01,-0.059,0.062
2.41200e-01,-0.059,0.064
2.41210e-01,-0.059,0.066
2.41220e-01,-0.055,0.064
2.41230e-01,-0.061,0.06
2.41240e-01,-0.057,0.06
2.41250e-01,-0.061,0.062
2.41260e-01,-0.061,0.064
2.41270e-01,-0.063,0.064
2.41280e-01,-0.057,0.062
2.41290e-01,-0.059,0.062
2.41300e-01,-0.057,0.06
2.41310e-01,-0.061,0.066
2.41320e-01,-0.051,0.056
2.41330e-01,-0.061,0.064
2.41340e-01,-0.059,0.062
2.41350e-01,-0.055,0.058
2.41360e-01,-0.063,0.062
2.41370e-01,-0.057,0.062
2.41380e-01,-0.059,0.064
2.41390e-01,-0.055,0.056
2.41400e-01,-0.057,0.06
2.41410e-01,-0.047,0.052
2.41420e-01,-0.059,0.066
2.41430e-01,-0.061,0.064
2.41440e-01,-0.055,0.064
2.41450e-01,-0.063,0.062
2.41460e-01,-0.059,0.066
2.41470e-01,-0.059,0.064
2.41480e-01,-0.061,0.06
2.41490e-01,-0.063,0.062
2.41500e-01,-0.061,0.064
2.41510e-01,-0.063,0.064
2.41520e-01,-0.063,0.064
2.41530e-01,-0.059,0.064
2.41540e-01,-0.051,0.054
2.41550e-01,-0.043,0.05
2.41560e-01,-0.051,0.054
2.41570e-01,-0.059,0.064
2.41580e-01,-0.059,0.062
2.41590e-01,-0.061,0.064
2.41600e-01,-0.059,0.062
2.41610e-01,-0.059,0.064
2.41620e-01,-0.059,0.064
2.41630e-01,-0.061,0.066
2.41640e-01,-0.047,0.058
2.41650e-01,-0.059,0.064
2.41660e-01,-0.061,0.062
2.41670e-01,-0.063,0.062
2.41680e-01,-0.051,0.058
2.41690e-01,-0.059,0.064
2.41700e-01,-0.063,0.064
2.41710e-01,-0.053,0.054
2.41720e-01,-0.063,0.062
2.41730e-01,-0.063,0.068
2.41740e-01,-0.059,0.064
2.41750e-01,-0.059,0.062
2.41760e-01,-0.063,0.06
2.41770e-01,-0.059,0.06
2.41780e-01,-0.057,0.064
2.41790e-01,-0.049,0.054
2.41800e-01,-0.063,0.06
2.41810e-01,-0.061,0.064
2.41820e-01,-0.063,0.064
2.41830e-01,-0.063,0.06
2.41840e-01,-0.061,0.064
2.41850e-01,-0.061,0.06
2.41860e-01,-0.059,0.06
2.41870e-01,-0.059,0.06
2.41880e-01,-0.065,0.064
2.41890e-01,-0.061,0.062
2.41900e-01,-0.055,0.058
2.41910e-01,-0.061,0.066
2.41920e-01,-0.053,0.06
2.41930e-01,-0.061,0.06
2.41940e-01,-0.063,0.066
2.41950e-01,-0.059,0.06
2.41960e-01,-0.061,0.06
2.41970e-01,-0.061,0.066
2.41980e-01,-0.061,0.064
2.41990e-01,-0.063,0.064
2.42000e-01,-0.061,0.064
2.42010e-01,-0.059,0.064
2.42020e-01,-0.059,0.064
2.42030e-01,-0.061,0.064
2.42040e-01,-0.059,0.066
2.42050e-01,-0.061,0.064
2.42060e-01,-0.063,0.064
2.42070e-01,-0.065,0.064
2.42080e-01,-0.063,0.064
2.42090e-01,-0.061,0.07
2.42100e-01,-0.063,0.066
2.42110e-01,-0.061,0.062
2.42120e-01,-0.063,0.064
2.42130e-01,-0.061,0.062
2.42140e-01,-0.059,0.062
2.42150e-01,-0.061,0.062
2.42160e-01,-0.061,0.064
2.42170e-01,-0.059,0.062
2.42180e-01,-0.063,0.066
2.42190e-01,-0.057,0.06
2.42200e-01,-0.063,0.066
2.42210e-01,-0.059,0.064
2.42220e-01,-0.063,0.06
2.42230e-01,-0.065,0.066
2.42240e-01,-0.057,0.06
2.42250e-01,-0.059,0.064
2.42260e-01,-0.063,0.066
2.42270e-01,-0.061,0.062
2.42280e-01,-0.061,0.06
2.42290e-01,-0.063,0.064
2.42300e-01,-0.055,0.054
2.42310e-01,-0.059,0.062
2.42320e-01,-0.051,0.054
2.42330e-01,-0.059,0.062
2.42340e-01,-0.063,0.064
2.42350e-01,-0.065,0.064
2.42360e-01,-0.057,0.06
2.42370e-01,-0.061,0.062
2.42380e-01,-0.063,0.062
2.42390e-01,-0.059,0.062
2.42400e-01,-0.063,0.06
2.42410e-01,-0.059,0.06
2.42420e-01,-0.061,0.06
2.42430e-01,-0.059,0.064
2.42440e-01,-0.063,0.064
2.42450e-01,-0.061,0.062
2.42460e-01,-0.061,0.064
2.42470e-01,-0.059,0.062
2.42480e-01,-0.059,0.06
2.42490e-01,-0.057,0.064
2.42500e-01,-0.047,0.054
2.42510e-01,-0.057,0.062
2.42520e-01,-0.049,0.052
2.42530e-01,-0.059,0.062
2.42540e-01,-0.055,0.058
2.42550e-01,-0.059,0.064
2.42560e-01,-0.061,0.066
2.42570e-01,-0.061,0.062
2.42580e-01,-0.063,0.064
2.42590e-01,-0.061,0.064
2.42600e-01,-0.061,0.06
2.42610e-01,-0.059,0.06
2.42620e-01,-0.059,0.06
2.42630e-01,-0.061,0.064
2.42640e-01,-0.061,0.064
2.42650e-01,-0.057,0.06
2.42660e-01,-0.057,0.058
2.42670e-01,-0.055,0.06
2.42680e-01,-0.053,0.056
2.42690e-01,-0.043,0.052
2.42700e-01,-0.059,0.062
2.42710e-01,-0.059,0.064
2.42720e-01,-0.059,0.064
2.42730e-01,-0.059,0.064
2.42740e-01,-0.061,0.064
2.42750e-01,-0.059,0.062
2.42760e-01,-0.063,0.062
2.42770e-01,-0.055,0.058
2.42780e-01,-0.059,0.06
2.42790e-01,-0.055,0.058
2.42800e-01,-0.061,0.062
2.42810e-01,-0.063,0.062
2.42820e-01,-0.063,0.062
2.42830e-01,-0.059,0.062
2.42840e-01,-0.051,0.058
2.42850e-01,-0.051,0.054
2.42860e-01,-0.055,0.058
2.42870e-01,-0.055,0.06
2.42880e-01,-0.055,0.058
2.42890e-01,-0.057,0.06
2.42900e-01,-0.053,0.06
2.42910e-01,-0.061,0.066
2.42920e-01,-0.053,0.06
2.42930e-01,-0.059,0.062
2.42940e-01,-0.063,0.06
2.42950e-01,-0.063,0.064
2.42960e-01,-0.059,0.06
2.42970e-01,-0.049,0.056
2.42980e-01,-0.057,0.056
2.42990e-01,-0.053,0.056
2.43000e-01,-0.057,0.06
2.43010e-01,-0.053,0.054
2.43020e-01,-0.055,0.062
2.43030e-01,-0.057,0.06
2.43040e-01,-0.063,0.064
2.43050e-01,-0.057,0.06
2.43060e-01,-0.061,0.06
2.43070e-01,-0.055,0.056
2.43080e-01,-0.061,0.062
2.43090e-01,-0.051,0.058
2.43100e-01,-0.061,0.064
2.43110e-01,-0.057,0.058
2.43120e-01,-0.059,0.06
2.43130e-01,-0.053,0.058
2.43140e-01,-0.063,0.062
2.43150e-01,-0.059,0.062
2.43160e-01,-0.059,0.062
2.43170e-01,-0.061,0.062
2.43180e-01,-0.061,0.06
2.43190e-01,-0.057,0.062
2.43200e-01,-0.061,0.064
2.43210e-01,-0.061,0.062
2.43220e-01,-0.061,0.062
2.43230e-01,-0.061,0.06
2.43240e-01,-0.059,0.064
2.43250e-01,-0.059,0.064
2.43260e-01,-0.059,0.06
2.43270e-01,-0.061,0.062
2.43280e-01,-0.055,0.062
2.43290e-01,-0.061,0.062
2.43300e-01,-0.063,0.064
2.43310e-01,-0.061,0.064
2.43320e-01,-0.059,0.066
2.43330e-01,-0.059,0.062
2.43340e-01,-0.063,0.066
2.43350e-01,-0.059,0.062
2.43360e-01,-0.057,0.062
2.43370e-01,-0.059,0.062
2.43380e-01,-0.061,0.06
2.43390e-01,-0.057,0.06
2.43400e-01,-0.059,0.062
2.43410e-01,-0.059,0.064
2.43420e-01,-0.061,0.062
2.43430e-01,-0.061,0.066
2.43440e-01,-0.063,0.064
2.43450e-01,-0.059,0.066
2.43460e-01,-0.059,0.064
2.43470e-01,-0.059,0.062
2.43480e-01,-0.059,0.062
2.43490e-01,-0.059,0.06
2.43500e-01,-0.057,0.064
2.43510e-01,-0.063,0.062
2.43520e-01,-0.059,0.064
2.43530e-01,-0.057,0.06
2.43540e-01,-0.059,0.066
2.43550e-01,-0.063,0.064
2.43560e-01,-0.045,0.056
2.43570e-01,-0.051,0.054
2.43580e-01,-0.049,0.05
2.43590e-01,-0.061,0.06
2.43600e-01,-0.061,0.064
2.43610e-01,-0.061,0.064
2.43620e-01,-0.061,0.064
2.43630e-01,-0.059,0.062
2.43640e-01,-0.065,0.064
2.43650e-01,-0.063,0.064
2.43660e-01,-0.061,0.062
2.43670e-01,-0.063,0.064
2.43680e-01,-0.059,0.062
2.43690e-01,-0.061,0.064
2.43700e-01,-0.057,0.062
2.43710e-01,-0.059,0.062
2.43720e-01,-0.063,0.062
2.43730e-01,-0.059,0.064
2.43740e-01,-0.059,0.062
2.43750e-01,-0.061,0.062
2.43760e-01,-0.059,0.062
2.43770e-01,-0.061,0.064
2.43780e-01,-0.059,0.06
2.43790e-01,-0.061,0.062
2.43800e-01,-0.063,0.066
2.43810e-01,-0.063,0.064
2.43820e-01,-0.065,0.064
2.43830e-01,-0.063,0.066
2.43840e-01,-0.055,0.058
2.43850e-01,-0.059,0.06
2.43860e-01,-0.057,0.064
2.43870e-01,-0.053,0.06
2.43880e-01,-0.063,0.064
2.43890e-01,-0.055,0.062
2.43900e-01,-0.059,0.064
2.43910e-01,-0.057,0.06
2.43920e-01,-0.059,0.062
2.43930e-01,-0.059,0.06
2.43940e-01,-0.061,0.062
2.43950e-01,-0.059,0.064
2.43960e-01,-0.061,0.064
2.43970e-01,-0.055,0.064
2.43980e-01,-0.061,0.066
2.43990e-01,-0.059,0.062
2.44000e-01,-0.061,0.064
2.44010e-01,-0.061,0.06
2.44020e-01,-0.061,0.064
2.44030e-01,-0.065,0.064
2.44040e-01,-0.063,0.062
2.44050e-01,-0.061,0.06
2.44060e-01,-0.057,0.06
2.44070e-01,-0.059,0.062
2.44080e-01,-0.063,0.062
2.44090e-01,-0.059,0.064
2.44100e-01,-0.063,0.062
2.44110e-01,-0.059,0.062
2.44120e-01,-0.055,0.058
2.44130e-01,-0.059,0.064
2.44140e-01,-0.063,0.062
2.44150e-01,-0.063,0.06
2.44160e-01,-0.061,0.062
2.44170e-01,-0.059,0.062
2.44180e-01,-0.063,0.06
2.44190e-01,-0.061,0.064
2.44200e-01,-0.061,0.064
2.44210e-01,-0.059,0.062
2.44220e-01,-0.049,0.052
2.44230e-01,-0.055,0.058
2.44240e-01,-0.057,0.06
2.44250e-01,-0.061,0.06
2.44260e-01,-0.061,0.062
2.44270e-01,-0.061,0.064
2.44280e-01,-0.055,0.06
2.44290e-01,-0.061,0.06
2.44300e-01,-0.061,0.064
2.44310e-01,-0.061,0.064
2.44320e-01,-0.059,0.064
2.44330e-01,-0.061,0.066
2.44340e-01,-0.061,0.064
2.44350e-01,-0.061,0.064
2.44360e-01,-0.059,0.062
2.44370e-01,-0.059,0.06
2.44380e-01,-0.061,0.064
2.44390e-01,-0.057,0.064
2.44400e-01,-0.061,0.066
2.44410e-01,-0.057,0.062
2.44420e-01,-0.059,0.064
2.44430e-01,-0.061,0.062
2.44440e-01,-0.063,0.066
2.44450e-01,-0.059,0.06
2.44460e-01,-0.061,0.064
2.44470e-01,-0.059,0.062
2.44480e-01,-0.063,0.064
2.44490e-01,-0.061,0.064
2.44500e-01,-0.065,0.064
2.44510e-01,-0.063,0.062
2.44520e-01,-0.059,0.066
2.44530e-01,-0.059,0.064
2.44540e-01,-0.061,0.064
2.44550e-01,-0.059,0.062
2.44560e-01,-0.061,0.064
2.44570e-01,-0.059,0.064
2.44580e-01,-0.063,0.064
2.44590e-01,-0.065,0.066
2.44600e-01,-0.061,0.062
2.44610e-01,-0.061,0.064
2.44620e-01,-0.061,0.064
2.44630e-01,-0.057,0.064
2.44640e-01,-0.061,0.064
2.44650e-01,-0.063,0.064
2.44660e-01,-0.055,0.06
2.44670e-01,-0.065,0.06
2.44680e-01,-0.061,0.062
2.44690e-01,-0.059,0.064
2.44700e-01,-0.059,0.064
2.44710e-01,-0.065,0.064
2.44720e-01,-0.063,0.064
2.44730e-01,-0.059,0.064
2.44740e-01,-0.059,0.066
2.44750e-01,-0.055,0.06
2.44760e-01,-0.059,0.06
2.44770e-01,-0.053,0.062
2.44780e-01,-0.057,0.062
2.44790e-01,-0.059,0.062
2.44800e-01,-0.057,0.06
2.44810e-01,-0.061,0.06
2.44820e-01,-0.061,0.06
2.44830e-01,-0.061,0.064
2.44840e-01,-0.065,0.062
2.44850e-01,-0.059,0.06
2.44860e-01,-0.061,0.064
2.44870e-01,-0.061,0.062
2.44880e-01,-0.059,0.062
2.44890e-01,-0.051,0.054
2.44900e-01,-0.061,0.064
2.44910e-01,-0.055,0.06
2.44920e-01,-0.059,0.06
2.44930e-01,-0.061,0.062
2.44940e-01,-0.059,0.06
2.44950e-01,-0.061,0.062
2.44960e-01,-0.061,0.064
2.44970e-01,-0.059,0.062
2.44980e-01,-0.063,0.064
2.44990e-01,-0.061,0.064
2.45000e-01,-0.061,0.062
2.45010e-01,-0.061,0.064
2.45020e-01,-0.059,0.06
2.45030e-01,-0.061,0.064
2.45040e-01,-0.059,0.06
2.45050e-01,-0.063,0.062
2.45060e-01,-0.063,0.064
2.45070e-01,-0.057,0.064
2.45080e-01,-0.063,0.064
2.45090e-01,-0.059,0.064
2.45100e-01,-0.063,0.062
2.45110e-01,-0.057,0.06
2.45120e-01,-0.057,0.06
2.45130e-01,-0.045,0.05
2.45140e-01,-0.059,0.06
2.45150e-01,-0.059,0.062
2.45160e-01,-0.061,0.064
2.45170e-01,-0.061,0.062
2.45180e-01,-0.059,0.064
2.45190e-01,-0.061,0.06
2.45200e-01,-0.061,0.062
2.45210e-01,-0.063,0.06
2.45220e-01,-0.059,0.064
2.45230e-01,-0.061,0.066
2.45240e-01,-0.063,0.066
2.45250e-01,-0.055,0.058
2.45260e-01,-0.059,0.064
2.45270e-01,-0.063,0.064
2.45280e-01,-0.061,0.062
2.45290e-01,-0.061,0.068
2.45300e-01,-0.061,0.062
2.45310e-01,-0.061,0.066
2.45320e-01,-0.053,0.058
2.45330e-01,-0.063,0.062
2.45340e-01,-0.059,0.06
2.45350e-01,-0.057,0.062
2.45360e-01,-0.061,0.064
2.45370e-01,-0.061,0.066
2.45380e-01,-0.061,0.064
2.45390e-01,-0.061,0.066
2.45400e-01,-0.059,0.066
2.45410e-01,-0.061,0.062
2.45420e-01,-0.055,0.06
2.45430e-01,-0.059,0.064
2.45440e-01,-0.059,0.064
2.45450e-01,-0.055,0.06
2.45460e-01,-0.059,0.06
2.45470e-01,-0.063,0.064
2.45480e-01,-0.055,0.062
2.45490e-01,-0.057,0.064
2.45500e-01,-0.061,0.06
2.45510e-01,-0.059,0.064
2.45520e-01,-0.059,0.064
2.45530e-01,-0.063,0.062
2.45540e-01,-0.059,0.06
2.45550e-01,-0.063,0.066
2.45560e-01,-0.061,0.062
2.45570e-01,-0.059,0.062
2.45580e-01,-0.059,0.06
2.45590e-01,-0.061,0.064
2.45600e-01,-0.059,0.066
2.45610e-01,-0.059,0.064
2.45620e-01,-0.057,0.062
2.45630e-01,-0.063,0.068
2.45640e-01,-0.059,0.062
2.45650e-01,-0.057,0.06
2.45660e-01,-0.055,0.06
2.45670e-01,-0.049,0.054
2.45680e-01,-0.057,0.06
2.45690e-01,-0.053,0.06
2.45700e-01,-0.049,0.054
2.45710e-01,-0.059,0.062
2.45720e-01,-0.061,0.062
2.45730e-01,-0.063,0.062
2.45740e-01,-0.059,0.064
2.45750e-01,-0.059,0.064
2.45760e-01,-0.061,0.066
2.45770e-01,-0.059,0.062
2.45780e-01,-0.061,0.064
2.45790e-01,-0.059,0.064
2.45800e-01,-0.061,0.066
2.45810e-01,-0.055,0.058
2.45820e-01,-0.055,0.06
2.45830e-01,-0.057,0.06
2.45840e-01,-0.061,0.066
2.45850e-01,-0.063,0.066
2.45860e-01,-0.061,0.064
2.45870e-01,-0.057,0.062
2.45880e-01,-0.063,0.066
2.45890e-01,-0.065,0.064
2.45900e-01,-0.059,0.062
2.45910e-01,-0.063,0.062
2.45920e-01,-0.059,0.066
2.45930e-01,-0.063,0.062
2.45940e-01,-0.063,0.064
2.45950e-01,-0.059,0.06
2.45960e-01,-0.059,0.06
2.45970e-01,-0.059,0.06
2.45980e-01,-0.059,0.06
2.45990e-01,-0.063,0.066
2.46000e-01,-0.055,0.056
2.46010e-01,-0.051,0.058
2.46020e-01,-0.059,0.062
2.46030e-01,-0.063,0.062
2.46040e-01,-0.061,0.062
2.46050e-01,-0.061,0.064
2.46060e-01,-0.057,0.06
2.46070e-01,-0.059,0.064
2.46080e-01,-0.049,0.054
2.46090e-01,-0.059,0.064
2.46100e-01,-0.063,0.062
2.46110e-01,-0.061,0.064
2.46120e-01,-0.061,0.066
2.46130e-01,-0.053,0.06
2.46140e-01,-0.061,0.066
2.46150e-01,-0.055,0.06
2.46160e-01,-0.061,0.062
2.46170e-01,-0.055,0.062
2.46180e-01,-0.055,0.06
2.46190e-01,-0.059,0.062
2.46200e-01,-0.061,0.064
2.46210e-01,-0.061,0.064
2.46220e-01,-0.059,0.064
2.46230e-01,-0.063,0.062
2.46240e-01,-0.061,0.064
2.46250e-01,-0.063,0.068
2.46260e-01,-0.063,0.066
2.46270e-01,-0.065,0.062
2.46280e-01,-0.061,0.064
2.46290e-01,-0.065,0.064
2.46300e-01,-0.059,0.062
2.46310e-01,-0.063,0.064
2.46320e-01,-0.063,0.062
2.46330e-01,-0.053,0.06
2.46340e-01,-0.059,0.064
2.46350e-01,-0.063,0.064
2.46360e-01,-0.059,0.062
2.46370e-01,-0.061,0.066
2.46380e-01,-0.059,0.066
2.46390e-01,-0.055,0.06
2.46400e-01,-0.057,0.064
2.46410e-01,-0.059,0.06
2.46420e-01,-0.063,0.066
2.46430e-01,-0.061,0.064
2.46440e-01,-0.061,0.07
2.46450e-01,-0.061,0.064
2.46460e-01,-0.051,0.054
2.46470e-01,-0.063,0.068
2.46480e-01,-0.057,0.06
2.46490e-01,-0.059,0.064
2.46500e-01,-0.059,0.062
2.46510e-01,-0.061,0.062
2.46520e-01,-0.059,0.06
2.46530e-01,-0.053,0.056
2.46540e-01,-0.055,0.06
2.46550e-01,-0.063,0.064
2.46560e-01,-0.055,0.058
2.46570e-01,-0.059,0.062
2.46580e-01,-0.061,0.06
2.46590e-01,-0.055,0.054
2.46600e-01,-0.057,0.06
2.46610e-01,-0.061,0.064
2.46620e-01,-0.063,0.062
2.46630e-01,-0.065,0.064
2.46640e-01,-0.057,0.06
2.46650e-01,-0.061,0.064
2.46660e-01,-0.053,0.056
2.46670e-01,-0.063,0.064
2.46680e-01,-0.051,0.056
2.46690e-01,-0.063,0.062
2.46700e-01,-0.057,0.06
2.46710e-01,-0.061,0.064
2.46720e-01,-0.061,0.062
2.46730e-01,-0.057,0.058
2.46740e-01,-0.061,0.062
2.46750e-01,-0.061,0.06
2.46760e-01,-0.059,0.058
2.46770e-01,-0.061,0.06
2.46780e-01,-0.065,0.062
2.46790e-01,-0.061,0.06
2.46800e-01,-0.057,0.066
2.46810e-01,-0.061,0.064
2.46820e-01,-0.059,0.062
2.46830e-01,-0.059,0.062
2.46840e-01,-0.057,0.06
2.46850e-01,-0.059,0.06
2.46860e-01,-0.061,0.06
2.46870e-01,-0.055,0.064
2.46880e-01,-0.057,0.062
2.46890e-01,-0.061,0.06
2.46900e-01,-0.061,0.064
2.46910e-01,-0.061,0.062
2.46920e-01,-0.055,0.062
2.46930e-01,-0.063,0.062
2.46940e-01,-0.063,0.062
2.46950e-01,-0.059,0.064
2.46960e-01,-0.061,0.064
2.46970e-01,-0.057,0.062
2.46980e-01,-0.059,0.068
2.46990e-01,-0.055,0.06
2.47000e-01,-0.057,0.062
2.47010e-01,-0.061,0.064
2.47020e-01,-0.063,0.064
2.47030e-01,-0.061,0.062
2.47040e-01,-0.059,0.064
2.47050e-01,-0.061,0.062
2.47060e-01,-0.059,0.06
2.47070e-01,-0.059,0.064
2.47080e-01,-0.063,0.062
2.47090e-01,-0.057,0.064
2.47100e-01,-0.065,0.064
2.47110e-01,-0.061,0.062
2.47120e-01,-0.059,0.064
2.47130e-01,-0.059,0.06
2.47140e-01,-0.059,0.064
2.47150e-01,-0.061,0.062
2.47160e-01,-0.059,0.06
2.47170e-01,-0.061,0.066
2.47180e-01,-0.057,0.062
2.47190e-01,-0.055,0.06
2.47200e-01,-0.059,0.064
2.47210e-01,-0.057,0.062
2.47220e-01,-0.059,0.066
2.47230e-01,-0.061,0.062
2.47240e-01,-0.061,0.064
2.47250e-01,-0.059,0.062
2.47260e-01,-0.061,0.064
2.47270e-01,-0.059,0.064
2.47280e-01,-0.059,0.06
2.47290e-01,-0.047,0.054
2.47300e-01,-0.061,0.066
2.47310e-01,-0.059,0.06
2.47320e-01,-0.059,0.062
2.47330e-01,-0.057,0.062
2.47340e-01,-0.055,0.06
2.47350e-01,-0.059,0.062
2.47360e-01,-0.063,0.062
2.47370e-01,-0.063,0.064
2.47380e-01,-0.061,0.062
2.47390e-01,-0.059,0.066
2.47400e-01,-0.061,0.064
2.47410e-01,-0.063,0.064
2.47420e-01,-0.063,0.062
2.47430e-01,-0.047,0.048
2.47440e-01,-0.057,0.062
2.47450e-01,-0.049,0.056
2.47460e-01,-0.063,0.062
2.47470e-01,-0.057,0.06
2.47480e-01,-0.063,0.064
2.47490e-01,-0.059,0.06
2.47500e-01,-0.059,0.066
2.47510e-01,-0.059,0.064
2.47520e-01,-0.059,0.064
2.47530e-01,-0.049,0.058
2.47540e-01,-0.057,0.062
2.47550e-01,-0.057,0.064
2.47560e-01,-0.059,0.066
2.47570e-01,-0.061,0.062
2.47580e-01,-0.059,0.062
2.47590e-01,-0.061,0.064
2.47600e-01,-0.057,0.062
2.47610e-01,-0.061,0.062
2.47620e-01,-0.061,0.064
2.47630e-01,-0.053,0.058
2.47640e-01,-0.057,0.06
2.47650e-01,-0.055,0.06
2.47660e-01,-0.063,0.06
2.47670e-01,-0.055,0.06
2.47680e-01,-0.061,0.064
2.47690e-01,-0.063,0.062
2.47700e-01,-0.063,0.062
2.47710e-01,-0.059,0.062
2.47720e-01,-0.055,0.062
2.47730e-01,-0.059,0.064
2.47740e-01,-0.061,0.064
2.47750e-01,-0.061,0.062
2.47760e-01,-0.055,0.058
2.47770e-01,-0.061,0.064
2.47780e-01,-0.061,0.06
2.47790e-01,-0.051,0.058
2.47800e-01,-0.057,0.068
2.47810e-01,-0.053,0.06
2.47820e-01,-0.061,0.064
2.47830e-01,-0.057,0.062
2.47840e-01,-0.061,0.064
2.47850e-01,-0.055,0.062
2.47860e-01,-0.055,0.06
2.47870e-01,-0.061,0.062
2.47880e-01,-0.049,0.054
2.47890e-01,-0.063,0.064
2.47900e-01,-0.053,0.062
2.47910e-01,-0.063,0.06
2.47920e-01,-0.065,0.068
2.47930e-01,-0.061,0.06
2.47940e-01,-0.059,0.066
2.47950e-01,-0.063,0.064
2.47960e-01,-0.059,0.064
2.47970e-01,-0.057,0.06
2.47980e-01,-0.063,0.062
2.47990e-01,-0.061,0.06
2.48000e-01,-0.061,0.066
2.48010e-01,-0.061,0.062
2.48020e-01,-0.061,0.064
2.48030e-01,-0.061,0.064
2.48040e-01,-0.061,0.066
2.48050e-01,-0.061,0.06
2.48060e-01,-0.053,0.06
2.48070e-01,-0.061,0.062
2.48080e-01,-0.059,0.064
2.48090e-01,-0.055,0.062
2.48100e-01,-0.059,0.062
2.48110e-01,-0.059,0.06
2.48120e-01,-0.061,0.064
2.48130e-01,-0.053,0.06
2.48140e-01,-0.055,0.06
2.48150e-01,-0.057,0.06
2.48160e-01,-0.059,0.064
2.48170e-01,-0.055,0.06
2.48180e-01,-0.057,0.058
2.48190e-01,-0.059,0.06
2.48200e-01,-0.059,0.064
2.48210e-01,-0.055,0.06
2.48220e-01,-0.057,0.062
2.48230e-01,-0.057,0.062
2.48240e-01,-0.059,0.066
2.48250e-01,-0.059,0.06
2.48260e-01,-0.063,0.064
2.48270e-01,-0.065,0.064
2.48280e-01,-0.059,0.062
2.48290e-01,-0.055,0.062
2.48300e-01,-0.055,0.06
2.48310e-01,-0.063,0.062
2.48320e-01,-0.061,0.06
2.48330e-01,-0.061,0.064
2.48340e-01,-0.063,0.064
2.48350e-01,-0.055,0.056
2.48360e-01,-0.061,0.064
2.48370e-01,-0.049,0.05
2.48380e-01,-0.063,0.064
2.48390e-01,-0.063,0.064
2.48400e-01,-0.063,0.064
2.48410e-01,-0.059,0.064
2.48420e-01,-0.065,0.066
2.48430e-01,-0.061,0.064
2.48440e-01,-0.061,0.06
2.48450e-01,-0.061,0.064
2.48460e-01,-0.059,0.064
2.48470e-01,-0.059,0.062
2.48480e-01,-0.059,0.064
2.48490e-01,-0.059,0.062
2.48500e-01,-0.061,0.064
2.48510e-01,-0.059,0.064
2.48520e-01,-0.059,0.062
2.48530e-01,-0.057,0.06
2.48540e-01,-0.059,0.062
2.48550e-01,-0.055,0.06
2.48560e-01,-0.061,0.064
2.48570e-01,-0.063,0.064
2.48580e-01,-0.059,0.064
2.48590e-01,-0.057,0.06
2.48600e-01,-0.061,0.062
2.48610e-01,-0.057,0.06
2.48620e-01,-0.057,0.06
2.48630e-01,-0.061,0.06
2.48640e-01,-0.059,0.066
2.48650e-01,-0.059,0.062
2.48660e-01,-0.061,0.064
2.48670e-01,-0.061,0.064
2.48680e-01,-0.061,0.066
2.48690e-01,-0.063,0.06
2.48700e-01,-0.061,0.062
2.48710e-01,-0.065,0.064
2.48720e-01,-0.061,0.064
2.48730e-01,-0.059,0.064
2.48740e-01,-0.063,0.064
2.48750e-01,-0.055,0.064
2.48760e-01,-0.055,0.062
2.48770e-01,-0.061,0.062
2.48780e-01,-0.063,0.066
2.48790e-01,-0.059,0.066
2.48800e-01,-0.057,0.066
2.48810e-01,-0.059,0.062
2.48820e-01,-0.061,0.064
2.48830e-01,-0.059,0.066
2.48840e-01,-0.061,0.066
2.48850e-01,-0.059,0.068
2.48860e-01,-0.061,0.062
2.48870e-01,-0.061,0.06
2.48880e-01,-0.061,0.064
2.48890e-01,-0.061,0.062
2.48900e-01,-0.061,0.06
2.48910e-01,-0.059,0.062
2.48920e-01,-0.057,0.062
2.48930e-01,-0.059,0.064
2.48940e-01,-0.059,0.064
2.48950e-01,-0.055,0.062
2.48960e-01,-0.055,0.06
2.48970e-01,-0.061,0.064
2.48980e-01,-0.061,0.064
2.48990e-01,-0.063,0.064
2.49000e-01,-0.055,0.062
2.49010e-01,-0.061,0.062
2.49020e-01,-0.061,0.06
2.49030e-01,-0.055,0.06
2.49040e-01,-0.059,0.06
2.49050e-01,-0.059,0.064
2.49060e-01,-0.059,0.064
2.49070e-01,-0.061,0.064
2.49080e-01,-0.057,0.062
2.49090e-01,-0.061,0.064
2.49100e-01,-0.061,0.064
2.49110e-01,-0.063,0.064
2.49120e-01,-0.061,0.066
2.49130e-01,-0.059,0.062
2.49140e-01,-0.061,0.06
2.49150e-01,-0.063,0.066
2.49160e-01,-0.061,0.064
2.49170e-01,-0.057,0.058
2.49180e-01,-0.063,0.064
2.49190e-01,-0.057,0.06
2.49200e-01,-0.061,0.064
2.49210e-01,-0.059,0.064
2.49220e-01,-0.063,0.064
2.49230e-01,-0.063,0.064
2.49240e-01,-0.061,0.064
2.49250e-01,-0.061,0.064
2.49260e-01,-0.061,0.062
2.49270e-01,-0.067,0.062
2.49280e-01,-0.061,0.064
2.49290e-01,-0.061,0.066
2.49300e-01,-0.057,0.06
2.49310e-01,-0.057,0.062
2.49320e-01,-0.057,0.06
2.49330e-01,-0.057,0.06
2.49340e-01,-0.059,0.06
2.49350e-01,-0.065,0.064
2.49360e-01,-0.061,0.06
2.49370e-01,-0.059,0.06
2.49380e-01,-0.055,0.062
2.49390e-01,-0.063,0.066
2.49400e-01,-0.057,0.06
2.49410e-01,-0.061,0.066
2.49420e-01,-0.033,0.04
2.49430e-01,-0.061,0.062
2.49440e-01,-0.053,0.058
2.49450e-01,-0.059,0.062
2.49460e-01,-0.057,0.06
2.49470e-01,-0.057,0.064
2.49480e-01,-0.055,0.058
2.49490e-01,-0.059,0.062
2.49500e-01,-0.059,0.06
2.49510e-01,-0.059,0.058
2.49520e-01,-0.055,0.06
2.49530e-01,-0.053,0.058
2.49540e-01,-0.055,0.06
2.49550e-01,-0.063,0.064
2.49560e-01,-0.061,0.062
2.49570e-01,-0.059,0.058
2.49580e-01,-0.061,0.064
2.49590e-01,-0.051,0.06
2.49600e-01,-0.061,0.06
2.49610e-01,-0.059,0.062
2.49620e-01,-0.055,0.06
2.49630e-01,-0.061,0.062
2.49640e-01,-0.061,0.064
2.49650e-01,-0.059,0.062
2.49660e-01,-0.061,0.06
2.49670e-01,-0.063,0.06
2.49680e-01,-0.055,0.058
2.49690e-01,-0.061,0.064
2.49700e-01,-0.031,0.038
2.49710e-01,-0.057,0.062
2.49720e-01,-0.061,0.066
2.49730e-01,-0.055,0.062
2.49740e-01,-0.055,0.06
2.49750e-01,-0.057,0.06
2.49760e-01,-0.061,0.064
2.49770e-01,-0.053,0.06
2.49780e-01,-0.059,0.064
2.49790e-01,-0.051,0.056
2.49800e-01,-0.063,0.064
2.49810e-01,-0.055,0.06
2.49820e-01,-0.059,0.06
2.49830e-01,-0.063,0.064
2.49840e-01,-0.059,0.062
2.49850e-01,-0.065,0.064
2.49860e-01,-0.055,0.056
2.49870e-01,-0.051,0.06
2.49880e-01,-0.059,0.062
2.49890e-01,-0.061,0.062
2.49900e-01,-0.061,0.066
2.49910e-01,-0.057,0.06
2.49920e-01,-0.063,0.062
2.49930e-01,-0.063,0.06
2.49940e-01,-0.063,0.064
2.49950e-01,-0.053,0.058
2.49960e-01,-0.059,0.064
2.49970e-01,-0.059,0.06
2.49980e-01,-0.061,0.062
2.49990e-01,-0.057,0.06
2.50000e-01,-0.059,0.062
2.50010e-01,-0.061,0.062
2.50020e-01,-0.051,0.058
2.50030e-01,-0.053,0.056
2.50040e-01,-0.059,0.062
2.50050e-01,-0.059,0.058
2.50060e-01,-0.061,0.064
2.50070e-01,-0.063,0.062
2.50080e-01,-0.061,0.064
2.50090e-01,-0.059,0.064
2.50100e-01,-0.063,0.062
2.50110e-01,-0.059,0.064
2.50120e-01,-0.061,0.064
2.50130e-01,-0.061,0.064
2.50140e-01,-0.057,0.064
2.50150e-01,-0.059,0.062
2.50160e-01,-0.059,0.066
2.50170e-01,-0.059,0.062
2.50180e-01,-0.063,0.066
2.50190e-01,-0.059,0.062
2.50200e-01,-0.059,0.058
2.50210e-01,-0.063,0.064
2.50220e-01,-0.061,0.064
2.50230e-01,-0.061,0.064
2.50240e-01,-0.059,0.064
2.50250e-01,-0.055,0.062
2.50260e-01,-0.049,0.052
2.50270e-01,-0.059,0.06
2.50280e-01,-0.061,0.062
2.50290e-01,-0.059,0.06
2.50300e-01,-0.061,0.064
2.50310e-01,-0.061,0.062
2.50320e-01,-0.059,0.066
2.50330e-01,-0.063,0.066
2.50340e-01,-0.059,0.064
2.50350e-01,-0.061,0.066
2.50360e-01,-0.063,0.062
2.50370e-01,-0.053,0.06
2.50380e-01,-0.063,0.064
2.50390e-01,-0.057,0.06
2.50400e-01,-0.057,0.06
2.50410e-01,-0.053,0.054
2.50420e-01,-0.061,0.064
2.50430e-01,-0.055,0.058
2.50440e-01,-0.057,0.056
2.50450e-01,-0.059,0.062
2.50460e-01,-0.055,0.06
2.50470e-01,-0.057,0.062
2.50480e-01,-0.059,0.064
2.50490e-01,-0.061,0.062
2.50500e-01,-0.063,0.062
2.50510e-01,-0.057,0.06
2.50520e-01,-0.057,0.064
2.50530e-01,-0.063,0.064
2.50540e-01,-0.063,0.066
2.50550e-01,-0.061,0.062
2.50560e-01,-0.061,0.064
2.50570e-01,-0.061,0.064
2.50580e-01,-0.057,0.06
2.50590e-01,-0.063,0.064
2.50600e-01,-0.063,0.062
2.50610e-01,-0.059,0.066
2.50620e-01,-0.057,0.062
2.50630e-01,-0.061,0.064
2.50640e-01,-0.059,0.062
2.50650e-01,-0.061,0.066
2.50660e-01,-0.057,0.068
2.50670e-01,-0.059,0.062
2.50680e-01,-0.053,0.06
2.50690e-01,-0.055,0.064
2.50700e-01,-0.061,0.064
2.50710e-01,-0.061,0.062
2.50720e-01,-0.063,0.064
2.50730e-01,-0.059,0.064
2.50740e-01,-0.061,0.064
2.50750e-01,-0.063,0.062
2.50760e-01,-0.063,0.062
2.50770e-01,-0.059,0.06
2.50780e-01,-0.061,0.06
2.50790e-01,-0.059,0.064
2.50800e-01,-0.063,0.062
2.50810e-01,-0.055,0.06
2.50820e-01,-0.055,0.06
2.50830e-01,-0.053,0.06
2.50840e-01,-0.063,0.062
2.50850e-01,-0.061,0.064
2.50860e-01,-0.063,0.06
2.50870e-01,-0.059,0.062
2.50880e-01,-0.057,0.064
2.50890e-01,-0.063,0.066
2.50900e-01,-0.059,0.062
2.50910e-01,-0.061,0.066
2.50920e-01,-0.063,0.066
2.50930e-01,-0.057,0.064
2.50940e-01,-0.061,0.064
2.50950e-01,-0.059,0.06
2.50960e-01,-0.063,0.064
2.50970e-01,-0.061,0.064
2.50980e-01,-0.057,0.06
2.50990e-01,-0.057,0.06
2.51000e-01,-0.061,0.064
2.51010e-01,-0.059,0.064
2.51020e-01,-0.063,0.062
2.51030e-01,-0.059,0.062
2.51040e-01,-0.065,0.064
2.51050e-01,-0.057,0.062
2.51060e-01,-0.057,0.062
2.51070e-01,-0.059,0.062
2.51080e-01,-0.059,0.066
2.51090e-01,-0.047,0.05
2.51100e-01,-0.059,0.062
2.51110e-01,-0.053,0.06
2.51120e-01,-0.061,0.064
2.51130e-01,-0.059,0.062
2.51140e-01,-0.059,0.064
2.51150e-01,-0.061,0.066
2.51160e-01,-0.059,0.06
2.51170e-01,-0.061,0.064
2.51180e-01,-0.059,0.062
2.51190e-01,-0.055,0.058
2.51200e-01,-0.055,0.06
2.51210e-01,-0.057,0.062
2.51220e-01,-0.061,0.062
2.51230e-01,-0.057,0.064
2.51240e-01,-0.059,0.064
2.51250e-01,-0.059,0.064
2.51260e-01,-0.061,0.062
2.51270e-01,-0.051,0.054
2.51280e-01,-0.059,0.06
2.51290e-01,-0.055,0.054
2.51300e-01,-0.061,0.064
2.51310e-01,-0.053,0.062
2.51320e-01,-0.061,0.064
2.51330e-01,-0.061,0.066
2.51340e-01,-0.059,0.064
2.51350e-01,-0.057,0.064
2.51360e-01,-0.061,0.064
2.51370e-01,-0.059,0.06
2.51380e-01,-0.061,0.064
2.51390e-01,-0.061,0.064
2.51400e-01,-0.057,0.064
2.51410e-01,-0.061,0.064
2.51420e-01,-0.055,0.06
2.51430e-01,-0.055,0.06
2.51440e-01,-0.059,0.06
2.51450e-01,-0.061,0.062
2.51460e-01,-0.061,0.066
2.51470e-01,-0.057,0.06
2.51480e-01,-0.061,0.064
2.51490e-01,-0.057,0.056
2.51500e-01,-0.055,0.066
2.51510e-01,-0.061,0.06
2.51520e-01,-0.059,0.064
2.51530e-01,-0.059,0.06
2.51540e-01,-0.055,0.06
2.51550e-01,-0.059,0.062
2.51560e-01,-0.061,0.064
2.51570e-01,-0.059,0.064
2.51580e-01,-0.057,0.064
2.51590e-01,-0.059,0.064
2.51600e-01,-0.055,0.06
2.51610e-01,-0.057,0.062
2.51620e-01,-0.063,0.064
2.51630e-01,-0.059,0.066
2.51640e-01,-0.063,0.062
2.51650e-01,-0.057,0.062
2.51660e-01,-0.061,0.068
2.51670e-01,-0.057,0.06
2.51680e-01,-0.057,0.062
2.51690e-01,-0.061,0.062
2.51700e-01,-0.059,0.064
2.51710e-01,-0.057,0.06
2.51720e-01,-0.063,0.066
2.51730e-01,-0.055,0.062
2.51740e-01,-0.061,0.062
2.51750e-01,-0.059,0.064
2.51760e-01,-0.053,0.056
2.51770e-01,-0.055,0.062
2.51780e-01,-0.061,0.064
2.51790e-01,-0.059,0.064
2.51800e-01,-0.061,0.062
2.51810e-01,-0.061,0.064
2.51820e-01,-0.057,0.06
2.51830e-01,-0.061,0.064
2.51840e-01,-0.053,0.058
2.51850e-01,-0.063,0.062
2.51860e-01,-0.061,0.064
2.51870e-01,-0.063,0.064
2.51880e-01,-0.057,0.06
2.51890e-01,-0.063,0.064
2.51900e-01,-0.057,0.062
2.51910e-01,-0.055,0.064
2.51920e-01,-0.061,0.066
2.51930e-01,-0.061,0.064
2.51940e-01,-0.063,0.064
2.51950e-01,-0.057,0.062
2.51960e-01,-0.065,0.064
2.51970e-01,-0.063,0.066
2.51980e-01,-0.059,0.064
2.51990e-01,-0.061,0.064
2.52000e-01,-0.059,0.06
2.52010e-01,-0.059,0.062
2.52020e-01,-0.055,0.06
2.52030e-01,-0.061,0.064
2.52040e-01,-0.061,0.06
2.52050e-01,-0.061,0.062
2.52060e-01,-0.059,0.062
2.52070e-01,-0.053,0.058
2.52080e-01,-0.057,0.056
2.52090e-01,-0.057,0.062
2.52100e-01,-0.057,0.056
2.52110e-01,-0.057,0.062
2.52120e-01,-0.051,0.056
2.52130e-01,-0.059,0.064
2.52140e-01,-0.055,0.058
2.52150e-01,-0.055,0.06
2.52160e-01,-0.049,0.052
2.52170e-01,-0.055,0.058
2.52180e-01,-0.057,0.06
2.52190e-01,-0.061,0.062
2.52200e-01,-0.059,0.062
2.52210e-01,-0.063,0.064
2.52220e-01,-0.059,0.06
2.52230e-01,-0.057,0.064
2.52240e-01,-0.059,0.064
2.52250e-01,-0.061,0.062
2.52260e-01,-0.059,0.06
2.52270e-01,-0.059,0.06
2.52280e-01,-0.061,0.064
2.52290e-01,-0.059,0.06
2.52300e-01,-0.061,0.068
2.52310e-01,-0.061,0.066
2.52320e-01,-0.057,0.066
2.52330e-01,-0.063,0.064
2.52340e-01,-0.057,0.064
2.52350e-01,-0.061,0.064
2.52360e-01,-0.061,0.064
2.52370e-01,-0.057,0.064
2.52380e-01,-0.063,0.064
2.52390e-01,-0.059,0.06
2.52400e-01,-0.057,0.06
2.52410e-01,-0.061,0.066
2.52420e-01,-0.055,0.06
2.52430e-01,-0.061,0.064
2.52440e-01,-0.063,0.064
2.52450e-01,-0.061,0.064
2.52460e-01,-0.061,0.064
2.52470e-01,-0.063,0.07
2.52480e-01,-0.055,0.06
2.52490e-01,-0.059,0.066
2.52500e-01,-0.053,0.06
2.52510e-01,-0.059,0.06
2.52520e-01,-0.055,0.064
2.52530e-01,-0.057,0.062
2.52540e-01,-0.061,0.062
2.52550e-01,-0.061,0.062
2.52560e-01,-0.057,0.06
2.52570e-01,-0.059,0.064
2.52580e-01,-0.059,0.064
2.52590e-01,-0.063,0.064
2.52600e-01,-0.059,0.066
2.52610e-01,-0.063,0.062
2.52620e-01,-0.061,0.07
2.52630e-01,-0.061,0.064
2.52640e-01,-0.061,0.06
2.52650e-01,-0.061,0.062
2.52660e-01,-0.057,0.06
2.52670e-01,-0.055,0.06
2.52680e-01,-0.059,0.06
2.52690e-01,-0.061,0.066
2.52700e-01,-0.059,0.064
2.52710e-01,-0.065,0.06
2.52720e-01,-0.049,0.058
2.52730e-01,-0.059,0.062
2.52740e-01,-0.061,0.064
2.52750e-01,-0.065,0.066
2.52760e-01,-0.055,0.058
2.52770e-01,-0.063,0.064
2.52780e-01,-0.061,0.064
2.52790e-01,-0.061,0.064
2.52800e-01,-0.063,0.062
2.52810e-01,-0.057,0.06
2.52820e-01,-0.063,0.064
2.52830e-01,-0.055,0.06
2.52840e-01,-0.059,0.062
2.52850e-01,-0.055,0.062
2.52860e-01,-0.061,0.062
2.52870e-01,-0.063,0.062
2.52880e-01,-0.061,0.064
2.52890e-01,-0.061,0.064
2.52900e-01,-0.063,0.064
2.52910e-01,-0.057,0.06
2.52920e-01,-0.059,0.064
2.52930e-01,-0.059,0.062
2.52940e-01,-0.061,0.062
2.52950e-01,-0.061,0.064
2.52960e-01,-0.059,0.064
2.52970e-01,-0.061,0.064
2.52980e-01,-0.061,0.064
2.52990e-01,-0.065,0.06
2.53000e-01,-0.059,0.062
2.53010e-01,-0.055,0.06
2.53020e-01,-0.061,0.066
2.53030e-01,-0.063,0.066
2.53040e-01,-0.061,0.064
2.53050e-01,-0.059,0.064
2.53060e-01,-0.059,0.064
2.53070e-01,-0.061,0.064
2.53080e-01,-0.063,0.064
2.53090e-01,-0.063,0.064
2.53100e-01,-0.061,0.064
2.53110e-01,-0.057,0.06
2.53120e-01,-0.063,0.062
2.53130e-01,-0.059,0.066
2.53140e-01,-0.061,0.062
2.53150e-01,-0.063,0.064
2.53160e-01,-0.061,0.064
2.53170e-01,-0.061,0.066
2.53180e-01,-0.053,0.062
2.53190e-01,-0.055,0.066
2.53200e-01,-0.061,0.06
2.53210e-01,-0.059,0.062
2.53220e-01,-0.051,0.052
2.53230e-01,-0.053,0.06
2.53240e-01,-0.059,0.06
2.53250e-01,-0.055,0.064
2.53260e-01,-0.061,0.064
2.53270e-01,-0.053,0.06
2.53280e-01,-0.059,0.064
2.53290e-01,-0.059,0.06
2.53300e-01,-0.061,0.064
2.53310e-01,-0.061,0.062
2.53320e-01,-0.059,0.06
2.53330e-01,-0.061,0.06
2.53340e-01,-0.061,0.064
2.53350e-01,-0.061,0.064
2.53360e-01,-0.061,0.064
2.53370e-01,-0.059,0.066
2.53380e-01,-0.059,0.062
2.53390e-01,-0.063,0.064
2.53400e-01,-0.053,0.056
2.53410e-01,-0.055,0.06
2.53420e-01,-0.061,0.06
2.53430e-01,-0.059,0.062
2.53440e-01,-0.059,0.062
2.53450e-01,-0.057,0.062
2.53460e-01,-0.063,0.064
2.53470e-01,-0.059,0.062
2.53480e-01,-0.057,0.064
2.53490e-01,-0.063,0.062
2.53500e-01,-0.059,0.064
2.53510e-01,-0.063,0.062
2.53520e-01,-0.057,0.064
2.53530e-01,-0.059,0.062
2.53540e-01,-0.059,0.06
2.53550e-01,-0.059,0.064
2.53560e-01,-0.061,0.062
2.53570e-01,-0.061,0.066
2.53580e-01,-0.063,0.064
2.53590e-01,-0.057,0.062
2.53600e-01,-0.055,0.06
2.53610e-01,-0.053,0.058
2.53620e-01,-0.057,0.054
2.53630e-01,-0.061,0.062
2.53640e-01,-0.063,0.064
2.53650e-01,-0.061,0.064
2.53660e-01,-0.057,0.064
2.53670e-01,-0.057,0.06
2.53680e-01,-0.061,0.064
2.53690e-01,-0.055,0.06
2.53700e-01,-0.059,0.064
2.53710e-01,-0.061,0.062
2.53720e-01,-0.063,0.064
2.53730e-01,-0.059,0.064
2.53740e-01,-0.057,0.06
2.53750e-01,-0.063,0.062
2.53760e-01,-0.051,0.056
2.53770e-01,-0.061,0.066
2.53780e-01,-0.057,0.06
2.53790e-01,-0.057,0.06
2.53800e-01,-0.063,0.062
2.53810e-01,-0.063,0.064
2.53820e-01,-0.059,0.062
2.53830e-01,-0.063,0.064
2.53840e-01,-0.061,0.062
2.53850e-01,-0.059,0.06
2.53860e-01,-0.061,0.062
2.53870e-01,-0.059,0.062
2.53880e-01,-0.063,0.066
2.53890e-01,-0.061,0.064
2.53900e-01,-0.061,0.066
2.53910e-01,-0.061,0.064
2.53920e-01,-0.061,0.06
2.53930e-01,-0.057,0.06
2.53940e-01,-0.059,0.062
2.53950e-01,-0.057,0.062
2.53960e-01,-0.059,0.064
2.53970e-01,-0.061,0.062
2.53980e-01,-0.059,0.064
2.53990e-01,-0.061,0.062
2.54000e-01,-0.063,0.064
2.54010e-01,-0.055,0.06
2.54020e-01,-0.061,0.062
2.54030e-01,-0.061,0.066
2.54040e-01,-0.059,0.066
2.54050e-01,-0.061,0.064
2.54060e-01,-0.057,0.062
2.54070e-01,-0.057,0.064
2.54080e-01,-0.063,0.066
2.54090e-01,-0.063,0.06
2.54100e-01,-0.061,0.06
2.54110e-01,-0.059,0.06
2.54120e-01,-0.049,0.056
2.54130e-01,-0.053,0.056
2.54140e-01,-0.057,0.06
2.54150e-01,-0.041,0.046
2.54160e-01,-0.049,0.054
2.54170e-01,-0.059,0.06
2.54180e-01,-0.059,0.062
2.54190e-01,-0.053,0.06
2.54200e-01,-0.059,0.064
2.54210e-01,-0.043,0.05
2.54220e-01,-0.041,0.05
2.54230e-01,-0.059,0.06
2.54240e-01,-0.057,0.06
2.54250e-01,-0.061,0.062
2.54260e-01,-0.061,0.062
2.54270e-01,-0.055,0.06
2.54280e-01,-0.059,0.062
2.54290e-01,-0.061,0.062
2.54300e-01,-0.061,0.062
2.54310e-01,-0.059,0.064
2.54320e-01,-0.061,0.064
2.54330e-01,-0.061,0.06
2.54340e-01,-0.059,0.064
2.54350e-01,-0.063,0.062
2.54360e-01,-0.047,0.052
2.54370e-01,-0.057,0.06
2.54380e-01,-0.055,0.052
2.54390e-01,-0.059,0.062
2.54400e-01,-0.061,0.062
2.54410e-01,-0.055,0.062
2.54420e-01,-0.057,0.062
2.54430e-01,-0.059,0.06
2.54440e-01,-0.059,0.062
2.54450e-01,-0.055,0.06
2.54460e-01,-0.063,0.062
2.54470e-01,-0.059,0.064
2.54480e-01,-0.059,0.062
2.54490e-01,-0.057,0.06
2.54500e-01,-0.065,0.066
2.54510e-01,-0.057,0.064
2.54520e-01,-0.059,0.064
2.54530e-01,-0.059,0.062
2.54540e-01,-0.059,0.064
2.54550e-01,-0.057,0.064
2.54560e-01,-0.053,0.06
2.54570e-01,-0.059,0.062
2.54580e-01,-0.059,0.06
2.54590e-01,-0.061,0.06
2.54600e-01,-0.067,0.06
2.54610e-01,-0.063,0.066
2.54620e-01,-0.051,0.058
2.54630e-01,-0.061,0.064
2.54640e-01,-0.059,0.064
2.54650e-01,-0.061,0.064
2.54660e-01,-0.049,0.056
2.54670e-01,-0.059,0.064
2.54680e-01,-0.045,0.05
2.54690e-01,-0.063,0.064
2.54700e-01,-0.061,0.064
2.54710e-01,-0.059,0.062
2.54720e-01,-0.057,0.06
2.54730e-01,-0.059,0.062
2.54740e-01,-0.063,0.062
2.54750e-01,-0.059,0.064
2.54760e-01,-0.061,0.064
2.54770e-01,-0.063,0.064
2.54780e-01,-0.061,0.064
2.54790e-01,-0.059,0.066
2.54800e-01,-0.061,0.06
2.54810e-01,-0.065,0.062
2.54820e-01,-0.063,0.06
2.54830e-01,-0.051,0.056
2.54840e-01,-0.063,0.066
2.54850e-01,-0.055,0.06
2.54860e-01,-0.057,0.062
2.54870e-01,-0.061,0.062
2.54880e-01,-0.059,0.066
2.54890e-01,-0.061,0.062
2.54900e-01,-0.061,0.064
2.54910e-01,-0.059,0.06
2.54920e-01,-0.061,0.062
2.54930e-01,-0.059,0.06
2.54940e-01,-0.059,0.062
2.54950e-01,-0.061,0.062
2.54960e-01,-0.063,0.066
2.54970e-01,-0.059,0.062
2.54980e-01,-0.059,0.062
2.54990e-01,-0.061,0.062
2.55000e-01,-0.061,0.062
2.55010e-01,-0.061,0.064
2.55020e-01,-0.061,0.062
2.55030e-01,-0.065,0.066
2.55040e-01,-0.049,0.058
2.55050e-01,-0.059,0.064
2.55060e-01,-0.059,0.064
2.55070e-01,-0.059,0.064
2.55080e-01,-0.059,0.066
2.55090e-01,-0.059,0.062
2.55100e-01,-0.059,0.062
2.55110e-01,-0.063,0.064
2.55120e-01,-0.061,0.064
2.55130e-01,-0.057,0.062
2.55140e-01,-0.061,0.064
2.55150e-01,-0.063,0.062
2.55160e-01,-0.061,0.066
2.55170e-01,-0.063,0.064
2.55180e-01,-0.061,0.064
2.55190e-01,-0.061,0.062
2.55200e-01,-0.059,0.062
2.55210e-01,-0.061,0.06
2.55220e-01,-0.059,0.064
2.55230e-01,-0.057,0.064
2.55240e-01,-0.059,0.064
2.55250e-01,-0.061,0.062
2.55260e-01,-0.061,0.062
2.55270e-01,-0.063,0.064
2.55280e-01,-0.059,0.062
2.55290e-01,-0.059,0.062
2.55300e-01,-0.059,0.062
2.55310e-01,-0.061,0.062
2.55320e-01,-0.055,0.06
2.55330e-01,-0.059,0.064
2.55340e-01,-0.057,0.062
2.55350e-01,-0.059,0.062
2.55360e-01,-0.061,0.06
2.55370e-01,-0.055,0.06
2.55380e-01,-0.063,0.062
2.55390e-01,-0.063,0.062
2.55400e-01,-0.059,0.064
2.55410e-01,-0.061,0.062
2.55420e-01,-0.063,0.066
2.55430e-01,-0.059,0.064
2.55440e-01,-0.059,0.064
2.55450e-01,-0.063,0.06
2.55460e-01,-0.061,0.064
2.55470e-01,-0.063,0.062
2.55480e-01,-0.059,0.064
2.55490e-01,-0.061,0.06
2.55500e-01,-0.061,0.062
2.55510e-01,-0.057,0.06
2.55520e-01,-0.061,0.066
2.55530e-01,-0.057,0.062
2.55540e-01,-0.051,0.06
2.55550e-01,-0.059,0.06
2.55560e-01,-0.057,0.06
2.55570e-01,-0.059,0.06
2.55580e-01,-0.059,0.062
2.55590e-01,-0.061,0.06
2.55600e-01,-0.051,0.058
2.55610e-01,-0.053,0.058
2.55620e-01,-0.057,0.058
2.55630e-01,-0.061,0.064
2.55640e-01,-0.059,0.062
2.55650e-01,-0.059,0.064
2.55660e-01,-0.063,0.062
2.55670e-01,-0.059,0.062
2.55680e-01,-0.063,0.062
2.55690e-01,-0.061,0.066
2.55700e-01,-0.063,0.064
2.55710e-01,-0.061,0.064
2.55720e-01,-0.063,0.064
2.55730e-01,-0.063,0.064
2.55740e-01,-0.057,0.064
2.55750e-01,-0.063,0.064
2.55760e-01,-0.057,0.06
2.55770e-01,-0.059,0.064
2.55780e-01,-0.061,0.064
2.55790e-01,-0.057,0.062
2.55800e-01,-0.061,0.064
2.55810e-01,-0.061,0.066
2.55820e-01,-0.061,0.062
2.55830e-01,-0.061,0.066
2.55840e-01,-0.059,0.064
2.55850e-01,-0.063,0.062
2.55860e-01,-0.057,0.06
2.55870e-01,-0.059,0.064
2.55880e-01,-0.057,0.062
2.55890e-01,-0.061,0.06
2.55900e-01,-0.055,0.062
2.55910e-01,-0.049,0.056
2.55920e-01,-0.061,0.062
2.55930e-01,-0.063,0.066
2.55940e-01,-0.061,0.064
2.55950e-01,-0.061,0.062
2.55960e-01,-0.065,0.064
2.55970e-01,-0.059,0.06
2.55980e-01,-0.061,0.064
2.55990e-01,-0.057,0.064
2.56000e-01,-0.063,0.064
2.56010e-01,-0.063,0.064
2.56020e-01,-0.063,0.06
2.56030e-01,-0.057,0.064
2.56040e-01,-0.061,0.064
2.56050e-01,-0.059,0.064
2.56060e-01,-0.061,0.064
2.56070e-01,-0.061,0.064
2.56080e-01,-0.061,0.064
2.56090e-01,-0.063,0.07
2.56100e-01,-0.063,0.062
2.56110e-01,-0.063,0.066
2.56120e-01,-0.061,0.064
2.56130e-01,-0.057,0.06
2.56140e-01,-0.059,0.064
2.56150e-01,-0.061,0.064
2.56160e-01,-0.059,0.062
2.56170e-01,-0.059,0.064
2.56180e-01,-0.051,0.054
2.56190e-01,-0.063,0.064
2.56200e-01,-0.059,0.062
2.56210e-01,-0.061,0.064
2.56220e-01,-0.061,0.066
2.56230e-01,-0.061,0.064
2.56240e-01,-0.061,0.066
2.56250e-01,-0.067,0.066
2.56260e-01,-0.061,0.062
2.56270e-01,-0.059,0.06
2.56280e-01,-0.063,0.064
2.56290e-01,-0.057,0.064
2.56300e-01,-0.061,0.064
2.56310e-01,-0.057,0.064
2.56320e-01,-0.061,0.062
2.56330e-01,-0.057,0.064
2.56340e-01,-0.053,0.056
2.56350e-01,-0.055,0.06
2.56360e-01,-0.061,0.06
2.56370e-01,-0.061,0.064
2.56380e-01,-0.059,0.062
2.56390e-01,-0.061,0.06
2.56400e-01,-0.063,0.062
2.56410e-01,-0.061,0.064
2.56420e-01,-0.061,0.064
2.56430e-01,-0.059,0.062
2.56440e-01,-0.061,0.06
2.56450e-01,-0.049,0.058
2.56460e-01,-0.057,0.06
2.56470e-01,-0.063,0.064
2.56480e-01,-0.059,0.064
2.56490e-01,-0.057,0.062
2.56500e-01,-0.063,0.064
2.56510e-01,-0.057,0.06
2.56520e-01,-0.057,0.06
2.56530e-01,-0.061,0.06
2.56540e-01,-0.061,0.062
2.56550e-01,-0.061,0.064
2.56560e-01,-0.059,0.062
2.56570e-01,-0.061,0.062
2.56580e-01,-0.063,0.064
2.56590e-01,-0.061,0.066
2.56600e-01,-0.059,0.06
2.56610e-01,-0.055,0.06
2.56620e-01,-0.061,0.066
2.56630e-01,-0.061,0.06
2.56640e-01,-0.061,0.064
2.56650e-01,-0.061,0.062
2.56660e-01,-0.063,0.06
2.56670e-01,-0.057,0.066
2.56680e-01,-0.061,0.062
2.56690e-01,-0.061,0.064
2.56700e-01,-0.057,0.062
2.56710e-01,-0.061,0.062
2.56720e-01,-0.057,0.062
2.56730e-01,-0.063,0.064
2.56740e-01,-0.059,0.062
2.56750e-01,-0.061,0.06
2.56760e-01,-0.061,0.064
2.56770e-01,-0.063,0.064
2.56780e-01,-0.061,0.064
2.56790e-01,-0.059,0.06
2.56800e-01,-0.059,0.062
2.56810e-01,-0.063,0.064
2.56820e-01,-0.057,0.06
2.56830e-01,-0.061,0.062
2.56840e-01,-0.063,0.064
2.56850e-01,-0.061,0.064
2.56860e-01,-0.061,0.062
2.56870e-01,-0.061,0.064
2.56880e-01,-0.051,0.058
2.56890e-01,-0.061,0.066
2.56900e-01,-0.061,0.06
2.56910e-01,-0.059,0.06
2.56920e-01,-0.059,0.064
2.56930e-01,-0.061,0.064
2.56940e-01,-0.053,0.06
2.56950e-01,-0.059,0.06
2.56960e-01,-0.061,0.064
2.56970e-01,-0.061,0.062
2.56980e-01,-0.061,0.062
2.56990e-01,-0.059,0.062
2.57000e-01,-0.063,0.062
2.57010e-01,-0.057,0.06
2.57020e-01,-0.063,0.066
2.57030e-01,-0.057,0.064
2.57040e-01,-0.061,0.064
2.57050e-01,-0.061,0.066
2.57060e-01,-0.059,0.064
2.57070e-01,-0.057,0.062
2.57080e-01,-0.059,0.062
2.57090e-01,-0.063,0.064
2.57100e-01,-0.061,0.06
2.57110e-01,-0.063,0.064
2.57120e-01,-0.061,0.066
2.57130e-01,-0.063,0.062
2.57140e-01,-0.061,0.064
2.57150e-01,-0.059,0.064
2.57160e-01,-0.061,0.066
2.57170e-01,-0.063,0.066
2.57180e-01,-0.059,0.064
2.57190e-01,-0.061,0.064
2.57200e-01,-0.057,0.06
2.57210e-01,-0.061,0.064
2.57220e-01,-0.065,0.064
2.57230e-01,-0.061,0.064
2.57240e-01,-0.061,0.062
2.57250e-01,-0.065,0.064
2.57260e-01,-0.061,0.064
2.57270e-01,-0.061,0.064
2.57280e-01,-0.063,0.064
2.57290e-01,-0.063,0.064
2.57300e-01,-0.061,0.062
2.57310e-01,-0.059,0.064
2.57320e-01,-0.061,0.064
2.57330e-01,-0.063,0.062
2.57340e-01,-0.061,0.062
2.57350e-01,-0.057,0.064
2.57360e-01,-0.059,0.06
2.57370e-01,-0.059,0.062
2.57380e-01,-0.057,0.06
2.57390e-01,-0.061,0.066
2.57400e-01,-0.059,0.062
2.57410e-01,-0.057,0.066
2.57420e-01,-0.057,0.064
2.57430e-01,-0.055,0.058
2.57440e-01,-0.061,0.064
2.57450e-01,-0.059,0.064
2.57460e-01,-0.055,0.064
2.57470e-01,-0.057,0.06
2.57480e-01,-0.065,0.062
2.57490e-01,-0.061,0.064
2.57500e-01,-0.059,0.064
2.57510e-01,-0.063,0.06
2.57520e-01,-0.059,0.066
2.57530e-01,-0.059,0.06
2.57540e-01,-0.059,0.062
2.57550e-01,-0.061,0.064
2.57560e-01,-0.061,0.062
2.57570e-01,-0.059,0.064
2.57580e-01,-0.063,0.064
2.57590e-01,-0.063,0.062
2.57600e-01,-0.061,0.062
2.57610e-01,-0.057,0.062
2.57620e-01,-0.057,0.06
2.57630e-01,-0.061,0.064
2.57640e-01,-0.055,0.06
2.57650e-01,-0.059,0.064
2.57660e-01,-0.063,0.06
2.57670e-01,-0.059,0.062
2.57680e-01,-0.053,0.06
2.57690e-01,-0.057,0.064
2.57700e-01,-0.057,0.06
2.57710e-01,-0.059,0.062
2.57720e-01,-0.061,0.062
2.57730e-01,-0.061,0.06
2.57740e-01,-0.055,0.06
2.57750e-01,-0.055,0.058
2.57760e-01,-0.059,0.064
2.57770e-01,-0.059,0.064
2.57780e-01,-0.061,0.064
2.57790e-01,-0.049,0.056
2.57800e-01,-0.055,0.058
2.57810e-01,-0.057,0.056
2.57820e-01,-0.057,0.06
2.57830e-01,-0.057,0.062
2.57840e-01,-0.059,0.06
2.57850e-01,-0.059,0.06
2.57860e-01,-0.053,0.06
2.57870e-01,-0.057,0.06
2.57880e-01,-0.041,0.046
2.57890e-01,-0.055,0.058
2.57900e-01,-0.043,0.048
2.57910e-01,-0.047,0.05
2.57920e-01,-0.053,0.056
2.57930e-01,-0.059,0.062
2.57940e-01,-0.059,0.06
2.57950e-01,-0.059,0.064
2.57960e-01,-0.059,0.06
2.57970e-01,-0.061,0.062
2.57980e-01,-0.061,0.066
2.57990e-01,-0.061,0.062
2.58000e-01,-0.055,0.06
2.58010e-01,-0.061,0.06
2.58020e-01,-0.063,0.06
2.58030e-01,-0.063,0.066
2.58040e-01,-0.059,0.064
2.58050e-01,-0.057,0.064
2.58060e-01,-0.047,0.05
2.58070e-01,-0.055,0.062
2.58080e-01,-0.059,0.064
2.58090e-01,-0.059,0.062
2.58100e-01,-0.061,0.064
2.58110e-01,-0.055,0.06
2.58120e-01,-0.055,0.06
2.58130e-01,-0.063,0.062
2.58140e-01,-0.063,0.066
2.58150e-01,-0.059,0.066
2.58160e-01,-0.063,0.066
2.58170e-01,-0.053,0.06
2.58180e-01,-0.059,0.06
2.58190e-01,-0.063,0.06
2.58200e-01,-0.061,0.062
2.58210e-01,-0.059,0.058
2.58220e-01,-0.059,0.066
2.58230e-01,-0.065,0.066
2.58240e-01,-0.063,0.064
2.58250e-01,-0.059,0.06
2.58260e-01,-0.061,0.064
2.58270e-01,-0.055,0.06
2.58280e-01,-0.061,0.064
2.58290e-01,-0.059,0.064
2.58300e-01,-0.057,0.062
2.58310e-01,-0.059,0.064
2.58320e-01,-0.059,0.062
2.58330e-01,-0.059,0.064
2.58340e-01,-0.059,0.062
2.58350e-01,-0.061,0.062
2.58360e-01,-0.055,0.06
2.58370e-01,-0.059,0.064
2.58380e-01,-0.059,0.06
2.58390e-01,-0.061,0.062
2.58400e-01,-0.061,0.064
2.58410e-01,-0.059,0.064
2.58420e-01,-0.057,0.06
2.58430e-01,-0.059,0.062
2.58440e-01,-0.059,0.06
2.58450e-01,-0.057,0.06
2.58460e-01,-0.063,0.062
2.58470e-01,-0.061,0.064
2.58480e-01,-0.063,0.062
2.58490e-01,-0.057,0.06
2.58500e-01,-0.061,0.064
2.58510e-01,-0.063,0.062
2.58520e-01,-0.063,0.068
2.58530e-01,-0.055,0.06
2.58540e-01,-0.061,0.064
2.58550e-01,-0.061,0.064
2.58560e-01,-0.059,0.06
2.58570e-01,-0.061,0.064
2.58580e-01,-0.063,0.06
2.58590e-01,-0.059,0.062
2.58600e-01,-0.057,0.066
2.58610e-01,-0.053,0.058
2.58620e-01,-0.061,0.064
2.58630e-01,-0.057,0.06
2.58640e-01,-0.061,0.064
2.58650e-01,-0.061,0.062
2.58660e-01,-0.059,0.064
2.58670e-01,-0.055,0.056
2.58680e-01,-0.059,0.064
2.58690e-01,-0.053,0.056
2.58700e-01,-0.061,0.064
2.58710e-01,-0.057,0.062
2.58720e-01,-0.059,0.062
2.58730e-01,-0.057,0.06
2.58740e-01,-0.059,0.062
2.58750e-01,-0.061,0.064
2.58760e-01,-0.061,0.06
2.58770e-01,-0.057,0.062
2.58780e-01,-0.059,0.064
2.58790e-01,-0.061,0.064
2.58800e-01,-0.063,0.068
2.58810e-01,-0.061,0.066
2.58820e-01,-0.061,0.06
2.58830e-01,-0.061,0.066
2.58840e-01,-0.059,0.064
2.58850e-01,-0.057,0.062
2.58860e-01,-0.059,0.064
2.58870e-01,-0.055,0.06
2.58880e-01,-0.061,0.064
2.58890e-01,-0.055,0.06
2.58900e-01,-0.047,0.056
2.58910e-01,-0.049,0.054
2.58920e-01,-0.061,0.058
2.58930e-01,-0.053,0.056
2.58940e-01,-0.063,0.062
2.58950e-01,-0.057,0.06
2.58960e-01,-0.055,0.058
2.58970e-01,-0.061,0.064
2.58980e-01,-0.061,0.066
2.58990e-01,-0.059,0.06
2.59000e-01,-0.059,0.062
2.59010e-01,-0.059,0.064
2.59020e-01,-0.061,0.064
2.59030e-01,-0.061,0.066
2.59040e-01,-0.055,0.06
2.59050e-01,-0.061,0.062
2.59060e-01,-0.057,0.058
2.59070e-01,-0.049,0.054
2.59080e-01,-0.049,0.052
2.59090e-01,-0.059,0.064
2.59100e-01,-0.055,0.06
2.59110e-01,-0.061,0.064
2.59120e-01,-0.063,0.064
2.59130e-01,-0.055,0.06
2.59140e-01,-0.063,0.062
2.59150e-01,-0.059,0.062
2.59160e-01,-0.043,0.046
2.59170e-01,-0.059,0.064
2.59180e-01,-0.061,0.062
2.59190e-01,-0.063,0.06
2.59200e-01,-0.061,0.064
2.59210e-01,-0.055,0.056
2.59220e-01,-0.063,0.064
2.59230e-01,-0.059,0.062
2.59240e-01,-0.063,0.064
2.59250e-01,-0.063,0.064
2.59260e-01,-0.057,0.062
2.59270e-01,-0.061,0.064
2.59280e-01,-0.049,0.06
2.59290e-01,-0.059,0.062
2.59300e-01,-0.059,0.064
2.59310e-01,-0.051,0.06
2.59320e-01,-0.059,0.062
2.59330e-01,-0.061,0.062
2.59340e-01,-0.053,0.06
2.59350e-01,-0.059,0.064
2.59360e-01,-0.061,0.064
2.59370e-01,-0.059,0.062
2.59380e-01,-0.057,0.06
2.59390e-01,-0.057,0.064
2.59400e-01,-0.061,0.062
2.59410e-01,-0.057,0.062
2.59420e-01,-0.063,0.06
2.59430e-01,-0.065,0.062
2.59440e-01,-0.053,0.06
2.59450e-01,-0.055,0.064
2.59460e-01,-0.059,0.062
2.59470e-01,-0.059,0.064
2.59480e-01,-0.059,0.064
2.59490e-01,-0.061,0.064
2.59500e-01,-0.061,0.066
2.59510e-01,-0.063,0.062
2.59520e-01,-0.061,0.06
2.59530e-01,-0.055,0.062
2.59540e-01,-0.059,0.062
2.59550e-01,-0.053,0.058
2.59560e-01,-0.059,0.064
2.59570e-01,-0.059,0.062
2.59580e-01,-0.055,0.06
2.59590e-01,-0.063,0.062
2.59600e-01,-0.057,0.062
2.59610e-01,-0.061,0.062
2.59620e-01,-0.055,0.06
2.59630e-01,-0.061,0.064
2.59640e-01,-0.059,0.064
2.59650e-01,-0.059,0.06
2.59660e-01,-0.057,0.062
2.59670e-01,-0.061,0.06
2.59680e-01,-0.063,0.068
2.59690e-01,-0.057,0.06
2.59700e-01,-0.063,0.062
2.59710e-01,-0.059,0.062
2.59720e-01,-0.051,0.06
2.59730e-01,-0.061,0.062
2.59740e-01,-0.055,0.06
2.59750e-01,-0.057,0.06
2.59760e-01,-0.057,0.06
2.59770e-01,-0.061,0.064
2.59780e-01,-0.043,0.05
2.59790e-01,-0.059,0.062
2.59800e-01,-0.063,0.064
2.59810e-01,-0.059,0.064
2.59820e-01,-0.061,0.06
2.59830e-01,-0.055,0.06
2.59840e-01,-0.061,0.062
2.59850e-01,-0.061,0.062
2.59860e-01,-0.057,0.064
2.59870e-01,-0.061,0.064
2.59880e-01,-0.059,0.064
2.59890e-01,-0.059,0.06
2.59900e-01,-0.065,0.066
2.59910e-01,-0.057,0.062
2.59920e-01,-0.061,0.06
2.59930e-01,-0.061,0.064
2.59940e-01,-0.057,0.06
2.59950e-01,-0.061,0.064
2.59960e-01,-0.051,0.056
2.59970e-01,-0.061,0.06
2.59980e-01,-0.059,0.06
2.59990e-01,-0.061,0.062
2.60000e-01,-0.061,0.064
2.60010e-01,-0.051,0.058
2.60020e-01,-0.061,0.064
2.60030e-01,-0.055,0.06
2.60040e-01,-0.057,0.062
2.60050e-01,-0.047,0.048
2.60060e-01,-0.053,0.054
2.60070e-01,-0.047,0.05
2.60080e-01,-0.055,0.062
2.60090e-01,-0.053,0.054
2.60100e-01,-0.057,0.064
2.60110e-01,-0.061,0.066
2.60120e-01,-0.059,0.062
2.60130e-01,-0.061,0.064
2.60140e-01,-0.053,0.062
2.60150e-01,-0.059,0.064
2.60160e-01,-0.057,0.062
2.60170e-01,-0.059,0.062
2.60180e-01,-0.061,0.066
2.60190e-01,-0.061,0.064
2.60200e-01,-0.061,0.064
2.60210e-01,-0.059,0.06
2.60220e-01,-0.063,0.062
2.60230e-01,-0.061,0.066
2.60240e-01,-0.061,0.064
2.60250e-01,-0.061,0.064
2.60260e-01,-0.061,0.062
2.60270e-01,-0.055,0.06
2.60280e-01,-0.061,0.064
2.60290e-01,-0.061,0.064
2.60300e-01,-0.059,0.064
2.60310e-01,-0.061,0.062
2.60320e-01,-0.055,0.058
2.60330e-01,-0.057,0.06
2.60340e-01,-0.059,0.062
2.60350e-01,-0.059,0.06
2.60360e-01,-0.061,0.064
2.60370e-01,-0.061,0.06
2.60380e-01,-0.059,0.064
2.60390e-01,-0.061,0.064
2.60400e-01,-0.057,0.062
2.60410e-01,-0.061,0.064
2.60420e-01,-0.061,0.064
2.60430e-01,-0.061,0.064
2.60440e-01,-0.055,0.058
2.60450e-01,-0.063,0.064
2.60460e-01,-0.061,0.064
2.60470e-01,-0.063,0.062
2.60480e-01,-0.063,0.062
2.60490e-01,-0.065,0.064
2.60500e-01,-0.059,0.062
2.60510e-01,-0.057,0.062
2.60520e-01,-0.059,0.064
2.60530e-01,-0.061,0.06
2.60540e-01,-0.061,0.062
2.60550e-01,-0.057,0.06
2.60560e-01,-0.063,0.062
2.60570e-01,-0.059,0.06
2.60580e-01,-0.055,0.062
2.60590e-01,-0.063,0.064
2.60600e-01,-0.061,0.062
2.60610e-01,-0.065,0.066
2.60620e-01,-0.059,0.062
2.60630e-01,-0.061,0.064
2.60640e-01,-0.057,0.064
2.60650e-01,-0.055,0.058
2.60660e-01,-0.063,0.062
2.60670e-01,-0.047,0.05
2.60680e-01,-0.041,0.044
2.60690e-01,-0.045,0.048
2.60700e-01,-0.055,0.06
2.60710e-01,-0.053,0.056
2.60720e-01,-0.059,0.064
2.60730e-01,-0.057,0.06
2.60740e-01,-0.057,0.062
2.60750e-01,-0.055,0.058
2.60760e-01,-0.055,0.062
2.60770e-01,-0.051,0.056
2.60780e-01,-0.049,0.056
2.60790e-01,-0.047,0.054
2.60800e-01,-0.059,0.062
2.60810e-01,-0.057,0.06
2.60820e-01,-0.055,0.06
2.60830e-01,-0.045,0.05
2.60840e-01,-0.047,0.05
2.60850e-01,-0.061,0.062
2.60860e-01,-0.057,0.064
2.60870e-01,-0.057,0.062
2.60880e-01,-0.051,0.058
2.60890e-01,-0.063,0.064
2.60900e-01,-0.059,0.06
2.60910e-01,-0.059,0.064
2.60920e-01,-0.061,0.062
2.60930e-01,-0.061,0.064
2.60940e-01,-0.063,0.066
2.60950e-01,-0.063,0.062
2.60960e-01,-0.059,0.062
2.60970e-01,-0.063,0.064
2.60980e-01,-0.061,0.062
2.60990e-01,-0.041,0.05
2.61000e-01,-0.059,0.06
2.61010e-01,-0.059,0.062
2.61020e-01,-0.061,0.062
2.61030e-01,-0.061,0.064
2.61040e-01,-0.063,0.06
2.61050e-01,-0.055,0.06
2.61060e-01,-0.059,0.064
2.61070e-01,-0.063,0.062
2.61080e-01,-0.055,0.06
2.61090e-01,-0.051,0.056
2.61100e-01,-0.061,0.062
2.61110e-01,-0.047,0.054
2.61120e-01,-0.065,0.064
2.61130e-01,-0.059,0.064
2.61140e-01,-0.059,0.062
2.61150e-01,-0.059,0.062
2.61160e-01,-0.049,0.052
2.61170e-01,-0.061,0.064
2.61180e-01,-0.047,0.048
2.61190e-01,-0.059,0.06
2.61200e-01,-0.059,0.058
2.61210e-01,-0.055,0.058
2.61220e-01,-0.057,0.062
2.61230e-01,-0.053,0.056
2.61240e-01,-0.057,0.06
2.61250e-01,-0.057,0.06
2.61260e-01,-0.059,0.06
2.61270e-01,-0.053,0.058
2.61280e-01,-0.059,0.06
2.61290e-01,-0.057,0.058
2.61300e-01,-0.055,0.064
2.61310e-01,-0.059,0.064
2.61320e-01,-0.059,0.064
2.61330e-01,-0.057,0.064
2.61340e-01,-0.061,0.062
2.61350e-01,-0.061,0.062
2.61360e-01,-0.063,0.06
2.61370e-01,-0.059,0.06
2.61380e-01,-0.063,0.066
2.61390e-01,-0.059,0.06
2.61400e-01,-0.059,0.062
2.61410e-01,-0.055,0.064
2.61420e-01,-0.061,0.064
2.61430e-01,-0.053,0.06
2.61440e-01,-0.059,0.064
2.61450e-01,-0.059,0.06
2.61460e-01,-0.059,0.06
2.61470e-01,-0.065,0.062
2.61480e-01,-0.061,0.062
2.61490e-01,-0.063,0.064
2.61500e-01,-0.059,0.06
2.61510e-01,-0.055,0.06
2.61520e-01,-0.061,0.064
2.61530e-01,-0.061,0.064
2.61540e-01,-0.059,0.064
2.61550e-01,-0.057,0.056
2.61560e-01,-0.063,0.064
2.61570e-01,-0.057,0.058
2.61580e-01,-0.065,0.062
2.61590e-01,-0.061,0.062
2.61600e-01,-0.061,0.066
2.61610e-01,-0.063,0.062
2.61620e-01,-0.061,0.064
2.61630e-01,-0.061,0.064
2.61640e-01,-0.053,0.06
2.61650e-01,-0.061,0.062
2.61660e-01,-0.061,0.06
2.61670e-01,-0.057,0.062
2.61680e-01,-0.059,0.062
2.61690e-01,-0.061,0.064
2.61700e-01,-0.061,0.064
2.61710e-01,-0.061,0.066
2.61720e-01,-0.057,0.064
2.61730e-01,-0.061,0.064
2.61740e-01,-0.057,0.06
2.61750e-01,-0.059,0.062
2.61760e-01,-0.055,0.06
2.61770e-01,-0.063,0.064
2.61780e-01,-0.059,0.062
2.61790e-01,-0.061,0.064
2.61800e-01,-0.055,0.064
2.61810e-01,-0.059,0.064
2.61820e-01,-0.059,0.062
2.61830e-01,-0.063,0.062
2.61840e-01,-0.063,0.064
2.61850e-01,-0.059,0.064
2.61860e-01,-0.051,0.058
2.61870e-01,-0.063,0.064
2.61880e-01,-0.059,0.062
2.61890e-01,-0.059,0.064
2.61900e-01,-0.061,0.062
2.61910e-01,-0.057,0.06
2.61920e-01,-0.055,0.06
2.61930e-01,-0.057,0.064
2.61940e-01,-0.059,0.06
2.61950e-01,-0.061,0.064
2.61960e-01,-0.061,0.064
2.61970e-01,-0.063,0.068
2.61980e-01,-0.063,0.066
2.61990e-01,-0.059,0.06
2.62000e-01,-0.061,0.064
2.62010e-01,-0.053,0.054
2.62020e-01,-0.057,0.06
2.62030e-01,-0.053,0.056
2.62040e-01,-0.059,0.06
2.62050e-01,-0.061,0.064
2.62060e-01,-0.059,0.062
2.62070e-01,-0.059,0.064
2.62080e-01,-0.063,0.064
2.62090e-01,-0.057,0.064
2.62100e-01,-0.057,0.06
2.62110e-01,-0.057,0.062
2.62120e-01,-0.061,0.066
2.62130e-01,-0.061,0.066
2.62140e-01,-0.057,0.062
2.62150e-01,-0.059,0.064
2.62160e-01,-0.059,0.06
2.62170e-01,-0.065,0.064
2.62180e-01,-0.059,0.06
2.62190e-01,-0.061,0.066
2.62200e-01,-0.059,0.06
2.62210e-01,-0.063,0.064
2.62220e-01,-0.053,0.056
2.62230e-01,-0.057,0.06
2.62240e-01,-0.063,0.064
2.62250e-01,-0.061,0.064
2.62260e-01,-0.053,0.06
2.62270e-01,-0.061,0.062
2.62280e-01,-0.059,0.064
2.62290e-01,-0.055,0.058
2.62300e-01,-0.061,0.068
2.62310e-01,-0.061,0.064
2.62320e-01,-0.063,0.064
2.62330e-01,-0.065,0.064
2.62340e-01,-0.061,0.06
2.62350e-01,-0.059,0.062
2.62360e-01,-0.059,0.064
2.62370e-01,-0.057,0.06
2.62380e-01,-0.055,0.062
2.62390e-01,-0.061,0.06
2.62400e-01,-0.059,0.062
2.62410e-01,-0.059,0.064
2.62420e-01,-0.061,0.062
2.62430e-01,-0.059,0.062
2.62440e-01,-0.059,0.064
2.62450e-01,-0.063,0.064
2.62460e-01,-0.061,0.064
2.62470e-01,-0.059,0.064
2.62480e-01,-0.059,0.064
2.62490e-01,-0.063,0.066
2.62500e-01,-0.055,0.06
2.62510e-01,-0.055,0.06
2.62520e-01,-0.059,0.064
2.62530e-01,-0.057,0.06
2.62540e-01,-0.059,0.064
2.62550e-01,-0.061,0.064
2.62560e-01,-0.061,0.062
2.62570e-01,-0.059,0.064
2.62580e-01,-0.051,0.054
2.62590e-01,-0.059,0.064
2.62600e-01,-0.049,0.056
2.62610e-01,-0.061,0.062
2.62620e-01,-0.059,0.064
2.62630e-01,-0.059,0.06
2.62640e-01,-0.061,0.06
2.62650e-01,-0.059,0.06
2.62660e-01,-0.061,0.06
2.62670e-01,-0.063,0.064
2.62680e-01,-0.059,0.064
2.62690e-01,-0.059,0.064
2.62700e-01,-0.059,0.064
2.62710e-01,-0.059,0.064
2.62720e-01,-0.059,0.064
2.62730e-01,-0.059,0.06
2.62740e-01,-0.057,0.062
2.62750e-01,-0.061,0.064
2.62760e-01,-0.057,0.064
2.62770e-01,-0.063,0.064
2.62780e-01,-0.063,0.064
2.62790e-01,-0.045,0.05
2.62800e-01,-0.061,0.062
2.62810e-01,-0.061,0.064
2.62820e-01,-0.061,0.062
2.62830e-01,-0.061,0.064
2.62840e-01,-0.059,0.068
2.62850e-01,-0.061,0.062
2.62860e-01,-0.055,0.06
2.62870e-01,-0.061,0.064
2.62880e-01,-0.049,0.06
2.62890e-01,-0.061,0.064
2.62900e-01,-0.059,0.064
2.62910e-01,-0.063,0.06
2.62920e-01,-0.059,0.06
2.62930e-01,-0.061,0.064
2.62940e-01,-0.055,0.056
2.62950e-01,-0.065,0.064
2.62960e-01,-0.059,0.06
2.62970e-01,-0.053,0.054
2.62980e-01,-0.057,0.06
2.62990e-01,-0.059,0.06
2.63000e-01,-0.057,0.062
2.63010e-01,-0.057,0.06
2.63020e-01,-0.063,0.06
2.63030e-01,-0.051,0.058
2.63040e-01,-0.059,0.06
2.63050e-01,-0.061,0.066
2.63060e-01,-0.059,0.062
2.63070e-01,-0.059,0.062
2.63080e-01,-0.061,0.064
2.63090e-01,-0.059,0.066
2.63100e-01,-0.057,0.062
2.63110e-01,-0.061,0.064
2.63120e-01,-0.061,0.064
2.63130e-01,-0.061,0.066
2.63140e-01,-0.055,0.06
2.63150e-01,-0.057,0.062
2.63160e-01,-0.061,0.064
2.63170e-01,-0.057,0.056
2.63180e-01,-0.059,0.064
2.63190e-01,-0.057,0.062
2.63200e-01,-0.059,0.062
2.63210e-01,-0.061,0.066
2.63220e-01,-0.047,0.052
2.63230e-01,-0.061,0.062
2.63240e-01,-0.059,0.064
2.63250e-01,-0.059,0.06
2.63260e-01,-0.059,0.06
2.63270e-01,-0.061,0.062
2.63280e-01,-0.051,0.054
2.63290e-01,-0.063,0.062
2.63300e-01,-0.059,0.062
2.63310e-01,-0.059,0.062
2.63320e-01,-0.055,0.06
2.63330e-01,-0.057,0.06
2.63340e-01,-0.055,0.06
2.63350e-01,-0.055,0.058
2.63360e-01,-0.039,0.05
2.63370e-01,-0.045,0.05
2.63380e-01,-0.049,0.054
2.63390e-01,-0.053,0.064
2.63400e-01,-0.059,0.062
2.63410e-01,-0.059,0.062
2.63420e-01,-0.055,0.06
2.63430e-01,-0.053,0.058
2.63440e-01,-0.059,0.062
2.63450e-01,-0.063,0.062
2.63460e-01,-0.061,0.064
2.63470e-01,-0.055,0.06
2.63480e-01,-0.063,0.062
2.63490e-01,-0.055,0.06
2.63500e-01,-0.061,0.062
2.63510e-01,-0.055,0.06
2.63520e-01,-0.063,0.062
2.63530e-01,-0.061,0.064
2.63540e-01,-0.061,0.064
2.63550e-01,-0.061,0.064
2.63560e-01,-0.061,0.06
2.63570e-01,-0.059,0.06
2.63580e-01,-0.057,0.064
2.63590e-01,-0.059,0.064
2.63600e-01,-0.063,0.064
2.63610e-01,-0.057,0.06
2.63620e-01,-0.061,0.062
2.63630e-01,-0.055,0.06
2.63640e-01,-0.039,0.044
2.63650e-01,-0.043,0.048
2.63660e-01,-0.039,0.042
2.63670e-01,-0.053,0.056
2.63680e-01,-0.047,0.054
2.63690e-01,-0.061,0.064
2.63700e-01,-0.055,0.06
2.63710e-01,-0.063,0.06
2.63720e-01,-0.051,0.056
2.63730e-01,-0.061,0.062
2.63740e-01,-0.057,0.06
2.63750e-01,-0.061,0.062
2.63760e-01,-0.059,0.06
2.63770e-01,-0.063,0.066
2.63780e-01,-0.061,0.064
2.63790e-01,-0.059,0.066
2.63800e-01,-0.065,0.064
2.63810e-01,-0.061,0.062
2.63820e-01,-0.059,0.066
2.63830e-01,-0.061,0.06
2.63840e-01,-0.061,0.064
2.63850e-01,-0.059,0.062
2.63860e-01,-0.055,0.06
2.63870e-01,-0.055,0.058
2.63880e-01,-0.059,0.066
2.63890e-01,-0.063,0.062
2.63900e-01,-0.057,0.064
2.63910e-01,-0.059,0.062
2.63920e-01,-0.061,0.064
2.63930e-01,-0.057,0.062
2.63940e-01,-0.061,0.06
2.63950e-01,-0.055,0.056
2.63960e-01,-0.061,0.062
2.63970e-01,-0.053,0.056
2.63980e-01,-0.061,0.066
2.63990e-01,-0.061,0.066
2.64000e-01,-0.061,0.062
2.64010e-01,-0.059,0.062
2.64020e-01,-0.053,0.06
2.64030e-01,-0.063,0.06
2.64040e-01,-0.061,0.06
2.64050e-01,-0.055,0.06
2.64060e-01,-0.055,0.06
2.64070e-01,-0.059,0.064
2.64080e-01,-0.061,0.062
2.64090e-01,-0.053,0.056
2.64100e-01,-0.045,0.046
2.64110e-01,-0.061,0.066
2.64120e-01,-0.063,0.062
2.64130e-01,-0.057,0.06
2.64140e-01,-0.061,0.064
2.64150e-01,-0.059,0.062
2.64160e-01,-0.055,0.058
2.64170e-01,-0.045,0.048
2.64180e-01,-0.051,0.054
2.64190e-01,-0.049,0.052
2.64200e-01,-0.055,0.058
2.64210e-01,-0.055,0.058
2.64220e-01,-0.049,0.056
2.64230e-01,-0.035,0.042
2.64240e-01,-0.053,0.06
2.64250e-01,-0.047,0.054
2.64260e-01,-0.057,0.06
2.64270e-01,-0.057,0.06
2.64280e-01,-0.059,0.062
2.64290e-01,-0.057,0.062
2.64300e-01,-0.061,0.066
2.64310e-01,-0.057,0.062
2.64320e-01,-0.063,0.064
2.64330e-01,-0.057,0.064
2.64340e-01,-0.065,0.064
2.64350e-01,-0.063,0.06
2.64360e-01,-0.055,0.058
2.64370e-01,-0.055,0.056
2.64380e-01,-0.061,0.064
2.64390e-01,-0.061,0.064
2.64400e-01,-0.061,0.066
2.64410e-01,-0.061,0.06
2.64420e-01,-0.061,0.064
2.64430e-01,-0.061,0.064
2.64440e-01,-0.063,0.064
2.64450e-01,-0.063,0.064
2.64460e-01,-0.063,0.068
2.64470e-01,-0.057,0.06
2.64480e-01,-0.055,0.06
2.64490e-01,-0.061,0.066
2.64500e-01,-0.061,0.064
2.64510e-01,-0.061,0.066
2.64520e-01,-0.063,0.062
2.64530e-01,-0.061,0.06
2.64540e-01,-0.061,0.064
2.64550e-01,-0.049,0.056
2.64560e-01,-0.059,0.064
2.64570e-01,-0.061,0.06
2.64580e-01,-0.061,0.064
2.64590e-01,-0.059,0.06
2.64600e-01,-0.061,0.066
2.64610e-01,-0.061,0.06
2.64620e-01,-0.059,0.064
2.64630e-01,-0.053,0.06
2.64640e-01,-0.059,0.06
2.64650e-01,-0.057,0.064
2.64660e-01,-0.063,0.062
2.64670e-01,-0.055,0.06
2.64680e-01,-0.061,0.068
2.64690e-01,-0.059,0.062
2.64700e-01,-0.061,0.06
2.64710e-01,-0.061,0.064
2.64720e-01,-0.059,0.062
2.64730e-01,-0.061,0.064
2.64740e-01,-0.061,0.064
2.64750e-01,-0.063,0.062
2.64760e-01,-0.063,0.066
2.64770e-01,-0.063,0.064
2.64780e-01,-0.061,0.066
2.64790e-01,-0.061,0.062
2.64800e-01,-0.061,0.064
2.64810e-01,-0.059,0.064
2.64820e-01,-0.061,0.062
2.64830e-01,-0.061,0.066
2.64840e-01,-0.061,0.066
2.64850e-01,-0.061,0.064
2.64860e-01,-0.057,0.06
2.64870e-01,-0.057,0.066
2.64880e-01,-0.061,0.066
2.64890e-01,-0.059,0.064
2.64900e-01,-0.055,0.064
2.64910e-01,-0.063,0.064
2.64920e-01,-0.061,0.062
2.64930e-01,-0.061,0.062
2.64940e-01,-0.063,0.064
2.64950e-01,-0.055,0.06
2.64960e-01,-0.049,0.052
2.64970e-01,-0.061,0.062
2.64980e-01,-0.061,0.064
2.64990e-01,-0.055,0.06
2.65000e-01,-0.063,0.064
2.65010e-01,-0.061,0.066
2.65020e-01,-0.059,0.06
2.65030e-01,-0.057,0.06
2.65040e-01,-0.059,0.06
2.65050e-01,-0.061,0.062
2.65060e-01,-0.061,0.062
2.65070e-01,-0.041,0.048
2.65080e-01,-0.061,0.064
2.65090e-01,-0.055,0.06
2.65100e-01,-0.057,0.064
2.65110e-01,-0.055,0.06
2.65120e-01,-0.059,0.062
2.65130e-01,-0.059,0.062
2.65140e-01,-0.059,0.062
2.65150e-01,-0.061,0.064
2.65160e-01,-0.059,0.066
2.65170e-01,-0.061,0.064
2.65180e-01,-0.059,0.064
2.65190e-01,-0.059,0.064
2.65200e-01,-0.061,0.064
2.65210e-01,-0.061,0.064
2.65220e-01,-0.061,0.064
2.65230e-01,-0.057,0.062
2.65240e-01,-0.061,0.066
2.65250e-01,-0.057,0.06
2.65260e-01,-0.057,0.058
2.65270e-01,-0.059,0.062
2.65280e-01,-0.055,0.06
2.65290e-01,-0.059,0.064
2.65300e-01,-0.061,0.064
2.65310e-01,-0.059,0.06
2.65320e-01,-0.057,0.06
2.65330e-01,-0.057,0.062
2.65340e-01,-0.059,0.064
2.65350e-01,-0.061,0.062
2.65360e-01,-0.057,0.06
2.65370e-01,-0.061,0.062
2.65380e-01,-0.061,0.066
2.65390e-01,-0.061,0.066
2.65400e-01,-0.061,0.064
2.65410e-01,-0.059,0.062
2.65420e-01,-0.063,0.064
2.65430e-01,-0.059,0.06
2.65440e-01,-0.057,0.064
2.65450e-01,-0.049,0.06
2.65460e-01,-0.059,0.062
2.65470e-01,-0.059,0.062
2.65480e-01,-0.055,0.06
2.65490e-01,-0.055,0.054
2.65500e-01,-0.059,0.06
2.65510e-01,-0.049,0.054
2.65520e-01,-0.063,0.064
2.65530e-01,-0.061,0.062
2.65540e-01,-0.055,0.058
2.65550e-01,-0.061,0.062
2.65560e-01,-0.063,0.064
2.65570e-01,-0.061,0.062
2.65580e-01,-0.061,0.06
2.65590e-01,-0.055,0.06
2.65600e-01,-0.063,0.062
2.65610e-01,-0.053,0.056
2.65620e-01,-0.063,0.066
2.65630e-01,-0.057,0.06
2.65640e-01,-0.061,0.064
2.65650e-01,-0.049,0.056
2.65660e-01,-0.063,0.064
2.65670e-01,-0.057,0.064
2.65680e-01,-0.061,0.064
2.65690e-01,-0.063,0.062
2.65700e-01,-0.061,0.064
2.65710e-01,-0.059,0.068
2.65720e-01,-0.057,0.062
2.65730e-01,-0.059,0.064
2.65740e-01,-0.061,0.064
2.65750e-01,-0.063,0.062
2.65760e-01,-0.059,0.06
2.65770e-01,-0.063,0.06
2.65780e-01,-0.061,0.062
2.65790e-01,-0.059,0.062
2.65800e-01,-0.059,0.064
2.65810e-01,-0.059,0.064
2.65820e-01,-0.061,0.064
2.65830e-01,-0.063,0.064
2.65840e-01,-0.065,0.06
2.65850e-01,-0.061,0.064
2.65860e-01,-0.061,0.064
2.65870e-01,-0.055,0.06
2.65880e-01,-0.061,0.068
2.65890e-01,-0.061,0.066
2.65900e-01,-0.061,0.06
2.65910e-01,-0.063,0.064
2.65920e-01,-0.061,0.062
2.65930e-01,-0.059,0.064
2.65940e-01,-0.059,0.062
2.65950e-01,-0.061,0.062
2.65960e-01,-0.065,0.064
2.65970e-01,-0.065,0.064
2.65980e-01,-0.059,0.062
2.65990e-01,-0.063,0.064
2.66000e-01,-0.063,0.064
2.66010e-01,-0.061,0.062
2.66020e-01,-0.061,0.064
2.66030e-01,-0.057,0.062
2.66040e-01,-0.061,0.064
2.66050e-01,-0.057,0.064
2.66060e-01,-0.061,0.064
2.66070e-01,-0.061,0.06
2.66080e-01,-0.059,0.06
2.66090e-01,-0.063,0.066
2.66100e-01,-0.057,0.062
2.66110e-01,-0.061,0.062
2.66120e-01,-0.061,0.064
2.66130e-01,-0.061,0.06
2.66140e-01,-0.061,0.064
2.66150e-01,-0.059,0.064
2.66160e-01,-0.061,0.06
2.66170e-01,-0.057,0.06
2.66180e-01,-0.061,0.062
2.66190e-01,-0.059,0.064
2.66200e-01,-0.061,0.064
2.66210e-01,-0.063,0.062
2.66220e-01,-0.059,0.06
2.66230e-01,-0.063,0.062
2.66240e-01,-0.061,0.064
2.66250e-01,-0.057,0.06
2.66260e-01,-0.061,0.064
2.66270e-01,-0.047,0.05
2.66280e-01,-0.055,0.06
2.66290e-01,-0.059,0.056
2.66300e-01,-0.059,0.064
2.66310e-01,-0.061,0.064
2.66320e-01,-0.061,0.064
2.66330e-01,-0.059,0.062
2.66340e-01,-0.057,0.062
2.66350e-01,-0.059,0.062
2.66360e-01,-0.059,0.064
2.66370e-01,-0.051,0.058
2.66380e-01,-0.063,0.064
2.66390e-01,-0.059,0.064
2.66400e-01,-0.057,0.062
2.66410e-01,-0.059,0.06
2.66420e-01,-0.057,0.058
2.66430e-01,-0.059,0.064
2.66440e-01,-0.057,0.06
2.66450e-01,-0.063,0.062
2.66460e-01,-0.055,0.062
2.66470e-01,-0.059,0.06
2.66480e-01,-0.057,0.066
2.66490e-01,-0.057,0.06
2.66500e-01,-0.063,0.062
2.66510e-01,-0.057,0.06
2.66520e-01,-0.061,0.064
2.66530e-01,-0.057,0.062
2.66540e-01,-0.061,0.064
2.66550e-01,-0.061,0.062
2.66560e-01,-0.061,0.064
2.66570e-01,-0.059,0.064
2.66580e-01,-0.057,0.06
2.66590e-01,-0.055,0.06
2.66600e-01,-0.053,0.056
2.66610e-01,-0.057,0.06
2.66620e-01,-0.051,0.06
2.66630e-01,-0.055,0.06
2.66640e-01,-0.053,0.06
2.66650e-01,-0.059,0.06
2.66660e-01,-0.059,0.064
2.66670e-01,-0.061,0.062
2.66680e-01,-0.047,0.054
2.66690e-01,-0.061,0.06
2.66700e-01,-0.061,0.064
2.66710e-01,-0.049,0.056
2.66720e-01,-0.055,0.06
2.66730e-01,-0.039,0.044
2.66740e-01,-0.053,0.062
2.66750e-01,-0.051,0.058
2.66760e-01,-0.063,0.064
2.66770e-01,-0.063,0.06
2.66780e-01,-0.065,0.064
2.66790e-01,-0.059,0.062
2.66800e-01,-0.059,0.062
2.66810e-01,-0.059,0.064
2.66820e-01,-0.049,0.054
2.66830e-01,-0.061,0.062
2.66840e-01,-0.055,0.062
2.66850e-01,-0.057,0.066
2.66860e-01,-0.059,0.06
2.66870e-01,-0.057,0.066
2.66880e-01,-0.063,0.064
2.66890e-01,-0.061,0.06
2.66900e-01,-0.061,0.064
2.66910e-01,-0.057,0.06
2.66920e-01,-0.061,0.064
2.66930e-01,-0.063,0.062
2.66940e-01,-0.061,0.064
2.66950e-01,-0.061,0.062
2.66960e-01,-0.057,0.06
2.66970e-01,-0.057,0.062
2.66980e-01,-0.059,0.062
2.66990e-01,-0.059,0.062
2.67000e-01,-0.055,0.056
2.67010e-01,-0.061,0.064
2.67020e-01,-0.061,0.064
2.67030e-01,-0.059,0.062
2.67040e-01,-0.059,0.064
2.67050e-01,-0.057,0.06
2.67060e-01,-0.061,0.064
2.67070e-01,-0.059,0.062
2.67080e-01,-0.057,0.062
2.67090e-01,-0.053,0.054
2.67100e-01,-0.061,0.064
2.67110e-01,-0.059,0.066
2.67120e-01,-0.059,0.064
2.67130e-01,-0.061,0.064
2.67140e-01,-0.063,0.066
2.67150e-01,-0.063,0.062
2.67160e-01,-0.055,0.058
2.67170e-01,-0.061,0.064
2.67180e-01,-0.061,0.062
2.67190e-01,-0.061,0.06
2.67200e-01,-0.055,0.056
2.67210e-01,-0.047,0.054
2.67220e-01,-0.049,0.056
2.67230e-01,-0.061,0.066
2.67240e-01,-0.065,0.064
2.67250e-01,-0.057,0.062
2.67260e-01,-0.061,0.064
2.67270e-01,-0.059,0.062
2.67280e-01,-0.059,0.062
2.67290e-01,-0.051,0.06
2.67300e-01,-0.061,0.064
2.67310e-01,-0.065,0.062
2.67320e-01,-0.059,0.068
2.67330e-01,-0.063,0.064
2.67340e-01,-0.063,0.062
2.67350e-01,-0.057,0.06
2.67360e-01,-0.053,0.058
2.67370e-01,-0.065,0.064
2.67380e-01,-0.059,0.062
2.67390e-01,-0.065,0.064
2.67400e-01,-0.059,0.064
2.67410e-01,-0.061,0.062
2.67420e-01,-0.061,0.064
2.67430e-01,-0.057,0.062
2.67440e-01,-0.059,0.062
2.67450e-01,-0.061,0.062
2.67460e-01,-0.059,0.06
2.67470e-01,-0.057,0.066
2.67480e-01,-0.045,0.05
2.67490e-01,-0.063,0.064
2.67500e-01,-0.059,0.062
2.67510e-01,-0.053,0.058
2.67520e-01,-0.063,0.062
2.67530e-01,-0.041,0.052
2.67540e-01,-0.053,0.054
2.67550e-01,-0.061,0.062
2.67560e-01,-0.061,0.064
2.67570e-01,-0.059,0.062
2.67580e-01,-0.057,0.06
2.67590e-01,-0.051,0.052
2.67600e-01,-0.059,0.06
2.67610e-01,-0.059,0.06
2.67620e-01,-0.055,0.06
2.67630e-01,-0.057,0.06
2.67640e-01,-0.063,0.066
2.67650e-01,-0.061,0.066
2.67660e-01,-0.059,0.064
2.67670e-01,-0.059,0.064
2.67680e-01,-0.059,0.062
2.67690e-01,-0.063,0.06
2.67700e-01,-0.055,0.06
2.67710e-01,-0.057,0.06
2.67720e-01,-0.055,0.06
2.67730e-01,-0.059,0.064
2.67740e-01,-0.061,0.064
2.67750e-01,-0.061,0.064
2.67760e-01,-0.061,0.062
2.67770e-01,-0.063,0.064
2.67780e-01,-0.059,0.06
2.67790e-01,-0.063,0.064
2.67800e-01,-0.063,0.064
2.67810e-01,-0.059,0.064
2.67820e-01,-0.059,0.062
2.67830e-01,-0.059,0.06
2.67840e-01,-0.055,0.06
2.67850e-01,-0.061,0.062
2.67860e-01,-0.065,0.062
2.67870e-01,-0.061,0.064
2.67880e-01,-0.061,0.064
2.67890e-01,-0.063,0.06
2.67900e-01,-0.059,0.06
2.67910e-01,-0.055,0.056
2.67920e-01,-0.053,0.06
2.67930e-01,-0.059,0.06
2.67940e-01,-0.061,0.064
2.67950e-01,-0.059,0.06
2.67960e-01,-0.061,0.064
2.67970e-01,-0.061,0.064
2.67980e-01,-0.063,0.064
2.67990e-01,-0.053,0.058
2.68000e-01,-0.061,0.064
2.68010e-01,-0.061,0.064
2.68020e-01,-0.061,0.066
2.68030e-01,-0.061,0.064
2.68040e-01,-0.063,0.062
2.68050e-01,-0.065,0.06
2.68060e-01,-0.059,0.064
2.68070e-01,-0.055,0.06
2.68080e-01,-0.047,0.054
2.68090e-01,-0.049,0.06
2.68100e-01,-0.053,0.058
2.68110e-01,-0.055,0.06
2.68120e-01,-0.059,0.06
2.68130e-01,-0.061,0.064
2.68140e-01,-0.063,0.064
2.68150e-01,-0.061,0.064
2.68160e-01,-0.057,0.06
2.68170e-01,-0.059,0.06
2.68180e-01,-0.051,0.056
2.68190e-01,-0.061,0.062
2.68200e-01,-0.061,0.066
2.68210e-01,-0.061,0.062
2.68220e-01,-0.057,0.06
2.68230e-01,-0.063,0.062
2.68240e-01,-0.063,0.064
2.68250e-01,-0.063,0.064
2.68260e-01,-0.059,0.064
2.68270e-01,-0.059,0.064
2.68280e-01,-0.061,0.062
2.68290e-01,-0.063,0.066
2.68300e-01,-0.059,0.062
2.68310e-01,-0.063,0.064
2.68320e-01,-0.057,0.062
2.68330e-01,-0.061,0.06
2.68340e-01,-0.061,0.064
2.68350e-01,-0.051,0.054
2.68360e-01,-0.061,0.062
2.68370e-01,-0.061,0.06
2.68380e-01,-0.061,0.064
2.68390e-01,-0.063,0.064
2.68400e-01,-0.059,0.062
2.68410e-01,-0.057,0.06
2.68420e-01,-0.061,0.062
2.68430e-01,-0.045,0.052
2.68440e-01,-0.063,0.064
2.68450e-01,-0.057,0.062
2.68460e-01,-0.059,0.06
2.68470e-01,-0.061,0.064
2.68480e-01,-0.061,0.062
2.68490e-01,-0.055,0.06
2.68500e-01,-0.059,0.064
2.68510e-01,-0.061,0.06
2.68520e-01,-0.059,0.06
2.68530e-01,-0.057,0.06
2.68540e-01,-0.057,0.066
2.68550e-01,-0.055,0.06
2.68560e-01,-0.065,0.066
2.68570e-01,-0.057,0.06
2.68580e-01,-0.061,0.06
2.68590e-01,-0.053,0.06
2.68600e-01,-0.059,0.062
2.68610e-01,-0.045,0.05
2.68620e-01,-0.061,0.062
2.68630e-01,-0.059,0.064
2.68640e-01,-0.057,0.062
2.68650e-01,-0.063,0.064
2.68660e-01,-0.063,0.062
2.68670e-01,-0.059,0.062
2.68680e-01,-0.057,0.06
2.68690e-01,-0.061,0.064
2.68700e-01,-0.061,0.062
2.68710e-01,-0.059,0.062
2.68720e-01,-0.055,0.058
2.68730e-01,-0.055,0.062
2.68740e-01,-0.063,0.064
2.68750e-01,-0.057,0.062
2.68760e-01,-0.065,0.064
2.68770e-01,-0.061,0.064
2.68780e-01,-0.061,0.066
2.68790e-01,-0.061,0.064
2.68800e-01,-0.055,0.06
2.68810e-01,-0.061,0.062
2.68820e-01,-0.057,0.058
2.68830e-01,-0.063,0.062
2.68840e-01,-0.061,0.064
2.68850e-01,-0.061,0.064
2.68860e-01,-0.059,0.062
2.68870e-01,-0.063,0.068
2.68880e-01,-0.057,0.062
2.68890e-01,-0.053,0.058
2.68900e-01,-0.061,0.062
2.68910e-01,-0.061,0.064
2.68920e-01,-0.053,0.058
2.68930e-01,-0.059,0.064
2.68940e-01,-0.057,0.062
2.68950e-01,-0.061,0.062
2.68960e-01,-0.049,0.054
2.68970e-01,-0.049,0.056
2.68980e-01,-0.057,0.06
2.68990e-01,-0.065,0.062
2.69000e-01,-0.063,0.062
2.69010e-01,-0.059,0.064
2.69020e-01,-0.059,0.064
2.69030e-01,-0.063,0.064
2.69040e-01,-0.059,0.064
2.69050e-01,-0.055,0.06
2.69060e-01,-0.057,0.066
2.69070e-01,-0.061,0.062
2.69080e-01,-0.055,0.06
2.69090e-01,-0.061,0.064
2.69100e-01,-0.061,0.06
2.69110e-01,-0.061,0.06
2.69120e-01,-0.061,0.06
2.69130e-01,-0.059,0.064
2.69140e-01,-0.059,0.068
2.69150e-01,-0.059,0.062
2.69160e-01,-0.059,0.064
2.69170e-01,-0.061,0.064
2.69180e-01,-0.059,0.064
2.69190e-01,-0.061,0.066
2.69200e-01,-0.055,0.064
2.69210e-01,-0.055,0.062
2.69220e-01,-0.061,0.062
2.69230e-01,-0.055,0.056
2.69240e-01,-0.057,0.066
2.69250e-01,-0.055,0.058
2.69260e-01,-0.063,0.068
2.69270e-01,-0.049,0.056
2.69280e-01,-0.061,0.064
2.69290e-01,-0.059,0.062
2.69300e-01,-0.061,0.066
2.69310e-01,-0.061,0.06
2.69320e-01,-0.055,0.06
2.69330e-01,-0.057,0.06
2.69340e-01,-0.059,0.064
2.69350e-01,-0.057,0.062
2.69360e-01,-0.059,0.06
2.69370e-01,-0.051,0.054
2.69380e-01,-0.061,0.064
2.69390e-01,-0.057,0.06
2.69400e-01,-0.059,0.066
2.69410e-01,-0.063,0.064
2.69420e-01,-0.053,0.056
2.69430e-01,-0.059,0.06
2.69440e-01,-0.055,0.06
2.69450e-01,-0.057,0.06
2.69460e-01,-0.059,0.064
2.69470e-01,-0.055,0.06
2.69480e-01,-0.061,0.064
2.69490e-01,-0.057,0.062
2.69500e-01,-0.057,0.062
2.69510e-01,-0.061,0.062
2.69520e-01,-0.061,0.062
2.69530e-01,-0.059,0.064
2.69540e-01,-0.061,0.062
2.69550e-01,-0.059,0.068
2.69560e-01,-0.061,0.064
2.69570e-01,-0.059,0.066
2.69580e-01,-0.061,0.062
2.69590e-01,-0.055,0.06
2.69600e-01,-0.061,0.062
2.69610e-01,-0.057,0.064
2.69620e-01,-0.061,0.06
2.69630e-01,-0.061,0.064
2.69640e-01,-0.055,0.056
2.69650e-01,-0.059,0.06
2.69660e-01,-0.057,0.06
2.69670e-01,-0.059,0.062
2.69680e-01,-0.061,0.064
2.69690e-01,-0.063,0.064
2.69700e-01,-0.057,0.062
2.69710e-01,-0.053,0.058
2.69720e-01,-0.055,0.058
2.69730e-01,-0.059,0.066
2.69740e-01,-0.061,0.062
2.69750e-01,-0.063,0.062
2.69760e-01,-0.059,0.06
2.69770e-01,-0.051,0.054
2.69780e-01,-0.057,0.06
2.69790e-01,-0.061,0.062
2.69800e-01,-0.065,0.064
2.69810e-01,-0.053,0.058
2.69820e-01,-0.057,0.06
2.69830e-01,-0.059,0.062
2.69840e-01,-0.063,0.064
2.69850e-01,-0.057,0.066
2.69860e-01,-0.059,0.064
2.69870e-01,-0.065,0.064
2.69880e-01,-0.055,0.06
2.69890e-01,-0.059,0.066
2.69900e-01,-0.049,0.06
2.69910e-01,-0.061,0.066
2.69920e-01,-0.061,0.064
2.69930e-01,-0.059,0.064
2.69940e-01,-0.059,0.064
2.69950e-01,-0.059,0.066
2.69960e-01,-0.059,0.062
2.69970e-01,-0.061,0.068
2.69980e-01,-0.065,0.062
2.69990e-01,-0.057,0.06
2.70000e-01,-0.059,0.064
2.70010e-01,-0.057,0.06
2.70020e-01,-0.059,0.064
2.70030e-01,-0.061,0.06
2.70040e-01,-0.059,0.064
2.70050e-01,-0.057,0.064
2.70060e-01,-0.061,0.068
2.70070e-01,-0.063,0.064
2.70080e-01,-0.059,0.064
2.70090e-01,-0.059,0.06
2.70100e-01,-0.057,0.06
2.70110e-01,-0.061,0.066
2.70120e-01,-0.061,0.064
2.70130e-01,-0.063,0.062
2.70140e-01,-0.061,0.064
2.70150e-01,-0.063,0.062
2.70160e-01,-0.059,0.064
2.70170e-01,-0.061,0.06
2.70180e-01,-0.061,0.066
2.70190e-01,-0.061,0.064
2.70200e-01,-0.059,0.06
2.70210e-01,-0.065,0.064
2.70220e-01,-0.063,0.064
2.70230e-01,-0.059,0.068
2.70240e-01,-0.063,0.068
2.70250e-01,-0.061,0.064
2.70260e-01,-0.061,0.068
2.70270e-01,-0.057,0.064
2.70280e-01,-0.059,0.064
2.70290e-01,-0.061,0.06
2.70300e-01,-0.059,0.064
2.70310e-01,-0.063,0.062
2.70320e-01,-0.055,0.06
2.70330e-01,-0.061,0.068
2.70340e-01,-0.061,0.064
2.70350e-01,-0.057,0.06
2.70360e-01,-0.051,0.058
2.70370e-01,-0.061,0.062
2.70380e-01,-0.059,0.062
2.70390e-01,-0.063,0.062
2.70400e-01,-0.061,0.064
2.70410e-01,-0.061,0.062
2.70420e-01,-0.057,0.062
2.70430e-01,-0.055,0.058
2.70440e-01,-0.061,0.062
2.70450e-01,-0.059,0.06
2.70460e-01,-0.065,0.068
2.70470e-01,-0.061,0.062
2.70480e-01,-0.061,0.064
2.70490e-01,-0.059,0.062
2.70500e-01,-0.065,0.064
2.70510e-01,-0.063,0.068
2.70520e-01,-0.061,0.062
2.70530e-01,-0.061,0.064
2.70540e-01,-0.053,0.056
2.70550e-01,-0.059,0.062
2.70560e-01,-0.047,0.054
2.70570e-01,-0.061,0.062
2.70580e-01,-0.061,0.064
2.70590e-01,-0.063,0.064
2.70600e-01,-0.059,0.06
2.70610e-01,-0.055,0.062
2.70620e-01,-0.063,0.06
2.70630e-01,-0.061,0.064
2.70640e-01,-0.057,0.06
2.70650e-01,-0.059,0.064
2.70660e-01,-0.055,0.058
2.70670e-01,-0.059,0.06
2.70680e-01,-0.059,0.062
2.70690e-01,-0.055,0.056
2.70700e-01,-0.057,0.056
2.70710e-01,-0.051,0.056
2.70720e-01,-0.059,0.066
2.70730e-01,-0.059,0.06
2.70740e-01,-0.063,0.062
2.70750e-01,-0.051,0.054
2.70760e-01,-0.061,0.064
2.70770e-01,-0.051,0.052
2.70780e-01,-0.061,0.064
2.70790e-01,-0.059,0.062
2.70800e-01,-0.061,0.062
2.70810e-01,-0.059,0.066
2.70820e-01,-0.059,0.062
2.70830e-01,-0.063,0.066
2.70840e-01,-0.055,0.064
2.70850e-01,-0.061,0.064
2.70860e-01,-0.061,0.064
2.70870e-01,-0.059,0.062
2.70880e-01,-0.055,0.058
2.70890e-01,-0.059,0.062
2.70900e-01,-0.059,0.062
2.70910e-01,-0.061,0.064
2.70920e-01,-0.055,0.062
2.70930e-01,-0.059,0.062
2.70940e-01,-0.059,0.064
2.70950e-01,-0.059,0.062
2.70960e-01,-0.059,0.064
2.70970e-01,-0.061,0.066
2.70980e-01,-0.037,0.046
2.70990e-01,-0.053,0.06
2.71000e-01,-0.051,0.056
2.71010e-01,-0.061,0.066
2.71020e-01,-0.059,0.066
2.71030e-01,-0.063,0.064
2.71040e-01,-0.055,0.062
2.71050e-01,-0.055,0.058
2.71060e-01,-0.061,0.064
2.71070e-01,-0.061,0.064
2.71080e-01,-0.059,0.058
2.71090e-01,-0.049,0.054
2.71100e-01,-0.059,0.064
2.71110e-01,-0.039,0.048
2.71120e-01,-0.063,0.062
2.71130e-01,-0.055,0.062
2.71140e-01,-0.061,0.062
2.71150e-01,-0.051,0.056
2.71160e-01,-0.061,0.066
2.71170e-01,-0.055,0.06
2.71180e-01,-0.057,0.062
2.71190e-01,-0.061,0.06
2.71200e-01,-0.061,0.064
2.71210e-01,-0.051,0.058
2.71220e-01,-0.057,0.06
2.71230e-01,-0.055,0.062
2.71240e-01,-0.059,0.064
2.71250e-01,-0.061,0.064
2.71260e-01,-0.061,0.062
2.71270e-01,-0.055,0.062
2.71280e-01,-0.059,0.064
2.71290e-01,-0.057,0.062
2.71300e-01,-0.057,0.064
2.71310e-01,-0.063,0.066
2.71320e-01,-0.065,0.066
2.71330e-01,-0.059,0.064
2.71340e-01,-0.055,0.062
2.71350e-01,-0.059,0.068
2.71360e-01,-0.055,0.06
2.71370e-01,-0.061,0.062
2.71380e-01,-0.055,0.06
2.71390e-01,-0.059,0.062
2.71400e-01,-0.059,0.058
2.71410e-01,-0.061,0.064
2.71420e-01,-0.053,0.056
2.71430e-01,-0.061,0.062
2.71440e-01,-0.059,0.066
2.71450e-01,-0.063,0.062
2.71460e-01,-0.059,0.062
2.71470e-01,-0.053,0.056
2.71480e-01,-0.057,0.062
2.71490e-01,-0.047,0.054
2.71500e-01,-0.061,0.062
2.71510e-01,-0.061,0.064
2.71520e-01,-0.065,0.062
2.71530e-01,-0.063,0.064
2.71540e-01,-0.057,0.06
2.71550e-01,-0.059,0.066
2.71560e-01,-0.059,0.06
2.71570e-01,-0.063,0.062
2.71580e-01,-0.057,0.06
2.71590e-01,-0.065,0.064
2.71600e-01,-0.053,0.058
2.71610e-01,-0.055,0.058
2.71620e-01,-0.057,0.06
2.71630e-01,-0.059,0.062
2.71640e-01,-0.063,0.064
2.71650e-01,-0.061,0.064
2.71660e-01,-0.045,0.046
2.71670e-01,-0.059,0.064
2.71680e-01,-0.065,0.068
2.71690e-01,-0.059,0.066
2.71700e-01,-0.055,0.056
2.71710e-01,-0.059,0.064
2.71720e-01,-0.057,0.062
2.71730e-01,-0.061,0.064
2.71740e-01,-0.049,0.056
2.71750e-01,-0.061,0.064
2.71760e-01,-0.055,0.056
2.71770e-01,-0.057,0.06
2.71780e-01,-0.061,0.064
2.71790e-01,-0.055,0.058
2.71800e-01,-0.063,0.064
2.71810e-01,-0.061,0.06
2.71820e-01,-0.045,0.05
2.71830e-01,-0.057,0.064
2.71840e-01,-0.053,0.058
2.71850e-01,-0.059,0.064
2.71860e-01,-0.061,0.064
2.71870e-01,-0.059,0.062
2.71880e-01,-0.063,0.062
2.71890e-01,-0.055,0.06
2.71900e-01,-0.063,0.064
2.71910e-01,-0.059,0.06
2.71920e-01,-0.061,0.062
2.71930e-01,-0.051,0.056
2.71940e-01,-0.061,0.064
2.71950e-01,-0.053,0.056
2.71960e-01,-0.061,0.064
2.71970e-01,-0.055,0.06
2.71980e-01,-0.061,0.066
2.71990e-01,-0.059,0.066
2.72000e-01,-0.049,0.054
2.72010e-01,-0.063,0.066
2.72020e-01,-0.063,0.064
2.72030e-01,-0.061,0.066
2.72040e-01,-0.059,0.064
2.72050e-01,-0.057,0.06
2.72060e-01,-0.061,0.064
2.72070e-01,-0.063,0.066
2.72080e-01,-0.063,0.064
2.72090e-01,-0.061,0.06
2.72100e-01,-0.061,0.062
2.72110e-01,-0.063,0.064
2.72120e-01,-0.061,0.064
2.72130e-01,-0.063,0.064
2.72140e-01,-0.065,0.066
2.72150e-01,-0.059,0.066
2.72160e-01,-0.065,0.066
2.72170e-01,-0.059,0.066
2.72180e-01,-0.063,0.064
2.72190e-01,-0.063,0.064
2.72200e-01,-0.063,0.066
2.72210e-01,-0.059,0.066
2.72220e-01,-0.059,0.06
2.72230e-01,-0.059,0.064
2.72240e-01,-0.061,0.064
2.72250e-01,-0.063,0.062
2.72260e-01,-0.057,0.064
2.72270e-01,-0.059,0.062
2.72280e-01,-0.059,0.062
2.72290e-01,-0.059,0.062
2.72300e-01,-0.059,0.064
2.72310e-01,-0.049,0.054
2.72320e-01,-0.061,0.062
2.72330e-01,-0.047,0.048
2.72340e-01,-0.057,0.062
2.72350e-01,-0.057,0.06
2.72360e-01,-0.057,0.064
2.72370e-01,-0.061,0.062
2.72380e-01,-0.063,0.064
2.72390e-01,-0.045,0.048
2.72400e-01,-0.059,0.062
2.72410e-01,-0.053,0.056
2.72420e-01,-0.057,0.064
2.72430e-01,-0.055,0.058
2.72440e-01,-0.061,0.062
2.72450e-01,-0.057,0.062
2.72460e-01,-0.061,0.068
2.72470e-01,-0.061,0.064
2.72480e-01,-0.053,0.06
2.72490e-01,-0.063,0.062
2.72500e-01,-0.061,0.062
2.72510e-01,-0.059,0.062
2.72520e-01,-0.059,0.06
2.72530e-01,-0.055,0.06
2.72540e-01,-0.059,0.062
2.72550e-01,-0.059,0.062
2.72560e-01,-0.057,0.062
2.72570e-01,-0.055,0.062
2.72580e-01,-0.053,0.058
2.72590e-01,-0.059,0.064
2.72600e-01,-0.061,0.064
2.72610e-01,-0.055,0.06
2.72620e-01,-0.061,0.064
2.72630e-01,-0.057,0.06
2.72640e-01,-0.047,0.054
2.72650e-01,-0.063,0.066
2.72660e-01,-0.049,0.054
2.72670e-01,-0.051,0.056
2.72680e-01,-0.051,0.054
2.72690e-01,-0.059,0.062
2.72700e-01,-0.059,0.06
2.72710e-01,-0.059,0.066
2.72720e-01,-0.061,0.062
2.72730e-01,-0.053,0.054
2.72740e-01,-0.061,0.06
2.72750e-01,-0.041,0.046
2.72760e-01,-0.059,0.064
2.72770e-01,-0.055,0.058
2.72780e-01,-0.055,0.06
2.72790e-01,-0.061,0.062
2.72800e-01,-0.061,0.064
2.72810e-01,-0.057,0.06
2.72820e-01,-0.061,0.064
2.72830e-01,-0.055,0.058
2.72840e-01,-0.039,0.044
2.72850e-01,-0.061,0.064
2.72860e-01,-0.053,0.056
2.72870e-01,-0.059,0.06
2.72880e-01,-0.063,0.064
2.72890e-01,-0.043,0.048
2.72900e-01,-0.061,0.064
2.72910e-01,-0.057,0.06
2.72920e-01,-0.059,0.066
2.72930e-01,-0.061,0.064
2.72940e-01,-0.061,0.064
2.72950e-01,-0.059,0.062
2.72960e-01,-0.059,0.066
2.72970e-01,-0.061,0.062
2.72980e-01,-0.055,0.056
2.72990e-01,-0.061,0.064
2.73000e-01,-0.055,0.064
2.73010e-01,-0.061,0.064
2.73020e-01,-0.061,0.064
2.73030e-01,-0.063,0.066
2.73040e-01,-0.061,0.064
2.73050e-01,-0.055,0.06
2.73060e-01,-0.059,0.062
2.73070e-01,-0.057,0.06
2.73080e-01,-0.059,0.066
2.73090e-01,-0.059,0.062
2.73100e-01,-0.055,0.062
2.73110e-01,-0.061,0.064
2.73120e-01,-0.053,0.058
2.73130e-01,-0.061,0.06
2.73140e-01,-0.057,0.062
2.73150e-01,-0.063,0.062
2.73160e-01,-0.063,0.062
2.73170e-01,-0.061,0.064
2.73180e-01,-0.061,0.062
2.73190e-01,-0.063,0.062
2.73200e-01,-0.063,0.068
2.73210e-01,-0.049,0.054
2.73220e-01,-0.059,0.064
2.73230e-01,-0.055,0.058
2.73240e-01,-0.061,0.064
2.73250e-01,-0.063,0.064
2.73260e-01,-0.059,0.062
2.73270e-01,-0.061,0.06
2.73280e-01,-0.061,0.06
2.73290e-01,-0.063,0.062
2.73300e-01,-0.061,0.062
2.73310e-01,-0.061,0.064
2.73320e-01,-0.061,0.064
2.73330e-01,-0.057,0.06
2.73340e-01,-0.063,0.064
2.73350e-01,-0.055,0.062
2.73360e-01,-0.053,0.062
2.73370e-01,-0.061,0.062
2.73380e-01,-0.063,0.064
2.73390e-01,-0.055,0.06
2.73400e-01,-0.061,0.062
2.73410e-01,-0.057,0.062
2.73420e-01,-0.057,0.062
2.73430e-01,-0.063,0.064
2.73440e-01,-0.057,0.062
2.73450e-01,-0.061,0.064
2.73460e-01,-0.057,0.06
2.73470e-01,-0.063,0.062
2.73480e-01,-0.061,0.066
2.73490e-01,-0.055,0.06
2.73500e-01,-0.061,0.062
2.73510e-01,-0.047,0.054
2.73520e-01,-0.061,0.066
2.73530e-01,-0.063,0.064
2.73540e-01,-0.061,0.064
2.73550e-01,-0.055,0.06
2.73560e-01,-0.061,0.064
2.73570e-01,-0.059,0.06
2.73580e-01,-0.061,0.064
2.73590e-01,-0.063,0.062
2.73600e-01,-0.061,0.062
2.73610e-01,-0.057,0.06
2.73620e-01,-0.057,0.06
2.73630e-01,-0.053,0.058
2.73640e-01,-0.057,0.06
2.73650e-01,-0.057,0.06
2.73660e-01,-0.051,0.052
2.73670e-01,-0.059,0.06
2.73680e-01,-0.061,0.066
2.73690e-01,-0.047,0.056
2.73700e-01,-0.059,0.06
2.73710e-01,-0.055,0.058
2.73720e-01,-0.065,0.064
2.73730e-01,-0.057,0.06
2.73740e-01,-0.049,0.05
2.73750e-01,-0.059,0.064
2.73760e-01,-0.055,0.058
2.73770e-01,-0.061,0.064
2.73780e-01,-0.059,0.062
2.73790e-01,-0.061,0.066
2.73800e-01,-0.055,0.062
2.73810e-01,-0.061,0.064
2.73820e-01,-0.061,0.064
2.73830e-01,-0.059,0.06
2.73840e-01,-0.061,0.06
2.73850e-01,-0.053,0.064
2.73860e-01,-0.051,0.056
2.73870e-01,-0.057,0.062
2.73880e-01,-0.053,0.056
2.73890e-01,-0.059,0.064
2.73900e-01,-0.059,0.058
2.73910e-01,-0.059,0.062
2.73920e-01,-0.057,0.064
2.73930e-01,-0.057,0.064
2.73940e-01,-0.057,0.062
2.73950e-01,-0.059,0.064
2.73960e-01,-0.057,0.06
2.73970e-01,-0.057,0.064
2.73980e-01,-0.051,0.054
2.73990e-01,-0.057,0.06
2.74000e-01,-0.047,0.052
2.74010e-01,-0.057,0.062
2.74020e-01,-0.061,0.066
2.74030e-01,-0.045,0.052
2.74040e-01,-0.057,0.066
2.74050e-01,-0.061,0.064
2.74060e-01,-0.055,0.06
2.74070e-01,-0.057,0.066
2.74080e-01,-0.053,0.058
2.74090e-01,-0.055,0.062
2.74100e-01,-0.061,0.066
2.74110e-01,-0.057,0.06
2.74120e-01,-0.061,0.06
2.74130e-01,-0.053,0.06
2.74140e-01,-0.061,0.062
2.74150e-01,-0.059,0.062
2.74160e-01,-0.051,0.058
2.74170e-01,-0.043,0.052
2.74180e-01,-0.049,0.054
2.74190e-01,-0.039,0.044
2.74200e-01,-0.055,0.06
2.74210e-01,-0.061,0.064
2.74220e-01,-0.059,0.06
2.74230e-01,-0.053,0.056
2.74240e-01,-0.063,0.064
2.74250e-01,-0.051,0.056
2.74260e-01,-0.061,0.06
2.74270e-01,-0.063,0.064
2.74280e-01,-0.059,0.06
2.74290e-01,-0.059,0.064
2.74300e-01,-0.061,0.064
2.74310e-01,-0.059,0.062
2.74320e-01,-0.063,0.062
2.74330e-01,-0.061,0.06
2.74340e-01,-0.059,0.064
2.74350e-01,-0.061,0.062
2.74360e-01,-0.061,0.06
2.74370e-01,-0.059,0.062
2.74380e-01,-0.059,0.064
2.74390e-01,-0.063,0.066
2.74400e-01,-0.055,0.058
2.74410e-01,-0.063,0.06
2.74420e-01,-0.055,0.062
2.74430e-01,-0.061,0.068
2.74440e-01,-0.057,0.062
2.74450e-01,-0.049,0.056
2.74460e-01,-0.059,0.06
2.74470e-01,-0.059,0.064
2.74480e-01,-0.057,0.062
2.74490e-01,-0.065,0.062
2.74500e-01,-0.061,0.068
2.74510e-01,-0.061,0.066
2.74520e-01,-0.061,0.064
2.74530e-01,-0.051,0.058
2.74540e-01,-0.059,0.062
2.74550e-01,-0.059,0.06
2.74560e-01,-0.061,0.064
2.74570e-01,-0.057,0.062
2.74580e-01,-0.057,0.06
2.74590e-01,-0.049,0.054
2.74600e-01,-0.063,0.066
2.74610e-01,-0.057,0.062
2.74620e-01,-0.059,0.066
2.74630e-01,-0.043,0.044
2.74640e-01,-0.063,0.06
2.74650e-01,-0.045,0.052
2.74660e-01,-0.061,0.064
2.74670e-01,-0.059,0.064
2.74680e-01,-0.063,0.062
2.74690e-01,-0.057,0.06
2.74700e-01,-0.059,0.066
2.74710e-01,-0.061,0.062
2.74720e-01,-0.057,0.064
2.74730e-01,-0.059,0.062
2.74740e-01,-0.061,0.064
2.74750e-01,-0.063,0.06
2.74760e-01,-0.057,0.062
2.74770e-01,-0.059,0.062
2.74780e-01,-0.051,0.058
2.74790e-01,-0.059,0.066
2.74800e-01,-0.057,0.06
2.74810e-01,-0.061,0.064
2.74820e-01,-0.051,0.052
2.74830e-01,-0.059,0.064
2.74840e-01,-0.055,0.056
2.74850e-01,-0.061,0.064
2.74860e-01,-0.053,0.058
2.74870e-01,-0.059,0.06
2.74880e-01,-0.063,0.066
2.74890e-01,-0.057,0.062
2.74900e-01,-0.059,0.064
2.74910e-01,-0.055,0.062
2.74920e-01,-0.053,0.06
2.74930e-01,-0.051,0.06
2.74940e-01,-0.059,0.06
2.74950e-01,-0.059,0.064
2.74960e-01,-0.055,0.06
2.74970e-01,-0.053,0.058
2.74980e-01,-0.065,0.066
2.74990e-01,-0.057,0.06
2.75000e-01,-0.061,0.064
2.75010e-01,-0.055,0.06
2.75020e-01,-0.059,0.064
2.75030e-01,-0.047,0.056
2.75040e-01,-0.059,0.064
2.75050e-01,-0.051,0.052
2.75060e-01,-0.057,0.06
2.75070e-01,-0.061,0.064
2.75080e-01,-0.039,0.044
2.75090e-01,-0.059,0.062
2.75100e-01,-0.057,0.06
2.75110e-01,-0.063,0.062
2.75120e-01,-0.061,0.064
2.75130e-01,-0.055,0.058
2.75140e-01,-0.061,0.064
2.75150e-01,-0.059,0.062
2.75160e-01,-0.059,0.064
2.75170e-01,-0.055,0.06
2.75180e-01,-0.063,0.064
2.75190e-01,-0.055,0.06
2.75200e-01,-0.063,0.064
2.75210e-01,-0.061,0.06
2.75220e-01,-0.061,0.066
2.75230e-01,-0.061,0.06
2.75240e-01,-0.059,0.062
2.75250e-01,-0.055,0.058
2.75260e-01,-0.061,0.062
2.75270e-01,-0.057,0.06
2.75280e-01,-0.061,0.07
2.75290e-01,-0.061,0.064
2.75300e-01,-0.053,0.058
2.75310e-01,-0.059,0.062
2.75320e-01,-0.059,0.064
2.75330e-01,-0.053,0.056
2.75340e-01,-0.059,0.06
2.75350e-01,-0.055,0.06
2.75360e-01,-0.061,0.062
2.75370e-01,-0.059,0.066
2.75380e-01,-0.059,0.064
2.75390e-01,-0.061,0.062
2.75400e-01,-0.061,0.064
2.75410e-01,-0.065,0.064
2.75420e-01,-0.061,0.064
2.75430e-01,-0.061,0.062
2.75440e-01,-0.063,0.064
2.75450e-01,-0.051,0.05
2.75460e-01,-0.057,0.06
2.75470e-01,-0.051,0.056
2.75480e-01,-0.055,0.062
2.75490e-01,-0.059,0.06
2.75500e-01,-0.059,0.064
2.75510e-01,-0.061,0.06
2.75520e-01,-0.057,0.06
2.75530e-01,-0.061,0.062
2.75540e-01,-0.063,0.06
2.75550e-01,-0.059,0.062
2.75560e-01,-0.059,0.06
2.75570e-01,-0.055,0.06
2.75580e-01,-0.063,0.064
2.75590e-01,-0.065,0.06
2.75600e-01,-0.063,0.066
2.75610e-01,-0.059,0.066
2.75620e-01,-0.063,0.066
2.75630e-01,-0.051,0.05
2.75640e-01,-0.065,0.064
2.75650e-01,-0.057,0.064
2.75660e-01,-0.057,0.062
2.75670e-01,-0.065,0.062
2.75680e-01,-0.055,0.062
2.75690e-01,-0.061,0.064
2.75700e-01,-0.059,0.062
2.75710e-01,-0.059,0.062
2.75720e-01,-0.061,0.062
2.75730e-01,-0.059,0.062
2.75740e-01,-0.055,0.054
2.75750e-01,-0.043,0.052
2.75760e-01,-0.051,0.056
2.75770e-01,-0.061,0.064
2.75780e-01,-0.049,0.052
2.75790e-01,-0.055,0.06
2.75800e-01,-0.053,0.058
2.75810e-01,-0.063,0.066
2.75820e-01,-0.059,0.058
2.75830e-01,-0.059,0.062
2.75840e-01,-0.061,0.06
2.75850e-01,-0.059,0.064
2.75860e-01,-0.061,0.062
2.75870e-01,-0.057,0.06
2.75880e-01,-0.059,0.064
2.75890e-01,-0.059,0.06
2.75900e-01,-0.059,0.062
2.75910e-01,-0.061,0.064
2.75920e-01,-0.061,0.06
2.75930e-01,-0.061,0.064
2.75940e-01,-0.057,0.062
2.75950e-01,-0.061,0.06
2.75960e-01,-0.061,0.06
2.75970e-01,-0.059,0.062
2.75980e-01,-0.057,0.062
2.75990e-01,-0.061,0.064
2.76000e-01,-0.059,0.06
2.76010e-01,-0.059,0.064
2.76020e-01,-0.057,0.062
2.76030e-01,-0.063,0.062
2.76040e-01,-0.061,0.064
2.76050e-01,-0.055,0.06
2.76060e-01,-0.053,0.056
2.76070e-01,-0.047,0.054
2.76080e-01,-0.061,0.062
2.76090e-01,-0.047,0.052
2.76100e-01,-0.061,0.064
2.76110e-01,-0.061,0.062
2.76120e-01,-0.063,0.064
2.76130e-01,-0.059,0.062
2.76140e-01,-0.051,0.058
2.76150e-01,-0.057,0.062
2.76160e-01,-0.059,0.064
2.76170e-01,-0.057,0.06
2.76180e-01,-0.061,0.06
2.76190e-01,-0.051,0.058
2.76200e-01,-0.063,0.064
2.76210e-01,-0.061,0.066
2.76220e-01,-0.051,0.06
2.76230e-01,-0.061,0.064
2.76240e-01,-0.059,0.064
2.76250e-01,-0.061,0.064
2.76260e-01,-0.065,0.062
2.76270e-01,-0.057,0.062
2.76280e-01,-0.059,0.062
2.76290e-01,-0.061,0.068
2.76300e-01,-0.061,0.062
2.76310e-01,-0.061,0.064
2.76320e-01,-0.061,0.06
2.76330e-01,-0.063,0.062
2.76340e-01,-0.057,0.062
2.76350e-01,-0.055,0.062
2.76360e-01,-0.059,0.06
2.76370e-01,-0.059,0.06
2.76380e-01,-0.063,0.062
2.76390e-01,-0.055,0.06
2.76400e-01,-0.055,0.058
2.76410e-01,-0.057,0.06
2.76420e-01,-0.055,0.06
2.76430e-01,-0.063,0.066
2.76440e-01,-0.059,0.064
2.76450e-01,-0.057,0.06
2.76460e-01,-0.059,0.06
2.76470e-01,-0.051,0.056
2.76480e-01,-0.059,0.064
2.76490e-01,-0.059,0.062
2.76500e-01,-0.059,0.064
2.76510e-01,-0.053,0.056
2.76520e-01,-0.061,0.064
2.76530e-01,-0.057,0.06
2.76540e-01,-0.065,0.066
2.76550e-01,-0.059,0.062
2.76560e-01,-0.061,0.066
2.76570e-01,-0.061,0.062
2.76580e-01,-0.057,0.06
2.76590e-01,-0.061,0.062
2.76600e-01,-0.061,0.06
2.76610e-01,-0.063,0.064
2.76620e-01,-0.057,0.06
2.76630e-01,-0.055,0.058
2.76640e-01,-0.057,0.062
2.76650e-01,-0.047,0.052
2.76660e-01,-0.059,0.062
2.76670e-01,-0.045,0.052
2.76680e-01,-0.061,0.064
2.76690e-01,-0.057,0.06
2.76700e-01,-0.063,0.064
2.76710e-01,-0.055,0.06
2.76720e-01,-0.063,0.062
2.76730e-01,-0.061,0.062
2.76740e-01,-0.063,0.064
2.76750e-01,-0.059,0.064
2.76760e-01,-0.061,0.062
2.76770e-01,-0.059,0.06
2.76780e-01,-0.061,0.066
2.76790e-01,-0.061,0.064
2.76800e-01,-0.055,0.06
2.76810e-01,-0.061,0.066
2.76820e-01,-0.059,0.06
2.76830e-01,-0.061,0.062
2.76840e-01,-0.053,0.062
2.76850e-01,-0.053,0.058
2.76860e-01,-0.061,0.064
2.76870e-01,-0.055,0.064
2.76880e-01,-0.059,0.06
2.76890e-01,-0.061,0.066
2.76900e-01,-0.057,0.06
2.76910e-01,-0.061,0.062
2.76920e-01,-0.049,0.058
2.76930e-01,-0.061,0.064
2.76940e-01,-0.055,0.06
2.76950e-01,-0.061,0.064
2.76960e-01,-0.051,0.054
2.76970e-01,-0.059,0.064
2.76980e-01,-0.045,0.048
2.76990e-01,-0.061,0.062
2.77000e-01,-0.061,0.064
2.77010e-01,-0.057,0.06
2.77020e-01,-0.055,0.06
2.77030e-01,-0.055,0.06
2.77040e-01,-0.059,0.062
2.77050e-01,-0.053,0.058
2.77060e-01,-0.059,0.062
2.77070e-01,-0.055,0.054
2.77080e-01,-0.059,0.064
2.77090e-01,-0.051,0.058
2.77100e-01,-0.059,0.062
2.77110e-01,-0.057,0.06
2.77120e-01,-0.065,0.062
2.77130e-01,-0.055,0.06
2.77140e-01,-0.061,0.06
2.77150e-01,-0.053,0.056
2.77160e-01,-0.061,0.066
2.77170e-01,-0.061,0.06
2.77180e-01,-0.059,0.062
2.77190e-01,-0.061,0.064
2.77200e-01,-0.057,0.06
2.77210e-01,-0.057,0.062
2.77220e-01,-0.055,0.056
2.77230e-01,-0.063,0.064
2.77240e-01,-0.049,0.058
2.77250e-01,-0.059,0.068
2.77260e-01,-0.055,0.058
2.77270e-01,-0.059,0.064
2.77280e-01,-0.059,0.062
2.77290e-01,-0.053,0.06
2.77300e-01,-0.063,0.062
2.77310e-01,-0.057,0.06
2.77320e-01,-0.057,0.06
2.77330e-01,-0.059,0.062
2.77340e-01,-0.059,0.064
2.77350e-01,-0.059,0.062
2.77360e-01,-0.057,0.064
2.77370e-01,-0.063,0.062
2.77380e-01,-0.061,0.064
2.77390e-01,-0.061,0.06
2.77400e-01,-0.063,0.066
2.77410e-01,-0.057,0.054
2.77420e-01,-0.063,0.06
2.77430e-01,-0.063,0.06
2.77440e-01,-0.061,0.062
2.77450e-01,-0.057,0.06
2.77460e-01,-0.049,0.058
2.77470e-01,-0.061,0.064
2.77480e-01,-0.047,0.056
2.77490e-01,-0.059,0.064
2.77500e-01,-0.049,0.06
2.77510e-01,-0.055,0.062
2.77520e-01,-0.033,0.038
2.77530e-01,-0.059,0.062
2.77540e-01,-0.059,0.06
2.77550e-01,-0.061,0.06
2.77560e-01,-0.055,0.06
2.77570e-01,-0.063,0.062
2.77580e-01,-0.061,0.064
2.77590e-01,-0.055,0.06
2.77600e-01,-0.063,0.064
2.77610e-01,-0.061,0.064
2.77620e-01,-0.063,0.06
2.77630e-01,-0.061,0.064
2.77640e-01,-0.061,0.066
2.77650e-01,-0.061,0.062
2.77660e-01,-0.063,0.066
2.77670e-01,-0.063,0.066
2.77680e-01,-0.059,0.064
2.77690e-01,-0.063,0.062
2.77700e-01,-0.059,0.062
2.77710e-01,-0.061,0.062
2.77720e-01,-0.063,0.062
2.77730e-01,-0.057,0.06
2.77740e-01,-0.053,0.054
2.77750e-01,-0.059,0.06
2.77760e-01,-0.053,0.06
2.77770e-01,-0.053,0.058
2.77780e-01,-0.059,0.064
2.77790e-01,-0.051,0.054
2.77800e-01,-0.063,0.062
2.77810e-01,-0.059,0.06
2.77820e-01,-0.059,0.062
2.77830e-01,-0.059,0.066
2.77840e-01,-0.061,0.064
2.77850e-01,-0.063,0.064
2.77860e-01,-0.057,0.058
2.77870e-01,-0.059,0.062
2.77880e-01,-0.059,0.062
2.77890e-01,-0.059,0.062
2.77900e-01,-0.053,0.06
2.77910e-01,-0.059,0.06
2.77920e-01,-0.053,0.058
2.77930e-01,-0.061,0.064
2.77940e-01,-0.061,0.066
2.77950e-01,-0.059,0.062
2.77960e-01,-0.061,0.066
2.77970e-01,-0.061,0.062
2.77980e-01,-0.053,0.058
2.77990e-01,-0.063,0.066
2.78000e-01,-0.059,0.064
2.78010e-01,-0.059,0.064
2.78020e-01,-0.063,0.062
2.78030e-01,-0.057,0.06
2.78040e-01,-0.057,0.064
2.78050e-01,-0.057,0.062
2.78060e-01,-0.059,0.062
2.78070e-01,-0.057,0.06
2.78080e-01,-0.061,0.06
2.78090e-01,-0.055,0.058
2.78100e-01,-0.057,0.06
2.78110e-01,-0.053,0.06
2.78120e-01,-0.051,0.052
2.78130e-01,-0.061,0.064
2.78140e-01,-0.057,0.062
2.78150e-01,-0.061,0.064
2.78160e-01,-0.059,0.064
2.78170e-01,-0.057,0.06
2.78180e-01,-0.063,0.066
2.78190e-01,-0.057,0.064
2.78200e-01,-0.059,0.064
2.78210e-01,-0.061,0.062
2.78220e-01,-0.061,0.066
2.78230e-01,-0.057,0.062
2.78240e-01,-0.055,0.062
2.78250e-01,-0.059,0.06
2.78260e-01,-0.047,0.05
2.78270e-01,-0.061,0.066
2.78280e-01,-0.055,0.056
2.78290e-01,-0.059,0.06
2.78300e-01,-0.059,0.064
2.78310e-01,-0.059,0.068
2.78320e-01,-0.059,0.064
2.78330e-01,-0.063,0.064
2.78340e-01,-0.065,0.068
2.78350e-01,-0.059,0.068
2.78360e-01,-0.061,0.062
2.78370e-01,-0.061,0.064
2.78380e-01,-0.059,0.064
2.78390e-01,-0.063,0.064
2.78400e-01,-0.055,0.062
2.78410e-01,-0.061,0.064
2.78420e-01,-0.061,0.064
2.78430e-01,-0.059,0.06
2.78440e-01,-0.059,0.062
2.78450e-01,-0.055,0.06
2.78460e-01,-0.057,0.062
2.78470e-01,-0.059,0.058
2.78480e-01,-0.059,0.062
2.78490e-01,-0.061,0.06
2.78500e-01,-0.059,0.064
2.78510e-01,-0.059,0.06
2.78520e-01,-0.061,0.06
2.78530e-01,-0.063,0.062
2.78540e-01,-0.059,0.064
2.78550e-01,-0.059,0.062
2.78560e-01,-0.063,0.064
2.78570e-01,-0.061,0.064
2.78580e-01,-0.059,0.06
2.78590e-01,-0.063,0.064
2.78600e-01,-0.057,0.06
2.78610e-01,-0.063,0.064
2.78620e-01,-0.049,0.054
2.78630e-01,-0.057,0.064
2.78640e-01,-0.049,0.058
2.78650e-01,-0.061,0.068
2.78660e-01,-0.057,0.064
2.78670e-01,-0.053,0.056
2.78680e-01,-0.049,0.056
2.78690e-01,-0.035,0.042
2.78700e-01,-0.057,0.064
2.78710e-01,-0.055,0.06
2.78720e-01,-0.063,0.064
2.78730e-01,-0.055,0.064
2.78740e-01,-0.061,0.066
2.78750e-01,-0.047,0.05
2.78760e-01,-0.063,0.062
2.78770e-01,-0.059,0.062
2.78780e-01,-0.061,0.062
2.78790e-01,-0.047,0.052
2.78800e-01,-0.059,0.06
2.78810e-01,-0.049,0.052
2.78820e-01,-0.063,0.062
2.78830e-01,-0.055,0.062
2.78840e-01,-0.065,0.064
2.78850e-01,-0.063,0.066
2.78860e-01,-0.059,0.064
2.78870e-01,-0.061,0.064
2.78880e-01,-0.059,0.064
2.78890e-01,-0.061,0.064
2.78900e-01,-0.059,0.064
2.78910e-01,-0.061,0.064
2.78920e-01,-0.061,0.06
2.78930e-01,-0.059,0.062
2.78940e-01,-0.061,0.062
2.78950e-01,-0.057,0.06
2.78960e-01,-0.059,0.062
2.78970e-01,-0.063,0.062
2.78980e-01,-0.061,0.064
2.78990e-01,-0.061,0.06
2.79000e-01,-0.061,0.064
2.79010e-01,-0.059,0.062
2.79020e-01,-0.061,0.062
2.79030e-01,-0.059,0.064
2.79040e-01,-0.063,0.062
2.79050e-01,-0.061,0.062
2.79060e-01,-0.061,0.062
2.79070e-01,-0.061,0.064
2.79080e-01,-0.059,0.06
2.79090e-01,-0.059,0.062
2.79100e-01,-0.061,0.062
2.79110e-01,-0.057,0.06
2.79120e-01,-0.057,0.064
2.79130e-01,-0.055,0.064
2.79140e-01,-0.061,0.064
2.79150e-01,-0.059,0.062
2.79160e-01,-0.061,0.064
2.79170e-01,-0.063,0.06
2.79180e-01,-0.063,0.064
2.79190e-01,-0.057,0.064
2.79200e-01,-0.059,0.062
2.79210e-01,-0.057,0.064
2.79220e-01,-0.059,0.064
2.79230e-01,-0.059,0.06
2.79240e-01,-0.059,0.064
2.79250e-01,-0.055,0.058
2.79260e-01,-0.057,0.06
2.79270e-01,-0.059,0.062
2.79280e-01,-0.059,0.062
2.79290e-01,-0.057,0.06
2.79300e-01,-0.061,0.066
2.79310e-01,-0.057,0.064
2.79320e-01,-0.057,0.06
2.79330e-01,-0.053,0.056
2.79340e-01,-0.057,0.06
2.79350e-01,-0.061,0.062
2.79360e-01,-0.055,0.058
2.79370e-01,-0.061,0.066
2.79380e-01,-0.057,0.062
2.79390e-01,-0.055,0.058
2.79400e-01,-0.041,0.048
2.79410e-01,-0.031,0.04
2.79420e-01,-0.049,0.054
2.79430e-01,-0.041,0.046
2.79440e-01,-0.049,0.052
2.79450e-01,-0.049,0.052
2.79460e-01,-0.059,0.064
2.79470e-01,-0.057,0.06
2.79480e-01,-0.061,0.064
2.79490e-01,-0.057,0.064
2.79500e-01,-0.061,0.064
2.79510e-01,-0.061,0.068
2.79520e-01,-0.061,0.064
2.79530e-01,-0.063,0.062
2.79540e-01,-0.061,0.062
2.79550e-01,-0.059,0.066
2.79560e-01,-0.063,0.064
2.79570e-01,-0.055,0.06
2.79580e-01,-0.059,0.062
2.79590e-01,-0.047,0.048
2.79600e-01,-0.057,0.064
2.79610e-01,-0.051,0.056
2.79620e-01,-0.063,0.062
2.79630e-01,-0.061,0.068
2.79640e-01,-0.059,0.062
2.79650e-01,-0.059,0.06
2.79660e-01,-0.061,0.064
2.79670e-01,-0.059,0.06
2.79680e-01,-0.061,0.066
2.79690e-01,-0.059,0.06
2.79700e-01,-0.061,0.064
2.79710e-01,-0.063,0.06
2.79720e-01,-0.063,0.064
2.79730e-01,-0.061,0.062
2.79740e-01,-0.061,0.062
2.79750e-01,-0.051,0.054
2.79760e-01,-0.059,0.062
2.79770e-01,-0.063,0.062
2.79780e-01,-0.063,0.062
2.79790e-01,-0.059,0.062
2.79800e-01,-0.057,0.062
2.79810e-01,-0.059,0.06
2.79820e-01,-0.057,0.062
2.79830e-01,-0.057,0.062
2.79840e-01,-0.055,0.056
2.79850e-01,-0.057,0.062
2.79860e-01,-0.057,0.06
2.79870e-01,-0.063,0.064
2.79880e-01,-0.059,0.064
2.79890e-01,-0.059,0.062
2.79900e-01,-0.041,0.048
2.79910e-01,-0.053,0.058
2.79920e-01,-0.063,0.064
2.79930e-01,-0.059,0.064
2.79940e-01,-0.063,0.064
2.79950e-01,-0.057,0.062
2.79960e-01,-0.063,0.064
2.79970e-01,-0.059,0.062
2.79980e-01,-0.057,0.06
2.79990e-01,-0.061,0.062
2.80000e-01,-0.057,0.062
2.80010e-01,-0.059,0.062
2.80020e-01,-0.057,0.062
2.80030e-01,-0.055,0.062
2.80040e-01,-0.061,0.064
2.80050e-01,-0.049,0.058
2.80060e-01,-0.053,0.058
2.80070e-01,-0.045,0.048
2.80080e-01,-0.053,0.062
2.80090e-01,-0.055,0.06
2.80100e-01,-0.049,0.052
2.80110e-01,-0.055,0.06
2.80120e-01,-0.059,0.062
2.80130e-01,-0.063,0.062
2.80140e-01,-0.061,0.06
2.80150e-01,-0.055,0.06
2.80160e-01,-0.039,0.044
2.80170e-01,-0.047,0.052
2.80180e-01,-0.057,0.058
2.80190e-01,-0.053,0.058
2.80200e-01,-0.059,0.064
2.80210e-01,-0.063,0.062
2.80220e-01,-0.059,0.064
2.80230e-01,-0.057,0.064
2.80240e-01,-0.065,0.066
2.80250e-01,-0.061,0.064
2.80260e-01,-0.055,0.064
2.80270e-01,-0.061,0.062
2.80280e-01,-0.065,0.064
2.80290e-01,-0.061,0.064
2.80300e-01,-0.063,0.064
2.80310e-01,-0.059,0.068
2.80320e-01,-0.059,0.064
2.80330e-01,-0.061,0.06
2.80340e-01,-0.055,0.058
2.80350e-01,-0.059,0.062
2.80360e-01,-0.061,0.064
2.80370e-01,-0.057,0.062
2.80380e-01,-0.055,0.062
2.80390e-01,-0.055,0.058
2.80400e-01,-0.039,0.048
2.80410e-01,-0.053,0.058
2.80420e-01,-0.059,0.062
2.80430e-01,-0.057,0.058
2.80440e-01,-0.061,0.062
2.80450e-01,-0.059,0.06
2.80460e-01,-0.061,0.06
2.80470e-01,-0.061,0.062
2.80480e-01,-0.057,0.064
2.80490e-01,-0.059,0.062
2.80500e-01,-0.061,0.064
2.80510e-01,-0.063,0.066
2.80520e-01,-0.059,0.06
2.80530e-01,-0.061,0.064
2.80540e-01,-0.055,0.058
2.80550e-01,-0.053,0.06
2.80560e-01,-0.055,0.062
2.80570e-01,-0.061,0.062
2.80580e-01,-0.045,0.052
2.80590e-01,-0.057,0.062
2.80600e-01,-0.053,0.054
2.80610e-01,-0.057,0.064
2.80620e-01,-0.061,0.06
2.80630e-01,-0.061,0.068
2.80640e-01,-0.059,0.06
2.80650e-01,-0.049,0.054
2.80660e-01,-0.059,0.066
2.80670e-01,-0.063,0.064
2.80680e-01,-0.061,0.064
2.80690e-01,-0.059,0.062
2.80700e-01,-0.063,0.064
2.80710e-01,-0.061,0.062
2.80720e-01,-0.055,0.06
2.80730e-01,-0.063,0.064
2.80740e-01,-0.057,0.06
2.80750e-01,-0.061,0.066
2.80760e-01,-0.055,0.06
2.80770e-01,-0.053,0.056
2.80780e-01,-0.063,0.066
2.80790e-01,-0.059,0.068
2.80800e-01,-0.059,0.064
2.80810e-01,-0.061,0.064
2.80820e-01,-0.063,0.064
2.80830e-01,-0.059,0.064
2.80840e-01,-0.059,0.06
2.80850e-01,-0.061,0.06
2.80860e-01,-0.059,0.064
2.80870e-01,-0.061,0.062
2.80880e-01,-0.063,0.068
2.80890e-01,-0.061,0.066
2.80900e-01,-0.061,0.064
2.80910e-01,-0.059,0.064
2.80920e-01,-0.051,0.056
2.80930e-01,-0.059,0.062
2.80940e-01,-0.059,0.062
2.80950e-01,-0.061,0.062
2.80960e-01,-0.057,0.06
2.80970e-01,-0.061,0.066
2.80980e-01,-0.061,0.064
2.80990e-01,-0.063,0.06
2.81000e-01,-0.059,0.066
2.81010e-01,-0.041,0.054
2.81020e-01,-0.063,0.062
2.81030e-01,-0.055,0.056
2.81040e-01,-0.061,0.062
2.81050e-01,-0.055,0.062
2.81060e-01,-0.061,0.062
2.81070e-01,-0.061,0.062
2.81080e-01,-0.057,0.064
2.81090e-01,-0.055,0.06
2.81100e-01,-0.051,0.058
2.81110e-01,-0.057,0.062
2.81120e-01,-0.061,0.062
2.81130e-01,-0.059,0.062
2.81140e-01,-0.061,0.064
2.81150e-01,-0.055,0.06
2.81160e-01,-0.061,0.062
2.81170e-01,-0.061,0.064
2.81180e-01,-0.057,0.066
2.81190e-01,-0.055,0.06
2.81200e-01,-0.061,0.066
2.81210e-01,-0.059,0.058
2.81220e-01,-0.055,0.058
2.81230e-01,-0.057,0.062
2.81240e-01,-0.061,0.06
2.81250e-01,-0.057,0.06
2.81260e-01,-0.053,0.054
2.81270e-01,-0.055,0.058
2.81280e-01,-0.059,0.066
2.81290e-01,-0.055,0.06
2.81300e-01,-0.057,0.06
2.81310e-01,-0.057,0.062
2.81320e-01,-0.057,0.066
2.81330e-01,-0.063,0.064
2.81340e-01,-0.061,0.066
2.81350e-01,-0.061,0.064
2.81360e-01,-0.059,0.068
2.81370e-01,-0.055,0.066
2.81380e-01,-0.059,0.064
2.81390e-01,-0.063,0.062
2.81400e-01,-0.057,0.06
2.81410e-01,-0.063,0.062
2.81420e-01,-0.057,0.06
2.81430e-01,-0.061,0.062
2.81440e-01,-0.061,0.064
2.81450e-01,-0.055,0.06
2.81460e-01,-0.061,0.064
2.81470e-01,-0.059,0.062
2.81480e-01,-0.059,0.062
2.81490e-01,-0.061,0.064
2.81500e-01,-0.061,0.064
2.81510e-01,-0.061,0.064
2.81520e-01,-0.059,0.06
2.81530e-01,-0.063,0.062
2.81540e-01,-0.061,0.064
2.81550e-01,-0.057,0.064
2.81560e-01,-0.061,0.064
2.81570e-01,-0.061,0.062
2.81580e-01,-0.061,0.06
2.81590e-01,-0.055,0.056
2.81600e-01,-0.059,0.062
2.81610e-01,-0.057,0.068
2.81620e-01,-0.061,0.06
2.81630e-01,-0.059,0.066
2.81640e-01,-0.059,0.06
2.81650e-01,-0.061,0.064
2.81660e-01,-0.061,0.066
2.81670e-01,-0.061,0.064
2.81680e-01,-0.059,0.064
2.81690e-01,-0.061,0.068
2.81700e-01,-0.057,0.06
2.81710e-01,-0.063,0.064
2.81720e-01,-0.063,0.068
2.81730e-01,-0.061,0.064
2.81740e-01,-0.061,0.064
2.81750e-01,-0.059,0.062
2.81760e-01,-0.057,0.06
2.81770e-01,-0.061,0.064
2.81780e-01,-0.059,0.06
2.81790e-01,-0.063,0.068
2.81800e-01,-0.059,0.06
2.81810e-01,-0.055,0.064
2.81820e-01,-0.061,0.06
2.81830e-01,-0.059,0.064
2.81840e-01,-0.061,0.064
2.81850e-01,-0.063,0.064
2.81860e-01,-0.061,0.064
2.81870e-01,-0.063,0.064
2.81880e-01,-0.065,0.064
2.81890e-01,-0.059,0.062
2.81900e-01,-0.061,0.064
2.81910e-01,-0.061,0.064
2.81920e-01,-0.063,0.066
2.81930e-01,-0.061,0.066
2.81940e-01,-0.061,0.064
2.81950e-01,-0.055,0.06
2.81960e-01,-0.061,0.064
2.81970e-01,-0.063,0.064
2.81980e-01,-0.059,0.066
2.81990e-01,-0.059,0.066
2.82000e-01,-0.057,0.064
2.82010e-01,-0.049,0.058
2.82020e-01,-0.061,0.066
2.82030e-01,-0.063,0.062
2.82040e-01,-0.059,0.06
2.82050e-01,-0.063,0.062
2.82060e-01,-0.063,0.064
2.82070e-01,-0.059,0.062
2.82080e-01,-0.059,0.066
2.82090e-01,-0.061,0.062
2.82100e-01,-0.057,0.062
2.82110e-01,-0.057,0.062
2.82120e-01,-0.059,0.064
2.82130e-01,-0.059,0.064
2.82140e-01,-0.055,0.06
2.82150e-01,-0.059,0.06
2.82160e-01,-0.053,0.058
2.82170e-01,-0.059,0.06
2.82180e-01,-0.053,0.054
2.82190e-01,-0.063,0.062
2.82200e-01,-0.053,0.054
2.82210e-01,-0.057,0.064
2.82220e-01,-0.053,0.058
2.82230e-01,-0.055,0.064
2.82240e-01,-0.043,0.044
2.82250e-01,-0.059,0.062
2.82260e-01,-0.055,0.064
2.82270e-01,-0.061,0.066
2.82280e-01,-0.061,0.064
2.82290e-01,-0.057,0.062
2.82300e-01,-0.059,0.06
2.82310e-01,-0.061,0.064
2.82320e-01,-0.057,0.066
2.82330e-01,-0.059,0.062
2.82340e-01,-0.059,0.062
2.82350e-01,-0.057,0.062
2.82360e-01,-0.061,0.066
2.82370e-01,-0.059,0.062
2.82380e-01,-0.063,0.064
2.82390e-01,-0.059,0.066
2.82400e-01,-0.061,0.062
2.82410e-01,-0.059,0.064
2.82420e-01,-0.059,0.066
2.82430e-01,-0.059,0.06
2.82440e-01,-0.061,0.066
2.82450e-01,-0.061,0.064
2.82460e-01,-0.061,0.06
2.82470e-01,-0.055,0.056
2.82480e-01,-0.061,0.064
2.82490e-01,-0.059,0.064
2.82500e-01,-0.057,0.064
2.82510e-01,-0.061,0.06
2.82520e-01,-0.061,0.064
2.82530e-01,-0.057,0.062
2.82540e-01,-0.057,0.06
2.82550e-01,-0.057,0.06
2.82560e-01,-0.063,0.062
2.82570e-01,-0.059,0.062
2.82580e-01,-0.063,0.064
2.82590e-01,-0.063,0.06
2.82600e-01,-0.063,0.064
2.82610e-01,-0.059,0.062
2.82620e-01,-0.065,0.064
2.82630e-01,-0.063,0.064
2.82640e-01,-0.061,0.064
2.82650e-01,-0.055,0.064
2.82660e-01,-0.061,0.064
2.82670e-01,-0.061,0.064
2.82680e-01,-0.061,0.064
2.82690e-01,-0.053,0.06
2.82700e-01,-0.063,0.066
2.82710e-01,-0.045,0.048
2.82720e-01,-0.057,0.064
2.82730e-01,-0.061,0.06
2.82740e-01,-0.063,0.064
2.82750e-01,-0.057,0.062
2.82760e-01,-0.063,0.066
2.82770e-01,-0.061,0.062
2.82780e-01,-0.061,0.064
2.82790e-01,-0.059,0.064
2.82800e-01,-0.061,0.064
2.82810e-01,-0.065,0.064
2.82820e-01,-0.059,0.062
2.82830e-01,-0.061,0.068
2.82840e-01,-0.063,0.066
2.82850e-01,-0.053,0.06
2.82860e-01,-0.059,0.066
2.82870e-01,-0.059,0.06
2.82880e-01,-0.063,0.068
2.82890e-01,-0.057,0.066
2.82900e-01,-0.063,0.06
2.82910e-01,-0.055,0.06
2.82920e-01,-0.059,0.064
2.82930e-01,-0.059,0.064
2.82940e-01,-0.061,0.062
2.82950e-01,-0.059,0.062
2.82960e-01,-0.055,0.062
2.82970e-01,-0.053,0.06
2.82980e-01,-0.061,0.062
2.82990e-01,-0.059,0.066
2.83000e-01,-0.059,0.064
2.83010e-01,-0.055,0.06
2.83020e-01,-0.059,0.06
2.83030e-01,-0.057,0.06
2.83040e-01,-0.059,0.064
2.83050e-01,-0.051,0.056
2.83060e-01,-0.055,0.06
2.83070e-01,-0.057,0.06
2.83080e-01,-0.053,0.056
2.83090e-01,-0.055,0.06
2.83100e-01,-0.061,0.064
2.83110e-01,-0.051,0.06
2.83120e-01,-0.063,0.066
2.83130e-01,-0.059,0.064
2.83140e-01,-0.061,0.064
2.83150e-01,-0.063,0.066
2.83160e-01,-0.061,0.062
2.83170e-01,-0.053,0.06
2.83180e-01,-0.063,0.064
2.83190e-01,-0.053,0.056
2.83200e-01,-0.059,0.062
2.83210e-01,-0.051,0.06
2.83220e-01,-0.057,0.06
2.83230e-01,-0.063,0.062
2.83240e-01,-0.055,0.06
2.83250e-01,-0.059,0.06
2.83260e-01,-0.059,0.06
2.83270e-01,-0.055,0.062
2.83280e-01,-0.059,0.064
2.83290e-01,-0.061,0.062
2.83300e-01,-0.063,0.064
2.83310e-01,-0.057,0.062
2.83320e-01,-0.059,0.066
2.83330e-01,-0.061,0.064
2.83340e-01,-0.053,0.06
2.83350e-01,-0.057,0.062
2.83360e-01,-0.061,0.064
2.83370e-01,-0.059,0.062
2.83380e-01,-0.061,0.062
2.83390e-01,-0.059,0.066
2.83400e-01,-0.057,0.064
2.83410e-01,-0.059,0.062
2.83420e-01,-0.061,0.064
2.83430e-01,-0.061,0.064
2.83440e-01,-0.063,0.066
2.83450e-01,-0.057,0.064
2.83460e-01,-0.063,0.062
2.83470e-01,-0.063,0.062
2.83480e-01,-0.063,0.064
2.83490e-01,-0.057,0.06
2.83500e-01,-0.057,0.064
2.83510e-01,-0.059,0.062
2.83520e-01,-0.051,0.06
2.83530e-01,-0.059,0.06
2.83540e-01,-0.059,0.064
2.83550e-01,-0.061,0.064
2.83560e-01,-0.055,0.064
2.83570e-01,-0.061,0.064
2.83580e-01,-0.055,0.06
2.83590e-01,-0.059,0.062
2.83600e-01,-0.057,0.064
2.83610e-01,-0.057,0.062
2.83620e-01,-0.063,0.064
2.83630e-01,-0.061,0.062
2.83640e-01,-0.059,0.066
2.83650e-01,-0.059,0.064
2.83660e-01,-0.059,0.064
2.83670e-01,-0.063,0.064
2.83680e-01,-0.059,0.066
2.83690e-01,-0.061,0.064
2.83700e-01,-0.059,0.064
2.83710e-01,-0.061,0.066
2.83720e-01,-0.057,0.062
2.83730e-01,-0.057,0.066
2.83740e-01,-0.053,0.054
2.83750e-01,-0.055,0.064
2.83760e-01,-0.063,0.064
2.83770e-01,-0.061,0.064
2.83780e-01,-0.061,0.06
2.83790e-01,-0.059,0.062
2.83800e-01,-0.059,0.064
2.83810e-01,-0.059,0.064
2.83820e-01,-0.061,0.064
2.83830e-01,-0.063,0.062
2.83840e-01,-0.055,0.06
2.83850e-01,-0.055,0.06
2.83860e-01,-0.061,0.062
2.83870e-01,-0.061,0.066
2.83880e-01,-0.063,0.064
2.83890e-01,-0.061,0.062
2.83900e-01,-0.057,0.06
2.83910e-01,-0.061,0.066
2.83920e-01,-0.063,0.066
2.83930e-01,-0.061,0.064
2.83940e-01,-0.059,0.062
2.83950e-01,-0.059,0.064
2.83960e-01,-0.063,0.062
2.83970e-01,-0.063,0.066
2.83980e-01,-0.055,0.06
2.83990e-01,-0.061,0.066
2.84000e-01,-0.057,0.062
2.84010e-01,-0.061,0.064
2.84020e-01,-0.057,0.064
2.84030e-01,-0.059,0.064
2.84040e-01,-0.055,0.06
2.84050e-01,-0.059,0.064
2.84060e-01,-0.059,0.062
2.84070e-01,-0.061,0.064
2.84080e-01,-0.059,0.062
2.84090e-01,-0.057,0.062
2.84100e-01,-0.061,0.064
2.84110e-01,-0.065,0.064
2.84120e-01,-0.061,0.064
2.84130e-01,-0.063,0.064
2.84140e-01,-0.061,0.064
2.84150e-01,-0.059,0.064
2.84160e-01,-0.061,0.066
2.84170e-01,-0.065,0.066
2.84180e-01,-0.059,0.064
2.84190e-01,-0.057,0.064
2.84200e-01,-0.061,0.066
2.84210e-01,-0.053,0.058
2.84220e-01,-0.063,0.068
2.84230e-01,-0.061,0.062
2.84240e-01,-0.057,0.06
2.84250e-01,-0.059,0.068
2.84260e-01,-0.055,0.06
2.84270e-01,-0.063,0.064
2.84280e-01,-0.057,0.064
2.84290e-01,-0.057,0.064
2.84300e-01,-0.061,0.062
2.84310e-01,-0.063,0.062
2.84320e-01,-0.059,0.066
2.84330e-01,-0.063,0.066
2.84340e-01,-0.059,0.062
2.84350e-01,-0.065,0.062
2.84360e-01,-0.059,0.066
2.84370e-01,-0.061,0.064
2.84380e-01,-0.057,0.068
2.84390e-01,-0.059,0.062
2.84400e-01,-0.061,0.06
2.84410e-01,-0.061,0.062
2.84420e-01,-0.051,0.058
2.84430e-01,-0.057,0.062
2.84440e-01,-0.051,0.062
2.84450e-01,-0.061,0.062
2.84460e-01,-0.059,0.062
2.84470e-01,-0.057,0.06
2.84480e-01,-0.057,0.064
2.84490e-01,-0.055,0.06
2.84500e-01,-0.057,0.064
2.84510e-01,-0.061,0.066
2.84520e-01,-0.059,0.06
2.84530e-01,-0.057,0.06
2.84540e-01,-0.061,0.06
2.84550e-01,-0.055,0.058
2.84560e-01,-0.061,0.062
2.84570e-01,-0.059,0.064
2.84580e-01,-0.061,0.06
2.84590e-01,-0.055,0.06
2.84600e-01,-0.061,0.062
2.84610e-01,-0.043,0.05
2.84620e-01,-0.063,0.062
2.84630e-01,-0.061,0.062
2.84640e-01,-0.061,0.064
2.84650e-01,-0.059,0.06
2.84660e-01,-0.059,0.064
2.84670e-01,-0.059,0.068
2.84680e-01,-0.061,0.06
2.84690e-01,-0.057,0.062
2.84700e-01,-0.051,0.058
2.84710e-01,-0.059,0.064
2.84720e-01,-0.051,0.056
2.84730e-01,-0.061,0.062
2.84740e-01,-0.063,0.064
2.84750e-01,-0.061,0.062
2.84760e-01,-0.061,0.062
2.84770e-01,-0.059,0.062
2.84780e-01,-0.059,0.06
2.84790e-01,-0.059,0.062
2.84800e-01,-0.061,0.062
2.84810e-01,-0.049,0.058
2.84820e-01,-0.043,0.05
2.84830e-01,-0.049,0.054
2.84840e-01,-0.053,0.052
2.84850e-01,-0.055,0.058
2.84860e-01,-0.059,0.06
2.84870e-01,-0.063,0.062
2.84880e-01,-0.059,0.062
2.84890e-01,-0.061,0.062
2.84900e-01,-0.059,0.062
2.84910e-01,-0.059,0.062
2.84920e-01,-0.059,0.062
2.84930e-01,-0.055,0.06
2.84940e-01,-0.059,0.06
2.84950e-01,-0.057,0.06
2.84960e-01,-0.061,0.064
2.84970e-01,-0.061,0.066
2.84980e-01,-0.061,0.062
2.84990e-01,-0.059,0.064
2.85000e-01,-0.063,0.062
2.85010e-01,-0.057,0.064
2.85020e-01,-0.055,0.062
2.85030e-01,-0.057,0.064
2.85040e-01,-0.045,0.054
2.85050e-01,-0.061,0.064
2.85060e-01,-0.059,0.062
2.85070e-01,-0.057,0.06
2.85080e-01,-0.055,0.06
2.85090e-01,-0.055,0.062
2.85100e-01,-0.063,0.064
2.85110e-01,-0.061,0.062
2.85120e-01,-0.059,0.062
2.85130e-01,-0.061,0.064
2.85140e-01,-0.059,0.062
2.85150e-01,-0.061,0.064
2.85160e-01,-0.059,0.062
2.85170e-01,-0.055,0.06
2.85180e-01,-0.057,0.068
2.85190e-01,-0.057,0.064
2.85200e-01,-0.061,0.062
2.85210e-01,-0.063,0.066
2.85220e-01,-0.057,0.06
2.85230e-01,-0.061,0.064
2.85240e-01,-0.063,0.062
2.85250e-01,-0.063,0.064
2.85260e-01,-0.057,0.064
2.85270e-01,-0.059,0.06
2.85280e-01,-0.061,0.06
2.85290e-01,-0.059,0.06
2.85300e-01,-0.057,0.064
2.85310e-01,-0.061,0.064
2.85320e-01,-0.063,0.06
2.85330e-01,-0.061,0.062
2.85340e-01,-0.061,0.064
2.85350e-01,-0.061,0.062
2.85360e-01,-0.059,0.064
2.85370e-01,-0.059,0.064
2.85380e-01,-0.063,0.066
2.85390e-01,-0.059,0.062
2.85400e-01,-0.061,0.064
2.85410e-01,-0.063,0.062
2.85420e-01,-0.055,0.06
2.85430e-01,-0.057,0.06
2.85440e-01,-0.055,0.06
2.85450e-01,-0.059,0.06
2.85460e-01,-0.059,0.06
2.85470e-01,-0.059,0.062
2.85480e-01,-0.065,0.068
2.85490e-01,-0.063,0.062
2.85500e-01,-0.061,0.064
2.85510e-01,-0.055,0.064
2.85520e-01,-0.063,0.064
2.85530e-01,-0.059,0.066
2.85540e-01,-0.063,0.062
2.85550e-01,-0.057,0.06
2.85560e-01,-0.065,0.066
2.85570e-01,-0.063,0.066
2.85580e-01,-0.059,0.06
2.85590e-01,-0.059,0.066
2.85600e-01,-0.045,0.05
2.85610e-01,-0.057,0.06
2.85620e-01,-0.055,0.056
2.85630e-01,-0.053,0.056
2.85640e-01,-0.061,0.064
2.85650e-01,-0.059,0.064
2.85660e-01,-0.059,0.066
2.85670e-01,-0.057,0.06
2.85680e-01,-0.063,0.066
2.85690e-01,-0.061,0.064
2.85700e-01,-0.059,0.062
2.85710e-01,-0.061,0.064
2.85720e-01,-0.063,0.064
2.85730e-01,-0.057,0.062
2.85740e-01,-0.063,0.064
2.85750e-01,-0.061,0.064
2.85760e-01,-0.061,0.062
2.85770e-01,-0.063,0.062
2.85780e-01,-0.063,0.062
2.85790e-01,-0.061,0.06
2.85800e-01,-0.063,0.062
2.85810e-01,-0.057,0.06
2.85820e-01,-0.063,0.064
2.85830e-01,-0.057,0.062
2.85840e-01,-0.063,0.064
2.85850e-01,-0.057,0.06
2.85860e-01,-0.061,0.062
2.85870e-01,-0.061,0.064
2.85880e-01,-0.059,0.064
2.85890e-01,-0.063,0.064
2.85900e-01,-0.057,0.064
2.85910e-01,-0.051,0.056
2.85920e-01,-0.043,0.046
2.85930e-01,-0.051,0.06
2.85940e-01,-0.057,0.06
2.85950e-01,-0.061,0.064
2.85960e-01,-0.061,0.064
2.85970e-01,-0.059,0.064
2.85980e-01,-0.063,0.064
2.85990e-01,-0.053,0.06
2.86000e-01,-0.061,0.064
2.86010e-01,-0.057,0.064
2.86020e-01,-0.063,0.064
2.86030e-01,-0.055,0.06
2.86040e-01,-0.049,0.056
2.86050e-01,-0.061,0.064
2.86060e-01,-0.059,0.062
2.86070e-01,-0.059,0.062
2.86080e-01,-0.057,0.06
2.86090e-01,-0.055,0.06
2.86100e-01,-0.061,0.064
2.86110e-01,-0.057,0.06
2.86120e-01,-0.059,0.062
2.86130e-01,-0.063,0.064
2.86140e-01,-0.061,0.064
2.86150e-01,-0.061,0.066
2.86160e-01,-0.059,0.064
2.86170e-01,-0.063,0.064
2.86180e-01,-0.065,0.06
2.86190e-01,-0.059,0.06
2.86200e-01,-0.061,0.06
2.86210e-01,-0.061,0.06
2.86220e-01,-0.053,0.06
2.86230e-01,-0.061,0.06
2.86240e-01,-0.059,0.062
2.86250e-01,-0.063,0.064
2.86260e-01,-0.061,0.062
2.86270e-01,-0.055,0.054
2.86280e-01,-0.055,0.056
2.86290e-01,-0.049,0.054
2.86300e-01,-0.063,0.066
2.86310e-01,-0.057,0.064
2.86320e-01,-0.061,0.06
2.86330e-01,-0.061,0.062
2.86340e-01,-0.059,0.064
2.86350e-01,-0.059,0.062
2.86360e-01,-0.061,0.062
2.86370e-01,-0.063,0.062
2.86380e-01,-0.059,0.064
2.86390e-01,-0.059,0.06
2.86400e-01,-0.055,0.058
2.86410e-01,-0.057,0.062
2.86420e-01,-0.057,0.06
2.86430e-01,-0.063,0.064
2.86440e-01,-0.057,0.06
2.86450e-01,-0.059,0.062
2.86460e-01,-0.059,0.06
2.86470e-01,-0.057,0.06
2.86480e-01,-0.061,0.064
2.86490e-01,-0.061,0.062
2.86500e-01,-0.057,0.062
2.86510e-01,-0.059,0.064
2.86520e-01,-0.063,0.064
2.86530e-01,-0.059,0.066
2.86540e-01,-0.059,0.066
2.86550e-01,-0.059,0.062
2.86560e-01,-0.059,0.064
2.86570e-01,-0.061,0.06
2.86580e-01,-0.055,0.064
2.86590e-01,-0.063,0.064
2.86600e-01,-0.041,0.046
2.86610e-01,-0.047,0.058
2.86620e-01,-0.063,0.064
2.86630e-01,-0.059,0.064
2.86640e-01,-0.055,0.062
2.86650e-01,-0.059,0.06
2.86660e-01,-0.057,0.06
2.86670e-01,-0.055,0.06
2.86680e-01,-0.055,0.06
2.86690e-01,-0.061,0.064
2.86700e-01,-0.061,0.062
2.86710e-01,-0.057,0.062
2.86720e-01,-0.051,0.058
2.86730e-01,-0.059,0.066
2.86740e-01,-0.053,0.056
2.86750e-01,-0.061,0.062
2.86760e-01,-0.061,0.062
2.86770e-01,-0.061,0.064
2.86780e-01,-0.061,0.064
2.86790e-01,-0.063,0.064
2.86800e-01,-0.059,0.064
2.86810e-01,-0.049,0.054
2.86820e-01,-0.059,0.064
2.86830e-01,-0.061,0.062
2.86840e-01,-0.061,0.06
2.86850e-01,-0.055,0.06
2.86860e-01,-0.045,0.052
2.86870e-01,-0.061,0.062
2.86880e-01,-0.051,0.056
2.86890e-01,-0.057,0.064
2.86900e-01,-0.045,0.056
2.86910e-01,-0.059,0.066
2.86920e-01,-0.059,0.062
2.86930e-01,-0.053,0.058
2.86940e-01,-0.051,0.058
2.86950e-01,-0.059,0.062
2.86960e-01,-0.053,0.058
2.86970e-01,-0.059,0.06
2.86980e-01,-0.053,0.058
2.86990e-01,-0.051,0.056
2.87000e-01,-0.061,0.064
2.87010e-01,-0.053,0.06
2.87020e-01,-0.061,0.064
2.87030e-01,-0.057,0.06
2.87040e-01,-0.061,0.062
2.87050e-01,-0.059,0.06
2.87060e-01,-0.061,0.064
2.87070e-01,-0.057,0.06
2.87080e-01,-0.061,0.066
2.87090e-01,-0.059,0.06
2.87100e-01,-0.055,0.062
2.87110e-01,-0.061,0.062
2.87120e-01,-0.059,0.064
2.87130e-01,-0.061,0.064
2.87140e-01,-0.059,0.062
2.87150e-01,-0.061,0.064
2.87160e-01,-0.055,0.062
2.87170e-01,-0.055,0.06
2.87180e-01,-0.059,0.064
2.87190e-01,-0.047,0.052
2.87200e-01,-0.055,0.06
2.87210e-01,-0.061,0.064
2.87220e-01,-0.059,0.062
2.87230e-01,-0.063,0.064
2.87240e-01,-0.059,0.064
2.87250e-01,-0.055,0.06
2.87260e-01,-0.061,0.06
2.87270e-01,-0.061,0.064
2.87280e-01,-0.063,0.064
2.87290e-01,-0.051,0.058
2.87300e-01,-0.059,0.064
2.87310e-01,-0.061,0.064
2.87320e-01,-0.057,0.06
2.87330e-01,-0.061,0.062
2.87340e-01,-0.059,0.062
2.87350e-01,-0.061,0.064
2.87360e-01,-0.061,0.064
2.87370e-01,-0.063,0.064
2.87380e-01,-0.063,0.064
2.87390e-01,-0.065,0.064
2.87400e-01,-0.057,0.06
2.87410e-01,-0.061,0.064
2.87420e-01,-0.055,0.06
2.87430e-01,-0.061,0.064
2.87440e-01,-0.057,0.062
2.87450e-01,-0.059,0.064
2.87460e-01,-0.059,0.062
2.87470e-01,-0.061,0.06
2.87480e-01,-0.061,0.06
2.87490e-01,-0.061,0.064
2.87500e-01,-0.059,0.064
2.87510e-01,-0.059,0.06
2.87520e-01,-0.063,0.066
2.87530e-01,-0.051,0.058
2.87540e-01,-0.055,0.06
2.87550e-01,-0.063,0.064
2.87560e-01,-0.061,0.066
2.87570e-01,-0.055,0.062
2.87580e-01,-0.057,0.062
2.87590e-01,-0.059,0.064
2.87600e-01,-0.061,0.062
2.87610e-01,-0.055,0.06
2.87620e-01,-0.049,0.056
2.87630e-01,-0.061,0.064
2.87640e-01,-0.057,0.062
2.87650e-01,-0.057,0.064
2.87660e-01,-0.059,0.064
2.87670e-01,-0.059,0.062
2.87680e-01,-0.059,0.062
2.87690e-01,-0.059,0.062
2.87700e-01,-0.061,0.064
2.87710e-01,-0.059,0.066
2.87720e-01,-0.059,0.062
2.87730e-01,-0.059,0.064
2.87740e-01,-0.061,0.06
2.87750e-01,-0.059,0.062
2.87760e-01,-0.061,0.066
2.87770e-01,-0.059,0.066
2.87780e-01,-0.063,0.062
2.87790e-01,-0.063,0.066
2.87800e-01,-0.061,0.062
2.87810e-01,-0.061,0.064
2.87820e-01,-0.063,0.062
2.87830e-01,-0.059,0.062
2.87840e-01,-0.061,0.064
2.87850e-01,-0.063,0.062
2.87860e-01,-0.059,0.064
2.87870e-01,-0.063,0.06
2.87880e-01,-0.057,0.06
2.87890e-01,-0.065,0.066
2.87900e-01,-0.057,0.064
2.87910e-01,-0.061,0.064
2.87920e-01,-0.059,0.066
2.87930e-01,-0.063,0.064
2.87940e-01,-0.063,0.064
2.87950e-01,-0.059,0.064
2.87960e-01,-0.061,0.064
2.87970e-01,-0.063,0.064
2.87980e-01,-0.059,0.062
2.87990e-01,-0.061,0.06
2.88000e-01,-0.057,0.062
2.88010e-01,-0.059,0.064
2.88020e-01,-0.059,0.062
2.88030e-01,-0.057,0.06
2.88040e-01,-0.065,0.064
2.88050e-01,-0.047,0.054
2.88060e-01,-0.061,0.066
2.88070e-01,-0.061,0.064
2.88080e-01,-0.059,0.066
2.88090e-01,-0.059,0.062
2.88100e-01,-0.057,0.064
2.88110e-01,-0.059,0.062
2.88120e-01,-0.059,0.066
2.88130e-01,-0.061,0.062
2.88140e-01,-0.061,0.064
2.88150e-01,-0.057,0.06
2.88160e-01,-0.061,0.064
2.88170e-01,-0.047,0.056
2.88180e-01,-0.059,0.062
2.88190e-01,-0.059,0.062
2.88200e-01,-0.059,0.06
2.88210e-01,-0.059,0.06
2.88220e-01,-0.053,0.06
2.88230e-01,-0.057,0.062
2.88240e-01,-0.061,0.064
2.88250e-01,-0.057,0.06
2.88260e-01,-0.059,0.062
2.88270e-01,-0.057,0.062
2.88280e-01,-0.063,0.062
2.88290e-01,-0.061,0.064
2.88300e-01,-0.063,0.064
2.88310e-01,-0.053,0.058
2.88320e-01,-0.063,0.064
2.88330e-01,-0.057,0.06
2.88340e-01,-0.061,0.064
2.88350e-01,-0.055,0.064
2.88360e-01,-0.059,0.064
2.88370e-01,-0.057,0.06
2.88380e-01,-0.055,0.06
2.88390e-01,-0.061,0.062
2.88400e-01,-0.057,0.062
2.88410e-01,-0.055,0.064
2.88420e-01,-0.055,0.06
2.88430e-01,-0.063,0.064
2.88440e-01,-0.055,0.06
2.88450e-01,-0.059,0.062
2.88460e-01,-0.057,0.062
2.88470e-01,-0.063,0.064
2.88480e-01,-0.057,0.064
2.88490e-01,-0.061,0.06
2.88500e-01,-0.049,0.056
2.88510e-01,-0.059,0.064
2.88520e-01,-0.061,0.062
2.88530e-01,-0.055,0.06
2.88540e-01,-0.061,0.064
2.88550e-01,-0.059,0.06
2.88560e-01,-0.055,0.062
2.88570e-01,-0.057,0.06
2.88580e-01,-0.059,0.064
2.88590e-01,-0.053,0.054
2.88600e-01,-0.061,0.062
2.88610e-01,-0.059,0.064
2.88620e-01,-0.061,0.066
2.88630e-01,-0.057,0.06
2.88640e-01,-0.057,0.06
2.88650e-01,-0.061,0.062
2.88660e-01,-0.063,0.062
2.88670e-01,-0.059,0.064
2.88680e-01,-0.063,0.064
2.88690e-01,-0.057,0.062
2.88700e-01,-0.055,0.064
2.88710e-01,-0.063,0.064
2.88720e-01,-0.061,0.064
2.88730e-01,-0.061,0.064
2.88740e-01,-0.063,0.062
2.88750e-01,-0.059,0.066
2.88760e-01,-0.059,0.062
2.88770e-01,-0.059,0.062
2.88780e-01,-0.055,0.06
2.88790e-01,-0.061,0.064
2.88800e-01,-0.061,0.06
2.88810e-01,-0.061,0.062
2.88820e-01,-0.055,0.06
2.88830e-01,-0.063,0.062
2.88840e-01,-0.061,0.068
2.88850e-01,-0.059,0.066
2.88860e-01,-0.061,0.064
2.88870e-01,-0.059,0.062
2.88880e-01,-0.059,0.064
2.88890e-01,-0.059,0.06
2.88900e-01,-0.059,0.064
2.88910e-01,-0.061,0.062
2.88920e-01,-0.057,0.062
2.88930e-01,-0.059,0.06
2.88940e-01,-0.063,0.062
2.88950e-01,-0.055,0.06
2.88960e-01,-0.061,0.064
2.88970e-01,-0.057,0.06
2.88980e-01,-0.061,0.064
2.88990e-01,-0.059,0.064
2.89000e-01,-0.065,0.064
2.89010e-01,-0.061,0.062
2.89020e-01,-0.061,0.068
2.89030e-01,-0.059,0.064
2.89040e-01,-0.065,0.062
2.89050e-01,-0.055,0.06
2.89060e-01,-0.063,0.064
2.89070e-01,-0.057,0.06
2.89080e-01,-0.061,0.064
2.89090e-01,-0.053,0.06
2.89100e-01,-0.061,0.064
2.89110e-01,-0.059,0.062
2.89120e-01,-0.061,0.062
2.89130e-01,-0.061,0.064
2.89140e-01,-0.055,0.06
2.89150e-01,-0.059,0.064
2.89160e-01,-0.059,0.062
2.89170e-01,-0.059,0.064
2.89180e-01,-0.055,0.06
2.89190e-01,-0.059,0.064
2.89200e-01,-0.063,0.062
2.89210e-01,-0.061,0.064
2.89220e-01,-0.049,0.054
2.89230e-01,-0.057,0.064
2.89240e-01,-0.057,0.06
2.89250e-01,-0.059,0.064
2.89260e-01,-0.061,0.064
2.89270e-01,-0.049,0.058
2.89280e-01,-0.057,0.064
2.89290e-01,-0.055,0.058
2.89300e-01,-0.059,0.066
2.89310e-01,-0.055,0.058
2.89320e-01,-0.059,0.06
2.89330e-01,-0.061,0.064
2.89340e-01,-0.059,0.064
2.89350e-01,-0.059,0.064
2.89360e-01,-0.061,0.062
2.89370e-01,-0.061,0.064
2.89380e-01,-0.059,0.064
2.89390e-01,-0.051,0.058
2.89400e-01,-0.047,0.054
2.89410e-01,-0.053,0.062
2.89420e-01,-0.057,0.06
2.89430e-01,-0.037,0.048
2.89440e-01,-0.063,0.066
2.89450e-01,-0.063,0.064
2.89460e-01,-0.061,0.066
2.89470e-01,-0.061,0.064
2.89480e-01,-0.063,0.062
2.89490e-01,-0.059,0.068
2.89500e-01,-0.061,0.062
2.89510e-01,-0.059,0.062
2.89520e-01,-0.063,0.064
2.89530e-01,-0.061,0.064
2.89540e-01,-0.059,0.064
2.89550e-01,-0.059,0.064
2.89560e-01,-0.051,0.056
2.89570e-01,-0.063,0.064
2.89580e-01,-0.061,0.064
2.89590e-01,-0.057,0.062
2.89600e-01,-0.051,0.06
2.89610e-01,-0.059,0.066
2.89620e-01,-0.059,0.062
2.89630e-01,-0.059,0.064
2.89640e-01,-0.061,0.062
2.89650e-01,-0.059,0.062
2.89660e-01,-0.063,0.062
2.89670e-01,-0.061,0.068
2.89680e-01,-0.061,0.062
2.89690e-01,-0.065,0.06
2.89700e-01,-0.063,0.066
2.89710e-01,-0.063,0.064
2.89720e-01,-0.059,0.064
2.89730e-01,-0.059,0.062
2.89740e-01,-0.061,0.068
2.89750e-01,-0.053,0.056
2.89760e-01,-0.065,0.064
2.89770e-01,-0.053,0.056
2.89780e-01,-0.063,0.064
2.89790e-01,-0.057,0.06
2.89800e-01,-0.047,0.054
2.89810e-01,-0.043,0.048
2.89820e-01,-0.059,0.06
2.89830e-01,-0.057,0.06
2.89840e-01,-0.059,0.064
2.89850e-01,-0.057,0.06
2.89860e-01,-0.061,0.062
2.89870e-01,-0.055,0.058
2.89880e-01,-0.055,0.06
2.89890e-01,-0.061,0.062
2.89900e-01,-0.047,0.052
2.89910e-01,-0.061,0.064
2.89920e-01,-0.057,0.06
2.89930e-01,-0.055,0.06
2.89940e-01,-0.063,0.062
2.89950e-01,-0.059,0.068
2.89960e-01,-0.059,0.06
2.89970e-01,-0.059,0.064
2.89980e-01,-0.057,0.06
2.89990e-01,-0.061,0.068
2.90000e-01,-0.057,0.06
2.90010e-01,-0.063,0.066
2.90020e-01,-0.059,0.062
2.90030e-01,-0.057,0.064
2.90040e-01,-0.057,0.064
2.90050e-01,-0.057,0.06
2.90060e-01,-0.053,0.06
2.90070e-01,-0.057,0.062
2.90080e-01,-0.057,0.064
2.90090e-01,-0.059,0.062
2.90100e-01,-0.059,0.064
2.90110e-01,-0.059,0.06
2.90120e-01,-0.061,0.062
2.90130e-01,-0.061,0.062
2.90140e-01,-0.057,0.062
2.90150e-01,-0.061,0.064
2.90160e-01,-0.059,0.06
2.90170e-01,-0.043,0.052
2.90180e-01,-0.061,0.062
2.90190e-01,-0.059,0.064
2.90200e-01,-0.061,0.068
2.90210e-01,-0.059,0.06
2.90220e-01,-0.059,0.064
2.90230e-01,-0.061,0.062
2.90240e-01,-0.063,0.062
2.90250e-01,-0.057,0.062
2.90260e-01,-0.059,0.064
2.90270e-01,-0.059,0.062
2.90280e-01,-0.055,0.06
2.90290e-01,-0.061,0.064
2.90300e-01,-0.059,0.06
2.90310e-01,-0.059,0.062
2.90320e-01,-0.051,0.058
2.90330e-01,-0.057,0.066
2.90340e-01,-0.055,0.06
2.90350e-01,-0.059,0.064
2.90360e-01,-0.061,0.064
2.90370e-01,-0.059,0.062
2.90380e-01,-0.057,0.062
2.90390e-01,-0.055,0.062
2.90400e-01,-0.061,0.06
2.90410e-01,-0.061,0.062
2.90420e-01,-0.057,0.06
2.90430e-01,-0.059,0.062
2.90440e-01,-0.047,0.054
2.90450e-01,-0.049,0.054
2.90460e-01,-0.059,0.06
2.90470e-01,-0.049,0.054
2.90480e-01,-0.061,0.066
2.90490e-01,-0.063,0.06
2.90500e-01,-0.057,0.06
2.90510e-01,-0.055,0.06
2.90520e-01,-0.061,0.064
2.90530e-01,-0.065,0.064
2.90540e-01,-0.061,0.066
2.90550e-01,-0.057,0.066
2.90560e-01,-0.059,0.066
2.90570e-01,-0.059,0.062
2.90580e-01,-0.061,0.064
2.90590e-01,-0.057,0.062
2.90600e-01,-0.061,0.064
2.90610e-01,-0.057,0.06
2.90620e-01,-0.063,0.062
2.90630e-01,-0.059,0.062
2.90640e-01,-0.059,0.06
2.90650e-01,-0.061,0.06
2.90660e-01,-0.051,0.058
2.90670e-01,-0.059,0.064
2.90680e-01,-0.061,0.06
2.90690e-01,-0.061,0.062
2.90700e-01,-0.063,0.062
2.90710e-01,-0.063,0.06
2.90720e-01,-0.061,0.064
2.90730e-01,-0.061,0.064
2.90740e-01,-0.061,0.062
2.90750e-01,-0.057,0.06
2.90760e-01,-0.059,0.066
2.90770e-01,-0.057,0.064
2.90780e-01,-0.061,0.062
2.90790e-01,-0.059,0.062
2.90800e-01,-0.061,0.064
2.90810e-01,-0.057,0.064
2.90820e-01,-0.063,0.062
2.90830e-01,-0.059,0.066
2.90840e-01,-0.061,0.06
2.90850e-01,-0.057,0.06
2.90860e-01,-0.059,0.066
2.90870e-01,-0.059,0.066
2.90880e-01,-0.061,0.064
2.90890e-01,-0.061,0.064
2.90900e-01,-0.061,0.066
2.90910e-01,-0.057,0.06
2.90920e-01,-0.055,0.06
2.90930e-01,-0.059,0.064
2.90940e-01,-0.063,0.064
2.90950e-01,-0.051,0.058
2.90960e-01,-0.063,0.066
2.90970e-01,-0.061,0.06
2.90980e-01,-0.061,0.064
2.90990e-01,-0.059,0.064
2.91000e-01,-0.055,0.056
2.91010e-01,-0.057,0.062
2.91020e-01,-0.059,0.064
2.91030e-01,-0.057,0.064
2.91040e-01,-0.055,0.066
2.91050e-01,-0.061,0.064
2.91060e-01,-0.051,0.054
2.91070e-01,-0.061,0.068
2.91080e-01,-0.059,0.064
2.91090e-01,-0.063,0.06
2.91100e-01,-0.057,0.064
2.91110e-01,-0.057,0.06
2.91120e-01,-0.061,0.064
2.91130e-01,-0.059,0.066
2.91140e-01,-0.059,0.06
2.91150e-01,-0.051,0.056
2.91160e-01,-0.059,0.06
2.91170e-01,-0.063,0.064
2.91180e-01,-0.061,0.064
2.91190e-01,-0.063,0.064
2.91200e-01,-0.059,0.064
2.91210e-01,-0.061,0.062
2.91220e-01,-0.061,0.066
2.91230e-01,-0.055,0.064
2.91240e-01,-0.061,0.066
2.91250e-01,-0.055,0.06
2.91260e-01,-0.063,0.064
2.91270e-01,-0.053,0.056
2.91280e-01,-0.057,0.06
2.91290e-01,-0.061,0.064
2.91300e-01,-0.063,0.062
2.91310e-01,-0.061,0.064
2.91320e-01,-0.063,0.066
2.91330e-01,-0.061,0.062
2.91340e-01,-0.059,0.064
2.91350e-01,-0.059,0.066
2.91360e-01,-0.061,0.062
2.91370e-01,-0.059,0.064
2.91380e-01,-0.059,0.064
2.91390e-01,-0.061,0.062
2.91400e-01,-0.057,0.06
2.91410e-01,-0.059,0.064
2.91420e-01,-0.063,0.064
2.91430e-01,-0.059,0.06
2.91440e-01,-0.061,0.062
2.91450e-01,-0.059,0.064
2.91460e-01,-0.057,0.062
2.91470e-01,-0.049,0.056
2.91480e-01,-0.057,0.06
2.91490e-01,-0.065,0.06
2.91500e-01,-0.057,0.064
2.91510e-01,-0.057,0.06
2.91520e-01,-0.057,0.062
2.91530e-01,-0.061,0.064
2.91540e-01,-0.061,0.064
2.91550e-01,-0.059,0.066
2.91560e-01,-0.051,0.056
2.91570e-01,-0.061,0.06
2.91580e-01,-0.055,0.064
2.91590e-01,-0.061,0.064
2.91600e-01,-0.061,0.064
2.91610e-01,-0.061,0.06
2.91620e-01,-0.061,0.062
2.91630e-01,-0.065,0.062
2.91640e-01,-0.059,0.068
2.91650e-01,-0.059,0.064
2.91660e-01,-0.059,0.062
2.91670e-01,-0.057,0.062
2.91680e-01,-0.061,0.064
2.91690e-01,-0.061,0.062
2.91700e-01,-0.061,0.066
2.91710e-01,-0.059,0.064
2.91720e-01,-0.063,0.062
2.91730e-01,-0.059,0.06
2.91740e-01,-0.055,0.056
2.91750e-01,-0.055,0.064
2.91760e-01,-0.061,0.064
2.91770e-01,-0.063,0.064
2.91780e-01,-0.057,0.06
2.91790e-01,-0.061,0.066
2.91800e-01,-0.061,0.064
2.91810e-01,-0.057,0.064
2.91820e-01,-0.057,0.06
2.91830e-01,-0.057,0.062
2.91840e-01,-0.063,0.066
2.91850e-01,-0.059,0.062
2.91860e-01,-0.057,0.06
2.91870e-01,-0.063,0.064
2.91880e-01,-0.059,0.066
2.91890e-01,-0.059,0.062
2.91900e-01,-0.061,0.064
2.91910e-01,-0.051,0.056
2.91920e-01,-0.051,0.054
2.91930e-01,-0.045,0.05
2.91940e-01,-0.059,0.06
2.91950e-01,-0.063,0.06
2.91960e-01,-0.063,0.064
2.91970e-01,-0.061,0.06
2.91980e-01,-0.061,0.064
2.91990e-01,-0.059,0.062
2.92000e-01,-0.059,0.062
2.92010e-01,-0.063,0.066
2.92020e-01,-0.061,0.06
2.92030e-01,-0.061,0.064
2.92040e-01,-0.059,0.062
2.92050e-01,-0.061,0.066
2.92060e-01,-0.061,0.064
2.92070e-01,-0.061,0.066
2.92080e-01,-0.059,0.066
2.92090e-01,-0.063,0.066
2.92100e-01,-0.057,0.06
2.92110e-01,-0.057,0.062
2.92120e-01,-0.057,0.058
2.92130e-01,-0.061,0.062
2.92140e-01,-0.057,0.062
2.92150e-01,-0.057,0.064
2.92160e-01,-0.057,0.062
2.92170e-01,-0.061,0.064
2.92180e-01,-0.055,0.064
2.92190e-01,-0.061,0.064
2.92200e-01,-0.059,0.062
2.92210e-01,-0.057,0.066
2.92220e-01,-0.061,0.066
2.92230e-01,-0.053,0.062
2.92240e-01,-0.055,0.06
2.92250e-01,-0.059,0.062
2.92260e-01,-0.061,0.066
2.92270e-01,-0.059,0.064
2.92280e-01,-0.061,0.064
2.92290e-01,-0.061,0.066
2.92300e-01,-0.061,0.064
2.92310e-01,-0.061,0.062
2.92320e-01,-0.061,0.062
2.92330e-01,-0.051,0.06
2.92340e-01,-0.061,0.068
2.92350e-01,-0.051,0.058
2.92360e-01,-0.061,0.062
2.92370e-01,-0.061,0.062
2.92380e-01,-0.061,0.064
2.92390e-01,-0.061,0.068
2.92400e-01,-0.055,0.062
2.92410e-01,-0.061,0.064
2.92420e-01,-0.057,0.06
2.92430e-01,-0.061,0.066
2.92440e-01,-0.057,0.064
2.92450e-01,-0.057,0.062
2.92460e-01,-0.059,0.062
2.92470e-01,-0.055,0.064
2.92480e-01,-0.061,0.064
2.92490e-01,-0.061,0.062
2.92500e-01,-0.063,0.064
2.92510e-01,-0.063,0.068
2.92520e-01,-0.063,0.06
2.92530e-01,-0.059,0.064
2.92540e-01,-0.061,0.064
2.92550e-01,-0.059,0.066
2.92560e-01,-0.057,0.066
2.92570e-01,-0.059,0.066
2.92580e-01,-0.061,0.062
2.92590e-01,-0.063,0.066
2.92600e-01,-0.063,0.062
2.92610e-01,-0.059,0.064
2.92620e-01,-0.061,0.06
2.92630e-01,-0.057,0.064
2.92640e-01,-0.065,0.064
2.92650e-01,-0.061,0.062
2.92660e-01,-0.061,0.064
2.92670e-01,-0.057,0.058
2.92680e-01,-0.061,0.064
2.92690e-01,-0.059,0.06
2.92700e-01,-0.061,0.064
2.92710e-01,-0.061,0.06
2.92720e-01,-0.059,0.064
2.92730e-01,-0.061,0.064
2.92740e-01,-0.057,0.058
2.92750e-01,-0.055,0.062
2.92760e-01,-0.061,0.064
2.92770e-01,-0.059,0.06
2.92780e-01,-0.053,0.062
2.92790e-01,-0.055,0.06
2.92800e-01,-0.053,0.058
2.92810e-01,-0.047,0.054
2.92820e-01,-0.053,0.058
2.92830e-01,-0.047,0.052
2.92840e-01,-0.041,0.05
2.92850e-01,-0.049,0.054
2.92860e-01,-0.055,0.06
2.92870e-01,-0.059,0.066
2.92880e-01,-0.055,0.058
2.92890e-01,-0.059,0.064
2.92900e-01,-0.061,0.064
2.92910e-01,-0.059,0.062
2.92920e-01,-0.057,0.064
2.92930e-01,-0.055,0.062
2.92940e-01,-0.061,0.066
2.92950e-01,-0.059,0.064
2.92960e-01,-0.059,0.062
2.92970e-01,-0.055,0.062
2.92980e-01,-0.049,0.052
2.92990e-01,-0.059,0.06
2.93000e-01,-0.055,0.06
2.93010e-01,-0.061,0.062
2.93020e-01,-0.059,0.064
2.93030e-01,-0.053,0.062
2.93040e-01,-0.061,0.06
2.93050e-01,-0.063,0.064
2.93060e-01,-0.063,0.062
2.93070e-01,-0.059,0.066
2.93080e-01,-0.057,0.06
2.93090e-01,-0.059,0.062
2.93100e-01,-0.061,0.066
2.93110e-01,-0.063,0.066
2.93120e-01,-0.065,0.066
2.93130e-01,-0.059,0.064
2.93140e-01,-0.061,0.064
2.93150e-01,-0.063,0.064
2.93160e-01,-0.059,0.064
2.93170e-01,-0.059,0.064
2.93180e-01,-0.061,0.064
2.93190e-01,-0.063,0.064
2.93200e-01,-0.061,0.064
2.93210e-01,-0.063,0.066
2.93220e-01,-0.057,0.062
2.93230e-01,-0.053,0.058
2.93240e-01,-0.055,0.06
2.93250e-01,-0.053,0.058
2.93260e-01,-0.061,0.062
2.93270e-01,-0.055,0.06
2.93280e-01,-0.063,0.064
2.93290e-01,-0.059,0.062
2.93300e-01,-0.057,0.06
2.93310e-01,-0.061,0.062
2.93320e-01,-0.061,0.062
2.93330e-01,-0.061,0.066
2.93340e-01,-0.061,0.064
2.93350e-01,-0.061,0.064
2.93360e-01,-0.063,0.064
2.93370e-01,-0.053,0.06
2.93380e-01,-0.061,0.062
2.93390e-01,-0.055,0.06
2.93400e-01,-0.063,0.066
2.93410e-01,-0.055,0.062
2.93420e-01,-0.061,0.064
2.93430e-01,-0.055,0.058
2.93440e-01,-0.059,0.064
2.93450e-01,-0.061,0.06
2.93460e-01,-0.063,0.064
2.93470e-01,-0.059,0.062
2.93480e-01,-0.059,0.064
2.93490e-01,-0.063,0.068
2.93500e-01,-0.053,0.056
2.93510e-01,-0.059,0.062
2.93520e-01,-0.053,0.06
2.93530e-01,-0.059,0.06
2.93540e-01,-0.055,0.058
2.93550e-01,-0.059,0.064
2.93560e-01,-0.061,0.066
2.93570e-01,-0.051,0.054
2.93580e-01,-0.053,0.06
2.93590e-01,-0.059,0.064
2.93600e-01,-0.063,0.062
2.93610e-01,-0.059,0.062
2.93620e-01,-0.063,0.064
2.93630e-01,-0.059,0.066
2.93640e-01,-0.061,0.064
2.93650e-01,-0.053,0.058
2.93660e-01,-0.061,0.062
2.93670e-01,-0.057,0.062
2.93680e-01,-0.061,0.064
2.93690e-01,-0.057,0.064
2.93700e-01,-0.057,0.064
2.93710e-01,-0.063,0.06
2.93720e-01,-0.059,0.06
2.93730e-01,-0.061,0.062
2.93740e-01,-0.049,0.054
2.93750e-01,-0.055,0.058
2.93760e-01,-0.063,0.062
2.93770e-01,-0.055,0.064
2.93780e-01,-0.059,0.06
2.93790e-01,-0.057,0.064
2.93800e-01,-0.059,0.064
2.93810e-01,-0.059,0.06
2.93820e-01,-0.063,0.064
2.93830e-01,-0.063,0.064
2.93840e-01,-0.059,0.066
2.93850e-01,-0.061,0.06
2.93860e-01,-0.057,0.062
2.93870e-01,-0.059,0.062
2.93880e-01,-0.061,0.068
2.93890e-01,-0.063,0.064
2.93900e-01,-0.061,0.062
2.93910e-01,-0.059,0.064
2.93920e-01,-0.061,0.064
2.93930e-01,-0.059,0.062
2.93940e-01,-0.059,0.064
2.93950e-01,-0.061,0.066
2.93960e-01,-0.059,0.064
2.93970e-01,-0.057,0.062
2.93980e-01,-0.061,0.06
2.93990e-01,-0.059,0.064
2.94000e-01,-0.059,0.06
2.94010e-01,-0.061,0.064
2.94020e-01,-0.057,0.06
2.94030e-01,-0.063,0.066
2.94040e-01,-0.055,0.06
2.94050e-01,-0.055,0.06
2.94060e-01,-0.059,0.062
2.94070e-01,-0.057,0.06
2.94080e-01,-0.061,0.06
2.94090e-01,-0.059,0.064
2.94100e-01,-0.063,0.062
2.94110e-01,-0.063,0.064
2.94120e-01,-0.061,0.064
2.94130e-01,-0.059,0.064
2.94140e-01,-0.065,0.06
2.94150e-01,-0.059,0.064
2.94160e-01,-0.061,0.066
2.94170e-01,-0.059,0.062
2.94180e-01,-0.061,0.066
2.94190e-01,-0.057,0.066
2.94200e-01,-0.063,0.064
2.94210e-01,-0.059,0.062
2.94220e-01,-0.063,0.066
2.94230e-01,-0.059,0.062
2.94240e-01,-0.059,0.062
2.94250e-01,-0.057,0.06
2.94260e-01,-0.059,0.068
2.94270e-01,-0.059,0.062
2.94280e-01,-0.061,0.06
2.94290e-01,-0.057,0.06
2.94300e-01,-0.061,0.064
2.94310e-01,-0.059,0.066
2.94320e-01,-0.055,0.06
2.94330e-01,-0.057,0.064
2.94340e-01,-0.059,0.064
2.94350e-01,-0.061,0.064
2.94360e-01,-0.061,0.064
2.94370e-01,-0.059,0.064
2.94380e-01,-0.059,0.066
2.94390e-01,-0.059,0.064
2.94400e-01,-0.063,0.066
2.94410e-01,-0.059,0.062
2.94420e-01,-0.059,0.064
2.94430e-01,-0.063,0.064
2.94440e-01,-0.059,0.062
2.94450e-01,-0.063,0.064
2.94460e-01,-0.061,0.062
2.94470e-01,-0.061,0.06
2.94480e-01,-0.059,0.064
2.94490e-01,-0.053,0.06
2.94500e-01,-0.063,0.062
2.94510e-01,-0.059,0.06
2.94520e-01,-0.061,0.062
2.94530e-01,-0.059,0.062
2.94540e-01,-0.057,0.064
2.94550e-01,-0.055,0.06
2.94560e-01,-0.059,0.062
2.94570e-01,-0.059,0.07
2.94580e-01,-0.063,0.062
2.94590e-01,-0.059,0.06
2.94600e-01,-0.059,0.06
2.94610e-01,-0.065,0.066
2.94620e-01,-0.061,0.066
2.94630e-01,-0.057,0.062
2.94640e-01,-0.063,0.066
2.94650e-01,-0.053,0.054
2.94660e-01,-0.059,0.06
2.94670e-01,-0.041,0.05
2.94680e-01,-0.057,0.06
2.94690e-01,-0.059,0.062
2.94700e-01,-0.061,0.064
2.94710e-01,-0.059,0.06
2.94720e-01,-0.063,0.064
2.94730e-01,-0.055,0.06
2.94740e-01,-0.057,0.064
2.94750e-01,-0.059,0.064
2.94760e-01,-0.061,0.064
2.94770e-01,-0.059,0.064
2.94780e-01,-0.057,0.06
2.94790e-01,-0.061,0.06
2.94800e-01,-0.061,0.064
2.94810e-01,-0.061,0.06
2.94820e-01,-0.063,0.064
2.94830e-01,-0.055,0.058
2.94840e-01,-0.057,0.06
2.94850e-01,-0.059,0.062
2.94860e-01,-0.061,0.068
2.94870e-01,-0.057,0.06
2.94880e-01,-0.061,0.064
2.94890e-01,-0.053,0.058
2.94900e-01,-0.059,0.06
2.94910e-01,-0.061,0.068
2.94920e-01,-0.061,0.062
2.94930e-01,-0.055,0.06
2.94940e-01,-0.059,0.06
2.94950e-01,-0.053,0.054
2.94960e-01,-0.053,0.054
2.94970e-01,-0.057,0.06
2.94980e-01,-0.059,0.062
2.94990e-01,-0.061,0.066
2.95000e-01,-0.055,0.064
2.95010e-01,-0.059,0.064
2.95020e-01,-0.057,0.066
2.95030e-01,-0.059,0.062
2.95040e-01,-0.059,0.06
2.95050e-01,-0.061,0.064
2.95060e-01,-0.061,0.064
2.95070e-01,-0.059,0.062
2.95080e-01,-0.061,0.064
2.95090e-01,-0.059,0.064
2.95100e-01,-0.059,0.064
2.95110e-01,-0.057,0.06
2.95120e-01,-0.057,0.062
2.95130e-01,-0.061,0.064
2.95140e-01,-0.059,0.06
2.95150e-01,-0.065,0.064
2.95160e-01,-0.057,0.064
2.95170e-01,-0.049,0.058
2.95180e-01,-0.061,0.064
2.95190e-01,-0.055,0.06
2.95200e-01,-0.061,0.064
2.95210e-01,-0.057,0.062
2.95220e-01,-0.061,0.064
2.95230e-01,-0.051,0.056
2.95240e-01,-0.057,0.06
2.95250e-01,-0.059,0.062
2.95260e-01,-0.063,0.062
2.95270e-01,-0.045,0.052
2.95280e-01,-0.049,0.054
2.95290e-01,-0.033,0.038
2.95300e-01,-0.055,0.06
2.95310e-01,-0.059,0.064
2.95320e-01,-0.059,0.062
2.95330e-01,-0.061,0.064
2.95340e-01,-0.061,0.062
2.95350e-01,-0.059,0.06
2.95360e-01,-0.061,0.066
2.95370e-01,-0.061,0.062
2.95380e-01,-0.049,0.058
2.95390e-01,-0.057,0.06
2.95400e-01,-0.057,0.062
2.95410e-01,-0.059,0.062
2.95420e-01,-0.057,0.058
2.95430e-01,-0.055,0.058
2.95440e-01,-0.059,0.064
2.95450e-01,-0.059,0.06
2.95460e-01,-0.055,0.062
2.95470e-01,-0.059,0.062
2.95480e-01,-0.059,0.06
2.95490e-01,-0.055,0.06
2.95500e-01,-0.055,0.06
2.95510e-01,-0.057,0.06
2.95520e-01,-0.061,0.064
2.95530e-01,-0.059,0.062
2.95540e-01,-0.059,0.064
2.95550e-01,-0.055,0.064
2.95560e-01,-0.049,0.05
2.95570e-01,-0.053,0.06
2.95580e-01,-0.057,0.062
2.95590e-01,-0.063,0.064
2.95600e-01,-0.057,0.06
2.95610e-01,-0.059,0.064
2.95620e-01,-0.061,0.066
2.95630e-01,-0.061,0.062
2.95640e-01,-0.059,0.062
2.95650e-01,-0.061,0.064
2.95660e-01,-0.059,0.062
2.95670e-01,-0.061,0.06
2.95680e-01,-0.057,0.06
2.95690e-01,-0.063,0.064
2.95700e-01,-0.061,0.064
2.95710e-01,-0.061,0.064
2.95720e-01,-0.059,0.064
2.95730e-01,-0.063,0.066
2.95740e-01,-0.049,0.056
2.95750e-01,-0.049,0.054
2.95760e-01,-0.061,0.062
2.95770e-01,-0.059,0.058
2.95780e-01,-0.053,0.06
2.95790e-01,-0.057,0.06
2.95800e-01,-0.059,0.064
2.95810e-01,-0.053,0.056
2.95820e-01,-0.057,0.056
2.95830e-01,-0.059,0.062
2.95840e-01,-0.059,0.062
2.95850e-01,-0.055,0.06
2.95860e-01,-0.061,0.064
2.95870e-01,-0.059,0.066
2.95880e-01,-0.059,0.062
2.95890e-01,-0.059,0.062
2.95900e-01,-0.061,0.064
2.95910e-01,-0.061,0.066
2.95920e-01,-0.061,0.062
2.95930e-01,-0.061,0.066
2.95940e-01,-0.057,0.062
2.95950e-01,-0.061,0.064
2.95960e-01,-0.061,0.064
2.95970e-01,-0.059,0.064
2.95980e-01,-0.059,0.066
2.95990e-01,-0.055,0.06
2.96000e-01,-0.061,0.064
2.96010e-01,-0.061,0.062
2.96020e-01,-0.059,0.062
2.96030e-01,-0.063,0.064
2.96040e-01,-0.059,0.062
2.96050e-01,-0.059,0.062
2.96060e-01,-0.061,0.064
2.96070e-01,-0.061,0.064
2.96080e-01,-0.057,0.064
2.96090e-01,-0.059,0.062
2.96100e-01,-0.061,0.064
2.96110e-01,-0.061,0.062
2.96120e-01,-0.061,0.064
2.96130e-01,-0.061,0.062
2.96140e-01,-0.063,0.062
2.96150e-01,-0.063,0.06
2.96160e-01,-0.061,0.062
2.96170e-01,-0.061,0.064
2.96180e-01,-0.063,0.062
2.96190e-01,-0.059,0.06
2.96200e-01,-0.047,0.05
2.96210e-01,-0.063,0.062
2.96220e-01,-0.059,0.066
2.96230e-01,-0.063,0.066
2.96240e-01,-0.061,0.064
2.96250e-01,-0.059,0.064
2.96260e-01,-0.059,0.062
2.96270e-01,-0.061,0.06
2.96280e-01,-0.063,0.064
2.96290e-01,-0.061,0.064
2.96300e-01,-0.061,0.064
2.96310e-01,-0.063,0.066
2.96320e-01,-0.061,0.064
2.96330e-01,-0.059,0.066
2.96340e-01,-0.063,0.066
2.96350e-01,-0.061,0.064
2.96360e-01,-0.059,0.064
2.96370e-01,-0.063,0.068
2.96380e-01,-0.059,0.064
2.96390e-01,-0.059,0.062
2.96400e-01,-0.059,0.06
2.96410e-01,-0.061,0.064
2.96420e-01,-0.057,0.06
2.96430e-01,-0.059,0.062
2.96440e-01,-0.053,0.058
2.96450e-01,-0.061,0.062
2.96460e-01,-0.061,0.066
2.96470e-01,-0.055,0.058
2.96480e-01,-0.057,0.06
2.96490e-01,-0.059,0.062
2.96500e-01,-0.059,0.064
2.96510e-01,-0.059,0.066
2.96520e-01,-0.059,0.066
2.96530e-01,-0.061,0.062
2.96540e-01,-0.061,0.062
2.96550e-01,-0.057,0.064
2.96560e-01,-0.057,0.06
2.96570e-01,-0.057,0.06
2.96580e-01,-0.053,0.064
2.96590e-01,-0.059,0.06
2.96600e-01,-0.059,0.064
2.96610e-01,-0.063,0.064
2.96620e-01,-0.063,0.064
2.96630e-01,-0.057,0.06
2.96640e-01,-0.057,0.06
2.96650e-01,-0.057,0.062
2.96660e-01,-0.057,0.064
2.96670e-01,-0.045,0.054
2.96680e-01,-0.055,0.06
2.96690e-01,-0.051,0.056
2.96700e-01,-0.057,0.06
2.96710e-01,-0.051,0.054
2.96720e-01,-0.055,0.06
2.96730e-01,-0.045,0.054
2.96740e-01,-0.057,0.062
2.96750e-01,-0.063,0.064
2.96760e-01,-0.061,0.064
2.96770e-01,-0.061,0.066
2.96780e-01,-0.063,0.066
2.96790e-01,-0.063,0.06
2.96800e-01,-0.061,0.066
2.96810e-01,-0.061,0.062
2.96820e-01,-0.051,0.056
2.96830e-01,-0.059,0.062
2.96840e-01,-0.055,0.056
2.96850e-01,-0.059,0.064
2.96860e-01,-0.059,0.062
2.96870e-01,-0.059,0.064
2.96880e-01,-0.063,0.062
2.96890e-01,-0.061,0.064
2.96900e-01,-0.061,0.06
2.96910e-01,-0.061,0.064
2.96920e-01,-0.057,0.06
2.96930e-01,-0.061,0.064
2.96940e-01,-0.055,0.06
2.96950e-01,-0.061,0.066
2.96960e-01,-0.063,0.06
2.96970e-01,-0.057,0.06
2.96980e-01,-0.061,0.068
2.96990e-01,-0.061,0.064
2.97000e-01,-0.063,0.06
2.97010e-01,-0.061,0.064
2.97020e-01,-0.061,0.062
2.97030e-01,-0.055,0.06
2.97040e-01,-0.061,0.06
2.97050e-01,-0.057,0.062
2.97060e-01,-0.055,0.062
2.97070e-01,-0.051,0.058
2.97080e-01,-0.061,0.064
2.97090e-01,-0.061,0.064
2.97100e-01,-0.055,0.06
2.97110e-01,-0.061,0.064
2.97120e-01,-0.061,0.064
2.97130e-01,-0.057,0.062
2.97140e-01,-0.059,0.064
2.97150e-01,-0.059,0.062
2.97160e-01,-0.059,0.062
2.97170e-01,-0.055,0.056
2.97180e-01,-0.059,0.062
2.97190e-01,-0.063,0.066
2.97200e-01,-0.061,0.062
2.97210e-01,-0.059,0.06
2.97220e-01,-0.063,0.064
2.97230e-01,-0.061,0.06
2.97240e-01,-0.059,0.062
2.97250e-01,-0.055,0.062
2.97260e-01,-0.055,0.06
2.97270e-01,-0.061,0.062
2.97280e-01,-0.057,0.06
2.97290e-01,-0.061,0.064
2.97300e-01,-0.059,0.064
2.97310e-01,-0.063,0.062
2.97320e-01,-0.061,0.066
2.97330e-01,-0.061,0.064
2.97340e-01,-0.057,0.06
2.97350e-01,-0.057,0.062
2.97360e-01,-0.041,0.05
2.97370e-01,-0.047,0.05
2.97380e-01,-0.045,0.05
2.97390e-01,-0.053,0.058
2.97400e-01,-0.041,0.046
2.97410e-01,-0.055,0.06
2.97420e-01,-0.051,0.054
2.97430e-01,-0.059,0.064
2.97440e-01,-0.059,0.064
2.97450e-01,-0.059,0.064
2.97460e-01,-0.059,0.062
2.97470e-01,-0.061,0.062
2.97480e-01,-0.063,0.064
2.97490e-01,-0.061,0.064
2.97500e-01,-0.055,0.06
2.97510e-01,-0.059,0.062
2.97520e-01,-0.061,0.064
2.97530e-01,-0.059,0.064
2.97540e-01,-0.061,0.062
2.97550e-01,-0.059,0.064
2.97560e-01,-0.063,0.062
2.97570e-01,-0.059,0.06
2.97580e-01,-0.059,0.066
2.97590e-01,-0.063,0.064
2.97600e-01,-0.061,0.066
2.97610e-01,-0.061,0.064
2.97620e-01,-0.057,0.064
2.97630e-01,-0.057,0.064
2.97640e-01,-0.057,0.062
2.97650e-01,-0.061,0.062
2.97660e-01,-0.057,0.06
2.97670e-01,-0.055,0.06
2.97680e-01,-0.059,0.064
2.97690e-01,-0.055,0.06
2.97700e-01,-0.059,0.066
2.97710e-01,-0.059,0.062
2.97720e-01,-0.057,0.06
2.97730e-01,-0.059,0.068
2.97740e-01,-0.055,0.06
2.97750e-01,-0.055,0.06
2.97760e-01,-0.047,0.048
2.97770e-01,-0.053,0.058
2.97780e-01,-0.055,0.06
2.97790e-01,-0.055,0.062
2.97800e-01,-0.053,0.06
2.97810e-01,-0.051,0.06
2.97820e-01,-0.039,0.044
2.97830e-01,-0.051,0.056
2.97840e-01,-0.049,0.058
2.97850e-01,-0.061,0.066
2.97860e-01,-0.057,0.064
2.97870e-01,-0.061,0.064
2.97880e-01,-0.061,0.062
2.97890e-01,-0.055,0.064
2.97900e-01,-0.061,0.066
2.97910e-01,-0.061,0.064
2.97920e-01,-0.061,0.062
2.97930e-01,-0.063,0.064
2.97940e-01,-0.059,0.064
2.97950e-01,-0.057,0.062
2.97960e-01,-0.061,0.062
2.97970e-01,-0.057,0.066
2.97980e-01,-0.061,0.062
2.97990e-01,-0.061,0.066
2.98000e-01,-0.059,0.062
2.98010e-01,-0.061,0.066
2.98020e-01,-0.057,0.058
2.98030e-01,-0.061,0.066
2.98040e-01,-0.055,0.056
2.98050e-01,-0.061,0.064
2.98060e-01,-0.053,0.06
2.98070e-01,-0.063,0.064
2.98080e-01,-0.061,0.064
2.98090e-01,-0.059,0.064
2.98100e-01,-0.045,0.048
2.98110e-01,-0.055,0.058
2.98120e-01,-0.039,0.046
2.98130e-01,-0.059,0.06
2.98140e-01,-0.061,0.064
2.98150e-01,-0.061,0.064
2.98160e-01,-0.059,0.064
2.98170e-01,-0.059,0.066
2.98180e-01,-0.049,0.05
2.98190e-01,-0.061,0.064
2.98200e-01,-0.059,0.066
2.98210e-01,-0.061,0.06
2.98220e-01,-0.059,0.064
2.98230e-01,-0.057,0.06
2.98240e-01,-0.057,0.06
2.98250e-01,-0.059,0.068
2.98260e-01,-0.059,0.064
2.98270e-01,-0.057,0.06
2.98280e-01,-0.059,0.064
2.98290e-01,-0.057,0.062
2.98300e-01,-0.059,0.064
2.98310e-01,-0.061,0.066
2.98320e-01,-0.061,0.066
2.98330e-01,-0.059,0.066
2.98340e-01,-0.051,0.056
2.98350e-01,-0.059,0.06
2.98360e-01,-0.053,0.054
2.98370e-01,-0.051,0.058
2.98380e-01,-0.043,0.048
2.98390e-01,-0.049,0.054
2.98400e-01,-0.043,0.048
2.98410e-01,-0.053,0.056
2.98420e-01,-0.041,0.046
2.98430e-01,-0.049,0.056
2.98440e-01,-0.041,0.046
2.98450e-01,-0.059,0.06
2.98460e-01,-0.045,0.056
2.98470e-01,-0.063,0.066
2.98480e-01,-0.057,0.062
2.98490e-01,-0.059,0.064
2.98500e-01,-0.061,0.064
2.98510e-01,-0.057,0.062
2.98520e-01,-0.059,0.066
2.98530e-01,-0.049,0.06
2.98540e-01,-0.061,0.066
2.98550e-01,-0.061,0.064
2.98560e-01,-0.061,0.068
2.98570e-01,-0.055,0.06
2.98580e-01,-0.061,0.068
2.98590e-01,-0.061,0.062
2.98600e-01,-0.063,0.068
2.98610e-01,-0.055,0.06
2.98620e-01,-0.061,0.064
2.98630e-01,-0.061,0.062
2.98640e-01,-0.055,0.06
2.98650e-01,-0.059,0.066
2.98660e-01,-0.053,0.06
2.98670e-01,-0.057,0.066
2.98680e-01,-0.059,0.062
2.98690e-01,-0.061,0.064
2.98700e-01,-0.059,0.066
2.98710e-01,-0.059,0.06
2.98720e-01,-0.055,0.064
2.98730e-01,-0.059,0.06
2.98740e-01,-0.059,0.062
2.98750e-01,-0.061,0.064
2.98760e-01,-0.061,0.064
2.98770e-01,-0.059,0.064
2.98780e-01,-0.057,0.06
2.98790e-01,-0.061,0.062
2.98800e-01,-0.057,0.062
2.98810e-01,-0.061,0.064
2.98820e-01,-0.059,0.06
2.98830e-01,-0.055,0.062
2.98840e-01,-0.059,0.06
2.98850e-01,-0.061,0.062
2.98860e-01,-0.061,0.064
2.98870e-01,-0.059,0.062
2.98880e-01,-0.063,0.066
2.98890e-01,-0.057,0.06
2.98900e-01,-0.057,0.062
2.98910e-01,-0.057,0.062
2.98920e-01,-0.059,0.056
2.98930e-01,-0.057,0.062
2.98940e-01,-0.057,0.06
2.98950e-01,-0.057,0.06
2.98960e-01,-0.057,0.062
2.98970e-01,-0.061,0.064
2.98980e-01,-0.059,0.062
2.98990e-01,-0.061,0.064
2.99000e-01,-0.057,0.062
2.99010e-01,-0.061,0.064
2.99020e-01,-0.061,0.066
2.99030e-01,-0.057,0.064
2.99040e-01,-0.053,0.06
2.99050e-01,-0.063,0.064
2.99060e-01,-0.051,0.056
2.99070e-01,-0.055,0.064
2.99080e-01,-0.057,0.06
2.99090e-01,-0.057,0.06
2.99100e-01,-0.061,0.062
2.99110e-01,-0.059,0.066
2.99120e-01,-0.055,0.06
2.99130e-01,-0.053,0.06
2.99140e-01,-0.051,0.056
2.99150e-01,-0.059,0.062
2.99160e-01,-0.059,0.062
2.99170e-01,-0.059,0.064
2.99180e-01,-0.053,0.06
2.99190e-01,-0.061,0.068
2.99200e-01,-0.063,0.064
2.99210e-01,-0.061,0.064
2.99220e-01,-0.057,0.06
2.99230e-01,-0.055,0.062
2.99240e-01,-0.061,0.068
2.99250e-01,-0.057,0.066
2.99260e-01,-0.049,0.056
2.99270e-01,-0.059,0.064
2.99280e-01,-0.059,0.064
2.99290e-01,-0.061,0.068
2.99300e-01,-0.061,0.064
2.99310e-01,-0.061,0.06
2.99320e-01,-0.059,0.064
2.99330e-01,-0.063,0.064
2.99340e-01,-0.059,0.064
2.99350e-01,-0.061,0.062
2.99360e-01,-0.061,0.064
2.99370e-01,-0.053,0.06
2.99380e-01,-0.055,0.058
2.99390e-01,-0.053,0.058
2.99400e-01,-0.059,0.062
2.99410e-01,-0.057,0.062
2.99420e-01,-0.063,0.064
2.99430e-01,-0.061,0.066
2.99440e-01,-0.063,0.064
2.99450e-01,-0.061,0.064
2.99460e-01,-0.051,0.056
2.99470e-01,-0.059,0.062
2.99480e-01,-0.061,0.064
2.99490e-01,-0.063,0.064
2.99500e-01,-0.055,0.06
2.99510e-01,-0.059,0.064
2.99520e-01,-0.059,0.062
2.99530e-01,-0.061,0.064
2.99540e-01,-0.059,0.066
2.99550e-01,-0.059,0.062
2.99560e-01,-0.055,0.06
2.99570e-01,-0.061,0.062
2.99580e-01,-0.061,0.066
2.99590e-01,-0.061,0.064
2.99600e-01,-0.061,0.066
2.99610e-01,-0.063,0.066
2.99620e-01,-0.059,0.06
2.99630e-01,-0.061,0.064
2.99640e-01,-0.055,0.056
2.99650e-01,-0.059,0.062
2.99660e-01,-0.063,0.062
2.99670e-01,-0.057,0.064
2.99680e-01,-0.061,0.062
2.99690e-01,-0.053,0.06
2.99700e-01,-0.059,0.062
2.99710e-01,-0.063,0.062
2.99720e-01,-0.057,0.06
2.99730e-01,-0.055,0.06
2.99740e-01,-0.039,0.042
2.99750e-01,-0.057,0.06
2.99760e-01,-0.051,0.056
2.99770e-01,-0.061,0.062
2.99780e-01,-0.061,0.066
2.99790e-01,-0.059,0.064
2.99800e-01,-0.057,0.062
2.99810e-01,-0.059,0.06
2.99820e-01,-0.059,0.066
2.99830e-01,-0.061,0.064
2.99840e-01,-0.057,0.064
2.99850e-01,-0.061,0.064
2.99860e-01,-0.061,0.062
2.99870e-01,-0.061,0.062
2.99880e-01,-0.059,0.06
2.99890e-01,-0.059,0.06
2.99900e-01,-0.059,0.062
2.99910e-01,-0.057,0.062
2.99920e-01,-0.061,0.062
2.99930e-01,-0.061,0.064
2.99940e-01,-0.063,0.068
2.99950e-01,-0.059,0.06
2.99960e-01,-0.057,0.06
2.99970e-01,-0.063,0.066
2.99980e-01,-0.057,0.062
2.99990e-01,-0.057,0.06
3.00000e-01,-0.061,0.064
3.00010e-01,-0.057,0.06
3.00020e-01,-0.061,0.064
3.00030e-01,-0.059,0.062
3.00040e-01,-0.061,0.064
3.00050e-01,-0.063,0.064
3.00060e-01,-0.061,0.062
3.00070e-01,-0.059,0.064
3.00080e-01,-0.051,0.06
3.00090e-01,-0.059,0.064
3.00100e-01,-0.059,0.062
3.00110e-01,-0.059,0.062
3.00120e-01,-0.061,0.066
3.00130e-01,-0.061,0.066
3.00140e-01,-0.061,0.066
3.00150e-01,-0.059,0.062
3.00160e-01,-0.059,0.066
3.00170e-01,-0.061,0.064
3.00180e-01,-0.059,0.064
3.00190e-01,-0.061,0.062
3.00200e-01,-0.067,0.066
3.00210e-01,-0.061,0.062
3.00220e-01,-0.061,0.062
3.00230e-01,-0.059,0.064
3.00240e-01,-0.057,0.062
3.00250e-01,-0.057,0.062
3.00260e-01,-0.059,0.066
3.00270e-01,-0.053,0.06
3.00280e-01,-0.061,0.062
3.00290e-01,-0.057,0.062
3.00300e-01,-0.055,0.062
3.00310e-01,-0.055,0.058
3.00320e-01,-0.047,0.048
3.00330e-01,-0.053,0.06
3.00340e-01,-0.053,0.062
3.00350e-01,-0.061,0.064
3.00360e-01,-0.059,0.062
3.00370e-01,-0.063,0.066
3.00380e-01,-0.063,0.066
3.00390e-01,-0.061,0.06
3.00400e-01,-0.059,0.062
3.00410e-01,-0.057,0.06
3.00420e-01,-0.063,0.06
3.00430e-01,-0.049,0.056
3.00440e-01,-0.059,0.062
3.00450e-01,-0.053,0.056
3.00460e-01,-0.057,0.062
3.00470e-01,-0.059,0.062
3.00480e-01,-0.059,0.064
3.00490e-01,-0.057,0.06
3.00500e-01,-0.061,0.064
3.00510e-01,-0.059,0.066
3.00520e-01,-0.055,0.06
3.00530e-01,-0.059,0.064
3.00540e-01,-0.059,0.066
3.00550e-01,-0.061,0.064
3.00560e-01,-0.061,0.06
3.00570e-01,-0.063,0.066
3.00580e-01,-0.057,0.06
3.00590e-01,-0.061,0.064
3.00600e-01,-0.055,0.062
3.00610e-01,-0.055,0.062
3.00620e-01,-0.055,0.054
3.00630e-01,-0.061,0.062
3.00640e-01,-0.061,0.064
3.00650e-01,-0.057,0.058
3.00660e-01,-0.059,0.062
3.00670e-01,-0.057,0.062
3.00680e-01,-0.055,0.058
3.00690e-01,-0.055,0.06
3.00700e-01,-0.053,0.056
3.00710e-01,-0.057,0.06
3.00720e-01,-0.059,0.06
3.00730e-01,-0.059,0.062
3.00740e-01,-0.059,0.064
3.00750e-01,-0.059,0.062
3.00760e-01,-0.053,0.058
3.00770e-01,-0.057,0.06
3.00780e-01,-0.061,0.064
3.00790e-01,-0.059,0.062
3.00800e-01,-0.055,0.062
3.00810e-01,-0.061,0.062
3.00820e-01,-0.051,0.06
3.00830e-01,-0.059,0.062
3.00840e-01,-0.059,0.062
3.00850e-01,-0.059,0.064
3.00860e-01,-0.063,0.062
3.00870e-01,-0.059,0.064
3.00880e-01,-0.059,0.062
3.00890e-01,-0.059,0.062
3.00900e-01,-0.057,0.06
3.00910e-01,-0.061,0.064
3.00920e-01,-0.057,0.066
3.00930e-01,-0.057,0.064
3.00940e-01,-0.059,0.062
3.00950e-01,-0.059,0.06
3.00960e-01,-0.059,0.066
3.00970e-01,-0.061,0.064
3.00980e-01,-0.059,0.062
3.00990e-01,-0.059,0.062
3.01000e-01,-0.063,0.068
3.01010e-01,-0.063,0.062
3.01020e-01,-0.057,0.06
3.01030e-01,-0.059,0.064
3.01040e-01,-0.061,0.066
3.01050e-01,-0.059,0.064
3.01060e-01,-0.061,0.066
3.01070e-01,-0.059,0.064
3.01080e-01,-0.061,0.062
3.01090e-01,-0.059,0.066
3.01100e-01,-0.059,0.066
3.01110e-01,-0.065,0.064
3.01120e-01,-0.059,0.06
3.01130e-01,-0.059,0.064
3.01140e-01,-0.061,0.064
3.01150e-01,-0.059,0.068
3.01160e-01,-0.059,0.062
3.01170e-01,-0.059,0.06
3.01180e-01,-0.061,0.062
3.01190e-01,-0.061,0.062
3.01200e-01,-0.061,0.064
3.01210e-01,-0.063,0.066
3.01220e-01,-0.061,0.064
3.01230e-01,-0.059,0.064
3.01240e-01,-0.057,0.06
3.01250e-01,-0.059,0.066
3.01260e-01,-0.061,0.064
3.01270e-01,-0.061,0.064
3.01280e-01,-0.063,0.066
3.01290e-01,-0.059,0.06
3.01300e-01,-0.055,0.064
3.01310e-01,-0.059,0.066
3.01320e-01,-0.057,0.062
3.01330e-01,-0.061,0.066
3.01340e-01,-0.057,0.06
3.01350e-01,-0.059,0.066
3.01360e-01,-0.065,0.064
3.01370e-01,-0.061,0.064
3.01380e-01,-0.055,0.066
3.01390e-01,-0.061,0.066
3.01400e-01,-0.055,0.06
3.01410e-01,-0.061,0.064
3.01420e-01,-0.059,0.06
3.01430e-01,-0.057,0.062
3.01440e-01,-0.059,0.062
3.01450e-01,-0.061,0.06
3.01460e-01,-0.061,0.066
3.01470e-01,-0.061,0.066
3.01480e-01,-0.063,0.064
3.01490e-01,-0.061,0.062
3.01500e-01,-0.059,0.062
3.01510e-01,-0.059,0.064
3.01520e-01,-0.059,0.062
3.01530e-01,-0.061,0.064
3.01540e-01,-0.057,0.064
3.01550e-01,-0.061,0.062
3.01560e-01,-0.059,0.06
3.01570e-01,-0.061,0.064
3.01580e-01,-0.059,0.066
3.01590e-01,-0.051,0.058
3.01600e-01,-0.061,0.064
3.01610e-01,-0.061,0.064
3.01620e-01,-0.057,0.064
3.01630e-01,-0.061,0.062
3.01640e-01,-0.059,0.062
3.01650e-01,-0.059,0.068
3.01660e-01,-0.061,0.066
3.01670e-01,-0.051,0.058
3.01680e-01,-0.057,0.062
3.01690e-01,-0.055,0.062
3.01700e-01,-0.061,0.064
3.01710e-01,-0.065,0.062
3.01720e-01,-0.057,0.06
3.01730e-01,-0.059,0.064
3.01740e-01,-0.065,0.064
3.01750e-01,-0.063,0.064
3.01760e-01,-0.063,0.064
3.01770e-01,-0.057,0.062
3.01780e-01,-0.057,0.06
3.01790e-01,-0.063,0.064
3.01800e-01,-0.059,0.062
3.01810e-01,-0.061,0.068
3.01820e-01,-0.061,0.062
3.01830e-01,-0.063,0.064
3.01840e-01,-0.061,0.064
3.01850e-01,-0.059,0.062
3.01860e-01,-0.063,0.066
3.01870e-01,-0.059,0.064
3.01880e-01,-0.059,0.064
3.01890e-01,-0.061,0.064
3.01900e-01,-0.065,0.062
3.01910e-01,-0.059,0.064
3.01920e-01,-0.063,0.064
3.01930e-01,-0.061,0.06
3.01940e-01,-0.059,0.06
3.01950e-01,-0.061,0.062
3.01960e-01,-0.057,0.064
3.01970e-01,-0.061,0.06
3.01980e-01,-0.061,0.066
3.01990e-01,-0.059,0.062
3.02000e-01,-0.059,0.062
3.02010e-01,-0.057,0.06
3.02020e-01,-0.059,0.066
3.02030e-01,-0.059,0.06
3.02040e-01,-0.061,0.062
3.02050e-01,-0.059,0.064
3.02060e-01,-0.051,0.056
3.02070e-01,-0.059,0.06
3.02080e-01,-0.051,0.054
3.02090e-01,-0.049,0.056
3.02100e-01,-0.045,0.05
3.02110e-01,-0.057,0.062
3.02120e-01,-0.057,0.062
3.02130e-01,-0.057,0.066
3.02140e-01,-0.059,0.064
3.02150e-01,-0.061,0.062
3.02160e-01,-0.063,0.064
3.02170e-01,-0.057,0.064
3.02180e-01,-0.055,0.06
3.02190e-01,-0.061,0.062
3.02200e-01,-0.047,0.052
3.02210e-01,-0.061,0.064
3.02220e-01,-0.055,0.058
3.02230e-01,-0.059,0.064
3.02240e-01,-0.053,0.06
3.02250e-01,-0.061,0.06
3.02260e-01,-0.061,0.064
3.02270e-01,-0.051,0.056
3.02280e-01,-0.059,0.064
3.02290e-01,-0.053,0.062
3.02300e-01,-0.059,0.06
3.02310e-01,-0.059,0.064
3.02320e-01,-0.061,0.064
3.02330e-01,-0.059,0.062
3.02340e-01,-0.063,0.064
3.02350e-01,-0.063,0.068
3.02360e-01,-0.061,0.064
3.02370e-01,-0.051,0.06
3.02380e-01,-0.059,0.06
3.02390e-01,-0.047,0.054
3.02400e-01,-0.047,0.058
3.02410e-01,-0.037,0.042
3.02420e-01,-0.049,0.054
3.02430e-01,-0.049,0.054
3.02440e-01,-0.053,0.058
3.02450e-01,-0.059,0.064
3.02460e-01,-0.063,0.066
3.02470e-01,-0.059,0.064
3.02480e-01,-0.059,0.064
3.02490e-01,-0.059,0.06
3.02500e-01,-0.061,0.062
3.02510e-01,-0.059,0.062
3.02520e-01,-0.059,0.064
3.02530e-01,-0.059,0.062
3.02540e-01,-0.059,0.066
3.02550e-01,-0.059,0.06
3.02560e-01,-0.059,0.064
3.02570e-01,-0.051,0.056
3.02580e-01,-0.061,0.062
3.02590e-01,-0.063,0.064
3.02600e-01,-0.065,0.064
3.02610e-01,-0.061,0.064
3.02620e-01,-0.055,0.058
3.02630e-01,-0.063,0.064
3.02640e-01,-0.057,0.062
3.02650e-01,-0.061,0.064
3.02660e-01,-0.059,0.062
3.02670e-01,-0.061,0.066
3.02680e-01,-0.061,0.064
3.02690e-01,-0.061,0.066
3.02700e-01,-0.061,0.064
3.02710e-01,-0.053,0.056
3.02720e-01,-0.061,0.064
3.02730e-01,-0.063,0.066
3.02740e-01,-0.061,0.062
3.02750e-01,-0.061,0.064
3.02760e-01,-0.059,0.066
3.02770e-01,-0.059,0.06
3.02780e-01,-0.061,0.064
3.02790e-01,-0.063,0.066
3.02800e-01,-0.057,0.062
3.02810e-01,-0.059,0.06
3.02820e-01,-0.057,0.064
3.02830e-01,-0.061,0.064
3.02840e-01,-0.061,0.066
3.02850e-01,-0.055,0.06
3.02860e-01,-0.059,0.066
3.02870e-01,-0.063,0.064
3.02880e-01,-0.059,0.062
3.02890e-01,-0.063,0.068
3.02900e-01,-0.059,0.062
3.02910e-01,-0.047,0.054
3.02920e-01,-0.059,0.064
3.02930e-01,-0.053,0.058
3.02940e-01,-0.059,0.064
3.02950e-01,-0.053,0.062
3.02960e-01,-0.059,0.064
3.02970e-01,-0.061,0.062
3.02980e-01,-0.061,0.062
3.02990e-01,-0.063,0.062
3.03000e-01,-0.061,0.06
3.03010e-01,-0.059,0.06
3.03020e-01,-0.059,0.058
3.03030e-01,-0.053,0.056
3.03040e-01,-0.059,0.062
3.03050e-01,-0.057,0.064
3.03060e-01,-0.055,0.058
3.03070e-01,-0.051,0.056
3.03080e-01,-0.063,0.064
3.03090e-01,-0.059,0.062
3.03100e-01,-0.055,0.06
3.03110e-01,-0.063,0.064
3.03120e-01,-0.059,0.062
3.03130e-01,-0.061,0.068
3.03140e-01,-0.059,0.064
3.03150e-01,-0.059,0.064
3.03160e-01,-0.061,0.066
3.03170e-01,-0.049,0.054
3.03180e-01,-0.061,0.064
3.03190e-01,-0.053,0.058
3.03200e-01,-0.061,0.064
3.03210e-01,-0.053,0.056
3.03220e-01,-0.061,0.064
3.03230e-01,-0.051,0.056
3.03240e-01,-0.055,0.062
3.03250e-01,-0.061,0.064
3.03260e-01,-0.061,0.066
3.03270e-01,-0.057,0.06
3.03280e-01,-0.063,0.062
3.03290e-01,-0.061,0.062
3.03300e-01,-0.059,0.062
3.03310e-01,-0.059,0.064
3.03320e-01,-0.061,0.066
3.03330e-01,-0.061,0.064
3.03340e-01,-0.059,0.062
3.03350e-01,-0.061,0.064
3.03360e-01,-0.061,0.066
3.03370e-01,-0.063,0.064
3.03380e-01,-0.059,0.064
3.03390e-01,-0.061,0.064
3.03400e-01,-0.061,0.06
3.03410e-01,-0.055,0.06
3.03420e-01,-0.059,0.064
3.03430e-01,-0.059,0.064
3.03440e-01,-0.061,0.068
3.03450e-01,-0.063,0.064
3.03460e-01,-0.059,0.06
3.03470e-01,-0.059,0.066
3.03480e-01,-0.057,0.06
3.03490e-01,-0.061,0.066
3.03500e-01,-0.059,0.064
3.03510e-01,-0.059,0.064
3.03520e-01,-0.063,0.064
3.03530e-01,-0.051,0.062
3.03540e-01,-0.055,0.06
3.03550e-01,-0.057,0.06
3.03560e-01,-0.053,0.056
3.03570e-01,-0.043,0.044
3.03580e-01,-0.049,0.054
3.03590e-01,-0.061,0.06
3.03600e-01,-0.059,0.064
3.03610e-01,-0.053,0.058
3.03620e-01,-0.053,0.058
3.03630e-01,-0.043,0.046
3.03640e-01,-0.057,0.06
3.03650e-01,-0.057,0.062
3.03660e-01,-0.059,0.064
3.03670e-01,-0.061,0.064
3.03680e-01,-0.059,0.066
3.03690e-01,-0.059,0.062
3.03700e-01,-0.059,0.062
3.03710e-01,-0.057,0.06
3.03720e-01,-0.061,0.062
3.03730e-01,-0.059,0.064
3.03740e-01,-0.063,0.064
3.03750e-01,-0.057,0.06
3.03760e-01,-0.059,0.064
3.03770e-01,-0.061,0.064
3.03780e-01,-0.059,0.064
3.03790e-01,-0.063,0.06
3.03800e-01,-0.061,0.066
3.03810e-01,-0.051,0.056
3.03820e-01,-0.059,0.064
3.03830e-01,-0.055,0.06
3.03840e-01,-0.059,0.062
3.03850e-01,-0.059,0.066
3.03860e-01,-0.063,0.066
3.03870e-01,-0.057,0.06
3.03880e-01,-0.059,0.06
3.03890e-01,-0.063,0.064
3.03900e-01,-0.061,0.064
3.03910e-01,-0.061,0.064
3.03920e-01,-0.057,0.06
3.03930e-01,-0.057,0.062
3.03940e-01,-0.053,0.058
3.03950e-01,-0.057,0.06
3.03960e-01,-0.053,0.056
3.03970e-01,-0.059,0.06
3.03980e-01,-0.059,0.062
3.03990e-01,-0.051,0.06
3.04000e-01,-0.061,0.062
3.04010e-01,-0.053,0.056
3.04020e-01,-0.059,0.064
3.04030e-01,-0.057,0.06
3.04040e-01,-0.063,0.06
3.04050e-01,-0.051,0.058
3.04060e-01,-0.059,0.062
3.04070e-01,-0.061,0.062
3.04080e-01,-0.059,0.064
3.04090e-01,-0.055,0.064
3.04100e-01,-0.057,0.062
3.04110e-01,-0.059,0.064
3.04120e-01,-0.061,0.064
3.04130e-01,-0.055,0.06
3.04140e-01,-0.057,0.06
3.04150e-01,-0.059,0.064
3.04160e-01,-0.055,0.06
3.04170e-01,-0.059,0.064
3.04180e-01,-0.053,0.06
3.04190e-01,-0.059,0.064
3.04200e-01,-0.059,0.062
3.04210e-01,-0.057,0.064
3.04220e-01,-0.055,0.06
3.04230e-01,-0.057,0.062
3.04240e-01,-0.059,0.064
3.04250e-01,-0.059,0.062
3.04260e-01,-0.059,0.066
3.04270e-01,-0.061,0.06
3.04280e-01,-0.055,0.06
3.04290e-01,-0.051,0.056
3.04300e-01,-0.061,0.066
3.04310e-01,-0.065,0.064
3.04320e-01,-0.057,0.062
3.04330e-01,-0.053,0.06
3.04340e-01,-0.057,0.064
3.04350e-01,-0.051,0.056
3.04360e-01,-0.061,0.064
3.04370e-01,-0.061,0.062
3.04380e-01,-0.061,0.066
3.04390e-01,-0.063,0.062
3.04400e-01,-0.059,0.068
3.04410e-01,-0.059,0.064
3.04420e-01,-0.057,0.064
3.04430e-01,-0.057,0.06
3.04440e-01,-0.063,0.06
3.04450e-01,-0.061,0.064
3.04460e-01,-0.061,0.062
3.04470e-01,-0.057,0.066
3.04480e-01,-0.057,0.064
3.04490e-01,-0.059,0.06
3.04500e-01,-0.061,0.064
3.04510e-01,-0.059,0.062
3.04520e-01,-0.061,0.064
3.04530e-01,-0.059,0.064
3.04540e-01,-0.061,0.064
3.04550e-01,-0.057,0.064
3.04560e-01,-0.057,0.064
3.04570e-01,-0.055,0.06
3.04580e-01,-0.051,0.056
3.04590e-01,-0.053,0.06
3.04600e-01,-0.055,0.06
3.04610e-01,-0.045,0.05
3.04620e-01,-0.049,0.056
3.04630e-01,-0.049,0.056
3.04640e-01,-0.061,0.064
3.04650e-01,-0.061,0.062
3.04660e-01,-0.059,0.064
3.04670e-01,-0.059,0.06
3.04680e-01,-0.059,0.062
3.04690e-01,-0.059,0.062
3.04700e-01,-0.059,0.062
3.04710e-01,-0.061,0.06
3.04720e-01,-0.061,0.064
3.04730e-01,-0.057,0.064
3.04740e-01,-0.057,0.06
3.04750e-01,-0.055,0.06
3.04760e-01,-0.061,0.064
3.04770e-01,-0.057,0.064
3.04780e-01,-0.063,0.064
3.04790e-01,-0.057,0.064
3.04800e-01,-0.059,0.062
3.04810e-01,-0.061,0.062
3.04820e-01,-0.057,0.062
3.04830e-01,-0.055,0.062
3.04840e-01,-0.061,0.064
3.04850e-01,-0.061,0.066
3.04860e-01,-0.059,0.06
3.04870e-01,-0.061,0.066
3.04880e-01,-0.059,0.064
3.04890e-01,-0.057,0.062
3.04900e-01,-0.057,0.062
3.04910e-01,-0.059,0.064
3.04920e-01,-0.061,0.064
3.04930e-01,-0.059,0.064
3.04940e-01,-0.055,0.06
3.04950e-01,-0.063,0.064
3.04960e-01,-0.061,0.062
3.04970e-01,-0.061,0.062
3.04980e-01,-0.059,0.066
3.04990e-01,-0.049,0.056
3.05000e-01,-0.057,0.064
3.05010e-01,-0.057,0.06
3.05020e-01,-0.061,0.06
3.05030e-01,-0.057,0.062
3.05040e-01,-0.059,0.064
3.05050e-01,-0.061,0.062
3.05060e-01,-0.061,0.062
3.05070e-01,-0.059,0.066
3.05080e-01,-0.057,0.06
3.05090e-01,-0.063,0.068
3.05100e-01,-0.055,0.06
3.05110e-01,-0.059,0.062
3.05120e-01,-0.059,0.06
3.05130e-01,-0.061,0.066
3.05140e-01,-0.055,0.06
3.05150e-01,-0.063,0.064
3.05160e-01,-0.053,0.058
3.05170e-01,-0.059,0.064
3.05180e-01,-0.057,0.056
3.05190e-01,-0.061,0.064
3.05200e-01,-0.059,0.064
3.05210e-01,-0.059,0.06
3.05220e-01,-0.063,0.062
3.05230e-01,-0.063,0.064
3.05240e-01,-0.059,0.062
3.05250e-01,-0.059,0.064
3.05260e-01,-0.061,0.064
3.05270e-01,-0.057,0.06
3.05280e-01,-0.057,0.06
3.05290e-01,-0.061,0.064
3.05300e-01,-0.059,0.064
3.05310e-01,-0.061,0.06
3.05320e-01,-0.059,0.06
3.05330e-01,-0.059,0.064
3.05340e-01,-0.059,0.064
3.05350e-01,-0.057,0.064
3.05360e-01,-0.059,0.062
3.05370e-01,-0.049,0.052
3.05380e-01,-0.061,0.064
3.05390e-01,-0.051,0.06
3.05400e-01,-0.059,0.06
3.05410e-01,-0.057,0.064
3.05420e-01,-0.059,0.066
3.05430e-01,-0.061,0.062
3.05440e-01,-0.059,0.064
3.05450e-01,-0.059,0.06
3.05460e-01,-0.065,0.066
3.05470e-01,-0.059,0.062
3.05480e-01,-0.057,0.064
3.05490e-01,-0.061,0.066
3.05500e-01,-0.059,0.064
3.05510e-01,-0.063,0.064
3.05520e-01,-0.059,0.062
3.05530e-01,-0.059,0.064
3.05540e-01,-0.053,0.06
3.05550e-01,-0.059,0.062
3.05560e-01,-0.061,0.062
3.05570e-01,-0.059,0.064
3.05580e-01,-0.059,0.062
3.05590e-01,-0.061,0.062
3.05600e-01,-0.059,0.066
3.05610e-01,-0.061,0.064
3.05620e-01,-0.063,0.066
3.05630e-01,-0.061,0.062
3.05640e-01,-0.059,0.06
3.05650e-01,-0.057,0.064
3.05660e-01,-0.057,0.06
3.05670e-01,-0.059,0.064
3.05680e-01,-0.059,0.064
3.05690e-01,-0.059,0.064
3.05700e-01,-0.059,0.068
3.05710e-01,-0.053,0.06
3.05720e-01,-0.061,0.064
3.05730e-01,-0.061,0.062
3.05740e-01,-0.063,0.064
3.05750e-01,-0.057,0.06
3.05760e-01,-0.061,0.064
3.05770e-01,-0.057,0.06
3.05780e-01,-0.059,0.064
3.05790e-01,-0.045,0.05
3.05800e-01,-0.059,0.06
3.05810e-01,-0.061,0.064
3.05820e-01,-0.059,0.064
3.05830e-01,-0.059,0.064
3.05840e-01,-0.059,0.064
3.05850e-01,-0.063,0.066
3.05860e-01,-0.059,0.062
3.05870e-01,-0.061,0.06
3.05880e-01,-0.059,0.064
3.05890e-01,-0.061,0.064
3.05900e-01,-0.051,0.058
3.05910e-01,-0.059,0.064
3.05920e-01,-0.061,0.062
3.05930e-01,-0.063,0.064
3.05940e-01,-0.057,0.06
3.05950e-01,-0.059,0.064
3.05960e-01,-0.055,0.064
3.05970e-01,-0.059,0.062
3.05980e-01,-0.057,0.06
3.05990e-01,-0.061,0.064
3.06000e-01,-0.059,0.062
3.06010e-01,-0.055,0.062
3.06020e-01,-0.057,0.068
3.06030e-01,-0.057,0.06
3.06040e-01,-0.059,0.058
3.06050e-01,-0.043,0.052
3.06060e-01,-0.055,0.06
3.06070e-01,-0.055,0.06
3.06080e-01,-0.057,0.062
3.06090e-01,-0.053,0.054
3.06100e-01,-0.057,0.062
3.06110e-01,-0.063,0.066
3.06120e-01,-0.061,0.064
3.06130e-01,-0.061,0.064
3.06140e-01,-0.061,0.064
3.06150e-01,-0.059,0.064
3.06160e-01,-0.065,0.066
3.06170e-01,-0.063,0.064
3.06180e-01,-0.061,0.064
3.06190e-01,-0.057,0.062
3.06200e-01,-0.061,0.064
3.06210e-01,-0.057,0.06
3.06220e-01,-0.057,0.06
3.06230e-01,-0.055,0.064
3.06240e-01,-0.055,0.06
3.06250e-01,-0.061,0.064
3.06260e-01,-0.055,0.06
3.06270e-01,-0.055,0.056
3.06280e-01,-0.049,0.054
3.06290e-01,-0.059,0.062
3.06300e-01,-0.057,0.06
3.06310e-01,-0.057,0.062
3.06320e-01,-0.057,0.064
3.06330e-01,-0.061,0.062
3.06340e-01,-0.061,0.066
3.06350e-01,-0.061,0.064
3.06360e-01,-0.059,0.068
3.06370e-01,-0.061,0.066
3.06380e-01,-0.061,0.064
3.06390e-01,-0.061,0.066
3.06400e-01,-0.061,0.068
3.06410e-01,-0.059,0.068
3.06420e-01,-0.057,0.062
3.06430e-01,-0.039,0.05
3.06440e-01,-0.055,0.06
3.06450e-01,-0.047,0.048
3.06460e-01,-0.053,0.058
3.06470e-01,-0.061,0.064
3.06480e-01,-0.061,0.062
3.06490e-01,-0.055,0.06
3.06500e-01,-0.057,0.062
3.06510e-01,-0.061,0.064
3.06520e-01,-0.059,0.06
3.06530e-01,-0.051,0.052
3.06540e-01,-0.063,0.064
3.06550e-01,-0.039,0.044
3.06560e-01,-0.059,0.064
3.06570e-01,-0.055,0.062
3.06580e-01,-0.061,0.064
3.06590e-01,-0.055,0.058
3.06600e-01,-0.051,0.058
3.06610e-01,-0.059,0.062
3.06620e-01,-0.059,0.062
3.06630e-01,-0.061,0.068
3.06640e-01,-0.063,0.064
3.06650e-01,-0.061,0.064
3.06660e-01,-0.061,0.066
3.06670e-01,-0.057,0.062
3.06680e-01,-0.059,0.06
3.06690e-01,-0.059,0.062
3.06700e-01,-0.053,0.062
3.06710e-01,-0.063,0.064
3.06720e-01,-0.059,0.06
3.06730e-01,-0.063,0.064
3.06740e-01,-0.057,0.06
3.06750e-01,-0.063,0.062
3.06760e-01,-0.061,0.062
3.06770e-01,-0.055,0.06
3.06780e-01,-0.061,0.062
3.06790e-01,-0.057,0.06
3.06800e-01,-0.059,0.06
3.06810e-01,-0.053,0.056
3.06820e-01,-0.051,0.06
3.06830e-01,-0.057,0.062
3.06840e-01,-0.059,0.06
3.06850e-01,-0.059,0.064
3.06860e-01,-0.057,0.064
3.06870e-01,-0.063,0.064
3.06880e-01,-0.059,0.064
3.06890e-01,-0.059,0.06
3.06900e-01,-0.057,0.06
3.06910e-01,-0.061,0.062
3.06920e-01,-0.057,0.06
3.06930e-01,-0.063,0.064
3.06940e-01,-0.057,0.06
3.06950e-01,-0.055,0.064
3.06960e-01,-0.055,0.06
3.06970e-01,-0.061,0.068
3.06980e-01,-0.057,0.06
3.06990e-01,-0.063,0.064
3.07000e-01,-0.061,0.064
3.07010e-01,-0.061,0.066
3.07020e-01,-0.059,0.06
3.07030e-01,-0.053,0.056
3.07040e-01,-0.061,0.064
3.07050e-01,-0.059,0.06
3.07060e-01,-0.055,0.06
3.07070e-01,-0.059,0.064
3.07080e-01,-0.051,0.056
3.07090e-01,-0.053,0.06
3.07100e-01,-0.049,0.056
3.07110e-01,-0.061,0.062
3.07120e-01,-0.055,0.058
3.07130e-01,-0.061,0.064
3.07140e-01,-0.059,0.062
3.07150e-01,-0.053,0.06
3.07160e-01,-0.061,0.062
3.07170e-01,-0.059,0.064
3.07180e-01,-0.063,0.064
3.07190e-01,-0.065,0.064
3.07200e-01,-0.063,0.064
3.07210e-01,-0.059,0.062
3.07220e-01,-0.055,0.06
3.07230e-01,-0.061,0.066
3.07240e-01,-0.057,0.062
3.07250e-01,-0.061,0.062
3.07260e-01,-0.061,0.064
3.07270e-01,-0.059,0.062
3.07280e-01,-0.061,0.06
3.07290e-01,-0.059,0.062
3.07300e-01,-0.061,0.066
3.07310e-01,-0.059,0.064
3.07320e-01,-0.057,0.06
3.07330e-01,-0.055,0.06
3.07340e-01,-0.063,0.064
3.07350e-01,-0.059,0.062
3.07360e-01,-0.059,0.06
3.07370e-01,-0.061,0.064
3.07380e-01,-0.059,0.064
3.07390e-01,-0.053,0.056
3.07400e-01,-0.065,0.064
3.07410e-01,-0.057,0.062
3.07420e-01,-0.061,0.064
3.07430e-01,-0.055,0.06
3.07440e-01,-0.059,0.062
3.07450e-01,-0.057,0.06
3.07460e-01,-0.061,0.064
3.07470e-01,-0.059,0.062
3.07480e-01,-0.055,0.058
3.07490e-01,-0.059,0.064
3.07500e-01,-0.057,0.062
3.07510e-01,-0.063,0.064
3.07520e-01,-0.057,0.06
3.07530e-01,-0.059,0.064
3.07540e-01,-0.057,0.062
3.07550e-01,-0.061,0.062
3.07560e-01,-0.063,0.066
3.07570e-01,-0.061,0.066
3.07580e-01,-0.059,0.062
3.07590e-01,-0.055,0.062
3.07600e-01,-0.059,0.06
3.07610e-01,-0.061,0.06
3.07620e-01,-0.059,0.064
3.07630e-01,-0.057,0.062
3.07640e-01,-0.053,0.058
3.07650e-01,-0.063,0.062
3.07660e-01,-0.059,0.066
3.07670e-01,-0.063,0.066
3.07680e-01,-0.059,0.066
3.07690e-01,-0.059,0.068
3.07700e-01,-0.059,0.062
3.07710e-01,-0.051,0.058
3.07720e-01,-0.045,0.048
3.07730e-01,-0.061,0.066
3.07740e-01,-0.061,0.064
3.07750e-01,-0.059,0.062
3.07760e-01,-0.057,0.06
3.07770e-01,-0.059,0.064
3.07780e-01,-0.059,0.066
3.07790e-01,-0.061,0.064
3.07800e-01,-0.061,0.062
3.07810e-01,-0.063,0.064
3.07820e-01,-0.061,0.068
3.07830e-01,-0.061,0.064
3.07840e-01,-0.063,0.064
3.07850e-01,-0.061,0.064
3.07860e-01,-0.059,0.064
3.07870e-01,-0.057,0.06
3.07880e-01,-0.061,0.064
3.07890e-01,-0.059,0.062
3.07900e-01,-0.055,0.06
3.07910e-01,-0.059,0.062
3.07920e-01,-0.059,0.064
3.07930e-01,-0.059,0.06
3.07940e-01,-0.059,0.062
3.07950e-01,-0.055,0.058
3.07960e-01,-0.057,0.062
3.07970e-01,-0.061,0.064
3.07980e-01,-0.045,0.05
3.07990e-01,-0.061,0.064
3.08000e-01,-0.057,0.062
3.08010e-01,-0.061,0.06
3.08020e-01,-0.055,0.06
3.08030e-01,-0.063,0.062
3.08040e-01,-0.055,0.062
3.08050e-01,-0.057,0.06
3.08060e-01,-0.057,0.064
3.08070e-01,-0.063,0.066
3.08080e-01,-0.059,0.06
3.08090e-01,-0.055,0.06
3.08100e-01,-0.059,0.062
3.08110e-01,-0.051,0.058
3.08120e-01,-0.057,0.064
3.08130e-01,-0.057,0.062
3.08140e-01,-0.059,0.066
3.08150e-01,-0.059,0.068
3.08160e-01,-0.057,0.064
3.08170e-01,-0.057,0.062
3.08180e-01,-0.061,0.064
3.08190e-01,-0.057,0.064
3.08200e-01,-0.059,0.066
3.08210e-01,-0.057,0.062
3.08220e-01,-0.053,0.06
3.08230e-01,-0.061,0.066
3.08240e-01,-0.059,0.062
3.08250e-01,-0.059,0.062
3.08260e-01,-0.055,0.06
3.08270e-01,-0.063,0.062
3.08280e-01,-0.061,0.066
3.08290e-01,-0.055,0.062
3.08300e-01,-0.061,0.062
3.08310e-01,-0.057,0.06
3.08320e-01,-0.057,0.066
3.08330e-01,-0.061,0.064
3.08340e-01,-0.061,0.064
3.08350e-01,-0.057,0.066
3.08360e-01,-0.057,0.06
3.08370e-01,-0.059,0.064
3.08380e-01,-0.061,0.064
3.08390e-01,-0.059,0.064
3.08400e-01,-0.055,0.06
3.08410e-01,-0.055,0.06
3.08420e-01,-0.061,0.064
3.08430e-01,-0.055,0.058
3.08440e-01,-0.059,0.064
3.08450e-01,-0.053,0.056
3.08460e-01,-0.059,0.062
3.08470e-01,-0.059,0.064
3.08480e-01,-0.059,0.06
3.08490e-01,-0.057,0.058
3.08500e-01,-0.055,0.06
3.08510e-01,-0.049,0.054
3.08520e-01,-0.061,0.062
3.08530e-01,-0.059,0.066
3.08540e-01,-0.057,0.062
3.08550e-01,-0.055,0.058
3.08560e-01,-0.055,0.06
3.08570e-01,-0.061,0.064
3.08580e-01,-0.055,0.058
3.08590e-01,-0.059,0.06
3.08600e-01,-0.053,0.054
3.08610e-01,-0.059,0.058
3.08620e-01,-0.051,0.054
3.08630e-01,-0.059,0.06
3.08640e-01,-0.059,0.062
3.08650e-01,-0.063,0.062
3.08660e-01,-0.063,0.064
3.08670e-01,-0.057,0.06
3.08680e-01,-0.051,0.058
3.08690e-01,-0.049,0.05
3.08700e-01,-0.045,0.056
3.08710e-01,-0.045,0.05
3.08720e-01,-0.059,0.06
3.08730e-01,-0.053,0.06
3.08740e-01,-0.051,0.058
3.08750e-01,-0.045,0.048
3.08760e-01,-0.055,0.058
3.08770e-01,-0.059,0.062
3.08780e-01,-0.059,0.064
3.08790e-01,-0.059,0.064
3.08800e-01,-0.055,0.06
3.08810e-01,-0.059,0.064
3.08820e-01,-0.057,0.058
3.08830e-01,-0.055,0.062
3.08840e-01,-0.061,0.066
3.08850e-01,-0.055,0.06
3.08860e-01,-0.061,0.066
3.08870e-01,-0.059,0.062
3.08880e-01,-0.059,0.064
3.08890e-01,-0.051,0.056
3.08900e-01,-0.061,0.066
3.08910e-01,-0.061,0.062
3.08920e-01,-0.063,0.066
3.08930e-01,-0.059,0.064
3.08940e-01,-0.063,0.062
3.08950e-01,-0.055,0.058
3.08960e-01,-0.061,0.066
3.08970e-01,-0.059,0.064
3.08980e-01,-0.061,0.064
3.08990e-01,-0.061,0.064
3.09000e-01,-0.055,0.06
3.09010e-01,-0.057,0.062
3.09020e-01,-0.061,0.064
3.09030e-01,-0.059,0.062
3.09040e-01,-0.061,0.066
3.09050e-01,-0.057,0.06
3.09060e-01,-0.059,0.064
3.09070e-01,-0.059,0.062
3.09080e-01,-0.061,0.062
3.09090e-01,-0.055,0.06
3.09100e-01,-0.061,0.064
3.09110e-01,-0.057,0.064
3.09120e-01,-0.059,0.06
3.09130e-01,-0.063,0.064
3.09140e-01,-0.045,0.05
3.09150e-01,-0.059,0.064
3.09160e-01,-0.053,0.058
3.09170e-01,-0.055,0.058
3.09180e-01,-0.051,0.06
3.09190e-01,-0.061,0.07
3.09200e-01,-0.057,0.06
3.09210e-01,-0.053,0.054
3.09220e-01,-0.041,0.046
3.09230e-01,-0.047,0.05
3.09240e-01,-0.057,0.06
3.09250e-01,-0.061,0.062
3.09260e-01,-0.049,0.05
3.09270e-01,-0.057,0.06
3.09280e-01,-0.057,0.062
3.09290e-01,-0.057,0.064
3.09300e-01,-0.059,0.066
3.09310e-01,-0.057,0.06
3.09320e-01,-0.055,0.062
3.09330e-01,-0.059,0.06
3.09340e-01,-0.059,0.062
3.09350e-01,-0.063,0.064
3.09360e-01,-0.063,0.064
3.09370e-01,-0.057,0.06
3.09380e-01,-0.063,0.064
3.09390e-01,-0.057,0.064
3.09400e-01,-0.059,0.066
3.09410e-01,-0.063,0.064
3.09420e-01,-0.059,0.062
3.09430e-01,-0.059,0.064
3.09440e-01,-0.061,0.066
3.09450e-01,-0.061,0.06
3.09460e-01,-0.061,0.062
3.09470e-01,-0.061,0.062
3.09480e-01,-0.059,0.066
3.09490e-01,-0.057,0.06
3.09500e-01,-0.057,0.062
3.09510e-01,-0.063,0.062
3.09520e-01,-0.061,0.06
3.09530e-01,-0.049,0.052
3.09540e-01,-0.063,0.068
3.09550e-01,-0.057,0.062
3.09560e-01,-0.061,0.06
3.09570e-01,-0.059,0.066
3.09580e-01,-0.061,0.066
3.09590e-01,-0.059,0.064
3.09600e-01,-0.061,0.066
3.09610e-01,-0.061,0.064
3.09620e-01,-0.057,0.06
3.09630e-01,-0.059,0.06
3.09640e-01,-0.051,0.056
3.09650e-01,-0.065,0.066
3.09660e-01,-0.051,0.054
3.09670e-01,-0.061,0.064
3.09680e-01,-0.059,0.06
3.09690e-01,-0.055,0.06
3.09700e-01,-0.063,0.066
3.09710e-01,-0.059,0.06
3.09720e-01,-0.057,0.062
3.09730e-01,-0.053,0.058
3.09740e-01,-0.049,0.06
3.09750e-01,-0.055,0.06
3.09760e-01,-0.051,0.058
3.09770e-01,-0.059,0.066
3.09780e-01,-0.055,0.058
3.09790e-01,-0.063,0.064
3.09800e-01,-0.063,0.064
3.09810e-01,-0.057,0.06
3.09820e-01,-0.065,0.06
3.09830e-01,-0.053,0.058
3.09840e-01,-0.059,0.062
3.09850e-01,-0.061,0.062
3.09860e-01,-0.055,0.06
3.09870e-01,-0.059,0.062
3.09880e-01,-0.057,0.06
3.09890e-01,-0.059,0.062
3.09900e-01,-0.051,0.054
3.09910e-01,-0.059,0.066
3.09920e-01,-0.061,0.064
3.09930e-01,-0.061,0.068
3.09940e-01,-0.065,0.066
3.09950e-01,-0.057,0.06
3.09960e-01,-0.059,0.062
3.09970e-01,-0.061,0.064
3.09980e-01,-0.063,0.064
3.09990e-01,-0.061,0.064
3.10000e-01,-0.059,0.062
3.10010e-01,-0.061,0.064
3.10020e-01,-0.057,0.064
3.10030e-01,-0.055,0.064
3.10040e-01,-0.061,0.064
3.10050e-01,-0.061,0.062
3.10060e-01,-0.055,0.06
3.10070e-01,-0.065,0.064
3.10080e-01,-0.063,0.062
3.10090e-01,-0.047,0.054
3.10100e-01,-0.061,0.064
3.10110e-01,-0.057,0.06
3.10120e-01,-0.059,0.066
3.10130e-01,-0.055,0.06
3.10140e-01,-0.057,0.064
3.10150e-01,-0.061,0.064
3.10160e-01,-0.045,0.05
3.10170e-01,-0.061,0.066
3.10180e-01,-0.061,0.064
3.10190e-01,-0.057,0.064
3.10200e-01,-0.061,0.064
3.10210e-01,-0.059,0.066
3.10220e-01,-0.049,0.05
3.10230e-01,-0.059,0.06
3.10240e-01,-0.057,0.06
3.10250e-01,-0.049,0.052
3.10260e-01,-0.063,0.066
3.10270e-01,-0.051,0.052
3.10280e-01,-0.061,0.062
3.10290e-01,-0.055,0.06
3.10300e-01,-0.057,0.066
3.10310e-01,-0.061,0.064
3.10320e-01,-0.061,0.062
3.10330e-01,-0.061,0.06
3.10340e-01,-0.063,0.064
3.10350e-01,-0.059,0.058
3.10360e-01,-0.057,0.06
3.10370e-01,-0.061,0.064
3.10380e-01,-0.057,0.06
3.10390e-01,-0.059,0.064
3.10400e-01,-0.049,0.056
3.10410e-01,-0.057,0.06
3.10420e-01,-0.057,0.06
3.10430e-01,-0.061,0.062
3.10440e-01,-0.051,0.056
3.10450e-01,-0.061,0.064
3.10460e-01,-0.063,0.064
3.10470e-01,-0.061,0.064
3.10480e-01,-0.059,0.06
3.10490e-01,-0.049,0.058
3.10500e-01,-0.059,0.066
3.10510e-01,-0.059,0.06
3.10520e-01,-0.059,0.066
3.10530e-01,-0.057,0.062
3.10540e-01,-0.055,0.058
3.10550e-01,-0.063,0.066
3.10560e-01,-0.041,0.046
3.10570e-01,-0.055,0.06
3.10580e-01,-0.047,0.05
3.10590e-01,-0.057,0.062
3.10600e-01,-0.057,0.06
3.10610e-01,-0.059,0.058
3.10620e-01,-0.059,0.064
3.10630e-01,-0.053,0.056
3.10640e-01,-0.061,0.062
3.10650e-01,-0.063,0.06
3.10660e-01,-0.059,0.06
3.10670e-01,-0.047,0.054
3.10680e-01,-0.059,0.062
3.10690e-01,-0.061,0.062
3.10700e-01,-0.061,0.062
3.10710e-01,-0.047,0.054
3.10720e-01,-0.053,0.06
3.10730e-01,-0.041,0.046
3.10740e-01,-0.059,0.06
3.10750e-01,-0.055,0.058
3.10760e-01,-0.063,0.062
3.10770e-01,-0.061,0.062
3.10780e-01,-0.063,0.066
3.10790e-01,-0.055,0.06
3.10800e-01,-0.059,0.064
3.10810e-01,-0.049,0.054
3.10820e-01,-0.059,0.06
3.10830e-01,-0.057,0.062
3.10840e-01,-0.055,0.06
3.10850e-01,-0.055,0.06
3.10860e-01,-0.059,0.06
3.10870e-01,-0.059,0.062
3.10880e-01,-0.059,0.064
3.10890e-01,-0.057,0.064
3.10900e-01,-0.061,0.068
3.10910e-01,-0.059,0.064
3.10920e-01,-0.061,0.062
3.10930e-01,-0.057,0.062
3.10940e-01,-0.065,0.066
3.10950e-01,-0.059,0.06
3.10960e-01,-0.055,0.06
3.10970e-01,-0.061,0.064
3.10980e-01,-0.059,0.062
3.10990e-01,-0.061,0.064
3.11000e-01,-0.059,0.066
3.11010e-01,-0.061,0.064
3.11020e-01,-0.061,0.064
3.11030e-01,-0.061,0.064
3.11040e-01,-0.061,0.062
3.11050e-01,-0.059,0.066
3.11060e-01,-0.063,0.06
3.11070e-01,-0.059,0.064
3.11080e-01,-0.047,0.054
3.11090e-01,-0.047,0.054
3.11100e-01,-0.059,0.064
3.11110e-01,-0.057,0.06
3.11120e-01,-0.055,0.062
3.11130e-01,-0.055,0.06
3.11140e-01,-0.057,0.06
3.11150e-01,-0.061,0.066
3.11160e-01,-0.059,0.064
3.11170e-01,-0.059,0.06
3.11180e-01,-0.063,0.066
3.11190e-01,-0.061,0.064
3.11200e-01,-0.059,0.064
3.11210e-01,-0.065,0.068
3.11220e-01,-0.053,0.06
3.11230e-01,-0.061,0.062
3.11240e-01,-0.055,0.06
3.11250e-01,-0.061,0.062
3.11260e-01,-0.055,0.06
3.11270e-01,-0.063,0.064
3.11280e-01,-0.057,0.064
3.11290e-01,-0.057,0.06
3.11300e-01,-0.059,0.06
3.11310e-01,-0.059,0.062
3.11320e-01,-0.059,0.064
3.11330e-01,-0.059,0.064
3.11340e-01,-0.061,0.066
3.11350e-01,-0.055,0.06
3.11360e-01,-0.063,0.064
3.11370e-01,-0.057,0.06
3.11380e-01,-0.063,0.062
3.11390e-01,-0.051,0.06
3.11400e-01,-0.059,0.06
3.11410e-01,-0.055,0.06
3.11420e-01,-0.055,0.062
3.11430e-01,-0.061,0.062
3.11440e-01,-0.055,0.062
3.11450e-01,-0.057,0.062
3.11460e-01,-0.061,0.066
3.11470e-01,-0.059,0.064
3.11480e-01,-0.061,0.064
3.11490e-01,-0.059,0.062
3.11500e-01,-0.059,0.06
3.11510e-01,-0.055,0.06
3.11520e-01,-0.061,0.064
3.11530e-01,-0.059,0.064
3.11540e-01,-0.055,0.058
3.11550e-01,-0.061,0.062
3.11560e-01,-0.055,0.066
3.11570e-01,-0.061,0.064
3.11580e-01,-0.055,0.06
3.11590e-01,-0.053,0.06
3.11600e-01,-0.059,0.062
3.11610e-01,-0.061,0.068
3.11620e-01,-0.061,0.062
3.11630e-01,-0.063,0.064
3.11640e-01,-0.061,0.06
3.11650e-01,-0.061,0.062
3.11660e-01,-0.061,0.064
3.11670e-01,-0.057,0.06
3.11680e-01,-0.059,0.068
3.11690e-01,-0.059,0.06
3.11700e-01,-0.061,0.062
3.11710e-01,-0.061,0.066
3.11720e-01,-0.051,0.054
3.11730e-01,-0.059,0.06
3.11740e-01,-0.043,0.052
3.11750e-01,-0.059,0.066
3.11760e-01,-0.061,0.068
3.11770e-01,-0.059,0.064
3.11780e-01,-0.051,0.054
3.11790e-01,-0.065,0.064
3.11800e-01,-0.049,0.056
3.11810e-01,-0.055,0.06
3.11820e-01,-0.063,0.062
3.11830e-01,-0.055,0.058
3.11840e-01,-0.061,0.064
3.11850e-01,-0.055,0.058
3.11860e-01,-0.061,0.06
3.11870e-01,-0.059,0.064
3.11880e-01,-0.061,0.062
3.11890e-01,-0.055,0.056
3.11900e-01,-0.047,0.056
3.11910e-01,-0.061,0.064
3.11920e-01,-0.055,0.06
3.11930e-01,-0.051,0.054
3.11940e-01,-0.055,0.06
3.11950e-01,-0.059,0.06
3.11960e-01,-0.057,0.06
3.11970e-01,-0.049,0.056
3.11980e-01,-0.053,0.056
3.11990e-01,-0.047,0.054
3.12000e-01,-0.063,0.064
3.12010e-01,-0.055,0.062
3.12020e-01,-0.059,0.068
3.12030e-01,-0.059,0.062
3.12040e-01,-0.059,0.064
3.12050e-01,-0.061,0.062
3.12060e-01,-0.059,0.06
3.12070e-01,-0.059,0.064
3.12080e-01,-0.051,0.058
3.12090e-01,-0.061,0.064
3.12100e-01,-0.057,0.064
3.12110e-01,-0.055,0.062
3.12120e-01,-0.059,0.066
3.12130e-01,-0.057,0.06
3.12140e-01,-0.053,0.06
3.12150e-01,-0.053,0.056
3.12160e-01,-0.059,0.06
3.12170e-01,-0.057,0.06
3.12180e-01,-0.055,0.06
3.12190e-01,-0.061,0.064
3.12200e-01,-0.063,0.066
3.12210e-01,-0.061,0.062
3.12220e-01,-0.059,0.06
3.12230e-01,-0.045,0.052
3.12240e-01,-0.053,0.06
3.12250e-01,-0.059,0.064
3.12260e-01,-0.057,0.064
3.12270e-01,-0.063,0.062
3.12280e-01,-0.063,0.064
3.12290e-01,-0.059,0.06
3.12300e-01,-0.059,0.064
3.12310e-01,-0.059,0.062
3.12320e-01,-0.059,0.06
3.12330e-01,-0.061,0.064
3.12340e-01,-0.055,0.06
3.12350e-01,-0.057,0.062
3.12360e-01,-0.063,0.062
3.12370e-01,-0.041,0.046
3.12380e-01,-0.059,0.064
3.12390e-01,-0.055,0.06
3.12400e-01,-0.057,0.06
3.12410e-01,-0.057,0.062
3.12420e-01,-0.049,0.054
3.12430e-01,-0.061,0.064
3.12440e-01,-0.051,0.056
3.12450e-01,-0.061,0.068
3.12460e-01,-0.061,0.062
3.12470e-01,-0.061,0.064
3.12480e-01,-0.063,0.064
3.12490e-01,-0.049,0.054
3.12500e-01,-0.061,0.064
3.12510e-01,-0.055,0.062
3.12520e-01,-0.059,0.06
3.12530e-01,-0.061,0.062
3.12540e-01,-0.051,0.056
3.12550e-01,-0.059,0.062
3.12560e-01,-0.061,0.064
3.12570e-01,-0.057,0.06
3.12580e-01,-0.061,0.062
3.12590e-01,-0.057,0.06
3.12600e-01,-0.057,0.06
3.12610e-01,-0.061,0.066
3.12620e-01,-0.059,0.064
3.12630e-01,-0.055,0.062
3.12640e-01,-0.059,0.062
3.12650e-01,-0.057,0.06
3.12660e-01,-0.055,0.062
3.12670e-01,-0.061,0.066
3.12680e-01,-0.061,0.056
3.12690e-01,-0.063,0.064
3.12700e-01,-0.059,0.062
3.12710e-01,-0.059,0.064
3.12720e-01,-0.057,0.062
3.12730e-01,-0.055,0.062
3.12740e-01,-0.057,0.06
3.12750e-01,-0.061,0.066
3.12760e-01,-0.059,0.066
3.12770e-01,-0.055,0.058
3.12780e-01,-0.057,0.06
3.12790e-01,-0.053,0.056
3.12800e-01,-0.057,0.06
3.12810e-01,-0.053,0.056
3.12820e-01,-0.053,0.058
3.12830e-01,-0.059,0.066
3.12840e-01,-0.055,0.062
3.12850e-01,-0.059,0.064
3.12860e-01,-0.059,0.064
3.12870e-01,-0.061,0.064
3.12880e-01,-0.059,0.064
3.12890e-01,-0.059,0.06
3.12900e-01,-0.059,0.064
3.12910e-01,-0.055,0.062
3.12920e-01,-0.061,0.06
3.12930e-01,-0.059,0.064
3.12940e-01,-0.061,0.066
3.12950e-01,-0.061,0.064
3.12960e-01,-0.061,0.062
3.12970e-01,-0.063,0.062
3.12980e-01,-0.059,0.062
3.12990e-01,-0.059,0.064
3.13000e-01,-0.061,0.064
3.13010e-01,-0.059,0.062
3.13020e-01,-0.059,0.06
3.13030e-01,-0.059,0.066
3.13040e-01,-0.057,0.064
3.13050e-01,-0.057,0.064
3.13060e-01,-0.063,0.064
3.13070e-01,-0.057,0.06
3.13080e-01,-0.059,0.064
3.13090e-01,-0.057,0.06
3.13100e-01,-0.061,0.062
3.13110e-01,-0.059,0.062
3.13120e-01,-0.061,0.068
3.13130e-01,-0.059,0.064
3.13140e-01,-0.053,0.058
3.13150e-01,-0.061,0.064
3.13160e-01,-0.057,0.066
3.13170e-01,-0.059,0.062
3.13180e-01,-0.059,0.066
3.13190e-01,-0.057,0.06
3.13200e-01,-0.061,0.064
3.13210e-01,-0.053,0.058
3.13220e-01,-0.059,0.06
3.13230e-01,-0.051,0.056
3.13240e-01,-0.063,0.062
3.13250e-01,-0.053,0.058
3.13260e-01,-0.063,0.064
3.13270e-01,-0.043,0.042
3.13280e-01,-0.061,0.066
3.13290e-01,-0.055,0.06
3.13300e-01,-0.057,0.062
3.13310e-01,-0.057,0.062
3.13320e-01,-0.059,0.062
3.13330e-01,-0.061,0.06
3.13340e-01,-0.053,0.058
3.13350e-01,-0.057,0.058
3.13360e-01,-0.055,0.058
3.13370e-01,-0.057,0.062
3.13380e-01,-0.055,0.066
3.13390e-01,-0.061,0.066
3.13400e-01,-0.059,0.064
3.13410e-01,-0.059,0.064
3.13420e-01,-0.059,0.064
3.13430e-01,-0.061,0.064
3.13440e-01,-0.059,0.06
3.13450e-01,-0.061,0.062
3.13460e-01,-0.057,0.062
3.13470e-01,-0.057,0.064
3.13480e-01,-0.055,0.056
3.13490e-01,-0.057,0.06
3.13500e-01,-0.049,0.058
3.13510e-01,-0.057,0.062
3.13520e-01,-0.053,0.058
3.13530e-01,-0.055,0.06
3.13540e-01,-0.053,0.058
3.13550e-01,-0.061,0.062
3.13560e-01,-0.059,0.062
3.13570e-01,-0.057,0.06
3.13580e-01,-0.059,0.062
3.13590e-01,-0.059,0.064
3.13600e-01,-0.063,0.066
3.13610e-01,-0.057,0.06
3.13620e-01,-0.063,0.06
3.13630e-01,-0.057,0.064
3.13640e-01,-0.055,0.064
3.13650e-01,-0.057,0.062
3.13660e-01,-0.057,0.064
3.13670e-01,-0.059,0.064
3.13680e-01,-0.059,0.062
3.13690e-01,-0.059,0.06
3.13700e-01,-0.059,0.062
3.13710e-01,-0.051,0.06
3.13720e-01,-0.061,0.064
3.13730e-01,-0.047,0.054
3.13740e-01,-0.057,0.062
3.13750e-01,-0.049,0.05
3.13760e-01,-0.057,0.058
3.13770e-01,-0.053,0.058
3.13780e-01,-0.061,0.064
3.13790e-01,-0.049,0.056
3.13800e-01,-0.059,0.064
3.13810e-01,-0.049,0.058
3.13820e-01,-0.059,0.066
3.13830e-01,-0.051,0.056
3.13840e-01,-0.059,0.064
3.13850e-01,-0.045,0.046
3.13860e-01,-0.061,0.062
3.13870e-01,-0.045,0.052
3.13880e-01,-0.057,0.062
3.13890e-01,-0.051,0.052
3.13900e-01,-0.059,0.066
3.13910e-01,-0.059,0.062
3.13920e-01,-0.061,0.066
3.13930e-01,-0.055,0.06
3.13940e-01,-0.061,0.064
3.13950e-01,-0.059,0.06
3.13960e-01,-0.061,0.064
3.13970e-01,-0.061,0.062
3.13980e-01,-0.057,0.062
3.13990e-01,-0.059,0.062
3.14000e-01,-0.059,0.064
3.14010e-01,-0.059,0.064
3.14020e-01,-0.057,0.062
3.14030e-01,-0.061,0.064
3.14040e-01,-0.053,0.06
3.14050e-01,-0.059,0.06
3.14060e-01,-0.055,0.062
3.14070e-01,-0.061,0.062
3.14080e-01,-0.057,0.06
3.14090e-01,-0.059,0.062
3.14100e-01,-0.049,0.054
3.14110e-01,-0.065,0.07
3.14120e-01,-0.051,0.06
3.14130e-01,-0.057,0.06
3.14140e-01,-0.059,0.062
3.14150e-01,-0.061,0.068
3.14160e-01,-0.063,0.064
3.14170e-01,-0.057,0.06
3.14180e-01,-0.059,0.062
3.14190e-01,-0.061,0.064
3.14200e-01,-0.051,0.052
3.14210e-01,-0.059,0.064
3.14220e-01,-0.061,0.06
3.14230e-01,-0.061,0.064
3.14240e-01,-0.053,0.056
3.14250e-01,-0.051,0.056
3.14260e-01,-0.063,0.06
3.14270e-01,-0.057,0.066
3.14280e-01,-0.061,0.062
3.14290e-01,-0.063,0.06
3.14300e-01,-0.061,0.066
3.14310e-01,-0.059,0.062
3.14320e-01,-0.061,0.066
3.14330e-01,-0.059,0.064
3.14340e-01,-0.057,0.062
3.14350e-01,-0.059,0.062
3.14360e-01,-0.059,0.06
3.14370e-01,-0.055,0.058
3.14380e-01,-0.059,0.062
3.14390e-01,-0.061,0.062
3.14400e-01,-0.059,0.064
3.14410e-01,-0.045,0.054
3.14420e-01,-0.061,0.062
3.14430e-01,-0.041,0.048
3.14440e-01,-0.063,0.066
3.14450e-01,-0.057,0.062
3.14460e-01,-0.065,0.064
3.14470e-01,-0.061,0.064
3.14480e-01,-0.057,0.06
3.14490e-01,-0.057,0.06
3.14500e-01,-0.055,0.06
3.14510e-01,-0.055,0.062
3.14520e-01,-0.055,0.062
3.14530e-01,-0.057,0.06
3.14540e-01,-0.057,0.058
3.14550e-01,-0.055,0.06
3.14560e-01,-0.061,0.064
3.14570e-01,-0.061,0.062
3.14580e-01,-0.061,0.064
3.14590e-01,-0.063,0.064
3.14600e-01,-0.059,0.062
3.14610e-01,-0.063,0.062
3.14620e-01,-0.055,0.06
3.14630e-01,-0.061,0.064
3.14640e-01,-0.055,0.064
3.14650e-01,-0.061,0.064
3.14660e-01,-0.061,0.064
3.14670e-01,-0.059,0.062
3.14680e-01,-0.059,0.064
3.14690e-01,-0.061,0.064
3.14700e-01,-0.055,0.06
3.14710e-01,-0.063,0.064
3.14720e-01,-0.059,0.064
3.14730e-01,-0.059,0.06
3.14740e-01,-0.061,0.062
3.14750e-01,-0.055,0.062
3.14760e-01,-0.057,0.064
3.14770e-01,-0.045,0.048
3.14780e-01,-0.059,0.068
3.14790e-01,-0.055,0.058
3.14800e-01,-0.057,0.06
3.14810e-01,-0.047,0.054
3.14820e-01,-0.057,0.064
3.14830e-01,-0.057,0.06
3.14840e-01,-0.061,0.064
3.14850e-01,-0.059,0.062
3.14860e-01,-0.063,0.064
3.14870e-01,-0.059,0.064
3.14880e-01,-0.051,0.058
3.14890e-01,-0.061,0.064
3.14900e-01,-0.053,0.06
3.14910e-01,-0.055,0.058
3.14920e-01,-0.063,0.064
3.14930e-01,-0.059,0.064
3.14940e-01,-0.061,0.06
3.14950e-01,-0.059,0.064
3.14960e-01,-0.061,0.064
3.14970e-01,-0.055,0.06
3.14980e-01,-0.061,0.066
3.14990e-01,-0.057,0.056
3.15000e-01,-0.061,0.062
3.15010e-01,-0.063,0.06
3.15020e-01,-0.057,0.06
3.15030e-01,-0.061,0.062
3.15040e-01,-0.063,0.062
3.15050e-01,-0.057,0.06
3.15060e-01,-0.059,0.06
3.15070e-01,-0.059,0.062
3.15080e-01,-0.063,0.062
3.15090e-01,-0.053,0.058
3.15100e-01,-0.057,0.06
3.15110e-01,-0.059,0.066
3.15120e-01,-0.055,0.06
3.15130e-01,-0.057,0.064
3.15140e-01,-0.059,0.066
3.15150e-01,-0.061,0.06
3.15160e-01,-0.059,0.064
3.15170e-01,-0.057,0.062
3.15180e-01,-0.059,0.062
3.15190e-01,-0.059,0.066
3.15200e-01,-0.061,0.062
3.15210e-01,-0.059,0.064
3.15220e-01,-0.057,0.066
3.15230e-01,-0.059,0.06
3.15240e-01,-0.059,0.064
3.15250e-01,-0.059,0.062
3.15260e-01,-0.061,0.066
3.15270e-01,-0.055,0.06
3.15280e-01,-0.055,0.06
3.15290e-01,-0.065,0.066
3.15300e-01,-0.057,0.06
3.15310e-01,-0.061,0.06
3.15320e-01,-0.059,0.064
3.15330e-01,-0.057,0.06
3.15340e-01,-0.057,0.062
3.15350e-01,-0.061,0.062
3.15360e-01,-0.063,0.064
3.15370e-01,-0.061,0.06
3.15380e-01,-0.063,0.064
3.15390e-01,-0.057,0.064
3.15400e-01,-0.061,0.062
3.15410e-01,-0.059,0.064
3.15420e-01,-0.061,0.064
3.15430e-01,-0.061,0.064
3.15440e-01,-0.057,0.062
3.15450e-01,-0.061,0.064
3.15460e-01,-0.055,0.064
3.15470e-01,-0.059,0.06
3.15480e-01,-0.063,0.066
3.15490e-01,-0.047,0.052
3.15500e-01,-0.059,0.064
3.15510e-01,-0.049,0.056
3.15520e-01,-0.059,0.06
3.15530e-01,-0.055,0.06
3.15540e-01,-0.063,0.064
3.15550e-01,-0.061,0.062
3.15560e-01,-0.059,0.066
3.15570e-01,-0.065,0.064
3.15580e-01,-0.055,0.06
3.15590e-01,-0.063,0.064
3.15600e-01,-0.055,0.054
3.15610e-01,-0.057,0.06
3.15620e-01,-0.063,0.06
3.15630e-01,-0.061,0.064
3.15640e-01,-0.053,0.06
3.15650e-01,-0.057,0.06
3.15660e-01,-0.059,0.062
3.15670e-01,-0.057,0.06
3.15680e-01,-0.053,0.064
3.15690e-01,-0.059,0.062
3.15700e-01,-0.043,0.05
3.15710e-01,-0.061,0.068
3.15720e-01,-0.061,0.062
3.15730e-01,-0.061,0.064
3.15740e-01,-0.059,0.068
3.15750e-01,-0.061,0.06
3.15760e-01,-0.061,0.062
3.15770e-01,-0.049,0.056
3.15780e-01,-0.063,0.062
3.15790e-01,-0.049,0.056
3.15800e-01,-0.055,0.06
3.15810e-01,-0.059,0.066
3.15820e-01,-0.051,0.056
3.15830e-01,-0.063,0.062
3.15840e-01,-0.061,0.062
3.15850e-01,-0.061,0.062
3.15860e-01,-0.055,0.06
3.15870e-01,-0.055,0.06
3.15880e-01,-0.057,0.06
3.15890e-01,-0.057,0.06
3.15900e-01,-0.063,0.062
3.15910e-01,-0.061,0.06
3.15920e-01,-0.059,0.064
3.15930e-01,-0.061,0.062
3.15940e-01,-0.055,0.06
3.15950e-01,-0.053,0.06
3.15960e-01,-0.059,0.062
3.15970e-01,-0.063,0.066
3.15980e-01,-0.061,0.06
3.15990e-01,-0.057,0.064
3.16000e-01,-0.049,0.056
3.16010e-01,-0.063,0.064
3.16020e-01,-0.061,0.062
3.16030e-01,-0.061,0.062
3.16040e-01,-0.057,0.06
3.16050e-01,-0.057,0.064
3.16060e-01,-0.063,0.064
3.16070e-01,-0.059,0.064
3.16080e-01,-0.063,0.062
3.16090e-01,-0.061,0.064
3.16100e-01,-0.059,0.062
3.16110e-01,-0.057,0.062
3.16120e-01,-0.057,0.064
3.16130e-01,-0.059,0.064
3.16140e-01,-0.061,0.064
3.16150e-01,-0.059,0.066
3.16160e-01,-0.059,0.062
3.16170e-01,-0.051,0.058
3.16180e-01,-0.053,0.058
3.16190e-01,-0.053,0.06
3.16200e-01,-0.061,0.064
3.16210e-01,-0.057,0.064
3.16220e-01,-0.061,0.064
3.16230e-01,-0.059,0.062
3.16240e-01,-0.059,0.064
3.16250e-01,-0.063,0.06
3.16260e-01,-0.059,0.064
3.16270e-01,-0.057,0.064
3.16280e-01,-0.051,0.056
3.16290e-01,-0.059,0.064
3.16300e-01,-0.061,0.062
3.16310e-01,-0.057,0.06
3.16320e-01,-0.059,0.06
3.16330e-01,-0.055,0.06
3.16340e-01,-0.061,0.062
3.16350e-01,-0.059,0.064
3.16360e-01,-0.063,0.064
3.16370e-01,-0.057,0.062
3.16380e-01,-0.061,0.062
3.16390e-01,-0.061,0.064
3.16400e-01,-0.061,0.064
3.16410e-01,-0.063,0.064
3.16420e-01,-0.063,0.064
3.16430e-01,-0.059,0.066
3.16440e-01,-0.061,0.06
3.16450e-01,-0.059,0.062
3.16460e-01,-0.059,0.062
3.16470e-01,-0.057,0.06
3.16480e-01,-0.061,0.064
3.16490e-01,-0.051,0.054
3.16500e-01,-0.063,0.064
3.16510e-01,-0.055,0.06
3.16520e-01,-0.059,0.062
3.16530e-01,-0.059,0.062
3.16540e-01,-0.055,0.06
3.16550e-01,-0.057,0.06
3.16560e-01,-0.057,0.062
3.16570e-01,-0.059,0.06
3.16580e-01,-0.059,0.062
3.16590e-01,-0.061,0.062
3.16600e-01,-0.059,0.066
3.16610e-01,-0.059,0.062
3.16620e-01,-0.057,0.06
3.16630e-01,-0.057,0.066
3.16640e-01,-0.059,0.064
3.16650e-01,-0.059,0.06
3.16660e-01,-0.059,0.062
3.16670e-01,-0.061,0.064
3.16680e-01,-0.061,0.068
3.16690e-01,-0.059,0.068
3.16700e-01,-0.053,0.054
3.16710e-01,-0.059,0.066
3.16720e-01,-0.061,0.06
3.16730e-01,-0.059,0.066
3.16740e-01,-0.059,0.064
3.16750e-01,-0.057,0.064
3.16760e-01,-0.057,0.064
3.16770e-01,-0.059,0.062
3.16780e-01,-0.063,0.064
3.16790e-01,-0.053,0.06
3.16800e-01,-0.059,0.064
3.16810e-01,-0.057,0.054
3.16820e-01,-0.059,0.06
3.16830e-01,-0.051,0.058
3.16840e-01,-0.059,0.064
3.16850e-01,-0.049,0.054
3.16860e-01,-0.063,0.062
3.16870e-01,-0.061,0.066
3.16880e-01,-0.051,0.056
3.16890e-01,-0.059,0.064
3.16900e-01,-0.061,0.064
3.16910e-01,-0.059,0.064
3.16920e-01,-0.057,0.062
3.16930e-01,-0.061,0.062
3.16940e-01,-0.061,0.064
3.16950e-01,-0.057,0.062
3.16960e-01,-0.063,0.066
3.16970e-01,-0.061,0.062
3.16980e-01,-0.061,0.064
3.16990e-01,-0.055,0.058
3.17000e-01,-0.063,0.064
3.17010e-01,-0.061,0.062
3.17020e-01,-0.061,0.062
3.17030e-01,-0.057,0.06
3.17040e-01,-0.065,0.062
3.17050e-01,-0.057,0.062
3.17060e-01,-0.061,0.06
3.17070e-01,-0.059,0.064
3.17080e-01,-0.059,0.06
3.17090e-01,-0.053,0.06
3.17100e-01,-0.057,0.064
3.17110e-01,-0.051,0.054
3.17120e-01,-0.059,0.066
3.17130e-01,-0.061,0.066
3.17140e-01,-0.049,0.054
3.17150e-01,-0.059,0.064
3.17160e-01,-0.061,0.064
3.17170e-01,-0.055,0.06
3.17180e-01,-0.059,0.066
3.17190e-01,-0.053,0.056
3.17200e-01,-0.059,0.064
3.17210e-01,-0.047,0.052
3.17220e-01,-0.055,0.062
3.17230e-01,-0.059,0.062
3.17240e-01,-0.061,0.062
3.17250e-01,-0.057,0.064
3.17260e-01,-0.055,0.06
3.17270e-01,-0.057,0.062
3.17280e-01,-0.059,0.066
3.17290e-01,-0.061,0.064
3.17300e-01,-0.059,0.066
3.17310e-01,-0.061,0.064
3.17320e-01,-0.055,0.06
3.17330e-01,-0.061,0.06
3.17340e-01,-0.061,0.064
3.17350e-01,-0.053,0.06
3.17360e-01,-0.057,0.062
3.17370e-01,-0.057,0.062
3.17380e-01,-0.061,0.064
3.17390e-01,-0.057,0.064
3.17400e-01,-0.059,0.064
3.17410e-01,-0.061,0.066
3.17420e-01,-0.059,0.066
3.17430e-01,-0.055,0.056
3.17440e-01,-0.059,0.062
3.17450e-01,-0.063,0.064
3.17460e-01,-0.057,0.062
3.17470e-01,-0.061,0.064
3.17480e-01,-0.059,0.06
3.17490e-01,-0.059,0.064
3.17500e-01,-0.061,0.064
3.17510e-01,-0.059,0.06
3.17520e-01,-0.061,0.062
3.17530e-01,-0.055,0.058
3.17540e-01,-0.055,0.066
3.17550e-01,-0.053,0.056
3.17560e-01,-0.059,0.064
3.17570e-01,-0.059,0.062
3.17580e-01,-0.059,0.064
3.17590e-01,-0.059,0.064
3.17600e-01,-0.061,0.066
3.17610e-01,-0.061,0.066
3.17620e-01,-0.061,0.064
3.17630e-01,-0.059,0.062
3.17640e-01,-0.059,0.06
3.17650e-01,-0.059,0.06
3.17660e-01,-0.055,0.056
3.17670e-01,-0.053,0.058
3.17680e-01,-0.055,0.06
3.17690e-01,-0.059,0.06
3.17700e-01,-0.049,0.052
3.17710e-01,-0.045,0.052
3.17720e-01,-0.055,0.06
3.17730e-01,-0.061,0.064
3.17740e-01,-0.059,0.062
3.17750e-01,-0.061,0.06
3.17760e-01,-0.061,0.06
3.17770e-01,-0.047,0.05
3.17780e-01,-0.051,0.06
3.17790e-01,-0.051,0.056
3.17800e-01,-0.057,0.06
3.17810e-01,-0.049,0.058
3.17820e-01,-0.059,0.062
3.17830e-01,-0.057,0.06
3.17840e-01,-0.059,0.062
3.17850e-01,-0.057,0.06
3.17860e-01,-0.057,0.06
3.17870e-01,-0.057,0.062
3.17880e-01,-0.059,0.066
3.17890e-01,-0.059,0.064
3.17900e-01,-0.053,0.06
3.17910e-01,-0.059,0.064
3.17920e-01,-0.059,0.06
3.17930e-01,-0.059,0.062
3.17940e-01,-0.045,0.052
3.17950e-01,-0.055,0.06
3.17960e-01,-0.041,0.052
3.17970e-01,-0.059,0.06
3.17980e-01,-0.059,0.062
3.17990e-01,-0.059,0.064
3.18000e-01,-0.057,0.062
3.18010e-01,-0.059,0.062
3.18020e-01,-0.059,0.064
3.18030e-01,-0.061,0.066
3.18040e-01,-0.055,0.06
3.18050e-01,-0.063,0.064
3.18060e-01,-0.061,0.062
3.18070e-01,-0.063,0.066
3.18080e-01,-0.055,0.06
3.18090e-01,-0.059,0.066
3.18100e-01,-0.059,0.064
3.18110e-01,-0.059,0.062
3.18120e-01,-0.059,0.068
3.18130e-01,-0.059,0.064
3.18140e-01,-0.061,0.062
3.18150e-01,-0.061,0.062
3.18160e-01,-0.059,0.064
3.18170e-01,-0.055,0.062
3.18180e-01,-0.057,0.068
3.18190e-01,-0.049,0.058
3.18200e-01,-0.059,0.062
3.18210e-01,-0.059,0.06
3.18220e-01,-0.057,0.064
3.18230e-01,-0.061,0.062
3.18240e-01,-0.061,0.066
3.18250e-01,-0.061,0.066
3.18260e-01,-0.061,0.062
3.18270e-01,-0.063,0.066
3.18280e-01,-0.063,0.064
3.18290e-01,-0.055,0.064
3.18300e-01,-0.063,0.064
3.18310e-01,-0.061,0.066
3.18320e-01,-0.059,0.06
3.18330e-01,-0.057,0.064
3.18340e-01,-0.059,0.064
3.18350e-01,-0.059,0.064
3.18360e-01,-0.061,0.064
3.18370e-01,-0.063,0.062
3.18380e-01,-0.059,0.064
3.18390e-01,-0.061,0.06
3.18400e-01,-0.059,0.06
3.18410e-01,-0.063,0.064
3.18420e-01,-0.059,0.062
3.18430e-01,-0.061,0.062
3.18440e-01,-0.061,0.064
3.18450e-01,-0.061,0.066
3.18460e-01,-0.061,0.062
3.18470e-01,-0.061,0.064
3.18480e-01,-0.063,0.064
3.18490e-01,-0.057,0.06
3.18500e-01,-0.061,0.06
3.18510e-01,-0.061,0.064
3.18520e-01,-0.059,0.06
3.18530e-01,-0.049,0.054
3.18540e-01,-0.055,0.062
3.18550e-01,-0.057,0.06
3.18560e-01,-0.059,0.06
3.18570e-01,-0.059,0.06
3.18580e-01,-0.059,0.06
3.18590e-01,-0.061,0.066
3.18600e-01,-0.063,0.064
3.18610e-01,-0.059,0.06
3.18620e-01,-0.057,0.062
3.18630e-01,-0.061,0.064
3.18640e-01,-0.061,0.064
3.18650e-01,-0.059,0.064
3.18660e-01,-0.061,0.064
3.18670e-01,-0.063,0.066
3.18680e-01,-0.059,0.064
3.18690e-01,-0.061,0.064
3.18700e-01,-0.059,0.064
3.18710e-01,-0.059,0.064
3.18720e-01,-0.061,0.064
3.18730e-01,-0.063,0.064
3.18740e-01,-0.061,0.064
3.18750e-01,-0.061,0.064
3.18760e-01,-0.057,0.06
3.18770e-01,-0.057,0.064
3.18780e-01,-0.057,0.062
3.18790e-01,-0.057,0.06
3.18800e-01,-0.059,0.062
3.18810e-01,-0.061,0.066
3.18820e-01,-0.059,0.066
3.18830e-01,-0.057,0.062
3.18840e-01,-0.061,0.06
3.18850e-01,-0.061,0.068
3.18860e-01,-0.065,0.066
3.18870e-01,-0.063,0.064
3.18880e-01,-0.063,0.068
3.18890e-01,-0.059,0.062
3.18900e-01,-0.061,0.064
3.18910e-01,-0.057,0.064
3.18920e-01,-0.057,0.06
3.18930e-01,-0.061,0.062
3.18940e-01,-0.053,0.06
3.18950e-01,-0.047,0.056
3.18960e-01,-0.055,0.06
3.18970e-01,-0.049,0.054
3.18980e-01,-0.057,0.064
3.18990e-01,-0.059,0.064
3.19000e-01,-0.055,0.062
3.19010e-01,-0.061,0.064
3.19020e-01,-0.059,0.064
3.19030e-01,-0.061,0.062
3.19040e-01,-0.061,0.064
3.19050e-01,-0.061,0.062
3.19060e-01,-0.061,0.064
3.19070e-01,-0.057,0.06
3.19080e-01,-0.059,0.064
3.19090e-01,-0.063,0.064
3.19100e-01,-0.059,0.066
3.19110e-01,-0.057,0.06
3.19120e-01,-0.061,0.062
3.19130e-01,-0.055,0.062
3.19140e-01,-0.061,0.062
3.19150e-01,-0.063,0.064
3.19160e-01,-0.061,0.062
3.19170e-01,-0.057,0.064
3.19180e-01,-0.057,0.06
3.19190e-01,-0.059,0.062
3.19200e-01,-0.063,0.06
3.19210e-01,-0.059,0.06
3.19220e-01,-0.059,0.066
3.19230e-01,-0.063,0.064
3.19240e-01,-0.059,0.064
3.19250e-01,-0.061,0.062
3.19260e-01,-0.055,0.058
3.19270e-01,-0.061,0.064
3.19280e-01,-0.059,0.064
3.19290e-01,-0.059,0.06
3.19300e-01,-0.059,0.062
3.19310e-01,-0.061,0.06
3.19320e-01,-0.059,0.064
3.19330e-01,-0.061,0.066
3.19340e-01,-0.059,0.064
3.19350e-01,-0.055,0.058
3.19360e-01,-0.053,0.058
3.19370e-01,-0.063,0.064
3.19380e-01,-0.063,0.062
3.19390e-01,-0.061,0.062
3.19400e-01,-0.059,0.062
3.19410e-01,-0.059,0.062
3.19420e-01,-0.065,0.064
3.19430e-01,-0.061,0.066
3.19440e-01,-0.057,0.064
3.19450e-01,-0.059,0.062
3.19460e-01,-0.061,0.064
3.19470e-01,-0.061,0.064
3.19480e-01,-0.065,0.064
3.19490e-01,-0.063,0.064
3.19500e-01,-0.059,0.064
3.19510e-01,-0.061,0.066
3.19520e-01,-0.061,0.066
3.19530e-01,-0.061,0.064
3.19540e-01,-0.061,0.062
3.19550e-01,-0.061,0.062
3.19560e-01,-0.061,0.064
3.19570e-01,-0.061,0.064
3.19580e-01,-0.061,0.062
3.19590e-01,-0.059,0.066
3.19600e-01,-0.059,0.06
3.19610e-01,-0.055,0.06
3.19620e-01,-0.057,0.062
3.19630e-01,-0.061,0.062
3.19640e-01,-0.061,0.064
3.19650e-01,-0.061,0.064
3.19660e-01,-0.055,0.06
3.19670e-01,-0.059,0.064
3.19680e-01,-0.059,0.066
3.19690e-01,-0.061,0.064
3.19700e-01,-0.061,0.064
3.19710e-01,-0.061,0.066
3.19720e-01,-0.061,0.068
3.19730e-01,-0.061,0.068
3.19740e-01,-0.057,0.064
3.19750e-01,-0.059,0.066
3.19760e-01,-0.059,0.068
3.19770e-01,-0.061,0.064
3.19780e-01,-0.061,0.064
3.19790e-01,-0.063,0.064
3.19800e-01,-0.059,0.06
3.19810e-01,-0.065,0.062
3.19820e-01,-0.063,0.062
3.19830e-01,-0.057,0.062
3.19840e-01,-0.063,0.064
3.19850e-01,-0.057,0.062
3.19860e-01,-0.059,0.064
3.19870e-01,-0.061,0.06
3.19880e-01,-0.059,0.064
3.19890e-01,-0.055,0.06
3.19900e-01,-0.059,0.066
3.19910e-01,-0.057,0.06
3.19920e-01,-0.055,0.064
3.19930e-01,-0.059,0.064
3.19940e-01,-0.055,0.06
3.19950e-01,-0.053,0.054
3.19960e-01,-0.053,0.056
3.19970e-01,-0.047,0.052
3.19980e-01,-0.049,0.058
3.19990e-01,-0.057,0.064
3.20000e-01,-0.057,0.06
3.20010e-01,-0.063,0.064
3.20020e-01,-0.053,0.064
3.20030e-01,-0.061,0.064
3.20040e-01,-0.049,0.052
3.20050e-01,-0.059,0.064
3.20060e-01,-0.059,0.062
3.20070e-01,-0.055,0.058
3.20080e-01,-0.057,0.06
3.20090e-01,-0.057,0.06
3.20100e-01,-0.051,0.05
3.20110e-01,-0.061,0.06
3.20120e-01,-0.051,0.06
3.20130e-01,-0.065,0.062
3.20140e-01,-0.057,0.06
3.20150e-01,-0.061,0.064
3.20160e-01,-0.059,0.064
3.20170e-01,-0.061,0.062
3.20180e-01,-0.063,0.064
3.20190e-01,-0.059,0.064
3.20200e-01,-0.051,0.056
3.20210e-01,-0.057,0.064
3.20220e-01,-0.049,0.054
3.20230e-01,-0.065,0.066
3.20240e-01,-0.057,0.062
3.20250e-01,-0.061,0.064
3.20260e-01,-0.057,0.062
3.20270e-01,-0.061,0.066
3.20280e-01,-0.059,0.064
3.20290e-01,-0.055,0.062
3.20300e-01,-0.061,0.064
3.20310e-01,-0.061,0.066
3.20320e-01,-0.063,0.064
3.20330e-01,-0.059,0.064
3.20340e-01,-0.061,0.06
3.20350e-01,-0.061,0.06
3.20360e-01,-0.063,0.066
3.20370e-01,-0.061,0.06
3.20380e-01,-0.059,0.066
3.20390e-01,-0.061,0.064
3.20400e-01,-0.059,0.066
3.20410e-01,-0.061,0.066
3.20420e-01,-0.059,0.064
3.20430e-01,-0.063,0.064
3.20440e-01,-0.065,0.064
3.20450e-01,-0.059,0.06
3.20460e-01,-0.063,0.064
3.20470e-01,-0.051,0.06
3.20480e-01,-0.063,0.064
3.20490e-01,-0.059,0.062
3.20500e-01,-0.063,0.064
3.20510e-01,-0.059,0.064
3.20520e-01,-0.063,0.062
3.20530e-01,-0.061,0.064
3.20540e-01,-0.059,0.062
3.20550e-01,-0.059,0.064
3.20560e-01,-0.059,0.068
3.20570e-01,-0.061,0.064
3.20580e-01,-0.061,0.064
3.20590e-01,-0.061,0.062
3.20600e-01,-0.063,0.064
3.20610e-01,-0.061,0.066
3.20620e-01,-0.059,0.068
3.20630e-01,-0.061,0.064
3.20640e-01,-0.059,0.064
3.20650e-01,-0.059,0.066
3.20660e-01,-0.059,0.064
3.20670e-01,-0.061,0.066
3.20680e-01,-0.061,0.06
3.20690e-01,-0.061,0.066
3.20700e-01,-0.065,0.062
3.20710e-01,-0.063,0.068
3.20720e-01,-0.061,0.064
3.20730e-01,-0.057,0.064
3.20740e-01,-0.059,0.066
3.20750e-01,-0.061,0.068
3.20760e-01,-0.059,0.064
3.20770e-01,-0.061,0.062
3.20780e-01,-0.061,0.062
3.20790e-01,-0.057,0.064
3.20800e-01,-0.059,0.064
3.20810e-01,-0.061,0.068
3.20820e-01,-0.061,0.06
3.20830e-01,-0.063,0.064
3.20840e-01,-0.059,0.064
3.20850e-01,-0.057,0.06
3.20860e-01,-0.061,0.062
3.20870e-01,-0.063,0.066
3.20880e-01,-0.059,0.062
3.20890e-01,-0.059,0.064
3.20900e-01,-0.051,0.056
3.20910e-01,-0.057,0.06
3.20920e-01,-0.055,0.058
3.20930e-01,-0.057,0.064
3.20940e-01,-0.053,0.06
3.20950e-01,-0.061,0.062
3.20960e-01,-0.059,0.062
3.20970e-01,-0.059,0.066
3.20980e-01,-0.059,0.06
3.20990e-01,-0.057,0.064
3.21000e-01,-0.061,0.062
3.21010e-01,-0.061,0.062
3.21020e-01,-0.061,0.062
3.21030e-01,-0.065,0.062
3.21040e-01,-0.063,0.064
3.21050e-01,-0.061,0.064
3.21060e-01,-0.059,0.062
3.21070e-01,-0.061,0.066
3.21080e-01,-0.063,0.064
3.21090e-01,-0.055,0.06
3.21100e-01,-0.059,0.064
3.21110e-01,-0.061,0.062
3.21120e-01,-0.063,0.064
3.21130e-01,-0.059,0.068
3.21140e-01,-0.053,0.058
3.21150e-01,-0.059,0.062
3.21160e-01,-0.055,0.06
3.21170e-01,-0.063,0.066
3.21180e-01,-0.047,0.058
3.21190e-01,-0.063,0.062
3.21200e-01,-0.055,0.062
3.21210e-01,-0.055,0.06
3.21220e-01,-0.061,0.064
3.21230e-01,-0.059,0.062
3.21240e-01,-0.061,0.064
3.21250e-01,-0.061,0.064
3.21260e-01,-0.061,0.064
3.21270e-01,-0.063,0.062
3.21280e-01,-0.059,0.062
3.21290e-01,-0.065,0.064
3.21300e-01,-0.061,0.064
3.21310e-01,-0.059,0.06
3.21320e-01,-0.059,0.064
3.21330e-01,-0.059,0.064
3.21340e-01,-0.061,0.066
3.21350e-01,-0.061,0.064
3.21360e-01,-0.053,0.058
3.21370e-01,-0.051,0.054
3.21380e-01,-0.059,0.06
3.21390e-01,-0.063,0.064
3.21400e-01,-0.057,0.066
3.21410e-01,-0.061,0.06
3.21420e-01,-0.061,0.064
3.21430e-01,-0.059,0.068
3.21440e-01,-0.061,0.064
3.21450e-01,-0.063,0.068
3.21460e-01,-0.059,0.066
3.21470e-01,-0.059,0.064
3.21480e-01,-0.053,0.06
3.21490e-01,-0.055,0.06
3.21500e-01,-0.059,0.064
3.21510e-01,-0.059,0.064
3.21520e-01,-0.059,0.06
3.21530e-01,-0.061,0.064
3.21540e-01,-0.059,0.068
3.21550e-01,-0.061,0.066
3.21560e-01,-0.061,0.064
3.21570e-01,-0.061,0.064
3.21580e-01,-0.059,0.068
3.21590e-01,-0.061,0.062
3.21600e-01,-0.059,0.064
3.21610e-01,-0.061,0.064
3.21620e-01,-0.059,0.068
3.21630e-01,-0.061,0.066
3.21640e-01,-0.063,0.062
3.21650e-01,-0.057,0.062
3.21660e-01,-0.061,0.066
3.21670e-01,-0.055,0.062
3.21680e-01,-0.057,0.062
3.21690e-01,-0.057,0.06
3.21700e-01,-0.061,0.062
3.21710e-01,-0.059,0.064
3.21720e-01,-0.061,0.062
3.21730e-01,-0.057,0.062
3.21740e-01,-0.057,0.062
3.21750e-01,-0.055,0.06
3.21760e-01,-0.061,0.064
3.21770e-01,-0.059,0.06
3.21780e-01,-0.059,0.06
3.21790e-01,-0.063,0.064
3.21800e-01,-0.061,0.062
3.21810e-01,-0.063,0.062
3.21820e-01,-0.055,0.06
3.21830e-01,-0.059,0.064
3.21840e-01,-0.059,0.062
3.21850e-01,-0.063,0.062
3.21860e-01,-0.059,0.064
3.21870e-01,-0.059,0.064
3.21880e-01,-0.055,0.064
3.21890e-01,-0.055,0.06
3.21900e-01,-0.055,0.058
3.21910e-01,-0.055,0.06
3.21920e-01,-0.063,0.064
3.21930e-01,-0.061,0.064
3.21940e-01,-0.063,0.064
3.21950e-01,-0.059,0.06
3.21960e-01,-0.057,0.062
3.21970e-01,-0.061,0.06
3.21980e-01,-0.061,0.066
3.21990e-01,-0.055,0.062
3.22000e-01,-0.057,0.064
3.22010e-01,-0.061,0.064
3.22020e-01,-0.059,0.064
3.22030e-01,-0.057,0.06
3.22040e-01,-0.063,0.066
3.22050e-01,-0.061,0.064
3.22060e-01,-0.061,0.066
3.22070e-01,-0.063,0.062
3.22080e-01,-0.061,0.062
3.22090e-01,-0.061,0.064
3.22100e-01,-0.057,0.064
3.22110e-01,-0.059,0.064
3.22120e-01,-0.061,0.064
3.22130e-01,-0.063,0.068
3.22140e-01,-0.061,0.064
3.22150e-01,-0.057,0.06
3.22160e-01,-0.047,0.052
3.22170e-01,-0.049,0.054
3.22180e-01,-0.061,0.062
3.22190e-01,-0.063,0.064
3.22200e-01,-0.063,0.062
3.22210e-01,-0.061,0.064
3.22220e-01,-0.059,0.062
3.22230e-01,-0.059,0.066
3.22240e-01,-0.057,0.066
3.22250e-01,-0.057,0.064
3.22260e-01,-0.057,0.064
3.22270e-01,-0.063,0.066
3.22280e-01,-0.057,0.064
3.22290e-01,-0.059,0.062
3.22300e-01,-0.047,0.052
3.22310e-01,-0.063,0.064
3.22320e-01,-0.061,0.062
3.22330e-01,-0.061,0.066
3.22340e-01,-0.059,0.064
3.22350e-01,-0.053,0.06
3.22360e-01,-0.047,0.054
3.22370e-01,-0.047,0.056
3.22380e-01,-0.045,0.052
3.22390e-01,-0.049,0.058
3.22400e-01,-0.045,0.052
3.22410e-01,-0.051,0.054
3.22420e-01,-0.061,0.06
3.22430e-01,-0.059,0.064
3.22440e-01,-0.055,0.062
3.22450e-01,-0.061,0.068
3.22460e-01,-0.057,0.062
3.22470e-01,-0.057,0.064
3.22480e-01,-0.059,0.06
3.22490e-01,-0.059,0.062
3.22500e-01,-0.059,0.062
3.22510e-01,-0.063,0.062
3.22520e-01,-0.059,0.064
3.22530e-01,-0.059,0.064
3.22540e-01,-0.059,0.064
3.22550e-01,-0.061,0.06
3.22560e-01,-0.061,0.066
3.22570e-01,-0.061,0.062
3.22580e-01,-0.059,0.064
3.22590e-01,-0.057,0.062
3.22600e-01,-0.061,0.066
3.22610e-01,-0.059,0.062
3.22620e-01,-0.061,0.064
3.22630e-01,-0.057,0.064
3.22640e-01,-0.061,0.066
3.22650e-01,-0.055,0.06
3.22660e-01,-0.059,0.06
3.22670e-01,-0.057,0.06
3.22680e-01,-0.057,0.06
3.22690e-01,-0.059,0.064
3.22700e-01,-0.055,0.06
3.22710e-01,-0.063,0.062
3.22720e-01,-0.061,0.064
3.22730e-01,-0.059,0.062
3.22740e-01,-0.059,0.064
3.22750e-01,-0.061,0.064
3.22760e-01,-0.059,0.064
3.22770e-01,-0.059,0.064
3.22780e-01,-0.055,0.06
3.22790e-01,-0.057,0.064
3.22800e-01,-0.057,0.064
3.22810e-01,-0.061,0.064
3.22820e-01,-0.057,0.064
3.22830e-01,-0.061,0.066
3.22840e-01,-0.059,0.06
3.22850e-01,-0.059,0.06
3.22860e-01,-0.061,0.062
3.22870e-01,-0.065,0.066
3.22880e-01,-0.055,0.06
3.22890e-01,-0.059,0.066
3.22900e-01,-0.059,0.06
3.22910e-01,-0.061,0.062
3.22920e-01,-0.061,0.062
3.22930e-01,-0.059,0.062
3.22940e-01,-0.061,0.064
3.22950e-01,-0.061,0.068
3.22960e-01,-0.059,0.062
3.22970e-01,-0.061,0.064
3.22980e-01,-0.061,0.064
3.22990e-01,-0.059,0.064
3.23000e-01,-0.059,0.066
3.23010e-01,-0.055,0.058
3.23020e-01,-0.057,0.064
3.23030e-01,-0.061,0.064
3.23040e-01,-0.059,0.06
3.23050e-01,-0.061,0.06
3.23060e-01,-0.059,0.062
3.23070e-01,-0.055,0.056
3.23080e-01,-0.057,0.06
3.23090e-01,-0.061,0.066
3.23100e-01,-0.059,0.06
3.23110e-01,-0.057,0.064
3.23120e-01,-0.061,0.062
3.23130e-01,-0.061,0.064
3.23140e-01,-0.061,0.066
3.23150e-01,-0.061,0.064
3.23160e-01,-0.061,0.064
3.23170e-01,-0.061,0.06
3.23180e-01,-0.059,0.066
3.23190e-01,-0.053,0.06
3.23200e-01,-0.061,0.064
3.23210e-01,-0.055,0.06
3.23220e-01,-0.057,0.062
3.23230e-01,-0.059,0.06
3.23240e-01,-0.059,0.068
3.23250e-01,-0.057,0.062
3.23260e-01,-0.061,0.066
3.23270e-01,-0.063,0.066
3.23280e-01,-0.059,0.062
3.23290e-01,-0.055,0.06
3.23300e-01,-0.057,0.06
3.23310e-01,-0.059,0.066
3.23320e-01,-0.053,0.06
3.23330e-01,-0.059,0.06
3.23340e-01,-0.061,0.066
3.23350e-01,-0.061,0.066
3.23360e-01,-0.057,0.06
3.23370e-01,-0.059,0.062
3.23380e-01,-0.059,0.062
3.23390e-01,-0.063,0.066
3.23400e-01,-0.057,0.062
3.23410e-01,-0.061,0.064
3.23420e-01,-0.059,0.064
3.23430e-01,-0.061,0.064
3.23440e-01,-0.049,0.058
3.23450e-01,-0.059,0.062
3.23460e-01,-0.059,0.064
3.23470e-01,-0.059,0.062
3.23480e-01,-0.059,0.064
3.23490e-01,-0.051,0.06
3.23500e-01,-0.057,0.06
3.23510e-01,-0.057,0.06
3.23520e-01,-0.059,0.06
3.23530e-01,-0.061,0.066
3.23540e-01,-0.061,0.064
3.23550e-01,-0.061,0.064
3.23560e-01,-0.055,0.062
3.23570e-01,-0.061,0.062
3.23580e-01,-0.057,0.062
3.23590e-01,-0.063,0.064
3.23600e-01,-0.053,0.058
3.23610e-01,-0.057,0.062
3.23620e-01,-0.061,0.066
3.23630e-01,-0.061,0.062
3.23640e-01,-0.059,0.062
3.23650e-01,-0.061,0.062
3.23660e-01,-0.059,0.064
3.23670e-01,-0.059,0.06
3.23680e-01,-0.059,0.064
3.23690e-01,-0.059,0.064
3.23700e-01,-0.061,0.064
3.23710e-01,-0.059,0.068
3.23720e-01,-0.059,0.064
3.23730e-01,-0.063,0.062
3.23740e-01,-0.061,0.064
3.23750e-01,-0.057,0.066
3.23760e-01,-0.063,0.064
3.23770e-01,-0.063,0.064
3.23780e-01,-0.061,0.068
3.23790e-01,-0.057,0.06
3.23800e-01,-0.059,0.062
3.23810e-01,-0.061,0.064
3.23820e-01,-0.057,0.062
3.23830e-01,-0.053,0.056
3.23840e-01,-0.063,0.064
3.23850e-01,-0.061,0.062
3.23860e-01,-0.065,0.064
3.23870e-01,-0.063,0.064
3.23880e-01,-0.059,0.064
3.23890e-01,-0.057,0.064
3.23900e-01,-0.063,0.064
3.23910e-01,-0.059,0.064
3.23920e-01,-0.061,0.064
3.23930e-01,-0.061,0.064
3.23940e-01,-0.059,0.06
3.23950e-01,-0.059,0.062
3.23960e-01,-0.061,0.06
3.23970e-01,-0.061,0.062
3.23980e-01,-0.059,0.066
3.23990e-01,-0.059,0.062
3.24000e-01,-0.057,0.058
3.24010e-01,-0.061,0.062
3.24020e-01,-0.057,0.064
3.24030e-01,-0.059,0.06
3.24040e-01,-0.061,0.066
3.24050e-01,-0.059,0.06
3.24060e-01,-0.055,0.058
3.24070e-01,-0.055,0.064
3.24080e-01,-0.059,0.064
3.24090e-01,-0.055,0.06
3.24100e-01,-0.061,0.064
3.24110e-01,-0.059,0.062
3.24120e-01,-0.061,0.066
3.24130e-01,-0.059,0.066
3.24140e-01,-0.059,0.064
3.24150e-01,-0.061,0.062
3.24160e-01,-0.061,0.064
3.24170e-01,-0.061,0.066
3.24180e-01,-0.057,0.068
3.24190e-01,-0.059,0.064
3.24200e-01,-0.059,0.06
3.24210e-01,-0.059,0.064
3.24220e-01,-0.059,0.066
3.24230e-01,-0.061,0.064
3.24240e-01,-0.057,0.066
3.24250e-01,-0.061,0.062
3.24260e-01,-0.061,0.064
3.24270e-01,-0.059,0.062
3.24280e-01,-0.063,0.068
3.24290e-01,-0.061,0.062
3.24300e-01,-0.061,0.066
3.24310e-01,-0.057,0.06
3.24320e-01,-0.061,0.064
3.24330e-01,-0.041,0.046
3.24340e-01,-0.057,0.06
3.24350e-01,-0.055,0.06
3.24360e-01,-0.059,0.064
3.24370e-01,-0.063,0.064
3.24380e-01,-0.059,0.064
3.24390e-01,-0.059,0.062
3.24400e-01,-0.057,0.06
3.24410e-01,-0.061,0.062
3.24420e-01,-0.057,0.06
3.24430e-01,-0.061,0.062
3.24440e-01,-0.061,0.064
3.24450e-01,-0.059,0.066
3.24460e-01,-0.061,0.06
3.24470e-01,-0.053,0.054
3.24480e-01,-0.061,0.064
3.24490e-01,-0.041,0.054
3.24500e-01,-0.053,0.056
3.24510e-01,-0.043,0.054
3.24520e-01,-0.061,0.066
3.24530e-01,-0.057,0.064
3.24540e-01,-0.059,0.064
3.24550e-01,-0.059,0.062
3.24560e-01,-0.061,0.06
3.24570e-01,-0.059,0.064
3.24580e-01,-0.057,0.062
3.24590e-01,-0.059,0.064
3.24600e-01,-0.051,0.06
3.24610e-01,-0.061,0.06
3.24620e-01,-0.043,0.052
3.24630e-01,-0.061,0.064
3.24640e-01,-0.059,0.062
3.24650e-01,-0.061,0.064
3.24660e-01,-0.061,0.06
3.24670e-01,-0.055,0.062
3.24680e-01,-0.059,0.062
3.24690e-01,-0.055,0.064
3.24700e-01,-0.057,0.06
3.24710e-01,-0.059,0.064
3.24720e-01,-0.059,0.06
3.24730e-01,-0.061,0.064
3.24740e-01,-0.057,0.06
3.24750e-01,-0.061,0.06
3.24760e-01,-0.061,0.066
3.24770e-01,-0.059,0.064
3.24780e-01,-0.057,0.06
3.24790e-01,-0.061,0.062
3.24800e-01,-0.057,0.064
3.24810e-01,-0.055,0.06
3.24820e-01,-0.059,0.06
3.24830e-01,-0.061,0.062
3.24840e-01,-0.059,0.062
3.24850e-01,-0.057,0.062
3.24860e-01,-0.059,0.062
3.24870e-01,-0.057,0.06
3.24880e-01,-0.059,0.06
3.24890e-01,-0.055,0.062
3.24900e-01,-0.059,0.06
3.24910e-01,-0.059,0.062
3.24920e-01,-0.059,0.064
3.24930e-01,-0.061,0.064
3.24940e-01,-0.061,0.064
3.24950e-01,-0.061,0.064
3.24960e-01,-0.059,0.062
3.24970e-01,-0.059,0.06
3.24980e-01,-0.061,0.062
3.24990e-01,-0.059,0.062
3.25000e-01,-0.061,0.066
3.25010e-01,-0.057,0.062
3.25020e-01,-0.059,0.062
3.25030e-01,-0.055,0.06
3.25040e-01,-0.059,0.062
3.25050e-01,-0.059,0.062
3.25060e-01,-0.063,0.062
3.25070e-01,-0.059,0.062
3.25080e-01,-0.049,0.054
3.25090e-01,-0.055,0.058
3.25100e-01,-0.057,0.062
3.25110e-01,-0.065,0.064
3.25120e-01,-0.055,0.06
3.25130e-01,-0.057,0.062
3.25140e-01,-0.057,0.066
3.25150e-01,-0.059,0.062
3.25160e-01,-0.061,0.064
3.25170e-01,-0.055,0.06
3.25180e-01,-0.063,0.064
3.25190e-01,-0.059,0.06
3.25200e-01,-0.059,0.06
3.25210e-01,-0.057,0.06
3.25220e-01,-0.061,0.064
3.25230e-01,-0.055,0.06
3.25240e-01,-0.055,0.056
3.25250e-01,-0.063,0.064
3.25260e-01,-0.053,0.056
3.25270e-01,-0.057,0.062
3.25280e-01,-0.063,0.064
3.25290e-01,-0.061,0.064
3.25300e-01,-0.057,0.064
3.25310e-01,-0.061,0.064
3.25320e-01,-0.061,0.066
3.25330e-01,-0.063,0.062
3.25340e-01,-0.059,0.06
3.25350e-01,-0.059,0.064
3.25360e-01,-0.055,0.064
3.25370e-01,-0.059,0.064
3.25380e-01,-0.059,0.062
3.25390e-01,-0.059,0.062
3.25400e-01,-0.061,0.064
3.25410e-01,-0.063,0.064
3.25420e-01,-0.061,0.064
3.25430e-01,-0.057,0.062
3.25440e-01,-0.055,0.06
3.25450e-01,-0.055,0.06
3.25460e-01,-0.059,0.06
3.25470e-01,-0.061,0.068
3.25480e-01,-0.061,0.066
3.25490e-01,-0.059,0.064
3.25500e-01,-0.059,0.064
3.25510e-01,-0.061,0.062
3.25520e-01,-0.063,0.062
3.25530e-01,-0.059,0.064
3.25540e-01,-0.063,0.064
3.25550e-01,-0.053,0.056
3.25560e-01,-0.061,0.064
3.25570e-01,-0.057,0.064
3.25580e-01,-0.059,0.064
3.25590e-01,-0.061,0.064
3.25600e-01,-0.055,0.06
3.25610e-01,-0.059,0.066
3.25620e-01,-0.055,0.06
3.25630e-01,-0.057,0.062
3.25640e-01,-0.059,0.064
3.25650e-01,-0.063,0.066
3.25660e-01,-0.061,0.066
3.25670e-01,-0.059,0.064
3.25680e-01,-0.057,0.06
3.25690e-01,-0.057,0.068
3.25700e-01,-0.059,0.062
3.25710e-01,-0.063,0.062
3.25720e-01,-0.051,0.058
3.25730e-01,-0.059,0.064
3.25740e-01,-0.061,0.064
3.25750e-01,-0.059,0.066
3.25760e-01,-0.063,0.066
3.25770e-01,-0.057,0.06
3.25780e-01,-0.061,0.062
3.25790e-01,-0.063,0.066
3.25800e-01,-0.061,0.064
3.25810e-01,-0.059,0.062
3.25820e-01,-0.059,0.064
3.25830e-01,-0.061,0.062
3.25840e-01,-0.055,0.062
3.25850e-01,-0.053,0.058
3.25860e-01,-0.061,0.066
3.25870e-01,-0.051,0.06
3.25880e-01,-0.055,0.058
3.25890e-01,-0.055,0.06
3.25900e-01,-0.059,0.062
3.25910e-01,-0.059,0.062
3.25920e-01,-0.061,0.06
3.25930e-01,-0.063,0.064
3.25940e-01,-0.061,0.06
3.25950e-01,-0.061,0.066
3.25960e-01,-0.057,0.058
3.25970e-01,-0.061,0.064
3.25980e-01,-0.059,0.064
3.25990e-01,-0.061,0.06
3.26000e-01,-0.055,0.06
3.26010e-01,-0.057,0.06
3.26020e-01,-0.061,0.06
3.26030e-01,-0.063,0.062
3.26040e-01,-0.059,0.062
3.26050e-01,-0.059,0.064
3.26060e-01,-0.051,0.06
3.26070e-01,-0.055,0.062
3.26080e-01,-0.045,0.054
3.26090e-01,-0.059,0.064
3.26100e-01,-0.057,0.058
3.26110e-01,-0.045,0.052
3.26120e-01,-0.059,0.064
3.26130e-01,-0.059,0.06
3.26140e-01,-0.057,0.064
3.26150e-01,-0.059,0.066
3.26160e-01,-0.063,0.068
3.26170e-01,-0.059,0.064
3.26180e-01,-0.061,0.064
3.26190e-01,-0.059,0.064
3.26200e-01,-0.063,0.064
3.26210e-01,-0.061,0.06
3.26220e-01,-0.065,0.064
3.26230e-01,-0.059,0.064
3.26240e-01,-0.059,0.064
3.26250e-01,-0.059,0.066
3.26260e-01,-0.059,0.064
3.26270e-01,-0.059,0.064
3.26280e-01,-0.059,0.06
3.26290e-01,-0.057,0.064
3.26300e-01,-0.055,0.062
3.26310e-01,-0.061,0.064
3.26320e-01,-0.045,0.054
3.26330e-01,-0.053,0.058
3.26340e-01,-0.049,0.052
3.26350e-01,-0.049,0.052
3.26360e-01,-0.059,0.062
3.26370e-01,-0.061,0.064
3.26380e-01,-0.057,0.062
3.26390e-01,-0.061,0.066
3.26400e-01,-0.059,0.066
3.26410e-01,-0.063,0.064
3.26420e-01,-0.061,0.064
3.26430e-01,-0.059,0.062
3.26440e-01,-0.061,0.064
3.26450e-01,-0.059,0.066
3.26460e-01,-0.059,0.062
3.26470e-01,-0.059,0.064
3.26480e-01,-0.061,0.062
3.26490e-01,-0.057,0.062
3.26500e-01,-0.061,0.064
3.26510e-01,-0.061,0.064
3.26520e-01,-0.063,0.066
3.26530e-01,-0.063,0.064
3.26540e-01,-0.059,0.06
3.26550e-01,-0.061,0.066
3.26560e-01,-0.061,0.066
3.26570e-01,-0.059,0.066
3.26580e-01,-0.059,0.062
3.26590e-01,-0.063,0.06
3.26600e-01,-0.065,0.062
3.26610e-01,-0.057,0.06
3.26620e-01,-0.063,0.064
3.26630e-01,-0.055,0.06
3.26640e-01,-0.061,0.064
3.26650e-01,-0.059,0.064
3.26660e-01,-0.057,0.064
3.26670e-01,-0.057,0.06
3.26680e-01,-0.061,0.066
3.26690e-01,-0.059,0.062
3.26700e-01,-0.051,0.06
3.26710e-01,-0.061,0.062
3.26720e-01,-0.059,0.064
3.26730e-01,-0.059,0.062
3.26740e-01,-0.057,0.06
3.26750e-01,-0.061,0.066
3.26760e-01,-0.059,0.06
3.26770e-01,-0.057,0.06
3.26780e-01,-0.059,0.062
3.26790e-01,-0.055,0.062
3.26800e-01,-0.061,0.06
3.26810e-01,-0.061,0.062
3.26820e-01,-0.059,0.066
3.26830e-01,-0.061,0.064
3.26840e-01,-0.061,0.064
3.26850e-01,-0.063,0.062
3.26860e-01,-0.061,0.064
3.26870e-01,-0.047,0.054
3.26880e-01,-0.061,0.064
3.26890e-01,-0.055,0.06
3.26900e-01,-0.057,0.06
3.26910e-01,-0.047,0.052
3.26920e-01,-0.063,0.064
3.26930e-01,-0.053,0.06
3.26940e-01,-0.059,0.064
3.26950e-01,-0.051,0.054
3.26960e-01,-0.055,0.062
3.26970e-01,-0.059,0.06
3.26980e-01,-0.053,0.058
3.26990e-01,-0.061,0.062
3.27000e-01,-0.059,0.062
3.27010e-01,-0.059,0.064
3.27020e-01,-0.055,0.06
3.27030e-01,-0.055,0.06
3.27040e-01,-0.051,0.06
3.27050e-01,-0.063,0.062
3.27060e-01,-0.053,0.06
3.27070e-01,-0.059,0.064
3.27080e-01,-0.057,0.06
3.27090e-01,-0.059,0.062
3.27100e-01,-0.059,0.064
3.27110e-01,-0.061,0.062
3.27120e-01,-0.059,0.06
3.27130e-01,-0.061,0.064
3.27140e-01,-0.059,0.06
3.27150e-01,-0.053,0.058
3.27160e-01,-0.059,0.062
3.27170e-01,-0.057,0.064
3.27180e-01,-0.057,0.06
3.27190e-01,-0.061,0.062
3.27200e-01,-0.055,0.06
3.27210e-01,-0.059,0.064
3.27220e-01,-0.061,0.062
3.27230e-01,-0.063,0.064
3.27240e-01,-0.065,0.066
3.27250e-01,-0.061,0.064
3.27260e-01,-0.057,0.06
3.27270e-01,-0.063,0.07
3.27280e-01,-0.063,0.064
3.27290e-01,-0.065,0.062
3.27300e-01,-0.057,0.06
3.27310e-01,-0.061,0.064
3.27320e-01,-0.057,0.064
3.27330e-01,-0.061,0.064
3.27340e-01,-0.053,0.056
3.27350e-01,-0.059,0.066
3.27360e-01,-0.057,0.064
3.27370e-01,-0.061,0.062
3.27380e-01,-0.059,0.066
3.27390e-01,-0.061,0.064
3.27400e-01,-0.061,0.062
3.27410e-01,-0.057,0.064
3.27420e-01,-0.053,0.06
3.27430e-01,-0.053,0.058
3.27440e-01,-0.059,0.066
3.27450e-01,-0.057,0.062
3.27460e-01,-0.059,0.062
3.27470e-01,-0.059,0.064
3.27480e-01,-0.061,0.066
3.27490e-01,-0.057,0.06
3.27500e-01,-0.059,0.066
3.27510e-01,-0.057,0.06
3.27520e-01,-0.061,0.062
3.27530e-01,-0.059,0.066
3.27540e-01,-0.049,0.056
3.27550e-01,-0.061,0.064
3.27560e-01,-0.061,0.062
3.27570e-01,-0.055,0.06
3.27580e-01,-0.061,0.064
3.27590e-01,-0.059,0.064
3.27600e-01,-0.059,0.066
3.27610e-01,-0.061,0.068
3.27620e-01,-0.063,0.06
3.27630e-01,-0.065,0.064
3.27640e-01,-0.061,0.064
3.27650e-01,-0.057,0.062
3.27660e-01,-0.061,0.064
3.27670e-01,-0.059,0.06
3.27680e-01,-0.061,0.062
3.27690e-01,-0.055,0.06
3.27700e-01,-0.063,0.068
3.27710e-01,-0.059,0.06
3.27720e-01,-0.061,0.062
3.27730e-01,-0.061,0.06
3.27740e-01,-0.063,0.066
3.27750e-01,-0.059,0.064
3.27760e-01,-0.061,0.062
3.27770e-01,-0.055,0.06
3.27780e-01,-0.061,0.064
3.27790e-01,-0.051,0.06
3.27800e-01,-0.065,0.066
3.27810e-01,-0.059,0.062
3.27820e-01,-0.053,0.058
3.27830e-01,-0.057,0.064
3.27840e-01,-0.057,0.06
3.27850e-01,-0.055,0.062
3.27860e-01,-0.063,0.062
3.27870e-01,-0.059,0.062
3.27880e-01,-0.059,0.064
3.27890e-01,-0.053,0.06
3.27900e-01,-0.059,0.06
3.27910e-01,-0.045,0.052
3.27920e-01,-0.061,0.064
3.27930e-01,-0.057,0.062
3.27940e-01,-0.061,0.06
3.27950e-01,-0.055,0.058
3.27960e-01,-0.061,0.066
3.27970e-01,-0.059,0.06
3.27980e-01,-0.059,0.064
3.27990e-01,-0.061,0.062
3.28000e-01,-0.057,0.064
3.28010e-01,-0.061,0.064
3.28020e-01,-0.059,0.064
3.28030e-01,-0.057,0.062
3.28040e-01,-0.059,0.064
3.28050e-01,-0.059,0.06
3.28060e-01,-0.059,0.06
3.28070e-01,-0.063,0.066
3.28080e-01,-0.059,0.062
3.28090e-01,-0.057,0.062
3.28100e-01,-0.061,0.06
3.28110e-01,-0.061,0.064
3.28120e-01,-0.059,0.066
3.28130e-01,-0.061,0.064
3.28140e-01,-0.061,0.062
3.28150e-01,-0.059,0.06
3.28160e-01,-0.057,0.062
3.28170e-01,-0.059,0.062
3.28180e-01,-0.055,0.056
3.28190e-01,-0.061,0.066
3.28200e-01,-0.055,0.062
3.28210e-01,-0.063,0.066
3.28220e-01,-0.059,0.064
3.28230e-01,-0.059,0.066
3.28240e-01,-0.063,0.064
3.28250e-01,-0.059,0.06
3.28260e-01,-0.061,0.064
3.28270e-01,-0.055,0.064
3.28280e-01,-0.059,0.062
3.28290e-01,-0.059,0.068
3.28300e-01,-0.059,0.064
3.28310e-01,-0.057,0.062
3.28320e-01,-0.059,0.062
3.28330e-01,-0.065,0.062
3.28340e-01,-0.057,0.062
3.28350e-01,-0.057,0.06
3.28360e-01,-0.059,0.062
3.28370e-01,-0.051,0.054
3.28380e-01,-0.057,0.06
3.28390e-01,-0.049,0.054
3.28400e-01,-0.057,0.06
3.28410e-01,-0.061,0.064
3.28420e-01,-0.061,0.064
3.28430e-01,-0.061,0.066
3.28440e-01,-0.061,0.064
3.28450e-01,-0.059,0.064
3.28460e-01,-0.061,0.062
3.28470e-01,-0.057,0.066
3.28480e-01,-0.059,0.064
3.28490e-01,-0.061,0.064
3.28500e-01,-0.059,0.066
3.28510e-01,-0.063,0.064
3.28520e-01,-0.063,0.066
3.28530e-01,-0.061,0.064
3.28540e-01,-0.059,0.06
3.28550e-01,-0.059,0.06
3.28560e-01,-0.057,0.06
3.28570e-01,-0.059,0.062
3.28580e-01,-0.055,0.062
3.28590e-01,-0.059,0.064
3.28600e-01,-0.061,0.062
3.28610e-01,-0.061,0.064
3.28620e-01,-0.061,0.062
3.28630e-01,-0.059,0.068
3.28640e-01,-0.059,0.062
3.28650e-01,-0.059,0.064
3.28660e-01,-0.059,0.062
3.28670e-01,-0.061,0.062
3.28680e-01,-0.057,0.06
3.28690e-01,-0.061,0.064
3.28700e-01,-0.059,0.062
3.28710e-01,-0.061,0.064
3.28720e-01,-0.059,0.062
3.28730e-01,-0.055,0.058
3.28740e-01,-0.057,0.06
3.28750e-01,-0.053,0.058
3.28760e-01,-0.059,0.062
3.28770e-01,-0.059,0.064
3.28780e-01,-0.059,0.062
3.28790e-01,-0.055,0.062
3.28800e-01,-0.059,0.064
3.28810e-01,-0.057,0.06
3.28820e-01,-0.063,0.064
3.28830e-01,-0.061,0.064
3.28840e-01,-0.051,0.06
3.28850e-01,-0.057,0.06
3.28860e-01,-0.061,0.064
3.28870e-01,-0.059,0.064
3.28880e-01,-0.055,0.06
3.28890e-01,-0.057,0.06
3.28900e-01,-0.061,0.062
3.28910e-01,-0.063,0.062
3.28920e-01,-0.057,0.062
3.28930e-01,-0.061,0.066
3.28940e-01,-0.059,0.064
3.28950e-01,-0.049,0.058
3.28960e-01,-0.055,0.06
3.28970e-01,-0.049,0.052
3.28980e-01,-0.057,0.064
3.28990e-01,-0.045,0.058
3.29000e-01,-0.063,0.062
3.29010e-01,-0.049,0.054
3.29020e-01,-0.051,0.058
3.29030e-01,-0.059,0.062
3.29040e-01,-0.057,0.064
3.29050e-01,-0.053,0.06
3.29060e-01,-0.061,0.062
3.29070e-01,-0.059,0.064
3.29080e-01,-0.063,0.064
3.29090e-01,-0.057,0.062
3.29100e-01,-0.063,0.064
3.29110e-01,-0.063,0.064
3.29120e-01,-0.053,0.06
3.29130e-01,-0.055,0.064
3.29140e-01,-0.061,0.062
3.29150e-01,-0.053,0.06
3.29160e-01,-0.061,0.064
3.29170e-01,-0.047,0.05
3.29180e-01,-0.049,0.058
3.29190e-01,-0.055,0.06
3.29200e-01,-0.049,0.056
3.29210e-01,-0.055,0.06
3.29220e-01,-0.055,0.058
3.29230e-01,-0.061,0.062
3.29240e-01,-0.061,0.062
3.29250e-01,-0.055,0.062
3.29260e-01,-0.061,0.064
3.29270e-01,-0.061,0.064
3.29280e-01,-0.059,0.064
3.29290e-01,-0.049,0.058
3.29300e-01,-0.057,0.06
3.29310e-01,-0.057,0.062
3.29320e-01,-0.057,0.066
3.29330e-01,-0.063,0.064
3.29340e-01,-0.055,0.06
3.29350e-01,-0.061,0.064
3.29360e-01,-0.057,0.06
3.29370e-01,-0.061,0.068
3.29380e-01,-0.059,0.062
3.29390e-01,-0.059,0.064
3.29400e-01,-0.059,0.064
3.29410e-01,-0.061,0.064
3.29420e-01,-0.063,0.064
3.29430e-01,-0.057,0.06
3.29440e-01,-0.057,0.062
3.29450e-01,-0.055,0.064
3.29460e-01,-0.055,0.06
3.29470e-01,-0.061,0.064
3.29480e-01,-0.059,0.066
3.29490e-01,-0.061,0.064
3.29500e-01,-0.057,0.06
3.29510e-01,-0.059,0.062
3.29520e-01,-0.061,0.064
3.29530e-01,-0.061,0.062
3.29540e-01,-0.063,0.064
3.29550e-01,-0.057,0.064
3.29560e-01,-0.059,0.066
3.29570e-01,-0.057,0.06
3.29580e-01,-0.063,0.064
3.29590e-01,-0.055,0.06
3.29600e-01,-0.061,0.064
3.29610e-01,-0.057,0.064
3.29620e-01,-0.057,0.06
3.29630e-01,-0.059,0.064
3.29640e-01,-0.059,0.064
3.29650e-01,-0.055,0.06
3.29660e-01,-0.059,0.062
3.29670e-01,-0.061,0.066
3.29680e-01,-0.059,0.062
3.29690e-01,-0.061,0.062
3.29700e-01,-0.065,0.064
3.29710e-01,-0.061,0.062
3.29720e-01,-0.059,0.062
3.29730e-01,-0.059,0.064
3.29740e-01,-0.063,0.06
3.29750e-01,-0.063,0.064
3.29760e-01,-0.061,0.066
3.29770e-01,-0.055,0.056
3.29780e-01,-0.061,0.064
3.29790e-01,-0.061,0.066
3.29800e-01,-0.059,0.064
3.29810e-01,-0.061,0.068
3.29820e-01,-0.061,0.064
3.29830e-01,-0.065,0.064
3.29840e-01,-0.059,0.064
3.29850e-01,-0.041,0.048
3.29860e-01,-0.055,0.06
3.29870e-01,-0.065,0.066
3.29880e-01,-0.057,0.062
3.29890e-01,-0.061,0.062
3.29900e-01,-0.059,0.062
3.29910e-01,-0.057,0.06
3.29920e-01,-0.055,0.062
3.29930e-01,-0.057,0.066
3.29940e-01,-0.057,0.064
3.29950e-01,-0.059,0.064
3.29960e-01,-0.061,0.064
3.29970e-01,-0.061,0.064
3.29980e-01,-0.057,0.06
3.29990e-01,-0.057,0.06
3.30000e-01,-0.063,0.062
3.30010e-01,-0.061,0.064
3.30020e-01,-0.063,0.066
3.30030e-01,-0.061,0.064
3.30040e-01,-0.061,0.062
3.30050e-01,-0.059,0.064
3.30060e-01,-0.061,0.064
3.30070e-01,-0.059,0.064
3.30080e-01,-0.057,0.06
3.30090e-01,-0.059,0.062
3.30100e-01,-0.063,0.064
3.30110e-01,-0.055,0.066
3.30120e-01,-0.055,0.06
3.30130e-01,-0.057,0.06
3.30140e-01,-0.051,0.06
3.30150e-01,-0.055,0.06
3.30160e-01,-0.055,0.06
3.30170e-01,-0.063,0.066
3.30180e-01,-0.059,0.062
3.30190e-01,-0.053,0.06
3.30200e-01,-0.057,0.064
3.30210e-01,-0.061,0.062
3.30220e-01,-0.059,0.064
3.30230e-01,-0.061,0.064
3.30240e-01,-0.059,0.062
3.30250e-01,-0.057,0.062
3.30260e-01,-0.061,0.062
3.30270e-01,-0.059,0.064
3.30280e-01,-0.061,0.064
3.30290e-01,-0.059,0.064
3.30300e-01,-0.053,0.062
3.30310e-01,-0.061,0.062
3.30320e-01,-0.061,0.064
3.30330e-01,-0.059,0.062
3.30340e-01,-0.057,0.06
3.30350e-01,-0.055,0.06
3.30360e-01,-0.061,0.062
3.30370e-01,-0.059,0.064
3.30380e-01,-0.063,0.064
3.30390e-01,-0.063,0.064
3.30400e-01,-0.059,0.062
3.30410e-01,-0.053,0.06
3.30420e-01,-0.059,0.066
3.30430e-01,-0.061,0.062
3.30440e-01,-0.059,0.064
3.30450e-01,-0.061,0.062
3.30460e-01,-0.053,0.058
3.30470e-01,-0.061,0.064
3.30480e-01,-0.057,0.062
3.30490e-01,-0.057,0.06
3.30500e-01,-0.063,0.064
3.30510e-01,-0.061,0.068
3.30520e-01,-0.057,0.064
3.30530e-01,-0.061,0.064
3.30540e-01,-0.061,0.066
3.30550e-01,-0.061,0.062
3.30560e-01,-0.055,0.064
3.30570e-01,-0.053,0.056
3.30580e-01,-0.061,0.064
3.30590e-01,-0.057,0.062
3.30600e-01,-0.057,0.06
3.30610e-01,-0.059,0.06
3.30620e-01,-0.063,0.064
3.30630e-01,-0.059,0.064
3.30640e-01,-0.061,0.064
3.30650e-01,-0.061,0.06
3.30660e-01,-0.059,0.062
3.30670e-01,-0.057,0.06
3.30680e-01,-0.057,0.062
3.30690e-01,-0.059,0.064
3.30700e-01,-0.061,0.062
3.30710e-01,-0.061,0.064
3.30720e-01,-0.061,0.062
3.30730e-01,-0.063,0.064
3.30740e-01,-0.059,0.064
3.30750e-01,-0.061,0.064
3.30760e-01,-0.063,0.06
3.30770e-01,-0.063,0.064
3.30780e-01,-0.061,0.06
3.30790e-01,-0.057,0.06
3.30800e-01,-0.061,0.062
3.30810e-01,-0.059,0.06
3.30820e-01,-0.057,0.064
3.30830e-01,-0.059,0.062
3.30840e-01,-0.059,0.064
3.30850e-01,-0.057,0.064
3.30860e-01,-0.059,0.066
3.30870e-01,-0.049,0.056
3.30880e-01,-0.055,0.064
3.30890e-01,-0.061,0.064
3.30900e-01,-0.055,0.06
3.30910e-01,-0.061,0.064
3.30920e-01,-0.059,0.062
3.30930e-01,-0.063,0.066
3.30940e-01,-0.051,0.058
3.30950e-01,-0.051,0.056
3.30960e-01,-0.059,0.06
3.30970e-01,-0.059,0.06
3.30980e-01,-0.061,0.064
3.30990e-01,-0.061,0.062
3.31000e-01,-0.059,0.064
3.31010e-01,-0.055,0.06
3.31020e-01,-0.059,0.062
3.31030e-01,-0.059,0.066
3.31040e-01,-0.061,0.064
3.31050e-01,-0.063,0.064
3.31060e-01,-0.059,0.064
3.31070e-01,-0.063,0.064
3.31080e-01,-0.061,0.07
3.31090e-01,-0.059,0.06
3.31100e-01,-0.061,0.064
3.31110e-01,-0.061,0.064
3.31120e-01,-0.059,0.062
3.31130e-01,-0.063,0.06
3.31140e-01,-0.061,0.064
3.31150e-01,-0.061,0.064
3.31160e-01,-0.057,0.064
3.31170e-01,-0.055,0.06
3.31180e-01,-0.053,0.062
3.31190e-01,-0.051,0.058
3.31200e-01,-0.057,0.062
3.31210e-01,-0.059,0.066
3.31220e-01,-0.061,0.066
3.31230e-01,-0.057,0.066
3.31240e-01,-0.059,0.064
3.31250e-01,-0.063,0.062
3.31260e-01,-0.059,0.066
3.31270e-01,-0.061,0.066
3.31280e-01,-0.061,0.066
3.31290e-01,-0.059,0.062
3.31300e-01,-0.057,0.06
3.31310e-01,-0.057,0.064
3.31320e-01,-0.061,0.062
3.31330e-01,-0.061,0.062
3.31340e-01,-0.063,0.062
3.31350e-01,-0.047,0.05
3.31360e-01,-0.059,0.064
3.31370e-01,-0.057,0.064
3.31380e-01,-0.053,0.06
3.31390e-01,-0.059,0.064
3.31400e-01,-0.061,0.064
3.31410e-01,-0.061,0.064
3.31420e-01,-0.061,0.064
3.31430e-01,-0.059,0.064
3.31440e-01,-0.055,0.058
3.31450e-01,-0.057,0.062
3.31460e-01,-0.059,0.06
3.31470e-01,-0.055,0.06
3.31480e-01,-0.047,0.056
3.31490e-01,-0.055,0.06
3.31500e-01,-0.059,0.064
3.31510e-01,-0.059,0.064
3.31520e-01,-0.061,0.064
3.31530e-01,-0.061,0.064
3.31540e-01,-0.061,0.066
3.31550e-01,-0.057,0.062
3.31560e-01,-0.057,0.06
3.31570e-01,-0.059,0.062
3.31580e-01,-0.059,0.068
3.31590e-01,-0.063,0.064
3.31600e-01,-0.061,0.064
3.31610e-01,-0.061,0.064
3.31620e-01,-0.061,0.062
3.31630e-01,-0.061,0.068
3.31640e-01,-0.061,0.064
3.31650e-01,-0.061,0.066
3.31660e-01,-0.061,0.064
3.31670e-01,-0.061,0.062
3.31680e-01,-0.059,0.064
3.31690e-01,-0.059,0.064
3.31700e-01,-0.059,0.064
3.31710e-01,-0.061,0.068
3.31720e-01,-0.061,0.066
3.31730e-01,-0.059,0.062
3.31740e-01,-0.061,0.064
3.31750e-01,-0.057,0.062
3.31760e-01,-0.061,0.064
3.31770e-01,-0.061,0.064
3.31780e-01,-0.061,0.064
3.31790e-01,-0.063,0.062
3.31800e-01,-0.057,0.06
3.31810e-01,-0.061,0.064
3.31820e-01,-0.059,0.066
3.31830e-01,-0.059,0.06
3.31840e-01,-0.061,0.064
3.31850e-01,-0.061,0.062
3.31860e-01,-0.059,0.064
3.31870e-01,-0.063,0.066
3.31880e-01,-0.055,0.062
3.31890e-01,-0.059,0.062
3.31900e-01,-0.057,0.062
3.31910e-01,-0.061,0.064
3.31920e-01,-0.061,0.066
3.31930e-01,-0.063,0.066
3.31940e-01,-0.055,0.06
3.31950e-01,-0.061,0.062
3.31960e-01,-0.057,0.06
3.31970e-01,-0.059,0.064
3.31980e-01,-0.059,0.064
3.31990e-01,-0.059,0.064
3.32000e-01,-0.057,0.062
3.32010e-01,-0.059,0.06
3.32020e-01,-0.053,0.058
3.32030e-01,-0.049,0.052
3.32040e-01,-0.061,0.064
3.32050e-01,-0.059,0.066
3.32060e-01,-0.063,0.064
3.32070e-01,-0.061,0.062
3.32080e-01,-0.059,0.064
3.32090e-01,-0.057,0.064
3.32100e-01,-0.057,0.062
3.32110e-01,-0.057,0.06
3.32120e-01,-0.059,0.062
3.32130e-01,-0.059,0.064
3.32140e-01,-0.059,0.064
3.32150e-01,-0.059,0.068
3.32160e-01,-0.059,0.066
3.32170e-01,-0.059,0.062
3.32180e-01,-0.057,0.06
3.32190e-01,-0.061,0.064
3.32200e-01,-0.063,0.064
3.32210e-01,-0.063,0.066
3.32220e-01,-0.065,0.06
3.32230e-01,-0.059,0.064
3.32240e-01,-0.061,0.068
3.32250e-01,-0.057,0.064
3.32260e-01,-0.061,0.062
3.32270e-01,-0.063,0.064
3.32280e-01,-0.057,0.062
3.32290e-01,-0.061,0.064
3.32300e-01,-0.059,0.064
3.32310e-01,-0.059,0.064
3.32320e-01,-0.059,0.066
3.32330e-01,-0.055,0.06
3.32340e-01,-0.057,0.06
3.32350e-01,-0.059,0.064
3.32360e-01,-0.059,0.064
3.32370e-01,-0.059,0.066
3.32380e-01,-0.059,0.068
3.32390e-01,-0.061,0.064
3.32400e-01,-0.063,0.062
3.32410e-01,-0.061,0.064
3.32420e-01,-0.053,0.058
3.32430e-01,-0.059,0.066
3.32440e-01,-0.061,0.068
3.32450e-01,-0.051,0.056
3.32460e-01,-0.059,0.066
3.32470e-01,-0.063,0.06
3.32480e-01,-0.055,0.06
3.32490e-01,-0.057,0.064
3.32500e-01,-0.049,0.054
3.32510e-01,-0.055,0.062
3.32520e-01,-0.055,0.054
3.32530e-01,-0.059,0.064
3.32540e-01,-0.061,0.064
3.32550e-01,-0.051,0.06
3.32560e-01,-0.049,0.056
3.32570e-01,-0.045,0.054
3.32580e-01,-0.045,0.046
3.32590e-01,-0.043,0.05
3.32600e-01,-0.059,0.06
3.32610e-01,-0.057,0.056
3.32620e-01,-0.059,0.06
3.32630e-01,-0.057,0.064
3.32640e-01,-0.053,0.058
3.32650e-01,-0.045,0.052
3.32660e-01,-0.055,0.06
3.32670e-01,-0.057,0.06
3.32680e-01,-0.059,0.064
3.32690e-01,-0.059,0.06
3.32700e-01,-0.061,0.062
3.32710e-01,-0.057,0.06
3.32720e-01,-0.057,0.064
3.32730e-01,-0.061,0.064
3.32740e-01,-0.053,0.06
3.32750e-01,-0.061,0.064
3.32760e-01,-0.057,0.06
3.32770e-01,-0.059,0.064
3.32780e-01,-0.063,0.068
3.32790e-01,-0.059,0.062
3.32800e-01,-0.061,0.066
3.32810e-01,-0.059,0.064
3.32820e-01,-0.061,0.064
3.32830e-01,-0.059,0.062
3.32840e-01,-0.057,0.058
3.32850e-01,-0.061,0.064
3.32860e-01,-0.055,0.06
3.32870e-01,-0.061,0.068
3.32880e-01,-0.057,0.064
3.32890e-01,-0.063,0.062
3.32900e-01,-0.059,0.062
3.32910e-01,-0.059,0.064
3.32920e-01,-0.059,0.064
3.32930e-01,-0.059,0.066
3.32940e-01,-0.057,0.062
3.32950e-01,-0.051,0.056
3.32960e-01,-0.053,0.056
3.32970e-01,-0.063,0.064
3.32980e-01,-0.061,0.062
3.32990e-01,-0.059,0.062
3.33000e-01,-0.059,0.062
3.33010e-01,-0.063,0.064
3.33020e-01,-0.059,0.066
3.33030e-01,-0.059,0.064
3.33040e-01,-0.059,0.062
3.33050e-01,-0.061,0.06
3.33060e-01,-0.055,0.066
3.33070e-01,-0.061,0.062
3.33080e-01,-0.057,0.066
3.33090e-01,-0.061,0.062
3.33100e-01,-0.057,0.062
3.33110e-01,-0.061,0.064
3.33120e-01,-0.053,0.06
3.33130e-01,-0.061,0.06
3.33140e-01,-0.059,0.066
3.33150e-01,-0.059,0.062
3.33160e-01,-0.059,0.064
3.33170e-01,-0.053,0.056
3.33180e-01,-0.055,0.058
3.33190e-01,-0.055,0.058
3.33200e-01,-0.055,0.06
3.33210e-01,-0.059,0.062
3.33220e-01,-0.063,0.06
3.33230e-01,-0.059,0.064
3.33240e-01,-0.061,0.064
3.33250e-01,-0.055,0.06
3.33260e-01,-0.061,0.066
3.33270e-01,-0.053,0.058
3.33280e-01,-0.055,0.056
3.33290e-01,-0.055,0.058
3.33300e-01,-0.061,0.064
3.33310e-01,-0.063,0.066
3.33320e-01,-0.059,0.062
3.33330e-01,-0.057,0.06
3.33340e-01,-0.063,0.064
3.33350e-01,-0.059,0.064
3.33360e-01,-0.059,0.066
3.33370e-01,-0.059,0.066
3.33380e-01,-0.065,0.064
3.33390e-01,-0.057,0.062
3.33400e-01,-0.059,0.06
3.33410e-01,-0.061,0.062
3.33420e-01,-0.053,0.062
3.33430e-01,-0.061,0.064
3.33440e-01,-0.057,0.064
3.33450e-01,-0.059,0.06
3.33460e-01,-0.057,0.06
3.33470e-01,-0.061,0.064
3.33480e-01,-0.059,0.066
3.33490e-01,-0.061,0.064
3.33500e-01,-0.059,0.066
3.33510e-01,-0.059,0.062
3.33520e-01,-0.063,0.06
3.33530e-01,-0.059,0.064
3.33540e-01,-0.059,0.06
3.33550e-01,-0.063,0.064
3.33560e-01,-0.055,0.058
3.33570e-01,-0.055,0.058
3.33580e-01,-0.053,0.056
3.33590e-01,-0.055,0.054
3.33600e-01,-0.055,0.06
3.33610e-01,-0.035,0.042
3.33620e-01,-0.057,0.064
3.33630e-01,-0.061,0.06
3.33640e-01,-0.055,0.06
3.33650e-01,-0.059,0.062
3.33660e-01,-0.059,0.064
3.33670e-01,-0.061,0.066
3.33680e-01,-0.059,0.066
3.33690e-01,-0.055,0.06
3.33700e-01,-0.059,0.062
3.33710e-01,-0.061,0.064
3.33720e-01,-0.057,0.066
3.33730e-01,-0.061,0.064
3.33740e-01,-0.061,0.066
3.33750e-01,-0.055,0.058
3.33760e-01,-0.059,0.062
3.33770e-01,-0.053,0.058
3.33780e-01,-0.059,0.064
3.33790e-01,-0.059,0.062
3.33800e-01,-0.061,0.062
3.33810e-01,-0.061,0.062
3.33820e-01,-0.059,0.062
3.33830e-01,-0.059,0.064
3.33840e-01,-0.061,0.062
3.33850e-01,-0.059,0.062
3.33860e-01,-0.061,0.064
3.33870e-01,-0.061,0.066
3.33880e-01,-0.059,0.06
3.33890e-01,-0.059,0.064
3.33900e-01,-0.059,0.064
3.33910e-01,-0.061,0.064
3.33920e-01,-0.053,0.054
3.33930e-01,-0.061,0.062
3.33940e-01,-0.061,0.068
3.33950e-01,-0.059,0.062
3.33960e-01,-0.055,0.06
3.33970e-01,-0.059,0.062
3.33980e-01,-0.059,0.068
3.33990e-01,-0.059,0.06
3.34000e-01,-0.061,0.068
3.34010e-01,-0.061,0.064
3.34020e-01,-0.057,0.06
3.34030e-01,-0.057,0.064
3.34040e-01,-0.059,0.064
3.34050e-01,-0.057,0.062
3.34060e-01,-0.059,0.066
3.34070e-01,-0.061,0.066
3.34080e-01,-0.051,0.056
3.34090e-01,-0.059,0.064
3.34100e-01,-0.061,0.068
3.34110e-01,-0.059,0.062
3.34120e-01,-0.059,0.062
3.34130e-01,-0.055,0.06
3.34140e-01,-0.061,0.062
3.34150e-01,-0.059,0.062
3.34160e-01,-0.049,0.054
3.34170e-01,-0.053,0.06
3.34180e-01,-0.055,0.058
3.34190e-01,-0.057,0.06
3.34200e-01,-0.057,0.06
3.34210e-01,-0.065,0.062
3.34220e-01,-0.061,0.062
3.34230e-01,-0.063,0.062
3.34240e-01,-0.059,0.062
3.34250e-01,-0.059,0.06
3.34260e-01,-0.053,0.06
3.34270e-01,-0.059,0.06
3.34280e-01,-0.057,0.06
3.34290e-01,-0.055,0.06
3.34300e-01,-0.059,0.062
3.34310e-01,-0.061,0.066
3.34320e-01,-0.055,0.058
3.34330e-01,-0.059,0.068
3.34340e-01,-0.057,0.062
3.34350e-01,-0.057,0.066
3.34360e-01,-0.059,0.064
3.34370e-01,-0.059,0.064
3.34380e-01,-0.061,0.064
3.34390e-01,-0.059,0.06
3.34400e-01,-0.051,0.054
3.34410e-01,-0.055,0.064
3.34420e-01,-0.061,0.062
3.34430e-01,-0.057,0.062
3.34440e-01,-0.047,0.054
3.34450e-01,-0.051,0.058
3.34460e-01,-0.045,0.054
3.34470e-01,-0.057,0.062
3.34480e-01,-0.059,0.062
3.34490e-01,-0.061,0.068
3.34500e-01,-0.063,0.062
3.34510e-01,-0.057,0.06
3.34520e-01,-0.059,0.062
3.34530e-01,-0.061,0.066
3.34540e-01,-0.061,0.062
3.34550e-01,-0.059,0.064
3.34560e-01,-0.057,0.062
3.34570e-01,-0.063,0.064
3.34580e-01,-0.059,0.064
3.34590e-01,-0.059,0.064
3.34600e-01,-0.057,0.064
3.34610e-01,-0.057,0.06
3.34620e-01,-0.047,0.05
3.34630e-01,-0.055,0.06
3.34640e-01,-0.051,0.058
3.34650e-01,-0.061,0.062
3.34660e-01,-0.059,0.06
3.34670e-01,-0.051,0.056
3.34680e-01,-0.043,0.046
3.34690e-01,-0.055,0.06
3.34700e-01,-0.047,0.056
3.34710e-01,-0.059,0.06
3.34720e-01,-0.055,0.06
3.34730e-01,-0.061,0.064
3.34740e-01,-0.061,0.064
3.34750e-01,-0.049,0.056
3.34760e-01,-0.061,0.062
3.34770e-01,-0.059,0.06
3.34780e-01,-0.055,0.056
3.34790e-01,-0.057,0.06
3.34800e-01,-0.057,0.064
3.34810e-01,-0.061,0.068
3.34820e-01,-0.059,0.062
3.34830e-01,-0.057,0.062
3.34840e-01,-0.057,0.062
3.34850e-01,-0.043,0.052
3.34860e-01,-0.059,0.062
3.34870e-01,-0.059,0.06
3.34880e-01,-0.059,0.064
3.34890e-01,-0.063,0.064
3.34900e-01,-0.057,0.062
3.34910e-01,-0.059,0.062
3.34920e-01,-0.059,0.064
3.34930e-01,-0.061,0.064
3.34940e-01,-0.059,0.064
3.34950e-01,-0.059,0.064
3.34960e-01,-0.061,0.064
3.34970e-01,-0.055,0.062
3.34980e-01,-0.061,0.062
3.34990e-01,-0.053,0.054
3.35000e-01,-0.061,0.062
3.35010e-01,-0.061,0.062
3.35020e-01,-0.059,0.06
3.35030e-01,-0.063,0.068
3.35040e-01,-0.057,0.064
3.35050e-01,-0.059,0.062
3.35060e-01,-0.059,0.064
3.35070e-01,-0.059,0.064
3.35080e-01,-0.061,0.064
3.35090e-01,-0.057,0.06
3.35100e-01,-0.063,0.062
3.35110e-01,-0.059,0.064
3.35120e-01,-0.059,0.062
3.35130e-01,-0.059,0.06
3.35140e-01,-0.051,0.06
3.35150e-01,-0.057,0.062
3.35160e-01,-0.059,0.064
3.35170e-01,-0.057,0.062
3.35180e-01,-0.057,0.06
3.35190e-01,-0.047,0.046
3.35200e-01,-0.059,0.064
3.35210e-01,-0.059,0.06
3.35220e-01,-0.061,0.064
3.35230e-01,-0.057,0.06
3.35240e-01,-0.057,0.062
3.35250e-01,-0.061,0.064
3.35260e-01,-0.061,0.062
3.35270e-01,-0.061,0.062
3.35280e-01,-0.057,0.064
3.35290e-01,-0.061,0.064
3.35300e-01,-0.057,0.06
3.35310e-01,-0.059,0.066
3.35320e-01,-0.057,0.062
3.35330e-01,-0.063,0.064
3.35340e-01,-0.059,0.062
3.35350e-01,-0.055,0.062
3.35360e-01,-0.061,0.062
3.35370e-01,-0.061,0.062
3.35380e-01,-0.055,0.06
3.35390e-01,-0.055,0.064
3.35400e-01,-0.057,0.06
3.35410e-01,-0.059,0.058
3.35420e-01,-0.057,0.066
3.35430e-01,-0.059,0.064
3.35440e-01,-0.059,0.062
3.35450e-01,-0.051,0.054
3.35460e-01,-0.055,0.06
3.35470e-01,-0.051,0.06
3.35480e-01,-0.059,0.066
3.35490e-01,-0.061,0.062
3.35500e-01,-0.063,0.064
3.35510e-01,-0.059,0.062
3.35520e-01,-0.059,0.062
3.35530e-01,-0.059,0.064
3.35540e-01,-0.057,0.064
3.35550e-01,-0.057,0.066
3.35560e-01,-0.065,0.066
3.35570e-01,-0.061,0.066
3.35580e-01,-0.059,0.066
3.35590e-01,-0.059,0.066
3.35600e-01,-0.063,0.062
3.35610e-01,-0.059,0.064
3.35620e-01,-0.059,0.064
3.35630e-01,-0.057,0.062
3.35640e-01,-0.061,0.064
3.35650e-01,-0.059,0.066
3.35660e-01,-0.061,0.068
3.35670e-01,-0.063,0.062
3.35680e-01,-0.059,0.062
3.35690e-01,-0.055,0.06
3.35700e-01,-0.055,0.06
3.35710e-01,-0.055,0.06
3.35720e-01,-0.043,0.052
3.35730e-01,-0.045,0.05
3.35740e-01,-0.059,0.062
3.35750e-01,-0.061,0.066
3.35760e-01,-0.061,0.064
3.35770e-01,-0.059,0.06
3.35780e-01,-0.059,0.062
3.35790e-01,-0.061,0.064
3.35800e-01,-0.059,0.066
3.35810e-01,-0.061,0.066
3.35820e-01,-0.055,0.06
3.35830e-01,-0.059,0.064
3.35840e-01,-0.059,0.06
3.35850e-01,-0.053,0.064
3.35860e-01,-0.061,0.06
3.35870e-01,-0.057,0.064
3.35880e-01,-0.063,0.064
3.35890e-01,-0.059,0.058
3.35900e-01,-0.059,0.066
3.35910e-01,-0.057,0.06
3.35920e-01,-0.061,0.062
3.35930e-01,-0.059,0.064
3.35940e-01,-0.061,0.062
3.35950e-01,-0.059,0.068
3.35960e-01,-0.057,0.06
3.35970e-01,-0.061,0.064
3.35980e-01,-0.057,0.062
3.35990e-01,-0.059,0.06
3.36000e-01,-0.063,0.062
3.36010e-01,-0.055,0.062
3.36020e-01,-0.061,0.064
3.36030e-01,-0.057,0.062
3.36040e-01,-0.063,0.06
3.36050e-01,-0.057,0.064
3.36060e-01,-0.057,0.064
3.36070e-01,-0.059,0.062
3.36080e-01,-0.061,0.066
3.36090e-01,-0.059,0.064
3.36100e-01,-0.057,0.06
3.36110e-01,-0.059,0.062
3.36120e-01,-0.061,0.066
3.36130e-01,-0.053,0.058
3.36140e-01,-0.059,0.062
3.36150e-01,-0.059,0.066
3.36160e-01,-0.061,0.064
3.36170e-01,-0.059,0.064
3.36180e-01,-0.061,0.062
3.36190e-01,-0.059,0.064
3.36200e-01,-0.061,0.064
3.36210e-01,-0.059,0.064
3.36220e-01,-0.063,0.064
3.36230e-01,-0.059,0.066
3.36240e-01,-0.059,0.064
3.36250e-01,-0.055,0.06
3.36260e-01,-0.061,0.066
3.36270e-01,-0.051,0.05
3.36280e-01,-0.053,0.062
3.36290e-01,-0.057,0.064
3.36300e-01,-0.061,0.062
3.36310e-01,-0.059,0.06
3.36320e-01,-0.061,0.066
3.36330e-01,-0.059,0.064
3.36340e-01,-0.055,0.062
3.36350e-01,-0.061,0.064
3.36360e-01,-0.053,0.06
3.36370e-01,-0.057,0.06
3.36380e-01,-0.059,0.064
3.36390e-01,-0.059,0.062
3.36400e-01,-0.059,0.064
3.36410e-01,-0.055,0.062
3.36420e-01,-0.057,0.062
3.36430e-01,-0.057,0.066
3.36440e-01,-0.061,0.062
3.36450e-01,-0.063,0.064
3.36460e-01,-0.061,0.062
3.36470e-01,-0.061,0.064
3.36480e-01,-0.061,0.06
3.36490e-01,-0.061,0.064
3.36500e-01,-0.061,0.064
3.36510e-01,-0.051,0.056
3.36520e-01,-0.061,0.064
3.36530e-01,-0.049,0.058
3.36540e-01,-0.049,0.056
3.36550e-01,-0.045,0.048
3.36560e-01,-0.061,0.062
3.36570e-01,-0.061,0.06
3.36580e-01,-0.057,0.062
3.36590e-01,-0.059,0.064
3.36600e-01,-0.061,0.064
3.36610e-01,-0.065,0.06
3.36620e-01,-0.063,0.068
3.36630e-01,-0.059,0.064
3.36640e-01,-0.053,0.054
3.36650e-01,-0.061,0.066
3.36660e-01,-0.059,0.064
3.36670e-01,-0.057,0.06
3.36680e-01,-0.059,0.064
3.36690e-01,-0.051,0.058
3.36700e-01,-0.059,0.06
3.36710e-01,-0.055,0.06
3.36720e-01,-0.059,0.062
3.36730e-01,-0.051,0.058
3.36740e-01,-0.059,0.062
3.36750e-01,-0.059,0.064
3.36760e-01,-0.057,0.066
3.36770e-01,-0.059,0.064
3.36780e-01,-0.063,0.064
3.36790e-01,-0.053,0.06
3.36800e-01,-0.057,0.064
3.36810e-01,-0.051,0.052
3.36820e-01,-0.061,0.064
3.36830e-01,-0.063,0.064
3.36840e-01,-0.059,0.064
3.36850e-01,-0.057,0.064
3.36860e-01,-0.059,0.062
3.36870e-01,-0.057,0.062
3.36880e-01,-0.059,0.06
3.36890e-01,-0.055,0.06
3.36900e-01,-0.051,0.054
3.36910e-01,-0.037,0.044
3.36920e-01,-0.049,0.06
3.36930e-01,-0.049,0.054
3.36940e-01,-0.053,0.056
3.36950e-01,-0.051,0.058
3.36960e-01,-0.055,0.058
3.36970e-01,-0.059,0.062
3.36980e-01,-0.059,0.062
3.36990e-01,-0.061,0.066
3.37000e-01,-0.053,0.06
3.37010e-01,-0.051,0.058
3.37020e-01,-0.047,0.052
3.37030e-01,-0.053,0.058
3.37040e-01,-0.053,0.056
3.37050e-01,-0.055,0.06
3.37060e-01,-0.059,0.064
3.37070e-01,-0.055,0.056
3.37080e-01,-0.055,0.062
3.37090e-01,-0.057,0.064
3.37100e-01,-0.059,0.062
3.37110e-01,-0.061,0.068
3.37120e-01,-0.061,0.064
3.37130e-01,-0.057,0.06
3.37140e-01,-0.051,0.056
3.37150e-01,-0.055,0.058
3.37160e-01,-0.049,0.056
3.37170e-01,-0.053,0.056
3.37180e-01,-0.047,0.054
3.37190e-01,-0.047,0.046
3.37200e-01,-0.045,0.05
3.37210e-01,-0.051,0.058
3.37220e-01,-0.049,0.054
3.37230e-01,-0.041,0.046
3.37240e-01,-0.051,0.056
3.37250e-01,-0.041,0.046
3.37260e-01,-0.051,0.052
3.37270e-01,-0.061,0.06
3.37280e-01,-0.055,0.06
3.37290e-01,-0.055,0.06
3.37300e-01,-0.055,0.06
3.37310e-01,-0.057,0.062
3.37320e-01,-0.059,0.064
3.37330e-01,-0.057,0.064
3.37340e-01,-0.059,0.064
3.37350e-01,-0.061,0.066
3.37360e-01,-0.053,0.058
3.37370e-01,-0.059,0.06
3.37380e-01,-0.057,0.064
3.37390e-01,-0.057,0.056
3.37400e-01,-0.049,0.054
3.37410e-01,-0.047,0.056
3.37420e-01,-0.049,0.056
3.37430e-01,-0.057,0.06
3.37440e-01,-0.057,0.06
3.37450e-01,-0.061,0.064
3.37460e-01,-0.051,0.056
3.37470e-01,-0.061,0.062
3.37480e-01,-0.063,0.068
3.37490e-01,-0.061,0.064
3.37500e-01,-0.061,0.066
3.37510e-01,-0.059,0.062
3.37520e-01,-0.063,0.064
3.37530e-01,-0.059,0.062
3.37540e-01,-0.055,0.06
3.37550e-01,-0.059,0.062
3.37560e-01,-0.053,0.06
3.37570e-01,-0.055,0.062
3.37580e-01,-0.055,0.06
3.37590e-01,-0.055,0.06
3.37600e-01,-0.051,0.056
3.37610e-01,-0.059,0.062
3.37620e-01,-0.057,0.06
3.37630e-01,-0.059,0.066
3.37640e-01,-0.059,0.062
3.37650e-01,-0.055,0.06
3.37660e-01,-0.055,0.06
3.37670e-01,-0.055,0.06
3.37680e-01,-0.057,0.062
3.37690e-01,-0.055,0.06
3.37700e-01,-0.057,0.06
3.37710e-01,-0.053,0.056
3.37720e-01,-0.059,0.064
3.37730e-01,-0.057,0.062
3.37740e-01,-0.061,0.062
3.37750e-01,-0.049,0.056
3.37760e-01,-0.061,0.064
3.37770e-01,-0.055,0.06
3.37780e-01,-0.057,0.066
3.37790e-01,-0.055,0.056
3.37800e-01,-0.059,0.064
3.37810e-01,-0.047,0.058
3.37820e-01,-0.057,0.062
3.37830e-01,-0.055,0.058
3.37840e-01,-0.061,0.064
3.37850e-01,-0.055,0.06
3.37860e-01,-0.049,0.058
3.37870e-01,-0.059,0.06
3.37880e-01,-0.061,0.064
3.37890e-01,-0.059,0.064
3.37900e-01,-0.065,0.066
3.37910e-01,-0.061,0.066
3.37920e-01,-0.057,0.06
3.37930e-01,-0.057,0.062
3.37940e-01,-0.053,0.056
3.37950e-01,-0.059,0.066
3.37960e-01,-0.055,0.06
3.37970e-01,-0.063,0.062
3.37980e-01,-0.059,0.064
3.37990e-01,-0.061,0.062
3.38000e-01,-0.055,0.06
3.38010e-01,-0.057,0.064
3.38020e-01,-0.061,0.066
3.38030e-01,-0.061,0.066
3.38040e-01,-0.059,0.064
3.38050e-01,-0.057,0.062
3.38060e-01,-0.059,0.064
3.38070e-01,-0.059,0.062
3.38080e-01,-0.059,0.062
3.38090e-01,-0.053,0.06
3.38100e-01,-0.059,0.066
3.38110e-01,-0.057,0.062
3.38120e-01,-0.059,0.064
3.38130e-01,-0.061,0.066
3.38140e-01,-0.061,0.064
3.38150e-01,-0.061,0.062
3.38160e-01,-0.063,0.064
3.38170e-01,-0.057,0.066
3.38180e-01,-0.063,0.066
3.38190e-01,-0.059,0.066
3.38200e-01,-0.055,0.06
3.38210e-01,-0.057,0.062
3.38220e-01,-0.055,0.064
3.38230e-01,-0.055,0.064
3.38240e-01,-0.061,0.064
3.38250e-01,-0.061,0.062
3.38260e-01,-0.061,0.062
3.38270e-01,-0.053,0.054
3.38280e-01,-0.053,0.058
3.38290e-01,-0.061,0.064
3.38300e-01,-0.059,0.06
3.38310e-01,-0.059,0.064
3.38320e-01,-0.055,0.06
3.38330e-01,-0.041,0.046
3.38340e-01,-0.043,0.052
3.38350e-01,-0.055,0.058
3.38360e-01,-0.049,0.056
3.38370e-01,-0.061,0.068
3.38380e-01,-0.057,0.06
3.38390e-01,-0.049,0.054
3.38400e-01,-0.059,0.064
3.38410e-01,-0.059,0.064
3.38420e-01,-0.059,0.064
3.38430e-01,-0.061,0.064
3.38440e-01,-0.059,0.064
3.38450e-01,-0.055,0.056
3.38460e-01,-0.059,0.062
3.38470e-01,-0.047,0.054
3.38480e-01,-0.055,0.062
3.38490e-01,-0.049,0.054
3.38500e-01,-0.057,0.06
3.38510e-01,-0.057,0.06
3.38520e-01,-0.055,0.062
3.38530e-01,-0.053,0.056
3.38540e-01,-0.059,0.062
3.38550e-01,-0.061,0.064
3.38560e-01,-0.055,0.06
3.38570e-01,-0.059,0.064
3.38580e-01,-0.057,0.064
3.38590e-01,-0.057,0.062
3.38600e-01,-0.063,0.062
3.38610e-01,-0.063,0.064
3.38620e-01,-0.063,0.066
3.38630e-01,-0.057,0.06
3.38640e-01,-0.061,0.06
3.38650e-01,-0.055,0.06
3.38660e-01,-0.061,0.062
3.38670e-01,-0.059,0.06
3.38680e-01,-0.059,0.066
3.38690e-01,-0.053,0.056
3.38700e-01,-0.061,0.064
3.38710e-01,-0.055,0.06
3.38720e-01,-0.057,0.062
3.38730e-01,-0.055,0.058
3.38740e-01,-0.055,0.062
3.38750e-01,-0.043,0.048
3.38760e-01,-0.057,0.062
3.38770e-01,-0.057,0.062
3.38780e-01,-0.059,0.064
3.38790e-01,-0.055,0.06
3.38800e-01,-0.063,0.066
3.38810e-01,-0.061,0.062
3.38820e-01,-0.061,0.066
3.38830e-01,-0.059,0.064
3.38840e-01,-0.053,0.058
3.38850e-01,-0.057,0.06
3.38860e-01,-0.059,0.06
3.38870e-01,-0.061,0.064
3.38880e-01,-0.047,0.052
3.38890e-01,-0.057,0.058
3.38900e-01,-0.061,0.062
3.38910e-01,-0.061,0.062
3.38920e-01,-0.061,0.064
3.38930e-01,-0.055,0.058
3.38940e-01,-0.059,0.062
3.38950e-01,-0.057,0.064
3.38960e-01,-0.053,0.058
3.38970e-01,-0.061,0.064
3.38980e-01,-0.059,0.066
3.38990e-01,-0.059,0.06
3.39000e-01,-0.059,0.062
3.39010e-01,-0.061,0.064
3.39020e-01,-0.061,0.062
3.39030e-01,-0.061,0.064
3.39040e-01,-0.057,0.06
3.39050e-01,-0.063,0.064
3.39060e-01,-0.059,0.066
3.39070e-01,-0.059,0.06
3.39080e-01,-0.041,0.046
3.39090e-01,-0.057,0.06
3.39100e-01,-0.059,0.06
3.39110e-01,-0.061,0.062
3.39120e-01,-0.057,0.062
3.39130e-01,-0.055,0.056
3.39140e-01,-0.057,0.064
3.39150e-01,-0.059,0.06
3.39160e-01,-0.057,0.062
3.39170e-01,-0.059,0.064
3.39180e-01,-0.061,0.06
3.39190e-01,-0.059,0.064
3.39200e-01,-0.061,0.062
3.39210e-01,-0.059,0.062
3.39220e-01,-0.059,0.064
3.39230e-01,-0.063,0.064
3.39240e-01,-0.061,0.066
3.39250e-01,-0.061,0.068
3.39260e-01,-0.047,0.052
3.39270e-01,-0.053,0.06
3.39280e-01,-0.049,0.056
3.39290e-01,-0.055,0.056
3.39300e-01,-0.059,0.064
3.39310e-01,-0.061,0.064
3.39320e-01,-0.057,0.06
3.39330e-01,-0.061,0.064
3.39340e-01,-0.059,0.066
3.39350e-01,-0.057,0.062
3.39360e-01,-0.053,0.06
3.39370e-01,-0.061,0.068
3.39380e-01,-0.059,0.062
3.39390e-01,-0.061,0.064
3.39400e-01,-0.061,0.066
3.39410e-01,-0.059,0.06
3.39420e-01,-0.063,0.066
3.39430e-01,-0.063,0.064
3.39440e-01,-0.061,0.064
3.39450e-01,-0.061,0.066
3.39460e-01,-0.051,0.06
3.39470e-01,-0.059,0.066
3.39480e-01,-0.057,0.06
3.39490e-01,-0.059,0.062
3.39500e-01,-0.059,0.066
3.39510e-01,-0.059,0.066
3.39520e-01,-0.061,0.064
3.39530e-01,-0.063,0.064
3.39540e-01,-0.049,0.058
3.39550e-01,-0.059,0.064
3.39560e-01,-0.057,0.064
3.39570e-01,-0.063,0.064
3.39580e-01,-0.059,0.064
3.39590e-01,-0.055,0.06
3.39600e-01,-0.063,0.064
3.39610e-01,-0.061,0.064
3.39620e-01,-0.061,0.062
3.39630e-01,-0.057,0.06
3.39640e-01,-0.055,0.06
3.39650e-01,-0.059,0.062
3.39660e-01,-0.057,0.062
3.39670e-01,-0.055,0.06
3.39680e-01,-0.051,0.054
3.39690e-01,-0.059,0.064
3.39700e-01,-0.061,0.06
3.39710e-01,-0.059,0.066
3.39720e-01,-0.061,0.062
3.39730e-01,-0.057,0.064
3.39740e-01,-0.055,0.062
3.39750e-01,-0.061,0.062
3.39760e-01,-0.061,0.064
3.39770e-01,-0.061,0.064
3.39780e-01,-0.059,0.066
3.39790e-01,-0.061,0.064
3.39800e-01,-0.055,0.06
3.39810e-01,-0.061,0.06
3.39820e-01,-0.057,0.062
3.39830e-01,-0.057,0.066
3.39840e-01,-0.059,0.064
3.39850e-01,-0.061,0.066
3.39860e-01,-0.049,0.054
3.39870e-01,-0.055,0.06
3.39880e-01,-0.049,0.052
3.39890e-01,-0.057,0.064
3.39900e-01,-0.061,0.064
3.39910e-01,-0.059,0.06
3.39920e-01,-0.057,0.058
3.39930e-01,-0.059,0.064
3.39940e-01,-0.059,0.06
3.39950e-01,-0.059,0.062
3.39960e-01,-0.053,0.056
3.39970e-01,-0.061,0.062
3.39980e-01,-0.053,0.056
3.39990e-01,-0.059,0.064
3.40000e-01,-0.057,0.062
3.40010e-01,-0.055,0.06
3.40020e-01,-0.041,0.046
3.40030e-01,-0.051,0.062
3.40040e-01,-0.063,0.064
3.40050e-01,-0.061,0.064
3.40060e-01,-0.059,0.062
3.40070e-01,-0.061,0.062
3.40080e-01,-0.061,0.064
3.40090e-01,-0.055,0.06
3.40100e-01,-0.063,0.066
3.40110e-01,-0.059,0.06
3.40120e-01,-0.055,0.06
3.40130e-01,-0.057,0.066
3.40140e-01,-0.053,0.058
3.40150e-01,-0.059,0.062
3.40160e-01,-0.061,0.064
3.40170e-01,-0.057,0.064
3.40180e-01,-0.059,0.064
3.40190e-01,-0.061,0.06
3.40200e-01,-0.051,0.058
3.40210e-01,-0.057,0.06
3.40220e-01,-0.055,0.06
3.40230e-01,-0.055,0.06
3.40240e-01,-0.059,0.064
3.40250e-01,-0.063,0.064
3.40260e-01,-0.055,0.06
3.40270e-01,-0.059,0.066
3.40280e-01,-0.059,0.062
3.40290e-01,-0.057,0.06
3.40300e-01,-0.059,0.066
3.40310e-01,-0.055,0.062
3.40320e-01,-0.047,0.054
3.40330e-01,-0.047,0.048
3.40340e-01,-0.055,0.06
3.40350e-01,-0.049,0.054
3.40360e-01,-0.055,0.06
3.40370e-01,-0.057,0.06
3.40380e-01,-0.059,0.062
3.40390e-01,-0.061,0.062
3.40400e-01,-0.059,0.064
3.40410e-01,-0.059,0.062
3.40420e-01,-0.051,0.052
3.40430e-01,-0.059,0.06
3.40440e-01,-0.057,0.06
3.40450e-01,-0.059,0.06
3.40460e-01,-0.055,0.06
3.40470e-01,-0.057,0.064
3.40480e-01,-0.059,0.064
3.40490e-01,-0.057,0.064
3.40500e-01,-0.059,0.068
3.40510e-01,-0.059,0.064
3.40520e-01,-0.059,0.064
3.40530e-01,-0.059,0.064
3.40540e-01,-0.059,0.062
3.40550e-01,-0.057,0.062
3.40560e-01,-0.057,0.06
3.40570e-01,-0.057,0.062
3.40580e-01,-0.057,0.06
3.40590e-01,-0.057,0.062
3.40600e-01,-0.061,0.062
3.40610e-01,-0.057,0.06
3.40620e-01,-0.057,0.06
3.40630e-01,-0.059,0.062
3.40640e-01,-0.061,0.066
3.40650e-01,-0.055,0.06
3.40660e-01,-0.049,0.056
3.40670e-01,-0.061,0.064
3.40680e-01,-0.055,0.06
3.40690e-01,-0.059,0.064
3.40700e-01,-0.059,0.06
3.40710e-01,-0.055,0.056
3.40720e-01,-0.059,0.064
3.40730e-01,-0.059,0.06
3.40740e-01,-0.057,0.06
3.40750e-01,-0.061,0.062
3.40760e-01,-0.059,0.066
3.40770e-01,-0.059,0.062
3.40780e-01,-0.063,0.064
3.40790e-01,-0.059,0.062
3.40800e-01,-0.061,0.064
3.40810e-01,-0.059,0.06
3.40820e-01,-0.061,0.064
3.40830e-01,-0.057,0.066
3.40840e-01,-0.059,0.066
3.40850e-01,-0.057,0.062
3.40860e-01,-0.063,0.064
3.40870e-01,-0.059,0.064
3.40880e-01,-0.057,0.062
3.40890e-01,-0.057,0.062
3.40900e-01,-0.061,0.064
3.40910e-01,-0.051,0.058
3.40920e-01,-0.061,0.062
3.40930e-01,-0.047,0.054
3.40940e-01,-0.057,0.06
3.40950e-01,-0.057,0.06
3.40960e-01,-0.053,0.056
3.40970e-01,-0.055,0.064
3.40980e-01,-0.049,0.056
3.40990e-01,-0.063,0.062
3.41000e-01,-0.059,0.064
3.41010e-01,-0.059,0.068
3.41020e-01,-0.061,0.06
3.41030e-01,-0.065,0.064
3.41040e-01,-0.059,0.062
3.41050e-01,-0.053,0.056
3.41060e-01,-0.057,0.062
3.41070e-01,-0.057,0.062
3.41080e-01,-0.061,0.068
3.41090e-01,-0.059,0.064
3.41100e-01,-0.061,0.064
3.41110e-01,-0.057,0.06
3.41120e-01,-0.063,0.064
3.41130e-01,-0.063,0.066
3.41140e-01,-0.061,0.066
3.41150e-01,-0.059,0.062
3.41160e-01,-0.057,0.06
3.41170e-01,-0.059,0.064
3.41180e-01,-0.055,0.06
3.41190e-01,-0.063,0.064
3.41200e-01,-0.057,0.062
3.41210e-01,-0.059,0.068
3.41220e-01,-0.059,0.062
3.41230e-01,-0.059,0.064
3.41240e-01,-0.061,0.066
3.41250e-01,-0.055,0.06
3.41260e-01,-0.059,0.064
3.41270e-01,-0.055,0.062
3.41280e-01,-0.051,0.058
3.41290e-01,-0.057,0.064
3.41300e-01,-0.051,0.054
3.41310e-01,-0.053,0.06
3.41320e-01,-0.059,0.062
3.41330e-01,-0.057,0.06
3.41340e-01,-0.061,0.068
3.41350e-01,-0.055,0.062
3.41360e-01,-0.059,0.066
3.41370e-01,-0.059,0.068
3.41380e-01,-0.063,0.064
3.41390e-01,-0.059,0.064
3.41400e-01,-0.053,0.06
3.41410e-01,-0.059,0.064
3.41420e-01,-0.055,0.062
3.41430e-01,-0.059,0.064
3.41440e-01,-0.055,0.06
3.41450e-01,-0.059,0.064
3.41460e-01,-0.061,0.062
3.41470e-01,-0.055,0.058
3.41480e-01,-0.061,0.062
3.41490e-01,-0.061,0.066
3.41500e-01,-0.051,0.054
3.41510e-01,-0.059,0.064
3.41520e-01,-0.063,0.064
3.41530e-01,-0.061,0.064
3.41540e-01,-0.057,0.064
3.41550e-01,-0.063,0.064
3.41560e-01,-0.063,0.064
3.41570e-01,-0.061,0.064
3.41580e-01,-0.059,0.064
3.41590e-01,-0.059,0.064
3.41600e-01,-0.053,0.058
3.41610e-01,-0.045,0.054
3.41620e-01,-0.055,0.058
3.41630e-01,-0.059,0.062
3.41640e-01,-0.053,0.06
3.41650e-01,-0.059,0.064
3.41660e-01,-0.059,0.066
3.41670e-01,-0.061,0.064
3.41680e-01,-0.063,0.062
3.41690e-01,-0.053,0.058
3.41700e-01,-0.059,0.064
3.41710e-01,-0.063,0.064
3.41720e-01,-0.063,0.066
3.41730e-01,-0.061,0.064
3.41740e-01,-0.063,0.062
3.41750e-01,-0.061,0.064
3.41760e-01,-0.059,0.062
3.41770e-01,-0.063,0.064
3.41780e-01,-0.059,0.062
3.41790e-01,-0.061,0.062
3.41800e-01,-0.053,0.058
3.41810e-01,-0.055,0.062
3.41820e-01,-0.053,0.056
3.41830e-01,-0.057,0.062
3.41840e-01,-0.059,0.06
3.41850e-01,-0.059,0.06
3.41860e-01,-0.059,0.064
3.41870e-01,-0.051,0.054
3.41880e-01,-0.053,0.056
3.41890e-01,-0.057,0.06
3.41900e-01,-0.061,0.064
3.41910e-01,-0.051,0.058
3.41920e-01,-0.057,0.06
3.41930e-01,-0.053,0.054
3.41940e-01,-0.059,0.066
3.41950e-01,-0.061,0.064
3.41960e-01,-0.061,0.064
3.41970e-01,-0.059,0.066
3.41980e-01,-0.057,0.062
3.41990e-01,-0.057,0.064
3.42000e-01,-0.059,0.062
3.42010e-01,-0.059,0.064
3.42020e-01,-0.057,0.064
3.42030e-01,-0.061,0.06
3.42040e-01,-0.059,0.062
3.42050e-01,-0.059,0.064
3.42060e-01,-0.061,0.064
3.42070e-01,-0.063,0.068
3.42080e-01,-0.049,0.054
3.42090e-01,-0.061,0.066
3.42100e-01,-0.057,0.064
3.42110e-01,-0.061,0.062
3.42120e-01,-0.057,0.06
3.42130e-01,-0.059,0.064
3.42140e-01,-0.059,0.062
3.42150e-01,-0.059,0.06
3.42160e-01,-0.055,0.058
3.42170e-01,-0.061,0.064
3.42180e-01,-0.057,0.062
3.42190e-01,-0.059,0.064
3.42200e-01,-0.055,0.06
3.42210e-01,-0.045,0.052
3.42220e-01,-0.039,0.044
3.42230e-01,-0.051,0.052
3.42240e-01,-0.057,0.06
3.42250e-01,-0.051,0.056
3.42260e-01,-0.051,0.054
3.42270e-01,-0.059,0.064
3.42280e-01,-0.049,0.054
3.42290e-01,-0.051,0.054
3.42300e-01,-0.049,0.056
3.42310e-01,-0.057,0.066
3.42320e-01,-0.055,0.06
3.42330e-01,-0.061,0.064
3.42340e-01,-0.063,0.068
3.42350e-01,-0.061,0.068
3.42360e-01,-0.061,0.062
3.42370e-01,-0.059,0.062
3.42380e-01,-0.059,0.064
3.42390e-01,-0.055,0.054
3.42400e-01,-0.057,0.06
3.42410e-01,-0.051,0.058
3.42420e-01,-0.055,0.058
3.42430e-01,-0.057,0.06
3.42440e-01,-0.059,0.06
3.42450e-01,-0.057,0.062
3.42460e-01,-0.059,0.062
3.42470e-01,-0.059,0.064
3.42480e-01,-0.057,0.062
3.42490e-01,-0.057,0.06
3.42500e-01,-0.061,0.064
3.42510e-01,-0.059,0.068
3.42520e-01,-0.061,0.064
3.42530e-01,-0.061,0.062
3.42540e-01,-0.059,0.062
3.42550e-01,-0.061,0.064
3.42560e-01,-0.061,0.064
3.42570e-01,-0.059,0.064
3.42580e-01,-0.059,0.062
3.42590e-01,-0.061,0.064
3.42600e-01,-0.055,0.06
3.42610e-01,-0.055,0.058
3.42620e-01,-0.045,0.046
3.42630e-01,-0.057,0.062
3.42640e-01,-0.061,0.064
3.42650e-01,-0.061,0.062
3.42660e-01,-0.061,0.06
3.42670e-01,-0.055,0.06
3.42680e-01,-0.061,0.062
3.42690e-01,-0.059,0.064
3.42700e-01,-0.061,0.062
3.42710e-01,-0.055,0.06
3.42720e-01,-0.059,0.064
3.42730e-01,-0.057,0.066
3.42740e-01,-0.059,0.062
3.42750e-01,-0.061,0.066
3.42760e-01,-0.063,0.064
3.42770e-01,-0.059,0.064
3.42780e-01,-0.055,0.064
3.42790e-01,-0.045,0.046
3.42800e-01,-0.053,0.058
3.42810e-01,-0.045,0.048
3.42820e-01,-0.061,0.062
3.42830e-01,-0.059,0.062
3.42840e-01,-0.055,0.064
3.42850e-01,-0.059,0.062
3.42860e-01,-0.061,0.066
3.42870e-01,-0.059,0.06
3.42880e-01,-0.059,0.066
3.42890e-01,-0.063,0.062
3.42900e-01,-0.059,0.062
3.42910e-01,-0.059,0.064
3.42920e-01,-0.055,0.06
3.42930e-01,-0.059,0.064
3.42940e-01,-0.055,0.058
3.42950e-01,-0.059,0.064
3.42960e-01,-0.057,0.06
3.42970e-01,-0.065,0.064
3.42980e-01,-0.061,0.062
3.42990e-01,-0.061,0.064
3.43000e-01,-0.061,0.064
3.43010e-01,-0.053,0.058
3.43020e-01,-0.061,0.062
3.43030e-01,-0.061,0.062
3.43040e-01,-0.061,0.062
3.43050e-01,-0.055,0.064
3.43060e-01,-0.063,0.064
3.43070e-01,-0.059,0.062
3.43080e-01,-0.059,0.062
3.43090e-01,-0.059,0.064
3.43100e-01,-0.059,0.066
3.43110e-01,-0.061,0.066
3.43120e-01,-0.057,0.064
3.43130e-01,-0.057,0.06
3.43140e-01,-0.057,0.064
3.43150e-01,-0.057,0.062
3.43160e-01,-0.055,0.058
3.43170e-01,-0.047,0.054
3.43180e-01,-0.057,0.06
3.43190e-01,-0.051,0.054
3.43200e-01,-0.047,0.05
3.43210e-01,-0.043,0.048
3.43220e-01,-0.053,0.054
3.43230e-01,-0.053,0.056
3.43240e-01,-0.059,0.06
3.43250e-01,-0.059,0.066
3.43260e-01,-0.061,0.066
3.43270e-01,-0.063,0.064
3.43280e-01,-0.061,0.064
3.43290e-01,-0.061,0.066
3.43300e-01,-0.057,0.064
3.43310e-01,-0.059,0.062
3.43320e-01,-0.059,0.064
3.43330e-01,-0.059,0.06
3.43340e-01,-0.065,0.064
3.43350e-01,-0.061,0.062
3.43360e-01,-0.061,0.064
3.43370e-01,-0.057,0.064
3.43380e-01,-0.057,0.062
3.43390e-01,-0.061,0.06
3.43400e-01,-0.047,0.058
3.43410e-01,-0.061,0.062
3.43420e-01,-0.053,0.06
3.43430e-01,-0.051,0.06
3.43440e-01,-0.057,0.06
3.43450e-01,-0.061,0.068
3.43460e-01,-0.059,0.06
3.43470e-01,-0.061,0.064
3.43480e-01,-0.055,0.06
3.43490e-01,-0.059,0.06
3.43500e-01,-0.063,0.066
3.43510e-01,-0.059,0.062
3.43520e-01,-0.063,0.062
3.43530e-01,-0.059,0.062
3.43540e-01,-0.057,0.066
3.43550e-01,-0.055,0.058
3.43560e-01,-0.061,0.068
3.43570e-01,-0.057,0.064
3.43580e-01,-0.059,0.062
3.43590e-01,-0.053,0.06
3.43600e-01,-0.053,0.064
3.43610e-01,-0.045,0.052
3.43620e-01,-0.059,0.062
3.43630e-01,-0.049,0.054
3.43640e-01,-0.059,0.066
3.43650e-01,-0.059,0.064
3.43660e-01,-0.061,0.068
3.43670e-01,-0.059,0.064
3.43680e-01,-0.057,0.06
3.43690e-01,-0.059,0.066
3.43700e-01,-0.063,0.062
3.43710e-01,-0.057,0.058
3.43720e-01,-0.059,0.058
3.43730e-01,-0.051,0.058
3.43740e-01,-0.049,0.054
3.43750e-01,-0.061,0.064
3.43760e-01,-0.063,0.064
3.43770e-01,-0.059,0.062
3.43780e-01,-0.053,0.06
3.43790e-01,-0.055,0.058
3.43800e-01,-0.051,0.058
3.43810e-01,-0.061,0.062
3.43820e-01,-0.063,0.064
3.43830e-01,-0.059,0.06
3.43840e-01,-0.057,0.06
3.43850e-01,-0.059,0.064
3.43860e-01,-0.059,0.062
3.43870e-01,-0.059,0.064
3.43880e-01,-0.059,0.062
3.43890e-01,-0.059,0.064
3.43900e-01,-0.063,0.064
3.43910e-01,-0.059,0.064
3.43920e-01,-0.063,0.066
3.43930e-01,-0.061,0.064
3.43940e-01,-0.059,0.064
3.43950e-01,-0.055,0.06
3.43960e-01,-0.057,0.062
3.43970e-01,-0.055,0.062
3.43980e-01,-0.057,0.06
3.43990e-01,-0.059,0.06
3.44000e-01,-0.055,0.06
3.44010e-01,-0.055,0.058
3.44020e-01,-0.061,0.06
3.44030e-01,-0.049,0.058
3.44040e-01,-0.063,0.064
3.44050e-01,-0.057,0.062
3.44060e-01,-0.059,0.06
3.44070e-01,-0.063,0.06
3.44080e-01,-0.059,0.062
3.44090e-01,-0.061,0.064
3.44100e-01,-0.057,0.066
3.44110e-01,-0.061,0.064
3.44120e-01,-0.055,0.06
3.44130e-01,-0.059,0.06
3.44140e-01,-0.057,0.062
3.44150e-01,-0.055,0.062
3.44160e-01,-0.051,0.058
3.44170e-01,-0.061,0.06
3.44180e-01,-0.061,0.064
3.44190e-01,-0.059,0.06
3.44200e-01,-0.055,0.062
3.44210e-01,-0.061,0.064
3.44220e-01,-0.061,0.062
3.44230e-01,-0.059,0.064
3.44240e-01,-0.061,0.064
3.44250e-01,-0.055,0.06
3.44260e-01,-0.059,0.064
3.44270e-01,-0.059,0.062
3.44280e-01,-0.061,0.064
3.44290e-01,-0.057,0.062
3.44300e-01,-0.061,0.064
3.44310e-01,-0.059,0.066
3.44320e-01,-0.061,0.064
3.44330e-01,-0.059,0.06
3.44340e-01,-0.059,0.062
3.44350e-01,-0.051,0.054
3.44360e-01,-0.053,0.054
3.44370e-01,-0.055,0.056
3.44380e-01,-0.055,0.062
3.44390e-01,-0.053,0.062
3.44400e-01,-0.057,0.062
3.44410e-01,-0.053,0.058
3.44420e-01,-0.051,0.056
3.44430e-01,-0.047,0.054
3.44440e-01,-0.039,0.048
3.44450e-01,-0.057,0.06
3.44460e-01,-0.059,0.064
3.44470e-01,-0.061,0.066
3.44480e-01,-0.059,0.064
3.44490e-01,-0.059,0.066
3.44500e-01,-0.055,0.06
3.44510e-01,-0.059,0.064
3.44520e-01,-0.061,0.064
3.44530e-01,-0.055,0.062
3.44540e-01,-0.053,0.058
3.44550e-01,-0.057,0.06
3.44560e-01,-0.059,0.064
3.44570e-01,-0.063,0.066
3.44580e-01,-0.061,0.062
3.44590e-01,-0.061,0.064
3.44600e-01,-0.055,0.06
3.44610e-01,-0.057,0.066
3.44620e-01,-0.061,0.06
3.44630e-01,-0.061,0.066
3.44640e-01,-0.055,0.06
3.44650e-01,-0.049,0.054
3.44660e-01,-0.059,0.06
3.44670e-01,-0.051,0.06
3.44680e-01,-0.055,0.064
3.44690e-01,-0.057,0.062
3.44700e-01,-0.061,0.064
3.44710e-01,-0.059,0.064
3.44720e-01,-0.063,0.064
3.44730e-01,-0.059,0.066
3.44740e-01,-0.057,0.062
3.44750e-01,-0.059,0.062
3.44760e-01,-0.049,0.056
3.44770e-01,-0.055,0.06
3.44780e-01,-0.059,0.062
3.44790e-01,-0.055,0.06
3.44800e-01,-0.059,0.06
3.44810e-01,-0.055,0.062
3.44820e-01,-0.057,0.06
3.44830e-01,-0.059,0.062
3.44840e-01,-0.059,0.06
3.44850e-01,-0.045,0.052
3.44860e-01,-0.061,0.064
3.44870e-01,-0.055,0.06
3.44880e-01,-0.051,0.06
3.44890e-01,-0.059,0.064
3.44900e-01,-0.059,0.066
3.44910e-01,-0.061,0.06
3.44920e-01,-0.055,0.06
3.44930e-01,-0.061,0.064
3.44940e-01,-0.045,0.052
3.44950e-01,-0.055,0.06
3.44960e-01,-0.047,0.052
3.44970e-01,-0.063,0.064
3.44980e-01,-0.055,0.056
3.44990e-01,-0.061,0.064
3.45000e-01,-0.063,0.064
3.45010e-01,-0.063,0.06
3.45020e-01,-0.059,0.064
3.45030e-01,-0.061,0.064
3.45040e-01,-0.055,0.06
3.45050e-01,-0.061,0.062
3.45060e-01,-0.059,0.064
3.45070e-01,-0.059,0.062
3.45080e-01,-0.059,0.06
3.45090e-01,-0.061,0.064
3.45100e-01,-0.057,0.054
3.45110e-01,-0.055,0.06
3.45120e-01,-0.059,0.062
3.45130e-01,-0.049,0.056
3.45140e-01,-0.061,0.066
3.45150e-01,-0.059,0.064
3.45160e-01,-0.059,0.064
3.45170e-01,-0.053,0.056
3.45180e-01,-0.057,0.064
3.45190e-01,-0.057,0.06
3.45200e-01,-0.061,0.06
3.45210e-01,-0.059,0.062
3.45220e-01,-0.061,0.062
3.45230e-01,-0.059,0.064
3.45240e-01,-0.057,0.064
3.45250e-01,-0.061,0.064
3.45260e-01,-0.061,0.064
3.45270e-01,-0.057,0.06
3.45280e-01,-0.061,0.064
3.45290e-01,-0.055,0.06
3.45300e-01,-0.061,0.064
3.45310e-01,-0.057,0.064
3.45320e-01,-0.057,0.062
3.45330e-01,-0.061,0.064
3.45340e-01,-0.059,0.06
3.45350e-01,-0.055,0.056
3.45360e-01,-0.055,0.062
3.45370e-01,-0.059,0.062
3.45380e-01,-0.057,0.06
3.45390e-01,-0.063,0.062
3.45400e-01,-0.047,0.054
3.45410e-01,-0.059,0.062
3.45420e-01,-0.061,0.064
3.45430e-01,-0.059,0.06
3.45440e-01,-0.059,0.06
3.45450e-01,-0.051,0.054
3.45460e-01,-0.057,0.062
3.45470e-01,-0.057,0.06
3.45480e-01,-0.059,0.064
3.45490e-01,-0.061,0.062
3.45500e-01,-0.059,0.062
3.45510e-01,-0.061,0.06
3.45520e-01,-0.061,0.064
3.45530e-01,-0.059,0.062
3.45540e-01,-0.061,0.06
3.45550e-01,-0.055,0.062
3.45560e-01,-0.059,0.062
3.45570e-01,-0.061,0.06
3.45580e-01,-0.047,0.054
3.45590e-01,-0.057,0.06
3.45600e-01,-0.059,0.064
3.45610e-01,-0.059,0.066
3.45620e-01,-0.061,0.062
3.45630e-01,-0.057,0.062
3.45640e-01,-0.057,0.064
3.45650e-01,-0.057,0.06
3.45660e-01,-0.063,0.068
3.45670e-01,-0.059,0.064
3.45680e-01,-0.063,0.068
3.45690e-01,-0.061,0.062
3.45700e-01,-0.057,0.062
3.45710e-01,-0.061,0.066
3.45720e-01,-0.057,0.066
3.45730e-01,-0.053,0.06
3.45740e-01,-0.059,0.064
3.45750e-01,-0.055,0.06
3.45760e-01,-0.057,0.064
3.45770e-01,-0.055,0.06
3.45780e-01,-0.061,0.066
3.45790e-01,-0.059,0.066
3.45800e-01,-0.059,0.062
3.45810e-01,-0.059,0.06
3.45820e-01,-0.061,0.064
3.45830e-01,-0.057,0.064
3.45840e-01,-0.055,0.062
3.45850e-01,-0.043,0.048
3.45860e-01,-0.061,0.068
3.45870e-01,-0.063,0.064
3.45880e-01,-0.059,0.064
3.45890e-01,-0.063,0.062
3.45900e-01,-0.055,0.06
3.45910e-01,-0.059,0.064
3.45920e-01,-0.051,0.06
3.45930e-01,-0.061,0.064
3.45940e-01,-0.061,0.062
3.45950e-01,-0.063,0.064
3.45960e-01,-0.059,0.066
3.45970e-01,-0.061,0.064
3.45980e-01,-0.063,0.062
3.45990e-01,-0.059,0.062
3.46000e-01,-0.059,0.062
3.46010e-01,-0.053,0.06
3.46020e-01,-0.053,0.06
3.46030e-01,-0.061,0.064
3.46040e-01,-0.055,0.064
3.46050e-01,-0.055,0.06
3.46060e-01,-0.057,0.066
3.46070e-01,-0.059,0.064
3.46080e-01,-0.059,0.068
3.46090e-01,-0.061,0.066
3.46100e-01,-0.061,0.064
3.46110e-01,-0.065,0.066
3.46120e-01,-0.055,0.06
3.46130e-01,-0.057,0.062
3.46140e-01,-0.061,0.066
3.46150e-01,-0.061,0.062
3.46160e-01,-0.061,0.064
3.46170e-01,-0.063,0.064
3.46180e-01,-0.063,0.062
3.46190e-01,-0.059,0.064
3.46200e-01,-0.055,0.062
3.46210e-01,-0.059,0.062
3.46220e-01,-0.059,0.068
3.46230e-01,-0.049,0.05
3.46240e-01,-0.057,0.064
3.46250e-01,-0.049,0.06
3.46260e-01,-0.059,0.066
3.46270e-01,-0.057,0.066
3.46280e-01,-0.057,0.062
3.46290e-01,-0.059,0.062
3.46300e-01,-0.063,0.064
3.46310e-01,-0.063,0.06
3.46320e-01,-0.061,0.066
3.46330e-01,-0.059,0.06
3.46340e-01,-0.061,0.062
3.46350e-01,-0.059,0.062
3.46360e-01,-0.057,0.062
3.46370e-01,-0.057,0.062
3.46380e-01,-0.061,0.066
3.46390e-01,-0.061,0.062
3.46400e-01,-0.059,0.066
3.46410e-01,-0.055,0.06
3.46420e-01,-0.055,0.058
3.46430e-01,-0.059,0.062
3.46440e-01,-0.061,0.066
3.46450e-01,-0.057,0.06
3.46460e-01,-0.057,0.064
3.46470e-01,-0.057,0.06
3.46480e-01,-0.059,0.06
3.46490e-01,-0.059,0.062
3.46500e-01,-0.063,0.062
3.46510e-01,-0.055,0.06
3.46520e-01,-0.059,0.064
3.46530e-01,-0.057,0.062
3.46540e-01,-0.057,0.06
3.46550e-01,-0.063,0.064
3.46560e-01,-0.055,0.06
3.46570e-01,-0.061,0.068
3.46580e-01,-0.055,0.064
3.46590e-01,-0.061,0.066
3.46600e-01,-0.057,0.064
3.46610e-01,-0.061,0.064
3.46620e-01,-0.057,0.062
3.46630e-01,-0.059,0.06
3.46640e-01,-0.047,0.052
3.46650e-01,-0.057,0.058
3.46660e-01,-0.053,0.054
3.46670e-01,-0.059,0.064
3.46680e-01,-0.061,0.062
3.46690e-01,-0.059,0.062
3.46700e-01,-0.057,0.058
3.46710e-01,-0.063,0.066
3.46720e-01,-0.057,0.062
3.46730e-01,-0.061,0.064
3.46740e-01,-0.059,0.064
3.46750e-01,-0.057,0.06
3.46760e-01,-0.057,0.062
3.46770e-01,-0.059,0.06
3.46780e-01,-0.063,0.064
3.46790e-01,-0.049,0.058
3.46800e-01,-0.057,0.062
3.46810e-01,-0.055,0.058
3.46820e-01,-0.061,0.064
3.46830e-01,-0.059,0.062
3.46840e-01,-0.057,0.058
3.46850e-01,-0.059,0.06
3.46860e-01,-0.057,0.066
3.46870e-01,-0.059,0.062
3.46880e-01,-0.057,0.064
3.46890e-01,-0.059,0.06
3.46900e-01,-0.061,0.064
3.46910e-01,-0.063,0.068
3.46920e-01,-0.059,0.066
3.46930e-01,-0.067,0.066
3.46940e-01,-0.055,0.06
3.46950e-01,-0.059,0.062
3.46960e-01,-0.057,0.064
3.46970e-01,-0.051,0.06
3.46980e-01,-0.055,0.062
3.46990e-01,-0.057,0.06
3.47000e-01,-0.063,0.064
3.47010e-01,-0.057,0.066
3.47020e-01,-0.061,0.066
3.47030e-01,-0.063,0.062
3.47040e-01,-0.055,0.06
3.47050e-01,-0.059,0.062
3.47060e-01,-0.059,0.06
3.47070e-01,-0.061,0.064
3.47080e-01,-0.059,0.062
3.47090e-01,-0.059,0.062
3.47100e-01,-0.059,0.064
3.47110e-01,-0.059,0.062
3.47120e-01,-0.061,0.064
3.47130e-01,-0.059,0.066
3.47140e-01,-0.061,0.06
3.47150e-01,-0.061,0.064
3.47160e-01,-0.061,0.068
3.47170e-01,-0.055,0.056
3.47180e-01,-0.059,0.064
3.47190e-01,-0.057,0.062
3.47200e-01,-0.061,0.064
3.47210e-01,-0.057,0.062
3.47220e-01,-0.061,0.064
3.47230e-01,-0.051,0.056
3.47240e-01,-0.059,0.062
3.47250e-01,-0.057,0.064
3.47260e-01,-0.049,0.056
3.47270e-01,-0.057,0.062
3.47280e-01,-0.061,0.062
3.47290e-01,-0.057,0.064
3.47300e-01,-0.059,0.066
3.47310e-01,-0.061,0.064
3.47320e-01,-0.061,0.062
3.47330e-01,-0.063,0.064
3.47340e-01,-0.055,0.056
3.47350e-01,-0.059,0.064
3.47360e-01,-0.061,0.064
3.47370e-01,-0.055,0.06
3.47380e-01,-0.059,0.06
3.47390e-01,-0.059,0.062
3.47400e-01,-0.057,0.062
3.47410e-01,-0.055,0.062
3.47420e-01,-0.059,0.06
3.47430e-01,-0.061,0.062
3.47440e-01,-0.059,0.064
3.47450e-01,-0.063,0.062
3.47460e-01,-0.055,0.06
3.47470e-01,-0.055,0.058
3.47480e-01,-0.059,0.06
3.47490e-01,-0.047,0.054
3.47500e-01,-0.061,0.062
3.47510e-01,-0.051,0.058
3.47520e-01,-0.063,0.062
3.47530e-01,-0.051,0.054
3.47540e-01,-0.057,0.06
3.47550e-01,-0.061,0.062
3.47560e-01,-0.059,0.062
3.47570e-01,-0.061,0.064
3.47580e-01,-0.061,0.064
3.47590e-01,-0.059,0.062
3.47600e-01,-0.057,0.06
3.47610e-01,-0.061,0.066
3.47620e-01,-0.061,0.064
3.47630e-01,-0.059,0.06
3.47640e-01,-0.055,0.06
3.47650e-01,-0.061,0.064
3.47660e-01,-0.057,0.06
3.47670e-01,-0.059,0.064
3.47680e-01,-0.059,0.064
3.47690e-01,-0.053,0.056
3.47700e-01,-0.055,0.06
3.47710e-01,-0.061,0.064
3.47720e-01,-0.053,0.06
3.47730e-01,-0.055,0.064
3.47740e-01,-0.041,0.048
3.47750e-01,-0.059,0.064
3.47760e-01,-0.061,0.06
3.47770e-01,-0.059,0.064
3.47780e-01,-0.055,0.06
3.47790e-01,-0.061,0.06
3.47800e-01,-0.059,0.062
3.47810e-01,-0.059,0.064
3.47820e-01,-0.061,0.064
3.47830e-01,-0.063,0.06
3.47840e-01,-0.053,0.06
3.47850e-01,-0.059,0.064
3.47860e-01,-0.055,0.06
3.47870e-01,-0.059,0.064
3.47880e-01,-0.061,0.066
3.47890e-01,-0.059,0.062
3.47900e-01,-0.059,0.066
3.47910e-01,-0.043,0.052
3.47920e-01,-0.059,0.062
3.47930e-01,-0.061,0.062
3.47940e-01,-0.063,0.064
3.47950e-01,-0.059,0.06
3.47960e-01,-0.055,0.06
3.47970e-01,-0.051,0.058
3.47980e-01,-0.061,0.062
3.47990e-01,-0.055,0.06
3.48000e-01,-0.059,0.062
3.48010e-01,-0.051,0.058
3.48020e-01,-0.061,0.064
3.48030e-01,-0.061,0.066
3.48040e-01,-0.055,0.062
3.48050e-01,-0.051,0.058
3.48060e-01,-0.059,0.06
3.48070e-01,-0.061,0.064
3.48080e-01,-0.057,0.058
3.48090e-01,-0.063,0.062
3.48100e-01,-0.059,0.062
3.48110e-01,-0.039,0.048
3.48120e-01,-0.057,0.064
3.48130e-01,-0.059,0.062
3.48140e-01,-0.063,0.064
3.48150e-01,-0.059,0.062
3.48160e-01,-0.063,0.062
3.48170e-01,-0.055,0.06
3.48180e-01,-0.055,0.066
3.48190e-01,-0.065,0.064
3.48200e-01,-0.059,0.064
3.48210e-01,-0.061,0.064
3.48220e-01,-0.061,0.062
3.48230e-01,-0.059,0.064
3.48240e-01,-0.057,0.06
3.48250e-01,-0.059,0.062
3.48260e-01,-0.061,0.06
3.48270e-01,-0.059,0.062
3.48280e-01,-0.061,0.066
3.48290e-01,-0.057,0.06
3.48300e-01,-0.053,0.06
3.48310e-01,-0.063,0.064
3.48320e-01,-0.057,0.062
3.48330e-01,-0.063,0.064
3.48340e-01,-0.059,0.064
3.48350e-01,-0.053,0.058
3.48360e-01,-0.065,0.066
3.48370e-01,-0.059,0.064
3.48380e-01,-0.059,0.06
3.48390e-01,-0.063,0.064
3.48400e-01,-0.055,0.06
3.48410e-01,-0.059,0.062
3.48420e-01,-0.065,0.064
3.48430e-01,-0.055,0.062
3.48440e-01,-0.059,0.064
3.48450e-01,-0.059,0.062
3.48460e-01,-0.055,0.058
3.48470e-01,-0.061,0.062
3.48480e-01,-0.049,0.056
3.48490e-01,-0.063,0.064
3.48500e-01,-0.057,0.058
3.48510e-01,-0.059,0.06
3.48520e-01,-0.049,0.056
3.48530e-01,-0.055,0.06
3.48540e-01,-0.061,0.064
3.48550e-01,-0.059,0.064
3.48560e-01,-0.059,0.064
3.48570e-01,-0.061,0.064
3.48580e-01,-0.061,0.064
3.48590e-01,-0.055,0.06
3.48600e-01,-0.061,0.062
3.48610e-01,-0.049,0.056
3.48620e-01,-0.055,0.062
3.48630e-01,-0.049,0.056
3.48640e-01,-0.057,0.06
3.48650e-01,-0.061,0.062
3.48660e-01,-0.055,0.06
3.48670e-01,-0.053,0.06
3.48680e-01,-0.057,0.064
3.48690e-01,-0.059,0.064
3.48700e-01,-0.055,0.06
3.48710e-01,-0.055,0.064
3.48720e-01,-0.061,0.062
3.48730e-01,-0.061,0.064
3.48740e-01,-0.059,0.06
3.48750e-01,-0.059,0.064
3.48760e-01,-0.061,0.062
3.48770e-01,-0.057,0.062
3.48780e-01,-0.061,0.064
3.48790e-01,-0.059,0.062
3.48800e-01,-0.059,0.062
3.48810e-01,-0.057,0.064
3.48820e-01,-0.053,0.058
3.48830e-01,-0.059,0.066
3.48840e-01,-0.055,0.056
3.48850e-01,-0.061,0.062
3.48860e-01,-0.061,0.062
3.48870e-01,-0.055,0.06
3.48880e-01,-0.059,0.064
3.48890e-01,-0.051,0.06
3.48900e-01,-0.057,0.062
3.48910e-01,-0.057,0.06
3.48920e-01,-0.061,0.066
3.48930e-01,-0.055,0.064
3.48940e-01,-0.061,0.064
3.48950e-01,-0.055,0.062
3.48960e-01,-0.061,0.066
3.48970e-01,-0.061,0.062
3.48980e-01,-0.059,0.064
3.48990e-01,-0.059,0.066
3.49000e-01,-0.059,0.06
3.49010e-01,-0.057,0.066
3.49020e-01,-0.059,0.06
3.49030e-01,-0.061,0.064
3.49040e-01,-0.055,0.058
3.49050e-01,-0.063,0.064
3.49060e-01,-0.053,0.058
3.49070e-01,-0.053,0.058
3.49080e-01,-0.059,0.06
3.49090e-01,-0.059,0.064
3.49100e-01,-0.059,0.066
3.49110e-01,-0.061,0.064
3.49120e-01,-0.061,0.064
3.49130e-01,-0.049,0.058
3.49140e-01,-0.059,0.064
3.49150e-01,-0.049,0.054
3.49160e-01,-0.057,0.062
3.49170e-01,-0.059,0.062
3.49180e-01,-0.061,0.064
3.49190e-01,-0.059,0.062
3.49200e-01,-0.061,0.06
3.49210e-01,-0.045,0.052
3.49220e-01,-0.059,0.062
3.49230e-01,-0.059,0.062
3.49240e-01,-0.055,0.062
3.49250e-01,-0.057,0.064
3.49260e-01,-0.059,0.064
3.49270e-01,-0.061,0.064
3.49280e-01,-0.063,0.064
3.49290e-01,-0.061,0.068
3.49300e-01,-0.059,0.06
3.49310e-01,-0.055,0.06
3.49320e-01,-0.059,0.062
3.49330e-01,-0.059,0.062
3.49340e-01,-0.051,0.054
3.49350e-01,-0.053,0.06
3.49360e-01,-0.049,0.054
3.49370e-01,-0.059,0.06
3.49380e-01,-0.059,0.064
3.49390e-01,-0.053,0.056
3.49400e-01,-0.059,0.066
3.49410e-01,-0.061,0.066
3.49420e-01,-0.059,0.06
3.49430e-01,-0.061,0.064
3.49440e-01,-0.059,0.062
3.49450e-01,-0.061,0.066
3.49460e-01,-0.059,0.062
3.49470e-01,-0.043,0.048
3.49480e-01,-0.059,0.064
3.49490e-01,-0.049,0.05
3.49500e-01,-0.061,0.064
3.49510e-01,-0.047,0.056
3.49520e-01,-0.061,0.064
3.49530e-01,-0.053,0.056
3.49540e-01,-0.061,0.064
3.49550e-01,-0.061,0.064
3.49560e-01,-0.055,0.064
3.49570e-01,-0.059,0.066
3.49580e-01,-0.059,0.06
3.49590e-01,-0.059,0.06
3.49600e-01,-0.061,0.066
3.49610e-01,-0.057,0.066
3.49620e-01,-0.053,0.062
3.49630e-01,-0.059,0.062
3.49640e-01,-0.061,0.06
3.49650e-01,-0.061,0.064
3.49660e-01,-0.055,0.06
3.49670e-01,-0.057,0.062
3.49680e-01,-0.055,0.06
3.49690e-01,-0.059,0.062
3.49700e-01,-0.053,0.054
3.49710e-01,-0.059,0.064
3.49720e-01,-0.059,0.06
3.49730e-01,-0.057,0.064
3.49740e-01,-0.059,0.064
3.49750e-01,-0.055,0.06
3.49760e-01,-0.057,0.064
3.49770e-01,-0.057,0.06
3.49780e-01,-0.061,0.064
3.49790e-01,-0.055,0.058
3.49800e-01,-0.059,0.06
3.49810e-01,-0.055,0.06
3.49820e-01,-0.061,0.064
3.49830e-01,-0.059,0.062
3.49840e-01,-0.059,0.064
3.49850e-01,-0.059,0.062
3.49860e-01,-0.059,0.06
3.49870e-01,-0.053,0.054
3.49880e-01,-0.057,0.06
3.49890e-01,-0.059,0.064
3.49900e-01,-0.061,0.062
3.49910e-01,-0.057,0.066
3.49920e-01,-0.051,0.058
3.49930e-01,-0.059,0.064
3.49940e-01,-0.049,0.054
3.49950e-01,-0.061,0.062
3.49960e-01,-0.051,0.058
3.49970e-01,-0.061,0.062
3.49980e-01,-0.057,0.062
3.49990e-01,-0.057,0.064
3.50000e-01,-0.057,0.06
3.50010e-01,-0.059,0.06
3.50020e-01,-0.061,0.062
3.50030e-01,-0.045,0.052
3.50040e-01,-0.057,0.066
3.50050e-01,-0.055,0.058
3.50060e-01,-0.059,0.064
3.50070e-01,-0.057,0.058
3.50080e-01,-0.061,0.062
3.50090e-01,-0.061,0.064
3.50100e-01,-0.053,0.064
3.50110e-01,-0.061,0.062
3.50120e-01,-0.061,0.062
3.50130e-01,-0.059,0.064
3.50140e-01,-0.051,0.056
3.50150e-01,-0.059,0.06
3.50160e-01,-0.061,0.062
3.50170e-01,-0.059,0.068
3.50180e-01,-0.057,0.062
3.50190e-01,-0.061,0.062
3.50200e-01,-0.059,0.062
3.50210e-01,-0.059,0.062
3.50220e-01,-0.051,0.058
3.50230e-01,-0.053,0.054
3.50240e-01,-0.045,0.046
3.50250e-01,-0.057,0.062
3.50260e-01,-0.053,0.06
3.50270e-01,-0.061,0.068
3.50280e-01,-0.059,0.062
3.50290e-01,-0.059,0.062
3.50300e-01,-0.061,0.064
3.50310e-01,-0.055,0.062
3.50320e-01,-0.057,0.06
3.50330e-01,-0.061,0.062
3.50340e-01,-0.059,0.06
3.50350e-01,-0.061,0.064
3.50360e-01,-0.059,0.062
3.50370e-01,-0.055,0.06
3.50380e-01,-0.053,0.06
3.50390e-01,-0.045,0.054
3.50400e-01,-0.059,0.064
3.50410e-01,-0.057,0.06
3.50420e-01,-0.055,0.062
3.50430e-01,-0.059,0.066
3.50440e-01,-0.057,0.062
3.50450e-01,-0.057,0.062
3.50460e-01,-0.061,0.066
3.50470e-01,-0.059,0.064
3.50480e-01,-0.057,0.06
3.50490e-01,-0.059,0.064
3.50500e-01,-0.061,0.062
3.50510e-01,-0.057,0.06
3.50520e-01,-0.055,0.06
3.50530e-01,-0.059,0.062
3.50540e-01,-0.059,0.062
3.50550e-01,-0.055,0.064
3.50560e-01,-0.061,0.064
3.50570e-01,-0.061,0.064
3.50580e-01,-0.059,0.064
3.50590e-01,-0.063,0.064
3.50600e-01,-0.053,0.06
3.50610e-01,-0.059,0.068
3.50620e-01,-0.055,0.06
3.50630e-01,-0.061,0.062
3.50640e-01,-0.053,0.058
3.50650e-01,-0.059,0.062
3.50660e-01,-0.059,0.064
3.50670e-01,-0.057,0.064
3.50680e-01,-0.055,0.06
3.50690e-01,-0.055,0.064
3.50700e-01,-0.049,0.056
3.50710e-01,-0.057,0.062
3.50720e-01,-0.051,0.06
3.50730e-01,-0.059,0.064
3.50740e-01,-0.041,0.048
3.50750e-01,-0.059,0.064
3.50760e-01,-0.055,0.064
3.50770e-01,-0.061,0.064
3.50780e-01,-0.061,0.06
3.50790e-01,-0.059,0.064
3.50800e-01,-0.053,0.058
3.50810e-01,-0.057,0.06
3.50820e-01,-0.059,0.064
3.50830e-01,-0.051,0.058
3.50840e-01,-0.061,0.06
3.50850e-01,-0.053,0.056
3.50860e-01,-0.059,0.06
3.50870e-01,-0.057,0.06
3.50880e-01,-0.049,0.06
3.50890e-01,-0.061,0.064
3.50900e-01,-0.053,0.062
3.50910e-01,-0.059,0.06
3.50920e-01,-0.057,0.062
3.50930e-01,-0.059,0.064
3.50940e-01,-0.057,0.066
3.50950e-01,-0.053,0.054
3.50960e-01,-0.061,0.062
3.50970e-01,-0.059,0.062
3.50980e-01,-0.051,0.052
3.50990e-01,-0.057,0.06
3.51000e-01,-0.053,0.06
3.51010e-01,-0.057,0.064
3.51020e-01,-0.047,0.056
3.51030e-01,-0.063,0.064
3.51040e-01,-0.053,0.058
3.51050e-01,-0.061,0.064
3.51060e-01,-0.061,0.064
3.51070e-01,-0.061,0.06
3.51080e-01,-0.061,0.06
3.51090e-01,-0.059,0.062
3.51100e-01,-0.053,0.06
3.51110e-01,-0.061,0.062
3.51120e-01,-0.061,0.064
3.51130e-01,-0.061,0.066
3.51140e-01,-0.057,0.062
3.51150e-01,-0.057,0.064
3.51160e-01,-0.059,0.064
3.51170e-01,-0.053,0.06
3.51180e-01,-0.061,0.062
3.51190e-01,-0.055,0.064
3.51200e-01,-0.059,0.062
3.51210e-01,-0.057,0.06
3.51220e-01,-0.057,0.06
3.51230e-01,-0.059,0.062
3.51240e-01,-0.055,0.06
3.51250e-01,-0.055,0.06
3.51260e-01,-0.061,0.064
3.51270e-01,-0.059,0.066
3.51280e-01,-0.049,0.054
3.51290e-01,-0.063,0.064
3.51300e-01,-0.055,0.06
3.51310e-01,-0.063,0.064
3.51320e-01,-0.059,0.062
3.51330e-01,-0.059,0.062
3.51340e-01,-0.057,0.06
3.51350e-01,-0.055,0.054
3.51360e-01,-0.049,0.058
3.51370e-01,-0.051,0.058
3.51380e-01,-0.057,0.06
3.51390e-01,-0.063,0.064
3.51400e-01,-0.057,0.062
3.51410e-01,-0.057,0.064
3.51420e-01,-0.061,0.066
3.51430e-01,-0.061,0.066
3.51440e-01,-0.059,0.064
3.51450e-01,-0.051,0.058
3.51460e-01,-0.059,0.064
3.51470e-01,-0.059,0.066
3.51480e-01,-0.051,0.056
3.51490e-01,-0.045,0.054
3.51500e-01,-0.059,0.066
3.51510e-01,-0.059,0.06
3.51520e-01,-0.061,0.066
3.51530e-01,-0.061,0.06
3.51540e-01,-0.063,0.064
3.51550e-01,-0.057,0.062
3.51560e-01,-0.061,0.062
3.51570e-01,-0.063,0.062
3.51580e-01,-0.057,0.062
3.51590e-01,-0.051,0.056
3.51600e-01,-0.061,0.064
3.51610e-01,-0.059,0.06
3.51620e-01,-0.059,0.064
3.51630e-01,-0.055,0.06
3.51640e-01,-0.057,0.064
3.51650e-01,-0.055,0.06
3.51660e-01,-0.051,0.06
3.51670e-01,-0.059,0.06
3.51680e-01,-0.059,0.064
3.51690e-01,-0.059,0.064
3.51700e-01,-0.059,0.064
3.51710e-01,-0.061,0.062
3.51720e-01,-0.063,0.064
3.51730e-01,-0.057,0.06
3.51740e-01,-0.061,0.068
3.51750e-01,-0.059,0.062
3.51760e-01,-0.059,0.062
3.51770e-01,-0.057,0.06
3.51780e-01,-0.059,0.064
3.51790e-01,-0.057,0.06
3.51800e-01,-0.059,0.064
3.51810e-01,-0.047,0.056
3.51820e-01,-0.061,0.064
3.51830e-01,-0.053,0.056
3.51840e-01,-0.059,0.062
3.51850e-01,-0.043,0.048
3.51860e-01,-0.045,0.05
3.51870e-01,-0.047,0.054
3.51880e-01,-0.057,0.062
3.51890e-01,-0.053,0.06
3.51900e-01,-0.051,0.058
3.51910e-01,-0.061,0.068
3.51920e-01,-0.059,0.064
3.51930e-01,-0.059,0.064
3.51940e-01,-0.063,0.064
3.51950e-01,-0.059,0.062
3.51960e-01,-0.061,0.062
3.51970e-01,-0.059,0.062
3.51980e-01,-0.055,0.062
3.51990e-01,-0.059,0.064
3.52000e-01,-0.057,0.062
3.52010e-01,-0.063,0.064
3.52020e-01,-0.063,0.066
3.52030e-01,-0.061,0.064
3.52040e-01,-0.059,0.064
3.52050e-01,-0.055,0.064
3.52060e-01,-0.059,0.068
3.52070e-01,-0.057,0.064
3.52080e-01,-0.061,0.062
3.52090e-01,-0.061,0.066
3.52100e-01,-0.057,0.064
3.52110e-01,-0.061,0.066
3.52120e-01,-0.065,0.066
3.52130e-01,-0.059,0.062
3.52140e-01,-0.061,0.064
3.52150e-01,-0.061,0.066
3.52160e-01,-0.063,0.06
3.52170e-01,-0.059,0.066
3.52180e-01,-0.061,0.064
3.52190e-01,-0.055,0.06
3.52200e-01,-0.059,0.06
3.52210e-01,-0.059,0.06
3.52220e-01,-0.059,0.064
3.52230e-01,-0.057,0.064
3.52240e-01,-0.061,0.062
3.52250e-01,-0.063,0.06
3.52260e-01,-0.059,0.06
3.52270e-01,-0.055,0.06
3.52280e-01,-0.051,0.058
3.52290e-01,-0.055,0.062
3.52300e-01,-0.061,0.066
3.52310e-01,-0.059,0.064
3.52320e-01,-0.063,0.06
3.52330e-01,-0.059,0.06
3.52340e-01,-0.057,0.062
3.52350e-01,-0.059,0.064
3.52360e-01,-0.051,0.054
3.52370e-01,-0.057,0.058
3.52380e-01,-0.057,0.064
3.52390e-01,-0.049,0.052
3.52400e-01,-0.057,0.054
3.52410e-01,-0.055,0.06
3.52420e-01,-0.051,0.06
3.52430e-01,-0.061,0.062
3.52440e-01,-0.061,0.064
3.52450e-01,-0.053,0.06
3.52460e-01,-0.059,0.06
3.52470e-01,-0.057,0.06
3.52480e-01,-0.061,0.064
3.52490e-01,-0.055,0.062
3.52500e-01,-0.063,0.064
3.52510e-01,-0.051,0.058
3.52520e-01,-0.051,0.06
3.52530e-01,-0.057,0.06
3.52540e-01,-0.057,0.06
3.52550e-01,-0.049,0.054
3.52560e-01,-0.061,0.06
3.52570e-01,-0.051,0.06
3.52580e-01,-0.061,0.066
3.52590e-01,-0.063,0.064
3.52600e-01,-0.059,0.06
3.52610e-01,-0.059,0.066
3.52620e-01,-0.061,0.064
3.52630e-01,-0.061,0.064
3.52640e-01,-0.061,0.064
3.52650e-01,-0.059,0.064
3.52660e-01,-0.061,0.06
3.52670e-01,-0.051,0.058
3.52680e-01,-0.061,0.066
3.52690e-01,-0.047,0.054
3.52700e-01,-0.059,0.064
3.52710e-01,-0.047,0.052
3.52720e-01,-0.053,0.06
3.52730e-01,-0.047,0.054
3.52740e-01,-0.059,0.064
3.52750e-01,-0.051,0.06
3.52760e-01,-0.057,0.056
3.52770e-01,-0.063,0.066
3.52780e-01,-0.055,0.06
3.52790e-01,-0.059,0.06
3.52800e-01,-0.059,0.06
3.52810e-01,-0.059,0.062
3.52820e-01,-0.055,0.06
3.52830e-01,-0.051,0.054
3.52840e-01,-0.055,0.06
3.52850e-01,-0.063,0.062
3.52860e-01,-0.051,0.058
3.52870e-01,-0.059,0.062
3.52880e-01,-0.047,0.054
3.52890e-01,-0.059,0.064
3.52900e-01,-0.053,0.06
3.52910e-01,-0.059,0.066
3.52920e-01,-0.055,0.064
3.52930e-01,-0.061,0.062
3.52940e-01,-0.061,0.066
3.52950e-01,-0.063,0.064
3.52960e-01,-0.051,0.056
3.52970e-01,-0.057,0.062
3.52980e-01,-0.051,0.058
3.52990e-01,-0.059,0.062
3.53000e-01,-0.049,0.06
3.53010e-01,-0.057,0.066
3.53020e-01,-0.053,0.058
3.53030e-01,-0.057,0.062
3.53040e-01,-0.061,0.062
3.53050e-01,-0.059,0.066
3.53060e-01,-0.057,0.062
3.53070e-01,-0.055,0.062
3.53080e-01,-0.061,0.064
3.53090e-01,-0.049,0.052
3.53100e-01,-0.063,0.064
3.53110e-01,-0.055,0.058
3.53120e-01,-0.061,0.064
3.53130e-01,-0.053,0.058
3.53140e-01,-0.061,0.068
3.53150e-01,-0.061,0.064
3.53160e-01,-0.053,0.06
3.53170e-01,-0.057,0.064
3.53180e-01,-0.059,0.064
3.53190e-01,-0.061,0.064
3.53200e-01,-0.063,0.062
3.53210e-01,-0.061,0.062
3.53220e-01,-0.061,0.064
3.53230e-01,-0.057,0.064
3.53240e-01,-0.053,0.06
3.53250e-01,-0.061,0.062
3.53260e-01,-0.059,0.062
3.53270e-01,-0.057,0.064
3.53280e-01,-0.057,0.062
3.53290e-01,-0.057,0.062
3.53300e-01,-0.043,0.044
3.53310e-01,-0.061,0.064
3.53320e-01,-0.035,0.04
3.53330e-01,-0.059,0.064
3.53340e-01,-0.041,0.044
3.53350e-01,-0.059,0.062
3.53360e-01,-0.049,0.056
3.53370e-01,-0.061,0.062
3.53380e-01,-0.057,0.06
3.53390e-01,-0.045,0.052
3.53400e-01,-0.057,0.06
3.53410e-01,-0.047,0.05
3.53420e-01,-0.057,0.06
3.53430e-01,-0.049,0.056
3.53440e-01,-0.059,0.064
3.53450e-01,-0.055,0.064
3.53460e-01,-0.053,0.062
3.53470e-01,-0.059,0.064
3.53480e-01,-0.061,0.064
3.53490e-01,-0.045,0.054
3.53500e-01,-0.061,0.064
3.53510e-01,-0.049,0.058
3.53520e-01,-0.061,0.064
3.53530e-01,-0.055,0.062
3.53540e-01,-0.057,0.06
3.53550e-01,-0.057,0.06
3.53560e-01,-0.057,0.06
3.53570e-01,-0.061,0.062
3.53580e-01,-0.059,0.064
3.53590e-01,-0.057,0.064
3.53600e-01,-0.043,0.048
3.53610e-01,-0.059,0.064
3.53620e-01,-0.053,0.054
3.53630e-01,-0.059,0.064
3.53640e-01,-0.063,0.066
3.53650e-01,-0.055,0.064
3.53660e-01,-0.055,0.06
3.53670e-01,-0.045,0.054
3.53680e-01,-0.061,0.062
3.53690e-01,-0.057,0.06
3.53700e-01,-0.057,0.06
3.53710e-01,-0.061,0.062
3.53720e-01,-0.055,0.06
3.53730e-01,-0.061,0.064
3.53740e-01,-0.055,0.062
3.53750e-01,-0.057,0.06
3.53760e-01,-0.037,0.05
3.53770e-01,-0.045,0.052
3.53780e-01,-0.051,0.054
3.53790e-01,-0.061,0.062
3.53800e-01,-0.059,0.064
3.53810e-01,-0.061,0.068
3.53820e-01,-0.057,0.062
3.53830e-01,-0.061,0.06
3.53840e-01,-0.061,0.064
3.53850e-01,-0.059,0.066
3.53860e-01,-0.059,0.062
3.53870e-01,-0.059,0.064
3.53880e-01,-0.045,0.06
3.53890e-01,-0.057,0.064
3.53900e-01,-0.053,0.058
3.53910e-01,-0.061,0.064
3.53920e-01,-0.059,0.062
3.53930e-01,-0.059,0.064
3.53940e-01,-0.057,0.062
3.53950e-01,-0.063,0.064
3.53960e-01,-0.061,0.064
3.53970e-01,-0.057,0.064
3.53980e-01,-0.053,0.056
3.53990e-01,-0.053,0.06
3.54000e-01,-0.053,0.058
3.54010e-01,-0.061,0.064
3.54020e-01,-0.059,0.066
3.54030e-01,-0.065,0.064
3.54040e-01,-0.061,0.064
3.54050e-01,-0.057,0.064
3.54060e-01,-0.061,0.064
3.54070e-01,-0.063,0.064
3.54080e-01,-0.063,0.064
3.54090e-01,-0.047,0.056
3.54100e-01,-0.053,0.058
3.54110e-01,-0.059,0.062
3.54120e-01,-0.059,0.068
3.54130e-01,-0.061,0.064
3.54140e-01,-0.061,0.064
3.54150e-01,-0.061,0.064
3.54160e-01,-0.061,0.062
3.54170e-01,-0.061,0.062
3.54180e-01,-0.055,0.06
3.54190e-01,-0.061,0.064
3.54200e-01,-0.061,0.064
3.54210e-01,-0.059,0.062
3.54220e-01,-0.061,0.062
3.54230e-01,-0.057,0.064
3.54240e-01,-0.061,0.062
3.54250e-01,-0.059,0.062
3.54260e-01,-0.063,0.064
3.54270e-01,-0.059,0.064
3.54280e-01,-0.059,0.062
3.54290e-01,-0.063,0.062
3.54300e-01,-0.063,0.062
3.54310e-01,-0.057,0.062
3.54320e-01,-0.059,0.062
3.54330e-01,-0.063,0.062
3.54340e-01,-0.059,0.062
3.54350e-01,-0.051,0.058
3.54360e-01,-0.057,0.062
3.54370e-01,-0.065,0.064
3.54380e-01,-0.059,0.062
3.54390e-01,-0.065,0.062
3.54400e-01,-0.055,0.06
3.54410e-01,-0.059,0.062
3.54420e-01,-0.057,0.06
3.54430e-01,-0.061,0.064
3.54440e-01,-0.061,0.064
3.54450e-01,-0.059,0.068
3.54460e-01,-0.059,0.062
3.54470e-01,-0.059,0.064
3.54480e-01,-0.061,0.064
3.54490e-01,-0.057,0.06
3.54500e-01,-0.061,0.064
3.54510e-01,-0.055,0.062
3.54520e-01,-0.057,0.06
3.54530e-01,-0.061,0.062
3.54540e-01,-0.059,0.064
3.54550e-01,-0.057,0.064
3.54560e-01,-0.061,0.064
3.54570e-01,-0.063,0.064
3.54580e-01,-0.061,0.064
3.54590e-01,-0.055,0.06
3.54600e-01,-0.045,0.048
3.54610e-01,-0.061,0.066
3.54620e-01,-0.057,0.06
3.54630e-01,-0.059,0.064
3.54640e-01,-0.061,0.064
3.54650e-01,-0.061,0.066
3.54660e-01,-0.057,0.06
3.54670e-01,-0.059,0.064
3.54680e-01,-0.055,0.058
3.54690e-01,-0.061,0.066
3.54700e-01,-0.055,0.06
3.54710e-01,-0.059,0.062
3.54720e-01,-0.061,0.064
3.54730e-01,-0.059,0.064
3.54740e-01,-0.063,0.064
3.54750e-01,-0.059,0.066
3.54760e-01,-0.059,0.064
3.54770e-01,-0.057,0.064
3.54780e-01,-0.055,0.058
3.54790e-01,-0.059,0.064
3.54800e-01,-0.059,0.064
3.54810e-01,-0.059,0.068
3.54820e-01,-0.059,0.064
3.54830e-01,-0.061,0.064
3.54840e-01,-0.059,0.066
3.54850e-01,-0.057,0.062
3.54860e-01,-0.061,0.064
3.54870e-01,-0.063,0.064
3.54880e-01,-0.059,0.064
3.54890e-01,-0.063,0.066
3.54900e-01,-0.055,0.06
3.54910e-01,-0.061,0.064
3.54920e-01,-0.059,0.064
3.54930e-01,-0.055,0.06
3.54940e-01,-0.049,0.052
3.54950e-01,-0.059,0.064
3.54960e-01,-0.063,0.064
3.54970e-01,-0.057,0.064
3.54980e-01,-0.059,0.062
3.54990e-01,-0.059,0.064
3.55000e-01,-0.057,0.064
3.55010e-01,-0.051,0.054
3.55020e-01,-0.061,0.064
3.55030e-01,-0.059,0.066
3.55040e-01,-0.059,0.064
3.55050e-01,-0.061,0.062
3.55060e-01,-0.059,0.068
3.55070e-01,-0.059,0.06
3.55080e-01,-0.057,0.062
3.55090e-01,-0.057,0.06
3.55100e-01,-0.051,0.054
3.55110e-01,-0.059,0.062
3.55120e-01,-0.053,0.056
3.55130e-01,-0.061,0.062
3.55140e-01,-0.061,0.064
3.55150e-01,-0.061,0.066
3.55160e-01,-0.061,0.062
3.55170e-01,-0.059,0.06
3.55180e-01,-0.061,0.06
3.55190e-01,-0.061,0.062
3.55200e-01,-0.059,0.062
3.55210e-01,-0.061,0.066
3.55220e-01,-0.061,0.064
3.55230e-01,-0.049,0.058
3.55240e-01,-0.059,0.064
3.55250e-01,-0.051,0.058
3.55260e-01,-0.063,0.064
3.55270e-01,-0.061,0.06
3.55280e-01,-0.055,0.064
3.55290e-01,-0.061,0.064
3.55300e-01,-0.045,0.052
3.55310e-01,-0.059,0.062
3.55320e-01,-0.039,0.046
3.55330e-01,-0.059,0.064
3.55340e-01,-0.053,0.054
3.55350e-01,-0.053,0.058
3.55360e-01,-0.061,0.064
3.55370e-01,-0.059,0.058
3.55380e-01,-0.061,0.066
3.55390e-01,-0.055,0.06
3.55400e-01,-0.061,0.064
3.55410e-01,-0.061,0.064
3.55420e-01,-0.057,0.064
3.55430e-01,-0.061,0.064
3.55440e-01,-0.057,0.064
3.55450e-01,-0.063,0.062
3.55460e-01,-0.061,0.068
3.55470e-01,-0.057,0.06
3.55480e-01,-0.055,0.064
3.55490e-01,-0.061,0.064
3.55500e-01,-0.055,0.06
3.55510e-01,-0.061,0.064
3.55520e-01,-0.059,0.064
3.55530e-01,-0.061,0.062
3.55540e-01,-0.057,0.06
3.55550e-01,-0.061,0.06
3.55560e-01,-0.063,0.064
3.55570e-01,-0.057,0.064
3.55580e-01,-0.057,0.064
3.55590e-01,-0.059,0.062
3.55600e-01,-0.051,0.056
3.55610e-01,-0.063,0.064
3.55620e-01,-0.055,0.06
3.55630e-01,-0.059,0.06
3.55640e-01,-0.059,0.064
3.55650e-01,-0.059,0.064
3.55660e-01,-0.061,0.062
3.55670e-01,-0.061,0.062
3.55680e-01,-0.061,0.064
3.55690e-01,-0.059,0.064
3.55700e-01,-0.063,0.06
3.55710e-01,-0.061,0.064
3.55720e-01,-0.059,0.066
3.55730e-01,-0.061,0.066
3.55740e-01,-0.061,0.068
3.55750e-01,-0.063,0.066
3.55760e-01,-0.045,0.054
3.55770e-01,-0.055,0.06
3.55780e-01,-0.055,0.06
3.55790e-01,-0.063,0.064
3.55800e-01,-0.059,0.062
3.55810e-01,-0.057,0.06
3.55820e-01,-0.061,0.064
3.55830e-01,-0.057,0.066
3.55840e-01,-0.059,0.062
3.55850e-01,-0.059,0.058
3.55860e-01,-0.055,0.058
3.55870e-01,-0.055,0.06
3.55880e-01,-0.061,0.064
3.55890e-01,-0.057,0.06
3.55900e-01,-0.057,0.06
3.55910e-01,-0.059,0.064
3.55920e-01,-0.059,0.062
3.55930e-01,-0.059,0.064
3.55940e-01,-0.061,0.06
3.55950e-01,-0.055,0.062
3.55960e-01,-0.053,0.054
3.55970e-01,-0.059,0.066
3.55980e-01,-0.061,0.064
3.55990e-01,-0.061,0.064
3.56000e-01,-0.059,0.064
3.56010e-01,-0.059,0.062
3.56020e-01,-0.057,0.06
3.56030e-01,-0.059,0.064
3.56040e-01,-0.059,0.06
3.56050e-01,-0.059,0.066
3.56060e-01,-0.061,0.064
3.56070e-01,-0.061,0.064
3.56080e-01,-0.059,0.062
3.56090e-01,-0.059,0.06
3.56100e-01,-0.061,0.064
3.56110e-01,-0.061,0.064
3.56120e-01,-0.057,0.066
3.56130e-01,-0.055,0.06
3.56140e-01,-0.061,0.066
3.56150e-01,-0.059,0.064
3.56160e-01,-0.063,0.066
3.56170e-01,-0.059,0.066
3.56180e-01,-0.055,0.06
3.56190e-01,-0.059,0.066
3.56200e-01,-0.061,0.064
3.56210e-01,-0.057,0.064
3.56220e-01,-0.059,0.066
3.56230e-01,-0.061,0.064
3.56240e-01,-0.057,0.062
3.56250e-01,-0.061,0.066
3.56260e-01,-0.061,0.064
3.56270e-01,-0.061,0.066
3.56280e-01,-0.059,0.066
3.56290e-01,-0.063,0.064
3.56300e-01,-0.057,0.064
3.56310e-01,-0.063,0.062
3.56320e-01,-0.059,0.064
3.56330e-01,-0.061,0.062
3.56340e-01,-0.059,0.064
3.56350e-01,-0.063,0.066
3.56360e-01,-0.061,0.062
3.56370e-01,-0.061,0.064
3.56380e-01,-0.057,0.06
3.56390e-01,-0.061,0.062
3.56400e-01,-0.059,0.064
3.56410e-01,-0.053,0.056
3.56420e-01,-0.059,0.064
3.56430e-01,-0.057,0.062
3.56440e-01,-0.061,0.064
3.56450e-01,-0.053,0.058
3.56460e-01,-0.053,0.06
3.56470e-01,-0.055,0.06
3.56480e-01,-0.057,0.064
3.56490e-01,-0.059,0.06
3.56500e-01,-0.059,0.06
3.56510e-01,-0.059,0.058
3.56520e-01,-0.057,0.062
3.56530e-01,-0.053,0.054
3.56540e-01,-0.057,0.064
3.56550e-01,-0.051,0.056
3.56560e-01,-0.061,0.064
3.56570e-01,-0.061,0.062
3.56580e-01,-0.059,0.06
3.56590e-01,-0.061,0.064
3.56600e-01,-0.053,0.058
3.56610e-01,-0.059,0.064
3.56620e-01,-0.059,0.064
3.56630e-01,-0.057,0.062
3.56640e-01,-0.063,0.064
3.56650e-01,-0.057,0.064
3.56660e-01,-0.057,0.062
3.56670e-01,-0.057,0.062
3.56680e-01,-0.059,0.064
3.56690e-01,-0.055,0.06
3.56700e-01,-0.061,0.066
3.56710e-01,-0.059,0.062
3.56720e-01,-0.061,0.062
3.56730e-01,-0.047,0.052
3.56740e-01,-0.061,0.068
3.56750e-01,-0.057,0.06
3.56760e-01,-0.061,0.06
3.56770e-01,-0.053,0.058
3.56780e-01,-0.061,0.062
3.56790e-01,-0.057,0.06
3.56800e-01,-0.061,0.062
3.56810e-01,-0.059,0.064
3.56820e-01,-0.057,0.064
3.56830e-01,-0.061,0.064
3.56840e-01,-0.063,0.064
3.56850e-01,-0.057,0.06
3.56860e-01,-0.051,0.056
3.56870e-01,-0.057,0.06
3.56880e-01,-0.061,0.068
3.56890e-01,-0.059,0.064
3.56900e-01,-0.061,0.062
3.56910e-01,-0.055,0.062
3.56920e-01,-0.057,0.064
3.56930e-01,-0.061,0.062
3.56940e-01,-0.061,0.064
3.56950e-01,-0.061,0.064
3.56960e-01,-0.063,0.064
3.56970e-01,-0.061,0.064
3.56980e-01,-0.059,0.068
3.56990e-01,-0.061,0.064
3.57000e-01,-0.061,0.064
3.57010e-01,-0.057,0.062
3.57020e-01,-0.059,0.064
3.57030e-01,-0.063,0.066
3.57040e-01,-0.059,0.066
3.57050e-01,-0.059,0.062
3.57060e-01,-0.055,0.06
3.57070e-01,-0.061,0.066
3.57080e-01,-0.057,0.06
3.57090e-01,-0.061,0.066
3.57100e-01,-0.059,0.064
3.57110e-01,-0.057,0.06
3.57120e-01,-0.055,0.06
3.57130e-01,-0.059,0.064
3.57140e-01,-0.061,0.062
3.57150e-01,-0.061,0.064
3.57160e-01,-0.059,0.064
3.57170e-01,-0.059,0.066
3.57180e-01,-0.059,0.06
3.57190e-01,-0.049,0.052
3.57200e-01,-0.057,0.062
3.57210e-01,-0.055,0.056
3.57220e-01,-0.045,0.054
3.57230e-01,-0.053,0.06
3.57240e-01,-0.049,0.056
3.57250e-01,-0.051,0.056
3.57260e-01,-0.055,0.064
3.57270e-01,-0.061,0.064
3.57280e-01,-0.055,0.06
3.57290e-01,-0.055,0.058
3.57300e-01,-0.059,0.064
3.57310e-01,-0.059,0.064
3.57320e-01,-0.059,0.064
3.57330e-01,-0.059,0.066
3.57340e-01,-0.055,0.06
3.57350e-01,-0.055,0.064
3.57360e-01,-0.061,0.064
3.57370e-01,-0.061,0.068
3.57380e-01,-0.059,0.066
3.57390e-01,-0.059,0.06
3.57400e-01,-0.061,0.064
3.57410e-01,-0.059,0.062
3.57420e-01,-0.063,0.064
3.57430e-01,-0.061,0.064
3.57440e-01,-0.059,0.062
3.57450e-01,-0.065,0.064
3.57460e-01,-0.061,0.066
3.57470e-01,-0.061,0.064
3.57480e-01,-0.057,0.062
3.57490e-01,-0.059,0.066
3.57500e-01,-0.063,0.064
3.57510e-01,-0.061,0.06
3.57520e-01,-0.063,0.066
3.57530e-01,-0.059,0.066
3.57540e-01,-0.059,0.064
3.57550e-01,-0.061,0.066
3.57560e-01,-0.059,0.064
3.57570e-01,-0.055,0.064
3.57580e-01,-0.063,0.068
3.57590e-01,-0.061,0.064
3.57600e-01,-0.061,0.062
3.57610e-01,-0.059,0.06
3.57620e-01,-0.061,0.064
3.57630e-01,-0.059,0.066
3.57640e-01,-0.055,0.064
3.57650e-01,-0.055,0.064
3.57660e-01,-0.059,0.062
3.57670e-01,-0.059,0.066
3.57680e-01,-0.059,0.066
3.57690e-01,-0.059,0.06
3.57700e-01,-0.065,0.062
3.57710e-01,-0.061,0.064
3.57720e-01,-0.057,0.062
3.57730e-01,-0.059,0.064
3.57740e-01,-0.061,0.064
3.57750e-01,-0.059,0.06
3.57760e-01,-0.067,0.064
3.57770e-01,-0.063,0.064
3.57780e-01,-0.059,0.064
3.57790e-01,-0.061,0.064
3.57800e-01,-0.061,0.062
3.57810e-01,-0.059,0.064
3.57820e-01,-0.065,0.064
3.57830e-01,-0.059,0.064
3.57840e-01,-0.059,0.062
3.57850e-01,-0.059,0.066
3.57860e-01,-0.061,0.066
3.57870e-01,-0.059,0.06
3.57880e-01,-0.061,0.062
3.57890e-01,-0.061,0.062
3.57900e-01,-0.061,0.062
3.57910e-01,-0.061,0.066
3.57920e-01,-0.059,0.064
3.57930e-01,-0.061,0.064
3.57940e-01,-0.059,0.064
3.57950e-01,-0.057,0.062
3.57960e-01,-0.055,0.064
3.57970e-01,-0.059,0.06
3.57980e-01,-0.063,0.064
3.57990e-01,-0.063,0.062
3.58000e-01,-0.061,0.064
3.58010e-01,-0.061,0.064
3.58020e-01,-0.061,0.064
3.58030e-01,-0.059,0.066
3.58040e-01,-0.055,0.056
3.58050e-01,-0.059,0.064
3.58060e-01,-0.061,0.06
3.58070e-01,-0.059,0.06
3.58080e-01,-0.065,0.064
3.58090e-01,-0.053,0.064
3.58100e-01,-0.057,0.064
3.58110e-01,-0.061,0.062
3.58120e-01,-0.065,0.062
3.58130e-01,-0.057,0.064
3.58140e-01,-0.061,0.064
3.58150e-01,-0.057,0.062
3.58160e-01,-0.057,0.064
3.58170e-01,-0.047,0.054
3.58180e-01,-0.047,0.054
3.58190e-01,-0.049,0.052
3.58200e-01,-0.041,0.042
3.58210e-01,-0.055,0.06
3.58220e-01,-0.059,0.062
3.58230e-01,-0.051,0.056
3.58240e-01,-0.049,0.056
3.58250e-01,-0.053,0.06
3.58260e-01,-0.053,0.062
3.58270e-01,-0.055,0.06
3.58280e-01,-0.063,0.062
3.58290e-01,-0.059,0.062
3.58300e-01,-0.061,0.064
3.58310e-01,-0.063,0.064
3.58320e-01,-0.059,0.064
3.58330e-01,-0.061,0.066
3.58340e-01,-0.051,0.058
3.58350e-01,-0.055,0.062
3.58360e-01,-0.061,0.064
3.58370e-01,-0.061,0.068
3.58380e-01,-0.063,0.062
3.58390e-01,-0.059,0.064
3.58400e-01,-0.061,0.064
3.58410e-01,-0.061,0.066
3.58420e-01,-0.061,0.064
3.58430e-01,-0.057,0.06
3.58440e-01,-0.059,0.066
3.58450e-01,-0.059,0.06
3.58460e-01,-0.057,0.06
3.58470e-01,-0.049,0.054
3.58480e-01,-0.057,0.062
3.58490e-01,-0.053,0.06
3.58500e-01,-0.053,0.058
3.58510e-01,-0.063,0.064
3.58520e-01,-0.059,0.062
3.58530e-01,-0.059,0.06
3.58540e-01,-0.061,0.066
3.58550e-01,-0.055,0.06
3.58560e-01,-0.059,0.062
3.58570e-01,-0.053,0.058
3.58580e-01,-0.055,0.062
3.58590e-01,-0.059,0.06
3.58600e-01,-0.061,0.062
3.58610e-01,-0.057,0.064
3.58620e-01,-0.059,0.062
3.58630e-01,-0.059,0.062
3.58640e-01,-0.061,0.062
3.58650e-01,-0.057,0.062
3.58660e-01,-0.059,0.064
3.58670e-01,-0.061,0.064
3.58680e-01,-0.061,0.066
3.58690e-01,-0.063,0.062
3.58700e-01,-0.055,0.06
3.58710e-01,-0.059,0.064
3.58720e-01,-0.059,0.066
3.58730e-01,-0.055,0.064
3.58740e-01,-0.053,0.056
3.58750e-01,-0.059,0.062
3.58760e-01,-0.063,0.064
3.58770e-01,-0.057,0.06
3.58780e-01,-0.055,0.06
3.58790e-01,-0.063,0.064
3.58800e-01,-0.055,0.062
3.58810e-01,-0.057,0.066
3.58820e-01,-0.061,0.064
3.58830e-01,-0.057,0.06
3.58840e-01,-0.061,0.066
3.58850e-01,-0.059,0.064
3.58860e-01,-0.059,0.066
3.58870e-01,-0.055,0.06
3.58880e-01,-0.061,0.068
3.58890e-01,-0.065,0.062
3.58900e-01,-0.049,0.054
3.58910e-01,-0.057,0.064
3.58920e-01,-0.061,0.064
3.58930e-01,-0.063,0.064
3.58940e-01,-0.061,0.064
3.58950e-01,-0.059,0.064
3.58960e-01,-0.061,0.06
3.58970e-01,-0.055,0.058
3.58980e-01,-0.057,0.062
3.58990e-01,-0.059,0.062
3.59000e-01,-0.059,0.068
3.59010e-01,-0.061,0.068
3.59020e-01,-0.061,0.064
3.59030e-01,-0.061,0.066
3.59040e-01,-0.055,0.058
3.59050e-01,-0.055,0.06
3.59060e-01,-0.059,0.06
3.59070e-01,-0.053,0.06
3.59080e-01,-0.057,0.06
3.59090e-01,-0.055,0.06
3.59100e-01,-0.051,0.06
3.59110e-01,-0.055,0.06
3.59120e-01,-0.057,0.064
3.59130e-01,-0.059,0.064
3.59140e-01,-0.061,0.064
3.59150e-01,-0.059,0.064
3.59160e-01,-0.059,0.064
3.59170e-01,-0.053,0.06
3.59180e-01,-0.059,0.062
3.59190e-01,-0.057,0.058
3.59200e-01,-0.063,0.064
3.59210e-01,-0.059,0.062
3.59220e-01,-0.057,0.066
3.59230e-01,-0.063,0.064
3.59240e-01,-0.049,0.056
3.59250e-01,-0.047,0.052
3.59260e-01,-0.045,0.052
3.59270e-01,-0.059,0.064
3.59280e-01,-0.057,0.062
3.59290e-01,-0.065,0.062
3.59300e-01,-0.059,0.06
3.59310e-01,-0.053,0.06
3.59320e-01,-0.061,0.064
3.59330e-01,-0.061,0.064
3.59340e-01,-0.061,0.064
3.59350e-01,-0.059,0.066
3.59360e-01,-0.061,0.062
3.59370e-01,-0.061,0.064
3.59380e-01,-0.061,0.06
3.59390e-01,-0.061,0.064
3.59400e-01,-0.061,0.066
3.59410e-01,-0.057,0.06
3.59420e-01,-0.063,0.064
3.59430e-01,-0.059,0.06
3.59440e-01,-0.061,0.068
3.59450e-01,-0.059,0.064
3.59460e-01,-0.061,0.064
3.59470e-01,-0.061,0.062
3.59480e-01,-0.059,0.066
3.59490e-01,-0.059,0.064
3.59500e-01,-0.061,0.062
3.59510e-01,-0.063,0.06
3.59520e-01,-0.051,0.056
3.59530e-01,-0.055,0.058
3.59540e-01,-0.059,0.06
3.59550e-01,-0.055,0.06
3.59560e-01,-0.059,0.062
3.59570e-01,-0.043,0.05
3.59580e-01,-0.061,0.064
3.59590e-01,-0.059,0.062
3.59600e-01,-0.059,0.062
3.59610e-01,-0.063,0.064
3.59620e-01,-0.057,0.064
3.59630e-01,-0.063,0.064
3.59640e-01,-0.059,0.066
3.59650e-01,-0.059,0.062
3.59660e-01,-0.059,0.064
3.59670e-01,-0.061,0.06
3.59680e-01,-0.061,0.062
3.59690e-01,-0.059,0.066
3.59700e-01,-0.061,0.064
3.59710e-01,-0.063,0.064
3.59720e-01,-0.061,0.064
3.59730e-01,-0.061,0.064
3.59740e-01,-0.059,0.06
3.59750e-01,-0.061,0.062
3.59760e-01,-0.061,0.068
3.59770e-01,-0.063,0.064
3.59780e-01,-0.061,0.064
3.59790e-01,-0.063,0.066
3.59800e-01,-0.059,0.06
3.59810e-01,-0.057,0.06
3.59820e-01,-0.061,0.062
3.59830e-01,-0.061,0.064
3.59840e-01,-0.059,0.066
3.59850e-01,-0.055,0.064
3.59860e-01,-0.059,0.064
3.59870e-01,-0.061,0.06
3.59880e-01,-0.057,0.06
3.59890e-01,-0.045,0.054
3.59900e-01,-0.061,0.066
3.59910e-01,-0.059,0.06
3.59920e-01,-0.059,0.064
3.59930e-01,-0.061,0.068
3.59940e-01,-0.065,0.068
3.59950e-01,-0.059,0.066
3.59960e-01,-0.057,0.066
3.59970e-01,-0.061,0.062
3.59980e-01,-0.061,0.062
3.59990e-01,-0.061,0.064
3.60000e-01,-0.059,0.062
3.60010e-01,-0.061,0.066
3.60020e-01,-0.057,0.062
3.60030e-01,-0.059,0.064
3.60040e-01,-0.061,0.064
3.60050e-01,-0.047,0.05
3.60060e-01,-0.057,0.062
3.60070e-01,-0.053,0.06
3.60080e-01,-0.049,0.054
3.60090e-01,-0.051,0.054
3.60100e-01,-0.059,0.062
3.60110e-01,-0.059,0.064
3.60120e-01,-0.059,0.064
3.60130e-01,-0.061,0.064
3.60140e-01,-0.059,0.064
3.60150e-01,-0.061,0.062
3.60160e-01,-0.057,0.062
3.60170e-01,-0.055,0.06
3.60180e-01,-0.057,0.064
3.60190e-01,-0.059,0.062
3.60200e-01,-0.055,0.06
3.60210e-01,-0.059,0.064
3.60220e-01,-0.043,0.052
3.60230e-01,-0.055,0.064
3.60240e-01,-0.057,0.058
3.60250e-01,-0.061,0.062
3.60260e-01,-0.065,0.064
3.60270e-01,-0.061,0.066
3.60280e-01,-0.061,0.062
3.60290e-01,-0.059,0.066
3.60300e-01,-0.061,0.064
3.60310e-01,-0.057,0.06
3.60320e-01,-0.061,0.066
3.60330e-01,-0.047,0.056
3.60340e-01,-0.059,0.064
3.60350e-01,-0.057,0.064
3.60360e-01,-0.057,0.066
3.60370e-01,-0.059,0.064
3.60380e-01,-0.055,0.058
3.60390e-01,-0.057,0.058
3.60400e-01,-0.055,0.06
3.60410e-01,-0.059,0.062
3.60420e-01,-0.055,0.062
3.60430e-01,-0.053,0.056
3.60440e-01,-0.051,0.056
3.60450e-01,-0.059,0.06
3.60460e-01,-0.051,0.056
3.60470e-01,-0.055,0.062
3.60480e-01,-0.057,0.06
3.60490e-01,-0.047,0.058
3.60500e-01,-0.061,0.06
3.60510e-01,-0.057,0.06
3.60520e-01,-0.059,0.06
3.60530e-01,-0.053,0.058
3.60540e-01,-0.057,0.064
3.60550e-01,-0.059,0.062
3.60560e-01,-0.051,0.054
3.60570e-01,-0.045,0.054
3.60580e-01,-0.043,0.05
3.60590e-01,-0.057,0.062
3.60600e-01,-0.055,0.06
3.60610e-01,-0.057,0.06
3.60620e-01,-0.053,0.06
3.60630e-01,-0.059,0.062
3.60640e-01,-0.057,0.064
3.60650e-01,-0.063,0.062
3.60660e-01,-0.057,0.064
3.60670e-01,-0.061,0.06
3.60680e-01,-0.057,0.064
3.60690e-01,-0.051,0.056
3.60700e-01,-0.059,0.06
3.60710e-01,-0.057,0.064
3.60720e-01,-0.059,0.068
3.60730e-01,-0.055,0.062
3.60740e-01,-0.051,0.052
3.60750e-01,-0.053,0.06
3.60760e-01,-0.059,0.064
3.60770e-01,-0.055,0.06
3.60780e-01,-0.063,0.064
3.60790e-01,-0.063,0.064
3.60800e-01,-0.055,0.06
3.60810e-01,-0.059,0.06
3.60820e-01,-0.059,0.064
3.60830e-01,-0.063,0.064
3.60840e-01,-0.063,0.062
3.60850e-01,-0.061,0.066
3.60860e-01,-0.061,0.062
3.60870e-01,-0.059,0.064
3.60880e-01,-0.059,0.062
3.60890e-01,-0.063,0.062
3.60900e-01,-0.059,0.064
3.60910e-01,-0.053,0.058
3.60920e-01,-0.057,0.06
3.60930e-01,-0.027,0.04
3.60940e-01,-0.059,0.064
3.60950e-01,-0.057,0.062
3.60960e-01,-0.063,0.066
3.60970e-01,-0.061,0.064
3.60980e-01,-0.055,0.064
3.60990e-01,-0.061,0.06
3.61000e-01,-0.061,0.064
3.61010e-01,-0.059,0.062
3.61020e-01,-0.059,0.06
3.61030e-01,-0.061,0.064
3.61040e-01,-0.063,0.066
3.61050e-01,-0.059,0.062
3.61060e-01,-0.057,0.062
3.61070e-01,-0.057,0.06
3.61080e-01,-0.051,0.06
3.61090e-01,-0.057,0.062
3.61100e-01,-0.059,0.062
3.61110e-01,-0.059,0.064
3.61120e-01,-0.061,0.064
3.61130e-01,-0.059,0.062
3.61140e-01,-0.059,0.064
3.61150e-01,-0.061,0.066
3.61160e-01,-0.059,0.064
3.61170e-01,-0.063,0.064
3.61180e-01,-0.059,0.064
3.61190e-01,-0.059,0.066
3.61200e-01,-0.061,0.062
3.61210e-01,-0.061,0.062
3.61220e-01,-0.057,0.064
3.61230e-01,-0.059,0.064
3.61240e-01,-0.059,0.062
3.61250e-01,-0.059,0.064
3.61260e-01,-0.059,0.064
3.61270e-01,-0.057,0.06
3.61280e-01,-0.059,0.064
3.61290e-01,-0.063,0.064
3.61300e-01,-0.061,0.062
3.61310e-01,-0.061,0.062
3.61320e-01,-0.059,0.064
3.61330e-01,-0.063,0.064
3.61340e-01,-0.059,0.06
3.61350e-01,-0.061,0.066
3.61360e-01,-0.061,0.064
3.61370e-01,-0.059,0.064
3.61380e-01,-0.059,0.064
3.61390e-01,-0.059,0.062
3.61400e-01,-0.055,0.062
3.61410e-01,-0.059,0.066
3.61420e-01,-0.051,0.05
3.61430e-01,-0.061,0.066
3.61440e-01,-0.059,0.06
3.61450e-01,-0.061,0.064
3.61460e-01,-0.061,0.062
3.61470e-01,-0.059,0.064
3.61480e-01,-0.057,0.064
3.61490e-01,-0.057,0.06
3.61500e-01,-0.061,0.064
3.61510e-01,-0.053,0.056
3.61520e-01,-0.053,0.06
3.61530e-01,-0.059,0.064
3.61540e-01,-0.065,0.064
3.61550e-01,-0.061,0.06
3.61560e-01,-0.059,0.062
3.61570e-01,-0.063,0.064
3.61580e-01,-0.063,0.066
3.61590e-01,-0.059,0.062
3.61600e-01,-0.057,0.064
3.61610e-01,-0.059,0.06
3.61620e-01,-0.059,0.064
3.61630e-01,-0.059,0.06
3.61640e-01,-0.059,0.064
3.61650e-01,-0.061,0.066
3.61660e-01,-0.063,0.064
3.61670e-01,-0.061,0.062
3.61680e-01,-0.059,0.06
3.61690e-01,-0.061,0.068
3.61700e-01,-0.055,0.06
3.61710e-01,-0.049,0.056
3.61720e-01,-0.041,0.044
3.61730e-01,-0.047,0.054
3.61740e-01,-0.029,0.032
3.61750e-01,-0.049,0.054
3.61760e-01,-0.061,0.06
3.61770e-01,-0.057,0.058
3.61780e-01,-0.053,0.058
3.61790e-01,-0.061,0.066
3.61800e-01,-0.059,0.06
3.61810e-01,-0.059,0.064
3.61820e-01,-0.061,0.064
3.61830e-01,-0.055,0.058
3.61840e-01,-0.061,0.064
3.61850e-01,-0.057,0.06
3.61860e-01,-0.057,0.06
3.61870e-01,-0.043,0.054
3.61880e-01,-0.051,0.058
3.61890e-01,-0.059,0.06
3.61900e-01,-0.059,0.064
3.61910e-01,-0.059,0.062
3.61920e-01,-0.059,0.068
3.61930e-01,-0.059,0.064
3.61940e-01,-0.063,0.064
3.61950e-01,-0.065,0.062
3.61960e-01,-0.055,0.066
3.61970e-01,-0.063,0.064
3.61980e-01,-0.061,0.064
3.61990e-01,-0.061,0.064
3.62000e-01,-0.053,0.058
3.62010e-01,-0.059,0.064
3.62020e-01,-0.061,0.064
3.62030e-01,-0.051,0.058
3.62040e-01,-0.061,0.06
3.62050e-01,-0.049,0.056
3.62060e-01,-0.053,0.058
3.62070e-01,-0.059,0.062
3.62080e-01,-0.057,0.06
3.62090e-01,-0.061,0.06
3.62100e-01,-0.059,0.064
3.62110e-01,-0.055,0.062
3.62120e-01,-0.061,0.064
3.62130e-01,-0.059,0.062
3.62140e-01,-0.057,0.06
3.62150e-01,-0.059,0.062
3.62160e-01,-0.061,0.064
3.62170e-01,-0.053,0.058
3.62180e-01,-0.061,0.062
3.62190e-01,-0.063,0.062
3.62200e-01,-0.059,0.062
3.62210e-01,-0.061,0.064
3.62220e-01,-0.055,0.064
3.62230e-01,-0.061,0.064
3.62240e-01,-0.059,0.064
3.62250e-01,-0.061,0.064
3.62260e-01,-0.055,0.064
3.62270e-01,-0.059,0.064
3.62280e-01,-0.063,0.064
3.62290e-01,-0.059,0.062
3.62300e-01,-0.063,0.066
3.62310e-01,-0.047,0.052
3.62320e-01,-0.061,0.062
3.62330e-01,-0.055,0.06
3.62340e-01,-0.057,0.062
3.62350e-01,-0.059,0.064
3.62360e-01,-0.057,0.064
3.62370e-01,-0.059,0.066
3.62380e-01,-0.053,0.054
3.62390e-01,-0.061,0.064
3.62400e-01,-0.059,0.064
3.62410e-01,-0.057,0.064
3.62420e-01,-0.057,0.064
3.62430e-01,-0.057,0.06
3.62440e-01,-0.063,0.064
3.62450e-01,-0.059,0.06
3.62460e-01,-0.061,0.064
3.62470e-01,-0.061,0.064
3.62480e-01,-0.061,0.066
3.62490e-01,-0.063,0.062
3.62500e-01,-0.061,0.066
3.62510e-01,-0.061,0.062
3.62520e-01,-0.059,0.064
3.62530e-01,-0.061,0.064
3.62540e-01,-0.061,0.066
3.62550e-01,-0.063,0.064
3.62560e-01,-0.057,0.062
3.62570e-01,-0.059,0.06
3.62580e-01,-0.055,0.062
3.62590e-01,-0.061,0.062
3.62600e-01,-0.057,0.062
3.62610e-01,-0.059,0.064
3.62620e-01,-0.059,0.06
3.62630e-01,-0.061,0.062
3.62640e-01,-0.059,0.062
3.62650e-01,-0.057,0.066
3.62660e-01,-0.055,0.06
3.62670e-01,-0.061,0.064
3.62680e-01,-0.051,0.052
3.62690e-01,-0.061,0.064
3.62700e-01,-0.051,0.06
3.62710e-01,-0.059,0.064
3.62720e-01,-0.057,0.062
3.62730e-01,-0.059,0.06
3.62740e-01,-0.055,0.064
3.62750e-01,-0.059,0.062
3.62760e-01,-0.061,0.064
3.62770e-01,-0.055,0.06
3.62780e-01,-0.061,0.064
3.62790e-01,-0.059,0.06
3.62800e-01,-0.057,0.06
3.62810e-01,-0.059,0.062
3.62820e-01,-0.057,0.06
3.62830e-01,-0.053,0.06
3.62840e-01,-0.057,0.064
3.62850e-01,-0.061,0.062
3.62860e-01,-0.061,0.064
3.62870e-01,-0.059,0.062
3.62880e-01,-0.059,0.064
3.62890e-01,-0.061,0.06
3.62900e-01,-0.055,0.066
3.62910e-01,-0.055,0.06
3.62920e-01,-0.059,0.062
3.62930e-01,-0.049,0.056
3.62940e-01,-0.061,0.066
3.62950e-01,-0.061,0.064
3.62960e-01,-0.057,0.064
3.62970e-01,-0.059,0.066
3.62980e-01,-0.059,0.064
3.62990e-01,-0.059,0.066
3.63000e-01,-0.059,0.064
3.63010e-01,-0.059,0.066
3.63020e-01,-0.057,0.064
3.63030e-01,-0.061,0.062
3.63040e-01,-0.059,0.064
3.63050e-01,-0.057,0.06
3.63060e-01,-0.061,0.064
3.63070e-01,-0.059,0.064
3.63080e-01,-0.055,0.064
3.63090e-01,-0.047,0.052
3.63100e-01,-0.047,0.054
3.63110e-01,-0.061,0.064
3.63120e-01,-0.055,0.06
3.63130e-01,-0.061,0.064
3.63140e-01,-0.057,0.06
3.63150e-01,-0.057,0.062
3.63160e-01,-0.065,0.064
3.63170e-01,-0.059,0.06
3.63180e-01,-0.061,0.062
3.63190e-01,-0.061,0.064
3.63200e-01,-0.059,0.062
3.63210e-01,-0.051,0.056
3.63220e-01,-0.061,0.06
3.63230e-01,-0.053,0.06
3.63240e-01,-0.059,0.064
3.63250e-01,-0.059,0.064
3.63260e-01,-0.061,0.064
3.63270e-01,-0.059,0.062
3.63280e-01,-0.061,0.062
3.63290e-01,-0.057,0.062
3.63300e-01,-0.063,0.064
3.63310e-01,-0.059,0.062
3.63320e-01,-0.061,0.062
3.63330e-01,-0.059,0.062
3.63340e-01,-0.059,0.064
3.63350e-01,-0.059,0.064
3.63360e-01,-0.059,0.064
3.63370e-01,-0.063,0.062
3.63380e-01,-0.061,0.064
3.63390e-01,-0.059,0.06
3.63400e-01,-0.059,0.064
3.63410e-01,-0.049,0.056
3.63420e-01,-0.059,0.062
3.63430e-01,-0.047,0.056
3.63440e-01,-0.051,0.058
3.63450e-01,-0.065,0.06
3.63460e-01,-0.061,0.062
3.63470e-01,-0.065,0.064
3.63480e-01,-0.061,0.064
3.63490e-01,-0.061,0.066
3.63500e-01,-0.057,0.066
3.63510e-01,-0.057,0.06
3.63520e-01,-0.057,0.064
3.63530e-01,-0.061,0.064
3.63540e-01,-0.059,0.068
3.63550e-01,-0.059,0.062
3.63560e-01,-0.061,0.064
3.63570e-01,-0.057,0.062
3.63580e-01,-0.061,0.064
3.63590e-01,-0.061,0.068
3.63600e-01,-0.047,0.052
3.63610e-01,-0.061,0.062
3.63620e-01,-0.053,0.056
3.63630e-01,-0.063,0.064
3.63640e-01,-0.061,0.06
3.63650e-01,-0.061,0.062
3.63660e-01,-0.061,0.064
3.63670e-01,-0.063,0.064
3.63680e-01,-0.061,0.064
3.63690e-01,-0.051,0.06
3.63700e-01,-0.061,0.062
3.63710e-01,-0.061,0.062
3.63720e-01,-0.057,0.062
3.63730e-01,-0.059,0.064
3.63740e-01,-0.057,0.064
3.63750e-01,-0.055,0.06
3.63760e-01,-0.057,0.062
3.63770e-01,-0.059,0.06
3.63780e-01,-0.059,0.064
3.63790e-01,-0.053,0.056
3.63800e-01,-0.059,0.062
3.63810e-01,-0.059,0.062
3.63820e-01,-0.061,0.062
3.63830e-01,-0.051,0.058
3.63840e-01,-0.063,0.062
3.63850e-01,-0.049,0.058
3.63860e-01,-0.061,0.06
3.63870e-01,-0.047,0.056
3.63880e-01,-0.061,0.066
3.63890e-01,-0.059,0.06
3.63900e-01,-0.057,0.064
3.63910e-01,-0.055,0.058
3.63920e-01,-0.059,0.066
3.63930e-01,-0.059,0.064
3.63940e-01,-0.061,0.062
3.63950e-01,-0.061,0.064
3.63960e-01,-0.057,0.06
3.63970e-01,-0.061,0.062
3.63980e-01,-0.061,0.064
3.63990e-01,-0.053,0.06
3.64000e-01,-0.063,0.064
3.64010e-01,-0.059,0.066
3.64020e-01,-0.057,0.062
3.64030e-01,-0.059,0.06
3.64040e-01,-0.055,0.06
3.64050e-01,-0.051,0.06
3.64060e-01,-0.059,0.062
3.64070e-01,-0.049,0.054
3.64080e-01,-0.059,0.06
3.64090e-01,-0.057,0.062
3.64100e-01,-0.061,0.066
3.64110e-01,-0.059,0.062
3.64120e-01,-0.055,0.06
3.64130e-01,-0.045,0.05
3.64140e-01,-0.053,0.06
3.64150e-01,-0.059,0.06
3.64160e-01,-0.063,0.064
3.64170e-01,-0.059,0.064
3.64180e-01,-0.061,0.06
3.64190e-01,-0.055,0.06
3.64200e-01,-0.057,0.064
3.64210e-01,-0.051,0.06
3.64220e-01,-0.059,0.064
3.64230e-01,-0.059,0.06
3.64240e-01,-0.051,0.058
3.64250e-01,-0.061,0.064
3.64260e-01,-0.057,0.062
3.64270e-01,-0.057,0.064
3.64280e-01,-0.053,0.064
3.64290e-01,-0.059,0.06
3.64300e-01,-0.059,0.062
3.64310e-01,-0.059,0.062
3.64320e-01,-0.057,0.062
3.64330e-01,-0.059,0.064
3.64340e-01,-0.063,0.064
3.64350e-01,-0.059,0.06
3.64360e-01,-0.057,0.066
3.64370e-01,-0.055,0.06
3.64380e-01,-0.063,0.066
3.64390e-01,-0.065,0.064
3.64400e-01,-0.059,0.06
3.64410e-01,-0.049,0.054
3.64420e-01,-0.061,0.064
3.64430e-01,-0.057,0.062
3.64440e-01,-0.065,0.064
3.64450e-01,-0.057,0.06
3.64460e-01,-0.061,0.066
3.64470e-01,-0.055,0.06
3.64480e-01,-0.057,0.064
3.64490e-01,-0.057,0.06
3.64500e-01,-0.059,0.064
3.64510e-01,-0.061,0.064
3.64520e-01,-0.061,0.068
3.64530e-01,-0.063,0.062
3.64540e-01,-0.061,0.064
3.64550e-01,-0.055,0.06
3.64560e-01,-0.059,0.06
3.64570e-01,-0.061,0.068
3.64580e-01,-0.059,0.066
3.64590e-01,-0.051,0.058
3.64600e-01,-0.059,0.064
3.64610e-01,-0.059,0.064
3.64620e-01,-0.061,0.064
3.64630e-01,-0.061,0.06
3.64640e-01,-0.053,0.06
3.64650e-01,-0.057,0.06
3.64660e-01,-0.061,0.062
3.64670e-01,-0.057,0.064
3.64680e-01,-0.059,0.06
3.64690e-01,-0.059,0.064
3.64700e-01,-0.061,0.064
3.64710e-01,-0.065,0.064
3.64720e-01,-0.057,0.062
3.64730e-01,-0.057,0.062
3.64740e-01,-0.055,0.062
3.64750e-01,-0.057,0.058
3.64760e-01,-0.055,0.06
3.64770e-01,-0.061,0.064
3.64780e-01,-0.039,0.048
3.64790e-01,-0.061,0.064
3.64800e-01,-0.045,0.052
3.64810e-01,-0.057,0.064
3.64820e-01,-0.063,0.066
3.64830e-01,-0.053,0.06
3.64840e-01,-0.061,0.064
3.64850e-01,-0.055,0.06
3.64860e-01,-0.055,0.06
3.64870e-01,-0.059,0.064
3.64880e-01,-0.057,0.066
3.64890e-01,-0.059,0.064
3.64900e-01,-0.055,0.062
3.64910e-01,-0.057,0.06
3.64920e-01,-0.057,0.056
3.64930e-01,-0.057,0.064
3.64940e-01,-0.063,0.064
3.64950e-01,-0.061,0.064
3.64960e-01,-0.061,0.06
3.64970e-01,-0.061,0.064
3.64980e-01,-0.057,0.062
3.64990e-01,-0.059,0.06
3.65000e-01,-0.061,0.066
3.65010e-01,-0.055,0.064
3.65020e-01,-0.061,0.064
3.65030e-01,-0.059,0.062
3.65040e-01,-0.059,0.062
3.65050e-01,-0.059,0.06
3.65060e-01,-0.051,0.06
3.65070e-01,-0.059,0.06
3.65080e-01,-0.061,0.062
3.65090e-01,-0.061,0.064
3.65100e-01,-0.057,0.062
3.65110e-01,-0.063,0.064
3.65120e-01,-0.059,0.064
3.65130e-01,-0.059,0.062
3.65140e-01,-0.061,0.062
3.65150e-01,-0.059,0.068
3.65160e-01,-0.063,0.068
3.65170e-01,-0.061,0.064
3.65180e-01,-0.061,0.062
3.65190e-01,-0.061,0.066
3.65200e-01,-0.059,0.06
3.65210e-01,-0.061,0.066
3.65220e-01,-0.061,0.066
3.65230e-01,-0.055,0.062
3.65240e-01,-0.059,0.062
3.65250e-01,-0.059,0.062
3.65260e-01,-0.055,0.06
3.65270e-01,-0.061,0.064
3.65280e-01,-0.061,0.064
3.65290e-01,-0.055,0.062
3.65300e-01,-0.063,0.062
3.65310e-01,-0.059,0.062
3.65320e-01,-0.059,0.066
3.65330e-01,-0.057,0.064
3.65340e-01,-0.061,0.062
3.65350e-01,-0.057,0.066
3.65360e-01,-0.061,0.064
3.65370e-01,-0.061,0.068
3.65380e-01,-0.061,0.066
3.65390e-01,-0.061,0.062
3.65400e-01,-0.059,0.066
3.65410e-01,-0.061,0.062
3.65420e-01,-0.061,0.06
3.65430e-01,-0.061,0.064
3.65440e-01,-0.057,0.062
3.65450e-01,-0.061,0.064
3.65460e-01,-0.059,0.064
3.65470e-01,-0.059,0.066
3.65480e-01,-0.045,0.056
3.65490e-01,-0.063,0.064
3.65500e-01,-0.057,0.062
3.65510e-01,-0.057,0.062
3.65520e-01,-0.059,0.06
3.65530e-01,-0.063,0.066
3.65540e-01,-0.061,0.062
3.65550e-01,-0.063,0.06
3.65560e-01,-0.061,0.062
3.65570e-01,-0.057,0.062
3.65580e-01,-0.057,0.062
3.65590e-01,-0.061,0.064
3.65600e-01,-0.061,0.064
3.65610e-01,-0.061,0.062
3.65620e-01,-0.061,0.064
3.65630e-01,-0.061,0.062
3.65640e-01,-0.061,0.066
3.65650e-01,-0.059,0.062
3.65660e-01,-0.059,0.066
3.65670e-01,-0.061,0.064
3.65680e-01,-0.059,0.062
3.65690e-01,-0.055,0.056
3.65700e-01,-0.063,0.068
3.65710e-01,-0.055,0.056
3.65720e-01,-0.061,0.064
3.65730e-01,-0.061,0.06
3.65740e-01,-0.061,0.066
3.65750e-01,-0.061,0.062
3.65760e-01,-0.051,0.06
3.65770e-01,-0.059,0.064
3.65780e-01,-0.057,0.054
3.65790e-01,-0.063,0.066
3.65800e-01,-0.055,0.06
3.65810e-01,-0.061,0.064
3.65820e-01,-0.059,0.062
3.65830e-01,-0.063,0.068
3.65840e-01,-0.059,0.064
3.65850e-01,-0.063,0.064
3.65860e-01,-0.061,0.064
3.65870e-01,-0.063,0.064
3.65880e-01,-0.057,0.064
3.65890e-01,-0.059,0.062
3.65900e-01,-0.059,0.06
3.65910e-01,-0.061,0.064
3.65920e-01,-0.051,0.058
3.65930e-01,-0.059,0.064
3.65940e-01,-0.055,0.06
3.65950e-01,-0.059,0.06
3.65960e-01,-0.055,0.06
3.65970e-01,-0.061,0.062
3.65980e-01,-0.063,0.062
3.65990e-01,-0.059,0.066
3.66000e-01,-0.057,0.062
3.66010e-01,-0.061,0.062
3.66020e-01,-0.059,0.066
3.66030e-01,-0.057,0.06
3.66040e-01,-0.061,0.064
3.66050e-01,-0.055,0.062
3.66060e-01,-0.057,0.062
3.66070e-01,-0.061,0.062
3.66080e-01,-0.049,0.056
3.66090e-01,-0.059,0.064
3.66100e-01,-0.063,0.064
3.66110e-01,-0.063,0.066
3.66120e-01,-0.061,0.068
3.66130e-01,-0.059,0.064
3.66140e-01,-0.061,0.066
3.66150e-01,-0.051,0.06
3.66160e-01,-0.059,0.064
3.66170e-01,-0.061,0.064
3.66180e-01,-0.059,0.068
3.66190e-01,-0.063,0.066
3.66200e-01,-0.063,0.066
3.66210e-01,-0.061,0.064
3.66220e-01,-0.055,0.058
3.66230e-01,-0.061,0.062
3.66240e-01,-0.061,0.06
3.66250e-01,-0.063,0.066
3.66260e-01,-0.059,0.064
3.66270e-01,-0.055,0.064
3.66280e-01,-0.061,0.066
3.66290e-01,-0.059,0.064
3.66300e-01,-0.059,0.064
3.66310e-01,-0.055,0.06
3.66320e-01,-0.061,0.06
3.66330e-01,-0.061,0.064
3.66340e-01,-0.057,0.066
3.66350e-01,-0.061,0.066
3.66360e-01,-0.043,0.052
3.66370e-01,-0.059,0.064
3.66380e-01,-0.055,0.064
3.66390e-01,-0.061,0.062
3.66400e-01,-0.055,0.058
3.66410e-01,-0.063,0.064
3.66420e-01,-0.057,0.06
3.66430e-01,-0.057,0.064
3.66440e-01,-0.059,0.066
3.66450e-01,-0.057,0.066
3.66460e-01,-0.063,0.062
3.66470e-01,-0.057,0.06
3.66480e-01,-0.059,0.064
3.66490e-01,-0.059,0.066
3.66500e-01,-0.055,0.06
3.66510e-01,-0.059,0.062
3.66520e-01,-0.053,0.06
3.66530e-01,-0.059,0.064
3.66540e-01,-0.055,0.06
3.66550e-01,-0.057,0.064
3.66560e-01,-0.055,0.06
3.66570e-01,-0.053,0.062
3.66580e-01,-0.057,0.064
3.66590e-01,-0.057,0.06
3.66600e-01,-0.061,0.064
3.66610e-01,-0.053,0.06
3.66620e-01,-0.057,0.062
3.66630e-01,-0.053,0.06
3.66640e-01,-0.055,0.062
3.66650e-01,-0.057,0.06
3.66660e-01,-0.057,0.062
3.66670e-01,-0.061,0.06
3.66680e-01,-0.061,0.06
3.66690e-01,-0.055,0.064
3.66700e-01,-0.053,0.062
3.66710e-01,-0.057,0.062
3.66720e-01,-0.055,0.062
3.66730e-01,-0.063,0.064
3.66740e-01,-0.057,0.06
3.66750e-01,-0.061,0.066
3.66760e-01,-0.059,0.066
3.66770e-01,-0.059,0.066
3.66780e-01,-0.057,0.062
3.66790e-01,-0.057,0.062
3.66800e-01,-0.059,0.064
3.66810e-01,-0.059,0.064
3.66820e-01,-0.059,0.06
3.66830e-01,-0.057,0.06
3.66840e-01,-0.063,0.064
3.66850e-01,-0.059,0.064
3.66860e-01,-0.057,0.062
3.66870e-01,-0.059,0.064
3.66880e-01,-0.063,0.062
3.66890e-01,-0.051,0.058
3.66900e-01,-0.057,0.062
3.66910e-01,-0.049,0.054
3.66920e-01,-0.061,0.064
3.66930e-01,-0.055,0.06
3.66940e-01,-0.055,0.06
3.66950e-01,-0.057,0.06
3.66960e-01,-0.061,0.064
3.66970e-01,-0.061,0.064
3.66980e-01,-0.059,0.062
3.66990e-01,-0.063,0.06
3.67000e-01,-0.061,0.066
3.67010e-01,-0.059,0.062
3.67020e-01,-0.061,0.062
3.67030e-01,-0.061,0.062
3.67040e-01,-0.057,0.06
3.67050e-01,-0.061,0.06
3.67060e-01,-0.055,0.062
3.67070e-01,-0.061,0.062
3.67080e-01,-0.057,0.06
3.67090e-01,-0.063,0.066
3.67100e-01,-0.057,0.064
3.67110e-01,-0.059,0.064
3.67120e-01,-0.063,0.066
3.67130e-01,-0.061,0.064
3.67140e-01,-0.061,0.064
3.67150e-01,-0.063,0.064
3.67160e-01,-0.059,0.064
3.67170e-01,-0.061,0.064
3.67180e-01,-0.061,0.06
3.67190e-01,-0.061,0.064
3.67200e-01,-0.059,0.06
3.67210e-01,-0.061,0.064
3.67220e-01,-0.059,0.064
3.67230e-01,-0.055,0.06
3.67240e-01,-0.063,0.062
3.67250e-01,-0.059,0.064
3.67260e-01,-0.063,0.064
3.67270e-01,-0.059,0.064
3.67280e-01,-0.059,0.064
3.67290e-01,-0.053,0.06
3.67300e-01,-0.057,0.06
3.67310e-01,-0.061,0.064
3.67320e-01,-0.057,0.064
3.67330e-01,-0.061,0.06
3.67340e-01,-0.057,0.066
3.67350e-01,-0.059,0.06
3.67360e-01,-0.055,0.058
3.67370e-01,-0.059,0.062
3.67380e-01,-0.055,0.062
3.67390e-01,-0.055,0.064
3.67400e-01,-0.057,0.064
3.67410e-01,-0.057,0.06
3.67420e-01,-0.059,0.064
3.67430e-01,-0.055,0.062
3.67440e-01,-0.055,0.062
3.67450e-01,-0.059,0.066
3.67460e-01,-0.061,0.06
3.67470e-01,-0.057,0.062
3.67480e-01,-0.063,0.064
3.67490e-01,-0.061,0.064
3.67500e-01,-0.057,0.064
3.67510e-01,-0.059,0.06
3.67520e-01,-0.059,0.066
3.67530e-01,-0.061,0.064
3.67540e-01,-0.055,0.06
3.67550e-01,-0.059,0.064
3.67560e-01,-0.053,0.06
3.67570e-01,-0.059,0.064
3.67580e-01,-0.055,0.06
3.67590e-01,-0.059,0.064
3.67600e-01,-0.055,0.06
3.67610e-01,-0.061,0.068
3.67620e-01,-0.059,0.064
3.67630e-01,-0.057,0.06
3.67640e-01,-0.057,0.062
3.67650e-01,-0.053,0.06
3.67660e-01,-0.059,0.064
3.67670e-01,-0.055,0.062
3.67680e-01,-0.059,0.064
3.67690e-01,-0.055,0.056
3.67700e-01,-0.059,0.06
3.67710e-01,-0.057,0.06
3.67720e-01,-0.059,0.064
3.67730e-01,-0.063,0.064
3.67740e-01,-0.057,0.064
3.67750e-01,-0.061,0.064
3.67760e-01,-0.057,0.06
3.67770e-01,-0.059,0.064
3.67780e-01,-0.061,0.064
3.67790e-01,-0.057,0.062
3.67800e-01,-0.061,0.062
3.67810e-01,-0.061,0.062
3.67820e-01,-0.067,0.064
3.67830e-01,-0.059,0.064
3.67840e-01,-0.053,0.06
3.67850e-01,-0.053,0.06
3.67860e-01,-0.063,0.062
3.67870e-01,-0.055,0.064
3.67880e-01,-0.061,0.062
3.67890e-01,-0.061,0.06
3.67900e-01,-0.059,0.062
3.67910e-01,-0.059,0.064
3.67920e-01,-0.061,0.064
3.67930e-01,-0.061,0.066
3.67940e-01,-0.057,0.06
3.67950e-01,-0.061,0.066
3.67960e-01,-0.057,0.062
3.67970e-01,-0.059,0.06
3.67980e-01,-0.059,0.064
3.67990e-01,-0.061,0.062
3.68000e-01,-0.055,0.06
3.68010e-01,-0.057,0.066
3.68020e-01,-0.059,0.064
3.68030e-01,-0.059,0.07
3.68040e-01,-0.061,0.064
3.68050e-01,-0.059,0.064
3.68060e-01,-0.061,0.064
3.68070e-01,-0.061,0.064
3.68080e-01,-0.059,0.064
3.68090e-01,-0.059,0.062
3.68100e-01,-0.059,0.064
3.68110e-01,-0.059,0.066
3.68120e-01,-0.059,0.062
3.68130e-01,-0.061,0.066
3.68140e-01,-0.049,0.052
3.68150e-01,-0.061,0.062
3.68160e-01,-0.055,0.064
3.68170e-01,-0.061,0.064
3.68180e-01,-0.059,0.062
3.68190e-01,-0.057,0.06
3.68200e-01,-0.051,0.058
3.68210e-01,-0.055,0.06
3.68220e-01,-0.059,0.062
3.68230e-01,-0.057,0.06
3.68240e-01,-0.059,0.064
3.68250e-01,-0.059,0.064
3.68260e-01,-0.063,0.064
3.68270e-01,-0.061,0.062
3.68280e-01,-0.059,0.064
3.68290e-01,-0.053,0.056
3.68300e-01,-0.059,0.066
3.68310e-01,-0.057,0.06
3.68320e-01,-0.057,0.062
3.68330e-01,-0.061,0.062
3.68340e-01,-0.063,0.062
3.68350e-01,-0.061,0.058
3.68360e-01,-0.057,0.064
3.68370e-01,-0.059,0.066
3.68380e-01,-0.059,0.062
3.68390e-01,-0.055,0.056
3.68400e-01,-0.053,0.058
3.68410e-01,-0.045,0.056
3.68420e-01,-0.047,0.052
3.68430e-01,-0.057,0.06
3.68440e-01,-0.061,0.064
3.68450e-01,-0.061,0.066
3.68460e-01,-0.059,0.06
3.68470e-01,-0.057,0.066
3.68480e-01,-0.061,0.06
3.68490e-01,-0.059,0.06
3.68500e-01,-0.061,0.064
3.68510e-01,-0.063,0.064
3.68520e-01,-0.061,0.064
3.68530e-01,-0.061,0.064
3.68540e-01,-0.059,0.062
3.68550e-01,-0.063,0.066
3.68560e-01,-0.063,0.06
3.68570e-01,-0.059,0.064
3.68580e-01,-0.057,0.062
3.68590e-01,-0.061,0.066
3.68600e-01,-0.059,0.06
3.68610e-01,-0.059,0.064
3.68620e-01,-0.055,0.062
3.68630e-01,-0.055,0.058
3.68640e-01,-0.057,0.064
3.68650e-01,-0.059,0.062
3.68660e-01,-0.063,0.062
3.68670e-01,-0.061,0.064
3.68680e-01,-0.059,0.064
3.68690e-01,-0.059,0.06
3.68700e-01,-0.059,0.062
3.68710e-01,-0.061,0.064
3.68720e-01,-0.061,0.066
3.68730e-01,-0.063,0.066
3.68740e-01,-0.059,0.06
3.68750e-01,-0.057,0.064
3.68760e-01,-0.061,0.062
3.68770e-01,-0.061,0.062
3.68780e-01,-0.057,0.064
3.68790e-01,-0.061,0.064
3.68800e-01,-0.057,0.06
3.68810e-01,-0.053,0.056
3.68820e-01,-0.059,0.062
3.68830e-01,-0.061,0.062
3.68840e-01,-0.061,0.064
3.68850e-01,-0.059,0.06
3.68860e-01,-0.061,0.064
3.68870e-01,-0.055,0.06
3.68880e-01,-0.059,0.06
3.68890e-01,-0.063,0.068
3.68900e-01,-0.059,0.062
3.68910e-01,-0.059,0.066
3.68920e-01,-0.061,0.066
3.68930e-01,-0.059,0.06
3.68940e-01,-0.061,0.068
3.68950e-01,-0.061,0.064
3.68960e-01,-0.059,0.064
3.68970e-01,-0.057,0.062
3.68980e-01,-0.059,0.064
3.68990e-01,-0.057,0.06
3.69000e-01,-0.061,0.066
3.69010e-01,-0.057,0.06
3.69020e-01,-0.059,0.064
3.69030e-01,-0.061,0.062
3.69040e-01,-0.057,0.06
3.69050e-01,-0.063,0.06
3.69060e-01,-0.061,0.064
3.69070e-01,-0.061,0.064
3.69080e-01,-0.061,0.066
3.69090e-01,-0.063,0.066
3.69100e-01,-0.053,0.058
3.69110e-01,-0.061,0.062
3.69120e-01,-0.055,0.06
3.69130e-01,-0.045,0.05
3.69140e-01,-0.055,0.06
3.69150e-01,-0.057,0.06
3.69160e-01,-0.061,0.062
3.69170e-01,-0.061,0.062
3.69180e-01,-0.057,0.064
3.69190e-01,-0.051,0.058
3.69200e-01,-0.053,0.06
3.69210e-01,-0.057,0.062
3.69220e-01,-0.055,0.058
3.69230e-01,-0.061,0.062
3.69240e-01,-0.063,0.06
3.69250e-01,-0.059,0.062
3.69260e-01,-0.051,0.058
3.69270e-01,-0.059,0.064
3.69280e-01,-0.061,0.06
3.69290e-01,-0.061,0.062
3.69300e-01,-0.057,0.058
3.69310e-01,-0.057,0.064
3.69320e-01,-0.055,0.062
3.69330e-01,-0.059,0.066
3.69340e-01,-0.063,0.064
3.69350e-01,-0.059,0.06
3.69360e-01,-0.055,0.062
3.69370e-01,-0.063,0.064
3.69380e-01,-0.057,0.064
3.69390e-01,-0.059,0.066
3.69400e-01,-0.059,0.064
3.69410e-01,-0.059,0.062
3.69420e-01,-0.057,0.064
3.69430e-01,-0.043,0.046
3.69440e-01,-0.047,0.054
3.69450e-01,-0.061,0.066
3.69460e-01,-0.055,0.062
3.69470e-01,-0.061,0.062
3.69480e-01,-0.057,0.064
3.69490e-01,-0.051,0.058
3.69500e-01,-0.061,0.06
3.69510e-01,-0.063,0.06
3.69520e-01,-0.059,0.064
3.69530e-01,-0.053,0.058
3.69540e-01,-0.055,0.06
3.69550e-01,-0.059,0.064
3.69560e-01,-0.059,0.064
3.69570e-01,-0.059,0.06
3.69580e-01,-0.061,0.062
3.69590e-01,-0.055,0.06
3.69600e-01,-0.055,0.06
3.69610e-01,-0.057,0.064
3.69620e-01,-0.055,0.06
3.69630e-01,-0.063,0.066
3.69640e-01,-0.059,0.064
3.69650e-01,-0.059,0.064
3.69660e-01,-0.057,0.062
3.69670e-01,-0.057,0.068
3.69680e-01,-0.059,0.066
3.69690e-01,-0.061,0.064
3.69700e-01,-0.061,0.064
3.69710e-01,-0.061,0.064
3.69720e-01,-0.059,0.062
3.69730e-01,-0.059,0.064
3.69740e-01,-0.061,0.06
3.69750e-01,-0.057,0.06
3.69760e-01,-0.061,0.062
3.69770e-01,-0.063,0.062
3.69780e-01,-0.055,0.064
3.69790e-01,-0.055,0.06
3.69800e-01,-0.059,0.062
3.69810e-01,-0.061,0.064
3.69820e-01,-0.061,0.062
3.69830e-01,-0.061,0.066
3.69840e-01,-0.055,0.062
3.69850e-01,-0.059,0.06
3.69860e-01,-0.057,0.064
3.69870e-01,-0.061,0.064
3.69880e-01,-0.051,0.058
3.69890e-01,-0.047,0.054
3.69900e-01,-0.057,0.064
3.69910e-01,-0.059,0.064
3.69920e-01,-0.057,0.064
3.69930e-01,-0.063,0.062
3.69940e-01,-0.059,0.062
3.69950e-01,-0.059,0.062
3.69960e-01,-0.061,0.062
3.69970e-01,-0.059,0.066
3.69980e-01,-0.059,0.064
3.69990e-01,-0.059,0.062
3.70000e-01,-0.061,0.064
3.70010e-01,-0.055,0.062
3.70020e-01,-0.059,0.064
3.70030e-01,-0.059,0.06
3.70040e-01,-0.061,0.064
3.70050e-01,-0.061,0.062
3.70060e-01,-0.059,0.064
3.70070e-01,-0.061,0.064
3.70080e-01,-0.061,0.064
3.70090e-01,-0.061,0.062
3.70100e-01,-0.061,0.064
3.70110e-01,-0.055,0.058
3.70120e-01,-0.063,0.062
3.70130e-01,-0.061,0.06
3.70140e-01,-0.057,0.062
3.70150e-01,-0.057,0.06
3.70160e-01,-0.055,0.06
3.70170e-01,-0.059,0.064
3.70180e-01,-0.059,0.064
3.70190e-01,-0.057,0.062
3.70200e-01,-0.059,0.066
3.70210e-01,-0.059,0.064
3.70220e-01,-0.057,0.062
3.70230e-01,-0.057,0.06
3.70240e-01,-0.059,0.06
3.70250e-01,-0.051,0.058
3.70260e-01,-0.057,0.06
3.70270e-01,-0.051,0.054
3.70280e-01,-0.057,0.06
3.70290e-01,-0.053,0.058
3.70300e-01,-0.057,0.064
3.70310e-01,-0.053,0.06
3.70320e-01,-0.049,0.056
3.70330e-01,-0.045,0.05
3.70340e-01,-0.057,0.064
3.70350e-01,-0.059,0.062
3.70360e-01,-0.051,0.058
3.70370e-01,-0.045,0.054
3.70380e-01,-0.055,0.06
3.70390e-01,-0.059,0.06
3.70400e-01,-0.059,0.062
3.70410e-01,-0.057,0.062
3.70420e-01,-0.049,0.054
3.70430e-01,-0.057,0.062
3.70440e-01,-0.053,0.058
3.70450e-01,-0.055,0.06
3.70460e-01,-0.061,0.064
3.70470e-01,-0.057,0.062
3.70480e-01,-0.053,0.058
3.70490e-01,-0.061,0.064
3.70500e-01,-0.059,0.066
3.70510e-01,-0.059,0.066
3.70520e-01,-0.053,0.062
3.70530e-01,-0.059,0.06
3.70540e-01,-0.061,0.062
3.70550e-01,-0.061,0.066
3.70560e-01,-0.059,0.064
3.70570e-01,-0.059,0.062
3.70580e-01,-0.059,0.062
3.70590e-01,-0.061,0.066
3.70600e-01,-0.059,0.062
3.70610e-01,-0.057,0.06
3.70620e-01,-0.059,0.062
3.70630e-01,-0.059,0.066
3.70640e-01,-0.051,0.054
3.70650e-01,-0.049,0.056
3.70660e-01,-0.057,0.062
3.70670e-01,-0.059,0.062
3.70680e-01,-0.057,0.062
3.70690e-01,-0.059,0.068
3.70700e-01,-0.061,0.064
3.70710e-01,-0.063,0.06
3.70720e-01,-0.061,0.062
3.70730e-01,-0.065,0.064
3.70740e-01,-0.061,0.064
3.70750e-01,-0.055,0.062
3.70760e-01,-0.057,0.064
3.70770e-01,-0.061,0.064
3.70780e-01,-0.059,0.066
3.70790e-01,-0.061,0.064
3.70800e-01,-0.059,0.062
3.70810e-01,-0.061,0.064
3.70820e-01,-0.057,0.064
3.70830e-01,-0.057,0.064
3.70840e-01,-0.055,0.06
3.70850e-01,-0.059,0.062
3.70860e-01,-0.055,0.06
3.70870e-01,-0.051,0.058
3.70880e-01,-0.061,0.064
3.70890e-01,-0.059,0.066
3.70900e-01,-0.055,0.062
3.70910e-01,-0.057,0.06
3.70920e-01,-0.057,0.062
3.70930e-01,-0.059,0.06
3.70940e-01,-0.059,0.064
3.70950e-01,-0.057,0.062
3.70960e-01,-0.061,0.064
3.70970e-01,-0.061,0.062
3.70980e-01,-0.061,0.064
3.70990e-01,-0.057,0.066
3.71000e-01,-0.055,0.058
3.71010e-01,-0.059,0.064
3.71020e-01,-0.059,0.062
3.71030e-01,-0.059,0.064
3.71040e-01,-0.061,0.066
3.71050e-01,-0.059,0.06
3.71060e-01,-0.061,0.064
3.71070e-01,-0.059,0.062
3.71080e-01,-0.049,0.058
3.71090e-01,-0.051,0.056
3.71100e-01,-0.059,0.058
3.71110e-01,-0.061,0.064
3.71120e-01,-0.059,0.064
3.71130e-01,-0.061,0.062
3.71140e-01,-0.053,0.06
3.71150e-01,-0.055,0.06
3.71160e-01,-0.049,0.05
3.71170e-01,-0.051,0.06
3.71180e-01,-0.061,0.064
3.71190e-01,-0.051,0.058
3.71200e-01,-0.059,0.062
3.71210e-01,-0.059,0.062
3.71220e-01,-0.061,0.066
3.71230e-01,-0.059,0.064
3.71240e-01,-0.061,0.064
3.71250e-01,-0.055,0.062
3.71260e-01,-0.059,0.066
3.71270e-01,-0.055,0.06
3.71280e-01,-0.061,0.066
3.71290e-01,-0.055,0.062
3.71300e-01,-0.061,0.062
3.71310e-01,-0.059,0.064
3.71320e-01,-0.059,0.066
3.71330e-01,-0.055,0.06
3.71340e-01,-0.061,0.062
3.71350e-01,-0.059,0.062
3.71360e-01,-0.061,0.064
3.71370e-01,-0.059,0.062
3.71380e-01,-0.059,0.064
3.71390e-01,-0.059,0.06
3.71400e-01,-0.061,0.066
3.71410e-01,-0.055,0.062
3.71420e-01,-0.061,0.064
3.71430e-01,-0.061,0.062
3.71440e-01,-0.063,0.062
3.71450e-01,-0.059,0.064
3.71460e-01,-0.061,0.066
3.71470e-01,-0.059,0.06
3.71480e-01,-0.061,0.066
3.71490e-01,-0.061,0.064
3.71500e-01,-0.057,0.06
3.71510e-01,-0.061,0.064
3.71520e-01,-0.061,0.064
3.71530e-01,-0.059,0.06
3.71540e-01,-0.059,0.062
3.71550e-01,-0.059,0.062
3.71560e-01,-0.057,0.062
3.71570e-01,-0.059,0.062
3.71580e-01,-0.053,0.056
3.71590e-01,-0.057,0.06
3.71600e-01,-0.049,0.052
3.71610e-01,-0.059,0.064
3.71620e-01,-0.059,0.06
3.71630e-01,-0.059,0.062
3.71640e-01,-0.061,0.064
3.71650e-01,-0.059,0.064
3.71660e-01,-0.061,0.062
3.71670e-01,-0.047,0.058
3.71680e-01,-0.061,0.062
3.71690e-01,-0.055,0.054
3.71700e-01,-0.057,0.064
3.71710e-01,-0.059,0.06
3.71720e-01,-0.061,0.06
3.71730e-01,-0.059,0.062
3.71740e-01,-0.057,0.064
3.71750e-01,-0.059,0.064
3.71760e-01,-0.055,0.06
3.71770e-01,-0.049,0.054
3.71780e-01,-0.057,0.06
3.71790e-01,-0.057,0.06
3.71800e-01,-0.059,0.066
3.71810e-01,-0.059,0.062
3.71820e-01,-0.059,0.06
3.71830e-01,-0.055,0.06
3.71840e-01,-0.059,0.064
3.71850e-01,-0.059,0.06
3.71860e-01,-0.059,0.066
3.71870e-01,-0.059,0.064
3.71880e-01,-0.061,0.064
3.71890e-01,-0.059,0.062
3.71900e-01,-0.061,0.062
3.71910e-01,-0.055,0.06
3.71920e-01,-0.057,0.062
3.71930e-01,-0.061,0.062
3.71940e-01,-0.059,0.058
3.71950e-01,-0.055,0.06
3.71960e-01,-0.057,0.058
3.71970e-01,-0.057,0.06
3.71980e-01,-0.059,0.062
3.71990e-01,-0.061,0.062
3.72000e-01,-0.051,0.056
3.72010e-01,-0.057,0.06
3.72020e-01,-0.057,0.062
3.72030e-01,-0.061,0.062
3.72040e-01,-0.057,0.062
3.72050e-01,-0.061,0.06
3.72060e-01,-0.059,0.064
3.72070e-01,-0.057,0.062
3.72080e-01,-0.063,0.062
3.72090e-01,-0.059,0.064
3.72100e-01,-0.061,0.066
3.72110e-01,-0.063,0.064
3.72120e-01,-0.059,0.064
3.72130e-01,-0.059,0.064
3.72140e-01,-0.059,0.064
3.72150e-01,-0.055,0.06
3.72160e-01,-0.059,0.064
3.72170e-01,-0.059,0.062
3.72180e-01,-0.061,0.064
3.72190e-01,-0.055,0.064
3.72200e-01,-0.053,0.058
3.72210e-01,-0.057,0.06
3.72220e-01,-0.059,0.06
3.72230e-01,-0.061,0.064
3.72240e-01,-0.061,0.066
3.72250e-01,-0.059,0.064
3.72260e-01,-0.061,0.06
3.72270e-01,-0.059,0.062
3.72280e-01,-0.055,0.056
3.72290e-01,-0.051,0.056
3.72300e-01,-0.047,0.056
3.72310e-01,-0.045,0.048
3.72320e-01,-0.029,0.032
3.72330e-01,-0.041,0.044
3.72340e-01,-0.035,0.042
3.72350e-01,-0.045,0.052
3.72360e-01,-0.037,0.046
3.72370e-01,-0.047,0.054
3.72380e-01,-0.047,0.052
3.72390e-01,-0.061,0.064
3.72400e-01,-0.059,0.06
3.72410e-01,-0.057,0.062
3.72420e-01,-0.061,0.06
3.72430e-01,-0.057,0.06
3.72440e-01,-0.057,0.064
3.72450e-01,-0.053,0.06
3.72460e-01,-0.061,0.064
3.72470e-01,-0.057,0.06
3.72480e-01,-0.061,0.064
3.72490e-01,-0.053,0.062
3.72500e-01,-0.057,0.06
3.72510e-01,-0.057,0.062
3.72520e-01,-0.059,0.062
3.72530e-01,-0.055,0.058
3.72540e-01,-0.063,0.064
3.72550e-01,-0.059,0.06
3.72560e-01,-0.049,0.058
3.72570e-01,-0.061,0.064
3.72580e-01,-0.053,0.062
3.72590e-01,-0.059,0.066
3.72600e-01,-0.059,0.064
3.72610e-01,-0.061,0.064
3.72620e-01,-0.059,0.068
3.72630e-01,-0.059,0.062
3.72640e-01,-0.063,0.064
3.72650e-01,-0.055,0.062
3.72660e-01,-0.063,0.062
3.72670e-01,-0.059,0.06
3.72680e-01,-0.061,0.062
3.72690e-01,-0.063,0.06
3.72700e-01,-0.059,0.066
3.72710e-01,-0.061,0.064
3.72720e-01,-0.061,0.066
3.72730e-01,-0.059,0.064
3.72740e-01,-0.059,0.064
3.72750e-01,-0.051,0.056
3.72760e-01,-0.055,0.06
3.72770e-01,-0.057,0.06
3.72780e-01,-0.059,0.064
3.72790e-01,-0.063,0.064
3.72800e-01,-0.061,0.064
3.72810e-01,-0.061,0.062
3.72820e-01,-0.061,0.064
3.72830e-01,-0.057,0.062
3.72840e-01,-0.061,0.064
3.72850e-01,-0.063,0.064
3.72860e-01,-0.057,0.06
3.72870e-01,-0.061,0.064
3.72880e-01,-0.061,0.066
3.72890e-01,-0.063,0.064
3.72900e-01,-0.059,0.064
3.72910e-01,-0.063,0.064
3.72920e-01,-0.061,0.064
3.72930e-01,-0.053,0.06
3.72940e-01,-0.061,0.064
3.72950e-01,-0.059,0.064
3.72960e-01,-0.059,0.064
3.72970e-01,-0.059,0.062
3.72980e-01,-0.061,0.064
3.72990e-01,-0.059,0.06
3.73000e-01,-0.059,0.064
3.73010e-01,-0.059,0.064
3.73020e-01,-0.059,0.062
3.73030e-01,-0.061,0.062
3.73040e-01,-0.055,0.06
3.73050e-01,-0.057,0.06
3.73060e-01,-0.051,0.062
3.73070e-01,-0.057,0.06
3.73080e-01,-0.059,0.062
3.73090e-01,-0.061,0.062
3.73100e-01,-0.059,0.064
3.73110e-01,-0.061,0.064
3.73120e-01,-0.061,0.064
3.73130e-01,-0.059,0.06
3.73140e-01,-0.057,0.06
3.73150e-01,-0.045,0.048
3.73160e-01,-0.059,0.064
3.73170e-01,-0.063,0.066
3.73180e-01,-0.061,0.064
3.73190e-01,-0.061,0.062
3.73200e-01,-0.055,0.062
3.73210e-01,-0.061,0.062
3.73220e-01,-0.053,0.06
3.73230e-01,-0.063,0.064
3.73240e-01,-0.061,0.062
3.73250e-01,-0.061,0.062
3.73260e-01,-0.063,0.06
3.73270e-01,-0.055,0.06
3.73280e-01,-0.061,0.064
3.73290e-01,-0.059,0.06
3.73300e-01,-0.057,0.066
3.73310e-01,-0.061,0.064
3.73320e-01,-0.059,0.062
3.73330e-01,-0.061,0.062
3.73340e-01,-0.059,0.064
3.73350e-01,-0.057,0.062
3.73360e-01,-0.059,0.062
3.73370e-01,-0.061,0.064
3.73380e-01,-0.057,0.058
3.73390e-01,-0.059,0.064
3.73400e-01,-0.055,0.06
3.73410e-01,-0.057,0.064
3.73420e-01,-0.055,0.064
3.73430e-01,-0.059,0.064
3.73440e-01,-0.059,0.06
3.73450e-01,-0.059,0.062
3.73460e-01,-0.061,0.064
3.73470e-01,-0.061,0.062
3.73480e-01,-0.063,0.064
3.73490e-01,-0.059,0.06
3.73500e-01,-0.063,0.064
3.73510e-01,-0.057,0.064
3.73520e-01,-0.055,0.06
3.73530e-01,-0.057,0.06
3.73540e-01,-0.059,0.062
3.73550e-01,-0.057,0.064
3.73560e-01,-0.059,0.066
3.73570e-01,-0.057,0.064
3.73580e-01,-0.061,0.062
3.73590e-01,-0.063,0.062
3.73600e-01,-0.059,0.066
3.73610e-01,-0.061,0.06
3.73620e-01,-0.063,0.062
3.73630e-01,-0.059,0.06
3.73640e-01,-0.059,0.064
3.73650e-01,-0.059,0.066
3.73660e-01,-0.059,0.062
3.73670e-01,-0.061,0.06
3.73680e-01,-0.061,0.066
3.73690e-01,-0.057,0.06
3.73700e-01,-0.059,0.064
3.73710e-01,-0.059,0.062
3.73720e-01,-0.055,0.062
3.73730e-01,-0.059,0.06
3.73740e-01,-0.063,0.062
3.73750e-01,-0.055,0.062
3.73760e-01,-0.051,0.056
3.73770e-01,-0.061,0.062
3.73780e-01,-0.051,0.054
3.73790e-01,-0.063,0.064
3.73800e-01,-0.061,0.062
3.73810e-01,-0.053,0.06
3.73820e-01,-0.041,0.048
3.73830e-01,-0.063,0.064
3.73840e-01,-0.061,0.066
3.73850e-01,-0.061,0.064
3.73860e-01,-0.053,0.06
3.73870e-01,-0.059,0.064
3.73880e-01,-0.061,0.068
3.73890e-01,-0.061,0.066
3.73900e-01,-0.063,0.064
3.73910e-01,-0.055,0.062
3.73920e-01,-0.061,0.062
3.73930e-01,-0.053,0.06
3.73940e-01,-0.057,0.064
3.73950e-01,-0.049,0.054
3.73960e-01,-0.061,0.062
3.73970e-01,-0.049,0.054
3.73980e-01,-0.061,0.064
3.73990e-01,-0.053,0.06
3.74000e-01,-0.053,0.056
3.74010e-01,-0.061,0.06
3.74020e-01,-0.053,0.058
3.74030e-01,-0.059,0.06
3.74040e-01,-0.051,0.056
3.74050e-01,-0.055,0.066
3.74060e-01,-0.061,0.064
3.74070e-01,-0.057,0.062
3.74080e-01,-0.059,0.06
3.74090e-01,-0.057,0.06
3.74100e-01,-0.057,0.064
3.74110e-01,-0.055,0.06
3.74120e-01,-0.059,0.064
3.74130e-01,-0.057,0.062
3.74140e-01,-0.051,0.06
3.74150e-01,-0.061,0.064
3.74160e-01,-0.055,0.06
3.74170e-01,-0.057,0.066
3.74180e-01,-0.057,0.06
3.74190e-01,-0.059,0.064
3.74200e-01,-0.061,0.06
3.74210e-01,-0.061,0.068
3.74220e-01,-0.061,0.066
3.74230e-01,-0.061,0.068
3.74240e-01,-0.061,0.064
3.74250e-01,-0.059,0.062
3.74260e-01,-0.061,0.062
3.74270e-01,-0.057,0.064
3.74280e-01,-0.057,0.06
3.74290e-01,-0.063,0.06
3.74300e-01,-0.057,0.062
3.74310e-01,-0.061,0.064
3.74320e-01,-0.059,0.06
3.74330e-01,-0.055,0.06
3.74340e-01,-0.055,0.06
3.74350e-01,-0.061,0.062
3.74360e-01,-0.063,0.064
3.74370e-01,-0.047,0.052
3.74380e-01,-0.061,0.062
3.74390e-01,-0.053,0.06
3.74400e-01,-0.059,0.064
3.74410e-01,-0.061,0.066
3.74420e-01,-0.059,0.064
3.74430e-01,-0.063,0.064
3.74440e-01,-0.053,0.06
3.74450e-01,-0.059,0.064
3.74460e-01,-0.055,0.062
3.74470e-01,-0.061,0.062
3.74480e-01,-0.061,0.066
3.74490e-01,-0.057,0.062
3.74500e-01,-0.061,0.066
3.74510e-01,-0.055,0.062
3.74520e-01,-0.057,0.064
3.74530e-01,-0.063,0.066
3.74540e-01,-0.059,0.062
3.74550e-01,-0.059,0.062
3.74560e-01,-0.057,0.064
3.74570e-01,-0.063,0.06
3.74580e-01,-0.063,0.062
3.74590e-01,-0.053,0.058
3.74600e-01,-0.061,0.062
3.74610e-01,-0.059,0.064
3.74620e-01,-0.059,0.062
3.74630e-01,-0.061,0.064
3.74640e-01,-0.059,0.062
3.74650e-01,-0.057,0.066
3.74660e-01,-0.059,0.06
3.74670e-01,-0.057,0.062
3.74680e-01,-0.061,0.062
3.74690e-01,-0.063,0.062
3.74700e-01,-0.059,0.06
3.74710e-01,-0.057,0.06
3.74720e-01,-0.057,0.064
3.74730e-01,-0.057,0.058
3.74740e-01,-0.057,0.062
3.74750e-01,-0.059,0.066
3.74760e-01,-0.063,0.064
3.74770e-01,-0.059,0.062
3.74780e-01,-0.055,0.064
3.74790e-01,-0.059,0.062
3.74800e-01,-0.051,0.056
3.74810e-01,-0.047,0.054
3.74820e-01,-0.043,0.05
3.74830e-01,-0.055,0.064
3.74840e-01,-0.057,0.058
3.74850e-01,-0.055,0.056
3.74860e-01,-0.049,0.054
3.74870e-01,-0.057,0.062
3.74880e-01,-0.049,0.05
3.74890e-01,-0.055,0.06
3.74900e-01,-0.057,0.064
3.74910e-01,-0.059,0.066
3.74920e-01,-0.059,0.064
3.74930e-01,-0.059,0.06
3.74940e-01,-0.059,0.062
3.74950e-01,-0.057,0.056
3.74960e-01,-0.057,0.06
3.74970e-01,-0.055,0.062
3.74980e-01,-0.057,0.056
3.74990e-01,-0.057,0.062
3.75000e-01,-0.059,0.064
3.75010e-01,-0.055,0.062
3.75020e-01,-0.053,0.06
3.75030e-01,-0.059,0.064
3.75040e-01,-0.053,0.06
3.75050e-01,-0.057,0.06
3.75060e-01,-0.055,0.062
3.75070e-01,-0.049,0.054
3.75080e-01,-0.059,0.062
3.75090e-01,-0.063,0.066
3.75100e-01,-0.057,0.064
3.75110e-01,-0.061,0.064
3.75120e-01,-0.061,0.062
3.75130e-01,-0.061,0.062
3.75140e-01,-0.061,0.064
3.75150e-01,-0.061,0.064
3.75160e-01,-0.055,0.06
3.75170e-01,-0.055,0.056
3.75180e-01,-0.057,0.06
3.75190e-01,-0.055,0.06
3.75200e-01,-0.059,0.06
3.75210e-01,-0.049,0.054
3.75220e-01,-0.059,0.068
3.75230e-01,-0.061,0.062
3.75240e-01,-0.063,0.064
3.75250e-01,-0.061,0.064
3.75260e-01,-0.059,0.064
3.75270e-01,-0.057,0.06
3.75280e-01,-0.059,0.064
3.75290e-01,-0.061,0.064
3.75300e-01,-0.055,0.064
3.75310e-01,-0.057,0.06
3.75320e-01,-0.061,0.064
3.75330e-01,-0.043,0.048
3.75340e-01,-0.053,0.06
3.75350e-01,-0.061,0.064
3.75360e-01,-0.057,0.06
3.75370e-01,-0.061,0.064
3.75380e-01,-0.055,0.062
3.75390e-01,-0.061,0.066
3.75400e-01,-0.061,0.062
3.75410e-01,-0.057,0.062
3.75420e-01,-0.059,0.066
3.75430e-01,-0.059,0.064
3.75440e-01,-0.063,0.064
3.75450e-01,-0.055,0.058
3.75460e-01,-0.059,0.062
3.75470e-01,-0.055,0.062
3.75480e-01,-0.059,0.062
3.75490e-01,-0.059,0.062
3.75500e-01,-0.059,0.064
3.75510e-01,-0.057,0.062
3.75520e-01,-0.063,0.064
3.75530e-01,-0.059,0.064
3.75540e-01,-0.059,0.062
3.75550e-01,-0.051,0.056
3.75560e-01,-0.055,0.06
3.75570e-01,-0.039,0.044
3.75580e-01,-0.045,0.046
3.75590e-01,-0.061,0.06
3.75600e-01,-0.061,0.064
3.75610e-01,-0.059,0.064
3.75620e-01,-0.061,0.066
3.75630e-01,-0.061,0.068
3.75640e-01,-0.051,0.06
3.75650e-01,-0.055,0.06
3.75660e-01,-0.047,0.052
3.75670e-01,-0.057,0.062
3.75680e-01,-0.059,0.064
3.75690e-01,-0.057,0.062
3.75700e-01,-0.059,0.062
3.75710e-01,-0.055,0.056
3.75720e-01,-0.059,0.064
3.75730e-01,-0.061,0.066
3.75740e-01,-0.059,0.064
3.75750e-01,-0.061,0.066
3.75760e-01,-0.059,0.062
3.75770e-01,-0.061,0.064
3.75780e-01,-0.057,0.06
3.75790e-01,-0.057,0.064
3.75800e-01,-0.061,0.066
3.75810e-01,-0.057,0.062
3.75820e-01,-0.051,0.054
3.75830e-01,-0.061,0.064
3.75840e-01,-0.059,0.06
3.75850e-01,-0.059,0.066
3.75860e-01,-0.063,0.062
3.75870e-01,-0.059,0.062
3.75880e-01,-0.057,0.062
3.75890e-01,-0.059,0.06
3.75900e-01,-0.059,0.064
3.75910e-01,-0.061,0.064
3.75920e-01,-0.063,0.066
3.75930e-01,-0.053,0.058
3.75940e-01,-0.061,0.062
3.75950e-01,-0.055,0.06
3.75960e-01,-0.061,0.06
3.75970e-01,-0.061,0.062
3.75980e-01,-0.059,0.066
3.75990e-01,-0.057,0.06
3.76000e-01,-0.061,0.066
3.76010e-01,-0.057,0.064
3.76020e-01,-0.063,0.064
3.76030e-01,-0.055,0.062
3.76040e-01,-0.059,0.06
3.76050e-01,-0.059,0.062
3.76060e-01,-0.059,0.064
3.76070e-01,-0.061,0.066
3.76080e-01,-0.061,0.068
3.76090e-01,-0.061,0.062
3.76100e-01,-0.057,0.064
3.76110e-01,-0.059,0.064
3.76120e-01,-0.059,0.064
3.76130e-01,-0.061,0.064
3.76140e-01,-0.057,0.066
3.76150e-01,-0.053,0.06
3.76160e-01,-0.053,0.056
3.76170e-01,-0.037,0.044
3.76180e-01,-0.053,0.058
3.76190e-01,-0.053,0.058
3.76200e-01,-0.057,0.064
3.76210e-01,-0.055,0.064
3.76220e-01,-0.063,0.064
3.76230e-01,-0.059,0.06
3.76240e-01,-0.061,0.06
3.76250e-01,-0.057,0.062
3.76260e-01,-0.045,0.052
3.76270e-01,-0.061,0.062
3.76280e-01,-0.053,0.06
3.76290e-01,-0.061,0.062
3.76300e-01,-0.057,0.06
3.76310e-01,-0.061,0.064
3.76320e-01,-0.063,0.064
3.76330e-01,-0.055,0.06
3.76340e-01,-0.057,0.068
3.76350e-01,-0.061,0.066
3.76360e-01,-0.057,0.064
3.76370e-01,-0.053,0.056
3.76380e-01,-0.059,0.064
3.76390e-01,-0.059,0.064
3.76400e-01,-0.059,0.064
3.76410e-01,-0.061,0.062
3.76420e-01,-0.061,0.064
3.76430e-01,-0.057,0.064
3.76440e-01,-0.059,0.062
3.76450e-01,-0.057,0.06
3.76460e-01,-0.061,0.066
3.76470e-01,-0.061,0.064
3.76480e-01,-0.063,0.064
3.76490e-01,-0.057,0.06
3.76500e-01,-0.061,0.062
3.76510e-01,-0.055,0.062
3.76520e-01,-0.059,0.062
3.76530e-01,-0.059,0.064
3.76540e-01,-0.057,0.062
3.76550e-01,-0.061,0.064
3.76560e-01,-0.059,0.062
3.76570e-01,-0.057,0.062
3.76580e-01,-0.045,0.056
3.76590e-01,-0.053,0.062
3.76600e-01,-0.053,0.06
3.76610e-01,-0.063,0.064
3.76620e-01,-0.055,0.06
3.76630e-01,-0.053,0.058
3.76640e-01,-0.053,0.058
3.76650e-01,-0.061,0.064
3.76660e-01,-0.061,0.064
3.76670e-01,-0.057,0.06
3.76680e-01,-0.057,0.062
3.76690e-01,-0.055,0.06
3.76700e-01,-0.059,0.062
3.76710e-01,-0.061,0.064
3.76720e-01,-0.057,0.062
3.76730e-01,-0.061,0.064
3.76740e-01,-0.059,0.064
3.76750e-01,-0.057,0.062
3.76760e-01,-0.061,0.066
3.76770e-01,-0.061,0.062
3.76780e-01,-0.061,0.062
3.76790e-01,-0.059,0.062
3.76800e-01,-0.057,0.062
3.76810e-01,-0.061,0.062
3.76820e-01,-0.055,0.058
3.76830e-01,-0.053,0.058
3.76840e-01,-0.055,0.062
3.76850e-01,-0.061,0.064
3.76860e-01,-0.059,0.06
3.76870e-01,-0.049,0.058
3.76880e-01,-0.045,0.052
3.76890e-01,-0.055,0.06
3.76900e-01,-0.061,0.064
3.76910e-01,-0.057,0.062
3.76920e-01,-0.055,0.06
3.76930e-01,-0.061,0.06
3.76940e-01,-0.047,0.056
3.76950e-01,-0.055,0.058
3.76960e-01,-0.063,0.066
3.76970e-01,-0.061,0.066
3.76980e-01,-0.059,0.062
3.76990e-01,-0.059,0.064
3.77000e-01,-0.057,0.062
3.77010e-01,-0.059,0.064
3.77020e-01,-0.061,0.064
3.77030e-01,-0.051,0.054
3.77040e-01,-0.059,0.062
3.77050e-01,-0.053,0.058
3.77060e-01,-0.059,0.064
3.77070e-01,-0.045,0.05
3.77080e-01,-0.063,0.062
3.77090e-01,-0.059,0.064
3.77100e-01,-0.059,0.064
3.77110e-01,-0.059,0.062
3.77120e-01,-0.063,0.062
3.77130e-01,-0.057,0.062
3.77140e-01,-0.055,0.06
3.77150e-01,-0.057,0.064
3.77160e-01,-0.057,0.058
3.77170e-01,-0.055,0.062
3.77180e-01,-0.063,0.066
3.77190e-01,-0.061,0.064
3.77200e-01,-0.051,0.058
3.77210e-01,-0.063,0.064
3.77220e-01,-0.055,0.056
3.77230e-01,-0.063,0.064
3.77240e-01,-0.059,0.064
3.77250e-01,-0.059,0.068
3.77260e-01,-0.057,0.06
3.77270e-01,-0.059,0.064
3.77280e-01,-0.057,0.062
3.77290e-01,-0.061,0.064
3.77300e-01,-0.059,0.064
3.77310e-01,-0.057,0.064
3.77320e-01,-0.061,0.066
3.77330e-01,-0.055,0.058
3.77340e-01,-0.051,0.058
3.77350e-01,-0.051,0.058
3.77360e-01,-0.057,0.058
3.77370e-01,-0.053,0.056
3.77380e-01,-0.059,0.064
3.77390e-01,-0.059,0.06
3.77400e-01,-0.051,0.058
3.77410e-01,-0.051,0.058
3.77420e-01,-0.055,0.06
3.77430e-01,-0.045,0.05
3.77440e-01,-0.051,0.054
3.77450e-01,-0.049,0.05
3.77460e-01,-0.057,0.06
3.77470e-01,-0.051,0.056
3.77480e-01,-0.061,0.064
3.77490e-01,-0.059,0.066
3.77500e-01,-0.059,0.064
3.77510e-01,-0.061,0.064
3.77520e-01,-0.057,0.064
3.77530e-01,-0.059,0.066
3.77540e-01,-0.061,0.064
3.77550e-01,-0.061,0.062
3.77560e-01,-0.059,0.064
3.77570e-01,-0.059,0.062
3.77580e-01,-0.059,0.062
3.77590e-01,-0.059,0.066
3.77600e-01,-0.061,0.062
3.77610e-01,-0.057,0.06
3.77620e-01,-0.059,0.066
3.77630e-01,-0.057,0.064
3.77640e-01,-0.061,0.066
3.77650e-01,-0.061,0.066
3.77660e-01,-0.063,0.066
3.77670e-01,-0.059,0.064
3.77680e-01,-0.053,0.06
3.77690e-01,-0.061,0.06
3.77700e-01,-0.061,0.06
3.77710e-01,-0.053,0.06
3.77720e-01,-0.057,0.062
3.77730e-01,-0.061,0.064
3.77740e-01,-0.057,0.06
3.77750e-01,-0.059,0.064
3.77760e-01,-0.053,0.058
3.77770e-01,-0.059,0.062
3.77780e-01,-0.059,0.06
3.77790e-01,-0.057,0.064
3.77800e-01,-0.057,0.064
3.77810e-01,-0.059,0.064
3.77820e-01,-0.061,0.06
3.77830e-01,-0.059,0.06
3.77840e-01,-0.055,0.062
3.77850e-01,-0.061,0.06
3.77860e-01,-0.055,0.058
3.77870e-01,-0.055,0.062
3.77880e-01,-0.057,0.064
3.77890e-01,-0.061,0.064
3.77900e-01,-0.063,0.064
3.77910e-01,-0.059,0.064
3.77920e-01,-0.055,0.06
3.77930e-01,-0.063,0.062
3.77940e-01,-0.053,0.06
3.77950e-01,-0.061,0.064
3.77960e-01,-0.061,0.062
3.77970e-01,-0.061,0.062
3.77980e-01,-0.063,0.068
3.77990e-01,-0.059,0.064
3.78000e-01,-0.057,0.064
3.78010e-01,-0.063,0.066
3.78020e-01,-0.061,0.064
3.78030e-01,-0.061,0.064
3.78040e-01,-0.059,0.062
3.78050e-01,-0.061,0.062
3.78060e-01,-0.061,0.064
3.78070e-01,-0.053,0.06
3.78080e-01,-0.059,0.064
3.78090e-01,-0.049,0.058
3.78100e-01,-0.059,0.064
3.78110e-01,-0.055,0.06
3.78120e-01,-0.055,0.06
3.78130e-01,-0.057,0.062
3.78140e-01,-0.057,0.066
3.78150e-01,-0.053,0.056
3.78160e-01,-0.059,0.064
3.78170e-01,-0.047,0.05
3.78180e-01,-0.055,0.06
3.78190e-01,-0.051,0.052
3.78200e-01,-0.055,0.06
3.78210e-01,-0.043,0.054
3.78220e-01,-0.057,0.064
3.78230e-01,-0.061,0.066
3.78240e-01,-0.061,0.064
3.78250e-01,-0.061,0.066
3.78260e-01,-0.057,0.064
3.78270e-01,-0.059,0.064
3.78280e-01,-0.057,0.064
3.78290e-01,-0.061,0.066
3.78300e-01,-0.061,0.062
3.78310e-01,-0.061,0.066
3.78320e-01,-0.057,0.06
3.78330e-01,-0.061,0.06
3.78340e-01,-0.053,0.054
3.78350e-01,-0.059,0.062
3.78360e-01,-0.059,0.064
3.78370e-01,-0.059,0.062
3.78380e-01,-0.061,0.064
3.78390e-01,-0.059,0.064
3.78400e-01,-0.055,0.064
3.78410e-01,-0.057,0.064
3.78420e-01,-0.055,0.062
3.78430e-01,-0.063,0.064
3.78440e-01,-0.061,0.064
3.78450e-01,-0.057,0.062
3.78460e-01,-0.061,0.062
3.78470e-01,-0.059,0.06
3.78480e-01,-0.061,0.06
3.78490e-01,-0.061,0.066
3.78500e-01,-0.059,0.064
3.78510e-01,-0.055,0.064
3.78520e-01,-0.061,0.068
3.78530e-01,-0.051,0.062
3.78540e-01,-0.061,0.064
3.78550e-01,-0.059,0.066
3.78560e-01,-0.059,0.066
3.78570e-01,-0.059,0.066
3.78580e-01,-0.055,0.06
3.78590e-01,-0.063,0.064
3.78600e-01,-0.057,0.062
3.78610e-01,-0.059,0.06
3.78620e-01,-0.055,0.064
3.78630e-01,-0.059,0.066
3.78640e-01,-0.059,0.062
3.78650e-01,-0.061,0.064
3.78660e-01,-0.061,0.066
3.78670e-01,-0.051,0.056
3.78680e-01,-0.063,0.062
3.78690e-01,-0.059,0.066
3.78700e-01,-0.055,0.06
3.78710e-01,-0.063,0.068
3.78720e-01,-0.059,0.064
3.78730e-01,-0.059,0.064
3.78740e-01,-0.061,0.062
3.78750e-01,-0.061,0.064
3.78760e-01,-0.059,0.06
3.78770e-01,-0.059,0.066
3.78780e-01,-0.059,0.066
3.78790e-01,-0.061,0.064
3.78800e-01,-0.055,0.06
3.78810e-01,-0.051,0.056
3.78820e-01,-0.063,0.064
3.78830e-01,-0.057,0.062
3.78840e-01,-0.061,0.064
3.78850e-01,-0.055,0.056
3.78860e-01,-0.063,0.06
3.78870e-01,-0.053,0.058
3.78880e-01,-0.055,0.06
3.78890e-01,-0.061,0.062
3.78900e-01,-0.061,0.066
3.78910e-01,-0.061,0.062
3.78920e-01,-0.061,0.064
3.78930e-01,-0.061,0.064
3.78940e-01,-0.061,0.064
3.78950e-01,-0.063,0.064
3.78960e-01,-0.061,0.062
3.78970e-01,-0.057,0.064
3.78980e-01,-0.059,0.066
3.78990e-01,-0.057,0.06
3.79000e-01,-0.059,0.062
3.79010e-01,-0.059,0.058
3.79020e-01,-0.053,0.058
3.79030e-01,-0.055,0.056
3.79040e-01,-0.057,0.064
3.79050e-01,-0.059,0.064
3.79060e-01,-0.057,0.064
3.79070e-01,-0.055,0.062
3.79080e-01,-0.055,0.06
3.79090e-01,-0.061,0.064
3.79100e-01,-0.057,0.066
3.79110e-01,-0.055,0.062
3.79120e-01,-0.059,0.062
3.79130e-01,-0.063,0.064
3.79140e-01,-0.059,0.06
3.79150e-01,-0.059,0.064
3.79160e-01,-0.059,0.062
3.79170e-01,-0.059,0.062
3.79180e-01,-0.059,0.06
3.79190e-01,-0.055,0.064
3.79200e-01,-0.053,0.056
3.79210e-01,-0.059,0.062
3.79220e-01,-0.061,0.06
3.79230e-01,-0.061,0.064
3.79240e-01,-0.059,0.062
3.79250e-01,-0.061,0.062
3.79260e-01,-0.061,0.06
3.79270e-01,-0.059,0.062
3.79280e-01,-0.063,0.064
3.79290e-01,-0.057,0.06
3.79300e-01,-0.049,0.056
3.79310e-01,-0.061,0.064
3.79320e-01,-0.063,0.062
3.79330e-01,-0.059,0.062
3.79340e-01,-0.059,0.064
3.79350e-01,-0.055,0.062
3.79360e-01,-0.059,0.066
3.79370e-01,-0.065,0.066
3.79380e-01,-0.059,0.064
3.79390e-01,-0.057,0.064
3.79400e-01,-0.057,0.062
3.79410e-01,-0.061,0.062
3.79420e-01,-0.061,0.064
3.79430e-01,-0.061,0.064
3.79440e-01,-0.059,0.06
3.79450e-01,-0.061,0.062
3.79460e-01,-0.067,0.064
3.79470e-01,-0.057,0.06
3.79480e-01,-0.055,0.06
3.79490e-01,-0.061,0.066
3.79500e-01,-0.057,0.06
3.79510e-01,-0.055,0.064
3.79520e-01,-0.055,0.06
3.79530e-01,-0.055,0.058
3.79540e-01,-0.059,0.066
3.79550e-01,-0.061,0.062
3.79560e-01,-0.061,0.064
3.79570e-01,-0.059,0.062
3.79580e-01,-0.057,0.062
3.79590e-01,-0.057,0.064
3.79600e-01,-0.061,0.062
3.79610e-01,-0.053,0.056
3.79620e-01,-0.061,0.064
3.79630e-01,-0.059,0.064
3.79640e-01,-0.061,0.064
3.79650e-01,-0.059,0.066
3.79660e-01,-0.061,0.064
3.79670e-01,-0.063,0.06
3.79680e-01,-0.061,0.062
3.79690e-01,-0.059,0.064
3.79700e-01,-0.055,0.06
3.79710e-01,-0.059,0.06
3.79720e-01,-0.059,0.064
3.79730e-01,-0.061,0.064
3.79740e-01,-0.057,0.062
3.79750e-01,-0.059,0.064
3.79760e-01,-0.061,0.062
3.79770e-01,-0.055,0.06
3.79780e-01,-0.061,0.062
3.79790e-01,-0.057,0.064
3.79800e-01,-0.061,0.066
3.79810e-01,-0.057,0.064
3.79820e-01,-0.055,0.058
3.79830e-01,-0.061,0.064
3.79840e-01,-0.059,0.062
3.79850e-01,-0.055,0.06
3.79860e-01,-0.061,0.066
3.79870e-01,-0.059,0.06
3.79880e-01,-0.061,0.06
3.79890e-01,-0.057,0.062
3.79900e-01,-0.057,0.064
3.79910e-01,-0.055,0.06
3.79920e-01,-0.059,0.062
3.79930e-01,-0.055,0.06
3.79940e-01,-0.055,0.062
3.79950e-01,-0.053,0.056
3.79960e-01,-0.051,0.052
3.79970e-01,-0.057,0.066
3.79980e-01,-0.059,0.062
3.79990e-01,-0.059,0.064
3.80000e-01,-0.049,0.058
3.80010e-01,-0.053,0.06
3.80020e-01,-0.061,0.062
3.80030e-01,-0.063,0.064
3.80040e-01,-0.059,0.064
3.80050e-01,-0.059,0.062
3.80060e-01,-0.057,0.062
3.80070e-01,-0.061,0.064
3.80080e-01,-0.059,0.064
3.80090e-01,-0.047,0.054
3.80100e-01,-0.055,0.06
3.80110e-01,-0.059,0.064
3.80120e-01,-0.055,0.06
3.80130e-01,-0.061,0.066
3.80140e-01,-0.055,0.06
3.80150e-01,-0.061,0.064
3.80160e-01,-0.059,0.064
3.80170e-01,-0.061,0.064
3.80180e-01,-0.059,0.064
3.80190e-01,-0.053,0.06
3.80200e-01,-0.053,0.058
3.80210e-01,-0.047,0.052
3.80220e-01,-0.049,0.052
3.80230e-01,-0.047,0.054
3.80240e-01,-0.049,0.052
3.80250e-01,-0.047,0.054
3.80260e-01,-0.057,0.06
3.80270e-01,-0.061,0.06
3.80280e-01,-0.057,0.06
3.80290e-01,-0.057,0.062
3.80300e-01,-0.059,0.064
3.80310e-01,-0.049,0.054
3.80320e-01,-0.053,0.06
3.80330e-01,-0.057,0.06
3.80340e-01,-0.053,0.058
3.80350e-01,-0.055,0.06
3.80360e-01,-0.059,0.066
3.80370e-01,-0.059,0.062
3.80380e-01,-0.059,0.06
3.80390e-01,-0.047,0.056
3.80400e-01,-0.049,0.056
3.80410e-01,-0.057,0.06
3.80420e-01,-0.053,0.056
3.80430e-01,-0.055,0.058
3.80440e-01,-0.047,0.058
3.80450e-01,-0.049,0.054
3.80460e-01,-0.055,0.06
3.80470e-01,-0.059,0.06
3.80480e-01,-0.059,0.064
3.80490e-01,-0.059,0.064
3.80500e-01,-0.059,0.062
3.80510e-01,-0.055,0.06
3.80520e-01,-0.047,0.05
3.80530e-01,-0.047,0.056
3.80540e-01,-0.039,0.05
3.80550e-01,-0.049,0.058
3.80560e-01,-0.051,0.058
3.80570e-01,-0.059,0.064
3.80580e-01,-0.063,0.064
3.80590e-01,-0.061,0.064
3.80600e-01,-0.059,0.064
3.80610e-01,-0.059,0.062
3.80620e-01,-0.055,0.06
3.80630e-01,-0.051,0.058
3.80640e-01,-0.057,0.062
3.80650e-01,-0.051,0.058
3.80660e-01,-0.057,0.064
3.80670e-01,-0.057,0.062
3.80680e-01,-0.061,0.064
3.80690e-01,-0.059,0.066
3.80700e-01,-0.061,0.064
3.80710e-01,-0.061,0.062
3.80720e-01,-0.047,0.056
3.80730e-01,-0.055,0.06
3.80740e-01,-0.047,0.048
3.80750e-01,-0.059,0.06
3.80760e-01,-0.049,0.054
3.80770e-01,-0.057,0.062
3.80780e-01,-0.053,0.058
3.80790e-01,-0.055,0.064
3.80800e-01,-0.059,0.06
3.80810e-01,-0.055,0.06
3.80820e-01,-0.053,0.054
3.80830e-01,-0.059,0.064
3.80840e-01,-0.059,0.066
3.80850e-01,-0.059,0.064
3.80860e-01,-0.057,0.062
3.80870e-01,-0.061,0.06
3.80880e-01,-0.059,0.06
3.80890e-01,-0.061,0.064
3.80900e-01,-0.059,0.06
3.80910e-01,-0.059,0.062
3.80920e-01,-0.063,0.062
3.80930e-01,-0.063,0.064
3.80940e-01,-0.057,0.062
3.80950e-01,-0.061,0.064
3.80960e-01,-0.063,0.064
3.80970e-01,-0.063,0.066
3.80980e-01,-0.059,0.064
3.80990e-01,-0.061,0.066
3.81000e-01,-0.059,0.066
3.81010e-01,-0.059,0.064
3.81020e-01,-0.057,0.064
3.81030e-01,-0.059,0.066
3.81040e-01,-0.059,0.064
3.81050e-01,-0.055,0.06
3.81060e-01,-0.061,0.062
3.81070e-01,-0.063,0.064
3.81080e-01,-0.061,0.064
3.81090e-01,-0.061,0.064
3.81100e-01,-0.055,0.06
3.81110e-01,-0.059,0.064
3.81120e-01,-0.055,0.058
3.81130e-01,-0.057,0.062
3.81140e-01,-0.055,0.06
3.81150e-01,-0.063,0.064
3.81160e-01,-0.047,0.056
3.81170e-01,-0.063,0.06
3.81180e-01,-0.055,0.06
3.81190e-01,-0.063,0.064
3.81200e-01,-0.063,0.064
3.81210e-01,-0.055,0.062
3.81220e-01,-0.047,0.058
3.81230e-01,-0.039,0.044
3.81240e-01,-0.053,0.056
3.81250e-01,-0.053,0.056
3.81260e-01,-0.059,0.06
3.81270e-01,-0.057,0.06
3.81280e-01,-0.059,0.064
3.81290e-01,-0.057,0.062
3.81300e-01,-0.059,0.06
3.81310e-01,-0.059,0.062
3.81320e-01,-0.049,0.054
3.81330e-01,-0.051,0.056
3.81340e-01,-0.051,0.056
3.81350e-01,-0.053,0.058
3.81360e-01,-0.051,0.054
3.81370e-01,-0.051,0.054
3.81380e-01,-0.049,0.054
3.81390e-01,-0.047,0.058
3.81400e-01,-0.059,0.062
3.81410e-01,-0.059,0.066
3.81420e-01,-0.059,0.064
3.81430e-01,-0.059,0.06
3.81440e-01,-0.059,0.064
3.81450e-01,-0.057,0.062
3.81460e-01,-0.059,0.064
3.81470e-01,-0.055,0.056
3.81480e-01,-0.049,0.054
3.81490e-01,-0.047,0.056
3.81500e-01,-0.053,0.06
3.81510e-01,-0.057,0.064
3.81520e-01,-0.055,0.06
3.81530e-01,-0.057,0.062
3.81540e-01,-0.055,0.06
3.81550e-01,-0.055,0.06
3.81560e-01,-0.049,0.05
3.81570e-01,-0.057,0.064
3.81580e-01,-0.059,0.064
3.81590e-01,-0.061,0.062
3.81600e-01,-0.063,0.062
3.81610e-01,-0.055,0.06
3.81620e-01,-0.051,0.06
3.81630e-01,-0.059,0.06
3.81640e-01,-0.061,0.064
3.81650e-01,-0.061,0.064
3.81660e-01,-0.059,0.064
3.81670e-01,-0.055,0.06
3.81680e-01,-0.061,0.064
3.81690e-01,-0.055,0.06
3.81700e-01,-0.061,0.062
3.81710e-01,-0.059,0.062
3.81720e-01,-0.059,0.06
3.81730e-01,-0.059,0.06
3.81740e-01,-0.057,0.062
3.81750e-01,-0.063,0.06
3.81760e-01,-0.057,0.062
3.81770e-01,-0.057,0.06
3.81780e-01,-0.059,0.064
3.81790e-01,-0.059,0.064
3.81800e-01,-0.059,0.064
3.81810e-01,-0.061,0.064
3.81820e-01,-0.059,0.064
3.81830e-01,-0.059,0.06
3.81840e-01,-0.043,0.044
3.81850e-01,-0.043,0.048
3.81860e-01,-0.047,0.05
3.81870e-01,-0.059,0.062
3.81880e-01,-0.055,0.058
3.81890e-01,-0.059,0.06
3.81900e-01,-0.049,0.058
3.81910e-01,-0.059,0.064
3.81920e-01,-0.061,0.062
3.81930e-01,-0.061,0.066
3.81940e-01,-0.057,0.064
3.81950e-01,-0.059,0.06
3.81960e-01,-0.063,0.064
3.81970e-01,-0.055,0.062
3.81980e-01,-0.059,0.066
3.81990e-01,-0.057,0.06
3.82000e-01,-0.055,0.06
3.82010e-01,-0.061,0.06
3.82020e-01,-0.055,0.06
3.82030e-01,-0.059,0.062
3.82040e-01,-0.053,0.054
3.82050e-01,-0.059,0.064
3.82060e-01,-0.045,0.048
3.82070e-01,-0.063,0.062
3.82080e-01,-0.059,0.064
3.82090e-01,-0.059,0.06
3.82100e-01,-0.049,0.054
3.82110e-01,-0.061,0.062
3.82120e-01,-0.059,0.064
3.82130e-01,-0.059,0.06
3.82140e-01,-0.057,0.06
3.82150e-01,-0.057,0.06
3.82160e-01,-0.059,0.064
3.82170e-01,-0.057,0.06
3.82180e-01,-0.063,0.066
3.82190e-01,-0.059,0.062
3.82200e-01,-0.063,0.066
3.82210e-01,-0.057,0.064
3.82220e-01,-0.061,0.064
3.82230e-01,-0.059,0.064
3.82240e-01,-0.057,0.062
3.82250e-01,-0.061,0.064
3.82260e-01,-0.065,0.066
3.82270e-01,-0.059,0.066
3.82280e-01,-0.055,0.06
3.82290e-01,-0.063,0.064
3.82300e-01,-0.057,0.062
3.82310e-01,-0.061,0.064
3.82320e-01,-0.059,0.064
3.82330e-01,-0.061,0.066
3.82340e-01,-0.059,0.062
3.82350e-01,-0.059,0.062
3.82360e-01,-0.061,0.06
3.82370e-01,-0.061,0.06
3.82380e-01,-0.057,0.064
3.82390e-01,-0.059,0.064
3.82400e-01,-0.059,0.064
3.82410e-01,-0.059,0.062
3.82420e-01,-0.061,0.066
3.82430e-01,-0.061,0.064
3.82440e-01,-0.051,0.056
3.82450e-01,-0.061,0.066
3.82460e-01,-0.059,0.064
3.82470e-01,-0.057,0.06
3.82480e-01,-0.055,0.058
3.82490e-01,-0.059,0.062
3.82500e-01,-0.055,0.06
3.82510e-01,-0.061,0.062
3.82520e-01,-0.059,0.064
3.82530e-01,-0.061,0.064
3.82540e-01,-0.063,0.066
3.82550e-01,-0.051,0.058
3.82560e-01,-0.061,0.064
3.82570e-01,-0.061,0.062
3.82580e-01,-0.061,0.062
3.82590e-01,-0.055,0.06
3.82600e-01,-0.061,0.064
3.82610e-01,-0.063,0.064
3.82620e-01,-0.061,0.062
3.82630e-01,-0.057,0.06
3.82640e-01,-0.061,0.064
3.82650e-01,-0.057,0.064
3.82660e-01,-0.059,0.064
3.82670e-01,-0.055,0.06
3.82680e-01,-0.063,0.062
3.82690e-01,-0.061,0.064
3.82700e-01,-0.059,0.064
3.82710e-01,-0.059,0.064
3.82720e-01,-0.059,0.064
3.82730e-01,-0.061,0.064
3.82740e-01,-0.059,0.062
3.82750e-01,-0.063,0.06
3.82760e-01,-0.057,0.064
3.82770e-01,-0.053,0.058
3.82780e-01,-0.059,0.064
3.82790e-01,-0.061,0.064
3.82800e-01,-0.059,0.062
3.82810e-01,-0.057,0.062
3.82820e-01,-0.059,0.062
3.82830e-01,-0.061,0.062
3.82840e-01,-0.059,0.064
3.82850e-01,-0.061,0.064
3.82860e-01,-0.061,0.06
3.82870e-01,-0.061,0.062
3.82880e-01,-0.063,0.062
3.82890e-01,-0.059,0.064
3.82900e-01,-0.057,0.06
3.82910e-01,-0.059,0.064
3.82920e-01,-0.059,0.062
3.82930e-01,-0.059,0.066
3.82940e-01,-0.059,0.062
3.82950e-01,-0.059,0.064
3.82960e-01,-0.061,0.06
3.82970e-01,-0.061,0.064
3.82980e-01,-0.061,0.064
3.82990e-01,-0.061,0.062
3.83000e-01,-0.053,0.06
3.83010e-01,-0.061,0.062
3.83020e-01,-0.057,0.06
3.83030e-01,-0.061,0.066
3.83040e-01,-0.053,0.058
3.83050e-01,-0.057,0.06
3.83060e-01,-0.055,0.06
3.83070e-01,-0.065,0.064
3.83080e-01,-0.061,0.064
3.83090e-01,-0.053,0.06
3.83100e-01,-0.063,0.064
3.83110e-01,-0.053,0.058
3.83120e-01,-0.063,0.066
3.83130e-01,-0.053,0.054
3.83140e-01,-0.063,0.062
3.83150e-01,-0.055,0.06
3.83160e-01,-0.061,0.064
3.83170e-01,-0.059,0.066
3.83180e-01,-0.059,0.064
3.83190e-01,-0.059,0.068
3.83200e-01,-0.059,0.064
3.83210e-01,-0.057,0.064
3.83220e-01,-0.059,0.064
3.83230e-01,-0.063,0.06
3.83240e-01,-0.051,0.056
3.83250e-01,-0.061,0.064
3.83260e-01,-0.059,0.062
3.83270e-01,-0.063,0.064
3.83280e-01,-0.059,0.062
3.83290e-01,-0.057,0.064
3.83300e-01,-0.063,0.064
3.83310e-01,-0.061,0.066
3.83320e-01,-0.057,0.064
3.83330e-01,-0.061,0.064
3.83340e-01,-0.059,0.062
3.83350e-01,-0.059,0.062
3.83360e-01,-0.059,0.064
3.83370e-01,-0.057,0.064
3.83380e-01,-0.059,0.06
3.83390e-01,-0.055,0.056
3.83400e-01,-0.057,0.066
3.83410e-01,-0.059,0.064
3.83420e-01,-0.061,0.064
3.83430e-01,-0.057,0.064
3.83440e-01,-0.057,0.066
3.83450e-01,-0.061,0.064
3.83460e-01,-0.061,0.066
3.83470e-01,-0.061,0.062
3.83480e-01,-0.059,0.06
3.83490e-01,-0.059,0.064
3.83500e-01,-0.061,0.062
3.83510e-01,-0.061,0.06
3.83520e-01,-0.059,0.06
3.83530e-01,-0.057,0.062
3.83540e-01,-0.059,0.064
3.83550e-01,-0.063,0.068
3.83560e-01,-0.063,0.064
3.83570e-01,-0.059,0.062
3.83580e-01,-0.057,0.064
3.83590e-01,-0.061,0.066
3.83600e-01,-0.057,0.066
3.83610e-01,-0.063,0.064
3.83620e-01,-0.061,0.064
3.83630e-01,-0.059,0.062
3.83640e-01,-0.057,0.062
3.83650e-01,-0.057,0.06
3.83660e-01,-0.059,0.066
3.83670e-01,-0.057,0.062
3.83680e-01,-0.059,0.06
3.83690e-01,-0.047,0.052
3.83700e-01,-0.059,0.066
3.83710e-01,-0.057,0.062
3.83720e-01,-0.061,0.064
3.83730e-01,-0.057,0.064
3.83740e-01,-0.063,0.062
3.83750e-01,-0.059,0.064
3.83760e-01,-0.059,0.06
3.83770e-01,-0.059,0.066
3.83780e-01,-0.061,0.064
3.83790e-01,-0.061,0.062
3.83800e-01,-0.053,0.06
3.83810e-01,-0.051,0.058
3.83820e-01,-0.049,0.054
3.83830e-01,-0.051,0.056
3.83840e-01,-0.047,0.052
3.83850e-01,-0.065,0.066
3.83860e-01,-0.059,0.062
3.83870e-01,-0.057,0.064
3.83880e-01,-0.059,0.066
3.83890e-01,-0.059,0.062
3.83900e-01,-0.053,0.06
3.83910e-01,-0.057,0.064
3.83920e-01,-0.059,0.064
3.83930e-01,-0.057,0.064
3.83940e-01,-0.059,0.06
3.83950e-01,-0.061,0.062
3.83960e-01,-0.055,0.06
3.83970e-01,-0.055,0.06
3.83980e-01,-0.059,0.062
3.83990e-01,-0.055,0.06
3.84000e-01,-0.059,0.064
3.84010e-01,-0.057,0.06
3.84020e-01,-0.061,0.062
3.84030e-01,-0.061,0.062
3.84040e-01,-0.057,0.062
3.84050e-01,-0.057,0.064
3.84060e-01,-0.061,0.062
3.84070e-01,-0.061,0.064
3.84080e-01,-0.061,0.066
3.84090e-01,-0.053,0.06
3.84100e-01,-0.053,0.06
3.84110e-01,-0.053,0.054
3.84120e-01,-0.059,0.064
3.84130e-01,-0.059,0.064
3.84140e-01,-0.059,0.06
3.84150e-01,-0.059,0.062
3.84160e-01,-0.045,0.052
3.84170e-01,-0.059,0.064
3.84180e-01,-0.059,0.062
3.84190e-01,-0.059,0.064
3.84200e-01,-0.057,0.062
3.84210e-01,-0.061,0.066
3.84220e-01,-0.059,0.06
3.84230e-01,-0.055,0.064
3.84240e-01,-0.057,0.062
3.84250e-01,-0.051,0.058
3.84260e-01,-0.045,0.05
3.84270e-01,-0.061,0.064
3.84280e-01,-0.049,0.056
3.84290e-01,-0.063,0.064
3.84300e-01,-0.057,0.06
3.84310e-01,-0.061,0.066
3.84320e-01,-0.053,0.06
3.84330e-01,-0.033,0.038
3.84340e-01,-0.055,0.054
3.84350e-01,-0.045,0.054
3.84360e-01,-0.061,0.064
3.84370e-01,-0.059,0.06
3.84380e-01,-0.053,0.058
3.84390e-01,-0.063,0.066
3.84400e-01,-0.057,0.064
3.84410e-01,-0.057,0.056
3.84420e-01,-0.055,0.062
3.84430e-01,-0.059,0.064
3.84440e-01,-0.057,0.06
3.84450e-01,-0.055,0.06
3.84460e-01,-0.051,0.056
3.84470e-01,-0.059,0.064
3.84480e-01,-0.057,0.062
3.84490e-01,-0.065,0.064
3.84500e-01,-0.057,0.064
3.84510e-01,-0.059,0.062
3.84520e-01,-0.061,0.066
3.84530e-01,-0.057,0.062
3.84540e-01,-0.061,0.064
3.84550e-01,-0.059,0.064
3.84560e-01,-0.061,0.064
3.84570e-01,-0.057,0.062
3.84580e-01,-0.061,0.062
3.84590e-01,-0.057,0.06
3.84600e-01,-0.057,0.062
3.84610e-01,-0.059,0.066
3.84620e-01,-0.061,0.064
3.84630e-01,-0.059,0.064
3.84640e-01,-0.059,0.066
3.84650e-01,-0.059,0.06
3.84660e-01,-0.047,0.056
3.84670e-01,-0.059,0.066
3.84680e-01,-0.059,0.064
3.84690e-01,-0.059,0.064
3.84700e-01,-0.057,0.06
3.84710e-01,-0.061,0.064
3.84720e-01,-0.055,0.06
3.84730e-01,-0.061,0.064
3.84740e-01,-0.055,0.062
3.84750e-01,-0.061,0.064
3.84760e-01,-0.059,0.064
3.84770e-01,-0.061,0.062
3.84780e-01,-0.061,0.066
3.84790e-01,-0.061,0.062
3.84800e-01,-0.057,0.06
3.84810e-01,-0.057,0.06
3.84820e-01,-0.043,0.046
3.84830e-01,-0.055,0.058
3.84840e-01,-0.061,0.062
3.84850e-01,-0.059,0.062
3.84860e-01,-0.055,0.058
3.84870e-01,-0.053,0.06
3.84880e-01,-0.055,0.062
3.84890e-01,-0.065,0.064
3.84900e-01,-0.059,0.062
3.84910e-01,-0.057,0.064
3.84920e-01,-0.059,0.062
3.84930e-01,-0.053,0.062
3.84940e-01,-0.057,0.062
3.84950e-01,-0.055,0.06
3.84960e-01,-0.059,0.064
3.84970e-01,-0.057,0.06
3.84980e-01,-0.059,0.064
3.84990e-01,-0.055,0.066
3.85000e-01,-0.063,0.066
3.85010e-01,-0.061,0.066
3.85020e-01,-0.057,0.06
3.85030e-01,-0.059,0.064
3.85040e-01,-0.059,0.06
3.85050e-01,-0.055,0.058
3.85060e-01,-0.055,0.062
3.85070e-01,-0.059,0.062
3.85080e-01,-0.061,0.068
3.85090e-01,-0.057,0.062
3.85100e-01,-0.059,0.06
3.85110e-01,-0.057,0.062
3.85120e-01,-0.059,0.064
3.85130e-01,-0.053,0.058
3.85140e-01,-0.061,0.062
3.85150e-01,-0.059,0.06
3.85160e-01,-0.059,0.062
3.85170e-01,-0.059,0.06
3.85180e-01,-0.059,0.064
3.85190e-01,-0.055,0.062
3.85200e-01,-0.057,0.06
3.85210e-01,-0.051,0.056
3.85220e-01,-0.059,0.064
3.85230e-01,-0.057,0.064
3.85240e-01,-0.061,0.064
3.85250e-01,-0.061,0.062
3.85260e-01,-0.057,0.064
3.85270e-01,-0.059,0.062
3.85280e-01,-0.065,0.064
3.85290e-01,-0.053,0.058
3.85300e-01,-0.057,0.06
3.85310e-01,-0.049,0.054
3.85320e-01,-0.059,0.064
3.85330e-01,-0.055,0.062
3.85340e-01,-0.059,0.062
3.85350e-01,-0.065,0.068
3.85360e-01,-0.059,0.06
3.85370e-01,-0.059,0.066
3.85380e-01,-0.057,0.06
3.85390e-01,-0.061,0.064
3.85400e-01,-0.055,0.06
3.85410e-01,-0.057,0.06
3.85420e-01,-0.057,0.06
3.85430e-01,-0.059,0.062
3.85440e-01,-0.051,0.054
3.85450e-01,-0.063,0.064
3.85460e-01,-0.053,0.06
3.85470e-01,-0.057,0.064
3.85480e-01,-0.055,0.06
3.85490e-01,-0.043,0.048
3.85500e-01,-0.059,0.062
3.85510e-01,-0.045,0.048
3.85520e-01,-0.049,0.056
3.85530e-01,-0.045,0.056
3.85540e-01,-0.057,0.06
3.85550e-01,-0.061,0.064
3.85560e-01,-0.057,0.062
3.85570e-01,-0.061,0.062
3.85580e-01,-0.061,0.062
3.85590e-01,-0.051,0.058
3.85600e-01,-0.059,0.064
3.85610e-01,-0.051,0.058
3.85620e-01,-0.059,0.06
3.85630e-01,-0.055,0.06
3.85640e-01,-0.061,0.064
3.85650e-01,-0.059,0.064
3.85660e-01,-0.061,0.06
3.85670e-01,-0.059,0.068
3.85680e-01,-0.059,0.066
3.85690e-01,-0.059,0.06
3.85700e-01,-0.065,0.064
3.85710e-01,-0.049,0.058
3.85720e-01,-0.053,0.06
3.85730e-01,-0.057,0.064
3.85740e-01,-0.053,0.056
3.85750e-01,-0.059,0.062
3.85760e-01,-0.059,0.064
3.85770e-01,-0.061,0.062
3.85780e-01,-0.057,0.062
3.85790e-01,-0.059,0.06
3.85800e-01,-0.061,0.064
3.85810e-01,-0.057,0.06
3.85820e-01,-0.061,0.068
3.85830e-01,-0.059,0.064
3.85840e-01,-0.059,0.064
3.85850e-01,-0.059,0.064
3.85860e-01,-0.061,0.06
3.85870e-01,-0.057,0.066
3.85880e-01,-0.061,0.064
3.85890e-01,-0.057,0.06
3.85900e-01,-0.059,0.064
3.85910e-01,-0.059,0.064
3.85920e-01,-0.057,0.06
3.85930e-01,-0.059,0.064
3.85940e-01,-0.059,0.066
3.85950e-01,-0.059,0.062
3.85960e-01,-0.061,0.064
3.85970e-01,-0.051,0.052
3.85980e-01,-0.055,0.066
3.85990e-01,-0.051,0.054
3.86000e-01,-0.059,0.064
3.86010e-01,-0.057,0.062
3.86020e-01,-0.053,0.058
3.86030e-01,-0.061,0.064
3.86040e-01,-0.051,0.06
3.86050e-01,-0.051,0.06
3.86060e-01,-0.057,0.066
3.86070e-01,-0.061,0.064
3.86080e-01,-0.053,0.054
3.86090e-01,-0.059,0.064
3.86100e-01,-0.051,0.054
3.86110e-01,-0.057,0.064
3.86120e-01,-0.055,0.06
3.86130e-01,-0.059,0.06
3.86140e-01,-0.059,0.064
3.86150e-01,-0.055,0.062
3.86160e-01,-0.057,0.06
3.86170e-01,-0.059,0.062
3.86180e-01,-0.057,0.06
3.86190e-01,-0.061,0.062
3.86200e-01,-0.061,0.06
3.86210e-01,-0.061,0.062
3.86220e-01,-0.059,0.066
3.86230e-01,-0.059,0.062
3.86240e-01,-0.057,0.064
3.86250e-01,-0.057,0.066
3.86260e-01,-0.053,0.058
3.86270e-01,-0.061,0.066
3.86280e-01,-0.059,0.06
3.86290e-01,-0.055,0.062
3.86300e-01,-0.059,0.06
3.86310e-01,-0.053,0.054
3.86320e-01,-0.047,0.054
3.86330e-01,-0.055,0.062
3.86340e-01,-0.057,0.064
3.86350e-01,-0.059,0.064
3.86360e-01,-0.055,0.056
3.86370e-01,-0.057,0.064
3.86380e-01,-0.055,0.056
3.86390e-01,-0.061,0.062
3.86400e-01,-0.057,0.062
3.86410e-01,-0.061,0.062
3.86420e-01,-0.057,0.06
3.86430e-01,-0.057,0.064
3.86440e-01,-0.053,0.06
3.86450e-01,-0.061,0.064
3.86460e-01,-0.061,0.064
3.86470e-01,-0.061,0.062
3.86480e-01,-0.047,0.054
3.86490e-01,-0.057,0.062
3.86500e-01,-0.059,0.06
3.86510e-01,-0.055,0.06
3.86520e-01,-0.055,0.062
3.86530e-01,-0.061,0.064
3.86540e-01,-0.059,0.066
3.86550e-01,-0.061,0.064
3.86560e-01,-0.061,0.06
3.86570e-01,-0.061,0.064
3.86580e-01,-0.063,0.062
3.86590e-01,-0.055,0.064
3.86600e-01,-0.061,0.062
3.86610e-01,-0.061,0.064
3.86620e-01,-0.061,0.064
3.86630e-01,-0.047,0.054
3.86640e-01,-0.061,0.066
3.86650e-01,-0.057,0.062
3.86660e-01,-0.059,0.064
3.86670e-01,-0.061,0.064
3.86680e-01,-0.061,0.064
3.86690e-01,-0.061,0.066
3.86700e-01,-0.059,0.06
3.86710e-01,-0.061,0.06
3.86720e-01,-0.059,0.064
3.86730e-01,-0.057,0.06
3.86740e-01,-0.061,0.064
3.86750e-01,-0.059,0.064
3.86760e-01,-0.051,0.054
3.86770e-01,-0.057,0.06
3.86780e-01,-0.057,0.06
3.86790e-01,-0.061,0.064
3.86800e-01,-0.051,0.056
3.86810e-01,-0.055,0.06
3.86820e-01,-0.059,0.064
3.86830e-01,-0.047,0.054
3.86840e-01,-0.057,0.06
3.86850e-01,-0.057,0.062
3.86860e-01,-0.055,0.06
3.86870e-01,-0.057,0.064
3.86880e-01,-0.055,0.064
3.86890e-01,-0.059,0.062
3.86900e-01,-0.057,0.06
3.86910e-01,-0.057,0.064
3.86920e-01,-0.049,0.052
3.86930e-01,-0.059,0.06
3.86940e-01,-0.051,0.056
3.86950e-01,-0.057,0.062
3.86960e-01,-0.061,0.062
3.86970e-01,-0.057,0.062
3.86980e-01,-0.063,0.068
3.86990e-01,-0.057,0.06
3.87000e-01,-0.061,0.064
3.87010e-01,-0.057,0.06
3.87020e-01,-0.055,0.06
3.87030e-01,-0.059,0.064
3.87040e-01,-0.057,0.064
3.87050e-01,-0.047,0.054
3.87060e-01,-0.055,0.064
3.87070e-01,-0.059,0.06
3.87080e-01,-0.047,0.054
3.87090e-01,-0.061,0.062
3.87100e-01,-0.049,0.062
3.87110e-01,-0.061,0.066
3.87120e-01,-0.059,0.06
3.87130e-01,-0.059,0.064
3.87140e-01,-0.061,0.06
3.87150e-01,-0.055,0.058
3.87160e-01,-0.057,0.062
3.87170e-01,-0.055,0.058
3.87180e-01,-0.053,0.06
3.87190e-01,-0.047,0.054
3.87200e-01,-0.061,0.064
3.87210e-01,-0.049,0.048
3.87220e-01,-0.061,0.066
3.87230e-01,-0.057,0.062
3.87240e-01,-0.057,0.062
3.87250e-01,-0.061,0.064
3.87260e-01,-0.049,0.054
3.87270e-01,-0.061,0.064
3.87280e-01,-0.059,0.06
3.87290e-01,-0.059,0.064
3.87300e-01,-0.057,0.064
3.87310e-01,-0.055,0.06
3.87320e-01,-0.057,0.064
3.87330e-01,-0.057,0.062
3.87340e-01,-0.057,0.062
3.87350e-01,-0.061,0.06
3.87360e-01,-0.051,0.058
3.87370e-01,-0.059,0.06
3.87380e-01,-0.059,0.062
3.87390e-01,-0.063,0.064
3.87400e-01,-0.059,0.066
3.87410e-01,-0.057,0.066
3.87420e-01,-0.061,0.064
3.87430e-01,-0.063,0.064
3.87440e-01,-0.063,0.064
3.87450e-01,-0.059,0.062
3.87460e-01,-0.061,0.064
3.87470e-01,-0.061,0.062
3.87480e-01,-0.059,0.064
3.87490e-01,-0.059,0.064
3.87500e-01,-0.061,0.062
3.87510e-01,-0.059,0.066
3.87520e-01,-0.057,0.064
3.87530e-01,-0.041,0.048
3.87540e-01,-0.059,0.06
3.87550e-01,-0.053,0.06
3.87560e-01,-0.061,0.064
3.87570e-01,-0.055,0.06
3.87580e-01,-0.059,0.066
3.87590e-01,-0.057,0.06
3.87600e-01,-0.057,0.062
3.87610e-01,-0.059,0.064
3.87620e-01,-0.063,0.064
3.87630e-01,-0.063,0.062
3.87640e-01,-0.063,0.064
3.87650e-01,-0.059,0.064
3.87660e-01,-0.061,0.064
3.87670e-01,-0.059,0.062
3.87680e-01,-0.063,0.064
3.87690e-01,-0.059,0.064
3.87700e-01,-0.061,0.062
3.87710e-01,-0.055,0.062
3.87720e-01,-0.057,0.062
3.87730e-01,-0.059,0.062
3.87740e-01,-0.059,0.062
3.87750e-01,-0.057,0.06
3.87760e-01,-0.061,0.062
3.87770e-01,-0.055,0.06
3.87780e-01,-0.059,0.062
3.87790e-01,-0.059,0.062
3.87800e-01,-0.057,0.06
3.87810e-01,-0.057,0.06
3.87820e-01,-0.061,0.062
3.87830e-01,-0.061,0.062
3.87840e-01,-0.061,0.064
3.87850e-01,-0.059,0.064
3.87860e-01,-0.057,0.062
3.87870e-01,-0.059,0.062
3.87880e-01,-0.055,0.058
3.87890e-01,-0.057,0.062
3.87900e-01,-0.059,0.066
3.87910e-01,-0.051,0.06
3.87920e-01,-0.059,0.066
3.87930e-01,-0.043,0.052
3.87940e-01,-0.061,0.064
3.87950e-01,-0.061,0.064
3.87960e-01,-0.061,0.064
3.87970e-01,-0.049,0.06
3.87980e-01,-0.061,0.064
3.87990e-01,-0.057,0.064
3.88000e-01,-0.057,0.064
3.88010e-01,-0.059,0.064
3.88020e-01,-0.059,0.066
3.88030e-01,-0.057,0.062
3.88040e-01,-0.061,0.066
3.88050e-01,-0.053,0.058
3.88060e-01,-0.055,0.064
3.88070e-01,-0.051,0.06
3.88080e-01,-0.057,0.062
3.88090e-01,-0.045,0.052
3.88100e-01,-0.053,0.058
3.88110e-01,-0.059,0.062
3.88120e-01,-0.051,0.056
3.88130e-01,-0.061,0.06
3.88140e-01,-0.051,0.058
3.88150e-01,-0.059,0.06
3.88160e-01,-0.049,0.052
3.88170e-01,-0.061,0.064
3.88180e-01,-0.049,0.05
3.88190e-01,-0.059,0.062
3.88200e-01,-0.043,0.048
3.88210e-01,-0.057,0.062
3.88220e-01,-0.061,0.064
3.88230e-01,-0.059,0.066
3.88240e-01,-0.063,0.066
3.88250e-01,-0.055,0.06
3.88260e-01,-0.059,0.064
3.88270e-01,-0.063,0.064
3.88280e-01,-0.059,0.064
3.88290e-01,-0.059,0.062
3.88300e-01,-0.059,0.066
3.88310e-01,-0.061,0.062
3.88320e-01,-0.061,0.062
3.88330e-01,-0.061,0.06
3.88340e-01,-0.051,0.058
3.88350e-01,-0.061,0.064
3.88360e-01,-0.051,0.056
3.88370e-01,-0.057,0.064
3.88380e-01,-0.057,0.062
3.88390e-01,-0.061,0.068
3.88400e-01,-0.053,0.06
3.88410e-01,-0.059,0.06
3.88420e-01,-0.061,0.064
3.88430e-01,-0.061,0.068
3.88440e-01,-0.055,0.06
3.88450e-01,-0.059,0.064
3.88460e-01,-0.057,0.062
3.88470e-01,-0.049,0.056
3.88480e-01,-0.061,0.064
3.88490e-01,-0.045,0.054
3.88500e-01,-0.063,0.064
3.88510e-01,-0.057,0.06
3.88520e-01,-0.053,0.06
3.88530e-01,-0.051,0.06
3.88540e-01,-0.057,0.058
3.88550e-01,-0.055,0.062
3.88560e-01,-0.055,0.062
3.88570e-01,-0.055,0.06
3.88580e-01,-0.037,0.046
3.88590e-01,-0.057,0.06
3.88600e-01,-0.059,0.06
3.88610e-01,-0.057,0.064
3.88620e-01,-0.061,0.066
3.88630e-01,-0.059,0.062
3.88640e-01,-0.063,0.064
3.88650e-01,-0.059,0.062
3.88660e-01,-0.059,0.064
3.88670e-01,-0.055,0.058
3.88680e-01,-0.055,0.06
3.88690e-01,-0.059,0.064
3.88700e-01,-0.045,0.054
3.88710e-01,-0.053,0.062
3.88720e-01,-0.059,0.064
3.88730e-01,-0.047,0.056
3.88740e-01,-0.055,0.06
3.88750e-01,-0.049,0.05
3.88760e-01,-0.051,0.06
3.88770e-01,-0.059,0.064
3.88780e-01,-0.057,0.064
3.88790e-01,-0.061,0.062
3.88800e-01,-0.055,0.062
3.88810e-01,-0.053,0.06
3.88820e-01,-0.057,0.06
3.88830e-01,-0.059,0.064
3.88840e-01,-0.061,0.064
3.88850e-01,-0.061,0.062
3.88860e-01,-0.061,0.064
3.88870e-01,-0.059,0.066
3.88880e-01,-0.059,0.062
3.88890e-01,-0.053,0.056
3.88900e-01,-0.059,0.064
3.88910e-01,-0.059,0.06
3.88920e-01,-0.061,0.068
3.88930e-01,-0.061,0.064
3.88940e-01,-0.055,0.056
3.88950e-01,-0.057,0.062
3.88960e-01,-0.061,0.062
3.88970e-01,-0.059,0.064
3.88980e-01,-0.045,0.05
3.88990e-01,-0.059,0.064
3.89000e-01,-0.061,0.064
3.89010e-01,-0.055,0.064
3.89020e-01,-0.061,0.064
3.89030e-01,-0.061,0.064
3.89040e-01,-0.057,0.062
3.89050e-01,-0.059,0.064
3.89060e-01,-0.061,0.064
3.89070e-01,-0.057,0.064
3.89080e-01,-0.059,0.06
3.89090e-01,-0.053,0.058
3.89100e-01,-0.061,0.064
3.89110e-01,-0.051,0.052
3.89120e-01,-0.057,0.064
3.89130e-01,-0.051,0.054
3.89140e-01,-0.059,0.06
3.89150e-01,-0.055,0.062
3.89160e-01,-0.063,0.062
3.89170e-01,-0.059,0.064
3.89180e-01,-0.061,0.068
3.89190e-01,-0.059,0.07
3.89200e-01,-0.057,0.062
3.89210e-01,-0.053,0.06
3.89220e-01,-0.053,0.058
3.89230e-01,-0.061,0.062
3.89240e-01,-0.059,0.062
3.89250e-01,-0.055,0.06
3.89260e-01,-0.055,0.06
3.89270e-01,-0.059,0.062
3.89280e-01,-0.051,0.056
3.89290e-01,-0.059,0.064
3.89300e-01,-0.055,0.06
3.89310e-01,-0.061,0.064
3.89320e-01,-0.059,0.062
3.89330e-01,-0.057,0.06
3.89340e-01,-0.059,0.064
3.89350e-01,-0.059,0.06
3.89360e-01,-0.061,0.062
3.89370e-01,-0.059,0.064
3.89380e-01,-0.059,0.06
3.89390e-01,-0.061,0.064
3.89400e-01,-0.059,0.064
3.89410e-01,-0.051,0.056
3.89420e-01,-0.045,0.05
3.89430e-01,-0.055,0.062
3.89440e-01,-0.053,0.056
3.89450e-01,-0.063,0.068
3.89460e-01,-0.057,0.06
3.89470e-01,-0.063,0.06
3.89480e-01,-0.055,0.058
3.89490e-01,-0.063,0.062
3.89500e-01,-0.051,0.054
3.89510e-01,-0.057,0.062
3.89520e-01,-0.053,0.06
3.89530e-01,-0.055,0.06
3.89540e-01,-0.055,0.06
3.89550e-01,-0.059,0.064
3.89560e-01,-0.059,0.06
3.89570e-01,-0.059,0.066
3.89580e-01,-0.061,0.064
3.89590e-01,-0.059,0.062
3.89600e-01,-0.061,0.066
3.89610e-01,-0.059,0.062
3.89620e-01,-0.057,0.062
3.89630e-01,-0.059,0.064
3.89640e-01,-0.063,0.064
3.89650e-01,-0.061,0.062
3.89660e-01,-0.057,0.06
3.89670e-01,-0.051,0.056
3.89680e-01,-0.053,0.06
3.89690e-01,-0.063,0.064
3.89700e-01,-0.061,0.066
3.89710e-01,-0.063,0.064
3.89720e-01,-0.059,0.064
3.89730e-01,-0.049,0.056
3.89740e-01,-0.059,0.064
3.89750e-01,-0.059,0.062
3.89760e-01,-0.057,0.064
3.89770e-01,-0.051,0.054
3.89780e-01,-0.051,0.054
3.89790e-01,-0.055,0.062
3.89800e-01,-0.053,0.056
3.89810e-01,-0.059,0.06
3.89820e-01,-0.051,0.056
3.89830e-01,-0.057,0.06
3.89840e-01,-0.051,0.06
3.89850e-01,-0.059,0.06
3.89860e-01,-0.065,0.066
3.89870e-01,-0.061,0.062
3.89880e-01,-0.051,0.06
3.89890e-01,-0.057,0.064
3.89900e-01,-0.059,0.064
3.89910e-01,-0.059,0.066
3.89920e-01,-0.059,0.064
3.89930e-01,-0.059,0.064
3.89940e-01,-0.057,0.06
3.89950e-01,-0.059,0.06
3.89960e-01,-0.063,0.066
3.89970e-01,-0.059,0.064
3.89980e-01,-0.053,0.058
3.89990e-01,-0.059,0.062
3.90000e-01,-0.051,0.056
3.90010e-01,-0.057,0.064
3.90020e-01,-0.051,0.058
3.90030e-01,-0.053,0.058
3.90040e-01,-0.051,0.054
3.90050e-01,-0.059,0.064
3.90060e-01,-0.055,0.062
3.90070e-01,-0.059,0.064
3.90080e-01,-0.053,0.06
3.90090e-01,-0.059,0.064
3.90100e-01,-0.043,0.052
3.90110e-01,-0.059,0.06
3.90120e-01,-0.051,0.06
3.90130e-01,-0.055,0.06
3.90140e-01,-0.059,0.064
3.90150e-01,-0.055,0.056
3.90160e-01,-0.059,0.062
3.90170e-01,-0.057,0.062
3.90180e-01,-0.059,0.064
3.90190e-01,-0.063,0.068
3.90200e-01,-0.057,0.062
3.90210e-01,-0.061,0.064
3.90220e-01,-0.055,0.06
3.90230e-01,-0.053,0.06
3.90240e-01,-0.061,0.064
3.90250e-01,-0.059,0.06
3.90260e-01,-0.059,0.06
3.90270e-01,-0.055,0.058
3.90280e-01,-0.055,0.062
3.90290e-01,-0.059,0.066
3.90300e-01,-0.061,0.062
3.90310e-01,-0.059,0.06
3.90320e-01,-0.059,0.064
3.90330e-01,-0.061,0.064
3.90340e-01,-0.057,0.062
3.90350e-01,-0.061,0.064
3.90360e-01,-0.057,0.062
3.90370e-01,-0.057,0.062
3.90380e-01,-0.053,0.056
3.90390e-01,-0.055,0.062
3.90400e-01,-0.059,0.062
3.90410e-01,-0.059,0.062
3.90420e-01,-0.053,0.06
3.90430e-01,-0.055,0.06
3.90440e-01,-0.055,0.06
3.90450e-01,-0.059,0.062
3.90460e-01,-0.047,0.052
3.90470e-01,-0.057,0.062
3.90480e-01,-0.053,0.058
3.90490e-01,-0.059,0.062
3.90500e-01,-0.057,0.06
3.90510e-01,-0.057,0.064
3.90520e-01,-0.063,0.068
3.90530e-01,-0.057,0.06
3.90540e-01,-0.055,0.058
3.90550e-01,-0.057,0.06
3.90560e-01,-0.055,0.06
3.90570e-01,-0.057,0.064
3.90580e-01,-0.059,0.062
3.90590e-01,-0.051,0.06
3.90600e-01,-0.059,0.06
3.90610e-01,-0.051,0.056
3.90620e-01,-0.057,0.062
3.90630e-01,-0.053,0.058
3.90640e-01,-0.055,0.062
3.90650e-01,-0.057,0.056
3.90660e-01,-0.059,0.064
3.90670e-01,-0.051,0.056
3.90680e-01,-0.061,0.066
3.90690e-01,-0.063,0.064
3.90700e-01,-0.065,0.062
3.90710e-01,-0.061,0.064
3.90720e-01,-0.063,0.066
3.90730e-01,-0.059,0.062
3.90740e-01,-0.061,0.062
3.90750e-01,-0.065,0.064
3.90760e-01,-0.063,0.062
3.90770e-01,-0.057,0.06
3.90780e-01,-0.057,0.062
3.90790e-01,-0.059,0.064
3.90800e-01,-0.057,0.064
3.90810e-01,-0.061,0.064
3.90820e-01,-0.059,0.062
3.90830e-01,-0.057,0.06
3.90840e-01,-0.061,0.064
3.90850e-01,-0.057,0.062
3.90860e-01,-0.059,0.064
3.90870e-01,-0.059,0.06
3.90880e-01,-0.053,0.06
3.90890e-01,-0.047,0.052
3.90900e-01,-0.059,0.066
3.90910e-01,-0.055,0.06
3.90920e-01,-0.061,0.064
3.90930e-01,-0.053,0.06
3.90940e-01,-0.061,0.064
3.90950e-01,-0.059,0.062
3.90960e-01,-0.059,0.066
3.90970e-01,-0.055,0.06
3.90980e-01,-0.053,0.06
3.90990e-01,-0.043,0.048
3.91000e-01,-0.061,0.066
3.91010e-01,-0.047,0.054
3.91020e-01,-0.061,0.062
3.91030e-01,-0.061,0.062
3.91040e-01,-0.059,0.064
3.91050e-01,-0.057,0.064
3.91060e-01,-0.055,0.06
3.91070e-01,-0.059,0.064
3.91080e-01,-0.059,0.064
3.91090e-01,-0.053,0.058
3.91100e-01,-0.053,0.058
3.91110e-01,-0.047,0.054
3.91120e-01,-0.059,0.06
3.91130e-01,-0.051,0.06
3.91140e-01,-0.061,0.066
3.91150e-01,-0.057,0.06
3.91160e-01,-0.051,0.058
3.91170e-01,-0.059,0.064
3.91180e-01,-0.061,0.062
3.91190e-01,-0.051,0.06
3.91200e-01,-0.053,0.062
3.91210e-01,-0.059,0.062
3.91220e-01,-0.049,0.054
3.91230e-01,-0.061,0.06
3.91240e-01,-0.059,0.062
3.91250e-01,-0.059,0.064
3.91260e-01,-0.057,0.064
3.91270e-01,-0.065,0.062
3.91280e-01,-0.057,0.062
3.91290e-01,-0.059,0.064
3.91300e-01,-0.051,0.058
3.91310e-01,-0.053,0.06
3.91320e-01,-0.045,0.052
3.91330e-01,-0.059,0.066
3.91340e-01,-0.055,0.058
3.91350e-01,-0.059,0.064
3.91360e-01,-0.059,0.066
3.91370e-01,-0.055,0.06
3.91380e-01,-0.059,0.058
3.91390e-01,-0.049,0.054
3.91400e-01,-0.055,0.06
3.91410e-01,-0.061,0.062
3.91420e-01,-0.059,0.062
3.91430e-01,-0.061,0.064
3.91440e-01,-0.061,0.064
3.91450e-01,-0.061,0.064
3.91460e-01,-0.057,0.06
3.91470e-01,-0.061,0.066
3.91480e-01,-0.053,0.058
3.91490e-01,-0.059,0.064
3.91500e-01,-0.055,0.06
3.91510e-01,-0.059,0.062
3.91520e-01,-0.055,0.058
3.91530e-01,-0.055,0.06
3.91540e-01,-0.057,0.06
3.91550e-01,-0.057,0.062
3.91560e-01,-0.055,0.062
3.91570e-01,-0.059,0.064
3.91580e-01,-0.055,0.06
3.91590e-01,-0.051,0.056
3.91600e-01,-0.063,0.064
3.91610e-01,-0.063,0.066
3.91620e-01,-0.061,0.064
3.91630e-01,-0.059,0.066
3.91640e-01,-0.059,0.062
3.91650e-01,-0.053,0.058
3.91660e-01,-0.059,0.064
3.91670e-01,-0.055,0.06
3.91680e-01,-0.059,0.06
3.91690e-01,-0.055,0.06
3.91700e-01,-0.061,0.062
3.91710e-01,-0.061,0.062
3.91720e-01,-0.055,0.06
3.91730e-01,-0.053,0.06
3.91740e-01,-0.057,0.06
3.91750e-01,-0.059,0.064
3.91760e-01,-0.055,0.06
3.91770e-01,-0.053,0.056
3.91780e-01,-0.051,0.058
3.91790e-01,-0.059,0.06
3.91800e-01,-0.057,0.06
3.91810e-01,-0.063,0.066
3.91820e-01,-0.057,0.062
3.91830e-01,-0.059,0.064
3.91840e-01,-0.055,0.062
3.91850e-01,-0.059,0.064
3.91860e-01,-0.059,0.062
3.91870e-01,-0.061,0.068
3.91880e-01,-0.051,0.06
3.91890e-01,-0.061,0.06
3.91900e-01,-0.063,0.062
3.91910e-01,-0.051,0.056
3.91920e-01,-0.053,0.062
3.91930e-01,-0.049,0.056
3.91940e-01,-0.059,0.062
3.91950e-01,-0.059,0.06
3.91960e-01,-0.057,0.064
3.91970e-01,-0.061,0.064
3.91980e-01,-0.061,0.064
3.91990e-01,-0.059,0.06
3.92000e-01,-0.049,0.058
3.92010e-01,-0.061,0.062
3.92020e-01,-0.047,0.054
3.92030e-01,-0.059,0.062
3.92040e-01,-0.059,0.06
3.92050e-01,-0.063,0.066
3.92060e-01,-0.059,0.062
3.92070e-01,-0.063,0.064
3.92080e-01,-0.057,0.062
3.92090e-01,-0.059,0.064
3.92100e-01,-0.063,0.064
3.92110e-01,-0.057,0.062
3.92120e-01,-0.061,0.064
3.92130e-01,-0.059,0.06
3.92140e-01,-0.063,0.064
3.92150e-01,-0.055,0.06
3.92160e-01,-0.055,0.066
3.92170e-01,-0.049,0.056
3.92180e-01,-0.055,0.06
3.92190e-01,-0.057,0.062
3.92200e-01,-0.059,0.062
3.92210e-01,-0.047,0.054
3.92220e-01,-0.059,0.064
3.92230e-01,-0.061,0.064
3.92240e-01,-0.061,0.064
3.92250e-01,-0.061,0.064
3.92260e-01,-0.059,0.064
3.92270e-01,-0.063,0.066
3.92280e-01,-0.055,0.06
3.92290e-01,-0.059,0.064
3.92300e-01,-0.061,0.062
3.92310e-01,-0.061,0.062
3.92320e-01,-0.061,0.062
3.92330e-01,-0.061,0.064
3.92340e-01,-0.061,0.062
3.92350e-01,-0.063,0.066
3.92360e-01,-0.055,0.06
3.92370e-01,-0.063,0.064
3.92380e-01,-0.061,0.064
3.92390e-01,-0.055,0.06
3.92400e-01,-0.055,0.06
3.92410e-01,-0.055,0.06
3.92420e-01,-0.057,0.062
3.92430e-01,-0.055,0.06
3.92440e-01,-0.057,0.066
3.92450e-01,-0.055,0.058
3.92460e-01,-0.059,0.06
3.92470e-01,-0.063,0.062
3.92480e-01,-0.057,0.066
3.92490e-01,-0.059,0.062
3.92500e-01,-0.059,0.06
3.92510e-01,-0.059,0.064
3.92520e-01,-0.059,0.06
3.92530e-01,-0.053,0.058
3.92540e-01,-0.061,0.066
3.92550e-01,-0.061,0.068
3.92560e-01,-0.063,0.064
3.92570e-01,-0.057,0.06
3.92580e-01,-0.063,0.064
3.92590e-01,-0.055,0.062
3.92600e-01,-0.057,0.06
3.92610e-01,-0.061,0.06
3.92620e-01,-0.063,0.064
3.92630e-01,-0.055,0.062
3.92640e-01,-0.057,0.064
3.92650e-01,-0.059,0.062
3.92660e-01,-0.059,0.062
3.92670e-01,-0.059,0.064
3.92680e-01,-0.059,0.064
3.92690e-01,-0.055,0.06
3.92700e-01,-0.059,0.066
3.92710e-01,-0.063,0.062
3.92720e-01,-0.059,0.062
3.92730e-01,-0.059,0.064
3.92740e-01,-0.043,0.05
3.92750e-01,-0.053,0.054
3.92760e-01,-0.057,0.06
3.92770e-01,-0.053,0.056
3.92780e-01,-0.053,0.058
3.92790e-01,-0.063,0.064
3.92800e-01,-0.061,0.066
3.92810e-01,-0.059,0.066
3.92820e-01,-0.051,0.06
3.92830e-01,-0.061,0.064
3.92840e-01,-0.059,0.06
3.92850e-01,-0.059,0.064
3.92860e-01,-0.055,0.06
3.92870e-01,-0.059,0.064
3.92880e-01,-0.055,0.06
3.92890e-01,-0.061,0.06
3.92900e-01,-0.059,0.062
3.92910e-01,-0.063,0.066
3.92920e-01,-0.057,0.064
3.92930e-01,-0.061,0.064
3.92940e-01,-0.059,0.064
3.92950e-01,-0.047,0.054
3.92960e-01,-0.061,0.066
3.92970e-01,-0.059,0.064
3.92980e-01,-0.049,0.062
3.92990e-01,-0.059,0.064
3.93000e-01,-0.057,0.062
3.93010e-01,-0.061,0.062
3.93020e-01,-0.059,0.062
3.93030e-01,-0.061,0.062
3.93040e-01,-0.059,0.068
3.93050e-01,-0.063,0.066
3.93060e-01,-0.059,0.064
3.93070e-01,-0.057,0.06
3.93080e-01,-0.055,0.058
3.93090e-01,-0.061,0.064
3.93100e-01,-0.057,0.062
3.93110e-01,-0.059,0.062
3.93120e-01,-0.061,0.064
3.93130e-01,-0.057,0.064
3.93140e-01,-0.063,0.064
3.93150e-01,-0.063,0.06
3.93160e-01,-0.059,0.064
3.93170e-01,-0.041,0.046
3.93180e-01,-0.059,0.064
3.93190e-01,-0.055,0.058
3.93200e-01,-0.055,0.062
3.93210e-01,-0.059,0.06
3.93220e-01,-0.061,0.064
3.93230e-01,-0.055,0.06
3.93240e-01,-0.057,0.064
3.93250e-01,-0.057,0.064
3.93260e-01,-0.057,0.062
3.93270e-01,-0.061,0.064
3.93280e-01,-0.061,0.062
3.93290e-01,-0.059,0.062
3.93300e-01,-0.059,0.07
3.93310e-01,-0.061,0.062
3.93320e-01,-0.061,0.064
3.93330e-01,-0.059,0.062
3.93340e-01,-0.057,0.064
3.93350e-01,-0.061,0.066
3.93360e-01,-0.053,0.058
3.93370e-01,-0.059,0.064
3.93380e-01,-0.063,0.062
3.93390e-01,-0.061,0.066
3.93400e-01,-0.061,0.064
3.93410e-01,-0.063,0.06
3.93420e-01,-0.055,0.06
3.93430e-01,-0.057,0.064
3.93440e-01,-0.049,0.054
3.93450e-01,-0.057,0.06
3.93460e-01,-0.063,0.064
3.93470e-01,-0.053,0.058
3.93480e-01,-0.059,0.06
3.93490e-01,-0.057,0.064
3.93500e-01,-0.059,0.06
3.93510e-01,-0.057,0.06
3.93520e-01,-0.051,0.058
3.93530e-01,-0.055,0.062
3.93540e-01,-0.061,0.064
3.93550e-01,-0.061,0.062
3.93560e-01,-0.059,0.064
3.93570e-01,-0.061,0.064
3.93580e-01,-0.059,0.06
3.93590e-01,-0.061,0.066
3.93600e-01,-0.061,0.062
3.93610e-01,-0.057,0.064
3.93620e-01,-0.059,0.064
3.93630e-01,-0.055,0.06
3.93640e-01,-0.059,0.062
3.93650e-01,-0.059,0.064
3.93660e-01,-0.059,0.064
3.93670e-01,-0.061,0.064
3.93680e-01,-0.061,0.066
3.93690e-01,-0.057,0.062
3.93700e-01,-0.057,0.06
3.93710e-01,-0.059,0.064
3.93720e-01,-0.055,0.06
3.93730e-01,-0.057,0.064
3.93740e-01,-0.059,0.062
3.93750e-01,-0.051,0.056
3.93760e-01,-0.049,0.054
3.93770e-01,-0.063,0.062
3.93780e-01,-0.057,0.062
3.93790e-01,-0.059,0.06
3.93800e-01,-0.059,0.066
3.93810e-01,-0.061,0.064
3.93820e-01,-0.059,0.06
3.93830e-01,-0.063,0.064
3.93840e-01,-0.059,0.064
3.93850e-01,-0.061,0.066
3.93860e-01,-0.055,0.06
3.93870e-01,-0.063,0.066
3.93880e-01,-0.059,0.068
3.93890e-01,-0.059,0.066
3.93900e-01,-0.061,0.06
3.93910e-01,-0.053,0.06
3.93920e-01,-0.057,0.06
3.93930e-01,-0.053,0.06
3.93940e-01,-0.059,0.062
3.93950e-01,-0.061,0.06
3.93960e-01,-0.061,0.06
3.93970e-01,-0.061,0.064
3.93980e-01,-0.059,0.06
3.93990e-01,-0.055,0.064
3.94000e-01,-0.063,0.066
3.94010e-01,-0.061,0.064
3.94020e-01,-0.059,0.062
3.94030e-01,-0.051,0.058
3.94040e-01,-0.061,0.062
3.94050e-01,-0.047,0.052
3.94060e-01,-0.063,0.062
3.94070e-01,-0.057,0.064
3.94080e-01,-0.059,0.06
3.94090e-01,-0.055,0.06
3.94100e-01,-0.061,0.06
3.94110e-01,-0.055,0.062
3.94120e-01,-0.055,0.06
3.94130e-01,-0.057,0.06
3.94140e-01,-0.059,0.062
3.94150e-01,-0.059,0.062
3.94160e-01,-0.057,0.062
3.94170e-01,-0.059,0.064
3.94180e-01,-0.061,0.064
3.94190e-01,-0.063,0.066
3.94200e-01,-0.047,0.05
3.94210e-01,-0.055,0.06
3.94220e-01,-0.057,0.062
3.94230e-01,-0.059,0.064
3.94240e-01,-0.055,0.06
3.94250e-01,-0.059,0.066
3.94260e-01,-0.061,0.062
3.94270e-01,-0.057,0.062
3.94280e-01,-0.061,0.062
3.94290e-01,-0.061,0.064
3.94300e-01,-0.061,0.062
3.94310e-01,-0.059,0.064
3.94320e-01,-0.057,0.062
3.94330e-01,-0.057,0.064
3.94340e-01,-0.061,0.062
3.94350e-01,-0.055,0.058
3.94360e-01,-0.063,0.064
3.94370e-01,-0.057,0.06
3.94380e-01,-0.057,0.06
3.94390e-01,-0.059,0.068
3.94400e-01,-0.059,0.066
3.94410e-01,-0.059,0.06
3.94420e-01,-0.063,0.062
3.94430e-01,-0.059,0.062
3.94440e-01,-0.059,0.068
3.94450e-01,-0.057,0.062
3.94460e-01,-0.053,0.06
3.94470e-01,-0.059,0.064
3.94480e-01,-0.055,0.058
3.94490e-01,-0.059,0.06
3.94500e-01,-0.057,0.062
3.94510e-01,-0.061,0.062
3.94520e-01,-0.059,0.064
3.94530e-01,-0.057,0.062
3.94540e-01,-0.063,0.066
3.94550e-01,-0.063,0.062
3.94560e-01,-0.059,0.066
3.94570e-01,-0.057,0.06
3.94580e-01,-0.061,0.062
3.94590e-01,-0.061,0.066
3.94600e-01,-0.059,0.064
3.94610e-01,-0.059,0.06
3.94620e-01,-0.059,0.06
3.94630e-01,-0.059,0.062
3.94640e-01,-0.059,0.06
3.94650e-01,-0.057,0.064
3.94660e-01,-0.059,0.06
3.94670e-01,-0.057,0.064
3.94680e-01,-0.057,0.06
3.94690e-01,-0.061,0.066
3.94700e-01,-0.051,0.054
3.94710e-01,-0.053,0.06
3.94720e-01,-0.057,0.064
3.94730e-01,-0.055,0.06
3.94740e-01,-0.047,0.052
3.94750e-01,-0.051,0.058
3.94760e-01,-0.057,0.06
3.94770e-01,-0.055,0.06
3.94780e-01,-0.053,0.058
3.94790e-01,-0.051,0.054
3.94800e-01,-0.055,0.06
3.94810e-01,-0.061,0.062
3.94820e-01,-0.057,0.06
3.94830e-01,-0.055,0.058
3.94840e-01,-0.059,0.06
3.94850e-01,-0.057,0.068
3.94860e-01,-0.053,0.058
3.94870e-01,-0.051,0.058
3.94880e-01,-0.053,0.056
3.94890e-01,-0.045,0.054
3.94900e-01,-0.051,0.056
3.94910e-01,-0.061,0.062
3.94920e-01,-0.059,0.064
3.94930e-01,-0.055,0.058
3.94940e-01,-0.057,0.06
3.94950e-01,-0.059,0.062
3.94960e-01,-0.061,0.062
3.94970e-01,-0.047,0.056
3.94980e-01,-0.059,0.064
3.94990e-01,-0.061,0.062
3.95000e-01,-0.061,0.062
3.95010e-01,-0.061,0.064
3.95020e-01,-0.061,0.064
3.95030e-01,-0.061,0.064
3.95040e-01,-0.061,0.062
3.95050e-01,-0.061,0.062
3.95060e-01,-0.053,0.06
3.95070e-01,-0.053,0.058
3.95080e-01,-0.063,0.062
3.95090e-01,-0.057,0.064
3.95100e-01,-0.059,0.064
3.95110e-01,-0.059,0.062
3.95120e-01,-0.057,0.062
3.95130e-01,-0.061,0.06
3.95140e-01,-0.061,0.064
3.95150e-01,-0.047,0.054
3.95160e-01,-0.059,0.064
3.95170e-01,-0.051,0.06
3.95180e-01,-0.059,0.062
3.95190e-01,-0.051,0.06
3.95200e-01,-0.045,0.054
3.95210e-01,-0.055,0.062
3.95220e-01,-0.063,0.064
3.95230e-01,-0.053,0.06
3.95240e-01,-0.059,0.064
3.95250e-01,-0.059,0.06
3.95260e-01,-0.061,0.062
3.95270e-01,-0.059,0.062
3.95280e-01,-0.059,0.068
3.95290e-01,-0.051,0.058
3.95300e-01,-0.059,0.06
3.95310e-01,-0.049,0.052
3.95320e-01,-0.057,0.06
3.95330e-01,-0.063,0.064
3.95340e-01,-0.061,0.066
3.95350e-01,-0.059,0.062
3.95360e-01,-0.059,0.064
3.95370e-01,-0.055,0.056
3.95380e-01,-0.059,0.06
3.95390e-01,-0.061,0.06
3.95400e-01,-0.061,0.06
3.95410e-01,-0.059,0.062
3.95420e-01,-0.059,0.068
3.95430e-01,-0.059,0.064
3.95440e-01,-0.057,0.06
3.95450e-01,-0.063,0.062
3.95460e-01,-0.061,0.064
3.95470e-01,-0.049,0.056
3.95480e-01,-0.057,0.062
3.95490e-01,-0.061,0.062
3.95500e-01,-0.061,0.06
3.95510e-01,-0.061,0.064
3.95520e-01,-0.057,0.062
3.95530e-01,-0.057,0.062
3.95540e-01,-0.061,0.064
3.95550e-01,-0.063,0.064
3.95560e-01,-0.061,0.066
3.95570e-01,-0.059,0.064
3.95580e-01,-0.057,0.064
3.95590e-01,-0.063,0.064
3.95600e-01,-0.061,0.062
3.95610e-01,-0.061,0.068
3.95620e-01,-0.059,0.064
3.95630e-01,-0.049,0.054
3.95640e-01,-0.059,0.064
3.95650e-01,-0.055,0.064
3.95660e-01,-0.057,0.062
3.95670e-01,-0.057,0.06
3.95680e-01,-0.059,0.062
3.95690e-01,-0.045,0.052
3.95700e-01,-0.061,0.06
3.95710e-01,-0.061,0.064
3.95720e-01,-0.061,0.06
3.95730e-01,-0.047,0.054
3.95740e-01,-0.059,0.064
3.95750e-01,-0.059,0.064
3.95760e-01,-0.057,0.06
3.95770e-01,-0.063,0.062
3.95780e-01,-0.061,0.064
3.95790e-01,-0.059,0.064
3.95800e-01,-0.065,0.062
3.95810e-01,-0.063,0.062
3.95820e-01,-0.055,0.056
3.95830e-01,-0.061,0.062
3.95840e-01,-0.059,0.064
3.95850e-01,-0.059,0.064
3.95860e-01,-0.057,0.064
3.95870e-01,-0.057,0.066
3.95880e-01,-0.051,0.064
3.95890e-01,-0.059,0.062
3.95900e-01,-0.051,0.056
3.95910e-01,-0.059,0.062
3.95920e-01,-0.059,0.06
3.95930e-01,-0.061,0.066
3.95940e-01,-0.051,0.058
3.95950e-01,-0.047,0.056
3.95960e-01,-0.057,0.062
3.95970e-01,-0.053,0.058
3.95980e-01,-0.055,0.06
3.95990e-01,-0.059,0.06
3.96000e-01,-0.057,0.064
3.96010e-01,-0.057,0.06
3.96020e-01,-0.061,0.064
3.96030e-01,-0.059,0.062
3.96040e-01,-0.061,0.064
3.96050e-01,-0.061,0.064
3.96060e-01,-0.043,0.05
3.96070e-01,-0.045,0.05
3.96080e-01,-0.051,0.056
3.96090e-01,-0.059,0.066
3.96100e-01,-0.063,0.064
3.96110e-01,-0.057,0.062
3.96120e-01,-0.057,0.062
3.96130e-01,-0.059,0.062
3.96140e-01,-0.061,0.064
3.96150e-01,-0.059,0.06
3.96160e-01,-0.059,0.06
3.96170e-01,-0.057,0.062
3.96180e-01,-0.057,0.064
3.96190e-01,-0.059,0.064
3.96200e-01,-0.057,0.064
3.96210e-01,-0.061,0.062
3.96220e-01,-0.059,0.066
3.96230e-01,-0.059,0.064
3.96240e-01,-0.065,0.066
3.96250e-01,-0.061,0.066
3.96260e-01,-0.063,0.064
3.96270e-01,-0.055,0.06
3.96280e-01,-0.057,0.06
3.96290e-01,-0.043,0.054
3.96300e-01,-0.059,0.062
3.96310e-01,-0.059,0.06
3.96320e-01,-0.061,0.07
3.96330e-01,-0.063,0.064
3.96340e-01,-0.059,0.064
3.96350e-01,-0.061,0.064
3.96360e-01,-0.063,0.064
3.96370e-01,-0.059,0.064
3.96380e-01,-0.059,0.064
3.96390e-01,-0.063,0.064
3.96400e-01,-0.057,0.06
3.96410e-01,-0.057,0.066
3.96420e-01,-0.057,0.06
3.96430e-01,-0.059,0.064
3.96440e-01,-0.057,0.062
3.96450e-01,-0.051,0.058
3.96460e-01,-0.063,0.064
3.96470e-01,-0.063,0.064
3.96480e-01,-0.053,0.052
3.96490e-01,-0.057,0.06
3.96500e-01,-0.051,0.06
3.96510e-01,-0.061,0.064
3.96520e-01,-0.059,0.062
3.96530e-01,-0.059,0.06
3.96540e-01,-0.057,0.062
3.96550e-01,-0.053,0.06
3.96560e-01,-0.059,0.064
3.96570e-01,-0.063,0.062
3.96580e-01,-0.063,0.064
3.96590e-01,-0.059,0.064
3.96600e-01,-0.057,0.064
3.96610e-01,-0.061,0.064
3.96620e-01,-0.059,0.064
3.96630e-01,-0.059,0.068
3.96640e-01,-0.061,0.06
3.96650e-01,-0.063,0.064
3.96660e-01,-0.061,0.062
3.96670e-01,-0.057,0.062
3.96680e-01,-0.053,0.062
3.96690e-01,-0.059,0.064
3.96700e-01,-0.057,0.068
3.96710e-01,-0.059,0.062
3.96720e-01,-0.059,0.062
3.96730e-01,-0.057,0.06
3.96740e-01,-0.057,0.064
3.96750e-01,-0.057,0.068
3.96760e-01,-0.055,0.06
3.96770e-01,-0.061,0.062
3.96780e-01,-0.061,0.066
3.96790e-01,-0.061,0.062
3.96800e-01,-0.061,0.06
3.96810e-01,-0.055,0.06
3.96820e-01,-0.059,0.062
3.96830e-01,-0.061,0.064
3.96840e-01,-0.057,0.062
3.96850e-01,-0.057,0.06
3.96860e-01,-0.057,0.062
3.96870e-01,-0.053,0.064
3.96880e-01,-0.061,0.068
3.96890e-01,-0.059,0.064
3.96900e-01,-0.059,0.062
3.96910e-01,-0.057,0.064
3.96920e-01,-0.047,0.052
3.96930e-01,-0.049,0.056
3.96940e-01,-0.055,0.06
3.96950e-01,-0.057,0.06
3.96960e-01,-0.059,0.064
3.96970e-01,-0.061,0.06
3.96980e-01,-0.051,0.056
3.96990e-01,-0.049,0.056
3.97000e-01,-0.053,0.058
3.97010e-01,-0.057,0.062
3.97020e-01,-0.045,0.052
3.97030e-01,-0.055,0.06
3.97040e-01,-0.055,0.058
3.97050e-01,-0.059,0.06
3.97060e-01,-0.055,0.06
3.97070e-01,-0.053,0.06
3.97080e-01,-0.051,0.056
3.97090e-01,-0.055,0.06
3.97100e-01,-0.041,0.046
3.97110e-01,-0.041,0.048
3.97120e-01,-0.045,0.054
3.97130e-01,-0.051,0.056
3.97140e-01,-0.037,0.044
3.97150e-01,-0.057,0.064
3.97160e-01,-0.063,0.062
3.97170e-01,-0.061,0.064
3.97180e-01,-0.059,0.066
3.97190e-01,-0.055,0.056
3.97200e-01,-0.049,0.054
3.97210e-01,-0.041,0.05
3.97220e-01,-0.053,0.056
3.97230e-01,-0.057,0.062
3.97240e-01,-0.059,0.064
3.97250e-01,-0.055,0.06
3.97260e-01,-0.059,0.064
3.97270e-01,-0.061,0.06
3.97280e-01,-0.059,0.064
3.97290e-01,-0.059,0.06
3.97300e-01,-0.063,0.062
3.97310e-01,-0.059,0.064
3.97320e-01,-0.059,0.06
3.97330e-01,-0.063,0.064
3.97340e-01,-0.061,0.068
3.97350e-01,-0.053,0.06
3.97360e-01,-0.061,0.064
3.97370e-01,-0.059,0.064
3.97380e-01,-0.059,0.066
3.97390e-01,-0.057,0.06
3.97400e-01,-0.059,0.064
3.97410e-01,-0.063,0.066
3.97420e-01,-0.059,0.064
3.97430e-01,-0.059,0.066
3.97440e-01,-0.061,0.064
3.97450e-01,-0.055,0.06
3.97460e-01,-0.059,0.064
3.97470e-01,-0.061,0.064
3.97480e-01,-0.059,0.066
3.97490e-01,-0.053,0.058
3.97500e-01,-0.041,0.048
3.97510e-01,-0.043,0.05
3.97520e-01,-0.045,0.054
3.97530e-01,-0.055,0.058
3.97540e-01,-0.057,0.062
3.97550e-01,-0.063,0.062
3.97560e-01,-0.061,0.064
3.97570e-01,-0.061,0.064
3.97580e-01,-0.061,0.064
3.97590e-01,-0.061,0.062
3.97600e-01,-0.061,0.066
3.97610e-01,-0.063,0.06
3.97620e-01,-0.059,0.062
3.97630e-01,-0.055,0.06
3.97640e-01,-0.057,0.062
3.97650e-01,-0.059,0.062
3.97660e-01,-0.059,0.06
3.97670e-01,-0.059,0.062
3.97680e-01,-0.053,0.06
3.97690e-01,-0.061,0.066
3.97700e-01,-0.057,0.064
3.97710e-01,-0.063,0.062
3.97720e-01,-0.063,0.066
3.97730e-01,-0.061,0.062
3.97740e-01,-0.063,0.064
3.97750e-01,-0.061,0.064
3.97760e-01,-0.057,0.062
3.97770e-01,-0.063,0.062
3.97780e-01,-0.061,0.068
3.97790e-01,-0.057,0.062
3.97800e-01,-0.059,0.062
3.97810e-01,-0.059,0.06
3.97820e-01,-0.059,0.064
3.97830e-01,-0.061,0.066
3.97840e-01,-0.063,0.064
3.97850e-01,-0.055,0.058
3.97860e-01,-0.055,0.062
3.97870e-01,-0.061,0.062
3.97880e-01,-0.059,0.062
3.97890e-01,-0.057,0.062
3.97900e-01,-0.059,0.06
3.97910e-01,-0.063,0.064
3.97920e-01,-0.053,0.06
3.97930e-01,-0.053,0.06
3.97940e-01,-0.045,0.05
3.97950e-01,-0.047,0.058
3.97960e-01,-0.055,0.06
3.97970e-01,-0.055,0.06
3.97980e-01,-0.055,0.06
3.97990e-01,-0.059,0.064
3.98000e-01,-0.061,0.068
3.98010e-01,-0.061,0.064
3.98020e-01,-0.059,0.064
3.98030e-01,-0.057,0.06
3.98040e-01,-0.053,0.06
3.98050e-01,-0.057,0.06
3.98060e-01,-0.063,0.062
3.98070e-01,-0.055,0.06
3.98080e-01,-0.057,0.064
3.98090e-01,-0.059,0.066
3.98100e-01,-0.061,0.066
3.98110e-01,-0.063,0.064
3.98120e-01,-0.057,0.064
3.98130e-01,-0.059,0.06
3.98140e-01,-0.057,0.06
3.98150e-01,-0.059,0.064
3.98160e-01,-0.059,0.06
3.98170e-01,-0.057,0.06
3.98180e-01,-0.059,0.062
3.98190e-01,-0.057,0.058
3.98200e-01,-0.047,0.054
3.98210e-01,-0.049,0.06
3.98220e-01,-0.059,0.06
3.98230e-01,-0.061,0.064
3.98240e-01,-0.061,0.064
3.98250e-01,-0.059,0.062
3.98260e-01,-0.059,0.064
3.98270e-01,-0.059,0.064
3.98280e-01,-0.057,0.064
3.98290e-01,-0.059,0.064
3.98300e-01,-0.057,0.06
3.98310e-01,-0.059,0.062
3.98320e-01,-0.049,0.058
3.98330e-01,-0.059,0.06
3.98340e-01,-0.057,0.062
3.98350e-01,-0.055,0.064
3.98360e-01,-0.057,0.06
3.98370e-01,-0.059,0.064
3.98380e-01,-0.059,0.062
3.98390e-01,-0.061,0.064
3.98400e-01,-0.063,0.062
3.98410e-01,-0.061,0.066
3.98420e-01,-0.059,0.06
3.98430e-01,-0.059,0.064
3.98440e-01,-0.055,0.062
3.98450e-01,-0.059,0.062
3.98460e-01,-0.061,0.064
3.98470e-01,-0.061,0.066
3.98480e-01,-0.061,0.062
3.98490e-01,-0.055,0.064
3.98500e-01,-0.059,0.064
3.98510e-01,-0.061,0.062
3.98520e-01,-0.059,0.064
3.98530e-01,-0.057,0.064
3.98540e-01,-0.057,0.066
3.98550e-01,-0.061,0.066
3.98560e-01,-0.055,0.062
3.98570e-01,-0.059,0.064
3.98580e-01,-0.059,0.064
3.98590e-01,-0.063,0.064
3.98600e-01,-0.059,0.064
3.98610e-01,-0.053,0.062
3.98620e-01,-0.053,0.058
3.98630e-01,-0.057,0.06
3.98640e-01,-0.051,0.058
3.98650e-01,-0.051,0.06
3.98660e-01,-0.057,0.062
3.98670e-01,-0.059,0.064
3.98680e-01,-0.061,0.064
3.98690e-01,-0.061,0.062
3.98700e-01,-0.059,0.06
3.98710e-01,-0.063,0.064
3.98720e-01,-0.059,0.062
3.98730e-01,-0.057,0.064
3.98740e-01,-0.059,0.068
3.98750e-01,-0.059,0.062
3.98760e-01,-0.059,0.064
3.98770e-01,-0.061,0.06
3.98780e-01,-0.063,0.064
3.98790e-01,-0.045,0.05
3.98800e-01,-0.061,0.066
3.98810e-01,-0.061,0.064
3.98820e-01,-0.055,0.064
3.98830e-01,-0.057,0.06
3.98840e-01,-0.059,0.064
3.98850e-01,-0.059,0.062
3.98860e-01,-0.061,0.062
3.98870e-01,-0.059,0.06
3.98880e-01,-0.059,0.06
3.98890e-01,-0.061,0.066
3.98900e-01,-0.063,0.062
3.98910e-01,-0.055,0.062
3.98920e-01,-0.051,0.06
3.98930e-01,-0.059,0.064
3.98940e-01,-0.057,0.062
3.98950e-01,-0.057,0.064
3.98960e-01,-0.057,0.066
3.98970e-01,-0.059,0.064
3.98980e-01,-0.061,0.062
3.98990e-01,-0.057,0.06
3.99000e-01,-0.059,0.064
3.99010e-01,-0.059,0.064
3.99020e-01,-0.063,0.064
3.99030e-01,-0.063,0.064
3.99040e-01,-0.063,0.064
3.99050e-01,-0.051,0.056
3.99060e-01,-0.059,0.062
3.99070e-01,-0.059,0.062
3.99080e-01,-0.059,0.064
3.99090e-01,-0.057,0.064
3.99100e-01,-0.059,0.066
3.99110e-01,-0.061,0.062
3.99120e-01,-0.059,0.064
3.99130e-01,-0.057,0.062
3.99140e-01,-0.057,0.064
3.99150e-01,-0.057,0.064
3.99160e-01,-0.059,0.06
3.99170e-01,-0.059,0.062
3.99180e-01,-0.061,0.064
3.99190e-01,-0.063,0.066
3.99200e-01,-0.059,0.062
3.99210e-01,-0.057,0.062
3.99220e-01,-0.055,0.06
3.99230e-01,-0.057,0.062
3.99240e-01,-0.065,0.06
3.99250e-01,-0.059,0.064
3.99260e-01,-0.063,0.066
3.99270e-01,-0.055,0.06
3.99280e-01,-0.059,0.062
3.99290e-01,-0.063,0.062
3.99300e-01,-0.059,0.064
3.99310e-01,-0.061,0.064
3.99320e-01,-0.061,0.064
3.99330e-01,-0.063,0.064
3.99340e-01,-0.057,0.062
3.99350e-01,-0.057,0.06
3.99360e-01,-0.061,0.066
3.99370e-01,-0.051,0.054
3.99380e-01,-0.059,0.062
3.99390e-01,-0.057,0.06
3.99400e-01,-0.059,0.064
3.99410e-01,-0.061,0.064
3.99420e-01,-0.057,0.06
3.99430e-01,-0.061,0.064
3.99440e-01,-0.055,0.062
3.99450e-01,-0.063,0.064
3.99460e-01,-0.059,0.062
3.99470e-01,-0.061,0.062
3.99480e-01,-0.059,0.064
3.99490e-01,-0.057,0.064
3.99500e-01,-0.061,0.064
3.99510e-01,-0.059,0.064
3.99520e-01,-0.061,0.064
3.99530e-01,-0.057,0.064
3.99540e-01,-0.059,0.062
3.99550e-01,-0.057,0.062
3.99560e-01,-0.057,0.062
3.99570e-01,-0.059,0.064
3.99580e-01,-0.055,0.066
3.99590e-01,-0.057,0.06
3.99600e-01,-0.061,0.066
3.99610e-01,-0.051,0.058
3.99620e-01,-0.063,0.062
3.99630e-01,-0.057,0.06
3.99640e-01,-0.063,0.068
3.99650e-01,-0.061,0.064
3.99660e-01,-0.061,0.068
3.99670e-01,-0.059,0.064
3.99680e-01,-0.061,0.062
3.99690e-01,-0.055,0.06
3.99700e-01,-0.057,0.066
3.99710e-01,-0.061,0.06
3.99720e-01,-0.057,0.062
3.99730e-01,-0.059,0.062
3.99740e-01,-0.059,0.062
3.99750e-01,-0.059,0.06
3.99760e-01,-0.051,0.056
3.99770e-01,-0.055,0.06
3.99780e-01,-0.059,0.062
3.99790e-01,-0.057,0.064
3.99800e-01,-0.059,0.064
3.99810e-01,-0.059,0.064
3.99820e-01,-0.063,0.06
3.99830e-01,-0.057,0.062
3.99840e-01,-0.059,0.064
3.99850e-01,-0.061,0.066
3.99860e-01,-0.057,0.062
3.99870e-01,-0.055,0.06
3.99880e-01,-0.059,0.062
3.99890e-01,-0.055,0.06
3.99900e-01,-0.045,0.052
3.99910e-01,-0.061,0.06
3.99920e-01,-0.059,0.064
3.99930e-01,-0.059,0.064
3.99940e-01,-0.057,0.064
3.99950e-01,-0.059,0.062
3.99960e-01,-0.059,0.06
3.99970e-01,-0.057,0.064
3.99980e-01,-0.061,0.06
3.99990e-01,-0.057,0.062
4.00000e-01,-0.061,0.066
4.00010e-01,-0.037,0.044
4.00020e-01,-0.059,0.06
4.00030e-01,-0.057,0.06
4.00040e-01,-0.061,0.064
4.00050e-01,-0.063,0.064
4.00060e-01,-0.059,0.064
4.00070e-01,-0.057,0.062
4.00080e-01,-0.057,0.06
4.00090e-01,-0.051,0.058
4.00100e-01,-0.059,0.06
4.00110e-01,-0.059,0.06
4.00120e-01,-0.061,0.064
4.00130e-01,-0.057,0.06
4.00140e-01,-0.055,0.062
4.00150e-01,-0.051,0.06
4.00160e-01,-0.049,0.052
4.00170e-01,-0.063,0.06
4.00180e-01,-0.057,0.06
4.00190e-01,-0.063,0.062
4.00200e-01,-0.059,0.062
4.00210e-01,-0.061,0.064
4.00220e-01,-0.061,0.064
4.00230e-01,-0.057,0.066
4.00240e-01,-0.049,0.052
4.00250e-01,-0.049,0.054
4.00260e-01,-0.061,0.066
4.00270e-01,-0.059,0.062
4.00280e-01,-0.061,0.064
4.00290e-01,-0.055,0.06
4.00300e-01,-0.061,0.062
4.00310e-01,-0.059,0.062
4.00320e-01,-0.061,0.064
4.00330e-01,-0.059,0.06
4.00340e-01,-0.055,0.056
4.00350e-01,-0.057,0.06
4.00360e-01,-0.057,0.06
4.00370e-01,-0.057,0.06
4.00380e-01,-0.047,0.054
4.00390e-01,-0.057,0.064
4.00400e-01,-0.043,0.05
4.00410e-01,-0.057,0.062
4.00420e-01,-0.059,0.068
4.00430e-01,-0.065,0.064
4.00440e-01,-0.057,0.064
4.00450e-01,-0.057,0.062
4.00460e-01,-0.053,0.058
4.00470e-01,-0.057,0.064
4.00480e-01,-0.057,0.064
4.00490e-01,-0.061,0.062
4.00500e-01,-0.057,0.06
4.00510e-01,-0.061,0.064
4.00520e-01,-0.061,0.064
4.00530e-01,-0.055,0.06
4.00540e-01,-0.063,0.062
4.00550e-01,-0.063,0.064
4.00560e-01,-0.057,0.064
4.00570e-01,-0.059,0.064
4.00580e-01,-0.059,0.062
4.00590e-01,-0.053,0.056
4.00600e-01,-0.057,0.06
4.00610e-01,-0.051,0.056
4.00620e-01,-0.057,0.064
4.00630e-01,-0.059,0.066
4.00640e-01,-0.061,0.064
4.00650e-01,-0.059,0.066
4.00660e-01,-0.057,0.064
4.00670e-01,-0.061,0.066
4.00680e-01,-0.063,0.066
4.00690e-01,-0.057,0.064
4.00700e-01,-0.061,0.062
4.00710e-01,-0.059,0.06
4.00720e-01,-0.059,0.066
4.00730e-01,-0.043,0.048
4.00740e-01,-0.061,0.064
4.00750e-01,-0.043,0.05
4.00760e-01,-0.061,0.068
4.00770e-01,-0.055,0.06
4.00780e-01,-0.057,0.068
4.00790e-01,-0.059,0.064
4.00800e-01,-0.057,0.064
4.00810e-01,-0.055,0.06
4.00820e-01,-0.059,0.064
4.00830e-01,-0.059,0.068
4.00840e-01,-0.061,0.06
4.00850e-01,-0.055,0.06
4.00860e-01,-0.057,0.058
4.00870e-01,-0.061,0.064
4.00880e-01,-0.059,0.064
4.00890e-01,-0.061,0.064
4.00900e-01,-0.057,0.066
4.00910e-01,-0.061,0.066
4.00920e-01,-0.061,0.062
4.00930e-01,-0.059,0.064
4.00940e-01,-0.061,0.062
4.00950e-01,-0.059,0.06
4.00960e-01,-0.061,0.06
4.00970e-01,-0.055,0.06
4.00980e-01,-0.061,0.062
4.00990e-01,-0.055,0.06
4.01000e-01,-0.053,0.06
4.01010e-01,-0.059,0.064
4.01020e-01,-0.059,0.064
4.01030e-01,-0.061,0.06
4.01040e-01,-0.059,0.064
4.01050e-01,-0.059,0.068
4.01060e-01,-0.059,0.064
4.01070e-01,-0.059,0.062
4.01080e-01,-0.061,0.062
4.01090e-01,-0.061,0.062
4.01100e-01,-0.063,0.062
4.01110e-01,-0.059,0.064
4.01120e-01,-0.055,0.06
4.01130e-01,-0.061,0.064
4.01140e-01,-0.059,0.064
4.01150e-01,-0.059,0.066
4.01160e-01,-0.055,0.064
4.01170e-01,-0.057,0.062
4.01180e-01,-0.057,0.062
4.01190e-01,-0.057,0.06
4.01200e-01,-0.059,0.064
4.01210e-01,-0.057,0.062
4.01220e-01,-0.059,0.06
4.01230e-01,-0.061,0.066
4.01240e-01,-0.057,0.062
4.01250e-01,-0.059,0.062
4.01260e-01,-0.057,0.062
4.01270e-01,-0.053,0.06
4.01280e-01,-0.061,0.064
4.01290e-01,-0.059,0.062
4.01300e-01,-0.059,0.064
4.01310e-01,-0.059,0.066
4.01320e-01,-0.059,0.064
4.01330e-01,-0.061,0.066
4.01340e-01,-0.055,0.058
4.01350e-01,-0.059,0.062
4.01360e-01,-0.057,0.062
4.01370e-01,-0.049,0.06
4.01380e-01,-0.061,0.06
4.01390e-01,-0.055,0.06
4.01400e-01,-0.059,0.064
4.01410e-01,-0.057,0.064
4.01420e-01,-0.059,0.062
4.01430e-01,-0.055,0.064
4.01440e-01,-0.061,0.062
4.01450e-01,-0.055,0.056
4.01460e-01,-0.059,0.066
4.01470e-01,-0.047,0.056
4.01480e-01,-0.059,0.062
4.01490e-01,-0.061,0.068
4.01500e-01,-0.057,0.06
4.01510e-01,-0.059,0.062
4.01520e-01,-0.061,0.062
4.01530e-01,-0.061,0.064
4.01540e-01,-0.061,0.064
4.01550e-01,-0.053,0.054
4.01560e-01,-0.055,0.06
4.01570e-01,-0.061,0.062
4.01580e-01,-0.063,0.064
4.01590e-01,-0.057,0.062
4.01600e-01,-0.061,0.064
4.01610e-01,-0.059,0.06
4.01620e-01,-0.063,0.068
4.01630e-01,-0.057,0.06
4.01640e-01,-0.063,0.062
4.01650e-01,-0.057,0.06
4.01660e-01,-0.061,0.066
4.01670e-01,-0.055,0.06
4.01680e-01,-0.055,0.06
4.01690e-01,-0.059,0.062
4.01700e-01,-0.059,0.062
4.01710e-01,-0.057,0.064
4.01720e-01,-0.051,0.056
4.01730e-01,-0.061,0.064
4.01740e-01,-0.053,0.06
4.01750e-01,-0.061,0.064
4.01760e-01,-0.047,0.056
4.01770e-01,-0.063,0.062
4.01780e-01,-0.055,0.06
4.01790e-01,-0.055,0.062
4.01800e-01,-0.059,0.06
4.01810e-01,-0.059,0.062
4.01820e-01,-0.059,0.064
4.01830e-01,-0.061,0.066
4.01840e-01,-0.063,0.066
4.01850e-01,-0.061,0.062
4.01860e-01,-0.061,0.06
4.01870e-01,-0.055,0.06
4.01880e-01,-0.059,0.064
4.01890e-01,-0.053,0.06
4.01900e-01,-0.061,0.062
4.01910e-01,-0.055,0.06
4.01920e-01,-0.061,0.066
4.01930e-01,-0.061,0.064
4.01940e-01,-0.061,0.064
4.01950e-01,-0.063,0.066
4.01960e-01,-0.059,0.066
4.01970e-01,-0.057,0.064
4.01980e-01,-0.059,0.062
4.01990e-01,-0.061,0.062
4.02000e-01,-0.059,0.064
4.02010e-01,-0.059,0.064
4.02020e-01,-0.061,0.062
4.02030e-01,-0.053,0.054
4.02040e-01,-0.063,0.068
4.02050e-01,-0.055,0.062
4.02060e-01,-0.059,0.064
4.02070e-01,-0.059,0.062
4.02080e-01,-0.059,0.068
4.02090e-01,-0.059,0.06
4.02100e-01,-0.061,0.066
4.02110e-01,-0.059,0.062
4.02120e-01,-0.059,0.066
4.02130e-01,-0.059,0.062
4.02140e-01,-0.061,0.06
4.02150e-01,-0.059,0.064
4.02160e-01,-0.061,0.064
4.02170e-01,-0.053,0.06
4.02180e-01,-0.059,0.064
4.02190e-01,-0.057,0.06
4.02200e-01,-0.061,0.066
4.02210e-01,-0.049,0.058
4.02220e-01,-0.059,0.06
4.02230e-01,-0.057,0.06
4.02240e-01,-0.061,0.066
4.02250e-01,-0.059,0.064
4.02260e-01,-0.059,0.062
4.02270e-01,-0.061,0.064
4.02280e-01,-0.059,0.064
4.02290e-01,-0.055,0.06
4.02300e-01,-0.059,0.064
4.02310e-01,-0.061,0.062
4.02320e-01,-0.059,0.066
4.02330e-01,-0.059,0.064
4.02340e-01,-0.057,0.064
4.02350e-01,-0.065,0.06
4.02360e-01,-0.059,0.06
4.02370e-01,-0.061,0.062
4.02380e-01,-0.061,0.068
4.02390e-01,-0.059,0.066
4.02400e-01,-0.057,0.062
4.02410e-01,-0.059,0.064
4.02420e-01,-0.061,0.066
4.02430e-01,-0.061,0.064
4.02440e-01,-0.059,0.066
4.02450e-01,-0.059,0.062
4.02460e-01,-0.061,0.062
4.02470e-01,-0.059,0.066
4.02480e-01,-0.051,0.056
4.02490e-01,-0.059,0.064
4.02500e-01,-0.059,0.064
4.02510e-01,-0.059,0.064
4.02520e-01,-0.061,0.062
4.02530e-01,-0.055,0.058
4.02540e-01,-0.049,0.058
4.02550e-01,-0.059,0.06
4.02560e-01,-0.051,0.056
4.02570e-01,-0.059,0.064
4.02580e-01,-0.061,0.064
4.02590e-01,-0.057,0.062
4.02600e-01,-0.059,0.064
4.02610e-01,-0.055,0.064
4.02620e-01,-0.059,0.062
4.02630e-01,-0.061,0.062
4.02640e-01,-0.057,0.062
4.02650e-01,-0.057,0.058
4.02660e-01,-0.059,0.064
4.02670e-01,-0.059,0.066
4.02680e-01,-0.059,0.064
4.02690e-01,-0.055,0.06
4.02700e-01,-0.061,0.066
4.02710e-01,-0.057,0.064
4.02720e-01,-0.063,0.062
4.02730e-01,-0.053,0.06
4.02740e-01,-0.059,0.062
4.02750e-01,-0.049,0.056
4.02760e-01,-0.059,0.064
4.02770e-01,-0.059,0.064
4.02780e-01,-0.061,0.064
4.02790e-01,-0.057,0.062
4.02800e-01,-0.059,0.06
4.02810e-01,-0.057,0.056
4.02820e-01,-0.057,0.064
4.02830e-01,-0.047,0.05
4.02840e-01,-0.057,0.062
4.02850e-01,-0.055,0.064
4.02860e-01,-0.055,0.062
4.02870e-01,-0.053,0.062
4.02880e-01,-0.061,0.062
4.02890e-01,-0.059,0.062
4.02900e-01,-0.061,0.062
4.02910e-01,-0.059,0.064
4.02920e-01,-0.061,0.064
4.02930e-01,-0.063,0.064
4.02940e-01,-0.059,0.064
4.02950e-01,-0.061,0.064
4.02960e-01,-0.061,0.064
4.02970e-01,-0.059,0.064
4.02980e-01,-0.057,0.062
4.02990e-01,-0.057,0.06
4.03000e-01,-0.057,0.06
4.03010e-01,-0.055,0.06
4.03020e-01,-0.063,0.064
4.03030e-01,-0.061,0.06
4.03040e-01,-0.065,0.062
4.03050e-01,-0.061,0.062
4.03060e-01,-0.059,0.064
4.03070e-01,-0.057,0.06
4.03080e-01,-0.063,0.068
4.03090e-01,-0.059,0.06
4.03100e-01,-0.059,0.062
4.03110e-01,-0.057,0.062
4.03120e-01,-0.059,0.062
4.03130e-01,-0.061,0.06
4.03140e-01,-0.059,0.062
4.03150e-01,-0.059,0.062
4.03160e-01,-0.059,0.062
4.03170e-01,-0.063,0.068
4.03180e-01,-0.059,0.062
4.03190e-01,-0.065,0.064
4.03200e-01,-0.061,0.066
4.03210e-01,-0.059,0.064
4.03220e-01,-0.061,0.064
4.03230e-01,-0.057,0.064
4.03240e-01,-0.059,0.064
4.03250e-01,-0.057,0.062
4.03260e-01,-0.057,0.06
4.03270e-01,-0.059,0.06
4.03280e-01,-0.057,0.066
4.03290e-01,-0.055,0.06
4.03300e-01,-0.063,0.07
4.03310e-01,-0.053,0.058
4.03320e-01,-0.065,0.064
4.03330e-01,-0.059,0.06
4.03340e-01,-0.053,0.058
4.03350e-01,-0.057,0.06
4.03360e-01,-0.059,0.062
4.03370e-01,-0.065,0.066
4.03380e-01,-0.057,0.064
4.03390e-01,-0.057,0.06
4.03400e-01,-0.059,0.062
4.03410e-01,-0.063,0.062
4.03420e-01,-0.061,0.064
4.03430e-01,-0.057,0.06
4.03440e-01,-0.061,0.064
4.03450e-01,-0.055,0.064
4.03460e-01,-0.057,0.062
4.03470e-01,-0.049,0.056
4.03480e-01,-0.055,0.06
4.03490e-01,-0.061,0.068
4.03500e-01,-0.055,0.062
4.03510e-01,-0.059,0.064
4.03520e-01,-0.063,0.064
4.03530e-01,-0.059,0.062
4.03540e-01,-0.061,0.064
4.03550e-01,-0.061,0.064
4.03560e-01,-0.059,0.062
4.03570e-01,-0.059,0.062
4.03580e-01,-0.051,0.06
4.03590e-01,-0.057,0.064
4.03600e-01,-0.055,0.06
4.03610e-01,-0.053,0.06
4.03620e-01,-0.059,0.064
4.03630e-01,-0.059,0.064
4.03640e-01,-0.061,0.064
4.03650e-01,-0.059,0.066
4.03660e-01,-0.059,0.06
4.03670e-01,-0.061,0.064
4.03680e-01,-0.065,0.064
4.03690e-01,-0.061,0.064
4.03700e-01,-0.059,0.066
4.03710e-01,-0.063,0.064
4.03720e-01,-0.061,0.064
4.03730e-01,-0.055,0.062
4.03740e-01,-0.055,0.064
4.03750e-01,-0.055,0.062
4.03760e-01,-0.061,0.062
4.03770e-01,-0.061,0.062
4.03780e-01,-0.059,0.062
4.03790e-01,-0.053,0.056
4.03800e-01,-0.059,0.064
4.03810e-01,-0.061,0.062
4.03820e-01,-0.061,0.064
4.03830e-01,-0.059,0.062
4.03840e-01,-0.055,0.064
4.03850e-01,-0.057,0.064
4.03860e-01,-0.057,0.064
4.03870e-01,-0.053,0.06
4.03880e-01,-0.061,0.068
4.03890e-01,-0.053,0.062
4.03900e-01,-0.057,0.064
4.03910e-01,-0.059,0.062
4.03920e-01,-0.053,0.06
4.03930e-01,-0.063,0.064
4.03940e-01,-0.057,0.06
4.03950e-01,-0.059,0.064
4.03960e-01,-0.063,0.064
4.03970e-01,-0.061,0.066
4.03980e-01,-0.061,0.066
4.03990e-01,-0.059,0.064
4.04000e-01,-0.059,0.062
4.04010e-01,-0.061,0.064
4.04020e-01,-0.059,0.06
4.04030e-01,-0.057,0.066
4.04040e-01,-0.061,0.064
4.04050e-01,-0.051,0.06
4.04060e-01,-0.055,0.06
4.04070e-01,-0.057,0.062
4.04080e-01,-0.061,0.066
4.04090e-01,-0.057,0.062
4.04100e-01,-0.061,0.064
4.04110e-01,-0.063,0.066
4.04120e-01,-0.053,0.058
4.04130e-01,-0.061,0.066
4.04140e-01,-0.055,0.06
4.04150e-01,-0.051,0.056
4.04160e-01,-0.057,0.06
4.04170e-01,-0.061,0.064
4.04180e-01,-0.049,0.06
4.04190e-01,-0.057,0.062
4.04200e-01,-0.045,0.048
4.04210e-01,-0.059,0.064
4.04220e-01,-0.059,0.066
4.04230e-01,-0.057,0.064
4.04240e-01,-0.063,0.064
4.04250e-01,-0.057,0.058
4.04260e-01,-0.063,0.062
4.04270e-01,-0.049,0.056
4.04280e-01,-0.061,0.06
4.04290e-01,-0.059,0.06
4.04300e-01,-0.057,0.064
4.04310e-01,-0.047,0.052
4.04320e-01,-0.061,0.066
4.04330e-01,-0.049,0.052
4.04340e-01,-0.061,0.064
4.04350e-01,-0.059,0.062
4.04360e-01,-0.055,0.058
4.04370e-01,-0.061,0.064
4.04380e-01,-0.063,0.064
4.04390e-01,-0.057,0.064
4.04400e-01,-0.061,0.062
4.04410e-01,-0.055,0.062
4.04420e-01,-0.057,0.06
4.04430e-01,-0.053,0.056
4.04440e-01,-0.057,0.064
4.04450e-01,-0.059,0.06
4.04460e-01,-0.061,0.064
4.04470e-01,-0.061,0.068
4.04480e-01,-0.055,0.062
4.04490e-01,-0.059,0.062
4.04500e-01,-0.053,0.06
4.04510e-01,-0.061,0.064
4.04520e-01,-0.051,0.058
4.04530e-01,-0.063,0.064
4.04540e-01,-0.051,0.06
4.04550e-01,-0.055,0.06
4.04560e-01,-0.059,0.064
4.04570e-01,-0.055,0.058
4.04580e-01,-0.057,0.062
4.04590e-01,-0.059,0.066
4.04600e-01,-0.057,0.062
4.04610e-01,-0.057,0.064
4.04620e-01,-0.057,0.062
4.04630e-01,-0.061,0.06
4.04640e-01,-0.055,0.062
4.04650e-01,-0.057,0.064
4.04660e-01,-0.051,0.058
4.04670e-01,-0.057,0.062
4.04680e-01,-0.057,0.062
4.04690e-01,-0.059,0.062
4.04700e-01,-0.057,0.062
4.04710e-01,-0.051,0.06
4.04720e-01,-0.059,0.066
4.04730e-01,-0.061,0.062
4.04740e-01,-0.059,0.064
4.04750e-01,-0.059,0.064
4.04760e-01,-0.059,0.064
4.04770e-01,-0.059,0.062
4.04780e-01,-0.059,0.062
4.04790e-01,-0.055,0.062
4.04800e-01,-0.063,0.062
4.04810e-01,-0.061,0.06
4.04820e-01,-0.059,0.062
4.04830e-01,-0.061,0.066
4.04840e-01,-0.059,0.064
4.04850e-01,-0.061,0.064
4.04860e-01,-0.055,0.06
4.04870e-01,-0.061,0.064
4.04880e-01,-0.059,0.062
4.04890e-01,-0.059,0.06
4.04900e-01,-0.059,0.064
4.04910e-01,-0.057,0.062
4.04920e-01,-0.059,0.064
4.04930e-01,-0.061,0.062
4.04940e-01,-0.057,0.06
4.04950e-01,-0.059,0.064
4.04960e-01,-0.059,0.066
4.04970e-01,-0.061,0.06
4.04980e-01,-0.057,0.064
4.04990e-01,-0.055,0.062
4.05000e-01,-0.059,0.06
4.05010e-01,-0.059,0.062
4.05020e-01,-0.053,0.056
4.05030e-01,-0.061,0.066
4.05040e-01,-0.057,0.06
4.05050e-01,-0.059,0.066
4.05060e-01,-0.061,0.066
4.05070e-01,-0.061,0.064
4.05080e-01,-0.061,0.062
4.05090e-01,-0.063,0.064
4.05100e-01,-0.061,0.064
4.05110e-01,-0.059,0.064
4.05120e-01,-0.059,0.06
4.05130e-01,-0.061,0.064
4.05140e-01,-0.061,0.06
4.05150e-01,-0.061,0.064
4.05160e-01,-0.061,0.064
4.05170e-01,-0.061,0.064
4.05180e-01,-0.057,0.064
4.05190e-01,-0.059,0.062
4.05200e-01,-0.061,0.06
4.05210e-01,-0.045,0.048
4.05220e-01,-0.059,0.062
4.05230e-01,-0.053,0.064
4.05240e-01,-0.059,0.062
4.05250e-01,-0.055,0.06
4.05260e-01,-0.055,0.058
4.05270e-01,-0.051,0.062
4.05280e-01,-0.059,0.064
4.05290e-01,-0.053,0.058
4.05300e-01,-0.057,0.064
4.05310e-01,-0.061,0.062
4.05320e-01,-0.059,0.062
4.05330e-01,-0.059,0.064
4.05340e-01,-0.049,0.058
4.05350e-01,-0.057,0.066
4.05360e-01,-0.059,0.066
4.05370e-01,-0.053,0.054
4.05380e-01,-0.059,0.064
4.05390e-01,-0.055,0.058
4.05400e-01,-0.053,0.06
4.05410e-01,-0.059,0.062
4.05420e-01,-0.051,0.056
4.05430e-01,-0.061,0.064
4.05440e-01,-0.053,0.06
4.05450e-01,-0.061,0.06
4.05460e-01,-0.057,0.06
4.05470e-01,-0.057,0.064
4.05480e-01,-0.061,0.062
4.05490e-01,-0.063,0.064
4.05500e-01,-0.063,0.064
4.05510e-01,-0.059,0.068
4.05520e-01,-0.061,0.064
4.05530e-01,-0.059,0.064
4.05540e-01,-0.059,0.066
4.05550e-01,-0.057,0.064
4.05560e-01,-0.061,0.064
4.05570e-01,-0.061,0.064
4.05580e-01,-0.055,0.062
4.05590e-01,-0.059,0.064
4.05600e-01,-0.053,0.058
4.05610e-01,-0.049,0.06
4.05620e-01,-0.059,0.066
4.05630e-01,-0.063,0.06
4.05640e-01,-0.061,0.064
4.05650e-01,-0.059,0.062
4.05660e-01,-0.057,0.064
4.05670e-01,-0.057,0.06
4.05680e-01,-0.055,0.06
4.05690e-01,-0.051,0.058
4.05700e-01,-0.059,0.064
4.05710e-01,-0.059,0.062
4.05720e-01,-0.055,0.06
4.05730e-01,-0.059,0.064
4.05740e-01,-0.061,0.066
4.05750e-01,-0.055,0.06
4.05760e-01,-0.061,0.064
4.05770e-01,-0.055,0.06
4.05780e-01,-0.063,0.064
4.05790e-01,-0.063,0.06
4.05800e-01,-0.059,0.064
4.05810e-01,-0.061,0.062
4.05820e-01,-0.063,0.062
4.05830e-01,-0.061,0.066
4.05840e-01,-0.057,0.06
4.05850e-01,-0.059,0.062
4.05860e-01,-0.057,0.062
4.05870e-01,-0.061,0.066
4.05880e-01,-0.061,0.064
4.05890e-01,-0.061,0.066
4.05900e-01,-0.061,0.066
4.05910e-01,-0.057,0.066
4.05920e-01,-0.059,0.06
4.05930e-01,-0.061,0.062
4.05940e-01,-0.055,0.062
4.05950e-01,-0.059,0.064
4.05960e-01,-0.059,0.06
4.05970e-01,-0.061,0.064
4.05980e-01,-0.063,0.064
4.05990e-01,-0.055,0.06
4.06000e-01,-0.057,0.062
4.06010e-01,-0.055,0.058
4.06020e-01,-0.053,0.058
4.06030e-01,-0.059,0.062
4.06040e-01,-0.059,0.062
4.06050e-01,-0.059,0.064
4.06060e-01,-0.059,0.068
4.06070e-01,-0.063,0.062
4.06080e-01,-0.057,0.062
4.06090e-01,-0.057,0.062
4.06100e-01,-0.055,0.062
4.06110e-01,-0.055,0.06
4.06120e-01,-0.059,0.064
4.06130e-01,-0.053,0.06
4.06140e-01,-0.055,0.062
4.06150e-01,-0.059,0.066
4.06160e-01,-0.057,0.064
4.06170e-01,-0.061,0.064
4.06180e-01,-0.055,0.06
4.06190e-01,-0.059,0.062
4.06200e-01,-0.057,0.06
4.06210e-01,-0.055,0.06
4.06220e-01,-0.057,0.064
4.06230e-01,-0.063,0.062
4.06240e-01,-0.057,0.062
4.06250e-01,-0.059,0.062
4.06260e-01,-0.059,0.064
4.06270e-01,-0.059,0.064
4.06280e-01,-0.053,0.06
4.06290e-01,-0.061,0.062
4.06300e-01,-0.061,0.062
4.06310e-01,-0.057,0.064
4.06320e-01,-0.055,0.068
4.06330e-01,-0.057,0.062
4.06340e-01,-0.059,0.064
4.06350e-01,-0.059,0.062
4.06360e-01,-0.061,0.064
4.06370e-01,-0.059,0.064
4.06380e-01,-0.059,0.064
4.06390e-01,-0.061,0.064
4.06400e-01,-0.059,0.064
4.06410e-01,-0.055,0.062
4.06420e-01,-0.055,0.06
4.06430e-01,-0.059,0.06
4.06440e-01,-0.055,0.064
4.06450e-01,-0.055,0.06
4.06460e-01,-0.065,0.062
4.06470e-01,-0.061,0.062
4.06480e-01,-0.057,0.062
4.06490e-01,-0.061,0.06
4.06500e-01,-0.061,0.064
4.06510e-01,-0.059,0.066
4.06520e-01,-0.061,0.062
4.06530e-01,-0.059,0.062
4.06540e-01,-0.049,0.058
4.06550e-01,-0.061,0.064
4.06560e-01,-0.059,0.066
4.06570e-01,-0.055,0.062
4.06580e-01,-0.061,0.062
4.06590e-01,-0.059,0.062
4.06600e-01,-0.061,0.064
4.06610e-01,-0.059,0.064
4.06620e-01,-0.057,0.062
4.06630e-01,-0.055,0.066
4.06640e-01,-0.057,0.064
4.06650e-01,-0.055,0.062
4.06660e-01,-0.061,0.06
4.06670e-01,-0.059,0.064
4.06680e-01,-0.061,0.062
4.06690e-01,-0.063,0.066
4.06700e-01,-0.059,0.062
4.06710e-01,-0.053,0.056
4.06720e-01,-0.059,0.062
4.06730e-01,-0.059,0.064
4.06740e-01,-0.061,0.066
4.06750e-01,-0.059,0.066
4.06760e-01,-0.059,0.064
4.06770e-01,-0.061,0.066
4.06780e-01,-0.059,0.062
4.06790e-01,-0.051,0.062
4.06800e-01,-0.059,0.06
4.06810e-01,-0.055,0.06
4.06820e-01,-0.055,0.062
4.06830e-01,-0.061,0.062
4.06840e-01,-0.059,0.064
4.06850e-01,-0.061,0.064
4.06860e-01,-0.063,0.064
4.06870e-01,-0.057,0.066
4.06880e-01,-0.055,0.056
4.06890e-01,-0.059,0.062
4.06900e-01,-0.059,0.062
4.06910e-01,-0.061,0.064
4.06920e-01,-0.061,0.064
4.06930e-01,-0.057,0.062
4.06940e-01,-0.059,0.062
4.06950e-01,-0.059,0.062
4.06960e-01,-0.061,0.064
4.06970e-01,-0.057,0.062
4.06980e-01,-0.057,0.062
4.06990e-01,-0.057,0.062
4.07000e-01,-0.057,0.066
4.07010e-01,-0.059,0.066
4.07020e-01,-0.061,0.064
4.07030e-01,-0.051,0.058
4.07040e-01,-0.059,0.064
4.07050e-01,-0.063,0.062
4.07060e-01,-0.059,0.062
4.07070e-01,-0.061,0.062
4.07080e-01,-0.057,0.058
4.07090e-01,-0.057,0.06
4.07100e-01,-0.057,0.06
4.07110e-01,-0.057,0.062
4.07120e-01,-0.059,0.064
4.07130e-01,-0.057,0.064
4.07140e-01,-0.061,0.068
4.07150e-01,-0.061,0.066
4.07160e-01,-0.057,0.064
4.07170e-01,-0.055,0.064
4.07180e-01,-0.061,0.066
4.07190e-01,-0.059,0.062
4.07200e-01,-0.059,0.06
4.07210e-01,-0.059,0.06
4.07220e-01,-0.061,0.064
4.07230e-01,-0.057,0.06
4.07240e-01,-0.059,0.062
4.07250e-01,-0.059,0.064
4.07260e-01,-0.057,0.062
4.07270e-01,-0.059,0.062
4.07280e-01,-0.057,0.06
4.07290e-01,-0.055,0.06
4.07300e-01,-0.059,0.06
4.07310e-01,-0.057,0.068
4.07320e-01,-0.061,0.062
4.07330e-01,-0.059,0.064
4.07340e-01,-0.055,0.06
4.07350e-01,-0.061,0.064
4.07360e-01,-0.059,0.064
4.07370e-01,-0.061,0.064
4.07380e-01,-0.061,0.066
4.07390e-01,-0.059,0.062
4.07400e-01,-0.059,0.064
4.07410e-01,-0.059,0.062
4.07420e-01,-0.059,0.066
4.07430e-01,-0.055,0.06
4.07440e-01,-0.061,0.062
4.07450e-01,-0.059,0.07
4.07460e-01,-0.061,0.064
4.07470e-01,-0.061,0.064
4.07480e-01,-0.061,0.066
4.07490e-01,-0.061,0.062
4.07500e-01,-0.059,0.064
4.07510e-01,-0.061,0.066
4.07520e-01,-0.063,0.066
4.07530e-01,-0.059,0.066
4.07540e-01,-0.055,0.064
4.07550e-01,-0.059,0.064
4.07560e-01,-0.061,0.064
4.07570e-01,-0.053,0.058
4.07580e-01,-0.065,0.064
4.07590e-01,-0.047,0.048
4.07600e-01,-0.061,0.064
4.07610e-01,-0.055,0.06
4.07620e-01,-0.059,0.068
4.07630e-01,-0.061,0.066
4.07640e-01,-0.061,0.066
4.07650e-01,-0.061,0.062
4.07660e-01,-0.055,0.062
4.07670e-01,-0.055,0.06
4.07680e-01,-0.055,0.06
4.07690e-01,-0.053,0.058
4.07700e-01,-0.055,0.06
4.07710e-01,-0.055,0.06
4.07720e-01,-0.063,0.062
4.07730e-01,-0.057,0.06
4.07740e-01,-0.057,0.06
4.07750e-01,-0.055,0.06
4.07760e-01,-0.057,0.064
4.07770e-01,-0.057,0.062
4.07780e-01,-0.063,0.064
4.07790e-01,-0.059,0.064
4.07800e-01,-0.055,0.06
4.07810e-01,-0.045,0.056
4.07820e-01,-0.063,0.064
4.07830e-01,-0.055,0.064
4.07840e-01,-0.061,0.066
4.07850e-01,-0.059,0.06
4.07860e-01,-0.055,0.06
4.07870e-01,-0.059,0.062
4.07880e-01,-0.061,0.064
4.07890e-01,-0.065,0.064
4.07900e-01,-0.055,0.064
4.07910e-01,-0.057,0.062
4.07920e-01,-0.049,0.054
4.07930e-01,-0.051,0.06
4.07940e-01,-0.059,0.062
4.07950e-01,-0.057,0.062
4.07960e-01,-0.051,0.058
4.07970e-01,-0.061,0.064
4.07980e-01,-0.061,0.064
4.07990e-01,-0.057,0.064
4.08000e-01,-0.061,0.064
4.08010e-01,-0.059,0.064
4.08020e-01,-0.051,0.06
4.08030e-01,-0.045,0.052
4.08040e-01,-0.059,0.062
4.08050e-01,-0.059,0.064
4.08060e-01,-0.063,0.064
4.08070e-01,-0.059,0.064
4.08080e-01,-0.059,0.064
4.08090e-01,-0.049,0.058
4.08100e-01,-0.051,0.06
4.08110e-01,-0.059,0.064
4.08120e-01,-0.051,0.06
4.08130e-01,-0.061,0.064
4.08140e-01,-0.047,0.054
4.08150e-01,-0.057,0.06
4.08160e-01,-0.059,0.064
4.08170e-01,-0.061,0.064
4.08180e-01,-0.057,0.062
4.08190e-01,-0.059,0.064
4.08200e-01,-0.059,0.066
4.08210e-01,-0.057,0.062
4.08220e-01,-0.057,0.06
4.08230e-01,-0.047,0.052
4.08240e-01,-0.059,0.06
4.08250e-01,-0.061,0.064
4.08260e-01,-0.061,0.064
4.08270e-01,-0.063,0.062
4.08280e-01,-0.059,0.066
4.08290e-01,-0.059,0.064
4.08300e-01,-0.055,0.06
4.08310e-01,-0.061,0.06
4.08320e-01,-0.061,0.064
4.08330e-01,-0.061,0.064
4.08340e-01,-0.057,0.06
4.08350e-01,-0.055,0.064
4.08360e-01,-0.059,0.062
4.08370e-01,-0.057,0.064
4.08380e-01,-0.059,0.062
4.08390e-01,-0.061,0.064
4.08400e-01,-0.057,0.062
4.08410e-01,-0.057,0.06
4.08420e-01,-0.057,0.066
4.08430e-01,-0.055,0.062
4.08440e-01,-0.061,0.064
4.08450e-01,-0.059,0.062
4.08460e-01,-0.061,0.066
4.08470e-01,-0.061,0.066
4.08480e-01,-0.057,0.062
4.08490e-01,-0.061,0.062
4.08500e-01,-0.057,0.064
4.08510e-01,-0.055,0.06
4.08520e-01,-0.039,0.048
4.08530e-01,-0.055,0.058
4.08540e-01,-0.059,0.064
4.08550e-01,-0.061,0.064
4.08560e-01,-0.059,0.062
4.08570e-01,-0.057,0.064
4.08580e-01,-0.059,0.06
4.08590e-01,-0.055,0.064
4.08600e-01,-0.057,0.06
4.08610e-01,-0.049,0.054
4.08620e-01,-0.059,0.064
4.08630e-01,-0.059,0.062
4.08640e-01,-0.059,0.066
4.08650e-01,-0.059,0.068
4.08660e-01,-0.061,0.064
4.08670e-01,-0.059,0.066
4.08680e-01,-0.057,0.06
4.08690e-01,-0.059,0.064
4.08700e-01,-0.055,0.06
4.08710e-01,-0.061,0.066
4.08720e-01,-0.051,0.06
4.08730e-01,-0.053,0.06
4.08740e-01,-0.057,0.064
4.08750e-01,-0.055,0.06
4.08760e-01,-0.061,0.064
4.08770e-01,-0.061,0.064
4.08780e-01,-0.065,0.066
4.08790e-01,-0.057,0.06
4.08800e-01,-0.061,0.066
4.08810e-01,-0.055,0.06
4.08820e-01,-0.059,0.066
4.08830e-01,-0.055,0.056
4.08840e-01,-0.061,0.062
4.08850e-01,-0.061,0.064
4.08860e-01,-0.059,0.06
4.08870e-01,-0.061,0.064
4.08880e-01,-0.059,0.064
4.08890e-01,-0.057,0.064
4.08900e-01,-0.059,0.062
4.08910e-01,-0.061,0.064
4.08920e-01,-0.051,0.06
4.08930e-01,-0.061,0.062
4.08940e-01,-0.059,0.064
4.08950e-01,-0.063,0.062
4.08960e-01,-0.055,0.064
4.08970e-01,-0.053,0.06
4.08980e-01,-0.057,0.062
4.08990e-01,-0.057,0.058
4.09000e-01,-0.055,0.064
4.09010e-01,-0.061,0.066
4.09020e-01,-0.057,0.06
4.09030e-01,-0.059,0.062
4.09040e-01,-0.061,0.062
4.09050e-01,-0.059,0.062
4.09060e-01,-0.061,0.064
4.09070e-01,-0.053,0.064
4.09080e-01,-0.059,0.066
4.09090e-01,-0.057,0.064
4.09100e-01,-0.061,0.066
4.09110e-01,-0.061,0.064
4.09120e-01,-0.061,0.062
4.09130e-01,-0.061,0.064
4.09140e-01,-0.057,0.066
4.09150e-01,-0.059,0.066
4.09160e-01,-0.059,0.064
4.09170e-01,-0.053,0.062
4.09180e-01,-0.047,0.054
4.09190e-01,-0.057,0.058
4.09200e-01,-0.059,0.064
4.09210e-01,-0.057,0.06
4.09220e-01,-0.061,0.064
4.09230e-01,-0.059,0.062
4.09240e-01,-0.059,0.06
4.09250e-01,-0.061,0.066
4.09260e-01,-0.063,0.062
4.09270e-01,-0.059,0.066
4.09280e-01,-0.061,0.062
4.09290e-01,-0.059,0.064
4.09300e-01,-0.055,0.06
4.09310e-01,-0.057,0.062
4.09320e-01,-0.057,0.062
4.09330e-01,-0.061,0.064
4.09340e-01,-0.057,0.062
4.09350e-01,-0.059,0.066
4.09360e-01,-0.059,0.062
4.09370e-01,-0.047,0.052
4.09380e-01,-0.051,0.06
4.09390e-01,-0.059,0.06
4.09400e-01,-0.059,0.064
4.09410e-01,-0.059,0.064
4.09420e-01,-0.061,0.06
4.09430e-01,-0.057,0.064
4.09440e-01,-0.063,0.062
4.09450e-01,-0.059,0.062
4.09460e-01,-0.059,0.062
4.09470e-01,-0.061,0.066
4.09480e-01,-0.055,0.06
4.09490e-01,-0.061,0.064
4.09500e-01,-0.059,0.062
4.09510e-01,-0.061,0.062
4.09520e-01,-0.061,0.06
4.09530e-01,-0.057,0.062
4.09540e-01,-0.059,0.064
4.09550e-01,-0.061,0.064
4.09560e-01,-0.061,0.062
4.09570e-01,-0.059,0.064
4.09580e-01,-0.065,0.064
4.09590e-01,-0.049,0.056
4.09600e-01,-0.051,0.056
4.09610e-01,-0.041,0.05
4.09620e-01,-0.043,0.05
4.09630e-01,-0.055,0.062
4.09640e-01,-0.061,0.064
4.09650e-01,-0.049,0.052
4.09660e-01,-0.055,0.06
4.09670e-01,-0.053,0.06
4.09680e-01,-0.061,0.064
4.09690e-01,-0.059,0.062
4.09700e-01,-0.057,0.064
4.09710e-01,-0.059,0.062
4.09720e-01,-0.063,0.066
4.09730e-01,-0.059,0.064
4.09740e-01,-0.057,0.062
4.09750e-01,-0.055,0.064
4.09760e-01,-0.059,0.06
4.09770e-01,-0.055,0.06
4.09780e-01,-0.057,0.064
4.09790e-01,-0.059,0.062
4.09800e-01,-0.059,0.064
4.09810e-01,-0.057,0.062
4.09820e-01,-0.055,0.06
4.09830e-01,-0.059,0.06
4.09840e-01,-0.055,0.06
4.09850e-01,-0.059,0.06
4.09860e-01,-0.055,0.064
4.09870e-01,-0.055,0.058
4.09880e-01,-0.057,0.068
4.09890e-01,-0.055,0.064
4.09900e-01,-0.059,0.064
4.09910e-01,-0.051,0.058
4.09920e-01,-0.061,0.064
4.09930e-01,-0.059,0.064
4.09940e-01,-0.057,0.066
4.09950e-01,-0.059,0.062
4.09960e-01,-0.051,0.056
4.09970e-01,-0.059,0.062
4.09980e-01,-0.057,0.06
4.09990e-01,-0.061,0.064
4.10000e-01,-0.063,0.064
4.10010e-01,-0.059,0.064
4.10020e-01,-0.059,0.064
4.10030e-01,-0.063,0.064
4.10040e-01,-0.053,0.06
4.10050e-01,-0.059,0.058
4.10060e-01,-0.053,0.056
4.10070e-01,-0.059,0.06
4.10080e-01,-0.055,0.062
4.10090e-01,-0.059,0.064
4.10100e-01,-0.055,0.06
4.10110e-01,-0.049,0.056
4.10120e-01,-0.053,0.06
4.10130e-01,-0.053,0.06
4.10140e-01,-0.053,0.06
4.10150e-01,-0.041,0.048
4.10160e-01,-0.049,0.056
4.10170e-01,-0.039,0.046
4.10180e-01,-0.051,0.06
4.10190e-01,-0.047,0.058
4.10200e-01,-0.059,0.064
4.10210e-01,-0.059,0.062
4.10220e-01,-0.061,0.064
4.10230e-01,-0.053,0.058
4.10240e-01,-0.053,0.06
4.10250e-01,-0.057,0.062
4.10260e-01,-0.057,0.062
4.10270e-01,-0.059,0.062
4.10280e-01,-0.055,0.066
4.10290e-01,-0.059,0.062
4.10300e-01,-0.051,0.06
4.10310e-01,-0.055,0.06
4.10320e-01,-0.051,0.056
4.10330e-01,-0.047,0.052
4.10340e-01,-0.053,0.062
4.10350e-01,-0.057,0.06
4.10360e-01,-0.055,0.06
4.10370e-01,-0.057,0.062
4.10380e-01,-0.059,0.064
4.10390e-01,-0.065,0.062
4.10400e-01,-0.057,0.06
4.10410e-01,-0.061,0.062
4.10420e-01,-0.057,0.056
4.10430e-01,-0.051,0.058
4.10440e-01,-0.059,0.062
4.10450e-01,-0.059,0.06
4.10460e-01,-0.055,0.06
4.10470e-01,-0.063,0.066
4.10480e-01,-0.055,0.058
4.10490e-01,-0.055,0.06
4.10500e-01,-0.051,0.058
4.10510e-01,-0.055,0.06
4.10520e-01,-0.063,0.066
4.10530e-01,-0.055,0.06
4.10540e-01,-0.057,0.064
4.10550e-01,-0.065,0.064
4.10560e-01,-0.061,0.066
4.10570e-01,-0.059,0.062
4.10580e-01,-0.057,0.064
4.10590e-01,-0.057,0.064
4.10600e-01,-0.059,0.064
4.10610e-01,-0.055,0.066
4.10620e-01,-0.061,0.066
4.10630e-01,-0.059,0.066
4.10640e-01,-0.065,0.068
4.10650e-01,-0.059,0.064
4.10660e-01,-0.059,0.062
4.10670e-01,-0.061,0.062
4.10680e-01,-0.061,0.064
4.10690e-01,-0.059,0.064
4.10700e-01,-0.063,0.064
4.10710e-01,-0.057,0.062
4.10720e-01,-0.057,0.062
4.10730e-01,-0.059,0.062
4.10740e-01,-0.059,0.064
4.10750e-01,-0.061,0.062
4.10760e-01,-0.061,0.062
4.10770e-01,-0.057,0.062
4.10780e-01,-0.055,0.062
4.10790e-01,-0.061,0.068
4.10800e-01,-0.061,0.064
4.10810e-01,-0.063,0.064
4.10820e-01,-0.061,0.064
4.10830e-01,-0.061,0.068
4.10840e-01,-0.059,0.064
4.10850e-01,-0.057,0.06
4.10860e-01,-0.057,0.062
4.10870e-01,-0.049,0.052
4.10880e-01,-0.055,0.06
4.10890e-01,-0.055,0.06
4.10900e-01,-0.051,0.058
4.10910e-01,-0.057,0.062
4.10920e-01,-0.059,0.062
4.10930e-01,-0.061,0.064
4.10940e-01,-0.053,0.058
4.10950e-01,-0.057,0.06
4.10960e-01,-0.055,0.06
4.10970e-01,-0.059,0.064
4.10980e-01,-0.049,0.054
4.10990e-01,-0.059,0.062
4.11000e-01,-0.055,0.064
4.11010e-01,-0.051,0.056
4.11020e-01,-0.043,0.048
4.11030e-01,-0.057,0.06
4.11040e-01,-0.049,0.05
4.11050e-01,-0.053,0.062
4.11060e-01,-0.059,0.062
4.11070e-01,-0.059,0.066
4.11080e-01,-0.059,0.062
4.11090e-01,-0.055,0.062
4.11100e-01,-0.053,0.058
4.11110e-01,-0.059,0.062
4.11120e-01,-0.061,0.062
4.11130e-01,-0.059,0.064
4.11140e-01,-0.059,0.062
4.11150e-01,-0.061,0.062
4.11160e-01,-0.059,0.066
4.11170e-01,-0.051,0.058
4.11180e-01,-0.055,0.062
4.11190e-01,-0.055,0.06
4.11200e-01,-0.061,0.066
4.11210e-01,-0.061,0.062
4.11220e-01,-0.057,0.06
4.11230e-01,-0.063,0.064
4.11240e-01,-0.057,0.064
4.11250e-01,-0.055,0.06
4.11260e-01,-0.061,0.062
4.11270e-01,-0.055,0.06
4.11280e-01,-0.059,0.066
4.11290e-01,-0.055,0.06
4.11300e-01,-0.061,0.062
4.11310e-01,-0.055,0.064
4.11320e-01,-0.049,0.058
4.11330e-01,-0.057,0.064
4.11340e-01,-0.057,0.062
4.11350e-01,-0.061,0.062
4.11360e-01,-0.059,0.06
4.11370e-01,-0.059,0.066
4.11380e-01,-0.059,0.064
4.11390e-01,-0.059,0.068
4.11400e-01,-0.059,0.064
4.11410e-01,-0.057,0.064
4.11420e-01,-0.059,0.064
4.11430e-01,-0.053,0.056
4.11440e-01,-0.055,0.06
4.11450e-01,-0.061,0.062
4.11460e-01,-0.061,0.062
4.11470e-01,-0.059,0.064
4.11480e-01,-0.059,0.06
4.11490e-01,-0.059,0.064
4.11500e-01,-0.057,0.062
4.11510e-01,-0.061,0.064
4.11520e-01,-0.055,0.062
4.11530e-01,-0.059,0.062
4.11540e-01,-0.061,0.064
4.11550e-01,-0.057,0.064
4.11560e-01,-0.057,0.064
4.11570e-01,-0.059,0.06
4.11580e-01,-0.053,0.06
4.11590e-01,-0.059,0.06
4.11600e-01,-0.063,0.06
4.11610e-01,-0.059,0.064
4.11620e-01,-0.063,0.064
4.11630e-01,-0.059,0.066
4.11640e-01,-0.061,0.062
4.11650e-01,-0.057,0.06
4.11660e-01,-0.061,0.062
4.11670e-01,-0.057,0.06
4.11680e-01,-0.059,0.064
4.11690e-01,-0.059,0.06
4.11700e-01,-0.059,0.068
4.11710e-01,-0.061,0.064
4.11720e-01,-0.057,0.062
4.11730e-01,-0.057,0.064
4.11740e-01,-0.065,0.062
4.11750e-01,-0.057,0.062
4.11760e-01,-0.057,0.064
4.11770e-01,-0.055,0.062
4.11780e-01,-0.059,0.064
4.11790e-01,-0.057,0.062
4.11800e-01,-0.057,0.06
4.11810e-01,-0.059,0.064
4.11820e-01,-0.059,0.064
4.11830e-01,-0.063,0.066
4.11840e-01,-0.049,0.054
4.11850e-01,-0.059,0.06
4.11860e-01,-0.055,0.06
4.11870e-01,-0.061,0.062
4.11880e-01,-0.057,0.06
4.11890e-01,-0.051,0.06
4.11900e-01,-0.059,0.06
4.11910e-01,-0.057,0.066
4.11920e-01,-0.057,0.06
4.11930e-01,-0.059,0.064
4.11940e-01,-0.055,0.06
4.11950e-01,-0.055,0.06
4.11960e-01,-0.051,0.054
4.11970e-01,-0.057,0.062
4.11980e-01,-0.045,0.05
4.11990e-01,-0.057,0.058
4.12000e-01,-0.057,0.06
4.12010e-01,-0.059,0.064
4.12020e-01,-0.059,0.062
4.12030e-01,-0.057,0.064
4.12040e-01,-0.053,0.06
4.12050e-01,-0.059,0.06
4.12060e-01,-0.061,0.064
4.12070e-01,-0.057,0.062
4.12080e-01,-0.061,0.068
4.12090e-01,-0.053,0.062
4.12100e-01,-0.059,0.064
4.12110e-01,-0.055,0.058
4.12120e-01,-0.059,0.062
4.12130e-01,-0.055,0.064
4.12140e-01,-0.059,0.064
4.12150e-01,-0.061,0.064
4.12160e-01,-0.055,0.064
4.12170e-01,-0.059,0.06
4.12180e-01,-0.057,0.064
4.12190e-01,-0.059,0.066
4.12200e-01,-0.061,0.062
4.12210e-01,-0.049,0.05
4.12220e-01,-0.063,0.062
4.12230e-01,-0.059,0.062
4.12240e-01,-0.059,0.062
4.12250e-01,-0.047,0.05
4.12260e-01,-0.059,0.06
4.12270e-01,-0.059,0.064
4.12280e-01,-0.059,0.064
4.12290e-01,-0.055,0.062
4.12300e-01,-0.061,0.064
4.12310e-01,-0.061,0.064
4.12320e-01,-0.055,0.064
4.12330e-01,-0.063,0.066
4.12340e-01,-0.061,0.062
4.12350e-01,-0.057,0.062
4.12360e-01,-0.059,0.06
4.12370e-01,-0.049,0.06
4.12380e-01,-0.059,0.068
4.12390e-01,-0.055,0.062
4.12400e-01,-0.061,0.064
4.12410e-01,-0.063,0.064
4.12420e-01,-0.053,0.06
4.12430e-01,-0.053,0.062
4.12440e-01,-0.059,0.062
4.12450e-01,-0.059,0.064
4.12460e-01,-0.057,0.062
4.12470e-01,-0.059,0.064
4.12480e-01,-0.059,0.066
4.12490e-01,-0.051,0.06
4.12500e-01,-0.057,0.064
4.12510e-01,-0.057,0.06
4.12520e-01,-0.057,0.062
4.12530e-01,-0.049,0.058
4.12540e-01,-0.059,0.062
4.12550e-01,-0.057,0.062
4.12560e-01,-0.059,0.066
4.12570e-01,-0.061,0.068
4.12580e-01,-0.055,0.064
4.12590e-01,-0.063,0.066
4.12600e-01,-0.059,0.062
4.12610e-01,-0.055,0.062
4.12620e-01,-0.059,0.064
4.12630e-01,-0.055,0.062
4.12640e-01,-0.059,0.064
4.12650e-01,-0.051,0.056
4.12660e-01,-0.057,0.064
4.12670e-01,-0.059,0.066
4.12680e-01,-0.061,0.062
4.12690e-01,-0.061,0.064
4.12700e-01,-0.057,0.066
4.12710e-01,-0.055,0.062
4.12720e-01,-0.055,0.062
4.12730e-01,-0.059,0.062
4.12740e-01,-0.061,0.064
4.12750e-01,-0.057,0.064
4.12760e-01,-0.059,0.062
4.12770e-01,-0.059,0.06
4.12780e-01,-0.051,0.06
4.12790e-01,-0.063,0.062
4.12800e-01,-0.057,0.06
4.12810e-01,-0.061,0.066
4.12820e-01,-0.059,0.062
4.12830e-01,-0.061,0.064
4.12840e-01,-0.055,0.06
4.12850e-01,-0.063,0.06
4.12860e-01,-0.059,0.062
4.12870e-01,-0.055,0.058
4.12880e-01,-0.061,0.064
4.12890e-01,-0.057,0.064
4.12900e-01,-0.055,0.06
4.12910e-01,-0.057,0.068
4.12920e-01,-0.059,0.062
4.12930e-01,-0.059,0.064
4.12940e-01,-0.057,0.066
4.12950e-01,-0.061,0.062
4.12960e-01,-0.061,0.066
4.12970e-01,-0.057,0.066
4.12980e-01,-0.057,0.062
4.12990e-01,-0.049,0.054
4.13000e-01,-0.057,0.066
4.13010e-01,-0.051,0.056
4.13020e-01,-0.061,0.066
4.13030e-01,-0.049,0.06
4.13040e-01,-0.061,0.062
4.13050e-01,-0.061,0.066
4.13060e-01,-0.061,0.062
4.13070e-01,-0.059,0.062
4.13080e-01,-0.057,0.062
4.13090e-01,-0.057,0.06
4.13100e-01,-0.067,0.06
4.13110e-01,-0.059,0.062
4.13120e-01,-0.057,0.064
4.13130e-01,-0.059,0.064
4.13140e-01,-0.055,0.064
4.13150e-01,-0.057,0.062
4.13160e-01,-0.061,0.062
4.13170e-01,-0.053,0.06
4.13180e-01,-0.057,0.062
4.13190e-01,-0.061,0.064
4.13200e-01,-0.053,0.06
4.13210e-01,-0.055,0.062
4.13220e-01,-0.055,0.062
4.13230e-01,-0.057,0.062
4.13240e-01,-0.053,0.056
4.13250e-01,-0.051,0.06
4.13260e-01,-0.055,0.062
4.13270e-01,-0.055,0.058
4.13280e-01,-0.045,0.056
4.13290e-01,-0.059,0.064
4.13300e-01,-0.053,0.06
4.13310e-01,-0.061,0.064
4.13320e-01,-0.055,0.06
4.13330e-01,-0.057,0.062
4.13340e-01,-0.055,0.062
4.13350e-01,-0.061,0.062
4.13360e-01,-0.059,0.068
4.13370e-01,-0.057,0.062
4.13380e-01,-0.061,0.064
4.13390e-01,-0.059,0.064
4.13400e-01,-0.059,0.062
4.13410e-01,-0.059,0.06
4.13420e-01,-0.055,0.06
4.13430e-01,-0.061,0.062
4.13440e-01,-0.059,0.064
4.13450e-01,-0.055,0.058
4.13460e-01,-0.059,0.066
4.13470e-01,-0.057,0.064
4.13480e-01,-0.061,0.066
4.13490e-01,-0.063,0.064
4.13500e-01,-0.059,0.062
4.13510e-01,-0.051,0.054
4.13520e-01,-0.043,0.05
4.13530e-01,-0.035,0.042
4.13540e-01,-0.045,0.05
4.13550e-01,-0.041,0.048
4.13560e-01,-0.047,0.048
4.13570e-01,-0.033,0.038
4.13580e-01,-0.055,0.062
4.13590e-01,-0.061,0.064
4.13600e-01,-0.061,0.066
4.13610e-01,-0.061,0.064
4.13620e-01,-0.055,0.062
4.13630e-01,-0.059,0.068
4.13640e-01,-0.055,0.06
4.13650e-01,-0.059,0.062
4.13660e-01,-0.063,0.066
4.13670e-01,-0.055,0.06
4.13680e-01,-0.055,0.062
4.13690e-01,-0.057,0.066
4.13700e-01,-0.057,0.06
4.13710e-01,-0.055,0.06
4.13720e-01,-0.059,0.062
4.13730e-01,-0.053,0.058
4.13740e-01,-0.057,0.06
4.13750e-01,-0.057,0.066
4.13760e-01,-0.059,0.06
4.13770e-01,-0.059,0.064
4.13780e-01,-0.059,0.066
4.13790e-01,-0.053,0.06
4.13800e-01,-0.061,0.062
4.13810e-01,-0.059,0.06
4.13820e-01,-0.061,0.064
4.13830e-01,-0.055,0.06
4.13840e-01,-0.057,0.062
4.13850e-01,-0.059,0.068
4.13860e-01,-0.061,0.064
4.13870e-01,-0.059,0.062
4.13880e-01,-0.055,0.06
4.13890e-01,-0.053,0.062
4.13900e-01,-0.063,0.062
4.13910e-01,-0.057,0.064
4.13920e-01,-0.057,0.06
4.13930e-01,-0.049,0.056
4.13940e-01,-0.041,0.05
4.13950e-01,-0.055,0.06
4.13960e-01,-0.039,0.044
4.13970e-01,-0.053,0.062
4.13980e-01,-0.059,0.064
4.13990e-01,-0.059,0.066
4.14000e-01,-0.057,0.06
4.14010e-01,-0.061,0.064
4.14020e-01,-0.059,0.064
4.14030e-01,-0.057,0.062
4.14040e-01,-0.059,0.062
4.14050e-01,-0.059,0.064
4.14060e-01,-0.059,0.06
4.14070e-01,-0.061,0.066
4.14080e-01,-0.057,0.062
4.14090e-01,-0.053,0.056
4.14100e-01,-0.049,0.054
4.14110e-01,-0.053,0.06
4.14120e-01,-0.045,0.05
4.14130e-01,-0.057,0.062
4.14140e-01,-0.059,0.06
4.14150e-01,-0.061,0.06
4.14160e-01,-0.063,0.06
4.14170e-01,-0.055,0.062
4.14180e-01,-0.059,0.064
4.14190e-01,-0.061,0.066
4.14200e-01,-0.061,0.064
4.14210e-01,-0.061,0.062
4.14220e-01,-0.059,0.064
4.14230e-01,-0.063,0.06
4.14240e-01,-0.063,0.064
4.14250e-01,-0.061,0.062
4.14260e-01,-0.061,0.062
4.14270e-01,-0.053,0.062
4.14280e-01,-0.059,0.06
4.14290e-01,-0.053,0.06
4.14300e-01,-0.059,0.064
4.14310e-01,-0.055,0.064
4.14320e-01,-0.061,0.064
4.14330e-01,-0.061,0.064
4.14340e-01,-0.051,0.058
4.14350e-01,-0.057,0.062
4.14360e-01,-0.059,0.064
4.14370e-01,-0.057,0.064
4.14380e-01,-0.051,0.058
4.14390e-01,-0.047,0.048
4.14400e-01,-0.057,0.062
4.14410e-01,-0.053,0.056
4.14420e-01,-0.055,0.06
4.14430e-01,-0.059,0.06
4.14440e-01,-0.057,0.064
4.14450e-01,-0.057,0.064
4.14460e-01,-0.055,0.06
4.14470e-01,-0.059,0.068
4.14480e-01,-0.055,0.06
4.14490e-01,-0.045,0.048
4.14500e-01,-0.053,0.056
4.14510e-01,-0.053,0.06
4.14520e-01,-0.061,0.064
4.14530e-01,-0.057,0.062
4.14540e-01,-0.055,0.06
4.14550e-01,-0.059,0.064
4.14560e-01,-0.051,0.056
4.14570e-01,-0.059,0.064
4.14580e-01,-0.065,0.064
4.14590e-01,-0.061,0.066
4.14600e-01,-0.061,0.06
4.14610e-01,-0.061,0.066
4.14620e-01,-0.061,0.068
4.14630e-01,-0.061,0.06
4.14640e-01,-0.055,0.064
4.14650e-01,-0.061,0.06
4.14660e-01,-0.055,0.062
4.14670e-01,-0.059,0.062
4.14680e-01,-0.059,0.062
4.14690e-01,-0.059,0.062
4.14700e-01,-0.059,0.06
4.14710e-01,-0.061,0.062
4.14720e-01,-0.055,0.06
4.14730e-01,-0.057,0.06
4.14740e-01,-0.055,0.06
4.14750e-01,-0.057,0.064
4.14760e-01,-0.055,0.058
4.14770e-01,-0.059,0.064
4.14780e-01,-0.057,0.064
4.14790e-01,-0.055,0.068
4.14800e-01,-0.061,0.062
4.14810e-01,-0.059,0.064
4.14820e-01,-0.055,0.06
4.14830e-01,-0.057,0.066
4.14840e-01,-0.053,0.06
4.14850e-01,-0.063,0.062
4.14860e-01,-0.059,0.062
4.14870e-01,-0.059,0.064
4.14880e-01,-0.061,0.062
4.14890e-01,-0.059,0.064
4.14900e-01,-0.061,0.06
4.14910e-01,-0.059,0.064
4.14920e-01,-0.059,0.064
4.14930e-01,-0.061,0.06
4.14940e-01,-0.059,0.062
4.14950e-01,-0.055,0.06
4.14960e-01,-0.057,0.064
4.14970e-01,-0.063,0.062
4.14980e-01,-0.063,0.062
4.14990e-01,-0.059,0.062
4.15000e-01,-0.053,0.052
4.15010e-01,-0.063,0.062
4.15020e-01,-0.055,0.058
4.15030e-01,-0.063,0.062
4.15040e-01,-0.053,0.062
4.15050e-01,-0.059,0.062
4.15060e-01,-0.057,0.06
4.15070e-01,-0.061,0.064
4.15080e-01,-0.045,0.054
4.15090e-01,-0.057,0.062
4.15100e-01,-0.061,0.064
4.15110e-01,-0.059,0.064
4.15120e-01,-0.059,0.062
4.15130e-01,-0.053,0.058
4.15140e-01,-0.059,0.062
4.15150e-01,-0.059,0.064
4.15160e-01,-0.057,0.06
4.15170e-01,-0.057,0.06
4.15180e-01,-0.057,0.062
4.15190e-01,-0.059,0.06
4.15200e-01,-0.057,0.064
4.15210e-01,-0.063,0.062
4.15220e-01,-0.063,0.064
4.15230e-01,-0.057,0.064
4.15240e-01,-0.061,0.064
4.15250e-01,-0.061,0.064
4.15260e-01,-0.059,0.064
4.15270e-01,-0.059,0.064
4.15280e-01,-0.057,0.06
4.15290e-01,-0.059,0.068
4.15300e-01,-0.057,0.062
4.15310e-01,-0.061,0.064
4.15320e-01,-0.059,0.064
4.15330e-01,-0.061,0.062
4.15340e-01,-0.055,0.06
4.15350e-01,-0.057,0.06
4.15360e-01,-0.055,0.058
4.15370e-01,-0.059,0.062
4.15380e-01,-0.063,0.062
4.15390e-01,-0.059,0.062
4.15400e-01,-0.045,0.056
4.15410e-01,-0.053,0.058
4.15420e-01,-0.059,0.064
4.15430e-01,-0.061,0.066
4.15440e-01,-0.039,0.048
4.15450e-01,-0.059,0.066
4.15460e-01,-0.047,0.056
4.15470e-01,-0.061,0.064
4.15480e-01,-0.057,0.064
4.15490e-01,-0.059,0.062
4.15500e-01,-0.057,0.062
4.15510e-01,-0.059,0.066
4.15520e-01,-0.061,0.062
4.15530e-01,-0.059,0.064
4.15540e-01,-0.057,0.06
4.15550e-01,-0.047,0.054
4.15560e-01,-0.061,0.064
4.15570e-01,-0.047,0.052
4.15580e-01,-0.059,0.062
4.15590e-01,-0.061,0.066
4.15600e-01,-0.059,0.064
4.15610e-01,-0.059,0.062
4.15620e-01,-0.059,0.062
4.15630e-01,-0.055,0.06
4.15640e-01,-0.059,0.066
4.15650e-01,-0.053,0.056
4.15660e-01,-0.057,0.062
4.15670e-01,-0.051,0.054
4.15680e-01,-0.057,0.062
4.15690e-01,-0.057,0.062
4.15700e-01,-0.059,0.062
4.15710e-01,-0.059,0.062
4.15720e-01,-0.059,0.068
4.15730e-01,-0.053,0.06
4.15740e-01,-0.061,0.062
4.15750e-01,-0.059,0.06
4.15760e-01,-0.061,0.062
4.15770e-01,-0.059,0.064
4.15780e-01,-0.057,0.064
4.15790e-01,-0.061,0.06
4.15800e-01,-0.061,0.064
4.15810e-01,-0.059,0.06
4.15820e-01,-0.057,0.062
4.15830e-01,-0.057,0.064
4.15840e-01,-0.059,0.06
4.15850e-01,-0.059,0.064
4.15860e-01,-0.059,0.066
4.15870e-01,-0.057,0.062
4.15880e-01,-0.057,0.06
4.15890e-01,-0.059,0.064
4.15900e-01,-0.057,0.064
4.15910e-01,-0.059,0.064
4.15920e-01,-0.059,0.06
4.15930e-01,-0.047,0.056
4.15940e-01,-0.051,0.056
4.15950e-01,-0.057,0.064
4.15960e-01,-0.055,0.06
4.15970e-01,-0.055,0.06
4.15980e-01,-0.055,0.06
4.15990e-01,-0.053,0.06
4.16000e-01,-0.059,0.062
4.16010e-01,-0.057,0.06
4.16020e-01,-0.061,0.062
4.16030e-01,-0.059,0.06
4.16040e-01,-0.061,0.062
4.16050e-01,-0.061,0.068
4.16060e-01,-0.055,0.06
4.16070e-01,-0.055,0.062
4.16080e-01,-0.057,0.062
4.16090e-01,-0.061,0.064
4.16100e-01,-0.059,0.062
4.16110e-01,-0.059,0.06
4.16120e-01,-0.057,0.062
4.16130e-01,-0.059,0.064
4.16140e-01,-0.063,0.064
4.16150e-01,-0.059,0.062
4.16160e-01,-0.061,0.064
4.16170e-01,-0.061,0.062
4.16180e-01,-0.061,0.064
4.16190e-01,-0.055,0.06
4.16200e-01,-0.051,0.06
4.16210e-01,-0.049,0.058
4.16220e-01,-0.039,0.044
4.16230e-01,-0.053,0.06
4.16240e-01,-0.041,0.054
4.16250e-01,-0.057,0.062
4.16260e-01,-0.059,0.062
4.16270e-01,-0.059,0.064
4.16280e-01,-0.055,0.062
4.16290e-01,-0.053,0.058
4.16300e-01,-0.057,0.066
4.16310e-01,-0.059,0.06
4.16320e-01,-0.057,0.064
4.16330e-01,-0.051,0.06
4.16340e-01,-0.055,0.06
4.16350e-01,-0.057,0.06
4.16360e-01,-0.053,0.058
4.16370e-01,-0.047,0.054
4.16380e-01,-0.057,0.064
4.16390e-01,-0.051,0.054
4.16400e-01,-0.061,0.064
4.16410e-01,-0.061,0.062
4.16420e-01,-0.057,0.062
4.16430e-01,-0.063,0.06
4.16440e-01,-0.059,0.06
4.16450e-01,-0.059,0.064
4.16460e-01,-0.049,0.058
4.16470e-01,-0.055,0.06
4.16480e-01,-0.057,0.06
4.16490e-01,-0.063,0.066
4.16500e-01,-0.051,0.054
4.16510e-01,-0.057,0.06
4.16520e-01,-0.059,0.064
4.16530e-01,-0.057,0.06
4.16540e-01,-0.061,0.06
4.16550e-01,-0.059,0.064
4.16560e-01,-0.061,0.066
4.16570e-01,-0.055,0.062
4.16580e-01,-0.057,0.06
4.16590e-01,-0.059,0.064
4.16600e-01,-0.055,0.06
4.16610e-01,-0.059,0.062
4.16620e-01,-0.055,0.06
4.16630e-01,-0.057,0.064
4.16640e-01,-0.059,0.066
4.16650e-01,-0.061,0.062
4.16660e-01,-0.063,0.062
4.16670e-01,-0.061,0.064
4.16680e-01,-0.057,0.06
4.16690e-01,-0.059,0.064
4.16700e-01,-0.057,0.06
4.16710e-01,-0.061,0.062
4.16720e-01,-0.061,0.066
4.16730e-01,-0.059,0.062
4.16740e-01,-0.057,0.06
4.16750e-01,-0.057,0.06
4.16760e-01,-0.059,0.064
4.16770e-01,-0.059,0.066
4.16780e-01,-0.055,0.062
4.16790e-01,-0.059,0.064
4.16800e-01,-0.059,0.064
4.16810e-01,-0.059,0.064
4.16820e-01,-0.059,0.064
4.16830e-01,-0.059,0.064
4.16840e-01,-0.061,0.064
4.16850e-01,-0.061,0.062
4.16860e-01,-0.059,0.068
4.16870e-01,-0.057,0.066
4.16880e-01,-0.061,0.062
4.16890e-01,-0.059,0.06
4.16900e-01,-0.059,0.064
4.16910e-01,-0.055,0.064
4.16920e-01,-0.057,0.064
4.16930e-01,-0.059,0.062
4.16940e-01,-0.053,0.058
4.16950e-01,-0.057,0.064
4.16960e-01,-0.055,0.062
4.16970e-01,-0.059,0.064
4.16980e-01,-0.059,0.066
4.16990e-01,-0.059,0.064
4.17000e-01,-0.057,0.064
4.17010e-01,-0.057,0.064
4.17020e-01,-0.059,0.064
4.17030e-01,-0.057,0.06
4.17040e-01,-0.059,0.064
4.17050e-01,-0.059,0.064
4.17060e-01,-0.057,0.064
4.17070e-01,-0.057,0.064
4.17080e-01,-0.059,0.06
4.17090e-01,-0.057,0.062
4.17100e-01,-0.059,0.064
4.17110e-01,-0.049,0.056
4.17120e-01,-0.051,0.058
4.17130e-01,-0.045,0.052
4.17140e-01,-0.059,0.06
4.17150e-01,-0.055,0.06
4.17160e-01,-0.061,0.062
4.17170e-01,-0.059,0.062
4.17180e-01,-0.059,0.066
4.17190e-01,-0.061,0.064
4.17200e-01,-0.063,0.064
4.17210e-01,-0.057,0.064
4.17220e-01,-0.055,0.066
4.17230e-01,-0.061,0.064
4.17240e-01,-0.057,0.064
4.17250e-01,-0.055,0.064
4.17260e-01,-0.057,0.062
4.17270e-01,-0.057,0.062
4.17280e-01,-0.059,0.062
4.17290e-01,-0.059,0.064
4.17300e-01,-0.059,0.06
4.17310e-01,-0.055,0.064
4.17320e-01,-0.055,0.058
4.17330e-01,-0.051,0.06
4.17340e-01,-0.055,0.06
4.17350e-01,-0.045,0.052
4.17360e-01,-0.049,0.058
4.17370e-01,-0.047,0.056
4.17380e-01,-0.059,0.062
4.17390e-01,-0.061,0.062
4.17400e-01,-0.051,0.058
4.17410e-01,-0.057,0.062
4.17420e-01,-0.045,0.056
4.17430e-01,-0.059,0.064
4.17440e-01,-0.061,0.062
4.17450e-01,-0.055,0.064
4.17460e-01,-0.061,0.064
4.17470e-01,-0.061,0.064
4.17480e-01,-0.061,0.064
4.17490e-01,-0.059,0.064
4.17500e-01,-0.057,0.062
4.17510e-01,-0.051,0.056
4.17520e-01,-0.061,0.064
4.17530e-01,-0.059,0.066
4.17540e-01,-0.057,0.062
4.17550e-01,-0.059,0.062
4.17560e-01,-0.059,0.062
4.17570e-01,-0.057,0.062
4.17580e-01,-0.063,0.066
4.17590e-01,-0.057,0.064
4.17600e-01,-0.063,0.064
4.17610e-01,-0.059,0.062
4.17620e-01,-0.059,0.062
4.17630e-01,-0.059,0.062
4.17640e-01,-0.059,0.064
4.17650e-01,-0.057,0.064
4.17660e-01,-0.061,0.062
4.17670e-01,-0.061,0.06
4.17680e-01,-0.061,0.064
4.17690e-01,-0.061,0.062
4.17700e-01,-0.059,0.062
4.17710e-01,-0.053,0.06
4.17720e-01,-0.045,0.054
4.17730e-01,-0.057,0.06
4.17740e-01,-0.061,0.06
4.17750e-01,-0.057,0.06
4.17760e-01,-0.055,0.06
4.17770e-01,-0.059,0.064
4.17780e-01,-0.053,0.06
4.17790e-01,-0.061,0.066
4.17800e-01,-0.059,0.064
4.17810e-01,-0.055,0.062
4.17820e-01,-0.061,0.062
4.17830e-01,-0.059,0.06
4.17840e-01,-0.055,0.06
4.17850e-01,-0.059,0.062
4.17860e-01,-0.059,0.062
4.17870e-01,-0.057,0.064
4.17880e-01,-0.061,0.06
4.17890e-01,-0.057,0.062
4.17900e-01,-0.043,0.046
4.17910e-01,-0.053,0.058
4.17920e-01,-0.041,0.05
4.17930e-01,-0.057,0.062
4.17940e-01,-0.055,0.06
4.17950e-01,-0.059,0.064
4.17960e-01,-0.057,0.066
4.17970e-01,-0.051,0.058
4.17980e-01,-0.055,0.062
4.17990e-01,-0.055,0.062
4.18000e-01,-0.061,0.064
4.18010e-01,-0.057,0.06
4.18020e-01,-0.055,0.066
4.18030e-01,-0.061,0.064
4.18040e-01,-0.059,0.062
4.18050e-01,-0.059,0.068
4.18060e-01,-0.059,0.064
4.18070e-01,-0.063,0.068
4.18080e-01,-0.061,0.064
4.18090e-01,-0.059,0.064
4.18100e-01,-0.061,0.064
4.18110e-01,-0.059,0.062
4.18120e-01,-0.057,0.068
4.18130e-01,-0.061,0.064
4.18140e-01,-0.059,0.064
4.18150e-01,-0.061,0.064
4.18160e-01,-0.057,0.06
4.18170e-01,-0.049,0.058
4.18180e-01,-0.041,0.046
4.18190e-01,-0.053,0.058
4.18200e-01,-0.059,0.064
4.18210e-01,-0.049,0.056
4.18220e-01,-0.057,0.064
4.18230e-01,-0.049,0.054
4.18240e-01,-0.057,0.062
4.18250e-01,-0.043,0.052
4.18260e-01,-0.059,0.062
4.18270e-01,-0.061,0.062
4.18280e-01,-0.061,0.064
4.18290e-01,-0.053,0.06
4.18300e-01,-0.065,0.066
4.18310e-01,-0.061,0.064
4.18320e-01,-0.061,0.064
4.18330e-01,-0.063,0.066
4.18340e-01,-0.055,0.064
4.18350e-01,-0.059,0.066
4.18360e-01,-0.061,0.064
4.18370e-01,-0.061,0.066
4.18380e-01,-0.059,0.064
4.18390e-01,-0.057,0.066
4.18400e-01,-0.063,0.062
4.18410e-01,-0.061,0.062
4.18420e-01,-0.061,0.068
4.18430e-01,-0.057,0.06
4.18440e-01,-0.061,0.064
4.18450e-01,-0.059,0.064
4.18460e-01,-0.059,0.064
4.18470e-01,-0.049,0.06
4.18480e-01,-0.055,0.066
4.18490e-01,-0.057,0.064
4.18500e-01,-0.061,0.066
4.18510e-01,-0.055,0.062
4.18520e-01,-0.059,0.064
4.18530e-01,-0.057,0.064
4.18540e-01,-0.055,0.06
4.18550e-01,-0.051,0.06
4.18560e-01,-0.061,0.064
4.18570e-01,-0.059,0.064
4.18580e-01,-0.061,0.064
4.18590e-01,-0.055,0.064
4.18600e-01,-0.063,0.066
4.18610e-01,-0.061,0.066
4.18620e-01,-0.053,0.06
4.18630e-01,-0.055,0.062
4.18640e-01,-0.059,0.062
4.18650e-01,-0.059,0.064
4.18660e-01,-0.059,0.064
4.18670e-01,-0.059,0.064
4.18680e-01,-0.047,0.052
4.18690e-01,-0.059,0.062
4.18700e-01,-0.057,0.062
4.18710e-01,-0.059,0.062
4.18720e-01,-0.059,0.062
4.18730e-01,-0.059,0.066
4.18740e-01,-0.051,0.058
4.18750e-01,-0.061,0.064
4.18760e-01,-0.059,0.062
4.18770e-01,-0.059,0.068
4.18780e-01,-0.061,0.064
4.18790e-01,-0.057,0.06
4.18800e-01,-0.059,0.066
4.18810e-01,-0.059,0.064
4.18820e-01,-0.057,0.06
4.18830e-01,-0.055,0.06
4.18840e-01,-0.051,0.056
4.18850e-01,-0.051,0.06
4.18860e-01,-0.055,0.06
4.18870e-01,-0.053,0.062
4.18880e-01,-0.053,0.06
4.18890e-01,-0.051,0.06
4.18900e-01,-0.051,0.058
4.18910e-01,-0.055,0.062
4.18920e-01,-0.053,0.06
4.18930e-01,-0.059,0.062
4.18940e-01,-0.057,0.062
4.18950e-01,-0.059,0.064
4.18960e-01,-0.061,0.064
4.18970e-01,-0.065,0.062
4.18980e-01,-0.061,0.062
4.18990e-01,-0.055,0.058
4.19000e-01,-0.055,0.06
4.19010e-01,-0.037,0.042
4.19020e-01,-0.051,0.062
4.19030e-01,-0.045,0.052
4.19040e-01,-0.059,0.064
4.19050e-01,-0.059,0.062
4.19060e-01,-0.061,0.062
4.19070e-01,-0.061,0.062
4.19080e-01,-0.057,0.06
4.19090e-01,-0.055,0.058
4.19100e-01,-0.057,0.064
4.19110e-01,-0.057,0.06
4.19120e-01,-0.061,0.062
4.19130e-01,-0.055,0.058
4.19140e-01,-0.061,0.064
4.19150e-01,-0.059,0.066
4.19160e-01,-0.059,0.062
4.19170e-01,-0.063,0.062
4.19180e-01,-0.057,0.064
4.19190e-01,-0.057,0.064
4.19200e-01,-0.055,0.058
4.19210e-01,-0.051,0.06
4.19220e-01,-0.055,0.06
4.19230e-01,-0.059,0.062
4.19240e-01,-0.063,0.062
4.19250e-01,-0.061,0.062
4.19260e-01,-0.059,0.064
4.19270e-01,-0.061,0.062
4.19280e-01,-0.057,0.064
4.19290e-01,-0.057,0.062
4.19300e-01,-0.051,0.058
4.19310e-01,-0.055,0.058
4.19320e-01,-0.059,0.06
4.19330e-01,-0.061,0.064
4.19340e-01,-0.059,0.064
4.19350e-01,-0.055,0.06
4.19360e-01,-0.061,0.066
4.19370e-01,-0.053,0.058
4.19380e-01,-0.061,0.062
4.19390e-01,-0.051,0.064
4.19400e-01,-0.061,0.06
4.19410e-01,-0.051,0.06
4.19420e-01,-0.057,0.062
4.19430e-01,-0.057,0.062
4.19440e-01,-0.059,0.064
4.19450e-01,-0.061,0.064
4.19460e-01,-0.059,0.064
4.19470e-01,-0.061,0.062
4.19480e-01,-0.057,0.062
4.19490e-01,-0.057,0.064
4.19500e-01,-0.057,0.062
4.19510e-01,-0.059,0.062
4.19520e-01,-0.057,0.064
4.19530e-01,-0.055,0.06
4.19540e-01,-0.055,0.06
4.19550e-01,-0.059,0.064
4.19560e-01,-0.063,0.064
4.19570e-01,-0.061,0.062
4.19580e-01,-0.055,0.062
4.19590e-01,-0.059,0.066
4.19600e-01,-0.061,0.062
4.19610e-01,-0.061,0.064
4.19620e-01,-0.059,0.066
4.19630e-01,-0.053,0.058
4.19640e-01,-0.059,0.064
4.19650e-01,-0.059,0.064
4.19660e-01,-0.059,0.066
4.19670e-01,-0.057,0.062
4.19680e-01,-0.059,0.06
4.19690e-01,-0.059,0.064
4.19700e-01,-0.049,0.054
4.19710e-01,-0.057,0.064
4.19720e-01,-0.059,0.062
4.19730e-01,-0.059,0.06
4.19740e-01,-0.057,0.06
4.19750e-01,-0.055,0.06
4.19760e-01,-0.057,0.064
4.19770e-01,-0.059,0.06
4.19780e-01,-0.047,0.052
4.19790e-01,-0.055,0.062
4.19800e-01,-0.057,0.058
4.19810e-01,-0.059,0.064
4.19820e-01,-0.061,0.062
4.19830e-01,-0.057,0.064
4.19840e-01,-0.061,0.062
4.19850e-01,-0.049,0.054
4.19860e-01,-0.057,0.068
4.19870e-01,-0.061,0.062
4.19880e-01,-0.059,0.064
4.19890e-01,-0.061,0.062
4.19900e-01,-0.059,0.064
4.19910e-01,-0.061,0.064
4.19920e-01,-0.057,0.06
4.19930e-01,-0.061,0.064
4.19940e-01,-0.057,0.06
4.19950e-01,-0.057,0.064
4.19960e-01,-0.059,0.06
4.19970e-01,-0.061,0.064
4.19980e-01,-0.055,0.064
4.19990e-01,-0.057,0.06
4.20000e-01,-0.061,0.062
4.20010e-01,-0.051,0.058
4.20020e-01,-0.063,0.062
4.20030e-01,-0.055,0.058
4.20040e-01,-0.051,0.056
4.20050e-01,-0.051,0.06
4.20060e-01,-0.057,0.062
4.20070e-01,-0.059,0.064
4.20080e-01,-0.059,0.068
4.20090e-01,-0.055,0.062
4.20100e-01,-0.051,0.058
4.20110e-01,-0.059,0.066
4.20120e-01,-0.057,0.064
4.20130e-01,-0.059,0.064
4.20140e-01,-0.059,0.064
4.20150e-01,-0.057,0.064
4.20160e-01,-0.059,0.06
4.20170e-01,-0.061,0.064
4.20180e-01,-0.057,0.06
4.20190e-01,-0.059,0.062
4.20200e-01,-0.051,0.058
4.20210e-01,-0.049,0.058
4.20220e-01,-0.049,0.054
4.20230e-01,-0.057,0.06
4.20240e-01,-0.051,0.058
4.20250e-01,-0.057,0.06
4.20260e-01,-0.059,0.062
4.20270e-01,-0.047,0.056
4.20280e-01,-0.047,0.054
4.20290e-01,-0.059,0.066
4.20300e-01,-0.061,0.064
4.20310e-01,-0.061,0.062
4.20320e-01,-0.059,0.064
4.20330e-01,-0.055,0.058
4.20340e-01,-0.061,0.062
4.20350e-01,-0.057,0.066
4.20360e-01,-0.055,0.064
4.20370e-01,-0.061,0.06
4.20380e-01,-0.059,0.062
4.20390e-01,-0.055,0.06
4.20400e-01,-0.063,0.064
4.20410e-01,-0.059,0.06
4.20420e-01,-0.065,0.064
4.20430e-01,-0.061,0.064
4.20440e-01,-0.061,0.066
4.20450e-01,-0.049,0.058
4.20460e-01,-0.059,0.068
4.20470e-01,-0.055,0.06
4.20480e-01,-0.059,0.062
4.20490e-01,-0.059,0.06
4.20500e-01,-0.055,0.06
4.20510e-01,-0.061,0.066
4.20520e-01,-0.057,0.06
4.20530e-01,-0.059,0.06
4.20540e-01,-0.057,0.062
4.20550e-01,-0.059,0.068
4.20560e-01,-0.057,0.06
4.20570e-01,-0.049,0.058
4.20580e-01,-0.041,0.044
4.20590e-01,-0.057,0.064
4.20600e-01,-0.053,0.06
4.20610e-01,-0.063,0.062
4.20620e-01,-0.039,0.046
4.20630e-01,-0.055,0.064
4.20640e-01,-0.055,0.058
4.20650e-01,-0.061,0.062
4.20660e-01,-0.057,0.06
4.20670e-01,-0.057,0.064
4.20680e-01,-0.055,0.06
4.20690e-01,-0.059,0.068
4.20700e-01,-0.055,0.062
4.20710e-01,-0.055,0.06
4.20720e-01,-0.061,0.064
4.20730e-01,-0.055,0.062
4.20740e-01,-0.061,0.06
4.20750e-01,-0.055,0.06
4.20760e-01,-0.059,0.062
4.20770e-01,-0.057,0.06
4.20780e-01,-0.063,0.06
4.20790e-01,-0.059,0.062
4.20800e-01,-0.057,0.06
4.20810e-01,-0.063,0.064
4.20820e-01,-0.057,0.064
4.20830e-01,-0.061,0.066
4.20840e-01,-0.055,0.06
4.20850e-01,-0.055,0.06
4.20860e-01,-0.057,0.062
4.20870e-01,-0.059,0.06
4.20880e-01,-0.061,0.062
4.20890e-01,-0.053,0.056
4.20900e-01,-0.059,0.062
4.20910e-01,-0.057,0.062
4.20920e-01,-0.053,0.06
4.20930e-01,-0.057,0.064
4.20940e-01,-0.057,0.062
4.20950e-01,-0.061,0.062
4.20960e-01,-0.061,0.06
4.20970e-01,-0.061,0.064
4.20980e-01,-0.055,0.064
4.20990e-01,-0.059,0.064
4.21000e-01,-0.063,0.062
4.21010e-01,-0.061,0.068
4.21020e-01,-0.061,0.066
4.21030e-01,-0.059,0.062
4.21040e-01,-0.055,0.064
4.21050e-01,-0.051,0.058
4.21060e-01,-0.047,0.056
4.21070e-01,-0.063,0.066
4.21080e-01,-0.051,0.054
4.21090e-01,-0.055,0.06
4.21100e-01,-0.055,0.06
4.21110e-01,-0.055,0.058
4.21120e-01,-0.043,0.05
4.21130e-01,-0.043,0.05
4.21140e-01,-0.037,0.046
4.21150e-01,-0.055,0.06
4.21160e-01,-0.061,0.062
4.21170e-01,-0.063,0.064
4.21180e-01,-0.061,0.064
4.21190e-01,-0.061,0.064
4.21200e-01,-0.055,0.064
4.21210e-01,-0.055,0.06
4.21220e-01,-0.057,0.06
4.21230e-01,-0.041,0.054
4.21240e-01,-0.045,0.048
4.21250e-01,-0.051,0.056
4.21260e-01,-0.049,0.054
4.21270e-01,-0.059,0.062
4.21280e-01,-0.061,0.062
4.21290e-01,-0.055,0.06
4.21300e-01,-0.057,0.06
4.21310e-01,-0.057,0.062
4.21320e-01,-0.061,0.066
4.21330e-01,-0.057,0.062
4.21340e-01,-0.059,0.066
4.21350e-01,-0.059,0.066
4.21360e-01,-0.057,0.062
4.21370e-01,-0.057,0.064
4.21380e-01,-0.051,0.06
4.21390e-01,-0.057,0.064
4.21400e-01,-0.053,0.056
4.21410e-01,-0.061,0.062
4.21420e-01,-0.045,0.056
4.21430e-01,-0.059,0.064
4.21440e-01,-0.059,0.066
4.21450e-01,-0.053,0.06
4.21460e-01,-0.053,0.062
4.21470e-01,-0.055,0.058
4.21480e-01,-0.059,0.064
4.21490e-01,-0.057,0.064
4.21500e-01,-0.057,0.06
4.21510e-01,-0.055,0.06
4.21520e-01,-0.055,0.06
4.21530e-01,-0.057,0.06
4.21540e-01,-0.059,0.062
4.21550e-01,-0.057,0.064
4.21560e-01,-0.059,0.064
4.21570e-01,-0.059,0.06
4.21580e-01,-0.059,0.062
4.21590e-01,-0.059,0.068
4.21600e-01,-0.061,0.064
4.21610e-01,-0.049,0.054
4.21620e-01,-0.051,0.058
4.21630e-01,-0.053,0.058
4.21640e-01,-0.057,0.064
4.21650e-01,-0.049,0.054
4.21660e-01,-0.049,0.054
4.21670e-01,-0.053,0.058
4.21680e-01,-0.061,0.064
4.21690e-01,-0.061,0.068
4.21700e-01,-0.051,0.056
4.21710e-01,-0.055,0.058
4.21720e-01,-0.043,0.05
4.21730e-01,-0.059,0.06
4.21740e-01,-0.057,0.06
4.21750e-01,-0.059,0.064
4.21760e-01,-0.061,0.066
4.21770e-01,-0.049,0.058
4.21780e-01,-0.059,0.06
4.21790e-01,-0.055,0.06
4.21800e-01,-0.059,0.062
4.21810e-01,-0.055,0.06
4.21820e-01,-0.053,0.06
4.21830e-01,-0.059,0.064
4.21840e-01,-0.059,0.064
4.21850e-01,-0.059,0.062
4.21860e-01,-0.045,0.054
4.21870e-01,-0.061,0.06
4.21880e-01,-0.059,0.06
4.21890e-01,-0.057,0.062
4.21900e-01,-0.059,0.062
4.21910e-01,-0.057,0.058
4.21920e-01,-0.059,0.064
4.21930e-01,-0.059,0.062
4.21940e-01,-0.055,0.058
4.21950e-01,-0.055,0.06
4.21960e-01,-0.047,0.05
4.21970e-01,-0.057,0.062
4.21980e-01,-0.055,0.06
4.21990e-01,-0.057,0.062
4.22000e-01,-0.057,0.062
4.22010e-01,-0.059,0.062
4.22020e-01,-0.057,0.066
4.22030e-01,-0.057,0.06
4.22040e-01,-0.059,0.066
4.22050e-01,-0.063,0.062
4.22060e-01,-0.059,0.064
4.22070e-01,-0.057,0.064
4.22080e-01,-0.059,0.062
4.22090e-01,-0.055,0.062
4.22100e-01,-0.061,0.064
4.22110e-01,-0.053,0.06
4.22120e-01,-0.053,0.06
4.22130e-01,-0.061,0.06
4.22140e-01,-0.057,0.064
4.22150e-01,-0.051,0.054
4.22160e-01,-0.045,0.052
4.22170e-01,-0.057,0.062
4.22180e-01,-0.055,0.062
4.22190e-01,-0.059,0.06
4.22200e-01,-0.059,0.062
4.22210e-01,-0.063,0.064
4.22220e-01,-0.057,0.064
4.22230e-01,-0.051,0.054
4.22240e-01,-0.057,0.062
4.22250e-01,-0.055,0.06
4.22260e-01,-0.059,0.064
4.22270e-01,-0.053,0.058
4.22280e-01,-0.057,0.062
4.22290e-01,-0.057,0.062
4.22300e-01,-0.055,0.06
4.22310e-01,-0.057,0.064
4.22320e-01,-0.055,0.06
4.22330e-01,-0.049,0.054
4.22340e-01,-0.057,0.062
4.22350e-01,-0.051,0.056
4.22360e-01,-0.057,0.06
4.22370e-01,-0.055,0.06
4.22380e-01,-0.053,0.058
4.22390e-01,-0.041,0.046
4.22400e-01,-0.057,0.062
4.22410e-01,-0.059,0.062
4.22420e-01,-0.061,0.062
4.22430e-01,-0.059,0.064
4.22440e-01,-0.061,0.062
4.22450e-01,-0.059,0.066
4.22460e-01,-0.059,0.066
4.22470e-01,-0.055,0.054
4.22480e-01,-0.059,0.064
4.22490e-01,-0.061,0.064
4.22500e-01,-0.059,0.064
4.22510e-01,-0.059,0.066
4.22520e-01,-0.055,0.064
4.22530e-01,-0.051,0.06
4.22540e-01,-0.061,0.066
4.22550e-01,-0.059,0.062
4.22560e-01,-0.057,0.062
4.22570e-01,-0.061,0.064
4.22580e-01,-0.059,0.064
4.22590e-01,-0.059,0.06
4.22600e-01,-0.061,0.062
4.22610e-01,-0.057,0.064
4.22620e-01,-0.057,0.062
4.22630e-01,-0.053,0.06
4.22640e-01,-0.057,0.06
4.22650e-01,-0.057,0.06
4.22660e-01,-0.057,0.064
4.22670e-01,-0.061,0.066
4.22680e-01,-0.055,0.06
4.22690e-01,-0.057,0.062
4.22700e-01,-0.055,0.064
4.22710e-01,-0.059,0.062
4.22720e-01,-0.051,0.054
4.22730e-01,-0.059,0.06
4.22740e-01,-0.059,0.064
4.22750e-01,-0.057,0.064
4.22760e-01,-0.055,0.058
4.22770e-01,-0.051,0.056
4.22780e-01,-0.057,0.058
4.22790e-01,-0.057,0.062
4.22800e-01,-0.051,0.06
4.22810e-01,-0.053,0.064
4.22820e-01,-0.053,0.06
4.22830e-01,-0.057,0.064
4.22840e-01,-0.055,0.058
4.22850e-01,-0.055,0.06
4.22860e-01,-0.047,0.056
4.22870e-01,-0.057,0.06
4.22880e-01,-0.059,0.066
4.22890e-01,-0.059,0.064
4.22900e-01,-0.059,0.062
4.22910e-01,-0.059,0.064
4.22920e-01,-0.059,0.062
4.22930e-01,-0.053,0.06
4.22940e-01,-0.055,0.062
4.22950e-01,-0.053,0.056
4.22960e-01,-0.057,0.064
4.22970e-01,-0.057,0.062
4.22980e-01,-0.045,0.05
4.22990e-01,-0.059,0.062
4.23000e-01,-0.061,0.068
4.23010e-01,-0.059,0.064
4.23020e-01,-0.059,0.06
4.23030e-01,-0.059,0.062
4.23040e-01,-0.061,0.064
4.23050e-01,-0.053,0.056
4.23060e-01,-0.057,0.062
4.23070e-01,-0.059,0.062
4.23080e-01,-0.053,0.064
4.23090e-01,-0.061,0.06
4.23100e-01,-0.049,0.058
4.23110e-01,-0.057,0.06
4.23120e-01,-0.049,0.056
4.23130e-01,-0.057,0.06
4.23140e-01,-0.045,0.048
4.23150e-01,-0.061,0.066
4.23160e-01,-0.057,0.062
4.23170e-01,-0.059,0.064
4.23180e-01,-0.057,0.064
4.23190e-01,-0.055,0.062
4.23200e-01,-0.057,0.062
4.23210e-01,-0.057,0.06
4.23220e-01,-0.051,0.062
4.23230e-01,-0.061,0.064
4.23240e-01,-0.057,0.062
4.23250e-01,-0.053,0.058
4.23260e-01,-0.061,0.06
4.23270e-01,-0.051,0.052
4.23280e-01,-0.059,0.06
4.23290e-01,-0.061,0.064
4.23300e-01,-0.053,0.058
4.23310e-01,-0.059,0.062
4.23320e-01,-0.055,0.06
4.23330e-01,-0.057,0.064
4.23340e-01,-0.059,0.062
4.23350e-01,-0.059,0.062
4.23360e-01,-0.059,0.064
4.23370e-01,-0.059,0.06
4.23380e-01,-0.057,0.056
4.23390e-01,-0.059,0.062
4.23400e-01,-0.057,0.062
4.23410e-01,-0.063,0.062
4.23420e-01,-0.057,0.062
4.23430e-01,-0.057,0.064
4.23440e-01,-0.059,0.06
4.23450e-01,-0.053,0.06
4.23460e-01,-0.063,0.064
4.23470e-01,-0.047,0.054
4.23480e-01,-0.057,0.06
4.23490e-01,-0.055,0.064
4.23500e-01,-0.051,0.056
4.23510e-01,-0.061,0.064
4.23520e-01,-0.059,0.064
4.23530e-01,-0.059,0.07
4.23540e-01,-0.059,0.066
4.23550e-01,-0.063,0.064
4.23560e-01,-0.059,0.064
4.23570e-01,-0.055,0.062
4.23580e-01,-0.057,0.056
4.23590e-01,-0.047,0.056
4.23600e-01,-0.059,0.06
4.23610e-01,-0.055,0.06
4.23620e-01,-0.059,0.064
4.23630e-01,-0.061,0.064
4.23640e-01,-0.055,0.06
4.23650e-01,-0.047,0.048
4.23660e-01,-0.059,0.066
4.23670e-01,-0.059,0.06
4.23680e-01,-0.055,0.06
4.23690e-01,-0.049,0.056
4.23700e-01,-0.061,0.064
4.23710e-01,-0.051,0.054
4.23720e-01,-0.059,0.062
4.23730e-01,-0.057,0.06
4.23740e-01,-0.059,0.062
4.23750e-01,-0.055,0.06
4.23760e-01,-0.063,0.064
4.23770e-01,-0.049,0.056
4.23780e-01,-0.057,0.062
4.23790e-01,-0.059,0.062
4.23800e-01,-0.047,0.056
4.23810e-01,-0.055,0.062
4.23820e-01,-0.051,0.052
4.23830e-01,-0.051,0.052
4.23840e-01,-0.049,0.056
4.23850e-01,-0.057,0.064
4.23860e-01,-0.059,0.062
4.23870e-01,-0.059,0.062
4.23880e-01,-0.057,0.062
4.23890e-01,-0.057,0.066
4.23900e-01,-0.057,0.068
4.23910e-01,-0.057,0.06
4.23920e-01,-0.059,0.06
4.23930e-01,-0.045,0.054
4.23940e-01,-0.059,0.064
4.23950e-01,-0.037,0.046
4.23960e-01,-0.061,0.064
4.23970e-01,-0.041,0.044
4.23980e-01,-0.057,0.064
4.23990e-01,-0.059,0.064
4.24000e-01,-0.059,0.062
4.24010e-01,-0.055,0.056
4.24020e-01,-0.057,0.064
4.24030e-01,-0.055,0.062
4.24040e-01,-0.061,0.062
4.24050e-01,-0.057,0.06
4.24060e-01,-0.059,0.064
4.24070e-01,-0.059,0.064
4.24080e-01,-0.059,0.066
4.24090e-01,-0.059,0.064
4.24100e-01,-0.059,0.064
4.24110e-01,-0.059,0.064
4.24120e-01,-0.057,0.06
4.24130e-01,-0.057,0.06
4.24140e-01,-0.057,0.062
4.24150e-01,-0.057,0.06
4.24160e-01,-0.045,0.056
4.24170e-01,-0.059,0.06
4.24180e-01,-0.059,0.062
4.24190e-01,-0.055,0.06
4.24200e-01,-0.059,0.064
4.24210e-01,-0.057,0.062
4.24220e-01,-0.055,0.06
4.24230e-01,-0.061,0.062
4.24240e-01,-0.059,0.062
4.24250e-01,-0.057,0.06
4.24260e-01,-0.061,0.062
4.24270e-01,-0.057,0.062
4.24280e-01,-0.061,0.066
4.24290e-01,-0.049,0.056
4.24300e-01,-0.059,0.064
4.24310e-01,-0.051,0.06
4.24320e-01,-0.051,0.058
4.24330e-01,-0.059,0.064
4.24340e-01,-0.051,0.058
4.24350e-01,-0.059,0.062
4.24360e-01,-0.059,0.064
4.24370e-01,-0.061,0.06
4.24380e-01,-0.059,0.06
4.24390e-01,-0.053,0.062
4.24400e-01,-0.061,0.064
4.24410e-01,-0.055,0.054
4.24420e-01,-0.057,0.06
4.24430e-01,-0.047,0.056
4.24440e-01,-0.059,0.06
4.24450e-01,-0.051,0.056
4.24460e-01,-0.059,0.064
4.24470e-01,-0.061,0.062
4.24480e-01,-0.057,0.062
4.24490e-01,-0.055,0.062
4.24500e-01,-0.059,0.062
4.24510e-01,-0.055,0.062
4.24520e-01,-0.059,0.064
4.24530e-01,-0.057,0.062
4.24540e-01,-0.059,0.068
4.24550e-01,-0.053,0.062
4.24560e-01,-0.057,0.06
4.24570e-01,-0.049,0.056
4.24580e-01,-0.059,0.064
4.24590e-01,-0.051,0.06
4.24600e-01,-0.059,0.064
4.24610e-01,-0.057,0.062
4.24620e-01,-0.057,0.062
4.24630e-01,-0.059,0.062
4.24640e-01,-0.059,0.064
4.24650e-01,-0.055,0.062
4.24660e-01,-0.057,0.062
4.24670e-01,-0.059,0.064
4.24680e-01,-0.051,0.052
4.24690e-01,-0.057,0.06
4.24700e-01,-0.059,0.064
4.24710e-01,-0.057,0.066
4.24720e-01,-0.051,0.06
4.24730e-01,-0.057,0.06
4.24740e-01,-0.049,0.056
4.24750e-01,-0.057,0.062
4.24760e-01,-0.055,0.058
4.24770e-01,-0.059,0.062
4.24780e-01,-0.059,0.064
4.24790e-01,-0.053,0.058
4.24800e-01,-0.059,0.062
4.24810e-01,-0.051,0.058
4.24820e-01,-0.057,0.054
4.24830e-01,-0.057,0.062
4.24840e-01,-0.055,0.058
4.24850e-01,-0.057,0.06
4.24860e-01,-0.057,0.058
4.24870e-01,-0.061,0.062
4.24880e-01,-0.055,0.06
4.24890e-01,-0.061,0.062
4.24900e-01,-0.055,0.062
4.24910e-01,-0.057,0.062
4.24920e-01,-0.049,0.054
4.24930e-01,-0.061,0.062
4.24940e-01,-0.053,0.06
4.24950e-01,-0.055,0.056
4.24960e-01,-0.059,0.062
4.24970e-01,-0.061,0.066
4.24980e-01,-0.057,0.064
4.24990e-01,-0.051,0.06
4.25000e-01,-0.061,0.06
4.25010e-01,-0.057,0.058
4.25020e-01,-0.057,0.064
4.25030e-01,-0.047,0.054
4.25040e-01,-0.061,0.062
4.25050e-01,-0.049,0.054
4.25060e-01,-0.061,0.064
4.25070e-01,-0.061,0.066
4.25080e-01,-0.051,0.056
4.25090e-01,-0.053,0.06
4.25100e-01,-0.057,0.064
4.25110e-01,-0.055,0.064
4.25120e-01,-0.055,0.062
4.25130e-01,-0.057,0.064
4.25140e-01,-0.057,0.064
4.25150e-01,-0.061,0.062
4.25160e-01,-0.061,0.06
4.25170e-01,-0.049,0.054
4.25180e-01,-0.059,0.062
4.25190e-01,-0.043,0.052
4.25200e-01,-0.059,0.062
4.25210e-01,-0.053,0.056
4.25220e-01,-0.049,0.056
4.25230e-01,-0.059,0.062
4.25240e-01,-0.061,0.06
4.25250e-01,-0.057,0.062
4.25260e-01,-0.061,0.064
4.25270e-01,-0.053,0.06
4.25280e-01,-0.063,0.068
4.25290e-01,-0.061,0.064
4.25300e-01,-0.059,0.064
4.25310e-01,-0.057,0.062
4.25320e-01,-0.057,0.06
4.25330e-01,-0.059,0.062
4.25340e-01,-0.057,0.064
4.25350e-01,-0.053,0.06
4.25360e-01,-0.057,0.062
4.25370e-01,-0.061,0.064
4.25380e-01,-0.059,0.06
4.25390e-01,-0.057,0.062
4.25400e-01,-0.059,0.066
4.25410e-01,-0.059,0.064
4.25420e-01,-0.063,0.064
4.25430e-01,-0.061,0.062
4.25440e-01,-0.061,0.066
4.25450e-01,-0.051,0.06
4.25460e-01,-0.061,0.062
4.25470e-01,-0.061,0.062
4.25480e-01,-0.057,0.062
4.25490e-01,-0.059,0.064
4.25500e-01,-0.055,0.062
4.25510e-01,-0.057,0.064
4.25520e-01,-0.053,0.062
4.25530e-01,-0.055,0.06
4.25540e-01,-0.061,0.066
4.25550e-01,-0.053,0.06
4.25560e-01,-0.059,0.064
4.25570e-01,-0.057,0.062
4.25580e-01,-0.057,0.064
4.25590e-01,-0.059,0.06
4.25600e-01,-0.063,0.064
4.25610e-01,-0.059,0.06
4.25620e-01,-0.061,0.064
4.25630e-01,-0.057,0.062
4.25640e-01,-0.059,0.062
4.25650e-01,-0.059,0.06
4.25660e-01,-0.053,0.056
4.25670e-01,-0.057,0.06
4.25680e-01,-0.055,0.064
4.25690e-01,-0.057,0.062
4.25700e-01,-0.057,0.062
4.25710e-01,-0.059,0.064
4.25720e-01,-0.061,0.06
4.25730e-01,-0.061,0.062
4.25740e-01,-0.057,0.056
4.25750e-01,-0.061,0.066
4.25760e-01,-0.059,0.064
4.25770e-01,-0.057,0.062
4.25780e-01,-0.051,0.056
4.25790e-01,-0.063,0.064
4.25800e-01,-0.047,0.054
4.25810e-01,-0.057,0.064
4.25820e-01,-0.055,0.06
4.25830e-01,-0.049,0.056
4.25840e-01,-0.059,0.062
4.25850e-01,-0.057,0.062
4.25860e-01,-0.061,0.064
4.25870e-01,-0.057,0.064
4.25880e-01,-0.061,0.064
4.25890e-01,-0.055,0.062
4.25900e-01,-0.059,0.064
4.25910e-01,-0.059,0.06
4.25920e-01,-0.053,0.058
4.25930e-01,-0.059,0.06
4.25940e-01,-0.045,0.048
4.25950e-01,-0.059,0.062
4.25960e-01,-0.047,0.048
4.25970e-01,-0.057,0.062
4.25980e-01,-0.047,0.052
4.25990e-01,-0.057,0.06
4.26000e-01,-0.057,0.064
4.26010e-01,-0.061,0.064
4.26020e-01,-0.061,0.064
4.26030e-01,-0.059,0.064
4.26040e-01,-0.061,0.064
4.26050e-01,-0.059,0.064
4.26060e-01,-0.059,0.062
4.26070e-01,-0.057,0.062
4.26080e-01,-0.057,0.068
4.26090e-01,-0.051,0.06
4.26100e-01,-0.057,0.064
4.26110e-01,-0.057,0.06
4.26120e-01,-0.057,0.06
4.26130e-01,-0.057,0.062
4.26140e-01,-0.059,0.064
4.26150e-01,-0.059,0.064
4.26160e-01,-0.053,0.058
4.26170e-01,-0.047,0.056
4.26180e-01,-0.055,0.056
4.26190e-01,-0.059,0.062
4.26200e-01,-0.057,0.062
4.26210e-01,-0.051,0.058
4.26220e-01,-0.053,0.06
4.26230e-01,-0.059,0.06
4.26240e-01,-0.059,0.064
4.26250e-01,-0.053,0.06
4.26260e-01,-0.061,0.064
4.26270e-01,-0.043,0.05
4.26280e-01,-0.059,0.064
4.26290e-01,-0.051,0.054
4.26300e-01,-0.057,0.06
4.26310e-01,-0.061,0.062
4.26320e-01,-0.049,0.06
4.26330e-01,-0.055,0.06
4.26340e-01,-0.049,0.058
4.26350e-01,-0.057,0.062
4.26360e-01,-0.061,0.062
4.26370e-01,-0.061,0.062
4.26380e-01,-0.061,0.066
4.26390e-01,-0.059,0.064
4.26400e-01,-0.049,0.054
4.26410e-01,-0.055,0.06
4.26420e-01,-0.043,0.048
4.26430e-01,-0.051,0.058
4.26440e-01,-0.045,0.052
4.26450e-01,-0.059,0.062
4.26460e-01,-0.059,0.062
4.26470e-01,-0.061,0.064
4.26480e-01,-0.051,0.06
4.26490e-01,-0.063,0.064
4.26500e-01,-0.055,0.06
4.26510e-01,-0.055,0.058
4.26520e-01,-0.059,0.062
4.26530e-01,-0.049,0.056
4.26540e-01,-0.059,0.062
4.26550e-01,-0.037,0.048
4.26560e-01,-0.063,0.064
4.26570e-01,-0.055,0.062
4.26580e-01,-0.061,0.064
4.26590e-01,-0.057,0.066
4.26600e-01,-0.059,0.064
4.26610e-01,-0.059,0.064
4.26620e-01,-0.059,0.062
4.26630e-01,-0.055,0.06
4.26640e-01,-0.061,0.062
4.26650e-01,-0.059,0.064
4.26660e-01,-0.059,0.062
4.26670e-01,-0.059,0.062
4.26680e-01,-0.053,0.058
4.26690e-01,-0.059,0.064
4.26700e-01,-0.049,0.052
4.26710e-01,-0.057,0.062
4.26720e-01,-0.053,0.058
4.26730e-01,-0.059,0.064
4.26740e-01,-0.049,0.056
4.26750e-01,-0.057,0.064
4.26760e-01,-0.061,0.066
4.26770e-01,-0.057,0.06
4.26780e-01,-0.057,0.064
4.26790e-01,-0.053,0.062
4.26800e-01,-0.059,0.064
4.26810e-01,-0.057,0.06
4.26820e-01,-0.061,0.064
4.26830e-01,-0.057,0.062
4.26840e-01,-0.059,0.062
4.26850e-01,-0.057,0.06
4.26860e-01,-0.061,0.064
4.26870e-01,-0.053,0.056
4.26880e-01,-0.059,0.064
4.26890e-01,-0.057,0.062
4.26900e-01,-0.057,0.06
4.26910e-01,-0.057,0.064
4.26920e-01,-0.059,0.064
4.26930e-01,-0.059,0.06
4.26940e-01,-0.059,0.064
4.26950e-01,-0.057,0.062
4.26960e-01,-0.057,0.064
4.26970e-01,-0.059,0.062
4.26980e-01,-0.059,0.064
4.26990e-01,-0.061,0.062
4.27000e-01,-0.051,0.058
4.27010e-01,-0.057,0.066
4.27020e-01,-0.057,0.064
4.27030e-01,-0.055,0.06
4.27040e-01,-0.059,0.062
4.27050e-01,-0.057,0.062
4.27060e-01,-0.059,0.064
4.27070e-01,-0.055,0.06
4.27080e-01,-0.059,0.064
4.27090e-01,-0.057,0.06
4.27100e-01,-0.061,0.064
4.27110e-01,-0.047,0.058
4.27120e-01,-0.055,0.06
4.27130e-01,-0.055,0.06
4.27140e-01,-0.057,0.062
4.27150e-01,-0.063,0.064
4.27160e-01,-0.063,0.064
4.27170e-01,-0.053,0.06
4.27180e-01,-0.059,0.064
4.27190e-01,-0.059,0.062
4.27200e-01,-0.061,0.062
4.27210e-01,-0.053,0.06
4.27220e-01,-0.045,0.054
4.27230e-01,-0.057,0.062
4.27240e-01,-0.049,0.058
4.27250e-01,-0.055,0.062
4.27260e-01,-0.055,0.062
4.27270e-01,-0.063,0.062
4.27280e-01,-0.055,0.062
4.27290e-01,-0.059,0.062
4.27300e-01,-0.055,0.062
4.27310e-01,-0.061,0.064
4.27320e-01,-0.055,0.06
4.27330e-01,-0.059,0.06
4.27340e-01,-0.045,0.05
4.27350e-01,-0.049,0.058
4.27360e-01,-0.043,0.052
4.27370e-01,-0.055,0.06
4.27380e-01,-0.059,0.062
4.27390e-01,-0.051,0.06
4.27400e-01,-0.055,0.06
4.27410e-01,-0.055,0.062
4.27420e-01,-0.057,0.06
4.27430e-01,-0.055,0.062
4.27440e-01,-0.057,0.06
4.27450e-01,-0.059,0.066
4.27460e-01,-0.047,0.054
4.27470e-01,-0.061,0.064
4.27480e-01,-0.041,0.044
4.27490e-01,-0.059,0.064
4.27500e-01,-0.057,0.064
4.27510e-01,-0.057,0.062
4.27520e-01,-0.061,0.064
4.27530e-01,-0.061,0.062
4.27540e-01,-0.059,0.066
4.27550e-01,-0.057,0.062
4.27560e-01,-0.059,0.066
4.27570e-01,-0.057,0.06
4.27580e-01,-0.059,0.06
4.27590e-01,-0.057,0.058
4.27600e-01,-0.055,0.062
4.27610e-01,-0.059,0.064
4.27620e-01,-0.057,0.06
4.27630e-01,-0.057,0.062
4.27640e-01,-0.051,0.056
4.27650e-01,-0.057,0.064
4.27660e-01,-0.055,0.062
4.27670e-01,-0.057,0.066
4.27680e-01,-0.057,0.066
4.27690e-01,-0.051,0.058
4.27700e-01,-0.059,0.062
4.27710e-01,-0.059,0.06
4.27720e-01,-0.059,0.064
4.27730e-01,-0.061,0.064
4.27740e-01,-0.061,0.062
4.27750e-01,-0.061,0.064
4.27760e-01,-0.063,0.064
4.27770e-01,-0.061,0.064
4.27780e-01,-0.057,0.064
4.27790e-01,-0.055,0.066
4.27800e-01,-0.059,0.062
4.27810e-01,-0.045,0.052
4.27820e-01,-0.061,0.064
4.27830e-01,-0.055,0.062
4.27840e-01,-0.057,0.064
4.27850e-01,-0.049,0.056
4.27860e-01,-0.059,0.062
4.27870e-01,-0.057,0.062
4.27880e-01,-0.055,0.062
4.27890e-01,-0.051,0.06
4.27900e-01,-0.055,0.06
4.27910e-01,-0.057,0.06
4.27920e-01,-0.053,0.056
4.27930e-01,-0.059,0.062
4.27940e-01,-0.059,0.064
4.27950e-01,-0.061,0.064
4.27960e-01,-0.055,0.062
4.27970e-01,-0.061,0.062
4.27980e-01,-0.061,0.064
4.27990e-01,-0.053,0.06
4.28000e-01,-0.057,0.06
4.28010e-01,-0.051,0.062
4.28020e-01,-0.055,0.062
4.28030e-01,-0.049,0.052
4.28040e-01,-0.057,0.064
4.28050e-01,-0.049,0.054
4.28060e-01,-0.059,0.062
4.28070e-01,-0.053,0.06
4.28080e-01,-0.061,0.06
4.28090e-01,-0.059,0.064
4.28100e-01,-0.051,0.058
4.28110e-01,-0.059,0.064
4.28120e-01,-0.057,0.062
4.28130e-01,-0.057,0.062
4.28140e-01,-0.055,0.058
4.28150e-01,-0.061,0.066
4.28160e-01,-0.057,0.06
4.28170e-01,-0.059,0.064
4.28180e-01,-0.063,0.06
4.28190e-01,-0.059,0.062
4.28200e-01,-0.061,0.062
4.28210e-01,-0.059,0.066
4.28220e-01,-0.047,0.056
4.28230e-01,-0.059,0.062
4.28240e-01,-0.053,0.06
4.28250e-01,-0.059,0.06
4.28260e-01,-0.055,0.056
4.28270e-01,-0.059,0.056
4.28280e-01,-0.055,0.06
4.28290e-01,-0.055,0.062
4.28300e-01,-0.043,0.048
4.28310e-01,-0.059,0.06
4.28320e-01,-0.055,0.06
4.28330e-01,-0.059,0.064
4.28340e-01,-0.061,0.066
4.28350e-01,-0.057,0.062
4.28360e-01,-0.059,0.064
4.28370e-01,-0.059,0.064
4.28380e-01,-0.059,0.064
4.28390e-01,-0.059,0.06
4.28400e-01,-0.061,0.066
4.28410e-01,-0.059,0.062
4.28420e-01,-0.055,0.06
4.28430e-01,-0.061,0.06
4.28440e-01,-0.059,0.06
4.28450e-01,-0.063,0.064
4.28460e-01,-0.063,0.064
4.28470e-01,-0.051,0.058
4.28480e-01,-0.055,0.064
4.28490e-01,-0.057,0.06
4.28500e-01,-0.053,0.06
4.28510e-01,-0.053,0.06
4.28520e-01,-0.057,0.06
4.28530e-01,-0.057,0.062
4.28540e-01,-0.055,0.06
4.28550e-01,-0.055,0.062
4.28560e-01,-0.059,0.062
4.28570e-01,-0.059,0.062
4.28580e-01,-0.059,0.064
4.28590e-01,-0.055,0.06
4.28600e-01,-0.043,0.048
4.28610e-01,-0.055,0.064
4.28620e-01,-0.049,0.06
4.28630e-01,-0.059,0.06
4.28640e-01,-0.055,0.062
4.28650e-01,-0.059,0.064
4.28660e-01,-0.059,0.064
4.28670e-01,-0.053,0.06
4.28680e-01,-0.059,0.062
4.28690e-01,-0.055,0.06
4.28700e-01,-0.059,0.062
4.28710e-01,-0.051,0.056
4.28720e-01,-0.059,0.066
4.28730e-01,-0.049,0.056
4.28740e-01,-0.057,0.062
4.28750e-01,-0.059,0.064
4.28760e-01,-0.057,0.062
4.28770e-01,-0.059,0.064
4.28780e-01,-0.061,0.066
4.28790e-01,-0.057,0.062
4.28800e-01,-0.059,0.064
4.28810e-01,-0.053,0.056
4.28820e-01,-0.055,0.062
4.28830e-01,-0.053,0.06
4.28840e-01,-0.047,0.054
4.28850e-01,-0.053,0.06
4.28860e-01,-0.045,0.054
4.28870e-01,-0.059,0.062
4.28880e-01,-0.047,0.052
4.28890e-01,-0.059,0.06
4.28900e-01,-0.051,0.058
4.28910e-01,-0.061,0.062
4.28920e-01,-0.059,0.064
4.28930e-01,-0.057,0.06
4.28940e-01,-0.057,0.062
4.28950e-01,-0.051,0.054
4.28960e-01,-0.059,0.062
4.28970e-01,-0.061,0.062
4.28980e-01,-0.057,0.062
4.28990e-01,-0.059,0.064
4.29000e-01,-0.053,0.06
4.29010e-01,-0.057,0.064
4.29020e-01,-0.057,0.06
4.29030e-01,-0.057,0.06
4.29040e-01,-0.049,0.06
4.29050e-01,-0.061,0.068
4.29060e-01,-0.041,0.048
4.29070e-01,-0.059,0.06
4.29080e-01,-0.047,0.05
4.29090e-01,-0.057,0.064
4.29100e-01,-0.057,0.06
4.29110e-01,-0.059,0.062
4.29120e-01,-0.043,0.052
4.29130e-01,-0.059,0.062
4.29140e-01,-0.055,0.06
4.29150e-01,-0.055,0.06
4.29160e-01,-0.055,0.062
4.29170e-01,-0.057,0.06
4.29180e-01,-0.053,0.06
4.29190e-01,-0.061,0.062
4.29200e-01,-0.051,0.058
4.29210e-01,-0.059,0.062
4.29220e-01,-0.053,0.056
4.29230e-01,-0.061,0.064
4.29240e-01,-0.055,0.06
4.29250e-01,-0.059,0.066
4.29260e-01,-0.055,0.058
4.29270e-01,-0.059,0.064
4.29280e-01,-0.055,0.06
4.29290e-01,-0.059,0.064
4.29300e-01,-0.053,0.058
4.29310e-01,-0.055,0.064
4.29320e-01,-0.053,0.06
4.29330e-01,-0.059,0.06
4.29340e-01,-0.057,0.06
4.29350e-01,-0.059,0.064
4.29360e-01,-0.051,0.06
4.29370e-01,-0.053,0.06
4.29380e-01,-0.045,0.054
4.29390e-01,-0.059,0.062
4.29400e-01,-0.059,0.064
4.29410e-01,-0.059,0.06
4.29420e-01,-0.047,0.056
4.29430e-01,-0.055,0.058
4.29440e-01,-0.055,0.06
4.29450e-01,-0.057,0.06
4.29460e-01,-0.061,0.064
4.29470e-01,-0.061,0.064
4.29480e-01,-0.059,0.062
4.29490e-01,-0.059,0.066
4.29500e-01,-0.059,0.064
4.29510e-01,-0.053,0.06
4.29520e-01,-0.061,0.062
4.29530e-01,-0.061,0.062
4.29540e-01,-0.059,0.062
4.29550e-01,-0.059,0.064
4.29560e-01,-0.055,0.062
4.29570e-01,-0.061,0.066
4.29580e-01,-0.055,0.064
4.29590e-01,-0.057,0.062
4.29600e-01,-0.063,0.068
4.29610e-01,-0.053,0.062
4.29620e-01,-0.061,0.062
4.29630e-01,-0.063,0.066
4.29640e-01,-0.061,0.064
4.29650e-01,-0.059,0.064
4.29660e-01,-0.061,0.06
4.29670e-01,-0.051,0.058
4.29680e-01,-0.059,0.066
4.29690e-01,-0.051,0.06
4.29700e-01,-0.057,0.062
4.29710e-01,-0.057,0.062
4.29720e-01,-0.059,0.06
4.29730e-01,-0.049,0.058
4.29740e-01,-0.057,0.064
4.29750e-01,-0.049,0.056
4.29760e-01,-0.059,0.06
4.29770e-01,-0.057,0.064
4.29780e-01,-0.057,0.06
4.29790e-01,-0.047,0.052
4.29800e-01,-0.053,0.058
4.29810e-01,-0.043,0.046
4.29820e-01,-0.055,0.064
4.29830e-01,-0.053,0.06
4.29840e-01,-0.057,0.06
4.29850e-01,-0.061,0.062
4.29860e-01,-0.059,0.06
4.29870e-01,-0.057,0.064
4.29880e-01,-0.057,0.07
4.29890e-01,-0.061,0.064
4.29900e-01,-0.059,0.062
4.29910e-01,-0.055,0.062
4.29920e-01,-0.055,0.058
4.29930e-01,-0.059,0.064
4.29940e-01,-0.057,0.064
4.29950e-01,-0.057,0.064
4.29960e-01,-0.055,0.06
4.29970e-01,-0.053,0.06
4.29980e-01,-0.051,0.058
4.29990e-01,-0.061,0.062
4.30000e-01,-0.055,0.06
4.30010e-01,-0.051,0.058
4.30020e-01,-0.057,0.062
4.30030e-01,-0.059,0.064
4.30040e-01,-0.057,0.062
4.30050e-01,-0.061,0.062
4.30060e-01,-0.059,0.062
4.30070e-01,-0.057,0.06
4.30080e-01,-0.059,0.062
4.30090e-01,-0.059,0.062
4.30100e-01,-0.061,0.06
4.30110e-01,-0.059,0.064
4.30120e-01,-0.055,0.06
4.30130e-01,-0.061,0.064
4.30140e-01,-0.061,0.06
4.30150e-01,-0.061,0.066
4.30160e-01,-0.059,0.062
4.30170e-01,-0.057,0.062
4.30180e-01,-0.055,0.06
4.30190e-01,-0.059,0.064
4.30200e-01,-0.059,0.062
4.30210e-01,-0.061,0.066
4.30220e-01,-0.051,0.056
4.30230e-01,-0.061,0.064
4.30240e-01,-0.053,0.056
4.30250e-01,-0.057,0.06
4.30260e-01,-0.059,0.064
4.30270e-01,-0.053,0.06
4.30280e-01,-0.057,0.062
4.30290e-01,-0.059,0.06
4.30300e-01,-0.057,0.062
4.30310e-01,-0.059,0.062
4.30320e-01,-0.059,0.064
4.30330e-01,-0.059,0.062
4.30340e-01,-0.059,0.062
4.30350e-01,-0.061,0.066
4.30360e-01,-0.061,0.064
4.30370e-01,-0.061,0.062
4.30380e-01,-0.061,0.062
4.30390e-01,-0.059,0.064
4.30400e-01,-0.059,0.066
4.30410e-01,-0.061,0.064
4.30420e-01,-0.057,0.066
4.30430e-01,-0.061,0.064
4.30440e-01,-0.061,0.068
4.30450e-01,-0.055,0.062
4.30460e-01,-0.055,0.06
4.30470e-01,-0.055,0.06
4.30480e-01,-0.057,0.066
4.30490e-01,-0.063,0.064
4.30500e-01,-0.057,0.062
4.30510e-01,-0.059,0.06
4.30520e-01,-0.055,0.056
4.30530e-01,-0.055,0.058
4.30540e-01,-0.061,0.068
4.30550e-01,-0.059,0.062
4.30560e-01,-0.057,0.06
4.30570e-01,-0.057,0.062
4.30580e-01,-0.053,0.06
4.30590e-01,-0.063,0.064
4.30600e-01,-0.057,0.064
4.30610e-01,-0.055,0.06
4.30620e-01,-0.057,0.064
4.30630e-01,-0.059,0.066
4.30640e-01,-0.059,0.066
4.30650e-01,-0.059,0.064
4.30660e-01,-0.059,0.064
4.30670e-01,-0.055,0.058
4.30680e-01,-0.057,0.062
4.30690e-01,-0.057,0.062
4.30700e-01,-0.055,0.06
4.30710e-01,-0.043,0.05
4.30720e-01,-0.057,0.064
4.30730e-01,-0.057,0.062
4.30740e-01,-0.055,0.06
4.30750e-01,-0.057,0.064
4.30760e-01,-0.057,0.062
4.30770e-01,-0.059,0.062
4.30780e-01,-0.059,0.058
4.30790e-01,-0.057,0.064
4.30800e-01,-0.053,0.058
4.30810e-01,-0.059,0.064
4.30820e-01,-0.053,0.054
4.30830e-01,-0.059,0.062
4.30840e-01,-0.055,0.058
4.30850e-01,-0.059,0.06
4.30860e-01,-0.057,0.06
4.30870e-01,-0.059,0.064
4.30880e-01,-0.055,0.062
4.30890e-01,-0.057,0.062
4.30900e-01,-0.057,0.062
4.30910e-01,-0.059,0.064
4.30920e-01,-0.059,0.066
4.30930e-01,-0.053,0.062
4.30940e-01,-0.059,0.064
4.30950e-01,-0.043,0.05
4.30960e-01,-0.059,0.062
4.30970e-01,-0.055,0.06
4.30980e-01,-0.059,0.064
4.30990e-01,-0.061,0.064
4.31000e-01,-0.059,0.064
4.31010e-01,-0.057,0.066
4.31020e-01,-0.057,0.06
4.31030e-01,-0.049,0.054
4.31040e-01,-0.059,0.064
4.31050e-01,-0.049,0.06
4.31060e-01,-0.053,0.06
4.31070e-01,-0.047,0.056
4.31080e-01,-0.059,0.064
4.31090e-01,-0.059,0.064
4.31100e-01,-0.057,0.062
4.31110e-01,-0.057,0.064
4.31120e-01,-0.059,0.062
4.31130e-01,-0.059,0.062
4.31140e-01,-0.059,0.064
4.31150e-01,-0.059,0.06
4.31160e-01,-0.057,0.064
4.31170e-01,-0.057,0.062
4.31180e-01,-0.053,0.062
4.31190e-01,-0.059,0.06
4.31200e-01,-0.055,0.062
4.31210e-01,-0.059,0.062
4.31220e-01,-0.059,0.064
4.31230e-01,-0.057,0.06
4.31240e-01,-0.055,0.06
4.31250e-01,-0.061,0.062
4.31260e-01,-0.061,0.062
4.31270e-01,-0.057,0.064
4.31280e-01,-0.059,0.06
4.31290e-01,-0.059,0.06
4.31300e-01,-0.051,0.052
4.31310e-01,-0.057,0.066
4.31320e-01,-0.053,0.058
4.31330e-01,-0.053,0.058
4.31340e-01,-0.043,0.05
4.31350e-01,-0.057,0.062
4.31360e-01,-0.055,0.062
4.31370e-01,-0.059,0.062
4.31380e-01,-0.059,0.064
4.31390e-01,-0.061,0.064
4.31400e-01,-0.059,0.064
4.31410e-01,-0.057,0.062
4.31420e-01,-0.061,0.064
4.31430e-01,-0.061,0.066
4.31440e-01,-0.061,0.062
4.31450e-01,-0.057,0.066
4.31460e-01,-0.055,0.06
4.31470e-01,-0.049,0.058
4.31480e-01,-0.059,0.064
4.31490e-01,-0.055,0.06
4.31500e-01,-0.055,0.06
4.31510e-01,-0.059,0.064
4.31520e-01,-0.051,0.058
4.31530e-01,-0.059,0.066
4.31540e-01,-0.057,0.062
4.31550e-01,-0.055,0.066
4.31560e-01,-0.059,0.064
4.31570e-01,-0.059,0.062
4.31580e-01,-0.061,0.066
4.31590e-01,-0.061,0.064
4.31600e-01,-0.061,0.064
4.31610e-01,-0.055,0.062
4.31620e-01,-0.059,0.062
4.31630e-01,-0.055,0.062
4.31640e-01,-0.059,0.062
4.31650e-01,-0.057,0.062
4.31660e-01,-0.059,0.064
4.31670e-01,-0.055,0.06
4.31680e-01,-0.055,0.064
4.31690e-01,-0.057,0.06
4.31700e-01,-0.063,0.06
4.31710e-01,-0.061,0.06
4.31720e-01,-0.055,0.06
4.31730e-01,-0.055,0.058
4.31740e-01,-0.061,0.064
4.31750e-01,-0.059,0.062
4.31760e-01,-0.055,0.06
4.31770e-01,-0.059,0.064
4.31780e-01,-0.053,0.06
4.31790e-01,-0.059,0.062
4.31800e-01,-0.055,0.06
4.31810e-01,-0.055,0.062
4.31820e-01,-0.051,0.056
4.31830e-01,-0.059,0.06
4.31840e-01,-0.059,0.064
4.31850e-01,-0.057,0.06
4.31860e-01,-0.055,0.064
4.31870e-01,-0.053,0.06
4.31880e-01,-0.059,0.064
4.31890e-01,-0.063,0.066
4.31900e-01,-0.059,0.06
4.31910e-01,-0.051,0.058
4.31920e-01,-0.057,0.062
4.31930e-01,-0.057,0.06
4.31940e-01,-0.055,0.06
4.31950e-01,-0.061,0.066
4.31960e-01,-0.059,0.064
4.31970e-01,-0.055,0.064
4.31980e-01,-0.061,0.06
4.31990e-01,-0.055,0.054
4.32000e-01,-0.049,0.056
4.32010e-01,-0.043,0.05
4.32020e-01,-0.055,0.062
4.32030e-01,-0.057,0.06
4.32040e-01,-0.059,0.064
4.32050e-01,-0.055,0.06
4.32060e-01,-0.051,0.056
4.32070e-01,-0.057,0.066
4.32080e-01,-0.053,0.058
4.32090e-01,-0.057,0.062
4.32100e-01,-0.061,0.064
4.32110e-01,-0.055,0.066
4.32120e-01,-0.061,0.064
4.32130e-01,-0.059,0.064
4.32140e-01,-0.059,0.064
4.32150e-01,-0.059,0.06
4.32160e-01,-0.059,0.062
4.32170e-01,-0.059,0.066
4.32180e-01,-0.055,0.06
4.32190e-01,-0.059,0.062
4.32200e-01,-0.057,0.058
4.32210e-01,-0.055,0.062
4.32220e-01,-0.049,0.054
4.32230e-01,-0.057,0.064
4.32240e-01,-0.055,0.064
4.32250e-01,-0.059,0.064
4.32260e-01,-0.053,0.058
4.32270e-01,-0.059,0.062
4.32280e-01,-0.059,0.06
4.32290e-01,-0.061,0.062
4.32300e-01,-0.061,0.068
4.32310e-01,-0.055,0.06
4.32320e-01,-0.053,0.062
4.32330e-01,-0.059,0.06
4.32340e-01,-0.061,0.062
4.32350e-01,-0.059,0.066
4.32360e-01,-0.053,0.058
4.32370e-01,-0.061,0.062
4.32380e-01,-0.053,0.06
4.32390e-01,-0.059,0.064
4.32400e-01,-0.057,0.06
4.32410e-01,-0.059,0.06
4.32420e-01,-0.059,0.064
4.32430e-01,-0.061,0.062
4.32440e-01,-0.055,0.058
4.32450e-01,-0.053,0.06
4.32460e-01,-0.059,0.062
4.32470e-01,-0.055,0.064
4.32480e-01,-0.061,0.062
4.32490e-01,-0.061,0.066
4.32500e-01,-0.059,0.062
4.32510e-01,-0.063,0.064
4.32520e-01,-0.057,0.062
4.32530e-01,-0.055,0.064
4.32540e-01,-0.055,0.06
4.32550e-01,-0.061,0.068
4.32560e-01,-0.059,0.064
4.32570e-01,-0.057,0.062
4.32580e-01,-0.059,0.062
4.32590e-01,-0.059,0.064
4.32600e-01,-0.049,0.054
4.32610e-01,-0.055,0.06
4.32620e-01,-0.039,0.05
4.32630e-01,-0.055,0.064
4.32640e-01,-0.059,0.064
4.32650e-01,-0.059,0.06
4.32660e-01,-0.061,0.064
4.32670e-01,-0.055,0.062
4.32680e-01,-0.059,0.06
4.32690e-01,-0.057,0.06
4.32700e-01,-0.061,0.062
4.32710e-01,-0.055,0.06
4.32720e-01,-0.063,0.064
4.32730e-01,-0.059,0.06
4.32740e-01,-0.055,0.06
4.32750e-01,-0.057,0.06
4.32760e-01,-0.059,0.062
4.32770e-01,-0.045,0.054
4.32780e-01,-0.057,0.064
4.32790e-01,-0.053,0.06
4.32800e-01,-0.059,0.06
4.32810e-01,-0.055,0.06
4.32820e-01,-0.061,0.064
4.32830e-01,-0.061,0.064
4.32840e-01,-0.061,0.064
4.32850e-01,-0.055,0.062
4.32860e-01,-0.055,0.062
4.32870e-01,-0.059,0.062
4.32880e-01,-0.059,0.06
4.32890e-01,-0.061,0.062
4.32900e-01,-0.063,0.062
4.32910e-01,-0.059,0.06
4.32920e-01,-0.059,0.058
4.32930e-01,-0.061,0.064
4.32940e-01,-0.061,0.06
4.32950e-01,-0.057,0.06
4.32960e-01,-0.043,0.054
4.32970e-01,-0.043,0.052
4.32980e-01,-0.035,0.042
4.32990e-01,-0.059,0.062
4.33000e-01,-0.063,0.066
4.33010e-01,-0.059,0.064
4.33020e-01,-0.059,0.066
4.33030e-01,-0.059,0.06
4.33040e-01,-0.059,0.064
4.33050e-01,-0.059,0.062
4.33060e-01,-0.057,0.06
4.33070e-01,-0.059,0.064
4.33080e-01,-0.057,0.064
4.33090e-01,-0.051,0.052
4.33100e-01,-0.061,0.06
4.33110e-01,-0.053,0.058
4.33120e-01,-0.061,0.064
4.33130e-01,-0.059,0.066
4.33140e-01,-0.057,0.06
4.33150e-01,-0.061,0.066
4.33160e-01,-0.051,0.052
4.33170e-01,-0.055,0.06
4.33180e-01,-0.051,0.054
4.33190e-01,-0.059,0.066
4.33200e-01,-0.055,0.06
4.33210e-01,-0.061,0.064
4.33220e-01,-0.059,0.062
4.33230e-01,-0.059,0.06
4.33240e-01,-0.059,0.06
4.33250e-01,-0.061,0.06
4.33260e-01,-0.057,0.062
4.33270e-01,-0.061,0.06
4.33280e-01,-0.051,0.058
4.33290e-01,-0.059,0.06
4.33300e-01,-0.063,0.064
4.33310e-01,-0.059,0.06
4.33320e-01,-0.061,0.064
4.33330e-01,-0.057,0.062
4.33340e-01,-0.057,0.068
4.33350e-01,-0.057,0.06
4.33360e-01,-0.051,0.054
4.33370e-01,-0.059,0.066
4.33380e-01,-0.057,0.06
4.33390e-01,-0.057,0.064
4.33400e-01,-0.059,0.066
4.33410e-01,-0.059,0.06
4.33420e-01,-0.059,0.06
4.33430e-01,-0.059,0.064
4.33440e-01,-0.057,0.062
4.33450e-01,-0.059,0.062
4.33460e-01,-0.061,0.064
4.33470e-01,-0.059,0.062
4.33480e-01,-0.057,0.062
4.33490e-01,-0.057,0.064
4.33500e-01,-0.059,0.06
4.33510e-01,-0.053,0.058
4.33520e-01,-0.049,0.056
4.33530e-01,-0.047,0.056
4.33540e-01,-0.057,0.06
4.33550e-01,-0.059,0.062
4.33560e-01,-0.057,0.064
4.33570e-01,-0.053,0.06
4.33580e-01,-0.047,0.054
4.33590e-01,-0.047,0.048
4.33600e-01,-0.055,0.06
4.33610e-01,-0.055,0.062
4.33620e-01,-0.061,0.064
4.33630e-01,-0.057,0.064
4.33640e-01,-0.057,0.064
4.33650e-01,-0.057,0.062
4.33660e-01,-0.059,0.062
4.33670e-01,-0.061,0.064
4.33680e-01,-0.053,0.062
4.33690e-01,-0.055,0.062
4.33700e-01,-0.057,0.066
4.33710e-01,-0.059,0.066
4.33720e-01,-0.059,0.064
4.33730e-01,-0.061,0.062
4.33740e-01,-0.063,0.062
4.33750e-01,-0.061,0.064
4.33760e-01,-0.061,0.064
4.33770e-01,-0.059,0.062
4.33780e-01,-0.059,0.064
4.33790e-01,-0.061,0.064
4.33800e-01,-0.055,0.062
4.33810e-01,-0.059,0.064
4.33820e-01,-0.063,0.062
4.33830e-01,-0.061,0.064
4.33840e-01,-0.061,0.062
4.33850e-01,-0.055,0.062
4.33860e-01,-0.057,0.064
4.33870e-01,-0.061,0.064
4.33880e-01,-0.059,0.064
4.33890e-01,-0.059,0.062
4.33900e-01,-0.055,0.062
4.33910e-01,-0.061,0.064
4.33920e-01,-0.051,0.06
4.33930e-01,-0.051,0.06
4.33940e-01,-0.051,0.06
4.33950e-01,-0.059,0.064
4.33960e-01,-0.059,0.064
4.33970e-01,-0.049,0.058
4.33980e-01,-0.055,0.056
4.33990e-01,-0.057,0.06
4.34000e-01,-0.059,0.064
4.34010e-01,-0.053,0.06
4.34020e-01,-0.055,0.06
4.34030e-01,-0.061,0.066
4.34040e-01,-0.059,0.062
4.34050e-01,-0.059,0.062
4.34060e-01,-0.061,0.064
4.34070e-01,-0.059,0.064
4.34080e-01,-0.059,0.064
4.34090e-01,-0.057,0.062
4.34100e-01,-0.061,0.062
4.34110e-01,-0.059,0.068
4.34120e-01,-0.061,0.064
4.34130e-01,-0.057,0.06
4.34140e-01,-0.059,0.064
4.34150e-01,-0.053,0.058
4.34160e-01,-0.059,0.06
4.34170e-01,-0.053,0.06
4.34180e-01,-0.051,0.056
4.34190e-01,-0.049,0.058
4.34200e-01,-0.057,0.06
4.34210e-01,-0.053,0.058
4.34220e-01,-0.055,0.062
4.34230e-01,-0.055,0.056
4.34240e-01,-0.053,0.06
4.34250e-01,-0.043,0.052
4.34260e-01,-0.055,0.062
4.34270e-01,-0.057,0.062
4.34280e-01,-0.043,0.05
4.34290e-01,-0.053,0.06
4.34300e-01,-0.047,0.052
4.34310e-01,-0.059,0.064
4.34320e-01,-0.053,0.062
4.34330e-01,-0.059,0.062
4.34340e-01,-0.051,0.054
4.34350e-01,-0.051,0.054
4.34360e-01,-0.059,0.062
4.34370e-01,-0.059,0.062
4.34380e-01,-0.057,0.062
4.34390e-01,-0.053,0.058
4.34400e-01,-0.055,0.06
4.34410e-01,-0.053,0.06
4.34420e-01,-0.051,0.054
4.34430e-01,-0.039,0.048
4.34440e-01,-0.045,0.054
4.34450e-01,-0.051,0.058
4.34460e-01,-0.059,0.062
4.34470e-01,-0.059,0.06
4.34480e-01,-0.059,0.066
4.34490e-01,-0.059,0.062
4.34500e-01,-0.055,0.06
4.34510e-01,-0.059,0.06
4.34520e-01,-0.061,0.066
4.34530e-01,-0.061,0.062
4.34540e-01,-0.051,0.056
4.34550e-01,-0.059,0.062
4.34560e-01,-0.053,0.06
4.34570e-01,-0.057,0.066
4.34580e-01,-0.057,0.06
4.34590e-01,-0.049,0.054
4.34600e-01,-0.055,0.06
4.34610e-01,-0.055,0.054
4.34620e-01,-0.055,0.062
4.34630e-01,-0.057,0.06
4.34640e-01,-0.053,0.058
4.34650e-01,-0.059,0.06
4.34660e-01,-0.055,0.06
4.34670e-01,-0.059,0.064
4.34680e-01,-0.057,0.064
4.34690e-01,-0.063,0.064
4.34700e-01,-0.061,0.062
4.34710e-01,-0.055,0.058
4.34720e-01,-0.055,0.06
4.34730e-01,-0.053,0.058
4.34740e-01,-0.047,0.056
4.34750e-01,-0.053,0.06
4.34760e-01,-0.059,0.066
4.34770e-01,-0.061,0.062
4.34780e-01,-0.057,0.066
4.34790e-01,-0.063,0.064
4.34800e-01,-0.057,0.064
4.34810e-01,-0.059,0.064
4.34820e-01,-0.061,0.064
4.34830e-01,-0.057,0.064
4.34840e-01,-0.061,0.064
4.34850e-01,-0.059,0.062
4.34860e-01,-0.059,0.06
4.34870e-01,-0.055,0.064
4.34880e-01,-0.057,0.062
4.34890e-01,-0.059,0.064
4.34900e-01,-0.057,0.06
4.34910e-01,-0.061,0.064
4.34920e-01,-0.059,0.062
4.34930e-01,-0.063,0.06
4.34940e-01,-0.055,0.06
4.34950e-01,-0.057,0.062
4.34960e-01,-0.047,0.054
4.34970e-01,-0.055,0.062
4.34980e-01,-0.059,0.062
4.34990e-01,-0.057,0.064
4.35000e-01,-0.059,0.062
4.35010e-01,-0.061,0.064
4.35020e-01,-0.059,0.064
4.35030e-01,-0.055,0.062
4.35040e-01,-0.059,0.068
4.35050e-01,-0.057,0.064
4.35060e-01,-0.057,0.064
4.35070e-01,-0.057,0.062
4.35080e-01,-0.061,0.064
4.35090e-01,-0.061,0.06
4.35100e-01,-0.061,0.064
4.35110e-01,-0.059,0.06
4.35120e-01,-0.061,0.062
4.35130e-01,-0.061,0.062
4.35140e-01,-0.061,0.064
4.35150e-01,-0.057,0.062
4.35160e-01,-0.061,0.062
4.35170e-01,-0.059,0.066
4.35180e-01,-0.057,0.064
4.35190e-01,-0.063,0.06
4.35200e-01,-0.057,0.064
4.35210e-01,-0.057,0.06
4.35220e-01,-0.059,0.064
4.35230e-01,-0.053,0.06
4.35240e-01,-0.055,0.06
4.35250e-01,-0.049,0.054
4.35260e-01,-0.053,0.058
4.35270e-01,-0.043,0.05
4.35280e-01,-0.059,0.062
4.35290e-01,-0.057,0.066
4.35300e-01,-0.047,0.058
4.35310e-01,-0.059,0.064
4.35320e-01,-0.059,0.064
4.35330e-01,-0.063,0.064
4.35340e-01,-0.059,0.064
4.35350e-01,-0.051,0.06
4.35360e-01,-0.055,0.06
4.35370e-01,-0.057,0.06
4.35380e-01,-0.047,0.048
4.35390e-01,-0.051,0.058
4.35400e-01,-0.055,0.06
4.35410e-01,-0.053,0.06
4.35420e-01,-0.057,0.062
4.35430e-01,-0.059,0.064
4.35440e-01,-0.057,0.06
4.35450e-01,-0.057,0.06
4.35460e-01,-0.057,0.06
4.35470e-01,-0.047,0.054
4.35480e-01,-0.057,0.06
4.35490e-01,-0.061,0.062
4.35500e-01,-0.051,0.058
4.35510e-01,-0.047,0.054
4.35520e-01,-0.059,0.062
4.35530e-01,-0.059,0.064
4.35540e-01,-0.059,0.064
4.35550e-01,-0.063,0.062
4.35560e-01,-0.061,0.064
4.35570e-01,-0.059,0.064
4.35580e-01,-0.057,0.064
4.35590e-01,-0.059,0.064
4.35600e-01,-0.063,0.064
4.35610e-01,-0.057,0.06
4.35620e-01,-0.059,0.064
4.35630e-01,-0.059,0.06
4.35640e-01,-0.061,0.066
4.35650e-01,-0.053,0.058
4.35660e-01,-0.061,0.068
4.35670e-01,-0.059,0.064
4.35680e-01,-0.059,0.062
4.35690e-01,-0.059,0.066
4.35700e-01,-0.061,0.064
4.35710e-01,-0.059,0.064
4.35720e-01,-0.065,0.06
4.35730e-01,-0.061,0.062
4.35740e-01,-0.053,0.06
4.35750e-01,-0.059,0.06
4.35760e-01,-0.061,0.062
4.35770e-01,-0.057,0.062
4.35780e-01,-0.059,0.062
4.35790e-01,-0.057,0.062
4.35800e-01,-0.057,0.064
4.35810e-01,-0.059,0.062
4.35820e-01,-0.059,0.064
4.35830e-01,-0.059,0.062
4.35840e-01,-0.057,0.064
4.35850e-01,-0.057,0.064
4.35860e-01,-0.061,0.064
4.35870e-01,-0.055,0.064
4.35880e-01,-0.059,0.062
4.35890e-01,-0.053,0.06
4.35900e-01,-0.057,0.06
4.35910e-01,-0.061,0.066
4.35920e-01,-0.059,0.06
4.35930e-01,-0.059,0.064
4.35940e-01,-0.055,0.062
4.35950e-01,-0.057,0.062
4.35960e-01,-0.059,0.064
4.35970e-01,-0.055,0.058
4.35980e-01,-0.057,0.06
4.35990e-01,-0.053,0.06
4.36000e-01,-0.057,0.06
4.36010e-01,-0.055,0.062
4.36020e-01,-0.057,0.058
4.36030e-01,-0.051,0.054
4.36040e-01,-0.043,0.046
4.36050e-01,-0.035,0.042
4.36060e-01,-0.051,0.058
4.36070e-01,-0.061,0.062
4.36080e-01,-0.055,0.064
4.36090e-01,-0.059,0.062
4.36100e-01,-0.057,0.064
4.36110e-01,-0.059,0.062
4.36120e-01,-0.059,0.064
4.36130e-01,-0.057,0.06
4.36140e-01,-0.061,0.064
4.36150e-01,-0.059,0.066
4.36160e-01,-0.063,0.064
4.36170e-01,-0.061,0.062
4.36180e-01,-0.057,0.064
4.36190e-01,-0.057,0.06
4.36200e-01,-0.057,0.066
4.36210e-01,-0.061,0.066
4.36220e-01,-0.059,0.062
4.36230e-01,-0.061,0.062
4.36240e-01,-0.057,0.068
4.36250e-01,-0.055,0.06
4.36260e-01,-0.053,0.062
4.36270e-01,-0.059,0.06
4.36280e-01,-0.055,0.058
4.36290e-01,-0.059,0.06
4.36300e-01,-0.055,0.066
4.36310e-01,-0.057,0.064
4.36320e-01,-0.063,0.068
4.36330e-01,-0.059,0.066
4.36340e-01,-0.049,0.058
4.36350e-01,-0.061,0.064
4.36360e-01,-0.059,0.062
4.36370e-01,-0.059,0.064
4.36380e-01,-0.049,0.054
4.36390e-01,-0.055,0.062
4.36400e-01,-0.057,0.062
4.36410e-01,-0.051,0.056
4.36420e-01,-0.055,0.06
4.36430e-01,-0.057,0.06
4.36440e-01,-0.059,0.062
4.36450e-01,-0.061,0.062
4.36460e-01,-0.057,0.06
4.36470e-01,-0.055,0.06
4.36480e-01,-0.059,0.062
4.36490e-01,-0.059,0.062
4.36500e-01,-0.059,0.062
4.36510e-01,-0.059,0.064
4.36520e-01,-0.061,0.064
4.36530e-01,-0.057,0.064
4.36540e-01,-0.059,0.062
4.36550e-01,-0.059,0.06
4.36560e-01,-0.059,0.068
4.36570e-01,-0.057,0.06
4.36580e-01,-0.053,0.056
4.36590e-01,-0.051,0.058
4.36600e-01,-0.061,0.068
4.36610e-01,-0.061,0.06
4.36620e-01,-0.063,0.062
4.36630e-01,-0.061,0.064
4.36640e-01,-0.061,0.064
4.36650e-01,-0.055,0.06
4.36660e-01,-0.059,0.062
4.36670e-01,-0.057,0.06
4.36680e-01,-0.057,0.06
4.36690e-01,-0.059,0.064
4.36700e-01,-0.055,0.06
4.36710e-01,-0.059,0.064
4.36720e-01,-0.057,0.064
4.36730e-01,-0.059,0.064
4.36740e-01,-0.055,0.06
4.36750e-01,-0.059,0.064
4.36760e-01,-0.059,0.062
4.36770e-01,-0.057,0.064
4.36780e-01,-0.051,0.058
4.36790e-01,-0.055,0.06
4.36800e-01,-0.055,0.062
4.36810e-01,-0.059,0.062
4.36820e-01,-0.057,0.064
4.36830e-01,-0.059,0.062
4.36840e-01,-0.059,0.064
4.36850e-01,-0.059,0.064
4.36860e-01,-0.059,0.064
4.36870e-01,-0.057,0.064
4.36880e-01,-0.059,0.066
4.36890e-01,-0.065,0.062
4.36900e-01,-0.057,0.06
4.36910e-01,-0.053,0.056
4.36920e-01,-0.059,0.066
4.36930e-01,-0.057,0.064
4.36940e-01,-0.053,0.06
4.36950e-01,-0.057,0.062
4.36960e-01,-0.063,0.064
4.36970e-01,-0.055,0.06
4.36980e-01,-0.061,0.066
4.36990e-01,-0.053,0.056
4.37000e-01,-0.061,0.064
4.37010e-01,-0.053,0.056
4.37020e-01,-0.057,0.06
4.37030e-01,-0.059,0.062
4.37040e-01,-0.057,0.062
4.37050e-01,-0.059,0.062
4.37060e-01,-0.061,0.062
4.37070e-01,-0.055,0.058
4.37080e-01,-0.061,0.062
4.37090e-01,-0.051,0.058
4.37100e-01,-0.055,0.06
4.37110e-01,-0.055,0.058
4.37120e-01,-0.059,0.062
4.37130e-01,-0.051,0.06
4.37140e-01,-0.055,0.06
4.37150e-01,-0.061,0.064
4.37160e-01,-0.055,0.06
4.37170e-01,-0.059,0.06
4.37180e-01,-0.057,0.062
4.37190e-01,-0.057,0.062
4.37200e-01,-0.055,0.06
4.37210e-01,-0.061,0.064
4.37220e-01,-0.057,0.064
4.37230e-01,-0.051,0.058
4.37240e-01,-0.057,0.06
4.37250e-01,-0.059,0.06
4.37260e-01,-0.061,0.066
4.37270e-01,-0.059,0.064
4.37280e-01,-0.059,0.062
4.37290e-01,-0.057,0.064
4.37300e-01,-0.061,0.062
4.37310e-01,-0.061,0.064
4.37320e-01,-0.059,0.062
4.37330e-01,-0.059,0.064
4.37340e-01,-0.061,0.064
4.37350e-01,-0.063,0.064
4.37360e-01,-0.059,0.06
4.37370e-01,-0.059,0.064
4.37380e-01,-0.059,0.062
4.37390e-01,-0.061,0.068
4.37400e-01,-0.057,0.062
4.37410e-01,-0.059,0.064
4.37420e-01,-0.057,0.06
4.37430e-01,-0.061,0.064
4.37440e-01,-0.059,0.062
4.37450e-01,-0.065,0.06
4.37460e-01,-0.049,0.056
4.37470e-01,-0.059,0.062
4.37480e-01,-0.059,0.062
4.37490e-01,-0.059,0.064
4.37500e-01,-0.057,0.064
4.37510e-01,-0.061,0.062
4.37520e-01,-0.057,0.062
4.37530e-01,-0.061,0.062
4.37540e-01,-0.061,0.064
4.37550e-01,-0.057,0.062
4.37560e-01,-0.057,0.064
4.37570e-01,-0.059,0.06
4.37580e-01,-0.057,0.062
4.37590e-01,-0.053,0.06
4.37600e-01,-0.055,0.06
4.37610e-01,-0.059,0.06
4.37620e-01,-0.055,0.06
4.37630e-01,-0.059,0.062
4.37640e-01,-0.059,0.064
4.37650e-01,-0.051,0.058
4.37660e-01,-0.059,0.064
4.37670e-01,-0.055,0.056
4.37680e-01,-0.059,0.06
4.37690e-01,-0.059,0.062
4.37700e-01,-0.049,0.05
4.37710e-01,-0.063,0.064
4.37720e-01,-0.063,0.062
4.37730e-01,-0.049,0.054
4.37740e-01,-0.057,0.062
4.37750e-01,-0.059,0.06
4.37760e-01,-0.059,0.064
4.37770e-01,-0.055,0.06
4.37780e-01,-0.059,0.062
4.37790e-01,-0.055,0.062
4.37800e-01,-0.061,0.068
4.37810e-01,-0.057,0.064
4.37820e-01,-0.059,0.066
4.37830e-01,-0.059,0.066
4.37840e-01,-0.061,0.064
4.37850e-01,-0.055,0.062
4.37860e-01,-0.055,0.058
4.37870e-01,-0.055,0.066
4.37880e-01,-0.051,0.058
4.37890e-01,-0.057,0.062
4.37900e-01,-0.053,0.058
4.37910e-01,-0.059,0.062
4.37920e-01,-0.059,0.06
4.37930e-01,-0.057,0.06
4.37940e-01,-0.061,0.066
4.37950e-01,-0.059,0.064
4.37960e-01,-0.057,0.06
4.37970e-01,-0.059,0.064
4.37980e-01,-0.061,0.064
4.37990e-01,-0.061,0.064
4.38000e-01,-0.057,0.06
4.38010e-01,-0.057,0.06
4.38020e-01,-0.063,0.064
4.38030e-01,-0.063,0.066
4.38040e-01,-0.057,0.06
4.38050e-01,-0.059,0.064
4.38060e-01,-0.059,0.064
4.38070e-01,-0.053,0.058
4.38080e-01,-0.057,0.064
4.38090e-01,-0.059,0.06
4.38100e-01,-0.057,0.06
4.38110e-01,-0.061,0.062
4.38120e-01,-0.057,0.06
4.38130e-01,-0.059,0.062
4.38140e-01,-0.059,0.064
4.38150e-01,-0.061,0.066
4.38160e-01,-0.057,0.062
4.38170e-01,-0.059,0.064
4.38180e-01,-0.057,0.064
4.38190e-01,-0.063,0.064
4.38200e-01,-0.063,0.064
4.38210e-01,-0.055,0.06
4.38220e-01,-0.053,0.06
4.38230e-01,-0.059,0.064
4.38240e-01,-0.057,0.058
4.38250e-01,-0.061,0.062
4.38260e-01,-0.061,0.062
4.38270e-01,-0.055,0.06
4.38280e-01,-0.055,0.06
4.38290e-01,-0.055,0.06
4.38300e-01,-0.059,0.066
4.38310e-01,-0.053,0.06
4.38320e-01,-0.057,0.064
4.38330e-01,-0.057,0.062
4.38340e-01,-0.053,0.06
4.38350e-01,-0.055,0.06
4.38360e-01,-0.051,0.06
4.38370e-01,-0.059,0.062
4.38380e-01,-0.055,0.06
4.38390e-01,-0.053,0.058
4.38400e-01,-0.051,0.058
4.38410e-01,-0.061,0.06
4.38420e-01,-0.057,0.062
4.38430e-01,-0.057,0.06
4.38440e-01,-0.059,0.064
4.38450e-01,-0.057,0.062
4.38460e-01,-0.059,0.064
4.38470e-01,-0.055,0.058
4.38480e-01,-0.059,0.064
4.38490e-01,-0.045,0.054
4.38500e-01,-0.061,0.062
4.38510e-01,-0.053,0.06
4.38520e-01,-0.055,0.06
4.38530e-01,-0.057,0.062
4.38540e-01,-0.059,0.062
4.38550e-01,-0.061,0.064
4.38560e-01,-0.057,0.06
4.38570e-01,-0.059,0.06
4.38580e-01,-0.049,0.054
4.38590e-01,-0.059,0.062
4.38600e-01,-0.059,0.062
4.38610e-01,-0.059,0.064
4.38620e-01,-0.055,0.06
4.38630e-01,-0.055,0.056
4.38640e-01,-0.057,0.062
4.38650e-01,-0.057,0.062
4.38660e-01,-0.063,0.062
4.38670e-01,-0.055,0.062
4.38680e-01,-0.061,0.062
4.38690e-01,-0.057,0.06
4.38700e-01,-0.063,0.064
4.38710e-01,-0.059,0.064
4.38720e-01,-0.055,0.064
4.38730e-01,-0.059,0.064
4.38740e-01,-0.057,0.064
4.38750e-01,-0.051,0.06
4.38760e-01,-0.061,0.064
4.38770e-01,-0.039,0.046
4.38780e-01,-0.055,0.06
4.38790e-01,-0.043,0.05
4.38800e-01,-0.053,0.06
4.38810e-01,-0.057,0.06
4.38820e-01,-0.061,0.062
4.38830e-01,-0.057,0.062
4.38840e-01,-0.057,0.064
4.38850e-01,-0.061,0.064
4.38860e-01,-0.057,0.062
4.38870e-01,-0.057,0.064
4.38880e-01,-0.059,0.062
4.38890e-01,-0.057,0.066
4.38900e-01,-0.051,0.058
4.38910e-01,-0.061,0.064
4.38920e-01,-0.061,0.062
4.38930e-01,-0.055,0.06
4.38940e-01,-0.057,0.064
4.38950e-01,-0.059,0.064
4.38960e-01,-0.057,0.062
4.38970e-01,-0.059,0.062
4.38980e-01,-0.059,0.06
4.38990e-01,-0.055,0.064
4.39000e-01,-0.057,0.066
4.39010e-01,-0.059,0.064
4.39020e-01,-0.043,0.05
4.39030e-01,-0.061,0.064
4.39040e-01,-0.059,0.064
4.39050e-01,-0.057,0.062
4.39060e-01,-0.061,0.064
4.39070e-01,-0.055,0.058
4.39080e-01,-0.061,0.062
4.39090e-01,-0.057,0.062
4.39100e-01,-0.053,0.056
4.39110e-01,-0.063,0.062
4.39120e-01,-0.053,0.056
4.39130e-01,-0.059,0.064
4.39140e-01,-0.055,0.064
4.39150e-01,-0.057,0.062
4.39160e-01,-0.061,0.064
4.39170e-01,-0.061,0.06
4.39180e-01,-0.057,0.062
4.39190e-01,-0.057,0.06
4.39200e-01,-0.059,0.062
4.39210e-01,-0.057,0.06
4.39220e-01,-0.057,0.066
4.39230e-01,-0.061,0.062
4.39240e-01,-0.057,0.06
4.39250e-01,-0.047,0.058
4.39260e-01,-0.059,0.066
4.39270e-01,-0.059,0.062
4.39280e-01,-0.061,0.064
4.39290e-01,-0.059,0.062
4.39300e-01,-0.059,0.062
4.39310e-01,-0.055,0.058
4.39320e-01,-0.057,0.06
4.39330e-01,-0.057,0.062
4.39340e-01,-0.055,0.062
4.39350e-01,-0.059,0.06
4.39360e-01,-0.055,0.062
4.39370e-01,-0.057,0.062
4.39380e-01,-0.055,0.058
4.39390e-01,-0.057,0.058
4.39400e-01,-0.057,0.062
4.39410e-01,-0.057,0.064
4.39420e-01,-0.059,0.066
4.39430e-01,-0.059,0.064
4.39440e-01,-0.059,0.06
4.39450e-01,-0.059,0.064
4.39460e-01,-0.059,0.064
4.39470e-01,-0.055,0.064
4.39480e-01,-0.059,0.064
4.39490e-01,-0.057,0.06
4.39500e-01,-0.061,0.064
4.39510e-01,-0.055,0.06
4.39520e-01,-0.059,0.064
4.39530e-01,-0.055,0.06
4.39540e-01,-0.061,0.064
4.39550e-01,-0.059,0.064
4.39560e-01,-0.059,0.062
4.39570e-01,-0.059,0.066
4.39580e-01,-0.057,0.066
4.39590e-01,-0.049,0.056
4.39600e-01,-0.057,0.064
4.39610e-01,-0.055,0.058
4.39620e-01,-0.061,0.064
4.39630e-01,-0.055,0.062
4.39640e-01,-0.057,0.064
4.39650e-01,-0.059,0.064
4.39660e-01,-0.059,0.066
4.39670e-01,-0.055,0.062
4.39680e-01,-0.065,0.062
4.39690e-01,-0.063,0.064
4.39700e-01,-0.055,0.062
4.39710e-01,-0.061,0.064
4.39720e-01,-0.057,0.066
4.39730e-01,-0.065,0.064
4.39740e-01,-0.057,0.064
4.39750e-01,-0.053,0.058
4.39760e-01,-0.057,0.06
4.39770e-01,-0.057,0.06
4.39780e-01,-0.047,0.054
4.39790e-01,-0.047,0.056
4.39800e-01,-0.059,0.062
4.39810e-01,-0.059,0.062
4.39820e-01,-0.057,0.064
4.39830e-01,-0.061,0.064
4.39840e-01,-0.061,0.064
4.39850e-01,-0.061,0.064
4.39860e-01,-0.053,0.06
4.39870e-01,-0.057,0.062
4.39880e-01,-0.059,0.064
4.39890e-01,-0.059,0.064
4.39900e-01,-0.059,0.06
4.39910e-01,-0.061,0.064
4.39920e-01,-0.053,0.06
4.39930e-01,-0.055,0.056
4.39940e-01,-0.061,0.064
4.39950e-01,-0.063,0.064
4.39960e-01,-0.059,0.064
4.39970e-01,-0.059,0.064
4.39980e-01,-0.057,0.064
4.39990e-01,-0.061,0.064
4.40000e-01,-0.057,0.06
4.40010e-01,-0.061,0.064
4.40020e-01,-0.051,0.06
4.40030e-01,-0.057,0.062
4.40040e-01,-0.055,0.06
4.40050e-01,-0.061,0.064
4.40060e-01,-0.053,0.06
4.40070e-01,-0.063,0.064
4.40080e-01,-0.059,0.062
4.40090e-01,-0.059,0.064
4.40100e-01,-0.057,0.06
4.40110e-01,-0.059,0.064
4.40120e-01,-0.057,0.06
4.40130e-01,-0.059,0.064
4.40140e-01,-0.065,0.064
4.40150e-01,-0.059,0.06
4.40160e-01,-0.055,0.06
4.40170e-01,-0.061,0.06
4.40180e-01,-0.051,0.056
4.40190e-01,-0.061,0.06
4.40200e-01,-0.041,0.046
4.40210e-01,-0.059,0.064
4.40220e-01,-0.055,0.058
4.40230e-01,-0.055,0.06
4.40240e-01,-0.055,0.06
4.40250e-01,-0.061,0.066
4.40260e-01,-0.061,0.064
4.40270e-01,-0.059,0.062
4.40280e-01,-0.055,0.062
4.40290e-01,-0.059,0.06
4.40300e-01,-0.061,0.066
4.40310e-01,-0.059,0.062
4.40320e-01,-0.059,0.064
4.40330e-01,-0.051,0.06
4.40340e-01,-0.059,0.062
4.40350e-01,-0.063,0.064
4.40360e-01,-0.057,0.06
4.40370e-01,-0.061,0.06
4.40380e-01,-0.059,0.066
4.40390e-01,-0.059,0.064
4.40400e-01,-0.057,0.06
4.40410e-01,-0.057,0.06
4.40420e-01,-0.061,0.064
4.40430e-01,-0.053,0.06
4.40440e-01,-0.059,0.064
4.40450e-01,-0.057,0.06
4.40460e-01,-0.059,0.064
4.40470e-01,-0.055,0.058
4.40480e-01,-0.057,0.064
4.40490e-01,-0.059,0.066
4.40500e-01,-0.061,0.066
4.40510e-01,-0.061,0.064
4.40520e-01,-0.057,0.062
4.40530e-01,-0.059,0.064
4.40540e-01,-0.059,0.062
4.40550e-01,-0.059,0.062
4.40560e-01,-0.055,0.062
4.40570e-01,-0.059,0.066
4.40580e-01,-0.057,0.06
4.40590e-01,-0.059,0.064
4.40600e-01,-0.059,0.058
4.40610e-01,-0.063,0.064
4.40620e-01,-0.055,0.06
4.40630e-01,-0.061,0.062
4.40640e-01,-0.051,0.054
4.40650e-01,-0.057,0.064
4.40660e-01,-0.051,0.056
4.40670e-01,-0.057,0.06
4.40680e-01,-0.059,0.06
4.40690e-01,-0.035,0.04
4.40700e-01,-0.053,0.062
4.40710e-01,-0.061,0.064
4.40720e-01,-0.057,0.064
4.40730e-01,-0.055,0.062
4.40740e-01,-0.063,0.064
4.40750e-01,-0.051,0.062
4.40760e-01,-0.057,0.062
4.40770e-01,-0.061,0.062
4.40780e-01,-0.053,0.06
4.40790e-01,-0.061,0.064
4.40800e-01,-0.049,0.056
4.40810e-01,-0.055,0.06
4.40820e-01,-0.061,0.064
4.40830e-01,-0.051,0.058
4.40840e-01,-0.059,0.064
4.40850e-01,-0.053,0.058
4.40860e-01,-0.059,0.062
4.40870e-01,-0.057,0.064
4.40880e-01,-0.063,0.066
4.40890e-01,-0.059,0.064
4.40900e-01,-0.065,0.06
4.40910e-01,-0.063,0.064
4.40920e-01,-0.057,0.06
4.40930e-01,-0.063,0.062
4.40940e-01,-0.059,0.062
4.40950e-01,-0.061,0.064
4.40960e-01,-0.051,0.054
4.40970e-01,-0.059,0.064
4.40980e-01,-0.055,0.06
4.40990e-01,-0.063,0.064
4.41000e-01,-0.059,0.06
4.41010e-01,-0.061,0.064
4.41020e-01,-0.055,0.06
4.41030e-01,-0.055,0.06
4.41040e-01,-0.055,0.06
4.41050e-01,-0.059,0.062
4.41060e-01,-0.059,0.062
4.41070e-01,-0.061,0.062
4.41080e-01,-0.057,0.064
4.41090e-01,-0.055,0.06
4.41100e-01,-0.053,0.06
4.41110e-01,-0.059,0.064
4.41120e-01,-0.059,0.06
4.41130e-01,-0.059,0.064
4.41140e-01,-0.061,0.062
4.41150e-01,-0.057,0.064
4.41160e-01,-0.059,0.062
4.41170e-01,-0.065,0.064
4.41180e-01,-0.053,0.06
4.41190e-01,-0.041,0.05
4.41200e-01,-0.055,0.06
4.41210e-01,-0.049,0.054
4.41220e-01,-0.055,0.064
4.41230e-01,-0.059,0.064
4.41240e-01,-0.059,0.062
4.41250e-01,-0.059,0.064
4.41260e-01,-0.047,0.054
4.41270e-01,-0.053,0.06
4.41280e-01,-0.059,0.066
4.41290e-01,-0.059,0.064
4.41300e-01,-0.061,0.068
4.41310e-01,-0.057,0.064
4.41320e-01,-0.049,0.06
4.41330e-01,-0.059,0.064
4.41340e-01,-0.057,0.062
4.41350e-01,-0.059,0.06
4.41360e-01,-0.047,0.054
4.41370e-01,-0.057,0.06
4.41380e-01,-0.055,0.058
4.41390e-01,-0.057,0.064
4.41400e-01,-0.057,0.06
4.41410e-01,-0.059,0.06
4.41420e-01,-0.053,0.06
4.41430e-01,-0.057,0.06
4.41440e-01,-0.059,0.064
4.41450e-01,-0.061,0.066
4.41460e-01,-0.057,0.064
4.41470e-01,-0.053,0.06
4.41480e-01,-0.059,0.064
4.41490e-01,-0.059,0.06
4.41500e-01,-0.053,0.06
4.41510e-01,-0.059,0.064
4.41520e-01,-0.055,0.06
4.41530e-01,-0.059,0.06
4.41540e-01,-0.059,0.062
4.41550e-01,-0.061,0.064
4.41560e-01,-0.059,0.066
4.41570e-01,-0.049,0.058
4.41580e-01,-0.043,0.046
4.41590e-01,-0.047,0.052
4.41600e-01,-0.055,0.058
4.41610e-01,-0.055,0.062
4.41620e-01,-0.057,0.06
4.41630e-01,-0.059,0.066
4.41640e-01,-0.061,0.062
4.41650e-01,-0.061,0.064
4.41660e-01,-0.059,0.064
4.41670e-01,-0.051,0.058
4.41680e-01,-0.057,0.06
4.41690e-01,-0.059,0.062
4.41700e-01,-0.055,0.06
4.41710e-01,-0.057,0.062
4.41720e-01,-0.061,0.064
4.41730e-01,-0.065,0.068
4.41740e-01,-0.059,0.06
4.41750e-01,-0.061,0.064
4.41760e-01,-0.059,0.064
4.41770e-01,-0.057,0.064
4.41780e-01,-0.055,0.066
4.41790e-01,-0.057,0.062
4.41800e-01,-0.059,0.062
4.41810e-01,-0.053,0.06
4.41820e-01,-0.055,0.06
4.41830e-01,-0.051,0.058
4.41840e-01,-0.047,0.054
4.41850e-01,-0.053,0.058
4.41860e-01,-0.055,0.06
4.41870e-01,-0.061,0.062
4.41880e-01,-0.059,0.064
4.41890e-01,-0.061,0.062
4.41900e-01,-0.059,0.064
4.41910e-01,-0.061,0.066
4.41920e-01,-0.061,0.064
4.41930e-01,-0.057,0.062
4.41940e-01,-0.057,0.062
4.41950e-01,-0.055,0.062
4.41960e-01,-0.055,0.064
4.41970e-01,-0.063,0.066
4.41980e-01,-0.057,0.06
4.41990e-01,-0.061,0.062
4.42000e-01,-0.059,0.062
4.42010e-01,-0.061,0.062
4.42020e-01,-0.053,0.06
4.42030e-01,-0.061,0.064
4.42040e-01,-0.059,0.064
4.42050e-01,-0.049,0.056
4.42060e-01,-0.061,0.064
4.42070e-01,-0.059,0.064
4.42080e-01,-0.061,0.06
4.42090e-01,-0.059,0.062
4.42100e-01,-0.057,0.064
4.42110e-01,-0.055,0.06
4.42120e-01,-0.061,0.064
4.42130e-01,-0.051,0.058
4.42140e-01,-0.063,0.06
4.42150e-01,-0.053,0.062
4.42160e-01,-0.059,0.062
4.42170e-01,-0.059,0.062
4.42180e-01,-0.049,0.058
4.42190e-01,-0.061,0.064
4.42200e-01,-0.051,0.056
4.42210e-01,-0.057,0.06
4.42220e-01,-0.057,0.06
4.42230e-01,-0.049,0.054
4.42240e-01,-0.057,0.06
4.42250e-01,-0.047,0.054
4.42260e-01,-0.057,0.06
4.42270e-01,-0.059,0.064
4.42280e-01,-0.049,0.056
4.42290e-01,-0.059,0.062
4.42300e-01,-0.055,0.06
4.42310e-01,-0.061,0.064
4.42320e-01,-0.061,0.062
4.42330e-01,-0.053,0.058
4.42340e-01,-0.055,0.062
4.42350e-01,-0.059,0.06
4.42360e-01,-0.059,0.064
4.42370e-01,-0.057,0.062
4.42380e-01,-0.061,0.064
4.42390e-01,-0.043,0.048
4.42400e-01,-0.061,0.062
4.42410e-01,-0.055,0.058
4.42420e-01,-0.049,0.056
4.42430e-01,-0.053,0.058
4.42440e-01,-0.061,0.062
4.42450e-01,-0.061,0.062
4.42460e-01,-0.055,0.058
4.42470e-01,-0.059,0.062
4.42480e-01,-0.053,0.058
4.42490e-01,-0.059,0.064
4.42500e-01,-0.055,0.06
4.42510e-01,-0.057,0.064
4.42520e-01,-0.055,0.06
4.42530e-01,-0.059,0.062
4.42540e-01,-0.051,0.062
4.42550e-01,-0.063,0.064
4.42560e-01,-0.063,0.064
4.42570e-01,-0.055,0.062
4.42580e-01,-0.059,0.064
4.42590e-01,-0.055,0.062
4.42600e-01,-0.061,0.062
4.42610e-01,-0.059,0.062
4.42620e-01,-0.055,0.064
4.42630e-01,-0.057,0.064
4.42640e-01,-0.051,0.056
4.42650e-01,-0.061,0.062
4.42660e-01,-0.059,0.062
4.42670e-01,-0.055,0.062
4.42680e-01,-0.055,0.062
4.42690e-01,-0.059,0.062
4.42700e-01,-0.061,0.064
4.42710e-01,-0.055,0.064
4.42720e-01,-0.059,0.064
4.42730e-01,-0.055,0.06
4.42740e-01,-0.059,0.064
4.42750e-01,-0.059,0.06
4.42760e-01,-0.061,0.062
4.42770e-01,-0.061,0.064
4.42780e-01,-0.059,0.066
4.42790e-01,-0.059,0.068
4.42800e-01,-0.059,0.062
4.42810e-01,-0.055,0.06
4.42820e-01,-0.055,0.06
4.42830e-01,-0.061,0.064
4.42840e-01,-0.057,0.062
4.42850e-01,-0.057,0.06
4.42860e-01,-0.055,0.06
4.42870e-01,-0.057,0.06
4.42880e-01,-0.057,0.06
4.42890e-01,-0.061,0.062
4.42900e-01,-0.059,0.064
4.42910e-01,-0.061,0.062
4.42920e-01,-0.059,0.064
4.42930e-01,-0.057,0.064
4.42940e-01,-0.061,0.062
4.42950e-01,-0.055,0.06
4.42960e-01,-0.059,0.062
4.42970e-01,-0.055,0.054
4.42980e-01,-0.059,0.062
4.42990e-01,-0.055,0.06
4.43000e-01,-0.061,0.062
4.43010e-01,-0.057,0.06
4.43020e-01,-0.053,0.06
4.43030e-01,-0.057,0.066
4.43040e-01,-0.063,0.064
4.43050e-01,-0.059,0.06
4.43060e-01,-0.057,0.06
4.43070e-01,-0.057,0.06
4.43080e-01,-0.063,0.064
4.43090e-01,-0.059,0.062
4.43100e-01,-0.059,0.06
4.43110e-01,-0.057,0.064
4.43120e-01,-0.061,0.068
4.43130e-01,-0.055,0.062
4.43140e-01,-0.061,0.064
4.43150e-01,-0.057,0.064
4.43160e-01,-0.059,0.062
4.43170e-01,-0.059,0.062
4.43180e-01,-0.061,0.066
4.43190e-01,-0.061,0.064
4.43200e-01,-0.059,0.062
4.43210e-01,-0.059,0.06
4.43220e-01,-0.059,0.064
4.43230e-01,-0.055,0.064
4.43240e-01,-0.057,0.06
4.43250e-01,-0.059,0.066
4.43260e-01,-0.057,0.064
4.43270e-01,-0.059,0.064
4.43280e-01,-0.047,0.052
4.43290e-01,-0.063,0.064
4.43300e-01,-0.055,0.062
4.43310e-01,-0.061,0.064
4.43320e-01,-0.059,0.062
4.43330e-01,-0.061,0.062
4.43340e-01,-0.055,0.054
4.43350e-01,-0.049,0.05
4.43360e-01,-0.041,0.048
4.43370e-01,-0.041,0.048
4.43380e-01,-0.033,0.038
4.43390e-01,-0.039,0.042
4.43400e-01,-0.043,0.05
4.43410e-01,-0.055,0.058
4.43420e-01,-0.057,0.06
4.43430e-01,-0.051,0.056
4.43440e-01,-0.053,0.058
4.43450e-01,-0.059,0.064
4.43460e-01,-0.057,0.062
4.43470e-01,-0.059,0.06
4.43480e-01,-0.059,0.062
4.43490e-01,-0.059,0.064
4.43500e-01,-0.063,0.062
4.43510e-01,-0.059,0.062
4.43520e-01,-0.059,0.062
4.43530e-01,-0.059,0.064
4.43540e-01,-0.057,0.062
4.43550e-01,-0.057,0.058
4.43560e-01,-0.057,0.064
4.43570e-01,-0.059,0.062
4.43580e-01,-0.059,0.062
4.43590e-01,-0.059,0.064
4.43600e-01,-0.059,0.062
4.43610e-01,-0.057,0.066
4.43620e-01,-0.057,0.064
4.43630e-01,-0.051,0.058
4.43640e-01,-0.059,0.064
4.43650e-01,-0.059,0.06
4.43660e-01,-0.061,0.064
4.43670e-01,-0.061,0.062
4.43680e-01,-0.057,0.062
4.43690e-01,-0.061,0.064
4.43700e-01,-0.053,0.058
4.43710e-01,-0.055,0.06
4.43720e-01,-0.059,0.064
4.43730e-01,-0.057,0.06
4.43740e-01,-0.053,0.058
4.43750e-01,-0.057,0.064
4.43760e-01,-0.061,0.064
4.43770e-01,-0.059,0.062
4.43780e-01,-0.053,0.06
4.43790e-01,-0.055,0.06
4.43800e-01,-0.053,0.06
4.43810e-01,-0.061,0.064
4.43820e-01,-0.059,0.062
4.43830e-01,-0.059,0.062
4.43840e-01,-0.061,0.064
4.43850e-01,-0.061,0.064
4.43860e-01,-0.057,0.062
4.43870e-01,-0.059,0.064
4.43880e-01,-0.057,0.064
4.43890e-01,-0.059,0.068
4.43900e-01,-0.059,0.064
4.43910e-01,-0.057,0.064
4.43920e-01,-0.059,0.06
4.43930e-01,-0.059,0.064
4.43940e-01,-0.059,0.064
4.43950e-01,-0.053,0.06
4.43960e-01,-0.053,0.056
4.43970e-01,-0.061,0.062
4.43980e-01,-0.057,0.066
4.43990e-01,-0.057,0.062
4.44000e-01,-0.045,0.054
4.44010e-01,-0.061,0.064
4.44020e-01,-0.059,0.062
4.44030e-01,-0.063,0.062
4.44040e-01,-0.061,0.06
4.44050e-01,-0.061,0.062
4.44060e-01,-0.063,0.064
4.44070e-01,-0.057,0.062
4.44080e-01,-0.057,0.064
4.44090e-01,-0.057,0.064
4.44100e-01,-0.053,0.06
4.44110e-01,-0.063,0.064
4.44120e-01,-0.059,0.06
4.44130e-01,-0.053,0.062
4.44140e-01,-0.061,0.062
4.44150e-01,-0.055,0.06
4.44160e-01,-0.059,0.064
4.44170e-01,-0.059,0.062
4.44180e-01,-0.061,0.066
4.44190e-01,-0.057,0.062
4.44200e-01,-0.063,0.06
4.44210e-01,-0.059,0.064
4.44220e-01,-0.057,0.064
4.44230e-01,-0.055,0.064
4.44240e-01,-0.059,0.064
4.44250e-01,-0.059,0.068
4.44260e-01,-0.051,0.058
4.44270e-01,-0.059,0.064
4.44280e-01,-0.049,0.052
4.44290e-01,-0.059,0.064
4.44300e-01,-0.061,0.062
4.44310e-01,-0.059,0.06
4.44320e-01,-0.059,0.064
4.44330e-01,-0.055,0.062
4.44340e-01,-0.053,0.06
4.44350e-01,-0.059,0.062
4.44360e-01,-0.061,0.064
4.44370e-01,-0.059,0.062
4.44380e-01,-0.047,0.054
4.44390e-01,-0.055,0.06
4.44400e-01,-0.049,0.054
4.44410e-01,-0.057,0.062
4.44420e-01,-0.051,0.06
4.44430e-01,-0.061,0.06
4.44440e-01,-0.061,0.062
4.44450e-01,-0.057,0.064
4.44460e-01,-0.061,0.062
4.44470e-01,-0.061,0.064
4.44480e-01,-0.057,0.064
4.44490e-01,-0.059,0.066
4.44500e-01,-0.059,0.062
4.44510e-01,-0.051,0.058
4.44520e-01,-0.053,0.06
4.44530e-01,-0.059,0.06
4.44540e-01,-0.047,0.058
4.44550e-01,-0.061,0.062
4.44560e-01,-0.053,0.062
4.44570e-01,-0.061,0.062
4.44580e-01,-0.059,0.062
4.44590e-01,-0.059,0.066
4.44600e-01,-0.059,0.062
4.44610e-01,-0.061,0.066
4.44620e-01,-0.055,0.06
4.44630e-01,-0.059,0.06
4.44640e-01,-0.057,0.064
4.44650e-01,-0.059,0.064
4.44660e-01,-0.055,0.064
4.44670e-01,-0.059,0.064
4.44680e-01,-0.061,0.062
4.44690e-01,-0.059,0.064
4.44700e-01,-0.057,0.066
4.44710e-01,-0.061,0.064
4.44720e-01,-0.059,0.066
4.44730e-01,-0.059,0.064
4.44740e-01,-0.059,0.062
4.44750e-01,-0.061,0.062
4.44760e-01,-0.061,0.064
4.44770e-01,-0.061,0.064
4.44780e-01,-0.059,0.06
4.44790e-01,-0.057,0.06
4.44800e-01,-0.059,0.064
4.44810e-01,-0.059,0.064
4.44820e-01,-0.053,0.06
4.44830e-01,-0.061,0.064
4.44840e-01,-0.057,0.064
4.44850e-01,-0.059,0.06
4.44860e-01,-0.059,0.064
4.44870e-01,-0.057,0.064
4.44880e-01,-0.059,0.062
4.44890e-01,-0.059,0.066
4.44900e-01,-0.061,0.062
4.44910e-01,-0.059,0.064
4.44920e-01,-0.061,0.064
4.44930e-01,-0.057,0.06
4.44940e-01,-0.055,0.062
4.44950e-01,-0.055,0.06
4.44960e-01,-0.059,0.064
4.44970e-01,-0.063,0.064
4.44980e-01,-0.053,0.058
4.44990e-01,-0.063,0.062
4.45000e-01,-0.057,0.06
4.45010e-01,-0.053,0.058
4.45020e-01,-0.055,0.06
4.45030e-01,-0.051,0.054
4.45040e-01,-0.061,0.062
4.45050e-01,-0.047,0.046
4.45060e-01,-0.057,0.06
4.45070e-01,-0.049,0.054
4.45080e-01,-0.059,0.064
4.45090e-01,-0.059,0.06
4.45100e-01,-0.045,0.054
4.45110e-01,-0.045,0.046
4.45120e-01,-0.053,0.056
4.45130e-01,-0.059,0.06
4.45140e-01,-0.055,0.062
4.45150e-01,-0.055,0.06
4.45160e-01,-0.061,0.062
4.45170e-01,-0.059,0.064
4.45180e-01,-0.063,0.064
4.45190e-01,-0.061,0.066
4.45200e-01,-0.061,0.06
4.45210e-01,-0.061,0.06
4.45220e-01,-0.053,0.058
4.45230e-01,-0.061,0.064
4.45240e-01,-0.053,0.06
4.45250e-01,-0.061,0.066
4.45260e-01,-0.055,0.062
4.45270e-01,-0.061,0.062
4.45280e-01,-0.057,0.06
4.45290e-01,-0.061,0.062
4.45300e-01,-0.059,0.062
4.45310e-01,-0.055,0.06
4.45320e-01,-0.057,0.06
4.45330e-01,-0.057,0.064
4.45340e-01,-0.061,0.06
4.45350e-01,-0.061,0.066
4.45360e-01,-0.059,0.064
4.45370e-01,-0.043,0.054
4.45380e-01,-0.053,0.056
4.45390e-01,-0.059,0.058
4.45400e-01,-0.053,0.058
4.45410e-01,-0.061,0.062
4.45420e-01,-0.061,0.062
4.45430e-01,-0.061,0.06
4.45440e-01,-0.061,0.066
4.45450e-01,-0.063,0.064
4.45460e-01,-0.059,0.06
4.45470e-01,-0.053,0.062
4.45480e-01,-0.059,0.062
4.45490e-01,-0.055,0.06
4.45500e-01,-0.057,0.062
4.45510e-01,-0.055,0.06
4.45520e-01,-0.057,0.064
4.45530e-01,-0.053,0.056
4.45540e-01,-0.057,0.06
4.45550e-01,-0.061,0.064
4.45560e-01,-0.059,0.066
4.45570e-01,-0.057,0.064
4.45580e-01,-0.057,0.062
4.45590e-01,-0.061,0.064
4.45600e-01,-0.059,0.06
4.45610e-01,-0.057,0.06
4.45620e-01,-0.061,0.062
4.45630e-01,-0.063,0.066
4.45640e-01,-0.057,0.066
4.45650e-01,-0.063,0.062
4.45660e-01,-0.051,0.058
4.45670e-01,-0.051,0.056
4.45680e-01,-0.059,0.062
4.45690e-01,-0.059,0.064
4.45700e-01,-0.059,0.062
4.45710e-01,-0.057,0.06
4.45720e-01,-0.055,0.06
4.45730e-01,-0.059,0.06
4.45740e-01,-0.057,0.062
4.45750e-01,-0.059,0.064
4.45760e-01,-0.059,0.064
4.45770e-01,-0.057,0.062
4.45780e-01,-0.057,0.064
4.45790e-01,-0.055,0.06
4.45800e-01,-0.055,0.06
4.45810e-01,-0.055,0.06
4.45820e-01,-0.059,0.06
4.45830e-01,-0.061,0.062
4.45840e-01,-0.063,0.064
4.45850e-01,-0.061,0.064
4.45860e-01,-0.059,0.064
4.45870e-01,-0.057,0.064
4.45880e-01,-0.061,0.062
4.45890e-01,-0.059,0.064
4.45900e-01,-0.061,0.06
4.45910e-01,-0.059,0.064
4.45920e-01,-0.061,0.064
4.45930e-01,-0.061,0.062
4.45940e-01,-0.059,0.064
4.45950e-01,-0.057,0.064
4.45960e-01,-0.061,0.066
4.45970e-01,-0.063,0.064
4.45980e-01,-0.057,0.066
4.45990e-01,-0.057,0.064
4.46000e-01,-0.059,0.062
4.46010e-01,-0.055,0.06
4.46020e-01,-0.051,0.056
4.46030e-01,-0.059,0.06
4.46040e-01,-0.055,0.06
4.46050e-01,-0.045,0.054
4.46060e-01,-0.061,0.06
4.46070e-01,-0.057,0.062
4.46080e-01,-0.053,0.06
4.46090e-01,-0.061,0.064
4.46100e-01,-0.055,0.06
4.46110e-01,-0.057,0.066
4.46120e-01,-0.053,0.058
4.46130e-01,-0.057,0.062
4.46140e-01,-0.057,0.06
4.46150e-01,-0.057,0.064
4.46160e-01,-0.059,0.064
4.46170e-01,-0.059,0.064
4.46180e-01,-0.051,0.058
4.46190e-01,-0.061,0.066
4.46200e-01,-0.059,0.062
4.46210e-01,-0.059,0.06
4.46220e-01,-0.057,0.062
4.46230e-01,-0.057,0.06
4.46240e-01,-0.059,0.064
4.46250e-01,-0.065,0.062
4.46260e-01,-0.061,0.062
4.46270e-01,-0.059,0.062
4.46280e-01,-0.061,0.064
4.46290e-01,-0.059,0.064
4.46300e-01,-0.061,0.064
4.46310e-01,-0.063,0.064
4.46320e-01,-0.055,0.062
4.46330e-01,-0.063,0.06
4.46340e-01,-0.059,0.064
4.46350e-01,-0.061,0.066
4.46360e-01,-0.051,0.06
4.46370e-01,-0.057,0.064
4.46380e-01,-0.059,0.06
4.46390e-01,-0.033,0.04
4.46400e-01,-0.057,0.06
4.46410e-01,-0.059,0.064
4.46420e-01,-0.061,0.062
4.46430e-01,-0.059,0.064
4.46440e-01,-0.057,0.06
4.46450e-01,-0.059,0.066
4.46460e-01,-0.057,0.06
4.46470e-01,-0.059,0.064
4.46480e-01,-0.059,0.064
4.46490e-01,-0.055,0.06
4.46500e-01,-0.059,0.062
4.46510e-01,-0.059,0.064
4.46520e-01,-0.047,0.054
4.46530e-01,-0.057,0.062
4.46540e-01,-0.055,0.06
4.46550e-01,-0.043,0.054
4.46560e-01,-0.045,0.048
4.46570e-01,-0.049,0.056
4.46580e-01,-0.053,0.058
4.46590e-01,-0.059,0.06
4.46600e-01,-0.059,0.062
4.46610e-01,-0.061,0.064
4.46620e-01,-0.057,0.062
4.46630e-01,-0.055,0.058
4.46640e-01,-0.059,0.064
4.46650e-01,-0.057,0.06
4.46660e-01,-0.055,0.064
4.46670e-01,-0.063,0.06
4.46680e-01,-0.063,0.066
4.46690e-01,-0.061,0.062
4.46700e-01,-0.061,0.062
4.46710e-01,-0.061,0.064
4.46720e-01,-0.059,0.062
4.46730e-01,-0.057,0.06
4.46740e-01,-0.059,0.064
4.46750e-01,-0.061,0.062
4.46760e-01,-0.059,0.064
4.46770e-01,-0.053,0.058
4.46780e-01,-0.059,0.06
4.46790e-01,-0.049,0.056
4.46800e-01,-0.053,0.06
4.46810e-01,-0.055,0.056
4.46820e-01,-0.061,0.068
4.46830e-01,-0.057,0.064
4.46840e-01,-0.057,0.06
4.46850e-01,-0.059,0.062
4.46860e-01,-0.057,0.062
4.46870e-01,-0.059,0.064
4.46880e-01,-0.059,0.064
4.46890e-01,-0.063,0.064
4.46900e-01,-0.055,0.06
4.46910e-01,-0.049,0.056
4.46920e-01,-0.049,0.054
4.46930e-01,-0.059,0.062
4.46940e-01,-0.055,0.062
4.46950e-01,-0.059,0.064
4.46960e-01,-0.055,0.06
4.46970e-01,-0.057,0.062
4.46980e-01,-0.053,0.058
4.46990e-01,-0.047,0.056
4.47000e-01,-0.051,0.056
4.47010e-01,-0.053,0.058
4.47020e-01,-0.059,0.064
4.47030e-01,-0.059,0.06
4.47040e-01,-0.059,0.064
4.47050e-01,-0.057,0.06
4.47060e-01,-0.063,0.062
4.47070e-01,-0.061,0.068
4.47080e-01,-0.059,0.064
4.47090e-01,-0.059,0.066
4.47100e-01,-0.061,0.062
4.47110e-01,-0.059,0.064
4.47120e-01,-0.061,0.06
4.47130e-01,-0.061,0.064
4.47140e-01,-0.059,0.06
4.47150e-01,-0.063,0.06
4.47160e-01,-0.061,0.064
4.47170e-01,-0.059,0.062
4.47180e-01,-0.057,0.062
4.47190e-01,-0.061,0.064
4.47200e-01,-0.057,0.062
4.47210e-01,-0.059,0.066
4.47220e-01,-0.055,0.062
4.47230e-01,-0.057,0.064
4.47240e-01,-0.057,0.062
4.47250e-01,-0.059,0.06
4.47260e-01,-0.055,0.066
4.47270e-01,-0.059,0.062
4.47280e-01,-0.059,0.066
4.47290e-01,-0.061,0.066
4.47300e-01,-0.057,0.06
4.47310e-01,-0.059,0.06
4.47320e-01,-0.061,0.064
4.47330e-01,-0.055,0.06
4.47340e-01,-0.051,0.058
4.47350e-01,-0.059,0.062
4.47360e-01,-0.059,0.062
4.47370e-01,-0.061,0.062
4.47380e-01,-0.059,0.064
4.47390e-01,-0.059,0.062
4.47400e-01,-0.055,0.06
4.47410e-01,-0.057,0.06
4.47420e-01,-0.053,0.062
4.47430e-01,-0.059,0.06
4.47440e-01,-0.055,0.06
4.47450e-01,-0.059,0.064
4.47460e-01,-0.059,0.062
4.47470e-01,-0.055,0.064
4.47480e-01,-0.059,0.062
4.47490e-01,-0.059,0.064
4.47500e-01,-0.057,0.06
4.47510e-01,-0.057,0.062
4.47520e-01,-0.053,0.06
4.47530e-01,-0.055,0.06
4.47540e-01,-0.051,0.058
4.47550e-01,-0.055,0.056
4.47560e-01,-0.059,0.06
4.47570e-01,-0.063,0.064
4.47580e-01,-0.055,0.064
4.47590e-01,-0.059,0.064
4.47600e-01,-0.059,0.062
4.47610e-01,-0.059,0.064
4.47620e-01,-0.057,0.062
4.47630e-01,-0.061,0.064
4.47640e-01,-0.059,0.062
4.47650e-01,-0.061,0.064
4.47660e-01,-0.061,0.062
4.47670e-01,-0.061,0.062
4.47680e-01,-0.049,0.06
4.47690e-01,-0.059,0.062
4.47700e-01,-0.059,0.06
4.47710e-01,-0.057,0.062
4.47720e-01,-0.057,0.06
4.47730e-01,-0.061,0.066
4.47740e-01,-0.059,0.066
4.47750e-01,-0.061,0.062
4.47760e-01,-0.063,0.064
4.47770e-01,-0.059,0.062
4.47780e-01,-0.055,0.06
4.47790e-01,-0.059,0.064
4.47800e-01,-0.059,0.062
4.47810e-01,-0.063,0.064
4.47820e-01,-0.055,0.06
4.47830e-01,-0.053,0.06
4.47840e-01,-0.055,0.06
4.47850e-01,-0.061,0.06
4.47860e-01,-0.059,0.064
4.47870e-01,-0.055,0.06
4.47880e-01,-0.051,0.056
4.47890e-01,-0.051,0.06
4.47900e-01,-0.055,0.064
4.47910e-01,-0.057,0.062
4.47920e-01,-0.059,0.064
4.47930e-01,-0.059,0.064
4.47940e-01,-0.061,0.062
4.47950e-01,-0.057,0.064
4.47960e-01,-0.061,0.064
4.47970e-01,-0.057,0.062
4.47980e-01,-0.061,0.062
4.47990e-01,-0.059,0.062
4.48000e-01,-0.059,0.064
4.48010e-01,-0.055,0.06
4.48020e-01,-0.057,0.06
4.48030e-01,-0.057,0.062
4.48040e-01,-0.057,0.062
4.48050e-01,-0.057,0.064
4.48060e-01,-0.057,0.064
4.48070e-01,-0.059,0.064
4.48080e-01,-0.059,0.064
4.48090e-01,-0.059,0.064
4.48100e-01,-0.055,0.062
4.48110e-01,-0.059,0.064
4.48120e-01,-0.061,0.062
4.48130e-01,-0.059,0.062
4.48140e-01,-0.053,0.06
4.48150e-01,-0.055,0.064
4.48160e-01,-0.057,0.062
4.48170e-01,-0.057,0.06
4.48180e-01,-0.059,0.066
4.48190e-01,-0.055,0.058
4.48200e-01,-0.059,0.064
4.48210e-01,-0.061,0.062
4.48220e-01,-0.057,0.062
4.48230e-01,-0.055,0.064
4.48240e-01,-0.053,0.062
4.48250e-01,-0.061,0.062
4.48260e-01,-0.059,0.066
4.48270e-01,-0.059,0.064
4.48280e-01,-0.061,0.064
4.48290e-01,-0.063,0.062
4.48300e-01,-0.059,0.066
4.48310e-01,-0.061,0.062
4.48320e-01,-0.059,0.064
4.48330e-01,-0.055,0.06
4.48340e-01,-0.053,0.06
4.48350e-01,-0.061,0.06
4.48360e-01,-0.061,0.062
4.48370e-01,-0.059,0.064
4.48380e-01,-0.057,0.064
4.48390e-01,-0.059,0.062
4.48400e-01,-0.057,0.062
4.48410e-01,-0.063,0.062
4.48420e-01,-0.057,0.066
4.48430e-01,-0.059,0.064
4.48440e-01,-0.057,0.064
4.48450e-01,-0.065,0.062
4.48460e-01,-0.061,0.062
4.48470e-01,-0.059,0.068
4.48480e-01,-0.059,0.064
4.48490e-01,-0.061,0.064
4.48500e-01,-0.059,0.062
4.48510e-01,-0.057,0.06
4.48520e-01,-0.063,0.062
4.48530e-01,-0.059,0.064
4.48540e-01,-0.061,0.062
4.48550e-01,-0.061,0.062
4.48560e-01,-0.051,0.058
4.48570e-01,-0.047,0.054
4.48580e-01,-0.051,0.056
4.48590e-01,-0.059,0.064
4.48600e-01,-0.057,0.062
4.48610e-01,-0.057,0.062
4.48620e-01,-0.057,0.064
4.48630e-01,-0.055,0.054
4.48640e-01,-0.057,0.066
4.48650e-01,-0.055,0.058
4.48660e-01,-0.061,0.062
4.48670e-01,-0.057,0.064
4.48680e-01,-0.059,0.064
4.48690e-01,-0.055,0.06
4.48700e-01,-0.059,0.06
4.48710e-01,-0.053,0.06
4.48720e-01,-0.059,0.062
4.48730e-01,-0.059,0.06
4.48740e-01,-0.051,0.054
4.48750e-01,-0.047,0.052
4.48760e-01,-0.057,0.06
4.48770e-01,-0.051,0.058
4.48780e-01,-0.059,0.062
4.48790e-01,-0.047,0.05
4.48800e-01,-0.057,0.058
4.48810e-01,-0.051,0.058
4.48820e-01,-0.061,0.066
4.48830e-01,-0.055,0.064
4.48840e-01,-0.059,0.062
4.48850e-01,-0.061,0.062
4.48860e-01,-0.061,0.064
4.48870e-01,-0.055,0.064
4.48880e-01,-0.043,0.048
4.48890e-01,-0.057,0.062
4.48900e-01,-0.059,0.066
4.48910e-01,-0.059,0.064
4.48920e-01,-0.059,0.062
4.48930e-01,-0.051,0.052
4.48940e-01,-0.059,0.066
4.48950e-01,-0.057,0.062
4.48960e-01,-0.059,0.064
4.48970e-01,-0.051,0.054
4.48980e-01,-0.063,0.064
4.48990e-01,-0.063,0.062
4.49000e-01,-0.059,0.064
4.49010e-01,-0.061,0.062
4.49020e-01,-0.057,0.06
4.49030e-01,-0.061,0.062
4.49040e-01,-0.059,0.066
4.49050e-01,-0.063,0.064
4.49060e-01,-0.057,0.064
4.49070e-01,-0.063,0.068
4.49080e-01,-0.059,0.064
4.49090e-01,-0.057,0.064
4.49100e-01,-0.059,0.06
4.49110e-01,-0.053,0.062
4.49120e-01,-0.057,0.064
4.49130e-01,-0.063,0.064
4.49140e-01,-0.055,0.062
4.49150e-01,-0.059,0.062
4.49160e-01,-0.047,0.054
4.49170e-01,-0.055,0.06
4.49180e-01,-0.057,0.06
4.49190e-01,-0.061,0.064
4.49200e-01,-0.061,0.066
4.49210e-01,-0.061,0.068
4.49220e-01,-0.057,0.056
4.49230e-01,-0.055,0.058
4.49240e-01,-0.045,0.05
4.49250e-01,-0.049,0.052
4.49260e-01,-0.055,0.06
4.49270e-01,-0.057,0.062
4.49280e-01,-0.061,0.066
4.49290e-01,-0.059,0.064
4.49300e-01,-0.057,0.06
4.49310e-01,-0.047,0.058
4.49320e-01,-0.063,0.064
4.49330e-01,-0.059,0.064
4.49340e-01,-0.057,0.064
4.49350e-01,-0.059,0.062
4.49360e-01,-0.055,0.06
4.49370e-01,-0.057,0.062
4.49380e-01,-0.061,0.062
4.49390e-01,-0.057,0.062
4.49400e-01,-0.057,0.06
4.49410e-01,-0.055,0.06
4.49420e-01,-0.045,0.052
4.49430e-01,-0.053,0.058
4.49440e-01,-0.039,0.044
4.49450e-01,-0.059,0.06
4.49460e-01,-0.055,0.06
4.49470e-01,-0.061,0.066
4.49480e-01,-0.057,0.07
4.49490e-01,-0.053,0.06
4.49500e-01,-0.059,0.064
4.49510e-01,-0.051,0.058
4.49520e-01,-0.061,0.062
4.49530e-01,-0.057,0.062
4.49540e-01,-0.059,0.064
4.49550e-01,-0.059,0.064
4.49560e-01,-0.061,0.062
4.49570e-01,-0.053,0.06
4.49580e-01,-0.057,0.064
4.49590e-01,-0.055,0.062
4.49600e-01,-0.055,0.062
4.49610e-01,-0.061,0.064
4.49620e-01,-0.061,0.062
4.49630e-01,-0.059,0.066
4.49640e-01,-0.059,0.062
4.49650e-01,-0.053,0.06
4.49660e-01,-0.059,0.064
4.49670e-01,-0.059,0.066
4.49680e-01,-0.063,0.066
4.49690e-01,-0.061,0.066
4.49700e-01,-0.053,0.056
4.49710e-01,-0.059,0.06
4.49720e-01,-0.045,0.048
4.49730e-01,-0.061,0.06
4.49740e-01,-0.057,0.06
4.49750e-01,-0.061,0.064
4.49760e-01,-0.057,0.062
4.49770e-01,-0.059,0.064
4.49780e-01,-0.057,0.062
4.49790e-01,-0.061,0.064
4.49800e-01,-0.063,0.064
4.49810e-01,-0.061,0.068
4.49820e-01,-0.055,0.06
4.49830e-01,-0.061,0.062
4.49840e-01,-0.053,0.062
4.49850e-01,-0.061,0.062
4.49860e-01,-0.057,0.06
4.49870e-01,-0.047,0.05
4.49880e-01,-0.041,0.046
4.49890e-01,-0.057,0.064
4.49900e-01,-0.059,0.064
4.49910e-01,-0.059,0.06
4.49920e-01,-0.057,0.062
4.49930e-01,-0.061,0.064
4.49940e-01,-0.059,0.06
4.49950e-01,-0.029,0.038
4.49960e-01,-0.055,0.06
4.49970e-01,-0.055,0.064
4.49980e-01,-0.057,0.06
4.49990e-01,-0.055,0.06
4.50000e-01,-0.059,0.06
4.50010e-01,-0.061,0.06
4.50020e-01,-0.053,0.054
4.50030e-01,-0.065,0.066
4.50040e-01,-0.055,0.066
4.50050e-01,-0.043,0.05
4.50060e-01,-0.055,0.062
4.50070e-01,-0.033,0.044
4.50080e-01,-0.057,0.062
4.50090e-01,-0.049,0.054
4.50100e-01,-0.053,0.06
4.50110e-01,-0.049,0.052
4.50120e-01,-0.055,0.062
4.50130e-01,-0.059,0.062
4.50140e-01,-0.059,0.064
4.50150e-01,-0.057,0.06
4.50160e-01,-0.059,0.068
4.50170e-01,-0.051,0.058
4.50180e-01,-0.057,0.064
4.50190e-01,-0.053,0.06
4.50200e-01,-0.059,0.064
4.50210e-01,-0.057,0.062
4.50220e-01,-0.049,0.056
4.50230e-01,-0.055,0.06
4.50240e-01,-0.059,0.06
4.50250e-01,-0.059,0.062
4.50260e-01,-0.055,0.058
4.50270e-01,-0.057,0.066
4.50280e-01,-0.059,0.066
4.50290e-01,-0.061,0.068
4.50300e-01,-0.059,0.064
4.50310e-01,-0.057,0.064
4.50320e-01,-0.055,0.062
4.50330e-01,-0.053,0.06
4.50340e-01,-0.055,0.062
4.50350e-01,-0.061,0.062
4.50360e-01,-0.053,0.06
4.50370e-01,-0.057,0.064
4.50380e-01,-0.049,0.058
4.50390e-01,-0.059,0.062
4.50400e-01,-0.041,0.046
4.50410e-01,-0.059,0.062
4.50420e-01,-0.057,0.062
4.50430e-01,-0.059,0.06
4.50440e-01,-0.047,0.052
4.50450e-01,-0.061,0.064
4.50460e-01,-0.061,0.064
4.50470e-01,-0.059,0.064
4.50480e-01,-0.061,0.064
4.50490e-01,-0.057,0.06
4.50500e-01,-0.057,0.06
4.50510e-01,-0.057,0.062
4.50520e-01,-0.059,0.062
4.50530e-01,-0.049,0.056
4.50540e-01,-0.057,0.06
4.50550e-01,-0.057,0.064
4.50560e-01,-0.059,0.066
4.50570e-01,-0.057,0.062
4.50580e-01,-0.047,0.054
4.50590e-01,-0.047,0.054
4.50600e-01,-0.051,0.056
4.50610e-01,-0.055,0.06
4.50620e-01,-0.057,0.056
4.50630e-01,-0.049,0.056
4.50640e-01,-0.055,0.06
4.50650e-01,-0.057,0.066
4.50660e-01,-0.055,0.056
4.50670e-01,-0.057,0.062
4.50680e-01,-0.059,0.062
4.50690e-01,-0.057,0.066
4.50700e-01,-0.059,0.062
4.50710e-01,-0.057,0.06
4.50720e-01,-0.045,0.054
4.50730e-01,-0.057,0.062
4.50740e-01,-0.057,0.062
4.50750e-01,-0.049,0.056
4.50760e-01,-0.049,0.058
4.50770e-01,-0.045,0.056
4.50780e-01,-0.051,0.058
4.50790e-01,-0.053,0.058
4.50800e-01,-0.059,0.062
4.50810e-01,-0.061,0.064
4.50820e-01,-0.059,0.062
4.50830e-01,-0.059,0.062
4.50840e-01,-0.051,0.06
4.50850e-01,-0.057,0.062
4.50860e-01,-0.053,0.064
4.50870e-01,-0.059,0.064
4.50880e-01,-0.059,0.062
4.50890e-01,-0.057,0.06
4.50900e-01,-0.057,0.062
4.50910e-01,-0.057,0.06
4.50920e-01,-0.057,0.062
4.50930e-01,-0.059,0.064
4.50940e-01,-0.055,0.06
4.50950e-01,-0.057,0.06
4.50960e-01,-0.057,0.064
4.50970e-01,-0.059,0.064
4.50980e-01,-0.061,0.06
4.50990e-01,-0.059,0.062
4.51000e-01,-0.057,0.06
4.51010e-01,-0.059,0.062
4.51020e-01,-0.059,0.06
4.51030e-01,-0.053,0.06
4.51040e-01,-0.063,0.064
4.51050e-01,-0.047,0.058
4.51060e-01,-0.059,0.062
4.51070e-01,-0.057,0.062
4.51080e-01,-0.061,0.064
4.51090e-01,-0.059,0.062
4.51100e-01,-0.055,0.066
4.51110e-01,-0.061,0.06
4.51120e-01,-0.053,0.058
4.51130e-01,-0.059,0.064
4.51140e-01,-0.053,0.06
4.51150e-01,-0.061,0.064
4.51160e-01,-0.055,0.06
4.51170e-01,-0.057,0.06
4.51180e-01,-0.057,0.064
4.51190e-01,-0.061,0.064
4.51200e-01,-0.059,0.064
4.51210e-01,-0.059,0.062
4.51220e-01,-0.059,0.064
4.51230e-01,-0.061,0.062
4.51240e-01,-0.057,0.062
4.51250e-01,-0.055,0.06
4.51260e-01,-0.055,0.06
4.51270e-01,-0.059,0.062
4.51280e-01,-0.059,0.062
4.51290e-01,-0.059,0.066
4.51300e-01,-0.059,0.062
4.51310e-01,-0.059,0.064
4.51320e-01,-0.061,0.062
4.51330e-01,-0.059,0.066
4.51340e-01,-0.061,0.066
4.51350e-01,-0.059,0.064
4.51360e-01,-0.059,0.066
4.51370e-01,-0.061,0.06
4.51380e-01,-0.061,0.066
4.51390e-01,-0.061,0.064
4.51400e-01,-0.061,0.066
4.51410e-01,-0.057,0.06
4.51420e-01,-0.059,0.06
4.51430e-01,-0.053,0.06
4.51440e-01,-0.047,0.054
4.51450e-01,-0.065,0.066
4.51460e-01,-0.059,0.066
4.51470e-01,-0.059,0.066
4.51480e-01,-0.059,0.064
4.51490e-01,-0.057,0.06
4.51500e-01,-0.057,0.066
4.51510e-01,-0.053,0.06
4.51520e-01,-0.053,0.06
4.51530e-01,-0.055,0.064
4.51540e-01,-0.061,0.064
4.51550e-01,-0.055,0.06
4.51560e-01,-0.055,0.058
4.51570e-01,-0.061,0.064
4.51580e-01,-0.057,0.062
4.51590e-01,-0.059,0.064
4.51600e-01,-0.059,0.062
4.51610e-01,-0.061,0.06
4.51620e-01,-0.061,0.066
4.51630e-01,-0.059,0.066
4.51640e-01,-0.055,0.06
4.51650e-01,-0.057,0.062
4.51660e-01,-0.059,0.06
4.51670e-01,-0.063,0.066
4.51680e-01,-0.051,0.06
4.51690e-01,-0.055,0.06
4.51700e-01,-0.051,0.06
4.51710e-01,-0.059,0.066
4.51720e-01,-0.061,0.064
4.51730e-01,-0.055,0.054
4.51740e-01,-0.049,0.054
4.51750e-01,-0.049,0.054
4.51760e-01,-0.053,0.056
4.51770e-01,-0.061,0.064
4.51780e-01,-0.061,0.066
4.51790e-01,-0.063,0.068
4.51800e-01,-0.055,0.06
4.51810e-01,-0.055,0.058
4.51820e-01,-0.053,0.06
4.51830e-01,-0.041,0.048
4.51840e-01,-0.057,0.06
4.51850e-01,-0.057,0.06
4.51860e-01,-0.061,0.064
4.51870e-01,-0.055,0.06
4.51880e-01,-0.059,0.06
4.51890e-01,-0.059,0.064
4.51900e-01,-0.061,0.064
4.51910e-01,-0.061,0.064
4.51920e-01,-0.061,0.064
4.51930e-01,-0.061,0.062
4.51940e-01,-0.051,0.054
4.51950e-01,-0.055,0.062
4.51960e-01,-0.055,0.06
4.51970e-01,-0.057,0.064
4.51980e-01,-0.061,0.066
4.51990e-01,-0.059,0.064
4.52000e-01,-0.051,0.06
4.52010e-01,-0.059,0.06
4.52020e-01,-0.059,0.064
4.52030e-01,-0.059,0.064
4.52040e-01,-0.059,0.062
4.52050e-01,-0.057,0.064
4.52060e-01,-0.057,0.06
4.52070e-01,-0.055,0.062
4.52080e-01,-0.055,0.06
4.52090e-01,-0.061,0.064
4.52100e-01,-0.061,0.062
4.52110e-01,-0.059,0.068
4.52120e-01,-0.057,0.062
4.52130e-01,-0.053,0.06
4.52140e-01,-0.061,0.064
4.52150e-01,-0.057,0.06
4.52160e-01,-0.057,0.064
4.52170e-01,-0.057,0.064
4.52180e-01,-0.059,0.066
4.52190e-01,-0.059,0.06
4.52200e-01,-0.061,0.064
4.52210e-01,-0.055,0.064
4.52220e-01,-0.057,0.06
4.52230e-01,-0.053,0.064
4.52240e-01,-0.059,0.062
4.52250e-01,-0.059,0.062
4.52260e-01,-0.053,0.062
4.52270e-01,-0.055,0.06
4.52280e-01,-0.057,0.06
4.52290e-01,-0.057,0.06
4.52300e-01,-0.059,0.062
4.52310e-01,-0.059,0.06
4.52320e-01,-0.059,0.062
4.52330e-01,-0.053,0.06
4.52340e-01,-0.057,0.06
4.52350e-01,-0.057,0.064
4.52360e-01,-0.057,0.064
4.52370e-01,-0.061,0.06
4.52380e-01,-0.057,0.06
4.52390e-01,-0.063,0.062
4.52400e-01,-0.051,0.06
4.52410e-01,-0.059,0.064
4.52420e-01,-0.055,0.06
4.52430e-01,-0.059,0.064
4.52440e-01,-0.049,0.058
4.52450e-01,-0.053,0.056
4.52460e-01,-0.055,0.054
4.52470e-01,-0.057,0.064
4.52480e-01,-0.051,0.056
4.52490e-01,-0.053,0.06
4.52500e-01,-0.055,0.06
4.52510e-01,-0.055,0.062
4.52520e-01,-0.055,0.06
4.52530e-01,-0.059,0.064
4.52540e-01,-0.061,0.064
4.52550e-01,-0.055,0.064
4.52560e-01,-0.057,0.062
4.52570e-01,-0.057,0.06
4.52580e-01,-0.059,0.062
4.52590e-01,-0.057,0.062
4.52600e-01,-0.059,0.064
4.52610e-01,-0.055,0.06
4.52620e-01,-0.061,0.064
4.52630e-01,-0.061,0.068
4.52640e-01,-0.057,0.066
4.52650e-01,-0.057,0.062
4.52660e-01,-0.055,0.062
4.52670e-01,-0.049,0.054
4.52680e-01,-0.051,0.056
4.52690e-01,-0.047,0.054
4.52700e-01,-0.057,0.058
4.52710e-01,-0.051,0.056
4.52720e-01,-0.059,0.064
4.52730e-01,-0.057,0.064
4.52740e-01,-0.055,0.058
4.52750e-01,-0.059,0.064
4.52760e-01,-0.063,0.068
4.52770e-01,-0.059,0.064
4.52780e-01,-0.061,0.06
4.52790e-01,-0.055,0.062
4.52800e-01,-0.059,0.06
4.52810e-01,-0.059,0.064
4.52820e-01,-0.061,0.062
4.52830e-01,-0.055,0.064
4.52840e-01,-0.049,0.058
4.52850e-01,-0.061,0.066
4.52860e-01,-0.057,0.062
4.52870e-01,-0.063,0.064
4.52880e-01,-0.057,0.062
4.52890e-01,-0.063,0.064
4.52900e-01,-0.063,0.062
4.52910e-01,-0.059,0.06
4.52920e-01,-0.057,0.06
4.52930e-01,-0.057,0.06
4.52940e-01,-0.061,0.062
4.52950e-01,-0.063,0.062
4.52960e-01,-0.059,0.064
4.52970e-01,-0.061,0.064
4.52980e-01,-0.055,0.06
4.52990e-01,-0.053,0.06
4.53000e-01,-0.061,0.062
4.53010e-01,-0.053,0.06
4.53020e-01,-0.059,0.064
4.53030e-01,-0.055,0.058
4.53040e-01,-0.063,0.064
4.53050e-01,-0.059,0.06
4.53060e-01,-0.037,0.046
4.53070e-01,-0.053,0.06
4.53080e-01,-0.057,0.064
4.53090e-01,-0.059,0.066
4.53100e-01,-0.057,0.06
4.53110e-01,-0.057,0.062
4.53120e-01,-0.057,0.064
4.53130e-01,-0.059,0.06
4.53140e-01,-0.057,0.062
4.53150e-01,-0.057,0.064
4.53160e-01,-0.061,0.062
4.53170e-01,-0.055,0.062
4.53180e-01,-0.057,0.062
4.53190e-01,-0.055,0.06
4.53200e-01,-0.059,0.064
4.53210e-01,-0.059,0.06
4.53220e-01,-0.057,0.064
4.53230e-01,-0.049,0.058
4.53240e-01,-0.055,0.066
4.53250e-01,-0.059,0.066
4.53260e-01,-0.055,0.064
4.53270e-01,-0.059,0.064
4.53280e-01,-0.059,0.062
4.53290e-01,-0.061,0.062
4.53300e-01,-0.057,0.06
4.53310e-01,-0.053,0.06
4.53320e-01,-0.051,0.058
4.53330e-01,-0.059,0.068
4.53340e-01,-0.059,0.06
4.53350e-01,-0.061,0.066
4.53360e-01,-0.061,0.062
4.53370e-01,-0.055,0.062
4.53380e-01,-0.055,0.062
4.53390e-01,-0.055,0.056
4.53400e-01,-0.061,0.064
4.53410e-01,-0.059,0.062
4.53420e-01,-0.059,0.064
4.53430e-01,-0.061,0.06
4.53440e-01,-0.057,0.06
4.53450e-01,-0.061,0.062
4.53460e-01,-0.053,0.054
4.53470e-01,-0.053,0.054
4.53480e-01,-0.049,0.054
4.53490e-01,-0.055,0.056
4.53500e-01,-0.059,0.06
4.53510e-01,-0.059,0.064
4.53520e-01,-0.061,0.064
4.53530e-01,-0.063,0.064
4.53540e-01,-0.059,0.066
4.53550e-01,-0.047,0.054
4.53560e-01,-0.041,0.048
4.53570e-01,-0.047,0.052
4.53580e-01,-0.057,0.06
4.53590e-01,-0.059,0.06
4.53600e-01,-0.051,0.06
4.53610e-01,-0.055,0.06
4.53620e-01,-0.059,0.068
4.53630e-01,-0.055,0.06
4.53640e-01,-0.061,0.064
4.53650e-01,-0.049,0.06
4.53660e-01,-0.057,0.06
4.53670e-01,-0.055,0.06
4.53680e-01,-0.053,0.06
4.53690e-01,-0.057,0.06
4.53700e-01,-0.051,0.058
4.53710e-01,-0.053,0.058
4.53720e-01,-0.055,0.056
4.53730e-01,-0.059,0.064
4.53740e-01,-0.059,0.06
4.53750e-01,-0.059,0.062
4.53760e-01,-0.053,0.06
4.53770e-01,-0.059,0.062
4.53780e-01,-0.059,0.062
4.53790e-01,-0.059,0.064
4.53800e-01,-0.051,0.06
4.53810e-01,-0.057,0.06
4.53820e-01,-0.057,0.064
4.53830e-01,-0.059,0.064
4.53840e-01,-0.057,0.062
4.53850e-01,-0.061,0.064
4.53860e-01,-0.045,0.052
4.53870e-01,-0.059,0.062
4.53880e-01,-0.057,0.062
4.53890e-01,-0.059,0.064
4.53900e-01,-0.065,0.064
4.53910e-01,-0.057,0.064
4.53920e-01,-0.055,0.06
4.53930e-01,-0.057,0.062
4.53940e-01,-0.057,0.06
4.53950e-01,-0.057,0.064
4.53960e-01,-0.053,0.056
4.53970e-01,-0.061,0.064
4.53980e-01,-0.057,0.064
4.53990e-01,-0.059,0.062
4.54000e-01,-0.061,0.06
4.54010e-01,-0.059,0.062
4.54020e-01,-0.059,0.062
4.54030e-01,-0.059,0.064
4.54040e-01,-0.059,0.062
4.54050e-01,-0.059,0.064
4.54060e-01,-0.059,0.066
4.54070e-01,-0.057,0.062
4.54080e-01,-0.043,0.052
4.54090e-01,-0.057,0.066
4.54100e-01,-0.057,0.064
4.54110e-01,-0.061,0.066
4.54120e-01,-0.049,0.054
4.54130e-01,-0.059,0.064
4.54140e-01,-0.051,0.058
4.54150e-01,-0.059,0.06
4.54160e-01,-0.053,0.058
4.54170e-01,-0.061,0.064
4.54180e-01,-0.051,0.056
4.54190e-01,-0.051,0.052
4.54200e-01,-0.061,0.06
4.54210e-01,-0.057,0.064
4.54220e-01,-0.061,0.064
4.54230e-01,-0.055,0.062
4.54240e-01,-0.061,0.064
4.54250e-01,-0.061,0.066
4.54260e-01,-0.061,0.064
4.54270e-01,-0.059,0.064
4.54280e-01,-0.059,0.062
4.54290e-01,-0.059,0.062
4.54300e-01,-0.061,0.064
4.54310e-01,-0.059,0.064
4.54320e-01,-0.059,0.06
4.54330e-01,-0.061,0.064
4.54340e-01,-0.057,0.062
4.54350e-01,-0.061,0.062
4.54360e-01,-0.059,0.066
4.54370e-01,-0.059,0.06
4.54380e-01,-0.053,0.06
4.54390e-01,-0.059,0.062
4.54400e-01,-0.061,0.06
4.54410e-01,-0.057,0.064
4.54420e-01,-0.055,0.058
4.54430e-01,-0.057,0.06
4.54440e-01,-0.057,0.064
4.54450e-01,-0.061,0.064
4.54460e-01,-0.053,0.06
4.54470e-01,-0.059,0.064
4.54480e-01,-0.059,0.068
4.54490e-01,-0.061,0.064
4.54500e-01,-0.057,0.06
4.54510e-01,-0.055,0.06
4.54520e-01,-0.049,0.058
4.54530e-01,-0.057,0.064
4.54540e-01,-0.057,0.064
4.54550e-01,-0.059,0.064
4.54560e-01,-0.055,0.06
4.54570e-01,-0.059,0.062
4.54580e-01,-0.057,0.06
4.54590e-01,-0.055,0.06
4.54600e-01,-0.057,0.064
4.54610e-01,-0.061,0.064
4.54620e-01,-0.059,0.068
4.54630e-01,-0.061,0.06
4.54640e-01,-0.059,0.066
4.54650e-01,-0.059,0.064
4.54660e-01,-0.059,0.062
4.54670e-01,-0.055,0.06
4.54680e-01,-0.061,0.062
4.54690e-01,-0.059,0.066
4.54700e-01,-0.057,0.064
4.54710e-01,-0.059,0.064
4.54720e-01,-0.061,0.06
4.54730e-01,-0.061,0.064
4.54740e-01,-0.061,0.066
4.54750e-01,-0.059,0.062
4.54760e-01,-0.059,0.062
4.54770e-01,-0.061,0.064
4.54780e-01,-0.059,0.062
4.54790e-01,-0.053,0.058
4.54800e-01,-0.061,0.064
4.54810e-01,-0.051,0.058
4.54820e-01,-0.045,0.054
4.54830e-01,-0.055,0.058
4.54840e-01,-0.053,0.062
4.54850e-01,-0.051,0.058
4.54860e-01,-0.061,0.066
4.54870e-01,-0.063,0.064
4.54880e-01,-0.059,0.062
4.54890e-01,-0.059,0.064
4.54900e-01,-0.059,0.064
4.54910e-01,-0.061,0.062
4.54920e-01,-0.059,0.064
4.54930e-01,-0.061,0.064
4.54940e-01,-0.059,0.068
4.54950e-01,-0.057,0.062
4.54960e-01,-0.055,0.06
4.54970e-01,-0.053,0.058
4.54980e-01,-0.059,0.064
4.54990e-01,-0.059,0.06
4.55000e-01,-0.057,0.064
4.55010e-01,-0.059,0.06
4.55020e-01,-0.057,0.064
4.55030e-01,-0.059,0.062
4.55040e-01,-0.061,0.068
4.55050e-01,-0.057,0.06
4.55060e-01,-0.057,0.062
4.55070e-01,-0.059,0.064
4.55080e-01,-0.061,0.064
4.55090e-01,-0.053,0.062
4.55100e-01,-0.059,0.066
4.55110e-01,-0.059,0.062
4.55120e-01,-0.051,0.056
4.55130e-01,-0.061,0.064
4.55140e-01,-0.057,0.062
4.55150e-01,-0.053,0.06
4.55160e-01,-0.063,0.064
4.55170e-01,-0.063,0.064
4.55180e-01,-0.057,0.064
4.55190e-01,-0.057,0.064
4.55200e-01,-0.055,0.06
4.55210e-01,-0.055,0.062
4.55220e-01,-0.059,0.06
4.55230e-01,-0.051,0.056
4.55240e-01,-0.059,0.064
4.55250e-01,-0.057,0.064
4.55260e-01,-0.059,0.066
4.55270e-01,-0.061,0.064
4.55280e-01,-0.063,0.064
4.55290e-01,-0.059,0.062
4.55300e-01,-0.055,0.06
4.55310e-01,-0.061,0.062
4.55320e-01,-0.055,0.058
4.55330e-01,-0.059,0.062
4.55340e-01,-0.057,0.062
4.55350e-01,-0.061,0.066
4.55360e-01,-0.057,0.064
4.55370e-01,-0.057,0.06
4.55380e-01,-0.045,0.054
4.55390e-01,-0.059,0.06
4.55400e-01,-0.057,0.062
4.55410e-01,-0.059,0.064
4.55420e-01,-0.059,0.064
4.55430e-01,-0.057,0.06
4.55440e-01,-0.061,0.066
4.55450e-01,-0.055,0.06
4.55460e-01,-0.061,0.062
4.55470e-01,-0.055,0.062
4.55480e-01,-0.063,0.062
4.55490e-01,-0.055,0.064
4.55500e-01,-0.059,0.064
4.55510e-01,-0.055,0.058
4.55520e-01,-0.055,0.056
4.55530e-01,-0.051,0.054
4.55540e-01,-0.049,0.056
4.55550e-01,-0.053,0.06
4.55560e-01,-0.059,0.064
4.55570e-01,-0.059,0.064
4.55580e-01,-0.061,0.064
4.55590e-01,-0.057,0.064
4.55600e-01,-0.059,0.066
4.55610e-01,-0.059,0.062
4.55620e-01,-0.059,0.062
4.55630e-01,-0.055,0.06
4.55640e-01,-0.051,0.06
4.55650e-01,-0.059,0.064
4.55660e-01,-0.057,0.06
4.55670e-01,-0.049,0.052
4.55680e-01,-0.055,0.06
4.55690e-01,-0.057,0.064
4.55700e-01,-0.059,0.064
4.55710e-01,-0.061,0.066
4.55720e-01,-0.061,0.064
4.55730e-01,-0.059,0.062
4.55740e-01,-0.059,0.06
4.55750e-01,-0.061,0.064
4.55760e-01,-0.055,0.064
4.55770e-01,-0.061,0.064
4.55780e-01,-0.057,0.062
4.55790e-01,-0.055,0.062
4.55800e-01,-0.059,0.062
4.55810e-01,-0.055,0.062
4.55820e-01,-0.059,0.064
4.55830e-01,-0.057,0.064
4.55840e-01,-0.053,0.06
4.55850e-01,-0.055,0.06
4.55860e-01,-0.063,0.064
4.55870e-01,-0.055,0.06
4.55880e-01,-0.053,0.06
4.55890e-01,-0.055,0.062
4.55900e-01,-0.051,0.058
4.55910e-01,-0.051,0.06
4.55920e-01,-0.059,0.064
4.55930e-01,-0.059,0.06
4.55940e-01,-0.053,0.06
4.55950e-01,-0.061,0.06
4.55960e-01,-0.053,0.062
4.55970e-01,-0.059,0.06
4.55980e-01,-0.051,0.058
4.55990e-01,-0.043,0.046
4.56000e-01,-0.051,0.058
4.56010e-01,-0.059,0.064
4.56020e-01,-0.057,0.062
4.56030e-01,-0.059,0.062
4.56040e-01,-0.053,0.06
4.56050e-01,-0.053,0.058
4.56060e-01,-0.061,0.064
4.56070e-01,-0.059,0.064
4.56080e-01,-0.059,0.062
4.56090e-01,-0.059,0.06
4.56100e-01,-0.061,0.066
4.56110e-01,-0.059,0.062
4.56120e-01,-0.061,0.062
4.56130e-01,-0.061,0.064
4.56140e-01,-0.059,0.066
4.56150e-01,-0.057,0.06
4.56160e-01,-0.057,0.062
4.56170e-01,-0.063,0.062
4.56180e-01,-0.053,0.06
4.56190e-01,-0.061,0.066
4.56200e-01,-0.059,0.06
4.56210e-01,-0.055,0.062
4.56220e-01,-0.053,0.06
4.56230e-01,-0.053,0.058
4.56240e-01,-0.041,0.05
4.56250e-01,-0.055,0.062
4.56260e-01,-0.051,0.058
4.56270e-01,-0.057,0.06
4.56280e-01,-0.051,0.058
4.56290e-01,-0.059,0.062
4.56300e-01,-0.059,0.062
4.56310e-01,-0.055,0.06
4.56320e-01,-0.057,0.06
4.56330e-01,-0.055,0.06
4.56340e-01,-0.057,0.064
4.56350e-01,-0.057,0.06
4.56360e-01,-0.057,0.064
4.56370e-01,-0.059,0.062
4.56380e-01,-0.059,0.06
4.56390e-01,-0.059,0.06
4.56400e-01,-0.059,0.062
4.56410e-01,-0.059,0.062
4.56420e-01,-0.059,0.064
4.56430e-01,-0.049,0.056
4.56440e-01,-0.055,0.06
4.56450e-01,-0.055,0.062
4.56460e-01,-0.063,0.064
4.56470e-01,-0.057,0.064
4.56480e-01,-0.055,0.058
4.56490e-01,-0.057,0.064
4.56500e-01,-0.055,0.06
4.56510e-01,-0.055,0.06
4.56520e-01,-0.043,0.052
4.56530e-01,-0.057,0.06
4.56540e-01,-0.055,0.062
4.56550e-01,-0.061,0.064
4.56560e-01,-0.061,0.066
4.56570e-01,-0.063,0.062
4.56580e-01,-0.059,0.068
4.56590e-01,-0.061,0.064
4.56600e-01,-0.059,0.064
4.56610e-01,-0.061,0.066
4.56620e-01,-0.061,0.064
4.56630e-01,-0.061,0.062
4.56640e-01,-0.061,0.062
4.56650e-01,-0.059,0.068
4.56660e-01,-0.059,0.064
4.56670e-01,-0.055,0.062
4.56680e-01,-0.059,0.064
4.56690e-01,-0.057,0.062
4.56700e-01,-0.047,0.05
4.56710e-01,-0.055,0.064
4.56720e-01,-0.061,0.062
4.56730e-01,-0.057,0.06
4.56740e-01,-0.055,0.06
4.56750e-01,-0.057,0.064
4.56760e-01,-0.061,0.062
4.56770e-01,-0.055,0.06
4.56780e-01,-0.051,0.06
4.56790e-01,-0.059,0.062
4.56800e-01,-0.055,0.06
4.56810e-01,-0.059,0.064
4.56820e-01,-0.061,0.064
4.56830e-01,-0.057,0.066
4.56840e-01,-0.057,0.064
4.56850e-01,-0.059,0.066
4.56860e-01,-0.063,0.064
4.56870e-01,-0.059,0.062
4.56880e-01,-0.059,0.06
4.56890e-01,-0.059,0.064
4.56900e-01,-0.057,0.06
4.56910e-01,-0.055,0.06
4.56920e-01,-0.059,0.066
4.56930e-01,-0.059,0.064
4.56940e-01,-0.063,0.066
4.56950e-01,-0.063,0.062
4.56960e-01,-0.051,0.06
4.56970e-01,-0.049,0.056
4.56980e-01,-0.045,0.054
4.56990e-01,-0.057,0.062
4.57000e-01,-0.057,0.062
4.57010e-01,-0.059,0.064
4.57020e-01,-0.061,0.064
4.57030e-01,-0.059,0.06
4.57040e-01,-0.059,0.064
4.57050e-01,-0.059,0.064
4.57060e-01,-0.061,0.062
4.57070e-01,-0.061,0.06
4.57080e-01,-0.059,0.064
4.57090e-01,-0.057,0.062
4.57100e-01,-0.059,0.062
4.57110e-01,-0.059,0.064
4.57120e-01,-0.059,0.062
4.57130e-01,-0.057,0.062
4.57140e-01,-0.061,0.06
4.57150e-01,-0.045,0.056
4.57160e-01,-0.059,0.06
4.57170e-01,-0.059,0.064
4.57180e-01,-0.059,0.064
4.57190e-01,-0.057,0.062
4.57200e-01,-0.059,0.062
4.57210e-01,-0.061,0.064
4.57220e-01,-0.061,0.064
4.57230e-01,-0.059,0.062
4.57240e-01,-0.059,0.064
4.57250e-01,-0.061,0.066
4.57260e-01,-0.059,0.064
4.57270e-01,-0.059,0.062
4.57280e-01,-0.057,0.066
4.57290e-01,-0.059,0.066
4.57300e-01,-0.063,0.062
4.57310e-01,-0.059,0.064
4.57320e-01,-0.059,0.064
4.57330e-01,-0.063,0.062
4.57340e-01,-0.059,0.064
4.57350e-01,-0.059,0.06
4.57360e-01,-0.053,0.06
4.57370e-01,-0.061,0.06
4.57380e-01,-0.055,0.062
4.57390e-01,-0.053,0.06
4.57400e-01,-0.049,0.056
4.57410e-01,-0.057,0.062
4.57420e-01,-0.061,0.062
4.57430e-01,-0.059,0.06
4.57440e-01,-0.059,0.064
4.57450e-01,-0.059,0.066
4.57460e-01,-0.061,0.062
4.57470e-01,-0.057,0.06
4.57480e-01,-0.061,0.064
4.57490e-01,-0.061,0.062
4.57500e-01,-0.057,0.062
4.57510e-01,-0.057,0.06
4.57520e-01,-0.055,0.062
4.57530e-01,-0.061,0.062
4.57540e-01,-0.057,0.062
4.57550e-01,-0.061,0.06
4.57560e-01,-0.057,0.066
4.57570e-01,-0.059,0.064
4.57580e-01,-0.061,0.062
4.57590e-01,-0.063,0.064
4.57600e-01,-0.059,0.064
4.57610e-01,-0.061,0.062
4.57620e-01,-0.055,0.062
4.57630e-01,-0.059,0.064
4.57640e-01,-0.049,0.058
4.57650e-01,-0.059,0.062
4.57660e-01,-0.055,0.06
4.57670e-01,-0.057,0.064
4.57680e-01,-0.049,0.054
4.57690e-01,-0.061,0.062
4.57700e-01,-0.059,0.064
4.57710e-01,-0.059,0.064
4.57720e-01,-0.055,0.06
4.57730e-01,-0.053,0.064
4.57740e-01,-0.061,0.064
4.57750e-01,-0.053,0.06
4.57760e-01,-0.059,0.062
4.57770e-01,-0.065,0.064
4.57780e-01,-0.063,0.064
4.57790e-01,-0.061,0.062
4.57800e-01,-0.057,0.06
4.57810e-01,-0.063,0.066
4.57820e-01,-0.057,0.062
4.57830e-01,-0.061,0.064
4.57840e-01,-0.065,0.064
4.57850e-01,-0.057,0.066
4.57860e-01,-0.051,0.058
4.57870e-01,-0.059,0.062
4.57880e-01,-0.063,0.066
4.57890e-01,-0.059,0.064
4.57900e-01,-0.057,0.06
4.57910e-01,-0.061,0.066
4.57920e-01,-0.059,0.064
4.57930e-01,-0.057,0.06
4.57940e-01,-0.059,0.062
4.57950e-01,-0.059,0.062
4.57960e-01,-0.059,0.064
4.57970e-01,-0.059,0.066
4.57980e-01,-0.059,0.06
4.57990e-01,-0.059,0.062
4.58000e-01,-0.059,0.062
4.58010e-01,-0.051,0.058
4.58020e-01,-0.055,0.062
4.58030e-01,-0.055,0.06
4.58040e-01,-0.053,0.058
4.58050e-01,-0.051,0.056
4.58060e-01,-0.051,0.058
4.58070e-01,-0.047,0.058
4.58080e-01,-0.059,0.062
4.58090e-01,-0.059,0.06
4.58100e-01,-0.057,0.062
4.58110e-01,-0.055,0.06
4.58120e-01,-0.047,0.056
4.58130e-01,-0.055,0.06
4.58140e-01,-0.053,0.056
4.58150e-01,-0.059,0.064
4.58160e-01,-0.059,0.062
4.58170e-01,-0.057,0.064
4.58180e-01,-0.059,0.062
4.58190e-01,-0.055,0.06
4.58200e-01,-0.061,0.064
4.58210e-01,-0.047,0.05
4.58220e-01,-0.059,0.064
4.58230e-01,-0.057,0.062
4.58240e-01,-0.057,0.064
4.58250e-01,-0.055,0.062
4.58260e-01,-0.061,0.06
4.58270e-01,-0.055,0.062
4.58280e-01,-0.061,0.066
4.58290e-01,-0.055,0.062
4.58300e-01,-0.061,0.062
4.58310e-01,-0.061,0.062
4.58320e-01,-0.059,0.064
4.58330e-01,-0.061,0.064
4.58340e-01,-0.057,0.06
4.58350e-01,-0.055,0.064
4.58360e-01,-0.059,0.064
4.58370e-01,-0.051,0.06
4.58380e-01,-0.063,0.066
4.58390e-01,-0.051,0.06
4.58400e-01,-0.059,0.056
4.58410e-01,-0.061,0.06
4.58420e-01,-0.059,0.062
4.58430e-01,-0.055,0.06
4.58440e-01,-0.057,0.062
4.58450e-01,-0.049,0.06
4.58460e-01,-0.059,0.06
4.58470e-01,-0.057,0.06
4.58480e-01,-0.061,0.062
4.58490e-01,-0.057,0.064
4.58500e-01,-0.055,0.06
4.58510e-01,-0.057,0.06
4.58520e-01,-0.049,0.052
4.58530e-01,-0.061,0.064
4.58540e-01,-0.061,0.064
4.58550e-01,-0.059,0.062
4.58560e-01,-0.061,0.068
4.58570e-01,-0.061,0.064
4.58580e-01,-0.059,0.064
4.58590e-01,-0.059,0.06
4.58600e-01,-0.055,0.064
4.58610e-01,-0.055,0.062
4.58620e-01,-0.063,0.062
4.58630e-01,-0.057,0.062
4.58640e-01,-0.059,0.062
4.58650e-01,-0.061,0.064
4.58660e-01,-0.053,0.06
4.58670e-01,-0.057,0.066
4.58680e-01,-0.049,0.056
4.58690e-01,-0.049,0.06
4.58700e-01,-0.053,0.06
4.58710e-01,-0.059,0.06
4.58720e-01,-0.053,0.058
4.58730e-01,-0.055,0.06
4.58740e-01,-0.057,0.062
4.58750e-01,-0.059,0.062
4.58760e-01,-0.055,0.06
4.58770e-01,-0.057,0.06
4.58780e-01,-0.057,0.062
4.58790e-01,-0.043,0.048
4.58800e-01,-0.055,0.056
4.58810e-01,-0.061,0.068
4.58820e-01,-0.057,0.06
4.58830e-01,-0.057,0.062
4.58840e-01,-0.051,0.056
4.58850e-01,-0.049,0.052
4.58860e-01,-0.055,0.06
4.58870e-01,-0.059,0.066
4.58880e-01,-0.063,0.064
4.58890e-01,-0.059,0.064
4.58900e-01,-0.061,0.064
4.58910e-01,-0.059,0.06
4.58920e-01,-0.055,0.062
4.58930e-01,-0.061,0.062
4.58940e-01,-0.061,0.068
4.58950e-01,-0.059,0.06
4.58960e-01,-0.063,0.064
4.58970e-01,-0.057,0.062
4.58980e-01,-0.055,0.062
4.58990e-01,-0.059,0.062
4.59000e-01,-0.061,0.064
4.59010e-01,-0.059,0.064
4.59020e-01,-0.057,0.064
4.59030e-01,-0.059,0.062
4.59040e-01,-0.063,0.064
4.59050e-01,-0.059,0.064
4.59060e-01,-0.061,0.064
4.59070e-01,-0.059,0.064
4.59080e-01,-0.063,0.064
4.59090e-01,-0.059,0.062
4.59100e-01,-0.059,0.062
4.59110e-01,-0.057,0.064
4.59120e-01,-0.043,0.05
4.59130e-01,-0.059,0.064
4.59140e-01,-0.059,0.064
4.59150e-01,-0.059,0.066
4.59160e-01,-0.063,0.064
4.59170e-01,-0.057,0.064
4.59180e-01,-0.059,0.064
4.59190e-01,-0.059,0.064
4.59200e-01,-0.051,0.056
4.59210e-01,-0.055,0.062
4.59220e-01,-0.057,0.062
4.59230e-01,-0.057,0.066
4.59240e-01,-0.061,0.06
4.59250e-01,-0.057,0.062
4.59260e-01,-0.059,0.064
4.59270e-01,-0.057,0.062
4.59280e-01,-0.059,0.062
4.59290e-01,-0.057,0.06
4.59300e-01,-0.057,0.064
4.59310e-01,-0.051,0.06
4.59320e-01,-0.057,0.064
4.59330e-01,-0.059,0.062
4.59340e-01,-0.059,0.062
4.59350e-01,-0.059,0.064
4.59360e-01,-0.059,0.06
4.59370e-01,-0.061,0.068
4.59380e-01,-0.055,0.06
4.59390e-01,-0.057,0.064
4.59400e-01,-0.059,0.066
4.59410e-01,-0.053,0.062
4.59420e-01,-0.055,0.066
4.59430e-01,-0.057,0.062
4.59440e-01,-0.059,0.064
4.59450e-01,-0.059,0.064
4.59460e-01,-0.061,0.062
4.59470e-01,-0.055,0.06
4.59480e-01,-0.061,0.062
4.59490e-01,-0.055,0.06
4.59500e-01,-0.059,0.064
4.59510e-01,-0.059,0.06
4.59520e-01,-0.055,0.058
4.59530e-01,-0.049,0.052
4.59540e-01,-0.061,0.064
4.59550e-01,-0.057,0.06
4.59560e-01,-0.061,0.064
4.59570e-01,-0.061,0.06
4.59580e-01,-0.059,0.064
4.59590e-01,-0.059,0.062
4.59600e-01,-0.051,0.056
4.59610e-01,-0.059,0.064
4.59620e-01,-0.057,0.06
4.59630e-01,-0.059,0.064
4.59640e-01,-0.051,0.06
4.59650e-01,-0.053,0.06
4.59660e-01,-0.051,0.056
4.59670e-01,-0.061,0.062
4.59680e-01,-0.059,0.064
4.59690e-01,-0.063,0.064
4.59700e-01,-0.055,0.062
4.59710e-01,-0.059,0.062
4.59720e-01,-0.055,0.06
4.59730e-01,-0.059,0.064
4.59740e-01,-0.059,0.06
4.59750e-01,-0.061,0.064
4.59760e-01,-0.053,0.058
4.59770e-01,-0.059,0.06
4.59780e-01,-0.059,0.062
4.59790e-01,-0.063,0.06
4.59800e-01,-0.053,0.06
4.59810e-01,-0.051,0.058
4.59820e-01,-0.061,0.06
4.59830e-01,-0.051,0.058
4.59840e-01,-0.057,0.06
4.59850e-01,-0.041,0.046
4.59860e-01,-0.057,0.062
4.59870e-01,-0.059,0.06
4.59880e-01,-0.059,0.062
4.59890e-01,-0.059,0.06
4.59900e-01,-0.049,0.056
4.59910e-01,-0.055,0.06
4.59920e-01,-0.053,0.056
4.59930e-01,-0.061,0.062
4.59940e-01,-0.059,0.062
4.59950e-01,-0.059,0.064
4.59960e-01,-0.057,0.06
4.59970e-01,-0.059,0.062
4.59980e-01,-0.063,0.06
4.59990e-01,-0.059,0.062
4.60000e-01,-0.059,0.06
4.60010e-01,-0.057,0.062
4.60020e-01,-0.057,0.066
4.60030e-01,-0.057,0.064
4.60040e-01,-0.057,0.06
4.60050e-01,-0.055,0.064
4.60060e-01,-0.061,0.064
4.60070e-01,-0.061,0.062
4.60080e-01,-0.059,0.064
4.60090e-01,-0.049,0.054
4.60100e-01,-0.057,0.058
4.60110e-01,-0.047,0.056
4.60120e-01,-0.055,0.056
4.60130e-01,-0.049,0.054
4.60140e-01,-0.055,0.062
4.60150e-01,-0.061,0.06
4.60160e-01,-0.057,0.064
4.60170e-01,-0.059,0.06
4.60180e-01,-0.063,0.064
4.60190e-01,-0.053,0.06
4.60200e-01,-0.063,0.062
4.60210e-01,-0.057,0.064
4.60220e-01,-0.057,0.066
4.60230e-01,-0.061,0.064
4.60240e-01,-0.061,0.062
4.60250e-01,-0.057,0.064
4.60260e-01,-0.055,0.06
4.60270e-01,-0.059,0.064
4.60280e-01,-0.055,0.06
4.60290e-01,-0.061,0.064
4.60300e-01,-0.049,0.056
4.60310e-01,-0.057,0.062
4.60320e-01,-0.055,0.06
4.60330e-01,-0.059,0.06
4.60340e-01,-0.059,0.06
4.60350e-01,-0.061,0.062
4.60360e-01,-0.057,0.06
4.60370e-01,-0.061,0.066
4.60380e-01,-0.053,0.054
4.60390e-01,-0.059,0.064
4.60400e-01,-0.059,0.066
4.60410e-01,-0.049,0.056
4.60420e-01,-0.061,0.064
4.60430e-01,-0.059,0.062
4.60440e-01,-0.059,0.06
4.60450e-01,-0.059,0.064
4.60460e-01,-0.057,0.064
4.60470e-01,-0.047,0.054
4.60480e-01,-0.059,0.064
4.60490e-01,-0.059,0.064
4.60500e-01,-0.059,0.062
4.60510e-01,-0.061,0.062
4.60520e-01,-0.059,0.066
4.60530e-01,-0.061,0.064
4.60540e-01,-0.059,0.062
4.60550e-01,-0.057,0.064
4.60560e-01,-0.061,0.066
4.60570e-01,-0.057,0.062
4.60580e-01,-0.059,0.064
4.60590e-01,-0.059,0.06
4.60600e-01,-0.057,0.062
4.60610e-01,-0.055,0.06
4.60620e-01,-0.059,0.064
4.60630e-01,-0.061,0.062
4.60640e-01,-0.057,0.06
4.60650e-01,-0.045,0.054
4.60660e-01,-0.059,0.064
4.60670e-01,-0.059,0.06
4.60680e-01,-0.059,0.064
4.60690e-01,-0.057,0.064
4.60700e-01,-0.057,0.06
4.60710e-01,-0.057,0.064
4.60720e-01,-0.053,0.056
4.60730e-01,-0.061,0.064
4.60740e-01,-0.053,0.06
4.60750e-01,-0.059,0.064
4.60760e-01,-0.055,0.06
4.60770e-01,-0.047,0.054
4.60780e-01,-0.059,0.06
4.60790e-01,-0.049,0.056
4.60800e-01,-0.061,0.066
4.60810e-01,-0.051,0.054
4.60820e-01,-0.055,0.062
4.60830e-01,-0.061,0.064
4.60840e-01,-0.055,0.062
4.60850e-01,-0.059,0.062
4.60860e-01,-0.057,0.062
4.60870e-01,-0.051,0.058
4.60880e-01,-0.059,0.064
4.60890e-01,-0.057,0.062
4.60900e-01,-0.057,0.062
4.60910e-01,-0.059,0.06
4.60920e-01,-0.057,0.064
4.60930e-01,-0.057,0.06
4.60940e-01,-0.059,0.064
4.60950e-01,-0.055,0.062
4.60960e-01,-0.059,0.068
4.60970e-01,-0.059,0.062
4.60980e-01,-0.057,0.062
4.60990e-01,-0.059,0.06
4.61000e-01,-0.055,0.058
4.61010e-01,-0.057,0.064
4.61020e-01,-0.055,0.06
4.61030e-01,-0.057,0.06
4.61040e-01,-0.059,0.06
4.61050e-01,-0.059,0.062
4.61060e-01,-0.061,0.066
4.61070e-01,-0.059,0.062
4.61080e-01,-0.051,0.06
4.61090e-01,-0.059,0.062
4.61100e-01,-0.057,0.058
4.61110e-01,-0.063,0.064
4.61120e-01,-0.057,0.06
4.61130e-01,-0.059,0.064
4.61140e-01,-0.059,0.062
4.61150e-01,-0.059,0.064
4.61160e-01,-0.047,0.054
4.61170e-01,-0.053,0.06
4.61180e-01,-0.061,0.062
4.61190e-01,-0.053,0.056
4.61200e-01,-0.051,0.056
4.61210e-01,-0.057,0.064
4.61220e-01,-0.061,0.066
4.61230e-01,-0.063,0.064
4.61240e-01,-0.049,0.06
4.61250e-01,-0.057,0.062
4.61260e-01,-0.057,0.062
4.61270e-01,-0.059,0.062
4.61280e-01,-0.053,0.064
4.61290e-01,-0.057,0.06
4.61300e-01,-0.055,0.06
4.61310e-01,-0.057,0.06
4.61320e-01,-0.059,0.062
4.61330e-01,-0.055,0.058
4.61340e-01,-0.059,0.064
4.61350e-01,-0.053,0.056
4.61360e-01,-0.059,0.062
4.61370e-01,-0.057,0.062
4.61380e-01,-0.059,0.064
4.61390e-01,-0.055,0.06
4.61400e-01,-0.059,0.062
4.61410e-01,-0.055,0.06
4.61420e-01,-0.059,0.064
4.61430e-01,-0.059,0.064
4.61440e-01,-0.051,0.052
4.61450e-01,-0.059,0.064
4.61460e-01,-0.055,0.06
4.61470e-01,-0.057,0.06
4.61480e-01,-0.055,0.058
4.61490e-01,-0.059,0.062
4.61500e-01,-0.061,0.064
4.61510e-01,-0.055,0.06
4.61520e-01,-0.057,0.066
4.61530e-01,-0.063,0.064
4.61540e-01,-0.059,0.06
4.61550e-01,-0.051,0.058
4.61560e-01,-0.057,0.064
4.61570e-01,-0.057,0.06
4.61580e-01,-0.059,0.062
4.61590e-01,-0.057,0.064
4.61600e-01,-0.051,0.06
4.61610e-01,-0.059,0.064
4.61620e-01,-0.061,0.06
4.61630e-01,-0.047,0.05
4.61640e-01,-0.059,0.066
4.61650e-01,-0.063,0.064
4.61660e-01,-0.049,0.052
4.61670e-01,-0.059,0.06
4.61680e-01,-0.059,0.062
4.61690e-01,-0.057,0.062
4.61700e-01,-0.061,0.062
4.61710e-01,-0.055,0.058
4.61720e-01,-0.063,0.062
4.61730e-01,-0.061,0.064
4.61740e-01,-0.057,0.06
4.61750e-01,-0.059,0.064
4.61760e-01,-0.059,0.06
4.61770e-01,-0.057,0.06
4.61780e-01,-0.057,0.064
4.61790e-01,-0.055,0.062
4.61800e-01,-0.061,0.064
4.61810e-01,-0.059,0.064
4.61820e-01,-0.059,0.06
4.61830e-01,-0.059,0.062
4.61840e-01,-0.055,0.06
4.61850e-01,-0.063,0.06
4.61860e-01,-0.059,0.062
4.61870e-01,-0.061,0.066
4.61880e-01,-0.055,0.056
4.61890e-01,-0.051,0.058
4.61900e-01,-0.057,0.064
4.61910e-01,-0.057,0.06
4.61920e-01,-0.059,0.062
4.61930e-01,-0.061,0.064
4.61940e-01,-0.055,0.06
4.61950e-01,-0.059,0.064
4.61960e-01,-0.061,0.062
4.61970e-01,-0.057,0.062
4.61980e-01,-0.061,0.062
4.61990e-01,-0.061,0.064
4.62000e-01,-0.061,0.064
4.62010e-01,-0.061,0.062
4.62020e-01,-0.059,0.062
4.62030e-01,-0.061,0.06
4.62040e-01,-0.055,0.058
4.62050e-01,-0.057,0.066
4.62060e-01,-0.055,0.06
4.62070e-01,-0.059,0.066
4.62080e-01,-0.057,0.064
4.62090e-01,-0.061,0.068
4.62100e-01,-0.053,0.058
4.62110e-01,-0.059,0.062
4.62120e-01,-0.045,0.058
4.62130e-01,-0.059,0.064
4.62140e-01,-0.045,0.052
4.62150e-01,-0.053,0.06
4.62160e-01,-0.055,0.06
4.62170e-01,-0.059,0.062
4.62180e-01,-0.059,0.062
4.62190e-01,-0.053,0.06
4.62200e-01,-0.059,0.062
4.62210e-01,-0.063,0.062
4.62220e-01,-0.055,0.06
4.62230e-01,-0.057,0.062
4.62240e-01,-0.053,0.062
4.62250e-01,-0.053,0.058
4.62260e-01,-0.057,0.06
4.62270e-01,-0.055,0.058
4.62280e-01,-0.061,0.064
4.62290e-01,-0.045,0.052
4.62300e-01,-0.061,0.06
4.62310e-01,-0.055,0.062
4.62320e-01,-0.059,0.06
4.62330e-01,-0.061,0.064
4.62340e-01,-0.059,0.066
4.62350e-01,-0.055,0.062
4.62360e-01,-0.055,0.062
4.62370e-01,-0.059,0.062
4.62380e-01,-0.059,0.066
4.62390e-01,-0.053,0.06
4.62400e-01,-0.055,0.062
4.62410e-01,-0.061,0.06
4.62420e-01,-0.051,0.054
4.62430e-01,-0.059,0.06
4.62440e-01,-0.049,0.058
4.62450e-01,-0.055,0.06
4.62460e-01,-0.059,0.066
4.62470e-01,-0.055,0.06
4.62480e-01,-0.057,0.062
4.62490e-01,-0.061,0.064
4.62500e-01,-0.055,0.056
4.62510e-01,-0.059,0.07
4.62520e-01,-0.055,0.058
4.62530e-01,-0.059,0.066
4.62540e-01,-0.049,0.056
4.62550e-01,-0.061,0.064
4.62560e-01,-0.053,0.056
4.62570e-01,-0.055,0.064
4.62580e-01,-0.057,0.062
4.62590e-01,-0.059,0.06
4.62600e-01,-0.057,0.06
4.62610e-01,-0.055,0.062
4.62620e-01,-0.057,0.058
4.62630e-01,-0.061,0.066
4.62640e-01,-0.061,0.064
4.62650e-01,-0.057,0.062
4.62660e-01,-0.059,0.064
4.62670e-01,-0.049,0.056
4.62680e-01,-0.059,0.064
4.62690e-01,-0.059,0.064
4.62700e-01,-0.055,0.056
4.62710e-01,-0.065,0.066
4.62720e-01,-0.047,0.054
4.62730e-01,-0.057,0.06
4.62740e-01,-0.049,0.06
4.62750e-01,-0.059,0.064
4.62760e-01,-0.061,0.064
4.62770e-01,-0.055,0.058
4.62780e-01,-0.057,0.06
4.62790e-01,-0.061,0.062
4.62800e-01,-0.061,0.064
4.62810e-01,-0.061,0.068
4.62820e-01,-0.061,0.064
4.62830e-01,-0.059,0.062
4.62840e-01,-0.057,0.062
4.62850e-01,-0.059,0.062
4.62860e-01,-0.061,0.064
4.62870e-01,-0.061,0.064
4.62880e-01,-0.059,0.064
4.62890e-01,-0.057,0.06
4.62900e-01,-0.059,0.064
4.62910e-01,-0.061,0.064
4.62920e-01,-0.059,0.068
4.62930e-01,-0.061,0.064
4.62940e-01,-0.055,0.06
4.62950e-01,-0.055,0.064
4.62960e-01,-0.053,0.058
4.62970e-01,-0.055,0.06
4.62980e-01,-0.061,0.064
4.62990e-01,-0.055,0.06
4.63000e-01,-0.059,0.062
4.63010e-01,-0.059,0.062
4.63020e-01,-0.063,0.06
4.63030e-01,-0.051,0.054
4.63040e-01,-0.061,0.06
4.63050e-01,-0.055,0.06
4.63060e-01,-0.059,0.064
4.63070e-01,-0.057,0.064
4.63080e-01,-0.055,0.062
4.63090e-01,-0.055,0.064
4.63100e-01,-0.055,0.064
4.63110e-01,-0.059,0.064
4.63120e-01,-0.059,0.064
4.63130e-01,-0.061,0.064
4.63140e-01,-0.061,0.062
4.63150e-01,-0.059,0.064
4.63160e-01,-0.059,0.064
4.63170e-01,-0.053,0.064
4.63180e-01,-0.061,0.062
4.63190e-01,-0.059,0.062
4.63200e-01,-0.053,0.06
4.63210e-01,-0.059,0.064
4.63220e-01,-0.057,0.07
4.63230e-01,-0.047,0.054
4.63240e-01,-0.055,0.06
4.63250e-01,-0.045,0.052
4.63260e-01,-0.059,0.064
4.63270e-01,-0.059,0.06
4.63280e-01,-0.055,0.06
4.63290e-01,-0.049,0.056
4.63300e-01,-0.053,0.06
4.63310e-01,-0.057,0.062
4.63320e-01,-0.051,0.06
4.63330e-01,-0.059,0.064
4.63340e-01,-0.055,0.058
4.63350e-01,-0.059,0.064
4.63360e-01,-0.059,0.062
4.63370e-01,-0.053,0.058
4.63380e-01,-0.057,0.06
4.63390e-01,-0.055,0.062
4.63400e-01,-0.047,0.056
4.63410e-01,-0.059,0.06
4.63420e-01,-0.053,0.056
4.63430e-01,-0.059,0.064
4.63440e-01,-0.057,0.062
4.63450e-01,-0.061,0.062
4.63460e-01,-0.059,0.064
4.63470e-01,-0.057,0.064
4.63480e-01,-0.061,0.062
4.63490e-01,-0.057,0.064
4.63500e-01,-0.061,0.062
4.63510e-01,-0.061,0.064
4.63520e-01,-0.061,0.064
4.63530e-01,-0.055,0.06
4.63540e-01,-0.059,0.06
4.63550e-01,-0.053,0.056
4.63560e-01,-0.061,0.062
4.63570e-01,-0.043,0.05
4.63580e-01,-0.055,0.066
4.63590e-01,-0.049,0.052
4.63600e-01,-0.049,0.054
4.63610e-01,-0.059,0.062
4.63620e-01,-0.051,0.056
4.63630e-01,-0.055,0.062
4.63640e-01,-0.053,0.062
4.63650e-01,-0.057,0.064
4.63660e-01,-0.059,0.062
4.63670e-01,-0.049,0.054
4.63680e-01,-0.055,0.064
4.63690e-01,-0.051,0.058
4.63700e-01,-0.055,0.062
4.63710e-01,-0.061,0.064
4.63720e-01,-0.059,0.066
4.63730e-01,-0.057,0.064
4.63740e-01,-0.059,0.064
4.63750e-01,-0.059,0.064
4.63760e-01,-0.059,0.064
4.63770e-01,-0.059,0.064
4.63780e-01,-0.057,0.06
4.63790e-01,-0.057,0.058
4.63800e-01,-0.055,0.064
4.63810e-01,-0.061,0.064
4.63820e-01,-0.063,0.064
4.63830e-01,-0.063,0.062
4.63840e-01,-0.059,0.064
4.63850e-01,-0.055,0.06
4.63860e-01,-0.061,0.066
4.63870e-01,-0.055,0.058
4.63880e-01,-0.059,0.064
4.63890e-01,-0.059,0.064
4.63900e-01,-0.053,0.058
4.63910e-01,-0.057,0.056
4.63920e-01,-0.053,0.056
4.63930e-01,-0.061,0.064
4.63940e-01,-0.037,0.048
4.63950e-01,-0.059,0.064
4.63960e-01,-0.059,0.062
4.63970e-01,-0.059,0.064
4.63980e-01,-0.057,0.06
4.63990e-01,-0.061,0.06
4.64000e-01,-0.057,0.06
4.64010e-01,-0.059,0.062
4.64020e-01,-0.049,0.054
4.64030e-01,-0.057,0.06
4.64040e-01,-0.057,0.06
4.64050e-01,-0.057,0.06
4.64060e-01,-0.047,0.05
4.64070e-01,-0.059,0.06
4.64080e-01,-0.055,0.06
4.64090e-01,-0.057,0.064
4.64100e-01,-0.061,0.064
4.64110e-01,-0.057,0.062
4.64120e-01,-0.059,0.06
4.64130e-01,-0.059,0.064
4.64140e-01,-0.059,0.064
4.64150e-01,-0.057,0.062
4.64160e-01,-0.057,0.058
4.64170e-01,-0.057,0.064
4.64180e-01,-0.059,0.064
4.64190e-01,-0.059,0.064
4.64200e-01,-0.059,0.062
4.64210e-01,-0.057,0.064
4.64220e-01,-0.059,0.06
4.64230e-01,-0.057,0.06
4.64240e-01,-0.055,0.06
4.64250e-01,-0.055,0.056
4.64260e-01,-0.061,0.066
4.64270e-01,-0.041,0.044
4.64280e-01,-0.055,0.06
4.64290e-01,-0.049,0.054
4.64300e-01,-0.057,0.06
4.64310e-01,-0.059,0.064
4.64320e-01,-0.057,0.066
4.64330e-01,-0.055,0.062
4.64340e-01,-0.061,0.064
4.64350e-01,-0.051,0.06
4.64360e-01,-0.059,0.062
4.64370e-01,-0.053,0.06
4.64380e-01,-0.059,0.062
4.64390e-01,-0.059,0.062
4.64400e-01,-0.053,0.056
4.64410e-01,-0.049,0.054
4.64420e-01,-0.055,0.064
4.64430e-01,-0.063,0.062
4.64440e-01,-0.059,0.06
4.64450e-01,-0.059,0.064
4.64460e-01,-0.057,0.064
4.64470e-01,-0.057,0.06
4.64480e-01,-0.059,0.06
4.64490e-01,-0.065,0.064
4.64500e-01,-0.059,0.064
4.64510e-01,-0.059,0.064
4.64520e-01,-0.061,0.068
4.64530e-01,-0.059,0.064
4.64540e-01,-0.061,0.066
4.64550e-01,-0.057,0.066
4.64560e-01,-0.059,0.06
4.64570e-01,-0.057,0.06
4.64580e-01,-0.059,0.06
4.64590e-01,-0.059,0.066
4.64600e-01,-0.059,0.062
4.64610e-01,-0.059,0.064
4.64620e-01,-0.059,0.06
4.64630e-01,-0.045,0.05
4.64640e-01,-0.061,0.064
4.64650e-01,-0.047,0.054
4.64660e-01,-0.055,0.062
4.64670e-01,-0.053,0.058
4.64680e-01,-0.059,0.066
4.64690e-01,-0.055,0.06
4.64700e-01,-0.055,0.06
4.64710e-01,-0.061,0.064
4.64720e-01,-0.059,0.062
4.64730e-01,-0.059,0.062
4.64740e-01,-0.051,0.056
4.64750e-01,-0.051,0.058
4.64760e-01,-0.055,0.062
4.64770e-01,-0.057,0.068
4.64780e-01,-0.063,0.064
4.64790e-01,-0.055,0.06
4.64800e-01,-0.061,0.062
4.64810e-01,-0.059,0.06
4.64820e-01,-0.061,0.064
4.64830e-01,-0.059,0.062
4.64840e-01,-0.059,0.064
4.64850e-01,-0.049,0.058
4.64860e-01,-0.061,0.064
4.64870e-01,-0.057,0.06
4.64880e-01,-0.053,0.062
4.64890e-01,-0.059,0.062
4.64900e-01,-0.061,0.064
4.64910e-01,-0.051,0.058
4.64920e-01,-0.057,0.066
4.64930e-01,-0.059,0.062
4.64940e-01,-0.057,0.062
4.64950e-01,-0.059,0.064
4.64960e-01,-0.051,0.058
4.64970e-01,-0.053,0.064
4.64980e-01,-0.051,0.058
4.64990e-01,-0.047,0.054
4.65000e-01,-0.059,0.062
4.65010e-01,-0.057,0.06
4.65020e-01,-0.057,0.066
4.65030e-01,-0.051,0.054
4.65040e-01,-0.057,0.066
4.65050e-01,-0.055,0.06
4.65060e-01,-0.055,0.06
4.65070e-01,-0.057,0.062
4.65080e-01,-0.051,0.058
4.65090e-01,-0.059,0.06
4.65100e-01,-0.055,0.06
4.65110e-01,-0.061,0.064
4.65120e-01,-0.053,0.058
4.65130e-01,-0.049,0.058
4.65140e-01,-0.057,0.06
4.65150e-01,-0.063,0.064
4.65160e-01,-0.061,0.062
4.65170e-01,-0.061,0.064
4.65180e-01,-0.063,0.064
4.65190e-01,-0.061,0.064
4.65200e-01,-0.057,0.064
4.65210e-01,-0.059,0.062
4.65220e-01,-0.059,0.064
4.65230e-01,-0.059,0.064
4.65240e-01,-0.059,0.064
4.65250e-01,-0.059,0.062
4.65260e-01,-0.055,0.064
4.65270e-01,-0.059,0.064
4.65280e-01,-0.059,0.062
4.65290e-01,-0.057,0.06
4.65300e-01,-0.049,0.056
4.65310e-01,-0.053,0.058
4.65320e-01,-0.057,0.062
4.65330e-01,-0.053,0.056
4.65340e-01,-0.057,0.062
4.65350e-01,-0.053,0.06
4.65360e-01,-0.059,0.062
4.65370e-01,-0.051,0.056
4.65380e-01,-0.059,0.062
4.65390e-01,-0.055,0.06
4.65400e-01,-0.065,0.066
4.65410e-01,-0.053,0.058
4.65420e-01,-0.051,0.062
4.65430e-01,-0.059,0.062
4.65440e-01,-0.043,0.05
4.65450e-01,-0.057,0.062
4.65460e-01,-0.035,0.042
4.65470e-01,-0.063,0.062
4.65480e-01,-0.059,0.064
4.65490e-01,-0.057,0.06
4.65500e-01,-0.055,0.06
4.65510e-01,-0.059,0.064
4.65520e-01,-0.057,0.062
4.65530e-01,-0.059,0.066
4.65540e-01,-0.063,0.066
4.65550e-01,-0.059,0.062
4.65560e-01,-0.049,0.052
4.65570e-01,-0.055,0.06
4.65580e-01,-0.053,0.06
4.65590e-01,-0.057,0.06
4.65600e-01,-0.051,0.058
4.65610e-01,-0.053,0.06
4.65620e-01,-0.059,0.06
4.65630e-01,-0.049,0.054
4.65640e-01,-0.059,0.06
4.65650e-01,-0.055,0.06
4.65660e-01,-0.059,0.064
4.65670e-01,-0.051,0.058
4.65680e-01,-0.057,0.068
4.65690e-01,-0.037,0.046
4.65700e-01,-0.059,0.066
4.65710e-01,-0.041,0.046
4.65720e-01,-0.057,0.064
4.65730e-01,-0.053,0.058
4.65740e-01,-0.041,0.048
4.65750e-01,-0.059,0.064
4.65760e-01,-0.061,0.066
4.65770e-01,-0.061,0.064
4.65780e-01,-0.061,0.062
4.65790e-01,-0.059,0.064
4.65800e-01,-0.061,0.06
4.65810e-01,-0.059,0.062
4.65820e-01,-0.061,0.06
4.65830e-01,-0.057,0.064
4.65840e-01,-0.057,0.06
4.65850e-01,-0.059,0.06
4.65860e-01,-0.059,0.066
4.65870e-01,-0.053,0.058
4.65880e-01,-0.055,0.062
4.65890e-01,-0.041,0.05
4.65900e-01,-0.061,0.06
4.65910e-01,-0.047,0.052
4.65920e-01,-0.059,0.062
4.65930e-01,-0.053,0.06
4.65940e-01,-0.059,0.064
4.65950e-01,-0.055,0.064
4.65960e-01,-0.053,0.064
4.65970e-01,-0.057,0.064
4.65980e-01,-0.061,0.062
4.65990e-01,-0.061,0.064
4.66000e-01,-0.059,0.064
4.66010e-01,-0.059,0.062
4.66020e-01,-0.059,0.064
4.66030e-01,-0.059,0.062
4.66040e-01,-0.061,0.06
4.66050e-01,-0.063,0.066
4.66060e-01,-0.061,0.062
4.66070e-01,-0.059,0.06
4.66080e-01,-0.053,0.064
4.66090e-01,-0.059,0.066
4.66100e-01,-0.059,0.062
4.66110e-01,-0.059,0.062
4.66120e-01,-0.063,0.064
4.66130e-01,-0.059,0.064
4.66140e-01,-0.053,0.06
4.66150e-01,-0.057,0.06
4.66160e-01,-0.049,0.052
4.66170e-01,-0.057,0.062
4.66180e-01,-0.045,0.048
4.66190e-01,-0.061,0.064
4.66200e-01,-0.059,0.064
4.66210e-01,-0.051,0.058
4.66220e-01,-0.059,0.064
4.66230e-01,-0.057,0.064
4.66240e-01,-0.057,0.062
4.66250e-01,-0.057,0.06
4.66260e-01,-0.059,0.064
4.66270e-01,-0.053,0.058
4.66280e-01,-0.059,0.062
4.66290e-01,-0.063,0.062
4.66300e-01,-0.057,0.064
4.66310e-01,-0.061,0.062
4.66320e-01,-0.055,0.062
4.66330e-01,-0.057,0.06
4.66340e-01,-0.061,0.062
4.66350e-01,-0.059,0.064
4.66360e-01,-0.059,0.064
4.66370e-01,-0.051,0.056
4.66380e-01,-0.059,0.064
4.66390e-01,-0.051,0.058
4.66400e-01,-0.053,0.058
4.66410e-01,-0.059,0.064
4.66420e-01,-0.047,0.054
4.66430e-01,-0.059,0.062
4.66440e-01,-0.057,0.064
4.66450e-01,-0.059,0.064
4.66460e-01,-0.063,0.066
4.66470e-01,-0.057,0.06
4.66480e-01,-0.057,0.062
4.66490e-01,-0.063,0.06
4.66500e-01,-0.057,0.062
4.66510e-01,-0.057,0.064
4.66520e-01,-0.049,0.058
4.66530e-01,-0.061,0.064
4.66540e-01,-0.039,0.05
4.66550e-01,-0.059,0.064
4.66560e-01,-0.047,0.05
4.66570e-01,-0.051,0.06
4.66580e-01,-0.061,0.066
4.66590e-01,-0.057,0.06
4.66600e-01,-0.063,0.062
4.66610e-01,-0.057,0.062
4.66620e-01,-0.053,0.064
4.66630e-01,-0.061,0.062
4.66640e-01,-0.055,0.058
4.66650e-01,-0.057,0.062
4.66660e-01,-0.061,0.06
4.66670e-01,-0.057,0.06
4.66680e-01,-0.057,0.06
4.66690e-01,-0.047,0.056
4.66700e-01,-0.055,0.06
4.66710e-01,-0.059,0.06
4.66720e-01,-0.059,0.06
4.66730e-01,-0.059,0.062
4.66740e-01,-0.059,0.062
4.66750e-01,-0.055,0.06
4.66760e-01,-0.059,0.062
4.66770e-01,-0.049,0.056
4.66780e-01,-0.049,0.05
4.66790e-01,-0.057,0.062
4.66800e-01,-0.049,0.054
4.66810e-01,-0.059,0.062
4.66820e-01,-0.057,0.06
4.66830e-01,-0.059,0.064
4.66840e-01,-0.059,0.064
4.66850e-01,-0.045,0.054
4.66860e-01,-0.055,0.06
4.66870e-01,-0.061,0.064
4.66880e-01,-0.061,0.068
4.66890e-01,-0.047,0.056
4.66900e-01,-0.059,0.064
4.66910e-01,-0.051,0.054
4.66920e-01,-0.059,0.06
4.66930e-01,-0.059,0.064
4.66940e-01,-0.051,0.056
4.66950e-01,-0.059,0.066
4.66960e-01,-0.055,0.062
4.66970e-01,-0.057,0.06
4.66980e-01,-0.051,0.06
4.66990e-01,-0.055,0.058
4.67000e-01,-0.059,0.064
4.67010e-01,-0.057,0.062
4.67020e-01,-0.055,0.06
4.67030e-01,-0.057,0.062
4.67040e-01,-0.061,0.062
4.67050e-01,-0.059,0.064
4.67060e-01,-0.063,0.062
4.67070e-01,-0.059,0.066
4.67080e-01,-0.061,0.064
4.67090e-01,-0.057,0.062
4.67100e-01,-0.061,0.062
4.67110e-01,-0.061,0.062
4.67120e-01,-0.057,0.064
4.67130e-01,-0.059,0.064
4.67140e-01,-0.059,0.064
4.67150e-01,-0.061,0.062
4.67160e-01,-0.057,0.064
4.67170e-01,-0.061,0.062
4.67180e-01,-0.057,0.064
4.67190e-01,-0.059,0.06
4.67200e-01,-0.055,0.06
4.67210e-01,-0.059,0.064
4.67220e-01,-0.055,0.06
4.67230e-01,-0.063,0.068
4.67240e-01,-0.059,0.064
4.67250e-01,-0.061,0.064
4.67260e-01,-0.059,0.062
4.67270e-01,-0.051,0.06
4.67280e-01,-0.061,0.062
4.67290e-01,-0.057,0.06
4.67300e-01,-0.059,0.064
4.67310e-01,-0.053,0.06
4.67320e-01,-0.063,0.064
4.67330e-01,-0.059,0.06
4.67340e-01,-0.063,0.062
4.67350e-01,-0.061,0.062
4.67360e-01,-0.049,0.056
4.67370e-01,-0.055,0.06
4.67380e-01,-0.059,0.064
4.67390e-01,-0.059,0.068
4.67400e-01,-0.063,0.064
4.67410e-01,-0.059,0.064
4.67420e-01,-0.055,0.064
4.67430e-01,-0.059,0.064
4.67440e-01,-0.059,0.062
4.67450e-01,-0.061,0.064
4.67460e-01,-0.055,0.062
4.67470e-01,-0.059,0.064
4.67480e-01,-0.059,0.064
4.67490e-01,-0.061,0.062
4.67500e-01,-0.057,0.06
4.67510e-01,-0.061,0.062
4.67520e-01,-0.055,0.054
4.67530e-01,-0.057,0.062
4.67540e-01,-0.057,0.062
4.67550e-01,-0.053,0.06
4.67560e-01,-0.055,0.06
4.67570e-01,-0.059,0.06
4.67580e-01,-0.049,0.06
4.67590e-01,-0.061,0.064
4.67600e-01,-0.061,0.064
4.67610e-01,-0.059,0.064
4.67620e-01,-0.059,0.062
4.67630e-01,-0.051,0.058
4.67640e-01,-0.059,0.062
4.67650e-01,-0.051,0.056
4.67660e-01,-0.063,0.064
4.67670e-01,-0.051,0.058
4.67680e-01,-0.057,0.062
4.67690e-01,-0.051,0.058
4.67700e-01,-0.061,0.066
4.67710e-01,-0.059,0.064
4.67720e-01,-0.057,0.06
4.67730e-01,-0.059,0.064
4.67740e-01,-0.061,0.062
4.67750e-01,-0.057,0.064
4.67760e-01,-0.057,0.062
4.67770e-01,-0.057,0.064
4.67780e-01,-0.059,0.062
4.67790e-01,-0.059,0.062
4.67800e-01,-0.061,0.064
4.67810e-01,-0.059,0.062
4.67820e-01,-0.059,0.066
4.67830e-01,-0.055,0.058
4.67840e-01,-0.061,0.066
4.67850e-01,-0.055,0.058
4.67860e-01,-0.061,0.064
4.67870e-01,-0.055,0.06
4.67880e-01,-0.059,0.062
4.67890e-01,-0.051,0.06
4.67900e-01,-0.039,0.048
4.67910e-01,-0.059,0.062
4.67920e-01,-0.049,0.054
4.67930e-01,-0.063,0.062
4.67940e-01,-0.059,0.064
4.67950e-01,-0.057,0.062
4.67960e-01,-0.053,0.058
4.67970e-01,-0.059,0.064
4.67980e-01,-0.045,0.056
4.67990e-01,-0.061,0.062
4.68000e-01,-0.061,0.062
4.68010e-01,-0.051,0.056
4.68020e-01,-0.061,0.064
4.68030e-01,-0.053,0.056
4.68040e-01,-0.053,0.06
4.68050e-01,-0.055,0.06
4.68060e-01,-0.057,0.064
4.68070e-01,-0.049,0.058
4.68080e-01,-0.065,0.066
4.68090e-01,-0.057,0.064
4.68100e-01,-0.061,0.064
4.68110e-01,-0.057,0.064
4.68120e-01,-0.055,0.06
4.68130e-01,-0.061,0.064
4.68140e-01,-0.049,0.056
4.68150e-01,-0.063,0.064
4.68160e-01,-0.057,0.058
4.68170e-01,-0.055,0.056
4.68180e-01,-0.055,0.06
4.68190e-01,-0.051,0.056
4.68200e-01,-0.057,0.062
4.68210e-01,-0.057,0.06
4.68220e-01,-0.061,0.066
4.68230e-01,-0.059,0.06
4.68240e-01,-0.063,0.062
4.68250e-01,-0.061,0.064
4.68260e-01,-0.061,0.062
4.68270e-01,-0.057,0.062
4.68280e-01,-0.053,0.06
4.68290e-01,-0.061,0.062
4.68300e-01,-0.057,0.06
4.68310e-01,-0.057,0.062
4.68320e-01,-0.057,0.064
4.68330e-01,-0.057,0.066
4.68340e-01,-0.061,0.066
4.68350e-01,-0.059,0.068
4.68360e-01,-0.059,0.064
4.68370e-01,-0.061,0.064
4.68380e-01,-0.053,0.056
4.68390e-01,-0.055,0.06
4.68400e-01,-0.053,0.06
4.68410e-01,-0.061,0.064
4.68420e-01,-0.061,0.066
4.68430e-01,-0.057,0.06
4.68440e-01,-0.055,0.06
4.68450e-01,-0.059,0.06
4.68460e-01,-0.057,0.062
4.68470e-01,-0.059,0.064
4.68480e-01,-0.057,0.062
4.68490e-01,-0.061,0.062
4.68500e-01,-0.055,0.064
4.68510e-01,-0.059,0.062
4.68520e-01,-0.061,0.064
4.68530e-01,-0.055,0.064
4.68540e-01,-0.057,0.062
4.68550e-01,-0.059,0.064
4.68560e-01,-0.059,0.064
4.68570e-01,-0.055,0.064
4.68580e-01,-0.059,0.066
4.68590e-01,-0.057,0.06
4.68600e-01,-0.055,0.06
4.68610e-01,-0.049,0.056
4.68620e-01,-0.059,0.06
4.68630e-01,-0.045,0.052
4.68640e-01,-0.057,0.062
4.68650e-01,-0.051,0.056
4.68660e-01,-0.053,0.06
4.68670e-01,-0.057,0.06
4.68680e-01,-0.059,0.06
4.68690e-01,-0.059,0.06
4.68700e-01,-0.051,0.058
4.68710e-01,-0.055,0.062
4.68720e-01,-0.057,0.06
4.68730e-01,-0.053,0.058
4.68740e-01,-0.059,0.062
4.68750e-01,-0.057,0.062
4.68760e-01,-0.045,0.05
4.68770e-01,-0.061,0.064
4.68780e-01,-0.055,0.062
4.68790e-01,-0.059,0.062
4.68800e-01,-0.039,0.048
4.68810e-01,-0.057,0.06
4.68820e-01,-0.053,0.058
4.68830e-01,-0.059,0.062
4.68840e-01,-0.059,0.06
4.68850e-01,-0.053,0.06
4.68860e-01,-0.059,0.064
4.68870e-01,-0.055,0.06
4.68880e-01,-0.059,0.066
4.68890e-01,-0.061,0.06
4.68900e-01,-0.059,0.062
4.68910e-01,-0.059,0.06
4.68920e-01,-0.059,0.062
4.68930e-01,-0.061,0.066
4.68940e-01,-0.057,0.06
4.68950e-01,-0.061,0.064
4.68960e-01,-0.059,0.06
4.68970e-01,-0.059,0.064
4.68980e-01,-0.055,0.06
4.68990e-01,-0.061,0.064
4.69000e-01,-0.053,0.058
4.69010e-01,-0.061,0.062
4.69020e-01,-0.051,0.058
4.69030e-01,-0.055,0.058
4.69040e-01,-0.053,0.06
4.69050e-01,-0.061,0.062
4.69060e-01,-0.059,0.06
4.69070e-01,-0.059,0.06
4.69080e-01,-0.049,0.06
4.69090e-01,-0.059,0.06
4.69100e-01,-0.059,0.06
4.69110e-01,-0.061,0.064
4.69120e-01,-0.059,0.064
4.69130e-01,-0.057,0.064
4.69140e-01,-0.057,0.062
4.69150e-01,-0.057,0.062
4.69160e-01,-0.057,0.06
4.69170e-01,-0.059,0.06
4.69180e-01,-0.053,0.06
4.69190e-01,-0.059,0.066
4.69200e-01,-0.057,0.06
4.69210e-01,-0.059,0.06
4.69220e-01,-0.059,0.06
4.69230e-01,-0.063,0.064
4.69240e-01,-0.057,0.066
4.69250e-01,-0.061,0.064
4.69260e-01,-0.059,0.06
4.69270e-01,-0.059,0.068
4.69280e-01,-0.057,0.064
4.69290e-01,-0.053,0.06
4.69300e-01,-0.055,0.064
4.69310e-01,-0.057,0.062
4.69320e-01,-0.055,0.06
4.69330e-01,-0.057,0.06
4.69340e-01,-0.059,0.062
4.69350e-01,-0.055,0.058
4.69360e-01,-0.059,0.064
4.69370e-01,-0.047,0.056
4.69380e-01,-0.057,0.062
4.69390e-01,-0.053,0.054
4.69400e-01,-0.057,0.06
4.69410e-01,-0.059,0.064
4.69420e-01,-0.061,0.064
4.69430e-01,-0.061,0.062
4.69440e-01,-0.057,0.064
4.69450e-01,-0.059,0.064
4.69460e-01,-0.063,0.062
4.69470e-01,-0.061,0.066
4.69480e-01,-0.055,0.064
4.69490e-01,-0.059,0.066
4.69500e-01,-0.057,0.066
4.69510e-01,-0.061,0.064
4.69520e-01,-0.055,0.06
4.69530e-01,-0.061,0.064
4.69540e-01,-0.055,0.062
4.69550e-01,-0.055,0.062
4.69560e-01,-0.063,0.062
4.69570e-01,-0.061,0.062
4.69580e-01,-0.055,0.06
4.69590e-01,-0.055,0.058
4.69600e-01,-0.049,0.058
4.69610e-01,-0.057,0.064
4.69620e-01,-0.059,0.062
4.69630e-01,-0.055,0.058
4.69640e-01,-0.059,0.062
4.69650e-01,-0.055,0.056
4.69660e-01,-0.059,0.066
4.69670e-01,-0.061,0.06
4.69680e-01,-0.061,0.064
4.69690e-01,-0.057,0.06
4.69700e-01,-0.061,0.064
4.69710e-01,-0.049,0.056
4.69720e-01,-0.057,0.062
4.69730e-01,-0.047,0.054
4.69740e-01,-0.061,0.064
4.69750e-01,-0.053,0.058
4.69760e-01,-0.061,0.064
4.69770e-01,-0.059,0.062
4.69780e-01,-0.059,0.06
4.69790e-01,-0.061,0.062
4.69800e-01,-0.063,0.064
4.69810e-01,-0.063,0.064
4.69820e-01,-0.057,0.062
4.69830e-01,-0.061,0.064
4.69840e-01,-0.057,0.062
4.69850e-01,-0.061,0.064
4.69860e-01,-0.061,0.062
4.69870e-01,-0.055,0.064
4.69880e-01,-0.053,0.06
4.69890e-01,-0.059,0.07
4.69900e-01,-0.055,0.058
4.69910e-01,-0.061,0.062
4.69920e-01,-0.059,0.062
4.69930e-01,-0.059,0.064
4.69940e-01,-0.057,0.062
4.69950e-01,-0.061,0.064
4.69960e-01,-0.057,0.064
4.69970e-01,-0.049,0.052
4.69980e-01,-0.057,0.064
4.69990e-01,-0.059,0.06
4.70000e-01,-0.059,0.066
4.70010e-01,-0.055,0.062
4.70020e-01,-0.051,0.06
4.70030e-01,-0.055,0.06
4.70040e-01,-0.059,0.064
4.70050e-01,-0.063,0.062
4.70060e-01,-0.059,0.064
4.70070e-01,-0.057,0.06
4.70080e-01,-0.059,0.064
4.70090e-01,-0.053,0.062
4.70100e-01,-0.061,0.06
4.70110e-01,-0.061,0.066
4.70120e-01,-0.057,0.062
4.70130e-01,-0.057,0.062
4.70140e-01,-0.057,0.06
4.70150e-01,-0.059,0.062
4.70160e-01,-0.055,0.064
4.70170e-01,-0.061,0.066
4.70180e-01,-0.061,0.062
4.70190e-01,-0.055,0.064
4.70200e-01,-0.057,0.062
4.70210e-01,-0.055,0.06
4.70220e-01,-0.059,0.062
4.70230e-01,-0.055,0.066
4.70240e-01,-0.057,0.068
4.70250e-01,-0.053,0.06
4.70260e-01,-0.053,0.06
4.70270e-01,-0.041,0.048
4.70280e-01,-0.057,0.062
4.70290e-01,-0.059,0.062
4.70300e-01,-0.059,0.064
4.70310e-01,-0.041,0.048
4.70320e-01,-0.055,0.06
4.70330e-01,-0.059,0.068
4.70340e-01,-0.061,0.068
4.70350e-01,-0.057,0.064
4.70360e-01,-0.063,0.064
4.70370e-01,-0.057,0.06
4.70380e-01,-0.059,0.066
4.70390e-01,-0.059,0.062
4.70400e-01,-0.055,0.056
4.70410e-01,-0.061,0.064
4.70420e-01,-0.061,0.066
4.70430e-01,-0.061,0.06
4.70440e-01,-0.053,0.06
4.70450e-01,-0.059,0.062
4.70460e-01,-0.061,0.064
4.70470e-01,-0.057,0.062
4.70480e-01,-0.061,0.062
4.70490e-01,-0.045,0.054
4.70500e-01,-0.057,0.064
4.70510e-01,-0.055,0.062
4.70520e-01,-0.059,0.066
4.70530e-01,-0.049,0.056
4.70540e-01,-0.063,0.06
4.70550e-01,-0.061,0.064
4.70560e-01,-0.061,0.064
4.70570e-01,-0.061,0.062
4.70580e-01,-0.059,0.062
4.70590e-01,-0.057,0.062
4.70600e-01,-0.055,0.066
4.70610e-01,-0.059,0.06
4.70620e-01,-0.057,0.066
4.70630e-01,-0.055,0.06
4.70640e-01,-0.059,0.062
4.70650e-01,-0.053,0.06
4.70660e-01,-0.057,0.064
4.70670e-01,-0.059,0.062
4.70680e-01,-0.061,0.062
4.70690e-01,-0.063,0.066
4.70700e-01,-0.055,0.066
4.70710e-01,-0.055,0.06
4.70720e-01,-0.061,0.062
4.70730e-01,-0.059,0.066
4.70740e-01,-0.061,0.066
4.70750e-01,-0.059,0.064
4.70760e-01,-0.047,0.052
4.70770e-01,-0.059,0.064
4.70780e-01,-0.051,0.058
4.70790e-01,-0.057,0.064
4.70800e-01,-0.055,0.056
4.70810e-01,-0.057,0.06
4.70820e-01,-0.057,0.062
4.70830e-01,-0.043,0.048
4.70840e-01,-0.061,0.064
4.70850e-01,-0.053,0.06
4.70860e-01,-0.057,0.062
4.70870e-01,-0.061,0.064
4.70880e-01,-0.057,0.06
4.70890e-01,-0.061,0.062
4.70900e-01,-0.059,0.064
4.70910e-01,-0.059,0.066
4.70920e-01,-0.051,0.06
4.70930e-01,-0.059,0.062
4.70940e-01,-0.061,0.066
4.70950e-01,-0.059,0.068
4.70960e-01,-0.059,0.064
4.70970e-01,-0.059,0.064
4.70980e-01,-0.057,0.066
4.70990e-01,-0.055,0.06
4.71000e-01,-0.061,0.064
4.71010e-01,-0.057,0.062
4.71020e-01,-0.039,0.046
4.71030e-01,-0.057,0.066
4.71040e-01,-0.055,0.06
4.71050e-01,-0.059,0.06
4.71060e-01,-0.049,0.058
4.71070e-01,-0.061,0.066
4.71080e-01,-0.051,0.058
4.71090e-01,-0.053,0.058
4.71100e-01,-0.059,0.062
4.71110e-01,-0.043,0.048
4.71120e-01,-0.059,0.064
4.71130e-01,-0.057,0.06
4.71140e-01,-0.057,0.062
4.71150e-01,-0.061,0.06
4.71160e-01,-0.055,0.06
4.71170e-01,-0.057,0.06
4.71180e-01,-0.061,0.064
4.71190e-01,-0.059,0.062
4.71200e-01,-0.061,0.062
4.71210e-01,-0.061,0.064
4.71220e-01,-0.059,0.064
4.71230e-01,-0.055,0.06
4.71240e-01,-0.061,0.064
4.71250e-01,-0.055,0.06
4.71260e-01,-0.061,0.066
4.71270e-01,-0.057,0.064
4.71280e-01,-0.059,0.06
4.71290e-01,-0.059,0.066
4.71300e-01,-0.057,0.06
4.71310e-01,-0.061,0.062
4.71320e-01,-0.059,0.066
4.71330e-01,-0.055,0.058
4.71340e-01,-0.055,0.06
4.71350e-01,-0.051,0.06
4.71360e-01,-0.059,0.062
4.71370e-01,-0.043,0.048
4.71380e-01,-0.057,0.058
4.71390e-01,-0.053,0.056
4.71400e-01,-0.055,0.056
4.71410e-01,-0.055,0.062
4.71420e-01,-0.059,0.066
4.71430e-01,-0.059,0.064
4.71440e-01,-0.059,0.064
4.71450e-01,-0.057,0.06
4.71460e-01,-0.059,0.064
4.71470e-01,-0.063,0.064
4.71480e-01,-0.063,0.06
4.71490e-01,-0.057,0.064
4.71500e-01,-0.059,0.062
4.71510e-01,-0.061,0.064
4.71520e-01,-0.057,0.06
4.71530e-01,-0.057,0.062
4.71540e-01,-0.059,0.064
4.71550e-01,-0.059,0.064
4.71560e-01,-0.057,0.064
4.71570e-01,-0.059,0.064
4.71580e-01,-0.057,0.062
4.71590e-01,-0.059,0.062
4.71600e-01,-0.059,0.064
4.71610e-01,-0.057,0.06
4.71620e-01,-0.057,0.062
4.71630e-01,-0.059,0.06
4.71640e-01,-0.057,0.064
4.71650e-01,-0.057,0.062
4.71660e-01,-0.061,0.062
4.71670e-01,-0.055,0.062
4.71680e-01,-0.061,0.06
4.71690e-01,-0.061,0.064
4.71700e-01,-0.061,0.064
4.71710e-01,-0.057,0.064
4.71720e-01,-0.061,0.064
4.71730e-01,-0.059,0.062
4.71740e-01,-0.057,0.062
4.71750e-01,-0.063,0.064
4.71760e-01,-0.063,0.06
4.71770e-01,-0.059,0.064
4.71780e-01,-0.063,0.062
4.71790e-01,-0.055,0.058
4.71800e-01,-0.061,0.06
4.71810e-01,-0.059,0.062
4.71820e-01,-0.059,0.06
4.71830e-01,-0.059,0.064
4.71840e-01,-0.059,0.064
4.71850e-01,-0.061,0.062
4.71860e-01,-0.057,0.06
4.71870e-01,-0.061,0.064
4.71880e-01,-0.053,0.062
4.71890e-01,-0.053,0.06
4.71900e-01,-0.059,0.062
4.71910e-01,-0.059,0.066
4.71920e-01,-0.057,0.062
4.71930e-01,-0.057,0.06
4.71940e-01,-0.057,0.064
4.71950e-01,-0.053,0.06
4.71960e-01,-0.055,0.06
4.71970e-01,-0.051,0.056
4.71980e-01,-0.059,0.066
4.71990e-01,-0.055,0.06
4.72000e-01,-0.059,0.064
4.72010e-01,-0.061,0.062
4.72020e-01,-0.061,0.062
4.72030e-01,-0.057,0.062
4.72040e-01,-0.059,0.06
4.72050e-01,-0.063,0.062
4.72060e-01,-0.057,0.062
4.72070e-01,-0.059,0.064
4.72080e-01,-0.059,0.062
4.72090e-01,-0.061,0.064
4.72100e-01,-0.057,0.064
4.72110e-01,-0.057,0.06
4.72120e-01,-0.057,0.062
4.72130e-01,-0.059,0.066
4.72140e-01,-0.057,0.06
4.72150e-01,-0.057,0.066
4.72160e-01,-0.059,0.064
4.72170e-01,-0.061,0.064
4.72180e-01,-0.061,0.064
4.72190e-01,-0.061,0.06
4.72200e-01,-0.057,0.064
4.72210e-01,-0.055,0.062
4.72220e-01,-0.055,0.062
4.72230e-01,-0.055,0.058
4.72240e-01,-0.059,0.064
4.72250e-01,-0.057,0.066
4.72260e-01,-0.061,0.062
4.72270e-01,-0.059,0.064
4.72280e-01,-0.057,0.06
4.72290e-01,-0.059,0.064
4.72300e-01,-0.057,0.064
4.72310e-01,-0.057,0.062
4.72320e-01,-0.061,0.064
4.72330e-01,-0.059,0.066
4.72340e-01,-0.057,0.062
4.72350e-01,-0.059,0.062
4.72360e-01,-0.057,0.064
4.72370e-01,-0.051,0.058
4.72380e-01,-0.063,0.064
4.72390e-01,-0.057,0.06
4.72400e-01,-0.061,0.068
4.72410e-01,-0.055,0.06
4.72420e-01,-0.057,0.064
4.72430e-01,-0.059,0.062
4.72440e-01,-0.063,0.064
4.72450e-01,-0.057,0.064
4.72460e-01,-0.059,0.064
4.72470e-01,-0.055,0.062
4.72480e-01,-0.057,0.06
4.72490e-01,-0.041,0.046
4.72500e-01,-0.047,0.054
4.72510e-01,-0.059,0.064
4.72520e-01,-0.057,0.062
4.72530e-01,-0.059,0.064
4.72540e-01,-0.057,0.064
4.72550e-01,-0.057,0.06
4.72560e-01,-0.059,0.064
4.72570e-01,-0.057,0.064
4.72580e-01,-0.061,0.062
4.72590e-01,-0.059,0.062
4.72600e-01,-0.059,0.064
4.72610e-01,-0.059,0.062
4.72620e-01,-0.061,0.062
4.72630e-01,-0.061,0.062
4.72640e-01,-0.061,0.062
4.72650e-01,-0.059,0.064
4.72660e-01,-0.057,0.064
4.72670e-01,-0.057,0.062
4.72680e-01,-0.057,0.062
4.72690e-01,-0.059,0.066
4.72700e-01,-0.055,0.06
4.72710e-01,-0.061,0.062
4.72720e-01,-0.063,0.066
4.72730e-01,-0.057,0.06
4.72740e-01,-0.059,0.064
4.72750e-01,-0.059,0.068
4.72760e-01,-0.059,0.064
4.72770e-01,-0.059,0.062
4.72780e-01,-0.049,0.054
4.72790e-01,-0.061,0.064
4.72800e-01,-0.059,0.058
4.72810e-01,-0.059,0.06
4.72820e-01,-0.055,0.062
4.72830e-01,-0.059,0.062
4.72840e-01,-0.055,0.06
4.72850e-01,-0.057,0.064
4.72860e-01,-0.055,0.06
4.72870e-01,-0.059,0.066
4.72880e-01,-0.051,0.058
4.72890e-01,-0.059,0.066
4.72900e-01,-0.055,0.062
4.72910e-01,-0.057,0.062
4.72920e-01,-0.061,0.066
4.72930e-01,-0.061,0.064
4.72940e-01,-0.061,0.062
4.72950e-01,-0.059,0.064
4.72960e-01,-0.059,0.062
4.72970e-01,-0.061,0.064
4.72980e-01,-0.063,0.064
4.72990e-01,-0.061,0.064
4.73000e-01,-0.059,0.064
4.73010e-01,-0.061,0.064
4.73020e-01,-0.057,0.064
4.73030e-01,-0.059,0.062
4.73040e-01,-0.059,0.066
4.73050e-01,-0.059,0.064
4.73060e-01,-0.061,0.066
4.73070e-01,-0.061,0.064
4.73080e-01,-0.059,0.06
4.73090e-01,-0.055,0.06
4.73100e-01,-0.055,0.06
4.73110e-01,-0.055,0.06
4.73120e-01,-0.059,0.062
4.73130e-01,-0.059,0.066
4.73140e-01,-0.061,0.064
4.73150e-01,-0.059,0.062
4.73160e-01,-0.057,0.064
4.73170e-01,-0.059,0.062
4.73180e-01,-0.053,0.064
4.73190e-01,-0.059,0.064
4.73200e-01,-0.057,0.062
4.73210e-01,-0.055,0.064
4.73220e-01,-0.057,0.062
4.73230e-01,-0.057,0.062
4.73240e-01,-0.061,0.062
4.73250e-01,-0.057,0.064
4.73260e-01,-0.061,0.064
4.73270e-01,-0.059,0.06
4.73280e-01,-0.057,0.06
4.73290e-01,-0.053,0.06
4.73300e-01,-0.059,0.062
4.73310e-01,-0.059,0.062
4.73320e-01,-0.059,0.064
4.73330e-01,-0.057,0.064
4.73340e-01,-0.057,0.06
4.73350e-01,-0.057,0.06
4.73360e-01,-0.055,0.06
4.73370e-01,-0.057,0.06
4.73380e-01,-0.051,0.06
4.73390e-01,-0.059,0.062
4.73400e-01,-0.061,0.064
4.73410e-01,-0.057,0.06
4.73420e-01,-0.061,0.06
4.73430e-01,-0.063,0.062
4.73440e-01,-0.057,0.066
4.73450e-01,-0.057,0.062
4.73460e-01,-0.063,0.062
4.73470e-01,-0.055,0.06
4.73480e-01,-0.049,0.052
4.73490e-01,-0.057,0.062
4.73500e-01,-0.061,0.062
4.73510e-01,-0.059,0.066
4.73520e-01,-0.063,0.064
4.73530e-01,-0.057,0.066
4.73540e-01,-0.061,0.062
4.73550e-01,-0.059,0.062
4.73560e-01,-0.055,0.06
4.73570e-01,-0.061,0.066
4.73580e-01,-0.051,0.062
4.73590e-01,-0.061,0.064
4.73600e-01,-0.061,0.062
4.73610e-01,-0.055,0.062
4.73620e-01,-0.057,0.066
4.73630e-01,-0.059,0.06
4.73640e-01,-0.057,0.06
4.73650e-01,-0.061,0.06
4.73660e-01,-0.061,0.062
4.73670e-01,-0.055,0.06
4.73680e-01,-0.059,0.06
4.73690e-01,-0.059,0.064
4.73700e-01,-0.055,0.06
4.73710e-01,-0.059,0.064
4.73720e-01,-0.063,0.06
4.73730e-01,-0.055,0.056
4.73740e-01,-0.053,0.06
4.73750e-01,-0.043,0.048
4.73760e-01,-0.051,0.058
4.73770e-01,-0.049,0.056
4.73780e-01,-0.041,0.048
4.73790e-01,-0.053,0.058
4.73800e-01,-0.057,0.06
4.73810e-01,-0.057,0.06
4.73820e-01,-0.059,0.064
4.73830e-01,-0.057,0.064
4.73840e-01,-0.059,0.066
4.73850e-01,-0.053,0.06
4.73860e-01,-0.053,0.06
4.73870e-01,-0.059,0.064
4.73880e-01,-0.057,0.062
4.73890e-01,-0.057,0.064
4.73900e-01,-0.059,0.062
4.73910e-01,-0.059,0.06
4.73920e-01,-0.057,0.066
4.73930e-01,-0.053,0.056
4.73940e-01,-0.055,0.062
4.73950e-01,-0.055,0.062
4.73960e-01,-0.059,0.06
4.73970e-01,-0.059,0.062
4.73980e-01,-0.063,0.064
4.73990e-01,-0.059,0.064
4.74000e-01,-0.059,0.066
4.74010e-01,-0.059,0.06
4.74020e-01,-0.059,0.062
4.74030e-01,-0.057,0.06
4.74040e-01,-0.061,0.06
4.74050e-01,-0.057,0.06
4.74060e-01,-0.061,0.064
4.74070e-01,-0.061,0.066
4.74080e-01,-0.061,0.066
4.74090e-01,-0.061,0.064
4.74100e-01,-0.061,0.062
4.74110e-01,-0.061,0.064
4.74120e-01,-0.061,0.064
4.74130e-01,-0.059,0.064
4.74140e-01,-0.061,0.066
4.74150e-01,-0.063,0.06
4.74160e-01,-0.059,0.064
4.74170e-01,-0.047,0.06
4.74180e-01,-0.059,0.06
4.74190e-01,-0.061,0.068
4.74200e-01,-0.059,0.062
4.74210e-01,-0.057,0.06
4.74220e-01,-0.061,0.064
4.74230e-01,-0.055,0.062
4.74240e-01,-0.061,0.064
4.74250e-01,-0.061,0.062
4.74260e-01,-0.059,0.06
4.74270e-01,-0.059,0.064
4.74280e-01,-0.061,0.062
4.74290e-01,-0.059,0.064
4.74300e-01,-0.057,0.066
4.74310e-01,-0.061,0.064
4.74320e-01,-0.055,0.06
4.74330e-01,-0.057,0.06
4.74340e-01,-0.061,0.064
4.74350e-01,-0.063,0.066
4.74360e-01,-0.061,0.066
4.74370e-01,-0.059,0.066
4.74380e-01,-0.059,0.064
4.74390e-01,-0.059,0.064
4.74400e-01,-0.063,0.062
4.74410e-01,-0.057,0.06
4.74420e-01,-0.047,0.054
4.74430e-01,-0.063,0.064
4.74440e-01,-0.057,0.064
4.74450e-01,-0.059,0.062
4.74460e-01,-0.063,0.064
4.74470e-01,-0.059,0.064
4.74480e-01,-0.059,0.064
4.74490e-01,-0.057,0.064
4.74500e-01,-0.063,0.064
4.74510e-01,-0.055,0.062
4.74520e-01,-0.059,0.062
4.74530e-01,-0.057,0.064
4.74540e-01,-0.061,0.064
4.74550e-01,-0.061,0.064
4.74560e-01,-0.061,0.062
4.74570e-01,-0.059,0.064
4.74580e-01,-0.063,0.066
4.74590e-01,-0.057,0.06
4.74600e-01,-0.057,0.064
4.74610e-01,-0.061,0.064
4.74620e-01,-0.059,0.064
4.74630e-01,-0.059,0.064
4.74640e-01,-0.057,0.068
4.74650e-01,-0.059,0.064
4.74660e-01,-0.059,0.064
4.74670e-01,-0.061,0.064
4.74680e-01,-0.063,0.06
4.74690e-01,-0.059,0.066
4.74700e-01,-0.057,0.064
4.74710e-01,-0.061,0.066
4.74720e-01,-0.061,0.064
4.74730e-01,-0.055,0.06
4.74740e-01,-0.057,0.06
4.74750e-01,-0.059,0.062
4.74760e-01,-0.057,0.064
4.74770e-01,-0.057,0.06
4.74780e-01,-0.061,0.062
4.74790e-01,-0.061,0.062
4.74800e-01,-0.061,0.066
4.74810e-01,-0.057,0.064
4.74820e-01,-0.055,0.062
4.74830e-01,-0.059,0.06
4.74840e-01,-0.057,0.064
4.74850e-01,-0.063,0.062
4.74860e-01,-0.059,0.064
4.74870e-01,-0.053,0.056
4.74880e-01,-0.061,0.064
4.74890e-01,-0.057,0.064
4.74900e-01,-0.061,0.062
4.74910e-01,-0.061,0.066
4.74920e-01,-0.059,0.066
4.74930e-01,-0.059,0.062
4.74940e-01,-0.059,0.064
4.74950e-01,-0.055,0.064
4.74960e-01,-0.061,0.064
4.74970e-01,-0.059,0.066
4.74980e-01,-0.059,0.06
4.74990e-01,-0.061,0.066
4.75000e-01,-0.057,0.062
4.75010e-01,-0.063,0.062
4.75020e-01,-0.065,0.064
4.75030e-01,-0.053,0.06
4.75040e-01,-0.051,0.058
4.75050e-01,-0.059,0.062
4.75060e-01,-0.059,0.064
4.75070e-01,-0.059,0.062
4.75080e-01,-0.059,0.064
4.75090e-01,-0.059,0.064
4.75100e-01,-0.063,0.062
4.75110e-01,-0.055,0.062
4.75120e-01,-0.055,0.06
4.75130e-01,-0.059,0.062
4.75140e-01,-0.063,0.064
4.75150e-01,-0.057,0.058
4.75160e-01,-0.055,0.058
4.75170e-01,-0.053,0.06
4.75180e-01,-0.059,0.064
4.75190e-01,-0.057,0.06
4.75200e-01,-0.059,0.064
4.75210e-01,-0.059,0.062
4.75220e-01,-0.059,0.064
4.75230e-01,-0.061,0.066
4.75240e-01,-0.057,0.06
4.75250e-01,-0.059,0.066
4.75260e-01,-0.055,0.06
4.75270e-01,-0.063,0.066
4.75280e-01,-0.055,0.058
4.75290e-01,-0.057,0.062
4.75300e-01,-0.059,0.06
4.75310e-01,-0.061,0.06
4.75320e-01,-0.059,0.064
4.75330e-01,-0.057,0.064
4.75340e-01,-0.055,0.064
4.75350e-01,-0.057,0.06
4.75360e-01,-0.059,0.064
4.75370e-01,-0.057,0.056
4.75380e-01,-0.059,0.058
4.75390e-01,-0.061,0.062
4.75400e-01,-0.053,0.06
4.75410e-01,-0.055,0.06
4.75420e-01,-0.059,0.064
4.75430e-01,-0.055,0.06
4.75440e-01,-0.059,0.068
4.75450e-01,-0.057,0.064
4.75460e-01,-0.061,0.062
4.75470e-01,-0.059,0.062
4.75480e-01,-0.059,0.064
4.75490e-01,-0.055,0.06
4.75500e-01,-0.053,0.06
4.75510e-01,-0.055,0.062
4.75520e-01,-0.057,0.062
4.75530e-01,-0.063,0.062
4.75540e-01,-0.061,0.064
4.75550e-01,-0.051,0.058
4.75560e-01,-0.063,0.062
4.75570e-01,-0.061,0.066
4.75580e-01,-0.059,0.064
4.75590e-01,-0.059,0.06
4.75600e-01,-0.057,0.06
4.75610e-01,-0.057,0.064
4.75620e-01,-0.053,0.058
4.75630e-01,-0.061,0.062
4.75640e-01,-0.059,0.06
4.75650e-01,-0.045,0.052
4.75660e-01,-0.057,0.06
4.75670e-01,-0.057,0.06
4.75680e-01,-0.059,0.064
4.75690e-01,-0.061,0.062
4.75700e-01,-0.057,0.064
4.75710e-01,-0.057,0.064
4.75720e-01,-0.057,0.064
4.75730e-01,-0.059,0.064
4.75740e-01,-0.057,0.06
4.75750e-01,-0.061,0.064
4.75760e-01,-0.055,0.06
4.75770e-01,-0.059,0.064
4.75780e-01,-0.063,0.062
4.75790e-01,-0.059,0.064
4.75800e-01,-0.057,0.066
4.75810e-01,-0.061,0.066
4.75820e-01,-0.061,0.064
4.75830e-01,-0.059,0.064
4.75840e-01,-0.049,0.056
4.75850e-01,-0.059,0.06
4.75860e-01,-0.059,0.064
4.75870e-01,-0.049,0.058
4.75880e-01,-0.059,0.06
4.75890e-01,-0.063,0.062
4.75900e-01,-0.063,0.064
4.75910e-01,-0.061,0.064
4.75920e-01,-0.053,0.06
4.75930e-01,-0.059,0.062
4.75940e-01,-0.051,0.06
4.75950e-01,-0.055,0.06
4.75960e-01,-0.059,0.064
4.75970e-01,-0.063,0.066
4.75980e-01,-0.055,0.06
4.75990e-01,-0.061,0.064
4.76000e-01,-0.059,0.064
4.76010e-01,-0.057,0.064
4.76020e-01,-0.059,0.062
4.76030e-01,-0.059,0.066
4.76040e-01,-0.061,0.062
4.76050e-01,-0.059,0.062
4.76060e-01,-0.061,0.066
4.76070e-01,-0.059,0.064
4.76080e-01,-0.061,0.064
4.76090e-01,-0.059,0.062
4.76100e-01,-0.049,0.054
4.76110e-01,-0.059,0.062
4.76120e-01,-0.059,0.06
4.76130e-01,-0.057,0.06
4.76140e-01,-0.061,0.06
4.76150e-01,-0.063,0.064
4.76160e-01,-0.061,0.062
4.76170e-01,-0.063,0.062
4.76180e-01,-0.059,0.066
4.76190e-01,-0.059,0.066
4.76200e-01,-0.051,0.058
4.76210e-01,-0.061,0.062
4.76220e-01,-0.053,0.056
4.76230e-01,-0.059,0.06
4.76240e-01,-0.049,0.058
4.76250e-01,-0.057,0.062
4.76260e-01,-0.049,0.058
4.76270e-01,-0.061,0.064
4.76280e-01,-0.061,0.062
4.76290e-01,-0.059,0.064
4.76300e-01,-0.057,0.062
4.76310e-01,-0.055,0.062
4.76320e-01,-0.057,0.062
4.76330e-01,-0.061,0.06
4.76340e-01,-0.057,0.06
4.76350e-01,-0.057,0.062
4.76360e-01,-0.063,0.064
4.76370e-01,-0.057,0.062
4.76380e-01,-0.061,0.064
4.76390e-01,-0.055,0.064
4.76400e-01,-0.057,0.066
4.76410e-01,-0.059,0.064
4.76420e-01,-0.059,0.064
4.76430e-01,-0.061,0.062
4.76440e-01,-0.055,0.06
4.76450e-01,-0.063,0.064
4.76460e-01,-0.059,0.062
4.76470e-01,-0.055,0.062
4.76480e-01,-0.055,0.06
4.76490e-01,-0.055,0.064
4.76500e-01,-0.059,0.068
4.76510e-01,-0.059,0.064
4.76520e-01,-0.053,0.06
4.76530e-01,-0.059,0.062
4.76540e-01,-0.057,0.064
4.76550e-01,-0.061,0.064
4.76560e-01,-0.053,0.06
4.76570e-01,-0.055,0.056
4.76580e-01,-0.055,0.064
4.76590e-01,-0.057,0.06
4.76600e-01,-0.057,0.062
4.76610e-01,-0.057,0.06
4.76620e-01,-0.059,0.064
4.76630e-01,-0.057,0.064
4.76640e-01,-0.061,0.064
4.76650e-01,-0.055,0.058
4.76660e-01,-0.061,0.062
4.76670e-01,-0.059,0.064
4.76680e-01,-0.061,0.064
4.76690e-01,-0.053,0.054
4.76700e-01,-0.059,0.062
4.76710e-01,-0.051,0.058
4.76720e-01,-0.059,0.066
4.76730e-01,-0.057,0.062
4.76740e-01,-0.061,0.064
4.76750e-01,-0.061,0.062
4.76760e-01,-0.055,0.058
4.76770e-01,-0.055,0.062
4.76780e-01,-0.055,0.062
4.76790e-01,-0.055,0.058
4.76800e-01,-0.059,0.062
4.76810e-01,-0.041,0.05
4.76820e-01,-0.059,0.064
4.76830e-01,-0.063,0.062
4.76840e-01,-0.055,0.064
4.76850e-01,-0.057,0.064
4.76860e-01,-0.055,0.066
4.76870e-01,-0.059,0.06
4.76880e-01,-0.061,0.064
4.76890e-01,-0.059,0.062
4.76900e-01,-0.063,0.06
4.76910e-01,-0.059,0.06
4.76920e-01,-0.061,0.06
4.76930e-01,-0.059,0.062
4.76940e-01,-0.055,0.062
4.76950e-01,-0.047,0.06
4.76960e-01,-0.061,0.062
4.76970e-01,-0.061,0.06
4.76980e-01,-0.061,0.062
4.76990e-01,-0.053,0.064
4.77000e-01,-0.061,0.066
4.77010e-01,-0.059,0.062
4.77020e-01,-0.051,0.06
4.77030e-01,-0.061,0.064
4.77040e-01,-0.059,0.062
4.77050e-01,-0.055,0.062
4.77060e-01,-0.061,0.064
4.77070e-01,-0.059,0.066
4.77080e-01,-0.059,0.064
4.77090e-01,-0.063,0.064
4.77100e-01,-0.059,0.064
4.77110e-01,-0.061,0.064
4.77120e-01,-0.059,0.06
4.77130e-01,-0.061,0.06
4.77140e-01,-0.053,0.06
4.77150e-01,-0.059,0.064
4.77160e-01,-0.055,0.062
4.77170e-01,-0.055,0.06
4.77180e-01,-0.061,0.062
4.77190e-01,-0.061,0.062
4.77200e-01,-0.057,0.06
4.77210e-01,-0.059,0.06
4.77220e-01,-0.059,0.062
4.77230e-01,-0.061,0.062
4.77240e-01,-0.059,0.064
4.77250e-01,-0.061,0.064
4.77260e-01,-0.055,0.062
4.77270e-01,-0.059,0.06
4.77280e-01,-0.053,0.058
4.77290e-01,-0.059,0.064
4.77300e-01,-0.049,0.054
4.77310e-01,-0.063,0.064
4.77320e-01,-0.049,0.054
4.77330e-01,-0.055,0.06
4.77340e-01,-0.055,0.06
4.77350e-01,-0.063,0.066
4.77360e-01,-0.059,0.062
4.77370e-01,-0.059,0.064
4.77380e-01,-0.059,0.064
4.77390e-01,-0.055,0.06
4.77400e-01,-0.061,0.062
4.77410e-01,-0.057,0.062
4.77420e-01,-0.059,0.066
4.77430e-01,-0.051,0.06
4.77440e-01,-0.057,0.06
4.77450e-01,-0.061,0.06
4.77460e-01,-0.059,0.062
4.77470e-01,-0.059,0.064
4.77480e-01,-0.059,0.066
4.77490e-01,-0.063,0.066
4.77500e-01,-0.059,0.06
4.77510e-01,-0.059,0.062
4.77520e-01,-0.055,0.06
4.77530e-01,-0.059,0.06
4.77540e-01,-0.059,0.064
4.77550e-01,-0.059,0.06
4.77560e-01,-0.047,0.05
4.77570e-01,-0.057,0.06
4.77580e-01,-0.057,0.062
4.77590e-01,-0.055,0.06
4.77600e-01,-0.061,0.064
4.77610e-01,-0.061,0.064
4.77620e-01,-0.059,0.064
4.77630e-01,-0.061,0.064
4.77640e-01,-0.061,0.064
4.77650e-01,-0.057,0.06
4.77660e-01,-0.061,0.064
4.77670e-01,-0.059,0.064
4.77680e-01,-0.063,0.062
4.77690e-01,-0.061,0.064
4.77700e-01,-0.057,0.06
4.77710e-01,-0.063,0.066
4.77720e-01,-0.051,0.06
4.77730e-01,-0.055,0.06
4.77740e-01,-0.059,0.064
4.77750e-01,-0.061,0.064
4.77760e-01,-0.059,0.064
4.77770e-01,-0.059,0.064
4.77780e-01,-0.053,0.052
4.77790e-01,-0.055,0.062
4.77800e-01,-0.057,0.064
4.77810e-01,-0.059,0.062
4.77820e-01,-0.055,0.066
4.77830e-01,-0.059,0.062
4.77840e-01,-0.061,0.062
4.77850e-01,-0.057,0.06
4.77860e-01,-0.055,0.06
4.77870e-01,-0.055,0.06
4.77880e-01,-0.059,0.064
4.77890e-01,-0.053,0.06
4.77900e-01,-0.059,0.06
4.77910e-01,-0.057,0.06
4.77920e-01,-0.059,0.066
4.77930e-01,-0.065,0.064
4.77940e-01,-0.061,0.062
4.77950e-01,-0.059,0.062
4.77960e-01,-0.059,0.06
4.77970e-01,-0.059,0.064
4.77980e-01,-0.061,0.064
4.77990e-01,-0.059,0.062
4.78000e-01,-0.059,0.064
4.78010e-01,-0.057,0.062
4.78020e-01,-0.063,0.064
4.78030e-01,-0.059,0.064
4.78040e-01,-0.061,0.064
4.78050e-01,-0.059,0.064
4.78060e-01,-0.063,0.064
4.78070e-01,-0.057,0.062
4.78080e-01,-0.057,0.064
4.78090e-01,-0.061,0.064
4.78100e-01,-0.061,0.062
4.78110e-01,-0.055,0.062
4.78120e-01,-0.059,0.064
4.78130e-01,-0.059,0.06
4.78140e-01,-0.059,0.06
4.78150e-01,-0.055,0.064
4.78160e-01,-0.053,0.058
4.78170e-01,-0.059,0.064
4.78180e-01,-0.039,0.05
4.78190e-01,-0.059,0.062
4.78200e-01,-0.055,0.06
4.78210e-01,-0.059,0.064
4.78220e-01,-0.055,0.06
4.78230e-01,-0.057,0.066
4.78240e-01,-0.059,0.066
4.78250e-01,-0.057,0.064
4.78260e-01,-0.059,0.06
4.78270e-01,-0.053,0.054
4.78280e-01,-0.059,0.066
4.78290e-01,-0.057,0.066
4.78300e-01,-0.059,0.06
4.78310e-01,-0.055,0.06
4.78320e-01,-0.049,0.058
4.78330e-01,-0.059,0.066
4.78340e-01,-0.055,0.062
4.78350e-01,-0.061,0.062
4.78360e-01,-0.059,0.064
4.78370e-01,-0.059,0.064
4.78380e-01,-0.059,0.064
4.78390e-01,-0.057,0.062
4.78400e-01,-0.059,0.064
4.78410e-01,-0.057,0.06
4.78420e-01,-0.061,0.062
4.78430e-01,-0.057,0.06
4.78440e-01,-0.057,0.064
4.78450e-01,-0.057,0.062
4.78460e-01,-0.059,0.06
4.78470e-01,-0.057,0.06
4.78480e-01,-0.059,0.066
4.78490e-01,-0.055,0.06
4.78500e-01,-0.057,0.062
4.78510e-01,-0.059,0.06
4.78520e-01,-0.053,0.062
4.78530e-01,-0.055,0.06
4.78540e-01,-0.061,0.064
4.78550e-01,-0.057,0.062
4.78560e-01,-0.059,0.062
4.78570e-01,-0.047,0.054
4.78580e-01,-0.057,0.064
4.78590e-01,-0.057,0.06
4.78600e-01,-0.061,0.06
4.78610e-01,-0.057,0.064
4.78620e-01,-0.061,0.064
4.78630e-01,-0.061,0.064
4.78640e-01,-0.059,0.062
4.78650e-01,-0.057,0.062
4.78660e-01,-0.057,0.062
4.78670e-01,-0.059,0.06
4.78680e-01,-0.063,0.062
4.78690e-01,-0.059,0.066
4.78700e-01,-0.059,0.06
4.78710e-01,-0.057,0.062
4.78720e-01,-0.057,0.062
4.78730e-01,-0.059,0.062
4.78740e-01,-0.059,0.064
4.78750e-01,-0.061,0.064
4.78760e-01,-0.057,0.062
4.78770e-01,-0.059,0.064
4.78780e-01,-0.061,0.066
4.78790e-01,-0.061,0.062
4.78800e-01,-0.057,0.064
4.78810e-01,-0.059,0.06
4.78820e-01,-0.061,0.064
4.78830e-01,-0.059,0.062
4.78840e-01,-0.053,0.06
4.78850e-01,-0.063,0.062
4.78860e-01,-0.059,0.064
4.78870e-01,-0.053,0.054
4.78880e-01,-0.061,0.062
4.78890e-01,-0.049,0.056
4.78900e-01,-0.055,0.06
4.78910e-01,-0.057,0.062
4.78920e-01,-0.057,0.066
4.78930e-01,-0.055,0.062
4.78940e-01,-0.059,0.066
4.78950e-01,-0.061,0.066
4.78960e-01,-0.059,0.064
4.78970e-01,-0.061,0.064
4.78980e-01,-0.061,0.064
4.78990e-01,-0.053,0.056
4.79000e-01,-0.059,0.06
4.79010e-01,-0.057,0.062
4.79020e-01,-0.059,0.062
4.79030e-01,-0.055,0.064
4.79040e-01,-0.059,0.064
4.79050e-01,-0.051,0.06
4.79060e-01,-0.055,0.064
4.79070e-01,-0.059,0.062
4.79080e-01,-0.059,0.062
4.79090e-01,-0.059,0.066
4.79100e-01,-0.049,0.058
4.79110e-01,-0.055,0.062
4.79120e-01,-0.061,0.062
4.79130e-01,-0.057,0.064
4.79140e-01,-0.061,0.064
4.79150e-01,-0.059,0.062
4.79160e-01,-0.047,0.054
4.79170e-01,-0.057,0.06
4.79180e-01,-0.059,0.062
4.79190e-01,-0.057,0.064
4.79200e-01,-0.059,0.064
4.79210e-01,-0.059,0.06
4.79220e-01,-0.057,0.06
4.79230e-01,-0.059,0.06
4.79240e-01,-0.061,0.06
4.79250e-01,-0.059,0.064
4.79260e-01,-0.061,0.064
4.79270e-01,-0.059,0.064
4.79280e-01,-0.057,0.06
4.79290e-01,-0.063,0.062
4.79300e-01,-0.059,0.066
4.79310e-01,-0.059,0.06
4.79320e-01,-0.057,0.064
4.79330e-01,-0.053,0.06
4.79340e-01,-0.061,0.064
4.79350e-01,-0.057,0.064
4.79360e-01,-0.057,0.064
4.79370e-01,-0.061,0.062
4.79380e-01,-0.061,0.062
4.79390e-01,-0.059,0.064
4.79400e-01,-0.061,0.062
4.79410e-01,-0.059,0.062
4.79420e-01,-0.055,0.062
4.79430e-01,-0.055,0.058
4.79440e-01,-0.055,0.058
4.79450e-01,-0.061,0.064
4.79460e-01,-0.055,0.056
4.79470e-01,-0.063,0.062
4.79480e-01,-0.055,0.06
4.79490e-01,-0.055,0.062
4.79500e-01,-0.059,0.058
4.79510e-01,-0.061,0.064
4.79520e-01,-0.059,0.06
4.79530e-01,-0.059,0.064
4.79540e-01,-0.061,0.064
4.79550e-01,-0.055,0.062
4.79560e-01,-0.059,0.064
4.79570e-01,-0.057,0.06
4.79580e-01,-0.061,0.064
4.79590e-01,-0.059,0.06
4.79600e-01,-0.059,0.058
4.79610e-01,-0.061,0.062
4.79620e-01,-0.053,0.06
4.79630e-01,-0.059,0.06
4.79640e-01,-0.059,0.066
4.79650e-01,-0.061,0.064
4.79660e-01,-0.059,0.064
4.79670e-01,-0.061,0.064
4.79680e-01,-0.059,0.06
4.79690e-01,-0.061,0.064
4.79700e-01,-0.061,0.064
4.79710e-01,-0.061,0.062
4.79720e-01,-0.057,0.064
4.79730e-01,-0.061,0.062
4.79740e-01,-0.057,0.062
4.79750e-01,-0.059,0.064
4.79760e-01,-0.059,0.06
4.79770e-01,-0.057,0.064
4.79780e-01,-0.053,0.058
4.79790e-01,-0.055,0.064
4.79800e-01,-0.057,0.064
4.79810e-01,-0.061,0.064
4.79820e-01,-0.063,0.064
4.79830e-01,-0.057,0.06
4.79840e-01,-0.061,0.06
4.79850e-01,-0.059,0.064
4.79860e-01,-0.059,0.068
4.79870e-01,-0.059,0.064
4.79880e-01,-0.055,0.06
4.79890e-01,-0.053,0.06
4.79900e-01,-0.057,0.066
4.79910e-01,-0.057,0.062
4.79920e-01,-0.057,0.064
4.79930e-01,-0.059,0.066
4.79940e-01,-0.061,0.064
4.79950e-01,-0.059,0.062
4.79960e-01,-0.059,0.064
4.79970e-01,-0.063,0.064
4.79980e-01,-0.059,0.062
4.79990e-01,-0.051,0.06
4.80000e-01,-0.055,0.062
4.80010e-01,-0.055,0.058
4.80020e-01,-0.055,0.06
4.80030e-01,-0.059,0.06
4.80040e-01,-0.055,0.062
4.80050e-01,-0.059,0.06
4.80060e-01,-0.061,0.062
4.80070e-01,-0.057,0.064
4.80080e-01,-0.059,0.064
4.80090e-01,-0.061,0.066
4.80100e-01,-0.047,0.056
4.80110e-01,-0.061,0.064
4.80120e-01,-0.057,0.06
4.80130e-01,-0.057,0.062
4.80140e-01,-0.057,0.056
4.80150e-01,-0.059,0.064
4.80160e-01,-0.059,0.064
4.80170e-01,-0.061,0.062
4.80180e-01,-0.061,0.062
4.80190e-01,-0.055,0.062
4.80200e-01,-0.055,0.064
4.80210e-01,-0.061,0.066
4.80220e-01,-0.051,0.06
4.80230e-01,-0.059,0.062
4.80240e-01,-0.059,0.062
4.80250e-01,-0.059,0.064
4.80260e-01,-0.049,0.056
4.80270e-01,-0.057,0.064
4.80280e-01,-0.059,0.06
4.80290e-01,-0.059,0.066
4.80300e-01,-0.063,0.066
4.80310e-01,-0.057,0.06
4.80320e-01,-0.057,0.062
4.80330e-01,-0.059,0.064
4.80340e-01,-0.061,0.066
4.80350e-01,-0.059,0.064
4.80360e-01,-0.057,0.064
4.80370e-01,-0.059,0.062
4.80380e-01,-0.055,0.062
4.80390e-01,-0.053,0.06
4.80400e-01,-0.057,0.062
4.80410e-01,-0.055,0.06
4.80420e-01,-0.059,0.06
4.80430e-01,-0.055,0.06
4.80440e-01,-0.059,0.062
4.80450e-01,-0.061,0.062
4.80460e-01,-0.061,0.064
4.80470e-01,-0.055,0.06
4.80480e-01,-0.059,0.06
4.80490e-01,-0.055,0.062
4.80500e-01,-0.053,0.06
4.80510e-01,-0.059,0.064
4.80520e-01,-0.059,0.064
4.80530e-01,-0.061,0.064
4.80540e-01,-0.059,0.064
4.80550e-01,-0.059,0.06
4.80560e-01,-0.061,0.064
4.80570e-01,-0.053,0.06
4.80580e-01,-0.061,0.066
4.80590e-01,-0.061,0.062
4.80600e-01,-0.059,0.06
4.80610e-01,-0.055,0.064
4.80620e-01,-0.063,0.066
4.80630e-01,-0.059,0.062
4.80640e-01,-0.059,0.062
4.80650e-01,-0.059,0.064
4.80660e-01,-0.059,0.062
4.80670e-01,-0.045,0.05
4.80680e-01,-0.059,0.062
4.80690e-01,-0.063,0.064
4.80700e-01,-0.063,0.064
4.80710e-01,-0.059,0.064
4.80720e-01,-0.059,0.064
4.80730e-01,-0.055,0.064
4.80740e-01,-0.059,0.06
4.80750e-01,-0.059,0.064
4.80760e-01,-0.059,0.06
4.80770e-01,-0.059,0.062
4.80780e-01,-0.059,0.062
4.80790e-01,-0.057,0.062
4.80800e-01,-0.055,0.062
4.80810e-01,-0.059,0.066
4.80820e-01,-0.053,0.06
4.80830e-01,-0.059,0.06
4.80840e-01,-0.057,0.062
4.80850e-01,-0.059,0.066
4.80860e-01,-0.059,0.062
4.80870e-01,-0.061,0.064
4.80880e-01,-0.061,0.064
4.80890e-01,-0.059,0.064
4.80900e-01,-0.057,0.062
4.80910e-01,-0.059,0.064
4.80920e-01,-0.061,0.062
4.80930e-01,-0.059,0.062
4.80940e-01,-0.055,0.06
4.80950e-01,-0.059,0.062
4.80960e-01,-0.055,0.064
4.80970e-01,-0.055,0.062
4.80980e-01,-0.059,0.064
4.80990e-01,-0.057,0.062
4.81000e-01,-0.057,0.064
4.81010e-01,-0.063,0.064
4.81020e-01,-0.057,0.066
4.81030e-01,-0.061,0.064
4.81040e-01,-0.059,0.062
4.81050e-01,-0.061,0.062
4.81060e-01,-0.049,0.058
4.81070e-01,-0.057,0.062
4.81080e-01,-0.049,0.058
4.81090e-01,-0.059,0.062
4.81100e-01,-0.057,0.064
4.81110e-01,-0.057,0.062
4.81120e-01,-0.059,0.066
4.81130e-01,-0.057,0.062
4.81140e-01,-0.059,0.06
4.81150e-01,-0.057,0.06
4.81160e-01,-0.063,0.066
4.81170e-01,-0.057,0.06
4.81180e-01,-0.057,0.062
4.81190e-01,-0.061,0.066
4.81200e-01,-0.061,0.064
4.81210e-01,-0.057,0.062
4.81220e-01,-0.047,0.054
4.81230e-01,-0.059,0.064
4.81240e-01,-0.051,0.058
4.81250e-01,-0.057,0.062
4.81260e-01,-0.059,0.06
4.81270e-01,-0.059,0.064
4.81280e-01,-0.061,0.062
4.81290e-01,-0.059,0.062
4.81300e-01,-0.059,0.062
4.81310e-01,-0.051,0.056
4.81320e-01,-0.051,0.052
4.81330e-01,-0.065,0.062
4.81340e-01,-0.061,0.066
4.81350e-01,-0.057,0.062
4.81360e-01,-0.059,0.064
4.81370e-01,-0.049,0.058
4.81380e-01,-0.059,0.062
4.81390e-01,-0.051,0.056
4.81400e-01,-0.059,0.062
4.81410e-01,-0.059,0.06
4.81420e-01,-0.059,0.06
4.81430e-01,-0.057,0.062
4.81440e-01,-0.063,0.062
4.81450e-01,-0.059,0.064
4.81460e-01,-0.059,0.064
4.81470e-01,-0.063,0.066
4.81480e-01,-0.053,0.056
4.81490e-01,-0.057,0.064
4.81500e-01,-0.047,0.044
4.81510e-01,-0.061,0.064
4.81520e-01,-0.055,0.064
4.81530e-01,-0.061,0.064
4.81540e-01,-0.061,0.06
4.81550e-01,-0.061,0.062
4.81560e-01,-0.061,0.062
4.81570e-01,-0.059,0.064
4.81580e-01,-0.059,0.06
4.81590e-01,-0.057,0.064
4.81600e-01,-0.063,0.064
4.81610e-01,-0.059,0.06
4.81620e-01,-0.055,0.06
4.81630e-01,-0.057,0.064
4.81640e-01,-0.063,0.062
4.81650e-01,-0.051,0.056
4.81660e-01,-0.061,0.068
4.81670e-01,-0.047,0.052
4.81680e-01,-0.063,0.066
4.81690e-01,-0.061,0.062
4.81700e-01,-0.061,0.06
4.81710e-01,-0.061,0.06
4.81720e-01,-0.059,0.066
4.81730e-01,-0.061,0.064
4.81740e-01,-0.061,0.06
4.81750e-01,-0.057,0.064
4.81760e-01,-0.059,0.064
4.81770e-01,-0.061,0.062
4.81780e-01,-0.061,0.064
4.81790e-01,-0.063,0.066
4.81800e-01,-0.059,0.064
4.81810e-01,-0.055,0.06
4.81820e-01,-0.059,0.062
4.81830e-01,-0.061,0.066
4.81840e-01,-0.057,0.06
4.81850e-01,-0.061,0.066
4.81860e-01,-0.061,0.064
4.81870e-01,-0.059,0.064
4.81880e-01,-0.051,0.056
4.81890e-01,-0.061,0.06
4.81900e-01,-0.059,0.064
4.81910e-01,-0.061,0.064
4.81920e-01,-0.059,0.064
4.81930e-01,-0.061,0.058
4.81940e-01,-0.059,0.064
4.81950e-01,-0.055,0.062
4.81960e-01,-0.059,0.06
4.81970e-01,-0.059,0.06
4.81980e-01,-0.055,0.06
4.81990e-01,-0.059,0.064
4.82000e-01,-0.057,0.064
4.82010e-01,-0.061,0.068
4.82020e-01,-0.061,0.06
4.82030e-01,-0.061,0.066
4.82040e-01,-0.061,0.066
4.82050e-01,-0.061,0.062
4.82060e-01,-0.061,0.064
4.82070e-01,-0.057,0.06
4.82080e-01,-0.059,0.064
4.82090e-01,-0.055,0.06
4.82100e-01,-0.057,0.062
4.82110e-01,-0.059,0.06
4.82120e-01,-0.055,0.062
4.82130e-01,-0.051,0.06
4.82140e-01,-0.057,0.064
4.82150e-01,-0.059,0.064
4.82160e-01,-0.053,0.058
4.82170e-01,-0.055,0.062
4.82180e-01,-0.055,0.06
4.82190e-01,-0.059,0.062
4.82200e-01,-0.057,0.066
4.82210e-01,-0.065,0.06
4.82220e-01,-0.061,0.064
4.82230e-01,-0.057,0.062
4.82240e-01,-0.059,0.066
4.82250e-01,-0.059,0.064
4.82260e-01,-0.055,0.062
4.82270e-01,-0.057,0.06
4.82280e-01,-0.059,0.062
4.82290e-01,-0.061,0.066
4.82300e-01,-0.059,0.06
4.82310e-01,-0.053,0.06
4.82320e-01,-0.055,0.06
4.82330e-01,-0.061,0.064
4.82340e-01,-0.063,0.064
4.82350e-01,-0.047,0.058
4.82360e-01,-0.059,0.064
4.82370e-01,-0.059,0.064
4.82380e-01,-0.061,0.06
4.82390e-01,-0.057,0.06
4.82400e-01,-0.057,0.064
4.82410e-01,-0.051,0.058
4.82420e-01,-0.055,0.058
4.82430e-01,-0.055,0.058
4.82440e-01,-0.059,0.062
4.82450e-01,-0.053,0.058
4.82460e-01,-0.057,0.06
4.82470e-01,-0.045,0.05
4.82480e-01,-0.059,0.066
4.82490e-01,-0.063,0.064
4.82500e-01,-0.061,0.062
4.82510e-01,-0.055,0.062
4.82520e-01,-0.055,0.062
4.82530e-01,-0.061,0.064
4.82540e-01,-0.061,0.066
4.82550e-01,-0.061,0.064
4.82560e-01,-0.055,0.062
4.82570e-01,-0.057,0.064
4.82580e-01,-0.055,0.06
4.82590e-01,-0.057,0.06
4.82600e-01,-0.055,0.062
4.82610e-01,-0.057,0.062
4.82620e-01,-0.059,0.06
4.82630e-01,-0.057,0.06
4.82640e-01,-0.049,0.056
4.82650e-01,-0.059,0.064
4.82660e-01,-0.059,0.064
4.82670e-01,-0.063,0.064
4.82680e-01,-0.059,0.064
4.82690e-01,-0.057,0.062
4.82700e-01,-0.055,0.064
4.82710e-01,-0.055,0.062
4.82720e-01,-0.053,0.062
4.82730e-01,-0.053,0.054
4.82740e-01,-0.059,0.062
4.82750e-01,-0.053,0.058
4.82760e-01,-0.047,0.054
4.82770e-01,-0.057,0.06
4.82780e-01,-0.055,0.06
4.82790e-01,-0.053,0.056
4.82800e-01,-0.063,0.064
4.82810e-01,-0.059,0.064
4.82820e-01,-0.063,0.064
4.82830e-01,-0.061,0.066
4.82840e-01,-0.057,0.064
4.82850e-01,-0.059,0.062
4.82860e-01,-0.053,0.056
4.82870e-01,-0.063,0.064
4.82880e-01,-0.059,0.062
4.82890e-01,-0.059,0.06
4.82900e-01,-0.057,0.066
4.82910e-01,-0.057,0.06
4.82920e-01,-0.049,0.058
4.82930e-01,-0.057,0.066
4.82940e-01,-0.057,0.062
4.82950e-01,-0.061,0.064
4.82960e-01,-0.061,0.064
4.82970e-01,-0.059,0.06
4.82980e-01,-0.061,0.06
4.82990e-01,-0.047,0.054
4.83000e-01,-0.059,0.064
4.83010e-01,-0.055,0.058
4.83020e-01,-0.061,0.064
4.83030e-01,-0.059,0.062
4.83040e-01,-0.061,0.06
4.83050e-01,-0.061,0.062
4.83060e-01,-0.059,0.06
4.83070e-01,-0.059,0.062
4.83080e-01,-0.057,0.06
4.83090e-01,-0.055,0.062
4.83100e-01,-0.059,0.064
4.83110e-01,-0.059,0.062
4.83120e-01,-0.061,0.06
4.83130e-01,-0.057,0.064
4.83140e-01,-0.059,0.062
4.83150e-01,-0.059,0.064
4.83160e-01,-0.059,0.062
4.83170e-01,-0.055,0.064
4.83180e-01,-0.055,0.06
4.83190e-01,-0.037,0.044
4.83200e-01,-0.047,0.056
4.83210e-01,-0.057,0.06
4.83220e-01,-0.061,0.062
4.83230e-01,-0.063,0.062
4.83240e-01,-0.061,0.064
4.83250e-01,-0.059,0.06
4.83260e-01,-0.059,0.064
4.83270e-01,-0.061,0.064
4.83280e-01,-0.059,0.064
4.83290e-01,-0.057,0.06
4.83300e-01,-0.057,0.064
4.83310e-01,-0.061,0.064
4.83320e-01,-0.061,0.062
4.83330e-01,-0.059,0.062
4.83340e-01,-0.061,0.064
4.83350e-01,-0.059,0.064
4.83360e-01,-0.055,0.06
4.83370e-01,-0.057,0.064
4.83380e-01,-0.059,0.062
4.83390e-01,-0.057,0.064
4.83400e-01,-0.059,0.064
4.83410e-01,-0.059,0.064
4.83420e-01,-0.055,0.064
4.83430e-01,-0.061,0.066
4.83440e-01,-0.061,0.062
4.83450e-01,-0.061,0.064
4.83460e-01,-0.059,0.066
4.83470e-01,-0.059,0.064
4.83480e-01,-0.057,0.062
4.83490e-01,-0.057,0.058
4.83500e-01,-0.057,0.062
4.83510e-01,-0.061,0.064
4.83520e-01,-0.061,0.062
4.83530e-01,-0.059,0.066
4.83540e-01,-0.061,0.064
4.83550e-01,-0.061,0.064
4.83560e-01,-0.061,0.062
4.83570e-01,-0.059,0.062
4.83580e-01,-0.059,0.064
4.83590e-01,-0.059,0.062
4.83600e-01,-0.063,0.062
4.83610e-01,-0.053,0.058
4.83620e-01,-0.061,0.062
4.83630e-01,-0.061,0.064
4.83640e-01,-0.055,0.06
4.83650e-01,-0.059,0.058
4.83660e-01,-0.045,0.056
4.83670e-01,-0.053,0.06
4.83680e-01,-0.055,0.06
4.83690e-01,-0.053,0.06
4.83700e-01,-0.053,0.06
4.83710e-01,-0.059,0.062
4.83720e-01,-0.055,0.062
4.83730e-01,-0.059,0.068
4.83740e-01,-0.059,0.062
4.83750e-01,-0.057,0.062
4.83760e-01,-0.057,0.066
4.83770e-01,-0.051,0.058
4.83780e-01,-0.057,0.06
4.83790e-01,-0.059,0.062
4.83800e-01,-0.061,0.062
4.83810e-01,-0.061,0.06
4.83820e-01,-0.061,0.064
4.83830e-01,-0.057,0.06
4.83840e-01,-0.061,0.066
4.83850e-01,-0.057,0.064
4.83860e-01,-0.061,0.064
4.83870e-01,-0.057,0.06
4.83880e-01,-0.059,0.066
4.83890e-01,-0.059,0.064
4.83900e-01,-0.059,0.064
4.83910e-01,-0.063,0.064
4.83920e-01,-0.063,0.064
4.83930e-01,-0.059,0.058
4.83940e-01,-0.059,0.064
4.83950e-01,-0.061,0.062
4.83960e-01,-0.061,0.068
4.83970e-01,-0.055,0.058
4.83980e-01,-0.059,0.062
4.83990e-01,-0.059,0.064
4.84000e-01,-0.061,0.064
4.84010e-01,-0.061,0.062
4.84020e-01,-0.059,0.062
4.84030e-01,-0.061,0.064
4.84040e-01,-0.053,0.062
4.84050e-01,-0.057,0.064
4.84060e-01,-0.057,0.06
4.84070e-01,-0.061,0.062
4.84080e-01,-0.063,0.064
4.84090e-01,-0.061,0.062
4.84100e-01,-0.061,0.064
4.84110e-01,-0.059,0.062
4.84120e-01,-0.057,0.064
4.84130e-01,-0.065,0.064
4.84140e-01,-0.057,0.06
4.84150e-01,-0.059,0.062
4.84160e-01,-0.057,0.06
4.84170e-01,-0.059,0.066
4.84180e-01,-0.059,0.064
4.84190e-01,-0.061,0.062
4.84200e-01,-0.057,0.06
4.84210e-01,-0.059,0.064
4.84220e-01,-0.059,0.064
4.84230e-01,-0.059,0.062
4.84240e-01,-0.055,0.064
4.84250e-01,-0.061,0.06
4.84260e-01,-0.061,0.062
4.84270e-01,-0.049,0.06
4.84280e-01,-0.061,0.064
4.84290e-01,-0.057,0.06
4.84300e-01,-0.061,0.06
4.84310e-01,-0.059,0.064
4.84320e-01,-0.059,0.064
4.84330e-01,-0.057,0.06
4.84340e-01,-0.057,0.06
4.84350e-01,-0.059,0.064
4.84360e-01,-0.057,0.064
4.84370e-01,-0.059,0.066
4.84380e-01,-0.059,0.062
4.84390e-01,-0.057,0.062
4.84400e-01,-0.057,0.066
4.84410e-01,-0.059,0.06
4.84420e-01,-0.057,0.064
4.84430e-01,-0.059,0.06
4.84440e-01,-0.059,0.064
4.84450e-01,-0.063,0.066
4.84460e-01,-0.061,0.064
4.84470e-01,-0.059,0.06
4.84480e-01,-0.059,0.064
4.84490e-01,-0.053,0.06
4.84500e-01,-0.057,0.06
4.84510e-01,-0.057,0.064
4.84520e-01,-0.061,0.06
4.84530e-01,-0.059,0.06
4.84540e-01,-0.061,0.062
4.84550e-01,-0.057,0.06
4.84560e-01,-0.059,0.064
4.84570e-01,-0.057,0.062
4.84580e-01,-0.061,0.062
4.84590e-01,-0.061,0.064
4.84600e-01,-0.059,0.064
4.84610e-01,-0.061,0.064
4.84620e-01,-0.053,0.056
4.84630e-01,-0.059,0.06
4.84640e-01,-0.061,0.064
4.84650e-01,-0.059,0.066
4.84660e-01,-0.055,0.06
4.84670e-01,-0.059,0.064
4.84680e-01,-0.049,0.058
4.84690e-01,-0.055,0.062
4.84700e-01,-0.059,0.064
4.84710e-01,-0.059,0.066
4.84720e-01,-0.063,0.062
4.84730e-01,-0.057,0.06
4.84740e-01,-0.059,0.064
4.84750e-01,-0.057,0.06
4.84760e-01,-0.055,0.064
4.84770e-01,-0.057,0.062
4.84780e-01,-0.061,0.062
4.84790e-01,-0.061,0.064
4.84800e-01,-0.053,0.064
4.84810e-01,-0.055,0.06
4.84820e-01,-0.061,0.066
4.84830e-01,-0.059,0.064
4.84840e-01,-0.061,0.064
4.84850e-01,-0.059,0.06
4.84860e-01,-0.061,0.066
4.84870e-01,-0.057,0.064
4.84880e-01,-0.059,0.064
4.84890e-01,-0.059,0.064
4.84900e-01,-0.059,0.064
4.84910e-01,-0.059,0.062
4.84920e-01,-0.061,0.064
4.84930e-01,-0.063,0.06
4.84940e-01,-0.059,0.06
4.84950e-01,-0.055,0.066
4.84960e-01,-0.057,0.062
4.84970e-01,-0.061,0.066
4.84980e-01,-0.053,0.056
4.84990e-01,-0.057,0.064
4.85000e-01,-0.053,0.062
4.85010e-01,-0.063,0.066
4.85020e-01,-0.059,0.064
4.85030e-01,-0.057,0.064
4.85040e-01,-0.059,0.064
4.85050e-01,-0.059,0.06
4.85060e-01,-0.055,0.058
4.85070e-01,-0.045,0.054
4.85080e-01,-0.051,0.058
4.85090e-01,-0.049,0.056
4.85100e-01,-0.045,0.054
4.85110e-01,-0.049,0.05
4.85120e-01,-0.045,0.052
4.85130e-01,-0.059,0.066
4.85140e-01,-0.061,0.062
4.85150e-01,-0.055,0.066
4.85160e-01,-0.055,0.062
4.85170e-01,-0.061,0.064
4.85180e-01,-0.057,0.062
4.85190e-01,-0.053,0.058
4.85200e-01,-0.055,0.058
4.85210e-01,-0.053,0.06
4.85220e-01,-0.059,0.064
4.85230e-01,-0.059,0.064
4.85240e-01,-0.061,0.062
4.85250e-01,-0.059,0.062
4.85260e-01,-0.059,0.068
4.85270e-01,-0.063,0.064
4.85280e-01,-0.059,0.064
4.85290e-01,-0.055,0.062
4.85300e-01,-0.061,0.064
4.85310e-01,-0.057,0.062
4.85320e-01,-0.057,0.064
4.85330e-01,-0.057,0.06
4.85340e-01,-0.057,0.068
4.85350e-01,-0.061,0.064
4.85360e-01,-0.061,0.064
4.85370e-01,-0.057,0.062
4.85380e-01,-0.057,0.06
4.85390e-01,-0.055,0.058
4.85400e-01,-0.061,0.064
4.85410e-01,-0.055,0.06
4.85420e-01,-0.055,0.058
4.85430e-01,-0.055,0.062
4.85440e-01,-0.057,0.062
4.85450e-01,-0.061,0.06
4.85460e-01,-0.061,0.064
4.85470e-01,-0.059,0.066
4.85480e-01,-0.061,0.062
4.85490e-01,-0.061,0.062
4.85500e-01,-0.055,0.062
4.85510e-01,-0.057,0.064
4.85520e-01,-0.053,0.058
4.85530e-01,-0.063,0.064
4.85540e-01,-0.059,0.064
4.85550e-01,-0.061,0.064
4.85560e-01,-0.057,0.064
4.85570e-01,-0.063,0.062
4.85580e-01,-0.057,0.064
4.85590e-01,-0.059,0.062
4.85600e-01,-0.057,0.064
4.85610e-01,-0.051,0.06
4.85620e-01,-0.059,0.066
4.85630e-01,-0.059,0.064
4.85640e-01,-0.061,0.062
4.85650e-01,-0.063,0.066
4.85660e-01,-0.061,0.066
4.85670e-01,-0.059,0.064
4.85680e-01,-0.061,0.068
4.85690e-01,-0.063,0.062
4.85700e-01,-0.063,0.064
4.85710e-01,-0.059,0.064
4.85720e-01,-0.063,0.06
4.85730e-01,-0.059,0.064
4.85740e-01,-0.055,0.064
4.85750e-01,-0.061,0.06
4.85760e-01,-0.057,0.062
4.85770e-01,-0.043,0.056
4.85780e-01,-0.045,0.054
4.85790e-01,-0.053,0.056
4.85800e-01,-0.051,0.058
4.85810e-01,-0.047,0.05
4.85820e-01,-0.053,0.06
4.85830e-01,-0.059,0.06
4.85840e-01,-0.059,0.062
4.85850e-01,-0.059,0.062
4.85860e-01,-0.061,0.066
4.85870e-01,-0.059,0.066
4.85880e-01,-0.055,0.06
4.85890e-01,-0.057,0.06
4.85900e-01,-0.057,0.058
4.85910e-01,-0.059,0.064
4.85920e-01,-0.057,0.06
4.85930e-01,-0.057,0.062
4.85940e-01,-0.055,0.062
4.85950e-01,-0.059,0.062
4.85960e-01,-0.041,0.046
4.85970e-01,-0.057,0.062
4.85980e-01,-0.061,0.066
4.85990e-01,-0.059,0.062
4.86000e-01,-0.057,0.062
4.86010e-01,-0.057,0.06
4.86020e-01,-0.059,0.062
4.86030e-01,-0.059,0.062
4.86040e-01,-0.059,0.062
4.86050e-01,-0.049,0.06
4.86060e-01,-0.059,0.066
4.86070e-01,-0.059,0.06
4.86080e-01,-0.059,0.062
4.86090e-01,-0.055,0.062
4.86100e-01,-0.055,0.062
4.86110e-01,-0.061,0.062
4.86120e-01,-0.061,0.064
4.86130e-01,-0.061,0.064
4.86140e-01,-0.061,0.064
4.86150e-01,-0.059,0.06
4.86160e-01,-0.055,0.062
4.86170e-01,-0.051,0.058
4.86180e-01,-0.057,0.056
4.86190e-01,-0.057,0.06
4.86200e-01,-0.061,0.062
4.86210e-01,-0.059,0.06
4.86220e-01,-0.061,0.062
4.86230e-01,-0.061,0.064
4.86240e-01,-0.055,0.06
4.86250e-01,-0.059,0.066
4.86260e-01,-0.057,0.06
4.86270e-01,-0.061,0.064
4.86280e-01,-0.061,0.062
4.86290e-01,-0.057,0.058
4.86300e-01,-0.055,0.062
4.86310e-01,-0.057,0.064
4.86320e-01,-0.061,0.062
4.86330e-01,-0.057,0.06
4.86340e-01,-0.057,0.064
4.86350e-01,-0.045,0.052
4.86360e-01,-0.057,0.064
4.86370e-01,-0.057,0.064
4.86380e-01,-0.055,0.064
4.86390e-01,-0.059,0.06
4.86400e-01,-0.061,0.066
4.86410e-01,-0.059,0.064
4.86420e-01,-0.055,0.06
4.86430e-01,-0.057,0.064
4.86440e-01,-0.055,0.062
4.86450e-01,-0.051,0.058
4.86460e-01,-0.053,0.056
4.86470e-01,-0.057,0.06
4.86480e-01,-0.053,0.058
4.86490e-01,-0.059,0.064
4.86500e-01,-0.055,0.06
4.86510e-01,-0.041,0.05
4.86520e-01,-0.055,0.056
4.86530e-01,-0.059,0.06
4.86540e-01,-0.059,0.064
4.86550e-01,-0.057,0.062
4.86560e-01,-0.055,0.058
4.86570e-01,-0.059,0.064
4.86580e-01,-0.057,0.062
4.86590e-01,-0.057,0.062
4.86600e-01,-0.055,0.064
4.86610e-01,-0.057,0.062
4.86620e-01,-0.063,0.062
4.86630e-01,-0.061,0.062
4.86640e-01,-0.059,0.062
4.86650e-01,-0.059,0.062
4.86660e-01,-0.057,0.064
4.86670e-01,-0.059,0.062
4.86680e-01,-0.061,0.066
4.86690e-01,-0.059,0.064
4.86700e-01,-0.057,0.068
4.86710e-01,-0.061,0.064
4.86720e-01,-0.059,0.064
4.86730e-01,-0.059,0.062
4.86740e-01,-0.061,0.06
4.86750e-01,-0.061,0.064
4.86760e-01,-0.059,0.062
4.86770e-01,-0.057,0.062
4.86780e-01,-0.057,0.06
4.86790e-01,-0.061,0.066
4.86800e-01,-0.063,0.066
4.86810e-01,-0.059,0.064
4.86820e-01,-0.061,0.064
4.86830e-01,-0.059,0.064
4.86840e-01,-0.059,0.064
4.86850e-01,-0.059,0.064
4.86860e-01,-0.057,0.06
4.86870e-01,-0.059,0.064
4.86880e-01,-0.055,0.064
4.86890e-01,-0.063,0.062
4.86900e-01,-0.057,0.066
4.86910e-01,-0.063,0.064
4.86920e-01,-0.053,0.056
4.86930e-01,-0.059,0.064
4.86940e-01,-0.061,0.064
4.86950e-01,-0.061,0.066
4.86960e-01,-0.059,0.06
4.86970e-01,-0.063,0.062
4.86980e-01,-0.061,0.064
4.86990e-01,-0.057,0.062
4.87000e-01,-0.059,0.064
4.87010e-01,-0.059,0.06
4.87020e-01,-0.061,0.066
4.87030e-01,-0.059,0.064
4.87040e-01,-0.055,0.062
4.87050e-01,-0.059,0.062
4.87060e-01,-0.055,0.06
4.87070e-01,-0.057,0.06
4.87080e-01,-0.059,0.062
4.87090e-01,-0.057,0.06
4.87100e-01,-0.059,0.064
4.87110e-01,-0.059,0.066
4.87120e-01,-0.061,0.064
4.87130e-01,-0.063,0.066
4.87140e-01,-0.059,0.062
4.87150e-01,-0.061,0.064
4.87160e-01,-0.057,0.06
4.87170e-01,-0.045,0.054
4.87180e-01,-0.037,0.046
4.87190e-01,-0.061,0.06
4.87200e-01,-0.059,0.066
4.87210e-01,-0.053,0.06
4.87220e-01,-0.057,0.064
4.87230e-01,-0.059,0.06
4.87240e-01,-0.059,0.064
4.87250e-01,-0.059,0.062
4.87260e-01,-0.055,0.062
4.87270e-01,-0.047,0.056
4.87280e-01,-0.051,0.058
4.87290e-01,-0.043,0.044
4.87300e-01,-0.057,0.062
4.87310e-01,-0.055,0.06
4.87320e-01,-0.055,0.062
4.87330e-01,-0.051,0.054
4.87340e-01,-0.063,0.064
4.87350e-01,-0.059,0.064
4.87360e-01,-0.061,0.062
4.87370e-01,-0.061,0.062
4.87380e-01,-0.061,0.062
4.87390e-01,-0.059,0.064
4.87400e-01,-0.055,0.06
4.87410e-01,-0.053,0.054
4.87420e-01,-0.051,0.06
4.87430e-01,-0.055,0.06
4.87440e-01,-0.061,0.064
4.87450e-01,-0.057,0.062
4.87460e-01,-0.061,0.064
4.87470e-01,-0.059,0.064
4.87480e-01,-0.061,0.066
4.87490e-01,-0.063,0.064
4.87500e-01,-0.059,0.064
4.87510e-01,-0.055,0.06
4.87520e-01,-0.061,0.066
4.87530e-01,-0.055,0.06
4.87540e-01,-0.057,0.06
4.87550e-01,-0.061,0.066
4.87560e-01,-0.047,0.054
4.87570e-01,-0.059,0.064
4.87580e-01,-0.055,0.06
4.87590e-01,-0.061,0.064
4.87600e-01,-0.061,0.062
4.87610e-01,-0.051,0.06
4.87620e-01,-0.061,0.064
4.87630e-01,-0.057,0.062
4.87640e-01,-0.061,0.064
4.87650e-01,-0.055,0.06
4.87660e-01,-0.065,0.064
4.87670e-01,-0.059,0.06
4.87680e-01,-0.061,0.062
4.87690e-01,-0.059,0.062
4.87700e-01,-0.053,0.056
4.87710e-01,-0.053,0.056
4.87720e-01,-0.047,0.052
4.87730e-01,-0.059,0.06
4.87740e-01,-0.053,0.058
4.87750e-01,-0.061,0.06
4.87760e-01,-0.057,0.062
4.87770e-01,-0.057,0.062
4.87780e-01,-0.053,0.058
4.87790e-01,-0.053,0.056
4.87800e-01,-0.061,0.06
4.87810e-01,-0.053,0.06
4.87820e-01,-0.045,0.048
4.87830e-01,-0.043,0.048
4.87840e-01,-0.059,0.062
4.87850e-01,-0.059,0.064
4.87860e-01,-0.057,0.062
4.87870e-01,-0.057,0.062
4.87880e-01,-0.057,0.06
4.87890e-01,-0.061,0.064
4.87900e-01,-0.057,0.06
4.87910e-01,-0.061,0.062
4.87920e-01,-0.055,0.06
4.87930e-01,-0.055,0.06
4.87940e-01,-0.059,0.062
4.87950e-01,-0.055,0.056
4.87960e-01,-0.061,0.062
4.87970e-01,-0.061,0.062
4.87980e-01,-0.059,0.066
4.87990e-01,-0.057,0.062
4.88000e-01,-0.057,0.06
4.88010e-01,-0.051,0.06
4.88020e-01,-0.061,0.064
4.88030e-01,-0.059,0.064
4.88040e-01,-0.063,0.064
4.88050e-01,-0.053,0.058
4.88060e-01,-0.057,0.064
4.88070e-01,-0.047,0.056
4.88080e-01,-0.057,0.06
4.88090e-01,-0.059,0.062
4.88100e-01,-0.059,0.064
4.88110e-01,-0.055,0.058
4.88120e-01,-0.057,0.064
4.88130e-01,-0.055,0.064
4.88140e-01,-0.061,0.068
4.88150e-01,-0.061,0.064
4.88160e-01,-0.057,0.062
4.88170e-01,-0.053,0.054
4.88180e-01,-0.059,0.06
4.88190e-01,-0.059,0.06
4.88200e-01,-0.059,0.066
4.88210e-01,-0.057,0.064
4.88220e-01,-0.057,0.062
4.88230e-01,-0.059,0.06
4.88240e-01,-0.057,0.064
4.88250e-01,-0.055,0.06
4.88260e-01,-0.057,0.06
4.88270e-01,-0.059,0.064
4.88280e-01,-0.059,0.06
4.88290e-01,-0.061,0.064
4.88300e-01,-0.061,0.062
4.88310e-01,-0.059,0.064
4.88320e-01,-0.059,0.066
4.88330e-01,-0.059,0.062
4.88340e-01,-0.059,0.064
4.88350e-01,-0.061,0.064
4.88360e-01,-0.059,0.066
4.88370e-01,-0.055,0.056
4.88380e-01,-0.061,0.062
4.88390e-01,-0.055,0.062
4.88400e-01,-0.049,0.06
4.88410e-01,-0.057,0.064
4.88420e-01,-0.059,0.062
4.88430e-01,-0.061,0.064
4.88440e-01,-0.059,0.064
4.88450e-01,-0.061,0.066
4.88460e-01,-0.059,0.06
4.88470e-01,-0.053,0.058
4.88480e-01,-0.059,0.066
4.88490e-01,-0.059,0.06
4.88500e-01,-0.057,0.06
4.88510e-01,-0.059,0.062
4.88520e-01,-0.063,0.064
4.88530e-01,-0.051,0.06
4.88540e-01,-0.059,0.064
4.88550e-01,-0.061,0.062
4.88560e-01,-0.057,0.062
4.88570e-01,-0.053,0.056
4.88580e-01,-0.059,0.062
4.88590e-01,-0.055,0.064
4.88600e-01,-0.059,0.062
4.88610e-01,-0.057,0.062
4.88620e-01,-0.059,0.06
4.88630e-01,-0.053,0.06
4.88640e-01,-0.055,0.062
4.88650e-01,-0.051,0.058
4.88660e-01,-0.059,0.064
4.88670e-01,-0.063,0.062
4.88680e-01,-0.059,0.064
4.88690e-01,-0.059,0.062
4.88700e-01,-0.055,0.064
4.88710e-01,-0.055,0.062
4.88720e-01,-0.061,0.06
4.88730e-01,-0.059,0.062
4.88740e-01,-0.057,0.06
4.88750e-01,-0.057,0.062
4.88760e-01,-0.057,0.06
4.88770e-01,-0.059,0.062
4.88780e-01,-0.061,0.064
4.88790e-01,-0.061,0.062
4.88800e-01,-0.059,0.06
4.88810e-01,-0.061,0.066
4.88820e-01,-0.059,0.06
4.88830e-01,-0.057,0.062
4.88840e-01,-0.051,0.054
4.88850e-01,-0.059,0.062
4.88860e-01,-0.059,0.062
4.88870e-01,-0.053,0.06
4.88880e-01,-0.059,0.064
4.88890e-01,-0.057,0.06
4.88900e-01,-0.059,0.06
4.88910e-01,-0.047,0.054
4.88920e-01,-0.053,0.06
4.88930e-01,-0.055,0.064
4.88940e-01,-0.057,0.062
4.88950e-01,-0.057,0.06
4.88960e-01,-0.051,0.05
4.88970e-01,-0.057,0.064
4.88980e-01,-0.063,0.064
4.88990e-01,-0.057,0.062
4.89000e-01,-0.059,0.064
4.89010e-01,-0.059,0.064
4.89020e-01,-0.061,0.062
4.89030e-01,-0.059,0.064
4.89040e-01,-0.057,0.064
4.89050e-01,-0.061,0.062
4.89060e-01,-0.053,0.06
4.89070e-01,-0.055,0.06
4.89080e-01,-0.049,0.056
4.89090e-01,-0.059,0.064
4.89100e-01,-0.059,0.06
4.89110e-01,-0.053,0.058
4.89120e-01,-0.061,0.066
4.89130e-01,-0.053,0.06
4.89140e-01,-0.061,0.062
4.89150e-01,-0.057,0.06
4.89160e-01,-0.059,0.064
4.89170e-01,-0.057,0.062
4.89180e-01,-0.059,0.064
4.89190e-01,-0.057,0.064
4.89200e-01,-0.063,0.064
4.89210e-01,-0.057,0.06
4.89220e-01,-0.055,0.06
4.89230e-01,-0.057,0.064
4.89240e-01,-0.053,0.056
4.89250e-01,-0.059,0.06
4.89260e-01,-0.051,0.058
4.89270e-01,-0.057,0.062
4.89280e-01,-0.061,0.064
4.89290e-01,-0.059,0.066
4.89300e-01,-0.049,0.054
4.89310e-01,-0.059,0.062
4.89320e-01,-0.059,0.064
4.89330e-01,-0.063,0.064
4.89340e-01,-0.061,0.064
4.89350e-01,-0.053,0.062
4.89360e-01,-0.061,0.062
4.89370e-01,-0.061,0.062
4.89380e-01,-0.059,0.062
4.89390e-01,-0.059,0.064
4.89400e-01,-0.059,0.064
4.89410e-01,-0.055,0.06
4.89420e-01,-0.057,0.06
4.89430e-01,-0.063,0.062
4.89440e-01,-0.059,0.062
4.89450e-01,-0.061,0.062
4.89460e-01,-0.055,0.056
4.89470e-01,-0.057,0.062
4.89480e-01,-0.059,0.064
4.89490e-01,-0.059,0.062
4.89500e-01,-0.061,0.06
4.89510e-01,-0.061,0.06
4.89520e-01,-0.059,0.062
4.89530e-01,-0.057,0.06
4.89540e-01,-0.061,0.062
4.89550e-01,-0.059,0.064
4.89560e-01,-0.061,0.064
4.89570e-01,-0.061,0.064
4.89580e-01,-0.059,0.064
4.89590e-01,-0.059,0.062
4.89600e-01,-0.059,0.06
4.89610e-01,-0.061,0.064
4.89620e-01,-0.061,0.066
4.89630e-01,-0.055,0.058
4.89640e-01,-0.059,0.064
4.89650e-01,-0.059,0.064
4.89660e-01,-0.055,0.06
4.89670e-01,-0.051,0.06
4.89680e-01,-0.051,0.058
4.89690e-01,-0.053,0.056
4.89700e-01,-0.057,0.06
4.89710e-01,-0.061,0.062
4.89720e-01,-0.061,0.064
4.89730e-01,-0.051,0.058
4.89740e-01,-0.061,0.064
4.89750e-01,-0.057,0.062
4.89760e-01,-0.059,0.066
4.89770e-01,-0.059,0.066
4.89780e-01,-0.059,0.064
4.89790e-01,-0.057,0.06
4.89800e-01,-0.061,0.06
4.89810e-01,-0.059,0.062
4.89820e-01,-0.059,0.064
4.89830e-01,-0.057,0.062
4.89840e-01,-0.059,0.064
4.89850e-01,-0.051,0.056
4.89860e-01,-0.059,0.062
4.89870e-01,-0.051,0.06
4.89880e-01,-0.059,0.062
4.89890e-01,-0.055,0.06
4.89900e-01,-0.063,0.064
4.89910e-01,-0.059,0.064
4.89920e-01,-0.061,0.064
4.89930e-01,-0.059,0.06
4.89940e-01,-0.059,0.06
4.89950e-01,-0.051,0.056
4.89960e-01,-0.057,0.064
4.89970e-01,-0.057,0.064
4.89980e-01,-0.059,0.064
4.89990e-01,-0.061,0.062
4.90000e-01,-0.059,0.06
4.90010e-01,-0.055,0.062
4.90020e-01,-0.059,0.062
4.90030e-01,-0.059,0.062
4.90040e-01,-0.059,0.064
4.90050e-01,-0.061,0.062
4.90060e-01,-0.053,0.058
4.90070e-01,-0.053,0.058
4.90080e-01,-0.059,0.06
4.90090e-01,-0.061,0.064
4.90100e-01,-0.057,0.062
4.90110e-01,-0.057,0.062
4.90120e-01,-0.063,0.066
4.90130e-01,-0.061,0.06
4.90140e-01,-0.057,0.064
4.90150e-01,-0.059,0.062
4.90160e-01,-0.061,0.06
4.90170e-01,-0.059,0.066
4.90180e-01,-0.055,0.06
4.90190e-01,-0.063,0.064
4.90200e-01,-0.055,0.06
4.90210e-01,-0.053,0.06
4.90220e-01,-0.055,0.06
4.90230e-01,-0.059,0.064
4.90240e-01,-0.057,0.058
4.90250e-01,-0.059,0.066
4.90260e-01,-0.057,0.06
4.90270e-01,-0.059,0.062
4.90280e-01,-0.055,0.06
4.90290e-01,-0.051,0.056
4.90300e-01,-0.059,0.064
4.90310e-01,-0.061,0.066
4.90320e-01,-0.059,0.064
4.90330e-01,-0.059,0.066
4.90340e-01,-0.063,0.066
4.90350e-01,-0.059,0.062
4.90360e-01,-0.057,0.06
4.90370e-01,-0.059,0.062
4.90380e-01,-0.057,0.062
4.90390e-01,-0.059,0.064
4.90400e-01,-0.061,0.066
4.90410e-01,-0.057,0.064
4.90420e-01,-0.059,0.06
4.90430e-01,-0.063,0.068
4.90440e-01,-0.059,0.064
4.90450e-01,-0.061,0.062
4.90460e-01,-0.061,0.062
4.90470e-01,-0.057,0.062
4.90480e-01,-0.055,0.062
4.90490e-01,-0.061,0.064
4.90500e-01,-0.057,0.06
4.90510e-01,-0.061,0.066
4.90520e-01,-0.057,0.06
4.90530e-01,-0.061,0.062
4.90540e-01,-0.061,0.064
4.90550e-01,-0.059,0.062
4.90560e-01,-0.057,0.066
4.90570e-01,-0.061,0.062
4.90580e-01,-0.061,0.06
4.90590e-01,-0.055,0.062
4.90600e-01,-0.057,0.062
4.90610e-01,-0.049,0.054
4.90620e-01,-0.049,0.058
4.90630e-01,-0.057,0.062
4.90640e-01,-0.063,0.064
4.90650e-01,-0.063,0.066
4.90660e-01,-0.059,0.064
4.90670e-01,-0.057,0.06
4.90680e-01,-0.061,0.062
4.90690e-01,-0.061,0.064
4.90700e-01,-0.059,0.064
4.90710e-01,-0.049,0.054
4.90720e-01,-0.059,0.064
4.90730e-01,-0.063,0.064
4.90740e-01,-0.059,0.064
4.90750e-01,-0.055,0.062
4.90760e-01,-0.059,0.064
4.90770e-01,-0.057,0.06
4.90780e-01,-0.059,0.06
4.90790e-01,-0.055,0.06
4.90800e-01,-0.061,0.064
4.90810e-01,-0.061,0.06
4.90820e-01,-0.059,0.062
4.90830e-01,-0.061,0.062
4.90840e-01,-0.061,0.064
4.90850e-01,-0.057,0.066
4.90860e-01,-0.063,0.064
4.90870e-01,-0.055,0.06
4.90880e-01,-0.057,0.062
4.90890e-01,-0.057,0.064
4.90900e-01,-0.051,0.058
4.90910e-01,-0.055,0.06
4.90920e-01,-0.057,0.06
4.90930e-01,-0.063,0.064
4.90940e-01,-0.055,0.064
4.90950e-01,-0.051,0.056
4.90960e-01,-0.059,0.062
4.90970e-01,-0.061,0.062
4.90980e-01,-0.057,0.066
4.90990e-01,-0.059,0.064
4.91000e-01,-0.059,0.064
4.91010e-01,-0.055,0.06
4.91020e-01,-0.057,0.066
4.91030e-01,-0.059,0.064
4.91040e-01,-0.061,0.064
4.91050e-01,-0.061,0.066
4.91060e-01,-0.049,0.056
4.91070e-01,-0.057,0.064
4.91080e-01,-0.053,0.058
4.91090e-01,-0.063,0.062
4.91100e-01,-0.053,0.06
4.91110e-01,-0.059,0.064
4.91120e-01,-0.061,0.066
4.91130e-01,-0.055,0.06
4.91140e-01,-0.057,0.064
4.91150e-01,-0.057,0.06
4.91160e-01,-0.059,0.06
4.91170e-01,-0.061,0.064
4.91180e-01,-0.055,0.056
4.91190e-01,-0.059,0.062
4.91200e-01,-0.059,0.06
4.91210e-01,-0.059,0.064
4.91220e-01,-0.053,0.058
4.91230e-01,-0.057,0.06
4.91240e-01,-0.059,0.062
4.91250e-01,-0.059,0.068
4.91260e-01,-0.059,0.064
4.91270e-01,-0.059,0.064
4.91280e-01,-0.059,0.064
4.91290e-01,-0.059,0.062
4.91300e-01,-0.059,0.064
4.91310e-01,-0.051,0.056
4.91320e-01,-0.059,0.062
4.91330e-01,-0.061,0.06
4.91340e-01,-0.059,0.062
4.91350e-01,-0.059,0.06
4.91360e-01,-0.059,0.06
4.91370e-01,-0.057,0.06
4.91380e-01,-0.051,0.06
4.91390e-01,-0.055,0.064
4.91400e-01,-0.049,0.054
4.91410e-01,-0.053,0.056
4.91420e-01,-0.061,0.06
4.91430e-01,-0.059,0.066
4.91440e-01,-0.061,0.062
4.91450e-01,-0.059,0.064
4.91460e-01,-0.055,0.06
4.91470e-01,-0.059,0.064
4.91480e-01,-0.055,0.06
4.91490e-01,-0.061,0.064
4.91500e-01,-0.059,0.062
4.91510e-01,-0.061,0.066
4.91520e-01,-0.059,0.06
4.91530e-01,-0.061,0.066
4.91540e-01,-0.061,0.064
4.91550e-01,-0.059,0.064
4.91560e-01,-0.057,0.064
4.91570e-01,-0.059,0.062
4.91580e-01,-0.055,0.056
4.91590e-01,-0.059,0.062
4.91600e-01,-0.061,0.062
4.91610e-01,-0.061,0.064
4.91620e-01,-0.061,0.064
4.91630e-01,-0.059,0.064
4.91640e-01,-0.059,0.064
4.91650e-01,-0.059,0.066
4.91660e-01,-0.055,0.06
4.91670e-01,-0.057,0.06
4.91680e-01,-0.053,0.056
4.91690e-01,-0.061,0.064
4.91700e-01,-0.049,0.056
4.91710e-01,-0.055,0.064
4.91720e-01,-0.055,0.064
4.91730e-01,-0.061,0.064
4.91740e-01,-0.057,0.064
4.91750e-01,-0.053,0.056
4.91760e-01,-0.055,0.062
4.91770e-01,-0.059,0.06
4.91780e-01,-0.061,0.062
4.91790e-01,-0.057,0.06
4.91800e-01,-0.061,0.062
4.91810e-01,-0.057,0.064
4.91820e-01,-0.061,0.064
4.91830e-01,-0.061,0.064
4.91840e-01,-0.059,0.06
4.91850e-01,-0.047,0.056
4.91860e-01,-0.063,0.06
4.91870e-01,-0.051,0.06
4.91880e-01,-0.053,0.06
4.91890e-01,-0.061,0.06
4.91900e-01,-0.055,0.06
4.91910e-01,-0.057,0.062
4.91920e-01,-0.057,0.06
4.91930e-01,-0.059,0.064
4.91940e-01,-0.051,0.054
4.91950e-01,-0.061,0.064
4.91960e-01,-0.053,0.058
4.91970e-01,-0.059,0.06
4.91980e-01,-0.063,0.062
4.91990e-01,-0.061,0.062
4.92000e-01,-0.059,0.06
4.92010e-01,-0.053,0.06
4.92020e-01,-0.063,0.064
4.92030e-01,-0.063,0.064
4.92040e-01,-0.061,0.064
4.92050e-01,-0.063,0.064
4.92060e-01,-0.061,0.064
4.92070e-01,-0.061,0.064
4.92080e-01,-0.061,0.066
4.92090e-01,-0.063,0.064
4.92100e-01,-0.059,0.06
4.92110e-01,-0.057,0.068
4.92120e-01,-0.061,0.068
4.92130e-01,-0.059,0.064
4.92140e-01,-0.057,0.06
4.92150e-01,-0.061,0.066
4.92160e-01,-0.065,0.062
4.92170e-01,-0.055,0.06
4.92180e-01,-0.059,0.062
4.92190e-01,-0.059,0.062
4.92200e-01,-0.061,0.064
4.92210e-01,-0.059,0.066
4.92220e-01,-0.057,0.066
4.92230e-01,-0.063,0.064
4.92240e-01,-0.057,0.06
4.92250e-01,-0.061,0.062
4.92260e-01,-0.063,0.06
4.92270e-01,-0.057,0.064
4.92280e-01,-0.061,0.066
4.92290e-01,-0.059,0.062
4.92300e-01,-0.059,0.064
4.92310e-01,-0.059,0.068
4.92320e-01,-0.055,0.06
4.92330e-01,-0.053,0.06
4.92340e-01,-0.057,0.06
4.92350e-01,-0.059,0.062
4.92360e-01,-0.057,0.06
4.92370e-01,-0.059,0.062
4.92380e-01,-0.055,0.058
4.92390e-01,-0.059,0.062
4.92400e-01,-0.057,0.058
4.92410e-01,-0.061,0.064
4.92420e-01,-0.063,0.062
4.92430e-01,-0.061,0.062
4.92440e-01,-0.059,0.064
4.92450e-01,-0.059,0.066
4.92460e-01,-0.047,0.052
4.92470e-01,-0.059,0.06
4.92480e-01,-0.061,0.066
4.92490e-01,-0.059,0.064
4.92500e-01,-0.059,0.064
4.92510e-01,-0.061,0.064
4.92520e-01,-0.061,0.066
4.92530e-01,-0.053,0.056
4.92540e-01,-0.057,0.064
4.92550e-01,-0.061,0.06
4.92560e-01,-0.061,0.062
4.92570e-01,-0.059,0.062
4.92580e-01,-0.057,0.062
4.92590e-01,-0.059,0.062
4.92600e-01,-0.049,0.05
4.92610e-01,-0.051,0.06
4.92620e-01,-0.059,0.06
4.92630e-01,-0.057,0.06
4.92640e-01,-0.061,0.064
4.92650e-01,-0.059,0.064
4.92660e-01,-0.061,0.06
4.92670e-01,-0.059,0.062
4.92680e-01,-0.055,0.064
4.92690e-01,-0.057,0.064
4.92700e-01,-0.061,0.062
4.92710e-01,-0.061,0.066
4.92720e-01,-0.057,0.062
4.92730e-01,-0.059,0.062
4.92740e-01,-0.061,0.066
4.92750e-01,-0.061,0.064
4.92760e-01,-0.053,0.058
4.92770e-01,-0.063,0.062
4.92780e-01,-0.053,0.064
4.92790e-01,-0.059,0.06
4.92800e-01,-0.059,0.062
4.92810e-01,-0.057,0.064
4.92820e-01,-0.061,0.062
4.92830e-01,-0.059,0.06
4.92840e-01,-0.059,0.064
4.92850e-01,-0.049,0.06
4.92860e-01,-0.059,0.064
4.92870e-01,-0.057,0.062
4.92880e-01,-0.057,0.062
4.92890e-01,-0.055,0.06
4.92900e-01,-0.055,0.062
4.92910e-01,-0.055,0.06
4.92920e-01,-0.051,0.052
4.92930e-01,-0.047,0.048
4.92940e-01,-0.053,0.058
4.92950e-01,-0.045,0.05
4.92960e-01,-0.057,0.062
4.92970e-01,-0.059,0.064
4.92980e-01,-0.061,0.064
4.92990e-01,-0.059,0.064
4.93000e-01,-0.057,0.062
4.93010e-01,-0.061,0.062
4.93020e-01,-0.059,0.062
4.93030e-01,-0.061,0.064
4.93040e-01,-0.055,0.06
4.93050e-01,-0.061,0.064
4.93060e-01,-0.061,0.064
4.93070e-01,-0.057,0.064
4.93080e-01,-0.057,0.062
4.93090e-01,-0.061,0.064
4.93100e-01,-0.059,0.06
4.93110e-01,-0.053,0.062
4.93120e-01,-0.055,0.058
4.93130e-01,-0.061,0.064
4.93140e-01,-0.057,0.06
4.93150e-01,-0.055,0.06
4.93160e-01,-0.055,0.06
4.93170e-01,-0.061,0.06
4.93180e-01,-0.059,0.058
4.93190e-01,-0.063,0.062
4.93200e-01,-0.061,0.064
4.93210e-01,-0.059,0.064
4.93220e-01,-0.063,0.066
4.93230e-01,-0.057,0.058
4.93240e-01,-0.057,0.06
4.93250e-01,-0.057,0.062
4.93260e-01,-0.057,0.064
4.93270e-01,-0.051,0.054
4.93280e-01,-0.055,0.062
4.93290e-01,-0.055,0.056
4.93300e-01,-0.063,0.062
4.93310e-01,-0.059,0.062
4.93320e-01,-0.057,0.062
4.93330e-01,-0.061,0.066
4.93340e-01,-0.059,0.066
4.93350e-01,-0.059,0.066
4.93360e-01,-0.061,0.062
4.93370e-01,-0.057,0.064
4.93380e-01,-0.061,0.06
4.93390e-01,-0.061,0.062
4.93400e-01,-0.061,0.064
4.93410e-01,-0.055,0.06
4.93420e-01,-0.055,0.064
4.93430e-01,-0.061,0.062
4.93440e-01,-0.057,0.06
4.93450e-01,-0.061,0.064
4.93460e-01,-0.063,0.066
4.93470e-01,-0.059,0.066
4.93480e-01,-0.061,0.066
4.93490e-01,-0.055,0.062
4.93500e-01,-0.057,0.062
4.93510e-01,-0.055,0.06
4.93520e-01,-0.055,0.06
4.93530e-01,-0.063,0.062
4.93540e-01,-0.061,0.066
4.93550e-01,-0.061,0.064
4.93560e-01,-0.061,0.062
4.93570e-01,-0.061,0.062
4.93580e-01,-0.061,0.064
4.93590e-01,-0.055,0.064
4.93600e-01,-0.057,0.062
4.93610e-01,-0.059,0.06
4.93620e-01,-0.059,0.062
4.93630e-01,-0.057,0.064
4.93640e-01,-0.061,0.06
4.93650e-01,-0.057,0.066
4.93660e-01,-0.047,0.056
4.93670e-01,-0.053,0.06
4.93680e-01,-0.059,0.062
4.93690e-01,-0.059,0.062
4.93700e-01,-0.059,0.06
4.93710e-01,-0.059,0.062
4.93720e-01,-0.059,0.06
4.93730e-01,-0.061,0.06
4.93740e-01,-0.057,0.06
4.93750e-01,-0.045,0.052
4.93760e-01,-0.057,0.06
4.93770e-01,-0.059,0.06
4.93780e-01,-0.059,0.064
4.93790e-01,-0.059,0.064
4.93800e-01,-0.063,0.064
4.93810e-01,-0.063,0.066
4.93820e-01,-0.057,0.062
4.93830e-01,-0.057,0.06
4.93840e-01,-0.057,0.06
4.93850e-01,-0.059,0.062
4.93860e-01,-0.055,0.062
4.93870e-01,-0.061,0.064
4.93880e-01,-0.057,0.06
4.93890e-01,-0.059,0.064
4.93900e-01,-0.057,0.062
4.93910e-01,-0.061,0.064
4.93920e-01,-0.061,0.064
4.93930e-01,-0.059,0.064
4.93940e-01,-0.061,0.066
4.93950e-01,-0.059,0.064
4.93960e-01,-0.063,0.064
4.93970e-01,-0.059,0.062
4.93980e-01,-0.059,0.068
4.93990e-01,-0.055,0.062
4.94000e-01,-0.055,0.062
4.94010e-01,-0.061,0.062
4.94020e-01,-0.061,0.06
4.94030e-01,-0.059,0.064
4.94040e-01,-0.061,0.064
4.94050e-01,-0.049,0.056
4.94060e-01,-0.057,0.06
4.94070e-01,-0.053,0.06
4.94080e-01,-0.055,0.06
4.94090e-01,-0.061,0.066
4.94100e-01,-0.057,0.062
4.94110e-01,-0.059,0.062
4.94120e-01,-0.059,0.06
4.94130e-01,-0.047,0.046
4.94140e-01,-0.049,0.052
4.94150e-01,-0.051,0.058
4.94160e-01,-0.057,0.06
4.94170e-01,-0.043,0.052
4.94180e-01,-0.053,0.056
4.94190e-01,-0.053,0.058
4.94200e-01,-0.059,0.06
4.94210e-01,-0.057,0.062
4.94220e-01,-0.057,0.062
4.94230e-01,-0.059,0.062
4.94240e-01,-0.061,0.066
4.94250e-01,-0.059,0.062
4.94260e-01,-0.059,0.064
4.94270e-01,-0.057,0.06
4.94280e-01,-0.053,0.06
4.94290e-01,-0.061,0.064
4.94300e-01,-0.061,0.066
4.94310e-01,-0.061,0.062
4.94320e-01,-0.061,0.062
4.94330e-01,-0.061,0.062
4.94340e-01,-0.059,0.062
4.94350e-01,-0.053,0.06
4.94360e-01,-0.061,0.064
4.94370e-01,-0.059,0.066
4.94380e-01,-0.043,0.05
4.94390e-01,-0.053,0.056
4.94400e-01,-0.061,0.068
4.94410e-01,-0.045,0.05
4.94420e-01,-0.041,0.048
4.94430e-01,-0.041,0.046
4.94440e-01,-0.043,0.05
4.94450e-01,-0.049,0.054
4.94460e-01,-0.055,0.058
4.94470e-01,-0.057,0.06
4.94480e-01,-0.059,0.068
4.94490e-01,-0.061,0.062
4.94500e-01,-0.061,0.066
4.94510e-01,-0.059,0.066
4.94520e-01,-0.059,0.066
4.94530e-01,-0.055,0.066
4.94540e-01,-0.059,0.06
4.94550e-01,-0.053,0.06
4.94560e-01,-0.059,0.064
4.94570e-01,-0.061,0.064
4.94580e-01,-0.063,0.064
4.94590e-01,-0.061,0.064
4.94600e-01,-0.057,0.062
4.94610e-01,-0.059,0.06
4.94620e-01,-0.057,0.064
4.94630e-01,-0.059,0.064
4.94640e-01,-0.057,0.058
4.94650e-01,-0.057,0.062
4.94660e-01,-0.055,0.06
4.94670e-01,-0.055,0.06
4.94680e-01,-0.051,0.052
4.94690e-01,-0.051,0.056
4.94700e-01,-0.051,0.05
4.94710e-01,-0.059,0.064
4.94720e-01,-0.061,0.062
4.94730e-01,-0.061,0.062
4.94740e-01,-0.061,0.064
4.94750e-01,-0.053,0.062
4.94760e-01,-0.061,0.062
4.94770e-01,-0.057,0.062
4.94780e-01,-0.059,0.062
4.94790e-01,-0.057,0.062
4.94800e-01,-0.057,0.062
4.94810e-01,-0.057,0.062
4.94820e-01,-0.059,0.064
4.94830e-01,-0.057,0.06
4.94840e-01,-0.053,0.06
4.94850e-01,-0.059,0.06
4.94860e-01,-0.059,0.064
4.94870e-01,-0.053,0.06
4.94880e-01,-0.057,0.064
4.94890e-01,-0.061,0.068
4.94900e-01,-0.061,0.066
4.94910e-01,-0.057,0.062
4.94920e-01,-0.059,0.062
4.94930e-01,-0.051,0.054
4.94940e-01,-0.057,0.06
4.94950e-01,-0.061,0.064
4.94960e-01,-0.057,0.06
4.94970e-01,-0.063,0.064
4.94980e-01,-0.059,0.062
4.94990e-01,-0.061,0.066
4.95000e-01,-0.055,0.06
4.95010e-01,-0.055,0.06
4.95020e-01,-0.055,0.064
4.95030e-01,-0.057,0.064
4.95040e-01,-0.053,0.06
4.95050e-01,-0.059,0.062
4.95060e-01,-0.059,0.064
4.95070e-01,-0.059,0.062
4.95080e-01,-0.061,0.066
4.95090e-01,-0.059,0.06
4.95100e-01,-0.055,0.062
4.95110e-01,-0.059,0.062
4.95120e-01,-0.061,0.062
4.95130e-01,-0.059,0.062
4.95140e-01,-0.063,0.064
4.95150e-01,-0.059,0.064
4.95160e-01,-0.059,0.062
4.95170e-01,-0.057,0.066
4.95180e-01,-0.061,0.064
4.95190e-01,-0.055,0.062
4.95200e-01,-0.063,0.062
4.95210e-01,-0.061,0.064
4.95220e-01,-0.055,0.06
4.95230e-01,-0.055,0.06
4.95240e-01,-0.061,0.064
4.95250e-01,-0.061,0.062
4.95260e-01,-0.059,0.06
4.95270e-01,-0.059,0.064
4.95280e-01,-0.061,0.064
4.95290e-01,-0.059,0.064
4.95300e-01,-0.063,0.064
4.95310e-01,-0.065,0.064
4.95320e-01,-0.063,0.064
4.95330e-01,-0.059,0.062
4.95340e-01,-0.059,0.064
4.95350e-01,-0.057,0.06
4.95360e-01,-0.059,0.068
4.95370e-01,-0.049,0.058
4.95380e-01,-0.057,0.062
4.95390e-01,-0.057,0.062
4.95400e-01,-0.055,0.06
4.95410e-01,-0.061,0.064
4.95420e-01,-0.059,0.062
4.95430e-01,-0.059,0.062
4.95440e-01,-0.057,0.06
4.95450e-01,-0.059,0.064
4.95460e-01,-0.061,0.064
4.95470e-01,-0.057,0.064
4.95480e-01,-0.055,0.06
4.95490e-01,-0.063,0.064
4.95500e-01,-0.055,0.062
4.95510e-01,-0.057,0.066
4.95520e-01,-0.061,0.064
4.95530e-01,-0.057,0.06
4.95540e-01,-0.059,0.06
4.95550e-01,-0.055,0.06
4.95560e-01,-0.059,0.064
4.95570e-01,-0.055,0.064
4.95580e-01,-0.059,0.064
4.95590e-01,-0.057,0.062
4.95600e-01,-0.061,0.062
4.95610e-01,-0.057,0.064
4.95620e-01,-0.053,0.06
4.95630e-01,-0.057,0.056
4.95640e-01,-0.061,0.064
4.95650e-01,-0.057,0.06
4.95660e-01,-0.065,0.064
4.95670e-01,-0.059,0.06
4.95680e-01,-0.065,0.062
4.95690e-01,-0.057,0.062
4.95700e-01,-0.055,0.064
4.95710e-01,-0.055,0.06
4.95720e-01,-0.041,0.052
4.95730e-01,-0.059,0.062
4.95740e-01,-0.059,0.062
4.95750e-01,-0.059,0.064
4.95760e-01,-0.055,0.06
4.95770e-01,-0.061,0.06
4.95780e-01,-0.059,0.062
4.95790e-01,-0.063,0.062
4.95800e-01,-0.059,0.06
4.95810e-01,-0.057,0.064
4.95820e-01,-0.047,0.05
4.95830e-01,-0.059,0.06
4.95840e-01,-0.059,0.06
4.95850e-01,-0.049,0.054
4.95860e-01,-0.051,0.056
4.95870e-01,-0.061,0.064
4.95880e-01,-0.061,0.066
4.95890e-01,-0.059,0.064
4.95900e-01,-0.059,0.064
4.95910e-01,-0.059,0.064
4.95920e-01,-0.059,0.064
4.95930e-01,-0.061,0.06
4.95940e-01,-0.057,0.064
4.95950e-01,-0.057,0.06
4.95960e-01,-0.049,0.05
4.95970e-01,-0.059,0.06
4.95980e-01,-0.057,0.06
4.95990e-01,-0.061,0.064
4.96000e-01,-0.057,0.062
4.96010e-01,-0.059,0.066
4.96020e-01,-0.059,0.064
4.96030e-01,-0.063,0.064
4.96040e-01,-0.057,0.06
4.96050e-01,-0.055,0.06
4.96060e-01,-0.057,0.058
4.96070e-01,-0.057,0.06
4.96080e-01,-0.057,0.062
4.96090e-01,-0.055,0.062
4.96100e-01,-0.059,0.062
4.96110e-01,-0.059,0.062
4.96120e-01,-0.053,0.056
4.96130e-01,-0.047,0.054
4.96140e-01,-0.051,0.056
4.96150e-01,-0.047,0.052
4.96160e-01,-0.055,0.06
4.96170e-01,-0.059,0.06
4.96180e-01,-0.059,0.062
4.96190e-01,-0.055,0.06
4.96200e-01,-0.061,0.068
4.96210e-01,-0.061,0.062
4.96220e-01,-0.043,0.048
4.96230e-01,-0.061,0.064
4.96240e-01,-0.063,0.062
4.96250e-01,-0.063,0.064
4.96260e-01,-0.061,0.064
4.96270e-01,-0.061,0.066
4.96280e-01,-0.055,0.056
4.96290e-01,-0.061,0.064
4.96300e-01,-0.061,0.064
4.96310e-01,-0.057,0.062
4.96320e-01,-0.061,0.064
4.96330e-01,-0.061,0.066
4.96340e-01,-0.065,0.066
4.96350e-01,-0.061,0.064
4.96360e-01,-0.061,0.062
4.96370e-01,-0.057,0.064
4.96380e-01,-0.055,0.06
4.96390e-01,-0.039,0.046
4.96400e-01,-0.053,0.056
4.96410e-01,-0.059,0.062
4.96420e-01,-0.063,0.064
4.96430e-01,-0.061,0.064
4.96440e-01,-0.059,0.062
4.96450e-01,-0.061,0.064
4.96460e-01,-0.057,0.064
4.96470e-01,-0.061,0.062
4.96480e-01,-0.057,0.066
4.96490e-01,-0.057,0.066
4.96500e-01,-0.061,0.062
4.96510e-01,-0.059,0.062
4.96520e-01,-0.057,0.06
4.96530e-01,-0.061,0.066
4.96540e-01,-0.057,0.06
4.96550e-01,-0.059,0.06
4.96560e-01,-0.053,0.058
4.96570e-01,-0.057,0.064
4.96580e-01,-0.055,0.06
4.96590e-01,-0.059,0.062
4.96600e-01,-0.061,0.062
4.96610e-01,-0.057,0.064
4.96620e-01,-0.061,0.064
4.96630e-01,-0.059,0.06
4.96640e-01,-0.059,0.062
4.96650e-01,-0.059,0.068
4.96660e-01,-0.057,0.062
4.96670e-01,-0.059,0.062
4.96680e-01,-0.059,0.064
4.96690e-01,-0.055,0.06
4.96700e-01,-0.063,0.06
4.96710e-01,-0.059,0.064
4.96720e-01,-0.057,0.06
4.96730e-01,-0.057,0.06
4.96740e-01,-0.061,0.06
4.96750e-01,-0.061,0.062
4.96760e-01,-0.057,0.06
4.96770e-01,-0.049,0.052
4.96780e-01,-0.055,0.06
4.96790e-01,-0.061,0.064
4.96800e-01,-0.061,0.06
4.96810e-01,-0.055,0.058
4.96820e-01,-0.055,0.06
4.96830e-01,-0.059,0.06
4.96840e-01,-0.057,0.06
4.96850e-01,-0.053,0.058
4.96860e-01,-0.055,0.06
4.96870e-01,-0.053,0.058
4.96880e-01,-0.057,0.064
4.96890e-01,-0.051,0.058
4.96900e-01,-0.051,0.058
4.96910e-01,-0.037,0.048
4.96920e-01,-0.047,0.052
4.96930e-01,-0.055,0.056
4.96940e-01,-0.059,0.064
4.96950e-01,-0.057,0.066
4.96960e-01,-0.057,0.062
4.96970e-01,-0.057,0.062
4.96980e-01,-0.059,0.064
4.96990e-01,-0.055,0.058
4.97000e-01,-0.055,0.062
4.97010e-01,-0.059,0.06
4.97020e-01,-0.055,0.062
4.97030e-01,-0.059,0.06
4.97040e-01,-0.061,0.064
4.97050e-01,-0.063,0.066
4.97060e-01,-0.053,0.06
4.97070e-01,-0.061,0.062
4.97080e-01,-0.059,0.06
4.97090e-01,-0.057,0.062
4.97100e-01,-0.059,0.066
4.97110e-01,-0.061,0.064
4.97120e-01,-0.055,0.06
4.97130e-01,-0.057,0.06
4.97140e-01,-0.063,0.06
4.97150e-01,-0.063,0.064
4.97160e-01,-0.063,0.068
4.97170e-01,-0.055,0.06
4.97180e-01,-0.059,0.064
4.97190e-01,-0.057,0.06
4.97200e-01,-0.059,0.06
4.97210e-01,-0.057,0.06
4.97220e-01,-0.057,0.064
4.97230e-01,-0.047,0.052
4.97240e-01,-0.055,0.06
4.97250e-01,-0.057,0.06
4.97260e-01,-0.057,0.062
4.97270e-01,-0.051,0.06
4.97280e-01,-0.059,0.064
4.97290e-01,-0.059,0.06
4.97300e-01,-0.061,0.06
4.97310e-01,-0.061,0.066
4.97320e-01,-0.057,0.062
4.97330e-01,-0.059,0.062
4.97340e-01,-0.059,0.064
4.97350e-01,-0.061,0.064
4.97360e-01,-0.059,0.062
4.97370e-01,-0.053,0.056
4.97380e-01,-0.059,0.062
4.97390e-01,-0.063,0.064
4.97400e-01,-0.057,0.06
4.97410e-01,-0.061,0.066
4.97420e-01,-0.057,0.064
4.97430e-01,-0.059,0.064
4.97440e-01,-0.057,0.064
4.97450e-01,-0.057,0.064
4.97460e-01,-0.057,0.06
4.97470e-01,-0.057,0.062
4.97480e-01,-0.057,0.06
4.97490e-01,-0.059,0.062
4.97500e-01,-0.057,0.06
4.97510e-01,-0.059,0.064
4.97520e-01,-0.047,0.056
4.97530e-01,-0.059,0.064
4.97540e-01,-0.059,0.066
4.97550e-01,-0.055,0.064
4.97560e-01,-0.059,0.062
4.97570e-01,-0.055,0.058
4.97580e-01,-0.057,0.06
4.97590e-01,-0.055,0.064
4.97600e-01,-0.055,0.062
4.97610e-01,-0.053,0.058
4.97620e-01,-0.055,0.062
4.97630e-01,-0.049,0.054
4.97640e-01,-0.055,0.06
4.97650e-01,-0.061,0.064
4.97660e-01,-0.057,0.064
4.97670e-01,-0.059,0.062
4.97680e-01,-0.059,0.062
4.97690e-01,-0.059,0.06
4.97700e-01,-0.063,0.064
4.97710e-01,-0.055,0.06
4.97720e-01,-0.059,0.064
4.97730e-01,-0.061,0.062
4.97740e-01,-0.059,0.064
4.97750e-01,-0.061,0.068
4.97760e-01,-0.061,0.064
4.97770e-01,-0.057,0.064
4.97780e-01,-0.059,0.064
4.97790e-01,-0.057,0.062
4.97800e-01,-0.053,0.056
4.97810e-01,-0.057,0.062
4.97820e-01,-0.057,0.062
4.97830e-01,-0.055,0.06
4.97840e-01,-0.059,0.064
4.97850e-01,-0.059,0.064
4.97860e-01,-0.059,0.06
4.97870e-01,-0.055,0.064
4.97880e-01,-0.057,0.058
4.97890e-01,-0.057,0.06
4.97900e-01,-0.057,0.06
4.97910e-01,-0.061,0.066
4.97920e-01,-0.061,0.064
4.97930e-01,-0.059,0.06
4.97940e-01,-0.063,0.062
4.97950e-01,-0.057,0.06
4.97960e-01,-0.059,0.064
4.97970e-01,-0.055,0.06
4.97980e-01,-0.051,0.058
4.97990e-01,-0.051,0.06
4.98000e-01,-0.051,0.062
4.98010e-01,-0.059,0.06
4.98020e-01,-0.053,0.06
4.98030e-01,-0.063,0.064
4.98040e-01,-0.047,0.056
4.98050e-01,-0.051,0.06
4.98060e-01,-0.051,0.056
4.98070e-01,-0.057,0.06
4.98080e-01,-0.055,0.06
4.98090e-01,-0.059,0.064
4.98100e-01,-0.057,0.064
4.98110e-01,-0.061,0.064
4.98120e-01,-0.061,0.064
4.98130e-01,-0.061,0.064
4.98140e-01,-0.057,0.06
4.98150e-01,-0.063,0.064
4.98160e-01,-0.059,0.064
4.98170e-01,-0.053,0.06
4.98180e-01,-0.055,0.06
4.98190e-01,-0.061,0.062
4.98200e-01,-0.057,0.064
4.98210e-01,-0.055,0.06
4.98220e-01,-0.047,0.058
4.98230e-01,-0.053,0.06
4.98240e-01,-0.061,0.062
4.98250e-01,-0.063,0.064
4.98260e-01,-0.063,0.064
4.98270e-01,-0.059,0.062
4.98280e-01,-0.061,0.06
4.98290e-01,-0.061,0.062
4.98300e-01,-0.061,0.06
4.98310e-01,-0.059,0.064
4.98320e-01,-0.055,0.06
4.98330e-01,-0.057,0.062
4.98340e-01,-0.059,0.06
4.98350e-01,-0.061,0.062
4.98360e-01,-0.059,0.064
4.98370e-01,-0.059,0.06
4.98380e-01,-0.057,0.06
4.98390e-01,-0.053,0.06
4.98400e-01,-0.053,0.056
4.98410e-01,-0.061,0.06
4.98420e-01,-0.055,0.06
4.98430e-01,-0.061,0.064
4.98440e-01,-0.061,0.062
4.98450e-01,-0.057,0.064
4.98460e-01,-0.059,0.06
4.98470e-01,-0.057,0.062
4.98480e-01,-0.061,0.062
4.98490e-01,-0.061,0.062
4.98500e-01,-0.057,0.062
4.98510e-01,-0.061,0.064
4.98520e-01,-0.053,0.062
4.98530e-01,-0.059,0.062
4.98540e-01,-0.051,0.056
4.98550e-01,-0.063,0.066
4.98560e-01,-0.057,0.064
4.98570e-01,-0.061,0.066
4.98580e-01,-0.059,0.062
4.98590e-01,-0.057,0.06
4.98600e-01,-0.061,0.064
4.98610e-01,-0.047,0.052
4.98620e-01,-0.059,0.066
4.98630e-01,-0.057,0.06
4.98640e-01,-0.057,0.06
4.98650e-01,-0.059,0.062
4.98660e-01,-0.053,0.06
4.98670e-01,-0.059,0.064
4.98680e-01,-0.057,0.06
4.98690e-01,-0.055,0.06
4.98700e-01,-0.057,0.06
4.98710e-01,-0.059,0.066
4.98720e-01,-0.049,0.056
4.98730e-01,-0.055,0.06
4.98740e-01,-0.047,0.054
4.98750e-01,-0.055,0.06
4.98760e-01,-0.059,0.062
4.98770e-01,-0.059,0.064
4.98780e-01,-0.061,0.062
4.98790e-01,-0.061,0.064
4.98800e-01,-0.061,0.062
4.98810e-01,-0.059,0.068
4.98820e-01,-0.059,0.064
4.98830e-01,-0.059,0.064
4.98840e-01,-0.049,0.06
4.98850e-01,-0.063,0.064
4.98860e-01,-0.057,0.06
4.98870e-01,-0.063,0.062
4.98880e-01,-0.061,0.062
4.98890e-01,-0.063,0.066
4.98900e-01,-0.055,0.054
4.98910e-01,-0.057,0.062
4.98920e-01,-0.065,0.064
4.98930e-01,-0.061,0.062
4.98940e-01,-0.053,0.06
4.98950e-01,-0.061,0.064
4.98960e-01,-0.055,0.058
4.98970e-01,-0.057,0.066
4.98980e-01,-0.055,0.062
4.98990e-01,-0.059,0.06
4.99000e-01,-0.061,0.064
4.99010e-01,-0.063,0.062
4.99020e-01,-0.057,0.062
4.99030e-01,-0.059,0.062
4.99040e-01,-0.053,0.054
4.99050e-01,-0.057,0.064
4.99060e-01,-0.043,0.05
4.99070e-01,-0.053,0.054
4.99080e-01,-0.037,0.048
4.99090e-01,-0.055,0.06
4.99100e-01,-0.053,0.058
4.99110e-01,-0.061,0.064
4.99120e-01,-0.057,0.064
4.99130e-01,-0.059,0.064
4.99140e-01,-0.055,0.064
4.99150e-01,-0.055,0.06
4.99160e-01,-0.059,0.066
4.99170e-01,-0.049,0.056
4.99180e-01,-0.057,0.062
4.99190e-01,-0.059,0.064
4.99200e-01,-0.061,0.062
4.99210e-01,-0.057,0.064
4.99220e-01,-0.057,0.06
4.99230e-01,-0.059,0.068
4.99240e-01,-0.063,0.062
4.99250e-01,-0.059,0.06
4.99260e-01,-0.057,0.06
4.99270e-01,-0.055,0.056
4.99280e-01,-0.059,0.064
4.99290e-01,-0.057,0.062
4.99300e-01,-0.057,0.06
4.99310e-01,-0.059,0.064
4.99320e-01,-0.053,0.06
4.99330e-01,-0.059,0.06
4.99340e-01,-0.059,0.066
4.99350e-01,-0.059,0.06
4.99360e-01,-0.057,0.064
4.99370e-01,-0.057,0.062
4.99380e-01,-0.057,0.064
4.99390e-01,-0.061,0.064
4.99400e-01,-0.037,0.042
4.99410e-01,-0.059,0.06
4.99420e-01,-0.055,0.058
4.99430e-01,-0.057,0.062
4.99440e-01,-0.043,0.048
4.99450e-01,-0.057,0.062
4.99460e-01,-0.047,0.054
4.99470e-01,-0.055,0.06
4.99480e-01,-0.061,0.066
4.99490e-01,-0.061,0.062
4.99500e-01,-0.061,0.064
4.99510e-01,-0.061,0.066
4.99520e-01,-0.059,0.062
4.99530e-01,-0.041,0.046
4.99540e-01,-0.061,0.064
4.99550e-01,-0.055,0.06
4.99560e-01,-0.059,0.064
4.99570e-01,-0.051,0.054
4.99580e-01,-0.059,0.06
4.99590e-01,-0.053,0.062
4.99600e-01,-0.059,0.064
4.99610e-01,-0.057,0.06
4.99620e-01,-0.065,0.064
4.99630e-01,-0.055,0.062
4.99640e-01,-0.065,0.064
4.99650e-01,-0.061,0.062
4.99660e-01,-0.057,0.06
4.99670e-01,-0.061,0.064
4.99680e-01,-0.053,0.062
4.99690e-01,-0.061,0.064
4.99700e-01,-0.059,0.064
4.99710e-01,-0.061,0.062
4.99720e-01,-0.059,0.064
4.99730e-01,-0.057,0.056
4.99740e-01,-0.059,0.064
4.99750e-01,-0.059,0.064
4.99760e-01,-0.057,0.062
4.99770e-01,-0.059,0.06
4.99780e-01,-0.059,0.06
4.99790e-01,-0.047,0.054
4.99800e-01,-0.063,0.06
4.99810e-01,-0.055,0.06
4.99820e-01,-0.051,0.056
4.99830e-01,-0.059,0.062
4.99840e-01,-0.049,0.054
4.99850e-01,-0.047,0.058
4.99860e-01,-0.047,0.052
4.99870e-01,-0.055,0.062
4.99880e-01,-0.061,0.064
4.99890e-01,-0.059,0.06
4.99900e-01,-0.059,0.064
4.99910e-01,-0.059,0.06
4.99920e-01,-0.057,0.06
4.99930e-01,-0.059,0.06
4.99940e-01,-0.059,0.06
4.99950e-01,-0.061,0.066
4.99960e-01,-0.059,0.062
4.99970e-01,-0.059,0.062
4.99980e-01,-0.051,0.06
4.99990e-01,-0.061,0.064

