TIME,CH1,CH2,FREQ
-0.5,0.022000000000000002,0.0516,456774636701154.562500
-0.49999,0.0212,0.056400000000000006,456774636701154.562500
-0.49998,0.0212,0.053200000000000004,456774636701154.562500
-0.49997,0.0172,0.056400000000000006,456774636701154.562500
-0.49996,0.018000000000000002,0.055600000000000004,456774636701154.562500
-0.49995,0.018000000000000002,0.056400000000000006,456774636701154.562500
-0.49994,0.022000000000000002,0.055600000000000004,456774636701154.562500
-0.49993,0.0204,0.0516,456774636701154.562500
-0.49992,0.0228,0.055600000000000004,456774636701154.562500
-0.49991,0.0228,0.054,456774636701154.562500
-0.4999,0.0228,0.056400000000000006,456774636701154.562500
-0.49989,0.022000000000000002,0.048400000000000006,456774636701154.562500
-0.49988,0.0236,0.055600000000000004,456774636701154.562500
-0.49987,0.0236,0.0548,456774636701154.562500
-0.49986,0.0252,0.0548,456774636701154.562500
-0.49985,0.022000000000000002,0.055600000000000004,456774636701154.562500
-0.49984,0.0236,0.054,456774636701154.562500
-0.49983,0.0188,0.0548,456774636701154.562500
-0.49982,0.0212,0.0524,456774636701154.562500
-0.49981,0.0236,0.056400000000000006,456774636701154.562500
-0.4998,0.0236,0.056400000000000006,456774636701154.562500
-0.49979,0.0212,0.0572,456774636701154.562500
-0.49978,0.0228,0.05,456774636701154.562500
-0.49977,0.0204,0.0516,456774636701154.562500
-0.49976,0.0228,0.054,456774636701154.562500
-0.49975,0.0228,0.0548,456774636701154.562500
-0.49974,0.0236,0.055600000000000004,456774636701154.562500
-0.49973,0.0204,0.058,456774636701154.562500
-0.49972,0.0212,0.0524,456774636701154.562500
-0.49971,0.0196,0.055600000000000004,456774636701154.562500
-0.4997,0.0204,0.058,456774636701154.562500
-0.49969,0.0204,0.056400000000000006,456774636701154.562500
-0.49968,0.0204,0.055600000000000004,456774636701154.562500
-0.49967,0.0212,0.055600000000000004,456774636701154.562500
-0.49966,0.0204,0.058,456774636701154.562500
-0.49965,0.0204,0.054,456774636701154.562500
-0.49964,0.0228,0.0492,456774636701154.562500
-0.49963,0.022000000000000002,0.0444,456774636701154.562500
-0.49962,0.022000000000000002,0.0572,456774636701154.562500
-0.49961,0.0228,0.054,456774636701154.562500
-0.4996,0.0228,0.055600000000000004,456774636701154.562500
-0.49959,0.0236,0.055600000000000004,456774636701154.562500
-0.49958,0.022000000000000002,0.0548,456774636701154.562500
-0.49957,0.0236,0.046,456774636701154.562500
-0.49956,0.018000000000000002,0.053200000000000004,456774636701154.562500
-0.49955,0.0252,0.0548,456774636701154.562500
-0.49954,0.0228,0.055600000000000004,456774636701154.562500
-0.49953,0.0252,0.056400000000000006,456774636701154.562500
-0.49952,0.022000000000000002,0.054,456774636701154.562500
-0.49951,0.022000000000000002,0.058800000000000005,456774636701154.562500
-0.4995,0.0244,0.058,456774636701154.562500
-0.49949,0.022000000000000002,0.0572,456774636701154.562500
-0.49948,0.0236,0.05,456774636701154.562500
-0.49947,0.0212,0.0572,456774636701154.562500
-0.49946,0.022000000000000002,0.0548,456774636701154.562500
-0.49945,0.0236,0.055600000000000004,456774636701154.562500
-0.49944,0.0236,0.0524,456774636701154.562500
-0.49943,0.0204,0.056400000000000006,456774636701154.562500
-0.49942,0.0188,0.055600000000000004,456774636701154.562500
-0.49941,0.0196,0.0572,456774636701154.562500
-0.4994,0.0228,0.054,456774636701154.562500
-0.49939,0.0228,0.0524,456774636701154.562500
-0.49938,0.0228,0.056400000000000006,456774636701154.562500
-0.49937,0.0212,0.050800000000000005,456774636701154.562500
-0.49936,0.0228,0.056400000000000006,456774636701154.562500
-0.49935,0.022000000000000002,0.055600000000000004,456774636701154.562500
-0.49934,0.0228,0.055600000000000004,456774636701154.562500
-0.49933,0.0204,0.0548,456774636701154.562500
-0.49932,0.0228,0.056400000000000006,456774636701154.562500
-0.49931,0.022000000000000002,0.048400000000000006,456774636701154.562500
-0.4993,0.0228,0.0548,456774636701154.562500
-0.49929,0.0236,0.054,456774636701154.562500
-0.49928,0.0204,0.056400000000000006,456774636701154.562500
-0.49927,0.022000000000000002,0.055600000000000004,456774636701154.562500
-0.49926,0.022000000000000002,0.056400000000000006,456774636701154.562500
-0.49925,0.0228,0.0572,456774636701154.562500
-0.49924,0.0252,0.0548,456774636701154.562500
-0.49923,0.0252,0.0492,456774636701154.562500
-0.49922,0.0244,0.050800000000000005,456774636701154.562500
-0.49921,0.0228,0.042,456774636701154.562500
-0.4992,0.0228,0.0516,456774636701154.562500
-0.49919,0.0244,0.053200000000000004,456774636701154.562500
-0.49918,0.0228,0.056400000000000006,456774636701154.562500
-0.49917,0.0228,0.050800000000000005,456774636701154.562500
-0.49916,0.0228,0.056400000000000006,456774636701154.562500
-0.49915,0.022000000000000002,0.054,456774636701154.562500
-0.49914,0.022000000000000002,0.0548,456774636701154.562500
-0.49913,0.0236,0.056400000000000006,456774636701154.562500
-0.49912,0.0228,0.0572,456774636701154.562500
-0.49911,0.0228,0.050800000000000005,456774636701154.562500
-0.4991,0.0212,0.055600000000000004,456774636701154.562500
-0.49909,0.0236,0.05,456774636701154.562500
-0.49908,0.022000000000000002,0.055600000000000004,456774636701154.562500
-0.49907,0.0228,0.050800000000000005,456774636701154.562500
-0.49906,0.0236,0.056400000000000006,456774636701154.562500
-0.49905,0.0196,0.055600000000000004,456774636701154.562500
-0.49904,0.0228,0.048400000000000006,456774636701154.562500
-0.49903,0.0204,0.055600000000000004,456774636701154.562500
-0.49902,0.0236,0.055600000000000004,456774636701154.562500
-0.49901,0.0212,0.0524,456774636701154.562500
-0.499,0.022000000000000002,0.0476,456774636701154.562500
-0.49899,0.0212,0.056400000000000006,456774636701154.562500
-0.49898,0.0228,0.056400000000000006,456774636701154.562500
-0.49897,0.0244,0.0572,456774636701154.562500
-0.49896,0.0244,0.054,456774636701154.562500
-0.49895,0.0228,0.0572,456774636701154.562500
-0.49894,0.0252,0.054,456774636701154.562500
-0.49893,0.0236,0.055600000000000004,456774636701154.562500
-0.49892,0.0244,0.058,456774636701154.562500
-0.49891,0.0236,0.0492,456774636701154.562500
-0.4989,0.0244,0.055600000000000004,456774636701154.562500
-0.49889,0.0252,0.045200000000000004,456774636701154.562500
-0.49888,0.0244,0.0548,456774636701154.562500
-0.49887,0.0252,0.050800000000000005,456774636701154.562500
-0.49886,0.0252,0.056400000000000006,456774636701154.562500
-0.49885,0.0236,0.0572,456774636701154.562500
-0.49884,0.0212,0.0468,456774636701154.562500
-0.49883,0.0212,0.0572,456774636701154.562500
-0.49882,0.022000000000000002,0.0516,456774636701154.562500
-0.49881,0.0228,0.054,456774636701154.562500
-0.4988,0.0212,0.0444,456774636701154.562500
-0.49879,0.0228,0.050800000000000005,456774636701154.562500
-0.49878,0.0188,0.0444,456774636701154.562500
-0.49877,0.0236,0.040400000000000005,456774636701154.562500
-0.49876,0.0212,0.045200000000000004,456774636701154.562500
-0.49875,0.0212,0.045200000000000004,456774636701154.562500
-0.49874,0.0236,0.042800000000000005,456774636701154.562500
-0.49873,0.0204,0.056400000000000006,456774636701154.562500
-0.49872,0.0204,0.0548,456774636701154.562500
-0.49871,0.0228,0.056400000000000006,456774636701154.562500
-0.4987,0.0228,0.050800000000000005,456774636701154.562500
-0.49869,0.022000000000000002,0.0524,456774636701154.562500
-0.49868,0.0204,0.054,456774636701154.562500
-0.49867,0.022000000000000002,0.058800000000000005,456774636701154.562500
-0.49866,0.0148,0.055600000000000004,456774636701154.562500
-0.49865,0.0244,0.055600000000000004,456774636701154.562500
-0.49863999999999997,0.0228,0.0572,456774636701154.562500
-0.49863,0.0236,0.055600000000000004,456774636701154.562500
-0.49862,0.0252,0.0516,456774636701154.562500
-0.49861,0.0212,0.05,456774636701154.562500
-0.4986,0.0236,0.0356,456774636701154.562500
-0.49859,0.0252,0.046,456774636701154.562500
-0.49858,0.0244,0.048400000000000006,456774636701154.562500
-0.49857,0.0236,0.048400000000000006,456774636701154.562500
-0.49856,0.0244,0.0476,456774636701154.562500
-0.49855,0.0252,0.0516,456774636701154.562500
-0.49854,0.0228,0.0356,456774636701154.562500
-0.49853,0.0236,0.0516,456774636701154.562500
-0.49852,0.0236,0.0468,456774636701154.562500
-0.49851,0.022000000000000002,0.054,456774636701154.562500
-0.4985,0.0228,0.050800000000000005,456774636701154.562500
-0.49849,0.022000000000000002,0.056400000000000006,456774636701154.562500
-0.49848,0.0212,0.053200000000000004,456774636701154.562500
-0.49847,0.0236,0.0572,456774636701154.562500
-0.49846,0.0204,0.053200000000000004,456774636701154.562500
-0.49845,0.022000000000000002,0.0572,456774636701154.562500
-0.49844,0.0196,0.058,456774636701154.562500
-0.49843,0.022000000000000002,0.058,456774636701154.562500
-0.49842,0.022000000000000002,0.0548,456774636701154.562500
-0.49841,0.022000000000000002,0.0572,456774636701154.562500
-0.4984,0.022000000000000002,0.056400000000000006,456774636701154.562500
-0.49839,0.0212,0.056400000000000006,456774636701154.562500
-0.49838,0.022000000000000002,0.058,456774636701154.562500
-0.49837,0.0204,0.0572,456774636701154.562500
-0.49836,0.0244,0.056400000000000006,456774636701154.562500
-0.49835,0.0204,0.0548,456774636701154.562500
-0.49834,0.0236,0.056400000000000006,456774636701154.562500
-0.49833,0.0228,0.056400000000000006,456774636701154.562500
-0.49832,0.0236,0.048400000000000006,456774636701154.562500
-0.49831,0.0236,0.0572,456774636701154.562500
-0.4983,0.0228,0.056400000000000006,456774636701154.562500
-0.49829,0.0252,0.0572,456774636701154.562500
-0.49828,0.0244,0.056400000000000006,456774636701154.562500
-0.49827,0.026000000000000002,0.055600000000000004,456774636701154.562500
-0.49826,0.0252,0.055600000000000004,456774636701154.562500
-0.49825,0.022000000000000002,0.0572,456774636701154.562500
-0.49824,0.0236,0.056400000000000006,456774636701154.562500
-0.49823,0.0228,0.056400000000000006,456774636701154.562500
-0.49822,0.0212,0.055600000000000004,456774636701154.562500
-0.49821,0.0236,0.0548,456774636701154.562500
-0.4982,0.022000000000000002,0.0572,456774636701154.562500
-0.49819,0.022000000000000002,0.054,456774636701154.562500
-0.49818,0.022000000000000002,0.0572,456774636701154.562500
-0.49817,0.022000000000000002,0.0444,456774636701154.562500
-0.49816,0.022000000000000002,0.058,456774636701154.562500
-0.49815,0.022000000000000002,0.0492,456774636701154.562500
-0.49814,0.0212,0.0548,456774636701154.562500
-0.49813,0.0204,0.0524,456774636701154.562500
-0.49812,0.022000000000000002,0.054,456774636701154.562500
-0.49811,0.022000000000000002,0.054,456774636701154.562500
-0.4981,0.0148,0.056400000000000006,456774636701154.562500
-0.49809,0.022000000000000002,0.058,456774636701154.562500
-0.49808,0.0188,0.0572,456774636701154.562500
-0.49807,0.022000000000000002,0.0572,456774636701154.562500
-0.49806,0.022000000000000002,0.054,456774636701154.562500
-0.49805,0.0244,0.058,456774636701154.562500
-0.49804,0.022000000000000002,0.055600000000000004,456774636701154.562500
-0.49803,0.0244,0.0572,456774636701154.562500
-0.49802,0.0244,0.056400000000000006,456774636701154.562500
-0.49801,0.0244,0.046,456774636701154.562500
-0.498,0.0252,0.048400000000000006,456774636701154.562500
-0.49799,0.0244,0.0436,456774636701154.562500
-0.49798,0.0244,0.0524,456774636701154.562500
-0.49797,0.0228,0.0516,456774636701154.562500
-0.49796,0.0228,0.056400000000000006,456774636701154.562500
-0.49795,0.0196,0.0492,456774636701154.562500
-0.49794,0.022000000000000002,0.0572,456774636701154.562500
-0.49793,0.0212,0.058,456774636701154.562500
-0.49792,0.0212,0.055600000000000004,456774636701154.562500
-0.49791,0.0204,0.0572,456774636701154.562500
-0.4979,0.0236,0.055600000000000004,456774636701154.562500
-0.49789,0.0196,0.0516,456774636701154.562500
-0.49788,0.0236,0.0396,456774636701154.562500
-0.49787,0.018000000000000002,0.05,456774636701154.562500
-0.49786,0.0228,0.045200000000000004,456774636701154.562500
-0.49785,0.022000000000000002,0.055600000000000004,456774636701154.562500
-0.49784,0.022000000000000002,0.0548,456774636701154.562500
-0.49783,0.0196,0.056400000000000006,456774636701154.562500
-0.49782,0.0188,0.056400000000000006,456774636701154.562500
-0.49781,0.014,0.0572,456774636701154.562500
-0.4978,0.0196,0.056400000000000006,456774636701154.562500
-0.49779,0.0204,0.056400000000000006,456774636701154.562500
-0.49778,0.022000000000000002,0.0572,456774636701154.562500
-0.49777,0.0236,0.058,456774636701154.562500
-0.49776,0.0204,0.0548,456774636701154.562500
-0.49775,0.0212,0.056400000000000006,456774636701154.562500
-0.49774,0.0236,0.0572,456774636701154.562500
-0.49773,0.0228,0.056400000000000006,456774636701154.562500
-0.49772,0.0236,0.0572,456774636701154.562500
-0.49771,0.0244,0.050800000000000005,456774636701154.562500
-0.4977,0.0236,0.056400000000000006,456774636701154.562500
-0.49769,0.0252,0.0572,456774636701154.562500
-0.49768,0.0268,0.0524,456774636701154.562500
-0.49767,0.0236,0.0516,456774636701154.562500
-0.49766,0.0244,0.056400000000000006,456774636701154.562500
-0.49765,0.0236,0.055600000000000004,456774636701154.562500
-0.49764,0.0236,0.058800000000000005,456774636701154.562500
-0.49763,0.018000000000000002,0.0548,456774636701154.562500
-0.49762,0.0236,0.056400000000000006,456774636701154.562500
-0.49761,0.022000000000000002,0.05,456774636701154.562500
-0.4976,0.0212,0.055600000000000004,456774636701154.562500
-0.49759,0.0212,0.053200000000000004,456774636701154.562500
-0.49758,0.0164,0.058,456774636701154.562500
-0.49757,0.022000000000000002,0.055600000000000004,456774636701154.562500
-0.49756,0.0172,0.0572,456774636701154.562500
-0.49755,0.0212,0.053200000000000004,456774636701154.562500
-0.49754,0.0212,0.053200000000000004,456774636701154.562500
-0.49753,0.0204,0.055600000000000004,456774636701154.562500
-0.49752,0.0212,0.0548,456774636701154.562500
-0.49751,0.0228,0.0572,456774636701154.562500
-0.4975,0.022000000000000002,0.053200000000000004,456774636701154.562500
-0.49749,0.022000000000000002,0.056400000000000006,456774636701154.562500
-0.49748,0.022000000000000002,0.055600000000000004,456774636701154.562500
-0.49747,0.0244,0.055600000000000004,456774636701154.562500
-0.49746,0.0236,0.055600000000000004,456774636701154.562500
-0.49745,0.0244,0.056400000000000006,456774636701154.562500
-0.49744,0.022000000000000002,0.0572,456774636701154.562500
-0.49743,0.0244,0.055600000000000004,456774636701154.562500
-0.49742,0.0236,0.054,456774636701154.562500
-0.49741,0.0236,0.0396,456774636701154.562500
-0.4974,0.0236,0.05,456774636701154.562500
-0.49739,0.0244,0.048400000000000006,456774636701154.562500
-0.49738,0.0236,0.058,456774636701154.562500
-0.49737,0.0252,0.0548,456774636701154.562500
-0.49736,0.0244,0.056400000000000006,456774636701154.562500
-0.49735,0.0236,0.0572,456774636701154.562500
-0.49734,0.0244,0.054,456774636701154.562500
-0.49733,0.0244,0.058,456774636701154.562500
-0.49732,0.0212,0.0572,456774636701154.562500
-0.49731,0.022000000000000002,0.0572,456774636701154.562500
-0.4973,0.0212,0.0572,456774636701154.562500
-0.49729,0.0212,0.055600000000000004,456774636701154.562500
-0.49728,0.0204,0.0572,456774636701154.562500
-0.49727,0.0204,0.058,456774636701154.562500
-0.49726,0.022000000000000002,0.056400000000000006,456774636701154.562500
-0.49725,0.0212,0.055600000000000004,456774636701154.562500
-0.49724,0.0236,0.056400000000000006,456774636701154.562500
-0.49723,0.0228,0.0516,456774636701154.562500
-0.49722,0.022000000000000002,0.0572,456774636701154.562500
-0.49721,0.0228,0.0516,456774636701154.562500
-0.4972,0.0228,0.056400000000000006,456774636701154.562500
-0.49719,0.0204,0.0492,456774636701154.562500
-0.49718,0.0244,0.0548,456774636701154.562500
-0.49717,0.0228,0.050800000000000005,456774636701154.562500
-0.49716,0.0212,0.0572,456774636701154.562500
-0.49715,0.022000000000000002,0.056400000000000006,456774636701154.562500
-0.49714,0.022000000000000002,0.0524,456774636701154.562500
-0.49713,0.0228,0.056400000000000006,456774636701154.562500
-0.49712,0.0244,0.0548,456774636701154.562500
-0.49711,0.0244,0.056400000000000006,456774636701154.562500
-0.4971,0.0228,0.056400000000000006,456774636701154.562500
-0.49709,0.0252,0.055600000000000004,456774636701154.562500
-0.49708,0.0244,0.056400000000000006,456774636701154.562500
-0.49707,0.0236,0.058,456774636701154.562500
-0.49706,0.0244,0.055600000000000004,456774636701154.562500
-0.49705,0.0236,0.055600000000000004,456774636701154.562500
-0.49704,0.0204,0.055600000000000004,456774636701154.562500
-0.49702999999999997,0.0228,0.055600000000000004,456774636701154.562500
-0.49702,0.0212,0.0548,456774636701154.562500
-0.49701,0.0228,0.053200000000000004,456774636701154.562500
-0.497,0.0212,0.056400000000000006,456774636701154.562500
-0.49699,0.022000000000000002,0.0548,456774636701154.562500
-0.49698,0.0212,0.054,456774636701154.562500
-0.49697,0.0204,0.058,456774636701154.562500
-0.49696,0.0228,0.058,456774636701154.562500
-0.49695,0.022000000000000002,0.054,456774636701154.562500
-0.49694,0.022000000000000002,0.058,456774636701154.562500
-0.49693,0.0196,0.058,456774636701154.562500
-0.49692,0.0204,0.0524,456774636701154.562500
-0.49691,0.0228,0.056400000000000006,456774636701154.562500
-0.4969,0.0212,0.0572,456774636701154.562500
-0.49689,0.0236,0.050800000000000005,456774636701154.562500
-0.49688,0.0204,0.058,456774636701154.562500
-0.49687,0.022000000000000002,0.0516,456774636701154.562500
-0.49686,0.0212,0.056400000000000006,456774636701154.562500
-0.49685,0.0212,0.0492,456774636701154.562500
-0.49684,0.0228,0.0524,456774636701154.562500
-0.49683,0.0228,0.05,456774636701154.562500
-0.49682,0.0236,0.0572,456774636701154.562500
-0.49681,0.0228,0.048400000000000006,456774636701154.562500
-0.4968,0.0236,0.058,456774636701154.562500
-0.49679,0.0244,0.056400000000000006,456774636701154.562500
-0.49678,0.0252,0.056400000000000006,456774636701154.562500
-0.49677,0.022000000000000002,0.056400000000000006,456774636701154.562500
-0.49676,0.0252,0.046,456774636701154.562500
-0.49675,0.022000000000000002,0.055600000000000004,456774636701154.562500
-0.49674,0.0236,0.0572,456774636701154.562500
-0.49673,0.0252,0.056400000000000006,456774636701154.562500
-0.49672,0.0244,0.056400000000000006,456774636701154.562500
-0.49671,0.0236,0.058800000000000005,456774636701154.562500
-0.4967,0.0244,0.058,456774636701154.562500
-0.49669,0.0212,0.0524,456774636701154.562500
-0.49668,0.0236,0.0572,456774636701154.562500
-0.49667,0.0212,0.056400000000000006,456774636701154.562500
-0.49666,0.022000000000000002,0.0548,456774636701154.562500
-0.49665,0.0212,0.0572,456774636701154.562500
-0.49664,0.022000000000000002,0.055600000000000004,456774636701154.562500
-0.49663,0.0188,0.056400000000000006,456774636701154.562500
-0.49662,0.018000000000000002,0.056400000000000006,456774636701154.562500
-0.49661,0.022000000000000002,0.0524,456774636701154.562500
-0.4966,0.0236,0.056400000000000006,456774636701154.562500
-0.49659,0.0236,0.0524,456774636701154.562500
-0.49658,0.022000000000000002,0.054,456774636701154.562500
-0.49657,0.0212,0.0524,456774636701154.562500
-0.49656,0.0236,0.055600000000000004,456774636701154.562500
-0.49655,0.0212,0.0492,456774636701154.562500
-0.49654,0.0228,0.056400000000000006,456774636701154.562500
-0.49653,0.0204,0.048400000000000006,456774636701154.562500
-0.49652,0.0236,0.056400000000000006,456774636701154.562500
-0.49651,0.022000000000000002,0.05,456774636701154.562500
-0.4965,0.0244,0.0572,456774636701154.562500
-0.49649,0.0236,0.0572,456774636701154.562500
-0.49648,0.0252,0.058,456774636701154.562500
-0.49647,0.0244,0.053200000000000004,456774636701154.562500
-0.49646,0.0244,0.056400000000000006,456774636701154.562500
-0.49645,0.0244,0.0516,456774636701154.562500
-0.49644,0.0236,0.0572,456774636701154.562500
-0.49643,0.0228,0.0476,456774636701154.562500
-0.49642,0.0228,0.0572,456774636701154.562500
-0.49641,0.022000000000000002,0.0516,456774636701154.562500
-0.4964,0.022000000000000002,0.055600000000000004,456774636701154.562500
-0.49639,0.0204,0.0548,456774636701154.562500
-0.49638,0.0196,0.0524,456774636701154.562500
-0.49637,0.0204,0.054,456774636701154.562500
-0.49636,0.0236,0.0476,456774636701154.562500
-0.49635,0.0204,0.0524,456774636701154.562500
-0.49634,0.0204,0.05,456774636701154.562500
-0.49633,0.0228,0.055600000000000004,456774636701154.562500
-0.49632,0.0212,0.0548,456774636701154.562500
-0.49631,0.0228,0.055600000000000004,456774636701154.562500
-0.4963,0.0212,0.0524,456774636701154.562500
-0.49629,0.0212,0.056400000000000006,456774636701154.562500
-0.49628,0.0204,0.054,456774636701154.562500
-0.49627,0.0212,0.0572,456774636701154.562500
-0.49626,0.0204,0.055600000000000004,456774636701154.562500
-0.49625,0.0196,0.053200000000000004,456774636701154.562500
-0.49624,0.022000000000000002,0.053200000000000004,456774636701154.562500
-0.49623,0.0244,0.056400000000000006,456774636701154.562500
-0.49622,0.0228,0.055600000000000004,456774636701154.562500
-0.49621,0.0244,0.056400000000000006,456774636701154.562500
-0.4962,0.0228,0.055600000000000004,456774636701154.562500
-0.49619,0.0228,0.053200000000000004,456774636701154.562500
-0.49618,0.0244,0.055600000000000004,456774636701154.562500
-0.49617,0.0204,0.0444,456774636701154.562500
-0.49616,0.0236,0.058,456774636701154.562500
-0.49615,0.0228,0.055600000000000004,456774636701154.562500
-0.49614,0.022000000000000002,0.0548,456774636701154.562500
-0.49613,0.0204,0.056400000000000006,456774636701154.562500
-0.49612,0.0212,0.0548,456774636701154.562500
-0.49611,0.0236,0.0572,456774636701154.562500
-0.4961,0.0204,0.056400000000000006,456774636701154.562500
-0.49609,0.0236,0.055600000000000004,456774636701154.562500
-0.49608,0.0236,0.0572,456774636701154.562500
-0.49607,0.0228,0.055600000000000004,456774636701154.562500
-0.49606,0.0204,0.058,456774636701154.562500
-0.49605,0.0236,0.0548,456774636701154.562500
-0.49604,0.0204,0.055600000000000004,456774636701154.562500
-0.49603,0.0236,0.058,456774636701154.562500
-0.49602,0.0204,0.054,456774636701154.562500
-0.49601,0.022000000000000002,0.055600000000000004,456774636701154.562500
-0.496,0.0228,0.055600000000000004,456774636701154.562500
-0.49599,0.0252,0.055600000000000004,456774636701154.562500
-0.49598,0.0228,0.0548,456774636701154.562500
-0.49597,0.022000000000000002,0.0572,456774636701154.562500
-0.49596,0.022000000000000002,0.054,456774636701154.562500
-0.49595,0.0236,0.0572,456774636701154.562500
-0.49594,0.0228,0.054,456774636701154.562500
-0.49593,0.0212,0.055600000000000004,456774636701154.562500
-0.49592,0.0228,0.0548,456774636701154.562500
-0.49591,0.022000000000000002,0.055600000000000004,456774636701154.562500
-0.4959,0.0204,0.0548,456774636701154.562500
-0.49589,0.0252,0.054,456774636701154.562500
-0.49588,0.0236,0.058800000000000005,456774636701154.562500
-0.49587,0.0236,0.0572,456774636701154.562500
-0.49586,0.0244,0.0548,456774636701154.562500
-0.49585,0.022000000000000002,0.058,456774636701154.562500
-0.49584,0.0212,0.0572,456774636701154.562500
-0.49583,0.0244,0.056400000000000006,456774636701154.562500
-0.49582,0.0236,0.055600000000000004,456774636701154.562500
-0.49581,0.0236,0.056400000000000006,456774636701154.562500
-0.4958,0.022000000000000002,0.055600000000000004,456774636701154.562500
-0.49579,0.022000000000000002,0.058,456774636701154.562500
-0.49578,0.0228,0.055600000000000004,456774636701154.562500
-0.49577,0.0212,0.048400000000000006,456774636701154.562500
-0.49576,0.022000000000000002,0.056400000000000006,456774636701154.562500
-0.49575,0.0204,0.055600000000000004,456774636701154.562500
-0.49574,0.0236,0.050800000000000005,456774636701154.562500
-0.49573,0.0236,0.0548,456774636701154.562500
-0.49572,0.022000000000000002,0.054,456774636701154.562500
-0.49571,0.0204,0.053200000000000004,456774636701154.562500
-0.4957,0.022000000000000002,0.056400000000000006,456774636701154.562500
-0.49569,0.0204,0.054,456774636701154.562500
-0.49568,0.0244,0.0548,456774636701154.562500
-0.49567,0.0204,0.0548,456774636701154.562500
-0.49566,0.0228,0.0548,456774636701154.562500
-0.49565,0.0196,0.0548,456774636701154.562500
-0.49564,0.0228,0.050800000000000005,456774636701154.562500
-0.49563,0.022000000000000002,0.056400000000000006,456774636701154.562500
-0.49562,0.0228,0.05,456774636701154.562500
-0.49561,0.0228,0.0572,456774636701154.562500
-0.4956,0.0236,0.0572,456774636701154.562500
-0.49559,0.0236,0.056400000000000006,456774636701154.562500
-0.49558,0.0244,0.056400000000000006,456774636701154.562500
-0.49557,0.0244,0.054,456774636701154.562500
-0.49556,0.022000000000000002,0.053200000000000004,456774636701154.562500
-0.49555,0.022000000000000002,0.055600000000000004,456774636701154.562500
-0.49554,0.0228,0.0492,456774636701154.562500
-0.49553,0.0212,0.0548,456774636701154.562500
-0.49552,0.022000000000000002,0.0548,456774636701154.562500
-0.49551,0.0188,0.0516,456774636701154.562500
-0.4955,0.0244,0.054,456774636701154.562500
-0.49549,0.022000000000000002,0.0548,456774636701154.562500
-0.49548,0.0236,0.054,456774636701154.562500
-0.49547,0.0228,0.056400000000000006,456774636701154.562500
-0.49546,0.0228,0.054,456774636701154.562500
-0.49545,0.022000000000000002,0.056400000000000006,456774636701154.562500
-0.49544,0.0212,0.055600000000000004,456774636701154.562500
-0.49543,0.022000000000000002,0.0524,456774636701154.562500
-0.49541999999999997,0.0212,0.055600000000000004,456774636701154.562500
-0.49541,0.0212,0.0476,456774636701154.562500
-0.4954,0.022000000000000002,0.056400000000000006,456774636701154.562500
-0.49539,0.0196,0.0516,456774636701154.562500
-0.49538,0.0228,0.0572,456774636701154.562500
-0.49537,0.0228,0.056400000000000006,456774636701154.562500
-0.49536,0.022000000000000002,0.0572,456774636701154.562500
-0.49535,0.0228,0.055600000000000004,456774636701154.562500
-0.49534,0.0204,0.054,456774636701154.562500
-0.49533,0.0244,0.0516,456774636701154.562500
-0.49532,0.0188,0.056400000000000006,456774636701154.562500
-0.49531,0.0228,0.0548,456774636701154.562500
-0.4953,0.0172,0.0572,456774636701154.562500
-0.49529,0.022000000000000002,0.055600000000000004,456774636701154.562500
-0.49528,0.0228,0.055600000000000004,456774636701154.562500
-0.49527,0.022000000000000002,0.0572,456774636701154.562500
-0.49526,0.0252,0.055600000000000004,456774636701154.562500
-0.49525,0.0228,0.0572,456774636701154.562500
-0.49524,0.022000000000000002,0.053200000000000004,456774636701154.562500
-0.49523,0.0244,0.0572,456774636701154.562500
-0.49522,0.0204,0.050800000000000005,456774636701154.562500
-0.49521,0.0252,0.056400000000000006,456774636701154.562500
-0.4952,0.022000000000000002,0.048400000000000006,456774636701154.562500
-0.49519,0.0212,0.0516,456774636701154.562500
-0.49518,0.0236,0.042800000000000005,456774636701154.562500
-0.49517,0.0228,0.0548,456774636701154.562500
-0.49516,0.0212,0.056400000000000006,456774636701154.562500
-0.49515,0.0204,0.054,456774636701154.562500
-0.49514,0.0132,0.055600000000000004,456774636701154.562500
-0.49513,0.0212,0.054,456774636701154.562500
-0.49512,0.0148,0.053200000000000004,456774636701154.562500
-0.49511,0.0196,0.05,456774636701154.562500
-0.4951,0.0228,0.058,456774636701154.562500
-0.49509,0.022000000000000002,0.054,456774636701154.562500
-0.49508,0.0212,0.050800000000000005,456774636701154.562500
-0.49507,0.0212,0.053200000000000004,456774636701154.562500
-0.49506,0.022000000000000002,0.0492,456774636701154.562500
-0.49505,0.0244,0.055600000000000004,456774636701154.562500
-0.49504,0.0244,0.0492,456774636701154.562500
-0.49503,0.0244,0.055600000000000004,456774636701154.562500
-0.49502,0.0244,0.055600000000000004,456774636701154.562500
-0.49501,0.0212,0.055600000000000004,456774636701154.562500
-0.495,0.0228,0.056400000000000006,456774636701154.562500
-0.49499,0.0204,0.055600000000000004,456774636701154.562500
-0.49498,0.0252,0.055600000000000004,456774636701154.562500
-0.49497,0.0228,0.0548,456774636701154.562500
-0.49496,0.0204,0.053200000000000004,456774636701154.562500
-0.49495,0.0236,0.05,456774636701154.562500
-0.49494,0.0244,0.05,456774636701154.562500
-0.49493,0.0252,0.054,456774636701154.562500
-0.49492,0.0188,0.045200000000000004,456774636701154.562500
-0.49491,0.0236,0.0572,456774636701154.562500
-0.4949,0.0196,0.0468,456774636701154.562500
-0.49489,0.0236,0.055600000000000004,456774636701154.562500
-0.49488,0.022000000000000002,0.054,456774636701154.562500
-0.49487,0.0236,0.0548,456774636701154.562500
-0.49486,0.0212,0.050800000000000005,456774636701154.562500
-0.49485,0.022000000000000002,0.053200000000000004,456774636701154.562500
-0.49484,0.022000000000000002,0.050800000000000005,456774636701154.562500
-0.49483,0.0228,0.054,456774636701154.562500
-0.49482,0.022000000000000002,0.0492,456774636701154.562500
-0.49480999999999997,0.0236,0.056400000000000006,456774636701154.562500
-0.4948,0.0228,0.055600000000000004,456774636701154.562500
-0.49479,0.0196,0.0572,456774636701154.562500
-0.49478,0.0212,0.0476,456774636701154.562500
-0.49477,0.022000000000000002,0.0572,456774636701154.562500
-0.49476,0.0204,0.0548,456774636701154.562500
-0.49475,0.0236,0.056400000000000006,456774636701154.562500
-0.49474,0.0204,0.0516,456774636701154.562500
-0.49473,0.0228,0.0572,456774636701154.562500
-0.49472,0.0228,0.0436,456774636701154.562500
-0.49471,0.022000000000000002,0.0572,456774636701154.562500
-0.4947,0.0236,0.053200000000000004,456774636701154.562500
-0.49469,0.0228,0.054,456774636701154.562500
-0.49468,0.0236,0.048400000000000006,456774636701154.562500
-0.49467,0.0236,0.0548,456774636701154.562500
-0.49466,0.0252,0.058,456774636701154.562500
-0.49465,0.0252,0.0572,456774636701154.562500
-0.49464,0.0244,0.055600000000000004,456774636701154.562500
-0.49463,0.0228,0.058,456774636701154.562500
-0.49462,0.0236,0.056400000000000006,456774636701154.562500
-0.49461,0.0244,0.0548,456774636701154.562500
-0.4946,0.0212,0.0572,456774636701154.562500
-0.49459,0.0228,0.055600000000000004,456774636701154.562500
-0.49458,0.0212,0.0572,456774636701154.562500
-0.49457,0.0244,0.0516,456774636701154.562500
-0.49456,0.022000000000000002,0.055600000000000004,456774636701154.562500
-0.49455,0.0236,0.053200000000000004,456774636701154.562500
-0.49454,0.0204,0.053200000000000004,456774636701154.562500
-0.49453,0.0212,0.054,456774636701154.562500
-0.49452,0.022000000000000002,0.0524,456774636701154.562500
-0.49451,0.0204,0.056400000000000006,456774636701154.562500
-0.4945,0.0228,0.0572,456774636701154.562500
-0.49449,0.0212,0.054,456774636701154.562500
-0.49448,0.015600000000000001,0.055600000000000004,456774636701154.562500
-0.49447,0.0228,0.054,456774636701154.562500
-0.49446,0.0196,0.055600000000000004,456774636701154.562500
-0.49445,0.022000000000000002,0.055600000000000004,456774636701154.562500
-0.49444,0.0204,0.056400000000000006,456774636701154.562500
-0.49443,0.0228,0.0516,456774636701154.562500
-0.49442,0.0236,0.042,456774636701154.562500
-0.49441,0.0188,0.054,456774636701154.562500
-0.4944,0.0212,0.048400000000000006,456774636701154.562500
-0.49439,0.022000000000000002,0.0572,456774636701154.562500
-0.49438,0.026000000000000002,0.058,456774636701154.562500
-0.49437,0.0228,0.055600000000000004,456774636701154.562500
-0.49436,0.0236,0.055600000000000004,456774636701154.562500
-0.49435,0.0204,0.0572,456774636701154.562500
-0.49434,0.0236,0.053200000000000004,456774636701154.562500
-0.49433,0.0204,0.053200000000000004,456774636701154.562500
-0.49432,0.0236,0.056400000000000006,456774636701154.562500
-0.49431,0.0196,0.053200000000000004,456774636701154.562500
-0.4943,0.0228,0.0572,456774636701154.562500
-0.49429,0.0212,0.054,456774636701154.562500
-0.49428,0.0212,0.056400000000000006,456774636701154.562500
-0.49427,0.0236,0.0516,456774636701154.562500
-0.49426,0.0236,0.055600000000000004,456774636701154.562500
-0.49425,0.0188,0.0548,456774636701154.562500
-0.49424,0.0212,0.053200000000000004,456774636701154.562500
-0.49423,0.0236,0.05,456774636701154.562500
-0.49422,0.0172,0.055600000000000004,456774636701154.562500
-0.49421,0.0212,0.054,456774636701154.562500
-0.4942,0.0212,0.054,456774636701154.562500
-0.49419,0.018000000000000002,0.056400000000000006,456774636701154.562500
-0.49418,0.022000000000000002,0.0572,456774636701154.562500
-0.49417,0.0236,0.054,456774636701154.562500
-0.49416,0.0212,0.0548,456774636701154.562500
-0.49415,0.0204,0.056400000000000006,456774636701154.562500
-0.49414,0.022000000000000002,0.056400000000000006,456774636701154.562500
-0.49413,0.0212,0.058,456774636701154.562500
-0.49412,0.022000000000000002,0.0492,456774636701154.562500
-0.49411,0.0236,0.055600000000000004,456774636701154.562500
-0.4941,0.0204,0.056400000000000006,456774636701154.562500
-0.49409,0.022000000000000002,0.056400000000000006,456774636701154.562500
-0.49408,0.022000000000000002,0.058,456774636701154.562500
-0.49407,0.0228,0.0572,456774636701154.562500
-0.49406,0.0244,0.0524,456774636701154.562500
-0.49405,0.0212,0.056400000000000006,456774636701154.562500
-0.49404,0.0252,0.056400000000000006,456774636701154.562500
-0.49403,0.0252,0.056400000000000006,456774636701154.562500
-0.49402,0.0236,0.05,456774636701154.562500
-0.49401,0.0244,0.0524,456774636701154.562500
-0.494,0.0236,0.054,456774636701154.562500
-0.49399,0.0236,0.056400000000000006,456774636701154.562500
-0.49398,0.0228,0.056400000000000006,456774636701154.562500
-0.49397,0.0228,0.0548,456774636701154.562500
-0.49396,0.0172,0.056400000000000006,456774636701154.562500
-0.49395,0.022000000000000002,0.0548,456774636701154.562500
-0.49394,0.0236,0.055600000000000004,456774636701154.562500
-0.49393,0.0228,0.058,456774636701154.562500
-0.49392,0.0188,0.058,456774636701154.562500
-0.49391,0.0204,0.045200000000000004,456774636701154.562500
-0.4939,0.0196,0.055600000000000004,456774636701154.562500
-0.49389,0.022000000000000002,0.053200000000000004,456774636701154.562500
-0.49388,0.0204,0.055600000000000004,456774636701154.562500
-0.49387,0.0212,0.0476,456774636701154.562500
-0.49386,0.0212,0.0548,456774636701154.562500
-0.49385,0.0204,0.048400000000000006,456774636701154.562500
-0.49384,0.0204,0.056400000000000006,456774636701154.562500
-0.49383,0.0212,0.0516,456774636701154.562500
-0.49382,0.015600000000000001,0.054,456774636701154.562500
-0.49381,0.022000000000000002,0.0524,456774636701154.562500
-0.4938,0.0212,0.055600000000000004,456774636701154.562500
-0.49379,0.0236,0.05,456774636701154.562500
-0.49378,0.0228,0.054,456774636701154.562500
-0.49377,0.022000000000000002,0.056400000000000006,456774636701154.562500
-0.49376,0.0244,0.056400000000000006,456774636701154.562500
-0.49375,0.0244,0.056400000000000006,456774636701154.562500
-0.49374,0.0212,0.0516,456774636701154.562500
-0.49373,0.0244,0.0572,456774636701154.562500
-0.49372,0.0228,0.055600000000000004,456774636701154.562500
-0.49371,0.022000000000000002,0.0572,456774636701154.562500
-0.49369999999999997,0.0236,0.055600000000000004,456774636701154.562500
-0.49369,0.0212,0.054,456774636701154.562500
-0.49368,0.0228,0.054,456774636701154.562500
-0.49367,0.0204,0.054,456774636701154.562500
-0.49366,0.0244,0.054,456774636701154.562500
-0.49365,0.0212,0.0548,456774636701154.562500
-0.49364,0.0228,0.055600000000000004,456774636701154.562500
-0.49363,0.022000000000000002,0.0524,456774636701154.562500
-0.49362,0.0228,0.054,456774636701154.562500
-0.49361,0.022000000000000002,0.0548,456774636701154.562500
-0.4936,0.022000000000000002,0.0516,456774636701154.562500
-0.49359,0.0212,0.0572,456774636701154.562500
-0.49358,0.0228,0.0572,456774636701154.562500
-0.49357,0.0228,0.05,456774636701154.562500
-0.49356,0.022000000000000002,0.056400000000000006,456774636701154.562500
-0.49355,0.0204,0.050800000000000005,456774636701154.562500
-0.49354,0.0228,0.058,456774636701154.562500
-0.49353,0.0212,0.055600000000000004,456774636701154.562500
-0.49352,0.0204,0.0572,456774636701154.562500
-0.49351,0.0228,0.053200000000000004,456774636701154.562500
-0.4935,0.0212,0.0548,456774636701154.562500
-0.49349,0.0228,0.056400000000000006,456774636701154.562500
-0.49348,0.022000000000000002,0.054,456774636701154.562500
-0.49347,0.0244,0.050800000000000005,456774636701154.562500
-0.49346,0.0244,0.055600000000000004,456774636701154.562500
-0.49345,0.0236,0.050800000000000005,456774636701154.562500
-0.49344,0.0236,0.0572,456774636701154.562500
-0.49343,0.0244,0.056400000000000006,456774636701154.562500
-0.49342,0.0252,0.0572,456774636701154.562500
-0.49341,0.0244,0.055600000000000004,456774636701154.562500
-0.4934,0.0236,0.0572,456774636701154.562500
-0.49339,0.0244,0.056400000000000006,456774636701154.562500
-0.49338,0.0228,0.0516,456774636701154.562500
-0.49337,0.0236,0.055600000000000004,456774636701154.562500
-0.49336,0.0236,0.058,456774636701154.562500
-0.49335,0.0204,0.048400000000000006,456774636701154.562500
-0.49334,0.022000000000000002,0.054,456774636701154.562500
-0.49333,0.0204,0.0548,456774636701154.562500
-0.49332,0.0228,0.055600000000000004,456774636701154.562500
-0.49331,0.0188,0.058,456774636701154.562500
-0.4933,0.0212,0.055600000000000004,456774636701154.562500
-0.49329,0.0172,0.0572,456774636701154.562500
-0.49328,0.022000000000000002,0.054,456774636701154.562500
-0.49327,0.018000000000000002,0.054,456774636701154.562500
-0.49326,0.022000000000000002,0.0548,456774636701154.562500
-0.49325,0.0228,0.058,456774636701154.562500
-0.49324,0.0212,0.056400000000000006,456774636701154.562500
-0.49323,0.0204,0.056400000000000006,456774636701154.562500
-0.49322,0.0212,0.056400000000000006,456774636701154.562500
-0.49321,0.0212,0.05,456774636701154.562500
-0.49319999999999997,0.022000000000000002,0.058,456774636701154.562500
-0.49319,0.0188,0.0572,456774636701154.562500
-0.49318,0.022000000000000002,0.0436,456774636701154.562500
-0.49317,0.0212,0.056400000000000006,456774636701154.562500
-0.49316,0.0252,0.0468,456774636701154.562500
-0.49315,0.0228,0.054,456774636701154.562500
-0.49314,0.022000000000000002,0.050800000000000005,456774636701154.562500
-0.49313,0.022000000000000002,0.055600000000000004,456774636701154.562500
-0.49312,0.0188,0.0476,456774636701154.562500
-0.49311,0.0244,0.053200000000000004,456774636701154.562500
-0.4931,0.0252,0.0572,456774636701154.562500
-0.49309,0.0244,0.056400000000000006,456774636701154.562500
-0.49308,0.0244,0.0524,456774636701154.562500
-0.49307,0.0236,0.055600000000000004,456774636701154.562500
-0.49306,0.0244,0.055600000000000004,456774636701154.562500
-0.49305,0.0228,0.055600000000000004,456774636701154.562500
-0.49304,0.0212,0.055600000000000004,456774636701154.562500
-0.49303,0.0228,0.054,456774636701154.562500
-0.49302,0.0188,0.0572,456774636701154.562500
-0.49301,0.022000000000000002,0.055600000000000004,456774636701154.562500
-0.493,0.0212,0.058,456774636701154.562500
-0.49299,0.0188,0.048400000000000006,456774636701154.562500
-0.49298,0.0212,0.056400000000000006,456774636701154.562500
-0.49297,0.018000000000000002,0.053200000000000004,456774636701154.562500
-0.49296,0.0212,0.0524,456774636701154.562500
-0.49295,0.018000000000000002,0.0572,456774636701154.562500
-0.49294,0.022000000000000002,0.0476,456774636701154.562500
-0.49293,0.0196,0.0548,456774636701154.562500
-0.49292,0.0236,0.0548,456774636701154.562500
-0.49291,0.0236,0.0492,456774636701154.562500
-0.4929,0.022000000000000002,0.0516,456774636701154.562500
-0.49289,0.0228,0.055600000000000004,456774636701154.562500
-0.49288,0.0196,0.0492,456774636701154.562500
-0.49287,0.0236,0.0548,456774636701154.562500
-0.49286,0.0188,0.055600000000000004,456774636701154.562500
-0.49285,0.0236,0.045200000000000004,456774636701154.562500
-0.49284,0.0212,0.053200000000000004,456774636701154.562500
-0.49283,0.0244,0.050800000000000005,456774636701154.562500
-0.49282,0.022000000000000002,0.055600000000000004,456774636701154.562500
-0.49281,0.0244,0.0516,456774636701154.562500
-0.4928,0.0212,0.055600000000000004,456774636701154.562500
-0.49279,0.0244,0.054,456774636701154.562500
-0.49278,0.0228,0.0572,456774636701154.562500
-0.49277,0.0244,0.054,456774636701154.562500
-0.49276,0.0252,0.055600000000000004,456774636701154.562500
-0.49275,0.0236,0.053200000000000004,456774636701154.562500
-0.49274,0.0236,0.055600000000000004,456774636701154.562500
-0.49273,0.022000000000000002,0.054,456774636701154.562500
-0.49272,0.0228,0.0548,456774636701154.562500
-0.49271,0.0196,0.0524,456774636701154.562500
-0.4927,0.0236,0.0572,456774636701154.562500
-0.49269,0.0188,0.05,456774636701154.562500
-0.49268,0.0204,0.05,456774636701154.562500
-0.49267,0.0164,0.055600000000000004,456774636701154.562500
-0.49266,0.022000000000000002,0.053200000000000004,456774636701154.562500
-0.49265,0.0204,0.058,456774636701154.562500
-0.49264,0.022000000000000002,0.056400000000000006,456774636701154.562500
-0.49263,0.0212,0.056400000000000006,456774636701154.562500
-0.49262,0.0228,0.058,456774636701154.562500
-0.49261,0.0196,0.055600000000000004,456774636701154.562500
-0.4926,0.022000000000000002,0.0548,456774636701154.562500
-0.49259,0.0204,0.0572,456774636701154.562500
-0.49258,0.022000000000000002,0.055600000000000004,456774636701154.562500
-0.49257,0.022000000000000002,0.054,456774636701154.562500
-0.49256,0.022000000000000002,0.055600000000000004,456774636701154.562500
-0.49255,0.022000000000000002,0.053200000000000004,456774636701154.562500
-0.49254,0.0252,0.054,456774636701154.562500
-0.49253,0.022000000000000002,0.042,456774636701154.562500
-0.49252,0.0228,0.0572,456774636701154.562500
-0.49251,0.026000000000000002,0.055600000000000004,456774636701154.562500
-0.4925,0.0244,0.056400000000000006,456774636701154.562500
-0.49249,0.0228,0.053200000000000004,456774636701154.562500
-0.49248,0.0236,0.0572,456774636701154.562500
-0.49247,0.0236,0.042,456774636701154.562500
-0.49246,0.0212,0.0572,456774636701154.562500
-0.49245,0.0228,0.0468,456774636701154.562500
-0.49244,0.0236,0.055600000000000004,456774636701154.562500
-0.49243,0.0228,0.0444,456774636701154.562500
-0.49242,0.0204,0.056400000000000006,456774636701154.562500
-0.49241,0.0252,0.0444,456774636701154.562500
-0.4924,0.018000000000000002,0.055600000000000004,456774636701154.562500
-0.49239,0.022000000000000002,0.058,456774636701154.562500
-0.49238,0.0188,0.0572,456774636701154.562500
-0.49237,0.022000000000000002,0.056400000000000006,456774636701154.562500
-0.49236,0.018000000000000002,0.0548,456774636701154.562500
-0.49235,0.022000000000000002,0.056400000000000006,456774636701154.562500
-0.49234,0.0236,0.055600000000000004,456774636701154.562500
-0.49233,0.0228,0.0572,456774636701154.562500
-0.49232,0.0212,0.055600000000000004,456774636701154.562500
-0.49231,0.0228,0.0572,456774636701154.562500
-0.4923,0.0228,0.056400000000000006,456774636701154.562500
-0.49229,0.022000000000000002,0.054,456774636701154.562500
-0.49228,0.0236,0.0524,456774636701154.562500
-0.49227,0.0228,0.0572,456774636701154.562500
-0.49226,0.022000000000000002,0.054,456774636701154.562500
-0.49225,0.0236,0.056400000000000006,456774636701154.562500
-0.49224,0.0196,0.0548,456774636701154.562500
-0.49223,0.0236,0.055600000000000004,456774636701154.562500
-0.49222,0.0252,0.0548,456774636701154.562500
-0.49221,0.022000000000000002,0.053200000000000004,456774636701154.562500
-0.4922,0.0228,0.053200000000000004,456774636701154.562500
-0.49219,0.0244,0.0492,456774636701154.562500
-0.49218,0.022000000000000002,0.056400000000000006,456774636701154.562500
-0.49217,0.022000000000000002,0.045200000000000004,456774636701154.562500
-0.49216,0.0204,0.055600000000000004,456774636701154.562500
-0.49215,0.0244,0.054,456774636701154.562500
-0.49214,0.0212,0.055600000000000004,456774636701154.562500
-0.49213,0.0236,0.054,456774636701154.562500
-0.49212,0.0244,0.0572,456774636701154.562500
-0.49211,0.022000000000000002,0.0572,456774636701154.562500
-0.4921,0.0228,0.0572,456774636701154.562500
-0.49209,0.0172,0.058,456774636701154.562500
-0.49208,0.0204,0.0524,456774636701154.562500
-0.49207,0.0212,0.0572,456774636701154.562500
-0.49206,0.0236,0.05,456774636701154.562500
-0.49205,0.018000000000000002,0.056400000000000006,456774636701154.562500
-0.49204,0.0228,0.053200000000000004,456774636701154.562500
-0.49203,0.0212,0.053200000000000004,456774636701154.562500
-0.49202,0.022000000000000002,0.053200000000000004,456774636701154.562500
-0.49201,0.0212,0.054,456774636701154.562500
-0.492,0.014,0.0572,456774636701154.562500
-0.49199,0.0212,0.050800000000000005,456774636701154.562500
-0.49198,0.022000000000000002,0.054,456774636701154.562500
-0.49197,0.0236,0.046,456774636701154.562500
-0.49196,0.0212,0.058,456774636701154.562500
-0.49195,0.0236,0.055600000000000004,456774636701154.562500
-0.49194,0.0228,0.0572,456774636701154.562500
-0.49193,0.0236,0.056400000000000006,456774636701154.562500
-0.49192,0.0236,0.058,456774636701154.562500
-0.49191,0.0228,0.056400000000000006,456774636701154.562500
-0.4919,0.0172,0.055600000000000004,456774636701154.562500
-0.49189,0.026000000000000002,0.058,456774636701154.562500
-0.49188,0.022000000000000002,0.058,456774636701154.562500
-0.49187,0.0244,0.0572,456774636701154.562500
-0.49186,0.0188,0.056400000000000006,456774636701154.562500
-0.49185,0.0244,0.0524,456774636701154.562500
-0.49184,0.022000000000000002,0.054,456774636701154.562500
-0.49183,0.0236,0.054,456774636701154.562500
-0.49182,0.0244,0.054,456774636701154.562500
-0.49181,0.022000000000000002,0.053200000000000004,456774636701154.562500
-0.4918,0.022000000000000002,0.0548,456774636701154.562500
-0.49179,0.018000000000000002,0.0548,456774636701154.562500
-0.49178,0.022000000000000002,0.056400000000000006,456774636701154.562500
-0.49177,0.0212,0.053200000000000004,456774636701154.562500
-0.49176,0.0204,0.056400000000000006,456774636701154.562500
-0.49175,0.0228,0.0548,456774636701154.562500
-0.49174,0.0196,0.058,456774636701154.562500
-0.49173,0.022000000000000002,0.0548,456774636701154.562500
-0.49172,0.022000000000000002,0.0572,456774636701154.562500
-0.49171,0.022000000000000002,0.0476,456774636701154.562500
-0.4917,0.0236,0.0572,456774636701154.562500
-0.49169,0.0228,0.053200000000000004,456774636701154.562500
-0.49168,0.022000000000000002,0.055600000000000004,456774636701154.562500
-0.49167,0.0236,0.053200000000000004,456774636701154.562500
-0.49166,0.0236,0.0412,456774636701154.562500
-0.49165,0.0252,0.056400000000000006,456774636701154.562500
-0.49164,0.0196,0.0492,456774636701154.562500
-0.49163,0.0228,0.056400000000000006,456774636701154.562500
-0.49162,0.022000000000000002,0.050800000000000005,456774636701154.562500
-0.49161,0.022000000000000002,0.058,456774636701154.562500
-0.4916,0.0236,0.0548,456774636701154.562500
-0.49158999999999997,0.0244,0.0548,456774636701154.562500
-0.49158,0.018000000000000002,0.053200000000000004,456774636701154.562500
-0.49157,0.0236,0.0492,456774636701154.562500
-0.49156,0.0212,0.0492,456774636701154.562500
-0.49155,0.0228,0.054,456774636701154.562500
-0.49154,0.0236,0.0524,456774636701154.562500
-0.49153,0.0228,0.056400000000000006,456774636701154.562500
-0.49152,0.0212,0.054,456774636701154.562500
-0.49151,0.0204,0.054,456774636701154.562500
-0.4915,0.018000000000000002,0.0572,456774636701154.562500
-0.49149,0.0204,0.056400000000000006,456774636701154.562500
-0.49148,0.0212,0.0548,456774636701154.562500
-0.49147,0.0188,0.056400000000000006,456774636701154.562500
-0.49146,0.022000000000000002,0.054,456774636701154.562500
-0.49145,0.022000000000000002,0.053200000000000004,456774636701154.562500
-0.49144,0.022000000000000002,0.055600000000000004,456774636701154.562500
-0.49143,0.022000000000000002,0.058,456774636701154.562500
-0.49142,0.022000000000000002,0.055600000000000004,456774636701154.562500
-0.49141,0.022000000000000002,0.055600000000000004,456774636701154.562500
-0.4914,0.0236,0.0548,456774636701154.562500
-0.49139,0.022000000000000002,0.053200000000000004,456774636701154.562500
-0.49138,0.0236,0.0548,456774636701154.562500
-0.49137,0.0236,0.055600000000000004,456774636701154.562500
-0.49136,0.0236,0.055600000000000004,456774636701154.562500
-0.49135,0.0236,0.054,456774636701154.562500
-0.49134,0.0212,0.05,456774636701154.562500
-0.49133,0.0244,0.053200000000000004,456774636701154.562500
-0.49132,0.0204,0.0572,456774636701154.562500
-0.49131,0.0236,0.0548,456774636701154.562500
-0.4913,0.018000000000000002,0.055600000000000004,456774636701154.562500
-0.49129,0.0204,0.056400000000000006,456774636701154.562500
-0.49128,0.018000000000000002,0.0548,456774636701154.562500
-0.49127,0.0236,0.058,456774636701154.562500
-0.49126,0.0236,0.0548,456774636701154.562500
-0.49125,0.0236,0.055600000000000004,456774636701154.562500
-0.49124,0.0196,0.058,456774636701154.562500
-0.49123,0.0228,0.054,456774636701154.562500
-0.49122,0.022000000000000002,0.056400000000000006,456774636701154.562500
-0.49121,0.0228,0.054,456774636701154.562500
-0.4912,0.0204,0.055600000000000004,456774636701154.562500
-0.49119,0.0236,0.050800000000000005,456774636701154.562500
-0.49118,0.0164,0.058,456774636701154.562500
-0.49117,0.0228,0.0548,456774636701154.562500
-0.49116,0.0164,0.056400000000000006,456774636701154.562500
-0.49115,0.0204,0.056400000000000006,456774636701154.562500
-0.49114,0.0212,0.054,456774636701154.562500
-0.49113,0.0228,0.0548,456774636701154.562500
-0.49112,0.0196,0.056400000000000006,456774636701154.562500
-0.49111,0.022000000000000002,0.056400000000000006,456774636701154.562500
-0.4911,0.0228,0.0516,456774636701154.562500
-0.49109,0.0228,0.058,456774636701154.562500
-0.49108,0.0196,0.056400000000000006,456774636701154.562500
-0.49107,0.0164,0.05,456774636701154.562500
-0.49106,0.022000000000000002,0.056400000000000006,456774636701154.562500
-0.49105,0.0172,0.055600000000000004,456774636701154.562500
-0.49104,0.022000000000000002,0.055600000000000004,456774636701154.562500
-0.49103,0.0244,0.0492,456774636701154.562500
-0.49102,0.022000000000000002,0.0524,456774636701154.562500
-0.49101,0.0244,0.045200000000000004,456774636701154.562500
-0.491,0.0212,0.056400000000000006,456774636701154.562500
-0.49099,0.0252,0.0548,456774636701154.562500
-0.49097999999999997,0.0236,0.054,456774636701154.562500
-0.49097,0.0236,0.053200000000000004,456774636701154.562500
-0.49096,0.0196,0.054,456774636701154.562500
-0.49095,0.0228,0.050800000000000005,456774636701154.562500
-0.49094,0.0252,0.056400000000000006,456774636701154.562500
-0.49093,0.018000000000000002,0.05,456774636701154.562500
-0.49092,0.0228,0.0572,456774636701154.562500
-0.49091,0.0204,0.0492,456774636701154.562500
-0.4909,0.022000000000000002,0.055600000000000004,456774636701154.562500
-0.49089,0.0204,0.0476,456774636701154.562500
-0.49088,0.0236,0.058,456774636701154.562500
-0.49087,0.0212,0.0516,456774636701154.562500
-0.49086,0.0196,0.0412,456774636701154.562500
-0.49085,0.0204,0.0516,456774636701154.562500
-0.49084,0.018000000000000002,0.0492,456774636701154.562500
-0.49083,0.0196,0.0572,456774636701154.562500
-0.49082,0.0172,0.0524,456774636701154.562500
-0.49081,0.022000000000000002,0.056400000000000006,456774636701154.562500
-0.4908,0.0204,0.053200000000000004,456774636701154.562500
-0.49079,0.0236,0.0548,456774636701154.562500
-0.49078,0.022000000000000002,0.0516,456774636701154.562500
-0.49077,0.0228,0.0524,456774636701154.562500
-0.49076,0.0228,0.0572,456774636701154.562500
-0.49075,0.0228,0.0516,456774636701154.562500
-0.49074,0.0228,0.0524,456774636701154.562500
-0.49073,0.022000000000000002,0.056400000000000006,456774636701154.562500
-0.49072,0.0236,0.055600000000000004,456774636701154.562500
-0.49071,0.0252,0.0572,456774636701154.562500
-0.4907,0.0228,0.055600000000000004,456774636701154.562500
-0.49069,0.0252,0.055600000000000004,456774636701154.562500
-0.49068,0.022000000000000002,0.055600000000000004,456774636701154.562500
-0.49067,0.0236,0.0572,456774636701154.562500
-0.49066,0.022000000000000002,0.055600000000000004,456774636701154.562500
-0.49065,0.0244,0.0548,456774636701154.562500
-0.49064,0.0244,0.05,456774636701154.562500
-0.49063,0.0204,0.055600000000000004,456774636701154.562500
-0.49062,0.0236,0.045200000000000004,456774636701154.562500
-0.49061,0.0204,0.0524,456774636701154.562500
-0.4906,0.022000000000000002,0.045200000000000004,456774636701154.562500
-0.49059,0.0204,0.0572,456774636701154.562500
-0.49058,0.0212,0.056400000000000006,456774636701154.562500
-0.49057,0.0228,0.056400000000000006,456774636701154.562500
-0.49056,0.022000000000000002,0.0476,456774636701154.562500
-0.49055,0.0212,0.0548,456774636701154.562500
-0.49054,0.022000000000000002,0.0572,456774636701154.562500
-0.49053,0.022000000000000002,0.050800000000000005,456774636701154.562500
-0.49052,0.0212,0.054,456774636701154.562500
-0.49051,0.022000000000000002,0.054,456774636701154.562500
-0.4905,0.0204,0.0548,456774636701154.562500
-0.49049,0.022000000000000002,0.045200000000000004,456774636701154.562500
-0.49048,0.0212,0.056400000000000006,456774636701154.562500
-0.49047,0.0228,0.054,456774636701154.562500
-0.49046,0.022000000000000002,0.056400000000000006,456774636701154.562500
-0.49045,0.0228,0.0548,456774636701154.562500
-0.49044,0.0244,0.054,456774636701154.562500
-0.49043,0.0204,0.0572,456774636701154.562500
-0.49042,0.0252,0.055600000000000004,456774636701154.562500
-0.49041,0.0252,0.0572,456774636701154.562500
-0.4904,0.0252,0.0516,456774636701154.562500
-0.49039,0.0236,0.0548,456774636701154.562500
-0.49038,0.0236,0.056400000000000006,456774636701154.562500
-0.49037,0.0228,0.0572,456774636701154.562500
-0.49036,0.0244,0.055600000000000004,456774636701154.562500
-0.49035,0.0212,0.056400000000000006,456774636701154.562500
-0.49034,0.022000000000000002,0.0548,456774636701154.562500
-0.49033,0.0252,0.0516,456774636701154.562500
-0.49032,0.0204,0.058,456774636701154.562500
-0.49031,0.0244,0.058,456774636701154.562500
-0.4903,0.0212,0.0572,456774636701154.562500
-0.49029,0.0212,0.055600000000000004,456774636701154.562500
-0.49028,0.0236,0.0572,456774636701154.562500
-0.49027,0.022000000000000002,0.0548,456774636701154.562500
-0.49026,0.022000000000000002,0.0524,456774636701154.562500
-0.49025,0.0236,0.056400000000000006,456774636701154.562500
-0.49024,0.0228,0.053200000000000004,456774636701154.562500
-0.49023,0.0228,0.054,456774636701154.562500
-0.49022,0.022000000000000002,0.055600000000000004,456774636701154.562500
-0.49021,0.022000000000000002,0.056400000000000006,456774636701154.562500
-0.4902,0.0204,0.0524,456774636701154.562500
-0.49019,0.0204,0.056400000000000006,456774636701154.562500
-0.49018,0.0244,0.0524,456774636701154.562500
-0.49017,0.018000000000000002,0.0524,456774636701154.562500
-0.49016,0.0236,0.055600000000000004,456774636701154.562500
-0.49015,0.022000000000000002,0.056400000000000006,456774636701154.562500
-0.49014,0.0244,0.056400000000000006,456774636701154.562500
-0.49013,0.022000000000000002,0.050800000000000005,456774636701154.562500
-0.49012,0.0244,0.0524,456774636701154.562500
-0.49011,0.0236,0.050800000000000005,456774636701154.562500
-0.4901,0.0244,0.055600000000000004,456774636701154.562500
-0.49009,0.0236,0.0572,456774636701154.562500
-0.49008,0.0244,0.058,456774636701154.562500
-0.49007,0.026000000000000002,0.0548,456774636701154.562500
-0.49006,0.0252,0.056400000000000006,456774636701154.562500
-0.49005,0.0236,0.0548,456774636701154.562500
-0.49004,0.0236,0.055600000000000004,456774636701154.562500
-0.49003,0.022000000000000002,0.0572,456774636701154.562500
-0.49002,0.0244,0.054,456774636701154.562500
-0.49001,0.0236,0.042,456774636701154.562500
-0.49,0.0228,0.0548,456774636701154.562500
-0.48999,0.0228,0.050800000000000005,456774636701154.562500
-0.48997999999999997,0.0228,0.056400000000000006,456774636701154.562500
-0.48997,0.022000000000000002,0.0548,456774636701154.562500
-0.48996,0.022000000000000002,0.058,456774636701154.562500
-0.48995,0.022000000000000002,0.0572,456774636701154.562500
-0.48994,0.0204,0.053200000000000004,456774636701154.562500
-0.48993,0.0204,0.056400000000000006,456774636701154.562500
-0.48992,0.0196,0.0516,456774636701154.562500
-0.48991,0.022000000000000002,0.0572,456774636701154.562500
-0.4899,0.0172,0.0492,456774636701154.562500
-0.48989,0.0204,0.058,456774636701154.562500
-0.48988,0.018000000000000002,0.0444,456774636701154.562500
-0.48987,0.0228,0.056400000000000006,456774636701154.562500
-0.48986,0.0236,0.0444,456774636701154.562500
-0.48985,0.0236,0.0572,456774636701154.562500
-0.48984,0.0204,0.05,456774636701154.562500
-0.48983,0.0236,0.055600000000000004,456774636701154.562500
-0.48982,0.0236,0.053200000000000004,456774636701154.562500
-0.48981,0.0228,0.0572,456774636701154.562500
-0.4898,0.0252,0.0572,456774636701154.562500
-0.48979,0.022000000000000002,0.056400000000000006,456774636701154.562500
-0.48978,0.0244,0.058,456774636701154.562500
-0.48977,0.0236,0.0548,456774636701154.562500
-0.48976,0.0244,0.0548,456774636701154.562500
-0.48975,0.0244,0.0516,456774636701154.562500
-0.48974,0.0252,0.055600000000000004,456774636701154.562500
-0.48973,0.0204,0.055600000000000004,456774636701154.562500
-0.48972,0.022000000000000002,0.055600000000000004,456774636701154.562500
-0.48971,0.0228,0.050800000000000005,456774636701154.562500
-0.4897,0.0244,0.055600000000000004,456774636701154.562500
-0.48969,0.022000000000000002,0.054,456774636701154.562500
-0.48968,0.0236,0.056400000000000006,456774636701154.562500
-0.48967,0.022000000000000002,0.0524,456774636701154.562500
-0.48966,0.022000000000000002,0.0548,456774636701154.562500
-0.48965,0.022000000000000002,0.0524,456774636701154.562500
-0.48964,0.0228,0.056400000000000006,456774636701154.562500
-0.48963,0.0204,0.0548,456774636701154.562500
-0.48962,0.0236,0.053200000000000004,456774636701154.562500
-0.48961,0.0212,0.055600000000000004,456774636701154.562500
-0.4896,0.022000000000000002,0.050800000000000005,456774636701154.562500
-0.48959,0.022000000000000002,0.055600000000000004,456774636701154.562500
-0.48958,0.0212,0.046,456774636701154.562500
-0.48957,0.0212,0.050800000000000005,456774636701154.562500
-0.48956,0.0228,0.048400000000000006,456774636701154.562500
-0.48955,0.0228,0.056400000000000006,456774636701154.562500
-0.48954,0.0228,0.056400000000000006,456774636701154.562500
-0.48953,0.0228,0.055600000000000004,456774636701154.562500
-0.48952,0.0228,0.054,456774636701154.562500
-0.48951,0.0228,0.056400000000000006,456774636701154.562500
-0.4895,0.0228,0.0516,456774636701154.562500
-0.48949,0.0244,0.056400000000000006,456774636701154.562500
-0.48948,0.0252,0.0572,456774636701154.562500
-0.48947,0.0244,0.056400000000000006,456774636701154.562500
-0.48946,0.0244,0.0572,456774636701154.562500
-0.48945,0.022000000000000002,0.054,456774636701154.562500
-0.48944,0.0252,0.054,456774636701154.562500
-0.48943,0.0228,0.0572,456774636701154.562500
-0.48942,0.0252,0.055600000000000004,456774636701154.562500
-0.48941,0.0244,0.056400000000000006,456774636701154.562500
-0.4894,0.022000000000000002,0.0444,456774636701154.562500
-0.48939,0.0212,0.055600000000000004,456774636701154.562500
-0.48938,0.022000000000000002,0.042,456774636701154.562500
-0.48936999999999997,0.022000000000000002,0.054,456774636701154.562500
-0.48936,0.0212,0.056400000000000006,456774636701154.562500
-0.48935,0.022000000000000002,0.055600000000000004,456774636701154.562500
-0.48934,0.0196,0.0548,456774636701154.562500
-0.48933,0.0188,0.0548,456774636701154.562500
-0.48932,0.0204,0.055600000000000004,456774636701154.562500
-0.48931,0.0204,0.056400000000000006,456774636701154.562500
-0.4893,0.0228,0.0572,456774636701154.562500
-0.48929,0.0196,0.056400000000000006,456774636701154.562500
-0.48928,0.022000000000000002,0.048400000000000006,456774636701154.562500
-0.48927,0.0228,0.0524,456774636701154.562500
-0.48926,0.022000000000000002,0.056400000000000006,456774636701154.562500
-0.48925,0.022000000000000002,0.055600000000000004,456774636701154.562500
-0.48924,0.0212,0.055600000000000004,456774636701154.562500
-0.48923,0.0236,0.0516,456774636701154.562500
-0.48922,0.0212,0.0548,456774636701154.562500
-0.48921,0.0252,0.055600000000000004,456774636701154.562500
-0.4892,0.0244,0.0572,456774636701154.562500
-0.48919,0.0268,0.058,456774636701154.562500
-0.48918,0.0236,0.056400000000000006,456774636701154.562500
-0.48917,0.0244,0.0524,456774636701154.562500
-0.48916,0.0236,0.0572,456774636701154.562500
-0.48915,0.0252,0.054,456774636701154.562500
-0.48914,0.0236,0.056400000000000006,456774636701154.562500
-0.48913,0.0236,0.056400000000000006,456774636701154.562500
-0.48912,0.0244,0.0524,456774636701154.562500
-0.48911,0.0236,0.056400000000000006,456774636701154.562500
-0.4891,0.0228,0.0412,456774636701154.562500
-0.48909,0.0252,0.046,456774636701154.562500
-0.48908,0.0228,0.0476,456774636701154.562500
-0.48907,0.0244,0.0548,456774636701154.562500
-0.48906,0.022000000000000002,0.0476,456774636701154.562500
-0.48905,0.022000000000000002,0.054,456774636701154.562500
-0.48904,0.022000000000000002,0.0548,456774636701154.562500
-0.48903,0.022000000000000002,0.0572,456774636701154.562500
-0.48902,0.022000000000000002,0.0572,456774636701154.562500
-0.48901,0.022000000000000002,0.0572,456774636701154.562500
-0.489,0.0228,0.0516,456774636701154.562500
-0.48899,0.0204,0.054,456774636701154.562500
-0.48898,0.022000000000000002,0.058,456774636701154.562500
-0.48897,0.0228,0.056400000000000006,456774636701154.562500
-0.48896,0.022000000000000002,0.0548,456774636701154.562500
-0.48895,0.0228,0.0548,456774636701154.562500
-0.48894,0.0204,0.0516,456774636701154.562500
-0.48893,0.0236,0.055600000000000004,456774636701154.562500
-0.48892,0.022000000000000002,0.0572,456774636701154.562500
-0.48891,0.0228,0.0572,456774636701154.562500
-0.4889,0.0236,0.0572,456774636701154.562500
-0.48889,0.0228,0.0548,456774636701154.562500
-0.48888,0.0236,0.0548,456774636701154.562500
-0.48887,0.0236,0.042800000000000005,456774636701154.562500
-0.48886,0.018000000000000002,0.056400000000000006,456774636701154.562500
-0.48885,0.0228,0.0524,456774636701154.562500
-0.48884,0.0228,0.055600000000000004,456774636701154.562500
-0.48883,0.0228,0.040400000000000005,456774636701154.562500
-0.48882,0.0212,0.055600000000000004,456774636701154.562500
-0.48881,0.0236,0.0572,456774636701154.562500
-0.4888,0.0204,0.0572,456774636701154.562500
-0.48879,0.0236,0.0572,456774636701154.562500
-0.48878,0.022000000000000002,0.055600000000000004,456774636701154.562500
-0.48877,0.0228,0.0524,456774636701154.562500
-0.48876,0.0236,0.0388,456774636701154.562500
-0.48875,0.022000000000000002,0.0516,456774636701154.562500
-0.48874,0.0236,0.0396,456774636701154.562500
-0.48873,0.0212,0.055600000000000004,456774636701154.562500
-0.48872,0.0212,0.054,456774636701154.562500
-0.48871,0.022000000000000002,0.058800000000000005,456774636701154.562500
-0.4887,0.0228,0.0548,456774636701154.562500
-0.48869,0.0204,0.0524,456774636701154.562500
-0.48868,0.022000000000000002,0.056400000000000006,456774636701154.562500
-0.48867,0.0212,0.0492,456774636701154.562500
-0.48866,0.022000000000000002,0.053200000000000004,456774636701154.562500
-0.48865,0.0212,0.048400000000000006,456774636701154.562500
-0.48864,0.0204,0.055600000000000004,456774636701154.562500
-0.48863,0.022000000000000002,0.053200000000000004,456774636701154.562500
-0.48862,0.0236,0.055600000000000004,456774636701154.562500
-0.48861,0.0228,0.054,456774636701154.562500
-0.4886,0.0244,0.056400000000000006,456774636701154.562500
-0.48859,0.0244,0.0548,456774636701154.562500
-0.48858,0.0244,0.055600000000000004,456774636701154.562500
-0.48857,0.0244,0.0524,456774636701154.562500
-0.48856,0.0236,0.056400000000000006,456774636701154.562500
-0.48855,0.0244,0.0492,456774636701154.562500
-0.48854,0.0236,0.055600000000000004,456774636701154.562500
-0.48853,0.0252,0.0388,456774636701154.562500
-0.48852,0.0244,0.058,456774636701154.562500
-0.48851,0.022000000000000002,0.05,456774636701154.562500
-0.4885,0.0244,0.0572,456774636701154.562500
-0.48849,0.0196,0.054,456774636701154.562500
-0.48848,0.0244,0.0572,456774636701154.562500
-0.48847,0.0244,0.0548,456774636701154.562500
-0.48846,0.0228,0.0572,456774636701154.562500
-0.48845,0.0212,0.056400000000000006,456774636701154.562500
-0.48844,0.022000000000000002,0.056400000000000006,456774636701154.562500
-0.48843,0.022000000000000002,0.055600000000000004,456774636701154.562500
-0.48842,0.022000000000000002,0.0572,456774636701154.562500
-0.48841,0.0236,0.056400000000000006,456774636701154.562500
-0.4884,0.0212,0.056400000000000006,456774636701154.562500
-0.48839,0.022000000000000002,0.0572,456774636701154.562500
-0.48838,0.0212,0.058,456774636701154.562500
-0.48836999999999997,0.022000000000000002,0.0572,456774636701154.562500
-0.48836,0.0236,0.055600000000000004,456774636701154.562500
-0.48835,0.0212,0.0548,456774636701154.562500
-0.48834,0.0236,0.053200000000000004,456774636701154.562500
-0.48833,0.022000000000000002,0.0524,456774636701154.562500
-0.48832,0.0228,0.053200000000000004,456774636701154.562500
-0.48831,0.0236,0.055600000000000004,456774636701154.562500
-0.4883,0.0212,0.0524,456774636701154.562500
-0.48829,0.0244,0.054,456774636701154.562500
-0.48828,0.0228,0.045200000000000004,456774636701154.562500
-0.48827,0.0252,0.0572,456774636701154.562500
-0.48826,0.0236,0.0548,456774636701154.562500
-0.48825,0.0244,0.0516,456774636701154.562500
-0.48824,0.0252,0.055600000000000004,456774636701154.562500
-0.48823,0.0252,0.0524,456774636701154.562500
-0.48822,0.0252,0.0548,456774636701154.562500
-0.48821,0.0236,0.05,456774636701154.562500
-0.4882,0.0236,0.058,456774636701154.562500
-0.48819,0.0204,0.054,456774636701154.562500
-0.48818,0.0228,0.0516,456774636701154.562500
-0.48817,0.0196,0.055600000000000004,456774636701154.562500
-0.48816,0.0228,0.0468,456774636701154.562500
-0.48815,0.0204,0.056400000000000006,456774636701154.562500
-0.48814,0.0228,0.056400000000000006,456774636701154.562500
-0.48813,0.022000000000000002,0.056400000000000006,456774636701154.562500
-0.48812,0.022000000000000002,0.054,456774636701154.562500
-0.48811,0.0212,0.045200000000000004,456774636701154.562500
-0.4881,0.022000000000000002,0.0516,456774636701154.562500
-0.48809,0.022000000000000002,0.0444,456774636701154.562500
-0.48808,0.0228,0.053200000000000004,456774636701154.562500
-0.48807,0.0196,0.0548,456774636701154.562500
-0.48806,0.0228,0.058,456774636701154.562500
-0.48805,0.0204,0.0572,456774636701154.562500
-0.48804,0.0228,0.056400000000000006,456774636701154.562500
-0.48803,0.0236,0.055600000000000004,456774636701154.562500
-0.48802,0.0228,0.056400000000000006,456774636701154.562500
-0.48801,0.0236,0.0548,456774636701154.562500
-0.488,0.0236,0.0572,456774636701154.562500
-0.48799,0.0228,0.058,456774636701154.562500
-0.48798,0.0236,0.055600000000000004,456774636701154.562500
-0.48797,0.0236,0.056400000000000006,456774636701154.562500
-0.48796,0.0244,0.056400000000000006,456774636701154.562500
-0.48795,0.0236,0.056400000000000006,456774636701154.562500
-0.48794,0.0268,0.055600000000000004,456774636701154.562500
-0.48793,0.0236,0.053200000000000004,456774636701154.562500
-0.48792,0.0236,0.0572,456774636701154.562500
-0.48791,0.0236,0.048400000000000006,456774636701154.562500
-0.4879,0.0244,0.0524,456774636701154.562500
-0.48789,0.0236,0.053200000000000004,456774636701154.562500
-0.48788,0.0236,0.056400000000000006,456774636701154.562500
-0.48787,0.0212,0.055600000000000004,456774636701154.562500
-0.48786,0.022000000000000002,0.056400000000000006,456774636701154.562500
-0.48785,0.022000000000000002,0.058,456774636701154.562500
-0.48784,0.022000000000000002,0.0572,456774636701154.562500
-0.48783,0.0204,0.0524,456774636701154.562500
-0.48782,0.0212,0.0572,456774636701154.562500
-0.48781,0.0212,0.054,456774636701154.562500
-0.4878,0.022000000000000002,0.058,456774636701154.562500
-0.48779,0.0212,0.058800000000000005,456774636701154.562500
-0.48778,0.0196,0.0548,456774636701154.562500
-0.48777,0.022000000000000002,0.0444,456774636701154.562500
-0.48775999999999997,0.0164,0.056400000000000006,456774636701154.562500
-0.48775,0.022000000000000002,0.055600000000000004,456774636701154.562500
-0.48774,0.0228,0.058,456774636701154.562500
-0.48773,0.022000000000000002,0.054,456774636701154.562500
-0.48772,0.0236,0.055600000000000004,456774636701154.562500
-0.48771,0.0212,0.0548,456774636701154.562500
-0.4877,0.0204,0.0572,456774636701154.562500
-0.48769,0.0228,0.055600000000000004,456774636701154.562500
-0.48768,0.0244,0.0572,456774636701154.562500
-0.48767,0.0244,0.0572,456774636701154.562500
-0.48766,0.0228,0.0572,456774636701154.562500
-0.48765,0.0188,0.056400000000000006,456774636701154.562500
-0.48764,0.0244,0.0572,456774636701154.562500
-0.48763,0.0244,0.0548,456774636701154.562500
-0.48762,0.0236,0.0524,456774636701154.562500
-0.48761,0.0244,0.054,456774636701154.562500
-0.4876,0.0236,0.05,456774636701154.562500
-0.48759,0.0188,0.0524,456774636701154.562500
-0.48758,0.022000000000000002,0.0492,456774636701154.562500
-0.48757,0.0212,0.0492,456774636701154.562500
-0.48756,0.0228,0.046,456774636701154.562500
-0.48755,0.0228,0.054,456774636701154.562500
-0.48754,0.0228,0.0516,456774636701154.562500
-0.48753,0.0228,0.0524,456774636701154.562500
-0.48752,0.0188,0.05,456774636701154.562500
-0.48751,0.0228,0.055600000000000004,456774636701154.562500
-0.4875,0.022000000000000002,0.053200000000000004,456774636701154.562500
-0.48749,0.022000000000000002,0.0572,456774636701154.562500
-0.48748,0.0228,0.0572,456774636701154.562500
-0.48747,0.022000000000000002,0.0524,456774636701154.562500
-0.48746,0.0212,0.0436,456774636701154.562500
-0.48745,0.0228,0.054,456774636701154.562500
-0.48744,0.0228,0.054,456774636701154.562500
-0.48743,0.0236,0.056400000000000006,456774636701154.562500
-0.48742,0.022000000000000002,0.053200000000000004,456774636701154.562500
-0.48741,0.0228,0.058,456774636701154.562500
-0.4874,0.0204,0.0548,456774636701154.562500
-0.48739,0.022000000000000002,0.0516,456774636701154.562500
-0.48738,0.018000000000000002,0.0572,456774636701154.562500
-0.48737,0.0212,0.056400000000000006,456774636701154.562500
-0.48736,0.018000000000000002,0.055600000000000004,456774636701154.562500
-0.48735,0.022000000000000002,0.0572,456774636701154.562500
-0.48734,0.022000000000000002,0.0572,456774636701154.562500
-0.48733,0.0236,0.0572,456774636701154.562500
-0.48732,0.022000000000000002,0.055600000000000004,456774636701154.562500
-0.48731,0.0244,0.056400000000000006,456774636701154.562500
-0.4873,0.022000000000000002,0.055600000000000004,456774636701154.562500
-0.48729,0.026000000000000002,0.055600000000000004,456774636701154.562500
-0.48728,0.0228,0.0548,456774636701154.562500
-0.48727,0.0244,0.054,456774636701154.562500
-0.48726,0.0244,0.055600000000000004,456774636701154.562500
-0.48725,0.0212,0.055600000000000004,456774636701154.562500
-0.48724,0.0236,0.0572,456774636701154.562500
-0.48723,0.0244,0.055600000000000004,456774636701154.562500
-0.48722,0.022000000000000002,0.055600000000000004,456774636701154.562500
-0.48721,0.022000000000000002,0.056400000000000006,456774636701154.562500
-0.4872,0.0212,0.056400000000000006,456774636701154.562500
-0.48719,0.0228,0.0572,456774636701154.562500
-0.48718,0.0212,0.055600000000000004,456774636701154.562500
-0.48717,0.022000000000000002,0.058,456774636701154.562500
-0.48716,0.0236,0.0572,456774636701154.562500
-0.48714999999999997,0.0236,0.0572,456774636701154.562500
-0.48714,0.0228,0.056400000000000006,456774636701154.562500
-0.48713,0.0212,0.056400000000000006,456774636701154.562500
-0.48712,0.0228,0.0548,456774636701154.562500
-0.48711,0.0228,0.054,456774636701154.562500
-0.4871,0.0252,0.056400000000000006,456774636701154.562500
-0.48709,0.0228,0.048400000000000006,456774636701154.562500
-0.48708,0.0244,0.0572,456774636701154.562500
-0.48707,0.0228,0.05,456774636701154.562500
-0.48706,0.0236,0.0548,456774636701154.562500
-0.48705,0.0236,0.0492,456774636701154.562500
-0.48704,0.0228,0.050800000000000005,456774636701154.562500
-0.48703,0.0252,0.054,456774636701154.562500
-0.48702,0.0244,0.055600000000000004,456774636701154.562500
-0.48701,0.0236,0.050800000000000005,456774636701154.562500
-0.487,0.0228,0.058,456774636701154.562500
-0.48699,0.018000000000000002,0.054,456774636701154.562500
-0.48698,0.0236,0.0572,456774636701154.562500
-0.48697,0.0188,0.0516,456774636701154.562500
-0.48696,0.0236,0.0572,456774636701154.562500
-0.48695,0.022000000000000002,0.054,456774636701154.562500
-0.48694,0.0244,0.0548,456774636701154.562500
-0.48693,0.0212,0.055600000000000004,456774636701154.562500
-0.48692,0.0204,0.056400000000000006,456774636701154.562500
-0.48691,0.0228,0.056400000000000006,456774636701154.562500
-0.4869,0.022000000000000002,0.056400000000000006,456774636701154.562500
-0.48689,0.022000000000000002,0.0548,456774636701154.562500
-0.48688,0.0228,0.054,456774636701154.562500
-0.48687,0.022000000000000002,0.056400000000000006,456774636701154.562500
-0.48686,0.022000000000000002,0.055600000000000004,456774636701154.562500
-0.48685,0.022000000000000002,0.058,456774636701154.562500
-0.48684,0.022000000000000002,0.0524,456774636701154.562500
-0.48683,0.0228,0.0548,456774636701154.562500
-0.48682,0.0244,0.058,456774636701154.562500
-0.48681,0.0228,0.056400000000000006,456774636701154.562500
-0.4868,0.0236,0.054,456774636701154.562500
-0.48679,0.0236,0.056400000000000006,456774636701154.562500
-0.48678,0.0236,0.053200000000000004,456774636701154.562500
-0.48677,0.0236,0.0572,456774636701154.562500
-0.48675999999999997,0.0228,0.053200000000000004,456774636701154.562500
-0.48675,0.0236,0.0548,456774636701154.562500
-0.48674,0.0236,0.0572,456774636701154.562500
-0.48673,0.0236,0.054,456774636701154.562500
-0.48672,0.0252,0.056400000000000006,456774636701154.562500
-0.48671,0.0244,0.055600000000000004,456774636701154.562500
-0.4867,0.026000000000000002,0.0548,456774636701154.562500
-0.48669,0.0252,0.053200000000000004,456774636701154.562500
-0.48668,0.0236,0.0572,456774636701154.562500
-0.48667,0.0252,0.056400000000000006,456774636701154.562500
-0.48666,0.0244,0.054,456774636701154.562500
-0.48665,0.022000000000000002,0.0548,456774636701154.562500
-0.48664,0.022000000000000002,0.055600000000000004,456774636701154.562500
-0.48663,0.0228,0.055600000000000004,456774636701154.562500
-0.48662,0.0236,0.0548,456774636701154.562500
-0.48661,0.0236,0.0572,456774636701154.562500
-0.4866,0.0244,0.056400000000000006,456774636701154.562500
-0.48659,0.0228,0.056400000000000006,456774636701154.562500
-0.48658,0.0236,0.0548,456774636701154.562500
-0.48657,0.022000000000000002,0.055600000000000004,456774636701154.562500
-0.48656,0.0212,0.050800000000000005,456774636701154.562500
-0.48655,0.0228,0.0548,456774636701154.562500
-0.48654,0.0228,0.050800000000000005,456774636701154.562500
-0.48653,0.0228,0.055600000000000004,456774636701154.562500
-0.48652,0.0236,0.045200000000000004,456774636701154.562500
-0.48651,0.0212,0.0572,456774636701154.562500
-0.4865,0.022000000000000002,0.0548,456774636701154.562500
-0.48649,0.0228,0.056400000000000006,456774636701154.562500
-0.48648,0.022000000000000002,0.055600000000000004,456774636701154.562500
-0.48647,0.0236,0.055600000000000004,456774636701154.562500
-0.48646,0.0244,0.053200000000000004,456774636701154.562500
-0.48645,0.022000000000000002,0.0572,456774636701154.562500
-0.48644,0.0252,0.055600000000000004,456774636701154.562500
-0.48643,0.0244,0.0572,456774636701154.562500
-0.48642,0.0244,0.055600000000000004,456774636701154.562500
-0.48641,0.0244,0.0516,456774636701154.562500
-0.4864,0.0252,0.056400000000000006,456774636701154.562500
-0.48639,0.0244,0.0572,456774636701154.562500
-0.48638,0.0236,0.056400000000000006,456774636701154.562500
-0.48637,0.0228,0.056400000000000006,456774636701154.562500
-0.48636,0.0236,0.058,456774636701154.562500
-0.48635,0.022000000000000002,0.056400000000000006,456774636701154.562500
-0.48634,0.0236,0.056400000000000006,456774636701154.562500
-0.48633,0.0244,0.058,456774636701154.562500
-0.48632,0.0236,0.056400000000000006,456774636701154.562500
-0.48631,0.0228,0.056400000000000006,456774636701154.562500
-0.4863,0.0212,0.056400000000000006,456774636701154.562500
-0.48629,0.022000000000000002,0.056400000000000006,456774636701154.562500
-0.48628,0.0204,0.056400000000000006,456774636701154.562500
-0.48627,0.022000000000000002,0.058,456774636701154.562500
-0.48626,0.0196,0.058,456774636701154.562500
-0.48625,0.0196,0.0548,456774636701154.562500
-0.48624,0.0212,0.055600000000000004,456774636701154.562500
-0.48623,0.022000000000000002,0.0572,456774636701154.562500
-0.48622,0.0228,0.054,456774636701154.562500
-0.48621,0.0236,0.055600000000000004,456774636701154.562500
-0.4862,0.0228,0.056400000000000006,456774636701154.562500
-0.48619,0.0244,0.055600000000000004,456774636701154.562500
-0.48618,0.0244,0.0572,456774636701154.562500
-0.48617,0.022000000000000002,0.0548,456774636701154.562500
-0.48616,0.0236,0.0572,456774636701154.562500
-0.48614999999999997,0.0228,0.0524,456774636701154.562500
-0.48614,0.0236,0.056400000000000006,456774636701154.562500
-0.48613,0.0244,0.0548,456774636701154.562500
-0.48612,0.0244,0.054,456774636701154.562500
-0.48611,0.0244,0.055600000000000004,456774636701154.562500
-0.4861,0.0228,0.0548,456774636701154.562500
-0.48609,0.0244,0.055600000000000004,456774636701154.562500
-0.48608,0.0244,0.056400000000000006,456774636701154.562500
-0.48607,0.0228,0.055600000000000004,456774636701154.562500
-0.48606,0.0196,0.0572,456774636701154.562500
-0.48605,0.0204,0.054,456774636701154.562500
-0.48603999999999997,0.018000000000000002,0.0548,456774636701154.562500
-0.48603,0.0228,0.058800000000000005,456774636701154.562500
-0.48602,0.0204,0.0572,456774636701154.562500
-0.48601,0.018000000000000002,0.055600000000000004,456774636701154.562500
-0.486,0.0212,0.0548,456774636701154.562500
-0.48599,0.0228,0.058,456774636701154.562500
-0.48598,0.0212,0.058,456774636701154.562500
-0.48597,0.0188,0.0572,456774636701154.562500
-0.48596,0.0196,0.056400000000000006,456774636701154.562500
-0.48595,0.018000000000000002,0.058,456774636701154.562500
-0.48594,0.015600000000000001,0.056400000000000006,456774636701154.562500
-0.48593,0.0148,0.05,456774636701154.562500
-0.48592,0.0204,0.0548,456774636701154.562500
-0.48591,0.0164,0.048400000000000006,456774636701154.562500
-0.4859,0.0204,0.0548,456774636701154.562500
-0.48589,0.0204,0.056400000000000006,456774636701154.562500
-0.48588,0.0228,0.056400000000000006,456774636701154.562500
-0.48587,0.0204,0.056400000000000006,456774636701154.562500
-0.48586,0.0236,0.055600000000000004,456774636701154.562500
-0.48585,0.0228,0.0548,456774636701154.562500
-0.48584,0.0228,0.055600000000000004,456774636701154.562500
-0.48583,0.0244,0.054,456774636701154.562500
-0.48582,0.0236,0.0572,456774636701154.562500
-0.48581,0.0244,0.0492,456774636701154.562500
-0.4858,0.0204,0.056400000000000006,456774636701154.562500
-0.48579,0.0228,0.0548,456774636701154.562500
-0.48578,0.0236,0.053200000000000004,456774636701154.562500
-0.48577,0.0244,0.0572,456774636701154.562500
-0.48576,0.0236,0.055600000000000004,456774636701154.562500
-0.48575,0.0244,0.0572,456774636701154.562500
-0.48574,0.0212,0.055600000000000004,456774636701154.562500
-0.48573,0.0228,0.056400000000000006,456774636701154.562500
-0.48572,0.0236,0.0516,456774636701154.562500
-0.48571,0.022000000000000002,0.05,456774636701154.562500
-0.4857,0.022000000000000002,0.0548,456774636701154.562500
-0.48569,0.0236,0.056400000000000006,456774636701154.562500
-0.48568,0.0236,0.056400000000000006,456774636701154.562500
-0.48567,0.0212,0.056400000000000006,456774636701154.562500
-0.48566,0.0212,0.0572,456774636701154.562500
-0.48565,0.022000000000000002,0.056400000000000006,456774636701154.562500
-0.48564,0.022000000000000002,0.055600000000000004,456774636701154.562500
-0.48563,0.0212,0.05,456774636701154.562500
-0.48562,0.0212,0.054,456774636701154.562500
-0.48561,0.0228,0.056400000000000006,456774636701154.562500
-0.4856,0.0228,0.0572,456774636701154.562500
-0.48559,0.0236,0.058,456774636701154.562500
-0.48558,0.0244,0.056400000000000006,456774636701154.562500
-0.48557,0.0228,0.056400000000000006,456774636701154.562500
-0.48556,0.0236,0.054,456774636701154.562500
-0.48555,0.0228,0.0548,456774636701154.562500
-0.48553999999999997,0.0212,0.0516,456774636701154.562500
-0.48553,0.0244,0.0516,456774636701154.562500
-0.48552,0.0252,0.050800000000000005,456774636701154.562500
-0.48551,0.0252,0.0548,456774636701154.562500
-0.4855,0.0252,0.053200000000000004,456774636701154.562500
-0.48549,0.0252,0.055600000000000004,456774636701154.562500
-0.48548,0.0252,0.056400000000000006,456774636701154.562500
-0.48547,0.0228,0.055600000000000004,456774636701154.562500
-0.48546,0.0244,0.0516,456774636701154.562500
-0.48545,0.0244,0.0548,456774636701154.562500
-0.48544,0.0244,0.056400000000000006,456774636701154.562500
-0.48543,0.0236,0.0572,456774636701154.562500
-0.48542,0.0236,0.054,456774636701154.562500
-0.48541,0.0236,0.056400000000000006,456774636701154.562500
-0.4854,0.0204,0.050800000000000005,456774636701154.562500
-0.48539,0.0228,0.0412,456774636701154.562500
-0.48538,0.022000000000000002,0.042,456774636701154.562500
-0.48537,0.022000000000000002,0.0444,456774636701154.562500
-0.48536,0.022000000000000002,0.0548,456774636701154.562500
-0.48535,0.0228,0.0548,456774636701154.562500
-0.48534,0.022000000000000002,0.0572,456774636701154.562500
-0.48533,0.022000000000000002,0.054,456774636701154.562500
-0.48532,0.0236,0.0572,456774636701154.562500
-0.48531,0.0204,0.055600000000000004,456774636701154.562500
-0.4853,0.0212,0.058,456774636701154.562500
-0.48529,0.0212,0.056400000000000006,456774636701154.562500
-0.48528,0.022000000000000002,0.055600000000000004,456774636701154.562500
-0.48527,0.0212,0.056400000000000006,456774636701154.562500
-0.48526,0.022000000000000002,0.053200000000000004,456774636701154.562500
-0.48525,0.0228,0.055600000000000004,456774636701154.562500
-0.48524,0.0236,0.055600000000000004,456774636701154.562500
-0.48523,0.0236,0.0548,456774636701154.562500
-0.48522,0.0244,0.055600000000000004,456774636701154.562500
-0.48521,0.0236,0.056400000000000006,456774636701154.562500
-0.4852,0.0228,0.055600000000000004,456774636701154.562500
-0.48519,0.0212,0.050800000000000005,456774636701154.562500
-0.48518,0.0212,0.056400000000000006,456774636701154.562500
-0.48517,0.0236,0.055600000000000004,456774636701154.562500
-0.48516,0.0188,0.0572,456774636701154.562500
-0.48515,0.022000000000000002,0.0572,456774636701154.562500
-0.48514,0.022000000000000002,0.0572,456774636701154.562500
-0.48513,0.0204,0.053200000000000004,456774636701154.562500
-0.48512,0.0244,0.055600000000000004,456774636701154.562500
-0.48511,0.0228,0.056400000000000006,456774636701154.562500
-0.4851,0.022000000000000002,0.0516,456774636701154.562500
-0.48509,0.022000000000000002,0.053200000000000004,456774636701154.562500
-0.48508,0.022000000000000002,0.056400000000000006,456774636701154.562500
-0.48507,0.022000000000000002,0.055600000000000004,456774636701154.562500
-0.48506,0.018000000000000002,0.054,456774636701154.562500
-0.48505,0.0236,0.0548,456774636701154.562500
-0.48504,0.0204,0.055600000000000004,456774636701154.562500
-0.48503,0.0236,0.0516,456774636701154.562500
-0.48502,0.015600000000000001,0.056400000000000006,456774636701154.562500
-0.48501,0.022000000000000002,0.0516,456774636701154.562500
-0.485,0.0196,0.053200000000000004,456774636701154.562500
-0.48499,0.0212,0.050800000000000005,456774636701154.562500
-0.48498,0.0204,0.0548,456774636701154.562500
-0.48497,0.0212,0.056400000000000006,456774636701154.562500
-0.48496,0.022000000000000002,0.058,456774636701154.562500
-0.48495,0.0236,0.055600000000000004,456774636701154.562500
-0.48494,0.0236,0.056400000000000006,456774636701154.562500
-0.48492999999999997,0.0228,0.0548,456774636701154.562500
-0.48492,0.0244,0.058,456774636701154.562500
-0.48491,0.0252,0.055600000000000004,456774636701154.562500
-0.4849,0.0228,0.055600000000000004,456774636701154.562500
-0.48489,0.0244,0.0516,456774636701154.562500
-0.48488,0.0252,0.053200000000000004,456774636701154.562500
-0.48487,0.0252,0.0436,456774636701154.562500
-0.48486,0.0252,0.0516,456774636701154.562500
-0.48485,0.0244,0.050800000000000005,456774636701154.562500
-0.48484,0.0212,0.055600000000000004,456774636701154.562500
-0.48483,0.0244,0.054,456774636701154.562500
-0.48482,0.0188,0.0524,456774636701154.562500
-0.48481,0.022000000000000002,0.0516,456774636701154.562500
-0.4848,0.0228,0.055600000000000004,456774636701154.562500
-0.48479,0.0228,0.054,456774636701154.562500
-0.48478,0.0236,0.056400000000000006,456774636701154.562500
-0.48477,0.0228,0.0548,456774636701154.562500
-0.48476,0.022000000000000002,0.056400000000000006,456774636701154.562500
-0.48475,0.0228,0.054,456774636701154.562500
-0.48474,0.0228,0.0516,456774636701154.562500
-0.48473,0.022000000000000002,0.055600000000000004,456774636701154.562500
-0.48472,0.0188,0.054,456774636701154.562500
-0.48471,0.018000000000000002,0.0548,456774636701154.562500
-0.4847,0.0228,0.0548,456774636701154.562500
-0.48469,0.0212,0.056400000000000006,456774636701154.562500
-0.48468,0.022000000000000002,0.0524,456774636701154.562500
-0.48467,0.0228,0.054,456774636701154.562500
-0.48466,0.0228,0.0524,456774636701154.562500
-0.48465,0.0236,0.05,456774636701154.562500
-0.48464,0.0244,0.0516,456774636701154.562500
-0.48463,0.0252,0.056400000000000006,456774636701154.562500
-0.48462,0.026000000000000002,0.0492,456774636701154.562500
-0.48461,0.0252,0.0468,456774636701154.562500
-0.4846,0.026000000000000002,0.0492,456774636701154.562500
-0.48459,0.0244,0.0572,456774636701154.562500
-0.48458,0.0204,0.0524,456774636701154.562500
-0.48457,0.0236,0.058,456774636701154.562500
-0.48456,0.0244,0.0572,456774636701154.562500
-0.48455,0.0244,0.058,456774636701154.562500
-0.48453999999999997,0.0236,0.055600000000000004,456774636701154.562500
-0.48453,0.0236,0.0548,456774636701154.562500
-0.48452,0.0212,0.056400000000000006,456774636701154.562500
-0.48451,0.0244,0.056400000000000006,456774636701154.562500
-0.4845,0.0228,0.0572,456774636701154.562500
-0.48449,0.0228,0.0572,456774636701154.562500
-0.48448,0.0228,0.0572,456774636701154.562500
-0.48447,0.022000000000000002,0.056400000000000006,456774636701154.562500
-0.48446,0.022000000000000002,0.053200000000000004,456774636701154.562500
-0.48445,0.022000000000000002,0.055600000000000004,456774636701154.562500
-0.48444,0.022000000000000002,0.0572,456774636701154.562500
-0.48443,0.0228,0.054,456774636701154.562500
-0.48442,0.0228,0.050800000000000005,456774636701154.562500
-0.48441,0.0212,0.055600000000000004,456774636701154.562500
-0.4844,0.022000000000000002,0.0524,456774636701154.562500
-0.48439,0.0204,0.055600000000000004,456774636701154.562500
-0.48438,0.0228,0.056400000000000006,456774636701154.562500
-0.48437,0.0228,0.053200000000000004,456774636701154.562500
-0.48436,0.0236,0.058,456774636701154.562500
-0.48435,0.0236,0.0572,456774636701154.562500
-0.48434,0.0212,0.056400000000000006,456774636701154.562500
-0.48433,0.0228,0.054,456774636701154.562500
-0.48432,0.0236,0.054,456774636701154.562500
-0.48431,0.0252,0.056400000000000006,456774636701154.562500
-0.4843,0.022000000000000002,0.056400000000000006,456774636701154.562500
-0.48429,0.0252,0.054,456774636701154.562500
-0.48428,0.0244,0.055600000000000004,456774636701154.562500
-0.48427,0.0236,0.0444,456774636701154.562500
-0.48426,0.0252,0.0516,456774636701154.562500
-0.48425,0.0252,0.05,456774636701154.562500
-0.48424,0.0244,0.0548,456774636701154.562500
-0.48423,0.0236,0.0572,456774636701154.562500
-0.48422,0.0228,0.055600000000000004,456774636701154.562500
-0.48421,0.0236,0.0524,456774636701154.562500
-0.4842,0.0236,0.0572,456774636701154.562500
-0.48419,0.0228,0.054,456774636701154.562500
-0.48418,0.0228,0.056400000000000006,456774636701154.562500
-0.48417,0.0228,0.055600000000000004,456774636701154.562500
-0.48416,0.0228,0.050800000000000005,456774636701154.562500
-0.48414999999999997,0.0212,0.055600000000000004,456774636701154.562500
-0.48414,0.0212,0.053200000000000004,456774636701154.562500
-0.48413,0.0228,0.0524,456774636701154.562500
-0.48412,0.0212,0.0516,456774636701154.562500
-0.48411,0.0196,0.0548,456774636701154.562500
-0.4841,0.022000000000000002,0.0596,456774636701154.562500
-0.48409,0.022000000000000002,0.055600000000000004,456774636701154.562500
-0.48408,0.022000000000000002,0.055600000000000004,456774636701154.562500
-0.48407,0.0236,0.056400000000000006,456774636701154.562500
-0.48406,0.0236,0.055600000000000004,456774636701154.562500
-0.48405,0.022000000000000002,0.056400000000000006,456774636701154.562500
-0.48404,0.0228,0.0516,456774636701154.562500
-0.48403,0.0252,0.0516,456774636701154.562500
-0.48402,0.0244,0.053200000000000004,456774636701154.562500
-0.48401,0.0228,0.056400000000000006,456774636701154.562500
-0.484,0.0252,0.058,456774636701154.562500
-0.48399,0.0244,0.054,456774636701154.562500
-0.48398,0.022000000000000002,0.056400000000000006,456774636701154.562500
-0.48397,0.0236,0.054,456774636701154.562500
-0.48396,0.0204,0.054,456774636701154.562500
-0.48395,0.0228,0.055600000000000004,456774636701154.562500
-0.48394,0.022000000000000002,0.0572,456774636701154.562500
-0.48392999999999997,0.0244,0.0548,456774636701154.562500
-0.48392,0.0228,0.058,456774636701154.562500
-0.48391,0.022000000000000002,0.0548,456774636701154.562500
-0.4839,0.0236,0.0524,456774636701154.562500
-0.48389,0.022000000000000002,0.056400000000000006,456774636701154.562500
-0.48388,0.0236,0.058800000000000005,456774636701154.562500
-0.48387,0.0204,0.0548,456774636701154.562500
-0.48386,0.0228,0.054,456774636701154.562500
-0.48385,0.0212,0.0516,456774636701154.562500
-0.48384,0.0204,0.054,456774636701154.562500
-0.48383,0.0196,0.053200000000000004,456774636701154.562500
-0.48382000000000003,0.0228,0.054,456774636701154.562500
-0.48381,0.022000000000000002,0.0548,456774636701154.562500
-0.4838,0.0228,0.054,456774636701154.562500
-0.48379,0.022000000000000002,0.0516,456774636701154.562500
-0.48378,0.022000000000000002,0.0548,456774636701154.562500
-0.48377,0.0228,0.0572,456774636701154.562500
-0.48376,0.0228,0.055600000000000004,456774636701154.562500
-0.48375,0.0212,0.0548,456774636701154.562500
-0.48374,0.0236,0.0572,456774636701154.562500
-0.48373,0.0244,0.058,456774636701154.562500
-0.48372,0.0236,0.0524,456774636701154.562500
-0.48371,0.0236,0.056400000000000006,456774636701154.562500
-0.4837,0.0228,0.055600000000000004,456774636701154.562500
-0.48369,0.0228,0.055600000000000004,456774636701154.562500
-0.48368,0.0244,0.056400000000000006,456774636701154.562500
-0.48367,0.018000000000000002,0.05,456774636701154.562500
-0.48366,0.022000000000000002,0.056400000000000006,456774636701154.562500
-0.48365,0.022000000000000002,0.0572,456774636701154.562500
-0.48364,0.0236,0.056400000000000006,456774636701154.562500
-0.48363,0.0244,0.053200000000000004,456774636701154.562500
-0.48362,0.0228,0.053200000000000004,456774636701154.562500
-0.48361,0.0244,0.055600000000000004,456774636701154.562500
-0.4836,0.0236,0.056400000000000006,456774636701154.562500
-0.48359,0.022000000000000002,0.055600000000000004,456774636701154.562500
-0.48358,0.0228,0.0548,456774636701154.562500
-0.48357,0.0244,0.0572,456774636701154.562500
-0.48356,0.0204,0.0572,456774636701154.562500
-0.48355,0.022000000000000002,0.0572,456774636701154.562500
-0.48353999999999997,0.022000000000000002,0.056400000000000006,456774636701154.562500
-0.48353,0.0236,0.0572,456774636701154.562500
-0.48352,0.0212,0.056400000000000006,456774636701154.562500
-0.48351,0.022000000000000002,0.05,456774636701154.562500
-0.4835,0.022000000000000002,0.054,456774636701154.562500
-0.48349,0.0236,0.0572,456774636701154.562500
-0.48348,0.0228,0.055600000000000004,456774636701154.562500
-0.48347,0.0236,0.0548,456774636701154.562500
-0.48346,0.0228,0.0572,456774636701154.562500
-0.48345,0.0228,0.058,456774636701154.562500
-0.48344,0.0228,0.055600000000000004,456774636701154.562500
-0.48343,0.0244,0.056400000000000006,456774636701154.562500
-0.48342,0.0236,0.055600000000000004,456774636701154.562500
-0.48341,0.0236,0.056400000000000006,456774636701154.562500
-0.4834,0.0228,0.055600000000000004,456774636701154.562500
-0.48339,0.022000000000000002,0.0572,456774636701154.562500
-0.48338,0.0228,0.054,456774636701154.562500
-0.48337,0.026000000000000002,0.056400000000000006,456774636701154.562500
-0.48336,0.0252,0.056400000000000006,456774636701154.562500
-0.48335,0.0204,0.055600000000000004,456774636701154.562500
-0.48334,0.0172,0.0572,456774636701154.562500
-0.48333,0.026000000000000002,0.0548,456774636701154.562500
-0.48331999999999997,0.0204,0.055600000000000004,456774636701154.562500
-0.48331,0.0236,0.056400000000000006,456774636701154.562500
-0.4833,0.0236,0.056400000000000006,456774636701154.562500
-0.48329,0.0236,0.054,456774636701154.562500
-0.48328,0.0228,0.053200000000000004,456774636701154.562500
-0.48327,0.0228,0.056400000000000006,456774636701154.562500
-0.48326,0.022000000000000002,0.056400000000000006,456774636701154.562500
-0.48325,0.022000000000000002,0.058,456774636701154.562500
-0.48324,0.022000000000000002,0.055600000000000004,456774636701154.562500
-0.48323,0.0196,0.0572,456774636701154.562500
-0.48322,0.022000000000000002,0.056400000000000006,456774636701154.562500
-0.48321,0.0228,0.05,456774636701154.562500
-0.4832,0.0236,0.056400000000000006,456774636701154.562500
-0.48319,0.0236,0.0548,456774636701154.562500
-0.48318,0.0204,0.056400000000000006,456774636701154.562500
-0.48317,0.022000000000000002,0.0548,456774636701154.562500
-0.48316,0.022000000000000002,0.0572,456774636701154.562500
-0.48315,0.0212,0.055600000000000004,456774636701154.562500
-0.48314,0.0236,0.055600000000000004,456774636701154.562500
-0.48313,0.022000000000000002,0.0572,456774636701154.562500
-0.48312,0.0228,0.0524,456774636701154.562500
-0.48311,0.0204,0.050800000000000005,456774636701154.562500
-0.4831,0.0236,0.055600000000000004,456774636701154.562500
-0.48309,0.0244,0.0572,456774636701154.562500
-0.48308,0.0236,0.056400000000000006,456774636701154.562500
-0.48307,0.0228,0.055600000000000004,456774636701154.562500
-0.48306,0.0252,0.0572,456774636701154.562500
-0.48305,0.026000000000000002,0.055600000000000004,456774636701154.562500
-0.48304,0.0236,0.056400000000000006,456774636701154.562500
-0.48303,0.0236,0.0572,456774636701154.562500
-0.48302,0.0252,0.055600000000000004,456774636701154.562500
-0.48301,0.0236,0.0572,456774636701154.562500
-0.483,0.022000000000000002,0.054,456774636701154.562500
-0.48299,0.0236,0.055600000000000004,456774636701154.562500
-0.48298,0.0236,0.0572,456774636701154.562500
-0.48297,0.022000000000000002,0.055600000000000004,456774636701154.562500
-0.48296,0.0228,0.055600000000000004,456774636701154.562500
-0.48295,0.022000000000000002,0.0572,456774636701154.562500
-0.48294,0.022000000000000002,0.055600000000000004,456774636701154.562500
-0.48292999999999997,0.022000000000000002,0.0572,456774636701154.562500
-0.48292,0.0212,0.056400000000000006,456774636701154.562500
-0.48291,0.0212,0.056400000000000006,456774636701154.562500
-0.4829,0.0228,0.056400000000000006,456774636701154.562500
-0.48289,0.022000000000000002,0.056400000000000006,456774636701154.562500
-0.48288,0.022000000000000002,0.055600000000000004,456774636701154.562500
-0.48287,0.022000000000000002,0.056400000000000006,456774636701154.562500
-0.48286,0.0188,0.0572,456774636701154.562500
-0.48285,0.0236,0.0572,456774636701154.562500
-0.48284,0.0228,0.055600000000000004,456774636701154.562500
-0.48283,0.0236,0.0548,456774636701154.562500
-0.48282,0.0228,0.050800000000000005,456774636701154.562500
-0.48281,0.022000000000000002,0.0492,456774636701154.562500
-0.4828,0.0236,0.0468,456774636701154.562500
-0.48279,0.022000000000000002,0.045200000000000004,456774636701154.562500
-0.48278,0.0196,0.0492,456774636701154.562500
-0.48277,0.0228,0.055600000000000004,456774636701154.562500
-0.48276,0.0244,0.054,456774636701154.562500
-0.48275,0.0244,0.0548,456774636701154.562500
-0.48274,0.0252,0.050800000000000005,456774636701154.562500
-0.48273,0.0236,0.0548,456774636701154.562500
-0.48272,0.0244,0.0548,456774636701154.562500
-0.48271,0.0244,0.0524,456774636701154.562500
-0.4827,0.0228,0.0548,456774636701154.562500
-0.48269,0.0236,0.050800000000000005,456774636701154.562500
-0.48268,0.0228,0.0548,456774636701154.562500
-0.48267,0.0228,0.058,456774636701154.562500
-0.48266,0.022000000000000002,0.056400000000000006,456774636701154.562500
-0.48265,0.0244,0.0572,456774636701154.562500
-0.48264,0.0228,0.055600000000000004,456774636701154.562500
-0.48263,0.0228,0.0572,456774636701154.562500
-0.48262,0.022000000000000002,0.054,456774636701154.562500
-0.48261,0.0212,0.0436,456774636701154.562500
-0.4826,0.0228,0.053200000000000004,456774636701154.562500
-0.48259,0.0212,0.0524,456774636701154.562500
-0.48258,0.022000000000000002,0.0572,456774636701154.562500
-0.48257,0.0204,0.0548,456774636701154.562500
-0.48256,0.0236,0.056400000000000006,456774636701154.562500
-0.48255,0.0236,0.054,456774636701154.562500
-0.48254,0.0228,0.056400000000000006,456774636701154.562500
-0.48253,0.0236,0.056400000000000006,456774636701154.562500
-0.48252,0.022000000000000002,0.056400000000000006,456774636701154.562500
-0.48251,0.0228,0.055600000000000004,456774636701154.562500
-0.4825,0.0228,0.0572,456774636701154.562500
-0.48249,0.0236,0.0572,456774636701154.562500
-0.48248,0.0244,0.0572,456774636701154.562500
-0.48247,0.0252,0.0572,456774636701154.562500
-0.48246,0.0244,0.055600000000000004,456774636701154.562500
-0.48245,0.0244,0.0572,456774636701154.562500
-0.48244,0.0196,0.0572,456774636701154.562500
-0.48243,0.0236,0.0572,456774636701154.562500
-0.48242,0.022000000000000002,0.0524,456774636701154.562500
-0.48241,0.0244,0.0492,456774636701154.562500
-0.4824,0.0204,0.054,456774636701154.562500
-0.48239,0.0228,0.056400000000000006,456774636701154.562500
-0.48238,0.0196,0.0572,456774636701154.562500
-0.48237,0.0236,0.054,456774636701154.562500
-0.48236,0.022000000000000002,0.0516,456774636701154.562500
-0.48235,0.0228,0.056400000000000006,456774636701154.562500
-0.48234,0.0212,0.055600000000000004,456774636701154.562500
-0.48233,0.0228,0.056400000000000006,456774636701154.562500
-0.48231999999999997,0.0228,0.0516,456774636701154.562500
-0.48231,0.022000000000000002,0.0572,456774636701154.562500
-0.4823,0.022000000000000002,0.056400000000000006,456774636701154.562500
-0.48229,0.022000000000000002,0.0548,456774636701154.562500
-0.48228,0.022000000000000002,0.056400000000000006,456774636701154.562500
-0.48227,0.0236,0.0548,456774636701154.562500
-0.48226,0.0204,0.058,456774636701154.562500
-0.48225,0.0212,0.0572,456774636701154.562500
-0.48224,0.0236,0.058,456774636701154.562500
-0.48223,0.022000000000000002,0.0572,456774636701154.562500
-0.48222,0.0204,0.058,456774636701154.562500
-0.48221,0.0228,0.055600000000000004,456774636701154.562500
-0.4822,0.0188,0.0572,456774636701154.562500
-0.48219,0.0252,0.058,456774636701154.562500
-0.48218,0.0236,0.0548,456774636701154.562500
-0.48217,0.026000000000000002,0.0572,456774636701154.562500
-0.48216,0.0236,0.056400000000000006,456774636701154.562500
-0.48215,0.0244,0.0548,456774636701154.562500
-0.48214,0.0268,0.058,456774636701154.562500
-0.48213,0.0244,0.055600000000000004,456774636701154.562500
-0.48212,0.0252,0.058,456774636701154.562500
-0.48211,0.0212,0.0572,456774636701154.562500
-0.4821,0.0228,0.056400000000000006,456774636701154.562500
-0.48209,0.0252,0.0548,456774636701154.562500
-0.48208,0.0236,0.0548,456774636701154.562500
-0.48207,0.0228,0.058,456774636701154.562500
-0.48206,0.0204,0.055600000000000004,456774636701154.562500
-0.48205,0.0236,0.055600000000000004,456774636701154.562500
-0.48204,0.022000000000000002,0.0548,456774636701154.562500
-0.48203,0.0236,0.0516,456774636701154.562500
-0.48202,0.0228,0.056400000000000006,456774636701154.562500
-0.48201,0.022000000000000002,0.0492,456774636701154.562500
-0.482,0.0212,0.056400000000000006,456774636701154.562500
-0.48199,0.018000000000000002,0.042,456774636701154.562500
-0.48198,0.0212,0.058,456774636701154.562500
-0.48197,0.0204,0.055600000000000004,456774636701154.562500
-0.48196,0.0212,0.0516,456774636701154.562500
-0.48195,0.022000000000000002,0.0516,456774636701154.562500
-0.48194,0.0228,0.0572,456774636701154.562500
-0.48192999999999997,0.0228,0.0572,456774636701154.562500
-0.48192,0.0228,0.054,456774636701154.562500
-0.48191,0.0236,0.05,456774636701154.562500
-0.4819,0.0244,0.054,456774636701154.562500
-0.48189,0.0244,0.054,456774636701154.562500
-0.48188,0.0244,0.0548,456774636701154.562500
-0.48187,0.0236,0.054,456774636701154.562500
-0.48186,0.0252,0.0548,456774636701154.562500
-0.48185,0.0252,0.056400000000000006,456774636701154.562500
-0.48184,0.0244,0.055600000000000004,456774636701154.562500
-0.48183,0.0212,0.058,456774636701154.562500
-0.48182,0.0244,0.055600000000000004,456774636701154.562500
-0.48181,0.0196,0.0524,456774636701154.562500
-0.4818,0.0236,0.058,456774636701154.562500
-0.48179,0.0244,0.0548,456774636701154.562500
-0.48178,0.0228,0.0572,456774636701154.562500
-0.48177,0.0244,0.0524,456774636701154.562500
-0.48176,0.0212,0.056400000000000006,456774636701154.562500
-0.48175,0.022000000000000002,0.0516,456774636701154.562500
-0.48174,0.022000000000000002,0.056400000000000006,456774636701154.562500
-0.48173,0.022000000000000002,0.056400000000000006,456774636701154.562500
-0.48172,0.022000000000000002,0.055600000000000004,456774636701154.562500
-0.48170999999999997,0.0212,0.056400000000000006,456774636701154.562500
-0.4817,0.0228,0.058,456774636701154.562500
-0.48169,0.0172,0.0572,456774636701154.562500
-0.48168,0.0212,0.058,456774636701154.562500
-0.48167,0.0196,0.0572,456774636701154.562500
-0.48166,0.0228,0.054,456774636701154.562500
-0.48165,0.0196,0.055600000000000004,456774636701154.562500
-0.48164,0.022000000000000002,0.056400000000000006,456774636701154.562500
-0.48163,0.0228,0.055600000000000004,456774636701154.562500
-0.48162,0.0236,0.056400000000000006,456774636701154.562500
-0.48161,0.0228,0.045200000000000004,456774636701154.562500
-0.4816,0.0236,0.0548,456774636701154.562500
-0.48159,0.0236,0.054,456774636701154.562500
-0.48158,0.0228,0.058,456774636701154.562500
-0.48157,0.0244,0.056400000000000006,456774636701154.562500
-0.48156,0.0244,0.054,456774636701154.562500
-0.48155,0.0252,0.053200000000000004,456774636701154.562500
-0.48154,0.0228,0.058,456774636701154.562500
-0.48153,0.0244,0.053200000000000004,456774636701154.562500
-0.48152,0.0252,0.054,456774636701154.562500
-0.48151,0.0236,0.0572,456774636701154.562500
-0.4815,0.0228,0.0548,456774636701154.562500
-0.48149,0.018000000000000002,0.053200000000000004,456774636701154.562500
-0.48148,0.0236,0.054,456774636701154.562500
-0.48147,0.022000000000000002,0.056400000000000006,456774636701154.562500
-0.48146,0.0204,0.056400000000000006,456774636701154.562500
-0.48145,0.0212,0.055600000000000004,456774636701154.562500
-0.48144,0.0228,0.050800000000000005,456774636701154.562500
-0.48143,0.0188,0.0548,456774636701154.562500
-0.48142,0.0228,0.0548,456774636701154.562500
-0.48141,0.0188,0.0572,456774636701154.562500
-0.4814,0.0236,0.0516,456774636701154.562500
-0.48139,0.0228,0.055600000000000004,456774636701154.562500
-0.48138,0.022000000000000002,0.056400000000000006,456774636701154.562500
-0.48137,0.022000000000000002,0.058,456774636701154.562500
-0.48136,0.022000000000000002,0.056400000000000006,456774636701154.562500
-0.48135,0.0212,0.056400000000000006,456774636701154.562500
-0.48134,0.0212,0.0516,456774636701154.562500
-0.48133,0.0188,0.055600000000000004,456774636701154.562500
-0.48131999999999997,0.0212,0.0548,456774636701154.562500
-0.48131,0.0204,0.058,456774636701154.562500
-0.4813,0.0228,0.058800000000000005,456774636701154.562500
-0.48129,0.022000000000000002,0.056400000000000006,456774636701154.562500
-0.48128,0.0236,0.055600000000000004,456774636701154.562500
-0.48127,0.0236,0.056400000000000006,456774636701154.562500
-0.48126,0.0236,0.0524,456774636701154.562500
-0.48125,0.022000000000000002,0.054,456774636701154.562500
-0.48124,0.0252,0.058,456774636701154.562500
-0.48123,0.0252,0.0548,456774636701154.562500
-0.48122,0.0228,0.056400000000000006,456774636701154.562500
-0.48121,0.0228,0.050800000000000005,456774636701154.562500
-0.4812,0.022000000000000002,0.0548,456774636701154.562500
-0.48119,0.0244,0.056400000000000006,456774636701154.562500
-0.48118,0.022000000000000002,0.0524,456774636701154.562500
-0.48117,0.0228,0.054,456774636701154.562500
-0.48116,0.022000000000000002,0.056400000000000006,456774636701154.562500
-0.48115,0.0236,0.0548,456774636701154.562500
-0.48114,0.0228,0.053200000000000004,456774636701154.562500
-0.48113,0.022000000000000002,0.054,456774636701154.562500
-0.48112,0.0228,0.058,456774636701154.562500
-0.48111,0.0204,0.056400000000000006,456774636701154.562500
-0.48109999999999997,0.0212,0.0548,456774636701154.562500
-0.48109,0.022000000000000002,0.0516,456774636701154.562500
-0.48108,0.022000000000000002,0.058800000000000005,456774636701154.562500
-0.48107,0.0228,0.056400000000000006,456774636701154.562500
-0.48106,0.022000000000000002,0.055600000000000004,456774636701154.562500
-0.48105,0.022000000000000002,0.056400000000000006,456774636701154.562500
-0.48104,0.022000000000000002,0.058,456774636701154.562500
-0.48103,0.022000000000000002,0.058,456774636701154.562500
-0.48102,0.0228,0.058,456774636701154.562500
-0.48101,0.0252,0.0572,456774636701154.562500
-0.481,0.0212,0.058,456774636701154.562500
-0.48099,0.0228,0.056400000000000006,456774636701154.562500
-0.48098,0.0244,0.056400000000000006,456774636701154.562500
-0.48097,0.0244,0.055600000000000004,456774636701154.562500
-0.48096,0.0236,0.053200000000000004,456774636701154.562500
-0.48095,0.0252,0.055600000000000004,456774636701154.562500
-0.48094,0.0252,0.054,456774636701154.562500
-0.48093,0.0236,0.0548,456774636701154.562500
-0.48092,0.0244,0.058,456774636701154.562500
-0.48091,0.0236,0.058800000000000005,456774636701154.562500
-0.4809,0.0244,0.056400000000000006,456774636701154.562500
-0.48089,0.0244,0.058800000000000005,456774636701154.562500
-0.48088,0.0228,0.056400000000000006,456774636701154.562500
-0.48087,0.0228,0.0572,456774636701154.562500
-0.48086,0.0236,0.056400000000000006,456774636701154.562500
-0.48085,0.022000000000000002,0.055600000000000004,456774636701154.562500
-0.48084,0.0212,0.0572,456774636701154.562500
-0.48083,0.0236,0.058800000000000005,456774636701154.562500
-0.48082,0.0236,0.0572,456774636701154.562500
-0.48081,0.0212,0.0572,456774636701154.562500
-0.4808,0.022000000000000002,0.053200000000000004,456774636701154.562500
-0.48079,0.022000000000000002,0.055600000000000004,456774636701154.562500
-0.48078,0.0212,0.056400000000000006,456774636701154.562500
-0.48077,0.0244,0.056400000000000006,456774636701154.562500
-0.48076,0.0228,0.056400000000000006,456774636701154.562500
-0.48075,0.0212,0.0572,456774636701154.562500
-0.48074,0.0244,0.054,456774636701154.562500
-0.48073,0.022000000000000002,0.0524,456774636701154.562500
-0.48072,0.0204,0.0524,456774636701154.562500
-0.48070999999999997,0.0228,0.0548,456774636701154.562500
-0.4807,0.0236,0.0524,456774636701154.562500
-0.48069,0.018000000000000002,0.0572,456774636701154.562500
-0.48068,0.0228,0.0572,456774636701154.562500
-0.48067,0.0236,0.0572,456774636701154.562500
-0.48066,0.0244,0.055600000000000004,456774636701154.562500
-0.48065,0.0244,0.056400000000000006,456774636701154.562500
-0.48064,0.026000000000000002,0.0572,456774636701154.562500
-0.48063,0.0236,0.0572,456774636701154.562500
-0.48062,0.0244,0.050800000000000005,456774636701154.562500
-0.48061,0.0244,0.0548,456774636701154.562500
-0.4806,0.0244,0.045200000000000004,456774636701154.562500
-0.48059,0.0228,0.056400000000000006,456774636701154.562500
-0.48058,0.0244,0.056400000000000006,456774636701154.562500
-0.48057,0.0244,0.056400000000000006,456774636701154.562500
-0.48056,0.0228,0.0572,456774636701154.562500
-0.48055,0.022000000000000002,0.056400000000000006,456774636701154.562500
-0.48054,0.0228,0.056400000000000006,456774636701154.562500
-0.48053,0.0236,0.054,456774636701154.562500
-0.48052,0.0228,0.056400000000000006,456774636701154.562500
-0.48051,0.022000000000000002,0.056400000000000006,456774636701154.562500
-0.4805,0.0212,0.058,456774636701154.562500
-0.48049,0.0204,0.0548,456774636701154.562500
-0.48048,0.0228,0.058,456774636701154.562500
-0.48047,0.0212,0.0572,456774636701154.562500
-0.48046,0.0228,0.0572,456774636701154.562500
-0.48045,0.0212,0.058,456774636701154.562500
-0.48044,0.0212,0.053200000000000004,456774636701154.562500
-0.48043,0.022000000000000002,0.0548,456774636701154.562500
-0.48042,0.022000000000000002,0.0444,456774636701154.562500
-0.48041,0.0212,0.050800000000000005,456774636701154.562500
-0.4804,0.022000000000000002,0.0572,456774636701154.562500
-0.48039,0.0228,0.050800000000000005,456774636701154.562500
-0.48038,0.0196,0.042800000000000005,456774636701154.562500
-0.48037,0.0228,0.053200000000000004,456774636701154.562500
-0.48036,0.0236,0.054,456774636701154.562500
-0.48035,0.0244,0.058800000000000005,456774636701154.562500
-0.48034,0.022000000000000002,0.058,456774636701154.562500
-0.48033,0.0228,0.0492,456774636701154.562500
-0.48031999999999997,0.0244,0.058,456774636701154.562500
-0.48031,0.022000000000000002,0.054,456774636701154.562500
-0.4803,0.0252,0.056400000000000006,456774636701154.562500
-0.48029,0.0244,0.0548,456774636701154.562500
-0.48028,0.0244,0.0548,456774636701154.562500
-0.48027,0.022000000000000002,0.055600000000000004,456774636701154.562500
-0.48026,0.0228,0.058,456774636701154.562500
-0.48025,0.0244,0.055600000000000004,456774636701154.562500
-0.48024,0.0228,0.055600000000000004,456774636701154.562500
-0.48023,0.0196,0.054,456774636701154.562500
-0.48022,0.0244,0.058,456774636701154.562500
-0.48021,0.022000000000000002,0.0548,456774636701154.562500
-0.4802,0.0228,0.055600000000000004,456774636701154.562500
-0.48019,0.0228,0.056400000000000006,456774636701154.562500
-0.48018,0.022000000000000002,0.058,456774636701154.562500
-0.48017,0.0212,0.0548,456774636701154.562500
-0.48016,0.0228,0.056400000000000006,456774636701154.562500
-0.48015,0.0212,0.054,456774636701154.562500
-0.48014,0.022000000000000002,0.0572,456774636701154.562500
-0.48013,0.0196,0.0524,456774636701154.562500
-0.48012,0.0212,0.055600000000000004,456774636701154.562500
-0.48011,0.018000000000000002,0.056400000000000006,456774636701154.562500
-0.48009999999999997,0.0228,0.0572,456774636701154.562500
-0.48009,0.0204,0.055600000000000004,456774636701154.562500
-0.48008,0.0228,0.0548,456774636701154.562500
-0.48007,0.0244,0.055600000000000004,456774636701154.562500
-0.48006,0.0252,0.056400000000000006,456774636701154.562500
-0.48005,0.0244,0.055600000000000004,456774636701154.562500
-0.48004,0.0252,0.054,456774636701154.562500
-0.48003,0.0228,0.056400000000000006,456774636701154.562500
-0.48002,0.0204,0.05,456774636701154.562500
-0.48001,0.0244,0.058,456774636701154.562500
-0.48,0.0228,0.0572,456774636701154.562500
-0.47999,0.0236,0.050800000000000005,456774636701154.562500
-0.47998,0.0252,0.056400000000000006,456774636701154.562500
-0.47997,0.0244,0.055600000000000004,456774636701154.562500
-0.47996,0.0252,0.056400000000000006,456774636701154.562500
-0.47995,0.0228,0.0516,456774636701154.562500
-0.47994,0.0204,0.053200000000000004,456774636701154.562500
-0.47993,0.0236,0.0548,456774636701154.562500
-0.47992,0.0236,0.055600000000000004,456774636701154.562500
-0.47991,0.0212,0.0572,456774636701154.562500
-0.4799,0.022000000000000002,0.056400000000000006,456774636701154.562500
-0.47989,0.0212,0.055600000000000004,456774636701154.562500
-0.47988,0.015600000000000001,0.0572,456774636701154.562500
-0.47987,0.0228,0.045200000000000004,456774636701154.562500
-0.47986,0.0212,0.0548,456774636701154.562500
-0.47985,0.0212,0.053200000000000004,456774636701154.562500
-0.47984,0.0236,0.058,456774636701154.562500
-0.47983,0.018000000000000002,0.055600000000000004,456774636701154.562500
-0.47982,0.0236,0.055600000000000004,456774636701154.562500
-0.47981,0.0228,0.056400000000000006,456774636701154.562500
-0.4798,0.0204,0.058,456774636701154.562500
-0.47979,0.0236,0.048400000000000006,456774636701154.562500
-0.47978,0.0212,0.055600000000000004,456774636701154.562500
-0.47977,0.0236,0.0548,456774636701154.562500
-0.47976,0.0196,0.0548,456774636701154.562500
-0.47975,0.0228,0.055600000000000004,456774636701154.562500
-0.47974,0.0244,0.0548,456774636701154.562500
-0.47973,0.0244,0.0572,456774636701154.562500
-0.47972,0.0212,0.05,456774636701154.562500
-0.47970999999999997,0.0236,0.056400000000000006,456774636701154.562500
-0.4797,0.0228,0.042,456774636701154.562500
-0.47969,0.0244,0.054,456774636701154.562500
-0.47968,0.0236,0.058,456774636701154.562500
-0.47967,0.0244,0.0572,456774636701154.562500
-0.47966,0.0236,0.054,456774636701154.562500
-0.47965,0.0228,0.056400000000000006,456774636701154.562500
-0.47964,0.0228,0.048400000000000006,456774636701154.562500
-0.47963,0.0228,0.056400000000000006,456774636701154.562500
-0.47962,0.0236,0.0572,456774636701154.562500
-0.47961,0.0212,0.0572,456774636701154.562500
-0.4796,0.022000000000000002,0.055600000000000004,456774636701154.562500
-0.47959,0.0212,0.054,456774636701154.562500
-0.47958,0.022000000000000002,0.058,456774636701154.562500
-0.47957,0.022000000000000002,0.056400000000000006,456774636701154.562500
-0.47956,0.0252,0.0548,456774636701154.562500
-0.47955,0.0244,0.056400000000000006,456774636701154.562500
-0.47954,0.022000000000000002,0.0516,456774636701154.562500
-0.47953,0.022000000000000002,0.056400000000000006,456774636701154.562500
-0.47952,0.022000000000000002,0.0572,456774636701154.562500
-0.47951,0.0228,0.0516,456774636701154.562500
-0.4795,0.022000000000000002,0.056400000000000006,456774636701154.562500
-0.47948999999999997,0.022000000000000002,0.0572,456774636701154.562500
-0.47948,0.0236,0.058,456774636701154.562500
-0.47947,0.0228,0.056400000000000006,456774636701154.562500
-0.47946,0.0228,0.055600000000000004,456774636701154.562500
-0.47945,0.0244,0.056400000000000006,456774636701154.562500
-0.47944,0.0252,0.058,456774636701154.562500
-0.47943,0.0228,0.055600000000000004,456774636701154.562500
-0.47942,0.0236,0.0572,456774636701154.562500
-0.47941,0.022000000000000002,0.054,456774636701154.562500
-0.4794,0.022000000000000002,0.0572,456774636701154.562500
-0.47939,0.0236,0.056400000000000006,456774636701154.562500
-0.47938,0.0212,0.050800000000000005,456774636701154.562500
-0.47937,0.022000000000000002,0.055600000000000004,456774636701154.562500
-0.47936,0.0188,0.0444,456774636701154.562500
-0.47935,0.0188,0.0572,456774636701154.562500
-0.47934,0.014,0.05,456774636701154.562500
-0.47933,0.0236,0.053200000000000004,456774636701154.562500
-0.47932,0.0196,0.0476,456774636701154.562500
-0.47931,0.0236,0.054,456774636701154.562500
-0.4793,0.022000000000000002,0.0476,456774636701154.562500
-0.47929,0.022000000000000002,0.0572,456774636701154.562500
-0.47928,0.0212,0.054,456774636701154.562500
-0.47927,0.0172,0.055600000000000004,456774636701154.562500
-0.47926,0.022000000000000002,0.0516,456774636701154.562500
-0.47925,0.0236,0.05,456774636701154.562500
-0.47924,0.0204,0.056400000000000006,456774636701154.562500
-0.47923,0.0212,0.058,456774636701154.562500
-0.47922,0.0236,0.058,456774636701154.562500
-0.47921,0.0212,0.056400000000000006,456774636701154.562500
-0.4792,0.0228,0.0572,456774636701154.562500
-0.47919,0.0236,0.0572,456774636701154.562500
-0.47918,0.0236,0.0572,456774636701154.562500
-0.47917,0.0236,0.055600000000000004,456774636701154.562500
-0.47916,0.0228,0.0548,456774636701154.562500
-0.47915,0.022000000000000002,0.055600000000000004,456774636701154.562500
-0.47914,0.0228,0.0572,456774636701154.562500
-0.47913,0.0236,0.056400000000000006,456774636701154.562500
-0.47912,0.0244,0.056400000000000006,456774636701154.562500
-0.47911,0.0252,0.0548,456774636701154.562500
-0.47909999999999997,0.0244,0.0572,456774636701154.562500
-0.47909,0.0252,0.054,456774636701154.562500
-0.47908,0.0244,0.0572,456774636701154.562500
-0.47907,0.0236,0.056400000000000006,456774636701154.562500
-0.47906,0.022000000000000002,0.058,456774636701154.562500
-0.47905,0.0244,0.0516,456774636701154.562500
-0.47904,0.022000000000000002,0.058,456774636701154.562500
-0.47903,0.0244,0.05,456774636701154.562500
-0.47902,0.0196,0.0548,456774636701154.562500
-0.47901,0.0228,0.0548,456774636701154.562500
-0.479,0.0204,0.0524,456774636701154.562500
-0.47899,0.0228,0.055600000000000004,456774636701154.562500
-0.47898,0.022000000000000002,0.05,456774636701154.562500
-0.47897,0.0228,0.0572,456774636701154.562500
-0.47896,0.0212,0.055600000000000004,456774636701154.562500
-0.47895,0.0228,0.058,456774636701154.562500
-0.47894,0.0244,0.055600000000000004,456774636701154.562500
-0.47893,0.022000000000000002,0.0516,456774636701154.562500
-0.47892,0.022000000000000002,0.056400000000000006,456774636701154.562500
-0.47891,0.022000000000000002,0.0548,456774636701154.562500
-0.4789,0.0212,0.058,456774636701154.562500
-0.47889,0.0212,0.055600000000000004,456774636701154.562500
-0.47888,0.018000000000000002,0.054,456774636701154.562500
-0.47887,0.0244,0.055600000000000004,456774636701154.562500
-0.47886,0.0204,0.0572,456774636701154.562500
-0.47885,0.0228,0.054,456774636701154.562500
-0.47884,0.0244,0.056400000000000006,456774636701154.562500
-0.47883,0.0236,0.0572,456774636701154.562500
-0.47882,0.0228,0.055600000000000004,456774636701154.562500
-0.47881,0.0244,0.0572,456774636701154.562500
-0.4788,0.0236,0.0572,456774636701154.562500
-0.47879,0.0236,0.0548,456774636701154.562500
-0.47878,0.0244,0.056400000000000006,456774636701154.562500
-0.47877,0.018000000000000002,0.0516,456774636701154.562500
-0.47876,0.0236,0.054,456774636701154.562500
-0.47875,0.0212,0.055600000000000004,456774636701154.562500
-0.47874,0.0236,0.0572,456774636701154.562500
-0.47873,0.0244,0.05,456774636701154.562500
-0.47872,0.0228,0.0572,456774636701154.562500
-0.47870999999999997,0.0236,0.05,456774636701154.562500
-0.4787,0.0252,0.058,456774636701154.562500
-0.47869,0.0228,0.056400000000000006,456774636701154.562500
-0.47868,0.0236,0.056400000000000006,456774636701154.562500
-0.47867,0.0228,0.055600000000000004,456774636701154.562500
-0.47866,0.022000000000000002,0.0516,456774636701154.562500
-0.47865,0.0204,0.054,456774636701154.562500
-0.47864,0.0188,0.05,456774636701154.562500
-0.47863,0.018000000000000002,0.0548,456774636701154.562500
-0.47862,0.0172,0.0548,456774636701154.562500
-0.47861,0.0188,0.0548,456774636701154.562500
-0.4786,0.0228,0.055600000000000004,456774636701154.562500
-0.47859,0.0228,0.0572,456774636701154.562500
-0.47858,0.0212,0.058,456774636701154.562500
-0.47857,0.022000000000000002,0.055600000000000004,456774636701154.562500
-0.47856,0.0236,0.058,456774636701154.562500
-0.47855,0.0236,0.055600000000000004,456774636701154.562500
-0.47854,0.0244,0.053200000000000004,456774636701154.562500
-0.47853,0.022000000000000002,0.0572,456774636701154.562500
-0.47852,0.0244,0.048400000000000006,456774636701154.562500
-0.47851,0.0244,0.0572,456774636701154.562500
-0.4785,0.0244,0.055600000000000004,456774636701154.562500
-0.47848999999999997,0.0236,0.056400000000000006,456774636701154.562500
-0.47848,0.0244,0.0572,456774636701154.562500
-0.47847,0.0228,0.054,456774636701154.562500
-0.47846,0.0244,0.054,456774636701154.562500
-0.47845,0.0244,0.0572,456774636701154.562500
-0.47844,0.0228,0.055600000000000004,456774636701154.562500
-0.47843,0.0236,0.054,456774636701154.562500
-0.47842,0.0236,0.0572,456774636701154.562500
-0.47841,0.0228,0.0468,456774636701154.562500
-0.4784,0.022000000000000002,0.056400000000000006,456774636701154.562500
-0.47839,0.0236,0.056400000000000006,456774636701154.562500
-0.47838,0.0228,0.055600000000000004,456774636701154.562500
-0.47837,0.0228,0.0492,456774636701154.562500
-0.47836,0.0228,0.055600000000000004,456774636701154.562500
-0.47835,0.0212,0.0476,456774636701154.562500
-0.47834,0.0228,0.0476,456774636701154.562500
-0.47833,0.0212,0.055600000000000004,456774636701154.562500
-0.47832,0.0204,0.056400000000000006,456774636701154.562500
-0.47831,0.0196,0.0572,456774636701154.562500
-0.4783,0.0204,0.056400000000000006,456774636701154.562500
-0.47829,0.022000000000000002,0.056400000000000006,456774636701154.562500
-0.47828,0.0212,0.056400000000000006,456774636701154.562500
-0.47827,0.0236,0.0572,456774636701154.562500
-0.47826,0.0204,0.056400000000000006,456774636701154.562500
-0.47825,0.0236,0.058,456774636701154.562500
-0.47824,0.0244,0.0572,456774636701154.562500
-0.47823,0.0228,0.058,456774636701154.562500
-0.47822,0.022000000000000002,0.0604,456774636701154.562500
-0.47821,0.0228,0.058,456774636701154.562500
-0.4782,0.022000000000000002,0.054,456774636701154.562500
-0.47819,0.0244,0.056400000000000006,456774636701154.562500
-0.47818,0.0228,0.0572,456774636701154.562500
-0.47817,0.0236,0.055600000000000004,456774636701154.562500
-0.47816,0.0228,0.0572,456774636701154.562500
-0.47815,0.0252,0.05,456774636701154.562500
-0.47814,0.0236,0.055600000000000004,456774636701154.562500
-0.47813,0.0172,0.056400000000000006,456774636701154.562500
-0.47812,0.0244,0.056400000000000006,456774636701154.562500
-0.47811,0.0244,0.053200000000000004,456774636701154.562500
-0.47809999999999997,0.022000000000000002,0.055600000000000004,456774636701154.562500
-0.47809,0.0204,0.056400000000000006,456774636701154.562500
-0.47808,0.0212,0.0572,456774636701154.562500
-0.47807,0.0228,0.0572,456774636701154.562500
-0.47806,0.022000000000000002,0.055600000000000004,456774636701154.562500
-0.47805,0.022000000000000002,0.053200000000000004,456774636701154.562500
-0.47804,0.0228,0.048400000000000006,456774636701154.562500
-0.47803,0.022000000000000002,0.0548,456774636701154.562500
-0.47802,0.022000000000000002,0.058,456774636701154.562500
-0.47801,0.0228,0.0572,456774636701154.562500
-0.478,0.022000000000000002,0.056400000000000006,456774636701154.562500
-0.47799,0.0212,0.0524,456774636701154.562500
-0.47798,0.0212,0.056400000000000006,456774636701154.562500
-0.47797,0.0212,0.0572,456774636701154.562500
-0.47796,0.0204,0.0572,456774636701154.562500
-0.47795,0.0236,0.058,456774636701154.562500
-0.47794,0.0228,0.056400000000000006,456774636701154.562500
-0.47793,0.0228,0.054,456774636701154.562500
-0.47792,0.0236,0.055600000000000004,456774636701154.562500
-0.47791,0.0236,0.053200000000000004,456774636701154.562500
-0.4779,0.0228,0.055600000000000004,456774636701154.562500
-0.47789,0.0252,0.056400000000000006,456774636701154.562500
-0.47787999999999997,0.0228,0.0572,456774636701154.562500
-0.47787,0.0236,0.055600000000000004,456774636701154.562500
-0.47786,0.0236,0.058,456774636701154.562500
-0.47785,0.0228,0.0572,456774636701154.562500
-0.47784,0.0228,0.055600000000000004,456774636701154.562500
-0.47783,0.0236,0.056400000000000006,456774636701154.562500
-0.47782,0.0244,0.055600000000000004,456774636701154.562500
-0.47781,0.0244,0.0524,456774636701154.562500
-0.4778,0.0228,0.055600000000000004,456774636701154.562500
-0.47779,0.0244,0.054,456774636701154.562500
-0.47778,0.0228,0.0492,456774636701154.562500
-0.47777,0.022000000000000002,0.055600000000000004,456774636701154.562500
-0.47776,0.0228,0.058,456774636701154.562500
-0.47775,0.0212,0.054,456774636701154.562500
-0.47774,0.0212,0.056400000000000006,456774636701154.562500
-0.47773,0.022000000000000002,0.055600000000000004,456774636701154.562500
-0.47772,0.022000000000000002,0.055600000000000004,456774636701154.562500
-0.47771,0.0204,0.054,456774636701154.562500
-0.4777,0.0236,0.055600000000000004,456774636701154.562500
-0.47769,0.0236,0.056400000000000006,456774636701154.562500
-0.47768,0.022000000000000002,0.058,456774636701154.562500
-0.47767,0.0236,0.0548,456774636701154.562500
-0.47766,0.0236,0.055600000000000004,456774636701154.562500
-0.47765,0.0236,0.055600000000000004,456774636701154.562500
-0.47764,0.0228,0.056400000000000006,456774636701154.562500
-0.47763,0.0244,0.0572,456774636701154.562500
-0.47762,0.022000000000000002,0.056400000000000006,456774636701154.562500
-0.47761,0.0244,0.0572,456774636701154.562500
-0.4776,0.0252,0.058,456774636701154.562500
-0.47759,0.0236,0.058,456774636701154.562500
-0.47758,0.0252,0.055600000000000004,456774636701154.562500
-0.47757,0.0252,0.0548,456774636701154.562500
-0.47756,0.0244,0.058,456774636701154.562500
-0.47755,0.0244,0.058800000000000005,456774636701154.562500
-0.47754,0.0244,0.0524,456774636701154.562500
-0.47753,0.0244,0.0572,456774636701154.562500
-0.47752,0.0244,0.0524,456774636701154.562500
-0.47751,0.0228,0.056400000000000006,456774636701154.562500
-0.4775,0.0244,0.058,456774636701154.562500
-0.47748999999999997,0.0236,0.0572,456774636701154.562500
-0.47748,0.0228,0.0572,456774636701154.562500
-0.47747,0.022000000000000002,0.054,456774636701154.562500
-0.47746,0.0228,0.0572,456774636701154.562500
-0.47745,0.0228,0.054,456774636701154.562500
-0.47744,0.0228,0.056400000000000006,456774636701154.562500
-0.47743,0.0228,0.058,456774636701154.562500
-0.47742,0.022000000000000002,0.0524,456774636701154.562500
-0.47741,0.0212,0.056400000000000006,456774636701154.562500
-0.4774,0.0212,0.054,456774636701154.562500
-0.47739,0.0236,0.040400000000000005,456774636701154.562500
-0.47738,0.0172,0.0524,456774636701154.562500
-0.47737,0.0212,0.055600000000000004,456774636701154.562500
-0.47736,0.0212,0.058,456774636701154.562500
-0.47735,0.0236,0.0572,456774636701154.562500
-0.47734,0.0236,0.055600000000000004,456774636701154.562500
-0.47733,0.0228,0.056400000000000006,456774636701154.562500
-0.47732,0.0228,0.0548,456774636701154.562500
-0.47731,0.022000000000000002,0.053200000000000004,456774636701154.562500
-0.4773,0.0244,0.0548,456774636701154.562500
-0.47729,0.0244,0.05,456774636701154.562500
-0.47728,0.0244,0.058,456774636701154.562500
-0.47726999999999997,0.0228,0.054,456774636701154.562500
-0.47726,0.0244,0.055600000000000004,456774636701154.562500
-0.47725,0.0244,0.0524,456774636701154.562500
-0.47724,0.0252,0.058,456774636701154.562500
-0.47723,0.026000000000000002,0.056400000000000006,456774636701154.562500
-0.47722,0.0228,0.0524,456774636701154.562500
-0.47721,0.0236,0.056400000000000006,456774636701154.562500
-0.4772,0.0228,0.056400000000000006,456774636701154.562500
-0.47719,0.0236,0.056400000000000006,456774636701154.562500
-0.47718,0.0236,0.0548,456774636701154.562500
-0.47717,0.0236,0.055600000000000004,456774636701154.562500
-0.47716,0.022000000000000002,0.058800000000000005,456774636701154.562500
-0.47715,0.022000000000000002,0.055600000000000004,456774636701154.562500
-0.47714,0.0196,0.055600000000000004,456774636701154.562500
-0.47713,0.022000000000000002,0.0572,456774636701154.562500
-0.47712,0.0236,0.055600000000000004,456774636701154.562500
-0.47711,0.0212,0.055600000000000004,456774636701154.562500
-0.4771,0.0228,0.0572,456774636701154.562500
-0.47709,0.022000000000000002,0.0572,456774636701154.562500
-0.47708,0.0212,0.055600000000000004,456774636701154.562500
-0.47707,0.022000000000000002,0.0572,456774636701154.562500
-0.47706,0.022000000000000002,0.05,456774636701154.562500
-0.47705,0.022000000000000002,0.0572,456774636701154.562500
-0.47704,0.0228,0.05,456774636701154.562500
-0.47703,0.0244,0.056400000000000006,456774636701154.562500
-0.47702,0.0236,0.054,456774636701154.562500
-0.47701,0.0244,0.056400000000000006,456774636701154.562500
-0.477,0.0228,0.0572,456774636701154.562500
-0.47699,0.0228,0.054,456774636701154.562500
-0.47698,0.0244,0.053200000000000004,456774636701154.562500
-0.47697,0.0228,0.056400000000000006,456774636701154.562500
-0.47696,0.0236,0.050800000000000005,456774636701154.562500
-0.47695,0.026000000000000002,0.056400000000000006,456774636701154.562500
-0.47694,0.0236,0.0548,456774636701154.562500
-0.47693,0.0236,0.053200000000000004,456774636701154.562500
-0.47692,0.0212,0.054,456774636701154.562500
-0.47691,0.022000000000000002,0.056400000000000006,456774636701154.562500
-0.4769,0.0236,0.058,456774636701154.562500
-0.47689,0.0228,0.058,456774636701154.562500
-0.47687999999999997,0.0244,0.055600000000000004,456774636701154.562500
-0.47687,0.0236,0.056400000000000006,456774636701154.562500
-0.47686,0.0236,0.056400000000000006,456774636701154.562500
-0.47685,0.0228,0.055600000000000004,456774636701154.562500
-0.47684,0.0228,0.058,456774636701154.562500
-0.47683,0.022000000000000002,0.056400000000000006,456774636701154.562500
-0.47682,0.0204,0.056400000000000006,456774636701154.562500
-0.47681,0.0196,0.058,456774636701154.562500
-0.4768,0.0228,0.0548,456774636701154.562500
-0.47679,0.0228,0.058,456774636701154.562500
-0.47678,0.022000000000000002,0.054,456774636701154.562500
-0.47677,0.0236,0.0572,456774636701154.562500
-0.47676,0.022000000000000002,0.0516,456774636701154.562500
-0.47675,0.022000000000000002,0.055600000000000004,456774636701154.562500
-0.47674,0.0196,0.056400000000000006,456774636701154.562500
-0.47673,0.022000000000000002,0.0572,456774636701154.562500
-0.47672,0.022000000000000002,0.058,456774636701154.562500
-0.47671,0.0236,0.056400000000000006,456774636701154.562500
-0.4767,0.0252,0.0572,456774636701154.562500
-0.47669,0.0244,0.058,456774636701154.562500
-0.47668,0.0236,0.0572,456774636701154.562500
-0.47667,0.0244,0.056400000000000006,456774636701154.562500
-0.47666,0.0252,0.054,456774636701154.562500
-0.47665,0.0252,0.058,456774636701154.562500
-0.47664,0.0236,0.054,456774636701154.562500
-0.47663,0.0244,0.053200000000000004,456774636701154.562500
-0.47662,0.0236,0.056400000000000006,456774636701154.562500
-0.47661,0.0228,0.0524,456774636701154.562500
-0.4766,0.0244,0.055600000000000004,456774636701154.562500
-0.47659,0.0236,0.055600000000000004,456774636701154.562500
-0.47658,0.022000000000000002,0.056400000000000006,456774636701154.562500
-0.47657,0.022000000000000002,0.056400000000000006,456774636701154.562500
-0.47656,0.0228,0.058800000000000005,456774636701154.562500
-0.47655,0.0244,0.0524,456774636701154.562500
-0.47654,0.0236,0.054,456774636701154.562500
-0.47653,0.0236,0.055600000000000004,456774636701154.562500
-0.47652,0.022000000000000002,0.0572,456774636701154.562500
-0.47651,0.0204,0.056400000000000006,456774636701154.562500
-0.4765,0.0212,0.054,456774636701154.562500
-0.47648999999999997,0.0236,0.056400000000000006,456774636701154.562500
-0.47648,0.0228,0.056400000000000006,456774636701154.562500
-0.47647,0.022000000000000002,0.056400000000000006,456774636701154.562500
-0.47646,0.0188,0.0572,456774636701154.562500
-0.47645,0.0212,0.056400000000000006,456774636701154.562500
-0.47644,0.0196,0.056400000000000006,456774636701154.562500
-0.47643,0.0228,0.055600000000000004,456774636701154.562500
-0.47642,0.0228,0.054,456774636701154.562500
-0.47641,0.0236,0.058,456774636701154.562500
-0.4764,0.0244,0.0548,456774636701154.562500
-0.47639,0.0244,0.0548,456774636701154.562500
-0.47638,0.0236,0.054,456774636701154.562500
-0.47637,0.0244,0.058,456774636701154.562500
-0.47636,0.0244,0.056400000000000006,456774636701154.562500
-0.47635,0.0252,0.058,456774636701154.562500
-0.47634,0.026000000000000002,0.058,456774636701154.562500
-0.47633,0.0244,0.0572,456774636701154.562500
-0.47632,0.0244,0.056400000000000006,456774636701154.562500
-0.47631,0.0236,0.0572,456774636701154.562500
-0.4763,0.0236,0.055600000000000004,456774636701154.562500
-0.47629,0.0236,0.055600000000000004,456774636701154.562500
-0.47628,0.0204,0.056400000000000006,456774636701154.562500
-0.47626999999999997,0.0236,0.0572,456774636701154.562500
-0.47626,0.0244,0.055600000000000004,456774636701154.562500
-0.47625,0.0228,0.0572,456774636701154.562500
-0.47624,0.0244,0.0572,456774636701154.562500
-0.47623,0.0196,0.0572,456774636701154.562500
-0.47622,0.022000000000000002,0.0572,456774636701154.562500
-0.47621,0.0204,0.0548,456774636701154.562500
-0.4762,0.0172,0.058,456774636701154.562500
-0.47619,0.022000000000000002,0.055600000000000004,456774636701154.562500
-0.47618,0.0228,0.056400000000000006,456774636701154.562500
-0.47617,0.0228,0.054,456774636701154.562500
-0.47615999999999997,0.0228,0.054,456774636701154.562500
-0.47615,0.0212,0.056400000000000006,456774636701154.562500
-0.47614,0.0228,0.056400000000000006,456774636701154.562500
-0.47613,0.0212,0.0572,456774636701154.562500
-0.47612,0.0244,0.056400000000000006,456774636701154.562500
-0.47611,0.0212,0.0572,456774636701154.562500
-0.4761,0.0244,0.0548,456774636701154.562500
-0.47609,0.0244,0.0548,456774636701154.562500
-0.47608,0.0228,0.056400000000000006,456774636701154.562500
-0.47607,0.0204,0.056400000000000006,456774636701154.562500
-0.47606,0.0188,0.056400000000000006,456774636701154.562500
-0.47605,0.0244,0.058,456774636701154.562500
-0.47604,0.0228,0.0524,456774636701154.562500
-0.47603,0.0244,0.0572,456774636701154.562500
-0.47602,0.0252,0.05,456774636701154.562500
-0.47601,0.0212,0.056400000000000006,456774636701154.562500
-0.476,0.0228,0.050800000000000005,456774636701154.562500
-0.47599,0.0228,0.056400000000000006,456774636701154.562500
-0.47598,0.022000000000000002,0.0572,456774636701154.562500
-0.47597,0.0236,0.0548,456774636701154.562500
-0.47596,0.0188,0.056400000000000006,456774636701154.562500
-0.47595,0.0236,0.054,456774636701154.562500
-0.47594,0.022000000000000002,0.056400000000000006,456774636701154.562500
-0.47593,0.022000000000000002,0.0572,456774636701154.562500
-0.47592,0.0228,0.05,456774636701154.562500
-0.47591,0.022000000000000002,0.0516,456774636701154.562500
-0.4759,0.022000000000000002,0.045200000000000004,456774636701154.562500
-0.47589,0.022000000000000002,0.056400000000000006,456774636701154.562500
-0.47587999999999997,0.022000000000000002,0.055600000000000004,456774636701154.562500
-0.47587,0.022000000000000002,0.0572,456774636701154.562500
-0.47586,0.0204,0.0572,456774636701154.562500
-0.47585,0.0228,0.056400000000000006,456774636701154.562500
-0.47584,0.0228,0.055600000000000004,456774636701154.562500
-0.47583,0.0212,0.054,456774636701154.562500
-0.47582,0.0212,0.0572,456774636701154.562500
-0.47581,0.0236,0.0572,456774636701154.562500
-0.4758,0.022000000000000002,0.055600000000000004,456774636701154.562500
-0.47579,0.0244,0.055600000000000004,456774636701154.562500
-0.47578,0.026000000000000002,0.0572,456774636701154.562500
-0.47577,0.0236,0.053200000000000004,456774636701154.562500
-0.47576,0.0236,0.0572,456774636701154.562500
-0.47575,0.0236,0.058,456774636701154.562500
-0.47574,0.0244,0.0572,456774636701154.562500
-0.47573,0.022000000000000002,0.058,456774636701154.562500
-0.47572,0.0244,0.0572,456774636701154.562500
-0.47571,0.0228,0.055600000000000004,456774636701154.562500
-0.4757,0.0236,0.054,456774636701154.562500
-0.47569,0.0244,0.055600000000000004,456774636701154.562500
-0.47568,0.026000000000000002,0.0572,456774636701154.562500
-0.47567,0.022000000000000002,0.0524,456774636701154.562500
-0.47565999999999997,0.0228,0.0516,456774636701154.562500
-0.47565,0.0228,0.054,456774636701154.562500
-0.47564,0.0228,0.055600000000000004,456774636701154.562500
-0.47563,0.0228,0.0572,456774636701154.562500
-0.47562,0.022000000000000002,0.055600000000000004,456774636701154.562500
-0.47561,0.022000000000000002,0.056400000000000006,456774636701154.562500
-0.4756,0.022000000000000002,0.056400000000000006,456774636701154.562500
-0.47559,0.0212,0.055600000000000004,456774636701154.562500
-0.47558,0.0212,0.0572,456774636701154.562500
-0.47557,0.0196,0.0524,456774636701154.562500
-0.47556,0.0236,0.055600000000000004,456774636701154.562500
-0.47555,0.0212,0.048400000000000006,456774636701154.562500
-0.47554,0.0236,0.056400000000000006,456774636701154.562500
-0.47553,0.0228,0.0548,456774636701154.562500
-0.47552,0.0244,0.058800000000000005,456774636701154.562500
-0.47551,0.0236,0.0524,456774636701154.562500
-0.4755,0.0236,0.054,456774636701154.562500
-0.47549,0.0228,0.056400000000000006,456774636701154.562500
-0.47548,0.0244,0.0548,456774636701154.562500
-0.47547,0.0236,0.058,456774636701154.562500
-0.47546,0.0244,0.056400000000000006,456774636701154.562500
-0.47545,0.0236,0.054,456774636701154.562500
-0.47544,0.0236,0.056400000000000006,456774636701154.562500
-0.47543,0.0252,0.056400000000000006,456774636701154.562500
-0.47542,0.0244,0.054,456774636701154.562500
-0.47541,0.0252,0.0572,456774636701154.562500
-0.4754,0.0236,0.055600000000000004,456774636701154.562500
-0.47539,0.0252,0.0548,456774636701154.562500
-0.47538,0.0236,0.0572,456774636701154.562500
-0.47537,0.0204,0.058,456774636701154.562500
-0.47536,0.022000000000000002,0.055600000000000004,456774636701154.562500
-0.47535,0.0228,0.0572,456774636701154.562500
-0.47534,0.022000000000000002,0.058,456774636701154.562500
-0.47533,0.022000000000000002,0.053200000000000004,456774636701154.562500
-0.47532,0.0204,0.05,456774636701154.562500
-0.47531,0.022000000000000002,0.056400000000000006,456774636701154.562500
-0.4753,0.018000000000000002,0.058,456774636701154.562500
-0.47529,0.022000000000000002,0.056400000000000006,456774636701154.562500
-0.47528,0.0196,0.0572,456774636701154.562500
-0.47526999999999997,0.0204,0.058,456774636701154.562500
-0.47526,0.0236,0.055600000000000004,456774636701154.562500
-0.47525,0.022000000000000002,0.058,456774636701154.562500
-0.47524,0.0236,0.055600000000000004,456774636701154.562500
-0.47523,0.0204,0.058,456774636701154.562500
-0.47522,0.0228,0.058,456774636701154.562500
-0.47521,0.0252,0.0572,456774636701154.562500
-0.4752,0.0244,0.054,456774636701154.562500
-0.47519,0.022000000000000002,0.054,456774636701154.562500
-0.47518,0.0244,0.056400000000000006,456774636701154.562500
-0.47517,0.0236,0.058800000000000005,456774636701154.562500
-0.47516,0.0244,0.058,456774636701154.562500
-0.47515,0.0244,0.056400000000000006,456774636701154.562500
-0.47514,0.026000000000000002,0.058,456774636701154.562500
-0.47513,0.0236,0.0572,456774636701154.562500
-0.47512,0.0252,0.055600000000000004,456774636701154.562500
-0.47511,0.0204,0.055600000000000004,456774636701154.562500
-0.4751,0.0228,0.0524,456774636701154.562500
-0.47509,0.022000000000000002,0.05,456774636701154.562500
-0.47508,0.0228,0.050800000000000005,456774636701154.562500
-0.47507,0.022000000000000002,0.048400000000000006,456774636701154.562500
-0.47506,0.0228,0.0492,456774636701154.562500
-0.47505,0.022000000000000002,0.0516,456774636701154.562500
-0.47504,0.0228,0.054,456774636701154.562500
-0.47503,0.0244,0.0572,456774636701154.562500
-0.47502,0.0244,0.056400000000000006,456774636701154.562500
-0.47501,0.0204,0.056400000000000006,456774636701154.562500
-0.475,0.0228,0.058,456774636701154.562500
-0.47499,0.0204,0.058,456774636701154.562500
-0.47498,0.022000000000000002,0.055600000000000004,456774636701154.562500
-0.47497,0.022000000000000002,0.0572,456774636701154.562500
-0.47496,0.022000000000000002,0.058,456774636701154.562500
-0.47495,0.022000000000000002,0.058,456774636701154.562500
-0.47494,0.022000000000000002,0.0548,456774636701154.562500
-0.47493,0.0228,0.056400000000000006,456774636701154.562500
-0.47492,0.0236,0.0548,456774636701154.562500
-0.47491,0.0236,0.056400000000000006,456774636701154.562500
-0.4749,0.0228,0.0548,456774636701154.562500
-0.47489,0.0228,0.058,456774636701154.562500
-0.47487999999999997,0.0236,0.0476,456774636701154.562500
-0.47487,0.0228,0.0572,456774636701154.562500
-0.47486,0.0252,0.0548,456774636701154.562500
-0.47485,0.026000000000000002,0.0572,456774636701154.562500
-0.47484,0.0244,0.0548,456774636701154.562500
-0.47483,0.0212,0.058,456774636701154.562500
-0.47482,0.0244,0.0524,456774636701154.562500
-0.47481,0.0244,0.0572,456774636701154.562500
-0.4748,0.0228,0.0572,456774636701154.562500
-0.47479,0.0236,0.053200000000000004,456774636701154.562500
-0.47478,0.0252,0.0572,456774636701154.562500
-0.47477,0.0236,0.056400000000000006,456774636701154.562500
-0.47476,0.0228,0.058,456774636701154.562500
-0.47475,0.022000000000000002,0.058800000000000005,456774636701154.562500
-0.47474,0.0212,0.058800000000000005,456774636701154.562500
-0.47473,0.022000000000000002,0.058,456774636701154.562500
-0.47472,0.0204,0.054,456774636701154.562500
-0.47471,0.0236,0.053200000000000004,456774636701154.562500
-0.4747,0.022000000000000002,0.058800000000000005,456774636701154.562500
-0.47469,0.022000000000000002,0.0548,456774636701154.562500
-0.47468,0.022000000000000002,0.0572,456774636701154.562500
-0.47467,0.0228,0.0492,456774636701154.562500
-0.47465999999999997,0.022000000000000002,0.0572,456774636701154.562500
-0.47465,0.0228,0.05,456774636701154.562500
-0.47464,0.0244,0.0524,456774636701154.562500
-0.47463,0.022000000000000002,0.0548,456774636701154.562500
-0.47462,0.0244,0.056400000000000006,456774636701154.562500
-0.47461,0.022000000000000002,0.058,456774636701154.562500
-0.4746,0.0244,0.056400000000000006,456774636701154.562500
-0.47459,0.0236,0.0572,456774636701154.562500
-0.47458,0.0228,0.055600000000000004,456774636701154.562500
-0.47457,0.022000000000000002,0.055600000000000004,456774636701154.562500
-0.47456,0.0196,0.053200000000000004,456774636701154.562500
-0.47455,0.0236,0.056400000000000006,456774636701154.562500
-0.47454,0.0244,0.058,456774636701154.562500
-0.47453,0.0228,0.056400000000000006,456774636701154.562500
-0.47452,0.0244,0.0572,456774636701154.562500
-0.47451,0.0228,0.058,456774636701154.562500
-0.4745,0.0236,0.054,456774636701154.562500
-0.47449,0.0236,0.054,456774636701154.562500
-0.47448,0.022000000000000002,0.0548,456774636701154.562500
-0.47447,0.0228,0.05,456774636701154.562500
-0.47446,0.0228,0.040400000000000005,456774636701154.562500
-0.47445,0.0228,0.055600000000000004,456774636701154.562500
-0.47444,0.022000000000000002,0.0516,456774636701154.562500
-0.47443,0.0244,0.0572,456774636701154.562500
-0.47442,0.0228,0.0572,456774636701154.562500
-0.47441,0.022000000000000002,0.056400000000000006,456774636701154.562500
-0.4744,0.0228,0.055600000000000004,456774636701154.562500
-0.47439,0.022000000000000002,0.055600000000000004,456774636701154.562500
-0.47438,0.0212,0.0548,456774636701154.562500
-0.47437,0.022000000000000002,0.056400000000000006,456774636701154.562500
-0.47436,0.022000000000000002,0.058,456774636701154.562500
-0.47435,0.0228,0.0516,456774636701154.562500
-0.47434,0.0236,0.0572,456774636701154.562500
-0.47433,0.0204,0.0548,456774636701154.562500
-0.47432,0.0228,0.056400000000000006,456774636701154.562500
-0.47431,0.0228,0.055600000000000004,456774636701154.562500
-0.4743,0.0228,0.054,456774636701154.562500
-0.47429,0.0212,0.055600000000000004,456774636701154.562500
-0.47428,0.0236,0.055600000000000004,456774636701154.562500
-0.47426999999999997,0.0244,0.055600000000000004,456774636701154.562500
-0.47426,0.0244,0.0572,456774636701154.562500
-0.47425,0.026000000000000002,0.0516,456774636701154.562500
-0.47424,0.0244,0.055600000000000004,456774636701154.562500
-0.47423,0.0236,0.0572,456774636701154.562500
-0.47422,0.0244,0.053200000000000004,456774636701154.562500
-0.47421,0.0252,0.056400000000000006,456774636701154.562500
-0.4742,0.0236,0.058,456774636701154.562500
-0.47419,0.0236,0.055600000000000004,456774636701154.562500
-0.47418,0.0236,0.058,456774636701154.562500
-0.47417,0.022000000000000002,0.0548,456774636701154.562500
-0.47416,0.0244,0.050800000000000005,456774636701154.562500
-0.47415,0.0236,0.0516,456774636701154.562500
-0.47414,0.022000000000000002,0.0572,456774636701154.562500
-0.47413,0.0212,0.0548,456774636701154.562500
-0.47412,0.0236,0.0548,456774636701154.562500
-0.47411,0.022000000000000002,0.058,456774636701154.562500
-0.4741,0.0236,0.056400000000000006,456774636701154.562500
-0.47409,0.022000000000000002,0.056400000000000006,456774636701154.562500
-0.47408,0.0212,0.0516,456774636701154.562500
-0.47407,0.0212,0.0572,456774636701154.562500
-0.47406,0.0212,0.055600000000000004,456774636701154.562500
-0.47404999999999997,0.0212,0.0548,456774636701154.562500
-0.47404,0.022000000000000002,0.053200000000000004,456774636701154.562500
-0.47403,0.0228,0.056400000000000006,456774636701154.562500
-0.47402,0.022000000000000002,0.0548,456774636701154.562500
-0.47401,0.0212,0.056400000000000006,456774636701154.562500
-0.474,0.0212,0.055600000000000004,456774636701154.562500
-0.47399,0.0228,0.058,456774636701154.562500
-0.47398,0.022000000000000002,0.058,456774636701154.562500
-0.47397,0.0244,0.056400000000000006,456774636701154.562500
-0.47396,0.0236,0.0572,456774636701154.562500
-0.47395,0.0244,0.056400000000000006,456774636701154.562500
-0.47394,0.0236,0.054,456774636701154.562500
-0.47393,0.0244,0.055600000000000004,456774636701154.562500
-0.47392,0.0252,0.056400000000000006,456774636701154.562500
-0.47391,0.0244,0.055600000000000004,456774636701154.562500
-0.4739,0.022000000000000002,0.056400000000000006,456774636701154.562500
-0.47389,0.0228,0.0548,456774636701154.562500
-0.47388,0.0244,0.055600000000000004,456774636701154.562500
-0.47387,0.0212,0.056400000000000006,456774636701154.562500
-0.47386,0.026000000000000002,0.055600000000000004,456774636701154.562500
-0.47385,0.0212,0.0548,456774636701154.562500
-0.47384,0.0244,0.05,456774636701154.562500
-0.47383,0.0228,0.058,456774636701154.562500
-0.47382,0.0236,0.056400000000000006,456774636701154.562500
-0.47381,0.0212,0.056400000000000006,456774636701154.562500
-0.4738,0.0244,0.0572,456774636701154.562500
-0.47379,0.022000000000000002,0.055600000000000004,456774636701154.562500
-0.47378,0.022000000000000002,0.0572,456774636701154.562500
-0.47377,0.0228,0.0572,456774636701154.562500
-0.47376,0.022000000000000002,0.0572,456774636701154.562500
-0.47375,0.0228,0.054,456774636701154.562500
-0.47374,0.022000000000000002,0.0468,456774636701154.562500
-0.47373,0.022000000000000002,0.055600000000000004,456774636701154.562500
-0.47372,0.0196,0.053200000000000004,456774636701154.562500
-0.47371,0.0228,0.0516,456774636701154.562500
-0.4737,0.0196,0.055600000000000004,456774636701154.562500
-0.47369,0.022000000000000002,0.056400000000000006,456774636701154.562500
-0.47368,0.0228,0.050800000000000005,456774636701154.562500
-0.47367,0.0236,0.056400000000000006,456774636701154.562500
-0.47365999999999997,0.0244,0.0548,456774636701154.562500
-0.47365,0.0236,0.054,456774636701154.562500
-0.47364,0.0236,0.0548,456774636701154.562500
-0.47363,0.0252,0.054,456774636701154.562500
-0.47362,0.0236,0.056400000000000006,456774636701154.562500
-0.47361,0.0236,0.0572,456774636701154.562500
-0.4736,0.0244,0.0572,456774636701154.562500
-0.47359,0.0244,0.056400000000000006,456774636701154.562500
-0.47358,0.0228,0.056400000000000006,456774636701154.562500
-0.47357,0.0236,0.058800000000000005,456774636701154.562500
-0.47356,0.0228,0.056400000000000006,456774636701154.562500
-0.47355,0.0228,0.0572,456774636701154.562500
-0.47354,0.0228,0.058800000000000005,456774636701154.562500
-0.47353,0.0228,0.056400000000000006,456774636701154.562500
-0.47352,0.0236,0.0572,456774636701154.562500
-0.47351,0.0212,0.056400000000000006,456774636701154.562500
-0.4735,0.0228,0.0572,456774636701154.562500
-0.47349,0.0236,0.0524,456774636701154.562500
-0.47348,0.0228,0.058,456774636701154.562500
-0.47347,0.0204,0.055600000000000004,456774636701154.562500
-0.47346,0.0228,0.056400000000000006,456774636701154.562500
-0.47345,0.0228,0.0572,456774636701154.562500
-0.47343999999999997,0.022000000000000002,0.053200000000000004,456774636701154.562500
-0.47343,0.0212,0.0476,456774636701154.562500
-0.47342,0.0204,0.0492,456774636701154.562500
-0.47341,0.022000000000000002,0.053200000000000004,456774636701154.562500
-0.4734,0.022000000000000002,0.058,456774636701154.562500
-0.47339,0.022000000000000002,0.056400000000000006,456774636701154.562500
-0.47338,0.0212,0.056400000000000006,456774636701154.562500
-0.47337,0.0228,0.056400000000000006,456774636701154.562500
-0.47336,0.022000000000000002,0.0572,456774636701154.562500
-0.47335,0.0228,0.056400000000000006,456774636701154.562500
-0.47334,0.0236,0.055600000000000004,456774636701154.562500
-0.47333,0.0252,0.056400000000000006,456774636701154.562500
-0.47332,0.0244,0.058,456774636701154.562500
-0.47331,0.0244,0.055600000000000004,456774636701154.562500
-0.4733,0.0236,0.0572,456774636701154.562500
-0.47329,0.0236,0.056400000000000006,456774636701154.562500
-0.47328,0.0244,0.0572,456774636701154.562500
-0.47326999999999997,0.0204,0.0572,456774636701154.562500
-0.47326,0.0236,0.056400000000000006,456774636701154.562500
-0.47325,0.0236,0.054,456774636701154.562500
-0.47324,0.022000000000000002,0.0572,456774636701154.562500
-0.47323,0.022000000000000002,0.058,456774636701154.562500
-0.47322,0.0228,0.056400000000000006,456774636701154.562500
-0.47321,0.022000000000000002,0.0524,456774636701154.562500
-0.4732,0.0212,0.058,456774636701154.562500
-0.47319,0.0228,0.0548,456774636701154.562500
-0.47318,0.0204,0.0572,456774636701154.562500
-0.47317,0.0204,0.054,456774636701154.562500
-0.47316,0.0196,0.058,456774636701154.562500
-0.47315,0.022000000000000002,0.058,456774636701154.562500
-0.47314,0.0236,0.056400000000000006,456774636701154.562500
-0.47313,0.022000000000000002,0.056400000000000006,456774636701154.562500
-0.47312,0.022000000000000002,0.055600000000000004,456774636701154.562500
-0.47311,0.0212,0.058,456774636701154.562500
-0.4731,0.0228,0.0572,456774636701154.562500
-0.47309,0.0228,0.0572,456774636701154.562500
-0.47308,0.0228,0.058800000000000005,456774636701154.562500
-0.47307,0.0228,0.0572,456774636701154.562500
-0.47306,0.0228,0.054,456774636701154.562500
-0.47304999999999997,0.0228,0.056400000000000006,456774636701154.562500
-0.47304,0.0228,0.055600000000000004,456774636701154.562500
-0.47303,0.0204,0.055600000000000004,456774636701154.562500
-0.47302,0.022000000000000002,0.058,456774636701154.562500
-0.47301,0.0196,0.0572,456774636701154.562500
-0.473,0.0228,0.056400000000000006,456774636701154.562500
-0.47299,0.0244,0.055600000000000004,456774636701154.562500
-0.47298,0.0236,0.056400000000000006,456774636701154.562500
-0.47297,0.0236,0.0572,456774636701154.562500
-0.47296,0.0244,0.056400000000000006,456774636701154.562500
-0.47295,0.0236,0.055600000000000004,456774636701154.562500
-0.47294,0.022000000000000002,0.0492,456774636701154.562500
-0.47293,0.022000000000000002,0.053200000000000004,456774636701154.562500
-0.47292,0.0228,0.053200000000000004,456774636701154.562500
-0.47291,0.0236,0.0572,456774636701154.562500
-0.4729,0.0228,0.054,456774636701154.562500
-0.47289,0.0236,0.055600000000000004,456774636701154.562500
-0.47288,0.022000000000000002,0.0524,456774636701154.562500
-0.47287,0.022000000000000002,0.0572,456774636701154.562500
-0.47286,0.0212,0.0572,456774636701154.562500
-0.47285,0.022000000000000002,0.055600000000000004,456774636701154.562500
-0.47284,0.0228,0.058,456774636701154.562500
-0.47283,0.022000000000000002,0.0572,456774636701154.562500
-0.47282,0.0244,0.053200000000000004,456774636701154.562500
-0.47281,0.022000000000000002,0.0444,456774636701154.562500
-0.4728,0.0212,0.058,456774636701154.562500
-0.47279,0.022000000000000002,0.0524,456774636701154.562500
-0.47278,0.0212,0.055600000000000004,456774636701154.562500
-0.47277,0.0204,0.050800000000000005,456774636701154.562500
-0.47276,0.022000000000000002,0.055600000000000004,456774636701154.562500
-0.47275,0.0204,0.0468,456774636701154.562500
-0.47274,0.022000000000000002,0.056400000000000006,456774636701154.562500
-0.47273,0.0212,0.058,456774636701154.562500
-0.47272,0.0236,0.056400000000000006,456774636701154.562500
-0.47271,0.0252,0.055600000000000004,456774636701154.562500
-0.4727,0.0252,0.058,456774636701154.562500
-0.47269,0.0236,0.0572,456774636701154.562500
-0.47268,0.0244,0.0516,456774636701154.562500
-0.47267,0.0236,0.054,456774636701154.562500
-0.47265999999999997,0.0236,0.058,456774636701154.562500
-0.47265,0.0228,0.058,456774636701154.562500
-0.47264,0.022000000000000002,0.056400000000000006,456774636701154.562500
-0.47263,0.022000000000000002,0.055600000000000004,456774636701154.562500
-0.47262,0.022000000000000002,0.053200000000000004,456774636701154.562500
-0.47261,0.0228,0.0548,456774636701154.562500
-0.4726,0.0236,0.053200000000000004,456774636701154.562500
-0.47259,0.0212,0.058,456774636701154.562500
-0.47258,0.0212,0.056400000000000006,456774636701154.562500
-0.47257,0.0204,0.0572,456774636701154.562500
-0.47256,0.0212,0.056400000000000006,456774636701154.562500
-0.47255,0.0212,0.054,456774636701154.562500
-0.47254,0.022000000000000002,0.056400000000000006,456774636701154.562500
-0.47253,0.0236,0.0572,456774636701154.562500
-0.47252,0.022000000000000002,0.058,456774636701154.562500
-0.47251,0.0204,0.0572,456774636701154.562500
-0.4725,0.0228,0.058,456774636701154.562500
-0.47249,0.0236,0.055600000000000004,456774636701154.562500
-0.47248,0.0212,0.055600000000000004,456774636701154.562500
-0.47247,0.0244,0.0572,456774636701154.562500
-0.47246,0.022000000000000002,0.0572,456774636701154.562500
-0.47245,0.022000000000000002,0.055600000000000004,456774636701154.562500
-0.47243999999999997,0.018000000000000002,0.0548,456774636701154.562500
-0.47243,0.015600000000000001,0.056400000000000006,456774636701154.562500
-0.47242,0.0212,0.055600000000000004,456774636701154.562500
-0.47241,0.0172,0.0548,456774636701154.562500
-0.4724,0.0244,0.056400000000000006,456774636701154.562500
-0.47239,0.015600000000000001,0.0572,456774636701154.562500
-0.47238,0.0196,0.058,456774636701154.562500
-0.47237,0.0164,0.055600000000000004,456774636701154.562500
-0.47236,0.0204,0.056400000000000006,456774636701154.562500
-0.47235,0.018000000000000002,0.056400000000000006,456774636701154.562500
-0.47234,0.0204,0.058,456774636701154.562500
-0.47232999999999997,0.0196,0.056400000000000006,456774636701154.562500
-0.47232,0.0236,0.055600000000000004,456774636701154.562500
-0.47231,0.022000000000000002,0.055600000000000004,456774636701154.562500
-0.4723,0.0196,0.056400000000000006,456774636701154.562500
-0.47229,0.0212,0.055600000000000004,456774636701154.562500
-0.47228,0.0236,0.058,456774636701154.562500
-0.47227,0.022000000000000002,0.058,456774636701154.562500
-0.47226,0.0236,0.0548,456774636701154.562500
-0.47225,0.0212,0.055600000000000004,456774636701154.562500
-0.47224,0.022000000000000002,0.053200000000000004,456774636701154.562500
-0.47223,0.0212,0.056400000000000006,456774636701154.562500
-0.47222,0.0236,0.0468,456774636701154.562500
-0.47221,0.022000000000000002,0.0412,456774636701154.562500
-0.4722,0.0188,0.0444,456774636701154.562500
-0.47219,0.022000000000000002,0.0572,456774636701154.562500
-0.47218,0.0228,0.05,456774636701154.562500
-0.47217,0.0228,0.0548,456774636701154.562500
-0.47216,0.022000000000000002,0.0548,456774636701154.562500
-0.47215,0.0212,0.055600000000000004,456774636701154.562500
-0.47214,0.0236,0.0516,456774636701154.562500
-0.47213,0.0212,0.046,456774636701154.562500
-0.47212,0.0236,0.054,456774636701154.562500
-0.47211,0.0236,0.053200000000000004,456774636701154.562500
-0.4721,0.0244,0.0548,456774636701154.562500
-0.47209,0.0236,0.056400000000000006,456774636701154.562500
-0.47208,0.022000000000000002,0.058,456774636701154.562500
-0.47207,0.0188,0.0572,456774636701154.562500
-0.47206,0.022000000000000002,0.058,456774636701154.562500
-0.47204999999999997,0.0244,0.058,456774636701154.562500
-0.47204,0.0244,0.055600000000000004,456774636701154.562500
-0.47203,0.022000000000000002,0.0572,456774636701154.562500
-0.47202,0.0228,0.0524,456774636701154.562500
-0.47201,0.0212,0.055600000000000004,456774636701154.562500
-0.472,0.022000000000000002,0.055600000000000004,456774636701154.562500
-0.47199,0.0228,0.0572,456774636701154.562500
-0.47198,0.0204,0.0524,456774636701154.562500
-0.47197,0.0228,0.055600000000000004,456774636701154.562500
-0.47196,0.022000000000000002,0.058,456774636701154.562500
-0.47195,0.0196,0.056400000000000006,456774636701154.562500
-0.47194,0.0164,0.056400000000000006,456774636701154.562500
-0.47193,0.018000000000000002,0.058,456774636701154.562500
-0.47192,0.0172,0.056400000000000006,456774636701154.562500
-0.47191,0.0204,0.058800000000000005,456774636701154.562500
-0.4719,0.015600000000000001,0.058800000000000005,456774636701154.562500
-0.47189,0.0212,0.058,456774636701154.562500
-0.47188,0.0204,0.0524,456774636701154.562500
-0.47187,0.0228,0.056400000000000006,456774636701154.562500
-0.47186,0.0236,0.056400000000000006,456774636701154.562500
-0.47185,0.0236,0.056400000000000006,456774636701154.562500
-0.47184,0.0236,0.055600000000000004,456774636701154.562500
-0.47182999999999997,0.0244,0.058,456774636701154.562500
-0.47182,0.0244,0.055600000000000004,456774636701154.562500
-0.47181,0.026000000000000002,0.0572,456774636701154.562500
-0.4718,0.0228,0.0572,456774636701154.562500
-0.47179,0.0236,0.055600000000000004,456774636701154.562500
-0.47178,0.0236,0.0572,456774636701154.562500
-0.47177,0.0244,0.058,456774636701154.562500
-0.47176,0.0252,0.056400000000000006,456774636701154.562500
-0.47175,0.0236,0.055600000000000004,456774636701154.562500
-0.47174,0.0236,0.058,456774636701154.562500
-0.47173,0.0236,0.055600000000000004,456774636701154.562500
-0.47172,0.0236,0.0548,456774636701154.562500
-0.47171,0.0196,0.05,456774636701154.562500
-0.4717,0.0204,0.048400000000000006,456774636701154.562500
-0.47169,0.015600000000000001,0.058800000000000005,456774636701154.562500
-0.47168,0.0212,0.0524,456774636701154.562500
-0.47167,0.0212,0.058,456774636701154.562500
-0.47166,0.022000000000000002,0.058,456774636701154.562500
-0.47165,0.018000000000000002,0.0572,456774636701154.562500
-0.47164,0.022000000000000002,0.056400000000000006,456774636701154.562500
-0.47163,0.0212,0.053200000000000004,456774636701154.562500
-0.47162,0.0212,0.055600000000000004,456774636701154.562500
-0.47161,0.0212,0.0548,456774636701154.562500
-0.4716,0.0196,0.0548,456774636701154.562500
-0.47159,0.0196,0.0436,456774636701154.562500
-0.47158,0.0172,0.0548,456774636701154.562500
-0.47157,0.0188,0.0516,456774636701154.562500
-0.47156,0.0212,0.056400000000000006,456774636701154.562500
-0.47155,0.0228,0.056400000000000006,456774636701154.562500
-0.47154,0.0228,0.0572,456774636701154.562500
-0.47153,0.0228,0.054,456774636701154.562500
-0.47152,0.0236,0.058800000000000005,456774636701154.562500
-0.47151,0.0228,0.055600000000000004,456774636701154.562500
-0.4715,0.0236,0.055600000000000004,456774636701154.562500
-0.47149,0.0212,0.056400000000000006,456774636701154.562500
-0.47148,0.0244,0.0548,456774636701154.562500
-0.47147,0.0228,0.056400000000000006,456774636701154.562500
-0.47146,0.0244,0.055600000000000004,456774636701154.562500
-0.47145,0.0236,0.0572,456774636701154.562500
-0.47143999999999997,0.0244,0.055600000000000004,456774636701154.562500
-0.47143,0.0244,0.0572,456774636701154.562500
-0.47142,0.0236,0.0572,456774636701154.562500
-0.47141,0.0244,0.056400000000000006,456774636701154.562500
-0.4714,0.0228,0.058,456774636701154.562500
-0.47139,0.0236,0.055600000000000004,456774636701154.562500
-0.47138,0.0228,0.056400000000000006,456774636701154.562500
-0.47137,0.0236,0.0492,456774636701154.562500
-0.47136,0.022000000000000002,0.055600000000000004,456774636701154.562500
-0.47135,0.0228,0.0572,456774636701154.562500
-0.47134,0.022000000000000002,0.058800000000000005,456774636701154.562500
-0.47133,0.0228,0.056400000000000006,456774636701154.562500
-0.47132,0.022000000000000002,0.0572,456774636701154.562500
-0.47131,0.0236,0.055600000000000004,456774636701154.562500
-0.4713,0.0212,0.050800000000000005,456774636701154.562500
-0.47129,0.0236,0.055600000000000004,456774636701154.562500
-0.47128,0.022000000000000002,0.0524,456774636701154.562500
-0.47127,0.0196,0.056400000000000006,456774636701154.562500
-0.47126,0.0228,0.0468,456774636701154.562500
-0.47125,0.0236,0.054,456774636701154.562500
-0.47124,0.0228,0.0492,456774636701154.562500
-0.47123,0.022000000000000002,0.056400000000000006,456774636701154.562500
-0.47121999999999997,0.0244,0.05,456774636701154.562500
-0.47121,0.0244,0.0524,456774636701154.562500
-0.4712,0.0196,0.053200000000000004,456774636701154.562500
-0.47119,0.0244,0.056400000000000006,456774636701154.562500
-0.47118,0.0212,0.056400000000000006,456774636701154.562500
-0.47117,0.0252,0.058,456774636701154.562500
-0.47116,0.022000000000000002,0.054,456774636701154.562500
-0.47115,0.0244,0.055600000000000004,456774636701154.562500
-0.47114,0.0236,0.0548,456774636701154.562500
-0.47113,0.0212,0.0516,456774636701154.562500
-0.47112,0.0244,0.0516,456774636701154.562500
-0.47111,0.0212,0.054,456774636701154.562500
-0.4711,0.0228,0.05,456774636701154.562500
-0.47109,0.022000000000000002,0.054,456774636701154.562500
-0.47108,0.0228,0.0516,456774636701154.562500
-0.47107,0.0204,0.056400000000000006,456774636701154.562500
-0.47106,0.022000000000000002,0.055600000000000004,456774636701154.562500
-0.47104999999999997,0.0228,0.058800000000000005,456774636701154.562500
-0.47104,0.022000000000000002,0.056400000000000006,456774636701154.562500
-0.47103,0.0228,0.058,456774636701154.562500
-0.47102,0.0236,0.048400000000000006,456774636701154.562500
-0.47101,0.022000000000000002,0.054,456774636701154.562500
-0.471,0.0236,0.055600000000000004,456774636701154.562500
-0.47099,0.0212,0.056400000000000006,456774636701154.562500
-0.47098,0.0204,0.0524,456774636701154.562500
-0.47097,0.022000000000000002,0.0524,456774636701154.562500
-0.47096,0.0236,0.042800000000000005,456774636701154.562500
-0.47095,0.0228,0.0468,456774636701154.562500
-0.47094,0.022000000000000002,0.0396,456774636701154.562500
-0.47093,0.0236,0.0516,456774636701154.562500
-0.47092,0.0204,0.0444,456774636701154.562500
-0.47091,0.0236,0.0516,456774636701154.562500
-0.4709,0.022000000000000002,0.0476,456774636701154.562500
-0.47089,0.0252,0.048400000000000006,456774636701154.562500
-0.47088,0.0252,0.037200000000000004,456774636701154.562500
-0.47087,0.0236,0.054,456774636701154.562500
-0.47086,0.0252,0.0548,456774636701154.562500
-0.47085,0.022000000000000002,0.0572,456774636701154.562500
-0.47084,0.026000000000000002,0.0516,456774636701154.562500
-0.47082999999999997,0.0236,0.054,456774636701154.562500
-0.47082,0.0228,0.054,456774636701154.562500
-0.47081,0.0244,0.058,456774636701154.562500
-0.4708,0.0228,0.054,456774636701154.562500
-0.47079,0.0196,0.058,456774636701154.562500
-0.47078,0.0228,0.0572,456774636701154.562500
-0.47077,0.0228,0.056400000000000006,456774636701154.562500
-0.47076,0.022000000000000002,0.056400000000000006,456774636701154.562500
-0.47075,0.0228,0.056400000000000006,456774636701154.562500
-0.47074,0.0212,0.055600000000000004,456774636701154.562500
-0.47073,0.022000000000000002,0.055600000000000004,456774636701154.562500
-0.47071999999999997,0.022000000000000002,0.055600000000000004,456774636701154.562500
-0.47071,0.0204,0.0468,456774636701154.562500
-0.4707,0.0212,0.0572,456774636701154.562500
-0.47069,0.0188,0.054,456774636701154.562500
-0.47068,0.0212,0.0572,456774636701154.562500
-0.47067,0.022000000000000002,0.050800000000000005,456774636701154.562500
-0.47066,0.0228,0.058,456774636701154.562500
-0.47065,0.0212,0.056400000000000006,456774636701154.562500
-0.47064,0.0228,0.055600000000000004,456774636701154.562500
-0.47063,0.0236,0.054,456774636701154.562500
-0.47062,0.022000000000000002,0.055600000000000004,456774636701154.562500
-0.47061,0.0236,0.0572,456774636701154.562500
-0.4706,0.0236,0.054,456774636701154.562500
-0.47059,0.0228,0.0548,456774636701154.562500
-0.47058,0.0252,0.0476,456774636701154.562500
-0.47057,0.0244,0.0516,456774636701154.562500
-0.47056,0.0244,0.048400000000000006,456774636701154.562500
-0.47055,0.0236,0.056400000000000006,456774636701154.562500
-0.47054,0.0252,0.050800000000000005,456774636701154.562500
-0.47053,0.0244,0.056400000000000006,456774636701154.562500
-0.47052,0.0236,0.054,456774636701154.562500
-0.47051,0.0228,0.0572,456774636701154.562500
-0.4705,0.0244,0.0572,456774636701154.562500
-0.47049,0.0228,0.05,456774636701154.562500
-0.47048,0.022000000000000002,0.0476,456774636701154.562500
-0.47047,0.0228,0.0436,456774636701154.562500
-0.47046,0.022000000000000002,0.05,456774636701154.562500
-0.47045,0.022000000000000002,0.0476,456774636701154.562500
-0.47043999999999997,0.0228,0.058,456774636701154.562500
-0.47043,0.022000000000000002,0.0476,456774636701154.562500
-0.47042,0.022000000000000002,0.0548,456774636701154.562500
-0.47041,0.022000000000000002,0.045200000000000004,456774636701154.562500
-0.4704,0.0212,0.0524,456774636701154.562500
-0.47039,0.022000000000000002,0.0492,456774636701154.562500
-0.47038,0.0244,0.0524,456774636701154.562500
-0.47037,0.0204,0.046,456774636701154.562500
-0.47036,0.022000000000000002,0.053200000000000004,456774636701154.562500
-0.47035,0.0204,0.053200000000000004,456774636701154.562500
-0.47034,0.022000000000000002,0.054,456774636701154.562500
-0.47033,0.022000000000000002,0.058,456774636701154.562500
-0.47032,0.0212,0.056400000000000006,456774636701154.562500
-0.47031,0.0196,0.053200000000000004,456774636701154.562500
-0.4703,0.0244,0.058,456774636701154.562500
-0.47029,0.0228,0.056400000000000006,456774636701154.562500
-0.47028,0.0252,0.0572,456774636701154.562500
-0.47027,0.0236,0.056400000000000006,456774636701154.562500
-0.47026,0.0252,0.0548,456774636701154.562500
-0.47025,0.0244,0.054,456774636701154.562500
-0.47024,0.0228,0.0436,456774636701154.562500
-0.47023,0.0228,0.050800000000000005,456774636701154.562500
-0.47021999999999997,0.0236,0.0396,456774636701154.562500
-0.47021,0.0244,0.0476,456774636701154.562500
-0.4702,0.022000000000000002,0.0468,456774636701154.562500
-0.47019,0.0212,0.056400000000000006,456774636701154.562500
-0.47018,0.0204,0.055600000000000004,456774636701154.562500
-0.47017,0.0212,0.0572,456774636701154.562500
-0.47016,0.0228,0.058,456774636701154.562500
-0.47015,0.0212,0.055600000000000004,456774636701154.562500
-0.47014,0.0228,0.056400000000000006,456774636701154.562500
-0.47013,0.0228,0.0548,456774636701154.562500
-0.47012,0.0212,0.0572,456774636701154.562500
-0.47011,0.0228,0.056400000000000006,456774636701154.562500
-0.4701,0.022000000000000002,0.056400000000000006,456774636701154.562500
-0.47009,0.022000000000000002,0.05,456774636701154.562500
-0.47008,0.0236,0.053200000000000004,456774636701154.562500
-0.47007,0.022000000000000002,0.05,456774636701154.562500
-0.47006,0.022000000000000002,0.055600000000000004,456774636701154.562500
-0.47005,0.022000000000000002,0.0548,456774636701154.562500
-0.47004,0.022000000000000002,0.0572,456774636701154.562500
-0.47003,0.0236,0.058800000000000005,456774636701154.562500
-0.47002,0.0228,0.056400000000000006,456774636701154.562500
-0.47001,0.0236,0.0572,456774636701154.562500
-0.47,0.0236,0.0572,456774636701154.562500
-0.46999,0.0236,0.054,456774636701154.562500
-0.46998,0.0236,0.0572,456774636701154.562500
-0.46997,0.0228,0.050800000000000005,456774636701154.562500
-0.46996,0.0244,0.055600000000000004,456774636701154.562500
-0.46995,0.0244,0.056400000000000006,456774636701154.562500
-0.46994,0.0252,0.056400000000000006,456774636701154.562500
-0.46993,0.0252,0.0572,456774636701154.562500
-0.46992,0.0236,0.056400000000000006,456774636701154.562500
-0.46991,0.0212,0.056400000000000006,456774636701154.562500
-0.4699,0.0244,0.0572,456774636701154.562500
-0.46989,0.0244,0.056400000000000006,456774636701154.562500
-0.46988,0.0212,0.055600000000000004,456774636701154.562500
-0.46987,0.0228,0.058,456774636701154.562500
-0.46986,0.0164,0.0572,456774636701154.562500
-0.46985,0.022000000000000002,0.0572,456774636701154.562500
-0.46984,0.022000000000000002,0.05,456774636701154.562500
-0.46982999999999997,0.0228,0.0572,456774636701154.562500
-0.46982,0.0212,0.056400000000000006,456774636701154.562500
-0.46981,0.0204,0.056400000000000006,456774636701154.562500
-0.4698,0.0164,0.053200000000000004,456774636701154.562500
-0.46979,0.022000000000000002,0.056400000000000006,456774636701154.562500
-0.46978,0.022000000000000002,0.0572,456774636701154.562500
-0.46977,0.0196,0.055600000000000004,456774636701154.562500
-0.46976,0.022000000000000002,0.056400000000000006,456774636701154.562500
-0.46975,0.022000000000000002,0.0524,456774636701154.562500
-0.46974,0.022000000000000002,0.056400000000000006,456774636701154.562500
-0.46973,0.022000000000000002,0.058,456774636701154.562500
-0.46972,0.0212,0.0492,456774636701154.562500
-0.46971,0.0236,0.054,456774636701154.562500
-0.4697,0.0236,0.0492,456774636701154.562500
-0.46969,0.0236,0.056400000000000006,456774636701154.562500
-0.46968,0.0252,0.056400000000000006,456774636701154.562500
-0.46967,0.0236,0.0572,456774636701154.562500
-0.46966,0.0244,0.056400000000000006,456774636701154.562500
-0.46965,0.026000000000000002,0.05,456774636701154.562500
-0.46964,0.0228,0.0524,456774636701154.562500
-0.46963,0.0244,0.0516,456774636701154.562500
-0.46962,0.0196,0.056400000000000006,456774636701154.562500
-0.46960999999999997,0.0204,0.0548,456774636701154.562500
-0.4696,0.022000000000000002,0.055600000000000004,456774636701154.562500
-0.46959,0.0228,0.0572,456774636701154.562500
-0.46958,0.0196,0.054,456774636701154.562500
-0.46957,0.022000000000000002,0.05,456774636701154.562500
-0.46956,0.0204,0.050800000000000005,456774636701154.562500
-0.46955,0.0236,0.055600000000000004,456774636701154.562500
-0.46954,0.0204,0.0572,456774636701154.562500
-0.46953,0.0204,0.0548,456774636701154.562500
-0.46952,0.0172,0.0476,456774636701154.562500
-0.46951,0.022000000000000002,0.058800000000000005,456774636701154.562500
-0.4695,0.0204,0.053200000000000004,456774636701154.562500
-0.46949,0.0212,0.053200000000000004,456774636701154.562500
-0.46948,0.0188,0.0412,456774636701154.562500
-0.46947,0.022000000000000002,0.0476,456774636701154.562500
-0.46946,0.022000000000000002,0.0492,456774636701154.562500
-0.46945,0.0228,0.054,456774636701154.562500
-0.46943999999999997,0.022000000000000002,0.054,456774636701154.562500
-0.46943,0.0236,0.056400000000000006,456774636701154.562500
-0.46942,0.022000000000000002,0.058800000000000005,456774636701154.562500
-0.46941,0.022000000000000002,0.0548,456774636701154.562500
-0.4694,0.0244,0.0572,456774636701154.562500
-0.46939,0.0236,0.0524,456774636701154.562500
-0.46938,0.0244,0.0548,456774636701154.562500
-0.46937,0.0236,0.046,456774636701154.562500
-0.46936,0.0252,0.058,456774636701154.562500
-0.46935,0.0228,0.055600000000000004,456774636701154.562500
-0.46934,0.0236,0.0572,456774636701154.562500
-0.46933,0.0236,0.058,456774636701154.562500
-0.46932,0.0252,0.058800000000000005,456774636701154.562500
-0.46931,0.0252,0.0572,456774636701154.562500
-0.4693,0.022000000000000002,0.058800000000000005,456774636701154.562500
-0.46929,0.0236,0.0572,456774636701154.562500
-0.46928,0.022000000000000002,0.056400000000000006,456774636701154.562500
-0.46927,0.0236,0.055600000000000004,456774636701154.562500
-0.46926,0.0228,0.058,456774636701154.562500
-0.46925,0.0228,0.055600000000000004,456774636701154.562500
-0.46924,0.0212,0.0524,456774636701154.562500
-0.46923,0.022000000000000002,0.056400000000000006,456774636701154.562500
-0.46921999999999997,0.022000000000000002,0.056400000000000006,456774636701154.562500
-0.46921,0.0236,0.055600000000000004,456774636701154.562500
-0.4692,0.022000000000000002,0.055600000000000004,456774636701154.562500
-0.46919,0.0188,0.058,456774636701154.562500
-0.46918,0.0204,0.056400000000000006,456774636701154.562500
-0.46917,0.022000000000000002,0.0548,456774636701154.562500
-0.46916,0.022000000000000002,0.0572,456774636701154.562500
-0.46915,0.0212,0.054,456774636701154.562500
-0.46914,0.0212,0.0516,456774636701154.562500
-0.46913,0.0172,0.056400000000000006,456774636701154.562500
-0.46912,0.0236,0.054,456774636701154.562500
-0.46910999999999997,0.022000000000000002,0.056400000000000006,456774636701154.562500
-0.4691,0.0228,0.058,456774636701154.562500
-0.46909,0.0188,0.0572,456774636701154.562500
-0.46908,0.0228,0.0572,456774636701154.562500
-0.46907,0.0236,0.053200000000000004,456774636701154.562500
-0.46906,0.026000000000000002,0.058,456774636701154.562500
-0.46905,0.0244,0.056400000000000006,456774636701154.562500
-0.46904,0.0252,0.056400000000000006,456774636701154.562500
-0.46903,0.0244,0.0572,456774636701154.562500
-0.46902,0.022000000000000002,0.0572,456774636701154.562500
-0.46901,0.0244,0.055600000000000004,456774636701154.562500
-0.469,0.0244,0.0524,456774636701154.562500
-0.46899,0.0236,0.056400000000000006,456774636701154.562500
-0.46898,0.0236,0.055600000000000004,456774636701154.562500
-0.46897,0.0244,0.058800000000000005,456774636701154.562500
-0.46896,0.0236,0.053200000000000004,456774636701154.562500
-0.46895,0.022000000000000002,0.0572,456774636701154.562500
-0.46894,0.022000000000000002,0.0476,456774636701154.562500
-0.46893,0.0228,0.0548,456774636701154.562500
-0.46892,0.022000000000000002,0.054,456774636701154.562500
-0.46891,0.022000000000000002,0.055600000000000004,456774636701154.562500
-0.4689,0.0204,0.0492,456774636701154.562500
-0.46889,0.0228,0.055600000000000004,456774636701154.562500
-0.46888,0.0204,0.055600000000000004,456774636701154.562500
-0.46887,0.022000000000000002,0.056400000000000006,456774636701154.562500
-0.46886,0.0212,0.056400000000000006,456774636701154.562500
-0.46885,0.0228,0.048400000000000006,456774636701154.562500
-0.46884,0.0236,0.0572,456774636701154.562500
-0.46882999999999997,0.0212,0.0572,456774636701154.562500
-0.46882,0.022000000000000002,0.056400000000000006,456774636701154.562500
-0.46881,0.018000000000000002,0.054,456774636701154.562500
-0.4688,0.0228,0.0572,456774636701154.562500
-0.46879,0.0212,0.055600000000000004,456774636701154.562500
-0.46878,0.0236,0.0572,456774636701154.562500
-0.46877,0.0228,0.055600000000000004,456774636701154.562500
-0.46876,0.0252,0.056400000000000006,456774636701154.562500
-0.46875,0.0244,0.058,456774636701154.562500
-0.46874,0.0236,0.0572,456774636701154.562500
-0.46873,0.0236,0.058,456774636701154.562500
-0.46872,0.0236,0.056400000000000006,456774636701154.562500
-0.46871,0.0236,0.054,456774636701154.562500
-0.4687,0.0244,0.056400000000000006,456774636701154.562500
-0.46869,0.022000000000000002,0.058,456774636701154.562500
-0.46868,0.0236,0.050800000000000005,456774636701154.562500
-0.46867,0.0236,0.048400000000000006,456774636701154.562500
-0.46866,0.0212,0.0468,456774636701154.562500
-0.46865,0.0236,0.0548,456774636701154.562500
-0.46864,0.0204,0.055600000000000004,456774636701154.562500
-0.46863,0.0172,0.054,456774636701154.562500
-0.46862,0.0212,0.055600000000000004,456774636701154.562500
-0.46860999999999997,0.022000000000000002,0.045200000000000004,456774636701154.562500
-0.4686,0.0212,0.045200000000000004,456774636701154.562500
-0.46859,0.0196,0.050800000000000005,456774636701154.562500
-0.46858,0.0236,0.0548,456774636701154.562500
-0.46857,0.018000000000000002,0.040400000000000005,456774636701154.562500
-0.46856,0.022000000000000002,0.045200000000000004,456774636701154.562500
-0.46855,0.022000000000000002,0.045200000000000004,456774636701154.562500
-0.46854,0.0228,0.050800000000000005,456774636701154.562500
-0.46853,0.0228,0.0308,456774636701154.562500
-0.46852,0.022000000000000002,0.038,456774636701154.562500
-0.46851,0.0228,0.0324,456774636701154.562500
-0.4685,0.022000000000000002,0.0468,456774636701154.562500
-0.46849,0.0244,0.0492,456774636701154.562500
-0.46848,0.022000000000000002,0.0524,456774636701154.562500
-0.46847,0.0236,0.0396,456774636701154.562500
-0.46846,0.0252,0.0476,456774636701154.562500
-0.46845,0.022000000000000002,0.0396,456774636701154.562500
-0.46843999999999997,0.0236,0.045200000000000004,456774636701154.562500
-0.46843,0.0252,0.042,456774636701154.562500
-0.46842,0.0236,0.05,456774636701154.562500
-0.46841,0.022000000000000002,0.048400000000000006,456774636701154.562500
-0.4684,0.0236,0.055600000000000004,456774636701154.562500
-0.46839,0.0236,0.055600000000000004,456774636701154.562500
-0.46838,0.0228,0.056400000000000006,456774636701154.562500
-0.46837,0.0244,0.0572,456774636701154.562500
-0.46836,0.0212,0.0412,456774636701154.562500
-0.46835,0.0228,0.055600000000000004,456774636701154.562500
-0.46834,0.0244,0.048400000000000006,456774636701154.562500
-0.46833,0.0228,0.056400000000000006,456774636701154.562500
-0.46832,0.0228,0.0468,456774636701154.562500
-0.46831,0.0196,0.055600000000000004,456774636701154.562500
-0.4683,0.0196,0.055600000000000004,456774636701154.562500
-0.46829,0.0236,0.055600000000000004,456774636701154.562500
-0.46828,0.0228,0.0572,456774636701154.562500
-0.46827,0.0204,0.055600000000000004,456774636701154.562500
-0.46826,0.0212,0.055600000000000004,456774636701154.562500
-0.46825,0.0228,0.0572,456774636701154.562500
-0.46824,0.0212,0.0524,456774636701154.562500
-0.46823,0.0228,0.0492,456774636701154.562500
-0.46821999999999997,0.022000000000000002,0.0572,456774636701154.562500
-0.46821,0.0212,0.046,456774636701154.562500
-0.4682,0.0148,0.0572,456774636701154.562500
-0.46819,0.0132,0.054,456774636701154.562500
-0.46818,0.0196,0.054,456774636701154.562500
-0.46817,0.018000000000000002,0.058,456774636701154.562500
-0.46816,0.022000000000000002,0.053200000000000004,456774636701154.562500
-0.46815,0.0236,0.053200000000000004,456774636701154.562500
-0.46814,0.0236,0.0572,456774636701154.562500
-0.46813,0.0236,0.055600000000000004,456774636701154.562500
-0.46812,0.0244,0.053200000000000004,456774636701154.562500
-0.46811,0.0236,0.053200000000000004,456774636701154.562500
-0.4681,0.0228,0.0436,456774636701154.562500
-0.46809,0.0236,0.045200000000000004,456774636701154.562500
-0.46808,0.0236,0.045200000000000004,456774636701154.562500
-0.46807,0.0244,0.0572,456774636701154.562500
-0.46806,0.0228,0.055600000000000004,456774636701154.562500
-0.46805,0.0236,0.054,456774636701154.562500
-0.46804,0.0236,0.0524,456774636701154.562500
-0.46803,0.0228,0.054,456774636701154.562500
-0.46802,0.022000000000000002,0.042800000000000005,456774636701154.562500
-0.46801,0.0212,0.048400000000000006,456774636701154.562500
-0.46799999999999997,0.0196,0.05,456774636701154.562500
-0.46799,0.022000000000000002,0.048400000000000006,456774636701154.562500
-0.46798,0.022000000000000002,0.0524,456774636701154.562500
-0.46797,0.0236,0.058,456774636701154.562500
-0.46796,0.022000000000000002,0.0516,456774636701154.562500
-0.46795,0.022000000000000002,0.0572,456774636701154.562500
-0.46794,0.0228,0.05,456774636701154.562500
-0.46793,0.0212,0.056400000000000006,456774636701154.562500
-0.46792,0.0228,0.0524,456774636701154.562500
-0.46791,0.022000000000000002,0.0572,456774636701154.562500
-0.4679,0.0228,0.054,456774636701154.562500
-0.46789000000000003,0.0244,0.0572,456774636701154.562500
-0.46788,0.0196,0.056400000000000006,456774636701154.562500
-0.46787,0.0244,0.056400000000000006,456774636701154.562500
-0.46786,0.0212,0.058800000000000005,456774636701154.562500
-0.46785,0.0204,0.056400000000000006,456774636701154.562500
-0.46784,0.0212,0.0572,456774636701154.562500
-0.46782999999999997,0.0236,0.055600000000000004,456774636701154.562500
-0.46782,0.0236,0.054,456774636701154.562500
-0.46781,0.0228,0.055600000000000004,456774636701154.562500
-0.4678,0.0252,0.055600000000000004,456774636701154.562500
-0.46779,0.0228,0.0548,456774636701154.562500
-0.46778,0.022000000000000002,0.05,456774636701154.562500
-0.46777,0.0244,0.0516,456774636701154.562500
-0.46776,0.0228,0.0444,456774636701154.562500
-0.46775,0.022000000000000002,0.0548,456774636701154.562500
-0.46774,0.022000000000000002,0.0492,456774636701154.562500
-0.46773,0.018000000000000002,0.055600000000000004,456774636701154.562500
-0.46772,0.022000000000000002,0.054,456774636701154.562500
-0.46771,0.0228,0.0572,456774636701154.562500
-0.4677,0.022000000000000002,0.054,456774636701154.562500
-0.46769,0.0228,0.058,456774636701154.562500
-0.46768,0.022000000000000002,0.054,456774636701154.562500
-0.46767,0.0196,0.0572,456774636701154.562500
-0.46766,0.022000000000000002,0.0572,456774636701154.562500
-0.46765,0.0236,0.056400000000000006,456774636701154.562500
-0.46764,0.0204,0.0572,456774636701154.562500
-0.46763,0.0212,0.0572,456774636701154.562500
-0.46762,0.0204,0.0572,456774636701154.562500
-0.46760999999999997,0.0228,0.0572,456774636701154.562500
-0.4676,0.0236,0.0572,456774636701154.562500
-0.46759,0.0228,0.058,456774636701154.562500
-0.46758,0.0212,0.055600000000000004,456774636701154.562500
-0.46757,0.0244,0.058800000000000005,456774636701154.562500
-0.46756,0.0236,0.045200000000000004,456774636701154.562500
-0.46755,0.0252,0.056400000000000006,456774636701154.562500
-0.46754,0.018000000000000002,0.0476,456774636701154.562500
-0.46753,0.0236,0.0572,456774636701154.562500
-0.46752,0.0204,0.054,456774636701154.562500
-0.46751,0.0244,0.0524,456774636701154.562500
-0.4675,0.022000000000000002,0.0572,456774636701154.562500
-0.46749,0.0244,0.054,456774636701154.562500
-0.46748,0.0244,0.056400000000000006,456774636701154.562500
-0.46747,0.0204,0.0524,456774636701154.562500
-0.46746,0.022000000000000002,0.054,456774636701154.562500
-0.46745,0.0188,0.0476,456774636701154.562500
-0.46743999999999997,0.0228,0.054,456774636701154.562500
-0.46743,0.0188,0.0572,456774636701154.562500
-0.46742,0.0196,0.0548,456774636701154.562500
-0.46741,0.0228,0.0492,456774636701154.562500
-0.4674,0.0228,0.0548,456774636701154.562500
-0.46738999999999997,0.0236,0.05,456774636701154.562500
-0.46738,0.0212,0.0572,456774636701154.562500
-0.46737,0.0228,0.055600000000000004,456774636701154.562500
-0.46736,0.0212,0.056400000000000006,456774636701154.562500
-0.46735,0.0196,0.055600000000000004,456774636701154.562500
-0.46734,0.0204,0.0572,456774636701154.562500
-0.46733,0.0204,0.0548,456774636701154.562500
-0.46732,0.0204,0.0524,456774636701154.562500
-0.46731,0.018000000000000002,0.053200000000000004,456774636701154.562500
-0.4673,0.0196,0.054,456774636701154.562500
-0.46729,0.0204,0.0468,456774636701154.562500
-0.46728,0.0212,0.0548,456774636701154.562500
-0.46727,0.0228,0.055600000000000004,456774636701154.562500
-0.46726,0.022000000000000002,0.056400000000000006,456774636701154.562500
-0.46725,0.0236,0.0468,456774636701154.562500
-0.46724,0.0244,0.0572,456774636701154.562500
-0.46723,0.0228,0.053200000000000004,456774636701154.562500
-0.46721999999999997,0.0236,0.058,456774636701154.562500
-0.46721,0.0244,0.0548,456774636701154.562500
-0.4672,0.0236,0.055600000000000004,456774636701154.562500
-0.46719,0.0228,0.0572,456774636701154.562500
-0.46718,0.0244,0.0548,456774636701154.562500
-0.46717,0.022000000000000002,0.0548,456774636701154.562500
-0.46716,0.0252,0.056400000000000006,456774636701154.562500
-0.46715,0.0204,0.0572,456774636701154.562500
-0.46714,0.0244,0.0572,456774636701154.562500
-0.46713,0.0236,0.054,456774636701154.562500
-0.46712,0.022000000000000002,0.0516,456774636701154.562500
-0.46711,0.0228,0.056400000000000006,456774636701154.562500
-0.4671,0.022000000000000002,0.055600000000000004,456774636701154.562500
-0.46709,0.022000000000000002,0.054,456774636701154.562500
-0.46708,0.022000000000000002,0.0572,456774636701154.562500
-0.46707,0.0212,0.045200000000000004,456774636701154.562500
-0.46706,0.0212,0.0524,456774636701154.562500
-0.46705,0.0204,0.0548,456774636701154.562500
-0.46704,0.0188,0.056400000000000006,456774636701154.562500
-0.46703,0.012400000000000001,0.0516,456774636701154.562500
-0.46702,0.0148,0.058800000000000005,456774636701154.562500
-0.46701,0.0132,0.058,456774636701154.562500
-0.46699999999999997,0.0204,0.058,456774636701154.562500
-0.46699,0.0204,0.058,456774636701154.562500
-0.46698,0.0228,0.054,456774636701154.562500
-0.46697,0.0204,0.0572,456774636701154.562500
-0.46696,0.0228,0.0572,456774636701154.562500
-0.46695,0.0212,0.058800000000000005,456774636701154.562500
-0.46694,0.022000000000000002,0.0548,456774636701154.562500
-0.46693,0.0228,0.058,456774636701154.562500
-0.46692,0.0244,0.0572,456774636701154.562500
-0.46691,0.0236,0.056400000000000006,456774636701154.562500
-0.4669,0.0228,0.055600000000000004,456774636701154.562500
-0.46689,0.022000000000000002,0.0548,456774636701154.562500
-0.46688,0.0212,0.056400000000000006,456774636701154.562500
-0.46687,0.0244,0.0548,456774636701154.562500
-0.46686,0.022000000000000002,0.058,456774636701154.562500
-0.46685,0.0228,0.0572,456774636701154.562500
-0.46684,0.0228,0.055600000000000004,456774636701154.562500
-0.46682999999999997,0.022000000000000002,0.056400000000000006,456774636701154.562500
-0.46682,0.0204,0.056400000000000006,456774636701154.562500
-0.46681,0.022000000000000002,0.0524,456774636701154.562500
-0.4668,0.0228,0.056400000000000006,456774636701154.562500
-0.46679,0.0228,0.054,456774636701154.562500
-0.46678,0.0236,0.050800000000000005,456774636701154.562500
-0.46677,0.022000000000000002,0.0572,456774636701154.562500
-0.46676,0.022000000000000002,0.0516,456774636701154.562500
-0.46675,0.022000000000000002,0.055600000000000004,456774636701154.562500
-0.46674,0.022000000000000002,0.0572,456774636701154.562500
-0.46673,0.0228,0.0492,456774636701154.562500
-0.46672,0.022000000000000002,0.053200000000000004,456774636701154.562500
-0.46671,0.0204,0.048400000000000006,456774636701154.562500
-0.4667,0.0236,0.056400000000000006,456774636701154.562500
-0.46669,0.022000000000000002,0.048400000000000006,456774636701154.562500
-0.46668,0.0228,0.0516,456774636701154.562500
-0.46667,0.0228,0.05,456774636701154.562500
-0.46666,0.0228,0.055600000000000004,456774636701154.562500
-0.46665,0.0244,0.0492,456774636701154.562500
-0.46664,0.0236,0.056400000000000006,456774636701154.562500
-0.46663,0.0252,0.056400000000000006,456774636701154.562500
-0.46662,0.0244,0.058,456774636701154.562500
-0.46660999999999997,0.0228,0.0572,456774636701154.562500
-0.4666,0.0244,0.046,456774636701154.562500
-0.46659,0.026000000000000002,0.0548,456774636701154.562500
-0.46658,0.0244,0.055600000000000004,456774636701154.562500
-0.46657,0.0236,0.056400000000000006,456774636701154.562500
-0.46656,0.0236,0.055600000000000004,456774636701154.562500
-0.46655,0.0204,0.056400000000000006,456774636701154.562500
-0.46654,0.0228,0.055600000000000004,456774636701154.562500
-0.46653,0.0236,0.0572,456774636701154.562500
-0.46652,0.0204,0.0572,456774636701154.562500
-0.46651,0.0228,0.055600000000000004,456774636701154.562500
-0.4665,0.0204,0.056400000000000006,456774636701154.562500
-0.46649,0.022000000000000002,0.055600000000000004,456774636701154.562500
-0.46648,0.0228,0.0572,456774636701154.562500
-0.46647,0.015600000000000001,0.0572,456774636701154.562500
-0.46646,0.018000000000000002,0.0572,456774636701154.562500
-0.46645,0.0188,0.058800000000000005,456774636701154.562500
-0.46644,0.0212,0.0596,456774636701154.562500
-0.46643,0.0228,0.058,456774636701154.562500
-0.46642,0.0244,0.054,456774636701154.562500
-0.46641,0.022000000000000002,0.058,456774636701154.562500
-0.4664,0.022000000000000002,0.054,456774636701154.562500
-0.46638999999999997,0.0204,0.0572,456774636701154.562500
-0.46638,0.0228,0.050800000000000005,456774636701154.562500
-0.46637,0.0236,0.054,456774636701154.562500
-0.46636,0.0244,0.056400000000000006,456774636701154.562500
-0.46635,0.0244,0.0572,456774636701154.562500
-0.46634,0.0212,0.0572,456774636701154.562500
-0.46633,0.0244,0.0572,456774636701154.562500
-0.46632,0.0204,0.056400000000000006,456774636701154.562500
-0.46631,0.0228,0.0572,456774636701154.562500
-0.4663,0.0244,0.054,456774636701154.562500
-0.46629,0.0244,0.0572,456774636701154.562500
-0.46628000000000003,0.0204,0.0572,456774636701154.562500
-0.46627,0.0244,0.055600000000000004,456774636701154.562500
-0.46626,0.0196,0.055600000000000004,456774636701154.562500
-0.46625,0.0236,0.0548,456774636701154.562500
-0.46624,0.022000000000000002,0.056400000000000006,456774636701154.562500
-0.46623,0.022000000000000002,0.055600000000000004,456774636701154.562500
-0.46621999999999997,0.0204,0.058,456774636701154.562500
-0.46621,0.0244,0.048400000000000006,456774636701154.562500
-0.4662,0.0236,0.056400000000000006,456774636701154.562500
-0.46619,0.0196,0.0516,456774636701154.562500
-0.46618,0.0228,0.053200000000000004,456774636701154.562500
-0.46617,0.0188,0.058,456774636701154.562500
-0.46616,0.0236,0.0548,456774636701154.562500
-0.46615,0.0204,0.054,456774636701154.562500
-0.46614,0.022000000000000002,0.0572,456774636701154.562500
-0.46613,0.022000000000000002,0.055600000000000004,456774636701154.562500
-0.46612,0.0204,0.0572,456774636701154.562500
-0.46611,0.0228,0.055600000000000004,456774636701154.562500
-0.4661,0.0204,0.053200000000000004,456774636701154.562500
-0.46609,0.0212,0.056400000000000006,456774636701154.562500
-0.46608,0.0212,0.055600000000000004,456774636701154.562500
-0.46607,0.0236,0.0572,456774636701154.562500
-0.46606,0.022000000000000002,0.056400000000000006,456774636701154.562500
-0.46605,0.0228,0.055600000000000004,456774636701154.562500
-0.46604,0.0228,0.056400000000000006,456774636701154.562500
-0.46603,0.0236,0.05,456774636701154.562500
-0.46602,0.0236,0.0572,456774636701154.562500
-0.46601,0.0244,0.058,456774636701154.562500
-0.46599999999999997,0.022000000000000002,0.0572,456774636701154.562500
-0.46599,0.0236,0.0572,456774636701154.562500
-0.46598,0.0212,0.056400000000000006,456774636701154.562500
-0.46597,0.0244,0.058,456774636701154.562500
-0.46596,0.022000000000000002,0.055600000000000004,456774636701154.562500
-0.46595,0.0228,0.0572,456774636701154.562500
-0.46594,0.022000000000000002,0.055600000000000004,456774636701154.562500
-0.46593,0.022000000000000002,0.055600000000000004,456774636701154.562500
-0.46592,0.0228,0.056400000000000006,456774636701154.562500
-0.46591,0.0228,0.055600000000000004,456774636701154.562500
-0.4659,0.0236,0.0572,456774636701154.562500
-0.46589,0.0236,0.055600000000000004,456774636701154.562500
-0.46588,0.022000000000000002,0.056400000000000006,456774636701154.562500
-0.46587,0.0212,0.0572,456774636701154.562500
-0.46586,0.0228,0.053200000000000004,456774636701154.562500
-0.46585,0.022000000000000002,0.0572,456774636701154.562500
-0.46584,0.0212,0.056400000000000006,456774636701154.562500
-0.46582999999999997,0.0204,0.0516,456774636701154.562500
-0.46582,0.022000000000000002,0.0572,456774636701154.562500
-0.46581,0.0212,0.056400000000000006,456774636701154.562500
-0.4658,0.022000000000000002,0.055600000000000004,456774636701154.562500
-0.46579,0.0204,0.045200000000000004,456774636701154.562500
-0.46577999999999997,0.0196,0.048400000000000006,456774636701154.562500
-0.46577,0.0212,0.0524,456774636701154.562500
-0.46576,0.0188,0.0548,456774636701154.562500
-0.46575,0.0204,0.0468,456774636701154.562500
-0.46574,0.0204,0.053200000000000004,456774636701154.562500
-0.46573,0.0228,0.05,456774636701154.562500
-0.46572,0.0236,0.056400000000000006,456774636701154.562500
-0.46571,0.0244,0.053200000000000004,456774636701154.562500
-0.4657,0.0244,0.058,456774636701154.562500
-0.46569,0.0252,0.055600000000000004,456774636701154.562500
-0.46568,0.0244,0.050800000000000005,456774636701154.562500
-0.46567000000000003,0.0244,0.0572,456774636701154.562500
-0.46566,0.0236,0.056400000000000006,456774636701154.562500
-0.46565,0.0236,0.0548,456774636701154.562500
-0.46564,0.0228,0.0572,456774636701154.562500
-0.46563,0.0236,0.055600000000000004,456774636701154.562500
-0.46562,0.0228,0.056400000000000006,456774636701154.562500
-0.46560999999999997,0.0212,0.055600000000000004,456774636701154.562500
-0.4656,0.0236,0.058,456774636701154.562500
-0.46559,0.022000000000000002,0.0572,456774636701154.562500
-0.46558,0.0236,0.058,456774636701154.562500
-0.46557,0.0228,0.055600000000000004,456774636701154.562500
-0.46556,0.022000000000000002,0.0572,456774636701154.562500
-0.46555,0.0212,0.056400000000000006,456774636701154.562500
-0.46554,0.0212,0.0492,456774636701154.562500
-0.46553,0.0236,0.0572,456774636701154.562500
-0.46552,0.0228,0.054,456774636701154.562500
-0.46551,0.0212,0.0548,456774636701154.562500
-0.4655,0.0236,0.050800000000000005,456774636701154.562500
-0.46549,0.0212,0.05,456774636701154.562500
-0.46548,0.0212,0.056400000000000006,456774636701154.562500
-0.46547,0.0228,0.0396,456774636701154.562500
-0.46546,0.0228,0.056400000000000006,456774636701154.562500
-0.46545,0.0228,0.050800000000000005,456774636701154.562500
-0.46544,0.0212,0.056400000000000006,456774636701154.562500
-0.46543,0.022000000000000002,0.054,456774636701154.562500
-0.46542,0.0228,0.0548,456774636701154.562500
-0.46541,0.022000000000000002,0.0548,456774636701154.562500
-0.4654,0.0252,0.0548,456774636701154.562500
-0.46538999999999997,0.0244,0.0524,456774636701154.562500
-0.46538,0.0244,0.0516,456774636701154.562500
-0.46537,0.0228,0.053200000000000004,456774636701154.562500
-0.46536,0.0244,0.046,456774636701154.562500
-0.46535,0.026000000000000002,0.056400000000000006,456774636701154.562500
-0.46534,0.0236,0.056400000000000006,456774636701154.562500
-0.46533,0.0228,0.0572,456774636701154.562500
-0.46532,0.0236,0.0572,456774636701154.562500
-0.46531,0.0228,0.0572,456774636701154.562500
-0.4653,0.0228,0.0572,456774636701154.562500
-0.46529,0.022000000000000002,0.058,456774636701154.562500
-0.46528,0.0236,0.0524,456774636701154.562500
-0.46527,0.0212,0.0516,456774636701154.562500
-0.46526,0.0196,0.0492,456774636701154.562500
-0.46525,0.022000000000000002,0.058,456774636701154.562500
-0.46524,0.0236,0.056400000000000006,456774636701154.562500
-0.46523,0.0228,0.053200000000000004,456774636701154.562500
-0.46521999999999997,0.022000000000000002,0.048400000000000006,456774636701154.562500
-0.46521,0.022000000000000002,0.0364,456774636701154.562500
-0.4652,0.0188,0.0412,456774636701154.562500
-0.46519,0.018000000000000002,0.0492,456774636701154.562500
-0.46518,0.0196,0.053200000000000004,456774636701154.562500
-0.46517,0.0196,0.0492,456774636701154.562500
-0.46516,0.0212,0.055600000000000004,456774636701154.562500
-0.46515,0.0228,0.055600000000000004,456774636701154.562500
-0.46514,0.0228,0.0548,456774636701154.562500
-0.46513,0.0228,0.0524,456774636701154.562500
-0.46512,0.0244,0.058,456774636701154.562500
-0.46511,0.0252,0.056400000000000006,456774636701154.562500
-0.4651,0.0204,0.0572,456774636701154.562500
-0.46509,0.0244,0.058,456774636701154.562500
-0.46508,0.0236,0.058,456774636701154.562500
-0.46507,0.022000000000000002,0.0572,456774636701154.562500
-0.46506,0.0236,0.056400000000000006,456774636701154.562500
-0.46505,0.0252,0.050800000000000005,456774636701154.562500
-0.46504,0.022000000000000002,0.055600000000000004,456774636701154.562500
-0.46503,0.0236,0.0516,456774636701154.562500
-0.46502,0.0204,0.048400000000000006,456774636701154.562500
-0.46501,0.0164,0.053200000000000004,456774636701154.562500
-0.46499999999999997,0.0204,0.054,456774636701154.562500
-0.46499,0.022000000000000002,0.0492,456774636701154.562500
-0.46498,0.0228,0.0572,456774636701154.562500
-0.46497,0.0196,0.0548,456774636701154.562500
-0.46496,0.0212,0.056400000000000006,456774636701154.562500
-0.46495,0.022000000000000002,0.058,456774636701154.562500
-0.46494,0.0212,0.055600000000000004,456774636701154.562500
-0.46493,0.0204,0.055600000000000004,456774636701154.562500
-0.46492,0.0228,0.058,456774636701154.562500
-0.46491,0.0228,0.0516,456774636701154.562500
-0.4649,0.022000000000000002,0.05,456774636701154.562500
-0.46489,0.0212,0.0436,456774636701154.562500
-0.46488,0.0164,0.050800000000000005,456774636701154.562500
-0.46487,0.0204,0.050800000000000005,456774636701154.562500
-0.46486,0.0204,0.0524,456774636701154.562500
-0.46485,0.022000000000000002,0.0572,456774636701154.562500
-0.46484,0.0196,0.0572,456774636701154.562500
-0.46483,0.0188,0.0572,456774636701154.562500
-0.46482,0.0204,0.058,456774636701154.562500
-0.46481,0.0212,0.056400000000000006,456774636701154.562500
-0.4648,0.0228,0.0548,456774636701154.562500
-0.46479,0.026000000000000002,0.056400000000000006,456774636701154.562500
-0.46477999999999997,0.0236,0.0548,456774636701154.562500
-0.46477,0.0244,0.05,456774636701154.562500
-0.46476,0.0244,0.055600000000000004,456774636701154.562500
-0.46475,0.0236,0.050800000000000005,456774636701154.562500
-0.46474,0.0236,0.054,456774636701154.562500
-0.46473,0.0228,0.056400000000000006,456774636701154.562500
-0.46472,0.0228,0.0524,456774636701154.562500
-0.46471,0.0236,0.053200000000000004,456774636701154.562500
-0.4647,0.0236,0.055600000000000004,456774636701154.562500
-0.46469,0.0236,0.056400000000000006,456774636701154.562500
-0.46468,0.022000000000000002,0.056400000000000006,456774636701154.562500
-0.46467,0.0228,0.0572,456774636701154.562500
-0.46466,0.022000000000000002,0.0572,456774636701154.562500
-0.46465,0.0212,0.058,456774636701154.562500
-0.46464,0.022000000000000002,0.056400000000000006,456774636701154.562500
-0.46463,0.0228,0.055600000000000004,456774636701154.562500
-0.46462,0.022000000000000002,0.056400000000000006,456774636701154.562500
-0.46460999999999997,0.022000000000000002,0.058,456774636701154.562500
-0.4646,0.0172,0.0548,456774636701154.562500
-0.46459,0.0236,0.0516,456774636701154.562500
-0.46458,0.0236,0.056400000000000006,456774636701154.562500
-0.46457,0.0212,0.056400000000000006,456774636701154.562500
-0.46456,0.0228,0.054,456774636701154.562500
-0.46455,0.0236,0.046,456774636701154.562500
-0.46454,0.022000000000000002,0.058,456774636701154.562500
-0.46453,0.0212,0.0516,456774636701154.562500
-0.46452,0.0228,0.058,456774636701154.562500
-0.46451,0.0244,0.0548,456774636701154.562500
-0.4645,0.0228,0.0572,456774636701154.562500
-0.46449,0.0244,0.0548,456774636701154.562500
-0.46448,0.0236,0.0548,456774636701154.562500
-0.46447,0.0244,0.056400000000000006,456774636701154.562500
-0.46446,0.0244,0.053200000000000004,456774636701154.562500
-0.46445,0.0212,0.056400000000000006,456774636701154.562500
-0.46444,0.0228,0.0524,456774636701154.562500
-0.46443,0.0252,0.0572,456774636701154.562500
-0.46442,0.0252,0.054,456774636701154.562500
-0.46441,0.0252,0.0548,456774636701154.562500
-0.4644,0.0236,0.042,456774636701154.562500
-0.46438999999999997,0.022000000000000002,0.0492,456774636701154.562500
-0.46438,0.0236,0.042,456774636701154.562500
-0.46437,0.0228,0.056400000000000006,456774636701154.562500
-0.46436,0.0228,0.0548,456774636701154.562500
-0.46435,0.0228,0.058,456774636701154.562500
-0.46434,0.022000000000000002,0.0572,456774636701154.562500
-0.46433,0.0212,0.056400000000000006,456774636701154.562500
-0.46432,0.022000000000000002,0.0572,456774636701154.562500
-0.46431,0.0212,0.05,456774636701154.562500
-0.4643,0.022000000000000002,0.0548,456774636701154.562500
-0.46429,0.022000000000000002,0.0516,456774636701154.562500
-0.46428,0.022000000000000002,0.056400000000000006,456774636701154.562500
-0.46427,0.022000000000000002,0.0548,456774636701154.562500
-0.46426,0.0236,0.0572,456774636701154.562500
-0.46425,0.022000000000000002,0.053200000000000004,456774636701154.562500
-0.46424,0.022000000000000002,0.056400000000000006,456774636701154.562500
-0.46423,0.022000000000000002,0.05,456774636701154.562500
-0.46421999999999997,0.022000000000000002,0.0572,456774636701154.562500
-0.46421,0.0228,0.054,456774636701154.562500
-0.4642,0.0228,0.05,456774636701154.562500
-0.46419,0.0228,0.058,456774636701154.562500
-0.46418,0.0252,0.0548,456774636701154.562500
-0.46416999999999997,0.0244,0.058800000000000005,456774636701154.562500
-0.46416,0.0244,0.0572,456774636701154.562500
-0.46415,0.0244,0.056400000000000006,456774636701154.562500
-0.46414,0.0252,0.054,456774636701154.562500
-0.46413,0.0252,0.055600000000000004,456774636701154.562500
-0.46412,0.0236,0.0548,456774636701154.562500
-0.46411,0.0236,0.055600000000000004,456774636701154.562500
-0.4641,0.0236,0.0572,456774636701154.562500
-0.46409,0.0204,0.0572,456774636701154.562500
-0.46408,0.0236,0.053200000000000004,456774636701154.562500
-0.46407,0.0236,0.0524,456774636701154.562500
-0.46406000000000003,0.0228,0.050800000000000005,456774636701154.562500
-0.46405,0.0212,0.054,456774636701154.562500
-0.46404,0.0204,0.058,456774636701154.562500
-0.46403,0.0228,0.053200000000000004,456774636701154.562500
-0.46402,0.022000000000000002,0.05,456774636701154.562500
-0.46401,0.0204,0.0524,456774636701154.562500
-0.46399999999999997,0.0228,0.0524,456774636701154.562500
-0.46399,0.0164,0.0572,456774636701154.562500
-0.46398,0.022000000000000002,0.055600000000000004,456774636701154.562500
-0.46397,0.0228,0.056400000000000006,456774636701154.562500
-0.46396,0.0204,0.0572,456774636701154.562500
-0.46395,0.022000000000000002,0.0572,456774636701154.562500
-0.46394,0.022000000000000002,0.058,456774636701154.562500
-0.46393,0.0204,0.054,456774636701154.562500
-0.46392,0.0228,0.055600000000000004,456774636701154.562500
-0.46391,0.0236,0.0572,456774636701154.562500
-0.4639,0.022000000000000002,0.056400000000000006,456774636701154.562500
-0.46389,0.0212,0.056400000000000006,456774636701154.562500
-0.46388,0.015600000000000001,0.055600000000000004,456774636701154.562500
-0.46387,0.0244,0.058800000000000005,456774636701154.562500
-0.46386,0.0196,0.0572,456774636701154.562500
-0.46385,0.0212,0.0516,456774636701154.562500
-0.46384,0.0236,0.055600000000000004,456774636701154.562500
-0.46383,0.0252,0.056400000000000006,456774636701154.562500
-0.46382,0.0212,0.058,456774636701154.562500
-0.46381,0.0236,0.0524,456774636701154.562500
-0.4638,0.0236,0.058,456774636701154.562500
-0.46379,0.0236,0.0572,456774636701154.562500
-0.46377999999999997,0.0236,0.0572,456774636701154.562500
-0.46377,0.0212,0.0572,456774636701154.562500
-0.46376,0.0236,0.056400000000000006,456774636701154.562500
-0.46375,0.0188,0.058,456774636701154.562500
-0.46374,0.018000000000000002,0.056400000000000006,456774636701154.562500
-0.46373,0.022000000000000002,0.054,456774636701154.562500
-0.46372,0.022000000000000002,0.056400000000000006,456774636701154.562500
-0.46371,0.0236,0.0572,456774636701154.562500
-0.4637,0.0236,0.0524,456774636701154.562500
-0.46369,0.022000000000000002,0.055600000000000004,456774636701154.562500
-0.46368,0.0236,0.055600000000000004,456774636701154.562500
-0.46367,0.0188,0.0572,456774636701154.562500
-0.46366,0.0228,0.054,456774636701154.562500
-0.46365,0.022000000000000002,0.056400000000000006,456774636701154.562500
-0.46364,0.0236,0.054,456774636701154.562500
-0.46363,0.022000000000000002,0.053200000000000004,456774636701154.562500
-0.46362,0.0228,0.0548,456774636701154.562500
-0.46360999999999997,0.0204,0.056400000000000006,456774636701154.562500
-0.4636,0.0228,0.056400000000000006,456774636701154.562500
-0.46359,0.0212,0.0572,456774636701154.562500
-0.46358,0.0244,0.056400000000000006,456774636701154.562500
-0.46357,0.0236,0.058,456774636701154.562500
-0.46355999999999997,0.0244,0.058,456774636701154.562500
-0.46355,0.0244,0.0572,456774636701154.562500
-0.46354,0.0244,0.055600000000000004,456774636701154.562500
-0.46353,0.0236,0.058,456774636701154.562500
-0.46352,0.0228,0.0572,456774636701154.562500
-0.46351,0.0228,0.058,456774636701154.562500
-0.4635,0.0236,0.0572,456774636701154.562500
-0.46349,0.0204,0.056400000000000006,456774636701154.562500
-0.46348,0.0228,0.05,456774636701154.562500
-0.46347,0.0212,0.0572,456774636701154.562500
-0.46346,0.022000000000000002,0.056400000000000006,456774636701154.562500
-0.46345,0.0244,0.055600000000000004,456774636701154.562500
-0.46344,0.022000000000000002,0.0492,456774636701154.562500
-0.46343,0.0228,0.055600000000000004,456774636701154.562500
-0.46342,0.0212,0.0516,456774636701154.562500
-0.46341,0.0228,0.0572,456774636701154.562500
-0.4634,0.022000000000000002,0.055600000000000004,456774636701154.562500
-0.46338999999999997,0.022000000000000002,0.056400000000000006,456774636701154.562500
-0.46338,0.022000000000000002,0.054,456774636701154.562500
-0.46337,0.0228,0.0572,456774636701154.562500
-0.46336,0.0188,0.0524,456774636701154.562500
-0.46335,0.0212,0.058,456774636701154.562500
-0.46334,0.0236,0.056400000000000006,456774636701154.562500
-0.46333,0.0228,0.058,456774636701154.562500
-0.46332,0.0236,0.055600000000000004,456774636701154.562500
-0.46331,0.0236,0.048400000000000006,456774636701154.562500
-0.4633,0.0236,0.056400000000000006,456774636701154.562500
-0.46329,0.022000000000000002,0.056400000000000006,456774636701154.562500
-0.46328,0.022000000000000002,0.0524,456774636701154.562500
-0.46327,0.0204,0.056400000000000006,456774636701154.562500
-0.46326,0.0244,0.0524,456774636701154.562500
-0.46325,0.0244,0.055600000000000004,456774636701154.562500
-0.46324,0.0244,0.055600000000000004,456774636701154.562500
-0.46323,0.0244,0.0572,456774636701154.562500
-0.46322,0.0196,0.058,456774636701154.562500
-0.46321,0.0236,0.0548,456774636701154.562500
-0.4632,0.0244,0.050800000000000005,456774636701154.562500
-0.46319,0.0244,0.0572,456774636701154.562500
-0.46318,0.0244,0.058,456774636701154.562500
-0.46316999999999997,0.0236,0.054,456774636701154.562500
-0.46316,0.0244,0.0572,456774636701154.562500
-0.46315,0.0244,0.0548,456774636701154.562500
-0.46314,0.0228,0.0572,456774636701154.562500
-0.46313,0.0228,0.0572,456774636701154.562500
-0.46312,0.0228,0.048400000000000006,456774636701154.562500
-0.46311,0.022000000000000002,0.040400000000000005,456774636701154.562500
-0.4631,0.0228,0.046,456774636701154.562500
-0.46309,0.0212,0.0436,456774636701154.562500
-0.46308,0.0228,0.045200000000000004,456774636701154.562500
-0.46307,0.0228,0.05,456774636701154.562500
-0.46306,0.022000000000000002,0.0492,456774636701154.562500
-0.46305,0.022000000000000002,0.050800000000000005,456774636701154.562500
-0.46304,0.0204,0.0516,456774636701154.562500
-0.46303,0.0196,0.058,456774636701154.562500
-0.46302,0.015600000000000001,0.056400000000000006,456774636701154.562500
-0.46301,0.0172,0.058,456774636701154.562500
-0.46299999999999997,0.015600000000000001,0.053200000000000004,456774636701154.562500
-0.46299,0.0204,0.055600000000000004,456774636701154.562500
-0.46298,0.0132,0.056400000000000006,456774636701154.562500
-0.46297,0.0244,0.055600000000000004,456774636701154.562500
-0.46296,0.0244,0.0572,456774636701154.562500
-0.46295,0.0252,0.056400000000000006,456774636701154.562500
-0.46294,0.0252,0.053200000000000004,456774636701154.562500
-0.46293,0.0204,0.055600000000000004,456774636701154.562500
-0.46292,0.0244,0.054,456774636701154.562500
-0.46291,0.0228,0.0572,456774636701154.562500
-0.4629,0.0236,0.056400000000000006,456774636701154.562500
-0.46289,0.0196,0.058,456774636701154.562500
-0.46288,0.0244,0.0572,456774636701154.562500
-0.46287,0.0196,0.055600000000000004,456774636701154.562500
-0.46286,0.0236,0.0548,456774636701154.562500
-0.46285,0.0228,0.055600000000000004,456774636701154.562500
-0.46284,0.022000000000000002,0.056400000000000006,456774636701154.562500
-0.46283,0.0228,0.055600000000000004,456774636701154.562500
-0.46282,0.0212,0.05,456774636701154.562500
-0.46281,0.0196,0.0468,456774636701154.562500
-0.4628,0.022000000000000002,0.055600000000000004,456774636701154.562500
-0.46279,0.0236,0.054,456774636701154.562500
-0.46277999999999997,0.0228,0.056400000000000006,456774636701154.562500
-0.46277,0.022000000000000002,0.054,456774636701154.562500
-0.46276,0.022000000000000002,0.0572,456774636701154.562500
-0.46275,0.0228,0.0572,456774636701154.562500
-0.46274,0.0212,0.045200000000000004,456774636701154.562500
-0.46273,0.022000000000000002,0.050800000000000005,456774636701154.562500
-0.46272,0.022000000000000002,0.05,456774636701154.562500
-0.46271,0.0212,0.058,456774636701154.562500
-0.4627,0.022000000000000002,0.055600000000000004,456774636701154.562500
-0.46269,0.0236,0.055600000000000004,456774636701154.562500
-0.46268,0.0228,0.055600000000000004,456774636701154.562500
-0.46267,0.022000000000000002,0.042800000000000005,456774636701154.562500
-0.46266,0.0236,0.0468,456774636701154.562500
-0.46265,0.0244,0.0572,456774636701154.562500
-0.46264,0.0244,0.056400000000000006,456774636701154.562500
-0.46263,0.0236,0.058,456774636701154.562500
-0.46262,0.0244,0.056400000000000006,456774636701154.562500
-0.46261,0.0236,0.053200000000000004,456774636701154.562500
-0.4626,0.0188,0.055600000000000004,456774636701154.562500
-0.46259,0.026000000000000002,0.0572,456774636701154.562500
-0.46258,0.0236,0.055600000000000004,456774636701154.562500
-0.46257,0.0204,0.0596,456774636701154.562500
-0.46255999999999997,0.0212,0.0572,456774636701154.562500
-0.46255,0.022000000000000002,0.056400000000000006,456774636701154.562500
-0.46254,0.0204,0.0572,456774636701154.562500
-0.46253,0.0204,0.058,456774636701154.562500
-0.46252,0.0148,0.0572,456774636701154.562500
-0.46251,0.0204,0.048400000000000006,456774636701154.562500
-0.4625,0.0188,0.054,456774636701154.562500
-0.46249,0.022000000000000002,0.0572,456774636701154.562500
-0.46248,0.0212,0.045200000000000004,456774636701154.562500
-0.46247,0.0204,0.0468,456774636701154.562500
-0.46246,0.0236,0.048400000000000006,456774636701154.562500
-0.46245,0.0204,0.058,456774636701154.562500
-0.46244,0.0204,0.055600000000000004,456774636701154.562500
-0.46243,0.022000000000000002,0.056400000000000006,456774636701154.562500
-0.46242,0.0196,0.0572,456774636701154.562500
-0.46241,0.0212,0.056400000000000006,456774636701154.562500
-0.4624,0.0228,0.056400000000000006,456774636701154.562500
-0.46238999999999997,0.0236,0.0524,456774636701154.562500
-0.46238,0.0244,0.0548,456774636701154.562500
-0.46237,0.0236,0.0548,456774636701154.562500
-0.46236,0.0236,0.050800000000000005,456774636701154.562500
-0.46235,0.022000000000000002,0.054,456774636701154.562500
-0.46234,0.0244,0.055600000000000004,456774636701154.562500
-0.46233,0.0244,0.054,456774636701154.562500
-0.46232,0.0228,0.048400000000000006,456774636701154.562500
-0.46231,0.0236,0.0548,456774636701154.562500
-0.4623,0.0244,0.0412,456774636701154.562500
-0.46229,0.022000000000000002,0.0476,456774636701154.562500
-0.46228,0.018000000000000002,0.0476,456774636701154.562500
-0.46227,0.022000000000000002,0.0516,456774636701154.562500
-0.46226,0.0228,0.0476,456774636701154.562500
-0.46225,0.0244,0.055600000000000004,456774636701154.562500
-0.46224,0.0228,0.0468,456774636701154.562500
-0.46223,0.0236,0.0444,456774636701154.562500
-0.46222,0.0228,0.05,456774636701154.562500
-0.46221,0.022000000000000002,0.054,456774636701154.562500
-0.4622,0.0236,0.045200000000000004,456774636701154.562500
-0.46219,0.0228,0.056400000000000006,456774636701154.562500
-0.46218,0.0236,0.050800000000000005,456774636701154.562500
-0.46216999999999997,0.0228,0.0572,456774636701154.562500
-0.46216,0.0204,0.055600000000000004,456774636701154.562500
-0.46215,0.0188,0.058800000000000005,456774636701154.562500
-0.46214,0.0204,0.055600000000000004,456774636701154.562500
-0.46213,0.022000000000000002,0.0516,456774636701154.562500
-0.46212,0.022000000000000002,0.0548,456774636701154.562500
-0.46211,0.022000000000000002,0.054,456774636701154.562500
-0.4621,0.0236,0.058,456774636701154.562500
-0.46209,0.0236,0.058,456774636701154.562500
-0.46208,0.0236,0.0572,456774636701154.562500
-0.46207,0.0204,0.0572,456774636701154.562500
-0.46206,0.0236,0.056400000000000006,456774636701154.562500
-0.46205,0.0228,0.058,456774636701154.562500
-0.46204,0.022000000000000002,0.056400000000000006,456774636701154.562500
-0.46203,0.0236,0.056400000000000006,456774636701154.562500
-0.46202,0.026000000000000002,0.0572,456774636701154.562500
-0.46201,0.0236,0.056400000000000006,456774636701154.562500
-0.46199999999999997,0.0228,0.058,456774636701154.562500
-0.46199,0.022000000000000002,0.056400000000000006,456774636701154.562500
-0.46198,0.0252,0.0572,456774636701154.562500
-0.46197,0.0212,0.056400000000000006,456774636701154.562500
-0.46196,0.0236,0.0572,456774636701154.562500
-0.46194999999999997,0.0196,0.0572,456774636701154.562500
-0.46194,0.0236,0.055600000000000004,456774636701154.562500
-0.46193,0.0188,0.0572,456774636701154.562500
-0.46192,0.022000000000000002,0.0516,456774636701154.562500
-0.46191,0.0204,0.058,456774636701154.562500
-0.4619,0.022000000000000002,0.056400000000000006,456774636701154.562500
-0.46189,0.0196,0.05,456774636701154.562500
-0.46188,0.0212,0.054,456774636701154.562500
-0.46187,0.0172,0.0492,456774636701154.562500
-0.46186,0.0228,0.056400000000000006,456774636701154.562500
-0.46185,0.0212,0.056400000000000006,456774636701154.562500
-0.46184,0.0228,0.0476,456774636701154.562500
-0.46183,0.022000000000000002,0.0524,456774636701154.562500
-0.46182,0.0228,0.0388,456774636701154.562500
-0.46181,0.0212,0.055600000000000004,456774636701154.562500
-0.4618,0.0236,0.058,456774636701154.562500
-0.46179,0.0228,0.0572,456774636701154.562500
-0.46177999999999997,0.0236,0.0572,456774636701154.562500
-0.46177,0.0228,0.0572,456774636701154.562500
-0.46176,0.0228,0.053200000000000004,456774636701154.562500
-0.46175,0.0196,0.0516,456774636701154.562500
-0.46174,0.0244,0.0476,456774636701154.562500
-0.46173,0.0204,0.0572,456774636701154.562500
-0.46172,0.0236,0.058,456774636701154.562500
-0.46171,0.0244,0.058,456774636701154.562500
-0.4617,0.0236,0.053200000000000004,456774636701154.562500
-0.46169,0.0244,0.0524,456774636701154.562500
-0.46168,0.0236,0.0468,456774636701154.562500
-0.46167,0.0252,0.0524,456774636701154.562500
-0.46166,0.0236,0.0524,456774636701154.562500
-0.46165,0.0236,0.0468,456774636701154.562500
-0.46164,0.0212,0.0572,456774636701154.562500
-0.46163,0.0212,0.05,456774636701154.562500
-0.46162,0.0236,0.053200000000000004,456774636701154.562500
-0.46161,0.0228,0.0524,456774636701154.562500
-0.4616,0.0236,0.056400000000000006,456774636701154.562500
-0.46159,0.0236,0.056400000000000006,456774636701154.562500
-0.46158,0.022000000000000002,0.055600000000000004,456774636701154.562500
-0.46157,0.0212,0.056400000000000006,456774636701154.562500
-0.46155999999999997,0.0212,0.058,456774636701154.562500
-0.46155,0.0228,0.055600000000000004,456774636701154.562500
-0.46154,0.022000000000000002,0.055600000000000004,456774636701154.562500
-0.46153,0.0196,0.058,456774636701154.562500
-0.46152,0.022000000000000002,0.058,456774636701154.562500
-0.46151,0.0212,0.0572,456774636701154.562500
-0.4615,0.0236,0.058800000000000005,456774636701154.562500
-0.46149,0.0228,0.055600000000000004,456774636701154.562500
-0.46148,0.0236,0.055600000000000004,456774636701154.562500
-0.46147,0.0244,0.055600000000000004,456774636701154.562500
-0.46146,0.0212,0.055600000000000004,456774636701154.562500
-0.46145,0.0236,0.0572,456774636701154.562500
-0.46144,0.0268,0.054,456774636701154.562500
-0.46143,0.0252,0.055600000000000004,456774636701154.562500
-0.46142,0.022000000000000002,0.0572,456774636701154.562500
-0.46141,0.0252,0.048400000000000006,456774636701154.562500
-0.4614,0.0252,0.0572,456774636701154.562500
-0.46138999999999997,0.0236,0.056400000000000006,456774636701154.562500
-0.46138,0.022000000000000002,0.058,456774636701154.562500
-0.46137,0.0228,0.056400000000000006,456774636701154.562500
-0.46136,0.0236,0.058,456774636701154.562500
-0.46135,0.0228,0.055600000000000004,456774636701154.562500
-0.46134,0.0228,0.056400000000000006,456774636701154.562500
-0.46133,0.0236,0.053200000000000004,456774636701154.562500
-0.46132,0.0228,0.0572,456774636701154.562500
-0.46131,0.022000000000000002,0.055600000000000004,456774636701154.562500
-0.4613,0.0228,0.0572,456774636701154.562500
-0.46129,0.022000000000000002,0.050800000000000005,456774636701154.562500
-0.46128,0.0228,0.0492,456774636701154.562500
-0.46127,0.022000000000000002,0.0548,456774636701154.562500
-0.46126,0.022000000000000002,0.058,456774636701154.562500
-0.46125,0.022000000000000002,0.055600000000000004,456774636701154.562500
-0.46124,0.0204,0.055600000000000004,456774636701154.562500
-0.46123,0.0228,0.0524,456774636701154.562500
-0.46122,0.0236,0.0548,456774636701154.562500
-0.46121,0.0236,0.0524,456774636701154.562500
-0.4612,0.0228,0.056400000000000006,456774636701154.562500
-0.46119,0.022000000000000002,0.0572,456774636701154.562500
-0.46118,0.0228,0.054,456774636701154.562500
-0.46116999999999997,0.0212,0.055600000000000004,456774636701154.562500
-0.46116,0.0236,0.0492,456774636701154.562500
-0.46115,0.0212,0.0572,456774636701154.562500
-0.46114,0.0236,0.058,456774636701154.562500
-0.46113,0.0228,0.0572,456774636701154.562500
-0.46112,0.0244,0.05,456774636701154.562500
-0.46111,0.0252,0.0572,456774636701154.562500
-0.4611,0.0244,0.055600000000000004,456774636701154.562500
-0.46109,0.0252,0.0548,456774636701154.562500
-0.46108,0.0244,0.0572,456774636701154.562500
-0.46107,0.0228,0.058,456774636701154.562500
-0.46106,0.0252,0.056400000000000006,456774636701154.562500
-0.46105,0.0236,0.0572,456774636701154.562500
-0.46104,0.0236,0.056400000000000006,456774636701154.562500
-0.46103,0.022000000000000002,0.056400000000000006,456774636701154.562500
-0.46102,0.0204,0.0572,456774636701154.562500
-0.46101,0.022000000000000002,0.055600000000000004,456774636701154.562500
-0.461,0.022000000000000002,0.0572,456774636701154.562500
-0.46099,0.0204,0.055600000000000004,456774636701154.562500
-0.46098,0.022000000000000002,0.0436,456774636701154.562500
-0.46097,0.0228,0.054,456774636701154.562500
-0.46096,0.0236,0.055600000000000004,456774636701154.562500
-0.46094999999999997,0.0172,0.058,456774636701154.562500
-0.46094,0.0204,0.0572,456774636701154.562500
-0.46093,0.018000000000000002,0.056400000000000006,456774636701154.562500
-0.46092,0.022000000000000002,0.056400000000000006,456774636701154.562500
-0.46091,0.0196,0.0548,456774636701154.562500
-0.4609,0.022000000000000002,0.050800000000000005,456774636701154.562500
-0.46089,0.0228,0.0548,456774636701154.562500
-0.46088,0.0236,0.05,456774636701154.562500
-0.46087,0.0244,0.054,456774636701154.562500
-0.46086,0.022000000000000002,0.053200000000000004,456774636701154.562500
-0.46085,0.0236,0.0548,456774636701154.562500
-0.46084,0.0236,0.054,456774636701154.562500
-0.46083,0.0252,0.0524,456774636701154.562500
-0.46082,0.022000000000000002,0.0524,456774636701154.562500
-0.46081,0.0228,0.055600000000000004,456774636701154.562500
-0.4608,0.0236,0.054,456774636701154.562500
-0.46079,0.0236,0.055600000000000004,456774636701154.562500
-0.46077999999999997,0.0236,0.058,456774636701154.562500
-0.46077,0.0212,0.058,456774636701154.562500
-0.46076,0.0236,0.0548,456774636701154.562500
-0.46075,0.0228,0.0572,456774636701154.562500
-0.46074,0.022000000000000002,0.0572,456774636701154.562500
-0.46073,0.0236,0.0572,456774636701154.562500
-0.46072,0.0236,0.0572,456774636701154.562500
-0.46071,0.0204,0.0548,456774636701154.562500
-0.4607,0.0212,0.054,456774636701154.562500
-0.46069,0.0212,0.054,456774636701154.562500
-0.46068,0.022000000000000002,0.058,456774636701154.562500
-0.46067,0.0188,0.0548,456774636701154.562500
-0.46066,0.022000000000000002,0.058,456774636701154.562500
-0.46065,0.0148,0.0476,456774636701154.562500
-0.46064,0.0188,0.055600000000000004,456774636701154.562500
-0.46063,0.0172,0.056400000000000006,456774636701154.562500
-0.46062,0.0212,0.0572,456774636701154.562500
-0.46061,0.022000000000000002,0.055600000000000004,456774636701154.562500
-0.4606,0.0204,0.056400000000000006,456774636701154.562500
-0.46059,0.0212,0.055600000000000004,456774636701154.562500
-0.46058,0.0212,0.056400000000000006,456774636701154.562500
-0.46057,0.0236,0.0412,456774636701154.562500
-0.46055999999999997,0.0236,0.050800000000000005,456774636701154.562500
-0.46055,0.0236,0.050800000000000005,456774636701154.562500
-0.46054,0.0204,0.058,456774636701154.562500
-0.46053,0.0236,0.055600000000000004,456774636701154.562500
-0.46052,0.0204,0.055600000000000004,456774636701154.562500
-0.46051,0.0236,0.053200000000000004,456774636701154.562500
-0.4605,0.0228,0.0468,456774636701154.562500
-0.46049,0.0236,0.0516,456774636701154.562500
-0.46048,0.0228,0.058,456774636701154.562500
-0.46047,0.0244,0.056400000000000006,456774636701154.562500
-0.46046,0.022000000000000002,0.0572,456774636701154.562500
-0.46045,0.0236,0.058800000000000005,456774636701154.562500
-0.46044,0.0228,0.055600000000000004,456774636701154.562500
-0.46043,0.0236,0.0572,456774636701154.562500
-0.46042,0.022000000000000002,0.0516,456774636701154.562500
-0.46041,0.022000000000000002,0.056400000000000006,456774636701154.562500
-0.4604,0.0204,0.0572,456774636701154.562500
-0.46038999999999997,0.022000000000000002,0.054,456774636701154.562500
-0.46038,0.022000000000000002,0.048400000000000006,456774636701154.562500
-0.46037,0.0212,0.0548,456774636701154.562500
-0.46036,0.0212,0.048400000000000006,456774636701154.562500
-0.46035,0.0228,0.0572,456774636701154.562500
-0.46033999999999997,0.0196,0.0524,456774636701154.562500
-0.46033,0.0212,0.055600000000000004,456774636701154.562500
-0.46032,0.0188,0.054,456774636701154.562500
-0.46031,0.0228,0.0572,456774636701154.562500
-0.4603,0.0212,0.055600000000000004,456774636701154.562500
-0.46029,0.022000000000000002,0.0572,456774636701154.562500
-0.46028,0.0228,0.056400000000000006,456774636701154.562500
-0.46027,0.0204,0.055600000000000004,456774636701154.562500
-0.46026,0.022000000000000002,0.0572,456774636701154.562500
-0.46025,0.0228,0.0548,456774636701154.562500
-0.46024,0.022000000000000002,0.0572,456774636701154.562500
-0.46023000000000003,0.0204,0.054,456774636701154.562500
-0.46022,0.0212,0.054,456774636701154.562500
-0.46021,0.0164,0.056400000000000006,456774636701154.562500
-0.4602,0.022000000000000002,0.053200000000000004,456774636701154.562500
-0.46019,0.0244,0.054,456774636701154.562500
-0.46018,0.0236,0.055600000000000004,456774636701154.562500
-0.46016999999999997,0.022000000000000002,0.0572,456774636701154.562500
-0.46016,0.0228,0.0524,456774636701154.562500
-0.46015,0.0228,0.056400000000000006,456774636701154.562500
-0.46014,0.0228,0.0548,456774636701154.562500
-0.46013,0.0236,0.055600000000000004,456774636701154.562500
-0.46012,0.0204,0.058,456774636701154.562500
-0.46011,0.022000000000000002,0.05,456774636701154.562500
-0.4601,0.018000000000000002,0.056400000000000006,456774636701154.562500
-0.46009,0.0228,0.05,456774636701154.562500
-0.46008,0.0228,0.0572,456774636701154.562500
-0.46007,0.0236,0.0524,456774636701154.562500
-0.46006,0.0236,0.056400000000000006,456774636701154.562500
-0.46005,0.0236,0.055600000000000004,456774636701154.562500
-0.46004,0.0228,0.056400000000000006,456774636701154.562500
-0.46003,0.0228,0.055600000000000004,456774636701154.562500
-0.46002,0.0196,0.058,456774636701154.562500
-0.46001,0.0228,0.058,456774636701154.562500
-0.46,0.0212,0.0572,456774636701154.562500
-0.45999,0.0228,0.055600000000000004,456774636701154.562500
-0.45998,0.0228,0.058,456774636701154.562500
-0.45997,0.0236,0.0572,456774636701154.562500
-0.45996,0.022000000000000002,0.054,456774636701154.562500
-0.45994999999999997,0.0228,0.0548,456774636701154.562500
-0.45994,0.0244,0.058,456774636701154.562500
-0.45993,0.022000000000000002,0.055600000000000004,456774636701154.562500
-0.45992,0.0244,0.0548,456774636701154.562500
-0.45991,0.0236,0.0572,456774636701154.562500
-0.4599,0.0244,0.058,456774636701154.562500
-0.45989,0.0236,0.058,456774636701154.562500
-0.45988,0.0244,0.0572,456774636701154.562500
-0.45987,0.0236,0.0548,456774636701154.562500
-0.45986,0.022000000000000002,0.0572,456774636701154.562500
-0.45985,0.0244,0.0572,456774636701154.562500
-0.45984,0.0212,0.056400000000000006,456774636701154.562500
-0.45983,0.0236,0.053200000000000004,456774636701154.562500
-0.45982,0.0196,0.055600000000000004,456774636701154.562500
-0.45981,0.0228,0.055600000000000004,456774636701154.562500
-0.4598,0.0204,0.0548,456774636701154.562500
-0.45979,0.0196,0.055600000000000004,456774636701154.562500
-0.45977999999999997,0.018000000000000002,0.056400000000000006,456774636701154.562500
-0.45977,0.0228,0.0572,456774636701154.562500
-0.45976,0.0188,0.054,456774636701154.562500
-0.45975,0.022000000000000002,0.058,456774636701154.562500
-0.45974,0.0212,0.0572,456774636701154.562500
-0.45972999999999997,0.022000000000000002,0.0572,456774636701154.562500
-0.45972,0.0228,0.0572,456774636701154.562500
-0.45971,0.0236,0.058,456774636701154.562500
-0.4597,0.0212,0.0476,456774636701154.562500
-0.45969,0.0236,0.0572,456774636701154.562500
-0.45968,0.0212,0.055600000000000004,456774636701154.562500
-0.45967,0.022000000000000002,0.054,456774636701154.562500
-0.45966,0.0228,0.050800000000000005,456774636701154.562500
-0.45965,0.0228,0.058,456774636701154.562500
-0.45964,0.0236,0.056400000000000006,456774636701154.562500
-0.45963,0.0212,0.056400000000000006,456774636701154.562500
-0.45962,0.0236,0.054,456774636701154.562500
-0.45961,0.0228,0.0548,456774636701154.562500
-0.4596,0.022000000000000002,0.048400000000000006,456774636701154.562500
-0.45959,0.0244,0.056400000000000006,456774636701154.562500
-0.45958,0.0212,0.056400000000000006,456774636701154.562500
-0.45957,0.0244,0.0572,456774636701154.562500
-0.45955999999999997,0.0204,0.0548,456774636701154.562500
-0.45955,0.0252,0.0524,456774636701154.562500
-0.45954,0.0204,0.0476,456774636701154.562500
-0.45953,0.0236,0.054,456774636701154.562500
-0.45952,0.0204,0.0524,456774636701154.562500
-0.45951,0.0252,0.054,456774636701154.562500
-0.4595,0.0228,0.0516,456774636701154.562500
-0.45949,0.0212,0.0572,456774636701154.562500
-0.45948,0.0244,0.054,456774636701154.562500
-0.45947,0.022000000000000002,0.058800000000000005,456774636701154.562500
-0.45946,0.0228,0.055600000000000004,456774636701154.562500
-0.45945,0.0236,0.058800000000000005,456774636701154.562500
-0.45944,0.022000000000000002,0.055600000000000004,456774636701154.562500
-0.45943,0.022000000000000002,0.0572,456774636701154.562500
-0.45942,0.0204,0.054,456774636701154.562500
-0.45941,0.022000000000000002,0.0548,456774636701154.562500
-0.4594,0.0244,0.058,456774636701154.562500
-0.45939,0.022000000000000002,0.0572,456774636701154.562500
-0.45938,0.022000000000000002,0.058800000000000005,456774636701154.562500
-0.45937,0.0228,0.050800000000000005,456774636701154.562500
-0.45936,0.0244,0.0572,456774636701154.562500
-0.45935,0.0228,0.0548,456774636701154.562500
-0.45933999999999997,0.0236,0.055600000000000004,456774636701154.562500
-0.45933,0.0228,0.055600000000000004,456774636701154.562500
-0.45932,0.022000000000000002,0.056400000000000006,456774636701154.562500
-0.45931,0.0236,0.053200000000000004,456774636701154.562500
-0.4593,0.0236,0.05,456774636701154.562500
-0.45929,0.0228,0.053200000000000004,456774636701154.562500
-0.45928,0.0236,0.058,456774636701154.562500
-0.45927,0.0204,0.050800000000000005,456774636701154.562500
-0.45926,0.0236,0.0572,456774636701154.562500
-0.45925,0.0196,0.056400000000000006,456774636701154.562500
-0.45924,0.0236,0.055600000000000004,456774636701154.562500
-0.45923,0.0244,0.055600000000000004,456774636701154.562500
-0.45922,0.0244,0.055600000000000004,456774636701154.562500
-0.45921,0.0244,0.056400000000000006,456774636701154.562500
-0.4592,0.0196,0.053200000000000004,456774636701154.562500
-0.45919,0.0244,0.058,456774636701154.562500
-0.45918,0.0236,0.056400000000000006,456774636701154.562500
-0.45916999999999997,0.0236,0.0572,456774636701154.562500
-0.45916,0.022000000000000002,0.055600000000000004,456774636701154.562500
-0.45915,0.022000000000000002,0.055600000000000004,456774636701154.562500
-0.45914,0.0236,0.054,456774636701154.562500
-0.45913,0.022000000000000002,0.0572,456774636701154.562500
-0.45912,0.022000000000000002,0.058,456774636701154.562500
-0.45911,0.022000000000000002,0.0572,456774636701154.562500
-0.4591,0.0228,0.0548,456774636701154.562500
-0.45909,0.022000000000000002,0.0572,456774636701154.562500
-0.45908,0.0236,0.0548,456774636701154.562500
-0.45907,0.0204,0.055600000000000004,456774636701154.562500
-0.45906,0.0204,0.0548,456774636701154.562500
-0.45905,0.0236,0.053200000000000004,456774636701154.562500
-0.45904,0.0212,0.058,456774636701154.562500
-0.45903,0.0236,0.05,456774636701154.562500
-0.45902,0.0228,0.058,456774636701154.562500
-0.45901,0.0244,0.055600000000000004,456774636701154.562500
-0.459,0.0252,0.058,456774636701154.562500
-0.45899,0.0236,0.0548,456774636701154.562500
-0.45898,0.0212,0.056400000000000006,456774636701154.562500
-0.45897,0.0236,0.054,456774636701154.562500
-0.45896,0.0252,0.058,456774636701154.562500
-0.45894999999999997,0.0228,0.053200000000000004,456774636701154.562500
-0.45894,0.022000000000000002,0.056400000000000006,456774636701154.562500
-0.45893,0.0244,0.0516,456774636701154.562500
-0.45892,0.0212,0.0572,456774636701154.562500
-0.45891,0.0228,0.056400000000000006,456774636701154.562500
-0.4589,0.022000000000000002,0.058,456774636701154.562500
-0.45889,0.0196,0.058,456774636701154.562500
-0.45888,0.0236,0.0572,456774636701154.562500
-0.45887,0.0196,0.0596,456774636701154.562500
-0.45886,0.022000000000000002,0.053200000000000004,456774636701154.562500
-0.45885,0.0236,0.055600000000000004,456774636701154.562500
-0.45884,0.022000000000000002,0.050800000000000005,456774636701154.562500
-0.45883,0.0204,0.058,456774636701154.562500
-0.45882,0.022000000000000002,0.053200000000000004,456774636701154.562500
-0.45881,0.0204,0.0572,456774636701154.562500
-0.4588,0.0228,0.0524,456774636701154.562500
-0.45879,0.0196,0.058,456774636701154.562500
-0.45877999999999997,0.0204,0.0444,456774636701154.562500
-0.45877,0.022000000000000002,0.058,456774636701154.562500
-0.45876,0.0212,0.0548,456774636701154.562500
-0.45875,0.022000000000000002,0.0572,456774636701154.562500
-0.45874,0.0228,0.054,456774636701154.562500
-0.45872999999999997,0.0228,0.058,456774636701154.562500
-0.45872,0.0228,0.053200000000000004,456774636701154.562500
-0.45871,0.0244,0.055600000000000004,456774636701154.562500
-0.4587,0.0244,0.054,456774636701154.562500
-0.45869,0.0228,0.058,456774636701154.562500
-0.45868,0.0252,0.058800000000000005,456774636701154.562500
-0.45867,0.0244,0.0572,456774636701154.562500
-0.45866,0.0244,0.05,456774636701154.562500
-0.45865,0.0212,0.054,456774636701154.562500
-0.45864,0.0228,0.0524,456774636701154.562500
-0.45863,0.0204,0.055600000000000004,456774636701154.562500
-0.45862,0.0236,0.055600000000000004,456774636701154.562500
-0.45861,0.0236,0.056400000000000006,456774636701154.562500
-0.4586,0.022000000000000002,0.0524,456774636701154.562500
-0.45859,0.0228,0.056400000000000006,456774636701154.562500
-0.45858,0.0236,0.0548,456774636701154.562500
-0.45857,0.0228,0.056400000000000006,456774636701154.562500
-0.45855999999999997,0.0228,0.058,456774636701154.562500
-0.45855,0.022000000000000002,0.0572,456774636701154.562500
-0.45854,0.0212,0.054,456774636701154.562500
-0.45853,0.0212,0.056400000000000006,456774636701154.562500
-0.45852,0.0228,0.055600000000000004,456774636701154.562500
-0.45851,0.0212,0.0572,456774636701154.562500
-0.4585,0.0212,0.058,456774636701154.562500
-0.45849,0.022000000000000002,0.0572,456774636701154.562500
-0.45848,0.022000000000000002,0.056400000000000006,456774636701154.562500
-0.45847,0.0228,0.058,456774636701154.562500
-0.45846,0.0196,0.056400000000000006,456774636701154.562500
-0.45845,0.0236,0.058,456774636701154.562500
-0.45844,0.0228,0.0572,456774636701154.562500
-0.45843,0.0236,0.056400000000000006,456774636701154.562500
-0.45842,0.018000000000000002,0.0548,456774636701154.562500
-0.45841,0.0236,0.0548,456774636701154.562500
-0.4584,0.0236,0.055600000000000004,456774636701154.562500
-0.45839,0.0244,0.0524,456774636701154.562500
-0.45838,0.0268,0.054,456774636701154.562500
-0.45837,0.0244,0.0516,456774636701154.562500
-0.45836,0.0244,0.053200000000000004,456774636701154.562500
-0.45835,0.0236,0.055600000000000004,456774636701154.562500
-0.45833999999999997,0.022000000000000002,0.053200000000000004,456774636701154.562500
-0.45833,0.0244,0.0572,456774636701154.562500
-0.45832,0.0236,0.056400000000000006,456774636701154.562500
-0.45831,0.022000000000000002,0.0572,456774636701154.562500
-0.4583,0.0236,0.0516,456774636701154.562500
-0.45829,0.0204,0.0572,456774636701154.562500
-0.45828,0.0236,0.0524,456774636701154.562500
-0.45827,0.0212,0.0548,456774636701154.562500
-0.45826,0.0236,0.0572,456774636701154.562500
-0.45825,0.0172,0.056400000000000006,456774636701154.562500
-0.45824,0.0228,0.0548,456774636701154.562500
-0.45823,0.022000000000000002,0.0572,456774636701154.562500
-0.45822,0.0236,0.0476,456774636701154.562500
-0.45821,0.018000000000000002,0.058,456774636701154.562500
-0.4582,0.0228,0.056400000000000006,456774636701154.562500
-0.45819,0.0212,0.05,456774636701154.562500
-0.45818,0.022000000000000002,0.056400000000000006,456774636701154.562500
-0.45816999999999997,0.0212,0.056400000000000006,456774636701154.562500
-0.45816,0.0212,0.055600000000000004,456774636701154.562500
-0.45815,0.0196,0.054,456774636701154.562500
-0.45814,0.0236,0.0476,456774636701154.562500
-0.45813,0.0236,0.054,456774636701154.562500
-0.45811999999999997,0.0188,0.058,456774636701154.562500
-0.45811,0.0236,0.0524,456774636701154.562500
-0.4581,0.0212,0.058,456774636701154.562500
-0.45809,0.0228,0.054,456774636701154.562500
-0.45808,0.0244,0.058,456774636701154.562500
-0.45807,0.0244,0.054,456774636701154.562500
-0.45806,0.0196,0.056400000000000006,456774636701154.562500
-0.45805,0.0252,0.0524,456774636701154.562500
-0.45804,0.022000000000000002,0.0572,456774636701154.562500
-0.45803,0.0236,0.054,456774636701154.562500
-0.45802,0.0244,0.050800000000000005,456774636701154.562500
-0.45801,0.0228,0.056400000000000006,456774636701154.562500
-0.458,0.0228,0.053200000000000004,456774636701154.562500
-0.45799,0.022000000000000002,0.056400000000000006,456774636701154.562500
-0.45798,0.0236,0.056400000000000006,456774636701154.562500
-0.45797,0.0228,0.058,456774636701154.562500
-0.45796,0.0228,0.0516,456774636701154.562500
-0.45794999999999997,0.0204,0.055600000000000004,456774636701154.562500
-0.45794,0.0204,0.058,456774636701154.562500
-0.45793,0.0212,0.055600000000000004,456774636701154.562500
-0.45792,0.0212,0.058,456774636701154.562500
-0.45791,0.022000000000000002,0.0572,456774636701154.562500
-0.4579,0.0204,0.0548,456774636701154.562500
-0.45789,0.022000000000000002,0.0572,456774636701154.562500
-0.45788,0.022000000000000002,0.056400000000000006,456774636701154.562500
-0.45787,0.022000000000000002,0.054,456774636701154.562500
-0.45786,0.0236,0.058,456774636701154.562500
-0.45785,0.022000000000000002,0.05,456774636701154.562500
-0.45784,0.0204,0.054,456774636701154.562500
-0.45783,0.0196,0.058,456774636701154.562500
-0.45782,0.0196,0.048400000000000006,456774636701154.562500
-0.45781,0.0236,0.0572,456774636701154.562500
-0.4578,0.0244,0.042800000000000005,456774636701154.562500
-0.45779,0.0236,0.054,456774636701154.562500
-0.45778,0.0204,0.058,456774636701154.562500
-0.45777,0.0244,0.054,456774636701154.562500
-0.45776,0.022000000000000002,0.058,456774636701154.562500
-0.45775,0.0244,0.0572,456774636701154.562500
-0.45774,0.0244,0.058,456774636701154.562500
-0.45772999999999997,0.0236,0.058800000000000005,456774636701154.562500
-0.45772,0.0212,0.0548,456774636701154.562500
-0.45771,0.0244,0.05,456774636701154.562500
-0.4577,0.0204,0.0524,456774636701154.562500
-0.45769,0.0212,0.0436,456774636701154.562500
-0.45768,0.0196,0.053200000000000004,456774636701154.562500
-0.45767,0.0228,0.0492,456774636701154.562500
-0.45766,0.022000000000000002,0.0572,456774636701154.562500
-0.45765,0.0212,0.0572,456774636701154.562500
-0.45764,0.022000000000000002,0.054,456774636701154.562500
-0.45763,0.022000000000000002,0.058800000000000005,456774636701154.562500
-0.45762,0.0228,0.055600000000000004,456774636701154.562500
-0.45761,0.0204,0.056400000000000006,456774636701154.562500
-0.4576,0.022000000000000002,0.056400000000000006,456774636701154.562500
-0.45759,0.0228,0.054,456774636701154.562500
-0.45758,0.0172,0.056400000000000006,456774636701154.562500
-0.45757,0.0212,0.053200000000000004,456774636701154.562500
-0.45755999999999997,0.0212,0.050800000000000005,456774636701154.562500
-0.45755,0.018000000000000002,0.056400000000000006,456774636701154.562500
-0.45754,0.0236,0.05,456774636701154.562500
-0.45753,0.0204,0.053200000000000004,456774636701154.562500
-0.45752,0.0196,0.0524,456774636701154.562500
-0.45751,0.0236,0.054,456774636701154.562500
-0.4575,0.0244,0.054,456774636701154.562500
-0.45749,0.0244,0.055600000000000004,456774636701154.562500
-0.45748,0.0228,0.055600000000000004,456774636701154.562500
-0.45747,0.0244,0.0572,456774636701154.562500
-0.45746,0.0236,0.055600000000000004,456774636701154.562500
-0.45745,0.0244,0.0572,456774636701154.562500
-0.45744,0.0236,0.058,456774636701154.562500
-0.45743,0.0244,0.055600000000000004,456774636701154.562500
-0.45742,0.0236,0.054,456774636701154.562500
-0.45741,0.0244,0.055600000000000004,456774636701154.562500
-0.4574,0.0252,0.056400000000000006,456774636701154.562500
-0.45739,0.0236,0.0548,456774636701154.562500
-0.45738,0.0244,0.0516,456774636701154.562500
-0.45737,0.0236,0.0516,456774636701154.562500
-0.45736,0.0212,0.0524,456774636701154.562500
-0.45735,0.0236,0.0548,456774636701154.562500
-0.45733999999999997,0.0228,0.058,456774636701154.562500
-0.45733,0.0212,0.0572,456774636701154.562500
-0.45732,0.0212,0.0436,456774636701154.562500
-0.45731,0.0196,0.055600000000000004,456774636701154.562500
-0.4573,0.022000000000000002,0.053200000000000004,456774636701154.562500
-0.45729,0.0228,0.056400000000000006,456774636701154.562500
-0.45728,0.0228,0.0572,456774636701154.562500
-0.45727,0.0204,0.058,456774636701154.562500
-0.45726,0.022000000000000002,0.056400000000000006,456774636701154.562500
-0.45725,0.022000000000000002,0.056400000000000006,456774636701154.562500
-0.45724,0.0236,0.056400000000000006,456774636701154.562500
-0.45723,0.022000000000000002,0.058,456774636701154.562500
-0.45722,0.0212,0.0548,456774636701154.562500
-0.45721,0.0228,0.0548,456774636701154.562500
-0.4572,0.0244,0.054,456774636701154.562500
-0.45719,0.0236,0.054,456774636701154.562500
-0.45718,0.0212,0.055600000000000004,456774636701154.562500
-0.45716999999999997,0.0236,0.054,456774636701154.562500
-0.45716,0.0252,0.055600000000000004,456774636701154.562500
-0.45715,0.0236,0.056400000000000006,456774636701154.562500
-0.45714,0.0228,0.0572,456774636701154.562500
-0.45713,0.0228,0.0572,456774636701154.562500
-0.45711999999999997,0.0204,0.056400000000000006,456774636701154.562500
-0.45711,0.0244,0.0492,456774636701154.562500
-0.4571,0.026000000000000002,0.056400000000000006,456774636701154.562500
-0.45709,0.0252,0.0572,456774636701154.562500
-0.45708,0.0236,0.05,456774636701154.562500
-0.45707,0.0244,0.0572,456774636701154.562500
-0.45706,0.0196,0.053200000000000004,456774636701154.562500
-0.45705,0.0244,0.0524,456774636701154.562500
-0.45704,0.022000000000000002,0.053200000000000004,456774636701154.562500
-0.45703,0.0204,0.0548,456774636701154.562500
-0.45702,0.0212,0.0596,456774636701154.562500
-0.45701,0.0188,0.058,456774636701154.562500
-0.457,0.0204,0.058,456774636701154.562500
-0.45699,0.0188,0.0516,456774636701154.562500
-0.45698,0.022000000000000002,0.058,456774636701154.562500
-0.45697,0.018000000000000002,0.054,456774636701154.562500
-0.45696,0.0212,0.056400000000000006,456774636701154.562500
-0.45694999999999997,0.0188,0.0548,456774636701154.562500
-0.45694,0.022000000000000002,0.05,456774636701154.562500
-0.45693,0.022000000000000002,0.058,456774636701154.562500
-0.45692,0.0236,0.0476,456774636701154.562500
-0.45691,0.0228,0.0548,456774636701154.562500
-0.4569,0.0244,0.053200000000000004,456774636701154.562500
-0.45689,0.022000000000000002,0.056400000000000006,456774636701154.562500
-0.45688,0.0244,0.0548,456774636701154.562500
-0.45687,0.0212,0.05,456774636701154.562500
-0.45686,0.0244,0.0572,456774636701154.562500
-0.45685,0.022000000000000002,0.058,456774636701154.562500
-0.45684,0.0212,0.056400000000000006,456774636701154.562500
-0.45683,0.0236,0.056400000000000006,456774636701154.562500
-0.45682,0.0244,0.058,456774636701154.562500
-0.45681,0.0252,0.058800000000000005,456774636701154.562500
-0.4568,0.0228,0.054,456774636701154.562500
-0.45679,0.0236,0.056400000000000006,456774636701154.562500
-0.45678,0.0228,0.055600000000000004,456774636701154.562500
-0.45677,0.022000000000000002,0.053200000000000004,456774636701154.562500
-0.45676,0.0212,0.055600000000000004,456774636701154.562500
-0.45675,0.0236,0.055600000000000004,456774636701154.562500
-0.45674,0.0228,0.055600000000000004,456774636701154.562500
-0.45672999999999997,0.0228,0.045200000000000004,456774636701154.562500
-0.45672,0.022000000000000002,0.053200000000000004,456774636701154.562500
-0.45671,0.0212,0.050800000000000005,456774636701154.562500
-0.4567,0.022000000000000002,0.058,456774636701154.562500
-0.45669,0.0204,0.055600000000000004,456774636701154.562500
-0.45668,0.0236,0.056400000000000006,456774636701154.562500
-0.45667,0.022000000000000002,0.058,456774636701154.562500
-0.45666,0.022000000000000002,0.0572,456774636701154.562500
-0.45665,0.0228,0.0572,456774636701154.562500
-0.45664,0.022000000000000002,0.058,456774636701154.562500
-0.45663,0.0244,0.058,456774636701154.562500
-0.45662,0.0204,0.058,456774636701154.562500
-0.45661,0.0172,0.054,456774636701154.562500
-0.4566,0.022000000000000002,0.0596,456774636701154.562500
-0.45659,0.0236,0.055600000000000004,456774636701154.562500
-0.45658,0.022000000000000002,0.055600000000000004,456774636701154.562500
-0.45657,0.0172,0.058,456774636701154.562500
-0.45655999999999997,0.0252,0.054,456774636701154.562500
-0.45655,0.0212,0.0572,456774636701154.562500
-0.45654,0.0244,0.056400000000000006,456774636701154.562500
-0.45653,0.0236,0.0548,456774636701154.562500
-0.45652,0.0252,0.056400000000000006,456774636701154.562500
-0.45650999999999997,0.0236,0.054,456774636701154.562500
-0.4565,0.0228,0.056400000000000006,456774636701154.562500
-0.45649,0.0236,0.054,456774636701154.562500
-0.45648,0.0212,0.0572,456774636701154.562500
-0.45647,0.0228,0.0492,456774636701154.562500
-0.45646,0.0164,0.058,456774636701154.562500
-0.45645,0.0236,0.054,456774636701154.562500
-0.45644,0.012400000000000001,0.055600000000000004,456774636701154.562500
-0.45643,0.0228,0.056400000000000006,456774636701154.562500
-0.45642,0.0204,0.0516,456774636701154.562500
-0.45641,0.0228,0.058800000000000005,456774636701154.562500
-0.4564,0.0164,0.05,456774636701154.562500
-0.45639,0.0236,0.0548,456774636701154.562500
-0.45638,0.0236,0.0468,456774636701154.562500
-0.45637,0.0196,0.055600000000000004,456774636701154.562500
-0.45636,0.0228,0.048400000000000006,456774636701154.562500
-0.45635,0.0188,0.058,456774636701154.562500
-0.45633999999999997,0.0204,0.0572,456774636701154.562500
-0.45633,0.0204,0.0516,456774636701154.562500
-0.45632,0.0196,0.058800000000000005,456774636701154.562500
-0.45631,0.0212,0.056400000000000006,456774636701154.562500
-0.4563,0.0236,0.058,456774636701154.562500
-0.45629,0.0228,0.058,456774636701154.562500
-0.45628,0.0236,0.0572,456774636701154.562500
-0.45627,0.0252,0.058800000000000005,456774636701154.562500
-0.45626,0.0244,0.0548,456774636701154.562500
-0.45625,0.0236,0.0572,456774636701154.562500
-0.45624,0.0228,0.058,456774636701154.562500
-0.45623,0.022000000000000002,0.056400000000000006,456774636701154.562500
-0.45622,0.022000000000000002,0.056400000000000006,456774636701154.562500
-0.45621,0.0212,0.050800000000000005,456774636701154.562500
-0.4562,0.0212,0.056400000000000006,456774636701154.562500
-0.45619,0.0236,0.0524,456774636701154.562500
-0.45618,0.0204,0.056400000000000006,456774636701154.562500
-0.45617,0.0244,0.053200000000000004,456774636701154.562500
-0.45616,0.0212,0.056400000000000006,456774636701154.562500
-0.45615,0.0244,0.038,456774636701154.562500
-0.45614,0.022000000000000002,0.05,456774636701154.562500
-0.45613,0.0212,0.054,456774636701154.562500
-0.45611999999999997,0.0196,0.056400000000000006,456774636701154.562500
-0.45611,0.0204,0.056400000000000006,456774636701154.562500
-0.4561,0.0204,0.0572,456774636701154.562500
-0.45609,0.0204,0.058,456774636701154.562500
-0.45608,0.022000000000000002,0.0524,456774636701154.562500
-0.45607,0.0212,0.0572,456774636701154.562500
-0.45606,0.0196,0.050800000000000005,456774636701154.562500
-0.45605,0.022000000000000002,0.056400000000000006,456774636701154.562500
-0.45604,0.0196,0.0572,456774636701154.562500
-0.45603,0.0228,0.0548,456774636701154.562500
-0.45602,0.0212,0.0572,456774636701154.562500
-0.45601,0.0236,0.053200000000000004,456774636701154.562500
-0.456,0.0236,0.055600000000000004,456774636701154.562500
-0.45599,0.0204,0.055600000000000004,456774636701154.562500
-0.45598,0.0228,0.0548,456774636701154.562500
-0.45597,0.0228,0.045200000000000004,456774636701154.562500
-0.45596,0.0244,0.048400000000000006,456774636701154.562500
-0.45594999999999997,0.0172,0.046,456774636701154.562500
-0.45594,0.0236,0.058,456774636701154.562500
-0.45593,0.0228,0.054,456774636701154.562500
-0.45592,0.0236,0.0596,456774636701154.562500
-0.45591,0.0252,0.0572,456774636701154.562500
-0.45589999999999997,0.0228,0.0524,456774636701154.562500
-0.45589,0.0252,0.058,456774636701154.562500
-0.45588,0.0236,0.054,456774636701154.562500
-0.45587,0.0236,0.055600000000000004,456774636701154.562500
-0.45586,0.0228,0.050800000000000005,456774636701154.562500
-0.45585,0.0204,0.054,456774636701154.562500
-0.45584,0.0132,0.0492,456774636701154.562500
-0.45583,0.0196,0.05,456774636701154.562500
-0.45582,0.0172,0.056400000000000006,456774636701154.562500
-0.45581,0.026000000000000002,0.056400000000000006,456774636701154.562500
-0.4558,0.0196,0.053200000000000004,456774636701154.562500
-0.45579,0.022000000000000002,0.053200000000000004,456774636701154.562500
-0.45578,0.022000000000000002,0.056400000000000006,456774636701154.562500
-0.45577,0.0212,0.056400000000000006,456774636701154.562500
-0.45576,0.0228,0.0572,456774636701154.562500
-0.45575,0.0236,0.0524,456774636701154.562500
-0.45574,0.0236,0.058800000000000005,456774636701154.562500
-0.45572999999999997,0.0204,0.0516,456774636701154.562500
-0.45572,0.0212,0.056400000000000006,456774636701154.562500
-0.45571,0.0204,0.0548,456774636701154.562500
-0.4557,0.022000000000000002,0.050800000000000005,456774636701154.562500
-0.45569,0.022000000000000002,0.0572,456774636701154.562500
-0.45568,0.022000000000000002,0.0548,456774636701154.562500
-0.45567,0.0188,0.050800000000000005,456774636701154.562500
-0.45566,0.0244,0.053200000000000004,456774636701154.562500
-0.45565,0.0204,0.054,456774636701154.562500
-0.45564,0.0252,0.056400000000000006,456774636701154.562500
-0.45563,0.0244,0.0468,456774636701154.562500
-0.45562,0.0244,0.055600000000000004,456774636701154.562500
-0.45561,0.0244,0.056400000000000006,456774636701154.562500
-0.4556,0.0236,0.0572,456774636701154.562500
-0.45559,0.0244,0.058,456774636701154.562500
-0.45558,0.0196,0.055600000000000004,456774636701154.562500
-0.45557,0.0244,0.056400000000000006,456774636701154.562500
-0.45556,0.0188,0.055600000000000004,456774636701154.562500
-0.45555,0.022000000000000002,0.058,456774636701154.562500
-0.45554,0.022000000000000002,0.056400000000000006,456774636701154.562500
-0.45553,0.0236,0.056400000000000006,456774636701154.562500
-0.45552,0.0228,0.0516,456774636701154.562500
-0.45550999999999997,0.0236,0.056400000000000006,456774636701154.562500
-0.4555,0.0172,0.042,456774636701154.562500
-0.45549,0.0236,0.0572,456774636701154.562500
-0.45548,0.0228,0.0476,456774636701154.562500
-0.45547,0.022000000000000002,0.054,456774636701154.562500
-0.45546,0.0236,0.0476,456774636701154.562500
-0.45545,0.022000000000000002,0.058,456774636701154.562500
-0.45544,0.0212,0.0524,456774636701154.562500
-0.45543,0.0196,0.0572,456774636701154.562500
-0.45542,0.0228,0.054,456774636701154.562500
-0.45541,0.0164,0.055600000000000004,456774636701154.562500
-0.4554,0.0228,0.054,456774636701154.562500
-0.45539,0.022000000000000002,0.0572,456774636701154.562500
-0.45538,0.0236,0.058800000000000005,456774636701154.562500
-0.45537,0.0236,0.0524,456774636701154.562500
-0.45536,0.0236,0.0548,456774636701154.562500
-0.45535,0.0252,0.0548,456774636701154.562500
-0.45533999999999997,0.0244,0.055600000000000004,456774636701154.562500
-0.45533,0.0228,0.056400000000000006,456774636701154.562500
-0.45532,0.0244,0.0516,456774636701154.562500
-0.45531,0.022000000000000002,0.053200000000000004,456774636701154.562500
-0.4553,0.0252,0.058,456774636701154.562500
-0.45529,0.0228,0.058,456774636701154.562500
-0.45528,0.022000000000000002,0.0572,456774636701154.562500
-0.45527,0.0228,0.0572,456774636701154.562500
-0.45526,0.0228,0.055600000000000004,456774636701154.562500
-0.45525,0.022000000000000002,0.0572,456774636701154.562500
-0.45524,0.022000000000000002,0.053200000000000004,456774636701154.562500
-0.45523,0.022000000000000002,0.055600000000000004,456774636701154.562500
-0.45522,0.022000000000000002,0.0412,456774636701154.562500
-0.45521,0.0228,0.058,456774636701154.562500
-0.4552,0.0228,0.054,456774636701154.562500
-0.45519,0.0204,0.0572,456774636701154.562500
-0.45518,0.0236,0.0572,456774636701154.562500
-0.45517,0.0204,0.0572,456774636701154.562500
-0.45516,0.022000000000000002,0.055600000000000004,456774636701154.562500
-0.45515,0.0212,0.056400000000000006,456774636701154.562500
-0.45514,0.0228,0.0572,456774636701154.562500
-0.45513,0.022000000000000002,0.0572,456774636701154.562500
-0.45511999999999997,0.0228,0.058,456774636701154.562500
-0.45511,0.0204,0.0548,456774636701154.562500
-0.4551,0.0196,0.05,456774636701154.562500
-0.45509,0.022000000000000002,0.0516,456774636701154.562500
-0.45508,0.0236,0.048400000000000006,456774636701154.562500
-0.45507,0.0244,0.058,456774636701154.562500
-0.45506,0.0228,0.0524,456774636701154.562500
-0.45505,0.0204,0.0516,456774636701154.562500
-0.45504,0.0244,0.058,456774636701154.562500
-0.45503,0.022000000000000002,0.055600000000000004,456774636701154.562500
-0.45502,0.0244,0.0572,456774636701154.562500
-0.45501,0.022000000000000002,0.0548,456774636701154.562500
-0.455,0.0244,0.054,456774636701154.562500
-0.45499,0.0228,0.0548,456774636701154.562500
-0.45498,0.0228,0.055600000000000004,456774636701154.562500
-0.45497,0.0228,0.0436,456774636701154.562500
-0.45496,0.0228,0.055600000000000004,456774636701154.562500
-0.45494999999999997,0.0204,0.0476,456774636701154.562500
-0.45494,0.0212,0.0516,456774636701154.562500
-0.45493,0.0172,0.054,456774636701154.562500
-0.45492,0.0228,0.055600000000000004,456774636701154.562500
-0.45491,0.0196,0.054,456774636701154.562500
-0.45489999999999997,0.0212,0.056400000000000006,456774636701154.562500
-0.45489,0.0204,0.0492,456774636701154.562500
-0.45488,0.0228,0.056400000000000006,456774636701154.562500
-0.45487,0.022000000000000002,0.05,456774636701154.562500
-0.45486,0.022000000000000002,0.058,456774636701154.562500
-0.45485,0.0204,0.0524,456774636701154.562500
-0.45484,0.0228,0.055600000000000004,456774636701154.562500
-0.45483,0.0196,0.05,456774636701154.562500
-0.45482,0.0228,0.0436,456774636701154.562500
-0.45481,0.022000000000000002,0.055600000000000004,456774636701154.562500
-0.4548,0.0236,0.054,456774636701154.562500
-0.45478999999999997,0.0236,0.0516,456774636701154.562500
-0.45478,0.0244,0.056400000000000006,456774636701154.562500
-0.45477,0.022000000000000002,0.05,456774636701154.562500
-0.45476,0.0236,0.058,456774636701154.562500
-0.45475,0.0228,0.05,456774636701154.562500
-0.45474,0.0244,0.056400000000000006,456774636701154.562500
-0.45472999999999997,0.0236,0.053200000000000004,456774636701154.562500
-0.45472,0.0244,0.050800000000000005,456774636701154.562500
-0.45471,0.022000000000000002,0.0516,456774636701154.562500
-0.4547,0.0236,0.056400000000000006,456774636701154.562500
-0.45469,0.0236,0.0572,456774636701154.562500
-0.45468,0.0244,0.0572,456774636701154.562500
-0.45467,0.0236,0.0548,456774636701154.562500
-0.45466,0.0244,0.0572,456774636701154.562500
-0.45465,0.0228,0.058,456774636701154.562500
-0.45464,0.0244,0.055600000000000004,456774636701154.562500
-0.45463,0.0228,0.056400000000000006,456774636701154.562500
-0.45462,0.0228,0.0572,456774636701154.562500
-0.45461,0.0236,0.056400000000000006,456774636701154.562500
-0.4546,0.0244,0.0572,456774636701154.562500
-0.45459,0.0228,0.058,456774636701154.562500
-0.45458,0.0228,0.0572,456774636701154.562500
-0.45457,0.022000000000000002,0.0572,456774636701154.562500
-0.45456,0.0188,0.0572,456774636701154.562500
-0.45455,0.022000000000000002,0.05,456774636701154.562500
-0.45454,0.022000000000000002,0.053200000000000004,456774636701154.562500
-0.45453,0.0212,0.055600000000000004,456774636701154.562500
-0.45452,0.0228,0.058,456774636701154.562500
-0.45450999999999997,0.022000000000000002,0.0548,456774636701154.562500
-0.4545,0.0196,0.058,456774636701154.562500
-0.45449,0.022000000000000002,0.054,456774636701154.562500
-0.45448,0.022000000000000002,0.056400000000000006,456774636701154.562500
-0.45447,0.0236,0.0548,456774636701154.562500
-0.45446,0.0236,0.0548,456774636701154.562500
-0.45445,0.0228,0.0572,456774636701154.562500
-0.45444,0.0244,0.054,456774636701154.562500
-0.45443,0.022000000000000002,0.056400000000000006,456774636701154.562500
-0.45442,0.0244,0.054,456774636701154.562500
-0.45441,0.0244,0.0572,456774636701154.562500
-0.4544,0.0244,0.055600000000000004,456774636701154.562500
-0.45439,0.0188,0.058,456774636701154.562500
-0.45438,0.0212,0.05,456774636701154.562500
-0.45437,0.0204,0.058,456774636701154.562500
-0.45436,0.0204,0.056400000000000006,456774636701154.562500
-0.45435,0.0204,0.0572,456774636701154.562500
-0.45433999999999997,0.022000000000000002,0.056400000000000006,456774636701154.562500
-0.45433,0.022000000000000002,0.053200000000000004,456774636701154.562500
-0.45432,0.0236,0.050800000000000005,456774636701154.562500
-0.45431,0.022000000000000002,0.0548,456774636701154.562500
-0.4543,0.022000000000000002,0.050800000000000005,456774636701154.562500
-0.45428999999999997,0.0236,0.0516,456774636701154.562500
-0.45428,0.0228,0.056400000000000006,456774636701154.562500
-0.45427,0.0204,0.056400000000000006,456774636701154.562500
-0.45426,0.0212,0.058,456774636701154.562500
-0.45425,0.0204,0.058,456774636701154.562500
-0.45424,0.0228,0.0548,456774636701154.562500
-0.45423,0.0172,0.056400000000000006,456774636701154.562500
-0.45422,0.0212,0.056400000000000006,456774636701154.562500
-0.45421,0.018000000000000002,0.0516,456774636701154.562500
-0.4542,0.0196,0.0572,456774636701154.562500
-0.45419,0.0196,0.0548,456774636701154.562500
-0.45418,0.0228,0.058,456774636701154.562500
-0.45417,0.0236,0.0492,456774636701154.562500
-0.45416,0.022000000000000002,0.055600000000000004,456774636701154.562500
-0.45415,0.0236,0.05,456774636701154.562500
-0.45414,0.0228,0.0524,456774636701154.562500
-0.45413,0.022000000000000002,0.050800000000000005,456774636701154.562500
-0.45411999999999997,0.0244,0.058,456774636701154.562500
-0.45411,0.0228,0.0492,456774636701154.562500
-0.4541,0.0244,0.055600000000000004,456774636701154.562500
-0.45409,0.026000000000000002,0.0572,456774636701154.562500
-0.45408,0.0196,0.0572,456774636701154.562500
-0.45407,0.026000000000000002,0.055600000000000004,456774636701154.562500
-0.45406,0.0228,0.056400000000000006,456774636701154.562500
-0.45405,0.0228,0.0548,456774636701154.562500
-0.45404,0.0228,0.054,456774636701154.562500
-0.45403,0.0212,0.055600000000000004,456774636701154.562500
-0.45402,0.0188,0.058,456774636701154.562500
-0.45401,0.0196,0.058,456774636701154.562500
-0.454,0.022000000000000002,0.055600000000000004,456774636701154.562500
-0.45399,0.018000000000000002,0.0524,456774636701154.562500
-0.45398,0.0236,0.050800000000000005,456774636701154.562500
-0.45397,0.0212,0.050800000000000005,456774636701154.562500
-0.45396,0.022000000000000002,0.05,456774636701154.562500
-0.45395,0.022000000000000002,0.055600000000000004,456774636701154.562500
-0.45394,0.0236,0.0572,456774636701154.562500
-0.45393,0.0212,0.0572,456774636701154.562500
-0.45392,0.022000000000000002,0.055600000000000004,456774636701154.562500
-0.45391,0.0228,0.056400000000000006,456774636701154.562500
-0.45389999999999997,0.0228,0.058,456774636701154.562500
-0.45389,0.018000000000000002,0.0572,456774636701154.562500
-0.45388,0.0228,0.0548,456774636701154.562500
-0.45387,0.0212,0.056400000000000006,456774636701154.562500
-0.45386,0.022000000000000002,0.053200000000000004,456774636701154.562500
-0.45385,0.0188,0.053200000000000004,456774636701154.562500
-0.45384,0.022000000000000002,0.0524,456774636701154.562500
-0.45383,0.0204,0.05,456774636701154.562500
-0.45382,0.0236,0.053200000000000004,456774636701154.562500
-0.45381,0.0244,0.056400000000000006,456774636701154.562500
-0.4538,0.0228,0.058,456774636701154.562500
-0.45379,0.0252,0.058,456774636701154.562500
-0.45378,0.0228,0.0548,456774636701154.562500
-0.45377,0.0252,0.058,456774636701154.562500
-0.45376,0.0236,0.0572,456774636701154.562500
-0.45375,0.0236,0.058,456774636701154.562500
-0.45374,0.022000000000000002,0.0596,456774636701154.562500
-0.45372999999999997,0.0244,0.055600000000000004,456774636701154.562500
-0.45372,0.022000000000000002,0.048400000000000006,456774636701154.562500
-0.45371,0.022000000000000002,0.056400000000000006,456774636701154.562500
-0.4537,0.0204,0.05,456774636701154.562500
-0.45369,0.0212,0.056400000000000006,456774636701154.562500
-0.45367999999999997,0.0228,0.0548,456774636701154.562500
-0.45367,0.0204,0.0572,456774636701154.562500
-0.45366,0.022000000000000002,0.0476,456774636701154.562500
-0.45365,0.0204,0.056400000000000006,456774636701154.562500
-0.45364,0.0212,0.0516,456774636701154.562500
-0.45363,0.022000000000000002,0.0572,456774636701154.562500
-0.45362,0.022000000000000002,0.0572,456774636701154.562500
-0.45361,0.022000000000000002,0.05,456774636701154.562500
-0.4536,0.0228,0.056400000000000006,456774636701154.562500
-0.45359,0.022000000000000002,0.048400000000000006,456774636701154.562500
-0.45358,0.0228,0.0572,456774636701154.562500
-0.45357,0.0236,0.0476,456774636701154.562500
-0.45356,0.0196,0.0572,456774636701154.562500
-0.45355,0.0196,0.0548,456774636701154.562500
-0.45354,0.0236,0.054,456774636701154.562500
-0.45353,0.0236,0.056400000000000006,456774636701154.562500
-0.45352,0.0212,0.050800000000000005,456774636701154.562500
-0.45350999999999997,0.0228,0.054,456774636701154.562500
-0.4535,0.0212,0.056400000000000006,456774636701154.562500
-0.45349,0.0244,0.0548,456774636701154.562500
-0.45348,0.0244,0.0572,456774636701154.562500
-0.45347,0.0236,0.055600000000000004,456774636701154.562500
-0.45346,0.0244,0.056400000000000006,456774636701154.562500
-0.45345,0.022000000000000002,0.0572,456774636701154.562500
-0.45344,0.0252,0.055600000000000004,456774636701154.562500
-0.45343,0.0204,0.0572,456774636701154.562500
-0.45342,0.0244,0.055600000000000004,456774636701154.562500
-0.45341,0.022000000000000002,0.0572,456774636701154.562500
-0.4534,0.0228,0.056400000000000006,456774636701154.562500
-0.45339,0.0212,0.054,456774636701154.562500
-0.45338,0.0204,0.054,456774636701154.562500
-0.45337,0.0204,0.056400000000000006,456774636701154.562500
-0.45336,0.0196,0.048400000000000006,456774636701154.562500
-0.45335,0.0236,0.053200000000000004,456774636701154.562500
-0.45333999999999997,0.022000000000000002,0.0548,456774636701154.562500
-0.45333,0.022000000000000002,0.050800000000000005,456774636701154.562500
-0.45332,0.0228,0.055600000000000004,456774636701154.562500
-0.45331,0.022000000000000002,0.0492,456774636701154.562500
-0.4533,0.0228,0.056400000000000006,456774636701154.562500
-0.45328999999999997,0.022000000000000002,0.056400000000000006,456774636701154.562500
-0.45328,0.0228,0.0572,456774636701154.562500
-0.45327,0.0244,0.055600000000000004,456774636701154.562500
-0.45326,0.0212,0.0548,456774636701154.562500
-0.45325,0.0244,0.056400000000000006,456774636701154.562500
-0.45324,0.022000000000000002,0.058,456774636701154.562500
-0.45323,0.0252,0.0516,456774636701154.562500
-0.45322,0.018000000000000002,0.058,456774636701154.562500
-0.45321,0.0244,0.05,456774636701154.562500
-0.4532,0.0228,0.058,456774636701154.562500
-0.45319,0.0236,0.0548,456774636701154.562500
-0.45318,0.0236,0.056400000000000006,456774636701154.562500
-0.45317,0.0228,0.055600000000000004,456774636701154.562500
-0.45316,0.0228,0.056400000000000006,456774636701154.562500
-0.45315,0.0236,0.0548,456774636701154.562500
-0.45314,0.0236,0.055600000000000004,456774636701154.562500
-0.45313,0.0244,0.055600000000000004,456774636701154.562500
-0.45311999999999997,0.0228,0.0444,456774636701154.562500
-0.45311,0.022000000000000002,0.05,456774636701154.562500
-0.4531,0.0236,0.054,456774636701154.562500
-0.45309,0.0236,0.05,456774636701154.562500
-0.45308,0.0212,0.056400000000000006,456774636701154.562500
-0.45307,0.022000000000000002,0.054,456774636701154.562500
-0.45306,0.022000000000000002,0.056400000000000006,456774636701154.562500
-0.45305,0.0204,0.0548,456774636701154.562500
-0.45304,0.0236,0.053200000000000004,456774636701154.562500
-0.45303,0.022000000000000002,0.056400000000000006,456774636701154.562500
-0.45302,0.022000000000000002,0.0524,456774636701154.562500
-0.45301,0.0204,0.0572,456774636701154.562500
-0.453,0.0236,0.045200000000000004,456774636701154.562500
-0.45299,0.0212,0.058,456774636701154.562500
-0.45298,0.0236,0.053200000000000004,456774636701154.562500
-0.45297,0.0228,0.055600000000000004,456774636701154.562500
-0.45296,0.022000000000000002,0.055600000000000004,456774636701154.562500
-0.45295,0.0244,0.058,456774636701154.562500
-0.45294,0.0228,0.0516,456774636701154.562500
-0.45293,0.0204,0.0572,456774636701154.562500
-0.45292,0.022000000000000002,0.050800000000000005,456774636701154.562500
-0.45291,0.0204,0.058,456774636701154.562500
-0.45289999999999997,0.0212,0.056400000000000006,456774636701154.562500
-0.45289,0.0172,0.0572,456774636701154.562500
-0.45288,0.022000000000000002,0.0524,456774636701154.562500
-0.45287,0.0236,0.0524,456774636701154.562500
-0.45286,0.022000000000000002,0.0516,456774636701154.562500
-0.45285,0.022000000000000002,0.050800000000000005,456774636701154.562500
-0.45284,0.0236,0.0444,456774636701154.562500
-0.45283,0.0236,0.0572,456774636701154.562500
-0.45282,0.0212,0.0572,456774636701154.562500
-0.45281,0.022000000000000002,0.045200000000000004,456774636701154.562500
-0.4528,0.022000000000000002,0.058,456774636701154.562500
-0.45279,0.0236,0.055600000000000004,456774636701154.562500
-0.45278,0.0228,0.046,456774636701154.562500
-0.45277,0.018000000000000002,0.0516,456774636701154.562500
-0.45276,0.022000000000000002,0.0524,456774636701154.562500
-0.45275,0.022000000000000002,0.046,456774636701154.562500
-0.45274,0.022000000000000002,0.050800000000000005,456774636701154.562500
-0.45272999999999997,0.0228,0.056400000000000006,456774636701154.562500
-0.45272,0.0212,0.0524,456774636701154.562500
-0.45271,0.022000000000000002,0.0572,456774636701154.562500
-0.4527,0.022000000000000002,0.0548,456774636701154.562500
-0.45269,0.0228,0.0572,456774636701154.562500
-0.45267999999999997,0.018000000000000002,0.058,456774636701154.562500
-0.45267,0.0204,0.0572,456774636701154.562500
-0.45266,0.015600000000000001,0.058800000000000005,456774636701154.562500
-0.45265,0.0172,0.0548,456774636701154.562500
-0.45264,0.014,0.0548,456774636701154.562500
-0.45263,0.0212,0.0572,456774636701154.562500
-0.45262,0.0188,0.0492,456774636701154.562500
-0.45261,0.0252,0.0572,456774636701154.562500
-0.4526,0.0228,0.054,456774636701154.562500
-0.45259,0.0236,0.058,456774636701154.562500
-0.45258,0.0236,0.056400000000000006,456774636701154.562500
-0.45257,0.0236,0.058800000000000005,456774636701154.562500
-0.45256,0.0244,0.0572,456774636701154.562500
-0.45255,0.0244,0.055600000000000004,456774636701154.562500
-0.45254,0.0228,0.053200000000000004,456774636701154.562500
-0.45253,0.0236,0.054,456774636701154.562500
-0.45252,0.0204,0.054,456774636701154.562500
-0.45250999999999997,0.0244,0.058800000000000005,456774636701154.562500
-0.4525,0.0212,0.0572,456774636701154.562500
-0.45249,0.0212,0.058,456774636701154.562500
-0.45248,0.0204,0.0572,456774636701154.562500
-0.45247,0.022000000000000002,0.058800000000000005,456774636701154.562500
-0.45246,0.022000000000000002,0.056400000000000006,456774636701154.562500
-0.45245,0.0172,0.056400000000000006,456774636701154.562500
-0.45244,0.0228,0.055600000000000004,456774636701154.562500
-0.45243,0.018000000000000002,0.054,456774636701154.562500
-0.45242,0.0228,0.058,456774636701154.562500
-0.45241,0.0204,0.054,456774636701154.562500
-0.4524,0.0244,0.055600000000000004,456774636701154.562500
-0.45239,0.0204,0.0572,456774636701154.562500
-0.45238,0.0196,0.0572,456774636701154.562500
-0.45237,0.0228,0.056400000000000006,456774636701154.562500
-0.45236,0.0204,0.058,456774636701154.562500
-0.45235,0.0244,0.0596,456774636701154.562500
-0.45234,0.0204,0.056400000000000006,456774636701154.562500
-0.45233,0.0244,0.058,456774636701154.562500
-0.45232,0.0236,0.058,456774636701154.562500
-0.45231,0.0244,0.058800000000000005,456774636701154.562500
-0.4523,0.0252,0.054,456774636701154.562500
-0.45228999999999997,0.0252,0.056400000000000006,456774636701154.562500
-0.45228,0.0212,0.0444,456774636701154.562500
-0.45227,0.0244,0.0572,456774636701154.562500
-0.45226,0.0236,0.056400000000000006,456774636701154.562500
-0.45225,0.026000000000000002,0.054,456774636701154.562500
-0.45224,0.0204,0.058,456774636701154.562500
-0.45223,0.0236,0.050800000000000005,456774636701154.562500
-0.45222,0.0172,0.054,456774636701154.562500
-0.45221,0.0228,0.054,456774636701154.562500
-0.4522,0.015600000000000001,0.055600000000000004,456774636701154.562500
-0.45219,0.0212,0.0548,456774636701154.562500
-0.45218,0.0236,0.0516,456774636701154.562500
-0.45217,0.0196,0.058800000000000005,456774636701154.562500
-0.45216,0.0236,0.0548,456774636701154.562500
-0.45215,0.0228,0.055600000000000004,456774636701154.562500
-0.45214,0.022000000000000002,0.056400000000000006,456774636701154.562500
-0.45213,0.0236,0.0516,456774636701154.562500
-0.45211999999999997,0.0228,0.055600000000000004,456774636701154.562500
-0.45211,0.0164,0.05,456774636701154.562500
-0.4521,0.0212,0.0548,456774636701154.562500
-0.45209,0.015600000000000001,0.050800000000000005,456774636701154.562500
-0.45208,0.0188,0.0572,456774636701154.562500
-0.45206999999999997,0.0164,0.0492,456774636701154.562500
-0.45206,0.022000000000000002,0.058,456774636701154.562500
-0.45205,0.0236,0.054,456774636701154.562500
-0.45204,0.022000000000000002,0.055600000000000004,456774636701154.562500
-0.45203,0.0196,0.058,456774636701154.562500
-0.45202,0.0212,0.058,456774636701154.562500
-0.45201,0.0196,0.0572,456774636701154.562500
-0.452,0.0228,0.055600000000000004,456774636701154.562500
-0.45199,0.0188,0.055600000000000004,456774636701154.562500
-0.45198,0.0244,0.0548,456774636701154.562500
-0.45197,0.0204,0.0572,456774636701154.562500
-0.45196,0.022000000000000002,0.054,456774636701154.562500
-0.45195,0.014,0.058,456774636701154.562500
-0.45194,0.0228,0.0548,456774636701154.562500
-0.45193,0.0228,0.058800000000000005,456774636701154.562500
-0.45192,0.0236,0.056400000000000006,456774636701154.562500
-0.45191,0.0228,0.0572,456774636701154.562500
-0.45189999999999997,0.0212,0.0548,456774636701154.562500
-0.45189,0.0228,0.056400000000000006,456774636701154.562500
-0.45188,0.018000000000000002,0.055600000000000004,456774636701154.562500
-0.45187,0.0228,0.056400000000000006,456774636701154.562500
-0.45186,0.0236,0.0476,456774636701154.562500
-0.45185,0.0228,0.055600000000000004,456774636701154.562500
-0.45184,0.0196,0.0548,456774636701154.562500
-0.45183,0.0212,0.0548,456774636701154.562500
-0.45182,0.0204,0.054,456774636701154.562500
-0.45181,0.0196,0.058,456774636701154.562500
-0.4518,0.0196,0.05,456774636701154.562500
-0.45179,0.0228,0.056400000000000006,456774636701154.562500
-0.45178,0.0204,0.058,456774636701154.562500
-0.45177,0.022000000000000002,0.056400000000000006,456774636701154.562500
-0.45176,0.022000000000000002,0.056400000000000006,456774636701154.562500
-0.45175,0.0204,0.0548,456774636701154.562500
-0.45174,0.0236,0.056400000000000006,456774636701154.562500
-0.45172999999999996,0.0212,0.0572,456774636701154.562500
-0.45172,0.022000000000000002,0.058,456774636701154.562500
-0.45171,0.0196,0.0524,456774636701154.562500
-0.4517,0.0252,0.0572,456774636701154.562500
-0.45169,0.0244,0.0572,456774636701154.562500
-0.45167999999999997,0.0252,0.0572,456774636701154.562500
-0.45167,0.0252,0.0572,456774636701154.562500
-0.45166,0.0244,0.05,456774636701154.562500
-0.45165,0.0236,0.048400000000000006,456774636701154.562500
-0.45164,0.015600000000000001,0.0548,456774636701154.562500
-0.45163,0.0204,0.053200000000000004,456774636701154.562500
-0.45162,0.0196,0.054,456774636701154.562500
-0.45161,0.0236,0.0492,456774636701154.562500
-0.4516,0.0164,0.056400000000000006,456774636701154.562500
-0.45159,0.022000000000000002,0.058,456774636701154.562500
-0.45158,0.022000000000000002,0.058800000000000005,456774636701154.562500
-0.45157,0.0244,0.058,456774636701154.562500
-0.45156,0.0228,0.058,456774636701154.562500
-0.45155,0.0212,0.050800000000000005,456774636701154.562500
-0.45154,0.022000000000000002,0.0572,456774636701154.562500
-0.45153,0.022000000000000002,0.05,456774636701154.562500
-0.45152,0.0196,0.0572,456774636701154.562500
-0.45150999999999997,0.0228,0.056400000000000006,456774636701154.562500
-0.4515,0.0212,0.058,456774636701154.562500
-0.45149,0.0204,0.056400000000000006,456774636701154.562500
-0.45148,0.0228,0.0572,456774636701154.562500
-0.45147,0.0236,0.056400000000000006,456774636701154.562500
-0.45146,0.022000000000000002,0.0524,456774636701154.562500
-0.45145,0.022000000000000002,0.058,456774636701154.562500
-0.45144,0.0212,0.053200000000000004,456774636701154.562500
-0.45143,0.0196,0.055600000000000004,456774636701154.562500
-0.45142,0.0228,0.050800000000000005,456774636701154.562500
-0.45141,0.0236,0.054,456774636701154.562500
-0.4514,0.0244,0.058,456774636701154.562500
-0.45139,0.0236,0.0548,456774636701154.562500
-0.45138,0.0252,0.0572,456774636701154.562500
-0.45137,0.022000000000000002,0.0572,456774636701154.562500
-0.45136,0.0228,0.0548,456774636701154.562500
-0.45135,0.022000000000000002,0.0572,456774636701154.562500
-0.45134,0.0244,0.056400000000000006,456774636701154.562500
-0.45133,0.0212,0.058,456774636701154.562500
-0.45132,0.0252,0.0516,456774636701154.562500
-0.45131,0.0228,0.058,456774636701154.562500
-0.4513,0.0228,0.0548,456774636701154.562500
-0.45128999999999997,0.0236,0.055600000000000004,456774636701154.562500
-0.45128,0.0204,0.056400000000000006,456774636701154.562500
-0.45127,0.0236,0.056400000000000006,456774636701154.562500
-0.45126,0.0236,0.054,456774636701154.562500
-0.45125,0.0204,0.0572,456774636701154.562500
-0.45124,0.022000000000000002,0.054,456774636701154.562500
-0.45123,0.0236,0.058,456774636701154.562500
-0.45122,0.0236,0.055600000000000004,456774636701154.562500
-0.45121,0.022000000000000002,0.058,456774636701154.562500
-0.4512,0.022000000000000002,0.0548,456774636701154.562500
-0.45119,0.0228,0.058,456774636701154.562500
-0.45118,0.022000000000000002,0.0548,456774636701154.562500
-0.45117,0.0236,0.0572,456774636701154.562500
-0.45116,0.0196,0.050800000000000005,456774636701154.562500
-0.45115,0.0228,0.0524,456774636701154.562500
-0.45114,0.0212,0.058,456774636701154.562500
-0.45113,0.0236,0.0572,456774636701154.562500
-0.45111999999999997,0.0204,0.056400000000000006,456774636701154.562500
-0.45111,0.0236,0.0572,456774636701154.562500
-0.4511,0.0212,0.055600000000000004,456774636701154.562500
-0.45109,0.0228,0.058,456774636701154.562500
-0.45108,0.022000000000000002,0.055600000000000004,456774636701154.562500
-0.45106999999999997,0.0244,0.0572,456774636701154.562500
-0.45106,0.0244,0.055600000000000004,456774636701154.562500
-0.45105,0.0236,0.056400000000000006,456774636701154.562500
-0.45104,0.0212,0.055600000000000004,456774636701154.562500
-0.45103,0.022000000000000002,0.0492,456774636701154.562500
-0.45102,0.0212,0.0572,456774636701154.562500
-0.45101,0.0236,0.054,456774636701154.562500
-0.451,0.0236,0.0572,456774636701154.562500
-0.45099,0.0228,0.0572,456774636701154.562500
-0.45098,0.0244,0.0524,456774636701154.562500
-0.45097,0.0244,0.056400000000000006,456774636701154.562500
-0.45095999999999997,0.0236,0.054,456774636701154.562500
-0.45095,0.022000000000000002,0.058,456774636701154.562500
-0.45094,0.0228,0.055600000000000004,456774636701154.562500
-0.45093,0.0172,0.055600000000000004,456774636701154.562500
-0.45092,0.0204,0.056400000000000006,456774636701154.562500
-0.45091,0.0212,0.056400000000000006,456774636701154.562500
-0.45089999999999997,0.0228,0.058,456774636701154.562500
-0.45089,0.0228,0.056400000000000006,456774636701154.562500
-0.45088,0.0228,0.054,456774636701154.562500
-0.45087,0.0204,0.0572,456774636701154.562500
-0.45086,0.0228,0.0548,456774636701154.562500
-0.45085,0.022000000000000002,0.0548,456774636701154.562500
-0.45084,0.0228,0.05,456774636701154.562500
-0.45083,0.0196,0.0516,456774636701154.562500
-0.45082,0.0212,0.054,456774636701154.562500
-0.45081,0.0204,0.0476,456774636701154.562500
-0.4508,0.022000000000000002,0.054,456774636701154.562500
-0.45079,0.022000000000000002,0.058,456774636701154.562500
-0.45078,0.0236,0.058800000000000005,456774636701154.562500
-0.45077,0.0236,0.056400000000000006,456774636701154.562500
-0.45076,0.022000000000000002,0.056400000000000006,456774636701154.562500
-0.45075,0.0228,0.058800000000000005,456774636701154.562500
-0.45074,0.0244,0.0516,456774636701154.562500
-0.45073,0.0244,0.0548,456774636701154.562500
-0.45072,0.022000000000000002,0.056400000000000006,456774636701154.562500
-0.45071,0.0228,0.0524,456774636701154.562500
-0.4507,0.0228,0.053200000000000004,456774636701154.562500
-0.45069,0.0244,0.054,456774636701154.562500
-0.45067999999999997,0.0212,0.0548,456774636701154.562500
-0.45067,0.0204,0.056400000000000006,456774636701154.562500
-0.45066,0.0188,0.0548,456774636701154.562500
-0.45065,0.0228,0.0524,456774636701154.562500
-0.45064,0.022000000000000002,0.053200000000000004,456774636701154.562500
-0.45063,0.022000000000000002,0.058800000000000005,456774636701154.562500
-0.45062,0.0196,0.0524,456774636701154.562500
-0.45061,0.0212,0.0572,456774636701154.562500
-0.4506,0.0196,0.056400000000000006,456774636701154.562500
-0.45059,0.0204,0.055600000000000004,456774636701154.562500
-0.45058,0.0236,0.0524,456774636701154.562500
-0.45057,0.0228,0.0516,456774636701154.562500
-0.45056,0.0236,0.0468,456774636701154.562500
-0.45055,0.0204,0.055600000000000004,456774636701154.562500
-0.45054,0.0212,0.054,456774636701154.562500
-0.45053,0.0236,0.0572,456774636701154.562500
-0.45052,0.0236,0.056400000000000006,456774636701154.562500
-0.45050999999999997,0.0236,0.0572,456774636701154.562500
-0.4505,0.0228,0.056400000000000006,456774636701154.562500
-0.45049,0.0244,0.0524,456774636701154.562500
-0.45048,0.0236,0.0572,456774636701154.562500
-0.45047,0.0228,0.053200000000000004,456774636701154.562500
-0.45045999999999997,0.0236,0.058,456774636701154.562500
-0.45045,0.0252,0.055600000000000004,456774636701154.562500
-0.45044,0.0236,0.053200000000000004,456774636701154.562500
-0.45043,0.0228,0.056400000000000006,456774636701154.562500
-0.45042,0.0244,0.056400000000000006,456774636701154.562500
-0.45041,0.0244,0.0548,456774636701154.562500
-0.4504,0.0228,0.0572,456774636701154.562500
-0.45039,0.0244,0.0572,456774636701154.562500
-0.45038,0.0236,0.0548,456774636701154.562500
-0.45037,0.0212,0.0468,456774636701154.562500
-0.45036,0.0236,0.054,456774636701154.562500
-0.45035,0.022000000000000002,0.055600000000000004,456774636701154.562500
-0.45034,0.0228,0.0516,456774636701154.562500
-0.45033,0.0204,0.0516,456774636701154.562500
-0.45032,0.0228,0.0572,456774636701154.562500
-0.45031,0.018000000000000002,0.0476,456774636701154.562500
-0.4503,0.022000000000000002,0.0516,456774636701154.562500
-0.45028999999999997,0.022000000000000002,0.0412,456774636701154.562500
-0.45028,0.0212,0.0444,456774636701154.562500
-0.45027,0.0212,0.0492,456774636701154.562500
-0.45026,0.0212,0.058,456774636701154.562500
-0.45025,0.022000000000000002,0.0548,456774636701154.562500
-0.45024,0.0212,0.058,456774636701154.562500
-0.45023,0.0228,0.055600000000000004,456774636701154.562500
-0.45022,0.0236,0.055600000000000004,456774636701154.562500
-0.45021,0.0236,0.056400000000000006,456774636701154.562500
-0.4502,0.0228,0.0516,456774636701154.562500
-0.45019,0.0236,0.055600000000000004,456774636701154.562500
-0.45018,0.0236,0.055600000000000004,456774636701154.562500
-0.45017,0.0244,0.0572,456774636701154.562500
-0.45016,0.0228,0.058,456774636701154.562500
-0.45015,0.0244,0.055600000000000004,456774636701154.562500
-0.45014,0.0196,0.054,456774636701154.562500
-0.45013,0.0228,0.0572,456774636701154.562500
-0.45012,0.0244,0.0548,456774636701154.562500
-0.45011,0.0228,0.0492,456774636701154.562500
-0.4501,0.0228,0.056400000000000006,456774636701154.562500
-0.45009,0.0228,0.056400000000000006,456774636701154.562500
-0.45008,0.0244,0.054,456774636701154.562500
-0.45006999999999997,0.0228,0.056400000000000006,456774636701154.562500
-0.45006,0.0244,0.0572,456774636701154.562500
-0.45005,0.0204,0.056400000000000006,456774636701154.562500
-0.45004,0.022000000000000002,0.058,456774636701154.562500
-0.45003,0.022000000000000002,0.055600000000000004,456774636701154.562500
-0.45002,0.0172,0.055600000000000004,456774636701154.562500
-0.45001,0.022000000000000002,0.056400000000000006,456774636701154.562500
-0.45,0.022000000000000002,0.056400000000000006,456774636701154.562500
-0.44999,0.0212,0.0516,456774636701154.562500
-0.44998,0.0212,0.058,456774636701154.562500
-0.44997,0.018000000000000002,0.054,456774636701154.562500
-0.44996,0.022000000000000002,0.058,456774636701154.562500
-0.44995,0.022000000000000002,0.053200000000000004,456774636701154.562500
-0.44994,0.0236,0.0548,456774636701154.562500
-0.44993,0.018000000000000002,0.056400000000000006,456774636701154.562500
-0.44992,0.022000000000000002,0.054,456774636701154.562500
-0.44991,0.0228,0.0476,456774636701154.562500
-0.44989999999999997,0.0252,0.058,456774636701154.562500
-0.44989,0.0212,0.0524,456774636701154.562500
-0.44988,0.0244,0.0524,456774636701154.562500
-0.44987,0.022000000000000002,0.038,456774636701154.562500
-0.44986,0.0236,0.058800000000000005,456774636701154.562500
-0.44984999999999997,0.0252,0.055600000000000004,456774636701154.562500
-0.44984,0.0228,0.058,456774636701154.562500
-0.44983,0.0244,0.0572,456774636701154.562500
-0.44982,0.0212,0.056400000000000006,456774636701154.562500
-0.44981,0.0244,0.058,456774636701154.562500
-0.4498,0.0244,0.056400000000000006,456774636701154.562500
-0.44979,0.0236,0.053200000000000004,456774636701154.562500
-0.44978,0.022000000000000002,0.056400000000000006,456774636701154.562500
-0.44977,0.0148,0.056400000000000006,456774636701154.562500
-0.44976,0.0228,0.056400000000000006,456774636701154.562500
-0.44975,0.0228,0.058800000000000005,456774636701154.562500
-0.44974,0.0252,0.0548,456774636701154.562500
-0.44973,0.0236,0.058,456774636701154.562500
-0.44972,0.0228,0.058800000000000005,456774636701154.562500
-0.44971,0.0212,0.0572,456774636701154.562500
-0.4497,0.0228,0.0524,456774636701154.562500
-0.44969,0.022000000000000002,0.056400000000000006,456774636701154.562500
-0.44967999999999997,0.0212,0.0572,456774636701154.562500
-0.44967,0.0236,0.0492,456774636701154.562500
-0.44966,0.0204,0.055600000000000004,456774636701154.562500
-0.44965,0.0204,0.0572,456774636701154.562500
-0.44964,0.022000000000000002,0.056400000000000006,456774636701154.562500
-0.44963,0.0204,0.0468,456774636701154.562500
-0.44962,0.022000000000000002,0.056400000000000006,456774636701154.562500
-0.44961,0.0228,0.046,456774636701154.562500
-0.4496,0.0236,0.0572,456774636701154.562500
-0.44959,0.0196,0.045200000000000004,456774636701154.562500
-0.44958,0.0236,0.0548,456774636701154.562500
-0.44957,0.0236,0.054,456774636701154.562500
-0.44956,0.0244,0.056400000000000006,456774636701154.562500
-0.44955,0.0204,0.0548,456774636701154.562500
-0.44954,0.0236,0.056400000000000006,456774636701154.562500
-0.44953,0.0204,0.0516,456774636701154.562500
-0.44952,0.0236,0.0572,456774636701154.562500
-0.44950999999999997,0.0212,0.0572,456774636701154.562500
-0.4495,0.0244,0.0516,456774636701154.562500
-0.44949,0.022000000000000002,0.0516,456774636701154.562500
-0.44948,0.022000000000000002,0.055600000000000004,456774636701154.562500
-0.44947,0.022000000000000002,0.0572,456774636701154.562500
-0.44945999999999997,0.0236,0.0572,456774636701154.562500
-0.44945,0.0228,0.056400000000000006,456774636701154.562500
-0.44944,0.0212,0.058,456774636701154.562500
-0.44943,0.0212,0.0492,456774636701154.562500
-0.44942,0.0196,0.056400000000000006,456774636701154.562500
-0.44941,0.0244,0.056400000000000006,456774636701154.562500
-0.4494,0.0204,0.055600000000000004,456774636701154.562500
-0.44939,0.022000000000000002,0.058,456774636701154.562500
-0.44938,0.022000000000000002,0.0524,456774636701154.562500
-0.44937,0.0212,0.058,456774636701154.562500
-0.44936,0.0204,0.0492,456774636701154.562500
-0.44934999999999997,0.0228,0.0572,456774636701154.562500
-0.44934,0.0236,0.0548,456774636701154.562500
-0.44933,0.022000000000000002,0.0572,456774636701154.562500
-0.44932,0.022000000000000002,0.0572,456774636701154.562500
-0.44931,0.0228,0.054,456774636701154.562500
-0.4493,0.022000000000000002,0.058,456774636701154.562500
-0.44928999999999997,0.0236,0.0572,456774636701154.562500
-0.44928,0.022000000000000002,0.058,456774636701154.562500
-0.44927,0.0236,0.0572,456774636701154.562500
-0.44926,0.0228,0.053200000000000004,456774636701154.562500
-0.44925,0.022000000000000002,0.055600000000000004,456774636701154.562500
-0.44924,0.0244,0.058,456774636701154.562500
-0.44923,0.0236,0.058800000000000005,456774636701154.562500
-0.44922,0.0236,0.0572,456774636701154.562500
-0.44921,0.0212,0.055600000000000004,456774636701154.562500
-0.4492,0.0236,0.055600000000000004,456774636701154.562500
-0.44919,0.0236,0.0572,456774636701154.562500
-0.44918,0.0228,0.056400000000000006,456774636701154.562500
-0.44917,0.0212,0.056400000000000006,456774636701154.562500
-0.44916,0.0204,0.058800000000000005,456774636701154.562500
-0.44915,0.022000000000000002,0.0524,456774636701154.562500
-0.44914,0.0228,0.056400000000000006,456774636701154.562500
-0.44913,0.0228,0.042,456774636701154.562500
-0.44912,0.0244,0.055600000000000004,456774636701154.562500
-0.44911,0.018000000000000002,0.056400000000000006,456774636701154.562500
-0.4491,0.0148,0.0572,456774636701154.562500
-0.44909,0.0212,0.058,456774636701154.562500
-0.44908,0.0236,0.038,456774636701154.562500
-0.44906999999999997,0.0212,0.054,456774636701154.562500
-0.44906,0.0236,0.055600000000000004,456774636701154.562500
-0.44905,0.0228,0.058,456774636701154.562500
-0.44904,0.0228,0.056400000000000006,456774636701154.562500
-0.44903,0.0228,0.05,456774636701154.562500
-0.44902,0.0228,0.0572,456774636701154.562500
-0.44901,0.022000000000000002,0.058,456774636701154.562500
-0.449,0.0244,0.054,456774636701154.562500
-0.44899,0.0212,0.0516,456774636701154.562500
-0.44898,0.0236,0.0548,456774636701154.562500
-0.44897,0.0236,0.050800000000000005,456774636701154.562500
-0.44896,0.0236,0.056400000000000006,456774636701154.562500
-0.44895,0.0236,0.056400000000000006,456774636701154.562500
-0.44894,0.022000000000000002,0.0572,456774636701154.562500
-0.44893,0.0236,0.055600000000000004,456774636701154.562500
-0.44892,0.026000000000000002,0.056400000000000006,456774636701154.562500
-0.44891,0.0228,0.058,456774636701154.562500
-0.44889999999999997,0.0252,0.058,456774636701154.562500
-0.44889,0.0228,0.054,456774636701154.562500
-0.44888,0.0252,0.056400000000000006,456774636701154.562500
-0.44887,0.022000000000000002,0.0572,456774636701154.562500
-0.44886,0.0228,0.055600000000000004,456774636701154.562500
-0.44884999999999997,0.0204,0.058800000000000005,456774636701154.562500
-0.44884,0.0196,0.056400000000000006,456774636701154.562500
-0.44883,0.0204,0.058,456774636701154.562500
-0.44882,0.0228,0.0548,456774636701154.562500
-0.44881,0.022000000000000002,0.055600000000000004,456774636701154.562500
-0.4488,0.0204,0.054,456774636701154.562500
-0.44879,0.022000000000000002,0.054,456774636701154.562500
-0.44878,0.0236,0.0572,456774636701154.562500
-0.44877,0.022000000000000002,0.0524,456774636701154.562500
-0.44876,0.022000000000000002,0.050800000000000005,456774636701154.562500
-0.44875,0.022000000000000002,0.053200000000000004,456774636701154.562500
-0.44873999999999997,0.022000000000000002,0.0548,456774636701154.562500
-0.44873,0.0212,0.054,456774636701154.562500
-0.44872,0.022000000000000002,0.058,456774636701154.562500
-0.44871,0.0212,0.055600000000000004,456774636701154.562500
-0.4487,0.022000000000000002,0.0572,456774636701154.562500
-0.44869,0.0228,0.058,456774636701154.562500
-0.44867999999999997,0.0244,0.056400000000000006,456774636701154.562500
-0.44867,0.022000000000000002,0.055600000000000004,456774636701154.562500
-0.44866,0.0244,0.0548,456774636701154.562500
-0.44865,0.0244,0.0572,456774636701154.562500
-0.44864,0.0236,0.0524,456774636701154.562500
-0.44863,0.0252,0.054,456774636701154.562500
-0.44862,0.0244,0.0572,456774636701154.562500
-0.44861,0.026000000000000002,0.0572,456774636701154.562500
-0.4486,0.0236,0.0572,456774636701154.562500
-0.44859,0.0244,0.0548,456774636701154.562500
-0.44858,0.022000000000000002,0.058,456774636701154.562500
-0.44857,0.0244,0.058,456774636701154.562500
-0.44856,0.0236,0.058,456774636701154.562500
-0.44855,0.0228,0.056400000000000006,456774636701154.562500
-0.44854,0.022000000000000002,0.055600000000000004,456774636701154.562500
-0.44853,0.0228,0.05,456774636701154.562500
-0.44852,0.0236,0.0572,456774636701154.562500
-0.44851,0.022000000000000002,0.054,456774636701154.562500
-0.4485,0.022000000000000002,0.058,456774636701154.562500
-0.44849,0.022000000000000002,0.054,456774636701154.562500
-0.44848,0.022000000000000002,0.050800000000000005,456774636701154.562500
-0.44847,0.0236,0.05,456774636701154.562500
-0.44845999999999997,0.0212,0.056400000000000006,456774636701154.562500
-0.44845,0.022000000000000002,0.058,456774636701154.562500
-0.44844,0.0212,0.058,456774636701154.562500
-0.44843,0.0212,0.055600000000000004,456774636701154.562500
-0.44842,0.0188,0.058,456774636701154.562500
-0.44841,0.0212,0.058,456774636701154.562500
-0.4484,0.0212,0.0572,456774636701154.562500
-0.44839,0.022000000000000002,0.056400000000000006,456774636701154.562500
-0.44838,0.0228,0.0572,456774636701154.562500
-0.44837,0.022000000000000002,0.058,456774636701154.562500
-0.44836,0.0228,0.058,456774636701154.562500
-0.44835,0.0228,0.058,456774636701154.562500
-0.44834,0.0244,0.058,456774636701154.562500
-0.44833,0.0236,0.058,456774636701154.562500
-0.44832,0.0252,0.056400000000000006,456774636701154.562500
-0.44831,0.0244,0.055600000000000004,456774636701154.562500
-0.4483,0.0244,0.058,456774636701154.562500
-0.44828999999999997,0.0236,0.056400000000000006,456774636701154.562500
-0.44828,0.0244,0.056400000000000006,456774636701154.562500
-0.44827,0.0244,0.0524,456774636701154.562500
-0.44826,0.0228,0.056400000000000006,456774636701154.562500
-0.44825,0.0236,0.058,456774636701154.562500
-0.44823999999999997,0.0236,0.0572,456774636701154.562500
-0.44823,0.0228,0.058,456774636701154.562500
-0.44822,0.0228,0.058,456774636701154.562500
-0.44821,0.0228,0.0572,456774636701154.562500
-0.4482,0.0236,0.0524,456774636701154.562500
-0.44819,0.0228,0.0524,456774636701154.562500
-0.44818,0.0236,0.055600000000000004,456774636701154.562500
-0.44817,0.0212,0.056400000000000006,456774636701154.562500
-0.44816,0.022000000000000002,0.0572,456774636701154.562500
-0.44815,0.022000000000000002,0.0572,456774636701154.562500
-0.44814,0.0204,0.0524,456774636701154.562500
-0.44813,0.022000000000000002,0.0548,456774636701154.562500
-0.44812,0.0212,0.054,456774636701154.562500
-0.44811,0.022000000000000002,0.05,456774636701154.562500
-0.4481,0.022000000000000002,0.055600000000000004,456774636701154.562500
-0.44809,0.0236,0.056400000000000006,456774636701154.562500
-0.44808,0.0228,0.054,456774636701154.562500
-0.44806999999999997,0.022000000000000002,0.0572,456774636701154.562500
-0.44806,0.0228,0.0572,456774636701154.562500
-0.44805,0.0228,0.056400000000000006,456774636701154.562500
-0.44804,0.0244,0.055600000000000004,456774636701154.562500
-0.44803,0.0236,0.0516,456774636701154.562500
-0.44802,0.0236,0.0524,456774636701154.562500
-0.44801,0.0228,0.0548,456774636701154.562500
-0.448,0.0252,0.0524,456774636701154.562500
-0.44799,0.0236,0.058800000000000005,456774636701154.562500
-0.44798,0.0236,0.055600000000000004,456774636701154.562500
-0.44797,0.0244,0.058,456774636701154.562500
-0.44796,0.0244,0.0572,456774636701154.562500
-0.44795,0.022000000000000002,0.058,456774636701154.562500
-0.44794,0.0204,0.0548,456774636701154.562500
-0.44793,0.0236,0.056400000000000006,456774636701154.562500
-0.44792,0.0228,0.0572,456774636701154.562500
-0.44791,0.0228,0.058,456774636701154.562500
-0.44789999999999996,0.022000000000000002,0.054,456774636701154.562500
-0.44789,0.0212,0.054,456774636701154.562500
-0.44788,0.0228,0.058,456774636701154.562500
-0.44787,0.0228,0.058,456774636701154.562500
-0.44786,0.022000000000000002,0.0572,456774636701154.562500
-0.44784999999999997,0.0228,0.056400000000000006,456774636701154.562500
-0.44784,0.0196,0.058,456774636701154.562500
-0.44783,0.022000000000000002,0.058800000000000005,456774636701154.562500
-0.44782,0.022000000000000002,0.058800000000000005,456774636701154.562500
-0.44781,0.022000000000000002,0.0572,456774636701154.562500
-0.4478,0.022000000000000002,0.058800000000000005,456774636701154.562500
-0.44779,0.0212,0.058,456774636701154.562500
-0.44778,0.0236,0.0548,456774636701154.562500
-0.44777,0.0244,0.055600000000000004,456774636701154.562500
-0.44776,0.0228,0.058,456774636701154.562500
-0.44775,0.0236,0.0524,456774636701154.562500
-0.44774,0.022000000000000002,0.058,456774636701154.562500
-0.44773,0.0252,0.0548,456774636701154.562500
-0.44772,0.0244,0.0572,456774636701154.562500
-0.44771,0.0244,0.0572,456774636701154.562500
-0.4477,0.0236,0.055600000000000004,456774636701154.562500
-0.44769,0.0252,0.0572,456774636701154.562500
-0.44767999999999997,0.0252,0.0572,456774636701154.562500
-0.44767,0.0244,0.055600000000000004,456774636701154.562500
-0.44766,0.0236,0.056400000000000006,456774636701154.562500
-0.44765,0.0236,0.058,456774636701154.562500
-0.44764,0.0236,0.054,456774636701154.562500
-0.44763,0.0244,0.0572,456774636701154.562500
-0.44762,0.0228,0.056400000000000006,456774636701154.562500
-0.44761,0.0228,0.055600000000000004,456774636701154.562500
-0.4476,0.0236,0.056400000000000006,456774636701154.562500
-0.44759,0.0212,0.0516,456774636701154.562500
-0.44758,0.0228,0.054,456774636701154.562500
-0.44757,0.0236,0.038,456774636701154.562500
-0.44756,0.0196,0.0548,456774636701154.562500
-0.44755,0.0228,0.0476,456774636701154.562500
-0.44754,0.022000000000000002,0.0572,456774636701154.562500
-0.44753,0.022000000000000002,0.0572,456774636701154.562500
-0.44752,0.0236,0.0572,456774636701154.562500
-0.44751,0.0212,0.058,456774636701154.562500
-0.4475,0.022000000000000002,0.058,456774636701154.562500
-0.44749,0.022000000000000002,0.058800000000000005,456774636701154.562500
-0.44748,0.0228,0.0524,456774636701154.562500
-0.44747,0.0228,0.056400000000000006,456774636701154.562500
-0.44745999999999997,0.0228,0.050800000000000005,456774636701154.562500
-0.44745,0.0228,0.053200000000000004,456774636701154.562500
-0.44744,0.0236,0.0524,456774636701154.562500
-0.44743,0.015600000000000001,0.0492,456774636701154.562500
-0.44742,0.0204,0.0468,456774636701154.562500
-0.44741,0.0244,0.055600000000000004,456774636701154.562500
-0.4474,0.0236,0.055600000000000004,456774636701154.562500
-0.44739,0.0236,0.056400000000000006,456774636701154.562500
-0.44738,0.0244,0.056400000000000006,456774636701154.562500
-0.44737,0.0228,0.056400000000000006,456774636701154.562500
-0.44736,0.0244,0.055600000000000004,456774636701154.562500
-0.44735,0.0236,0.055600000000000004,456774636701154.562500
-0.44734,0.0244,0.058,456774636701154.562500
-0.44733,0.0228,0.058800000000000005,456774636701154.562500
-0.44732,0.0244,0.0596,456774636701154.562500
-0.44731,0.0228,0.056400000000000006,456774636701154.562500
-0.4473,0.0244,0.058800000000000005,456774636701154.562500
-0.44728999999999997,0.0236,0.058,456774636701154.562500
-0.44728,0.0228,0.056400000000000006,456774636701154.562500
-0.44727,0.0228,0.0572,456774636701154.562500
-0.44726,0.0228,0.055600000000000004,456774636701154.562500
-0.44725,0.0212,0.058,456774636701154.562500
-0.44723999999999997,0.0228,0.0524,456774636701154.562500
-0.44723,0.0236,0.0524,456774636701154.562500
-0.44722,0.022000000000000002,0.0548,456774636701154.562500
-0.44721,0.0228,0.056400000000000006,456774636701154.562500
-0.4472,0.0236,0.056400000000000006,456774636701154.562500
-0.44719,0.0236,0.056400000000000006,456774636701154.562500
-0.44718,0.022000000000000002,0.0572,456774636701154.562500
-0.44717,0.0228,0.055600000000000004,456774636701154.562500
-0.44716,0.0228,0.056400000000000006,456774636701154.562500
-0.44715,0.0236,0.0572,456774636701154.562500
-0.44714,0.0236,0.0572,456774636701154.562500
-0.44712999999999997,0.0244,0.054,456774636701154.562500
-0.44712,0.0252,0.058,456774636701154.562500
-0.44711,0.0244,0.0572,456774636701154.562500
-0.4471,0.0236,0.0516,456774636701154.562500
-0.44709,0.0236,0.054,456774636701154.562500
-0.44708,0.0252,0.0396,456774636701154.562500
-0.44706999999999997,0.0228,0.0516,456774636701154.562500
-0.44706,0.0204,0.0524,456774636701154.562500
-0.44705,0.0236,0.056400000000000006,456774636701154.562500
-0.44704,0.0244,0.056400000000000006,456774636701154.562500
-0.44703,0.0236,0.055600000000000004,456774636701154.562500
-0.44702,0.0244,0.0524,456774636701154.562500
-0.44701,0.022000000000000002,0.0524,456774636701154.562500
-0.447,0.0244,0.053200000000000004,456774636701154.562500
-0.44699,0.0228,0.048400000000000006,456774636701154.562500
-0.44698,0.0212,0.055600000000000004,456774636701154.562500
-0.44697,0.0228,0.0444,456774636701154.562500
-0.44696,0.022000000000000002,0.054,456774636701154.562500
-0.44695,0.0212,0.050800000000000005,456774636701154.562500
-0.44694,0.0228,0.0548,456774636701154.562500
-0.44693,0.022000000000000002,0.0524,456774636701154.562500
-0.44692,0.0236,0.05,456774636701154.562500
-0.44691,0.0196,0.054,456774636701154.562500
-0.4469,0.022000000000000002,0.0572,456774636701154.562500
-0.44689,0.0228,0.056400000000000006,456774636701154.562500
-0.44688,0.0228,0.0572,456774636701154.562500
-0.44687,0.0228,0.0572,456774636701154.562500
-0.44686,0.0236,0.050800000000000005,456774636701154.562500
-0.44684999999999997,0.022000000000000002,0.0524,456774636701154.562500
-0.44684,0.0212,0.0436,456774636701154.562500
-0.44683,0.0236,0.050800000000000005,456774636701154.562500
-0.44682,0.0244,0.048400000000000006,456774636701154.562500
-0.44681,0.0236,0.055600000000000004,456774636701154.562500
-0.4468,0.0196,0.0516,456774636701154.562500
-0.44679,0.0236,0.055600000000000004,456774636701154.562500
-0.44678,0.022000000000000002,0.0548,456774636701154.562500
-0.44677,0.0252,0.056400000000000006,456774636701154.562500
-0.44676,0.0228,0.0524,456774636701154.562500
-0.44675,0.0172,0.0524,456774636701154.562500
-0.44674,0.022000000000000002,0.050800000000000005,456774636701154.562500
-0.44673,0.018000000000000002,0.055600000000000004,456774636701154.562500
-0.44672,0.0196,0.054,456774636701154.562500
-0.44671,0.0196,0.058,456774636701154.562500
-0.4467,0.022000000000000002,0.0524,456774636701154.562500
-0.44669,0.0212,0.0548,456774636701154.562500
-0.44667999999999997,0.0236,0.056400000000000006,456774636701154.562500
-0.44667,0.022000000000000002,0.058,456774636701154.562500
-0.44666,0.0196,0.0572,456774636701154.562500
-0.44665,0.0212,0.0548,456774636701154.562500
-0.44664,0.0212,0.056400000000000006,456774636701154.562500
-0.44662999999999997,0.0204,0.058,456774636701154.562500
-0.44662,0.022000000000000002,0.058,456774636701154.562500
-0.44661,0.0236,0.058800000000000005,456774636701154.562500
-0.4466,0.0228,0.058,456774636701154.562500
-0.44659,0.022000000000000002,0.055600000000000004,456774636701154.562500
-0.44658,0.0244,0.0572,456774636701154.562500
-0.44657,0.0236,0.0596,456774636701154.562500
-0.44656,0.0228,0.058,456774636701154.562500
-0.44655,0.0244,0.0572,456774636701154.562500
-0.44654,0.0244,0.0572,456774636701154.562500
-0.44653,0.0236,0.0572,456774636701154.562500
-0.44652,0.0244,0.0548,456774636701154.562500
-0.44651,0.0236,0.058,456774636701154.562500
-0.4465,0.0236,0.058,456774636701154.562500
-0.44649,0.0244,0.056400000000000006,456774636701154.562500
-0.44648,0.0228,0.056400000000000006,456774636701154.562500
-0.44647,0.0244,0.058800000000000005,456774636701154.562500
-0.44645999999999997,0.0228,0.0572,456774636701154.562500
-0.44645,0.0228,0.056400000000000006,456774636701154.562500
-0.44644,0.0244,0.058,456774636701154.562500
-0.44643,0.0244,0.054,456774636701154.562500
-0.44642,0.0236,0.055600000000000004,456774636701154.562500
-0.44641,0.0228,0.0572,456774636701154.562500
-0.4464,0.0228,0.0492,456774636701154.562500
-0.44639,0.0228,0.054,456774636701154.562500
-0.44638,0.0228,0.0524,456774636701154.562500
-0.44637,0.0212,0.0572,456774636701154.562500
-0.44636,0.0236,0.056400000000000006,456774636701154.562500
-0.44635,0.0212,0.0548,456774636701154.562500
-0.44634,0.0228,0.0492,456774636701154.562500
-0.44633,0.0228,0.053200000000000004,456774636701154.562500
-0.44632,0.022000000000000002,0.0516,456774636701154.562500
-0.44631,0.0212,0.0516,456774636701154.562500
-0.4463,0.0228,0.054,456774636701154.562500
-0.44628999999999996,0.0236,0.0572,456774636701154.562500
-0.44628,0.0228,0.058,456774636701154.562500
-0.44627,0.0228,0.050800000000000005,456774636701154.562500
-0.44626,0.0228,0.054,456774636701154.562500
-0.44625,0.022000000000000002,0.055600000000000004,456774636701154.562500
-0.44623999999999997,0.022000000000000002,0.058,456774636701154.562500
-0.44623,0.0244,0.056400000000000006,456774636701154.562500
-0.44622,0.022000000000000002,0.056400000000000006,456774636701154.562500
-0.44621,0.0236,0.054,456774636701154.562500
-0.4462,0.0236,0.058,456774636701154.562500
-0.44619,0.0244,0.058,456774636701154.562500
-0.44618,0.0236,0.058800000000000005,456774636701154.562500
-0.44617,0.0244,0.056400000000000006,456774636701154.562500
-0.44616,0.0252,0.056400000000000006,456774636701154.562500
-0.44615,0.0236,0.058800000000000005,456774636701154.562500
-0.44614,0.0244,0.0572,456774636701154.562500
-0.44613,0.0244,0.056400000000000006,456774636701154.562500
-0.44612,0.0236,0.0572,456774636701154.562500
-0.44611,0.0228,0.058,456774636701154.562500
-0.4461,0.0228,0.0548,456774636701154.562500
-0.44609,0.0236,0.0572,456774636701154.562500
-0.44608,0.0228,0.058,456774636701154.562500
-0.44606999999999997,0.022000000000000002,0.055600000000000004,456774636701154.562500
-0.44606,0.0228,0.058,456774636701154.562500
-0.44605,0.0212,0.058800000000000005,456774636701154.562500
-0.44604,0.022000000000000002,0.0596,456774636701154.562500
-0.44603,0.0204,0.048400000000000006,456774636701154.562500
-0.44601999999999997,0.0236,0.0572,456774636701154.562500
-0.44601,0.0196,0.048400000000000006,456774636701154.562500
-0.446,0.0204,0.058800000000000005,456774636701154.562500
-0.44599,0.022000000000000002,0.05,456774636701154.562500
-0.44598,0.0228,0.0572,456774636701154.562500
-0.44597,0.0228,0.0572,456774636701154.562500
-0.44596,0.0228,0.056400000000000006,456774636701154.562500
-0.44595,0.0228,0.0572,456774636701154.562500
-0.44594,0.0228,0.0572,456774636701154.562500
-0.44593,0.0236,0.058800000000000005,456774636701154.562500
-0.44592,0.0244,0.056400000000000006,456774636701154.562500
-0.44591,0.022000000000000002,0.056400000000000006,456774636701154.562500
-0.4459,0.026000000000000002,0.056400000000000006,456774636701154.562500
-0.44589,0.0252,0.058,456774636701154.562500
-0.44588,0.0252,0.058800000000000005,456774636701154.562500
-0.44587,0.0244,0.058,456774636701154.562500
-0.44586,0.0236,0.0572,456774636701154.562500
-0.44584999999999997,0.0252,0.058,456774636701154.562500
-0.44584,0.0252,0.054,456774636701154.562500
-0.44583,0.0244,0.055600000000000004,456774636701154.562500
-0.44582,0.0244,0.0572,456774636701154.562500
-0.44581,0.0236,0.058800000000000005,456774636701154.562500
-0.4458,0.0236,0.056400000000000006,456774636701154.562500
-0.44579,0.0228,0.056400000000000006,456774636701154.562500
-0.44578,0.0252,0.0572,456774636701154.562500
-0.44577,0.0244,0.056400000000000006,456774636701154.562500
-0.44576,0.0236,0.0572,456774636701154.562500
-0.44575,0.0228,0.0596,456774636701154.562500
-0.44574,0.0196,0.054,456774636701154.562500
-0.44573,0.018000000000000002,0.058,456774636701154.562500
-0.44572,0.0188,0.0572,456774636701154.562500
-0.44571,0.0196,0.0548,456774636701154.562500
-0.4457,0.0204,0.058800000000000005,456774636701154.562500
-0.44569,0.0196,0.0524,456774636701154.562500
-0.44567999999999997,0.0228,0.056400000000000006,456774636701154.562500
-0.44567,0.022000000000000002,0.0572,456774636701154.562500
-0.44566,0.0236,0.055600000000000004,456774636701154.562500
-0.44565,0.0236,0.056400000000000006,456774636701154.562500
-0.44564,0.022000000000000002,0.056400000000000006,456774636701154.562500
-0.44562999999999997,0.0228,0.048400000000000006,456774636701154.562500
-0.44562,0.0236,0.050800000000000005,456774636701154.562500
-0.44561,0.0244,0.048400000000000006,456774636701154.562500
-0.4456,0.0244,0.042,456774636701154.562500
-0.44559,0.0252,0.050800000000000005,456774636701154.562500
-0.44558,0.0236,0.048400000000000006,456774636701154.562500
-0.44557,0.0244,0.0524,456774636701154.562500
-0.44556,0.0252,0.054,456774636701154.562500
-0.44555,0.0244,0.0548,456774636701154.562500
-0.44554,0.0252,0.056400000000000006,456774636701154.562500
-0.44553,0.0212,0.056400000000000006,456774636701154.562500
-0.44551999999999997,0.0244,0.056400000000000006,456774636701154.562500
-0.44551,0.0228,0.058,456774636701154.562500
-0.4455,0.0188,0.0572,456774636701154.562500
-0.44549,0.022000000000000002,0.058,456774636701154.562500
-0.44548,0.0212,0.058,456774636701154.562500
-0.44547,0.0236,0.058,456774636701154.562500
-0.44545999999999997,0.0228,0.058,456774636701154.562500
-0.44545,0.0228,0.056400000000000006,456774636701154.562500
-0.44544,0.022000000000000002,0.058,456774636701154.562500
-0.44543,0.022000000000000002,0.058800000000000005,456774636701154.562500
-0.44542,0.0188,0.058,456774636701154.562500
-0.44541,0.0212,0.0548,456774636701154.562500
-0.4454,0.0236,0.058,456774636701154.562500
-0.44539,0.022000000000000002,0.058,456774636701154.562500
-0.44538,0.0228,0.058,456774636701154.562500
-0.44537,0.0236,0.055600000000000004,456774636701154.562500
-0.44536,0.0212,0.055600000000000004,456774636701154.562500
-0.44535,0.0236,0.0548,456774636701154.562500
-0.44534,0.0236,0.0572,456774636701154.562500
-0.44533,0.0228,0.0572,456774636701154.562500
-0.44532,0.0228,0.0572,456774636701154.562500
-0.44531,0.0212,0.054,456774636701154.562500
-0.4453,0.0236,0.0572,456774636701154.562500
-0.44529,0.0244,0.0572,456774636701154.562500
-0.44528,0.0236,0.055600000000000004,456774636701154.562500
-0.44527,0.0244,0.053200000000000004,456774636701154.562500
-0.44526,0.0244,0.05,456774636701154.562500
-0.44525,0.022000000000000002,0.0548,456774636701154.562500
-0.44523999999999997,0.0228,0.058,456774636701154.562500
-0.44523,0.0236,0.058,456774636701154.562500
-0.44522,0.0244,0.058800000000000005,456774636701154.562500
-0.44521,0.0244,0.055600000000000004,456774636701154.562500
-0.4452,0.0236,0.055600000000000004,456774636701154.562500
-0.44519,0.0212,0.0572,456774636701154.562500
-0.44518,0.0236,0.0572,456774636701154.562500
-0.44517,0.0236,0.0596,456774636701154.562500
-0.44516,0.0244,0.055600000000000004,456774636701154.562500
-0.44515,0.0212,0.058,456774636701154.562500
-0.44514,0.0196,0.053200000000000004,456774636701154.562500
-0.44513,0.022000000000000002,0.0572,456774636701154.562500
-0.44512,0.0244,0.053200000000000004,456774636701154.562500
-0.44511,0.0212,0.056400000000000006,456774636701154.562500
-0.4451,0.022000000000000002,0.058,456774636701154.562500
-0.44509,0.022000000000000002,0.0572,456774636701154.562500
-0.44508,0.0228,0.054,456774636701154.562500
-0.44506999999999997,0.0212,0.055600000000000004,456774636701154.562500
-0.44506,0.0228,0.054,456774636701154.562500
-0.44505,0.0236,0.058,456774636701154.562500
-0.44504,0.0244,0.055600000000000004,456774636701154.562500
-0.44503,0.022000000000000002,0.055600000000000004,456774636701154.562500
-0.44501999999999997,0.0236,0.0524,456774636701154.562500
-0.44501,0.0236,0.0524,456774636701154.562500
-0.445,0.0244,0.058,456774636701154.562500
-0.44499,0.0244,0.055600000000000004,456774636701154.562500
-0.44498,0.0244,0.054,456774636701154.562500
-0.44497,0.0244,0.0572,456774636701154.562500
-0.44496,0.0252,0.055600000000000004,456774636701154.562500
-0.44495,0.0236,0.0524,456774636701154.562500
-0.44494,0.0252,0.058,456774636701154.562500
-0.44493,0.0244,0.0572,456774636701154.562500
-0.44492,0.026000000000000002,0.048400000000000006,456774636701154.562500
-0.44490999999999997,0.0212,0.0572,456774636701154.562500
-0.4449,0.0252,0.056400000000000006,456774636701154.562500
-0.44489,0.022000000000000002,0.0572,456774636701154.562500
-0.44488,0.0228,0.058,456774636701154.562500
-0.44487,0.022000000000000002,0.058,456774636701154.562500
-0.44486,0.0212,0.058,456774636701154.562500
-0.44484999999999997,0.022000000000000002,0.0572,456774636701154.562500
-0.44484,0.022000000000000002,0.058,456774636701154.562500
-0.44483,0.0212,0.0572,456774636701154.562500
-0.44482,0.0212,0.0516,456774636701154.562500
-0.44481,0.0188,0.0596,456774636701154.562500
-0.4448,0.0204,0.056400000000000006,456774636701154.562500
-0.44479,0.0212,0.0572,456774636701154.562500
-0.44478,0.022000000000000002,0.058,456774636701154.562500
-0.44477,0.018000000000000002,0.0572,456774636701154.562500
-0.44476,0.022000000000000002,0.0572,456774636701154.562500
-0.44475,0.0212,0.0572,456774636701154.562500
-0.44474,0.0212,0.056400000000000006,456774636701154.562500
-0.44473,0.022000000000000002,0.056400000000000006,456774636701154.562500
-0.44472,0.0236,0.0572,456774636701154.562500
-0.44471,0.022000000000000002,0.056400000000000006,456774636701154.562500
-0.4447,0.0196,0.058800000000000005,456774636701154.562500
-0.44469,0.0228,0.0548,456774636701154.562500
-0.44468,0.0236,0.0572,456774636701154.562500
-0.44467,0.0244,0.058800000000000005,456774636701154.562500
-0.44466,0.026000000000000002,0.056400000000000006,456774636701154.562500
-0.44465,0.0212,0.0572,456774636701154.562500
-0.44464,0.0244,0.055600000000000004,456774636701154.562500
-0.44462999999999997,0.0212,0.058,456774636701154.562500
-0.44462,0.022000000000000002,0.056400000000000006,456774636701154.562500
-0.44461,0.0252,0.055600000000000004,456774636701154.562500
-0.4446,0.0236,0.055600000000000004,456774636701154.562500
-0.44459,0.022000000000000002,0.054,456774636701154.562500
-0.44458,0.0236,0.056400000000000006,456774636701154.562500
-0.44457,0.0236,0.058,456774636701154.562500
-0.44456,0.0228,0.0548,456774636701154.562500
-0.44455,0.022000000000000002,0.0572,456774636701154.562500
-0.44454,0.0188,0.056400000000000006,456774636701154.562500
-0.44453,0.022000000000000002,0.0572,456774636701154.562500
-0.44452,0.0212,0.056400000000000006,456774636701154.562500
-0.44451,0.0212,0.0572,456774636701154.562500
-0.4445,0.0188,0.0572,456774636701154.562500
-0.44449,0.0212,0.0572,456774636701154.562500
-0.44448,0.0236,0.058800000000000005,456774636701154.562500
-0.44447,0.022000000000000002,0.058,456774636701154.562500
-0.44445999999999997,0.0204,0.056400000000000006,456774636701154.562500
-0.44445,0.0236,0.058,456774636701154.562500
-0.44444,0.0212,0.0572,456774636701154.562500
-0.44443,0.0188,0.058,456774636701154.562500
-0.44442,0.0228,0.0572,456774636701154.562500
-0.44440999999999997,0.0188,0.0572,456774636701154.562500
-0.4444,0.0236,0.0548,456774636701154.562500
-0.44439,0.022000000000000002,0.056400000000000006,456774636701154.562500
-0.44438,0.0236,0.053200000000000004,456774636701154.562500
-0.44437,0.0244,0.0516,456774636701154.562500
-0.44436,0.0236,0.0572,456774636701154.562500
-0.44435,0.0252,0.0548,456774636701154.562500
-0.44434,0.022000000000000002,0.0572,456774636701154.562500
-0.44433,0.026000000000000002,0.053200000000000004,456774636701154.562500
-0.44432,0.0244,0.056400000000000006,456774636701154.562500
-0.44431,0.0252,0.045200000000000004,456774636701154.562500
-0.4443,0.0236,0.0524,456774636701154.562500
-0.44429,0.0204,0.0516,456774636701154.562500
-0.44428,0.022000000000000002,0.0572,456774636701154.562500
-0.44427,0.0212,0.058,456774636701154.562500
-0.44426,0.0204,0.056400000000000006,456774636701154.562500
-0.44425,0.022000000000000002,0.0572,456774636701154.562500
-0.44423999999999997,0.0244,0.055600000000000004,456774636701154.562500
-0.44423,0.022000000000000002,0.056400000000000006,456774636701154.562500
-0.44422,0.0228,0.055600000000000004,456774636701154.562500
-0.44421,0.0228,0.054,456774636701154.562500
-0.4442,0.022000000000000002,0.0572,456774636701154.562500
-0.44419,0.0228,0.0524,456774636701154.562500
-0.44418,0.0204,0.0572,456774636701154.562500
-0.44417,0.0212,0.058,456774636701154.562500
-0.44416,0.022000000000000002,0.056400000000000006,456774636701154.562500
-0.44415,0.0228,0.056400000000000006,456774636701154.562500
-0.44414,0.022000000000000002,0.058,456774636701154.562500
-0.44413,0.0204,0.058,456774636701154.562500
-0.44412,0.0196,0.058800000000000005,456774636701154.562500
-0.44411,0.0228,0.058,456774636701154.562500
-0.4441,0.0228,0.0572,456774636701154.562500
-0.44409,0.0236,0.058,456774636701154.562500
-0.44408,0.0244,0.054,456774636701154.562500
-0.44406999999999996,0.0228,0.055600000000000004,456774636701154.562500
-0.44406,0.0244,0.058,456774636701154.562500
-0.44405,0.0236,0.0572,456774636701154.562500
-0.44404,0.0244,0.0572,456774636701154.562500
-0.44403,0.0244,0.0492,456774636701154.562500
-0.44401999999999997,0.0164,0.058,456774636701154.562500
-0.44401,0.0236,0.0516,456774636701154.562500
-0.444,0.0164,0.055600000000000004,456774636701154.562500
-0.44399,0.0236,0.0516,456774636701154.562500
-0.44398,0.0228,0.056400000000000006,456774636701154.562500
-0.44397,0.0236,0.058,456774636701154.562500
-0.44396,0.0212,0.050800000000000005,456774636701154.562500
-0.44395,0.0228,0.058,456774636701154.562500
-0.44394,0.022000000000000002,0.054,456774636701154.562500
-0.44393,0.0236,0.056400000000000006,456774636701154.562500
-0.44392,0.0228,0.0524,456774636701154.562500
-0.44390999999999997,0.0196,0.055600000000000004,456774636701154.562500
-0.4439,0.0212,0.056400000000000006,456774636701154.562500
-0.44389,0.022000000000000002,0.055600000000000004,456774636701154.562500
-0.44388,0.0244,0.054,456774636701154.562500
-0.44387,0.0204,0.0572,456774636701154.562500
-0.44386,0.0244,0.055600000000000004,456774636701154.562500
-0.44384999999999997,0.022000000000000002,0.058,456774636701154.562500
-0.44384,0.0212,0.055600000000000004,456774636701154.562500
-0.44383,0.0164,0.055600000000000004,456774636701154.562500
-0.44382,0.0204,0.0572,456774636701154.562500
-0.44381,0.0188,0.0572,456774636701154.562500
-0.4438,0.022000000000000002,0.056400000000000006,456774636701154.562500
-0.44379,0.018000000000000002,0.0492,456774636701154.562500
-0.44378,0.022000000000000002,0.058,456774636701154.562500
-0.44377,0.0228,0.0524,456774636701154.562500
-0.44376,0.0228,0.056400000000000006,456774636701154.562500
-0.44375,0.0244,0.0548,456774636701154.562500
-0.44374,0.0236,0.056400000000000006,456774636701154.562500
-0.44373,0.0244,0.056400000000000006,456774636701154.562500
-0.44372,0.022000000000000002,0.058,456774636701154.562500
-0.44371,0.0212,0.058,456774636701154.562500
-0.4437,0.0204,0.058800000000000005,456774636701154.562500
-0.44369,0.0244,0.054,456774636701154.562500
-0.44368,0.0236,0.0572,456774636701154.562500
-0.44367,0.0228,0.0572,456774636701154.562500
-0.44366,0.0244,0.056400000000000006,456774636701154.562500
-0.44365,0.0204,0.056400000000000006,456774636701154.562500
-0.44364,0.0228,0.054,456774636701154.562500
-0.44362999999999997,0.0212,0.056400000000000006,456774636701154.562500
-0.44362,0.018000000000000002,0.0516,456774636701154.562500
-0.44361,0.0196,0.056400000000000006,456774636701154.562500
-0.4436,0.0228,0.0572,456774636701154.562500
-0.44359,0.0228,0.056400000000000006,456774636701154.562500
-0.44358,0.0236,0.058,456774636701154.562500
-0.44357,0.0228,0.058,456774636701154.562500
-0.44356,0.0228,0.0572,456774636701154.562500
-0.44355,0.022000000000000002,0.056400000000000006,456774636701154.562500
-0.44354,0.0228,0.0572,456774636701154.562500
-0.44353,0.022000000000000002,0.058,456774636701154.562500
-0.44352,0.0228,0.0572,456774636701154.562500
-0.44351,0.0228,0.058,456774636701154.562500
-0.4435,0.022000000000000002,0.058,456774636701154.562500
-0.44349,0.0228,0.058,456774636701154.562500
-0.44348,0.0236,0.055600000000000004,456774636701154.562500
-0.44347,0.0244,0.05,456774636701154.562500
-0.44345999999999997,0.0236,0.0572,456774636701154.562500
-0.44345,0.0244,0.0516,456774636701154.562500
-0.44344,0.0236,0.058800000000000005,456774636701154.562500
-0.44343,0.0252,0.056400000000000006,456774636701154.562500
-0.44342,0.0252,0.0572,456774636701154.562500
-0.44340999999999997,0.0236,0.050800000000000005,456774636701154.562500
-0.4434,0.0236,0.054,456774636701154.562500
-0.44339,0.0228,0.055600000000000004,456774636701154.562500
-0.44338,0.0236,0.0516,456774636701154.562500
-0.44337,0.0228,0.050800000000000005,456774636701154.562500
-0.44336,0.0228,0.056400000000000006,456774636701154.562500
-0.44335,0.0236,0.0572,456774636701154.562500
-0.44334,0.022000000000000002,0.055600000000000004,456774636701154.562500
-0.44333,0.0236,0.055600000000000004,456774636701154.562500
-0.44332,0.022000000000000002,0.0572,456774636701154.562500
-0.44331,0.0244,0.0572,456774636701154.562500
-0.44329999999999997,0.022000000000000002,0.0572,456774636701154.562500
-0.44329,0.0228,0.058,456774636701154.562500
-0.44328,0.022000000000000002,0.058,456774636701154.562500
-0.44327,0.022000000000000002,0.058,456774636701154.562500
-0.44326,0.0228,0.0572,456774636701154.562500
-0.44325,0.022000000000000002,0.055600000000000004,456774636701154.562500
-0.44323999999999997,0.0236,0.055600000000000004,456774636701154.562500
-0.44323,0.0236,0.0572,456774636701154.562500
-0.44322,0.0212,0.0572,456774636701154.562500
-0.44321,0.0244,0.055600000000000004,456774636701154.562500
-0.4432,0.0212,0.055600000000000004,456774636701154.562500
-0.44319,0.0236,0.0524,456774636701154.562500
-0.44318,0.0228,0.058,456774636701154.562500
-0.44317,0.0244,0.053200000000000004,456774636701154.562500
-0.44316,0.0236,0.0572,456774636701154.562500
-0.44315,0.0236,0.0572,456774636701154.562500
-0.44314,0.0212,0.0572,456774636701154.562500
-0.44313,0.0252,0.055600000000000004,456774636701154.562500
-0.44312,0.0252,0.058800000000000005,456774636701154.562500
-0.44311,0.0228,0.0572,456774636701154.562500
-0.4431,0.026000000000000002,0.0524,456774636701154.562500
-0.44309,0.0228,0.0572,456774636701154.562500
-0.44308,0.0252,0.0492,456774636701154.562500
-0.44307,0.0236,0.055600000000000004,456774636701154.562500
-0.44306,0.022000000000000002,0.056400000000000006,456774636701154.562500
-0.44305,0.0188,0.0572,456774636701154.562500
-0.44304,0.022000000000000002,0.058,456774636701154.562500
-0.44303,0.018000000000000002,0.054,456774636701154.562500
-0.44301999999999997,0.0228,0.056400000000000006,456774636701154.562500
-0.44301,0.0204,0.050800000000000005,456774636701154.562500
-0.443,0.0228,0.056400000000000006,456774636701154.562500
-0.44299,0.022000000000000002,0.0516,456774636701154.562500
-0.44298,0.0212,0.055600000000000004,456774636701154.562500
-0.44297,0.0228,0.0492,456774636701154.562500
-0.44296,0.022000000000000002,0.054,456774636701154.562500
-0.44295,0.022000000000000002,0.0572,456774636701154.562500
-0.44294,0.0212,0.0492,456774636701154.562500
-0.44293,0.0204,0.0524,456774636701154.562500
-0.44292,0.0236,0.053200000000000004,456774636701154.562500
-0.44291,0.0236,0.054,456774636701154.562500
-0.4429,0.0228,0.0524,456774636701154.562500
-0.44289,0.0236,0.058,456774636701154.562500
-0.44288,0.022000000000000002,0.055600000000000004,456774636701154.562500
-0.44287,0.0236,0.056400000000000006,456774636701154.562500
-0.44286,0.0252,0.0516,456774636701154.562500
-0.44284999999999997,0.0236,0.056400000000000006,456774636701154.562500
-0.44284,0.0236,0.056400000000000006,456774636701154.562500
-0.44283,0.0252,0.058,456774636701154.562500
-0.44282,0.0228,0.054,456774636701154.562500
-0.44281,0.0236,0.056400000000000006,456774636701154.562500
-0.44279999999999997,0.022000000000000002,0.055600000000000004,456774636701154.562500
-0.44279,0.0244,0.0572,456774636701154.562500
-0.44278,0.0236,0.053200000000000004,456774636701154.562500
-0.44277,0.0244,0.0572,456774636701154.562500
-0.44276,0.0236,0.053200000000000004,456774636701154.562500
-0.44275,0.0252,0.054,456774636701154.562500
-0.44274,0.0244,0.0548,456774636701154.562500
-0.44273,0.0236,0.056400000000000006,456774636701154.562500
-0.44272,0.0228,0.056400000000000006,456774636701154.562500
-0.44271,0.0212,0.058800000000000005,456774636701154.562500
-0.4427,0.022000000000000002,0.054,456774636701154.562500
-0.44269,0.022000000000000002,0.0548,456774636701154.562500
-0.44268,0.0228,0.053200000000000004,456774636701154.562500
-0.44267,0.022000000000000002,0.0572,456774636701154.562500
-0.44266,0.022000000000000002,0.0572,456774636701154.562500
-0.44265,0.0204,0.0572,456774636701154.562500
-0.44264,0.0196,0.058,456774636701154.562500
-0.44262999999999997,0.0212,0.0572,456774636701154.562500
-0.44262,0.0228,0.056400000000000006,456774636701154.562500
-0.44261,0.0204,0.053200000000000004,456774636701154.562500
-0.4426,0.0236,0.0548,456774636701154.562500
-0.44259,0.022000000000000002,0.054,456774636701154.562500
-0.44258,0.0236,0.054,456774636701154.562500
-0.44257,0.022000000000000002,0.055600000000000004,456774636701154.562500
-0.44256,0.0236,0.053200000000000004,456774636701154.562500
-0.44255,0.026000000000000002,0.0548,456774636701154.562500
-0.44254,0.0244,0.056400000000000006,456774636701154.562500
-0.44253,0.0236,0.0572,456774636701154.562500
-0.44252,0.022000000000000002,0.058,456774636701154.562500
-0.44251,0.022000000000000002,0.0548,456774636701154.562500
-0.4425,0.0228,0.0572,456774636701154.562500
-0.44249,0.022000000000000002,0.058,456774636701154.562500
-0.44248,0.0252,0.058,456774636701154.562500
-0.44247,0.026000000000000002,0.056400000000000006,456774636701154.562500
-0.44245999999999996,0.0244,0.056400000000000006,456774636701154.562500
-0.44245,0.0244,0.0572,456774636701154.562500
-0.44244,0.0244,0.0524,456774636701154.562500
-0.44243,0.0236,0.054,456774636701154.562500
-0.44242,0.0236,0.058,456774636701154.562500
-0.44240999999999997,0.0228,0.0572,456774636701154.562500
-0.4424,0.022000000000000002,0.0524,456774636701154.562500
-0.44239,0.022000000000000002,0.055600000000000004,456774636701154.562500
-0.44238,0.0228,0.0548,456774636701154.562500
-0.44237,0.022000000000000002,0.054,456774636701154.562500
-0.44236,0.0212,0.056400000000000006,456774636701154.562500
-0.44235,0.022000000000000002,0.056400000000000006,456774636701154.562500
-0.44234,0.0228,0.058,456774636701154.562500
-0.44233,0.0228,0.054,456774636701154.562500
-0.44232,0.022000000000000002,0.054,456774636701154.562500
-0.44231,0.022000000000000002,0.0524,456774636701154.562500
-0.4423,0.0244,0.0548,456774636701154.562500
-0.44229,0.0212,0.054,456774636701154.562500
-0.44228,0.022000000000000002,0.0572,456774636701154.562500
-0.44227,0.0236,0.055600000000000004,456774636701154.562500
-0.44226,0.0204,0.0572,456774636701154.562500
-0.44225,0.0244,0.0548,456774636701154.562500
-0.44223999999999997,0.022000000000000002,0.0572,456774636701154.562500
-0.44223,0.0252,0.055600000000000004,456774636701154.562500
-0.44222,0.0236,0.056400000000000006,456774636701154.562500
-0.44221,0.0236,0.055600000000000004,456774636701154.562500
-0.4422,0.0244,0.058,456774636701154.562500
-0.44218999999999997,0.0244,0.055600000000000004,456774636701154.562500
-0.44218,0.0236,0.0572,456774636701154.562500
-0.44217,0.0228,0.0572,456774636701154.562500
-0.44216,0.0244,0.0548,456774636701154.562500
-0.44215,0.0244,0.0572,456774636701154.562500
-0.44214,0.0236,0.058,456774636701154.562500
-0.44213,0.0236,0.0572,456774636701154.562500
-0.44212,0.0196,0.054,456774636701154.562500
-0.44211,0.0244,0.0572,456774636701154.562500
-0.4421,0.0204,0.05,456774636701154.562500
-0.44209,0.0196,0.0476,456774636701154.562500
-0.44208,0.0228,0.0548,456774636701154.562500
-0.44207,0.0212,0.0476,456774636701154.562500
-0.44206,0.022000000000000002,0.058,456774636701154.562500
-0.44205,0.0228,0.056400000000000006,456774636701154.562500
-0.44204,0.022000000000000002,0.0572,456774636701154.562500
-0.44203,0.0228,0.0548,456774636701154.562500
-0.44201999999999997,0.022000000000000002,0.0572,456774636701154.562500
-0.44201,0.0204,0.0516,456774636701154.562500
-0.442,0.0228,0.056400000000000006,456774636701154.562500
-0.44199,0.0212,0.050800000000000005,456774636701154.562500
-0.44198,0.022000000000000002,0.056400000000000006,456774636701154.562500
-0.44197,0.0228,0.0476,456774636701154.562500
-0.44196,0.0244,0.0548,456774636701154.562500
-0.44195,0.022000000000000002,0.056400000000000006,456774636701154.562500
-0.44194,0.0244,0.0572,456774636701154.562500
-0.44193,0.0236,0.0516,456774636701154.562500
-0.44192,0.0252,0.0572,456774636701154.562500
-0.44191,0.0244,0.05,456774636701154.562500
-0.4419,0.0244,0.0572,456774636701154.562500
-0.44189,0.0236,0.050800000000000005,456774636701154.562500
-0.44188,0.0236,0.0524,456774636701154.562500
-0.44187,0.0228,0.048400000000000006,456774636701154.562500
-0.44186,0.0228,0.054,456774636701154.562500
-0.44184999999999997,0.0236,0.0524,456774636701154.562500
-0.44184,0.0212,0.054,456774636701154.562500
-0.44183,0.0236,0.055600000000000004,456774636701154.562500
-0.44182,0.022000000000000002,0.05,456774636701154.562500
-0.44181,0.0228,0.055600000000000004,456774636701154.562500
-0.44179999999999997,0.0244,0.058,456774636701154.562500
-0.44179,0.0236,0.0548,456774636701154.562500
-0.44178,0.022000000000000002,0.0572,456774636701154.562500
-0.44177,0.0228,0.0572,456774636701154.562500
-0.44176,0.0204,0.054,456774636701154.562500
-0.44175,0.0236,0.0572,456774636701154.562500
-0.44174,0.0212,0.0524,456774636701154.562500
-0.44173,0.0196,0.056400000000000006,456774636701154.562500
-0.44172,0.0212,0.046,456774636701154.562500
-0.44171,0.0212,0.050800000000000005,456774636701154.562500
-0.4417,0.0212,0.0492,456774636701154.562500
-0.44168999999999997,0.022000000000000002,0.056400000000000006,456774636701154.562500
-0.44168,0.0212,0.0524,456774636701154.562500
-0.44167,0.0228,0.056400000000000006,456774636701154.562500
-0.44166,0.0228,0.054,456774636701154.562500
-0.44165,0.0244,0.056400000000000006,456774636701154.562500
-0.44164,0.0204,0.058,456774636701154.562500
-0.44162999999999997,0.026000000000000002,0.058,456774636701154.562500
-0.44162,0.0188,0.056400000000000006,456774636701154.562500
-0.44161,0.0252,0.056400000000000006,456774636701154.562500
-0.4416,0.0236,0.058800000000000005,456774636701154.562500
-0.44159,0.0252,0.056400000000000006,456774636701154.562500
-0.44158,0.0236,0.053200000000000004,456774636701154.562500
-0.44157,0.0236,0.056400000000000006,456774636701154.562500
-0.44156,0.0228,0.058,456774636701154.562500
-0.44155,0.0244,0.058,456774636701154.562500
-0.44154,0.0244,0.0548,456774636701154.562500
-0.44153,0.022000000000000002,0.0492,456774636701154.562500
-0.44152,0.022000000000000002,0.0548,456774636701154.562500
-0.44151,0.0196,0.054,456774636701154.562500
-0.4415,0.0236,0.056400000000000006,456774636701154.562500
-0.44149,0.0236,0.0572,456774636701154.562500
-0.44148,0.0236,0.0572,456774636701154.562500
-0.44147,0.0236,0.058,456774636701154.562500
-0.44146,0.0236,0.056400000000000006,456774636701154.562500
-0.44145,0.022000000000000002,0.056400000000000006,456774636701154.562500
-0.44144,0.0204,0.0572,456774636701154.562500
-0.44143,0.022000000000000002,0.0572,456774636701154.562500
-0.44142,0.022000000000000002,0.0468,456774636701154.562500
-0.44140999999999997,0.022000000000000002,0.0548,456774636701154.562500
-0.4414,0.0236,0.0476,456774636701154.562500
-0.44139,0.0228,0.054,456774636701154.562500
-0.44138,0.0228,0.056400000000000006,456774636701154.562500
-0.44137,0.022000000000000002,0.0548,456774636701154.562500
-0.44136,0.022000000000000002,0.053200000000000004,456774636701154.562500
-0.44135,0.0244,0.0572,456774636701154.562500
-0.44134,0.0212,0.054,456774636701154.562500
-0.44133,0.0244,0.058800000000000005,456774636701154.562500
-0.44132,0.0252,0.0548,456774636701154.562500
-0.44131,0.0244,0.056400000000000006,456774636701154.562500
-0.4413,0.026000000000000002,0.053200000000000004,456774636701154.562500
-0.44129,0.0212,0.0572,456774636701154.562500
-0.44128,0.0228,0.055600000000000004,456774636701154.562500
-0.44127,0.0244,0.056400000000000006,456774636701154.562500
-0.44126,0.0244,0.0572,456774636701154.562500
-0.44125,0.0244,0.056400000000000006,456774636701154.562500
-0.44123999999999997,0.0236,0.0572,456774636701154.562500
-0.44123,0.0204,0.055600000000000004,456774636701154.562500
-0.44122,0.0236,0.055600000000000004,456774636701154.562500
-0.44121,0.0228,0.0492,456774636701154.562500
-0.4412,0.0228,0.056400000000000006,456774636701154.562500
-0.44118999999999997,0.022000000000000002,0.0548,456774636701154.562500
-0.44118,0.0236,0.055600000000000004,456774636701154.562500
-0.44117,0.0196,0.055600000000000004,456774636701154.562500
-0.44116,0.022000000000000002,0.0548,456774636701154.562500
-0.44115,0.0204,0.058,456774636701154.562500
-0.44114,0.022000000000000002,0.058,456774636701154.562500
-0.44113,0.022000000000000002,0.056400000000000006,456774636701154.562500
-0.44112,0.022000000000000002,0.0524,456774636701154.562500
-0.44111,0.022000000000000002,0.056400000000000006,456774636701154.562500
-0.4411,0.022000000000000002,0.054,456774636701154.562500
-0.44109,0.022000000000000002,0.0548,456774636701154.562500
-0.44107999999999997,0.022000000000000002,0.056400000000000006,456774636701154.562500
-0.44107,0.0228,0.046,456774636701154.562500
-0.44106,0.0196,0.0572,456774636701154.562500
-0.44105,0.0252,0.056400000000000006,456774636701154.562500
-0.44104,0.0236,0.055600000000000004,456774636701154.562500
-0.44103,0.026000000000000002,0.056400000000000006,456774636701154.562500
-0.44101999999999997,0.0236,0.055600000000000004,456774636701154.562500
-0.44101,0.0244,0.058,456774636701154.562500
-0.441,0.0236,0.055600000000000004,456774636701154.562500
-0.44099,0.0244,0.0572,456774636701154.562500
-0.44098,0.0244,0.055600000000000004,456774636701154.562500
-0.44097,0.0236,0.0548,456774636701154.562500
-0.44096,0.0244,0.0524,456774636701154.562500
-0.44095,0.022000000000000002,0.058,456774636701154.562500
-0.44094,0.0236,0.0572,456774636701154.562500
-0.44093,0.0236,0.0516,456774636701154.562500
-0.44092,0.0244,0.058,456774636701154.562500
-0.44091,0.022000000000000002,0.0548,456774636701154.562500
-0.4409,0.022000000000000002,0.0572,456774636701154.562500
-0.44089,0.0228,0.056400000000000006,456774636701154.562500
-0.44088,0.0236,0.0548,456774636701154.562500
-0.44087,0.0228,0.056400000000000006,456774636701154.562500
-0.44086,0.022000000000000002,0.0524,456774636701154.562500
-0.44084999999999996,0.022000000000000002,0.055600000000000004,456774636701154.562500
-0.44084,0.022000000000000002,0.048400000000000006,456774636701154.562500
-0.44083,0.0236,0.058,456774636701154.562500
-0.44082,0.0212,0.058,456774636701154.562500
-0.44081,0.0228,0.056400000000000006,456774636701154.562500
-0.44079999999999997,0.022000000000000002,0.055600000000000004,456774636701154.562500
-0.44079,0.022000000000000002,0.054,456774636701154.562500
-0.44078,0.0228,0.056400000000000006,456774636701154.562500
-0.44077,0.0236,0.055600000000000004,456774636701154.562500
-0.44076,0.0236,0.056400000000000006,456774636701154.562500
-0.44075,0.0236,0.055600000000000004,456774636701154.562500
-0.44074,0.0228,0.0548,456774636701154.562500
-0.44073,0.0236,0.056400000000000006,456774636701154.562500
-0.44072,0.0236,0.055600000000000004,456774636701154.562500
-0.44071,0.0244,0.058,456774636701154.562500
-0.4407,0.0228,0.0572,456774636701154.562500
-0.44069,0.0236,0.0476,456774636701154.562500
-0.44068,0.0236,0.0572,456774636701154.562500
-0.44067,0.0236,0.058,456774636701154.562500
-0.44066,0.0236,0.0572,456774636701154.562500
-0.44065,0.0244,0.055600000000000004,456774636701154.562500
-0.44064,0.022000000000000002,0.055600000000000004,456774636701154.562500
-0.44062999999999997,0.0236,0.0572,456774636701154.562500
-0.44062,0.0228,0.0548,456774636701154.562500
-0.44061,0.0244,0.058,456774636701154.562500
-0.4406,0.0244,0.055600000000000004,456774636701154.562500
-0.44059,0.0244,0.055600000000000004,456774636701154.562500
-0.44057999999999997,0.0212,0.053200000000000004,456774636701154.562500
-0.44057,0.0204,0.058,456774636701154.562500
-0.44056,0.0236,0.053200000000000004,456774636701154.562500
-0.44055,0.0212,0.0572,456774636701154.562500
-0.44054,0.0212,0.056400000000000006,456774636701154.562500
-0.44053,0.0188,0.0524,456774636701154.562500
-0.44052,0.0196,0.058,456774636701154.562500
-0.44051,0.022000000000000002,0.058,456774636701154.562500
-0.4405,0.022000000000000002,0.058,456774636701154.562500
-0.44049,0.022000000000000002,0.056400000000000006,456774636701154.562500
-0.44048,0.0228,0.0572,456774636701154.562500
-0.44047,0.0244,0.058,456774636701154.562500
-0.44046,0.0212,0.055600000000000004,456774636701154.562500
-0.44045,0.0244,0.056400000000000006,456774636701154.562500
-0.44044,0.0244,0.054,456774636701154.562500
-0.44043,0.0236,0.058,456774636701154.562500
-0.44042,0.0244,0.058,456774636701154.562500
-0.44040999999999997,0.0228,0.055600000000000004,456774636701154.562500
-0.4404,0.0228,0.058,456774636701154.562500
-0.44039,0.0244,0.055600000000000004,456774636701154.562500
-0.44038,0.0244,0.055600000000000004,456774636701154.562500
-0.44037,0.0236,0.0572,456774636701154.562500
-0.44036,0.0236,0.053200000000000004,456774636701154.562500
-0.44035,0.0228,0.0548,456774636701154.562500
-0.44034,0.0252,0.0476,456774636701154.562500
-0.44033,0.0236,0.056400000000000006,456774636701154.562500
-0.44032,0.0228,0.0516,456774636701154.562500
-0.44031,0.0196,0.056400000000000006,456774636701154.562500
-0.4403,0.022000000000000002,0.0524,456774636701154.562500
-0.44029,0.0196,0.055600000000000004,456774636701154.562500
-0.44028,0.0228,0.056400000000000006,456774636701154.562500
-0.44027,0.022000000000000002,0.050800000000000005,456774636701154.562500
-0.44026,0.0236,0.0572,456774636701154.562500
-0.44025,0.0212,0.054,456774636701154.562500
-0.44023999999999996,0.022000000000000002,0.0572,456774636701154.562500
-0.44023,0.0196,0.055600000000000004,456774636701154.562500
-0.44022,0.0228,0.0548,456774636701154.562500
-0.44021,0.022000000000000002,0.058,456774636701154.562500
-0.4402,0.0204,0.0572,456774636701154.562500
-0.44018999999999997,0.0172,0.056400000000000006,456774636701154.562500
-0.44018,0.022000000000000002,0.056400000000000006,456774636701154.562500
-0.44017,0.0196,0.056400000000000006,456774636701154.562500
-0.44016,0.0228,0.0524,456774636701154.562500
-0.44015,0.0228,0.056400000000000006,456774636701154.562500
-0.44014,0.022000000000000002,0.0572,456774636701154.562500
-0.44013,0.022000000000000002,0.0572,456774636701154.562500
-0.44012,0.0252,0.056400000000000006,456774636701154.562500
-0.44011,0.0212,0.055600000000000004,456774636701154.562500
-0.4401,0.0236,0.055600000000000004,456774636701154.562500
-0.44009,0.0244,0.058,456774636701154.562500
-0.44007999999999997,0.0236,0.056400000000000006,456774636701154.562500
-0.44007,0.0236,0.054,456774636701154.562500
-0.44006,0.0236,0.0548,456774636701154.562500
-0.44005,0.0244,0.056400000000000006,456774636701154.562500
-0.44004,0.0244,0.056400000000000006,456774636701154.562500
-0.44003,0.0228,0.053200000000000004,456774636701154.562500
-0.44001999999999997,0.0244,0.055600000000000004,456774636701154.562500
-0.44001,0.0244,0.0548,456774636701154.562500
-0.44,0.022000000000000002,0.0548,456774636701154.562500
-0.43999,0.0228,0.0572,456774636701154.562500
-0.43998,0.022000000000000002,0.054,456774636701154.562500
-0.43996999999999997,0.022000000000000002,0.0572,456774636701154.562500
-0.43996,0.0212,0.053200000000000004,456774636701154.562500
-0.43995,0.022000000000000002,0.056400000000000006,456774636701154.562500
-0.43994,0.0236,0.0572,456774636701154.562500
-0.43993,0.022000000000000002,0.058,456774636701154.562500
-0.43992,0.0204,0.0516,456774636701154.562500
-0.43991,0.0196,0.0548,456774636701154.562500
-0.4399,0.0236,0.053200000000000004,456774636701154.562500
-0.43989,0.0204,0.056400000000000006,456774636701154.562500
-0.43988,0.0212,0.058,456774636701154.562500
-0.43987,0.0252,0.048400000000000006,456774636701154.562500
-0.43986,0.022000000000000002,0.0596,456774636701154.562500
-0.43985,0.022000000000000002,0.0548,456774636701154.562500
-0.43984,0.0236,0.053200000000000004,456774636701154.562500
-0.43983,0.0244,0.0572,456774636701154.562500
-0.43982,0.0196,0.0572,456774636701154.562500
-0.43981,0.0236,0.0572,456774636701154.562500
-0.43979999999999997,0.022000000000000002,0.050800000000000005,456774636701154.562500
-0.43979,0.0244,0.058,456774636701154.562500
-0.43978,0.0212,0.0548,456774636701154.562500
-0.43977,0.0244,0.053200000000000004,456774636701154.562500
-0.43976,0.0252,0.056400000000000006,456774636701154.562500
-0.43975,0.026000000000000002,0.056400000000000006,456774636701154.562500
-0.43974,0.0244,0.048400000000000006,456774636701154.562500
-0.43973,0.0244,0.056400000000000006,456774636701154.562500
-0.43972,0.0244,0.055600000000000004,456774636701154.562500
-0.43971,0.0236,0.055600000000000004,456774636701154.562500
-0.4397,0.0244,0.0548,456774636701154.562500
-0.43969,0.022000000000000002,0.0572,456774636701154.562500
-0.43968,0.0212,0.042800000000000005,456774636701154.562500
-0.43967,0.0204,0.0524,456774636701154.562500
-0.43966,0.022000000000000002,0.056400000000000006,456774636701154.562500
-0.43965,0.0204,0.054,456774636701154.562500
-0.43964,0.0212,0.0572,456774636701154.562500
-0.43962999999999997,0.0236,0.0548,456774636701154.562500
-0.43962,0.0228,0.0572,456774636701154.562500
-0.43961,0.0212,0.054,456774636701154.562500
-0.4396,0.0196,0.0572,456774636701154.562500
-0.43959,0.0228,0.0572,456774636701154.562500
-0.43957999999999997,0.022000000000000002,0.0548,456774636701154.562500
-0.43957,0.0236,0.05,456774636701154.562500
-0.43956,0.0236,0.056400000000000006,456774636701154.562500
-0.43955,0.0228,0.055600000000000004,456774636701154.562500
-0.43954,0.0236,0.0548,456774636701154.562500
-0.43953,0.022000000000000002,0.055600000000000004,456774636701154.562500
-0.43952,0.022000000000000002,0.055600000000000004,456774636701154.562500
-0.43951,0.0236,0.056400000000000006,456774636701154.562500
-0.4395,0.0236,0.056400000000000006,456774636701154.562500
-0.43949,0.0244,0.056400000000000006,456774636701154.562500
-0.43948,0.0252,0.054,456774636701154.562500
-0.43946999999999997,0.0244,0.055600000000000004,456774636701154.562500
-0.43946,0.0244,0.056400000000000006,456774636701154.562500
-0.43945,0.0252,0.0524,456774636701154.562500
-0.43944,0.0244,0.0572,456774636701154.562500
-0.43943,0.0236,0.058,456774636701154.562500
-0.43942,0.0228,0.0548,456774636701154.562500
-0.43940999999999997,0.0236,0.058800000000000005,456774636701154.562500
-0.4394,0.0252,0.0516,456774636701154.562500
-0.43939,0.0228,0.056400000000000006,456774636701154.562500
-0.43938,0.0228,0.055600000000000004,456774636701154.562500
-0.43937,0.0236,0.055600000000000004,456774636701154.562500
-0.43936,0.0212,0.0548,456774636701154.562500
-0.43935,0.0228,0.058,456774636701154.562500
-0.43934,0.0228,0.0572,456774636701154.562500
-0.43933,0.022000000000000002,0.058,456774636701154.562500
-0.43932,0.0228,0.058,456774636701154.562500
-0.43931,0.022000000000000002,0.056400000000000006,456774636701154.562500
-0.4393,0.0204,0.058,456774636701154.562500
-0.43929,0.0236,0.055600000000000004,456774636701154.562500
-0.43928,0.0204,0.058,456774636701154.562500
-0.43927,0.0228,0.0548,456774636701154.562500
-0.43926,0.0228,0.056400000000000006,456774636701154.562500
-0.43925,0.0196,0.0572,456774636701154.562500
-0.43924,0.0236,0.053200000000000004,456774636701154.562500
-0.43923,0.022000000000000002,0.056400000000000006,456774636701154.562500
-0.43922,0.0244,0.058,456774636701154.562500
-0.43921,0.0228,0.056400000000000006,456774636701154.562500
-0.4392,0.0244,0.054,456774636701154.562500
-0.43918999999999997,0.0252,0.056400000000000006,456774636701154.562500
-0.43918,0.0244,0.056400000000000006,456774636701154.562500
-0.43917,0.0236,0.058,456774636701154.562500
-0.43916,0.0244,0.0572,456774636701154.562500
-0.43915,0.0228,0.056400000000000006,456774636701154.562500
-0.43914,0.0236,0.054,456774636701154.562500
-0.43913,0.0252,0.058,456774636701154.562500
-0.43912,0.0188,0.054,456774636701154.562500
-0.43911,0.0244,0.0572,456774636701154.562500
-0.4391,0.022000000000000002,0.055600000000000004,456774636701154.562500
-0.43909,0.0244,0.055600000000000004,456774636701154.562500
-0.43908,0.0236,0.056400000000000006,456774636701154.562500
-0.43907,0.0236,0.0524,456774636701154.562500
-0.43906,0.022000000000000002,0.0572,456774636701154.562500
-0.43905,0.0204,0.055600000000000004,456774636701154.562500
-0.43904,0.0236,0.056400000000000006,456774636701154.562500
-0.43903,0.0228,0.056400000000000006,456774636701154.562500
-0.43901999999999997,0.022000000000000002,0.0572,456774636701154.562500
-0.43901,0.022000000000000002,0.056400000000000006,456774636701154.562500
-0.439,0.022000000000000002,0.055600000000000004,456774636701154.562500
-0.43899,0.0188,0.058,456774636701154.562500
-0.43898,0.0228,0.058,456774636701154.562500
-0.43896999999999997,0.0228,0.056400000000000006,456774636701154.562500
-0.43896,0.0228,0.050800000000000005,456774636701154.562500
-0.43895,0.0228,0.046,456774636701154.562500
-0.43894,0.0228,0.0572,456774636701154.562500
-0.43893,0.022000000000000002,0.055600000000000004,456774636701154.562500
-0.43892,0.0228,0.055600000000000004,456774636701154.562500
-0.43891,0.0236,0.056400000000000006,456774636701154.562500
-0.4389,0.022000000000000002,0.056400000000000006,456774636701154.562500
-0.43889,0.0244,0.0572,456774636701154.562500
-0.43888,0.0212,0.0572,456774636701154.562500
-0.43887,0.0228,0.056400000000000006,456774636701154.562500
-0.43886,0.0212,0.058,456774636701154.562500
-0.43885,0.0244,0.05,456774636701154.562500
-0.43884,0.0228,0.058,456774636701154.562500
-0.43883,0.0236,0.0524,456774636701154.562500
-0.43882,0.026000000000000002,0.0548,456774636701154.562500
-0.43881,0.0236,0.056400000000000006,456774636701154.562500
-0.43879999999999997,0.0244,0.046,456774636701154.562500
-0.43879,0.0244,0.055600000000000004,456774636701154.562500
-0.43878,0.0236,0.055600000000000004,456774636701154.562500
-0.43877,0.0204,0.0572,456774636701154.562500
-0.43876,0.0244,0.0548,456774636701154.562500
-0.43875,0.022000000000000002,0.056400000000000006,456774636701154.562500
-0.43874,0.0236,0.0524,456774636701154.562500
-0.43873,0.022000000000000002,0.055600000000000004,456774636701154.562500
-0.43872,0.0228,0.0548,456774636701154.562500
-0.43871,0.022000000000000002,0.0572,456774636701154.562500
-0.4387,0.0228,0.0572,456774636701154.562500
-0.43869,0.0228,0.058800000000000005,456774636701154.562500
-0.43868,0.022000000000000002,0.058,456774636701154.562500
-0.43867,0.0236,0.055600000000000004,456774636701154.562500
-0.43866,0.0228,0.056400000000000006,456774636701154.562500
-0.43865,0.0228,0.058,456774636701154.562500
-0.43864,0.0236,0.058,456774636701154.562500
-0.43862999999999996,0.0228,0.0572,456774636701154.562500
-0.43862,0.0228,0.0572,456774636701154.562500
-0.43861,0.0212,0.056400000000000006,456774636701154.562500
-0.4386,0.0244,0.055600000000000004,456774636701154.562500
-0.43859,0.0244,0.053200000000000004,456774636701154.562500
-0.43857999999999997,0.0236,0.042800000000000005,456774636701154.562500
-0.43857,0.0236,0.058,456774636701154.562500
-0.43856,0.0252,0.054,456774636701154.562500
-0.43855,0.0244,0.058,456774636701154.562500
-0.43854,0.0236,0.0572,456774636701154.562500
-0.43853,0.0244,0.054,456774636701154.562500
-0.43852,0.0236,0.0572,456774636701154.562500
-0.43851,0.0228,0.056400000000000006,456774636701154.562500
-0.4385,0.0204,0.058800000000000005,456774636701154.562500
-0.43849,0.022000000000000002,0.055600000000000004,456774636701154.562500
-0.43848,0.0228,0.0548,456774636701154.562500
-0.43846999999999997,0.0212,0.054,456774636701154.562500
-0.43846,0.022000000000000002,0.055600000000000004,456774636701154.562500
-0.43845,0.022000000000000002,0.055600000000000004,456774636701154.562500
-0.43844,0.0212,0.0572,456774636701154.562500
-0.43843,0.0212,0.056400000000000006,456774636701154.562500
-0.43842,0.0244,0.056400000000000006,456774636701154.562500
-0.43840999999999997,0.022000000000000002,0.053200000000000004,456774636701154.562500
-0.4384,0.0228,0.055600000000000004,456774636701154.562500
-0.43839,0.0236,0.0572,456774636701154.562500
-0.43838,0.0236,0.058,456774636701154.562500
-0.43837,0.0204,0.0572,456774636701154.562500
-0.43835999999999997,0.022000000000000002,0.058,456774636701154.562500
-0.43835,0.018000000000000002,0.054,456774636701154.562500
-0.43834,0.0236,0.058,456774636701154.562500
-0.43833,0.0204,0.0524,456774636701154.562500
-0.43832,0.0228,0.0572,456774636701154.562500
-0.43831,0.0236,0.053200000000000004,456774636701154.562500
-0.4383,0.0252,0.0524,456774636701154.562500
-0.43829,0.0244,0.0572,456774636701154.562500
-0.43828,0.0228,0.054,456774636701154.562500
-0.43827,0.0244,0.0572,456774636701154.562500
-0.43826,0.0244,0.058,456774636701154.562500
-0.43825,0.022000000000000002,0.055600000000000004,456774636701154.562500
-0.43824,0.0244,0.0524,456774636701154.562500
-0.43823,0.0244,0.056400000000000006,456774636701154.562500
-0.43822,0.0244,0.050800000000000005,456774636701154.562500
-0.43821,0.0244,0.0572,456774636701154.562500
-0.4382,0.0236,0.05,456774636701154.562500
-0.43818999999999997,0.0244,0.0572,456774636701154.562500
-0.43818,0.0244,0.05,456774636701154.562500
-0.43817,0.0244,0.056400000000000006,456774636701154.562500
-0.43816,0.0228,0.055600000000000004,456774636701154.562500
-0.43815,0.0228,0.055600000000000004,456774636701154.562500
-0.43814,0.0252,0.055600000000000004,456774636701154.562500
-0.43813,0.0236,0.0572,456774636701154.562500
-0.43812,0.0212,0.0572,456774636701154.562500
-0.43811,0.0236,0.0572,456774636701154.562500
-0.4381,0.0228,0.056400000000000006,456774636701154.562500
-0.43809,0.0228,0.0572,456774636701154.562500
-0.43808,0.0244,0.058,456774636701154.562500
-0.43807,0.0228,0.0548,456774636701154.562500
-0.43806,0.0196,0.050800000000000005,456774636701154.562500
-0.43805,0.0204,0.0548,456774636701154.562500
-0.43804,0.0228,0.053200000000000004,456774636701154.562500
-0.43803,0.022000000000000002,0.0572,456774636701154.562500
-0.43801999999999996,0.0236,0.0516,456774636701154.562500
-0.43801,0.0204,0.056400000000000006,456774636701154.562500
-0.438,0.0244,0.058800000000000005,456774636701154.562500
-0.43799,0.0236,0.058800000000000005,456774636701154.562500
-0.43798,0.0252,0.0572,456774636701154.562500
-0.43796999999999997,0.0244,0.0572,456774636701154.562500
-0.43796,0.0252,0.056400000000000006,456774636701154.562500
-0.43795,0.0244,0.0572,456774636701154.562500
-0.43794,0.0252,0.053200000000000004,456774636701154.562500
-0.43793,0.0244,0.056400000000000006,456774636701154.562500
-0.43792,0.0212,0.0548,456774636701154.562500
-0.43791,0.0244,0.055600000000000004,456774636701154.562500
-0.4379,0.0228,0.0572,456774636701154.562500
-0.43789,0.0228,0.056400000000000006,456774636701154.562500
-0.43788,0.0236,0.056400000000000006,456774636701154.562500
-0.43787,0.0236,0.0524,456774636701154.562500
-0.43785999999999997,0.0228,0.0572,456774636701154.562500
-0.43785,0.0212,0.0572,456774636701154.562500
-0.43784,0.0228,0.058,456774636701154.562500
-0.43783,0.0236,0.0572,456774636701154.562500
-0.43782,0.0228,0.058,456774636701154.562500
-0.43781,0.022000000000000002,0.0572,456774636701154.562500
-0.43779999999999997,0.022000000000000002,0.055600000000000004,456774636701154.562500
-0.43779,0.022000000000000002,0.056400000000000006,456774636701154.562500
-0.43778,0.0228,0.0548,456774636701154.562500
-0.43777,0.0172,0.056400000000000006,456774636701154.562500
-0.43776,0.0204,0.055600000000000004,456774636701154.562500
-0.43775,0.018000000000000002,0.056400000000000006,456774636701154.562500
-0.43774,0.0204,0.058,456774636701154.562500
-0.43773,0.0204,0.045200000000000004,456774636701154.562500
-0.43772,0.0172,0.0572,456774636701154.562500
-0.43771,0.0212,0.053200000000000004,456774636701154.562500
-0.4377,0.0236,0.0572,456774636701154.562500
-0.43769,0.0236,0.0572,456774636701154.562500
-0.43768,0.0228,0.055600000000000004,456774636701154.562500
-0.43767,0.0236,0.0548,456774636701154.562500
-0.43766,0.0212,0.055600000000000004,456774636701154.562500
-0.43765,0.0236,0.0572,456774636701154.562500
-0.43764,0.0244,0.058,456774636701154.562500
-0.43763,0.0244,0.0572,456774636701154.562500
-0.43762,0.0268,0.056400000000000006,456774636701154.562500
-0.43761,0.0228,0.056400000000000006,456774636701154.562500
-0.4376,0.0228,0.053200000000000004,456774636701154.562500
-0.43759,0.0236,0.056400000000000006,456774636701154.562500
-0.43757999999999997,0.0236,0.0548,456774636701154.562500
-0.43757,0.0228,0.058,456774636701154.562500
-0.43756,0.0236,0.0572,456774636701154.562500
-0.43755,0.0204,0.058,456774636701154.562500
-0.43754,0.0228,0.0572,456774636701154.562500
-0.43753,0.0212,0.0572,456774636701154.562500
-0.43752,0.0228,0.0572,456774636701154.562500
-0.43751,0.022000000000000002,0.058800000000000005,456774636701154.562500
-0.4375,0.022000000000000002,0.058,456774636701154.562500
-0.43749,0.0228,0.058,456774636701154.562500
-0.43748,0.022000000000000002,0.056400000000000006,456774636701154.562500
-0.43747,0.0228,0.054,456774636701154.562500
-0.43746,0.0236,0.050800000000000005,456774636701154.562500
-0.43745,0.0228,0.0548,456774636701154.562500
-0.43744,0.0196,0.058800000000000005,456774636701154.562500
-0.43743,0.0228,0.0524,456774636701154.562500
-0.43742,0.0196,0.055600000000000004,456774636701154.562500
-0.43740999999999997,0.0228,0.056400000000000006,456774636701154.562500
-0.4374,0.0212,0.0572,456774636701154.562500
-0.43739,0.0228,0.056400000000000006,456774636701154.562500
-0.43738,0.0212,0.056400000000000006,456774636701154.562500
-0.43737,0.022000000000000002,0.0548,456774636701154.562500
-0.43735999999999997,0.0204,0.056400000000000006,456774636701154.562500
-0.43735,0.0244,0.058,456774636701154.562500
-0.43734,0.0236,0.0524,456774636701154.562500
-0.43733,0.0244,0.0572,456774636701154.562500
-0.43732,0.0244,0.055600000000000004,456774636701154.562500
-0.43731,0.0244,0.0572,456774636701154.562500
-0.4373,0.0244,0.056400000000000006,456774636701154.562500
-0.43729,0.0228,0.0572,456774636701154.562500
-0.43728,0.0236,0.056400000000000006,456774636701154.562500
-0.43727,0.0236,0.0548,456774636701154.562500
-0.43726,0.0236,0.056400000000000006,456774636701154.562500
-0.43725,0.022000000000000002,0.0572,456774636701154.562500
-0.43723999999999996,0.0236,0.0572,456774636701154.562500
-0.43723,0.022000000000000002,0.0572,456774636701154.562500
-0.43722,0.0228,0.056400000000000006,456774636701154.562500
-0.43721,0.0212,0.0548,456774636701154.562500
-0.4372,0.0212,0.054,456774636701154.562500
-0.43718999999999997,0.0212,0.056400000000000006,456774636701154.562500
-0.43718,0.0204,0.056400000000000006,456774636701154.562500
-0.43717,0.022000000000000002,0.058,456774636701154.562500
-0.43716,0.022000000000000002,0.054,456774636701154.562500
-0.43715,0.0228,0.0548,456774636701154.562500
-0.43714,0.0212,0.0572,456774636701154.562500
-0.43713,0.0236,0.055600000000000004,456774636701154.562500
-0.43712,0.022000000000000002,0.055600000000000004,456774636701154.562500
-0.43711,0.022000000000000002,0.055600000000000004,456774636701154.562500
-0.4371,0.0228,0.0572,456774636701154.562500
-0.43709,0.0236,0.056400000000000006,456774636701154.562500
-0.43708,0.0236,0.056400000000000006,456774636701154.562500
-0.43707,0.0244,0.0572,456774636701154.562500
-0.43706,0.0228,0.0572,456774636701154.562500
-0.43705,0.0236,0.056400000000000006,456774636701154.562500
-0.43704,0.0236,0.058,456774636701154.562500
-0.43703,0.026000000000000002,0.054,456774636701154.562500
-0.43701999999999996,0.0244,0.055600000000000004,456774636701154.562500
-0.43701,0.0236,0.058,456774636701154.562500
-0.437,0.0244,0.0524,456774636701154.562500
-0.43699,0.0244,0.0572,456774636701154.562500
-0.43698,0.0204,0.053200000000000004,456774636701154.562500
-0.43696999999999997,0.0228,0.053200000000000004,456774636701154.562500
-0.43696,0.0228,0.056400000000000006,456774636701154.562500
-0.43695,0.0212,0.0572,456774636701154.562500
-0.43694,0.0236,0.056400000000000006,456774636701154.562500
-0.43693,0.0212,0.058,456774636701154.562500
-0.43692,0.022000000000000002,0.0548,456774636701154.562500
-0.43691,0.0236,0.058,456774636701154.562500
-0.4369,0.0228,0.0572,456774636701154.562500
-0.43689,0.0228,0.055600000000000004,456774636701154.562500
-0.43688,0.0204,0.0572,456774636701154.562500
-0.43687,0.0228,0.0572,456774636701154.562500
-0.43686,0.022000000000000002,0.0524,456774636701154.562500
-0.43684999999999996,0.0212,0.055600000000000004,456774636701154.562500
-0.43684,0.018000000000000002,0.053200000000000004,456774636701154.562500
-0.43683,0.0228,0.055600000000000004,456774636701154.562500
-0.43682,0.022000000000000002,0.0572,456774636701154.562500
-0.43681,0.0212,0.05,456774636701154.562500
-0.43679999999999997,0.0228,0.0572,456774636701154.562500
-0.43679,0.0236,0.0516,456774636701154.562500
-0.43678,0.0228,0.042800000000000005,456774636701154.562500
-0.43677,0.0236,0.056400000000000006,456774636701154.562500
-0.43676,0.0252,0.0548,456774636701154.562500
-0.43674999999999997,0.0252,0.055600000000000004,456774636701154.562500
-0.43674,0.0252,0.0572,456774636701154.562500
-0.43673,0.0252,0.0572,456774636701154.562500
-0.43672,0.0244,0.056400000000000006,456774636701154.562500
-0.43671,0.0228,0.0572,456774636701154.562500
-0.4367,0.0188,0.058,456774636701154.562500
-0.43669,0.0188,0.0572,456774636701154.562500
-0.43668,0.0252,0.055600000000000004,456774636701154.562500
-0.43667,0.0244,0.0572,456774636701154.562500
-0.43666,0.0236,0.056400000000000006,456774636701154.562500
-0.43665,0.0228,0.054,456774636701154.562500
-0.43664000000000003,0.022000000000000002,0.0572,456774636701154.562500
-0.43662999999999996,0.0196,0.055600000000000004,456774636701154.562500
-0.43662,0.022000000000000002,0.0524,456774636701154.562500
-0.43661,0.0212,0.0548,456774636701154.562500
-0.4366,0.0228,0.0572,456774636701154.562500
-0.43659,0.0236,0.058,456774636701154.562500
-0.43657999999999997,0.0212,0.056400000000000006,456774636701154.562500
-0.43657,0.022000000000000002,0.056400000000000006,456774636701154.562500
-0.43656,0.022000000000000002,0.0572,456774636701154.562500
-0.43655,0.0204,0.056400000000000006,456774636701154.562500
-0.43654,0.022000000000000002,0.0548,456774636701154.562500
-0.43653,0.0236,0.056400000000000006,456774636701154.562500
-0.43652,0.0212,0.056400000000000006,456774636701154.562500
-0.43651,0.0212,0.058,456774636701154.562500
-0.4365,0.0236,0.058,456774636701154.562500
-0.43649,0.0228,0.0548,456774636701154.562500
-0.43648,0.0212,0.058,456774636701154.562500
-0.43647,0.018000000000000002,0.056400000000000006,456774636701154.562500
-0.43646,0.0228,0.056400000000000006,456774636701154.562500
-0.43645,0.0244,0.0572,456774636701154.562500
-0.43644,0.0244,0.058,456774636701154.562500
-0.43643,0.0244,0.056400000000000006,456774636701154.562500
-0.43642,0.0244,0.055600000000000004,456774636701154.562500
-0.43640999999999996,0.0236,0.0548,456774636701154.562500
-0.4364,0.0236,0.055600000000000004,456774636701154.562500
-0.43639,0.0244,0.055600000000000004,456774636701154.562500
-0.43638,0.0236,0.056400000000000006,456774636701154.562500
-0.43637,0.0244,0.056400000000000006,456774636701154.562500
-0.43635999999999997,0.0236,0.056400000000000006,456774636701154.562500
-0.43635,0.0252,0.055600000000000004,456774636701154.562500
-0.43634,0.0236,0.0572,456774636701154.562500
-0.43633,0.0228,0.055600000000000004,456774636701154.562500
-0.43632,0.0228,0.055600000000000004,456774636701154.562500
-0.43631,0.022000000000000002,0.056400000000000006,456774636701154.562500
-0.4363,0.022000000000000002,0.0572,456774636701154.562500
-0.43629,0.022000000000000002,0.0572,456774636701154.562500
-0.43628,0.0228,0.0572,456774636701154.562500
-0.43627,0.0212,0.0572,456774636701154.562500
-0.43626,0.022000000000000002,0.058,456774636701154.562500
-0.43625,0.0204,0.0524,456774636701154.562500
-0.43623999999999996,0.022000000000000002,0.054,456774636701154.562500
-0.43623,0.022000000000000002,0.058800000000000005,456774636701154.562500
-0.43622,0.0228,0.0572,456774636701154.562500
-0.43621,0.0228,0.0572,456774636701154.562500
-0.4362,0.0236,0.055600000000000004,456774636701154.562500
-0.43618999999999997,0.0204,0.056400000000000006,456774636701154.562500
-0.43618,0.0244,0.0572,456774636701154.562500
-0.43617,0.0236,0.058,456774636701154.562500
-0.43616,0.0228,0.055600000000000004,456774636701154.562500
-0.43615,0.0212,0.0572,456774636701154.562500
-0.43613999999999997,0.0228,0.0548,456774636701154.562500
-0.43613,0.0228,0.058,456774636701154.562500
-0.43612,0.0252,0.058,456774636701154.562500
-0.43611,0.0244,0.056400000000000006,456774636701154.562500
-0.4361,0.026000000000000002,0.058,456774636701154.562500
-0.43609,0.0236,0.0572,456774636701154.562500
-0.43608,0.0244,0.058800000000000005,456774636701154.562500
-0.43607,0.0236,0.0572,456774636701154.562500
-0.43606,0.0236,0.056400000000000006,456774636701154.562500
-0.43605,0.0212,0.058,456774636701154.562500
-0.43604,0.0236,0.0548,456774636701154.562500
-0.43603000000000003,0.0236,0.056400000000000006,456774636701154.562500
-0.43601999999999996,0.0204,0.0572,456774636701154.562500
-0.43601,0.0236,0.0548,456774636701154.562500
-0.436,0.0212,0.054,456774636701154.562500
-0.43599,0.0228,0.055600000000000004,456774636701154.562500
-0.43598,0.022000000000000002,0.055600000000000004,456774636701154.562500
-0.43596999999999997,0.0196,0.0548,456774636701154.562500
-0.43596,0.022000000000000002,0.058,456774636701154.562500
-0.43595,0.0228,0.0572,456774636701154.562500
-0.43594,0.022000000000000002,0.056400000000000006,456774636701154.562500
-0.43593,0.022000000000000002,0.056400000000000006,456774636701154.562500
-0.43592,0.0236,0.056400000000000006,456774636701154.562500
-0.43591,0.0228,0.0524,456774636701154.562500
-0.4359,0.0236,0.055600000000000004,456774636701154.562500
-0.43589,0.022000000000000002,0.0572,456774636701154.562500
-0.43588,0.0236,0.0572,456774636701154.562500
-0.43587,0.022000000000000002,0.058,456774636701154.562500
-0.43586,0.0228,0.0572,456774636701154.562500
-0.43585,0.0236,0.056400000000000006,456774636701154.562500
-0.43584,0.0244,0.058,456774636701154.562500
-0.43583,0.0228,0.0572,456774636701154.562500
-0.43582,0.0228,0.056400000000000006,456774636701154.562500
-0.43581,0.0236,0.050800000000000005,456774636701154.562500
-0.43579999999999997,0.0236,0.058,456774636701154.562500
-0.43579,0.022000000000000002,0.0524,456774636701154.562500
-0.43578,0.0236,0.055600000000000004,456774636701154.562500
-0.43577,0.0244,0.0548,456774636701154.562500
-0.43576,0.0236,0.0572,456774636701154.562500
-0.43574999999999997,0.022000000000000002,0.0572,456774636701154.562500
-0.43574,0.0228,0.055600000000000004,456774636701154.562500
-0.43573,0.0228,0.056400000000000006,456774636701154.562500
-0.43572,0.0236,0.054,456774636701154.562500
-0.43571,0.0228,0.0572,456774636701154.562500
-0.4357,0.0236,0.056400000000000006,456774636701154.562500
-0.43569,0.0228,0.0572,456774636701154.562500
-0.43568,0.0236,0.0572,456774636701154.562500
-0.43567,0.022000000000000002,0.0524,456774636701154.562500
-0.43566,0.0228,0.054,456774636701154.562500
-0.43565,0.0236,0.054,456774636701154.562500
-0.43564,0.0236,0.053200000000000004,456774636701154.562500
-0.43562999999999996,0.0228,0.0572,456774636701154.562500
-0.43562,0.022000000000000002,0.054,456774636701154.562500
-0.43561,0.0228,0.058,456774636701154.562500
-0.4356,0.0212,0.0572,456774636701154.562500
-0.43559,0.0236,0.0572,456774636701154.562500
-0.43557999999999997,0.0212,0.0572,456774636701154.562500
-0.43557,0.0228,0.056400000000000006,456774636701154.562500
-0.43556,0.022000000000000002,0.0516,456774636701154.562500
-0.43555,0.0236,0.056400000000000006,456774636701154.562500
-0.43554,0.0204,0.054,456774636701154.562500
-0.43553,0.0236,0.055600000000000004,456774636701154.562500
-0.43552,0.0236,0.0572,456774636701154.562500
-0.43551,0.0212,0.056400000000000006,456774636701154.562500
-0.4355,0.0212,0.056400000000000006,456774636701154.562500
-0.43549,0.0228,0.055600000000000004,456774636701154.562500
-0.43548,0.0244,0.054,456774636701154.562500
-0.43547,0.0244,0.058,456774636701154.562500
-0.43546,0.0236,0.056400000000000006,456774636701154.562500
-0.43545,0.0236,0.0572,456774636701154.562500
-0.43544,0.0228,0.054,456774636701154.562500
-0.43543,0.0236,0.058,456774636701154.562500
-0.43542000000000003,0.0244,0.0572,456774636701154.562500
-0.43540999999999996,0.022000000000000002,0.058,456774636701154.562500
-0.4354,0.022000000000000002,0.056400000000000006,456774636701154.562500
-0.43539,0.022000000000000002,0.056400000000000006,456774636701154.562500
-0.43538,0.0212,0.0572,456774636701154.562500
-0.43537,0.0212,0.0572,456774636701154.562500
-0.43535999999999997,0.0204,0.055600000000000004,456774636701154.562500
-0.43535,0.0236,0.058,456774636701154.562500
-0.43534,0.0228,0.056400000000000006,456774636701154.562500
-0.43533,0.0212,0.056400000000000006,456774636701154.562500
-0.43532,0.022000000000000002,0.0572,456774636701154.562500
-0.43531,0.022000000000000002,0.058,456774636701154.562500
-0.4353,0.0236,0.0548,456774636701154.562500
-0.43529,0.0228,0.055600000000000004,456774636701154.562500
-0.43528,0.0212,0.056400000000000006,456774636701154.562500
-0.43527,0.0236,0.0524,456774636701154.562500
-0.43526,0.0244,0.053200000000000004,456774636701154.562500
-0.43525,0.0228,0.055600000000000004,456774636701154.562500
-0.43523999999999996,0.0244,0.058,456774636701154.562500
-0.43523,0.0204,0.056400000000000006,456774636701154.562500
-0.43522,0.0244,0.056400000000000006,456774636701154.562500
-0.43521,0.0236,0.056400000000000006,456774636701154.562500
-0.4352,0.026000000000000002,0.056400000000000006,456774636701154.562500
-0.43518999999999997,0.0252,0.054,456774636701154.562500
-0.43518,0.0252,0.0572,456774636701154.562500
-0.43517,0.0244,0.0548,456774636701154.562500
-0.43516,0.0244,0.053200000000000004,456774636701154.562500
-0.43515,0.0236,0.0572,456774636701154.562500
-0.43513999999999997,0.0236,0.056400000000000006,456774636701154.562500
-0.43513,0.0244,0.0572,456774636701154.562500
-0.43512,0.022000000000000002,0.055600000000000004,456774636701154.562500
-0.43511,0.0236,0.058800000000000005,456774636701154.562500
-0.4351,0.0228,0.055600000000000004,456774636701154.562500
-0.43509,0.0172,0.055600000000000004,456774636701154.562500
-0.43508,0.0196,0.054,456774636701154.562500
-0.43507,0.0164,0.056400000000000006,456774636701154.562500
-0.43506,0.022000000000000002,0.0572,456774636701154.562500
-0.43505,0.0196,0.0548,456774636701154.562500
-0.43504,0.0204,0.058,456774636701154.562500
-0.43503000000000003,0.0228,0.0572,456774636701154.562500
-0.43501999999999996,0.022000000000000002,0.0572,456774636701154.562500
-0.43501,0.022000000000000002,0.0572,456774636701154.562500
-0.435,0.022000000000000002,0.056400000000000006,456774636701154.562500
-0.43499,0.0244,0.058,456774636701154.562500
-0.43498,0.0244,0.056400000000000006,456774636701154.562500
-0.43496999999999997,0.0228,0.0572,456774636701154.562500
-0.43496,0.022000000000000002,0.055600000000000004,456774636701154.562500
-0.43495,0.0236,0.058,456774636701154.562500
-0.43494,0.0228,0.056400000000000006,456774636701154.562500
-0.43493,0.0244,0.054,456774636701154.562500
-0.43492,0.0236,0.0516,456774636701154.562500
-0.43491,0.0268,0.055600000000000004,456774636701154.562500
-0.4349,0.0212,0.055600000000000004,456774636701154.562500
-0.43489,0.0252,0.0548,456774636701154.562500
-0.43488,0.022000000000000002,0.053200000000000004,456774636701154.562500
-0.43487,0.0244,0.045200000000000004,456774636701154.562500
-0.43486,0.0244,0.048400000000000006,456774636701154.562500
-0.43485,0.0244,0.042800000000000005,456774636701154.562500
-0.43484,0.0204,0.0516,456774636701154.562500
-0.43483,0.0212,0.055600000000000004,456774636701154.562500
-0.43482,0.0196,0.0572,456774636701154.562500
-0.43481,0.022000000000000002,0.056400000000000006,456774636701154.562500
-0.43479999999999996,0.0228,0.056400000000000006,456774636701154.562500
-0.43479,0.0212,0.056400000000000006,456774636701154.562500
-0.43478,0.0212,0.053200000000000004,456774636701154.562500
-0.43477,0.022000000000000002,0.0572,456774636701154.562500
-0.43476,0.0236,0.0572,456774636701154.562500
-0.43474999999999997,0.0212,0.056400000000000006,456774636701154.562500
-0.43474,0.0228,0.0572,456774636701154.562500
-0.43473,0.022000000000000002,0.0548,456774636701154.562500
-0.43472,0.0236,0.0548,456774636701154.562500
-0.43471,0.0228,0.046,456774636701154.562500
-0.4347,0.0212,0.050800000000000005,456774636701154.562500
-0.43469,0.0244,0.054,456774636701154.562500
-0.43468,0.0204,0.056400000000000006,456774636701154.562500
-0.43467,0.0244,0.0516,456774636701154.562500
-0.43466,0.0244,0.0572,456774636701154.562500
-0.43465,0.0228,0.0572,456774636701154.562500
-0.43464,0.0228,0.0548,456774636701154.562500
-0.43462999999999996,0.0236,0.056400000000000006,456774636701154.562500
-0.43462,0.026000000000000002,0.05,456774636701154.562500
-0.43461,0.0252,0.058,456774636701154.562500
-0.4346,0.0228,0.056400000000000006,456774636701154.562500
-0.43459,0.0252,0.0572,456774636701154.562500
-0.43457999999999997,0.0236,0.055600000000000004,456774636701154.562500
-0.43457,0.022000000000000002,0.055600000000000004,456774636701154.562500
-0.43456,0.0188,0.056400000000000006,456774636701154.562500
-0.43455,0.0196,0.056400000000000006,456774636701154.562500
-0.43454,0.0228,0.056400000000000006,456774636701154.562500
-0.43452999999999997,0.0228,0.0572,456774636701154.562500
-0.43452,0.022000000000000002,0.058,456774636701154.562500
-0.43451,0.0204,0.0572,456774636701154.562500
-0.4345,0.0188,0.0572,456774636701154.562500
-0.43449,0.0188,0.055600000000000004,456774636701154.562500
-0.43448,0.0188,0.0548,456774636701154.562500
-0.43447,0.022000000000000002,0.054,456774636701154.562500
-0.43446,0.0204,0.055600000000000004,456774636701154.562500
-0.43445,0.022000000000000002,0.055600000000000004,456774636701154.562500
-0.43444,0.0172,0.055600000000000004,456774636701154.562500
-0.43443,0.018000000000000002,0.048400000000000006,456774636701154.562500
-0.43442000000000003,0.0212,0.0468,456774636701154.562500
-0.43440999999999996,0.022000000000000002,0.0548,456774636701154.562500
-0.4344,0.0204,0.050800000000000005,456774636701154.562500
-0.43439,0.0196,0.0516,456774636701154.562500
-0.43438,0.0188,0.055600000000000004,456774636701154.562500
-0.43437,0.0196,0.055600000000000004,456774636701154.562500
-0.43435999999999997,0.0196,0.0572,456774636701154.562500
-0.43435,0.018000000000000002,0.0572,456774636701154.562500
-0.43434,0.022000000000000002,0.0572,456774636701154.562500
-0.43433,0.0228,0.0548,456774636701154.562500
-0.43432,0.0228,0.056400000000000006,456774636701154.562500
-0.43431,0.0252,0.0572,456774636701154.562500
-0.4343,0.0252,0.053200000000000004,456774636701154.562500
-0.43429,0.0244,0.0516,456774636701154.562500
-0.43428,0.0196,0.055600000000000004,456774636701154.562500
-0.43427,0.0236,0.055600000000000004,456774636701154.562500
-0.43426,0.0252,0.048400000000000006,456774636701154.562500
-0.43425,0.0236,0.058,456774636701154.562500
-0.43424,0.0236,0.056400000000000006,456774636701154.562500
-0.43423,0.0244,0.058,456774636701154.562500
-0.43422,0.0244,0.058,456774636701154.562500
-0.43421,0.0228,0.053200000000000004,456774636701154.562500
-0.4342,0.0212,0.056400000000000006,456774636701154.562500
-0.43418999999999996,0.0164,0.0548,456774636701154.562500
-0.43418,0.0228,0.058,456774636701154.562500
-0.43417,0.0204,0.0548,456774636701154.562500
-0.43416,0.022000000000000002,0.055600000000000004,456774636701154.562500
-0.43415,0.0196,0.056400000000000006,456774636701154.562500
-0.43413999999999997,0.0236,0.0572,456774636701154.562500
-0.43413,0.022000000000000002,0.056400000000000006,456774636701154.562500
-0.43412,0.0212,0.056400000000000006,456774636701154.562500
-0.43411,0.022000000000000002,0.058,456774636701154.562500
-0.4341,0.0228,0.058,456774636701154.562500
-0.43409,0.0228,0.058,456774636701154.562500
-0.43408,0.0228,0.056400000000000006,456774636701154.562500
-0.43407,0.0236,0.056400000000000006,456774636701154.562500
-0.43406,0.0212,0.055600000000000004,456774636701154.562500
-0.43405,0.0228,0.0572,456774636701154.562500
-0.43404,0.0236,0.056400000000000006,456774636701154.562500
-0.43403,0.0244,0.056400000000000006,456774636701154.562500
-0.43401999999999996,0.022000000000000002,0.054,456774636701154.562500
-0.43401,0.026000000000000002,0.056400000000000006,456774636701154.562500
-0.434,0.0236,0.0516,456774636701154.562500
-0.43399,0.0236,0.0572,456774636701154.562500
-0.43398,0.0252,0.055600000000000004,456774636701154.562500
-0.43396999999999997,0.0244,0.0516,456774636701154.562500
-0.43396,0.0236,0.055600000000000004,456774636701154.562500
-0.43395,0.026000000000000002,0.055600000000000004,456774636701154.562500
-0.43394,0.0236,0.055600000000000004,456774636701154.562500
-0.43393,0.0236,0.0548,456774636701154.562500
-0.43392,0.0228,0.058,456774636701154.562500
-0.43391,0.0236,0.0572,456774636701154.562500
-0.4339,0.0236,0.056400000000000006,456774636701154.562500
-0.43389,0.0244,0.0572,456774636701154.562500
-0.43388,0.0236,0.058,456774636701154.562500
-0.43387,0.0228,0.055600000000000004,456774636701154.562500
-0.43386,0.0236,0.058800000000000005,456774636701154.562500
-0.43385,0.0212,0.0572,456774636701154.562500
-0.43384,0.022000000000000002,0.0548,456774636701154.562500
-0.43383,0.0212,0.055600000000000004,456774636701154.562500
-0.43382,0.022000000000000002,0.0516,456774636701154.562500
-0.43381000000000003,0.022000000000000002,0.0572,456774636701154.562500
-0.43379999999999996,0.022000000000000002,0.0548,456774636701154.562500
-0.43379,0.022000000000000002,0.055600000000000004,456774636701154.562500
-0.43378,0.022000000000000002,0.055600000000000004,456774636701154.562500
-0.43377,0.0212,0.053200000000000004,456774636701154.562500
-0.43376,0.0212,0.056400000000000006,456774636701154.562500
-0.43374999999999997,0.0236,0.055600000000000004,456774636701154.562500
-0.43374,0.0228,0.056400000000000006,456774636701154.562500
-0.43373,0.0228,0.055600000000000004,456774636701154.562500
-0.43372,0.0244,0.0548,456774636701154.562500
-0.43371,0.022000000000000002,0.05,456774636701154.562500
-0.4337,0.0252,0.0548,456774636701154.562500
-0.43369,0.0244,0.054,456774636701154.562500
-0.43368,0.0244,0.055600000000000004,456774636701154.562500
-0.43367,0.0236,0.0492,456774636701154.562500
-0.43366,0.0244,0.053200000000000004,456774636701154.562500
-0.43365,0.0236,0.0524,456774636701154.562500
-0.43364,0.0244,0.0516,456774636701154.562500
-0.43362999999999996,0.0228,0.056400000000000006,456774636701154.562500
-0.43362,0.022000000000000002,0.058,456774636701154.562500
-0.43361,0.0252,0.0548,456774636701154.562500
-0.4336,0.0212,0.0524,456774636701154.562500
-0.43359,0.022000000000000002,0.0548,456774636701154.562500
-0.43357999999999997,0.022000000000000002,0.054,456774636701154.562500
-0.43357,0.022000000000000002,0.055600000000000004,456774636701154.562500
-0.43356,0.0204,0.056400000000000006,456774636701154.562500
-0.43355,0.0196,0.0548,456774636701154.562500
-0.43354,0.022000000000000002,0.0572,456774636701154.562500
-0.43352999999999997,0.022000000000000002,0.055600000000000004,456774636701154.562500
-0.43352,0.0212,0.0572,456774636701154.562500
-0.43351,0.0228,0.056400000000000006,456774636701154.562500
-0.4335,0.0228,0.0524,456774636701154.562500
-0.43349,0.0212,0.056400000000000006,456774636701154.562500
-0.43348,0.022000000000000002,0.0572,456774636701154.562500
-0.43347,0.0236,0.0572,456774636701154.562500
-0.43346,0.022000000000000002,0.055600000000000004,456774636701154.562500
-0.43345,0.0228,0.0548,456774636701154.562500
-0.43344,0.022000000000000002,0.058,456774636701154.562500
-0.43343,0.022000000000000002,0.056400000000000006,456774636701154.562500
-0.43342,0.0252,0.0548,456774636701154.562500
-0.43340999999999996,0.0236,0.055600000000000004,456774636701154.562500
-0.4334,0.0244,0.056400000000000006,456774636701154.562500
-0.43339,0.0236,0.055600000000000004,456774636701154.562500
-0.43338,0.0236,0.056400000000000006,456774636701154.562500
-0.43337,0.0236,0.0572,456774636701154.562500
-0.43335999999999997,0.0244,0.056400000000000006,456774636701154.562500
-0.43335,0.0244,0.056400000000000006,456774636701154.562500
-0.43334,0.0236,0.0548,456774636701154.562500
-0.43333,0.022000000000000002,0.056400000000000006,456774636701154.562500
-0.43332,0.022000000000000002,0.056400000000000006,456774636701154.562500
-0.43331,0.022000000000000002,0.056400000000000006,456774636701154.562500
-0.4333,0.0212,0.0572,456774636701154.562500
-0.43329,0.0212,0.058800000000000005,456774636701154.562500
-0.43328,0.0236,0.055600000000000004,456774636701154.562500
-0.43327,0.0212,0.055600000000000004,456774636701154.562500
-0.43326,0.0236,0.0572,456774636701154.562500
-0.43325,0.022000000000000002,0.055600000000000004,456774636701154.562500
-0.43324,0.0236,0.0548,456774636701154.562500
-0.43323,0.0236,0.056400000000000006,456774636701154.562500
-0.43322,0.0228,0.0572,456774636701154.562500
-0.43321,0.022000000000000002,0.054,456774636701154.562500
-0.4332,0.0228,0.056400000000000006,456774636701154.562500
-0.43318999999999996,0.022000000000000002,0.0492,456774636701154.562500
-0.43318,0.0212,0.0548,456774636701154.562500
-0.43317,0.022000000000000002,0.0524,456774636701154.562500
-0.43316,0.0228,0.054,456774636701154.562500
-0.43315,0.022000000000000002,0.0524,456774636701154.562500
-0.43313999999999997,0.022000000000000002,0.056400000000000006,456774636701154.562500
-0.43313,0.0228,0.050800000000000005,456774636701154.562500
-0.43312,0.0228,0.056400000000000006,456774636701154.562500
-0.43311,0.0236,0.0572,456774636701154.562500
-0.4331,0.0236,0.0524,456774636701154.562500
-0.43309,0.0244,0.056400000000000006,456774636701154.562500
-0.43308,0.026000000000000002,0.056400000000000006,456774636701154.562500
-0.43307,0.0244,0.056400000000000006,456774636701154.562500
-0.43306,0.0252,0.0572,456774636701154.562500
-0.43305,0.0204,0.058800000000000005,456774636701154.562500
-0.43304,0.0188,0.0572,456774636701154.562500
-0.43303,0.018000000000000002,0.054,456774636701154.562500
-0.43301999999999996,0.015600000000000001,0.0444,456774636701154.562500
-0.43301,0.0212,0.0516,456774636701154.562500
-0.433,0.0228,0.0444,456774636701154.562500
-0.43299,0.0244,0.056400000000000006,456774636701154.562500
-0.43298,0.022000000000000002,0.056400000000000006,456774636701154.562500
-0.43296999999999997,0.0212,0.0548,456774636701154.562500
-0.43296,0.0212,0.053200000000000004,456774636701154.562500
-0.43295,0.0228,0.0548,456774636701154.562500
-0.43294,0.0212,0.05,456774636701154.562500
-0.43293,0.0204,0.056400000000000006,456774636701154.562500
-0.43291999999999997,0.0188,0.055600000000000004,456774636701154.562500
-0.43291,0.018000000000000002,0.0524,456774636701154.562500
-0.4329,0.0164,0.0548,456774636701154.562500
-0.43289,0.0228,0.0524,456774636701154.562500
-0.43288,0.0228,0.056400000000000006,456774636701154.562500
-0.43287,0.0228,0.054,456774636701154.562500
-0.43286,0.0228,0.058,456774636701154.562500
-0.43285,0.0252,0.055600000000000004,456774636701154.562500
-0.43284,0.022000000000000002,0.0596,456774636701154.562500
-0.43283,0.0236,0.058,456774636701154.562500
-0.43282,0.0228,0.056400000000000006,456774636701154.562500
-0.43281000000000003,0.022000000000000002,0.0516,456774636701154.562500
-0.43279999999999996,0.0196,0.056400000000000006,456774636701154.562500
-0.43279,0.0236,0.0572,456774636701154.562500
-0.43278,0.0244,0.055600000000000004,456774636701154.562500
-0.43277,0.022000000000000002,0.055600000000000004,456774636701154.562500
-0.43276,0.0244,0.056400000000000006,456774636701154.562500
-0.43274999999999997,0.0244,0.055600000000000004,456774636701154.562500
-0.43274,0.0244,0.058,456774636701154.562500
-0.43273,0.0244,0.054,456774636701154.562500
-0.43272,0.0228,0.055600000000000004,456774636701154.562500
-0.43271,0.0244,0.0548,456774636701154.562500
-0.4327,0.0228,0.056400000000000006,456774636701154.562500
-0.43269,0.0228,0.056400000000000006,456774636701154.562500
-0.43268,0.0236,0.0572,456774636701154.562500
-0.43267,0.0204,0.056400000000000006,456774636701154.562500
-0.43266,0.0236,0.058,456774636701154.562500
-0.43265,0.0236,0.0492,456774636701154.562500
-0.43264,0.0204,0.0548,456774636701154.562500
-0.43263,0.0196,0.0516,456774636701154.562500
-0.43262,0.0244,0.058,456774636701154.562500
-0.43261,0.0196,0.050800000000000005,456774636701154.562500
-0.4326,0.0212,0.0572,456774636701154.562500
-0.43259,0.022000000000000002,0.056400000000000006,456774636701154.562500
-0.43257999999999996,0.0212,0.056400000000000006,456774636701154.562500
-0.43257,0.0236,0.0572,456774636701154.562500
-0.43256,0.0196,0.053200000000000004,456774636701154.562500
-0.43255,0.0244,0.0572,456774636701154.562500
-0.43254,0.0236,0.0572,456774636701154.562500
-0.43252999999999997,0.0228,0.0572,456774636701154.562500
-0.43252,0.0228,0.056400000000000006,456774636701154.562500
-0.43251,0.0228,0.056400000000000006,456774636701154.562500
-0.4325,0.0244,0.055600000000000004,456774636701154.562500
-0.43249,0.022000000000000002,0.0572,456774636701154.562500
-0.43248,0.0236,0.056400000000000006,456774636701154.562500
-0.43247,0.0252,0.055600000000000004,456774636701154.562500
-0.43246,0.0228,0.0572,456774636701154.562500
-0.43245,0.0236,0.058,456774636701154.562500
-0.43244,0.0244,0.055600000000000004,456774636701154.562500
-0.43243,0.0252,0.058,456774636701154.562500
-0.43242,0.0228,0.0524,456774636701154.562500
-0.43240999999999996,0.0252,0.0548,456774636701154.562500
-0.4324,0.0228,0.055600000000000004,456774636701154.562500
-0.43239,0.0244,0.056400000000000006,456774636701154.562500
-0.43238,0.0236,0.056400000000000006,456774636701154.562500
-0.43237,0.0236,0.055600000000000004,456774636701154.562500
-0.43235999999999997,0.0228,0.056400000000000006,456774636701154.562500
-0.43235,0.0196,0.0572,456774636701154.562500
-0.43234,0.0228,0.0476,456774636701154.562500
-0.43233,0.0204,0.055600000000000004,456774636701154.562500
-0.43232,0.0196,0.054,456774636701154.562500
-0.43230999999999997,0.0212,0.053200000000000004,456774636701154.562500
-0.4323,0.022000000000000002,0.053200000000000004,456774636701154.562500
-0.43229,0.0188,0.055600000000000004,456774636701154.562500
-0.43228,0.0228,0.055600000000000004,456774636701154.562500
-0.43227,0.0204,0.058,456774636701154.562500
-0.43226,0.0236,0.053200000000000004,456774636701154.562500
-0.43225,0.0212,0.046,456774636701154.562500
-0.43224,0.022000000000000002,0.0492,456774636701154.562500
-0.43223,0.022000000000000002,0.045200000000000004,456774636701154.562500
-0.43222,0.0228,0.0548,456774636701154.562500
-0.43221,0.0236,0.054,456774636701154.562500
-0.43220000000000003,0.0236,0.056400000000000006,456774636701154.562500
-0.43218999999999996,0.022000000000000002,0.053200000000000004,456774636701154.562500
-0.43218,0.0228,0.055600000000000004,456774636701154.562500
-0.43217,0.022000000000000002,0.0468,456774636701154.562500
-0.43216,0.0228,0.058,456774636701154.562500
-0.43215,0.0244,0.054,456774636701154.562500
-0.43213999999999997,0.0244,0.054,456774636701154.562500
-0.43213,0.0228,0.056400000000000006,456774636701154.562500
-0.43212,0.0244,0.0516,456774636701154.562500
-0.43211,0.0244,0.055600000000000004,456774636701154.562500
-0.4321,0.0236,0.058,456774636701154.562500
-0.43209,0.0228,0.0548,456774636701154.562500
-0.43208,0.0244,0.0572,456774636701154.562500
-0.43207,0.0228,0.0524,456774636701154.562500
-0.43206,0.022000000000000002,0.054,456774636701154.562500
-0.43205,0.022000000000000002,0.058,456774636701154.562500
-0.43204,0.0196,0.056400000000000006,456774636701154.562500
-0.43203,0.0188,0.0572,456774636701154.562500
-0.43202,0.0236,0.0572,456774636701154.562500
-0.43201,0.022000000000000002,0.048400000000000006,456774636701154.562500
-0.432,0.0212,0.058,456774636701154.562500
-0.43199,0.0204,0.0548,456774636701154.562500
-0.43198,0.022000000000000002,0.0572,456774636701154.562500
-0.43196999999999997,0.022000000000000002,0.056400000000000006,456774636701154.562500
-0.43196,0.0228,0.0572,456774636701154.562500
-0.43195,0.022000000000000002,0.055600000000000004,456774636701154.562500
-0.43194,0.022000000000000002,0.058,456774636701154.562500
-0.43193,0.022000000000000002,0.056400000000000006,456774636701154.562500
-0.43191999999999997,0.0212,0.055600000000000004,456774636701154.562500
-0.43191,0.022000000000000002,0.053200000000000004,456774636701154.562500
-0.4319,0.0204,0.055600000000000004,456774636701154.562500
-0.43189,0.0196,0.0548,456774636701154.562500
-0.43188,0.0196,0.053200000000000004,456774636701154.562500
-0.43187,0.022000000000000002,0.0548,456774636701154.562500
-0.43186,0.022000000000000002,0.054,456774636701154.562500
-0.43185,0.0212,0.0572,456774636701154.562500
-0.43184,0.0228,0.055600000000000004,456774636701154.562500
-0.43183,0.0244,0.054,456774636701154.562500
-0.43182,0.0236,0.056400000000000006,456774636701154.562500
-0.43181,0.0228,0.056400000000000006,456774636701154.562500
-0.43179999999999996,0.022000000000000002,0.0572,456774636701154.562500
-0.43179,0.0236,0.0572,456774636701154.562500
-0.43178,0.0212,0.0548,456774636701154.562500
-0.43177,0.0236,0.054,456774636701154.562500
-0.43176,0.022000000000000002,0.055600000000000004,456774636701154.562500
-0.43174999999999997,0.022000000000000002,0.056400000000000006,456774636701154.562500
-0.43174,0.022000000000000002,0.0572,456774636701154.562500
-0.43173,0.0228,0.058,456774636701154.562500
-0.43172,0.0228,0.056400000000000006,456774636701154.562500
-0.43171,0.0236,0.054,456774636701154.562500
-0.4317,0.022000000000000002,0.056400000000000006,456774636701154.562500
-0.43169,0.022000000000000002,0.0548,456774636701154.562500
-0.43168,0.0228,0.056400000000000006,456774636701154.562500
-0.43167,0.0212,0.055600000000000004,456774636701154.562500
-0.43166,0.022000000000000002,0.054,456774636701154.562500
-0.43165,0.022000000000000002,0.05,456774636701154.562500
-0.43164,0.0228,0.0572,456774636701154.562500
-0.43163,0.0228,0.056400000000000006,456774636701154.562500
-0.43162,0.022000000000000002,0.056400000000000006,456774636701154.562500
-0.43161,0.0228,0.055600000000000004,456774636701154.562500
-0.4316,0.0228,0.055600000000000004,456774636701154.562500
-0.43159,0.0236,0.055600000000000004,456774636701154.562500
-0.43157999999999996,0.0228,0.056400000000000006,456774636701154.562500
-0.43157,0.0244,0.055600000000000004,456774636701154.562500
-0.43156,0.0236,0.056400000000000006,456774636701154.562500
-0.43155,0.0228,0.056400000000000006,456774636701154.562500
-0.43154,0.0236,0.056400000000000006,456774636701154.562500
-0.43152999999999997,0.0228,0.0548,456774636701154.562500
-0.43152,0.0236,0.0548,456774636701154.562500
-0.43151,0.0244,0.0524,456774636701154.562500
-0.4315,0.0228,0.054,456774636701154.562500
-0.43149,0.0228,0.056400000000000006,456774636701154.562500
-0.43148,0.0228,0.056400000000000006,456774636701154.562500
-0.43147,0.0236,0.056400000000000006,456774636701154.562500
-0.43146,0.0236,0.055600000000000004,456774636701154.562500
-0.43145,0.0228,0.055600000000000004,456774636701154.562500
-0.43144,0.0228,0.053200000000000004,456774636701154.562500
-0.43143,0.0196,0.055600000000000004,456774636701154.562500
-0.43142,0.0196,0.056400000000000006,456774636701154.562500
-0.43140999999999996,0.018000000000000002,0.0516,456774636701154.562500
-0.4314,0.0228,0.0572,456774636701154.562500
-0.43139,0.0212,0.0524,456774636701154.562500
-0.43138,0.022000000000000002,0.0572,456774636701154.562500
-0.43137,0.022000000000000002,0.054,456774636701154.562500
-0.43135999999999997,0.0196,0.0516,456774636701154.562500
-0.43135,0.018000000000000002,0.055600000000000004,456774636701154.562500
-0.43134,0.0188,0.0572,456774636701154.562500
-0.43133,0.0188,0.056400000000000006,456774636701154.562500
-0.43132,0.0212,0.0572,456774636701154.562500
-0.43130999999999997,0.0196,0.0516,456774636701154.562500
-0.4313,0.0236,0.054,456774636701154.562500
-0.43129,0.0228,0.0548,456774636701154.562500
-0.43128,0.0236,0.0572,456774636701154.562500
-0.43127,0.0228,0.05,456774636701154.562500
-0.43126,0.0236,0.056400000000000006,456774636701154.562500
-0.43125,0.0252,0.0548,456774636701154.562500
-0.43124,0.0236,0.0572,456774636701154.562500
-0.43123,0.0252,0.056400000000000006,456774636701154.562500
-0.43122,0.0252,0.056400000000000006,456774636701154.562500
-0.43121,0.0236,0.0548,456774636701154.562500
-0.4312,0.0236,0.055600000000000004,456774636701154.562500
-0.43118999999999996,0.0236,0.056400000000000006,456774636701154.562500
-0.43118,0.0244,0.055600000000000004,456774636701154.562500
-0.43117,0.0244,0.055600000000000004,456774636701154.562500
-0.43116,0.0212,0.0572,456774636701154.562500
-0.43115,0.0228,0.0524,456774636701154.562500
-0.43113999999999997,0.0228,0.055600000000000004,456774636701154.562500
-0.43113,0.022000000000000002,0.055600000000000004,456774636701154.562500
-0.43112,0.0236,0.056400000000000006,456774636701154.562500
-0.43111,0.022000000000000002,0.050800000000000005,456774636701154.562500
-0.4311,0.0204,0.053200000000000004,456774636701154.562500
-0.43109,0.0228,0.0572,456774636701154.562500
-0.43108,0.0196,0.0572,456774636701154.562500
-0.43107,0.0228,0.056400000000000006,456774636701154.562500
-0.43106,0.0236,0.053200000000000004,456774636701154.562500
-0.43105,0.0212,0.0572,456774636701154.562500
-0.43104,0.0236,0.058800000000000005,456774636701154.562500
-0.43103,0.0212,0.0572,456774636701154.562500
-0.43102,0.022000000000000002,0.0572,456774636701154.562500
-0.43101,0.0236,0.054,456774636701154.562500
-0.431,0.0228,0.058,456774636701154.562500
-0.43099,0.0228,0.0572,456774636701154.562500
-0.43098,0.0228,0.055600000000000004,456774636701154.562500
-0.43096999999999996,0.0236,0.0572,456774636701154.562500
-0.43096,0.0228,0.0572,456774636701154.562500
-0.43095,0.0212,0.055600000000000004,456774636701154.562500
-0.43094,0.0212,0.0524,456774636701154.562500
-0.43093,0.022000000000000002,0.0492,456774636701154.562500
-0.43091999999999997,0.0252,0.056400000000000006,456774636701154.562500
-0.43091,0.0236,0.0572,456774636701154.562500
-0.4309,0.0236,0.0548,456774636701154.562500
-0.43089,0.0236,0.056400000000000006,456774636701154.562500
-0.43088,0.0236,0.0548,456774636701154.562500
-0.43087,0.022000000000000002,0.056400000000000006,456774636701154.562500
-0.43086,0.022000000000000002,0.056400000000000006,456774636701154.562500
-0.43085,0.0236,0.0572,456774636701154.562500
-0.43084,0.0212,0.055600000000000004,456774636701154.562500
-0.43083,0.0228,0.055600000000000004,456774636701154.562500
-0.43082,0.0212,0.055600000000000004,456774636701154.562500
-0.43081,0.0212,0.056400000000000006,456774636701154.562500
-0.43079999999999996,0.0204,0.056400000000000006,456774636701154.562500
-0.43079,0.0196,0.0492,456774636701154.562500
-0.43078,0.0212,0.056400000000000006,456774636701154.562500
-0.43077,0.0228,0.050800000000000005,456774636701154.562500
-0.43076,0.0228,0.056400000000000006,456774636701154.562500
-0.43074999999999997,0.0204,0.050800000000000005,456774636701154.562500
-0.43074,0.022000000000000002,0.054,456774636701154.562500
-0.43073,0.0172,0.054,456774636701154.562500
-0.43072,0.0204,0.055600000000000004,456774636701154.562500
-0.43071,0.0188,0.056400000000000006,456774636701154.562500
-0.43069999999999997,0.022000000000000002,0.055600000000000004,456774636701154.562500
-0.43069,0.0228,0.053200000000000004,456774636701154.562500
-0.43068,0.0228,0.0548,456774636701154.562500
-0.43067,0.0236,0.0516,456774636701154.562500
-0.43066,0.0204,0.055600000000000004,456774636701154.562500
-0.43065,0.022000000000000002,0.0516,456774636701154.562500
-0.43064,0.0244,0.053200000000000004,456774636701154.562500
-0.43063,0.0244,0.05,456774636701154.562500
-0.43062,0.0236,0.054,456774636701154.562500
-0.43061,0.0244,0.0524,456774636701154.562500
-0.4306,0.0228,0.054,456774636701154.562500
-0.43059000000000003,0.0236,0.0572,456774636701154.562500
-0.43057999999999996,0.0236,0.055600000000000004,456774636701154.562500
-0.43057,0.018000000000000002,0.0516,456774636701154.562500
-0.43056,0.022000000000000002,0.058,456774636701154.562500
-0.43055,0.0212,0.053200000000000004,456774636701154.562500
-0.43054,0.0228,0.056400000000000006,456774636701154.562500
-0.43052999999999997,0.0244,0.054,456774636701154.562500
-0.43052,0.0244,0.055600000000000004,456774636701154.562500
-0.43051,0.0228,0.05,456774636701154.562500
-0.4305,0.0204,0.058,456774636701154.562500
-0.43049,0.0212,0.0548,456774636701154.562500
-0.43048,0.022000000000000002,0.0548,456774636701154.562500
-0.43047,0.022000000000000002,0.0572,456774636701154.562500
-0.43046,0.0228,0.055600000000000004,456774636701154.562500
-0.43045,0.0204,0.053200000000000004,456774636701154.562500
-0.43044,0.0172,0.0572,456774636701154.562500
-0.43043,0.022000000000000002,0.05,456774636701154.562500
-0.43042,0.022000000000000002,0.055600000000000004,456774636701154.562500
-0.43041,0.0236,0.053200000000000004,456774636701154.562500
-0.4304,0.0188,0.054,456774636701154.562500
-0.43039,0.022000000000000002,0.056400000000000006,456774636701154.562500
-0.43038,0.0244,0.056400000000000006,456774636701154.562500
-0.43037,0.0244,0.056400000000000006,456774636701154.562500
-0.43035999999999996,0.022000000000000002,0.056400000000000006,456774636701154.562500
-0.43035,0.0252,0.054,456774636701154.562500
-0.43034,0.022000000000000002,0.055600000000000004,456774636701154.562500
-0.43033,0.0244,0.053200000000000004,456774636701154.562500
-0.43032,0.0212,0.0524,456774636701154.562500
-0.43030999999999997,0.0244,0.058,456774636701154.562500
-0.4303,0.026000000000000002,0.055600000000000004,456774636701154.562500
-0.43029,0.0228,0.0524,456774636701154.562500
-0.43028,0.022000000000000002,0.0516,456774636701154.562500
-0.43027,0.022000000000000002,0.0436,456774636701154.562500
-0.43026,0.0244,0.0524,456774636701154.562500
-0.43025,0.0204,0.053200000000000004,456774636701154.562500
-0.43024,0.0244,0.053200000000000004,456774636701154.562500
-0.43023,0.0228,0.0412,456774636701154.562500
-0.43022,0.022000000000000002,0.054,456774636701154.562500
-0.43021,0.022000000000000002,0.0524,456774636701154.562500
-0.4302,0.0196,0.0548,456774636701154.562500
-0.43018999999999996,0.022000000000000002,0.046,456774636701154.562500
-0.43018,0.0196,0.056400000000000006,456774636701154.562500
-0.43017,0.0236,0.056400000000000006,456774636701154.562500
-0.43016,0.0204,0.056400000000000006,456774636701154.562500
-0.43015,0.0228,0.0572,456774636701154.562500
-0.43013999999999997,0.0212,0.050800000000000005,456774636701154.562500
-0.43013,0.0212,0.0548,456774636701154.562500
-0.43012,0.022000000000000002,0.054,456774636701154.562500
-0.43011,0.0228,0.056400000000000006,456774636701154.562500
-0.4301,0.0236,0.0548,456774636701154.562500
-0.43009,0.0228,0.056400000000000006,456774636701154.562500
-0.43008,0.0212,0.0572,456774636701154.562500
-0.43007,0.022000000000000002,0.055600000000000004,456774636701154.562500
-0.43006,0.0244,0.0548,456774636701154.562500
-0.43005,0.0228,0.0548,456774636701154.562500
-0.43004,0.022000000000000002,0.055600000000000004,456774636701154.562500
-0.43003,0.022000000000000002,0.055600000000000004,456774636701154.562500
-0.43002,0.0212,0.0548,456774636701154.562500
-0.43001,0.0196,0.0572,456774636701154.562500
-0.43,0.0228,0.0572,456774636701154.562500
-0.42999,0.0188,0.0524,456774636701154.562500
-0.42998000000000003,0.022000000000000002,0.056400000000000006,456774636701154.562500
-0.42996999999999996,0.0244,0.055600000000000004,456774636701154.562500
-0.42996,0.0244,0.055600000000000004,456774636701154.562500
-0.42995,0.018000000000000002,0.0476,456774636701154.562500
-0.42994,0.0228,0.056400000000000006,456774636701154.562500
-0.42993,0.0228,0.053200000000000004,456774636701154.562500
-0.42991999999999997,0.022000000000000002,0.058,456774636701154.562500
-0.42991,0.0212,0.05,456774636701154.562500
-0.4299,0.022000000000000002,0.0572,456774636701154.562500
-0.42989,0.0196,0.048400000000000006,456774636701154.562500
-0.42988,0.0228,0.055600000000000004,456774636701154.562500
-0.42987,0.0236,0.048400000000000006,456774636701154.562500
-0.42986,0.0204,0.0524,456774636701154.562500
-0.42985,0.0212,0.0516,456774636701154.562500
-0.42984,0.0172,0.056400000000000006,456774636701154.562500
-0.42983,0.0228,0.0476,456774636701154.562500
-0.42982,0.0236,0.054,456774636701154.562500
-0.42981,0.022000000000000002,0.056400000000000006,456774636701154.562500
-0.42979999999999996,0.0236,0.055600000000000004,456774636701154.562500
-0.42979,0.0236,0.0548,456774636701154.562500
-0.42978,0.0252,0.056400000000000006,456774636701154.562500
-0.42977,0.0244,0.0548,456774636701154.562500
-0.42976,0.0244,0.054,456774636701154.562500
-0.42974999999999997,0.0244,0.0572,456774636701154.562500
-0.42974,0.0236,0.055600000000000004,456774636701154.562500
-0.42973,0.0236,0.0572,456774636701154.562500
-0.42972,0.0236,0.05,456774636701154.562500
-0.42971,0.0236,0.0516,456774636701154.562500
-0.42969999999999997,0.022000000000000002,0.054,456774636701154.562500
-0.42969,0.0244,0.055600000000000004,456774636701154.562500
-0.42968,0.022000000000000002,0.0516,456774636701154.562500
-0.42967,0.0236,0.056400000000000006,456774636701154.562500
-0.42966,0.022000000000000002,0.0524,456774636701154.562500
-0.42965,0.0244,0.0524,456774636701154.562500
-0.42964,0.0236,0.0572,456774636701154.562500
-0.42963,0.0228,0.0524,456774636701154.562500
-0.42962,0.022000000000000002,0.0524,456774636701154.562500
-0.42961,0.022000000000000002,0.0572,456774636701154.562500
-0.4296,0.0212,0.0548,456774636701154.562500
-0.42959,0.0228,0.0572,456774636701154.562500
-0.42957999999999996,0.022000000000000002,0.055600000000000004,456774636701154.562500
-0.42957,0.0228,0.05,456774636701154.562500
-0.42956,0.0188,0.0492,456774636701154.562500
-0.42955,0.022000000000000002,0.0412,456774636701154.562500
-0.42954,0.022000000000000002,0.055600000000000004,456774636701154.562500
-0.42952999999999997,0.0228,0.058,456774636701154.562500
-0.42952,0.0212,0.056400000000000006,456774636701154.562500
-0.42951,0.022000000000000002,0.0572,456774636701154.562500
-0.4295,0.0236,0.058,456774636701154.562500
-0.42949,0.022000000000000002,0.055600000000000004,456774636701154.562500
-0.42948,0.0236,0.055600000000000004,456774636701154.562500
-0.42947,0.022000000000000002,0.0572,456774636701154.562500
-0.42946,0.0236,0.055600000000000004,456774636701154.562500
-0.42945,0.0236,0.0548,456774636701154.562500
-0.42944,0.0236,0.055600000000000004,456774636701154.562500
-0.42943,0.022000000000000002,0.0516,456774636701154.562500
-0.42942,0.022000000000000002,0.056400000000000006,456774636701154.562500
-0.42941,0.0228,0.0548,456774636701154.562500
-0.4294,0.0244,0.0572,456774636701154.562500
-0.42939,0.0244,0.0572,456774636701154.562500
-0.42938,0.0236,0.05,456774636701154.562500
-0.42937,0.0236,0.0548,456774636701154.562500
-0.42935999999999996,0.0236,0.050800000000000005,456774636701154.562500
-0.42935,0.0228,0.056400000000000006,456774636701154.562500
-0.42934,0.022000000000000002,0.0572,456774636701154.562500
-0.42933,0.022000000000000002,0.056400000000000006,456774636701154.562500
-0.42932,0.0196,0.054,456774636701154.562500
-0.42930999999999997,0.0236,0.0572,456774636701154.562500
-0.4293,0.0228,0.054,456774636701154.562500
-0.42929,0.0228,0.055600000000000004,456774636701154.562500
-0.42928,0.0228,0.050800000000000005,456774636701154.562500
-0.42927,0.0228,0.054,456774636701154.562500
-0.42926,0.0212,0.0524,456774636701154.562500
-0.42925,0.022000000000000002,0.056400000000000006,456774636701154.562500
-0.42924,0.0204,0.055600000000000004,456774636701154.562500
-0.42923,0.0228,0.045200000000000004,456774636701154.562500
-0.42922,0.0164,0.055600000000000004,456774636701154.562500
-0.42921,0.0196,0.054,456774636701154.562500
-0.4292,0.0196,0.056400000000000006,456774636701154.562500
-0.42918999999999996,0.0188,0.0572,456774636701154.562500
-0.42918,0.022000000000000002,0.056400000000000006,456774636701154.562500
-0.42917,0.0228,0.0524,456774636701154.562500
-0.42916,0.0236,0.056400000000000006,456774636701154.562500
-0.42915,0.0244,0.0524,456774636701154.562500
-0.42913999999999997,0.0228,0.056400000000000006,456774636701154.562500
-0.42913,0.0244,0.0572,456774636701154.562500
-0.42912,0.0252,0.0572,456774636701154.562500
-0.42911,0.0244,0.053200000000000004,456774636701154.562500
-0.4291,0.0244,0.0572,456774636701154.562500
-0.42908999999999997,0.0236,0.055600000000000004,456774636701154.562500
-0.42908,0.0252,0.045200000000000004,456774636701154.562500
-0.42907,0.0204,0.05,456774636701154.562500
-0.42906,0.0236,0.045200000000000004,456774636701154.562500
-0.42905,0.022000000000000002,0.0548,456774636701154.562500
-0.42904,0.022000000000000002,0.055600000000000004,456774636701154.562500
-0.42903,0.0228,0.0572,456774636701154.562500
-0.42902,0.0228,0.056400000000000006,456774636701154.562500
-0.42901,0.0228,0.058,456774636701154.562500
-0.429,0.0228,0.056400000000000006,456774636701154.562500
-0.42899,0.0212,0.055600000000000004,456774636701154.562500
-0.42898000000000003,0.022000000000000002,0.055600000000000004,456774636701154.562500
-0.42896999999999996,0.022000000000000002,0.0548,456774636701154.562500
-0.42896,0.0212,0.055600000000000004,456774636701154.562500
-0.42895,0.0228,0.0572,456774636701154.562500
-0.42894,0.022000000000000002,0.0492,456774636701154.562500
-0.42893,0.022000000000000002,0.0524,456774636701154.562500
-0.42891999999999997,0.0228,0.0548,456774636701154.562500
-0.42891,0.022000000000000002,0.054,456774636701154.562500
-0.4289,0.022000000000000002,0.0516,456774636701154.562500
-0.42889,0.022000000000000002,0.0444,456774636701154.562500
-0.42888,0.0244,0.0572,456774636701154.562500
-0.42887,0.0236,0.05,456774636701154.562500
-0.42886,0.0236,0.056400000000000006,456774636701154.562500
-0.42885,0.0236,0.054,456774636701154.562500
-0.42884,0.0236,0.0572,456774636701154.562500
-0.42883,0.0244,0.0572,456774636701154.562500
-0.42882,0.0244,0.0548,456774636701154.562500
-0.42881,0.022000000000000002,0.0524,456774636701154.562500
-0.4288,0.022000000000000002,0.056400000000000006,456774636701154.562500
-0.42879,0.0188,0.056400000000000006,456774636701154.562500
-0.42878,0.026000000000000002,0.0516,456774636701154.562500
-0.42877,0.022000000000000002,0.0572,456774636701154.562500
-0.42876,0.022000000000000002,0.05,456774636701154.562500
-0.42874999999999996,0.0236,0.055600000000000004,456774636701154.562500
-0.42874,0.0244,0.058800000000000005,456774636701154.562500
-0.42873,0.0244,0.0492,456774636701154.562500
-0.42872,0.0212,0.0468,456774636701154.562500
-0.42871,0.022000000000000002,0.0388,456774636701154.562500
-0.42869999999999997,0.022000000000000002,0.0476,456774636701154.562500
-0.42869,0.0196,0.0388,456774636701154.562500
-0.42868,0.0148,0.054,456774636701154.562500
-0.42867,0.0188,0.0516,456774636701154.562500
-0.42866,0.0164,0.058,456774636701154.562500
-0.42865,0.015600000000000001,0.053200000000000004,456774636701154.562500
-0.42864,0.0188,0.0572,456774636701154.562500
-0.42863,0.018000000000000002,0.055600000000000004,456774636701154.562500
-0.42862,0.018000000000000002,0.0572,456774636701154.562500
-0.42861,0.0188,0.0548,456774636701154.562500
-0.4286,0.0204,0.0548,456774636701154.562500
-0.42859,0.0188,0.058,456774636701154.562500
-0.42857999999999996,0.0164,0.056400000000000006,456774636701154.562500
-0.42857,0.0196,0.050800000000000005,456774636701154.562500
-0.42856,0.0188,0.0492,456774636701154.562500
-0.42855,0.0196,0.0468,456774636701154.562500
-0.42854,0.022000000000000002,0.0516,456774636701154.562500
-0.42852999999999997,0.0236,0.05,456774636701154.562500
-0.42852,0.0228,0.0516,456774636701154.562500
-0.42851,0.0228,0.0548,456774636701154.562500
-0.4285,0.0228,0.0572,456774636701154.562500
-0.42849,0.0252,0.055600000000000004,456774636701154.562500
-0.42847999999999997,0.0252,0.0572,456774636701154.562500
-0.42847,0.026000000000000002,0.0572,456774636701154.562500
-0.42846,0.0244,0.056400000000000006,456774636701154.562500
-0.42845,0.0244,0.0572,456774636701154.562500
-0.42844,0.0228,0.058,456774636701154.562500
-0.42843,0.0244,0.056400000000000006,456774636701154.562500
-0.42842,0.0236,0.056400000000000006,456774636701154.562500
-0.42841,0.0228,0.0572,456774636701154.562500
-0.4284,0.022000000000000002,0.056400000000000006,456774636701154.562500
-0.42839,0.0236,0.055600000000000004,456774636701154.562500
-0.42838,0.0228,0.0572,456774636701154.562500
-0.42837000000000003,0.0236,0.056400000000000006,456774636701154.562500
-0.42835999999999996,0.0228,0.0572,456774636701154.562500
-0.42835,0.0236,0.050800000000000005,456774636701154.562500
-0.42834,0.0212,0.055600000000000004,456774636701154.562500
-0.42833,0.0196,0.058,456774636701154.562500
-0.42832,0.022000000000000002,0.054,456774636701154.562500
-0.42830999999999997,0.0228,0.045200000000000004,456774636701154.562500
-0.4283,0.0228,0.0572,456774636701154.562500
-0.42829,0.0228,0.056400000000000006,456774636701154.562500
-0.42828,0.0228,0.058,456774636701154.562500
-0.42827,0.0212,0.055600000000000004,456774636701154.562500
-0.42826,0.0228,0.056400000000000006,456774636701154.562500
-0.42825,0.0236,0.055600000000000004,456774636701154.562500
-0.42824,0.022000000000000002,0.056400000000000006,456774636701154.562500
-0.42823,0.022000000000000002,0.058,456774636701154.562500
-0.42822,0.0196,0.055600000000000004,456774636701154.562500
-0.42821,0.0252,0.055600000000000004,456774636701154.562500
-0.4282,0.022000000000000002,0.058,456774636701154.562500
-0.42818999999999996,0.026000000000000002,0.0524,456774636701154.562500
-0.42818,0.0228,0.058,456774636701154.562500
-0.42817,0.0244,0.0548,456774636701154.562500
-0.42816,0.0236,0.0572,456774636701154.562500
-0.42815,0.0196,0.0476,456774636701154.562500
-0.42813999999999997,0.0212,0.0572,456774636701154.562500
-0.42813,0.0212,0.05,456774636701154.562500
-0.42812,0.0228,0.058,456774636701154.562500
-0.42811,0.0212,0.054,456774636701154.562500
-0.4281,0.0244,0.050800000000000005,456774636701154.562500
-0.42808999999999997,0.0188,0.058,456774636701154.562500
-0.42808,0.022000000000000002,0.056400000000000006,456774636701154.562500
-0.42807,0.0196,0.053200000000000004,456774636701154.562500
-0.42806,0.0236,0.048400000000000006,456774636701154.562500
-0.42805,0.0188,0.053200000000000004,456774636701154.562500
-0.42804,0.0204,0.05,456774636701154.562500
-0.42803,0.0204,0.053200000000000004,456774636701154.562500
-0.42802,0.022000000000000002,0.055600000000000004,456774636701154.562500
-0.42801,0.0228,0.054,456774636701154.562500
-0.428,0.022000000000000002,0.050800000000000005,456774636701154.562500
-0.42799,0.022000000000000002,0.056400000000000006,456774636701154.562500
-0.42798,0.022000000000000002,0.054,456774636701154.562500
-0.42796999999999996,0.0236,0.0572,456774636701154.562500
-0.42796,0.022000000000000002,0.055600000000000004,456774636701154.562500
-0.42795,0.022000000000000002,0.055600000000000004,456774636701154.562500
-0.42794,0.0204,0.050800000000000005,456774636701154.562500
-0.42793,0.018000000000000002,0.058,456774636701154.562500
-0.42791999999999997,0.0244,0.053200000000000004,456774636701154.562500
-0.42791,0.0236,0.058,456774636701154.562500
-0.4279,0.0236,0.058,456774636701154.562500
-0.42789,0.0244,0.058,456774636701154.562500
-0.42788,0.022000000000000002,0.056400000000000006,456774636701154.562500
-0.42787,0.0228,0.0572,456774636701154.562500
-0.42786,0.0244,0.0548,456774636701154.562500
-0.42785,0.0236,0.0572,456774636701154.562500
-0.42784,0.0244,0.048400000000000006,456774636701154.562500
-0.42783,0.0236,0.050800000000000005,456774636701154.562500
-0.42782,0.0228,0.0492,456774636701154.562500
-0.42781,0.0204,0.0548,456774636701154.562500
-0.4278,0.0244,0.048400000000000006,456774636701154.562500
-0.42779,0.022000000000000002,0.0572,456774636701154.562500
-0.42778,0.022000000000000002,0.0476,456774636701154.562500
-0.42777,0.022000000000000002,0.056400000000000006,456774636701154.562500
-0.42776,0.0228,0.05,456774636701154.562500
-0.42774999999999996,0.0204,0.055600000000000004,456774636701154.562500
-0.42774,0.0212,0.05,456774636701154.562500
-0.42773,0.022000000000000002,0.056400000000000006,456774636701154.562500
-0.42772,0.0204,0.055600000000000004,456774636701154.562500
-0.42771,0.0212,0.046,456774636701154.562500
-0.42769999999999997,0.0204,0.055600000000000004,456774636701154.562500
-0.42769,0.0196,0.053200000000000004,456774636701154.562500
-0.42768,0.022000000000000002,0.0572,456774636701154.562500
-0.42767,0.0228,0.055600000000000004,456774636701154.562500
-0.42766,0.0236,0.055600000000000004,456774636701154.562500
-0.42765,0.0212,0.056400000000000006,456774636701154.562500
-0.42764,0.0244,0.053200000000000004,456774636701154.562500
-0.42763,0.022000000000000002,0.056400000000000006,456774636701154.562500
-0.42762,0.0236,0.0548,456774636701154.562500
-0.42761,0.0244,0.056400000000000006,456774636701154.562500
-0.4276,0.0252,0.0548,456774636701154.562500
-0.42759,0.0244,0.0548,456774636701154.562500
-0.42757999999999996,0.0244,0.056400000000000006,456774636701154.562500
-0.42757,0.0244,0.056400000000000006,456774636701154.562500
-0.42756,0.0236,0.053200000000000004,456774636701154.562500
-0.42755,0.0244,0.0524,456774636701154.562500
-0.42754,0.0252,0.056400000000000006,456774636701154.562500
-0.42752999999999997,0.022000000000000002,0.053200000000000004,456774636701154.562500
-0.42752,0.0236,0.055600000000000004,456774636701154.562500
-0.42751,0.022000000000000002,0.054,456774636701154.562500
-0.4275,0.0228,0.058,456774636701154.562500
-0.42749,0.022000000000000002,0.050800000000000005,456774636701154.562500
-0.42747999999999997,0.0228,0.05,456774636701154.562500
-0.42747,0.0236,0.0476,456774636701154.562500
-0.42746,0.0204,0.055600000000000004,456774636701154.562500
-0.42745,0.022000000000000002,0.0492,456774636701154.562500
-0.42744,0.0236,0.055600000000000004,456774636701154.562500
-0.42743,0.0228,0.0476,456774636701154.562500
-0.42742,0.022000000000000002,0.0516,456774636701154.562500
-0.42741,0.0196,0.0548,456774636701154.562500
-0.4274,0.0196,0.053200000000000004,456774636701154.562500
-0.42739,0.0148,0.0516,456774636701154.562500
-0.42738,0.0188,0.0548,456774636701154.562500
-0.42737,0.018000000000000002,0.055600000000000004,456774636701154.562500
-0.42735999999999996,0.0204,0.058,456774636701154.562500
-0.42735,0.0188,0.0572,456774636701154.562500
-0.42734,0.0204,0.056400000000000006,456774636701154.562500
-0.42733,0.015600000000000001,0.056400000000000006,456774636701154.562500
-0.42732,0.0188,0.0524,456774636701154.562500
-0.42730999999999997,0.018000000000000002,0.053200000000000004,456774636701154.562500
-0.4273,0.0212,0.053200000000000004,456774636701154.562500
-0.42729,0.0172,0.054,456774636701154.562500
-0.42728,0.0236,0.0468,456774636701154.562500
-0.42727,0.0228,0.0524,456774636701154.562500
-0.42726,0.0244,0.0492,456774636701154.562500
-0.42725,0.0172,0.055600000000000004,456774636701154.562500
-0.42724,0.022000000000000002,0.055600000000000004,456774636701154.562500
-0.42723,0.0172,0.055600000000000004,456774636701154.562500
-0.42722,0.0252,0.0572,456774636701154.562500
-0.42721,0.0236,0.05,456774636701154.562500
-0.4272,0.022000000000000002,0.053200000000000004,456774636701154.562500
-0.42719,0.0236,0.054,456774636701154.562500
-0.42718,0.022000000000000002,0.0492,456774636701154.562500
-0.42717,0.022000000000000002,0.042800000000000005,456774636701154.562500
-0.42716,0.0204,0.0468,456774636701154.562500
-0.42715,0.022000000000000002,0.050800000000000005,456774636701154.562500
-0.42713999999999996,0.0204,0.054,456774636701154.562500
-0.42713,0.0204,0.0524,456774636701154.562500
-0.42712,0.022000000000000002,0.056400000000000006,456774636701154.562500
-0.42711,0.0228,0.058,456774636701154.562500
-0.4271,0.022000000000000002,0.0572,456774636701154.562500
-0.42708999999999997,0.0236,0.054,456774636701154.562500
-0.42708,0.0236,0.050800000000000005,456774636701154.562500
-0.42707,0.022000000000000002,0.0444,456774636701154.562500
-0.42706,0.0228,0.0524,456774636701154.562500
-0.42705,0.0244,0.040400000000000005,456774636701154.562500
-0.42704,0.022000000000000002,0.053200000000000004,456774636701154.562500
-0.42703,0.022000000000000002,0.046,456774636701154.562500
-0.42702,0.0228,0.0548,456774636701154.562500
-0.42701,0.0252,0.0476,456774636701154.562500
-0.427,0.0228,0.054,456774636701154.562500
-0.42699,0.0244,0.053200000000000004,456774636701154.562500
-0.42698,0.0244,0.0524,456774636701154.562500
-0.42696999999999996,0.0236,0.0492,456774636701154.562500
-0.42696,0.0228,0.054,456774636701154.562500
-0.42695,0.0228,0.0468,456774636701154.562500
-0.42694,0.022000000000000002,0.0516,456774636701154.562500
-0.42693,0.026000000000000002,0.0476,456774636701154.562500
-0.42691999999999997,0.022000000000000002,0.053200000000000004,456774636701154.562500
-0.42691,0.022000000000000002,0.048400000000000006,456774636701154.562500
-0.4269,0.0196,0.056400000000000006,456774636701154.562500
-0.42689,0.0252,0.055600000000000004,456774636701154.562500
-0.42688,0.0236,0.053200000000000004,456774636701154.562500
-0.42686999999999997,0.0244,0.053200000000000004,456774636701154.562500
-0.42686,0.022000000000000002,0.0468,456774636701154.562500
-0.42685,0.0228,0.055600000000000004,456774636701154.562500
-0.42684,0.0196,0.056400000000000006,456774636701154.562500
-0.42683,0.0212,0.0548,456774636701154.562500
-0.42682,0.0228,0.05,456774636701154.562500
-0.42681,0.0212,0.0572,456774636701154.562500
-0.4268,0.0236,0.0412,456774636701154.562500
-0.42679,0.0228,0.0572,456774636701154.562500
-0.42678,0.022000000000000002,0.055600000000000004,456774636701154.562500
-0.42677,0.0236,0.056400000000000006,456774636701154.562500
-0.42676000000000003,0.022000000000000002,0.056400000000000006,456774636701154.562500
-0.42674999999999996,0.0196,0.055600000000000004,456774636701154.562500
-0.42674,0.0228,0.056400000000000006,456774636701154.562500
-0.42673,0.0244,0.056400000000000006,456774636701154.562500
-0.42672,0.0236,0.0548,456774636701154.562500
-0.42671,0.0228,0.0572,456774636701154.562500
-0.42669999999999997,0.0236,0.054,456774636701154.562500
-0.42669,0.0244,0.058,456774636701154.562500
-0.42668,0.0228,0.055600000000000004,456774636701154.562500
-0.42667,0.0228,0.054,456774636701154.562500
-0.42666,0.0236,0.054,456774636701154.562500
-0.42665,0.0244,0.0548,456774636701154.562500
-0.42664,0.0252,0.0572,456774636701154.562500
-0.42663,0.0236,0.054,456774636701154.562500
-0.42662,0.0236,0.056400000000000006,456774636701154.562500
-0.42661,0.022000000000000002,0.055600000000000004,456774636701154.562500
-0.4266,0.0228,0.054,456774636701154.562500
-0.42659,0.0236,0.0572,456774636701154.562500
-0.42658,0.0244,0.058,456774636701154.562500
-0.42657,0.0228,0.0548,456774636701154.562500
-0.42656,0.0236,0.054,456774636701154.562500
-0.42655,0.0212,0.053200000000000004,456774636701154.562500
-0.42654,0.022000000000000002,0.0572,456774636701154.562500
-0.42652999999999996,0.022000000000000002,0.0572,456774636701154.562500
-0.42652,0.0148,0.058,456774636701154.562500
-0.42651,0.0204,0.0572,456774636701154.562500
-0.4265,0.0196,0.0572,456774636701154.562500
-0.42649,0.0236,0.056400000000000006,456774636701154.562500
-0.42647999999999997,0.0204,0.0572,456774636701154.562500
-0.42647,0.0228,0.055600000000000004,456774636701154.562500
-0.42646,0.022000000000000002,0.053200000000000004,456774636701154.562500
-0.42645,0.0244,0.053200000000000004,456774636701154.562500
-0.42644,0.022000000000000002,0.058,456774636701154.562500
-0.42643,0.0228,0.058,456774636701154.562500
-0.42642,0.022000000000000002,0.0572,456774636701154.562500
-0.42641,0.0236,0.056400000000000006,456774636701154.562500
-0.4264,0.022000000000000002,0.056400000000000006,456774636701154.562500
-0.42639,0.0244,0.0524,456774636701154.562500
-0.42638,0.0244,0.058,456774636701154.562500
-0.42637,0.0236,0.0572,456774636701154.562500
-0.42635999999999996,0.0228,0.054,456774636701154.562500
-0.42635,0.0228,0.056400000000000006,456774636701154.562500
-0.42634,0.0244,0.054,456774636701154.562500
-0.42633,0.0212,0.055600000000000004,456774636701154.562500
-0.42632,0.0228,0.058,456774636701154.562500
-0.42630999999999997,0.0228,0.054,456774636701154.562500
-0.4263,0.0228,0.058,456774636701154.562500
-0.42629,0.0236,0.0524,456774636701154.562500
-0.42628,0.0228,0.058,456774636701154.562500
-0.42627,0.0236,0.0572,456774636701154.562500
-0.42626,0.0236,0.056400000000000006,456774636701154.562500
-0.42625,0.022000000000000002,0.056400000000000006,456774636701154.562500
-0.42624,0.022000000000000002,0.058,456774636701154.562500
-0.42623,0.022000000000000002,0.0572,456774636701154.562500
-0.42622,0.0188,0.055600000000000004,456774636701154.562500
-0.42621,0.0196,0.055600000000000004,456774636701154.562500
-0.4262,0.0188,0.0572,456774636701154.562500
-0.42619,0.0204,0.058,456774636701154.562500
-0.42618,0.0196,0.0572,456774636701154.562500
-0.42617,0.0212,0.058800000000000005,456774636701154.562500
-0.42616,0.0204,0.056400000000000006,456774636701154.562500
-0.42615,0.022000000000000002,0.05,456774636701154.562500
-0.42613999999999996,0.0204,0.058,456774636701154.562500
-0.42613,0.0228,0.056400000000000006,456774636701154.562500
-0.42612,0.0228,0.0572,456774636701154.562500
-0.42611,0.0236,0.056400000000000006,456774636701154.562500
-0.4261,0.0228,0.058,456774636701154.562500
-0.42608999999999997,0.0236,0.056400000000000006,456774636701154.562500
-0.42608,0.0244,0.056400000000000006,456774636701154.562500
-0.42607,0.0204,0.0572,456774636701154.562500
-0.42606,0.026000000000000002,0.0524,456774636701154.562500
-0.42605,0.0244,0.053200000000000004,456774636701154.562500
-0.42604,0.022000000000000002,0.0572,456774636701154.562500
-0.42603,0.0212,0.056400000000000006,456774636701154.562500
-0.42602,0.0244,0.056400000000000006,456774636701154.562500
-0.42601,0.0204,0.0572,456774636701154.562500
-0.426,0.0252,0.056400000000000006,456774636701154.562500
-0.42599,0.0244,0.055600000000000004,456774636701154.562500
-0.42598,0.0236,0.054,456774636701154.562500
-0.42596999999999996,0.0212,0.055600000000000004,456774636701154.562500
-0.42596,0.0228,0.045200000000000004,456774636701154.562500
-0.42595,0.0228,0.056400000000000006,456774636701154.562500
-0.42594,0.0228,0.056400000000000006,456774636701154.562500
-0.42593,0.022000000000000002,0.058800000000000005,456774636701154.562500
-0.42591999999999997,0.022000000000000002,0.0572,456774636701154.562500
-0.42591,0.022000000000000002,0.0572,456774636701154.562500
-0.4259,0.0196,0.056400000000000006,456774636701154.562500
-0.42589,0.0204,0.055600000000000004,456774636701154.562500
-0.42588,0.0212,0.0548,456774636701154.562500
-0.42586999999999997,0.022000000000000002,0.0572,456774636701154.562500
-0.42586,0.022000000000000002,0.054,456774636701154.562500
-0.42585,0.0244,0.055600000000000004,456774636701154.562500
-0.42584,0.022000000000000002,0.055600000000000004,456774636701154.562500
-0.42583,0.0212,0.055600000000000004,456774636701154.562500
-0.42582,0.0244,0.055600000000000004,456774636701154.562500
-0.42581,0.0244,0.054,456774636701154.562500
-0.4258,0.0236,0.0516,456774636701154.562500
-0.42579,0.022000000000000002,0.053200000000000004,456774636701154.562500
-0.42578,0.0228,0.055600000000000004,456774636701154.562500
-0.42577,0.0252,0.054,456774636701154.562500
-0.42576,0.026000000000000002,0.0548,456774636701154.562500
-0.42574999999999996,0.0244,0.0516,456774636701154.562500
-0.42574,0.0244,0.055600000000000004,456774636701154.562500
-0.42573,0.0252,0.038,456774636701154.562500
-0.42572,0.0252,0.048400000000000006,456774636701154.562500
-0.42571,0.0244,0.0444,456774636701154.562500
-0.42569999999999997,0.0244,0.0548,456774636701154.562500
-0.42569,0.0236,0.0492,456774636701154.562500
-0.42568,0.0244,0.056400000000000006,456774636701154.562500
-0.42567,0.0228,0.058,456774636701154.562500
-0.42566,0.0228,0.055600000000000004,456774636701154.562500
-0.42565,0.0228,0.055600000000000004,456774636701154.562500
-0.42564,0.0212,0.053200000000000004,456774636701154.562500
-0.42563,0.0236,0.055600000000000004,456774636701154.562500
-0.42562,0.0236,0.055600000000000004,456774636701154.562500
-0.42561,0.0228,0.055600000000000004,456774636701154.562500
-0.4256,0.0228,0.0524,456774636701154.562500
-0.42559,0.022000000000000002,0.058800000000000005,456774636701154.562500
-0.42558,0.0236,0.0444,456774636701154.562500
-0.42557,0.018000000000000002,0.0572,456774636701154.562500
-0.42556,0.0228,0.0516,456774636701154.562500
-0.42555,0.0236,0.056400000000000006,456774636701154.562500
-0.42554,0.022000000000000002,0.055600000000000004,456774636701154.562500
-0.42552999999999996,0.0236,0.055600000000000004,456774636701154.562500
-0.42552,0.0228,0.042800000000000005,456774636701154.562500
-0.42551,0.0228,0.055600000000000004,456774636701154.562500
-0.4255,0.0228,0.055600000000000004,456774636701154.562500
-0.42549,0.0244,0.0572,456774636701154.562500
-0.42547999999999997,0.0228,0.056400000000000006,456774636701154.562500
-0.42547,0.0188,0.0572,456774636701154.562500
-0.42546,0.0236,0.0548,456774636701154.562500
-0.42545,0.022000000000000002,0.055600000000000004,456774636701154.562500
-0.42544,0.0244,0.058,456774636701154.562500
-0.42543,0.022000000000000002,0.056400000000000006,456774636701154.562500
-0.42542,0.0236,0.054,456774636701154.562500
-0.42541,0.0244,0.056400000000000006,456774636701154.562500
-0.4254,0.0236,0.054,456774636701154.562500
-0.42539,0.022000000000000002,0.058,456774636701154.562500
-0.42538,0.0236,0.058,456774636701154.562500
-0.42537,0.0244,0.0572,456774636701154.562500
-0.42535999999999996,0.0228,0.056400000000000006,456774636701154.562500
-0.42535,0.0204,0.0524,456774636701154.562500
-0.42534,0.0228,0.0548,456774636701154.562500
-0.42533,0.0212,0.056400000000000006,456774636701154.562500
-0.42532,0.018000000000000002,0.055600000000000004,456774636701154.562500
-0.42530999999999997,0.0188,0.0572,456774636701154.562500
-0.4253,0.0204,0.053200000000000004,456774636701154.562500
-0.42529,0.018000000000000002,0.055600000000000004,456774636701154.562500
-0.42528,0.022000000000000002,0.056400000000000006,456774636701154.562500
-0.42527,0.022000000000000002,0.0572,456774636701154.562500
-0.42525999999999997,0.022000000000000002,0.0524,456774636701154.562500
-0.42525,0.0212,0.0572,456774636701154.562500
-0.42524,0.0204,0.0572,456774636701154.562500
-0.42523,0.0196,0.053200000000000004,456774636701154.562500
-0.42522,0.015600000000000001,0.0572,456774636701154.562500
-0.42521,0.0204,0.056400000000000006,456774636701154.562500
-0.4252,0.0228,0.050800000000000005,456774636701154.562500
-0.42519,0.0212,0.0572,456774636701154.562500
-0.42518,0.0228,0.046,456774636701154.562500
-0.42517,0.022000000000000002,0.0468,456774636701154.562500
-0.42516,0.0196,0.05,456774636701154.562500
-0.42515000000000003,0.0212,0.0516,456774636701154.562500
-0.42513999999999996,0.0228,0.0468,456774636701154.562500
-0.42513,0.0196,0.054,456774636701154.562500
-0.42512,0.0204,0.0492,456774636701154.562500
-0.42511,0.022000000000000002,0.053200000000000004,456774636701154.562500
-0.4251,0.0252,0.0524,456774636701154.562500
-0.42508999999999997,0.0236,0.05,456774636701154.562500
-0.42508,0.0252,0.0476,456774636701154.562500
-0.42507,0.022000000000000002,0.0516,456774636701154.562500
-0.42506,0.0228,0.0492,456774636701154.562500
-0.42505,0.0236,0.054,456774636701154.562500
-0.42504,0.0196,0.055600000000000004,456774636701154.562500
-0.42503,0.0164,0.056400000000000006,456774636701154.562500
-0.42502,0.0212,0.0572,456774636701154.562500
-0.42501,0.0212,0.053200000000000004,456774636701154.562500
-0.425,0.022000000000000002,0.056400000000000006,456774636701154.562500
-0.42499,0.0228,0.054,456774636701154.562500
-0.42498,0.022000000000000002,0.05,456774636701154.562500
-0.42497,0.0228,0.0468,456774636701154.562500
-0.42496,0.0204,0.056400000000000006,456774636701154.562500
-0.42495,0.022000000000000002,0.054,456774636701154.562500
-0.42494,0.0188,0.056400000000000006,456774636701154.562500
-0.42493,0.0164,0.0548,456774636701154.562500
-0.42491999999999996,0.0188,0.0548,456774636701154.562500
-0.42491,0.022000000000000002,0.053200000000000004,456774636701154.562500
-0.4249,0.0204,0.056400000000000006,456774636701154.562500
-0.42489,0.0244,0.0468,456774636701154.562500
-0.42488,0.0236,0.0548,456774636701154.562500
-0.42486999999999997,0.0236,0.056400000000000006,456774636701154.562500
-0.42486,0.0236,0.056400000000000006,456774636701154.562500
-0.42485,0.0252,0.055600000000000004,456774636701154.562500
-0.42484,0.0244,0.0516,456774636701154.562500
-0.42483,0.0228,0.054,456774636701154.562500
-0.42482,0.0244,0.0524,456774636701154.562500
-0.42481,0.022000000000000002,0.0492,456774636701154.562500
-0.4248,0.0244,0.0468,456774636701154.562500
-0.42479,0.0228,0.058,456774636701154.562500
-0.42478,0.0212,0.053200000000000004,456774636701154.562500
-0.42477,0.0228,0.055600000000000004,456774636701154.562500
-0.42476,0.022000000000000002,0.053200000000000004,456774636701154.562500
-0.42474999999999996,0.022000000000000002,0.056400000000000006,456774636701154.562500
-0.42474,0.0212,0.055600000000000004,456774636701154.562500
-0.42473,0.022000000000000002,0.0572,456774636701154.562500
-0.42472,0.0212,0.056400000000000006,456774636701154.562500
-0.42471,0.0228,0.055600000000000004,456774636701154.562500
-0.42469999999999997,0.0188,0.05,456774636701154.562500
-0.42469,0.0204,0.058,456774636701154.562500
-0.42468,0.0164,0.0516,456774636701154.562500
-0.42467,0.0148,0.058,456774636701154.562500
-0.42466,0.0188,0.055600000000000004,456774636701154.562500
-0.42464999999999997,0.0204,0.055600000000000004,456774636701154.562500
-0.42464,0.0212,0.055600000000000004,456774636701154.562500
-0.42463,0.0228,0.0572,456774636701154.562500
-0.42462,0.0228,0.054,456774636701154.562500
-0.42461,0.0212,0.055600000000000004,456774636701154.562500
-0.4246,0.022000000000000002,0.0572,456774636701154.562500
-0.42459,0.022000000000000002,0.0572,456774636701154.562500
-0.42458,0.022000000000000002,0.0548,456774636701154.562500
-0.42457,0.0236,0.053200000000000004,456774636701154.562500
-0.42456,0.0228,0.050800000000000005,456774636701154.562500
-0.42455,0.0236,0.0444,456774636701154.562500
-0.42454000000000003,0.0236,0.0572,456774636701154.562500
-0.42452999999999996,0.0244,0.056400000000000006,456774636701154.562500
-0.42452,0.0236,0.056400000000000006,456774636701154.562500
-0.42451,0.0244,0.055600000000000004,456774636701154.562500
-0.4245,0.0252,0.0548,456774636701154.562500
-0.42449,0.022000000000000002,0.053200000000000004,456774636701154.562500
-0.42447999999999997,0.0252,0.054,456774636701154.562500
-0.42447,0.0244,0.0548,456774636701154.562500
-0.42446,0.0236,0.0572,456774636701154.562500
-0.42445,0.0244,0.0548,456774636701154.562500
-0.42444,0.0228,0.050800000000000005,456774636701154.562500
-0.42443,0.0228,0.058,456774636701154.562500
-0.42442,0.0244,0.0572,456774636701154.562500
-0.42441,0.0228,0.056400000000000006,456774636701154.562500
-0.4244,0.0228,0.056400000000000006,456774636701154.562500
-0.42439,0.0212,0.0572,456774636701154.562500
-0.42438,0.0244,0.0572,456774636701154.562500
-0.42437,0.0228,0.0572,456774636701154.562500
-0.42435999999999996,0.0228,0.055600000000000004,456774636701154.562500
-0.42435,0.0196,0.053200000000000004,456774636701154.562500
-0.42434,0.022000000000000002,0.056400000000000006,456774636701154.562500
-0.42433,0.0228,0.054,456774636701154.562500
-0.42432,0.0244,0.055600000000000004,456774636701154.562500
-0.42430999999999996,0.022000000000000002,0.056400000000000006,456774636701154.562500
-0.4243,0.0204,0.046,456774636701154.562500
-0.42429,0.0236,0.0572,456774636701154.562500
-0.42428,0.0212,0.056400000000000006,456774636701154.562500
-0.42427,0.0188,0.056400000000000006,456774636701154.562500
-0.42425999999999997,0.0252,0.056400000000000006,456774636701154.562500
-0.42425,0.0252,0.056400000000000006,456774636701154.562500
-0.42424,0.0244,0.0572,456774636701154.562500
-0.42423,0.0236,0.054,456774636701154.562500
-0.42422,0.0236,0.0548,456774636701154.562500
-0.42421,0.0244,0.058,456774636701154.562500
-0.4242,0.0236,0.055600000000000004,456774636701154.562500
-0.42419,0.0228,0.056400000000000006,456774636701154.562500
-0.42418,0.0212,0.0548,456774636701154.562500
-0.42417,0.0236,0.056400000000000006,456774636701154.562500
-0.42416,0.0204,0.055600000000000004,456774636701154.562500
-0.42415,0.0228,0.056400000000000006,456774636701154.562500
-0.42413999999999996,0.0204,0.0572,456774636701154.562500
-0.42413,0.0228,0.053200000000000004,456774636701154.562500
-0.42412,0.018000000000000002,0.056400000000000006,456774636701154.562500
-0.42411,0.0228,0.0492,456774636701154.562500
-0.4241,0.022000000000000002,0.05,456774636701154.562500
-0.42408999999999997,0.022000000000000002,0.0436,456774636701154.562500
-0.42408,0.018000000000000002,0.0524,456774636701154.562500
-0.42407,0.022000000000000002,0.042800000000000005,456774636701154.562500
-0.42406,0.0212,0.058,456774636701154.562500
-0.42405,0.022000000000000002,0.0524,456774636701154.562500
-0.42404,0.0204,0.058,456774636701154.562500
-0.42403,0.022000000000000002,0.0548,456774636701154.562500
-0.42402,0.0228,0.058,456774636701154.562500
-0.42401,0.0228,0.0572,456774636701154.562500
-0.424,0.0212,0.056400000000000006,456774636701154.562500
-0.42399,0.0172,0.0524,456774636701154.562500
-0.42398,0.0244,0.054,456774636701154.562500
-0.42397,0.0228,0.0572,456774636701154.562500
-0.42396,0.0236,0.053200000000000004,456774636701154.562500
-0.42395,0.0252,0.058800000000000005,456774636701154.562500
-0.42394,0.0252,0.054,456774636701154.562500
-0.42393,0.0236,0.056400000000000006,456774636701154.562500
-0.42391999999999996,0.0244,0.0572,456774636701154.562500
-0.42391,0.0252,0.0572,456774636701154.562500
-0.4239,0.0252,0.054,456774636701154.562500
-0.42389,0.0228,0.056400000000000006,456774636701154.562500
-0.42388,0.026000000000000002,0.0572,456774636701154.562500
-0.42386999999999997,0.0244,0.055600000000000004,456774636701154.562500
-0.42386,0.0212,0.056400000000000006,456774636701154.562500
-0.42385,0.0244,0.056400000000000006,456774636701154.562500
-0.42384,0.0236,0.0516,456774636701154.562500
-0.42383,0.022000000000000002,0.056400000000000006,456774636701154.562500
-0.42382,0.022000000000000002,0.05,456774636701154.562500
-0.42381,0.022000000000000002,0.056400000000000006,456774636701154.562500
-0.4238,0.0236,0.0476,456774636701154.562500
-0.42379,0.0228,0.058,456774636701154.562500
-0.42378,0.0244,0.0572,456774636701154.562500
-0.42377,0.0228,0.058,456774636701154.562500
-0.42376,0.0236,0.058,456774636701154.562500
-0.42374999999999996,0.0228,0.053200000000000004,456774636701154.562500
-0.42374,0.0228,0.0572,456774636701154.562500
-0.42373,0.0228,0.055600000000000004,456774636701154.562500
-0.42372,0.0244,0.0572,456774636701154.562500
-0.42371,0.022000000000000002,0.056400000000000006,456774636701154.562500
-0.42369999999999997,0.0228,0.0572,456774636701154.562500
-0.42369,0.0236,0.056400000000000006,456774636701154.562500
-0.42368,0.0244,0.056400000000000006,456774636701154.562500
-0.42367,0.0236,0.053200000000000004,456774636701154.562500
-0.42366,0.0252,0.056400000000000006,456774636701154.562500
-0.42364999999999997,0.0228,0.056400000000000006,456774636701154.562500
-0.42364,0.0228,0.0572,456774636701154.562500
-0.42363,0.0244,0.053200000000000004,456774636701154.562500
-0.42362,0.0228,0.056400000000000006,456774636701154.562500
-0.42361,0.0244,0.055600000000000004,456774636701154.562500
-0.4236,0.0244,0.054,456774636701154.562500
-0.42359,0.0244,0.054,456774636701154.562500
-0.42358,0.026000000000000002,0.056400000000000006,456774636701154.562500
-0.42357,0.0244,0.053200000000000004,456774636701154.562500
-0.42356,0.0228,0.0548,456774636701154.562500
-0.42355,0.0236,0.0524,456774636701154.562500
-0.42354,0.0252,0.054,456774636701154.562500
-0.42352999999999996,0.0236,0.0524,456774636701154.562500
-0.42352,0.0228,0.0412,456774636701154.562500
-0.42351,0.0236,0.0524,456774636701154.562500
-0.4235,0.0236,0.0572,456774636701154.562500
-0.42349,0.022000000000000002,0.0572,456774636701154.562500
-0.42347999999999997,0.0228,0.0572,456774636701154.562500
-0.42347,0.022000000000000002,0.056400000000000006,456774636701154.562500
-0.42346,0.0228,0.0572,456774636701154.562500
-0.42345,0.0204,0.055600000000000004,456774636701154.562500
-0.42344,0.0212,0.055600000000000004,456774636701154.562500
-0.42343,0.0236,0.056400000000000006,456774636701154.562500
-0.42342,0.022000000000000002,0.054,456774636701154.562500
-0.42341,0.022000000000000002,0.055600000000000004,456774636701154.562500
-0.4234,0.0212,0.0548,456774636701154.562500
-0.42339,0.0228,0.056400000000000006,456774636701154.562500
-0.42338,0.0196,0.056400000000000006,456774636701154.562500
-0.42337,0.0196,0.058,456774636701154.562500
-0.42336,0.0228,0.056400000000000006,456774636701154.562500
-0.42335,0.0244,0.056400000000000006,456774636701154.562500
-0.42334,0.022000000000000002,0.0516,456774636701154.562500
-0.42333,0.0236,0.0548,456774636701154.562500
-0.42332,0.0196,0.056400000000000006,456774636701154.562500
-0.42330999999999996,0.0228,0.056400000000000006,456774636701154.562500
-0.4233,0.018000000000000002,0.050800000000000005,456774636701154.562500
-0.42329,0.0212,0.045200000000000004,456774636701154.562500
-0.42328,0.0228,0.0548,456774636701154.562500
-0.42327,0.0236,0.055600000000000004,456774636701154.562500
-0.42325999999999997,0.0236,0.056400000000000006,456774636701154.562500
-0.42325,0.0236,0.0548,456774636701154.562500
-0.42324,0.0236,0.056400000000000006,456774636701154.562500
-0.42323,0.0228,0.0524,456774636701154.562500
-0.42322,0.0236,0.058800000000000005,456774636701154.562500
-0.42321,0.022000000000000002,0.053200000000000004,456774636701154.562500
-0.4232,0.0244,0.054,456774636701154.562500
-0.42319,0.0228,0.05,456774636701154.562500
-0.42318,0.0236,0.058800000000000005,456774636701154.562500
-0.42317,0.0236,0.0572,456774636701154.562500
-0.42316,0.022000000000000002,0.0572,456774636701154.562500
-0.42315,0.0236,0.0572,456774636701154.562500
-0.42313999999999996,0.0236,0.0572,456774636701154.562500
-0.42313,0.022000000000000002,0.0548,456774636701154.562500
-0.42312,0.0228,0.050800000000000005,456774636701154.562500
-0.42311,0.0236,0.0468,456774636701154.562500
-0.4231,0.022000000000000002,0.046,456774636701154.562500
-0.42308999999999997,0.0212,0.0468,456774636701154.562500
-0.42308,0.0236,0.0524,456774636701154.562500
-0.42307,0.0204,0.0444,456774636701154.562500
-0.42306,0.0228,0.0516,456774636701154.562500
-0.42305,0.0196,0.0492,456774636701154.562500
-0.42303999999999997,0.0244,0.056400000000000006,456774636701154.562500
-0.42303,0.022000000000000002,0.056400000000000006,456774636701154.562500
-0.42302,0.0252,0.048400000000000006,456774636701154.562500
-0.42301,0.0228,0.058,456774636701154.562500
-0.423,0.0252,0.056400000000000006,456774636701154.562500
-0.42299,0.0252,0.0572,456774636701154.562500
-0.42298,0.0244,0.055600000000000004,456774636701154.562500
-0.42297,0.0244,0.056400000000000006,456774636701154.562500
-0.42296,0.0244,0.053200000000000004,456774636701154.562500
-0.42295,0.0228,0.0524,456774636701154.562500
-0.42294,0.0236,0.0548,456774636701154.562500
-0.42293000000000003,0.0236,0.055600000000000004,456774636701154.562500
-0.42291999999999996,0.022000000000000002,0.055600000000000004,456774636701154.562500
-0.42291,0.0236,0.055600000000000004,456774636701154.562500
-0.4229,0.022000000000000002,0.054,456774636701154.562500
-0.42289,0.0228,0.055600000000000004,456774636701154.562500
-0.42288,0.0188,0.055600000000000004,456774636701154.562500
-0.42286999999999997,0.0188,0.055600000000000004,456774636701154.562500
-0.42286,0.0204,0.056400000000000006,456774636701154.562500
-0.42285,0.0148,0.053200000000000004,456774636701154.562500
-0.42284,0.0164,0.0572,456774636701154.562500
-0.42283,0.0188,0.0572,456774636701154.562500
-0.42282,0.0212,0.058,456774636701154.562500
-0.42281,0.022000000000000002,0.0548,456774636701154.562500
-0.4228,0.0196,0.0548,456774636701154.562500
-0.42279,0.0228,0.0436,456774636701154.562500
-0.42278,0.0228,0.0444,456774636701154.562500
-0.42277,0.0236,0.0436,456774636701154.562500
-0.42276,0.022000000000000002,0.0524,456774636701154.562500
-0.42274999999999996,0.0236,0.040400000000000005,456774636701154.562500
-0.42274,0.0244,0.05,456774636701154.562500
-0.42273,0.0244,0.0436,456774636701154.562500
-0.42272,0.0244,0.0524,456774636701154.562500
-0.42271,0.022000000000000002,0.045200000000000004,456774636701154.562500
-0.42269999999999996,0.0252,0.0436,456774636701154.562500
-0.42269,0.0244,0.0492,456774636701154.562500
-0.42268,0.0228,0.050800000000000005,456774636701154.562500
-0.42267,0.0252,0.0364,456774636701154.562500
-0.42266,0.0244,0.0436,456774636701154.562500
-0.42264999999999997,0.0236,0.0396,456774636701154.562500
-0.42264,0.0244,0.0524,456774636701154.562500
-0.42263,0.0236,0.0444,456774636701154.562500
-0.42262,0.0236,0.054,456774636701154.562500
-0.42261,0.022000000000000002,0.050800000000000005,456774636701154.562500
-0.4226,0.022000000000000002,0.0572,456774636701154.562500
-0.42259,0.0236,0.055600000000000004,456774636701154.562500
-0.42258,0.022000000000000002,0.0524,456774636701154.562500
-0.42257,0.022000000000000002,0.058,456774636701154.562500
-0.42256,0.022000000000000002,0.0516,456774636701154.562500
-0.42255,0.022000000000000002,0.056400000000000006,456774636701154.562500
-0.42254,0.0196,0.0548,456774636701154.562500
-0.42252999999999996,0.0228,0.0548,456774636701154.562500
-0.42252,0.0212,0.050800000000000005,456774636701154.562500
-0.42251,0.0236,0.0572,456774636701154.562500
-0.4225,0.0212,0.0572,456774636701154.562500
-0.42249,0.0228,0.058,456774636701154.562500
-0.42247999999999997,0.022000000000000002,0.055600000000000004,456774636701154.562500
-0.42247,0.0228,0.0516,456774636701154.562500
-0.42246,0.022000000000000002,0.0572,456774636701154.562500
-0.42245,0.0204,0.0548,456774636701154.562500
-0.42244,0.0236,0.056400000000000006,456774636701154.562500
-0.42242999999999997,0.0212,0.054,456774636701154.562500
-0.42242,0.0228,0.056400000000000006,456774636701154.562500
-0.42241,0.0236,0.0572,456774636701154.562500
-0.4224,0.0236,0.056400000000000006,456774636701154.562500
-0.42239,0.0212,0.058800000000000005,456774636701154.562500
-0.42238,0.0236,0.056400000000000006,456774636701154.562500
-0.42237,0.0244,0.056400000000000006,456774636701154.562500
-0.42236,0.0244,0.054,456774636701154.562500
-0.42235,0.0212,0.055600000000000004,456774636701154.562500
-0.42234,0.0236,0.054,456774636701154.562500
-0.42233,0.0244,0.056400000000000006,456774636701154.562500
-0.42232,0.0252,0.056400000000000006,456774636701154.562500
-0.42230999999999996,0.0236,0.055600000000000004,456774636701154.562500
-0.4223,0.0228,0.0548,456774636701154.562500
-0.42229,0.022000000000000002,0.054,456774636701154.562500
-0.42228,0.0228,0.058,456774636701154.562500
-0.42227,0.0228,0.0516,456774636701154.562500
-0.42225999999999997,0.0212,0.0572,456774636701154.562500
-0.42225,0.0228,0.050800000000000005,456774636701154.562500
-0.42224,0.0212,0.056400000000000006,456774636701154.562500
-0.42223,0.0228,0.0548,456774636701154.562500
-0.42222,0.0196,0.0572,456774636701154.562500
-0.42221,0.0236,0.055600000000000004,456774636701154.562500
-0.4222,0.0212,0.055600000000000004,456774636701154.562500
-0.42219,0.0228,0.058,456774636701154.562500
-0.42218,0.022000000000000002,0.0524,456774636701154.562500
-0.42217,0.022000000000000002,0.056400000000000006,456774636701154.562500
-0.42216,0.0244,0.0524,456774636701154.562500
-0.42215,0.0236,0.050800000000000005,456774636701154.562500
-0.42213999999999996,0.0236,0.050800000000000005,456774636701154.562500
-0.42213,0.0196,0.0476,456774636701154.562500
-0.42212,0.0236,0.058,456774636701154.562500
-0.42211,0.0236,0.058,456774636701154.562500
-0.4221,0.0188,0.058,456774636701154.562500
-0.42208999999999997,0.0244,0.054,456774636701154.562500
-0.42208,0.0236,0.0524,456774636701154.562500
-0.42207,0.0244,0.0572,456774636701154.562500
-0.42206,0.022000000000000002,0.0572,456774636701154.562500
-0.42205,0.0236,0.0572,456774636701154.562500
-0.42203999999999997,0.0236,0.0572,456774636701154.562500
-0.42203,0.0212,0.056400000000000006,456774636701154.562500
-0.42202,0.022000000000000002,0.056400000000000006,456774636701154.562500
-0.42201,0.022000000000000002,0.053200000000000004,456774636701154.562500
-0.422,0.0228,0.0572,456774636701154.562500
-0.42199,0.022000000000000002,0.0524,456774636701154.562500
-0.42198,0.0236,0.055600000000000004,456774636701154.562500
-0.42197,0.0236,0.055600000000000004,456774636701154.562500
-0.42196,0.022000000000000002,0.0572,456774636701154.562500
-0.42195,0.0236,0.0436,456774636701154.562500
-0.42194,0.022000000000000002,0.0548,456774636701154.562500
-0.42193,0.0228,0.0548,456774636701154.562500
-0.42191999999999996,0.0188,0.056400000000000006,456774636701154.562500
-0.42191,0.0228,0.0572,456774636701154.562500
-0.4219,0.018000000000000002,0.058800000000000005,456774636701154.562500
-0.42189,0.022000000000000002,0.0524,456774636701154.562500
-0.42188,0.022000000000000002,0.0572,456774636701154.562500
-0.42186999999999997,0.0236,0.0548,456774636701154.562500
-0.42186,0.0204,0.058,456774636701154.562500
-0.42185,0.0228,0.048400000000000006,456774636701154.562500
-0.42184,0.0244,0.056400000000000006,456774636701154.562500
-0.42183,0.0244,0.054,456774636701154.562500
-0.42182,0.0228,0.0548,456774636701154.562500
-0.42181,0.022000000000000002,0.058,456774636701154.562500
-0.4218,0.022000000000000002,0.0524,456774636701154.562500
-0.42179,0.0212,0.055600000000000004,456774636701154.562500
-0.42178,0.0196,0.0548,456774636701154.562500
-0.42177,0.0244,0.0572,456774636701154.562500
-0.42176,0.0228,0.055600000000000004,456774636701154.562500
-0.42175,0.0236,0.054,456774636701154.562500
-0.42174,0.022000000000000002,0.055600000000000004,456774636701154.562500
-0.42173,0.0244,0.0524,456774636701154.562500
-0.42172,0.0244,0.0548,456774636701154.562500
-0.42171,0.0212,0.056400000000000006,456774636701154.562500
-0.42169999999999996,0.0212,0.055600000000000004,456774636701154.562500
-0.42169,0.0228,0.055600000000000004,456774636701154.562500
-0.42168,0.0196,0.058,456774636701154.562500
-0.42167,0.0204,0.058800000000000005,456774636701154.562500
-0.42166,0.0196,0.05,456774636701154.562500
-0.42164999999999997,0.0212,0.0516,456774636701154.562500
-0.42164,0.0196,0.0516,456774636701154.562500
-0.42163,0.0228,0.053200000000000004,456774636701154.562500
-0.42162,0.0196,0.046,456774636701154.562500
-0.42161,0.0188,0.042800000000000005,456774636701154.562500
-0.4216,0.018000000000000002,0.0476,456774636701154.562500
-0.42159,0.0212,0.0524,456774636701154.562500
-0.42158,0.018000000000000002,0.0468,456774636701154.562500
-0.42157,0.0204,0.0524,456774636701154.562500
-0.42156,0.0204,0.0548,456774636701154.562500
-0.42155,0.022000000000000002,0.056400000000000006,456774636701154.562500
-0.42154,0.022000000000000002,0.042800000000000005,456774636701154.562500
-0.42152999999999996,0.0228,0.0548,456774636701154.562500
-0.42152,0.0212,0.055600000000000004,456774636701154.562500
-0.42151,0.0228,0.0548,456774636701154.562500
-0.4215,0.0252,0.0476,456774636701154.562500
-0.42149,0.0252,0.058,456774636701154.562500
-0.42147999999999997,0.0244,0.055600000000000004,456774636701154.562500
-0.42147,0.0244,0.054,456774636701154.562500
-0.42146,0.0244,0.058,456774636701154.562500
-0.42145,0.0252,0.0516,456774636701154.562500
-0.42144,0.022000000000000002,0.058,456774636701154.562500
-0.42142999999999997,0.0228,0.056400000000000006,456774636701154.562500
-0.42142,0.0228,0.0572,456774636701154.562500
-0.42141,0.0204,0.055600000000000004,456774636701154.562500
-0.4214,0.0236,0.055600000000000004,456774636701154.562500
-0.42139,0.0228,0.055600000000000004,456774636701154.562500
-0.42138,0.0228,0.0572,456774636701154.562500
-0.42137,0.0236,0.056400000000000006,456774636701154.562500
-0.42136,0.0212,0.0572,456774636701154.562500
-0.42135,0.022000000000000002,0.0572,456774636701154.562500
-0.42134,0.0204,0.0572,456774636701154.562500
-0.42133,0.0228,0.058,456774636701154.562500
-0.42132000000000003,0.0228,0.0572,456774636701154.562500
-0.42130999999999996,0.0236,0.058,456774636701154.562500
-0.4213,0.0204,0.0548,456774636701154.562500
-0.42129,0.0212,0.056400000000000006,456774636701154.562500
-0.42128,0.0204,0.055600000000000004,456774636701154.562500
-0.42127,0.0228,0.0572,456774636701154.562500
-0.42125999999999997,0.0228,0.0548,456774636701154.562500
-0.42125,0.0228,0.0516,456774636701154.562500
-0.42124,0.0228,0.055600000000000004,456774636701154.562500
-0.42123,0.0228,0.0548,456774636701154.562500
-0.42122,0.022000000000000002,0.055600000000000004,456774636701154.562500
-0.42121,0.0228,0.056400000000000006,456774636701154.562500
-0.4212,0.0252,0.0572,456774636701154.562500
-0.42119,0.0236,0.053200000000000004,456774636701154.562500
-0.42118,0.0244,0.05,456774636701154.562500
-0.42117,0.0236,0.0444,456774636701154.562500
-0.42116,0.0244,0.0524,456774636701154.562500
-0.42115,0.0236,0.0444,456774636701154.562500
-0.42114,0.0212,0.0548,456774636701154.562500
-0.42113,0.0244,0.053200000000000004,456774636701154.562500
-0.42112,0.0252,0.056400000000000006,456774636701154.562500
-0.42111,0.0252,0.0524,456774636701154.562500
-0.4211,0.0228,0.0524,456774636701154.562500
-0.42108999999999996,0.022000000000000002,0.053200000000000004,456774636701154.562500
-0.42108,0.0212,0.0572,456774636701154.562500
-0.42107,0.0236,0.055600000000000004,456774636701154.562500
-0.42106,0.0204,0.0516,456774636701154.562500
-0.42105,0.0228,0.0444,456774636701154.562500
-0.42103999999999997,0.022000000000000002,0.0524,456774636701154.562500
-0.42103,0.0228,0.0572,456774636701154.562500
-0.42102,0.0172,0.058,456774636701154.562500
-0.42101,0.022000000000000002,0.055600000000000004,456774636701154.562500
-0.421,0.0212,0.055600000000000004,456774636701154.562500
-0.42099,0.0212,0.0572,456774636701154.562500
-0.42098,0.022000000000000002,0.0548,456774636701154.562500
-0.42097,0.022000000000000002,0.0476,456774636701154.562500
-0.42096,0.022000000000000002,0.0572,456774636701154.562500
-0.42095,0.0188,0.0516,456774636701154.562500
-0.42094,0.0228,0.0572,456774636701154.562500
-0.42093,0.0244,0.056400000000000006,456774636701154.562500
-0.42091999999999996,0.0228,0.055600000000000004,456774636701154.562500
-0.42091,0.0228,0.0476,456774636701154.562500
-0.4209,0.0212,0.0572,456774636701154.562500
-0.42089,0.026000000000000002,0.0468,456774636701154.562500
-0.42088,0.0236,0.054,456774636701154.562500
-0.42086999999999997,0.0268,0.0492,456774636701154.562500
-0.42086,0.0236,0.055600000000000004,456774636701154.562500
-0.42085,0.0236,0.054,456774636701154.562500
-0.42084,0.022000000000000002,0.0548,456774636701154.562500
-0.42083,0.0204,0.054,456774636701154.562500
-0.42081999999999997,0.0252,0.056400000000000006,456774636701154.562500
-0.42081,0.022000000000000002,0.0548,456774636701154.562500
-0.4208,0.0228,0.056400000000000006,456774636701154.562500
-0.42079,0.0244,0.056400000000000006,456774636701154.562500
-0.42078,0.022000000000000002,0.050800000000000005,456774636701154.562500
-0.42077,0.0236,0.0548,456774636701154.562500
-0.42076,0.0228,0.055600000000000004,456774636701154.562500
-0.42075,0.022000000000000002,0.0524,456774636701154.562500
-0.42074,0.022000000000000002,0.0572,456774636701154.562500
-0.42073,0.0196,0.053200000000000004,456774636701154.562500
-0.42072,0.0196,0.056400000000000006,456774636701154.562500
-0.42071,0.022000000000000002,0.056400000000000006,456774636701154.562500
-0.42069999999999996,0.0188,0.050800000000000005,456774636701154.562500
-0.42069,0.022000000000000002,0.0572,456774636701154.562500
-0.42068,0.022000000000000002,0.053200000000000004,456774636701154.562500
-0.42067,0.0228,0.0516,456774636701154.562500
-0.42066,0.0252,0.056400000000000006,456774636701154.562500
-0.42064999999999997,0.0236,0.055600000000000004,456774636701154.562500
-0.42064,0.0228,0.0572,456774636701154.562500
-0.42063,0.0212,0.055600000000000004,456774636701154.562500
-0.42062,0.0212,0.055600000000000004,456774636701154.562500
-0.42061,0.0236,0.058,456774636701154.562500
-0.4206,0.0228,0.0548,456774636701154.562500
-0.42059,0.026000000000000002,0.0516,456774636701154.562500
-0.42058,0.022000000000000002,0.058,456774636701154.562500
-0.42057,0.0236,0.0516,456774636701154.562500
-0.42056,0.0188,0.053200000000000004,456774636701154.562500
-0.42055,0.0252,0.056400000000000006,456774636701154.562500
-0.42054,0.0244,0.056400000000000006,456774636701154.562500
-0.42052999999999996,0.0244,0.054,456774636701154.562500
-0.42052,0.0228,0.0572,456774636701154.562500
-0.42051,0.0236,0.055600000000000004,456774636701154.562500
-0.4205,0.022000000000000002,0.056400000000000006,456774636701154.562500
-0.42049,0.0212,0.0548,456774636701154.562500
-0.42047999999999996,0.0228,0.056400000000000006,456774636701154.562500
-0.42047,0.0212,0.0572,456774636701154.562500
-0.42046,0.022000000000000002,0.054,456774636701154.562500
-0.42045,0.0204,0.0516,456774636701154.562500
-0.42044,0.0228,0.0524,456774636701154.562500
-0.42042999999999997,0.0204,0.0572,456774636701154.562500
-0.42042,0.0236,0.0548,456774636701154.562500
-0.42041,0.0212,0.0548,456774636701154.562500
-0.4204,0.0188,0.0468,456774636701154.562500
-0.42039,0.022000000000000002,0.055600000000000004,456774636701154.562500
-0.42038,0.0228,0.048400000000000006,456774636701154.562500
-0.42037,0.0244,0.056400000000000006,456774636701154.562500
-0.42036,0.0244,0.056400000000000006,456774636701154.562500
-0.42035,0.022000000000000002,0.050800000000000005,456774636701154.562500
-0.42034,0.0188,0.056400000000000006,456774636701154.562500
-0.42033,0.0228,0.0572,456774636701154.562500
-0.42032,0.0252,0.058,456774636701154.562500
-0.42030999999999996,0.0244,0.056400000000000006,456774636701154.562500
-0.4203,0.026000000000000002,0.0548,456774636701154.562500
-0.42029,0.0244,0.046,456774636701154.562500
-0.42028,0.0252,0.0548,456774636701154.562500
-0.42027,0.0244,0.0516,456774636701154.562500
-0.42025999999999997,0.0236,0.058,456774636701154.562500
-0.42025,0.0252,0.058,456774636701154.562500
-0.42024,0.0236,0.0524,456774636701154.562500
-0.42023,0.0236,0.0524,456774636701154.562500
-0.42022,0.0212,0.0444,456774636701154.562500
-0.42021,0.0236,0.0548,456774636701154.562500
-0.4202,0.0244,0.050800000000000005,456774636701154.562500
-0.42019,0.0228,0.056400000000000006,456774636701154.562500
-0.42018,0.0244,0.056400000000000006,456774636701154.562500
-0.42017,0.022000000000000002,0.058,456774636701154.562500
-0.42016,0.0188,0.058,456774636701154.562500
-0.42015,0.0204,0.058800000000000005,456774636701154.562500
-0.42014,0.0212,0.050800000000000005,456774636701154.562500
-0.42013,0.0164,0.056400000000000006,456774636701154.562500
-0.42012,0.0172,0.054,456774636701154.562500
-0.42011,0.0172,0.0548,456774636701154.562500
-0.4201,0.022000000000000002,0.058,456774636701154.562500
-0.42008999999999996,0.0212,0.054,456774636701154.562500
-0.42008,0.0212,0.055600000000000004,456774636701154.562500
-0.42007,0.0164,0.055600000000000004,456774636701154.562500
-0.42006,0.0212,0.0516,456774636701154.562500
-0.42005,0.0212,0.05,456774636701154.562500
-0.42003999999999997,0.0244,0.056400000000000006,456774636701154.562500
-0.42003,0.022000000000000002,0.048400000000000006,456774636701154.562500
-0.42002,0.022000000000000002,0.0524,456774636701154.562500
-0.42001,0.0244,0.055600000000000004,456774636701154.562500
-0.42,0.022000000000000002,0.056400000000000006,456774636701154.562500
-0.41999,0.0228,0.054,456774636701154.562500
-0.41998,0.0212,0.0572,456774636701154.562500
-0.41997,0.0244,0.053200000000000004,456774636701154.562500
-0.41996,0.0244,0.055600000000000004,456774636701154.562500
-0.41995,0.0244,0.0516,456774636701154.562500
-0.41994,0.0212,0.0572,456774636701154.562500
-0.41993,0.0236,0.056400000000000006,456774636701154.562500
-0.41991999999999996,0.0244,0.0572,456774636701154.562500
-0.41991,0.0236,0.0548,456774636701154.562500
-0.4199,0.0236,0.0572,456774636701154.562500
-0.41989,0.0204,0.050800000000000005,456774636701154.562500
-0.41988,0.0228,0.056400000000000006,456774636701154.562500
-0.41986999999999997,0.022000000000000002,0.0524,456774636701154.562500
-0.41986,0.0236,0.0572,456774636701154.562500
-0.41985,0.0212,0.050800000000000005,456774636701154.562500
-0.41984,0.0188,0.053200000000000004,456774636701154.562500
-0.41983,0.022000000000000002,0.0548,456774636701154.562500
-0.41981999999999997,0.014,0.0492,456774636701154.562500
-0.41981,0.0196,0.0548,456774636701154.562500
-0.4198,0.018000000000000002,0.0524,456774636701154.562500
-0.41979,0.0228,0.058800000000000005,456774636701154.562500
-0.41978,0.0212,0.0572,456774636701154.562500
-0.41977,0.0228,0.054,456774636701154.562500
-0.41976,0.0212,0.053200000000000004,456774636701154.562500
-0.41975,0.0236,0.0572,456774636701154.562500
-0.41974,0.0204,0.058,456774636701154.562500
-0.41973,0.0204,0.053200000000000004,456774636701154.562500
-0.41972,0.022000000000000002,0.0572,456774636701154.562500
-0.41971,0.0196,0.055600000000000004,456774636701154.562500
-0.41969999999999996,0.0244,0.058,456774636701154.562500
-0.41969,0.0172,0.0572,456774636701154.562500
-0.41968,0.022000000000000002,0.0548,456774636701154.562500
-0.41967,0.0236,0.0516,456774636701154.562500
-0.41966,0.0228,0.058,456774636701154.562500
-0.41964999999999997,0.0244,0.0572,456774636701154.562500
-0.41964,0.0236,0.058,456774636701154.562500
-0.41963,0.0236,0.058800000000000005,456774636701154.562500
-0.41962,0.0244,0.056400000000000006,456774636701154.562500
-0.41961,0.022000000000000002,0.058,456774636701154.562500
-0.4196,0.0236,0.0516,456774636701154.562500
-0.41959,0.0236,0.0572,456774636701154.562500
-0.41958,0.022000000000000002,0.056400000000000006,456774636701154.562500
-0.41957,0.0236,0.048400000000000006,456774636701154.562500
-0.41956,0.0212,0.050800000000000005,456774636701154.562500
-0.41955,0.0236,0.045200000000000004,456774636701154.562500
-0.41954,0.022000000000000002,0.05,456774636701154.562500
-0.41953,0.0212,0.045200000000000004,456774636701154.562500
-0.41952,0.0236,0.0436,456774636701154.562500
-0.41951,0.022000000000000002,0.040400000000000005,456774636701154.562500
-0.4195,0.0212,0.055600000000000004,456774636701154.562500
-0.41949,0.0188,0.0476,456774636701154.562500
-0.41947999999999996,0.0236,0.053200000000000004,456774636701154.562500
-0.41947,0.0204,0.0516,456774636701154.562500
-0.41946,0.0228,0.054,456774636701154.562500
-0.41945,0.0236,0.05,456774636701154.562500
-0.41944,0.0236,0.0548,456774636701154.562500
-0.41942999999999997,0.0228,0.054,456774636701154.562500
-0.41942,0.0228,0.058,456774636701154.562500
-0.41941,0.0228,0.056400000000000006,456774636701154.562500
-0.4194,0.0244,0.058,456774636701154.562500
-0.41939,0.0244,0.0524,456774636701154.562500
-0.41938,0.0228,0.055600000000000004,456774636701154.562500
-0.41937,0.0252,0.058,456774636701154.562500
-0.41936,0.0236,0.054,456774636701154.562500
-0.41935,0.0236,0.056400000000000006,456774636701154.562500
-0.41934,0.0252,0.050800000000000005,456774636701154.562500
-0.41933,0.0236,0.055600000000000004,456774636701154.562500
-0.41932,0.0244,0.055600000000000004,456774636701154.562500
-0.41930999999999996,0.0244,0.054,456774636701154.562500
-0.4193,0.0228,0.0492,456774636701154.562500
-0.41929,0.0244,0.056400000000000006,456774636701154.562500
-0.41928,0.0236,0.056400000000000006,456774636701154.562500
-0.41927,0.0252,0.0548,456774636701154.562500
-0.41925999999999997,0.0244,0.055600000000000004,456774636701154.562500
-0.41925,0.022000000000000002,0.055600000000000004,456774636701154.562500
-0.41924,0.022000000000000002,0.0572,456774636701154.562500
-0.41923,0.0196,0.0524,456774636701154.562500
-0.41922,0.0236,0.054,456774636701154.562500
-0.41920999999999997,0.0164,0.056400000000000006,456774636701154.562500
-0.4192,0.0212,0.058,456774636701154.562500
-0.41919,0.022000000000000002,0.0596,456774636701154.562500
-0.41918,0.0228,0.056400000000000006,456774636701154.562500
-0.41917,0.0212,0.0524,456774636701154.562500
-0.41916,0.0212,0.055600000000000004,456774636701154.562500
-0.41915,0.0236,0.0548,456774636701154.562500
-0.41914,0.0228,0.058,456774636701154.562500
-0.41913,0.0228,0.058,456774636701154.562500
-0.41912,0.0236,0.055600000000000004,456774636701154.562500
-0.41911,0.0244,0.05,456774636701154.562500
-0.41910000000000003,0.0244,0.055600000000000004,456774636701154.562500
-0.41908999999999996,0.0236,0.0516,456774636701154.562500
-0.41908,0.0204,0.055600000000000004,456774636701154.562500
-0.41907,0.0244,0.053200000000000004,456774636701154.562500
-0.41906,0.0212,0.054,456774636701154.562500
-0.41905,0.0252,0.056400000000000006,456774636701154.562500
-0.41903999999999997,0.0236,0.055600000000000004,456774636701154.562500
-0.41903,0.0204,0.0548,456774636701154.562500
-0.41902,0.022000000000000002,0.05,456774636701154.562500
-0.41901,0.022000000000000002,0.055600000000000004,456774636701154.562500
-0.419,0.0244,0.054,456774636701154.562500
-0.41899,0.0244,0.0468,456774636701154.562500
-0.41898,0.0236,0.054,456774636701154.562500
-0.41897,0.0204,0.056400000000000006,456774636701154.562500
-0.41896,0.0252,0.0572,456774636701154.562500
-0.41895,0.0196,0.055600000000000004,456774636701154.562500
-0.41894,0.022000000000000002,0.0572,456774636701154.562500
-0.41893,0.022000000000000002,0.053200000000000004,456774636701154.562500
-0.41891999999999996,0.022000000000000002,0.056400000000000006,456774636701154.562500
-0.41891,0.0196,0.055600000000000004,456774636701154.562500
-0.4189,0.0196,0.0516,456774636701154.562500
-0.41889,0.022000000000000002,0.056400000000000006,456774636701154.562500
-0.41888,0.018000000000000002,0.054,456774636701154.562500
-0.41886999999999996,0.0212,0.056400000000000006,456774636701154.562500
-0.41886,0.022000000000000002,0.055600000000000004,456774636701154.562500
-0.41885,0.0236,0.055600000000000004,456774636701154.562500
-0.41884,0.0164,0.055600000000000004,456774636701154.562500
-0.41883,0.0228,0.056400000000000006,456774636701154.562500
-0.41881999999999997,0.022000000000000002,0.055600000000000004,456774636701154.562500
-0.41881,0.022000000000000002,0.058,456774636701154.562500
-0.4188,0.0212,0.056400000000000006,456774636701154.562500
-0.41879,0.0236,0.0572,456774636701154.562500
-0.41878,0.0228,0.055600000000000004,456774636701154.562500
-0.41877,0.0244,0.055600000000000004,456774636701154.562500
-0.41876,0.0244,0.053200000000000004,456774636701154.562500
-0.41875,0.0228,0.05,456774636701154.562500
-0.41874,0.0236,0.055600000000000004,456774636701154.562500
-0.41873,0.0236,0.0516,456774636701154.562500
-0.41872,0.026000000000000002,0.058,456774636701154.562500
-0.41871,0.022000000000000002,0.05,456774636701154.562500
-0.41869999999999996,0.0212,0.058,456774636701154.562500
-0.41869,0.0244,0.0572,456774636701154.562500
-0.41868,0.0188,0.058,456774636701154.562500
-0.41867,0.0244,0.0524,456774636701154.562500
-0.41866,0.0204,0.055600000000000004,456774636701154.562500
-0.41864999999999997,0.0236,0.056400000000000006,456774636701154.562500
-0.41864,0.0228,0.055600000000000004,456774636701154.562500
-0.41863,0.0228,0.0524,456774636701154.562500
-0.41862,0.0244,0.0468,456774636701154.562500
-0.41861,0.0236,0.058,456774636701154.562500
-0.41859999999999997,0.022000000000000002,0.0412,456774636701154.562500
-0.41859,0.022000000000000002,0.056400000000000006,456774636701154.562500
-0.41858,0.022000000000000002,0.0572,456774636701154.562500
-0.41857,0.0204,0.056400000000000006,456774636701154.562500
-0.41856,0.022000000000000002,0.0548,456774636701154.562500
-0.41855,0.022000000000000002,0.05,456774636701154.562500
-0.41854,0.022000000000000002,0.058800000000000005,456774636701154.562500
-0.41853,0.0212,0.055600000000000004,456774636701154.562500
-0.41852,0.0212,0.054,456774636701154.562500
-0.41851,0.0244,0.056400000000000006,456774636701154.562500
-0.4185,0.0236,0.0572,456774636701154.562500
-0.41849,0.0236,0.0492,456774636701154.562500
-0.41847999999999996,0.0244,0.0572,456774636701154.562500
-0.41847,0.022000000000000002,0.0436,456774636701154.562500
-0.41846,0.0236,0.056400000000000006,456774636701154.562500
-0.41845,0.0212,0.0548,456774636701154.562500
-0.41844,0.0204,0.056400000000000006,456774636701154.562500
-0.41842999999999997,0.0244,0.048400000000000006,456774636701154.562500
-0.41842,0.022000000000000002,0.054,456774636701154.562500
-0.41841,0.0228,0.0468,456774636701154.562500
-0.4184,0.0228,0.0516,456774636701154.562500
-0.41839,0.0212,0.0412,456774636701154.562500
-0.41838,0.0244,0.0492,456774636701154.562500
-0.41837,0.0228,0.056400000000000006,456774636701154.562500
-0.41836,0.022000000000000002,0.054,456774636701154.562500
-0.41835,0.022000000000000002,0.056400000000000006,456774636701154.562500
-0.41834,0.0228,0.0548,456774636701154.562500
-0.41833,0.022000000000000002,0.0548,456774636701154.562500
-0.41832,0.0196,0.0572,456774636701154.562500
-0.41830999999999996,0.022000000000000002,0.054,456774636701154.562500
-0.4183,0.022000000000000002,0.0572,456774636701154.562500
-0.41829,0.0196,0.058,456774636701154.562500
-0.41828,0.0212,0.055600000000000004,456774636701154.562500
-0.41827,0.0164,0.0572,456774636701154.562500
-0.41825999999999997,0.0204,0.0572,456774636701154.562500
-0.41825,0.022000000000000002,0.056400000000000006,456774636701154.562500
-0.41824,0.0236,0.058,456774636701154.562500
-0.41823,0.0228,0.050800000000000005,456774636701154.562500
-0.41822,0.0236,0.0516,456774636701154.562500
-0.41820999999999997,0.0204,0.053200000000000004,456774636701154.562500
-0.4182,0.0212,0.056400000000000006,456774636701154.562500
-0.41819,0.0236,0.0516,456774636701154.562500
-0.41818,0.0244,0.056400000000000006,456774636701154.562500
-0.41817,0.0236,0.056400000000000006,456774636701154.562500
-0.41816,0.0236,0.054,456774636701154.562500
-0.41815,0.0236,0.0572,456774636701154.562500
-0.41814,0.0244,0.053200000000000004,456774636701154.562500
-0.41813,0.0236,0.058800000000000005,456774636701154.562500
-0.41812,0.0236,0.0516,456774636701154.562500
-0.41811,0.0236,0.053200000000000004,456774636701154.562500
-0.4181,0.022000000000000002,0.055600000000000004,456774636701154.562500
-0.41808999999999996,0.0212,0.053200000000000004,456774636701154.562500
-0.41808,0.0212,0.045200000000000004,456774636701154.562500
-0.41807,0.0252,0.054,456774636701154.562500
-0.41806,0.0236,0.0572,456774636701154.562500
-0.41805,0.0212,0.056400000000000006,456774636701154.562500
-0.41803999999999997,0.0236,0.055600000000000004,456774636701154.562500
-0.41803,0.0228,0.0572,456774636701154.562500
-0.41802,0.022000000000000002,0.0572,456774636701154.562500
-0.41801,0.0228,0.0572,456774636701154.562500
-0.418,0.0212,0.055600000000000004,456774636701154.562500
-0.41799,0.0236,0.0516,456774636701154.562500
-0.41798,0.0196,0.056400000000000006,456774636701154.562500
-0.41797,0.0228,0.05,456774636701154.562500
-0.41796,0.0212,0.056400000000000006,456774636701154.562500
-0.41795,0.022000000000000002,0.045200000000000004,456774636701154.562500
-0.41794,0.0204,0.056400000000000006,456774636701154.562500
-0.41793,0.0204,0.0436,456774636701154.562500
-0.41792,0.022000000000000002,0.056400000000000006,456774636701154.562500
-0.41791,0.0196,0.05,456774636701154.562500
-0.4179,0.0236,0.058800000000000005,456774636701154.562500
-0.41789,0.0196,0.0572,456774636701154.562500
-0.41788,0.0228,0.0548,456774636701154.562500
-0.41786999999999996,0.022000000000000002,0.056400000000000006,456774636701154.562500
-0.41786,0.0228,0.0572,456774636701154.562500
-0.41785,0.0236,0.055600000000000004,456774636701154.562500
-0.41784,0.0228,0.054,456774636701154.562500
-0.41783,0.0244,0.055600000000000004,456774636701154.562500
-0.41781999999999997,0.0212,0.058,456774636701154.562500
-0.41781,0.0236,0.054,456774636701154.562500
-0.4178,0.0236,0.0572,456774636701154.562500
-0.41779,0.0244,0.0516,456774636701154.562500
-0.41778,0.022000000000000002,0.0548,456774636701154.562500
-0.41777,0.0236,0.05,456774636701154.562500
-0.41776,0.0228,0.055600000000000004,456774636701154.562500
-0.41775,0.022000000000000002,0.0572,456774636701154.562500
-0.41774,0.0212,0.0572,456774636701154.562500
-0.41773,0.0228,0.0524,456774636701154.562500
-0.41772,0.0228,0.056400000000000006,456774636701154.562500
-0.41771,0.0196,0.0572,456774636701154.562500
-0.41769999999999996,0.022000000000000002,0.0572,456774636701154.562500
-0.41769,0.0204,0.056400000000000006,456774636701154.562500
-0.41768,0.0212,0.054,456774636701154.562500
-0.41767,0.022000000000000002,0.0572,456774636701154.562500
-0.41766,0.022000000000000002,0.050800000000000005,456774636701154.562500
-0.41764999999999997,0.0236,0.0548,456774636701154.562500
-0.41764,0.0212,0.0572,456774636701154.562500
-0.41763,0.0228,0.056400000000000006,456774636701154.562500
-0.41762,0.022000000000000002,0.05,456774636701154.562500
-0.41761,0.0196,0.0572,456774636701154.562500
-0.41759999999999997,0.022000000000000002,0.0572,456774636701154.562500
-0.41759,0.0204,0.0572,456774636701154.562500
-0.41758,0.0228,0.056400000000000006,456774636701154.562500
-0.41757,0.0212,0.056400000000000006,456774636701154.562500
-0.41756,0.022000000000000002,0.055600000000000004,456774636701154.562500
-0.41755,0.0212,0.058,456774636701154.562500
-0.41754,0.0228,0.0572,456774636701154.562500
-0.41753,0.026000000000000002,0.054,456774636701154.562500
-0.41752,0.0252,0.0572,456774636701154.562500
-0.41751,0.0228,0.0516,456774636701154.562500
-0.4175,0.0244,0.055600000000000004,456774636701154.562500
-0.41749,0.0244,0.0524,456774636701154.562500
-0.41747999999999996,0.0244,0.056400000000000006,456774636701154.562500
-0.41747,0.0244,0.0524,456774636701154.562500
-0.41746,0.0228,0.0548,456774636701154.562500
-0.41745,0.0236,0.0476,456774636701154.562500
-0.41744,0.022000000000000002,0.058,456774636701154.562500
-0.41742999999999997,0.0236,0.046,456774636701154.562500
-0.41742,0.0212,0.055600000000000004,456774636701154.562500
-0.41741,0.022000000000000002,0.0572,456774636701154.562500
-0.4174,0.0228,0.058,456774636701154.562500
-0.41739,0.022000000000000002,0.058,456774636701154.562500
-0.41738,0.022000000000000002,0.0524,456774636701154.562500
-0.41737,0.0212,0.0572,456774636701154.562500
-0.41736,0.022000000000000002,0.058,456774636701154.562500
-0.41735,0.022000000000000002,0.055600000000000004,456774636701154.562500
-0.41734,0.0204,0.055600000000000004,456774636701154.562500
-0.41733,0.0228,0.0572,456774636701154.562500
-0.41732,0.0196,0.055600000000000004,456774636701154.562500
-0.41730999999999996,0.0204,0.058,456774636701154.562500
-0.4173,0.0228,0.055600000000000004,456774636701154.562500
-0.41729,0.0244,0.055600000000000004,456774636701154.562500
-0.41728,0.022000000000000002,0.05,456774636701154.562500
-0.41727,0.0236,0.055600000000000004,456774636701154.562500
-0.41725999999999996,0.022000000000000002,0.0516,456774636701154.562500
-0.41725,0.0244,0.055600000000000004,456774636701154.562500
-0.41724,0.0212,0.054,456774636701154.562500
-0.41723,0.0244,0.056400000000000006,456774636701154.562500
-0.41722,0.022000000000000002,0.054,456774636701154.562500
-0.41720999999999997,0.0244,0.0572,456774636701154.562500
-0.4172,0.022000000000000002,0.0572,456774636701154.562500
-0.41719,0.015600000000000001,0.0548,456774636701154.562500
-0.41718,0.022000000000000002,0.0572,456774636701154.562500
-0.41717,0.0236,0.055600000000000004,456774636701154.562500
-0.41716,0.0236,0.058,456774636701154.562500
-0.41715,0.0236,0.058,456774636701154.562500
-0.41714,0.0236,0.0548,456774636701154.562500
-0.41713,0.0228,0.055600000000000004,456774636701154.562500
-0.41712,0.0236,0.055600000000000004,456774636701154.562500
-0.41711,0.0236,0.055600000000000004,456774636701154.562500
-0.4171,0.022000000000000002,0.0572,456774636701154.562500
-0.41708999999999996,0.022000000000000002,0.053200000000000004,456774636701154.562500
-0.41708,0.0188,0.0572,456774636701154.562500
-0.41707,0.0164,0.048400000000000006,456774636701154.562500
-0.41706,0.0236,0.053200000000000004,456774636701154.562500
-0.41705,0.0172,0.0524,456774636701154.562500
-0.41703999999999997,0.022000000000000002,0.056400000000000006,456774636701154.562500
-0.41703,0.018000000000000002,0.058,456774636701154.562500
-0.41702,0.0212,0.058,456774636701154.562500
-0.41701,0.015600000000000001,0.055600000000000004,456774636701154.562500
-0.417,0.0228,0.058,456774636701154.562500
-0.41698999999999997,0.0212,0.055600000000000004,456774636701154.562500
-0.41698,0.0212,0.054,456774636701154.562500
-0.41697,0.0196,0.0492,456774636701154.562500
-0.41696,0.0212,0.0572,456774636701154.562500
-0.41695,0.015600000000000001,0.055600000000000004,456774636701154.562500
-0.41694,0.0244,0.0572,456774636701154.562500
-0.41693,0.0204,0.055600000000000004,456774636701154.562500
-0.41692,0.022000000000000002,0.050800000000000005,456774636701154.562500
-0.41691,0.022000000000000002,0.056400000000000006,456774636701154.562500
-0.4169,0.0244,0.0516,456774636701154.562500
-0.41689,0.0212,0.054,456774636701154.562500
-0.41688,0.015600000000000001,0.055600000000000004,456774636701154.562500
-0.41686999999999996,0.0228,0.055600000000000004,456774636701154.562500
-0.41686,0.022000000000000002,0.058,456774636701154.562500
-0.41685,0.0236,0.058,456774636701154.562500
-0.41684,0.022000000000000002,0.055600000000000004,456774636701154.562500
-0.41683,0.0236,0.0572,456774636701154.562500
-0.41681999999999997,0.0228,0.054,456774636701154.562500
-0.41681,0.0196,0.055600000000000004,456774636701154.562500
-0.4168,0.0212,0.0492,456774636701154.562500
-0.41679,0.0228,0.054,456774636701154.562500
-0.41678,0.022000000000000002,0.0524,456774636701154.562500
-0.41677,0.0164,0.0492,456774636701154.562500
-0.41676,0.0236,0.058,456774636701154.562500
-0.41675,0.0188,0.0524,456774636701154.562500
-0.41674,0.0212,0.05,456774636701154.562500
-0.41673,0.0228,0.0548,456774636701154.562500
-0.41672,0.0212,0.0572,456774636701154.562500
-0.41671,0.0204,0.056400000000000006,456774636701154.562500
-0.41669999999999996,0.022000000000000002,0.058800000000000005,456774636701154.562500
-0.41669,0.0212,0.054,456774636701154.562500
-0.41668,0.022000000000000002,0.0572,456774636701154.562500
-0.41667,0.0228,0.054,456774636701154.562500
-0.41666,0.022000000000000002,0.0572,456774636701154.562500
-0.41664999999999996,0.0212,0.054,456774636701154.562500
-0.41664,0.0244,0.054,456774636701154.562500
-0.41663,0.0252,0.0572,456774636701154.562500
-0.41662,0.0236,0.056400000000000006,456774636701154.562500
-0.41661,0.0244,0.055600000000000004,456774636701154.562500
-0.41659999999999997,0.0244,0.0516,456774636701154.562500
-0.41659,0.0244,0.0524,456774636701154.562500
-0.41658,0.0244,0.050800000000000005,456774636701154.562500
-0.41657,0.0236,0.054,456774636701154.562500
-0.41656,0.0244,0.056400000000000006,456774636701154.562500
-0.41655,0.022000000000000002,0.054,456774636701154.562500
-0.41654,0.0188,0.058800000000000005,456774636701154.562500
-0.41653,0.0228,0.0516,456774636701154.562500
-0.41652,0.0196,0.055600000000000004,456774636701154.562500
-0.41651,0.0252,0.055600000000000004,456774636701154.562500
-0.4165,0.0228,0.055600000000000004,456774636701154.562500
-0.41649,0.0212,0.053200000000000004,456774636701154.562500
-0.41647999999999996,0.022000000000000002,0.056400000000000006,456774636701154.562500
-0.41647,0.0228,0.0476,456774636701154.562500
-0.41646,0.022000000000000002,0.05,456774636701154.562500
-0.41645,0.022000000000000002,0.0548,456774636701154.562500
-0.41644,0.0204,0.054,456774636701154.562500
-0.41642999999999997,0.0244,0.055600000000000004,456774636701154.562500
-0.41642,0.022000000000000002,0.054,456774636701154.562500
-0.41641,0.022000000000000002,0.058,456774636701154.562500
-0.4164,0.0196,0.054,456774636701154.562500
-0.41639,0.0236,0.056400000000000006,456774636701154.562500
-0.41638,0.022000000000000002,0.0516,456774636701154.562500
-0.41637,0.022000000000000002,0.0572,456774636701154.562500
-0.41636,0.022000000000000002,0.05,456774636701154.562500
-0.41635,0.0196,0.054,456774636701154.562500
-0.41634,0.0236,0.0516,456774636701154.562500
-0.41633,0.0212,0.056400000000000006,456774636701154.562500
-0.41632,0.022000000000000002,0.055600000000000004,456774636701154.562500
-0.41631,0.0244,0.05,456774636701154.562500
-0.4163,0.0244,0.056400000000000006,456774636701154.562500
-0.41629,0.0228,0.050800000000000005,456774636701154.562500
-0.41628,0.0252,0.0516,456774636701154.562500
-0.41627,0.0252,0.055600000000000004,456774636701154.562500
-0.41625999999999996,0.0236,0.0524,456774636701154.562500
-0.41625,0.0244,0.054,456774636701154.562500
-0.41624,0.0236,0.0468,456774636701154.562500
-0.41623,0.022000000000000002,0.058,456774636701154.562500
-0.41622,0.0228,0.0548,456774636701154.562500
-0.41620999999999997,0.0204,0.055600000000000004,456774636701154.562500
-0.4162,0.0244,0.0548,456774636701154.562500
-0.41619,0.0228,0.0572,456774636701154.562500
-0.41618,0.0196,0.054,456774636701154.562500
-0.41617,0.0228,0.0572,456774636701154.562500
-0.41616,0.018000000000000002,0.055600000000000004,456774636701154.562500
-0.41615,0.0204,0.0572,456774636701154.562500
-0.41614,0.01,0.055600000000000004,456774636701154.562500
-0.41613,0.0204,0.0548,456774636701154.562500
-0.41612,0.0204,0.0524,456774636701154.562500
-0.41611,0.0236,0.054,456774636701154.562500
-0.4161,0.0228,0.055600000000000004,456774636701154.562500
-0.41608999999999996,0.0196,0.055600000000000004,456774636701154.562500
-0.41608,0.0244,0.0572,456774636701154.562500
-0.41607,0.0204,0.0524,456774636701154.562500
-0.41606,0.0236,0.053200000000000004,456774636701154.562500
-0.41605,0.022000000000000002,0.054,456774636701154.562500
-0.41603999999999997,0.0228,0.053200000000000004,456774636701154.562500
-0.41603,0.0204,0.0436,456774636701154.562500
-0.41602,0.022000000000000002,0.0548,456774636701154.562500
-0.41601,0.022000000000000002,0.053200000000000004,456774636701154.562500
-0.416,0.0228,0.0572,456774636701154.562500
-0.41598999999999997,0.0244,0.056400000000000006,456774636701154.562500
-0.41598,0.0212,0.054,456774636701154.562500
-0.41597,0.0244,0.058,456774636701154.562500
-0.41596,0.0252,0.045200000000000004,456774636701154.562500
-0.41595,0.0244,0.0572,456774636701154.562500
-0.41594,0.0228,0.0572,456774636701154.562500
-0.41593,0.0236,0.0572,456774636701154.562500
-0.41592,0.0228,0.053200000000000004,456774636701154.562500
-0.41591,0.0244,0.0572,456774636701154.562500
-0.4159,0.0212,0.058,456774636701154.562500
-0.41589,0.0228,0.055600000000000004,456774636701154.562500
-0.41588,0.0196,0.05,456774636701154.562500
-0.41586999999999996,0.0236,0.0524,456774636701154.562500
-0.41586,0.022000000000000002,0.0572,456774636701154.562500
-0.41585,0.022000000000000002,0.0548,456774636701154.562500
-0.41584,0.022000000000000002,0.0572,456774636701154.562500
-0.41583,0.0228,0.0572,456774636701154.562500
-0.41581999999999997,0.0236,0.056400000000000006,456774636701154.562500
-0.41581,0.022000000000000002,0.056400000000000006,456774636701154.562500
-0.4158,0.0196,0.0572,456774636701154.562500
-0.41579,0.018000000000000002,0.0468,456774636701154.562500
-0.41578,0.0236,0.056400000000000006,456774636701154.562500
-0.41577,0.0228,0.050800000000000005,456774636701154.562500
-0.41576,0.0212,0.055600000000000004,456774636701154.562500
-0.41575,0.0244,0.050800000000000005,456774636701154.562500
-0.41574,0.0236,0.0572,456774636701154.562500
-0.41573,0.0244,0.0516,456774636701154.562500
-0.41572,0.0236,0.0572,456774636701154.562500
-0.41571,0.0244,0.0476,456774636701154.562500
-0.41569999999999996,0.0228,0.055600000000000004,456774636701154.562500
-0.41569,0.0236,0.0548,456774636701154.562500
-0.41568,0.022000000000000002,0.054,456774636701154.562500
-0.41567,0.0244,0.0572,456774636701154.562500
-0.41566,0.0252,0.058,456774636701154.562500
-0.41564999999999996,0.0204,0.054,456774636701154.562500
-0.41564,0.0236,0.0524,456774636701154.562500
-0.41563,0.0236,0.048400000000000006,456774636701154.562500
-0.41562,0.022000000000000002,0.055600000000000004,456774636701154.562500
-0.41561,0.022000000000000002,0.0524,456774636701154.562500
-0.41559999999999997,0.0228,0.056400000000000006,456774636701154.562500
-0.41559,0.0228,0.054,456774636701154.562500
-0.41558,0.0172,0.0572,456774636701154.562500
-0.41557,0.0228,0.056400000000000006,456774636701154.562500
-0.41556,0.022000000000000002,0.058,456774636701154.562500
-0.41555,0.0228,0.056400000000000006,456774636701154.562500
-0.41554,0.0148,0.056400000000000006,456774636701154.562500
-0.41553,0.018000000000000002,0.0572,456774636701154.562500
-0.41552,0.0172,0.045200000000000004,456774636701154.562500
-0.41551,0.0228,0.056400000000000006,456774636701154.562500
-0.4155,0.0212,0.0524,456774636701154.562500
-0.41549,0.0204,0.053200000000000004,456774636701154.562500
-0.41547999999999996,0.0236,0.0468,456774636701154.562500
-0.41547,0.022000000000000002,0.0476,456774636701154.562500
-0.41546,0.0236,0.058,456774636701154.562500
-0.41545,0.0228,0.058,456774636701154.562500
-0.41544,0.0212,0.056400000000000006,456774636701154.562500
-0.41542999999999997,0.0204,0.0548,456774636701154.562500
-0.41542,0.022000000000000002,0.045200000000000004,456774636701154.562500
-0.41541,0.0172,0.0524,456774636701154.562500
-0.4154,0.026000000000000002,0.0572,456774636701154.562500
-0.41539,0.0244,0.055600000000000004,456774636701154.562500
-0.41537999999999997,0.0244,0.05,456774636701154.562500
-0.41537,0.0252,0.054,456774636701154.562500
-0.41536,0.0252,0.0572,456774636701154.562500
-0.41535,0.0252,0.055600000000000004,456774636701154.562500
-0.41534,0.022000000000000002,0.0548,456774636701154.562500
-0.41533,0.0244,0.055600000000000004,456774636701154.562500
-0.41532,0.0236,0.0572,456774636701154.562500
-0.41531,0.022000000000000002,0.058,456774636701154.562500
-0.4153,0.0236,0.054,456774636701154.562500
-0.41529,0.0236,0.0572,456774636701154.562500
-0.41528,0.022000000000000002,0.0548,456774636701154.562500
-0.41527,0.0228,0.0524,456774636701154.562500
-0.41525999999999996,0.0228,0.0476,456774636701154.562500
-0.41525,0.0236,0.053200000000000004,456774636701154.562500
-0.41524,0.0228,0.045200000000000004,456774636701154.562500
-0.41523,0.0228,0.0572,456774636701154.562500
-0.41522,0.022000000000000002,0.055600000000000004,456774636701154.562500
-0.41520999999999997,0.0228,0.056400000000000006,456774636701154.562500
-0.4152,0.0196,0.0548,456774636701154.562500
-0.41519,0.0228,0.0548,456774636701154.562500
-0.41518,0.022000000000000002,0.056400000000000006,456774636701154.562500
-0.41517,0.022000000000000002,0.054,456774636701154.562500
-0.41516,0.0228,0.0524,456774636701154.562500
-0.41515,0.0228,0.0516,456774636701154.562500
-0.41514,0.0196,0.0468,456774636701154.562500
-0.41513,0.0252,0.0468,456774636701154.562500
-0.41512,0.0212,0.055600000000000004,456774636701154.562500
-0.41511,0.0252,0.0492,456774636701154.562500
-0.4151,0.022000000000000002,0.0524,456774636701154.562500
-0.41508999999999996,0.0244,0.054,456774636701154.562500
-0.41508,0.0204,0.0516,456774636701154.562500
-0.41507,0.0236,0.053200000000000004,456774636701154.562500
-0.41506,0.0196,0.055600000000000004,456774636701154.562500
-0.41505,0.0228,0.053200000000000004,456774636701154.562500
-0.41503999999999996,0.018000000000000002,0.0572,456774636701154.562500
-0.41503,0.0228,0.045200000000000004,456774636701154.562500
-0.41502,0.018000000000000002,0.056400000000000006,456774636701154.562500
-0.41501,0.0244,0.05,456774636701154.562500
-0.415,0.0236,0.055600000000000004,456774636701154.562500
-0.41498999999999997,0.0236,0.055600000000000004,456774636701154.562500
-0.41498,0.022000000000000002,0.054,456774636701154.562500
-0.41497,0.0196,0.056400000000000006,456774636701154.562500
-0.41496,0.0196,0.056400000000000006,456774636701154.562500
-0.41495,0.022000000000000002,0.0548,456774636701154.562500
-0.41494,0.0212,0.0548,456774636701154.562500
-0.41493,0.0204,0.0572,456774636701154.562500
-0.41492,0.0212,0.0524,456774636701154.562500
-0.41491,0.0204,0.053200000000000004,456774636701154.562500
-0.4149,0.0188,0.055600000000000004,456774636701154.562500
-0.41489,0.0236,0.0476,456774636701154.562500
-0.41488,0.0188,0.058,456774636701154.562500
-0.41486999999999996,0.0228,0.0548,456774636701154.562500
-0.41486,0.0196,0.055600000000000004,456774636701154.562500
-0.41485,0.0228,0.0572,456774636701154.562500
-0.41484,0.0228,0.0548,456774636701154.562500
-0.41483,0.0244,0.056400000000000006,456774636701154.562500
-0.41481999999999997,0.0236,0.056400000000000006,456774636701154.562500
-0.41481,0.0236,0.0548,456774636701154.562500
-0.4148,0.0236,0.0572,456774636701154.562500
-0.41479,0.0244,0.055600000000000004,456774636701154.562500
-0.41478,0.022000000000000002,0.0572,456774636701154.562500
-0.41476999999999997,0.0252,0.0572,456774636701154.562500
-0.41476,0.0244,0.0468,456774636701154.562500
-0.41475,0.0212,0.054,456774636701154.562500
-0.41474,0.0228,0.0548,456774636701154.562500
-0.41473,0.0204,0.0468,456774636701154.562500
-0.41472,0.022000000000000002,0.056400000000000006,456774636701154.562500
-0.41471,0.0252,0.046,456774636701154.562500
-0.4147,0.0228,0.056400000000000006,456774636701154.562500
-0.41469,0.0236,0.0468,456774636701154.562500
-0.41468,0.0212,0.0572,456774636701154.562500
-0.41467,0.0228,0.056400000000000006,456774636701154.562500
-0.41466,0.0236,0.0548,456774636701154.562500
-0.41464999999999996,0.0212,0.0572,456774636701154.562500
-0.41464,0.0196,0.055600000000000004,456774636701154.562500
-0.41463,0.0212,0.0524,456774636701154.562500
-0.41462,0.0204,0.0572,456774636701154.562500
-0.41461,0.0228,0.058,456774636701154.562500
-0.41459999999999997,0.022000000000000002,0.054,456774636701154.562500
-0.41459,0.022000000000000002,0.054,456774636701154.562500
-0.41458,0.022000000000000002,0.0476,456774636701154.562500
-0.41457,0.0228,0.0548,456774636701154.562500
-0.41456,0.0228,0.050800000000000005,456774636701154.562500
-0.41455,0.022000000000000002,0.054,456774636701154.562500
-0.41454,0.0236,0.0492,456774636701154.562500
-0.41453,0.022000000000000002,0.0524,456774636701154.562500
-0.41452,0.0228,0.0468,456774636701154.562500
-0.41451,0.0212,0.056400000000000006,456774636701154.562500
-0.4145,0.0236,0.050800000000000005,456774636701154.562500
-0.41449,0.0244,0.054,456774636701154.562500
-0.41447999999999996,0.0244,0.058,456774636701154.562500
-0.41447,0.0236,0.0524,456774636701154.562500
-0.41446,0.0228,0.056400000000000006,456774636701154.562500
-0.41445,0.0236,0.055600000000000004,456774636701154.562500
-0.41444,0.022000000000000002,0.0572,456774636701154.562500
-0.41442999999999997,0.0228,0.0516,456774636701154.562500
-0.41442,0.0236,0.055600000000000004,456774636701154.562500
-0.41441,0.0212,0.05,456774636701154.562500
-0.4144,0.0196,0.0516,456774636701154.562500
-0.41439,0.012400000000000001,0.055600000000000004,456774636701154.562500
-0.41437999999999997,0.0196,0.0548,456774636701154.562500
-0.41437,0.015600000000000001,0.0524,456774636701154.562500
-0.41436,0.0228,0.0548,456774636701154.562500
-0.41435,0.0236,0.055600000000000004,456774636701154.562500
-0.41434,0.0212,0.056400000000000006,456774636701154.562500
-0.41433,0.022000000000000002,0.054,456774636701154.562500
-0.41432,0.0212,0.0572,456774636701154.562500
-0.41431,0.022000000000000002,0.0548,456774636701154.562500
-0.4143,0.0196,0.055600000000000004,456774636701154.562500
-0.41429,0.0236,0.056400000000000006,456774636701154.562500
-0.41428,0.022000000000000002,0.056400000000000006,456774636701154.562500
-0.41427,0.0228,0.055600000000000004,456774636701154.562500
-0.41425999999999996,0.0244,0.0548,456774636701154.562500
-0.41425,0.0228,0.0572,456774636701154.562500
-0.41424,0.0212,0.0516,456774636701154.562500
-0.41423,0.0244,0.056400000000000006,456774636701154.562500
-0.41422,0.0212,0.0548,456774636701154.562500
-0.41420999999999997,0.0244,0.0548,456774636701154.562500
-0.4142,0.0228,0.058,456774636701154.562500
-0.41419,0.0252,0.0572,456774636701154.562500
-0.41418,0.022000000000000002,0.056400000000000006,456774636701154.562500
-0.41417,0.0244,0.0548,456774636701154.562500
-0.41416,0.0236,0.0596,456774636701154.562500
-0.41415,0.0228,0.058800000000000005,456774636701154.562500
-0.41414,0.0252,0.058,456774636701154.562500
-0.41413,0.0212,0.0572,456774636701154.562500
-0.41412,0.022000000000000002,0.056400000000000006,456774636701154.562500
-0.41411,0.0236,0.0548,456774636701154.562500
-0.4141,0.0244,0.0572,456774636701154.562500
-0.41409,0.0244,0.055600000000000004,456774636701154.562500
-0.41408,0.022000000000000002,0.058,456774636701154.562500
-0.41407,0.0236,0.056400000000000006,456774636701154.562500
-0.41406,0.0228,0.055600000000000004,456774636701154.562500
-0.41405,0.0236,0.0572,456774636701154.562500
-0.41403999999999996,0.022000000000000002,0.056400000000000006,456774636701154.562500
-0.41403,0.0164,0.0548,456774636701154.562500
-0.41402,0.022000000000000002,0.055600000000000004,456774636701154.562500
-0.41401,0.0236,0.054,456774636701154.562500
-0.414,0.022000000000000002,0.058,456774636701154.562500
-0.41398999999999997,0.0228,0.0572,456774636701154.562500
-0.41398,0.0196,0.056400000000000006,456774636701154.562500
-0.41397,0.0236,0.05,456774636701154.562500
-0.41396,0.0196,0.055600000000000004,456774636701154.562500
-0.41395,0.0236,0.0548,456774636701154.562500
-0.41394,0.0228,0.053200000000000004,456774636701154.562500
-0.41393,0.0204,0.0548,456774636701154.562500
-0.41392,0.0244,0.056400000000000006,456774636701154.562500
-0.41391,0.0204,0.048400000000000006,456774636701154.562500
-0.4139,0.022000000000000002,0.0572,456774636701154.562500
-0.41389,0.0196,0.055600000000000004,456774636701154.562500
-0.41388,0.0236,0.0572,456774636701154.562500
-0.41386999999999996,0.0236,0.0548,456774636701154.562500
-0.41386,0.026000000000000002,0.056400000000000006,456774636701154.562500
-0.41385,0.026000000000000002,0.055600000000000004,456774636701154.562500
-0.41384,0.0236,0.054,456774636701154.562500
-0.41383,0.0268,0.054,456774636701154.562500
-0.41381999999999997,0.0236,0.056400000000000006,456774636701154.562500
-0.41381,0.0228,0.055600000000000004,456774636701154.562500
-0.4138,0.0244,0.054,456774636701154.562500
-0.41379,0.0236,0.0492,456774636701154.562500
-0.41378,0.0244,0.0548,456774636701154.562500
-0.41376999999999997,0.0236,0.0492,456774636701154.562500
-0.41376,0.0228,0.0572,456774636701154.562500
-0.41375,0.0204,0.050800000000000005,456774636701154.562500
-0.41374,0.0228,0.056400000000000006,456774636701154.562500
-0.41373,0.022000000000000002,0.056400000000000006,456774636701154.562500
-0.41372,0.0236,0.058,456774636701154.562500
-0.41371,0.022000000000000002,0.0572,456774636701154.562500
-0.4137,0.0204,0.0572,456774636701154.562500
-0.41369,0.0228,0.055600000000000004,456774636701154.562500
-0.41368,0.0196,0.054,456774636701154.562500
-0.41367,0.022000000000000002,0.0548,456774636701154.562500
-0.41365999999999997,0.018000000000000002,0.055600000000000004,456774636701154.562500
-0.41364999999999996,0.0204,0.055600000000000004,456774636701154.562500
-0.41364,0.022000000000000002,0.045200000000000004,456774636701154.562500
-0.41363,0.0244,0.0572,456774636701154.562500
-0.41362,0.0228,0.050800000000000005,456774636701154.562500
-0.41361,0.0236,0.056400000000000006,456774636701154.562500
-0.41359999999999997,0.0236,0.058,456774636701154.562500
-0.41359,0.0236,0.056400000000000006,456774636701154.562500
-0.41358,0.0236,0.056400000000000006,456774636701154.562500
-0.41357,0.0236,0.0572,456774636701154.562500
-0.41356,0.0252,0.058,456774636701154.562500
-0.41355,0.0236,0.056400000000000006,456774636701154.562500
-0.41354,0.0252,0.058,456774636701154.562500
-0.41353,0.0212,0.056400000000000006,456774636701154.562500
-0.41352,0.0244,0.05,456774636701154.562500
-0.41351,0.0236,0.0516,456774636701154.562500
-0.4135,0.0244,0.0548,456774636701154.562500
-0.41349,0.018000000000000002,0.0572,456774636701154.562500
-0.41347999999999996,0.022000000000000002,0.054,456774636701154.562500
-0.41347,0.018000000000000002,0.0516,456774636701154.562500
-0.41346,0.0252,0.05,456774636701154.562500
-0.41345,0.0196,0.056400000000000006,456774636701154.562500
-0.41344,0.0236,0.054,456774636701154.562500
-0.41342999999999996,0.022000000000000002,0.053200000000000004,456774636701154.562500
-0.41342,0.0236,0.058,456774636701154.562500
-0.41341,0.022000000000000002,0.050800000000000005,456774636701154.562500
-0.4134,0.022000000000000002,0.058,456774636701154.562500
-0.41339,0.022000000000000002,0.054,456774636701154.562500
-0.41337999999999997,0.022000000000000002,0.054,456774636701154.562500
-0.41337,0.0196,0.0548,456774636701154.562500
-0.41336,0.022000000000000002,0.058,456774636701154.562500
-0.41335,0.0212,0.055600000000000004,456774636701154.562500
-0.41334,0.0212,0.055600000000000004,456774636701154.562500
-0.41333,0.022000000000000002,0.055600000000000004,456774636701154.562500
-0.41332,0.0204,0.054,456774636701154.562500
-0.41331,0.0236,0.056400000000000006,456774636701154.562500
-0.4133,0.0204,0.0548,456774636701154.562500
-0.41329,0.0236,0.055600000000000004,456774636701154.562500
-0.41328,0.0188,0.056400000000000006,456774636701154.562500
-0.41327,0.0236,0.055600000000000004,456774636701154.562500
-0.41325999999999996,0.022000000000000002,0.050800000000000005,456774636701154.562500
-0.41325,0.0236,0.058800000000000005,456774636701154.562500
-0.41324,0.0228,0.0548,456774636701154.562500
-0.41323,0.026000000000000002,0.0572,456774636701154.562500
-0.41322,0.0236,0.0572,456774636701154.562500
-0.41320999999999997,0.022000000000000002,0.058,456774636701154.562500
-0.4132,0.0244,0.0572,456774636701154.562500
-0.41319,0.0212,0.0548,456774636701154.562500
-0.41318,0.0204,0.058800000000000005,456774636701154.562500
-0.41317,0.0228,0.0596,456774636701154.562500
-0.41315999999999997,0.0236,0.0516,456774636701154.562500
-0.41315,0.0228,0.058,456774636701154.562500
-0.41314,0.0188,0.0476,456774636701154.562500
-0.41313,0.022000000000000002,0.055600000000000004,456774636701154.562500
-0.41312,0.0236,0.055600000000000004,456774636701154.562500
-0.41311,0.022000000000000002,0.054,456774636701154.562500
-0.4131,0.0236,0.0548,456774636701154.562500
-0.41309,0.0228,0.0548,456774636701154.562500
-0.41308,0.0228,0.0516,456774636701154.562500
-0.41307,0.0236,0.058,456774636701154.562500
-0.41306,0.0212,0.055600000000000004,456774636701154.562500
-0.41305,0.0236,0.0572,456774636701154.562500
-0.41303999999999996,0.0228,0.0548,456774636701154.562500
-0.41303,0.0228,0.053200000000000004,456774636701154.562500
-0.41302,0.0228,0.055600000000000004,456774636701154.562500
-0.41301,0.022000000000000002,0.0548,456774636701154.562500
-0.413,0.0244,0.058,456774636701154.562500
-0.41298999999999997,0.022000000000000002,0.0492,456774636701154.562500
-0.41298,0.0244,0.058800000000000005,456774636701154.562500
-0.41297,0.0204,0.0492,456774636701154.562500
-0.41296,0.0236,0.056400000000000006,456774636701154.562500
-0.41295,0.0244,0.046,456774636701154.562500
-0.41294,0.0236,0.055600000000000004,456774636701154.562500
-0.41293,0.0244,0.042800000000000005,456774636701154.562500
-0.41292,0.0252,0.0572,456774636701154.562500
-0.41291,0.0244,0.0492,456774636701154.562500
-0.4129,0.0204,0.055600000000000004,456774636701154.562500
-0.41289,0.022000000000000002,0.0492,456774636701154.562500
-0.41288,0.0212,0.058,456774636701154.562500
-0.41286999999999996,0.0228,0.0516,456774636701154.562500
-0.41286,0.0228,0.0468,456774636701154.562500
-0.41285,0.0236,0.0572,456774636701154.562500
-0.41284,0.0228,0.054,456774636701154.562500
-0.41283,0.0212,0.055600000000000004,456774636701154.562500
-0.41281999999999996,0.0228,0.05,456774636701154.562500
-0.41281,0.0204,0.053200000000000004,456774636701154.562500
-0.4128,0.0228,0.056400000000000006,456774636701154.562500
-0.41279,0.0212,0.0572,456774636701154.562500
-0.41278,0.0196,0.0572,456774636701154.562500
-0.41276999999999997,0.0236,0.0548,456774636701154.562500
-0.41276,0.022000000000000002,0.058,456774636701154.562500
-0.41275,0.0228,0.05,456774636701154.562500
-0.41274,0.0228,0.0572,456774636701154.562500
-0.41273,0.0228,0.0516,456774636701154.562500
-0.41272,0.0244,0.058,456774636701154.562500
-0.41271,0.0236,0.0572,456774636701154.562500
-0.4127,0.0236,0.05,456774636701154.562500
-0.41269,0.0236,0.058,456774636701154.562500
-0.41268,0.0244,0.0516,456774636701154.562500
-0.41267,0.0228,0.055600000000000004,456774636701154.562500
-0.41266,0.0244,0.056400000000000006,456774636701154.562500
-0.41264999999999996,0.0244,0.0548,456774636701154.562500
-0.41264,0.0244,0.056400000000000006,456774636701154.562500
-0.41263,0.022000000000000002,0.05,456774636701154.562500
-0.41262,0.0236,0.055600000000000004,456774636701154.562500
-0.41261,0.0196,0.056400000000000006,456774636701154.562500
-0.41259999999999997,0.0236,0.055600000000000004,456774636701154.562500
-0.41259,0.0212,0.0572,456774636701154.562500
-0.41258,0.0244,0.045200000000000004,456774636701154.562500
-0.41257,0.0228,0.054,456774636701154.562500
-0.41256,0.0204,0.05,456774636701154.562500
-0.41255,0.0236,0.0572,456774636701154.562500
-0.41254,0.022000000000000002,0.0524,456774636701154.562500
-0.41253,0.0236,0.058800000000000005,456774636701154.562500
-0.41252,0.0236,0.055600000000000004,456774636701154.562500
-0.41251,0.0228,0.0572,456774636701154.562500
-0.4125,0.0236,0.058,456774636701154.562500
-0.41249,0.022000000000000002,0.0572,456774636701154.562500
-0.41248,0.0212,0.056400000000000006,456774636701154.562500
-0.41247,0.0236,0.053200000000000004,456774636701154.562500
-0.41246,0.0228,0.058,456774636701154.562500
-0.41245,0.0236,0.0516,456774636701154.562500
-0.41244,0.0228,0.0572,456774636701154.562500
-0.41242999999999996,0.0228,0.0548,456774636701154.562500
-0.41242,0.022000000000000002,0.055600000000000004,456774636701154.562500
-0.41241,0.0228,0.055600000000000004,456774636701154.562500
-0.4124,0.0236,0.058,456774636701154.562500
-0.41239,0.022000000000000002,0.0524,456774636701154.562500
-0.41237999999999997,0.0244,0.0572,456774636701154.562500
-0.41237,0.0244,0.05,456774636701154.562500
-0.41236,0.0236,0.058800000000000005,456774636701154.562500
-0.41235,0.0244,0.05,456774636701154.562500
-0.41234,0.0228,0.058800000000000005,456774636701154.562500
-0.41233,0.0228,0.054,456774636701154.562500
-0.41232,0.0236,0.056400000000000006,456774636701154.562500
-0.41231,0.0236,0.0548,456774636701154.562500
-0.4123,0.022000000000000002,0.0572,456774636701154.562500
-0.41229,0.0236,0.0548,456774636701154.562500
-0.41228,0.022000000000000002,0.054,456774636701154.562500
-0.41227,0.0204,0.0572,456774636701154.562500
-0.41225999999999996,0.0212,0.054,456774636701154.562500
-0.41225,0.0172,0.0572,456774636701154.562500
-0.41224,0.022000000000000002,0.050800000000000005,456774636701154.562500
-0.41223,0.022000000000000002,0.055600000000000004,456774636701154.562500
-0.41222,0.0204,0.0476,456774636701154.562500
-0.41220999999999997,0.0188,0.0492,456774636701154.562500
-0.4122,0.0228,0.0516,456774636701154.562500
-0.41219,0.0228,0.056400000000000006,456774636701154.562500
-0.41218,0.0204,0.054,456774636701154.562500
-0.41217,0.0236,0.056400000000000006,456774636701154.562500
-0.41215999999999997,0.0212,0.056400000000000006,456774636701154.562500
-0.41215,0.022000000000000002,0.0516,456774636701154.562500
-0.41214,0.018000000000000002,0.0436,456774636701154.562500
-0.41213,0.022000000000000002,0.054,456774636701154.562500
-0.41212,0.0228,0.0476,456774636701154.562500
-0.41211,0.0236,0.058,456774636701154.562500
-0.4121,0.0244,0.055600000000000004,456774636701154.562500
-0.41209,0.0212,0.055600000000000004,456774636701154.562500
-0.41208,0.0228,0.055600000000000004,456774636701154.562500
-0.41207,0.022000000000000002,0.058,456774636701154.562500
-0.41206,0.026000000000000002,0.058,456774636701154.562500
-0.41205,0.0236,0.056400000000000006,456774636701154.562500
-0.41203999999999996,0.022000000000000002,0.0548,456774636701154.562500
-0.41203,0.022000000000000002,0.0396,456774636701154.562500
-0.41202,0.0236,0.0516,456774636701154.562500
-0.41201,0.022000000000000002,0.045200000000000004,456774636701154.562500
-0.412,0.0228,0.058,456774636701154.562500
-0.41198999999999997,0.0228,0.054,456774636701154.562500
-0.41198,0.0236,0.0548,456774636701154.562500
-0.41197,0.0228,0.055600000000000004,456774636701154.562500
-0.41196,0.0244,0.0492,456774636701154.562500
-0.41195,0.0236,0.0572,456774636701154.562500
-0.41194,0.022000000000000002,0.055600000000000004,456774636701154.562500
-0.41193,0.0236,0.0524,456774636701154.562500
-0.41192,0.0228,0.058,456774636701154.562500
-0.41191,0.0212,0.055600000000000004,456774636701154.562500
-0.4119,0.0236,0.0524,456774636701154.562500
-0.41189,0.0212,0.0548,456774636701154.562500
-0.41188,0.0212,0.0572,456774636701154.562500
-0.41186999999999996,0.0228,0.0572,456774636701154.562500
-0.41186,0.0236,0.055600000000000004,456774636701154.562500
-0.41185,0.0244,0.055600000000000004,456774636701154.562500
-0.41184,0.0212,0.056400000000000006,456774636701154.562500
-0.41183,0.0228,0.0572,456774636701154.562500
-0.41181999999999996,0.0204,0.058,456774636701154.562500
-0.41181,0.0212,0.0572,456774636701154.562500
-0.4118,0.022000000000000002,0.053200000000000004,456774636701154.562500
-0.41179,0.022000000000000002,0.0572,456774636701154.562500
-0.41178,0.0236,0.054,456774636701154.562500
-0.41176999999999997,0.0252,0.0572,456774636701154.562500
-0.41176,0.0236,0.0572,456774636701154.562500
-0.41175,0.0252,0.055600000000000004,456774636701154.562500
-0.41174,0.0252,0.055600000000000004,456774636701154.562500
-0.41173,0.0252,0.0572,456774636701154.562500
-0.41172,0.0196,0.050800000000000005,456774636701154.562500
-0.41171,0.0236,0.053200000000000004,456774636701154.562500
-0.4117,0.0244,0.0572,456774636701154.562500
-0.41169,0.0236,0.0524,456774636701154.562500
-0.41168,0.0244,0.056400000000000006,456774636701154.562500
-0.41167,0.0236,0.05,456774636701154.562500
-0.41166,0.0228,0.056400000000000006,456774636701154.562500
-0.41164999999999996,0.0228,0.054,456774636701154.562500
-0.41164,0.0212,0.046,456774636701154.562500
-0.41163,0.0204,0.056400000000000006,456774636701154.562500
-0.41162,0.022000000000000002,0.054,456774636701154.562500
-0.41161,0.0204,0.055600000000000004,456774636701154.562500
-0.41159999999999997,0.0212,0.056400000000000006,456774636701154.562500
-0.41159,0.0204,0.050800000000000005,456774636701154.562500
-0.41158,0.0228,0.0572,456774636701154.562500
-0.41157,0.0228,0.0524,456774636701154.562500
-0.41156,0.022000000000000002,0.054,456774636701154.562500
-0.41154999999999997,0.022000000000000002,0.053200000000000004,456774636701154.562500
-0.41154,0.0164,0.055600000000000004,456774636701154.562500
-0.41153,0.0236,0.055600000000000004,456774636701154.562500
-0.41152,0.0196,0.0444,456774636701154.562500
-0.41151,0.0212,0.0476,456774636701154.562500
-0.4115,0.022000000000000002,0.0468,456774636701154.562500
-0.41149,0.022000000000000002,0.0476,456774636701154.562500
-0.41148,0.0196,0.0468,456774636701154.562500
-0.41147,0.018000000000000002,0.054,456774636701154.562500
-0.41146,0.018000000000000002,0.056400000000000006,456774636701154.562500
-0.41145,0.022000000000000002,0.0548,456774636701154.562500
-0.41144,0.0244,0.042,456774636701154.562500
-0.41142999999999996,0.022000000000000002,0.0436,456774636701154.562500
-0.41142,0.0244,0.0332,456774636701154.562500
-0.41141,0.0196,0.042800000000000005,456774636701154.562500
-0.4114,0.0252,0.042800000000000005,456774636701154.562500
-0.41139,0.0252,0.0476,456774636701154.562500
-0.41137999999999997,0.0236,0.048400000000000006,456774636701154.562500
-0.41137,0.0252,0.054,456774636701154.562500
-0.41136,0.0244,0.046,456774636701154.562500
-0.41135,0.022000000000000002,0.0548,456774636701154.562500
-0.41134,0.0212,0.0572,456774636701154.562500
-0.41133,0.022000000000000002,0.058,456774636701154.562500
-0.41132,0.0236,0.058800000000000005,456774636701154.562500
-0.41131,0.0188,0.0524,456774636701154.562500
-0.4113,0.0228,0.056400000000000006,456774636701154.562500
-0.41129,0.0196,0.056400000000000006,456774636701154.562500
-0.41128,0.022000000000000002,0.055600000000000004,456774636701154.562500
-0.41127,0.0236,0.056400000000000006,456774636701154.562500
-0.41125999999999996,0.0228,0.056400000000000006,456774636701154.562500
-0.41125,0.022000000000000002,0.056400000000000006,456774636701154.562500
-0.41124,0.0212,0.0548,456774636701154.562500
-0.41123,0.0228,0.058,456774636701154.562500
-0.41122,0.018000000000000002,0.054,456774636701154.562500
-0.41120999999999996,0.0228,0.0572,456774636701154.562500
-0.4112,0.0212,0.054,456774636701154.562500
-0.41119,0.0236,0.054,456774636701154.562500
-0.41118,0.0212,0.056400000000000006,456774636701154.562500
-0.41117,0.0244,0.054,456774636701154.562500
-0.41115999999999997,0.0236,0.0548,456774636701154.562500
-0.41115,0.0236,0.0476,456774636701154.562500
-0.41114,0.0244,0.056400000000000006,456774636701154.562500
-0.41113,0.0244,0.055600000000000004,456774636701154.562500
-0.41112,0.0252,0.058,456774636701154.562500
-0.41111,0.022000000000000002,0.056400000000000006,456774636701154.562500
-0.4111,0.0212,0.0548,456774636701154.562500
-0.41109,0.0244,0.054,456774636701154.562500
-0.41108,0.0244,0.055600000000000004,456774636701154.562500
-0.41107,0.022000000000000002,0.058,456774636701154.562500
-0.41106,0.0228,0.0548,456774636701154.562500
-0.41105,0.0244,0.055600000000000004,456774636701154.562500
-0.41103999999999996,0.0252,0.0476,456774636701154.562500
-0.41103,0.0252,0.0492,456774636701154.562500
-0.41102,0.0212,0.048400000000000006,456774636701154.562500
-0.41101,0.0244,0.056400000000000006,456774636701154.562500
-0.411,0.0228,0.0492,456774636701154.562500
-0.41098999999999997,0.0236,0.0492,456774636701154.562500
-0.41098,0.022000000000000002,0.0476,456774636701154.562500
-0.41097,0.0228,0.055600000000000004,456774636701154.562500
-0.41096,0.0228,0.0516,456774636701154.562500
-0.41095,0.022000000000000002,0.0572,456774636701154.562500
-0.41093999999999997,0.0228,0.0524,456774636701154.562500
-0.41093,0.0228,0.055600000000000004,456774636701154.562500
-0.41092,0.0228,0.058,456774636701154.562500
-0.41091,0.0228,0.0524,456774636701154.562500
-0.4109,0.022000000000000002,0.056400000000000006,456774636701154.562500
-0.41089,0.0228,0.055600000000000004,456774636701154.562500
-0.41088,0.0236,0.0516,456774636701154.562500
-0.41087,0.0236,0.058,456774636701154.562500
-0.41086,0.0244,0.0548,456774636701154.562500
-0.41085,0.0236,0.055600000000000004,456774636701154.562500
-0.41084,0.0236,0.0444,456774636701154.562500
-0.41083,0.0236,0.0572,456774636701154.562500
-0.41081999999999996,0.0244,0.054,456774636701154.562500
-0.41081,0.0252,0.0572,456774636701154.562500
-0.4108,0.0252,0.054,456774636701154.562500
-0.41079,0.0252,0.0572,456774636701154.562500
-0.41078,0.0244,0.056400000000000006,456774636701154.562500
-0.41076999999999997,0.0236,0.055600000000000004,456774636701154.562500
-0.41076,0.0244,0.058800000000000005,456774636701154.562500
-0.41075,0.0228,0.054,456774636701154.562500
-0.41074,0.0236,0.056400000000000006,456774636701154.562500
-0.41073,0.0228,0.055600000000000004,456774636701154.562500
-0.41072,0.0228,0.0572,456774636701154.562500
-0.41071,0.022000000000000002,0.0572,456774636701154.562500
-0.4107,0.0236,0.055600000000000004,456774636701154.562500
-0.41069,0.022000000000000002,0.056400000000000006,456774636701154.562500
-0.41068,0.022000000000000002,0.0548,456774636701154.562500
-0.41067,0.022000000000000002,0.054,456774636701154.562500
-0.41066,0.0212,0.058,456774636701154.562500
-0.41064999999999996,0.0204,0.056400000000000006,456774636701154.562500
-0.41064,0.0236,0.055600000000000004,456774636701154.562500
-0.41063,0.022000000000000002,0.058,456774636701154.562500
-0.41062,0.0236,0.05,456774636701154.562500
-0.41061,0.0228,0.058,456774636701154.562500
-0.41059999999999997,0.0236,0.055600000000000004,456774636701154.562500
-0.41059,0.0228,0.0548,456774636701154.562500
-0.41058,0.022000000000000002,0.0476,456774636701154.562500
-0.41057,0.0244,0.0572,456774636701154.562500
-0.41056,0.0228,0.056400000000000006,456774636701154.562500
-0.41054999999999997,0.0236,0.0572,456774636701154.562500
-0.41054,0.0244,0.055600000000000004,456774636701154.562500
-0.41053,0.026000000000000002,0.048400000000000006,456774636701154.562500
-0.41052,0.026000000000000002,0.0516,456774636701154.562500
-0.41051,0.0244,0.0492,456774636701154.562500
-0.4105,0.0236,0.055600000000000004,456774636701154.562500
-0.41049,0.0236,0.055600000000000004,456774636701154.562500
-0.41048,0.0172,0.056400000000000006,456774636701154.562500
-0.41047,0.0252,0.055600000000000004,456774636701154.562500
-0.41046,0.0212,0.056400000000000006,456774636701154.562500
-0.41045,0.0228,0.054,456774636701154.562500
-0.41044,0.022000000000000002,0.056400000000000006,456774636701154.562500
-0.41042999999999996,0.0244,0.056400000000000006,456774636701154.562500
-0.41042,0.0228,0.0572,456774636701154.562500
-0.41041,0.0236,0.050800000000000005,456774636701154.562500
-0.4104,0.0228,0.055600000000000004,456774636701154.562500
-0.41039,0.0236,0.0476,456774636701154.562500
-0.41037999999999997,0.0212,0.054,456774636701154.562500
-0.41037,0.0228,0.045200000000000004,456774636701154.562500
-0.41036,0.0244,0.058,456774636701154.562500
-0.41035,0.0228,0.0524,456774636701154.562500
-0.41034,0.0228,0.055600000000000004,456774636701154.562500
-0.41033,0.022000000000000002,0.058,456774636701154.562500
-0.41032,0.0228,0.050800000000000005,456774636701154.562500
-0.41031,0.0204,0.0572,456774636701154.562500
-0.4103,0.0228,0.055600000000000004,456774636701154.562500
-0.41029,0.0196,0.056400000000000006,456774636701154.562500
-0.41028,0.0228,0.056400000000000006,456774636701154.562500
-0.41027,0.0236,0.0548,456774636701154.562500
-0.41025999999999996,0.0228,0.0548,456774636701154.562500
-0.41025,0.022000000000000002,0.0572,456774636701154.562500
-0.41024,0.0228,0.055600000000000004,456774636701154.562500
-0.41023,0.026000000000000002,0.0572,456774636701154.562500
-0.41022,0.0244,0.055600000000000004,456774636701154.562500
-0.41020999999999996,0.0228,0.055600000000000004,456774636701154.562500
-0.4102,0.0244,0.054,456774636701154.562500
-0.41019,0.0252,0.050800000000000005,456774636701154.562500
-0.41018,0.0244,0.053200000000000004,456774636701154.562500
-0.41017,0.0228,0.056400000000000006,456774636701154.562500
-0.41015999999999997,0.0236,0.056400000000000006,456774636701154.562500
-0.41015,0.0228,0.0572,456774636701154.562500
-0.41014,0.0252,0.0548,456774636701154.562500
-0.41013,0.022000000000000002,0.055600000000000004,456774636701154.562500
-0.41012,0.0236,0.0572,456774636701154.562500
-0.41011,0.0244,0.055600000000000004,456774636701154.562500
-0.4101,0.0228,0.055600000000000004,456774636701154.562500
-0.41009,0.0228,0.054,456774636701154.562500
-0.41008,0.0236,0.0548,456774636701154.562500
-0.41007,0.0236,0.0548,456774636701154.562500
-0.41006,0.0228,0.046,456774636701154.562500
-0.41005,0.0204,0.0476,456774636701154.562500
-0.41003999999999996,0.0204,0.0436,456774636701154.562500
-0.41003,0.0172,0.050800000000000005,456774636701154.562500
-0.41002,0.015600000000000001,0.0516,456774636701154.562500
-0.41001,0.014,0.055600000000000004,456774636701154.562500
-0.41,0.0212,0.0516,456774636701154.562500
-0.40998999999999997,0.0196,0.0548,456774636701154.562500
-0.40998,0.0204,0.055600000000000004,456774636701154.562500
-0.40997,0.0172,0.056400000000000006,456774636701154.562500
-0.40996,0.0188,0.056400000000000006,456774636701154.562500
-0.40995,0.0164,0.0548,456774636701154.562500
-0.40993999999999997,0.0196,0.0524,456774636701154.562500
-0.40993,0.0196,0.050800000000000005,456774636701154.562500
-0.40992,0.0212,0.0468,456774636701154.562500
-0.40991,0.0212,0.058,456774636701154.562500
-0.4099,0.022000000000000002,0.0476,456774636701154.562500
-0.40989,0.0204,0.058,456774636701154.562500
-0.40988,0.0228,0.054,456774636701154.562500
-0.40987,0.0228,0.056400000000000006,456774636701154.562500
-0.40986,0.0236,0.0572,456774636701154.562500
-0.40985,0.0252,0.0524,456774636701154.562500
-0.40984,0.0236,0.054,456774636701154.562500
-0.40982999999999997,0.0236,0.053200000000000004,456774636701154.562500
-0.40981999999999996,0.0204,0.0516,456774636701154.562500
-0.40981,0.0188,0.045200000000000004,456774636701154.562500
-0.4098,0.018000000000000002,0.054,456774636701154.562500
-0.40979,0.0228,0.055600000000000004,456774636701154.562500
-0.40978,0.0236,0.055600000000000004,456774636701154.562500
-0.40976999999999997,0.0228,0.0468,456774636701154.562500
-0.40976,0.022000000000000002,0.056400000000000006,456774636701154.562500
-0.40975,0.022000000000000002,0.054,456774636701154.562500
-0.40974,0.0236,0.0572,456774636701154.562500
-0.40973,0.0228,0.054,456774636701154.562500
-0.40972,0.022000000000000002,0.056400000000000006,456774636701154.562500
-0.40971,0.022000000000000002,0.0572,456774636701154.562500
-0.4097,0.0236,0.0572,456774636701154.562500
-0.40969,0.022000000000000002,0.0572,456774636701154.562500
-0.40968,0.0228,0.0548,456774636701154.562500
-0.40967,0.0236,0.0572,456774636701154.562500
-0.40966,0.0228,0.056400000000000006,456774636701154.562500
-0.40964999999999996,0.0228,0.056400000000000006,456774636701154.562500
-0.40964,0.0244,0.0572,456774636701154.562500
-0.40963,0.0268,0.058,456774636701154.562500
-0.40962,0.0252,0.055600000000000004,456774636701154.562500
-0.40961,0.0244,0.058,456774636701154.562500
-0.40959999999999996,0.0244,0.058,456774636701154.562500
-0.40959,0.0252,0.058,456774636701154.562500
-0.40958,0.0244,0.054,456774636701154.562500
-0.40957,0.022000000000000002,0.056400000000000006,456774636701154.562500
-0.40956,0.026000000000000002,0.054,456774636701154.562500
-0.40954999999999997,0.0204,0.056400000000000006,456774636701154.562500
-0.40954,0.0228,0.0572,456774636701154.562500
-0.40953,0.0228,0.056400000000000006,456774636701154.562500
-0.40952,0.0228,0.058,456774636701154.562500
-0.40951,0.0236,0.055600000000000004,456774636701154.562500
-0.4095,0.0212,0.058,456774636701154.562500
-0.40949,0.0196,0.0548,456774636701154.562500
-0.40948,0.022000000000000002,0.056400000000000006,456774636701154.562500
-0.40947,0.0228,0.053200000000000004,456774636701154.562500
-0.40946,0.0212,0.056400000000000006,456774636701154.562500
-0.40945,0.0196,0.054,456774636701154.562500
-0.40944,0.0212,0.0548,456774636701154.562500
-0.40942999999999996,0.0172,0.058,456774636701154.562500
-0.40942,0.0212,0.056400000000000006,456774636701154.562500
-0.40941,0.0228,0.0572,456774636701154.562500
-0.4094,0.0212,0.0548,456774636701154.562500
-0.40939,0.022000000000000002,0.0572,456774636701154.562500
-0.40937999999999997,0.0212,0.056400000000000006,456774636701154.562500
-0.40937,0.022000000000000002,0.0548,456774636701154.562500
-0.40936,0.0236,0.058,456774636701154.562500
-0.40935,0.0244,0.0572,456774636701154.562500
-0.40934,0.0244,0.0572,456774636701154.562500
-0.40932999999999997,0.0236,0.056400000000000006,456774636701154.562500
-0.40932,0.022000000000000002,0.0572,456774636701154.562500
-0.40931,0.0244,0.0548,456774636701154.562500
-0.4093,0.0236,0.056400000000000006,456774636701154.562500
-0.40929,0.0244,0.055600000000000004,456774636701154.562500
-0.40928,0.0228,0.056400000000000006,456774636701154.562500
-0.40927,0.026000000000000002,0.058800000000000005,456774636701154.562500
-0.40926,0.0244,0.0572,456774636701154.562500
-0.40925,0.0236,0.0548,456774636701154.562500
-0.40924,0.0236,0.0468,456774636701154.562500
-0.40923,0.0236,0.058,456774636701154.562500
-0.40922,0.0244,0.058,456774636701154.562500
-0.40920999999999996,0.0236,0.050800000000000005,456774636701154.562500
-0.4092,0.0236,0.055600000000000004,456774636701154.562500
-0.40919,0.0228,0.048400000000000006,456774636701154.562500
-0.40918,0.0244,0.056400000000000006,456774636701154.562500
-0.40917,0.0236,0.056400000000000006,456774636701154.562500
-0.40915999999999997,0.0212,0.056400000000000006,456774636701154.562500
-0.40915,0.022000000000000002,0.056400000000000006,456774636701154.562500
-0.40914,0.0228,0.0364,456774636701154.562500
-0.40913,0.022000000000000002,0.050800000000000005,456774636701154.562500
-0.40912,0.0212,0.0436,456774636701154.562500
-0.40911,0.0228,0.055600000000000004,456774636701154.562500
-0.4091,0.022000000000000002,0.053200000000000004,456774636701154.562500
-0.40909,0.0236,0.0572,456774636701154.562500
-0.40908,0.0228,0.056400000000000006,456774636701154.562500
-0.40907,0.0236,0.0548,456774636701154.562500
-0.40906,0.0228,0.058,456774636701154.562500
-0.40905,0.0212,0.058,456774636701154.562500
-0.40903999999999996,0.022000000000000002,0.054,456774636701154.562500
-0.40903,0.0244,0.0572,456774636701154.562500
-0.40902,0.0212,0.0572,456774636701154.562500
-0.40901,0.0236,0.0524,456774636701154.562500
-0.409,0.0244,0.056400000000000006,456774636701154.562500
-0.40898999999999996,0.0236,0.056400000000000006,456774636701154.562500
-0.40898,0.0236,0.0572,456774636701154.562500
-0.40897,0.0228,0.0572,456774636701154.562500
-0.40896,0.0244,0.056400000000000006,456774636701154.562500
-0.40895,0.0244,0.0524,456774636701154.562500
-0.40893999999999997,0.0236,0.056400000000000006,456774636701154.562500
-0.40893,0.0236,0.053200000000000004,456774636701154.562500
-0.40892,0.0244,0.0548,456774636701154.562500
-0.40891,0.022000000000000002,0.055600000000000004,456774636701154.562500
-0.4089,0.0228,0.0572,456774636701154.562500
-0.40889,0.0204,0.056400000000000006,456774636701154.562500
-0.40888,0.022000000000000002,0.054,456774636701154.562500
-0.40887,0.0228,0.055600000000000004,456774636701154.562500
-0.40886,0.0236,0.054,456774636701154.562500
-0.40885,0.022000000000000002,0.050800000000000005,456774636701154.562500
-0.40884,0.0228,0.056400000000000006,456774636701154.562500
-0.40883,0.0228,0.0572,456774636701154.562500
-0.40881999999999996,0.0236,0.056400000000000006,456774636701154.562500
-0.40881,0.0228,0.056400000000000006,456774636701154.562500
-0.4088,0.0212,0.056400000000000006,456774636701154.562500
-0.40879,0.022000000000000002,0.0572,456774636701154.562500
-0.40878,0.0236,0.058,456774636701154.562500
-0.40876999999999997,0.0228,0.0548,456774636701154.562500
-0.40876,0.022000000000000002,0.054,456774636701154.562500
-0.40875,0.0228,0.058,456774636701154.562500
-0.40874,0.0244,0.0572,456774636701154.562500
-0.40873,0.0236,0.053200000000000004,456774636701154.562500
-0.40871999999999997,0.0236,0.056400000000000006,456774636701154.562500
-0.40871,0.0244,0.054,456774636701154.562500
-0.4087,0.0244,0.048400000000000006,456774636701154.562500
-0.40869,0.0244,0.0516,456774636701154.562500
-0.40868,0.0236,0.0412,456774636701154.562500
-0.40867,0.0244,0.0548,456774636701154.562500
-0.40866,0.0236,0.0476,456774636701154.562500
-0.40865,0.0244,0.0468,456774636701154.562500
-0.40864,0.0236,0.048400000000000006,456774636701154.562500
-0.40863,0.022000000000000002,0.053200000000000004,456774636701154.562500
-0.40862,0.0236,0.0516,456774636701154.562500
-0.40861,0.0212,0.0548,456774636701154.562500
-0.40859999999999996,0.0236,0.0516,456774636701154.562500
-0.40859,0.0228,0.054,456774636701154.562500
-0.40858,0.0244,0.054,456774636701154.562500
-0.40857,0.0228,0.055600000000000004,456774636701154.562500
-0.40856,0.022000000000000002,0.0548,456774636701154.562500
-0.40854999999999997,0.022000000000000002,0.056400000000000006,456774636701154.562500
-0.40854,0.0228,0.0548,456774636701154.562500
-0.40853,0.022000000000000002,0.056400000000000006,456774636701154.562500
-0.40852,0.0236,0.0572,456774636701154.562500
-0.40851,0.0228,0.056400000000000006,456774636701154.562500
-0.4085,0.0212,0.0572,456774636701154.562500
-0.40849,0.0228,0.055600000000000004,456774636701154.562500
-0.40848,0.022000000000000002,0.058,456774636701154.562500
-0.40847,0.0236,0.0572,456774636701154.562500
-0.40846,0.0236,0.056400000000000006,456774636701154.562500
-0.40845,0.0236,0.0572,456774636701154.562500
-0.40844,0.0236,0.0572,456774636701154.562500
-0.40842999999999996,0.0212,0.058,456774636701154.562500
-0.40842,0.0244,0.0516,456774636701154.562500
-0.40841,0.022000000000000002,0.0548,456774636701154.562500
-0.4084,0.0244,0.056400000000000006,456774636701154.562500
-0.40839,0.0236,0.0572,456774636701154.562500
-0.40837999999999997,0.0244,0.0492,456774636701154.562500
-0.40837,0.0236,0.056400000000000006,456774636701154.562500
-0.40836,0.0236,0.058800000000000005,456774636701154.562500
-0.40835,0.0228,0.0572,456774636701154.562500
-0.40834,0.0252,0.050800000000000005,456774636701154.562500
-0.40832999999999997,0.0228,0.0516,456774636701154.562500
-0.40832,0.0228,0.054,456774636701154.562500
-0.40831,0.0204,0.058,456774636701154.562500
-0.4083,0.0228,0.0572,456774636701154.562500
-0.40829,0.022000000000000002,0.0572,456774636701154.562500
-0.40828,0.022000000000000002,0.0524,456774636701154.562500
-0.40827,0.0228,0.056400000000000006,456774636701154.562500
-0.40826,0.0204,0.058,456774636701154.562500
-0.40825,0.0212,0.055600000000000004,456774636701154.562500
-0.40824,0.0204,0.054,456774636701154.562500
-0.40823,0.0212,0.054,456774636701154.562500
-0.40821999999999997,0.018000000000000002,0.053200000000000004,456774636701154.562500
-0.40820999999999996,0.0228,0.056400000000000006,456774636701154.562500
-0.4082,0.022000000000000002,0.058,456774636701154.562500
-0.40819,0.022000000000000002,0.056400000000000006,456774636701154.562500
-0.40818,0.0244,0.056400000000000006,456774636701154.562500
-0.40817,0.022000000000000002,0.0524,456774636701154.562500
-0.40815999999999997,0.0244,0.053200000000000004,456774636701154.562500
-0.40815,0.022000000000000002,0.056400000000000006,456774636701154.562500
-0.40814,0.0228,0.05,456774636701154.562500
-0.40813,0.0236,0.056400000000000006,456774636701154.562500
-0.40812,0.0228,0.055600000000000004,456774636701154.562500
-0.40811,0.0244,0.055600000000000004,456774636701154.562500
-0.4081,0.0244,0.056400000000000006,456774636701154.562500
-0.40809,0.0252,0.056400000000000006,456774636701154.562500
-0.40808,0.0252,0.055600000000000004,456774636701154.562500
-0.40807,0.0252,0.0548,456774636701154.562500
-0.40806,0.0236,0.0524,456774636701154.562500
-0.40805,0.0228,0.0516,456774636701154.562500
-0.40803999999999996,0.0236,0.054,456774636701154.562500
-0.40803,0.0228,0.055600000000000004,456774636701154.562500
-0.40802,0.0228,0.056400000000000006,456774636701154.562500
-0.40801,0.022000000000000002,0.0524,456774636701154.562500
-0.408,0.0244,0.0548,456774636701154.562500
-0.40798999999999996,0.0244,0.05,456774636701154.562500
-0.40798,0.022000000000000002,0.054,456774636701154.562500
-0.40797,0.0204,0.0524,456774636701154.562500
-0.40796,0.0204,0.054,456774636701154.562500
-0.40795,0.0212,0.056400000000000006,456774636701154.562500
-0.40793999999999997,0.018000000000000002,0.0572,456774636701154.562500
-0.40793,0.0172,0.058800000000000005,456774636701154.562500
-0.40792,0.0212,0.0572,456774636701154.562500
-0.40791,0.0228,0.054,456774636701154.562500
-0.4079,0.022000000000000002,0.056400000000000006,456774636701154.562500
-0.40789,0.0236,0.0476,456774636701154.562500
-0.40788,0.0228,0.05,456774636701154.562500
-0.40787,0.0212,0.050800000000000005,456774636701154.562500
-0.40786,0.022000000000000002,0.0572,456774636701154.562500
-0.40785,0.0228,0.056400000000000006,456774636701154.562500
-0.40784,0.0228,0.050800000000000005,456774636701154.562500
-0.40783,0.0236,0.048400000000000006,456774636701154.562500
-0.40781999999999996,0.0228,0.054,456774636701154.562500
-0.40781,0.0228,0.0548,456774636701154.562500
-0.4078,0.0228,0.055600000000000004,456774636701154.562500
-0.40779,0.0244,0.053200000000000004,456774636701154.562500
-0.40778,0.0212,0.0524,456774636701154.562500
-0.40776999999999997,0.0236,0.045200000000000004,456774636701154.562500
-0.40776,0.0236,0.0516,456774636701154.562500
-0.40775,0.0236,0.054,456774636701154.562500
-0.40774,0.026000000000000002,0.0548,456774636701154.562500
-0.40773,0.0228,0.0572,456774636701154.562500
-0.40771999999999997,0.0244,0.056400000000000006,456774636701154.562500
-0.40771,0.0228,0.0548,456774636701154.562500
-0.4077,0.0252,0.0572,456774636701154.562500
-0.40769,0.0236,0.0572,456774636701154.562500
-0.40768,0.0244,0.055600000000000004,456774636701154.562500
-0.40767,0.0236,0.055600000000000004,456774636701154.562500
-0.40766,0.0236,0.053200000000000004,456774636701154.562500
-0.40765,0.0204,0.058,456774636701154.562500
-0.40764,0.0228,0.0492,456774636701154.562500
-0.40763,0.022000000000000002,0.055600000000000004,456774636701154.562500
-0.40762,0.0204,0.0572,456774636701154.562500
-0.40761,0.0204,0.0524,456774636701154.562500
-0.40759999999999996,0.0196,0.055600000000000004,456774636701154.562500
-0.40759,0.0164,0.0516,456774636701154.562500
-0.40758,0.0196,0.055600000000000004,456774636701154.562500
-0.40757,0.022000000000000002,0.0548,456774636701154.562500
-0.40756,0.0228,0.058,456774636701154.562500
-0.40754999999999997,0.022000000000000002,0.0572,456774636701154.562500
-0.40754,0.0244,0.0548,456774636701154.562500
-0.40753,0.0228,0.056400000000000006,456774636701154.562500
-0.40752,0.022000000000000002,0.0572,456774636701154.562500
-0.40751,0.0236,0.056400000000000006,456774636701154.562500
-0.4075,0.0228,0.055600000000000004,456774636701154.562500
-0.40749,0.0244,0.055600000000000004,456774636701154.562500
-0.40748,0.0236,0.0548,456774636701154.562500
-0.40747,0.0244,0.0524,456774636701154.562500
-0.40746,0.022000000000000002,0.055600000000000004,456774636701154.562500
-0.40745,0.0236,0.055600000000000004,456774636701154.562500
-0.40744,0.0244,0.0572,456774636701154.562500
-0.40742999999999996,0.0244,0.056400000000000006,456774636701154.562500
-0.40742,0.0244,0.0572,456774636701154.562500
-0.40741,0.0212,0.056400000000000006,456774636701154.562500
-0.4074,0.026000000000000002,0.0548,456774636701154.562500
-0.40739,0.0228,0.0572,456774636701154.562500
-0.40737999999999996,0.0228,0.056400000000000006,456774636701154.562500
-0.40737,0.0236,0.0572,456774636701154.562500
-0.40736,0.018000000000000002,0.055600000000000004,456774636701154.562500
-0.40735,0.0212,0.050800000000000005,456774636701154.562500
-0.40734,0.0204,0.0572,456774636701154.562500
-0.40732999999999997,0.022000000000000002,0.055600000000000004,456774636701154.562500
-0.40732,0.018000000000000002,0.056400000000000006,456774636701154.562500
-0.40731,0.022000000000000002,0.056400000000000006,456774636701154.562500
-0.4073,0.0204,0.0548,456774636701154.562500
-0.40729,0.0212,0.056400000000000006,456774636701154.562500
-0.40728,0.0204,0.0572,456774636701154.562500
-0.40727,0.0228,0.058,456774636701154.562500
-0.40726,0.022000000000000002,0.056400000000000006,456774636701154.562500
-0.40725,0.0204,0.0572,456774636701154.562500
-0.40724,0.0212,0.0572,456774636701154.562500
-0.40723,0.0172,0.0572,456774636701154.562500
-0.40722,0.0164,0.056400000000000006,456774636701154.562500
-0.40720999999999996,0.0228,0.0548,456774636701154.562500
-0.4072,0.0212,0.0492,456774636701154.562500
-0.40719,0.0196,0.058,456774636701154.562500
-0.40718,0.0228,0.053200000000000004,456774636701154.562500
-0.40717,0.0244,0.055600000000000004,456774636701154.562500
-0.40715999999999997,0.0244,0.0548,456774636701154.562500
-0.40715,0.0252,0.056400000000000006,456774636701154.562500
-0.40714,0.022000000000000002,0.0572,456774636701154.562500
-0.40713,0.0236,0.0572,456774636701154.562500
-0.40712,0.0252,0.055600000000000004,456774636701154.562500
-0.40710999999999997,0.0252,0.055600000000000004,456774636701154.562500
-0.4071,0.0228,0.055600000000000004,456774636701154.562500
-0.40709,0.0236,0.058,456774636701154.562500
-0.40708,0.0244,0.0548,456774636701154.562500
-0.40707,0.0228,0.056400000000000006,456774636701154.562500
-0.40706,0.022000000000000002,0.056400000000000006,456774636701154.562500
-0.40705,0.0228,0.058,456774636701154.562500
-0.40704,0.0212,0.055600000000000004,456774636701154.562500
-0.40703,0.0236,0.056400000000000006,456774636701154.562500
-0.40702,0.0172,0.053200000000000004,456774636701154.562500
-0.40701,0.0204,0.056400000000000006,456774636701154.562500
-0.407,0.022000000000000002,0.056400000000000006,456774636701154.562500
-0.40698999999999996,0.0228,0.053200000000000004,456774636701154.562500
-0.40698,0.022000000000000002,0.0572,456774636701154.562500
-0.40697,0.022000000000000002,0.0572,456774636701154.562500
-0.40696,0.022000000000000002,0.055600000000000004,456774636701154.562500
-0.40695,0.022000000000000002,0.056400000000000006,456774636701154.562500
-0.40693999999999997,0.0228,0.056400000000000006,456774636701154.562500
-0.40693,0.022000000000000002,0.0548,456774636701154.562500
-0.40692,0.0236,0.056400000000000006,456774636701154.562500
-0.40691,0.022000000000000002,0.056400000000000006,456774636701154.562500
-0.4069,0.0228,0.0572,456774636701154.562500
-0.40689,0.0212,0.0548,456774636701154.562500
-0.40688,0.0244,0.055600000000000004,456774636701154.562500
-0.40687,0.0252,0.054,456774636701154.562500
-0.40686,0.022000000000000002,0.055600000000000004,456774636701154.562500
-0.40685,0.0244,0.0548,456774636701154.562500
-0.40684,0.0244,0.05,456774636701154.562500
-0.40683,0.0244,0.053200000000000004,456774636701154.562500
-0.40681999999999996,0.0236,0.053200000000000004,456774636701154.562500
-0.40681,0.0244,0.056400000000000006,456774636701154.562500
-0.4068,0.0236,0.0572,456774636701154.562500
-0.40679,0.0244,0.0548,456774636701154.562500
-0.40678,0.0236,0.0524,456774636701154.562500
-0.40676999999999996,0.0204,0.0492,456774636701154.562500
-0.40676,0.0244,0.056400000000000006,456774636701154.562500
-0.40675,0.0204,0.0436,456774636701154.562500
-0.40674,0.022000000000000002,0.048400000000000006,456774636701154.562500
-0.40673,0.0236,0.0548,456774636701154.562500
-0.40671999999999997,0.0212,0.0548,456774636701154.562500
-0.40671,0.0212,0.042800000000000005,456774636701154.562500
-0.4067,0.0228,0.053200000000000004,456774636701154.562500
-0.40669,0.0212,0.056400000000000006,456774636701154.562500
-0.40668,0.022000000000000002,0.053200000000000004,456774636701154.562500
-0.40667,0.0228,0.0492,456774636701154.562500
-0.40666,0.022000000000000002,0.055600000000000004,456774636701154.562500
-0.40665,0.022000000000000002,0.0524,456774636701154.562500
-0.40664,0.0212,0.054,456774636701154.562500
-0.40663,0.0212,0.0524,456774636701154.562500
-0.40662,0.0228,0.055600000000000004,456774636701154.562500
-0.40661,0.0236,0.053200000000000004,456774636701154.562500
-0.40659999999999996,0.0244,0.0548,456774636701154.562500
-0.40659,0.0228,0.056400000000000006,456774636701154.562500
-0.40658,0.0228,0.0524,456774636701154.562500
-0.40657,0.0236,0.053200000000000004,456774636701154.562500
-0.40656,0.0204,0.0516,456774636701154.562500
-0.40654999999999997,0.0252,0.0572,456774636701154.562500
-0.40654,0.0236,0.058,456774636701154.562500
-0.40653,0.0236,0.055600000000000004,456774636701154.562500
-0.40652,0.0236,0.058,456774636701154.562500
-0.40651,0.0244,0.0572,456774636701154.562500
-0.4065,0.0228,0.056400000000000006,456774636701154.562500
-0.40649,0.022000000000000002,0.058,456774636701154.562500
-0.40648,0.0212,0.056400000000000006,456774636701154.562500
-0.40647,0.022000000000000002,0.0516,456774636701154.562500
-0.40646,0.0204,0.055600000000000004,456774636701154.562500
-0.40645,0.0244,0.055600000000000004,456774636701154.562500
-0.40644,0.0236,0.056400000000000006,456774636701154.562500
-0.40642999999999996,0.022000000000000002,0.0516,456774636701154.562500
-0.40642,0.022000000000000002,0.050800000000000005,456774636701154.562500
-0.40641,0.022000000000000002,0.053200000000000004,456774636701154.562500
-0.4064,0.0228,0.0572,456774636701154.562500
-0.40639,0.0228,0.056400000000000006,456774636701154.562500
-0.40637999999999996,0.0228,0.055600000000000004,456774636701154.562500
-0.40637,0.0228,0.0548,456774636701154.562500
-0.40636,0.0212,0.058,456774636701154.562500
-0.40635,0.0244,0.0572,456774636701154.562500
-0.40634,0.0228,0.054,456774636701154.562500
-0.40632999999999997,0.022000000000000002,0.053200000000000004,456774636701154.562500
-0.40632,0.0212,0.055600000000000004,456774636701154.562500
-0.40631,0.0212,0.055600000000000004,456774636701154.562500
-0.4063,0.022000000000000002,0.056400000000000006,456774636701154.562500
-0.40629,0.0228,0.0548,456774636701154.562500
-0.40628,0.0236,0.0572,456774636701154.562500
-0.40627,0.0228,0.056400000000000006,456774636701154.562500
-0.40626,0.0252,0.056400000000000006,456774636701154.562500
-0.40625,0.0236,0.053200000000000004,456774636701154.562500
-0.40624,0.022000000000000002,0.0572,456774636701154.562500
-0.40623,0.0204,0.056400000000000006,456774636701154.562500
-0.40622,0.0212,0.056400000000000006,456774636701154.562500
-0.40620999999999996,0.0244,0.056400000000000006,456774636701154.562500
-0.4062,0.0244,0.055600000000000004,456774636701154.562500
-0.40619,0.0228,0.0572,456774636701154.562500
-0.40618,0.0244,0.045200000000000004,456774636701154.562500
-0.40617,0.022000000000000002,0.056400000000000006,456774636701154.562500
-0.40615999999999997,0.0228,0.055600000000000004,456774636701154.562500
-0.40615,0.0236,0.0572,456774636701154.562500
-0.40614,0.0228,0.056400000000000006,456774636701154.562500
-0.40613,0.0236,0.0572,456774636701154.562500
-0.40612,0.022000000000000002,0.0572,456774636701154.562500
-0.40610999999999997,0.0228,0.058,456774636701154.562500
-0.4061,0.0204,0.055600000000000004,456774636701154.562500
-0.40609,0.0228,0.055600000000000004,456774636701154.562500
-0.40608,0.0228,0.0572,456774636701154.562500
-0.40607,0.022000000000000002,0.056400000000000006,456774636701154.562500
-0.40606,0.0228,0.055600000000000004,456774636701154.562500
-0.40605,0.0228,0.0548,456774636701154.562500
-0.40604,0.0252,0.056400000000000006,456774636701154.562500
-0.40603,0.0236,0.056400000000000006,456774636701154.562500
-0.40602,0.0236,0.0548,456774636701154.562500
-0.40601,0.0172,0.056400000000000006,456774636701154.562500
-0.40599999999999997,0.0196,0.0572,456774636701154.562500
-0.40598999999999996,0.0228,0.053200000000000004,456774636701154.562500
-0.40598,0.0236,0.0572,456774636701154.562500
-0.40597,0.0236,0.056400000000000006,456774636701154.562500
-0.40596,0.022000000000000002,0.0572,456774636701154.562500
-0.40595,0.0252,0.056400000000000006,456774636701154.562500
-0.40593999999999997,0.0252,0.0572,456774636701154.562500
-0.40593,0.0244,0.056400000000000006,456774636701154.562500
-0.40592,0.0212,0.056400000000000006,456774636701154.562500
-0.40591,0.0196,0.054,456774636701154.562500
-0.4059,0.0244,0.0572,456774636701154.562500
-0.40589,0.0236,0.058,456774636701154.562500
-0.40588,0.0244,0.055600000000000004,456774636701154.562500
-0.40587,0.0228,0.056400000000000006,456774636701154.562500
-0.40586,0.0236,0.058,456774636701154.562500
-0.40585,0.0228,0.056400000000000006,456774636701154.562500
-0.40584,0.0212,0.0492,456774636701154.562500
-0.40583,0.0228,0.058,456774636701154.562500
-0.40581999999999996,0.022000000000000002,0.055600000000000004,456774636701154.562500
-0.40581,0.0212,0.058,456774636701154.562500
-0.4058,0.018000000000000002,0.055600000000000004,456774636701154.562500
-0.40579,0.0228,0.0548,456774636701154.562500
-0.40578,0.022000000000000002,0.053200000000000004,456774636701154.562500
-0.40576999999999996,0.0244,0.050800000000000005,456774636701154.562500
-0.40576,0.0228,0.045200000000000004,456774636701154.562500
-0.40575,0.0236,0.056400000000000006,456774636701154.562500
-0.40574,0.022000000000000002,0.053200000000000004,456774636701154.562500
-0.40573,0.0236,0.055600000000000004,456774636701154.562500
-0.40571999999999997,0.0212,0.0572,456774636701154.562500
-0.40571,0.0228,0.056400000000000006,456774636701154.562500
-0.4057,0.022000000000000002,0.056400000000000006,456774636701154.562500
-0.40569,0.0204,0.056400000000000006,456774636701154.562500
-0.40568,0.0236,0.0572,456774636701154.562500
-0.40567,0.0236,0.055600000000000004,456774636701154.562500
-0.40566,0.0236,0.0548,456774636701154.562500
-0.40565,0.0228,0.055600000000000004,456774636701154.562500
-0.40564,0.0236,0.055600000000000004,456774636701154.562500
-0.40563,0.0252,0.055600000000000004,456774636701154.562500
-0.40562,0.0236,0.0572,456774636701154.562500
-0.40561,0.026000000000000002,0.0548,456774636701154.562500
-0.40559999999999996,0.0252,0.0516,456774636701154.562500
-0.40559,0.0244,0.055600000000000004,456774636701154.562500
-0.40558,0.0228,0.056400000000000006,456774636701154.562500
-0.40557,0.0244,0.056400000000000006,456774636701154.562500
-0.40556,0.0228,0.056400000000000006,456774636701154.562500
-0.40554999999999997,0.0228,0.0548,456774636701154.562500
-0.40554,0.0236,0.056400000000000006,456774636701154.562500
-0.40553,0.0244,0.055600000000000004,456774636701154.562500
-0.40552,0.0212,0.0572,456774636701154.562500
-0.40551,0.022000000000000002,0.056400000000000006,456774636701154.562500
-0.40549999999999997,0.022000000000000002,0.0572,456774636701154.562500
-0.40549,0.0212,0.054,456774636701154.562500
-0.40548,0.022000000000000002,0.0572,456774636701154.562500
-0.40547,0.0228,0.056400000000000006,456774636701154.562500
-0.40546,0.0228,0.056400000000000006,456774636701154.562500
-0.40545,0.0228,0.0548,456774636701154.562500
-0.40544,0.022000000000000002,0.058,456774636701154.562500
-0.40543,0.0236,0.058800000000000005,456774636701154.562500
-0.40542,0.0228,0.058,456774636701154.562500
-0.40541,0.0236,0.058,456774636701154.562500
-0.4054,0.0228,0.0572,456774636701154.562500
-0.40539,0.022000000000000002,0.055600000000000004,456774636701154.562500
-0.40537999999999996,0.0228,0.056400000000000006,456774636701154.562500
-0.40537,0.0244,0.050800000000000005,456774636701154.562500
-0.40536,0.022000000000000002,0.058,456774636701154.562500
-0.40535,0.0196,0.054,456774636701154.562500
-0.40534,0.0244,0.0492,456774636701154.562500
-0.40532999999999997,0.0228,0.055600000000000004,456774636701154.562500
-0.40532,0.0228,0.055600000000000004,456774636701154.562500
-0.40531,0.0236,0.0572,456774636701154.562500
-0.4053,0.0228,0.056400000000000006,456774636701154.562500
-0.40529,0.0252,0.0548,456774636701154.562500
-0.40528,0.0236,0.055600000000000004,456774636701154.562500
-0.40527,0.0236,0.050800000000000005,456774636701154.562500
-0.40526,0.0228,0.055600000000000004,456774636701154.562500
-0.40525,0.0228,0.055600000000000004,456774636701154.562500
-0.40524,0.0204,0.0548,456774636701154.562500
-0.40523,0.0212,0.058,456774636701154.562500
-0.40522,0.018000000000000002,0.058,456774636701154.562500
-0.40520999999999996,0.022000000000000002,0.0572,456774636701154.562500
-0.4052,0.022000000000000002,0.055600000000000004,456774636701154.562500
-0.40519,0.0212,0.0548,456774636701154.562500
-0.40518,0.0236,0.055600000000000004,456774636701154.562500
-0.40517,0.0228,0.0572,456774636701154.562500
-0.40515999999999996,0.022000000000000002,0.0548,456774636701154.562500
-0.40515,0.022000000000000002,0.058,456774636701154.562500
-0.40514,0.022000000000000002,0.055600000000000004,456774636701154.562500
-0.40513,0.022000000000000002,0.0548,456774636701154.562500
-0.40512,0.0204,0.055600000000000004,456774636701154.562500
-0.40510999999999997,0.0204,0.0572,456774636701154.562500
-0.4051,0.0196,0.055600000000000004,456774636701154.562500
-0.40509,0.0228,0.0572,456774636701154.562500
-0.40508,0.0196,0.055600000000000004,456774636701154.562500
-0.40507,0.0228,0.056400000000000006,456774636701154.562500
-0.40506,0.0228,0.056400000000000006,456774636701154.562500
-0.40505,0.0236,0.0516,456774636701154.562500
-0.40504,0.0252,0.0572,456774636701154.562500
-0.40503,0.0236,0.056400000000000006,456774636701154.562500
-0.40502,0.0236,0.0572,456774636701154.562500
-0.40501,0.022000000000000002,0.0524,456774636701154.562500
-0.405,0.0252,0.055600000000000004,456774636701154.562500
-0.40498999999999996,0.022000000000000002,0.058,456774636701154.562500
-0.40498,0.0236,0.056400000000000006,456774636701154.562500
-0.40497,0.0236,0.0572,456774636701154.562500
-0.40496,0.0244,0.056400000000000006,456774636701154.562500
-0.40495,0.0212,0.055600000000000004,456774636701154.562500
-0.40493999999999997,0.022000000000000002,0.055600000000000004,456774636701154.562500
-0.40493,0.0228,0.0476,456774636701154.562500
-0.40492,0.0236,0.058,456774636701154.562500
-0.40491,0.0236,0.054,456774636701154.562500
-0.4049,0.0212,0.058,456774636701154.562500
-0.40488999999999997,0.022000000000000002,0.058,456774636701154.562500
-0.40488,0.0204,0.058800000000000005,456774636701154.562500
-0.40487,0.0212,0.056400000000000006,456774636701154.562500
-0.40486,0.0228,0.0524,456774636701154.562500
-0.40485,0.0228,0.056400000000000006,456774636701154.562500
-0.40484,0.022000000000000002,0.0548,456774636701154.562500
-0.40483,0.022000000000000002,0.0548,456774636701154.562500
-0.40481999999999996,0.0228,0.055600000000000004,456774636701154.562500
-0.40481,0.0212,0.056400000000000006,456774636701154.562500
-0.4048,0.0212,0.0476,456774636701154.562500
-0.40479,0.0212,0.053200000000000004,456774636701154.562500
-0.40478,0.0228,0.0468,456774636701154.562500
-0.40476999999999996,0.0228,0.056400000000000006,456774636701154.562500
-0.40476,0.0228,0.056400000000000006,456774636701154.562500
-0.40475,0.022000000000000002,0.056400000000000006,456774636701154.562500
-0.40474,0.022000000000000002,0.0572,456774636701154.562500
-0.40473,0.0236,0.054,456774636701154.562500
-0.40471999999999997,0.0228,0.058,456774636701154.562500
-0.40471,0.0244,0.0492,456774636701154.562500
-0.4047,0.0252,0.055600000000000004,456774636701154.562500
-0.40469,0.0244,0.048400000000000006,456774636701154.562500
-0.40468,0.022000000000000002,0.056400000000000006,456774636701154.562500
-0.40467,0.0236,0.046,456774636701154.562500
-0.40466,0.0212,0.0516,456774636701154.562500
-0.40465,0.0196,0.0548,456774636701154.562500
-0.40464,0.0196,0.0548,456774636701154.562500
-0.40463,0.0172,0.055600000000000004,456774636701154.562500
-0.40462,0.0188,0.058,456774636701154.562500
-0.40461,0.0204,0.0516,456774636701154.562500
-0.40459999999999996,0.0236,0.056400000000000006,456774636701154.562500
-0.40459,0.0228,0.058,456774636701154.562500
-0.40458,0.0228,0.058800000000000005,456774636701154.562500
-0.40457,0.0228,0.0516,456774636701154.562500
-0.40456,0.022000000000000002,0.055600000000000004,456774636701154.562500
-0.40454999999999997,0.0228,0.054,456774636701154.562500
-0.40454,0.0228,0.055600000000000004,456774636701154.562500
-0.40453,0.0236,0.056400000000000006,456774636701154.562500
-0.40452,0.0212,0.054,456774636701154.562500
-0.40451,0.0196,0.056400000000000006,456774636701154.562500
-0.40449999999999997,0.022000000000000002,0.0572,456774636701154.562500
-0.40449,0.018000000000000002,0.055600000000000004,456774636701154.562500
-0.40448,0.0236,0.0572,456774636701154.562500
-0.40447,0.0212,0.055600000000000004,456774636701154.562500
-0.40446,0.0236,0.056400000000000006,456774636701154.562500
-0.40445,0.0228,0.054,456774636701154.562500
-0.40444,0.0228,0.0572,456774636701154.562500
-0.40443,0.0244,0.0548,456774636701154.562500
-0.40442,0.0252,0.058,456774636701154.562500
-0.40441,0.0252,0.048400000000000006,456774636701154.562500
-0.4044,0.0228,0.054,456774636701154.562500
-0.40438999999999997,0.0244,0.050800000000000005,456774636701154.562500
-0.40437999999999996,0.0228,0.050800000000000005,456774636701154.562500
-0.40437,0.0236,0.058,456774636701154.562500
-0.40436,0.0212,0.0516,456774636701154.562500
-0.40435,0.022000000000000002,0.055600000000000004,456774636701154.562500
-0.40434,0.0212,0.0572,456774636701154.562500
-0.40432999999999997,0.0212,0.055600000000000004,456774636701154.562500
-0.40432,0.0236,0.0548,456774636701154.562500
-0.40431,0.0228,0.058,456774636701154.562500
-0.4043,0.0228,0.0516,456774636701154.562500
-0.40429,0.022000000000000002,0.058,456774636701154.562500
-0.40428,0.022000000000000002,0.0492,456774636701154.562500
-0.40427,0.022000000000000002,0.058,456774636701154.562500
-0.40426,0.0228,0.055600000000000004,456774636701154.562500
-0.40425,0.0212,0.0548,456774636701154.562500
-0.40424,0.0212,0.054,456774636701154.562500
-0.40423,0.0228,0.055600000000000004,456774636701154.562500
-0.40422,0.022000000000000002,0.053200000000000004,456774636701154.562500
-0.40420999999999996,0.0212,0.0572,456774636701154.562500
-0.4042,0.0228,0.056400000000000006,456774636701154.562500
-0.40419,0.0228,0.055600000000000004,456774636701154.562500
-0.40418,0.0236,0.056400000000000006,456774636701154.562500
-0.40417,0.022000000000000002,0.054,456774636701154.562500
-0.40415999999999996,0.022000000000000002,0.050800000000000005,456774636701154.562500
-0.40415,0.022000000000000002,0.0572,456774636701154.562500
-0.40414,0.0236,0.054,456774636701154.562500
-0.40413,0.0244,0.0572,456774636701154.562500
-0.40412,0.0196,0.055600000000000004,456774636701154.562500
-0.40410999999999997,0.0228,0.056400000000000006,456774636701154.562500
-0.4041,0.0212,0.0572,456774636701154.562500
-0.40409,0.0244,0.058,456774636701154.562500
-0.40408,0.0228,0.056400000000000006,456774636701154.562500
-0.40407,0.0228,0.0572,456774636701154.562500
-0.40406,0.0236,0.058800000000000005,456774636701154.562500
-0.40405,0.0236,0.0572,456774636701154.562500
-0.40404,0.0236,0.0516,456774636701154.562500
-0.40403,0.0236,0.055600000000000004,456774636701154.562500
-0.40402,0.0236,0.0524,456774636701154.562500
-0.40401,0.0228,0.056400000000000006,456774636701154.562500
-0.404,0.0236,0.0412,456774636701154.562500
-0.40398999999999996,0.0236,0.0524,456774636701154.562500
-0.40398,0.0228,0.055600000000000004,456774636701154.562500
-0.40397,0.0204,0.0516,456774636701154.562500
-0.40396,0.022000000000000002,0.0572,456774636701154.562500
-0.40395,0.0212,0.0548,456774636701154.562500
-0.40393999999999997,0.022000000000000002,0.0572,456774636701154.562500
-0.40393,0.0212,0.058,456774636701154.562500
-0.40392,0.022000000000000002,0.056400000000000006,456774636701154.562500
-0.40391,0.022000000000000002,0.058,456774636701154.562500
-0.4039,0.022000000000000002,0.0548,456774636701154.562500
-0.40388999999999997,0.022000000000000002,0.0572,456774636701154.562500
-0.40388,0.0212,0.0548,456774636701154.562500
-0.40387,0.0212,0.056400000000000006,456774636701154.562500
-0.40386,0.0204,0.055600000000000004,456774636701154.562500
-0.40385,0.0212,0.056400000000000006,456774636701154.562500
-0.40384,0.0236,0.0572,456774636701154.562500
-0.40383,0.0236,0.0572,456774636701154.562500
-0.40382,0.026000000000000002,0.055600000000000004,456774636701154.562500
-0.40381,0.0236,0.054,456774636701154.562500
-0.4038,0.0236,0.058,456774636701154.562500
-0.40379,0.0236,0.055600000000000004,456774636701154.562500
-0.40378,0.022000000000000002,0.0476,456774636701154.562500
-0.40376999999999996,0.0236,0.0468,456774636701154.562500
-0.40376,0.0196,0.0468,456774636701154.562500
-0.40375,0.0204,0.055600000000000004,456774636701154.562500
-0.40374,0.022000000000000002,0.054,456774636701154.562500
-0.40373,0.0244,0.056400000000000006,456774636701154.562500
-0.40371999999999997,0.0228,0.0572,456774636701154.562500
-0.40371,0.0236,0.056400000000000006,456774636701154.562500
-0.4037,0.0212,0.055600000000000004,456774636701154.562500
-0.40369,0.0236,0.056400000000000006,456774636701154.562500
-0.40368,0.022000000000000002,0.056400000000000006,456774636701154.562500
-0.40367,0.022000000000000002,0.0572,456774636701154.562500
-0.40366,0.0228,0.054,456774636701154.562500
-0.40365,0.0212,0.0548,456774636701154.562500
-0.40364,0.0204,0.0548,456774636701154.562500
-0.40363,0.0236,0.055600000000000004,456774636701154.562500
-0.40362,0.022000000000000002,0.055600000000000004,456774636701154.562500
-0.40361,0.0196,0.056400000000000006,456774636701154.562500
-0.40359999999999996,0.0228,0.055600000000000004,456774636701154.562500
-0.40359,0.022000000000000002,0.056400000000000006,456774636701154.562500
-0.40358,0.0196,0.058,456774636701154.562500
-0.40357,0.0228,0.055600000000000004,456774636701154.562500
-0.40356,0.022000000000000002,0.0548,456774636701154.562500
-0.40354999999999996,0.022000000000000002,0.0572,456774636701154.562500
-0.40354,0.0244,0.0548,456774636701154.562500
-0.40353,0.0236,0.054,456774636701154.562500
-0.40352,0.0236,0.05,456774636701154.562500
-0.40351,0.0228,0.050800000000000005,456774636701154.562500
-0.40349999999999997,0.0228,0.050800000000000005,456774636701154.562500
-0.40349,0.0244,0.0492,456774636701154.562500
-0.40348,0.0244,0.0468,456774636701154.562500
-0.40347,0.022000000000000002,0.054,456774636701154.562500
-0.40346,0.022000000000000002,0.05,456774636701154.562500
-0.40345,0.0244,0.0492,456774636701154.562500
-0.40344,0.0228,0.055600000000000004,456774636701154.562500
-0.40343,0.0236,0.0572,456774636701154.562500
-0.40342,0.022000000000000002,0.055600000000000004,456774636701154.562500
-0.40341,0.0188,0.056400000000000006,456774636701154.562500
-0.4034,0.0228,0.0572,456774636701154.562500
-0.40339,0.018000000000000002,0.055600000000000004,456774636701154.562500
-0.40337999999999996,0.0236,0.05,456774636701154.562500
-0.40337,0.0204,0.0548,456774636701154.562500
-0.40336,0.022000000000000002,0.0572,456774636701154.562500
-0.40335,0.0212,0.053200000000000004,456774636701154.562500
-0.40334,0.022000000000000002,0.055600000000000004,456774636701154.562500
-0.40332999999999997,0.0196,0.056400000000000006,456774636701154.562500
-0.40332,0.0212,0.0492,456774636701154.562500
-0.40331,0.022000000000000002,0.0572,456774636701154.562500
-0.4033,0.0212,0.053200000000000004,456774636701154.562500
-0.40329,0.0212,0.0548,456774636701154.562500
-0.40327999999999997,0.0244,0.056400000000000006,456774636701154.562500
-0.40327,0.022000000000000002,0.0468,456774636701154.562500
-0.40326,0.022000000000000002,0.054,456774636701154.562500
-0.40325,0.0228,0.050800000000000005,456774636701154.562500
-0.40324,0.0228,0.055600000000000004,456774636701154.562500
-0.40323,0.0228,0.054,456774636701154.562500
-0.40322,0.0244,0.0572,456774636701154.562500
-0.40321,0.0244,0.055600000000000004,456774636701154.562500
-0.4032,0.0252,0.058,456774636701154.562500
-0.40319,0.0244,0.050800000000000005,456774636701154.562500
-0.40318,0.0244,0.056400000000000006,456774636701154.562500
-0.40317,0.0236,0.0572,456774636701154.562500
-0.40315999999999996,0.0252,0.0516,456774636701154.562500
-0.40315,0.0244,0.058,456774636701154.562500
-0.40314,0.0236,0.056400000000000006,456774636701154.562500
-0.40313,0.0196,0.058,456774636701154.562500
-0.40312,0.0244,0.055600000000000004,456774636701154.562500
-0.40310999999999997,0.0228,0.0572,456774636701154.562500
-0.4031,0.0212,0.0524,456774636701154.562500
-0.40309,0.022000000000000002,0.055600000000000004,456774636701154.562500
-0.40308,0.0212,0.055600000000000004,456774636701154.562500
-0.40307,0.0204,0.0516,456774636701154.562500
-0.40306,0.0212,0.055600000000000004,456774636701154.562500
-0.40305,0.022000000000000002,0.056400000000000006,456774636701154.562500
-0.40304,0.022000000000000002,0.0572,456774636701154.562500
-0.40303,0.0212,0.0572,456774636701154.562500
-0.40302,0.0204,0.055600000000000004,456774636701154.562500
-0.40301,0.0212,0.056400000000000006,456774636701154.562500
-0.403,0.022000000000000002,0.054,456774636701154.562500
-0.40298999999999996,0.022000000000000002,0.056400000000000006,456774636701154.562500
-0.40298,0.0212,0.054,456774636701154.562500
-0.40297,0.0228,0.0548,456774636701154.562500
-0.40296,0.0204,0.056400000000000006,456774636701154.562500
-0.40295,0.0228,0.055600000000000004,456774636701154.562500
-0.40293999999999996,0.0244,0.056400000000000006,456774636701154.562500
-0.40293,0.022000000000000002,0.0572,456774636701154.562500
-0.40292,0.0244,0.054,456774636701154.562500
-0.40291,0.0228,0.056400000000000006,456774636701154.562500
-0.4029,0.0252,0.0524,456774636701154.562500
-0.40288999999999997,0.0244,0.0468,456774636701154.562500
-0.40288,0.0228,0.0524,456774636701154.562500
-0.40287,0.0236,0.0572,456774636701154.562500
-0.40286,0.022000000000000002,0.0548,456774636701154.562500
-0.40285,0.0228,0.055600000000000004,456774636701154.562500
-0.40284,0.0236,0.056400000000000006,456774636701154.562500
-0.40283,0.022000000000000002,0.056400000000000006,456774636701154.562500
-0.40282,0.0204,0.0572,456774636701154.562500
-0.40281,0.0236,0.058,456774636701154.562500
-0.4028,0.0228,0.055600000000000004,456774636701154.562500
-0.40279,0.0204,0.055600000000000004,456774636701154.562500
-0.40277999999999997,0.022000000000000002,0.054,456774636701154.562500
-0.40276999999999996,0.022000000000000002,0.055600000000000004,456774636701154.562500
-0.40276,0.022000000000000002,0.0548,456774636701154.562500
-0.40275,0.0212,0.056400000000000006,456774636701154.562500
-0.40274,0.0204,0.0572,456774636701154.562500
-0.40273,0.0236,0.0548,456774636701154.562500
-0.40271999999999997,0.0172,0.054,456774636701154.562500
-0.40271,0.022000000000000002,0.0548,456774636701154.562500
-0.4027,0.0196,0.0572,456774636701154.562500
-0.40269,0.0236,0.054,456774636701154.562500
-0.40268,0.0212,0.054,456774636701154.562500
-0.40267,0.0236,0.056400000000000006,456774636701154.562500
-0.40266,0.022000000000000002,0.0572,456774636701154.562500
-0.40265,0.0236,0.056400000000000006,456774636701154.562500
-0.40264,0.0212,0.0572,456774636701154.562500
-0.40263,0.0244,0.0572,456774636701154.562500
-0.40262,0.0212,0.0572,456774636701154.562500
-0.40261,0.0204,0.05,456774636701154.562500
-0.40259999999999996,0.0236,0.056400000000000006,456774636701154.562500
-0.40259,0.0236,0.056400000000000006,456774636701154.562500
-0.40258,0.0228,0.058,456774636701154.562500
-0.40257,0.0252,0.056400000000000006,456774636701154.562500
-0.40256,0.0236,0.056400000000000006,456774636701154.562500
-0.40254999999999996,0.0244,0.056400000000000006,456774636701154.562500
-0.40254,0.0212,0.056400000000000006,456774636701154.562500
-0.40253,0.0228,0.055600000000000004,456774636701154.562500
-0.40252,0.022000000000000002,0.0548,456774636701154.562500
-0.40251,0.0244,0.056400000000000006,456774636701154.562500
-0.40249999999999997,0.0228,0.0548,456774636701154.562500
-0.40249,0.0228,0.0572,456774636701154.562500
-0.40248,0.0228,0.0572,456774636701154.562500
-0.40247,0.022000000000000002,0.0548,456774636701154.562500
-0.40246,0.022000000000000002,0.054,456774636701154.562500
-0.40245,0.0212,0.0572,456774636701154.562500
-0.40244,0.0236,0.053200000000000004,456774636701154.562500
-0.40243,0.0196,0.058,456774636701154.562500
-0.40242,0.022000000000000002,0.0516,456774636701154.562500
-0.40241,0.0236,0.0572,456774636701154.562500
-0.4024,0.0204,0.0548,456774636701154.562500
-0.40239,0.0236,0.055600000000000004,456774636701154.562500
-0.40237999999999996,0.0204,0.0516,456774636701154.562500
-0.40237,0.0236,0.053200000000000004,456774636701154.562500
-0.40236,0.022000000000000002,0.055600000000000004,456774636701154.562500
-0.40235,0.0212,0.0548,456774636701154.562500
-0.40234,0.0212,0.0548,456774636701154.562500
-0.40232999999999997,0.0236,0.058,456774636701154.562500
-0.40232,0.022000000000000002,0.053200000000000004,456774636701154.562500
-0.40231,0.0228,0.0572,456774636701154.562500
-0.4023,0.022000000000000002,0.054,456774636701154.562500
-0.40229,0.022000000000000002,0.056400000000000006,456774636701154.562500
-0.40227999999999997,0.0204,0.046,456774636701154.562500
-0.40227,0.0228,0.055600000000000004,456774636701154.562500
-0.40226,0.0228,0.055600000000000004,456774636701154.562500
-0.40225,0.022000000000000002,0.05,456774636701154.562500
-0.40224,0.022000000000000002,0.055600000000000004,456774636701154.562500
-0.40223,0.0196,0.0516,456774636701154.562500
-0.40222,0.022000000000000002,0.056400000000000006,456774636701154.562500
-0.40221,0.0228,0.0516,456774636701154.562500
-0.4022,0.0228,0.056400000000000006,456774636701154.562500
-0.40219,0.022000000000000002,0.0572,456774636701154.562500
-0.40218,0.0228,0.055600000000000004,456774636701154.562500
-0.40216999999999997,0.0212,0.056400000000000006,456774636701154.562500
-0.40215999999999996,0.0228,0.053200000000000004,456774636701154.562500
-0.40215,0.0196,0.056400000000000006,456774636701154.562500
-0.40214,0.022000000000000002,0.055600000000000004,456774636701154.562500
-0.40213,0.0228,0.0572,456774636701154.562500
-0.40212,0.022000000000000002,0.058800000000000005,456774636701154.562500
-0.40210999999999997,0.022000000000000002,0.0572,456774636701154.562500
-0.4021,0.0212,0.056400000000000006,456774636701154.562500
-0.40209,0.022000000000000002,0.058,456774636701154.562500
-0.40208,0.0228,0.055600000000000004,456774636701154.562500
-0.40207,0.0212,0.0572,456774636701154.562500
-0.40206,0.0228,0.053200000000000004,456774636701154.562500
-0.40205,0.0236,0.055600000000000004,456774636701154.562500
-0.40204,0.0236,0.0516,456774636701154.562500
-0.40203,0.022000000000000002,0.056400000000000006,456774636701154.562500
-0.40202,0.0252,0.0516,456774636701154.562500
-0.40201,0.0236,0.056400000000000006,456774636701154.562500
-0.402,0.0212,0.0548,456774636701154.562500
-0.40198999999999996,0.0236,0.055600000000000004,456774636701154.562500
-0.40198,0.022000000000000002,0.054,456774636701154.562500
-0.40197,0.0244,0.055600000000000004,456774636701154.562500
-0.40196,0.0204,0.055600000000000004,456774636701154.562500
-0.40195,0.0252,0.055600000000000004,456774636701154.562500
-0.40193999999999996,0.0244,0.0492,456774636701154.562500
-0.40193,0.022000000000000002,0.056400000000000006,456774636701154.562500
-0.40192,0.0236,0.0572,456774636701154.562500
-0.40191,0.0236,0.0516,456774636701154.562500
-0.4019,0.022000000000000002,0.055600000000000004,456774636701154.562500
-0.40188999999999997,0.0204,0.056400000000000006,456774636701154.562500
-0.40188,0.0228,0.056400000000000006,456774636701154.562500
-0.40187,0.0212,0.056400000000000006,456774636701154.562500
-0.40186,0.0228,0.058,456774636701154.562500
-0.40185,0.0204,0.0572,456774636701154.562500
-0.40184,0.022000000000000002,0.0548,456774636701154.562500
-0.40183,0.0196,0.055600000000000004,456774636701154.562500
-0.40182,0.022000000000000002,0.0572,456774636701154.562500
-0.40181,0.0212,0.054,456774636701154.562500
-0.4018,0.0204,0.055600000000000004,456774636701154.562500
-0.40179,0.022000000000000002,0.055600000000000004,456774636701154.562500
-0.40178,0.022000000000000002,0.0572,456774636701154.562500
-0.40176999999999996,0.022000000000000002,0.0548,456774636701154.562500
-0.40176,0.0212,0.055600000000000004,456774636701154.562500
-0.40175,0.0228,0.056400000000000006,456774636701154.562500
-0.40174,0.018000000000000002,0.0572,456774636701154.562500
-0.40173,0.0228,0.056400000000000006,456774636701154.562500
-0.40171999999999997,0.0212,0.055600000000000004,456774636701154.562500
-0.40171,0.0228,0.058,456774636701154.562500
-0.4017,0.0236,0.056400000000000006,456774636701154.562500
-0.40169,0.022000000000000002,0.055600000000000004,456774636701154.562500
-0.40168,0.0196,0.050800000000000005,456774636701154.562500
-0.40166999999999997,0.0236,0.0524,456774636701154.562500
-0.40166,0.0196,0.055600000000000004,456774636701154.562500
-0.40165,0.022000000000000002,0.054,456774636701154.562500
-0.40164,0.0244,0.054,456774636701154.562500
-0.40163,0.0236,0.0572,456774636701154.562500
-0.40162,0.0244,0.0572,456774636701154.562500
-0.40161,0.0236,0.055600000000000004,456774636701154.562500
-0.4016,0.0204,0.056400000000000006,456774636701154.562500
-0.40159,0.022000000000000002,0.0572,456774636701154.562500
-0.40158,0.0228,0.056400000000000006,456774636701154.562500
-0.40157,0.0212,0.0524,456774636701154.562500
-0.40156,0.022000000000000002,0.056400000000000006,456774636701154.562500
-0.40154999999999996,0.0212,0.050800000000000005,456774636701154.562500
-0.40154,0.0212,0.058,456774636701154.562500
-0.40153,0.0212,0.0548,456774636701154.562500
-0.40152,0.022000000000000002,0.055600000000000004,456774636701154.562500
-0.40151,0.0196,0.055600000000000004,456774636701154.562500
-0.40149999999999997,0.022000000000000002,0.058,456774636701154.562500
-0.40149,0.0204,0.056400000000000006,456774636701154.562500
-0.40148,0.022000000000000002,0.056400000000000006,456774636701154.562500
-0.40147,0.0228,0.0572,456774636701154.562500
-0.40146,0.0228,0.056400000000000006,456774636701154.562500
-0.40145,0.0228,0.0548,456774636701154.562500
-0.40144,0.0228,0.055600000000000004,456774636701154.562500
-0.40143,0.0212,0.056400000000000006,456774636701154.562500
-0.40142,0.0228,0.0572,456774636701154.562500
-0.40141,0.0236,0.0524,456774636701154.562500
-0.4014,0.0228,0.0516,456774636701154.562500
-0.40139,0.0236,0.055600000000000004,456774636701154.562500
-0.40137999999999996,0.0236,0.0548,456774636701154.562500
-0.40137,0.0204,0.055600000000000004,456774636701154.562500
-0.40136,0.0252,0.0548,456774636701154.562500
-0.40135,0.0228,0.0572,456774636701154.562500
-0.40134,0.0236,0.05,456774636701154.562500
-0.40132999999999996,0.0236,0.0468,456774636701154.562500
-0.40132,0.0236,0.0524,456774636701154.562500
-0.40131,0.022000000000000002,0.0548,456774636701154.562500
-0.4013,0.0212,0.055600000000000004,456774636701154.562500
-0.40129,0.0228,0.0468,456774636701154.562500
-0.40127999999999997,0.0228,0.058,456774636701154.562500
-0.40127,0.0212,0.05,456774636701154.562500
-0.40126,0.0228,0.0572,456774636701154.562500
-0.40125,0.022000000000000002,0.056400000000000006,456774636701154.562500
-0.40124,0.022000000000000002,0.053200000000000004,456774636701154.562500
-0.40123,0.0236,0.0524,456774636701154.562500
-0.40122,0.0172,0.055600000000000004,456774636701154.562500
-0.40121,0.0212,0.0548,456774636701154.562500
-0.4012,0.0204,0.056400000000000006,456774636701154.562500
-0.40119,0.022000000000000002,0.0524,456774636701154.562500
-0.40118,0.0204,0.058,456774636701154.562500
-0.40117,0.0204,0.055600000000000004,456774636701154.562500
-0.40115999999999996,0.0228,0.0548,456774636701154.562500
-0.40115,0.0228,0.0572,456774636701154.562500
-0.40114,0.022000000000000002,0.0548,456774636701154.562500
-0.40113,0.0228,0.054,456774636701154.562500
-0.40112,0.0228,0.056400000000000006,456774636701154.562500
-0.40110999999999997,0.022000000000000002,0.0572,456774636701154.562500
-0.4011,0.0228,0.058,456774636701154.562500
-0.40109,0.0244,0.0572,456774636701154.562500
-0.40108,0.0236,0.056400000000000006,456774636701154.562500
-0.40107,0.022000000000000002,0.058,456774636701154.562500
-0.40105999999999997,0.022000000000000002,0.058,456774636701154.562500
-0.40105,0.022000000000000002,0.0572,456774636701154.562500
-0.40104,0.0252,0.0572,456774636701154.562500
-0.40103,0.0244,0.058,456774636701154.562500
-0.40102,0.0244,0.055600000000000004,456774636701154.562500
-0.40101,0.0236,0.056400000000000006,456774636701154.562500
-0.401,0.0204,0.0572,456774636701154.562500
-0.40098999999999996,0.0236,0.054,456774636701154.562500
-0.40098,0.0212,0.054,456774636701154.562500
-0.40097,0.0204,0.0548,456774636701154.562500
-0.40096,0.0228,0.056400000000000006,456774636701154.562500
-0.40095,0.0164,0.053200000000000004,456774636701154.562500
-0.40093999999999996,0.0228,0.055600000000000004,456774636701154.562500
-0.40093,0.0196,0.056400000000000006,456774636701154.562500
-0.40092,0.022000000000000002,0.0548,456774636701154.562500
-0.40091,0.0228,0.056400000000000006,456774636701154.562500
-0.4009,0.0212,0.0516,456774636701154.562500
-0.40088999999999997,0.0196,0.055600000000000004,456774636701154.562500
-0.40088,0.022000000000000002,0.055600000000000004,456774636701154.562500
-0.40087,0.0204,0.0572,456774636701154.562500
-0.40086,0.0212,0.0572,456774636701154.562500
-0.40085,0.0212,0.0572,456774636701154.562500
-0.40084,0.0204,0.058800000000000005,456774636701154.562500
-0.40083,0.0236,0.055600000000000004,456774636701154.562500
-0.40082,0.0196,0.0572,456774636701154.562500
-0.40081,0.0236,0.056400000000000006,456774636701154.562500
-0.4008,0.0228,0.055600000000000004,456774636701154.562500
-0.40079,0.0228,0.058,456774636701154.562500
-0.40078,0.0244,0.056400000000000006,456774636701154.562500
-0.40076999999999996,0.0244,0.054,456774636701154.562500
-0.40076,0.0244,0.0548,456774636701154.562500
-0.40075,0.0252,0.0516,456774636701154.562500
-0.40074,0.0252,0.058,456774636701154.562500
-0.40073,0.0244,0.058,456774636701154.562500
-0.40071999999999997,0.0212,0.055600000000000004,456774636701154.562500
-0.40071,0.0236,0.058,456774636701154.562500
-0.4007,0.0204,0.055600000000000004,456774636701154.562500
-0.40069,0.0228,0.0572,456774636701154.562500
-0.40068,0.022000000000000002,0.055600000000000004,456774636701154.562500
-0.40066999999999997,0.0228,0.056400000000000006,456774636701154.562500
-0.40066,0.0228,0.056400000000000006,456774636701154.562500
-0.40065,0.022000000000000002,0.055600000000000004,456774636701154.562500
-0.40064,0.022000000000000002,0.058,456774636701154.562500
-0.40063,0.022000000000000002,0.0524,456774636701154.562500
-0.40062,0.022000000000000002,0.0548,456774636701154.562500
-0.40061,0.0228,0.048400000000000006,456774636701154.562500
-0.4006,0.0188,0.056400000000000006,456774636701154.562500
-0.40059,0.0244,0.054,456774636701154.562500
-0.40058,0.018000000000000002,0.0572,456774636701154.562500
-0.40057,0.022000000000000002,0.0548,456774636701154.562500
-0.40055999999999997,0.0188,0.053200000000000004,456774636701154.562500
-0.40054999999999996,0.0204,0.0516,456774636701154.562500
-0.40054,0.022000000000000002,0.0548,456774636701154.562500
-0.40053,0.022000000000000002,0.056400000000000006,456774636701154.562500
-0.40052,0.022000000000000002,0.058,456774636701154.562500
-0.40051,0.0236,0.056400000000000006,456774636701154.562500
-0.40049999999999997,0.0244,0.053200000000000004,456774636701154.562500
-0.40049,0.0236,0.055600000000000004,456774636701154.562500
-0.40048,0.0252,0.056400000000000006,456774636701154.562500
-0.40047,0.0228,0.056400000000000006,456774636701154.562500
-0.40046,0.0244,0.056400000000000006,456774636701154.562500
-0.40045,0.0204,0.056400000000000006,456774636701154.562500
-0.40044,0.0212,0.058,456774636701154.562500
-0.40043,0.0244,0.0572,456774636701154.562500
-0.40042,0.0236,0.055600000000000004,456774636701154.562500
-0.40041,0.0212,0.058,456774636701154.562500
-0.4004,0.0244,0.055600000000000004,456774636701154.562500
-0.40039,0.0236,0.054,456774636701154.562500
-0.40037999999999996,0.0228,0.055600000000000004,456774636701154.562500
-0.40037,0.0236,0.055600000000000004,456774636701154.562500
-0.40036,0.022000000000000002,0.056400000000000006,456774636701154.562500
-0.40035,0.0212,0.0548,456774636701154.562500
-0.40034,0.0212,0.056400000000000006,456774636701154.562500
-0.40032999999999996,0.0228,0.055600000000000004,456774636701154.562500
-0.40032,0.0212,0.056400000000000006,456774636701154.562500
-0.40031,0.0228,0.056400000000000006,456774636701154.562500
-0.4003,0.022000000000000002,0.056400000000000006,456774636701154.562500
-0.40029,0.022000000000000002,0.0572,456774636701154.562500
-0.40027999999999997,0.0204,0.0548,456774636701154.562500
-0.40027,0.0228,0.056400000000000006,456774636701154.562500
-0.40026,0.0236,0.056400000000000006,456774636701154.562500
-0.40025,0.0212,0.056400000000000006,456774636701154.562500
-0.40024,0.0196,0.0548,456774636701154.562500
-0.40023,0.018000000000000002,0.055600000000000004,456774636701154.562500
-0.40022,0.0196,0.0516,456774636701154.562500
-0.40021,0.022000000000000002,0.055600000000000004,456774636701154.562500
-0.4002,0.0228,0.0548,456774636701154.562500
-0.40019,0.0236,0.0548,456774636701154.562500
-0.40018,0.0236,0.055600000000000004,456774636701154.562500
-0.40017,0.0244,0.054,456774636701154.562500
-0.40015999999999996,0.0244,0.0516,456774636701154.562500
-0.40015,0.0236,0.0548,456774636701154.562500
-0.40014,0.0212,0.0572,456774636701154.562500
-0.40013,0.0252,0.0572,456774636701154.562500
-0.40012,0.0228,0.056400000000000006,456774636701154.562500
-0.40010999999999997,0.0228,0.0524,456774636701154.562500
-0.4001,0.0236,0.056400000000000006,456774636701154.562500
-0.40009,0.022000000000000002,0.048400000000000006,456774636701154.562500
-0.40008,0.0228,0.058,456774636701154.562500
-0.40007,0.0212,0.0548,456774636701154.562500
-0.40005999999999997,0.0244,0.0572,456774636701154.562500
-0.40005,0.0196,0.05,456774636701154.562500
-0.40004,0.0228,0.055600000000000004,456774636701154.562500
-0.40003,0.0228,0.056400000000000006,456774636701154.562500
-0.40002,0.0236,0.056400000000000006,456774636701154.562500
-0.40001,0.0212,0.055600000000000004,456774636701154.562500
-0.4,0.022000000000000002,0.0572,456774636701154.562500
-0.39999,0.0228,0.055600000000000004,456774636701154.562500
-0.39998,0.0228,0.056400000000000006,456774636701154.562500
-0.39997,0.0212,0.056400000000000006,456774636701154.562500
-0.39996,0.0228,0.0572,456774636701154.562500
-0.39994999999999997,0.022000000000000002,0.055600000000000004,456774636701154.562500
-0.39993999999999996,0.0204,0.0516,456774636701154.562500
-0.39993,0.0236,0.055600000000000004,456774636701154.562500
-0.39992,0.018000000000000002,0.056400000000000006,456774636701154.562500
-0.39991,0.0204,0.0572,456774636701154.562500
-0.3999,0.018000000000000002,0.0548,456774636701154.562500
-0.39988999999999997,0.0212,0.056400000000000006,456774636701154.562500
-0.39988,0.0212,0.0548,456774636701154.562500
-0.39987,0.0236,0.056400000000000006,456774636701154.562500
-0.39986,0.0236,0.055600000000000004,456774636701154.562500
-0.39985,0.0236,0.0548,456774636701154.562500
-0.39984,0.0228,0.0476,456774636701154.562500
-0.39983,0.0228,0.058,456774636701154.562500
-0.39982,0.0228,0.0516,456774636701154.562500
-0.39981,0.0252,0.055600000000000004,456774636701154.562500
-0.3998,0.0244,0.055600000000000004,456774636701154.562500
-0.39979,0.0244,0.056400000000000006,456774636701154.562500
-0.39978,0.0236,0.055600000000000004,456774636701154.562500
-0.39976999999999996,0.022000000000000002,0.053200000000000004,456774636701154.562500
-0.39976,0.0236,0.056400000000000006,456774636701154.562500
-0.39975,0.0228,0.055600000000000004,456774636701154.562500
-0.39974,0.022000000000000002,0.058,456774636701154.562500
-0.39973,0.0212,0.054,456774636701154.562500
-0.39971999999999996,0.022000000000000002,0.0572,456774636701154.562500
-0.39971,0.022000000000000002,0.055600000000000004,456774636701154.562500
-0.3997,0.0188,0.055600000000000004,456774636701154.562500
-0.39969,0.022000000000000002,0.056400000000000006,456774636701154.562500
-0.39968,0.022000000000000002,0.058,456774636701154.562500
-0.39966999999999997,0.022000000000000002,0.0524,456774636701154.562500
-0.39966,0.0196,0.0524,456774636701154.562500
-0.39965,0.022000000000000002,0.058,456774636701154.562500
-0.39964,0.0228,0.0572,456774636701154.562500
-0.39963,0.0212,0.0548,456774636701154.562500
-0.39962,0.0244,0.054,456774636701154.562500
-0.39961,0.022000000000000002,0.056400000000000006,456774636701154.562500
-0.3996,0.0212,0.055600000000000004,456774636701154.562500
-0.39959,0.0236,0.0572,456774636701154.562500
-0.39958,0.0228,0.056400000000000006,456774636701154.562500
-0.39957,0.022000000000000002,0.055600000000000004,456774636701154.562500
-0.39956,0.0244,0.056400000000000006,456774636701154.562500
-0.39954999999999996,0.026000000000000002,0.0516,456774636701154.562500
-0.39954,0.0252,0.054,456774636701154.562500
-0.39953,0.026000000000000002,0.0548,456774636701154.562500
-0.39952,0.0228,0.056400000000000006,456774636701154.562500
-0.39951,0.0244,0.0548,456774636701154.562500
-0.39949999999999997,0.0244,0.056400000000000006,456774636701154.562500
-0.39949,0.0244,0.0572,456774636701154.562500
-0.39948,0.0244,0.05,456774636701154.562500
-0.39947,0.0236,0.055600000000000004,456774636701154.562500
-0.39946,0.0228,0.054,456774636701154.562500
-0.39944999999999997,0.0228,0.055600000000000004,456774636701154.562500
-0.39944,0.0236,0.056400000000000006,456774636701154.562500
-0.39943,0.0236,0.0572,456774636701154.562500
-0.39942,0.0228,0.054,456774636701154.562500
-0.39941,0.0228,0.056400000000000006,456774636701154.562500
-0.3994,0.022000000000000002,0.056400000000000006,456774636701154.562500
-0.39939,0.0204,0.0572,456774636701154.562500
-0.39937999999999996,0.022000000000000002,0.058,456774636701154.562500
-0.39937,0.0204,0.0548,456774636701154.562500
-0.39936,0.022000000000000002,0.054,456774636701154.562500
-0.39935,0.022000000000000002,0.053200000000000004,456774636701154.562500
-0.39934,0.022000000000000002,0.055600000000000004,456774636701154.562500
-0.39932999999999996,0.0228,0.056400000000000006,456774636701154.562500
-0.39932,0.0236,0.055600000000000004,456774636701154.562500
-0.39931,0.0228,0.0572,456774636701154.562500
-0.3993,0.0236,0.055600000000000004,456774636701154.562500
-0.39929,0.0228,0.0572,456774636701154.562500
-0.39927999999999997,0.0228,0.055600000000000004,456774636701154.562500
-0.39927,0.0244,0.054,456774636701154.562500
-0.39926,0.0244,0.056400000000000006,456774636701154.562500
-0.39925,0.0228,0.0524,456774636701154.562500
-0.39924,0.022000000000000002,0.056400000000000006,456774636701154.562500
-0.39923,0.0228,0.0492,456774636701154.562500
-0.39922,0.0236,0.056400000000000006,456774636701154.562500
-0.39921,0.0228,0.0572,456774636701154.562500
-0.3992,0.0236,0.056400000000000006,456774636701154.562500
-0.39919,0.0228,0.0548,456774636701154.562500
-0.39918,0.0236,0.0572,456774636701154.562500
-0.39917,0.0236,0.056400000000000006,456774636701154.562500
-0.39915999999999996,0.0236,0.058,456774636701154.562500
-0.39915,0.0228,0.048400000000000006,456774636701154.562500
-0.39914,0.0244,0.054,456774636701154.562500
-0.39913,0.0244,0.0572,456774636701154.562500
-0.39912,0.0212,0.0572,456774636701154.562500
-0.39910999999999996,0.0212,0.0516,456774636701154.562500
-0.3991,0.0244,0.0516,456774636701154.562500
-0.39909,0.0212,0.0548,456774636701154.562500
-0.39908,0.0228,0.0524,456774636701154.562500
-0.39907,0.0188,0.050800000000000005,456774636701154.562500
-0.39905999999999997,0.0212,0.0468,456774636701154.562500
-0.39905,0.0204,0.055600000000000004,456774636701154.562500
-0.39904,0.022000000000000002,0.058,456774636701154.562500
-0.39903,0.022000000000000002,0.056400000000000006,456774636701154.562500
-0.39902,0.0236,0.054,456774636701154.562500
-0.39901,0.022000000000000002,0.0572,456774636701154.562500
-0.399,0.022000000000000002,0.058,456774636701154.562500
-0.39899,0.0228,0.056400000000000006,456774636701154.562500
-0.39898,0.0236,0.056400000000000006,456774636701154.562500
-0.39897,0.0236,0.0548,456774636701154.562500
-0.39896,0.0236,0.055600000000000004,456774636701154.562500
-0.39894999999999997,0.0236,0.0548,456774636701154.562500
-0.39893999999999996,0.0228,0.056400000000000006,456774636701154.562500
-0.39893,0.0244,0.0548,456774636701154.562500
-0.39892,0.0244,0.055600000000000004,456774636701154.562500
-0.39891,0.022000000000000002,0.0548,456774636701154.562500
-0.3989,0.026000000000000002,0.0524,456774636701154.562500
-0.39888999999999997,0.0244,0.055600000000000004,456774636701154.562500
-0.39888,0.026000000000000002,0.056400000000000006,456774636701154.562500
-0.39887,0.0244,0.055600000000000004,456774636701154.562500
-0.39886,0.0228,0.056400000000000006,456774636701154.562500
-0.39885,0.0228,0.056400000000000006,456774636701154.562500
-0.39884,0.022000000000000002,0.0572,456774636701154.562500
-0.39883,0.0228,0.0516,456774636701154.562500
-0.39882,0.0228,0.0524,456774636701154.562500
-0.39881,0.0204,0.056400000000000006,456774636701154.562500
-0.3988,0.0204,0.0572,456774636701154.562500
-0.39879,0.0188,0.056400000000000006,456774636701154.562500
-0.39878,0.0196,0.053200000000000004,456774636701154.562500
-0.39876999999999996,0.0204,0.0476,456774636701154.562500
-0.39876,0.0196,0.05,456774636701154.562500
-0.39875,0.022000000000000002,0.05,456774636701154.562500
-0.39874,0.0212,0.056400000000000006,456774636701154.562500
-0.39873,0.0212,0.054,456774636701154.562500
-0.39871999999999996,0.0236,0.05,456774636701154.562500
-0.39871,0.0236,0.0572,456774636701154.562500
-0.3987,0.0236,0.0572,456774636701154.562500
-0.39869,0.0228,0.0572,456774636701154.562500
-0.39868,0.0228,0.0572,456774636701154.562500
-0.39866999999999997,0.0244,0.058,456774636701154.562500
-0.39866,0.022000000000000002,0.056400000000000006,456774636701154.562500
-0.39865,0.0244,0.056400000000000006,456774636701154.562500
-0.39864,0.0236,0.0572,456774636701154.562500
-0.39863,0.0236,0.058,456774636701154.562500
-0.39862,0.0204,0.058800000000000005,456774636701154.562500
-0.39861,0.0244,0.056400000000000006,456774636701154.562500
-0.3986,0.022000000000000002,0.056400000000000006,456774636701154.562500
-0.39859,0.026000000000000002,0.055600000000000004,456774636701154.562500
-0.39858,0.0244,0.0572,456774636701154.562500
-0.39857,0.0252,0.056400000000000006,456774636701154.562500
-0.39856,0.0244,0.0516,456774636701154.562500
-0.39854999999999996,0.0236,0.0572,456774636701154.562500
-0.39854,0.0228,0.055600000000000004,456774636701154.562500
-0.39853,0.0236,0.055600000000000004,456774636701154.562500
-0.39852,0.0236,0.056400000000000006,456774636701154.562500
-0.39851,0.0252,0.0572,456774636701154.562500
-0.39849999999999997,0.0228,0.0548,456774636701154.562500
-0.39849,0.0228,0.056400000000000006,456774636701154.562500
-0.39848,0.0204,0.0548,456774636701154.562500
-0.39847,0.022000000000000002,0.0572,456774636701154.562500
-0.39846,0.0196,0.055600000000000004,456774636701154.562500
-0.39844999999999997,0.022000000000000002,0.055600000000000004,456774636701154.562500
-0.39844,0.018000000000000002,0.0492,456774636701154.562500
-0.39843,0.0204,0.055600000000000004,456774636701154.562500
-0.39842,0.0228,0.056400000000000006,456774636701154.562500
-0.39841,0.022000000000000002,0.054,456774636701154.562500
-0.3984,0.0228,0.0524,456774636701154.562500
-0.39839,0.0252,0.056400000000000006,456774636701154.562500
-0.39838,0.0204,0.056400000000000006,456774636701154.562500
-0.39837,0.0244,0.053200000000000004,456774636701154.562500
-0.39836,0.0228,0.056400000000000006,456774636701154.562500
-0.39835,0.0228,0.0572,456774636701154.562500
-0.39833999999999997,0.022000000000000002,0.0516,456774636701154.562500
-0.39832999999999996,0.0236,0.0572,456774636701154.562500
-0.39832,0.022000000000000002,0.056400000000000006,456774636701154.562500
-0.39831,0.0244,0.054,456774636701154.562500
-0.3983,0.0228,0.054,456774636701154.562500
-0.39829,0.0236,0.0572,456774636701154.562500
-0.39827999999999997,0.0228,0.055600000000000004,456774636701154.562500
-0.39827,0.0244,0.056400000000000006,456774636701154.562500
-0.39826,0.0228,0.0572,456774636701154.562500
-0.39825,0.022000000000000002,0.055600000000000004,456774636701154.562500
-0.39824,0.0228,0.0548,456774636701154.562500
-0.39823,0.0228,0.053200000000000004,456774636701154.562500
-0.39822,0.022000000000000002,0.056400000000000006,456774636701154.562500
-0.39821,0.0228,0.058800000000000005,456774636701154.562500
-0.3982,0.022000000000000002,0.0476,456774636701154.562500
-0.39819,0.0212,0.055600000000000004,456774636701154.562500
-0.39818,0.022000000000000002,0.0572,456774636701154.562500
-0.39817,0.022000000000000002,0.054,456774636701154.562500
-0.39815999999999996,0.0212,0.055600000000000004,456774636701154.562500
-0.39815,0.022000000000000002,0.056400000000000006,456774636701154.562500
-0.39814,0.0236,0.055600000000000004,456774636701154.562500
-0.39813,0.022000000000000002,0.054,456774636701154.562500
-0.39812,0.0228,0.056400000000000006,456774636701154.562500
-0.39810999999999996,0.0212,0.0572,456774636701154.562500
-0.3981,0.0164,0.056400000000000006,456774636701154.562500
-0.39809,0.0172,0.0572,456774636701154.562500
-0.39808,0.0204,0.058,456774636701154.562500
-0.39807,0.0212,0.055600000000000004,456774636701154.562500
-0.39805999999999997,0.022000000000000002,0.055600000000000004,456774636701154.562500
-0.39805,0.0212,0.0572,456774636701154.562500
-0.39804,0.0228,0.055600000000000004,456774636701154.562500
-0.39803,0.0228,0.056400000000000006,456774636701154.562500
-0.39802,0.0236,0.0524,456774636701154.562500
-0.39801,0.0244,0.058,456774636701154.562500
-0.398,0.0244,0.055600000000000004,456774636701154.562500
-0.39799,0.0244,0.056400000000000006,456774636701154.562500
-0.39798,0.0244,0.054,456774636701154.562500
-0.39797,0.0252,0.0548,456774636701154.562500
-0.39796,0.0236,0.056400000000000006,456774636701154.562500
-0.39795,0.0244,0.05,456774636701154.562500
-0.39793999999999996,0.0244,0.056400000000000006,456774636701154.562500
-0.39793,0.022000000000000002,0.055600000000000004,456774636701154.562500
-0.39792,0.0228,0.056400000000000006,456774636701154.562500
-0.39791,0.0236,0.055600000000000004,456774636701154.562500
-0.3979,0.022000000000000002,0.056400000000000006,456774636701154.562500
-0.39788999999999997,0.022000000000000002,0.058,456774636701154.562500
-0.39788,0.0228,0.056400000000000006,456774636701154.562500
-0.39787,0.0228,0.0548,456774636701154.562500
-0.39786,0.0228,0.0524,456774636701154.562500
-0.39785,0.022000000000000002,0.055600000000000004,456774636701154.562500
-0.39783999999999997,0.0212,0.050800000000000005,456774636701154.562500
-0.39783,0.0196,0.056400000000000006,456774636701154.562500
-0.39782,0.0212,0.056400000000000006,456774636701154.562500
-0.39781,0.0204,0.055600000000000004,456774636701154.562500
-0.3978,0.0228,0.053200000000000004,456774636701154.562500
-0.39779,0.0228,0.053200000000000004,456774636701154.562500
-0.39778,0.0228,0.054,456774636701154.562500
-0.39777,0.0236,0.053200000000000004,456774636701154.562500
-0.39776,0.0236,0.056400000000000006,456774636701154.562500
-0.39775,0.022000000000000002,0.0572,456774636701154.562500
-0.39774,0.0228,0.0572,456774636701154.562500
-0.39773,0.0188,0.055600000000000004,456774636701154.562500
-0.39771999999999996,0.0244,0.056400000000000006,456774636701154.562500
-0.39771,0.0236,0.0548,456774636701154.562500
-0.3977,0.0252,0.058,456774636701154.562500
-0.39769,0.0244,0.054,456774636701154.562500
-0.39768,0.0236,0.055600000000000004,456774636701154.562500
-0.39766999999999997,0.0244,0.0516,456774636701154.562500
-0.39766,0.0228,0.056400000000000006,456774636701154.562500
-0.39765,0.0244,0.056400000000000006,456774636701154.562500
-0.39764,0.0236,0.055600000000000004,456774636701154.562500
-0.39763,0.0228,0.058,456774636701154.562500
-0.39762,0.022000000000000002,0.0572,456774636701154.562500
-0.39761,0.022000000000000002,0.056400000000000006,456774636701154.562500
-0.3976,0.0228,0.0572,456774636701154.562500
-0.39759,0.022000000000000002,0.055600000000000004,456774636701154.562500
-0.39758,0.0228,0.056400000000000006,456774636701154.562500
-0.39757,0.022000000000000002,0.05,456774636701154.562500
-0.39756,0.022000000000000002,0.056400000000000006,456774636701154.562500
-0.39754999999999996,0.022000000000000002,0.0548,456774636701154.562500
-0.39754,0.022000000000000002,0.0516,456774636701154.562500
-0.39753,0.0228,0.054,456774636701154.562500
-0.39752,0.0212,0.0572,456774636701154.562500
-0.39751,0.0212,0.055600000000000004,456774636701154.562500
-0.39749999999999996,0.0228,0.056400000000000006,456774636701154.562500
-0.39749,0.0204,0.0572,456774636701154.562500
-0.39748,0.0236,0.0572,456774636701154.562500
-0.39747,0.022000000000000002,0.058,456774636701154.562500
-0.39746,0.0236,0.058,456774636701154.562500
-0.39744999999999997,0.0244,0.0572,456774636701154.562500
-0.39744,0.0236,0.055600000000000004,456774636701154.562500
-0.39743,0.0236,0.0572,456774636701154.562500
-0.39742,0.0244,0.0572,456774636701154.562500
-0.39741,0.0236,0.050800000000000005,456774636701154.562500
-0.3974,0.026000000000000002,0.058800000000000005,456774636701154.562500
-0.39739,0.0244,0.0516,456774636701154.562500
-0.39738,0.0236,0.056400000000000006,456774636701154.562500
-0.39737,0.0236,0.0572,456774636701154.562500
-0.39736,0.0252,0.055600000000000004,456774636701154.562500
-0.39735,0.0228,0.0572,456774636701154.562500
-0.39733999999999997,0.022000000000000002,0.055600000000000004,456774636701154.562500
-0.39732999999999996,0.0244,0.0572,456774636701154.562500
-0.39732,0.0244,0.0572,456774636701154.562500
-0.39731,0.022000000000000002,0.058,456774636701154.562500
-0.3973,0.0228,0.0572,456774636701154.562500
-0.39729,0.0228,0.0572,456774636701154.562500
-0.39727999999999997,0.0228,0.058,456774636701154.562500
-0.39727,0.0228,0.058,456774636701154.562500
-0.39726,0.022000000000000002,0.056400000000000006,456774636701154.562500
-0.39725,0.022000000000000002,0.05,456774636701154.562500
-0.39724,0.0196,0.053200000000000004,456774636701154.562500
-0.39722999999999997,0.0204,0.0572,456774636701154.562500
-0.39722,0.014,0.055600000000000004,456774636701154.562500
-0.39721,0.0172,0.05,456774636701154.562500
-0.3972,0.0228,0.0572,456774636701154.562500
-0.39719,0.0196,0.055600000000000004,456774636701154.562500
-0.39718,0.0188,0.054,456774636701154.562500
-0.39717,0.0228,0.058,456774636701154.562500
-0.39715999999999996,0.0244,0.050800000000000005,456774636701154.562500
-0.39715,0.0228,0.058,456774636701154.562500
-0.39714,0.0244,0.0548,456774636701154.562500
-0.39713,0.0236,0.055600000000000004,456774636701154.562500
-0.39712,0.0252,0.053200000000000004,456774636701154.562500
-0.39710999999999996,0.0244,0.0492,456774636701154.562500
-0.3971,0.026000000000000002,0.05,456774636701154.562500
-0.39709,0.0252,0.0524,456774636701154.562500
-0.39708,0.0244,0.054,456774636701154.562500
-0.39707,0.0244,0.050800000000000005,456774636701154.562500
-0.39705999999999997,0.0236,0.056400000000000006,456774636701154.562500
-0.39705,0.0244,0.055600000000000004,456774636701154.562500
-0.39704,0.0236,0.0572,456774636701154.562500
-0.39703,0.0212,0.0572,456774636701154.562500
-0.39702,0.0228,0.055600000000000004,456774636701154.562500
-0.39701,0.022000000000000002,0.055600000000000004,456774636701154.562500
-0.397,0.0236,0.053200000000000004,456774636701154.562500
-0.39699,0.0228,0.0524,456774636701154.562500
-0.39698,0.0228,0.056400000000000006,456774636701154.562500
-0.39697,0.0228,0.0572,456774636701154.562500
-0.39696,0.0228,0.056400000000000006,456774636701154.562500
-0.39695,0.0228,0.055600000000000004,456774636701154.562500
-0.39693999999999996,0.0212,0.055600000000000004,456774636701154.562500
-0.39693,0.0196,0.056400000000000006,456774636701154.562500
-0.39692,0.0212,0.0516,456774636701154.562500
-0.39691,0.0236,0.0572,456774636701154.562500
-0.3969,0.0228,0.0492,456774636701154.562500
-0.39688999999999997,0.0212,0.0572,456774636701154.562500
-0.39688,0.0244,0.056400000000000006,456774636701154.562500
-0.39687,0.0228,0.050800000000000005,456774636701154.562500
-0.39686,0.0236,0.0572,456774636701154.562500
-0.39685,0.0228,0.055600000000000004,456774636701154.562500
-0.39683999999999997,0.0228,0.056400000000000006,456774636701154.562500
-0.39683,0.0236,0.055600000000000004,456774636701154.562500
-0.39682,0.0228,0.055600000000000004,456774636701154.562500
-0.39681,0.0236,0.056400000000000006,456774636701154.562500
-0.3968,0.0252,0.055600000000000004,456774636701154.562500
-0.39679,0.0236,0.056400000000000006,456774636701154.562500
-0.39678,0.0236,0.0548,456774636701154.562500
-0.39677,0.0244,0.056400000000000006,456774636701154.562500
-0.39676,0.0244,0.058,456774636701154.562500
-0.39675,0.0236,0.0548,456774636701154.562500
-0.39674,0.0236,0.058,456774636701154.562500
-0.39672999999999997,0.0236,0.0572,456774636701154.562500
-0.39671999999999996,0.0228,0.0572,456774636701154.562500
-0.39671,0.022000000000000002,0.056400000000000006,456774636701154.562500
-0.3967,0.0236,0.054,456774636701154.562500
-0.39669,0.0212,0.056400000000000006,456774636701154.562500
-0.39668,0.0228,0.0572,456774636701154.562500
-0.39666999999999997,0.0228,0.055600000000000004,456774636701154.562500
-0.39666,0.0196,0.056400000000000006,456774636701154.562500
-0.39665,0.0204,0.054,456774636701154.562500
-0.39664,0.0204,0.055600000000000004,456774636701154.562500
-0.39663,0.0212,0.0524,456774636701154.562500
-0.39662,0.022000000000000002,0.055600000000000004,456774636701154.562500
-0.39661,0.0212,0.056400000000000006,456774636701154.562500
-0.3966,0.0236,0.054,456774636701154.562500
-0.39659,0.0236,0.0524,456774636701154.562500
-0.39658,0.022000000000000002,0.056400000000000006,456774636701154.562500
-0.39657,0.022000000000000002,0.056400000000000006,456774636701154.562500
-0.39656,0.0228,0.0572,456774636701154.562500
-0.39654999999999996,0.0188,0.0572,456774636701154.562500
-0.39654,0.018000000000000002,0.056400000000000006,456774636701154.562500
-0.39653,0.0204,0.0572,456774636701154.562500
-0.39652,0.0188,0.0572,456774636701154.562500
-0.39651,0.0236,0.056400000000000006,456774636701154.562500
-0.39649999999999996,0.0236,0.056400000000000006,456774636701154.562500
-0.39649,0.0236,0.0572,456774636701154.562500
-0.39648,0.0252,0.055600000000000004,456774636701154.562500
-0.39647,0.0236,0.0516,456774636701154.562500
-0.39646,0.0252,0.054,456774636701154.562500
-0.39644999999999997,0.0236,0.0548,456774636701154.562500
-0.39644,0.0252,0.0572,456774636701154.562500
-0.39643,0.022000000000000002,0.055600000000000004,456774636701154.562500
-0.39642,0.0244,0.056400000000000006,456774636701154.562500
-0.39641,0.0236,0.056400000000000006,456774636701154.562500
-0.3964,0.0228,0.0572,456774636701154.562500
-0.39639,0.0228,0.0572,456774636701154.562500
-0.39638,0.0228,0.058,456774636701154.562500
-0.39637,0.0196,0.055600000000000004,456774636701154.562500
-0.39636,0.0204,0.058,456774636701154.562500
-0.39635,0.022000000000000002,0.055600000000000004,456774636701154.562500
-0.39634,0.0204,0.054,456774636701154.562500
-0.39632999999999996,0.022000000000000002,0.0572,456774636701154.562500
-0.39632,0.0228,0.058800000000000005,456774636701154.562500
-0.39631,0.0228,0.056400000000000006,456774636701154.562500
-0.3963,0.0236,0.055600000000000004,456774636701154.562500
-0.39629,0.0236,0.058,456774636701154.562500
-0.39627999999999997,0.0204,0.0572,456774636701154.562500
-0.39627,0.022000000000000002,0.0572,456774636701154.562500
-0.39626,0.022000000000000002,0.054,456774636701154.562500
-0.39625,0.0228,0.0572,456774636701154.562500
-0.39624,0.0212,0.056400000000000006,456774636701154.562500
-0.39622999999999997,0.0228,0.058800000000000005,456774636701154.562500
-0.39622,0.0236,0.053200000000000004,456774636701154.562500
-0.39621,0.0228,0.055600000000000004,456774636701154.562500
-0.3962,0.0252,0.056400000000000006,456774636701154.562500
-0.39619,0.0236,0.053200000000000004,456774636701154.562500
-0.39618,0.0244,0.056400000000000006,456774636701154.562500
-0.39617,0.0236,0.0572,456774636701154.562500
-0.39616,0.0252,0.056400000000000006,456774636701154.562500
-0.39615,0.0236,0.058,456774636701154.562500
-0.39614,0.0236,0.0572,456774636701154.562500
-0.39613,0.0228,0.054,456774636701154.562500
-0.39611999999999997,0.0236,0.0572,456774636701154.562500
-0.39610999999999996,0.0236,0.055600000000000004,456774636701154.562500
-0.3961,0.0212,0.045200000000000004,456774636701154.562500
-0.39609,0.0204,0.048400000000000006,456774636701154.562500
-0.39608,0.0228,0.042800000000000005,456774636701154.562500
-0.39607,0.0188,0.045200000000000004,456774636701154.562500
-0.39605999999999997,0.022000000000000002,0.040400000000000005,456774636701154.562500
-0.39605,0.0228,0.055600000000000004,456774636701154.562500
-0.39604,0.022000000000000002,0.046,456774636701154.562500
-0.39603,0.022000000000000002,0.054,456774636701154.562500
-0.39602,0.0228,0.056400000000000006,456774636701154.562500
-0.39601,0.022000000000000002,0.056400000000000006,456774636701154.562500
-0.396,0.0228,0.053200000000000004,456774636701154.562500
-0.39599,0.0212,0.056400000000000006,456774636701154.562500
-0.39598,0.0196,0.0572,456774636701154.562500
-0.39597,0.0212,0.0516,456774636701154.562500
-0.39596,0.0164,0.0548,456774636701154.562500
-0.39595,0.0212,0.055600000000000004,456774636701154.562500
-0.39593999999999996,0.0196,0.0572,456774636701154.562500
-0.39593,0.022000000000000002,0.0492,456774636701154.562500
-0.39592,0.022000000000000002,0.055600000000000004,456774636701154.562500
-0.39591,0.0204,0.0476,456774636701154.562500
-0.3959,0.0212,0.0492,456774636701154.562500
-0.39588999999999996,0.022000000000000002,0.0444,456774636701154.562500
-0.39588,0.0212,0.042,456774636701154.562500
-0.39587,0.0244,0.0516,456774636701154.562500
-0.39586,0.0252,0.0548,456774636701154.562500
-0.39585,0.0204,0.053200000000000004,456774636701154.562500
-0.39583999999999997,0.0204,0.055600000000000004,456774636701154.562500
-0.39583,0.0172,0.055600000000000004,456774636701154.562500
-0.39582,0.0212,0.055600000000000004,456774636701154.562500
-0.39581,0.0196,0.055600000000000004,456774636701154.562500
-0.3958,0.0196,0.050800000000000005,456774636701154.562500
-0.39579,0.0204,0.0548,456774636701154.562500
-0.39578,0.0228,0.0572,456774636701154.562500
-0.39577,0.022000000000000002,0.055600000000000004,456774636701154.562500
-0.39576,0.0212,0.058,456774636701154.562500
-0.39575,0.0228,0.0572,456774636701154.562500
-0.39574,0.0228,0.056400000000000006,456774636701154.562500
-0.39572999999999997,0.022000000000000002,0.056400000000000006,456774636701154.562500
-0.39571999999999996,0.022000000000000002,0.053200000000000004,456774636701154.562500
-0.39571,0.0228,0.056400000000000006,456774636701154.562500
-0.3957,0.0236,0.0572,456774636701154.562500
-0.39569,0.0228,0.0516,456774636701154.562500
-0.39568,0.0204,0.056400000000000006,456774636701154.562500
-0.39566999999999997,0.0204,0.0572,456774636701154.562500
-0.39566,0.0236,0.058,456774636701154.562500
-0.39565,0.0236,0.056400000000000006,456774636701154.562500
-0.39564,0.0228,0.0572,456774636701154.562500
-0.39563,0.0228,0.056400000000000006,456774636701154.562500
-0.39561999999999997,0.0228,0.056400000000000006,456774636701154.562500
-0.39561,0.0236,0.058,456774636701154.562500
-0.3956,0.0252,0.056400000000000006,456774636701154.562500
-0.39559,0.0244,0.0572,456774636701154.562500
-0.39558,0.0244,0.0572,456774636701154.562500
-0.39557,0.0244,0.055600000000000004,456774636701154.562500
-0.39556,0.0252,0.0572,456774636701154.562500
-0.39554999999999996,0.0244,0.0516,456774636701154.562500
-0.39554,0.0244,0.056400000000000006,456774636701154.562500
-0.39553,0.0244,0.0548,456774636701154.562500
-0.39552,0.0228,0.056400000000000006,456774636701154.562500
-0.39551,0.0228,0.0572,456774636701154.562500
-0.39549999999999996,0.0236,0.055600000000000004,456774636701154.562500
-0.39549,0.022000000000000002,0.0516,456774636701154.562500
-0.39548,0.022000000000000002,0.050800000000000005,456774636701154.562500
-0.39547,0.0228,0.0516,456774636701154.562500
-0.39546,0.022000000000000002,0.058,456774636701154.562500
-0.39544999999999997,0.022000000000000002,0.054,456774636701154.562500
-0.39544,0.0164,0.056400000000000006,456774636701154.562500
-0.39543,0.0212,0.055600000000000004,456774636701154.562500
-0.39542,0.0196,0.0572,456774636701154.562500
-0.39541,0.0236,0.056400000000000006,456774636701154.562500
-0.3954,0.0244,0.054,456774636701154.562500
-0.39539,0.0228,0.053200000000000004,456774636701154.562500
-0.39538,0.0236,0.055600000000000004,456774636701154.562500
-0.39537,0.0188,0.055600000000000004,456774636701154.562500
-0.39536,0.022000000000000002,0.0548,456774636701154.562500
-0.39535,0.0228,0.05,456774636701154.562500
-0.39534,0.0228,0.056400000000000006,456774636701154.562500
-0.39532999999999996,0.0196,0.055600000000000004,456774636701154.562500
-0.39532,0.0228,0.054,456774636701154.562500
-0.39531,0.0228,0.0572,456774636701154.562500
-0.3953,0.022000000000000002,0.056400000000000006,456774636701154.562500
-0.39529,0.0228,0.0572,456774636701154.562500
-0.39527999999999996,0.0236,0.0548,456774636701154.562500
-0.39527,0.0236,0.056400000000000006,456774636701154.562500
-0.39526,0.0236,0.0548,456774636701154.562500
-0.39525,0.026000000000000002,0.056400000000000006,456774636701154.562500
-0.39524,0.0244,0.055600000000000004,456774636701154.562500
-0.39522999999999997,0.0236,0.055600000000000004,456774636701154.562500
-0.39522,0.0236,0.056400000000000006,456774636701154.562500
-0.39521,0.0212,0.058,456774636701154.562500
-0.3952,0.022000000000000002,0.054,456774636701154.562500
-0.39519,0.0228,0.054,456774636701154.562500
-0.39518,0.0212,0.0492,456774636701154.562500
-0.39517,0.0228,0.050800000000000005,456774636701154.562500
-0.39516,0.022000000000000002,0.0524,456774636701154.562500
-0.39515,0.022000000000000002,0.053200000000000004,456774636701154.562500
-0.39514,0.022000000000000002,0.055600000000000004,456774636701154.562500
-0.39513,0.0228,0.0524,456774636701154.562500
-0.39511999999999997,0.0204,0.046,456774636701154.562500
-0.39510999999999996,0.0212,0.0468,456774636701154.562500
-0.3951,0.022000000000000002,0.048400000000000006,456774636701154.562500
-0.39509,0.022000000000000002,0.050800000000000005,456774636701154.562500
-0.39508,0.0204,0.050800000000000005,456774636701154.562500
-0.39507,0.022000000000000002,0.046,456774636701154.562500
-0.39505999999999997,0.0236,0.054,456774636701154.562500
-0.39505,0.0212,0.055600000000000004,456774636701154.562500
-0.39504,0.0236,0.055600000000000004,456774636701154.562500
-0.39503,0.0228,0.0516,456774636701154.562500
-0.39502,0.0228,0.0492,456774636701154.562500
-0.39501,0.0228,0.0476,456774636701154.562500
-0.395,0.0236,0.0524,456774636701154.562500
-0.39499,0.0244,0.0548,456774636701154.562500
-0.39498,0.0244,0.0572,456774636701154.562500
-0.39497,0.0252,0.0524,456774636701154.562500
-0.39496,0.0252,0.0524,456774636701154.562500
-0.39495,0.0244,0.0516,456774636701154.562500
-0.39493999999999996,0.0252,0.058,456774636701154.562500
-0.39493,0.0228,0.0572,456774636701154.562500
-0.39492,0.0252,0.0572,456774636701154.562500
-0.39491,0.0228,0.056400000000000006,456774636701154.562500
-0.3949,0.0244,0.056400000000000006,456774636701154.562500
-0.39488999999999996,0.022000000000000002,0.056400000000000006,456774636701154.562500
-0.39488,0.0236,0.055600000000000004,456774636701154.562500
-0.39487,0.0204,0.0524,456774636701154.562500
-0.39486,0.022000000000000002,0.0492,456774636701154.562500
-0.39485,0.0204,0.048400000000000006,456774636701154.562500
-0.39483999999999997,0.0204,0.050800000000000005,456774636701154.562500
-0.39483,0.022000000000000002,0.054,456774636701154.562500
-0.39482,0.0204,0.0572,456774636701154.562500
-0.39481,0.0228,0.0572,456774636701154.562500
-0.3948,0.0196,0.056400000000000006,456774636701154.562500
-0.39479,0.0236,0.0548,456774636701154.562500
-0.39478,0.022000000000000002,0.0572,456774636701154.562500
-0.39477,0.0196,0.054,456774636701154.562500
-0.39476,0.022000000000000002,0.056400000000000006,456774636701154.562500
-0.39475,0.022000000000000002,0.055600000000000004,456774636701154.562500
-0.39474,0.0236,0.0572,456774636701154.562500
-0.39473,0.0228,0.0444,456774636701154.562500
-0.39471999999999996,0.0228,0.053200000000000004,456774636701154.562500
-0.39471,0.0212,0.045200000000000004,456774636701154.562500
-0.3947,0.0204,0.046,456774636701154.562500
-0.39469,0.0244,0.0444,456774636701154.562500
-0.39468,0.022000000000000002,0.0492,456774636701154.562500
-0.39466999999999997,0.0244,0.0436,456774636701154.562500
-0.39466,0.022000000000000002,0.056400000000000006,456774636701154.562500
-0.39465,0.0204,0.0516,456774636701154.562500
-0.39464,0.0212,0.0572,456774636701154.562500
-0.39463,0.0228,0.053200000000000004,456774636701154.562500
-0.39461999999999997,0.0228,0.055600000000000004,456774636701154.562500
-0.39461,0.022000000000000002,0.0524,456774636701154.562500
-0.3946,0.0244,0.055600000000000004,456774636701154.562500
-0.39459,0.0212,0.055600000000000004,456774636701154.562500
-0.39458,0.0244,0.0572,456774636701154.562500
-0.39457,0.022000000000000002,0.056400000000000006,456774636701154.562500
-0.39456,0.0236,0.056400000000000006,456774636701154.562500
-0.39455,0.0228,0.058,456774636701154.562500
-0.39454,0.0212,0.053200000000000004,456774636701154.562500
-0.39453,0.0228,0.056400000000000006,456774636701154.562500
-0.39452,0.0212,0.055600000000000004,456774636701154.562500
-0.39450999999999997,0.0228,0.056400000000000006,456774636701154.562500
-0.39449999999999996,0.022000000000000002,0.0548,456774636701154.562500
-0.39449,0.0228,0.0396,456774636701154.562500
-0.39448,0.022000000000000002,0.056400000000000006,456774636701154.562500
-0.39447,0.0188,0.0492,456774636701154.562500
-0.39446,0.0228,0.05,456774636701154.562500
-0.39444999999999997,0.0244,0.056400000000000006,456774636701154.562500
-0.39444,0.022000000000000002,0.055600000000000004,456774636701154.562500
-0.39443,0.0212,0.055600000000000004,456774636701154.562500
-0.39442,0.0244,0.0572,456774636701154.562500
-0.39441,0.022000000000000002,0.0572,456774636701154.562500
-0.3944,0.0228,0.058,456774636701154.562500
-0.39439,0.022000000000000002,0.054,456774636701154.562500
-0.39438,0.0236,0.056400000000000006,456774636701154.562500
-0.39437,0.0228,0.056400000000000006,456774636701154.562500
-0.39436,0.0252,0.056400000000000006,456774636701154.562500
-0.39435,0.0244,0.0412,456774636701154.562500
-0.39434,0.0244,0.056400000000000006,456774636701154.562500
-0.39432999999999996,0.0236,0.0572,456774636701154.562500
-0.39432,0.0236,0.054,456774636701154.562500
-0.39431,0.0228,0.056400000000000006,456774636701154.562500
-0.3943,0.0236,0.056400000000000006,456774636701154.562500
-0.39429,0.0228,0.056400000000000006,456774636701154.562500
-0.39427999999999996,0.0228,0.0572,456774636701154.562500
-0.39427,0.0228,0.0476,456774636701154.562500
-0.39426,0.022000000000000002,0.0572,456774636701154.562500
-0.39425,0.022000000000000002,0.056400000000000006,456774636701154.562500
-0.39424,0.022000000000000002,0.055600000000000004,456774636701154.562500
-0.39422999999999997,0.0228,0.0572,456774636701154.562500
-0.39422,0.0204,0.056400000000000006,456774636701154.562500
-0.39421,0.0212,0.053200000000000004,456774636701154.562500
-0.3942,0.018000000000000002,0.055600000000000004,456774636701154.562500
-0.39419,0.0172,0.0548,456774636701154.562500
-0.39418,0.022000000000000002,0.0548,456774636701154.562500
-0.39417,0.022000000000000002,0.050800000000000005,456774636701154.562500
-0.39416,0.0212,0.056400000000000006,456774636701154.562500
-0.39415,0.022000000000000002,0.0476,456774636701154.562500
-0.39414,0.0212,0.0524,456774636701154.562500
-0.39413,0.0236,0.0492,456774636701154.562500
-0.39412,0.0236,0.054,456774636701154.562500
-0.39410999999999996,0.022000000000000002,0.0516,456774636701154.562500
-0.3941,0.018000000000000002,0.055600000000000004,456774636701154.562500
-0.39409,0.0228,0.056400000000000006,456774636701154.562500
-0.39408,0.0204,0.0548,456774636701154.562500
-0.39407,0.0244,0.056400000000000006,456774636701154.562500
-0.39405999999999997,0.0204,0.055600000000000004,456774636701154.562500
-0.39405,0.0244,0.056400000000000006,456774636701154.562500
-0.39404,0.0244,0.055600000000000004,456774636701154.562500
-0.39403,0.0244,0.056400000000000006,456774636701154.562500
-0.39402,0.0228,0.0572,456774636701154.562500
-0.39400999999999997,0.0236,0.0524,456774636701154.562500
-0.394,0.0236,0.053200000000000004,456774636701154.562500
-0.39399,0.0236,0.053200000000000004,456774636701154.562500
-0.39398,0.0236,0.046,456774636701154.562500
-0.39397,0.0188,0.0516,456774636701154.562500
-0.39396,0.0204,0.0436,456774636701154.562500
-0.39395,0.0212,0.0468,456774636701154.562500
-0.39393999999999996,0.0228,0.0516,456774636701154.562500
-0.39393,0.0188,0.056400000000000006,456774636701154.562500
-0.39392,0.0212,0.055600000000000004,456774636701154.562500
-0.39391,0.0212,0.0548,456774636701154.562500
-0.3939,0.0228,0.055600000000000004,456774636701154.562500
-0.39388999999999996,0.022000000000000002,0.056400000000000006,456774636701154.562500
-0.39388,0.022000000000000002,0.054,456774636701154.562500
-0.39387,0.0212,0.050800000000000005,456774636701154.562500
-0.39386,0.022000000000000002,0.055600000000000004,456774636701154.562500
-0.39385,0.0212,0.0476,456774636701154.562500
-0.39383999999999997,0.022000000000000002,0.053200000000000004,456774636701154.562500
-0.39383,0.0228,0.0476,456774636701154.562500
-0.39382,0.0236,0.058,456774636701154.562500
-0.39381,0.0228,0.05,456774636701154.562500
-0.3938,0.0228,0.055600000000000004,456774636701154.562500
-0.39379,0.0228,0.056400000000000006,456774636701154.562500
-0.39378,0.0236,0.056400000000000006,456774636701154.562500
-0.39377,0.0244,0.05,456774636701154.562500
-0.39376,0.0244,0.053200000000000004,456774636701154.562500
-0.39375,0.0228,0.045200000000000004,456774636701154.562500
-0.39374,0.0252,0.0524,456774636701154.562500
-0.39373,0.0204,0.053200000000000004,456774636701154.562500
-0.39371999999999996,0.0236,0.056400000000000006,456774636701154.562500
-0.39371,0.0196,0.050800000000000005,456774636701154.562500
-0.3937,0.0244,0.055600000000000004,456774636701154.562500
-0.39369,0.0212,0.0572,456774636701154.562500
-0.39368,0.0212,0.054,456774636701154.562500
-0.39366999999999996,0.0172,0.053200000000000004,456774636701154.562500
-0.39366,0.0236,0.056400000000000006,456774636701154.562500
-0.39365,0.0228,0.0516,456774636701154.562500
-0.39364,0.0236,0.05,456774636701154.562500
-0.39363,0.0212,0.0476,456774636701154.562500
-0.39361999999999997,0.022000000000000002,0.054,456774636701154.562500
-0.39361,0.0228,0.0444,456774636701154.562500
-0.3936,0.0228,0.054,456774636701154.562500
-0.39359,0.018000000000000002,0.054,456774636701154.562500
-0.39358,0.022000000000000002,0.0548,456774636701154.562500
-0.39357,0.0204,0.048400000000000006,456774636701154.562500
-0.39356,0.0212,0.05,456774636701154.562500
-0.39355,0.0228,0.0476,456774636701154.562500
-0.39354,0.0236,0.053200000000000004,456774636701154.562500
-0.39353,0.0244,0.048400000000000006,456774636701154.562500
-0.39352,0.022000000000000002,0.0516,456774636701154.562500
-0.39350999999999997,0.0204,0.0516,456774636701154.562500
-0.39349999999999996,0.0212,0.054,456774636701154.562500
-0.39349,0.0212,0.046,456774636701154.562500
-0.39348,0.0228,0.0524,456774636701154.562500
-0.39347,0.0236,0.042800000000000005,456774636701154.562500
-0.39346,0.0252,0.046,456774636701154.562500
-0.39344999999999997,0.0236,0.0468,456774636701154.562500
-0.39344,0.0252,0.0524,456774636701154.562500
-0.39343,0.022000000000000002,0.0476,456774636701154.562500
-0.39342,0.0244,0.056400000000000006,456774636701154.562500
-0.39341,0.0228,0.0548,456774636701154.562500
-0.39339999999999997,0.0228,0.054,456774636701154.562500
-0.39339,0.0244,0.056400000000000006,456774636701154.562500
-0.39338,0.0196,0.0572,456774636701154.562500
-0.39337,0.0236,0.0572,456774636701154.562500
-0.39336,0.0228,0.053200000000000004,456774636701154.562500
-0.39335,0.022000000000000002,0.054,456774636701154.562500
-0.39334,0.0236,0.054,456774636701154.562500
-0.39332999999999996,0.0204,0.0524,456774636701154.562500
-0.39332,0.0236,0.050800000000000005,456774636701154.562500
-0.39331,0.022000000000000002,0.054,456774636701154.562500
-0.3933,0.022000000000000002,0.0516,456774636701154.562500
-0.39329,0.0196,0.05,456774636701154.562500
-0.39327999999999996,0.0204,0.0468,456774636701154.562500
-0.39327,0.0148,0.055600000000000004,456774636701154.562500
-0.39326,0.0196,0.0436,456774636701154.562500
-0.39325,0.0204,0.0492,456774636701154.562500
-0.39324,0.0196,0.0444,456774636701154.562500
-0.39322999999999997,0.0204,0.054,456774636701154.562500
-0.39322,0.022000000000000002,0.050800000000000005,456774636701154.562500
-0.39321,0.022000000000000002,0.056400000000000006,456774636701154.562500
-0.3932,0.0212,0.055600000000000004,456774636701154.562500
-0.39319,0.0236,0.0572,456774636701154.562500
-0.39318,0.0228,0.056400000000000006,456774636701154.562500
-0.39317,0.0244,0.058,456774636701154.562500
-0.39316,0.0212,0.054,456774636701154.562500
-0.39315,0.0204,0.055600000000000004,456774636701154.562500
-0.39314,0.018000000000000002,0.0492,456774636701154.562500
-0.39313,0.0204,0.0524,456774636701154.562500
-0.39312,0.0228,0.056400000000000006,456774636701154.562500
-0.39310999999999996,0.026000000000000002,0.056400000000000006,456774636701154.562500
-0.3931,0.0236,0.0572,456774636701154.562500
-0.39309,0.0244,0.055600000000000004,456774636701154.562500
-0.39308,0.0252,0.0572,456774636701154.562500
-0.39307,0.0236,0.0548,456774636701154.562500
-0.39305999999999996,0.022000000000000002,0.056400000000000006,456774636701154.562500
-0.39305,0.022000000000000002,0.056400000000000006,456774636701154.562500
-0.39304,0.022000000000000002,0.05,456774636701154.562500
-0.39303,0.0228,0.0572,456774636701154.562500
-0.39302,0.0236,0.054,456774636701154.562500
-0.39300999999999997,0.0236,0.055600000000000004,456774636701154.562500
-0.393,0.0188,0.054,456774636701154.562500
-0.39299,0.022000000000000002,0.0548,456774636701154.562500
-0.39298,0.0228,0.0548,456774636701154.562500
-0.39297,0.0228,0.053200000000000004,456774636701154.562500
-0.39296,0.0228,0.058,456774636701154.562500
-0.39295,0.0228,0.053200000000000004,456774636701154.562500
-0.39294,0.0228,0.0572,456774636701154.562500
-0.39293,0.022000000000000002,0.0476,456774636701154.562500
-0.39292,0.022000000000000002,0.056400000000000006,456774636701154.562500
-0.39291,0.0188,0.0516,456774636701154.562500
-0.39289999999999997,0.0228,0.0572,456774636701154.562500
-0.39288999999999996,0.0164,0.058,456774636701154.562500
-0.39288,0.0228,0.053200000000000004,456774636701154.562500
-0.39287,0.0228,0.050800000000000005,456774636701154.562500
-0.39286,0.0228,0.0524,456774636701154.562500
-0.39285,0.0236,0.050800000000000005,456774636701154.562500
-0.39283999999999997,0.0244,0.0516,456774636701154.562500
-0.39283,0.0244,0.053200000000000004,456774636701154.562500
-0.39282,0.0236,0.042,456774636701154.562500
-0.39281,0.0244,0.0444,456774636701154.562500
-0.3928,0.0236,0.0412,456774636701154.562500
-0.39279,0.0244,0.055600000000000004,456774636701154.562500
-0.39278,0.022000000000000002,0.054,456774636701154.562500
-0.39277,0.0236,0.0572,456774636701154.562500
-0.39276,0.0212,0.055600000000000004,456774636701154.562500
-0.39275,0.0228,0.055600000000000004,456774636701154.562500
-0.39274,0.018000000000000002,0.0572,456774636701154.562500
-0.39273,0.0212,0.055600000000000004,456774636701154.562500
-0.39271999999999996,0.0204,0.0572,456774636701154.562500
-0.39271,0.0212,0.055600000000000004,456774636701154.562500
-0.3927,0.0228,0.056400000000000006,456774636701154.562500
-0.39269,0.0228,0.055600000000000004,456774636701154.562500
-0.39268,0.0212,0.058,456774636701154.562500
-0.39266999999999996,0.0228,0.056400000000000006,456774636701154.562500
-0.39266,0.022000000000000002,0.056400000000000006,456774636701154.562500
-0.39265,0.022000000000000002,0.055600000000000004,456774636701154.562500
-0.39264,0.0204,0.055600000000000004,456774636701154.562500
-0.39263,0.0204,0.0436,456774636701154.562500
-0.39261999999999997,0.022000000000000002,0.053200000000000004,456774636701154.562500
-0.39261,0.022000000000000002,0.0572,456774636701154.562500
-0.3926,0.0236,0.058,456774636701154.562500
-0.39259,0.022000000000000002,0.0548,456774636701154.562500
-0.39258,0.022000000000000002,0.058,456774636701154.562500
-0.39257,0.022000000000000002,0.055600000000000004,456774636701154.562500
-0.39256,0.0212,0.054,456774636701154.562500
-0.39255,0.022000000000000002,0.056400000000000006,456774636701154.562500
-0.39254,0.022000000000000002,0.0548,456774636701154.562500
-0.39253,0.0236,0.053200000000000004,456774636701154.562500
-0.39252,0.0228,0.055600000000000004,456774636701154.562500
-0.39251,0.0236,0.053200000000000004,456774636701154.562500
-0.39249999999999996,0.0228,0.0548,456774636701154.562500
-0.39249,0.022000000000000002,0.056400000000000006,456774636701154.562500
-0.39248,0.0244,0.048400000000000006,456774636701154.562500
-0.39247,0.022000000000000002,0.058,456774636701154.562500
-0.39246,0.0196,0.0524,456774636701154.562500
-0.39244999999999997,0.0228,0.056400000000000006,456774636701154.562500
-0.39244,0.0236,0.0516,456774636701154.562500
-0.39243,0.0236,0.0572,456774636701154.562500
-0.39242,0.022000000000000002,0.0548,456774636701154.562500
-0.39241,0.0212,0.055600000000000004,456774636701154.562500
-0.39239999999999997,0.022000000000000002,0.055600000000000004,456774636701154.562500
-0.39239,0.0228,0.0516,456774636701154.562500
-0.39238,0.0228,0.048400000000000006,456774636701154.562500
-0.39237,0.022000000000000002,0.0492,456774636701154.562500
-0.39236,0.0236,0.050800000000000005,456774636701154.562500
-0.39235,0.0228,0.05,456774636701154.562500
-0.39234,0.0228,0.054,456774636701154.562500
-0.39232999999999996,0.022000000000000002,0.056400000000000006,456774636701154.562500
-0.39232,0.0228,0.0492,456774636701154.562500
-0.39231,0.0204,0.0492,456774636701154.562500
-0.3923,0.0228,0.0364,456774636701154.562500
-0.39228999999999997,0.0228,0.0524,456774636701154.562500
-0.39227999999999996,0.0236,0.0572,456774636701154.562500
-0.39227,0.0204,0.048400000000000006,456774636701154.562500
-0.39226,0.0236,0.0572,456774636701154.562500
-0.39225,0.0236,0.055600000000000004,456774636701154.562500
-0.39224,0.0252,0.056400000000000006,456774636701154.562500
-0.39222999999999997,0.022000000000000002,0.054,456774636701154.562500
-0.39222,0.0236,0.055600000000000004,456774636701154.562500
-0.39221,0.0236,0.042,456774636701154.562500
-0.3922,0.0228,0.0524,456774636701154.562500
-0.39219,0.0228,0.0516,456774636701154.562500
-0.39218,0.0252,0.0524,456774636701154.562500
-0.39217,0.022000000000000002,0.054,456774636701154.562500
-0.39216,0.0228,0.0548,456774636701154.562500
-0.39215,0.0204,0.0548,456774636701154.562500
-0.39214,0.0244,0.056400000000000006,456774636701154.562500
-0.39213,0.0236,0.056400000000000006,456774636701154.562500
-0.39212,0.0228,0.058800000000000005,456774636701154.562500
-0.39210999999999996,0.0212,0.056400000000000006,456774636701154.562500
-0.3921,0.022000000000000002,0.055600000000000004,456774636701154.562500
-0.39209,0.0204,0.0548,456774636701154.562500
-0.39208,0.022000000000000002,0.0572,456774636701154.562500
-0.39207,0.0228,0.056400000000000006,456774636701154.562500
-0.39205999999999996,0.0212,0.055600000000000004,456774636701154.562500
-0.39205,0.0204,0.050800000000000005,456774636701154.562500
-0.39204,0.0188,0.054,456774636701154.562500
-0.39203,0.022000000000000002,0.054,456774636701154.562500
-0.39202,0.018000000000000002,0.056400000000000006,456774636701154.562500
-0.39200999999999997,0.0212,0.055600000000000004,456774636701154.562500
-0.392,0.018000000000000002,0.056400000000000006,456774636701154.562500
-0.39199,0.0204,0.0548,456774636701154.562500
-0.39198,0.022000000000000002,0.055600000000000004,456774636701154.562500
-0.39197,0.022000000000000002,0.054,456774636701154.562500
-0.39196,0.0228,0.0572,456774636701154.562500
-0.39195,0.022000000000000002,0.055600000000000004,456774636701154.562500
-0.39194,0.0236,0.053200000000000004,456774636701154.562500
-0.39193,0.0236,0.056400000000000006,456774636701154.562500
-0.39192,0.0228,0.0524,456774636701154.562500
-0.39191,0.0252,0.055600000000000004,456774636701154.562500
-0.39189999999999997,0.0244,0.055600000000000004,456774636701154.562500
-0.39188999999999996,0.0244,0.054,456774636701154.562500
-0.39188,0.0212,0.0548,456774636701154.562500
-0.39187,0.022000000000000002,0.054,456774636701154.562500
-0.39186,0.0236,0.055600000000000004,456774636701154.562500
-0.39185,0.0228,0.056400000000000006,456774636701154.562500
-0.39183999999999997,0.022000000000000002,0.0524,456774636701154.562500
-0.39183,0.0204,0.055600000000000004,456774636701154.562500
-0.39182,0.0212,0.0524,456774636701154.562500
-0.39181,0.0228,0.0572,456774636701154.562500
-0.3918,0.0196,0.0516,456774636701154.562500
-0.39178999999999997,0.0204,0.055600000000000004,456774636701154.562500
-0.39178,0.022000000000000002,0.058,456774636701154.562500
-0.39177,0.022000000000000002,0.058800000000000005,456774636701154.562500
-0.39176,0.0244,0.054,456774636701154.562500
-0.39175,0.022000000000000002,0.0548,456774636701154.562500
-0.39174,0.0196,0.056400000000000006,456774636701154.562500
-0.39173,0.022000000000000002,0.055600000000000004,456774636701154.562500
-0.39171999999999996,0.0204,0.055600000000000004,456774636701154.562500
-0.39171,0.022000000000000002,0.0516,456774636701154.562500
-0.3917,0.022000000000000002,0.055600000000000004,456774636701154.562500
-0.39169,0.022000000000000002,0.0548,456774636701154.562500
-0.39168,0.0228,0.0516,456774636701154.562500
-0.39166999999999996,0.0228,0.056400000000000006,456774636701154.562500
-0.39166,0.0196,0.05,456774636701154.562500
-0.39165,0.0236,0.0572,456774636701154.562500
-0.39164,0.0228,0.0548,456774636701154.562500
-0.39163,0.0244,0.055600000000000004,456774636701154.562500
-0.39161999999999997,0.0212,0.050800000000000005,456774636701154.562500
-0.39161,0.0164,0.0492,456774636701154.562500
-0.3916,0.0236,0.0412,456774636701154.562500
-0.39159,0.0164,0.0468,456774636701154.562500
-0.39158,0.0244,0.0492,456774636701154.562500
-0.39157,0.0196,0.056400000000000006,456774636701154.562500
-0.39156,0.0244,0.0572,456774636701154.562500
-0.39155,0.0228,0.042800000000000005,456774636701154.562500
-0.39154,0.022000000000000002,0.053200000000000004,456774636701154.562500
-0.39153,0.0204,0.050800000000000005,456774636701154.562500
-0.39152,0.0236,0.0548,456774636701154.562500
-0.39151,0.0212,0.045200000000000004,456774636701154.562500
-0.39149999999999996,0.0228,0.048400000000000006,456774636701154.562500
-0.39149,0.022000000000000002,0.05,456774636701154.562500
-0.39148,0.0236,0.055600000000000004,456774636701154.562500
-0.39147,0.0204,0.056400000000000006,456774636701154.562500
-0.39146,0.022000000000000002,0.0572,456774636701154.562500
-0.39144999999999996,0.0204,0.0524,456774636701154.562500
-0.39144,0.0212,0.048400000000000006,456774636701154.562500
-0.39143,0.0204,0.055600000000000004,456774636701154.562500
-0.39142,0.0196,0.053200000000000004,456774636701154.562500
-0.39141,0.0212,0.0572,456774636701154.562500
-0.39139999999999997,0.022000000000000002,0.0572,456774636701154.562500
-0.39139,0.0212,0.055600000000000004,456774636701154.562500
-0.39138,0.0244,0.050800000000000005,456774636701154.562500
-0.39137,0.0204,0.0516,456774636701154.562500
-0.39136,0.0228,0.0468,456774636701154.562500
-0.39135,0.0236,0.0548,456774636701154.562500
-0.39134,0.0252,0.0492,456774636701154.562500
-0.39133,0.0236,0.056400000000000006,456774636701154.562500
-0.39132,0.0228,0.0468,456774636701154.562500
-0.39131,0.0236,0.0572,456774636701154.562500
-0.3913,0.0244,0.055600000000000004,456774636701154.562500
-0.39128999999999997,0.0244,0.056400000000000006,456774636701154.562500
-0.39127999999999996,0.0236,0.0572,456774636701154.562500
-0.39127,0.0228,0.0548,456774636701154.562500
-0.39126,0.0204,0.056400000000000006,456774636701154.562500
-0.39125,0.0244,0.058,456774636701154.562500
-0.39124,0.0212,0.056400000000000006,456774636701154.562500
-0.39122999999999997,0.0236,0.0572,456774636701154.562500
-0.39122,0.0228,0.056400000000000006,456774636701154.562500
-0.39121,0.0228,0.053200000000000004,456774636701154.562500
-0.3912,0.022000000000000002,0.058,456774636701154.562500
-0.39119,0.0196,0.055600000000000004,456774636701154.562500
-0.39117999999999997,0.0236,0.058,456774636701154.562500
-0.39117,0.022000000000000002,0.0516,456774636701154.562500
-0.39116,0.0236,0.0572,456774636701154.562500
-0.39115,0.022000000000000002,0.055600000000000004,456774636701154.562500
-0.39114,0.0212,0.056400000000000006,456774636701154.562500
-0.39113,0.0196,0.055600000000000004,456774636701154.562500
-0.39112,0.0212,0.054,456774636701154.562500
-0.39110999999999996,0.022000000000000002,0.056400000000000006,456774636701154.562500
-0.3911,0.022000000000000002,0.055600000000000004,456774636701154.562500
-0.39109,0.022000000000000002,0.0524,456774636701154.562500
-0.39108,0.0204,0.0548,456774636701154.562500
-0.39107,0.022000000000000002,0.0476,456774636701154.562500
-0.39105999999999996,0.022000000000000002,0.058,456774636701154.562500
-0.39105,0.0228,0.045200000000000004,456774636701154.562500
-0.39104,0.0236,0.054,456774636701154.562500
-0.39103,0.0236,0.056400000000000006,456774636701154.562500
-0.39102,0.0236,0.05,456774636701154.562500
-0.39100999999999997,0.0228,0.055600000000000004,456774636701154.562500
-0.391,0.018000000000000002,0.0516,456774636701154.562500
-0.39099,0.022000000000000002,0.05,456774636701154.562500
-0.39098,0.0188,0.0476,456774636701154.562500
-0.39097,0.0228,0.0572,456774636701154.562500
-0.39096,0.0212,0.055600000000000004,456774636701154.562500
-0.39095,0.0228,0.056400000000000006,456774636701154.562500
-0.39094,0.022000000000000002,0.054,456774636701154.562500
-0.39093,0.0228,0.055600000000000004,456774636701154.562500
-0.39092,0.0172,0.0524,456774636701154.562500
-0.39091,0.0196,0.056400000000000006,456774636701154.562500
-0.3909,0.0172,0.048400000000000006,456774636701154.562500
-0.39088999999999996,0.0196,0.055600000000000004,456774636701154.562500
-0.39088,0.018000000000000002,0.056400000000000006,456774636701154.562500
-0.39087,0.0212,0.0548,456774636701154.562500
-0.39086,0.0236,0.0572,456774636701154.562500
-0.39085,0.022000000000000002,0.054,456774636701154.562500
-0.39083999999999997,0.0204,0.0548,456774636701154.562500
-0.39083,0.0204,0.055600000000000004,456774636701154.562500
-0.39082,0.0196,0.050800000000000005,456774636701154.562500
-0.39081,0.0212,0.056400000000000006,456774636701154.562500
-0.3908,0.0212,0.0572,456774636701154.562500
-0.39078999999999997,0.0188,0.0572,456774636701154.562500
-0.39078,0.0188,0.054,456774636701154.562500
-0.39077,0.0212,0.056400000000000006,456774636701154.562500
-0.39076,0.0164,0.0548,456774636701154.562500
-0.39075,0.022000000000000002,0.056400000000000006,456774636701154.562500
-0.39074,0.0228,0.056400000000000006,456774636701154.562500
-0.39073,0.0236,0.0492,456774636701154.562500
-0.39072,0.0236,0.056400000000000006,456774636701154.562500
-0.39071,0.0244,0.0548,456774636701154.562500
-0.3907,0.0244,0.0548,456774636701154.562500
-0.39069,0.0244,0.0548,456774636701154.562500
-0.39067999999999997,0.022000000000000002,0.054,456774636701154.562500
-0.39066999999999996,0.0236,0.040400000000000005,456774636701154.562500
-0.39066,0.022000000000000002,0.0516,456774636701154.562500
-0.39065,0.0236,0.046,456774636701154.562500
-0.39064,0.0212,0.053200000000000004,456774636701154.562500
-0.39063,0.0236,0.056400000000000006,456774636701154.562500
-0.39061999999999997,0.0228,0.0492,456774636701154.562500
-0.39061,0.0244,0.050800000000000005,456774636701154.562500
-0.3906,0.0236,0.037200000000000004,456774636701154.562500
-0.39059,0.022000000000000002,0.0476,456774636701154.562500
-0.39058,0.022000000000000002,0.042,456774636701154.562500
-0.39057,0.022000000000000002,0.046,456774636701154.562500
-0.39056,0.022000000000000002,0.0364,456774636701154.562500
-0.39055,0.018000000000000002,0.0548,456774636701154.562500
-0.39054,0.0204,0.053200000000000004,456774636701154.562500
-0.39053,0.0188,0.055600000000000004,456774636701154.562500
-0.39052,0.0204,0.055600000000000004,456774636701154.562500
-0.39051,0.0196,0.055600000000000004,456774636701154.562500
-0.39049999999999996,0.0236,0.056400000000000006,456774636701154.562500
-0.39049,0.0196,0.0492,456774636701154.562500
-0.39048,0.022000000000000002,0.0572,456774636701154.562500
-0.39047,0.0204,0.056400000000000006,456774636701154.562500
-0.39046,0.0236,0.050800000000000005,456774636701154.562500
-0.39044999999999996,0.0236,0.055600000000000004,456774636701154.562500
-0.39044,0.0228,0.05,456774636701154.562500
-0.39043,0.0212,0.048400000000000006,456774636701154.562500
-0.39042,0.0244,0.058,456774636701154.562500
-0.39041,0.0244,0.050800000000000005,456774636701154.562500
-0.39039999999999997,0.0252,0.058,456774636701154.562500
-0.39039,0.0236,0.0548,456774636701154.562500
-0.39038,0.022000000000000002,0.056400000000000006,456774636701154.562500
-0.39037,0.0244,0.055600000000000004,456774636701154.562500
-0.39036,0.0212,0.0572,456774636701154.562500
-0.39035,0.0228,0.055600000000000004,456774636701154.562500
-0.39034,0.0244,0.0516,456774636701154.562500
-0.39033,0.0244,0.0492,456774636701154.562500
-0.39032,0.0204,0.0572,456774636701154.562500
-0.39031,0.022000000000000002,0.053200000000000004,456774636701154.562500
-0.3903,0.0196,0.0548,456774636701154.562500
-0.39028999999999997,0.0228,0.056400000000000006,456774636701154.562500
-0.39027999999999996,0.022000000000000002,0.055600000000000004,456774636701154.562500
-0.39027,0.0196,0.0516,456774636701154.562500
-0.39026,0.0236,0.045200000000000004,456774636701154.562500
-0.39025,0.0228,0.0516,456774636701154.562500
-0.39024,0.022000000000000002,0.050800000000000005,456774636701154.562500
-0.39022999999999997,0.0228,0.0524,456774636701154.562500
-0.39022,0.022000000000000002,0.05,456774636701154.562500
-0.39021,0.0196,0.055600000000000004,456774636701154.562500
-0.3902,0.0228,0.056400000000000006,456774636701154.562500
-0.39019,0.022000000000000002,0.050800000000000005,456774636701154.562500
-0.39017999999999997,0.0228,0.045200000000000004,456774636701154.562500
-0.39017,0.0228,0.0444,456774636701154.562500
-0.39016,0.0228,0.0388,456774636701154.562500
-0.39015,0.022000000000000002,0.053200000000000004,456774636701154.562500
-0.39014,0.0204,0.0396,456774636701154.562500
-0.39013,0.0244,0.053200000000000004,456774636701154.562500
-0.39012,0.0244,0.0444,456774636701154.562500
-0.39010999999999996,0.0236,0.053200000000000004,456774636701154.562500
-0.3901,0.022000000000000002,0.0468,456774636701154.562500
-0.39009,0.0204,0.056400000000000006,456774636701154.562500
-0.39008,0.0236,0.0524,456774636701154.562500
-0.39007,0.0236,0.056400000000000006,456774636701154.562500
-0.39005999999999996,0.0236,0.056400000000000006,456774636701154.562500
-0.39005,0.0252,0.058,456774636701154.562500
-0.39004,0.0236,0.055600000000000004,456774636701154.562500
-0.39003,0.0228,0.053200000000000004,456774636701154.562500
-0.39002,0.0236,0.0572,456774636701154.562500
-0.39000999999999997,0.0236,0.054,456774636701154.562500
-0.39,0.022000000000000002,0.056400000000000006,456774636701154.562500
-0.38999,0.0236,0.056400000000000006,456774636701154.562500
-0.38998,0.022000000000000002,0.0548,456774636701154.562500
-0.38997,0.0228,0.0492,456774636701154.562500
-0.38996,0.0236,0.055600000000000004,456774636701154.562500
-0.38995,0.022000000000000002,0.056400000000000006,456774636701154.562500
-0.38994,0.0212,0.055600000000000004,456774636701154.562500
-0.38993,0.0196,0.0476,456774636701154.562500
-0.38992,0.022000000000000002,0.0548,456774636701154.562500
-0.38991,0.0228,0.0524,456774636701154.562500
-0.3899,0.022000000000000002,0.055600000000000004,456774636701154.562500
-0.38988999999999996,0.0228,0.055600000000000004,456774636701154.562500
-0.38988,0.0228,0.056400000000000006,456774636701154.562500
-0.38987,0.0228,0.045200000000000004,456774636701154.562500
-0.38986,0.0228,0.0572,456774636701154.562500
-0.38985,0.0228,0.0516,456774636701154.562500
-0.38983999999999996,0.022000000000000002,0.055600000000000004,456774636701154.562500
-0.38983,0.0204,0.0548,456774636701154.562500
-0.38982,0.0236,0.058,456774636701154.562500
-0.38981,0.0204,0.055600000000000004,456774636701154.562500
-0.3898,0.0244,0.053200000000000004,456774636701154.562500
-0.38978999999999997,0.0236,0.056400000000000006,456774636701154.562500
-0.38978,0.026000000000000002,0.055600000000000004,456774636701154.562500
-0.38977,0.0228,0.056400000000000006,456774636701154.562500
-0.38976,0.026000000000000002,0.0548,456774636701154.562500
-0.38975,0.0236,0.054,456774636701154.562500
-0.38974,0.0236,0.056400000000000006,456774636701154.562500
-0.38973,0.0228,0.056400000000000006,456774636701154.562500
-0.38972,0.0236,0.0492,456774636701154.562500
-0.38971,0.0196,0.0516,456774636701154.562500
-0.3897,0.0212,0.0548,456774636701154.562500
-0.38969,0.022000000000000002,0.056400000000000006,456774636701154.562500
-0.38967999999999997,0.0236,0.0524,456774636701154.562500
-0.38966999999999996,0.022000000000000002,0.0572,456774636701154.562500
-0.38966,0.0236,0.055600000000000004,456774636701154.562500
-0.38965,0.0196,0.0548,456774636701154.562500
-0.38964,0.022000000000000002,0.0572,456774636701154.562500
-0.38963,0.022000000000000002,0.0516,456774636701154.562500
-0.38961999999999997,0.0212,0.0548,456774636701154.562500
-0.38961,0.022000000000000002,0.0548,456774636701154.562500
-0.3896,0.022000000000000002,0.055600000000000004,456774636701154.562500
-0.38959,0.0212,0.046,456774636701154.562500
-0.38958,0.022000000000000002,0.054,456774636701154.562500
-0.38956999999999997,0.022000000000000002,0.055600000000000004,456774636701154.562500
-0.38956,0.0228,0.053200000000000004,456774636701154.562500
-0.38955,0.0228,0.056400000000000006,456774636701154.562500
-0.38954,0.0204,0.055600000000000004,456774636701154.562500
-0.38953,0.0188,0.054,456774636701154.562500
-0.38952,0.0244,0.056400000000000006,456774636701154.562500
-0.38951,0.0244,0.056400000000000006,456774636701154.562500
-0.38949999999999996,0.0236,0.0524,456774636701154.562500
-0.38949,0.0236,0.0548,456774636701154.562500
-0.38948,0.0196,0.0548,456774636701154.562500
-0.38947,0.0212,0.0388,456774636701154.562500
-0.38946,0.0204,0.054,456774636701154.562500
-0.38944999999999996,0.0236,0.055600000000000004,456774636701154.562500
-0.38944,0.0236,0.055600000000000004,456774636701154.562500
-0.38943,0.0244,0.055600000000000004,456774636701154.562500
-0.38942,0.0228,0.056400000000000006,456774636701154.562500
-0.38941,0.018000000000000002,0.0548,456774636701154.562500
-0.38939999999999997,0.018000000000000002,0.055600000000000004,456774636701154.562500
-0.38939,0.022000000000000002,0.0548,456774636701154.562500
-0.38938,0.022000000000000002,0.0476,456774636701154.562500
-0.38937,0.0204,0.053200000000000004,456774636701154.562500
-0.38936,0.0172,0.053200000000000004,456774636701154.562500
-0.38935,0.015600000000000001,0.0548,456774636701154.562500
-0.38934,0.018000000000000002,0.054,456774636701154.562500
-0.38933,0.022000000000000002,0.0524,456774636701154.562500
-0.38932,0.0196,0.0516,456774636701154.562500
-0.38931,0.022000000000000002,0.05,456774636701154.562500
-0.3893,0.0196,0.0476,456774636701154.562500
-0.38929,0.0204,0.0516,456774636701154.562500
-0.38927999999999996,0.022000000000000002,0.054,456774636701154.562500
-0.38927,0.022000000000000002,0.054,456774636701154.562500
-0.38926,0.022000000000000002,0.053200000000000004,456774636701154.562500
-0.38925,0.0196,0.055600000000000004,456774636701154.562500
-0.38924,0.022000000000000002,0.054,456774636701154.562500
-0.38922999999999996,0.0228,0.056400000000000006,456774636701154.562500
-0.38922,0.0236,0.055600000000000004,456774636701154.562500
-0.38921,0.0228,0.056400000000000006,456774636701154.562500
-0.3892,0.0212,0.0548,456774636701154.562500
-0.38919,0.0228,0.056400000000000006,456774636701154.562500
-0.38917999999999997,0.022000000000000002,0.0516,456774636701154.562500
-0.38917,0.0244,0.0524,456774636701154.562500
-0.38916,0.0244,0.0524,456774636701154.562500
-0.38915,0.0236,0.055600000000000004,456774636701154.562500
-0.38914,0.022000000000000002,0.0548,456774636701154.562500
-0.38913,0.0244,0.055600000000000004,456774636701154.562500
-0.38912,0.0244,0.0548,456774636701154.562500
-0.38911,0.0228,0.053200000000000004,456774636701154.562500
-0.3891,0.0236,0.050800000000000005,456774636701154.562500
-0.38909,0.0236,0.0548,456774636701154.562500
-0.38908,0.0228,0.0524,456774636701154.562500
-0.38906999999999997,0.0228,0.055600000000000004,456774636701154.562500
-0.38905999999999996,0.022000000000000002,0.0572,456774636701154.562500
-0.38905,0.022000000000000002,0.056400000000000006,456774636701154.562500
-0.38904,0.0196,0.0492,456774636701154.562500
-0.38903,0.0228,0.0476,456774636701154.562500
-0.38902,0.0204,0.0444,456774636701154.562500
-0.38900999999999997,0.022000000000000002,0.054,456774636701154.562500
-0.389,0.0204,0.0516,456774636701154.562500
-0.38899,0.0228,0.054,456774636701154.562500
-0.38898,0.0204,0.058,456774636701154.562500
-0.38897,0.0228,0.0548,456774636701154.562500
-0.38896,0.0228,0.054,456774636701154.562500
-0.38895,0.022000000000000002,0.0524,456774636701154.562500
-0.38894,0.0236,0.0524,456774636701154.562500
-0.38893,0.0212,0.0476,456774636701154.562500
-0.38892,0.0228,0.0548,456774636701154.562500
-0.38891,0.0228,0.0524,456774636701154.562500
-0.3889,0.022000000000000002,0.056400000000000006,456774636701154.562500
-0.38888999999999996,0.0244,0.055600000000000004,456774636701154.562500
-0.38888,0.0236,0.058,456774636701154.562500
-0.38887,0.0196,0.0548,456774636701154.562500
-0.38886,0.0244,0.054,456774636701154.562500
-0.38885,0.0228,0.056400000000000006,456774636701154.562500
-0.38883999999999996,0.0236,0.0572,456774636701154.562500
-0.38883,0.0236,0.056400000000000006,456774636701154.562500
-0.38882,0.0236,0.0572,456774636701154.562500
-0.38881,0.022000000000000002,0.048400000000000006,456774636701154.562500
-0.3888,0.0236,0.0548,456774636701154.562500
-0.38878999999999997,0.0212,0.048400000000000006,456774636701154.562500
-0.38878,0.0236,0.056400000000000006,456774636701154.562500
-0.38877,0.0228,0.046,456774636701154.562500
-0.38876,0.0228,0.056400000000000006,456774636701154.562500
-0.38875,0.0212,0.054,456774636701154.562500
-0.38874,0.0212,0.0548,456774636701154.562500
-0.38873,0.0204,0.058,456774636701154.562500
-0.38872,0.0212,0.056400000000000006,456774636701154.562500
-0.38871,0.018000000000000002,0.055600000000000004,456774636701154.562500
-0.3887,0.018000000000000002,0.055600000000000004,456774636701154.562500
-0.38869,0.0204,0.053200000000000004,456774636701154.562500
-0.38868,0.0188,0.056400000000000006,456774636701154.562500
-0.38866999999999996,0.022000000000000002,0.0548,456774636701154.562500
-0.38866,0.0188,0.055600000000000004,456774636701154.562500
-0.38865,0.0228,0.0548,456774636701154.562500
-0.38864,0.0236,0.0524,456774636701154.562500
-0.38863,0.0196,0.056400000000000006,456774636701154.562500
-0.38861999999999997,0.0236,0.058,456774636701154.562500
-0.38861,0.0228,0.056400000000000006,456774636701154.562500
-0.3886,0.0228,0.0548,456774636701154.562500
-0.38859,0.022000000000000002,0.055600000000000004,456774636701154.562500
-0.38858,0.0188,0.055600000000000004,456774636701154.562500
-0.38856999999999997,0.022000000000000002,0.053200000000000004,456774636701154.562500
-0.38856,0.0172,0.0548,456774636701154.562500
-0.38855,0.0228,0.054,456774636701154.562500
-0.38854,0.0212,0.056400000000000006,456774636701154.562500
-0.38853,0.0228,0.0524,456774636701154.562500
-0.38852,0.0244,0.0572,456774636701154.562500
-0.38851,0.0204,0.0492,456774636701154.562500
-0.38849999999999996,0.0164,0.0548,456774636701154.562500
-0.38849,0.0204,0.056400000000000006,456774636701154.562500
-0.38848,0.0164,0.0476,456774636701154.562500
-0.38847,0.022000000000000002,0.055600000000000004,456774636701154.562500
-0.38845999999999997,0.0204,0.048400000000000006,456774636701154.562500
-0.38844999999999996,0.022000000000000002,0.054,456774636701154.562500
-0.38844,0.022000000000000002,0.054,456774636701154.562500
-0.38843,0.022000000000000002,0.0516,456774636701154.562500
-0.38842,0.022000000000000002,0.0524,456774636701154.562500
-0.38841,0.022000000000000002,0.056400000000000006,456774636701154.562500
-0.38839999999999997,0.022000000000000002,0.054,456774636701154.562500
-0.38839,0.022000000000000002,0.054,456774636701154.562500
-0.38838,0.0228,0.0516,456774636701154.562500
-0.38837,0.022000000000000002,0.0572,456774636701154.562500
-0.38836,0.022000000000000002,0.054,456774636701154.562500
-0.38835,0.0212,0.056400000000000006,456774636701154.562500
-0.38834,0.022000000000000002,0.056400000000000006,456774636701154.562500
-0.38833,0.022000000000000002,0.0572,456774636701154.562500
-0.38832,0.022000000000000002,0.0548,456774636701154.562500
-0.38831,0.0212,0.053200000000000004,456774636701154.562500
-0.3883,0.0236,0.0572,456774636701154.562500
-0.38829,0.0228,0.053200000000000004,456774636701154.562500
-0.38827999999999996,0.0236,0.054,456774636701154.562500
-0.38827,0.0244,0.054,456774636701154.562500
-0.38826,0.0236,0.056400000000000006,456774636701154.562500
-0.38825,0.0228,0.050800000000000005,456774636701154.562500
-0.38824,0.022000000000000002,0.0516,456774636701154.562500
-0.38822999999999996,0.0236,0.048400000000000006,456774636701154.562500
-0.38822,0.0228,0.0524,456774636701154.562500
-0.38821,0.0212,0.056400000000000006,456774636701154.562500
-0.3882,0.0236,0.056400000000000006,456774636701154.562500
-0.38819,0.0244,0.055600000000000004,456774636701154.562500
-0.38817999999999997,0.0228,0.0572,456774636701154.562500
-0.38817,0.0236,0.056400000000000006,456774636701154.562500
-0.38816,0.0244,0.05,456774636701154.562500
-0.38815,0.0204,0.048400000000000006,456774636701154.562500
-0.38814,0.0228,0.0476,456774636701154.562500
-0.38813,0.0196,0.0492,456774636701154.562500
-0.38812,0.0228,0.0412,456774636701154.562500
-0.38811,0.022000000000000002,0.038,456774636701154.562500
-0.3881,0.0204,0.0444,456774636701154.562500
-0.38809,0.0212,0.0524,456774636701154.562500
-0.38808,0.0204,0.0468,456774636701154.562500
-0.38806999999999997,0.022000000000000002,0.0516,456774636701154.562500
-0.38805999999999996,0.0204,0.05,456774636701154.562500
-0.38805,0.0228,0.0436,456774636701154.562500
-0.38804,0.0212,0.05,456774636701154.562500
-0.38803,0.0236,0.056400000000000006,456774636701154.562500
-0.38802,0.0228,0.05,456774636701154.562500
-0.38800999999999997,0.0228,0.053200000000000004,456774636701154.562500
-0.388,0.022000000000000002,0.056400000000000006,456774636701154.562500
-0.38799,0.0244,0.0572,456774636701154.562500
-0.38798,0.0228,0.056400000000000006,456774636701154.562500
-0.38797,0.0252,0.055600000000000004,456774636701154.562500
-0.38795999999999997,0.0252,0.045200000000000004,456774636701154.562500
-0.38795,0.0236,0.0516,456774636701154.562500
-0.38794,0.0244,0.0524,456774636701154.562500
-0.38793,0.0236,0.056400000000000006,456774636701154.562500
-0.38792,0.026000000000000002,0.056400000000000006,456774636701154.562500
-0.38791,0.0228,0.0572,456774636701154.562500
-0.3879,0.0228,0.0572,456774636701154.562500
-0.38788999999999996,0.0236,0.056400000000000006,456774636701154.562500
-0.38788,0.0236,0.058,456774636701154.562500
-0.38787,0.0228,0.055600000000000004,456774636701154.562500
-0.38786,0.0164,0.055600000000000004,456774636701154.562500
-0.38785,0.0196,0.053200000000000004,456774636701154.562500
-0.38783999999999996,0.0212,0.0572,456774636701154.562500
-0.38783,0.0228,0.055600000000000004,456774636701154.562500
-0.38782,0.0212,0.056400000000000006,456774636701154.562500
-0.38781,0.022000000000000002,0.055600000000000004,456774636701154.562500
-0.3878,0.0196,0.0516,456774636701154.562500
-0.38778999999999997,0.0204,0.056400000000000006,456774636701154.562500
-0.38778,0.0172,0.054,456774636701154.562500
-0.38777,0.022000000000000002,0.056400000000000006,456774636701154.562500
-0.38776,0.0212,0.055600000000000004,456774636701154.562500
-0.38775,0.0228,0.048400000000000006,456774636701154.562500
-0.38774,0.0228,0.0572,456774636701154.562500
-0.38773,0.0196,0.053200000000000004,456774636701154.562500
-0.38772,0.022000000000000002,0.058,456774636701154.562500
-0.38771,0.0172,0.055600000000000004,456774636701154.562500
-0.3877,0.0212,0.0548,456774636701154.562500
-0.38769,0.0212,0.0548,456774636701154.562500
-0.38768,0.022000000000000002,0.054,456774636701154.562500
-0.38766999999999996,0.0188,0.056400000000000006,456774636701154.562500
-0.38766,0.0228,0.058,456774636701154.562500
-0.38765,0.0228,0.0548,456774636701154.562500
-0.38764,0.0236,0.055600000000000004,456774636701154.562500
-0.38763,0.0228,0.0572,456774636701154.562500
-0.38761999999999996,0.0236,0.054,456774636701154.562500
-0.38761,0.0236,0.048400000000000006,456774636701154.562500
-0.3876,0.0188,0.055600000000000004,456774636701154.562500
-0.38759,0.0212,0.056400000000000006,456774636701154.562500
-0.38758,0.0212,0.055600000000000004,456774636701154.562500
-0.38756999999999997,0.022000000000000002,0.055600000000000004,456774636701154.562500
-0.38756,0.022000000000000002,0.056400000000000006,456774636701154.562500
-0.38755,0.022000000000000002,0.055600000000000004,456774636701154.562500
-0.38754,0.0196,0.056400000000000006,456774636701154.562500
-0.38753,0.022000000000000002,0.056400000000000006,456774636701154.562500
-0.38752,0.0236,0.046,456774636701154.562500
-0.38751,0.0212,0.055600000000000004,456774636701154.562500
-0.3875,0.0212,0.0548,456774636701154.562500
-0.38749,0.0196,0.0572,456774636701154.562500
-0.38748,0.0212,0.058,456774636701154.562500
-0.38747,0.022000000000000002,0.05,456774636701154.562500
-0.38745999999999997,0.0228,0.0572,456774636701154.562500
-0.38744999999999996,0.0236,0.0572,456774636701154.562500
-0.38744,0.022000000000000002,0.056400000000000006,456774636701154.562500
-0.38743,0.0228,0.058,456774636701154.562500
-0.38742,0.0228,0.0516,456774636701154.562500
-0.38741,0.022000000000000002,0.056400000000000006,456774636701154.562500
-0.38739999999999997,0.022000000000000002,0.0548,456774636701154.562500
-0.38739,0.0228,0.056400000000000006,456774636701154.562500
-0.38738,0.0236,0.058,456774636701154.562500
-0.38737,0.0236,0.0548,456774636701154.562500
-0.38736,0.022000000000000002,0.0548,456774636701154.562500
-0.38734999999999997,0.0236,0.054,456774636701154.562500
-0.38734,0.022000000000000002,0.05,456774636701154.562500
-0.38733,0.0244,0.0492,456774636701154.562500
-0.38732,0.0204,0.0572,456774636701154.562500
-0.38731,0.0236,0.055600000000000004,456774636701154.562500
-0.3873,0.0212,0.0548,456774636701154.562500
-0.38729,0.0228,0.0548,456774636701154.562500
-0.38727999999999996,0.0236,0.056400000000000006,456774636701154.562500
-0.38727,0.0236,0.056400000000000006,456774636701154.562500
-0.38726,0.0196,0.054,456774636701154.562500
-0.38725,0.0228,0.0548,456774636701154.562500
-0.38724,0.0204,0.0516,456774636701154.562500
-0.38722999999999996,0.0228,0.0572,456774636701154.562500
-0.38722,0.018000000000000002,0.054,456774636701154.562500
-0.38721,0.0228,0.054,456774636701154.562500
-0.3872,0.0204,0.050800000000000005,456774636701154.562500
-0.38719,0.0196,0.054,456774636701154.562500
-0.38717999999999997,0.0204,0.050800000000000005,456774636701154.562500
-0.38717,0.022000000000000002,0.0412,456774636701154.562500
-0.38716,0.0212,0.042800000000000005,456774636701154.562500
-0.38715,0.0212,0.050800000000000005,456774636701154.562500
-0.38714,0.0212,0.040400000000000005,456774636701154.562500
-0.38713,0.018000000000000002,0.0516,456774636701154.562500
-0.38712,0.0172,0.055600000000000004,456774636701154.562500
-0.38711,0.014,0.0548,456774636701154.562500
-0.3871,0.0204,0.0548,456774636701154.562500
-0.38709,0.0212,0.056400000000000006,456774636701154.562500
-0.38708,0.022000000000000002,0.056400000000000006,456774636701154.562500
-0.38707,0.0228,0.0572,456774636701154.562500
-0.38705999999999996,0.0212,0.0572,456774636701154.562500
-0.38705,0.0228,0.056400000000000006,456774636701154.562500
-0.38704,0.0244,0.055600000000000004,456774636701154.562500
-0.38703,0.0212,0.055600000000000004,456774636701154.562500
-0.38702,0.0244,0.054,456774636701154.562500
-0.38700999999999997,0.0228,0.055600000000000004,456774636701154.562500
-0.387,0.0236,0.056400000000000006,456774636701154.562500
-0.38699,0.0244,0.053200000000000004,456774636701154.562500
-0.38698,0.0228,0.055600000000000004,456774636701154.562500
-0.38697,0.0228,0.042,456774636701154.562500
-0.38695999999999997,0.0236,0.045200000000000004,456774636701154.562500
-0.38695,0.0244,0.0524,456774636701154.562500
-0.38694,0.022000000000000002,0.0572,456774636701154.562500
-0.38693,0.0228,0.0524,456774636701154.562500
-0.38692,0.0228,0.0572,456774636701154.562500
-0.38691,0.0228,0.0548,456774636701154.562500
-0.3869,0.022000000000000002,0.055600000000000004,456774636701154.562500
-0.38688999999999996,0.022000000000000002,0.056400000000000006,456774636701154.562500
-0.38688,0.0204,0.0572,456774636701154.562500
-0.38687,0.0204,0.05,456774636701154.562500
-0.38686,0.0228,0.0548,456774636701154.562500
-0.38684999999999997,0.022000000000000002,0.042,456774636701154.562500
-0.38683999999999996,0.0204,0.055600000000000004,456774636701154.562500
-0.38683,0.0228,0.0572,456774636701154.562500
-0.38682,0.0228,0.056400000000000006,456774636701154.562500
-0.38681,0.0236,0.056400000000000006,456774636701154.562500
-0.3868,0.0236,0.050800000000000005,456774636701154.562500
-0.38678999999999997,0.0204,0.0516,456774636701154.562500
-0.38678,0.0228,0.0492,456774636701154.562500
-0.38677,0.0204,0.055600000000000004,456774636701154.562500
-0.38676,0.0228,0.0476,456774636701154.562500
-0.38675,0.0236,0.055600000000000004,456774636701154.562500
-0.38674,0.0236,0.056400000000000006,456774636701154.562500
-0.38673,0.0228,0.0516,456774636701154.562500
-0.38672,0.0244,0.0548,456774636701154.562500
-0.38671,0.0212,0.048400000000000006,456774636701154.562500
-0.3867,0.0212,0.056400000000000006,456774636701154.562500
-0.38669,0.0244,0.0444,456774636701154.562500
-0.38668,0.0236,0.056400000000000006,456774636701154.562500
-0.38666999999999996,0.0228,0.0492,456774636701154.562500
-0.38666,0.022000000000000002,0.055600000000000004,456774636701154.562500
-0.38665,0.0228,0.053200000000000004,456774636701154.562500
-0.38664,0.0228,0.0548,456774636701154.562500
-0.38663,0.0212,0.045200000000000004,456774636701154.562500
-0.38661999999999996,0.0236,0.0548,456774636701154.562500
-0.38661,0.0196,0.0476,456774636701154.562500
-0.3866,0.0204,0.0548,456774636701154.562500
-0.38659,0.0196,0.054,456774636701154.562500
-0.38658,0.018000000000000002,0.0548,456774636701154.562500
-0.38656999999999997,0.0164,0.056400000000000006,456774636701154.562500
-0.38656,0.0212,0.058,456774636701154.562500
-0.38655,0.022000000000000002,0.056400000000000006,456774636701154.562500
-0.38654,0.0196,0.058,456774636701154.562500
-0.38653,0.0212,0.056400000000000006,456774636701154.562500
-0.38652,0.0244,0.056400000000000006,456774636701154.562500
-0.38651,0.022000000000000002,0.056400000000000006,456774636701154.562500
-0.3865,0.022000000000000002,0.0548,456774636701154.562500
-0.38649,0.0196,0.0572,456774636701154.562500
-0.38648,0.0228,0.0548,456774636701154.562500
-0.38647,0.0236,0.0548,456774636701154.562500
-0.38645999999999997,0.0244,0.056400000000000006,456774636701154.562500
-0.38644999999999996,0.0244,0.056400000000000006,456774636701154.562500
-0.38644,0.0244,0.056400000000000006,456774636701154.562500
-0.38643,0.0244,0.056400000000000006,456774636701154.562500
-0.38642,0.0244,0.056400000000000006,456774636701154.562500
-0.38641,0.0228,0.054,456774636701154.562500
-0.38639999999999997,0.0236,0.055600000000000004,456774636701154.562500
-0.38639,0.0244,0.048400000000000006,456774636701154.562500
-0.38638,0.0236,0.055600000000000004,456774636701154.562500
-0.38637,0.0236,0.0516,456774636701154.562500
-0.38636,0.0244,0.056400000000000006,456774636701154.562500
-0.38634999999999997,0.022000000000000002,0.053200000000000004,456774636701154.562500
-0.38634,0.0212,0.053200000000000004,456774636701154.562500
-0.38633,0.0212,0.055600000000000004,456774636701154.562500
-0.38632,0.0236,0.056400000000000006,456774636701154.562500
-0.38631,0.022000000000000002,0.054,456774636701154.562500
-0.3863,0.0188,0.056400000000000006,456774636701154.562500
-0.38629,0.022000000000000002,0.054,456774636701154.562500
-0.38627999999999996,0.0204,0.056400000000000006,456774636701154.562500
-0.38627,0.022000000000000002,0.054,456774636701154.562500
-0.38626,0.0212,0.0548,456774636701154.562500
-0.38625,0.0212,0.053200000000000004,456774636701154.562500
-0.38623999999999997,0.0172,0.055600000000000004,456774636701154.562500
-0.38622999999999996,0.0228,0.0548,456774636701154.562500
-0.38622,0.0204,0.054,456774636701154.562500
-0.38621,0.0228,0.048400000000000006,456774636701154.562500
-0.3862,0.0244,0.053200000000000004,456774636701154.562500
-0.38619,0.0228,0.05,456774636701154.562500
-0.38617999999999997,0.0228,0.054,456774636701154.562500
-0.38617,0.0228,0.0516,456774636701154.562500
-0.38616,0.0236,0.053200000000000004,456774636701154.562500
-0.38615,0.0204,0.046,456774636701154.562500
-0.38614,0.022000000000000002,0.054,456774636701154.562500
-0.38613,0.0236,0.056400000000000006,456774636701154.562500
-0.38612,0.0228,0.055600000000000004,456774636701154.562500
-0.38611,0.0252,0.055600000000000004,456774636701154.562500
-0.3861,0.0236,0.0572,456774636701154.562500
-0.38609,0.0236,0.056400000000000006,456774636701154.562500
-0.38608,0.0244,0.054,456774636701154.562500
-0.38607,0.0228,0.055600000000000004,456774636701154.562500
-0.38605999999999996,0.0244,0.05,456774636701154.562500
-0.38605,0.0236,0.053200000000000004,456774636701154.562500
-0.38604,0.0228,0.050800000000000005,456774636701154.562500
-0.38603,0.0244,0.054,456774636701154.562500
-0.38602,0.022000000000000002,0.0548,456774636701154.562500
-0.38600999999999996,0.0228,0.050800000000000005,456774636701154.562500
-0.386,0.0236,0.042800000000000005,456774636701154.562500
-0.38599,0.022000000000000002,0.045200000000000004,456774636701154.562500
-0.38598,0.0196,0.050800000000000005,456774636701154.562500
-0.38597,0.0228,0.0548,456774636701154.562500
-0.38595999999999997,0.0212,0.0444,456774636701154.562500
-0.38595,0.0212,0.0572,456774636701154.562500
-0.38594,0.0228,0.0548,456774636701154.562500
-0.38593,0.0236,0.0572,456774636701154.562500
-0.38592,0.022000000000000002,0.055600000000000004,456774636701154.562500
-0.38591,0.022000000000000002,0.053200000000000004,456774636701154.562500
-0.3859,0.0228,0.0548,456774636701154.562500
-0.38589,0.0236,0.048400000000000006,456774636701154.562500
-0.38588,0.022000000000000002,0.0548,456774636701154.562500
-0.38587,0.0236,0.055600000000000004,456774636701154.562500
-0.38586,0.022000000000000002,0.0516,456774636701154.562500
-0.38584999999999997,0.022000000000000002,0.0524,456774636701154.562500
-0.38583999999999996,0.0236,0.0492,456774636701154.562500
-0.38583,0.0228,0.042,456774636701154.562500
-0.38582,0.0244,0.055600000000000004,456774636701154.562500
-0.38581,0.0244,0.055600000000000004,456774636701154.562500
-0.3858,0.0252,0.056400000000000006,456774636701154.562500
-0.38578999999999997,0.022000000000000002,0.055600000000000004,456774636701154.562500
-0.38578,0.0252,0.054,456774636701154.562500
-0.38577,0.0228,0.0548,456774636701154.562500
-0.38576,0.0236,0.0548,456774636701154.562500
-0.38575,0.022000000000000002,0.0572,456774636701154.562500
-0.38573999999999997,0.0244,0.056400000000000006,456774636701154.562500
-0.38573,0.0236,0.055600000000000004,456774636701154.562500
-0.38572,0.0244,0.054,456774636701154.562500
-0.38571,0.0228,0.055600000000000004,456774636701154.562500
-0.3857,0.022000000000000002,0.050800000000000005,456774636701154.562500
-0.38569,0.0236,0.0548,456774636701154.562500
-0.38568,0.0228,0.0492,456774636701154.562500
-0.38566999999999996,0.0212,0.058,456774636701154.562500
-0.38566,0.0212,0.05,456774636701154.562500
-0.38565,0.0204,0.056400000000000006,456774636701154.562500
-0.38564,0.014,0.0516,456774636701154.562500
-0.38563,0.0212,0.05,456774636701154.562500
-0.38561999999999996,0.0212,0.045200000000000004,456774636701154.562500
-0.38561,0.0204,0.045200000000000004,456774636701154.562500
-0.3856,0.0212,0.045200000000000004,456774636701154.562500
-0.38559,0.022000000000000002,0.0412,456774636701154.562500
-0.38558,0.022000000000000002,0.042800000000000005,456774636701154.562500
-0.38556999999999997,0.022000000000000002,0.0548,456774636701154.562500
-0.38556,0.022000000000000002,0.0444,456774636701154.562500
-0.38555,0.0212,0.054,456774636701154.562500
-0.38554,0.0252,0.053200000000000004,456774636701154.562500
-0.38553,0.022000000000000002,0.054,456774636701154.562500
-0.38552,0.0236,0.056400000000000006,456774636701154.562500
-0.38551,0.0236,0.054,456774636701154.562500
-0.3855,0.0244,0.0572,456774636701154.562500
-0.38549,0.0244,0.056400000000000006,456774636701154.562500
-0.38548,0.0236,0.056400000000000006,456774636701154.562500
-0.38547,0.0236,0.0572,456774636701154.562500
-0.38546,0.022000000000000002,0.056400000000000006,456774636701154.562500
-0.38544999999999996,0.0244,0.0572,456774636701154.562500
-0.38544,0.0188,0.056400000000000006,456774636701154.562500
-0.38543,0.022000000000000002,0.056400000000000006,456774636701154.562500
-0.38542,0.0228,0.0572,456774636701154.562500
-0.38541,0.0228,0.0572,456774636701154.562500
-0.38539999999999996,0.0236,0.0524,456774636701154.562500
-0.38539,0.0204,0.055600000000000004,456774636701154.562500
-0.38538,0.0228,0.055600000000000004,456774636701154.562500
-0.38537,0.022000000000000002,0.056400000000000006,456774636701154.562500
-0.38536,0.022000000000000002,0.053200000000000004,456774636701154.562500
-0.38534999999999997,0.0236,0.056400000000000006,456774636701154.562500
-0.38534,0.0212,0.056400000000000006,456774636701154.562500
-0.38533,0.0188,0.056400000000000006,456774636701154.562500
-0.38532,0.0212,0.056400000000000006,456774636701154.562500
-0.38531,0.0212,0.053200000000000004,456774636701154.562500
-0.3853,0.0212,0.0548,456774636701154.562500
-0.38529,0.0228,0.056400000000000006,456774636701154.562500
-0.38528,0.0196,0.054,456774636701154.562500
-0.38527,0.0196,0.0524,456774636701154.562500
-0.38526,0.0236,0.048400000000000006,456774636701154.562500
-0.38525,0.022000000000000002,0.0548,456774636701154.562500
-0.38523999999999997,0.0212,0.053200000000000004,456774636701154.562500
-0.38522999999999996,0.0148,0.0548,456774636701154.562500
-0.38522,0.0212,0.0476,456774636701154.562500
-0.38521,0.0204,0.0572,456774636701154.562500
-0.3852,0.0228,0.0492,456774636701154.562500
-0.38519,0.0236,0.05,456774636701154.562500
-0.38517999999999997,0.022000000000000002,0.0468,456774636701154.562500
-0.38517,0.022000000000000002,0.0524,456774636701154.562500
-0.38516,0.022000000000000002,0.05,456774636701154.562500
-0.38515,0.022000000000000002,0.0548,456774636701154.562500
-0.38514,0.022000000000000002,0.0572,456774636701154.562500
-0.38513,0.022000000000000002,0.056400000000000006,456774636701154.562500
-0.38512,0.0204,0.0524,456774636701154.562500
-0.38511,0.022000000000000002,0.056400000000000006,456774636701154.562500
-0.3851,0.022000000000000002,0.0548,456774636701154.562500
-0.38509,0.022000000000000002,0.0548,456774636701154.562500
-0.38508,0.0212,0.054,456774636701154.562500
-0.38507,0.0228,0.0548,456774636701154.562500
-0.38505999999999996,0.022000000000000002,0.055600000000000004,456774636701154.562500
-0.38505,0.0212,0.055600000000000004,456774636701154.562500
-0.38504,0.0228,0.0572,456774636701154.562500
-0.38503,0.0212,0.055600000000000004,456774636701154.562500
-0.38502,0.022000000000000002,0.056400000000000006,456774636701154.562500
-0.38500999999999996,0.0212,0.058,456774636701154.562500
-0.385,0.0212,0.053200000000000004,456774636701154.562500
-0.38499,0.022000000000000002,0.053200000000000004,456774636701154.562500
-0.38498,0.0212,0.055600000000000004,456774636701154.562500
-0.38497,0.0236,0.056400000000000006,456774636701154.562500
-0.38495999999999997,0.022000000000000002,0.056400000000000006,456774636701154.562500
-0.38495,0.0236,0.056400000000000006,456774636701154.562500
-0.38494,0.0244,0.056400000000000006,456774636701154.562500
-0.38493,0.0228,0.050800000000000005,456774636701154.562500
-0.38492,0.0252,0.0572,456774636701154.562500
-0.38491,0.022000000000000002,0.0548,456774636701154.562500
-0.3849,0.0244,0.055600000000000004,456774636701154.562500
-0.38489,0.0236,0.054,456774636701154.562500
-0.38488,0.0228,0.053200000000000004,456774636701154.562500
-0.38487,0.0228,0.0548,456774636701154.562500
-0.38486,0.0228,0.0572,456774636701154.562500
-0.38484999999999997,0.0228,0.0516,456774636701154.562500
-0.38483999999999996,0.0204,0.055600000000000004,456774636701154.562500
-0.38483,0.022000000000000002,0.056400000000000006,456774636701154.562500
-0.38482,0.0212,0.0548,456774636701154.562500
-0.38481,0.0236,0.056400000000000006,456774636701154.562500
-0.3848,0.0236,0.056400000000000006,456774636701154.562500
-0.38478999999999997,0.0212,0.0548,456774636701154.562500
-0.38478,0.0236,0.055600000000000004,456774636701154.562500
-0.38477,0.0212,0.0524,456774636701154.562500
-0.38476,0.0212,0.056400000000000006,456774636701154.562500
-0.38475,0.0204,0.0572,456774636701154.562500
-0.38473999999999997,0.0204,0.053200000000000004,456774636701154.562500
-0.38473,0.022000000000000002,0.0524,456774636701154.562500
-0.38472,0.0204,0.0444,456774636701154.562500
-0.38471,0.0204,0.0524,456774636701154.562500
-0.3847,0.0204,0.0476,456774636701154.562500
-0.38469,0.0204,0.0492,456774636701154.562500
-0.38468,0.0236,0.045200000000000004,456774636701154.562500
-0.38466999999999996,0.0204,0.053200000000000004,456774636701154.562500
-0.38466,0.0228,0.046,456774636701154.562500
-0.38465,0.0196,0.0524,456774636701154.562500
-0.38464,0.0236,0.055600000000000004,456774636701154.562500
-0.38462999999999997,0.0196,0.055600000000000004,456774636701154.562500
-0.38461999999999996,0.0236,0.0492,456774636701154.562500
-0.38461,0.0228,0.056400000000000006,456774636701154.562500
-0.3846,0.0252,0.0548,456774636701154.562500
-0.38459,0.0252,0.058,456774636701154.562500
-0.38458,0.0236,0.055600000000000004,456774636701154.562500
-0.38456999999999997,0.0236,0.050800000000000005,456774636701154.562500
-0.38456,0.026000000000000002,0.0548,456774636701154.562500
-0.38455,0.018000000000000002,0.0412,456774636701154.562500
-0.38454,0.0244,0.0524,456774636701154.562500
-0.38453,0.0228,0.053200000000000004,456774636701154.562500
-0.38452,0.0236,0.056400000000000006,456774636701154.562500
-0.38451,0.0228,0.0516,456774636701154.562500
-0.3845,0.022000000000000002,0.056400000000000006,456774636701154.562500
-0.38449,0.0244,0.0524,456774636701154.562500
-0.38448,0.0236,0.056400000000000006,456774636701154.562500
-0.38447,0.0236,0.0524,456774636701154.562500
-0.38446,0.0228,0.0572,456774636701154.562500
-0.38444999999999996,0.022000000000000002,0.053200000000000004,456774636701154.562500
-0.38444,0.0212,0.056400000000000006,456774636701154.562500
-0.38443,0.0196,0.056400000000000006,456774636701154.562500
-0.38442,0.0228,0.055600000000000004,456774636701154.562500
-0.38441,0.0212,0.056400000000000006,456774636701154.562500
-0.38439999999999996,0.0228,0.058,456774636701154.562500
-0.38439,0.0212,0.054,456774636701154.562500
-0.38438,0.0212,0.055600000000000004,456774636701154.562500
-0.38437,0.0212,0.055600000000000004,456774636701154.562500
-0.38436,0.0244,0.055600000000000004,456774636701154.562500
-0.38434999999999997,0.0236,0.0548,456774636701154.562500
-0.38434,0.0228,0.0516,456774636701154.562500
-0.38433,0.0236,0.056400000000000006,456774636701154.562500
-0.38432,0.0196,0.0476,456774636701154.562500
-0.38431,0.0252,0.056400000000000006,456774636701154.562500
-0.3843,0.022000000000000002,0.05,456774636701154.562500
-0.38429,0.0244,0.056400000000000006,456774636701154.562500
-0.38428,0.0244,0.0548,456774636701154.562500
-0.38427,0.0252,0.056400000000000006,456774636701154.562500
-0.38426,0.022000000000000002,0.054,456774636701154.562500
-0.38425,0.0244,0.056400000000000006,456774636701154.562500
-0.38423999999999997,0.0236,0.055600000000000004,456774636701154.562500
-0.38422999999999996,0.0252,0.0548,456774636701154.562500
-0.38422,0.0228,0.0492,456774636701154.562500
-0.38421,0.0204,0.054,456774636701154.562500
-0.3842,0.0228,0.0548,456774636701154.562500
-0.38419,0.0228,0.056400000000000006,456774636701154.562500
-0.38417999999999997,0.022000000000000002,0.055600000000000004,456774636701154.562500
-0.38417,0.022000000000000002,0.0548,456774636701154.562500
-0.38416,0.0228,0.0548,456774636701154.562500
-0.38415,0.0236,0.0572,456774636701154.562500
-0.38414,0.022000000000000002,0.055600000000000004,456774636701154.562500
-0.38412999999999997,0.0212,0.055600000000000004,456774636701154.562500
-0.38412,0.0204,0.056400000000000006,456774636701154.562500
-0.38411,0.0228,0.0476,456774636701154.562500
-0.3841,0.0228,0.055600000000000004,456774636701154.562500
-0.38409,0.0228,0.0572,456774636701154.562500
-0.38408,0.0212,0.056400000000000006,456774636701154.562500
-0.38407,0.0212,0.056400000000000006,456774636701154.562500
-0.38405999999999996,0.022000000000000002,0.053200000000000004,456774636701154.562500
-0.38405,0.0188,0.055600000000000004,456774636701154.562500
-0.38404,0.0236,0.0388,456774636701154.562500
-0.38403,0.0228,0.055600000000000004,456774636701154.562500
-0.38402,0.0236,0.055600000000000004,456774636701154.562500
-0.38400999999999996,0.022000000000000002,0.0524,456774636701154.562500
-0.384,0.0244,0.0516,456774636701154.562500
-0.38399,0.0228,0.0412,456774636701154.562500
-0.38398,0.0244,0.056400000000000006,456774636701154.562500
-0.38397,0.0228,0.053200000000000004,456774636701154.562500
-0.38395999999999997,0.022000000000000002,0.053200000000000004,456774636701154.562500
-0.38395,0.0228,0.0572,456774636701154.562500
-0.38394,0.0244,0.050800000000000005,456774636701154.562500
-0.38393,0.0228,0.055600000000000004,456774636701154.562500
-0.38392,0.0236,0.0524,456774636701154.562500
-0.38391,0.0236,0.055600000000000004,456774636701154.562500
-0.3839,0.0228,0.055600000000000004,456774636701154.562500
-0.38389,0.0212,0.056400000000000006,456774636701154.562500
-0.38388,0.0236,0.056400000000000006,456774636701154.562500
-0.38387,0.0204,0.056400000000000006,456774636701154.562500
-0.38386,0.022000000000000002,0.055600000000000004,456774636701154.562500
-0.38385,0.0204,0.053200000000000004,456774636701154.562500
-0.38383999999999996,0.022000000000000002,0.0572,456774636701154.562500
-0.38383,0.0196,0.054,456774636701154.562500
-0.38382,0.0212,0.053200000000000004,456774636701154.562500
-0.38381,0.0228,0.058,456774636701154.562500
-0.3838,0.0212,0.050800000000000005,456774636701154.562500
-0.38378999999999996,0.022000000000000002,0.056400000000000006,456774636701154.562500
-0.38378,0.0228,0.053200000000000004,456774636701154.562500
-0.38377,0.0228,0.046,456774636701154.562500
-0.38376,0.0212,0.055600000000000004,456774636701154.562500
-0.38375,0.0228,0.048400000000000006,456774636701154.562500
-0.38373999999999997,0.022000000000000002,0.056400000000000006,456774636701154.562500
-0.38373,0.0228,0.0524,456774636701154.562500
-0.38372,0.0236,0.055600000000000004,456774636701154.562500
-0.38371,0.0252,0.054,456774636701154.562500
-0.3837,0.0244,0.058,456774636701154.562500
-0.38369,0.0244,0.0572,456774636701154.562500
-0.38368,0.0236,0.054,456774636701154.562500
-0.38367,0.0252,0.056400000000000006,456774636701154.562500
-0.38366,0.0236,0.0548,456774636701154.562500
-0.38365,0.0236,0.0572,456774636701154.562500
-0.38364,0.0252,0.0572,456774636701154.562500
-0.38362999999999997,0.022000000000000002,0.0492,456774636701154.562500
-0.38361999999999996,0.0236,0.055600000000000004,456774636701154.562500
-0.38361,0.0228,0.055600000000000004,456774636701154.562500
-0.3836,0.022000000000000002,0.053200000000000004,456774636701154.562500
-0.38359,0.0228,0.054,456774636701154.562500
-0.38358,0.022000000000000002,0.056400000000000006,456774636701154.562500
-0.38356999999999997,0.0228,0.053200000000000004,456774636701154.562500
-0.38356,0.0212,0.053200000000000004,456774636701154.562500
-0.38355,0.0212,0.054,456774636701154.562500
-0.38354,0.0228,0.05,456774636701154.562500
-0.38353,0.0212,0.0468,456774636701154.562500
-0.38351999999999997,0.0212,0.0492,456774636701154.562500
-0.38351,0.0228,0.054,456774636701154.562500
-0.3835,0.0212,0.0524,456774636701154.562500
-0.38349,0.0228,0.0524,456774636701154.562500
-0.38348,0.022000000000000002,0.0444,456774636701154.562500
-0.38347,0.022000000000000002,0.0516,456774636701154.562500
-0.38346,0.022000000000000002,0.0468,456774636701154.562500
-0.38344999999999996,0.022000000000000002,0.054,456774636701154.562500
-0.38344,0.0236,0.040400000000000005,456774636701154.562500
-0.38343,0.022000000000000002,0.0524,456774636701154.562500
-0.38342,0.0204,0.0476,456774636701154.562500
-0.38341,0.0244,0.0548,456774636701154.562500
-0.38339999999999996,0.0188,0.05,456774636701154.562500
-0.38339,0.0244,0.056400000000000006,456774636701154.562500
-0.38338,0.022000000000000002,0.056400000000000006,456774636701154.562500
-0.38337,0.0236,0.056400000000000006,456774636701154.562500
-0.38336,0.0252,0.055600000000000004,456774636701154.562500
-0.38334999999999997,0.018000000000000002,0.056400000000000006,456774636701154.562500
-0.38334,0.0228,0.0548,456774636701154.562500
-0.38333,0.0212,0.056400000000000006,456774636701154.562500
-0.38332,0.0252,0.0436,456774636701154.562500
-0.38331,0.026000000000000002,0.0572,456774636701154.562500
-0.3833,0.0236,0.056400000000000006,456774636701154.562500
-0.38329,0.0228,0.055600000000000004,456774636701154.562500
-0.38328,0.022000000000000002,0.055600000000000004,456774636701154.562500
-0.38327,0.0212,0.054,456774636701154.562500
-0.38326,0.022000000000000002,0.055600000000000004,456774636701154.562500
-0.38325,0.0212,0.056400000000000006,456774636701154.562500
-0.38324,0.022000000000000002,0.0572,456774636701154.562500
-0.38322999999999996,0.0172,0.055600000000000004,456774636701154.562500
-0.38322,0.022000000000000002,0.053200000000000004,456774636701154.562500
-0.38321,0.0212,0.0572,456774636701154.562500
-0.3832,0.022000000000000002,0.0524,456774636701154.562500
-0.38319,0.022000000000000002,0.056400000000000006,456774636701154.562500
-0.38317999999999997,0.0228,0.056400000000000006,456774636701154.562500
-0.38317,0.0212,0.056400000000000006,456774636701154.562500
-0.38316,0.0196,0.054,456774636701154.562500
-0.38315,0.022000000000000002,0.0572,456774636701154.562500
-0.38314,0.022000000000000002,0.055600000000000004,456774636701154.562500
-0.38312999999999997,0.0212,0.056400000000000006,456774636701154.562500
-0.38312,0.0228,0.056400000000000006,456774636701154.562500
-0.38311,0.0244,0.058,456774636701154.562500
-0.3831,0.0188,0.056400000000000006,456774636701154.562500
-0.38309,0.0252,0.0492,456774636701154.562500
-0.38308,0.0228,0.0548,456774636701154.562500
-0.38307,0.0212,0.055600000000000004,456774636701154.562500
-0.38305999999999996,0.0212,0.0572,456774636701154.562500
-0.38305,0.022000000000000002,0.054,456774636701154.562500
-0.38304,0.022000000000000002,0.056400000000000006,456774636701154.562500
-0.38303,0.0204,0.0548,456774636701154.562500
-0.38301999999999997,0.0196,0.0572,456774636701154.562500
-0.38300999999999996,0.0204,0.056400000000000006,456774636701154.562500
-0.383,0.0148,0.056400000000000006,456774636701154.562500
-0.38299,0.0204,0.056400000000000006,456774636701154.562500
-0.38298,0.022000000000000002,0.054,456774636701154.562500
-0.38297,0.022000000000000002,0.055600000000000004,456774636701154.562500
-0.38295999999999997,0.0148,0.056400000000000006,456774636701154.562500
-0.38295,0.0212,0.055600000000000004,456774636701154.562500
-0.38294,0.022000000000000002,0.0572,456774636701154.562500
-0.38293,0.0228,0.0548,456774636701154.562500
-0.38292,0.022000000000000002,0.056400000000000006,456774636701154.562500
-0.38291,0.022000000000000002,0.0516,456774636701154.562500
-0.3829,0.0212,0.056400000000000006,456774636701154.562500
-0.38289,0.022000000000000002,0.050800000000000005,456774636701154.562500
-0.38288,0.022000000000000002,0.0492,456774636701154.562500
-0.38287,0.0228,0.053200000000000004,456774636701154.562500
-0.38286,0.0204,0.050800000000000005,456774636701154.562500
-0.38285,0.0244,0.056400000000000006,456774636701154.562500
-0.38283999999999996,0.0228,0.055600000000000004,456774636701154.562500
-0.38283,0.022000000000000002,0.0548,456774636701154.562500
-0.38282,0.0236,0.058,456774636701154.562500
-0.38281,0.0236,0.056400000000000006,456774636701154.562500
-0.3828,0.0236,0.056400000000000006,456774636701154.562500
-0.38278999999999996,0.0228,0.055600000000000004,456774636701154.562500
-0.38278,0.0236,0.055600000000000004,456774636701154.562500
-0.38277,0.0228,0.0572,456774636701154.562500
-0.38276,0.0228,0.055600000000000004,456774636701154.562500
-0.38275,0.0244,0.056400000000000006,456774636701154.562500
-0.38273999999999997,0.0204,0.055600000000000004,456774636701154.562500
-0.38273,0.0244,0.054,456774636701154.562500
-0.38272,0.0228,0.056400000000000006,456774636701154.562500
-0.38271,0.0228,0.0572,456774636701154.562500
-0.3827,0.0228,0.0492,456774636701154.562500
-0.38269,0.022000000000000002,0.0548,456774636701154.562500
-0.38268,0.022000000000000002,0.05,456774636701154.562500
-0.38267,0.0228,0.058,456774636701154.562500
-0.38266,0.0196,0.0548,456774636701154.562500
-0.38265,0.0228,0.056400000000000006,456774636701154.562500
-0.38264,0.0204,0.055600000000000004,456774636701154.562500
-0.38262999999999997,0.0236,0.0572,456774636701154.562500
-0.38261999999999996,0.0212,0.0548,456774636701154.562500
-0.38261,0.0212,0.050800000000000005,456774636701154.562500
-0.3826,0.022000000000000002,0.054,456774636701154.562500
-0.38259,0.022000000000000002,0.0492,456774636701154.562500
-0.38258,0.022000000000000002,0.0524,456774636701154.562500
-0.38256999999999997,0.0196,0.055600000000000004,456774636701154.562500
-0.38256,0.022000000000000002,0.056400000000000006,456774636701154.562500
-0.38255,0.0236,0.0516,456774636701154.562500
-0.38254,0.0228,0.0516,456774636701154.562500
-0.38253,0.022000000000000002,0.054,456774636701154.562500
-0.38251999999999997,0.0236,0.056400000000000006,456774636701154.562500
-0.38251,0.0212,0.0548,456774636701154.562500
-0.3825,0.0228,0.056400000000000006,456774636701154.562500
-0.38249,0.0236,0.0572,456774636701154.562500
-0.38248,0.0244,0.054,456774636701154.562500
-0.38247,0.0204,0.0548,456774636701154.562500
-0.38246,0.0236,0.056400000000000006,456774636701154.562500
-0.38244999999999996,0.0244,0.0524,456774636701154.562500
-0.38244,0.0236,0.0548,456774636701154.562500
-0.38243,0.0236,0.056400000000000006,456774636701154.562500
-0.38242,0.0236,0.056400000000000006,456774636701154.562500
-0.38240999999999997,0.0244,0.055600000000000004,456774636701154.562500
-0.38239999999999996,0.0228,0.056400000000000006,456774636701154.562500
-0.38239,0.0228,0.058,456774636701154.562500
-0.38238,0.0212,0.053200000000000004,456774636701154.562500
-0.38237,0.0236,0.058,456774636701154.562500
-0.38236,0.0236,0.0572,456774636701154.562500
-0.38234999999999997,0.022000000000000002,0.056400000000000006,456774636701154.562500
-0.38234,0.0212,0.054,456774636701154.562500
-0.38233,0.0212,0.056400000000000006,456774636701154.562500
-0.38232,0.018000000000000002,0.0548,456774636701154.562500
-0.38231,0.022000000000000002,0.054,456774636701154.562500
-0.3823,0.0164,0.0572,456774636701154.562500
-0.38229,0.0204,0.0572,456774636701154.562500
-0.38228,0.0148,0.0548,456774636701154.562500
-0.38227,0.022000000000000002,0.0548,456774636701154.562500
-0.38226,0.0204,0.0524,456774636701154.562500
-0.38225,0.0196,0.0572,456774636701154.562500
-0.38224,0.0228,0.056400000000000006,456774636701154.562500
-0.38222999999999996,0.018000000000000002,0.053200000000000004,456774636701154.562500
-0.38222,0.022000000000000002,0.0548,456774636701154.562500
-0.38221,0.0236,0.0524,456774636701154.562500
-0.3822,0.022000000000000002,0.0548,456774636701154.562500
-0.38219,0.0236,0.055600000000000004,456774636701154.562500
-0.38217999999999996,0.0244,0.0548,456774636701154.562500
-0.38217,0.022000000000000002,0.0572,456774636701154.562500
-0.38216,0.0212,0.054,456774636701154.562500
-0.38215,0.0228,0.046,456774636701154.562500
-0.38214,0.0212,0.056400000000000006,456774636701154.562500
-0.38212999999999997,0.0236,0.0516,456774636701154.562500
-0.38212,0.0196,0.054,456774636701154.562500
-0.38211,0.0188,0.054,456774636701154.562500
-0.3821,0.0228,0.054,456774636701154.562500
-0.38209,0.0228,0.056400000000000006,456774636701154.562500
-0.38208,0.0236,0.058,456774636701154.562500
-0.38207,0.0236,0.0572,456774636701154.562500
-0.38206,0.0212,0.053200000000000004,456774636701154.562500
-0.38205,0.0212,0.055600000000000004,456774636701154.562500
-0.38204,0.0212,0.053200000000000004,456774636701154.562500
-0.38203,0.0212,0.055600000000000004,456774636701154.562500
-0.38201999999999997,0.0212,0.053200000000000004,456774636701154.562500
-0.38200999999999996,0.0188,0.056400000000000006,456774636701154.562500
-0.382,0.022000000000000002,0.0524,456774636701154.562500
-0.38199,0.018000000000000002,0.056400000000000006,456774636701154.562500
-0.38198,0.0204,0.0468,456774636701154.562500
-0.38197,0.0212,0.0548,456774636701154.562500
-0.38195999999999997,0.0228,0.055600000000000004,456774636701154.562500
-0.38195,0.0212,0.050800000000000005,456774636701154.562500
-0.38194,0.0212,0.053200000000000004,456774636701154.562500
-0.38193,0.0228,0.053200000000000004,456774636701154.562500
-0.38192,0.0196,0.055600000000000004,456774636701154.562500
-0.38190999999999997,0.022000000000000002,0.0572,456774636701154.562500
-0.3819,0.0188,0.056400000000000006,456774636701154.562500
-0.38189,0.0212,0.0548,456774636701154.562500
-0.38188,0.0212,0.054,456774636701154.562500
-0.38187,0.0244,0.056400000000000006,456774636701154.562500
-0.38186,0.0244,0.056400000000000006,456774636701154.562500
-0.38185,0.022000000000000002,0.0572,456774636701154.562500
-0.38183999999999996,0.0228,0.0548,456774636701154.562500
-0.38183,0.0188,0.056400000000000006,456774636701154.562500
-0.38182,0.0228,0.053200000000000004,456774636701154.562500
-0.38181,0.0244,0.056400000000000006,456774636701154.562500
-0.3818,0.0236,0.056400000000000006,456774636701154.562500
-0.38178999999999996,0.022000000000000002,0.0548,456774636701154.562500
-0.38178,0.0236,0.056400000000000006,456774636701154.562500
-0.38177,0.022000000000000002,0.0548,456774636701154.562500
-0.38176,0.0228,0.0572,456774636701154.562500
-0.38175,0.0228,0.048400000000000006,456774636701154.562500
-0.38173999999999997,0.0204,0.055600000000000004,456774636701154.562500
-0.38173,0.0228,0.0524,456774636701154.562500
-0.38172,0.0188,0.05,456774636701154.562500
-0.38171,0.0212,0.055600000000000004,456774636701154.562500
-0.3817,0.022000000000000002,0.050800000000000005,456774636701154.562500
-0.38169,0.0228,0.0516,456774636701154.562500
-0.38168,0.0212,0.0476,456774636701154.562500
-0.38167,0.0188,0.0516,456774636701154.562500
-0.38166,0.022000000000000002,0.034,456774636701154.562500
-0.38165,0.0196,0.053200000000000004,456774636701154.562500
-0.38164,0.022000000000000002,0.0492,456774636701154.562500
-0.38163,0.0236,0.056400000000000006,456774636701154.562500
-0.38161999999999996,0.0228,0.058,456774636701154.562500
-0.38161,0.022000000000000002,0.056400000000000006,456774636701154.562500
-0.3816,0.0228,0.056400000000000006,456774636701154.562500
-0.38159,0.022000000000000002,0.056400000000000006,456774636701154.562500
-0.38158,0.0236,0.056400000000000006,456774636701154.562500
-0.38156999999999996,0.018000000000000002,0.055600000000000004,456774636701154.562500
-0.38156,0.022000000000000002,0.054,456774636701154.562500
-0.38155,0.0228,0.055600000000000004,456774636701154.562500
-0.38154,0.0236,0.0492,456774636701154.562500
-0.38153,0.0236,0.0516,456774636701154.562500
-0.38151999999999997,0.0252,0.054,456774636701154.562500
-0.38151,0.0236,0.050800000000000005,456774636701154.562500
-0.3815,0.0228,0.046,456774636701154.562500
-0.38149,0.0244,0.0548,456774636701154.562500
-0.38148,0.0188,0.053200000000000004,456774636701154.562500
-0.38147,0.0236,0.0572,456774636701154.562500
-0.38146,0.0204,0.056400000000000006,456774636701154.562500
-0.38144999999999996,0.0204,0.056400000000000006,456774636701154.562500
-0.38144,0.018000000000000002,0.058,456774636701154.562500
-0.38143,0.022000000000000002,0.054,456774636701154.562500
-0.38142,0.0212,0.056400000000000006,456774636701154.562500
-0.38140999999999997,0.0212,0.0524,456774636701154.562500
-0.38139999999999996,0.022000000000000002,0.0572,456774636701154.562500
-0.38139,0.022000000000000002,0.0548,456774636701154.562500
-0.38138,0.022000000000000002,0.05,456774636701154.562500
-0.38137,0.0196,0.0572,456774636701154.562500
-0.38136,0.022000000000000002,0.056400000000000006,456774636701154.562500
-0.38134999999999997,0.022000000000000002,0.0548,456774636701154.562500
-0.38134,0.022000000000000002,0.056400000000000006,456774636701154.562500
-0.38133,0.022000000000000002,0.054,456774636701154.562500
-0.38132,0.0236,0.0524,456774636701154.562500
-0.38131,0.022000000000000002,0.054,456774636701154.562500
-0.3813,0.0236,0.055600000000000004,456774636701154.562500
-0.38129,0.0212,0.055600000000000004,456774636701154.562500
-0.38128,0.0244,0.055600000000000004,456774636701154.562500
-0.38127,0.0228,0.0548,456774636701154.562500
-0.38126,0.026000000000000002,0.0524,456774636701154.562500
-0.38125,0.0228,0.0524,456774636701154.562500
-0.38124,0.0244,0.0572,456774636701154.562500
-0.38122999999999996,0.0244,0.0572,456774636701154.562500
-0.38122,0.0244,0.054,456774636701154.562500
-0.38121,0.0212,0.054,456774636701154.562500
-0.3812,0.0244,0.055600000000000004,456774636701154.562500
-0.38119,0.022000000000000002,0.0492,456774636701154.562500
-0.38117999999999996,0.0244,0.046,456774636701154.562500
-0.38117,0.0228,0.0516,456774636701154.562500
-0.38116,0.0196,0.046,456774636701154.562500
-0.38115,0.0228,0.055600000000000004,456774636701154.562500
-0.38114,0.022000000000000002,0.0572,456774636701154.562500
-0.38112999999999997,0.0212,0.055600000000000004,456774636701154.562500
-0.38112,0.0212,0.055600000000000004,456774636701154.562500
-0.38111,0.0212,0.056400000000000006,456774636701154.562500
-0.3811,0.0212,0.05,456774636701154.562500
-0.38109,0.022000000000000002,0.058,456774636701154.562500
-0.38108,0.0212,0.056400000000000006,456774636701154.562500
-0.38107,0.0196,0.055600000000000004,456774636701154.562500
-0.38106,0.0212,0.0548,456774636701154.562500
-0.38105,0.0212,0.056400000000000006,456774636701154.562500
-0.38104,0.0236,0.0516,456774636701154.562500
-0.38103,0.0212,0.056400000000000006,456774636701154.562500
-0.38101999999999997,0.0228,0.054,456774636701154.562500
-0.38100999999999996,0.0244,0.056400000000000006,456774636701154.562500
-0.381,0.0236,0.055600000000000004,456774636701154.562500
-0.38099,0.0236,0.0572,456774636701154.562500
-0.38098,0.0236,0.054,456774636701154.562500
-0.38097,0.0244,0.0548,456774636701154.562500
-0.38095999999999997,0.0244,0.054,456774636701154.562500
-0.38095,0.0236,0.054,456774636701154.562500
-0.38094,0.018000000000000002,0.0548,456774636701154.562500
-0.38093,0.0244,0.050800000000000005,456774636701154.562500
-0.38092,0.0236,0.0548,456774636701154.562500
-0.38090999999999997,0.0244,0.0516,456774636701154.562500
-0.3809,0.0228,0.053200000000000004,456774636701154.562500
-0.38089,0.022000000000000002,0.0572,456774636701154.562500
-0.38088,0.0212,0.048400000000000006,456774636701154.562500
-0.38087,0.0196,0.055600000000000004,456774636701154.562500
-0.38086,0.0212,0.055600000000000004,456774636701154.562500
-0.38085,0.0196,0.0572,456774636701154.562500
-0.38083999999999996,0.0236,0.0548,456774636701154.562500
-0.38083,0.0204,0.0572,456774636701154.562500
-0.38082,0.022000000000000002,0.055600000000000004,456774636701154.562500
-0.38081,0.0196,0.058,456774636701154.562500
-0.38079999999999997,0.0228,0.0524,456774636701154.562500
-0.38078999999999996,0.0228,0.056400000000000006,456774636701154.562500
-0.38078,0.0228,0.0476,456774636701154.562500
-0.38077,0.0172,0.054,456774636701154.562500
-0.38076,0.0228,0.042800000000000005,456774636701154.562500
-0.38075,0.0188,0.053200000000000004,456774636701154.562500
-0.38073999999999997,0.0228,0.056400000000000006,456774636701154.562500
-0.38073,0.0228,0.050800000000000005,456774636701154.562500
-0.38072,0.0196,0.053200000000000004,456774636701154.562500
-0.38071,0.0212,0.0548,456774636701154.562500
-0.3807,0.0212,0.0572,456774636701154.562500
-0.38069,0.0228,0.055600000000000004,456774636701154.562500
-0.38068,0.0228,0.056400000000000006,456774636701154.562500
-0.38067,0.022000000000000002,0.0572,456774636701154.562500
-0.38066,0.0212,0.058,456774636701154.562500
-0.38065,0.0236,0.056400000000000006,456774636701154.562500
-0.38064,0.0236,0.055600000000000004,456774636701154.562500
-0.38063,0.0244,0.058,456774636701154.562500
-0.38061999999999996,0.0252,0.0548,456774636701154.562500
-0.38061,0.018000000000000002,0.0572,456774636701154.562500
-0.3806,0.0236,0.056400000000000006,456774636701154.562500
-0.38059,0.022000000000000002,0.05,456774636701154.562500
-0.38058,0.0244,0.058800000000000005,456774636701154.562500
-0.38056999999999996,0.0244,0.050800000000000005,456774636701154.562500
-0.38056,0.0244,0.055600000000000004,456774636701154.562500
-0.38055,0.0228,0.0548,456774636701154.562500
-0.38054,0.0212,0.055600000000000004,456774636701154.562500
-0.38053,0.022000000000000002,0.054,456774636701154.562500
-0.38051999999999997,0.022000000000000002,0.0524,456774636701154.562500
-0.38051,0.022000000000000002,0.056400000000000006,456774636701154.562500
-0.3805,0.018000000000000002,0.0524,456774636701154.562500
-0.38049,0.0204,0.055600000000000004,456774636701154.562500
-0.38048,0.022000000000000002,0.054,456774636701154.562500
-0.38047,0.0212,0.055600000000000004,456774636701154.562500
-0.38046,0.0228,0.053200000000000004,456774636701154.562500
-0.38045,0.022000000000000002,0.056400000000000006,456774636701154.562500
-0.38044,0.0228,0.056400000000000006,456774636701154.562500
-0.38043,0.022000000000000002,0.054,456774636701154.562500
-0.38042,0.022000000000000002,0.055600000000000004,456774636701154.562500
-0.38040999999999997,0.0212,0.055600000000000004,456774636701154.562500
-0.38039999999999996,0.0236,0.055600000000000004,456774636701154.562500
-0.38039,0.022000000000000002,0.055600000000000004,456774636701154.562500
-0.38038,0.0212,0.0548,456774636701154.562500
-0.38037,0.0228,0.0524,456774636701154.562500
-0.38036,0.0236,0.055600000000000004,456774636701154.562500
-0.38034999999999997,0.0244,0.05,456774636701154.562500
-0.38034,0.0244,0.056400000000000006,456774636701154.562500
-0.38033,0.0236,0.055600000000000004,456774636701154.562500
-0.38032,0.0212,0.0524,456774636701154.562500
-0.38031,0.0252,0.053200000000000004,456774636701154.562500
-0.38029999999999997,0.0212,0.054,456774636701154.562500
-0.38029,0.0244,0.056400000000000006,456774636701154.562500
-0.38028,0.0228,0.056400000000000006,456774636701154.562500
-0.38027,0.0236,0.055600000000000004,456774636701154.562500
-0.38026,0.0196,0.054,456774636701154.562500
-0.38025,0.022000000000000002,0.056400000000000006,456774636701154.562500
-0.38024,0.0228,0.056400000000000006,456774636701154.562500
-0.38022999999999996,0.0228,0.058800000000000005,456774636701154.562500
-0.38022,0.0228,0.056400000000000006,456774636701154.562500
-0.38021,0.022000000000000002,0.054,456774636701154.562500
-0.3802,0.0228,0.0596,456774636701154.562500
-0.38019,0.0228,0.0548,456774636701154.562500
-0.38017999999999996,0.0244,0.0548,456774636701154.562500
-0.38017,0.022000000000000002,0.055600000000000004,456774636701154.562500
-0.38016,0.022000000000000002,0.0548,456774636701154.562500
-0.38015,0.0204,0.0572,456774636701154.562500
-0.38014,0.022000000000000002,0.056400000000000006,456774636701154.562500
-0.38012999999999997,0.022000000000000002,0.055600000000000004,456774636701154.562500
-0.38012,0.022000000000000002,0.0572,456774636701154.562500
-0.38011,0.022000000000000002,0.056400000000000006,456774636701154.562500
-0.3801,0.022000000000000002,0.0572,456774636701154.562500
-0.38009,0.0212,0.056400000000000006,456774636701154.562500
-0.38008,0.022000000000000002,0.054,456774636701154.562500
-0.38007,0.022000000000000002,0.055600000000000004,456774636701154.562500
-0.38006,0.018000000000000002,0.0572,456774636701154.562500
-0.38005,0.0228,0.0548,456774636701154.562500
-0.38004,0.0228,0.053200000000000004,456774636701154.562500
-0.38003,0.0236,0.055600000000000004,456774636701154.562500
-0.38002,0.0228,0.055600000000000004,456774636701154.562500
-0.38000999999999996,0.022000000000000002,0.056400000000000006,456774636701154.562500
-0.38,0.0228,0.056400000000000006,456774636701154.562500
-0.37999,0.0228,0.056400000000000006,456774636701154.562500
-0.37998,0.0236,0.0524,456774636701154.562500
-0.37997,0.0236,0.048400000000000006,456774636701154.562500
-0.37995999999999996,0.0236,0.0492,456774636701154.562500
-0.37995,0.0228,0.0524,456774636701154.562500
-0.37994,0.022000000000000002,0.0396,456774636701154.562500
-0.37993,0.022000000000000002,0.0476,456774636701154.562500
-0.37992,0.0212,0.040400000000000005,456774636701154.562500
-0.37990999999999997,0.0204,0.048400000000000006,456774636701154.562500
-0.3799,0.0196,0.0476,456774636701154.562500
-0.37989,0.022000000000000002,0.053200000000000004,456774636701154.562500
-0.37988,0.022000000000000002,0.042,456774636701154.562500
-0.37987,0.022000000000000002,0.055600000000000004,456774636701154.562500
-0.37986,0.022000000000000002,0.054,456774636701154.562500
-0.37985,0.0228,0.056400000000000006,456774636701154.562500
-0.37984,0.0236,0.058,456774636701154.562500
-0.37983,0.022000000000000002,0.0572,456774636701154.562500
-0.37982,0.022000000000000002,0.055600000000000004,456774636701154.562500
-0.37981,0.0236,0.046,456774636701154.562500
-0.37979999999999997,0.0204,0.056400000000000006,456774636701154.562500
-0.37978999999999996,0.0228,0.0468,456774636701154.562500
-0.37978,0.022000000000000002,0.056400000000000006,456774636701154.562500
-0.37977,0.022000000000000002,0.0492,456774636701154.562500
-0.37976,0.022000000000000002,0.055600000000000004,456774636701154.562500
-0.37975,0.0236,0.046,456774636701154.562500
-0.37973999999999997,0.0236,0.054,456774636701154.562500
-0.37973,0.022000000000000002,0.0476,456774636701154.562500
-0.37972,0.022000000000000002,0.0572,456774636701154.562500
-0.37971,0.0148,0.054,456774636701154.562500
-0.3797,0.0236,0.055600000000000004,456774636701154.562500
-0.37968999999999997,0.0228,0.056400000000000006,456774636701154.562500
-0.37968,0.0244,0.056400000000000006,456774636701154.562500
-0.37967,0.0228,0.0572,456774636701154.562500
-0.37966,0.0236,0.058,456774636701154.562500
-0.37965,0.022000000000000002,0.0548,456774636701154.562500
-0.37964,0.0228,0.0516,456774636701154.562500
-0.37963,0.0188,0.054,456774636701154.562500
-0.37961999999999996,0.022000000000000002,0.0548,456774636701154.562500
-0.37961,0.0212,0.053200000000000004,456774636701154.562500
-0.3796,0.0204,0.055600000000000004,456774636701154.562500
-0.37959,0.0196,0.0492,456774636701154.562500
-0.37958,0.0228,0.055600000000000004,456774636701154.562500
-0.37956999999999996,0.022000000000000002,0.0516,456774636701154.562500
-0.37956,0.022000000000000002,0.05,456774636701154.562500
-0.37955,0.0228,0.0572,456774636701154.562500
-0.37954,0.0196,0.0468,456774636701154.562500
-0.37953,0.0204,0.0548,456774636701154.562500
-0.37951999999999997,0.0188,0.0548,456774636701154.562500
-0.37951,0.0236,0.055600000000000004,456774636701154.562500
-0.3795,0.022000000000000002,0.056400000000000006,456774636701154.562500
-0.37949,0.0236,0.0548,456774636701154.562500
-0.37948,0.022000000000000002,0.0524,456774636701154.562500
-0.37947,0.022000000000000002,0.0572,456774636701154.562500
-0.37946,0.0236,0.0524,456774636701154.562500
-0.37945,0.0236,0.058,456774636701154.562500
-0.37944,0.0236,0.0524,456774636701154.562500
-0.37943,0.0212,0.056400000000000006,456774636701154.562500
-0.37942,0.0212,0.05,456774636701154.562500
-0.37940999999999997,0.0252,0.0524,456774636701154.562500
-0.37939999999999996,0.018000000000000002,0.055600000000000004,456774636701154.562500
-0.37939,0.0244,0.055600000000000004,456774636701154.562500
-0.37938,0.022000000000000002,0.053200000000000004,456774636701154.562500
-0.37937,0.0204,0.056400000000000006,456774636701154.562500
-0.37936,0.0228,0.058,456774636701154.562500
-0.37934999999999997,0.0236,0.0572,456774636701154.562500
-0.37934,0.0252,0.0572,456774636701154.562500
-0.37933,0.0228,0.056400000000000006,456774636701154.562500
-0.37932,0.0244,0.0548,456774636701154.562500
-0.37931,0.022000000000000002,0.046,456774636701154.562500
-0.37929999999999997,0.0228,0.055600000000000004,456774636701154.562500
-0.37929,0.0228,0.0572,456774636701154.562500
-0.37928,0.022000000000000002,0.0548,456774636701154.562500
-0.37927,0.0212,0.0548,456774636701154.562500
-0.37926,0.0212,0.0516,456774636701154.562500
-0.37925,0.022000000000000002,0.055600000000000004,456774636701154.562500
-0.37924,0.022000000000000002,0.055600000000000004,456774636701154.562500
-0.37922999999999996,0.018000000000000002,0.0548,456774636701154.562500
-0.37922,0.0196,0.053200000000000004,456774636701154.562500
-0.37921,0.018000000000000002,0.054,456774636701154.562500
-0.3792,0.0188,0.0468,456774636701154.562500
-0.37918999999999997,0.0204,0.055600000000000004,456774636701154.562500
-0.37917999999999996,0.0228,0.042800000000000005,456774636701154.562500
-0.37917,0.0204,0.054,456774636701154.562500
-0.37916,0.022000000000000002,0.055600000000000004,456774636701154.562500
-0.37915,0.0236,0.054,456774636701154.562500
-0.37914,0.0212,0.054,456774636701154.562500
-0.37912999999999997,0.0228,0.053200000000000004,456774636701154.562500
-0.37912,0.022000000000000002,0.0548,456774636701154.562500
-0.37911,0.0236,0.0524,456774636701154.562500
-0.3791,0.0172,0.05,456774636701154.562500
-0.37909,0.0244,0.048400000000000006,456774636701154.562500
-0.37908,0.0228,0.055600000000000004,456774636701154.562500
-0.37907,0.022000000000000002,0.054,456774636701154.562500
-0.37906,0.0228,0.0516,456774636701154.562500
-0.37905,0.014,0.056400000000000006,456774636701154.562500
-0.37904,0.0228,0.054,456774636701154.562500
-0.37903,0.0164,0.0548,456774636701154.562500
-0.37902,0.0228,0.055600000000000004,456774636701154.562500
-0.37900999999999996,0.022000000000000002,0.0572,456774636701154.562500
-0.379,0.022000000000000002,0.0572,456774636701154.562500
-0.37899,0.0212,0.055600000000000004,456774636701154.562500
-0.37898,0.0228,0.0548,456774636701154.562500
-0.37897,0.0196,0.056400000000000006,456774636701154.562500
-0.37895999999999996,0.0196,0.056400000000000006,456774636701154.562500
-0.37895,0.0204,0.056400000000000006,456774636701154.562500
-0.37894,0.0172,0.056400000000000006,456774636701154.562500
-0.37893,0.0212,0.056400000000000006,456774636701154.562500
-0.37892,0.022000000000000002,0.058,456774636701154.562500
-0.37890999999999997,0.0212,0.056400000000000006,456774636701154.562500
-0.3789,0.022000000000000002,0.0548,456774636701154.562500
-0.37889,0.0228,0.055600000000000004,456774636701154.562500
-0.37888,0.0212,0.048400000000000006,456774636701154.562500
-0.37887,0.0228,0.054,456774636701154.562500
-0.37886,0.022000000000000002,0.054,456774636701154.562500
-0.37885,0.022000000000000002,0.055600000000000004,456774636701154.562500
-0.37884,0.0244,0.055600000000000004,456774636701154.562500
-0.37883,0.0212,0.0492,456774636701154.562500
-0.37882,0.0236,0.055600000000000004,456774636701154.562500
-0.37881,0.0212,0.046,456774636701154.562500
-0.37879999999999997,0.0212,0.0548,456774636701154.562500
-0.37878999999999996,0.0236,0.0572,456774636701154.562500
-0.37878,0.022000000000000002,0.0524,456774636701154.562500
-0.37877,0.0236,0.055600000000000004,456774636701154.562500
-0.37876,0.0244,0.0476,456774636701154.562500
-0.37875,0.022000000000000002,0.0572,456774636701154.562500
-0.37873999999999997,0.0244,0.055600000000000004,456774636701154.562500
-0.37873,0.0204,0.055600000000000004,456774636701154.562500
-0.37872,0.022000000000000002,0.0516,456774636701154.562500
-0.37871,0.0228,0.0548,456774636701154.562500
-0.3787,0.022000000000000002,0.058,456774636701154.562500
-0.37868999999999997,0.0212,0.046,456774636701154.562500
-0.37868,0.0212,0.056400000000000006,456774636701154.562500
-0.37867,0.0196,0.0524,456774636701154.562500
-0.37866,0.015600000000000001,0.050800000000000005,456774636701154.562500
-0.37865,0.0188,0.055600000000000004,456774636701154.562500
-0.37864,0.0164,0.055600000000000004,456774636701154.562500
-0.37863,0.0172,0.055600000000000004,456774636701154.562500
-0.37861999999999996,0.0172,0.058,456774636701154.562500
-0.37861,0.0204,0.056400000000000006,456774636701154.562500
-0.3786,0.018000000000000002,0.054,456774636701154.562500
-0.37859,0.0212,0.0572,456774636701154.562500
-0.37857999999999997,0.0204,0.054,456774636701154.562500
-0.37856999999999996,0.0228,0.056400000000000006,456774636701154.562500
-0.37856,0.0236,0.053200000000000004,456774636701154.562500
-0.37855,0.0228,0.0548,456774636701154.562500
-0.37854,0.0188,0.054,456774636701154.562500
-0.37853,0.0236,0.0524,456774636701154.562500
-0.37851999999999997,0.0244,0.0444,456774636701154.562500
-0.37851,0.0236,0.056400000000000006,456774636701154.562500
-0.3785,0.0204,0.0412,456774636701154.562500
-0.37849,0.0244,0.0516,456774636701154.562500
-0.37848,0.0228,0.040400000000000005,456774636701154.562500
-0.37847,0.0244,0.058,456774636701154.562500
-0.37846,0.0212,0.0524,456774636701154.562500
-0.37845,0.022000000000000002,0.056400000000000006,456774636701154.562500
-0.37844,0.022000000000000002,0.055600000000000004,456774636701154.562500
-0.37843,0.0212,0.055600000000000004,456774636701154.562500
-0.37842,0.0188,0.0524,456774636701154.562500
-0.37841,0.0228,0.056400000000000006,456774636701154.562500
-0.37839999999999996,0.022000000000000002,0.0516,456774636701154.562500
-0.37839,0.0228,0.055600000000000004,456774636701154.562500
-0.37838,0.022000000000000002,0.0548,456774636701154.562500
-0.37837,0.0212,0.054,456774636701154.562500
-0.37836,0.0212,0.053200000000000004,456774636701154.562500
-0.37834999999999996,0.022000000000000002,0.0524,456774636701154.562500
-0.37834,0.0204,0.058,456774636701154.562500
-0.37833,0.0228,0.0516,456774636701154.562500
-0.37832,0.0196,0.058,456774636701154.562500
-0.37831,0.0212,0.045200000000000004,456774636701154.562500
-0.37829999999999997,0.0196,0.050800000000000005,456774636701154.562500
-0.37829,0.022000000000000002,0.0444,456774636701154.562500
-0.37828,0.022000000000000002,0.058,456774636701154.562500
-0.37827,0.0196,0.055600000000000004,456774636701154.562500
-0.37826,0.0204,0.055600000000000004,456774636701154.562500
-0.37825,0.0228,0.055600000000000004,456774636701154.562500
-0.37824,0.022000000000000002,0.055600000000000004,456774636701154.562500
-0.37823,0.0228,0.056400000000000006,456774636701154.562500
-0.37822,0.0228,0.050800000000000005,456774636701154.562500
-0.37821,0.0252,0.054,456774636701154.562500
-0.3782,0.0236,0.055600000000000004,456774636701154.562500
-0.37818999999999997,0.0236,0.056400000000000006,456774636701154.562500
-0.37817999999999996,0.0212,0.0548,456774636701154.562500
-0.37817,0.0244,0.0572,456774636701154.562500
-0.37816,0.0228,0.0572,456774636701154.562500
-0.37815,0.0212,0.056400000000000006,456774636701154.562500
-0.37814,0.0212,0.055600000000000004,456774636701154.562500
-0.37812999999999997,0.0196,0.055600000000000004,456774636701154.562500
-0.37812,0.0212,0.0572,456774636701154.562500
-0.37811,0.018000000000000002,0.050800000000000005,456774636701154.562500
-0.3781,0.022000000000000002,0.056400000000000006,456774636701154.562500
-0.37809,0.015600000000000001,0.0476,456774636701154.562500
-0.37807999999999997,0.022000000000000002,0.0548,456774636701154.562500
-0.37807,0.0188,0.0548,456774636701154.562500
-0.37806,0.0204,0.0548,456774636701154.562500
-0.37805,0.0164,0.0516,456774636701154.562500
-0.37804,0.018000000000000002,0.056400000000000006,456774636701154.562500
-0.37803,0.0196,0.0468,456774636701154.562500
-0.37802,0.0228,0.053200000000000004,456774636701154.562500
-0.37800999999999996,0.0188,0.0548,456774636701154.562500
-0.378,0.022000000000000002,0.056400000000000006,456774636701154.562500
-0.37799,0.0188,0.055600000000000004,456774636701154.562500
-0.37798,0.0204,0.054,456774636701154.562500
-0.37797,0.0172,0.053200000000000004,456774636701154.562500
-0.37795999999999996,0.0204,0.0548,456774636701154.562500
-0.37795,0.022000000000000002,0.056400000000000006,456774636701154.562500
-0.37794,0.022000000000000002,0.0548,456774636701154.562500
-0.37793,0.022000000000000002,0.054,456774636701154.562500
-0.37792,0.0188,0.0412,456774636701154.562500
-0.37790999999999997,0.022000000000000002,0.0516,456774636701154.562500
-0.3779,0.022000000000000002,0.053200000000000004,456774636701154.562500
-0.37789,0.0204,0.0476,456774636701154.562500
-0.37788,0.0212,0.056400000000000006,456774636701154.562500
-0.37787,0.022000000000000002,0.0524,456774636701154.562500
-0.37786,0.0244,0.05,456774636701154.562500
-0.37785,0.0204,0.055600000000000004,456774636701154.562500
-0.37784,0.0244,0.0436,456774636701154.562500
-0.37783,0.0204,0.0548,456774636701154.562500
-0.37782,0.0236,0.042,456774636701154.562500
-0.37781,0.0188,0.054,456774636701154.562500
-0.3778,0.018000000000000002,0.0524,456774636701154.562500
-0.37778999999999996,0.018000000000000002,0.054,456774636701154.562500
-0.37778,0.0196,0.056400000000000006,456774636701154.562500
-0.37777,0.0212,0.050800000000000005,456774636701154.562500
-0.37776,0.0212,0.0524,456774636701154.562500
-0.37775,0.022000000000000002,0.0468,456774636701154.562500
-0.37773999999999996,0.0212,0.056400000000000006,456774636701154.562500
-0.37773,0.022000000000000002,0.0436,456774636701154.562500
-0.37772,0.0188,0.0524,456774636701154.562500
-0.37771,0.022000000000000002,0.055600000000000004,456774636701154.562500
-0.3777,0.0228,0.0524,456774636701154.562500
-0.37768999999999997,0.0188,0.0572,456774636701154.562500
-0.37768,0.0212,0.054,456774636701154.562500
-0.37767,0.0204,0.058,456774636701154.562500
-0.37766,0.0196,0.0572,456774636701154.562500
-0.37765,0.0196,0.0548,456774636701154.562500
-0.37764,0.0212,0.055600000000000004,456774636701154.562500
-0.37763,0.0236,0.056400000000000006,456774636701154.562500
-0.37761999999999996,0.0204,0.054,456774636701154.562500
-0.37761,0.0212,0.055600000000000004,456774636701154.562500
-0.3776,0.0244,0.0548,456774636701154.562500
-0.37759,0.0236,0.0492,456774636701154.562500
-0.37757999999999997,0.0236,0.0572,456774636701154.562500
-0.37756999999999996,0.0244,0.05,456774636701154.562500
-0.37756,0.0236,0.056400000000000006,456774636701154.562500
-0.37755,0.0244,0.055600000000000004,456774636701154.562500
-0.37754,0.0252,0.054,456774636701154.562500
-0.37753,0.0236,0.0572,456774636701154.562500
-0.37751999999999997,0.022000000000000002,0.056400000000000006,456774636701154.562500
-0.37751,0.0236,0.058800000000000005,456774636701154.562500
-0.3775,0.022000000000000002,0.0524,456774636701154.562500
-0.37749,0.0228,0.056400000000000006,456774636701154.562500
-0.37748,0.0228,0.054,456774636701154.562500
-0.37746999999999997,0.0204,0.055600000000000004,456774636701154.562500
-0.37746,0.0228,0.056400000000000006,456774636701154.562500
-0.37745,0.0196,0.0548,456774636701154.562500
-0.37744,0.022000000000000002,0.0468,456774636701154.562500
-0.37743,0.0188,0.054,456774636701154.562500
-0.37742,0.022000000000000002,0.0476,456774636701154.562500
-0.37741,0.0188,0.0516,456774636701154.562500
-0.37739999999999996,0.0212,0.058,456774636701154.562500
-0.37739,0.0188,0.050800000000000005,456774636701154.562500
-0.37738,0.022000000000000002,0.05,456774636701154.562500
-0.37737,0.0228,0.053200000000000004,456774636701154.562500
-0.37736,0.0228,0.0492,456774636701154.562500
-0.37734999999999996,0.022000000000000002,0.054,456774636701154.562500
-0.37734,0.0228,0.048400000000000006,456774636701154.562500
-0.37733,0.0228,0.0524,456774636701154.562500
-0.37732,0.0236,0.048400000000000006,456774636701154.562500
-0.37731,0.0244,0.056400000000000006,456774636701154.562500
-0.37729999999999997,0.0236,0.050800000000000005,456774636701154.562500
-0.37729,0.0236,0.0572,456774636701154.562500
-0.37728,0.0228,0.0572,456774636701154.562500
-0.37727,0.0236,0.056400000000000006,456774636701154.562500
-0.37726,0.0204,0.0524,456774636701154.562500
-0.37725,0.0244,0.055600000000000004,456774636701154.562500
-0.37724,0.022000000000000002,0.0548,456774636701154.562500
-0.37723,0.022000000000000002,0.0516,456774636701154.562500
-0.37722,0.0244,0.056400000000000006,456774636701154.562500
-0.37721,0.0164,0.0492,456774636701154.562500
-0.3772,0.0212,0.0548,456774636701154.562500
-0.37718999999999997,0.0204,0.0516,456774636701154.562500
-0.37717999999999996,0.0228,0.056400000000000006,456774636701154.562500
-0.37717,0.022000000000000002,0.0548,456774636701154.562500
-0.37716,0.0204,0.053200000000000004,456774636701154.562500
-0.37715,0.022000000000000002,0.055600000000000004,456774636701154.562500
-0.37714,0.0228,0.050800000000000005,456774636701154.562500
-0.37712999999999997,0.0212,0.054,456774636701154.562500
-0.37712,0.0188,0.054,456774636701154.562500
-0.37711,0.0228,0.054,456774636701154.562500
-0.3771,0.022000000000000002,0.055600000000000004,456774636701154.562500
-0.37709,0.0212,0.050800000000000005,456774636701154.562500
-0.37707999999999997,0.022000000000000002,0.056400000000000006,456774636701154.562500
-0.37707,0.0196,0.0468,456774636701154.562500
-0.37706,0.0204,0.0572,456774636701154.562500
-0.37705,0.0172,0.056400000000000006,456774636701154.562500
-0.37704,0.0228,0.0548,456774636701154.562500
-0.37703,0.022000000000000002,0.0572,456774636701154.562500
-0.37702,0.0236,0.0572,456774636701154.562500
-0.37700999999999996,0.0236,0.0516,456774636701154.562500
-0.377,0.0204,0.0548,456774636701154.562500
-0.37699,0.0236,0.055600000000000004,456774636701154.562500
-0.37698,0.0228,0.0516,456774636701154.562500
-0.37696999999999997,0.0252,0.055600000000000004,456774636701154.562500
-0.37695999999999996,0.0236,0.058,456774636701154.562500
-0.37695,0.022000000000000002,0.0572,456774636701154.562500
-0.37694,0.0244,0.0492,456774636701154.562500
-0.37693,0.0236,0.0572,456774636701154.562500
-0.37692,0.0212,0.050800000000000005,456774636701154.562500
-0.37690999999999997,0.022000000000000002,0.0572,456774636701154.562500
-0.3769,0.0228,0.0516,456774636701154.562500
-0.37689,0.022000000000000002,0.053200000000000004,456774636701154.562500
-0.37688,0.022000000000000002,0.048400000000000006,456774636701154.562500
-0.37687,0.022000000000000002,0.056400000000000006,456774636701154.562500
-0.37686,0.022000000000000002,0.0516,456774636701154.562500
-0.37685,0.022000000000000002,0.05,456774636701154.562500
-0.37684,0.0212,0.056400000000000006,456774636701154.562500
-0.37683,0.0196,0.0524,456774636701154.562500
-0.37682,0.0204,0.054,456774636701154.562500
-0.37681,0.0204,0.0572,456774636701154.562500
-0.3768,0.022000000000000002,0.050800000000000005,456774636701154.562500
-0.37678999999999996,0.0228,0.0548,456774636701154.562500
-0.37678,0.022000000000000002,0.0516,456774636701154.562500
-0.37677,0.0212,0.054,456774636701154.562500
-0.37676,0.0196,0.0548,456774636701154.562500
-0.37675,0.0228,0.053200000000000004,456774636701154.562500
-0.37673999999999996,0.0228,0.0548,456774636701154.562500
-0.37673,0.0212,0.0516,456774636701154.562500
-0.37672,0.0228,0.056400000000000006,456774636701154.562500
-0.37671,0.022000000000000002,0.048400000000000006,456774636701154.562500
-0.3767,0.0212,0.055600000000000004,456774636701154.562500
-0.37668999999999997,0.0244,0.0524,456774636701154.562500
-0.37668,0.0212,0.050800000000000005,456774636701154.562500
-0.37667,0.0236,0.0516,456774636701154.562500
-0.37666,0.0204,0.055600000000000004,456774636701154.562500
-0.37665,0.0244,0.058,456774636701154.562500
-0.37664,0.0196,0.056400000000000006,456774636701154.562500
-0.37663,0.0228,0.055600000000000004,456774636701154.562500
-0.37662,0.0172,0.055600000000000004,456774636701154.562500
-0.37661,0.0244,0.058,456774636701154.562500
-0.3766,0.022000000000000002,0.056400000000000006,456774636701154.562500
-0.37659,0.0228,0.054,456774636701154.562500
-0.37657999999999997,0.0228,0.054,456774636701154.562500
-0.37656999999999996,0.022000000000000002,0.0548,456774636701154.562500
-0.37656,0.0212,0.0548,456774636701154.562500
-0.37655,0.0236,0.0492,456774636701154.562500
-0.37654,0.0204,0.054,456774636701154.562500
-0.37653,0.0212,0.054,456774636701154.562500
-0.37651999999999997,0.022000000000000002,0.0412,456774636701154.562500
-0.37651,0.0228,0.056400000000000006,456774636701154.562500
-0.3765,0.018000000000000002,0.0444,456774636701154.562500
-0.37649,0.022000000000000002,0.058,456774636701154.562500
-0.37648,0.0196,0.055600000000000004,456774636701154.562500
-0.37646999999999997,0.022000000000000002,0.0572,456774636701154.562500
-0.37646,0.0212,0.056400000000000006,456774636701154.562500
-0.37645,0.0228,0.053200000000000004,456774636701154.562500
-0.37644,0.022000000000000002,0.056400000000000006,456774636701154.562500
-0.37643,0.0228,0.0548,456774636701154.562500
-0.37642,0.0212,0.053200000000000004,456774636701154.562500
-0.37641,0.0236,0.055600000000000004,456774636701154.562500
-0.37639999999999996,0.0244,0.056400000000000006,456774636701154.562500
-0.37639,0.0236,0.0548,456774636701154.562500
-0.37638,0.0228,0.0548,456774636701154.562500
-0.37637,0.0236,0.058,456774636701154.562500
-0.37636,0.0236,0.046,456774636701154.562500
-0.37634999999999996,0.0236,0.056400000000000006,456774636701154.562500
-0.37634,0.0244,0.050800000000000005,456774636701154.562500
-0.37633,0.0228,0.0524,456774636701154.562500
-0.37632,0.0236,0.053200000000000004,456774636701154.562500
-0.37631,0.0228,0.0572,456774636701154.562500
-0.37629999999999997,0.0244,0.0492,456774636701154.562500
-0.37629,0.022000000000000002,0.0572,456774636701154.562500
-0.37628,0.0236,0.055600000000000004,456774636701154.562500
-0.37627,0.0236,0.058,456774636701154.562500
-0.37626,0.018000000000000002,0.0524,456774636701154.562500
-0.37625,0.022000000000000002,0.0548,456774636701154.562500
-0.37624,0.0212,0.0412,456774636701154.562500
-0.37623,0.0236,0.053200000000000004,456774636701154.562500
-0.37622,0.0196,0.050800000000000005,456774636701154.562500
-0.37621,0.0212,0.0572,456774636701154.562500
-0.3762,0.0188,0.0516,456774636701154.562500
-0.37619,0.0236,0.056400000000000006,456774636701154.562500
-0.37617999999999996,0.022000000000000002,0.054,456774636701154.562500
-0.37617,0.022000000000000002,0.055600000000000004,456774636701154.562500
-0.37616,0.0236,0.0572,456774636701154.562500
-0.37615,0.022000000000000002,0.056400000000000006,456774636701154.562500
-0.37614,0.0196,0.0524,456774636701154.562500
-0.37612999999999996,0.0228,0.0516,456774636701154.562500
-0.37612,0.0172,0.050800000000000005,456774636701154.562500
-0.37611,0.0236,0.0548,456774636701154.562500
-0.3761,0.0212,0.0516,456774636701154.562500
-0.37609,0.0228,0.055600000000000004,456774636701154.562500
-0.37607999999999997,0.0244,0.042,456774636701154.562500
-0.37607,0.022000000000000002,0.0524,456774636701154.562500
-0.37606,0.0236,0.0468,456774636701154.562500
-0.37605,0.022000000000000002,0.055600000000000004,456774636701154.562500
-0.37604,0.0236,0.050800000000000005,456774636701154.562500
-0.37603,0.022000000000000002,0.0572,456774636701154.562500
-0.37602,0.022000000000000002,0.0548,456774636701154.562500
-0.37600999999999996,0.022000000000000002,0.0548,456774636701154.562500
-0.376,0.0228,0.054,456774636701154.562500
-0.37599,0.022000000000000002,0.055600000000000004,456774636701154.562500
-0.37598,0.022000000000000002,0.050800000000000005,456774636701154.562500
-0.37596999999999997,0.0236,0.0516,456774636701154.562500
-0.37595999999999996,0.0188,0.056400000000000006,456774636701154.562500
-0.37595,0.0228,0.0492,456774636701154.562500
-0.37594,0.0228,0.0572,456774636701154.562500
-0.37593,0.022000000000000002,0.056400000000000006,456774636701154.562500
-0.37592,0.0228,0.0548,456774636701154.562500
-0.37590999999999997,0.022000000000000002,0.0548,456774636701154.562500
-0.3759,0.0188,0.0492,456774636701154.562500
-0.37589,0.0204,0.055600000000000004,456774636701154.562500
-0.37588,0.0196,0.056400000000000006,456774636701154.562500
-0.37587,0.0236,0.056400000000000006,456774636701154.562500
-0.37585999999999997,0.0204,0.0524,456774636701154.562500
-0.37585,0.0212,0.0548,456774636701154.562500
-0.37584,0.0204,0.046,456774636701154.562500
-0.37583,0.0228,0.0524,456774636701154.562500
-0.37582,0.0228,0.0468,456774636701154.562500
-0.37581,0.0196,0.055600000000000004,456774636701154.562500
-0.3758,0.0228,0.0524,456774636701154.562500
-0.37578999999999996,0.022000000000000002,0.0572,456774636701154.562500
-0.37578,0.0236,0.0524,456774636701154.562500
-0.37577,0.022000000000000002,0.058,456774636701154.562500
-0.37576,0.0244,0.0548,456774636701154.562500
-0.37575,0.0236,0.0572,456774636701154.562500
-0.37573999999999996,0.0236,0.056400000000000006,456774636701154.562500
-0.37573,0.0236,0.0492,456774636701154.562500
-0.37572,0.0228,0.0572,456774636701154.562500
-0.37571,0.0196,0.053200000000000004,456774636701154.562500
-0.3757,0.0236,0.056400000000000006,456774636701154.562500
-0.37568999999999997,0.0196,0.0548,456774636701154.562500
-0.37568,0.022000000000000002,0.054,456774636701154.562500
-0.37567,0.022000000000000002,0.050800000000000005,456774636701154.562500
-0.37566,0.0196,0.0548,456774636701154.562500
-0.37565,0.0212,0.0516,456774636701154.562500
-0.37564,0.0204,0.050800000000000005,456774636701154.562500
-0.37563,0.0228,0.0548,456774636701154.562500
-0.37562,0.022000000000000002,0.0516,456774636701154.562500
-0.37561,0.022000000000000002,0.0548,456774636701154.562500
-0.3756,0.0212,0.0548,456774636701154.562500
-0.37559,0.0228,0.058,456774636701154.562500
-0.37557999999999997,0.022000000000000002,0.056400000000000006,456774636701154.562500
-0.37556999999999996,0.022000000000000002,0.0572,456774636701154.562500
-0.37556,0.0204,0.050800000000000005,456774636701154.562500
-0.37555,0.0212,0.056400000000000006,456774636701154.562500
-0.37554,0.0244,0.053200000000000004,456774636701154.562500
-0.37553,0.0228,0.055600000000000004,456774636701154.562500
-0.37551999999999996,0.022000000000000002,0.055600000000000004,456774636701154.562500
-0.37551,0.0228,0.05,456774636701154.562500
-0.3755,0.0212,0.0548,456774636701154.562500
-0.37549,0.022000000000000002,0.05,456774636701154.562500
-0.37548,0.022000000000000002,0.055600000000000004,456774636701154.562500
-0.37546999999999997,0.0236,0.0548,456774636701154.562500
-0.37546,0.0196,0.055600000000000004,456774636701154.562500
-0.37545,0.0244,0.0492,456774636701154.562500
-0.37544,0.0188,0.055600000000000004,456774636701154.562500
-0.37543,0.0252,0.053200000000000004,456774636701154.562500
-0.37542,0.0236,0.058,456774636701154.562500
-0.37541,0.0244,0.050800000000000005,456774636701154.562500
-0.37539999999999996,0.0236,0.058,456774636701154.562500
-0.37539,0.0196,0.053200000000000004,456774636701154.562500
-0.37538,0.0228,0.0548,456774636701154.562500
-0.37537,0.0228,0.0548,456774636701154.562500
-0.37535999999999997,0.0228,0.054,456774636701154.562500
-0.37534999999999996,0.0204,0.055600000000000004,456774636701154.562500
-0.37534,0.0204,0.0476,456774636701154.562500
-0.37533,0.0212,0.058,456774636701154.562500
-0.37532,0.0204,0.056400000000000006,456774636701154.562500
-0.37531,0.022000000000000002,0.056400000000000006,456774636701154.562500
-0.37529999999999997,0.0228,0.0572,456774636701154.562500
-0.37529,0.0188,0.055600000000000004,456774636701154.562500
-0.37528,0.0212,0.056400000000000006,456774636701154.562500
-0.37527,0.022000000000000002,0.050800000000000005,456774636701154.562500
-0.37526,0.0228,0.055600000000000004,456774636701154.562500
-0.37525,0.022000000000000002,0.056400000000000006,456774636701154.562500
-0.37524,0.022000000000000002,0.056400000000000006,456774636701154.562500
-0.37523,0.0212,0.0516,456774636701154.562500
-0.37522,0.0228,0.056400000000000006,456774636701154.562500
-0.37521,0.0212,0.054,456774636701154.562500
-0.3752,0.022000000000000002,0.0572,456774636701154.562500
-0.37519,0.0228,0.0524,456774636701154.562500
-0.37517999999999996,0.0212,0.053200000000000004,456774636701154.562500
-0.37517,0.022000000000000002,0.055600000000000004,456774636701154.562500
-0.37516,0.0244,0.0524,456774636701154.562500
-0.37515,0.0236,0.050800000000000005,456774636701154.562500
-0.37514,0.0244,0.053200000000000004,456774636701154.562500
-0.37512999999999996,0.022000000000000002,0.050800000000000005,456774636701154.562500
-0.37512,0.0244,0.056400000000000006,456774636701154.562500
-0.37511,0.022000000000000002,0.054,456774636701154.562500
-0.3751,0.0236,0.056400000000000006,456774636701154.562500
-0.37509,0.0236,0.056400000000000006,456774636701154.562500
-0.37507999999999997,0.0236,0.056400000000000006,456774636701154.562500
-0.37507,0.0228,0.0572,456774636701154.562500
-0.37506,0.022000000000000002,0.0516,456774636701154.562500
-0.37505,0.0228,0.058800000000000005,456774636701154.562500
-0.37504,0.0196,0.055600000000000004,456774636701154.562500
-0.37503,0.022000000000000002,0.058,456774636701154.562500
-0.37502,0.015600000000000001,0.0548,456774636701154.562500
-0.37501,0.0196,0.056400000000000006,456774636701154.562500
-0.375,0.0148,0.054,456774636701154.562500
-0.37499,0.0172,0.056400000000000006,456774636701154.562500
-0.37498,0.018000000000000002,0.055600000000000004,456774636701154.562500
-0.37497,0.0196,0.0572,456774636701154.562500
-0.37495999999999996,0.0188,0.056400000000000006,456774636701154.562500
-0.37495,0.0212,0.056400000000000006,456774636701154.562500
-0.37494,0.0212,0.056400000000000006,456774636701154.562500
-0.37493,0.0212,0.0548,456774636701154.562500
-0.37492000000000003,0.0204,0.053200000000000004,456774636701154.562500
-0.37490999999999997,0.0228,0.056400000000000006,456774636701154.562500
-0.3749,0.0188,0.0524,456774636701154.562500
-0.37489,0.0228,0.056400000000000006,456774636701154.562500
-0.37488,0.0244,0.0524,456774636701154.562500
-0.37487,0.0236,0.0548,456774636701154.562500
-0.37485999999999997,0.022000000000000002,0.056400000000000006,456774636701154.562500
-0.37485,0.0252,0.050800000000000005,456774636701154.562500
-0.37483999999999995,0.0212,0.056400000000000006,456774636701154.562500
-0.37483,0.0228,0.05,456774636701154.562500
-0.37482,0.0204,0.053200000000000004,456774636701154.562500
-0.37481,0.0236,0.054,456774636701154.562500
-0.3748,0.0236,0.0572,456774636701154.562500
-0.37478999999999996,0.0228,0.046,456774636701154.562500
-0.37478,0.0244,0.055600000000000004,456774636701154.562500
-0.37477,0.0236,0.055600000000000004,456774636701154.562500
-0.37476,0.022000000000000002,0.054,456774636701154.562500
-0.37475,0.0244,0.055600000000000004,456774636701154.562500
-0.37473999999999996,0.022000000000000002,0.050800000000000005,456774636701154.562500
-0.37473,0.0204,0.0572,456774636701154.562500
-0.37472,0.022000000000000002,0.0476,456774636701154.562500
-0.37471,0.022000000000000002,0.056400000000000006,456774636701154.562500
-0.3747,0.0204,0.053200000000000004,456774636701154.562500
-0.37468999999999997,0.0172,0.055600000000000004,456774636701154.562500
-0.37468,0.0212,0.053200000000000004,456774636701154.562500
-0.37467,0.0228,0.0492,456774636701154.562500
-0.37466,0.0212,0.054,456774636701154.562500
-0.37465,0.0212,0.055600000000000004,456774636701154.562500
-0.37464,0.0236,0.0516,456774636701154.562500
-0.37463,0.018000000000000002,0.0548,456774636701154.562500
-0.37461999999999995,0.022000000000000002,0.0396,456774636701154.562500
-0.37461,0.0204,0.0572,456774636701154.562500
-0.3746,0.022000000000000002,0.0548,456774636701154.562500
-0.37459,0.0204,0.0548,456774636701154.562500
-0.37458,0.0236,0.056400000000000006,456774636701154.562500
-0.37456999999999996,0.022000000000000002,0.056400000000000006,456774636701154.562500
-0.37456,0.0244,0.0548,456774636701154.562500
-0.37455,0.0228,0.055600000000000004,456774636701154.562500
-0.37454,0.022000000000000002,0.0572,456774636701154.562500
-0.37453000000000003,0.0244,0.056400000000000006,456774636701154.562500
-0.37451999999999996,0.0212,0.053200000000000004,456774636701154.562500
-0.37451,0.0236,0.045200000000000004,456774636701154.562500
-0.3745,0.0188,0.054,456774636701154.562500
-0.37449,0.022000000000000002,0.0492,456774636701154.562500
-0.37448,0.0204,0.054,456774636701154.562500
-0.37446999999999997,0.0236,0.055600000000000004,456774636701154.562500
-0.37446,0.0172,0.050800000000000005,456774636701154.562500
-0.37444999999999995,0.0212,0.056400000000000006,456774636701154.562500
-0.37444,0.0236,0.050800000000000005,456774636701154.562500
-0.37443,0.022000000000000002,0.0572,456774636701154.562500
-0.37442,0.022000000000000002,0.055600000000000004,456774636701154.562500
-0.37441,0.0228,0.0524,456774636701154.562500
-0.37439999999999996,0.0228,0.042800000000000005,456774636701154.562500
-0.37439,0.0196,0.053200000000000004,456774636701154.562500
-0.37438,0.0236,0.0516,456774636701154.562500
-0.37437,0.022000000000000002,0.054,456774636701154.562500
-0.37436,0.022000000000000002,0.058,456774636701154.562500
-0.37434999999999996,0.0188,0.0548,456774636701154.562500
-0.37434,0.022000000000000002,0.050800000000000005,456774636701154.562500
-0.37433,0.0236,0.0572,456774636701154.562500
-0.37432,0.0204,0.0516,456774636701154.562500
-0.37431,0.0228,0.0572,456774636701154.562500
-0.37429999999999997,0.022000000000000002,0.056400000000000006,456774636701154.562500
-0.37429,0.0228,0.05,456774636701154.562500
-0.37428,0.0204,0.0572,456774636701154.562500
-0.37427,0.0236,0.055600000000000004,456774636701154.562500
-0.37426,0.0204,0.0492,456774636701154.562500
-0.37424999999999997,0.0252,0.056400000000000006,456774636701154.562500
-0.37424,0.0204,0.0468,456774636701154.562500
-0.37422999999999995,0.0244,0.0572,456774636701154.562500
-0.37422,0.0244,0.0572,456774636701154.562500
-0.37421,0.018000000000000002,0.056400000000000006,456774636701154.562500
-0.3742,0.0236,0.0548,456774636701154.562500
-0.37419,0.0228,0.058,456774636701154.562500
-0.37417999999999996,0.0244,0.0572,456774636701154.562500
-0.37417,0.0228,0.05,456774636701154.562500
-0.37416,0.0236,0.0572,456774636701154.562500
-0.37415,0.0228,0.054,456774636701154.562500
-0.37414000000000003,0.022000000000000002,0.0572,456774636701154.562500
-0.37412999999999996,0.0204,0.055600000000000004,456774636701154.562500
-0.37412,0.0244,0.0548,456774636701154.562500
-0.37411,0.0228,0.055600000000000004,456774636701154.562500
-0.3741,0.0204,0.0516,456774636701154.562500
-0.37409,0.0228,0.0572,456774636701154.562500
-0.37407999999999997,0.0212,0.056400000000000006,456774636701154.562500
-0.37407,0.022000000000000002,0.055600000000000004,456774636701154.562500
-0.37405999999999995,0.0204,0.048400000000000006,456774636701154.562500
-0.37405,0.0196,0.058800000000000005,456774636701154.562500
-0.37404,0.022000000000000002,0.0492,456774636701154.562500
-0.37403,0.022000000000000002,0.056400000000000006,456774636701154.562500
-0.37402,0.018000000000000002,0.0516,456774636701154.562500
-0.37400999999999995,0.022000000000000002,0.0548,456774636701154.562500
-0.374,0.0204,0.0572,456774636701154.562500
-0.37399,0.022000000000000002,0.055600000000000004,456774636701154.562500
-0.37398,0.0244,0.053200000000000004,456774636701154.562500
-0.37397,0.0228,0.056400000000000006,456774636701154.562500
-0.37395999999999996,0.0236,0.0572,456774636701154.562500
-0.37395,0.0228,0.0476,456774636701154.562500
-0.37394,0.022000000000000002,0.054,456774636701154.562500
-0.37393,0.022000000000000002,0.056400000000000006,456774636701154.562500
-0.37392000000000003,0.0252,0.0548,456774636701154.562500
-0.37390999999999996,0.0204,0.055600000000000004,456774636701154.562500
-0.3739,0.0244,0.0572,456774636701154.562500
-0.37389,0.0212,0.0524,456774636701154.562500
-0.37388,0.0236,0.0572,456774636701154.562500
-0.37387,0.0196,0.055600000000000004,456774636701154.562500
-0.37385999999999997,0.0204,0.055600000000000004,456774636701154.562500
-0.37385,0.0164,0.0572,456774636701154.562500
-0.37383999999999995,0.0212,0.056400000000000006,456774636701154.562500
-0.37383,0.0212,0.054,456774636701154.562500
-0.37382,0.022000000000000002,0.0572,456774636701154.562500
-0.37381,0.022000000000000002,0.0572,456774636701154.562500
-0.3738,0.022000000000000002,0.0548,456774636701154.562500
-0.37378999999999996,0.0188,0.0524,456774636701154.562500
-0.37378,0.022000000000000002,0.054,456774636701154.562500
-0.37377,0.0212,0.056400000000000006,456774636701154.562500
-0.37376,0.0204,0.0548,456774636701154.562500
-0.37375,0.0228,0.056400000000000006,456774636701154.562500
-0.37373999999999996,0.0204,0.05,456774636701154.562500
-0.37373,0.0188,0.0572,456774636701154.562500
-0.37372,0.0204,0.050800000000000005,456774636701154.562500
-0.37371,0.022000000000000002,0.0524,456774636701154.562500
-0.3737,0.022000000000000002,0.054,456774636701154.562500
-0.37368999999999997,0.022000000000000002,0.053200000000000004,456774636701154.562500
-0.37368,0.022000000000000002,0.0396,456774636701154.562500
-0.37367,0.0204,0.0572,456774636701154.562500
-0.37366,0.0228,0.056400000000000006,456774636701154.562500
-0.37365,0.0236,0.054,456774636701154.562500
-0.37363999999999997,0.0236,0.056400000000000006,456774636701154.562500
-0.37363,0.0236,0.056400000000000006,456774636701154.562500
-0.37361999999999995,0.0244,0.0524,456774636701154.562500
-0.37361,0.0236,0.054,456774636701154.562500
-0.3736,0.0244,0.0548,456774636701154.562500
-0.37359,0.0236,0.0548,456774636701154.562500
-0.37358,0.0236,0.055600000000000004,456774636701154.562500
-0.37356999999999996,0.0244,0.042800000000000005,456774636701154.562500
-0.37356,0.0228,0.0572,456774636701154.562500
-0.37355,0.0228,0.050800000000000005,456774636701154.562500
-0.37354,0.0228,0.0572,456774636701154.562500
-0.37353000000000003,0.0196,0.058,456774636701154.562500
-0.37351999999999996,0.0212,0.0572,456774636701154.562500
-0.37351,0.018000000000000002,0.054,456774636701154.562500
-0.3735,0.0212,0.0572,456774636701154.562500
-0.37349,0.0228,0.058,456774636701154.562500
-0.37348,0.0212,0.056400000000000006,456774636701154.562500
-0.37346999999999997,0.0188,0.054,456774636701154.562500
-0.37346,0.0228,0.058,456774636701154.562500
-0.37344999999999995,0.0188,0.0516,456774636701154.562500
-0.37344,0.0212,0.0524,456774636701154.562500
-0.37343,0.018000000000000002,0.0444,456774636701154.562500
-0.37342,0.0204,0.054,456774636701154.562500
-0.37341,0.0164,0.055600000000000004,456774636701154.562500
-0.37339999999999995,0.0204,0.054,456774636701154.562500
-0.37339,0.0204,0.058800000000000005,456774636701154.562500
-0.37338,0.0204,0.0516,456774636701154.562500
-0.37337,0.022000000000000002,0.055600000000000004,456774636701154.562500
-0.37336,0.0228,0.0572,456774636701154.562500
-0.37334999999999996,0.0164,0.058,456774636701154.562500
-0.37334,0.0244,0.0548,456774636701154.562500
-0.37333,0.0228,0.0572,456774636701154.562500
-0.37332,0.0244,0.050800000000000005,456774636701154.562500
-0.37331000000000003,0.0228,0.056400000000000006,456774636701154.562500
-0.37329999999999997,0.022000000000000002,0.0516,456774636701154.562500
-0.37329,0.0236,0.0524,456774636701154.562500
-0.37328,0.0212,0.0476,456774636701154.562500
-0.37327,0.0228,0.050800000000000005,456774636701154.562500
-0.37326,0.0236,0.0436,456774636701154.562500
-0.37324999999999997,0.022000000000000002,0.055600000000000004,456774636701154.562500
-0.37324,0.0228,0.053200000000000004,456774636701154.562500
-0.37322999999999995,0.0212,0.0524,456774636701154.562500
-0.37322,0.0228,0.053200000000000004,456774636701154.562500
-0.37321,0.0196,0.0548,456774636701154.562500
-0.3732,0.0244,0.0516,456774636701154.562500
-0.37319,0.022000000000000002,0.05,456774636701154.562500
-0.37317999999999996,0.0228,0.0524,456774636701154.562500
-0.37317,0.0212,0.05,456774636701154.562500
-0.37316,0.0228,0.050800000000000005,456774636701154.562500
-0.37315,0.022000000000000002,0.054,456774636701154.562500
-0.37314,0.0228,0.0524,456774636701154.562500
-0.37312999999999996,0.0204,0.055600000000000004,456774636701154.562500
-0.37312,0.0212,0.0468,456774636701154.562500
-0.37311,0.0196,0.056400000000000006,456774636701154.562500
-0.3731,0.0188,0.0524,456774636701154.562500
-0.37309,0.0148,0.054,456774636701154.562500
-0.37307999999999997,0.0212,0.056400000000000006,456774636701154.562500
-0.37307,0.0188,0.050800000000000005,456774636701154.562500
-0.37306,0.0212,0.055600000000000004,456774636701154.562500
-0.37305,0.0212,0.0524,456774636701154.562500
-0.37304,0.0228,0.056400000000000006,456774636701154.562500
-0.37303,0.0172,0.053200000000000004,456774636701154.562500
-0.37302,0.0204,0.0524,456774636701154.562500
-0.37300999999999995,0.0204,0.0468,456774636701154.562500
-0.373,0.0236,0.053200000000000004,456774636701154.562500
-0.37299,0.0204,0.056400000000000006,456774636701154.562500
-0.37298,0.0228,0.055600000000000004,456774636701154.562500
-0.37297,0.0228,0.058,456774636701154.562500
-0.37295999999999996,0.022000000000000002,0.0516,456774636701154.562500
-0.37295,0.022000000000000002,0.056400000000000006,456774636701154.562500
-0.37294,0.022000000000000002,0.050800000000000005,456774636701154.562500
-0.37293,0.0212,0.056400000000000006,456774636701154.562500
-0.37292000000000003,0.0212,0.05,456774636701154.562500
-0.37290999999999996,0.022000000000000002,0.055600000000000004,456774636701154.562500
-0.3729,0.022000000000000002,0.0572,456774636701154.562500
-0.37289,0.022000000000000002,0.0572,456774636701154.562500
-0.37288,0.0212,0.056400000000000006,456774636701154.562500
-0.37287,0.0228,0.055600000000000004,456774636701154.562500
-0.37285999999999997,0.0196,0.050800000000000005,456774636701154.562500
-0.37285,0.0212,0.0572,456774636701154.562500
-0.37283999999999995,0.022000000000000002,0.0492,456774636701154.562500
-0.37283,0.022000000000000002,0.0572,456774636701154.562500
-0.37282,0.0228,0.056400000000000006,456774636701154.562500
-0.37281,0.022000000000000002,0.058,456774636701154.562500
-0.3728,0.0212,0.0516,456774636701154.562500
-0.37278999999999995,0.0212,0.056400000000000006,456774636701154.562500
-0.37278,0.0228,0.0548,456774636701154.562500
-0.37277,0.022000000000000002,0.058,456774636701154.562500
-0.37276,0.0236,0.056400000000000006,456774636701154.562500
-0.37275,0.0236,0.056400000000000006,456774636701154.562500
-0.37273999999999996,0.0244,0.056400000000000006,456774636701154.562500
-0.37273,0.0244,0.058,456774636701154.562500
-0.37272,0.0244,0.054,456774636701154.562500
-0.37271,0.0236,0.058,456774636701154.562500
-0.3727,0.0244,0.0572,456774636701154.562500
-0.37268999999999997,0.0228,0.056400000000000006,456774636701154.562500
-0.37268,0.0244,0.0548,456774636701154.562500
-0.37267,0.0236,0.055600000000000004,456774636701154.562500
-0.37266,0.0228,0.055600000000000004,456774636701154.562500
-0.37265,0.0236,0.056400000000000006,456774636701154.562500
-0.37263999999999997,0.022000000000000002,0.0572,456774636701154.562500
-0.37263,0.0236,0.0548,456774636701154.562500
-0.37261999999999995,0.0236,0.058,456774636701154.562500
-0.37261,0.0244,0.0572,456774636701154.562500
-0.3726,0.0212,0.055600000000000004,456774636701154.562500
-0.37259,0.0228,0.058,456774636701154.562500
-0.37258,0.0228,0.055600000000000004,456774636701154.562500
-0.37256999999999996,0.022000000000000002,0.056400000000000006,456774636701154.562500
-0.37256,0.022000000000000002,0.055600000000000004,456774636701154.562500
-0.37255,0.022000000000000002,0.054,456774636701154.562500
-0.37254,0.0204,0.0548,456774636701154.562500
-0.37253000000000003,0.0204,0.0492,456774636701154.562500
-0.37251999999999996,0.0236,0.0572,456774636701154.562500
-0.37251,0.022000000000000002,0.0492,456774636701154.562500
-0.3725,0.0212,0.053200000000000004,456774636701154.562500
-0.37249,0.0228,0.0524,456774636701154.562500
-0.37248,0.0228,0.056400000000000006,456774636701154.562500
-0.37246999999999997,0.022000000000000002,0.054,456774636701154.562500
-0.37246,0.022000000000000002,0.050800000000000005,456774636701154.562500
-0.37245,0.0228,0.053200000000000004,456774636701154.562500
-0.37244,0.022000000000000002,0.054,456774636701154.562500
-0.37243,0.0244,0.0548,456774636701154.562500
-0.37242,0.0252,0.0444,456774636701154.562500
-0.37241,0.0244,0.056400000000000006,456774636701154.562500
-0.37239999999999995,0.0228,0.0548,456774636701154.562500
-0.37239,0.0252,0.055600000000000004,456774636701154.562500
-0.37238,0.0236,0.0572,456774636701154.562500
-0.37237,0.0244,0.056400000000000006,456774636701154.562500
-0.37236,0.0236,0.056400000000000006,456774636701154.562500
-0.37234999999999996,0.0228,0.054,456774636701154.562500
-0.37234,0.0228,0.0572,456774636701154.562500
-0.37233,0.0236,0.05,456774636701154.562500
-0.37232,0.022000000000000002,0.056400000000000006,456774636701154.562500
-0.37231000000000003,0.0228,0.056400000000000006,456774636701154.562500
-0.37229999999999996,0.0212,0.0572,456774636701154.562500
-0.37229,0.0228,0.055600000000000004,456774636701154.562500
-0.37228,0.0212,0.0572,456774636701154.562500
-0.37227,0.0212,0.056400000000000006,456774636701154.562500
-0.37226,0.022000000000000002,0.058,456774636701154.562500
-0.37224999999999997,0.022000000000000002,0.0572,456774636701154.562500
-0.37224,0.022000000000000002,0.053200000000000004,456774636701154.562500
-0.37222999999999995,0.0204,0.055600000000000004,456774636701154.562500
-0.37222,0.022000000000000002,0.058,456774636701154.562500
-0.37221,0.022000000000000002,0.058,456774636701154.562500
-0.3722,0.0228,0.0572,456774636701154.562500
-0.37219,0.022000000000000002,0.056400000000000006,456774636701154.562500
-0.37217999999999996,0.0188,0.050800000000000005,456774636701154.562500
-0.37217,0.0236,0.0548,456774636701154.562500
-0.37216,0.0196,0.0516,456774636701154.562500
-0.37215,0.0228,0.055600000000000004,456774636701154.562500
-0.37214,0.0244,0.056400000000000006,456774636701154.562500
-0.37212999999999996,0.0236,0.054,456774636701154.562500
-0.37212,0.0244,0.056400000000000006,456774636701154.562500
-0.37211,0.0236,0.05,456774636701154.562500
-0.3721,0.0236,0.055600000000000004,456774636701154.562500
-0.37209,0.022000000000000002,0.055600000000000004,456774636701154.562500
-0.37207999999999997,0.0236,0.058,456774636701154.562500
-0.37207,0.0196,0.056400000000000006,456774636701154.562500
-0.37206,0.0196,0.056400000000000006,456774636701154.562500
-0.37205,0.0196,0.0548,456774636701154.562500
-0.37204,0.022000000000000002,0.0548,456774636701154.562500
-0.37202999999999997,0.0164,0.055600000000000004,456774636701154.562500
-0.37202,0.0212,0.056400000000000006,456774636701154.562500
-0.37200999999999995,0.0196,0.054,456774636701154.562500
-0.372,0.018000000000000002,0.054,456774636701154.562500
-0.37199,0.0212,0.055600000000000004,456774636701154.562500
-0.37198,0.022000000000000002,0.0548,456774636701154.562500
-0.37197,0.022000000000000002,0.058,456774636701154.562500
-0.37195999999999996,0.0212,0.056400000000000006,456774636701154.562500
-0.37195,0.0228,0.056400000000000006,456774636701154.562500
-0.37194,0.0212,0.0516,456774636701154.562500
-0.37193,0.0212,0.0548,456774636701154.562500
-0.37192000000000003,0.022000000000000002,0.056400000000000006,456774636701154.562500
-0.37190999999999996,0.022000000000000002,0.055600000000000004,456774636701154.562500
-0.3719,0.0204,0.055600000000000004,456774636701154.562500
-0.37189,0.0228,0.053200000000000004,456774636701154.562500
-0.37188,0.022000000000000002,0.055600000000000004,456774636701154.562500
-0.37187,0.0228,0.054,456774636701154.562500
-0.37185999999999997,0.0244,0.056400000000000006,456774636701154.562500
-0.37185,0.0236,0.0572,456774636701154.562500
-0.37183999999999995,0.0212,0.055600000000000004,456774636701154.562500
-0.37183,0.0236,0.0548,456774636701154.562500
-0.37182,0.0236,0.053200000000000004,456774636701154.562500
-0.37181,0.0244,0.055600000000000004,456774636701154.562500
-0.3718,0.0244,0.0548,456774636701154.562500
-0.37178999999999995,0.0236,0.0548,456774636701154.562500
-0.37178,0.0236,0.0572,456774636701154.562500
-0.37177,0.0244,0.055600000000000004,456774636701154.562500
-0.37176,0.0236,0.055600000000000004,456774636701154.562500
-0.37175,0.0236,0.0572,456774636701154.562500
-0.37173999999999996,0.0244,0.0572,456774636701154.562500
-0.37173,0.0212,0.056400000000000006,456774636701154.562500
-0.37172,0.0212,0.058,456774636701154.562500
-0.37171,0.0244,0.0524,456774636701154.562500
-0.37170000000000003,0.0228,0.0572,456774636701154.562500
-0.37168999999999996,0.0212,0.056400000000000006,456774636701154.562500
-0.37168,0.0228,0.056400000000000006,456774636701154.562500
-0.37167,0.0212,0.0524,456774636701154.562500
-0.37166,0.0204,0.055600000000000004,456774636701154.562500
-0.37165,0.0212,0.056400000000000006,456774636701154.562500
-0.37163999999999997,0.0204,0.055600000000000004,456774636701154.562500
-0.37163,0.022000000000000002,0.0572,456774636701154.562500
-0.37161999999999995,0.0204,0.054,456774636701154.562500
-0.37161,0.0204,0.056400000000000006,456774636701154.562500
-0.3716,0.0228,0.058,456774636701154.562500
-0.37159,0.022000000000000002,0.055600000000000004,456774636701154.562500
-0.37158,0.0228,0.058,456774636701154.562500
-0.37156999999999996,0.022000000000000002,0.0548,456774636701154.562500
-0.37156,0.022000000000000002,0.0572,456774636701154.562500
-0.37155,0.022000000000000002,0.055600000000000004,456774636701154.562500
-0.37154,0.0228,0.0548,456774636701154.562500
-0.37153,0.022000000000000002,0.054,456774636701154.562500
-0.37151999999999996,0.022000000000000002,0.056400000000000006,456774636701154.562500
-0.37151,0.0228,0.0524,456774636701154.562500
-0.3715,0.0196,0.0572,456774636701154.562500
-0.37149,0.0164,0.0524,456774636701154.562500
-0.37148,0.015600000000000001,0.0572,456774636701154.562500
-0.37146999999999997,0.018000000000000002,0.0572,456774636701154.562500
-0.37146,0.0172,0.056400000000000006,456774636701154.562500
-0.37145,0.0196,0.055600000000000004,456774636701154.562500
-0.37144,0.0212,0.0572,456774636701154.562500
-0.37143,0.0236,0.0548,456774636701154.562500
-0.37142,0.0228,0.0548,456774636701154.562500
-0.37141,0.0252,0.056400000000000006,456774636701154.562500
-0.37139999999999995,0.0236,0.058,456774636701154.562500
-0.37139,0.0228,0.055600000000000004,456774636701154.562500
-0.37138,0.0204,0.054,456774636701154.562500
-0.37137,0.022000000000000002,0.053200000000000004,456774636701154.562500
-0.37136,0.0228,0.050800000000000005,456774636701154.562500
-0.37134999999999996,0.022000000000000002,0.048400000000000006,456774636701154.562500
-0.37134,0.0188,0.056400000000000006,456774636701154.562500
-0.37133,0.022000000000000002,0.0548,456774636701154.562500
-0.37132,0.0188,0.0524,456774636701154.562500
-0.37131000000000003,0.0204,0.05,456774636701154.562500
-0.37129999999999996,0.022000000000000002,0.055600000000000004,456774636701154.562500
-0.37129,0.0236,0.055600000000000004,456774636701154.562500
-0.37128,0.0212,0.056400000000000006,456774636701154.562500
-0.37127,0.0212,0.0524,456774636701154.562500
-0.37126,0.022000000000000002,0.056400000000000006,456774636701154.562500
-0.37124999999999997,0.0228,0.050800000000000005,456774636701154.562500
-0.37124,0.022000000000000002,0.0572,456774636701154.562500
-0.37122999999999995,0.0212,0.054,456774636701154.562500
-0.37122,0.0244,0.053200000000000004,456774636701154.562500
-0.37121,0.0196,0.0524,456774636701154.562500
-0.3712,0.0228,0.0572,456774636701154.562500
-0.37119,0.0196,0.056400000000000006,456774636701154.562500
-0.37117999999999995,0.0228,0.0572,456774636701154.562500
-0.37117,0.0244,0.055600000000000004,456774636701154.562500
-0.37116,0.0244,0.0524,456774636701154.562500
-0.37115,0.0244,0.056400000000000006,456774636701154.562500
-0.37114,0.0236,0.058,456774636701154.562500
-0.37112999999999996,0.0228,0.053200000000000004,456774636701154.562500
-0.37112,0.0212,0.058,456774636701154.562500
-0.37111,0.0228,0.056400000000000006,456774636701154.562500
-0.3711,0.0212,0.056400000000000006,456774636701154.562500
-0.37109000000000003,0.0212,0.058,456774636701154.562500
-0.37107999999999997,0.0204,0.0572,456774636701154.562500
-0.37107,0.0236,0.055600000000000004,456774636701154.562500
-0.37106,0.0212,0.055600000000000004,456774636701154.562500
-0.37105,0.0228,0.0524,456774636701154.562500
-0.37104,0.0188,0.053200000000000004,456774636701154.562500
-0.37102999999999997,0.0204,0.053200000000000004,456774636701154.562500
-0.37102,0.0188,0.058,456774636701154.562500
-0.37100999999999995,0.0236,0.055600000000000004,456774636701154.562500
-0.371,0.0228,0.058,456774636701154.562500
-0.37099,0.022000000000000002,0.0572,456774636701154.562500
-0.37098,0.0228,0.056400000000000006,456774636701154.562500
-0.37097,0.0204,0.0572,456774636701154.562500
-0.37095999999999996,0.0228,0.0572,456774636701154.562500
-0.37095,0.0228,0.055600000000000004,456774636701154.562500
-0.37094,0.022000000000000002,0.058,456774636701154.562500
-0.37093,0.0236,0.058,456774636701154.562500
-0.37092,0.0204,0.053200000000000004,456774636701154.562500
-0.37090999999999996,0.022000000000000002,0.054,456774636701154.562500
-0.3709,0.0236,0.0572,456774636701154.562500
-0.37089,0.0236,0.0572,456774636701154.562500
-0.37088,0.0196,0.058,456774636701154.562500
-0.37087,0.0196,0.056400000000000006,456774636701154.562500
-0.37085999999999997,0.022000000000000002,0.055600000000000004,456774636701154.562500
-0.37085,0.0236,0.0572,456774636701154.562500
-0.37084,0.0236,0.056400000000000006,456774636701154.562500
-0.37083,0.0228,0.054,456774636701154.562500
-0.37082,0.0236,0.0572,456774636701154.562500
-0.37081,0.0204,0.0524,456774636701154.562500
-0.3708,0.0196,0.0516,456774636701154.562500
-0.37078999999999995,0.022000000000000002,0.054,456774636701154.562500
-0.37078,0.0212,0.055600000000000004,456774636701154.562500
-0.37077,0.0228,0.058,456774636701154.562500
-0.37076,0.0204,0.056400000000000006,456774636701154.562500
-0.37075,0.022000000000000002,0.0524,456774636701154.562500
-0.37073999999999996,0.0228,0.050800000000000005,456774636701154.562500
-0.37073,0.0212,0.058,456774636701154.562500
-0.37072,0.0204,0.058,456774636701154.562500
-0.37071,0.0228,0.0572,456774636701154.562500
-0.37070000000000003,0.022000000000000002,0.0516,456774636701154.562500
-0.37068999999999996,0.0212,0.054,456774636701154.562500
-0.37068,0.022000000000000002,0.0492,456774636701154.562500
-0.37067,0.022000000000000002,0.05,456774636701154.562500
-0.37066,0.0228,0.054,456774636701154.562500
-0.37065,0.022000000000000002,0.0516,456774636701154.562500
-0.37063999999999997,0.0228,0.055600000000000004,456774636701154.562500
-0.37063,0.0228,0.0572,456774636701154.562500
-0.37061999999999995,0.0236,0.056400000000000006,456774636701154.562500
-0.37061,0.0244,0.058,456774636701154.562500
-0.3706,0.0228,0.058,456774636701154.562500
-0.37059,0.0236,0.058,456774636701154.562500
-0.37058,0.0244,0.056400000000000006,456774636701154.562500
-0.37056999999999995,0.0244,0.055600000000000004,456774636701154.562500
-0.37056,0.0252,0.055600000000000004,456774636701154.562500
-0.37055,0.0236,0.058800000000000005,456774636701154.562500
-0.37054,0.0236,0.0572,456774636701154.562500
-0.37053,0.0228,0.058,456774636701154.562500
-0.37051999999999996,0.0244,0.055600000000000004,456774636701154.562500
-0.37051,0.0236,0.055600000000000004,456774636701154.562500
-0.3705,0.0244,0.055600000000000004,456774636701154.562500
-0.37049,0.0236,0.058,456774636701154.562500
-0.37048,0.0236,0.055600000000000004,456774636701154.562500
-0.37046999999999997,0.022000000000000002,0.058,456774636701154.562500
-0.37046,0.0228,0.0572,456774636701154.562500
-0.37045,0.0212,0.058,456774636701154.562500
-0.37044,0.022000000000000002,0.056400000000000006,456774636701154.562500
-0.37043,0.0212,0.0572,456774636701154.562500
-0.37041999999999997,0.022000000000000002,0.055600000000000004,456774636701154.562500
-0.37041,0.022000000000000002,0.058800000000000005,456774636701154.562500
-0.37039999999999995,0.022000000000000002,0.0548,456774636701154.562500
-0.37039,0.022000000000000002,0.050800000000000005,456774636701154.562500
-0.37038,0.0212,0.055600000000000004,456774636701154.562500
-0.37037,0.0228,0.056400000000000006,456774636701154.562500
-0.37036,0.022000000000000002,0.0572,456774636701154.562500
-0.37034999999999996,0.0212,0.0572,456774636701154.562500
-0.37034,0.0204,0.054,456774636701154.562500
-0.37033,0.0196,0.056400000000000006,456774636701154.562500
-0.37032,0.0204,0.0476,456774636701154.562500
-0.37031000000000003,0.0212,0.0516,456774636701154.562500
-0.37029999999999996,0.0212,0.056400000000000006,456774636701154.562500
-0.37029,0.0212,0.058,456774636701154.562500
-0.37028,0.0228,0.056400000000000006,456774636701154.562500
-0.37027,0.0236,0.0548,456774636701154.562500
-0.37026,0.022000000000000002,0.055600000000000004,456774636701154.562500
-0.37024999999999997,0.0204,0.0548,456774636701154.562500
-0.37024,0.0212,0.0548,456774636701154.562500
-0.37022999999999995,0.022000000000000002,0.053200000000000004,456774636701154.562500
-0.37022,0.0228,0.0572,456774636701154.562500
-0.37021,0.022000000000000002,0.054,456774636701154.562500
-0.3702,0.022000000000000002,0.0572,456774636701154.562500
-0.37019,0.022000000000000002,0.056400000000000006,456774636701154.562500
-0.37017999999999995,0.0236,0.058,456774636701154.562500
-0.37017,0.0228,0.0548,456774636701154.562500
-0.37016,0.022000000000000002,0.0548,456774636701154.562500
-0.37015,0.0236,0.0476,456774636701154.562500
-0.37014,0.022000000000000002,0.0516,456774636701154.562500
-0.37012999999999996,0.0212,0.0524,456774636701154.562500
-0.37012,0.022000000000000002,0.0516,456774636701154.562500
-0.37011,0.022000000000000002,0.053200000000000004,456774636701154.562500
-0.3701,0.0212,0.054,456774636701154.562500
-0.37009000000000003,0.022000000000000002,0.0492,456774636701154.562500
-0.37007999999999996,0.022000000000000002,0.050800000000000005,456774636701154.562500
-0.37007,0.0188,0.050800000000000005,456774636701154.562500
-0.37006,0.022000000000000002,0.055600000000000004,456774636701154.562500
-0.37005,0.022000000000000002,0.056400000000000006,456774636701154.562500
-0.37004,0.0228,0.058,456774636701154.562500
-0.37002999999999997,0.022000000000000002,0.0548,456774636701154.562500
-0.37002,0.0236,0.0516,456774636701154.562500
-0.37000999999999995,0.022000000000000002,0.0548,456774636701154.562500
-0.37,0.0228,0.0524,456774636701154.562500
-0.36999,0.022000000000000002,0.050800000000000005,456774636701154.562500
-0.36998,0.0236,0.0436,456774636701154.562500
-0.36997,0.0244,0.056400000000000006,456774636701154.562500
-0.36995999999999996,0.0236,0.056400000000000006,456774636701154.562500
-0.36995,0.022000000000000002,0.055600000000000004,456774636701154.562500
-0.36994,0.0244,0.054,456774636701154.562500
-0.36993,0.0236,0.0524,456774636701154.562500
-0.36992,0.0252,0.0492,456774636701154.562500
-0.36990999999999996,0.0228,0.0516,456774636701154.562500
-0.3699,0.0236,0.050800000000000005,456774636701154.562500
-0.36989,0.0228,0.05,456774636701154.562500
-0.36988,0.0244,0.055600000000000004,456774636701154.562500
-0.36987,0.0228,0.045200000000000004,456774636701154.562500
-0.36985999999999997,0.0196,0.05,456774636701154.562500
-0.36985,0.0204,0.050800000000000005,456774636701154.562500
-0.36984,0.0228,0.0572,456774636701154.562500
-0.36983,0.0228,0.053200000000000004,456774636701154.562500
-0.36982,0.0204,0.0572,456774636701154.562500
-0.36980999999999997,0.0212,0.0524,456774636701154.562500
-0.3698,0.0212,0.056400000000000006,456774636701154.562500
-0.36978999999999995,0.022000000000000002,0.056400000000000006,456774636701154.562500
-0.36978,0.0212,0.056400000000000006,456774636701154.562500
-0.36977,0.0236,0.0572,456774636701154.562500
-0.36976,0.0228,0.055600000000000004,456774636701154.562500
-0.36975,0.0212,0.056400000000000006,456774636701154.562500
-0.36973999999999996,0.0228,0.0548,456774636701154.562500
-0.36973,0.0204,0.050800000000000005,456774636701154.562500
-0.36972,0.0212,0.055600000000000004,456774636701154.562500
-0.36971,0.022000000000000002,0.058,456774636701154.562500
-0.36970000000000003,0.0244,0.0572,456774636701154.562500
-0.36968999999999996,0.0236,0.056400000000000006,456774636701154.562500
-0.36968,0.0244,0.056400000000000006,456774636701154.562500
-0.36967,0.0244,0.0572,456774636701154.562500
-0.36966,0.0212,0.0548,456774636701154.562500
-0.36965,0.0212,0.056400000000000006,456774636701154.562500
-0.36963999999999997,0.0244,0.054,456774636701154.562500
-0.36963,0.0212,0.045200000000000004,456774636701154.562500
-0.36961999999999995,0.0228,0.0524,456774636701154.562500
-0.36961,0.0244,0.058,456774636701154.562500
-0.3696,0.0236,0.056400000000000006,456774636701154.562500
-0.36959,0.0236,0.0572,456774636701154.562500
-0.36958,0.0244,0.058,456774636701154.562500
-0.36956999999999995,0.022000000000000002,0.0572,456774636701154.562500
-0.36956,0.0212,0.058,456774636701154.562500
-0.36955,0.022000000000000002,0.056400000000000006,456774636701154.562500
-0.36954,0.022000000000000002,0.058,456774636701154.562500
-0.36953,0.0228,0.0572,456774636701154.562500
-0.36951999999999996,0.022000000000000002,0.055600000000000004,456774636701154.562500
-0.36951,0.022000000000000002,0.054,456774636701154.562500
-0.3695,0.022000000000000002,0.058,456774636701154.562500
-0.36949,0.0212,0.0572,456774636701154.562500
-0.36948000000000003,0.022000000000000002,0.056400000000000006,456774636701154.562500
-0.36946999999999997,0.022000000000000002,0.056400000000000006,456774636701154.562500
-0.36946,0.0212,0.0572,456774636701154.562500
-0.36945,0.0212,0.0572,456774636701154.562500
-0.36944,0.0212,0.055600000000000004,456774636701154.562500
-0.36943,0.0228,0.055600000000000004,456774636701154.562500
-0.36941999999999997,0.0236,0.0572,456774636701154.562500
-0.36941,0.0228,0.055600000000000004,456774636701154.562500
-0.36939999999999995,0.0236,0.0572,456774636701154.562500
-0.36939,0.022000000000000002,0.055600000000000004,456774636701154.562500
-0.36938,0.0236,0.0572,456774636701154.562500
-0.36937,0.0212,0.050800000000000005,456774636701154.562500
-0.36936,0.0236,0.054,456774636701154.562500
-0.36934999999999996,0.0244,0.054,456774636701154.562500
-0.36934,0.0236,0.0596,456774636701154.562500
-0.36933,0.0244,0.0524,456774636701154.562500
-0.36932,0.0236,0.0572,456774636701154.562500
-0.36931,0.022000000000000002,0.056400000000000006,456774636701154.562500
-0.36929999999999996,0.0204,0.0572,456774636701154.562500
-0.36929,0.0204,0.053200000000000004,456774636701154.562500
-0.36928,0.0228,0.056400000000000006,456774636701154.562500
-0.36927,0.0212,0.058,456774636701154.562500
-0.36926,0.0196,0.055600000000000004,456774636701154.562500
-0.36924999999999997,0.0228,0.055600000000000004,456774636701154.562500
-0.36924,0.0196,0.0548,456774636701154.562500
-0.36923,0.022000000000000002,0.056400000000000006,456774636701154.562500
-0.36922,0.022000000000000002,0.055600000000000004,456774636701154.562500
-0.36921,0.0212,0.056400000000000006,456774636701154.562500
-0.3692,0.022000000000000002,0.0548,456774636701154.562500
-0.36919,0.0228,0.058,456774636701154.562500
-0.36917999999999995,0.022000000000000002,0.0572,456774636701154.562500
-0.36917,0.022000000000000002,0.056400000000000006,456774636701154.562500
-0.36916,0.0196,0.0572,456774636701154.562500
-0.36915,0.0228,0.0548,456774636701154.562500
-0.36914,0.022000000000000002,0.054,456774636701154.562500
-0.36912999999999996,0.0228,0.0548,456774636701154.562500
-0.36912,0.0236,0.0572,456774636701154.562500
-0.36911,0.0236,0.056400000000000006,456774636701154.562500
-0.3691,0.0228,0.056400000000000006,456774636701154.562500
-0.36909000000000003,0.0212,0.055600000000000004,456774636701154.562500
-0.36907999999999996,0.0212,0.058,456774636701154.562500
-0.36907,0.022000000000000002,0.0548,456774636701154.562500
-0.36906,0.0204,0.0572,456774636701154.562500
-0.36905,0.0212,0.0476,456774636701154.562500
-0.36904,0.022000000000000002,0.055600000000000004,456774636701154.562500
-0.36902999999999997,0.0228,0.0476,456774636701154.562500
-0.36902,0.0228,0.045200000000000004,456774636701154.562500
-0.36900999999999995,0.0228,0.0476,456774636701154.562500
-0.369,0.0236,0.053200000000000004,456774636701154.562500
-0.36899,0.0244,0.058,456774636701154.562500
-0.36898,0.022000000000000002,0.056400000000000006,456774636701154.562500
-0.36897,0.0228,0.054,456774636701154.562500
-0.36895999999999995,0.0236,0.056400000000000006,456774636701154.562500
-0.36895,0.0212,0.056400000000000006,456774636701154.562500
-0.36894,0.022000000000000002,0.054,456774636701154.562500
-0.36893,0.022000000000000002,0.0572,456774636701154.562500
-0.36892,0.0228,0.054,456774636701154.562500
-0.36890999999999996,0.0196,0.0572,456774636701154.562500
-0.3689,0.022000000000000002,0.058,456774636701154.562500
-0.36889,0.0204,0.055600000000000004,456774636701154.562500
-0.36888,0.0228,0.0572,456774636701154.562500
-0.36887,0.0204,0.058,456774636701154.562500
-0.36885999999999997,0.0212,0.058,456774636701154.562500
-0.36885,0.022000000000000002,0.0548,456774636701154.562500
-0.36884,0.0196,0.056400000000000006,456774636701154.562500
-0.36883,0.0212,0.055600000000000004,456774636701154.562500
-0.36882,0.0212,0.056400000000000006,456774636701154.562500
-0.36880999999999997,0.0212,0.0572,456774636701154.562500
-0.3688,0.0236,0.055600000000000004,456774636701154.562500
-0.36878999999999995,0.0236,0.056400000000000006,456774636701154.562500
-0.36878,0.0252,0.0572,456774636701154.562500
-0.36877,0.0244,0.058,456774636701154.562500
-0.36876,0.0228,0.056400000000000006,456774636701154.562500
-0.36875,0.0236,0.0524,456774636701154.562500
-0.36873999999999996,0.0228,0.053200000000000004,456774636701154.562500
-0.36873,0.0236,0.0572,456774636701154.562500
-0.36872,0.0236,0.058,456774636701154.562500
-0.36871,0.0212,0.0572,456774636701154.562500
-0.3687,0.0228,0.058,456774636701154.562500
-0.36868999999999996,0.0212,0.0572,456774636701154.562500
-0.36868,0.0228,0.058,456774636701154.562500
-0.36867,0.022000000000000002,0.0548,456774636701154.562500
-0.36866,0.022000000000000002,0.056400000000000006,456774636701154.562500
-0.36865,0.0228,0.055600000000000004,456774636701154.562500
-0.36863999999999997,0.0212,0.053200000000000004,456774636701154.562500
-0.36863,0.0236,0.058800000000000005,456774636701154.562500
-0.36861999999999995,0.0212,0.0572,456774636701154.562500
-0.36861,0.022000000000000002,0.0572,456774636701154.562500
-0.3686,0.0204,0.055600000000000004,456774636701154.562500
-0.36859,0.0196,0.056400000000000006,456774636701154.562500
-0.36858,0.022000000000000002,0.0516,456774636701154.562500
-0.36856999999999995,0.0196,0.046,456774636701154.562500
-0.36856,0.0196,0.0492,456774636701154.562500
-0.36855,0.0204,0.055600000000000004,456774636701154.562500
-0.36854,0.022000000000000002,0.0524,456774636701154.562500
-0.36853,0.022000000000000002,0.0572,456774636701154.562500
-0.36851999999999996,0.0204,0.058,456774636701154.562500
-0.36851,0.0236,0.054,456774636701154.562500
-0.3685,0.022000000000000002,0.053200000000000004,456774636701154.562500
-0.36849,0.0204,0.056400000000000006,456774636701154.562500
-0.36848000000000003,0.0236,0.054,456774636701154.562500
-0.36846999999999996,0.022000000000000002,0.053200000000000004,456774636701154.562500
-0.36846,0.0244,0.056400000000000006,456774636701154.562500
-0.36845,0.0236,0.0524,456774636701154.562500
-0.36844,0.0236,0.0548,456774636701154.562500
-0.36843,0.0228,0.056400000000000006,456774636701154.562500
-0.36841999999999997,0.0236,0.0468,456774636701154.562500
-0.36841,0.022000000000000002,0.0468,456774636701154.562500
-0.36839999999999995,0.022000000000000002,0.055600000000000004,456774636701154.562500
-0.36839,0.0236,0.056400000000000006,456774636701154.562500
-0.36838,0.0212,0.053200000000000004,456774636701154.562500
-0.36837,0.0228,0.056400000000000006,456774636701154.562500
-0.36836,0.0212,0.053200000000000004,456774636701154.562500
-0.36834999999999996,0.0228,0.055600000000000004,456774636701154.562500
-0.36834,0.0228,0.058,456774636701154.562500
-0.36833,0.022000000000000002,0.058,456774636701154.562500
-0.36832,0.0212,0.056400000000000006,456774636701154.562500
-0.36831,0.0204,0.056400000000000006,456774636701154.562500
-0.36829999999999996,0.0204,0.0572,456774636701154.562500
-0.36829,0.0204,0.0572,456774636701154.562500
-0.36828,0.0212,0.056400000000000006,456774636701154.562500
-0.36827,0.0204,0.058,456774636701154.562500
-0.36826,0.022000000000000002,0.0572,456774636701154.562500
-0.36824999999999997,0.0228,0.056400000000000006,456774636701154.562500
-0.36824,0.0212,0.055600000000000004,456774636701154.562500
-0.36823,0.0204,0.058,456774636701154.562500
-0.36822,0.0212,0.056400000000000006,456774636701154.562500
-0.36821,0.0188,0.0596,456774636701154.562500
-0.36819999999999997,0.018000000000000002,0.058,456774636701154.562500
-0.36819,0.015600000000000001,0.058,456774636701154.562500
-0.36817999999999995,0.0188,0.0492,456774636701154.562500
-0.36817,0.0228,0.0524,456774636701154.562500
-0.36816,0.0228,0.0468,456774636701154.562500
-0.36815,0.0244,0.058,456774636701154.562500
-0.36814,0.0236,0.058,456774636701154.562500
-0.36812999999999996,0.0244,0.055600000000000004,456774636701154.562500
-0.36812,0.0228,0.0548,456774636701154.562500
-0.36811,0.0244,0.055600000000000004,456774636701154.562500
-0.3681,0.0244,0.0572,456774636701154.562500
-0.36809000000000003,0.022000000000000002,0.056400000000000006,456774636701154.562500
-0.36807999999999996,0.0236,0.0524,456774636701154.562500
-0.36807,0.0228,0.0476,456774636701154.562500
-0.36806,0.0236,0.0492,456774636701154.562500
-0.36805,0.0228,0.048400000000000006,456774636701154.562500
-0.36804,0.0196,0.0572,456774636701154.562500
-0.36802999999999997,0.022000000000000002,0.056400000000000006,456774636701154.562500
-0.36802,0.0212,0.056400000000000006,456774636701154.562500
-0.36800999999999995,0.0228,0.058,456774636701154.562500
-0.368,0.0204,0.058,456774636701154.562500
-0.36799,0.022000000000000002,0.056400000000000006,456774636701154.562500
-0.36798,0.0204,0.0548,456774636701154.562500
-0.36797,0.0212,0.0572,456774636701154.562500
-0.36795999999999995,0.018000000000000002,0.0572,456774636701154.562500
-0.36795,0.022000000000000002,0.0572,456774636701154.562500
-0.36794,0.0196,0.0572,456774636701154.562500
-0.36793,0.0212,0.053200000000000004,456774636701154.562500
-0.36792,0.0212,0.0572,456774636701154.562500
-0.36790999999999996,0.0212,0.05,456774636701154.562500
-0.3679,0.022000000000000002,0.058,456774636701154.562500
-0.36789,0.0236,0.058,456774636701154.562500
-0.36788,0.0204,0.0572,456774636701154.562500
-0.36787000000000003,0.0204,0.0596,456774636701154.562500
-0.36785999999999996,0.0212,0.055600000000000004,456774636701154.562500
-0.36785,0.0244,0.058800000000000005,456774636701154.562500
-0.36784,0.0244,0.0572,456774636701154.562500
-0.36783,0.0228,0.0548,456774636701154.562500
-0.36782,0.0236,0.056400000000000006,456774636701154.562500
-0.36780999999999997,0.0236,0.0572,456774636701154.562500
-0.3678,0.0252,0.0572,456774636701154.562500
-0.36778999999999995,0.0244,0.055600000000000004,456774636701154.562500
-0.36778,0.0212,0.058,456774636701154.562500
-0.36777,0.011600000000000001,0.055600000000000004,456774636701154.562500
-0.36776,0.0188,0.0572,456774636701154.562500
-0.36775,0.0172,0.0572,456774636701154.562500
-0.36773999999999996,0.018000000000000002,0.055600000000000004,456774636701154.562500
-0.36773,0.022000000000000002,0.053200000000000004,456774636701154.562500
-0.36772,0.022000000000000002,0.055600000000000004,456774636701154.562500
-0.36771,0.022000000000000002,0.056400000000000006,456774636701154.562500
-0.3677,0.022000000000000002,0.050800000000000005,456774636701154.562500
-0.36768999999999996,0.0212,0.058,456774636701154.562500
-0.36768,0.0212,0.054,456774636701154.562500
-0.36767,0.022000000000000002,0.053200000000000004,456774636701154.562500
-0.36766,0.0148,0.058,456774636701154.562500
-0.36765,0.0204,0.055600000000000004,456774636701154.562500
-0.36763999999999997,0.0212,0.0572,456774636701154.562500
-0.36763,0.022000000000000002,0.0476,456774636701154.562500
-0.36762,0.022000000000000002,0.055600000000000004,456774636701154.562500
-0.36761,0.0228,0.058,456774636701154.562500
-0.3676,0.022000000000000002,0.056400000000000006,456774636701154.562500
-0.36759,0.022000000000000002,0.058800000000000005,456774636701154.562500
-0.36758,0.0212,0.0516,456774636701154.562500
-0.36756999999999995,0.0244,0.056400000000000006,456774636701154.562500
-0.36756,0.022000000000000002,0.0492,456774636701154.562500
-0.36755,0.0252,0.058,456774636701154.562500
-0.36754,0.0236,0.054,456774636701154.562500
-0.36753,0.0212,0.058800000000000005,456774636701154.562500
-0.36751999999999996,0.0236,0.056400000000000006,456774636701154.562500
-0.36751,0.0204,0.058800000000000005,456774636701154.562500
-0.3675,0.0212,0.058,456774636701154.562500
-0.36749,0.0228,0.058,456774636701154.562500
-0.36748000000000003,0.0228,0.054,456774636701154.562500
-0.36746999999999996,0.0196,0.058,456774636701154.562500
-0.36746,0.022000000000000002,0.0548,456774636701154.562500
-0.36745,0.0244,0.0548,456774636701154.562500
-0.36744,0.0236,0.056400000000000006,456774636701154.562500
-0.36743,0.022000000000000002,0.0572,456774636701154.562500
-0.36741999999999997,0.0236,0.055600000000000004,456774636701154.562500
-0.36741,0.022000000000000002,0.056400000000000006,456774636701154.562500
-0.36739999999999995,0.0204,0.0572,456774636701154.562500
-0.36739,0.022000000000000002,0.0572,456774636701154.562500
-0.36738,0.0228,0.058,456774636701154.562500
-0.36737,0.0204,0.053200000000000004,456774636701154.562500
-0.36736,0.0228,0.055600000000000004,456774636701154.562500
-0.36734999999999995,0.0228,0.055600000000000004,456774636701154.562500
-0.36734,0.0204,0.055600000000000004,456774636701154.562500
-0.36733,0.022000000000000002,0.058,456774636701154.562500
-0.36732,0.022000000000000002,0.056400000000000006,456774636701154.562500
-0.36731,0.022000000000000002,0.055600000000000004,456774636701154.562500
-0.36729999999999996,0.0212,0.056400000000000006,456774636701154.562500
-0.36729,0.0228,0.053200000000000004,456774636701154.562500
-0.36728,0.022000000000000002,0.0572,456774636701154.562500
-0.36727,0.022000000000000002,0.0572,456774636701154.562500
-0.36726,0.0236,0.0572,456774636701154.562500
-0.36724999999999997,0.0244,0.058,456774636701154.562500
-0.36724,0.0244,0.056400000000000006,456774636701154.562500
-0.36723,0.0244,0.0572,456774636701154.562500
-0.36722,0.022000000000000002,0.0548,456774636701154.562500
-0.36721,0.0236,0.056400000000000006,456774636701154.562500
-0.36719999999999997,0.0244,0.055600000000000004,456774636701154.562500
-0.36719,0.0228,0.0572,456774636701154.562500
-0.36717999999999995,0.0228,0.0572,456774636701154.562500
-0.36717,0.022000000000000002,0.0572,456774636701154.562500
-0.36716,0.0244,0.055600000000000004,456774636701154.562500
-0.36715,0.022000000000000002,0.0572,456774636701154.562500
-0.36714,0.0228,0.0572,456774636701154.562500
-0.36712999999999996,0.0236,0.0572,456774636701154.562500
-0.36712,0.022000000000000002,0.058,456774636701154.562500
-0.36711,0.0228,0.0572,456774636701154.562500
-0.3671,0.0228,0.056400000000000006,456774636701154.562500
-0.36709,0.0196,0.058,456774636701154.562500
-0.36707999999999996,0.0228,0.055600000000000004,456774636701154.562500
-0.36707,0.022000000000000002,0.058,456774636701154.562500
-0.36706,0.0204,0.0572,456774636701154.562500
-0.36705,0.022000000000000002,0.056400000000000006,456774636701154.562500
-0.36704,0.022000000000000002,0.056400000000000006,456774636701154.562500
-0.36702999999999997,0.0212,0.056400000000000006,456774636701154.562500
-0.36702,0.018000000000000002,0.0572,456774636701154.562500
-0.36701,0.0172,0.0572,456774636701154.562500
-0.367,0.0164,0.055600000000000004,456774636701154.562500
-0.36699,0.0212,0.055600000000000004,456774636701154.562500
-0.36698,0.0228,0.055600000000000004,456774636701154.562500
-0.36697,0.0236,0.058800000000000005,456774636701154.562500
-0.36695999999999995,0.0228,0.054,456774636701154.562500
-0.36695,0.0244,0.0572,456774636701154.562500
-0.36694,0.0212,0.0572,456774636701154.562500
-0.36693,0.0228,0.0572,456774636701154.562500
-0.36692,0.0252,0.0548,456774636701154.562500
-0.36690999999999996,0.022000000000000002,0.0572,456774636701154.562500
-0.3669,0.0236,0.058,456774636701154.562500
-0.36689,0.0252,0.0572,456774636701154.562500
-0.36688,0.0228,0.0548,456774636701154.562500
-0.36687000000000003,0.0244,0.055600000000000004,456774636701154.562500
-0.36685999999999996,0.0204,0.056400000000000006,456774636701154.562500
-0.36685,0.0172,0.056400000000000006,456774636701154.562500
-0.36684,0.018000000000000002,0.056400000000000006,456774636701154.562500
-0.36683,0.0164,0.056400000000000006,456774636701154.562500
-0.36682,0.0228,0.058,456774636701154.562500
-0.36680999999999997,0.0204,0.058800000000000005,456774636701154.562500
-0.3668,0.022000000000000002,0.0572,456774636701154.562500
-0.36678999999999995,0.0212,0.058,456774636701154.562500
-0.36678,0.022000000000000002,0.056400000000000006,456774636701154.562500
-0.36677,0.022000000000000002,0.0524,456774636701154.562500
-0.36676,0.022000000000000002,0.058800000000000005,456774636701154.562500
-0.36675,0.0212,0.0572,456774636701154.562500
-0.36673999999999995,0.0196,0.058,456774636701154.562500
-0.36673,0.0196,0.054,456774636701154.562500
-0.36672,0.0196,0.055600000000000004,456774636701154.562500
-0.36671,0.0228,0.050800000000000005,456774636701154.562500
-0.3667,0.0204,0.0492,456774636701154.562500
-0.36668999999999996,0.022000000000000002,0.055600000000000004,456774636701154.562500
-0.36668,0.022000000000000002,0.0572,456774636701154.562500
-0.36667,0.0228,0.055600000000000004,456774636701154.562500
-0.36666,0.0228,0.050800000000000005,456774636701154.562500
-0.36665,0.0236,0.0572,456774636701154.562500
-0.36663999999999997,0.0244,0.055600000000000004,456774636701154.562500
-0.36663,0.0236,0.058,456774636701154.562500
-0.36662,0.0244,0.056400000000000006,456774636701154.562500
-0.36661,0.0228,0.058800000000000005,456774636701154.562500
-0.3666,0.0228,0.056400000000000006,456774636701154.562500
-0.36658999999999997,0.0204,0.058,456774636701154.562500
-0.36658,0.0244,0.0516,456774636701154.562500
-0.36656999999999995,0.0244,0.058,456774636701154.562500
-0.36656,0.0196,0.0516,456774636701154.562500
-0.36655,0.0244,0.056400000000000006,456774636701154.562500
-0.36654,0.0228,0.055600000000000004,456774636701154.562500
-0.36653,0.0236,0.055600000000000004,456774636701154.562500
-0.36651999999999996,0.0228,0.056400000000000006,456774636701154.562500
-0.36651,0.0204,0.056400000000000006,456774636701154.562500
-0.3665,0.0172,0.0572,456774636701154.562500
-0.36649,0.0228,0.058,456774636701154.562500
-0.36648000000000003,0.0196,0.058,456774636701154.562500
-0.36646999999999996,0.0204,0.056400000000000006,456774636701154.562500
-0.36646,0.0212,0.056400000000000006,456774636701154.562500
-0.36645,0.022000000000000002,0.045200000000000004,456774636701154.562500
-0.36644,0.0236,0.055600000000000004,456774636701154.562500
-0.36643,0.022000000000000002,0.056400000000000006,456774636701154.562500
-0.36641999999999997,0.0236,0.054,456774636701154.562500
-0.36641,0.0212,0.055600000000000004,456774636701154.562500
-0.36639999999999995,0.0196,0.053200000000000004,456774636701154.562500
-0.36639,0.022000000000000002,0.058,456774636701154.562500
-0.36638,0.0196,0.056400000000000006,456774636701154.562500
-0.36637,0.0228,0.0572,456774636701154.562500
-0.36636,0.0228,0.056400000000000006,456774636701154.562500
-0.36634999999999995,0.0228,0.0572,456774636701154.562500
-0.36634,0.022000000000000002,0.058,456774636701154.562500
-0.36633,0.0228,0.050800000000000005,456774636701154.562500
-0.36632,0.022000000000000002,0.055600000000000004,456774636701154.562500
-0.36631,0.0244,0.0476,456774636701154.562500
-0.36629999999999996,0.0252,0.056400000000000006,456774636701154.562500
-0.36629,0.0236,0.055600000000000004,456774636701154.562500
-0.36628,0.0228,0.0572,456774636701154.562500
-0.36627,0.022000000000000002,0.058,456774636701154.562500
-0.36626000000000003,0.0236,0.058,456774636701154.562500
-0.36624999999999996,0.022000000000000002,0.058,456774636701154.562500
-0.36624,0.0236,0.054,456774636701154.562500
-0.36623,0.0236,0.0572,456774636701154.562500
-0.36622,0.0212,0.0572,456774636701154.562500
-0.36621,0.0228,0.050800000000000005,456774636701154.562500
-0.36619999999999997,0.022000000000000002,0.056400000000000006,456774636701154.562500
-0.36619,0.0228,0.0572,456774636701154.562500
-0.36617999999999995,0.0228,0.054,456774636701154.562500
-0.36617,0.0212,0.058800000000000005,456774636701154.562500
-0.36616,0.0212,0.0572,456774636701154.562500
-0.36615,0.0196,0.055600000000000004,456774636701154.562500
-0.36614,0.0236,0.056400000000000006,456774636701154.562500
-0.36612999999999996,0.022000000000000002,0.055600000000000004,456774636701154.562500
-0.36612,0.0148,0.055600000000000004,456774636701154.562500
-0.36611,0.022000000000000002,0.0572,456774636701154.562500
-0.3661,0.018000000000000002,0.058,456774636701154.562500
-0.36609,0.0212,0.0524,456774636701154.562500
-0.36607999999999996,0.0204,0.055600000000000004,456774636701154.562500
-0.36607,0.0212,0.0548,456774636701154.562500
-0.36606,0.022000000000000002,0.0572,456774636701154.562500
-0.36605,0.022000000000000002,0.053200000000000004,456774636701154.562500
-0.36604,0.018000000000000002,0.058,456774636701154.562500
-0.36602999999999997,0.0228,0.0492,456774636701154.562500
-0.36602,0.0228,0.058,456774636701154.562500
-0.36601,0.0236,0.055600000000000004,456774636701154.562500
-0.366,0.0228,0.046,456774636701154.562500
-0.36599,0.0252,0.055600000000000004,456774636701154.562500
-0.36597999999999997,0.0236,0.058,456774636701154.562500
-0.36597,0.0236,0.0572,456774636701154.562500
-0.36595999999999995,0.0244,0.055600000000000004,456774636701154.562500
-0.36595,0.0244,0.056400000000000006,456774636701154.562500
-0.36594,0.0236,0.0524,456774636701154.562500
-0.36593,0.0236,0.058,456774636701154.562500
-0.36592,0.0236,0.0548,456774636701154.562500
-0.36590999999999996,0.0252,0.056400000000000006,456774636701154.562500
-0.3659,0.0204,0.0548,456774636701154.562500
-0.36589,0.0204,0.058,456774636701154.562500
-0.36588,0.0204,0.050800000000000005,456774636701154.562500
-0.36587000000000003,0.0212,0.0516,456774636701154.562500
-0.36585999999999996,0.022000000000000002,0.05,456774636701154.562500
-0.36585,0.022000000000000002,0.050800000000000005,456774636701154.562500
-0.36584,0.0212,0.055600000000000004,456774636701154.562500
-0.36583,0.0228,0.0572,456774636701154.562500
-0.36582,0.0228,0.0572,456774636701154.562500
-0.36580999999999997,0.0212,0.0548,456774636701154.562500
-0.3658,0.0212,0.050800000000000005,456774636701154.562500
-0.36578999999999995,0.0228,0.054,456774636701154.562500
-0.36578,0.0228,0.0572,456774636701154.562500
-0.36577,0.0212,0.056400000000000006,456774636701154.562500
-0.36576,0.0228,0.056400000000000006,456774636701154.562500
-0.36575,0.022000000000000002,0.056400000000000006,456774636701154.562500
-0.36573999999999995,0.022000000000000002,0.054,456774636701154.562500
-0.36573,0.0212,0.056400000000000006,456774636701154.562500
-0.36572,0.022000000000000002,0.058,456774636701154.562500
-0.36571,0.0244,0.0548,456774636701154.562500
-0.3657,0.022000000000000002,0.055600000000000004,456774636701154.562500
-0.36568999999999996,0.0244,0.055600000000000004,456774636701154.562500
-0.36568,0.0244,0.055600000000000004,456774636701154.562500
-0.36567,0.0228,0.058800000000000005,456774636701154.562500
-0.36566,0.0204,0.0572,456774636701154.562500
-0.36565000000000003,0.0228,0.055600000000000004,456774636701154.562500
-0.36563999999999997,0.018000000000000002,0.0572,456774636701154.562500
-0.36563,0.022000000000000002,0.058,456774636701154.562500
-0.36562,0.0228,0.053200000000000004,456774636701154.562500
-0.36561,0.022000000000000002,0.0572,456774636701154.562500
-0.3656,0.0228,0.05,456774636701154.562500
-0.36558999999999997,0.0212,0.053200000000000004,456774636701154.562500
-0.36558,0.022000000000000002,0.053200000000000004,456774636701154.562500
-0.36556999999999995,0.022000000000000002,0.056400000000000006,456774636701154.562500
-0.36556,0.0212,0.0548,456774636701154.562500
-0.36555,0.022000000000000002,0.058,456774636701154.562500
-0.36554,0.0204,0.054,456774636701154.562500
-0.36553,0.0228,0.058,456774636701154.562500
-0.36551999999999996,0.0204,0.055600000000000004,456774636701154.562500
-0.36551,0.0204,0.055600000000000004,456774636701154.562500
-0.3655,0.022000000000000002,0.055600000000000004,456774636701154.562500
-0.36549,0.022000000000000002,0.0572,456774636701154.562500
-0.36548,0.022000000000000002,0.056400000000000006,456774636701154.562500
-0.36546999999999996,0.022000000000000002,0.054,456774636701154.562500
-0.36546,0.022000000000000002,0.058,456774636701154.562500
-0.36545,0.0228,0.056400000000000006,456774636701154.562500
-0.36544,0.0236,0.0572,456774636701154.562500
-0.36543,0.0228,0.058,456774636701154.562500
-0.36541999999999997,0.022000000000000002,0.056400000000000006,456774636701154.562500
-0.36541,0.0244,0.056400000000000006,456774636701154.562500
-0.3654,0.0228,0.058,456774636701154.562500
-0.36539,0.0172,0.056400000000000006,456774636701154.562500
-0.36538,0.022000000000000002,0.058,456774636701154.562500
-0.36537,0.0228,0.054,456774636701154.562500
-0.36536,0.0236,0.053200000000000004,456774636701154.562500
-0.36534999999999995,0.0212,0.056400000000000006,456774636701154.562500
-0.36534,0.0236,0.058,456774636701154.562500
-0.36533,0.0236,0.0572,456774636701154.562500
-0.36532,0.022000000000000002,0.055600000000000004,456774636701154.562500
-0.36531,0.0228,0.055600000000000004,456774636701154.562500
-0.36529999999999996,0.022000000000000002,0.058,456774636701154.562500
-0.36529,0.0212,0.0572,456774636701154.562500
-0.36528,0.0228,0.058,456774636701154.562500
-0.36527,0.0204,0.05,456774636701154.562500
-0.36526000000000003,0.0228,0.058,456774636701154.562500
-0.36524999999999996,0.0196,0.0516,456774636701154.562500
-0.36524,0.0212,0.055600000000000004,456774636701154.562500
-0.36523,0.0204,0.054,456774636701154.562500
-0.36522,0.0212,0.048400000000000006,456774636701154.562500
-0.36521,0.0212,0.054,456774636701154.562500
-0.36519999999999997,0.0212,0.055600000000000004,456774636701154.562500
-0.36519,0.0236,0.055600000000000004,456774636701154.562500
-0.36517999999999995,0.0204,0.056400000000000006,456774636701154.562500
-0.36517,0.0212,0.056400000000000006,456774636701154.562500
-0.36516,0.0228,0.055600000000000004,456774636701154.562500
-0.36515,0.022000000000000002,0.0572,456774636701154.562500
-0.36514,0.0196,0.058,456774636701154.562500
-0.36512999999999995,0.022000000000000002,0.058,456774636701154.562500
-0.36512,0.022000000000000002,0.0572,456774636701154.562500
-0.36511,0.0236,0.058,456774636701154.562500
-0.3651,0.0228,0.0572,456774636701154.562500
-0.36509,0.0236,0.05,456774636701154.562500
-0.36507999999999996,0.0244,0.056400000000000006,456774636701154.562500
-0.36507,0.0236,0.058,456774636701154.562500
-0.36506,0.0236,0.0572,456774636701154.562500
-0.36505,0.0236,0.056400000000000006,456774636701154.562500
-0.36504,0.0244,0.0572,456774636701154.562500
-0.36502999999999997,0.0204,0.0572,456774636701154.562500
-0.36502,0.0244,0.0548,456774636701154.562500
-0.36501,0.0228,0.050800000000000005,456774636701154.562500
-0.365,0.022000000000000002,0.0572,456774636701154.562500
-0.36499,0.0188,0.058,456774636701154.562500
-0.36497999999999997,0.022000000000000002,0.056400000000000006,456774636701154.562500
-0.36497,0.0212,0.058,456774636701154.562500
-0.36495999999999995,0.0188,0.0572,456774636701154.562500
-0.36495,0.0204,0.0524,456774636701154.562500
-0.36494,0.0188,0.0524,456774636701154.562500
-0.36493,0.0212,0.056400000000000006,456774636701154.562500
-0.36492,0.0196,0.056400000000000006,456774636701154.562500
-0.36490999999999996,0.018000000000000002,0.053200000000000004,456774636701154.562500
-0.3649,0.022000000000000002,0.058,456774636701154.562500
-0.36489,0.0212,0.0572,456774636701154.562500
-0.36488,0.0204,0.058800000000000005,456774636701154.562500
-0.36487,0.0204,0.058,456774636701154.562500
-0.36485999999999996,0.0188,0.058800000000000005,456774636701154.562500
-0.36485,0.022000000000000002,0.055600000000000004,456774636701154.562500
-0.36484,0.0228,0.056400000000000006,456774636701154.562500
-0.36483,0.0212,0.054,456774636701154.562500
-0.36482,0.0188,0.0572,456774636701154.562500
-0.36480999999999997,0.022000000000000002,0.056400000000000006,456774636701154.562500
-0.3648,0.0228,0.056400000000000006,456774636701154.562500
-0.36478999999999995,0.0228,0.0572,456774636701154.562500
-0.36478,0.0244,0.058800000000000005,456774636701154.562500
-0.36477,0.0252,0.055600000000000004,456774636701154.562500
-0.36476,0.022000000000000002,0.0572,456774636701154.562500
-0.36475,0.0244,0.0516,456774636701154.562500
-0.36473999999999995,0.0228,0.0596,456774636701154.562500
-0.36473,0.022000000000000002,0.0572,456774636701154.562500
-0.36472,0.0228,0.053200000000000004,456774636701154.562500
-0.36471,0.0236,0.0524,456774636701154.562500
-0.3647,0.018000000000000002,0.053200000000000004,456774636701154.562500
-0.36468999999999996,0.0212,0.0572,456774636701154.562500
-0.36468,0.0212,0.056400000000000006,456774636701154.562500
-0.36467,0.0228,0.056400000000000006,456774636701154.562500
-0.36466,0.0164,0.056400000000000006,456774636701154.562500
-0.36465000000000003,0.0228,0.0548,456774636701154.562500
-0.36463999999999996,0.0212,0.056400000000000006,456774636701154.562500
-0.36463,0.022000000000000002,0.0572,456774636701154.562500
-0.36462,0.0212,0.058,456774636701154.562500
-0.36461,0.0244,0.0572,456774636701154.562500
-0.3646,0.018000000000000002,0.0572,456774636701154.562500
-0.36458999999999997,0.0196,0.056400000000000006,456774636701154.562500
-0.36458,0.0228,0.058,456774636701154.562500
-0.36456999999999995,0.022000000000000002,0.05,456774636701154.562500
-0.36456,0.022000000000000002,0.0572,456774636701154.562500
-0.36455,0.022000000000000002,0.058,456774636701154.562500
-0.36454,0.0212,0.0548,456774636701154.562500
-0.36453,0.022000000000000002,0.0524,456774636701154.562500
-0.36451999999999996,0.0244,0.0572,456774636701154.562500
-0.36451,0.026000000000000002,0.054,456774636701154.562500
-0.3645,0.0228,0.0572,456774636701154.562500
-0.36449,0.0236,0.0476,456774636701154.562500
-0.36448,0.018000000000000002,0.046,456774636701154.562500
-0.36446999999999996,0.022000000000000002,0.0524,456774636701154.562500
-0.36446,0.0204,0.058,456774636701154.562500
-0.36445,0.0252,0.056400000000000006,456774636701154.562500
-0.36444,0.0172,0.053200000000000004,456774636701154.562500
-0.36443,0.0228,0.058,456774636701154.562500
-0.36441999999999997,0.0204,0.0524,456774636701154.562500
-0.36441,0.0228,0.0476,456774636701154.562500
-0.3644,0.0228,0.0572,456774636701154.562500
-0.36439,0.0228,0.0516,456774636701154.562500
-0.36438,0.0212,0.056400000000000006,456774636701154.562500
-0.36436999999999997,0.022000000000000002,0.054,456774636701154.562500
-0.36436,0.0212,0.058800000000000005,456774636701154.562500
-0.36434999999999995,0.0228,0.056400000000000006,456774636701154.562500
-0.36434,0.022000000000000002,0.058,456774636701154.562500
-0.36433,0.0212,0.055600000000000004,456774636701154.562500
-0.36432,0.0228,0.0572,456774636701154.562500
-0.36431,0.0228,0.055600000000000004,456774636701154.562500
-0.36429999999999996,0.0204,0.0548,456774636701154.562500
-0.36429,0.022000000000000002,0.0516,456774636701154.562500
-0.36428,0.0236,0.0572,456774636701154.562500
-0.36427,0.0228,0.053200000000000004,456774636701154.562500
-0.36426000000000003,0.022000000000000002,0.053200000000000004,456774636701154.562500
-0.36424999999999996,0.0212,0.0572,456774636701154.562500
-0.36424,0.022000000000000002,0.0476,456774636701154.562500
-0.36423,0.0188,0.0572,456774636701154.562500
-0.36422,0.0236,0.0444,456774636701154.562500
-0.36421,0.0204,0.055600000000000004,456774636701154.562500
-0.36419999999999997,0.0212,0.0468,456774636701154.562500
-0.36419,0.0244,0.056400000000000006,456774636701154.562500
-0.36417999999999995,0.0228,0.0476,456774636701154.562500
-0.36417,0.0244,0.056400000000000006,456774636701154.562500
-0.36416,0.0244,0.05,456774636701154.562500
-0.36415,0.0244,0.053200000000000004,456774636701154.562500
-0.36414,0.0228,0.0524,456774636701154.562500
-0.36412999999999995,0.0236,0.050800000000000005,456774636701154.562500
-0.36412,0.0236,0.058,456774636701154.562500
-0.36411,0.0228,0.056400000000000006,456774636701154.562500
-0.3641,0.0212,0.048400000000000006,456774636701154.562500
-0.36409,0.0212,0.0572,456774636701154.562500
-0.36407999999999996,0.0196,0.050800000000000005,456774636701154.562500
-0.36407,0.0236,0.0572,456774636701154.562500
-0.36406,0.0164,0.058,456774636701154.562500
-0.36405,0.0204,0.054,456774636701154.562500
-0.36404000000000003,0.0196,0.058800000000000005,456774636701154.562500
-0.36402999999999996,0.0228,0.0516,456774636701154.562500
-0.36402,0.022000000000000002,0.056400000000000006,456774636701154.562500
-0.36401,0.0212,0.0596,456774636701154.562500
-0.364,0.0212,0.058,456774636701154.562500
-0.36399,0.022000000000000002,0.056400000000000006,456774636701154.562500
-0.36397999999999997,0.0212,0.0516,456774636701154.562500
-0.36397,0.0228,0.0548,456774636701154.562500
-0.36395999999999995,0.0236,0.055600000000000004,456774636701154.562500
-0.36395,0.022000000000000002,0.056400000000000006,456774636701154.562500
-0.36394,0.0236,0.056400000000000006,456774636701154.562500
-0.36393,0.0196,0.0492,456774636701154.562500
-0.36392,0.0236,0.058,456774636701154.562500
-0.36390999999999996,0.0236,0.0492,456774636701154.562500
-0.3639,0.0236,0.0572,456774636701154.562500
-0.36389,0.0236,0.0524,456774636701154.562500
-0.36388,0.0204,0.055600000000000004,456774636701154.562500
-0.36387,0.0244,0.056400000000000006,456774636701154.562500
-0.36385999999999996,0.0236,0.056400000000000006,456774636701154.562500
-0.36385,0.0236,0.0548,456774636701154.562500
-0.36384,0.0252,0.055600000000000004,456774636701154.562500
-0.36383,0.0252,0.056400000000000006,456774636701154.562500
-0.36382,0.0228,0.0572,456774636701154.562500
-0.36380999999999997,0.0212,0.0572,456774636701154.562500
-0.3638,0.0236,0.0572,456774636701154.562500
-0.36379,0.0236,0.0572,456774636701154.562500
-0.36378,0.0212,0.054,456774636701154.562500
-0.36377,0.022000000000000002,0.0548,456774636701154.562500
-0.36376,0.0212,0.0548,456774636701154.562500
-0.36375,0.0188,0.0468,456774636701154.562500
-0.36373999999999995,0.0212,0.056400000000000006,456774636701154.562500
-0.36373,0.0204,0.055600000000000004,456774636701154.562500
-0.36372,0.0204,0.056400000000000006,456774636701154.562500
-0.36371,0.022000000000000002,0.0572,456774636701154.562500
-0.3637,0.0204,0.0468,456774636701154.562500
-0.36368999999999996,0.0204,0.055600000000000004,456774636701154.562500
-0.36368,0.0212,0.054,456774636701154.562500
-0.36367,0.0196,0.0572,456774636701154.562500
-0.36366,0.022000000000000002,0.058,456774636701154.562500
-0.36365000000000003,0.022000000000000002,0.0548,456774636701154.562500
-0.36363999999999996,0.0236,0.056400000000000006,456774636701154.562500
-0.36363,0.0228,0.0516,456774636701154.562500
-0.36362,0.0244,0.0548,456774636701154.562500
-0.36361,0.022000000000000002,0.0548,456774636701154.562500
-0.3636,0.0212,0.056400000000000006,456774636701154.562500
-0.36358999999999997,0.0228,0.0516,456774636701154.562500
-0.36358,0.0244,0.055600000000000004,456774636701154.562500
-0.36356999999999995,0.0228,0.0548,456774636701154.562500
-0.36356,0.0236,0.0524,456774636701154.562500
-0.36355,0.0228,0.053200000000000004,456774636701154.562500
-0.36354,0.0236,0.053200000000000004,456774636701154.562500
-0.36353,0.0228,0.0572,456774636701154.562500
-0.36351999999999995,0.022000000000000002,0.058,456774636701154.562500
-0.36351,0.0228,0.056400000000000006,456774636701154.562500
-0.3635,0.0228,0.0548,456774636701154.562500
-0.36349,0.022000000000000002,0.058,456774636701154.562500
-0.36348,0.022000000000000002,0.058,456774636701154.562500
-0.36346999999999996,0.022000000000000002,0.058,456774636701154.562500
-0.36346,0.0212,0.055600000000000004,456774636701154.562500
-0.36345,0.0212,0.0572,456774636701154.562500
-0.36344,0.022000000000000002,0.055600000000000004,456774636701154.562500
-0.36343,0.0212,0.058,456774636701154.562500
-0.36341999999999997,0.0204,0.048400000000000006,456774636701154.562500
-0.36341,0.022000000000000002,0.056400000000000006,456774636701154.562500
-0.3634,0.018000000000000002,0.054,456774636701154.562500
-0.36339,0.0228,0.058,456774636701154.562500
-0.36338,0.018000000000000002,0.056400000000000006,456774636701154.562500
-0.36336999999999997,0.0204,0.055600000000000004,456774636701154.562500
-0.36336,0.0228,0.0476,456774636701154.562500
-0.36334999999999995,0.022000000000000002,0.055600000000000004,456774636701154.562500
-0.36334,0.0204,0.055600000000000004,456774636701154.562500
-0.36333,0.0212,0.055600000000000004,456774636701154.562500
-0.36332,0.022000000000000002,0.055600000000000004,456774636701154.562500
-0.36331,0.0236,0.054,456774636701154.562500
-0.36329999999999996,0.0228,0.058,456774636701154.562500
-0.36329,0.0236,0.056400000000000006,456774636701154.562500
-0.36328,0.0236,0.053200000000000004,456774636701154.562500
-0.36327,0.0244,0.058,456774636701154.562500
-0.36326,0.0236,0.0548,456774636701154.562500
-0.36324999999999996,0.0236,0.0572,456774636701154.562500
-0.36324,0.0228,0.058,456774636701154.562500
-0.36323,0.022000000000000002,0.056400000000000006,456774636701154.562500
-0.36322,0.022000000000000002,0.0548,456774636701154.562500
-0.36321,0.0244,0.0572,456774636701154.562500
-0.36319999999999997,0.0228,0.058,456774636701154.562500
-0.36319,0.0236,0.056400000000000006,456774636701154.562500
-0.36317999999999995,0.022000000000000002,0.058,456774636701154.562500
-0.36317,0.0212,0.058,456774636701154.562500
-0.36316,0.0212,0.053200000000000004,456774636701154.562500
-0.36315,0.0228,0.055600000000000004,456774636701154.562500
-0.36314,0.022000000000000002,0.050800000000000005,456774636701154.562500
-0.36312999999999995,0.022000000000000002,0.058,456774636701154.562500
-0.36312,0.022000000000000002,0.055600000000000004,456774636701154.562500
-0.36311,0.022000000000000002,0.0524,456774636701154.562500
-0.3631,0.022000000000000002,0.0516,456774636701154.562500
-0.36309,0.0204,0.054,456774636701154.562500
-0.36307999999999996,0.022000000000000002,0.0548,456774636701154.562500
-0.36307,0.022000000000000002,0.05,456774636701154.562500
-0.36306,0.022000000000000002,0.055600000000000004,456774636701154.562500
-0.36305,0.022000000000000002,0.055600000000000004,456774636701154.562500
-0.36304000000000003,0.0196,0.0572,456774636701154.562500
-0.36302999999999996,0.0228,0.056400000000000006,456774636701154.562500
-0.36302,0.0228,0.056400000000000006,456774636701154.562500
-0.36301,0.0236,0.055600000000000004,456774636701154.562500
-0.363,0.0236,0.058800000000000005,456774636701154.562500
-0.36299,0.0244,0.058800000000000005,456774636701154.562500
-0.36297999999999997,0.0236,0.056400000000000006,456774636701154.562500
-0.36297,0.0228,0.055600000000000004,456774636701154.562500
-0.36295999999999995,0.0204,0.055600000000000004,456774636701154.562500
-0.36295,0.0244,0.054,456774636701154.562500
-0.36294,0.0188,0.0572,456774636701154.562500
-0.36293,0.0244,0.0572,456774636701154.562500
-0.36292,0.0196,0.050800000000000005,456774636701154.562500
-0.36290999999999995,0.0244,0.055600000000000004,456774636701154.562500
-0.3629,0.0268,0.056400000000000006,456774636701154.562500
-0.36289,0.0236,0.058,456774636701154.562500
-0.36288,0.0236,0.056400000000000006,456774636701154.562500
-0.36287,0.0236,0.0548,456774636701154.562500
-0.36285999999999996,0.0228,0.056400000000000006,456774636701154.562500
-0.36285,0.0204,0.0548,456774636701154.562500
-0.36284,0.0204,0.0572,456774636701154.562500
-0.36283,0.0196,0.056400000000000006,456774636701154.562500
-0.36282,0.0204,0.054,456774636701154.562500
-0.36280999999999997,0.022000000000000002,0.0516,456774636701154.562500
-0.3628,0.0196,0.0572,456774636701154.562500
-0.36279,0.0188,0.055600000000000004,456774636701154.562500
-0.36278,0.0212,0.0572,456774636701154.562500
-0.36277,0.022000000000000002,0.058800000000000005,456774636701154.562500
-0.36275999999999997,0.0204,0.053200000000000004,456774636701154.562500
-0.36275,0.022000000000000002,0.058,456774636701154.562500
-0.36273999999999995,0.0204,0.056400000000000006,456774636701154.562500
-0.36273,0.0212,0.058,456774636701154.562500
-0.36272,0.0212,0.054,456774636701154.562500
-0.36271,0.0212,0.054,456774636701154.562500
-0.3627,0.0188,0.0516,456774636701154.562500
-0.36268999999999996,0.0212,0.056400000000000006,456774636701154.562500
-0.36268,0.0228,0.0572,456774636701154.562500
-0.36267,0.0228,0.055600000000000004,456774636701154.562500
-0.36266,0.0244,0.0572,456774636701154.562500
-0.36265000000000003,0.0228,0.058,456774636701154.562500
-0.36263999999999996,0.0244,0.056400000000000006,456774636701154.562500
-0.36263,0.022000000000000002,0.056400000000000006,456774636701154.562500
-0.36262,0.0252,0.058,456774636701154.562500
-0.36261,0.0204,0.055600000000000004,456774636701154.562500
-0.3626,0.0228,0.0572,456774636701154.562500
-0.36258999999999997,0.0228,0.053200000000000004,456774636701154.562500
-0.36258,0.0236,0.0572,456774636701154.562500
-0.36256999999999995,0.0236,0.0516,456774636701154.562500
-0.36256,0.0236,0.058,456774636701154.562500
-0.36255,0.0228,0.055600000000000004,456774636701154.562500
-0.36254,0.022000000000000002,0.055600000000000004,456774636701154.562500
-0.36253,0.0228,0.058800000000000005,456774636701154.562500
-0.36251999999999995,0.022000000000000002,0.055600000000000004,456774636701154.562500
-0.36251,0.0204,0.058800000000000005,456774636701154.562500
-0.3625,0.0212,0.0572,456774636701154.562500
-0.36249,0.0204,0.0548,456774636701154.562500
-0.36248,0.0228,0.0572,456774636701154.562500
-0.36246999999999996,0.0228,0.0548,456774636701154.562500
-0.36246,0.022000000000000002,0.0572,456774636701154.562500
-0.36245,0.0196,0.0572,456774636701154.562500
-0.36244,0.0236,0.055600000000000004,456774636701154.562500
-0.36243000000000003,0.0188,0.048400000000000006,456774636701154.562500
-0.36241999999999996,0.0212,0.055600000000000004,456774636701154.562500
-0.36241,0.0236,0.0548,456774636701154.562500
-0.3624,0.0228,0.0572,456774636701154.562500
-0.36239,0.0236,0.056400000000000006,456774636701154.562500
-0.36238,0.0236,0.0548,456774636701154.562500
-0.36236999999999997,0.0236,0.0572,456774636701154.562500
-0.36236,0.0228,0.058,456774636701154.562500
-0.36234999999999995,0.0244,0.056400000000000006,456774636701154.562500
-0.36234,0.0244,0.0572,456774636701154.562500
-0.36233,0.0244,0.0572,456774636701154.562500
-0.36232,0.0236,0.048400000000000006,456774636701154.562500
-0.36231,0.0236,0.056400000000000006,456774636701154.562500
-0.36229999999999996,0.022000000000000002,0.0524,456774636701154.562500
-0.36229,0.022000000000000002,0.056400000000000006,456774636701154.562500
-0.36228,0.0204,0.054,456774636701154.562500
-0.36227,0.0228,0.0548,456774636701154.562500
-0.36226,0.022000000000000002,0.058,456774636701154.562500
-0.36224999999999996,0.0228,0.058,456774636701154.562500
-0.36224,0.0228,0.0524,456774636701154.562500
-0.36223,0.0212,0.0548,456774636701154.562500
-0.36222,0.0212,0.058,456774636701154.562500
-0.36221,0.0204,0.054,456774636701154.562500
-0.36219999999999997,0.0236,0.058,456774636701154.562500
-0.36219,0.0196,0.058,456774636701154.562500
-0.36218,0.0228,0.0524,456774636701154.562500
-0.36217,0.0188,0.055600000000000004,456774636701154.562500
-0.36216,0.022000000000000002,0.045200000000000004,456774636701154.562500
-0.36214999999999997,0.018000000000000002,0.0548,456774636701154.562500
-0.36214,0.0212,0.0516,456774636701154.562500
-0.36212999999999995,0.0212,0.054,456774636701154.562500
-0.36212,0.022000000000000002,0.058,456774636701154.562500
-0.36211,0.022000000000000002,0.055600000000000004,456774636701154.562500
-0.3621,0.0236,0.054,456774636701154.562500
-0.36209,0.0244,0.053200000000000004,456774636701154.562500
-0.36207999999999996,0.0228,0.056400000000000006,456774636701154.562500
-0.36207,0.0236,0.056400000000000006,456774636701154.562500
-0.36206,0.0244,0.056400000000000006,456774636701154.562500
-0.36205,0.0228,0.056400000000000006,456774636701154.562500
-0.36204000000000003,0.0228,0.058,456774636701154.562500
-0.36202999999999996,0.022000000000000002,0.056400000000000006,456774636701154.562500
-0.36202,0.022000000000000002,0.058,456774636701154.562500
-0.36201,0.0212,0.0572,456774636701154.562500
-0.362,0.0228,0.0468,456774636701154.562500
-0.36199,0.0228,0.0572,456774636701154.562500
-0.36197999999999997,0.0244,0.0444,456774636701154.562500
-0.36197,0.0228,0.0572,456774636701154.562500
-0.36195999999999995,0.022000000000000002,0.0572,456774636701154.562500
-0.36195,0.0228,0.0524,456774636701154.562500
-0.36194,0.0228,0.058,456774636701154.562500
-0.36193,0.0244,0.050800000000000005,456774636701154.562500
-0.36192,0.0204,0.0572,456774636701154.562500
-0.36190999999999995,0.0228,0.05,456774636701154.562500
-0.3619,0.0236,0.0572,456774636701154.562500
-0.36189,0.0228,0.054,456774636701154.562500
-0.36188,0.0196,0.0572,456774636701154.562500
-0.36187,0.0212,0.050800000000000005,456774636701154.562500
-0.36185999999999996,0.0204,0.0572,456774636701154.562500
-0.36185,0.022000000000000002,0.058,456774636701154.562500
-0.36184,0.0196,0.056400000000000006,456774636701154.562500
-0.36183,0.0212,0.058,456774636701154.562500
-0.36182,0.0228,0.054,456774636701154.562500
-0.36180999999999996,0.0228,0.054,456774636701154.562500
-0.3618,0.0236,0.0572,456774636701154.562500
-0.36179,0.0236,0.0572,456774636701154.562500
-0.36178,0.0228,0.0548,456774636701154.562500
-0.36177,0.0236,0.0572,456774636701154.562500
-0.36175999999999997,0.0228,0.05,456774636701154.562500
-0.36175,0.0236,0.0548,456774636701154.562500
-0.36173999999999995,0.0236,0.055600000000000004,456774636701154.562500
-0.36173,0.0228,0.055600000000000004,456774636701154.562500
-0.36172,0.0236,0.056400000000000006,456774636701154.562500
-0.36171,0.0204,0.053200000000000004,456774636701154.562500
-0.3617,0.022000000000000002,0.0548,456774636701154.562500
-0.36168999999999996,0.022000000000000002,0.054,456774636701154.562500
-0.36168,0.0212,0.0572,456774636701154.562500
-0.36167,0.0236,0.055600000000000004,456774636701154.562500
-0.36166,0.022000000000000002,0.058,456774636701154.562500
-0.36165,0.0236,0.055600000000000004,456774636701154.562500
-0.36163999999999996,0.0228,0.0572,456774636701154.562500
-0.36163,0.022000000000000002,0.0548,456774636701154.562500
-0.36162,0.0228,0.058,456774636701154.562500
-0.36161,0.0228,0.058,456774636701154.562500
-0.3616,0.0204,0.055600000000000004,456774636701154.562500
-0.36158999999999997,0.0212,0.053200000000000004,456774636701154.562500
-0.36158,0.0212,0.0572,456774636701154.562500
-0.36157,0.0196,0.0516,456774636701154.562500
-0.36156,0.0228,0.056400000000000006,456774636701154.562500
-0.36155,0.0204,0.055600000000000004,456774636701154.562500
-0.36154,0.0212,0.058,456774636701154.562500
-0.36153,0.0212,0.0572,456774636701154.562500
-0.36151999999999995,0.0236,0.056400000000000006,456774636701154.562500
-0.36151,0.022000000000000002,0.058800000000000005,456774636701154.562500
-0.3615,0.0228,0.058,456774636701154.562500
-0.36149,0.0244,0.058800000000000005,456774636701154.562500
-0.36148,0.0228,0.056400000000000006,456774636701154.562500
-0.36146999999999996,0.0228,0.0572,456774636701154.562500
-0.36146,0.0244,0.055600000000000004,456774636701154.562500
-0.36145,0.0244,0.0572,456774636701154.562500
-0.36144,0.0236,0.0516,456774636701154.562500
-0.36143000000000003,0.0236,0.0572,456774636701154.562500
-0.36141999999999996,0.022000000000000002,0.0436,456774636701154.562500
-0.36141,0.0236,0.056400000000000006,456774636701154.562500
-0.3614,0.0236,0.050800000000000005,456774636701154.562500
-0.36139,0.0244,0.056400000000000006,456774636701154.562500
-0.36138,0.0228,0.054,456774636701154.562500
-0.36136999999999997,0.0228,0.058,456774636701154.562500
-0.36136,0.0228,0.056400000000000006,456774636701154.562500
-0.36134999999999995,0.0252,0.058,456774636701154.562500
-0.36134,0.0228,0.056400000000000006,456774636701154.562500
-0.36133,0.0236,0.055600000000000004,456774636701154.562500
-0.36132,0.0212,0.0524,456774636701154.562500
-0.36131,0.0212,0.0524,456774636701154.562500
-0.36129999999999995,0.0204,0.0524,456774636701154.562500
-0.36129,0.0196,0.0572,456774636701154.562500
-0.36128,0.0196,0.0572,456774636701154.562500
-0.36127,0.0188,0.0572,456774636701154.562500
-0.36126,0.0212,0.055600000000000004,456774636701154.562500
-0.36124999999999996,0.0204,0.058,456774636701154.562500
-0.36124,0.022000000000000002,0.050800000000000005,456774636701154.562500
-0.36123,0.022000000000000002,0.056400000000000006,456774636701154.562500
-0.36122,0.022000000000000002,0.058,456774636701154.562500
-0.36121,0.022000000000000002,0.056400000000000006,456774636701154.562500
-0.36119999999999997,0.0228,0.0572,456774636701154.562500
-0.36119,0.0228,0.0476,456774636701154.562500
-0.36118,0.022000000000000002,0.056400000000000006,456774636701154.562500
-0.36117,0.0212,0.0524,456774636701154.562500
-0.36116,0.022000000000000002,0.0492,456774636701154.562500
-0.36114999999999997,0.0236,0.0492,456774636701154.562500
-0.36114,0.022000000000000002,0.0476,456774636701154.562500
-0.36112999999999995,0.0236,0.050800000000000005,456774636701154.562500
-0.36112,0.0236,0.0572,456774636701154.562500
-0.36111,0.026000000000000002,0.055600000000000004,456774636701154.562500
-0.3611,0.0212,0.056400000000000006,456774636701154.562500
-0.36109,0.0244,0.058,456774636701154.562500
-0.36107999999999996,0.022000000000000002,0.055600000000000004,456774636701154.562500
-0.36107,0.0228,0.058,456774636701154.562500
-0.36106,0.0236,0.056400000000000006,456774636701154.562500
-0.36105,0.0228,0.056400000000000006,456774636701154.562500
-0.36104,0.0236,0.053200000000000004,456774636701154.562500
-0.36102999999999996,0.0212,0.056400000000000006,456774636701154.562500
-0.36102,0.0212,0.054,456774636701154.562500
-0.36101,0.0212,0.056400000000000006,456774636701154.562500
-0.361,0.022000000000000002,0.058,456774636701154.562500
-0.36099,0.0212,0.058,456774636701154.562500
-0.36097999999999997,0.0228,0.058,456774636701154.562500
-0.36097,0.0228,0.055600000000000004,456774636701154.562500
-0.36095999999999995,0.0204,0.058,456774636701154.562500
-0.36095,0.0212,0.0572,456774636701154.562500
-0.36094,0.022000000000000002,0.055600000000000004,456774636701154.562500
-0.36093,0.022000000000000002,0.054,456774636701154.562500
-0.36092,0.0212,0.058,456774636701154.562500
-0.36090999999999995,0.022000000000000002,0.048400000000000006,456774636701154.562500
-0.3609,0.022000000000000002,0.056400000000000006,456774636701154.562500
-0.36089,0.0212,0.058,456774636701154.562500
-0.36088,0.022000000000000002,0.0572,456774636701154.562500
-0.36087,0.022000000000000002,0.0572,456774636701154.562500
-0.36085999999999996,0.0244,0.046,456774636701154.562500
-0.36085,0.0196,0.056400000000000006,456774636701154.562500
-0.36084,0.0236,0.058,456774636701154.562500
-0.36083,0.0204,0.0572,456774636701154.562500
-0.36082000000000003,0.0228,0.0572,456774636701154.562500
-0.36080999999999996,0.0236,0.0572,456774636701154.562500
-0.3608,0.0252,0.055600000000000004,456774636701154.562500
-0.36079,0.0228,0.0572,456774636701154.562500
-0.36078,0.0244,0.055600000000000004,456774636701154.562500
-0.36077,0.0236,0.056400000000000006,456774636701154.562500
-0.36075999999999997,0.022000000000000002,0.056400000000000006,456774636701154.562500
-0.36075,0.0244,0.0572,456774636701154.562500
-0.36073999999999995,0.0236,0.0572,456774636701154.562500
-0.36073,0.0212,0.058,456774636701154.562500
-0.36072,0.022000000000000002,0.055600000000000004,456774636701154.562500
-0.36071,0.0228,0.055600000000000004,456774636701154.562500
-0.3607,0.0212,0.0572,456774636701154.562500
-0.36068999999999996,0.0204,0.0548,456774636701154.562500
-0.36068,0.0228,0.055600000000000004,456774636701154.562500
-0.36067,0.022000000000000002,0.0572,456774636701154.562500
-0.36066,0.0212,0.058800000000000005,456774636701154.562500
-0.36065,0.0196,0.058,456774636701154.562500
-0.36063999999999996,0.022000000000000002,0.0572,456774636701154.562500
-0.36063,0.0228,0.058,456774636701154.562500
-0.36062,0.0228,0.050800000000000005,456774636701154.562500
-0.36061,0.022000000000000002,0.0572,456774636701154.562500
-0.3606,0.0212,0.056400000000000006,456774636701154.562500
-0.36058999999999997,0.0236,0.055600000000000004,456774636701154.562500
-0.36058,0.022000000000000002,0.056400000000000006,456774636701154.562500
-0.36057,0.0244,0.0572,456774636701154.562500
-0.36056,0.0228,0.053200000000000004,456774636701154.562500
-0.36055,0.0236,0.056400000000000006,456774636701154.562500
-0.36053999999999997,0.0212,0.055600000000000004,456774636701154.562500
-0.36053,0.0236,0.054,456774636701154.562500
-0.36051999999999995,0.018000000000000002,0.058,456774636701154.562500
-0.36051,0.0228,0.054,456774636701154.562500
-0.3605,0.0252,0.0572,456774636701154.562500
-0.36049,0.0244,0.056400000000000006,456774636701154.562500
-0.36048,0.0236,0.055600000000000004,456774636701154.562500
-0.36046999999999996,0.026000000000000002,0.055600000000000004,456774636701154.562500
-0.36046,0.0236,0.0548,456774636701154.562500
-0.36045,0.0244,0.056400000000000006,456774636701154.562500
-0.36044,0.0228,0.0444,456774636701154.562500
-0.36043000000000003,0.022000000000000002,0.050800000000000005,456774636701154.562500
-0.36041999999999996,0.0212,0.0524,456774636701154.562500
-0.36041,0.0204,0.055600000000000004,456774636701154.562500
-0.3604,0.022000000000000002,0.058,456774636701154.562500
-0.36039,0.022000000000000002,0.056400000000000006,456774636701154.562500
-0.36038,0.0212,0.058800000000000005,456774636701154.562500
-0.36036999999999997,0.0196,0.0572,456774636701154.562500
-0.36036,0.0204,0.058800000000000005,456774636701154.562500
-0.36034999999999995,0.022000000000000002,0.0572,456774636701154.562500
-0.36034,0.0212,0.0548,456774636701154.562500
-0.36033,0.0212,0.056400000000000006,456774636701154.562500
-0.36032,0.0212,0.055600000000000004,456774636701154.562500
-0.36031,0.018000000000000002,0.050800000000000005,456774636701154.562500
-0.36029999999999995,0.0236,0.056400000000000006,456774636701154.562500
-0.36029,0.0244,0.056400000000000006,456774636701154.562500
-0.36028,0.0228,0.058,456774636701154.562500
-0.36027,0.0212,0.056400000000000006,456774636701154.562500
-0.36026,0.022000000000000002,0.056400000000000006,456774636701154.562500
-0.36024999999999996,0.0236,0.050800000000000005,456774636701154.562500
-0.36024,0.0228,0.0548,456774636701154.562500
-0.36023,0.0236,0.0524,456774636701154.562500
-0.36022,0.0228,0.0572,456774636701154.562500
-0.36021000000000003,0.0252,0.0524,456774636701154.562500
-0.36019999999999996,0.0228,0.0516,456774636701154.562500
-0.36019,0.0252,0.0572,456774636701154.562500
-0.36018,0.0236,0.056400000000000006,456774636701154.562500
-0.36017,0.0244,0.0572,456774636701154.562500
-0.36016,0.0236,0.058800000000000005,456774636701154.562500
-0.36014999999999997,0.0212,0.0524,456774636701154.562500
-0.36014,0.022000000000000002,0.056400000000000006,456774636701154.562500
-0.36012999999999995,0.0196,0.0596,456774636701154.562500
-0.36012,0.0212,0.056400000000000006,456774636701154.562500
-0.36011,0.0212,0.056400000000000006,456774636701154.562500
-0.3601,0.0204,0.0572,456774636701154.562500
-0.36009,0.0228,0.056400000000000006,456774636701154.562500
-0.36007999999999996,0.0236,0.0572,456774636701154.562500
-0.36007,0.0188,0.0572,456774636701154.562500
-0.36006,0.0196,0.055600000000000004,456774636701154.562500
-0.36005,0.0172,0.0572,456774636701154.562500
-0.36004,0.0196,0.0572,456774636701154.562500
-0.36002999999999996,0.022000000000000002,0.0548,456774636701154.562500
-0.36002,0.0212,0.056400000000000006,456774636701154.562500
-0.36001,0.022000000000000002,0.055600000000000004,456774636701154.562500
-0.36,0.022000000000000002,0.0548,456774636701154.562500
-0.35999,0.022000000000000002,0.0572,456774636701154.562500
-0.35997999999999997,0.022000000000000002,0.054,456774636701154.562500
-0.35997,0.0228,0.055600000000000004,456774636701154.562500
-0.35996,0.0236,0.0572,456774636701154.562500
-0.35995,0.0228,0.0548,456774636701154.562500
-0.35994,0.0244,0.0572,456774636701154.562500
-0.35992999999999997,0.0236,0.058,456774636701154.562500
-0.35992,0.0244,0.055600000000000004,456774636701154.562500
-0.35990999999999995,0.0236,0.0572,456774636701154.562500
-0.3599,0.026000000000000002,0.0524,456774636701154.562500
-0.35989,0.0244,0.056400000000000006,456774636701154.562500
-0.35988,0.0244,0.054,456774636701154.562500
-0.35987,0.0252,0.058,456774636701154.562500
-0.35985999999999996,0.0236,0.053200000000000004,456774636701154.562500
-0.35985,0.0228,0.058800000000000005,456774636701154.562500
-0.35984,0.0236,0.0572,456774636701154.562500
-0.35983,0.0228,0.058,456774636701154.562500
-0.35982000000000003,0.0204,0.055600000000000004,456774636701154.562500
-0.35980999999999996,0.0212,0.0572,456774636701154.562500
-0.3598,0.022000000000000002,0.0572,456774636701154.562500
-0.35979,0.0236,0.0572,456774636701154.562500
-0.35978,0.0212,0.058,456774636701154.562500
-0.35977,0.0212,0.058,456774636701154.562500
-0.35975999999999997,0.0228,0.056400000000000006,456774636701154.562500
-0.35975,0.022000000000000002,0.056400000000000006,456774636701154.562500
-0.35973999999999995,0.0228,0.0548,456774636701154.562500
-0.35973,0.022000000000000002,0.056400000000000006,456774636701154.562500
-0.35972,0.0212,0.054,456774636701154.562500
-0.35971,0.022000000000000002,0.055600000000000004,456774636701154.562500
-0.3597,0.0212,0.055600000000000004,456774636701154.562500
-0.35968999999999995,0.0212,0.0548,456774636701154.562500
-0.35968,0.0228,0.0548,456774636701154.562500
-0.35967,0.0236,0.058,456774636701154.562500
-0.35966,0.022000000000000002,0.056400000000000006,456774636701154.562500
-0.35965,0.0204,0.0572,456774636701154.562500
-0.35963999999999996,0.0204,0.056400000000000006,456774636701154.562500
-0.35963,0.022000000000000002,0.0548,456774636701154.562500
-0.35962,0.0244,0.056400000000000006,456774636701154.562500
-0.35961,0.022000000000000002,0.0572,456774636701154.562500
-0.3596,0.022000000000000002,0.050800000000000005,456774636701154.562500
-0.35958999999999997,0.0228,0.058,456774636701154.562500
-0.35958,0.0236,0.0572,456774636701154.562500
-0.35957,0.0244,0.0548,456774636701154.562500
-0.35956,0.022000000000000002,0.055600000000000004,456774636701154.562500
-0.35955,0.0228,0.0572,456774636701154.562500
-0.35953999999999997,0.0204,0.056400000000000006,456774636701154.562500
-0.35953,0.0236,0.0516,456774636701154.562500
-0.35951999999999995,0.022000000000000002,0.054,456774636701154.562500
-0.35951,0.0228,0.055600000000000004,456774636701154.562500
-0.3595,0.022000000000000002,0.0572,456774636701154.562500
-0.35949,0.0204,0.056400000000000006,456774636701154.562500
-0.35948,0.0228,0.056400000000000006,456774636701154.562500
-0.35946999999999996,0.022000000000000002,0.058,456774636701154.562500
-0.35946,0.0228,0.0548,456774636701154.562500
-0.35945,0.0212,0.056400000000000006,456774636701154.562500
-0.35944,0.022000000000000002,0.0492,456774636701154.562500
-0.35943,0.022000000000000002,0.058,456774636701154.562500
-0.35941999999999996,0.0228,0.055600000000000004,456774636701154.562500
-0.35941,0.0236,0.0572,456774636701154.562500
-0.3594,0.022000000000000002,0.056400000000000006,456774636701154.562500
-0.35939,0.0228,0.0572,456774636701154.562500
-0.35938,0.0212,0.058,456774636701154.562500
-0.35936999999999997,0.022000000000000002,0.058,456774636701154.562500
-0.35936,0.0228,0.055600000000000004,456774636701154.562500
-0.35934999999999995,0.022000000000000002,0.056400000000000006,456774636701154.562500
-0.35934,0.0212,0.0572,456774636701154.562500
-0.35933,0.022000000000000002,0.0572,456774636701154.562500
-0.35932,0.0204,0.054,456774636701154.562500
-0.35931,0.0244,0.0572,456774636701154.562500
-0.35929999999999995,0.018000000000000002,0.0572,456774636701154.562500
-0.35929,0.0236,0.055600000000000004,456774636701154.562500
-0.35928,0.0212,0.056400000000000006,456774636701154.562500
-0.35927,0.0236,0.0572,456774636701154.562500
-0.35926,0.022000000000000002,0.0548,456774636701154.562500
-0.35924999999999996,0.0244,0.056400000000000006,456774636701154.562500
-0.35924,0.022000000000000002,0.056400000000000006,456774636701154.562500
-0.35923,0.022000000000000002,0.0548,456774636701154.562500
-0.35922,0.0204,0.0572,456774636701154.562500
-0.35921000000000003,0.015600000000000001,0.056400000000000006,456774636701154.562500
-0.35919999999999996,0.022000000000000002,0.0516,456774636701154.562500
-0.35919,0.0228,0.053200000000000004,456774636701154.562500
-0.35918,0.0204,0.054,456774636701154.562500
-0.35917,0.022000000000000002,0.0572,456774636701154.562500
-0.35916,0.0236,0.054,456774636701154.562500
-0.35914999999999997,0.022000000000000002,0.055600000000000004,456774636701154.562500
-0.35914,0.0228,0.058,456774636701154.562500
-0.35912999999999995,0.022000000000000002,0.0548,456774636701154.562500
-0.35912,0.022000000000000002,0.055600000000000004,456774636701154.562500
-0.35911,0.0212,0.055600000000000004,456774636701154.562500
-0.3591,0.022000000000000002,0.0548,456774636701154.562500
-0.35909,0.0188,0.058,456774636701154.562500
-0.35907999999999995,0.0212,0.058,456774636701154.562500
-0.35907,0.0212,0.0524,456774636701154.562500
-0.35906,0.022000000000000002,0.058,456774636701154.562500
-0.35905,0.0204,0.058,456774636701154.562500
-0.35904,0.0228,0.055600000000000004,456774636701154.562500
-0.35902999999999996,0.0236,0.0572,456774636701154.562500
-0.35902,0.022000000000000002,0.054,456774636701154.562500
-0.35901,0.0236,0.055600000000000004,456774636701154.562500
-0.359,0.0228,0.0548,456774636701154.562500
-0.35899,0.0228,0.054,456774636701154.562500
-0.35897999999999997,0.0236,0.0476,456774636701154.562500
-0.35897,0.0244,0.0572,456774636701154.562500
-0.35896,0.0236,0.053200000000000004,456774636701154.562500
-0.35895,0.0236,0.0548,456774636701154.562500
-0.35894,0.0228,0.056400000000000006,456774636701154.562500
-0.35892999999999997,0.0212,0.054,456774636701154.562500
-0.35892,0.0236,0.056400000000000006,456774636701154.562500
-0.35890999999999995,0.022000000000000002,0.058,456774636701154.562500
-0.3589,0.0236,0.056400000000000006,456774636701154.562500
-0.35889,0.022000000000000002,0.0548,456774636701154.562500
-0.35888,0.0244,0.058800000000000005,456774636701154.562500
-0.35887,0.0212,0.058,456774636701154.562500
-0.35885999999999996,0.0228,0.0548,456774636701154.562500
-0.35885,0.022000000000000002,0.0572,456774636701154.562500
-0.35884,0.022000000000000002,0.0548,456774636701154.562500
-0.35883,0.0204,0.055600000000000004,456774636701154.562500
-0.35882000000000003,0.0228,0.05,456774636701154.562500
-0.35880999999999996,0.0212,0.058,456774636701154.562500
-0.3588,0.0212,0.0516,456774636701154.562500
-0.35879,0.018000000000000002,0.050800000000000005,456774636701154.562500
-0.35878,0.0172,0.0524,456774636701154.562500
-0.35877,0.014,0.055600000000000004,456774636701154.562500
-0.35875999999999997,0.0148,0.0572,456774636701154.562500
-0.35875,0.0164,0.0572,456774636701154.562500
-0.35873999999999995,0.0204,0.055600000000000004,456774636701154.562500
-0.35873,0.018000000000000002,0.0572,456774636701154.562500
-0.35872,0.0212,0.0572,456774636701154.562500
-0.35871,0.0236,0.0516,456774636701154.562500
-0.3587,0.0236,0.0492,456774636701154.562500
-0.35868999999999995,0.0236,0.0516,456774636701154.562500
-0.35868,0.0244,0.0444,456774636701154.562500
-0.35867,0.0236,0.0476,456774636701154.562500
-0.35866,0.0236,0.0492,456774636701154.562500
-0.35865,0.0244,0.05,456774636701154.562500
-0.35863999999999996,0.0236,0.048400000000000006,456774636701154.562500
-0.35863,0.0244,0.050800000000000005,456774636701154.562500
-0.35862,0.0228,0.048400000000000006,456774636701154.562500
-0.35861,0.0228,0.0572,456774636701154.562500
-0.35860000000000003,0.0252,0.050800000000000005,456774636701154.562500
-0.35858999999999996,0.022000000000000002,0.0524,456774636701154.562500
-0.35858,0.022000000000000002,0.0516,456774636701154.562500
-0.35857,0.0228,0.058,456774636701154.562500
-0.35856,0.0212,0.0572,456774636701154.562500
-0.35855,0.022000000000000002,0.053200000000000004,456774636701154.562500
-0.35853999999999997,0.0204,0.058,456774636701154.562500
-0.35853,0.022000000000000002,0.0492,456774636701154.562500
-0.35851999999999995,0.0196,0.0572,456774636701154.562500
-0.35851,0.0212,0.0572,456774636701154.562500
-0.3585,0.0196,0.058,456774636701154.562500
-0.35849,0.0148,0.055600000000000004,456774636701154.562500
-0.35848,0.0196,0.048400000000000006,456774636701154.562500
-0.35846999999999996,0.0244,0.0524,456774636701154.562500
-0.35846,0.022000000000000002,0.0548,456774636701154.562500
-0.35845,0.022000000000000002,0.056400000000000006,456774636701154.562500
-0.35844,0.0212,0.056400000000000006,456774636701154.562500
-0.35843,0.0236,0.058,456774636701154.562500
-0.35841999999999996,0.0236,0.056400000000000006,456774636701154.562500
-0.35841,0.0236,0.0572,456774636701154.562500
-0.3584,0.022000000000000002,0.056400000000000006,456774636701154.562500
-0.35839,0.0196,0.0572,456774636701154.562500
-0.35838,0.0204,0.056400000000000006,456774636701154.562500
-0.35836999999999997,0.0196,0.0572,456774636701154.562500
-0.35836,0.0228,0.0596,456774636701154.562500
-0.35835,0.0188,0.0572,456774636701154.562500
-0.35834,0.0204,0.058,456774636701154.562500
-0.35833,0.0228,0.0572,456774636701154.562500
-0.35831999999999997,0.0236,0.054,456774636701154.562500
-0.35831,0.0236,0.0548,456774636701154.562500
-0.35829999999999995,0.022000000000000002,0.053200000000000004,456774636701154.562500
-0.35829,0.0228,0.055600000000000004,456774636701154.562500
-0.35828,0.0204,0.054,456774636701154.562500
-0.35827,0.0204,0.0572,456774636701154.562500
-0.35826,0.0212,0.056400000000000006,456774636701154.562500
-0.35824999999999996,0.0212,0.054,456774636701154.562500
-0.35824,0.0196,0.056400000000000006,456774636701154.562500
-0.35823,0.0212,0.058,456774636701154.562500
-0.35822,0.0212,0.053200000000000004,456774636701154.562500
-0.35821000000000003,0.0212,0.058800000000000005,456774636701154.562500
-0.35819999999999996,0.0196,0.0572,456774636701154.562500
-0.35819,0.0196,0.0572,456774636701154.562500
-0.35818,0.0164,0.058,456774636701154.562500
-0.35817,0.0196,0.056400000000000006,456774636701154.562500
-0.35816,0.0196,0.048400000000000006,456774636701154.562500
-0.35814999999999997,0.0212,0.056400000000000006,456774636701154.562500
-0.35814,0.014,0.055600000000000004,456774636701154.562500
-0.35812999999999995,0.0196,0.0572,456774636701154.562500
-0.35812,0.0196,0.0572,456774636701154.562500
-0.35811,0.0244,0.055600000000000004,456774636701154.562500
-0.3581,0.0244,0.0572,456774636701154.562500
-0.35809,0.0236,0.0572,456774636701154.562500
-0.35807999999999995,0.0252,0.0572,456774636701154.562500
-0.35807,0.0244,0.058800000000000005,456774636701154.562500
-0.35806,0.0236,0.058,456774636701154.562500
-0.35805,0.022000000000000002,0.0572,456774636701154.562500
-0.35804,0.0228,0.054,456774636701154.562500
-0.35802999999999996,0.0196,0.056400000000000006,456774636701154.562500
-0.35802,0.0204,0.0524,456774636701154.562500
-0.35801,0.022000000000000002,0.0516,456774636701154.562500
-0.358,0.018000000000000002,0.0468,456774636701154.562500
-0.35799,0.0204,0.053200000000000004,456774636701154.562500
-0.35797999999999996,0.0212,0.0548,456774636701154.562500
-0.35797,0.0236,0.055600000000000004,456774636701154.562500
-0.35796,0.0188,0.054,456774636701154.562500
-0.35795,0.0228,0.0572,456774636701154.562500
-0.35794,0.0228,0.0572,456774636701154.562500
-0.35792999999999997,0.0228,0.058,456774636701154.562500
-0.35792,0.0212,0.0548,456774636701154.562500
-0.35790999999999995,0.022000000000000002,0.056400000000000006,456774636701154.562500
-0.3579,0.0196,0.056400000000000006,456774636701154.562500
-0.35789,0.022000000000000002,0.056400000000000006,456774636701154.562500
-0.35788,0.0204,0.0572,456774636701154.562500
-0.35787,0.0228,0.0572,456774636701154.562500
-0.35785999999999996,0.0196,0.0572,456774636701154.562500
-0.35785,0.018000000000000002,0.056400000000000006,456774636701154.562500
-0.35784,0.0188,0.058,456774636701154.562500
-0.35783,0.022000000000000002,0.0572,456774636701154.562500
-0.35782,0.0212,0.058,456774636701154.562500
-0.35780999999999996,0.0236,0.056400000000000006,456774636701154.562500
-0.3578,0.0236,0.0572,456774636701154.562500
-0.35779,0.0196,0.0572,456774636701154.562500
-0.35778,0.0236,0.056400000000000006,456774636701154.562500
-0.35777,0.0228,0.0572,456774636701154.562500
-0.35775999999999997,0.0196,0.056400000000000006,456774636701154.562500
-0.35775,0.0204,0.056400000000000006,456774636701154.562500
-0.35773999999999995,0.022000000000000002,0.056400000000000006,456774636701154.562500
-0.35773,0.0212,0.0492,456774636701154.562500
-0.35772,0.0204,0.055600000000000004,456774636701154.562500
-0.35771,0.0204,0.0492,456774636701154.562500
-0.3577,0.0244,0.046,456774636701154.562500
-0.35768999999999995,0.022000000000000002,0.0516,456774636701154.562500
-0.35768,0.0196,0.0516,456774636701154.562500
-0.35767,0.0212,0.0492,456774636701154.562500
-0.35766,0.0212,0.048400000000000006,456774636701154.562500
-0.35765,0.0228,0.0476,456774636701154.562500
-0.35763999999999996,0.0228,0.045200000000000004,456774636701154.562500
-0.35763,0.022000000000000002,0.0516,456774636701154.562500
-0.35762,0.022000000000000002,0.0548,456774636701154.562500
-0.35761,0.0212,0.0548,456774636701154.562500
-0.35760000000000003,0.0228,0.056400000000000006,456774636701154.562500
-0.35758999999999996,0.022000000000000002,0.056400000000000006,456774636701154.562500
-0.35758,0.022000000000000002,0.0524,456774636701154.562500
-0.35757,0.0212,0.056400000000000006,456774636701154.562500
-0.35756,0.0204,0.0524,456774636701154.562500
-0.35755,0.0188,0.056400000000000006,456774636701154.562500
-0.35753999999999997,0.0204,0.0516,456774636701154.562500
-0.35753,0.0196,0.0436,456774636701154.562500
-0.35751999999999995,0.022000000000000002,0.045200000000000004,456774636701154.562500
-0.35751,0.0228,0.050800000000000005,456774636701154.562500
-0.3575,0.0228,0.0572,456774636701154.562500
-0.35749,0.022000000000000002,0.056400000000000006,456774636701154.562500
-0.35748,0.0236,0.0572,456774636701154.562500
-0.35746999999999995,0.0244,0.0548,456774636701154.562500
-0.35746,0.0236,0.054,456774636701154.562500
-0.35745,0.0236,0.055600000000000004,456774636701154.562500
-0.35744,0.0244,0.055600000000000004,456774636701154.562500
-0.35743,0.0236,0.058,456774636701154.562500
-0.35741999999999996,0.0236,0.055600000000000004,456774636701154.562500
-0.35741,0.0244,0.0548,456774636701154.562500
-0.3574,0.0228,0.0572,456774636701154.562500
-0.35739,0.0236,0.0548,456774636701154.562500
-0.35738,0.022000000000000002,0.055600000000000004,456774636701154.562500
-0.35736999999999997,0.0244,0.055600000000000004,456774636701154.562500
-0.35736,0.0236,0.0572,456774636701154.562500
-0.35735,0.0212,0.055600000000000004,456774636701154.562500
-0.35734,0.0212,0.0548,456774636701154.562500
-0.35733,0.0204,0.0572,456774636701154.562500
-0.35731999999999997,0.022000000000000002,0.053200000000000004,456774636701154.562500
-0.35731,0.0212,0.058,456774636701154.562500
-0.35729999999999995,0.0228,0.058800000000000005,456774636701154.562500
-0.35729,0.0188,0.058,456774636701154.562500
-0.35728,0.0196,0.0572,456774636701154.562500
-0.35727,0.0212,0.0548,456774636701154.562500
-0.35726,0.022000000000000002,0.0444,456774636701154.562500
-0.35724999999999996,0.0236,0.056400000000000006,456774636701154.562500
-0.35724,0.022000000000000002,0.0572,456774636701154.562500
-0.35723,0.0228,0.058,456774636701154.562500
-0.35722,0.0236,0.054,456774636701154.562500
-0.35721,0.0212,0.055600000000000004,456774636701154.562500
-0.35719999999999996,0.0228,0.055600000000000004,456774636701154.562500
-0.35719,0.0212,0.058,456774636701154.562500
-0.35718,0.0236,0.0548,456774636701154.562500
-0.35717,0.0236,0.0572,456774636701154.562500
-0.35716,0.0244,0.0572,456774636701154.562500
-0.35714999999999997,0.0228,0.055600000000000004,456774636701154.562500
-0.35714,0.0236,0.056400000000000006,456774636701154.562500
-0.35712999999999995,0.0244,0.055600000000000004,456774636701154.562500
-0.35712,0.022000000000000002,0.058,456774636701154.562500
-0.35711,0.0228,0.055600000000000004,456774636701154.562500
-0.3571,0.0212,0.0572,456774636701154.562500
-0.35709,0.0228,0.0548,456774636701154.562500
-0.35707999999999995,0.0204,0.055600000000000004,456774636701154.562500
-0.35707,0.022000000000000002,0.054,456774636701154.562500
-0.35706,0.0236,0.056400000000000006,456774636701154.562500
-0.35705,0.022000000000000002,0.054,456774636701154.562500
-0.35704,0.0212,0.056400000000000006,456774636701154.562500
-0.35702999999999996,0.0212,0.054,456774636701154.562500
-0.35702,0.0236,0.0572,456774636701154.562500
-0.35701,0.022000000000000002,0.055600000000000004,456774636701154.562500
-0.357,0.0204,0.0572,456774636701154.562500
-0.35699000000000003,0.0212,0.055600000000000004,456774636701154.562500
-0.35697999999999996,0.0212,0.0548,456774636701154.562500
-0.35697,0.0212,0.053200000000000004,456774636701154.562500
-0.35696,0.0196,0.0548,456774636701154.562500
-0.35695,0.0196,0.055600000000000004,456774636701154.562500
-0.35694,0.022000000000000002,0.054,456774636701154.562500
-0.35692999999999997,0.0212,0.053200000000000004,456774636701154.562500
-0.35692,0.022000000000000002,0.054,456774636701154.562500
-0.35690999999999995,0.022000000000000002,0.058,456774636701154.562500
-0.3569,0.0212,0.0548,456774636701154.562500
-0.35689,0.0236,0.054,456774636701154.562500
-0.35688,0.0244,0.0548,456774636701154.562500
-0.35687,0.0228,0.055600000000000004,456774636701154.562500
-0.35685999999999996,0.0236,0.056400000000000006,456774636701154.562500
-0.35685,0.0236,0.056400000000000006,456774636701154.562500
-0.35684,0.0244,0.0572,456774636701154.562500
-0.35683,0.0244,0.056400000000000006,456774636701154.562500
-0.35682,0.0228,0.056400000000000006,456774636701154.562500
-0.35680999999999996,0.0228,0.054,456774636701154.562500
-0.3568,0.0212,0.058,456774636701154.562500
-0.35679,0.022000000000000002,0.058,456774636701154.562500
-0.35678,0.018000000000000002,0.056400000000000006,456774636701154.562500
-0.35677,0.022000000000000002,0.054,456774636701154.562500
-0.35675999999999997,0.018000000000000002,0.058,456774636701154.562500
-0.35675,0.0236,0.056400000000000006,456774636701154.562500
-0.35674,0.0196,0.053200000000000004,456774636701154.562500
-0.35673,0.0228,0.0572,456774636701154.562500
-0.35672,0.0236,0.058,456774636701154.562500
-0.35670999999999997,0.022000000000000002,0.0572,456774636701154.562500
-0.3567,0.022000000000000002,0.054,456774636701154.562500
-0.35668999999999995,0.0204,0.056400000000000006,456774636701154.562500
-0.35668,0.0204,0.054,456774636701154.562500
-0.35667,0.0196,0.056400000000000006,456774636701154.562500
-0.35666,0.0212,0.054,456774636701154.562500
-0.35665,0.0196,0.056400000000000006,456774636701154.562500
-0.35663999999999996,0.022000000000000002,0.054,456774636701154.562500
-0.35663,0.0212,0.0572,456774636701154.562500
-0.35662,0.022000000000000002,0.05,456774636701154.562500
-0.35661,0.0228,0.054,456774636701154.562500
-0.35660000000000003,0.022000000000000002,0.046,456774636701154.562500
-0.35658999999999996,0.0236,0.0468,456774636701154.562500
-0.35658,0.0228,0.042,456774636701154.562500
-0.35657,0.022000000000000002,0.0548,456774636701154.562500
-0.35656,0.0236,0.0492,456774636701154.562500
-0.35655,0.0236,0.050800000000000005,456774636701154.562500
-0.35653999999999997,0.0228,0.0396,456774636701154.562500
-0.35653,0.0236,0.0524,456774636701154.562500
-0.35651999999999995,0.0244,0.048400000000000006,456774636701154.562500
-0.35651,0.0244,0.055600000000000004,456774636701154.562500
-0.3565,0.0228,0.0492,456774636701154.562500
-0.35649,0.0244,0.058800000000000005,456774636701154.562500
-0.35648,0.0236,0.0548,456774636701154.562500
-0.35646999999999995,0.0228,0.056400000000000006,456774636701154.562500
-0.35646,0.0236,0.0548,456774636701154.562500
-0.35645,0.022000000000000002,0.0548,456774636701154.562500
-0.35644,0.0212,0.054,456774636701154.562500
-0.35643,0.022000000000000002,0.056400000000000006,456774636701154.562500
-0.35641999999999996,0.022000000000000002,0.0492,456774636701154.562500
-0.35641,0.022000000000000002,0.0516,456774636701154.562500
-0.3564,0.0212,0.053200000000000004,456774636701154.562500
-0.35639,0.0212,0.056400000000000006,456774636701154.562500
-0.35638,0.022000000000000002,0.05,456774636701154.562500
-0.35636999999999996,0.022000000000000002,0.055600000000000004,456774636701154.562500
-0.35636,0.022000000000000002,0.056400000000000006,456774636701154.562500
-0.35635,0.022000000000000002,0.0444,456774636701154.562500
-0.35634,0.0212,0.054,456774636701154.562500
-0.35633,0.0204,0.0548,456774636701154.562500
-0.35631999999999997,0.022000000000000002,0.0516,456774636701154.562500
-0.35631,0.0228,0.056400000000000006,456774636701154.562500
-0.35629999999999995,0.022000000000000002,0.056400000000000006,456774636701154.562500
-0.35629,0.0228,0.058,456774636701154.562500
-0.35628,0.0228,0.0572,456774636701154.562500
-0.35627,0.0252,0.0572,456774636701154.562500
-0.35626,0.0204,0.0572,456774636701154.562500
-0.35624999999999996,0.0196,0.056400000000000006,456774636701154.562500
-0.35624,0.0188,0.058,456774636701154.562500
-0.35623,0.0132,0.058,456774636701154.562500
-0.35622,0.014,0.0572,456774636701154.562500
-0.35621,0.0132,0.055600000000000004,456774636701154.562500
-0.35619999999999996,0.0236,0.0572,456774636701154.562500
-0.35619,0.022000000000000002,0.058,456774636701154.562500
-0.35618,0.022000000000000002,0.050800000000000005,456774636701154.562500
-0.35617,0.0228,0.0524,456774636701154.562500
-0.35616,0.0228,0.0476,456774636701154.562500
-0.35614999999999997,0.022000000000000002,0.053200000000000004,456774636701154.562500
-0.35614,0.022000000000000002,0.0476,456774636701154.562500
-0.35612999999999995,0.022000000000000002,0.0516,456774636701154.562500
-0.35612,0.0236,0.042800000000000005,456774636701154.562500
-0.35611,0.022000000000000002,0.0476,456774636701154.562500
-0.35609999999999997,0.0228,0.0516,456774636701154.562500
-0.35609,0.0212,0.05,456774636701154.562500
-0.35607999999999995,0.0236,0.045200000000000004,456774636701154.562500
-0.35607,0.018000000000000002,0.0476,456774636701154.562500
-0.35606,0.0204,0.0476,456774636701154.562500
-0.35605,0.022000000000000002,0.056400000000000006,456774636701154.562500
-0.35604,0.022000000000000002,0.0572,456774636701154.562500
-0.35602999999999996,0.022000000000000002,0.056400000000000006,456774636701154.562500
-0.35602,0.0228,0.055600000000000004,456774636701154.562500
-0.35601,0.022000000000000002,0.056400000000000006,456774636701154.562500
-0.356,0.0228,0.058,456774636701154.562500
-0.35599000000000003,0.0204,0.0516,456774636701154.562500
-0.35597999999999996,0.022000000000000002,0.0572,456774636701154.562500
-0.35597,0.0204,0.055600000000000004,456774636701154.562500
-0.35596,0.0236,0.055600000000000004,456774636701154.562500
-0.35595,0.0244,0.054,456774636701154.562500
-0.35594,0.026000000000000002,0.0572,456774636701154.562500
-0.35592999999999997,0.0252,0.056400000000000006,456774636701154.562500
-0.35592,0.0252,0.058,456774636701154.562500
-0.35590999999999995,0.0236,0.054,456774636701154.562500
-0.3559,0.0236,0.054,456774636701154.562500
-0.35589,0.0236,0.0548,456774636701154.562500
-0.35588,0.0212,0.0548,456774636701154.562500
-0.35587,0.022000000000000002,0.0572,456774636701154.562500
-0.35585999999999995,0.0244,0.056400000000000006,456774636701154.562500
-0.35585,0.0148,0.055600000000000004,456774636701154.562500
-0.35584,0.0212,0.055600000000000004,456774636701154.562500
-0.35583,0.0172,0.0572,456774636701154.562500
-0.35582,0.0204,0.055600000000000004,456774636701154.562500
-0.35580999999999996,0.0172,0.056400000000000006,456774636701154.562500
-0.3558,0.022000000000000002,0.0548,456774636701154.562500
-0.35579,0.022000000000000002,0.050800000000000005,456774636701154.562500
-0.35578,0.022000000000000002,0.046,456774636701154.562500
-0.35577,0.0204,0.042800000000000005,456774636701154.562500
-0.35575999999999997,0.0212,0.0516,456774636701154.562500
-0.35575,0.0164,0.056400000000000006,456774636701154.562500
-0.35574,0.0236,0.050800000000000005,456774636701154.562500
-0.35573,0.018000000000000002,0.054,456774636701154.562500
-0.35572,0.0212,0.0492,456774636701154.562500
-0.35570999999999997,0.0212,0.0572,456774636701154.562500
-0.3557,0.022000000000000002,0.056400000000000006,456774636701154.562500
-0.35568999999999995,0.022000000000000002,0.056400000000000006,456774636701154.562500
-0.35568,0.022000000000000002,0.056400000000000006,456774636701154.562500
-0.35567,0.0244,0.05,456774636701154.562500
-0.35566,0.0236,0.0516,456774636701154.562500
-0.35565,0.0252,0.053200000000000004,456774636701154.562500
-0.35563999999999996,0.0252,0.056400000000000006,456774636701154.562500
-0.35563,0.0228,0.055600000000000004,456774636701154.562500
-0.35562,0.0236,0.045200000000000004,456774636701154.562500
-0.35561,0.0236,0.0436,456774636701154.562500
-0.3556,0.0236,0.05,456774636701154.562500
-0.35558999999999996,0.0236,0.0516,456774636701154.562500
-0.35558,0.022000000000000002,0.054,456774636701154.562500
-0.35557,0.0212,0.045200000000000004,456774636701154.562500
-0.35556,0.0236,0.0436,456774636701154.562500
-0.35555,0.022000000000000002,0.0492,456774636701154.562500
-0.35553999999999997,0.0244,0.054,456774636701154.562500
-0.35553,0.0188,0.055600000000000004,456774636701154.562500
-0.35551999999999995,0.0212,0.0572,456774636701154.562500
-0.35551,0.022000000000000002,0.058,456774636701154.562500
-0.3555,0.0204,0.054,456774636701154.562500
-0.35549,0.0212,0.0548,456774636701154.562500
-0.35548,0.022000000000000002,0.054,456774636701154.562500
-0.35546999999999995,0.0212,0.0572,456774636701154.562500
-0.35546,0.0228,0.058,456774636701154.562500
-0.35545,0.0196,0.058,456774636701154.562500
-0.35544,0.022000000000000002,0.0548,456774636701154.562500
-0.35543,0.0228,0.053200000000000004,456774636701154.562500
-0.35541999999999996,0.022000000000000002,0.054,456774636701154.562500
-0.35541,0.0188,0.056400000000000006,456774636701154.562500
-0.3554,0.022000000000000002,0.056400000000000006,456774636701154.562500
-0.35539,0.0196,0.055600000000000004,456774636701154.562500
-0.35538000000000003,0.0196,0.0572,456774636701154.562500
-0.35536999999999996,0.018000000000000002,0.055600000000000004,456774636701154.562500
-0.35536,0.0236,0.058,456774636701154.562500
-0.35535,0.0204,0.058,456774636701154.562500
-0.35534,0.0236,0.058,456774636701154.562500
-0.35533,0.0236,0.055600000000000004,456774636701154.562500
-0.35531999999999997,0.026000000000000002,0.0548,456774636701154.562500
-0.35531,0.0228,0.058,456774636701154.562500
-0.35529999999999995,0.0228,0.058,456774636701154.562500
-0.35529,0.0212,0.055600000000000004,456774636701154.562500
-0.35528,0.0228,0.0548,456774636701154.562500
-0.35527,0.0196,0.0572,456774636701154.562500
-0.35526,0.0236,0.056400000000000006,456774636701154.562500
-0.35524999999999995,0.018000000000000002,0.055600000000000004,456774636701154.562500
-0.35524,0.0244,0.054,456774636701154.562500
-0.35523,0.0236,0.053200000000000004,456774636701154.562500
-0.35522,0.0228,0.055600000000000004,456774636701154.562500
-0.35521,0.0228,0.0572,456774636701154.562500
-0.35519999999999996,0.0228,0.0572,456774636701154.562500
-0.35519,0.0244,0.0492,456774636701154.562500
-0.35518,0.022000000000000002,0.056400000000000006,456774636701154.562500
-0.35517,0.0228,0.0572,456774636701154.562500
-0.35516,0.022000000000000002,0.053200000000000004,456774636701154.562500
-0.35514999999999997,0.022000000000000002,0.0524,456774636701154.562500
-0.35514,0.015600000000000001,0.0468,456774636701154.562500
-0.35513,0.022000000000000002,0.0548,456774636701154.562500
-0.35512,0.0204,0.0524,456774636701154.562500
-0.35511,0.0228,0.050800000000000005,456774636701154.562500
-0.35509999999999997,0.0212,0.054,456774636701154.562500
-0.35509,0.0228,0.054,456774636701154.562500
-0.35507999999999995,0.0228,0.037200000000000004,456774636701154.562500
-0.35507,0.022000000000000002,0.0492,456774636701154.562500
-0.35506,0.0228,0.040400000000000005,456774636701154.562500
-0.35505,0.0228,0.0468,456774636701154.562500
-0.35504,0.0252,0.042,456774636701154.562500
-0.35502999999999996,0.0244,0.055600000000000004,456774636701154.562500
-0.35502,0.0236,0.050800000000000005,456774636701154.562500
-0.35501,0.0244,0.0516,456774636701154.562500
-0.355,0.026000000000000002,0.042800000000000005,456774636701154.562500
-0.35499,0.0196,0.048400000000000006,456774636701154.562500
-0.35497999999999996,0.022000000000000002,0.0436,456774636701154.562500
-0.35497,0.0172,0.056400000000000006,456774636701154.562500
-0.35496,0.0244,0.0548,456774636701154.562500
-0.35495,0.0244,0.055600000000000004,456774636701154.562500
-0.35494,0.022000000000000002,0.056400000000000006,456774636701154.562500
-0.35492999999999997,0.022000000000000002,0.058,456774636701154.562500
-0.35492,0.0204,0.0516,456774636701154.562500
-0.35490999999999995,0.022000000000000002,0.056400000000000006,456774636701154.562500
-0.3549,0.022000000000000002,0.0516,456774636701154.562500
-0.35489,0.0228,0.055600000000000004,456774636701154.562500
-0.35488,0.0196,0.056400000000000006,456774636701154.562500
-0.35487,0.0212,0.055600000000000004,456774636701154.562500
-0.35485999999999995,0.0204,0.042,456774636701154.562500
-0.35485,0.0228,0.0572,456774636701154.562500
-0.35484,0.0228,0.0524,456774636701154.562500
-0.35483,0.0212,0.058,456774636701154.562500
-0.35482,0.0236,0.055600000000000004,456774636701154.562500
-0.35480999999999996,0.022000000000000002,0.055600000000000004,456774636701154.562500
-0.3548,0.022000000000000002,0.0572,456774636701154.562500
-0.35479,0.022000000000000002,0.055600000000000004,456774636701154.562500
-0.35478,0.0212,0.056400000000000006,456774636701154.562500
-0.35477,0.022000000000000002,0.0572,456774636701154.562500
-0.35475999999999996,0.0212,0.056400000000000006,456774636701154.562500
-0.35475,0.022000000000000002,0.056400000000000006,456774636701154.562500
-0.35474,0.0228,0.056400000000000006,456774636701154.562500
-0.35473,0.0236,0.055600000000000004,456774636701154.562500
-0.35472,0.026000000000000002,0.056400000000000006,456774636701154.562500
-0.35470999999999997,0.0244,0.054,456774636701154.562500
-0.3547,0.0212,0.056400000000000006,456774636701154.562500
-0.35468999999999995,0.0236,0.056400000000000006,456774636701154.562500
-0.35468,0.0236,0.053200000000000004,456774636701154.562500
-0.35467,0.0196,0.056400000000000006,456774636701154.562500
-0.35466,0.018000000000000002,0.0548,456774636701154.562500
-0.35465,0.0196,0.056400000000000006,456774636701154.562500
-0.35463999999999996,0.0172,0.054,456774636701154.562500
-0.35463,0.018000000000000002,0.0516,456774636701154.562500
-0.35462,0.014,0.0572,456774636701154.562500
-0.35461,0.014,0.0572,456774636701154.562500
-0.3546,0.0172,0.054,456774636701154.562500
-0.35458999999999996,0.018000000000000002,0.056400000000000006,456774636701154.562500
-0.35458,0.0204,0.0516,456774636701154.562500
-0.35457,0.022000000000000002,0.0572,456774636701154.562500
-0.35456,0.022000000000000002,0.056400000000000006,456774636701154.562500
-0.35455,0.022000000000000002,0.058800000000000005,456774636701154.562500
-0.35453999999999997,0.0196,0.054,456774636701154.562500
-0.35453,0.0148,0.056400000000000006,456774636701154.562500
-0.35452,0.018000000000000002,0.0524,456774636701154.562500
-0.35451,0.0132,0.0548,456774636701154.562500
-0.3545,0.0196,0.055600000000000004,456774636701154.562500
-0.35448999999999997,0.014,0.056400000000000006,456774636701154.562500
-0.35448,0.0212,0.054,456774636701154.562500
-0.35446999999999995,0.0148,0.056400000000000006,456774636701154.562500
-0.35446,0.022000000000000002,0.056400000000000006,456774636701154.562500
-0.35445,0.0204,0.05,456774636701154.562500
-0.35444,0.0244,0.0516,456774636701154.562500
-0.35443,0.0212,0.0476,456774636701154.562500
-0.35441999999999996,0.0236,0.058,456774636701154.562500
-0.35441,0.0244,0.0548,456774636701154.562500
-0.3544,0.0252,0.056400000000000006,456774636701154.562500
-0.35439,0.0236,0.058,456774636701154.562500
-0.35438000000000003,0.0236,0.0524,456774636701154.562500
-0.35436999999999996,0.0244,0.050800000000000005,456774636701154.562500
-0.35436,0.0244,0.0364,456774636701154.562500
-0.35435,0.0212,0.0524,456774636701154.562500
-0.35434,0.0228,0.054,456774636701154.562500
-0.35433,0.0228,0.056400000000000006,456774636701154.562500
-0.35431999999999997,0.0212,0.056400000000000006,456774636701154.562500
-0.35431,0.022000000000000002,0.054,456774636701154.562500
-0.35429999999999995,0.022000000000000002,0.0572,456774636701154.562500
-0.35429,0.0212,0.058,456774636701154.562500
-0.35428,0.018000000000000002,0.0572,456774636701154.562500
-0.35427,0.022000000000000002,0.0548,456774636701154.562500
-0.35426,0.0204,0.048400000000000006,456774636701154.562500
-0.35424999999999995,0.0228,0.0572,456774636701154.562500
-0.35424,0.018000000000000002,0.055600000000000004,456774636701154.562500
-0.35423,0.022000000000000002,0.055600000000000004,456774636701154.562500
-0.35422,0.0228,0.055600000000000004,456774636701154.562500
-0.35421,0.022000000000000002,0.058,456774636701154.562500
-0.35419999999999996,0.022000000000000002,0.055600000000000004,456774636701154.562500
-0.35419,0.0228,0.055600000000000004,456774636701154.562500
-0.35418,0.0212,0.0572,456774636701154.562500
-0.35417,0.0236,0.055600000000000004,456774636701154.562500
-0.35416,0.0236,0.056400000000000006,456774636701154.562500
-0.35414999999999996,0.0228,0.054,456774636701154.562500
-0.35414,0.0196,0.056400000000000006,456774636701154.562500
-0.35413,0.0236,0.055600000000000004,456774636701154.562500
-0.35412,0.0228,0.056400000000000006,456774636701154.562500
-0.35411,0.0228,0.0572,456774636701154.562500
-0.35409999999999997,0.0244,0.0572,456774636701154.562500
-0.35409,0.0236,0.058800000000000005,456774636701154.562500
-0.35407999999999995,0.0228,0.0492,456774636701154.562500
-0.35407,0.0228,0.056400000000000006,456774636701154.562500
-0.35406,0.0236,0.054,456774636701154.562500
-0.35405,0.0236,0.056400000000000006,456774636701154.562500
-0.35404,0.022000000000000002,0.055600000000000004,456774636701154.562500
-0.35402999999999996,0.022000000000000002,0.0516,456774636701154.562500
-0.35402,0.0188,0.056400000000000006,456774636701154.562500
-0.35401,0.0204,0.054,456774636701154.562500
-0.354,0.0204,0.0524,456774636701154.562500
-0.35399,0.0228,0.0572,456774636701154.562500
-0.35397999999999996,0.0204,0.053200000000000004,456774636701154.562500
-0.35397,0.0212,0.0572,456774636701154.562500
-0.35396,0.0212,0.0476,456774636701154.562500
-0.35395,0.0204,0.0548,456774636701154.562500
-0.35394,0.022000000000000002,0.055600000000000004,456774636701154.562500
-0.35392999999999997,0.022000000000000002,0.046,456774636701154.562500
-0.35392,0.022000000000000002,0.0524,456774636701154.562500
-0.35390999999999995,0.0196,0.048400000000000006,456774636701154.562500
-0.3539,0.0236,0.056400000000000006,456774636701154.562500
-0.35389,0.022000000000000002,0.055600000000000004,456774636701154.562500
-0.35388,0.0236,0.055600000000000004,456774636701154.562500
-0.35387,0.022000000000000002,0.055600000000000004,456774636701154.562500
-0.35385999999999995,0.0212,0.053200000000000004,456774636701154.562500
-0.35385,0.0228,0.056400000000000006,456774636701154.562500
-0.35384,0.022000000000000002,0.056400000000000006,456774636701154.562500
-0.35383,0.0252,0.055600000000000004,456774636701154.562500
-0.35382,0.0236,0.056400000000000006,456774636701154.562500
-0.35380999999999996,0.0244,0.056400000000000006,456774636701154.562500
-0.3538,0.0204,0.058,456774636701154.562500
-0.35379,0.0252,0.0572,456774636701154.562500
-0.35378,0.022000000000000002,0.058,456774636701154.562500
-0.35377000000000003,0.0244,0.0572,456774636701154.562500
-0.35375999999999996,0.0212,0.058,456774636701154.562500
-0.35375,0.0244,0.055600000000000004,456774636701154.562500
-0.35374,0.0228,0.056400000000000006,456774636701154.562500
-0.35373,0.018000000000000002,0.055600000000000004,456774636701154.562500
-0.35372,0.0228,0.0572,456774636701154.562500
-0.35370999999999997,0.0228,0.056400000000000006,456774636701154.562500
-0.3537,0.022000000000000002,0.05,456774636701154.562500
-0.35368999999999995,0.0212,0.0572,456774636701154.562500
-0.35368,0.0204,0.055600000000000004,456774636701154.562500
-0.35367,0.022000000000000002,0.0572,456774636701154.562500
-0.35366,0.0236,0.058,456774636701154.562500
-0.35365,0.0228,0.0572,456774636701154.562500
-0.35363999999999995,0.0228,0.0572,456774636701154.562500
-0.35363,0.0212,0.055600000000000004,456774636701154.562500
-0.35362,0.0236,0.054,456774636701154.562500
-0.35361,0.0228,0.0572,456774636701154.562500
-0.3536,0.0212,0.055600000000000004,456774636701154.562500
-0.35358999999999996,0.0212,0.055600000000000004,456774636701154.562500
-0.35358,0.022000000000000002,0.0572,456774636701154.562500
-0.35357,0.0228,0.0524,456774636701154.562500
-0.35356,0.022000000000000002,0.0548,456774636701154.562500
-0.35355,0.0236,0.053200000000000004,456774636701154.562500
-0.35353999999999997,0.0244,0.056400000000000006,456774636701154.562500
-0.35353,0.0212,0.055600000000000004,456774636701154.562500
-0.35352,0.022000000000000002,0.058,456774636701154.562500
-0.35351,0.0236,0.054,456774636701154.562500
-0.3535,0.0244,0.056400000000000006,456774636701154.562500
-0.35348999999999997,0.0244,0.058,456774636701154.562500
-0.35348,0.0252,0.0572,456774636701154.562500
-0.35346999999999995,0.0236,0.055600000000000004,456774636701154.562500
-0.35346,0.0244,0.054,456774636701154.562500
-0.35345,0.0228,0.0572,456774636701154.562500
-0.35344,0.0236,0.055600000000000004,456774636701154.562500
-0.35343,0.022000000000000002,0.0572,456774636701154.562500
-0.35341999999999996,0.0228,0.0572,456774636701154.562500
-0.35341,0.022000000000000002,0.0548,456774636701154.562500
-0.3534,0.022000000000000002,0.050800000000000005,456774636701154.562500
-0.35339,0.018000000000000002,0.056400000000000006,456774636701154.562500
-0.35338,0.022000000000000002,0.0492,456774636701154.562500
-0.35336999999999996,0.0172,0.056400000000000006,456774636701154.562500
-0.35336,0.022000000000000002,0.055600000000000004,456774636701154.562500
-0.35335,0.0196,0.056400000000000006,456774636701154.562500
-0.35334,0.022000000000000002,0.050800000000000005,456774636701154.562500
-0.35333,0.022000000000000002,0.058,456774636701154.562500
-0.35331999999999997,0.0228,0.0476,456774636701154.562500
-0.35331,0.0228,0.056400000000000006,456774636701154.562500
-0.35329999999999995,0.0212,0.050800000000000005,456774636701154.562500
-0.35329,0.0212,0.056400000000000006,456774636701154.562500
-0.35328,0.0236,0.038,456774636701154.562500
-0.35327,0.022000000000000002,0.0524,456774636701154.562500
-0.35326,0.0228,0.0492,456774636701154.562500
-0.35324999999999995,0.022000000000000002,0.055600000000000004,456774636701154.562500
-0.35324,0.022000000000000002,0.046,456774636701154.562500
-0.35323,0.0244,0.048400000000000006,456774636701154.562500
-0.35322,0.0228,0.05,456774636701154.562500
-0.35321,0.0244,0.053200000000000004,456774636701154.562500
-0.35319999999999996,0.0236,0.0468,456774636701154.562500
-0.35319,0.0244,0.0572,456774636701154.562500
-0.35318,0.0236,0.0516,456774636701154.562500
-0.35317,0.0244,0.0572,456774636701154.562500
-0.35316000000000003,0.0236,0.055600000000000004,456774636701154.562500
-0.35314999999999996,0.0236,0.056400000000000006,456774636701154.562500
-0.35314,0.0228,0.056400000000000006,456774636701154.562500
-0.35313,0.0212,0.056400000000000006,456774636701154.562500
-0.35312,0.0228,0.053200000000000004,456774636701154.562500
-0.35311,0.0236,0.053200000000000004,456774636701154.562500
-0.35309999999999997,0.0212,0.056400000000000006,456774636701154.562500
-0.35309,0.0212,0.055600000000000004,456774636701154.562500
-0.35307999999999995,0.0204,0.0548,456774636701154.562500
-0.35307,0.022000000000000002,0.056400000000000006,456774636701154.562500
-0.35306,0.022000000000000002,0.0572,456774636701154.562500
-0.35305,0.0204,0.054,456774636701154.562500
-0.35304,0.0236,0.0572,456774636701154.562500
-0.35302999999999995,0.0204,0.054,456774636701154.562500
-0.35302,0.0228,0.0572,456774636701154.562500
-0.35301,0.0204,0.054,456774636701154.562500
-0.353,0.0212,0.056400000000000006,456774636701154.562500
-0.35299,0.0164,0.055600000000000004,456774636701154.562500
-0.35297999999999996,0.0204,0.0572,456774636701154.562500
-0.35297,0.0148,0.053200000000000004,456774636701154.562500
-0.35296,0.0188,0.054,456774636701154.562500
-0.35295,0.0188,0.056400000000000006,456774636701154.562500
-0.35294,0.0212,0.0572,456774636701154.562500
-0.35292999999999997,0.018000000000000002,0.056400000000000006,456774636701154.562500
-0.35292,0.022000000000000002,0.058,456774636701154.562500
-0.35291,0.0244,0.055600000000000004,456774636701154.562500
-0.3529,0.0236,0.0572,456774636701154.562500
-0.35289,0.0236,0.056400000000000006,456774636701154.562500
-0.35287999999999997,0.0252,0.053200000000000004,456774636701154.562500
-0.35287,0.026000000000000002,0.053200000000000004,456774636701154.562500
-0.35285999999999995,0.0244,0.055600000000000004,456774636701154.562500
-0.35285,0.0236,0.0468,456774636701154.562500
-0.35284,0.0228,0.055600000000000004,456774636701154.562500
-0.35283,0.0212,0.056400000000000006,456774636701154.562500
-0.35282,0.0228,0.056400000000000006,456774636701154.562500
-0.35280999999999996,0.022000000000000002,0.055600000000000004,456774636701154.562500
-0.3528,0.0204,0.058,456774636701154.562500
-0.35279,0.0188,0.056400000000000006,456774636701154.562500
-0.35278,0.022000000000000002,0.055600000000000004,456774636701154.562500
-0.35277000000000003,0.018000000000000002,0.0548,456774636701154.562500
-0.35275999999999996,0.022000000000000002,0.0572,456774636701154.562500
-0.35275,0.0204,0.0572,456774636701154.562500
-0.35274,0.0204,0.056400000000000006,456774636701154.562500
-0.35273,0.022000000000000002,0.056400000000000006,456774636701154.562500
-0.35272,0.0212,0.053200000000000004,456774636701154.562500
-0.35270999999999997,0.022000000000000002,0.056400000000000006,456774636701154.562500
-0.3527,0.0236,0.053200000000000004,456774636701154.562500
-0.35268999999999995,0.0204,0.056400000000000006,456774636701154.562500
-0.35268,0.022000000000000002,0.0524,456774636701154.562500
-0.35267,0.0212,0.055600000000000004,456774636701154.562500
-0.35266,0.0236,0.058800000000000005,456774636701154.562500
-0.35265,0.0212,0.050800000000000005,456774636701154.562500
-0.35263999999999995,0.0204,0.0572,456774636701154.562500
-0.35263,0.0228,0.054,456774636701154.562500
-0.35262,0.0196,0.058,456774636701154.562500
-0.35261,0.0252,0.0572,456774636701154.562500
-0.3526,0.0236,0.054,456774636701154.562500
-0.35258999999999996,0.0252,0.0548,456774636701154.562500
-0.35258,0.0244,0.0572,456774636701154.562500
-0.35257,0.0236,0.056400000000000006,456774636701154.562500
-0.35256,0.0244,0.0524,456774636701154.562500
-0.35255,0.0252,0.053200000000000004,456774636701154.562500
-0.35253999999999996,0.022000000000000002,0.0572,456774636701154.562500
-0.35253,0.0244,0.055600000000000004,456774636701154.562500
-0.35252,0.0228,0.056400000000000006,456774636701154.562500
-0.35251,0.022000000000000002,0.0524,456774636701154.562500
-0.3525,0.0236,0.0572,456774636701154.562500
-0.35248999999999997,0.0204,0.053200000000000004,456774636701154.562500
-0.35248,0.022000000000000002,0.054,456774636701154.562500
-0.35246999999999995,0.022000000000000002,0.0476,456774636701154.562500
-0.35246,0.022000000000000002,0.056400000000000006,456774636701154.562500
-0.35245,0.0228,0.050800000000000005,456774636701154.562500
-0.35244,0.0228,0.0524,456774636701154.562500
-0.35243,0.0148,0.0516,456774636701154.562500
-0.35241999999999996,0.0212,0.053200000000000004,456774636701154.562500
-0.35241,0.0196,0.048400000000000006,456774636701154.562500
-0.3524,0.022000000000000002,0.0548,456774636701154.562500
-0.35239,0.0196,0.0476,456774636701154.562500
-0.35238,0.0204,0.048400000000000006,456774636701154.562500
-0.35236999999999996,0.0148,0.0468,456774636701154.562500
-0.35236,0.0196,0.0572,456774636701154.562500
-0.35235,0.0204,0.042,456774636701154.562500
-0.35234,0.022000000000000002,0.0572,456774636701154.562500
-0.35233,0.0196,0.056400000000000006,456774636701154.562500
-0.35231999999999997,0.022000000000000002,0.054,456774636701154.562500
-0.35231,0.0228,0.056400000000000006,456774636701154.562500
-0.35229999999999995,0.0236,0.0596,456774636701154.562500
-0.35229,0.0196,0.055600000000000004,456774636701154.562500
-0.35228,0.0236,0.0548,456774636701154.562500
-0.35226999999999997,0.0244,0.056400000000000006,456774636701154.562500
-0.35226,0.0228,0.0572,456774636701154.562500
-0.35224999999999995,0.0252,0.055600000000000004,456774636701154.562500
-0.35224,0.0228,0.046,456774636701154.562500
-0.35223,0.0204,0.055600000000000004,456774636701154.562500
-0.35222,0.0244,0.0516,456774636701154.562500
-0.35221,0.0236,0.0572,456774636701154.562500
-0.35219999999999996,0.0212,0.0524,456774636701154.562500
-0.35219,0.022000000000000002,0.050800000000000005,456774636701154.562500
-0.35218,0.0228,0.0572,456774636701154.562500
-0.35217,0.0228,0.0468,456774636701154.562500
-0.35216000000000003,0.022000000000000002,0.055600000000000004,456774636701154.562500
-0.35214999999999996,0.0236,0.0524,456774636701154.562500
-0.35214,0.0212,0.058,456774636701154.562500
-0.35213,0.022000000000000002,0.0516,456774636701154.562500
-0.35212,0.0236,0.054,456774636701154.562500
-0.35211,0.022000000000000002,0.0572,456774636701154.562500
-0.35209999999999997,0.0228,0.053200000000000004,456774636701154.562500
-0.35209,0.022000000000000002,0.058,456774636701154.562500
-0.35207999999999995,0.0212,0.048400000000000006,456774636701154.562500
-0.35207,0.022000000000000002,0.048400000000000006,456774636701154.562500
-0.35206,0.022000000000000002,0.048400000000000006,456774636701154.562500
-0.35205,0.0236,0.053200000000000004,456774636701154.562500
-0.35204,0.0236,0.058,456774636701154.562500
-0.35202999999999995,0.0236,0.048400000000000006,456774636701154.562500
-0.35202,0.0236,0.0572,456774636701154.562500
-0.35201,0.0212,0.054,456774636701154.562500
-0.352,0.0244,0.0548,456774636701154.562500
-0.35199,0.022000000000000002,0.055600000000000004,456774636701154.562500
-0.35197999999999996,0.0236,0.0548,456774636701154.562500
-0.35197,0.0244,0.0572,456774636701154.562500
-0.35196,0.0244,0.055600000000000004,456774636701154.562500
-0.35195,0.022000000000000002,0.050800000000000005,456774636701154.562500
-0.35194,0.0236,0.058800000000000005,456774636701154.562500
-0.35192999999999997,0.0244,0.056400000000000006,456774636701154.562500
-0.35192,0.0236,0.058,456774636701154.562500
-0.35191,0.022000000000000002,0.0572,456774636701154.562500
-0.3519,0.0228,0.055600000000000004,456774636701154.562500
-0.35189,0.022000000000000002,0.056400000000000006,456774636701154.562500
-0.35187999999999997,0.0236,0.0548,456774636701154.562500
-0.35187,0.0236,0.0548,456774636701154.562500
-0.35185999999999995,0.022000000000000002,0.055600000000000004,456774636701154.562500
-0.35185,0.022000000000000002,0.056400000000000006,456774636701154.562500
-0.35184,0.0228,0.056400000000000006,456774636701154.562500
-0.35183,0.0212,0.054,456774636701154.562500
-0.35182,0.0212,0.056400000000000006,456774636701154.562500
-0.35180999999999996,0.022000000000000002,0.056400000000000006,456774636701154.562500
-0.3518,0.0236,0.0572,456774636701154.562500
-0.35179,0.022000000000000002,0.056400000000000006,456774636701154.562500
-0.35178,0.022000000000000002,0.058,456774636701154.562500
-0.35177,0.022000000000000002,0.054,456774636701154.562500
-0.35175999999999996,0.022000000000000002,0.055600000000000004,456774636701154.562500
-0.35175,0.022000000000000002,0.058,456774636701154.562500
-0.35174,0.0204,0.055600000000000004,456774636701154.562500
-0.35173,0.0228,0.0492,456774636701154.562500
-0.35172,0.0228,0.0572,456774636701154.562500
-0.35170999999999997,0.0212,0.053200000000000004,456774636701154.562500
-0.3517,0.0228,0.0516,456774636701154.562500
-0.35168999999999995,0.018000000000000002,0.055600000000000004,456774636701154.562500
-0.35168,0.022000000000000002,0.056400000000000006,456774636701154.562500
-0.35167,0.0244,0.055600000000000004,456774636701154.562500
-0.35166,0.0236,0.0572,456774636701154.562500
-0.35165,0.0236,0.054,456774636701154.562500
-0.35163999999999995,0.026000000000000002,0.055600000000000004,456774636701154.562500
-0.35163,0.0244,0.058,456774636701154.562500
-0.35162,0.0204,0.055600000000000004,456774636701154.562500
-0.35161,0.0212,0.055600000000000004,456774636701154.562500
-0.3516,0.0212,0.055600000000000004,456774636701154.562500
-0.35158999999999996,0.022000000000000002,0.055600000000000004,456774636701154.562500
-0.35158,0.022000000000000002,0.0572,456774636701154.562500
-0.35157,0.0228,0.056400000000000006,456774636701154.562500
-0.35156,0.0236,0.0572,456774636701154.562500
-0.35155000000000003,0.0228,0.055600000000000004,456774636701154.562500
-0.35153999999999996,0.022000000000000002,0.0572,456774636701154.562500
-0.35153,0.0228,0.054,456774636701154.562500
-0.35152,0.0236,0.058,456774636701154.562500
-0.35151,0.0228,0.055600000000000004,456774636701154.562500
-0.3515,0.022000000000000002,0.058,456774636701154.562500
-0.35148999999999997,0.022000000000000002,0.056400000000000006,456774636701154.562500
-0.35148,0.022000000000000002,0.058,456774636701154.562500
-0.35146999999999995,0.0244,0.056400000000000006,456774636701154.562500
-0.35146,0.0236,0.055600000000000004,456774636701154.562500
-0.35145,0.0212,0.056400000000000006,456774636701154.562500
-0.35144,0.0228,0.056400000000000006,456774636701154.562500
-0.35143,0.0236,0.056400000000000006,456774636701154.562500
-0.35141999999999995,0.0236,0.053200000000000004,456774636701154.562500
-0.35141,0.0212,0.0548,456774636701154.562500
-0.3514,0.0236,0.0524,456774636701154.562500
-0.35139,0.0236,0.0524,456774636701154.562500
-0.35138,0.0236,0.055600000000000004,456774636701154.562500
-0.35136999999999996,0.0236,0.0572,456774636701154.562500
-0.35136,0.0228,0.0548,456774636701154.562500
-0.35135,0.0204,0.058,456774636701154.562500
-0.35134,0.0228,0.058,456774636701154.562500
-0.35133,0.0204,0.054,456774636701154.562500
-0.35131999999999997,0.0204,0.056400000000000006,456774636701154.562500
-0.35131,0.0212,0.054,456774636701154.562500
-0.3513,0.022000000000000002,0.058800000000000005,456774636701154.562500
-0.35129,0.0212,0.0572,456774636701154.562500
-0.35128,0.0228,0.0548,456774636701154.562500
-0.35126999999999997,0.022000000000000002,0.055600000000000004,456774636701154.562500
-0.35126,0.0204,0.054,456774636701154.562500
-0.35124999999999995,0.0196,0.0572,456774636701154.562500
-0.35124,0.022000000000000002,0.0516,456774636701154.562500
-0.35123,0.0196,0.055600000000000004,456774636701154.562500
-0.35122,0.0204,0.045200000000000004,456774636701154.562500
-0.35121,0.0212,0.056400000000000006,456774636701154.562500
-0.35119999999999996,0.0188,0.055600000000000004,456774636701154.562500
-0.35119,0.014,0.0524,456774636701154.562500
-0.35118,0.022000000000000002,0.058,456774636701154.562500
-0.35117,0.022000000000000002,0.0572,456774636701154.562500
-0.35116,0.022000000000000002,0.054,456774636701154.562500
-0.35114999999999996,0.022000000000000002,0.056400000000000006,456774636701154.562500
-0.35114,0.0236,0.0444,456774636701154.562500
-0.35113,0.0204,0.058,456774636701154.562500
-0.35112,0.0236,0.0516,456774636701154.562500
-0.35111,0.0244,0.058,456774636701154.562500
-0.35109999999999997,0.022000000000000002,0.0572,456774636701154.562500
-0.35109,0.0244,0.056400000000000006,456774636701154.562500
-0.35107999999999995,0.0244,0.058,456774636701154.562500
-0.35107,0.0236,0.0572,456774636701154.562500
-0.35106,0.0244,0.0572,456774636701154.562500
-0.35105,0.022000000000000002,0.050800000000000005,456774636701154.562500
-0.35104,0.022000000000000002,0.0572,456774636701154.562500
-0.35102999999999995,0.0236,0.054,456774636701154.562500
-0.35102,0.022000000000000002,0.0572,456774636701154.562500
-0.35101,0.0244,0.0492,456774636701154.562500
-0.351,0.0212,0.0572,456774636701154.562500
-0.35099,0.0236,0.0524,456774636701154.562500
-0.35097999999999996,0.0236,0.055600000000000004,456774636701154.562500
-0.35097,0.022000000000000002,0.055600000000000004,456774636701154.562500
-0.35096,0.0212,0.058,456774636701154.562500
-0.35095,0.0196,0.0572,456774636701154.562500
-0.35094,0.0196,0.056400000000000006,456774636701154.562500
-0.35092999999999996,0.0204,0.056400000000000006,456774636701154.562500
-0.35092,0.0212,0.0524,456774636701154.562500
-0.35091,0.022000000000000002,0.055600000000000004,456774636701154.562500
-0.3509,0.0212,0.0572,456774636701154.562500
-0.35089,0.0212,0.054,456774636701154.562500
-0.35087999999999997,0.022000000000000002,0.055600000000000004,456774636701154.562500
-0.35087,0.0212,0.056400000000000006,456774636701154.562500
-0.35085999999999995,0.0212,0.0548,456774636701154.562500
-0.35085,0.0212,0.0572,456774636701154.562500
-0.35084,0.0236,0.0572,456774636701154.562500
-0.35083,0.0196,0.058,456774636701154.562500
-0.35082,0.0228,0.0548,456774636701154.562500
-0.35080999999999996,0.0188,0.056400000000000006,456774636701154.562500
-0.3508,0.0244,0.056400000000000006,456774636701154.562500
-0.35079,0.0236,0.056400000000000006,456774636701154.562500
-0.35078,0.0212,0.055600000000000004,456774636701154.562500
-0.35077,0.0228,0.056400000000000006,456774636701154.562500
-0.35075999999999996,0.0252,0.056400000000000006,456774636701154.562500
-0.35075,0.0244,0.0572,456774636701154.562500
-0.35074,0.0236,0.0492,456774636701154.562500
-0.35073,0.0236,0.055600000000000004,456774636701154.562500
-0.35072,0.022000000000000002,0.055600000000000004,456774636701154.562500
-0.35070999999999997,0.0236,0.0548,456774636701154.562500
-0.3507,0.0228,0.056400000000000006,456774636701154.562500
-0.35068999999999995,0.0236,0.058,456774636701154.562500
-0.35068,0.0236,0.056400000000000006,456774636701154.562500
-0.35067,0.0244,0.056400000000000006,456774636701154.562500
-0.35065999999999997,0.0196,0.0548,456774636701154.562500
-0.35065,0.0212,0.055600000000000004,456774636701154.562500
-0.35063999999999995,0.022000000000000002,0.0572,456774636701154.562500
-0.35063,0.022000000000000002,0.055600000000000004,456774636701154.562500
-0.35062,0.022000000000000002,0.055600000000000004,456774636701154.562500
-0.35061,0.0212,0.0548,456774636701154.562500
-0.3506,0.0212,0.056400000000000006,456774636701154.562500
-0.35058999999999996,0.0212,0.0572,456774636701154.562500
-0.35058,0.022000000000000002,0.055600000000000004,456774636701154.562500
-0.35057,0.0228,0.056400000000000006,456774636701154.562500
-0.35056,0.022000000000000002,0.0572,456774636701154.562500
-0.35055000000000003,0.0228,0.056400000000000006,456774636701154.562500
-0.35053999999999996,0.0228,0.0572,456774636701154.562500
-0.35053,0.022000000000000002,0.055600000000000004,456774636701154.562500
-0.35052,0.022000000000000002,0.055600000000000004,456774636701154.562500
-0.35051,0.0236,0.056400000000000006,456774636701154.562500
-0.3505,0.0212,0.058,456774636701154.562500
-0.35048999999999997,0.0244,0.058,456774636701154.562500
-0.35048,0.0244,0.058,456774636701154.562500
-0.35046999999999995,0.0236,0.0572,456774636701154.562500
-0.35046,0.022000000000000002,0.0572,456774636701154.562500
-0.35045,0.0236,0.0572,456774636701154.562500
-0.35044,0.0236,0.056400000000000006,456774636701154.562500
-0.35043,0.022000000000000002,0.056400000000000006,456774636701154.562500
-0.35041999999999995,0.0252,0.055600000000000004,456774636701154.562500
-0.35041,0.0236,0.054,456774636701154.562500
-0.3504,0.0236,0.0572,456774636701154.562500
-0.35039,0.0228,0.048400000000000006,456774636701154.562500
-0.35038,0.022000000000000002,0.055600000000000004,456774636701154.562500
-0.35036999999999996,0.0228,0.0548,456774636701154.562500
-0.35036,0.0236,0.055600000000000004,456774636701154.562500
-0.35035,0.0212,0.055600000000000004,456774636701154.562500
-0.35034,0.0228,0.054,456774636701154.562500
-0.35033,0.0204,0.056400000000000006,456774636701154.562500
-0.35031999999999996,0.0204,0.055600000000000004,456774636701154.562500
-0.35031,0.0236,0.053200000000000004,456774636701154.562500
-0.3503,0.022000000000000002,0.0572,456774636701154.562500
-0.35029,0.022000000000000002,0.054,456774636701154.562500
-0.35028,0.0196,0.055600000000000004,456774636701154.562500
-0.35026999999999997,0.0212,0.056400000000000006,456774636701154.562500
-0.35026,0.0228,0.056400000000000006,456774636701154.562500
-0.35024999999999995,0.0228,0.055600000000000004,456774636701154.562500
-0.35024,0.0204,0.0524,456774636701154.562500
-0.35023,0.022000000000000002,0.053200000000000004,456774636701154.562500
-0.35022,0.0228,0.0524,456774636701154.562500
-0.35021,0.0228,0.0572,456774636701154.562500
-0.35019999999999996,0.0252,0.0572,456774636701154.562500
-0.35019,0.0212,0.056400000000000006,456774636701154.562500
-0.35018,0.0228,0.058,456774636701154.562500
-0.35017,0.0188,0.056400000000000006,456774636701154.562500
-0.35016,0.0212,0.054,456774636701154.562500
-0.35014999999999996,0.0244,0.055600000000000004,456774636701154.562500
-0.35014,0.0228,0.055600000000000004,456774636701154.562500
-0.35013,0.0188,0.058,456774636701154.562500
-0.35012,0.022000000000000002,0.0548,456774636701154.562500
-0.35011,0.022000000000000002,0.056400000000000006,456774636701154.562500
-0.35009999999999997,0.0236,0.054,456774636701154.562500
-0.35009,0.0244,0.055600000000000004,456774636701154.562500
-0.35007999999999995,0.0228,0.0572,456774636701154.562500
-0.35007,0.018000000000000002,0.0516,456774636701154.562500
-0.35006,0.0228,0.0572,456774636701154.562500
-0.35005,0.0212,0.054,456774636701154.562500
-0.35004,0.0204,0.0572,456774636701154.562500
-0.35002999999999995,0.018000000000000002,0.056400000000000006,456774636701154.562500
-0.35002,0.022000000000000002,0.0548,456774636701154.562500
-0.35001,0.0172,0.0548,456774636701154.562500
-0.35,0.0196,0.055600000000000004,456774636701154.562500
-0.34999,0.022000000000000002,0.056400000000000006,456774636701154.562500
-0.34997999999999996,0.018000000000000002,0.056400000000000006,456774636701154.562500
-0.34997,0.0204,0.058,456774636701154.562500
-0.34996,0.0164,0.056400000000000006,456774636701154.562500
-0.34995,0.0196,0.050800000000000005,456774636701154.562500
-0.34994000000000003,0.0212,0.054,456774636701154.562500
-0.34992999999999996,0.0212,0.0572,456774636701154.562500
-0.34992,0.0236,0.0572,456774636701154.562500
-0.34991,0.018000000000000002,0.0548,456774636701154.562500
-0.3499,0.0228,0.056400000000000006,456774636701154.562500
-0.34989,0.0212,0.054,456774636701154.562500
-0.34987999999999997,0.0236,0.058,456774636701154.562500
-0.34987,0.022000000000000002,0.056400000000000006,456774636701154.562500
-0.34985999999999995,0.0244,0.056400000000000006,456774636701154.562500
-0.34985,0.0244,0.053200000000000004,456774636701154.562500
-0.34984,0.0236,0.056400000000000006,456774636701154.562500
-0.34983,0.0228,0.056400000000000006,456774636701154.562500
-0.34982,0.0244,0.058,456774636701154.562500
-0.34980999999999995,0.0244,0.0572,456774636701154.562500
-0.3498,0.0228,0.0572,456774636701154.562500
-0.34979,0.022000000000000002,0.053200000000000004,456774636701154.562500
-0.34978,0.0236,0.056400000000000006,456774636701154.562500
-0.34977,0.0228,0.0572,456774636701154.562500
-0.34975999999999996,0.0244,0.0548,456774636701154.562500
-0.34975,0.0228,0.058,456774636701154.562500
-0.34974,0.0196,0.0572,456774636701154.562500
-0.34973,0.022000000000000002,0.0548,456774636701154.562500
-0.34972,0.0236,0.056400000000000006,456774636701154.562500
-0.34970999999999997,0.0228,0.048400000000000006,456774636701154.562500
-0.3497,0.0188,0.0524,456774636701154.562500
-0.34969,0.022000000000000002,0.054,456774636701154.562500
-0.34968,0.022000000000000002,0.056400000000000006,456774636701154.562500
-0.34967,0.022000000000000002,0.0572,456774636701154.562500
-0.34965999999999997,0.0228,0.054,456774636701154.562500
-0.34965,0.0228,0.053200000000000004,456774636701154.562500
-0.34963999999999995,0.0188,0.05,456774636701154.562500
-0.34963,0.0228,0.0572,456774636701154.562500
-0.34962,0.018000000000000002,0.056400000000000006,456774636701154.562500
-0.34961,0.022000000000000002,0.0572,456774636701154.562500
-0.3496,0.022000000000000002,0.055600000000000004,456774636701154.562500
-0.34958999999999996,0.0236,0.0548,456774636701154.562500
-0.34958,0.0204,0.055600000000000004,456774636701154.562500
-0.34957,0.0236,0.0572,456774636701154.562500
-0.34956,0.018000000000000002,0.055600000000000004,456774636701154.562500
-0.34955,0.0244,0.055600000000000004,456774636701154.562500
-0.34953999999999996,0.0244,0.056400000000000006,456774636701154.562500
-0.34953,0.0228,0.056400000000000006,456774636701154.562500
-0.34952,0.0188,0.0492,456774636701154.562500
-0.34951,0.0228,0.05,456774636701154.562500
-0.3495,0.0236,0.0468,456774636701154.562500
-0.34948999999999997,0.0228,0.054,456774636701154.562500
-0.34948,0.0244,0.053200000000000004,456774636701154.562500
-0.34946999999999995,0.022000000000000002,0.048400000000000006,456774636701154.562500
-0.34946,0.022000000000000002,0.046,456774636701154.562500
-0.34945,0.0188,0.048400000000000006,456774636701154.562500
-0.34944,0.0212,0.0444,456774636701154.562500
-0.34943,0.0228,0.0468,456774636701154.562500
-0.34941999999999995,0.022000000000000002,0.048400000000000006,456774636701154.562500
-0.34941,0.0196,0.05,456774636701154.562500
-0.3494,0.0228,0.048400000000000006,456774636701154.562500
-0.34939,0.0212,0.0572,456774636701154.562500
-0.34938,0.0236,0.058,456774636701154.562500
-0.34936999999999996,0.0228,0.055600000000000004,456774636701154.562500
-0.34936,0.022000000000000002,0.0516,456774636701154.562500
-0.34935,0.0244,0.054,456774636701154.562500
-0.34934,0.0228,0.0524,456774636701154.562500
-0.34933,0.0228,0.0572,456774636701154.562500
-0.34931999999999996,0.0228,0.056400000000000006,456774636701154.562500
-0.34931,0.022000000000000002,0.0572,456774636701154.562500
-0.3493,0.0204,0.056400000000000006,456774636701154.562500
-0.34929,0.022000000000000002,0.055600000000000004,456774636701154.562500
-0.34928,0.0212,0.054,456774636701154.562500
-0.34926999999999997,0.0212,0.058,456774636701154.562500
-0.34926,0.0188,0.055600000000000004,456774636701154.562500
-0.34924999999999995,0.0212,0.055600000000000004,456774636701154.562500
-0.34924,0.0196,0.058,456774636701154.562500
-0.34923,0.0236,0.0524,456774636701154.562500
-0.34922,0.0212,0.0572,456774636701154.562500
-0.34921,0.0228,0.055600000000000004,456774636701154.562500
-0.34919999999999995,0.0204,0.058800000000000005,456774636701154.562500
-0.34919,0.0212,0.053200000000000004,456774636701154.562500
-0.34918,0.022000000000000002,0.058,456774636701154.562500
-0.34917,0.022000000000000002,0.056400000000000006,456774636701154.562500
-0.34916,0.0212,0.058,456774636701154.562500
-0.34914999999999996,0.0228,0.055600000000000004,456774636701154.562500
-0.34914,0.0228,0.0572,456774636701154.562500
-0.34913,0.022000000000000002,0.055600000000000004,456774636701154.562500
-0.34912,0.022000000000000002,0.045200000000000004,456774636701154.562500
-0.34911,0.022000000000000002,0.0492,456774636701154.562500
-0.34909999999999997,0.022000000000000002,0.050800000000000005,456774636701154.562500
-0.34909,0.0236,0.0524,456774636701154.562500
-0.34908,0.0212,0.042,456774636701154.562500
-0.34907,0.0212,0.0572,456774636701154.562500
-0.34906,0.0196,0.0516,456774636701154.562500
-0.34904999999999997,0.0204,0.055600000000000004,456774636701154.562500
-0.34904,0.0212,0.0572,456774636701154.562500
-0.34902999999999995,0.022000000000000002,0.0572,456774636701154.562500
-0.34902,0.022000000000000002,0.0572,456774636701154.562500
-0.34901,0.0212,0.054,456774636701154.562500
-0.349,0.0212,0.056400000000000006,456774636701154.562500
-0.34899,0.0228,0.0548,456774636701154.562500
-0.34897999999999996,0.022000000000000002,0.0572,456774636701154.562500
-0.34897,0.0236,0.056400000000000006,456774636701154.562500
-0.34896,0.022000000000000002,0.054,456774636701154.562500
-0.34895,0.0236,0.0516,456774636701154.562500
-0.34894000000000003,0.0204,0.056400000000000006,456774636701154.562500
-0.34892999999999996,0.022000000000000002,0.056400000000000006,456774636701154.562500
-0.34892,0.022000000000000002,0.056400000000000006,456774636701154.562500
-0.34891,0.022000000000000002,0.054,456774636701154.562500
-0.3489,0.0164,0.053200000000000004,456774636701154.562500
-0.34889,0.0196,0.050800000000000005,456774636701154.562500
-0.34887999999999997,0.0172,0.0548,456774636701154.562500
-0.34887,0.0228,0.0468,456774636701154.562500
-0.34885999999999995,0.022000000000000002,0.053200000000000004,456774636701154.562500
-0.34885,0.022000000000000002,0.045200000000000004,456774636701154.562500
-0.34884,0.022000000000000002,0.055600000000000004,456774636701154.562500
-0.34883,0.0228,0.053200000000000004,456774636701154.562500
-0.34882,0.022000000000000002,0.0572,456774636701154.562500
-0.34880999999999995,0.022000000000000002,0.055600000000000004,456774636701154.562500
-0.3488,0.0212,0.0572,456774636701154.562500
-0.34879,0.0204,0.055600000000000004,456774636701154.562500
-0.34878,0.022000000000000002,0.0524,456774636701154.562500
-0.34877,0.0212,0.053200000000000004,456774636701154.562500
-0.34875999999999996,0.0212,0.045200000000000004,456774636701154.562500
-0.34875,0.0212,0.053200000000000004,456774636701154.562500
-0.34874,0.0196,0.042,456774636701154.562500
-0.34873,0.0212,0.050800000000000005,456774636701154.562500
-0.34872,0.0228,0.0444,456774636701154.562500
-0.34870999999999996,0.0188,0.0516,456774636701154.562500
-0.3487,0.022000000000000002,0.055600000000000004,456774636701154.562500
-0.34869,0.0228,0.053200000000000004,456774636701154.562500
-0.34868,0.0212,0.050800000000000005,456774636701154.562500
-0.34867,0.0228,0.055600000000000004,456774636701154.562500
-0.34865999999999997,0.022000000000000002,0.0524,456774636701154.562500
-0.34865,0.0236,0.058,456774636701154.562500
-0.34863999999999995,0.0228,0.058,456774636701154.562500
-0.34863,0.022000000000000002,0.0572,456774636701154.562500
-0.34862,0.0236,0.0468,456774636701154.562500
-0.34861,0.0244,0.0548,456774636701154.562500
-0.3486,0.0252,0.0548,456774636701154.562500
-0.34858999999999996,0.022000000000000002,0.0492,456774636701154.562500
-0.34858,0.0236,0.0516,456774636701154.562500
-0.34857,0.0204,0.0572,456774636701154.562500
-0.34856,0.0228,0.0524,456774636701154.562500
-0.34855,0.0228,0.053200000000000004,456774636701154.562500
-0.34853999999999996,0.0228,0.0476,456774636701154.562500
-0.34853,0.022000000000000002,0.05,456774636701154.562500
-0.34852,0.0236,0.053200000000000004,456774636701154.562500
-0.34851,0.022000000000000002,0.056400000000000006,456774636701154.562500
-0.3485,0.0228,0.058800000000000005,456774636701154.562500
-0.34848999999999997,0.0228,0.054,456774636701154.562500
-0.34848,0.022000000000000002,0.0516,456774636701154.562500
-0.34846999999999995,0.0212,0.055600000000000004,456774636701154.562500
-0.34846,0.0204,0.055600000000000004,456774636701154.562500
-0.34845,0.0212,0.0468,456774636701154.562500
-0.34843999999999997,0.022000000000000002,0.0548,456774636701154.562500
-0.34843,0.022000000000000002,0.0572,456774636701154.562500
-0.34841999999999995,0.022000000000000002,0.055600000000000004,456774636701154.562500
-0.34841,0.0188,0.056400000000000006,456774636701154.562500
-0.3484,0.0228,0.05,456774636701154.562500
-0.34839,0.022000000000000002,0.0572,456774636701154.562500
-0.34838,0.0236,0.0492,456774636701154.562500
-0.34836999999999996,0.022000000000000002,0.0524,456774636701154.562500
-0.34836,0.0204,0.053200000000000004,456774636701154.562500
-0.34835,0.022000000000000002,0.055600000000000004,456774636701154.562500
-0.34834,0.0228,0.045200000000000004,456774636701154.562500
-0.34833000000000003,0.0228,0.0476,456774636701154.562500
-0.34831999999999996,0.0244,0.0444,456774636701154.562500
-0.34831,0.0244,0.0476,456774636701154.562500
-0.3483,0.0236,0.042800000000000005,456774636701154.562500
-0.34829,0.0228,0.054,456774636701154.562500
-0.34828,0.0236,0.055600000000000004,456774636701154.562500
-0.34826999999999997,0.0228,0.0572,456774636701154.562500
-0.34826,0.0196,0.0548,456774636701154.562500
-0.34824999999999995,0.0228,0.0492,456774636701154.562500
-0.34824,0.022000000000000002,0.0572,456774636701154.562500
-0.34823,0.0236,0.0516,456774636701154.562500
-0.34822,0.022000000000000002,0.0548,456774636701154.562500
-0.34821,0.0196,0.0524,456774636701154.562500
-0.34819999999999995,0.015600000000000001,0.054,456774636701154.562500
-0.34819,0.018000000000000002,0.046,456774636701154.562500
-0.34818,0.0172,0.0548,456774636701154.562500
-0.34817,0.0204,0.042,456774636701154.562500
-0.34816,0.0196,0.056400000000000006,456774636701154.562500
-0.34814999999999996,0.0212,0.05,456774636701154.562500
-0.34814,0.022000000000000002,0.0572,456774636701154.562500
-0.34813,0.022000000000000002,0.053200000000000004,456774636701154.562500
-0.34812,0.0204,0.0476,456774636701154.562500
-0.34811,0.0236,0.0524,456774636701154.562500
-0.34809999999999997,0.0228,0.053200000000000004,456774636701154.562500
-0.34809,0.022000000000000002,0.0572,456774636701154.562500
-0.34808,0.0204,0.058,456774636701154.562500
-0.34807,0.0228,0.0516,456774636701154.562500
-0.34806,0.0196,0.0572,456774636701154.562500
-0.34804999999999997,0.0244,0.054,456774636701154.562500
-0.34804,0.0212,0.056400000000000006,456774636701154.562500
-0.34802999999999995,0.0244,0.056400000000000006,456774636701154.562500
-0.34802,0.0212,0.054,456774636701154.562500
-0.34801,0.0236,0.0468,456774636701154.562500
-0.348,0.0228,0.055600000000000004,456774636701154.562500
-0.34799,0.0228,0.040400000000000005,456774636701154.562500
-0.34797999999999996,0.0236,0.0572,456774636701154.562500
-0.34797,0.0244,0.048400000000000006,456774636701154.562500
-0.34796,0.022000000000000002,0.056400000000000006,456774636701154.562500
-0.34795,0.0236,0.053200000000000004,456774636701154.562500
-0.34794,0.018000000000000002,0.055600000000000004,456774636701154.562500
-0.34792999999999996,0.022000000000000002,0.055600000000000004,456774636701154.562500
-0.34792,0.022000000000000002,0.055600000000000004,456774636701154.562500
-0.34791,0.0236,0.056400000000000006,456774636701154.562500
-0.3479,0.0204,0.05,456774636701154.562500
-0.34789,0.0236,0.058,456774636701154.562500
-0.34787999999999997,0.0228,0.055600000000000004,456774636701154.562500
-0.34787,0.0212,0.055600000000000004,456774636701154.562500
-0.34785999999999995,0.0196,0.0572,456774636701154.562500
-0.34785,0.022000000000000002,0.054,456774636701154.562500
-0.34784,0.0212,0.055600000000000004,456774636701154.562500
-0.34783,0.0188,0.0468,456774636701154.562500
-0.34782,0.0212,0.0524,456774636701154.562500
-0.34780999999999995,0.0204,0.0476,456774636701154.562500
-0.3478,0.0212,0.058,456774636701154.562500
-0.34779,0.0204,0.055600000000000004,456774636701154.562500
-0.34778,0.0228,0.0548,456774636701154.562500
-0.34777,0.0212,0.056400000000000006,456774636701154.562500
-0.34775999999999996,0.0228,0.0516,456774636701154.562500
-0.34775,0.0228,0.055600000000000004,456774636701154.562500
-0.34774,0.0236,0.055600000000000004,456774636701154.562500
-0.34773,0.0244,0.058,456774636701154.562500
-0.34772000000000003,0.022000000000000002,0.055600000000000004,456774636701154.562500
-0.34770999999999996,0.0244,0.056400000000000006,456774636701154.562500
-0.3477,0.0212,0.056400000000000006,456774636701154.562500
-0.34769,0.0236,0.056400000000000006,456774636701154.562500
-0.34768,0.0228,0.058,456774636701154.562500
-0.34767,0.0204,0.058800000000000005,456774636701154.562500
-0.34765999999999997,0.0204,0.0572,456774636701154.562500
-0.34765,0.0228,0.058,456774636701154.562500
-0.34763999999999995,0.0236,0.0516,456774636701154.562500
-0.34763,0.022000000000000002,0.058,456774636701154.562500
-0.34762,0.0228,0.0548,456774636701154.562500
-0.34761,0.0196,0.0572,456774636701154.562500
-0.3476,0.022000000000000002,0.0516,456774636701154.562500
-0.34758999999999995,0.018000000000000002,0.058,456774636701154.562500
-0.34758,0.0204,0.053200000000000004,456774636701154.562500
-0.34757,0.0228,0.0572,456774636701154.562500
-0.34756,0.0212,0.054,456774636701154.562500
-0.34755,0.0204,0.055600000000000004,456774636701154.562500
-0.34753999999999996,0.0228,0.0572,456774636701154.562500
-0.34753,0.022000000000000002,0.0548,456774636701154.562500
-0.34752,0.0212,0.0572,456774636701154.562500
-0.34751,0.022000000000000002,0.0572,456774636701154.562500
-0.3475,0.0188,0.056400000000000006,456774636701154.562500
-0.34748999999999997,0.0204,0.0548,456774636701154.562500
-0.34748,0.0164,0.0572,456774636701154.562500
-0.34747,0.0212,0.058,456774636701154.562500
-0.34746,0.0212,0.0548,456774636701154.562500
-0.34745,0.0236,0.0572,456774636701154.562500
-0.34743999999999997,0.0228,0.054,456774636701154.562500
-0.34743,0.022000000000000002,0.0572,456774636701154.562500
-0.34741999999999995,0.0252,0.056400000000000006,456774636701154.562500
-0.34741,0.0236,0.0572,456774636701154.562500
-0.3474,0.0228,0.0572,456774636701154.562500
-0.34739,0.0244,0.054,456774636701154.562500
-0.34738,0.0244,0.0516,456774636701154.562500
-0.34736999999999996,0.0228,0.0572,456774636701154.562500
-0.34736,0.0252,0.055600000000000004,456774636701154.562500
-0.34735,0.022000000000000002,0.056400000000000006,456774636701154.562500
-0.34734,0.0236,0.0524,456774636701154.562500
-0.34733,0.0236,0.0548,456774636701154.562500
-0.34731999999999996,0.022000000000000002,0.05,456774636701154.562500
-0.34731,0.022000000000000002,0.0492,456774636701154.562500
-0.3473,0.0228,0.045200000000000004,456774636701154.562500
-0.34729,0.0228,0.0468,456774636701154.562500
-0.34728,0.0212,0.0516,456774636701154.562500
-0.34726999999999997,0.022000000000000002,0.0548,456774636701154.562500
-0.34726,0.0204,0.050800000000000005,456774636701154.562500
-0.34724999999999995,0.022000000000000002,0.0476,456774636701154.562500
-0.34724,0.0204,0.0468,456774636701154.562500
-0.34723,0.0228,0.0524,456774636701154.562500
-0.34722,0.0236,0.0548,456774636701154.562500
-0.34721,0.022000000000000002,0.0572,456774636701154.562500
-0.34719999999999995,0.022000000000000002,0.055600000000000004,456774636701154.562500
-0.34719,0.0204,0.0572,456774636701154.562500
-0.34718,0.0228,0.055600000000000004,456774636701154.562500
-0.34717,0.0228,0.055600000000000004,456774636701154.562500
-0.34716,0.022000000000000002,0.056400000000000006,456774636701154.562500
-0.34714999999999996,0.0236,0.055600000000000004,456774636701154.562500
-0.34714,0.0188,0.055600000000000004,456774636701154.562500
-0.34713,0.0236,0.0524,456774636701154.562500
-0.34712,0.0228,0.0548,456774636701154.562500
-0.34711,0.0228,0.055600000000000004,456774636701154.562500
-0.34709999999999996,0.0228,0.056400000000000006,456774636701154.562500
-0.34709,0.0236,0.056400000000000006,456774636701154.562500
-0.34708,0.0236,0.054,456774636701154.562500
-0.34707,0.0228,0.0572,456774636701154.562500
-0.34706,0.0252,0.056400000000000006,456774636701154.562500
-0.34704999999999997,0.0244,0.056400000000000006,456774636701154.562500
-0.34704,0.0228,0.056400000000000006,456774636701154.562500
-0.34702999999999995,0.0212,0.053200000000000004,456774636701154.562500
-0.34702,0.0196,0.054,456774636701154.562500
-0.34701,0.018000000000000002,0.0524,456774636701154.562500
-0.347,0.012400000000000001,0.055600000000000004,456774636701154.562500
-0.34699,0.0172,0.055600000000000004,456774636701154.562500
-0.34697999999999996,0.0212,0.0572,456774636701154.562500
-0.34697,0.0148,0.056400000000000006,456774636701154.562500
-0.34696,0.0188,0.055600000000000004,456774636701154.562500
-0.34695,0.0196,0.0524,456774636701154.562500
-0.34694,0.0188,0.054,456774636701154.562500
-0.34692999999999996,0.0164,0.0516,456774636701154.562500
-0.34692,0.018000000000000002,0.054,456774636701154.562500
-0.34691,0.018000000000000002,0.0468,456774636701154.562500
-0.3469,0.0188,0.054,456774636701154.562500
-0.34689,0.0196,0.050800000000000005,456774636701154.562500
-0.34687999999999997,0.0204,0.056400000000000006,456774636701154.562500
-0.34687,0.018000000000000002,0.055600000000000004,456774636701154.562500
-0.34685999999999995,0.0228,0.055600000000000004,456774636701154.562500
-0.34685,0.0228,0.056400000000000006,456774636701154.562500
-0.34684,0.0228,0.0572,456774636701154.562500
-0.34682999999999997,0.0244,0.058,456774636701154.562500
-0.34682,0.0252,0.055600000000000004,456774636701154.562500
-0.34680999999999995,0.0236,0.058,456774636701154.562500
-0.3468,0.0236,0.056400000000000006,456774636701154.562500
-0.34679,0.0244,0.054,456774636701154.562500
-0.34678,0.0228,0.056400000000000006,456774636701154.562500
-0.34677,0.0244,0.0572,456774636701154.562500
-0.34675999999999996,0.0236,0.058,456774636701154.562500
-0.34675,0.0236,0.056400000000000006,456774636701154.562500
-0.34674,0.0236,0.054,456774636701154.562500
-0.34673,0.0236,0.055600000000000004,456774636701154.562500
-0.34672000000000003,0.0236,0.058,456774636701154.562500
-0.34670999999999996,0.0228,0.055600000000000004,456774636701154.562500
-0.3467,0.0236,0.0492,456774636701154.562500
-0.34669,0.0204,0.055600000000000004,456774636701154.562500
-0.34668,0.0212,0.053200000000000004,456774636701154.562500
-0.34667,0.0212,0.056400000000000006,456774636701154.562500
-0.34665999999999997,0.0212,0.058,456774636701154.562500
-0.34665,0.0148,0.056400000000000006,456774636701154.562500
-0.34663999999999995,0.018000000000000002,0.058,456774636701154.562500
-0.34663,0.0212,0.0572,456774636701154.562500
-0.34662,0.022000000000000002,0.054,456774636701154.562500
-0.34661,0.0212,0.056400000000000006,456774636701154.562500
-0.3466,0.0212,0.0572,456774636701154.562500
-0.34658999999999995,0.0228,0.0572,456774636701154.562500
-0.34658,0.0212,0.0572,456774636701154.562500
-0.34657,0.0204,0.0548,456774636701154.562500
-0.34656,0.0236,0.058,456774636701154.562500
-0.34655,0.022000000000000002,0.055600000000000004,456774636701154.562500
-0.34653999999999996,0.0204,0.056400000000000006,456774636701154.562500
-0.34653,0.0244,0.0572,456774636701154.562500
-0.34652,0.0228,0.0572,456774636701154.562500
-0.34651,0.0236,0.055600000000000004,456774636701154.562500
-0.3465,0.0236,0.056400000000000006,456774636701154.562500
-0.34648999999999996,0.0244,0.0572,456774636701154.562500
-0.34648,0.022000000000000002,0.055600000000000004,456774636701154.562500
-0.34647,0.0244,0.0516,456774636701154.562500
-0.34646,0.0188,0.056400000000000006,456774636701154.562500
-0.34645,0.022000000000000002,0.0516,456774636701154.562500
-0.34643999999999997,0.0228,0.054,456774636701154.562500
-0.34643,0.022000000000000002,0.054,456774636701154.562500
-0.34641999999999995,0.022000000000000002,0.0572,456774636701154.562500
-0.34641,0.022000000000000002,0.056400000000000006,456774636701154.562500
-0.3464,0.0236,0.0524,456774636701154.562500
-0.34639,0.0196,0.0572,456774636701154.562500
-0.34638,0.0212,0.0572,456774636701154.562500
-0.34636999999999996,0.0196,0.0548,456774636701154.562500
-0.34636,0.0236,0.058,456774636701154.562500
-0.34635,0.0212,0.055600000000000004,456774636701154.562500
-0.34634,0.0212,0.054,456774636701154.562500
-0.34633,0.0188,0.056400000000000006,456774636701154.562500
-0.34631999999999996,0.0228,0.055600000000000004,456774636701154.562500
-0.34631,0.022000000000000002,0.0572,456774636701154.562500
-0.3463,0.0196,0.0548,456774636701154.562500
-0.34629,0.022000000000000002,0.054,456774636701154.562500
-0.34628,0.022000000000000002,0.0476,456774636701154.562500
-0.34626999999999997,0.022000000000000002,0.056400000000000006,456774636701154.562500
-0.34626,0.015600000000000001,0.054,456774636701154.562500
-0.34624999999999995,0.0188,0.055600000000000004,456774636701154.562500
-0.34624,0.0172,0.058,456774636701154.562500
-0.34623,0.0188,0.056400000000000006,456774636701154.562500
-0.34621999999999997,0.015600000000000001,0.055600000000000004,456774636701154.562500
-0.34621,0.0196,0.056400000000000006,456774636701154.562500
-0.34619999999999995,0.0204,0.0548,456774636701154.562500
-0.34619,0.0212,0.0572,456774636701154.562500
-0.34618,0.0188,0.0548,456774636701154.562500
-0.34617,0.0244,0.058,456774636701154.562500
-0.34616,0.0228,0.056400000000000006,456774636701154.562500
-0.34614999999999996,0.0228,0.054,456774636701154.562500
-0.34614,0.0244,0.056400000000000006,456774636701154.562500
-0.34613,0.0244,0.05,456774636701154.562500
-0.34612,0.0212,0.056400000000000006,456774636701154.562500
-0.34611000000000003,0.0172,0.058,456774636701154.562500
-0.34609999999999996,0.022000000000000002,0.05,456774636701154.562500
-0.34609,0.018000000000000002,0.053200000000000004,456774636701154.562500
-0.34608,0.0244,0.0492,456774636701154.562500
-0.34607,0.0212,0.050800000000000005,456774636701154.562500
-0.34606,0.0212,0.053200000000000004,456774636701154.562500
-0.34604999999999997,0.022000000000000002,0.058,456774636701154.562500
-0.34604,0.0204,0.0524,456774636701154.562500
-0.34602999999999995,0.0204,0.058,456774636701154.562500
-0.34602,0.022000000000000002,0.058,456774636701154.562500
-0.34601,0.0204,0.0524,456774636701154.562500
-0.346,0.0228,0.055600000000000004,456774636701154.562500
-0.34599,0.022000000000000002,0.055600000000000004,456774636701154.562500
-0.34597999999999995,0.022000000000000002,0.056400000000000006,456774636701154.562500
-0.34597,0.0228,0.058,456774636701154.562500
-0.34596,0.018000000000000002,0.056400000000000006,456774636701154.562500
-0.34595,0.0228,0.055600000000000004,456774636701154.562500
-0.34594,0.0228,0.055600000000000004,456774636701154.562500
-0.34592999999999996,0.0228,0.0572,456774636701154.562500
-0.34592,0.015600000000000001,0.054,456774636701154.562500
-0.34591,0.0228,0.056400000000000006,456774636701154.562500
-0.3459,0.022000000000000002,0.0572,456774636701154.562500
-0.34589,0.0228,0.056400000000000006,456774636701154.562500
-0.34587999999999997,0.0196,0.058,456774636701154.562500
-0.34587,0.0244,0.055600000000000004,456774636701154.562500
-0.34586,0.0244,0.056400000000000006,456774636701154.562500
-0.34585,0.0236,0.0572,456774636701154.562500
-0.34584,0.0244,0.050800000000000005,456774636701154.562500
-0.34582999999999997,0.0244,0.056400000000000006,456774636701154.562500
-0.34582,0.0228,0.054,456774636701154.562500
-0.34580999999999995,0.0204,0.0572,456774636701154.562500
-0.3458,0.0228,0.055600000000000004,456774636701154.562500
-0.34579,0.022000000000000002,0.048400000000000006,456774636701154.562500
-0.34578,0.022000000000000002,0.0436,456774636701154.562500
-0.34577,0.0228,0.042800000000000005,456774636701154.562500
-0.34575999999999996,0.022000000000000002,0.045200000000000004,456774636701154.562500
-0.34575,0.0204,0.0516,456774636701154.562500
-0.34574,0.0228,0.0516,456774636701154.562500
-0.34573,0.022000000000000002,0.0516,456774636701154.562500
-0.34572,0.0204,0.050800000000000005,456774636701154.562500
-0.34570999999999996,0.022000000000000002,0.050800000000000005,456774636701154.562500
-0.3457,0.0212,0.0524,456774636701154.562500
-0.34569,0.022000000000000002,0.055600000000000004,456774636701154.562500
-0.34568,0.022000000000000002,0.058,456774636701154.562500
-0.34567,0.0204,0.0572,456774636701154.562500
-0.34565999999999997,0.0196,0.056400000000000006,456774636701154.562500
-0.34565,0.0148,0.0548,456774636701154.562500
-0.34563999999999995,0.0204,0.042,456774636701154.562500
-0.34563,0.0188,0.0476,456774636701154.562500
-0.34562,0.0236,0.053200000000000004,456774636701154.562500
-0.34561,0.0228,0.0516,456774636701154.562500
-0.3456,0.0172,0.055600000000000004,456774636701154.562500
-0.34558999999999995,0.022000000000000002,0.0492,456774636701154.562500
-0.34558,0.0132,0.054,456774636701154.562500
-0.34557,0.0228,0.0476,456774636701154.562500
-0.34556,0.0236,0.0572,456774636701154.562500
-0.34555,0.0252,0.0572,456774636701154.562500
-0.34553999999999996,0.0236,0.05,456774636701154.562500
-0.34553,0.0236,0.058,456774636701154.562500
-0.34552,0.0228,0.058,456774636701154.562500
-0.34551,0.0244,0.0572,456774636701154.562500
-0.3455,0.0228,0.058,456774636701154.562500
-0.34548999999999996,0.0236,0.0572,456774636701154.562500
-0.34548,0.0204,0.055600000000000004,456774636701154.562500
-0.34547,0.022000000000000002,0.0572,456774636701154.562500
-0.34546,0.0212,0.0548,456774636701154.562500
-0.34545,0.0196,0.0548,456774636701154.562500
-0.34543999999999997,0.0228,0.058,456774636701154.562500
-0.34543,0.0212,0.0572,456774636701154.562500
-0.34541999999999995,0.0204,0.050800000000000005,456774636701154.562500
-0.34541,0.0212,0.0524,456774636701154.562500
-0.3454,0.022000000000000002,0.054,456774636701154.562500
-0.34539,0.0204,0.058800000000000005,456774636701154.562500
-0.34538,0.0228,0.0468,456774636701154.562500
-0.34536999999999995,0.022000000000000002,0.0572,456774636701154.562500
-0.34536,0.022000000000000002,0.053200000000000004,456774636701154.562500
-0.34535,0.022000000000000002,0.058800000000000005,456774636701154.562500
-0.34534,0.0228,0.056400000000000006,456774636701154.562500
-0.34533,0.022000000000000002,0.056400000000000006,456774636701154.562500
-0.34531999999999996,0.0212,0.055600000000000004,456774636701154.562500
-0.34531,0.022000000000000002,0.05,456774636701154.562500
-0.3453,0.0244,0.056400000000000006,456774636701154.562500
-0.34529,0.0236,0.056400000000000006,456774636701154.562500
-0.34528,0.0196,0.056400000000000006,456774636701154.562500
-0.34526999999999997,0.0244,0.0572,456774636701154.562500
-0.34526,0.0236,0.058,456774636701154.562500
-0.34524999999999995,0.0236,0.0524,456774636701154.562500
-0.34524,0.0228,0.0572,456774636701154.562500
-0.34523,0.0228,0.0572,456774636701154.562500
-0.34521999999999997,0.0196,0.056400000000000006,456774636701154.562500
-0.34521,0.0244,0.058800000000000005,456774636701154.562500
-0.34519999999999995,0.0196,0.055600000000000004,456774636701154.562500
-0.34519,0.022000000000000002,0.054,456774636701154.562500
-0.34518,0.0236,0.056400000000000006,456774636701154.562500
-0.34517,0.0236,0.056400000000000006,456774636701154.562500
-0.34516,0.0228,0.0516,456774636701154.562500
-0.34514999999999996,0.022000000000000002,0.055600000000000004,456774636701154.562500
-0.34514,0.022000000000000002,0.054,456774636701154.562500
-0.34513,0.022000000000000002,0.058,456774636701154.562500
-0.34512,0.0212,0.056400000000000006,456774636701154.562500
-0.34511000000000003,0.0228,0.056400000000000006,456774636701154.562500
-0.34509999999999996,0.0228,0.058,456774636701154.562500
-0.34509,0.0212,0.058,456774636701154.562500
-0.34508,0.0204,0.053200000000000004,456774636701154.562500
-0.34507,0.0212,0.058800000000000005,456774636701154.562500
-0.34506,0.0204,0.056400000000000006,456774636701154.562500
-0.34504999999999997,0.0204,0.0548,456774636701154.562500
-0.34504,0.0212,0.0572,456774636701154.562500
-0.34502999999999995,0.0236,0.0524,456774636701154.562500
-0.34502,0.0236,0.055600000000000004,456774636701154.562500
-0.34501,0.0236,0.0572,456774636701154.562500
-0.345,0.0236,0.053200000000000004,456774636701154.562500
-0.34499,0.0236,0.055600000000000004,456774636701154.562500
-0.34497999999999995,0.0244,0.0524,456774636701154.562500
-0.34497,0.0172,0.055600000000000004,456774636701154.562500
-0.34496,0.0244,0.053200000000000004,456774636701154.562500
-0.34495,0.0228,0.056400000000000006,456774636701154.562500
-0.34494,0.0236,0.055600000000000004,456774636701154.562500
-0.34492999999999996,0.0228,0.058800000000000005,456774636701154.562500
-0.34492,0.0244,0.0444,456774636701154.562500
-0.34491,0.022000000000000002,0.0572,456774636701154.562500
-0.3449,0.0244,0.048400000000000006,456774636701154.562500
-0.34489,0.0236,0.058800000000000005,456774636701154.562500
-0.34487999999999996,0.0236,0.0572,456774636701154.562500
-0.34487,0.0212,0.054,456774636701154.562500
-0.34486,0.0236,0.0572,456774636701154.562500
-0.34485,0.022000000000000002,0.05,456774636701154.562500
-0.34484,0.022000000000000002,0.054,456774636701154.562500
-0.34482999999999997,0.0196,0.05,456774636701154.562500
-0.34482,0.022000000000000002,0.0516,456774636701154.562500
-0.34480999999999995,0.0204,0.055600000000000004,456774636701154.562500
-0.3448,0.022000000000000002,0.0524,456774636701154.562500
-0.34479,0.022000000000000002,0.056400000000000006,456774636701154.562500
-0.34478,0.0212,0.058,456774636701154.562500
-0.34477,0.0204,0.055600000000000004,456774636701154.562500
-0.34475999999999996,0.022000000000000002,0.0572,456774636701154.562500
-0.34475,0.022000000000000002,0.054,456774636701154.562500
-0.34474,0.022000000000000002,0.054,456774636701154.562500
-0.34473,0.0244,0.0572,456774636701154.562500
-0.34472,0.0236,0.055600000000000004,456774636701154.562500
-0.34470999999999996,0.0236,0.058,456774636701154.562500
-0.3447,0.022000000000000002,0.056400000000000006,456774636701154.562500
-0.34469,0.0236,0.058,456774636701154.562500
-0.34468,0.022000000000000002,0.056400000000000006,456774636701154.562500
-0.34467,0.022000000000000002,0.055600000000000004,456774636701154.562500
-0.34465999999999997,0.0212,0.054,456774636701154.562500
-0.34465,0.0188,0.050800000000000005,456774636701154.562500
-0.34463999999999995,0.022000000000000002,0.058,456774636701154.562500
-0.34463,0.0172,0.056400000000000006,456774636701154.562500
-0.34462,0.0244,0.058,456774636701154.562500
-0.34460999999999997,0.0236,0.058800000000000005,456774636701154.562500
-0.3446,0.0244,0.0516,456774636701154.562500
-0.34458999999999995,0.0228,0.0572,456774636701154.562500
-0.34458,0.0212,0.056400000000000006,456774636701154.562500
-0.34457,0.0212,0.0572,456774636701154.562500
-0.34456,0.022000000000000002,0.056400000000000006,456774636701154.562500
-0.34455,0.022000000000000002,0.058,456774636701154.562500
-0.34453999999999996,0.0228,0.0572,456774636701154.562500
-0.34453,0.018000000000000002,0.055600000000000004,456774636701154.562500
-0.34452,0.022000000000000002,0.05,456774636701154.562500
-0.34451,0.0188,0.0572,456774636701154.562500
-0.34450000000000003,0.0228,0.056400000000000006,456774636701154.562500
-0.34448999999999996,0.022000000000000002,0.0524,456774636701154.562500
-0.34448,0.0172,0.053200000000000004,456774636701154.562500
-0.34447,0.022000000000000002,0.050800000000000005,456774636701154.562500
-0.34446,0.0228,0.0548,456774636701154.562500
-0.34445,0.0212,0.0572,456774636701154.562500
-0.34443999999999997,0.0204,0.056400000000000006,456774636701154.562500
-0.34443,0.0228,0.054,456774636701154.562500
-0.34441999999999995,0.0204,0.0572,456774636701154.562500
-0.34441,0.022000000000000002,0.0524,456774636701154.562500
-0.3444,0.0236,0.056400000000000006,456774636701154.562500
-0.34439,0.0244,0.054,456774636701154.562500
-0.34438,0.0244,0.0492,456774636701154.562500
-0.34436999999999995,0.0228,0.055600000000000004,456774636701154.562500
-0.34436,0.0204,0.0492,456774636701154.562500
-0.34435,0.0236,0.0524,456774636701154.562500
-0.34434,0.0252,0.055600000000000004,456774636701154.562500
-0.34433,0.0236,0.0548,456774636701154.562500
-0.34431999999999996,0.0228,0.048400000000000006,456774636701154.562500
-0.34431,0.022000000000000002,0.056400000000000006,456774636701154.562500
-0.3443,0.022000000000000002,0.053200000000000004,456774636701154.562500
-0.34429,0.022000000000000002,0.058,456774636701154.562500
-0.34428,0.0236,0.055600000000000004,456774636701154.562500
-0.34426999999999996,0.0196,0.056400000000000006,456774636701154.562500
-0.34426,0.0228,0.055600000000000004,456774636701154.562500
-0.34425,0.0204,0.055600000000000004,456774636701154.562500
-0.34424,0.0236,0.055600000000000004,456774636701154.562500
-0.34423,0.018000000000000002,0.0572,456774636701154.562500
-0.34421999999999997,0.0212,0.0572,456774636701154.562500
-0.34421,0.022000000000000002,0.0548,456774636701154.562500
-0.34419999999999995,0.022000000000000002,0.058,456774636701154.562500
-0.34419,0.0204,0.053200000000000004,456774636701154.562500
-0.34418,0.0212,0.0468,456774636701154.562500
-0.34417,0.0204,0.0572,456774636701154.562500
-0.34416,0.0188,0.0516,456774636701154.562500
-0.34414999999999996,0.0204,0.058,456774636701154.562500
-0.34414,0.0148,0.058,456774636701154.562500
-0.34413,0.0228,0.0524,456774636701154.562500
-0.34412,0.022000000000000002,0.056400000000000006,456774636701154.562500
-0.34411,0.0228,0.0548,456774636701154.562500
-0.34409999999999996,0.0228,0.055600000000000004,456774636701154.562500
-0.34409,0.0236,0.0572,456774636701154.562500
-0.34408,0.0244,0.050800000000000005,456774636701154.562500
-0.34407,0.022000000000000002,0.0548,456774636701154.562500
-0.34406,0.0244,0.055600000000000004,456774636701154.562500
-0.34404999999999997,0.0252,0.055600000000000004,456774636701154.562500
-0.34404,0.0236,0.0476,456774636701154.562500
-0.34402999999999995,0.0236,0.05,456774636701154.562500
-0.34402,0.026000000000000002,0.0524,456774636701154.562500
-0.34401,0.0244,0.0476,456774636701154.562500
-0.344,0.0244,0.0572,456774636701154.562500
-0.34399,0.0244,0.0572,456774636701154.562500
-0.34397999999999995,0.0236,0.054,456774636701154.562500
-0.34397,0.0228,0.0548,456774636701154.562500
-0.34396,0.0228,0.0572,456774636701154.562500
-0.34395,0.0228,0.056400000000000006,456774636701154.562500
-0.34394,0.0204,0.0572,456774636701154.562500
-0.34392999999999996,0.022000000000000002,0.055600000000000004,456774636701154.562500
-0.34392,0.0188,0.056400000000000006,456774636701154.562500
-0.34391,0.0236,0.0524,456774636701154.562500
-0.3439,0.0228,0.0572,456774636701154.562500
-0.34389,0.022000000000000002,0.056400000000000006,456774636701154.562500
-0.34387999999999996,0.0196,0.0572,456774636701154.562500
-0.34387,0.0228,0.0572,456774636701154.562500
-0.34386,0.0212,0.056400000000000006,456774636701154.562500
-0.34385,0.0236,0.054,456774636701154.562500
-0.34384,0.022000000000000002,0.056400000000000006,456774636701154.562500
-0.34382999999999997,0.0228,0.056400000000000006,456774636701154.562500
-0.34382,0.0228,0.05,456774636701154.562500
-0.34380999999999995,0.0212,0.055600000000000004,456774636701154.562500
-0.3438,0.0188,0.042800000000000005,456774636701154.562500
-0.34379,0.0212,0.058,456774636701154.562500
-0.34378,0.0172,0.056400000000000006,456774636701154.562500
-0.34377,0.022000000000000002,0.054,456774636701154.562500
-0.34375999999999995,0.0236,0.045200000000000004,456774636701154.562500
-0.34375,0.0252,0.056400000000000006,456774636701154.562500
-0.34374,0.0236,0.0524,456774636701154.562500
-0.34373,0.0236,0.0572,456774636701154.562500
-0.34372,0.0228,0.058,456774636701154.562500
-0.34370999999999996,0.0236,0.0516,456774636701154.562500
-0.3437,0.0244,0.058,456774636701154.562500
-0.34369,0.0236,0.0412,456774636701154.562500
-0.34368,0.0196,0.055600000000000004,456774636701154.562500
-0.34367,0.0236,0.0524,456774636701154.562500
-0.34365999999999997,0.0204,0.054,456774636701154.562500
-0.34365,0.0228,0.056400000000000006,456774636701154.562500
-0.34364,0.0188,0.055600000000000004,456774636701154.562500
-0.34363,0.022000000000000002,0.058,456774636701154.562500
-0.34362,0.0212,0.058,456774636701154.562500
-0.34360999999999997,0.0212,0.056400000000000006,456774636701154.562500
-0.3436,0.0204,0.056400000000000006,456774636701154.562500
-0.34358999999999995,0.022000000000000002,0.055600000000000004,456774636701154.562500
-0.34358,0.022000000000000002,0.056400000000000006,456774636701154.562500
-0.34357,0.0212,0.055600000000000004,456774636701154.562500
-0.34356,0.0204,0.056400000000000006,456774636701154.562500
-0.34355,0.0196,0.058,456774636701154.562500
-0.34353999999999996,0.022000000000000002,0.0548,456774636701154.562500
-0.34353,0.0164,0.058,456774636701154.562500
-0.34352,0.022000000000000002,0.053200000000000004,456774636701154.562500
-0.34351,0.018000000000000002,0.056400000000000006,456774636701154.562500
-0.3435,0.0236,0.0524,456774636701154.562500
-0.34348999999999996,0.0164,0.056400000000000006,456774636701154.562500
-0.34348,0.0236,0.054,456774636701154.562500
-0.34347,0.022000000000000002,0.058,456774636701154.562500
-0.34346,0.0244,0.056400000000000006,456774636701154.562500
-0.34345,0.0244,0.054,456774636701154.562500
-0.34343999999999997,0.0236,0.056400000000000006,456774636701154.562500
-0.34343,0.0204,0.0516,456774636701154.562500
-0.34341999999999995,0.0236,0.055600000000000004,456774636701154.562500
-0.34341,0.0236,0.056400000000000006,456774636701154.562500
-0.3434,0.022000000000000002,0.0516,456774636701154.562500
-0.34339,0.0228,0.0572,456774636701154.562500
-0.34338,0.0228,0.055600000000000004,456774636701154.562500
-0.34336999999999995,0.0228,0.056400000000000006,456774636701154.562500
-0.34336,0.0236,0.058,456774636701154.562500
-0.34335,0.0236,0.055600000000000004,456774636701154.562500
-0.34334,0.0228,0.056400000000000006,456774636701154.562500
-0.34333,0.0228,0.056400000000000006,456774636701154.562500
-0.34331999999999996,0.0228,0.055600000000000004,456774636701154.562500
-0.34331,0.0228,0.0524,456774636701154.562500
-0.3433,0.0244,0.055600000000000004,456774636701154.562500
-0.34329,0.0244,0.0572,456774636701154.562500
-0.34328,0.0212,0.0572,456774636701154.562500
-0.34326999999999996,0.0212,0.055600000000000004,456774636701154.562500
-0.34326,0.0212,0.056400000000000006,456774636701154.562500
-0.34325,0.022000000000000002,0.056400000000000006,456774636701154.562500
-0.34324,0.0228,0.0548,456774636701154.562500
-0.34323,0.022000000000000002,0.054,456774636701154.562500
-0.34321999999999997,0.0196,0.058,456774636701154.562500
-0.34321,0.0228,0.0492,456774636701154.562500
-0.34319999999999995,0.0236,0.05,456774636701154.562500
-0.34319,0.0228,0.053200000000000004,456774636701154.562500
-0.34318,0.0236,0.0516,456774636701154.562500
-0.34317,0.0236,0.055600000000000004,456774636701154.562500
-0.34316,0.0228,0.0572,456774636701154.562500
-0.34314999999999996,0.0228,0.055600000000000004,456774636701154.562500
-0.34314,0.0236,0.058800000000000005,456774636701154.562500
-0.34313,0.0228,0.056400000000000006,456774636701154.562500
-0.34312,0.0236,0.048400000000000006,456774636701154.562500
-0.34311,0.0252,0.0524,456774636701154.562500
-0.34309999999999996,0.0244,0.048400000000000006,456774636701154.562500
-0.34309,0.0244,0.055600000000000004,456774636701154.562500
-0.34308,0.0244,0.037200000000000004,456774636701154.562500
-0.34307,0.0212,0.048400000000000006,456774636701154.562500
-0.34306,0.022000000000000002,0.0548,456774636701154.562500
-0.34304999999999997,0.022000000000000002,0.056400000000000006,456774636701154.562500
-0.34304,0.0204,0.050800000000000005,456774636701154.562500
-0.34302999999999995,0.0188,0.056400000000000006,456774636701154.562500
-0.34302,0.022000000000000002,0.048400000000000006,456774636701154.562500
-0.34301,0.022000000000000002,0.054,456774636701154.562500
-0.34299999999999997,0.022000000000000002,0.046,456774636701154.562500
-0.34299,0.0236,0.055600000000000004,456774636701154.562500
-0.34297999999999995,0.022000000000000002,0.0524,456774636701154.562500
-0.34297,0.0212,0.055600000000000004,456774636701154.562500
-0.34296,0.022000000000000002,0.055600000000000004,456774636701154.562500
-0.34295,0.0236,0.058,456774636701154.562500
-0.34294,0.0228,0.055600000000000004,456774636701154.562500
-0.34292999999999996,0.022000000000000002,0.058800000000000005,456774636701154.562500
-0.34292,0.0212,0.054,456774636701154.562500
-0.34291,0.022000000000000002,0.050800000000000005,456774636701154.562500
-0.3429,0.018000000000000002,0.058,456774636701154.562500
-0.34289000000000003,0.0244,0.0524,456774636701154.562500
-0.34287999999999996,0.0172,0.0572,456774636701154.562500
-0.34287,0.0236,0.0444,456774636701154.562500
-0.34286,0.0244,0.0548,456774636701154.562500
-0.34285,0.026000000000000002,0.045200000000000004,456774636701154.562500
-0.34284,0.0244,0.0572,456774636701154.562500
-0.34282999999999997,0.0244,0.0516,456774636701154.562500
-0.34282,0.022000000000000002,0.054,456774636701154.562500
-0.34280999999999995,0.0252,0.0548,456774636701154.562500
-0.3428,0.0228,0.054,456774636701154.562500
-0.34279,0.0236,0.058,456774636701154.562500
-0.34278,0.0236,0.0524,456774636701154.562500
-0.34277,0.0228,0.056400000000000006,456774636701154.562500
-0.34275999999999995,0.0244,0.055600000000000004,456774636701154.562500
-0.34275,0.0188,0.0524,456774636701154.562500
-0.34274,0.022000000000000002,0.056400000000000006,456774636701154.562500
-0.34273,0.022000000000000002,0.056400000000000006,456774636701154.562500
-0.34272,0.0244,0.054,456774636701154.562500
-0.34270999999999996,0.0244,0.054,456774636701154.562500
-0.3427,0.022000000000000002,0.0476,456774636701154.562500
-0.34269,0.0204,0.054,456774636701154.562500
-0.34268,0.0228,0.0572,456774636701154.562500
-0.34267,0.0212,0.054,456774636701154.562500
-0.34265999999999996,0.0228,0.058,456774636701154.562500
-0.34265,0.0228,0.055600000000000004,456774636701154.562500
-0.34264,0.0212,0.056400000000000006,456774636701154.562500
-0.34263,0.0236,0.055600000000000004,456774636701154.562500
-0.34262,0.022000000000000002,0.054,456774636701154.562500
-0.34260999999999997,0.0228,0.054,456774636701154.562500
-0.3426,0.022000000000000002,0.050800000000000005,456774636701154.562500
-0.34258999999999995,0.0228,0.055600000000000004,456774636701154.562500
-0.34258,0.0228,0.05,456774636701154.562500
-0.34257,0.0236,0.056400000000000006,456774636701154.562500
-0.34256,0.0236,0.055600000000000004,456774636701154.562500
-0.34255,0.0252,0.056400000000000006,456774636701154.562500
-0.34253999999999996,0.0244,0.0572,456774636701154.562500
-0.34253,0.0228,0.0572,456774636701154.562500
-0.34252,0.0228,0.050800000000000005,456774636701154.562500
-0.34251,0.0244,0.0548,456774636701154.562500
-0.3425,0.0236,0.056400000000000006,456774636701154.562500
-0.34248999999999996,0.0212,0.056400000000000006,456774636701154.562500
-0.34248,0.022000000000000002,0.053200000000000004,456774636701154.562500
-0.34247,0.022000000000000002,0.055600000000000004,456774636701154.562500
-0.34246,0.0212,0.054,456774636701154.562500
-0.34245,0.0228,0.0572,456774636701154.562500
-0.34243999999999997,0.022000000000000002,0.058,456774636701154.562500
-0.34243,0.0164,0.055600000000000004,456774636701154.562500
-0.34241999999999995,0.022000000000000002,0.0572,456774636701154.562500
-0.34241,0.022000000000000002,0.0524,456774636701154.562500
-0.3424,0.022000000000000002,0.0572,456774636701154.562500
-0.34238999999999997,0.022000000000000002,0.0548,456774636701154.562500
-0.34238,0.0212,0.048400000000000006,456774636701154.562500
-0.34236999999999995,0.022000000000000002,0.055600000000000004,456774636701154.562500
-0.34236,0.022000000000000002,0.050800000000000005,456774636701154.562500
-0.34235,0.0204,0.055600000000000004,456774636701154.562500
-0.34234,0.0212,0.054,456774636701154.562500
-0.34233,0.022000000000000002,0.048400000000000006,456774636701154.562500
-0.34231999999999996,0.0228,0.058,456774636701154.562500
-0.34231,0.0196,0.056400000000000006,456774636701154.562500
-0.3423,0.022000000000000002,0.0572,456774636701154.562500
-0.34229,0.0212,0.056400000000000006,456774636701154.562500
-0.34228000000000003,0.0228,0.058,456774636701154.562500
-0.34226999999999996,0.0204,0.056400000000000006,456774636701154.562500
-0.34226,0.0228,0.0516,456774636701154.562500
-0.34225,0.0236,0.0572,456774636701154.562500
-0.34224,0.0244,0.0548,456774636701154.562500
-0.34223,0.026000000000000002,0.058,456774636701154.562500
-0.34221999999999997,0.0252,0.0572,456774636701154.562500
-0.34221,0.0228,0.0572,456774636701154.562500
-0.34219999999999995,0.022000000000000002,0.0516,456774636701154.562500
-0.34219,0.0236,0.056400000000000006,456774636701154.562500
-0.34218,0.0236,0.058800000000000005,456774636701154.562500
-0.34217,0.0228,0.055600000000000004,456774636701154.562500
-0.34216,0.022000000000000002,0.056400000000000006,456774636701154.562500
-0.34214999999999995,0.0196,0.056400000000000006,456774636701154.562500
-0.34214,0.0228,0.0572,456774636701154.562500
-0.34213,0.0212,0.056400000000000006,456774636701154.562500
-0.34212,0.0228,0.056400000000000006,456774636701154.562500
-0.34211,0.022000000000000002,0.058,456774636701154.562500
-0.34209999999999996,0.0212,0.056400000000000006,456774636701154.562500
-0.34209,0.0212,0.054,456774636701154.562500
-0.34208,0.0164,0.0548,456774636701154.562500
-0.34207,0.0236,0.058,456774636701154.562500
-0.34206,0.0196,0.058,456774636701154.562500
-0.34204999999999997,0.0212,0.056400000000000006,456774636701154.562500
-0.34204,0.0212,0.0572,456774636701154.562500
-0.34203,0.0228,0.056400000000000006,456774636701154.562500
-0.34202,0.022000000000000002,0.0548,456774636701154.562500
-0.34201,0.022000000000000002,0.055600000000000004,456774636701154.562500
-0.34199999999999997,0.0212,0.056400000000000006,456774636701154.562500
-0.34199,0.0228,0.048400000000000006,456774636701154.562500
-0.34197999999999995,0.022000000000000002,0.0572,456774636701154.562500
-0.34197,0.0228,0.05,456774636701154.562500
-0.34196,0.022000000000000002,0.0516,456774636701154.562500
-0.34195,0.0236,0.0492,456774636701154.562500
-0.34194,0.0236,0.055600000000000004,456774636701154.562500
-0.34192999999999996,0.0212,0.056400000000000006,456774636701154.562500
-0.34192,0.018000000000000002,0.0412,456774636701154.562500
-0.34191,0.0236,0.058,456774636701154.562500
-0.3419,0.022000000000000002,0.05,456774636701154.562500
-0.34189,0.0244,0.058800000000000005,456774636701154.562500
-0.34187999999999996,0.0236,0.058,456774636701154.562500
-0.34187,0.022000000000000002,0.0572,456774636701154.562500
-0.34186,0.0236,0.0572,456774636701154.562500
-0.34185,0.022000000000000002,0.0492,456774636701154.562500
-0.34184,0.0228,0.058,456774636701154.562500
-0.34182999999999997,0.0236,0.056400000000000006,456774636701154.562500
-0.34182,0.0236,0.0572,456774636701154.562500
-0.34180999999999995,0.0236,0.050800000000000005,456774636701154.562500
-0.3418,0.0196,0.0524,456774636701154.562500
-0.34179,0.0212,0.053200000000000004,456774636701154.562500
-0.34178,0.018000000000000002,0.055600000000000004,456774636701154.562500
-0.34177,0.0228,0.053200000000000004,456774636701154.562500
-0.34175999999999995,0.0196,0.055600000000000004,456774636701154.562500
-0.34175,0.022000000000000002,0.0516,456774636701154.562500
-0.34174,0.0236,0.055600000000000004,456774636701154.562500
-0.34173,0.022000000000000002,0.056400000000000006,456774636701154.562500
-0.34172,0.0228,0.056400000000000006,456774636701154.562500
-0.34170999999999996,0.022000000000000002,0.0548,456774636701154.562500
-0.3417,0.0204,0.058,456774636701154.562500
-0.34169,0.022000000000000002,0.0524,456774636701154.562500
-0.34168,0.0228,0.0572,456774636701154.562500
-0.34167,0.0236,0.053200000000000004,456774636701154.562500
-0.34165999999999996,0.0228,0.056400000000000006,456774636701154.562500
-0.34165,0.0244,0.0492,456774636701154.562500
-0.34164,0.022000000000000002,0.053200000000000004,456774636701154.562500
-0.34163,0.0244,0.056400000000000006,456774636701154.562500
-0.34162,0.0236,0.053200000000000004,456774636701154.562500
-0.34160999999999997,0.0244,0.05,456774636701154.562500
-0.3416,0.0228,0.0572,456774636701154.562500
-0.34158999999999995,0.022000000000000002,0.0572,456774636701154.562500
-0.34158,0.022000000000000002,0.056400000000000006,456774636701154.562500
-0.34157,0.0196,0.058,456774636701154.562500
-0.34156,0.0244,0.055600000000000004,456774636701154.562500
-0.34155,0.0204,0.0572,456774636701154.562500
-0.34153999999999995,0.0228,0.055600000000000004,456774636701154.562500
-0.34153,0.0212,0.0572,456774636701154.562500
-0.34152,0.0204,0.053200000000000004,456774636701154.562500
-0.34151,0.022000000000000002,0.058,456774636701154.562500
-0.3415,0.022000000000000002,0.058,456774636701154.562500
-0.34148999999999996,0.0196,0.0516,456774636701154.562500
-0.34148,0.0236,0.054,456774636701154.562500
-0.34147,0.022000000000000002,0.050800000000000005,456774636701154.562500
-0.34146,0.022000000000000002,0.053200000000000004,456774636701154.562500
-0.34145,0.0228,0.0476,456774636701154.562500
-0.34143999999999997,0.0228,0.0548,456774636701154.562500
-0.34143,0.0188,0.056400000000000006,456774636701154.562500
-0.34141999999999995,0.0212,0.056400000000000006,456774636701154.562500
-0.34141,0.0164,0.0572,456774636701154.562500
-0.3414,0.0236,0.0572,456774636701154.562500
-0.34138999999999997,0.0228,0.0548,456774636701154.562500
-0.34138,0.022000000000000002,0.056400000000000006,456774636701154.562500
-0.34136999999999995,0.0212,0.056400000000000006,456774636701154.562500
-0.34136,0.0188,0.0516,456774636701154.562500
-0.34135,0.0244,0.0572,456774636701154.562500
-0.34134,0.022000000000000002,0.054,456774636701154.562500
-0.34133,0.0236,0.0572,456774636701154.562500
-0.34131999999999996,0.0244,0.0524,456774636701154.562500
-0.34131,0.0236,0.0548,456774636701154.562500
-0.3413,0.0236,0.046,456774636701154.562500
-0.34129,0.0252,0.0548,456774636701154.562500
-0.34128000000000003,0.0252,0.054,456774636701154.562500
-0.34126999999999996,0.0236,0.058800000000000005,456774636701154.562500
-0.34126,0.0244,0.0572,456774636701154.562500
-0.34125,0.0252,0.0516,456774636701154.562500
-0.34124,0.022000000000000002,0.056400000000000006,456774636701154.562500
-0.34123,0.0204,0.056400000000000006,456774636701154.562500
-0.34121999999999997,0.0228,0.0572,456774636701154.562500
-0.34121,0.022000000000000002,0.050800000000000005,456774636701154.562500
-0.34119999999999995,0.0196,0.056400000000000006,456774636701154.562500
-0.34119,0.0196,0.054,456774636701154.562500
-0.34118,0.0212,0.0516,456774636701154.562500
-0.34117,0.0212,0.053200000000000004,456774636701154.562500
-0.34116,0.022000000000000002,0.05,456774636701154.562500
-0.34114999999999995,0.022000000000000002,0.054,456774636701154.562500
-0.34114,0.022000000000000002,0.0468,456774636701154.562500
-0.34113,0.0204,0.055600000000000004,456774636701154.562500
-0.34112,0.022000000000000002,0.055600000000000004,456774636701154.562500
-0.34111,0.0236,0.056400000000000006,456774636701154.562500
-0.34109999999999996,0.0228,0.054,456774636701154.562500
-0.34109,0.0236,0.0572,456774636701154.562500
-0.34108,0.0212,0.055600000000000004,456774636701154.562500
-0.34107,0.022000000000000002,0.058,456774636701154.562500
-0.34106,0.0188,0.056400000000000006,456774636701154.562500
-0.34104999999999996,0.022000000000000002,0.053200000000000004,456774636701154.562500
-0.34104,0.0228,0.045200000000000004,456774636701154.562500
-0.34103,0.0244,0.0596,456774636701154.562500
-0.34102,0.0188,0.0492,456774636701154.562500
-0.34101,0.0228,0.058,456774636701154.562500
-0.34099999999999997,0.0236,0.058,456774636701154.562500
-0.34099,0.0252,0.058,456774636701154.562500
-0.34097999999999995,0.0244,0.0572,456774636701154.562500
-0.34097,0.0244,0.045200000000000004,456774636701154.562500
-0.34096,0.0212,0.058,456774636701154.562500
-0.34095,0.026000000000000002,0.0516,456774636701154.562500
-0.34094,0.0244,0.056400000000000006,456774636701154.562500
-0.34092999999999996,0.0244,0.050800000000000005,456774636701154.562500
-0.34092,0.0236,0.0548,456774636701154.562500
-0.34091,0.022000000000000002,0.0516,456774636701154.562500
-0.3409,0.022000000000000002,0.0572,456774636701154.562500
-0.34089,0.022000000000000002,0.055600000000000004,456774636701154.562500
-0.34087999999999996,0.0236,0.053200000000000004,456774636701154.562500
-0.34087,0.0228,0.056400000000000006,456774636701154.562500
-0.34086,0.0196,0.0516,456774636701154.562500
-0.34085,0.0212,0.0572,456774636701154.562500
-0.34084,0.0188,0.053200000000000004,456774636701154.562500
-0.34082999999999997,0.0228,0.0572,456774636701154.562500
-0.34082,0.018000000000000002,0.0572,456774636701154.562500
-0.34080999999999995,0.022000000000000002,0.0572,456774636701154.562500
-0.3408,0.022000000000000002,0.0516,456774636701154.562500
-0.34079,0.022000000000000002,0.0572,456774636701154.562500
-0.34077999999999997,0.0236,0.055600000000000004,456774636701154.562500
-0.34077,0.0228,0.055600000000000004,456774636701154.562500
-0.34075999999999995,0.0212,0.0572,456774636701154.562500
-0.34075,0.0244,0.056400000000000006,456774636701154.562500
-0.34074,0.0204,0.0524,456774636701154.562500
-0.34073,0.0236,0.056400000000000006,456774636701154.562500
-0.34072,0.0236,0.054,456774636701154.562500
-0.34070999999999996,0.0236,0.055600000000000004,456774636701154.562500
-0.3407,0.0244,0.045200000000000004,456774636701154.562500
-0.34069,0.0228,0.056400000000000006,456774636701154.562500
-0.34068,0.0228,0.0548,456774636701154.562500
-0.34067000000000003,0.0236,0.056400000000000006,456774636701154.562500
-0.34065999999999996,0.0252,0.0548,456774636701154.562500
-0.34065,0.0196,0.0548,456774636701154.562500
-0.34064,0.0236,0.0524,456774636701154.562500
-0.34063,0.022000000000000002,0.054,456774636701154.562500
-0.34062,0.0228,0.058,456774636701154.562500
-0.34060999999999997,0.022000000000000002,0.055600000000000004,456774636701154.562500
-0.3406,0.0244,0.0572,456774636701154.562500
-0.34058999999999995,0.0212,0.054,456774636701154.562500
-0.34058,0.0204,0.05,456774636701154.562500
-0.34057,0.0212,0.058,456774636701154.562500
-0.34056,0.0244,0.0548,456774636701154.562500
-0.34055,0.0212,0.055600000000000004,456774636701154.562500
-0.34053999999999995,0.022000000000000002,0.053200000000000004,456774636701154.562500
-0.34053,0.0212,0.054,456774636701154.562500
-0.34052,0.0196,0.055600000000000004,456774636701154.562500
-0.34051,0.0212,0.05,456774636701154.562500
-0.3405,0.0204,0.0572,456774636701154.562500
-0.34048999999999996,0.022000000000000002,0.055600000000000004,456774636701154.562500
-0.34048,0.022000000000000002,0.056400000000000006,456774636701154.562500
-0.34047,0.0244,0.053200000000000004,456774636701154.562500
-0.34046,0.0212,0.0572,456774636701154.562500
-0.34045,0.0236,0.054,456774636701154.562500
-0.34043999999999996,0.0228,0.058800000000000005,456774636701154.562500
-0.34043,0.022000000000000002,0.0572,456774636701154.562500
-0.34042,0.022000000000000002,0.056400000000000006,456774636701154.562500
-0.34041,0.022000000000000002,0.055600000000000004,456774636701154.562500
-0.3404,0.0268,0.056400000000000006,456774636701154.562500
-0.34038999999999997,0.0236,0.0572,456774636701154.562500
-0.34038,0.0236,0.0572,456774636701154.562500
-0.34036999999999995,0.0236,0.0572,456774636701154.562500
-0.34036,0.0236,0.054,456774636701154.562500
-0.34035,0.0212,0.055600000000000004,456774636701154.562500
-0.34034,0.0212,0.0524,456774636701154.562500
-0.34033,0.0228,0.055600000000000004,456774636701154.562500
-0.34031999999999996,0.018000000000000002,0.056400000000000006,456774636701154.562500
-0.34031,0.0228,0.0572,456774636701154.562500
-0.3403,0.0172,0.050800000000000005,456774636701154.562500
-0.34029,0.0236,0.0412,456774636701154.562500
-0.34028,0.0212,0.056400000000000006,456774636701154.562500
-0.34026999999999996,0.0204,0.0412,456774636701154.562500
-0.34026,0.0236,0.0492,456774636701154.562500
-0.34025,0.0188,0.0524,456774636701154.562500
-0.34024,0.0204,0.056400000000000006,456774636701154.562500
-0.34023,0.022000000000000002,0.055600000000000004,456774636701154.562500
-0.34021999999999997,0.0212,0.0572,456774636701154.562500
-0.34021,0.0172,0.0572,456774636701154.562500
-0.34019999999999995,0.0212,0.058,456774636701154.562500
-0.34019,0.0204,0.053200000000000004,456774636701154.562500
-0.34018,0.0204,0.055600000000000004,456774636701154.562500
-0.34017,0.0236,0.056400000000000006,456774636701154.562500
-0.34016,0.018000000000000002,0.056400000000000006,456774636701154.562500
-0.34014999999999995,0.0196,0.056400000000000006,456774636701154.562500
-0.34014,0.0252,0.055600000000000004,456774636701154.562500
-0.34013,0.0164,0.05,456774636701154.562500
-0.34012,0.0228,0.0548,456774636701154.562500
-0.34011,0.0244,0.058,456774636701154.562500
-0.34009999999999996,0.0196,0.056400000000000006,456774636701154.562500
-0.34009,0.0244,0.0572,456774636701154.562500
-0.34008,0.0196,0.0572,456774636701154.562500
-0.34007,0.0236,0.05,456774636701154.562500
-0.34006,0.0212,0.0572,456774636701154.562500
-0.34004999999999996,0.0244,0.05,456774636701154.562500
-0.34004,0.0244,0.056400000000000006,456774636701154.562500
-0.34003,0.022000000000000002,0.053200000000000004,456774636701154.562500
-0.34002,0.0236,0.056400000000000006,456774636701154.562500
-0.34001,0.0236,0.0444,456774636701154.562500
-0.33999999999999997,0.0228,0.056400000000000006,456774636701154.562500
-0.33999,0.0228,0.053200000000000004,456774636701154.562500
-0.33997999999999995,0.022000000000000002,0.053200000000000004,456774636701154.562500
-0.33997,0.022000000000000002,0.058,456774636701154.562500
-0.33996,0.0228,0.05,456774636701154.562500
-0.33995,0.0236,0.0516,456774636701154.562500
-0.33994,0.0212,0.054,456774636701154.562500
-0.33992999999999995,0.0204,0.0524,456774636701154.562500
-0.33992,0.022000000000000002,0.056400000000000006,456774636701154.562500
-0.33991,0.022000000000000002,0.053200000000000004,456774636701154.562500
-0.3399,0.0212,0.05,456774636701154.562500
-0.33989,0.0236,0.053200000000000004,456774636701154.562500
-0.33987999999999996,0.0204,0.0476,456774636701154.562500
-0.33987,0.0244,0.054,456774636701154.562500
-0.33986,0.018000000000000002,0.055600000000000004,456774636701154.562500
-0.33985,0.0236,0.056400000000000006,456774636701154.562500
-0.33984,0.0244,0.0548,456774636701154.562500
-0.33982999999999997,0.0196,0.053200000000000004,456774636701154.562500
-0.33982,0.0252,0.056400000000000006,456774636701154.562500
-0.33980999999999995,0.022000000000000002,0.0524,456774636701154.562500
-0.3398,0.0244,0.050800000000000005,456774636701154.562500
-0.33979,0.022000000000000002,0.0516,456774636701154.562500
-0.33977999999999997,0.0244,0.050800000000000005,456774636701154.562500
-0.33977,0.0236,0.048400000000000006,456774636701154.562500
-0.33975999999999995,0.022000000000000002,0.0572,456774636701154.562500
-0.33975,0.0228,0.0444,456774636701154.562500
-0.33974,0.0212,0.053200000000000004,456774636701154.562500
-0.33973,0.0212,0.054,456774636701154.562500
-0.33972,0.0244,0.056400000000000006,456774636701154.562500
-0.33970999999999996,0.0204,0.056400000000000006,456774636701154.562500
-0.3397,0.0236,0.055600000000000004,456774636701154.562500
-0.33969,0.018000000000000002,0.054,456774636701154.562500
-0.33968,0.022000000000000002,0.0572,456774636701154.562500
-0.33967,0.022000000000000002,0.0388,456774636701154.562500
-0.33965999999999996,0.022000000000000002,0.058,456774636701154.562500
-0.33965,0.022000000000000002,0.048400000000000006,456774636701154.562500
-0.33964,0.022000000000000002,0.056400000000000006,456774636701154.562500
-0.33963,0.0228,0.045200000000000004,456774636701154.562500
-0.33962,0.0212,0.054,456774636701154.562500
-0.33960999999999997,0.0236,0.053200000000000004,456774636701154.562500
-0.3396,0.0212,0.0476,456774636701154.562500
-0.33958999999999995,0.0236,0.054,456774636701154.562500
-0.33958,0.0172,0.055600000000000004,456774636701154.562500
-0.33957,0.0228,0.056400000000000006,456774636701154.562500
-0.33956,0.0196,0.055600000000000004,456774636701154.562500
-0.33955,0.022000000000000002,0.0572,456774636701154.562500
-0.33953999999999995,0.0212,0.056400000000000006,456774636701154.562500
-0.33953,0.0188,0.054,456774636701154.562500
-0.33952,0.0196,0.056400000000000006,456774636701154.562500
-0.33951,0.0244,0.0476,456774636701154.562500
-0.3395,0.0228,0.058,456774636701154.562500
-0.33948999999999996,0.0252,0.0548,456774636701154.562500
-0.33948,0.0244,0.0548,456774636701154.562500
-0.33947,0.0244,0.05,456774636701154.562500
-0.33946,0.0228,0.0444,456774636701154.562500
-0.33945,0.0236,0.0572,456774636701154.562500
-0.33943999999999996,0.0236,0.0572,456774636701154.562500
-0.33943,0.0212,0.0572,456774636701154.562500
-0.33942,0.0252,0.050800000000000005,456774636701154.562500
-0.33941,0.0228,0.055600000000000004,456774636701154.562500
-0.3394,0.022000000000000002,0.0468,456774636701154.562500
-0.33938999999999997,0.0212,0.056400000000000006,456774636701154.562500
-0.33938,0.0236,0.0516,456774636701154.562500
-0.33936999999999995,0.0228,0.056400000000000006,456774636701154.562500
-0.33936,0.022000000000000002,0.054,456774636701154.562500
-0.33935,0.018000000000000002,0.053200000000000004,456774636701154.562500
-0.33934,0.0204,0.053200000000000004,456774636701154.562500
-0.33933,0.0212,0.056400000000000006,456774636701154.562500
-0.33931999999999995,0.0188,0.0476,456774636701154.562500
-0.33931,0.0212,0.058,456774636701154.562500
-0.3393,0.0228,0.054,456774636701154.562500
-0.33929,0.022000000000000002,0.056400000000000006,456774636701154.562500
-0.33928,0.022000000000000002,0.0548,456774636701154.562500
-0.33926999999999996,0.0236,0.0524,456774636701154.562500
-0.33926,0.022000000000000002,0.05,456774636701154.562500
-0.33925,0.0244,0.0476,456774636701154.562500
-0.33924,0.0236,0.0548,456774636701154.562500
-0.33923,0.0228,0.056400000000000006,456774636701154.562500
-0.33921999999999997,0.0236,0.0572,456774636701154.562500
-0.33921,0.0228,0.056400000000000006,456774636701154.562500
-0.33919999999999995,0.0212,0.046,456774636701154.562500
-0.33919,0.022000000000000002,0.0572,456774636701154.562500
-0.33918,0.0236,0.055600000000000004,456774636701154.562500
-0.33916999999999997,0.022000000000000002,0.0572,456774636701154.562500
-0.33916,0.0236,0.055600000000000004,456774636701154.562500
-0.33914999999999995,0.0244,0.058800000000000005,456774636701154.562500
-0.33914,0.0212,0.0476,456774636701154.562500
-0.33913,0.0244,0.0548,456774636701154.562500
-0.33912,0.0228,0.048400000000000006,456774636701154.562500
-0.33911,0.0236,0.050800000000000005,456774636701154.562500
-0.33909999999999996,0.022000000000000002,0.0572,456774636701154.562500
-0.33909,0.022000000000000002,0.05,456774636701154.562500
-0.33908,0.0228,0.054,456774636701154.562500
-0.33907,0.022000000000000002,0.058,456774636701154.562500
-0.33906000000000003,0.022000000000000002,0.058,456774636701154.562500
-0.33904999999999996,0.0212,0.058,456774636701154.562500
-0.33904,0.022000000000000002,0.0572,456774636701154.562500
-0.33903,0.022000000000000002,0.055600000000000004,456774636701154.562500
-0.33902,0.0204,0.054,456774636701154.562500
-0.33901,0.018000000000000002,0.058,456774636701154.562500
-0.33899999999999997,0.0188,0.0572,456774636701154.562500
-0.33899,0.022000000000000002,0.056400000000000006,456774636701154.562500
-0.33897999999999995,0.022000000000000002,0.053200000000000004,456774636701154.562500
-0.33897,0.0228,0.056400000000000006,456774636701154.562500
-0.33896,0.0228,0.0492,456774636701154.562500
-0.33895,0.0204,0.056400000000000006,456774636701154.562500
-0.33894,0.0236,0.0572,456774636701154.562500
-0.33892999999999995,0.0196,0.0572,456774636701154.562500
-0.33892,0.0236,0.058,456774636701154.562500
-0.33891,0.022000000000000002,0.0548,456774636701154.562500
-0.3389,0.0212,0.0468,456774636701154.562500
-0.33889,0.0164,0.0572,456774636701154.562500
-0.33887999999999996,0.0252,0.055600000000000004,456774636701154.562500
-0.33887,0.0236,0.0548,456774636701154.562500
-0.33886,0.0236,0.048400000000000006,456774636701154.562500
-0.33885,0.0196,0.0516,456774636701154.562500
-0.33884,0.0252,0.042800000000000005,456774636701154.562500
-0.33882999999999996,0.0244,0.055600000000000004,456774636701154.562500
-0.33882,0.0236,0.056400000000000006,456774636701154.562500
-0.33881,0.0244,0.056400000000000006,456774636701154.562500
-0.3388,0.0204,0.0524,456774636701154.562500
-0.33879,0.0228,0.054,456774636701154.562500
-0.33877999999999997,0.0204,0.055600000000000004,456774636701154.562500
-0.33877,0.0236,0.0572,456774636701154.562500
-0.33875999999999995,0.022000000000000002,0.0572,456774636701154.562500
-0.33875,0.0236,0.053200000000000004,456774636701154.562500
-0.33874,0.0204,0.055600000000000004,456774636701154.562500
-0.33873,0.022000000000000002,0.056400000000000006,456774636701154.562500
-0.33872,0.0204,0.0516,456774636701154.562500
-0.33870999999999996,0.018000000000000002,0.058,456774636701154.562500
-0.3387,0.0172,0.050800000000000005,456774636701154.562500
-0.33869,0.022000000000000002,0.056400000000000006,456774636701154.562500
-0.33868,0.0196,0.053200000000000004,456774636701154.562500
-0.33867,0.0204,0.0572,456774636701154.562500
-0.33865999999999996,0.0212,0.042,456774636701154.562500
-0.33865,0.0204,0.048400000000000006,456774636701154.562500
-0.33864,0.0148,0.042,456774636701154.562500
-0.33863,0.0236,0.05,456774636701154.562500
-0.33862,0.0196,0.0516,456774636701154.562500
-0.33860999999999997,0.0244,0.0572,456774636701154.562500
-0.3386,0.022000000000000002,0.055600000000000004,456774636701154.562500
-0.33858999999999995,0.022000000000000002,0.054,456774636701154.562500
-0.33858,0.0244,0.054,456774636701154.562500
-0.33857,0.0228,0.053200000000000004,456774636701154.562500
-0.33855999999999997,0.0244,0.055600000000000004,456774636701154.562500
-0.33855,0.0236,0.050800000000000005,456774636701154.562500
-0.33853999999999995,0.0228,0.058,456774636701154.562500
-0.33853,0.0204,0.0476,456774636701154.562500
-0.33852,0.0228,0.0516,456774636701154.562500
-0.33851,0.0244,0.054,456774636701154.562500
-0.3385,0.0244,0.0572,456774636701154.562500
-0.33848999999999996,0.022000000000000002,0.0572,456774636701154.562500
-0.33848,0.0236,0.058,456774636701154.562500
-0.33847,0.0244,0.0524,456774636701154.562500
-0.33846,0.022000000000000002,0.0548,456774636701154.562500
-0.33845,0.022000000000000002,0.058,456774636701154.562500
-0.33843999999999996,0.022000000000000002,0.055600000000000004,456774636701154.562500
-0.33843,0.022000000000000002,0.056400000000000006,456774636701154.562500
-0.33842,0.0196,0.055600000000000004,456774636701154.562500
-0.33841,0.0236,0.050800000000000005,456774636701154.562500
-0.3384,0.0204,0.056400000000000006,456774636701154.562500
-0.33838999999999997,0.022000000000000002,0.0572,456774636701154.562500
-0.33838,0.0228,0.055600000000000004,456774636701154.562500
-0.33836999999999995,0.022000000000000002,0.056400000000000006,456774636701154.562500
-0.33836,0.0228,0.053200000000000004,456774636701154.562500
-0.33835,0.022000000000000002,0.056400000000000006,456774636701154.562500
-0.33834,0.0228,0.055600000000000004,456774636701154.562500
-0.33833,0.0244,0.056400000000000006,456774636701154.562500
-0.33831999999999995,0.022000000000000002,0.056400000000000006,456774636701154.562500
-0.33831,0.0236,0.0548,456774636701154.562500
-0.3383,0.0252,0.055600000000000004,456774636701154.562500
-0.33829,0.0228,0.053200000000000004,456774636701154.562500
-0.33828,0.0244,0.0524,456774636701154.562500
-0.33826999999999996,0.0204,0.056400000000000006,456774636701154.562500
-0.33826,0.0252,0.0548,456774636701154.562500
-0.33825,0.0204,0.055600000000000004,456774636701154.562500
-0.33824,0.0252,0.058,456774636701154.562500
-0.33823,0.0236,0.0572,456774636701154.562500
-0.33821999999999997,0.0244,0.0516,456774636701154.562500
-0.33821,0.0252,0.056400000000000006,456774636701154.562500
-0.3382,0.0236,0.0548,456774636701154.562500
-0.33819,0.0236,0.058,456774636701154.562500
-0.33818,0.022000000000000002,0.055600000000000004,456774636701154.562500
-0.33816999999999997,0.022000000000000002,0.058,456774636701154.562500
-0.33816,0.0204,0.055600000000000004,456774636701154.562500
-0.33814999999999995,0.0236,0.058,456774636701154.562500
-0.33814,0.0204,0.0524,456774636701154.562500
-0.33813,0.0228,0.055600000000000004,456774636701154.562500
-0.33812,0.022000000000000002,0.055600000000000004,456774636701154.562500
-0.33811,0.0204,0.050800000000000005,456774636701154.562500
-0.33809999999999996,0.0204,0.055600000000000004,456774636701154.562500
-0.33809,0.022000000000000002,0.046,456774636701154.562500
-0.33808,0.0188,0.0524,456774636701154.562500
-0.33807,0.0196,0.048400000000000006,456774636701154.562500
-0.33806,0.022000000000000002,0.056400000000000006,456774636701154.562500
-0.33804999999999996,0.0228,0.055600000000000004,456774636701154.562500
-0.33804,0.022000000000000002,0.0548,456774636701154.562500
-0.33803,0.0204,0.055600000000000004,456774636701154.562500
-0.33802,0.0244,0.0524,456774636701154.562500
-0.33801,0.0236,0.0548,456774636701154.562500
-0.33799999999999997,0.0228,0.053200000000000004,456774636701154.562500
-0.33799,0.0252,0.05,456774636701154.562500
-0.33797999999999995,0.0252,0.055600000000000004,456774636701154.562500
-0.33797,0.0244,0.0412,456774636701154.562500
-0.33796,0.0244,0.055600000000000004,456774636701154.562500
-0.33795,0.0228,0.0548,456774636701154.562500
-0.33794,0.0236,0.0572,456774636701154.562500
-0.33792999999999995,0.0212,0.055600000000000004,456774636701154.562500
-0.33792,0.0244,0.055600000000000004,456774636701154.562500
-0.33791,0.0236,0.056400000000000006,456774636701154.562500
-0.3379,0.0228,0.056400000000000006,456774636701154.562500
-0.33789,0.0228,0.056400000000000006,456774636701154.562500
-0.33787999999999996,0.0244,0.054,456774636701154.562500
-0.33787,0.0244,0.056400000000000006,456774636701154.562500
-0.33786,0.0212,0.053200000000000004,456774636701154.562500
-0.33785,0.0236,0.056400000000000006,456774636701154.562500
-0.33784,0.022000000000000002,0.045200000000000004,456774636701154.562500
-0.33782999999999996,0.0228,0.055600000000000004,456774636701154.562500
-0.33782,0.022000000000000002,0.0444,456774636701154.562500
-0.33781,0.0204,0.054,456774636701154.562500
-0.3378,0.0228,0.056400000000000006,456774636701154.562500
-0.33779,0.022000000000000002,0.050800000000000005,456774636701154.562500
-0.33777999999999997,0.0188,0.058,456774636701154.562500
-0.33777,0.022000000000000002,0.0492,456774636701154.562500
-0.33775999999999995,0.0188,0.0548,456774636701154.562500
-0.33775,0.0188,0.0516,456774636701154.562500
-0.33774,0.0236,0.0548,456774636701154.562500
-0.33773,0.022000000000000002,0.0572,456774636701154.562500
-0.33772,0.022000000000000002,0.055600000000000004,456774636701154.562500
-0.33770999999999995,0.0204,0.0516,456774636701154.562500
-0.3377,0.0244,0.0572,456774636701154.562500
-0.33769,0.0204,0.045200000000000004,456774636701154.562500
-0.33768,0.0252,0.054,456774636701154.562500
-0.33767,0.0244,0.054,456774636701154.562500
-0.33765999999999996,0.0228,0.056400000000000006,456774636701154.562500
-0.33765,0.0244,0.0548,456774636701154.562500
-0.33764,0.0236,0.056400000000000006,456774636701154.562500
-0.33763,0.0228,0.0572,456774636701154.562500
-0.33762,0.0244,0.056400000000000006,456774636701154.562500
-0.33760999999999997,0.022000000000000002,0.055600000000000004,456774636701154.562500
-0.3376,0.0196,0.058,456774636701154.562500
-0.33758999999999995,0.0244,0.053200000000000004,456774636701154.562500
-0.33758,0.0228,0.053200000000000004,456774636701154.562500
-0.33757,0.0244,0.0548,456774636701154.562500
-0.33755999999999997,0.022000000000000002,0.054,456774636701154.562500
-0.33755,0.022000000000000002,0.056400000000000006,456774636701154.562500
-0.33753999999999995,0.0212,0.055600000000000004,456774636701154.562500
-0.33753,0.0228,0.0524,456774636701154.562500
-0.33752,0.0228,0.0572,456774636701154.562500
-0.33751,0.0228,0.050800000000000005,456774636701154.562500
-0.3375,0.0212,0.055600000000000004,456774636701154.562500
-0.33748999999999996,0.0212,0.056400000000000006,456774636701154.562500
-0.33748,0.0228,0.0548,456774636701154.562500
-0.33747,0.0188,0.055600000000000004,456774636701154.562500
-0.33746,0.0228,0.056400000000000006,456774636701154.562500
-0.33745,0.0244,0.055600000000000004,456774636701154.562500
-0.33743999999999996,0.022000000000000002,0.0572,456774636701154.562500
-0.33743,0.0236,0.056400000000000006,456774636701154.562500
-0.33742,0.0204,0.058,456774636701154.562500
-0.33741,0.0228,0.055600000000000004,456774636701154.562500
-0.3374,0.0188,0.0524,456774636701154.562500
-0.33738999999999997,0.0236,0.056400000000000006,456774636701154.562500
-0.33738,0.0196,0.053200000000000004,456774636701154.562500
-0.33736999999999995,0.022000000000000002,0.056400000000000006,456774636701154.562500
-0.33736,0.0204,0.055600000000000004,456774636701154.562500
-0.33735,0.0236,0.05,456774636701154.562500
-0.33734,0.0212,0.054,456774636701154.562500
-0.33733,0.0236,0.055600000000000004,456774636701154.562500
-0.33731999999999995,0.0244,0.054,456774636701154.562500
-0.33731,0.0244,0.055600000000000004,456774636701154.562500
-0.3373,0.0244,0.05,456774636701154.562500
-0.33729,0.0228,0.056400000000000006,456774636701154.562500
-0.33728,0.0252,0.054,456774636701154.562500
-0.33726999999999996,0.0236,0.055600000000000004,456774636701154.562500
-0.33726,0.0244,0.054,456774636701154.562500
-0.33725,0.0204,0.0572,456774636701154.562500
-0.33724,0.022000000000000002,0.0524,456774636701154.562500
-0.33723,0.022000000000000002,0.0572,456774636701154.562500
-0.33721999999999996,0.022000000000000002,0.054,456774636701154.562500
-0.33721,0.022000000000000002,0.0572,456774636701154.562500
-0.3372,0.0196,0.05,456774636701154.562500
-0.33719,0.0228,0.056400000000000006,456774636701154.562500
-0.33718,0.0228,0.0468,456774636701154.562500
-0.33716999999999997,0.0228,0.0548,456774636701154.562500
-0.33716,0.0212,0.055600000000000004,456774636701154.562500
-0.33714999999999995,0.0228,0.0492,456774636701154.562500
-0.33714,0.0212,0.053200000000000004,456774636701154.562500
-0.33713,0.022000000000000002,0.0516,456774636701154.562500
-0.33712,0.0212,0.045200000000000004,456774636701154.562500
-0.33711,0.0244,0.0572,456774636701154.562500
-0.33709999999999996,0.0196,0.054,456774636701154.562500
-0.33709,0.022000000000000002,0.055600000000000004,456774636701154.562500
-0.33708,0.0244,0.056400000000000006,456774636701154.562500
-0.33707,0.0244,0.055600000000000004,456774636701154.562500
-0.33706,0.0252,0.056400000000000006,456774636701154.562500
-0.33704999999999996,0.0244,0.0524,456774636701154.562500
-0.33704,0.0244,0.056400000000000006,456774636701154.562500
-0.33703,0.0236,0.054,456774636701154.562500
-0.33702,0.0212,0.054,456774636701154.562500
-0.33701,0.0228,0.055600000000000004,456774636701154.562500
-0.33699999999999997,0.0212,0.0524,456774636701154.562500
-0.33699,0.0244,0.0524,456774636701154.562500
-0.33697999999999995,0.0212,0.055600000000000004,456774636701154.562500
-0.33697,0.0244,0.054,456774636701154.562500
-0.33696,0.0212,0.056400000000000006,456774636701154.562500
-0.33694999999999997,0.0236,0.056400000000000006,456774636701154.562500
-0.33694,0.0212,0.056400000000000006,456774636701154.562500
-0.33692999999999995,0.0228,0.0572,456774636701154.562500
-0.33692,0.022000000000000002,0.0572,456774636701154.562500
-0.33691,0.0244,0.054,456774636701154.562500
-0.3369,0.022000000000000002,0.055600000000000004,456774636701154.562500
-0.33689,0.022000000000000002,0.056400000000000006,456774636701154.562500
-0.33687999999999996,0.0212,0.048400000000000006,456774636701154.562500
-0.33687,0.022000000000000002,0.055600000000000004,456774636701154.562500
-0.33686,0.0212,0.0444,456774636701154.562500
-0.33685,0.022000000000000002,0.0572,456774636701154.562500
-0.33684000000000003,0.022000000000000002,0.0524,456774636701154.562500
-0.33682999999999996,0.0204,0.056400000000000006,456774636701154.562500
-0.33682,0.0228,0.0572,456774636701154.562500
-0.33681,0.0196,0.055600000000000004,456774636701154.562500
-0.3368,0.0236,0.053200000000000004,456774636701154.562500
-0.33679,0.0188,0.0524,456774636701154.562500
-0.33677999999999997,0.0236,0.055600000000000004,456774636701154.562500
-0.33677,0.0196,0.050800000000000005,456774636701154.562500
-0.33675999999999995,0.0236,0.0572,456774636701154.562500
-0.33675,0.018000000000000002,0.054,456774636701154.562500
-0.33674,0.0244,0.056400000000000006,456774636701154.562500
-0.33673,0.0236,0.0524,456774636701154.562500
-0.33672,0.0236,0.0548,456774636701154.562500
-0.33670999999999995,0.0252,0.050800000000000005,456774636701154.562500
-0.3367,0.0244,0.054,456774636701154.562500
-0.33669,0.0228,0.0436,456774636701154.562500
-0.33668,0.0228,0.0548,456774636701154.562500
-0.33667,0.022000000000000002,0.05,456774636701154.562500
-0.33665999999999996,0.0244,0.055600000000000004,456774636701154.562500
-0.33665,0.0204,0.053200000000000004,456774636701154.562500
-0.33664,0.022000000000000002,0.0548,456774636701154.562500
-0.33663,0.0228,0.056400000000000006,456774636701154.562500
-0.33662,0.0228,0.055600000000000004,456774636701154.562500
-0.33660999999999996,0.022000000000000002,0.058,456774636701154.562500
-0.3366,0.0212,0.0468,456774636701154.562500
-0.33659,0.0228,0.056400000000000006,456774636701154.562500
-0.33658,0.0204,0.0572,456774636701154.562500
-0.33657,0.0228,0.055600000000000004,456774636701154.562500
-0.33655999999999997,0.0196,0.05,456774636701154.562500
-0.33655,0.022000000000000002,0.053200000000000004,456774636701154.562500
-0.33653999999999995,0.0204,0.0524,456774636701154.562500
-0.33653,0.0204,0.0516,456774636701154.562500
-0.33652,0.022000000000000002,0.055600000000000004,456774636701154.562500
-0.33651,0.0212,0.054,456774636701154.562500
-0.3365,0.0212,0.056400000000000006,456774636701154.562500
-0.33648999999999996,0.0252,0.0524,456774636701154.562500
-0.33648,0.0204,0.0572,456774636701154.562500
-0.33647,0.0236,0.0524,456774636701154.562500
-0.33646,0.0236,0.05,456774636701154.562500
-0.33645,0.0244,0.054,456774636701154.562500
-0.33643999999999996,0.0244,0.054,456774636701154.562500
-0.33643,0.026000000000000002,0.0548,456774636701154.562500
-0.33642,0.0236,0.0548,456774636701154.562500
-0.33641,0.0228,0.055600000000000004,456774636701154.562500
-0.3364,0.0244,0.054,456774636701154.562500
-0.33638999999999997,0.0244,0.056400000000000006,456774636701154.562500
-0.33638,0.0228,0.0524,456774636701154.562500
-0.33636999999999995,0.0236,0.0548,456774636701154.562500
-0.33636,0.0212,0.055600000000000004,456774636701154.562500
-0.33635,0.0228,0.0548,456774636701154.562500
-0.33634,0.0228,0.055600000000000004,456774636701154.562500
-0.33633,0.022000000000000002,0.054,456774636701154.562500
-0.33631999999999995,0.022000000000000002,0.0604,456774636701154.562500
-0.33631,0.0236,0.056400000000000006,456774636701154.562500
-0.3363,0.0236,0.056400000000000006,456774636701154.562500
-0.33629,0.0228,0.055600000000000004,456774636701154.562500
-0.33628,0.0196,0.054,456774636701154.562500
-0.33626999999999996,0.0228,0.0548,456774636701154.562500
-0.33626,0.018000000000000002,0.053200000000000004,456774636701154.562500
-0.33625,0.0236,0.056400000000000006,456774636701154.562500
-0.33624,0.0212,0.055600000000000004,456774636701154.562500
-0.33623,0.0212,0.0516,456774636701154.562500
-0.33621999999999996,0.0172,0.0548,456774636701154.562500
-0.33621,0.0204,0.054,456774636701154.562500
-0.3362,0.0236,0.055600000000000004,456774636701154.562500
-0.33619,0.0236,0.0548,456774636701154.562500
-0.33618,0.0244,0.056400000000000006,456774636701154.562500
-0.33616999999999997,0.0228,0.058,456774636701154.562500
-0.33616,0.0244,0.056400000000000006,456774636701154.562500
-0.33614999999999995,0.0228,0.055600000000000004,456774636701154.562500
-0.33614,0.0244,0.056400000000000006,456774636701154.562500
-0.33613,0.0244,0.053200000000000004,456774636701154.562500
-0.33612,0.022000000000000002,0.055600000000000004,456774636701154.562500
-0.33611,0.0236,0.0524,456774636701154.562500
-0.33609999999999995,0.0212,0.056400000000000006,456774636701154.562500
-0.33609,0.022000000000000002,0.05,456774636701154.562500
-0.33608,0.0236,0.0548,456774636701154.562500
-0.33607,0.0244,0.0548,456774636701154.562500
-0.33606,0.0244,0.054,456774636701154.562500
-0.33604999999999996,0.0228,0.055600000000000004,456774636701154.562500
-0.33604,0.0228,0.055600000000000004,456774636701154.562500
-0.33603,0.0252,0.0524,456774636701154.562500
-0.33602,0.022000000000000002,0.0516,456774636701154.562500
-0.33601,0.0212,0.055600000000000004,456774636701154.562500
-0.33599999999999997,0.0212,0.054,456774636701154.562500
-0.33599,0.0172,0.054,456774636701154.562500
-0.33597999999999995,0.0236,0.053200000000000004,456774636701154.562500
-0.33597,0.0236,0.055600000000000004,456774636701154.562500
-0.33596,0.018000000000000002,0.054,456774636701154.562500
-0.33594999999999997,0.0228,0.058,456774636701154.562500
-0.33594,0.0164,0.055600000000000004,456774636701154.562500
-0.33592999999999995,0.0228,0.056400000000000006,456774636701154.562500
-0.33592,0.0204,0.058,456774636701154.562500
-0.33591,0.0228,0.045200000000000004,456774636701154.562500
-0.3359,0.0204,0.055600000000000004,456774636701154.562500
-0.33589,0.0204,0.055600000000000004,456774636701154.562500
-0.33587999999999996,0.0228,0.048400000000000006,456774636701154.562500
-0.33587,0.0212,0.0548,456774636701154.562500
-0.33586,0.022000000000000002,0.054,456774636701154.562500
-0.33585,0.0228,0.0572,456774636701154.562500
-0.33584,0.0212,0.054,456774636701154.562500
-0.33582999999999996,0.0228,0.0548,456774636701154.562500
-0.33582,0.0212,0.0548,456774636701154.562500
-0.33581,0.0228,0.0548,456774636701154.562500
-0.3358,0.026000000000000002,0.0548,456774636701154.562500
-0.33579,0.0228,0.054,456774636701154.562500
-0.33577999999999997,0.0236,0.055600000000000004,456774636701154.562500
-0.33577,0.0212,0.05,456774636701154.562500
-0.33575999999999995,0.0236,0.0524,456774636701154.562500
-0.33575,0.0244,0.050800000000000005,456774636701154.562500
-0.33574,0.0236,0.046,456774636701154.562500
-0.33573,0.0236,0.0548,456774636701154.562500
-0.33572,0.0244,0.054,456774636701154.562500
-0.33570999999999995,0.022000000000000002,0.0492,456774636701154.562500
-0.3357,0.0204,0.050800000000000005,456774636701154.562500
-0.33569,0.022000000000000002,0.0516,456774636701154.562500
-0.33568,0.022000000000000002,0.055600000000000004,456774636701154.562500
-0.33567,0.0228,0.0412,456774636701154.562500
-0.33565999999999996,0.022000000000000002,0.053200000000000004,456774636701154.562500
-0.33565,0.0228,0.0516,456774636701154.562500
-0.33564,0.0228,0.055600000000000004,456774636701154.562500
-0.33563,0.0228,0.05,456774636701154.562500
-0.33562,0.022000000000000002,0.056400000000000006,456774636701154.562500
-0.33560999999999996,0.0228,0.0572,456774636701154.562500
-0.3356,0.0236,0.050800000000000005,456774636701154.562500
-0.33559,0.0252,0.055600000000000004,456774636701154.562500
-0.33558,0.0228,0.054,456774636701154.562500
-0.33557,0.022000000000000002,0.0572,456774636701154.562500
-0.33555999999999997,0.0244,0.054,456774636701154.562500
-0.33555,0.0252,0.056400000000000006,456774636701154.562500
-0.33553999999999995,0.0244,0.0516,456774636701154.562500
-0.33553,0.0252,0.056400000000000006,456774636701154.562500
-0.33552,0.0252,0.054,456774636701154.562500
-0.33551,0.0244,0.056400000000000006,456774636701154.562500
-0.3355,0.0236,0.055600000000000004,456774636701154.562500
-0.33548999999999995,0.022000000000000002,0.0524,456774636701154.562500
-0.33548,0.0244,0.055600000000000004,456774636701154.562500
-0.33547,0.0236,0.0492,456774636701154.562500
-0.33546,0.0244,0.0548,456774636701154.562500
-0.33545,0.0252,0.0524,456774636701154.562500
-0.33543999999999996,0.0228,0.0476,456774636701154.562500
-0.33543,0.0236,0.055600000000000004,456774636701154.562500
-0.33542,0.0244,0.054,456774636701154.562500
-0.33541,0.022000000000000002,0.054,456774636701154.562500
-0.3354,0.0212,0.045200000000000004,456774636701154.562500
-0.33538999999999997,0.0228,0.056400000000000006,456774636701154.562500
-0.33538,0.0236,0.0492,456774636701154.562500
-0.33536999999999995,0.0228,0.054,456774636701154.562500
-0.33536,0.0228,0.056400000000000006,456774636701154.562500
-0.33535,0.0236,0.054,456774636701154.562500
-0.33533999999999997,0.0212,0.056400000000000006,456774636701154.562500
-0.33533,0.0236,0.055600000000000004,456774636701154.562500
-0.33531999999999995,0.0196,0.0492,456774636701154.562500
-0.33531,0.022000000000000002,0.056400000000000006,456774636701154.562500
-0.3353,0.0236,0.058,456774636701154.562500
-0.33529,0.0228,0.054,456774636701154.562500
-0.33528,0.0244,0.055600000000000004,456774636701154.562500
-0.33526999999999996,0.0212,0.056400000000000006,456774636701154.562500
-0.33526,0.022000000000000002,0.055600000000000004,456774636701154.562500
-0.33525,0.022000000000000002,0.055600000000000004,456774636701154.562500
-0.33524,0.0236,0.058,456774636701154.562500
-0.33523000000000003,0.0252,0.056400000000000006,456774636701154.562500
-0.33521999999999996,0.0228,0.055600000000000004,456774636701154.562500
-0.33521,0.0236,0.058,456774636701154.562500
-0.3352,0.0228,0.0548,456774636701154.562500
-0.33519,0.0236,0.0548,456774636701154.562500
-0.33518,0.0204,0.05,456774636701154.562500
-0.33516999999999997,0.0236,0.054,456774636701154.562500
-0.33516,0.0204,0.054,456774636701154.562500
-0.33514999999999995,0.0228,0.05,456774636701154.562500
-0.33514,0.0212,0.0516,456774636701154.562500
-0.33513,0.0204,0.054,456774636701154.562500
-0.33512,0.0228,0.056400000000000006,456774636701154.562500
-0.33511,0.0196,0.0516,456774636701154.562500
-0.33509999999999995,0.0196,0.0572,456774636701154.562500
-0.33509,0.0212,0.055600000000000004,456774636701154.562500
-0.33508,0.022000000000000002,0.056400000000000006,456774636701154.562500
-0.33507,0.0204,0.055600000000000004,456774636701154.562500
-0.33506,0.0212,0.056400000000000006,456774636701154.562500
-0.33504999999999996,0.0212,0.055600000000000004,456774636701154.562500
-0.33504,0.0212,0.058,456774636701154.562500
-0.33503,0.015600000000000001,0.056400000000000006,456774636701154.562500
-0.33502,0.0212,0.0572,456774636701154.562500
-0.33501,0.0196,0.0572,456774636701154.562500
-0.33499999999999996,0.0252,0.055600000000000004,456774636701154.562500
-0.33499,0.0196,0.0548,456774636701154.562500
-0.33498,0.0228,0.056400000000000006,456774636701154.562500
-0.33497,0.0236,0.056400000000000006,456774636701154.562500
-0.33496,0.0196,0.0572,456774636701154.562500
-0.33494999999999997,0.022000000000000002,0.056400000000000006,456774636701154.562500
-0.33494,0.0228,0.0524,456774636701154.562500
-0.33492999999999995,0.0228,0.056400000000000006,456774636701154.562500
-0.33492,0.0236,0.056400000000000006,456774636701154.562500
-0.33491,0.0236,0.058,456774636701154.562500
-0.3349,0.0244,0.058,456774636701154.562500
-0.33489,0.0252,0.0572,456774636701154.562500
-0.33487999999999996,0.0228,0.056400000000000006,456774636701154.562500
-0.33487,0.0244,0.050800000000000005,456774636701154.562500
-0.33486,0.0236,0.0548,456774636701154.562500
-0.33485,0.0244,0.0396,456774636701154.562500
-0.33484,0.0244,0.058,456774636701154.562500
-0.33482999999999996,0.0212,0.055600000000000004,456774636701154.562500
-0.33482,0.0212,0.050800000000000005,456774636701154.562500
-0.33481,0.0236,0.0492,456774636701154.562500
-0.3348,0.018000000000000002,0.054,456774636701154.562500
-0.33479,0.0236,0.053200000000000004,456774636701154.562500
-0.33477999999999997,0.022000000000000002,0.0548,456774636701154.562500
-0.33477,0.0228,0.054,456774636701154.562500
-0.33475999999999995,0.0204,0.056400000000000006,456774636701154.562500
-0.33475,0.0204,0.058,456774636701154.562500
-0.33474,0.022000000000000002,0.056400000000000006,456774636701154.562500
-0.33472999999999997,0.022000000000000002,0.053200000000000004,456774636701154.562500
-0.33472,0.0228,0.0516,456774636701154.562500
-0.33470999999999995,0.0196,0.054,456774636701154.562500
-0.3347,0.0228,0.0436,456774636701154.562500
-0.33469,0.0164,0.054,456774636701154.562500
-0.33468,0.0212,0.0516,456774636701154.562500
-0.33467,0.0164,0.056400000000000006,456774636701154.562500
-0.33465999999999996,0.022000000000000002,0.055600000000000004,456774636701154.562500
-0.33465,0.0212,0.0572,456774636701154.562500
-0.33464,0.0252,0.0548,456774636701154.562500
-0.33463,0.0244,0.055600000000000004,456774636701154.562500
-0.33462,0.0228,0.054,456774636701154.562500
-0.33460999999999996,0.0196,0.0572,456774636701154.562500
-0.3346,0.0212,0.050800000000000005,456774636701154.562500
-0.33459,0.015600000000000001,0.056400000000000006,456774636701154.562500
-0.33458,0.0228,0.0516,456774636701154.562500
-0.33457,0.0204,0.0572,456774636701154.562500
-0.33455999999999997,0.0244,0.056400000000000006,456774636701154.562500
-0.33455,0.0236,0.054,456774636701154.562500
-0.33453999999999995,0.026000000000000002,0.0524,456774636701154.562500
-0.33453,0.022000000000000002,0.055600000000000004,456774636701154.562500
-0.33452,0.0236,0.0572,456774636701154.562500
-0.33451,0.022000000000000002,0.0516,456774636701154.562500
-0.3345,0.022000000000000002,0.055600000000000004,456774636701154.562500
-0.33448999999999995,0.0196,0.0516,456774636701154.562500
-0.33448,0.022000000000000002,0.0548,456774636701154.562500
-0.33447,0.0228,0.0548,456774636701154.562500
-0.33446,0.0212,0.055600000000000004,456774636701154.562500
-0.33445,0.0228,0.0548,456774636701154.562500
-0.33443999999999996,0.0204,0.055600000000000004,456774636701154.562500
-0.33443,0.022000000000000002,0.0516,456774636701154.562500
-0.33442,0.0204,0.042800000000000005,456774636701154.562500
-0.33441,0.0228,0.055600000000000004,456774636701154.562500
-0.3344,0.0228,0.054,456774636701154.562500
-0.33438999999999997,0.0212,0.056400000000000006,456774636701154.562500
-0.33438,0.0212,0.048400000000000006,456774636701154.562500
-0.33436999999999995,0.0212,0.0572,456774636701154.562500
-0.33436,0.022000000000000002,0.0572,456774636701154.562500
-0.33435,0.0236,0.055600000000000004,456774636701154.562500
-0.33433999999999997,0.0236,0.056400000000000006,456774636701154.562500
-0.33433,0.0228,0.056400000000000006,456774636701154.562500
-0.33431999999999995,0.022000000000000002,0.0572,456774636701154.562500
-0.33431,0.026000000000000002,0.0516,456774636701154.562500
-0.3343,0.0236,0.0572,456774636701154.562500
-0.33429,0.0252,0.0524,456774636701154.562500
-0.33428,0.0252,0.055600000000000004,456774636701154.562500
-0.33426999999999996,0.0244,0.056400000000000006,456774636701154.562500
-0.33426,0.022000000000000002,0.054,456774636701154.562500
-0.33425,0.0236,0.0548,456774636701154.562500
-0.33424,0.0204,0.0548,456774636701154.562500
-0.33423,0.0236,0.0516,456774636701154.562500
-0.33421999999999996,0.0244,0.056400000000000006,456774636701154.562500
-0.33421,0.0228,0.0476,456774636701154.562500
-0.3342,0.0228,0.0548,456774636701154.562500
-0.33419,0.0236,0.056400000000000006,456774636701154.562500
-0.33418,0.0204,0.056400000000000006,456774636701154.562500
-0.33416999999999997,0.0204,0.055600000000000004,456774636701154.562500
-0.33416,0.0212,0.0572,456774636701154.562500
-0.33414999999999995,0.022000000000000002,0.0548,456774636701154.562500
-0.33414,0.0244,0.055600000000000004,456774636701154.562500
-0.33413,0.0228,0.0516,456774636701154.562500
-0.33412,0.0228,0.0476,456774636701154.562500
-0.33411,0.022000000000000002,0.050800000000000005,456774636701154.562500
-0.33409999999999995,0.022000000000000002,0.055600000000000004,456774636701154.562500
-0.33409,0.022000000000000002,0.058,456774636701154.562500
-0.33408,0.022000000000000002,0.054,456774636701154.562500
-0.33407,0.0228,0.055600000000000004,456774636701154.562500
-0.33406,0.0236,0.058,456774636701154.562500
-0.33404999999999996,0.0228,0.053200000000000004,456774636701154.562500
-0.33404,0.0236,0.0548,456774636701154.562500
-0.33403,0.0236,0.0436,456774636701154.562500
-0.33402,0.022000000000000002,0.048400000000000006,456774636701154.562500
-0.33401,0.026000000000000002,0.0524,456774636701154.562500
-0.33399999999999996,0.022000000000000002,0.058,456774636701154.562500
-0.33399,0.0236,0.056400000000000006,456774636701154.562500
-0.33398,0.0196,0.0476,456774636701154.562500
-0.33397,0.0236,0.0572,456774636701154.562500
-0.33396,0.0236,0.056400000000000006,456774636701154.562500
-0.33394999999999997,0.0244,0.0572,456774636701154.562500
-0.33394,0.0244,0.0572,456774636701154.562500
-0.33392999999999995,0.0244,0.055600000000000004,456774636701154.562500
-0.33392,0.0236,0.056400000000000006,456774636701154.562500
-0.33391,0.0204,0.0572,456774636701154.562500
-0.3339,0.022000000000000002,0.053200000000000004,456774636701154.562500
-0.33389,0.0228,0.056400000000000006,456774636701154.562500
-0.33387999999999995,0.0228,0.0572,456774636701154.562500
-0.33387,0.022000000000000002,0.0572,456774636701154.562500
-0.33386,0.022000000000000002,0.0572,456774636701154.562500
-0.33385,0.022000000000000002,0.054,456774636701154.562500
-0.33384,0.0212,0.056400000000000006,456774636701154.562500
-0.33382999999999996,0.0228,0.0516,456774636701154.562500
-0.33382,0.0212,0.056400000000000006,456774636701154.562500
-0.33381,0.0236,0.0516,456774636701154.562500
-0.3338,0.0196,0.0572,456774636701154.562500
-0.33379,0.022000000000000002,0.053200000000000004,456774636701154.562500
-0.33377999999999997,0.0212,0.0572,456774636701154.562500
-0.33377,0.022000000000000002,0.050800000000000005,456774636701154.562500
-0.33375999999999995,0.0236,0.0548,456774636701154.562500
-0.33375,0.022000000000000002,0.056400000000000006,456774636701154.562500
-0.33374,0.0236,0.056400000000000006,456774636701154.562500
-0.33372999999999997,0.0228,0.055600000000000004,456774636701154.562500
-0.33372,0.0244,0.055600000000000004,456774636701154.562500
-0.33370999999999995,0.0244,0.0524,456774636701154.562500
-0.3337,0.022000000000000002,0.0572,456774636701154.562500
-0.33369,0.0244,0.0572,456774636701154.562500
-0.33368,0.0236,0.056400000000000006,456774636701154.562500
-0.33367,0.026000000000000002,0.054,456774636701154.562500
-0.33365999999999996,0.0204,0.0524,456774636701154.562500
-0.33365,0.0212,0.056400000000000006,456774636701154.562500
-0.33364,0.0236,0.0572,456774636701154.562500
-0.33363,0.0236,0.0572,456774636701154.562500
-0.33362,0.0236,0.055600000000000004,456774636701154.562500
-0.33360999999999996,0.0244,0.0548,456774636701154.562500
-0.3336,0.0236,0.050800000000000005,456774636701154.562500
-0.33359,0.0236,0.0548,456774636701154.562500
-0.33358,0.0244,0.055600000000000004,456774636701154.562500
-0.33357,0.0228,0.058,456774636701154.562500
-0.33355999999999997,0.0212,0.055600000000000004,456774636701154.562500
-0.33355,0.0236,0.056400000000000006,456774636701154.562500
-0.33353999999999995,0.0204,0.0572,456774636701154.562500
-0.33353,0.022000000000000002,0.0516,456774636701154.562500
-0.33352,0.0204,0.0468,456774636701154.562500
-0.33351,0.022000000000000002,0.0548,456774636701154.562500
-0.3335,0.0212,0.05,456774636701154.562500
-0.33348999999999995,0.0236,0.054,456774636701154.562500
-0.33348,0.022000000000000002,0.040400000000000005,456774636701154.562500
-0.33347,0.0236,0.0516,456774636701154.562500
-0.33346,0.0228,0.0436,456774636701154.562500
-0.33345,0.0228,0.055600000000000004,456774636701154.562500
-0.33343999999999996,0.022000000000000002,0.0516,456774636701154.562500
-0.33343,0.0204,0.055600000000000004,456774636701154.562500
-0.33342,0.0236,0.0572,456774636701154.562500
-0.33341,0.0236,0.053200000000000004,456774636701154.562500
-0.3334,0.0204,0.058,456774636701154.562500
-0.33338999999999996,0.0196,0.048400000000000006,456774636701154.562500
-0.33338,0.0212,0.0572,456774636701154.562500
-0.33337,0.0244,0.056400000000000006,456774636701154.562500
-0.33336,0.0228,0.0492,456774636701154.562500
-0.33335,0.0252,0.055600000000000004,456774636701154.562500
-0.33333999999999997,0.0228,0.0516,456774636701154.562500
-0.33333,0.0244,0.0548,456774636701154.562500
-0.33331999999999995,0.022000000000000002,0.0572,456774636701154.562500
-0.33331,0.0204,0.0516,456774636701154.562500
-0.3333,0.022000000000000002,0.056400000000000006,456774636701154.562500
-0.33329,0.0204,0.0524,456774636701154.562500
-0.33328,0.0228,0.0516,456774636701154.562500
-0.33326999999999996,0.0196,0.05,456774636701154.562500
-0.33326,0.022000000000000002,0.0548,456774636701154.562500
-0.33325,0.022000000000000002,0.0468,456774636701154.562500
-0.33324,0.0236,0.0548,456774636701154.562500
-0.33323,0.0236,0.055600000000000004,456774636701154.562500
-0.33321999999999996,0.022000000000000002,0.0572,456774636701154.562500
-0.33321,0.0228,0.053200000000000004,456774636701154.562500
-0.3332,0.0212,0.0492,456774636701154.562500
-0.33319,0.0228,0.0492,456774636701154.562500
-0.33318,0.022000000000000002,0.045200000000000004,456774636701154.562500
-0.33316999999999997,0.0228,0.0524,456774636701154.562500
-0.33316,0.0212,0.058800000000000005,456774636701154.562500
-0.33314999999999995,0.0228,0.056400000000000006,456774636701154.562500
-0.33314,0.0228,0.055600000000000004,456774636701154.562500
-0.33313,0.022000000000000002,0.0572,456774636701154.562500
-0.33311999999999997,0.0212,0.055600000000000004,456774636701154.562500
-0.33311,0.0252,0.056400000000000006,456774636701154.562500
-0.33309999999999995,0.0236,0.056400000000000006,456774636701154.562500
-0.33309,0.0204,0.056400000000000006,456774636701154.562500
-0.33308,0.0252,0.055600000000000004,456774636701154.562500
-0.33307,0.0252,0.058800000000000005,456774636701154.562500
-0.33306,0.0252,0.0548,456774636701154.562500
-0.33304999999999996,0.022000000000000002,0.054,456774636701154.562500
-0.33304,0.0236,0.0524,456774636701154.562500
-0.33303,0.0244,0.0548,456774636701154.562500
-0.33302,0.0236,0.058800000000000005,456774636701154.562500
-0.33301,0.0236,0.055600000000000004,456774636701154.562500
-0.33299999999999996,0.0212,0.0572,456774636701154.562500
-0.33299,0.0244,0.0572,456774636701154.562500
-0.33298,0.022000000000000002,0.058,456774636701154.562500
-0.33297,0.0212,0.0548,456774636701154.562500
-0.33296,0.022000000000000002,0.050800000000000005,456774636701154.562500
-0.33294999999999997,0.0204,0.0572,456774636701154.562500
-0.33294,0.0212,0.054,456774636701154.562500
-0.33292999999999995,0.0196,0.056400000000000006,456774636701154.562500
-0.33292,0.0188,0.0572,456774636701154.562500
-0.33291,0.0196,0.058,456774636701154.562500
-0.3329,0.0212,0.056400000000000006,456774636701154.562500
-0.33289,0.0228,0.0524,456774636701154.562500
-0.33287999999999995,0.018000000000000002,0.054,456774636701154.562500
-0.33287,0.0212,0.058,456774636701154.562500
-0.33286,0.018000000000000002,0.053200000000000004,456774636701154.562500
-0.33285,0.0212,0.055600000000000004,456774636701154.562500
-0.33284,0.0196,0.050800000000000005,456774636701154.562500
-0.33282999999999996,0.022000000000000002,0.056400000000000006,456774636701154.562500
-0.33282,0.0236,0.058,456774636701154.562500
-0.33281,0.0236,0.0572,456774636701154.562500
-0.3328,0.0236,0.058,456774636701154.562500
-0.33279,0.0212,0.0572,456774636701154.562500
-0.33277999999999996,0.0252,0.058,456774636701154.562500
-0.33277,0.0228,0.055600000000000004,456774636701154.562500
-0.33275999999999994,0.0236,0.0548,456774636701154.562500
-0.33275,0.0228,0.056400000000000006,456774636701154.562500
-0.33274,0.0228,0.0572,456774636701154.562500
-0.33272999999999997,0.0236,0.0572,456774636701154.562500
-0.33272,0.0228,0.0572,456774636701154.562500
-0.33270999999999995,0.0212,0.054,456774636701154.562500
-0.3327,0.022000000000000002,0.05,456774636701154.562500
-0.33269,0.0188,0.050800000000000005,456774636701154.562500
-0.33268,0.018000000000000002,0.055600000000000004,456774636701154.562500
-0.33267,0.0164,0.0516,456774636701154.562500
-0.33265999999999996,0.0212,0.0572,456774636701154.562500
-0.33265,0.0188,0.0572,456774636701154.562500
-0.33264,0.022000000000000002,0.0572,456774636701154.562500
-0.33263,0.022000000000000002,0.0548,456774636701154.562500
-0.33262,0.022000000000000002,0.056400000000000006,456774636701154.562500
-0.33260999999999996,0.022000000000000002,0.056400000000000006,456774636701154.562500
-0.3326,0.0212,0.054,456774636701154.562500
-0.33259,0.0204,0.0548,456774636701154.562500
-0.33258,0.022000000000000002,0.0572,456774636701154.562500
-0.33257,0.0228,0.0492,456774636701154.562500
-0.33255999999999997,0.0204,0.0524,456774636701154.562500
-0.33255,0.0212,0.05,456774636701154.562500
-0.33253999999999995,0.0228,0.056400000000000006,456774636701154.562500
-0.33253,0.0196,0.0548,456774636701154.562500
-0.33252,0.0204,0.0516,456774636701154.562500
-0.33251,0.0196,0.042,456774636701154.562500
-0.3325,0.0212,0.053200000000000004,456774636701154.562500
-0.33248999999999995,0.0236,0.05,456774636701154.562500
-0.33248,0.0236,0.056400000000000006,456774636701154.562500
-0.33247,0.0244,0.053200000000000004,456774636701154.562500
-0.33246,0.0244,0.056400000000000006,456774636701154.562500
-0.33245,0.0244,0.0572,456774636701154.562500
-0.33243999999999996,0.0244,0.0572,456774636701154.562500
-0.33243,0.0244,0.0572,456774636701154.562500
-0.33242,0.0244,0.0524,456774636701154.562500
-0.33241,0.0212,0.058,456774636701154.562500
-0.3324,0.0228,0.055600000000000004,456774636701154.562500
-0.33238999999999996,0.022000000000000002,0.056400000000000006,456774636701154.562500
-0.33238,0.0236,0.0572,456774636701154.562500
-0.33237,0.0236,0.056400000000000006,456774636701154.562500
-0.33236,0.0212,0.056400000000000006,456774636701154.562500
-0.33235,0.0212,0.056400000000000006,456774636701154.562500
-0.33233999999999997,0.0204,0.055600000000000004,456774636701154.562500
-0.33233,0.0228,0.055600000000000004,456774636701154.562500
-0.33231999999999995,0.0236,0.0572,456774636701154.562500
-0.33231,0.0228,0.054,456774636701154.562500
-0.3323,0.022000000000000002,0.058,456774636701154.562500
-0.33229,0.0172,0.056400000000000006,456774636701154.562500
-0.33228,0.0188,0.0572,456774636701154.562500
-0.33226999999999995,0.0164,0.0516,456774636701154.562500
-0.33226,0.0212,0.058,456774636701154.562500
-0.33225,0.0228,0.055600000000000004,456774636701154.562500
-0.33224,0.022000000000000002,0.054,456774636701154.562500
-0.33223,0.0228,0.0596,456774636701154.562500
-0.33221999999999996,0.0236,0.058,456774636701154.562500
-0.33221,0.0252,0.056400000000000006,456774636701154.562500
-0.3322,0.0244,0.0572,456774636701154.562500
-0.33219,0.0252,0.058,456774636701154.562500
-0.33218,0.026000000000000002,0.058,456774636701154.562500
-0.33216999999999997,0.0236,0.0572,456774636701154.562500
-0.33216,0.0236,0.058,456774636701154.562500
-0.33214999999999995,0.0236,0.0516,456774636701154.562500
-0.33214,0.0212,0.055600000000000004,456774636701154.562500
-0.33213,0.0236,0.056400000000000006,456774636701154.562500
-0.33211999999999997,0.0236,0.055600000000000004,456774636701154.562500
-0.33211,0.022000000000000002,0.056400000000000006,456774636701154.562500
-0.33209999999999995,0.0236,0.055600000000000004,456774636701154.562500
-0.33209,0.0204,0.056400000000000006,456774636701154.562500
-0.33208,0.0236,0.055600000000000004,456774636701154.562500
-0.33207,0.0236,0.0524,456774636701154.562500
-0.33206,0.022000000000000002,0.054,456774636701154.562500
-0.33204999999999996,0.0228,0.050800000000000005,456774636701154.562500
-0.33204,0.022000000000000002,0.056400000000000006,456774636701154.562500
-0.33203,0.0228,0.056400000000000006,456774636701154.562500
-0.33202,0.0212,0.054,456774636701154.562500
-0.33201,0.0212,0.056400000000000006,456774636701154.562500
-0.33199999999999996,0.0204,0.0516,456774636701154.562500
-0.33199,0.0204,0.0548,456774636701154.562500
-0.33198,0.0236,0.0396,456774636701154.562500
-0.33197,0.0236,0.0476,456774636701154.562500
-0.33196,0.0212,0.042800000000000005,456774636701154.562500
-0.33194999999999997,0.022000000000000002,0.0524,456774636701154.562500
-0.33194,0.0228,0.042800000000000005,456774636701154.562500
-0.33192999999999995,0.0228,0.055600000000000004,456774636701154.562500
-0.33192,0.022000000000000002,0.054,456774636701154.562500
-0.33191,0.0236,0.056400000000000006,456774636701154.562500
-0.3319,0.0236,0.056400000000000006,456774636701154.562500
-0.33189,0.022000000000000002,0.0524,456774636701154.562500
-0.33187999999999995,0.0236,0.0548,456774636701154.562500
-0.33187,0.0244,0.056400000000000006,456774636701154.562500
-0.33186,0.026000000000000002,0.0548,456774636701154.562500
-0.33185,0.0244,0.058,456774636701154.562500
-0.33184,0.0236,0.055600000000000004,456774636701154.562500
-0.33182999999999996,0.0236,0.045200000000000004,456774636701154.562500
-0.33182,0.0236,0.0476,456774636701154.562500
-0.33181,0.0252,0.0524,456774636701154.562500
-0.3318,0.0228,0.053200000000000004,456774636701154.562500
-0.33179,0.0228,0.0388,456774636701154.562500
-0.33177999999999996,0.0228,0.050800000000000005,456774636701154.562500
-0.33177,0.0236,0.050800000000000005,456774636701154.562500
-0.33176,0.022000000000000002,0.054,456774636701154.562500
-0.33175,0.0228,0.046,456774636701154.562500
-0.33174,0.0212,0.0548,456774636701154.562500
-0.33172999999999997,0.022000000000000002,0.0524,456774636701154.562500
-0.33172,0.022000000000000002,0.046,456774636701154.562500
-0.33170999999999995,0.022000000000000002,0.0444,456774636701154.562500
-0.3317,0.022000000000000002,0.055600000000000004,456774636701154.562500
-0.33169,0.0212,0.053200000000000004,456774636701154.562500
-0.33168,0.0228,0.054,456774636701154.562500
-0.33167,0.0236,0.0516,456774636701154.562500
-0.33165999999999995,0.022000000000000002,0.05,456774636701154.562500
-0.33165,0.0212,0.0548,456774636701154.562500
-0.33164,0.022000000000000002,0.053200000000000004,456774636701154.562500
-0.33163,0.0228,0.056400000000000006,456774636701154.562500
-0.33162,0.0228,0.055600000000000004,456774636701154.562500
-0.33160999999999996,0.0236,0.0524,456774636701154.562500
-0.3316,0.0228,0.0524,456774636701154.562500
-0.33159,0.022000000000000002,0.0548,456774636701154.562500
-0.33158,0.0204,0.054,456774636701154.562500
-0.33157,0.0236,0.056400000000000006,456774636701154.562500
-0.33155999999999997,0.0244,0.056400000000000006,456774636701154.562500
-0.33155,0.0212,0.056400000000000006,456774636701154.562500
-0.33153999999999995,0.0236,0.058,456774636701154.562500
-0.33153,0.0236,0.055600000000000004,456774636701154.562500
-0.33152,0.0236,0.058,456774636701154.562500
-0.33150999999999997,0.0228,0.056400000000000006,456774636701154.562500
-0.3315,0.0212,0.056400000000000006,456774636701154.562500
-0.33148999999999995,0.0172,0.054,456774636701154.562500
-0.33148,0.0212,0.0524,456774636701154.562500
-0.33147,0.0228,0.056400000000000006,456774636701154.562500
-0.33146,0.022000000000000002,0.054,456774636701154.562500
-0.33145,0.018000000000000002,0.0572,456774636701154.562500
-0.33143999999999996,0.0212,0.055600000000000004,456774636701154.562500
-0.33143,0.0228,0.055600000000000004,456774636701154.562500
-0.33142,0.0228,0.056400000000000006,456774636701154.562500
-0.33141,0.022000000000000002,0.055600000000000004,456774636701154.562500
-0.3314,0.0236,0.0548,456774636701154.562500
-0.33138999999999996,0.0212,0.055600000000000004,456774636701154.562500
-0.33138,0.0204,0.050800000000000005,456774636701154.562500
-0.33137,0.022000000000000002,0.058800000000000005,456774636701154.562500
-0.33136,0.022000000000000002,0.045200000000000004,456774636701154.562500
-0.33135,0.022000000000000002,0.0572,456774636701154.562500
-0.33133999999999997,0.0212,0.055600000000000004,456774636701154.562500
-0.33133,0.0212,0.054,456774636701154.562500
-0.33131999999999995,0.0212,0.058,456774636701154.562500
-0.33131,0.0212,0.056400000000000006,456774636701154.562500
-0.3313,0.0236,0.058,456774636701154.562500
-0.33129,0.0228,0.056400000000000006,456774636701154.562500
-0.33128,0.0204,0.055600000000000004,456774636701154.562500
-0.33126999999999995,0.022000000000000002,0.0548,456774636701154.562500
-0.33126,0.022000000000000002,0.053200000000000004,456774636701154.562500
-0.33125,0.0228,0.0572,456774636701154.562500
-0.33124,0.0204,0.0572,456774636701154.562500
-0.33123,0.0244,0.055600000000000004,456774636701154.562500
-0.33121999999999996,0.0244,0.056400000000000006,456774636701154.562500
-0.33121,0.0236,0.055600000000000004,456774636701154.562500
-0.3312,0.0228,0.0572,456774636701154.562500
-0.33119,0.0236,0.056400000000000006,456774636701154.562500
-0.33118,0.0244,0.058,456774636701154.562500
-0.33116999999999996,0.0244,0.0572,456774636701154.562500
-0.33116,0.022000000000000002,0.048400000000000006,456774636701154.562500
-0.33115,0.0212,0.056400000000000006,456774636701154.562500
-0.33114,0.0228,0.0572,456774636701154.562500
-0.33113,0.0204,0.0548,456774636701154.562500
-0.33111999999999997,0.022000000000000002,0.0572,456774636701154.562500
-0.33111,0.0228,0.055600000000000004,456774636701154.562500
-0.33109999999999995,0.0204,0.053200000000000004,456774636701154.562500
-0.33109,0.0212,0.045200000000000004,456774636701154.562500
-0.33108,0.022000000000000002,0.0516,456774636701154.562500
-0.33107,0.0228,0.055600000000000004,456774636701154.562500
-0.33106,0.022000000000000002,0.058800000000000005,456774636701154.562500
-0.33104999999999996,0.0236,0.0468,456774636701154.562500
-0.33104,0.022000000000000002,0.054,456774636701154.562500
-0.33103,0.022000000000000002,0.053200000000000004,456774636701154.562500
-0.33102,0.0228,0.0492,456774636701154.562500
-0.33101,0.0244,0.0548,456774636701154.562500
-0.33099999999999996,0.0228,0.056400000000000006,456774636701154.562500
-0.33099,0.0236,0.058,456774636701154.562500
-0.33098,0.022000000000000002,0.0572,456774636701154.562500
-0.33097,0.0228,0.0524,456774636701154.562500
-0.33096,0.022000000000000002,0.054,456774636701154.562500
-0.33094999999999997,0.0252,0.0548,456774636701154.562500
-0.33094,0.022000000000000002,0.056400000000000006,456774636701154.562500
-0.33092999999999995,0.0244,0.056400000000000006,456774636701154.562500
-0.33092,0.022000000000000002,0.056400000000000006,456774636701154.562500
-0.33091,0.0244,0.056400000000000006,456774636701154.562500
-0.33089999999999997,0.0236,0.058800000000000005,456774636701154.562500
-0.33089,0.0236,0.0548,456774636701154.562500
-0.33087999999999995,0.0236,0.0572,456774636701154.562500
-0.33087,0.0236,0.054,456774636701154.562500
-0.33086,0.022000000000000002,0.058,456774636701154.562500
-0.33085,0.022000000000000002,0.053200000000000004,456774636701154.562500
-0.33084,0.018000000000000002,0.056400000000000006,456774636701154.562500
-0.33082999999999996,0.0196,0.0572,456774636701154.562500
-0.33082,0.0188,0.0524,456774636701154.562500
-0.33081,0.0212,0.056400000000000006,456774636701154.562500
-0.3308,0.0212,0.055600000000000004,456774636701154.562500
-0.33079,0.0228,0.0572,456774636701154.562500
-0.33077999999999996,0.022000000000000002,0.0516,456774636701154.562500
-0.33077,0.0212,0.056400000000000006,456774636701154.562500
-0.33076,0.022000000000000002,0.055600000000000004,456774636701154.562500
-0.33075,0.0228,0.0572,456774636701154.562500
-0.33074,0.0236,0.05,456774636701154.562500
-0.33072999999999997,0.0228,0.058,456774636701154.562500
-0.33072,0.0204,0.054,456774636701154.562500
-0.33070999999999995,0.022000000000000002,0.056400000000000006,456774636701154.562500
-0.3307,0.0236,0.0572,456774636701154.562500
-0.33069,0.0236,0.0548,456774636701154.562500
-0.33068,0.0204,0.055600000000000004,456774636701154.562500
-0.33067,0.0228,0.0516,456774636701154.562500
-0.33065999999999995,0.018000000000000002,0.0572,456774636701154.562500
-0.33065,0.0252,0.0516,456774636701154.562500
-0.33064,0.0236,0.056400000000000006,456774636701154.562500
-0.33063,0.0244,0.0548,456774636701154.562500
-0.33062,0.0236,0.055600000000000004,456774636701154.562500
-0.33060999999999996,0.0252,0.0572,456774636701154.562500
-0.3306,0.022000000000000002,0.0572,456774636701154.562500
-0.33059,0.0244,0.0548,456774636701154.562500
-0.33058,0.0228,0.055600000000000004,456774636701154.562500
-0.33057,0.0236,0.058,456774636701154.562500
-0.33055999999999996,0.0244,0.056400000000000006,456774636701154.562500
-0.33055,0.0228,0.058800000000000005,456774636701154.562500
-0.33053999999999994,0.0236,0.0572,456774636701154.562500
-0.33053,0.022000000000000002,0.058,456774636701154.562500
-0.33052,0.0236,0.056400000000000006,456774636701154.562500
-0.33050999999999997,0.022000000000000002,0.055600000000000004,456774636701154.562500
-0.3305,0.0188,0.053200000000000004,456774636701154.562500
-0.33048999999999995,0.022000000000000002,0.0572,456774636701154.562500
-0.33048,0.022000000000000002,0.056400000000000006,456774636701154.562500
-0.33047,0.022000000000000002,0.056400000000000006,456774636701154.562500
-0.33046,0.0228,0.0572,456774636701154.562500
-0.33045,0.022000000000000002,0.055600000000000004,456774636701154.562500
-0.33043999999999996,0.0228,0.0572,456774636701154.562500
-0.33043,0.0196,0.0548,456774636701154.562500
-0.33042,0.022000000000000002,0.0572,456774636701154.562500
-0.33041,0.0228,0.056400000000000006,456774636701154.562500
-0.3304,0.0236,0.056400000000000006,456774636701154.562500
-0.33038999999999996,0.0212,0.055600000000000004,456774636701154.562500
-0.33038,0.0236,0.0572,456774636701154.562500
-0.33037,0.0228,0.055600000000000004,456774636701154.562500
-0.33036,0.0236,0.054,456774636701154.562500
-0.33035,0.0244,0.055600000000000004,456774636701154.562500
-0.33033999999999997,0.022000000000000002,0.0548,456774636701154.562500
-0.33033,0.0228,0.056400000000000006,456774636701154.562500
-0.33031999999999995,0.0244,0.056400000000000006,456774636701154.562500
-0.33031,0.0228,0.058,456774636701154.562500
-0.3303,0.0236,0.058,456774636701154.562500
-0.33029,0.0212,0.0572,456774636701154.562500
-0.33028,0.0228,0.055600000000000004,456774636701154.562500
-0.33026999999999995,0.0236,0.058,456774636701154.562500
-0.33026,0.0228,0.0572,456774636701154.562500
-0.33025,0.0244,0.0548,456774636701154.562500
-0.33024,0.0228,0.056400000000000006,456774636701154.562500
-0.33023,0.022000000000000002,0.0516,456774636701154.562500
-0.33021999999999996,0.0228,0.056400000000000006,456774636701154.562500
-0.33021,0.0204,0.056400000000000006,456774636701154.562500
-0.3302,0.0212,0.056400000000000006,456774636701154.562500
-0.33019,0.022000000000000002,0.056400000000000006,456774636701154.562500
-0.33018,0.022000000000000002,0.056400000000000006,456774636701154.562500
-0.33016999999999996,0.0212,0.055600000000000004,456774636701154.562500
-0.33016,0.022000000000000002,0.056400000000000006,456774636701154.562500
-0.33015,0.022000000000000002,0.0492,456774636701154.562500
-0.33014,0.0228,0.0476,456774636701154.562500
-0.33013,0.0212,0.045200000000000004,456774636701154.562500
-0.33011999999999997,0.0236,0.05,456774636701154.562500
-0.33011,0.022000000000000002,0.0468,456774636701154.562500
-0.33009999999999995,0.0244,0.055600000000000004,456774636701154.562500
-0.33009,0.022000000000000002,0.0548,456774636701154.562500
-0.33008,0.0244,0.0548,456774636701154.562500
-0.33007,0.0244,0.045200000000000004,456774636701154.562500
-0.33006,0.0204,0.0548,456774636701154.562500
-0.33004999999999995,0.0196,0.0548,456774636701154.562500
-0.33004,0.0236,0.055600000000000004,456774636701154.562500
-0.33003,0.018000000000000002,0.0516,456774636701154.562500
-0.33002,0.014,0.0548,456774636701154.562500
-0.33001,0.014,0.0548,456774636701154.562500
-0.32999999999999996,0.0172,0.0572,456774636701154.562500
-0.32999,0.0212,0.055600000000000004,456774636701154.562500
-0.32998,0.0236,0.0516,456774636701154.562500
-0.32997,0.0212,0.056400000000000006,456774636701154.562500
-0.32996,0.0228,0.048400000000000006,456774636701154.562500
-0.32994999999999997,0.0244,0.050800000000000005,456774636701154.562500
-0.32994,0.0244,0.053200000000000004,456774636701154.562500
-0.32992999999999995,0.022000000000000002,0.055600000000000004,456774636701154.562500
-0.32992,0.022000000000000002,0.0548,456774636701154.562500
-0.32991,0.0236,0.054,456774636701154.562500
-0.32989999999999997,0.022000000000000002,0.053200000000000004,456774636701154.562500
-0.32989,0.022000000000000002,0.054,456774636701154.562500
-0.32987999999999995,0.0228,0.056400000000000006,456774636701154.562500
-0.32987,0.0196,0.0516,456774636701154.562500
-0.32986,0.022000000000000002,0.056400000000000006,456774636701154.562500
-0.32985,0.0204,0.050800000000000005,456774636701154.562500
-0.32984,0.022000000000000002,0.0444,456774636701154.562500
-0.32982999999999996,0.0204,0.046,456774636701154.562500
-0.32982,0.0228,0.046,456774636701154.562500
-0.32981,0.022000000000000002,0.046,456774636701154.562500
-0.3298,0.022000000000000002,0.0548,456774636701154.562500
-0.32979,0.0228,0.054,456774636701154.562500
-0.32977999999999996,0.0204,0.0516,456774636701154.562500
-0.32977,0.022000000000000002,0.058,456774636701154.562500
-0.32976,0.0236,0.0548,456774636701154.562500
-0.32975,0.018000000000000002,0.058,456774636701154.562500
-0.32974,0.0204,0.058,456774636701154.562500
-0.32972999999999997,0.0236,0.056400000000000006,456774636701154.562500
-0.32972,0.0236,0.055600000000000004,456774636701154.562500
-0.32970999999999995,0.0236,0.058,456774636701154.562500
-0.3297,0.0228,0.056400000000000006,456774636701154.562500
-0.32969,0.0244,0.056400000000000006,456774636701154.562500
-0.32968,0.0236,0.054,456774636701154.562500
-0.32967,0.022000000000000002,0.055600000000000004,456774636701154.562500
-0.32965999999999995,0.0236,0.058,456774636701154.562500
-0.32965,0.0236,0.054,456774636701154.562500
-0.32964,0.022000000000000002,0.055600000000000004,456774636701154.562500
-0.32963,0.0236,0.056400000000000006,456774636701154.562500
-0.32962,0.022000000000000002,0.055600000000000004,456774636701154.562500
-0.32960999999999996,0.022000000000000002,0.0572,456774636701154.562500
-0.3296,0.022000000000000002,0.058,456774636701154.562500
-0.32959,0.0212,0.0572,456774636701154.562500
-0.32958,0.022000000000000002,0.056400000000000006,456774636701154.562500
-0.32957,0.0228,0.055600000000000004,456774636701154.562500
-0.32955999999999996,0.0188,0.0572,456774636701154.562500
-0.32955,0.022000000000000002,0.054,456774636701154.562500
-0.32954,0.0196,0.056400000000000006,456774636701154.562500
-0.32953,0.022000000000000002,0.055600000000000004,456774636701154.562500
-0.32952,0.022000000000000002,0.058,456774636701154.562500
-0.32950999999999997,0.022000000000000002,0.0492,456774636701154.562500
-0.3295,0.0228,0.0572,456774636701154.562500
-0.32948999999999995,0.022000000000000002,0.0516,456774636701154.562500
-0.32948,0.0236,0.054,456774636701154.562500
-0.32947,0.0252,0.048400000000000006,456774636701154.562500
-0.32946,0.0236,0.0524,456774636701154.562500
-0.32945,0.0236,0.054,456774636701154.562500
-0.32943999999999996,0.022000000000000002,0.0548,456774636701154.562500
-0.32943,0.0244,0.055600000000000004,456774636701154.562500
-0.32942,0.0244,0.054,456774636701154.562500
-0.32941,0.0252,0.0548,456774636701154.562500
-0.3294,0.0244,0.05,456774636701154.562500
-0.32938999999999996,0.0236,0.056400000000000006,456774636701154.562500
-0.32938,0.0252,0.0548,456774636701154.562500
-0.32937,0.0236,0.058,456774636701154.562500
-0.32936,0.0244,0.0548,456774636701154.562500
-0.32935,0.0228,0.058,456774636701154.562500
-0.32933999999999997,0.0228,0.0572,456774636701154.562500
-0.32933,0.0236,0.055600000000000004,456774636701154.562500
-0.32931999999999995,0.0236,0.05,456774636701154.562500
-0.32931,0.0212,0.056400000000000006,456774636701154.562500
-0.3293,0.022000000000000002,0.056400000000000006,456774636701154.562500
-0.32928999999999997,0.0212,0.0524,456774636701154.562500
-0.32928,0.0204,0.0548,456774636701154.562500
-0.32926999999999995,0.022000000000000002,0.055600000000000004,456774636701154.562500
-0.32926,0.022000000000000002,0.056400000000000006,456774636701154.562500
-0.32925,0.0212,0.0572,456774636701154.562500
-0.32924,0.0228,0.056400000000000006,456774636701154.562500
-0.32923,0.0188,0.0572,456774636701154.562500
-0.32921999999999996,0.022000000000000002,0.056400000000000006,456774636701154.562500
-0.32921,0.0228,0.055600000000000004,456774636701154.562500
-0.3292,0.022000000000000002,0.056400000000000006,456774636701154.562500
-0.32919,0.022000000000000002,0.056400000000000006,456774636701154.562500
-0.32918,0.022000000000000002,0.0572,456774636701154.562500
-0.32916999999999996,0.0212,0.0524,456774636701154.562500
-0.32916,0.0236,0.055600000000000004,456774636701154.562500
-0.32915,0.0212,0.056400000000000006,456774636701154.562500
-0.32914,0.0244,0.055600000000000004,456774636701154.562500
-0.32913,0.0228,0.058,456774636701154.562500
-0.32911999999999997,0.0244,0.054,456774636701154.562500
-0.32911,0.0236,0.0516,456774636701154.562500
-0.32909999999999995,0.0244,0.042800000000000005,456774636701154.562500
-0.32909,0.0244,0.048400000000000006,456774636701154.562500
-0.32908,0.022000000000000002,0.058,456774636701154.562500
-0.32907,0.0228,0.0572,456774636701154.562500
-0.32906,0.0172,0.055600000000000004,456774636701154.562500
-0.32904999999999995,0.022000000000000002,0.0572,456774636701154.562500
-0.32904,0.0228,0.0572,456774636701154.562500
-0.32903,0.022000000000000002,0.058,456774636701154.562500
-0.32902,0.0212,0.056400000000000006,456774636701154.562500
-0.32901,0.0236,0.056400000000000006,456774636701154.562500
-0.32899999999999996,0.0228,0.0572,456774636701154.562500
-0.32899,0.0212,0.0516,456774636701154.562500
-0.32898,0.0228,0.0572,456774636701154.562500
-0.32897,0.022000000000000002,0.0524,456774636701154.562500
-0.32896,0.0244,0.0572,456774636701154.562500
-0.32894999999999996,0.0196,0.055600000000000004,456774636701154.562500
-0.32894,0.022000000000000002,0.045200000000000004,456774636701154.562500
-0.32892999999999994,0.022000000000000002,0.058,456774636701154.562500
-0.32892,0.0212,0.055600000000000004,456774636701154.562500
-0.32891,0.022000000000000002,0.0572,456774636701154.562500
-0.32889999999999997,0.0244,0.0548,456774636701154.562500
-0.32889,0.0212,0.054,456774636701154.562500
-0.32887999999999995,0.0212,0.058,456774636701154.562500
-0.32887,0.0236,0.0548,456774636701154.562500
-0.32886,0.022000000000000002,0.056400000000000006,456774636701154.562500
-0.32885,0.0212,0.058,456774636701154.562500
-0.32884,0.0252,0.050800000000000005,456774636701154.562500
-0.32882999999999996,0.0252,0.053200000000000004,456774636701154.562500
-0.32882,0.0236,0.0548,456774636701154.562500
-0.32881,0.0244,0.058,456774636701154.562500
-0.3288,0.0236,0.0572,456774636701154.562500
-0.32879,0.0244,0.056400000000000006,456774636701154.562500
-0.32877999999999996,0.0252,0.0548,456774636701154.562500
-0.32877,0.0228,0.058,456774636701154.562500
-0.32876,0.0244,0.056400000000000006,456774636701154.562500
-0.32875,0.0236,0.0516,456774636701154.562500
-0.32874,0.0212,0.058,456774636701154.562500
-0.32872999999999997,0.022000000000000002,0.0572,456774636701154.562500
-0.32872,0.022000000000000002,0.055600000000000004,456774636701154.562500
-0.32870999999999995,0.022000000000000002,0.056400000000000006,456774636701154.562500
-0.3287,0.0236,0.056400000000000006,456774636701154.562500
-0.32869,0.022000000000000002,0.056400000000000006,456774636701154.562500
-0.32867999999999997,0.022000000000000002,0.0572,456774636701154.562500
-0.32867,0.022000000000000002,0.056400000000000006,456774636701154.562500
-0.32865999999999995,0.0228,0.056400000000000006,456774636701154.562500
-0.32865,0.0212,0.055600000000000004,456774636701154.562500
-0.32864,0.022000000000000002,0.056400000000000006,456774636701154.562500
-0.32863,0.022000000000000002,0.055600000000000004,456774636701154.562500
-0.32862,0.022000000000000002,0.050800000000000005,456774636701154.562500
-0.32860999999999996,0.022000000000000002,0.054,456774636701154.562500
-0.3286,0.022000000000000002,0.0436,456774636701154.562500
-0.32859,0.0196,0.056400000000000006,456774636701154.562500
-0.32858,0.0228,0.055600000000000004,456774636701154.562500
-0.32857,0.0228,0.05,456774636701154.562500
-0.32855999999999996,0.0236,0.0492,456774636701154.562500
-0.32855,0.0228,0.054,456774636701154.562500
-0.32854,0.0228,0.0572,456774636701154.562500
-0.32853,0.0244,0.055600000000000004,456774636701154.562500
-0.32852,0.0244,0.0572,456774636701154.562500
-0.32850999999999997,0.0228,0.055600000000000004,456774636701154.562500
-0.3285,0.0236,0.056400000000000006,456774636701154.562500
-0.32848999999999995,0.0244,0.0524,456774636701154.562500
-0.32848,0.022000000000000002,0.054,456774636701154.562500
-0.32847,0.0252,0.058800000000000005,456774636701154.562500
-0.32846,0.0244,0.055600000000000004,456774636701154.562500
-0.32845,0.0236,0.056400000000000006,456774636701154.562500
-0.32843999999999995,0.0236,0.056400000000000006,456774636701154.562500
-0.32843,0.022000000000000002,0.0548,456774636701154.562500
-0.32842,0.0228,0.0516,456774636701154.562500
-0.32841,0.022000000000000002,0.056400000000000006,456774636701154.562500
-0.3284,0.0236,0.054,456774636701154.562500
-0.32838999999999996,0.022000000000000002,0.055600000000000004,456774636701154.562500
-0.32838,0.022000000000000002,0.058800000000000005,456774636701154.562500
-0.32837,0.0236,0.056400000000000006,456774636701154.562500
-0.32836,0.0204,0.055600000000000004,456774636701154.562500
-0.32835,0.0196,0.055600000000000004,456774636701154.562500
-0.32833999999999997,0.0188,0.056400000000000006,456774636701154.562500
-0.32833,0.0228,0.0524,456774636701154.562500
-0.32831999999999995,0.0228,0.053200000000000004,456774636701154.562500
-0.32831,0.022000000000000002,0.056400000000000006,456774636701154.562500
-0.3283,0.0228,0.0476,456774636701154.562500
-0.32828999999999997,0.0228,0.058,456774636701154.562500
-0.32828,0.0244,0.0468,456774636701154.562500
-0.32826999999999995,0.0228,0.058,456774636701154.562500
-0.32826,0.022000000000000002,0.045200000000000004,456774636701154.562500
-0.32825,0.0228,0.0524,456774636701154.562500
-0.32824,0.0236,0.053200000000000004,456774636701154.562500
-0.32823,0.0252,0.0548,456774636701154.562500
-0.32821999999999996,0.0252,0.0492,456774636701154.562500
-0.32821,0.0204,0.0524,456774636701154.562500
-0.3282,0.0236,0.055600000000000004,456774636701154.562500
-0.32819,0.0252,0.0516,456774636701154.562500
-0.32818,0.0244,0.0572,456774636701154.562500
-0.32816999999999996,0.022000000000000002,0.0572,456774636701154.562500
-0.32816,0.0236,0.058,456774636701154.562500
-0.32815,0.0212,0.0572,456774636701154.562500
-0.32814,0.0228,0.0572,456774636701154.562500
-0.32813,0.0212,0.056400000000000006,456774636701154.562500
-0.32811999999999997,0.0228,0.056400000000000006,456774636701154.562500
-0.32811,0.0236,0.054,456774636701154.562500
-0.32809999999999995,0.022000000000000002,0.053200000000000004,456774636701154.562500
-0.32809,0.0228,0.056400000000000006,456774636701154.562500
-0.32808,0.0228,0.056400000000000006,456774636701154.562500
-0.32807,0.0228,0.056400000000000006,456774636701154.562500
-0.32806,0.0204,0.055600000000000004,456774636701154.562500
-0.32804999999999995,0.022000000000000002,0.048400000000000006,456774636701154.562500
-0.32804,0.0212,0.056400000000000006,456774636701154.562500
-0.32803,0.022000000000000002,0.055600000000000004,456774636701154.562500
-0.32802,0.0204,0.0572,456774636701154.562500
-0.32801,0.022000000000000002,0.058,456774636701154.562500
-0.32799999999999996,0.0212,0.0572,456774636701154.562500
-0.32799,0.0212,0.0572,456774636701154.562500
-0.32798,0.0212,0.055600000000000004,456774636701154.562500
-0.32797,0.022000000000000002,0.058,456774636701154.562500
-0.32796,0.022000000000000002,0.0572,456774636701154.562500
-0.32794999999999996,0.0236,0.055600000000000004,456774636701154.562500
-0.32794,0.0228,0.058,456774636701154.562500
-0.32793,0.0236,0.055600000000000004,456774636701154.562500
-0.32792,0.0252,0.0548,456774636701154.562500
-0.32791,0.0244,0.056400000000000006,456774636701154.562500
-0.32789999999999997,0.0236,0.05,456774636701154.562500
-0.32789,0.0236,0.058,456774636701154.562500
-0.32787999999999995,0.022000000000000002,0.0572,456774636701154.562500
-0.32787,0.0228,0.05,456774636701154.562500
-0.32786,0.0212,0.048400000000000006,456774636701154.562500
-0.32785,0.022000000000000002,0.058,456774636701154.562500
-0.32784,0.0236,0.056400000000000006,456774636701154.562500
-0.32782999999999995,0.0236,0.056400000000000006,456774636701154.562500
-0.32782,0.0236,0.0524,456774636701154.562500
-0.32781,0.0236,0.0572,456774636701154.562500
-0.3278,0.0212,0.055600000000000004,456774636701154.562500
-0.32779,0.0236,0.058,456774636701154.562500
-0.32777999999999996,0.0236,0.058800000000000005,456774636701154.562500
-0.32777,0.0244,0.055600000000000004,456774636701154.562500
-0.32776,0.022000000000000002,0.056400000000000006,456774636701154.562500
-0.32775,0.022000000000000002,0.056400000000000006,456774636701154.562500
-0.32774,0.0228,0.058,456774636701154.562500
-0.32772999999999997,0.022000000000000002,0.056400000000000006,456774636701154.562500
-0.32772,0.0212,0.0572,456774636701154.562500
-0.32770999999999995,0.022000000000000002,0.053200000000000004,456774636701154.562500
-0.3277,0.0228,0.0548,456774636701154.562500
-0.32769,0.0212,0.0572,456774636701154.562500
-0.32767999999999997,0.0204,0.050800000000000005,456774636701154.562500
-0.32767,0.0212,0.0572,456774636701154.562500
-0.32765999999999995,0.022000000000000002,0.056400000000000006,456774636701154.562500
-0.32765,0.022000000000000002,0.053200000000000004,456774636701154.562500
-0.32764,0.0236,0.0572,456774636701154.562500
-0.32763,0.0236,0.0572,456774636701154.562500
-0.32762,0.0244,0.0572,456774636701154.562500
-0.32760999999999996,0.0244,0.056400000000000006,456774636701154.562500
-0.3276,0.0252,0.0572,456774636701154.562500
-0.32759,0.0236,0.058,456774636701154.562500
-0.32758,0.0252,0.0524,456774636701154.562500
-0.32757,0.0236,0.054,456774636701154.562500
-0.32755999999999996,0.0252,0.0548,456774636701154.562500
-0.32755,0.0244,0.055600000000000004,456774636701154.562500
-0.32754,0.0244,0.055600000000000004,456774636701154.562500
-0.32753,0.0236,0.0548,456774636701154.562500
-0.32752,0.022000000000000002,0.056400000000000006,456774636701154.562500
-0.32750999999999997,0.0228,0.055600000000000004,456774636701154.562500
-0.3275,0.0228,0.054,456774636701154.562500
-0.32748999999999995,0.022000000000000002,0.0548,456774636701154.562500
-0.32748,0.022000000000000002,0.058,456774636701154.562500
-0.32747,0.0196,0.0572,456774636701154.562500
-0.32746,0.0212,0.056400000000000006,456774636701154.562500
-0.32745,0.022000000000000002,0.056400000000000006,456774636701154.562500
-0.32743999999999995,0.022000000000000002,0.0572,456774636701154.562500
-0.32743,0.022000000000000002,0.0548,456774636701154.562500
-0.32742,0.0204,0.058,456774636701154.562500
-0.32741,0.0188,0.0572,456774636701154.562500
-0.3274,0.0172,0.0548,456774636701154.562500
-0.32738999999999996,0.018000000000000002,0.055600000000000004,456774636701154.562500
-0.32738,0.0172,0.0572,456774636701154.562500
-0.32737,0.0172,0.0572,456774636701154.562500
-0.32736,0.018000000000000002,0.055600000000000004,456774636701154.562500
-0.32735,0.0188,0.0572,456774636701154.562500
-0.32733999999999996,0.0228,0.0572,456774636701154.562500
-0.32733,0.0236,0.0516,456774636701154.562500
-0.32731999999999994,0.0236,0.055600000000000004,456774636701154.562500
-0.32731,0.0244,0.055600000000000004,456774636701154.562500
-0.3273,0.0244,0.058,456774636701154.562500
-0.32728999999999997,0.0236,0.056400000000000006,456774636701154.562500
-0.32728,0.0236,0.056400000000000006,456774636701154.562500
-0.32726999999999995,0.0236,0.054,456774636701154.562500
-0.32726,0.0244,0.0548,456774636701154.562500
-0.32725,0.0236,0.0548,456774636701154.562500
-0.32724,0.0212,0.056400000000000006,456774636701154.562500
-0.32723,0.0212,0.058,456774636701154.562500
-0.32721999999999996,0.018000000000000002,0.056400000000000006,456774636701154.562500
-0.32721,0.022000000000000002,0.0548,456774636701154.562500
-0.3272,0.022000000000000002,0.056400000000000006,456774636701154.562500
-0.32719,0.0228,0.054,456774636701154.562500
-0.32718,0.0204,0.0572,456774636701154.562500
-0.32716999999999996,0.022000000000000002,0.0516,456774636701154.562500
-0.32716,0.022000000000000002,0.055600000000000004,456774636701154.562500
-0.32715,0.022000000000000002,0.056400000000000006,456774636701154.562500
-0.32714,0.0228,0.055600000000000004,456774636701154.562500
-0.32713,0.0212,0.0572,456774636701154.562500
-0.32711999999999997,0.022000000000000002,0.0572,456774636701154.562500
-0.32711,0.022000000000000002,0.0572,456774636701154.562500
-0.32709999999999995,0.022000000000000002,0.0548,456774636701154.562500
-0.32709,0.018000000000000002,0.0572,456774636701154.562500
-0.32708,0.0228,0.0572,456774636701154.562500
-0.32706999999999997,0.022000000000000002,0.054,456774636701154.562500
-0.32706,0.0228,0.058,456774636701154.562500
-0.32704999999999995,0.0236,0.056400000000000006,456774636701154.562500
-0.32704,0.0228,0.055600000000000004,456774636701154.562500
-0.32703,0.0228,0.058,456774636701154.562500
-0.32702,0.022000000000000002,0.055600000000000004,456774636701154.562500
-0.32701,0.0236,0.055600000000000004,456774636701154.562500
-0.32699999999999996,0.0236,0.054,456774636701154.562500
-0.32699,0.0212,0.058,456774636701154.562500
-0.32698,0.0244,0.0572,456774636701154.562500
-0.32697,0.0236,0.056400000000000006,456774636701154.562500
-0.32696,0.0236,0.056400000000000006,456774636701154.562500
-0.32694999999999996,0.0244,0.055600000000000004,456774636701154.562500
-0.32694,0.0228,0.0572,456774636701154.562500
-0.32693,0.0228,0.05,456774636701154.562500
-0.32692,0.0228,0.058,456774636701154.562500
-0.32691,0.015600000000000001,0.0572,456774636701154.562500
-0.32689999999999997,0.0244,0.058,456774636701154.562500
-0.32689,0.0196,0.0548,456774636701154.562500
-0.32687999999999995,0.0228,0.058,456774636701154.562500
-0.32687,0.0228,0.055600000000000004,456774636701154.562500
-0.32686,0.018000000000000002,0.054,456774636701154.562500
-0.32685,0.022000000000000002,0.053200000000000004,456774636701154.562500
-0.32684,0.022000000000000002,0.055600000000000004,456774636701154.562500
-0.32682999999999995,0.0212,0.054,456774636701154.562500
-0.32682,0.022000000000000002,0.0548,456774636701154.562500
-0.32681,0.0212,0.05,456774636701154.562500
-0.3268,0.0164,0.0524,456774636701154.562500
-0.32679,0.0228,0.0476,456774636701154.562500
-0.32677999999999996,0.0236,0.058,456774636701154.562500
-0.32677,0.0228,0.0572,456774636701154.562500
-0.32676,0.0204,0.055600000000000004,456774636701154.562500
-0.32675,0.0204,0.0524,456774636701154.562500
-0.32674,0.022000000000000002,0.0524,456774636701154.562500
-0.32672999999999996,0.022000000000000002,0.0548,456774636701154.562500
-0.32672,0.022000000000000002,0.0476,456774636701154.562500
-0.32670999999999994,0.0204,0.0572,456774636701154.562500
-0.3267,0.0236,0.053200000000000004,456774636701154.562500
-0.32669,0.0252,0.0596,456774636701154.562500
-0.32667999999999997,0.0236,0.050800000000000005,456774636701154.562500
-0.32667,0.0236,0.058,456774636701154.562500
-0.32665999999999995,0.0236,0.0516,456774636701154.562500
-0.32665,0.0188,0.056400000000000006,456774636701154.562500
-0.32664,0.0252,0.056400000000000006,456774636701154.562500
-0.32663,0.0236,0.055600000000000004,456774636701154.562500
-0.32662,0.0244,0.056400000000000006,456774636701154.562500
-0.32660999999999996,0.0236,0.0572,456774636701154.562500
-0.3266,0.0236,0.055600000000000004,456774636701154.562500
-0.32659,0.022000000000000002,0.056400000000000006,456774636701154.562500
-0.32658,0.0212,0.0548,456774636701154.562500
-0.32657,0.0228,0.0548,456774636701154.562500
-0.32655999999999996,0.0204,0.0572,456774636701154.562500
-0.32655,0.0228,0.056400000000000006,456774636701154.562500
-0.32654,0.0204,0.054,456774636701154.562500
-0.32653,0.022000000000000002,0.056400000000000006,456774636701154.562500
-0.32652,0.0212,0.0548,456774636701154.562500
-0.32650999999999997,0.0212,0.0572,456774636701154.562500
-0.3265,0.0164,0.056400000000000006,456774636701154.562500
-0.32648999999999995,0.0196,0.0572,456774636701154.562500
-0.32648,0.0204,0.0548,456774636701154.562500
-0.32647,0.0204,0.0596,456774636701154.562500
-0.32646,0.0196,0.0572,456774636701154.562500
-0.32645,0.0228,0.056400000000000006,456774636701154.562500
-0.32643999999999995,0.022000000000000002,0.054,456774636701154.562500
-0.32643,0.0212,0.056400000000000006,456774636701154.562500
-0.32642,0.0244,0.056400000000000006,456774636701154.562500
-0.32641,0.0228,0.054,456774636701154.562500
-0.3264,0.0228,0.0572,456774636701154.562500
-0.32638999999999996,0.0244,0.054,456774636701154.562500
-0.32638,0.0244,0.056400000000000006,456774636701154.562500
-0.32637,0.0228,0.0524,456774636701154.562500
-0.32636,0.0244,0.0548,456774636701154.562500
-0.32635,0.0196,0.0572,456774636701154.562500
-0.32633999999999996,0.0228,0.055600000000000004,456774636701154.562500
-0.32633,0.0252,0.0572,456774636701154.562500
-0.32632,0.0204,0.053200000000000004,456774636701154.562500
-0.32631,0.022000000000000002,0.0572,456774636701154.562500
-0.3263,0.0204,0.05,456774636701154.562500
-0.32628999999999997,0.0236,0.056400000000000006,456774636701154.562500
-0.32628,0.0204,0.0476,456774636701154.562500
-0.32626999999999995,0.0212,0.0572,456774636701154.562500
-0.32626,0.0228,0.058,456774636701154.562500
-0.32625,0.0204,0.056400000000000006,456774636701154.562500
-0.32624,0.0188,0.0548,456774636701154.562500
-0.32623,0.0204,0.0572,456774636701154.562500
-0.32621999999999995,0.0188,0.0548,456774636701154.562500
-0.32621,0.0212,0.055600000000000004,456774636701154.562500
-0.3262,0.0204,0.0548,456774636701154.562500
-0.32619,0.0228,0.054,456774636701154.562500
-0.32618,0.0228,0.056400000000000006,456774636701154.562500
-0.32616999999999996,0.022000000000000002,0.048400000000000006,456774636701154.562500
-0.32616,0.0228,0.0572,456774636701154.562500
-0.32615,0.022000000000000002,0.056400000000000006,456774636701154.562500
-0.32614,0.0236,0.055600000000000004,456774636701154.562500
-0.32613,0.0212,0.0572,456774636701154.562500
-0.32611999999999997,0.022000000000000002,0.055600000000000004,456774636701154.562500
-0.32611,0.0228,0.054,456774636701154.562500
-0.32609999999999995,0.0244,0.054,456774636701154.562500
-0.32609,0.0244,0.058,456774636701154.562500
-0.32608,0.0252,0.055600000000000004,456774636701154.562500
-0.32606999999999997,0.0236,0.0524,456774636701154.562500
-0.32606,0.0236,0.0548,456774636701154.562500
-0.32604999999999995,0.0212,0.058,456774636701154.562500
-0.32604,0.0252,0.058,456774636701154.562500
-0.32603,0.0228,0.0572,456774636701154.562500
-0.32602,0.022000000000000002,0.053200000000000004,456774636701154.562500
-0.32601,0.0244,0.058,456774636701154.562500
-0.32599999999999996,0.0228,0.0572,456774636701154.562500
-0.32599,0.0244,0.055600000000000004,456774636701154.562500
-0.32598,0.0236,0.053200000000000004,456774636701154.562500
-0.32597,0.0228,0.0572,456774636701154.562500
-0.32595999999999997,0.022000000000000002,0.05,456774636701154.562500
-0.32594999999999996,0.0236,0.055600000000000004,456774636701154.562500
-0.32594,0.0204,0.0572,456774636701154.562500
-0.32593,0.0244,0.0572,456774636701154.562500
-0.32592,0.0212,0.058,456774636701154.562500
-0.32591,0.0196,0.0548,456774636701154.562500
-0.32589999999999997,0.022000000000000002,0.056400000000000006,456774636701154.562500
-0.32589,0.022000000000000002,0.0572,456774636701154.562500
-0.32587999999999995,0.0228,0.056400000000000006,456774636701154.562500
-0.32587,0.0228,0.056400000000000006,456774636701154.562500
-0.32586,0.022000000000000002,0.0524,456774636701154.562500
-0.32585,0.022000000000000002,0.05,456774636701154.562500
-0.32584,0.0212,0.055600000000000004,456774636701154.562500
-0.32582999999999995,0.022000000000000002,0.056400000000000006,456774636701154.562500
-0.32582,0.0236,0.056400000000000006,456774636701154.562500
-0.32581,0.022000000000000002,0.058,456774636701154.562500
-0.3258,0.0236,0.056400000000000006,456774636701154.562500
-0.32579,0.0244,0.054,456774636701154.562500
-0.32577999999999996,0.0236,0.058,456774636701154.562500
-0.32577,0.0236,0.0492,456774636701154.562500
-0.32576,0.0228,0.056400000000000006,456774636701154.562500
-0.32575,0.0236,0.056400000000000006,456774636701154.562500
-0.32574,0.018000000000000002,0.0524,456774636701154.562500
-0.32572999999999996,0.0244,0.0516,456774636701154.562500
-0.32572,0.0228,0.0548,456774636701154.562500
-0.32571,0.0204,0.0572,456774636701154.562500
-0.3257,0.0212,0.056400000000000006,456774636701154.562500
-0.32569,0.022000000000000002,0.054,456774636701154.562500
-0.32567999999999997,0.0236,0.056400000000000006,456774636701154.562500
-0.32567,0.0212,0.056400000000000006,456774636701154.562500
-0.32565999999999995,0.0236,0.054,456774636701154.562500
-0.32565,0.0228,0.0548,456774636701154.562500
-0.32564,0.0212,0.0572,456774636701154.562500
-0.32563,0.0204,0.0516,456774636701154.562500
-0.32562,0.0212,0.055600000000000004,456774636701154.562500
-0.32560999999999996,0.0228,0.054,456774636701154.562500
-0.3256,0.0188,0.058,456774636701154.562500
-0.32559,0.0204,0.055600000000000004,456774636701154.562500
-0.32558,0.0196,0.0548,456774636701154.562500
-0.32557,0.022000000000000002,0.053200000000000004,456774636701154.562500
-0.32555999999999996,0.0212,0.0572,456774636701154.562500
-0.32555,0.0228,0.053200000000000004,456774636701154.562500
-0.32554,0.022000000000000002,0.0572,456774636701154.562500
-0.32553,0.022000000000000002,0.058,456774636701154.562500
-0.32552,0.0228,0.0524,456774636701154.562500
-0.32550999999999997,0.0204,0.058,456774636701154.562500
-0.3255,0.0244,0.054,456774636701154.562500
-0.32548999999999995,0.0204,0.0572,456774636701154.562500
-0.32548,0.0236,0.050800000000000005,456774636701154.562500
-0.32547,0.0228,0.056400000000000006,456774636701154.562500
-0.32545999999999997,0.0228,0.0524,456774636701154.562500
-0.32545,0.0236,0.054,456774636701154.562500
-0.32543999999999995,0.0228,0.058,456774636701154.562500
-0.32543,0.0252,0.056400000000000006,456774636701154.562500
-0.32542,0.0244,0.0548,456774636701154.562500
-0.32541,0.0236,0.0548,456774636701154.562500
-0.3254,0.0228,0.058,456774636701154.562500
-0.32538999999999996,0.0236,0.055600000000000004,456774636701154.562500
-0.32538,0.0236,0.0572,456774636701154.562500
-0.32537,0.022000000000000002,0.058800000000000005,456774636701154.562500
-0.32536,0.0212,0.0572,456774636701154.562500
-0.32535,0.0204,0.0524,456774636701154.562500
-0.32533999999999996,0.0236,0.058,456774636701154.562500
-0.32533,0.022000000000000002,0.0548,456774636701154.562500
-0.32532,0.022000000000000002,0.058800000000000005,456774636701154.562500
-0.32531,0.0196,0.0516,456774636701154.562500
-0.3253,0.0228,0.055600000000000004,456774636701154.562500
-0.32528999999999997,0.022000000000000002,0.0516,456774636701154.562500
-0.32528,0.0212,0.0572,456774636701154.562500
-0.32526999999999995,0.022000000000000002,0.056400000000000006,456774636701154.562500
-0.32526,0.0236,0.0572,456774636701154.562500
-0.32525,0.0228,0.053200000000000004,456774636701154.562500
-0.32524,0.0204,0.056400000000000006,456774636701154.562500
-0.32523,0.0228,0.056400000000000006,456774636701154.562500
-0.32521999999999995,0.022000000000000002,0.0572,456774636701154.562500
-0.32521,0.0204,0.0524,456774636701154.562500
-0.3252,0.0188,0.0572,456774636701154.562500
-0.32519,0.0236,0.048400000000000006,456774636701154.562500
-0.32518,0.0212,0.054,456774636701154.562500
-0.32516999999999996,0.0228,0.058,456774636701154.562500
-0.32516,0.0236,0.058,456774636701154.562500
-0.32515,0.0228,0.0572,456774636701154.562500
-0.32514,0.0244,0.0572,456774636701154.562500
-0.32513,0.026000000000000002,0.056400000000000006,456774636701154.562500
-0.32511999999999996,0.0244,0.055600000000000004,456774636701154.562500
-0.32511,0.0236,0.055600000000000004,456774636701154.562500
-0.32509999999999994,0.0236,0.0572,456774636701154.562500
-0.32509,0.022000000000000002,0.056400000000000006,456774636701154.562500
-0.32508,0.022000000000000002,0.058,456774636701154.562500
-0.32506999999999997,0.0204,0.0548,456774636701154.562500
-0.32506,0.0244,0.058800000000000005,456774636701154.562500
-0.32504999999999995,0.0204,0.058,456774636701154.562500
-0.32504,0.0228,0.055600000000000004,456774636701154.562500
-0.32503,0.0204,0.056400000000000006,456774636701154.562500
-0.32502,0.0212,0.0492,456774636701154.562500
-0.32501,0.0244,0.058,456774636701154.562500
-0.32499999999999996,0.022000000000000002,0.0572,456774636701154.562500
-0.32499,0.022000000000000002,0.058,456774636701154.562500
-0.32498,0.022000000000000002,0.055600000000000004,456774636701154.562500
-0.32497,0.0212,0.0548,456774636701154.562500
-0.32496,0.022000000000000002,0.055600000000000004,456774636701154.562500
-0.32494999999999996,0.022000000000000002,0.055600000000000004,456774636701154.562500
-0.32494,0.0244,0.0572,456774636701154.562500
-0.32493,0.0212,0.0572,456774636701154.562500
-0.32492,0.0204,0.058,456774636701154.562500
-0.32491,0.0228,0.0548,456774636701154.562500
-0.32489999999999997,0.0236,0.0572,456774636701154.562500
-0.32489,0.0196,0.058800000000000005,456774636701154.562500
-0.32487999999999995,0.0228,0.056400000000000006,456774636701154.562500
-0.32487,0.0212,0.0516,456774636701154.562500
-0.32486,0.0228,0.0572,456774636701154.562500
-0.32484999999999997,0.0244,0.048400000000000006,456774636701154.562500
-0.32484,0.026000000000000002,0.0572,456774636701154.562500
-0.32482999999999995,0.0228,0.05,456774636701154.562500
-0.32482,0.0244,0.056400000000000006,456774636701154.562500
-0.32481,0.0212,0.056400000000000006,456774636701154.562500
-0.3248,0.0244,0.056400000000000006,456774636701154.562500
-0.32479,0.0236,0.055600000000000004,456774636701154.562500
-0.32477999999999996,0.022000000000000002,0.056400000000000006,456774636701154.562500
-0.32477,0.0244,0.055600000000000004,456774636701154.562500
-0.32476,0.0236,0.0572,456774636701154.562500
-0.32475,0.022000000000000002,0.056400000000000006,456774636701154.562500
-0.32474,0.0228,0.058,456774636701154.562500
-0.32472999999999996,0.0196,0.056400000000000006,456774636701154.562500
-0.32472,0.0212,0.054,456774636701154.562500
-0.32471,0.0228,0.058,456774636701154.562500
-0.3247,0.0236,0.054,456774636701154.562500
-0.32469,0.0212,0.0524,456774636701154.562500
-0.32467999999999997,0.0236,0.0572,456774636701154.562500
-0.32467,0.022000000000000002,0.0548,456774636701154.562500
-0.32465999999999995,0.022000000000000002,0.0572,456774636701154.562500
-0.32465,0.0204,0.058,456774636701154.562500
-0.32464,0.022000000000000002,0.0548,456774636701154.562500
-0.32463,0.018000000000000002,0.058,456774636701154.562500
-0.32462,0.0204,0.056400000000000006,456774636701154.562500
-0.32460999999999995,0.018000000000000002,0.0572,456774636701154.562500
-0.3246,0.0228,0.058,456774636701154.562500
-0.32459,0.0204,0.054,456774636701154.562500
-0.32458,0.0236,0.0524,456774636701154.562500
-0.32457,0.0228,0.050800000000000005,456774636701154.562500
-0.32455999999999996,0.0252,0.0572,456774636701154.562500
-0.32455,0.0236,0.058,456774636701154.562500
-0.32454,0.0244,0.056400000000000006,456774636701154.562500
-0.32453,0.0236,0.0572,456774636701154.562500
-0.32452,0.0244,0.0572,456774636701154.562500
-0.32450999999999997,0.0244,0.058,456774636701154.562500
-0.3245,0.0244,0.0572,456774636701154.562500
-0.32448999999999995,0.0244,0.056400000000000006,456774636701154.562500
-0.32448,0.0236,0.055600000000000004,456774636701154.562500
-0.32447,0.022000000000000002,0.054,456774636701154.562500
-0.32445999999999997,0.0228,0.058,456774636701154.562500
-0.32445,0.0236,0.056400000000000006,456774636701154.562500
-0.32443999999999995,0.0228,0.055600000000000004,456774636701154.562500
-0.32443,0.0228,0.0572,456774636701154.562500
-0.32442,0.022000000000000002,0.0548,456774636701154.562500
-0.32441,0.0236,0.054,456774636701154.562500
-0.3244,0.0228,0.056400000000000006,456774636701154.562500
-0.32438999999999996,0.022000000000000002,0.05,456774636701154.562500
-0.32438,0.0228,0.054,456774636701154.562500
-0.32437,0.022000000000000002,0.0492,456774636701154.562500
-0.32436,0.022000000000000002,0.058,456774636701154.562500
-0.32435,0.0228,0.054,456774636701154.562500
-0.32433999999999996,0.022000000000000002,0.0524,456774636701154.562500
-0.32433,0.0236,0.054,456774636701154.562500
-0.32432,0.0228,0.0572,456774636701154.562500
-0.32431,0.0172,0.0572,456774636701154.562500
-0.3243,0.0212,0.056400000000000006,456774636701154.562500
-0.32428999999999997,0.0212,0.0572,456774636701154.562500
-0.32428,0.022000000000000002,0.055600000000000004,456774636701154.562500
-0.32426999999999995,0.0212,0.055600000000000004,456774636701154.562500
-0.32426,0.0244,0.058,456774636701154.562500
-0.32425,0.0244,0.0548,456774636701154.562500
-0.32424,0.0244,0.0524,456774636701154.562500
-0.32423,0.0236,0.0436,456774636701154.562500
-0.32421999999999995,0.0236,0.058,456774636701154.562500
-0.32421,0.0236,0.055600000000000004,456774636701154.562500
-0.3242,0.0236,0.058,456774636701154.562500
-0.32419,0.0244,0.0516,456774636701154.562500
-0.32418,0.0236,0.056400000000000006,456774636701154.562500
-0.32416999999999996,0.0236,0.0516,456774636701154.562500
-0.32416,0.0244,0.0516,456774636701154.562500
-0.32415,0.0236,0.0572,456774636701154.562500
-0.32414,0.022000000000000002,0.0436,456774636701154.562500
-0.32413,0.0228,0.0572,456774636701154.562500
-0.32411999999999996,0.0196,0.05,456774636701154.562500
-0.32411,0.0204,0.0572,456774636701154.562500
-0.3241,0.0204,0.055600000000000004,456774636701154.562500
-0.32409,0.0212,0.056400000000000006,456774636701154.562500
-0.32408,0.0204,0.055600000000000004,456774636701154.562500
-0.32406999999999997,0.0228,0.056400000000000006,456774636701154.562500
-0.32406,0.0212,0.050800000000000005,456774636701154.562500
-0.32404999999999995,0.0228,0.054,456774636701154.562500
-0.32404,0.022000000000000002,0.053200000000000004,456774636701154.562500
-0.32403,0.0212,0.0516,456774636701154.562500
-0.32402,0.0212,0.055600000000000004,456774636701154.562500
-0.32401,0.0212,0.0516,456774636701154.562500
-0.32399999999999995,0.0228,0.056400000000000006,456774636701154.562500
-0.32399,0.0228,0.058,456774636701154.562500
-0.32398,0.0228,0.0572,456774636701154.562500
-0.32397,0.0196,0.055600000000000004,456774636701154.562500
-0.32396,0.0228,0.054,456774636701154.562500
-0.32394999999999996,0.0244,0.058,456774636701154.562500
-0.32394,0.0228,0.0476,456774636701154.562500
-0.32393,0.0244,0.055600000000000004,456774636701154.562500
-0.32392,0.0252,0.056400000000000006,456774636701154.562500
-0.32391,0.0212,0.0548,456774636701154.562500
-0.32389999999999997,0.0244,0.055600000000000004,456774636701154.562500
-0.32389,0.0236,0.056400000000000006,456774636701154.562500
-0.32387999999999995,0.0228,0.0572,456774636701154.562500
-0.32387,0.0236,0.0548,456774636701154.562500
-0.32386,0.0204,0.056400000000000006,456774636701154.562500
-0.32384999999999997,0.0236,0.050800000000000005,456774636701154.562500
-0.32384,0.0228,0.055600000000000004,456774636701154.562500
-0.32382999999999995,0.0196,0.0548,456774636701154.562500
-0.32382,0.0188,0.055600000000000004,456774636701154.562500
-0.32381,0.018000000000000002,0.055600000000000004,456774636701154.562500
-0.3238,0.022000000000000002,0.0572,456774636701154.562500
-0.32379,0.0236,0.058,456774636701154.562500
-0.32377999999999996,0.0228,0.058,456774636701154.562500
-0.32377,0.0228,0.055600000000000004,456774636701154.562500
-0.32376,0.0236,0.0572,456774636701154.562500
-0.32375,0.0204,0.058800000000000005,456774636701154.562500
-0.32373999999999997,0.0228,0.056400000000000006,456774636701154.562500
-0.32372999999999996,0.0236,0.054,456774636701154.562500
-0.32372,0.0244,0.054,456774636701154.562500
-0.32371,0.0228,0.058,456774636701154.562500
-0.3237,0.022000000000000002,0.056400000000000006,456774636701154.562500
-0.32369,0.0228,0.054,456774636701154.562500
-0.32367999999999997,0.0244,0.055600000000000004,456774636701154.562500
-0.32367,0.022000000000000002,0.0548,456774636701154.562500
-0.32365999999999995,0.0236,0.055600000000000004,456774636701154.562500
-0.32365,0.0252,0.054,456774636701154.562500
-0.32364,0.0252,0.054,456774636701154.562500
-0.32363,0.0244,0.054,456774636701154.562500
-0.32362,0.0236,0.055600000000000004,456774636701154.562500
-0.32360999999999995,0.0252,0.058,456774636701154.562500
-0.3236,0.022000000000000002,0.058,456774636701154.562500
-0.32359,0.0196,0.0572,456774636701154.562500
-0.32358,0.0204,0.058,456774636701154.562500
-0.32357,0.0196,0.0524,456774636701154.562500
-0.32355999999999996,0.0188,0.058,456774636701154.562500
-0.32355,0.0228,0.0492,456774636701154.562500
-0.32354,0.022000000000000002,0.056400000000000006,456774636701154.562500
-0.32353,0.0228,0.055600000000000004,456774636701154.562500
-0.32352,0.0204,0.055600000000000004,456774636701154.562500
-0.32350999999999996,0.0228,0.056400000000000006,456774636701154.562500
-0.3235,0.022000000000000002,0.058,456774636701154.562500
-0.32348999999999994,0.0204,0.0572,456774636701154.562500
-0.32348,0.022000000000000002,0.0548,456774636701154.562500
-0.32347,0.022000000000000002,0.0572,456774636701154.562500
-0.32345999999999997,0.0196,0.058,456774636701154.562500
-0.32345,0.018000000000000002,0.0572,456774636701154.562500
-0.32343999999999995,0.018000000000000002,0.058,456774636701154.562500
-0.32343,0.0188,0.056400000000000006,456774636701154.562500
-0.32342,0.0172,0.055600000000000004,456774636701154.562500
-0.32341,0.0212,0.0444,456774636701154.562500
-0.3234,0.0236,0.058800000000000005,456774636701154.562500
-0.32338999999999996,0.0236,0.0524,456774636701154.562500
-0.32338,0.0236,0.058,456774636701154.562500
-0.32337,0.0228,0.05,456774636701154.562500
-0.32336,0.0252,0.0516,456774636701154.562500
-0.32335,0.0236,0.0524,456774636701154.562500
-0.32333999999999996,0.026000000000000002,0.058,456774636701154.562500
-0.32333,0.0228,0.055600000000000004,456774636701154.562500
-0.32332,0.0236,0.0572,456774636701154.562500
-0.32331,0.0236,0.0572,456774636701154.562500
-0.3233,0.0236,0.055600000000000004,456774636701154.562500
-0.32328999999999997,0.0204,0.055600000000000004,456774636701154.562500
-0.32328,0.0228,0.05,456774636701154.562500
-0.32326999999999995,0.0244,0.056400000000000006,456774636701154.562500
-0.32326,0.022000000000000002,0.0548,456774636701154.562500
-0.32325,0.0244,0.058,456774636701154.562500
-0.32323999999999997,0.0228,0.0548,456774636701154.562500
-0.32323,0.022000000000000002,0.0524,456774636701154.562500
-0.32321999999999995,0.0212,0.054,456774636701154.562500
-0.32321,0.022000000000000002,0.058,456774636701154.562500
-0.3232,0.0212,0.0548,456774636701154.562500
-0.32319,0.0212,0.0572,456774636701154.562500
-0.32318,0.022000000000000002,0.054,456774636701154.562500
-0.32316999999999996,0.0196,0.0572,456774636701154.562500
-0.32316,0.022000000000000002,0.0572,456774636701154.562500
-0.32315,0.0212,0.058,456774636701154.562500
-0.32314,0.0204,0.0572,456774636701154.562500
-0.32313,0.0236,0.058,456774636701154.562500
-0.32311999999999996,0.022000000000000002,0.056400000000000006,456774636701154.562500
-0.32311,0.0212,0.0572,456774636701154.562500
-0.3231,0.022000000000000002,0.058,456774636701154.562500
-0.32309,0.0228,0.058,456774636701154.562500
-0.32308,0.0236,0.058800000000000005,456774636701154.562500
-0.32306999999999997,0.0244,0.056400000000000006,456774636701154.562500
-0.32306,0.0236,0.056400000000000006,456774636701154.562500
-0.32304999999999995,0.0252,0.0572,456774636701154.562500
-0.32304,0.0244,0.0572,456774636701154.562500
-0.32303,0.0244,0.058,456774636701154.562500
-0.32302,0.022000000000000002,0.056400000000000006,456774636701154.562500
-0.32301,0.0244,0.058,456774636701154.562500
-0.32299999999999995,0.0212,0.056400000000000006,456774636701154.562500
-0.32299,0.0228,0.058,456774636701154.562500
-0.32298,0.026000000000000002,0.058800000000000005,456774636701154.562500
-0.32297,0.0204,0.058,456774636701154.562500
-0.32296,0.0244,0.05,456774636701154.562500
-0.32294999999999996,0.022000000000000002,0.055600000000000004,456774636701154.562500
-0.32294,0.0228,0.056400000000000006,456774636701154.562500
-0.32293,0.0228,0.0572,456774636701154.562500
-0.32292,0.0228,0.0548,456774636701154.562500
-0.32291,0.022000000000000002,0.0572,456774636701154.562500
-0.32289999999999996,0.0228,0.0572,456774636701154.562500
-0.32289,0.0228,0.0572,456774636701154.562500
-0.32287999999999994,0.0204,0.054,456774636701154.562500
-0.32287,0.022000000000000002,0.0572,456774636701154.562500
-0.32286,0.0212,0.0492,456774636701154.562500
-0.32284999999999997,0.022000000000000002,0.055600000000000004,456774636701154.562500
-0.32284,0.0228,0.056400000000000006,456774636701154.562500
-0.32282999999999995,0.0212,0.058,456774636701154.562500
-0.32282,0.022000000000000002,0.05,456774636701154.562500
-0.32281,0.022000000000000002,0.055600000000000004,456774636701154.562500
-0.3228,0.0236,0.058800000000000005,456774636701154.562500
-0.32279,0.0228,0.058,456774636701154.562500
-0.32277999999999996,0.0228,0.056400000000000006,456774636701154.562500
-0.32277,0.0212,0.0572,456774636701154.562500
-0.32276,0.022000000000000002,0.058,456774636701154.562500
-0.32275,0.022000000000000002,0.058,456774636701154.562500
-0.32274,0.0244,0.056400000000000006,456774636701154.562500
-0.32272999999999996,0.022000000000000002,0.058,456774636701154.562500
-0.32272,0.0236,0.0572,456774636701154.562500
-0.32271,0.0244,0.056400000000000006,456774636701154.562500
-0.3227,0.0204,0.054,456774636701154.562500
-0.32269,0.0236,0.0572,456774636701154.562500
-0.32267999999999997,0.0196,0.056400000000000006,456774636701154.562500
-0.32267,0.0236,0.056400000000000006,456774636701154.562500
-0.32265999999999995,0.022000000000000002,0.0516,456774636701154.562500
-0.32265,0.022000000000000002,0.058,456774636701154.562500
-0.32264,0.0212,0.054,456774636701154.562500
-0.32263,0.0236,0.055600000000000004,456774636701154.562500
-0.32262,0.0228,0.0524,456774636701154.562500
-0.32260999999999995,0.022000000000000002,0.055600000000000004,456774636701154.562500
-0.3226,0.022000000000000002,0.055600000000000004,456774636701154.562500
-0.32259,0.022000000000000002,0.0492,456774636701154.562500
-0.32258,0.0212,0.05,456774636701154.562500
-0.32257,0.0196,0.055600000000000004,456774636701154.562500
-0.32255999999999996,0.0204,0.058,456774636701154.562500
-0.32255,0.022000000000000002,0.055600000000000004,456774636701154.562500
-0.32254,0.0204,0.0572,456774636701154.562500
-0.32253,0.022000000000000002,0.050800000000000005,456774636701154.562500
-0.32252,0.0228,0.0572,456774636701154.562500
-0.32250999999999996,0.0212,0.0468,456774636701154.562500
-0.3225,0.0228,0.055600000000000004,456774636701154.562500
-0.32249,0.0228,0.056400000000000006,456774636701154.562500
-0.32248,0.022000000000000002,0.058,456774636701154.562500
-0.32247,0.0212,0.054,456774636701154.562500
-0.32245999999999997,0.0228,0.056400000000000006,456774636701154.562500
-0.32245,0.0212,0.056400000000000006,456774636701154.562500
-0.32243999999999995,0.022000000000000002,0.058,456774636701154.562500
-0.32243,0.0236,0.056400000000000006,456774636701154.562500
-0.32242,0.0212,0.0572,456774636701154.562500
-0.32241,0.0236,0.050800000000000005,456774636701154.562500
-0.3224,0.0252,0.056400000000000006,456774636701154.562500
-0.32238999999999995,0.0244,0.056400000000000006,456774636701154.562500
-0.32238,0.026000000000000002,0.0572,456774636701154.562500
-0.32237,0.0228,0.0572,456774636701154.562500
-0.32236,0.0244,0.054,456774636701154.562500
-0.32235,0.0204,0.0572,456774636701154.562500
-0.32233999999999996,0.018000000000000002,0.045200000000000004,456774636701154.562500
-0.32233,0.018000000000000002,0.0572,456774636701154.562500
-0.32232,0.0212,0.056400000000000006,456774636701154.562500
-0.32231,0.022000000000000002,0.056400000000000006,456774636701154.562500
-0.3223,0.0236,0.055600000000000004,456774636701154.562500
-0.32228999999999997,0.0236,0.058,456774636701154.562500
-0.32228,0.022000000000000002,0.054,456774636701154.562500
-0.32226999999999995,0.022000000000000002,0.056400000000000006,456774636701154.562500
-0.32226,0.0228,0.0524,456774636701154.562500
-0.32225,0.0228,0.056400000000000006,456774636701154.562500
-0.32223999999999997,0.0228,0.048400000000000006,456774636701154.562500
-0.32223,0.0212,0.0604,456774636701154.562500
-0.32221999999999995,0.0236,0.0516,456774636701154.562500
-0.32221,0.0204,0.0524,456774636701154.562500
-0.3222,0.0244,0.055600000000000004,456774636701154.562500
-0.32219,0.0244,0.0572,456774636701154.562500
-0.32218,0.0236,0.054,456774636701154.562500
-0.32216999999999996,0.022000000000000002,0.0572,456774636701154.562500
-0.32216,0.0236,0.0572,456774636701154.562500
-0.32215,0.0236,0.058,456774636701154.562500
-0.32214,0.022000000000000002,0.056400000000000006,456774636701154.562500
-0.32212999999999997,0.0228,0.056400000000000006,456774636701154.562500
-0.32211999999999996,0.0244,0.0572,456774636701154.562500
-0.32211,0.022000000000000002,0.056400000000000006,456774636701154.562500
-0.3221,0.0244,0.058,456774636701154.562500
-0.32209,0.0188,0.056400000000000006,456774636701154.562500
-0.32208,0.0236,0.05,456774636701154.562500
-0.32206999999999997,0.0228,0.0572,456774636701154.562500
-0.32206,0.0228,0.0572,456774636701154.562500
-0.32204999999999995,0.0228,0.0572,456774636701154.562500
-0.32204,0.0252,0.058,456774636701154.562500
-0.32203,0.0236,0.0572,456774636701154.562500
-0.32202,0.022000000000000002,0.054,456774636701154.562500
-0.32201,0.0236,0.058,456774636701154.562500
-0.32199999999999995,0.0196,0.0524,456774636701154.562500
-0.32199,0.0212,0.0572,456774636701154.562500
-0.32198,0.0228,0.0548,456774636701154.562500
-0.32197,0.0228,0.054,456774636701154.562500
-0.32196,0.022000000000000002,0.0548,456774636701154.562500
-0.32194999999999996,0.0212,0.0548,456774636701154.562500
-0.32194,0.0228,0.058,456774636701154.562500
-0.32193,0.022000000000000002,0.0572,456774636701154.562500
-0.32192,0.022000000000000002,0.055600000000000004,456774636701154.562500
-0.32191,0.0244,0.056400000000000006,456774636701154.562500
-0.32189999999999996,0.0212,0.0572,456774636701154.562500
-0.32189,0.0212,0.055600000000000004,456774636701154.562500
-0.32187999999999994,0.022000000000000002,0.055600000000000004,456774636701154.562500
-0.32187,0.0228,0.056400000000000006,456774636701154.562500
-0.32186,0.0212,0.0516,456774636701154.562500
-0.32184999999999997,0.0228,0.053200000000000004,456774636701154.562500
-0.32184,0.0196,0.056400000000000006,456774636701154.562500
-0.32182999999999995,0.0236,0.0572,456774636701154.562500
-0.32182,0.0244,0.0572,456774636701154.562500
-0.32181,0.0236,0.0548,456774636701154.562500
-0.3218,0.0244,0.058,456774636701154.562500
-0.32179,0.026000000000000002,0.0572,456774636701154.562500
-0.32177999999999995,0.0244,0.056400000000000006,456774636701154.562500
-0.32177,0.0244,0.055600000000000004,456774636701154.562500
-0.32176,0.0244,0.0572,456774636701154.562500
-0.32175,0.0252,0.058,456774636701154.562500
-0.32174,0.0236,0.05,456774636701154.562500
-0.32172999999999996,0.0228,0.055600000000000004,456774636701154.562500
-0.32172,0.0228,0.058,456774636701154.562500
-0.32171,0.0236,0.0572,456774636701154.562500
-0.3217,0.0228,0.055600000000000004,456774636701154.562500
-0.32169,0.0212,0.056400000000000006,456774636701154.562500
-0.32167999999999997,0.0228,0.056400000000000006,456774636701154.562500
-0.32167,0.0228,0.055600000000000004,456774636701154.562500
-0.32165999999999995,0.0236,0.0548,456774636701154.562500
-0.32165,0.0236,0.0572,456774636701154.562500
-0.32164,0.022000000000000002,0.0476,456774636701154.562500
-0.32162999999999997,0.022000000000000002,0.0548,456774636701154.562500
-0.32162,0.0228,0.05,456774636701154.562500
-0.32160999999999995,0.022000000000000002,0.056400000000000006,456774636701154.562500
-0.3216,0.0204,0.056400000000000006,456774636701154.562500
-0.32159,0.022000000000000002,0.056400000000000006,456774636701154.562500
-0.32158,0.0212,0.0572,456774636701154.562500
-0.32157,0.022000000000000002,0.053200000000000004,456774636701154.562500
-0.32155999999999996,0.0228,0.0492,456774636701154.562500
-0.32155,0.022000000000000002,0.048400000000000006,456774636701154.562500
-0.32154,0.0236,0.056400000000000006,456774636701154.562500
-0.32153,0.0252,0.053200000000000004,456774636701154.562500
-0.32152,0.0236,0.058,456774636701154.562500
-0.32150999999999996,0.026000000000000002,0.0572,456774636701154.562500
-0.3215,0.0236,0.058,456774636701154.562500
-0.32149,0.0244,0.0572,456774636701154.562500
-0.32148,0.0236,0.055600000000000004,456774636701154.562500
-0.32147,0.0244,0.054,456774636701154.562500
-0.32145999999999997,0.0244,0.058,456774636701154.562500
-0.32145,0.0252,0.0572,456774636701154.562500
-0.32143999999999995,0.0236,0.0572,456774636701154.562500
-0.32143,0.0236,0.058,456774636701154.562500
-0.32142,0.0244,0.0572,456774636701154.562500
-0.32141,0.0236,0.056400000000000006,456774636701154.562500
-0.3214,0.022000000000000002,0.0572,456774636701154.562500
-0.32138999999999995,0.0212,0.056400000000000006,456774636701154.562500
-0.32138,0.0204,0.0572,456774636701154.562500
-0.32137,0.022000000000000002,0.0572,456774636701154.562500
-0.32136,0.0196,0.0572,456774636701154.562500
-0.32135,0.022000000000000002,0.0548,456774636701154.562500
-0.32133999999999996,0.022000000000000002,0.054,456774636701154.562500
-0.32133,0.0188,0.058,456774636701154.562500
-0.32132,0.0204,0.058,456774636701154.562500
-0.32131,0.0236,0.056400000000000006,456774636701154.562500
-0.3213,0.0228,0.0516,456774636701154.562500
-0.32128999999999996,0.0196,0.0572,456774636701154.562500
-0.32128,0.0228,0.0572,456774636701154.562500
-0.32126999999999994,0.022000000000000002,0.0572,456774636701154.562500
-0.32126,0.022000000000000002,0.055600000000000004,456774636701154.562500
-0.32125,0.0228,0.0548,456774636701154.562500
-0.32123999999999997,0.0212,0.0524,456774636701154.562500
-0.32123,0.022000000000000002,0.053200000000000004,456774636701154.562500
-0.32121999999999995,0.0228,0.0572,456774636701154.562500
-0.32121,0.0236,0.0476,456774636701154.562500
-0.3212,0.0236,0.0516,456774636701154.562500
-0.32119,0.0244,0.054,456774636701154.562500
-0.32118,0.0244,0.055600000000000004,456774636701154.562500
-0.32116999999999996,0.0244,0.056400000000000006,456774636701154.562500
-0.32116,0.0236,0.058,456774636701154.562500
-0.32115,0.0228,0.058,456774636701154.562500
-0.32114,0.0244,0.058,456774636701154.562500
-0.32113,0.0244,0.0572,456774636701154.562500
-0.32111999999999996,0.0236,0.0572,456774636701154.562500
-0.32111,0.0236,0.056400000000000006,456774636701154.562500
-0.3211,0.0228,0.055600000000000004,456774636701154.562500
-0.32109,0.022000000000000002,0.058,456774636701154.562500
-0.32108,0.0228,0.055600000000000004,456774636701154.562500
-0.32106999999999997,0.0228,0.056400000000000006,456774636701154.562500
-0.32106,0.022000000000000002,0.056400000000000006,456774636701154.562500
-0.32104999999999995,0.0236,0.0572,456774636701154.562500
-0.32104,0.0228,0.058,456774636701154.562500
-0.32103,0.0212,0.055600000000000004,456774636701154.562500
-0.32101999999999997,0.0228,0.056400000000000006,456774636701154.562500
-0.32101,0.0196,0.058800000000000005,456774636701154.562500
-0.32099999999999995,0.022000000000000002,0.058,456774636701154.562500
-0.32099,0.022000000000000002,0.0572,456774636701154.562500
-0.32098,0.0236,0.0572,456774636701154.562500
-0.32097,0.0228,0.056400000000000006,456774636701154.562500
-0.32096,0.0236,0.054,456774636701154.562500
-0.32094999999999996,0.0196,0.0572,456774636701154.562500
-0.32094,0.0236,0.0524,456774636701154.562500
-0.32093,0.022000000000000002,0.056400000000000006,456774636701154.562500
-0.32092,0.0228,0.0572,456774636701154.562500
-0.32091,0.0228,0.056400000000000006,456774636701154.562500
-0.32089999999999996,0.0236,0.056400000000000006,456774636701154.562500
-0.32089,0.0252,0.058,456774636701154.562500
-0.32088,0.0212,0.055600000000000004,456774636701154.562500
-0.32087,0.0236,0.058,456774636701154.562500
-0.32086,0.0252,0.0572,456774636701154.562500
-0.32084999999999997,0.0244,0.0572,456774636701154.562500
-0.32084,0.0244,0.056400000000000006,456774636701154.562500
-0.32082999999999995,0.0244,0.056400000000000006,456774636701154.562500
-0.32082,0.0236,0.0572,456774636701154.562500
-0.32081,0.0228,0.0572,456774636701154.562500
-0.3208,0.0196,0.056400000000000006,456774636701154.562500
-0.32079,0.022000000000000002,0.0572,456774636701154.562500
-0.32077999999999995,0.0236,0.054,456774636701154.562500
-0.32077,0.022000000000000002,0.0572,456774636701154.562500
-0.32076,0.0236,0.0572,456774636701154.562500
-0.32075,0.0228,0.056400000000000006,456774636701154.562500
-0.32074,0.0204,0.058800000000000005,456774636701154.562500
-0.32072999999999996,0.022000000000000002,0.056400000000000006,456774636701154.562500
-0.32072,0.0236,0.058,456774636701154.562500
-0.32071,0.0196,0.050800000000000005,456774636701154.562500
-0.3207,0.018000000000000002,0.05,456774636701154.562500
-0.32069,0.022000000000000002,0.0444,456774636701154.562500
-0.32067999999999997,0.022000000000000002,0.045200000000000004,456774636701154.562500
-0.32067,0.0228,0.045200000000000004,456774636701154.562500
-0.32065999999999995,0.022000000000000002,0.053200000000000004,456774636701154.562500
-0.32065,0.0236,0.056400000000000006,456774636701154.562500
-0.32064,0.0212,0.058,456774636701154.562500
-0.32062999999999997,0.0212,0.056400000000000006,456774636701154.562500
-0.32062,0.0236,0.058,456774636701154.562500
-0.32060999999999995,0.0244,0.053200000000000004,456774636701154.562500
-0.3206,0.0212,0.056400000000000006,456774636701154.562500
-0.32059,0.022000000000000002,0.0572,456774636701154.562500
-0.32058,0.0204,0.0516,456774636701154.562500
-0.32057,0.0172,0.056400000000000006,456774636701154.562500
-0.32055999999999996,0.0204,0.055600000000000004,456774636701154.562500
-0.32055,0.022000000000000002,0.053200000000000004,456774636701154.562500
-0.32054,0.0212,0.056400000000000006,456774636701154.562500
-0.32053,0.0252,0.0572,456774636701154.562500
-0.32051999999999997,0.0236,0.056400000000000006,456774636701154.562500
-0.32050999999999996,0.022000000000000002,0.058800000000000005,456774636701154.562500
-0.3205,0.0244,0.055600000000000004,456774636701154.562500
-0.32049,0.0196,0.0548,456774636701154.562500
-0.32048,0.022000000000000002,0.0548,456774636701154.562500
-0.32047,0.0228,0.0548,456774636701154.562500
-0.32045999999999997,0.0212,0.0572,456774636701154.562500
-0.32045,0.0228,0.053200000000000004,456774636701154.562500
-0.32043999999999995,0.022000000000000002,0.0572,456774636701154.562500
-0.32043,0.0212,0.056400000000000006,456774636701154.562500
-0.32042,0.0228,0.0548,456774636701154.562500
-0.32041,0.022000000000000002,0.0492,456774636701154.562500
-0.3204,0.0236,0.054,456774636701154.562500
-0.32038999999999995,0.0228,0.054,456774636701154.562500
-0.32038,0.022000000000000002,0.055600000000000004,456774636701154.562500
-0.32037,0.022000000000000002,0.0572,456774636701154.562500
-0.32036,0.0228,0.058,456774636701154.562500
-0.32035,0.0212,0.0596,456774636701154.562500
-0.32033999999999996,0.0236,0.055600000000000004,456774636701154.562500
-0.32033,0.0228,0.058,456774636701154.562500
-0.32032,0.0228,0.056400000000000006,456774636701154.562500
-0.32031,0.0228,0.056400000000000006,456774636701154.562500
-0.3203,0.0252,0.058,456774636701154.562500
-0.32028999999999996,0.0204,0.058,456774636701154.562500
-0.32028,0.0252,0.056400000000000006,456774636701154.562500
-0.32027,0.0236,0.055600000000000004,456774636701154.562500
-0.32026,0.0244,0.056400000000000006,456774636701154.562500
-0.32025,0.0252,0.055600000000000004,456774636701154.562500
-0.32023999999999997,0.0236,0.0516,456774636701154.562500
-0.32023,0.0228,0.0572,456774636701154.562500
-0.32021999999999995,0.022000000000000002,0.0516,456774636701154.562500
-0.32021,0.0204,0.055600000000000004,456774636701154.562500
-0.3202,0.022000000000000002,0.05,456774636701154.562500
-0.32019,0.0228,0.0492,456774636701154.562500
-0.32018,0.0228,0.0436,456774636701154.562500
-0.32016999999999995,0.022000000000000002,0.042800000000000005,456774636701154.562500
-0.32016,0.0212,0.0412,456774636701154.562500
-0.32015,0.0244,0.045200000000000004,456774636701154.562500
-0.32014,0.0204,0.058,456774636701154.562500
-0.32013,0.022000000000000002,0.054,456774636701154.562500
-0.32011999999999996,0.0212,0.0516,456774636701154.562500
-0.32011,0.0212,0.053200000000000004,456774636701154.562500
-0.3201,0.0228,0.058800000000000005,456774636701154.562500
-0.32009,0.0172,0.05,456774636701154.562500
-0.32008,0.0172,0.056400000000000006,456774636701154.562500
-0.32006999999999997,0.0204,0.056400000000000006,456774636701154.562500
-0.32006,0.0204,0.055600000000000004,456774636701154.562500
-0.32004999999999995,0.0196,0.0572,456774636701154.562500
-0.32004,0.0228,0.058800000000000005,456774636701154.562500
-0.32003,0.0236,0.055600000000000004,456774636701154.562500
-0.32001999999999997,0.0244,0.0596,456774636701154.562500
-0.32001,0.022000000000000002,0.0572,456774636701154.562500
-0.31999999999999995,0.0244,0.056400000000000006,456774636701154.562500
-0.31999,0.0252,0.0572,456774636701154.562500
-0.31998,0.0228,0.055600000000000004,456774636701154.562500
-0.31997,0.0204,0.055600000000000004,456774636701154.562500
-0.31996,0.0236,0.0524,456774636701154.562500
-0.31994999999999996,0.0244,0.056400000000000006,456774636701154.562500
-0.31994,0.0244,0.050800000000000005,456774636701154.562500
-0.31993,0.0228,0.0572,456774636701154.562500
-0.31992,0.0244,0.0548,456774636701154.562500
-0.31990999999999997,0.0252,0.058,456774636701154.562500
-0.31989999999999996,0.0236,0.053200000000000004,456774636701154.562500
-0.31989,0.022000000000000002,0.0548,456774636701154.562500
-0.31988,0.022000000000000002,0.056400000000000006,456774636701154.562500
-0.31987,0.022000000000000002,0.054,456774636701154.562500
-0.31986,0.022000000000000002,0.058,456774636701154.562500
-0.31984999999999997,0.0228,0.0572,456774636701154.562500
-0.31984,0.0212,0.0572,456774636701154.562500
-0.31982999999999995,0.022000000000000002,0.056400000000000006,456774636701154.562500
-0.31982,0.0212,0.056400000000000006,456774636701154.562500
-0.31981,0.0204,0.0476,456774636701154.562500
-0.3198,0.0188,0.0492,456774636701154.562500
-0.31979,0.0212,0.0492,456774636701154.562500
-0.31977999999999995,0.0212,0.05,456774636701154.562500
-0.31977,0.0204,0.0572,456774636701154.562500
-0.31976,0.0204,0.0572,456774636701154.562500
-0.31975,0.018000000000000002,0.056400000000000006,456774636701154.562500
-0.31974,0.014,0.056400000000000006,456774636701154.562500
-0.31972999999999996,0.0196,0.0572,456774636701154.562500
-0.31972,0.022000000000000002,0.056400000000000006,456774636701154.562500
-0.31971,0.0228,0.0572,456774636701154.562500
-0.3197,0.0244,0.058,456774636701154.562500
-0.31969,0.0244,0.058,456774636701154.562500
-0.31967999999999996,0.0204,0.054,456774636701154.562500
-0.31967,0.0236,0.053200000000000004,456774636701154.562500
-0.31965999999999994,0.0236,0.055600000000000004,456774636701154.562500
-0.31965,0.0228,0.056400000000000006,456774636701154.562500
-0.31964,0.026000000000000002,0.056400000000000006,456774636701154.562500
-0.31962999999999997,0.0236,0.056400000000000006,456774636701154.562500
-0.31962,0.0236,0.0572,456774636701154.562500
-0.31960999999999995,0.0228,0.056400000000000006,456774636701154.562500
-0.3196,0.0236,0.058,456774636701154.562500
-0.31959,0.0236,0.058,456774636701154.562500
-0.31958,0.0228,0.054,456774636701154.562500
-0.31957,0.022000000000000002,0.058,456774636701154.562500
-0.31955999999999996,0.0228,0.054,456774636701154.562500
-0.31955,0.0228,0.056400000000000006,456774636701154.562500
-0.31954,0.0228,0.056400000000000006,456774636701154.562500
-0.31953,0.0212,0.055600000000000004,456774636701154.562500
-0.31952,0.0236,0.053200000000000004,456774636701154.562500
-0.31950999999999996,0.0204,0.053200000000000004,456774636701154.562500
-0.3195,0.0236,0.056400000000000006,456774636701154.562500
-0.31949,0.0212,0.058800000000000005,456774636701154.562500
-0.31948,0.0212,0.0572,456774636701154.562500
-0.31947,0.0172,0.056400000000000006,456774636701154.562500
-0.31945999999999997,0.0212,0.0572,456774636701154.562500
-0.31945,0.0228,0.0572,456774636701154.562500
-0.31943999999999995,0.0228,0.058,456774636701154.562500
-0.31943,0.0212,0.056400000000000006,456774636701154.562500
-0.31942,0.0196,0.058,456774636701154.562500
-0.31940999999999997,0.018000000000000002,0.058,456774636701154.562500
-0.3194,0.0236,0.0572,456774636701154.562500
-0.31938999999999995,0.0244,0.056400000000000006,456774636701154.562500
-0.31938,0.0228,0.05,456774636701154.562500
-0.31937,0.0236,0.0548,456774636701154.562500
-0.31936,0.0244,0.0572,456774636701154.562500
-0.31935,0.0236,0.056400000000000006,456774636701154.562500
-0.31933999999999996,0.0244,0.0516,456774636701154.562500
-0.31933,0.0244,0.0572,456774636701154.562500
-0.31932,0.0228,0.0548,456774636701154.562500
-0.31931,0.022000000000000002,0.0548,456774636701154.562500
-0.3193,0.0236,0.0572,456774636701154.562500
-0.31928999999999996,0.0236,0.055600000000000004,456774636701154.562500
-0.31928,0.0228,0.058,456774636701154.562500
-0.31927,0.0228,0.055600000000000004,456774636701154.562500
-0.31926,0.0228,0.0572,456774636701154.562500
-0.31925,0.0212,0.054,456774636701154.562500
-0.31923999999999997,0.0228,0.0572,456774636701154.562500
-0.31923,0.0212,0.056400000000000006,456774636701154.562500
-0.31921999999999995,0.0228,0.055600000000000004,456774636701154.562500
-0.31921,0.022000000000000002,0.0572,456774636701154.562500
-0.3192,0.0228,0.055600000000000004,456774636701154.562500
-0.31919,0.0212,0.056400000000000006,456774636701154.562500
-0.31918,0.022000000000000002,0.054,456774636701154.562500
-0.31916999999999995,0.0212,0.055600000000000004,456774636701154.562500
-0.31916,0.0228,0.056400000000000006,456774636701154.562500
-0.31915,0.0204,0.0572,456774636701154.562500
-0.31914,0.022000000000000002,0.058,456774636701154.562500
-0.31913,0.0228,0.055600000000000004,456774636701154.562500
-0.31911999999999996,0.0228,0.058,456774636701154.562500
-0.31911,0.0212,0.054,456774636701154.562500
-0.3191,0.0228,0.050800000000000005,456774636701154.562500
-0.31909,0.0236,0.048400000000000006,456774636701154.562500
-0.31908,0.0236,0.050800000000000005,456774636701154.562500
-0.31906999999999996,0.022000000000000002,0.0524,456774636701154.562500
-0.31906,0.0236,0.053200000000000004,456774636701154.562500
-0.31904999999999994,0.0244,0.0572,456774636701154.562500
-0.31904,0.0244,0.0572,456774636701154.562500
-0.31903,0.0252,0.056400000000000006,456774636701154.562500
-0.31901999999999997,0.0228,0.055600000000000004,456774636701154.562500
-0.31901,0.0228,0.056400000000000006,456774636701154.562500
-0.31899999999999995,0.0244,0.058,456774636701154.562500
-0.31899,0.0228,0.0548,456774636701154.562500
-0.31898,0.0244,0.050800000000000005,456774636701154.562500
-0.31897,0.0236,0.0548,456774636701154.562500
-0.31896,0.022000000000000002,0.055600000000000004,456774636701154.562500
-0.31894999999999996,0.0212,0.055600000000000004,456774636701154.562500
-0.31894,0.0236,0.0572,456774636701154.562500
-0.31893,0.0236,0.056400000000000006,456774636701154.562500
-0.31892,0.0236,0.0572,456774636701154.562500
-0.31891,0.0204,0.056400000000000006,456774636701154.562500
-0.31889999999999996,0.022000000000000002,0.0572,456774636701154.562500
-0.31889,0.022000000000000002,0.0572,456774636701154.562500
-0.31888,0.022000000000000002,0.053200000000000004,456774636701154.562500
-0.31887,0.022000000000000002,0.056400000000000006,456774636701154.562500
-0.31886,0.0228,0.054,456774636701154.562500
-0.31884999999999997,0.022000000000000002,0.056400000000000006,456774636701154.562500
-0.31884,0.0244,0.056400000000000006,456774636701154.562500
-0.31882999999999995,0.0212,0.0572,456774636701154.562500
-0.31882,0.0228,0.058,456774636701154.562500
-0.31881,0.0236,0.0548,456774636701154.562500
-0.3188,0.022000000000000002,0.0572,456774636701154.562500
-0.31879,0.0236,0.0572,456774636701154.562500
-0.31877999999999995,0.0236,0.0572,456774636701154.562500
-0.31877,0.0236,0.058,456774636701154.562500
-0.31876,0.0252,0.055600000000000004,456774636701154.562500
-0.31875,0.0228,0.056400000000000006,456774636701154.562500
-0.31874,0.0252,0.0548,456774636701154.562500
-0.31872999999999996,0.0236,0.056400000000000006,456774636701154.562500
-0.31872,0.0204,0.0548,456774636701154.562500
-0.31871,0.0236,0.0572,456774636701154.562500
-0.3187,0.0236,0.0572,456774636701154.562500
-0.31869,0.0228,0.0572,456774636701154.562500
-0.31867999999999996,0.0236,0.0572,456774636701154.562500
-0.31867,0.0236,0.056400000000000006,456774636701154.562500
-0.31866,0.0236,0.0572,456774636701154.562500
-0.31865,0.0228,0.0572,456774636701154.562500
-0.31864,0.0228,0.055600000000000004,456774636701154.562500
-0.31862999999999997,0.0228,0.0572,456774636701154.562500
-0.31862,0.022000000000000002,0.056400000000000006,456774636701154.562500
-0.31860999999999995,0.022000000000000002,0.056400000000000006,456774636701154.562500
-0.3186,0.022000000000000002,0.056400000000000006,456774636701154.562500
-0.31859,0.0236,0.055600000000000004,456774636701154.562500
-0.31858,0.022000000000000002,0.056400000000000006,456774636701154.562500
-0.31857,0.0212,0.0572,456774636701154.562500
-0.31855999999999995,0.022000000000000002,0.058,456774636701154.562500
-0.31855,0.0228,0.0572,456774636701154.562500
-0.31854,0.0228,0.058,456774636701154.562500
-0.31853,0.0228,0.0572,456774636701154.562500
-0.31852,0.0236,0.056400000000000006,456774636701154.562500
-0.31850999999999996,0.0228,0.058,456774636701154.562500
-0.3185,0.022000000000000002,0.05,456774636701154.562500
-0.31849,0.0244,0.0548,456774636701154.562500
-0.31848,0.0236,0.0572,456774636701154.562500
-0.31847,0.0228,0.055600000000000004,456774636701154.562500
-0.31845999999999997,0.0236,0.0548,456774636701154.562500
-0.31845,0.0244,0.056400000000000006,456774636701154.562500
-0.31843999999999995,0.0236,0.058,456774636701154.562500
-0.31843,0.0244,0.056400000000000006,456774636701154.562500
-0.31842,0.0244,0.056400000000000006,456774636701154.562500
-0.31840999999999997,0.0268,0.056400000000000006,456774636701154.562500
-0.3184,0.0244,0.0572,456774636701154.562500
-0.31838999999999995,0.0236,0.055600000000000004,456774636701154.562500
-0.31838,0.0236,0.053200000000000004,456774636701154.562500
-0.31837,0.0236,0.0548,456774636701154.562500
-0.31836,0.0228,0.058,456774636701154.562500
-0.31835,0.0212,0.055600000000000004,456774636701154.562500
-0.31833999999999996,0.022000000000000002,0.056400000000000006,456774636701154.562500
-0.31833,0.0172,0.054,456774636701154.562500
-0.31832,0.0212,0.0572,456774636701154.562500
-0.31831,0.0228,0.056400000000000006,456774636701154.562500
-0.31829999999999997,0.0228,0.054,456774636701154.562500
-0.31828999999999996,0.0204,0.0524,456774636701154.562500
-0.31828,0.022000000000000002,0.053200000000000004,456774636701154.562500
-0.31827,0.0228,0.058,456774636701154.562500
-0.31826,0.0212,0.0548,456774636701154.562500
-0.31825,0.0228,0.0548,456774636701154.562500
-0.31823999999999997,0.0212,0.055600000000000004,456774636701154.562500
-0.31823,0.022000000000000002,0.056400000000000006,456774636701154.562500
-0.31821999999999995,0.0236,0.056400000000000006,456774636701154.562500
-0.31821,0.0236,0.058,456774636701154.562500
-0.3182,0.022000000000000002,0.058,456774636701154.562500
-0.31819,0.022000000000000002,0.055600000000000004,456774636701154.562500
-0.31818,0.0212,0.054,456774636701154.562500
-0.31816999999999995,0.022000000000000002,0.0524,456774636701154.562500
-0.31816,0.0228,0.056400000000000006,456774636701154.562500
-0.31815,0.0212,0.056400000000000006,456774636701154.562500
-0.31814,0.0204,0.058,456774636701154.562500
-0.31813,0.0196,0.055600000000000004,456774636701154.562500
-0.31811999999999996,0.0252,0.056400000000000006,456774636701154.562500
-0.31811,0.022000000000000002,0.056400000000000006,456774636701154.562500
-0.3181,0.0236,0.054,456774636701154.562500
-0.31809,0.0236,0.058,456774636701154.562500
-0.31808,0.0236,0.0572,456774636701154.562500
-0.31806999999999996,0.0228,0.056400000000000006,456774636701154.562500
-0.31806,0.0244,0.0572,456774636701154.562500
-0.31804999999999994,0.022000000000000002,0.058,456774636701154.562500
-0.31804,0.0228,0.056400000000000006,456774636701154.562500
-0.31803,0.022000000000000002,0.058,456774636701154.562500
-0.31801999999999997,0.0196,0.056400000000000006,456774636701154.562500
-0.31801,0.0196,0.055600000000000004,456774636701154.562500
-0.31799999999999995,0.0196,0.055600000000000004,456774636701154.562500
-0.31799,0.0212,0.0572,456774636701154.562500
-0.31798,0.0204,0.0572,456774636701154.562500
-0.31797,0.022000000000000002,0.056400000000000006,456774636701154.562500
-0.31796,0.0228,0.0548,456774636701154.562500
-0.31794999999999995,0.0236,0.056400000000000006,456774636701154.562500
-0.31794,0.0172,0.0548,456774636701154.562500
-0.31793,0.0212,0.056400000000000006,456774636701154.562500
-0.31792,0.022000000000000002,0.058,456774636701154.562500
-0.31791,0.0228,0.05,456774636701154.562500
-0.31789999999999996,0.022000000000000002,0.056400000000000006,456774636701154.562500
-0.31789,0.0236,0.055600000000000004,456774636701154.562500
-0.31788,0.0236,0.055600000000000004,456774636701154.562500
-0.31787,0.022000000000000002,0.058,456774636701154.562500
-0.31786,0.0252,0.058800000000000005,456774636701154.562500
-0.31784999999999997,0.0236,0.056400000000000006,456774636701154.562500
-0.31784,0.0244,0.0572,456774636701154.562500
-0.31782999999999995,0.0228,0.0572,456774636701154.562500
-0.31782,0.0244,0.056400000000000006,456774636701154.562500
-0.31781,0.0236,0.054,456774636701154.562500
-0.31779999999999997,0.0244,0.053200000000000004,456774636701154.562500
-0.31779,0.0236,0.058,456774636701154.562500
-0.31777999999999995,0.0244,0.058,456774636701154.562500
-0.31777,0.0244,0.0548,456774636701154.562500
-0.31776,0.0228,0.058,456774636701154.562500
-0.31775,0.0228,0.058,456774636701154.562500
-0.31774,0.0236,0.0572,456774636701154.562500
-0.31772999999999996,0.0212,0.055600000000000004,456774636701154.562500
-0.31772,0.0212,0.0548,456774636701154.562500
-0.31771,0.0212,0.056400000000000006,456774636701154.562500
-0.3177,0.0204,0.0572,456774636701154.562500
-0.31769,0.0212,0.058,456774636701154.562500
-0.31767999999999996,0.022000000000000002,0.056400000000000006,456774636701154.562500
-0.31767,0.0236,0.056400000000000006,456774636701154.562500
-0.31766,0.022000000000000002,0.058800000000000005,456774636701154.562500
-0.31765,0.022000000000000002,0.056400000000000006,456774636701154.562500
-0.31764,0.0228,0.056400000000000006,456774636701154.562500
-0.31762999999999997,0.0228,0.0572,456774636701154.562500
-0.31762,0.0236,0.055600000000000004,456774636701154.562500
-0.31760999999999995,0.022000000000000002,0.055600000000000004,456774636701154.562500
-0.3176,0.022000000000000002,0.056400000000000006,456774636701154.562500
-0.31759,0.0236,0.056400000000000006,456774636701154.562500
-0.31758,0.0236,0.055600000000000004,456774636701154.562500
-0.31757,0.0236,0.0572,456774636701154.562500
-0.31755999999999995,0.0244,0.056400000000000006,456774636701154.562500
-0.31755,0.0244,0.055600000000000004,456774636701154.562500
-0.31754,0.0236,0.0572,456774636701154.562500
-0.31753,0.022000000000000002,0.055600000000000004,456774636701154.562500
-0.31752,0.0252,0.055600000000000004,456774636701154.562500
-0.31750999999999996,0.0188,0.056400000000000006,456774636701154.562500
-0.3175,0.0196,0.058800000000000005,456774636701154.562500
-0.31749,0.018000000000000002,0.054,456774636701154.562500
-0.31748,0.0228,0.056400000000000006,456774636701154.562500
-0.31747,0.0212,0.058,456774636701154.562500
-0.31745999999999996,0.0236,0.055600000000000004,456774636701154.562500
-0.31745,0.0204,0.055600000000000004,456774636701154.562500
-0.31743999999999994,0.0212,0.058,456774636701154.562500
-0.31743,0.022000000000000002,0.0548,456774636701154.562500
-0.31742,0.0212,0.0524,456774636701154.562500
-0.31740999999999997,0.0236,0.050800000000000005,456774636701154.562500
-0.3174,0.0196,0.0516,456774636701154.562500
-0.31738999999999995,0.0188,0.050800000000000005,456774636701154.562500
-0.31738,0.0196,0.0396,456774636701154.562500
-0.31737,0.022000000000000002,0.048400000000000006,456774636701154.562500
-0.31736,0.0196,0.0444,456774636701154.562500
-0.31735,0.0172,0.0524,456774636701154.562500
-0.31733999999999996,0.0212,0.048400000000000006,456774636701154.562500
-0.31733,0.0172,0.0524,456774636701154.562500
-0.31732,0.0188,0.056400000000000006,456774636701154.562500
-0.31731,0.0236,0.056400000000000006,456774636701154.562500
-0.3173,0.0228,0.0548,456774636701154.562500
-0.31728999999999996,0.0228,0.0476,456774636701154.562500
-0.31728,0.0228,0.042,456774636701154.562500
-0.31727,0.0236,0.0548,456774636701154.562500
-0.31726,0.0252,0.045200000000000004,456774636701154.562500
-0.31725,0.0204,0.054,456774636701154.562500
-0.31723999999999997,0.0236,0.0548,456774636701154.562500
-0.31723,0.0212,0.056400000000000006,456774636701154.562500
-0.31721999999999995,0.0212,0.055600000000000004,456774636701154.562500
-0.31721,0.022000000000000002,0.05,456774636701154.562500
-0.3172,0.0236,0.0572,456774636701154.562500
-0.31718999999999997,0.0236,0.0572,456774636701154.562500
-0.31718,0.0228,0.054,456774636701154.562500
-0.31716999999999995,0.0252,0.0516,456774636701154.562500
-0.31716,0.0236,0.0572,456774636701154.562500
-0.31715,0.0236,0.0492,456774636701154.562500
-0.31714,0.0204,0.054,456774636701154.562500
-0.31713,0.0228,0.055600000000000004,456774636701154.562500
-0.31711999999999996,0.018000000000000002,0.0572,456774636701154.562500
-0.31711,0.0228,0.056400000000000006,456774636701154.562500
-0.3171,0.0228,0.0524,456774636701154.562500
-0.31709,0.0212,0.055600000000000004,456774636701154.562500
-0.31708,0.022000000000000002,0.0468,456774636701154.562500
-0.31706999999999996,0.0228,0.0388,456774636701154.562500
-0.31706,0.0228,0.0388,456774636701154.562500
-0.31705,0.0196,0.054,456774636701154.562500
-0.31704,0.022000000000000002,0.0436,456774636701154.562500
-0.31703,0.0164,0.0548,456774636701154.562500
-0.31701999999999997,0.022000000000000002,0.0524,456774636701154.562500
-0.31701,0.0228,0.0548,456774636701154.562500
-0.31699999999999995,0.0228,0.054,456774636701154.562500
-0.31699,0.0244,0.0572,456774636701154.562500
-0.31698,0.022000000000000002,0.056400000000000006,456774636701154.562500
-0.31697,0.0228,0.0572,456774636701154.562500
-0.31696,0.0196,0.056400000000000006,456774636701154.562500
-0.31694999999999995,0.022000000000000002,0.056400000000000006,456774636701154.562500
-0.31694,0.0236,0.0572,456774636701154.562500
-0.31693,0.0252,0.054,456774636701154.562500
-0.31692,0.0244,0.0572,456774636701154.562500
-0.31691,0.0236,0.0516,456774636701154.562500
-0.31689999999999996,0.0252,0.058,456774636701154.562500
-0.31689,0.0228,0.050800000000000005,456774636701154.562500
-0.31688,0.0204,0.056400000000000006,456774636701154.562500
-0.31687,0.0228,0.05,456774636701154.562500
-0.31686,0.0228,0.053200000000000004,456774636701154.562500
-0.31684999999999997,0.0236,0.055600000000000004,456774636701154.562500
-0.31684,0.0228,0.056400000000000006,456774636701154.562500
-0.31682999999999995,0.0188,0.0516,456774636701154.562500
-0.31682,0.022000000000000002,0.0548,456774636701154.562500
-0.31681,0.0212,0.054,456774636701154.562500
-0.31679999999999997,0.0212,0.058800000000000005,456774636701154.562500
-0.31679,0.022000000000000002,0.054,456774636701154.562500
-0.31677999999999995,0.022000000000000002,0.055600000000000004,456774636701154.562500
-0.31677,0.022000000000000002,0.050800000000000005,456774636701154.562500
-0.31676,0.0204,0.050800000000000005,456774636701154.562500
-0.31675,0.0164,0.05,456774636701154.562500
-0.31674,0.0212,0.058,456774636701154.562500
-0.31672999999999996,0.018000000000000002,0.058,456774636701154.562500
-0.31672,0.0212,0.056400000000000006,456774636701154.562500
-0.31671,0.0196,0.0572,456774636701154.562500
-0.3167,0.0212,0.0572,456774636701154.562500
-0.31668999999999997,0.0212,0.058,456774636701154.562500
-0.31667999999999996,0.0196,0.0548,456774636701154.562500
-0.31667,0.0236,0.0548,456774636701154.562500
-0.31666,0.0212,0.0548,456774636701154.562500
-0.31665,0.0228,0.056400000000000006,456774636701154.562500
-0.31664,0.0236,0.0572,456774636701154.562500
-0.31662999999999997,0.0244,0.0572,456774636701154.562500
-0.31662,0.0252,0.0572,456774636701154.562500
-0.31660999999999995,0.0236,0.053200000000000004,456774636701154.562500
-0.3166,0.0236,0.055600000000000004,456774636701154.562500
-0.31659,0.022000000000000002,0.055600000000000004,456774636701154.562500
-0.31658,0.0196,0.056400000000000006,456774636701154.562500
-0.31657,0.022000000000000002,0.055600000000000004,456774636701154.562500
-0.31655999999999995,0.014,0.055600000000000004,456774636701154.562500
-0.31655,0.0196,0.0572,456774636701154.562500
-0.31654,0.022000000000000002,0.058800000000000005,456774636701154.562500
-0.31653,0.0236,0.058800000000000005,456774636701154.562500
-0.31652,0.0244,0.0572,456774636701154.562500
-0.31650999999999996,0.0204,0.058,456774636701154.562500
-0.3165,0.0236,0.0572,456774636701154.562500
-0.31649,0.022000000000000002,0.055600000000000004,456774636701154.562500
-0.31648,0.0236,0.0548,456774636701154.562500
-0.31647,0.022000000000000002,0.0524,456774636701154.562500
-0.31645999999999996,0.0228,0.056400000000000006,456774636701154.562500
-0.31645,0.0204,0.056400000000000006,456774636701154.562500
-0.31643999999999994,0.0236,0.058,456774636701154.562500
-0.31643,0.0204,0.050800000000000005,456774636701154.562500
-0.31642,0.022000000000000002,0.0572,456774636701154.562500
-0.31640999999999997,0.0228,0.05,456774636701154.562500
-0.3164,0.0228,0.058,456774636701154.562500
-0.31638999999999995,0.0236,0.056400000000000006,456774636701154.562500
-0.31638,0.022000000000000002,0.0572,456774636701154.562500
-0.31637,0.0236,0.056400000000000006,456774636701154.562500
-0.31636,0.0236,0.056400000000000006,456774636701154.562500
-0.31635,0.0236,0.0476,456774636701154.562500
-0.31633999999999995,0.0228,0.0572,456774636701154.562500
-0.31633,0.0244,0.058,456774636701154.562500
-0.31632,0.0244,0.0468,456774636701154.562500
-0.31631,0.0244,0.056400000000000006,456774636701154.562500
-0.3163,0.0236,0.055600000000000004,456774636701154.562500
-0.31628999999999996,0.0212,0.0572,456774636701154.562500
-0.31628,0.0244,0.058,456774636701154.562500
-0.31627,0.0244,0.0572,456774636701154.562500
-0.31626,0.0228,0.055600000000000004,456774636701154.562500
-0.31625,0.022000000000000002,0.0572,456774636701154.562500
-0.31623999999999997,0.0204,0.0572,456774636701154.562500
-0.31623,0.018000000000000002,0.0548,456774636701154.562500
-0.31621999999999995,0.022000000000000002,0.056400000000000006,456774636701154.562500
-0.31621,0.0212,0.0548,456774636701154.562500
-0.3162,0.022000000000000002,0.058,456774636701154.562500
-0.31618999999999997,0.0172,0.058,456774636701154.562500
-0.31618,0.0204,0.0572,456774636701154.562500
-0.31616999999999995,0.018000000000000002,0.0572,456774636701154.562500
-0.31616,0.022000000000000002,0.058,456774636701154.562500
-0.31615,0.022000000000000002,0.048400000000000006,456774636701154.562500
-0.31614,0.0228,0.0524,456774636701154.562500
-0.31613,0.0236,0.050800000000000005,456774636701154.562500
-0.31611999999999996,0.022000000000000002,0.0572,456774636701154.562500
-0.31611,0.022000000000000002,0.055600000000000004,456774636701154.562500
-0.3161,0.0228,0.0572,456774636701154.562500
-0.31609,0.0236,0.058,456774636701154.562500
-0.31607999999999997,0.0236,0.0548,456774636701154.562500
-0.31606999999999996,0.0236,0.054,456774636701154.562500
-0.31606,0.022000000000000002,0.058,456774636701154.562500
-0.31605,0.0236,0.058,456774636701154.562500
-0.31604,0.0228,0.056400000000000006,456774636701154.562500
-0.31603,0.0252,0.0572,456774636701154.562500
-0.31601999999999997,0.0252,0.0572,456774636701154.562500
-0.31601,0.0244,0.0548,456774636701154.562500
-0.31599999999999995,0.0236,0.0548,456774636701154.562500
-0.31599,0.026000000000000002,0.056400000000000006,456774636701154.562500
-0.31598,0.0244,0.056400000000000006,456774636701154.562500
-0.31597,0.0244,0.056400000000000006,456774636701154.562500
-0.31596,0.022000000000000002,0.058,456774636701154.562500
-0.31594999999999995,0.0228,0.055600000000000004,456774636701154.562500
-0.31594,0.0236,0.058,456774636701154.562500
-0.31593,0.0236,0.056400000000000006,456774636701154.562500
-0.31592,0.0212,0.058,456774636701154.562500
-0.31591,0.0236,0.0572,456774636701154.562500
-0.31589999999999996,0.0212,0.0572,456774636701154.562500
-0.31589,0.0212,0.058,456774636701154.562500
-0.31588,0.022000000000000002,0.058800000000000005,456774636701154.562500
-0.31587,0.0212,0.056400000000000006,456774636701154.562500
-0.31586,0.022000000000000002,0.058,456774636701154.562500
-0.31584999999999996,0.0236,0.058,456774636701154.562500
-0.31584,0.0204,0.055600000000000004,456774636701154.562500
-0.31582999999999994,0.0228,0.056400000000000006,456774636701154.562500
-0.31582,0.0212,0.056400000000000006,456774636701154.562500
-0.31581,0.022000000000000002,0.0524,456774636701154.562500
-0.31579999999999997,0.0196,0.0572,456774636701154.562500
-0.31579,0.0204,0.054,456774636701154.562500
-0.31577999999999995,0.0228,0.054,456774636701154.562500
-0.31577,0.0212,0.055600000000000004,456774636701154.562500
-0.31576,0.0204,0.056400000000000006,456774636701154.562500
-0.31575,0.0236,0.050800000000000005,456774636701154.562500
-0.31574,0.0188,0.056400000000000006,456774636701154.562500
-0.31572999999999996,0.0236,0.0468,456774636701154.562500
-0.31572,0.0236,0.0548,456774636701154.562500
-0.31571,0.0236,0.053200000000000004,456774636701154.562500
-0.3157,0.022000000000000002,0.045200000000000004,456774636701154.562500
-0.31569,0.022000000000000002,0.050800000000000005,456774636701154.562500
-0.31567999999999996,0.0204,0.0444,456774636701154.562500
-0.31567,0.0228,0.050800000000000005,456774636701154.562500
-0.31566,0.0204,0.05,456774636701154.562500
-0.31565,0.0236,0.053200000000000004,456774636701154.562500
-0.31564,0.0228,0.055600000000000004,456774636701154.562500
-0.31562999999999997,0.0236,0.0572,456774636701154.562500
-0.31562,0.0172,0.0572,456774636701154.562500
-0.31560999999999995,0.0228,0.0548,456774636701154.562500
-0.3156,0.022000000000000002,0.0516,456774636701154.562500
-0.31559,0.0228,0.048400000000000006,456774636701154.562500
-0.31557999999999997,0.0236,0.056400000000000006,456774636701154.562500
-0.31557,0.0228,0.055600000000000004,456774636701154.562500
-0.31555999999999995,0.0228,0.0572,456774636701154.562500
-0.31555,0.0236,0.056400000000000006,456774636701154.562500
-0.31554,0.0236,0.0548,456774636701154.562500
-0.31553,0.022000000000000002,0.05,456774636701154.562500
-0.31552,0.022000000000000002,0.055600000000000004,456774636701154.562500
-0.31550999999999996,0.0228,0.053200000000000004,456774636701154.562500
-0.3155,0.022000000000000002,0.058,456774636701154.562500
-0.31549,0.0172,0.058,456774636701154.562500
-0.31548,0.0236,0.0548,456774636701154.562500
-0.31547,0.0228,0.058,456774636701154.562500
-0.31545999999999996,0.0212,0.054,456774636701154.562500
-0.31545,0.0236,0.056400000000000006,456774636701154.562500
-0.31544,0.0212,0.0516,456774636701154.562500
-0.31543,0.0188,0.055600000000000004,456774636701154.562500
-0.31542,0.0236,0.0548,456774636701154.562500
-0.31540999999999997,0.0172,0.058800000000000005,456774636701154.562500
-0.3154,0.0244,0.056400000000000006,456774636701154.562500
-0.31538999999999995,0.0228,0.058800000000000005,456774636701154.562500
-0.31538,0.0244,0.0548,456774636701154.562500
-0.31537,0.0244,0.055600000000000004,456774636701154.562500
-0.31536,0.026000000000000002,0.056400000000000006,456774636701154.562500
-0.31535,0.026000000000000002,0.058,456774636701154.562500
-0.31533999999999995,0.0236,0.055600000000000004,456774636701154.562500
-0.31533,0.0244,0.058,456774636701154.562500
-0.31532,0.0244,0.056400000000000006,456774636701154.562500
-0.31531,0.0228,0.0572,456774636701154.562500
-0.3153,0.0244,0.056400000000000006,456774636701154.562500
-0.31528999999999996,0.0236,0.055600000000000004,456774636701154.562500
-0.31528,0.0228,0.054,456774636701154.562500
-0.31527,0.022000000000000002,0.058,456774636701154.562500
-0.31526,0.022000000000000002,0.056400000000000006,456774636701154.562500
-0.31525,0.0228,0.0572,456774636701154.562500
-0.31523999999999996,0.022000000000000002,0.0572,456774636701154.562500
-0.31523,0.0212,0.058,456774636701154.562500
-0.31521999999999994,0.0228,0.0476,456774636701154.562500
-0.31521,0.022000000000000002,0.0548,456774636701154.562500
-0.3152,0.0228,0.055600000000000004,456774636701154.562500
-0.31518999999999997,0.022000000000000002,0.0572,456774636701154.562500
-0.31518,0.0204,0.056400000000000006,456774636701154.562500
-0.31516999999999995,0.0212,0.054,456774636701154.562500
-0.31516,0.0228,0.0572,456774636701154.562500
-0.31515,0.0196,0.053200000000000004,456774636701154.562500
-0.31514,0.0228,0.054,456774636701154.562500
-0.31513,0.022000000000000002,0.05,456774636701154.562500
-0.31511999999999996,0.0244,0.0572,456774636701154.562500
-0.31511,0.022000000000000002,0.0524,456774636701154.562500
-0.3151,0.0236,0.056400000000000006,456774636701154.562500
-0.31509,0.0236,0.058,456774636701154.562500
-0.31507999999999997,0.0244,0.056400000000000006,456774636701154.562500
-0.31506999999999996,0.0196,0.056400000000000006,456774636701154.562500
-0.31506,0.0244,0.055600000000000004,456774636701154.562500
-0.31505,0.0252,0.058,456774636701154.562500
-0.31504,0.0236,0.0572,456774636701154.562500
-0.31503,0.0236,0.056400000000000006,456774636701154.562500
-0.31501999999999997,0.0252,0.056400000000000006,456774636701154.562500
-0.31501,0.0228,0.055600000000000004,456774636701154.562500
-0.31499999999999995,0.022000000000000002,0.0572,456774636701154.562500
-0.31499,0.0228,0.053200000000000004,456774636701154.562500
-0.31498,0.022000000000000002,0.053200000000000004,456774636701154.562500
-0.31496999999999997,0.0228,0.0572,456774636701154.562500
-0.31496,0.0212,0.056400000000000006,456774636701154.562500
-0.31494999999999995,0.0188,0.0548,456774636701154.562500
-0.31494,0.022000000000000002,0.054,456774636701154.562500
-0.31493,0.0188,0.042800000000000005,456774636701154.562500
-0.31492,0.0212,0.056400000000000006,456774636701154.562500
-0.31491,0.0204,0.0524,456774636701154.562500
-0.31489999999999996,0.022000000000000002,0.055600000000000004,456774636701154.562500
-0.31489,0.0228,0.058,456774636701154.562500
-0.31488,0.022000000000000002,0.058,456774636701154.562500
-0.31487,0.0244,0.055600000000000004,456774636701154.562500
-0.31486,0.022000000000000002,0.0572,456774636701154.562500
-0.31484999999999996,0.0228,0.0572,456774636701154.562500
-0.31484,0.0228,0.0572,456774636701154.562500
-0.31482999999999994,0.0196,0.055600000000000004,456774636701154.562500
-0.31482,0.0228,0.0572,456774636701154.562500
-0.31481,0.0236,0.0572,456774636701154.562500
-0.31479999999999997,0.0236,0.058,456774636701154.562500
-0.31479,0.0236,0.058,456774636701154.562500
-0.31477999999999995,0.0196,0.054,456774636701154.562500
-0.31477,0.0228,0.054,456774636701154.562500
-0.31476,0.026000000000000002,0.0516,456774636701154.562500
-0.31475,0.0244,0.058,456774636701154.562500
-0.31474,0.0236,0.0572,456774636701154.562500
-0.31472999999999995,0.0188,0.0572,456774636701154.562500
-0.31472,0.0212,0.0572,456774636701154.562500
-0.31471,0.0228,0.054,456774636701154.562500
-0.3147,0.0236,0.056400000000000006,456774636701154.562500
-0.31469,0.022000000000000002,0.058800000000000005,456774636701154.562500
-0.31467999999999996,0.022000000000000002,0.058,456774636701154.562500
-0.31467,0.0228,0.050800000000000005,456774636701154.562500
-0.31466,0.0204,0.058,456774636701154.562500
-0.31465,0.0204,0.0548,456774636701154.562500
-0.31464,0.022000000000000002,0.056400000000000006,456774636701154.562500
-0.31462999999999997,0.0228,0.0524,456774636701154.562500
-0.31462,0.0212,0.0572,456774636701154.562500
-0.31460999999999995,0.022000000000000002,0.042800000000000005,456774636701154.562500
-0.3146,0.0236,0.058,456774636701154.562500
-0.31459,0.0212,0.054,456774636701154.562500
-0.31457999999999997,0.0236,0.054,456774636701154.562500
-0.31457,0.0212,0.054,456774636701154.562500
-0.31455999999999995,0.0204,0.055600000000000004,456774636701154.562500
-0.31455,0.018000000000000002,0.0572,456774636701154.562500
-0.31454,0.0172,0.056400000000000006,456774636701154.562500
-0.31453,0.022000000000000002,0.056400000000000006,456774636701154.562500
-0.31452,0.0188,0.058,456774636701154.562500
-0.31450999999999996,0.0204,0.058,456774636701154.562500
-0.3145,0.0212,0.048400000000000006,456774636701154.562500
-0.31449,0.0212,0.056400000000000006,456774636701154.562500
-0.31448,0.0236,0.054,456774636701154.562500
-0.31446999999999997,0.0268,0.058800000000000005,456774636701154.562500
-0.31445999999999996,0.0228,0.053200000000000004,456774636701154.562500
-0.31445,0.0228,0.054,456774636701154.562500
-0.31444,0.022000000000000002,0.054,456774636701154.562500
-0.31443,0.0252,0.0548,456774636701154.562500
-0.31442,0.0228,0.056400000000000006,456774636701154.562500
-0.31440999999999997,0.0236,0.055600000000000004,456774636701154.562500
-0.3144,0.0236,0.0516,456774636701154.562500
-0.31438999999999995,0.022000000000000002,0.0548,456774636701154.562500
-0.31438,0.022000000000000002,0.0548,456774636701154.562500
-0.31437,0.0204,0.056400000000000006,456774636701154.562500
-0.31436,0.022000000000000002,0.0572,456774636701154.562500
-0.31435,0.0228,0.0548,456774636701154.562500
-0.31433999999999995,0.0236,0.055600000000000004,456774636701154.562500
-0.31433,0.0204,0.056400000000000006,456774636701154.562500
-0.31432,0.0228,0.0548,456774636701154.562500
-0.31431,0.0228,0.0516,456774636701154.562500
-0.3143,0.0212,0.0596,456774636701154.562500
-0.31428999999999996,0.0204,0.056400000000000006,456774636701154.562500
-0.31428,0.022000000000000002,0.058,456774636701154.562500
-0.31427,0.0204,0.054,456774636701154.562500
-0.31426,0.022000000000000002,0.0572,456774636701154.562500
-0.31425,0.0212,0.055600000000000004,456774636701154.562500
-0.31423999999999996,0.022000000000000002,0.056400000000000006,456774636701154.562500
-0.31423,0.0236,0.0548,456774636701154.562500
-0.31421999999999994,0.0228,0.0572,456774636701154.562500
-0.31421,0.0236,0.056400000000000006,456774636701154.562500
-0.3142,0.0212,0.056400000000000006,456774636701154.562500
-0.31418999999999997,0.0212,0.0572,456774636701154.562500
-0.31418,0.0236,0.058,456774636701154.562500
-0.31416999999999995,0.0244,0.053200000000000004,456774636701154.562500
-0.31416,0.0244,0.0548,456774636701154.562500
-0.31415,0.0228,0.056400000000000006,456774636701154.562500
-0.31414,0.022000000000000002,0.0572,456774636701154.562500
-0.31413,0.022000000000000002,0.056400000000000006,456774636701154.562500
-0.31411999999999995,0.0236,0.0572,456774636701154.562500
-0.31411,0.022000000000000002,0.0548,456774636701154.562500
-0.3141,0.0228,0.0572,456774636701154.562500
-0.31409,0.0228,0.054,456774636701154.562500
-0.31408,0.0236,0.0572,456774636701154.562500
-0.31406999999999996,0.0228,0.0524,456774636701154.562500
-0.31406,0.0228,0.0572,456774636701154.562500
-0.31405,0.0212,0.048400000000000006,456774636701154.562500
-0.31404,0.0228,0.0548,456774636701154.562500
-0.31403,0.0236,0.0524,456774636701154.562500
-0.31401999999999997,0.0228,0.0516,456774636701154.562500
-0.31401,0.0172,0.053200000000000004,456774636701154.562500
-0.31399999999999995,0.0196,0.056400000000000006,456774636701154.562500
-0.31399,0.0204,0.0548,456774636701154.562500
-0.31398,0.0196,0.0524,456774636701154.562500
-0.31396999999999997,0.022000000000000002,0.053200000000000004,456774636701154.562500
-0.31396,0.0212,0.0572,456774636701154.562500
-0.31394999999999995,0.022000000000000002,0.0572,456774636701154.562500
-0.31394,0.0236,0.056400000000000006,456774636701154.562500
-0.31393,0.0212,0.058,456774636701154.562500
-0.31392,0.0212,0.058,456774636701154.562500
-0.31391,0.0228,0.058,456774636701154.562500
-0.31389999999999996,0.0228,0.058,456774636701154.562500
-0.31389,0.0236,0.058,456774636701154.562500
-0.31388,0.0236,0.0572,456774636701154.562500
-0.31387,0.0252,0.058,456774636701154.562500
-0.31386,0.0244,0.0572,456774636701154.562500
-0.31384999999999996,0.022000000000000002,0.058800000000000005,456774636701154.562500
-0.31384,0.0252,0.058,456774636701154.562500
-0.31383,0.0236,0.0572,456774636701154.562500
-0.31382,0.0236,0.0572,456774636701154.562500
-0.31381,0.0228,0.0572,456774636701154.562500
-0.31379999999999997,0.0236,0.053200000000000004,456774636701154.562500
-0.31379,0.0204,0.055600000000000004,456774636701154.562500
-0.31377999999999995,0.0228,0.058,456774636701154.562500
-0.31377,0.022000000000000002,0.053200000000000004,456774636701154.562500
-0.31376,0.0244,0.058,456774636701154.562500
-0.31375,0.022000000000000002,0.0572,456774636701154.562500
-0.31374,0.022000000000000002,0.058,456774636701154.562500
-0.31372999999999995,0.022000000000000002,0.0572,456774636701154.562500
-0.31372,0.0204,0.053200000000000004,456774636701154.562500
-0.31371,0.0236,0.058,456774636701154.562500
-0.3137,0.0188,0.055600000000000004,456774636701154.562500
-0.31369,0.0228,0.0572,456774636701154.562500
-0.31367999999999996,0.0196,0.0548,456774636701154.562500
-0.31367,0.0212,0.0572,456774636701154.562500
-0.31366,0.022000000000000002,0.048400000000000006,456774636701154.562500
-0.31365,0.022000000000000002,0.056400000000000006,456774636701154.562500
-0.31364,0.0212,0.0572,456774636701154.562500
-0.31362999999999996,0.022000000000000002,0.056400000000000006,456774636701154.562500
-0.31362,0.0212,0.056400000000000006,456774636701154.562500
-0.31360999999999994,0.0236,0.0572,456774636701154.562500
-0.3136,0.022000000000000002,0.058,456774636701154.562500
-0.31359,0.0236,0.0572,456774636701154.562500
-0.31357999999999997,0.0228,0.0572,456774636701154.562500
-0.31357,0.0236,0.056400000000000006,456774636701154.562500
-0.31355999999999995,0.0236,0.058,456774636701154.562500
-0.31355,0.0236,0.056400000000000006,456774636701154.562500
-0.31354,0.0236,0.053200000000000004,456774636701154.562500
-0.31353,0.0244,0.054,456774636701154.562500
-0.31352,0.0244,0.056400000000000006,456774636701154.562500
-0.31350999999999996,0.0204,0.055600000000000004,456774636701154.562500
-0.3135,0.0236,0.056400000000000006,456774636701154.562500
-0.31349,0.0212,0.053200000000000004,456774636701154.562500
-0.31348,0.0228,0.056400000000000006,456774636701154.562500
-0.31346999999999997,0.0212,0.0572,456774636701154.562500
-0.31345999999999996,0.0228,0.058,456774636701154.562500
-0.31345,0.018000000000000002,0.056400000000000006,456774636701154.562500
-0.31344,0.022000000000000002,0.058,456774636701154.562500
-0.31343,0.0236,0.058800000000000005,456774636701154.562500
-0.31342,0.0228,0.058800000000000005,456774636701154.562500
-0.31340999999999997,0.022000000000000002,0.055600000000000004,456774636701154.562500
-0.3134,0.0212,0.056400000000000006,456774636701154.562500
-0.31338999999999995,0.0196,0.042800000000000005,456774636701154.562500
-0.31338,0.0188,0.050800000000000005,456774636701154.562500
-0.31337,0.022000000000000002,0.0476,456774636701154.562500
-0.31335999999999997,0.0196,0.053200000000000004,456774636701154.562500
-0.31335,0.0212,0.054,456774636701154.562500
-0.31333999999999995,0.0204,0.056400000000000006,456774636701154.562500
-0.31333,0.0228,0.0476,456774636701154.562500
-0.31332,0.0228,0.056400000000000006,456774636701154.562500
-0.31331,0.0228,0.058,456774636701154.562500
-0.3133,0.0228,0.0524,456774636701154.562500
-0.31328999999999996,0.0212,0.0524,456774636701154.562500
-0.31328,0.0236,0.058,456774636701154.562500
-0.31327,0.0212,0.054,456774636701154.562500
-0.31326,0.018000000000000002,0.058,456774636701154.562500
-0.31325,0.015600000000000001,0.058,456774636701154.562500
-0.31323999999999996,0.0188,0.0572,456774636701154.562500
-0.31323,0.018000000000000002,0.056400000000000006,456774636701154.562500
-0.31322,0.0228,0.0492,456774636701154.562500
-0.31321,0.0212,0.056400000000000006,456774636701154.562500
-0.3132,0.0212,0.056400000000000006,456774636701154.562500
-0.31318999999999997,0.022000000000000002,0.0572,456774636701154.562500
-0.31318,0.0228,0.058,456774636701154.562500
-0.31316999999999995,0.0236,0.0572,456774636701154.562500
-0.31316,0.0212,0.046,456774636701154.562500
-0.31315,0.022000000000000002,0.056400000000000006,456774636701154.562500
-0.31314,0.022000000000000002,0.054,456774636701154.562500
-0.31313,0.022000000000000002,0.055600000000000004,456774636701154.562500
-0.31311999999999995,0.0236,0.0436,456774636701154.562500
-0.31311,0.022000000000000002,0.056400000000000006,456774636701154.562500
-0.3131,0.0204,0.0468,456774636701154.562500
-0.31309,0.0212,0.056400000000000006,456774636701154.562500
-0.31308,0.022000000000000002,0.056400000000000006,456774636701154.562500
-0.31306999999999996,0.0228,0.056400000000000006,456774636701154.562500
-0.31306,0.022000000000000002,0.056400000000000006,456774636701154.562500
-0.31305,0.0228,0.056400000000000006,456774636701154.562500
-0.31304,0.022000000000000002,0.055600000000000004,456774636701154.562500
-0.31303,0.0228,0.0516,456774636701154.562500
-0.31301999999999996,0.0212,0.0524,456774636701154.562500
-0.31301,0.0228,0.0476,456774636701154.562500
-0.31299999999999994,0.0236,0.0524,456774636701154.562500
-0.31299,0.0244,0.034800000000000005,456774636701154.562500
-0.31298,0.022000000000000002,0.053200000000000004,456774636701154.562500
-0.31296999999999997,0.0244,0.048400000000000006,456774636701154.562500
-0.31296,0.0236,0.056400000000000006,456774636701154.562500
-0.31294999999999995,0.0228,0.056400000000000006,456774636701154.562500
-0.31294,0.0252,0.055600000000000004,456774636701154.562500
-0.31293,0.0236,0.055600000000000004,456774636701154.562500
-0.31292,0.0228,0.058,456774636701154.562500
-0.31291,0.0204,0.056400000000000006,456774636701154.562500
-0.31289999999999996,0.0244,0.056400000000000006,456774636701154.562500
-0.31289,0.0196,0.056400000000000006,456774636701154.562500
-0.31288,0.0236,0.053200000000000004,456774636701154.562500
-0.31287,0.0212,0.054,456774636701154.562500
-0.31285999999999997,0.0228,0.053200000000000004,456774636701154.562500
-0.31284999999999996,0.0212,0.0548,456774636701154.562500
-0.31284,0.022000000000000002,0.05,456774636701154.562500
-0.31283,0.022000000000000002,0.0572,456774636701154.562500
-0.31282,0.022000000000000002,0.0476,456774636701154.562500
-0.31281,0.0204,0.053200000000000004,456774636701154.562500
-0.31279999999999997,0.0212,0.045200000000000004,456774636701154.562500
-0.31279,0.022000000000000002,0.056400000000000006,456774636701154.562500
-0.31277999999999995,0.0212,0.058,456774636701154.562500
-0.31277,0.022000000000000002,0.0572,456774636701154.562500
-0.31276,0.0228,0.0572,456774636701154.562500
-0.31275,0.0212,0.055600000000000004,456774636701154.562500
-0.31274,0.022000000000000002,0.054,456774636701154.562500
-0.31272999999999995,0.022000000000000002,0.056400000000000006,456774636701154.562500
-0.31272,0.0236,0.058,456774636701154.562500
-0.31271,0.0236,0.0476,456774636701154.562500
-0.3127,0.0228,0.056400000000000006,456774636701154.562500
-0.31269,0.022000000000000002,0.056400000000000006,456774636701154.562500
-0.31267999999999996,0.0228,0.058,456774636701154.562500
-0.31267,0.0228,0.055600000000000004,456774636701154.562500
-0.31266,0.0252,0.056400000000000006,456774636701154.562500
-0.31265,0.0236,0.056400000000000006,456774636701154.562500
-0.31264,0.027600000000000003,0.0548,456774636701154.562500
-0.31262999999999996,0.0252,0.055600000000000004,456774636701154.562500
-0.31262,0.026000000000000002,0.058,456774636701154.562500
-0.31260999999999994,0.0252,0.058,456774636701154.562500
-0.3126,0.0236,0.056400000000000006,456774636701154.562500
-0.31259,0.0244,0.0572,456774636701154.562500
-0.31257999999999997,0.0236,0.056400000000000006,456774636701154.562500
-0.31257,0.0228,0.054,456774636701154.562500
-0.31255999999999995,0.0236,0.0548,456774636701154.562500
-0.31255,0.022000000000000002,0.058800000000000005,456774636701154.562500
-0.31254,0.022000000000000002,0.055600000000000004,456774636701154.562500
-0.31253,0.022000000000000002,0.053200000000000004,456774636701154.562500
-0.31252,0.0228,0.058,456774636701154.562500
-0.31250999999999995,0.0228,0.0572,456774636701154.562500
-0.3125,0.022000000000000002,0.0492,456774636701154.562500
-0.31249,0.0212,0.05,456774636701154.562500
-0.31248,0.0228,0.050800000000000005,456774636701154.562500
-0.31247,0.0188,0.054,456774636701154.562500
-0.31245999999999996,0.022000000000000002,0.05,456774636701154.562500
-0.31245,0.0212,0.056400000000000006,456774636701154.562500
-0.31244,0.022000000000000002,0.058800000000000005,456774636701154.562500
-0.31243,0.0228,0.0572,456774636701154.562500
-0.31242,0.0228,0.056400000000000006,456774636701154.562500
-0.31240999999999997,0.022000000000000002,0.055600000000000004,456774636701154.562500
-0.3124,0.0252,0.058,456774636701154.562500
-0.31238999999999995,0.022000000000000002,0.045200000000000004,456774636701154.562500
-0.31238,0.0236,0.05,456774636701154.562500
-0.31237,0.0236,0.058,456774636701154.562500
-0.31235999999999997,0.0228,0.055600000000000004,456774636701154.562500
-0.31235,0.0236,0.0548,456774636701154.562500
-0.31233999999999995,0.0236,0.055600000000000004,456774636701154.562500
-0.31233,0.022000000000000002,0.0436,456774636701154.562500
-0.31232,0.0212,0.056400000000000006,456774636701154.562500
-0.31231,0.0212,0.0548,456774636701154.562500
-0.3123,0.0204,0.058,456774636701154.562500
-0.31228999999999996,0.0148,0.056400000000000006,456774636701154.562500
-0.31228,0.0204,0.058,456774636701154.562500
-0.31227,0.0212,0.058,456774636701154.562500
-0.31226,0.022000000000000002,0.0572,456774636701154.562500
-0.31224999999999997,0.0228,0.0572,456774636701154.562500
-0.31223999999999996,0.0228,0.0548,456774636701154.562500
-0.31223,0.0212,0.058,456774636701154.562500
-0.31222,0.0228,0.055600000000000004,456774636701154.562500
-0.31221,0.022000000000000002,0.058800000000000005,456774636701154.562500
-0.3122,0.022000000000000002,0.058,456774636701154.562500
-0.31218999999999997,0.022000000000000002,0.056400000000000006,456774636701154.562500
-0.31218,0.0212,0.058,456774636701154.562500
-0.31216999999999995,0.022000000000000002,0.0572,456774636701154.562500
-0.31216,0.0236,0.0572,456774636701154.562500
-0.31215,0.0228,0.055600000000000004,456774636701154.562500
-0.31214,0.0228,0.0572,456774636701154.562500
-0.31213,0.022000000000000002,0.058,456774636701154.562500
-0.31211999999999995,0.0212,0.0524,456774636701154.562500
-0.31211,0.011600000000000001,0.0572,456774636701154.562500
-0.3121,0.0236,0.053200000000000004,456774636701154.562500
-0.31209,0.0228,0.058,456774636701154.562500
-0.31208,0.0228,0.053200000000000004,456774636701154.562500
-0.31206999999999996,0.0252,0.055600000000000004,456774636701154.562500
-0.31206,0.0236,0.056400000000000006,456774636701154.562500
-0.31205,0.0244,0.048400000000000006,456774636701154.562500
-0.31204,0.0252,0.058800000000000005,456774636701154.562500
-0.31203,0.0236,0.0516,456774636701154.562500
-0.31201999999999996,0.0236,0.055600000000000004,456774636701154.562500
-0.31201,0.0252,0.0516,456774636701154.562500
-0.31199999999999994,0.018000000000000002,0.0444,456774636701154.562500
-0.31199,0.0228,0.054,456774636701154.562500
-0.31198,0.0228,0.0572,456774636701154.562500
-0.31196999999999997,0.0212,0.0516,456774636701154.562500
-0.31196,0.0164,0.0524,456774636701154.562500
-0.31194999999999995,0.0228,0.037200000000000004,456774636701154.562500
-0.31194,0.0228,0.0492,456774636701154.562500
-0.31193,0.022000000000000002,0.042800000000000005,456774636701154.562500
-0.31192,0.022000000000000002,0.054,456774636701154.562500
-0.31191,0.022000000000000002,0.05,456774636701154.562500
-0.31189999999999996,0.0228,0.056400000000000006,456774636701154.562500
-0.31189,0.0212,0.056400000000000006,456774636701154.562500
-0.31188,0.0228,0.055600000000000004,456774636701154.562500
-0.31187,0.0212,0.0572,456774636701154.562500
-0.31186,0.022000000000000002,0.0524,456774636701154.562500
-0.31184999999999996,0.0188,0.0572,456774636701154.562500
-0.31184,0.0228,0.0516,456774636701154.562500
-0.31183,0.0204,0.055600000000000004,456774636701154.562500
-0.31182,0.0244,0.053200000000000004,456774636701154.562500
-0.31181,0.0228,0.046,456774636701154.562500
-0.31179999999999997,0.0228,0.055600000000000004,456774636701154.562500
-0.31179,0.0228,0.05,456774636701154.562500
-0.31177999999999995,0.0244,0.0548,456774636701154.562500
-0.31177,0.022000000000000002,0.056400000000000006,456774636701154.562500
-0.31176,0.022000000000000002,0.0476,456774636701154.562500
-0.31174999999999997,0.0244,0.055600000000000004,456774636701154.562500
-0.31174,0.0244,0.0516,456774636701154.562500
-0.31172999999999995,0.0252,0.058,456774636701154.562500
-0.31172,0.0236,0.054,456774636701154.562500
-0.31171,0.022000000000000002,0.056400000000000006,456774636701154.562500
-0.3117,0.0236,0.0492,456774636701154.562500
-0.31169,0.0252,0.0468,456774636701154.562500
-0.31167999999999996,0.0204,0.05,456774636701154.562500
-0.31167,0.0228,0.0548,456774636701154.562500
-0.31166,0.0212,0.048400000000000006,456774636701154.562500
-0.31165,0.0236,0.058,456774636701154.562500
-0.31164,0.022000000000000002,0.055600000000000004,456774636701154.562500
-0.31162999999999996,0.0204,0.058,456774636701154.562500
-0.31162,0.0188,0.0572,456774636701154.562500
-0.31161,0.015600000000000001,0.0548,456774636701154.562500
-0.3116,0.018000000000000002,0.058,456774636701154.562500
-0.31159,0.0172,0.055600000000000004,456774636701154.562500
-0.31157999999999997,0.0196,0.0524,456774636701154.562500
-0.31157,0.0212,0.056400000000000006,456774636701154.562500
-0.31155999999999995,0.022000000000000002,0.058,456774636701154.562500
-0.31155,0.0228,0.05,456774636701154.562500
-0.31154,0.022000000000000002,0.054,456774636701154.562500
-0.31153,0.022000000000000002,0.0548,456774636701154.562500
-0.31152,0.0204,0.0548,456774636701154.562500
-0.31150999999999995,0.0188,0.0572,456774636701154.562500
-0.3115,0.0228,0.05,456774636701154.562500
-0.31149,0.022000000000000002,0.0524,456774636701154.562500
-0.31148,0.0236,0.048400000000000006,456774636701154.562500
-0.31147,0.0228,0.0524,456774636701154.562500
-0.31145999999999996,0.0244,0.0492,456774636701154.562500
-0.31145,0.0196,0.053200000000000004,456774636701154.562500
-0.31144,0.0236,0.0524,456774636701154.562500
-0.31143,0.022000000000000002,0.058800000000000005,456774636701154.562500
-0.31142,0.0244,0.056400000000000006,456774636701154.562500
-0.31140999999999996,0.0228,0.053200000000000004,456774636701154.562500
-0.3114,0.0244,0.056400000000000006,456774636701154.562500
-0.31138999999999994,0.0236,0.0516,456774636701154.562500
-0.31138,0.0244,0.058,456774636701154.562500
-0.31137,0.022000000000000002,0.056400000000000006,456774636701154.562500
-0.31135999999999997,0.0236,0.0572,456774636701154.562500
-0.31135,0.022000000000000002,0.0572,456774636701154.562500
-0.31133999999999995,0.0228,0.058,456774636701154.562500
-0.31133,0.0196,0.0572,456774636701154.562500
-0.31132,0.022000000000000002,0.055600000000000004,456774636701154.562500
-0.31131,0.0228,0.055600000000000004,456774636701154.562500
-0.3113,0.0228,0.0436,456774636701154.562500
-0.31128999999999996,0.0204,0.0524,456774636701154.562500
-0.31128,0.0212,0.0476,456774636701154.562500
-0.31127,0.0228,0.0516,456774636701154.562500
-0.31126,0.022000000000000002,0.042800000000000005,456774636701154.562500
-0.31124999999999997,0.0212,0.05,456774636701154.562500
-0.31123999999999996,0.0188,0.046,456774636701154.562500
-0.31123,0.0228,0.054,456774636701154.562500
-0.31122,0.0236,0.055600000000000004,456774636701154.562500
-0.31121,0.0228,0.058800000000000005,456774636701154.562500
-0.3112,0.0236,0.058,456774636701154.562500
-0.31118999999999997,0.0244,0.058800000000000005,456774636701154.562500
-0.31118,0.0236,0.055600000000000004,456774636701154.562500
-0.31116999999999995,0.0244,0.056400000000000006,456774636701154.562500
-0.31116,0.0236,0.0572,456774636701154.562500
-0.31115,0.0236,0.058800000000000005,456774636701154.562500
-0.31113999999999997,0.0236,0.0572,456774636701154.562500
-0.31113,0.0236,0.0572,456774636701154.562500
-0.31111999999999995,0.0228,0.0572,456774636701154.562500
-0.31111,0.0244,0.0548,456774636701154.562500
-0.3111,0.0236,0.055600000000000004,456774636701154.562500
-0.31109,0.0228,0.050800000000000005,456774636701154.562500
-0.31108,0.0228,0.0572,456774636701154.562500
-0.31106999999999996,0.0236,0.050800000000000005,456774636701154.562500
-0.31106,0.0188,0.0548,456774636701154.562500
-0.31105,0.0244,0.0572,456774636701154.562500
-0.31104,0.0212,0.054,456774636701154.562500
-0.31103,0.0212,0.058,456774636701154.562500
-0.31101999999999996,0.0196,0.0548,456774636701154.562500
-0.31101,0.022000000000000002,0.056400000000000006,456774636701154.562500
-0.31099999999999994,0.0212,0.050800000000000005,456774636701154.562500
-0.31099,0.022000000000000002,0.0572,456774636701154.562500
-0.31098,0.0212,0.0548,456774636701154.562500
-0.31096999999999997,0.0204,0.053200000000000004,456774636701154.562500
-0.31096,0.0204,0.0572,456774636701154.562500
-0.31094999999999995,0.022000000000000002,0.056400000000000006,456774636701154.562500
-0.31094,0.0204,0.056400000000000006,456774636701154.562500
-0.31093,0.0228,0.056400000000000006,456774636701154.562500
-0.31092,0.0236,0.0572,456774636701154.562500
-0.31091,0.0236,0.0572,456774636701154.562500
-0.31089999999999995,0.0228,0.056400000000000006,456774636701154.562500
-0.31089,0.022000000000000002,0.055600000000000004,456774636701154.562500
-0.31088,0.015600000000000001,0.0572,456774636701154.562500
-0.31087,0.022000000000000002,0.056400000000000006,456774636701154.562500
-0.31086,0.0188,0.0572,456774636701154.562500
-0.31084999999999996,0.0236,0.058,456774636701154.562500
-0.31084,0.0172,0.0548,456774636701154.562500
-0.31083,0.0252,0.0572,456774636701154.562500
-0.31082,0.0244,0.058,456774636701154.562500
-0.31081,0.0212,0.055600000000000004,456774636701154.562500
-0.31079999999999997,0.0252,0.055600000000000004,456774636701154.562500
-0.31079,0.022000000000000002,0.056400000000000006,456774636701154.562500
-0.31077999999999995,0.0236,0.055600000000000004,456774636701154.562500
-0.31077,0.0172,0.0572,456774636701154.562500
-0.31076,0.0244,0.0548,456774636701154.562500
-0.31074999999999997,0.0244,0.0572,456774636701154.562500
-0.31074,0.0188,0.055600000000000004,456774636701154.562500
-0.31072999999999995,0.0244,0.0548,456774636701154.562500
-0.31072,0.0228,0.056400000000000006,456774636701154.562500
-0.31071,0.022000000000000002,0.055600000000000004,456774636701154.562500
-0.3107,0.0244,0.056400000000000006,456774636701154.562500
-0.31069,0.022000000000000002,0.054,456774636701154.562500
-0.31067999999999996,0.0236,0.058,456774636701154.562500
-0.31067,0.022000000000000002,0.054,456774636701154.562500
-0.31066,0.022000000000000002,0.055600000000000004,456774636701154.562500
-0.31065,0.022000000000000002,0.0444,456774636701154.562500
-0.31063999999999997,0.0228,0.055600000000000004,456774636701154.562500
-0.31062999999999996,0.022000000000000002,0.053200000000000004,456774636701154.562500
-0.31062,0.0228,0.056400000000000006,456774636701154.562500
-0.31061,0.0196,0.0548,456774636701154.562500
-0.3106,0.0236,0.054,456774636701154.562500
-0.31059,0.0228,0.054,456774636701154.562500
-0.31057999999999997,0.022000000000000002,0.054,456774636701154.562500
-0.31057,0.0244,0.054,456774636701154.562500
-0.31055999999999995,0.0236,0.0572,456774636701154.562500
-0.31055,0.0204,0.0524,456774636701154.562500
-0.31054,0.0236,0.055600000000000004,456774636701154.562500
-0.31053,0.0228,0.050800000000000005,456774636701154.562500
-0.31052,0.0228,0.050800000000000005,456774636701154.562500
-0.31050999999999995,0.0244,0.0444,456774636701154.562500
-0.3105,0.022000000000000002,0.0524,456774636701154.562500
-0.31049,0.0252,0.0492,456774636701154.562500
-0.31048,0.0204,0.0524,456774636701154.562500
-0.31047,0.026000000000000002,0.0516,456774636701154.562500
-0.31045999999999996,0.0236,0.0548,456774636701154.562500
-0.31045,0.0236,0.0468,456774636701154.562500
-0.31044,0.022000000000000002,0.056400000000000006,456774636701154.562500
-0.31043,0.0244,0.0548,456774636701154.562500
-0.31042,0.0244,0.0548,456774636701154.562500
-0.31040999999999996,0.0228,0.0516,456774636701154.562500
-0.3104,0.0228,0.058800000000000005,456774636701154.562500
-0.31038999999999994,0.022000000000000002,0.0572,456774636701154.562500
-0.31038,0.0212,0.056400000000000006,456774636701154.562500
-0.31037,0.0212,0.056400000000000006,456774636701154.562500
-0.31035999999999997,0.022000000000000002,0.0524,456774636701154.562500
-0.31035,0.022000000000000002,0.05,456774636701154.562500
-0.31033999999999995,0.0204,0.0468,456774636701154.562500
-0.31033,0.0228,0.056400000000000006,456774636701154.562500
-0.31032,0.0236,0.056400000000000006,456774636701154.562500
-0.31031,0.022000000000000002,0.053200000000000004,456774636701154.562500
-0.3103,0.0236,0.0572,456774636701154.562500
-0.31028999999999995,0.0244,0.055600000000000004,456774636701154.562500
-0.31028,0.022000000000000002,0.056400000000000006,456774636701154.562500
-0.31027,0.0228,0.055600000000000004,456774636701154.562500
-0.31026,0.022000000000000002,0.055600000000000004,456774636701154.562500
-0.31025,0.0236,0.054,456774636701154.562500
-0.31023999999999996,0.0244,0.055600000000000004,456774636701154.562500
-0.31023,0.0236,0.054,456774636701154.562500
-0.31022,0.0236,0.056400000000000006,456774636701154.562500
-0.31021,0.0228,0.048400000000000006,456774636701154.562500
-0.3102,0.0228,0.055600000000000004,456774636701154.562500
-0.31018999999999997,0.0252,0.058,456774636701154.562500
-0.31018,0.0236,0.055600000000000004,456774636701154.562500
-0.31016999999999995,0.0244,0.054,456774636701154.562500
-0.31016,0.0244,0.0492,456774636701154.562500
-0.31015,0.0244,0.056400000000000006,456774636701154.562500
-0.31013999999999997,0.0228,0.058,456774636701154.562500
-0.31013,0.0228,0.058,456774636701154.562500
-0.31011999999999995,0.0228,0.056400000000000006,456774636701154.562500
-0.31011,0.0228,0.0572,456774636701154.562500
-0.3101,0.0196,0.05,456774636701154.562500
-0.31009,0.0204,0.0548,456774636701154.562500
-0.31008,0.0204,0.055600000000000004,456774636701154.562500
-0.31006999999999996,0.022000000000000002,0.0548,456774636701154.562500
-0.31006,0.022000000000000002,0.038,456774636701154.562500
-0.31005,0.0204,0.05,456774636701154.562500
-0.31004,0.0228,0.054,456774636701154.562500
-0.31003,0.0204,0.0572,456774636701154.562500
-0.31001999999999996,0.0228,0.055600000000000004,456774636701154.562500
-0.31001,0.022000000000000002,0.056400000000000006,456774636701154.562500
-0.31,0.0212,0.055600000000000004,456774636701154.562500
-0.30999,0.0212,0.0572,456774636701154.562500
-0.30998,0.0236,0.056400000000000006,456774636701154.562500
-0.30996999999999997,0.022000000000000002,0.058,456774636701154.562500
-0.30996,0.0228,0.0572,456774636701154.562500
-0.30994999999999995,0.0236,0.0572,456774636701154.562500
-0.30994,0.0212,0.058800000000000005,456774636701154.562500
-0.30993,0.022000000000000002,0.050800000000000005,456774636701154.562500
-0.30992,0.0228,0.055600000000000004,456774636701154.562500
-0.30991,0.0236,0.056400000000000006,456774636701154.562500
-0.30989999999999995,0.0244,0.0572,456774636701154.562500
-0.30989,0.0236,0.053200000000000004,456774636701154.562500
-0.30988,0.0212,0.058,456774636701154.562500
-0.30987,0.0244,0.0572,456774636701154.562500
-0.30986,0.022000000000000002,0.0572,456774636701154.562500
-0.30984999999999996,0.022000000000000002,0.0572,456774636701154.562500
-0.30984,0.0228,0.0572,456774636701154.562500
-0.30983,0.0236,0.054,456774636701154.562500
-0.30982,0.0244,0.058,456774636701154.562500
-0.30981,0.0236,0.0516,456774636701154.562500
-0.30979999999999996,0.022000000000000002,0.056400000000000006,456774636701154.562500
-0.30979,0.0228,0.056400000000000006,456774636701154.562500
-0.30977999999999994,0.0204,0.055600000000000004,456774636701154.562500
-0.30977,0.022000000000000002,0.0572,456774636701154.562500
-0.30976,0.022000000000000002,0.05,456774636701154.562500
-0.30974999999999997,0.022000000000000002,0.0572,456774636701154.562500
-0.30974,0.0228,0.0548,456774636701154.562500
-0.30972999999999995,0.0228,0.0572,456774636701154.562500
-0.30972,0.0228,0.056400000000000006,456774636701154.562500
-0.30971,0.0212,0.0524,456774636701154.562500
-0.3097,0.0236,0.056400000000000006,456774636701154.562500
-0.30969,0.022000000000000002,0.0572,456774636701154.562500
-0.30967999999999996,0.022000000000000002,0.0572,456774636701154.562500
-0.30967,0.0228,0.0572,456774636701154.562500
-0.30966,0.022000000000000002,0.056400000000000006,456774636701154.562500
-0.30965,0.0228,0.055600000000000004,456774636701154.562500
-0.30963999999999997,0.0228,0.058,456774636701154.562500
-0.30962999999999996,0.0244,0.055600000000000004,456774636701154.562500
-0.30962,0.0228,0.053200000000000004,456774636701154.562500
-0.30961,0.0244,0.0572,456774636701154.562500
-0.3096,0.0204,0.055600000000000004,456774636701154.562500
-0.30959,0.0244,0.0548,456774636701154.562500
-0.30957999999999997,0.0236,0.056400000000000006,456774636701154.562500
-0.30957,0.0236,0.055600000000000004,456774636701154.562500
-0.30955999999999995,0.0228,0.058,456774636701154.562500
-0.30955,0.0236,0.055600000000000004,456774636701154.562500
-0.30954,0.022000000000000002,0.054,456774636701154.562500
-0.30952999999999997,0.0236,0.056400000000000006,456774636701154.562500
-0.30952,0.0228,0.0572,456774636701154.562500
-0.30950999999999995,0.0236,0.0572,456774636701154.562500
-0.3095,0.0228,0.054,456774636701154.562500
-0.30949,0.0204,0.056400000000000006,456774636701154.562500
-0.30948,0.0236,0.054,456774636701154.562500
-0.30947,0.022000000000000002,0.055600000000000004,456774636701154.562500
-0.30945999999999996,0.022000000000000002,0.054,456774636701154.562500
-0.30945,0.022000000000000002,0.0572,456774636701154.562500
-0.30944,0.022000000000000002,0.058,456774636701154.562500
-0.30943,0.0212,0.056400000000000006,456774636701154.562500
-0.30942,0.022000000000000002,0.0572,456774636701154.562500
-0.30940999999999996,0.0212,0.056400000000000006,456774636701154.562500
-0.3094,0.022000000000000002,0.055600000000000004,456774636701154.562500
-0.30938999999999994,0.0228,0.054,456774636701154.562500
-0.30938,0.0228,0.0468,456774636701154.562500
-0.30937,0.0236,0.0548,456774636701154.562500
-0.30935999999999997,0.0236,0.053200000000000004,456774636701154.562500
-0.30935,0.0228,0.0524,456774636701154.562500
-0.30933999999999995,0.0164,0.0524,456774636701154.562500
-0.30933,0.0204,0.0524,456774636701154.562500
-0.30932,0.018000000000000002,0.0492,456774636701154.562500
-0.30931,0.0164,0.055600000000000004,456774636701154.562500
-0.3093,0.0204,0.056400000000000006,456774636701154.562500
-0.30928999999999995,0.0164,0.056400000000000006,456774636701154.562500
-0.30928,0.0236,0.05,456774636701154.562500
-0.30927,0.0252,0.0572,456774636701154.562500
-0.30926,0.0244,0.056400000000000006,456774636701154.562500
-0.30925,0.0236,0.055600000000000004,456774636701154.562500
-0.30923999999999996,0.0244,0.0468,456774636701154.562500
-0.30923,0.0212,0.0548,456774636701154.562500
-0.30922,0.0244,0.054,456774636701154.562500
-0.30921,0.022000000000000002,0.055600000000000004,456774636701154.562500
-0.3092,0.0244,0.058,456774636701154.562500
-0.30918999999999996,0.0236,0.0436,456774636701154.562500
-0.30918,0.0228,0.054,456774636701154.562500
-0.30916999999999994,0.0212,0.0524,456774636701154.562500
-0.30916,0.0204,0.054,456774636701154.562500
-0.30915,0.0212,0.0548,456774636701154.562500
-0.30913999999999997,0.022000000000000002,0.055600000000000004,456774636701154.562500
-0.30913,0.0236,0.053200000000000004,456774636701154.562500
-0.30911999999999995,0.0212,0.056400000000000006,456774636701154.562500
-0.30911,0.022000000000000002,0.0516,456774636701154.562500
-0.3091,0.0236,0.056400000000000006,456774636701154.562500
-0.30909,0.0228,0.054,456774636701154.562500
-0.30908,0.022000000000000002,0.050800000000000005,456774636701154.562500
-0.30906999999999996,0.0196,0.054,456774636701154.562500
-0.30906,0.0204,0.045200000000000004,456774636701154.562500
-0.30905,0.022000000000000002,0.0492,456774636701154.562500
-0.30904,0.0228,0.042800000000000005,456774636701154.562500
-0.30902999999999997,0.022000000000000002,0.0516,456774636701154.562500
-0.30901999999999996,0.0236,0.055600000000000004,456774636701154.562500
-0.30901,0.022000000000000002,0.0516,456774636701154.562500
-0.309,0.022000000000000002,0.050800000000000005,456774636701154.562500
-0.30899,0.0236,0.056400000000000006,456774636701154.562500
-0.30898,0.0244,0.0524,456774636701154.562500
-0.30896999999999997,0.0244,0.053200000000000004,456774636701154.562500
-0.30896,0.0236,0.055600000000000004,456774636701154.562500
-0.30894999999999995,0.0196,0.054,456774636701154.562500
-0.30894,0.0196,0.0516,456774636701154.562500
-0.30893,0.018000000000000002,0.056400000000000006,456774636701154.562500
-0.30892,0.022000000000000002,0.0548,456774636701154.562500
-0.30891,0.0236,0.0572,456774636701154.562500
-0.30889999999999995,0.0236,0.0524,456774636701154.562500
-0.30889,0.0244,0.05,456774636701154.562500
-0.30888,0.0228,0.040400000000000005,456774636701154.562500
-0.30887,0.0228,0.054,456774636701154.562500
-0.30886,0.022000000000000002,0.0436,456774636701154.562500
-0.30884999999999996,0.018000000000000002,0.0524,456774636701154.562500
-0.30884,0.0212,0.056400000000000006,456774636701154.562500
-0.30883,0.0228,0.058,456774636701154.562500
-0.30882,0.0204,0.0572,456774636701154.562500
-0.30881,0.022000000000000002,0.053200000000000004,456774636701154.562500
-0.30879999999999996,0.0212,0.0572,456774636701154.562500
-0.30879,0.0228,0.056400000000000006,456774636701154.562500
-0.30877999999999994,0.0236,0.056400000000000006,456774636701154.562500
-0.30877,0.0196,0.056400000000000006,456774636701154.562500
-0.30876,0.022000000000000002,0.0548,456774636701154.562500
-0.30874999999999997,0.0236,0.055600000000000004,456774636701154.562500
-0.30874,0.022000000000000002,0.045200000000000004,456774636701154.562500
-0.30872999999999995,0.0212,0.056400000000000006,456774636701154.562500
-0.30872,0.022000000000000002,0.055600000000000004,456774636701154.562500
-0.30871,0.0204,0.0572,456774636701154.562500
-0.3087,0.0228,0.054,456774636701154.562500
-0.30869,0.0228,0.0572,456774636701154.562500
-0.30867999999999995,0.0228,0.0572,456774636701154.562500
-0.30867,0.0204,0.0548,456774636701154.562500
-0.30866,0.0212,0.054,456774636701154.562500
-0.30865,0.0148,0.05,456774636701154.562500
-0.30864,0.0196,0.0476,456774636701154.562500
-0.30862999999999996,0.0172,0.0516,456774636701154.562500
-0.30862,0.018000000000000002,0.055600000000000004,456774636701154.562500
-0.30861,0.0172,0.058,456774636701154.562500
-0.3086,0.022000000000000002,0.0516,456774636701154.562500
-0.30859,0.0204,0.058,456774636701154.562500
-0.30857999999999997,0.0228,0.0572,456774636701154.562500
-0.30857,0.0196,0.0548,456774636701154.562500
-0.30855999999999995,0.0228,0.048400000000000006,456774636701154.562500
-0.30855,0.022000000000000002,0.0548,456774636701154.562500
-0.30854,0.0212,0.053200000000000004,456774636701154.562500
-0.30852999999999997,0.0228,0.055600000000000004,456774636701154.562500
-0.30852,0.0228,0.05,456774636701154.562500
-0.30850999999999995,0.0228,0.053200000000000004,456774636701154.562500
-0.3085,0.0236,0.058,456774636701154.562500
-0.30849,0.022000000000000002,0.055600000000000004,456774636701154.562500
-0.30848,0.022000000000000002,0.055600000000000004,456774636701154.562500
-0.30847,0.022000000000000002,0.056400000000000006,456774636701154.562500
-0.30845999999999996,0.0196,0.056400000000000006,456774636701154.562500
-0.30845,0.0236,0.058800000000000005,456774636701154.562500
-0.30844,0.022000000000000002,0.058,456774636701154.562500
-0.30843,0.0236,0.056400000000000006,456774636701154.562500
-0.30841999999999997,0.0244,0.0572,456774636701154.562500
-0.30840999999999996,0.0252,0.050800000000000005,456774636701154.562500
-0.3084,0.022000000000000002,0.055600000000000004,456774636701154.562500
-0.30839,0.0228,0.0548,456774636701154.562500
-0.30838,0.0252,0.056400000000000006,456774636701154.562500
-0.30837,0.0236,0.0524,456774636701154.562500
-0.30835999999999997,0.0228,0.056400000000000006,456774636701154.562500
-0.30835,0.0252,0.050800000000000005,456774636701154.562500
-0.30833999999999995,0.0236,0.054,456774636701154.562500
-0.30833,0.0228,0.0548,456774636701154.562500
-0.30832,0.0252,0.058,456774636701154.562500
-0.30831,0.0228,0.0492,456774636701154.562500
-0.3083,0.022000000000000002,0.0572,456774636701154.562500
-0.30828999999999995,0.0228,0.058,456774636701154.562500
-0.30828,0.0236,0.055600000000000004,456774636701154.562500
-0.30827,0.0212,0.056400000000000006,456774636701154.562500
-0.30826,0.0228,0.055600000000000004,456774636701154.562500
-0.30825,0.0212,0.056400000000000006,456774636701154.562500
-0.30823999999999996,0.0228,0.058,456774636701154.562500
-0.30823,0.022000000000000002,0.056400000000000006,456774636701154.562500
-0.30822,0.022000000000000002,0.056400000000000006,456774636701154.562500
-0.30821,0.0236,0.056400000000000006,456774636701154.562500
-0.3082,0.0212,0.055600000000000004,456774636701154.562500
-0.30818999999999996,0.022000000000000002,0.0524,456774636701154.562500
-0.30818,0.0228,0.058,456774636701154.562500
-0.30816999999999994,0.0228,0.0524,456774636701154.562500
-0.30816,0.022000000000000002,0.055600000000000004,456774636701154.562500
-0.30815,0.0196,0.055600000000000004,456774636701154.562500
-0.30813999999999997,0.0228,0.055600000000000004,456774636701154.562500
-0.30813,0.0228,0.0596,456774636701154.562500
-0.30811999999999995,0.0236,0.056400000000000006,456774636701154.562500
-0.30811,0.022000000000000002,0.058,456774636701154.562500
-0.3081,0.026000000000000002,0.054,456774636701154.562500
-0.30809,0.026000000000000002,0.058,456774636701154.562500
-0.30808,0.022000000000000002,0.050800000000000005,456774636701154.562500
-0.30806999999999995,0.0236,0.0572,456774636701154.562500
-0.30806,0.0244,0.056400000000000006,456774636701154.562500
-0.30805,0.0236,0.0548,456774636701154.562500
-0.30804,0.022000000000000002,0.0572,456774636701154.562500
-0.30802999999999997,0.0236,0.053200000000000004,456774636701154.562500
-0.30801999999999996,0.0236,0.054,456774636701154.562500
-0.30801,0.026000000000000002,0.053200000000000004,456774636701154.562500
-0.308,0.0236,0.0548,456774636701154.562500
-0.30799,0.0196,0.0548,456774636701154.562500
-0.30798,0.022000000000000002,0.0572,456774636701154.562500
-0.30796999999999997,0.0236,0.055600000000000004,456774636701154.562500
-0.30796,0.0188,0.054,456774636701154.562500
-0.30794999999999995,0.022000000000000002,0.05,456774636701154.562500
-0.30794,0.022000000000000002,0.053200000000000004,456774636701154.562500
-0.30793,0.0236,0.054,456774636701154.562500
-0.30791999999999997,0.0228,0.058,456774636701154.562500
-0.30791,0.022000000000000002,0.055600000000000004,456774636701154.562500
-0.30789999999999995,0.0228,0.054,456774636701154.562500
-0.30789,0.022000000000000002,0.058800000000000005,456774636701154.562500
-0.30788,0.022000000000000002,0.0548,456774636701154.562500
-0.30787,0.0204,0.0572,456774636701154.562500
-0.30786,0.022000000000000002,0.0524,456774636701154.562500
-0.30784999999999996,0.0236,0.0548,456774636701154.562500
-0.30784,0.022000000000000002,0.056400000000000006,456774636701154.562500
-0.30783,0.0236,0.055600000000000004,456774636701154.562500
-0.30782,0.0252,0.056400000000000006,456774636701154.562500
-0.30781,0.0236,0.054,456774636701154.562500
-0.30779999999999996,0.0244,0.045200000000000004,456774636701154.562500
-0.30779,0.0244,0.055600000000000004,456774636701154.562500
-0.30778,0.0244,0.0524,456774636701154.562500
-0.30777,0.026000000000000002,0.058,456774636701154.562500
-0.30776,0.0236,0.055600000000000004,456774636701154.562500
-0.30774999999999997,0.0244,0.056400000000000006,456774636701154.562500
-0.30774,0.0212,0.058,456774636701154.562500
-0.30772999999999995,0.0236,0.048400000000000006,456774636701154.562500
-0.30772,0.0228,0.0572,456774636701154.562500
-0.30771,0.0228,0.0436,456774636701154.562500
-0.3077,0.0244,0.055600000000000004,456774636701154.562500
-0.30769,0.0204,0.05,456774636701154.562500
-0.30767999999999995,0.0212,0.055600000000000004,456774636701154.562500
-0.30767,0.0228,0.048400000000000006,456774636701154.562500
-0.30766,0.0212,0.055600000000000004,456774636701154.562500
-0.30765,0.0204,0.0548,456774636701154.562500
-0.30764,0.0204,0.0548,456774636701154.562500
-0.30762999999999996,0.0236,0.056400000000000006,456774636701154.562500
-0.30762,0.0212,0.05,456774636701154.562500
-0.30761,0.0212,0.0572,456774636701154.562500
-0.3076,0.022000000000000002,0.0524,456774636701154.562500
-0.30759,0.022000000000000002,0.0548,456774636701154.562500
-0.30757999999999996,0.0236,0.058,456774636701154.562500
-0.30757,0.022000000000000002,0.055600000000000004,456774636701154.562500
-0.30755999999999994,0.022000000000000002,0.058,456774636701154.562500
-0.30755,0.0236,0.055600000000000004,456774636701154.562500
-0.30754,0.0252,0.050800000000000005,456774636701154.562500
-0.30752999999999997,0.0228,0.0572,456774636701154.562500
-0.30752,0.0228,0.056400000000000006,456774636701154.562500
-0.30750999999999995,0.0236,0.0548,456774636701154.562500
-0.3075,0.0228,0.058,456774636701154.562500
-0.30749,0.0244,0.0524,456774636701154.562500
-0.30748,0.0236,0.0572,456774636701154.562500
-0.30747,0.0244,0.0572,456774636701154.562500
-0.30745999999999996,0.0244,0.054,456774636701154.562500
-0.30745,0.0236,0.054,456774636701154.562500
-0.30744,0.022000000000000002,0.0548,456774636701154.562500
-0.30743,0.0228,0.058,456774636701154.562500
-0.30741999999999997,0.0236,0.0572,456774636701154.562500
-0.30740999999999996,0.0236,0.0572,456774636701154.562500
-0.3074,0.0236,0.0548,456774636701154.562500
-0.30739,0.022000000000000002,0.0548,456774636701154.562500
-0.30738,0.022000000000000002,0.054,456774636701154.562500
-0.30737,0.0236,0.0548,456774636701154.562500
-0.30735999999999997,0.0172,0.046,456774636701154.562500
-0.30735,0.0212,0.045200000000000004,456774636701154.562500
-0.30733999999999995,0.0236,0.0492,456774636701154.562500
-0.30733,0.0204,0.0492,456774636701154.562500
-0.30732,0.022000000000000002,0.055600000000000004,456774636701154.562500
-0.30730999999999997,0.0228,0.0572,456774636701154.562500
-0.3073,0.0212,0.055600000000000004,456774636701154.562500
-0.30728999999999995,0.0204,0.056400000000000006,456774636701154.562500
-0.30728,0.022000000000000002,0.053200000000000004,456774636701154.562500
-0.30727,0.0212,0.056400000000000006,456774636701154.562500
-0.30726,0.0228,0.055600000000000004,456774636701154.562500
-0.30725,0.022000000000000002,0.056400000000000006,456774636701154.562500
-0.30723999999999996,0.0196,0.0516,456774636701154.562500
-0.30723,0.0188,0.0468,456774636701154.562500
-0.30722,0.0164,0.042,456774636701154.562500
-0.30721,0.0188,0.0356,456774636701154.562500
-0.3072,0.0204,0.050800000000000005,456774636701154.562500
-0.30718999999999996,0.0244,0.055600000000000004,456774636701154.562500
-0.30718,0.0244,0.056400000000000006,456774636701154.562500
-0.30716999999999994,0.0236,0.055600000000000004,456774636701154.562500
-0.30716,0.0204,0.0572,456774636701154.562500
-0.30715,0.014,0.054,456774636701154.562500
-0.30713999999999997,0.0252,0.0572,456774636701154.562500
-0.30713,0.0204,0.0572,456774636701154.562500
-0.30711999999999995,0.0236,0.055600000000000004,456774636701154.562500
-0.30711,0.0252,0.056400000000000006,456774636701154.562500
-0.3071,0.0236,0.054,456774636701154.562500
-0.30709,0.022000000000000002,0.0516,456774636701154.562500
-0.30708,0.0228,0.055600000000000004,456774636701154.562500
-0.30706999999999995,0.0228,0.056400000000000006,456774636701154.562500
-0.30706,0.0228,0.055600000000000004,456774636701154.562500
-0.30705,0.0236,0.056400000000000006,456774636701154.562500
-0.30704,0.0236,0.05,456774636701154.562500
-0.30703,0.022000000000000002,0.0572,456774636701154.562500
-0.30701999999999996,0.0228,0.0476,456774636701154.562500
-0.30701,0.022000000000000002,0.054,456774636701154.562500
-0.307,0.0228,0.0548,456774636701154.562500
-0.30699,0.0228,0.0548,456774636701154.562500
-0.30698,0.0236,0.055600000000000004,456774636701154.562500
-0.30696999999999997,0.0212,0.056400000000000006,456774636701154.562500
-0.30696,0.0212,0.0572,456774636701154.562500
-0.30694999999999995,0.0228,0.054,456774636701154.562500
-0.30694,0.0212,0.058,456774636701154.562500
-0.30693,0.0228,0.0572,456774636701154.562500
-0.30691999999999997,0.0236,0.056400000000000006,456774636701154.562500
-0.30691,0.0212,0.0572,456774636701154.562500
-0.30689999999999995,0.0228,0.055600000000000004,456774636701154.562500
-0.30689,0.0196,0.056400000000000006,456774636701154.562500
-0.30688,0.0244,0.05,456774636701154.562500
-0.30687,0.022000000000000002,0.0572,456774636701154.562500
-0.30686,0.0252,0.046,456774636701154.562500
-0.30684999999999996,0.0212,0.0524,456774636701154.562500
-0.30684,0.0244,0.0548,456774636701154.562500
-0.30683,0.0212,0.058,456774636701154.562500
-0.30682,0.0244,0.0524,456774636701154.562500
-0.30680999999999997,0.0188,0.0572,456774636701154.562500
-0.30679999999999996,0.0236,0.0572,456774636701154.562500
-0.30679,0.0188,0.055600000000000004,456774636701154.562500
-0.30678,0.0228,0.058,456774636701154.562500
-0.30677,0.0204,0.053200000000000004,456774636701154.562500
-0.30676,0.0236,0.058,456774636701154.562500
-0.30674999999999997,0.0228,0.056400000000000006,456774636701154.562500
-0.30674,0.0204,0.056400000000000006,456774636701154.562500
-0.30672999999999995,0.0212,0.0524,456774636701154.562500
-0.30672,0.0212,0.0572,456774636701154.562500
-0.30671,0.022000000000000002,0.055600000000000004,456774636701154.562500
-0.3067,0.0228,0.056400000000000006,456774636701154.562500
-0.30669,0.0212,0.056400000000000006,456774636701154.562500
-0.30667999999999995,0.022000000000000002,0.058,456774636701154.562500
-0.30667,0.0212,0.0524,456774636701154.562500
-0.30666,0.0212,0.058,456774636701154.562500
-0.30665,0.0228,0.056400000000000006,456774636701154.562500
-0.30664,0.022000000000000002,0.056400000000000006,456774636701154.562500
-0.30662999999999996,0.0188,0.0548,456774636701154.562500
-0.30662,0.0228,0.056400000000000006,456774636701154.562500
-0.30661,0.0196,0.058,456774636701154.562500
-0.3066,0.0236,0.056400000000000006,456774636701154.562500
-0.30659,0.0244,0.0572,456774636701154.562500
-0.30657999999999996,0.0244,0.058,456774636701154.562500
-0.30657,0.022000000000000002,0.0548,456774636701154.562500
-0.30655999999999994,0.022000000000000002,0.0572,456774636701154.562500
-0.30655,0.022000000000000002,0.054,456774636701154.562500
-0.30654,0.0212,0.055600000000000004,456774636701154.562500
-0.30652999999999997,0.0236,0.056400000000000006,456774636701154.562500
-0.30652,0.0236,0.056400000000000006,456774636701154.562500
-0.30650999999999995,0.0164,0.056400000000000006,456774636701154.562500
-0.3065,0.0252,0.0548,456774636701154.562500
-0.30649,0.022000000000000002,0.054,456774636701154.562500
-0.30648,0.022000000000000002,0.042800000000000005,456774636701154.562500
-0.30647,0.0228,0.058,456774636701154.562500
-0.30645999999999995,0.0204,0.0516,456774636701154.562500
-0.30645,0.022000000000000002,0.056400000000000006,456774636701154.562500
-0.30644,0.0196,0.058800000000000005,456774636701154.562500
-0.30643,0.0228,0.058,456774636701154.562500
-0.30642,0.0212,0.0572,456774636701154.562500
-0.30640999999999996,0.0228,0.055600000000000004,456774636701154.562500
-0.3064,0.0196,0.053200000000000004,456774636701154.562500
-0.30639,0.018000000000000002,0.055600000000000004,456774636701154.562500
-0.30638,0.022000000000000002,0.055600000000000004,456774636701154.562500
-0.30637,0.0204,0.0548,456774636701154.562500
-0.30635999999999997,0.022000000000000002,0.055600000000000004,456774636701154.562500
-0.30635,0.0196,0.056400000000000006,456774636701154.562500
-0.30633999999999995,0.0204,0.0572,456774636701154.562500
-0.30633,0.022000000000000002,0.0516,456774636701154.562500
-0.30632,0.0212,0.058,456774636701154.562500
-0.30630999999999997,0.0204,0.0516,456774636701154.562500
-0.3063,0.022000000000000002,0.0516,456774636701154.562500
-0.30628999999999995,0.022000000000000002,0.0524,456774636701154.562500
-0.30628,0.0252,0.056400000000000006,456774636701154.562500
-0.30627,0.0236,0.0548,456774636701154.562500
-0.30626,0.0244,0.0572,456774636701154.562500
-0.30625,0.0252,0.0548,456774636701154.562500
-0.30623999999999996,0.0244,0.0572,456774636701154.562500
-0.30623,0.0244,0.054,456774636701154.562500
-0.30622,0.0244,0.0572,456774636701154.562500
-0.30621,0.0244,0.055600000000000004,456774636701154.562500
-0.30619999999999997,0.0236,0.0572,456774636701154.562500
-0.30618999999999996,0.022000000000000002,0.056400000000000006,456774636701154.562500
-0.30618,0.0236,0.056400000000000006,456774636701154.562500
-0.30617,0.0188,0.0572,456774636701154.562500
-0.30616,0.022000000000000002,0.054,456774636701154.562500
-0.30615,0.0212,0.0572,456774636701154.562500
-0.30613999999999997,0.0228,0.054,456774636701154.562500
-0.30613,0.0196,0.055600000000000004,456774636701154.562500
-0.30611999999999995,0.022000000000000002,0.050800000000000005,456774636701154.562500
-0.30611,0.0212,0.056400000000000006,456774636701154.562500
-0.3061,0.0212,0.054,456774636701154.562500
-0.30609,0.022000000000000002,0.050800000000000005,456774636701154.562500
-0.30608,0.0204,0.055600000000000004,456774636701154.562500
-0.30606999999999995,0.0228,0.0476,456774636701154.562500
-0.30606,0.0204,0.055600000000000004,456774636701154.562500
-0.30605,0.0212,0.056400000000000006,456774636701154.562500
-0.30604,0.0228,0.050800000000000005,456774636701154.562500
-0.30603,0.0228,0.0524,456774636701154.562500
-0.30601999999999996,0.0228,0.054,456774636701154.562500
-0.30601,0.022000000000000002,0.0524,456774636701154.562500
-0.306,0.0236,0.055600000000000004,456774636701154.562500
-0.30599,0.0228,0.054,456774636701154.562500
-0.30598,0.0236,0.055600000000000004,456774636701154.562500
-0.30596999999999996,0.0236,0.0548,456774636701154.562500
-0.30596,0.0204,0.0572,456774636701154.562500
-0.30594999999999994,0.0236,0.0548,456774636701154.562500
-0.30594,0.022000000000000002,0.058,456774636701154.562500
-0.30593,0.0244,0.054,456774636701154.562500
-0.30591999999999997,0.0196,0.0572,456774636701154.562500
-0.30591,0.0252,0.055600000000000004,456774636701154.562500
-0.30589999999999995,0.022000000000000002,0.056400000000000006,456774636701154.562500
-0.30589,0.022000000000000002,0.0572,456774636701154.562500
-0.30588,0.0212,0.0524,456774636701154.562500
-0.30587,0.0244,0.0572,456774636701154.562500
-0.30586,0.0236,0.0476,456774636701154.562500
-0.30584999999999996,0.022000000000000002,0.055600000000000004,456774636701154.562500
-0.30584,0.0244,0.053200000000000004,456774636701154.562500
-0.30583,0.0236,0.0572,456774636701154.562500
-0.30582,0.0212,0.0524,456774636701154.562500
-0.30580999999999997,0.0212,0.056400000000000006,456774636701154.562500
-0.30579999999999996,0.0196,0.055600000000000004,456774636701154.562500
-0.30579,0.0212,0.056400000000000006,456774636701154.562500
-0.30578,0.022000000000000002,0.056400000000000006,456774636701154.562500
-0.30577,0.022000000000000002,0.0572,456774636701154.562500
-0.30576,0.0196,0.0572,456774636701154.562500
-0.30574999999999997,0.0164,0.058,456774636701154.562500
-0.30574,0.014,0.0548,456774636701154.562500
-0.30572999999999995,0.0228,0.055600000000000004,456774636701154.562500
-0.30572,0.022000000000000002,0.058,456774636701154.562500
-0.30571,0.0196,0.056400000000000006,456774636701154.562500
-0.30569999999999997,0.0204,0.056400000000000006,456774636701154.562500
-0.30569,0.0244,0.056400000000000006,456774636701154.562500
-0.30567999999999995,0.0228,0.05,456774636701154.562500
-0.30567,0.0228,0.056400000000000006,456774636701154.562500
-0.30566,0.0228,0.042800000000000005,456774636701154.562500
-0.30565,0.026000000000000002,0.055600000000000004,456774636701154.562500
-0.30564,0.0244,0.053200000000000004,456774636701154.562500
-0.30562999999999996,0.0252,0.056400000000000006,456774636701154.562500
-0.30562,0.0236,0.058,456774636701154.562500
-0.30561,0.0236,0.054,456774636701154.562500
-0.3056,0.0244,0.056400000000000006,456774636701154.562500
-0.30559,0.0244,0.056400000000000006,456774636701154.562500
-0.30557999999999996,0.0228,0.0572,456774636701154.562500
-0.30557,0.022000000000000002,0.055600000000000004,456774636701154.562500
-0.30555999999999994,0.0236,0.0572,456774636701154.562500
-0.30555,0.0228,0.0548,456774636701154.562500
-0.30554,0.022000000000000002,0.055600000000000004,456774636701154.562500
-0.30552999999999997,0.022000000000000002,0.054,456774636701154.562500
-0.30552,0.018000000000000002,0.058,456774636701154.562500
-0.30550999999999995,0.0236,0.0524,456774636701154.562500
-0.3055,0.0212,0.056400000000000006,456774636701154.562500
-0.30549,0.022000000000000002,0.058,456774636701154.562500
-0.30548,0.022000000000000002,0.053200000000000004,456774636701154.562500
-0.30547,0.022000000000000002,0.048400000000000006,456774636701154.562500
-0.30545999999999995,0.0236,0.054,456774636701154.562500
-0.30545,0.0212,0.042800000000000005,456774636701154.562500
-0.30544,0.0196,0.0444,456774636701154.562500
-0.30543,0.0244,0.042,456774636701154.562500
-0.30542,0.022000000000000002,0.054,456774636701154.562500
-0.30540999999999996,0.0212,0.0572,456774636701154.562500
-0.3054,0.022000000000000002,0.0548,456774636701154.562500
-0.30539,0.0204,0.0572,456774636701154.562500
-0.30538,0.022000000000000002,0.055600000000000004,456774636701154.562500
-0.30537,0.0244,0.0572,456774636701154.562500
-0.30535999999999996,0.022000000000000002,0.056400000000000006,456774636701154.562500
-0.30535,0.0244,0.0548,456774636701154.562500
-0.30533999999999994,0.0236,0.056400000000000006,456774636701154.562500
-0.30533,0.0244,0.056400000000000006,456774636701154.562500
-0.30532,0.0244,0.056400000000000006,456774636701154.562500
-0.30530999999999997,0.0252,0.0548,456774636701154.562500
-0.3053,0.0236,0.0572,456774636701154.562500
-0.30528999999999995,0.0212,0.0572,456774636701154.562500
-0.30528,0.0228,0.055600000000000004,456774636701154.562500
-0.30527,0.0244,0.058,456774636701154.562500
-0.30526,0.0244,0.054,456774636701154.562500
-0.30525,0.0228,0.056400000000000006,456774636701154.562500
-0.30523999999999996,0.0244,0.05,456774636701154.562500
-0.30523,0.0204,0.0572,456774636701154.562500
-0.30522,0.0212,0.056400000000000006,456774636701154.562500
-0.30521,0.0196,0.055600000000000004,456774636701154.562500
-0.30519999999999997,0.022000000000000002,0.058,456774636701154.562500
-0.30518999999999996,0.0204,0.056400000000000006,456774636701154.562500
-0.30518,0.018000000000000002,0.0572,456774636701154.562500
-0.30517,0.0204,0.0572,456774636701154.562500
-0.30516,0.018000000000000002,0.056400000000000006,456774636701154.562500
-0.30515,0.0196,0.0572,456774636701154.562500
-0.30513999999999997,0.0212,0.054,456774636701154.562500
-0.30513,0.0204,0.058800000000000005,456774636701154.562500
-0.30511999999999995,0.0204,0.055600000000000004,456774636701154.562500
-0.30511,0.0212,0.0516,456774636701154.562500
-0.3051,0.0228,0.053200000000000004,456774636701154.562500
-0.30509,0.022000000000000002,0.055600000000000004,456774636701154.562500
-0.30508,0.022000000000000002,0.056400000000000006,456774636701154.562500
-0.30506999999999995,0.026000000000000002,0.0524,456774636701154.562500
-0.30506,0.0204,0.0516,456774636701154.562500
-0.30505,0.0244,0.058,456774636701154.562500
-0.30504,0.0244,0.056400000000000006,456774636701154.562500
-0.30503,0.0236,0.0548,456774636701154.562500
-0.30501999999999996,0.0252,0.056400000000000006,456774636701154.562500
-0.30501,0.0188,0.054,456774636701154.562500
-0.305,0.0252,0.0572,456774636701154.562500
-0.30499,0.0244,0.054,456774636701154.562500
-0.30498,0.0244,0.058,456774636701154.562500
-0.30496999999999996,0.0212,0.058,456774636701154.562500
-0.30496,0.0236,0.055600000000000004,456774636701154.562500
-0.30494999999999994,0.022000000000000002,0.0572,456774636701154.562500
-0.30494,0.0228,0.054,456774636701154.562500
-0.30493,0.0228,0.058,456774636701154.562500
-0.30491999999999997,0.0212,0.058800000000000005,456774636701154.562500
-0.30491,0.0204,0.0572,456774636701154.562500
-0.30489999999999995,0.022000000000000002,0.0524,456774636701154.562500
-0.30489,0.0188,0.058,456774636701154.562500
-0.30488,0.0212,0.055600000000000004,456774636701154.562500
-0.30487,0.0228,0.0572,456774636701154.562500
-0.30486,0.0212,0.050800000000000005,456774636701154.562500
-0.30484999999999995,0.022000000000000002,0.058,456774636701154.562500
-0.30484,0.0212,0.0468,456774636701154.562500
-0.30483,0.022000000000000002,0.058,456774636701154.562500
-0.30482,0.022000000000000002,0.054,456774636701154.562500
-0.30481,0.0244,0.0572,456774636701154.562500
-0.30479999999999996,0.0212,0.05,456774636701154.562500
-0.30479,0.0228,0.0548,456774636701154.562500
-0.30478,0.018000000000000002,0.055600000000000004,456774636701154.562500
-0.30477,0.022000000000000002,0.056400000000000006,456774636701154.562500
-0.30476,0.0228,0.056400000000000006,456774636701154.562500
-0.30474999999999997,0.0244,0.056400000000000006,456774636701154.562500
-0.30474,0.026000000000000002,0.055600000000000004,456774636701154.562500
-0.30472999999999995,0.0244,0.0572,456774636701154.562500
-0.30472,0.022000000000000002,0.0572,456774636701154.562500
-0.30471,0.0228,0.058,456774636701154.562500
-0.30469999999999997,0.0244,0.055600000000000004,456774636701154.562500
-0.30469,0.022000000000000002,0.055600000000000004,456774636701154.562500
-0.30467999999999995,0.022000000000000002,0.054,456774636701154.562500
-0.30467,0.0228,0.0572,456774636701154.562500
-0.30466,0.0244,0.055600000000000004,456774636701154.562500
-0.30465,0.0236,0.058800000000000005,456774636701154.562500
-0.30464,0.0228,0.0572,456774636701154.562500
-0.30462999999999996,0.0236,0.054,456774636701154.562500
-0.30462,0.0228,0.055600000000000004,456774636701154.562500
-0.30461,0.0212,0.0476,456774636701154.562500
-0.3046,0.0228,0.0548,456774636701154.562500
-0.30458999999999997,0.0228,0.054,456774636701154.562500
-0.30457999999999996,0.0212,0.050800000000000005,456774636701154.562500
-0.30457,0.0228,0.0476,456774636701154.562500
-0.30456,0.0196,0.056400000000000006,456774636701154.562500
-0.30455,0.0244,0.0548,456774636701154.562500
-0.30454,0.0228,0.053200000000000004,456774636701154.562500
-0.30452999999999997,0.0196,0.054,456774636701154.562500
-0.30452,0.022000000000000002,0.056400000000000006,456774636701154.562500
-0.30450999999999995,0.0196,0.0572,456774636701154.562500
-0.3045,0.0212,0.0572,456774636701154.562500
-0.30449,0.0212,0.058,456774636701154.562500
-0.30448,0.0244,0.0572,456774636701154.562500
-0.30447,0.022000000000000002,0.055600000000000004,456774636701154.562500
-0.30445999999999995,0.022000000000000002,0.056400000000000006,456774636701154.562500
-0.30445,0.0204,0.054,456774636701154.562500
-0.30444,0.0252,0.0548,456774636701154.562500
-0.30443,0.0244,0.058,456774636701154.562500
-0.30442,0.0252,0.053200000000000004,456774636701154.562500
-0.30440999999999996,0.0236,0.0548,456774636701154.562500
-0.3044,0.0244,0.0492,456774636701154.562500
-0.30439,0.0236,0.054,456774636701154.562500
-0.30438,0.0244,0.0516,456774636701154.562500
-0.30437,0.0236,0.0548,456774636701154.562500
-0.30435999999999996,0.0236,0.054,456774636701154.562500
-0.30435,0.0228,0.053200000000000004,456774636701154.562500
-0.30433999999999994,0.0236,0.0524,456774636701154.562500
-0.30433,0.0228,0.0572,456774636701154.562500
-0.30432,0.0244,0.055600000000000004,456774636701154.562500
-0.30430999999999997,0.022000000000000002,0.0572,456774636701154.562500
-0.3043,0.022000000000000002,0.056400000000000006,456774636701154.562500
-0.30428999999999995,0.0196,0.055600000000000004,456774636701154.562500
-0.30428,0.0228,0.0572,456774636701154.562500
-0.30427,0.0228,0.0548,456774636701154.562500
-0.30426,0.0204,0.053200000000000004,456774636701154.562500
-0.30425,0.0228,0.055600000000000004,456774636701154.562500
-0.30423999999999995,0.0196,0.0524,456774636701154.562500
-0.30423,0.0188,0.0548,456774636701154.562500
-0.30422,0.022000000000000002,0.0572,456774636701154.562500
-0.30421,0.022000000000000002,0.0572,456774636701154.562500
-0.30419999999999997,0.022000000000000002,0.0524,456774636701154.562500
-0.30418999999999996,0.0204,0.056400000000000006,456774636701154.562500
-0.30418,0.0204,0.055600000000000004,456774636701154.562500
-0.30417,0.0228,0.0572,456774636701154.562500
-0.30416,0.0244,0.0524,456774636701154.562500
-0.30415,0.0244,0.054,456774636701154.562500
-0.30413999999999997,0.0244,0.058,456774636701154.562500
-0.30413,0.0244,0.058,456774636701154.562500
-0.30411999999999995,0.0236,0.0436,456774636701154.562500
-0.30411,0.0252,0.0572,456774636701154.562500
-0.3041,0.0252,0.05,456774636701154.562500
-0.30408999999999997,0.0244,0.0516,456774636701154.562500
-0.30408,0.0236,0.054,456774636701154.562500
-0.30406999999999995,0.0228,0.0572,456774636701154.562500
-0.30406,0.0188,0.058,456774636701154.562500
-0.30405,0.0244,0.0524,456774636701154.562500
-0.30404,0.022000000000000002,0.056400000000000006,456774636701154.562500
-0.30403,0.0228,0.058,456774636701154.562500
-0.30401999999999996,0.0236,0.0516,456774636701154.562500
-0.30401,0.0212,0.055600000000000004,456774636701154.562500
-0.304,0.0244,0.056400000000000006,456774636701154.562500
-0.30399,0.0228,0.056400000000000006,456774636701154.562500
-0.30398,0.0212,0.056400000000000006,456774636701154.562500
-0.30396999999999996,0.022000000000000002,0.055600000000000004,456774636701154.562500
-0.30396,0.022000000000000002,0.056400000000000006,456774636701154.562500
-0.30394999999999994,0.0212,0.056400000000000006,456774636701154.562500
-0.30394,0.0236,0.0572,456774636701154.562500
-0.30393,0.0204,0.053200000000000004,456774636701154.562500
-0.30391999999999997,0.0228,0.055600000000000004,456774636701154.562500
-0.30391,0.0204,0.054,456774636701154.562500
-0.30389999999999995,0.0228,0.0572,456774636701154.562500
-0.30389,0.0212,0.0516,456774636701154.562500
-0.30388,0.022000000000000002,0.0572,456774636701154.562500
-0.30387,0.022000000000000002,0.058800000000000005,456774636701154.562500
-0.30386,0.0244,0.055600000000000004,456774636701154.562500
-0.30384999999999995,0.0236,0.054,456774636701154.562500
-0.30384,0.022000000000000002,0.0492,456774636701154.562500
-0.30383,0.0236,0.055600000000000004,456774636701154.562500
-0.30382,0.0236,0.0572,456774636701154.562500
-0.30381,0.0244,0.0548,456774636701154.562500
-0.30379999999999996,0.0244,0.056400000000000006,456774636701154.562500
-0.30379,0.0244,0.054,456774636701154.562500
-0.30378,0.0236,0.053200000000000004,456774636701154.562500
-0.30377,0.022000000000000002,0.053200000000000004,456774636701154.562500
-0.30376,0.022000000000000002,0.0572,456774636701154.562500
-0.30374999999999996,0.0228,0.053200000000000004,456774636701154.562500
-0.30374,0.0236,0.054,456774636701154.562500
-0.30372999999999994,0.0236,0.0396,456774636701154.562500
-0.30372,0.0228,0.058,456774636701154.562500
-0.30371,0.022000000000000002,0.054,456774636701154.562500
-0.30369999999999997,0.022000000000000002,0.055600000000000004,456774636701154.562500
-0.30369,0.022000000000000002,0.0572,456774636701154.562500
-0.30367999999999995,0.0196,0.053200000000000004,456774636701154.562500
-0.30367,0.0236,0.0572,456774636701154.562500
-0.30366,0.0204,0.058,456774636701154.562500
-0.30365,0.022000000000000002,0.055600000000000004,456774636701154.562500
-0.30364,0.0188,0.055600000000000004,456774636701154.562500
-0.30362999999999996,0.0204,0.056400000000000006,456774636701154.562500
-0.30362,0.0204,0.058,456774636701154.562500
-0.30361,0.0236,0.055600000000000004,456774636701154.562500
-0.3036,0.0228,0.053200000000000004,456774636701154.562500
-0.30358999999999997,0.022000000000000002,0.0572,456774636701154.562500
-0.30357999999999996,0.0244,0.056400000000000006,456774636701154.562500
-0.30357,0.0236,0.0572,456774636701154.562500
-0.30356,0.0244,0.055600000000000004,456774636701154.562500
-0.30355,0.0228,0.058,456774636701154.562500
-0.30354,0.0236,0.0524,456774636701154.562500
-0.30352999999999997,0.0228,0.056400000000000006,456774636701154.562500
-0.30352,0.0244,0.0548,456774636701154.562500
-0.30350999999999995,0.022000000000000002,0.055600000000000004,456774636701154.562500
-0.3035,0.0228,0.048400000000000006,456774636701154.562500
-0.30349,0.0236,0.055600000000000004,456774636701154.562500
-0.30347999999999997,0.022000000000000002,0.0548,456774636701154.562500
-0.30347,0.0228,0.0548,456774636701154.562500
-0.30345999999999995,0.0236,0.055600000000000004,456774636701154.562500
-0.30345,0.0244,0.055600000000000004,456774636701154.562500
-0.30344,0.022000000000000002,0.058,456774636701154.562500
-0.30343,0.0228,0.058,456774636701154.562500
-0.30342,0.022000000000000002,0.058,456774636701154.562500
-0.30340999999999996,0.0228,0.0572,456774636701154.562500
-0.3034,0.0228,0.0572,456774636701154.562500
-0.30339,0.0228,0.055600000000000004,456774636701154.562500
-0.30338,0.0204,0.0572,456774636701154.562500
-0.30337,0.0172,0.056400000000000006,456774636701154.562500
-0.30335999999999996,0.0172,0.056400000000000006,456774636701154.562500
-0.30335,0.014,0.053200000000000004,456774636701154.562500
-0.30333999999999994,0.0244,0.056400000000000006,456774636701154.562500
-0.30333,0.0204,0.056400000000000006,456774636701154.562500
-0.30332,0.0228,0.0572,456774636701154.562500
-0.30330999999999997,0.022000000000000002,0.0572,456774636701154.562500
-0.3033,0.0212,0.058,456774636701154.562500
-0.30328999999999995,0.0212,0.055600000000000004,456774636701154.562500
-0.30328,0.022000000000000002,0.0548,456774636701154.562500
-0.30327,0.0228,0.058,456774636701154.562500
-0.30326,0.0244,0.056400000000000006,456774636701154.562500
-0.30325,0.022000000000000002,0.054,456774636701154.562500
-0.30323999999999995,0.0228,0.0572,456774636701154.562500
-0.30323,0.0212,0.055600000000000004,456774636701154.562500
-0.30322,0.0236,0.0548,456774636701154.562500
-0.30321,0.0196,0.054,456774636701154.562500
-0.3032,0.0252,0.058800000000000005,456774636701154.562500
-0.30318999999999996,0.0212,0.055600000000000004,456774636701154.562500
-0.30318,0.0212,0.0572,456774636701154.562500
-0.30317,0.0244,0.048400000000000006,456774636701154.562500
-0.30316,0.0244,0.055600000000000004,456774636701154.562500
-0.30315,0.0236,0.045200000000000004,456774636701154.562500
-0.30313999999999997,0.0244,0.053200000000000004,456774636701154.562500
-0.30313,0.0252,0.0468,456774636701154.562500
-0.30311999999999995,0.022000000000000002,0.056400000000000006,456774636701154.562500
-0.30311,0.022000000000000002,0.05,456774636701154.562500
-0.3031,0.0204,0.056400000000000006,456774636701154.562500
-0.30308999999999997,0.0236,0.056400000000000006,456774636701154.562500
-0.30308,0.0204,0.054,456774636701154.562500
-0.30306999999999995,0.0204,0.0572,456774636701154.562500
-0.30306,0.0228,0.0524,456774636701154.562500
-0.30305,0.0212,0.056400000000000006,456774636701154.562500
-0.30304,0.0204,0.058,456774636701154.562500
-0.30303,0.0212,0.056400000000000006,456774636701154.562500
-0.30301999999999996,0.018000000000000002,0.058,456774636701154.562500
-0.30301,0.0236,0.0468,456774636701154.562500
-0.303,0.022000000000000002,0.056400000000000006,456774636701154.562500
-0.30299,0.0212,0.0548,456774636701154.562500
-0.30297999999999997,0.022000000000000002,0.054,456774636701154.562500
-0.30296999999999996,0.022000000000000002,0.053200000000000004,456774636701154.562500
-0.30296,0.0228,0.058,456774636701154.562500
-0.30295,0.0212,0.0516,456774636701154.562500
-0.30294,0.022000000000000002,0.058,456774636701154.562500
-0.30293,0.0236,0.055600000000000004,456774636701154.562500
-0.30291999999999997,0.0212,0.055600000000000004,456774636701154.562500
-0.30291,0.018000000000000002,0.055600000000000004,456774636701154.562500
-0.30289999999999995,0.0212,0.048400000000000006,456774636701154.562500
-0.30289,0.0228,0.056400000000000006,456774636701154.562500
-0.30288,0.0236,0.050800000000000005,456774636701154.562500
-0.30287,0.0228,0.058,456774636701154.562500
-0.30286,0.0244,0.0516,456774636701154.562500
-0.30284999999999995,0.0252,0.0572,456774636701154.562500
-0.30284,0.0244,0.038,456774636701154.562500
-0.30283,0.0236,0.054,456774636701154.562500
-0.30282,0.0228,0.056400000000000006,456774636701154.562500
-0.30281,0.0236,0.058,456774636701154.562500
-0.30279999999999996,0.0212,0.056400000000000006,456774636701154.562500
-0.30279,0.0228,0.0492,456774636701154.562500
-0.30278,0.0212,0.055600000000000004,456774636701154.562500
-0.30277,0.0196,0.0516,456774636701154.562500
-0.30276,0.0204,0.055600000000000004,456774636701154.562500
-0.30274999999999996,0.0204,0.053200000000000004,456774636701154.562500
-0.30274,0.018000000000000002,0.0548,456774636701154.562500
-0.30272999999999994,0.0204,0.048400000000000006,456774636701154.562500
-0.30272,0.0204,0.055600000000000004,456774636701154.562500
-0.30271,0.022000000000000002,0.056400000000000006,456774636701154.562500
-0.30269999999999997,0.022000000000000002,0.058,456774636701154.562500
-0.30269,0.0228,0.0596,456774636701154.562500
-0.30267999999999995,0.0228,0.054,456774636701154.562500
-0.30267,0.0236,0.058800000000000005,456774636701154.562500
-0.30266,0.022000000000000002,0.050800000000000005,456774636701154.562500
-0.30265,0.0212,0.056400000000000006,456774636701154.562500
-0.30264,0.0228,0.056400000000000006,456774636701154.562500
-0.30262999999999995,0.0204,0.055600000000000004,456774636701154.562500
-0.30262,0.0236,0.0468,456774636701154.562500
-0.30261,0.0188,0.055600000000000004,456774636701154.562500
-0.3026,0.0244,0.05,456774636701154.562500
-0.30258999999999997,0.0228,0.055600000000000004,456774636701154.562500
-0.30257999999999996,0.0236,0.046,456774636701154.562500
-0.30257,0.022000000000000002,0.054,456774636701154.562500
-0.30256,0.0244,0.0572,456774636701154.562500
-0.30255,0.0228,0.055600000000000004,456774636701154.562500
-0.30254,0.022000000000000002,0.058800000000000005,456774636701154.562500
-0.30252999999999997,0.0196,0.0572,456774636701154.562500
-0.30252,0.0228,0.0572,456774636701154.562500
-0.30250999999999995,0.015600000000000001,0.0468,456774636701154.562500
-0.3025,0.022000000000000002,0.058800000000000005,456774636701154.562500
-0.30249,0.0196,0.050800000000000005,456774636701154.562500
-0.30247999999999997,0.022000000000000002,0.056400000000000006,456774636701154.562500
-0.30247,0.0212,0.05,456774636701154.562500
-0.30245999999999995,0.0212,0.055600000000000004,456774636701154.562500
-0.30245,0.0204,0.05,456774636701154.562500
-0.30244,0.0204,0.048400000000000006,456774636701154.562500
-0.30243,0.0188,0.055600000000000004,456774636701154.562500
-0.30242,0.022000000000000002,0.054,456774636701154.562500
-0.30240999999999996,0.0196,0.0572,456774636701154.562500
-0.3024,0.0212,0.0444,456774636701154.562500
-0.30239,0.0212,0.0548,456774636701154.562500
-0.30238,0.022000000000000002,0.0476,456774636701154.562500
-0.30236999999999997,0.0236,0.055600000000000004,456774636701154.562500
-0.30235999999999996,0.0228,0.055600000000000004,456774636701154.562500
-0.30235,0.0212,0.056400000000000006,456774636701154.562500
-0.30234,0.022000000000000002,0.05,456774636701154.562500
-0.30233,0.022000000000000002,0.056400000000000006,456774636701154.562500
-0.30232,0.0228,0.054,456774636701154.562500
-0.30230999999999997,0.0228,0.0548,456774636701154.562500
-0.3023,0.0236,0.056400000000000006,456774636701154.562500
-0.30228999999999995,0.0236,0.048400000000000006,456774636701154.562500
-0.30228,0.0252,0.055600000000000004,456774636701154.562500
-0.30227,0.0244,0.058,456774636701154.562500
-0.30226,0.0212,0.053200000000000004,456774636701154.562500
-0.30225,0.0244,0.0572,456774636701154.562500
-0.30223999999999995,0.0212,0.0476,456774636701154.562500
-0.30223,0.0204,0.056400000000000006,456774636701154.562500
-0.30222,0.0212,0.0468,456774636701154.562500
-0.30221,0.0236,0.0572,456774636701154.562500
-0.3022,0.0212,0.0572,456774636701154.562500
-0.30218999999999996,0.0204,0.0572,456774636701154.562500
-0.30218,0.022000000000000002,0.053200000000000004,456774636701154.562500
-0.30217,0.0204,0.0572,456774636701154.562500
-0.30216,0.0212,0.053200000000000004,456774636701154.562500
-0.30215,0.022000000000000002,0.050800000000000005,456774636701154.562500
-0.30213999999999996,0.0212,0.0548,456774636701154.562500
-0.30213,0.0212,0.0412,456774636701154.562500
-0.30211999999999994,0.0212,0.0548,456774636701154.562500
-0.30211,0.0212,0.05,456774636701154.562500
-0.3021,0.022000000000000002,0.0524,456774636701154.562500
-0.30208999999999997,0.0228,0.053200000000000004,456774636701154.562500
-0.30208,0.022000000000000002,0.053200000000000004,456774636701154.562500
-0.30206999999999995,0.0236,0.0436,456774636701154.562500
-0.30206,0.0212,0.058,456774636701154.562500
-0.30205,0.0236,0.0524,456774636701154.562500
-0.30204,0.0236,0.05,456774636701154.562500
-0.30203,0.0228,0.0572,456774636701154.562500
-0.30201999999999996,0.0244,0.0548,456774636701154.562500
-0.30201,0.022000000000000002,0.053200000000000004,456774636701154.562500
-0.302,0.022000000000000002,0.054,456774636701154.562500
-0.30199,0.0204,0.0524,456774636701154.562500
-0.30197999999999997,0.0196,0.055600000000000004,456774636701154.562500
-0.30196999999999996,0.0172,0.054,456774636701154.562500
-0.30196,0.022000000000000002,0.0516,456774636701154.562500
-0.30195,0.0228,0.058800000000000005,456774636701154.562500
-0.30194,0.022000000000000002,0.056400000000000006,456774636701154.562500
-0.30193,0.026000000000000002,0.0548,456774636701154.562500
-0.30191999999999997,0.0236,0.0572,456774636701154.562500
-0.30191,0.022000000000000002,0.0572,456774636701154.562500
-0.30189999999999995,0.0236,0.054,456774636701154.562500
-0.30189,0.0236,0.055600000000000004,456774636701154.562500
-0.30188,0.0212,0.0492,456774636701154.562500
-0.30186999999999997,0.022000000000000002,0.0548,456774636701154.562500
-0.30186,0.0236,0.054,456774636701154.562500
-0.30184999999999995,0.0204,0.05,456774636701154.562500
-0.30184,0.0228,0.0476,456774636701154.562500
-0.30183,0.022000000000000002,0.0468,456774636701154.562500
-0.30182,0.022000000000000002,0.055600000000000004,456774636701154.562500
-0.30181,0.022000000000000002,0.058,456774636701154.562500
-0.30179999999999996,0.0204,0.0548,456774636701154.562500
-0.30179,0.0196,0.054,456774636701154.562500
-0.30178,0.022000000000000002,0.050800000000000005,456774636701154.562500
-0.30177,0.0204,0.058800000000000005,456774636701154.562500
-0.30176,0.0228,0.0516,456774636701154.562500
-0.30174999999999996,0.0212,0.050800000000000005,456774636701154.562500
-0.30174,0.0236,0.0524,456774636701154.562500
-0.30172999999999994,0.0236,0.0388,456774636701154.562500
-0.30172,0.0244,0.058,456774636701154.562500
-0.30171,0.0228,0.050800000000000005,456774636701154.562500
-0.30169999999999997,0.0236,0.0572,456774636701154.562500
-0.30169,0.0244,0.0524,456774636701154.562500
-0.30167999999999995,0.0164,0.056400000000000006,456774636701154.562500
-0.30167,0.022000000000000002,0.0524,456774636701154.562500
-0.30166,0.0204,0.0548,456774636701154.562500
-0.30165,0.022000000000000002,0.058,456774636701154.562500
-0.30164,0.0244,0.0572,456774636701154.562500
-0.30162999999999995,0.0196,0.056400000000000006,456774636701154.562500
-0.30162,0.022000000000000002,0.05,456774636701154.562500
-0.30161,0.0228,0.055600000000000004,456774636701154.562500
-0.3016,0.0228,0.050800000000000005,456774636701154.562500
-0.30159,0.0212,0.058,456774636701154.562500
-0.30157999999999996,0.0236,0.05,456774636701154.562500
-0.30157,0.0228,0.0572,456774636701154.562500
-0.30156,0.022000000000000002,0.0524,456774636701154.562500
-0.30155,0.0196,0.0548,456774636701154.562500
-0.30154,0.0228,0.048400000000000006,456774636701154.562500
-0.30152999999999996,0.022000000000000002,0.054,456774636701154.562500
-0.30152,0.0212,0.0476,456774636701154.562500
-0.30150999999999994,0.0212,0.0516,456774636701154.562500
-0.3015,0.022000000000000002,0.0444,456774636701154.562500
-0.30149,0.0204,0.0548,456774636701154.562500
-0.30147999999999997,0.0228,0.055600000000000004,456774636701154.562500
-0.30147,0.022000000000000002,0.055600000000000004,456774636701154.562500
-0.30145999999999995,0.0196,0.0572,456774636701154.562500
-0.30145,0.0212,0.054,456774636701154.562500
-0.30144,0.0172,0.056400000000000006,456774636701154.562500
-0.30143,0.022000000000000002,0.0572,456774636701154.562500
-0.30142,0.0228,0.0548,456774636701154.562500
-0.30140999999999996,0.0236,0.054,456774636701154.562500
-0.3014,0.0204,0.0572,456774636701154.562500
-0.30139,0.0212,0.056400000000000006,456774636701154.562500
-0.30138,0.0228,0.058800000000000005,456774636701154.562500
-0.30136999999999997,0.0252,0.058800000000000005,456774636701154.562500
-0.30135999999999996,0.0228,0.058,456774636701154.562500
-0.30135,0.0228,0.058,456774636701154.562500
-0.30134,0.0244,0.058,456774636701154.562500
-0.30133,0.0204,0.056400000000000006,456774636701154.562500
-0.30132,0.0228,0.0572,456774636701154.562500
-0.30130999999999997,0.0228,0.0572,456774636701154.562500
-0.3013,0.0228,0.056400000000000006,456774636701154.562500
-0.30128999999999995,0.0228,0.056400000000000006,456774636701154.562500
-0.30128,0.0196,0.053200000000000004,456774636701154.562500
-0.30127,0.0236,0.056400000000000006,456774636701154.562500
-0.30126,0.0212,0.0572,456774636701154.562500
-0.30125,0.0228,0.056400000000000006,456774636701154.562500
-0.30123999999999995,0.022000000000000002,0.0476,456774636701154.562500
-0.30123,0.0188,0.0548,456774636701154.562500
-0.30122,0.022000000000000002,0.058,456774636701154.562500
-0.30121,0.0212,0.056400000000000006,456774636701154.562500
-0.3012,0.022000000000000002,0.056400000000000006,456774636701154.562500
-0.30118999999999996,0.0236,0.058,456774636701154.562500
-0.30118,0.022000000000000002,0.054,456774636701154.562500
-0.30117,0.0212,0.0572,456774636701154.562500
-0.30116,0.0204,0.0524,456774636701154.562500
-0.30115,0.0244,0.058,456774636701154.562500
-0.30113999999999996,0.0244,0.056400000000000006,456774636701154.562500
-0.30113,0.0196,0.058,456774636701154.562500
-0.30111999999999994,0.0228,0.048400000000000006,456774636701154.562500
-0.30111,0.0228,0.045200000000000004,456774636701154.562500
-0.3011,0.0212,0.0524,456774636701154.562500
-0.30108999999999997,0.0236,0.053200000000000004,456774636701154.562500
-0.30108,0.0196,0.0524,456774636701154.562500
-0.30106999999999995,0.0236,0.0468,456774636701154.562500
-0.30106,0.0188,0.056400000000000006,456774636701154.562500
-0.30105,0.0188,0.0572,456774636701154.562500
-0.30104,0.022000000000000002,0.050800000000000005,456774636701154.562500
-0.30103,0.0228,0.056400000000000006,456774636701154.562500
-0.30101999999999995,0.0244,0.0548,456774636701154.562500
-0.30101,0.0228,0.056400000000000006,456774636701154.562500
-0.301,0.0212,0.053200000000000004,456774636701154.562500
-0.30099,0.0212,0.054,456774636701154.562500
-0.30098,0.022000000000000002,0.0572,456774636701154.562500
-0.30096999999999996,0.0228,0.0476,456774636701154.562500
-0.30096,0.0228,0.056400000000000006,456774636701154.562500
-0.30095,0.022000000000000002,0.0468,456774636701154.562500
-0.30094,0.0212,0.0572,456774636701154.562500
-0.30093,0.0204,0.054,456774636701154.562500
-0.30091999999999997,0.0196,0.055600000000000004,456774636701154.562500
-0.30091,0.0236,0.0572,456774636701154.562500
-0.30089999999999995,0.018000000000000002,0.0548,456774636701154.562500
-0.30089,0.022000000000000002,0.056400000000000006,456774636701154.562500
-0.30088,0.0188,0.058,456774636701154.562500
-0.30086999999999997,0.0236,0.0572,456774636701154.562500
-0.30086,0.022000000000000002,0.0572,456774636701154.562500
-0.30084999999999995,0.0236,0.058,456774636701154.562500
-0.30084,0.0188,0.055600000000000004,456774636701154.562500
-0.30083,0.0228,0.055600000000000004,456774636701154.562500
-0.30082,0.0236,0.055600000000000004,456774636701154.562500
-0.30081,0.022000000000000002,0.0548,456774636701154.562500
-0.30079999999999996,0.0236,0.0548,456774636701154.562500
-0.30079,0.0236,0.056400000000000006,456774636701154.562500
-0.30078,0.0228,0.056400000000000006,456774636701154.562500
-0.30077,0.0236,0.050800000000000005,456774636701154.562500
-0.30075999999999997,0.0244,0.055600000000000004,456774636701154.562500
-0.30074999999999996,0.0252,0.0524,456774636701154.562500
-0.30074,0.022000000000000002,0.0572,456774636701154.562500
-0.30073,0.0252,0.0476,456774636701154.562500
-0.30072,0.0228,0.0572,456774636701154.562500
-0.30071,0.0244,0.058,456774636701154.562500
-0.30069999999999997,0.0236,0.058,456774636701154.562500
-0.30069,0.0228,0.0572,456774636701154.562500
-0.30067999999999995,0.0212,0.055600000000000004,456774636701154.562500
-0.30067,0.0212,0.055600000000000004,456774636701154.562500
-0.30066,0.0196,0.0548,456774636701154.562500
-0.30065,0.0244,0.056400000000000006,456774636701154.562500
-0.30064,0.0212,0.054,456774636701154.562500
-0.30062999999999995,0.0212,0.056400000000000006,456774636701154.562500
-0.30062,0.0196,0.05,456774636701154.562500
-0.30061,0.0212,0.056400000000000006,456774636701154.562500
-0.3006,0.0196,0.053200000000000004,456774636701154.562500
-0.30059,0.022000000000000002,0.056400000000000006,456774636701154.562500
-0.30057999999999996,0.0212,0.054,456774636701154.562500
-0.30057,0.022000000000000002,0.054,456774636701154.562500
-0.30056,0.022000000000000002,0.055600000000000004,456774636701154.562500
-0.30055,0.0196,0.055600000000000004,456774636701154.562500
-0.30054,0.0228,0.056400000000000006,456774636701154.562500
-0.30052999999999996,0.0204,0.058800000000000005,456774636701154.562500
-0.30052,0.0228,0.058800000000000005,456774636701154.562500
-0.30050999999999994,0.0212,0.058,456774636701154.562500
-0.3005,0.022000000000000002,0.0572,456774636701154.562500
-0.30049,0.0212,0.0516,456774636701154.562500
-0.30047999999999997,0.0236,0.0572,456774636701154.562500
-0.30047,0.026000000000000002,0.048400000000000006,456774636701154.562500
-0.30045999999999995,0.0244,0.058,456774636701154.562500
-0.30045,0.018000000000000002,0.054,456774636701154.562500
-0.30044,0.0252,0.0572,456774636701154.562500
-0.30043,0.0244,0.0516,456774636701154.562500
-0.30042,0.0236,0.058,456774636701154.562500
-0.30040999999999995,0.0236,0.053200000000000004,456774636701154.562500
-0.3004,0.0236,0.0524,456774636701154.562500
-0.30039,0.022000000000000002,0.056400000000000006,456774636701154.562500
-0.30038,0.0228,0.056400000000000006,456774636701154.562500
-0.30036999999999997,0.0236,0.056400000000000006,456774636701154.562500
-0.30035999999999996,0.022000000000000002,0.056400000000000006,456774636701154.562500
-0.30035,0.0228,0.0516,456774636701154.562500
-0.30034,0.0196,0.056400000000000006,456774636701154.562500
-0.30033,0.0228,0.045200000000000004,456774636701154.562500
-0.30032,0.022000000000000002,0.05,456774636701154.562500
-0.30030999999999997,0.022000000000000002,0.0548,456774636701154.562500
-0.3003,0.0196,0.0492,456774636701154.562500
-0.30028999999999995,0.022000000000000002,0.0524,456774636701154.562500
-0.30028,0.022000000000000002,0.0524,456774636701154.562500
-0.30027,0.022000000000000002,0.056400000000000006,456774636701154.562500
-0.30025999999999997,0.022000000000000002,0.058,456774636701154.562500
-0.30025,0.0236,0.056400000000000006,456774636701154.562500
-0.30023999999999995,0.0212,0.054,456774636701154.562500
-0.30023,0.0212,0.0548,456774636701154.562500
-0.30022,0.018000000000000002,0.055600000000000004,456774636701154.562500
-0.30021,0.026000000000000002,0.055600000000000004,456774636701154.562500
-0.3002,0.0212,0.054,456774636701154.562500
-0.30018999999999996,0.0228,0.056400000000000006,456774636701154.562500
-0.30018,0.0196,0.0492,456774636701154.562500
-0.30017,0.022000000000000002,0.0516,456774636701154.562500
-0.30016,0.0236,0.048400000000000006,456774636701154.562500
-0.30015,0.0236,0.054,456774636701154.562500
-0.30013999999999996,0.0244,0.0468,456774636701154.562500
-0.30013,0.0244,0.056400000000000006,456774636701154.562500
-0.30011999999999994,0.0236,0.0524,456774636701154.562500
-0.30011,0.0236,0.055600000000000004,456774636701154.562500
-0.3001,0.0252,0.054,456774636701154.562500
-0.30008999999999997,0.0236,0.055600000000000004,456774636701154.562500
-0.30008,0.0228,0.0572,456774636701154.562500
-0.30006999999999995,0.022000000000000002,0.0524,456774636701154.562500
-0.30006,0.022000000000000002,0.053200000000000004,456774636701154.562500
-0.30005,0.0228,0.046,456774636701154.562500
-0.30004,0.0228,0.048400000000000006,456774636701154.562500
-0.30003,0.022000000000000002,0.055600000000000004,456774636701154.562500
-0.30001999999999995,0.0196,0.0572,456774636701154.562500
-0.30001,0.0236,0.045200000000000004,456774636701154.562500
-0.3,0.0204,0.0572,456774636701154.562500
-0.29999,0.0204,0.054,456774636701154.562500
-0.29998,0.0228,0.055600000000000004,456774636701154.562500
-0.29996999999999996,0.0188,0.056400000000000006,456774636701154.562500
-0.29996,0.0212,0.056400000000000006,456774636701154.562500
-0.29995,0.0196,0.055600000000000004,456774636701154.562500
-0.29994,0.0212,0.0572,456774636701154.562500
-0.29993,0.0228,0.054,456774636701154.562500
-0.29991999999999996,0.0212,0.056400000000000006,456774636701154.562500
-0.29991,0.0244,0.0572,456774636701154.562500
-0.29989999999999994,0.0236,0.055600000000000004,456774636701154.562500
-0.29989,0.0212,0.0516,456774636701154.562500
-0.29988,0.0244,0.0548,456774636701154.562500
-0.29986999999999997,0.0228,0.055600000000000004,456774636701154.562500
-0.29986,0.0236,0.056400000000000006,456774636701154.562500
-0.29984999999999995,0.0212,0.056400000000000006,456774636701154.562500
-0.29984,0.0252,0.05,456774636701154.562500
-0.29983,0.022000000000000002,0.05,456774636701154.562500
-0.29982,0.0236,0.0572,456774636701154.562500
-0.29981,0.0236,0.0572,456774636701154.562500
-0.29979999999999996,0.022000000000000002,0.055600000000000004,456774636701154.562500
-0.29979,0.022000000000000002,0.05,456774636701154.562500
-0.29978,0.022000000000000002,0.0572,456774636701154.562500
-0.29977,0.0188,0.0524,456774636701154.562500
-0.29975999999999997,0.022000000000000002,0.054,456774636701154.562500
-0.29974999999999996,0.0236,0.0572,456774636701154.562500
-0.29974,0.0236,0.0524,456774636701154.562500
-0.29973,0.0228,0.058,456774636701154.562500
-0.29972,0.0196,0.054,456774636701154.562500
-0.29971,0.0212,0.054,456774636701154.562500
-0.29969999999999997,0.0204,0.0572,456774636701154.562500
-0.29969,0.022000000000000002,0.053200000000000004,456774636701154.562500
-0.29967999999999995,0.022000000000000002,0.058,456774636701154.562500
-0.29967,0.0212,0.0548,456774636701154.562500
-0.29966,0.022000000000000002,0.0524,456774636701154.562500
-0.29964999999999997,0.0228,0.055600000000000004,456774636701154.562500
-0.29964,0.0228,0.055600000000000004,456774636701154.562500
-0.29962999999999995,0.0212,0.055600000000000004,456774636701154.562500
-0.29962,0.022000000000000002,0.054,456774636701154.562500
-0.29961,0.0212,0.055600000000000004,456774636701154.562500
-0.2996,0.0236,0.048400000000000006,456774636701154.562500
-0.29959,0.0228,0.056400000000000006,456774636701154.562500
-0.29957999999999996,0.022000000000000002,0.055600000000000004,456774636701154.562500
-0.29957,0.0228,0.056400000000000006,456774636701154.562500
-0.29956,0.0212,0.042,456774636701154.562500
-0.29955,0.0228,0.055600000000000004,456774636701154.562500
-0.29954,0.0228,0.0548,456774636701154.562500
-0.29952999999999996,0.0204,0.055600000000000004,456774636701154.562500
-0.29952,0.0244,0.0572,456774636701154.562500
-0.29950999999999994,0.022000000000000002,0.056400000000000006,456774636701154.562500
-0.2995,0.0244,0.054,456774636701154.562500
-0.29949,0.0204,0.056400000000000006,456774636701154.562500
-0.29947999999999997,0.0228,0.058,456774636701154.562500
-0.29947,0.022000000000000002,0.0548,456774636701154.562500
-0.29945999999999995,0.0236,0.0572,456774636701154.562500
-0.29945,0.0204,0.056400000000000006,456774636701154.562500
-0.29944,0.0228,0.048400000000000006,456774636701154.562500
-0.29943,0.0212,0.0572,456774636701154.562500
-0.29942,0.022000000000000002,0.050800000000000005,456774636701154.562500
-0.29940999999999995,0.0228,0.0572,456774636701154.562500
-0.2994,0.022000000000000002,0.053200000000000004,456774636701154.562500
-0.29939,0.022000000000000002,0.0468,456774636701154.562500
-0.29938,0.0236,0.0524,456774636701154.562500
-0.29937,0.0212,0.0516,456774636701154.562500
-0.29935999999999996,0.0212,0.058,456774636701154.562500
-0.29935,0.0236,0.056400000000000006,456774636701154.562500
-0.29934,0.022000000000000002,0.058,456774636701154.562500
-0.29933,0.0204,0.0524,456774636701154.562500
-0.29932,0.0212,0.0572,456774636701154.562500
-0.29930999999999996,0.0228,0.055600000000000004,456774636701154.562500
-0.2993,0.022000000000000002,0.056400000000000006,456774636701154.562500
-0.29928999999999994,0.0212,0.056400000000000006,456774636701154.562500
-0.29928,0.0228,0.055600000000000004,456774636701154.562500
-0.29927,0.0252,0.0476,456774636701154.562500
-0.29925999999999997,0.022000000000000002,0.0548,456774636701154.562500
-0.29925,0.0236,0.0572,456774636701154.562500
-0.29923999999999995,0.0244,0.0468,456774636701154.562500
-0.29923,0.0228,0.0492,456774636701154.562500
-0.29922,0.022000000000000002,0.0524,456774636701154.562500
-0.29921,0.0244,0.050800000000000005,456774636701154.562500
-0.2992,0.0244,0.0548,456774636701154.562500
-0.29918999999999996,0.0228,0.058800000000000005,456774636701154.562500
-0.29918,0.0236,0.0548,456774636701154.562500
-0.29917,0.0236,0.058,456774636701154.562500
-0.29916,0.022000000000000002,0.053200000000000004,456774636701154.562500
-0.29914999999999997,0.0204,0.056400000000000006,456774636701154.562500
-0.29913999999999996,0.0236,0.048400000000000006,456774636701154.562500
-0.29913,0.022000000000000002,0.058,456774636701154.562500
-0.29912,0.0188,0.0572,456774636701154.562500
-0.29911,0.022000000000000002,0.053200000000000004,456774636701154.562500
-0.2991,0.0196,0.0548,456774636701154.562500
-0.29908999999999997,0.0204,0.0524,456774636701154.562500
-0.29908,0.022000000000000002,0.054,456774636701154.562500
-0.29906999999999995,0.018000000000000002,0.056400000000000006,456774636701154.562500
-0.29906,0.022000000000000002,0.050800000000000005,456774636701154.562500
-0.29905,0.0196,0.055600000000000004,456774636701154.562500
-0.29904,0.0228,0.0572,456774636701154.562500
-0.29903,0.022000000000000002,0.0572,456774636701154.562500
-0.29901999999999995,0.022000000000000002,0.0572,456774636701154.562500
-0.29901,0.022000000000000002,0.056400000000000006,456774636701154.562500
-0.299,0.022000000000000002,0.0572,456774636701154.562500
-0.29899,0.022000000000000002,0.055600000000000004,456774636701154.562500
-0.29898,0.0204,0.056400000000000006,456774636701154.562500
-0.29896999999999996,0.0244,0.0548,456774636701154.562500
-0.29896,0.0228,0.056400000000000006,456774636701154.562500
-0.29895,0.0244,0.056400000000000006,456774636701154.562500
-0.29894,0.0188,0.0524,456774636701154.562500
-0.29893,0.0244,0.050800000000000005,456774636701154.562500
-0.29891999999999996,0.0252,0.053200000000000004,456774636701154.562500
-0.29891,0.0236,0.054,456774636701154.562500
-0.29889999999999994,0.0244,0.0548,456774636701154.562500
-0.29889,0.0244,0.056400000000000006,456774636701154.562500
-0.29888,0.0228,0.05,456774636701154.562500
-0.29886999999999997,0.0236,0.0572,456774636701154.562500
-0.29886,0.0228,0.058800000000000005,456774636701154.562500
-0.29884999999999995,0.0228,0.056400000000000006,456774636701154.562500
-0.29884,0.022000000000000002,0.0572,456774636701154.562500
-0.29883,0.0204,0.053200000000000004,456774636701154.562500
-0.29882,0.0228,0.0572,456774636701154.562500
-0.29881,0.022000000000000002,0.058,456774636701154.562500
-0.29879999999999995,0.0212,0.055600000000000004,456774636701154.562500
-0.29879,0.0212,0.055600000000000004,456774636701154.562500
-0.29878,0.0196,0.0548,456774636701154.562500
-0.29877,0.0204,0.054,456774636701154.562500
-0.29875999999999997,0.0212,0.0548,456774636701154.562500
-0.29874999999999996,0.0228,0.0524,456774636701154.562500
-0.29874,0.0228,0.053200000000000004,456774636701154.562500
-0.29873,0.022000000000000002,0.0492,456774636701154.562500
-0.29872,0.0228,0.0572,456774636701154.562500
-0.29871,0.022000000000000002,0.056400000000000006,456774636701154.562500
-0.29869999999999997,0.0228,0.058,456774636701154.562500
-0.29869,0.0228,0.0572,456774636701154.562500
-0.29867999999999995,0.0236,0.055600000000000004,456774636701154.562500
-0.29867,0.018000000000000002,0.054,456774636701154.562500
-0.29866,0.0236,0.055600000000000004,456774636701154.562500
-0.29864999999999997,0.0212,0.056400000000000006,456774636701154.562500
-0.29864,0.0244,0.056400000000000006,456774636701154.562500
-0.29862999999999995,0.0236,0.0572,456774636701154.562500
-0.29862,0.0252,0.054,456774636701154.562500
-0.29861,0.0244,0.053200000000000004,456774636701154.562500
-0.2986,0.0236,0.0572,456774636701154.562500
-0.29859,0.0252,0.0572,456774636701154.562500
-0.29857999999999996,0.0204,0.056400000000000006,456774636701154.562500
-0.29857,0.0212,0.0572,456774636701154.562500
-0.29856,0.0228,0.055600000000000004,456774636701154.562500
-0.29855,0.0236,0.054,456774636701154.562500
-0.29853999999999997,0.022000000000000002,0.0468,456774636701154.562500
-0.29852999999999996,0.0228,0.056400000000000006,456774636701154.562500
-0.29852,0.0236,0.0548,456774636701154.562500
-0.29850999999999994,0.0172,0.056400000000000006,456774636701154.562500
-0.2985,0.0228,0.053200000000000004,456774636701154.562500
-0.29849,0.022000000000000002,0.058,456774636701154.562500
-0.29847999999999997,0.022000000000000002,0.056400000000000006,456774636701154.562500
-0.29847,0.022000000000000002,0.0572,456774636701154.562500
-0.29845999999999995,0.022000000000000002,0.055600000000000004,456774636701154.562500
-0.29845,0.0188,0.0516,456774636701154.562500
-0.29844,0.022000000000000002,0.0524,456774636701154.562500
-0.29843,0.0196,0.0524,456774636701154.562500
-0.29842,0.0236,0.045200000000000004,456774636701154.562500
-0.29840999999999995,0.0172,0.0548,456774636701154.562500
-0.2984,0.0236,0.042,456774636701154.562500
-0.29839,0.0164,0.0572,456774636701154.562500
-0.29838,0.0252,0.0516,456774636701154.562500
-0.29837,0.0236,0.058,456774636701154.562500
-0.29835999999999996,0.0236,0.056400000000000006,456774636701154.562500
-0.29835,0.022000000000000002,0.058,456774636701154.562500
-0.29834,0.0244,0.056400000000000006,456774636701154.562500
-0.29833,0.0244,0.05,456774636701154.562500
-0.29832,0.0236,0.055600000000000004,456774636701154.562500
-0.29830999999999996,0.0236,0.0548,456774636701154.562500
-0.2983,0.0236,0.055600000000000004,456774636701154.562500
-0.29828999999999994,0.0236,0.053200000000000004,456774636701154.562500
-0.29828,0.0236,0.05,456774636701154.562500
-0.29827,0.0244,0.0516,456774636701154.562500
-0.29825999999999997,0.0244,0.054,456774636701154.562500
-0.29825,0.0196,0.037200000000000004,456774636701154.562500
-0.29823999999999995,0.0236,0.0364,456774636701154.562500
-0.29823,0.0196,0.0324,456774636701154.562500
-0.29822,0.0228,0.053200000000000004,456774636701154.562500
-0.29821,0.022000000000000002,0.050800000000000005,456774636701154.562500
-0.2982,0.0204,0.055600000000000004,456774636701154.562500
-0.29818999999999996,0.0164,0.054,456774636701154.562500
-0.29818,0.0228,0.056400000000000006,456774636701154.562500
-0.29817,0.018000000000000002,0.054,456774636701154.562500
-0.29816,0.0236,0.0524,456774636701154.562500
-0.29814999999999997,0.022000000000000002,0.056400000000000006,456774636701154.562500
-0.29813999999999996,0.0212,0.0476,456774636701154.562500
-0.29813,0.022000000000000002,0.0548,456774636701154.562500
-0.29812,0.0228,0.05,456774636701154.562500
-0.29811,0.0204,0.0476,456774636701154.562500
-0.2981,0.0212,0.0572,456774636701154.562500
-0.29808999999999997,0.0236,0.058,456774636701154.562500
-0.29808,0.022000000000000002,0.056400000000000006,456774636701154.562500
-0.29806999999999995,0.0244,0.0572,456774636701154.562500
-0.29806,0.0244,0.058,456774636701154.562500
-0.29805,0.0188,0.054,456774636701154.562500
-0.29803999999999997,0.0244,0.0572,456774636701154.562500
-0.29803,0.0236,0.055600000000000004,456774636701154.562500
-0.29801999999999995,0.0244,0.055600000000000004,456774636701154.562500
-0.29801,0.022000000000000002,0.0548,456774636701154.562500
-0.298,0.026000000000000002,0.0516,456774636701154.562500
-0.29799,0.0252,0.055600000000000004,456774636701154.562500
-0.29798,0.0228,0.055600000000000004,456774636701154.562500
-0.29796999999999996,0.0244,0.05,456774636701154.562500
-0.29796,0.0228,0.056400000000000006,456774636701154.562500
-0.29795,0.0236,0.054,456774636701154.562500
-0.29794,0.0228,0.056400000000000006,456774636701154.562500
-0.29793,0.0228,0.055600000000000004,456774636701154.562500
-0.29791999999999996,0.0228,0.0548,456774636701154.562500
-0.29791,0.0228,0.0476,456774636701154.562500
-0.29789999999999994,0.0236,0.055600000000000004,456774636701154.562500
-0.29789,0.0204,0.0516,456774636701154.562500
-0.29788,0.022000000000000002,0.0572,456774636701154.562500
-0.29786999999999997,0.0228,0.055600000000000004,456774636701154.562500
-0.29786,0.022000000000000002,0.055600000000000004,456774636701154.562500
-0.29784999999999995,0.022000000000000002,0.0572,456774636701154.562500
-0.29784,0.022000000000000002,0.058,456774636701154.562500
-0.29783,0.022000000000000002,0.0572,456774636701154.562500
-0.29782,0.0236,0.054,456774636701154.562500
-0.29781,0.0244,0.055600000000000004,456774636701154.562500
-0.29779999999999995,0.0236,0.055600000000000004,456774636701154.562500
-0.29779,0.0228,0.0524,456774636701154.562500
-0.29778,0.0228,0.05,456774636701154.562500
-0.29777,0.0212,0.053200000000000004,456774636701154.562500
-0.29776,0.0228,0.055600000000000004,456774636701154.562500
-0.29774999999999996,0.0236,0.0572,456774636701154.562500
-0.29774,0.0236,0.058,456774636701154.562500
-0.29773,0.0236,0.0524,456774636701154.562500
-0.29772,0.0252,0.0516,456774636701154.562500
-0.29771,0.0244,0.0572,456774636701154.562500
-0.29769999999999996,0.0204,0.0572,456774636701154.562500
-0.29769,0.0244,0.0524,456774636701154.562500
-0.29767999999999994,0.0244,0.05,456774636701154.562500
-0.29767,0.0236,0.056400000000000006,456774636701154.562500
-0.29766,0.0236,0.0516,456774636701154.562500
-0.29764999999999997,0.0228,0.055600000000000004,456774636701154.562500
-0.29764,0.0212,0.056400000000000006,456774636701154.562500
-0.29762999999999995,0.022000000000000002,0.0492,456774636701154.562500
-0.29762,0.0212,0.056400000000000006,456774636701154.562500
-0.29761,0.022000000000000002,0.053200000000000004,456774636701154.562500
-0.2976,0.022000000000000002,0.056400000000000006,456774636701154.562500
-0.29759,0.0204,0.0572,456774636701154.562500
-0.29757999999999996,0.022000000000000002,0.058800000000000005,456774636701154.562500
-0.29757,0.022000000000000002,0.0572,456774636701154.562500
-0.29756,0.0228,0.0548,456774636701154.562500
-0.29755,0.022000000000000002,0.054,456774636701154.562500
-0.29753999999999997,0.0228,0.055600000000000004,456774636701154.562500
-0.29752999999999996,0.0236,0.0572,456774636701154.562500
-0.29752,0.0196,0.055600000000000004,456774636701154.562500
-0.29751,0.0236,0.055600000000000004,456774636701154.562500
-0.2975,0.022000000000000002,0.058,456774636701154.562500
-0.29749,0.0236,0.0476,456774636701154.562500
-0.29747999999999997,0.022000000000000002,0.058,456774636701154.562500
-0.29747,0.0236,0.056400000000000006,456774636701154.562500
-0.29745999999999995,0.0228,0.0524,456774636701154.562500
-0.29745,0.0236,0.050800000000000005,456774636701154.562500
-0.29744,0.0236,0.055600000000000004,456774636701154.562500
-0.29742999999999997,0.0236,0.0492,456774636701154.562500
-0.29742,0.0252,0.0548,456774636701154.562500
-0.29740999999999995,0.0204,0.0516,456774636701154.562500
-0.2974,0.0228,0.058,456774636701154.562500
-0.29739,0.0228,0.058,456774636701154.562500
-0.29738,0.0212,0.0572,456774636701154.562500
-0.29737,0.0244,0.058,456774636701154.562500
-0.29735999999999996,0.0212,0.054,456774636701154.562500
-0.29735,0.0228,0.058,456774636701154.562500
-0.29734,0.0212,0.056400000000000006,456774636701154.562500
-0.29733,0.022000000000000002,0.056400000000000006,456774636701154.562500
-0.29732,0.0236,0.055600000000000004,456774636701154.562500
-0.29730999999999996,0.0204,0.054,456774636701154.562500
-0.2973,0.0204,0.054,456774636701154.562500
-0.29728999999999994,0.0172,0.0524,456774636701154.562500
-0.29728,0.0228,0.042800000000000005,456774636701154.562500
-0.29727,0.0164,0.0572,456774636701154.562500
-0.29725999999999997,0.022000000000000002,0.0548,456774636701154.562500
-0.29725,0.0212,0.0572,456774636701154.562500
-0.29723999999999995,0.0236,0.058800000000000005,456774636701154.562500
-0.29723,0.0204,0.056400000000000006,456774636701154.562500
-0.29722,0.0236,0.055600000000000004,456774636701154.562500
-0.29721,0.0228,0.0444,456774636701154.562500
-0.2972,0.0228,0.054,456774636701154.562500
-0.29718999999999995,0.0228,0.058,456774636701154.562500
-0.29718,0.0228,0.055600000000000004,456774636701154.562500
-0.29717,0.0236,0.0572,456774636701154.562500
-0.29716,0.0236,0.0548,456774636701154.562500
-0.29714999999999997,0.0228,0.0572,456774636701154.562500
-0.29713999999999996,0.0236,0.0572,456774636701154.562500
-0.29713,0.0236,0.050800000000000005,456774636701154.562500
-0.29712,0.0244,0.0572,456774636701154.562500
-0.29711,0.022000000000000002,0.055600000000000004,456774636701154.562500
-0.2971,0.0212,0.055600000000000004,456774636701154.562500
-0.29708999999999997,0.0236,0.055600000000000004,456774636701154.562500
-0.29708,0.0188,0.0516,456774636701154.562500
-0.29706999999999995,0.0244,0.055600000000000004,456774636701154.562500
-0.29706,0.0244,0.053200000000000004,456774636701154.562500
-0.29705,0.0212,0.056400000000000006,456774636701154.562500
-0.29703999999999997,0.0244,0.0548,456774636701154.562500
-0.29703,0.0204,0.053200000000000004,456774636701154.562500
-0.29701999999999995,0.022000000000000002,0.058,456774636701154.562500
-0.29701,0.0204,0.054,456774636701154.562500
-0.297,0.0228,0.0516,456774636701154.562500
-0.29699,0.0228,0.042800000000000005,456774636701154.562500
-0.29698,0.0236,0.056400000000000006,456774636701154.562500
-0.29696999999999996,0.0212,0.058,456774636701154.562500
-0.29696,0.022000000000000002,0.056400000000000006,456774636701154.562500
-0.29695,0.0204,0.054,456774636701154.562500
-0.29694,0.0228,0.0572,456774636701154.562500
-0.29692999999999997,0.022000000000000002,0.0572,456774636701154.562500
-0.29691999999999996,0.0236,0.056400000000000006,456774636701154.562500
-0.29691,0.0212,0.056400000000000006,456774636701154.562500
-0.2969,0.0236,0.056400000000000006,456774636701154.562500
-0.29689,0.022000000000000002,0.058,456774636701154.562500
-0.29688,0.0228,0.056400000000000006,456774636701154.562500
-0.29686999999999997,0.0244,0.058,456774636701154.562500
-0.29686,0.0244,0.056400000000000006,456774636701154.562500
-0.29684999999999995,0.0244,0.0572,456774636701154.562500
-0.29684,0.0236,0.056400000000000006,456774636701154.562500
-0.29683,0.0236,0.0572,456774636701154.562500
-0.29682,0.0236,0.0572,456774636701154.562500
-0.29681,0.0236,0.0516,456774636701154.562500
-0.29679999999999995,0.0252,0.055600000000000004,456774636701154.562500
-0.29679,0.0236,0.056400000000000006,456774636701154.562500
-0.29678,0.0252,0.056400000000000006,456774636701154.562500
-0.29677,0.0228,0.056400000000000006,456774636701154.562500
-0.29676,0.0244,0.056400000000000006,456774636701154.562500
-0.29674999999999996,0.0252,0.058,456774636701154.562500
-0.29674,0.0236,0.056400000000000006,456774636701154.562500
-0.29673,0.0228,0.0572,456774636701154.562500
-0.29672,0.0236,0.0572,456774636701154.562500
-0.29671,0.0212,0.0572,456774636701154.562500
-0.29669999999999996,0.0228,0.0548,456774636701154.562500
-0.29669,0.0212,0.055600000000000004,456774636701154.562500
-0.29667999999999994,0.022000000000000002,0.055600000000000004,456774636701154.562500
-0.29667,0.022000000000000002,0.058800000000000005,456774636701154.562500
-0.29666,0.022000000000000002,0.045200000000000004,456774636701154.562500
-0.29664999999999997,0.0204,0.0572,456774636701154.562500
-0.29664,0.022000000000000002,0.0492,456774636701154.562500
-0.29662999999999995,0.022000000000000002,0.058,456774636701154.562500
-0.29662,0.022000000000000002,0.056400000000000006,456774636701154.562500
-0.29661,0.022000000000000002,0.056400000000000006,456774636701154.562500
-0.2966,0.022000000000000002,0.0572,456774636701154.562500
-0.29659,0.0212,0.058,456774636701154.562500
-0.29657999999999995,0.0228,0.0572,456774636701154.562500
-0.29657,0.0228,0.050800000000000005,456774636701154.562500
-0.29656,0.0228,0.054,456774636701154.562500
-0.29655,0.0228,0.0516,456774636701154.562500
-0.29653999999999997,0.0196,0.055600000000000004,456774636701154.562500
-0.29652999999999996,0.0228,0.0572,456774636701154.562500
-0.29652,0.0212,0.054,456774636701154.562500
-0.29651,0.0228,0.058,456774636701154.562500
-0.2965,0.0244,0.058,456774636701154.562500
-0.29649,0.0228,0.0572,456774636701154.562500
-0.29647999999999997,0.0228,0.058,456774636701154.562500
-0.29647,0.0204,0.0572,456774636701154.562500
-0.29645999999999995,0.0244,0.0572,456774636701154.562500
-0.29645,0.0212,0.055600000000000004,456774636701154.562500
-0.29644,0.022000000000000002,0.056400000000000006,456774636701154.562500
-0.29642999999999997,0.022000000000000002,0.0492,456774636701154.562500
-0.29642,0.0244,0.054,456774636701154.562500
-0.29640999999999995,0.0228,0.0548,456774636701154.562500
-0.2964,0.0228,0.054,456774636701154.562500
-0.29639,0.0188,0.055600000000000004,456774636701154.562500
-0.29638,0.022000000000000002,0.058,456774636701154.562500
-0.29637,0.0188,0.050800000000000005,456774636701154.562500
-0.29635999999999996,0.0204,0.0548,456774636701154.562500
-0.29635,0.0188,0.054,456774636701154.562500
-0.29634,0.022000000000000002,0.0524,456774636701154.562500
-0.29633,0.0204,0.0436,456774636701154.562500
-0.29632,0.022000000000000002,0.05,456774636701154.562500
-0.29630999999999996,0.022000000000000002,0.05,456774636701154.562500
-0.2963,0.022000000000000002,0.0548,456774636701154.562500
-0.29628999999999994,0.0212,0.058,456774636701154.562500
-0.29628,0.0236,0.05,456774636701154.562500
-0.29627,0.0236,0.045200000000000004,456774636701154.562500
-0.29625999999999997,0.0228,0.046,456774636701154.562500
-0.29625,0.022000000000000002,0.055600000000000004,456774636701154.562500
-0.29623999999999995,0.0228,0.048400000000000006,456774636701154.562500
-0.29623,0.0204,0.0524,456774636701154.562500
-0.29622,0.0236,0.05,456774636701154.562500
-0.29621,0.0212,0.055600000000000004,456774636701154.562500
-0.2962,0.0244,0.056400000000000006,456774636701154.562500
-0.29618999999999995,0.015600000000000001,0.058,456774636701154.562500
-0.29618,0.022000000000000002,0.058,456774636701154.562500
-0.29617,0.0228,0.055600000000000004,456774636701154.562500
-0.29616,0.0244,0.053200000000000004,456774636701154.562500
-0.29615,0.0228,0.056400000000000006,456774636701154.562500
-0.29613999999999996,0.0236,0.056400000000000006,456774636701154.562500
-0.29613,0.0236,0.0548,456774636701154.562500
-0.29612,0.0228,0.056400000000000006,456774636701154.562500
-0.29611,0.0228,0.056400000000000006,456774636701154.562500
-0.2961,0.0244,0.055600000000000004,456774636701154.562500
-0.29608999999999996,0.0236,0.0572,456774636701154.562500
-0.29608,0.0196,0.058,456774636701154.562500
-0.29606999999999994,0.0212,0.0572,456774636701154.562500
-0.29606,0.0228,0.053200000000000004,456774636701154.562500
-0.29605,0.0212,0.0572,456774636701154.562500
-0.29603999999999997,0.0204,0.054,456774636701154.562500
-0.29603,0.022000000000000002,0.056400000000000006,456774636701154.562500
-0.29601999999999995,0.0196,0.048400000000000006,456774636701154.562500
-0.29601,0.022000000000000002,0.058800000000000005,456774636701154.562500
-0.296,0.0188,0.0468,456774636701154.562500
-0.29599,0.0236,0.055600000000000004,456774636701154.562500
-0.29598,0.0236,0.056400000000000006,456774636701154.562500
-0.29596999999999996,0.0212,0.0524,456774636701154.562500
-0.29596,0.022000000000000002,0.055600000000000004,456774636701154.562500
-0.29595,0.022000000000000002,0.0516,456774636701154.562500
-0.29594,0.0236,0.0548,456774636701154.562500
-0.29592999999999997,0.0244,0.0468,456774636701154.562500
-0.29591999999999996,0.0236,0.053200000000000004,456774636701154.562500
-0.29591,0.022000000000000002,0.054,456774636701154.562500
-0.2959,0.0244,0.0572,456774636701154.562500
-0.29589,0.026000000000000002,0.056400000000000006,456774636701154.562500
-0.29588,0.0244,0.054,456774636701154.562500
-0.29586999999999997,0.0244,0.056400000000000006,456774636701154.562500
-0.29586,0.0244,0.0524,456774636701154.562500
-0.29584999999999995,0.0236,0.058,456774636701154.562500
-0.29584,0.0228,0.05,456774636701154.562500
-0.29583,0.0244,0.056400000000000006,456774636701154.562500
-0.29581999999999997,0.0244,0.0548,456774636701154.562500
-0.29581,0.0244,0.056400000000000006,456774636701154.562500
-0.29579999999999995,0.0228,0.0492,456774636701154.562500
-0.29579,0.0236,0.053200000000000004,456774636701154.562500
-0.29578,0.0236,0.054,456774636701154.562500
-0.29577,0.0236,0.05,456774636701154.562500
-0.29576,0.0236,0.055600000000000004,456774636701154.562500
-0.29574999999999996,0.0228,0.056400000000000006,456774636701154.562500
-0.29574,0.0212,0.0524,456774636701154.562500
-0.29573,0.0212,0.054,456774636701154.562500
-0.29572,0.0228,0.055600000000000004,456774636701154.562500
-0.29571,0.022000000000000002,0.058,456774636701154.562500
-0.29569999999999996,0.022000000000000002,0.0524,456774636701154.562500
-0.29569,0.0236,0.056400000000000006,456774636701154.562500
-0.29567999999999994,0.0236,0.0548,456774636701154.562500
-0.29567,0.0228,0.058,456774636701154.562500
-0.29566,0.0228,0.058,456774636701154.562500
-0.29564999999999997,0.0228,0.0572,456774636701154.562500
-0.29564,0.0236,0.0572,456774636701154.562500
-0.29562999999999995,0.0228,0.056400000000000006,456774636701154.562500
-0.29562,0.0244,0.058,456774636701154.562500
-0.29561,0.0236,0.0572,456774636701154.562500
-0.2956,0.0228,0.058,456774636701154.562500
-0.29559,0.0236,0.0492,456774636701154.562500
-0.29557999999999995,0.0252,0.0548,456774636701154.562500
-0.29557,0.0244,0.0476,456774636701154.562500
-0.29556,0.0252,0.055600000000000004,456774636701154.562500
-0.29555,0.022000000000000002,0.0516,456774636701154.562500
-0.29554,0.0228,0.055600000000000004,456774636701154.562500
-0.29552999999999996,0.0236,0.055600000000000004,456774636701154.562500
-0.29552,0.0236,0.055600000000000004,456774636701154.562500
-0.29551,0.0228,0.056400000000000006,456774636701154.562500
-0.2955,0.0252,0.055600000000000004,456774636701154.562500
-0.29549,0.0228,0.055600000000000004,456774636701154.562500
-0.29547999999999996,0.0228,0.055600000000000004,456774636701154.562500
-0.29547,0.0228,0.056400000000000006,456774636701154.562500
-0.29545999999999994,0.0244,0.055600000000000004,456774636701154.562500
-0.29545,0.0228,0.055600000000000004,456774636701154.562500
-0.29544,0.0228,0.0548,456774636701154.562500
-0.29542999999999997,0.0228,0.056400000000000006,456774636701154.562500
-0.29542,0.022000000000000002,0.0476,456774636701154.562500
-0.29540999999999995,0.022000000000000002,0.058,456774636701154.562500
-0.2954,0.022000000000000002,0.050800000000000005,456774636701154.562500
-0.29539,0.0196,0.055600000000000004,456774636701154.562500
-0.29538,0.0236,0.056400000000000006,456774636701154.562500
-0.29537,0.0196,0.054,456774636701154.562500
-0.29535999999999996,0.022000000000000002,0.058800000000000005,456774636701154.562500
-0.29535,0.022000000000000002,0.056400000000000006,456774636701154.562500
-0.29534,0.0204,0.056400000000000006,456774636701154.562500
-0.29533,0.0212,0.055600000000000004,456774636701154.562500
-0.29531999999999997,0.022000000000000002,0.0572,456774636701154.562500
-0.29530999999999996,0.0212,0.0572,456774636701154.562500
-0.2953,0.0244,0.054,456774636701154.562500
-0.29529,0.0212,0.0572,456774636701154.562500
-0.29528,0.0236,0.055600000000000004,456774636701154.562500
-0.29527,0.0236,0.054,456774636701154.562500
-0.29525999999999997,0.0244,0.050800000000000005,456774636701154.562500
-0.29525,0.0236,0.050800000000000005,456774636701154.562500
-0.29523999999999995,0.0244,0.0572,456774636701154.562500
-0.29523,0.0228,0.0548,456774636701154.562500
-0.29522,0.0244,0.053200000000000004,456774636701154.562500
-0.29521,0.0244,0.0572,456774636701154.562500
-0.2952,0.0244,0.0572,456774636701154.562500
-0.29518999999999995,0.0228,0.0524,456774636701154.562500
-0.29518,0.0244,0.055600000000000004,456774636701154.562500
-0.29517,0.0212,0.058,456774636701154.562500
-0.29516,0.022000000000000002,0.0572,456774636701154.562500
-0.29515,0.0236,0.046,456774636701154.562500
-0.29513999999999996,0.0228,0.058,456774636701154.562500
-0.29513,0.022000000000000002,0.055600000000000004,456774636701154.562500
-0.29512,0.0204,0.058,456774636701154.562500
-0.29511,0.022000000000000002,0.058800000000000005,456774636701154.562500
-0.2951,0.0204,0.0572,456774636701154.562500
-0.29508999999999996,0.022000000000000002,0.058,456774636701154.562500
-0.29508,0.022000000000000002,0.046,456774636701154.562500
-0.29506999999999994,0.0228,0.0548,456774636701154.562500
-0.29506,0.022000000000000002,0.055600000000000004,456774636701154.562500
-0.29505,0.0212,0.058,456774636701154.562500
-0.29503999999999997,0.0212,0.058,456774636701154.562500
-0.29503,0.0204,0.056400000000000006,456774636701154.562500
-0.29501999999999995,0.0212,0.0548,456774636701154.562500
-0.29501,0.0212,0.056400000000000006,456774636701154.562500
-0.295,0.022000000000000002,0.054,456774636701154.562500
-0.29499,0.022000000000000002,0.056400000000000006,456774636701154.562500
-0.29498,0.0244,0.0516,456774636701154.562500
-0.29496999999999995,0.0244,0.058,456774636701154.562500
-0.29496,0.0236,0.056400000000000006,456774636701154.562500
-0.29495,0.018000000000000002,0.058,456774636701154.562500
-0.29494,0.0196,0.0572,456774636701154.562500
-0.29492999999999997,0.0188,0.0596,456774636701154.562500
-0.29491999999999996,0.0212,0.058,456774636701154.562500
-0.29491,0.022000000000000002,0.0468,456774636701154.562500
-0.2949,0.0212,0.056400000000000006,456774636701154.562500
-0.29489,0.022000000000000002,0.055600000000000004,456774636701154.562500
-0.29488,0.0244,0.056400000000000006,456774636701154.562500
-0.29486999999999997,0.0228,0.055600000000000004,456774636701154.562500
-0.29486,0.0228,0.0572,456774636701154.562500
-0.29484999999999995,0.0212,0.056400000000000006,456774636701154.562500
-0.29484,0.0228,0.0492,456774636701154.562500
-0.29483,0.022000000000000002,0.056400000000000006,456774636701154.562500
-0.29481999999999997,0.0204,0.056400000000000006,456774636701154.562500
-0.29481,0.022000000000000002,0.055600000000000004,456774636701154.562500
-0.29479999999999995,0.0172,0.054,456774636701154.562500
-0.29479,0.0196,0.058,456774636701154.562500
-0.29478,0.0188,0.054,456774636701154.562500
-0.29477,0.0236,0.058,456774636701154.562500
-0.29476,0.022000000000000002,0.0548,456774636701154.562500
-0.29474999999999996,0.022000000000000002,0.058,456774636701154.562500
-0.29474,0.0228,0.0572,456774636701154.562500
-0.29473,0.0236,0.055600000000000004,456774636701154.562500
-0.29472,0.0244,0.055600000000000004,456774636701154.562500
-0.29470999999999997,0.022000000000000002,0.0572,456774636701154.562500
-0.29469999999999996,0.0228,0.058,456774636701154.562500
-0.29469,0.0244,0.055600000000000004,456774636701154.562500
-0.29467999999999994,0.0244,0.055600000000000004,456774636701154.562500
-0.29467,0.0228,0.058,456774636701154.562500
-0.29466,0.022000000000000002,0.058,456774636701154.562500
-0.29464999999999997,0.022000000000000002,0.056400000000000006,456774636701154.562500
-0.29464,0.0244,0.055600000000000004,456774636701154.562500
-0.29462999999999995,0.022000000000000002,0.056400000000000006,456774636701154.562500
-0.29462,0.0252,0.055600000000000004,456774636701154.562500
-0.29461,0.018000000000000002,0.055600000000000004,456774636701154.562500
-0.2946,0.0188,0.055600000000000004,456774636701154.562500
-0.29459,0.015600000000000001,0.056400000000000006,456774636701154.562500
-0.29457999999999995,0.018000000000000002,0.056400000000000006,456774636701154.562500
-0.29457,0.0164,0.056400000000000006,456774636701154.562500
-0.29456,0.022000000000000002,0.0524,456774636701154.562500
-0.29455,0.0204,0.058,456774636701154.562500
-0.29454,0.0204,0.056400000000000006,456774636701154.562500
-0.29452999999999996,0.018000000000000002,0.055600000000000004,456774636701154.562500
-0.29452,0.0188,0.053200000000000004,456774636701154.562500
-0.29451,0.018000000000000002,0.0572,456774636701154.562500
-0.2945,0.0148,0.054,456774636701154.562500
-0.29449,0.015600000000000001,0.0572,456774636701154.562500
-0.29447999999999996,0.0188,0.058,456774636701154.562500
-0.29447,0.0148,0.054,456774636701154.562500
-0.29445999999999994,0.0212,0.055600000000000004,456774636701154.562500
-0.29445,0.0172,0.0516,456774636701154.562500
-0.29444,0.022000000000000002,0.058,456774636701154.562500
-0.29442999999999997,0.0196,0.058800000000000005,456774636701154.562500
-0.29442,0.022000000000000002,0.054,456774636701154.562500
-0.29440999999999995,0.0244,0.055600000000000004,456774636701154.562500
-0.2944,0.0228,0.0476,456774636701154.562500
-0.29439,0.0244,0.058,456774636701154.562500
-0.29438,0.0236,0.0572,456774636701154.562500
-0.29437,0.0252,0.058,456774636701154.562500
-0.29435999999999996,0.0236,0.056400000000000006,456774636701154.562500
-0.29435,0.0236,0.0516,456774636701154.562500
-0.29434,0.0236,0.056400000000000006,456774636701154.562500
-0.29433,0.0244,0.058,456774636701154.562500
-0.29431999999999997,0.0228,0.058,456774636701154.562500
-0.29430999999999996,0.0236,0.058,456774636701154.562500
-0.2943,0.0244,0.055600000000000004,456774636701154.562500
-0.29429,0.0236,0.0572,456774636701154.562500
-0.29428,0.0236,0.058,456774636701154.562500
-0.29427,0.022000000000000002,0.058,456774636701154.562500
-0.29425999999999997,0.0228,0.0572,456774636701154.562500
-0.29425,0.0236,0.0572,456774636701154.562500
-0.29423999999999995,0.0236,0.058,456774636701154.562500
-0.29423,0.0228,0.0572,456774636701154.562500
-0.29422,0.0228,0.0524,456774636701154.562500
-0.29420999999999997,0.0228,0.056400000000000006,456774636701154.562500
-0.2942,0.0228,0.0572,456774636701154.562500
-0.29418999999999995,0.022000000000000002,0.056400000000000006,456774636701154.562500
-0.29418,0.022000000000000002,0.053200000000000004,456774636701154.562500
-0.29417,0.0228,0.054,456774636701154.562500
-0.29416,0.0228,0.056400000000000006,456774636701154.562500
-0.29415,0.0196,0.055600000000000004,456774636701154.562500
-0.29413999999999996,0.0204,0.055600000000000004,456774636701154.562500
-0.29413,0.014,0.056400000000000006,456774636701154.562500
-0.29412,0.0196,0.058,456774636701154.562500
-0.29411,0.0188,0.056400000000000006,456774636701154.562500
-0.2941,0.0196,0.058,456774636701154.562500
-0.29408999999999996,0.0228,0.0572,456774636701154.562500
-0.29408,0.0244,0.058,456774636701154.562500
-0.29406999999999994,0.0228,0.053200000000000004,456774636701154.562500
-0.29406,0.0228,0.0572,456774636701154.562500
-0.29405,0.0252,0.0572,456774636701154.562500
-0.29403999999999997,0.0236,0.058,456774636701154.562500
-0.29403,0.0244,0.056400000000000006,456774636701154.562500
-0.29401999999999995,0.0212,0.0572,456774636701154.562500
-0.29401,0.0212,0.056400000000000006,456774636701154.562500
-0.294,0.018000000000000002,0.0524,456774636701154.562500
-0.29399,0.0228,0.0572,456774636701154.562500
-0.29398,0.0204,0.058,456774636701154.562500
-0.29396999999999995,0.022000000000000002,0.0548,456774636701154.562500
-0.29396,0.0212,0.045200000000000004,456774636701154.562500
-0.29395,0.022000000000000002,0.045200000000000004,456774636701154.562500
-0.29394,0.0204,0.0388,456774636701154.562500
-0.29393,0.022000000000000002,0.0444,456774636701154.562500
-0.29391999999999996,0.018000000000000002,0.0572,456774636701154.562500
-0.29391,0.022000000000000002,0.056400000000000006,456774636701154.562500
-0.2939,0.022000000000000002,0.0548,456774636701154.562500
-0.29389,0.0212,0.05,456774636701154.562500
-0.29388,0.0212,0.05,456774636701154.562500
-0.29386999999999996,0.0228,0.05,456774636701154.562500
-0.29386,0.0228,0.040400000000000005,456774636701154.562500
-0.29384999999999994,0.022000000000000002,0.0572,456774636701154.562500
-0.29384,0.0236,0.0468,456774636701154.562500
-0.29383,0.0204,0.0548,456774636701154.562500
-0.29381999999999997,0.0196,0.058,456774636701154.562500
-0.29381,0.018000000000000002,0.058,456774636701154.562500
-0.29379999999999995,0.022000000000000002,0.058,456774636701154.562500
-0.29379,0.0212,0.055600000000000004,456774636701154.562500
-0.29378,0.0236,0.056400000000000006,456774636701154.562500
-0.29377,0.0236,0.055600000000000004,456774636701154.562500
-0.29376,0.0244,0.0516,456774636701154.562500
-0.29374999999999996,0.0228,0.050800000000000005,456774636701154.562500
-0.29374,0.0228,0.042800000000000005,456774636701154.562500
-0.29373,0.0236,0.0548,456774636701154.562500
-0.29372,0.026000000000000002,0.0396,456774636701154.562500
-0.29370999999999997,0.0228,0.0476,456774636701154.562500
-0.29369999999999996,0.0228,0.0436,456774636701154.562500
-0.29369,0.0244,0.05,456774636701154.562500
-0.29368,0.0244,0.034800000000000005,456774636701154.562500
-0.29367,0.0228,0.054,456774636701154.562500
-0.29366,0.0244,0.055600000000000004,456774636701154.562500
-0.29364999999999997,0.0228,0.055600000000000004,456774636701154.562500
-0.29364,0.0204,0.056400000000000006,456774636701154.562500
-0.29362999999999995,0.0212,0.053200000000000004,456774636701154.562500
-0.29362,0.022000000000000002,0.050800000000000005,456774636701154.562500
-0.29361,0.0204,0.0412,456774636701154.562500
-0.29359999999999997,0.0212,0.056400000000000006,456774636701154.562500
-0.29359,0.0212,0.0572,456774636701154.562500
-0.29357999999999995,0.022000000000000002,0.056400000000000006,456774636701154.562500
-0.29357,0.0212,0.056400000000000006,456774636701154.562500
-0.29356,0.0236,0.054,456774636701154.562500
-0.29355,0.0212,0.058,456774636701154.562500
-0.29354,0.0236,0.056400000000000006,456774636701154.562500
-0.29352999999999996,0.0228,0.058,456774636701154.562500
-0.29352,0.0228,0.056400000000000006,456774636701154.562500
-0.29351,0.0228,0.056400000000000006,456774636701154.562500
-0.2935,0.022000000000000002,0.0572,456774636701154.562500
-0.29349,0.022000000000000002,0.0548,456774636701154.562500
-0.29347999999999996,0.0236,0.056400000000000006,456774636701154.562500
-0.29347,0.0244,0.055600000000000004,456774636701154.562500
-0.29345999999999994,0.0228,0.056400000000000006,456774636701154.562500
-0.29345,0.0252,0.05,456774636701154.562500
-0.29344,0.026000000000000002,0.0548,456774636701154.562500
-0.29342999999999997,0.0244,0.050800000000000005,456774636701154.562500
-0.29342,0.0244,0.0548,456774636701154.562500
-0.29340999999999995,0.0228,0.0444,456774636701154.562500
-0.2934,0.022000000000000002,0.055600000000000004,456774636701154.562500
-0.29339,0.022000000000000002,0.048400000000000006,456774636701154.562500
-0.29338,0.0236,0.0492,456774636701154.562500
-0.29337,0.022000000000000002,0.054,456774636701154.562500
-0.29335999999999995,0.022000000000000002,0.056400000000000006,456774636701154.562500
-0.29335,0.0236,0.056400000000000006,456774636701154.562500
-0.29334,0.0196,0.056400000000000006,456774636701154.562500
-0.29333,0.022000000000000002,0.056400000000000006,456774636701154.562500
-0.29331999999999997,0.0212,0.055600000000000004,456774636701154.562500
-0.29330999999999996,0.0244,0.054,456774636701154.562500
-0.2933,0.0212,0.0548,456774636701154.562500
-0.29329,0.0228,0.058,456774636701154.562500
-0.29328,0.022000000000000002,0.05,456774636701154.562500
-0.29327,0.0228,0.055600000000000004,456774636701154.562500
-0.29325999999999997,0.0228,0.0572,456774636701154.562500
-0.29325,0.022000000000000002,0.055600000000000004,456774636701154.562500
-0.29323999999999995,0.0212,0.058,456774636701154.562500
-0.29323,0.0228,0.0492,456774636701154.562500
-0.29322,0.0228,0.0492,456774636701154.562500
-0.29320999999999997,0.0228,0.050800000000000005,456774636701154.562500
-0.2932,0.0236,0.0524,456774636701154.562500
-0.29318999999999995,0.0236,0.056400000000000006,456774636701154.562500
-0.29318,0.0244,0.058,456774636701154.562500
-0.29317,0.0244,0.055600000000000004,456774636701154.562500
-0.29316,0.026000000000000002,0.058,456774636701154.562500
-0.29315,0.0236,0.056400000000000006,456774636701154.562500
-0.29313999999999996,0.0244,0.0572,456774636701154.562500
-0.29313,0.0252,0.058,456774636701154.562500
-0.29312,0.0244,0.0572,456774636701154.562500
-0.29311,0.026000000000000002,0.056400000000000006,456774636701154.562500
-0.29309999999999997,0.022000000000000002,0.056400000000000006,456774636701154.562500
-0.29308999999999996,0.0236,0.0572,456774636701154.562500
-0.29308,0.0236,0.0572,456774636701154.562500
-0.29306999999999994,0.0244,0.056400000000000006,456774636701154.562500
-0.29306,0.022000000000000002,0.0572,456774636701154.562500
-0.29305,0.022000000000000002,0.0548,456774636701154.562500
-0.29303999999999997,0.0204,0.0572,456774636701154.562500
-0.29303,0.0212,0.0524,456774636701154.562500
-0.29301999999999995,0.022000000000000002,0.0572,456774636701154.562500
-0.29301,0.0236,0.055600000000000004,456774636701154.562500
-0.293,0.0228,0.0548,456774636701154.562500
-0.29299,0.022000000000000002,0.058,456774636701154.562500
-0.29298,0.022000000000000002,0.056400000000000006,456774636701154.562500
-0.29296999999999995,0.0228,0.055600000000000004,456774636701154.562500
-0.29296,0.022000000000000002,0.058,456774636701154.562500
-0.29295,0.0228,0.058,456774636701154.562500
-0.29294,0.0236,0.056400000000000006,456774636701154.562500
-0.29293,0.0244,0.053200000000000004,456774636701154.562500
-0.29291999999999996,0.0228,0.054,456774636701154.562500
-0.29291,0.0236,0.056400000000000006,456774636701154.562500
-0.2929,0.0228,0.0572,456774636701154.562500
-0.29289,0.0236,0.0572,456774636701154.562500
-0.29288,0.0236,0.0572,456774636701154.562500
-0.29286999999999996,0.0244,0.056400000000000006,456774636701154.562500
-0.29286,0.0228,0.058,456774636701154.562500
-0.29284999999999994,0.0244,0.0572,456774636701154.562500
-0.29284,0.0252,0.058800000000000005,456774636701154.562500
-0.29283,0.022000000000000002,0.0524,456774636701154.562500
-0.29281999999999997,0.0188,0.0572,456774636701154.562500
-0.29281,0.0196,0.055600000000000004,456774636701154.562500
-0.29279999999999995,0.0236,0.058800000000000005,456774636701154.562500
-0.29279,0.0244,0.058,456774636701154.562500
-0.29278,0.0228,0.056400000000000006,456774636701154.562500
-0.29277,0.0236,0.0596,456774636701154.562500
-0.29276,0.0212,0.058,456774636701154.562500
-0.29274999999999995,0.0236,0.0572,456774636701154.562500
-0.29274,0.022000000000000002,0.058,456774636701154.562500
-0.29273,0.0196,0.055600000000000004,456774636701154.562500
-0.29272,0.0204,0.0548,456774636701154.562500
-0.29270999999999997,0.0204,0.058,456774636701154.562500
-0.29269999999999996,0.0228,0.0468,456774636701154.562500
-0.29269,0.0204,0.055600000000000004,456774636701154.562500
-0.29268,0.0228,0.0524,456774636701154.562500
-0.29267,0.022000000000000002,0.056400000000000006,456774636701154.562500
-0.29266,0.022000000000000002,0.0572,456774636701154.562500
-0.29264999999999997,0.0228,0.055600000000000004,456774636701154.562500
-0.29264,0.0196,0.056400000000000006,456774636701154.562500
-0.29262999999999995,0.0236,0.056400000000000006,456774636701154.562500
-0.29262,0.022000000000000002,0.055600000000000004,456774636701154.562500
-0.29261,0.0236,0.058,456774636701154.562500
-0.29259999999999997,0.0228,0.056400000000000006,456774636701154.562500
-0.29259,0.0196,0.058,456774636701154.562500
-0.29257999999999995,0.0236,0.058,456774636701154.562500
-0.29257,0.018000000000000002,0.058,456774636701154.562500
-0.29256,0.0236,0.0572,456774636701154.562500
-0.29255,0.0236,0.0572,456774636701154.562500
-0.29254,0.0252,0.0572,456774636701154.562500
-0.29252999999999996,0.0244,0.0516,456774636701154.562500
-0.29252,0.0244,0.0572,456774636701154.562500
-0.29251,0.0236,0.058800000000000005,456774636701154.562500
-0.2925,0.0236,0.058800000000000005,456774636701154.562500
-0.29248999999999997,0.0236,0.055600000000000004,456774636701154.562500
-0.29247999999999996,0.0228,0.0524,456774636701154.562500
-0.29247,0.0244,0.054,456774636701154.562500
-0.29245999999999994,0.0236,0.0572,456774636701154.562500
-0.29245,0.0244,0.0572,456774636701154.562500
-0.29244,0.0228,0.0572,456774636701154.562500
-0.29242999999999997,0.022000000000000002,0.0572,456774636701154.562500
-0.29242,0.022000000000000002,0.058,456774636701154.562500
-0.29240999999999995,0.022000000000000002,0.056400000000000006,456774636701154.562500
-0.2924,0.018000000000000002,0.0572,456774636701154.562500
-0.29239,0.0196,0.058,456774636701154.562500
-0.29238,0.0204,0.058,456774636701154.562500
-0.29237,0.0212,0.058,456774636701154.562500
-0.29235999999999995,0.022000000000000002,0.0572,456774636701154.562500
-0.29235,0.0228,0.0548,456774636701154.562500
-0.29234,0.0212,0.056400000000000006,456774636701154.562500
-0.29233,0.022000000000000002,0.0572,456774636701154.562500
-0.29232,0.022000000000000002,0.0572,456774636701154.562500
-0.29230999999999996,0.0236,0.056400000000000006,456774636701154.562500
-0.2923,0.0236,0.058,456774636701154.562500
-0.29229,0.022000000000000002,0.058,456774636701154.562500
-0.29228,0.0244,0.0572,456774636701154.562500
-0.29227,0.0244,0.056400000000000006,456774636701154.562500
-0.29225999999999996,0.0236,0.056400000000000006,456774636701154.562500
-0.29225,0.0244,0.0548,456774636701154.562500
-0.29223999999999994,0.0244,0.056400000000000006,456774636701154.562500
-0.29223,0.022000000000000002,0.056400000000000006,456774636701154.562500
-0.29222,0.0244,0.056400000000000006,456774636701154.562500
-0.29220999999999997,0.0228,0.055600000000000004,456774636701154.562500
-0.2922,0.022000000000000002,0.050800000000000005,456774636701154.562500
-0.29218999999999995,0.0252,0.058,456774636701154.562500
-0.29218,0.026000000000000002,0.0572,456774636701154.562500
-0.29217,0.0236,0.058,456774636701154.562500
-0.29216,0.0228,0.058,456774636701154.562500
-0.29215,0.0228,0.055600000000000004,456774636701154.562500
-0.29213999999999996,0.0228,0.0572,456774636701154.562500
-0.29213,0.0228,0.055600000000000004,456774636701154.562500
-0.29212,0.0252,0.055600000000000004,456774636701154.562500
-0.29211,0.0212,0.058,456774636701154.562500
-0.29209999999999997,0.0228,0.055600000000000004,456774636701154.562500
-0.29208999999999996,0.0228,0.058,456774636701154.562500
-0.29208,0.022000000000000002,0.055600000000000004,456774636701154.562500
-0.29207,0.0212,0.0572,456774636701154.562500
-0.29206,0.0228,0.0548,456774636701154.562500
-0.29205,0.022000000000000002,0.056400000000000006,456774636701154.562500
-0.29203999999999997,0.0236,0.0476,456774636701154.562500
-0.29203,0.022000000000000002,0.0476,456774636701154.562500
-0.29201999999999995,0.022000000000000002,0.05,456774636701154.562500
-0.29201,0.022000000000000002,0.0492,456774636701154.562500
-0.292,0.022000000000000002,0.054,456774636701154.562500
-0.29198999999999997,0.0196,0.054,456774636701154.562500
-0.29198,0.0236,0.0572,456774636701154.562500
-0.29196999999999995,0.0228,0.0572,456774636701154.562500
-0.29196,0.0244,0.0548,456774636701154.562500
-0.29195,0.0244,0.0548,456774636701154.562500
-0.29194,0.0236,0.055600000000000004,456774636701154.562500
-0.29193,0.022000000000000002,0.056400000000000006,456774636701154.562500
-0.29191999999999996,0.0228,0.056400000000000006,456774636701154.562500
-0.29191,0.0244,0.056400000000000006,456774636701154.562500
-0.2919,0.0244,0.0572,456774636701154.562500
-0.29189,0.0204,0.058,456774636701154.562500
-0.29188,0.018000000000000002,0.058,456774636701154.562500
-0.29186999999999996,0.022000000000000002,0.055600000000000004,456774636701154.562500
-0.29186,0.0236,0.058,456774636701154.562500
-0.29184999999999994,0.0252,0.055600000000000004,456774636701154.562500
-0.29184,0.0236,0.058,456774636701154.562500
-0.29183,0.0236,0.056400000000000006,456774636701154.562500
-0.29181999999999997,0.0228,0.058800000000000005,456774636701154.562500
-0.29181,0.0228,0.056400000000000006,456774636701154.562500
-0.29179999999999995,0.0204,0.0572,456774636701154.562500
-0.29179,0.0236,0.0572,456774636701154.562500
-0.29178,0.0236,0.0572,456774636701154.562500
-0.29177,0.022000000000000002,0.054,456774636701154.562500
-0.29176,0.0212,0.048400000000000006,456774636701154.562500
-0.29174999999999995,0.022000000000000002,0.0524,456774636701154.562500
-0.29174,0.0236,0.058,456774636701154.562500
-0.29173,0.022000000000000002,0.056400000000000006,456774636701154.562500
-0.29172,0.0204,0.058,456774636701154.562500
-0.29170999999999997,0.022000000000000002,0.0524,456774636701154.562500
-0.29169999999999996,0.022000000000000002,0.055600000000000004,456774636701154.562500
-0.29169,0.022000000000000002,0.055600000000000004,456774636701154.562500
-0.29168,0.0228,0.0572,456774636701154.562500
-0.29167,0.022000000000000002,0.0572,456774636701154.562500
-0.29166,0.0228,0.0548,456774636701154.562500
-0.29164999999999996,0.0212,0.055600000000000004,456774636701154.562500
-0.29164,0.0228,0.0524,456774636701154.562500
-0.29162999999999994,0.0244,0.0572,456774636701154.562500
-0.29162,0.0252,0.055600000000000004,456774636701154.562500
-0.29161,0.0236,0.0572,456774636701154.562500
-0.29159999999999997,0.0244,0.0572,456774636701154.562500
-0.29159,0.0244,0.058,456774636701154.562500
-0.29157999999999995,0.0244,0.0572,456774636701154.562500
-0.29157,0.0244,0.0524,456774636701154.562500
-0.29156,0.0236,0.0572,456774636701154.562500
-0.29155,0.0228,0.056400000000000006,456774636701154.562500
-0.29154,0.0236,0.054,456774636701154.562500
-0.29152999999999996,0.022000000000000002,0.056400000000000006,456774636701154.562500
-0.29152,0.0228,0.0548,456774636701154.562500
-0.29151,0.0236,0.054,456774636701154.562500
-0.2915,0.0212,0.0524,456774636701154.562500
-0.29148999999999997,0.0228,0.054,456774636701154.562500
-0.29147999999999996,0.0212,0.055600000000000004,456774636701154.562500
-0.29147,0.0228,0.058,456774636701154.562500
-0.29145999999999994,0.022000000000000002,0.054,456774636701154.562500
-0.29145,0.0212,0.056400000000000006,456774636701154.562500
-0.29144,0.0204,0.055600000000000004,456774636701154.562500
-0.29142999999999997,0.018000000000000002,0.058800000000000005,456774636701154.562500
-0.29142,0.0236,0.058,456774636701154.562500
-0.29140999999999995,0.022000000000000002,0.056400000000000006,456774636701154.562500
-0.2914,0.022000000000000002,0.0572,456774636701154.562500
-0.29139,0.0228,0.0572,456774636701154.562500
-0.29138,0.022000000000000002,0.0572,456774636701154.562500
-0.29137,0.0228,0.0572,456774636701154.562500
-0.29135999999999995,0.0212,0.0572,456774636701154.562500
-0.29135,0.0196,0.056400000000000006,456774636701154.562500
-0.29134,0.0228,0.056400000000000006,456774636701154.562500
-0.29133,0.0236,0.058,456774636701154.562500
-0.29132,0.0244,0.054,456774636701154.562500
-0.29130999999999996,0.0244,0.055600000000000004,456774636701154.562500
-0.2913,0.0244,0.0524,456774636701154.562500
-0.29129,0.0228,0.0548,456774636701154.562500
-0.29128,0.0236,0.0596,456774636701154.562500
-0.29127,0.0236,0.055600000000000004,456774636701154.562500
-0.29125999999999996,0.0228,0.058,456774636701154.562500
-0.29125,0.0236,0.056400000000000006,456774636701154.562500
-0.29123999999999994,0.0188,0.056400000000000006,456774636701154.562500
-0.29123,0.0236,0.0572,456774636701154.562500
-0.29122,0.0212,0.056400000000000006,456774636701154.562500
-0.29120999999999997,0.022000000000000002,0.056400000000000006,456774636701154.562500
-0.2912,0.022000000000000002,0.0516,456774636701154.562500
-0.29118999999999995,0.022000000000000002,0.0572,456774636701154.562500
-0.29118,0.0228,0.056400000000000006,456774636701154.562500
-0.29117,0.022000000000000002,0.056400000000000006,456774636701154.562500
-0.29116,0.0212,0.058,456774636701154.562500
-0.29115,0.0212,0.054,456774636701154.562500
-0.29113999999999995,0.0228,0.0524,456774636701154.562500
-0.29113,0.0204,0.055600000000000004,456774636701154.562500
-0.29112,0.0228,0.0524,456774636701154.562500
-0.29111,0.0164,0.056400000000000006,456774636701154.562500
-0.29109999999999997,0.022000000000000002,0.056400000000000006,456774636701154.562500
-0.29108999999999996,0.0196,0.053200000000000004,456774636701154.562500
-0.29108,0.022000000000000002,0.0548,456774636701154.562500
-0.29107,0.0236,0.045200000000000004,456774636701154.562500
-0.29106,0.0212,0.042,456774636701154.562500
-0.29105,0.0236,0.0492,456774636701154.562500
-0.29103999999999997,0.0236,0.050800000000000005,456774636701154.562500
-0.29103,0.0236,0.053200000000000004,456774636701154.562500
-0.29101999999999995,0.0244,0.055600000000000004,456774636701154.562500
-0.29101,0.0252,0.0572,456774636701154.562500
-0.291,0.0244,0.0572,456774636701154.562500
-0.29098999999999997,0.0236,0.0572,456774636701154.562500
-0.29098,0.0244,0.0548,456774636701154.562500
-0.29096999999999995,0.0252,0.050800000000000005,456774636701154.562500
-0.29096,0.0236,0.0548,456774636701154.562500
-0.29095,0.0244,0.056400000000000006,456774636701154.562500
-0.29094,0.0196,0.058,456774636701154.562500
-0.29093,0.0196,0.053200000000000004,456774636701154.562500
-0.29091999999999996,0.022000000000000002,0.058,456774636701154.562500
-0.29091,0.0228,0.054,456774636701154.562500
-0.2909,0.022000000000000002,0.058,456774636701154.562500
-0.29089,0.022000000000000002,0.0548,456774636701154.562500
-0.29087999999999997,0.022000000000000002,0.056400000000000006,456774636701154.562500
-0.29086999999999996,0.0228,0.0524,456774636701154.562500
-0.29086,0.0236,0.058,456774636701154.562500
-0.29084999999999994,0.0212,0.058,456774636701154.562500
-0.29084,0.0244,0.054,456774636701154.562500
-0.29083,0.0228,0.0524,456774636701154.562500
-0.29081999999999997,0.0228,0.0476,456774636701154.562500
-0.29081,0.022000000000000002,0.048400000000000006,456774636701154.562500
-0.29079999999999995,0.0212,0.0548,456774636701154.562500
-0.29079,0.022000000000000002,0.0548,456774636701154.562500
-0.29078,0.0236,0.053200000000000004,456774636701154.562500
-0.29077,0.0236,0.0524,456774636701154.562500
-0.29076,0.0236,0.056400000000000006,456774636701154.562500
-0.29074999999999995,0.0228,0.058,456774636701154.562500
-0.29074,0.0244,0.058,456774636701154.562500
-0.29073,0.0252,0.056400000000000006,456774636701154.562500
-0.29072,0.0228,0.0572,456774636701154.562500
-0.29071,0.015600000000000001,0.0572,456774636701154.562500
-0.29069999999999996,0.0228,0.0516,456774636701154.562500
-0.29069,0.0244,0.058,456774636701154.562500
-0.29068,0.0236,0.054,456774636701154.562500
-0.29067,0.0244,0.0572,456774636701154.562500
-0.29066,0.0236,0.046,456774636701154.562500
-0.29064999999999996,0.022000000000000002,0.0572,456774636701154.562500
-0.29064,0.022000000000000002,0.0364,456774636701154.562500
-0.29062999999999994,0.0228,0.053200000000000004,456774636701154.562500
-0.29062,0.0196,0.055600000000000004,456774636701154.562500
-0.29061,0.0228,0.058,456774636701154.562500
-0.29059999999999997,0.0236,0.054,456774636701154.562500
-0.29059,0.0244,0.058,456774636701154.562500
-0.29057999999999995,0.0204,0.0572,456774636701154.562500
-0.29057,0.0236,0.056400000000000006,456774636701154.562500
-0.29056,0.0228,0.053200000000000004,456774636701154.562500
-0.29055,0.022000000000000002,0.058,456774636701154.562500
-0.29054,0.0196,0.055600000000000004,456774636701154.562500
-0.29052999999999995,0.0212,0.056400000000000006,456774636701154.562500
-0.29052,0.0212,0.058,456774636701154.562500
-0.29051,0.0204,0.055600000000000004,456774636701154.562500
-0.2905,0.0204,0.0572,456774636701154.562500
-0.29048999999999997,0.0196,0.0572,456774636701154.562500
-0.29047999999999996,0.0212,0.056400000000000006,456774636701154.562500
-0.29047,0.0204,0.0572,456774636701154.562500
-0.29046,0.018000000000000002,0.0516,456774636701154.562500
-0.29045,0.0236,0.05,456774636701154.562500
-0.29044,0.022000000000000002,0.055600000000000004,456774636701154.562500
-0.29042999999999997,0.022000000000000002,0.0572,456774636701154.562500
-0.29042,0.0244,0.058,456774636701154.562500
-0.29040999999999995,0.0236,0.0572,456774636701154.562500
-0.2904,0.0236,0.056400000000000006,456774636701154.562500
-0.29039,0.0228,0.0548,456774636701154.562500
-0.29037999999999997,0.022000000000000002,0.056400000000000006,456774636701154.562500
-0.29037,0.0204,0.056400000000000006,456774636701154.562500
-0.29035999999999995,0.0236,0.056400000000000006,456774636701154.562500
-0.29035,0.0228,0.053200000000000004,456774636701154.562500
-0.29034,0.0236,0.053200000000000004,456774636701154.562500
-0.29033,0.0236,0.0548,456774636701154.562500
-0.29032,0.0236,0.056400000000000006,456774636701154.562500
-0.29030999999999996,0.0172,0.056400000000000006,456774636701154.562500
-0.2903,0.0204,0.055600000000000004,456774636701154.562500
-0.29029,0.022000000000000002,0.0548,456774636701154.562500
-0.29028,0.022000000000000002,0.058,456774636701154.562500
-0.29027,0.0228,0.0572,456774636701154.562500
-0.29025999999999996,0.0228,0.058,456774636701154.562500
-0.29025,0.0196,0.05,456774636701154.562500
-0.29023999999999994,0.0228,0.056400000000000006,456774636701154.562500
-0.29023,0.0196,0.058,456774636701154.562500
-0.29022,0.022000000000000002,0.056400000000000006,456774636701154.562500
-0.29020999999999997,0.022000000000000002,0.0572,456774636701154.562500
-0.2902,0.0196,0.0572,456774636701154.562500
-0.29018999999999995,0.022000000000000002,0.058,456774636701154.562500
-0.29018,0.022000000000000002,0.0572,456774636701154.562500
-0.29017,0.0236,0.056400000000000006,456774636701154.562500
-0.29016,0.0228,0.056400000000000006,456774636701154.562500
-0.29015,0.022000000000000002,0.054,456774636701154.562500
-0.29013999999999995,0.0244,0.056400000000000006,456774636701154.562500
-0.29013,0.0236,0.053200000000000004,456774636701154.562500
-0.29012,0.0236,0.0548,456774636701154.562500
-0.29011,0.0236,0.0572,456774636701154.562500
-0.29009999999999997,0.0236,0.0572,456774636701154.562500
-0.29008999999999996,0.0228,0.0572,456774636701154.562500
-0.29008,0.0236,0.056400000000000006,456774636701154.562500
-0.29007,0.022000000000000002,0.056400000000000006,456774636701154.562500
-0.29006,0.0244,0.0572,456774636701154.562500
-0.29005,0.0228,0.0572,456774636701154.562500
-0.29003999999999996,0.0236,0.055600000000000004,456774636701154.562500
-0.29003,0.0236,0.056400000000000006,456774636701154.562500
-0.29001999999999994,0.0252,0.056400000000000006,456774636701154.562500
-0.29001,0.0236,0.056400000000000006,456774636701154.562500
-0.29,0.022000000000000002,0.056400000000000006,456774636701154.562500
-0.28998999999999997,0.022000000000000002,0.0548,456774636701154.562500
-0.28998,0.0212,0.0572,456774636701154.562500
-0.28996999999999995,0.0228,0.056400000000000006,456774636701154.562500
-0.28996,0.018000000000000002,0.056400000000000006,456774636701154.562500
-0.28995,0.0212,0.058,456774636701154.562500
-0.28994,0.018000000000000002,0.055600000000000004,456774636701154.562500
-0.28993,0.0228,0.0524,456774636701154.562500
-0.28991999999999996,0.0212,0.055600000000000004,456774636701154.562500
-0.28991,0.0204,0.0548,456774636701154.562500
-0.2899,0.0204,0.058,456774636701154.562500
-0.28989,0.0172,0.0572,456774636701154.562500
-0.28987999999999997,0.022000000000000002,0.055600000000000004,456774636701154.562500
-0.28986999999999996,0.0196,0.0548,456774636701154.562500
-0.28986,0.0196,0.0524,456774636701154.562500
-0.28985,0.0188,0.0572,456774636701154.562500
-0.28984,0.0236,0.058,456774636701154.562500
-0.28983,0.0228,0.058,456774636701154.562500
-0.28981999999999997,0.0228,0.0572,456774636701154.562500
-0.28981,0.0236,0.056400000000000006,456774636701154.562500
-0.28979999999999995,0.0236,0.0548,456774636701154.562500
-0.28979,0.0236,0.055600000000000004,456774636701154.562500
-0.28978,0.0252,0.058,456774636701154.562500
-0.28976999999999997,0.0244,0.054,456774636701154.562500
-0.28976,0.0204,0.054,456774636701154.562500
-0.28974999999999995,0.0228,0.050800000000000005,456774636701154.562500
-0.28974,0.0212,0.054,456774636701154.562500
-0.28973,0.0228,0.056400000000000006,456774636701154.562500
-0.28972,0.0236,0.056400000000000006,456774636701154.562500
-0.28971,0.0204,0.056400000000000006,456774636701154.562500
-0.28969999999999996,0.0228,0.0572,456774636701154.562500
-0.28969,0.0244,0.056400000000000006,456774636701154.562500
-0.28968,0.0228,0.053200000000000004,456774636701154.562500
-0.28967,0.0212,0.058,456774636701154.562500
-0.28966,0.0228,0.054,456774636701154.562500
-0.28964999999999996,0.0228,0.058,456774636701154.562500
-0.28964,0.0204,0.042800000000000005,456774636701154.562500
-0.28962999999999994,0.0204,0.058,456774636701154.562500
-0.28962,0.0212,0.0572,456774636701154.562500
-0.28961,0.022000000000000002,0.053200000000000004,456774636701154.562500
-0.28959999999999997,0.0196,0.0524,456774636701154.562500
-0.28959,0.022000000000000002,0.056400000000000006,456774636701154.562500
-0.28957999999999995,0.022000000000000002,0.054,456774636701154.562500
-0.28957,0.0228,0.055600000000000004,456774636701154.562500
-0.28956,0.0244,0.055600000000000004,456774636701154.562500
-0.28955,0.022000000000000002,0.055600000000000004,456774636701154.562500
-0.28954,0.0236,0.0572,456774636701154.562500
-0.28952999999999995,0.0228,0.056400000000000006,456774636701154.562500
-0.28952,0.0228,0.058,456774636701154.562500
-0.28951,0.0236,0.0548,456774636701154.562500
-0.2895,0.0244,0.058,456774636701154.562500
-0.28948999999999997,0.0252,0.055600000000000004,456774636701154.562500
-0.28947999999999996,0.0228,0.055600000000000004,456774636701154.562500
-0.28947,0.0236,0.0572,456774636701154.562500
-0.28946,0.0228,0.0572,456774636701154.562500
-0.28945,0.0244,0.0548,456774636701154.562500
-0.28944,0.0252,0.0548,456774636701154.562500
-0.28942999999999997,0.0204,0.056400000000000006,456774636701154.562500
-0.28942,0.022000000000000002,0.0516,456774636701154.562500
-0.28940999999999995,0.0228,0.0572,456774636701154.562500
-0.2894,0.0244,0.0572,456774636701154.562500
-0.28939,0.0236,0.056400000000000006,456774636701154.562500
-0.28937999999999997,0.0228,0.0572,456774636701154.562500
-0.28937,0.022000000000000002,0.0572,456774636701154.562500
-0.28935999999999995,0.0236,0.056400000000000006,456774636701154.562500
-0.28935,0.0204,0.0572,456774636701154.562500
-0.28934,0.022000000000000002,0.055600000000000004,456774636701154.562500
-0.28933,0.0212,0.058,456774636701154.562500
-0.28932,0.0228,0.055600000000000004,456774636701154.562500
-0.28930999999999996,0.0188,0.053200000000000004,456774636701154.562500
-0.2893,0.022000000000000002,0.053200000000000004,456774636701154.562500
-0.28929,0.022000000000000002,0.056400000000000006,456774636701154.562500
-0.28928,0.0188,0.0572,456774636701154.562500
-0.28926999999999997,0.0244,0.0572,456774636701154.562500
-0.28925999999999996,0.0212,0.056400000000000006,456774636701154.562500
-0.28925,0.0228,0.056400000000000006,456774636701154.562500
-0.28923999999999994,0.0236,0.058,456774636701154.562500
-0.28923,0.0244,0.058,456774636701154.562500
-0.28922,0.022000000000000002,0.058,456774636701154.562500
-0.28920999999999997,0.0252,0.0572,456774636701154.562500
-0.2892,0.0236,0.0524,456774636701154.562500
-0.28918999999999995,0.022000000000000002,0.056400000000000006,456774636701154.562500
-0.28918,0.0228,0.056400000000000006,456774636701154.562500
-0.28917,0.0236,0.055600000000000004,456774636701154.562500
-0.28916,0.0228,0.058,456774636701154.562500
-0.28915,0.0236,0.0516,456774636701154.562500
-0.28913999999999995,0.0252,0.055600000000000004,456774636701154.562500
-0.28913,0.0252,0.058800000000000005,456774636701154.562500
-0.28912,0.0244,0.055600000000000004,456774636701154.562500
-0.28911,0.0244,0.056400000000000006,456774636701154.562500
-0.2891,0.0236,0.054,456774636701154.562500
-0.28908999999999996,0.0252,0.0572,456774636701154.562500
-0.28908,0.0212,0.0572,456774636701154.562500
-0.28907,0.0212,0.053200000000000004,456774636701154.562500
-0.28906,0.0228,0.0572,456774636701154.562500
-0.28905,0.026000000000000002,0.055600000000000004,456774636701154.562500
-0.28903999999999996,0.0212,0.055600000000000004,456774636701154.562500
-0.28903,0.015600000000000001,0.046,456774636701154.562500
-0.28901999999999994,0.0204,0.056400000000000006,456774636701154.562500
-0.28901,0.0188,0.056400000000000006,456774636701154.562500
-0.289,0.0188,0.0572,456774636701154.562500
-0.28898999999999997,0.018000000000000002,0.056400000000000006,456774636701154.562500
-0.28898,0.0228,0.0548,456774636701154.562500
-0.28896999999999995,0.0204,0.055600000000000004,456774636701154.562500
-0.28896,0.022000000000000002,0.056400000000000006,456774636701154.562500
-0.28895,0.022000000000000002,0.055600000000000004,456774636701154.562500
-0.28894,0.0204,0.056400000000000006,456774636701154.562500
-0.28893,0.0212,0.0572,456774636701154.562500
-0.28891999999999995,0.0236,0.055600000000000004,456774636701154.562500
-0.28891,0.0164,0.058,456774636701154.562500
-0.2889,0.0252,0.0572,456774636701154.562500
-0.28889,0.0236,0.058,456774636701154.562500
-0.28887999999999997,0.0244,0.056400000000000006,456774636701154.562500
-0.28886999999999996,0.0236,0.058,456774636701154.562500
-0.28886,0.0244,0.056400000000000006,456774636701154.562500
-0.28885,0.022000000000000002,0.058,456774636701154.562500
-0.28884,0.0244,0.0548,456774636701154.562500
-0.28883,0.0212,0.0572,456774636701154.562500
-0.28881999999999997,0.022000000000000002,0.055600000000000004,456774636701154.562500
-0.28881,0.0244,0.056400000000000006,456774636701154.562500
-0.28879999999999995,0.0148,0.0548,456774636701154.562500
-0.28879,0.0228,0.0572,456774636701154.562500
-0.28878,0.0196,0.055600000000000004,456774636701154.562500
-0.28876999999999997,0.022000000000000002,0.058,456774636701154.562500
-0.28876,0.022000000000000002,0.056400000000000006,456774636701154.562500
-0.28874999999999995,0.022000000000000002,0.058,456774636701154.562500
-0.28874,0.022000000000000002,0.058,456774636701154.562500
-0.28873,0.0236,0.0572,456774636701154.562500
-0.28872,0.0204,0.056400000000000006,456774636701154.562500
-0.28871,0.022000000000000002,0.058,456774636701154.562500
-0.28869999999999996,0.0228,0.054,456774636701154.562500
-0.28869,0.0148,0.056400000000000006,456774636701154.562500
-0.28868,0.0228,0.0572,456774636701154.562500
-0.28867,0.0228,0.056400000000000006,456774636701154.562500
-0.28865999999999997,0.0212,0.058,456774636701154.562500
-0.28864999999999996,0.022000000000000002,0.055600000000000004,456774636701154.562500
-0.28864,0.0204,0.0572,456774636701154.562500
-0.28862999999999994,0.0244,0.058,456774636701154.562500
-0.28862,0.0244,0.058,456774636701154.562500
-0.28861,0.0196,0.056400000000000006,456774636701154.562500
-0.28859999999999997,0.0228,0.0524,456774636701154.562500
-0.28859,0.018000000000000002,0.056400000000000006,456774636701154.562500
-0.28857999999999995,0.0252,0.0476,456774636701154.562500
-0.28857,0.0244,0.0516,456774636701154.562500
-0.28856,0.0244,0.056400000000000006,456774636701154.562500
-0.28855,0.0252,0.0572,456774636701154.562500
-0.28854,0.0212,0.0572,456774636701154.562500
-0.28852999999999995,0.0236,0.0572,456774636701154.562500
-0.28852,0.0164,0.055600000000000004,456774636701154.562500
-0.28851,0.0228,0.055600000000000004,456774636701154.562500
-0.2885,0.022000000000000002,0.056400000000000006,456774636701154.562500
-0.28849,0.0228,0.0516,456774636701154.562500
-0.28847999999999996,0.022000000000000002,0.056400000000000006,456774636701154.562500
-0.28847,0.0236,0.055600000000000004,456774636701154.562500
-0.28846,0.022000000000000002,0.056400000000000006,456774636701154.562500
-0.28845,0.022000000000000002,0.058,456774636701154.562500
-0.28844,0.0244,0.056400000000000006,456774636701154.562500
-0.28842999999999996,0.0196,0.056400000000000006,456774636701154.562500
-0.28842,0.0212,0.056400000000000006,456774636701154.562500
-0.28840999999999994,0.022000000000000002,0.058,456774636701154.562500
-0.2884,0.0196,0.055600000000000004,456774636701154.562500
-0.28839,0.0228,0.058,456774636701154.562500
-0.28837999999999997,0.0228,0.0572,456774636701154.562500
-0.28837,0.022000000000000002,0.0572,456774636701154.562500
-0.28835999999999995,0.0228,0.0572,456774636701154.562500
-0.28835,0.0236,0.056400000000000006,456774636701154.562500
-0.28834,0.0228,0.056400000000000006,456774636701154.562500
-0.28833,0.022000000000000002,0.0572,456774636701154.562500
-0.28832,0.0228,0.056400000000000006,456774636701154.562500
-0.28830999999999996,0.0212,0.058,456774636701154.562500
-0.2883,0.0228,0.0572,456774636701154.562500
-0.28829,0.022000000000000002,0.0516,456774636701154.562500
-0.28828,0.0228,0.0572,456774636701154.562500
-0.28826999999999997,0.0204,0.055600000000000004,456774636701154.562500
-0.28825999999999996,0.0228,0.058,456774636701154.562500
-0.28825,0.0244,0.0516,456774636701154.562500
-0.28824,0.0252,0.0548,456774636701154.562500
-0.28823,0.0244,0.054,456774636701154.562500
-0.28822,0.0236,0.056400000000000006,456774636701154.562500
-0.28820999999999997,0.0236,0.056400000000000006,456774636701154.562500
-0.2882,0.0236,0.055600000000000004,456774636701154.562500
-0.28818999999999995,0.0228,0.056400000000000006,456774636701154.562500
-0.28818,0.0236,0.055600000000000004,456774636701154.562500
-0.28817,0.022000000000000002,0.056400000000000006,456774636701154.562500
-0.28815999999999997,0.0244,0.055600000000000004,456774636701154.562500
-0.28815,0.0212,0.056400000000000006,456774636701154.562500
-0.28813999999999995,0.022000000000000002,0.055600000000000004,456774636701154.562500
-0.28813,0.022000000000000002,0.0492,456774636701154.562500
-0.28812,0.0228,0.056400000000000006,456774636701154.562500
-0.28811,0.022000000000000002,0.0572,456774636701154.562500
-0.2881,0.022000000000000002,0.055600000000000004,456774636701154.562500
-0.28808999999999996,0.022000000000000002,0.055600000000000004,456774636701154.562500
-0.28808,0.022000000000000002,0.056400000000000006,456774636701154.562500
-0.28807,0.0212,0.0492,456774636701154.562500
-0.28806,0.0204,0.054,456774636701154.562500
-0.28805,0.0228,0.055600000000000004,456774636701154.562500
-0.28803999999999996,0.0244,0.0572,456774636701154.562500
-0.28803,0.022000000000000002,0.054,456774636701154.562500
-0.28801999999999994,0.0228,0.056400000000000006,456774636701154.562500
-0.28801,0.026000000000000002,0.0572,456774636701154.562500
-0.288,0.0228,0.05,456774636701154.562500
-0.28798999999999997,0.0244,0.054,456774636701154.562500
-0.28798,0.0244,0.0572,456774636701154.562500
-0.28796999999999995,0.0244,0.058,456774636701154.562500
-0.28796,0.0236,0.0572,456774636701154.562500
-0.28795,0.0244,0.056400000000000006,456774636701154.562500
-0.28794,0.0236,0.0548,456774636701154.562500
-0.28793,0.0228,0.0548,456774636701154.562500
-0.28791999999999995,0.0236,0.058,456774636701154.562500
-0.28791,0.0244,0.055600000000000004,456774636701154.562500
-0.2879,0.0244,0.056400000000000006,456774636701154.562500
-0.28789,0.0236,0.054,456774636701154.562500
-0.28787999999999997,0.0228,0.0548,456774636701154.562500
-0.28786999999999996,0.022000000000000002,0.054,456774636701154.562500
-0.28786,0.0236,0.0548,456774636701154.562500
-0.28785,0.0252,0.055600000000000004,456774636701154.562500
-0.28784,0.0236,0.056400000000000006,456774636701154.562500
-0.28783,0.0228,0.058,456774636701154.562500
-0.28781999999999996,0.022000000000000002,0.058,456774636701154.562500
-0.28781,0.022000000000000002,0.058,456774636701154.562500
-0.28779999999999994,0.022000000000000002,0.0524,456774636701154.562500
-0.28779,0.0204,0.055600000000000004,456774636701154.562500
-0.28778,0.0228,0.0572,456774636701154.562500
-0.28776999999999997,0.0188,0.055600000000000004,456774636701154.562500
-0.28776,0.022000000000000002,0.0548,456774636701154.562500
-0.28774999999999995,0.0212,0.0524,456774636701154.562500
-0.28774,0.022000000000000002,0.056400000000000006,456774636701154.562500
-0.28773,0.0228,0.058,456774636701154.562500
-0.28772,0.0236,0.0572,456774636701154.562500
-0.28771,0.0228,0.058800000000000005,456774636701154.562500
-0.28769999999999996,0.0244,0.055600000000000004,456774636701154.562500
-0.28769,0.0228,0.0548,456774636701154.562500
-0.28768,0.0236,0.055600000000000004,456774636701154.562500
-0.28767,0.0244,0.056400000000000006,456774636701154.562500
-0.28765999999999997,0.0228,0.0572,456774636701154.562500
-0.28764999999999996,0.0236,0.0572,456774636701154.562500
-0.28764,0.0236,0.0468,456774636701154.562500
-0.28762999999999994,0.0252,0.058,456774636701154.562500
-0.28762,0.0252,0.054,456774636701154.562500
-0.28761,0.0244,0.053200000000000004,456774636701154.562500
-0.28759999999999997,0.0244,0.055600000000000004,456774636701154.562500
-0.28759,0.0236,0.0572,456774636701154.562500
-0.28757999999999995,0.0244,0.053200000000000004,456774636701154.562500
-0.28757,0.0204,0.058,456774636701154.562500
-0.28756,0.0228,0.046,456774636701154.562500
-0.28755,0.018000000000000002,0.0524,456774636701154.562500
-0.28754,0.0228,0.05,456774636701154.562500
-0.28752999999999995,0.0188,0.058,456774636701154.562500
-0.28752,0.0228,0.0524,456774636701154.562500
-0.28751,0.022000000000000002,0.0572,456774636701154.562500
-0.2875,0.0212,0.055600000000000004,456774636701154.562500
-0.28749,0.0212,0.0572,456774636701154.562500
-0.28747999999999996,0.022000000000000002,0.0548,456774636701154.562500
-0.28747,0.0236,0.053200000000000004,456774636701154.562500
-0.28746,0.0228,0.056400000000000006,456774636701154.562500
-0.28745,0.0228,0.0572,456774636701154.562500
-0.28744,0.022000000000000002,0.054,456774636701154.562500
-0.28742999999999996,0.0236,0.053200000000000004,456774636701154.562500
-0.28742,0.0212,0.056400000000000006,456774636701154.562500
-0.28740999999999994,0.022000000000000002,0.055600000000000004,456774636701154.562500
-0.2874,0.0212,0.056400000000000006,456774636701154.562500
-0.28739,0.0212,0.0516,456774636701154.562500
-0.28737999999999997,0.0236,0.056400000000000006,456774636701154.562500
-0.28737,0.0244,0.05,456774636701154.562500
-0.28735999999999995,0.0236,0.058,456774636701154.562500
-0.28735,0.0228,0.0548,456774636701154.562500
-0.28734,0.0252,0.0524,456774636701154.562500
-0.28733,0.0228,0.056400000000000006,456774636701154.562500
-0.28732,0.022000000000000002,0.055600000000000004,456774636701154.562500
-0.28730999999999995,0.0236,0.058,456774636701154.562500
-0.2873,0.022000000000000002,0.056400000000000006,456774636701154.562500
-0.28729,0.022000000000000002,0.056400000000000006,456774636701154.562500
-0.28728,0.022000000000000002,0.058,456774636701154.562500
-0.28726999999999997,0.0204,0.058,456774636701154.562500
-0.28725999999999996,0.0228,0.0572,456774636701154.562500
-0.28725,0.0228,0.058,456774636701154.562500
-0.28724,0.0228,0.058,456774636701154.562500
-0.28723,0.022000000000000002,0.056400000000000006,456774636701154.562500
-0.28722,0.022000000000000002,0.056400000000000006,456774636701154.562500
-0.28720999999999997,0.0228,0.0572,456774636701154.562500
-0.2872,0.0212,0.055600000000000004,456774636701154.562500
-0.28718999999999995,0.0212,0.058,456774636701154.562500
-0.28718,0.022000000000000002,0.058,456774636701154.562500
-0.28717,0.0212,0.055600000000000004,456774636701154.562500
-0.28715999999999997,0.0228,0.0572,456774636701154.562500
-0.28715,0.0228,0.0572,456774636701154.562500
-0.28713999999999995,0.022000000000000002,0.0572,456774636701154.562500
-0.28713,0.022000000000000002,0.0572,456774636701154.562500
-0.28712,0.0204,0.0572,456774636701154.562500
-0.28711,0.0212,0.0572,456774636701154.562500
-0.2871,0.022000000000000002,0.058,456774636701154.562500
-0.28708999999999996,0.0236,0.055600000000000004,456774636701154.562500
-0.28708,0.0244,0.058,456774636701154.562500
-0.28707,0.0236,0.0572,456774636701154.562500
-0.28706,0.0236,0.058,456774636701154.562500
-0.28704999999999997,0.0244,0.056400000000000006,456774636701154.562500
-0.28703999999999996,0.0236,0.056400000000000006,456774636701154.562500
-0.28703,0.026000000000000002,0.054,456774636701154.562500
-0.28701999999999994,0.0228,0.056400000000000006,456774636701154.562500
-0.28701,0.0236,0.0572,456774636701154.562500
-0.287,0.0204,0.056400000000000006,456774636701154.562500
-0.28698999999999997,0.0212,0.056400000000000006,456774636701154.562500
-0.28698,0.0244,0.0572,456774636701154.562500
-0.28696999999999995,0.0252,0.0516,456774636701154.562500
-0.28696,0.0228,0.056400000000000006,456774636701154.562500
-0.28695,0.0228,0.056400000000000006,456774636701154.562500
-0.28694,0.0228,0.0548,456774636701154.562500
-0.28693,0.0212,0.0572,456774636701154.562500
-0.28691999999999995,0.022000000000000002,0.053200000000000004,456774636701154.562500
-0.28691,0.022000000000000002,0.0572,456774636701154.562500
-0.2869,0.022000000000000002,0.055600000000000004,456774636701154.562500
-0.28689,0.0172,0.056400000000000006,456774636701154.562500
-0.28688,0.0236,0.055600000000000004,456774636701154.562500
-0.28686999999999996,0.022000000000000002,0.055600000000000004,456774636701154.562500
-0.28686,0.0236,0.0492,456774636701154.562500
-0.28685,0.0228,0.053200000000000004,456774636701154.562500
-0.28684,0.0212,0.054,456774636701154.562500
-0.28683,0.0196,0.055600000000000004,456774636701154.562500
-0.28681999999999996,0.0212,0.056400000000000006,456774636701154.562500
-0.28681,0.0236,0.0548,456774636701154.562500
-0.28679999999999994,0.0228,0.0572,456774636701154.562500
-0.28679,0.0228,0.055600000000000004,456774636701154.562500
-0.28678,0.0236,0.058,456774636701154.562500
-0.28676999999999997,0.0236,0.055600000000000004,456774636701154.562500
-0.28676,0.0228,0.056400000000000006,456774636701154.562500
-0.28674999999999995,0.0244,0.054,456774636701154.562500
-0.28674,0.0236,0.058,456774636701154.562500
-0.28673,0.0252,0.0516,456774636701154.562500
-0.28672,0.0236,0.058,456774636701154.562500
-0.28671,0.0252,0.045200000000000004,456774636701154.562500
-0.28669999999999995,0.0244,0.050800000000000005,456774636701154.562500
-0.28669,0.0228,0.055600000000000004,456774636701154.562500
-0.28668,0.022000000000000002,0.0572,456774636701154.562500
-0.28667,0.022000000000000002,0.0524,456774636701154.562500
-0.28665999999999997,0.0244,0.055600000000000004,456774636701154.562500
-0.28664999999999996,0.0228,0.0548,456774636701154.562500
-0.28664,0.0212,0.056400000000000006,456774636701154.562500
-0.28663,0.0212,0.058,456774636701154.562500
-0.28662,0.0228,0.055600000000000004,456774636701154.562500
-0.28661,0.0204,0.0572,456774636701154.562500
-0.28659999999999997,0.0228,0.054,456774636701154.562500
-0.28659,0.0196,0.0548,456774636701154.562500
-0.28657999999999995,0.0228,0.0548,456774636701154.562500
-0.28657,0.022000000000000002,0.0548,456774636701154.562500
-0.28656,0.0228,0.056400000000000006,456774636701154.562500
-0.28654999999999997,0.0204,0.0548,456774636701154.562500
-0.28654,0.022000000000000002,0.056400000000000006,456774636701154.562500
-0.28652999999999995,0.0212,0.0492,456774636701154.562500
-0.28652,0.0228,0.058,456774636701154.562500
-0.28651,0.0228,0.058,456774636701154.562500
-0.2865,0.0236,0.055600000000000004,456774636701154.562500
-0.28649,0.0244,0.054,456774636701154.562500
-0.28647999999999996,0.0228,0.0572,456774636701154.562500
-0.28647,0.0244,0.053200000000000004,456774636701154.562500
-0.28646,0.0244,0.0572,456774636701154.562500
-0.28645,0.0236,0.0476,456774636701154.562500
-0.28644,0.0244,0.055600000000000004,456774636701154.562500
-0.28642999999999996,0.0252,0.056400000000000006,456774636701154.562500
-0.28642,0.0204,0.0572,456774636701154.562500
-0.28640999999999994,0.0244,0.055600000000000004,456774636701154.562500
-0.2864,0.022000000000000002,0.0548,456774636701154.562500
-0.28639,0.0244,0.0572,456774636701154.562500
-0.28637999999999997,0.0252,0.053200000000000004,456774636701154.562500
-0.28637,0.0236,0.0572,456774636701154.562500
-0.28635999999999995,0.0236,0.055600000000000004,456774636701154.562500
-0.28635,0.0228,0.055600000000000004,456774636701154.562500
-0.28634,0.0236,0.056400000000000006,456774636701154.562500
-0.28633,0.0236,0.056400000000000006,456774636701154.562500
-0.28632,0.0228,0.0516,456774636701154.562500
-0.28630999999999995,0.0228,0.0572,456774636701154.562500
-0.2863,0.022000000000000002,0.058,456774636701154.562500
-0.28629,0.0196,0.0548,456774636701154.562500
-0.28628,0.018000000000000002,0.058,456774636701154.562500
-0.28626999999999997,0.0196,0.0524,456774636701154.562500
-0.28625999999999996,0.022000000000000002,0.055600000000000004,456774636701154.562500
-0.28625,0.022000000000000002,0.0572,456774636701154.562500
-0.28624,0.0236,0.0548,456774636701154.562500
-0.28623,0.0228,0.0572,456774636701154.562500
-0.28622,0.022000000000000002,0.055600000000000004,456774636701154.562500
-0.28620999999999996,0.0244,0.054,456774636701154.562500
-0.2862,0.022000000000000002,0.0524,456774636701154.562500
-0.28618999999999994,0.0228,0.053200000000000004,456774636701154.562500
-0.28618,0.0236,0.0572,456774636701154.562500
-0.28617,0.0244,0.056400000000000006,456774636701154.562500
-0.28615999999999997,0.0244,0.054,456774636701154.562500
-0.28615,0.0244,0.0548,456774636701154.562500
-0.28613999999999995,0.0244,0.056400000000000006,456774636701154.562500
-0.28613,0.0244,0.056400000000000006,456774636701154.562500
-0.28612,0.0212,0.0572,456774636701154.562500
-0.28611,0.0252,0.055600000000000004,456774636701154.562500
-0.2861,0.0228,0.0572,456774636701154.562500
-0.28608999999999996,0.0228,0.056400000000000006,456774636701154.562500
-0.28608,0.0236,0.056400000000000006,456774636701154.562500
-0.28607,0.0212,0.058,456774636701154.562500
-0.28606,0.0244,0.058,456774636701154.562500
-0.28604999999999997,0.0236,0.050800000000000005,456774636701154.562500
-0.28603999999999996,0.0236,0.055600000000000004,456774636701154.562500
-0.28603,0.0212,0.0572,456774636701154.562500
-0.28601999999999994,0.022000000000000002,0.056400000000000006,456774636701154.562500
-0.28601,0.0236,0.056400000000000006,456774636701154.562500
-0.286,0.022000000000000002,0.055600000000000004,456774636701154.562500
-0.28598999999999997,0.0212,0.056400000000000006,456774636701154.562500
-0.28598,0.0212,0.0572,456774636701154.562500
-0.28596999999999995,0.0228,0.0572,456774636701154.562500
-0.28596,0.0188,0.055600000000000004,456774636701154.562500
-0.28595,0.022000000000000002,0.0572,456774636701154.562500
-0.28593999999999997,0.022000000000000002,0.05,456774636701154.562500
-0.28593,0.0228,0.056400000000000006,456774636701154.562500
-0.28591999999999995,0.0228,0.058800000000000005,456774636701154.562500
-0.28591,0.0188,0.0524,456774636701154.562500
-0.2859,0.0188,0.055600000000000004,456774636701154.562500
-0.28589,0.022000000000000002,0.0548,456774636701154.562500
-0.28588,0.0236,0.058,456774636701154.562500
-0.28586999999999996,0.0252,0.056400000000000006,456774636701154.562500
-0.28586,0.0244,0.0524,456774636701154.562500
-0.28585,0.022000000000000002,0.058,456774636701154.562500
-0.28584,0.0244,0.05,456774636701154.562500
-0.28583,0.0244,0.0572,456774636701154.562500
-0.28581999999999996,0.0236,0.0548,456774636701154.562500
-0.28581,0.0252,0.0572,456774636701154.562500
-0.28579999999999994,0.0252,0.0492,456774636701154.562500
-0.28579,0.0228,0.056400000000000006,456774636701154.562500
-0.28578,0.0228,0.055600000000000004,456774636701154.562500
-0.28576999999999997,0.0252,0.0524,456774636701154.562500
-0.28576,0.0236,0.055600000000000004,456774636701154.562500
-0.28574999999999995,0.022000000000000002,0.0524,456774636701154.562500
-0.28574,0.022000000000000002,0.0572,456774636701154.562500
-0.28573,0.0228,0.055600000000000004,456774636701154.562500
-0.28572,0.0228,0.0548,456774636701154.562500
-0.28571,0.022000000000000002,0.058,456774636701154.562500
-0.28569999999999995,0.0252,0.056400000000000006,456774636701154.562500
-0.28569,0.0236,0.0572,456774636701154.562500
-0.28568,0.0236,0.058800000000000005,456774636701154.562500
-0.28567,0.022000000000000002,0.058,456774636701154.562500
-0.28565999999999997,0.0212,0.055600000000000004,456774636701154.562500
-0.28564999999999996,0.022000000000000002,0.050800000000000005,456774636701154.562500
-0.28564,0.0212,0.0572,456774636701154.562500
-0.28563,0.0212,0.054,456774636701154.562500
-0.28562,0.022000000000000002,0.055600000000000004,456774636701154.562500
-0.28561,0.0212,0.055600000000000004,456774636701154.562500
-0.28559999999999997,0.0228,0.056400000000000006,456774636701154.562500
-0.28559,0.0244,0.0572,456774636701154.562500
-0.28557999999999995,0.0228,0.0572,456774636701154.562500
-0.28557,0.0228,0.055600000000000004,456774636701154.562500
-0.28556,0.0188,0.054,456774636701154.562500
-0.28554999999999997,0.0252,0.0516,456774636701154.562500
-0.28554,0.0244,0.054,456774636701154.562500
-0.28552999999999995,0.0252,0.055600000000000004,456774636701154.562500
-0.28552,0.0244,0.055600000000000004,456774636701154.562500
-0.28551,0.0236,0.058,456774636701154.562500
-0.2855,0.0252,0.0572,456774636701154.562500
-0.28549,0.0252,0.058,456774636701154.562500
-0.28547999999999996,0.0236,0.0572,456774636701154.562500
-0.28547,0.0236,0.0572,456774636701154.562500
-0.28546,0.0244,0.056400000000000006,456774636701154.562500
-0.28545,0.0212,0.058,456774636701154.562500
-0.28543999999999997,0.0212,0.050800000000000005,456774636701154.562500
-0.28542999999999996,0.0236,0.056400000000000006,456774636701154.562500
-0.28542,0.022000000000000002,0.0572,456774636701154.562500
-0.28540999999999994,0.0228,0.056400000000000006,456774636701154.562500
-0.2854,0.0236,0.050800000000000005,456774636701154.562500
-0.28539,0.022000000000000002,0.048400000000000006,456774636701154.562500
-0.28537999999999997,0.0212,0.050800000000000005,456774636701154.562500
-0.28537,0.0228,0.056400000000000006,456774636701154.562500
-0.28535999999999995,0.022000000000000002,0.054,456774636701154.562500
-0.28535,0.0228,0.056400000000000006,456774636701154.562500
-0.28534,0.0188,0.058,456774636701154.562500
-0.28533,0.0212,0.0516,456774636701154.562500
-0.28532,0.022000000000000002,0.056400000000000006,456774636701154.562500
-0.28530999999999995,0.0228,0.0572,456774636701154.562500
-0.2853,0.0228,0.054,456774636701154.562500
-0.28529,0.0204,0.058,456774636701154.562500
-0.28528,0.0244,0.0548,456774636701154.562500
-0.28527,0.0212,0.056400000000000006,456774636701154.562500
-0.28525999999999996,0.0244,0.055600000000000004,456774636701154.562500
-0.28525,0.0244,0.058,456774636701154.562500
-0.28524,0.0252,0.055600000000000004,456774636701154.562500
-0.28523,0.0244,0.054,456774636701154.562500
-0.28522,0.0212,0.0516,456774636701154.562500
-0.28520999999999996,0.0244,0.05,456774636701154.562500
-0.2852,0.0236,0.053200000000000004,456774636701154.562500
-0.28518999999999994,0.0252,0.056400000000000006,456774636701154.562500
-0.28518,0.0236,0.058,456774636701154.562500
-0.28517,0.0236,0.0572,456774636701154.562500
-0.28515999999999997,0.0204,0.0572,456774636701154.562500
-0.28515,0.0228,0.056400000000000006,456774636701154.562500
-0.28513999999999995,0.0236,0.0572,456774636701154.562500
-0.28513,0.0236,0.0572,456774636701154.562500
-0.28512,0.022000000000000002,0.056400000000000006,456774636701154.562500
-0.28511,0.0236,0.054,456774636701154.562500
-0.2851,0.0236,0.0572,456774636701154.562500
-0.28508999999999995,0.015600000000000001,0.054,456774636701154.562500
-0.28508,0.0244,0.0572,456774636701154.562500
-0.28507,0.0164,0.0548,456774636701154.562500
-0.28506,0.0228,0.056400000000000006,456774636701154.562500
-0.28504999999999997,0.0212,0.0524,456774636701154.562500
-0.28503999999999996,0.022000000000000002,0.053200000000000004,456774636701154.562500
-0.28503,0.0228,0.056400000000000006,456774636701154.562500
-0.28502,0.0236,0.058800000000000005,456774636701154.562500
-0.28501,0.022000000000000002,0.056400000000000006,456774636701154.562500
-0.285,0.0204,0.056400000000000006,456774636701154.562500
-0.28498999999999997,0.0204,0.058,456774636701154.562500
-0.28498,0.0236,0.056400000000000006,456774636701154.562500
-0.28496999999999995,0.0204,0.0572,456774636701154.562500
-0.28496,0.022000000000000002,0.0572,456774636701154.562500
-0.28495,0.0244,0.0572,456774636701154.562500
-0.28493999999999997,0.018000000000000002,0.0548,456774636701154.562500
-0.28493,0.0236,0.0476,456774636701154.562500
-0.28491999999999995,0.0212,0.056400000000000006,456774636701154.562500
-0.28491,0.0252,0.0468,456774636701154.562500
-0.2849,0.0228,0.056400000000000006,456774636701154.562500
-0.28489,0.0228,0.0572,456774636701154.562500
-0.28488,0.0244,0.058800000000000005,456774636701154.562500
-0.28486999999999996,0.0228,0.050800000000000005,456774636701154.562500
-0.28486,0.0244,0.056400000000000006,456774636701154.562500
-0.28485,0.0228,0.058,456774636701154.562500
-0.28484,0.0244,0.0572,456774636701154.562500
-0.28482999999999997,0.0236,0.055600000000000004,456774636701154.562500
-0.28481999999999996,0.0244,0.058,456774636701154.562500
-0.28481,0.0228,0.050800000000000005,456774636701154.562500
-0.28479999999999994,0.0236,0.055600000000000004,456774636701154.562500
-0.28479,0.0228,0.048400000000000006,456774636701154.562500
-0.28478,0.0252,0.054,456774636701154.562500
-0.28476999999999997,0.0244,0.0492,456774636701154.562500
-0.28476,0.022000000000000002,0.055600000000000004,456774636701154.562500
-0.28474999999999995,0.022000000000000002,0.058,456774636701154.562500
-0.28474,0.0236,0.056400000000000006,456774636701154.562500
-0.28473,0.0228,0.056400000000000006,456774636701154.562500
-0.28472,0.022000000000000002,0.0524,456774636701154.562500
-0.28471,0.0228,0.0572,456774636701154.562500
-0.28469999999999995,0.0228,0.048400000000000006,456774636701154.562500
-0.28469,0.0228,0.0548,456774636701154.562500
-0.28468,0.0236,0.053200000000000004,456774636701154.562500
-0.28467,0.0236,0.055600000000000004,456774636701154.562500
-0.28465999999999997,0.0212,0.0492,456774636701154.562500
-0.28464999999999996,0.0236,0.058,456774636701154.562500
-0.28464,0.0244,0.056400000000000006,456774636701154.562500
-0.28463,0.022000000000000002,0.0572,456774636701154.562500
-0.28462,0.018000000000000002,0.0548,456774636701154.562500
-0.28461,0.0212,0.058,456774636701154.562500
-0.28459999999999996,0.018000000000000002,0.058,456774636701154.562500
-0.28459,0.0228,0.0516,456774636701154.562500
-0.28457999999999994,0.0236,0.055600000000000004,456774636701154.562500
-0.28457,0.0236,0.0524,456774636701154.562500
-0.28456,0.0236,0.0572,456774636701154.562500
-0.28454999999999997,0.0212,0.055600000000000004,456774636701154.562500
-0.28454,0.0236,0.0572,456774636701154.562500
-0.28452999999999995,0.0244,0.0548,456774636701154.562500
-0.28452,0.0228,0.0572,456774636701154.562500
-0.28451,0.0228,0.0516,456774636701154.562500
-0.2845,0.0228,0.055600000000000004,456774636701154.562500
-0.28449,0.022000000000000002,0.050800000000000005,456774636701154.562500
-0.28447999999999996,0.0236,0.0524,456774636701154.562500
-0.28447,0.022000000000000002,0.056400000000000006,456774636701154.562500
-0.28446,0.0196,0.056400000000000006,456774636701154.562500
-0.28445,0.0204,0.056400000000000006,456774636701154.562500
-0.28443999999999997,0.0212,0.055600000000000004,456774636701154.562500
-0.28442999999999996,0.022000000000000002,0.0548,456774636701154.562500
-0.28442,0.022000000000000002,0.056400000000000006,456774636701154.562500
-0.28441,0.0228,0.056400000000000006,456774636701154.562500
-0.2844,0.022000000000000002,0.054,456774636701154.562500
-0.28439,0.022000000000000002,0.056400000000000006,456774636701154.562500
-0.28437999999999997,0.022000000000000002,0.054,456774636701154.562500
-0.28437,0.022000000000000002,0.056400000000000006,456774636701154.562500
-0.28435999999999995,0.022000000000000002,0.055600000000000004,456774636701154.562500
-0.28435,0.0236,0.056400000000000006,456774636701154.562500
-0.28434,0.0244,0.0468,456774636701154.562500
-0.28432999999999997,0.0204,0.0572,456774636701154.562500
-0.28432,0.026000000000000002,0.055600000000000004,456774636701154.562500
-0.28430999999999995,0.0228,0.055600000000000004,456774636701154.562500
-0.2843,0.0228,0.0516,456774636701154.562500
-0.28429,0.0212,0.054,456774636701154.562500
-0.28428,0.0244,0.056400000000000006,456774636701154.562500
-0.28427,0.0252,0.0572,456774636701154.562500
-0.28425999999999996,0.0252,0.058,456774636701154.562500
-0.28425,0.0236,0.054,456774636701154.562500
-0.28424,0.022000000000000002,0.0572,456774636701154.562500
-0.28423,0.0236,0.056400000000000006,456774636701154.562500
-0.28422,0.0228,0.0548,456774636701154.562500
-0.28420999999999996,0.022000000000000002,0.0572,456774636701154.562500
-0.2842,0.0228,0.058,456774636701154.562500
-0.28418999999999994,0.0228,0.055600000000000004,456774636701154.562500
-0.28418,0.022000000000000002,0.0572,456774636701154.562500
-0.28417,0.0236,0.053200000000000004,456774636701154.562500
-0.28415999999999997,0.0236,0.0524,456774636701154.562500
-0.28415,0.0228,0.0572,456774636701154.562500
-0.28413999999999995,0.022000000000000002,0.056400000000000006,456774636701154.562500
-0.28413,0.0228,0.056400000000000006,456774636701154.562500
-0.28412,0.022000000000000002,0.056400000000000006,456774636701154.562500
-0.28411,0.0196,0.05,456774636701154.562500
-0.2841,0.0236,0.0572,456774636701154.562500
-0.28408999999999995,0.022000000000000002,0.0572,456774636701154.562500
-0.28408,0.0236,0.055600000000000004,456774636701154.562500
-0.28407,0.0212,0.058,456774636701154.562500
-0.28406,0.0212,0.055600000000000004,456774636701154.562500
-0.28404999999999997,0.022000000000000002,0.056400000000000006,456774636701154.562500
-0.28403999999999996,0.0228,0.058,456774636701154.562500
-0.28403,0.0236,0.058800000000000005,456774636701154.562500
-0.28402,0.022000000000000002,0.056400000000000006,456774636701154.562500
-0.28401,0.0244,0.056400000000000006,456774636701154.562500
-0.284,0.026000000000000002,0.054,456774636701154.562500
-0.28398999999999996,0.0252,0.056400000000000006,456774636701154.562500
-0.28398,0.0252,0.0548,456774636701154.562500
-0.28396999999999994,0.0244,0.0548,456774636701154.562500
-0.28396,0.0252,0.0572,456774636701154.562500
-0.28395,0.0252,0.0572,456774636701154.562500
-0.28393999999999997,0.0204,0.0572,456774636701154.562500
-0.28393,0.0236,0.0572,456774636701154.562500
-0.28391999999999995,0.0228,0.058,456774636701154.562500
-0.28391,0.0244,0.0548,456774636701154.562500
-0.2839,0.0228,0.054,456774636701154.562500
-0.28389,0.022000000000000002,0.056400000000000006,456774636701154.562500
-0.28388,0.0228,0.0548,456774636701154.562500
-0.28386999999999996,0.0236,0.0572,456774636701154.562500
-0.28386,0.022000000000000002,0.055600000000000004,456774636701154.562500
-0.28385,0.022000000000000002,0.058800000000000005,456774636701154.562500
-0.28384,0.0236,0.055600000000000004,456774636701154.562500
-0.28382999999999997,0.022000000000000002,0.0572,456774636701154.562500
-0.28381999999999996,0.0212,0.050800000000000005,456774636701154.562500
-0.28381,0.022000000000000002,0.058,456774636701154.562500
-0.28379999999999994,0.0204,0.056400000000000006,456774636701154.562500
-0.28379,0.018000000000000002,0.056400000000000006,456774636701154.562500
-0.28378,0.022000000000000002,0.056400000000000006,456774636701154.562500
-0.28376999999999997,0.0188,0.058,456774636701154.562500
-0.28376,0.0244,0.054,456774636701154.562500
-0.28374999999999995,0.022000000000000002,0.053200000000000004,456774636701154.562500
-0.28374,0.0228,0.050800000000000005,456774636701154.562500
-0.28373,0.022000000000000002,0.056400000000000006,456774636701154.562500
-0.28371999999999997,0.022000000000000002,0.0572,456774636701154.562500
-0.28371,0.0244,0.056400000000000006,456774636701154.562500
-0.28369999999999995,0.0252,0.0572,456774636701154.562500
-0.28369,0.0212,0.0572,456774636701154.562500
-0.28368,0.0164,0.056400000000000006,456774636701154.562500
-0.28367,0.0196,0.058,456774636701154.562500
-0.28366,0.022000000000000002,0.0572,456774636701154.562500
-0.28364999999999996,0.022000000000000002,0.056400000000000006,456774636701154.562500
-0.28364,0.022000000000000002,0.056400000000000006,456774636701154.562500
-0.28363,0.0236,0.056400000000000006,456774636701154.562500
-0.28362,0.0228,0.056400000000000006,456774636701154.562500
-0.28361,0.0228,0.0572,456774636701154.562500
-0.28359999999999996,0.0212,0.054,456774636701154.562500
-0.28359,0.0212,0.055600000000000004,456774636701154.562500
-0.28357999999999994,0.0244,0.058,456774636701154.562500
-0.28357,0.0196,0.05,456774636701154.562500
-0.28356,0.0228,0.055600000000000004,456774636701154.562500
-0.28354999999999997,0.022000000000000002,0.054,456774636701154.562500
-0.28354,0.0228,0.0572,456774636701154.562500
-0.28352999999999995,0.022000000000000002,0.0492,456774636701154.562500
-0.28352,0.022000000000000002,0.0548,456774636701154.562500
-0.28351,0.0236,0.058800000000000005,456774636701154.562500
-0.2835,0.022000000000000002,0.0572,456774636701154.562500
-0.28349,0.0204,0.056400000000000006,456774636701154.562500
-0.28347999999999995,0.022000000000000002,0.0572,456774636701154.562500
-0.28347,0.022000000000000002,0.0572,456774636701154.562500
-0.28346,0.0228,0.056400000000000006,456774636701154.562500
-0.28345,0.0228,0.0548,456774636701154.562500
-0.28343999999999997,0.0244,0.0492,456774636701154.562500
-0.28342999999999996,0.0228,0.053200000000000004,456774636701154.562500
-0.28342,0.0236,0.058,456774636701154.562500
-0.28341,0.026000000000000002,0.058,456774636701154.562500
-0.2834,0.0252,0.056400000000000006,456774636701154.562500
-0.28339,0.0268,0.058,456774636701154.562500
-0.28337999999999997,0.0244,0.0572,456774636701154.562500
-0.28337,0.0244,0.056400000000000006,456774636701154.562500
-0.28335999999999995,0.0236,0.055600000000000004,456774636701154.562500
-0.28335,0.0244,0.0572,456774636701154.562500
-0.28334,0.0204,0.056400000000000006,456774636701154.562500
-0.28332999999999997,0.0236,0.056400000000000006,456774636701154.562500
-0.28332,0.0268,0.056400000000000006,456774636701154.562500
-0.28330999999999995,0.0236,0.0516,456774636701154.562500
-0.2833,0.0244,0.054,456774636701154.562500
-0.28329,0.0236,0.0572,456774636701154.562500
-0.28328,0.0228,0.058,456774636701154.562500
-0.28327,0.0236,0.0572,456774636701154.562500
-0.28325999999999996,0.0228,0.058800000000000005,456774636701154.562500
-0.28325,0.0236,0.058,456774636701154.562500
-0.28324,0.022000000000000002,0.0572,456774636701154.562500
-0.28323,0.0212,0.058,456774636701154.562500
-0.28321999999999997,0.0212,0.0524,456774636701154.562500
-0.28320999999999996,0.022000000000000002,0.056400000000000006,456774636701154.562500
-0.2832,0.0212,0.0516,456774636701154.562500
-0.28318999999999994,0.0212,0.058,456774636701154.562500
-0.28318,0.0204,0.056400000000000006,456774636701154.562500
-0.28317,0.022000000000000002,0.056400000000000006,456774636701154.562500
-0.28315999999999997,0.0236,0.0572,456774636701154.562500
-0.28315,0.0212,0.055600000000000004,456774636701154.562500
-0.28313999999999995,0.0244,0.056400000000000006,456774636701154.562500
-0.28313,0.0236,0.058,456774636701154.562500
-0.28312,0.0228,0.058,456774636701154.562500
-0.28311,0.0228,0.054,456774636701154.562500
-0.2831,0.0244,0.056400000000000006,456774636701154.562500
-0.28308999999999995,0.0244,0.058,456774636701154.562500
-0.28308,0.0188,0.0572,456774636701154.562500
-0.28307,0.0252,0.058,456774636701154.562500
-0.28306,0.0204,0.055600000000000004,456774636701154.562500
-0.28305,0.0252,0.0572,456774636701154.562500
-0.28303999999999996,0.0204,0.053200000000000004,456774636701154.562500
-0.28303,0.0252,0.055600000000000004,456774636701154.562500
-0.28302,0.0228,0.056400000000000006,456774636701154.562500
-0.28301,0.0204,0.058,456774636701154.562500
-0.283,0.022000000000000002,0.053200000000000004,456774636701154.562500
-0.28298999999999996,0.0244,0.0572,456774636701154.562500
-0.28298,0.0228,0.0572,456774636701154.562500
-0.28296999999999994,0.0212,0.055600000000000004,456774636701154.562500
-0.28296,0.0212,0.055600000000000004,456774636701154.562500
-0.28295,0.0228,0.058,456774636701154.562500
-0.28293999999999997,0.0228,0.058,456774636701154.562500
-0.28293,0.0196,0.058,456774636701154.562500
-0.28291999999999995,0.0228,0.055600000000000004,456774636701154.562500
-0.28291,0.022000000000000002,0.054,456774636701154.562500
-0.2829,0.022000000000000002,0.0572,456774636701154.562500
-0.28289,0.0212,0.056400000000000006,456774636701154.562500
-0.28288,0.0188,0.058,456774636701154.562500
-0.28286999999999995,0.0228,0.058,456774636701154.562500
-0.28286,0.0228,0.056400000000000006,456774636701154.562500
-0.28285,0.0244,0.056400000000000006,456774636701154.562500
-0.28284,0.0236,0.058,456774636701154.562500
-0.28282999999999997,0.0236,0.055600000000000004,456774636701154.562500
-0.28281999999999996,0.0228,0.055600000000000004,456774636701154.562500
-0.28281,0.0236,0.055600000000000004,456774636701154.562500
-0.2828,0.0244,0.056400000000000006,456774636701154.562500
-0.28279,0.0236,0.058,456774636701154.562500
-0.28278,0.0244,0.0572,456774636701154.562500
-0.28276999999999997,0.026000000000000002,0.058,456774636701154.562500
-0.28276,0.0252,0.056400000000000006,456774636701154.562500
-0.28274999999999995,0.0244,0.056400000000000006,456774636701154.562500
-0.28274,0.0252,0.048400000000000006,456774636701154.562500
-0.28273,0.0236,0.0492,456774636701154.562500
-0.28271999999999997,0.0236,0.055600000000000004,456774636701154.562500
-0.28271,0.0228,0.0524,456774636701154.562500
-0.28269999999999995,0.0236,0.058,456774636701154.562500
-0.28269,0.0236,0.055600000000000004,456774636701154.562500
-0.28268,0.0212,0.0572,456774636701154.562500
-0.28267,0.0196,0.0516,456774636701154.562500
-0.28266,0.0196,0.0548,456774636701154.562500
-0.28264999999999996,0.0212,0.053200000000000004,456774636701154.562500
-0.28264,0.018000000000000002,0.0572,456774636701154.562500
-0.28263,0.0196,0.0524,456774636701154.562500
-0.28262,0.022000000000000002,0.056400000000000006,456774636701154.562500
-0.28261,0.0212,0.0572,456774636701154.562500
-0.28259999999999996,0.0228,0.056400000000000006,456774636701154.562500
-0.28259,0.022000000000000002,0.056400000000000006,456774636701154.562500
-0.28257999999999994,0.022000000000000002,0.058800000000000005,456774636701154.562500
-0.28257,0.0236,0.058,456774636701154.562500
-0.28256,0.022000000000000002,0.053200000000000004,456774636701154.562500
-0.28254999999999997,0.0228,0.054,456774636701154.562500
-0.28254,0.0244,0.055600000000000004,456774636701154.562500
-0.28252999999999995,0.0228,0.0572,456774636701154.562500
-0.28252,0.0236,0.0572,456774636701154.562500
-0.28251,0.0244,0.0516,456774636701154.562500
-0.2825,0.0228,0.0524,456774636701154.562500
-0.28249,0.0236,0.0468,456774636701154.562500
-0.28247999999999995,0.0252,0.05,456774636701154.562500
-0.28247,0.0228,0.0572,456774636701154.562500
-0.28246,0.0228,0.0548,456774636701154.562500
-0.28245,0.0244,0.056400000000000006,456774636701154.562500
-0.28243999999999997,0.026000000000000002,0.058,456774636701154.562500
-0.28242999999999996,0.0252,0.0572,456774636701154.562500
-0.28242,0.0244,0.0572,456774636701154.562500
-0.28241,0.0228,0.0572,456774636701154.562500
-0.2824,0.0204,0.0572,456774636701154.562500
-0.28239,0.018000000000000002,0.058,456774636701154.562500
-0.28237999999999996,0.0172,0.058,456774636701154.562500
-0.28237,0.0204,0.058,456774636701154.562500
-0.28235999999999994,0.018000000000000002,0.0572,456774636701154.562500
-0.28235,0.0228,0.055600000000000004,456774636701154.562500
-0.28234,0.0236,0.058,456774636701154.562500
-0.28232999999999997,0.022000000000000002,0.054,456774636701154.562500
-0.28232,0.0196,0.056400000000000006,456774636701154.562500
-0.28230999999999995,0.022000000000000002,0.0572,456774636701154.562500
-0.2823,0.0228,0.058,456774636701154.562500
-0.28229,0.022000000000000002,0.0572,456774636701154.562500
-0.28228,0.022000000000000002,0.056400000000000006,456774636701154.562500
-0.28227,0.022000000000000002,0.0572,456774636701154.562500
-0.28225999999999996,0.0212,0.0548,456774636701154.562500
-0.28225,0.0164,0.054,456774636701154.562500
-0.28224,0.0212,0.0548,456774636701154.562500
-0.28223,0.014,0.0572,456774636701154.562500
-0.28221999999999997,0.0108,0.0572,456774636701154.562500
-0.28220999999999996,0.0148,0.0548,456774636701154.562500
-0.2822,0.0164,0.056400000000000006,456774636701154.562500
-0.28218999999999994,0.0172,0.0548,456774636701154.562500
-0.28218,0.0236,0.056400000000000006,456774636701154.562500
-0.28217,0.022000000000000002,0.058,456774636701154.562500
-0.28215999999999997,0.0236,0.053200000000000004,456774636701154.562500
-0.28215,0.0244,0.056400000000000006,456774636701154.562500
-0.28213999999999995,0.0228,0.0572,456774636701154.562500
-0.28213,0.0244,0.054,456774636701154.562500
-0.28212,0.022000000000000002,0.055600000000000004,456774636701154.562500
-0.28210999999999997,0.0228,0.050800000000000005,456774636701154.562500
-0.2821,0.0236,0.058,456774636701154.562500
-0.28208999999999995,0.0244,0.0572,456774636701154.562500
-0.28208,0.0244,0.054,456774636701154.562500
-0.28207,0.0236,0.058,456774636701154.562500
-0.28206,0.0244,0.055600000000000004,456774636701154.562500
-0.28205,0.0228,0.058,456774636701154.562500
-0.28203999999999996,0.022000000000000002,0.0572,456774636701154.562500
-0.28203,0.0236,0.0572,456774636701154.562500
-0.28202,0.0196,0.0572,456774636701154.562500
-0.28201,0.022000000000000002,0.058,456774636701154.562500
-0.282,0.0236,0.0572,456774636701154.562500
-0.28198999999999996,0.022000000000000002,0.058,456774636701154.562500
-0.28198,0.0228,0.0572,456774636701154.562500
-0.28196999999999994,0.022000000000000002,0.058,456774636701154.562500
-0.28196,0.0228,0.058,456774636701154.562500
-0.28195,0.0236,0.056400000000000006,456774636701154.562500
-0.28193999999999997,0.0212,0.0572,456774636701154.562500
-0.28193,0.0228,0.0572,456774636701154.562500
-0.28191999999999995,0.022000000000000002,0.0572,456774636701154.562500
-0.28191,0.0252,0.054,456774636701154.562500
-0.2819,0.015600000000000001,0.0572,456774636701154.562500
-0.28189,0.0236,0.058,456774636701154.562500
-0.28188,0.018000000000000002,0.058,456774636701154.562500
-0.28186999999999995,0.0204,0.055600000000000004,456774636701154.562500
-0.28186,0.0244,0.058,456774636701154.562500
-0.28185,0.0212,0.0548,456774636701154.562500
-0.28184,0.0252,0.058,456774636701154.562500
-0.28182999999999997,0.0212,0.058,456774636701154.562500
-0.28181999999999996,0.0228,0.056400000000000006,456774636701154.562500
-0.28181,0.0236,0.050800000000000005,456774636701154.562500
-0.2818,0.0252,0.0492,456774636701154.562500
-0.28179,0.0252,0.056400000000000006,456774636701154.562500
-0.28178,0.022000000000000002,0.0548,456774636701154.562500
-0.28176999999999996,0.0228,0.056400000000000006,456774636701154.562500
-0.28176,0.0212,0.0572,456774636701154.562500
-0.28174999999999994,0.0212,0.0572,456774636701154.562500
-0.28174,0.0188,0.0572,456774636701154.562500
-0.28173,0.0204,0.058,456774636701154.562500
-0.28171999999999997,0.0196,0.058,456774636701154.562500
-0.28171,0.022000000000000002,0.058,456774636701154.562500
-0.28169999999999995,0.0228,0.0572,456774636701154.562500
-0.28169,0.022000000000000002,0.0572,456774636701154.562500
-0.28168,0.0228,0.055600000000000004,456774636701154.562500
-0.28167,0.0228,0.056400000000000006,456774636701154.562500
-0.28166,0.0228,0.056400000000000006,456774636701154.562500
-0.28164999999999996,0.0212,0.058,456774636701154.562500
-0.28164,0.0236,0.0572,456774636701154.562500
-0.28163,0.0228,0.0548,456774636701154.562500
-0.28162,0.0244,0.055600000000000004,456774636701154.562500
-0.28160999999999997,0.0228,0.0572,456774636701154.562500
-0.28159999999999996,0.0244,0.058,456774636701154.562500
-0.28159,0.0236,0.056400000000000006,456774636701154.562500
-0.28157999999999994,0.022000000000000002,0.0572,456774636701154.562500
-0.28157,0.0252,0.056400000000000006,456774636701154.562500
-0.28156,0.0212,0.0572,456774636701154.562500
-0.28154999999999997,0.0196,0.0572,456774636701154.562500
-0.28154,0.022000000000000002,0.056400000000000006,456774636701154.562500
-0.28152999999999995,0.0252,0.0548,456774636701154.562500
-0.28152,0.0228,0.058,456774636701154.562500
-0.28151,0.0244,0.058,456774636701154.562500
-0.2815,0.022000000000000002,0.058800000000000005,456774636701154.562500
-0.28149,0.0252,0.058,456774636701154.562500
-0.28147999999999995,0.0196,0.056400000000000006,456774636701154.562500
-0.28147,0.0236,0.056400000000000006,456774636701154.562500
-0.28146,0.0244,0.0572,456774636701154.562500
-0.28145,0.0228,0.055600000000000004,456774636701154.562500
-0.28144,0.022000000000000002,0.0548,456774636701154.562500
-0.28142999999999996,0.022000000000000002,0.0572,456774636701154.562500
-0.28142,0.0212,0.0572,456774636701154.562500
-0.28141,0.018000000000000002,0.0572,456774636701154.562500
-0.2814,0.0188,0.056400000000000006,456774636701154.562500
-0.28139,0.0228,0.0572,456774636701154.562500
-0.28137999999999996,0.022000000000000002,0.0572,456774636701154.562500
-0.28137,0.0228,0.058,456774636701154.562500
-0.28135999999999994,0.022000000000000002,0.055600000000000004,456774636701154.562500
-0.28135,0.0236,0.0572,456774636701154.562500
-0.28134,0.0244,0.0572,456774636701154.562500
-0.28132999999999997,0.0244,0.058,456774636701154.562500
-0.28132,0.022000000000000002,0.055600000000000004,456774636701154.562500
-0.28130999999999995,0.0244,0.054,456774636701154.562500
-0.2813,0.022000000000000002,0.054,456774636701154.562500
-0.28129,0.0244,0.050800000000000005,456774636701154.562500
-0.28128,0.022000000000000002,0.05,456774636701154.562500
-0.28127,0.0252,0.0516,456774636701154.562500
-0.28125999999999995,0.0228,0.0468,456774636701154.562500
-0.28125,0.0244,0.056400000000000006,456774636701154.562500
-0.28124,0.0212,0.055600000000000004,456774636701154.562500
-0.28123,0.0196,0.056400000000000006,456774636701154.562500
-0.28121999999999997,0.0244,0.0572,456774636701154.562500
-0.28120999999999996,0.0252,0.055600000000000004,456774636701154.562500
-0.2812,0.0244,0.056400000000000006,456774636701154.562500
-0.28119,0.0236,0.058,456774636701154.562500
-0.28118,0.0236,0.0572,456774636701154.562500
-0.28117,0.0228,0.054,456774636701154.562500
-0.28115999999999997,0.0236,0.0572,456774636701154.562500
-0.28115,0.0228,0.054,456774636701154.562500
-0.28113999999999995,0.0228,0.054,456774636701154.562500
-0.28113,0.0236,0.0548,456774636701154.562500
-0.28112,0.022000000000000002,0.0476,456774636701154.562500
-0.28110999999999997,0.022000000000000002,0.048400000000000006,456774636701154.562500
-0.2811,0.022000000000000002,0.053200000000000004,456774636701154.562500
-0.28108999999999995,0.0236,0.056400000000000006,456774636701154.562500
-0.28108,0.0212,0.05,456774636701154.562500
-0.28107,0.022000000000000002,0.0548,456774636701154.562500
-0.28106,0.022000000000000002,0.0516,456774636701154.562500
-0.28105,0.022000000000000002,0.053200000000000004,456774636701154.562500
-0.28103999999999996,0.022000000000000002,0.0548,456774636701154.562500
-0.28103,0.0228,0.0572,456774636701154.562500
-0.28102,0.0236,0.055600000000000004,456774636701154.562500
-0.28101,0.0228,0.058,456774636701154.562500
-0.28099999999999997,0.0228,0.0572,456774636701154.562500
-0.28098999999999996,0.0212,0.054,456774636701154.562500
-0.28098,0.0236,0.0548,456774636701154.562500
-0.28096999999999994,0.0212,0.053200000000000004,456774636701154.562500
-0.28096,0.0204,0.055600000000000004,456774636701154.562500
-0.28095,0.0188,0.054,456774636701154.562500
-0.28093999999999997,0.0212,0.056400000000000006,456774636701154.562500
-0.28093,0.0244,0.055600000000000004,456774636701154.562500
-0.28091999999999995,0.022000000000000002,0.0524,456774636701154.562500
-0.28091,0.0244,0.0492,456774636701154.562500
-0.2809,0.022000000000000002,0.055600000000000004,456774636701154.562500
-0.28089,0.0228,0.054,456774636701154.562500
-0.28088,0.0212,0.055600000000000004,456774636701154.562500
-0.28086999999999995,0.0236,0.0468,456774636701154.562500
-0.28086,0.0196,0.0548,456774636701154.562500
-0.28085,0.0236,0.05,456774636701154.562500
-0.28084,0.0228,0.055600000000000004,456774636701154.562500
-0.28082999999999997,0.0204,0.056400000000000006,456774636701154.562500
-0.28081999999999996,0.022000000000000002,0.053200000000000004,456774636701154.562500
-0.28081,0.018000000000000002,0.0572,456774636701154.562500
-0.2808,0.014,0.054,456774636701154.562500
-0.28079,0.0204,0.0572,456774636701154.562500
-0.28078,0.0228,0.055600000000000004,456774636701154.562500
-0.28076999999999996,0.0236,0.056400000000000006,456774636701154.562500
-0.28076,0.0228,0.050800000000000005,456774636701154.562500
-0.28074999999999994,0.0228,0.053200000000000004,456774636701154.562500
-0.28074,0.0188,0.0516,456774636701154.562500
-0.28073,0.0228,0.0492,456774636701154.562500
-0.28071999999999997,0.0236,0.0548,456774636701154.562500
-0.28071,0.022000000000000002,0.056400000000000006,456774636701154.562500
-0.28069999999999995,0.0212,0.056400000000000006,456774636701154.562500
-0.28069,0.0236,0.0548,456774636701154.562500
-0.28068,0.0236,0.055600000000000004,456774636701154.562500
-0.28067,0.0236,0.0572,456774636701154.562500
-0.28066,0.0252,0.056400000000000006,456774636701154.562500
-0.28064999999999996,0.0244,0.0548,456774636701154.562500
-0.28064,0.0244,0.0516,456774636701154.562500
-0.28063,0.0252,0.0548,456774636701154.562500
-0.28062,0.022000000000000002,0.056400000000000006,456774636701154.562500
-0.28060999999999997,0.022000000000000002,0.058,456774636701154.562500
-0.28059999999999996,0.0212,0.050800000000000005,456774636701154.562500
-0.28059,0.0244,0.055600000000000004,456774636701154.562500
-0.28057999999999994,0.0212,0.054,456774636701154.562500
-0.28057,0.022000000000000002,0.0572,456774636701154.562500
-0.28056,0.0212,0.0572,456774636701154.562500
-0.28054999999999997,0.0236,0.055600000000000004,456774636701154.562500
-0.28054,0.022000000000000002,0.055600000000000004,456774636701154.562500
-0.28052999999999995,0.022000000000000002,0.0548,456774636701154.562500
-0.28052,0.0228,0.0572,456774636701154.562500
-0.28051,0.022000000000000002,0.056400000000000006,456774636701154.562500
-0.28049999999999997,0.0228,0.056400000000000006,456774636701154.562500
-0.28049,0.022000000000000002,0.0572,456774636701154.562500
-0.28047999999999995,0.022000000000000002,0.0572,456774636701154.562500
-0.28047,0.0204,0.058,456774636701154.562500
-0.28046,0.0228,0.056400000000000006,456774636701154.562500
-0.28045,0.0212,0.0572,456774636701154.562500
-0.28044,0.0236,0.058,456774636701154.562500
-0.28042999999999996,0.0204,0.056400000000000006,456774636701154.562500
-0.28042,0.0236,0.058800000000000005,456774636701154.562500
-0.28041,0.0228,0.056400000000000006,456774636701154.562500
-0.2804,0.0236,0.058800000000000005,456774636701154.562500
-0.28039,0.0188,0.055600000000000004,456774636701154.562500
-0.28037999999999996,0.0236,0.053200000000000004,456774636701154.562500
-0.28037,0.0212,0.056400000000000006,456774636701154.562500
-0.28035999999999994,0.0236,0.058,456774636701154.562500
-0.28035,0.0252,0.056400000000000006,456774636701154.562500
-0.28034,0.0236,0.054,456774636701154.562500
-0.28032999999999997,0.0236,0.056400000000000006,456774636701154.562500
-0.28032,0.022000000000000002,0.055600000000000004,456774636701154.562500
-0.28030999999999995,0.0244,0.0572,456774636701154.562500
-0.2803,0.0212,0.058,456774636701154.562500
-0.28029,0.0236,0.054,456774636701154.562500
-0.28028,0.0228,0.0572,456774636701154.562500
-0.28027,0.0196,0.055600000000000004,456774636701154.562500
-0.28025999999999995,0.018000000000000002,0.058,456774636701154.562500
-0.28025,0.0164,0.056400000000000006,456774636701154.562500
-0.28024,0.011600000000000001,0.053200000000000004,456774636701154.562500
-0.28023,0.0164,0.058,456774636701154.562500
-0.28021999999999997,0.0172,0.058,456774636701154.562500
-0.28020999999999996,0.0212,0.058800000000000005,456774636701154.562500
-0.2802,0.0196,0.058,456774636701154.562500
-0.28019,0.0228,0.058,456774636701154.562500
-0.28018,0.0228,0.0572,456774636701154.562500
-0.28017,0.0212,0.055600000000000004,456774636701154.562500
-0.28015999999999996,0.022000000000000002,0.058,456774636701154.562500
-0.28015,0.0228,0.0572,456774636701154.562500
-0.28013999999999994,0.0196,0.056400000000000006,456774636701154.562500
-0.28013,0.022000000000000002,0.055600000000000004,456774636701154.562500
-0.28012,0.0228,0.0572,456774636701154.562500
-0.28010999999999997,0.0228,0.0572,456774636701154.562500
-0.2801,0.0228,0.0548,456774636701154.562500
-0.28008999999999995,0.0236,0.055600000000000004,456774636701154.562500
-0.28008,0.0252,0.0548,456774636701154.562500
-0.28007,0.0252,0.055600000000000004,456774636701154.562500
-0.28006,0.0236,0.0572,456774636701154.562500
-0.28005,0.0236,0.0516,456774636701154.562500
-0.28003999999999996,0.0204,0.0516,456774636701154.562500
-0.28003,0.0228,0.054,456774636701154.562500
-0.28002,0.0244,0.054,456774636701154.562500
-0.28001,0.0236,0.054,456774636701154.562500
-0.27999999999999997,0.0204,0.042800000000000005,456774636701154.562500
-0.27998999999999996,0.0228,0.038,456774636701154.562500
-0.27998,0.015600000000000001,0.0356,456774636701154.562500
-0.27996999999999994,0.0196,0.046,456774636701154.562500
-0.27996,0.0204,0.042800000000000005,456774636701154.562500
-0.27995,0.0236,0.0572,456774636701154.562500
-0.27993999999999997,0.022000000000000002,0.055600000000000004,456774636701154.562500
-0.27993,0.0196,0.056400000000000006,456774636701154.562500
-0.27991999999999995,0.0212,0.054,456774636701154.562500
-0.27991,0.0188,0.0572,456774636701154.562500
-0.2799,0.0212,0.054,456774636701154.562500
-0.27988999999999997,0.022000000000000002,0.054,456774636701154.562500
-0.27988,0.0212,0.05,456774636701154.562500
-0.27986999999999995,0.0196,0.0476,456774636701154.562500
-0.27986,0.0228,0.048400000000000006,456774636701154.562500
-0.27985,0.0228,0.055600000000000004,456774636701154.562500
-0.27984,0.0212,0.0516,456774636701154.562500
-0.27983,0.0228,0.0524,456774636701154.562500
-0.27981999999999996,0.0212,0.0548,456774636701154.562500
-0.27981,0.0228,0.055600000000000004,456774636701154.562500
-0.2798,0.0212,0.054,456774636701154.562500
-0.27979,0.0236,0.058,456774636701154.562500
-0.27978,0.0228,0.054,456774636701154.562500
-0.27976999999999996,0.0244,0.0492,456774636701154.562500
-0.27976,0.0228,0.0524,456774636701154.562500
-0.27974999999999994,0.0244,0.058,456774636701154.562500
-0.27974,0.0228,0.058,456774636701154.562500
-0.27973,0.0252,0.056400000000000006,456774636701154.562500
-0.27971999999999997,0.0252,0.058,456774636701154.562500
-0.27971,0.0236,0.0572,456774636701154.562500
-0.27969999999999995,0.0236,0.055600000000000004,456774636701154.562500
-0.27969,0.0244,0.056400000000000006,456774636701154.562500
-0.27968,0.0244,0.0492,456774636701154.562500
-0.27967,0.0244,0.0492,456774636701154.562500
-0.27966,0.0236,0.05,456774636701154.562500
-0.27964999999999995,0.0228,0.054,456774636701154.562500
-0.27964,0.0236,0.0548,456774636701154.562500
-0.27963,0.022000000000000002,0.055600000000000004,456774636701154.562500
-0.27962,0.0244,0.0572,456774636701154.562500
-0.27960999999999997,0.0228,0.056400000000000006,456774636701154.562500
-0.27959999999999996,0.0164,0.058,456774636701154.562500
-0.27959,0.0188,0.056400000000000006,456774636701154.562500
-0.27958,0.0172,0.056400000000000006,456774636701154.562500
-0.27957,0.0196,0.0572,456774636701154.562500
-0.27956,0.0228,0.055600000000000004,456774636701154.562500
-0.27954999999999997,0.022000000000000002,0.0572,456774636701154.562500
-0.27954,0.0164,0.058,456774636701154.562500
-0.27952999999999995,0.0204,0.0572,456774636701154.562500
-0.27952,0.0172,0.055600000000000004,456774636701154.562500
-0.27951,0.0188,0.058,456774636701154.562500
-0.27949999999999997,0.0228,0.0572,456774636701154.562500
-0.27949,0.022000000000000002,0.0572,456774636701154.562500
-0.27947999999999995,0.0236,0.056400000000000006,456774636701154.562500
-0.27947,0.0236,0.0572,456774636701154.562500
-0.27946,0.0236,0.056400000000000006,456774636701154.562500
-0.27945,0.0236,0.045200000000000004,456774636701154.562500
-0.27944,0.0228,0.0572,456774636701154.562500
-0.27942999999999996,0.0228,0.056400000000000006,456774636701154.562500
-0.27942,0.0236,0.055600000000000004,456774636701154.562500
-0.27941,0.022000000000000002,0.054,456774636701154.562500
-0.2794,0.0228,0.058,456774636701154.562500
-0.27938999999999997,0.0236,0.056400000000000006,456774636701154.562500
-0.27937999999999996,0.0228,0.058,456774636701154.562500
-0.27937,0.0236,0.0572,456774636701154.562500
-0.27935999999999994,0.0252,0.0572,456774636701154.562500
-0.27935,0.0228,0.055600000000000004,456774636701154.562500
-0.27934,0.0212,0.056400000000000006,456774636701154.562500
-0.27932999999999997,0.0212,0.058,456774636701154.562500
-0.27932,0.0228,0.058,456774636701154.562500
-0.27930999999999995,0.022000000000000002,0.054,456774636701154.562500
-0.2793,0.022000000000000002,0.054,456774636701154.562500
-0.27929,0.0196,0.056400000000000006,456774636701154.562500
-0.27928,0.0228,0.0572,456774636701154.562500
-0.27927,0.0228,0.0572,456774636701154.562500
-0.27925999999999995,0.0204,0.0548,456774636701154.562500
-0.27925,0.0228,0.055600000000000004,456774636701154.562500
-0.27924,0.022000000000000002,0.0516,456774636701154.562500
-0.27923,0.0228,0.058,456774636701154.562500
-0.27921999999999997,0.0212,0.056400000000000006,456774636701154.562500
-0.27920999999999996,0.0228,0.0572,456774636701154.562500
-0.2792,0.0236,0.058,456774636701154.562500
-0.27919,0.0228,0.056400000000000006,456774636701154.562500
-0.27918,0.0228,0.050800000000000005,456774636701154.562500
-0.27917,0.0228,0.0572,456774636701154.562500
-0.27915999999999996,0.0236,0.054,456774636701154.562500
-0.27915,0.0236,0.056400000000000006,456774636701154.562500
-0.27913999999999994,0.0228,0.054,456774636701154.562500
-0.27913,0.0244,0.0572,456774636701154.562500
-0.27912,0.0244,0.055600000000000004,456774636701154.562500
-0.27910999999999997,0.0236,0.058,456774636701154.562500
-0.2791,0.0244,0.055600000000000004,456774636701154.562500
-0.27908999999999995,0.026000000000000002,0.048400000000000006,456774636701154.562500
-0.27908,0.0236,0.055600000000000004,456774636701154.562500
-0.27907,0.022000000000000002,0.0444,456774636701154.562500
-0.27906,0.0204,0.058,456774636701154.562500
-0.27905,0.0228,0.054,456774636701154.562500
-0.27903999999999995,0.022000000000000002,0.0524,456774636701154.562500
-0.27903,0.022000000000000002,0.046,456774636701154.562500
-0.27902,0.022000000000000002,0.050800000000000005,456774636701154.562500
-0.27901,0.0212,0.046,456774636701154.562500
-0.27899999999999997,0.0236,0.055600000000000004,456774636701154.562500
-0.27898999999999996,0.022000000000000002,0.056400000000000006,456774636701154.562500
-0.27898,0.0212,0.055600000000000004,456774636701154.562500
-0.27897,0.022000000000000002,0.045200000000000004,456774636701154.562500
-0.27896,0.022000000000000002,0.056400000000000006,456774636701154.562500
-0.27895,0.022000000000000002,0.055600000000000004,456774636701154.562500
-0.27893999999999997,0.0236,0.05,456774636701154.562500
-0.27893,0.0204,0.042800000000000005,456774636701154.562500
-0.27891999999999995,0.0236,0.0412,456774636701154.562500
-0.27891,0.022000000000000002,0.042,456774636701154.562500
-0.2789,0.0228,0.054,456774636701154.562500
-0.27888999999999997,0.0228,0.054,456774636701154.562500
-0.27888,0.0196,0.054,456774636701154.562500
-0.27886999999999995,0.0228,0.0572,456774636701154.562500
-0.27886,0.0212,0.050800000000000005,456774636701154.562500
-0.27885,0.022000000000000002,0.05,456774636701154.562500
-0.27884,0.0244,0.0516,456774636701154.562500
-0.27883,0.0236,0.0524,456774636701154.562500
-0.27881999999999996,0.0236,0.0444,456774636701154.562500
-0.27881,0.0244,0.042,456774636701154.562500
-0.2788,0.0244,0.034,456774636701154.562500
-0.27879,0.0228,0.050800000000000005,456774636701154.562500
-0.27878,0.0228,0.0492,456774636701154.562500
-0.27876999999999996,0.0228,0.0524,456774636701154.562500
-0.27876,0.0228,0.042,456774636701154.562500
-0.27874999999999994,0.022000000000000002,0.0572,456774636701154.562500
-0.27874,0.018000000000000002,0.055600000000000004,456774636701154.562500
-0.27873,0.0212,0.058,456774636701154.562500
-0.27871999999999997,0.0172,0.0572,456774636701154.562500
-0.27871,0.0196,0.055600000000000004,456774636701154.562500
-0.27869999999999995,0.0164,0.058,456774636701154.562500
-0.27869,0.022000000000000002,0.054,456774636701154.562500
-0.27868,0.022000000000000002,0.054,456774636701154.562500
-0.27867,0.022000000000000002,0.053200000000000004,456774636701154.562500
-0.27866,0.0212,0.056400000000000006,456774636701154.562500
-0.27864999999999995,0.022000000000000002,0.050800000000000005,456774636701154.562500
-0.27864,0.0196,0.048400000000000006,456774636701154.562500
-0.27863,0.022000000000000002,0.0444,456774636701154.562500
-0.27862,0.0212,0.0516,456774636701154.562500
-0.27860999999999997,0.022000000000000002,0.054,456774636701154.562500
-0.27859999999999996,0.018000000000000002,0.055600000000000004,456774636701154.562500
-0.27859,0.0204,0.0476,456774636701154.562500
-0.27858,0.0188,0.055600000000000004,456774636701154.562500
-0.27857,0.0228,0.055600000000000004,456774636701154.562500
-0.27856,0.0228,0.0572,456774636701154.562500
-0.27854999999999996,0.0244,0.0572,456774636701154.562500
-0.27854,0.0244,0.0468,456774636701154.562500
-0.27852999999999994,0.0244,0.0516,456774636701154.562500
-0.27852,0.0236,0.045200000000000004,456774636701154.562500
-0.27851,0.0252,0.0524,456774636701154.562500
-0.27849999999999997,0.0236,0.0476,456774636701154.562500
-0.27849,0.0236,0.055600000000000004,456774636701154.562500
-0.27847999999999995,0.0244,0.0468,456774636701154.562500
-0.27847,0.0252,0.053200000000000004,456774636701154.562500
-0.27846,0.0252,0.0316,456774636701154.562500
-0.27845,0.0236,0.0468,456774636701154.562500
-0.27844,0.0236,0.0436,456774636701154.562500
-0.27842999999999996,0.0228,0.058,456774636701154.562500
-0.27842,0.0228,0.056400000000000006,456774636701154.562500
-0.27841,0.0228,0.0548,456774636701154.562500
-0.2784,0.022000000000000002,0.056400000000000006,456774636701154.562500
-0.27838999999999997,0.0228,0.0572,456774636701154.562500
-0.27837999999999996,0.022000000000000002,0.0572,456774636701154.562500
-0.27837,0.0228,0.058,456774636701154.562500
-0.27835999999999994,0.0196,0.055600000000000004,456774636701154.562500
-0.27835,0.022000000000000002,0.058,456774636701154.562500
-0.27834,0.022000000000000002,0.058,456774636701154.562500
-0.27832999999999997,0.022000000000000002,0.058800000000000005,456774636701154.562500
-0.27832,0.0228,0.058,456774636701154.562500
-0.27830999999999995,0.0188,0.058,456774636701154.562500
-0.2783,0.0228,0.054,456774636701154.562500
-0.27829,0.022000000000000002,0.058,456774636701154.562500
-0.27827999999999997,0.0236,0.056400000000000006,456774636701154.562500
-0.27827,0.0188,0.055600000000000004,456774636701154.562500
-0.27825999999999995,0.022000000000000002,0.0548,456774636701154.562500
-0.27825,0.022000000000000002,0.053200000000000004,456774636701154.562500
-0.27824,0.0188,0.0524,456774636701154.562500
-0.27823,0.0236,0.0572,456774636701154.562500
-0.27822,0.0236,0.055600000000000004,456774636701154.562500
-0.27820999999999996,0.0244,0.0572,456774636701154.562500
-0.2782,0.0196,0.058,456774636701154.562500
-0.27819,0.022000000000000002,0.040400000000000005,456774636701154.562500
-0.27818,0.0188,0.0572,456774636701154.562500
-0.27817,0.022000000000000002,0.0516,456774636701154.562500
-0.27815999999999996,0.0196,0.058800000000000005,456774636701154.562500
-0.27815,0.0204,0.055600000000000004,456774636701154.562500
-0.27813999999999994,0.015600000000000001,0.058800000000000005,456774636701154.562500
-0.27813,0.0228,0.0516,456774636701154.562500
-0.27812,0.0196,0.0572,456774636701154.562500
-0.27810999999999997,0.0236,0.056400000000000006,456774636701154.562500
-0.2781,0.022000000000000002,0.0524,456774636701154.562500
-0.27808999999999995,0.0244,0.058,456774636701154.562500
-0.27808,0.022000000000000002,0.056400000000000006,456774636701154.562500
-0.27807,0.0204,0.0572,456774636701154.562500
-0.27806,0.0236,0.055600000000000004,456774636701154.562500
-0.27805,0.0228,0.0572,456774636701154.562500
-0.27803999999999995,0.0204,0.0516,456774636701154.562500
-0.27803,0.0228,0.058,456774636701154.562500
-0.27802,0.0228,0.055600000000000004,456774636701154.562500
-0.27801,0.0228,0.056400000000000006,456774636701154.562500
-0.27799999999999997,0.0236,0.056400000000000006,456774636701154.562500
-0.27798999999999996,0.0228,0.053200000000000004,456774636701154.562500
-0.27798,0.0236,0.0572,456774636701154.562500
-0.27797,0.022000000000000002,0.0572,456774636701154.562500
-0.27796,0.022000000000000002,0.0572,456774636701154.562500
-0.27795,0.0236,0.058,456774636701154.562500
-0.27793999999999996,0.0236,0.0572,456774636701154.562500
-0.27793,0.0236,0.056400000000000006,456774636701154.562500
-0.27791999999999994,0.022000000000000002,0.056400000000000006,456774636701154.562500
-0.27791,0.0244,0.053200000000000004,456774636701154.562500
-0.2779,0.0252,0.055600000000000004,456774636701154.562500
-0.27788999999999997,0.0252,0.0524,456774636701154.562500
-0.27788,0.0252,0.055600000000000004,456774636701154.562500
-0.27786999999999995,0.0228,0.0524,456774636701154.562500
-0.27786,0.0244,0.058800000000000005,456774636701154.562500
-0.27785,0.0244,0.0572,456774636701154.562500
-0.27784,0.0236,0.0572,456774636701154.562500
-0.27783,0.0244,0.055600000000000004,456774636701154.562500
-0.27781999999999996,0.0204,0.055600000000000004,456774636701154.562500
-0.27781,0.0236,0.056400000000000006,456774636701154.562500
-0.2778,0.0204,0.0524,456774636701154.562500
-0.27779,0.0212,0.0476,456774636701154.562500
-0.27777999999999997,0.022000000000000002,0.058,456774636701154.562500
-0.27776999999999996,0.0244,0.053200000000000004,456774636701154.562500
-0.27776,0.0196,0.053200000000000004,456774636701154.562500
-0.27774999999999994,0.0212,0.046,456774636701154.562500
-0.27774,0.0148,0.0492,456774636701154.562500
-0.27773,0.0212,0.0524,456774636701154.562500
-0.27771999999999997,0.022000000000000002,0.0548,456774636701154.562500
-0.27771,0.022000000000000002,0.056400000000000006,456774636701154.562500
-0.27769999999999995,0.0228,0.056400000000000006,456774636701154.562500
-0.27769,0.022000000000000002,0.05,456774636701154.562500
-0.27768,0.0228,0.0572,456774636701154.562500
-0.27767,0.0228,0.048400000000000006,456774636701154.562500
-0.27766,0.0236,0.058800000000000005,456774636701154.562500
-0.27764999999999995,0.0236,0.056400000000000006,456774636701154.562500
-0.27764,0.0228,0.0572,456774636701154.562500
-0.27763,0.0244,0.056400000000000006,456774636701154.562500
-0.27762,0.0228,0.050800000000000005,456774636701154.562500
-0.27761,0.0252,0.058,456774636701154.562500
-0.27759999999999996,0.0244,0.054,456774636701154.562500
-0.27759,0.0236,0.058800000000000005,456774636701154.562500
-0.27758,0.0236,0.058,456774636701154.562500
-0.27757,0.0204,0.050800000000000005,456774636701154.562500
-0.27756,0.0204,0.0572,456774636701154.562500
-0.27754999999999996,0.014,0.0572,456774636701154.562500
-0.27754,0.022000000000000002,0.0516,456774636701154.562500
-0.27752999999999994,0.0228,0.053200000000000004,456774636701154.562500
-0.27752,0.0228,0.056400000000000006,456774636701154.562500
-0.27751,0.0228,0.046,456774636701154.562500
-0.27749999999999997,0.0252,0.053200000000000004,456774636701154.562500
-0.27749,0.022000000000000002,0.056400000000000006,456774636701154.562500
-0.27747999999999995,0.0204,0.0476,456774636701154.562500
-0.27747,0.0228,0.058,456774636701154.562500
-0.27746,0.0164,0.05,456774636701154.562500
-0.27745,0.0228,0.055600000000000004,456774636701154.562500
-0.27744,0.0188,0.056400000000000006,456774636701154.562500
-0.27742999999999995,0.0228,0.058,456774636701154.562500
-0.27742,0.0212,0.0572,456774636701154.562500
-0.27741,0.0228,0.055600000000000004,456774636701154.562500
-0.2774,0.0212,0.0444,456774636701154.562500
-0.27738999999999997,0.0212,0.054,456774636701154.562500
-0.27737999999999996,0.0236,0.0548,456774636701154.562500
-0.27737,0.0236,0.0596,456774636701154.562500
-0.27736,0.0236,0.0572,456774636701154.562500
-0.27735,0.022000000000000002,0.054,456774636701154.562500
-0.27734,0.0236,0.054,456774636701154.562500
-0.27732999999999997,0.0172,0.056400000000000006,456774636701154.562500
-0.27732,0.0244,0.0572,456774636701154.562500
-0.27730999999999995,0.0244,0.058800000000000005,456774636701154.562500
-0.2773,0.0228,0.0548,456774636701154.562500
-0.27729,0.0244,0.058,456774636701154.562500
-0.27727999999999997,0.0196,0.054,456774636701154.562500
-0.27727,0.026000000000000002,0.054,456774636701154.562500
-0.27725999999999995,0.0196,0.054,456774636701154.562500
-0.27725,0.0252,0.056400000000000006,456774636701154.562500
-0.27724,0.022000000000000002,0.05,456774636701154.562500
-0.27723,0.0196,0.056400000000000006,456774636701154.562500
-0.27722,0.0212,0.054,456774636701154.562500
-0.27720999999999996,0.022000000000000002,0.055600000000000004,456774636701154.562500
-0.2772,0.0244,0.054,456774636701154.562500
-0.27719,0.0212,0.056400000000000006,456774636701154.562500
-0.27718,0.0212,0.054,456774636701154.562500
-0.27716999999999997,0.0212,0.058,456774636701154.562500
-0.27715999999999996,0.022000000000000002,0.055600000000000004,456774636701154.562500
-0.27715,0.0196,0.0572,456774636701154.562500
-0.27713999999999994,0.018000000000000002,0.055600000000000004,456774636701154.562500
-0.27713,0.0228,0.056400000000000006,456774636701154.562500
-0.27712,0.015600000000000001,0.0436,456774636701154.562500
-0.27710999999999997,0.0212,0.055600000000000004,456774636701154.562500
-0.2771,0.0188,0.056400000000000006,456774636701154.562500
-0.27708999999999995,0.022000000000000002,0.055600000000000004,456774636701154.562500
-0.27708,0.0236,0.045200000000000004,456774636701154.562500
-0.27707,0.0236,0.056400000000000006,456774636701154.562500
-0.27706,0.022000000000000002,0.0572,456774636701154.562500
-0.27705,0.0196,0.056400000000000006,456774636701154.562500
-0.27703999999999995,0.0236,0.056400000000000006,456774636701154.562500
-0.27703,0.0228,0.058,456774636701154.562500
-0.27702,0.0236,0.0572,456774636701154.562500
-0.27701,0.0244,0.0596,456774636701154.562500
-0.27699999999999997,0.022000000000000002,0.0516,456774636701154.562500
-0.27698999999999996,0.0228,0.058800000000000005,456774636701154.562500
-0.27698,0.0172,0.055600000000000004,456774636701154.562500
-0.27697,0.0244,0.0516,456774636701154.562500
-0.27696,0.0196,0.0572,456774636701154.562500
-0.27695,0.0228,0.054,456774636701154.562500
-0.27693999999999996,0.0236,0.058800000000000005,456774636701154.562500
-0.27693,0.0236,0.056400000000000006,456774636701154.562500
-0.27691999999999994,0.0236,0.058,456774636701154.562500
-0.27691,0.0236,0.055600000000000004,456774636701154.562500
-0.2769,0.0196,0.058800000000000005,456774636701154.562500
-0.27688999999999997,0.0212,0.055600000000000004,456774636701154.562500
-0.27688,0.012400000000000001,0.0572,456774636701154.562500
-0.27686999999999995,0.0188,0.0524,456774636701154.562500
-0.27686,0.0164,0.058,456774636701154.562500
-0.27685,0.0228,0.0524,456774636701154.562500
-0.27684,0.0188,0.055600000000000004,456774636701154.562500
-0.27683,0.022000000000000002,0.0524,456774636701154.562500
-0.27681999999999995,0.022000000000000002,0.056400000000000006,456774636701154.562500
-0.27681,0.0236,0.0548,456774636701154.562500
-0.2768,0.022000000000000002,0.0524,456774636701154.562500
-0.27679,0.0204,0.058,456774636701154.562500
-0.27677999999999997,0.0244,0.048400000000000006,456774636701154.562500
-0.27676999999999996,0.0196,0.0572,456774636701154.562500
-0.27676,0.022000000000000002,0.050800000000000005,456774636701154.562500
-0.27674999999999994,0.018000000000000002,0.058,456774636701154.562500
-0.27674,0.0204,0.0548,456774636701154.562500
-0.27673,0.0204,0.058,456774636701154.562500
-0.27671999999999997,0.0228,0.056400000000000006,456774636701154.562500
-0.27671,0.022000000000000002,0.0572,456774636701154.562500
-0.27669999999999995,0.0236,0.0516,456774636701154.562500
-0.27669,0.0204,0.058,456774636701154.562500
-0.27668,0.0244,0.050800000000000005,456774636701154.562500
-0.27666999999999997,0.0244,0.053200000000000004,456774636701154.562500
-0.27666,0.0244,0.05,456774636701154.562500
-0.27664999999999995,0.0244,0.0572,456774636701154.562500
-0.27664,0.0252,0.045200000000000004,456774636701154.562500
-0.27663,0.0236,0.055600000000000004,456774636701154.562500
-0.27662,0.0236,0.0516,456774636701154.562500
-0.27661,0.0172,0.058,456774636701154.562500
-0.27659999999999996,0.0236,0.054,456774636701154.562500
-0.27659,0.022000000000000002,0.0572,456774636701154.562500
-0.27658,0.0228,0.058,456774636701154.562500
-0.27657,0.0228,0.056400000000000006,456774636701154.562500
-0.27656,0.0236,0.058800000000000005,456774636701154.562500
-0.27654999999999996,0.022000000000000002,0.056400000000000006,456774636701154.562500
-0.27654,0.022000000000000002,0.055600000000000004,456774636701154.562500
-0.27652999999999994,0.022000000000000002,0.056400000000000006,456774636701154.562500
-0.27652,0.0204,0.055600000000000004,456774636701154.562500
-0.27651,0.0212,0.0572,456774636701154.562500
-0.27649999999999997,0.0212,0.055600000000000004,456774636701154.562500
-0.27649,0.0188,0.056400000000000006,456774636701154.562500
-0.27647999999999995,0.0236,0.053200000000000004,456774636701154.562500
-0.27647,0.022000000000000002,0.0572,456774636701154.562500
-0.27646,0.0212,0.058,456774636701154.562500
-0.27645,0.0244,0.0572,456774636701154.562500
-0.27644,0.0236,0.058,456774636701154.562500
-0.27642999999999995,0.0228,0.055600000000000004,456774636701154.562500
-0.27642,0.0236,0.058,456774636701154.562500
-0.27641,0.0244,0.056400000000000006,456774636701154.562500
-0.2764,0.0244,0.0572,456774636701154.562500
-0.27638999999999997,0.0244,0.0596,456774636701154.562500
-0.27637999999999996,0.0252,0.058,456774636701154.562500
-0.27637,0.0228,0.053200000000000004,456774636701154.562500
-0.27636,0.0228,0.0572,456774636701154.562500
-0.27635,0.0252,0.055600000000000004,456774636701154.562500
-0.27634,0.0244,0.0572,456774636701154.562500
-0.27632999999999996,0.0244,0.058,456774636701154.562500
-0.27632,0.0252,0.058,456774636701154.562500
-0.27630999999999994,0.0212,0.0572,456774636701154.562500
-0.2763,0.022000000000000002,0.055600000000000004,456774636701154.562500
-0.27629,0.0188,0.056400000000000006,456774636701154.562500
-0.27627999999999997,0.022000000000000002,0.056400000000000006,456774636701154.562500
-0.27627,0.0204,0.058,456774636701154.562500
-0.27625999999999995,0.0228,0.058,456774636701154.562500
-0.27625,0.0236,0.058,456774636701154.562500
-0.27624,0.0228,0.056400000000000006,456774636701154.562500
-0.27623,0.0228,0.056400000000000006,456774636701154.562500
-0.27622,0.0228,0.055600000000000004,456774636701154.562500
-0.27620999999999996,0.022000000000000002,0.058,456774636701154.562500
-0.2762,0.022000000000000002,0.055600000000000004,456774636701154.562500
-0.27619,0.0212,0.055600000000000004,456774636701154.562500
-0.27618,0.0196,0.056400000000000006,456774636701154.562500
-0.27616999999999997,0.022000000000000002,0.055600000000000004,456774636701154.562500
-0.27615999999999996,0.022000000000000002,0.0572,456774636701154.562500
-0.27615,0.022000000000000002,0.053200000000000004,456774636701154.562500
-0.27613999999999994,0.0244,0.056400000000000006,456774636701154.562500
-0.27613,0.0236,0.0572,456774636701154.562500
-0.27612,0.0236,0.054,456774636701154.562500
-0.27610999999999997,0.0236,0.058,456774636701154.562500
-0.2761,0.022000000000000002,0.0548,456774636701154.562500
-0.27608999999999995,0.0244,0.0492,456774636701154.562500
-0.27608,0.0204,0.050800000000000005,456774636701154.562500
-0.27607,0.0244,0.048400000000000006,456774636701154.562500
-0.27605999999999997,0.0252,0.0476,456774636701154.562500
-0.27605,0.026000000000000002,0.045200000000000004,456774636701154.562500
-0.27603999999999995,0.0244,0.0572,456774636701154.562500
-0.27603,0.0244,0.056400000000000006,456774636701154.562500
-0.27602,0.0196,0.058,456774636701154.562500
-0.27601,0.0228,0.0572,456774636701154.562500
-0.276,0.0212,0.0548,456774636701154.562500
-0.27598999999999996,0.0228,0.055600000000000004,456774636701154.562500
-0.27598,0.0172,0.0468,456774636701154.562500
-0.27597,0.0236,0.0524,456774636701154.562500
-0.27596,0.022000000000000002,0.0436,456774636701154.562500
-0.27595,0.0228,0.0516,456774636701154.562500
-0.27593999999999996,0.022000000000000002,0.045200000000000004,456774636701154.562500
-0.27593,0.0228,0.046,456774636701154.562500
-0.27591999999999994,0.022000000000000002,0.0396,456774636701154.562500
-0.27591,0.0228,0.0548,456774636701154.562500
-0.2759,0.0236,0.0476,456774636701154.562500
-0.27588999999999997,0.022000000000000002,0.0524,456774636701154.562500
-0.27588,0.0204,0.0436,456774636701154.562500
-0.27586999999999995,0.0228,0.056400000000000006,456774636701154.562500
-0.27586,0.0228,0.0524,456774636701154.562500
-0.27585,0.0212,0.055600000000000004,456774636701154.562500
-0.27584,0.0236,0.055600000000000004,456774636701154.562500
-0.27583,0.022000000000000002,0.058,456774636701154.562500
-0.27581999999999995,0.0212,0.0572,456774636701154.562500
-0.27581,0.022000000000000002,0.0524,456774636701154.562500
-0.2758,0.0228,0.0572,456774636701154.562500
-0.27579,0.0228,0.0548,456774636701154.562500
-0.27577999999999997,0.0244,0.0572,456774636701154.562500
-0.27576999999999996,0.0252,0.056400000000000006,456774636701154.562500
-0.27576,0.0252,0.0572,456774636701154.562500
-0.27575,0.0252,0.058800000000000005,456774636701154.562500
-0.27574,0.0236,0.056400000000000006,456774636701154.562500
-0.27573,0.0252,0.058,456774636701154.562500
-0.27571999999999997,0.0244,0.054,456774636701154.562500
-0.27571,0.0228,0.0572,456774636701154.562500
-0.27569999999999995,0.0236,0.054,456774636701154.562500
-0.27569,0.0228,0.056400000000000006,456774636701154.562500
-0.27568,0.0244,0.058,456774636701154.562500
-0.27566999999999997,0.0244,0.058,456774636701154.562500
-0.27566,0.0228,0.0548,456774636701154.562500
-0.27564999999999995,0.022000000000000002,0.058,456774636701154.562500
-0.27564,0.0228,0.058800000000000005,456774636701154.562500
-0.27563,0.0204,0.0572,456774636701154.562500
-0.27562,0.022000000000000002,0.056400000000000006,456774636701154.562500
-0.27561,0.0204,0.056400000000000006,456774636701154.562500
-0.27559999999999996,0.0244,0.050800000000000005,456774636701154.562500
-0.27559,0.0236,0.0572,456774636701154.562500
-0.27558,0.0236,0.056400000000000006,456774636701154.562500
-0.27557,0.022000000000000002,0.0548,456774636701154.562500
-0.27555999999999997,0.0236,0.056400000000000006,456774636701154.562500
-0.27554999999999996,0.0228,0.056400000000000006,456774636701154.562500
-0.27554,0.0228,0.053200000000000004,456774636701154.562500
-0.27552999999999994,0.0236,0.0572,456774636701154.562500
-0.27552,0.0236,0.0572,456774636701154.562500
-0.27551,0.0228,0.053200000000000004,456774636701154.562500
-0.27549999999999997,0.0244,0.0572,456774636701154.562500
-0.27549,0.0244,0.0516,456774636701154.562500
-0.27547999999999995,0.0244,0.053200000000000004,456774636701154.562500
-0.27547,0.0244,0.055600000000000004,456774636701154.562500
-0.27546,0.0244,0.055600000000000004,456774636701154.562500
-0.27545,0.0204,0.055600000000000004,456774636701154.562500
-0.27544,0.022000000000000002,0.056400000000000006,456774636701154.562500
-0.27542999999999995,0.022000000000000002,0.0572,456774636701154.562500
-0.27542,0.0236,0.0524,456774636701154.562500
-0.27541,0.0236,0.058,456774636701154.562500
-0.2754,0.0228,0.055600000000000004,456774636701154.562500
-0.27538999999999997,0.0204,0.058,456774636701154.562500
-0.27537999999999996,0.0196,0.0572,456774636701154.562500
-0.27537,0.0188,0.058,456774636701154.562500
-0.27536,0.0196,0.056400000000000006,456774636701154.562500
-0.27535,0.022000000000000002,0.058800000000000005,456774636701154.562500
-0.27534,0.0212,0.0596,456774636701154.562500
-0.27532999999999996,0.0236,0.056400000000000006,456774636701154.562500
-0.27532,0.018000000000000002,0.0572,456774636701154.562500
-0.27530999999999994,0.022000000000000002,0.0572,456774636701154.562500
-0.2753,0.022000000000000002,0.058,456774636701154.562500
-0.27529,0.0244,0.0572,456774636701154.562500
-0.27527999999999997,0.022000000000000002,0.058,456774636701154.562500
-0.27527,0.022000000000000002,0.055600000000000004,456774636701154.562500
-0.27525999999999995,0.0196,0.056400000000000006,456774636701154.562500
-0.27525,0.0236,0.058,456774636701154.562500
-0.27524,0.0228,0.055600000000000004,456774636701154.562500
-0.27523,0.022000000000000002,0.055600000000000004,456774636701154.562500
-0.27522,0.0228,0.056400000000000006,456774636701154.562500
-0.27520999999999995,0.0252,0.0548,456774636701154.562500
-0.2752,0.0236,0.0524,456774636701154.562500
-0.27519,0.0236,0.054,456774636701154.562500
-0.27518,0.0244,0.056400000000000006,456774636701154.562500
-0.27516999999999997,0.0204,0.0548,456774636701154.562500
-0.27515999999999996,0.0244,0.0548,456774636701154.562500
-0.27515,0.0228,0.058,456774636701154.562500
-0.27513999999999994,0.0236,0.058,456774636701154.562500
-0.27513,0.022000000000000002,0.0548,456774636701154.562500
-0.27512,0.0244,0.0548,456774636701154.562500
-0.27510999999999997,0.0228,0.0516,456774636701154.562500
-0.2751,0.0236,0.054,456774636701154.562500
-0.27508999999999995,0.0236,0.0516,456774636701154.562500
-0.27508,0.0244,0.055600000000000004,456774636701154.562500
-0.27507,0.022000000000000002,0.0572,456774636701154.562500
-0.27505999999999997,0.022000000000000002,0.0572,456774636701154.562500
-0.27505,0.022000000000000002,0.0516,456774636701154.562500
-0.27503999999999995,0.0188,0.0572,456774636701154.562500
-0.27503,0.0228,0.058,456774636701154.562500
-0.27502,0.0212,0.0572,456774636701154.562500
-0.27501,0.0228,0.058,456774636701154.562500
-0.275,0.0228,0.054,456774636701154.562500
-0.27498999999999996,0.022000000000000002,0.0572,456774636701154.562500
-0.27498,0.0236,0.054,456774636701154.562500
-0.27497,0.022000000000000002,0.0548,456774636701154.562500
-0.27496,0.0236,0.0524,456774636701154.562500
-0.27494999999999997,0.0212,0.053200000000000004,456774636701154.562500
-0.27493999999999996,0.022000000000000002,0.0388,456774636701154.562500
-0.27493,0.0196,0.05,456774636701154.562500
-0.27491999999999994,0.0148,0.045200000000000004,456774636701154.562500
-0.27491,0.0212,0.048400000000000006,456774636701154.562500
-0.2749,0.0228,0.037200000000000004,456774636701154.562500
-0.27488999999999997,0.0228,0.054,456774636701154.562500
-0.27488,0.0236,0.053200000000000004,456774636701154.562500
-0.27486999999999995,0.0244,0.058,456774636701154.562500
-0.27486,0.0236,0.0548,456774636701154.562500
-0.27485,0.0244,0.058800000000000005,456774636701154.562500
-0.27484,0.026000000000000002,0.0572,456774636701154.562500
-0.27483,0.0244,0.055600000000000004,456774636701154.562500
-0.27481999999999995,0.0252,0.058,456774636701154.562500
-0.27481,0.0236,0.056400000000000006,456774636701154.562500
-0.2748,0.0244,0.058,456774636701154.562500
-0.27479,0.0244,0.056400000000000006,456774636701154.562500
-0.27477999999999997,0.0236,0.0572,456774636701154.562500
-0.27476999999999996,0.0228,0.0468,456774636701154.562500
-0.27476,0.022000000000000002,0.0572,456774636701154.562500
-0.27475,0.0228,0.05,456774636701154.562500
-0.27474,0.0228,0.054,456774636701154.562500
-0.27473,0.0236,0.056400000000000006,456774636701154.562500
-0.27471999999999996,0.0236,0.058800000000000005,456774636701154.562500
-0.27471,0.0212,0.058,456774636701154.562500
-0.27469999999999994,0.022000000000000002,0.0572,456774636701154.562500
-0.27469,0.0236,0.058,456774636701154.562500
-0.27468,0.0228,0.0572,456774636701154.562500
-0.27466999999999997,0.0236,0.054,456774636701154.562500
-0.27466,0.0228,0.0572,456774636701154.562500
-0.27464999999999995,0.0236,0.054,456774636701154.562500
-0.27464,0.0228,0.0572,456774636701154.562500
-0.27463,0.0236,0.056400000000000006,456774636701154.562500
-0.27462,0.0236,0.0572,456774636701154.562500
-0.27461,0.0244,0.0572,456774636701154.562500
-0.27459999999999996,0.0196,0.056400000000000006,456774636701154.562500
-0.27459,0.0236,0.0572,456774636701154.562500
-0.27458,0.0252,0.055600000000000004,456774636701154.562500
-0.27457,0.0236,0.055600000000000004,456774636701154.562500
-0.27455999999999997,0.0252,0.058800000000000005,456774636701154.562500
-0.27454999999999996,0.0236,0.0572,456774636701154.562500
-0.27454,0.0244,0.055600000000000004,456774636701154.562500
-0.27452999999999994,0.026000000000000002,0.0572,456774636701154.562500
-0.27452,0.0252,0.050800000000000005,456774636701154.562500
-0.27451,0.0236,0.055600000000000004,456774636701154.562500
-0.27449999999999997,0.026000000000000002,0.055600000000000004,456774636701154.562500
-0.27449,0.0244,0.054,456774636701154.562500
-0.27447999999999995,0.0244,0.055600000000000004,456774636701154.562500
-0.27447,0.0228,0.056400000000000006,456774636701154.562500
-0.27446,0.0236,0.053200000000000004,456774636701154.562500
-0.27444999999999997,0.022000000000000002,0.055600000000000004,456774636701154.562500
-0.27444,0.022000000000000002,0.053200000000000004,456774636701154.562500
-0.27442999999999995,0.0204,0.058800000000000005,456774636701154.562500
-0.27442,0.022000000000000002,0.0524,456774636701154.562500
-0.27441,0.022000000000000002,0.056400000000000006,456774636701154.562500
-0.2744,0.0228,0.0572,456774636701154.562500
-0.27439,0.0228,0.0572,456774636701154.562500
-0.27437999999999996,0.022000000000000002,0.058800000000000005,456774636701154.562500
-0.27437,0.0212,0.055600000000000004,456774636701154.562500
-0.27436,0.0236,0.054,456774636701154.562500
-0.27435,0.0228,0.056400000000000006,456774636701154.562500
-0.27434,0.0228,0.053200000000000004,456774636701154.562500
-0.27432999999999996,0.0228,0.050800000000000005,456774636701154.562500
-0.27432,0.022000000000000002,0.0548,456774636701154.562500
-0.27430999999999994,0.0236,0.0548,456774636701154.562500
-0.2743,0.022000000000000002,0.056400000000000006,456774636701154.562500
-0.27429,0.0236,0.055600000000000004,456774636701154.562500
-0.27427999999999997,0.0228,0.0548,456774636701154.562500
-0.27427,0.0236,0.053200000000000004,456774636701154.562500
-0.27425999999999995,0.0228,0.058800000000000005,456774636701154.562500
-0.27425,0.0236,0.0548,456774636701154.562500
-0.27424,0.026000000000000002,0.055600000000000004,456774636701154.562500
-0.27423,0.0244,0.050800000000000005,456774636701154.562500
-0.27422,0.0228,0.0572,456774636701154.562500
-0.27420999999999995,0.0268,0.053200000000000004,456774636701154.562500
-0.2742,0.022000000000000002,0.058,456774636701154.562500
-0.27419,0.0244,0.055600000000000004,456774636701154.562500
-0.27418,0.0244,0.056400000000000006,456774636701154.562500
-0.27416999999999997,0.0228,0.058,456774636701154.562500
-0.27415999999999996,0.022000000000000002,0.056400000000000006,456774636701154.562500
-0.27415,0.0236,0.055600000000000004,456774636701154.562500
-0.27414,0.0228,0.0516,456774636701154.562500
-0.27413,0.0228,0.058,456774636701154.562500
-0.27412,0.022000000000000002,0.0548,456774636701154.562500
-0.27410999999999996,0.0228,0.0572,456774636701154.562500
-0.2741,0.0228,0.053200000000000004,456774636701154.562500
-0.27408999999999994,0.0236,0.056400000000000006,456774636701154.562500
-0.27408,0.0228,0.055600000000000004,456774636701154.562500
-0.27407,0.0236,0.056400000000000006,456774636701154.562500
-0.27405999999999997,0.0244,0.045200000000000004,456774636701154.562500
-0.27405,0.0228,0.058,456774636701154.562500
-0.27403999999999995,0.022000000000000002,0.050800000000000005,456774636701154.562500
-0.27403,0.0228,0.055600000000000004,456774636701154.562500
-0.27402,0.022000000000000002,0.0572,456774636701154.562500
-0.27401,0.0244,0.0572,456774636701154.562500
-0.274,0.0244,0.055600000000000004,456774636701154.562500
-0.27398999999999996,0.0244,0.053200000000000004,456774636701154.562500
-0.27398,0.0244,0.058,456774636701154.562500
-0.27397,0.022000000000000002,0.056400000000000006,456774636701154.562500
-0.27396,0.0244,0.054,456774636701154.562500
-0.27394999999999997,0.0228,0.0548,456774636701154.562500
-0.27393999999999996,0.0268,0.0548,456774636701154.562500
-0.27393,0.0236,0.055600000000000004,456774636701154.562500
-0.27391999999999994,0.0252,0.042,456774636701154.562500
-0.27391,0.0236,0.058,456774636701154.562500
-0.2739,0.0244,0.05,456774636701154.562500
-0.27388999999999997,0.0236,0.0572,456774636701154.562500
-0.27388,0.0244,0.055600000000000004,456774636701154.562500
-0.27386999999999995,0.0244,0.055600000000000004,456774636701154.562500
-0.27386,0.0228,0.050800000000000005,456774636701154.562500
-0.27385,0.022000000000000002,0.0572,456774636701154.562500
-0.27384,0.0228,0.0548,456774636701154.562500
-0.27383,0.022000000000000002,0.0572,456774636701154.562500
-0.27381999999999995,0.0244,0.055600000000000004,456774636701154.562500
-0.27381,0.022000000000000002,0.0476,456774636701154.562500
-0.2738,0.022000000000000002,0.054,456774636701154.562500
-0.27379,0.0228,0.042800000000000005,456774636701154.562500
-0.27377999999999997,0.022000000000000002,0.055600000000000004,456774636701154.562500
-0.27376999999999996,0.0228,0.050800000000000005,456774636701154.562500
-0.27376,0.022000000000000002,0.0572,456774636701154.562500
-0.27375,0.0228,0.0524,456774636701154.562500
-0.27374,0.0228,0.0572,456774636701154.562500
-0.27373,0.022000000000000002,0.055600000000000004,456774636701154.562500
-0.27371999999999996,0.0204,0.054,456774636701154.562500
-0.27371,0.0228,0.0572,456774636701154.562500
-0.27369999999999994,0.022000000000000002,0.054,456774636701154.562500
-0.27369,0.0236,0.0572,456774636701154.562500
-0.27368,0.0228,0.056400000000000006,456774636701154.562500
-0.27366999999999997,0.0228,0.056400000000000006,456774636701154.562500
-0.27366,0.0252,0.0572,456774636701154.562500
-0.27364999999999995,0.0212,0.0572,456774636701154.562500
-0.27364,0.0244,0.056400000000000006,456774636701154.562500
-0.27363,0.0236,0.056400000000000006,456774636701154.562500
-0.27362,0.0244,0.056400000000000006,456774636701154.562500
-0.27361,0.0268,0.0548,456774636701154.562500
-0.27359999999999995,0.022000000000000002,0.058,456774636701154.562500
-0.27359,0.0228,0.056400000000000006,456774636701154.562500
-0.27358,0.0204,0.055600000000000004,456774636701154.562500
-0.27357,0.0252,0.0572,456774636701154.562500
-0.27355999999999997,0.0236,0.056400000000000006,456774636701154.562500
-0.27354999999999996,0.0244,0.056400000000000006,456774636701154.562500
-0.27354,0.0212,0.055600000000000004,456774636701154.562500
-0.27352999999999994,0.0236,0.058800000000000005,456774636701154.562500
-0.27352,0.0228,0.054,456774636701154.562500
-0.27351,0.0244,0.054,456774636701154.562500
-0.27349999999999997,0.0236,0.0548,456774636701154.562500
-0.27349,0.0228,0.0572,456774636701154.562500
-0.27347999999999995,0.0172,0.056400000000000006,456774636701154.562500
-0.27347,0.0228,0.0476,456774636701154.562500
-0.27346,0.0228,0.0492,456774636701154.562500
-0.27344999999999997,0.022000000000000002,0.0572,456774636701154.562500
-0.27344,0.022000000000000002,0.0572,456774636701154.562500
-0.27342999999999995,0.0212,0.058800000000000005,456774636701154.562500
-0.27342,0.0236,0.054,456774636701154.562500
-0.27341,0.0228,0.058,456774636701154.562500
-0.2734,0.0212,0.0516,456774636701154.562500
-0.27339,0.0244,0.055600000000000004,456774636701154.562500
-0.27337999999999996,0.0244,0.056400000000000006,456774636701154.562500
-0.27337,0.0228,0.054,456774636701154.562500
-0.27336,0.0252,0.058,456774636701154.562500
-0.27335,0.0252,0.054,456774636701154.562500
-0.27333999999999997,0.0252,0.056400000000000006,456774636701154.562500
-0.27332999999999996,0.0228,0.055600000000000004,456774636701154.562500
-0.27332,0.0244,0.058800000000000005,456774636701154.562500
-0.27330999999999994,0.0252,0.0548,456774636701154.562500
-0.2733,0.0244,0.056400000000000006,456774636701154.562500
-0.27329,0.0244,0.056400000000000006,456774636701154.562500
-0.27327999999999997,0.0244,0.058,456774636701154.562500
-0.27327,0.0236,0.056400000000000006,456774636701154.562500
-0.27325999999999995,0.0244,0.056400000000000006,456774636701154.562500
-0.27325,0.0252,0.0572,456774636701154.562500
-0.27324,0.0236,0.0548,456774636701154.562500
-0.27323,0.0228,0.05,456774636701154.562500
-0.27322,0.0204,0.055600000000000004,456774636701154.562500
-0.27320999999999995,0.0212,0.050800000000000005,456774636701154.562500
-0.2732,0.022000000000000002,0.0572,456774636701154.562500
-0.27319,0.0212,0.055600000000000004,456774636701154.562500
-0.27318,0.022000000000000002,0.0572,456774636701154.562500
-0.27316999999999997,0.022000000000000002,0.056400000000000006,456774636701154.562500
-0.27315999999999996,0.0252,0.056400000000000006,456774636701154.562500
-0.27315,0.022000000000000002,0.056400000000000006,456774636701154.562500
-0.27314,0.0204,0.0492,456774636701154.562500
-0.27313,0.022000000000000002,0.0548,456774636701154.562500
-0.27312,0.0212,0.0572,456774636701154.562500
-0.27310999999999996,0.0236,0.0524,456774636701154.562500
-0.2731,0.0188,0.0516,456774636701154.562500
-0.27308999999999994,0.0204,0.054,456774636701154.562500
-0.27308,0.0204,0.056400000000000006,456774636701154.562500
-0.27307,0.0228,0.055600000000000004,456774636701154.562500
-0.27305999999999997,0.0212,0.056400000000000006,456774636701154.562500
-0.27305,0.0244,0.055600000000000004,456774636701154.562500
-0.27303999999999995,0.022000000000000002,0.055600000000000004,456774636701154.562500
-0.27303,0.0236,0.0572,456774636701154.562500
-0.27302,0.0268,0.0524,456774636701154.562500
-0.27301,0.0244,0.0596,456774636701154.562500
-0.273,0.0252,0.0572,456774636701154.562500
-0.27298999999999995,0.0244,0.0524,456774636701154.562500
-0.27298,0.0244,0.0572,456774636701154.562500
-0.27297,0.0244,0.0548,456774636701154.562500
-0.27296,0.0236,0.0572,456774636701154.562500
-0.27294999999999997,0.0244,0.058,456774636701154.562500
-0.27293999999999996,0.0228,0.054,456774636701154.562500
-0.27293,0.0244,0.058,456774636701154.562500
-0.27291999999999994,0.022000000000000002,0.056400000000000006,456774636701154.562500
-0.27291,0.0196,0.054,456774636701154.562500
-0.2729,0.0212,0.056400000000000006,456774636701154.562500
-0.27288999999999997,0.0228,0.056400000000000006,456774636701154.562500
-0.27288,0.0204,0.054,456774636701154.562500
-0.27286999999999995,0.022000000000000002,0.0572,456774636701154.562500
-0.27286,0.022000000000000002,0.0524,456774636701154.562500
-0.27285,0.0196,0.056400000000000006,456774636701154.562500
-0.27283999999999997,0.0204,0.054,456774636701154.562500
-0.27283,0.0212,0.055600000000000004,456774636701154.562500
-0.27281999999999995,0.022000000000000002,0.0524,456774636701154.562500
-0.27281,0.022000000000000002,0.0572,456774636701154.562500
-0.2728,0.0212,0.058,456774636701154.562500
-0.27279,0.0196,0.056400000000000006,456774636701154.562500
-0.27278,0.0212,0.058,456774636701154.562500
-0.27276999999999996,0.022000000000000002,0.056400000000000006,456774636701154.562500
-0.27276,0.0244,0.058,456774636701154.562500
-0.27275,0.0244,0.0572,456774636701154.562500
-0.27274,0.0244,0.055600000000000004,456774636701154.562500
-0.27273,0.0244,0.054,456774636701154.562500
-0.27271999999999996,0.022000000000000002,0.0444,456774636701154.562500
-0.27271,0.0244,0.045200000000000004,456774636701154.562500
-0.27269999999999994,0.0252,0.046,456774636701154.562500
-0.27269,0.026000000000000002,0.0524,456774636701154.562500
-0.27268,0.0252,0.0436,456774636701154.562500
-0.27266999999999997,0.0236,0.050800000000000005,456774636701154.562500
-0.27266,0.0236,0.0524,456774636701154.562500
-0.27264999999999995,0.0236,0.055600000000000004,456774636701154.562500
-0.27264,0.0228,0.056400000000000006,456774636701154.562500
-0.27263,0.022000000000000002,0.056400000000000006,456774636701154.562500
-0.27262,0.022000000000000002,0.0572,456774636701154.562500
-0.27261,0.0228,0.0492,456774636701154.562500
-0.27259999999999995,0.0212,0.055600000000000004,456774636701154.562500
-0.27259,0.0228,0.0476,456774636701154.562500
-0.27258,0.0204,0.0572,456774636701154.562500
-0.27257,0.022000000000000002,0.0524,456774636701154.562500
-0.27255999999999997,0.022000000000000002,0.058,456774636701154.562500
-0.27254999999999996,0.0228,0.055600000000000004,456774636701154.562500
-0.27254,0.0204,0.0516,456774636701154.562500
-0.27253,0.0204,0.056400000000000006,456774636701154.562500
-0.27252,0.0212,0.050800000000000005,456774636701154.562500
-0.27251,0.0228,0.056400000000000006,456774636701154.562500
-0.27249999999999996,0.0228,0.053200000000000004,456774636701154.562500
-0.27249,0.0228,0.054,456774636701154.562500
-0.27247999999999994,0.0244,0.0468,456774636701154.562500
-0.27247,0.022000000000000002,0.0548,456774636701154.562500
-0.27246,0.0236,0.0516,456774636701154.562500
-0.27244999999999997,0.0204,0.055600000000000004,456774636701154.562500
-0.27244,0.0244,0.058800000000000005,456774636701154.562500
-0.27242999999999995,0.0188,0.0572,456774636701154.562500
-0.27242,0.0244,0.0524,456774636701154.562500
-0.27241,0.0244,0.055600000000000004,456774636701154.562500
-0.2724,0.0252,0.054,456774636701154.562500
-0.27239,0.0228,0.0572,456774636701154.562500
-0.27237999999999996,0.0252,0.056400000000000006,456774636701154.562500
-0.27237,0.0204,0.056400000000000006,456774636701154.562500
-0.27236,0.0236,0.0516,456774636701154.562500
-0.27235,0.0212,0.056400000000000006,456774636701154.562500
-0.27233999999999997,0.022000000000000002,0.056400000000000006,456774636701154.562500
-0.27232999999999996,0.0204,0.056400000000000006,456774636701154.562500
-0.27232,0.0228,0.056400000000000006,456774636701154.562500
-0.27230999999999994,0.0228,0.0548,456774636701154.562500
-0.2723,0.0228,0.054,456774636701154.562500
-0.27229,0.0212,0.058,456774636701154.562500
-0.27227999999999997,0.0212,0.0572,456774636701154.562500
-0.27227,0.0204,0.055600000000000004,456774636701154.562500
-0.27225999999999995,0.0196,0.058,456774636701154.562500
-0.27225,0.0196,0.0572,456774636701154.562500
-0.27224,0.0172,0.055600000000000004,456774636701154.562500
-0.27222999999999997,0.0204,0.056400000000000006,456774636701154.562500
-0.27222,0.0196,0.0572,456774636701154.562500
-0.27220999999999995,0.022000000000000002,0.056400000000000006,456774636701154.562500
-0.2722,0.022000000000000002,0.055600000000000004,456774636701154.562500
-0.27219,0.0228,0.056400000000000006,456774636701154.562500
-0.27218,0.0228,0.053200000000000004,456774636701154.562500
-0.27216999999999997,0.022000000000000002,0.0548,456774636701154.562500
-0.27215999999999996,0.0252,0.058,456774636701154.562500
-0.27215,0.0244,0.0572,456774636701154.562500
-0.27214,0.0244,0.0572,456774636701154.562500
-0.27213,0.0236,0.056400000000000006,456774636701154.562500
-0.27212,0.026000000000000002,0.056400000000000006,456774636701154.562500
-0.27210999999999996,0.0244,0.0516,456774636701154.562500
-0.2721,0.026000000000000002,0.0548,456774636701154.562500
-0.27208999999999994,0.0236,0.0524,456774636701154.562500
-0.27208,0.0244,0.053200000000000004,456774636701154.562500
-0.27207,0.0244,0.054,456774636701154.562500
-0.27205999999999997,0.0252,0.054,456774636701154.562500
-0.27205,0.0244,0.0436,456774636701154.562500
-0.27203999999999995,0.0244,0.0468,456774636701154.562500
-0.27203,0.0244,0.042,456774636701154.562500
-0.27202,0.0244,0.054,456774636701154.562500
-0.27201,0.022000000000000002,0.053200000000000004,456774636701154.562500
-0.272,0.0252,0.056400000000000006,456774636701154.562500
-0.27198999999999995,0.0228,0.0572,456774636701154.562500
-0.27198,0.0236,0.056400000000000006,456774636701154.562500
-0.27197,0.0228,0.054,456774636701154.562500
-0.27196,0.0228,0.0548,456774636701154.562500
-0.27194999999999997,0.0228,0.0436,456774636701154.562500
-0.27193999999999996,0.0228,0.054,456774636701154.562500
-0.27193,0.0196,0.0468,456774636701154.562500
-0.27192,0.0228,0.055600000000000004,456774636701154.562500
-0.27191,0.0228,0.0476,456774636701154.562500
-0.2719,0.0228,0.058,456774636701154.562500
-0.27188999999999997,0.0228,0.056400000000000006,456774636701154.562500
-0.27188,0.0212,0.0572,456774636701154.562500
-0.27186999999999995,0.022000000000000002,0.05,456774636701154.562500
-0.27186,0.0204,0.058,456774636701154.562500
-0.27185,0.0244,0.058,456774636701154.562500
-0.27183999999999997,0.0236,0.0516,456774636701154.562500
-0.27183,0.0236,0.058,456774636701154.562500
-0.27181999999999995,0.0252,0.0468,456774636701154.562500
-0.27181,0.026000000000000002,0.058,456774636701154.562500
-0.2718,0.0204,0.0492,456774636701154.562500
-0.27179,0.0204,0.0572,456774636701154.562500
-0.27178,0.018000000000000002,0.058,456774636701154.562500
-0.27176999999999996,0.0204,0.050800000000000005,456774636701154.562500
-0.27176,0.0188,0.0572,456774636701154.562500
-0.27175,0.022000000000000002,0.054,456774636701154.562500
-0.27174,0.0188,0.0572,456774636701154.562500
-0.27172999999999997,0.0196,0.056400000000000006,456774636701154.562500
-0.27171999999999996,0.022000000000000002,0.0572,456774636701154.562500
-0.27171,0.0236,0.056400000000000006,456774636701154.562500
-0.27169999999999994,0.0236,0.058,456774636701154.562500
-0.27169,0.022000000000000002,0.0596,456774636701154.562500
-0.27168,0.0196,0.056400000000000006,456774636701154.562500
-0.27166999999999997,0.0204,0.056400000000000006,456774636701154.562500
-0.27166,0.0204,0.056400000000000006,456774636701154.562500
-0.27164999999999995,0.018000000000000002,0.055600000000000004,456774636701154.562500
-0.27164,0.0172,0.055600000000000004,456774636701154.562500
-0.27163,0.022000000000000002,0.058,456774636701154.562500
-0.27162,0.0228,0.0548,456774636701154.562500
-0.27161,0.0228,0.0572,456774636701154.562500
-0.27159999999999995,0.022000000000000002,0.0572,456774636701154.562500
-0.27159,0.022000000000000002,0.055600000000000004,456774636701154.562500
-0.27158,0.0236,0.0548,456774636701154.562500
-0.27157,0.0212,0.050800000000000005,456774636701154.562500
-0.27155999999999997,0.0204,0.0524,456774636701154.562500
-0.27154999999999996,0.022000000000000002,0.0524,456774636701154.562500
-0.27154,0.0228,0.058,456774636701154.562500
-0.27153,0.022000000000000002,0.0572,456774636701154.562500
-0.27152,0.0212,0.058,456774636701154.562500
-0.27151,0.0228,0.0572,456774636701154.562500
-0.27149999999999996,0.0228,0.0548,456774636701154.562500
-0.27149,0.0252,0.05,456774636701154.562500
-0.27147999999999994,0.026000000000000002,0.0572,456774636701154.562500
-0.27147,0.0244,0.0572,456774636701154.562500
-0.27146,0.0236,0.056400000000000006,456774636701154.562500
-0.27144999999999997,0.0252,0.058,456774636701154.562500
-0.27144,0.0236,0.0572,456774636701154.562500
-0.27142999999999995,0.0236,0.056400000000000006,456774636701154.562500
-0.27142,0.0244,0.058,456774636701154.562500
-0.27141,0.0228,0.054,456774636701154.562500
-0.2714,0.0204,0.056400000000000006,456774636701154.562500
-0.27139,0.018000000000000002,0.0572,456774636701154.562500
-0.27137999999999995,0.0196,0.055600000000000004,456774636701154.562500
-0.27137,0.0148,0.0596,456774636701154.562500
-0.27136,0.0196,0.0572,456774636701154.562500
-0.27135,0.0212,0.055600000000000004,456774636701154.562500
-0.27133999999999997,0.0212,0.0572,456774636701154.562500
-0.27132999999999996,0.018000000000000002,0.056400000000000006,456774636701154.562500
-0.27132,0.0204,0.056400000000000006,456774636701154.562500
-0.27130999999999994,0.022000000000000002,0.058,456774636701154.562500
-0.2713,0.022000000000000002,0.058,456774636701154.562500
-0.27129,0.0228,0.0572,456774636701154.562500
-0.27127999999999997,0.022000000000000002,0.0572,456774636701154.562500
-0.27127,0.022000000000000002,0.056400000000000006,456774636701154.562500
-0.27125999999999995,0.0236,0.058,456774636701154.562500
-0.27125,0.0228,0.054,456774636701154.562500
-0.27124,0.022000000000000002,0.058,456774636701154.562500
-0.27122999999999997,0.0236,0.055600000000000004,456774636701154.562500
-0.27122,0.0244,0.055600000000000004,456774636701154.562500
-0.27120999999999995,0.022000000000000002,0.053200000000000004,456774636701154.562500
-0.2712,0.0244,0.048400000000000006,456774636701154.562500
-0.27119,0.0204,0.0572,456774636701154.562500
-0.27118,0.0204,0.056400000000000006,456774636701154.562500
-0.27117,0.0188,0.056400000000000006,456774636701154.562500
-0.27115999999999996,0.0228,0.058,456774636701154.562500
-0.27115,0.012400000000000001,0.0524,456774636701154.562500
-0.27114,0.022000000000000002,0.0572,456774636701154.562500
-0.27113,0.022000000000000002,0.055600000000000004,456774636701154.562500
-0.27111999999999997,0.0228,0.0516,456774636701154.562500
-0.27110999999999996,0.022000000000000002,0.0468,456774636701154.562500
-0.2711,0.0236,0.0492,456774636701154.562500
-0.27108999999999994,0.022000000000000002,0.042,456774636701154.562500
-0.27108,0.0236,0.0572,456774636701154.562500
-0.27107,0.022000000000000002,0.053200000000000004,456774636701154.562500
-0.27105999999999997,0.0236,0.050800000000000005,456774636701154.562500
-0.27105,0.0228,0.055600000000000004,456774636701154.562500
-0.27103999999999995,0.0236,0.056400000000000006,456774636701154.562500
-0.27103,0.0228,0.055600000000000004,456774636701154.562500
-0.27102,0.0204,0.0548,456774636701154.562500
-0.27101,0.022000000000000002,0.054,456774636701154.562500
-0.271,0.022000000000000002,0.0516,456774636701154.562500
-0.27098999999999995,0.022000000000000002,0.05,456774636701154.562500
-0.27098,0.0228,0.054,456774636701154.562500
-0.27097,0.022000000000000002,0.05,456774636701154.562500
-0.27096,0.0252,0.054,456774636701154.562500
-0.27094999999999997,0.0228,0.0524,456774636701154.562500
-0.27093999999999996,0.0228,0.056400000000000006,456774636701154.562500
-0.27093,0.0212,0.058,456774636701154.562500
-0.27092,0.0212,0.056400000000000006,456774636701154.562500
-0.27091,0.0228,0.055600000000000004,456774636701154.562500
-0.2709,0.022000000000000002,0.050800000000000005,456774636701154.562500
-0.27088999999999996,0.0228,0.0572,456774636701154.562500
-0.27088,0.0228,0.0468,456774636701154.562500
-0.27086999999999994,0.022000000000000002,0.055600000000000004,456774636701154.562500
-0.27086,0.022000000000000002,0.053200000000000004,456774636701154.562500
-0.27085,0.0228,0.058,456774636701154.562500
-0.27083999999999997,0.0236,0.055600000000000004,456774636701154.562500
-0.27083,0.0236,0.0572,456774636701154.562500
-0.27081999999999995,0.026000000000000002,0.056400000000000006,456774636701154.562500
-0.27081,0.0252,0.056400000000000006,456774636701154.562500
-0.2708,0.0252,0.0548,456774636701154.562500
-0.27079,0.0228,0.0548,456774636701154.562500
-0.27078,0.022000000000000002,0.056400000000000006,456774636701154.562500
-0.27076999999999996,0.0228,0.055600000000000004,456774636701154.562500
-0.27076,0.0212,0.056400000000000006,456774636701154.562500
-0.27075,0.022000000000000002,0.0572,456774636701154.562500
-0.27074,0.018000000000000002,0.056400000000000006,456774636701154.562500
-0.27072999999999997,0.022000000000000002,0.0572,456774636701154.562500
-0.27071999999999996,0.022000000000000002,0.0548,456774636701154.562500
-0.27071,0.0204,0.055600000000000004,456774636701154.562500
-0.27069999999999994,0.0228,0.0548,456774636701154.562500
-0.27069,0.0196,0.0572,456774636701154.562500
-0.27068,0.0236,0.054,456774636701154.562500
-0.27066999999999997,0.0212,0.054,456774636701154.562500
-0.27066,0.0228,0.0572,456774636701154.562500
-0.27064999999999995,0.0172,0.0572,456774636701154.562500
-0.27064,0.0212,0.056400000000000006,456774636701154.562500
-0.27063,0.0164,0.054,456774636701154.562500
-0.27061999999999997,0.0236,0.0524,456774636701154.562500
-0.27061,0.0212,0.0572,456774636701154.562500
-0.27059999999999995,0.0252,0.05,456774636701154.562500
-0.27059,0.0212,0.0548,456774636701154.562500
-0.27058,0.0252,0.0548,456774636701154.562500
-0.27057,0.0244,0.0572,456774636701154.562500
-0.27056,0.026000000000000002,0.056400000000000006,456774636701154.562500
-0.27054999999999996,0.0244,0.056400000000000006,456774636701154.562500
-0.27054,0.0252,0.056400000000000006,456774636701154.562500
-0.27053,0.0212,0.056400000000000006,456774636701154.562500
-0.27052,0.022000000000000002,0.0572,456774636701154.562500
-0.27051,0.0236,0.054,456774636701154.562500
-0.27049999999999996,0.0236,0.0572,456774636701154.562500
-0.27049,0.0236,0.045200000000000004,456774636701154.562500
-0.27047999999999994,0.0236,0.0572,456774636701154.562500
-0.27047,0.0188,0.054,456774636701154.562500
-0.27046,0.022000000000000002,0.058,456774636701154.562500
-0.27044999999999997,0.0212,0.0572,456774636701154.562500
-0.27044,0.0228,0.055600000000000004,456774636701154.562500
-0.27042999999999995,0.0212,0.056400000000000006,456774636701154.562500
-0.27042,0.022000000000000002,0.0572,456774636701154.562500
-0.27041,0.022000000000000002,0.0516,456774636701154.562500
-0.2704,0.0228,0.056400000000000006,456774636701154.562500
-0.27039,0.0228,0.055600000000000004,456774636701154.562500
-0.27037999999999995,0.0212,0.0548,456774636701154.562500
-0.27037,0.022000000000000002,0.0524,456774636701154.562500
-0.27036,0.018000000000000002,0.0492,456774636701154.562500
-0.27035,0.0212,0.0572,456774636701154.562500
-0.27033999999999997,0.022000000000000002,0.046,456774636701154.562500
-0.27032999999999996,0.0196,0.056400000000000006,456774636701154.562500
-0.27032,0.0236,0.058,456774636701154.562500
-0.27031,0.0228,0.0548,456774636701154.562500
-0.2703,0.0172,0.055600000000000004,456774636701154.562500
-0.27029,0.026000000000000002,0.055600000000000004,456774636701154.562500
-0.27027999999999996,0.0236,0.056400000000000006,456774636701154.562500
-0.27027,0.0244,0.058,456774636701154.562500
-0.27025999999999994,0.0236,0.054,456774636701154.562500
-0.27025,0.0244,0.055600000000000004,456774636701154.562500
-0.27024,0.0236,0.0572,456774636701154.562500
-0.27022999999999997,0.0244,0.0572,456774636701154.562500
-0.27022,0.0196,0.056400000000000006,456774636701154.562500
-0.27020999999999995,0.022000000000000002,0.0572,456774636701154.562500
-0.2702,0.0236,0.056400000000000006,456774636701154.562500
-0.27019,0.0204,0.0548,456774636701154.562500
-0.27018,0.0236,0.055600000000000004,456774636701154.562500
-0.27017,0.0236,0.058,456774636701154.562500
-0.27015999999999996,0.0228,0.0572,456774636701154.562500
-0.27015,0.022000000000000002,0.0572,456774636701154.562500
-0.27014,0.0236,0.053200000000000004,456774636701154.562500
-0.27013,0.022000000000000002,0.0548,456774636701154.562500
-0.27011999999999997,0.0228,0.048400000000000006,456774636701154.562500
-0.27010999999999996,0.0228,0.054,456774636701154.562500
-0.2701,0.0204,0.0468,456774636701154.562500
-0.27008999999999994,0.022000000000000002,0.055600000000000004,456774636701154.562500
-0.27008,0.0204,0.055600000000000004,456774636701154.562500
-0.27007,0.0236,0.058,456774636701154.562500
-0.27005999999999997,0.022000000000000002,0.0572,456774636701154.562500
-0.27005,0.022000000000000002,0.056400000000000006,456774636701154.562500
-0.27003999999999995,0.0236,0.053200000000000004,456774636701154.562500
-0.27003,0.0228,0.056400000000000006,456774636701154.562500
-0.27002,0.0244,0.056400000000000006,456774636701154.562500
-0.27001,0.0228,0.0572,456774636701154.562500
-0.27,0.0244,0.0572,456774636701154.562500
-0.26998999999999995,0.0228,0.0492,456774636701154.562500
-0.26998,0.0244,0.0548,456774636701154.562500
-0.26997,0.0228,0.0516,456774636701154.562500
-0.26996,0.0244,0.055600000000000004,456774636701154.562500
-0.26994999999999997,0.0228,0.05,456774636701154.562500
-0.26993999999999996,0.0252,0.054,456774636701154.562500
-0.26993,0.0244,0.045200000000000004,456774636701154.562500
-0.26992,0.0212,0.048400000000000006,456774636701154.562500
-0.26991,0.0244,0.0412,456774636701154.562500
-0.2699,0.0228,0.056400000000000006,456774636701154.562500
-0.26988999999999996,0.0228,0.0572,456774636701154.562500
-0.26988,0.022000000000000002,0.0572,456774636701154.562500
-0.26986999999999994,0.022000000000000002,0.0548,456774636701154.562500
-0.26986,0.0236,0.0572,456774636701154.562500
-0.26985,0.022000000000000002,0.055600000000000004,456774636701154.562500
-0.26983999999999997,0.022000000000000002,0.055600000000000004,456774636701154.562500
-0.26983,0.022000000000000002,0.056400000000000006,456774636701154.562500
-0.26981999999999995,0.022000000000000002,0.056400000000000006,456774636701154.562500
-0.26981,0.0228,0.056400000000000006,456774636701154.562500
-0.2698,0.0228,0.0516,456774636701154.562500
-0.26979,0.0212,0.0572,456774636701154.562500
-0.26978,0.0236,0.056400000000000006,456774636701154.562500
-0.26976999999999995,0.0228,0.0572,456774636701154.562500
-0.26976,0.022000000000000002,0.0476,456774636701154.562500
-0.26975,0.0228,0.055600000000000004,456774636701154.562500
-0.26974,0.0228,0.050800000000000005,456774636701154.562500
-0.26972999999999997,0.0196,0.055600000000000004,456774636701154.562500
-0.26971999999999996,0.0228,0.0572,456774636701154.562500
-0.26971,0.0196,0.0572,456774636701154.562500
-0.26969999999999994,0.0244,0.0572,456774636701154.562500
-0.26969,0.0228,0.056400000000000006,456774636701154.562500
-0.26968,0.0228,0.056400000000000006,456774636701154.562500
-0.26966999999999997,0.0252,0.055600000000000004,456774636701154.562500
-0.26966,0.0236,0.058,456774636701154.562500
-0.26964999999999995,0.0244,0.058800000000000005,456774636701154.562500
-0.26964,0.0252,0.058,456774636701154.562500
-0.26963,0.018000000000000002,0.056400000000000006,456774636701154.562500
-0.26961999999999997,0.0228,0.0572,456774636701154.562500
-0.26961,0.0228,0.05,456774636701154.562500
-0.26959999999999995,0.022000000000000002,0.050800000000000005,456774636701154.562500
-0.26959,0.0228,0.055600000000000004,456774636701154.562500
-0.26958,0.0236,0.058800000000000005,456774636701154.562500
-0.26957,0.0236,0.056400000000000006,456774636701154.562500
-0.26956,0.022000000000000002,0.055600000000000004,456774636701154.562500
-0.26954999999999996,0.022000000000000002,0.046,456774636701154.562500
-0.26954,0.022000000000000002,0.053200000000000004,456774636701154.562500
-0.26953,0.0212,0.0316,456774636701154.562500
-0.26952,0.0228,0.056400000000000006,456774636701154.562500
-0.26950999999999997,0.022000000000000002,0.0468,456774636701154.562500
-0.26949999999999996,0.022000000000000002,0.0572,456774636701154.562500
-0.26949,0.022000000000000002,0.054,456774636701154.562500
-0.26947999999999994,0.022000000000000002,0.0524,456774636701154.562500
-0.26947,0.0228,0.0524,456774636701154.562500
-0.26946,0.0228,0.053200000000000004,456774636701154.562500
-0.26944999999999997,0.022000000000000002,0.0548,456774636701154.562500
-0.26944,0.0212,0.0548,456774636701154.562500
-0.26942999999999995,0.0236,0.056400000000000006,456774636701154.562500
-0.26942,0.0188,0.0516,456774636701154.562500
-0.26941,0.0244,0.050800000000000005,456774636701154.562500
-0.2694,0.0252,0.0492,456774636701154.562500
-0.26939,0.026000000000000002,0.055600000000000004,456774636701154.562500
-0.26937999999999995,0.0244,0.056400000000000006,456774636701154.562500
-0.26937,0.0236,0.05,456774636701154.562500
-0.26936,0.0244,0.056400000000000006,456774636701154.562500
-0.26935,0.0252,0.054,456774636701154.562500
-0.26933999999999997,0.026000000000000002,0.0548,456774636701154.562500
-0.26932999999999996,0.0244,0.0572,456774636701154.562500
-0.26932,0.022000000000000002,0.056400000000000006,456774636701154.562500
-0.26931,0.0228,0.053200000000000004,456774636701154.562500
-0.2693,0.0228,0.05,456774636701154.562500
-0.26929,0.0244,0.058,456774636701154.562500
-0.26927999999999996,0.022000000000000002,0.0572,456774636701154.562500
-0.26927,0.0228,0.055600000000000004,456774636701154.562500
-0.26925999999999994,0.0188,0.050800000000000005,456774636701154.562500
-0.26925,0.0228,0.056400000000000006,456774636701154.562500
-0.26924,0.0236,0.0572,456774636701154.562500
-0.26922999999999997,0.0228,0.0548,456774636701154.562500
-0.26922,0.022000000000000002,0.054,456774636701154.562500
-0.26920999999999995,0.0228,0.053200000000000004,456774636701154.562500
-0.2692,0.022000000000000002,0.058,456774636701154.562500
-0.26919,0.0204,0.054,456774636701154.562500
-0.26918,0.022000000000000002,0.058,456774636701154.562500
-0.26917,0.0236,0.0548,456774636701154.562500
-0.26915999999999995,0.0212,0.056400000000000006,456774636701154.562500
-0.26915,0.0204,0.058,456774636701154.562500
-0.26914,0.0196,0.058,456774636701154.562500
-0.26913,0.022000000000000002,0.058,456774636701154.562500
-0.26911999999999997,0.0204,0.055600000000000004,456774636701154.562500
-0.26910999999999996,0.0236,0.0572,456774636701154.562500
-0.2691,0.0204,0.058,456774636701154.562500
-0.26908999999999994,0.0228,0.055600000000000004,456774636701154.562500
-0.26908,0.0244,0.056400000000000006,456774636701154.562500
-0.26907,0.0244,0.0548,456774636701154.562500
-0.26905999999999997,0.0268,0.058,456774636701154.562500
-0.26905,0.0236,0.055600000000000004,456774636701154.562500
-0.26903999999999995,0.0244,0.0548,456774636701154.562500
-0.26903,0.0228,0.058,456774636701154.562500
-0.26902,0.0236,0.054,456774636701154.562500
-0.26900999999999997,0.0236,0.056400000000000006,456774636701154.562500
-0.269,0.0228,0.056400000000000006,456774636701154.562500
-0.26898999999999995,0.0212,0.056400000000000006,456774636701154.562500
-0.26898,0.0228,0.058,456774636701154.562500
-0.26897,0.0228,0.0516,456774636701154.562500
-0.26896,0.0236,0.0572,456774636701154.562500
-0.26895,0.0212,0.056400000000000006,456774636701154.562500
-0.26893999999999996,0.022000000000000002,0.055600000000000004,456774636701154.562500
-0.26893,0.022000000000000002,0.053200000000000004,456774636701154.562500
-0.26892,0.022000000000000002,0.053200000000000004,456774636701154.562500
-0.26891,0.0204,0.0548,456774636701154.562500
-0.2689,0.022000000000000002,0.0516,456774636701154.562500
-0.26888999999999996,0.0228,0.058,456774636701154.562500
-0.26888,0.0212,0.058800000000000005,456774636701154.562500
-0.26886999999999994,0.0236,0.056400000000000006,456774636701154.562500
-0.26886,0.0236,0.0548,456774636701154.562500
-0.26885,0.022000000000000002,0.055600000000000004,456774636701154.562500
-0.26883999999999997,0.022000000000000002,0.0572,456774636701154.562500
-0.26883,0.0244,0.0572,456774636701154.562500
-0.26881999999999995,0.0228,0.055600000000000004,456774636701154.562500
-0.26881,0.022000000000000002,0.058,456774636701154.562500
-0.2688,0.0236,0.0516,456774636701154.562500
-0.26879,0.0188,0.056400000000000006,456774636701154.562500
-0.26878,0.022000000000000002,0.0524,456774636701154.562500
-0.26876999999999995,0.0244,0.058,456774636701154.562500
-0.26876,0.0212,0.0548,456774636701154.562500
-0.26875,0.0236,0.055600000000000004,456774636701154.562500
-0.26874,0.022000000000000002,0.0516,456774636701154.562500
-0.26872999999999997,0.026000000000000002,0.053200000000000004,456774636701154.562500
-0.26871999999999996,0.0196,0.050800000000000005,456774636701154.562500
-0.26871,0.0228,0.055600000000000004,456774636701154.562500
-0.2687,0.0228,0.058,456774636701154.562500
-0.26869,0.0244,0.0524,456774636701154.562500
-0.26868,0.022000000000000002,0.053200000000000004,456774636701154.562500
-0.26866999999999996,0.0244,0.056400000000000006,456774636701154.562500
-0.26866,0.022000000000000002,0.0548,456774636701154.562500
-0.26864999999999994,0.0228,0.056400000000000006,456774636701154.562500
-0.26864,0.0196,0.056400000000000006,456774636701154.562500
-0.26863,0.022000000000000002,0.0572,456774636701154.562500
-0.26861999999999997,0.022000000000000002,0.045200000000000004,456774636701154.562500
-0.26861,0.0228,0.055600000000000004,456774636701154.562500
-0.26859999999999995,0.022000000000000002,0.056400000000000006,456774636701154.562500
-0.26859,0.022000000000000002,0.054,456774636701154.562500
-0.26858,0.0204,0.0572,456774636701154.562500
-0.26857,0.0228,0.055600000000000004,456774636701154.562500
-0.26856,0.022000000000000002,0.056400000000000006,456774636701154.562500
-0.26854999999999996,0.0228,0.0572,456774636701154.562500
-0.26854,0.0244,0.056400000000000006,456774636701154.562500
-0.26853,0.0228,0.042,456774636701154.562500
-0.26852,0.0228,0.055600000000000004,456774636701154.562500
-0.26850999999999997,0.0212,0.055600000000000004,456774636701154.562500
-0.26849999999999996,0.0228,0.055600000000000004,456774636701154.562500
-0.26849,0.0252,0.0572,456774636701154.562500
-0.26847999999999994,0.0244,0.055600000000000004,456774636701154.562500
-0.26847,0.0244,0.0468,456774636701154.562500
-0.26846,0.0228,0.0572,456774636701154.562500
-0.26844999999999997,0.0244,0.053200000000000004,456774636701154.562500
-0.26844,0.0244,0.054,456774636701154.562500
-0.26842999999999995,0.0244,0.0572,456774636701154.562500
-0.26842,0.022000000000000002,0.058,456774636701154.562500
-0.26841,0.0244,0.0548,456774636701154.562500
-0.26839999999999997,0.0228,0.055600000000000004,456774636701154.562500
-0.26839,0.0244,0.0572,456774636701154.562500
-0.26837999999999995,0.022000000000000002,0.0572,456774636701154.562500
-0.26837,0.0236,0.058800000000000005,456774636701154.562500
-0.26836,0.0236,0.0572,456774636701154.562500
-0.26835,0.0212,0.056400000000000006,456774636701154.562500
-0.26833999999999997,0.0204,0.0572,456774636701154.562500
-0.26832999999999996,0.0244,0.054,456774636701154.562500
-0.26832,0.0236,0.056400000000000006,456774636701154.562500
-0.26831,0.0212,0.0412,456774636701154.562500
-0.2683,0.022000000000000002,0.056400000000000006,456774636701154.562500
-0.26829,0.0196,0.045200000000000004,456774636701154.562500
-0.26827999999999996,0.022000000000000002,0.058,456774636701154.562500
-0.26827,0.022000000000000002,0.048400000000000006,456774636701154.562500
-0.26825999999999994,0.022000000000000002,0.056400000000000006,456774636701154.562500
-0.26825,0.022000000000000002,0.05,456774636701154.562500
-0.26824,0.0228,0.055600000000000004,456774636701154.562500
-0.26822999999999997,0.022000000000000002,0.058,456774636701154.562500
-0.26822,0.022000000000000002,0.056400000000000006,456774636701154.562500
-0.26820999999999995,0.0204,0.056400000000000006,456774636701154.562500
-0.2682,0.022000000000000002,0.055600000000000004,456774636701154.562500
-0.26819,0.0236,0.055600000000000004,456774636701154.562500
-0.26818,0.0236,0.058,456774636701154.562500
-0.26817,0.0236,0.058,456774636701154.562500
-0.26815999999999995,0.026000000000000002,0.0572,456774636701154.562500
-0.26815,0.022000000000000002,0.056400000000000006,456774636701154.562500
-0.26814,0.0228,0.0572,456774636701154.562500
-0.26813,0.026000000000000002,0.056400000000000006,456774636701154.562500
-0.26811999999999997,0.0252,0.056400000000000006,456774636701154.562500
-0.26810999999999996,0.0236,0.056400000000000006,456774636701154.562500
-0.2681,0.0236,0.0572,456774636701154.562500
-0.26808999999999994,0.0244,0.058800000000000005,456774636701154.562500
-0.26808,0.022000000000000002,0.058800000000000005,456774636701154.562500
-0.26807,0.0228,0.055600000000000004,456774636701154.562500
-0.26805999999999996,0.022000000000000002,0.0572,456774636701154.562500
-0.26805,0.0244,0.0572,456774636701154.562500
-0.26803999999999994,0.0204,0.056400000000000006,456774636701154.562500
-0.26803,0.0228,0.058,456774636701154.562500
-0.26802,0.0196,0.0572,456774636701154.562500
-0.26800999999999997,0.022000000000000002,0.053200000000000004,456774636701154.562500
-0.268,0.0212,0.0572,456774636701154.562500
-0.26798999999999995,0.022000000000000002,0.0572,456774636701154.562500
-0.26798,0.0212,0.0572,456774636701154.562500
-0.26797,0.0212,0.053200000000000004,456774636701154.562500
-0.26796,0.0236,0.055600000000000004,456774636701154.562500
-0.26795,0.022000000000000002,0.0516,456774636701154.562500
-0.26793999999999996,0.0212,0.0572,456774636701154.562500
-0.26793,0.0236,0.054,456774636701154.562500
-0.26792,0.022000000000000002,0.0548,456774636701154.562500
-0.26791,0.0228,0.050800000000000005,456774636701154.562500
-0.26789999999999997,0.0228,0.048400000000000006,456774636701154.562500
-0.26788999999999996,0.0196,0.048400000000000006,456774636701154.562500
-0.26788,0.0212,0.0524,456774636701154.562500
-0.26786999999999994,0.0204,0.0516,456774636701154.562500
-0.26786,0.0228,0.0572,456774636701154.562500
-0.26785,0.0204,0.055600000000000004,456774636701154.562500
-0.26783999999999997,0.0244,0.056400000000000006,456774636701154.562500
-0.26783,0.018000000000000002,0.058,456774636701154.562500
-0.26781999999999995,0.0236,0.0524,456774636701154.562500
-0.26781,0.0236,0.055600000000000004,456774636701154.562500
-0.2678,0.0244,0.0524,456774636701154.562500
-0.26779,0.0244,0.05,456774636701154.562500
-0.26778,0.0204,0.0492,456774636701154.562500
-0.26776999999999995,0.0236,0.0516,456774636701154.562500
-0.26776,0.022000000000000002,0.0524,456774636701154.562500
-0.26775,0.0244,0.0572,456774636701154.562500
-0.26774,0.0228,0.055600000000000004,456774636701154.562500
-0.26772999999999997,0.022000000000000002,0.0572,456774636701154.562500
-0.26771999999999996,0.0212,0.0524,456774636701154.562500
-0.26771,0.0228,0.0548,456774636701154.562500
-0.2677,0.0228,0.0572,456774636701154.562500
-0.26769,0.0228,0.0572,456774636701154.562500
-0.26768,0.0204,0.05,456774636701154.562500
-0.26766999999999996,0.0196,0.056400000000000006,456774636701154.562500
-0.26766,0.0204,0.0548,456774636701154.562500
-0.26764999999999994,0.0228,0.058,456774636701154.562500
-0.26764,0.0236,0.056400000000000006,456774636701154.562500
-0.26763,0.022000000000000002,0.055600000000000004,456774636701154.562500
-0.26761999999999997,0.0228,0.055600000000000004,456774636701154.562500
-0.26761,0.0236,0.055600000000000004,456774636701154.562500
-0.26759999999999995,0.0228,0.053200000000000004,456774636701154.562500
-0.26759,0.0212,0.0524,456774636701154.562500
-0.26758,0.0236,0.0524,456774636701154.562500
-0.26757,0.0196,0.056400000000000006,456774636701154.562500
-0.26756,0.0236,0.0572,456774636701154.562500
-0.26754999999999995,0.0204,0.05,456774636701154.562500
-0.26754,0.0252,0.054,456774636701154.562500
-0.26753,0.0252,0.05,456774636701154.562500
-0.26752,0.0236,0.0524,456774636701154.562500
-0.26750999999999997,0.0212,0.053200000000000004,456774636701154.562500
-0.26749999999999996,0.0244,0.0548,456774636701154.562500
-0.26749,0.022000000000000002,0.054,456774636701154.562500
-0.26747999999999994,0.0228,0.058,456774636701154.562500
-0.26747,0.026000000000000002,0.056400000000000006,456774636701154.562500
-0.26746,0.0212,0.0524,456774636701154.562500
-0.26744999999999997,0.022000000000000002,0.056400000000000006,456774636701154.562500
-0.26744,0.022000000000000002,0.058,456774636701154.562500
-0.26742999999999995,0.0212,0.054,456774636701154.562500
-0.26742,0.018000000000000002,0.0548,456774636701154.562500
-0.26741,0.022000000000000002,0.0572,456774636701154.562500
-0.26739999999999997,0.022000000000000002,0.0516,456774636701154.562500
-0.26739,0.022000000000000002,0.0572,456774636701154.562500
-0.26737999999999995,0.0228,0.056400000000000006,456774636701154.562500
-0.26737,0.0212,0.058,456774636701154.562500
-0.26736,0.0228,0.05,456774636701154.562500
-0.26735,0.0236,0.056400000000000006,456774636701154.562500
-0.26734,0.0188,0.0572,456774636701154.562500
-0.26732999999999996,0.0228,0.0572,456774636701154.562500
-0.26732,0.0236,0.055600000000000004,456774636701154.562500
-0.26731,0.022000000000000002,0.058800000000000005,456774636701154.562500
-0.2673,0.0244,0.053200000000000004,456774636701154.562500
-0.26728999999999997,0.0212,0.054,456774636701154.562500
-0.26727999999999996,0.0204,0.045200000000000004,456774636701154.562500
-0.26727,0.022000000000000002,0.058800000000000005,456774636701154.562500
-0.26725999999999994,0.0196,0.0548,456774636701154.562500
-0.26725,0.0252,0.054,456774636701154.562500
-0.26724,0.0188,0.055600000000000004,456774636701154.562500
-0.26722999999999997,0.0244,0.0468,456774636701154.562500
-0.26722,0.0212,0.0548,456774636701154.562500
-0.26720999999999995,0.0244,0.055600000000000004,456774636701154.562500
-0.2672,0.0252,0.0548,456774636701154.562500
-0.26719,0.0236,0.0524,456774636701154.562500
-0.26718,0.0244,0.056400000000000006,456774636701154.562500
-0.26717,0.0196,0.0524,456774636701154.562500
-0.26715999999999995,0.0228,0.0516,456774636701154.562500
-0.26715,0.0212,0.042800000000000005,456774636701154.562500
-0.26714,0.0244,0.054,456774636701154.562500
-0.26713,0.0228,0.056400000000000006,456774636701154.562500
-0.26711999999999997,0.022000000000000002,0.058,456774636701154.562500
-0.26710999999999996,0.0228,0.0572,456774636701154.562500
-0.2671,0.0204,0.058,456774636701154.562500
-0.26709,0.022000000000000002,0.056400000000000006,456774636701154.562500
-0.26708,0.0204,0.056400000000000006,456774636701154.562500
-0.26707,0.0228,0.054,456774636701154.562500
-0.26705999999999996,0.0228,0.055600000000000004,456774636701154.562500
-0.26705,0.0228,0.056400000000000006,456774636701154.562500
-0.26703999999999994,0.0204,0.056400000000000006,456774636701154.562500
-0.26703,0.0228,0.05,456774636701154.562500
-0.26702,0.0204,0.0572,456774636701154.562500
-0.26700999999999997,0.0244,0.0524,456774636701154.562500
-0.267,0.0228,0.058,456774636701154.562500
-0.26698999999999995,0.0212,0.0572,456774636701154.562500
-0.26698,0.0228,0.053200000000000004,456774636701154.562500
-0.26697,0.0212,0.0572,456774636701154.562500
-0.26696,0.022000000000000002,0.058,456774636701154.562500
-0.26695,0.0236,0.058800000000000005,456774636701154.562500
-0.26693999999999996,0.0252,0.055600000000000004,456774636701154.562500
-0.26693,0.026000000000000002,0.058,456774636701154.562500
-0.26692,0.0236,0.0572,456774636701154.562500
-0.26691,0.0236,0.058800000000000005,456774636701154.562500
-0.26689999999999997,0.0196,0.0572,456774636701154.562500
-0.26688999999999996,0.0228,0.0524,456774636701154.562500
-0.26688,0.0228,0.058,456774636701154.562500
-0.26686999999999994,0.0244,0.0516,456774636701154.562500
-0.26686,0.0244,0.056400000000000006,456774636701154.562500
-0.26685,0.0212,0.0516,456774636701154.562500
-0.26683999999999997,0.022000000000000002,0.056400000000000006,456774636701154.562500
-0.26683,0.0196,0.056400000000000006,456774636701154.562500
-0.26681999999999995,0.0244,0.055600000000000004,456774636701154.562500
-0.26681,0.0188,0.0572,456774636701154.562500
-0.2668,0.0212,0.0572,456774636701154.562500
-0.26678999999999997,0.022000000000000002,0.056400000000000006,456774636701154.562500
-0.26678,0.0204,0.056400000000000006,456774636701154.562500
-0.26676999999999995,0.022000000000000002,0.055600000000000004,456774636701154.562500
-0.26676,0.0228,0.0548,456774636701154.562500
-0.26675,0.0228,0.056400000000000006,456774636701154.562500
-0.26674,0.0228,0.055600000000000004,456774636701154.562500
-0.26672999999999997,0.0236,0.058,456774636701154.562500
-0.26671999999999996,0.0188,0.058,456774636701154.562500
-0.26671,0.022000000000000002,0.0524,456774636701154.562500
-0.2667,0.0204,0.055600000000000004,456774636701154.562500
-0.26669,0.0236,0.054,456774636701154.562500
-0.26668,0.022000000000000002,0.0572,456774636701154.562500
-0.26666999999999996,0.0236,0.0572,456774636701154.562500
-0.26666,0.022000000000000002,0.0572,456774636701154.562500
-0.26664999999999994,0.0244,0.058,456774636701154.562500
-0.26664,0.0228,0.055600000000000004,456774636701154.562500
-0.26663,0.0236,0.056400000000000006,456774636701154.562500
-0.26661999999999997,0.0244,0.0572,456774636701154.562500
-0.26661,0.022000000000000002,0.056400000000000006,456774636701154.562500
-0.26659999999999995,0.0244,0.0572,456774636701154.562500
-0.26659,0.0228,0.056400000000000006,456774636701154.562500
-0.26658,0.0244,0.058,456774636701154.562500
-0.26657,0.0228,0.054,456774636701154.562500
-0.26656,0.0196,0.055600000000000004,456774636701154.562500
-0.26654999999999995,0.0236,0.0516,456774636701154.562500
-0.26654,0.014,0.055600000000000004,456774636701154.562500
-0.26653,0.0212,0.0476,456774636701154.562500
-0.26652,0.0228,0.0548,456774636701154.562500
-0.26650999999999997,0.0236,0.0548,456774636701154.562500
-0.26649999999999996,0.022000000000000002,0.0572,456774636701154.562500
-0.26649,0.0212,0.055600000000000004,456774636701154.562500
-0.26648,0.0228,0.056400000000000006,456774636701154.562500
-0.26647,0.015600000000000001,0.0596,456774636701154.562500
-0.26646,0.022000000000000002,0.058,456774636701154.562500
-0.26644999999999996,0.014,0.058,456774636701154.562500
-0.26644,0.0228,0.0524,456774636701154.562500
-0.26642999999999994,0.018000000000000002,0.0548,456774636701154.562500
-0.26642,0.0196,0.0516,456774636701154.562500
-0.26641,0.0204,0.0548,456774636701154.562500
-0.26639999999999997,0.0228,0.0516,456774636701154.562500
-0.26639,0.0196,0.058,456774636701154.562500
-0.26637999999999995,0.0236,0.054,456774636701154.562500
-0.26637,0.022000000000000002,0.058,456774636701154.562500
-0.26636,0.0252,0.0572,456774636701154.562500
-0.26635,0.0236,0.056400000000000006,456774636701154.562500
-0.26634,0.0236,0.058,456774636701154.562500
-0.26632999999999996,0.0236,0.058,456774636701154.562500
-0.26632,0.026000000000000002,0.055600000000000004,456774636701154.562500
-0.26631,0.0228,0.0548,456774636701154.562500
-0.2663,0.0244,0.0548,456774636701154.562500
-0.26628999999999997,0.0244,0.055600000000000004,456774636701154.562500
-0.26627999999999996,0.026000000000000002,0.0492,456774636701154.562500
-0.26627,0.022000000000000002,0.058,456774636701154.562500
-0.26625999999999994,0.0236,0.0572,456774636701154.562500
-0.26625,0.0236,0.0524,456774636701154.562500
-0.26624,0.0244,0.056400000000000006,456774636701154.562500
-0.26622999999999997,0.0236,0.054,456774636701154.562500
-0.26622,0.022000000000000002,0.058,456774636701154.562500
-0.26620999999999995,0.022000000000000002,0.0548,456774636701154.562500
-0.2662,0.0212,0.058800000000000005,456774636701154.562500
-0.26619,0.0196,0.055600000000000004,456774636701154.562500
-0.26617999999999997,0.0228,0.058,456774636701154.562500
-0.26617,0.0212,0.0524,456774636701154.562500
-0.26615999999999995,0.0236,0.056400000000000006,456774636701154.562500
-0.26615,0.022000000000000002,0.0548,456774636701154.562500
-0.26614,0.0228,0.058,456774636701154.562500
-0.26613,0.022000000000000002,0.0548,456774636701154.562500
-0.26611999999999997,0.018000000000000002,0.056400000000000006,456774636701154.562500
-0.26610999999999996,0.0228,0.058,456774636701154.562500
-0.2661,0.0212,0.054,456774636701154.562500
-0.26609,0.022000000000000002,0.0548,456774636701154.562500
-0.26608,0.0236,0.056400000000000006,456774636701154.562500
-0.26607,0.0212,0.054,456774636701154.562500
-0.26605999999999996,0.022000000000000002,0.0476,456774636701154.562500
-0.26605,0.0228,0.053200000000000004,456774636701154.562500
-0.26603999999999994,0.0212,0.0468,456774636701154.562500
-0.26603,0.0268,0.054,456774636701154.562500
-0.26602,0.0252,0.05,456774636701154.562500
-0.26600999999999997,0.0244,0.056400000000000006,456774636701154.562500
-0.266,0.0236,0.054,456774636701154.562500
-0.26598999999999995,0.0244,0.056400000000000006,456774636701154.562500
-0.26598,0.0196,0.0572,456774636701154.562500
-0.26597,0.0236,0.058,456774636701154.562500
-0.26596,0.0244,0.0548,456774636701154.562500
-0.26595,0.0212,0.055600000000000004,456774636701154.562500
-0.26593999999999995,0.0188,0.0572,456774636701154.562500
-0.26593,0.0236,0.0516,456774636701154.562500
-0.26592,0.0228,0.056400000000000006,456774636701154.562500
-0.26591,0.0236,0.0572,456774636701154.562500
-0.26589999999999997,0.0228,0.056400000000000006,456774636701154.562500
-0.26588999999999996,0.0204,0.0572,456774636701154.562500
-0.26588,0.0212,0.045200000000000004,456774636701154.562500
-0.26586999999999994,0.0212,0.0572,456774636701154.562500
-0.26586,0.022000000000000002,0.0572,456774636701154.562500
-0.26585,0.0172,0.055600000000000004,456774636701154.562500
-0.26583999999999997,0.0236,0.055600000000000004,456774636701154.562500
-0.26583,0.0196,0.055600000000000004,456774636701154.562500
-0.26581999999999995,0.022000000000000002,0.0468,456774636701154.562500
-0.26581,0.0196,0.055600000000000004,456774636701154.562500
-0.2658,0.022000000000000002,0.0492,456774636701154.562500
-0.26578999999999997,0.0212,0.0548,456774636701154.562500
-0.26578,0.0236,0.056400000000000006,456774636701154.562500
-0.26576999999999995,0.0196,0.058,456774636701154.562500
-0.26576,0.0228,0.055600000000000004,456774636701154.562500
-0.26575,0.0228,0.0572,456774636701154.562500
-0.26574,0.022000000000000002,0.058,456774636701154.562500
-0.26573,0.0228,0.05,456774636701154.562500
-0.26571999999999996,0.018000000000000002,0.055600000000000004,456774636701154.562500
-0.26571,0.0244,0.053200000000000004,456774636701154.562500
-0.2657,0.0236,0.056400000000000006,456774636701154.562500
-0.26569,0.0252,0.055600000000000004,456774636701154.562500
-0.26567999999999997,0.0236,0.0572,456774636701154.562500
-0.26566999999999996,0.0252,0.058,456774636701154.562500
-0.26566,0.022000000000000002,0.0468,456774636701154.562500
-0.26564999999999994,0.0244,0.0548,456774636701154.562500
-0.26564,0.022000000000000002,0.054,456774636701154.562500
-0.26563,0.0204,0.054,456774636701154.562500
-0.26561999999999997,0.0228,0.0548,456774636701154.562500
-0.26561,0.0236,0.058800000000000005,456774636701154.562500
-0.26559999999999995,0.0172,0.055600000000000004,456774636701154.562500
-0.26559,0.0236,0.058800000000000005,456774636701154.562500
-0.26558,0.0212,0.056400000000000006,456774636701154.562500
-0.26557,0.0228,0.0572,456774636701154.562500
-0.26556,0.0212,0.0572,456774636701154.562500
-0.26554999999999995,0.0196,0.0524,456774636701154.562500
-0.26554,0.022000000000000002,0.055600000000000004,456774636701154.562500
-0.26553,0.0188,0.0524,456774636701154.562500
-0.26552,0.022000000000000002,0.0548,456774636701154.562500
-0.26550999999999997,0.0196,0.0572,456774636701154.562500
-0.26549999999999996,0.022000000000000002,0.058800000000000005,456774636701154.562500
-0.26549,0.0172,0.058,456774636701154.562500
-0.26548,0.0236,0.05,456774636701154.562500
-0.26547,0.022000000000000002,0.056400000000000006,456774636701154.562500
-0.26546,0.022000000000000002,0.0572,456774636701154.562500
-0.26544999999999996,0.0236,0.0572,456774636701154.562500
-0.26544,0.022000000000000002,0.0548,456774636701154.562500
-0.26542999999999994,0.0236,0.056400000000000006,456774636701154.562500
-0.26542,0.022000000000000002,0.0572,456774636701154.562500
-0.26541,0.0244,0.056400000000000006,456774636701154.562500
-0.26539999999999997,0.0244,0.0548,456774636701154.562500
-0.26539,0.022000000000000002,0.058,456774636701154.562500
-0.26537999999999995,0.0244,0.050800000000000005,456774636701154.562500
-0.26537,0.0212,0.0516,456774636701154.562500
-0.26536,0.0252,0.058,456774636701154.562500
-0.26535,0.022000000000000002,0.0548,456774636701154.562500
-0.26534,0.0212,0.0572,456774636701154.562500
-0.26532999999999995,0.0196,0.055600000000000004,456774636701154.562500
-0.26532,0.0204,0.050800000000000005,456774636701154.562500
-0.26531,0.022000000000000002,0.054,456774636701154.562500
-0.2653,0.0212,0.050800000000000005,456774636701154.562500
-0.26528999999999997,0.0228,0.0596,456774636701154.562500
-0.26527999999999996,0.0204,0.055600000000000004,456774636701154.562500
-0.26527,0.0228,0.0572,456774636701154.562500
-0.26525999999999994,0.022000000000000002,0.055600000000000004,456774636701154.562500
-0.26525,0.022000000000000002,0.056400000000000006,456774636701154.562500
-0.26524,0.0212,0.058800000000000005,456774636701154.562500
-0.26522999999999997,0.022000000000000002,0.055600000000000004,456774636701154.562500
-0.26522,0.0188,0.054,456774636701154.562500
-0.26520999999999995,0.0228,0.0572,456774636701154.562500
-0.2652,0.0212,0.050800000000000005,456774636701154.562500
-0.26519,0.022000000000000002,0.055600000000000004,456774636701154.562500
-0.26517999999999997,0.0236,0.0524,456774636701154.562500
-0.26517,0.0212,0.058,456774636701154.562500
-0.26515999999999995,0.0228,0.0516,456774636701154.562500
-0.26515,0.022000000000000002,0.05,456774636701154.562500
-0.26514,0.0236,0.05,456774636701154.562500
-0.26513,0.0228,0.058,456774636701154.562500
-0.26512,0.022000000000000002,0.055600000000000004,456774636701154.562500
-0.26510999999999996,0.0236,0.056400000000000006,456774636701154.562500
-0.2651,0.0204,0.058800000000000005,456774636701154.562500
-0.26509,0.0252,0.0572,456774636701154.562500
-0.26508,0.0236,0.055600000000000004,456774636701154.562500
-0.26507,0.0252,0.0572,456774636701154.562500
-0.26505999999999996,0.0204,0.056400000000000006,456774636701154.562500
-0.26505,0.0236,0.058,456774636701154.562500
-0.26503999999999994,0.0188,0.055600000000000004,456774636701154.562500
-0.26503,0.022000000000000002,0.0572,456774636701154.562500
-0.26502,0.0228,0.056400000000000006,456774636701154.562500
-0.26500999999999997,0.0244,0.056400000000000006,456774636701154.562500
-0.265,0.0228,0.056400000000000006,456774636701154.562500
-0.26498999999999995,0.0212,0.0572,456774636701154.562500
-0.26498,0.0204,0.055600000000000004,456774636701154.562500
-0.26497,0.0204,0.0572,456774636701154.562500
-0.26496,0.0204,0.056400000000000006,456774636701154.562500
-0.26495,0.0196,0.056400000000000006,456774636701154.562500
-0.26493999999999995,0.0228,0.0548,456774636701154.562500
-0.26493,0.0204,0.053200000000000004,456774636701154.562500
-0.26492,0.0228,0.053200000000000004,456774636701154.562500
-0.26491,0.0212,0.0572,456774636701154.562500
-0.26489999999999997,0.0212,0.048400000000000006,456774636701154.562500
-0.26488999999999996,0.0204,0.058,456774636701154.562500
-0.26488,0.0212,0.0492,456774636701154.562500
-0.26487,0.018000000000000002,0.0572,456774636701154.562500
-0.26486,0.0228,0.056400000000000006,456774636701154.562500
-0.26485,0.0212,0.0572,456774636701154.562500
-0.26483999999999996,0.0244,0.058,456774636701154.562500
-0.26483,0.0228,0.054,456774636701154.562500
-0.26481999999999994,0.0196,0.058800000000000005,456774636701154.562500
-0.26481,0.0236,0.046,456774636701154.562500
-0.2648,0.018000000000000002,0.054,456774636701154.562500
-0.26478999999999997,0.0236,0.054,456774636701154.562500
-0.26478,0.022000000000000002,0.0548,456774636701154.562500
-0.26476999999999995,0.0252,0.0524,456774636701154.562500
-0.26476,0.0228,0.0572,456774636701154.562500
-0.26475,0.0244,0.050800000000000005,456774636701154.562500
-0.26474,0.0236,0.0572,456774636701154.562500
-0.26473,0.022000000000000002,0.050800000000000005,456774636701154.562500
-0.26471999999999996,0.0212,0.053200000000000004,456774636701154.562500
-0.26471,0.0196,0.056400000000000006,456774636701154.562500
-0.2647,0.0196,0.0476,456774636701154.562500
-0.26469,0.0196,0.058,456774636701154.562500
-0.26467999999999997,0.0228,0.0572,456774636701154.562500
-0.26466999999999996,0.022000000000000002,0.0572,456774636701154.562500
-0.26466,0.022000000000000002,0.053200000000000004,456774636701154.562500
-0.26464999999999994,0.0172,0.058,456774636701154.562500
-0.26464,0.022000000000000002,0.0476,456774636701154.562500
-0.26463,0.0196,0.058800000000000005,456774636701154.562500
-0.26461999999999997,0.022000000000000002,0.056400000000000006,456774636701154.562500
-0.26461,0.018000000000000002,0.056400000000000006,456774636701154.562500
-0.26459999999999995,0.022000000000000002,0.045200000000000004,456774636701154.562500
-0.26459,0.018000000000000002,0.055600000000000004,456774636701154.562500
-0.26458,0.0212,0.0492,456774636701154.562500
-0.26456999999999997,0.0196,0.058,456774636701154.562500
-0.26456,0.0204,0.055600000000000004,456774636701154.562500
-0.26454999999999995,0.022000000000000002,0.0548,456774636701154.562500
-0.26454,0.022000000000000002,0.0548,456774636701154.562500
-0.26453,0.0228,0.056400000000000006,456774636701154.562500
-0.26452,0.0236,0.058,456774636701154.562500
-0.26450999999999997,0.0228,0.056400000000000006,456774636701154.562500
-0.26449999999999996,0.0252,0.0572,456774636701154.562500
-0.26449,0.0244,0.055600000000000004,456774636701154.562500
-0.26448,0.018000000000000002,0.056400000000000006,456774636701154.562500
-0.26447,0.022000000000000002,0.0572,456774636701154.562500
-0.26446,0.0212,0.055600000000000004,456774636701154.562500
-0.26444999999999996,0.0196,0.058,456774636701154.562500
-0.26444,0.0244,0.055600000000000004,456774636701154.562500
-0.26442999999999994,0.0212,0.0524,456774636701154.562500
-0.26442,0.0236,0.053200000000000004,456774636701154.562500
-0.26441,0.0236,0.0548,456774636701154.562500
-0.26439999999999997,0.0228,0.0492,456774636701154.562500
-0.26439,0.0236,0.058,456774636701154.562500
-0.26437999999999995,0.0236,0.0548,456774636701154.562500
-0.26437,0.022000000000000002,0.055600000000000004,456774636701154.562500
-0.26436,0.022000000000000002,0.053200000000000004,456774636701154.562500
-0.26435,0.0212,0.056400000000000006,456774636701154.562500
-0.26434,0.0228,0.05,456774636701154.562500
-0.26432999999999995,0.0204,0.058,456774636701154.562500
-0.26432,0.0212,0.0516,456774636701154.562500
-0.26431,0.0196,0.0572,456774636701154.562500
-0.2643,0.022000000000000002,0.0572,456774636701154.562500
-0.26428999999999997,0.0188,0.0572,456774636701154.562500
-0.26427999999999996,0.0148,0.0572,456774636701154.562500
-0.26427,0.0196,0.0524,456774636701154.562500
-0.26425999999999994,0.014,0.055600000000000004,456774636701154.562500
-0.26425,0.0212,0.056400000000000006,456774636701154.562500
-0.26424,0.0212,0.0548,456774636701154.562500
-0.26422999999999996,0.0228,0.058,456774636701154.562500
-0.26422,0.0172,0.05,456774636701154.562500
-0.26420999999999994,0.0236,0.05,456774636701154.562500
-0.2642,0.0204,0.042800000000000005,456774636701154.562500
-0.26419,0.0212,0.050800000000000005,456774636701154.562500
-0.26417999999999997,0.0252,0.0572,456774636701154.562500
-0.26417,0.0228,0.055600000000000004,456774636701154.562500
-0.26415999999999995,0.0236,0.055600000000000004,456774636701154.562500
-0.26415,0.0236,0.056400000000000006,456774636701154.562500
-0.26414,0.022000000000000002,0.0468,456774636701154.562500
-0.26413,0.0204,0.055600000000000004,456774636701154.562500
-0.26412,0.0244,0.054,456774636701154.562500
-0.26410999999999996,0.022000000000000002,0.056400000000000006,456774636701154.562500
-0.2641,0.0228,0.040400000000000005,456774636701154.562500
-0.26409,0.0196,0.0572,456774636701154.562500
-0.26408,0.022000000000000002,0.0524,456774636701154.562500
-0.26406999999999997,0.022000000000000002,0.0572,456774636701154.562500
-0.26405999999999996,0.0244,0.0516,456774636701154.562500
-0.26405,0.0228,0.056400000000000006,456774636701154.562500
-0.26403999999999994,0.022000000000000002,0.0524,456774636701154.562500
-0.26403,0.022000000000000002,0.053200000000000004,456774636701154.562500
-0.26402,0.0236,0.056400000000000006,456774636701154.562500
-0.26400999999999997,0.022000000000000002,0.05,456774636701154.562500
-0.264,0.0228,0.054,456774636701154.562500
-0.26398999999999995,0.022000000000000002,0.0548,456774636701154.562500
-0.26398,0.0188,0.058,456774636701154.562500
-0.26397,0.0228,0.0516,456774636701154.562500
-0.26396,0.018000000000000002,0.056400000000000006,456774636701154.562500
-0.26395,0.0212,0.0548,456774636701154.562500
-0.26393999999999995,0.0164,0.056400000000000006,456774636701154.562500
-0.26393,0.022000000000000002,0.0572,456774636701154.562500
-0.26392,0.022000000000000002,0.045200000000000004,456774636701154.562500
-0.26391,0.0252,0.0572,456774636701154.562500
-0.26389999999999997,0.0252,0.0572,456774636701154.562500
-0.26388999999999996,0.022000000000000002,0.058,456774636701154.562500
-0.26388,0.0252,0.058,456774636701154.562500
-0.26387,0.0228,0.054,456774636701154.562500
-0.26386,0.0244,0.058,456774636701154.562500
-0.26385,0.022000000000000002,0.056400000000000006,456774636701154.562500
-0.26383999999999996,0.0244,0.056400000000000006,456774636701154.562500
-0.26383,0.0236,0.0572,456774636701154.562500
-0.26381999999999994,0.0188,0.0572,456774636701154.562500
-0.26381,0.0236,0.054,456774636701154.562500
-0.2638,0.0204,0.056400000000000006,456774636701154.562500
-0.26378999999999997,0.0244,0.0572,456774636701154.562500
-0.26378,0.0236,0.056400000000000006,456774636701154.562500
-0.26376999999999995,0.0228,0.058,456774636701154.562500
-0.26376,0.0236,0.050800000000000005,456774636701154.562500
-0.26375,0.0212,0.056400000000000006,456774636701154.562500
-0.26374,0.0228,0.055600000000000004,456774636701154.562500
-0.26373,0.0228,0.0572,456774636701154.562500
-0.26371999999999995,0.0212,0.058,456774636701154.562500
-0.26371,0.0212,0.0548,456774636701154.562500
-0.2637,0.022000000000000002,0.058800000000000005,456774636701154.562500
-0.26369,0.0196,0.056400000000000006,456774636701154.562500
-0.26367999999999997,0.022000000000000002,0.0572,456774636701154.562500
-0.26366999999999996,0.022000000000000002,0.0572,456774636701154.562500
-0.26366,0.022000000000000002,0.058,456774636701154.562500
-0.26364999999999994,0.0212,0.0572,456774636701154.562500
-0.26364,0.0228,0.055600000000000004,456774636701154.562500
-0.26363,0.018000000000000002,0.0572,456774636701154.562500
-0.26361999999999997,0.0244,0.0572,456774636701154.562500
-0.26361,0.0252,0.053200000000000004,456774636701154.562500
-0.26359999999999995,0.0236,0.0572,456774636701154.562500
-0.26359,0.0236,0.054,456774636701154.562500
-0.26358,0.0244,0.0572,456774636701154.562500
-0.26356999999999997,0.0236,0.056400000000000006,456774636701154.562500
-0.26356,0.0244,0.055600000000000004,456774636701154.562500
-0.26354999999999995,0.0236,0.050800000000000005,456774636701154.562500
-0.26354,0.0236,0.0548,456774636701154.562500
-0.26353,0.022000000000000002,0.058,456774636701154.562500
-0.26352,0.0244,0.058,456774636701154.562500
-0.26351,0.0228,0.058,456774636701154.562500
-0.26349999999999996,0.0204,0.056400000000000006,456774636701154.562500
-0.26349,0.0204,0.056400000000000006,456774636701154.562500
-0.26348,0.0196,0.048400000000000006,456774636701154.562500
-0.26347,0.022000000000000002,0.056400000000000006,456774636701154.562500
-0.26345999999999997,0.0196,0.055600000000000004,456774636701154.562500
-0.26344999999999996,0.022000000000000002,0.0548,456774636701154.562500
-0.26344,0.022000000000000002,0.056400000000000006,456774636701154.562500
-0.26342999999999994,0.0212,0.054,456774636701154.562500
-0.26342,0.0212,0.0516,456774636701154.562500
-0.26341,0.022000000000000002,0.054,456774636701154.562500
-0.26339999999999997,0.0204,0.055600000000000004,456774636701154.562500
-0.26339,0.0204,0.053200000000000004,456774636701154.562500
-0.26337999999999995,0.022000000000000002,0.058,456774636701154.562500
-0.26337,0.0204,0.0444,456774636701154.562500
-0.26336,0.022000000000000002,0.058,456774636701154.562500
-0.26335,0.0204,0.0492,456774636701154.562500
-0.26334,0.0212,0.0548,456774636701154.562500
-0.26332999999999995,0.0164,0.0524,456774636701154.562500
-0.26332,0.0236,0.058,456774636701154.562500
-0.26331,0.0236,0.055600000000000004,456774636701154.562500
-0.2633,0.0228,0.055600000000000004,456774636701154.562500
-0.26328999999999997,0.0236,0.058,456774636701154.562500
-0.26327999999999996,0.0244,0.0572,456774636701154.562500
-0.26327,0.022000000000000002,0.055600000000000004,456774636701154.562500
-0.26326,0.0244,0.055600000000000004,456774636701154.562500
-0.26325,0.0236,0.0524,456774636701154.562500
-0.26324,0.0244,0.0572,456774636701154.562500
-0.26322999999999996,0.0212,0.05,456774636701154.562500
-0.26322,0.0236,0.05,456774636701154.562500
-0.26320999999999994,0.022000000000000002,0.054,456774636701154.562500
-0.2632,0.0236,0.054,456774636701154.562500
-0.26319,0.0236,0.054,456774636701154.562500
-0.26317999999999997,0.022000000000000002,0.053200000000000004,456774636701154.562500
-0.26317,0.0204,0.056400000000000006,456774636701154.562500
-0.26315999999999995,0.0212,0.05,456774636701154.562500
-0.26315,0.0196,0.0572,456774636701154.562500
-0.26314,0.0228,0.054,456774636701154.562500
-0.26313,0.0212,0.058,456774636701154.562500
-0.26312,0.022000000000000002,0.054,456774636701154.562500
-0.26310999999999996,0.0204,0.058,456774636701154.562500
-0.2631,0.0212,0.056400000000000006,456774636701154.562500
-0.26309,0.0204,0.053200000000000004,456774636701154.562500
-0.26308,0.0204,0.058,456774636701154.562500
-0.26306999999999997,0.0204,0.055600000000000004,456774636701154.562500
-0.26305999999999996,0.022000000000000002,0.056400000000000006,456774636701154.562500
-0.26305,0.0188,0.0492,456774636701154.562500
-0.26303999999999994,0.0196,0.0572,456774636701154.562500
-0.26303,0.022000000000000002,0.0468,456774636701154.562500
-0.26302,0.0228,0.055600000000000004,456774636701154.562500
-0.26300999999999997,0.0236,0.0572,456774636701154.562500
-0.263,0.022000000000000002,0.056400000000000006,456774636701154.562500
-0.26298999999999995,0.0212,0.056400000000000006,456774636701154.562500
-0.26298,0.0236,0.0516,456774636701154.562500
-0.26297,0.0236,0.056400000000000006,456774636701154.562500
-0.26295999999999997,0.0244,0.0572,456774636701154.562500
-0.26295,0.0228,0.0572,456774636701154.562500
-0.26293999999999995,0.0236,0.0572,456774636701154.562500
-0.26293,0.0236,0.058,456774636701154.562500
-0.26292,0.0244,0.0572,456774636701154.562500
-0.26291,0.0236,0.058,456774636701154.562500
-0.26289999999999997,0.0244,0.058,456774636701154.562500
-0.26288999999999996,0.022000000000000002,0.054,456774636701154.562500
-0.26288,0.0228,0.056400000000000006,456774636701154.562500
-0.26287,0.0188,0.054,456774636701154.562500
-0.26286,0.0228,0.0516,456774636701154.562500
-0.26285,0.0196,0.0572,456774636701154.562500
-0.26283999999999996,0.0204,0.055600000000000004,456774636701154.562500
-0.26283,0.0196,0.0548,456774636701154.562500
-0.26281999999999994,0.0236,0.0492,456774636701154.562500
-0.26281,0.0196,0.055600000000000004,456774636701154.562500
-0.2628,0.022000000000000002,0.0548,456774636701154.562500
-0.26278999999999997,0.022000000000000002,0.058,456774636701154.562500
-0.26278,0.022000000000000002,0.056400000000000006,456774636701154.562500
-0.26276999999999995,0.0196,0.056400000000000006,456774636701154.562500
-0.26276,0.0228,0.0516,456774636701154.562500
-0.26275,0.0204,0.055600000000000004,456774636701154.562500
-0.26274,0.0228,0.0524,456774636701154.562500
-0.26273,0.0196,0.055600000000000004,456774636701154.562500
-0.26271999999999995,0.0204,0.0548,456774636701154.562500
-0.26271,0.0188,0.0524,456774636701154.562500
-0.2627,0.0228,0.058,456774636701154.562500
-0.26269,0.0204,0.048400000000000006,456774636701154.562500
-0.26267999999999997,0.0236,0.0572,456774636701154.562500
-0.26266999999999996,0.0244,0.055600000000000004,456774636701154.562500
-0.26266,0.0236,0.0572,456774636701154.562500
-0.26264999999999994,0.0236,0.055600000000000004,456774636701154.562500
-0.26264,0.0236,0.0524,456774636701154.562500
-0.26263,0.0244,0.056400000000000006,456774636701154.562500
-0.26261999999999996,0.0236,0.058,456774636701154.562500
-0.26261,0.0196,0.055600000000000004,456774636701154.562500
-0.26259999999999994,0.0244,0.054,456774636701154.562500
-0.26259,0.0188,0.050800000000000005,456774636701154.562500
-0.26258,0.0204,0.055600000000000004,456774636701154.562500
-0.26256999999999997,0.022000000000000002,0.053200000000000004,456774636701154.562500
-0.26256,0.0228,0.0476,456774636701154.562500
-0.26254999999999995,0.0212,0.058,456774636701154.562500
-0.26254,0.0228,0.053200000000000004,456774636701154.562500
-0.26253,0.0204,0.058,456774636701154.562500
-0.26252,0.022000000000000002,0.05,456774636701154.562500
-0.26251,0.0188,0.056400000000000006,456774636701154.562500
-0.26249999999999996,0.022000000000000002,0.0524,456774636701154.562500
-0.26249,0.022000000000000002,0.0548,456774636701154.562500
-0.26248,0.0228,0.054,456774636701154.562500
-0.26247,0.022000000000000002,0.056400000000000006,456774636701154.562500
-0.26245999999999997,0.0204,0.0548,456774636701154.562500
-0.26244999999999996,0.0212,0.058,456774636701154.562500
-0.26244,0.0228,0.055600000000000004,456774636701154.562500
-0.26242999999999994,0.0236,0.0548,456774636701154.562500
-0.26242,0.0236,0.054,456774636701154.562500
-0.26241,0.0236,0.058,456774636701154.562500
-0.26239999999999997,0.0244,0.0548,456774636701154.562500
-0.26239,0.0204,0.054,456774636701154.562500
-0.26237999999999995,0.0228,0.0412,456774636701154.562500
-0.26237,0.0212,0.056400000000000006,456774636701154.562500
-0.26236,0.0236,0.055600000000000004,456774636701154.562500
-0.26234999999999997,0.0228,0.055600000000000004,456774636701154.562500
-0.26234,0.0252,0.054,456774636701154.562500
-0.26232999999999995,0.0228,0.058800000000000005,456774636701154.562500
-0.26232,0.0252,0.0548,456774636701154.562500
-0.26231,0.0236,0.0524,456774636701154.562500
-0.2623,0.0236,0.056400000000000006,456774636701154.562500
-0.26228999999999997,0.018000000000000002,0.050800000000000005,456774636701154.562500
-0.26227999999999996,0.0228,0.0572,456774636701154.562500
-0.26227,0.0204,0.046,456774636701154.562500
-0.26226,0.0236,0.0516,456774636701154.562500
-0.26225,0.0236,0.0516,456774636701154.562500
-0.26224,0.022000000000000002,0.0572,456774636701154.562500
-0.26222999999999996,0.0212,0.056400000000000006,456774636701154.562500
-0.26222,0.0228,0.05,456774636701154.562500
-0.26220999999999994,0.0196,0.056400000000000006,456774636701154.562500
-0.2622,0.0196,0.040400000000000005,456774636701154.562500
-0.26219,0.0212,0.058,456774636701154.562500
-0.26217999999999997,0.0204,0.038,456774636701154.562500
-0.26217,0.0164,0.058,456774636701154.562500
-0.26215999999999995,0.0212,0.040400000000000005,456774636701154.562500
-0.26215,0.018000000000000002,0.058,456774636701154.562500
-0.26214,0.0236,0.055600000000000004,456774636701154.562500
-0.26213,0.022000000000000002,0.056400000000000006,456774636701154.562500
-0.26212,0.0228,0.055600000000000004,456774636701154.562500
-0.26210999999999995,0.022000000000000002,0.055600000000000004,456774636701154.562500
-0.2621,0.0228,0.053200000000000004,456774636701154.562500
-0.26209,0.022000000000000002,0.05,456774636701154.562500
-0.26208,0.0188,0.056400000000000006,456774636701154.562500
-0.26206999999999997,0.0252,0.055600000000000004,456774636701154.562500
-0.26205999999999996,0.022000000000000002,0.0572,456774636701154.562500
-0.26205,0.0252,0.046,456774636701154.562500
-0.26203999999999994,0.0252,0.0572,456774636701154.562500
-0.26203,0.022000000000000002,0.0468,456774636701154.562500
-0.26202,0.0228,0.055600000000000004,456774636701154.562500
-0.26200999999999997,0.022000000000000002,0.056400000000000006,456774636701154.562500
-0.262,0.0236,0.0516,456774636701154.562500
-0.26198999999999995,0.0236,0.0572,456774636701154.562500
-0.26198,0.0252,0.050800000000000005,456774636701154.562500
-0.26197,0.0236,0.05,456774636701154.562500
-0.26195999999999997,0.0196,0.056400000000000006,456774636701154.562500
-0.26195,0.0228,0.055600000000000004,456774636701154.562500
-0.26193999999999995,0.0212,0.055600000000000004,456774636701154.562500
-0.26193,0.022000000000000002,0.0524,456774636701154.562500
-0.26192,0.0188,0.0524,456774636701154.562500
-0.26191,0.022000000000000002,0.0596,456774636701154.562500
-0.2619,0.0212,0.0492,456774636701154.562500
-0.26188999999999996,0.0188,0.058,456774636701154.562500
-0.26188,0.022000000000000002,0.055600000000000004,456774636701154.562500
-0.26187,0.022000000000000002,0.0572,456774636701154.562500
-0.26186,0.0204,0.053200000000000004,456774636701154.562500
-0.26184999999999997,0.022000000000000002,0.0524,456774636701154.562500
-0.26183999999999996,0.0204,0.058,456774636701154.562500
-0.26183,0.0228,0.058,456774636701154.562500
-0.26181999999999994,0.0212,0.0572,456774636701154.562500
-0.26181,0.0188,0.0548,456774636701154.562500
-0.2618,0.022000000000000002,0.056400000000000006,456774636701154.562500
-0.26178999999999997,0.0204,0.050800000000000005,456774636701154.562500
-0.26178,0.0212,0.0572,456774636701154.562500
-0.26176999999999995,0.015600000000000001,0.050800000000000005,456774636701154.562500
-0.26176,0.0236,0.0548,456774636701154.562500
-0.26175,0.022000000000000002,0.0524,456774636701154.562500
-0.26174,0.0244,0.0524,456774636701154.562500
-0.26173,0.0252,0.058,456774636701154.562500
-0.26171999999999995,0.022000000000000002,0.0572,456774636701154.562500
-0.26171,0.0228,0.054,456774636701154.562500
-0.2617,0.0212,0.056400000000000006,456774636701154.562500
-0.26169,0.0228,0.055600000000000004,456774636701154.562500
-0.26167999999999997,0.0196,0.055600000000000004,456774636701154.562500
-0.26166999999999996,0.0228,0.054,456774636701154.562500
-0.26166,0.0236,0.0572,456774636701154.562500
-0.26165,0.0244,0.054,456774636701154.562500
-0.26164,0.0204,0.0572,456774636701154.562500
-0.26163,0.0236,0.055600000000000004,456774636701154.562500
-0.26161999999999996,0.022000000000000002,0.0572,456774636701154.562500
-0.26161,0.022000000000000002,0.058,456774636701154.562500
-0.26159999999999994,0.0228,0.0572,456774636701154.562500
-0.26159,0.022000000000000002,0.0524,456774636701154.562500
-0.26158,0.022000000000000002,0.0572,456774636701154.562500
-0.26156999999999997,0.0212,0.0516,456774636701154.562500
-0.26156,0.0204,0.056400000000000006,456774636701154.562500
-0.26154999999999995,0.0212,0.045200000000000004,456774636701154.562500
-0.26154,0.0204,0.0524,456774636701154.562500
-0.26153,0.0212,0.048400000000000006,456774636701154.562500
-0.26152,0.0236,0.054,456774636701154.562500
-0.26151,0.0236,0.0572,456774636701154.562500
-0.26149999999999995,0.0212,0.054,456774636701154.562500
-0.26149,0.022000000000000002,0.058,456774636701154.562500
-0.26148,0.022000000000000002,0.05,456774636701154.562500
-0.26147,0.0228,0.0572,456774636701154.562500
-0.26145999999999997,0.0244,0.0492,456774636701154.562500
-0.26144999999999996,0.0236,0.0596,456774636701154.562500
-0.26144,0.0228,0.045200000000000004,456774636701154.562500
-0.26142999999999994,0.0244,0.056400000000000006,456774636701154.562500
-0.26142,0.0228,0.0412,456774636701154.562500
-0.26141,0.0244,0.054,456774636701154.562500
-0.26139999999999997,0.0236,0.05,456774636701154.562500
-0.26139,0.022000000000000002,0.056400000000000006,456774636701154.562500
-0.26137999999999995,0.0236,0.0524,456774636701154.562500
-0.26137,0.0228,0.056400000000000006,456774636701154.562500
-0.26136,0.022000000000000002,0.0492,456774636701154.562500
-0.26134999999999997,0.022000000000000002,0.058,456774636701154.562500
-0.26134,0.022000000000000002,0.056400000000000006,456774636701154.562500
-0.26132999999999995,0.0244,0.056400000000000006,456774636701154.562500
-0.26132,0.015600000000000001,0.058,456774636701154.562500
-0.26131,0.022000000000000002,0.053200000000000004,456774636701154.562500
-0.2613,0.022000000000000002,0.058800000000000005,456774636701154.562500
-0.26128999999999997,0.0188,0.054,456774636701154.562500
-0.26127999999999996,0.0204,0.055600000000000004,456774636701154.562500
-0.26127,0.0148,0.050800000000000005,456774636701154.562500
-0.26126,0.022000000000000002,0.056400000000000006,456774636701154.562500
-0.26125,0.0212,0.055600000000000004,456774636701154.562500
-0.26123999999999997,0.0196,0.0524,456774636701154.562500
-0.26122999999999996,0.0196,0.058,456774636701154.562500
-0.26122,0.0204,0.0572,456774636701154.562500
-0.26120999999999994,0.0108,0.0516,456774636701154.562500
-0.2612,0.0204,0.056400000000000006,456774636701154.562500
-0.26119,0.0212,0.055600000000000004,456774636701154.562500
-0.26117999999999997,0.0228,0.058,456774636701154.562500
-0.26117,0.0252,0.058,456774636701154.562500
-0.26115999999999995,0.0236,0.055600000000000004,456774636701154.562500
-0.26115,0.0228,0.058,456774636701154.562500
-0.26114,0.0204,0.055600000000000004,456774636701154.562500
-0.26113,0.0244,0.0572,456774636701154.562500
-0.26112,0.022000000000000002,0.056400000000000006,456774636701154.562500
-0.26110999999999995,0.0228,0.055600000000000004,456774636701154.562500
-0.2611,0.0244,0.0572,456774636701154.562500
-0.26109,0.0204,0.0548,456774636701154.562500
-0.26108,0.0228,0.058,456774636701154.562500
-0.26106999999999997,0.0212,0.055600000000000004,456774636701154.562500
-0.26105999999999996,0.0228,0.0572,456774636701154.562500
-0.26105,0.0228,0.055600000000000004,456774636701154.562500
-0.26104,0.0212,0.054,456774636701154.562500
-0.26103,0.0236,0.0548,456774636701154.562500
-0.26102,0.0236,0.053200000000000004,456774636701154.562500
-0.26100999999999996,0.022000000000000002,0.0572,456774636701154.562500
-0.261,0.0228,0.056400000000000006,456774636701154.562500
-0.26098999999999994,0.0236,0.0572,456774636701154.562500
-0.26098,0.022000000000000002,0.055600000000000004,456774636701154.562500
-0.26097,0.022000000000000002,0.056400000000000006,456774636701154.562500
-0.26095999999999997,0.0204,0.050800000000000005,456774636701154.562500
-0.26095,0.022000000000000002,0.056400000000000006,456774636701154.562500
-0.26093999999999995,0.0236,0.048400000000000006,456774636701154.562500
-0.26093,0.022000000000000002,0.055600000000000004,456774636701154.562500
-0.26092,0.022000000000000002,0.0492,456774636701154.562500
-0.26091,0.0236,0.0572,456774636701154.562500
-0.2609,0.0228,0.054,456774636701154.562500
-0.26088999999999996,0.0236,0.0572,456774636701154.562500
-0.26088,0.022000000000000002,0.0524,456774636701154.562500
-0.26087,0.0132,0.0516,456774636701154.562500
-0.26086,0.0236,0.055600000000000004,456774636701154.562500
-0.26084999999999997,0.0212,0.0492,456774636701154.562500
-0.26083999999999996,0.022000000000000002,0.054,456774636701154.562500
-0.26083,0.0228,0.0516,456774636701154.562500
-0.26081999999999994,0.0244,0.053200000000000004,456774636701154.562500
-0.26081,0.0228,0.056400000000000006,456774636701154.562500
-0.2608,0.022000000000000002,0.056400000000000006,456774636701154.562500
-0.26078999999999997,0.022000000000000002,0.058,456774636701154.562500
-0.26078,0.0228,0.058,456774636701154.562500
-0.26076999999999995,0.0188,0.053200000000000004,456774636701154.562500
-0.26076,0.0228,0.0572,456774636701154.562500
-0.26075,0.0188,0.0548,456774636701154.562500
-0.26073999999999997,0.022000000000000002,0.055600000000000004,456774636701154.562500
-0.26073,0.0212,0.0524,456774636701154.562500
-0.26071999999999995,0.0212,0.0572,456774636701154.562500
-0.26071,0.022000000000000002,0.056400000000000006,456774636701154.562500
-0.2607,0.0212,0.054,456774636701154.562500
-0.26069,0.0212,0.055600000000000004,456774636701154.562500
-0.26067999999999997,0.0212,0.053200000000000004,456774636701154.562500
-0.26066999999999996,0.0228,0.0516,456774636701154.562500
-0.26066,0.0196,0.056400000000000006,456774636701154.562500
-0.26065,0.0212,0.0516,456774636701154.562500
-0.26064,0.022000000000000002,0.054,456774636701154.562500
-0.26063,0.0204,0.0572,456774636701154.562500
-0.26061999999999996,0.0212,0.055600000000000004,456774636701154.562500
-0.26061,0.022000000000000002,0.055600000000000004,456774636701154.562500
-0.26059999999999994,0.0196,0.058,456774636701154.562500
-0.26059,0.022000000000000002,0.05,456774636701154.562500
-0.26058,0.0252,0.0548,456774636701154.562500
-0.26056999999999997,0.0212,0.056400000000000006,456774636701154.562500
-0.26056,0.0228,0.050800000000000005,456774636701154.562500
-0.26054999999999995,0.0188,0.0572,456774636701154.562500
-0.26054,0.0236,0.0516,456774636701154.562500
-0.26053,0.0164,0.0572,456774636701154.562500
-0.26052,0.0236,0.0476,456774636701154.562500
-0.26051,0.022000000000000002,0.0548,456774636701154.562500
-0.26049999999999995,0.0244,0.0548,456774636701154.562500
-0.26049,0.0196,0.0572,456774636701154.562500
-0.26048,0.0228,0.042800000000000005,456774636701154.562500
-0.26047,0.0228,0.0548,456774636701154.562500
-0.26045999999999997,0.0172,0.055600000000000004,456774636701154.562500
-0.26044999999999996,0.0196,0.045200000000000004,456774636701154.562500
-0.26044,0.0228,0.055600000000000004,456774636701154.562500
-0.26042999999999994,0.0196,0.0524,456774636701154.562500
-0.26042,0.022000000000000002,0.055600000000000004,456774636701154.562500
-0.26041,0.0196,0.0516,456774636701154.562500
-0.26039999999999996,0.022000000000000002,0.058,456774636701154.562500
-0.26039,0.0196,0.053200000000000004,456774636701154.562500
-0.26037999999999994,0.022000000000000002,0.055600000000000004,456774636701154.562500
-0.26037,0.0188,0.0524,456774636701154.562500
-0.26036,0.022000000000000002,0.054,456774636701154.562500
-0.26034999999999997,0.0196,0.0548,456774636701154.562500
-0.26034,0.0204,0.0516,456774636701154.562500
-0.26032999999999995,0.0204,0.0572,456774636701154.562500
-0.26032,0.022000000000000002,0.05,456774636701154.562500
-0.26031,0.022000000000000002,0.058,456774636701154.562500
-0.2603,0.0236,0.0572,456774636701154.562500
-0.26029,0.0228,0.0572,456774636701154.562500
-0.26027999999999996,0.022000000000000002,0.056400000000000006,456774636701154.562500
-0.26027,0.0228,0.0572,456774636701154.562500
-0.26026,0.022000000000000002,0.0572,456774636701154.562500
-0.26025,0.0228,0.055600000000000004,456774636701154.562500
-0.26023999999999997,0.022000000000000002,0.0572,456774636701154.562500
-0.26022999999999996,0.0204,0.0572,456774636701154.562500
-0.26022,0.0236,0.0548,456774636701154.562500
-0.26020999999999994,0.0196,0.0524,456774636701154.562500
-0.2602,0.0244,0.056400000000000006,456774636701154.562500
-0.26019,0.0236,0.054,456774636701154.562500
-0.26017999999999997,0.0228,0.056400000000000006,456774636701154.562500
-0.26017,0.0236,0.058,456774636701154.562500
-0.26015999999999995,0.0244,0.0548,456774636701154.562500
-0.26015,0.022000000000000002,0.055600000000000004,456774636701154.562500
-0.26014,0.0212,0.040400000000000005,456774636701154.562500
-0.26013,0.0244,0.0524,456774636701154.562500
-0.26012,0.022000000000000002,0.0444,456774636701154.562500
-0.26010999999999995,0.022000000000000002,0.0548,456774636701154.562500
-0.2601,0.0188,0.0468,456774636701154.562500
-0.26009,0.0236,0.058,456774636701154.562500
-0.26008,0.0204,0.0468,456774636701154.562500
-0.26006999999999997,0.0204,0.058,456774636701154.562500
-0.26005999999999996,0.022000000000000002,0.05,456774636701154.562500
-0.26005,0.0236,0.0572,456774636701154.562500
-0.26004,0.0212,0.0468,456774636701154.562500
-0.26003,0.0212,0.0524,456774636701154.562500
-0.26002,0.022000000000000002,0.053200000000000004,456774636701154.562500
-0.26000999999999996,0.0228,0.058800000000000005,456774636701154.562500
-0.26,0.0228,0.050800000000000005,456774636701154.562500
-0.25998999999999994,0.0204,0.056400000000000006,456774636701154.562500
-0.25998,0.0228,0.054,456774636701154.562500
-0.25997,0.0164,0.0516,456774636701154.562500
-0.25995999999999997,0.022000000000000002,0.058,456774636701154.562500
-0.25995,0.0204,0.05,456774636701154.562500
-0.25993999999999995,0.0228,0.058,456774636701154.562500
-0.25993,0.0236,0.0468,456774636701154.562500
-0.25992,0.0244,0.0572,456774636701154.562500
-0.25991,0.0236,0.046,456774636701154.562500
-0.2599,0.0236,0.056400000000000006,456774636701154.562500
-0.25988999999999995,0.022000000000000002,0.0548,456774636701154.562500
-0.25988,0.0228,0.0476,456774636701154.562500
-0.25987,0.0172,0.0548,456774636701154.562500
-0.25986,0.0188,0.054,456774636701154.562500
-0.25984999999999997,0.0228,0.0548,456774636701154.562500
-0.25983999999999996,0.0228,0.055600000000000004,456774636701154.562500
-0.25983,0.0236,0.055600000000000004,456774636701154.562500
-0.25981999999999994,0.015600000000000001,0.058,456774636701154.562500
-0.25981,0.0228,0.05,456774636701154.562500
-0.2598,0.022000000000000002,0.058800000000000005,456774636701154.562500
-0.25978999999999997,0.0236,0.0492,456774636701154.562500
-0.25978,0.0228,0.058,456774636701154.562500
-0.25976999999999995,0.0228,0.0572,456774636701154.562500
-0.25976,0.0228,0.0516,456774636701154.562500
-0.25975,0.0228,0.054,456774636701154.562500
-0.25973999999999997,0.022000000000000002,0.055600000000000004,456774636701154.562500
-0.25973,0.022000000000000002,0.0548,456774636701154.562500
-0.25971999999999995,0.022000000000000002,0.055600000000000004,456774636701154.562500
-0.25971,0.0204,0.055600000000000004,456774636701154.562500
-0.2597,0.022000000000000002,0.0548,456774636701154.562500
-0.25969,0.0228,0.0572,456774636701154.562500
-0.25968,0.0212,0.055600000000000004,456774636701154.562500
-0.25966999999999996,0.0236,0.050800000000000005,456774636701154.562500
-0.25966,0.0204,0.054,456774636701154.562500
-0.25965,0.0244,0.046,456774636701154.562500
-0.25964,0.0204,0.054,456774636701154.562500
-0.25962999999999997,0.0236,0.0524,456774636701154.562500
-0.25961999999999996,0.0236,0.054,456774636701154.562500
-0.25961,0.022000000000000002,0.0476,456774636701154.562500
-0.25959999999999994,0.0244,0.0524,456774636701154.562500
-0.25959,0.0244,0.0436,456774636701154.562500
-0.25958,0.022000000000000002,0.058800000000000005,456774636701154.562500
-0.25956999999999997,0.022000000000000002,0.0572,456774636701154.562500
-0.25956,0.0228,0.0548,456774636701154.562500
-0.25954999999999995,0.022000000000000002,0.0572,456774636701154.562500
-0.25954,0.0252,0.0548,456774636701154.562500
-0.25953,0.0236,0.0524,456774636701154.562500
-0.25952,0.0244,0.055600000000000004,456774636701154.562500
-0.25951,0.022000000000000002,0.058,456774636701154.562500
-0.25949999999999995,0.0228,0.055600000000000004,456774636701154.562500
-0.25949,0.0212,0.0572,456774636701154.562500
-0.25948,0.0228,0.034,456774636701154.562500
-0.25947,0.022000000000000002,0.0572,456774636701154.562500
-0.25945999999999997,0.0228,0.0468,456774636701154.562500
-0.25944999999999996,0.0212,0.0572,456774636701154.562500
-0.25944,0.022000000000000002,0.0572,456774636701154.562500
-0.25943,0.022000000000000002,0.0524,456774636701154.562500
-0.25942,0.0204,0.058,456774636701154.562500
-0.25941,0.0228,0.055600000000000004,456774636701154.562500
-0.25939999999999996,0.0228,0.058,456774636701154.562500
-0.25939,0.022000000000000002,0.0572,456774636701154.562500
-0.25937999999999994,0.022000000000000002,0.056400000000000006,456774636701154.562500
-0.25937,0.022000000000000002,0.0548,456774636701154.562500
-0.25936,0.0252,0.058,456774636701154.562500
-0.25934999999999997,0.022000000000000002,0.056400000000000006,456774636701154.562500
-0.25934,0.022000000000000002,0.0572,456774636701154.562500
-0.25932999999999995,0.0236,0.054,456774636701154.562500
-0.25932,0.0212,0.054,456774636701154.562500
-0.25931,0.0236,0.054,456774636701154.562500
-0.2593,0.0196,0.054,456774636701154.562500
-0.25929,0.022000000000000002,0.054,456774636701154.562500
-0.25927999999999995,0.0236,0.055600000000000004,456774636701154.562500
-0.25927,0.0236,0.0548,456774636701154.562500
-0.25926,0.0244,0.0572,456774636701154.562500
-0.25925,0.0236,0.0572,456774636701154.562500
-0.25923999999999997,0.018000000000000002,0.0572,456774636701154.562500
-0.25922999999999996,0.0228,0.058800000000000005,456774636701154.562500
-0.25922,0.0204,0.058,456774636701154.562500
-0.25920999999999994,0.0244,0.056400000000000006,456774636701154.562500
-0.2592,0.0196,0.055600000000000004,456774636701154.562500
-0.25919,0.0212,0.058800000000000005,456774636701154.562500
-0.25917999999999997,0.022000000000000002,0.0572,456774636701154.562500
-0.25917,0.0228,0.055600000000000004,456774636701154.562500
-0.25915999999999995,0.0204,0.0572,456774636701154.562500
-0.25915,0.018000000000000002,0.0548,456774636701154.562500
-0.25914,0.0228,0.058,456774636701154.562500
-0.25912999999999997,0.0204,0.054,456774636701154.562500
-0.25912,0.022000000000000002,0.0572,456774636701154.562500
-0.25910999999999995,0.0188,0.058,456774636701154.562500
-0.2591,0.022000000000000002,0.055600000000000004,456774636701154.562500
-0.25909,0.0204,0.0548,456774636701154.562500
-0.25908,0.0228,0.058,456774636701154.562500
-0.25906999999999997,0.0228,0.0436,456774636701154.562500
-0.25905999999999996,0.0228,0.0572,456774636701154.562500
-0.25905,0.0236,0.0548,456774636701154.562500
-0.25904,0.026000000000000002,0.054,456774636701154.562500
-0.25903,0.0228,0.0492,456774636701154.562500
-0.25902,0.022000000000000002,0.056400000000000006,456774636701154.562500
-0.25900999999999996,0.0228,0.054,456774636701154.562500
-0.259,0.022000000000000002,0.056400000000000006,456774636701154.562500
-0.25898999999999994,0.0244,0.055600000000000004,456774636701154.562500
-0.25898,0.0196,0.058,456774636701154.562500
-0.25897,0.0236,0.046,456774636701154.562500
-0.25895999999999997,0.0236,0.0548,456774636701154.562500
-0.25895,0.0244,0.055600000000000004,456774636701154.562500
-0.25893999999999995,0.0244,0.0572,456774636701154.562500
-0.25893,0.0228,0.055600000000000004,456774636701154.562500
-0.25892,0.0244,0.055600000000000004,456774636701154.562500
-0.25891,0.0236,0.053200000000000004,456774636701154.562500
-0.2589,0.0244,0.058,456774636701154.562500
-0.25888999999999995,0.0236,0.0524,456774636701154.562500
-0.25888,0.022000000000000002,0.058800000000000005,456774636701154.562500
-0.25887,0.0212,0.0548,456774636701154.562500
-0.25886,0.022000000000000002,0.056400000000000006,456774636701154.562500
-0.25884999999999997,0.0236,0.053200000000000004,456774636701154.562500
-0.25883999999999996,0.0204,0.058,456774636701154.562500
-0.25883,0.022000000000000002,0.0572,456774636701154.562500
-0.25881999999999994,0.0204,0.050800000000000005,456774636701154.562500
-0.25881,0.0188,0.054,456774636701154.562500
-0.2588,0.0188,0.05,456774636701154.562500
-0.25878999999999996,0.022000000000000002,0.055600000000000004,456774636701154.562500
-0.25878,0.022000000000000002,0.0444,456774636701154.562500
-0.25876999999999994,0.0228,0.0524,456774636701154.562500
-0.25876,0.0236,0.0476,456774636701154.562500
-0.25875,0.022000000000000002,0.056400000000000006,456774636701154.562500
-0.25873999999999997,0.0236,0.055600000000000004,456774636701154.562500
-0.25873,0.0212,0.0548,456774636701154.562500
-0.25871999999999995,0.022000000000000002,0.05,456774636701154.562500
-0.25871,0.0228,0.0572,456774636701154.562500
-0.2587,0.0244,0.055600000000000004,456774636701154.562500
-0.25869,0.0236,0.058,456774636701154.562500
-0.25868,0.0252,0.0572,456774636701154.562500
-0.25866999999999996,0.0252,0.053200000000000004,456774636701154.562500
-0.25866,0.0236,0.055600000000000004,456774636701154.562500
-0.25865,0.0236,0.05,456774636701154.562500
-0.25864,0.0244,0.0572,456774636701154.562500
-0.25862999999999997,0.0228,0.0572,456774636701154.562500
-0.25861999999999996,0.0236,0.0548,456774636701154.562500
-0.25861,0.0236,0.058,456774636701154.562500
-0.25859999999999994,0.0228,0.0516,456774636701154.562500
-0.25859,0.0204,0.05,456774636701154.562500
-0.25858,0.022000000000000002,0.0524,456774636701154.562500
-0.25856999999999997,0.022000000000000002,0.053200000000000004,456774636701154.562500
-0.25856,0.022000000000000002,0.054,456774636701154.562500
-0.25854999999999995,0.0212,0.058,456774636701154.562500
-0.25854,0.0204,0.055600000000000004,456774636701154.562500
-0.25853,0.0212,0.0572,456774636701154.562500
-0.25851999999999997,0.0188,0.058,456774636701154.562500
-0.25851,0.0196,0.0572,456774636701154.562500
-0.25849999999999995,0.0204,0.0548,456774636701154.562500
-0.25849,0.022000000000000002,0.054,456774636701154.562500
-0.25848,0.0228,0.0524,456774636701154.562500
-0.25847,0.0228,0.058,456774636701154.562500
-0.25845999999999997,0.022000000000000002,0.055600000000000004,456774636701154.562500
-0.25844999999999996,0.022000000000000002,0.054,456774636701154.562500
-0.25844,0.0228,0.055600000000000004,456774636701154.562500
-0.25843,0.0236,0.056400000000000006,456774636701154.562500
-0.25842,0.0228,0.050800000000000005,456774636701154.562500
-0.25841,0.0244,0.056400000000000006,456774636701154.562500
-0.25839999999999996,0.0244,0.0468,456774636701154.562500
-0.25839,0.0228,0.053200000000000004,456774636701154.562500
-0.25837999999999994,0.0252,0.0516,456774636701154.562500
-0.25837,0.0252,0.056400000000000006,456774636701154.562500
-0.25836,0.0236,0.054,456774636701154.562500
-0.25834999999999997,0.0252,0.0572,456774636701154.562500
-0.25834,0.0228,0.0548,456774636701154.562500
-0.25832999999999995,0.0236,0.0548,456774636701154.562500
-0.25832,0.0228,0.058,456774636701154.562500
-0.25831,0.022000000000000002,0.055600000000000004,456774636701154.562500
-0.2583,0.0236,0.058,456774636701154.562500
-0.25829,0.0244,0.0572,456774636701154.562500
-0.25827999999999995,0.0228,0.058,456774636701154.562500
-0.25827,0.022000000000000002,0.058,456774636701154.562500
-0.25826,0.0188,0.056400000000000006,456774636701154.562500
-0.25825,0.0228,0.058,456774636701154.562500
-0.25823999999999997,0.022000000000000002,0.058,456774636701154.562500
-0.25822999999999996,0.022000000000000002,0.056400000000000006,456774636701154.562500
-0.25822,0.022000000000000002,0.054,456774636701154.562500
-0.25820999999999994,0.022000000000000002,0.058,456774636701154.562500
-0.2582,0.0212,0.0548,456774636701154.562500
-0.25819,0.022000000000000002,0.0572,456774636701154.562500
-0.25817999999999997,0.0204,0.054,456774636701154.562500
-0.25817,0.0212,0.053200000000000004,456774636701154.562500
-0.25815999999999995,0.0228,0.056400000000000006,456774636701154.562500
-0.25815,0.022000000000000002,0.054,456774636701154.562500
-0.25814,0.0244,0.048400000000000006,456774636701154.562500
-0.25812999999999997,0.0212,0.056400000000000006,456774636701154.562500
-0.25812,0.0228,0.053200000000000004,456774636701154.562500
-0.25810999999999995,0.0228,0.046,456774636701154.562500
-0.2581,0.0236,0.058800000000000005,456774636701154.562500
-0.25809,0.0252,0.056400000000000006,456774636701154.562500
-0.25808,0.026000000000000002,0.058,456774636701154.562500
-0.25807,0.0252,0.056400000000000006,456774636701154.562500
-0.25805999999999996,0.0244,0.056400000000000006,456774636701154.562500
-0.25805,0.0228,0.0572,456774636701154.562500
-0.25804,0.0236,0.058,456774636701154.562500
-0.25803,0.0204,0.054,456774636701154.562500
-0.25801999999999997,0.0228,0.055600000000000004,456774636701154.562500
-0.25800999999999996,0.0204,0.058,456774636701154.562500
-0.258,0.0236,0.054,456774636701154.562500
-0.25798999999999994,0.022000000000000002,0.053200000000000004,456774636701154.562500
-0.25798,0.0228,0.0596,456774636701154.562500
-0.25797,0.0212,0.0572,456774636701154.562500
-0.25795999999999997,0.0196,0.0572,456774636701154.562500
-0.25795,0.0204,0.055600000000000004,456774636701154.562500
-0.25793999999999995,0.0172,0.055600000000000004,456774636701154.562500
-0.25793,0.018000000000000002,0.0524,456774636701154.562500
-0.25792,0.0188,0.058,456774636701154.562500
-0.25791,0.022000000000000002,0.056400000000000006,456774636701154.562500
-0.2579,0.0188,0.0548,456774636701154.562500
-0.25788999999999995,0.022000000000000002,0.055600000000000004,456774636701154.562500
-0.25788,0.018000000000000002,0.0524,456774636701154.562500
-0.25787,0.022000000000000002,0.058,456774636701154.562500
-0.25786,0.0212,0.055600000000000004,456774636701154.562500
-0.25784999999999997,0.022000000000000002,0.058,456774636701154.562500
-0.25783999999999996,0.0244,0.0548,456774636701154.562500
-0.25783,0.0228,0.048400000000000006,456774636701154.562500
-0.25782,0.022000000000000002,0.0516,456774636701154.562500
-0.25781,0.0236,0.045200000000000004,456774636701154.562500
-0.2578,0.0244,0.0516,456774636701154.562500
-0.25778999999999996,0.0252,0.054,456774636701154.562500
-0.25778,0.0244,0.0548,456774636701154.562500
-0.25776999999999994,0.0252,0.0524,456774636701154.562500
-0.25776,0.0244,0.056400000000000006,456774636701154.562500
-0.25775,0.0244,0.055600000000000004,456774636701154.562500
-0.25773999999999997,0.026000000000000002,0.055600000000000004,456774636701154.562500
-0.25773,0.0244,0.0516,456774636701154.562500
-0.25771999999999995,0.0252,0.0572,456774636701154.562500
-0.25771,0.0244,0.0572,456774636701154.562500
-0.2577,0.0196,0.0572,456774636701154.562500
-0.25769,0.022000000000000002,0.056400000000000006,456774636701154.562500
-0.25768,0.0228,0.058,456774636701154.562500
-0.25766999999999995,0.0228,0.0548,456774636701154.562500
-0.25766,0.0212,0.058,456774636701154.562500
-0.25765,0.022000000000000002,0.050800000000000005,456774636701154.562500
-0.25764,0.022000000000000002,0.058,456774636701154.562500
-0.25762999999999997,0.0228,0.0572,456774636701154.562500
-0.25761999999999996,0.0212,0.0572,456774636701154.562500
-0.25761,0.0228,0.0572,456774636701154.562500
-0.25759999999999994,0.022000000000000002,0.058,456774636701154.562500
-0.25759,0.0228,0.0516,456774636701154.562500
-0.25758,0.0204,0.0516,456774636701154.562500
-0.25756999999999997,0.0228,0.0572,456774636701154.562500
-0.25756,0.0212,0.056400000000000006,456774636701154.562500
-0.25754999999999995,0.0228,0.0548,456774636701154.562500
-0.25754,0.0196,0.055600000000000004,456774636701154.562500
-0.25753,0.0236,0.053200000000000004,456774636701154.562500
-0.25751999999999997,0.0244,0.0572,456774636701154.562500
-0.25751,0.022000000000000002,0.053200000000000004,456774636701154.562500
-0.25749999999999995,0.0244,0.0548,456774636701154.562500
-0.25749,0.0228,0.058,456774636701154.562500
-0.25748,0.0236,0.0596,456774636701154.562500
-0.25747,0.0204,0.0468,456774636701154.562500
-0.25745999999999997,0.022000000000000002,0.058800000000000005,456774636701154.562500
-0.25744999999999996,0.0188,0.05,456774636701154.562500
-0.25744,0.0228,0.0572,456774636701154.562500
-0.25743,0.0204,0.055600000000000004,456774636701154.562500
-0.25742,0.0236,0.054,456774636701154.562500
-0.25740999999999997,0.0204,0.053200000000000004,456774636701154.562500
-0.25739999999999996,0.0236,0.0412,456774636701154.562500
-0.25739,0.0228,0.050800000000000005,456774636701154.562500
-0.25737999999999994,0.022000000000000002,0.0412,456774636701154.562500
-0.25737,0.0188,0.054,456774636701154.562500
-0.25736,0.0204,0.0468,456774636701154.562500
-0.25734999999999997,0.0196,0.0492,456774636701154.562500
-0.25734,0.0204,0.05,456774636701154.562500
-0.25732999999999995,0.0204,0.054,456774636701154.562500
-0.25732,0.0212,0.0476,456774636701154.562500
-0.25731,0.0212,0.054,456774636701154.562500
-0.2573,0.0228,0.048400000000000006,456774636701154.562500
-0.25729,0.0212,0.0548,456774636701154.562500
-0.25727999999999995,0.0228,0.0516,456774636701154.562500
-0.25727,0.0236,0.058,456774636701154.562500
-0.25726,0.0196,0.050800000000000005,456774636701154.562500
-0.25725,0.0212,0.054,456774636701154.562500
-0.25723999999999997,0.022000000000000002,0.0476,456774636701154.562500
-0.25722999999999996,0.0228,0.050800000000000005,456774636701154.562500
-0.25722,0.022000000000000002,0.0468,456774636701154.562500
-0.25720999999999994,0.0228,0.0516,456774636701154.562500
-0.2572,0.0252,0.048400000000000006,456774636701154.562500
-0.25719,0.0252,0.0572,456774636701154.562500
-0.25717999999999996,0.0244,0.056400000000000006,456774636701154.562500
-0.25717,0.022000000000000002,0.0572,456774636701154.562500
-0.25715999999999994,0.0236,0.058,456774636701154.562500
-0.25715,0.0244,0.053200000000000004,456774636701154.562500
-0.25714,0.0244,0.058,456774636701154.562500
-0.25712999999999997,0.022000000000000002,0.05,456774636701154.562500
-0.25712,0.0228,0.058,456774636701154.562500
-0.25710999999999995,0.0196,0.056400000000000006,456774636701154.562500
-0.2571,0.0228,0.056400000000000006,456774636701154.562500
-0.25709,0.0204,0.050800000000000005,456774636701154.562500
-0.25708,0.0204,0.056400000000000006,456774636701154.562500
-0.25707,0.0212,0.053200000000000004,456774636701154.562500
-0.25705999999999996,0.0212,0.0572,456774636701154.562500
-0.25705,0.0228,0.0492,456774636701154.562500
-0.25704,0.0236,0.056400000000000006,456774636701154.562500
-0.25703,0.0212,0.05,456774636701154.562500
-0.25701999999999997,0.0228,0.0516,456774636701154.562500
-0.25700999999999996,0.0212,0.050800000000000005,456774636701154.562500
-0.257,0.0204,0.056400000000000006,456774636701154.562500
-0.25698999999999994,0.0228,0.0572,456774636701154.562500
-0.25698,0.022000000000000002,0.0572,456774636701154.562500
-0.25697,0.022000000000000002,0.050800000000000005,456774636701154.562500
-0.25695999999999997,0.022000000000000002,0.0572,456774636701154.562500
-0.25695,0.0212,0.055600000000000004,456774636701154.562500
-0.25693999999999995,0.022000000000000002,0.056400000000000006,456774636701154.562500
-0.25693,0.022000000000000002,0.0572,456774636701154.562500
-0.25692,0.0228,0.058,456774636701154.562500
-0.25690999999999997,0.0236,0.0524,456774636701154.562500
-0.2569,0.0212,0.0572,456774636701154.562500
-0.25688999999999995,0.0236,0.0572,456774636701154.562500
-0.25688,0.0244,0.056400000000000006,456774636701154.562500
-0.25687,0.0236,0.058,456774636701154.562500
-0.25686,0.0244,0.055600000000000004,456774636701154.562500
-0.25684999999999997,0.0244,0.0572,456774636701154.562500
-0.25683999999999996,0.0236,0.0572,456774636701154.562500
-0.25683,0.0244,0.056400000000000006,456774636701154.562500
-0.25682,0.0236,0.055600000000000004,456774636701154.562500
-0.25681,0.0244,0.0572,456774636701154.562500
-0.2568,0.0236,0.0492,456774636701154.562500
-0.25678999999999996,0.0236,0.055600000000000004,456774636701154.562500
-0.25678,0.0236,0.048400000000000006,456774636701154.562500
-0.25676999999999994,0.022000000000000002,0.053200000000000004,456774636701154.562500
-0.25676,0.0236,0.0524,456774636701154.562500
-0.25675,0.0228,0.0572,456774636701154.562500
-0.25673999999999997,0.0228,0.054,456774636701154.562500
-0.25673,0.0212,0.055600000000000004,456774636701154.562500
-0.25671999999999995,0.022000000000000002,0.0572,456774636701154.562500
-0.25671,0.0228,0.0572,456774636701154.562500
-0.2567,0.022000000000000002,0.058,456774636701154.562500
-0.25669,0.0212,0.0572,456774636701154.562500
-0.25668,0.0228,0.058800000000000005,456774636701154.562500
-0.25666999999999995,0.022000000000000002,0.054,456774636701154.562500
-0.25666,0.0212,0.058800000000000005,456774636701154.562500
-0.25665,0.022000000000000002,0.0548,456774636701154.562500
-0.25664,0.022000000000000002,0.0572,456774636701154.562500
-0.25662999999999997,0.0212,0.056400000000000006,456774636701154.562500
-0.25661999999999996,0.0228,0.0548,456774636701154.562500
-0.25661,0.0236,0.0572,456774636701154.562500
-0.25659999999999994,0.022000000000000002,0.0572,456774636701154.562500
-0.25659,0.0204,0.056400000000000006,456774636701154.562500
-0.25658,0.022000000000000002,0.0548,456774636701154.562500
-0.25656999999999996,0.018000000000000002,0.055600000000000004,456774636701154.562500
-0.25656,0.0236,0.058,456774636701154.562500
-0.25654999999999994,0.0244,0.050800000000000005,456774636701154.562500
-0.25654,0.0236,0.058800000000000005,456774636701154.562500
-0.25653,0.0236,0.055600000000000004,456774636701154.562500
-0.25651999999999997,0.0228,0.055600000000000004,456774636701154.562500
-0.25651,0.0244,0.0548,456774636701154.562500
-0.25649999999999995,0.022000000000000002,0.0572,456774636701154.562500
-0.25649,0.0236,0.058,456774636701154.562500
-0.25648,0.0228,0.0596,456774636701154.562500
-0.25647,0.0228,0.0516,456774636701154.562500
-0.25646,0.018000000000000002,0.056400000000000006,456774636701154.562500
-0.25644999999999996,0.0228,0.0476,456774636701154.562500
-0.25644,0.0212,0.054,456774636701154.562500
-0.25643,0.0228,0.0572,456774636701154.562500
-0.25642,0.0196,0.0572,456774636701154.562500
-0.25640999999999997,0.0204,0.058,456774636701154.562500
-0.25639999999999996,0.0204,0.0572,456774636701154.562500
-0.25639,0.022000000000000002,0.0572,456774636701154.562500
-0.25637999999999994,0.0212,0.058800000000000005,456774636701154.562500
-0.25637,0.022000000000000002,0.056400000000000006,456774636701154.562500
-0.25636,0.022000000000000002,0.058,456774636701154.562500
-0.25634999999999997,0.015600000000000001,0.058800000000000005,456774636701154.562500
-0.25634,0.0212,0.0548,456774636701154.562500
-0.25632999999999995,0.0172,0.055600000000000004,456774636701154.562500
-0.25632,0.0204,0.0548,456774636701154.562500
-0.25631,0.0204,0.0572,456774636701154.562500
-0.2563,0.0204,0.054,456774636701154.562500
-0.25629,0.0204,0.058,456774636701154.562500
-0.25627999999999995,0.0212,0.055600000000000004,456774636701154.562500
-0.25627,0.014,0.053200000000000004,456774636701154.562500
-0.25626,0.0204,0.054,456774636701154.562500
-0.25625,0.022000000000000002,0.0524,456774636701154.562500
-0.25623999999999997,0.0244,0.058,456774636701154.562500
-0.25622999999999996,0.0236,0.058,456774636701154.562500
-0.25622,0.0252,0.0524,456774636701154.562500
-0.25621,0.0236,0.055600000000000004,456774636701154.562500
-0.2562,0.0228,0.0436,456774636701154.562500
-0.25619,0.0236,0.0548,456774636701154.562500
-0.25617999999999996,0.0236,0.056400000000000006,456774636701154.562500
-0.25617,0.0212,0.0572,456774636701154.562500
-0.25615999999999994,0.0236,0.056400000000000006,456774636701154.562500
-0.25615,0.0212,0.0516,456774636701154.562500
-0.25614,0.0212,0.054,456774636701154.562500
-0.25612999999999997,0.0228,0.055600000000000004,456774636701154.562500
-0.25612,0.0204,0.058,456774636701154.562500
-0.25610999999999995,0.0212,0.0572,456774636701154.562500
-0.2561,0.022000000000000002,0.053200000000000004,456774636701154.562500
-0.25609,0.022000000000000002,0.054,456774636701154.562500
-0.25608,0.0212,0.050800000000000005,456774636701154.562500
-0.25607,0.022000000000000002,0.056400000000000006,456774636701154.562500
-0.25605999999999995,0.0228,0.050800000000000005,456774636701154.562500
-0.25605,0.0236,0.054,456774636701154.562500
-0.25604,0.022000000000000002,0.0548,456774636701154.562500
-0.25603,0.0212,0.056400000000000006,456774636701154.562500
-0.25601999999999997,0.0228,0.05,456774636701154.562500
-0.25600999999999996,0.022000000000000002,0.0572,456774636701154.562500
-0.256,0.0252,0.0548,456774636701154.562500
-0.25598999999999994,0.0228,0.055600000000000004,456774636701154.562500
-0.25598,0.0244,0.0436,456774636701154.562500
-0.25597,0.0252,0.056400000000000006,456774636701154.562500
-0.25595999999999997,0.0236,0.054,456774636701154.562500
-0.25595,0.0236,0.0524,456774636701154.562500
-0.25593999999999995,0.0236,0.056400000000000006,456774636701154.562500
-0.25593,0.0244,0.0572,456774636701154.562500
-0.25592,0.0228,0.0572,456774636701154.562500
-0.25590999999999997,0.026000000000000002,0.0572,456774636701154.562500
-0.2559,0.0252,0.058,456774636701154.562500
-0.25588999999999995,0.0228,0.053200000000000004,456774636701154.562500
-0.25588,0.0228,0.056400000000000006,456774636701154.562500
-0.25587,0.0244,0.0516,456774636701154.562500
-0.25586,0.0228,0.058,456774636701154.562500
-0.25584999999999997,0.022000000000000002,0.0476,456774636701154.562500
-0.25583999999999996,0.022000000000000002,0.0572,456774636701154.562500
-0.25583,0.0228,0.0548,456774636701154.562500
-0.25582,0.0212,0.058,456774636701154.562500
-0.25581,0.0228,0.054,456774636701154.562500
-0.25579999999999997,0.0188,0.058,456774636701154.562500
-0.25578999999999996,0.0204,0.055600000000000004,456774636701154.562500
-0.25578,0.0188,0.058,456774636701154.562500
-0.25576999999999994,0.022000000000000002,0.058,456774636701154.562500
-0.25576,0.0204,0.050800000000000005,456774636701154.562500
-0.25575,0.022000000000000002,0.0548,456774636701154.562500
-0.25573999999999997,0.0212,0.0476,456774636701154.562500
-0.25573,0.022000000000000002,0.055600000000000004,456774636701154.562500
-0.25571999999999995,0.0244,0.0548,456774636701154.562500
-0.25571,0.0236,0.056400000000000006,456774636701154.562500
-0.2557,0.0212,0.0548,456774636701154.562500
-0.25569,0.0236,0.0548,456774636701154.562500
-0.25568,0.0244,0.058,456774636701154.562500
-0.25566999999999995,0.0236,0.056400000000000006,456774636701154.562500
-0.25566,0.0236,0.0548,456774636701154.562500
-0.25565,0.0236,0.058,456774636701154.562500
-0.25564,0.0252,0.056400000000000006,456774636701154.562500
-0.25562999999999997,0.0244,0.0572,456774636701154.562500
-0.25561999999999996,0.0244,0.058,456774636701154.562500
-0.25561,0.0212,0.0572,456774636701154.562500
-0.2556,0.0252,0.056400000000000006,456774636701154.562500
-0.25559,0.0236,0.0572,456774636701154.562500
-0.25558,0.0212,0.0524,456774636701154.562500
-0.25556999999999996,0.018000000000000002,0.056400000000000006,456774636701154.562500
-0.25556,0.0228,0.058,456774636701154.562500
-0.25554999999999994,0.0236,0.056400000000000006,456774636701154.562500
-0.25554,0.0236,0.056400000000000006,456774636701154.562500
-0.25553,0.0228,0.056400000000000006,456774636701154.562500
-0.25551999999999997,0.0228,0.054,456774636701154.562500
-0.25551,0.022000000000000002,0.053200000000000004,456774636701154.562500
-0.25549999999999995,0.0212,0.0524,456774636701154.562500
-0.25549,0.022000000000000002,0.058,456774636701154.562500
-0.25548,0.0212,0.056400000000000006,456774636701154.562500
-0.25547,0.0204,0.055600000000000004,456774636701154.562500
-0.25546,0.022000000000000002,0.0548,456774636701154.562500
-0.25544999999999995,0.022000000000000002,0.058,456774636701154.562500
-0.25544,0.022000000000000002,0.0516,456774636701154.562500
-0.25543,0.022000000000000002,0.0516,456774636701154.562500
-0.25542,0.0204,0.0412,456774636701154.562500
-0.25540999999999997,0.0244,0.05,456774636701154.562500
-0.25539999999999996,0.0236,0.048400000000000006,456774636701154.562500
-0.25539,0.022000000000000002,0.0548,456774636701154.562500
-0.25537999999999994,0.0236,0.058,456774636701154.562500
-0.25537,0.0236,0.055600000000000004,456774636701154.562500
-0.25536,0.0244,0.050800000000000005,456774636701154.562500
-0.25534999999999997,0.0236,0.0572,456774636701154.562500
-0.25534,0.026000000000000002,0.0516,456774636701154.562500
-0.25532999999999995,0.0236,0.0572,456774636701154.562500
-0.25532,0.0244,0.058,456774636701154.562500
-0.25531,0.022000000000000002,0.0572,456774636701154.562500
-0.25529999999999997,0.0236,0.056400000000000006,456774636701154.562500
-0.25529,0.026000000000000002,0.0572,456774636701154.562500
-0.25527999999999995,0.0236,0.055600000000000004,456774636701154.562500
-0.25527,0.022000000000000002,0.058800000000000005,456774636701154.562500
-0.25526,0.0228,0.0596,456774636701154.562500
-0.25525,0.018000000000000002,0.058,456774636701154.562500
-0.25523999999999997,0.0172,0.056400000000000006,456774636701154.562500
-0.25522999999999996,0.022000000000000002,0.0572,456774636701154.562500
-0.25522,0.022000000000000002,0.055600000000000004,456774636701154.562500
-0.25521,0.022000000000000002,0.0572,456774636701154.562500
-0.2552,0.022000000000000002,0.0572,456774636701154.562500
-0.25519,0.0212,0.054,456774636701154.562500
-0.25517999999999996,0.022000000000000002,0.0572,456774636701154.562500
-0.25517,0.0228,0.0572,456774636701154.562500
-0.25515999999999994,0.022000000000000002,0.054,456774636701154.562500
-0.25515,0.0228,0.0572,456774636701154.562500
-0.25514,0.022000000000000002,0.056400000000000006,456774636701154.562500
-0.25512999999999997,0.0228,0.056400000000000006,456774636701154.562500
-0.25512,0.0228,0.0572,456774636701154.562500
-0.25510999999999995,0.0228,0.0572,456774636701154.562500
-0.2551,0.022000000000000002,0.0572,456774636701154.562500
-0.25509,0.0236,0.056400000000000006,456774636701154.562500
-0.25508,0.0228,0.054,456774636701154.562500
-0.25507,0.0228,0.0572,456774636701154.562500
-0.25505999999999995,0.0228,0.0548,456774636701154.562500
-0.25505,0.0228,0.0572,456774636701154.562500
-0.25504,0.0252,0.0572,456774636701154.562500
-0.25503,0.022000000000000002,0.056400000000000006,456774636701154.562500
-0.25501999999999997,0.0228,0.058,456774636701154.562500
-0.25500999999999996,0.0236,0.053200000000000004,456774636701154.562500
-0.255,0.0228,0.058,456774636701154.562500
-0.25498999999999994,0.0236,0.055600000000000004,456774636701154.562500
-0.25498,0.022000000000000002,0.0468,456774636701154.562500
-0.25497,0.0228,0.056400000000000006,456774636701154.562500
-0.25495999999999996,0.0228,0.055600000000000004,456774636701154.562500
-0.25495,0.022000000000000002,0.056400000000000006,456774636701154.562500
-0.25493999999999994,0.022000000000000002,0.0548,456774636701154.562500
-0.25493,0.0228,0.0596,456774636701154.562500
-0.25492,0.0228,0.055600000000000004,456774636701154.562500
-0.25490999999999997,0.022000000000000002,0.056400000000000006,456774636701154.562500
-0.2549,0.0204,0.058,456774636701154.562500
-0.25488999999999995,0.022000000000000002,0.0572,456774636701154.562500
-0.25488,0.0236,0.058,456774636701154.562500
-0.25487,0.022000000000000002,0.058800000000000005,456774636701154.562500
-0.25486,0.0212,0.056400000000000006,456774636701154.562500
-0.25485,0.022000000000000002,0.058,456774636701154.562500
-0.25483999999999996,0.022000000000000002,0.056400000000000006,456774636701154.562500
-0.25483,0.022000000000000002,0.058,456774636701154.562500
-0.25482,0.0228,0.056400000000000006,456774636701154.562500
-0.25481,0.022000000000000002,0.055600000000000004,456774636701154.562500
-0.25479999999999997,0.0228,0.058,456774636701154.562500
-0.25478999999999996,0.0236,0.058,456774636701154.562500
-0.25478,0.0228,0.056400000000000006,456774636701154.562500
-0.25476999999999994,0.0244,0.0548,456774636701154.562500
-0.25476,0.0244,0.055600000000000004,456774636701154.562500
-0.25475,0.026000000000000002,0.054,456774636701154.562500
-0.25473999999999997,0.0236,0.055600000000000004,456774636701154.562500
-0.25473,0.0244,0.056400000000000006,456774636701154.562500
-0.25471999999999995,0.0252,0.0572,456774636701154.562500
-0.25471,0.0252,0.056400000000000006,456774636701154.562500
-0.2547,0.0244,0.0572,456774636701154.562500
-0.25468999999999997,0.0244,0.0548,456774636701154.562500
-0.25468,0.0236,0.054,456774636701154.562500
-0.25466999999999995,0.0236,0.055600000000000004,456774636701154.562500
-0.25466,0.0252,0.0548,456774636701154.562500
-0.25465,0.0228,0.050800000000000005,456774636701154.562500
-0.25464,0.0236,0.05,456774636701154.562500
-0.25462999999999997,0.0204,0.054,456774636701154.562500
-0.25461999999999996,0.0236,0.0548,456774636701154.562500
-0.25461,0.0228,0.056400000000000006,456774636701154.562500
-0.2546,0.0212,0.0572,456774636701154.562500
-0.25459,0.0228,0.058,456774636701154.562500
-0.25458,0.0204,0.0516,456774636701154.562500
-0.25456999999999996,0.0228,0.053200000000000004,456774636701154.562500
-0.25456,0.0236,0.048400000000000006,456774636701154.562500
-0.25454999999999994,0.022000000000000002,0.056400000000000006,456774636701154.562500
-0.25454,0.022000000000000002,0.05,456774636701154.562500
-0.25453,0.0228,0.0444,456774636701154.562500
-0.25451999999999997,0.022000000000000002,0.0516,456774636701154.562500
-0.25451,0.0236,0.055600000000000004,456774636701154.562500
-0.25449999999999995,0.0244,0.054,456774636701154.562500
-0.25449,0.0236,0.0572,456774636701154.562500
-0.25448,0.0244,0.055600000000000004,456774636701154.562500
-0.25447,0.0236,0.0572,456774636701154.562500
-0.25446,0.0252,0.055600000000000004,456774636701154.562500
-0.25444999999999995,0.0228,0.056400000000000006,456774636701154.562500
-0.25444,0.0236,0.054,456774636701154.562500
-0.25443,0.0228,0.0548,456774636701154.562500
-0.25442,0.0228,0.056400000000000006,456774636701154.562500
-0.25440999999999997,0.0236,0.056400000000000006,456774636701154.562500
-0.25439999999999996,0.0244,0.0548,456774636701154.562500
-0.25439,0.0244,0.055600000000000004,456774636701154.562500
-0.25437999999999994,0.0236,0.055600000000000004,456774636701154.562500
-0.25437,0.0236,0.058,456774636701154.562500
-0.25436,0.0244,0.055600000000000004,456774636701154.562500
-0.25434999999999997,0.0252,0.055600000000000004,456774636701154.562500
-0.25434,0.0236,0.055600000000000004,456774636701154.562500
-0.25432999999999995,0.0244,0.056400000000000006,456774636701154.562500
-0.25432,0.0228,0.0548,456774636701154.562500
-0.25431,0.0212,0.056400000000000006,456774636701154.562500
-0.25429999999999997,0.022000000000000002,0.0572,456774636701154.562500
-0.25429,0.022000000000000002,0.0524,456774636701154.562500
-0.25427999999999995,0.0236,0.045200000000000004,456774636701154.562500
-0.25427,0.0212,0.045200000000000004,456774636701154.562500
-0.25426,0.022000000000000002,0.0524,456774636701154.562500
-0.25425,0.0228,0.0548,456774636701154.562500
-0.25423999999999997,0.0204,0.058,456774636701154.562500
-0.25422999999999996,0.0196,0.058800000000000005,456774636701154.562500
-0.25422,0.0236,0.058,456774636701154.562500
-0.25421,0.022000000000000002,0.0572,456774636701154.562500
-0.2542,0.022000000000000002,0.058,456774636701154.562500
-0.25418999999999997,0.0236,0.056400000000000006,456774636701154.562500
-0.25417999999999996,0.0236,0.0548,456774636701154.562500
-0.25417,0.0236,0.05,456774636701154.562500
-0.25415999999999994,0.0236,0.055600000000000004,456774636701154.562500
-0.25415,0.022000000000000002,0.058,456774636701154.562500
-0.25414,0.022000000000000002,0.058,456774636701154.562500
-0.25412999999999997,0.0236,0.056400000000000006,456774636701154.562500
-0.25412,0.0244,0.056400000000000006,456774636701154.562500
-0.25410999999999995,0.0244,0.0572,456774636701154.562500
-0.2541,0.0236,0.055600000000000004,456774636701154.562500
-0.25409,0.0244,0.0572,456774636701154.562500
-0.25408,0.022000000000000002,0.058,456774636701154.562500
-0.25407,0.0236,0.056400000000000006,456774636701154.562500
-0.25405999999999995,0.0236,0.055600000000000004,456774636701154.562500
-0.25405,0.0228,0.055600000000000004,456774636701154.562500
-0.25404,0.0244,0.058,456774636701154.562500
-0.25403,0.0236,0.056400000000000006,456774636701154.562500
-0.25401999999999997,0.0244,0.0572,456774636701154.562500
-0.25400999999999996,0.0228,0.0572,456774636701154.562500
-0.254,0.0228,0.0572,456774636701154.562500
-0.25399,0.022000000000000002,0.055600000000000004,456774636701154.562500
-0.25398,0.0212,0.0572,456774636701154.562500
-0.25397,0.0212,0.0548,456774636701154.562500
-0.25395999999999996,0.0228,0.058,456774636701154.562500
-0.25395,0.022000000000000002,0.055600000000000004,456774636701154.562500
-0.25393999999999994,0.022000000000000002,0.0572,456774636701154.562500
-0.25393,0.0212,0.054,456774636701154.562500
-0.25392,0.022000000000000002,0.0516,456774636701154.562500
-0.25390999999999997,0.022000000000000002,0.0524,456774636701154.562500
-0.2539,0.0228,0.05,456774636701154.562500
-0.25388999999999995,0.0236,0.056400000000000006,456774636701154.562500
-0.25388,0.0236,0.0492,456774636701154.562500
-0.25387,0.022000000000000002,0.0492,456774636701154.562500
-0.25386,0.0236,0.0516,456774636701154.562500
-0.25385,0.022000000000000002,0.055600000000000004,456774636701154.562500
-0.25383999999999995,0.0236,0.058800000000000005,456774636701154.562500
-0.25383,0.0228,0.056400000000000006,456774636701154.562500
-0.25382,0.0244,0.0572,456774636701154.562500
-0.25381,0.0244,0.055600000000000004,456774636701154.562500
-0.25379999999999997,0.0252,0.054,456774636701154.562500
-0.25378999999999996,0.0244,0.0548,456774636701154.562500
-0.25378,0.0252,0.0548,456774636701154.562500
-0.25376999999999994,0.0236,0.058,456774636701154.562500
-0.25376,0.0236,0.0572,456774636701154.562500
-0.25375,0.0236,0.058,456774636701154.562500
-0.25373999999999997,0.0244,0.056400000000000006,456774636701154.562500
-0.25373,0.0228,0.058,456774636701154.562500
-0.25371999999999995,0.0228,0.058,456774636701154.562500
-0.25371,0.0212,0.058,456774636701154.562500
-0.2537,0.022000000000000002,0.058,456774636701154.562500
-0.25368999999999997,0.0236,0.056400000000000006,456774636701154.562500
-0.25368,0.0228,0.046,456774636701154.562500
-0.25366999999999995,0.0212,0.058,456774636701154.562500
-0.25366,0.022000000000000002,0.054,456774636701154.562500
-0.25365,0.0212,0.054,456774636701154.562500
-0.25364,0.0204,0.058,456774636701154.562500
-0.25362999999999997,0.018000000000000002,0.056400000000000006,456774636701154.562500
-0.25361999999999996,0.0164,0.0572,456774636701154.562500
-0.25361,0.0172,0.058,456774636701154.562500
-0.2536,0.015600000000000001,0.058800000000000005,456774636701154.562500
-0.25359,0.018000000000000002,0.0572,456774636701154.562500
-0.25357999999999997,0.0212,0.0572,456774636701154.562500
-0.25356999999999996,0.0236,0.055600000000000004,456774636701154.562500
-0.25356,0.0236,0.056400000000000006,456774636701154.562500
-0.25354999999999994,0.0244,0.0572,456774636701154.562500
-0.25354,0.0236,0.058,456774636701154.562500
-0.25353,0.0228,0.056400000000000006,456774636701154.562500
-0.25351999999999997,0.0236,0.056400000000000006,456774636701154.562500
-0.25351,0.0252,0.058800000000000005,456774636701154.562500
-0.25349999999999995,0.022000000000000002,0.0572,456774636701154.562500
-0.25349,0.0236,0.0548,456774636701154.562500
-0.25348,0.0228,0.0548,456774636701154.562500
-0.25347,0.0228,0.055600000000000004,456774636701154.562500
-0.25346,0.0236,0.058,456774636701154.562500
-0.25344999999999995,0.0204,0.058,456774636701154.562500
-0.25344,0.0244,0.0548,456774636701154.562500
-0.25343,0.0196,0.0548,456774636701154.562500
-0.25342,0.022000000000000002,0.0516,456774636701154.562500
-0.25340999999999997,0.0236,0.046,456774636701154.562500
-0.25339999999999996,0.022000000000000002,0.056400000000000006,456774636701154.562500
-0.25339,0.0228,0.0524,456774636701154.562500
-0.25337999999999994,0.0228,0.055600000000000004,456774636701154.562500
-0.25337,0.022000000000000002,0.054,456774636701154.562500
-0.25336,0.0204,0.055600000000000004,456774636701154.562500
-0.25334999999999996,0.0228,0.0572,456774636701154.562500
-0.25334,0.0212,0.0572,456774636701154.562500
-0.25332999999999994,0.0212,0.05,456774636701154.562500
-0.25332,0.0236,0.056400000000000006,456774636701154.562500
-0.25331,0.0212,0.056400000000000006,456774636701154.562500
-0.25329999999999997,0.022000000000000002,0.058,456774636701154.562500
-0.25329,0.0244,0.0572,456774636701154.562500
-0.25327999999999995,0.0212,0.055600000000000004,456774636701154.562500
-0.25327,0.0228,0.0572,456774636701154.562500
-0.25326,0.022000000000000002,0.048400000000000006,456774636701154.562500
-0.25325,0.022000000000000002,0.056400000000000006,456774636701154.562500
-0.25324,0.0228,0.0516,456774636701154.562500
-0.25322999999999996,0.0196,0.053200000000000004,456774636701154.562500
-0.25322,0.0204,0.0524,456774636701154.562500
-0.25321,0.0212,0.058,456774636701154.562500
-0.2532,0.0212,0.056400000000000006,456774636701154.562500
-0.25318999999999997,0.0228,0.058,456774636701154.562500
-0.25317999999999996,0.0228,0.0572,456774636701154.562500
-0.25317,0.0228,0.055600000000000004,456774636701154.562500
-0.25315999999999994,0.0244,0.0572,456774636701154.562500
-0.25315,0.0236,0.058800000000000005,456774636701154.562500
-0.25314,0.0212,0.0572,456774636701154.562500
-0.25312999999999997,0.022000000000000002,0.0572,456774636701154.562500
-0.25312,0.022000000000000002,0.058,456774636701154.562500
-0.25310999999999995,0.0236,0.056400000000000006,456774636701154.562500
-0.2531,0.0228,0.0572,456774636701154.562500
-0.25309,0.0212,0.058,456774636701154.562500
-0.25307999999999997,0.022000000000000002,0.0524,456774636701154.562500
-0.25307,0.0236,0.056400000000000006,456774636701154.562500
-0.25305999999999995,0.0228,0.058,456774636701154.562500
-0.25305,0.0228,0.058800000000000005,456774636701154.562500
-0.25304,0.0196,0.0572,456774636701154.562500
-0.25303,0.022000000000000002,0.055600000000000004,456774636701154.562500
-0.25301999999999997,0.0236,0.0572,456774636701154.562500
-0.25300999999999996,0.022000000000000002,0.056400000000000006,456774636701154.562500
-0.253,0.0236,0.056400000000000006,456774636701154.562500
-0.25299,0.0244,0.0572,456774636701154.562500
-0.25298,0.0204,0.053200000000000004,456774636701154.562500
-0.25297,0.022000000000000002,0.0548,456774636701154.562500
-0.25295999999999996,0.022000000000000002,0.055600000000000004,456774636701154.562500
-0.25295,0.0212,0.0572,456774636701154.562500
-0.25293999999999994,0.0228,0.0572,456774636701154.562500
-0.25293,0.0204,0.055600000000000004,456774636701154.562500
-0.25292,0.0244,0.055600000000000004,456774636701154.562500
-0.25290999999999997,0.0236,0.0572,456774636701154.562500
-0.2529,0.0236,0.058,456774636701154.562500
-0.25288999999999995,0.0244,0.056400000000000006,456774636701154.562500
-0.25288,0.0236,0.0548,456774636701154.562500
-0.25287,0.0244,0.058,456774636701154.562500
-0.25286,0.0244,0.0572,456774636701154.562500
-0.25285,0.0236,0.056400000000000006,456774636701154.562500
-0.25283999999999995,0.0244,0.0572,456774636701154.562500
-0.25283,0.0236,0.0548,456774636701154.562500
-0.25282,0.022000000000000002,0.058,456774636701154.562500
-0.25281,0.022000000000000002,0.056400000000000006,456774636701154.562500
-0.25279999999999997,0.0204,0.056400000000000006,456774636701154.562500
-0.25278999999999996,0.0212,0.0516,456774636701154.562500
-0.25278,0.0228,0.058,456774636701154.562500
-0.25276999999999994,0.0228,0.055600000000000004,456774636701154.562500
-0.25276,0.0228,0.058800000000000005,456774636701154.562500
-0.25275,0.0228,0.0572,456774636701154.562500
-0.25273999999999996,0.022000000000000002,0.056400000000000006,456774636701154.562500
-0.25273,0.0204,0.055600000000000004,456774636701154.562500
-0.25271999999999994,0.0228,0.053200000000000004,456774636701154.562500
-0.25271,0.0204,0.054,456774636701154.562500
-0.2527,0.0212,0.0572,456774636701154.562500
-0.25268999999999997,0.022000000000000002,0.056400000000000006,456774636701154.562500
-0.25268,0.022000000000000002,0.0572,456774636701154.562500
-0.25266999999999995,0.0228,0.055600000000000004,456774636701154.562500
-0.25266,0.022000000000000002,0.056400000000000006,456774636701154.562500
-0.25265,0.022000000000000002,0.0548,456774636701154.562500
-0.25264,0.0228,0.056400000000000006,456774636701154.562500
-0.25263,0.0244,0.055600000000000004,456774636701154.562500
-0.25261999999999996,0.0252,0.056400000000000006,456774636701154.562500
-0.25261,0.0244,0.0548,456774636701154.562500
-0.2526,0.0244,0.0572,456774636701154.562500
-0.25259,0.0252,0.0572,456774636701154.562500
-0.25257999999999997,0.0236,0.058,456774636701154.562500
-0.25256999999999996,0.0244,0.056400000000000006,456774636701154.562500
-0.25256,0.0228,0.056400000000000006,456774636701154.562500
-0.25254999999999994,0.0252,0.058,456774636701154.562500
-0.25254,0.0244,0.055600000000000004,456774636701154.562500
-0.25253,0.0236,0.058,456774636701154.562500
-0.25251999999999997,0.022000000000000002,0.0548,456774636701154.562500
-0.25251,0.0236,0.055600000000000004,456774636701154.562500
-0.25249999999999995,0.0212,0.058,456774636701154.562500
-0.25249,0.0228,0.056400000000000006,456774636701154.562500
-0.25248,0.0236,0.058,456774636701154.562500
-0.25246999999999997,0.0204,0.0596,456774636701154.562500
-0.25246,0.0236,0.056400000000000006,456774636701154.562500
-0.25244999999999995,0.0212,0.055600000000000004,456774636701154.562500
-0.25244,0.0228,0.0572,456774636701154.562500
-0.25243,0.0204,0.053200000000000004,456774636701154.562500
-0.25242,0.0212,0.058800000000000005,456774636701154.562500
-0.25240999999999997,0.022000000000000002,0.056400000000000006,456774636701154.562500
-0.25239999999999996,0.022000000000000002,0.056400000000000006,456774636701154.562500
-0.25239,0.022000000000000002,0.058,456774636701154.562500
-0.25238,0.0212,0.0596,456774636701154.562500
-0.25237,0.0252,0.056400000000000006,456774636701154.562500
-0.25236,0.022000000000000002,0.0572,456774636701154.562500
-0.25234999999999996,0.0228,0.055600000000000004,456774636701154.562500
-0.25234,0.0252,0.054,456774636701154.562500
-0.25232999999999994,0.022000000000000002,0.056400000000000006,456774636701154.562500
-0.25232,0.0244,0.056400000000000006,456774636701154.562500
-0.25231,0.0228,0.055600000000000004,456774636701154.562500
-0.25229999999999997,0.0252,0.0572,456774636701154.562500
-0.25229,0.0236,0.048400000000000006,456774636701154.562500
-0.25227999999999995,0.0244,0.056400000000000006,456774636701154.562500
-0.25227,0.0236,0.0548,456774636701154.562500
-0.25226,0.0244,0.055600000000000004,456774636701154.562500
-0.25225,0.0228,0.055600000000000004,456774636701154.562500
-0.25224,0.0236,0.056400000000000006,456774636701154.562500
-0.25222999999999995,0.0236,0.058,456774636701154.562500
-0.25222,0.022000000000000002,0.058,456774636701154.562500
-0.25221,0.0228,0.055600000000000004,456774636701154.562500
-0.2522,0.0228,0.056400000000000006,456774636701154.562500
-0.25218999999999997,0.0228,0.0524,456774636701154.562500
-0.25217999999999996,0.0236,0.056400000000000006,456774636701154.562500
-0.25217,0.0212,0.055600000000000004,456774636701154.562500
-0.25215999999999994,0.0212,0.055600000000000004,456774636701154.562500
-0.25215,0.0212,0.058,456774636701154.562500
-0.25214,0.0228,0.058,456774636701154.562500
-0.25212999999999997,0.0204,0.056400000000000006,456774636701154.562500
-0.25212,0.022000000000000002,0.055600000000000004,456774636701154.562500
-0.25210999999999995,0.0204,0.056400000000000006,456774636701154.562500
-0.2521,0.0228,0.056400000000000006,456774636701154.562500
-0.25209,0.0196,0.058800000000000005,456774636701154.562500
-0.25207999999999997,0.0204,0.056400000000000006,456774636701154.562500
-0.25207,0.022000000000000002,0.056400000000000006,456774636701154.562500
-0.25205999999999995,0.0236,0.056400000000000006,456774636701154.562500
-0.25205,0.022000000000000002,0.055600000000000004,456774636701154.562500
-0.25204,0.0244,0.055600000000000004,456774636701154.562500
-0.25203,0.0236,0.056400000000000006,456774636701154.562500
-0.25201999999999997,0.022000000000000002,0.0572,456774636701154.562500
-0.25200999999999996,0.0244,0.0572,456774636701154.562500
-0.252,0.0244,0.0596,456774636701154.562500
-0.25199,0.0236,0.055600000000000004,456774636701154.562500
-0.25198,0.0228,0.058,456774636701154.562500
-0.25196999999999997,0.026000000000000002,0.058,456774636701154.562500
-0.25195999999999996,0.0228,0.055600000000000004,456774636701154.562500
-0.25195,0.0236,0.058800000000000005,456774636701154.562500
-0.25193999999999994,0.0244,0.0572,456774636701154.562500
-0.25193,0.0236,0.056400000000000006,456774636701154.562500
-0.25192,0.0244,0.0572,456774636701154.562500
-0.25190999999999997,0.0236,0.0516,456774636701154.562500
-0.2519,0.0236,0.055600000000000004,456774636701154.562500
-0.25188999999999995,0.0244,0.0548,456774636701154.562500
-0.25188,0.022000000000000002,0.053200000000000004,456774636701154.562500
-0.25187,0.0212,0.058,456774636701154.562500
-0.25186,0.0196,0.056400000000000006,456774636701154.562500
-0.25185,0.0196,0.055600000000000004,456774636701154.562500
-0.25183999999999995,0.0148,0.0516,456774636701154.562500
-0.25183,0.022000000000000002,0.0524,456774636701154.562500
-0.25182,0.018000000000000002,0.055600000000000004,456774636701154.562500
-0.25181,0.015600000000000001,0.058,456774636701154.562500
-0.25179999999999997,0.0196,0.054,456774636701154.562500
-0.25178999999999996,0.022000000000000002,0.056400000000000006,456774636701154.562500
-0.25178,0.0228,0.056400000000000006,456774636701154.562500
-0.25176999999999994,0.0236,0.0524,456774636701154.562500
-0.25176,0.0212,0.0572,456774636701154.562500
-0.25175,0.0236,0.050800000000000005,456774636701154.562500
-0.25173999999999996,0.0236,0.058,456774636701154.562500
-0.25173,0.0228,0.054,456774636701154.562500
-0.25171999999999994,0.022000000000000002,0.053200000000000004,456774636701154.562500
-0.25171,0.0236,0.058,456774636701154.562500
-0.2517,0.0236,0.054,456774636701154.562500
-0.25168999999999997,0.0244,0.0524,456774636701154.562500
-0.25168,0.0252,0.0516,456774636701154.562500
-0.25166999999999995,0.0244,0.0524,456774636701154.562500
-0.25166,0.0228,0.0492,456774636701154.562500
-0.25165,0.0252,0.058,456774636701154.562500
-0.25164,0.0204,0.055600000000000004,456774636701154.562500
-0.25163,0.0236,0.056400000000000006,456774636701154.562500
-0.25161999999999995,0.0212,0.056400000000000006,456774636701154.562500
-0.25161,0.0228,0.056400000000000006,456774636701154.562500
-0.2516,0.0236,0.054,456774636701154.562500
-0.25159,0.0236,0.055600000000000004,456774636701154.562500
-0.25157999999999997,0.0204,0.055600000000000004,456774636701154.562500
-0.25156999999999996,0.0228,0.05,456774636701154.562500
-0.25156,0.018000000000000002,0.056400000000000006,456774636701154.562500
-0.25154999999999994,0.022000000000000002,0.0524,456774636701154.562500
-0.25154,0.0228,0.055600000000000004,456774636701154.562500
-0.25153,0.022000000000000002,0.046,456774636701154.562500
-0.25151999999999997,0.022000000000000002,0.048400000000000006,456774636701154.562500
-0.25151,0.022000000000000002,0.048400000000000006,456774636701154.562500
-0.25149999999999995,0.022000000000000002,0.042,456774636701154.562500
-0.25149,0.0236,0.0436,456774636701154.562500
-0.25148,0.0236,0.0548,456774636701154.562500
-0.25146999999999997,0.0228,0.055600000000000004,456774636701154.562500
-0.25146,0.0228,0.058,456774636701154.562500
-0.25144999999999995,0.0204,0.058,456774636701154.562500
-0.25144,0.0228,0.055600000000000004,456774636701154.562500
-0.25143,0.022000000000000002,0.055600000000000004,456774636701154.562500
-0.25142,0.0236,0.056400000000000006,456774636701154.562500
-0.25140999999999997,0.0212,0.0572,456774636701154.562500
-0.25139999999999996,0.0236,0.056400000000000006,456774636701154.562500
-0.25139,0.0236,0.055600000000000004,456774636701154.562500
-0.25138,0.0252,0.054,456774636701154.562500
-0.25137,0.0236,0.0468,456774636701154.562500
-0.25136,0.0212,0.054,456774636701154.562500
-0.25134999999999996,0.026000000000000002,0.046,456774636701154.562500
-0.25134,0.0252,0.0548,456774636701154.562500
-0.25132999999999994,0.022000000000000002,0.056400000000000006,456774636701154.562500
-0.25132,0.0244,0.05,456774636701154.562500
-0.25131,0.022000000000000002,0.056400000000000006,456774636701154.562500
-0.25129999999999997,0.022000000000000002,0.056400000000000006,456774636701154.562500
-0.25129,0.0228,0.056400000000000006,456774636701154.562500
-0.25127999999999995,0.0244,0.058,456774636701154.562500
-0.25127,0.0204,0.058,456774636701154.562500
-0.25126,0.0212,0.0548,456774636701154.562500
-0.25125,0.0236,0.0572,456774636701154.562500
-0.25124,0.022000000000000002,0.0548,456774636701154.562500
-0.25122999999999995,0.0212,0.05,456774636701154.562500
-0.25122,0.0204,0.0572,456774636701154.562500
-0.25121,0.022000000000000002,0.055600000000000004,456774636701154.562500
-0.2512,0.0228,0.0572,456774636701154.562500
-0.25118999999999997,0.0196,0.0572,456774636701154.562500
-0.25117999999999996,0.022000000000000002,0.056400000000000006,456774636701154.562500
-0.25117,0.0244,0.0572,456774636701154.562500
-0.25115999999999994,0.022000000000000002,0.054,456774636701154.562500
-0.25115,0.0228,0.055600000000000004,456774636701154.562500
-0.25114,0.0204,0.055600000000000004,456774636701154.562500
-0.25112999999999996,0.0228,0.056400000000000006,456774636701154.562500
-0.25112,0.0244,0.0548,456774636701154.562500
-0.25110999999999994,0.0236,0.050800000000000005,456774636701154.562500
-0.2511,0.0236,0.0572,456774636701154.562500
-0.25109,0.0228,0.058,456774636701154.562500
-0.25107999999999997,0.0244,0.050800000000000005,456774636701154.562500
-0.25107,0.014,0.058,456774636701154.562500
-0.25105999999999995,0.0244,0.0572,456774636701154.562500
-0.25105,0.0204,0.054,456774636701154.562500
-0.25104,0.0236,0.058,456774636701154.562500
-0.25103,0.0196,0.05,456774636701154.562500
-0.25102,0.0252,0.0572,456774636701154.562500
-0.25100999999999996,0.0228,0.056400000000000006,456774636701154.562500
-0.251,0.0228,0.056400000000000006,456774636701154.562500
-0.25099,0.0204,0.056400000000000006,456774636701154.562500
-0.25098,0.0228,0.0572,456774636701154.562500
-0.25096999999999997,0.0196,0.053200000000000004,456774636701154.562500
-0.25095999999999996,0.0228,0.0516,456774636701154.562500
-0.25095,0.0228,0.055600000000000004,456774636701154.562500
-0.25093999999999994,0.0228,0.0572,456774636701154.562500
-0.25093,0.0212,0.058,456774636701154.562500
-0.25092,0.0228,0.0476,456774636701154.562500
-0.25090999999999997,0.0228,0.0572,456774636701154.562500
-0.2509,0.0228,0.050800000000000005,456774636701154.562500
-0.25088999999999995,0.0228,0.056400000000000006,456774636701154.562500
-0.25088,0.0236,0.058800000000000005,456774636701154.562500
-0.25087,0.022000000000000002,0.058800000000000005,456774636701154.562500
-0.25085999999999997,0.0236,0.056400000000000006,456774636701154.562500
-0.25085,0.022000000000000002,0.056400000000000006,456774636701154.562500
-0.25083999999999995,0.022000000000000002,0.0572,456774636701154.562500
-0.25083,0.022000000000000002,0.0548,456774636701154.562500
-0.25082,0.0236,0.0572,456774636701154.562500
-0.25081,0.022000000000000002,0.0524,456774636701154.562500
-0.25079999999999997,0.0244,0.056400000000000006,456774636701154.562500
-0.25078999999999996,0.0212,0.050800000000000005,456774636701154.562500
-0.25078,0.0244,0.053200000000000004,456774636701154.562500
-0.25077,0.0252,0.053200000000000004,456774636701154.562500
-0.25076,0.0244,0.056400000000000006,456774636701154.562500
-0.25075,0.0244,0.058,456774636701154.562500
-0.25073999999999996,0.0244,0.0572,456774636701154.562500
-0.25073,0.0252,0.056400000000000006,456774636701154.562500
-0.25071999999999994,0.022000000000000002,0.055600000000000004,456774636701154.562500
-0.25071,0.0228,0.058,456774636701154.562500
-0.2507,0.0252,0.0572,456774636701154.562500
-0.25068999999999997,0.0228,0.0572,456774636701154.562500
-0.25068,0.022000000000000002,0.0524,456774636701154.562500
-0.25066999999999995,0.022000000000000002,0.0572,456774636701154.562500
-0.25066,0.022000000000000002,0.058,456774636701154.562500
-0.25065,0.0212,0.058,456774636701154.562500
-0.25064,0.0212,0.050800000000000005,456774636701154.562500
-0.25063,0.018000000000000002,0.056400000000000006,456774636701154.562500
-0.25061999999999995,0.0228,0.055600000000000004,456774636701154.562500
-0.25061,0.022000000000000002,0.055600000000000004,456774636701154.562500
-0.2506,0.0228,0.055600000000000004,456774636701154.562500
-0.25059,0.0204,0.0572,456774636701154.562500
-0.25057999999999997,0.0236,0.0572,456774636701154.562500
-0.25056999999999996,0.0188,0.058,456774636701154.562500
-0.25056,0.0188,0.058,456774636701154.562500
-0.25054999999999994,0.022000000000000002,0.058,456774636701154.562500
-0.25054,0.0236,0.0572,456774636701154.562500
-0.25053,0.022000000000000002,0.0572,456774636701154.562500
-0.25051999999999996,0.022000000000000002,0.058,456774636701154.562500
-0.25051,0.0236,0.058,456774636701154.562500
-0.25049999999999994,0.0228,0.055600000000000004,456774636701154.562500
-0.25049,0.0244,0.0572,456774636701154.562500
-0.25048,0.0212,0.054,456774636701154.562500
-0.25046999999999997,0.0236,0.058800000000000005,456774636701154.562500
-0.25046,0.022000000000000002,0.055600000000000004,456774636701154.562500
-0.25044999999999995,0.0244,0.054,456774636701154.562500
-0.25044,0.0204,0.0572,456774636701154.562500
-0.25043,0.022000000000000002,0.054,456774636701154.562500
-0.25042,0.0236,0.0572,456774636701154.562500
-0.25040999999999997,0.0244,0.056400000000000006,456774636701154.562500
-0.25039999999999996,0.0236,0.0548,456774636701154.562500
-0.25039,0.0244,0.056400000000000006,456774636701154.562500
-0.25038,0.0236,0.056400000000000006,456774636701154.562500
-0.25037,0.0212,0.054,456774636701154.562500
-0.25035999999999997,0.0236,0.056400000000000006,456774636701154.562500
-0.25034999999999996,0.0236,0.0492,456774636701154.562500
-0.25034,0.0212,0.058,456774636701154.562500
-0.25032999999999994,0.0228,0.0524,456774636701154.562500
-0.25032,0.0204,0.0548,456774636701154.562500
-0.25031,0.022000000000000002,0.056400000000000006,456774636701154.562500
-0.25029999999999997,0.0204,0.0548,456774636701154.562500
-0.25029,0.022000000000000002,0.056400000000000006,456774636701154.562500
-0.25027999999999995,0.0212,0.058800000000000005,456774636701154.562500
-0.25027,0.0212,0.0572,456774636701154.562500
-0.25026,0.0228,0.0548,456774636701154.562500
-0.25025,0.0188,0.055600000000000004,456774636701154.562500
-0.25024,0.0204,0.0524,456774636701154.562500
-0.25022999999999995,0.0228,0.0516,456774636701154.562500
-0.25022,0.0228,0.0524,456774636701154.562500
-0.25021,0.0244,0.056400000000000006,456774636701154.562500
-0.2502,0.0228,0.056400000000000006,456774636701154.562500
-0.25018999999999997,0.0228,0.0572,456774636701154.562500
-0.25017999999999996,0.022000000000000002,0.0572,456774636701154.562500
-0.25017,0.0228,0.058800000000000005,456774636701154.562500
-0.25015999999999994,0.0252,0.055600000000000004,456774636701154.562500
-0.25015,0.026000000000000002,0.058800000000000005,456774636701154.562500
-0.25014,0.0236,0.0572,456774636701154.562500
-0.25012999999999996,0.0252,0.0548,456774636701154.562500
-0.25012,0.0212,0.056400000000000006,456774636701154.562500
-0.25010999999999994,0.0236,0.054,456774636701154.562500
-0.2501,0.0236,0.056400000000000006,456774636701154.562500
-0.25009,0.022000000000000002,0.055600000000000004,456774636701154.562500
-0.25007999999999997,0.0228,0.0572,456774636701154.562500
-0.25007,0.0228,0.055600000000000004,456774636701154.562500
-0.25005999999999995,0.0228,0.058,456774636701154.562500
-0.25005,0.0236,0.05,456774636701154.562500
-0.25004,0.022000000000000002,0.055600000000000004,456774636701154.562500
-0.25003,0.0228,0.0548,456774636701154.562500
-0.25002,0.0212,0.0572,456774636701154.562500
-0.25000999999999995,0.022000000000000002,0.056400000000000006,456774636701154.562500
-0.25,0.0236,0.058,456774636701154.562500
-0.24999,0.0228,0.0548,456774636701154.562500
-0.24997999999999998,0.0212,0.0524,456774636701154.562500
-0.24996999999999997,0.0212,0.054,456774636701154.562500
-0.24995999999999996,0.0212,0.053200000000000004,456774636701154.562500
-0.24995,0.0196,0.054,456774636701154.562500
-0.24994,0.022000000000000002,0.05,456774636701154.562500
-0.24992999999999999,0.0228,0.054,456774636701154.562500
-0.24991999999999998,0.0228,0.056400000000000006,456774636701154.562500
-0.24990999999999997,0.022000000000000002,0.0572,456774636701154.562500
-0.24989999999999996,0.0244,0.055600000000000004,456774636701154.562500
-0.24989,0.0244,0.0548,456774636701154.562500
-0.24988,0.022000000000000002,0.055600000000000004,456774636701154.562500
-0.24986999999999998,0.0244,0.0572,456774636701154.562500
-0.24985999999999997,0.0252,0.0572,456774636701154.562500
-0.24984999999999996,0.0252,0.0524,456774636701154.562500
-0.24984,0.0244,0.0572,456774636701154.562500
-0.24983,0.0244,0.054,456774636701154.562500
-0.24982,0.0236,0.056400000000000006,456774636701154.562500
-0.24980999999999998,0.0236,0.0572,456774636701154.562500
-0.24979999999999997,0.022000000000000002,0.0524,456774636701154.562500
-0.24978999999999996,0.0228,0.056400000000000006,456774636701154.562500
-0.24978,0.022000000000000002,0.0516,456774636701154.562500
-0.24977,0.0228,0.0524,456774636701154.562500
-0.24975999999999998,0.0228,0.058,456774636701154.562500
-0.24974999999999997,0.022000000000000002,0.058,456774636701154.562500
-0.24973999999999996,0.022000000000000002,0.0524,456774636701154.562500
-0.24972999999999995,0.0212,0.058,456774636701154.562500
-0.24972,0.0212,0.056400000000000006,456774636701154.562500
-0.24971,0.0212,0.056400000000000006,456774636701154.562500
-0.24969999999999998,0.0228,0.054,456774636701154.562500
-0.24968999999999997,0.0188,0.0572,456774636701154.562500
-0.24967999999999996,0.0212,0.0572,456774636701154.562500
-0.24967,0.0196,0.05,456774636701154.562500
-0.24966,0.0196,0.053200000000000004,456774636701154.562500
-0.24964999999999998,0.0196,0.058800000000000005,456774636701154.562500
-0.24963999999999997,0.022000000000000002,0.0548,456774636701154.562500
-0.24962999999999996,0.015600000000000001,0.056400000000000006,456774636701154.562500
-0.24961999999999995,0.0212,0.056400000000000006,456774636701154.562500
-0.24961,0.0204,0.058,456774636701154.562500
-0.2496,0.0244,0.0548,456774636701154.562500
-0.24958999999999998,0.022000000000000002,0.0572,456774636701154.562500
-0.24957999999999997,0.0212,0.056400000000000006,456774636701154.562500
-0.24956999999999996,0.0244,0.054,456774636701154.562500
-0.24956,0.014,0.054,456774636701154.562500
-0.24955,0.0204,0.056400000000000006,456774636701154.562500
-0.24953999999999998,0.0228,0.0572,456774636701154.562500
-0.24952999999999997,0.0236,0.0572,456774636701154.562500
-0.24951999999999996,0.0228,0.055600000000000004,456774636701154.562500
-0.24950999999999995,0.0252,0.0516,456774636701154.562500
-0.2495,0.0244,0.058,456774636701154.562500
-0.24949,0.0236,0.056400000000000006,456774636701154.562500
-0.24947999999999998,0.0236,0.056400000000000006,456774636701154.562500
-0.24946999999999997,0.0236,0.058,456774636701154.562500
-0.24945999999999996,0.022000000000000002,0.054,456774636701154.562500
-0.24945,0.0212,0.05,456774636701154.562500
-0.24944,0.022000000000000002,0.0572,456774636701154.562500
-0.24942999999999999,0.022000000000000002,0.056400000000000006,456774636701154.562500
-0.24941999999999998,0.022000000000000002,0.056400000000000006,456774636701154.562500
-0.24940999999999997,0.022000000000000002,0.056400000000000006,456774636701154.562500
-0.24939999999999996,0.0212,0.050800000000000005,456774636701154.562500
-0.24939,0.022000000000000002,0.0548,456774636701154.562500
-0.24938,0.022000000000000002,0.058,456774636701154.562500
-0.24936999999999998,0.0212,0.0572,456774636701154.562500
-0.24935999999999997,0.0236,0.058800000000000005,456774636701154.562500
-0.24934999999999996,0.0228,0.0572,456774636701154.562500
-0.24934,0.0228,0.056400000000000006,456774636701154.562500
-0.24933,0.0228,0.058800000000000005,456774636701154.562500
-0.24931999999999999,0.0228,0.055600000000000004,456774636701154.562500
-0.24930999999999998,0.0228,0.0572,456774636701154.562500
-0.24929999999999997,0.022000000000000002,0.058,456774636701154.562500
-0.24928999999999996,0.0244,0.0492,456774636701154.562500
-0.24928,0.0236,0.056400000000000006,456774636701154.562500
-0.24927,0.0236,0.0516,456774636701154.562500
-0.24925999999999998,0.0228,0.055600000000000004,456774636701154.562500
-0.24924999999999997,0.0228,0.0516,456774636701154.562500
-0.24923999999999996,0.0244,0.055600000000000004,456774636701154.562500
-0.24923,0.0228,0.0572,456774636701154.562500
-0.24922,0.0228,0.056400000000000006,456774636701154.562500
-0.24921,0.0236,0.056400000000000006,456774636701154.562500
-0.24919999999999998,0.0228,0.056400000000000006,456774636701154.562500
-0.24918999999999997,0.0236,0.0572,456774636701154.562500
-0.24917999999999996,0.0244,0.0572,456774636701154.562500
-0.24917,0.0244,0.050800000000000005,456774636701154.562500
-0.24916,0.022000000000000002,0.056400000000000006,456774636701154.562500
-0.24914999999999998,0.0236,0.055600000000000004,456774636701154.562500
-0.24913999999999997,0.0236,0.058,456774636701154.562500
-0.24912999999999996,0.022000000000000002,0.056400000000000006,456774636701154.562500
-0.24911999999999995,0.0212,0.055600000000000004,456774636701154.562500
-0.24911,0.0236,0.056400000000000006,456774636701154.562500
-0.2491,0.0204,0.0548,456774636701154.562500
-0.24908999999999998,0.0212,0.056400000000000006,456774636701154.562500
-0.24907999999999997,0.0196,0.0572,456774636701154.562500
-0.24906999999999996,0.022000000000000002,0.0572,456774636701154.562500
-0.24906,0.022000000000000002,0.048400000000000006,456774636701154.562500
-0.24905,0.0212,0.058800000000000005,456774636701154.562500
-0.24903999999999998,0.0228,0.0492,456774636701154.562500
-0.24902999999999997,0.0236,0.058,456774636701154.562500
-0.24901999999999996,0.0212,0.0476,456774636701154.562500
-0.24900999999999995,0.0228,0.0572,456774636701154.562500
-0.249,0.0236,0.0516,456774636701154.562500
-0.24899,0.0236,0.058,456774636701154.562500
-0.24897999999999998,0.0236,0.0572,456774636701154.562500
-0.24896999999999997,0.0236,0.053200000000000004,456774636701154.562500
-0.24895999999999996,0.0244,0.058,456774636701154.562500
-0.24895,0.0228,0.055600000000000004,456774636701154.562500
-0.24894,0.0252,0.055600000000000004,456774636701154.562500
-0.24892999999999998,0.0244,0.055600000000000004,456774636701154.562500
-0.24891999999999997,0.0244,0.046,456774636701154.562500
-0.24890999999999996,0.022000000000000002,0.050800000000000005,456774636701154.562500
-0.24889999999999995,0.0228,0.0492,456774636701154.562500
-0.24889,0.0196,0.056400000000000006,456774636701154.562500
-0.24888,0.0236,0.0572,456774636701154.562500
-0.24886999999999998,0.0244,0.058,456774636701154.562500
-0.24885999999999997,0.0236,0.058,456774636701154.562500
-0.24884999999999996,0.0228,0.058,456774636701154.562500
-0.24884,0.022000000000000002,0.055600000000000004,456774636701154.562500
-0.24883,0.0236,0.0548,456774636701154.562500
-0.24881999999999999,0.0236,0.056400000000000006,456774636701154.562500
-0.24880999999999998,0.0196,0.054,456774636701154.562500
-0.24879999999999997,0.0228,0.058,456774636701154.562500
-0.24878999999999996,0.022000000000000002,0.054,456774636701154.562500
-0.24878,0.0212,0.056400000000000006,456774636701154.562500
-0.24877,0.022000000000000002,0.053200000000000004,456774636701154.562500
-0.24875999999999998,0.0204,0.055600000000000004,456774636701154.562500
-0.24874999999999997,0.022000000000000002,0.0516,456774636701154.562500
-0.24873999999999996,0.0212,0.0572,456774636701154.562500
-0.24873,0.022000000000000002,0.056400000000000006,456774636701154.562500
-0.24872,0.0204,0.056400000000000006,456774636701154.562500
-0.24871,0.0212,0.058800000000000005,456774636701154.562500
-0.24869999999999998,0.0228,0.056400000000000006,456774636701154.562500
-0.24868999999999997,0.0244,0.058,456774636701154.562500
-0.24867999999999996,0.0228,0.054,456774636701154.562500
-0.24867,0.0228,0.0548,456774636701154.562500
-0.24866,0.0236,0.058,456774636701154.562500
-0.24864999999999998,0.0228,0.056400000000000006,456774636701154.562500
-0.24863999999999997,0.0236,0.0524,456774636701154.562500
-0.24862999999999996,0.0244,0.053200000000000004,456774636701154.562500
-0.24861999999999995,0.0244,0.05,456774636701154.562500
-0.24861,0.0236,0.055600000000000004,456774636701154.562500
-0.2486,0.0244,0.054,456774636701154.562500
-0.24858999999999998,0.0236,0.050800000000000005,456774636701154.562500
-0.24857999999999997,0.0228,0.053200000000000004,456774636701154.562500
-0.24856999999999996,0.022000000000000002,0.055600000000000004,456774636701154.562500
-0.24856,0.0236,0.056400000000000006,456774636701154.562500
-0.24855,0.0196,0.056400000000000006,456774636701154.562500
-0.24853999999999998,0.0236,0.0572,456774636701154.562500
-0.24852999999999997,0.022000000000000002,0.055600000000000004,456774636701154.562500
-0.24851999999999996,0.0204,0.0596,456774636701154.562500
-0.24850999999999995,0.0228,0.054,456774636701154.562500
-0.2485,0.022000000000000002,0.054,456774636701154.562500
-0.24849,0.0228,0.058,456774636701154.562500
-0.24847999999999998,0.0196,0.0572,456774636701154.562500
-0.24846999999999997,0.0212,0.0572,456774636701154.562500
-0.24845999999999996,0.0204,0.054,456774636701154.562500
-0.24845,0.0228,0.0548,456774636701154.562500
-0.24844,0.0196,0.054,456774636701154.562500
-0.24842999999999998,0.0228,0.056400000000000006,456774636701154.562500
-0.24841999999999997,0.022000000000000002,0.0548,456774636701154.562500
-0.24840999999999996,0.0244,0.055600000000000004,456774636701154.562500
-0.24839999999999995,0.0204,0.056400000000000006,456774636701154.562500
-0.24839,0.0236,0.0572,456774636701154.562500
-0.24838,0.0236,0.0548,456774636701154.562500
-0.24836999999999998,0.0236,0.056400000000000006,456774636701154.562500
-0.24835999999999997,0.0244,0.0524,456774636701154.562500
-0.24834999999999996,0.0228,0.055600000000000004,456774636701154.562500
-0.24834,0.0228,0.055600000000000004,456774636701154.562500
-0.24833,0.0236,0.058,456774636701154.562500
-0.24831999999999999,0.0236,0.056400000000000006,456774636701154.562500
-0.24830999999999998,0.0244,0.058,456774636701154.562500
-0.24829999999999997,0.0236,0.0548,456774636701154.562500
-0.24828999999999996,0.0204,0.056400000000000006,456774636701154.562500
-0.24828,0.0228,0.0572,456774636701154.562500
-0.24827,0.0212,0.0548,456774636701154.562500
-0.24825999999999998,0.0212,0.055600000000000004,456774636701154.562500
-0.24824999999999997,0.0244,0.056400000000000006,456774636701154.562500
-0.24823999999999996,0.018000000000000002,0.0572,456774636701154.562500
-0.24823,0.022000000000000002,0.0572,456774636701154.562500
-0.24822,0.022000000000000002,0.055600000000000004,456774636701154.562500
-0.24821,0.022000000000000002,0.053200000000000004,456774636701154.562500
-0.24819999999999998,0.0236,0.056400000000000006,456774636701154.562500
-0.24818999999999997,0.0244,0.058800000000000005,456774636701154.562500
-0.24817999999999996,0.0212,0.050800000000000005,456774636701154.562500
-0.24817,0.022000000000000002,0.055600000000000004,456774636701154.562500
-0.24816,0.0212,0.0572,456774636701154.562500
-0.24814999999999998,0.0236,0.0572,456774636701154.562500
-0.24813999999999997,0.0236,0.058,456774636701154.562500
-0.24812999999999996,0.0204,0.055600000000000004,456774636701154.562500
-0.24811999999999995,0.022000000000000002,0.0572,456774636701154.562500
-0.24811,0.022000000000000002,0.0572,456774636701154.562500
-0.2481,0.0228,0.056400000000000006,456774636701154.562500
-0.24808999999999998,0.022000000000000002,0.058,456774636701154.562500
-0.24807999999999997,0.0236,0.055600000000000004,456774636701154.562500
-0.24806999999999996,0.0236,0.055600000000000004,456774636701154.562500
-0.24806,0.0244,0.0572,456774636701154.562500
-0.24805,0.0236,0.0524,456774636701154.562500
-0.24803999999999998,0.0244,0.058,456774636701154.562500
-0.24802999999999997,0.0244,0.054,456774636701154.562500
-0.24801999999999996,0.026000000000000002,0.056400000000000006,456774636701154.562500
-0.24800999999999995,0.0244,0.056400000000000006,456774636701154.562500
-0.248,0.026000000000000002,0.055600000000000004,456774636701154.562500
-0.24799,0.0244,0.0572,456774636701154.562500
-0.24797999999999998,0.0228,0.056400000000000006,456774636701154.562500
-0.24796999999999997,0.022000000000000002,0.056400000000000006,456774636701154.562500
-0.24795999999999996,0.0212,0.0516,456774636701154.562500
-0.24795,0.0212,0.0572,456774636701154.562500
-0.24794,0.022000000000000002,0.0548,456774636701154.562500
-0.24792999999999998,0.0204,0.055600000000000004,456774636701154.562500
-0.24791999999999997,0.0196,0.0572,456774636701154.562500
-0.24790999999999996,0.022000000000000002,0.0548,456774636701154.562500
-0.24789999999999995,0.0204,0.054,456774636701154.562500
-0.24789,0.0212,0.058,456774636701154.562500
-0.24788,0.022000000000000002,0.055600000000000004,456774636701154.562500
-0.24786999999999998,0.022000000000000002,0.056400000000000006,456774636701154.562500
-0.24785999999999997,0.022000000000000002,0.058800000000000005,456774636701154.562500
-0.24784999999999996,0.0204,0.0572,456774636701154.562500
-0.24784,0.022000000000000002,0.058,456774636701154.562500
-0.24783,0.022000000000000002,0.058,456774636701154.562500
-0.24781999999999998,0.0244,0.058,456774636701154.562500
-0.24780999999999997,0.022000000000000002,0.055600000000000004,456774636701154.562500
-0.24779999999999996,0.022000000000000002,0.0548,456774636701154.562500
-0.24778999999999995,0.0212,0.0492,456774636701154.562500
-0.24778,0.0212,0.058,456774636701154.562500
-0.24777,0.0236,0.0548,456774636701154.562500
-0.24775999999999998,0.0236,0.056400000000000006,456774636701154.562500
-0.24774999999999997,0.0196,0.056400000000000006,456774636701154.562500
-0.24773999999999996,0.0228,0.058,456774636701154.562500
-0.24773,0.0172,0.0524,456774636701154.562500
-0.24772,0.0244,0.056400000000000006,456774636701154.562500
-0.24770999999999999,0.0236,0.055600000000000004,456774636701154.562500
-0.24769999999999998,0.0236,0.058,456774636701154.562500
-0.24768999999999997,0.0228,0.058800000000000005,456774636701154.562500
-0.24767999999999996,0.0212,0.055600000000000004,456774636701154.562500
-0.24767,0.0244,0.055600000000000004,456774636701154.562500
-0.24766,0.0212,0.0572,456774636701154.562500
-0.24764999999999998,0.0244,0.0572,456774636701154.562500
-0.24763999999999997,0.0228,0.0572,456774636701154.562500
-0.24762999999999996,0.0244,0.0516,456774636701154.562500
-0.24762,0.0236,0.058,456774636701154.562500
-0.24761,0.0196,0.0548,456774636701154.562500
-0.2476,0.0236,0.058,456774636701154.562500
-0.24758999999999998,0.0204,0.0548,456774636701154.562500
-0.24757999999999997,0.022000000000000002,0.0572,456774636701154.562500
-0.24756999999999996,0.022000000000000002,0.056400000000000006,456774636701154.562500
-0.24756,0.0212,0.0548,456774636701154.562500
-0.24755,0.0196,0.0548,456774636701154.562500
-0.24753999999999998,0.0196,0.0572,456774636701154.562500
-0.24752999999999997,0.0228,0.058,456774636701154.562500
-0.24751999999999996,0.0228,0.0572,456774636701154.562500
-0.24750999999999995,0.022000000000000002,0.0572,456774636701154.562500
-0.2475,0.0244,0.058,456774636701154.562500
-0.24749,0.022000000000000002,0.058,456774636701154.562500
-0.24747999999999998,0.0204,0.0572,456774636701154.562500
-0.24746999999999997,0.0236,0.058,456774636701154.562500
-0.24745999999999996,0.0228,0.056400000000000006,456774636701154.562500
-0.24745,0.022000000000000002,0.050800000000000005,456774636701154.562500
-0.24744,0.0228,0.0548,456774636701154.562500
-0.24742999999999998,0.0228,0.0572,456774636701154.562500
-0.24741999999999997,0.0244,0.058,456774636701154.562500
-0.24740999999999996,0.0244,0.055600000000000004,456774636701154.562500
-0.24739999999999995,0.0236,0.056400000000000006,456774636701154.562500
-0.24739,0.0236,0.0548,456774636701154.562500
-0.24738,0.0236,0.0524,456774636701154.562500
-0.24736999999999998,0.0236,0.0524,456774636701154.562500
-0.24735999999999997,0.0244,0.055600000000000004,456774636701154.562500
-0.24734999999999996,0.0212,0.054,456774636701154.562500
-0.24734,0.0244,0.058,456774636701154.562500
-0.24733,0.0204,0.0548,456774636701154.562500
-0.24731999999999998,0.0228,0.058,456774636701154.562500
-0.24730999999999997,0.022000000000000002,0.055600000000000004,456774636701154.562500
-0.24729999999999996,0.022000000000000002,0.0572,456774636701154.562500
-0.24728999999999995,0.0204,0.054,456774636701154.562500
-0.24728,0.0228,0.058,456774636701154.562500
-0.24727,0.022000000000000002,0.058,456774636701154.562500
-0.24725999999999998,0.0212,0.0548,456774636701154.562500
-0.24724999999999997,0.0212,0.058,456774636701154.562500
-0.24723999999999996,0.0212,0.0572,456774636701154.562500
-0.24723,0.022000000000000002,0.0516,456774636701154.562500
-0.24722,0.0204,0.050800000000000005,456774636701154.562500
-0.24720999999999999,0.0228,0.046,456774636701154.562500
-0.24719999999999998,0.018000000000000002,0.0468,456774636701154.562500
-0.24718999999999997,0.0212,0.056400000000000006,456774636701154.562500
-0.24717999999999996,0.0204,0.0572,456774636701154.562500
-0.24717,0.022000000000000002,0.055600000000000004,456774636701154.562500
-0.24716,0.0236,0.0596,456774636701154.562500
-0.24714999999999998,0.0204,0.0572,456774636701154.562500
-0.24713999999999997,0.022000000000000002,0.058,456774636701154.562500
-0.24712999999999996,0.0252,0.055600000000000004,456774636701154.562500
-0.24712,0.022000000000000002,0.058,456774636701154.562500
-0.24711,0.0236,0.056400000000000006,456774636701154.562500
-0.2471,0.0244,0.0516,456774636701154.562500
-0.24708999999999998,0.0204,0.0572,456774636701154.562500
-0.24707999999999997,0.0252,0.056400000000000006,456774636701154.562500
-0.24706999999999996,0.0244,0.056400000000000006,456774636701154.562500
-0.24706,0.0244,0.0524,456774636701154.562500
-0.24705,0.0228,0.055600000000000004,456774636701154.562500
-0.24703999999999998,0.0244,0.05,456774636701154.562500
-0.24702999999999997,0.0228,0.0572,456774636701154.562500
-0.24701999999999996,0.0212,0.0516,456774636701154.562500
-0.24700999999999995,0.022000000000000002,0.058,456774636701154.562500
-0.247,0.0236,0.058800000000000005,456774636701154.562500
-0.24699,0.022000000000000002,0.056400000000000006,456774636701154.562500
-0.24697999999999998,0.0228,0.055600000000000004,456774636701154.562500
-0.24696999999999997,0.0204,0.055600000000000004,456774636701154.562500
-0.24695999999999996,0.022000000000000002,0.054,456774636701154.562500
-0.24695,0.022000000000000002,0.055600000000000004,456774636701154.562500
-0.24694,0.0204,0.055600000000000004,456774636701154.562500
-0.24692999999999998,0.0188,0.048400000000000006,456774636701154.562500
-0.24691999999999997,0.022000000000000002,0.0572,456774636701154.562500
-0.24690999999999996,0.0228,0.0572,456774636701154.562500
-0.24689999999999995,0.022000000000000002,0.055600000000000004,456774636701154.562500
-0.24689,0.0236,0.0548,456774636701154.562500
-0.24688,0.022000000000000002,0.0548,456774636701154.562500
-0.24686999999999998,0.0244,0.0572,456774636701154.562500
-0.24685999999999997,0.0228,0.055600000000000004,456774636701154.562500
-0.24684999999999996,0.0236,0.048400000000000006,456774636701154.562500
-0.24684,0.022000000000000002,0.055600000000000004,456774636701154.562500
-0.24683,0.022000000000000002,0.056400000000000006,456774636701154.562500
-0.24681999999999998,0.0236,0.053200000000000004,456774636701154.562500
-0.24680999999999997,0.022000000000000002,0.058,456774636701154.562500
-0.24679999999999996,0.0236,0.0572,456774636701154.562500
-0.24678999999999995,0.0244,0.050800000000000005,456774636701154.562500
-0.24678,0.0236,0.0572,456774636701154.562500
-0.24677,0.0252,0.056400000000000006,456774636701154.562500
-0.24675999999999998,0.0244,0.054,456774636701154.562500
-0.24674999999999997,0.0244,0.0572,456774636701154.562500
-0.24673999999999996,0.0236,0.054,456774636701154.562500
-0.24673,0.0228,0.0572,456774636701154.562500
-0.24672,0.0228,0.0516,456774636701154.562500
-0.24670999999999998,0.0236,0.058,456774636701154.562500
-0.24669999999999997,0.0228,0.055600000000000004,456774636701154.562500
-0.24668999999999996,0.022000000000000002,0.058,456774636701154.562500
-0.24667999999999995,0.0244,0.0548,456774636701154.562500
-0.24667,0.0244,0.058,456774636701154.562500
-0.24666,0.022000000000000002,0.056400000000000006,456774636701154.562500
-0.24664999999999998,0.0212,0.056400000000000006,456774636701154.562500
-0.24663999999999997,0.0212,0.056400000000000006,456774636701154.562500
-0.24662999999999996,0.0228,0.054,456774636701154.562500
-0.24662,0.0236,0.056400000000000006,456774636701154.562500
-0.24661,0.0204,0.058,456774636701154.562500
-0.24659999999999999,0.0204,0.0572,456774636701154.562500
-0.24658999999999998,0.0188,0.058,456774636701154.562500
-0.24657999999999997,0.0212,0.056400000000000006,456774636701154.562500
-0.24656999999999996,0.0236,0.054,456774636701154.562500
-0.24656,0.0228,0.058,456774636701154.562500
-0.24655,0.0228,0.0572,456774636701154.562500
-0.24653999999999998,0.022000000000000002,0.056400000000000006,456774636701154.562500
-0.24652999999999997,0.0236,0.056400000000000006,456774636701154.562500
-0.24651999999999996,0.0228,0.0516,456774636701154.562500
-0.24651,0.0236,0.056400000000000006,456774636701154.562500
-0.2465,0.026000000000000002,0.0524,456774636701154.562500
-0.24649,0.0252,0.0548,456774636701154.562500
-0.24647999999999998,0.0236,0.058,456774636701154.562500
-0.24646999999999997,0.022000000000000002,0.056400000000000006,456774636701154.562500
-0.24645999999999996,0.0244,0.0572,456774636701154.562500
-0.24645,0.0236,0.058,456774636701154.562500
-0.24644,0.022000000000000002,0.058,456774636701154.562500
-0.24642999999999998,0.0228,0.0572,456774636701154.562500
-0.24641999999999997,0.0228,0.058,456774636701154.562500
-0.24640999999999996,0.0228,0.0572,456774636701154.562500
-0.24639999999999995,0.0228,0.058,456774636701154.562500
-0.24639,0.0212,0.0572,456774636701154.562500
-0.24638,0.0228,0.054,456774636701154.562500
-0.24636999999999998,0.0236,0.055600000000000004,456774636701154.562500
-0.24635999999999997,0.0228,0.058,456774636701154.562500
-0.24634999999999996,0.022000000000000002,0.0572,456774636701154.562500
-0.24634,0.022000000000000002,0.0572,456774636701154.562500
-0.24633,0.022000000000000002,0.058,456774636701154.562500
-0.24631999999999998,0.022000000000000002,0.0548,456774636701154.562500
-0.24630999999999997,0.0204,0.058,456774636701154.562500
-0.24629999999999996,0.0212,0.056400000000000006,456774636701154.562500
-0.24628999999999995,0.0212,0.0572,456774636701154.562500
-0.24628,0.0228,0.056400000000000006,456774636701154.562500
-0.24627,0.0228,0.0572,456774636701154.562500
-0.24625999999999998,0.0228,0.056400000000000006,456774636701154.562500
-0.24624999999999997,0.0236,0.056400000000000006,456774636701154.562500
-0.24623999999999996,0.0228,0.056400000000000006,456774636701154.562500
-0.24623,0.0212,0.0572,456774636701154.562500
-0.24622,0.0236,0.0548,456774636701154.562500
-0.24620999999999998,0.018000000000000002,0.055600000000000004,456774636701154.562500
-0.24619999999999997,0.0252,0.058,456774636701154.562500
-0.24618999999999996,0.018000000000000002,0.054,456774636701154.562500
-0.24617999999999995,0.0236,0.056400000000000006,456774636701154.562500
-0.24617,0.0236,0.0572,456774636701154.562500
-0.24616,0.0244,0.058,456774636701154.562500
-0.24614999999999998,0.0236,0.0572,456774636701154.562500
-0.24613999999999997,0.0236,0.058,456774636701154.562500
-0.24612999999999996,0.0236,0.054,456774636701154.562500
-0.24612,0.022000000000000002,0.053200000000000004,456774636701154.562500
-0.24611,0.0228,0.05,456774636701154.562500
-0.24609999999999999,0.0196,0.054,456774636701154.562500
-0.24608999999999998,0.0244,0.053200000000000004,456774636701154.562500
-0.24607999999999997,0.0204,0.0572,456774636701154.562500
-0.24606999999999996,0.0228,0.0572,456774636701154.562500
-0.24606,0.0228,0.058,456774636701154.562500
-0.24605,0.0212,0.054,456774636701154.562500
-0.24603999999999998,0.0188,0.054,456774636701154.562500
-0.24602999999999997,0.022000000000000002,0.058,456774636701154.562500
-0.24601999999999996,0.0236,0.056400000000000006,456774636701154.562500
-0.24601,0.0228,0.0572,456774636701154.562500
-0.246,0.0236,0.058800000000000005,456774636701154.562500
-0.24599,0.0196,0.058,456774636701154.562500
-0.24597999999999998,0.0228,0.056400000000000006,456774636701154.562500
-0.24596999999999997,0.0204,0.0572,456774636701154.562500
-0.24595999999999996,0.0236,0.055600000000000004,456774636701154.562500
-0.24595,0.0212,0.0572,456774636701154.562500
-0.24594,0.0228,0.055600000000000004,456774636701154.562500
-0.24592999999999998,0.0236,0.055600000000000004,456774636701154.562500
-0.24591999999999997,0.0212,0.055600000000000004,456774636701154.562500
-0.24590999999999996,0.0236,0.055600000000000004,456774636701154.562500
-0.24589999999999995,0.0236,0.058,456774636701154.562500
-0.24589,0.0236,0.0548,456774636701154.562500
-0.24588,0.0204,0.0572,456774636701154.562500
-0.24586999999999998,0.0188,0.055600000000000004,456774636701154.562500
-0.24585999999999997,0.022000000000000002,0.058,456774636701154.562500
-0.24584999999999996,0.0236,0.0572,456774636701154.562500
-0.24584,0.022000000000000002,0.055600000000000004,456774636701154.562500
-0.24583,0.0228,0.055600000000000004,456774636701154.562500
-0.24581999999999998,0.0244,0.055600000000000004,456774636701154.562500
-0.24580999999999997,0.0236,0.056400000000000006,456774636701154.562500
-0.24579999999999996,0.0244,0.058,456774636701154.562500
-0.24578999999999995,0.022000000000000002,0.058,456774636701154.562500
-0.24578,0.0228,0.056400000000000006,456774636701154.562500
-0.24577,0.022000000000000002,0.0572,456774636701154.562500
-0.24575999999999998,0.022000000000000002,0.058,456774636701154.562500
-0.24574999999999997,0.0212,0.054,456774636701154.562500
-0.24573999999999996,0.0212,0.056400000000000006,456774636701154.562500
-0.24573,0.0228,0.050800000000000005,456774636701154.562500
-0.24572,0.0228,0.058,456774636701154.562500
-0.24570999999999998,0.0188,0.053200000000000004,456774636701154.562500
-0.24569999999999997,0.022000000000000002,0.054,456774636701154.562500
-0.24568999999999996,0.022000000000000002,0.0444,456774636701154.562500
-0.24567999999999995,0.0228,0.0572,456774636701154.562500
-0.24567,0.022000000000000002,0.054,456774636701154.562500
-0.24566,0.0228,0.056400000000000006,456774636701154.562500
-0.24564999999999998,0.0228,0.050800000000000005,456774636701154.562500
-0.24563999999999997,0.0244,0.055600000000000004,456774636701154.562500
-0.24562999999999996,0.0188,0.056400000000000006,456774636701154.562500
-0.24562,0.022000000000000002,0.054,456774636701154.562500
-0.24561,0.022000000000000002,0.058,456774636701154.562500
-0.24559999999999998,0.0244,0.056400000000000006,456774636701154.562500
-0.24558999999999997,0.018000000000000002,0.053200000000000004,456774636701154.562500
-0.24557999999999996,0.0244,0.0572,456774636701154.562500
-0.24556999999999995,0.0236,0.056400000000000006,456774636701154.562500
-0.24556,0.0212,0.056400000000000006,456774636701154.562500
-0.24555,0.0236,0.05,456774636701154.562500
-0.24553999999999998,0.0228,0.056400000000000006,456774636701154.562500
-0.24552999999999997,0.0244,0.0548,456774636701154.562500
-0.24551999999999996,0.0252,0.0572,456774636701154.562500
-0.24551,0.0244,0.058,456774636701154.562500
-0.2455,0.022000000000000002,0.056400000000000006,456774636701154.562500
-0.24548999999999999,0.0228,0.0572,456774636701154.562500
-0.24547999999999998,0.0228,0.056400000000000006,456774636701154.562500
-0.24546999999999997,0.022000000000000002,0.0548,456774636701154.562500
-0.24545999999999996,0.0212,0.058,456774636701154.562500
-0.24545,0.022000000000000002,0.055600000000000004,456774636701154.562500
-0.24544,0.0204,0.0572,456774636701154.562500
-0.24542999999999998,0.022000000000000002,0.056400000000000006,456774636701154.562500
-0.24541999999999997,0.0212,0.0572,456774636701154.562500
-0.24540999999999996,0.0204,0.053200000000000004,456774636701154.562500
-0.24539999999999995,0.0212,0.056400000000000006,456774636701154.562500
-0.24539,0.0204,0.056400000000000006,456774636701154.562500
-0.24538,0.0212,0.056400000000000006,456774636701154.562500
-0.24536999999999998,0.0236,0.0572,456774636701154.562500
-0.24535999999999997,0.0236,0.0476,456774636701154.562500
-0.24534999999999996,0.022000000000000002,0.054,456774636701154.562500
-0.24534,0.0228,0.0548,456774636701154.562500
-0.24533,0.0228,0.054,456774636701154.562500
-0.24531999999999998,0.0228,0.055600000000000004,456774636701154.562500
-0.24530999999999997,0.0236,0.0548,456774636701154.562500
-0.24529999999999996,0.0212,0.054,456774636701154.562500
-0.24528999999999995,0.0244,0.0572,456774636701154.562500
-0.24528,0.0236,0.055600000000000004,456774636701154.562500
-0.24527,0.0244,0.058,456774636701154.562500
-0.24525999999999998,0.0228,0.058,456774636701154.562500
-0.24524999999999997,0.0244,0.0572,456774636701154.562500
-0.24523999999999996,0.0228,0.0548,456774636701154.562500
-0.24523,0.0212,0.054,456774636701154.562500
-0.24522,0.022000000000000002,0.0516,456774636701154.562500
-0.24520999999999998,0.0228,0.058,456774636701154.562500
-0.24519999999999997,0.0228,0.054,456774636701154.562500
-0.24518999999999996,0.0236,0.058800000000000005,456774636701154.562500
-0.24517999999999995,0.022000000000000002,0.0572,456774636701154.562500
-0.24517,0.0228,0.0548,456774636701154.562500
-0.24516,0.0212,0.0572,456774636701154.562500
-0.24514999999999998,0.0196,0.0572,456774636701154.562500
-0.24513999999999997,0.022000000000000002,0.05,456774636701154.562500
-0.24512999999999996,0.022000000000000002,0.058800000000000005,456774636701154.562500
-0.24512,0.0228,0.0572,456774636701154.562500
-0.24511,0.0236,0.0548,456774636701154.562500
-0.24509999999999998,0.0204,0.050800000000000005,456774636701154.562500
-0.24508999999999997,0.0212,0.0468,456774636701154.562500
-0.24507999999999996,0.0196,0.0572,456774636701154.562500
-0.24506999999999995,0.0228,0.0548,456774636701154.562500
-0.24506,0.0228,0.0572,456774636701154.562500
-0.24505,0.0236,0.056400000000000006,456774636701154.562500
-0.24503999999999998,0.0228,0.0572,456774636701154.562500
-0.24502999999999997,0.022000000000000002,0.0548,456774636701154.562500
-0.24501999999999996,0.0236,0.058,456774636701154.562500
-0.24501,0.0244,0.0572,456774636701154.562500
-0.245,0.0252,0.0572,456774636701154.562500
-0.24498999999999999,0.0228,0.0572,456774636701154.562500
-0.24497999999999998,0.0252,0.0524,456774636701154.562500
-0.24496999999999997,0.0252,0.056400000000000006,456774636701154.562500
-0.24495999999999996,0.022000000000000002,0.056400000000000006,456774636701154.562500
-0.24495,0.0252,0.053200000000000004,456774636701154.562500
-0.24494,0.022000000000000002,0.0548,456774636701154.562500
-0.24492999999999998,0.0236,0.056400000000000006,456774636701154.562500
-0.24491999999999997,0.0236,0.056400000000000006,456774636701154.562500
-0.24490999999999996,0.0236,0.056400000000000006,456774636701154.562500
-0.2449,0.0212,0.0572,456774636701154.562500
-0.24489,0.022000000000000002,0.056400000000000006,456774636701154.562500
-0.24488,0.0228,0.0492,456774636701154.562500
-0.24486999999999998,0.0212,0.056400000000000006,456774636701154.562500
-0.24485999999999997,0.0172,0.056400000000000006,456774636701154.562500
-0.24484999999999996,0.0196,0.0572,456774636701154.562500
-0.24484,0.0188,0.056400000000000006,456774636701154.562500
-0.24483,0.018000000000000002,0.058,456774636701154.562500
-0.24481999999999998,0.0196,0.056400000000000006,456774636701154.562500
-0.24480999999999997,0.0212,0.0572,456774636701154.562500
-0.24479999999999996,0.0212,0.0572,456774636701154.562500
-0.24478999999999995,0.0228,0.058,456774636701154.562500
-0.24478,0.0228,0.056400000000000006,456774636701154.562500
-0.24477,0.022000000000000002,0.055600000000000004,456774636701154.562500
-0.24475999999999998,0.0212,0.058,456774636701154.562500
-0.24474999999999997,0.0228,0.050800000000000005,456774636701154.562500
-0.24473999999999996,0.0228,0.058,456774636701154.562500
-0.24473,0.0244,0.0548,456774636701154.562500
-0.24472,0.0212,0.0548,456774636701154.562500
-0.24470999999999998,0.0236,0.058,456774636701154.562500
-0.24469999999999997,0.0236,0.055600000000000004,456774636701154.562500
-0.24468999999999996,0.0244,0.058,456774636701154.562500
-0.24467999999999995,0.0228,0.0548,456774636701154.562500
-0.24467,0.026000000000000002,0.055600000000000004,456774636701154.562500
-0.24466,0.0244,0.056400000000000006,456774636701154.562500
-0.24464999999999998,0.0244,0.0524,456774636701154.562500
-0.24463999999999997,0.0244,0.053200000000000004,456774636701154.562500
-0.24462999999999996,0.0236,0.055600000000000004,456774636701154.562500
-0.24462,0.0236,0.050800000000000005,456774636701154.562500
-0.24461,0.0244,0.058800000000000005,456774636701154.562500
-0.24459999999999998,0.0236,0.0516,456774636701154.562500
-0.24458999999999997,0.0228,0.0572,456774636701154.562500
-0.24457999999999996,0.022000000000000002,0.056400000000000006,456774636701154.562500
-0.24456999999999995,0.022000000000000002,0.058800000000000005,456774636701154.562500
-0.24456,0.022000000000000002,0.0596,456774636701154.562500
-0.24455,0.022000000000000002,0.0572,456774636701154.562500
-0.24453999999999998,0.0196,0.058,456774636701154.562500
-0.24452999999999997,0.0228,0.058800000000000005,456774636701154.562500
-0.24451999999999996,0.0212,0.056400000000000006,456774636701154.562500
-0.24451,0.0228,0.058,456774636701154.562500
-0.2445,0.0204,0.0548,456774636701154.562500
-0.24448999999999999,0.0196,0.0548,456774636701154.562500
-0.24447999999999998,0.0236,0.0572,456774636701154.562500
-0.24446999999999997,0.0228,0.056400000000000006,456774636701154.562500
-0.24445999999999996,0.0236,0.056400000000000006,456774636701154.562500
-0.24445,0.022000000000000002,0.056400000000000006,456774636701154.562500
-0.24444,0.0212,0.0572,456774636701154.562500
-0.24442999999999998,0.0228,0.054,456774636701154.562500
-0.24441999999999997,0.0228,0.058,456774636701154.562500
-0.24440999999999996,0.0228,0.056400000000000006,456774636701154.562500
-0.2444,0.0236,0.0548,456774636701154.562500
-0.24439,0.0244,0.0516,456774636701154.562500
-0.24438,0.0244,0.054,456774636701154.562500
-0.24436999999999998,0.0228,0.055600000000000004,456774636701154.562500
-0.24435999999999997,0.0228,0.0572,456774636701154.562500
-0.24434999999999996,0.0244,0.0572,456774636701154.562500
-0.24434,0.0228,0.058,456774636701154.562500
-0.24433,0.0236,0.0548,456774636701154.562500
-0.24431999999999998,0.0252,0.058,456774636701154.562500
-0.24430999999999997,0.022000000000000002,0.058,456774636701154.562500
-0.24429999999999996,0.0236,0.056400000000000006,456774636701154.562500
-0.24428999999999995,0.022000000000000002,0.055600000000000004,456774636701154.562500
-0.24428,0.0236,0.058,456774636701154.562500
-0.24427,0.0236,0.055600000000000004,456774636701154.562500
-0.24425999999999998,0.0244,0.0572,456774636701154.562500
-0.24424999999999997,0.0236,0.053200000000000004,456774636701154.562500
-0.24423999999999996,0.0212,0.053200000000000004,456774636701154.562500
-0.24423,0.022000000000000002,0.055600000000000004,456774636701154.562500
-0.24422,0.0196,0.058,456774636701154.562500
-0.24420999999999998,0.022000000000000002,0.0572,456774636701154.562500
-0.24419999999999997,0.0212,0.058,456774636701154.562500
-0.24418999999999996,0.022000000000000002,0.056400000000000006,456774636701154.562500
-0.24417999999999995,0.022000000000000002,0.056400000000000006,456774636701154.562500
-0.24417,0.0212,0.058,456774636701154.562500
-0.24416,0.022000000000000002,0.0412,456774636701154.562500
-0.24414999999999998,0.022000000000000002,0.050800000000000005,456774636701154.562500
-0.24413999999999997,0.022000000000000002,0.056400000000000006,456774636701154.562500
-0.24412999999999996,0.0228,0.050800000000000005,456774636701154.562500
-0.24412,0.0228,0.045200000000000004,456774636701154.562500
-0.24411,0.0212,0.05,456774636701154.562500
-0.24409999999999998,0.0252,0.054,456774636701154.562500
-0.24408999999999997,0.0236,0.054,456774636701154.562500
-0.24407999999999996,0.022000000000000002,0.054,456774636701154.562500
-0.24406999999999995,0.0204,0.054,456774636701154.562500
-0.24406,0.022000000000000002,0.0572,456774636701154.562500
-0.24405,0.0236,0.056400000000000006,456774636701154.562500
-0.24403999999999998,0.0228,0.056400000000000006,456774636701154.562500
-0.24402999999999997,0.0204,0.058,456774636701154.562500
-0.24401999999999996,0.0204,0.0572,456774636701154.562500
-0.24401,0.0196,0.058,456774636701154.562500
-0.244,0.0236,0.055600000000000004,456774636701154.562500
-0.24398999999999998,0.022000000000000002,0.053200000000000004,456774636701154.562500
-0.24397999999999997,0.022000000000000002,0.058,456774636701154.562500
-0.24396999999999996,0.0236,0.058800000000000005,456774636701154.562500
-0.24395999999999995,0.022000000000000002,0.056400000000000006,456774636701154.562500
-0.24395,0.022000000000000002,0.056400000000000006,456774636701154.562500
-0.24394,0.0236,0.0572,456774636701154.562500
-0.24392999999999998,0.0212,0.054,456774636701154.562500
-0.24391999999999997,0.022000000000000002,0.0572,456774636701154.562500
-0.24390999999999996,0.022000000000000002,0.055600000000000004,456774636701154.562500
-0.2439,0.0212,0.054,456774636701154.562500
-0.24389,0.0228,0.058,456774636701154.562500
-0.24387999999999999,0.0204,0.055600000000000004,456774636701154.562500
-0.24386999999999998,0.022000000000000002,0.056400000000000006,456774636701154.562500
-0.24385999999999997,0.022000000000000002,0.058,456774636701154.562500
-0.24384999999999996,0.0228,0.053200000000000004,456774636701154.562500
-0.24384,0.022000000000000002,0.054,456774636701154.562500
-0.24383,0.0236,0.048400000000000006,456774636701154.562500
-0.24381999999999998,0.0228,0.055600000000000004,456774636701154.562500
-0.24380999999999997,0.0236,0.056400000000000006,456774636701154.562500
-0.24379999999999996,0.0228,0.055600000000000004,456774636701154.562500
-0.24379,0.0252,0.056400000000000006,456774636701154.562500
-0.24378,0.022000000000000002,0.0548,456774636701154.562500
-0.24377,0.0236,0.0572,456774636701154.562500
-0.24375999999999998,0.0244,0.055600000000000004,456774636701154.562500
-0.24374999999999997,0.0252,0.054,456774636701154.562500
-0.24373999999999996,0.022000000000000002,0.053200000000000004,456774636701154.562500
-0.24373,0.0244,0.053200000000000004,456774636701154.562500
-0.24372,0.0244,0.056400000000000006,456774636701154.562500
-0.24370999999999998,0.0252,0.058,456774636701154.562500
-0.24369999999999997,0.0212,0.0572,456774636701154.562500
-0.24368999999999996,0.0228,0.058,456774636701154.562500
-0.24367999999999995,0.0244,0.0548,456774636701154.562500
-0.24367,0.0244,0.0572,456774636701154.562500
-0.24366,0.0236,0.053200000000000004,456774636701154.562500
-0.24364999999999998,0.0212,0.0572,456774636701154.562500
-0.24363999999999997,0.0252,0.0492,456774636701154.562500
-0.24362999999999996,0.0228,0.056400000000000006,456774636701154.562500
-0.24362,0.0228,0.056400000000000006,456774636701154.562500
-0.24361,0.022000000000000002,0.056400000000000006,456774636701154.562500
-0.24359999999999998,0.0212,0.0516,456774636701154.562500
-0.24358999999999997,0.022000000000000002,0.055600000000000004,456774636701154.562500
-0.24357999999999996,0.0244,0.054,456774636701154.562500
-0.24356999999999995,0.022000000000000002,0.0572,456774636701154.562500
-0.24356,0.022000000000000002,0.0572,456774636701154.562500
-0.24355,0.0212,0.055600000000000004,456774636701154.562500
-0.24353999999999998,0.0188,0.058,456774636701154.562500
-0.24352999999999997,0.0172,0.050800000000000005,456774636701154.562500
-0.24351999999999996,0.0212,0.0572,456774636701154.562500
-0.24351,0.0236,0.055600000000000004,456774636701154.562500
-0.2435,0.0212,0.054,456774636701154.562500
-0.24348999999999998,0.022000000000000002,0.0548,456774636701154.562500
-0.24347999999999997,0.0236,0.054,456774636701154.562500
-0.24346999999999996,0.0212,0.0436,456774636701154.562500
-0.24345999999999995,0.0228,0.0548,456774636701154.562500
-0.24345,0.0188,0.053200000000000004,456774636701154.562500
-0.24344,0.0196,0.0572,456774636701154.562500
-0.24342999999999998,0.0204,0.058,456774636701154.562500
-0.24341999999999997,0.022000000000000002,0.0572,456774636701154.562500
-0.24340999999999996,0.022000000000000002,0.055600000000000004,456774636701154.562500
-0.2434,0.026000000000000002,0.056400000000000006,456774636701154.562500
-0.24339,0.0236,0.0548,456774636701154.562500
-0.24337999999999999,0.0204,0.058800000000000005,456774636701154.562500
-0.24336999999999998,0.0204,0.058,456774636701154.562500
-0.24335999999999997,0.0204,0.055600000000000004,456774636701154.562500
-0.24334999999999996,0.022000000000000002,0.0572,456774636701154.562500
-0.24334,0.0236,0.058,456774636701154.562500
-0.24333,0.0236,0.058800000000000005,456774636701154.562500
-0.24331999999999998,0.022000000000000002,0.056400000000000006,456774636701154.562500
-0.24330999999999997,0.022000000000000002,0.058,456774636701154.562500
-0.24329999999999996,0.0212,0.0572,456774636701154.562500
-0.24329,0.0228,0.056400000000000006,456774636701154.562500
-0.24328,0.0228,0.0596,456774636701154.562500
-0.24327,0.022000000000000002,0.058,456774636701154.562500
-0.24325999999999998,0.022000000000000002,0.054,456774636701154.562500
-0.24324999999999997,0.0228,0.0548,456774636701154.562500
-0.24323999999999996,0.0228,0.056400000000000006,456774636701154.562500
-0.24323,0.0228,0.054,456774636701154.562500
-0.24322,0.0212,0.056400000000000006,456774636701154.562500
-0.24320999999999998,0.0236,0.056400000000000006,456774636701154.562500
-0.24319999999999997,0.0236,0.054,456774636701154.562500
-0.24318999999999996,0.0236,0.055600000000000004,456774636701154.562500
-0.24317999999999995,0.0228,0.0548,456774636701154.562500
-0.24317,0.0244,0.056400000000000006,456774636701154.562500
-0.24316,0.022000000000000002,0.048400000000000006,456774636701154.562500
-0.24314999999999998,0.0236,0.056400000000000006,456774636701154.562500
-0.24313999999999997,0.0252,0.0572,456774636701154.562500
-0.24312999999999996,0.0236,0.050800000000000005,456774636701154.562500
-0.24312,0.0244,0.0524,456774636701154.562500
-0.24311,0.0252,0.0524,456774636701154.562500
-0.24309999999999998,0.0244,0.056400000000000006,456774636701154.562500
-0.24308999999999997,0.0244,0.056400000000000006,456774636701154.562500
-0.24307999999999996,0.0244,0.0572,456774636701154.562500
-0.24306999999999995,0.0244,0.056400000000000006,456774636701154.562500
-0.24306,0.0196,0.054,456774636701154.562500
-0.24305,0.0196,0.056400000000000006,456774636701154.562500
-0.24303999999999998,0.0188,0.055600000000000004,456774636701154.562500
-0.24302999999999997,0.0228,0.0572,456774636701154.562500
-0.24301999999999996,0.0196,0.0572,456774636701154.562500
-0.24301,0.018000000000000002,0.0572,456774636701154.562500
-0.243,0.0188,0.054,456774636701154.562500
-0.24298999999999998,0.0212,0.050800000000000005,456774636701154.562500
-0.24297999999999997,0.0228,0.054,456774636701154.562500
-0.24296999999999996,0.0204,0.056400000000000006,456774636701154.562500
-0.24295999999999995,0.0212,0.055600000000000004,456774636701154.562500
-0.24295,0.022000000000000002,0.0572,456774636701154.562500
-0.24294,0.022000000000000002,0.056400000000000006,456774636701154.562500
-0.24292999999999998,0.0204,0.056400000000000006,456774636701154.562500
-0.24291999999999997,0.0236,0.058,456774636701154.562500
-0.24290999999999996,0.0212,0.048400000000000006,456774636701154.562500
-0.2429,0.0228,0.058,456774636701154.562500
-0.24289,0.0244,0.054,456774636701154.562500
-0.24287999999999998,0.0236,0.056400000000000006,456774636701154.562500
-0.24286999999999997,0.0228,0.058,456774636701154.562500
-0.24285999999999996,0.0252,0.058,456774636701154.562500
-0.24284999999999995,0.0244,0.0572,456774636701154.562500
-0.24284,0.0236,0.055600000000000004,456774636701154.562500
-0.24283,0.0244,0.055600000000000004,456774636701154.562500
-0.24281999999999998,0.0244,0.0548,456774636701154.562500
-0.24280999999999997,0.0236,0.045200000000000004,456774636701154.562500
-0.24279999999999996,0.0228,0.0548,456774636701154.562500
-0.24279,0.0228,0.0476,456774636701154.562500
-0.24278,0.0228,0.058,456774636701154.562500
-0.24276999999999999,0.0244,0.054,456774636701154.562500
-0.24275999999999998,0.018000000000000002,0.055600000000000004,456774636701154.562500
-0.24274999999999997,0.0196,0.056400000000000006,456774636701154.562500
-0.24273999999999996,0.0148,0.05,456774636701154.562500
-0.24273,0.018000000000000002,0.0572,456774636701154.562500
-0.24272,0.015600000000000001,0.0572,456774636701154.562500
-0.24270999999999998,0.015600000000000001,0.056400000000000006,456774636701154.562500
-0.24269999999999997,0.018000000000000002,0.0572,456774636701154.562500
-0.24268999999999996,0.018000000000000002,0.0572,456774636701154.562500
-0.24267999999999995,0.015600000000000001,0.055600000000000004,456774636701154.562500
-0.24267,0.0188,0.055600000000000004,456774636701154.562500
-0.24266,0.018000000000000002,0.056400000000000006,456774636701154.562500
-0.24264999999999998,0.022000000000000002,0.0572,456774636701154.562500
-0.24263999999999997,0.018000000000000002,0.056400000000000006,456774636701154.562500
-0.24262999999999996,0.0212,0.0572,456774636701154.562500
-0.24262,0.018000000000000002,0.055600000000000004,456774636701154.562500
-0.24261,0.0196,0.056400000000000006,456774636701154.562500
-0.24259999999999998,0.0196,0.058,456774636701154.562500
-0.24258999999999997,0.022000000000000002,0.056400000000000006,456774636701154.562500
-0.24257999999999996,0.0236,0.0548,456774636701154.562500
-0.24256999999999995,0.0236,0.0548,456774636701154.562500
-0.24256,0.0204,0.056400000000000006,456774636701154.562500
-0.24255,0.0236,0.055600000000000004,456774636701154.562500
-0.24253999999999998,0.022000000000000002,0.056400000000000006,456774636701154.562500
-0.24252999999999997,0.0212,0.055600000000000004,456774636701154.562500
-0.24251999999999996,0.0188,0.055600000000000004,456774636701154.562500
-0.24251,0.022000000000000002,0.056400000000000006,456774636701154.562500
-0.2425,0.0196,0.0572,456774636701154.562500
-0.24248999999999998,0.018000000000000002,0.056400000000000006,456774636701154.562500
-0.24247999999999997,0.022000000000000002,0.056400000000000006,456774636701154.562500
-0.24246999999999996,0.0228,0.058,456774636701154.562500
-0.24245999999999995,0.0228,0.055600000000000004,456774636701154.562500
-0.24245,0.0228,0.058,456774636701154.562500
-0.24244,0.0236,0.058800000000000005,456774636701154.562500
-0.24242999999999998,0.0212,0.058,456774636701154.562500
-0.24241999999999997,0.0196,0.056400000000000006,456774636701154.562500
-0.24240999999999996,0.0164,0.058,456774636701154.562500
-0.2424,0.0204,0.058,456774636701154.562500
-0.24239,0.0188,0.0572,456774636701154.562500
-0.24237999999999998,0.022000000000000002,0.055600000000000004,456774636701154.562500
-0.24236999999999997,0.022000000000000002,0.054,456774636701154.562500
-0.24235999999999996,0.0212,0.058,456774636701154.562500
-0.24234999999999995,0.0204,0.056400000000000006,456774636701154.562500
-0.24234,0.0212,0.058,456774636701154.562500
-0.24233,0.0228,0.058,456774636701154.562500
-0.24231999999999998,0.0236,0.056400000000000006,456774636701154.562500
-0.24230999999999997,0.022000000000000002,0.0492,456774636701154.562500
-0.24229999999999996,0.0212,0.0572,456774636701154.562500
-0.24229,0.0212,0.056400000000000006,456774636701154.562500
-0.24228,0.0236,0.055600000000000004,456774636701154.562500
-0.24226999999999999,0.0228,0.0548,456774636701154.562500
-0.24225999999999998,0.0236,0.056400000000000006,456774636701154.562500
-0.24224999999999997,0.0244,0.0572,456774636701154.562500
-0.24223999999999996,0.0236,0.058,456774636701154.562500
-0.24223,0.026000000000000002,0.0572,456774636701154.562500
-0.24222,0.022000000000000002,0.058,456774636701154.562500
-0.24220999999999998,0.0252,0.058,456774636701154.562500
-0.24219999999999997,0.0228,0.058,456774636701154.562500
-0.24218999999999996,0.022000000000000002,0.0572,456774636701154.562500
-0.24218,0.0228,0.0572,456774636701154.562500
-0.24217,0.0228,0.056400000000000006,456774636701154.562500
-0.24216,0.0204,0.056400000000000006,456774636701154.562500
-0.24214999999999998,0.0228,0.055600000000000004,456774636701154.562500
-0.24213999999999997,0.0236,0.058,456774636701154.562500
-0.24212999999999996,0.0204,0.058,456774636701154.562500
-0.24212,0.0228,0.0572,456774636701154.562500
-0.24211,0.022000000000000002,0.055600000000000004,456774636701154.562500
-0.24209999999999998,0.022000000000000002,0.0596,456774636701154.562500
-0.24208999999999997,0.022000000000000002,0.0572,456774636701154.562500
-0.24207999999999996,0.0204,0.055600000000000004,456774636701154.562500
-0.24206999999999995,0.0212,0.054,456774636701154.562500
-0.24206,0.0188,0.0572,456774636701154.562500
-0.24205,0.022000000000000002,0.055600000000000004,456774636701154.562500
-0.24203999999999998,0.0228,0.056400000000000006,456774636701154.562500
-0.24202999999999997,0.0212,0.055600000000000004,456774636701154.562500
-0.24201999999999996,0.0204,0.0572,456774636701154.562500
-0.24201,0.0204,0.054,456774636701154.562500
-0.242,0.022000000000000002,0.055600000000000004,456774636701154.562500
-0.24198999999999998,0.0212,0.0524,456774636701154.562500
-0.24197999999999997,0.022000000000000002,0.0548,456774636701154.562500
-0.24196999999999996,0.022000000000000002,0.056400000000000006,456774636701154.562500
-0.24195999999999995,0.022000000000000002,0.058,456774636701154.562500
-0.24195,0.0252,0.0572,456774636701154.562500
-0.24194,0.0236,0.058,456774636701154.562500
-0.24192999999999998,0.0228,0.056400000000000006,456774636701154.562500
-0.24191999999999997,0.0228,0.0572,456774636701154.562500
-0.24190999999999996,0.0212,0.058,456774636701154.562500
-0.2419,0.0212,0.055600000000000004,456774636701154.562500
-0.24189,0.0244,0.056400000000000006,456774636701154.562500
-0.24187999999999998,0.0228,0.053200000000000004,456774636701154.562500
-0.24186999999999997,0.0212,0.0524,456774636701154.562500
-0.24185999999999996,0.0196,0.048400000000000006,456774636701154.562500
-0.24184999999999995,0.0212,0.054,456774636701154.562500
-0.24184,0.0172,0.05,456774636701154.562500
-0.24183,0.0212,0.0548,456774636701154.562500
-0.24181999999999998,0.015600000000000001,0.045200000000000004,456774636701154.562500
-0.24180999999999997,0.0196,0.0516,456774636701154.562500
-0.24179999999999996,0.0196,0.0572,456774636701154.562500
-0.24179,0.0228,0.058,456774636701154.562500
-0.24178,0.0188,0.056400000000000006,456774636701154.562500
-0.24176999999999998,0.0204,0.055600000000000004,456774636701154.562500
-0.24175999999999997,0.0164,0.056400000000000006,456774636701154.562500
-0.24174999999999996,0.0204,0.058,456774636701154.562500
-0.24173999999999995,0.0236,0.056400000000000006,456774636701154.562500
-0.24173,0.0212,0.058,456774636701154.562500
-0.24172,0.0212,0.055600000000000004,456774636701154.562500
-0.24170999999999998,0.0204,0.056400000000000006,456774636701154.562500
-0.24169999999999997,0.0188,0.058,456774636701154.562500
-0.24168999999999996,0.0188,0.0572,456774636701154.562500
-0.24168,0.0196,0.056400000000000006,456774636701154.562500
-0.24167,0.0212,0.056400000000000006,456774636701154.562500
-0.24165999999999999,0.018000000000000002,0.056400000000000006,456774636701154.562500
-0.24164999999999998,0.0204,0.055600000000000004,456774636701154.562500
-0.24163999999999997,0.0212,0.0572,456774636701154.562500
-0.24162999999999996,0.0204,0.0572,456774636701154.562500
-0.24162,0.0236,0.0572,456774636701154.562500
-0.24161,0.0244,0.056400000000000006,456774636701154.562500
-0.24159999999999998,0.0244,0.0548,456774636701154.562500
-0.24158999999999997,0.0228,0.058,456774636701154.562500
-0.24157999999999996,0.0236,0.055600000000000004,456774636701154.562500
-0.24156999999999995,0.0228,0.0572,456774636701154.562500
-0.24156,0.0236,0.055600000000000004,456774636701154.562500
-0.24155,0.0204,0.056400000000000006,456774636701154.562500
-0.24153999999999998,0.022000000000000002,0.0516,456774636701154.562500
-0.24152999999999997,0.022000000000000002,0.0524,456774636701154.562500
-0.24151999999999996,0.0228,0.0476,456774636701154.562500
-0.24151,0.022000000000000002,0.0492,456774636701154.562500
-0.2415,0.022000000000000002,0.0412,456774636701154.562500
-0.24148999999999998,0.022000000000000002,0.054,456774636701154.562500
-0.24147999999999997,0.0228,0.0476,456774636701154.562500
-0.24146999999999996,0.0196,0.056400000000000006,456774636701154.562500
-0.24145999999999995,0.0204,0.0548,456774636701154.562500
-0.24145,0.0212,0.055600000000000004,456774636701154.562500
-0.24144,0.0204,0.055600000000000004,456774636701154.562500
-0.24142999999999998,0.0236,0.053200000000000004,456774636701154.562500
-0.24141999999999997,0.022000000000000002,0.055600000000000004,456774636701154.562500
-0.24140999999999996,0.0204,0.054,456774636701154.562500
-0.2414,0.0196,0.055600000000000004,456774636701154.562500
-0.24139,0.022000000000000002,0.05,456774636701154.562500
-0.24137999999999998,0.0204,0.054,456774636701154.562500
-0.24136999999999997,0.0172,0.042800000000000005,456774636701154.562500
-0.24135999999999996,0.0196,0.0396,456774636701154.562500
-0.24134999999999995,0.0244,0.050800000000000005,456774636701154.562500
-0.24134,0.0244,0.056400000000000006,456774636701154.562500
-0.24133,0.0212,0.0548,456774636701154.562500
-0.24131999999999998,0.0244,0.0548,456774636701154.562500
-0.24130999999999997,0.0244,0.055600000000000004,456774636701154.562500
-0.24129999999999996,0.0252,0.055600000000000004,456774636701154.562500
-0.24129,0.0252,0.05,456774636701154.562500
-0.24128,0.0236,0.054,456774636701154.562500
-0.24126999999999998,0.0236,0.054,456774636701154.562500
-0.24125999999999997,0.0236,0.054,456774636701154.562500
-0.24124999999999996,0.0244,0.054,456774636701154.562500
-0.24123999999999995,0.0244,0.0572,456774636701154.562500
-0.24123,0.0228,0.056400000000000006,456774636701154.562500
-0.24122,0.0236,0.058,456774636701154.562500
-0.24120999999999998,0.022000000000000002,0.0548,456774636701154.562500
-0.24119999999999997,0.0236,0.055600000000000004,456774636701154.562500
-0.24118999999999996,0.0228,0.0572,456774636701154.562500
-0.24118,0.0228,0.0572,456774636701154.562500
-0.24117,0.022000000000000002,0.0572,456774636701154.562500
-0.24115999999999999,0.022000000000000002,0.056400000000000006,456774636701154.562500
-0.24114999999999998,0.022000000000000002,0.0572,456774636701154.562500
-0.24113999999999997,0.0212,0.056400000000000006,456774636701154.562500
-0.24112999999999996,0.0196,0.055600000000000004,456774636701154.562500
-0.24112,0.0236,0.0572,456774636701154.562500
-0.24111,0.0196,0.055600000000000004,456774636701154.562500
-0.24109999999999998,0.0236,0.056400000000000006,456774636701154.562500
-0.24108999999999997,0.022000000000000002,0.058,456774636701154.562500
-0.24107999999999996,0.0228,0.0572,456774636701154.562500
-0.24107,0.0236,0.055600000000000004,456774636701154.562500
-0.24106,0.0204,0.058,456774636701154.562500
-0.24105,0.022000000000000002,0.055600000000000004,456774636701154.562500
-0.24103999999999998,0.0236,0.054,456774636701154.562500
-0.24102999999999997,0.0244,0.056400000000000006,456774636701154.562500
-0.24101999999999996,0.0244,0.0572,456774636701154.562500
-0.24101,0.0244,0.056400000000000006,456774636701154.562500
-0.241,0.0244,0.0516,456774636701154.562500
-0.24098999999999998,0.0228,0.050800000000000005,456774636701154.562500
-0.24097999999999997,0.0252,0.0476,456774636701154.562500
-0.24096999999999996,0.0252,0.048400000000000006,456774636701154.562500
-0.24095999999999995,0.0236,0.0516,456774636701154.562500
-0.24095,0.0236,0.056400000000000006,456774636701154.562500
-0.24094,0.022000000000000002,0.0516,456774636701154.562500
-0.24092999999999998,0.0252,0.045200000000000004,456774636701154.562500
-0.24091999999999997,0.0204,0.0524,456774636701154.562500
-0.24090999999999996,0.0212,0.055600000000000004,456774636701154.562500
-0.2409,0.0228,0.054,456774636701154.562500
-0.24089,0.022000000000000002,0.058,456774636701154.562500
-0.24087999999999998,0.022000000000000002,0.0572,456774636701154.562500
-0.24086999999999997,0.022000000000000002,0.053200000000000004,456774636701154.562500
-0.24085999999999996,0.0212,0.058,456774636701154.562500
-0.24084999999999995,0.022000000000000002,0.0524,456774636701154.562500
-0.24084,0.0204,0.0524,456774636701154.562500
-0.24083,0.0204,0.050800000000000005,456774636701154.562500
-0.24081999999999998,0.0236,0.058,456774636701154.562500
-0.24080999999999997,0.0212,0.053200000000000004,456774636701154.562500
-0.24079999999999996,0.022000000000000002,0.0572,456774636701154.562500
-0.24079,0.0196,0.054,456774636701154.562500
-0.24078,0.0228,0.0572,456774636701154.562500
-0.24076999999999998,0.0228,0.054,456774636701154.562500
-0.24075999999999997,0.0228,0.055600000000000004,456774636701154.562500
-0.24074999999999996,0.0212,0.0572,456774636701154.562500
-0.24073999999999995,0.0236,0.050800000000000005,456774636701154.562500
-0.24073,0.0244,0.056400000000000006,456774636701154.562500
-0.24072,0.0212,0.055600000000000004,456774636701154.562500
-0.24070999999999998,0.0252,0.0572,456774636701154.562500
-0.24069999999999997,0.0236,0.053200000000000004,456774636701154.562500
-0.24068999999999996,0.0228,0.058,456774636701154.562500
-0.24068,0.0244,0.0524,456774636701154.562500
-0.24067,0.0236,0.056400000000000006,456774636701154.562500
-0.24065999999999999,0.0244,0.0572,456774636701154.562500
-0.24064999999999998,0.0236,0.055600000000000004,456774636701154.562500
-0.24063999999999997,0.0228,0.042,456774636701154.562500
-0.24062999999999996,0.022000000000000002,0.054,456774636701154.562500
-0.24062,0.0188,0.058,456774636701154.562500
-0.24061,0.0212,0.055600000000000004,456774636701154.562500
-0.24059999999999998,0.0212,0.055600000000000004,456774636701154.562500
-0.24058999999999997,0.0196,0.055600000000000004,456774636701154.562500
-0.24057999999999996,0.0196,0.05,456774636701154.562500
-0.24057,0.0212,0.0548,456774636701154.562500
-0.24056,0.0212,0.055600000000000004,456774636701154.562500
-0.24054999999999999,0.022000000000000002,0.055600000000000004,456774636701154.562500
-0.24053999999999998,0.0228,0.0572,456774636701154.562500
-0.24052999999999997,0.022000000000000002,0.0572,456774636701154.562500
-0.24051999999999996,0.022000000000000002,0.0548,456774636701154.562500
-0.24051,0.0212,0.058,456774636701154.562500
-0.2405,0.0228,0.058,456774636701154.562500
-0.24048999999999998,0.022000000000000002,0.056400000000000006,456774636701154.562500
-0.24047999999999997,0.0228,0.058,456774636701154.562500
-0.24046999999999996,0.0228,0.0548,456774636701154.562500
-0.24045999999999995,0.0228,0.058,456774636701154.562500
-0.24045,0.018000000000000002,0.055600000000000004,456774636701154.562500
-0.24044,0.0244,0.0572,456774636701154.562500
-0.24042999999999998,0.0212,0.055600000000000004,456774636701154.562500
-0.24041999999999997,0.0252,0.054,456774636701154.562500
-0.24040999999999996,0.0244,0.058,456774636701154.562500
-0.2404,0.0212,0.056400000000000006,456774636701154.562500
-0.24039,0.0244,0.055600000000000004,456774636701154.562500
-0.24037999999999998,0.0244,0.055600000000000004,456774636701154.562500
-0.24036999999999997,0.0228,0.058,456774636701154.562500
-0.24035999999999996,0.0236,0.056400000000000006,456774636701154.562500
-0.24034999999999995,0.0236,0.0548,456774636701154.562500
-0.24034,0.0188,0.058,456774636701154.562500
-0.24033,0.0228,0.056400000000000006,456774636701154.562500
-0.24031999999999998,0.0204,0.058,456774636701154.562500
-0.24030999999999997,0.0188,0.058,456774636701154.562500
-0.24029999999999996,0.015600000000000001,0.058,456774636701154.562500
-0.24029,0.0228,0.058,456774636701154.562500
-0.24028,0.0212,0.056400000000000006,456774636701154.562500
-0.24026999999999998,0.0228,0.0548,456774636701154.562500
-0.24025999999999997,0.0244,0.058,456774636701154.562500
-0.24024999999999996,0.0228,0.054,456774636701154.562500
-0.24023999999999995,0.0212,0.0548,456774636701154.562500
-0.24023,0.0228,0.050800000000000005,456774636701154.562500
-0.24022,0.0188,0.0476,456774636701154.562500
-0.24020999999999998,0.0212,0.0524,456774636701154.562500
-0.24019999999999997,0.0244,0.055600000000000004,456774636701154.562500
-0.24018999999999996,0.0212,0.0516,456774636701154.562500
-0.24018,0.015600000000000001,0.054,456774636701154.562500
-0.24017,0.0204,0.055600000000000004,456774636701154.562500
-0.24015999999999998,0.014,0.056400000000000006,456774636701154.562500
-0.24014999999999997,0.018000000000000002,0.054,456774636701154.562500
-0.24013999999999996,0.0188,0.0524,456774636701154.562500
-0.24012999999999995,0.0228,0.0572,456774636701154.562500
-0.24012,0.0228,0.056400000000000006,456774636701154.562500
-0.24011,0.0212,0.0524,456774636701154.562500
-0.24009999999999998,0.0228,0.055600000000000004,456774636701154.562500
-0.24008999999999997,0.0244,0.0516,456774636701154.562500
-0.24007999999999996,0.0236,0.0476,456774636701154.562500
-0.24007,0.0228,0.0516,456774636701154.562500
-0.24006,0.0252,0.0516,456774636701154.562500
-0.24004999999999999,0.0244,0.0436,456774636701154.562500
-0.24003999999999998,0.0228,0.055600000000000004,456774636701154.562500
-0.24002999999999997,0.022000000000000002,0.056400000000000006,456774636701154.562500
-0.24001999999999996,0.0228,0.056400000000000006,456774636701154.562500
-0.24001,0.0228,0.058,456774636701154.562500
-0.24,0.0236,0.0548,456774636701154.562500
-0.23998999999999998,0.0196,0.058,456774636701154.562500
-0.23997999999999997,0.022000000000000002,0.054,456774636701154.562500
-0.23996999999999996,0.022000000000000002,0.0524,456774636701154.562500
-0.23995999999999995,0.0228,0.055600000000000004,456774636701154.562500
-0.23995,0.0236,0.0516,456774636701154.562500
-0.23994,0.022000000000000002,0.0516,456774636701154.562500
-0.23992999999999998,0.022000000000000002,0.048400000000000006,456774636701154.562500
-0.23991999999999997,0.0228,0.0516,456774636701154.562500
-0.23990999999999996,0.0204,0.0492,456774636701154.562500
-0.2399,0.022000000000000002,0.050800000000000005,456774636701154.562500
-0.23989,0.0228,0.0572,456774636701154.562500
-0.23987999999999998,0.0196,0.0572,456774636701154.562500
-0.23986999999999997,0.0228,0.055600000000000004,456774636701154.562500
-0.23985999999999996,0.0212,0.0516,456774636701154.562500
-0.23984999999999995,0.0236,0.0468,456774636701154.562500
-0.23984,0.0236,0.058,456774636701154.562500
-0.23983,0.0228,0.058,456774636701154.562500
-0.23981999999999998,0.022000000000000002,0.0548,456774636701154.562500
-0.23980999999999997,0.0236,0.058,456774636701154.562500
-0.23979999999999996,0.0228,0.0572,456774636701154.562500
-0.23979,0.0252,0.056400000000000006,456774636701154.562500
-0.23978,0.0236,0.0436,456774636701154.562500
-0.23976999999999998,0.0204,0.055600000000000004,456774636701154.562500
-0.23975999999999997,0.0236,0.053200000000000004,456774636701154.562500
-0.23974999999999996,0.0236,0.053200000000000004,456774636701154.562500
-0.23973999999999995,0.0244,0.056400000000000006,456774636701154.562500
-0.23973,0.0252,0.056400000000000006,456774636701154.562500
-0.23972,0.0236,0.0516,456774636701154.562500
-0.23970999999999998,0.0236,0.0572,456774636701154.562500
-0.23969999999999997,0.022000000000000002,0.055600000000000004,456774636701154.562500
-0.23968999999999996,0.0204,0.056400000000000006,456774636701154.562500
-0.23968,0.0228,0.058,456774636701154.562500
-0.23967,0.018000000000000002,0.058,456774636701154.562500
-0.23965999999999998,0.0212,0.058,456774636701154.562500
-0.23964999999999997,0.0164,0.058,456774636701154.562500
-0.23963999999999996,0.0188,0.058,456774636701154.562500
-0.23962999999999995,0.0204,0.058800000000000005,456774636701154.562500
-0.23962,0.022000000000000002,0.056400000000000006,456774636701154.562500
-0.23961,0.0212,0.0572,456774636701154.562500
-0.23959999999999998,0.0204,0.058,456774636701154.562500
-0.23958999999999997,0.0212,0.0548,456774636701154.562500
-0.23957999999999996,0.022000000000000002,0.056400000000000006,456774636701154.562500
-0.23957,0.0204,0.0548,456774636701154.562500
-0.23956,0.022000000000000002,0.058,456774636701154.562500
-0.23954999999999999,0.0212,0.055600000000000004,456774636701154.562500
-0.23953999999999998,0.0236,0.058,456774636701154.562500
-0.23952999999999997,0.0228,0.058,456774636701154.562500
-0.23951999999999996,0.0236,0.056400000000000006,456774636701154.562500
-0.23951,0.0244,0.0548,456774636701154.562500
-0.2395,0.0228,0.042,456774636701154.562500
-0.23948999999999998,0.0228,0.0516,456774636701154.562500
-0.23947999999999997,0.0228,0.053200000000000004,456774636701154.562500
-0.23946999999999996,0.0244,0.058,456774636701154.562500
-0.23946,0.0204,0.0572,456774636701154.562500
-0.23945,0.0236,0.0572,456774636701154.562500
-0.23944,0.0196,0.0548,456774636701154.562500
-0.23942999999999998,0.022000000000000002,0.055600000000000004,456774636701154.562500
-0.23941999999999997,0.0228,0.058,456774636701154.562500
-0.23940999999999996,0.022000000000000002,0.054,456774636701154.562500
-0.2394,0.0228,0.056400000000000006,456774636701154.562500
-0.23939,0.022000000000000002,0.056400000000000006,456774636701154.562500
-0.23937999999999998,0.0228,0.0548,456774636701154.562500
-0.23936999999999997,0.0244,0.058800000000000005,456774636701154.562500
-0.23935999999999996,0.0228,0.058800000000000005,456774636701154.562500
-0.23934999999999995,0.022000000000000002,0.055600000000000004,456774636701154.562500
-0.23934,0.0228,0.0548,456774636701154.562500
-0.23933,0.0204,0.0516,456774636701154.562500
-0.23931999999999998,0.022000000000000002,0.0572,456774636701154.562500
-0.23930999999999997,0.0212,0.055600000000000004,456774636701154.562500
-0.23929999999999996,0.0228,0.0572,456774636701154.562500
-0.23929,0.022000000000000002,0.056400000000000006,456774636701154.562500
-0.23928,0.0244,0.0548,456774636701154.562500
-0.23926999999999998,0.022000000000000002,0.0548,456774636701154.562500
-0.23925999999999997,0.022000000000000002,0.0548,456774636701154.562500
-0.23924999999999996,0.0236,0.0572,456774636701154.562500
-0.23923999999999995,0.022000000000000002,0.053200000000000004,456774636701154.562500
-0.23923,0.0244,0.055600000000000004,456774636701154.562500
-0.23922,0.0228,0.055600000000000004,456774636701154.562500
-0.23920999999999998,0.0236,0.054,456774636701154.562500
-0.23919999999999997,0.0236,0.0572,456774636701154.562500
-0.23918999999999996,0.0244,0.056400000000000006,456774636701154.562500
-0.23918,0.0244,0.0548,456774636701154.562500
-0.23917,0.0244,0.0548,456774636701154.562500
-0.23915999999999998,0.0244,0.0572,456774636701154.562500
-0.23914999999999997,0.0244,0.058800000000000005,456774636701154.562500
-0.23913999999999996,0.0236,0.058800000000000005,456774636701154.562500
-0.23912999999999995,0.0228,0.0572,456774636701154.562500
-0.23912,0.0212,0.0572,456774636701154.562500
-0.23911,0.022000000000000002,0.056400000000000006,456774636701154.562500
-0.23909999999999998,0.0196,0.050800000000000005,456774636701154.562500
-0.23908999999999997,0.0236,0.0548,456774636701154.562500
-0.23907999999999996,0.0212,0.056400000000000006,456774636701154.562500
-0.23907,0.022000000000000002,0.058,456774636701154.562500
-0.23906,0.0188,0.056400000000000006,456774636701154.562500
-0.23904999999999998,0.0212,0.0572,456774636701154.562500
-0.23903999999999997,0.0164,0.054,456774636701154.562500
-0.23902999999999996,0.0164,0.055600000000000004,456774636701154.562500
-0.23901999999999995,0.0164,0.058,456774636701154.562500
-0.23901,0.022000000000000002,0.058,456774636701154.562500
-0.239,0.0236,0.0572,456774636701154.562500
-0.23898999999999998,0.022000000000000002,0.0572,456774636701154.562500
-0.23897999999999997,0.0228,0.055600000000000004,456774636701154.562500
-0.23896999999999996,0.0244,0.053200000000000004,456774636701154.562500
-0.23896,0.0228,0.0572,456774636701154.562500
-0.23895,0.0228,0.056400000000000006,456774636701154.562500
-0.23893999999999999,0.0212,0.054,456774636701154.562500
-0.23892999999999998,0.022000000000000002,0.055600000000000004,456774636701154.562500
-0.23891999999999997,0.022000000000000002,0.0572,456774636701154.562500
-0.23890999999999996,0.0228,0.058800000000000005,456774636701154.562500
-0.2389,0.0236,0.054,456774636701154.562500
-0.23889,0.0244,0.054,456774636701154.562500
-0.23887999999999998,0.0236,0.058,456774636701154.562500
-0.23886999999999997,0.0244,0.048400000000000006,456774636701154.562500
-0.23885999999999996,0.0252,0.0572,456774636701154.562500
-0.23884999999999995,0.0228,0.0524,456774636701154.562500
-0.23884,0.022000000000000002,0.0572,456774636701154.562500
-0.23883,0.0212,0.054,456774636701154.562500
-0.23881999999999998,0.0188,0.050800000000000005,456774636701154.562500
-0.23880999999999997,0.018000000000000002,0.0548,456774636701154.562500
-0.23879999999999996,0.0172,0.050800000000000005,456774636701154.562500
-0.23879,0.0188,0.058,456774636701154.562500
-0.23878,0.0148,0.0548,456774636701154.562500
-0.23876999999999998,0.022000000000000002,0.058,456774636701154.562500
-0.23875999999999997,0.0188,0.055600000000000004,456774636701154.562500
-0.23874999999999996,0.0196,0.056400000000000006,456774636701154.562500
-0.23873999999999995,0.022000000000000002,0.058,456774636701154.562500
-0.23873,0.022000000000000002,0.058800000000000005,456774636701154.562500
-0.23872,0.022000000000000002,0.0516,456774636701154.562500
-0.23870999999999998,0.022000000000000002,0.055600000000000004,456774636701154.562500
-0.23869999999999997,0.0196,0.0476,456774636701154.562500
-0.23868999999999996,0.022000000000000002,0.056400000000000006,456774636701154.562500
-0.23868,0.022000000000000002,0.050800000000000005,456774636701154.562500
-0.23867,0.022000000000000002,0.0572,456774636701154.562500
-0.23865999999999998,0.022000000000000002,0.053200000000000004,456774636701154.562500
-0.23864999999999997,0.022000000000000002,0.058,456774636701154.562500
-0.23863999999999996,0.0244,0.055600000000000004,456774636701154.562500
-0.23862999999999995,0.0244,0.058800000000000005,456774636701154.562500
-0.23862,0.022000000000000002,0.0572,456774636701154.562500
-0.23861,0.0236,0.0572,456774636701154.562500
-0.23859999999999998,0.0236,0.054,456774636701154.562500
-0.23858999999999997,0.0244,0.055600000000000004,456774636701154.562500
-0.23857999999999996,0.0228,0.056400000000000006,456774636701154.562500
-0.23857,0.0236,0.056400000000000006,456774636701154.562500
-0.23856,0.0236,0.0572,456774636701154.562500
-0.23854999999999998,0.0252,0.0516,456774636701154.562500
-0.23853999999999997,0.0228,0.0572,456774636701154.562500
-0.23852999999999996,0.0244,0.0572,456774636701154.562500
-0.23851999999999995,0.0244,0.058800000000000005,456774636701154.562500
-0.23851,0.022000000000000002,0.0572,456774636701154.562500
-0.2385,0.0244,0.0572,456774636701154.562500
-0.23848999999999998,0.0228,0.0548,456774636701154.562500
-0.23847999999999997,0.0228,0.0572,456774636701154.562500
-0.23846999999999996,0.0228,0.058,456774636701154.562500
-0.23846,0.0212,0.0572,456774636701154.562500
-0.23845,0.022000000000000002,0.0516,456774636701154.562500
-0.23843999999999999,0.0212,0.058,456774636701154.562500
-0.23842999999999998,0.0188,0.058,456774636701154.562500
-0.23841999999999997,0.0164,0.056400000000000006,456774636701154.562500
-0.23840999999999996,0.0164,0.056400000000000006,456774636701154.562500
-0.2384,0.0172,0.054,456774636701154.562500
-0.23839,0.015600000000000001,0.0572,456774636701154.562500
-0.23837999999999998,0.0188,0.0524,456774636701154.562500
-0.23836999999999997,0.0204,0.056400000000000006,456774636701154.562500
-0.23835999999999996,0.0196,0.0548,456774636701154.562500
-0.23835,0.0196,0.0548,456774636701154.562500
-0.23834,0.0236,0.054,456774636701154.562500
-0.23833,0.0228,0.0548,456774636701154.562500
-0.23831999999999998,0.0236,0.053200000000000004,456774636701154.562500
-0.23830999999999997,0.0244,0.055600000000000004,456774636701154.562500
-0.23829999999999996,0.0236,0.058,456774636701154.562500
-0.23829,0.0236,0.055600000000000004,456774636701154.562500
-0.23828,0.0244,0.056400000000000006,456774636701154.562500
-0.23826999999999998,0.0236,0.056400000000000006,456774636701154.562500
-0.23825999999999997,0.0244,0.055600000000000004,456774636701154.562500
-0.23824999999999996,0.0236,0.054,456774636701154.562500
-0.23823999999999995,0.0204,0.046,456774636701154.562500
-0.23823,0.0252,0.054,456774636701154.562500
-0.23822,0.0244,0.0468,456774636701154.562500
-0.23820999999999998,0.0244,0.056400000000000006,456774636701154.562500
-0.23819999999999997,0.0228,0.058,456774636701154.562500
-0.23818999999999996,0.0236,0.0548,456774636701154.562500
-0.23818,0.0236,0.0572,456774636701154.562500
-0.23817,0.022000000000000002,0.056400000000000006,456774636701154.562500
-0.23815999999999998,0.0236,0.0572,456774636701154.562500
-0.23814999999999997,0.0228,0.054,456774636701154.562500
-0.23813999999999996,0.0228,0.0572,456774636701154.562500
-0.23812999999999995,0.0212,0.056400000000000006,456774636701154.562500
-0.23812,0.022000000000000002,0.050800000000000005,456774636701154.562500
-0.23811,0.022000000000000002,0.055600000000000004,456774636701154.562500
-0.23809999999999998,0.0212,0.0548,456774636701154.562500
-0.23808999999999997,0.0196,0.055600000000000004,456774636701154.562500
-0.23807999999999996,0.022000000000000002,0.0572,456774636701154.562500
-0.23807,0.0188,0.055600000000000004,456774636701154.562500
-0.23806,0.0228,0.053200000000000004,456774636701154.562500
-0.23804999999999998,0.0196,0.056400000000000006,456774636701154.562500
-0.23803999999999997,0.0236,0.0516,456774636701154.562500
-0.23802999999999996,0.0212,0.0572,456774636701154.562500
-0.23801999999999995,0.0228,0.0572,456774636701154.562500
-0.23801,0.0244,0.055600000000000004,456774636701154.562500
-0.238,0.0228,0.0572,456774636701154.562500
-0.23798999999999998,0.0244,0.0516,456774636701154.562500
-0.23797999999999997,0.0228,0.056400000000000006,456774636701154.562500
-0.23796999999999996,0.0236,0.058,456774636701154.562500
-0.23796,0.0212,0.056400000000000006,456774636701154.562500
-0.23795,0.0244,0.054,456774636701154.562500
-0.23793999999999998,0.0228,0.056400000000000006,456774636701154.562500
-0.23792999999999997,0.0236,0.053200000000000004,456774636701154.562500
-0.23791999999999996,0.0228,0.056400000000000006,456774636701154.562500
-0.23790999999999995,0.022000000000000002,0.054,456774636701154.562500
-0.2379,0.022000000000000002,0.055600000000000004,456774636701154.562500
-0.23789,0.0236,0.055600000000000004,456774636701154.562500
-0.23787999999999998,0.0236,0.058,456774636701154.562500
-0.23786999999999997,0.022000000000000002,0.050800000000000005,456774636701154.562500
-0.23785999999999996,0.0212,0.0516,456774636701154.562500
-0.23785,0.022000000000000002,0.0516,456774636701154.562500
-0.23784,0.0212,0.0572,456774636701154.562500
-0.23782999999999999,0.0188,0.056400000000000006,456774636701154.562500
-0.23781999999999998,0.022000000000000002,0.058,456774636701154.562500
-0.23780999999999997,0.0212,0.058,456774636701154.562500
-0.23779999999999996,0.022000000000000002,0.053200000000000004,456774636701154.562500
-0.23779,0.0172,0.056400000000000006,456774636701154.562500
-0.23778,0.0228,0.0572,456774636701154.562500
-0.23776999999999998,0.0204,0.0572,456774636701154.562500
-0.23775999999999997,0.0212,0.056400000000000006,456774636701154.562500
-0.23774999999999996,0.0228,0.0572,456774636701154.562500
-0.23773999999999995,0.022000000000000002,0.055600000000000004,456774636701154.562500
-0.23773,0.0228,0.050800000000000005,456774636701154.562500
-0.23772,0.0228,0.056400000000000006,456774636701154.562500
-0.23770999999999998,0.0236,0.055600000000000004,456774636701154.562500
-0.23769999999999997,0.0212,0.056400000000000006,456774636701154.562500
-0.23768999999999996,0.0244,0.056400000000000006,456774636701154.562500
-0.23768,0.0244,0.05,456774636701154.562500
-0.23767,0.0244,0.0524,456774636701154.562500
-0.23765999999999998,0.0244,0.0436,456774636701154.562500
-0.23764999999999997,0.0236,0.0572,456774636701154.562500
-0.23763999999999996,0.0244,0.056400000000000006,456774636701154.562500
-0.23762999999999995,0.0236,0.055600000000000004,456774636701154.562500
-0.23762,0.0244,0.056400000000000006,456774636701154.562500
-0.23761,0.0236,0.0572,456774636701154.562500
-0.23759999999999998,0.0244,0.056400000000000006,456774636701154.562500
-0.23758999999999997,0.0228,0.055600000000000004,456774636701154.562500
-0.23757999999999996,0.022000000000000002,0.058,456774636701154.562500
-0.23757,0.0228,0.0516,456774636701154.562500
-0.23756,0.0252,0.0572,456774636701154.562500
-0.23754999999999998,0.0228,0.058,456774636701154.562500
-0.23753999999999997,0.0228,0.048400000000000006,456774636701154.562500
-0.23752999999999996,0.0212,0.058,456774636701154.562500
-0.23751999999999995,0.022000000000000002,0.0516,456774636701154.562500
-0.23751,0.0212,0.0572,456774636701154.562500
-0.2375,0.022000000000000002,0.053200000000000004,456774636701154.562500
-0.23748999999999998,0.0204,0.0572,456774636701154.562500
-0.23747999999999997,0.022000000000000002,0.0548,456774636701154.562500
-0.23746999999999996,0.022000000000000002,0.0572,456774636701154.562500
-0.23746,0.0164,0.056400000000000006,456774636701154.562500
-0.23745,0.022000000000000002,0.058,456774636701154.562500
-0.23743999999999998,0.018000000000000002,0.058,456774636701154.562500
-0.23742999999999997,0.0236,0.0572,456774636701154.562500
-0.23741999999999996,0.0164,0.058,456774636701154.562500
-0.23740999999999995,0.0228,0.055600000000000004,456774636701154.562500
-0.2374,0.0212,0.0572,456774636701154.562500
-0.23739,0.0236,0.056400000000000006,456774636701154.562500
-0.23737999999999998,0.0236,0.058,456774636701154.562500
-0.23736999999999997,0.026000000000000002,0.0548,456774636701154.562500
-0.23735999999999996,0.026000000000000002,0.0572,456774636701154.562500
-0.23735,0.0252,0.0572,456774636701154.562500
-0.23734,0.0228,0.050800000000000005,456774636701154.562500
-0.23732999999999999,0.0236,0.058,456774636701154.562500
-0.23731999999999998,0.0228,0.056400000000000006,456774636701154.562500
-0.23730999999999997,0.0236,0.058,456774636701154.562500
-0.23729999999999996,0.0236,0.050800000000000005,456774636701154.562500
-0.23729,0.0236,0.058,456774636701154.562500
-0.23728,0.0236,0.0548,456774636701154.562500
-0.23726999999999998,0.022000000000000002,0.0572,456774636701154.562500
-0.23725999999999997,0.0228,0.055600000000000004,456774636701154.562500
-0.23724999999999996,0.022000000000000002,0.056400000000000006,456774636701154.562500
-0.23723999999999995,0.0212,0.0548,456774636701154.562500
-0.23723,0.0236,0.055600000000000004,456774636701154.562500
-0.23722,0.022000000000000002,0.0524,456774636701154.562500
-0.23720999999999998,0.022000000000000002,0.0572,456774636701154.562500
-0.23719999999999997,0.0204,0.056400000000000006,456774636701154.562500
-0.23718999999999996,0.0212,0.058,456774636701154.562500
-0.23718,0.0212,0.0572,456774636701154.562500
-0.23717,0.0204,0.053200000000000004,456774636701154.562500
-0.23715999999999998,0.022000000000000002,0.058,456774636701154.562500
-0.23714999999999997,0.0188,0.056400000000000006,456774636701154.562500
-0.23713999999999996,0.0172,0.0572,456774636701154.562500
-0.23712999999999995,0.018000000000000002,0.0572,456774636701154.562500
-0.23712,0.0164,0.0516,456774636701154.562500
-0.23711,0.0204,0.056400000000000006,456774636701154.562500
-0.23709999999999998,0.0228,0.05,456774636701154.562500
-0.23708999999999997,0.022000000000000002,0.0572,456774636701154.562500
-0.23707999999999996,0.0204,0.053200000000000004,456774636701154.562500
-0.23707,0.0188,0.0572,456774636701154.562500
-0.23706,0.0188,0.0572,456774636701154.562500
-0.23704999999999998,0.0196,0.056400000000000006,456774636701154.562500
-0.23703999999999997,0.0228,0.0572,456774636701154.562500
-0.23702999999999996,0.0204,0.0572,456774636701154.562500
-0.23701999999999995,0.0244,0.0572,456774636701154.562500
-0.23701,0.0252,0.0444,456774636701154.562500
-0.237,0.0236,0.0572,456774636701154.562500
-0.23698999999999998,0.0236,0.0572,456774636701154.562500
-0.23697999999999997,0.0244,0.056400000000000006,456774636701154.562500
-0.23696999999999996,0.0228,0.058,456774636701154.562500
-0.23696,0.0236,0.058,456774636701154.562500
-0.23695,0.022000000000000002,0.056400000000000006,456774636701154.562500
-0.23693999999999998,0.0236,0.054,456774636701154.562500
-0.23692999999999997,0.022000000000000002,0.0548,456774636701154.562500
-0.23691999999999996,0.0228,0.056400000000000006,456774636701154.562500
-0.23690999999999995,0.022000000000000002,0.0572,456774636701154.562500
-0.2369,0.022000000000000002,0.0548,456774636701154.562500
-0.23689,0.0196,0.0548,456774636701154.562500
-0.23687999999999998,0.022000000000000002,0.058,456774636701154.562500
-0.23686999999999997,0.0212,0.056400000000000006,456774636701154.562500
-0.23685999999999996,0.0212,0.055600000000000004,456774636701154.562500
-0.23685,0.022000000000000002,0.0572,456774636701154.562500
-0.23684,0.0204,0.0572,456774636701154.562500
-0.23682999999999998,0.0228,0.0572,456774636701154.562500
-0.23681999999999997,0.022000000000000002,0.054,456774636701154.562500
-0.23680999999999996,0.0212,0.0572,456774636701154.562500
-0.23679999999999995,0.0212,0.055600000000000004,456774636701154.562500
-0.23679,0.0228,0.058,456774636701154.562500
-0.23678,0.0228,0.054,456774636701154.562500
-0.23676999999999998,0.0236,0.0572,456774636701154.562500
-0.23675999999999997,0.0228,0.058,456774636701154.562500
-0.23674999999999996,0.022000000000000002,0.055600000000000004,456774636701154.562500
-0.23674,0.0228,0.053200000000000004,456774636701154.562500
-0.23673,0.0244,0.0572,456774636701154.562500
-0.23671999999999999,0.022000000000000002,0.0572,456774636701154.562500
-0.23670999999999998,0.0236,0.0548,456774636701154.562500
-0.23669999999999997,0.022000000000000002,0.056400000000000006,456774636701154.562500
-0.23668999999999996,0.0244,0.0548,456774636701154.562500
-0.23668,0.0228,0.056400000000000006,456774636701154.562500
-0.23667,0.0212,0.054,456774636701154.562500
-0.23665999999999998,0.018000000000000002,0.054,456774636701154.562500
-0.23664999999999997,0.022000000000000002,0.0436,456774636701154.562500
-0.23663999999999996,0.0172,0.0524,456774636701154.562500
-0.23662999999999995,0.018000000000000002,0.045200000000000004,456774636701154.562500
-0.23662,0.0188,0.0516,456774636701154.562500
-0.23661,0.0212,0.0476,456774636701154.562500
-0.23659999999999998,0.0228,0.0524,456774636701154.562500
-0.23658999999999997,0.0212,0.054,456774636701154.562500
-0.23657999999999996,0.0204,0.058,456774636701154.562500
-0.23657,0.0204,0.056400000000000006,456774636701154.562500
-0.23656,0.0204,0.056400000000000006,456774636701154.562500
-0.23654999999999998,0.022000000000000002,0.0572,456774636701154.562500
-0.23653999999999997,0.0228,0.056400000000000006,456774636701154.562500
-0.23652999999999996,0.0188,0.055600000000000004,456774636701154.562500
-0.23651999999999995,0.022000000000000002,0.058,456774636701154.562500
-0.23651,0.0212,0.058,456774636701154.562500
-0.2365,0.0212,0.056400000000000006,456774636701154.562500
-0.23648999999999998,0.0212,0.0572,456774636701154.562500
-0.23647999999999997,0.0236,0.0548,456774636701154.562500
-0.23646999999999996,0.0204,0.0572,456774636701154.562500
-0.23646,0.0244,0.0524,456774636701154.562500
-0.23645,0.0228,0.058,456774636701154.562500
-0.23643999999999998,0.0252,0.058,456774636701154.562500
-0.23642999999999997,0.0252,0.056400000000000006,456774636701154.562500
-0.23641999999999996,0.0204,0.058,456774636701154.562500
-0.23640999999999995,0.0236,0.055600000000000004,456774636701154.562500
-0.2364,0.0236,0.0572,456774636701154.562500
-0.23639,0.0236,0.053200000000000004,456774636701154.562500
-0.23637999999999998,0.0228,0.0572,456774636701154.562500
-0.23636999999999997,0.0244,0.0524,456774636701154.562500
-0.23635999999999996,0.0244,0.054,456774636701154.562500
-0.23635,0.0204,0.0476,456774636701154.562500
-0.23634,0.0228,0.0548,456774636701154.562500
-0.23632999999999998,0.022000000000000002,0.053200000000000004,456774636701154.562500
-0.23631999999999997,0.0228,0.058800000000000005,456774636701154.562500
-0.23630999999999996,0.0244,0.0548,456774636701154.562500
-0.23629999999999995,0.0228,0.056400000000000006,456774636701154.562500
-0.23629,0.022000000000000002,0.0476,456774636701154.562500
-0.23628,0.0236,0.058,456774636701154.562500
-0.23626999999999998,0.0228,0.0524,456774636701154.562500
-0.23625999999999997,0.0244,0.0572,456774636701154.562500
-0.23624999999999996,0.0228,0.0492,456774636701154.562500
-0.23624,0.0212,0.0548,456774636701154.562500
-0.23623,0.0212,0.0596,456774636701154.562500
-0.23621999999999999,0.022000000000000002,0.0572,456774636701154.562500
-0.23620999999999998,0.022000000000000002,0.0548,456774636701154.562500
-0.23619999999999997,0.022000000000000002,0.055600000000000004,456774636701154.562500
-0.23618999999999996,0.022000000000000002,0.058,456774636701154.562500
-0.23618,0.0204,0.046,456774636701154.562500
-0.23617,0.0228,0.0572,456774636701154.562500
-0.23615999999999998,0.0228,0.056400000000000006,456774636701154.562500
-0.23614999999999997,0.022000000000000002,0.055600000000000004,456774636701154.562500
-0.23613999999999996,0.0228,0.056400000000000006,456774636701154.562500
-0.23612999999999995,0.0244,0.054,456774636701154.562500
-0.23612,0.0236,0.0572,456774636701154.562500
-0.23611,0.0236,0.055600000000000004,456774636701154.562500
-0.23609999999999998,0.022000000000000002,0.056400000000000006,456774636701154.562500
-0.23608999999999997,0.015600000000000001,0.058,456774636701154.562500
-0.23607999999999996,0.022000000000000002,0.058,456774636701154.562500
-0.23607,0.0148,0.055600000000000004,456774636701154.562500
-0.23606,0.0228,0.055600000000000004,456774636701154.562500
-0.23604999999999998,0.0244,0.0524,456774636701154.562500
-0.23603999999999997,0.022000000000000002,0.058,456774636701154.562500
-0.23602999999999996,0.0236,0.0548,456774636701154.562500
-0.23601999999999995,0.022000000000000002,0.0572,456774636701154.562500
-0.23601,0.0228,0.0492,456774636701154.562500
-0.236,0.0228,0.0572,456774636701154.562500
-0.23598999999999998,0.0236,0.0476,456774636701154.562500
-0.23597999999999997,0.022000000000000002,0.0572,456774636701154.562500
-0.23596999999999996,0.022000000000000002,0.0492,456774636701154.562500
-0.23596,0.022000000000000002,0.058800000000000005,456774636701154.562500
-0.23595,0.0212,0.053200000000000004,456774636701154.562500
-0.23593999999999998,0.0212,0.0548,456774636701154.562500
-0.23592999999999997,0.0228,0.05,456774636701154.562500
-0.23591999999999996,0.0188,0.056400000000000006,456774636701154.562500
-0.23590999999999995,0.022000000000000002,0.0524,456774636701154.562500
-0.2359,0.0164,0.0548,456774636701154.562500
-0.23589,0.022000000000000002,0.0572,456774636701154.562500
-0.23587999999999998,0.0196,0.056400000000000006,456774636701154.562500
-0.23586999999999997,0.0236,0.0572,456774636701154.562500
-0.23585999999999996,0.0236,0.058,456774636701154.562500
-0.23585,0.0244,0.0572,456774636701154.562500
-0.23584,0.0228,0.0572,456774636701154.562500
-0.23582999999999998,0.0236,0.0572,456774636701154.562500
-0.23581999999999997,0.0236,0.050800000000000005,456774636701154.562500
-0.23580999999999996,0.0244,0.0548,456774636701154.562500
-0.23579999999999995,0.0228,0.0548,456774636701154.562500
-0.23579,0.0244,0.0572,456774636701154.562500
-0.23578,0.0236,0.05,456774636701154.562500
-0.23576999999999998,0.0244,0.058,456774636701154.562500
-0.23575999999999997,0.0236,0.056400000000000006,456774636701154.562500
-0.23574999999999996,0.022000000000000002,0.058,456774636701154.562500
-0.23574,0.022000000000000002,0.056400000000000006,456774636701154.562500
-0.23573,0.0236,0.055600000000000004,456774636701154.562500
-0.23571999999999999,0.0228,0.055600000000000004,456774636701154.562500
-0.23570999999999998,0.0212,0.048400000000000006,456774636701154.562500
-0.23569999999999997,0.022000000000000002,0.056400000000000006,456774636701154.562500
-0.23568999999999996,0.0164,0.0492,456774636701154.562500
-0.23568,0.0204,0.055600000000000004,456774636701154.562500
-0.23567,0.0196,0.0516,456774636701154.562500
-0.23565999999999998,0.022000000000000002,0.054,456774636701154.562500
-0.23564999999999997,0.022000000000000002,0.0572,456774636701154.562500
-0.23563999999999996,0.0204,0.054,456774636701154.562500
-0.23563,0.0204,0.0572,456774636701154.562500
-0.23562,0.0228,0.054,456774636701154.562500
-0.23560999999999999,0.022000000000000002,0.058,456774636701154.562500
-0.23559999999999998,0.0244,0.055600000000000004,456774636701154.562500
-0.23558999999999997,0.0228,0.0548,456774636701154.562500
-0.23557999999999996,0.0204,0.058,456774636701154.562500
-0.23557,0.0228,0.0596,456774636701154.562500
-0.23556,0.022000000000000002,0.0548,456774636701154.562500
-0.23554999999999998,0.0228,0.0572,456774636701154.562500
-0.23553999999999997,0.0188,0.0572,456774636701154.562500
-0.23552999999999996,0.0212,0.055600000000000004,456774636701154.562500
-0.23551999999999995,0.0164,0.0524,456774636701154.562500
-0.23551,0.0204,0.0572,456774636701154.562500
-0.2355,0.0252,0.0572,456774636701154.562500
-0.23548999999999998,0.0236,0.054,456774636701154.562500
-0.23547999999999997,0.022000000000000002,0.058,456774636701154.562500
-0.23546999999999996,0.022000000000000002,0.056400000000000006,456774636701154.562500
-0.23546,0.022000000000000002,0.056400000000000006,456774636701154.562500
-0.23545,0.0236,0.05,456774636701154.562500
-0.23543999999999998,0.0236,0.056400000000000006,456774636701154.562500
-0.23542999999999997,0.022000000000000002,0.050800000000000005,456774636701154.562500
-0.23541999999999996,0.022000000000000002,0.058,456774636701154.562500
-0.23540999999999995,0.022000000000000002,0.054,456774636701154.562500
-0.2354,0.0212,0.0548,456774636701154.562500
-0.23539,0.022000000000000002,0.054,456774636701154.562500
-0.23537999999999998,0.0212,0.055600000000000004,456774636701154.562500
-0.23536999999999997,0.0204,0.050800000000000005,456774636701154.562500
-0.23535999999999996,0.0196,0.054,456774636701154.562500
-0.23535,0.022000000000000002,0.045200000000000004,456774636701154.562500
-0.23534,0.0204,0.05,456774636701154.562500
-0.23532999999999998,0.022000000000000002,0.0412,456774636701154.562500
-0.23531999999999997,0.0228,0.050800000000000005,456774636701154.562500
-0.23530999999999996,0.018000000000000002,0.048400000000000006,456774636701154.562500
-0.23529999999999995,0.0196,0.0524,456774636701154.562500
-0.23529,0.0212,0.045200000000000004,456774636701154.562500
-0.23528,0.022000000000000002,0.0516,456774636701154.562500
-0.23526999999999998,0.022000000000000002,0.0476,456774636701154.562500
-0.23525999999999997,0.0252,0.0492,456774636701154.562500
-0.23524999999999996,0.0244,0.037200000000000004,456774636701154.562500
-0.23524,0.0244,0.0548,456774636701154.562500
-0.23523,0.0236,0.0444,456774636701154.562500
-0.23521999999999998,0.0244,0.05,456774636701154.562500
-0.23520999999999997,0.0252,0.056400000000000006,456774636701154.562500
-0.23519999999999996,0.0244,0.0572,456774636701154.562500
-0.23518999999999995,0.0244,0.0548,456774636701154.562500
-0.23518,0.0244,0.058,456774636701154.562500
-0.23517,0.0228,0.0572,456774636701154.562500
-0.23515999999999998,0.0244,0.0524,456774636701154.562500
-0.23514999999999997,0.0252,0.054,456774636701154.562500
-0.23513999999999996,0.0236,0.0476,456774636701154.562500
-0.23513,0.0204,0.0572,456774636701154.562500
-0.23512,0.0244,0.042,456774636701154.562500
-0.23510999999999999,0.0228,0.0516,456774636701154.562500
-0.23509999999999998,0.0228,0.054,456774636701154.562500
-0.23508999999999997,0.022000000000000002,0.0572,456774636701154.562500
-0.23507999999999996,0.022000000000000002,0.0468,456774636701154.562500
-0.23507,0.0228,0.054,456774636701154.562500
-0.23506,0.0188,0.056400000000000006,456774636701154.562500
-0.23504999999999998,0.0204,0.0572,456774636701154.562500
-0.23503999999999997,0.0204,0.055600000000000004,456774636701154.562500
-0.23502999999999996,0.022000000000000002,0.054,456774636701154.562500
-0.23501999999999995,0.0212,0.055600000000000004,456774636701154.562500
-0.23501,0.0228,0.058,456774636701154.562500
-0.235,0.022000000000000002,0.056400000000000006,456774636701154.562500
-0.23498999999999998,0.0236,0.055600000000000004,456774636701154.562500
-0.23497999999999997,0.0228,0.056400000000000006,456774636701154.562500
-0.23496999999999996,0.0212,0.055600000000000004,456774636701154.562500
-0.23496,0.0212,0.055600000000000004,456774636701154.562500
-0.23495,0.022000000000000002,0.0572,456774636701154.562500
-0.23493999999999998,0.0236,0.0572,456774636701154.562500
-0.23492999999999997,0.0228,0.056400000000000006,456774636701154.562500
-0.23491999999999996,0.0236,0.056400000000000006,456774636701154.562500
-0.23490999999999995,0.0228,0.0572,456774636701154.562500
-0.2349,0.0244,0.058,456774636701154.562500
-0.23489,0.0252,0.0548,456774636701154.562500
-0.23487999999999998,0.0244,0.056400000000000006,456774636701154.562500
-0.23486999999999997,0.0236,0.056400000000000006,456774636701154.562500
-0.23485999999999996,0.0244,0.058,456774636701154.562500
-0.23485,0.0252,0.058,456774636701154.562500
-0.23484,0.0228,0.055600000000000004,456774636701154.562500
-0.23482999999999998,0.0204,0.0572,456774636701154.562500
-0.23481999999999997,0.0236,0.054,456774636701154.562500
-0.23480999999999996,0.022000000000000002,0.0596,456774636701154.562500
-0.23479999999999995,0.0236,0.0524,456774636701154.562500
-0.23479,0.022000000000000002,0.054,456774636701154.562500
-0.23478,0.0228,0.0516,456774636701154.562500
-0.23476999999999998,0.0228,0.056400000000000006,456774636701154.562500
-0.23475999999999997,0.022000000000000002,0.058,456774636701154.562500
-0.23474999999999996,0.0212,0.0444,456774636701154.562500
-0.23474,0.0228,0.055600000000000004,456774636701154.562500
-0.23473,0.0228,0.056400000000000006,456774636701154.562500
-0.23471999999999998,0.0228,0.054,456774636701154.562500
-0.23470999999999997,0.0236,0.054,456774636701154.562500
-0.23469999999999996,0.0228,0.056400000000000006,456774636701154.562500
-0.23468999999999995,0.022000000000000002,0.0524,456774636701154.562500
-0.23468,0.022000000000000002,0.055600000000000004,456774636701154.562500
-0.23467,0.0244,0.046,456774636701154.562500
-0.23465999999999998,0.0212,0.056400000000000006,456774636701154.562500
-0.23464999999999997,0.0228,0.053200000000000004,456774636701154.562500
-0.23463999999999996,0.0244,0.0524,456774636701154.562500
-0.23463,0.0236,0.054,456774636701154.562500
-0.23462,0.0252,0.0524,456774636701154.562500
-0.23460999999999999,0.0252,0.058800000000000005,456774636701154.562500
-0.23459999999999998,0.0236,0.0572,456774636701154.562500
-0.23458999999999997,0.0252,0.056400000000000006,456774636701154.562500
-0.23457999999999996,0.0244,0.056400000000000006,456774636701154.562500
-0.23457,0.0188,0.0572,456774636701154.562500
-0.23456,0.0252,0.058,456774636701154.562500
-0.23454999999999998,0.0244,0.056400000000000006,456774636701154.562500
-0.23453999999999997,0.0244,0.058,456774636701154.562500
-0.23452999999999996,0.0236,0.058,456774636701154.562500
-0.23451999999999995,0.0196,0.0476,456774636701154.562500
-0.23451,0.0228,0.056400000000000006,456774636701154.562500
-0.2345,0.0164,0.054,456774636701154.562500
-0.23448999999999998,0.0188,0.058,456774636701154.562500
-0.23447999999999997,0.0172,0.053200000000000004,456774636701154.562500
-0.23446999999999996,0.022000000000000002,0.056400000000000006,456774636701154.562500
-0.23446,0.022000000000000002,0.0516,456774636701154.562500
-0.23445,0.0212,0.058,456774636701154.562500
-0.23443999999999998,0.022000000000000002,0.058,456774636701154.562500
-0.23442999999999997,0.0236,0.058,456774636701154.562500
-0.23441999999999996,0.0204,0.0516,456774636701154.562500
-0.23440999999999995,0.015600000000000001,0.056400000000000006,456774636701154.562500
-0.2344,0.022000000000000002,0.054,456774636701154.562500
-0.23439,0.022000000000000002,0.0572,456774636701154.562500
-0.23437999999999998,0.0228,0.054,456774636701154.562500
-0.23436999999999997,0.022000000000000002,0.0572,456774636701154.562500
-0.23435999999999996,0.0228,0.056400000000000006,456774636701154.562500
-0.23435,0.0244,0.0572,456774636701154.562500
-0.23434,0.0196,0.0572,456774636701154.562500
-0.23432999999999998,0.0236,0.058,456774636701154.562500
-0.23431999999999997,0.0236,0.056400000000000006,456774636701154.562500
-0.23430999999999996,0.0236,0.056400000000000006,456774636701154.562500
-0.23429999999999995,0.0188,0.056400000000000006,456774636701154.562500
-0.23429,0.0236,0.0572,456774636701154.562500
-0.23428,0.0228,0.056400000000000006,456774636701154.562500
-0.23426999999999998,0.0236,0.058,456774636701154.562500
-0.23425999999999997,0.0244,0.058,456774636701154.562500
-0.23424999999999996,0.0228,0.0572,456774636701154.562500
-0.23424,0.0196,0.055600000000000004,456774636701154.562500
-0.23423,0.022000000000000002,0.058,456774636701154.562500
-0.23421999999999998,0.0196,0.058,456774636701154.562500
-0.23420999999999997,0.0228,0.056400000000000006,456774636701154.562500
-0.23419999999999996,0.0196,0.056400000000000006,456774636701154.562500
-0.23418999999999995,0.0204,0.058,456774636701154.562500
-0.23418,0.0212,0.058,456774636701154.562500
-0.23417,0.0204,0.0524,456774636701154.562500
-0.23415999999999998,0.022000000000000002,0.058,456774636701154.562500
-0.23414999999999997,0.022000000000000002,0.0572,456774636701154.562500
-0.23413999999999996,0.022000000000000002,0.0548,456774636701154.562500
-0.23413,0.0236,0.055600000000000004,456774636701154.562500
-0.23412,0.022000000000000002,0.056400000000000006,456774636701154.562500
-0.23410999999999998,0.0228,0.058,456774636701154.562500
-0.23409999999999997,0.022000000000000002,0.055600000000000004,456774636701154.562500
-0.23408999999999996,0.0212,0.056400000000000006,456774636701154.562500
-0.23407999999999995,0.0196,0.058,456774636701154.562500
-0.23407,0.0236,0.0572,456774636701154.562500
-0.23406,0.0228,0.053200000000000004,456774636701154.562500
-0.23404999999999998,0.022000000000000002,0.0572,456774636701154.562500
-0.23403999999999997,0.0236,0.056400000000000006,456774636701154.562500
-0.23402999999999996,0.0244,0.056400000000000006,456774636701154.562500
-0.23402,0.0236,0.0572,456774636701154.562500
-0.23401,0.0228,0.0572,456774636701154.562500
-0.23399999999999999,0.0236,0.056400000000000006,456774636701154.562500
-0.23398999999999998,0.0244,0.0572,456774636701154.562500
-0.23397999999999997,0.0244,0.058,456774636701154.562500
-0.23396999999999996,0.0244,0.058,456774636701154.562500
-0.23396,0.0236,0.056400000000000006,456774636701154.562500
-0.23395,0.0236,0.056400000000000006,456774636701154.562500
-0.23393999999999998,0.0244,0.056400000000000006,456774636701154.562500
-0.23392999999999997,0.0244,0.0572,456774636701154.562500
-0.23391999999999996,0.0236,0.0548,456774636701154.562500
-0.23390999999999995,0.0228,0.05,456774636701154.562500
-0.2339,0.0236,0.056400000000000006,456774636701154.562500
-0.23389,0.0228,0.0548,456774636701154.562500
-0.23387999999999998,0.0236,0.058,456774636701154.562500
-0.23386999999999997,0.0236,0.056400000000000006,456774636701154.562500
-0.23385999999999996,0.0204,0.056400000000000006,456774636701154.562500
-0.23385,0.0212,0.056400000000000006,456774636701154.562500
-0.23384,0.018000000000000002,0.058,456774636701154.562500
-0.23382999999999998,0.022000000000000002,0.055600000000000004,456774636701154.562500
-0.23381999999999997,0.0212,0.058800000000000005,456774636701154.562500
-0.23380999999999996,0.0212,0.058,456774636701154.562500
-0.23379999999999995,0.022000000000000002,0.055600000000000004,456774636701154.562500
-0.23379,0.0236,0.0548,456774636701154.562500
-0.23378,0.0196,0.058,456774636701154.562500
-0.23376999999999998,0.0236,0.0548,456774636701154.562500
-0.23375999999999997,0.0204,0.055600000000000004,456774636701154.562500
-0.23374999999999996,0.0228,0.058,456774636701154.562500
-0.23374,0.0236,0.050800000000000005,456774636701154.562500
-0.23373,0.0244,0.056400000000000006,456774636701154.562500
-0.23371999999999998,0.018000000000000002,0.054,456774636701154.562500
-0.23370999999999997,0.0228,0.055600000000000004,456774636701154.562500
-0.23369999999999996,0.0228,0.0572,456774636701154.562500
-0.23368999999999995,0.0236,0.0572,456774636701154.562500
-0.23368,0.0244,0.054,456774636701154.562500
-0.23367,0.0244,0.054,456774636701154.562500
-0.23365999999999998,0.022000000000000002,0.055600000000000004,456774636701154.562500
-0.23364999999999997,0.022000000000000002,0.055600000000000004,456774636701154.562500
-0.23363999999999996,0.0236,0.056400000000000006,456774636701154.562500
-0.23363,0.0228,0.055600000000000004,456774636701154.562500
-0.23362,0.0244,0.0572,456774636701154.562500
-0.23360999999999998,0.0228,0.054,456774636701154.562500
-0.23359999999999997,0.0228,0.053200000000000004,456774636701154.562500
-0.23358999999999996,0.022000000000000002,0.0548,456774636701154.562500
-0.23357999999999995,0.0212,0.0548,456774636701154.562500
-0.23357,0.0196,0.058,456774636701154.562500
-0.23356,0.0188,0.056400000000000006,456774636701154.562500
-0.23354999999999998,0.0236,0.054,456774636701154.562500
-0.23353999999999997,0.022000000000000002,0.0548,456774636701154.562500
-0.23352999999999996,0.0236,0.053200000000000004,456774636701154.562500
-0.23352,0.0212,0.0548,456774636701154.562500
-0.23351,0.022000000000000002,0.0572,456774636701154.562500
-0.23349999999999999,0.0212,0.056400000000000006,456774636701154.562500
-0.23348999999999998,0.0228,0.0572,456774636701154.562500
-0.23347999999999997,0.0212,0.056400000000000006,456774636701154.562500
-0.23346999999999996,0.0228,0.0572,456774636701154.562500
-0.23346,0.0228,0.055600000000000004,456774636701154.562500
-0.23345,0.0236,0.058,456774636701154.562500
-0.23343999999999998,0.0228,0.058,456774636701154.562500
-0.23342999999999997,0.0228,0.056400000000000006,456774636701154.562500
-0.23341999999999996,0.022000000000000002,0.055600000000000004,456774636701154.562500
-0.23340999999999995,0.0244,0.055600000000000004,456774636701154.562500
-0.2334,0.0252,0.058,456774636701154.562500
-0.23339,0.0244,0.0572,456774636701154.562500
-0.23337999999999998,0.0252,0.055600000000000004,456774636701154.562500
-0.23336999999999997,0.0236,0.058,456774636701154.562500
-0.23335999999999996,0.0244,0.058,456774636701154.562500
-0.23335,0.0244,0.0572,456774636701154.562500
-0.23334,0.0236,0.058,456774636701154.562500
-0.23332999999999998,0.0244,0.055600000000000004,456774636701154.562500
-0.23331999999999997,0.0228,0.056400000000000006,456774636701154.562500
-0.23330999999999996,0.022000000000000002,0.056400000000000006,456774636701154.562500
-0.23329999999999995,0.0244,0.0492,456774636701154.562500
-0.23329,0.022000000000000002,0.0572,456774636701154.562500
-0.23328,0.022000000000000002,0.055600000000000004,456774636701154.562500
-0.23326999999999998,0.0212,0.058,456774636701154.562500
-0.23325999999999997,0.0236,0.056400000000000006,456774636701154.562500
-0.23324999999999996,0.022000000000000002,0.056400000000000006,456774636701154.562500
-0.23324,0.0228,0.0444,456774636701154.562500
-0.23323,0.0228,0.0548,456774636701154.562500
-0.23321999999999998,0.0212,0.0548,456774636701154.562500
-0.23320999999999997,0.022000000000000002,0.056400000000000006,456774636701154.562500
-0.23319999999999996,0.0212,0.054,456774636701154.562500
-0.23318999999999995,0.022000000000000002,0.055600000000000004,456774636701154.562500
-0.23318,0.0228,0.0548,456774636701154.562500
-0.23317,0.0212,0.0572,456774636701154.562500
-0.23315999999999998,0.0228,0.0572,456774636701154.562500
-0.23314999999999997,0.022000000000000002,0.056400000000000006,456774636701154.562500
-0.23313999999999996,0.0236,0.055600000000000004,456774636701154.562500
-0.23313,0.0236,0.055600000000000004,456774636701154.562500
-0.23312,0.0236,0.055600000000000004,456774636701154.562500
-0.23310999999999998,0.0236,0.0572,456774636701154.562500
-0.23309999999999997,0.0212,0.058800000000000005,456774636701154.562500
-0.23308999999999996,0.0244,0.056400000000000006,456774636701154.562500
-0.23307999999999995,0.0244,0.054,456774636701154.562500
-0.23307,0.0236,0.0548,456774636701154.562500
-0.23306,0.0236,0.055600000000000004,456774636701154.562500
-0.23304999999999998,0.0244,0.0572,456774636701154.562500
-0.23303999999999997,0.0244,0.054,456774636701154.562500
-0.23302999999999996,0.0244,0.055600000000000004,456774636701154.562500
-0.23302,0.0228,0.0516,456774636701154.562500
-0.23301,0.0236,0.0572,456774636701154.562500
-0.23299999999999998,0.0228,0.0572,456774636701154.562500
-0.23298999999999997,0.0212,0.056400000000000006,456774636701154.562500
-0.23297999999999996,0.022000000000000002,0.0572,456774636701154.562500
-0.23296999999999995,0.0228,0.0524,456774636701154.562500
-0.23296,0.0204,0.053200000000000004,456774636701154.562500
-0.23295,0.0212,0.058,456774636701154.562500
-0.23293999999999998,0.0228,0.0572,456774636701154.562500
-0.23292999999999997,0.0212,0.0572,456774636701154.562500
-0.23291999999999996,0.0188,0.0572,456774636701154.562500
-0.23290999999999995,0.0212,0.058,456774636701154.562500
-0.2329,0.0188,0.056400000000000006,456774636701154.562500
-0.23288999999999999,0.0212,0.054,456774636701154.562500
-0.23287999999999998,0.0172,0.0548,456774636701154.562500
-0.23286999999999997,0.0196,0.056400000000000006,456774636701154.562500
-0.23285999999999996,0.018000000000000002,0.0572,456774636701154.562500
-0.23285,0.0228,0.0572,456774636701154.562500
-0.23284,0.0196,0.056400000000000006,456774636701154.562500
-0.23282999999999998,0.0236,0.056400000000000006,456774636701154.562500
-0.23281999999999997,0.0212,0.056400000000000006,456774636701154.562500
-0.23280999999999996,0.0236,0.0572,456774636701154.562500
-0.23279999999999995,0.0244,0.0572,456774636701154.562500
-0.23279,0.0228,0.0572,456774636701154.562500
-0.23278,0.0244,0.0572,456774636701154.562500
-0.23276999999999998,0.022000000000000002,0.0572,456774636701154.562500
-0.23275999999999997,0.0236,0.0572,456774636701154.562500
-0.23274999999999996,0.0228,0.0524,456774636701154.562500
-0.23274,0.0236,0.0572,456774636701154.562500
-0.23273,0.0228,0.054,456774636701154.562500
-0.23271999999999998,0.0236,0.055600000000000004,456774636701154.562500
-0.23270999999999997,0.022000000000000002,0.054,456774636701154.562500
-0.23269999999999996,0.0244,0.0572,456774636701154.562500
-0.23268999999999995,0.0212,0.054,456774636701154.562500
-0.23268,0.0212,0.0572,456774636701154.562500
-0.23267,0.022000000000000002,0.055600000000000004,456774636701154.562500
-0.23265999999999998,0.022000000000000002,0.0572,456774636701154.562500
-0.23264999999999997,0.022000000000000002,0.054,456774636701154.562500
-0.23263999999999996,0.022000000000000002,0.0596,456774636701154.562500
-0.23263,0.0204,0.0548,456774636701154.562500
-0.23262,0.022000000000000002,0.056400000000000006,456774636701154.562500
-0.23260999999999998,0.022000000000000002,0.056400000000000006,456774636701154.562500
-0.23259999999999997,0.0204,0.0572,456774636701154.562500
-0.23258999999999996,0.022000000000000002,0.056400000000000006,456774636701154.562500
-0.23257999999999995,0.0212,0.0548,456774636701154.562500
-0.23257,0.022000000000000002,0.0516,456774636701154.562500
-0.23256,0.0212,0.056400000000000006,456774636701154.562500
-0.23254999999999998,0.0228,0.056400000000000006,456774636701154.562500
-0.23253999999999997,0.022000000000000002,0.055600000000000004,456774636701154.562500
-0.23252999999999996,0.0236,0.0572,456774636701154.562500
-0.23252,0.022000000000000002,0.058,456774636701154.562500
-0.23251,0.0244,0.055600000000000004,456774636701154.562500
-0.23249999999999998,0.0228,0.0572,456774636701154.562500
-0.23248999999999997,0.022000000000000002,0.0572,456774636701154.562500
-0.23247999999999996,0.0252,0.058800000000000005,456774636701154.562500
-0.23246999999999995,0.0244,0.055600000000000004,456774636701154.562500
-0.23246,0.0228,0.056400000000000006,456774636701154.562500
-0.23245,0.0244,0.054,456774636701154.562500
-0.23243999999999998,0.0236,0.056400000000000006,456774636701154.562500
-0.23242999999999997,0.0244,0.056400000000000006,456774636701154.562500
-0.23241999999999996,0.0204,0.058,456774636701154.562500
-0.23241,0.0212,0.058,456774636701154.562500
-0.2324,0.0212,0.055600000000000004,456774636701154.562500
-0.23238999999999999,0.022000000000000002,0.0572,456774636701154.562500
-0.23237999999999998,0.0236,0.055600000000000004,456774636701154.562500
-0.23236999999999997,0.022000000000000002,0.0572,456774636701154.562500
-0.23235999999999996,0.0236,0.058800000000000005,456774636701154.562500
-0.23235,0.022000000000000002,0.0572,456774636701154.562500
-0.23234,0.0236,0.055600000000000004,456774636701154.562500
-0.23232999999999998,0.0212,0.046,456774636701154.562500
-0.23231999999999997,0.0236,0.0492,456774636701154.562500
-0.23230999999999996,0.0236,0.0548,456774636701154.562500
-0.23229999999999995,0.022000000000000002,0.0572,456774636701154.562500
-0.23229,0.0236,0.055600000000000004,456774636701154.562500
-0.23228,0.0228,0.0572,456774636701154.562500
-0.23226999999999998,0.0228,0.058,456774636701154.562500
-0.23225999999999997,0.022000000000000002,0.056400000000000006,456774636701154.562500
-0.23224999999999996,0.0204,0.0476,456774636701154.562500
-0.23224,0.0228,0.0476,456774636701154.562500
-0.23223,0.0228,0.0492,456774636701154.562500
-0.23221999999999998,0.022000000000000002,0.048400000000000006,456774636701154.562500
-0.23220999999999997,0.0228,0.042,456774636701154.562500
-0.23219999999999996,0.022000000000000002,0.0476,456774636701154.562500
-0.23218999999999995,0.0236,0.0572,456774636701154.562500
-0.23218,0.0244,0.055600000000000004,456774636701154.562500
-0.23217,0.0236,0.0572,456774636701154.562500
-0.23215999999999998,0.0244,0.056400000000000006,456774636701154.562500
-0.23214999999999997,0.0228,0.0548,456774636701154.562500
-0.23213999999999996,0.0252,0.05,456774636701154.562500
-0.23213,0.0244,0.0476,456774636701154.562500
-0.23212,0.0236,0.045200000000000004,456774636701154.562500
-0.23210999999999998,0.0196,0.0516,456774636701154.562500
-0.23209999999999997,0.0244,0.055600000000000004,456774636701154.562500
-0.23208999999999996,0.0236,0.053200000000000004,456774636701154.562500
-0.23207999999999995,0.022000000000000002,0.054,456774636701154.562500
-0.23207,0.0236,0.048400000000000006,456774636701154.562500
-0.23206,0.0212,0.0468,456774636701154.562500
-0.23204999999999998,0.0236,0.048400000000000006,456774636701154.562500
-0.23203999999999997,0.022000000000000002,0.05,456774636701154.562500
-0.23202999999999996,0.022000000000000002,0.053200000000000004,456774636701154.562500
-0.23202,0.0204,0.055600000000000004,456774636701154.562500
-0.23201,0.022000000000000002,0.0516,456774636701154.562500
-0.23199999999999998,0.0204,0.053200000000000004,456774636701154.562500
-0.23198999999999997,0.0196,0.056400000000000006,456774636701154.562500
-0.23197999999999996,0.0228,0.058,456774636701154.562500
-0.23196999999999995,0.0228,0.055600000000000004,456774636701154.562500
-0.23196,0.022000000000000002,0.055600000000000004,456774636701154.562500
-0.23195,0.022000000000000002,0.055600000000000004,456774636701154.562500
-0.23193999999999998,0.0204,0.0572,456774636701154.562500
-0.23192999999999997,0.022000000000000002,0.055600000000000004,456774636701154.562500
-0.23191999999999996,0.0228,0.055600000000000004,456774636701154.562500
-0.23191,0.022000000000000002,0.0548,456774636701154.562500
-0.2319,0.0236,0.056400000000000006,456774636701154.562500
-0.23188999999999999,0.0236,0.0548,456774636701154.562500
-0.23187999999999998,0.0244,0.054,456774636701154.562500
-0.23186999999999997,0.0244,0.0516,456774636701154.562500
-0.23185999999999996,0.0236,0.0476,456774636701154.562500
-0.23185,0.0244,0.055600000000000004,456774636701154.562500
-0.23184,0.0212,0.054,456774636701154.562500
-0.23182999999999998,0.0228,0.0572,456774636701154.562500
-0.23181999999999997,0.0236,0.050800000000000005,456774636701154.562500
-0.23180999999999996,0.0228,0.054,456774636701154.562500
-0.23179999999999995,0.022000000000000002,0.0548,456774636701154.562500
-0.23179,0.0236,0.0572,456774636701154.562500
-0.23177999999999999,0.022000000000000002,0.056400000000000006,456774636701154.562500
-0.23176999999999998,0.0236,0.0572,456774636701154.562500
-0.23175999999999997,0.0204,0.0572,456774636701154.562500
-0.23174999999999996,0.022000000000000002,0.0548,456774636701154.562500
-0.23174,0.0196,0.0492,456774636701154.562500
-0.23173,0.0204,0.053200000000000004,456774636701154.562500
-0.23171999999999998,0.022000000000000002,0.0548,456774636701154.562500
-0.23170999999999997,0.0212,0.056400000000000006,456774636701154.562500
-0.23169999999999996,0.022000000000000002,0.055600000000000004,456774636701154.562500
-0.23168999999999995,0.018000000000000002,0.055600000000000004,456774636701154.562500
-0.23168,0.0228,0.056400000000000006,456774636701154.562500
-0.23167,0.0204,0.054,456774636701154.562500
-0.23165999999999998,0.0244,0.058,456774636701154.562500
-0.23164999999999997,0.0212,0.056400000000000006,456774636701154.562500
-0.23163999999999996,0.0212,0.058,456774636701154.562500
-0.23163,0.0228,0.0572,456774636701154.562500
-0.23162,0.022000000000000002,0.0516,456774636701154.562500
-0.23160999999999998,0.0236,0.0572,456774636701154.562500
-0.23159999999999997,0.0188,0.055600000000000004,456774636701154.562500
-0.23158999999999996,0.0236,0.0572,456774636701154.562500
-0.23157999999999995,0.0212,0.053200000000000004,456774636701154.562500
-0.23157,0.0228,0.0572,456774636701154.562500
-0.23156,0.0252,0.056400000000000006,456774636701154.562500
-0.23154999999999998,0.0252,0.053200000000000004,456774636701154.562500
-0.23153999999999997,0.0236,0.0572,456774636701154.562500
-0.23152999999999996,0.0236,0.050800000000000005,456774636701154.562500
-0.23152,0.0228,0.054,456774636701154.562500
-0.23151,0.0244,0.054,456774636701154.562500
-0.23149999999999998,0.0252,0.0572,456774636701154.562500
-0.23148999999999997,0.0228,0.048400000000000006,456774636701154.562500
-0.23147999999999996,0.0204,0.054,456774636701154.562500
-0.23146999999999995,0.018000000000000002,0.05,456774636701154.562500
-0.23146,0.0212,0.045200000000000004,456774636701154.562500
-0.23145,0.0212,0.040400000000000005,456774636701154.562500
-0.23143999999999998,0.0228,0.046,456774636701154.562500
-0.23142999999999997,0.022000000000000002,0.050800000000000005,456774636701154.562500
-0.23141999999999996,0.0244,0.055600000000000004,456774636701154.562500
-0.23141,0.022000000000000002,0.0492,456774636701154.562500
-0.2314,0.0228,0.055600000000000004,456774636701154.562500
-0.23138999999999998,0.0204,0.045200000000000004,456774636701154.562500
-0.23137999999999997,0.022000000000000002,0.054,456774636701154.562500
-0.23136999999999996,0.0212,0.058,456774636701154.562500
-0.23135999999999995,0.0204,0.055600000000000004,456774636701154.562500
-0.23135,0.022000000000000002,0.054,456774636701154.562500
-0.23134,0.0228,0.0492,456774636701154.562500
-0.23132999999999998,0.0196,0.058800000000000005,456774636701154.562500
-0.23131999999999997,0.022000000000000002,0.0548,456774636701154.562500
-0.23130999999999996,0.0212,0.056400000000000006,456774636701154.562500
-0.2313,0.0212,0.058,456774636701154.562500
-0.23129,0.022000000000000002,0.054,456774636701154.562500
-0.23127999999999999,0.0204,0.056400000000000006,456774636701154.562500
-0.23126999999999998,0.0252,0.058,456774636701154.562500
-0.23125999999999997,0.0228,0.0548,456774636701154.562500
-0.23124999999999996,0.0244,0.055600000000000004,456774636701154.562500
-0.23124,0.0228,0.0516,456774636701154.562500
-0.23123,0.0236,0.056400000000000006,456774636701154.562500
-0.23121999999999998,0.0228,0.054,456774636701154.562500
-0.23120999999999997,0.0236,0.056400000000000006,456774636701154.562500
-0.23119999999999996,0.0228,0.0572,456774636701154.562500
-0.23118999999999995,0.0228,0.055600000000000004,456774636701154.562500
-0.23118,0.0228,0.0436,456774636701154.562500
-0.23117,0.0204,0.055600000000000004,456774636701154.562500
-0.23115999999999998,0.0228,0.056400000000000006,456774636701154.562500
-0.23114999999999997,0.0228,0.055600000000000004,456774636701154.562500
-0.23113999999999996,0.022000000000000002,0.05,456774636701154.562500
-0.23113,0.0204,0.0548,456774636701154.562500
-0.23112,0.022000000000000002,0.054,456774636701154.562500
-0.23110999999999998,0.0212,0.056400000000000006,456774636701154.562500
-0.23109999999999997,0.0196,0.0572,456774636701154.562500
-0.23108999999999996,0.0212,0.055600000000000004,456774636701154.562500
-0.23107999999999995,0.0204,0.042,456774636701154.562500
-0.23107,0.0212,0.055600000000000004,456774636701154.562500
-0.23106,0.022000000000000002,0.0524,456774636701154.562500
-0.23104999999999998,0.0212,0.058,456774636701154.562500
-0.23103999999999997,0.022000000000000002,0.056400000000000006,456774636701154.562500
-0.23102999999999996,0.0228,0.055600000000000004,456774636701154.562500
-0.23102,0.022000000000000002,0.0572,456774636701154.562500
-0.23101,0.0228,0.0572,456774636701154.562500
-0.23099999999999998,0.0236,0.056400000000000006,456774636701154.562500
-0.23098999999999997,0.0228,0.055600000000000004,456774636701154.562500
-0.23097999999999996,0.0228,0.053200000000000004,456774636701154.562500
-0.23096999999999995,0.0196,0.056400000000000006,456774636701154.562500
-0.23096,0.0228,0.058800000000000005,456774636701154.562500
-0.23095,0.0212,0.056400000000000006,456774636701154.562500
-0.23093999999999998,0.0236,0.056400000000000006,456774636701154.562500
-0.23092999999999997,0.0244,0.0548,456774636701154.562500
-0.23091999999999996,0.0236,0.058,456774636701154.562500
-0.23091,0.0252,0.058,456774636701154.562500
-0.2309,0.0268,0.056400000000000006,456774636701154.562500
-0.23088999999999998,0.0204,0.058,456774636701154.562500
-0.23087999999999997,0.0244,0.0572,456774636701154.562500
-0.23086999999999996,0.0228,0.058,456774636701154.562500
-0.23085999999999995,0.022000000000000002,0.054,456774636701154.562500
-0.23085,0.0236,0.0572,456774636701154.562500
-0.23084,0.022000000000000002,0.0524,456774636701154.562500
-0.23082999999999998,0.022000000000000002,0.0572,456774636701154.562500
-0.23081999999999997,0.0196,0.055600000000000004,456774636701154.562500
-0.23080999999999996,0.0228,0.050800000000000005,456774636701154.562500
-0.2308,0.0204,0.0572,456774636701154.562500
-0.23079,0.0204,0.055600000000000004,456774636701154.562500
-0.23077999999999999,0.022000000000000002,0.055600000000000004,456774636701154.562500
-0.23076999999999998,0.022000000000000002,0.045200000000000004,456774636701154.562500
-0.23075999999999997,0.0228,0.0572,456774636701154.562500
-0.23074999999999996,0.0228,0.053200000000000004,456774636701154.562500
-0.23074,0.0212,0.058,456774636701154.562500
-0.23073,0.022000000000000002,0.056400000000000006,456774636701154.562500
-0.23071999999999998,0.0228,0.0572,456774636701154.562500
-0.23070999999999997,0.0244,0.054,456774636701154.562500
-0.23069999999999996,0.0236,0.055600000000000004,456774636701154.562500
-0.23068999999999995,0.0228,0.056400000000000006,456774636701154.562500
-0.23068,0.0236,0.0516,456774636701154.562500
-0.23067,0.0236,0.0572,456774636701154.562500
-0.23065999999999998,0.0236,0.0524,456774636701154.562500
-0.23064999999999997,0.0244,0.056400000000000006,456774636701154.562500
-0.23063999999999996,0.0244,0.055600000000000004,456774636701154.562500
-0.23063,0.0252,0.058,456774636701154.562500
-0.23062,0.0252,0.0492,456774636701154.562500
-0.23060999999999998,0.0236,0.0572,456774636701154.562500
-0.23059999999999997,0.0252,0.056400000000000006,456774636701154.562500
-0.23058999999999996,0.0244,0.055600000000000004,456774636701154.562500
-0.23057999999999995,0.0236,0.0572,456774636701154.562500
-0.23057,0.0212,0.048400000000000006,456774636701154.562500
-0.23056,0.0236,0.0524,456774636701154.562500
-0.23054999999999998,0.0236,0.0572,456774636701154.562500
-0.23053999999999997,0.0212,0.05,456774636701154.562500
-0.23052999999999996,0.022000000000000002,0.058,456774636701154.562500
-0.23052,0.0228,0.054,456774636701154.562500
-0.23051,0.022000000000000002,0.053200000000000004,456774636701154.562500
-0.23049999999999998,0.022000000000000002,0.048400000000000006,456774636701154.562500
-0.23048999999999997,0.0212,0.055600000000000004,456774636701154.562500
-0.23047999999999996,0.022000000000000002,0.0548,456774636701154.562500
-0.23046999999999995,0.0212,0.055600000000000004,456774636701154.562500
-0.23046,0.022000000000000002,0.0524,456774636701154.562500
-0.23045,0.022000000000000002,0.058800000000000005,456774636701154.562500
-0.23043999999999998,0.0228,0.056400000000000006,456774636701154.562500
-0.23042999999999997,0.022000000000000002,0.056400000000000006,456774636701154.562500
-0.23041999999999996,0.0228,0.056400000000000006,456774636701154.562500
-0.23041,0.022000000000000002,0.0492,456774636701154.562500
-0.2304,0.0236,0.054,456774636701154.562500
-0.23038999999999998,0.022000000000000002,0.0444,456774636701154.562500
-0.23037999999999997,0.0196,0.0548,456774636701154.562500
-0.23036999999999996,0.022000000000000002,0.0516,456774636701154.562500
-0.23035999999999995,0.022000000000000002,0.0548,456774636701154.562500
-0.23035,0.0228,0.0492,456774636701154.562500
-0.23034,0.0244,0.0572,456774636701154.562500
-0.23032999999999998,0.015600000000000001,0.0572,456774636701154.562500
-0.23031999999999997,0.018000000000000002,0.058,456774636701154.562500
-0.23030999999999996,0.0204,0.0548,456774636701154.562500
-0.2303,0.022000000000000002,0.0572,456774636701154.562500
-0.23029,0.0172,0.0572,456774636701154.562500
-0.23027999999999998,0.0212,0.0548,456774636701154.562500
-0.23026999999999997,0.022000000000000002,0.054,456774636701154.562500
-0.23025999999999996,0.022000000000000002,0.056400000000000006,456774636701154.562500
-0.23024999999999995,0.0236,0.054,456774636701154.562500
-0.23024,0.0236,0.058,456774636701154.562500
-0.23023,0.0212,0.0524,456774636701154.562500
-0.23021999999999998,0.022000000000000002,0.058,456774636701154.562500
-0.23020999999999997,0.022000000000000002,0.056400000000000006,456774636701154.562500
-0.23019999999999996,0.022000000000000002,0.058,456774636701154.562500
-0.23018999999999995,0.0212,0.050800000000000005,456774636701154.562500
-0.23018,0.0228,0.058800000000000005,456774636701154.562500
-0.23016999999999999,0.022000000000000002,0.055600000000000004,456774636701154.562500
-0.23015999999999998,0.0228,0.055600000000000004,456774636701154.562500
-0.23014999999999997,0.0236,0.0548,456774636701154.562500
-0.23013999999999996,0.0228,0.058,456774636701154.562500
-0.23013,0.0196,0.0572,456774636701154.562500
-0.23012,0.022000000000000002,0.056400000000000006,456774636701154.562500
-0.23010999999999998,0.0236,0.050800000000000005,456774636701154.562500
-0.23009999999999997,0.022000000000000002,0.058,456774636701154.562500
-0.23008999999999996,0.022000000000000002,0.0572,456774636701154.562500
-0.23007999999999995,0.0228,0.056400000000000006,456774636701154.562500
-0.23007,0.022000000000000002,0.055600000000000004,456774636701154.562500
-0.23006,0.0252,0.053200000000000004,456774636701154.562500
-0.23004999999999998,0.0228,0.0572,456774636701154.562500
-0.23003999999999997,0.0252,0.056400000000000006,456774636701154.562500
-0.23002999999999996,0.0252,0.055600000000000004,456774636701154.562500
-0.23002,0.0244,0.0524,456774636701154.562500
-0.23001,0.0228,0.0548,456774636701154.562500
-0.22999999999999998,0.022000000000000002,0.055600000000000004,456774636701154.562500
-0.22998999999999997,0.0236,0.056400000000000006,456774636701154.562500
-0.22997999999999996,0.0212,0.056400000000000006,456774636701154.562500
-0.22996999999999995,0.0236,0.055600000000000004,456774636701154.562500
-0.22996,0.0204,0.056400000000000006,456774636701154.562500
-0.22995,0.0228,0.055600000000000004,456774636701154.562500
-0.22993999999999998,0.022000000000000002,0.05,456774636701154.562500
-0.22992999999999997,0.0228,0.0476,456774636701154.562500
-0.22991999999999996,0.0228,0.0516,456774636701154.562500
-0.22991,0.0244,0.0548,456774636701154.562500
-0.2299,0.022000000000000002,0.054,456774636701154.562500
-0.22988999999999998,0.022000000000000002,0.054,456774636701154.562500
-0.22987999999999997,0.0212,0.0572,456774636701154.562500
-0.22986999999999996,0.0204,0.0548,456774636701154.562500
-0.22985999999999995,0.022000000000000002,0.056400000000000006,456774636701154.562500
-0.22985,0.0212,0.0492,456774636701154.562500
-0.22984,0.0228,0.0492,456774636701154.562500
-0.22982999999999998,0.022000000000000002,0.05,456774636701154.562500
-0.22981999999999997,0.0244,0.053200000000000004,456774636701154.562500
-0.22980999999999996,0.0212,0.054,456774636701154.562500
-0.2298,0.0228,0.0572,456774636701154.562500
-0.22979,0.0188,0.0548,456774636701154.562500
-0.22977999999999998,0.0228,0.056400000000000006,456774636701154.562500
-0.22976999999999997,0.0228,0.0572,456774636701154.562500
-0.22975999999999996,0.0228,0.053200000000000004,456774636701154.562500
-0.22974999999999995,0.0236,0.055600000000000004,456774636701154.562500
-0.22974,0.0244,0.0548,456774636701154.562500
-0.22973,0.0244,0.048400000000000006,456774636701154.562500
-0.22971999999999998,0.0228,0.053200000000000004,456774636701154.562500
-0.22970999999999997,0.0228,0.045200000000000004,456774636701154.562500
-0.22969999999999996,0.0236,0.0524,456774636701154.562500
-0.22969,0.0196,0.0572,456774636701154.562500
-0.22968,0.0252,0.053200000000000004,456774636701154.562500
-0.22966999999999999,0.0244,0.048400000000000006,456774636701154.562500
-0.22965999999999998,0.0228,0.045200000000000004,456774636701154.562500
-0.22964999999999997,0.0236,0.0524,456774636701154.562500
-0.22963999999999996,0.022000000000000002,0.0524,456774636701154.562500
-0.22963,0.0228,0.054,456774636701154.562500
-0.22962,0.0212,0.042,456774636701154.562500
-0.22960999999999998,0.0236,0.055600000000000004,456774636701154.562500
-0.22959999999999997,0.0228,0.0476,456774636701154.562500
-0.22958999999999996,0.022000000000000002,0.054,456774636701154.562500
-0.22957999999999995,0.022000000000000002,0.0476,456774636701154.562500
-0.22957,0.0212,0.058,456774636701154.562500
-0.22956,0.0212,0.0524,456774636701154.562500
-0.22954999999999998,0.0204,0.056400000000000006,456774636701154.562500
-0.22953999999999997,0.0212,0.056400000000000006,456774636701154.562500
-0.22952999999999996,0.0204,0.054,456774636701154.562500
-0.22952,0.0196,0.056400000000000006,456774636701154.562500
-0.22951,0.011600000000000001,0.053200000000000004,456774636701154.562500
-0.22949999999999998,0.0212,0.053200000000000004,456774636701154.562500
-0.22948999999999997,0.022000000000000002,0.0524,456774636701154.562500
-0.22947999999999996,0.0228,0.056400000000000006,456774636701154.562500
-0.22946999999999995,0.0236,0.0548,456774636701154.562500
-0.22946,0.0228,0.0516,456774636701154.562500
-0.22945,0.0236,0.058,456774636701154.562500
-0.22943999999999998,0.0196,0.056400000000000006,456774636701154.562500
-0.22942999999999997,0.0244,0.056400000000000006,456774636701154.562500
-0.22941999999999996,0.0244,0.056400000000000006,456774636701154.562500
-0.22941,0.0228,0.058,456774636701154.562500
-0.2294,0.0236,0.053200000000000004,456774636701154.562500
-0.22938999999999998,0.0188,0.058,456774636701154.562500
-0.22937999999999997,0.0236,0.056400000000000006,456774636701154.562500
-0.22936999999999996,0.0236,0.053200000000000004,456774636701154.562500
-0.22935999999999995,0.0204,0.056400000000000006,456774636701154.562500
-0.22935,0.0228,0.0548,456774636701154.562500
-0.22934,0.0196,0.056400000000000006,456774636701154.562500
-0.22932999999999998,0.0236,0.045200000000000004,456774636701154.562500
-0.22931999999999997,0.022000000000000002,0.058,456774636701154.562500
-0.22930999999999996,0.022000000000000002,0.056400000000000006,456774636701154.562500
-0.2293,0.0212,0.054,456774636701154.562500
-0.22929,0.0228,0.056400000000000006,456774636701154.562500
-0.22927999999999998,0.0172,0.050800000000000005,456774636701154.562500
-0.22926999999999997,0.0228,0.0548,456774636701154.562500
-0.22925999999999996,0.0212,0.056400000000000006,456774636701154.562500
-0.22924999999999995,0.0228,0.0572,456774636701154.562500
-0.22924,0.0228,0.0548,456774636701154.562500
-0.22923,0.0212,0.058,456774636701154.562500
-0.22921999999999998,0.0228,0.0436,456774636701154.562500
-0.22920999999999997,0.022000000000000002,0.0548,456774636701154.562500
-0.22919999999999996,0.0236,0.054,456774636701154.562500
-0.22919,0.0228,0.058,456774636701154.562500
-0.22918,0.022000000000000002,0.058,456774636701154.562500
-0.22916999999999998,0.0228,0.058,456774636701154.562500
-0.22915999999999997,0.0228,0.0436,456774636701154.562500
-0.22914999999999996,0.0236,0.056400000000000006,456774636701154.562500
-0.22913999999999995,0.0236,0.054,456774636701154.562500
-0.22913,0.0236,0.058,456774636701154.562500
-0.22912,0.0244,0.055600000000000004,456774636701154.562500
-0.22910999999999998,0.022000000000000002,0.050800000000000005,456774636701154.562500
-0.22909999999999997,0.0236,0.056400000000000006,456774636701154.562500
-0.22908999999999996,0.0236,0.058,456774636701154.562500
-0.22907999999999995,0.0228,0.056400000000000006,456774636701154.562500
-0.22907,0.0244,0.0572,456774636701154.562500
-0.22905999999999999,0.0212,0.0516,456774636701154.562500
-0.22904999999999998,0.022000000000000002,0.054,456774636701154.562500
-0.22903999999999997,0.022000000000000002,0.0572,456774636701154.562500
-0.22902999999999996,0.0236,0.0572,456774636701154.562500
-0.22902,0.0196,0.0572,456774636701154.562500
-0.22901,0.0236,0.056400000000000006,456774636701154.562500
-0.22899999999999998,0.018000000000000002,0.0524,456774636701154.562500
-0.22898999999999997,0.0212,0.0548,456774636701154.562500
-0.22897999999999996,0.0188,0.0572,456774636701154.562500
-0.22896999999999995,0.0212,0.054,456774636701154.562500
-0.22896,0.0212,0.058,456774636701154.562500
-0.22895,0.022000000000000002,0.0572,456774636701154.562500
-0.22893999999999998,0.022000000000000002,0.055600000000000004,456774636701154.562500
-0.22892999999999997,0.022000000000000002,0.058,456774636701154.562500
-0.22891999999999996,0.022000000000000002,0.0548,456774636701154.562500
-0.22891,0.022000000000000002,0.056400000000000006,456774636701154.562500
-0.2289,0.0228,0.050800000000000005,456774636701154.562500
-0.22888999999999998,0.022000000000000002,0.053200000000000004,456774636701154.562500
-0.22887999999999997,0.022000000000000002,0.042,456774636701154.562500
-0.22886999999999996,0.0244,0.054,456774636701154.562500
-0.22885999999999995,0.0228,0.0548,456774636701154.562500
-0.22885,0.0228,0.055600000000000004,456774636701154.562500
-0.22884,0.0228,0.056400000000000006,456774636701154.562500
-0.22882999999999998,0.0244,0.056400000000000006,456774636701154.562500
-0.22881999999999997,0.0252,0.056400000000000006,456774636701154.562500
-0.22880999999999996,0.0236,0.055600000000000004,456774636701154.562500
-0.2288,0.0228,0.056400000000000006,456774636701154.562500
-0.22879,0.0236,0.0548,456774636701154.562500
-0.22877999999999998,0.0236,0.054,456774636701154.562500
-0.22876999999999997,0.0228,0.048400000000000006,456774636701154.562500
-0.22875999999999996,0.0244,0.055600000000000004,456774636701154.562500
-0.22874999999999995,0.022000000000000002,0.048400000000000006,456774636701154.562500
-0.22874,0.0228,0.0572,456774636701154.562500
-0.22873,0.0204,0.0476,456774636701154.562500
-0.22871999999999998,0.022000000000000002,0.054,456774636701154.562500
-0.22870999999999997,0.015600000000000001,0.0548,456774636701154.562500
-0.22869999999999996,0.0196,0.056400000000000006,456774636701154.562500
-0.22869,0.0164,0.05,456774636701154.562500
-0.22868,0.0228,0.0548,456774636701154.562500
-0.22866999999999998,0.022000000000000002,0.054,456774636701154.562500
-0.22865999999999997,0.0204,0.056400000000000006,456774636701154.562500
-0.22864999999999996,0.0212,0.0572,456774636701154.562500
-0.22863999999999995,0.022000000000000002,0.058800000000000005,456774636701154.562500
-0.22863,0.0212,0.0548,456774636701154.562500
-0.22862,0.0212,0.056400000000000006,456774636701154.562500
-0.22860999999999998,0.0212,0.046,456774636701154.562500
-0.22859999999999997,0.022000000000000002,0.058,456774636701154.562500
-0.22858999999999996,0.022000000000000002,0.048400000000000006,456774636701154.562500
-0.22858,0.0228,0.058,456774636701154.562500
-0.22857,0.0244,0.055600000000000004,456774636701154.562500
-0.22855999999999999,0.022000000000000002,0.050800000000000005,456774636701154.562500
-0.22854999999999998,0.0204,0.056400000000000006,456774636701154.562500
-0.22853999999999997,0.0236,0.050800000000000005,456774636701154.562500
-0.22852999999999996,0.022000000000000002,0.0524,456774636701154.562500
-0.22852,0.0228,0.0524,456774636701154.562500
-0.22851,0.0236,0.053200000000000004,456774636701154.562500
-0.22849999999999998,0.0236,0.048400000000000006,456774636701154.562500
-0.22848999999999997,0.0236,0.0516,456774636701154.562500
-0.22847999999999996,0.022000000000000002,0.055600000000000004,456774636701154.562500
-0.22846999999999995,0.0132,0.055600000000000004,456774636701154.562500
-0.22846,0.0196,0.056400000000000006,456774636701154.562500
-0.22845,0.01,0.058,456774636701154.562500
-0.22843999999999998,0.0204,0.042,456774636701154.562500
-0.22842999999999997,0.0196,0.0548,456774636701154.562500
-0.22841999999999996,0.0228,0.0572,456774636701154.562500
-0.22841,0.022000000000000002,0.058,456774636701154.562500
-0.2284,0.022000000000000002,0.058800000000000005,456774636701154.562500
-0.22838999999999998,0.0228,0.055600000000000004,456774636701154.562500
-0.22837999999999997,0.022000000000000002,0.0572,456774636701154.562500
-0.22836999999999996,0.0212,0.058,456774636701154.562500
-0.22835999999999995,0.0228,0.0572,456774636701154.562500
-0.22835,0.022000000000000002,0.0572,456774636701154.562500
-0.22834,0.0228,0.056400000000000006,456774636701154.562500
-0.22832999999999998,0.0204,0.058800000000000005,456774636701154.562500
-0.22831999999999997,0.0228,0.0572,456774636701154.562500
-0.22830999999999996,0.0196,0.0548,456774636701154.562500
-0.2283,0.022000000000000002,0.056400000000000006,456774636701154.562500
-0.22829,0.0212,0.0572,456774636701154.562500
-0.22827999999999998,0.0204,0.055600000000000004,456774636701154.562500
-0.22826999999999997,0.0228,0.055600000000000004,456774636701154.562500
-0.22825999999999996,0.022000000000000002,0.056400000000000006,456774636701154.562500
-0.22824999999999995,0.0204,0.05,456774636701154.562500
-0.22824,0.0244,0.0596,456774636701154.562500
-0.22823,0.018000000000000002,0.0548,456774636701154.562500
-0.22821999999999998,0.0244,0.0548,456774636701154.562500
-0.22820999999999997,0.0228,0.053200000000000004,456774636701154.562500
-0.22819999999999996,0.0244,0.0548,456774636701154.562500
-0.22819,0.022000000000000002,0.0548,456774636701154.562500
-0.22818,0.0244,0.054,456774636701154.562500
-0.22816999999999998,0.0236,0.05,456774636701154.562500
-0.22815999999999997,0.0236,0.056400000000000006,456774636701154.562500
-0.22814999999999996,0.0236,0.056400000000000006,456774636701154.562500
-0.22813999999999995,0.0228,0.0572,456774636701154.562500
-0.22813,0.022000000000000002,0.058,456774636701154.562500
-0.22812,0.0204,0.0492,456774636701154.562500
-0.22810999999999998,0.0236,0.054,456774636701154.562500
-0.22809999999999997,0.0204,0.0572,456774636701154.562500
-0.22808999999999996,0.022000000000000002,0.0572,456774636701154.562500
-0.22808,0.0204,0.056400000000000006,456774636701154.562500
-0.22807,0.0204,0.0516,456774636701154.562500
-0.22805999999999998,0.022000000000000002,0.058,456774636701154.562500
-0.22804999999999997,0.0204,0.054,456774636701154.562500
-0.22803999999999996,0.0188,0.055600000000000004,456774636701154.562500
-0.22802999999999995,0.0212,0.056400000000000006,456774636701154.562500
-0.22802,0.0196,0.048400000000000006,456774636701154.562500
-0.22801,0.0212,0.0468,456774636701154.562500
-0.22799999999999998,0.0228,0.053200000000000004,456774636701154.562500
-0.22798999999999997,0.0188,0.046,456774636701154.562500
-0.22797999999999996,0.0188,0.0436,456774636701154.562500
-0.22796999999999995,0.0188,0.048400000000000006,456774636701154.562500
-0.22796,0.0236,0.0524,456774636701154.562500
-0.22794999999999999,0.0228,0.0492,456774636701154.562500
-0.22793999999999998,0.0228,0.058,456774636701154.562500
-0.22792999999999997,0.0236,0.058,456774636701154.562500
-0.22791999999999996,0.0236,0.058,456774636701154.562500
-0.22791,0.0188,0.056400000000000006,456774636701154.562500
-0.2279,0.022000000000000002,0.056400000000000006,456774636701154.562500
-0.22788999999999998,0.0188,0.0516,456774636701154.562500
-0.22787999999999997,0.0244,0.0572,456774636701154.562500
-0.22786999999999996,0.0204,0.055600000000000004,456774636701154.562500
-0.22785999999999995,0.0252,0.058,456774636701154.562500
-0.22785,0.022000000000000002,0.0572,456774636701154.562500
-0.22784,0.0228,0.053200000000000004,456774636701154.562500
-0.22782999999999998,0.0212,0.0548,456774636701154.562500
-0.22781999999999997,0.022000000000000002,0.05,456774636701154.562500
-0.22780999999999996,0.0244,0.055600000000000004,456774636701154.562500
-0.2278,0.0244,0.05,456774636701154.562500
-0.22779,0.0236,0.0548,456774636701154.562500
-0.22777999999999998,0.022000000000000002,0.048400000000000006,456774636701154.562500
-0.22776999999999997,0.0212,0.055600000000000004,456774636701154.562500
-0.22775999999999996,0.0212,0.054,456774636701154.562500
-0.22774999999999995,0.0236,0.0572,456774636701154.562500
-0.22774,0.0204,0.0572,456774636701154.562500
-0.22773,0.0204,0.0516,456774636701154.562500
-0.22771999999999998,0.0244,0.058,456774636701154.562500
-0.22770999999999997,0.0188,0.055600000000000004,456774636701154.562500
-0.22769999999999996,0.0204,0.0572,456774636701154.562500
-0.22769,0.018000000000000002,0.0524,456774636701154.562500
-0.22768,0.0204,0.055600000000000004,456774636701154.562500
-0.22766999999999998,0.022000000000000002,0.0492,456774636701154.562500
-0.22765999999999997,0.0228,0.058,456774636701154.562500
-0.22764999999999996,0.0196,0.0548,456774636701154.562500
-0.22763999999999995,0.0228,0.0548,456774636701154.562500
-0.22763,0.022000000000000002,0.05,456774636701154.562500
-0.22762,0.022000000000000002,0.058,456774636701154.562500
-0.22760999999999998,0.0236,0.0468,456774636701154.562500
-0.22759999999999997,0.0236,0.0572,456774636701154.562500
-0.22758999999999996,0.0228,0.0476,456774636701154.562500
-0.22758,0.0252,0.053200000000000004,456774636701154.562500
-0.22757,0.0236,0.056400000000000006,456774636701154.562500
-0.22755999999999998,0.0236,0.048400000000000006,456774636701154.562500
-0.22754999999999997,0.0228,0.0572,456774636701154.562500
-0.22753999999999996,0.0236,0.056400000000000006,456774636701154.562500
-0.22752999999999995,0.0204,0.0572,456774636701154.562500
-0.22752,0.0236,0.055600000000000004,456774636701154.562500
-0.22751,0.0212,0.055600000000000004,456774636701154.562500
-0.22749999999999998,0.0212,0.056400000000000006,456774636701154.562500
-0.22748999999999997,0.0164,0.0492,456774636701154.562500
-0.22747999999999996,0.0228,0.054,456774636701154.562500
-0.22746999999999995,0.0196,0.055600000000000004,456774636701154.562500
-0.22746,0.0196,0.0444,456774636701154.562500
-0.22744999999999999,0.022000000000000002,0.058,456774636701154.562500
-0.22743999999999998,0.022000000000000002,0.054,456774636701154.562500
-0.22742999999999997,0.022000000000000002,0.053200000000000004,456774636701154.562500
-0.22741999999999996,0.0196,0.056400000000000006,456774636701154.562500
-0.22741,0.0228,0.053200000000000004,456774636701154.562500
-0.2274,0.0228,0.056400000000000006,456774636701154.562500
-0.22738999999999998,0.0204,0.05,456774636701154.562500
-0.22737999999999997,0.0204,0.054,456774636701154.562500
-0.22736999999999996,0.022000000000000002,0.0548,456774636701154.562500
-0.22735999999999995,0.018000000000000002,0.058,456774636701154.562500
-0.22735,0.022000000000000002,0.056400000000000006,456774636701154.562500
-0.22734,0.022000000000000002,0.0572,456774636701154.562500
-0.22732999999999998,0.0228,0.054,456774636701154.562500
-0.22731999999999997,0.022000000000000002,0.055600000000000004,456774636701154.562500
-0.22730999999999996,0.022000000000000002,0.0524,456774636701154.562500
-0.2273,0.0244,0.058800000000000005,456774636701154.562500
-0.22729,0.0204,0.0524,456774636701154.562500
-0.22727999999999998,0.0236,0.055600000000000004,456774636701154.562500
-0.22726999999999997,0.022000000000000002,0.0476,456774636701154.562500
-0.22725999999999996,0.0252,0.054,456774636701154.562500
-0.22724999999999995,0.0236,0.055600000000000004,456774636701154.562500
-0.22724,0.022000000000000002,0.048400000000000006,456774636701154.562500
-0.22723,0.022000000000000002,0.056400000000000006,456774636701154.562500
-0.22721999999999998,0.0228,0.0572,456774636701154.562500
-0.22720999999999997,0.022000000000000002,0.0548,456774636701154.562500
-0.22719999999999996,0.0212,0.054,456774636701154.562500
-0.22719,0.0228,0.0516,456774636701154.562500
-0.22718,0.0244,0.0548,456774636701154.562500
-0.22716999999999998,0.0204,0.0516,456774636701154.562500
-0.22715999999999997,0.0204,0.0572,456774636701154.562500
-0.22714999999999996,0.0228,0.056400000000000006,456774636701154.562500
-0.22713999999999995,0.0228,0.053200000000000004,456774636701154.562500
-0.22713,0.0204,0.0572,456774636701154.562500
-0.22712,0.0212,0.0524,456774636701154.562500
-0.22710999999999998,0.015600000000000001,0.0572,456774636701154.562500
-0.22709999999999997,0.022000000000000002,0.05,456774636701154.562500
-0.22708999999999996,0.018000000000000002,0.0572,456774636701154.562500
-0.22708,0.0228,0.0524,456774636701154.562500
-0.22707,0.0212,0.056400000000000006,456774636701154.562500
-0.22705999999999998,0.0236,0.0548,456774636701154.562500
-0.22704999999999997,0.0212,0.0444,456774636701154.562500
-0.22703999999999996,0.022000000000000002,0.056400000000000006,456774636701154.562500
-0.22702999999999995,0.0196,0.050800000000000005,456774636701154.562500
-0.22702,0.0228,0.0548,456774636701154.562500
-0.22701,0.0212,0.0492,456774636701154.562500
-0.22699999999999998,0.0204,0.055600000000000004,456774636701154.562500
-0.22698999999999997,0.022000000000000002,0.0572,456774636701154.562500
-0.22697999999999996,0.0188,0.055600000000000004,456774636701154.562500
-0.22697,0.0252,0.056400000000000006,456774636701154.562500
-0.22696,0.0252,0.0548,456774636701154.562500
-0.22694999999999999,0.0228,0.058,456774636701154.562500
-0.22693999999999998,0.0228,0.0572,456774636701154.562500
-0.22692999999999997,0.0204,0.056400000000000006,456774636701154.562500
-0.22691999999999996,0.0236,0.056400000000000006,456774636701154.562500
-0.22691,0.0188,0.0548,456774636701154.562500
-0.2269,0.022000000000000002,0.0548,456774636701154.562500
-0.22688999999999998,0.018000000000000002,0.056400000000000006,456774636701154.562500
-0.22687999999999997,0.022000000000000002,0.050800000000000005,456774636701154.562500
-0.22686999999999996,0.0212,0.055600000000000004,456774636701154.562500
-0.22685999999999995,0.0204,0.0548,456774636701154.562500
-0.22685,0.0228,0.048400000000000006,456774636701154.562500
-0.22683999999999999,0.0228,0.0548,456774636701154.562500
-0.22682999999999998,0.022000000000000002,0.053200000000000004,456774636701154.562500
-0.22681999999999997,0.0228,0.050800000000000005,456774636701154.562500
-0.22680999999999996,0.0228,0.058800000000000005,456774636701154.562500
-0.2268,0.0212,0.056400000000000006,456774636701154.562500
-0.22679,0.0236,0.055600000000000004,456774636701154.562500
-0.22677999999999998,0.0212,0.055600000000000004,456774636701154.562500
-0.22676999999999997,0.0204,0.0524,456774636701154.562500
-0.22675999999999996,0.0196,0.055600000000000004,456774636701154.562500
-0.22674999999999995,0.0188,0.056400000000000006,456774636701154.562500
-0.22674,0.0204,0.056400000000000006,456774636701154.562500
-0.22673,0.0204,0.056400000000000006,456774636701154.562500
-0.22671999999999998,0.0212,0.0572,456774636701154.562500
-0.22670999999999997,0.0252,0.0444,456774636701154.562500
-0.22669999999999996,0.0204,0.058,456774636701154.562500
-0.22669,0.0252,0.0476,456774636701154.562500
-0.22668,0.022000000000000002,0.058800000000000005,456774636701154.562500
-0.22666999999999998,0.0244,0.0412,456774636701154.562500
-0.22665999999999997,0.0228,0.053200000000000004,456774636701154.562500
-0.22664999999999996,0.022000000000000002,0.0548,456774636701154.562500
-0.22663999999999995,0.0236,0.058,456774636701154.562500
-0.22663,0.018000000000000002,0.056400000000000006,456774636701154.562500
-0.22662,0.0236,0.056400000000000006,456774636701154.562500
-0.22660999999999998,0.0212,0.058,456774636701154.562500
-0.22659999999999997,0.0204,0.0572,456774636701154.562500
-0.22658999999999996,0.022000000000000002,0.0548,456774636701154.562500
-0.22658,0.0148,0.055600000000000004,456774636701154.562500
-0.22657,0.0236,0.0548,456774636701154.562500
-0.22655999999999998,0.0204,0.0548,456774636701154.562500
-0.22654999999999997,0.0212,0.054,456774636701154.562500
-0.22653999999999996,0.0236,0.0548,456774636701154.562500
-0.22652999999999995,0.022000000000000002,0.0468,456774636701154.562500
-0.22652,0.022000000000000002,0.054,456774636701154.562500
-0.22651,0.022000000000000002,0.056400000000000006,456774636701154.562500
-0.22649999999999998,0.0212,0.056400000000000006,456774636701154.562500
-0.22648999999999997,0.0228,0.0572,456774636701154.562500
-0.22647999999999996,0.018000000000000002,0.055600000000000004,456774636701154.562500
-0.22647,0.0212,0.058,456774636701154.562500
-0.22646,0.022000000000000002,0.055600000000000004,456774636701154.562500
-0.22644999999999998,0.0164,0.0548,456774636701154.562500
-0.22643999999999997,0.0228,0.058,456774636701154.562500
-0.22642999999999996,0.022000000000000002,0.0548,456774636701154.562500
-0.22641999999999995,0.0196,0.056400000000000006,456774636701154.562500
-0.22641,0.0236,0.0572,456774636701154.562500
-0.2264,0.0204,0.0524,456774636701154.562500
-0.22638999999999998,0.0236,0.054,456774636701154.562500
-0.22637999999999997,0.0212,0.0572,456774636701154.562500
-0.22636999999999996,0.0228,0.054,456774636701154.562500
-0.22635999999999995,0.0244,0.056400000000000006,456774636701154.562500
-0.22635,0.0244,0.0548,456774636701154.562500
-0.22633999999999999,0.0244,0.055600000000000004,456774636701154.562500
-0.22632999999999998,0.0236,0.056400000000000006,456774636701154.562500
-0.22631999999999997,0.0228,0.0572,456774636701154.562500
-0.22630999999999996,0.0228,0.056400000000000006,456774636701154.562500
-0.2263,0.0196,0.0468,456774636701154.562500
-0.22629,0.0228,0.053200000000000004,456774636701154.562500
-0.22627999999999998,0.0236,0.0516,456774636701154.562500
-0.22626999999999997,0.0236,0.055600000000000004,456774636701154.562500
-0.22625999999999996,0.022000000000000002,0.054,456774636701154.562500
-0.22624999999999995,0.0236,0.058,456774636701154.562500
-0.22624,0.0196,0.055600000000000004,456774636701154.562500
-0.22623,0.022000000000000002,0.0364,456774636701154.562500
-0.22621999999999998,0.022000000000000002,0.0524,456774636701154.562500
-0.22620999999999997,0.022000000000000002,0.046,456774636701154.562500
-0.22619999999999996,0.0212,0.0572,456774636701154.562500
-0.22619,0.0212,0.0548,456774636701154.562500
-0.22618,0.0204,0.056400000000000006,456774636701154.562500
-0.22616999999999998,0.022000000000000002,0.055600000000000004,456774636701154.562500
-0.22615999999999997,0.0212,0.0572,456774636701154.562500
-0.22614999999999996,0.0236,0.058,456774636701154.562500
-0.22613999999999995,0.0228,0.0572,456774636701154.562500
-0.22613,0.0188,0.055600000000000004,456774636701154.562500
-0.22612,0.0212,0.058,456774636701154.562500
-0.22610999999999998,0.0236,0.056400000000000006,456774636701154.562500
-0.22609999999999997,0.0228,0.056400000000000006,456774636701154.562500
-0.22608999999999996,0.0212,0.058,456774636701154.562500
-0.22608,0.0244,0.054,456774636701154.562500
-0.22607,0.0212,0.056400000000000006,456774636701154.562500
-0.22605999999999998,0.0228,0.0572,456774636701154.562500
-0.22604999999999997,0.0236,0.055600000000000004,456774636701154.562500
-0.22603999999999996,0.0236,0.0572,456774636701154.562500
-0.22602999999999995,0.0244,0.055600000000000004,456774636701154.562500
-0.22602,0.0228,0.056400000000000006,456774636701154.562500
-0.22601,0.0212,0.0548,456774636701154.562500
-0.22599999999999998,0.0228,0.0572,456774636701154.562500
-0.22598999999999997,0.022000000000000002,0.058,456774636701154.562500
-0.22597999999999996,0.0212,0.058,456774636701154.562500
-0.22597,0.0212,0.0516,456774636701154.562500
-0.22596,0.0204,0.0572,456774636701154.562500
-0.22594999999999998,0.0196,0.0572,456774636701154.562500
-0.22593999999999997,0.022000000000000002,0.053200000000000004,456774636701154.562500
-0.22592999999999996,0.0196,0.0572,456774636701154.562500
-0.22591999999999995,0.022000000000000002,0.0516,456774636701154.562500
-0.22591,0.022000000000000002,0.0524,456774636701154.562500
-0.2259,0.0212,0.0516,456774636701154.562500
-0.22588999999999998,0.0212,0.056400000000000006,456774636701154.562500
-0.22587999999999997,0.0228,0.050800000000000005,456774636701154.562500
-0.22586999999999996,0.022000000000000002,0.056400000000000006,456774636701154.562500
-0.22586,0.022000000000000002,0.0492,456774636701154.562500
-0.22585,0.022000000000000002,0.054,456774636701154.562500
-0.22583999999999999,0.0236,0.0468,456774636701154.562500
-0.22582999999999998,0.0236,0.056400000000000006,456774636701154.562500
-0.22581999999999997,0.022000000000000002,0.056400000000000006,456774636701154.562500
-0.22580999999999996,0.022000000000000002,0.056400000000000006,456774636701154.562500
-0.2258,0.0236,0.056400000000000006,456774636701154.562500
-0.22579,0.0236,0.050800000000000005,456774636701154.562500
-0.22577999999999998,0.0244,0.056400000000000006,456774636701154.562500
-0.22576999999999997,0.0236,0.055600000000000004,456774636701154.562500
-0.22575999999999996,0.0244,0.053200000000000004,456774636701154.562500
-0.22574999999999995,0.0228,0.054,456774636701154.562500
-0.22574,0.0244,0.048400000000000006,456774636701154.562500
-0.22573,0.0212,0.05,456774636701154.562500
-0.22571999999999998,0.0212,0.0548,456774636701154.562500
-0.22570999999999997,0.0228,0.0444,456774636701154.562500
-0.22569999999999996,0.0212,0.058800000000000005,456774636701154.562500
-0.22569,0.0228,0.0548,456774636701154.562500
-0.22568,0.0228,0.055600000000000004,456774636701154.562500
-0.22566999999999998,0.0228,0.058,456774636701154.562500
-0.22565999999999997,0.022000000000000002,0.0524,456774636701154.562500
-0.22564999999999996,0.022000000000000002,0.0572,456774636701154.562500
-0.22563999999999995,0.0228,0.054,456774636701154.562500
-0.22563,0.0212,0.058,456774636701154.562500
-0.22562,0.0236,0.056400000000000006,456774636701154.562500
-0.22560999999999998,0.022000000000000002,0.054,456774636701154.562500
-0.22559999999999997,0.0212,0.054,456774636701154.562500
-0.22558999999999996,0.0204,0.056400000000000006,456774636701154.562500
-0.22558,0.022000000000000002,0.0516,456774636701154.562500
-0.22557,0.0212,0.056400000000000006,456774636701154.562500
-0.22555999999999998,0.022000000000000002,0.0572,456774636701154.562500
-0.22554999999999997,0.022000000000000002,0.056400000000000006,456774636701154.562500
-0.22553999999999996,0.022000000000000002,0.056400000000000006,456774636701154.562500
-0.22552999999999995,0.0196,0.048400000000000006,456774636701154.562500
-0.22552,0.0228,0.054,456774636701154.562500
-0.22551,0.0204,0.0548,456774636701154.562500
-0.22549999999999998,0.0236,0.058,456774636701154.562500
-0.22548999999999997,0.022000000000000002,0.054,456774636701154.562500
-0.22547999999999996,0.0228,0.055600000000000004,456774636701154.562500
-0.22547,0.0236,0.056400000000000006,456774636701154.562500
-0.22546,0.0236,0.056400000000000006,456774636701154.562500
-0.22544999999999998,0.0252,0.056400000000000006,456774636701154.562500
-0.22543999999999997,0.0212,0.056400000000000006,456774636701154.562500
-0.22542999999999996,0.022000000000000002,0.056400000000000006,456774636701154.562500
-0.22541999999999995,0.0244,0.0548,456774636701154.562500
-0.22541,0.0204,0.055600000000000004,456774636701154.562500
-0.2254,0.0228,0.0572,456774636701154.562500
-0.22538999999999998,0.0236,0.0572,456774636701154.562500
-0.22537999999999997,0.022000000000000002,0.053200000000000004,456774636701154.562500
-0.22536999999999996,0.0228,0.056400000000000006,456774636701154.562500
-0.22536,0.0212,0.0516,456774636701154.562500
-0.22535,0.0204,0.056400000000000006,456774636701154.562500
-0.22533999999999998,0.0204,0.0492,456774636701154.562500
-0.22532999999999997,0.0228,0.058800000000000005,456774636701154.562500
-0.22531999999999996,0.018000000000000002,0.055600000000000004,456774636701154.562500
-0.22530999999999995,0.022000000000000002,0.0492,456774636701154.562500
-0.2253,0.018000000000000002,0.05,456774636701154.562500
-0.22529,0.015600000000000001,0.0492,456774636701154.562500
-0.22527999999999998,0.0228,0.0444,456774636701154.562500
-0.22526999999999997,0.0196,0.056400000000000006,456774636701154.562500
-0.22525999999999996,0.0236,0.050800000000000005,456774636701154.562500
-0.22524999999999995,0.0188,0.0572,456774636701154.562500
-0.22524,0.022000000000000002,0.0548,456774636701154.562500
-0.22522999999999999,0.0204,0.055600000000000004,456774636701154.562500
-0.22521999999999998,0.0236,0.055600000000000004,456774636701154.562500
-0.22520999999999997,0.0236,0.055600000000000004,456774636701154.562500
-0.22519999999999996,0.0212,0.0572,456774636701154.562500
-0.22519,0.0244,0.0516,456774636701154.562500
-0.22518,0.0188,0.0548,456774636701154.562500
-0.22516999999999998,0.0236,0.055600000000000004,456774636701154.562500
-0.22515999999999997,0.022000000000000002,0.054,456774636701154.562500
-0.22514999999999996,0.0236,0.0548,456774636701154.562500
-0.22513999999999995,0.018000000000000002,0.054,456774636701154.562500
-0.22513,0.026000000000000002,0.05,456774636701154.562500
-0.22512,0.022000000000000002,0.0516,456774636701154.562500
-0.22510999999999998,0.0236,0.0572,456774636701154.562500
-0.22509999999999997,0.0236,0.0388,456774636701154.562500
-0.22508999999999996,0.022000000000000002,0.0524,456774636701154.562500
-0.22508,0.0228,0.0476,456774636701154.562500
-0.22507,0.0204,0.0572,456774636701154.562500
-0.22505999999999998,0.0236,0.0516,456774636701154.562500
-0.22504999999999997,0.0212,0.0572,456774636701154.562500
-0.22503999999999996,0.0188,0.0516,456774636701154.562500
-0.22502999999999995,0.0196,0.0548,456774636701154.562500
-0.22502,0.018000000000000002,0.05,456774636701154.562500
-0.22501,0.022000000000000002,0.056400000000000006,456774636701154.562500
-0.22499999999999998,0.0196,0.053200000000000004,456774636701154.562500
-0.22498999999999997,0.0212,0.056400000000000006,456774636701154.562500
-0.22497999999999996,0.0228,0.0524,456774636701154.562500
-0.22497,0.0188,0.056400000000000006,456774636701154.562500
-0.22496,0.0212,0.042,456774636701154.562500
-0.22494999999999998,0.0172,0.0492,456774636701154.562500
-0.22493999999999997,0.0212,0.053200000000000004,456774636701154.562500
-0.22492999999999996,0.0188,0.055600000000000004,456774636701154.562500
-0.22491999999999995,0.0228,0.058,456774636701154.562500
-0.22491,0.0204,0.0412,456774636701154.562500
-0.2249,0.0212,0.056400000000000006,456774636701154.562500
-0.22488999999999998,0.0212,0.055600000000000004,456774636701154.562500
-0.22487999999999997,0.0244,0.058,456774636701154.562500
-0.22486999999999996,0.0244,0.0548,456774636701154.562500
-0.22486,0.0236,0.056400000000000006,456774636701154.562500
-0.22485,0.022000000000000002,0.0548,456774636701154.562500
-0.22483999999999998,0.0244,0.056400000000000006,456774636701154.562500
-0.22482999999999997,0.022000000000000002,0.054,456774636701154.562500
-0.22481999999999996,0.0236,0.0572,456774636701154.562500
-0.22480999999999995,0.0228,0.0468,456774636701154.562500
-0.2248,0.0212,0.0572,456774636701154.562500
-0.22479,0.022000000000000002,0.050800000000000005,456774636701154.562500
-0.22477999999999998,0.0236,0.0524,456774636701154.562500
-0.22476999999999997,0.0228,0.0548,456774636701154.562500
-0.22475999999999996,0.022000000000000002,0.055600000000000004,456774636701154.562500
-0.22474999999999995,0.0236,0.055600000000000004,456774636701154.562500
-0.22474,0.0236,0.0492,456774636701154.562500
-0.22472999999999999,0.0212,0.056400000000000006,456774636701154.562500
-0.22471999999999998,0.0228,0.055600000000000004,456774636701154.562500
-0.22470999999999997,0.0228,0.058800000000000005,456774636701154.562500
-0.22469999999999996,0.022000000000000002,0.055600000000000004,456774636701154.562500
-0.22469,0.0204,0.0476,456774636701154.562500
-0.22468,0.0204,0.056400000000000006,456774636701154.562500
-0.22466999999999998,0.0212,0.056400000000000006,456774636701154.562500
-0.22465999999999997,0.0236,0.0548,456774636701154.562500
-0.22464999999999996,0.0204,0.0524,456774636701154.562500
-0.22463999999999995,0.022000000000000002,0.0516,456774636701154.562500
-0.22463,0.014,0.040400000000000005,456774636701154.562500
-0.22462,0.0236,0.0548,456774636701154.562500
-0.22460999999999998,0.0188,0.053200000000000004,456774636701154.562500
-0.22459999999999997,0.0212,0.0572,456774636701154.562500
-0.22458999999999996,0.0188,0.056400000000000006,456774636701154.562500
-0.22458,0.0228,0.053200000000000004,456774636701154.562500
-0.22457,0.0212,0.0572,456774636701154.562500
-0.22455999999999998,0.0236,0.055600000000000004,456774636701154.562500
-0.22454999999999997,0.0228,0.0572,456774636701154.562500
-0.22453999999999996,0.0244,0.056400000000000006,456774636701154.562500
-0.22452999999999995,0.0228,0.055600000000000004,456774636701154.562500
-0.22452,0.0236,0.0572,456774636701154.562500
-0.22451,0.0244,0.0572,456774636701154.562500
-0.22449999999999998,0.022000000000000002,0.056400000000000006,456774636701154.562500
-0.22448999999999997,0.0244,0.055600000000000004,456774636701154.562500
-0.22447999999999996,0.0228,0.0572,456774636701154.562500
-0.22447,0.022000000000000002,0.0516,456774636701154.562500
-0.22446,0.0204,0.055600000000000004,456774636701154.562500
-0.22444999999999998,0.0212,0.0548,456774636701154.562500
-0.22443999999999997,0.0212,0.054,456774636701154.562500
-0.22442999999999996,0.0212,0.056400000000000006,456774636701154.562500
-0.22441999999999995,0.0212,0.0516,456774636701154.562500
-0.22441,0.0188,0.053200000000000004,456774636701154.562500
-0.2244,0.022000000000000002,0.050800000000000005,456774636701154.562500
-0.22438999999999998,0.022000000000000002,0.0548,456774636701154.562500
-0.22437999999999997,0.0236,0.055600000000000004,456774636701154.562500
-0.22436999999999996,0.0212,0.0572,456774636701154.562500
-0.22436,0.0188,0.056400000000000006,456774636701154.562500
-0.22435,0.022000000000000002,0.056400000000000006,456774636701154.562500
-0.22433999999999998,0.0196,0.0572,456774636701154.562500
-0.22432999999999997,0.0228,0.0572,456774636701154.562500
-0.22431999999999996,0.0228,0.056400000000000006,456774636701154.562500
-0.22430999999999995,0.0204,0.0572,456774636701154.562500
-0.2243,0.0244,0.056400000000000006,456774636701154.562500
-0.22429,0.0204,0.045200000000000004,456774636701154.562500
-0.22427999999999998,0.0196,0.058,456774636701154.562500
-0.22426999999999997,0.0236,0.054,456774636701154.562500
-0.22425999999999996,0.022000000000000002,0.054,456774636701154.562500
-0.22425,0.022000000000000002,0.054,456774636701154.562500
-0.22424,0.026000000000000002,0.0476,456774636701154.562500
-0.22422999999999998,0.0236,0.053200000000000004,456774636701154.562500
-0.22421999999999997,0.026000000000000002,0.0524,456774636701154.562500
-0.22420999999999996,0.0236,0.0572,456774636701154.562500
-0.22419999999999995,0.0228,0.050800000000000005,456774636701154.562500
-0.22419,0.0212,0.055600000000000004,456774636701154.562500
-0.22418,0.0228,0.0516,456774636701154.562500
-0.22416999999999998,0.0212,0.0548,456774636701154.562500
-0.22415999999999997,0.0228,0.054,456774636701154.562500
-0.22414999999999996,0.0212,0.053200000000000004,456774636701154.562500
-0.22413999999999995,0.0236,0.0516,456774636701154.562500
-0.22413,0.0212,0.0436,456774636701154.562500
-0.22411999999999999,0.022000000000000002,0.056400000000000006,456774636701154.562500
-0.22410999999999998,0.0204,0.0444,456774636701154.562500
-0.22409999999999997,0.0228,0.0572,456774636701154.562500
-0.22408999999999996,0.022000000000000002,0.055600000000000004,456774636701154.562500
-0.22408,0.0188,0.053200000000000004,456774636701154.562500
-0.22407,0.0212,0.05,456774636701154.562500
-0.22405999999999998,0.018000000000000002,0.056400000000000006,456774636701154.562500
-0.22404999999999997,0.0204,0.054,456774636701154.562500
-0.22403999999999996,0.018000000000000002,0.053200000000000004,456774636701154.562500
-0.22402999999999995,0.0228,0.058,456774636701154.562500
-0.22402,0.0196,0.054,456774636701154.562500
-0.22401,0.0228,0.0572,456774636701154.562500
-0.22399999999999998,0.0228,0.056400000000000006,456774636701154.562500
-0.22398999999999997,0.0228,0.0572,456774636701154.562500
-0.22397999999999996,0.022000000000000002,0.056400000000000006,456774636701154.562500
-0.22397,0.0196,0.054,456774636701154.562500
-0.22396,0.0228,0.0548,456774636701154.562500
-0.22394999999999998,0.0228,0.055600000000000004,456774636701154.562500
-0.22393999999999997,0.0236,0.0572,456774636701154.562500
-0.22392999999999996,0.0252,0.0516,456774636701154.562500
-0.22391999999999995,0.022000000000000002,0.0572,456774636701154.562500
-0.22391,0.0244,0.048400000000000006,456774636701154.562500
-0.2239,0.0196,0.0572,456774636701154.562500
-0.22388999999999998,0.022000000000000002,0.042,456774636701154.562500
-0.22387999999999997,0.0236,0.055600000000000004,456774636701154.562500
-0.22386999999999996,0.0228,0.055600000000000004,456774636701154.562500
-0.22386,0.0228,0.055600000000000004,456774636701154.562500
-0.22385,0.022000000000000002,0.055600000000000004,456774636701154.562500
-0.22383999999999998,0.0236,0.0548,456774636701154.562500
-0.22382999999999997,0.0236,0.0524,456774636701154.562500
-0.22381999999999996,0.0212,0.056400000000000006,456774636701154.562500
-0.22380999999999995,0.0204,0.048400000000000006,456774636701154.562500
-0.2238,0.0228,0.0572,456774636701154.562500
-0.22379,0.0196,0.05,456774636701154.562500
-0.22377999999999998,0.0196,0.055600000000000004,456774636701154.562500
-0.22376999999999997,0.018000000000000002,0.0516,456774636701154.562500
-0.22375999999999996,0.022000000000000002,0.053200000000000004,456774636701154.562500
-0.22375,0.0196,0.056400000000000006,456774636701154.562500
-0.22374,0.0236,0.0444,456774636701154.562500
-0.22372999999999998,0.0172,0.056400000000000006,456774636701154.562500
-0.22371999999999997,0.0236,0.0516,456774636701154.562500
-0.22370999999999996,0.022000000000000002,0.058,456774636701154.562500
-0.22369999999999995,0.0228,0.053200000000000004,456774636701154.562500
-0.22369,0.0204,0.0572,456774636701154.562500
-0.22368,0.0244,0.054,456774636701154.562500
-0.22366999999999998,0.0236,0.056400000000000006,456774636701154.562500
-0.22365999999999997,0.0236,0.0548,456774636701154.562500
-0.22364999999999996,0.0236,0.058,456774636701154.562500
-0.22363999999999995,0.022000000000000002,0.056400000000000006,456774636701154.562500
-0.22363,0.026000000000000002,0.05,456774636701154.562500
-0.22361999999999999,0.0228,0.058,456774636701154.562500
-0.22360999999999998,0.0228,0.0548,456774636701154.562500
-0.22359999999999997,0.0236,0.058,456774636701154.562500
-0.22358999999999996,0.0228,0.0468,456774636701154.562500
-0.22358,0.0244,0.054,456774636701154.562500
-0.22357,0.0236,0.0476,456774636701154.562500
-0.22355999999999998,0.0212,0.0572,456774636701154.562500
-0.22354999999999997,0.0244,0.053200000000000004,456774636701154.562500
-0.22353999999999996,0.0212,0.056400000000000006,456774636701154.562500
-0.22352999999999995,0.0236,0.058800000000000005,456774636701154.562500
-0.22352,0.0172,0.055600000000000004,456774636701154.562500
-0.22351,0.0204,0.055600000000000004,456774636701154.562500
-0.22349999999999998,0.022000000000000002,0.056400000000000006,456774636701154.562500
-0.22348999999999997,0.022000000000000002,0.0572,456774636701154.562500
-0.22347999999999996,0.0212,0.0572,456774636701154.562500
-0.22347,0.0204,0.055600000000000004,456774636701154.562500
-0.22346,0.0204,0.045200000000000004,456774636701154.562500
-0.22344999999999998,0.0204,0.056400000000000006,456774636701154.562500
-0.22343999999999997,0.0228,0.045200000000000004,456774636701154.562500
-0.22342999999999996,0.015600000000000001,0.054,456774636701154.562500
-0.22341999999999995,0.022000000000000002,0.0492,456774636701154.562500
-0.22341,0.0204,0.056400000000000006,456774636701154.562500
-0.2234,0.0236,0.0436,456774636701154.562500
-0.22338999999999998,0.0228,0.0548,456774636701154.562500
-0.22337999999999997,0.0236,0.0476,456774636701154.562500
-0.22336999999999996,0.0228,0.0572,456774636701154.562500
-0.22336,0.0236,0.0524,456774636701154.562500
-0.22335,0.022000000000000002,0.0516,456774636701154.562500
-0.22333999999999998,0.0228,0.0524,456774636701154.562500
-0.22332999999999997,0.0252,0.05,456774636701154.562500
-0.22331999999999996,0.022000000000000002,0.056400000000000006,456774636701154.562500
-0.22330999999999995,0.0244,0.0516,456774636701154.562500
-0.2233,0.0236,0.058,456774636701154.562500
-0.22329,0.0228,0.053200000000000004,456774636701154.562500
-0.22327999999999998,0.0252,0.056400000000000006,456774636701154.562500
-0.22326999999999997,0.0212,0.046,456774636701154.562500
-0.22325999999999996,0.0228,0.055600000000000004,456774636701154.562500
-0.22325,0.0212,0.0388,456774636701154.562500
-0.22324,0.0212,0.0572,456774636701154.562500
-0.22322999999999998,0.0212,0.042,456774636701154.562500
-0.22321999999999997,0.0212,0.0572,456774636701154.562500
-0.22320999999999996,0.0212,0.050800000000000005,456774636701154.562500
-0.22319999999999995,0.0236,0.0524,456774636701154.562500
-0.22319,0.0172,0.0524,456774636701154.562500
-0.22318,0.0212,0.0572,456774636701154.562500
-0.22316999999999998,0.0196,0.0524,456774636701154.562500
-0.22315999999999997,0.0204,0.056400000000000006,456774636701154.562500
-0.22314999999999996,0.018000000000000002,0.055600000000000004,456774636701154.562500
-0.22314,0.022000000000000002,0.058,456774636701154.562500
-0.22313,0.0212,0.0516,456774636701154.562500
-0.22311999999999999,0.018000000000000002,0.05,456774636701154.562500
-0.22310999999999998,0.0228,0.0516,456774636701154.562500
-0.22309999999999997,0.022000000000000002,0.0516,456774636701154.562500
-0.22308999999999996,0.0204,0.053200000000000004,456774636701154.562500
-0.22308,0.0188,0.0516,456774636701154.562500
-0.22307,0.022000000000000002,0.053200000000000004,456774636701154.562500
-0.22305999999999998,0.0204,0.0572,456774636701154.562500
-0.22304999999999997,0.0228,0.0572,456774636701154.562500
-0.22303999999999996,0.0244,0.058,456774636701154.562500
-0.22302999999999995,0.0212,0.058,456774636701154.562500
-0.22302,0.0244,0.05,456774636701154.562500
-0.22300999999999999,0.022000000000000002,0.056400000000000006,456774636701154.562500
-0.22299999999999998,0.0244,0.056400000000000006,456774636701154.562500
-0.22298999999999997,0.0212,0.056400000000000006,456774636701154.562500
-0.22297999999999996,0.0228,0.056400000000000006,456774636701154.562500
-0.22297,0.0204,0.058,456774636701154.562500
-0.22296,0.0204,0.05,456774636701154.562500
-0.22294999999999998,0.0204,0.056400000000000006,456774636701154.562500
-0.22293999999999997,0.0236,0.053200000000000004,456774636701154.562500
-0.22292999999999996,0.0228,0.058,456774636701154.562500
-0.22291999999999995,0.0228,0.0572,456774636701154.562500
-0.22291,0.0204,0.0548,456774636701154.562500
-0.2229,0.0228,0.0548,456774636701154.562500
-0.22288999999999998,0.022000000000000002,0.0492,456774636701154.562500
-0.22287999999999997,0.022000000000000002,0.0548,456774636701154.562500
-0.22286999999999996,0.0172,0.0516,456774636701154.562500
-0.22286,0.0188,0.0492,456774636701154.562500
-0.22285,0.015600000000000001,0.056400000000000006,456774636701154.562500
-0.22283999999999998,0.0196,0.054,456774636701154.562500
-0.22282999999999997,0.0212,0.0572,456774636701154.562500
-0.22281999999999996,0.0204,0.056400000000000006,456774636701154.562500
-0.22280999999999995,0.0204,0.058800000000000005,456774636701154.562500
-0.2228,0.022000000000000002,0.054,456774636701154.562500
-0.22279,0.0212,0.055600000000000004,456774636701154.562500
-0.22277999999999998,0.022000000000000002,0.055600000000000004,456774636701154.562500
-0.22276999999999997,0.0236,0.056400000000000006,456774636701154.562500
-0.22275999999999996,0.0212,0.058,456774636701154.562500
-0.22275,0.0228,0.0516,456774636701154.562500
-0.22274,0.011600000000000001,0.054,456774636701154.562500
-0.22272999999999998,0.0236,0.058,456774636701154.562500
-0.22271999999999997,0.0236,0.0572,456774636701154.562500
-0.22270999999999996,0.0236,0.054,456774636701154.562500
-0.22269999999999995,0.018000000000000002,0.0516,456774636701154.562500
-0.22269,0.0212,0.0524,456774636701154.562500
-0.22268,0.022000000000000002,0.058,456774636701154.562500
-0.22266999999999998,0.0212,0.055600000000000004,456774636701154.562500
-0.22265999999999997,0.0236,0.0572,456774636701154.562500
-0.22264999999999996,0.0196,0.058,456774636701154.562500
-0.22264,0.022000000000000002,0.058,456774636701154.562500
-0.22263,0.022000000000000002,0.0548,456774636701154.562500
-0.22261999999999998,0.0204,0.0572,456774636701154.562500
-0.22260999999999997,0.0236,0.058,456774636701154.562500
-0.22259999999999996,0.022000000000000002,0.058,456774636701154.562500
-0.22258999999999995,0.0212,0.056400000000000006,456774636701154.562500
-0.22258,0.0212,0.056400000000000006,456774636701154.562500
-0.22257,0.0204,0.0516,456774636701154.562500
-0.22255999999999998,0.0204,0.056400000000000006,456774636701154.562500
-0.22254999999999997,0.0196,0.0548,456774636701154.562500
-0.22253999999999996,0.0204,0.056400000000000006,456774636701154.562500
-0.22252999999999995,0.022000000000000002,0.056400000000000006,456774636701154.562500
-0.22252,0.0204,0.0572,456774636701154.562500
-0.22250999999999999,0.0236,0.054,456774636701154.562500
-0.22249999999999998,0.022000000000000002,0.058,456774636701154.562500
-0.22248999999999997,0.0228,0.0572,456774636701154.562500
-0.22247999999999996,0.0228,0.0524,456774636701154.562500
-0.22247,0.0228,0.054,456774636701154.562500
-0.22246,0.0244,0.054,456774636701154.562500
-0.22244999999999998,0.0228,0.054,456774636701154.562500
-0.22243999999999997,0.0228,0.0572,456774636701154.562500
-0.22242999999999996,0.0228,0.058,456774636701154.562500
-0.22241999999999995,0.0228,0.0548,456774636701154.562500
-0.22241,0.0252,0.0476,456774636701154.562500
-0.2224,0.0228,0.058,456774636701154.562500
-0.22238999999999998,0.026000000000000002,0.056400000000000006,456774636701154.562500
-0.22237999999999997,0.022000000000000002,0.0572,456774636701154.562500
-0.22236999999999996,0.0244,0.055600000000000004,456774636701154.562500
-0.22236,0.0244,0.0572,456774636701154.562500
-0.22235,0.0236,0.055600000000000004,456774636701154.562500
-0.22233999999999998,0.0244,0.0524,456774636701154.562500
-0.22232999999999997,0.0228,0.056400000000000006,456774636701154.562500
-0.22231999999999996,0.0244,0.055600000000000004,456774636701154.562500
-0.22230999999999995,0.022000000000000002,0.0476,456774636701154.562500
-0.2223,0.022000000000000002,0.0516,456774636701154.562500
-0.22229,0.0228,0.0524,456774636701154.562500
-0.22227999999999998,0.018000000000000002,0.056400000000000006,456774636701154.562500
-0.22226999999999997,0.0228,0.058,456774636701154.562500
-0.22225999999999996,0.022000000000000002,0.0572,456774636701154.562500
-0.22225,0.0196,0.0548,456774636701154.562500
-0.22224,0.0228,0.054,456774636701154.562500
-0.22222999999999998,0.0196,0.05,456774636701154.562500
-0.22221999999999997,0.0204,0.055600000000000004,456774636701154.562500
-0.22220999999999996,0.0212,0.05,456774636701154.562500
-0.22219999999999995,0.022000000000000002,0.0524,456774636701154.562500
-0.22219,0.0204,0.048400000000000006,456774636701154.562500
-0.22218,0.022000000000000002,0.053200000000000004,456774636701154.562500
-0.22216999999999998,0.0228,0.0436,456774636701154.562500
-0.22215999999999997,0.0196,0.058,456774636701154.562500
-0.22214999999999996,0.0228,0.0516,456774636701154.562500
-0.22214,0.0212,0.0476,456774636701154.562500
-0.22213,0.0244,0.050800000000000005,456774636701154.562500
-0.22211999999999998,0.0236,0.0548,456774636701154.562500
-0.22210999999999997,0.0252,0.0548,456774636701154.562500
-0.22209999999999996,0.0244,0.055600000000000004,456774636701154.562500
-0.22208999999999995,0.0252,0.05,456774636701154.562500
-0.22208,0.0228,0.054,456774636701154.562500
-0.22207,0.022000000000000002,0.056400000000000006,456774636701154.562500
-0.22205999999999998,0.0236,0.058,456774636701154.562500
-0.22204999999999997,0.0212,0.056400000000000006,456774636701154.562500
-0.22203999999999996,0.0236,0.058,456774636701154.562500
-0.22202999999999995,0.0212,0.0572,456774636701154.562500
-0.22202,0.0228,0.058,456774636701154.562500
-0.22200999999999999,0.0236,0.050800000000000005,456774636701154.562500
-0.22199999999999998,0.0196,0.0572,456774636701154.562500
-0.22198999999999997,0.022000000000000002,0.054,456774636701154.562500
-0.22197999999999996,0.0204,0.058,456774636701154.562500
-0.22197,0.0212,0.05,456774636701154.562500
-0.22196,0.0204,0.055600000000000004,456774636701154.562500
-0.22194999999999998,0.0204,0.0548,456774636701154.562500
-0.22193999999999997,0.0228,0.054,456774636701154.562500
-0.22192999999999996,0.022000000000000002,0.058,456774636701154.562500
-0.22191999999999995,0.0204,0.0516,456774636701154.562500
-0.22191,0.022000000000000002,0.055600000000000004,456774636701154.562500
-0.2219,0.0204,0.055600000000000004,456774636701154.562500
-0.22188999999999998,0.022000000000000002,0.058,456774636701154.562500
-0.22187999999999997,0.0204,0.055600000000000004,456774636701154.562500
-0.22186999999999996,0.0228,0.058,456774636701154.562500
-0.22186,0.0228,0.0468,456774636701154.562500
-0.22185,0.0236,0.056400000000000006,456774636701154.562500
-0.22183999999999998,0.0228,0.050800000000000005,456774636701154.562500
-0.22182999999999997,0.0236,0.0572,456774636701154.562500
-0.22181999999999996,0.0236,0.058800000000000005,456774636701154.562500
-0.22180999999999995,0.0252,0.055600000000000004,456774636701154.562500
-0.2218,0.0244,0.053200000000000004,456774636701154.562500
-0.22179,0.0236,0.055600000000000004,456774636701154.562500
-0.22177999999999998,0.0252,0.054,456774636701154.562500
-0.22176999999999997,0.022000000000000002,0.056400000000000006,456774636701154.562500
-0.22175999999999996,0.026000000000000002,0.054,456774636701154.562500
-0.22175,0.0212,0.055600000000000004,456774636701154.562500
-0.22174,0.0244,0.0572,456774636701154.562500
-0.22172999999999998,0.0188,0.0524,456774636701154.562500
-0.22171999999999997,0.0228,0.055600000000000004,456774636701154.562500
-0.22170999999999996,0.0204,0.0572,456774636701154.562500
-0.22169999999999995,0.0204,0.056400000000000006,456774636701154.562500
-0.22169,0.0212,0.055600000000000004,456774636701154.562500
-0.22168,0.0164,0.0524,456774636701154.562500
-0.22166999999999998,0.0236,0.053200000000000004,456774636701154.562500
-0.22165999999999997,0.0204,0.046,456774636701154.562500
-0.22164999999999996,0.0212,0.048400000000000006,456774636701154.562500
-0.22164,0.0212,0.0476,456774636701154.562500
-0.22163,0.022000000000000002,0.058,456774636701154.562500
-0.22161999999999998,0.0236,0.0572,456774636701154.562500
-0.22160999999999997,0.022000000000000002,0.055600000000000004,456774636701154.562500
-0.22159999999999996,0.022000000000000002,0.0524,456774636701154.562500
-0.22158999999999995,0.0228,0.050800000000000005,456774636701154.562500
-0.22158,0.0196,0.055600000000000004,456774636701154.562500
-0.22157,0.022000000000000002,0.0548,456774636701154.562500
-0.22155999999999998,0.0188,0.0572,456774636701154.562500
-0.22154999999999997,0.0236,0.0524,456774636701154.562500
-0.22153999999999996,0.0196,0.055600000000000004,456774636701154.562500
-0.22153,0.0244,0.053200000000000004,456774636701154.562500
-0.22152,0.0212,0.056400000000000006,456774636701154.562500
-0.22150999999999998,0.0212,0.0548,456774636701154.562500
-0.22149999999999997,0.0244,0.0548,456774636701154.562500
-0.22148999999999996,0.026000000000000002,0.055600000000000004,456774636701154.562500
-0.22147999999999995,0.0236,0.0476,456774636701154.562500
-0.22147,0.022000000000000002,0.056400000000000006,456774636701154.562500
-0.22146,0.0212,0.048400000000000006,456774636701154.562500
-0.22144999999999998,0.0228,0.056400000000000006,456774636701154.562500
-0.22143999999999997,0.0236,0.0468,456774636701154.562500
-0.22142999999999996,0.0196,0.056400000000000006,456774636701154.562500
-0.22141999999999995,0.0228,0.058,456774636701154.562500
-0.22141,0.022000000000000002,0.0476,456774636701154.562500
-0.22139999999999999,0.022000000000000002,0.056400000000000006,456774636701154.562500
-0.22138999999999998,0.0204,0.0548,456774636701154.562500
-0.22137999999999997,0.0204,0.056400000000000006,456774636701154.562500
-0.22136999999999996,0.0188,0.0524,456774636701154.562500
-0.22136,0.0132,0.0516,456774636701154.562500
-0.22135,0.0196,0.0548,456774636701154.562500
-0.22133999999999998,0.0212,0.0524,456774636701154.562500
-0.22132999999999997,0.022000000000000002,0.0548,456774636701154.562500
-0.22131999999999996,0.0212,0.056400000000000006,456774636701154.562500
-0.22130999999999995,0.0212,0.058,456774636701154.562500
-0.2213,0.0204,0.053200000000000004,456774636701154.562500
-0.22129,0.022000000000000002,0.0548,456774636701154.562500
-0.22127999999999998,0.0172,0.054,456774636701154.562500
-0.22126999999999997,0.022000000000000002,0.055600000000000004,456774636701154.562500
-0.22125999999999996,0.0196,0.054,456774636701154.562500
-0.22125,0.0212,0.042,456774636701154.562500
-0.22124,0.0228,0.0492,456774636701154.562500
-0.22122999999999998,0.0228,0.0468,456774636701154.562500
-0.22121999999999997,0.022000000000000002,0.056400000000000006,456774636701154.562500
-0.22120999999999996,0.0236,0.058,456774636701154.562500
-0.22119999999999995,0.0236,0.055600000000000004,456774636701154.562500
-0.22119,0.0236,0.055600000000000004,456774636701154.562500
-0.22118,0.0236,0.0548,456774636701154.562500
-0.22116999999999998,0.0236,0.0548,456774636701154.562500
-0.22115999999999997,0.0236,0.056400000000000006,456774636701154.562500
-0.22114999999999996,0.0228,0.050800000000000005,456774636701154.562500
-0.22114,0.0244,0.0548,456774636701154.562500
-0.22113,0.0228,0.053200000000000004,456774636701154.562500
-0.22111999999999998,0.0236,0.0548,456774636701154.562500
-0.22110999999999997,0.0236,0.046,456774636701154.562500
-0.22109999999999996,0.0212,0.0548,456774636701154.562500
-0.22108999999999995,0.0228,0.0572,456774636701154.562500
-0.22108,0.022000000000000002,0.054,456774636701154.562500
-0.22107,0.0204,0.058,456774636701154.562500
-0.22105999999999998,0.018000000000000002,0.055600000000000004,456774636701154.562500
-0.22104999999999997,0.0244,0.0572,456774636701154.562500
-0.22103999999999996,0.0204,0.0572,456774636701154.562500
-0.22103,0.022000000000000002,0.048400000000000006,456774636701154.562500
-0.22102,0.0188,0.056400000000000006,456774636701154.562500
-0.22100999999999998,0.0228,0.0572,456774636701154.562500
-0.22099999999999997,0.0196,0.0572,456774636701154.562500
-0.22098999999999996,0.0212,0.0548,456774636701154.562500
-0.22097999999999995,0.022000000000000002,0.058,456774636701154.562500
-0.22097,0.0204,0.054,456774636701154.562500
-0.22096,0.0188,0.058800000000000005,456774636701154.562500
-0.22094999999999998,0.0236,0.0524,456774636701154.562500
-0.22093999999999997,0.0204,0.058,456774636701154.562500
-0.22092999999999996,0.0212,0.054,456774636701154.562500
-0.22091999999999995,0.022000000000000002,0.058,456774636701154.562500
-0.22091,0.0228,0.058,456774636701154.562500
-0.22089999999999999,0.0244,0.058800000000000005,456774636701154.562500
-0.22088999999999998,0.0236,0.058,456774636701154.562500
-0.22087999999999997,0.0252,0.058,456774636701154.562500
-0.22086999999999996,0.0236,0.056400000000000006,456774636701154.562500
-0.22086,0.0244,0.055600000000000004,456774636701154.562500
-0.22085,0.022000000000000002,0.053200000000000004,456774636701154.562500
-0.22083999999999998,0.0252,0.058,456774636701154.562500
-0.22082999999999997,0.0212,0.0548,456774636701154.562500
-0.22081999999999996,0.0228,0.056400000000000006,456774636701154.562500
-0.22080999999999995,0.022000000000000002,0.0516,456774636701154.562500
-0.2208,0.0236,0.058,456774636701154.562500
-0.22079,0.022000000000000002,0.042800000000000005,456774636701154.562500
-0.22077999999999998,0.0204,0.0572,456774636701154.562500
-0.22076999999999997,0.022000000000000002,0.048400000000000006,456774636701154.562500
-0.22075999999999996,0.0204,0.0548,456774636701154.562500
-0.22075,0.022000000000000002,0.055600000000000004,456774636701154.562500
-0.22074,0.0196,0.056400000000000006,456774636701154.562500
-0.22072999999999998,0.022000000000000002,0.056400000000000006,456774636701154.562500
-0.22071999999999997,0.0204,0.0572,456774636701154.562500
-0.22070999999999996,0.0204,0.058,456774636701154.562500
-0.22069999999999995,0.022000000000000002,0.056400000000000006,456774636701154.562500
-0.22069,0.0228,0.050800000000000005,456774636701154.562500
-0.22068,0.0212,0.0572,456774636701154.562500
-0.22066999999999998,0.022000000000000002,0.053200000000000004,456774636701154.562500
-0.22065999999999997,0.0236,0.055600000000000004,456774636701154.562500
-0.22064999999999996,0.0228,0.0572,456774636701154.562500
-0.22064,0.0228,0.0548,456774636701154.562500
-0.22063,0.022000000000000002,0.056400000000000006,456774636701154.562500
-0.22061999999999998,0.0236,0.050800000000000005,456774636701154.562500
-0.22060999999999997,0.022000000000000002,0.0548,456774636701154.562500
-0.22059999999999996,0.022000000000000002,0.0572,456774636701154.562500
-0.22058999999999995,0.0244,0.0492,456774636701154.562500
-0.22058,0.026000000000000002,0.058,456774636701154.562500
-0.22057,0.0252,0.050800000000000005,456774636701154.562500
-0.22055999999999998,0.0252,0.056400000000000006,456774636701154.562500
-0.22054999999999997,0.0244,0.0516,456774636701154.562500
-0.22053999999999996,0.0244,0.055600000000000004,456774636701154.562500
-0.22053,0.0228,0.055600000000000004,456774636701154.562500
-0.22052,0.0244,0.056400000000000006,456774636701154.562500
-0.22050999999999998,0.0196,0.042800000000000005,456774636701154.562500
-0.22049999999999997,0.022000000000000002,0.056400000000000006,456774636701154.562500
-0.22048999999999996,0.022000000000000002,0.053200000000000004,456774636701154.562500
-0.22047999999999995,0.0228,0.055600000000000004,456774636701154.562500
-0.22047,0.0204,0.0572,456774636701154.562500
-0.22046,0.0228,0.0572,456774636701154.562500
-0.22044999999999998,0.0188,0.056400000000000006,456774636701154.562500
-0.22043999999999997,0.022000000000000002,0.056400000000000006,456774636701154.562500
-0.22042999999999996,0.022000000000000002,0.0572,456774636701154.562500
-0.22042,0.022000000000000002,0.0572,456774636701154.562500
-0.22041,0.0204,0.058,456774636701154.562500
-0.22039999999999998,0.022000000000000002,0.054,456774636701154.562500
-0.22038999999999997,0.018000000000000002,0.0572,456774636701154.562500
-0.22037999999999996,0.0212,0.055600000000000004,456774636701154.562500
-0.22036999999999995,0.0204,0.0572,456774636701154.562500
-0.22036,0.0188,0.056400000000000006,456774636701154.562500
-0.22035,0.022000000000000002,0.054,456774636701154.562500
-0.22033999999999998,0.0228,0.05,456774636701154.562500
-0.22032999999999997,0.0228,0.055600000000000004,456774636701154.562500
-0.22031999999999996,0.0244,0.058,456774636701154.562500
-0.22030999999999995,0.022000000000000002,0.054,456774636701154.562500
-0.2203,0.0244,0.058800000000000005,456774636701154.562500
-0.22028999999999999,0.0244,0.056400000000000006,456774636701154.562500
-0.22027999999999998,0.0252,0.0476,456774636701154.562500
-0.22026999999999997,0.0236,0.0572,456774636701154.562500
-0.22025999999999996,0.0252,0.055600000000000004,456774636701154.562500
-0.22025,0.0172,0.0548,456774636701154.562500
-0.22024,0.0228,0.0516,456774636701154.562500
-0.22022999999999998,0.0236,0.054,456774636701154.562500
-0.22021999999999997,0.0228,0.058,456774636701154.562500
-0.22020999999999996,0.0244,0.058,456774636701154.562500
-0.22019999999999995,0.0236,0.058,456774636701154.562500
-0.22019,0.0228,0.045200000000000004,456774636701154.562500
-0.22018,0.022000000000000002,0.058800000000000005,456774636701154.562500
-0.22016999999999998,0.0212,0.045200000000000004,456774636701154.562500
-0.22015999999999997,0.022000000000000002,0.056400000000000006,456774636701154.562500
-0.22014999999999996,0.022000000000000002,0.055600000000000004,456774636701154.562500
-0.22014,0.0196,0.056400000000000006,456774636701154.562500
-0.22013,0.0212,0.0444,456774636701154.562500
-0.22011999999999998,0.0212,0.05,456774636701154.562500
-0.22010999999999997,0.0228,0.0572,456774636701154.562500
-0.22009999999999996,0.0204,0.058,456774636701154.562500
-0.22008999999999995,0.022000000000000002,0.0548,456774636701154.562500
-0.22008,0.0212,0.054,456774636701154.562500
-0.22007,0.022000000000000002,0.0572,456774636701154.562500
-0.22005999999999998,0.0164,0.0572,456774636701154.562500
-0.22004999999999997,0.018000000000000002,0.0572,456774636701154.562500
-0.22003999999999996,0.0196,0.055600000000000004,456774636701154.562500
-0.22003,0.022000000000000002,0.0548,456774636701154.562500
-0.22002,0.0228,0.058,456774636701154.562500
-0.22000999999999998,0.022000000000000002,0.0524,456774636701154.562500
-0.21999999999999997,0.0236,0.056400000000000006,456774636701154.562500
-0.21998999999999996,0.0236,0.055600000000000004,456774636701154.562500
-0.21997999999999995,0.0252,0.0572,456774636701154.562500
-0.21997,0.0244,0.054,456774636701154.562500
-0.21996,0.0228,0.055600000000000004,456774636701154.562500
-0.21994999999999998,0.0244,0.0444,456774636701154.562500
-0.21993999999999997,0.022000000000000002,0.056400000000000006,456774636701154.562500
-0.21992999999999996,0.0244,0.0548,456774636701154.562500
-0.21992,0.0212,0.050800000000000005,456774636701154.562500
-0.21991,0.0236,0.0572,456774636701154.562500
-0.21989999999999998,0.0228,0.056400000000000006,456774636701154.562500
-0.21988999999999997,0.022000000000000002,0.046,456774636701154.562500
-0.21987999999999996,0.0212,0.055600000000000004,456774636701154.562500
-0.21986999999999995,0.0196,0.054,456774636701154.562500
-0.21986,0.0228,0.056400000000000006,456774636701154.562500
-0.21985,0.0204,0.054,456774636701154.562500
-0.21983999999999998,0.0212,0.05,456774636701154.562500
-0.21982999999999997,0.0212,0.055600000000000004,456774636701154.562500
-0.21981999999999996,0.0204,0.054,456774636701154.562500
-0.21980999999999995,0.0228,0.0572,456774636701154.562500
-0.2198,0.0196,0.0516,456774636701154.562500
-0.21978999999999999,0.0228,0.056400000000000006,456774636701154.562500
-0.21977999999999998,0.0188,0.0468,456774636701154.562500
-0.21976999999999997,0.018000000000000002,0.055600000000000004,456774636701154.562500
-0.21975999999999996,0.0172,0.045200000000000004,456774636701154.562500
-0.21975,0.0212,0.056400000000000006,456774636701154.562500
-0.21974,0.0196,0.053200000000000004,456774636701154.562500
-0.21972999999999998,0.022000000000000002,0.056400000000000006,456774636701154.562500
-0.21971999999999997,0.0228,0.056400000000000006,456774636701154.562500
-0.21970999999999996,0.022000000000000002,0.058,456774636701154.562500
-0.21969999999999995,0.0236,0.055600000000000004,456774636701154.562500
-0.21969,0.022000000000000002,0.056400000000000006,456774636701154.562500
-0.21968,0.0236,0.0548,456774636701154.562500
-0.21966999999999998,0.0252,0.056400000000000006,456774636701154.562500
-0.21965999999999997,0.0252,0.0524,456774636701154.562500
-0.21964999999999996,0.0252,0.0572,456774636701154.562500
-0.21964,0.022000000000000002,0.054,456774636701154.562500
-0.21963,0.0244,0.058,456774636701154.562500
-0.21961999999999998,0.0244,0.0444,456774636701154.562500
-0.21960999999999997,0.0244,0.056400000000000006,456774636701154.562500
-0.21959999999999996,0.0236,0.054,456774636701154.562500
-0.21958999999999995,0.0236,0.058,456774636701154.562500
-0.21958,0.022000000000000002,0.0524,456774636701154.562500
-0.21957,0.0228,0.056400000000000006,456774636701154.562500
-0.21955999999999998,0.0204,0.0468,456774636701154.562500
-0.21954999999999997,0.022000000000000002,0.0444,456774636701154.562500
-0.21953999999999996,0.0236,0.0476,456774636701154.562500
-0.21953,0.022000000000000002,0.055600000000000004,456774636701154.562500
-0.21952,0.022000000000000002,0.0524,456774636701154.562500
-0.21950999999999998,0.0204,0.0572,456774636701154.562500
-0.21949999999999997,0.0204,0.050800000000000005,456774636701154.562500
-0.21948999999999996,0.0212,0.0516,456774636701154.562500
-0.21947999999999995,0.022000000000000002,0.0492,456774636701154.562500
-0.21947,0.022000000000000002,0.0572,456774636701154.562500
-0.21946,0.0212,0.054,456774636701154.562500
-0.21944999999999998,0.0228,0.0572,456774636701154.562500
-0.21943999999999997,0.0228,0.054,456774636701154.562500
-0.21942999999999996,0.0228,0.0548,456774636701154.562500
-0.21942,0.0228,0.058,456774636701154.562500
-0.21941,0.0204,0.0548,456774636701154.562500
-0.21939999999999998,0.022000000000000002,0.0572,456774636701154.562500
-0.21938999999999997,0.0244,0.056400000000000006,456774636701154.562500
-0.21937999999999996,0.0236,0.0548,456774636701154.562500
-0.21936999999999995,0.0252,0.056400000000000006,456774636701154.562500
-0.21936,0.0244,0.0572,456774636701154.562500
-0.21935,0.0236,0.0572,456774636701154.562500
-0.21933999999999998,0.022000000000000002,0.054,456774636701154.562500
-0.21932999999999997,0.0244,0.0548,456774636701154.562500
-0.21931999999999996,0.0236,0.056400000000000006,456774636701154.562500
-0.21930999999999995,0.0228,0.058,456774636701154.562500
-0.2193,0.018000000000000002,0.056400000000000006,456774636701154.562500
-0.21928999999999998,0.0228,0.045200000000000004,456774636701154.562500
-0.21927999999999997,0.0228,0.058,456774636701154.562500
-0.21926999999999996,0.0204,0.0476,456774636701154.562500
-0.21925999999999995,0.022000000000000002,0.058,456774636701154.562500
-0.21925,0.0212,0.053200000000000004,456774636701154.562500
-0.21924,0.0212,0.053200000000000004,456774636701154.562500
-0.21922999999999998,0.0236,0.0524,456774636701154.562500
-0.21921999999999997,0.0228,0.053200000000000004,456774636701154.562500
-0.21920999999999996,0.0236,0.0548,456774636701154.562500
-0.21919999999999995,0.0228,0.0516,456774636701154.562500
-0.21919,0.0204,0.056400000000000006,456774636701154.562500
-0.21917999999999999,0.0196,0.054,456774636701154.562500
-0.21916999999999998,0.0212,0.0476,456774636701154.562500
-0.21915999999999997,0.0212,0.055600000000000004,456774636701154.562500
-0.21914999999999996,0.0228,0.0516,456774636701154.562500
-0.21914,0.0172,0.046,456774636701154.562500
-0.21913,0.0204,0.042,456774636701154.562500
-0.21911999999999998,0.0188,0.053200000000000004,456774636701154.562500
-0.21910999999999997,0.0236,0.0524,456774636701154.562500
-0.21909999999999996,0.0228,0.055600000000000004,456774636701154.562500
-0.21908999999999995,0.0204,0.056400000000000006,456774636701154.562500
-0.21908,0.022000000000000002,0.056400000000000006,456774636701154.562500
-0.21907,0.0244,0.056400000000000006,456774636701154.562500
-0.21905999999999998,0.0244,0.055600000000000004,456774636701154.562500
-0.21904999999999997,0.0252,0.056400000000000006,456774636701154.562500
-0.21903999999999996,0.0252,0.0492,456774636701154.562500
-0.21903,0.0236,0.054,456774636701154.562500
-0.21902,0.0236,0.0492,456774636701154.562500
-0.21900999999999998,0.0244,0.058,456774636701154.562500
-0.21899999999999997,0.0236,0.0468,456774636701154.562500
-0.21898999999999996,0.0228,0.0548,456774636701154.562500
-0.21897999999999995,0.0236,0.055600000000000004,456774636701154.562500
-0.21897,0.0196,0.0572,456774636701154.562500
-0.21896,0.022000000000000002,0.058,456774636701154.562500
-0.21894999999999998,0.0212,0.056400000000000006,456774636701154.562500
-0.21893999999999997,0.022000000000000002,0.058800000000000005,456774636701154.562500
-0.21892999999999996,0.0212,0.0572,456774636701154.562500
-0.21892,0.0164,0.056400000000000006,456774636701154.562500
-0.21891,0.022000000000000002,0.056400000000000006,456774636701154.562500
-0.21889999999999998,0.0188,0.0492,456774636701154.562500
-0.21888999999999997,0.0204,0.0572,456774636701154.562500
-0.21887999999999996,0.0236,0.0572,456774636701154.562500
-0.21886999999999995,0.0212,0.058,456774636701154.562500
-0.21886,0.022000000000000002,0.056400000000000006,456774636701154.562500
-0.21885,0.0204,0.055600000000000004,456774636701154.562500
-0.21883999999999998,0.0228,0.055600000000000004,456774636701154.562500
-0.21882999999999997,0.022000000000000002,0.058,456774636701154.562500
-0.21881999999999996,0.0228,0.056400000000000006,456774636701154.562500
-0.21881,0.0228,0.056400000000000006,456774636701154.562500
-0.2188,0.0236,0.0572,456774636701154.562500
-0.21878999999999998,0.022000000000000002,0.0516,456774636701154.562500
-0.21877999999999997,0.0212,0.0572,456774636701154.562500
-0.21876999999999996,0.0236,0.054,456774636701154.562500
-0.21875999999999995,0.0244,0.0572,456774636701154.562500
-0.21875,0.0228,0.05,456774636701154.562500
-0.21874,0.0228,0.0572,456774636701154.562500
-0.21872999999999998,0.0236,0.05,456774636701154.562500
-0.21871999999999997,0.0244,0.0548,456774636701154.562500
-0.21870999999999996,0.0204,0.0516,456774636701154.562500
-0.21869999999999995,0.022000000000000002,0.056400000000000006,456774636701154.562500
-0.21869,0.0236,0.056400000000000006,456774636701154.562500
-0.21867999999999999,0.022000000000000002,0.0572,456774636701154.562500
-0.21866999999999998,0.0236,0.0572,456774636701154.562500
-0.21865999999999997,0.0236,0.058,456774636701154.562500
-0.21864999999999996,0.0236,0.058,456774636701154.562500
-0.21864,0.0228,0.058,456774636701154.562500
-0.21863,0.022000000000000002,0.056400000000000006,456774636701154.562500
-0.21861999999999998,0.0228,0.054,456774636701154.562500
-0.21860999999999997,0.0228,0.055600000000000004,456774636701154.562500
-0.21859999999999996,0.0228,0.053200000000000004,456774636701154.562500
-0.21858999999999995,0.022000000000000002,0.0548,456774636701154.562500
-0.21858,0.022000000000000002,0.053200000000000004,456774636701154.562500
-0.21857,0.022000000000000002,0.054,456774636701154.562500
-0.21855999999999998,0.022000000000000002,0.054,456774636701154.562500
-0.21854999999999997,0.0212,0.056400000000000006,456774636701154.562500
-0.21853999999999996,0.022000000000000002,0.0516,456774636701154.562500
-0.21853,0.0228,0.0548,456774636701154.562500
-0.21852,0.0212,0.0468,456774636701154.562500
-0.21850999999999998,0.0228,0.050800000000000005,456774636701154.562500
-0.21849999999999997,0.0212,0.050800000000000005,456774636701154.562500
-0.21848999999999996,0.0252,0.0572,456774636701154.562500
-0.21847999999999995,0.0252,0.0572,456774636701154.562500
-0.21847,0.0228,0.055600000000000004,456774636701154.562500
-0.21846,0.0228,0.056400000000000006,456774636701154.562500
-0.21844999999999998,0.0236,0.0548,456774636701154.562500
-0.21843999999999997,0.026000000000000002,0.0492,456774636701154.562500
-0.21842999999999996,0.026000000000000002,0.0492,456774636701154.562500
-0.21842,0.022000000000000002,0.0548,456774636701154.562500
-0.21841,0.0236,0.0524,456774636701154.562500
-0.21839999999999998,0.0212,0.0516,456774636701154.562500
-0.21838999999999997,0.0252,0.0396,456774636701154.562500
-0.21837999999999996,0.0244,0.042800000000000005,456774636701154.562500
-0.21836999999999995,0.0212,0.0356,456774636701154.562500
-0.21836,0.0236,0.040400000000000005,456774636701154.562500
-0.21835,0.022000000000000002,0.034800000000000005,456774636701154.562500
-0.21833999999999998,0.0236,0.056400000000000006,456774636701154.562500
-0.21832999999999997,0.0228,0.054,456774636701154.562500
-0.21831999999999996,0.0236,0.0572,456774636701154.562500
-0.21831,0.0228,0.0476,456774636701154.562500
-0.2183,0.0212,0.056400000000000006,456774636701154.562500
-0.21828999999999998,0.0204,0.0516,456774636701154.562500
-0.21827999999999997,0.0212,0.056400000000000006,456774636701154.562500
-0.21826999999999996,0.0204,0.0548,456774636701154.562500
-0.21825999999999995,0.0228,0.056400000000000006,456774636701154.562500
-0.21825,0.0212,0.0492,456774636701154.562500
-0.21824,0.0228,0.056400000000000006,456774636701154.562500
-0.21822999999999998,0.022000000000000002,0.055600000000000004,456774636701154.562500
-0.21821999999999997,0.0212,0.0572,456774636701154.562500
-0.21820999999999996,0.022000000000000002,0.056400000000000006,456774636701154.562500
-0.21819999999999995,0.022000000000000002,0.056400000000000006,456774636701154.562500
-0.21819,0.0236,0.0548,456774636701154.562500
-0.21817999999999999,0.0236,0.055600000000000004,456774636701154.562500
-0.21816999999999998,0.0228,0.056400000000000006,456774636701154.562500
-0.21815999999999997,0.022000000000000002,0.055600000000000004,456774636701154.562500
-0.21814999999999996,0.0212,0.056400000000000006,456774636701154.562500
-0.21814,0.0244,0.053200000000000004,456774636701154.562500
-0.21813,0.0228,0.056400000000000006,456774636701154.562500
-0.21811999999999998,0.0244,0.0476,456774636701154.562500
-0.21810999999999997,0.0244,0.0516,456774636701154.562500
-0.21809999999999996,0.0236,0.058,456774636701154.562500
-0.21808999999999995,0.0244,0.058,456774636701154.562500
-0.21808,0.0212,0.056400000000000006,456774636701154.562500
-0.21806999999999999,0.0228,0.0548,456774636701154.562500
-0.21805999999999998,0.0188,0.056400000000000006,456774636701154.562500
-0.21804999999999997,0.0204,0.054,456774636701154.562500
-0.21803999999999996,0.0164,0.0548,456774636701154.562500
-0.21803,0.0212,0.056400000000000006,456774636701154.562500
-0.21802,0.0188,0.056400000000000006,456774636701154.562500
-0.21800999999999998,0.0212,0.05,456774636701154.562500
-0.21799999999999997,0.0236,0.053200000000000004,456774636701154.562500
-0.21798999999999996,0.0212,0.056400000000000006,456774636701154.562500
-0.21797999999999995,0.0212,0.056400000000000006,456774636701154.562500
-0.21797,0.0228,0.054,456774636701154.562500
-0.21796,0.0196,0.053200000000000004,456774636701154.562500
-0.21794999999999998,0.0228,0.0516,456774636701154.562500
-0.21793999999999997,0.0204,0.0572,456774636701154.562500
-0.21792999999999996,0.018000000000000002,0.050800000000000005,456774636701154.562500
-0.21792,0.0228,0.056400000000000006,456774636701154.562500
-0.21791,0.0212,0.055600000000000004,456774636701154.562500
-0.21789999999999998,0.0228,0.056400000000000006,456774636701154.562500
-0.21788999999999997,0.0244,0.0516,456774636701154.562500
-0.21787999999999996,0.0244,0.0572,456774636701154.562500
-0.21786999999999995,0.0228,0.0548,456774636701154.562500
-0.21786,0.0244,0.058,456774636701154.562500
-0.21785,0.0236,0.058,456774636701154.562500
-0.21783999999999998,0.0228,0.050800000000000005,456774636701154.562500
-0.21782999999999997,0.0204,0.056400000000000006,456774636701154.562500
-0.21781999999999996,0.0236,0.056400000000000006,456774636701154.562500
-0.21781,0.0196,0.056400000000000006,456774636701154.562500
-0.2178,0.0236,0.055600000000000004,456774636701154.562500
-0.21778999999999998,0.0236,0.053200000000000004,456774636701154.562500
-0.21777999999999997,0.0236,0.056400000000000006,456774636701154.562500
-0.21776999999999996,0.0228,0.048400000000000006,456774636701154.562500
-0.21775999999999995,0.0244,0.056400000000000006,456774636701154.562500
-0.21775,0.0228,0.0524,456774636701154.562500
-0.21774,0.0228,0.053200000000000004,456774636701154.562500
-0.21772999999999998,0.0236,0.0572,456774636701154.562500
-0.21771999999999997,0.022000000000000002,0.0548,456774636701154.562500
-0.21770999999999996,0.022000000000000002,0.055600000000000004,456774636701154.562500
-0.2177,0.022000000000000002,0.056400000000000006,456774636701154.562500
-0.21769,0.022000000000000002,0.048400000000000006,456774636701154.562500
-0.21767999999999998,0.0196,0.0516,456774636701154.562500
-0.21766999999999997,0.0188,0.0468,456774636701154.562500
-0.21765999999999996,0.022000000000000002,0.054,456774636701154.562500
-0.21764999999999995,0.022000000000000002,0.054,456774636701154.562500
-0.21764,0.022000000000000002,0.055600000000000004,456774636701154.562500
-0.21763,0.0228,0.054,456774636701154.562500
-0.21761999999999998,0.0228,0.058,456774636701154.562500
-0.21760999999999997,0.0204,0.0572,456774636701154.562500
-0.21759999999999996,0.0188,0.0548,456774636701154.562500
-0.21758999999999995,0.0204,0.055600000000000004,456774636701154.562500
-0.21758,0.022000000000000002,0.058,456774636701154.562500
-0.21756999999999999,0.0244,0.0572,456774636701154.562500
-0.21755999999999998,0.0236,0.0572,456774636701154.562500
-0.21754999999999997,0.0212,0.0572,456774636701154.562500
-0.21753999999999996,0.0188,0.0516,456774636701154.562500
-0.21753,0.0228,0.056400000000000006,456774636701154.562500
-0.21752,0.0228,0.0476,456774636701154.562500
-0.21750999999999998,0.0244,0.05,456774636701154.562500
-0.21749999999999997,0.0236,0.042800000000000005,456774636701154.562500
-0.21748999999999996,0.0244,0.053200000000000004,456774636701154.562500
-0.21747999999999995,0.0196,0.0468,456774636701154.562500
-0.21747,0.0228,0.054,456774636701154.562500
-0.21746,0.0236,0.0524,456774636701154.562500
-0.21744999999999998,0.0244,0.055600000000000004,456774636701154.562500
-0.21743999999999997,0.0236,0.056400000000000006,456774636701154.562500
-0.21742999999999996,0.0228,0.056400000000000006,456774636701154.562500
-0.21742,0.0228,0.0548,456774636701154.562500
-0.21741,0.022000000000000002,0.058,456774636701154.562500
-0.21739999999999998,0.0204,0.055600000000000004,456774636701154.562500
-0.21738999999999997,0.022000000000000002,0.055600000000000004,456774636701154.562500
-0.21737999999999996,0.0212,0.058,456774636701154.562500
-0.21736999999999995,0.0228,0.055600000000000004,456774636701154.562500
-0.21736,0.022000000000000002,0.0572,456774636701154.562500
-0.21735,0.0228,0.055600000000000004,456774636701154.562500
-0.21733999999999998,0.022000000000000002,0.0524,456774636701154.562500
-0.21732999999999997,0.022000000000000002,0.0548,456774636701154.562500
-0.21731999999999996,0.0204,0.055600000000000004,456774636701154.562500
-0.21731,0.0196,0.058800000000000005,456774636701154.562500
-0.2173,0.022000000000000002,0.0572,456774636701154.562500
-0.21728999999999998,0.0204,0.056400000000000006,456774636701154.562500
-0.21727999999999997,0.0188,0.058,456774636701154.562500
-0.21726999999999996,0.0148,0.054,456774636701154.562500
-0.21725999999999995,0.0196,0.056400000000000006,456774636701154.562500
-0.21725,0.0228,0.053200000000000004,456774636701154.562500
-0.21724,0.0244,0.055600000000000004,456774636701154.562500
-0.21722999999999998,0.0244,0.050800000000000005,456774636701154.562500
-0.21721999999999997,0.0244,0.0548,456774636701154.562500
-0.21720999999999996,0.0236,0.0548,456774636701154.562500
-0.2172,0.022000000000000002,0.055600000000000004,456774636701154.562500
-0.21719,0.022000000000000002,0.0572,456774636701154.562500
-0.21717999999999998,0.0244,0.0516,456774636701154.562500
-0.21716999999999997,0.0228,0.054,456774636701154.562500
-0.21715999999999996,0.0228,0.0572,456774636701154.562500
-0.21714999999999995,0.0236,0.056400000000000006,456774636701154.562500
-0.21714,0.0228,0.055600000000000004,456774636701154.562500
-0.21713,0.0236,0.056400000000000006,456774636701154.562500
-0.21711999999999998,0.022000000000000002,0.058,456774636701154.562500
-0.21710999999999997,0.0212,0.0572,456774636701154.562500
-0.21709999999999996,0.022000000000000002,0.058,456774636701154.562500
-0.21708999999999995,0.0212,0.0572,456774636701154.562500
-0.21708,0.022000000000000002,0.0548,456774636701154.562500
-0.21706999999999999,0.0212,0.056400000000000006,456774636701154.562500
-0.21705999999999998,0.0204,0.0548,456774636701154.562500
-0.21704999999999997,0.0212,0.056400000000000006,456774636701154.562500
-0.21703999999999996,0.022000000000000002,0.05,456774636701154.562500
-0.21703,0.0228,0.05,456774636701154.562500
-0.21702,0.0196,0.042800000000000005,456774636701154.562500
-0.21700999999999998,0.0196,0.050800000000000005,456774636701154.562500
-0.21699999999999997,0.0228,0.0476,456774636701154.562500
-0.21698999999999996,0.0212,0.042800000000000005,456774636701154.562500
-0.21697999999999995,0.0228,0.0572,456774636701154.562500
-0.21697,0.0212,0.0548,456774636701154.562500
-0.21696,0.0236,0.0444,456774636701154.562500
-0.21694999999999998,0.0236,0.055600000000000004,456774636701154.562500
-0.21693999999999997,0.0244,0.055600000000000004,456774636701154.562500
-0.21692999999999996,0.0252,0.055600000000000004,456774636701154.562500
-0.21692,0.0204,0.056400000000000006,456774636701154.562500
-0.21691,0.0252,0.0516,456774636701154.562500
-0.21689999999999998,0.0204,0.0572,456774636701154.562500
-0.21688999999999997,0.0228,0.053200000000000004,456774636701154.562500
-0.21687999999999996,0.0236,0.058,456774636701154.562500
-0.21686999999999995,0.022000000000000002,0.0596,456774636701154.562500
-0.21686,0.0228,0.056400000000000006,456774636701154.562500
-0.21685,0.022000000000000002,0.0548,456774636701154.562500
-0.21683999999999998,0.0212,0.053200000000000004,456774636701154.562500
-0.21682999999999997,0.0204,0.055600000000000004,456774636701154.562500
-0.21681999999999996,0.0228,0.0548,456774636701154.562500
-0.21681,0.0204,0.058,456774636701154.562500
-0.2168,0.0196,0.056400000000000006,456774636701154.562500
-0.21678999999999998,0.0228,0.055600000000000004,456774636701154.562500
-0.21677999999999997,0.022000000000000002,0.055600000000000004,456774636701154.562500
-0.21676999999999996,0.0212,0.0516,456774636701154.562500
-0.21675999999999995,0.0212,0.0548,456774636701154.562500
-0.21675,0.0228,0.0516,456774636701154.562500
-0.21674,0.022000000000000002,0.0468,456774636701154.562500
-0.21672999999999998,0.0228,0.05,456774636701154.562500
-0.21671999999999997,0.0212,0.053200000000000004,456774636701154.562500
-0.21670999999999996,0.022000000000000002,0.055600000000000004,456774636701154.562500
-0.2167,0.0236,0.056400000000000006,456774636701154.562500
-0.21669,0.0228,0.058,456774636701154.562500
-0.21667999999999998,0.022000000000000002,0.054,456774636701154.562500
-0.21666999999999997,0.0212,0.0572,456774636701154.562500
-0.21665999999999996,0.0212,0.0572,456774636701154.562500
-0.21664999999999995,0.0236,0.0572,456774636701154.562500
-0.21664,0.0228,0.05,456774636701154.562500
-0.21663,0.0212,0.055600000000000004,456774636701154.562500
-0.21661999999999998,0.0244,0.055600000000000004,456774636701154.562500
-0.21660999999999997,0.0244,0.0572,456774636701154.562500
-0.21659999999999996,0.0236,0.055600000000000004,456774636701154.562500
-0.21658999999999995,0.0244,0.056400000000000006,456774636701154.562500
-0.21658,0.0236,0.055600000000000004,456774636701154.562500
-0.21656999999999998,0.0244,0.058800000000000005,456774636701154.562500
-0.21655999999999997,0.0236,0.055600000000000004,456774636701154.562500
-0.21654999999999996,0.026000000000000002,0.056400000000000006,456774636701154.562500
-0.21653999999999995,0.0228,0.0572,456774636701154.562500
-0.21653,0.0228,0.056400000000000006,456774636701154.562500
-0.21652,0.0228,0.0572,456774636701154.562500
-0.21650999999999998,0.022000000000000002,0.055600000000000004,456774636701154.562500
-0.21649999999999997,0.0228,0.056400000000000006,456774636701154.562500
-0.21648999999999996,0.0228,0.054,456774636701154.562500
-0.21647999999999995,0.022000000000000002,0.054,456774636701154.562500
-0.21647,0.0204,0.0548,456774636701154.562500
-0.21645999999999999,0.0204,0.055600000000000004,456774636701154.562500
-0.21644999999999998,0.022000000000000002,0.0572,456774636701154.562500
-0.21643999999999997,0.0204,0.056400000000000006,456774636701154.562500
-0.21642999999999996,0.0236,0.0436,456774636701154.562500
-0.21642,0.0228,0.0468,456774636701154.562500
-0.21641,0.0244,0.042,456774636701154.562500
-0.21639999999999998,0.0236,0.0492,456774636701154.562500
-0.21638999999999997,0.0228,0.034800000000000005,456774636701154.562500
-0.21637999999999996,0.0196,0.050800000000000005,456774636701154.562500
-0.21636999999999995,0.0228,0.05,456774636701154.562500
-0.21636,0.022000000000000002,0.0548,456774636701154.562500
-0.21635,0.0228,0.0476,456774636701154.562500
-0.21633999999999998,0.0196,0.048400000000000006,456774636701154.562500
-0.21632999999999997,0.0212,0.0492,456774636701154.562500
-0.21631999999999996,0.0212,0.055600000000000004,456774636701154.562500
-0.21631,0.0212,0.0468,456774636701154.562500
-0.2163,0.0196,0.055600000000000004,456774636701154.562500
-0.21628999999999998,0.0196,0.056400000000000006,456774636701154.562500
-0.21627999999999997,0.015600000000000001,0.054,456774636701154.562500
-0.21626999999999996,0.0204,0.056400000000000006,456774636701154.562500
-0.21625999999999995,0.0172,0.056400000000000006,456774636701154.562500
-0.21625,0.018000000000000002,0.056400000000000006,456774636701154.562500
-0.21624,0.0204,0.056400000000000006,456774636701154.562500
-0.21622999999999998,0.022000000000000002,0.056400000000000006,456774636701154.562500
-0.21621999999999997,0.0228,0.0572,456774636701154.562500
-0.21620999999999996,0.022000000000000002,0.050800000000000005,456774636701154.562500
-0.2162,0.0212,0.048400000000000006,456774636701154.562500
-0.21619,0.0228,0.054,456774636701154.562500
-0.21617999999999998,0.0228,0.0572,456774636701154.562500
-0.21616999999999997,0.0212,0.056400000000000006,456774636701154.562500
-0.21615999999999996,0.0204,0.054,456774636701154.562500
-0.21614999999999995,0.0172,0.0524,456774636701154.562500
-0.21614,0.022000000000000002,0.0516,456774636701154.562500
-0.21613,0.0196,0.055600000000000004,456774636701154.562500
-0.21611999999999998,0.0196,0.046,456774636701154.562500
-0.21610999999999997,0.022000000000000002,0.0516,456774636701154.562500
-0.21609999999999996,0.0228,0.0468,456774636701154.562500
-0.21609,0.0228,0.058,456774636701154.562500
-0.21608,0.0228,0.055600000000000004,456774636701154.562500
-0.21606999999999998,0.022000000000000002,0.055600000000000004,456774636701154.562500
-0.21605999999999997,0.0236,0.055600000000000004,456774636701154.562500
-0.21604999999999996,0.0228,0.058,456774636701154.562500
-0.21603999999999995,0.022000000000000002,0.0572,456774636701154.562500
-0.21603,0.022000000000000002,0.056400000000000006,456774636701154.562500
-0.21602,0.0252,0.0516,456774636701154.562500
-0.21600999999999998,0.0228,0.045200000000000004,456774636701154.562500
-0.21599999999999997,0.0244,0.0548,456774636701154.562500
-0.21598999999999996,0.0228,0.0492,456774636701154.562500
-0.21597999999999995,0.0244,0.056400000000000006,456774636701154.562500
-0.21597,0.0236,0.0548,456774636701154.562500
-0.21595999999999999,0.0236,0.055600000000000004,456774636701154.562500
-0.21594999999999998,0.0236,0.056400000000000006,456774636701154.562500
-0.21593999999999997,0.0196,0.056400000000000006,456774636701154.562500
-0.21592999999999996,0.0228,0.05,456774636701154.562500
-0.21592,0.0228,0.056400000000000006,456774636701154.562500
-0.21591,0.0204,0.0572,456774636701154.562500
-0.21589999999999998,0.0204,0.056400000000000006,456774636701154.562500
-0.21588999999999997,0.0212,0.056400000000000006,456774636701154.562500
-0.21587999999999996,0.022000000000000002,0.0572,456774636701154.562500
-0.21586999999999995,0.0204,0.056400000000000006,456774636701154.562500
-0.21586,0.0228,0.058,456774636701154.562500
-0.21585,0.0228,0.0524,456774636701154.562500
-0.21583999999999998,0.0188,0.056400000000000006,456774636701154.562500
-0.21582999999999997,0.022000000000000002,0.056400000000000006,456774636701154.562500
-0.21581999999999996,0.022000000000000002,0.0548,456774636701154.562500
-0.21581,0.0212,0.056400000000000006,456774636701154.562500
-0.2158,0.0236,0.058,456774636701154.562500
-0.21578999999999998,0.0204,0.056400000000000006,456774636701154.562500
-0.21577999999999997,0.0244,0.056400000000000006,456774636701154.562500
-0.21576999999999996,0.0236,0.054,456774636701154.562500
-0.21575999999999995,0.0244,0.054,456774636701154.562500
-0.21575,0.0228,0.0516,456774636701154.562500
-0.21574,0.0244,0.058,456774636701154.562500
-0.21572999999999998,0.0244,0.0572,456774636701154.562500
-0.21571999999999997,0.0204,0.0524,456774636701154.562500
-0.21570999999999996,0.0252,0.0548,456774636701154.562500
-0.2157,0.0244,0.056400000000000006,456774636701154.562500
-0.21569,0.022000000000000002,0.054,456774636701154.562500
-0.21567999999999998,0.022000000000000002,0.058,456774636701154.562500
-0.21566999999999997,0.026000000000000002,0.054,456774636701154.562500
-0.21565999999999996,0.0244,0.0572,456774636701154.562500
-0.21564999999999995,0.0244,0.058800000000000005,456774636701154.562500
-0.21564,0.0228,0.05,456774636701154.562500
-0.21563,0.0236,0.0572,456774636701154.562500
-0.21561999999999998,0.0212,0.0548,456774636701154.562500
-0.21560999999999997,0.0252,0.055600000000000004,456774636701154.562500
-0.21559999999999996,0.0236,0.055600000000000004,456774636701154.562500
-0.21559,0.0244,0.0572,456774636701154.562500
-0.21558,0.022000000000000002,0.056400000000000006,456774636701154.562500
-0.21556999999999998,0.0228,0.056400000000000006,456774636701154.562500
-0.21555999999999997,0.0228,0.0572,456774636701154.562500
-0.21554999999999996,0.0228,0.056400000000000006,456774636701154.562500
-0.21553999999999995,0.0236,0.058,456774636701154.562500
-0.21553,0.0228,0.055600000000000004,456774636701154.562500
-0.21552,0.022000000000000002,0.058,456774636701154.562500
-0.21550999999999998,0.0244,0.056400000000000006,456774636701154.562500
-0.21549999999999997,0.0228,0.058,456774636701154.562500
-0.21548999999999996,0.0228,0.056400000000000006,456774636701154.562500
-0.21547999999999995,0.0228,0.055600000000000004,456774636701154.562500
-0.21547,0.0236,0.056400000000000006,456774636701154.562500
-0.21545999999999998,0.0228,0.058,456774636701154.562500
-0.21544999999999997,0.0228,0.0572,456774636701154.562500
-0.21543999999999996,0.0236,0.055600000000000004,456774636701154.562500
-0.21542999999999995,0.0236,0.0572,456774636701154.562500
-0.21542,0.0244,0.058800000000000005,456774636701154.562500
-0.21541,0.0244,0.054,456774636701154.562500
-0.21539999999999998,0.0244,0.05,456774636701154.562500
-0.21538999999999997,0.0244,0.0516,456774636701154.562500
-0.21537999999999996,0.0228,0.0524,456774636701154.562500
-0.21536999999999995,0.022000000000000002,0.0548,456774636701154.562500
-0.21536,0.0228,0.055600000000000004,456774636701154.562500
-0.21534999999999999,0.0244,0.054,456774636701154.562500
-0.21533999999999998,0.0236,0.0572,456774636701154.562500
-0.21532999999999997,0.0228,0.0572,456774636701154.562500
-0.21531999999999996,0.0228,0.0572,456774636701154.562500
-0.21531,0.0252,0.0548,456774636701154.562500
-0.2153,0.022000000000000002,0.056400000000000006,456774636701154.562500
-0.21528999999999998,0.0228,0.053200000000000004,456774636701154.562500
-0.21527999999999997,0.0228,0.056400000000000006,456774636701154.562500
-0.21526999999999996,0.022000000000000002,0.056400000000000006,456774636701154.562500
-0.21525999999999995,0.0236,0.053200000000000004,456774636701154.562500
-0.21525,0.0212,0.0572,456774636701154.562500
-0.21524,0.022000000000000002,0.055600000000000004,456774636701154.562500
-0.21522999999999998,0.0204,0.050800000000000005,456774636701154.562500
-0.21521999999999997,0.0212,0.058,456774636701154.562500
-0.21520999999999996,0.022000000000000002,0.056400000000000006,456774636701154.562500
-0.2152,0.0236,0.0572,456774636701154.562500
-0.21519,0.022000000000000002,0.056400000000000006,456774636701154.562500
-0.21517999999999998,0.022000000000000002,0.058,456774636701154.562500
-0.21516999999999997,0.0188,0.0572,456774636701154.562500
-0.21515999999999996,0.0228,0.0572,456774636701154.562500
-0.21514999999999995,0.0228,0.0492,456774636701154.562500
-0.21514,0.022000000000000002,0.054,456774636701154.562500
-0.21513,0.0244,0.0572,456774636701154.562500
-0.21511999999999998,0.022000000000000002,0.0548,456774636701154.562500
-0.21510999999999997,0.0244,0.0572,456774636701154.562500
-0.21509999999999996,0.0244,0.056400000000000006,456774636701154.562500
-0.21509,0.0244,0.055600000000000004,456774636701154.562500
-0.21508,0.0204,0.053200000000000004,456774636701154.562500
-0.21506999999999998,0.0252,0.0572,456774636701154.562500
-0.21505999999999997,0.0236,0.056400000000000006,456774636701154.562500
-0.21504999999999996,0.022000000000000002,0.0572,456774636701154.562500
-0.21503999999999995,0.0236,0.054,456774636701154.562500
-0.21503,0.022000000000000002,0.0572,456774636701154.562500
-0.21502,0.0236,0.0548,456774636701154.562500
-0.21500999999999998,0.022000000000000002,0.0572,456774636701154.562500
-0.21499999999999997,0.022000000000000002,0.0468,456774636701154.562500
-0.21498999999999996,0.022000000000000002,0.0468,456774636701154.562500
-0.21498,0.0236,0.0572,456774636701154.562500
-0.21497,0.0244,0.055600000000000004,456774636701154.562500
-0.21495999999999998,0.0236,0.0572,456774636701154.562500
-0.21494999999999997,0.0212,0.055600000000000004,456774636701154.562500
-0.21493999999999996,0.0204,0.058,456774636701154.562500
-0.21492999999999995,0.0228,0.056400000000000006,456774636701154.562500
-0.21492,0.0212,0.0572,456774636701154.562500
-0.21491,0.022000000000000002,0.0572,456774636701154.562500
-0.21489999999999998,0.0204,0.058,456774636701154.562500
-0.21488999999999997,0.0212,0.0524,456774636701154.562500
-0.21487999999999996,0.0212,0.048400000000000006,456774636701154.562500
-0.21486999999999995,0.0204,0.048400000000000006,456774636701154.562500
-0.21486,0.0212,0.0572,456774636701154.562500
-0.21484999999999999,0.0244,0.054,456774636701154.562500
-0.21483999999999998,0.0236,0.0436,456774636701154.562500
-0.21482999999999997,0.022000000000000002,0.0548,456774636701154.562500
-0.21481999999999996,0.0228,0.056400000000000006,456774636701154.562500
-0.21481,0.0228,0.055600000000000004,456774636701154.562500
-0.2148,0.0236,0.056400000000000006,456774636701154.562500
-0.21478999999999998,0.0228,0.058,456774636701154.562500
-0.21477999999999997,0.0212,0.0548,456774636701154.562500
-0.21476999999999996,0.0188,0.054,456774636701154.562500
-0.21475999999999995,0.0244,0.054,456774636701154.562500
-0.21475,0.0244,0.0524,456774636701154.562500
-0.21474,0.022000000000000002,0.0572,456774636701154.562500
-0.21472999999999998,0.022000000000000002,0.056400000000000006,456774636701154.562500
-0.21471999999999997,0.0236,0.055600000000000004,456774636701154.562500
-0.21470999999999996,0.0212,0.056400000000000006,456774636701154.562500
-0.2147,0.0228,0.0572,456774636701154.562500
-0.21469,0.0212,0.0572,456774636701154.562500
-0.21467999999999998,0.022000000000000002,0.0572,456774636701154.562500
-0.21466999999999997,0.0236,0.058,456774636701154.562500
-0.21465999999999996,0.0228,0.056400000000000006,456774636701154.562500
-0.21464999999999995,0.0204,0.058,456774636701154.562500
-0.21464,0.0212,0.0572,456774636701154.562500
-0.21463,0.0228,0.058,456774636701154.562500
-0.21461999999999998,0.0228,0.055600000000000004,456774636701154.562500
-0.21460999999999997,0.0228,0.058,456774636701154.562500
-0.21459999999999996,0.0228,0.053200000000000004,456774636701154.562500
-0.21459,0.0212,0.055600000000000004,456774636701154.562500
-0.21458,0.0236,0.040400000000000005,456774636701154.562500
-0.21456999999999998,0.022000000000000002,0.0436,456774636701154.562500
-0.21455999999999997,0.0244,0.045200000000000004,456774636701154.562500
-0.21454999999999996,0.0212,0.054,456774636701154.562500
-0.21453999999999995,0.0236,0.056400000000000006,456774636701154.562500
-0.21453,0.022000000000000002,0.056400000000000006,456774636701154.562500
-0.21452,0.0228,0.0572,456774636701154.562500
-0.21450999999999998,0.0236,0.055600000000000004,456774636701154.562500
-0.21449999999999997,0.0252,0.0548,456774636701154.562500
-0.21448999999999996,0.0244,0.056400000000000006,456774636701154.562500
-0.21448,0.0252,0.058,456774636701154.562500
-0.21447,0.0196,0.056400000000000006,456774636701154.562500
-0.21445999999999998,0.0236,0.056400000000000006,456774636701154.562500
-0.21444999999999997,0.0252,0.056400000000000006,456774636701154.562500
-0.21443999999999996,0.0212,0.0548,456774636701154.562500
-0.21442999999999995,0.0204,0.0572,456774636701154.562500
-0.21442,0.0236,0.058,456774636701154.562500
-0.21441,0.0252,0.056400000000000006,456774636701154.562500
-0.21439999999999998,0.0228,0.058,456774636701154.562500
-0.21438999999999997,0.022000000000000002,0.0548,456774636701154.562500
-0.21437999999999996,0.022000000000000002,0.058,456774636701154.562500
-0.21436999999999995,0.0228,0.0572,456774636701154.562500
-0.21436,0.0236,0.056400000000000006,456774636701154.562500
-0.21434999999999998,0.022000000000000002,0.0572,456774636701154.562500
-0.21433999999999997,0.0212,0.0572,456774636701154.562500
-0.21432999999999996,0.022000000000000002,0.054,456774636701154.562500
-0.21431999999999995,0.0228,0.053200000000000004,456774636701154.562500
-0.21431,0.0212,0.0596,456774636701154.562500
-0.2143,0.022000000000000002,0.0548,456774636701154.562500
-0.21428999999999998,0.022000000000000002,0.0572,456774636701154.562500
-0.21427999999999997,0.0228,0.056400000000000006,456774636701154.562500
-0.21426999999999996,0.0172,0.0516,456774636701154.562500
-0.21425999999999995,0.0212,0.055600000000000004,456774636701154.562500
-0.21425,0.0196,0.0572,456774636701154.562500
-0.21423999999999999,0.022000000000000002,0.058,456774636701154.562500
-0.21422999999999998,0.0212,0.0548,456774636701154.562500
-0.21421999999999997,0.022000000000000002,0.0516,456774636701154.562500
-0.21420999999999996,0.022000000000000002,0.0548,456774636701154.562500
-0.2142,0.0204,0.048400000000000006,456774636701154.562500
-0.21419,0.0236,0.058,456774636701154.562500
-0.21417999999999998,0.0236,0.054,456774636701154.562500
-0.21416999999999997,0.0228,0.0572,456774636701154.562500
-0.21415999999999996,0.0244,0.0524,456774636701154.562500
-0.21414999999999995,0.0252,0.055600000000000004,456774636701154.562500
-0.21414,0.0252,0.056400000000000006,456774636701154.562500
-0.21413,0.0236,0.048400000000000006,456774636701154.562500
-0.21411999999999998,0.0244,0.056400000000000006,456774636701154.562500
-0.21410999999999997,0.0236,0.0572,456774636701154.562500
-0.21409999999999996,0.022000000000000002,0.058800000000000005,456774636701154.562500
-0.21409,0.0236,0.0524,456774636701154.562500
-0.21408,0.022000000000000002,0.054,456774636701154.562500
-0.21406999999999998,0.0188,0.0572,456774636701154.562500
-0.21405999999999997,0.022000000000000002,0.0548,456774636701154.562500
-0.21404999999999996,0.022000000000000002,0.0572,456774636701154.562500
-0.21403999999999995,0.0228,0.0572,456774636701154.562500
-0.21403,0.0196,0.058800000000000005,456774636701154.562500
-0.21402,0.0236,0.056400000000000006,456774636701154.562500
-0.21400999999999998,0.0204,0.0572,456774636701154.562500
-0.21399999999999997,0.0228,0.058,456774636701154.562500
-0.21398999999999996,0.0204,0.0572,456774636701154.562500
-0.21398,0.022000000000000002,0.0548,456774636701154.562500
-0.21397,0.022000000000000002,0.056400000000000006,456774636701154.562500
-0.21395999999999998,0.0228,0.0524,456774636701154.562500
-0.21394999999999997,0.0228,0.0524,456774636701154.562500
-0.21393999999999996,0.0228,0.055600000000000004,456774636701154.562500
-0.21392999999999995,0.022000000000000002,0.058,456774636701154.562500
-0.21392,0.022000000000000002,0.048400000000000006,456774636701154.562500
-0.21391,0.0236,0.058,456774636701154.562500
-0.21389999999999998,0.0228,0.0548,456774636701154.562500
-0.21388999999999997,0.0244,0.056400000000000006,456774636701154.562500
-0.21387999999999996,0.0244,0.055600000000000004,456774636701154.562500
-0.21386999999999995,0.0252,0.056400000000000006,456774636701154.562500
-0.21386,0.0244,0.055600000000000004,456774636701154.562500
-0.21384999999999998,0.0252,0.0524,456774636701154.562500
-0.21383999999999997,0.0228,0.054,456774636701154.562500
-0.21382999999999996,0.0244,0.058,456774636701154.562500
-0.21381999999999995,0.0212,0.055600000000000004,456774636701154.562500
-0.21381,0.0212,0.055600000000000004,456774636701154.562500
-0.2138,0.022000000000000002,0.0572,456774636701154.562500
-0.21378999999999998,0.0236,0.055600000000000004,456774636701154.562500
-0.21377999999999997,0.0228,0.056400000000000006,456774636701154.562500
-0.21376999999999996,0.022000000000000002,0.0572,456774636701154.562500
-0.21375999999999995,0.0228,0.0548,456774636701154.562500
-0.21375,0.022000000000000002,0.056400000000000006,456774636701154.562500
-0.21373999999999999,0.0236,0.058,456774636701154.562500
-0.21372999999999998,0.022000000000000002,0.054,456774636701154.562500
-0.21371999999999997,0.0236,0.056400000000000006,456774636701154.562500
-0.21370999999999996,0.0204,0.058,456774636701154.562500
-0.2137,0.0228,0.055600000000000004,456774636701154.562500
-0.21369,0.0212,0.055600000000000004,456774636701154.562500
-0.21367999999999998,0.0236,0.058,456774636701154.562500
-0.21366999999999997,0.022000000000000002,0.055600000000000004,456774636701154.562500
-0.21365999999999996,0.0228,0.050800000000000005,456774636701154.562500
-0.21364999999999995,0.0236,0.0572,456774636701154.562500
-0.21364,0.022000000000000002,0.0572,456774636701154.562500
-0.21363,0.022000000000000002,0.056400000000000006,456774636701154.562500
-0.21361999999999998,0.026000000000000002,0.058,456774636701154.562500
-0.21360999999999997,0.0252,0.054,456774636701154.562500
-0.21359999999999996,0.022000000000000002,0.056400000000000006,456774636701154.562500
-0.21359,0.022000000000000002,0.055600000000000004,456774636701154.562500
-0.21358,0.0244,0.058,456774636701154.562500
-0.21356999999999998,0.0252,0.058,456774636701154.562500
-0.21355999999999997,0.0244,0.0548,456774636701154.562500
-0.21354999999999996,0.026000000000000002,0.056400000000000006,456774636701154.562500
-0.21353999999999995,0.0236,0.056400000000000006,456774636701154.562500
-0.21353,0.0252,0.058,456774636701154.562500
-0.21352,0.0252,0.0572,456774636701154.562500
-0.21350999999999998,0.0236,0.058,456774636701154.562500
-0.21349999999999997,0.0212,0.048400000000000006,456774636701154.562500
-0.21348999999999996,0.0244,0.056400000000000006,456774636701154.562500
-0.21348,0.0236,0.058,456774636701154.562500
-0.21347,0.0204,0.056400000000000006,456774636701154.562500
-0.21345999999999998,0.0236,0.0572,456774636701154.562500
-0.21344999999999997,0.0164,0.0516,456774636701154.562500
-0.21343999999999996,0.022000000000000002,0.05,456774636701154.562500
-0.21342999999999995,0.0244,0.0516,456774636701154.562500
-0.21342,0.0228,0.0604,456774636701154.562500
-0.21341,0.022000000000000002,0.058,456774636701154.562500
-0.21339999999999998,0.022000000000000002,0.056400000000000006,456774636701154.562500
-0.21338999999999997,0.022000000000000002,0.056400000000000006,456774636701154.562500
-0.21337999999999996,0.0228,0.0516,456774636701154.562500
-0.21337,0.0228,0.058,456774636701154.562500
-0.21336,0.0204,0.056400000000000006,456774636701154.562500
-0.21334999999999998,0.022000000000000002,0.058,456774636701154.562500
-0.21333999999999997,0.0228,0.0492,456774636701154.562500
-0.21332999999999996,0.0236,0.055600000000000004,456774636701154.562500
-0.21331999999999995,0.022000000000000002,0.056400000000000006,456774636701154.562500
-0.21331,0.0204,0.0516,456774636701154.562500
-0.2133,0.0196,0.056400000000000006,456774636701154.562500
-0.21328999999999998,0.0228,0.0548,456774636701154.562500
-0.21327999999999997,0.0236,0.058800000000000005,456774636701154.562500
-0.21326999999999996,0.0236,0.056400000000000006,456774636701154.562500
-0.21325999999999995,0.0252,0.0572,456774636701154.562500
-0.21325,0.0244,0.056400000000000006,456774636701154.562500
-0.21323999999999999,0.0244,0.053200000000000004,456774636701154.562500
-0.21322999999999998,0.0252,0.0572,456774636701154.562500
-0.21321999999999997,0.0244,0.0548,456774636701154.562500
-0.21320999999999996,0.0236,0.058,456774636701154.562500
-0.2132,0.0228,0.0516,456774636701154.562500
-0.21319,0.0244,0.0572,456774636701154.562500
-0.21317999999999998,0.0228,0.056400000000000006,456774636701154.562500
-0.21316999999999997,0.0228,0.0572,456774636701154.562500
-0.21315999999999996,0.0212,0.058,456774636701154.562500
-0.21314999999999995,0.022000000000000002,0.0572,456774636701154.562500
-0.21314,0.0196,0.055600000000000004,456774636701154.562500
-0.21313,0.0228,0.0572,456774636701154.562500
-0.21311999999999998,0.0212,0.056400000000000006,456774636701154.562500
-0.21310999999999997,0.0228,0.0524,456774636701154.562500
-0.21309999999999996,0.0212,0.058,456774636701154.562500
-0.21309,0.0228,0.055600000000000004,456774636701154.562500
-0.21308,0.022000000000000002,0.058,456774636701154.562500
-0.21306999999999998,0.022000000000000002,0.046,456774636701154.562500
-0.21305999999999997,0.0204,0.056400000000000006,456774636701154.562500
-0.21304999999999996,0.0228,0.054,456774636701154.562500
-0.21303999999999995,0.0236,0.0548,456774636701154.562500
-0.21303,0.0236,0.058,456774636701154.562500
-0.21302,0.0236,0.0548,456774636701154.562500
-0.21300999999999998,0.0244,0.058,456774636701154.562500
-0.21299999999999997,0.022000000000000002,0.0548,456774636701154.562500
-0.21298999999999996,0.0244,0.0572,456774636701154.562500
-0.21298,0.0244,0.056400000000000006,456774636701154.562500
-0.21297,0.0236,0.055600000000000004,456774636701154.562500
-0.21295999999999998,0.0228,0.0572,456774636701154.562500
-0.21294999999999997,0.0252,0.0548,456774636701154.562500
-0.21293999999999996,0.0244,0.0548,456774636701154.562500
-0.21292999999999995,0.0244,0.0572,456774636701154.562500
-0.21292,0.0236,0.055600000000000004,456774636701154.562500
-0.21291,0.0228,0.056400000000000006,456774636701154.562500
-0.21289999999999998,0.0252,0.0548,456774636701154.562500
-0.21288999999999997,0.0236,0.055600000000000004,456774636701154.562500
-0.21287999999999996,0.022000000000000002,0.056400000000000006,456774636701154.562500
-0.21287,0.022000000000000002,0.055600000000000004,456774636701154.562500
-0.21286,0.022000000000000002,0.0516,456774636701154.562500
-0.21284999999999998,0.0244,0.046,456774636701154.562500
-0.21283999999999997,0.022000000000000002,0.046,456774636701154.562500
-0.21282999999999996,0.0228,0.0516,456774636701154.562500
-0.21281999999999995,0.0212,0.054,456774636701154.562500
-0.21281,0.022000000000000002,0.056400000000000006,456774636701154.562500
-0.2128,0.022000000000000002,0.055600000000000004,456774636701154.562500
-0.21278999999999998,0.0228,0.056400000000000006,456774636701154.562500
-0.21277999999999997,0.0228,0.0572,456774636701154.562500
-0.21276999999999996,0.022000000000000002,0.058,456774636701154.562500
-0.21275999999999995,0.022000000000000002,0.056400000000000006,456774636701154.562500
-0.21275,0.0228,0.056400000000000006,456774636701154.562500
-0.21273999999999998,0.022000000000000002,0.055600000000000004,456774636701154.562500
-0.21272999999999997,0.0204,0.054,456774636701154.562500
-0.21271999999999996,0.0228,0.056400000000000006,456774636701154.562500
-0.21270999999999995,0.0252,0.0572,456774636701154.562500
-0.2127,0.0236,0.056400000000000006,456774636701154.562500
-0.21269,0.022000000000000002,0.058,456774636701154.562500
-0.21267999999999998,0.0244,0.058,456774636701154.562500
-0.21266999999999997,0.0228,0.058,456774636701154.562500
-0.21265999999999996,0.0244,0.054,456774636701154.562500
-0.21264999999999995,0.022000000000000002,0.056400000000000006,456774636701154.562500
-0.21264,0.022000000000000002,0.054,456774636701154.562500
-0.21262999999999999,0.0252,0.055600000000000004,456774636701154.562500
-0.21261999999999998,0.0236,0.053200000000000004,456774636701154.562500
-0.21260999999999997,0.0236,0.058800000000000005,456774636701154.562500
-0.21259999999999996,0.0244,0.058,456774636701154.562500
-0.21259,0.0228,0.056400000000000006,456774636701154.562500
-0.21258,0.0228,0.058,456774636701154.562500
-0.21256999999999998,0.022000000000000002,0.058800000000000005,456774636701154.562500
-0.21255999999999997,0.0236,0.055600000000000004,456774636701154.562500
-0.21254999999999996,0.0204,0.058,456774636701154.562500
-0.21253999999999995,0.0228,0.0572,456774636701154.562500
-0.21253,0.0236,0.0572,456774636701154.562500
-0.21252,0.0212,0.058,456774636701154.562500
-0.21250999999999998,0.022000000000000002,0.054,456774636701154.562500
-0.21249999999999997,0.022000000000000002,0.056400000000000006,456774636701154.562500
-0.21248999999999996,0.0228,0.0548,456774636701154.562500
-0.21248,0.0228,0.056400000000000006,456774636701154.562500
-0.21247,0.0228,0.055600000000000004,456774636701154.562500
-0.21245999999999998,0.0228,0.056400000000000006,456774636701154.562500
-0.21244999999999997,0.022000000000000002,0.055600000000000004,456774636701154.562500
-0.21243999999999996,0.022000000000000002,0.058,456774636701154.562500
-0.21242999999999995,0.022000000000000002,0.0516,456774636701154.562500
-0.21242,0.022000000000000002,0.0524,456774636701154.562500
-0.21241,0.022000000000000002,0.058,456774636701154.562500
-0.21239999999999998,0.0236,0.058,456774636701154.562500
-0.21238999999999997,0.0196,0.056400000000000006,456774636701154.562500
-0.21237999999999996,0.0244,0.056400000000000006,456774636701154.562500
-0.21237,0.0244,0.056400000000000006,456774636701154.562500
-0.21236,0.0236,0.0548,456774636701154.562500
-0.21234999999999998,0.0236,0.0596,456774636701154.562500
-0.21233999999999997,0.0212,0.053200000000000004,456774636701154.562500
-0.21232999999999996,0.0252,0.0572,456774636701154.562500
-0.21231999999999995,0.0196,0.05,456774636701154.562500
-0.21231,0.0244,0.0548,456774636701154.562500
-0.2123,0.022000000000000002,0.055600000000000004,456774636701154.562500
-0.21228999999999998,0.0244,0.0572,456774636701154.562500
-0.21227999999999997,0.0196,0.0572,456774636701154.562500
-0.21226999999999996,0.0228,0.058,456774636701154.562500
-0.21225999999999995,0.0212,0.0572,456774636701154.562500
-0.21225,0.0244,0.056400000000000006,456774636701154.562500
-0.21223999999999998,0.0212,0.058,456774636701154.562500
-0.21222999999999997,0.0228,0.0572,456774636701154.562500
-0.21221999999999996,0.0228,0.058,456774636701154.562500
-0.21220999999999995,0.0212,0.0572,456774636701154.562500
-0.2122,0.0212,0.055600000000000004,456774636701154.562500
-0.21219,0.0228,0.054,456774636701154.562500
-0.21217999999999998,0.022000000000000002,0.054,456774636701154.562500
-0.21216999999999997,0.022000000000000002,0.053200000000000004,456774636701154.562500
-0.21215999999999996,0.0244,0.053200000000000004,456774636701154.562500
-0.21214999999999995,0.0228,0.055600000000000004,456774636701154.562500
-0.21214,0.0228,0.0572,456774636701154.562500
-0.21212999999999999,0.0236,0.058,456774636701154.562500
-0.21211999999999998,0.022000000000000002,0.058,456774636701154.562500
-0.21210999999999997,0.0244,0.0572,456774636701154.562500
-0.21209999999999996,0.0244,0.056400000000000006,456774636701154.562500
-0.21209,0.022000000000000002,0.056400000000000006,456774636701154.562500
-0.21208,0.0244,0.0572,456774636701154.562500
-0.21206999999999998,0.0212,0.055600000000000004,456774636701154.562500
-0.21205999999999997,0.0244,0.0572,456774636701154.562500
-0.21204999999999996,0.0228,0.058,456774636701154.562500
-0.21203999999999995,0.026000000000000002,0.056400000000000006,456774636701154.562500
-0.21203,0.0252,0.0548,456774636701154.562500
-0.21202,0.0244,0.056400000000000006,456774636701154.562500
-0.21200999999999998,0.0228,0.054,456774636701154.562500
-0.21199999999999997,0.0228,0.055600000000000004,456774636701154.562500
-0.21198999999999996,0.0236,0.058,456774636701154.562500
-0.21198,0.0236,0.058,456774636701154.562500
-0.21197,0.0204,0.058,456774636701154.562500
-0.21195999999999998,0.0204,0.0572,456774636701154.562500
-0.21194999999999997,0.022000000000000002,0.053200000000000004,456774636701154.562500
-0.21193999999999996,0.0212,0.0548,456774636701154.562500
-0.21192999999999995,0.0228,0.058,456774636701154.562500
-0.21192,0.0228,0.056400000000000006,456774636701154.562500
-0.21191,0.0228,0.055600000000000004,456774636701154.562500
-0.21189999999999998,0.0236,0.0572,456774636701154.562500
-0.21188999999999997,0.0212,0.05,456774636701154.562500
-0.21187999999999996,0.0212,0.056400000000000006,456774636701154.562500
-0.21187,0.0236,0.056400000000000006,456774636701154.562500
-0.21186,0.022000000000000002,0.0572,456774636701154.562500
-0.21184999999999998,0.0204,0.0548,456774636701154.562500
-0.21183999999999997,0.022000000000000002,0.0524,456774636701154.562500
-0.21182999999999996,0.022000000000000002,0.05,456774636701154.562500
-0.21181999999999995,0.0204,0.048400000000000006,456774636701154.562500
-0.21181,0.022000000000000002,0.054,456774636701154.562500
-0.2118,0.0196,0.058,456774636701154.562500
-0.21178999999999998,0.022000000000000002,0.055600000000000004,456774636701154.562500
-0.21177999999999997,0.022000000000000002,0.058,456774636701154.562500
-0.21176999999999996,0.0244,0.054,456774636701154.562500
-0.21176,0.0244,0.058,456774636701154.562500
-0.21175,0.0236,0.0572,456774636701154.562500
-0.21173999999999998,0.022000000000000002,0.054,456774636701154.562500
-0.21172999999999997,0.0244,0.0548,456774636701154.562500
-0.21171999999999996,0.022000000000000002,0.050800000000000005,456774636701154.562500
-0.21170999999999995,0.0236,0.056400000000000006,456774636701154.562500
-0.2117,0.0236,0.0596,456774636701154.562500
-0.21169,0.0252,0.058,456774636701154.562500
-0.21167999999999998,0.0236,0.058,456774636701154.562500
-0.21166999999999997,0.0204,0.056400000000000006,456774636701154.562500
-0.21165999999999996,0.0196,0.054,456774636701154.562500
-0.21164999999999995,0.0228,0.056400000000000006,456774636701154.562500
-0.21164,0.022000000000000002,0.0524,456774636701154.562500
-0.21162999999999998,0.0244,0.056400000000000006,456774636701154.562500
-0.21161999999999997,0.0212,0.053200000000000004,456774636701154.562500
-0.21160999999999996,0.0228,0.048400000000000006,456774636701154.562500
-0.21159999999999995,0.0212,0.058,456774636701154.562500
-0.21159,0.0244,0.058,456774636701154.562500
-0.21158,0.022000000000000002,0.0572,456774636701154.562500
-0.21156999999999998,0.022000000000000002,0.058,456774636701154.562500
-0.21155999999999997,0.0236,0.0572,456774636701154.562500
-0.21154999999999996,0.022000000000000002,0.055600000000000004,456774636701154.562500
-0.21153999999999995,0.0244,0.056400000000000006,456774636701154.562500
-0.21153,0.022000000000000002,0.055600000000000004,456774636701154.562500
-0.21151999999999999,0.0236,0.055600000000000004,456774636701154.562500
-0.21150999999999998,0.0228,0.0572,456774636701154.562500
-0.21149999999999997,0.0228,0.046,456774636701154.562500
-0.21148999999999996,0.0236,0.058,456774636701154.562500
-0.21148,0.0244,0.056400000000000006,456774636701154.562500
-0.21147,0.0244,0.058,456774636701154.562500
-0.21145999999999998,0.0228,0.056400000000000006,456774636701154.562500
-0.21144999999999997,0.0228,0.056400000000000006,456774636701154.562500
-0.21143999999999996,0.0252,0.055600000000000004,456774636701154.562500
-0.21142999999999995,0.0244,0.0548,456774636701154.562500
-0.21142,0.0252,0.0548,456774636701154.562500
-0.21141,0.022000000000000002,0.058,456774636701154.562500
-0.21139999999999998,0.0236,0.058,456774636701154.562500
-0.21138999999999997,0.0244,0.0524,456774636701154.562500
-0.21137999999999996,0.0228,0.0572,456774636701154.562500
-0.21137,0.0212,0.0596,456774636701154.562500
-0.21136,0.0228,0.055600000000000004,456774636701154.562500
-0.21134999999999998,0.0228,0.056400000000000006,456774636701154.562500
-0.21133999999999997,0.0228,0.058,456774636701154.562500
-0.21132999999999996,0.022000000000000002,0.0572,456774636701154.562500
-0.21131999999999995,0.0228,0.0572,456774636701154.562500
-0.21131,0.0236,0.058,456774636701154.562500
-0.2113,0.022000000000000002,0.058,456774636701154.562500
-0.21128999999999998,0.022000000000000002,0.058,456774636701154.562500
-0.21127999999999997,0.0204,0.0596,456774636701154.562500
-0.21126999999999996,0.0204,0.058,456774636701154.562500
-0.21126,0.0236,0.0572,456774636701154.562500
-0.21125,0.022000000000000002,0.058,456774636701154.562500
-0.21123999999999998,0.0228,0.055600000000000004,456774636701154.562500
-0.21122999999999997,0.022000000000000002,0.058,456774636701154.562500
-0.21121999999999996,0.0236,0.056400000000000006,456774636701154.562500
-0.21120999999999995,0.0212,0.054,456774636701154.562500
-0.2112,0.0212,0.0572,456774636701154.562500
-0.21119,0.0228,0.050800000000000005,456774636701154.562500
-0.21117999999999998,0.0172,0.0524,456774636701154.562500
-0.21116999999999997,0.0244,0.0572,456774636701154.562500
-0.21115999999999996,0.0204,0.055600000000000004,456774636701154.562500
-0.21114999999999995,0.0244,0.056400000000000006,456774636701154.562500
-0.21114,0.0244,0.058,456774636701154.562500
-0.21112999999999998,0.0236,0.055600000000000004,456774636701154.562500
-0.21111999999999997,0.0228,0.056400000000000006,456774636701154.562500
-0.21110999999999996,0.0188,0.055600000000000004,456774636701154.562500
-0.21109999999999995,0.0196,0.0572,456774636701154.562500
-0.21109,0.0244,0.0548,456774636701154.562500
-0.21108,0.0196,0.0548,456774636701154.562500
-0.21106999999999998,0.0228,0.048400000000000006,456774636701154.562500
-0.21105999999999997,0.022000000000000002,0.056400000000000006,456774636701154.562500
-0.21104999999999996,0.022000000000000002,0.053200000000000004,456774636701154.562500
-0.21103999999999995,0.0236,0.05,456774636701154.562500
-0.21103,0.0212,0.055600000000000004,456774636701154.562500
-0.21101999999999999,0.0236,0.0548,456774636701154.562500
-0.21100999999999998,0.0212,0.058,456774636701154.562500
-0.21099999999999997,0.0228,0.053200000000000004,456774636701154.562500
-0.21098999999999996,0.022000000000000002,0.0572,456774636701154.562500
-0.21098,0.0204,0.0516,456774636701154.562500
-0.21097,0.022000000000000002,0.0572,456774636701154.562500
-0.21095999999999998,0.022000000000000002,0.055600000000000004,456774636701154.562500
-0.21094999999999997,0.0204,0.0548,456774636701154.562500
-0.21093999999999996,0.0236,0.0572,456774636701154.562500
-0.21092999999999995,0.0228,0.0548,456774636701154.562500
-0.21092,0.0228,0.056400000000000006,456774636701154.562500
-0.21091,0.0228,0.0572,456774636701154.562500
-0.21089999999999998,0.0236,0.0492,456774636701154.562500
-0.21088999999999997,0.0188,0.058,456774636701154.562500
-0.21087999999999996,0.0236,0.0572,456774636701154.562500
-0.21087,0.0236,0.058,456774636701154.562500
-0.21086,0.022000000000000002,0.056400000000000006,456774636701154.562500
-0.21084999999999998,0.0228,0.056400000000000006,456774636701154.562500
-0.21083999999999997,0.0196,0.056400000000000006,456774636701154.562500
-0.21082999999999996,0.0228,0.0492,456774636701154.562500
-0.21081999999999995,0.0228,0.0572,456774636701154.562500
-0.21081,0.0236,0.054,456774636701154.562500
-0.2108,0.0244,0.056400000000000006,456774636701154.562500
-0.21078999999999998,0.0244,0.05,456774636701154.562500
-0.21077999999999997,0.0252,0.058,456774636701154.562500
-0.21076999999999996,0.0204,0.0548,456774636701154.562500
-0.21076,0.022000000000000002,0.056400000000000006,456774636701154.562500
-0.21075,0.022000000000000002,0.058,456774636701154.562500
-0.21073999999999998,0.0228,0.058,456774636701154.562500
-0.21072999999999997,0.0196,0.058800000000000005,456774636701154.562500
-0.21071999999999996,0.0228,0.0572,456774636701154.562500
-0.21070999999999995,0.022000000000000002,0.056400000000000006,456774636701154.562500
-0.2107,0.022000000000000002,0.0572,456774636701154.562500
-0.21069,0.0236,0.058,456774636701154.562500
-0.21067999999999998,0.022000000000000002,0.0572,456774636701154.562500
-0.21066999999999997,0.0212,0.0572,456774636701154.562500
-0.21065999999999996,0.022000000000000002,0.0572,456774636701154.562500
-0.21065,0.0204,0.056400000000000006,456774636701154.562500
-0.21064,0.0228,0.054,456774636701154.562500
-0.21062999999999998,0.022000000000000002,0.058800000000000005,456774636701154.562500
-0.21061999999999997,0.022000000000000002,0.0572,456774636701154.562500
-0.21060999999999996,0.0212,0.053200000000000004,456774636701154.562500
-0.21059999999999995,0.0204,0.0524,456774636701154.562500
-0.21059,0.0236,0.055600000000000004,456774636701154.562500
-0.21058,0.022000000000000002,0.0572,456774636701154.562500
-0.21056999999999998,0.0228,0.056400000000000006,456774636701154.562500
-0.21055999999999997,0.0228,0.056400000000000006,456774636701154.562500
-0.21054999999999996,0.0236,0.055600000000000004,456774636701154.562500
-0.21053999999999995,0.0228,0.0572,456774636701154.562500
-0.21053,0.0252,0.058,456774636701154.562500
-0.21051999999999998,0.0244,0.056400000000000006,456774636701154.562500
-0.21050999999999997,0.0252,0.055600000000000004,456774636701154.562500
-0.21049999999999996,0.0228,0.0572,456774636701154.562500
-0.21048999999999995,0.022000000000000002,0.0492,456774636701154.562500
-0.21048,0.0244,0.058800000000000005,456774636701154.562500
-0.21047,0.0236,0.0548,456774636701154.562500
-0.21045999999999998,0.0196,0.0572,456774636701154.562500
-0.21044999999999997,0.018000000000000002,0.0572,456774636701154.562500
-0.21043999999999996,0.022000000000000002,0.0572,456774636701154.562500
-0.21042999999999995,0.0228,0.056400000000000006,456774636701154.562500
-0.21042,0.0236,0.053200000000000004,456774636701154.562500
-0.21040999999999999,0.0228,0.0572,456774636701154.562500
-0.21039999999999998,0.022000000000000002,0.056400000000000006,456774636701154.562500
-0.21038999999999997,0.0236,0.056400000000000006,456774636701154.562500
-0.21037999999999996,0.022000000000000002,0.055600000000000004,456774636701154.562500
-0.21037,0.0204,0.058800000000000005,456774636701154.562500
-0.21036,0.0228,0.056400000000000006,456774636701154.562500
-0.21034999999999998,0.022000000000000002,0.056400000000000006,456774636701154.562500
-0.21033999999999997,0.0228,0.056400000000000006,456774636701154.562500
-0.21032999999999996,0.0228,0.0548,456774636701154.562500
-0.21031999999999995,0.022000000000000002,0.0572,456774636701154.562500
-0.21031,0.022000000000000002,0.0548,456774636701154.562500
-0.2103,0.0228,0.0572,456774636701154.562500
-0.21028999999999998,0.0204,0.058,456774636701154.562500
-0.21027999999999997,0.0212,0.056400000000000006,456774636701154.562500
-0.21026999999999996,0.022000000000000002,0.0572,456774636701154.562500
-0.21026,0.0236,0.055600000000000004,456774636701154.562500
-0.21025,0.0228,0.058,456774636701154.562500
-0.21023999999999998,0.0212,0.0548,456774636701154.562500
-0.21022999999999997,0.0244,0.05,456774636701154.562500
-0.21021999999999996,0.0236,0.0572,456774636701154.562500
-0.21020999999999995,0.0236,0.054,456774636701154.562500
-0.2102,0.0236,0.055600000000000004,456774636701154.562500
-0.21019,0.0244,0.055600000000000004,456774636701154.562500
-0.21017999999999998,0.0228,0.0548,456774636701154.562500
-0.21016999999999997,0.0228,0.0596,456774636701154.562500
-0.21015999999999996,0.0212,0.058,456774636701154.562500
-0.21015,0.0236,0.0572,456774636701154.562500
-0.21014,0.022000000000000002,0.056400000000000006,456774636701154.562500
-0.21012999999999998,0.0236,0.056400000000000006,456774636701154.562500
-0.21011999999999997,0.0228,0.0548,456774636701154.562500
-0.21010999999999996,0.0212,0.054,456774636701154.562500
-0.21009999999999995,0.0228,0.0572,456774636701154.562500
-0.21009,0.022000000000000002,0.0572,456774636701154.562500
-0.21008,0.022000000000000002,0.056400000000000006,456774636701154.562500
-0.21006999999999998,0.022000000000000002,0.058800000000000005,456774636701154.562500
-0.21005999999999997,0.0212,0.058,456774636701154.562500
-0.21004999999999996,0.0212,0.0492,456774636701154.562500
-0.21003999999999995,0.0236,0.055600000000000004,456774636701154.562500
-0.21003,0.0236,0.0548,456774636701154.562500
-0.21001999999999998,0.0236,0.056400000000000006,456774636701154.562500
-0.21000999999999997,0.0228,0.0572,456774636701154.562500
-0.20999999999999996,0.0236,0.0548,456774636701154.562500
-0.20998999999999995,0.022000000000000002,0.053200000000000004,456774636701154.562500
-0.20998,0.0228,0.055600000000000004,456774636701154.562500
-0.20997,0.0228,0.055600000000000004,456774636701154.562500
-0.20995999999999998,0.022000000000000002,0.058,456774636701154.562500
-0.20994999999999997,0.0244,0.054,456774636701154.562500
-0.20993999999999996,0.0228,0.056400000000000006,456774636701154.562500
-0.20992999999999995,0.022000000000000002,0.0548,456774636701154.562500
-0.20992,0.0236,0.0516,456774636701154.562500
-0.20990999999999999,0.0236,0.0572,456774636701154.562500
-0.20989999999999998,0.022000000000000002,0.0572,456774636701154.562500
-0.20988999999999997,0.0228,0.0572,456774636701154.562500
-0.20987999999999996,0.0228,0.058,456774636701154.562500
-0.20987,0.0252,0.058800000000000005,456774636701154.562500
-0.20986,0.0228,0.056400000000000006,456774636701154.562500
-0.20984999999999998,0.0236,0.055600000000000004,456774636701154.562500
-0.20983999999999997,0.0228,0.058,456774636701154.562500
-0.20982999999999996,0.0228,0.053200000000000004,456774636701154.562500
-0.20981999999999995,0.022000000000000002,0.056400000000000006,456774636701154.562500
-0.20981,0.022000000000000002,0.0524,456774636701154.562500
-0.2098,0.022000000000000002,0.0572,456774636701154.562500
-0.20978999999999998,0.0228,0.055600000000000004,456774636701154.562500
-0.20977999999999997,0.0228,0.0572,456774636701154.562500
-0.20976999999999996,0.022000000000000002,0.058,456774636701154.562500
-0.20976,0.022000000000000002,0.055600000000000004,456774636701154.562500
-0.20975,0.022000000000000002,0.0572,456774636701154.562500
-0.20973999999999998,0.022000000000000002,0.050800000000000005,456774636701154.562500
-0.20972999999999997,0.0204,0.054,456774636701154.562500
-0.20971999999999996,0.022000000000000002,0.0548,456774636701154.562500
-0.20970999999999995,0.0172,0.054,456774636701154.562500
-0.2097,0.022000000000000002,0.053200000000000004,456774636701154.562500
-0.20969,0.0228,0.0572,456774636701154.562500
-0.20967999999999998,0.0204,0.0548,456774636701154.562500
-0.20966999999999997,0.0228,0.0548,456774636701154.562500
-0.20965999999999996,0.022000000000000002,0.0572,456774636701154.562500
-0.20965,0.0244,0.056400000000000006,456774636701154.562500
-0.20964,0.0188,0.0572,456774636701154.562500
-0.20962999999999998,0.0236,0.0572,456774636701154.562500
-0.20961999999999997,0.022000000000000002,0.0572,456774636701154.562500
-0.20960999999999996,0.0244,0.0524,456774636701154.562500
-0.20959999999999995,0.0188,0.055600000000000004,456774636701154.562500
-0.20959,0.0244,0.050800000000000005,456774636701154.562500
-0.20958,0.0228,0.058,456774636701154.562500
-0.20956999999999998,0.0228,0.055600000000000004,456774636701154.562500
-0.20955999999999997,0.0236,0.056400000000000006,456774636701154.562500
-0.20954999999999996,0.0228,0.0548,456774636701154.562500
-0.20953999999999995,0.0228,0.058,456774636701154.562500
-0.20953,0.0244,0.054,456774636701154.562500
-0.20951999999999998,0.0204,0.056400000000000006,456774636701154.562500
-0.20950999999999997,0.0244,0.0572,456774636701154.562500
-0.20949999999999996,0.0228,0.0572,456774636701154.562500
-0.20948999999999995,0.0188,0.055600000000000004,456774636701154.562500
-0.20948,0.0228,0.0572,456774636701154.562500
-0.20947,0.0212,0.055600000000000004,456774636701154.562500
-0.20945999999999998,0.022000000000000002,0.058800000000000005,456774636701154.562500
-0.20944999999999997,0.0212,0.05,456774636701154.562500
-0.20943999999999996,0.0212,0.0572,456774636701154.562500
-0.20942999999999995,0.0212,0.056400000000000006,456774636701154.562500
-0.20942,0.0228,0.054,456774636701154.562500
-0.20940999999999999,0.022000000000000002,0.056400000000000006,456774636701154.562500
-0.20939999999999998,0.0204,0.055600000000000004,456774636701154.562500
-0.20938999999999997,0.022000000000000002,0.0572,456774636701154.562500
-0.20937999999999996,0.022000000000000002,0.0572,456774636701154.562500
-0.20937,0.022000000000000002,0.055600000000000004,456774636701154.562500
-0.20936,0.0228,0.0548,456774636701154.562500
-0.20934999999999998,0.0236,0.0572,456774636701154.562500
-0.20933999999999997,0.0244,0.054,456774636701154.562500
-0.20932999999999996,0.0228,0.055600000000000004,456774636701154.562500
-0.20931999999999995,0.0244,0.055600000000000004,456774636701154.562500
-0.20931,0.0236,0.058,456774636701154.562500
-0.20929999999999999,0.0244,0.056400000000000006,456774636701154.562500
-0.20928999999999998,0.0188,0.055600000000000004,456774636701154.562500
-0.20927999999999997,0.0244,0.0572,456774636701154.562500
-0.20926999999999996,0.0196,0.056400000000000006,456774636701154.562500
-0.20926,0.0204,0.055600000000000004,456774636701154.562500
-0.20925,0.0204,0.0548,456774636701154.562500
-0.20923999999999998,0.0204,0.058800000000000005,456774636701154.562500
-0.20922999999999997,0.0204,0.054,456774636701154.562500
-0.20921999999999996,0.0236,0.055600000000000004,456774636701154.562500
-0.20920999999999995,0.022000000000000002,0.0524,456774636701154.562500
-0.2092,0.0228,0.058,456774636701154.562500
-0.20919,0.0236,0.054,456774636701154.562500
-0.20917999999999998,0.0228,0.0516,456774636701154.562500
-0.20916999999999997,0.0236,0.048400000000000006,456774636701154.562500
-0.20915999999999996,0.022000000000000002,0.042800000000000005,456774636701154.562500
-0.20915,0.0188,0.055600000000000004,456774636701154.562500
-0.20914,0.0212,0.0572,456774636701154.562500
-0.20912999999999998,0.0172,0.0548,456774636701154.562500
-0.20911999999999997,0.0228,0.0572,456774636701154.562500
-0.20910999999999996,0.0212,0.056400000000000006,456774636701154.562500
-0.20909999999999995,0.0236,0.056400000000000006,456774636701154.562500
-0.20909,0.022000000000000002,0.056400000000000006,456774636701154.562500
-0.20908,0.0228,0.058,456774636701154.562500
-0.20906999999999998,0.022000000000000002,0.055600000000000004,456774636701154.562500
-0.20905999999999997,0.0236,0.058,456774636701154.562500
-0.20904999999999996,0.0244,0.050800000000000005,456774636701154.562500
-0.20904,0.0212,0.0516,456774636701154.562500
-0.20903,0.0228,0.056400000000000006,456774636701154.562500
-0.20901999999999998,0.022000000000000002,0.0572,456774636701154.562500
-0.20900999999999997,0.0228,0.056400000000000006,456774636701154.562500
-0.20899999999999996,0.0244,0.0548,456774636701154.562500
-0.20898999999999995,0.0188,0.0572,456774636701154.562500
-0.20898,0.022000000000000002,0.058,456774636701154.562500
-0.20897,0.0236,0.0572,456774636701154.562500
-0.20895999999999998,0.0244,0.058800000000000005,456774636701154.562500
-0.20894999999999997,0.0228,0.054,456774636701154.562500
-0.20893999999999996,0.0236,0.058,456774636701154.562500
-0.20892999999999995,0.0236,0.050800000000000005,456774636701154.562500
-0.20892,0.0244,0.0548,456774636701154.562500
-0.20890999999999998,0.0236,0.055600000000000004,456774636701154.562500
-0.20889999999999997,0.0204,0.058,456774636701154.562500
-0.20888999999999996,0.0212,0.056400000000000006,456774636701154.562500
-0.20887999999999995,0.022000000000000002,0.0572,456774636701154.562500
-0.20887,0.0188,0.056400000000000006,456774636701154.562500
-0.20886,0.018000000000000002,0.058800000000000005,456774636701154.562500
-0.20884999999999998,0.0212,0.056400000000000006,456774636701154.562500
-0.20883999999999997,0.022000000000000002,0.056400000000000006,456774636701154.562500
-0.20882999999999996,0.022000000000000002,0.0548,456774636701154.562500
-0.20881999999999995,0.0236,0.058,456774636701154.562500
-0.20881,0.0212,0.0572,456774636701154.562500
-0.20879999999999999,0.022000000000000002,0.056400000000000006,456774636701154.562500
-0.20878999999999998,0.0212,0.055600000000000004,456774636701154.562500
-0.20877999999999997,0.0228,0.055600000000000004,456774636701154.562500
-0.20876999999999996,0.022000000000000002,0.055600000000000004,456774636701154.562500
-0.20876,0.0204,0.054,456774636701154.562500
-0.20875,0.0228,0.058,456774636701154.562500
-0.20873999999999998,0.022000000000000002,0.056400000000000006,456774636701154.562500
-0.20872999999999997,0.0212,0.056400000000000006,456774636701154.562500
-0.20871999999999996,0.0228,0.0572,456774636701154.562500
-0.20870999999999995,0.0252,0.0476,456774636701154.562500
-0.2087,0.0236,0.056400000000000006,456774636701154.562500
-0.20869,0.022000000000000002,0.0572,456774636701154.562500
-0.20867999999999998,0.022000000000000002,0.058,456774636701154.562500
-0.20866999999999997,0.0228,0.0572,456774636701154.562500
-0.20865999999999996,0.022000000000000002,0.0572,456774636701154.562500
-0.20865,0.0228,0.0596,456774636701154.562500
-0.20864,0.0236,0.055600000000000004,456774636701154.562500
-0.20862999999999998,0.0228,0.056400000000000006,456774636701154.562500
-0.20861999999999997,0.0244,0.058,456774636701154.562500
-0.20860999999999996,0.022000000000000002,0.056400000000000006,456774636701154.562500
-0.20859999999999995,0.0196,0.048400000000000006,456774636701154.562500
-0.20859,0.0228,0.056400000000000006,456774636701154.562500
-0.20858,0.0204,0.058,456774636701154.562500
-0.20856999999999998,0.0244,0.055600000000000004,456774636701154.562500
-0.20855999999999997,0.022000000000000002,0.056400000000000006,456774636701154.562500
-0.20854999999999996,0.0236,0.055600000000000004,456774636701154.562500
-0.20854,0.0188,0.054,456774636701154.562500
-0.20853,0.0212,0.054,456774636701154.562500
-0.20851999999999998,0.0204,0.058,456774636701154.562500
-0.20850999999999997,0.022000000000000002,0.055600000000000004,456774636701154.562500
-0.20849999999999996,0.0188,0.055600000000000004,456774636701154.562500
-0.20848999999999995,0.0244,0.0516,456774636701154.562500
-0.20848,0.0196,0.056400000000000006,456774636701154.562500
-0.20847,0.022000000000000002,0.05,456774636701154.562500
-0.20845999999999998,0.022000000000000002,0.056400000000000006,456774636701154.562500
-0.20844999999999997,0.0196,0.055600000000000004,456774636701154.562500
-0.20843999999999996,0.0236,0.056400000000000006,456774636701154.562500
-0.20842999999999995,0.0204,0.050800000000000005,456774636701154.562500
-0.20842,0.0212,0.0572,456774636701154.562500
-0.20840999999999998,0.0228,0.058,456774636701154.562500
-0.20839999999999997,0.0236,0.053200000000000004,456774636701154.562500
-0.20838999999999996,0.0196,0.054,456774636701154.562500
-0.20837999999999995,0.0228,0.058,456774636701154.562500
-0.20837,0.0244,0.0516,456774636701154.562500
-0.20836,0.0252,0.056400000000000006,456774636701154.562500
-0.20834999999999998,0.026000000000000002,0.053200000000000004,456774636701154.562500
-0.20833999999999997,0.022000000000000002,0.0572,456774636701154.562500
-0.20832999999999996,0.0244,0.055600000000000004,456774636701154.562500
-0.20831999999999995,0.022000000000000002,0.058,456774636701154.562500
-0.20831,0.022000000000000002,0.056400000000000006,456774636701154.562500
-0.20829999999999999,0.0212,0.058,456774636701154.562500
-0.20828999999999998,0.0236,0.058,456774636701154.562500
-0.20827999999999997,0.0236,0.055600000000000004,456774636701154.562500
-0.20826999999999996,0.0228,0.0524,456774636701154.562500
-0.20826,0.0228,0.056400000000000006,456774636701154.562500
-0.20825,0.0236,0.0572,456774636701154.562500
-0.20823999999999998,0.0228,0.056400000000000006,456774636701154.562500
-0.20822999999999997,0.0228,0.053200000000000004,456774636701154.562500
-0.20821999999999996,0.0228,0.054,456774636701154.562500
-0.20820999999999995,0.0236,0.055600000000000004,456774636701154.562500
-0.2082,0.022000000000000002,0.0572,456774636701154.562500
-0.20819,0.0204,0.055600000000000004,456774636701154.562500
-0.20817999999999998,0.022000000000000002,0.058,456774636701154.562500
-0.20816999999999997,0.022000000000000002,0.056400000000000006,456774636701154.562500
-0.20815999999999996,0.0236,0.056400000000000006,456774636701154.562500
-0.20815,0.0228,0.058,456774636701154.562500
-0.20814,0.0228,0.055600000000000004,456774636701154.562500
-0.20812999999999998,0.0244,0.055600000000000004,456774636701154.562500
-0.20811999999999997,0.0252,0.0572,456774636701154.562500
-0.20810999999999996,0.0244,0.056400000000000006,456774636701154.562500
-0.20809999999999995,0.0244,0.055600000000000004,456774636701154.562500
-0.20809,0.0252,0.0572,456774636701154.562500
-0.20808,0.0236,0.0572,456774636701154.562500
-0.20806999999999998,0.0244,0.058,456774636701154.562500
-0.20805999999999997,0.0244,0.058,456774636701154.562500
-0.20804999999999996,0.0244,0.056400000000000006,456774636701154.562500
-0.20804,0.0228,0.0572,456774636701154.562500
-0.20803,0.0236,0.0516,456774636701154.562500
-0.20801999999999998,0.0164,0.0572,456774636701154.562500
-0.20800999999999997,0.0196,0.055600000000000004,456774636701154.562500
-0.20799999999999996,0.0204,0.056400000000000006,456774636701154.562500
-0.20798999999999995,0.0228,0.056400000000000006,456774636701154.562500
-0.20798,0.0212,0.056400000000000006,456774636701154.562500
-0.20797,0.0212,0.0596,456774636701154.562500
-0.20795999999999998,0.0228,0.058,456774636701154.562500
-0.20794999999999997,0.0236,0.058,456774636701154.562500
-0.20793999999999996,0.0228,0.058,456774636701154.562500
-0.20793,0.022000000000000002,0.055600000000000004,456774636701154.562500
-0.20792,0.022000000000000002,0.056400000000000006,456774636701154.562500
-0.20790999999999998,0.0212,0.058,456774636701154.562500
-0.20789999999999997,0.022000000000000002,0.058,456774636701154.562500
-0.20788999999999996,0.0204,0.055600000000000004,456774636701154.562500
-0.20787999999999995,0.0236,0.053200000000000004,456774636701154.562500
-0.20787,0.0212,0.0572,456774636701154.562500
-0.20786,0.0212,0.054,456774636701154.562500
-0.20784999999999998,0.022000000000000002,0.058,456774636701154.562500
-0.20783999999999997,0.0236,0.056400000000000006,456774636701154.562500
-0.20782999999999996,0.0236,0.056400000000000006,456774636701154.562500
-0.20781999999999995,0.0244,0.055600000000000004,456774636701154.562500
-0.20781,0.0236,0.0572,456774636701154.562500
-0.20779999999999998,0.0236,0.053200000000000004,456774636701154.562500
-0.20778999999999997,0.0236,0.0572,456774636701154.562500
-0.20777999999999996,0.022000000000000002,0.058,456774636701154.562500
-0.20776999999999995,0.0252,0.058,456774636701154.562500
-0.20776,0.0228,0.056400000000000006,456774636701154.562500
-0.20775,0.0228,0.058800000000000005,456774636701154.562500
-0.20773999999999998,0.0244,0.058,456774636701154.562500
-0.20772999999999997,0.0244,0.058,456774636701154.562500
-0.20771999999999996,0.0228,0.0572,456774636701154.562500
-0.20770999999999995,0.022000000000000002,0.0572,456774636701154.562500
-0.2077,0.0236,0.0572,456774636701154.562500
-0.20768999999999999,0.0236,0.0572,456774636701154.562500
-0.20767999999999998,0.0228,0.053200000000000004,456774636701154.562500
-0.20766999999999997,0.0188,0.0572,456774636701154.562500
-0.20765999999999996,0.0228,0.048400000000000006,456774636701154.562500
-0.20765,0.0188,0.058,456774636701154.562500
-0.20764,0.022000000000000002,0.058800000000000005,456774636701154.562500
-0.20762999999999998,0.018000000000000002,0.0572,456774636701154.562500
-0.20761999999999997,0.0244,0.055600000000000004,456774636701154.562500
-0.20760999999999996,0.022000000000000002,0.0468,456774636701154.562500
-0.20759999999999995,0.0228,0.0572,456774636701154.562500
-0.20759,0.0212,0.0572,456774636701154.562500
-0.20758,0.0228,0.055600000000000004,456774636701154.562500
-0.20756999999999998,0.0244,0.0572,456774636701154.562500
-0.20755999999999997,0.0212,0.058,456774636701154.562500
-0.20754999999999996,0.022000000000000002,0.0524,456774636701154.562500
-0.20754,0.022000000000000002,0.0516,456774636701154.562500
-0.20753,0.0236,0.0572,456774636701154.562500
-0.20751999999999998,0.0236,0.0572,456774636701154.562500
-0.20750999999999997,0.0228,0.055600000000000004,456774636701154.562500
-0.20749999999999996,0.0236,0.054,456774636701154.562500
-0.20748999999999995,0.0252,0.058,456774636701154.562500
-0.20748,0.0252,0.053200000000000004,456774636701154.562500
-0.20747,0.0252,0.0572,456774636701154.562500
-0.20745999999999998,0.0244,0.0572,456774636701154.562500
-0.20744999999999997,0.018000000000000002,0.058,456774636701154.562500
-0.20743999999999996,0.0204,0.058,456774636701154.562500
-0.20743,0.0212,0.0548,456774636701154.562500
-0.20742,0.0252,0.0524,456774636701154.562500
-0.20740999999999998,0.022000000000000002,0.0572,456774636701154.562500
-0.20739999999999997,0.0188,0.056400000000000006,456774636701154.562500
-0.20738999999999996,0.0236,0.0548,456774636701154.562500
-0.20737999999999995,0.022000000000000002,0.0572,456774636701154.562500
-0.20737,0.0228,0.0548,456774636701154.562500
-0.20736,0.0228,0.055600000000000004,456774636701154.562500
-0.20734999999999998,0.022000000000000002,0.056400000000000006,456774636701154.562500
-0.20733999999999997,0.0236,0.054,456774636701154.562500
-0.20732999999999996,0.0212,0.054,456774636701154.562500
-0.20731999999999995,0.0228,0.055600000000000004,456774636701154.562500
-0.20731,0.0236,0.058800000000000005,456774636701154.562500
-0.20729999999999998,0.022000000000000002,0.058,456774636701154.562500
-0.20728999999999997,0.022000000000000002,0.056400000000000006,456774636701154.562500
-0.20727999999999996,0.022000000000000002,0.0572,456774636701154.562500
-0.20726999999999995,0.0228,0.054,456774636701154.562500
-0.20726,0.0228,0.0572,456774636701154.562500
-0.20725,0.0228,0.056400000000000006,456774636701154.562500
-0.20723999999999998,0.0228,0.055600000000000004,456774636701154.562500
-0.20722999999999997,0.022000000000000002,0.053200000000000004,456774636701154.562500
-0.20721999999999996,0.0204,0.0572,456774636701154.562500
-0.20720999999999995,0.022000000000000002,0.0524,456774636701154.562500
-0.2072,0.0228,0.0492,456774636701154.562500
-0.20718999999999999,0.0244,0.0572,456774636701154.562500
-0.20717999999999998,0.0252,0.056400000000000006,456774636701154.562500
-0.20716999999999997,0.0244,0.056400000000000006,456774636701154.562500
-0.20715999999999996,0.0244,0.056400000000000006,456774636701154.562500
-0.20715,0.0236,0.0572,456774636701154.562500
-0.20714,0.026000000000000002,0.0572,456774636701154.562500
-0.20712999999999998,0.0244,0.056400000000000006,456774636701154.562500
-0.20711999999999997,0.0244,0.058,456774636701154.562500
-0.20710999999999996,0.0244,0.058,456774636701154.562500
-0.20709999999999995,0.0244,0.056400000000000006,456774636701154.562500
-0.20709,0.0236,0.055600000000000004,456774636701154.562500
-0.20708,0.0228,0.050800000000000005,456774636701154.562500
-0.20706999999999998,0.0228,0.055600000000000004,456774636701154.562500
-0.20705999999999997,0.0204,0.055600000000000004,456774636701154.562500
-0.20704999999999996,0.0228,0.058,456774636701154.562500
-0.20704,0.022000000000000002,0.0572,456774636701154.562500
-0.20703,0.0236,0.056400000000000006,456774636701154.562500
-0.20701999999999998,0.0228,0.056400000000000006,456774636701154.562500
-0.20700999999999997,0.022000000000000002,0.056400000000000006,456774636701154.562500
-0.20699999999999996,0.0228,0.055600000000000004,456774636701154.562500
-0.20698999999999995,0.022000000000000002,0.0572,456774636701154.562500
-0.20698,0.0212,0.058,456774636701154.562500
-0.20697,0.022000000000000002,0.054,456774636701154.562500
-0.20695999999999998,0.0244,0.0516,456774636701154.562500
-0.20694999999999997,0.022000000000000002,0.0516,456774636701154.562500
-0.20693999999999996,0.0236,0.042,456774636701154.562500
-0.20693,0.0228,0.05,456774636701154.562500
-0.20692,0.0228,0.054,456774636701154.562500
-0.20690999999999998,0.0204,0.0572,456774636701154.562500
-0.20689999999999997,0.0228,0.058,456774636701154.562500
-0.20688999999999996,0.0236,0.058,456774636701154.562500
-0.20687999999999995,0.022000000000000002,0.0572,456774636701154.562500
-0.20687,0.0244,0.058,456774636701154.562500
-0.20686,0.0252,0.0548,456774636701154.562500
-0.20684999999999998,0.0244,0.058,456774636701154.562500
-0.20683999999999997,0.026000000000000002,0.055600000000000004,456774636701154.562500
-0.20682999999999996,0.0228,0.058,456774636701154.562500
-0.20681999999999995,0.0236,0.0572,456774636701154.562500
-0.20681,0.0236,0.053200000000000004,456774636701154.562500
-0.20679999999999998,0.0252,0.056400000000000006,456774636701154.562500
-0.20678999999999997,0.0212,0.0572,456774636701154.562500
-0.20677999999999996,0.022000000000000002,0.0548,456774636701154.562500
-0.20676999999999995,0.0228,0.056400000000000006,456774636701154.562500
-0.20676,0.0228,0.053200000000000004,456774636701154.562500
-0.20675,0.0196,0.056400000000000006,456774636701154.562500
-0.20673999999999998,0.022000000000000002,0.056400000000000006,456774636701154.562500
-0.20672999999999997,0.022000000000000002,0.0572,456774636701154.562500
-0.20671999999999996,0.0196,0.0572,456774636701154.562500
-0.20670999999999995,0.0228,0.0548,456774636701154.562500
-0.2067,0.0212,0.050800000000000005,456774636701154.562500
-0.20668999999999998,0.022000000000000002,0.056400000000000006,456774636701154.562500
-0.20667999999999997,0.022000000000000002,0.0516,456774636701154.562500
-0.20666999999999996,0.0196,0.058,456774636701154.562500
-0.20665999999999995,0.0228,0.0572,456774636701154.562500
-0.20665,0.022000000000000002,0.058,456774636701154.562500
-0.20664,0.022000000000000002,0.056400000000000006,456774636701154.562500
-0.20662999999999998,0.022000000000000002,0.053200000000000004,456774636701154.562500
-0.20661999999999997,0.022000000000000002,0.053200000000000004,456774636701154.562500
-0.20660999999999996,0.0228,0.055600000000000004,456774636701154.562500
-0.20659999999999995,0.022000000000000002,0.058,456774636701154.562500
-0.20659,0.0228,0.0572,456774636701154.562500
-0.20657999999999999,0.0252,0.058,456774636701154.562500
-0.20656999999999998,0.0228,0.056400000000000006,456774636701154.562500
-0.20655999999999997,0.0236,0.055600000000000004,456774636701154.562500
-0.20654999999999996,0.0236,0.058800000000000005,456774636701154.562500
-0.20654,0.0252,0.0572,456774636701154.562500
-0.20653,0.0252,0.0572,456774636701154.562500
-0.20651999999999998,0.0236,0.0572,456774636701154.562500
-0.20650999999999997,0.0236,0.0572,456774636701154.562500
-0.20649999999999996,0.0236,0.058,456774636701154.562500
-0.20648999999999995,0.0236,0.058,456774636701154.562500
-0.20648,0.0228,0.056400000000000006,456774636701154.562500
-0.20647,0.0204,0.058,456774636701154.562500
-0.20645999999999998,0.0244,0.0572,456774636701154.562500
-0.20644999999999997,0.022000000000000002,0.058,456774636701154.562500
-0.20643999999999996,0.0212,0.058800000000000005,456774636701154.562500
-0.20643,0.0212,0.0524,456774636701154.562500
-0.20642,0.022000000000000002,0.055600000000000004,456774636701154.562500
-0.20640999999999998,0.0228,0.0476,456774636701154.562500
-0.20639999999999997,0.022000000000000002,0.0572,456774636701154.562500
-0.20638999999999996,0.022000000000000002,0.0548,456774636701154.562500
-0.20637999999999995,0.0236,0.0572,456774636701154.562500
-0.20637,0.0228,0.053200000000000004,456774636701154.562500
-0.20636,0.022000000000000002,0.0572,456774636701154.562500
-0.20634999999999998,0.022000000000000002,0.05,456774636701154.562500
-0.20633999999999997,0.0228,0.055600000000000004,456774636701154.562500
-0.20632999999999996,0.022000000000000002,0.056400000000000006,456774636701154.562500
-0.20632,0.0228,0.058,456774636701154.562500
-0.20631,0.0204,0.056400000000000006,456774636701154.562500
-0.20629999999999998,0.0236,0.056400000000000006,456774636701154.562500
-0.20628999999999997,0.022000000000000002,0.0572,456774636701154.562500
-0.20627999999999996,0.0228,0.056400000000000006,456774636701154.562500
-0.20626999999999995,0.0236,0.056400000000000006,456774636701154.562500
-0.20626,0.0252,0.0548,456774636701154.562500
-0.20625,0.0228,0.0524,456774636701154.562500
-0.20623999999999998,0.0244,0.053200000000000004,456774636701154.562500
-0.20622999999999997,0.0236,0.0572,456774636701154.562500
-0.20621999999999996,0.0212,0.056400000000000006,456774636701154.562500
-0.20620999999999995,0.0228,0.0596,456774636701154.562500
-0.2062,0.022000000000000002,0.0572,456774636701154.562500
-0.20618999999999998,0.022000000000000002,0.056400000000000006,456774636701154.562500
-0.20617999999999997,0.022000000000000002,0.056400000000000006,456774636701154.562500
-0.20616999999999996,0.0228,0.058,456774636701154.562500
-0.20615999999999995,0.022000000000000002,0.056400000000000006,456774636701154.562500
-0.20615,0.022000000000000002,0.0548,456774636701154.562500
-0.20614,0.022000000000000002,0.056400000000000006,456774636701154.562500
-0.20612999999999998,0.0228,0.0572,456774636701154.562500
-0.20611999999999997,0.0228,0.0572,456774636701154.562500
-0.20610999999999996,0.0236,0.058,456774636701154.562500
-0.20609999999999995,0.0228,0.0548,456774636701154.562500
-0.20609,0.0204,0.053200000000000004,456774636701154.562500
-0.20607999999999999,0.022000000000000002,0.055600000000000004,456774636701154.562500
-0.20606999999999998,0.0228,0.058800000000000005,456774636701154.562500
-0.20605999999999997,0.022000000000000002,0.058,456774636701154.562500
-0.20604999999999996,0.0228,0.056400000000000006,456774636701154.562500
-0.20604,0.0244,0.055600000000000004,456774636701154.562500
-0.20603,0.0236,0.0572,456774636701154.562500
-0.20601999999999998,0.0228,0.056400000000000006,456774636701154.562500
-0.20600999999999997,0.0236,0.054,456774636701154.562500
-0.20599999999999996,0.0236,0.055600000000000004,456774636701154.562500
-0.20598999999999995,0.0236,0.0572,456774636701154.562500
-0.20598,0.0228,0.058800000000000005,456774636701154.562500
-0.20597,0.0204,0.056400000000000006,456774636701154.562500
-0.20595999999999998,0.022000000000000002,0.055600000000000004,456774636701154.562500
-0.20594999999999997,0.018000000000000002,0.055600000000000004,456774636701154.562500
-0.20593999999999996,0.0196,0.05,456774636701154.562500
-0.20593,0.0196,0.050800000000000005,456774636701154.562500
-0.20592,0.0212,0.048400000000000006,456774636701154.562500
-0.20590999999999998,0.0244,0.058,456774636701154.562500
-0.20589999999999997,0.022000000000000002,0.056400000000000006,456774636701154.562500
-0.20588999999999996,0.0236,0.058,456774636701154.562500
-0.20587999999999995,0.022000000000000002,0.0572,456774636701154.562500
-0.20587,0.0228,0.058,456774636701154.562500
-0.20586,0.0236,0.0572,456774636701154.562500
-0.20584999999999998,0.022000000000000002,0.058,456774636701154.562500
-0.20583999999999997,0.022000000000000002,0.056400000000000006,456774636701154.562500
-0.20582999999999996,0.0228,0.054,456774636701154.562500
-0.20582,0.0204,0.0572,456774636701154.562500
-0.20581,0.0196,0.0572,456774636701154.562500
-0.20579999999999998,0.0204,0.055600000000000004,456774636701154.562500
-0.20578999999999997,0.022000000000000002,0.0572,456774636701154.562500
-0.20577999999999996,0.0212,0.055600000000000004,456774636701154.562500
-0.20576999999999995,0.0204,0.058,456774636701154.562500
-0.20576,0.0228,0.058,456774636701154.562500
-0.20575,0.0212,0.0572,456774636701154.562500
-0.20573999999999998,0.022000000000000002,0.055600000000000004,456774636701154.562500
-0.20572999999999997,0.018000000000000002,0.058,456774636701154.562500
-0.20571999999999996,0.0236,0.054,456774636701154.562500
-0.20570999999999995,0.0236,0.0524,456774636701154.562500
-0.2057,0.0236,0.0444,456774636701154.562500
-0.20568999999999998,0.022000000000000002,0.045200000000000004,456774636701154.562500
-0.20567999999999997,0.0236,0.050800000000000005,456774636701154.562500
-0.20566999999999996,0.0236,0.0468,456774636701154.562500
-0.20565999999999995,0.022000000000000002,0.0548,456774636701154.562500
-0.20565,0.0236,0.0548,456774636701154.562500
-0.20564,0.0236,0.0548,456774636701154.562500
-0.20562999999999998,0.0236,0.0572,456774636701154.562500
-0.20561999999999997,0.0244,0.0572,456774636701154.562500
-0.20560999999999996,0.0228,0.0572,456774636701154.562500
-0.20559999999999995,0.0236,0.054,456774636701154.562500
-0.20559,0.0244,0.058,456774636701154.562500
-0.20557999999999998,0.0228,0.0524,456774636701154.562500
-0.20556999999999997,0.022000000000000002,0.0492,456774636701154.562500
-0.20555999999999996,0.0228,0.05,456774636701154.562500
-0.20554999999999995,0.0228,0.0524,456774636701154.562500
-0.20554,0.0228,0.0572,456774636701154.562500
-0.20553,0.0236,0.055600000000000004,456774636701154.562500
-0.20551999999999998,0.0212,0.058,456774636701154.562500
-0.20550999999999997,0.0212,0.0572,456774636701154.562500
-0.20549999999999996,0.022000000000000002,0.0572,456774636701154.562500
-0.20548999999999995,0.022000000000000002,0.058800000000000005,456774636701154.562500
-0.20548,0.0212,0.058800000000000005,456774636701154.562500
-0.20546999999999999,0.0204,0.0572,456774636701154.562500
-0.20545999999999998,0.0212,0.058800000000000005,456774636701154.562500
-0.20544999999999997,0.0204,0.056400000000000006,456774636701154.562500
-0.20543999999999996,0.0244,0.0572,456774636701154.562500
-0.20543,0.0228,0.056400000000000006,456774636701154.562500
-0.20542,0.0236,0.055600000000000004,456774636701154.562500
-0.20540999999999998,0.0236,0.056400000000000006,456774636701154.562500
-0.20539999999999997,0.022000000000000002,0.058,456774636701154.562500
-0.20538999999999996,0.0228,0.0572,456774636701154.562500
-0.20537999999999995,0.0212,0.056400000000000006,456774636701154.562500
-0.20537,0.0228,0.0572,456774636701154.562500
-0.20536,0.022000000000000002,0.0572,456774636701154.562500
-0.20534999999999998,0.0204,0.0572,456774636701154.562500
-0.20533999999999997,0.018000000000000002,0.056400000000000006,456774636701154.562500
-0.20532999999999996,0.022000000000000002,0.055600000000000004,456774636701154.562500
-0.20532,0.0244,0.0572,456774636701154.562500
-0.20531,0.0236,0.0572,456774636701154.562500
-0.20529999999999998,0.0236,0.058,456774636701154.562500
-0.20528999999999997,0.0236,0.058800000000000005,456774636701154.562500
-0.20527999999999996,0.0236,0.053200000000000004,456774636701154.562500
-0.20526999999999995,0.022000000000000002,0.0468,456774636701154.562500
-0.20526,0.0244,0.050800000000000005,456774636701154.562500
-0.20525,0.0244,0.0524,456774636701154.562500
-0.20523999999999998,0.0228,0.0524,456774636701154.562500
-0.20522999999999997,0.0236,0.048400000000000006,456774636701154.562500
-0.20521999999999996,0.022000000000000002,0.0468,456774636701154.562500
-0.20521,0.0236,0.0572,456774636701154.562500
-0.2052,0.0228,0.0548,456774636701154.562500
-0.20518999999999998,0.022000000000000002,0.058,456774636701154.562500
-0.20517999999999997,0.0236,0.058800000000000005,456774636701154.562500
-0.20516999999999996,0.0228,0.0572,456774636701154.562500
-0.20515999999999995,0.0228,0.058,456774636701154.562500
-0.20515,0.022000000000000002,0.058,456774636701154.562500
-0.20514,0.0212,0.055600000000000004,456774636701154.562500
-0.20512999999999998,0.0236,0.0572,456774636701154.562500
-0.20511999999999997,0.022000000000000002,0.058,456774636701154.562500
-0.20510999999999996,0.022000000000000002,0.058800000000000005,456774636701154.562500
-0.20509999999999995,0.0236,0.0572,456774636701154.562500
-0.20509,0.0212,0.0548,456774636701154.562500
-0.20507999999999998,0.0252,0.0572,456774636701154.562500
-0.20506999999999997,0.0212,0.058,456774636701154.562500
-0.20505999999999996,0.0236,0.053200000000000004,456774636701154.562500
-0.20504999999999995,0.0252,0.0572,456774636701154.562500
-0.20504,0.0244,0.0548,456774636701154.562500
-0.20503,0.0204,0.0572,456774636701154.562500
-0.20501999999999998,0.0236,0.055600000000000004,456774636701154.562500
-0.20500999999999997,0.0212,0.058,456774636701154.562500
-0.20499999999999996,0.0228,0.056400000000000006,456774636701154.562500
-0.20498999999999995,0.0196,0.056400000000000006,456774636701154.562500
-0.20498,0.0228,0.056400000000000006,456774636701154.562500
-0.20496999999999999,0.015600000000000001,0.055600000000000004,456774636701154.562500
-0.20495999999999998,0.0204,0.0548,456774636701154.562500
-0.20494999999999997,0.022000000000000002,0.054,456774636701154.562500
-0.20493999999999996,0.0236,0.0548,456774636701154.562500
-0.20493,0.022000000000000002,0.056400000000000006,456774636701154.562500
-0.20492,0.0228,0.055600000000000004,456774636701154.562500
-0.20490999999999998,0.022000000000000002,0.056400000000000006,456774636701154.562500
-0.20489999999999997,0.022000000000000002,0.0572,456774636701154.562500
-0.20488999999999996,0.0236,0.0524,456774636701154.562500
-0.20487999999999995,0.0228,0.056400000000000006,456774636701154.562500
-0.20487,0.0196,0.053200000000000004,456774636701154.562500
-0.20486,0.022000000000000002,0.0516,456774636701154.562500
-0.20484999999999998,0.0212,0.054,456774636701154.562500
-0.20483999999999997,0.0228,0.0572,456774636701154.562500
-0.20482999999999996,0.0204,0.055600000000000004,456774636701154.562500
-0.20482,0.022000000000000002,0.0572,456774636701154.562500
-0.20481,0.0228,0.0548,456774636701154.562500
-0.20479999999999998,0.0196,0.0572,456774636701154.562500
-0.20478999999999997,0.0236,0.0516,456774636701154.562500
-0.20477999999999996,0.0212,0.056400000000000006,456774636701154.562500
-0.20476999999999995,0.0212,0.0572,456774636701154.562500
-0.20476,0.0244,0.056400000000000006,456774636701154.562500
-0.20475,0.0244,0.053200000000000004,456774636701154.562500
-0.20473999999999998,0.0212,0.054,456774636701154.562500
-0.20472999999999997,0.0236,0.0572,456774636701154.562500
-0.20471999999999996,0.0252,0.058,456774636701154.562500
-0.20471,0.0236,0.056400000000000006,456774636701154.562500
-0.2047,0.0228,0.058,456774636701154.562500
-0.20468999999999998,0.0244,0.0572,456774636701154.562500
-0.20467999999999997,0.0236,0.058,456774636701154.562500
-0.20466999999999996,0.0244,0.055600000000000004,456774636701154.562500
-0.20465999999999995,0.0228,0.058,456774636701154.562500
-0.20465,0.0228,0.056400000000000006,456774636701154.562500
-0.20464,0.022000000000000002,0.056400000000000006,456774636701154.562500
-0.20462999999999998,0.0228,0.0548,456774636701154.562500
-0.20461999999999997,0.0228,0.0476,456774636701154.562500
-0.20460999999999996,0.0228,0.056400000000000006,456774636701154.562500
-0.20459999999999995,0.022000000000000002,0.056400000000000006,456774636701154.562500
-0.20459,0.0188,0.056400000000000006,456774636701154.562500
-0.20457999999999998,0.022000000000000002,0.056400000000000006,456774636701154.562500
-0.20456999999999997,0.0204,0.056400000000000006,456774636701154.562500
-0.20455999999999996,0.0228,0.055600000000000004,456774636701154.562500
-0.20454999999999995,0.0212,0.058800000000000005,456774636701154.562500
-0.20454,0.022000000000000002,0.056400000000000006,456774636701154.562500
-0.20453,0.022000000000000002,0.055600000000000004,456774636701154.562500
-0.20451999999999998,0.022000000000000002,0.058,456774636701154.562500
-0.20450999999999997,0.022000000000000002,0.056400000000000006,456774636701154.562500
-0.20449999999999996,0.0236,0.0572,456774636701154.562500
-0.20448999999999995,0.0244,0.058800000000000005,456774636701154.562500
-0.20448,0.0236,0.0572,456774636701154.562500
-0.20446999999999999,0.0244,0.0572,456774636701154.562500
-0.20445999999999998,0.0252,0.058800000000000005,456774636701154.562500
-0.20444999999999997,0.0228,0.056400000000000006,456774636701154.562500
-0.20443999999999996,0.0244,0.055600000000000004,456774636701154.562500
-0.20443,0.0228,0.055600000000000004,456774636701154.562500
-0.20442,0.0236,0.054,456774636701154.562500
-0.20440999999999998,0.0252,0.058,456774636701154.562500
-0.20439999999999997,0.0252,0.0572,456774636701154.562500
-0.20438999999999996,0.0252,0.0572,456774636701154.562500
-0.20437999999999995,0.0244,0.056400000000000006,456774636701154.562500
-0.20437,0.0244,0.056400000000000006,456774636701154.562500
-0.20435999999999999,0.0236,0.0572,456774636701154.562500
-0.20434999999999998,0.0196,0.056400000000000006,456774636701154.562500
-0.20433999999999997,0.0236,0.056400000000000006,456774636701154.562500
-0.20432999999999996,0.022000000000000002,0.055600000000000004,456774636701154.562500
-0.20432,0.0212,0.056400000000000006,456774636701154.562500
-0.20431,0.0212,0.058,456774636701154.562500
-0.20429999999999998,0.0212,0.058,456774636701154.562500
-0.20428999999999997,0.022000000000000002,0.0572,456774636701154.562500
-0.20427999999999996,0.0228,0.0524,456774636701154.562500
-0.20426999999999995,0.0212,0.054,456774636701154.562500
-0.20426,0.022000000000000002,0.050800000000000005,456774636701154.562500
-0.20425,0.0228,0.0412,456774636701154.562500
-0.20423999999999998,0.0228,0.0476,456774636701154.562500
-0.20422999999999997,0.0228,0.045200000000000004,456774636701154.562500
-0.20421999999999996,0.0228,0.0548,456774636701154.562500
-0.20421,0.0244,0.0516,456774636701154.562500
-0.2042,0.0236,0.055600000000000004,456774636701154.562500
-0.20418999999999998,0.0244,0.054,456774636701154.562500
-0.20417999999999997,0.0236,0.056400000000000006,456774636701154.562500
-0.20416999999999996,0.0228,0.055600000000000004,456774636701154.562500
-0.20415999999999995,0.0228,0.056400000000000006,456774636701154.562500
-0.20415,0.0268,0.058,456774636701154.562500
-0.20414,0.0244,0.0548,456774636701154.562500
-0.20412999999999998,0.0244,0.0572,456774636701154.562500
-0.20411999999999997,0.0244,0.058,456774636701154.562500
-0.20410999999999996,0.0236,0.056400000000000006,456774636701154.562500
-0.20409999999999995,0.0236,0.056400000000000006,456774636701154.562500
-0.20409,0.0244,0.054,456774636701154.562500
-0.20407999999999998,0.0228,0.0572,456774636701154.562500
-0.20406999999999997,0.0236,0.0572,456774636701154.562500
-0.20405999999999996,0.0236,0.054,456774636701154.562500
-0.20404999999999995,0.0212,0.0516,456774636701154.562500
-0.20404,0.0236,0.054,456774636701154.562500
-0.20403,0.0228,0.058,456774636701154.562500
-0.20401999999999998,0.0236,0.056400000000000006,456774636701154.562500
-0.20400999999999997,0.0228,0.0548,456774636701154.562500
-0.20399999999999996,0.0228,0.058,456774636701154.562500
-0.20398999999999995,0.0212,0.056400000000000006,456774636701154.562500
-0.20398,0.0204,0.056400000000000006,456774636701154.562500
-0.20396999999999998,0.0236,0.058,456774636701154.562500
-0.20395999999999997,0.0228,0.058,456774636701154.562500
-0.20394999999999996,0.0228,0.058800000000000005,456774636701154.562500
-0.20393999999999995,0.022000000000000002,0.0572,456774636701154.562500
-0.20393,0.0228,0.058,456774636701154.562500
-0.20392,0.0236,0.0524,456774636701154.562500
-0.20390999999999998,0.0212,0.0548,456774636701154.562500
-0.20389999999999997,0.0204,0.054,456774636701154.562500
-0.20388999999999996,0.0204,0.0524,456774636701154.562500
-0.20387999999999995,0.0172,0.0572,456774636701154.562500
-0.20387,0.0228,0.055600000000000004,456774636701154.562500
-0.20385999999999999,0.022000000000000002,0.0548,456774636701154.562500
-0.20384999999999998,0.0228,0.055600000000000004,456774636701154.562500
-0.20383999999999997,0.022000000000000002,0.053200000000000004,456774636701154.562500
-0.20382999999999996,0.0236,0.0572,456774636701154.562500
-0.20382,0.022000000000000002,0.0516,456774636701154.562500
-0.20381,0.026000000000000002,0.0444,456774636701154.562500
-0.20379999999999998,0.0244,0.0476,456774636701154.562500
-0.20378999999999997,0.0228,0.0524,456774636701154.562500
-0.20377999999999996,0.026000000000000002,0.0524,456774636701154.562500
-0.20376999999999995,0.0212,0.0516,456774636701154.562500
-0.20376,0.0236,0.055600000000000004,456774636701154.562500
-0.20375,0.0236,0.0516,456774636701154.562500
-0.20373999999999998,0.0236,0.056400000000000006,456774636701154.562500
-0.20372999999999997,0.0244,0.046,456774636701154.562500
-0.20371999999999996,0.0236,0.0492,456774636701154.562500
-0.20371,0.022000000000000002,0.054,456774636701154.562500
-0.2037,0.0236,0.056400000000000006,456774636701154.562500
-0.20368999999999998,0.0212,0.055600000000000004,456774636701154.562500
-0.20367999999999997,0.0204,0.0572,456774636701154.562500
-0.20366999999999996,0.0196,0.055600000000000004,456774636701154.562500
-0.20365999999999995,0.022000000000000002,0.058,456774636701154.562500
-0.20365,0.0188,0.0548,456774636701154.562500
-0.20364,0.0196,0.056400000000000006,456774636701154.562500
-0.20362999999999998,0.0148,0.0572,456774636701154.562500
-0.20361999999999997,0.0196,0.056400000000000006,456774636701154.562500
-0.20360999999999996,0.0196,0.0572,456774636701154.562500
-0.2036,0.0204,0.056400000000000006,456774636701154.562500
-0.20359,0.018000000000000002,0.0572,456774636701154.562500
-0.20357999999999998,0.0172,0.056400000000000006,456774636701154.562500
-0.20356999999999997,0.0204,0.053200000000000004,456774636701154.562500
-0.20355999999999996,0.0244,0.0572,456774636701154.562500
-0.20354999999999995,0.0228,0.054,456774636701154.562500
-0.20354,0.0236,0.054,456774636701154.562500
-0.20353,0.0252,0.056400000000000006,456774636701154.562500
-0.20351999999999998,0.0212,0.058,456774636701154.562500
-0.20350999999999997,0.0212,0.0548,456774636701154.562500
-0.20349999999999996,0.018000000000000002,0.055600000000000004,456774636701154.562500
-0.20348999999999995,0.0244,0.055600000000000004,456774636701154.562500
-0.20348,0.0204,0.058,456774636701154.562500
-0.20346999999999998,0.0204,0.053200000000000004,456774636701154.562500
-0.20345999999999997,0.0212,0.0572,456774636701154.562500
-0.20344999999999996,0.022000000000000002,0.054,456774636701154.562500
-0.20343999999999995,0.0228,0.055600000000000004,456774636701154.562500
-0.20343,0.0228,0.050800000000000005,456774636701154.562500
-0.20342,0.0228,0.058,456774636701154.562500
-0.20340999999999998,0.0228,0.05,456774636701154.562500
-0.20339999999999997,0.0228,0.046,456774636701154.562500
-0.20338999999999996,0.0228,0.054,456774636701154.562500
-0.20337999999999995,0.0228,0.055600000000000004,456774636701154.562500
-0.20337,0.0228,0.0524,456774636701154.562500
-0.20335999999999999,0.022000000000000002,0.0524,456774636701154.562500
-0.20334999999999998,0.0228,0.050800000000000005,456774636701154.562500
-0.20333999999999997,0.0228,0.0548,456774636701154.562500
-0.20332999999999996,0.0244,0.0524,456774636701154.562500
-0.20332,0.022000000000000002,0.058,456774636701154.562500
-0.20331,0.0228,0.056400000000000006,456774636701154.562500
-0.20329999999999998,0.022000000000000002,0.056400000000000006,456774636701154.562500
-0.20328999999999997,0.0228,0.056400000000000006,456774636701154.562500
-0.20327999999999996,0.022000000000000002,0.055600000000000004,456774636701154.562500
-0.20326999999999995,0.0236,0.056400000000000006,456774636701154.562500
-0.20326,0.022000000000000002,0.056400000000000006,456774636701154.562500
-0.20325,0.022000000000000002,0.056400000000000006,456774636701154.562500
-0.20323999999999998,0.0236,0.056400000000000006,456774636701154.562500
-0.20322999999999997,0.0236,0.056400000000000006,456774636701154.562500
-0.20321999999999996,0.0252,0.0572,456774636701154.562500
-0.20321,0.0252,0.055600000000000004,456774636701154.562500
-0.2032,0.0228,0.056400000000000006,456774636701154.562500
-0.20318999999999998,0.0244,0.055600000000000004,456774636701154.562500
-0.20317999999999997,0.0252,0.056400000000000006,456774636701154.562500
-0.20316999999999996,0.0236,0.0572,456774636701154.562500
-0.20315999999999995,0.018000000000000002,0.0572,456774636701154.562500
-0.20315,0.0244,0.056400000000000006,456774636701154.562500
-0.20314,0.0228,0.0524,456774636701154.562500
-0.20312999999999998,0.0228,0.055600000000000004,456774636701154.562500
-0.20311999999999997,0.0244,0.058,456774636701154.562500
-0.20310999999999996,0.0228,0.058,456774636701154.562500
-0.2031,0.0204,0.056400000000000006,456774636701154.562500
-0.20309,0.022000000000000002,0.0572,456774636701154.562500
-0.20307999999999998,0.0212,0.056400000000000006,456774636701154.562500
-0.20306999999999997,0.0212,0.055600000000000004,456774636701154.562500
-0.20305999999999996,0.0228,0.055600000000000004,456774636701154.562500
-0.20304999999999995,0.0228,0.05,456774636701154.562500
-0.20304,0.022000000000000002,0.0548,456774636701154.562500
-0.20303,0.0212,0.053200000000000004,456774636701154.562500
-0.20301999999999998,0.0228,0.056400000000000006,456774636701154.562500
-0.20300999999999997,0.0236,0.0492,456774636701154.562500
-0.20299999999999996,0.0204,0.054,456774636701154.562500
-0.20298999999999995,0.0212,0.0516,456774636701154.562500
-0.20298,0.0188,0.054,456774636701154.562500
-0.20296999999999998,0.0228,0.05,456774636701154.562500
-0.20295999999999997,0.0228,0.05,456774636701154.562500
-0.20294999999999996,0.0236,0.056400000000000006,456774636701154.562500
-0.20293999999999995,0.022000000000000002,0.0548,456774636701154.562500
-0.20293,0.0228,0.055600000000000004,456774636701154.562500
-0.20292,0.0204,0.0468,456774636701154.562500
-0.20290999999999998,0.0236,0.050800000000000005,456774636701154.562500
-0.20289999999999997,0.022000000000000002,0.050800000000000005,456774636701154.562500
-0.20288999999999996,0.0212,0.058,456774636701154.562500
-0.20287999999999995,0.0228,0.056400000000000006,456774636701154.562500
-0.20287,0.0244,0.054,456774636701154.562500
-0.20285999999999998,0.0236,0.056400000000000006,456774636701154.562500
-0.20284999999999997,0.0236,0.055600000000000004,456774636701154.562500
-0.20283999999999996,0.0212,0.058,456774636701154.562500
-0.20282999999999995,0.0212,0.056400000000000006,456774636701154.562500
-0.20282,0.022000000000000002,0.0572,456774636701154.562500
-0.20281,0.0196,0.056400000000000006,456774636701154.562500
-0.20279999999999998,0.0204,0.0572,456774636701154.562500
-0.20278999999999997,0.018000000000000002,0.056400000000000006,456774636701154.562500
-0.20277999999999996,0.022000000000000002,0.0548,456774636701154.562500
-0.20276999999999995,0.0212,0.058,456774636701154.562500
-0.20276,0.022000000000000002,0.0572,456774636701154.562500
-0.20274999999999999,0.022000000000000002,0.056400000000000006,456774636701154.562500
-0.20273999999999998,0.0212,0.058,456774636701154.562500
-0.20272999999999997,0.0228,0.0572,456774636701154.562500
-0.20271999999999996,0.0212,0.0572,456774636701154.562500
-0.20271,0.0196,0.055600000000000004,456774636701154.562500
-0.2027,0.0212,0.058,456774636701154.562500
-0.20268999999999998,0.0204,0.0572,456774636701154.562500
-0.20267999999999997,0.022000000000000002,0.0572,456774636701154.562500
-0.20266999999999996,0.022000000000000002,0.056400000000000006,456774636701154.562500
-0.20265999999999995,0.0172,0.056400000000000006,456774636701154.562500
-0.20265,0.022000000000000002,0.0572,456774636701154.562500
-0.20264,0.0164,0.055600000000000004,456774636701154.562500
-0.20262999999999998,0.0204,0.054,456774636701154.562500
-0.20261999999999997,0.0172,0.056400000000000006,456774636701154.562500
-0.20260999999999996,0.0204,0.058,456774636701154.562500
-0.2026,0.0148,0.056400000000000006,456774636701154.562500
-0.20259,0.0212,0.058,456774636701154.562500
-0.20257999999999998,0.022000000000000002,0.054,456774636701154.562500
-0.20256999999999997,0.0228,0.058,456774636701154.562500
-0.20255999999999996,0.0196,0.055600000000000004,456774636701154.562500
-0.20254999999999995,0.018000000000000002,0.0548,456774636701154.562500
-0.20254,0.015600000000000001,0.050800000000000005,456774636701154.562500
-0.20253,0.0212,0.0548,456774636701154.562500
-0.20251999999999998,0.0204,0.0524,456774636701154.562500
-0.20250999999999997,0.018000000000000002,0.058,456774636701154.562500
-0.20249999999999996,0.0196,0.056400000000000006,456774636701154.562500
-0.20249,0.022000000000000002,0.05,456774636701154.562500
-0.20248,0.0204,0.0516,456774636701154.562500
-0.20246999999999998,0.0212,0.0476,456774636701154.562500
-0.20245999999999997,0.022000000000000002,0.046,456774636701154.562500
-0.20244999999999996,0.022000000000000002,0.046,456774636701154.562500
-0.20243999999999995,0.0204,0.055600000000000004,456774636701154.562500
-0.20243,0.0228,0.053200000000000004,456774636701154.562500
-0.20242,0.0212,0.0524,456774636701154.562500
-0.20240999999999998,0.0204,0.055600000000000004,456774636701154.562500
-0.20239999999999997,0.022000000000000002,0.055600000000000004,456774636701154.562500
-0.20238999999999996,0.022000000000000002,0.056400000000000006,456774636701154.562500
-0.20237999999999995,0.0228,0.055600000000000004,456774636701154.562500
-0.20237,0.0228,0.058800000000000005,456774636701154.562500
-0.20235999999999998,0.0236,0.0548,456774636701154.562500
-0.20234999999999997,0.0236,0.055600000000000004,456774636701154.562500
-0.20233999999999996,0.0228,0.0572,456774636701154.562500
-0.20232999999999995,0.0236,0.055600000000000004,456774636701154.562500
-0.20232,0.0228,0.055600000000000004,456774636701154.562500
-0.20231,0.0244,0.0572,456774636701154.562500
-0.20229999999999998,0.0244,0.056400000000000006,456774636701154.562500
-0.20228999999999997,0.0244,0.0572,456774636701154.562500
-0.20227999999999996,0.0244,0.0572,456774636701154.562500
-0.20226999999999995,0.0236,0.0548,456774636701154.562500
-0.20226,0.0228,0.0572,456774636701154.562500
-0.20224999999999999,0.0244,0.058,456774636701154.562500
-0.20223999999999998,0.0236,0.055600000000000004,456774636701154.562500
-0.20222999999999997,0.0236,0.0572,456774636701154.562500
-0.20221999999999996,0.0228,0.056400000000000006,456774636701154.562500
-0.20221,0.022000000000000002,0.054,456774636701154.562500
-0.2022,0.0212,0.056400000000000006,456774636701154.562500
-0.20218999999999998,0.0244,0.0572,456774636701154.562500
-0.20217999999999997,0.022000000000000002,0.053200000000000004,456774636701154.562500
-0.20216999999999996,0.0212,0.055600000000000004,456774636701154.562500
-0.20215999999999995,0.022000000000000002,0.0548,456774636701154.562500
-0.20215,0.0204,0.056400000000000006,456774636701154.562500
-0.20214,0.0236,0.056400000000000006,456774636701154.562500
-0.20212999999999998,0.0236,0.055600000000000004,456774636701154.562500
-0.20211999999999997,0.022000000000000002,0.0572,456774636701154.562500
-0.20210999999999996,0.022000000000000002,0.0572,456774636701154.562500
-0.2021,0.0188,0.0572,456774636701154.562500
-0.20209,0.0228,0.054,456774636701154.562500
-0.20207999999999998,0.0204,0.055600000000000004,456774636701154.562500
-0.20206999999999997,0.0196,0.0548,456774636701154.562500
-0.20205999999999996,0.0212,0.0572,456774636701154.562500
-0.20204999999999995,0.0196,0.055600000000000004,456774636701154.562500
-0.20204,0.0188,0.055600000000000004,456774636701154.562500
-0.20203,0.0236,0.0524,456774636701154.562500
-0.20201999999999998,0.0204,0.058,456774636701154.562500
-0.20200999999999997,0.026000000000000002,0.0572,456774636701154.562500
-0.20199999999999996,0.0252,0.058,456774636701154.562500
-0.20199,0.0244,0.050800000000000005,456774636701154.562500
-0.20198,0.022000000000000002,0.0572,456774636701154.562500
-0.20196999999999998,0.0204,0.054,456774636701154.562500
-0.20195999999999997,0.0228,0.0572,456774636701154.562500
-0.20194999999999996,0.0196,0.055600000000000004,456774636701154.562500
-0.20193999999999995,0.0212,0.056400000000000006,456774636701154.562500
-0.20193,0.0228,0.058,456774636701154.562500
-0.20192,0.0236,0.056400000000000006,456774636701154.562500
-0.20190999999999998,0.0188,0.055600000000000004,456774636701154.562500
-0.20189999999999997,0.0228,0.056400000000000006,456774636701154.562500
-0.20188999999999996,0.0236,0.056400000000000006,456774636701154.562500
-0.20187999999999995,0.0212,0.0548,456774636701154.562500
-0.20187,0.0204,0.058,456774636701154.562500
-0.20185999999999998,0.0204,0.058,456774636701154.562500
-0.20184999999999997,0.022000000000000002,0.056400000000000006,456774636701154.562500
-0.20183999999999996,0.0196,0.053200000000000004,456774636701154.562500
-0.20182999999999995,0.0212,0.0572,456774636701154.562500
-0.20182,0.0188,0.054,456774636701154.562500
-0.20181,0.0204,0.055600000000000004,456774636701154.562500
-0.20179999999999998,0.0212,0.055600000000000004,456774636701154.562500
-0.20178999999999997,0.0204,0.0572,456774636701154.562500
-0.20177999999999996,0.0236,0.055600000000000004,456774636701154.562500
-0.20176999999999995,0.0228,0.0572,456774636701154.562500
-0.20176,0.0196,0.054,456774636701154.562500
-0.20174999999999998,0.0212,0.0468,456774636701154.562500
-0.20173999999999997,0.022000000000000002,0.0524,456774636701154.562500
-0.20172999999999996,0.0244,0.0396,456774636701154.562500
-0.20171999999999995,0.0196,0.0444,456774636701154.562500
-0.20171,0.022000000000000002,0.0412,456774636701154.562500
-0.2017,0.0212,0.056400000000000006,456774636701154.562500
-0.20168999999999998,0.0252,0.056400000000000006,456774636701154.562500
-0.20167999999999997,0.0228,0.055600000000000004,456774636701154.562500
-0.20166999999999996,0.0212,0.054,456774636701154.562500
-0.20165999999999995,0.022000000000000002,0.054,456774636701154.562500
-0.20165,0.0236,0.055600000000000004,456774636701154.562500
-0.20163999999999999,0.022000000000000002,0.046,456774636701154.562500
-0.20162999999999998,0.0244,0.053200000000000004,456774636701154.562500
-0.20161999999999997,0.0236,0.05,456774636701154.562500
-0.20160999999999996,0.0244,0.0524,456774636701154.562500
-0.2016,0.0244,0.0516,456774636701154.562500
-0.20159,0.0236,0.056400000000000006,456774636701154.562500
-0.20157999999999998,0.0228,0.0524,456774636701154.562500
-0.20156999999999997,0.0236,0.053200000000000004,456774636701154.562500
-0.20155999999999996,0.022000000000000002,0.058,456774636701154.562500
-0.20154999999999995,0.0228,0.056400000000000006,456774636701154.562500
-0.20154,0.0212,0.056400000000000006,456774636701154.562500
-0.20153,0.0212,0.054,456774636701154.562500
-0.20151999999999998,0.022000000000000002,0.056400000000000006,456774636701154.562500
-0.20150999999999997,0.0228,0.050800000000000005,456774636701154.562500
-0.20149999999999996,0.0212,0.054,456774636701154.562500
-0.20149,0.022000000000000002,0.05,456774636701154.562500
-0.20148,0.0228,0.056400000000000006,456774636701154.562500
-0.20146999999999998,0.022000000000000002,0.054,456774636701154.562500
-0.20145999999999997,0.022000000000000002,0.058,456774636701154.562500
-0.20144999999999996,0.022000000000000002,0.055600000000000004,456774636701154.562500
-0.20143999999999995,0.0236,0.056400000000000006,456774636701154.562500
-0.20143,0.0212,0.055600000000000004,456774636701154.562500
-0.20142,0.0236,0.050800000000000005,456774636701154.562500
-0.20140999999999998,0.0244,0.058,456774636701154.562500
-0.20139999999999997,0.0236,0.0572,456774636701154.562500
-0.20138999999999996,0.0244,0.056400000000000006,456774636701154.562500
-0.20137999999999995,0.0236,0.050800000000000005,456774636701154.562500
-0.20137,0.026000000000000002,0.0572,456774636701154.562500
-0.20135999999999998,0.0236,0.054,456774636701154.562500
-0.20134999999999997,0.0228,0.056400000000000006,456774636701154.562500
-0.20133999999999996,0.0244,0.0572,456774636701154.562500
-0.20132999999999995,0.0244,0.055600000000000004,456774636701154.562500
-0.20132,0.0228,0.0548,456774636701154.562500
-0.20131,0.0228,0.056400000000000006,456774636701154.562500
-0.20129999999999998,0.0228,0.058,456774636701154.562500
-0.20128999999999997,0.0228,0.055600000000000004,456774636701154.562500
-0.20127999999999996,0.0228,0.058,456774636701154.562500
-0.20126999999999995,0.0236,0.056400000000000006,456774636701154.562500
-0.20126,0.022000000000000002,0.0548,456774636701154.562500
-0.20124999999999998,0.0228,0.058,456774636701154.562500
-0.20123999999999997,0.022000000000000002,0.0548,456774636701154.562500
-0.20122999999999996,0.022000000000000002,0.056400000000000006,456774636701154.562500
-0.20121999999999995,0.0228,0.055600000000000004,456774636701154.562500
-0.20121,0.0212,0.053200000000000004,456774636701154.562500
-0.2012,0.0212,0.054,456774636701154.562500
-0.20118999999999998,0.0172,0.056400000000000006,456774636701154.562500
-0.20117999999999997,0.0164,0.0548,456774636701154.562500
-0.20116999999999996,0.0204,0.0572,456774636701154.562500
-0.20115999999999995,0.0196,0.0516,456774636701154.562500
-0.20115,0.0196,0.055600000000000004,456774636701154.562500
-0.20113999999999999,0.0212,0.0572,456774636701154.562500
-0.20112999999999998,0.0228,0.05,456774636701154.562500
-0.20111999999999997,0.0244,0.055600000000000004,456774636701154.562500
-0.20110999999999996,0.0236,0.053200000000000004,456774636701154.562500
-0.2011,0.0236,0.056400000000000006,456774636701154.562500
-0.20109,0.0228,0.054,456774636701154.562500
-0.20107999999999998,0.0244,0.056400000000000006,456774636701154.562500
-0.20106999999999997,0.0244,0.0524,456774636701154.562500
-0.20105999999999996,0.026000000000000002,0.055600000000000004,456774636701154.562500
-0.20104999999999995,0.0252,0.056400000000000006,456774636701154.562500
-0.20104,0.0236,0.0548,456774636701154.562500
-0.20103,0.0236,0.0492,456774636701154.562500
-0.20101999999999998,0.0236,0.050800000000000005,456774636701154.562500
-0.20100999999999997,0.0228,0.053200000000000004,456774636701154.562500
-0.20099999999999996,0.0236,0.056400000000000006,456774636701154.562500
-0.20099,0.022000000000000002,0.054,456774636701154.562500
-0.20098,0.0236,0.0572,456774636701154.562500
-0.20096999999999998,0.0212,0.056400000000000006,456774636701154.562500
-0.20095999999999997,0.0196,0.055600000000000004,456774636701154.562500
-0.20094999999999996,0.0172,0.048400000000000006,456774636701154.562500
-0.20093999999999995,0.022000000000000002,0.0572,456774636701154.562500
-0.20093,0.0212,0.050800000000000005,456774636701154.562500
-0.20092,0.0236,0.056400000000000006,456774636701154.562500
-0.20090999999999998,0.022000000000000002,0.0548,456774636701154.562500
-0.20089999999999997,0.022000000000000002,0.058,456774636701154.562500
-0.20088999999999996,0.0204,0.058,456774636701154.562500
-0.20088,0.0212,0.056400000000000006,456774636701154.562500
-0.20087,0.0196,0.056400000000000006,456774636701154.562500
-0.20085999999999998,0.0212,0.0524,456774636701154.562500
-0.20084999999999997,0.018000000000000002,0.058,456774636701154.562500
-0.20083999999999996,0.0204,0.055600000000000004,456774636701154.562500
-0.20082999999999995,0.0212,0.056400000000000006,456774636701154.562500
-0.20082,0.0236,0.0572,456774636701154.562500
-0.20081,0.0236,0.0524,456774636701154.562500
-0.20079999999999998,0.022000000000000002,0.0572,456774636701154.562500
-0.20078999999999997,0.0244,0.056400000000000006,456774636701154.562500
-0.20077999999999996,0.0212,0.0572,456774636701154.562500
-0.20076999999999995,0.0204,0.056400000000000006,456774636701154.562500
-0.20076,0.0204,0.055600000000000004,456774636701154.562500
-0.20074999999999998,0.0236,0.0572,456774636701154.562500
-0.20073999999999997,0.0236,0.056400000000000006,456774636701154.562500
-0.20072999999999996,0.0244,0.056400000000000006,456774636701154.562500
-0.20071999999999995,0.0204,0.056400000000000006,456774636701154.562500
-0.20071,0.0252,0.0572,456774636701154.562500
-0.2007,0.0236,0.056400000000000006,456774636701154.562500
-0.20068999999999998,0.0228,0.0548,456774636701154.562500
-0.20067999999999997,0.0228,0.053200000000000004,456774636701154.562500
-0.20066999999999996,0.0228,0.058,456774636701154.562500
-0.20065999999999995,0.0196,0.056400000000000006,456774636701154.562500
-0.20065,0.0228,0.056400000000000006,456774636701154.562500
-0.20063999999999999,0.018000000000000002,0.056400000000000006,456774636701154.562500
-0.20062999999999998,0.0212,0.056400000000000006,456774636701154.562500
-0.20061999999999997,0.022000000000000002,0.0548,456774636701154.562500
-0.20060999999999996,0.022000000000000002,0.0492,456774636701154.562500
-0.2006,0.022000000000000002,0.05,456774636701154.562500
-0.20059,0.0204,0.046,456774636701154.562500
-0.20057999999999998,0.022000000000000002,0.056400000000000006,456774636701154.562500
-0.20056999999999997,0.0188,0.055600000000000004,456774636701154.562500
-0.20055999999999996,0.0196,0.0516,456774636701154.562500
-0.20054999999999995,0.015600000000000001,0.055600000000000004,456774636701154.562500
-0.20054,0.0212,0.0436,456774636701154.562500
-0.20052999999999999,0.0228,0.055600000000000004,456774636701154.562500
-0.20051999999999998,0.0228,0.0524,456774636701154.562500
-0.20050999999999997,0.022000000000000002,0.0572,456774636701154.562500
-0.20049999999999996,0.0228,0.055600000000000004,456774636701154.562500
-0.20049,0.0228,0.058,456774636701154.562500
-0.20048,0.0244,0.056400000000000006,456774636701154.562500
-0.20046999999999998,0.0236,0.0468,456774636701154.562500
-0.20045999999999997,0.0236,0.0548,456774636701154.562500
-0.20044999999999996,0.0244,0.055600000000000004,456774636701154.562500
-0.20043999999999995,0.0228,0.055600000000000004,456774636701154.562500
-0.20043,0.0244,0.056400000000000006,456774636701154.562500
-0.20042,0.0212,0.0492,456774636701154.562500
-0.20040999999999998,0.0228,0.055600000000000004,456774636701154.562500
-0.20039999999999997,0.0196,0.0516,456774636701154.562500
-0.20038999999999996,0.0236,0.056400000000000006,456774636701154.562500
-0.20038,0.022000000000000002,0.0572,456774636701154.562500
-0.20037,0.022000000000000002,0.056400000000000006,456774636701154.562500
-0.20035999999999998,0.0228,0.0492,456774636701154.562500
-0.20034999999999997,0.0228,0.055600000000000004,456774636701154.562500
-0.20033999999999996,0.022000000000000002,0.05,456774636701154.562500
-0.20032999999999995,0.018000000000000002,0.054,456774636701154.562500
-0.20032,0.0212,0.042800000000000005,456774636701154.562500
-0.20031,0.0212,0.053200000000000004,456774636701154.562500
-0.20029999999999998,0.022000000000000002,0.05,456774636701154.562500
-0.20028999999999997,0.0196,0.054,456774636701154.562500
-0.20027999999999996,0.0212,0.05,456774636701154.562500
-0.20026999999999995,0.0196,0.055600000000000004,456774636701154.562500
-0.20026,0.022000000000000002,0.0524,456774636701154.562500
-0.20024999999999998,0.0172,0.055600000000000004,456774636701154.562500
-0.20023999999999997,0.0188,0.0524,456774636701154.562500
-0.20022999999999996,0.0188,0.058,456774636701154.562500
-0.20021999999999995,0.0204,0.0516,456774636701154.562500
-0.20021,0.015600000000000001,0.055600000000000004,456774636701154.562500
-0.2002,0.022000000000000002,0.0492,456774636701154.562500
-0.20018999999999998,0.0212,0.0548,456774636701154.562500
-0.20017999999999997,0.0228,0.0572,456774636701154.562500
-0.20016999999999996,0.0228,0.0572,456774636701154.562500
-0.20015999999999995,0.0236,0.053200000000000004,456774636701154.562500
-0.20015,0.0268,0.054,456774636701154.562500
-0.20013999999999998,0.022000000000000002,0.054,456774636701154.562500
-0.20012999999999997,0.0244,0.056400000000000006,456774636701154.562500
-0.20011999999999996,0.0244,0.0548,456774636701154.562500
-0.20010999999999995,0.0244,0.054,456774636701154.562500
-0.2001,0.022000000000000002,0.055600000000000004,456774636701154.562500
-0.20009,0.0236,0.0516,456774636701154.562500
-0.20007999999999998,0.0244,0.045200000000000004,456774636701154.562500
-0.20006999999999997,0.0212,0.054,456774636701154.562500
-0.20005999999999996,0.022000000000000002,0.054,456774636701154.562500
-0.20004999999999995,0.0236,0.0572,456774636701154.562500
-0.20004,0.0212,0.054,456774636701154.562500
-0.20002999999999999,0.0212,0.056400000000000006,456774636701154.562500
-0.20001999999999998,0.0236,0.054,456774636701154.562500
-0.20000999999999997,0.0236,0.0548,456774636701154.562500
-0.19999999999999996,0.0228,0.0492,456774636701154.562500
-0.19999,0.0204,0.0476,456774636701154.562500
-0.19998,0.022000000000000002,0.0436,456774636701154.562500
-0.19996999999999998,0.0204,0.055600000000000004,456774636701154.562500
-0.19995999999999997,0.0204,0.0516,456774636701154.562500
-0.19994999999999996,0.0228,0.0524,456774636701154.562500
-0.19993999999999995,0.022000000000000002,0.0516,456774636701154.562500
-0.19993,0.022000000000000002,0.058,456774636701154.562500
-0.19992,0.015600000000000001,0.058,456774636701154.562500
-0.19990999999999998,0.0228,0.053200000000000004,456774636701154.562500
-0.19989999999999997,0.0236,0.058,456774636701154.562500
-0.19988999999999996,0.0228,0.0572,456774636701154.562500
-0.19988,0.022000000000000002,0.055600000000000004,456774636701154.562500
-0.19987,0.0244,0.0516,456774636701154.562500
-0.19985999999999998,0.0212,0.056400000000000006,456774636701154.562500
-0.19984999999999997,0.0244,0.055600000000000004,456774636701154.562500
-0.19983999999999996,0.0212,0.056400000000000006,456774636701154.562500
-0.19982999999999995,0.0244,0.0572,456774636701154.562500
-0.19982,0.0228,0.0548,456774636701154.562500
-0.19981,0.0204,0.056400000000000006,456774636701154.562500
-0.19979999999999998,0.0212,0.054,456774636701154.562500
-0.19978999999999997,0.0228,0.056400000000000006,456774636701154.562500
-0.19977999999999996,0.0228,0.054,456774636701154.562500
-0.19977,0.0228,0.058,456774636701154.562500
-0.19976,0.022000000000000002,0.056400000000000006,456774636701154.562500
-0.19974999999999998,0.0236,0.055600000000000004,456774636701154.562500
-0.19973999999999997,0.0244,0.058,456774636701154.562500
-0.19972999999999996,0.022000000000000002,0.053200000000000004,456774636701154.562500
-0.19971999999999995,0.0236,0.056400000000000006,456774636701154.562500
-0.19971,0.022000000000000002,0.0524,456774636701154.562500
-0.1997,0.0228,0.053200000000000004,456774636701154.562500
-0.19968999999999998,0.0212,0.054,456774636701154.562500
-0.19967999999999997,0.0228,0.055600000000000004,456774636701154.562500
-0.19966999999999996,0.022000000000000002,0.055600000000000004,456774636701154.562500
-0.19965999999999995,0.0212,0.0572,456774636701154.562500
-0.19965,0.0228,0.0468,456774636701154.562500
-0.19963999999999998,0.0228,0.0572,456774636701154.562500
-0.19962999999999997,0.0236,0.0516,456774636701154.562500
-0.19961999999999996,0.0236,0.054,456774636701154.562500
-0.19960999999999995,0.022000000000000002,0.056400000000000006,456774636701154.562500
-0.1996,0.0212,0.0516,456774636701154.562500
-0.19959,0.0228,0.0548,456774636701154.562500
-0.19957999999999998,0.0244,0.0524,456774636701154.562500
-0.19956999999999997,0.0228,0.055600000000000004,456774636701154.562500
-0.19955999999999996,0.0244,0.0548,456774636701154.562500
-0.19954999999999995,0.0252,0.058,456774636701154.562500
-0.19954,0.0244,0.0548,456774636701154.562500
-0.19952999999999999,0.0244,0.058,456774636701154.562500
-0.19951999999999998,0.0236,0.053200000000000004,456774636701154.562500
-0.19950999999999997,0.0244,0.0548,456774636701154.562500
-0.19949999999999996,0.0228,0.056400000000000006,456774636701154.562500
-0.19949,0.0236,0.056400000000000006,456774636701154.562500
-0.19948,0.0244,0.055600000000000004,456774636701154.562500
-0.19946999999999998,0.0228,0.0548,456774636701154.562500
-0.19945999999999997,0.0228,0.056400000000000006,456774636701154.562500
-0.19944999999999996,0.0196,0.056400000000000006,456774636701154.562500
-0.19943999999999995,0.0204,0.056400000000000006,456774636701154.562500
-0.19943,0.0188,0.053200000000000004,456774636701154.562500
-0.19942,0.0212,0.054,456774636701154.562500
-0.19940999999999998,0.022000000000000002,0.0468,456774636701154.562500
-0.19939999999999997,0.022000000000000002,0.055600000000000004,456774636701154.562500
-0.19938999999999996,0.018000000000000002,0.056400000000000006,456774636701154.562500
-0.19938,0.022000000000000002,0.0548,456774636701154.562500
-0.19937,0.0212,0.042800000000000005,456774636701154.562500
-0.19935999999999998,0.022000000000000002,0.056400000000000006,456774636701154.562500
-0.19934999999999997,0.0228,0.056400000000000006,456774636701154.562500
-0.19933999999999996,0.0228,0.056400000000000006,456774636701154.562500
-0.19932999999999995,0.0228,0.05,456774636701154.562500
-0.19932,0.0228,0.0468,456774636701154.562500
-0.19931,0.0212,0.0524,456774636701154.562500
-0.19929999999999998,0.0228,0.0476,456774636701154.562500
-0.19928999999999997,0.0212,0.055600000000000004,456774636701154.562500
-0.19927999999999996,0.018000000000000002,0.056400000000000006,456774636701154.562500
-0.19927,0.0244,0.055600000000000004,456774636701154.562500
-0.19926,0.0236,0.050800000000000005,456774636701154.562500
-0.19924999999999998,0.0244,0.056400000000000006,456774636701154.562500
-0.19923999999999997,0.0228,0.0572,456774636701154.562500
-0.19922999999999996,0.0244,0.0548,456774636701154.562500
-0.19921999999999995,0.0236,0.058,456774636701154.562500
-0.19921,0.0252,0.0572,456774636701154.562500
-0.1992,0.022000000000000002,0.055600000000000004,456774636701154.562500
-0.19918999999999998,0.0236,0.0548,456774636701154.562500
-0.19917999999999997,0.0236,0.058,456774636701154.562500
-0.19916999999999996,0.0228,0.056400000000000006,456774636701154.562500
-0.19915999999999995,0.0228,0.056400000000000006,456774636701154.562500
-0.19915,0.0244,0.056400000000000006,456774636701154.562500
-0.19913999999999998,0.0236,0.055600000000000004,456774636701154.562500
-0.19912999999999997,0.0212,0.056400000000000006,456774636701154.562500
-0.19911999999999996,0.0228,0.0572,456774636701154.562500
-0.19910999999999995,0.022000000000000002,0.048400000000000006,456774636701154.562500
-0.1991,0.0212,0.056400000000000006,456774636701154.562500
-0.19909,0.0212,0.050800000000000005,456774636701154.562500
-0.19907999999999998,0.0212,0.058,456774636701154.562500
-0.19906999999999997,0.0228,0.0524,456774636701154.562500
-0.19905999999999996,0.0204,0.055600000000000004,456774636701154.562500
-0.19904999999999995,0.022000000000000002,0.056400000000000006,456774636701154.562500
-0.19904,0.022000000000000002,0.056400000000000006,456774636701154.562500
-0.19902999999999998,0.022000000000000002,0.056400000000000006,456774636701154.562500
-0.19901999999999997,0.0244,0.0524,456774636701154.562500
-0.19900999999999996,0.0212,0.058,456774636701154.562500
-0.19899999999999995,0.022000000000000002,0.056400000000000006,456774636701154.562500
-0.19899,0.0236,0.0572,456774636701154.562500
-0.19898,0.0204,0.0572,456774636701154.562500
-0.19896999999999998,0.0236,0.0516,456774636701154.562500
-0.19895999999999997,0.0228,0.0548,456774636701154.562500
-0.19894999999999996,0.0212,0.058,456774636701154.562500
-0.19893999999999995,0.0196,0.055600000000000004,456774636701154.562500
-0.19893,0.0228,0.058800000000000005,456774636701154.562500
-0.19891999999999999,0.0236,0.055600000000000004,456774636701154.562500
-0.19890999999999998,0.0236,0.056400000000000006,456774636701154.562500
-0.19889999999999997,0.0244,0.0572,456774636701154.562500
-0.19888999999999996,0.0244,0.056400000000000006,456774636701154.562500
-0.19888,0.022000000000000002,0.0572,456774636701154.562500
-0.19887,0.0252,0.0524,456774636701154.562500
-0.19885999999999998,0.022000000000000002,0.050800000000000005,456774636701154.562500
-0.19884999999999997,0.022000000000000002,0.056400000000000006,456774636701154.562500
-0.19883999999999996,0.0228,0.056400000000000006,456774636701154.562500
-0.19882999999999995,0.0236,0.0548,456774636701154.562500
-0.19882,0.0228,0.0492,456774636701154.562500
-0.19881,0.0236,0.055600000000000004,456774636701154.562500
-0.19879999999999998,0.0196,0.0436,456774636701154.562500
-0.19878999999999997,0.0228,0.0476,456774636701154.562500
-0.19877999999999996,0.0228,0.0516,456774636701154.562500
-0.19877,0.0196,0.058,456774636701154.562500
-0.19876,0.022000000000000002,0.056400000000000006,456774636701154.562500
-0.19874999999999998,0.0204,0.0572,456774636701154.562500
-0.19873999999999997,0.0228,0.054,456774636701154.562500
-0.19872999999999996,0.0196,0.056400000000000006,456774636701154.562500
-0.19871999999999995,0.0228,0.056400000000000006,456774636701154.562500
-0.19871,0.0212,0.0548,456774636701154.562500
-0.1987,0.022000000000000002,0.046,456774636701154.562500
-0.19868999999999998,0.0188,0.0572,456774636701154.562500
-0.19867999999999997,0.0228,0.0572,456774636701154.562500
-0.19866999999999996,0.0236,0.058,456774636701154.562500
-0.19865999999999995,0.0228,0.055600000000000004,456774636701154.562500
-0.19865,0.0244,0.055600000000000004,456774636701154.562500
-0.19863999999999998,0.0236,0.0572,456774636701154.562500
-0.19862999999999997,0.0252,0.0516,456774636701154.562500
-0.19861999999999996,0.0252,0.054,456774636701154.562500
-0.19860999999999995,0.0252,0.0572,456774636701154.562500
-0.1986,0.0244,0.0492,456774636701154.562500
-0.19859,0.0228,0.056400000000000006,456774636701154.562500
-0.19857999999999998,0.0228,0.050800000000000005,456774636701154.562500
-0.19856999999999997,0.022000000000000002,0.054,456774636701154.562500
-0.19855999999999996,0.0228,0.053200000000000004,456774636701154.562500
-0.19854999999999995,0.0204,0.053200000000000004,456774636701154.562500
-0.19854,0.022000000000000002,0.0468,456774636701154.562500
-0.19852999999999998,0.0212,0.058,456774636701154.562500
-0.19851999999999997,0.022000000000000002,0.0492,456774636701154.562500
-0.19850999999999996,0.0212,0.056400000000000006,456774636701154.562500
-0.19849999999999995,0.0236,0.058,456774636701154.562500
-0.19849,0.022000000000000002,0.056400000000000006,456774636701154.562500
-0.19848,0.0228,0.056400000000000006,456774636701154.562500
-0.19846999999999998,0.0204,0.053200000000000004,456774636701154.562500
-0.19845999999999997,0.0212,0.0572,456774636701154.562500
-0.19844999999999996,0.0228,0.0548,456774636701154.562500
-0.19843999999999995,0.0204,0.058,456774636701154.562500
-0.19843,0.022000000000000002,0.050800000000000005,456774636701154.562500
-0.19841999999999999,0.022000000000000002,0.055600000000000004,456774636701154.562500
-0.19840999999999998,0.0204,0.0516,456774636701154.562500
-0.19839999999999997,0.0236,0.058800000000000005,456774636701154.562500
-0.19838999999999996,0.0236,0.0516,456774636701154.562500
-0.19838,0.0228,0.056400000000000006,456774636701154.562500
-0.19837,0.0244,0.050800000000000005,456774636701154.562500
-0.19835999999999998,0.018000000000000002,0.055600000000000004,456774636701154.562500
-0.19834999999999997,0.026000000000000002,0.0524,456774636701154.562500
-0.19833999999999996,0.0244,0.0548,456774636701154.562500
-0.19832999999999995,0.0228,0.055600000000000004,456774636701154.562500
-0.19832,0.0244,0.0516,456774636701154.562500
-0.19831,0.0188,0.056400000000000006,456774636701154.562500
-0.19829999999999998,0.0228,0.055600000000000004,456774636701154.562500
-0.19828999999999997,0.0228,0.05,456774636701154.562500
-0.19827999999999996,0.0228,0.055600000000000004,456774636701154.562500
-0.19827,0.0212,0.058,456774636701154.562500
-0.19826,0.0244,0.055600000000000004,456774636701154.562500
-0.19824999999999998,0.0236,0.056400000000000006,456774636701154.562500
-0.19823999999999997,0.0228,0.054,456774636701154.562500
-0.19822999999999996,0.0204,0.055600000000000004,456774636701154.562500
-0.19821999999999995,0.022000000000000002,0.055600000000000004,456774636701154.562500
-0.19821,0.0228,0.056400000000000006,456774636701154.562500
-0.1982,0.0228,0.055600000000000004,456774636701154.562500
-0.19818999999999998,0.022000000000000002,0.0548,456774636701154.562500
-0.19817999999999997,0.0228,0.056400000000000006,456774636701154.562500
-0.19816999999999996,0.0204,0.0572,456774636701154.562500
-0.19816,0.0244,0.0492,456774636701154.562500
-0.19815,0.0188,0.054,456774636701154.562500
-0.19813999999999998,0.0212,0.0412,456774636701154.562500
-0.19812999999999997,0.022000000000000002,0.0548,456774636701154.562500
-0.19811999999999996,0.0236,0.0516,456774636701154.562500
-0.19810999999999995,0.0228,0.055600000000000004,456774636701154.562500
-0.1981,0.018000000000000002,0.0548,456774636701154.562500
-0.19809,0.0228,0.055600000000000004,456774636701154.562500
-0.19807999999999998,0.0212,0.0548,456774636701154.562500
-0.19806999999999997,0.0236,0.055600000000000004,456774636701154.562500
-0.19805999999999996,0.0212,0.0492,456774636701154.562500
-0.19804999999999995,0.0244,0.0572,456774636701154.562500
-0.19804,0.0236,0.053200000000000004,456774636701154.562500
-0.19802999999999998,0.022000000000000002,0.0516,456774636701154.562500
-0.19801999999999997,0.0204,0.055600000000000004,456774636701154.562500
-0.19800999999999996,0.022000000000000002,0.053200000000000004,456774636701154.562500
-0.19799999999999995,0.0244,0.058,456774636701154.562500
-0.19799,0.0252,0.056400000000000006,456774636701154.562500
-0.19798,0.0252,0.0572,456774636701154.562500
-0.19796999999999998,0.0236,0.056400000000000006,456774636701154.562500
-0.19795999999999997,0.0212,0.058,456774636701154.562500
-0.19794999999999996,0.018000000000000002,0.056400000000000006,456774636701154.562500
-0.19793999999999995,0.0204,0.055600000000000004,456774636701154.562500
-0.19793,0.0172,0.0492,456774636701154.562500
-0.19791999999999998,0.0212,0.0548,456774636701154.562500
-0.19790999999999997,0.0164,0.050800000000000005,456774636701154.562500
-0.19789999999999996,0.0204,0.0548,456774636701154.562500
-0.19788999999999995,0.0148,0.054,456774636701154.562500
-0.19788,0.0204,0.0524,456774636701154.562500
-0.19787,0.0204,0.0492,456774636701154.562500
-0.19785999999999998,0.018000000000000002,0.0548,456774636701154.562500
-0.19784999999999997,0.0196,0.0524,456774636701154.562500
-0.19783999999999996,0.022000000000000002,0.054,456774636701154.562500
-0.19782999999999995,0.022000000000000002,0.054,456774636701154.562500
-0.19782,0.0228,0.0596,456774636701154.562500
-0.19780999999999999,0.0212,0.0572,456774636701154.562500
-0.19779999999999998,0.0236,0.0572,456774636701154.562500
-0.19778999999999997,0.022000000000000002,0.058,456774636701154.562500
-0.19777999999999996,0.0228,0.056400000000000006,456774636701154.562500
-0.19777,0.0228,0.0596,456774636701154.562500
-0.19776,0.0244,0.0572,456774636701154.562500
-0.19774999999999998,0.0236,0.0572,456774636701154.562500
-0.19773999999999997,0.0244,0.048400000000000006,456774636701154.562500
-0.19772999999999996,0.0244,0.0572,456774636701154.562500
-0.19771999999999995,0.0212,0.058,456774636701154.562500
-0.19771,0.0228,0.0572,456774636701154.562500
-0.1977,0.0236,0.056400000000000006,456774636701154.562500
-0.19768999999999998,0.0252,0.0548,456774636701154.562500
-0.19767999999999997,0.0228,0.056400000000000006,456774636701154.562500
-0.19766999999999996,0.022000000000000002,0.056400000000000006,456774636701154.562500
-0.19766,0.0244,0.055600000000000004,456774636701154.562500
-0.19765,0.0196,0.055600000000000004,456774636701154.562500
-0.19763999999999998,0.0228,0.058,456774636701154.562500
-0.19762999999999997,0.0228,0.050800000000000005,456774636701154.562500
-0.19761999999999996,0.0212,0.058,456774636701154.562500
-0.19760999999999995,0.0196,0.056400000000000006,456774636701154.562500
-0.1976,0.0212,0.05,456774636701154.562500
-0.19759,0.0204,0.056400000000000006,456774636701154.562500
-0.19757999999999998,0.0204,0.054,456774636701154.562500
-0.19756999999999997,0.0212,0.0572,456774636701154.562500
-0.19755999999999996,0.0228,0.0572,456774636701154.562500
-0.19754999999999995,0.0212,0.055600000000000004,456774636701154.562500
-0.19754,0.022000000000000002,0.0572,456774636701154.562500
-0.19752999999999998,0.0228,0.056400000000000006,456774636701154.562500
-0.19751999999999997,0.0228,0.055600000000000004,456774636701154.562500
-0.19750999999999996,0.0212,0.0548,456774636701154.562500
-0.19749999999999995,0.0228,0.0516,456774636701154.562500
-0.19749,0.0204,0.054,456774636701154.562500
-0.19748,0.0228,0.054,456774636701154.562500
-0.19746999999999998,0.0212,0.058,456774636701154.562500
-0.19745999999999997,0.0228,0.056400000000000006,456774636701154.562500
-0.19744999999999996,0.0244,0.056400000000000006,456774636701154.562500
-0.19743999999999995,0.0188,0.056400000000000006,456774636701154.562500
-0.19743,0.0244,0.0572,456774636701154.562500
-0.19741999999999998,0.022000000000000002,0.0572,456774636701154.562500
-0.19740999999999997,0.0212,0.055600000000000004,456774636701154.562500
-0.19739999999999996,0.0188,0.0548,456774636701154.562500
-0.19738999999999995,0.0228,0.0468,456774636701154.562500
-0.19738,0.022000000000000002,0.0572,456774636701154.562500
-0.19737,0.0236,0.0548,456774636701154.562500
-0.19735999999999998,0.0244,0.0572,456774636701154.562500
-0.19734999999999997,0.022000000000000002,0.055600000000000004,456774636701154.562500
-0.19733999999999996,0.022000000000000002,0.056400000000000006,456774636701154.562500
-0.19732999999999995,0.0228,0.0572,456774636701154.562500
-0.19732,0.022000000000000002,0.056400000000000006,456774636701154.562500
-0.19730999999999999,0.0236,0.050800000000000005,456774636701154.562500
-0.19729999999999998,0.0228,0.0476,456774636701154.562500
-0.19728999999999997,0.0228,0.0548,456774636701154.562500
-0.19727999999999996,0.0252,0.05,456774636701154.562500
-0.19727,0.0236,0.0548,456774636701154.562500
-0.19726,0.0228,0.053200000000000004,456774636701154.562500
-0.19724999999999998,0.0188,0.0492,456774636701154.562500
-0.19723999999999997,0.0204,0.0524,456774636701154.562500
-0.19722999999999996,0.0188,0.055600000000000004,456774636701154.562500
-0.19721999999999995,0.0188,0.0572,456774636701154.562500
-0.19721,0.0188,0.053200000000000004,456774636701154.562500
-0.1972,0.0228,0.054,456774636701154.562500
-0.19718999999999998,0.0228,0.0412,456774636701154.562500
-0.19717999999999997,0.0228,0.0548,456774636701154.562500
-0.19716999999999996,0.0236,0.05,456774636701154.562500
-0.19716,0.0228,0.0572,456774636701154.562500
-0.19715,0.0236,0.05,456774636701154.562500
-0.19713999999999998,0.0236,0.056400000000000006,456774636701154.562500
-0.19712999999999997,0.0244,0.0492,456774636701154.562500
-0.19711999999999996,0.0244,0.0548,456774636701154.562500
-0.19710999999999995,0.0244,0.0492,456774636701154.562500
-0.1971,0.026000000000000002,0.0548,456774636701154.562500
-0.19709,0.0236,0.054,456774636701154.562500
-0.19707999999999998,0.0268,0.050800000000000005,456774636701154.562500
-0.19706999999999997,0.0244,0.0548,456774636701154.562500
-0.19705999999999996,0.0228,0.058,456774636701154.562500
-0.19705,0.0244,0.056400000000000006,456774636701154.562500
-0.19704,0.0236,0.058,456774636701154.562500
-0.19702999999999998,0.022000000000000002,0.0572,456774636701154.562500
-0.19701999999999997,0.0236,0.058,456774636701154.562500
-0.19700999999999996,0.022000000000000002,0.056400000000000006,456774636701154.562500
-0.19699999999999995,0.0204,0.0548,456774636701154.562500
-0.19699,0.0236,0.058,456774636701154.562500
-0.19698,0.0212,0.054,456774636701154.562500
-0.19696999999999998,0.022000000000000002,0.058,456774636701154.562500
-0.19695999999999997,0.0236,0.0516,456774636701154.562500
-0.19694999999999996,0.022000000000000002,0.055600000000000004,456774636701154.562500
-0.19693999999999995,0.0204,0.056400000000000006,456774636701154.562500
-0.19693,0.0236,0.058,456774636701154.562500
-0.19691999999999998,0.0236,0.053200000000000004,456774636701154.562500
-0.19690999999999997,0.022000000000000002,0.0572,456774636701154.562500
-0.19689999999999996,0.0228,0.054,456774636701154.562500
-0.19688999999999995,0.022000000000000002,0.0596,456774636701154.562500
-0.19688,0.0204,0.058,456774636701154.562500
-0.19687,0.0236,0.0572,456774636701154.562500
-0.19685999999999998,0.0236,0.055600000000000004,456774636701154.562500
-0.19684999999999997,0.0212,0.055600000000000004,456774636701154.562500
-0.19683999999999996,0.0236,0.0572,456774636701154.562500
-0.19682999999999995,0.0244,0.054,456774636701154.562500
-0.19682,0.0236,0.058,456774636701154.562500
-0.19680999999999998,0.0196,0.0572,456774636701154.562500
-0.19679999999999997,0.0244,0.055600000000000004,456774636701154.562500
-0.19678999999999996,0.0236,0.0572,456774636701154.562500
-0.19677999999999995,0.0236,0.0572,456774636701154.562500
-0.19677,0.0236,0.0572,456774636701154.562500
-0.19676,0.0228,0.058,456774636701154.562500
-0.19674999999999998,0.0228,0.056400000000000006,456774636701154.562500
-0.19673999999999997,0.0236,0.054,456774636701154.562500
-0.19672999999999996,0.0212,0.0524,456774636701154.562500
-0.19671999999999995,0.0212,0.056400000000000006,456774636701154.562500
-0.19671,0.0228,0.0572,456774636701154.562500
-0.19669999999999999,0.0212,0.0468,456774636701154.562500
-0.19668999999999998,0.022000000000000002,0.053200000000000004,456774636701154.562500
-0.19667999999999997,0.0204,0.0572,456774636701154.562500
-0.19666999999999996,0.0228,0.0572,456774636701154.562500
-0.19666,0.0188,0.050800000000000005,456774636701154.562500
-0.19665,0.0204,0.055600000000000004,456774636701154.562500
-0.19663999999999998,0.0188,0.056400000000000006,456774636701154.562500
-0.19662999999999997,0.0172,0.0548,456774636701154.562500
-0.19661999999999996,0.0204,0.054,456774636701154.562500
-0.19660999999999995,0.0212,0.054,456774636701154.562500
-0.1966,0.0188,0.0572,456774636701154.562500
-0.19659,0.0212,0.058,456774636701154.562500
-0.19657999999999998,0.0196,0.058,456774636701154.562500
-0.19656999999999997,0.0244,0.058,456774636701154.562500
-0.19655999999999996,0.0228,0.056400000000000006,456774636701154.562500
-0.19655,0.0236,0.0572,456774636701154.562500
-0.19654,0.0228,0.0572,456774636701154.562500
-0.19652999999999998,0.0236,0.058800000000000005,456774636701154.562500
-0.19651999999999997,0.0244,0.058,456774636701154.562500
-0.19650999999999996,0.0212,0.0572,456774636701154.562500
-0.19649999999999995,0.022000000000000002,0.056400000000000006,456774636701154.562500
-0.19649,0.0244,0.0572,456774636701154.562500
-0.19648,0.0236,0.056400000000000006,456774636701154.562500
-0.19646999999999998,0.0244,0.058,456774636701154.562500
-0.19645999999999997,0.0244,0.056400000000000006,456774636701154.562500
-0.19644999999999996,0.0244,0.058800000000000005,456774636701154.562500
-0.19643999999999995,0.0228,0.056400000000000006,456774636701154.562500
-0.19643,0.0236,0.055600000000000004,456774636701154.562500
-0.19641999999999998,0.0212,0.058800000000000005,456774636701154.562500
-0.19640999999999997,0.022000000000000002,0.054,456774636701154.562500
-0.19639999999999996,0.0228,0.056400000000000006,456774636701154.562500
-0.19638999999999995,0.0228,0.0572,456774636701154.562500
-0.19638,0.0236,0.0548,456774636701154.562500
-0.19637,0.0212,0.0524,456774636701154.562500
-0.19635999999999998,0.0196,0.058,456774636701154.562500
-0.19634999999999997,0.0164,0.058,456774636701154.562500
-0.19633999999999996,0.0188,0.056400000000000006,456774636701154.562500
-0.19632999999999995,0.022000000000000002,0.0516,456774636701154.562500
-0.19632,0.0228,0.0436,456774636701154.562500
-0.19630999999999998,0.022000000000000002,0.058,456774636701154.562500
-0.19629999999999997,0.022000000000000002,0.055600000000000004,456774636701154.562500
-0.19628999999999996,0.0236,0.058800000000000005,456774636701154.562500
-0.19627999999999995,0.0228,0.0548,456774636701154.562500
-0.19627,0.022000000000000002,0.056400000000000006,456774636701154.562500
-0.19626,0.0228,0.0572,456774636701154.562500
-0.19624999999999998,0.022000000000000002,0.0572,456774636701154.562500
-0.19623999999999997,0.0244,0.056400000000000006,456774636701154.562500
-0.19622999999999996,0.0228,0.054,456774636701154.562500
-0.19621999999999995,0.0148,0.056400000000000006,456774636701154.562500
-0.19621,0.0236,0.054,456774636701154.562500
-0.19619999999999999,0.0212,0.056400000000000006,456774636701154.562500
-0.19618999999999998,0.0236,0.056400000000000006,456774636701154.562500
-0.19617999999999997,0.0196,0.0572,456774636701154.562500
-0.19616999999999996,0.0236,0.055600000000000004,456774636701154.562500
-0.19616,0.0244,0.054,456774636701154.562500
-0.19615,0.0236,0.056400000000000006,456774636701154.562500
-0.19613999999999998,0.0228,0.050800000000000005,456774636701154.562500
-0.19612999999999997,0.0228,0.0524,456774636701154.562500
-0.19611999999999996,0.0228,0.0572,456774636701154.562500
-0.19610999999999995,0.022000000000000002,0.055600000000000004,456774636701154.562500
-0.1961,0.0212,0.056400000000000006,456774636701154.562500
-0.19609,0.0236,0.058,456774636701154.562500
-0.19607999999999998,0.0228,0.058800000000000005,456774636701154.562500
-0.19606999999999997,0.0212,0.0548,456774636701154.562500
-0.19605999999999996,0.0236,0.055600000000000004,456774636701154.562500
-0.19605,0.0204,0.053200000000000004,456774636701154.562500
-0.19604,0.0228,0.0572,456774636701154.562500
-0.19602999999999998,0.0204,0.056400000000000006,456774636701154.562500
-0.19601999999999997,0.022000000000000002,0.0572,456774636701154.562500
-0.19600999999999996,0.0204,0.058800000000000005,456774636701154.562500
-0.19599999999999995,0.0204,0.056400000000000006,456774636701154.562500
-0.19599,0.0228,0.0572,456774636701154.562500
-0.19598,0.022000000000000002,0.058,456774636701154.562500
-0.19596999999999998,0.022000000000000002,0.0572,456774636701154.562500
-0.19595999999999997,0.0236,0.0572,456774636701154.562500
-0.19594999999999996,0.022000000000000002,0.053200000000000004,456774636701154.562500
-0.19593999999999995,0.0212,0.056400000000000006,456774636701154.562500
-0.19593,0.0244,0.058800000000000005,456774636701154.562500
-0.19591999999999998,0.0228,0.055600000000000004,456774636701154.562500
-0.19590999999999997,0.0236,0.056400000000000006,456774636701154.562500
-0.19589999999999996,0.0228,0.056400000000000006,456774636701154.562500
-0.19588999999999995,0.0228,0.056400000000000006,456774636701154.562500
-0.19588,0.0236,0.056400000000000006,456774636701154.562500
-0.19587,0.0236,0.055600000000000004,456774636701154.562500
-0.19585999999999998,0.0228,0.058,456774636701154.562500
-0.19584999999999997,0.0252,0.0572,456774636701154.562500
-0.19583999999999996,0.022000000000000002,0.0572,456774636701154.562500
-0.19582999999999995,0.0196,0.0572,456774636701154.562500
-0.19582,0.0236,0.0444,456774636701154.562500
-0.19580999999999998,0.0212,0.045200000000000004,456774636701154.562500
-0.19579999999999997,0.0236,0.0388,456774636701154.562500
-0.19578999999999996,0.022000000000000002,0.050800000000000005,456774636701154.562500
-0.19577999999999995,0.022000000000000002,0.0436,456774636701154.562500
-0.19577,0.022000000000000002,0.0548,456774636701154.562500
-0.19576,0.0212,0.058,456774636701154.562500
-0.19574999999999998,0.018000000000000002,0.055600000000000004,456774636701154.562500
-0.19573999999999997,0.0188,0.055600000000000004,456774636701154.562500
-0.19572999999999996,0.0236,0.054,456774636701154.562500
-0.19571999999999995,0.0204,0.0572,456774636701154.562500
-0.19571,0.0212,0.058800000000000005,456774636701154.562500
-0.19569999999999999,0.018000000000000002,0.056400000000000006,456774636701154.562500
-0.19568999999999998,0.022000000000000002,0.05,456774636701154.562500
-0.19567999999999997,0.022000000000000002,0.0572,456774636701154.562500
-0.19566999999999996,0.0228,0.0516,456774636701154.562500
-0.19566,0.0228,0.056400000000000006,456774636701154.562500
-0.19565,0.022000000000000002,0.056400000000000006,456774636701154.562500
-0.19563999999999998,0.0236,0.056400000000000006,456774636701154.562500
-0.19562999999999997,0.0212,0.056400000000000006,456774636701154.562500
-0.19561999999999996,0.0236,0.055600000000000004,456774636701154.562500
-0.19560999999999995,0.0236,0.054,456774636701154.562500
-0.1956,0.0244,0.0548,456774636701154.562500
-0.19558999999999999,0.0236,0.058800000000000005,456774636701154.562500
-0.19557999999999998,0.0236,0.0572,456774636701154.562500
-0.19556999999999997,0.022000000000000002,0.055600000000000004,456774636701154.562500
-0.19555999999999996,0.0204,0.058,456774636701154.562500
-0.19555,0.0212,0.0572,456774636701154.562500
-0.19554,0.0236,0.0572,456774636701154.562500
-0.19552999999999998,0.0236,0.056400000000000006,456774636701154.562500
-0.19551999999999997,0.022000000000000002,0.058,456774636701154.562500
-0.19550999999999996,0.022000000000000002,0.054,456774636701154.562500
-0.19549999999999995,0.022000000000000002,0.0524,456774636701154.562500
-0.19549,0.0244,0.045200000000000004,456774636701154.562500
-0.19548,0.0204,0.0492,456774636701154.562500
-0.19546999999999998,0.022000000000000002,0.0476,456774636701154.562500
-0.19545999999999997,0.0188,0.0572,456774636701154.562500
-0.19544999999999996,0.0204,0.0572,456774636701154.562500
-0.19544,0.0204,0.054,456774636701154.562500
-0.19543,0.0212,0.0572,456774636701154.562500
-0.19541999999999998,0.022000000000000002,0.053200000000000004,456774636701154.562500
-0.19540999999999997,0.0196,0.058,456774636701154.562500
-0.19539999999999996,0.0172,0.058,456774636701154.562500
-0.19538999999999995,0.0212,0.055600000000000004,456774636701154.562500
-0.19538,0.0212,0.0572,456774636701154.562500
-0.19537,0.022000000000000002,0.0572,456774636701154.562500
-0.19535999999999998,0.022000000000000002,0.055600000000000004,456774636701154.562500
-0.19534999999999997,0.022000000000000002,0.054,456774636701154.562500
-0.19533999999999996,0.0236,0.0572,456774636701154.562500
-0.19532999999999995,0.0212,0.056400000000000006,456774636701154.562500
-0.19532,0.022000000000000002,0.048400000000000006,456774636701154.562500
-0.19530999999999998,0.022000000000000002,0.055600000000000004,456774636701154.562500
-0.19529999999999997,0.0228,0.0444,456774636701154.562500
-0.19528999999999996,0.0228,0.0572,456774636701154.562500
-0.19527999999999995,0.0244,0.056400000000000006,456774636701154.562500
-0.19527,0.0244,0.055600000000000004,456774636701154.562500
-0.19526,0.0228,0.056400000000000006,456774636701154.562500
-0.19524999999999998,0.0244,0.058,456774636701154.562500
-0.19523999999999997,0.0236,0.0548,456774636701154.562500
-0.19522999999999996,0.0236,0.058,456774636701154.562500
-0.19521999999999995,0.0236,0.054,456774636701154.562500
-0.19521,0.0236,0.0396,456774636701154.562500
-0.19519999999999998,0.0228,0.0468,456774636701154.562500
-0.19518999999999997,0.0236,0.040400000000000005,456774636701154.562500
-0.19517999999999996,0.0236,0.055600000000000004,456774636701154.562500
-0.19516999999999995,0.0228,0.0516,456774636701154.562500
-0.19516,0.0236,0.0572,456774636701154.562500
-0.19515,0.0212,0.0572,456774636701154.562500
-0.19513999999999998,0.0212,0.055600000000000004,456774636701154.562500
-0.19512999999999997,0.0228,0.056400000000000006,456774636701154.562500
-0.19511999999999996,0.0212,0.058,456774636701154.562500
-0.19510999999999995,0.0228,0.056400000000000006,456774636701154.562500
-0.1951,0.0236,0.058,456774636701154.562500
-0.19508999999999999,0.0228,0.0572,456774636701154.562500
-0.19507999999999998,0.0236,0.0548,456774636701154.562500
-0.19506999999999997,0.0204,0.0572,456774636701154.562500
-0.19505999999999996,0.0228,0.050800000000000005,456774636701154.562500
-0.19505,0.0212,0.055600000000000004,456774636701154.562500
-0.19504,0.0236,0.055600000000000004,456774636701154.562500
-0.19502999999999998,0.022000000000000002,0.0572,456774636701154.562500
-0.19501999999999997,0.0228,0.056400000000000006,456774636701154.562500
-0.19500999999999996,0.0236,0.0572,456774636701154.562500
-0.19499999999999995,0.0236,0.055600000000000004,456774636701154.562500
-0.19499,0.0252,0.0572,456774636701154.562500
-0.19498,0.0244,0.0572,456774636701154.562500
-0.19496999999999998,0.0236,0.0572,456774636701154.562500
-0.19495999999999997,0.0236,0.0572,456774636701154.562500
-0.19494999999999996,0.0228,0.056400000000000006,456774636701154.562500
-0.19494,0.026000000000000002,0.058,456774636701154.562500
-0.19493,0.022000000000000002,0.055600000000000004,456774636701154.562500
-0.19491999999999998,0.0212,0.055600000000000004,456774636701154.562500
-0.19490999999999997,0.0212,0.0572,456774636701154.562500
-0.19489999999999996,0.0204,0.055600000000000004,456774636701154.562500
-0.19488999999999995,0.0228,0.0548,456774636701154.562500
-0.19488,0.0236,0.0572,456774636701154.562500
-0.19487,0.022000000000000002,0.0516,456774636701154.562500
-0.19485999999999998,0.0236,0.056400000000000006,456774636701154.562500
-0.19484999999999997,0.0188,0.050800000000000005,456774636701154.562500
-0.19483999999999996,0.0188,0.050800000000000005,456774636701154.562500
-0.19482999999999995,0.0148,0.0524,456774636701154.562500
-0.19482,0.0228,0.054,456774636701154.562500
-0.19480999999999998,0.0188,0.054,456774636701154.562500
-0.19479999999999997,0.0212,0.056400000000000006,456774636701154.562500
-0.19478999999999996,0.0228,0.0572,456774636701154.562500
-0.19477999999999995,0.022000000000000002,0.054,456774636701154.562500
-0.19477,0.022000000000000002,0.0572,456774636701154.562500
-0.19476,0.022000000000000002,0.0524,456774636701154.562500
-0.19474999999999998,0.0228,0.0516,456774636701154.562500
-0.19473999999999997,0.0236,0.0444,456774636701154.562500
-0.19472999999999996,0.0228,0.0524,456774636701154.562500
-0.19471999999999995,0.0228,0.040400000000000005,456774636701154.562500
-0.19471,0.0244,0.0412,456774636701154.562500
-0.19469999999999998,0.0228,0.045200000000000004,456774636701154.562500
-0.19468999999999997,0.0244,0.0516,456774636701154.562500
-0.19467999999999996,0.0244,0.0476,456774636701154.562500
-0.19466999999999995,0.0244,0.054,456774636701154.562500
-0.19466,0.0252,0.0492,456774636701154.562500
-0.19465,0.0228,0.056400000000000006,456774636701154.562500
-0.19463999999999998,0.0252,0.0572,456774636701154.562500
-0.19462999999999997,0.0252,0.058,456774636701154.562500
-0.19461999999999996,0.0212,0.0572,456774636701154.562500
-0.19460999999999995,0.0244,0.0516,456774636701154.562500
-0.1946,0.0204,0.0524,456774636701154.562500
-0.19458999999999999,0.0236,0.050800000000000005,456774636701154.562500
-0.19457999999999998,0.022000000000000002,0.055600000000000004,456774636701154.562500
-0.19456999999999997,0.0228,0.054,456774636701154.562500
-0.19455999999999996,0.022000000000000002,0.0516,456774636701154.562500
-0.19455,0.0228,0.0444,456774636701154.562500
-0.19454,0.018000000000000002,0.055600000000000004,456774636701154.562500
-0.19452999999999998,0.0204,0.058,456774636701154.562500
-0.19451999999999997,0.022000000000000002,0.058,456774636701154.562500
-0.19450999999999996,0.0228,0.0572,456774636701154.562500
-0.19449999999999995,0.0212,0.058,456774636701154.562500
-0.19449,0.0212,0.055600000000000004,456774636701154.562500
-0.19448,0.022000000000000002,0.0572,456774636701154.562500
-0.19446999999999998,0.0228,0.0548,456774636701154.562500
-0.19445999999999997,0.0228,0.0516,456774636701154.562500
-0.19444999999999996,0.0228,0.0524,456774636701154.562500
-0.19444,0.0236,0.045200000000000004,456774636701154.562500
-0.19443,0.0228,0.0492,456774636701154.562500
-0.19441999999999998,0.0236,0.0524,456774636701154.562500
-0.19440999999999997,0.0212,0.053200000000000004,456774636701154.562500
-0.19439999999999996,0.0236,0.0476,456774636701154.562500
-0.19438999999999995,0.0196,0.055600000000000004,456774636701154.562500
-0.19438,0.0244,0.0412,456774636701154.562500
-0.19437,0.0236,0.055600000000000004,456774636701154.562500
-0.19435999999999998,0.022000000000000002,0.058,456774636701154.562500
-0.19434999999999997,0.0244,0.055600000000000004,456774636701154.562500
-0.19433999999999996,0.0244,0.056400000000000006,456774636701154.562500
-0.19433,0.026000000000000002,0.0572,456774636701154.562500
-0.19432,0.0236,0.055600000000000004,456774636701154.562500
-0.19430999999999998,0.0244,0.056400000000000006,456774636701154.562500
-0.19429999999999997,0.0228,0.056400000000000006,456774636701154.562500
-0.19428999999999996,0.0236,0.058,456774636701154.562500
-0.19427999999999995,0.0244,0.0572,456774636701154.562500
-0.19427,0.0228,0.048400000000000006,456774636701154.562500
-0.19426,0.0188,0.058,456774636701154.562500
-0.19424999999999998,0.0204,0.0524,456774636701154.562500
-0.19423999999999997,0.015600000000000001,0.056400000000000006,456774636701154.562500
-0.19422999999999996,0.0172,0.045200000000000004,456774636701154.562500
-0.19421999999999995,0.0188,0.058,456774636701154.562500
-0.19421,0.0172,0.0492,456774636701154.562500
-0.19419999999999998,0.0148,0.0572,456774636701154.562500
-0.19418999999999997,0.022000000000000002,0.0524,456774636701154.562500
-0.19417999999999996,0.0204,0.055600000000000004,456774636701154.562500
-0.19416999999999995,0.0228,0.0548,456774636701154.562500
-0.19416,0.0228,0.055600000000000004,456774636701154.562500
-0.19415,0.0228,0.05,456774636701154.562500
-0.19413999999999998,0.0236,0.0572,456774636701154.562500
-0.19412999999999997,0.0244,0.054,456774636701154.562500
-0.19411999999999996,0.0236,0.0572,456774636701154.562500
-0.19410999999999995,0.0164,0.054,456774636701154.562500
-0.1941,0.0236,0.054,456774636701154.562500
-0.19408999999999998,0.0228,0.053200000000000004,456774636701154.562500
-0.19407999999999997,0.0236,0.05,456774636701154.562500
-0.19406999999999996,0.0236,0.0524,456774636701154.562500
-0.19405999999999995,0.0252,0.050800000000000005,456774636701154.562500
-0.19405,0.0244,0.050800000000000005,456774636701154.562500
-0.19404,0.0252,0.05,456774636701154.562500
-0.19402999999999998,0.0236,0.054,456774636701154.562500
-0.19401999999999997,0.0244,0.0524,456774636701154.562500
-0.19400999999999996,0.0236,0.053200000000000004,456774636701154.562500
-0.19399999999999995,0.0212,0.046,456774636701154.562500
-0.19399,0.0244,0.0492,456774636701154.562500
-0.19397999999999999,0.022000000000000002,0.048400000000000006,456774636701154.562500
-0.19396999999999998,0.022000000000000002,0.0572,456774636701154.562500
-0.19395999999999997,0.022000000000000002,0.055600000000000004,456774636701154.562500
-0.19394999999999996,0.0212,0.0468,456774636701154.562500
-0.19394,0.0212,0.054,456774636701154.562500
-0.19393,0.0236,0.0468,456774636701154.562500
-0.19391999999999998,0.0228,0.0468,456774636701154.562500
-0.19390999999999997,0.0212,0.0516,456774636701154.562500
-0.19389999999999996,0.022000000000000002,0.0572,456774636701154.562500
-0.19388999999999995,0.022000000000000002,0.054,456774636701154.562500
-0.19388,0.0228,0.054,456774636701154.562500
-0.19387,0.022000000000000002,0.056400000000000006,456774636701154.562500
-0.19385999999999998,0.022000000000000002,0.058,456774636701154.562500
-0.19384999999999997,0.0196,0.058,456774636701154.562500
-0.19383999999999996,0.018000000000000002,0.0572,456774636701154.562500
-0.19383,0.0236,0.0572,456774636701154.562500
-0.19382,0.0236,0.058,456774636701154.562500
-0.19380999999999998,0.022000000000000002,0.0524,456774636701154.562500
-0.19379999999999997,0.0236,0.0572,456774636701154.562500
-0.19378999999999996,0.0236,0.058,456774636701154.562500
-0.19377999999999995,0.022000000000000002,0.055600000000000004,456774636701154.562500
-0.19377,0.0252,0.056400000000000006,456774636701154.562500
-0.19376,0.026000000000000002,0.0572,456774636701154.562500
-0.19374999999999998,0.0244,0.058,456774636701154.562500
-0.19373999999999997,0.0228,0.0572,456774636701154.562500
-0.19372999999999996,0.0252,0.0572,456774636701154.562500
-0.19371999999999995,0.0228,0.0572,456774636701154.562500
-0.19371,0.0252,0.056400000000000006,456774636701154.562500
-0.19369999999999998,0.0236,0.0572,456774636701154.562500
-0.19368999999999997,0.0228,0.056400000000000006,456774636701154.562500
-0.19367999999999996,0.0236,0.056400000000000006,456774636701154.562500
-0.19366999999999995,0.0236,0.058,456774636701154.562500
-0.19366,0.0188,0.058,456774636701154.562500
-0.19365,0.0236,0.056400000000000006,456774636701154.562500
-0.19363999999999998,0.022000000000000002,0.055600000000000004,456774636701154.562500
-0.19362999999999997,0.022000000000000002,0.0572,456774636701154.562500
-0.19361999999999996,0.0196,0.058,456774636701154.562500
-0.19360999999999995,0.0204,0.058,456774636701154.562500
-0.1936,0.022000000000000002,0.0572,456774636701154.562500
-0.19358999999999998,0.022000000000000002,0.056400000000000006,456774636701154.562500
-0.19357999999999997,0.0196,0.0524,456774636701154.562500
-0.19356999999999996,0.022000000000000002,0.054,456774636701154.562500
-0.19355999999999995,0.0172,0.054,456774636701154.562500
-0.19355,0.0204,0.056400000000000006,456774636701154.562500
-0.19354,0.012400000000000001,0.0572,456774636701154.562500
-0.19352999999999998,0.0196,0.056400000000000006,456774636701154.562500
-0.19351999999999997,0.0196,0.054,456774636701154.562500
-0.19350999999999996,0.0236,0.0548,456774636701154.562500
-0.19349999999999995,0.0228,0.056400000000000006,456774636701154.562500
-0.19349,0.0236,0.056400000000000006,456774636701154.562500
-0.19347999999999999,0.0244,0.055600000000000004,456774636701154.562500
-0.19346999999999998,0.0244,0.0572,456774636701154.562500
-0.19345999999999997,0.0236,0.0572,456774636701154.562500
-0.19344999999999996,0.0252,0.055600000000000004,456774636701154.562500
-0.19344,0.0244,0.055600000000000004,456774636701154.562500
-0.19343,0.0244,0.054,456774636701154.562500
-0.19341999999999998,0.0236,0.056400000000000006,456774636701154.562500
-0.19340999999999997,0.0236,0.0572,456774636701154.562500
-0.19339999999999996,0.0228,0.056400000000000006,456774636701154.562500
-0.19338999999999995,0.0228,0.055600000000000004,456774636701154.562500
-0.19338,0.0196,0.054,456774636701154.562500
-0.19337,0.022000000000000002,0.0572,456774636701154.562500
-0.19335999999999998,0.0228,0.058,456774636701154.562500
-0.19334999999999997,0.0236,0.058,456774636701154.562500
-0.19333999999999996,0.0196,0.056400000000000006,456774636701154.562500
-0.19333,0.0204,0.058,456774636701154.562500
-0.19332,0.022000000000000002,0.0548,456774636701154.562500
-0.19330999999999998,0.022000000000000002,0.053200000000000004,456774636701154.562500
-0.19329999999999997,0.0236,0.056400000000000006,456774636701154.562500
-0.19328999999999996,0.0204,0.056400000000000006,456774636701154.562500
-0.19327999999999995,0.022000000000000002,0.0572,456774636701154.562500
-0.19327,0.022000000000000002,0.054,456774636701154.562500
-0.19326,0.022000000000000002,0.0572,456774636701154.562500
-0.19324999999999998,0.0204,0.055600000000000004,456774636701154.562500
-0.19323999999999997,0.0212,0.0548,456774636701154.562500
-0.19322999999999996,0.0236,0.050800000000000005,456774636701154.562500
-0.19321999999999995,0.0228,0.055600000000000004,456774636701154.562500
-0.19321,0.0228,0.0548,456774636701154.562500
-0.19319999999999998,0.0188,0.053200000000000004,456774636701154.562500
-0.19318999999999997,0.0236,0.054,456774636701154.562500
-0.19317999999999996,0.0244,0.053200000000000004,456774636701154.562500
-0.19316999999999995,0.0204,0.0572,456774636701154.562500
-0.19316,0.0236,0.054,456774636701154.562500
-0.19315,0.0252,0.054,456774636701154.562500
-0.19313999999999998,0.0244,0.0572,456774636701154.562500
-0.19312999999999997,0.0244,0.056400000000000006,456774636701154.562500
-0.19311999999999996,0.0244,0.045200000000000004,456774636701154.562500
-0.19310999999999995,0.0252,0.0572,456774636701154.562500
-0.1931,0.0228,0.054,456774636701154.562500
-0.19308999999999998,0.0236,0.0572,456774636701154.562500
-0.19307999999999997,0.0228,0.055600000000000004,456774636701154.562500
-0.19306999999999996,0.0172,0.058,456774636701154.562500
-0.19305999999999995,0.022000000000000002,0.056400000000000006,456774636701154.562500
-0.19305,0.022000000000000002,0.056400000000000006,456774636701154.562500
-0.19304,0.0228,0.056400000000000006,456774636701154.562500
-0.19302999999999998,0.022000000000000002,0.054,456774636701154.562500
-0.19301999999999997,0.0236,0.055600000000000004,456774636701154.562500
-0.19300999999999996,0.018000000000000002,0.050800000000000005,456774636701154.562500
-0.19299999999999995,0.0204,0.058,456774636701154.562500
-0.19299,0.0204,0.053200000000000004,456774636701154.562500
-0.19297999999999998,0.0196,0.0572,456774636701154.562500
-0.19296999999999997,0.022000000000000002,0.0548,456774636701154.562500
-0.19295999999999996,0.022000000000000002,0.0572,456774636701154.562500
-0.19294999999999995,0.0228,0.056400000000000006,456774636701154.562500
-0.19294,0.0228,0.058,456774636701154.562500
-0.19293,0.0228,0.0572,456774636701154.562500
-0.19291999999999998,0.0228,0.050800000000000005,456774636701154.562500
-0.19290999999999997,0.0244,0.054,456774636701154.562500
-0.19289999999999996,0.0236,0.0516,456774636701154.562500
-0.19288999999999995,0.0236,0.0572,456774636701154.562500
-0.19288,0.0236,0.050800000000000005,456774636701154.562500
-0.19286999999999999,0.0236,0.056400000000000006,456774636701154.562500
-0.19285999999999998,0.0228,0.056400000000000006,456774636701154.562500
-0.19284999999999997,0.0252,0.056400000000000006,456774636701154.562500
-0.19283999999999996,0.0236,0.0572,456774636701154.562500
-0.19283,0.0244,0.0572,456774636701154.562500
-0.19282,0.0244,0.056400000000000006,456774636701154.562500
-0.19280999999999998,0.0228,0.0572,456774636701154.562500
-0.19279999999999997,0.0244,0.056400000000000006,456774636701154.562500
-0.19278999999999996,0.0244,0.055600000000000004,456774636701154.562500
-0.19277999999999995,0.0252,0.058,456774636701154.562500
-0.19277,0.022000000000000002,0.056400000000000006,456774636701154.562500
-0.19276,0.0228,0.0572,456774636701154.562500
-0.19274999999999998,0.0228,0.058,456774636701154.562500
-0.19273999999999997,0.0204,0.058,456774636701154.562500
-0.19272999999999996,0.0212,0.056400000000000006,456774636701154.562500
-0.19272,0.0204,0.0572,456774636701154.562500
-0.19271,0.022000000000000002,0.0516,456774636701154.562500
-0.19269999999999998,0.0188,0.0572,456774636701154.562500
-0.19268999999999997,0.0228,0.0572,456774636701154.562500
-0.19267999999999996,0.0212,0.055600000000000004,456774636701154.562500
-0.19266999999999995,0.022000000000000002,0.0572,456774636701154.562500
-0.19266,0.022000000000000002,0.053200000000000004,456774636701154.562500
-0.19265,0.0228,0.0548,456774636701154.562500
-0.19263999999999998,0.022000000000000002,0.058,456774636701154.562500
-0.19262999999999997,0.0228,0.054,456774636701154.562500
-0.19261999999999996,0.0236,0.056400000000000006,456774636701154.562500
-0.19260999999999995,0.022000000000000002,0.045200000000000004,456774636701154.562500
-0.1926,0.0228,0.056400000000000006,456774636701154.562500
-0.19258999999999998,0.022000000000000002,0.0468,456774636701154.562500
-0.19257999999999997,0.0228,0.056400000000000006,456774636701154.562500
-0.19256999999999996,0.022000000000000002,0.0524,456774636701154.562500
-0.19255999999999995,0.0228,0.055600000000000004,456774636701154.562500
-0.19255,0.0228,0.050800000000000005,456774636701154.562500
-0.19254,0.0244,0.050800000000000005,456774636701154.562500
-0.19252999999999998,0.0236,0.050800000000000005,456774636701154.562500
-0.19251999999999997,0.0252,0.0548,456774636701154.562500
-0.19250999999999996,0.0236,0.054,456774636701154.562500
-0.19249999999999995,0.0228,0.0524,456774636701154.562500
-0.19249,0.0252,0.0548,456774636701154.562500
-0.19247999999999998,0.0236,0.054,456774636701154.562500
-0.19246999999999997,0.0212,0.0548,456774636701154.562500
-0.19245999999999996,0.0236,0.056400000000000006,456774636701154.562500
-0.19244999999999995,0.0204,0.048400000000000006,456774636701154.562500
-0.19244,0.022000000000000002,0.058,456774636701154.562500
-0.19243,0.022000000000000002,0.05,456774636701154.562500
-0.19241999999999998,0.0212,0.053200000000000004,456774636701154.562500
-0.19240999999999997,0.0244,0.053200000000000004,456774636701154.562500
-0.19239999999999996,0.0212,0.056400000000000006,456774636701154.562500
-0.19238999999999995,0.0212,0.0524,456774636701154.562500
-0.19238,0.018000000000000002,0.055600000000000004,456774636701154.562500
-0.19236999999999999,0.022000000000000002,0.056400000000000006,456774636701154.562500
-0.19235999999999998,0.022000000000000002,0.058,456774636701154.562500
-0.19234999999999997,0.0236,0.054,456774636701154.562500
-0.19233999999999996,0.0228,0.0572,456774636701154.562500
-0.19233,0.022000000000000002,0.055600000000000004,456774636701154.562500
-0.19232,0.0196,0.056400000000000006,456774636701154.562500
-0.19230999999999998,0.0164,0.054,456774636701154.562500
-0.19229999999999997,0.0172,0.0572,456774636701154.562500
-0.19228999999999996,0.018000000000000002,0.055600000000000004,456774636701154.562500
-0.19227999999999995,0.0196,0.056400000000000006,456774636701154.562500
-0.19227,0.0236,0.054,456774636701154.562500
-0.19226,0.0212,0.055600000000000004,456774636701154.562500
-0.19224999999999998,0.0196,0.0548,456774636701154.562500
-0.19223999999999997,0.022000000000000002,0.056400000000000006,456774636701154.562500
-0.19222999999999996,0.026000000000000002,0.0572,456774636701154.562500
-0.19222,0.0196,0.055600000000000004,456774636701154.562500
-0.19221,0.0236,0.056400000000000006,456774636701154.562500
-0.19219999999999998,0.022000000000000002,0.056400000000000006,456774636701154.562500
-0.19218999999999997,0.0244,0.0548,456774636701154.562500
-0.19217999999999996,0.0228,0.0444,456774636701154.562500
-0.19216999999999995,0.0236,0.0572,456774636701154.562500
-0.19216,0.0228,0.0524,456774636701154.562500
-0.19215,0.0236,0.058,456774636701154.562500
-0.19213999999999998,0.0204,0.056400000000000006,456774636701154.562500
-0.19212999999999997,0.0188,0.058,456774636701154.562500
-0.19211999999999996,0.0196,0.056400000000000006,456774636701154.562500
-0.19210999999999995,0.0212,0.058,456774636701154.562500
-0.1921,0.022000000000000002,0.050800000000000005,456774636701154.562500
-0.19208999999999998,0.022000000000000002,0.056400000000000006,456774636701154.562500
-0.19207999999999997,0.0236,0.056400000000000006,456774636701154.562500
-0.19206999999999996,0.0212,0.058,456774636701154.562500
-0.19205999999999995,0.0212,0.056400000000000006,456774636701154.562500
-0.19205,0.0236,0.056400000000000006,456774636701154.562500
-0.19204,0.022000000000000002,0.055600000000000004,456774636701154.562500
-0.19202999999999998,0.022000000000000002,0.0548,456774636701154.562500
-0.19201999999999997,0.022000000000000002,0.056400000000000006,456774636701154.562500
-0.19200999999999996,0.0228,0.058,456774636701154.562500
-0.19199999999999995,0.0228,0.056400000000000006,456774636701154.562500
-0.19199,0.022000000000000002,0.056400000000000006,456774636701154.562500
-0.19197999999999998,0.0212,0.056400000000000006,456774636701154.562500
-0.19196999999999997,0.0252,0.0572,456774636701154.562500
-0.19195999999999996,0.0196,0.056400000000000006,456774636701154.562500
-0.19194999999999995,0.0236,0.054,456774636701154.562500
-0.19194,0.0212,0.058,456774636701154.562500
-0.19193,0.0244,0.0548,456774636701154.562500
-0.19191999999999998,0.0196,0.056400000000000006,456774636701154.562500
-0.19190999999999997,0.022000000000000002,0.053200000000000004,456774636701154.562500
-0.19189999999999996,0.022000000000000002,0.055600000000000004,456774636701154.562500
-0.19188999999999995,0.0212,0.0572,456774636701154.562500
-0.19188,0.0236,0.0572,456774636701154.562500
-0.19186999999999999,0.0236,0.056400000000000006,456774636701154.562500
-0.19185999999999998,0.0236,0.058,456774636701154.562500
-0.19184999999999997,0.0228,0.056400000000000006,456774636701154.562500
-0.19183999999999996,0.0236,0.056400000000000006,456774636701154.562500
-0.19183,0.022000000000000002,0.054,456774636701154.562500
-0.19182,0.0188,0.0572,456774636701154.562500
-0.19180999999999998,0.0236,0.0524,456774636701154.562500
-0.19179999999999997,0.0236,0.0548,456774636701154.562500
-0.19178999999999996,0.0228,0.055600000000000004,456774636701154.562500
-0.19177999999999995,0.0212,0.0548,456774636701154.562500
-0.19177,0.0228,0.055600000000000004,456774636701154.562500
-0.19175999999999999,0.022000000000000002,0.056400000000000006,456774636701154.562500
-0.19174999999999998,0.022000000000000002,0.055600000000000004,456774636701154.562500
-0.19173999999999997,0.0212,0.055600000000000004,456774636701154.562500
-0.19172999999999996,0.022000000000000002,0.0572,456774636701154.562500
-0.19172,0.0244,0.055600000000000004,456774636701154.562500
-0.19171,0.022000000000000002,0.056400000000000006,456774636701154.562500
-0.19169999999999998,0.022000000000000002,0.0548,456774636701154.562500
-0.19168999999999997,0.0164,0.055600000000000004,456774636701154.562500
-0.19167999999999996,0.0228,0.0524,456774636701154.562500
-0.19166999999999995,0.0236,0.055600000000000004,456774636701154.562500
-0.19166,0.0228,0.056400000000000006,456774636701154.562500
-0.19165,0.0228,0.0548,456774636701154.562500
-0.19163999999999998,0.0252,0.0572,456774636701154.562500
-0.19162999999999997,0.0236,0.0572,456774636701154.562500
-0.19161999999999996,0.0244,0.056400000000000006,456774636701154.562500
-0.19160999999999995,0.0228,0.056400000000000006,456774636701154.562500
-0.1916,0.0244,0.058,456774636701154.562500
-0.19158999999999998,0.0236,0.0572,456774636701154.562500
-0.19157999999999997,0.0228,0.0572,456774636701154.562500
-0.19156999999999996,0.0228,0.0548,456774636701154.562500
-0.19155999999999995,0.0244,0.0572,456774636701154.562500
-0.19155,0.0236,0.050800000000000005,456774636701154.562500
-0.19154,0.0228,0.0572,456774636701154.562500
-0.19152999999999998,0.022000000000000002,0.0548,456774636701154.562500
-0.19151999999999997,0.0212,0.056400000000000006,456774636701154.562500
-0.19150999999999996,0.0236,0.055600000000000004,456774636701154.562500
-0.19149999999999995,0.0228,0.056400000000000006,456774636701154.562500
-0.19149,0.022000000000000002,0.056400000000000006,456774636701154.562500
-0.19147999999999998,0.022000000000000002,0.054,456774636701154.562500
-0.19146999999999997,0.0212,0.0572,456774636701154.562500
-0.19145999999999996,0.0196,0.0572,456774636701154.562500
-0.19144999999999995,0.0172,0.05,456774636701154.562500
-0.19144,0.022000000000000002,0.054,456774636701154.562500
-0.19143,0.018000000000000002,0.0444,456774636701154.562500
-0.19141999999999998,0.022000000000000002,0.0524,456774636701154.562500
-0.19140999999999997,0.022000000000000002,0.0516,456774636701154.562500
-0.19139999999999996,0.0228,0.056400000000000006,456774636701154.562500
-0.19138999999999995,0.022000000000000002,0.0492,456774636701154.562500
-0.19138,0.0228,0.0524,456774636701154.562500
-0.19136999999999998,0.0236,0.05,456774636701154.562500
-0.19135999999999997,0.0228,0.054,456774636701154.562500
-0.19134999999999996,0.0244,0.054,456774636701154.562500
-0.19133999999999995,0.0244,0.0548,456774636701154.562500
-0.19133,0.0236,0.0492,456774636701154.562500
-0.19132,0.0244,0.055600000000000004,456774636701154.562500
-0.19130999999999998,0.0236,0.058,456774636701154.562500
-0.19129999999999997,0.0244,0.0572,456774636701154.562500
-0.19128999999999996,0.0212,0.054,456774636701154.562500
-0.19127999999999995,0.0212,0.054,456774636701154.562500
-0.19127,0.0236,0.0548,456774636701154.562500
-0.19125999999999999,0.0204,0.0444,456774636701154.562500
-0.19124999999999998,0.0196,0.053200000000000004,456774636701154.562500
-0.19123999999999997,0.0228,0.054,456774636701154.562500
-0.19122999999999996,0.0172,0.055600000000000004,456774636701154.562500
-0.19122,0.0204,0.0548,456774636701154.562500
-0.19121,0.014,0.055600000000000004,456774636701154.562500
-0.19119999999999998,0.022000000000000002,0.056400000000000006,456774636701154.562500
-0.19118999999999997,0.0204,0.055600000000000004,456774636701154.562500
-0.19117999999999996,0.0212,0.054,456774636701154.562500
-0.19116999999999995,0.022000000000000002,0.0492,456774636701154.562500
-0.19116,0.022000000000000002,0.05,456774636701154.562500
-0.19115,0.022000000000000002,0.042,456774636701154.562500
-0.19113999999999998,0.0228,0.050800000000000005,456774636701154.562500
-0.19112999999999997,0.0212,0.042,456774636701154.562500
-0.19111999999999996,0.0228,0.0572,456774636701154.562500
-0.19111,0.0228,0.055600000000000004,456774636701154.562500
-0.1911,0.0228,0.0524,456774636701154.562500
-0.19108999999999998,0.0244,0.058,456774636701154.562500
-0.19107999999999997,0.0228,0.053200000000000004,456774636701154.562500
-0.19106999999999996,0.022000000000000002,0.058,456774636701154.562500
-0.19105999999999995,0.022000000000000002,0.056400000000000006,456774636701154.562500
-0.19105,0.0212,0.0548,456774636701154.562500
-0.19104,0.0236,0.056400000000000006,456774636701154.562500
-0.19102999999999998,0.022000000000000002,0.058,456774636701154.562500
-0.19101999999999997,0.0236,0.0516,456774636701154.562500
-0.19100999999999996,0.0244,0.056400000000000006,456774636701154.562500
-0.19099999999999995,0.026000000000000002,0.054,456774636701154.562500
-0.19099,0.0236,0.056400000000000006,456774636701154.562500
-0.19097999999999998,0.0236,0.0492,456774636701154.562500
-0.19096999999999997,0.0236,0.056400000000000006,456774636701154.562500
-0.19095999999999996,0.0212,0.056400000000000006,456774636701154.562500
-0.19094999999999995,0.0228,0.056400000000000006,456774636701154.562500
-0.19094,0.0252,0.058,456774636701154.562500
-0.19093,0.0236,0.054,456774636701154.562500
-0.19091999999999998,0.0228,0.058,456774636701154.562500
-0.19090999999999997,0.0236,0.055600000000000004,456774636701154.562500
-0.19089999999999996,0.0244,0.056400000000000006,456774636701154.562500
-0.19088999999999995,0.022000000000000002,0.0524,456774636701154.562500
-0.19088,0.022000000000000002,0.050800000000000005,456774636701154.562500
-0.19086999999999998,0.0228,0.0548,456774636701154.562500
-0.19085999999999997,0.0204,0.05,456774636701154.562500
-0.19084999999999996,0.0204,0.055600000000000004,456774636701154.562500
-0.19083999999999995,0.0204,0.0572,456774636701154.562500
-0.19083,0.0244,0.0524,456774636701154.562500
-0.19082,0.022000000000000002,0.0572,456774636701154.562500
-0.19080999999999998,0.0228,0.054,456774636701154.562500
-0.19079999999999997,0.0228,0.056400000000000006,456774636701154.562500
-0.19078999999999996,0.0236,0.0572,456774636701154.562500
-0.19077999999999995,0.022000000000000002,0.050800000000000005,456774636701154.562500
-0.19077,0.0244,0.054,456774636701154.562500
-0.19075999999999999,0.0236,0.0516,456774636701154.562500
-0.19074999999999998,0.0236,0.056400000000000006,456774636701154.562500
-0.19073999999999997,0.0228,0.054,456774636701154.562500
-0.19072999999999996,0.0236,0.058,456774636701154.562500
-0.19072,0.0228,0.055600000000000004,456774636701154.562500
-0.19071,0.0252,0.055600000000000004,456774636701154.562500
-0.19069999999999998,0.0244,0.055600000000000004,456774636701154.562500
-0.19068999999999997,0.0228,0.056400000000000006,456774636701154.562500
-0.19067999999999996,0.0236,0.058800000000000005,456774636701154.562500
-0.19066999999999995,0.0236,0.053200000000000004,456774636701154.562500
-0.19066,0.0236,0.054,456774636701154.562500
-0.19065,0.0228,0.048400000000000006,456774636701154.562500
-0.19063999999999998,0.0244,0.058,456774636701154.562500
-0.19062999999999997,0.018000000000000002,0.05,456774636701154.562500
-0.19061999999999996,0.0236,0.0516,456774636701154.562500
-0.19061,0.0228,0.0396,456774636701154.562500
-0.1906,0.0172,0.0524,456774636701154.562500
-0.19058999999999998,0.0236,0.0548,456774636701154.562500
-0.19057999999999997,0.022000000000000002,0.055600000000000004,456774636701154.562500
-0.19056999999999996,0.0228,0.058,456774636701154.562500
-0.19055999999999995,0.022000000000000002,0.0572,456774636701154.562500
-0.19055,0.022000000000000002,0.0524,456774636701154.562500
-0.19054,0.0188,0.0572,456774636701154.562500
-0.19052999999999998,0.0212,0.0548,456774636701154.562500
-0.19051999999999997,0.0204,0.0572,456774636701154.562500
-0.19050999999999996,0.0204,0.0572,456774636701154.562500
-0.19049999999999995,0.0188,0.055600000000000004,456774636701154.562500
-0.19049,0.0228,0.058,456774636701154.562500
-0.19047999999999998,0.0204,0.0572,456774636701154.562500
-0.19046999999999997,0.0236,0.053200000000000004,456774636701154.562500
-0.19045999999999996,0.0236,0.0572,456774636701154.562500
-0.19044999999999995,0.0236,0.0572,456774636701154.562500
-0.19044,0.0228,0.055600000000000004,456774636701154.562500
-0.19043,0.026000000000000002,0.055600000000000004,456774636701154.562500
-0.19041999999999998,0.0212,0.0548,456774636701154.562500
-0.19040999999999997,0.0268,0.055600000000000004,456774636701154.562500
-0.19039999999999996,0.0244,0.0572,456774636701154.562500
-0.19038999999999995,0.0244,0.055600000000000004,456774636701154.562500
-0.19038,0.0228,0.056400000000000006,456774636701154.562500
-0.19036999999999998,0.0236,0.056400000000000006,456774636701154.562500
-0.19035999999999997,0.0252,0.055600000000000004,456774636701154.562500
-0.19034999999999996,0.0236,0.055600000000000004,456774636701154.562500
-0.19033999999999995,0.0196,0.0572,456774636701154.562500
-0.19033,0.0244,0.0524,456774636701154.562500
-0.19032,0.022000000000000002,0.056400000000000006,456774636701154.562500
-0.19030999999999998,0.0228,0.046,456774636701154.562500
-0.19029999999999997,0.0212,0.056400000000000006,456774636701154.562500
-0.19028999999999996,0.022000000000000002,0.056400000000000006,456774636701154.562500
-0.19027999999999995,0.0236,0.0524,456774636701154.562500
-0.19027,0.0212,0.0492,456774636701154.562500
-0.19025999999999998,0.0236,0.0548,456774636701154.562500
-0.19024999999999997,0.0228,0.05,456774636701154.562500
-0.19023999999999996,0.0212,0.056400000000000006,456774636701154.562500
-0.19022999999999995,0.0228,0.0572,456774636701154.562500
-0.19022,0.022000000000000002,0.054,456774636701154.562500
-0.19021,0.022000000000000002,0.056400000000000006,456774636701154.562500
-0.19019999999999998,0.0188,0.0492,456774636701154.562500
-0.19018999999999997,0.022000000000000002,0.056400000000000006,456774636701154.562500
-0.19017999999999996,0.022000000000000002,0.0572,456774636701154.562500
-0.19016999999999995,0.0204,0.0572,456774636701154.562500
-0.19016,0.0228,0.053200000000000004,456774636701154.562500
-0.19014999999999999,0.0228,0.055600000000000004,456774636701154.562500
-0.19013999999999998,0.0228,0.054,456774636701154.562500
-0.19012999999999997,0.0204,0.055600000000000004,456774636701154.562500
-0.19011999999999996,0.0236,0.058,456774636701154.562500
-0.19011,0.0244,0.0468,456774636701154.562500
-0.1901,0.0244,0.056400000000000006,456774636701154.562500
-0.19008999999999998,0.0228,0.05,456774636701154.562500
-0.19007999999999997,0.0228,0.056400000000000006,456774636701154.562500
-0.19006999999999996,0.0236,0.056400000000000006,456774636701154.562500
-0.19005999999999995,0.0228,0.055600000000000004,456774636701154.562500
-0.19005,0.0236,0.054,456774636701154.562500
-0.19004,0.0244,0.045200000000000004,456774636701154.562500
-0.19002999999999998,0.022000000000000002,0.054,456774636701154.562500
-0.19001999999999997,0.0252,0.05,456774636701154.562500
-0.19000999999999996,0.0228,0.0468,456774636701154.562500
-0.19,0.0228,0.040400000000000005,456774636701154.562500
-0.18999,0.0196,0.0516,456774636701154.562500
-0.18997999999999998,0.0236,0.040400000000000005,456774636701154.562500
-0.18996999999999997,0.0236,0.053200000000000004,456774636701154.562500
-0.18995999999999996,0.0228,0.0572,456774636701154.562500
-0.18994999999999995,0.0196,0.0548,456774636701154.562500
-0.18994,0.022000000000000002,0.053200000000000004,456774636701154.562500
-0.18993,0.0204,0.0396,456774636701154.562500
-0.18991999999999998,0.0196,0.0476,456774636701154.562500
-0.18990999999999997,0.022000000000000002,0.048400000000000006,456774636701154.562500
-0.18989999999999996,0.0228,0.048400000000000006,456774636701154.562500
-0.18988999999999995,0.0228,0.038,456774636701154.562500
-0.18988,0.0212,0.0444,456774636701154.562500
-0.18986999999999998,0.0228,0.0388,456774636701154.562500
-0.18985999999999997,0.0204,0.0476,456774636701154.562500
-0.18984999999999996,0.0228,0.050800000000000005,456774636701154.562500
-0.18983999999999995,0.0252,0.0516,456774636701154.562500
-0.18983,0.0236,0.054,456774636701154.562500
-0.18982,0.0212,0.055600000000000004,456774636701154.562500
-0.18980999999999998,0.0188,0.055600000000000004,456774636701154.562500
-0.18979999999999997,0.0228,0.055600000000000004,456774636701154.562500
-0.18978999999999996,0.0236,0.0548,456774636701154.562500
-0.18977999999999995,0.0244,0.058,456774636701154.562500
-0.18977,0.0212,0.054,456774636701154.562500
-0.18975999999999998,0.0228,0.053200000000000004,456774636701154.562500
-0.18974999999999997,0.0228,0.0572,456774636701154.562500
-0.18973999999999996,0.0252,0.0572,456774636701154.562500
-0.18972999999999995,0.0228,0.055600000000000004,456774636701154.562500
-0.18972,0.0236,0.054,456774636701154.562500
-0.18971,0.0236,0.0572,456774636701154.562500
-0.18969999999999998,0.0228,0.056400000000000006,456774636701154.562500
-0.18968999999999997,0.022000000000000002,0.056400000000000006,456774636701154.562500
-0.18967999999999996,0.0236,0.056400000000000006,456774636701154.562500
-0.18966999999999995,0.0188,0.0572,456774636701154.562500
-0.18966,0.022000000000000002,0.053200000000000004,456774636701154.562500
-0.18964999999999999,0.0228,0.058,456774636701154.562500
-0.18963999999999998,0.0212,0.0516,456774636701154.562500
-0.18962999999999997,0.0228,0.0572,456774636701154.562500
-0.18961999999999996,0.0212,0.056400000000000006,456774636701154.562500
-0.18961,0.022000000000000002,0.0572,456774636701154.562500
-0.1896,0.015600000000000001,0.0548,456774636701154.562500
-0.18958999999999998,0.0212,0.054,456774636701154.562500
-0.18957999999999997,0.0228,0.0572,456774636701154.562500
-0.18956999999999996,0.0204,0.056400000000000006,456774636701154.562500
-0.18955999999999995,0.022000000000000002,0.058,456774636701154.562500
-0.18955,0.0196,0.056400000000000006,456774636701154.562500
-0.18954,0.0236,0.053200000000000004,456774636701154.562500
-0.18952999999999998,0.022000000000000002,0.0524,456774636701154.562500
-0.18951999999999997,0.0236,0.058,456774636701154.562500
-0.18950999999999996,0.0252,0.054,456774636701154.562500
-0.1895,0.0252,0.0572,456774636701154.562500
-0.18949,0.0236,0.046,456774636701154.562500
-0.18947999999999998,0.0244,0.056400000000000006,456774636701154.562500
-0.18946999999999997,0.0252,0.0572,456774636701154.562500
-0.18945999999999996,0.0236,0.056400000000000006,456774636701154.562500
-0.18944999999999995,0.0228,0.056400000000000006,456774636701154.562500
-0.18944,0.0228,0.0572,456774636701154.562500
-0.18943,0.022000000000000002,0.0572,456774636701154.562500
-0.18941999999999998,0.022000000000000002,0.056400000000000006,456774636701154.562500
-0.18940999999999997,0.0204,0.055600000000000004,456774636701154.562500
-0.18939999999999996,0.0236,0.058800000000000005,456774636701154.562500
-0.18938999999999995,0.0164,0.055600000000000004,456774636701154.562500
-0.18938,0.0236,0.0572,456774636701154.562500
-0.18936999999999998,0.022000000000000002,0.0516,456774636701154.562500
-0.18935999999999997,0.0204,0.0572,456774636701154.562500
-0.18934999999999996,0.022000000000000002,0.054,456774636701154.562500
-0.18933999999999995,0.0212,0.056400000000000006,456774636701154.562500
-0.18933,0.022000000000000002,0.053200000000000004,456774636701154.562500
-0.18932,0.0228,0.053200000000000004,456774636701154.562500
-0.18930999999999998,0.0204,0.0548,456774636701154.562500
-0.18929999999999997,0.0236,0.0516,456774636701154.562500
-0.18928999999999996,0.018000000000000002,0.054,456774636701154.562500
-0.18927999999999995,0.022000000000000002,0.055600000000000004,456774636701154.562500
-0.18927,0.0188,0.056400000000000006,456774636701154.562500
-0.18925999999999998,0.0228,0.053200000000000004,456774636701154.562500
-0.18924999999999997,0.0228,0.0572,456774636701154.562500
-0.18923999999999996,0.022000000000000002,0.050800000000000005,456774636701154.562500
-0.18922999999999995,0.0236,0.058,456774636701154.562500
-0.18922,0.0236,0.055600000000000004,456774636701154.562500
-0.18921,0.0236,0.0572,456774636701154.562500
-0.18919999999999998,0.0228,0.053200000000000004,456774636701154.562500
-0.18918999999999997,0.0228,0.0572,456774636701154.562500
-0.18917999999999996,0.0204,0.0572,456774636701154.562500
-0.18916999999999995,0.0252,0.054,456774636701154.562500
-0.18916,0.0228,0.056400000000000006,456774636701154.562500
-0.18914999999999998,0.022000000000000002,0.0548,456774636701154.562500
-0.18913999999999997,0.0172,0.0572,456774636701154.562500
-0.18912999999999996,0.0236,0.05,456774636701154.562500
-0.18911999999999995,0.0228,0.0572,456774636701154.562500
-0.18911,0.0236,0.054,456774636701154.562500
-0.1891,0.022000000000000002,0.055600000000000004,456774636701154.562500
-0.18908999999999998,0.0228,0.0548,456774636701154.562500
-0.18907999999999997,0.0228,0.054,456774636701154.562500
-0.18906999999999996,0.022000000000000002,0.058800000000000005,456774636701154.562500
-0.18905999999999995,0.022000000000000002,0.058,456774636701154.562500
-0.18905,0.0228,0.056400000000000006,456774636701154.562500
-0.18903999999999999,0.0172,0.0572,456774636701154.562500
-0.18902999999999998,0.0212,0.0548,456774636701154.562500
-0.18901999999999997,0.0196,0.056400000000000006,456774636701154.562500
-0.18900999999999996,0.0236,0.0572,456774636701154.562500
-0.189,0.0212,0.055600000000000004,456774636701154.562500
-0.18899,0.0204,0.054,456774636701154.562500
-0.18897999999999998,0.0188,0.055600000000000004,456774636701154.562500
-0.18896999999999997,0.0228,0.054,456774636701154.562500
-0.18895999999999996,0.0228,0.0524,456774636701154.562500
-0.18894999999999995,0.022000000000000002,0.056400000000000006,456774636701154.562500
-0.18894,0.0236,0.056400000000000006,456774636701154.562500
-0.18893,0.026000000000000002,0.0516,456774636701154.562500
-0.18891999999999998,0.0244,0.0524,456774636701154.562500
-0.18890999999999997,0.0244,0.0572,456774636701154.562500
-0.18889999999999996,0.0252,0.0524,456774636701154.562500
-0.18888999999999995,0.0244,0.055600000000000004,456774636701154.562500
-0.18888,0.0244,0.05,456774636701154.562500
-0.18886999999999998,0.0244,0.056400000000000006,456774636701154.562500
-0.18885999999999997,0.0228,0.055600000000000004,456774636701154.562500
-0.18884999999999996,0.0244,0.0572,456774636701154.562500
-0.18883999999999995,0.0236,0.0572,456774636701154.562500
-0.18883,0.0244,0.0572,456774636701154.562500
-0.18882,0.0244,0.0548,456774636701154.562500
-0.18880999999999998,0.0244,0.054,456774636701154.562500
-0.18879999999999997,0.0244,0.05,456774636701154.562500
-0.18878999999999996,0.0212,0.056400000000000006,456774636701154.562500
-0.18877999999999995,0.0228,0.0444,456774636701154.562500
-0.18877,0.018000000000000002,0.0548,456774636701154.562500
-0.18875999999999998,0.0172,0.045200000000000004,456774636701154.562500
-0.18874999999999997,0.0204,0.058,456774636701154.562500
-0.18873999999999996,0.022000000000000002,0.0524,456774636701154.562500
-0.18872999999999995,0.0228,0.058,456774636701154.562500
-0.18872,0.022000000000000002,0.0548,456774636701154.562500
-0.18871,0.0204,0.055600000000000004,456774636701154.562500
-0.18869999999999998,0.022000000000000002,0.0492,456774636701154.562500
-0.18868999999999997,0.0212,0.053200000000000004,456774636701154.562500
-0.18867999999999996,0.0236,0.058,456774636701154.562500
-0.18866999999999995,0.0204,0.0468,456774636701154.562500
-0.18866,0.0236,0.050800000000000005,456774636701154.562500
-0.18864999999999998,0.0196,0.0468,456774636701154.562500
-0.18863999999999997,0.022000000000000002,0.0572,456774636701154.562500
-0.18862999999999996,0.022000000000000002,0.054,456774636701154.562500
-0.18861999999999995,0.0244,0.055600000000000004,456774636701154.562500
-0.18861,0.022000000000000002,0.0572,456774636701154.562500
-0.1886,0.0204,0.0548,456774636701154.562500
-0.18858999999999998,0.0228,0.058800000000000005,456774636701154.562500
-0.18857999999999997,0.018000000000000002,0.056400000000000006,456774636701154.562500
-0.18856999999999996,0.0236,0.054,456774636701154.562500
-0.18855999999999995,0.0228,0.058800000000000005,456774636701154.562500
-0.18855,0.0244,0.0572,456774636701154.562500
-0.18853999999999999,0.0236,0.0548,456774636701154.562500
-0.18852999999999998,0.0236,0.055600000000000004,456774636701154.562500
-0.18851999999999997,0.015600000000000001,0.050800000000000005,456774636701154.562500
-0.18850999999999996,0.0188,0.0548,456774636701154.562500
-0.1885,0.0172,0.056400000000000006,456774636701154.562500
-0.18849,0.022000000000000002,0.058,456774636701154.562500
-0.18847999999999998,0.022000000000000002,0.0524,456774636701154.562500
-0.18846999999999997,0.0228,0.056400000000000006,456774636701154.562500
-0.18845999999999996,0.0228,0.056400000000000006,456774636701154.562500
-0.18844999999999995,0.022000000000000002,0.054,456774636701154.562500
-0.18844,0.0212,0.0524,456774636701154.562500
-0.18843,0.022000000000000002,0.0524,456774636701154.562500
-0.18841999999999998,0.0228,0.053200000000000004,456774636701154.562500
-0.18840999999999997,0.0236,0.046,456774636701154.562500
-0.18839999999999996,0.0236,0.054,456774636701154.562500
-0.18839,0.0228,0.056400000000000006,456774636701154.562500
-0.18838,0.022000000000000002,0.056400000000000006,456774636701154.562500
-0.18836999999999998,0.0228,0.0572,456774636701154.562500
-0.18835999999999997,0.0148,0.0516,456774636701154.562500
-0.18834999999999996,0.0228,0.0572,456774636701154.562500
-0.18833999999999995,0.0164,0.0572,456774636701154.562500
-0.18833,0.022000000000000002,0.056400000000000006,456774636701154.562500
-0.18832,0.0236,0.055600000000000004,456774636701154.562500
-0.18830999999999998,0.0188,0.0476,456774636701154.562500
-0.18829999999999997,0.0228,0.054,456774636701154.562500
-0.18828999999999996,0.0244,0.0468,456774636701154.562500
-0.18827999999999995,0.0212,0.054,456774636701154.562500
-0.18827,0.0244,0.0468,456774636701154.562500
-0.18825999999999998,0.0164,0.054,456774636701154.562500
-0.18824999999999997,0.0244,0.0444,456774636701154.562500
-0.18823999999999996,0.022000000000000002,0.055600000000000004,456774636701154.562500
-0.18822999999999995,0.0244,0.058,456774636701154.562500
-0.18822,0.0236,0.056400000000000006,456774636701154.562500
-0.18821,0.0236,0.055600000000000004,456774636701154.562500
-0.18819999999999998,0.0252,0.054,456774636701154.562500
-0.18818999999999997,0.0228,0.056400000000000006,456774636701154.562500
-0.18817999999999996,0.0228,0.056400000000000006,456774636701154.562500
-0.18816999999999995,0.0228,0.0572,456774636701154.562500
-0.18816,0.0228,0.0548,456774636701154.562500
-0.18814999999999998,0.0204,0.0548,456774636701154.562500
-0.18813999999999997,0.0204,0.054,456774636701154.562500
-0.18812999999999996,0.0188,0.055600000000000004,456774636701154.562500
-0.18811999999999995,0.0228,0.053200000000000004,456774636701154.562500
-0.18811,0.018000000000000002,0.056400000000000006,456774636701154.562500
-0.1881,0.0204,0.055600000000000004,456774636701154.562500
-0.18808999999999998,0.0148,0.0516,456774636701154.562500
-0.18807999999999997,0.0228,0.058,456774636701154.562500
-0.18806999999999996,0.0228,0.0476,456774636701154.562500
-0.18805999999999995,0.0244,0.0572,456774636701154.562500
-0.18805,0.0228,0.050800000000000005,456774636701154.562500
-0.18803999999999998,0.0236,0.0572,456774636701154.562500
-0.18802999999999997,0.022000000000000002,0.05,456774636701154.562500
-0.18801999999999996,0.0244,0.0516,456774636701154.562500
-0.18800999999999995,0.0236,0.054,456774636701154.562500
-0.188,0.022000000000000002,0.056400000000000006,456774636701154.562500
-0.18799,0.0236,0.056400000000000006,456774636701154.562500
-0.18797999999999998,0.018000000000000002,0.048400000000000006,456774636701154.562500
-0.18796999999999997,0.0244,0.0572,456774636701154.562500
-0.18795999999999996,0.022000000000000002,0.0572,456774636701154.562500
-0.18794999999999995,0.0244,0.0572,456774636701154.562500
-0.18794,0.0228,0.0548,456774636701154.562500
-0.18792999999999999,0.022000000000000002,0.0572,456774636701154.562500
-0.18791999999999998,0.0228,0.048400000000000006,456774636701154.562500
-0.18790999999999997,0.0244,0.053200000000000004,456774636701154.562500
-0.18789999999999996,0.022000000000000002,0.055600000000000004,456774636701154.562500
-0.18789,0.0236,0.0572,456774636701154.562500
-0.18788,0.0244,0.0572,456774636701154.562500
-0.18786999999999998,0.0212,0.0524,456774636701154.562500
-0.18785999999999997,0.0236,0.058,456774636701154.562500
-0.18784999999999996,0.022000000000000002,0.058,456774636701154.562500
-0.18783999999999995,0.0228,0.0548,456774636701154.562500
-0.18783,0.0228,0.055600000000000004,456774636701154.562500
-0.18782,0.0212,0.048400000000000006,456774636701154.562500
-0.18780999999999998,0.0236,0.058,456774636701154.562500
-0.18779999999999997,0.0228,0.0492,456774636701154.562500
-0.18778999999999996,0.0196,0.0548,456774636701154.562500
-0.18777999999999995,0.022000000000000002,0.0524,456774636701154.562500
-0.18777,0.0188,0.055600000000000004,456774636701154.562500
-0.18775999999999998,0.022000000000000002,0.0444,456774636701154.562500
-0.18774999999999997,0.0212,0.0516,456774636701154.562500
-0.18773999999999996,0.022000000000000002,0.056400000000000006,456774636701154.562500
-0.18772999999999995,0.018000000000000002,0.0572,456774636701154.562500
-0.18772,0.0228,0.0572,456774636701154.562500
-0.18771,0.0188,0.058,456774636701154.562500
-0.18769999999999998,0.0228,0.0524,456774636701154.562500
-0.18768999999999997,0.0212,0.0548,456774636701154.562500
-0.18767999999999996,0.0244,0.0548,456774636701154.562500
-0.18766999999999995,0.0244,0.056400000000000006,456774636701154.562500
-0.18766,0.0244,0.056400000000000006,456774636701154.562500
-0.18764999999999998,0.0252,0.0524,456774636701154.562500
-0.18763999999999997,0.0244,0.055600000000000004,456774636701154.562500
-0.18762999999999996,0.0244,0.055600000000000004,456774636701154.562500
-0.18761999999999995,0.0244,0.0548,456774636701154.562500
-0.18761,0.0268,0.0524,456774636701154.562500
-0.1876,0.0212,0.055600000000000004,456774636701154.562500
-0.18758999999999998,0.0244,0.0572,456774636701154.562500
-0.18757999999999997,0.022000000000000002,0.0524,456774636701154.562500
-0.18756999999999996,0.0228,0.054,456774636701154.562500
-0.18755999999999995,0.022000000000000002,0.053200000000000004,456774636701154.562500
-0.18755,0.022000000000000002,0.056400000000000006,456774636701154.562500
-0.18753999999999998,0.0236,0.0516,456774636701154.562500
-0.18752999999999997,0.022000000000000002,0.0572,456774636701154.562500
-0.18751999999999996,0.022000000000000002,0.0548,456774636701154.562500
-0.18750999999999995,0.0212,0.056400000000000006,456774636701154.562500
-0.1875,0.022000000000000002,0.058,456774636701154.562500
-0.18749,0.0228,0.0572,456774636701154.562500
-0.18747999999999998,0.0196,0.0572,456774636701154.562500
-0.18746999999999997,0.0212,0.053200000000000004,456774636701154.562500
-0.18745999999999996,0.0172,0.056400000000000006,456774636701154.562500
-0.18744999999999995,0.022000000000000002,0.0524,456774636701154.562500
-0.18744,0.0204,0.0548,456774636701154.562500
-0.18742999999999999,0.0244,0.058,456774636701154.562500
-0.18741999999999998,0.0228,0.054,456774636701154.562500
-0.18740999999999997,0.0228,0.0468,456774636701154.562500
-0.18739999999999996,0.0244,0.0524,456774636701154.562500
-0.18739,0.0212,0.0548,456774636701154.562500
-0.18738,0.0236,0.0548,456774636701154.562500
-0.18736999999999998,0.022000000000000002,0.0492,456774636701154.562500
-0.18735999999999997,0.0236,0.055600000000000004,456774636701154.562500
-0.18734999999999996,0.0252,0.056400000000000006,456774636701154.562500
-0.18733999999999995,0.0236,0.0572,456774636701154.562500
-0.18733,0.0252,0.055600000000000004,456774636701154.562500
-0.18732,0.0212,0.0572,456774636701154.562500
-0.18730999999999998,0.0228,0.0492,456774636701154.562500
-0.18729999999999997,0.0204,0.054,456774636701154.562500
-0.18728999999999996,0.0252,0.05,456774636701154.562500
-0.18728,0.0196,0.055600000000000004,456774636701154.562500
-0.18727,0.0244,0.055600000000000004,456774636701154.562500
-0.18725999999999998,0.0212,0.0572,456774636701154.562500
-0.18724999999999997,0.0228,0.0444,456774636701154.562500
-0.18723999999999996,0.0196,0.056400000000000006,456774636701154.562500
-0.18722999999999995,0.018000000000000002,0.0524,456774636701154.562500
-0.18722,0.022000000000000002,0.055600000000000004,456774636701154.562500
-0.18721,0.0204,0.0548,456774636701154.562500
-0.18719999999999998,0.022000000000000002,0.055600000000000004,456774636701154.562500
-0.18718999999999997,0.0196,0.056400000000000006,456774636701154.562500
-0.18717999999999996,0.022000000000000002,0.056400000000000006,456774636701154.562500
-0.18716999999999995,0.0188,0.056400000000000006,456774636701154.562500
-0.18716,0.0228,0.054,456774636701154.562500
-0.18714999999999998,0.0204,0.056400000000000006,456774636701154.562500
-0.18713999999999997,0.0196,0.056400000000000006,456774636701154.562500
-0.18712999999999996,0.0236,0.056400000000000006,456774636701154.562500
-0.18711999999999995,0.0228,0.054,456774636701154.562500
-0.18711,0.0228,0.056400000000000006,456774636701154.562500
-0.1871,0.0236,0.048400000000000006,456774636701154.562500
-0.18708999999999998,0.0244,0.053200000000000004,456774636701154.562500
-0.18707999999999997,0.0236,0.055600000000000004,456774636701154.562500
-0.18706999999999996,0.0244,0.054,456774636701154.562500
-0.18705999999999995,0.0236,0.0572,456774636701154.562500
-0.18705,0.0244,0.053200000000000004,456774636701154.562500
-0.18703999999999998,0.0244,0.056400000000000006,456774636701154.562500
-0.18702999999999997,0.0244,0.0516,456774636701154.562500
-0.18701999999999996,0.0252,0.053200000000000004,456774636701154.562500
-0.18700999999999995,0.0244,0.0548,456774636701154.562500
-0.187,0.0236,0.0548,456774636701154.562500
-0.18699,0.0244,0.0524,456774636701154.562500
-0.18697999999999998,0.0252,0.0524,456774636701154.562500
-0.18696999999999997,0.0236,0.0516,456774636701154.562500
-0.18695999999999996,0.0204,0.056400000000000006,456774636701154.562500
-0.18694999999999995,0.0228,0.056400000000000006,456774636701154.562500
-0.18694,0.0148,0.0572,456774636701154.562500
-0.18692999999999999,0.0236,0.054,456774636701154.562500
-0.18691999999999998,0.0228,0.0572,456774636701154.562500
-0.18690999999999997,0.022000000000000002,0.055600000000000004,456774636701154.562500
-0.18689999999999996,0.0212,0.056400000000000006,456774636701154.562500
-0.18689,0.0228,0.0524,456774636701154.562500
-0.18688,0.0236,0.0548,456774636701154.562500
-0.18686999999999998,0.0196,0.0548,456774636701154.562500
-0.18685999999999997,0.022000000000000002,0.056400000000000006,456774636701154.562500
-0.18684999999999996,0.018000000000000002,0.0444,456774636701154.562500
-0.18683999999999995,0.0228,0.0572,456774636701154.562500
-0.18683,0.018000000000000002,0.0492,456774636701154.562500
-0.18681999999999999,0.022000000000000002,0.0548,456774636701154.562500
-0.18680999999999998,0.022000000000000002,0.048400000000000006,456774636701154.562500
-0.18679999999999997,0.0172,0.0572,456774636701154.562500
-0.18678999999999996,0.0228,0.054,456774636701154.562500
-0.18678,0.0204,0.054,456774636701154.562500
-0.18677,0.0196,0.054,456774636701154.562500
-0.18675999999999998,0.022000000000000002,0.055600000000000004,456774636701154.562500
-0.18674999999999997,0.0244,0.056400000000000006,456774636701154.562500
-0.18673999999999996,0.022000000000000002,0.054,456774636701154.562500
-0.18672999999999995,0.0244,0.054,456774636701154.562500
-0.18672,0.0244,0.056400000000000006,456774636701154.562500
-0.18671,0.0236,0.055600000000000004,456774636701154.562500
-0.18669999999999998,0.0228,0.050800000000000005,456774636701154.562500
-0.18668999999999997,0.022000000000000002,0.056400000000000006,456774636701154.562500
-0.18667999999999996,0.022000000000000002,0.048400000000000006,456774636701154.562500
-0.18666999999999995,0.0204,0.058,456774636701154.562500
-0.18666,0.0236,0.055600000000000004,456774636701154.562500
-0.18664999999999998,0.0228,0.056400000000000006,456774636701154.562500
-0.18663999999999997,0.022000000000000002,0.0572,456774636701154.562500
-0.18662999999999996,0.0228,0.0548,456774636701154.562500
-0.18661999999999995,0.0196,0.055600000000000004,456774636701154.562500
-0.18661,0.022000000000000002,0.056400000000000006,456774636701154.562500
-0.1866,0.0228,0.055600000000000004,456774636701154.562500
-0.18658999999999998,0.022000000000000002,0.0572,456774636701154.562500
-0.18657999999999997,0.022000000000000002,0.054,456774636701154.562500
-0.18656999999999996,0.022000000000000002,0.058,456774636701154.562500
-0.18655999999999995,0.0212,0.0524,456774636701154.562500
-0.18655,0.022000000000000002,0.055600000000000004,456774636701154.562500
-0.18653999999999998,0.0196,0.055600000000000004,456774636701154.562500
-0.18652999999999997,0.0212,0.055600000000000004,456774636701154.562500
-0.18651999999999996,0.0188,0.0548,456774636701154.562500
-0.18650999999999995,0.022000000000000002,0.054,456774636701154.562500
-0.1865,0.0172,0.0524,456774636701154.562500
-0.18649,0.0212,0.055600000000000004,456774636701154.562500
-0.18647999999999998,0.0196,0.0548,456774636701154.562500
-0.18646999999999997,0.0236,0.0524,456774636701154.562500
-0.18645999999999996,0.0204,0.0572,456774636701154.562500
-0.18644999999999995,0.0252,0.05,456774636701154.562500
-0.18644,0.0244,0.056400000000000006,456774636701154.562500
-0.18642999999999998,0.0244,0.0444,456774636701154.562500
-0.18641999999999997,0.0252,0.056400000000000006,456774636701154.562500
-0.18640999999999996,0.0244,0.0524,456774636701154.562500
-0.18639999999999995,0.022000000000000002,0.056400000000000006,456774636701154.562500
-0.18639,0.0252,0.053200000000000004,456774636701154.562500
-0.18638,0.0212,0.0524,456774636701154.562500
-0.18636999999999998,0.0236,0.056400000000000006,456774636701154.562500
-0.18635999999999997,0.0228,0.050800000000000005,456774636701154.562500
-0.18634999999999996,0.0188,0.055600000000000004,456774636701154.562500
-0.18633999999999995,0.022000000000000002,0.050800000000000005,456774636701154.562500
-0.18633,0.0228,0.058800000000000005,456774636701154.562500
-0.18631999999999999,0.0228,0.0524,456774636701154.562500
-0.18630999999999998,0.0236,0.0548,456774636701154.562500
-0.18629999999999997,0.0228,0.056400000000000006,456774636701154.562500
-0.18628999999999996,0.022000000000000002,0.0548,456774636701154.562500
-0.18628,0.0228,0.0572,456774636701154.562500
-0.18627,0.0212,0.055600000000000004,456774636701154.562500
-0.18625999999999998,0.0244,0.0572,456774636701154.562500
-0.18624999999999997,0.0228,0.055600000000000004,456774636701154.562500
-0.18623999999999996,0.0236,0.054,456774636701154.562500
-0.18622999999999995,0.0228,0.055600000000000004,456774636701154.562500
-0.18622,0.0212,0.056400000000000006,456774636701154.562500
-0.18621,0.0228,0.0516,456774636701154.562500
-0.18619999999999998,0.0204,0.0548,456774636701154.562500
-0.18618999999999997,0.0228,0.053200000000000004,456774636701154.562500
-0.18617999999999996,0.0228,0.048400000000000006,456774636701154.562500
-0.18616999999999995,0.0188,0.055600000000000004,456774636701154.562500
-0.18616,0.0236,0.053200000000000004,456774636701154.562500
-0.18614999999999998,0.0196,0.058,456774636701154.562500
-0.18613999999999997,0.0196,0.048400000000000006,456774636701154.562500
-0.18612999999999996,0.0252,0.056400000000000006,456774636701154.562500
-0.18611999999999995,0.026000000000000002,0.0548,456774636701154.562500
-0.18611,0.022000000000000002,0.0572,456774636701154.562500
-0.1861,0.0244,0.05,456774636701154.562500
-0.18608999999999998,0.022000000000000002,0.053200000000000004,456774636701154.562500
-0.18607999999999997,0.022000000000000002,0.0444,456774636701154.562500
-0.18606999999999996,0.0244,0.0572,456774636701154.562500
-0.18605999999999995,0.0148,0.0516,456774636701154.562500
-0.18605,0.0236,0.054,456774636701154.562500
-0.18603999999999998,0.0188,0.054,456774636701154.562500
-0.18602999999999997,0.0212,0.058,456774636701154.562500
-0.18601999999999996,0.0204,0.0516,456774636701154.562500
-0.18600999999999995,0.0236,0.0572,456774636701154.562500
-0.186,0.018000000000000002,0.0548,456774636701154.562500
-0.18599,0.0228,0.0436,456774636701154.562500
-0.18597999999999998,0.0228,0.058,456774636701154.562500
-0.18596999999999997,0.0212,0.056400000000000006,456774636701154.562500
-0.18595999999999996,0.0212,0.0572,456774636701154.562500
-0.18594999999999995,0.0204,0.054,456774636701154.562500
-0.18594,0.0228,0.055600000000000004,456774636701154.562500
-0.18592999999999998,0.0212,0.0548,456774636701154.562500
-0.18591999999999997,0.022000000000000002,0.054,456774636701154.562500
-0.18590999999999996,0.0204,0.0548,456774636701154.562500
-0.18589999999999995,0.0212,0.0516,456774636701154.562500
-0.18589,0.0204,0.0516,456774636701154.562500
-0.18588,0.0228,0.0572,456774636701154.562500
-0.18586999999999998,0.0228,0.055600000000000004,456774636701154.562500
-0.18585999999999997,0.0244,0.056400000000000006,456774636701154.562500
-0.18584999999999996,0.022000000000000002,0.056400000000000006,456774636701154.562500
-0.18583999999999995,0.0244,0.0548,456774636701154.562500
-0.18583,0.0228,0.056400000000000006,456774636701154.562500
-0.18581999999999999,0.0252,0.0548,456774636701154.562500
-0.18580999999999998,0.0204,0.0524,456774636701154.562500
-0.18579999999999997,0.0244,0.0548,456774636701154.562500
-0.18578999999999996,0.022000000000000002,0.0516,456774636701154.562500
-0.18578,0.022000000000000002,0.0476,456774636701154.562500
-0.18577,0.0228,0.0548,456774636701154.562500
-0.18575999999999998,0.0212,0.0516,456774636701154.562500
-0.18574999999999997,0.0228,0.054,456774636701154.562500
-0.18573999999999996,0.022000000000000002,0.056400000000000006,456774636701154.562500
-0.18572999999999995,0.0236,0.055600000000000004,456774636701154.562500
-0.18572,0.0228,0.0572,456774636701154.562500
-0.18571,0.0236,0.0572,456774636701154.562500
-0.18569999999999998,0.0212,0.056400000000000006,456774636701154.562500
-0.18568999999999997,0.022000000000000002,0.0516,456774636701154.562500
-0.18567999999999996,0.0212,0.0548,456774636701154.562500
-0.18567,0.0236,0.053200000000000004,456774636701154.562500
-0.18566,0.0228,0.0444,456774636701154.562500
-0.18564999999999998,0.0212,0.056400000000000006,456774636701154.562500
-0.18563999999999997,0.0228,0.055600000000000004,456774636701154.562500
-0.18562999999999996,0.0172,0.055600000000000004,456774636701154.562500
-0.18561999999999995,0.0228,0.058,456774636701154.562500
-0.18561,0.0236,0.048400000000000006,456774636701154.562500
-0.1856,0.0236,0.058,456774636701154.562500
-0.18558999999999998,0.0228,0.053200000000000004,456774636701154.562500
-0.18557999999999997,0.0228,0.056400000000000006,456774636701154.562500
-0.18556999999999996,0.0228,0.053200000000000004,456774636701154.562500
-0.18555999999999995,0.0228,0.056400000000000006,456774636701154.562500
-0.18555,0.0236,0.054,456774636701154.562500
-0.18553999999999998,0.0236,0.054,456774636701154.562500
-0.18552999999999997,0.022000000000000002,0.0516,456774636701154.562500
-0.18551999999999996,0.0236,0.0548,456774636701154.562500
-0.18550999999999995,0.0172,0.0412,456774636701154.562500
-0.1855,0.0252,0.056400000000000006,456774636701154.562500
-0.18549,0.0212,0.054,456774636701154.562500
-0.18547999999999998,0.0236,0.054,456774636701154.562500
-0.18546999999999997,0.0244,0.0572,456774636701154.562500
-0.18545999999999996,0.0228,0.056400000000000006,456774636701154.562500
-0.18544999999999995,0.022000000000000002,0.058800000000000005,456774636701154.562500
-0.18544,0.0228,0.056400000000000006,456774636701154.562500
-0.18542999999999998,0.0204,0.055600000000000004,456774636701154.562500
-0.18541999999999997,0.0236,0.0572,456774636701154.562500
-0.18540999999999996,0.0204,0.055600000000000004,456774636701154.562500
-0.18539999999999995,0.0228,0.053200000000000004,456774636701154.562500
-0.18539,0.0196,0.054,456774636701154.562500
-0.18538,0.022000000000000002,0.05,456774636701154.562500
-0.18536999999999998,0.0212,0.054,456774636701154.562500
-0.18535999999999997,0.022000000000000002,0.056400000000000006,456774636701154.562500
-0.18534999999999996,0.0204,0.054,456774636701154.562500
-0.18533999999999995,0.0204,0.0548,456774636701154.562500
-0.18533,0.0212,0.056400000000000006,456774636701154.562500
-0.18531999999999998,0.0236,0.0524,456774636701154.562500
-0.18530999999999997,0.0204,0.0492,456774636701154.562500
-0.18529999999999996,0.0172,0.056400000000000006,456774636701154.562500
-0.18528999999999995,0.022000000000000002,0.0548,456774636701154.562500
-0.18528,0.012400000000000001,0.050800000000000005,456774636701154.562500
-0.18527,0.0236,0.058,456774636701154.562500
-0.18525999999999998,0.0212,0.0492,456774636701154.562500
-0.18524999999999997,0.0228,0.0572,456774636701154.562500
-0.18523999999999996,0.0228,0.058,456774636701154.562500
-0.18522999999999995,0.022000000000000002,0.058,456774636701154.562500
-0.18522,0.0252,0.0572,456774636701154.562500
-0.18520999999999999,0.0236,0.054,456774636701154.562500
-0.18519999999999998,0.0244,0.055600000000000004,456774636701154.562500
-0.18518999999999997,0.0212,0.048400000000000006,456774636701154.562500
-0.18517999999999996,0.022000000000000002,0.058,456774636701154.562500
-0.18517,0.0228,0.048400000000000006,456774636701154.562500
-0.18516,0.0228,0.0476,456774636701154.562500
-0.18514999999999998,0.0212,0.056400000000000006,456774636701154.562500
-0.18513999999999997,0.0228,0.0572,456774636701154.562500
-0.18512999999999996,0.0212,0.056400000000000006,456774636701154.562500
-0.18511999999999995,0.0228,0.0516,456774636701154.562500
-0.18511,0.0196,0.055600000000000004,456774636701154.562500
-0.1851,0.0212,0.0516,456774636701154.562500
-0.18508999999999998,0.0212,0.054,456774636701154.562500
-0.18507999999999997,0.0212,0.05,456774636701154.562500
-0.18506999999999996,0.018000000000000002,0.0516,456774636701154.562500
-0.18505999999999995,0.0212,0.0444,456774636701154.562500
-0.18505,0.0204,0.0548,456774636701154.562500
-0.18503999999999998,0.0228,0.050800000000000005,456774636701154.562500
-0.18502999999999997,0.0188,0.056400000000000006,456774636701154.562500
-0.18501999999999996,0.0212,0.055600000000000004,456774636701154.562500
-0.18500999999999995,0.018000000000000002,0.055600000000000004,456774636701154.562500
-0.185,0.0228,0.055600000000000004,456774636701154.562500
-0.18499,0.0172,0.056400000000000006,456774636701154.562500
-0.18497999999999998,0.0204,0.0492,456774636701154.562500
-0.18496999999999997,0.022000000000000002,0.058,456774636701154.562500
-0.18495999999999996,0.0228,0.0572,456774636701154.562500
-0.18494999999999995,0.0212,0.050800000000000005,456774636701154.562500
-0.18494,0.0204,0.054,456774636701154.562500
-0.18492999999999998,0.0236,0.0468,456774636701154.562500
-0.18491999999999997,0.0204,0.0548,456774636701154.562500
-0.18490999999999996,0.0236,0.05,456774636701154.562500
-0.18489999999999995,0.018000000000000002,0.055600000000000004,456774636701154.562500
-0.18489,0.0212,0.058,456774636701154.562500
-0.18488,0.0204,0.054,456774636701154.562500
-0.18486999999999998,0.022000000000000002,0.058,456774636701154.562500
-0.18485999999999997,0.0244,0.056400000000000006,456774636701154.562500
-0.18484999999999996,0.0236,0.056400000000000006,456774636701154.562500
-0.18483999999999995,0.0236,0.055600000000000004,456774636701154.562500
-0.18483,0.0228,0.0492,456774636701154.562500
-0.18481999999999998,0.0244,0.058,456774636701154.562500
-0.18480999999999997,0.022000000000000002,0.050800000000000005,456774636701154.562500
-0.18479999999999996,0.0244,0.055600000000000004,456774636701154.562500
-0.18478999999999995,0.0228,0.0476,456774636701154.562500
-0.18478,0.0212,0.050800000000000005,456774636701154.562500
-0.18477,0.022000000000000002,0.0524,456774636701154.562500
-0.18475999999999998,0.0236,0.055600000000000004,456774636701154.562500
-0.18474999999999997,0.022000000000000002,0.0572,456774636701154.562500
-0.18473999999999996,0.0196,0.0572,456774636701154.562500
-0.18472999999999995,0.022000000000000002,0.0572,456774636701154.562500
-0.18472,0.0204,0.0524,456774636701154.562500
-0.18470999999999999,0.0236,0.058,456774636701154.562500
-0.18469999999999998,0.0228,0.058,456774636701154.562500
-0.18468999999999997,0.022000000000000002,0.0572,456774636701154.562500
-0.18467999999999996,0.022000000000000002,0.056400000000000006,456774636701154.562500
-0.18467,0.0196,0.054,456774636701154.562500
-0.18466,0.022000000000000002,0.056400000000000006,456774636701154.562500
-0.18464999999999998,0.0204,0.055600000000000004,456774636701154.562500
-0.18463999999999997,0.0188,0.058,456774636701154.562500
-0.18462999999999996,0.0164,0.055600000000000004,456774636701154.562500
-0.18461999999999995,0.0228,0.050800000000000005,456774636701154.562500
-0.18461,0.0228,0.0572,456774636701154.562500
-0.1846,0.0244,0.056400000000000006,456774636701154.562500
-0.18458999999999998,0.0228,0.056400000000000006,456774636701154.562500
-0.18457999999999997,0.0188,0.055600000000000004,456774636701154.562500
-0.18456999999999996,0.0236,0.0524,456774636701154.562500
-0.18456,0.0172,0.0524,456774636701154.562500
-0.18455,0.0244,0.046,456774636701154.562500
-0.18453999999999998,0.0252,0.054,456774636701154.562500
-0.18452999999999997,0.0228,0.0492,456774636701154.562500
-0.18451999999999996,0.0228,0.0572,456774636701154.562500
-0.18450999999999995,0.0228,0.055600000000000004,456774636701154.562500
-0.1845,0.022000000000000002,0.0524,456774636701154.562500
-0.18449,0.0228,0.054,456774636701154.562500
-0.18447999999999998,0.0212,0.053200000000000004,456774636701154.562500
-0.18446999999999997,0.0212,0.0476,456774636701154.562500
-0.18445999999999996,0.0212,0.055600000000000004,456774636701154.562500
-0.18444999999999995,0.0212,0.0388,456774636701154.562500
-0.18444,0.0188,0.0524,456774636701154.562500
-0.18442999999999998,0.022000000000000002,0.0524,456774636701154.562500
-0.18441999999999997,0.0228,0.0468,456774636701154.562500
-0.18440999999999996,0.0228,0.056400000000000006,456774636701154.562500
-0.18439999999999995,0.0188,0.042,456774636701154.562500
-0.18439,0.0228,0.054,456774636701154.562500
-0.18438,0.0196,0.05,456774636701154.562500
-0.18436999999999998,0.0236,0.0548,456774636701154.562500
-0.18435999999999997,0.0244,0.0548,456774636701154.562500
-0.18434999999999996,0.0244,0.056400000000000006,456774636701154.562500
-0.18433999999999995,0.022000000000000002,0.055600000000000004,456774636701154.562500
-0.18433,0.022000000000000002,0.0548,456774636701154.562500
-0.18431999999999998,0.0252,0.0548,456774636701154.562500
-0.18430999999999997,0.0236,0.054,456774636701154.562500
-0.18429999999999996,0.022000000000000002,0.056400000000000006,456774636701154.562500
-0.18428999999999995,0.0236,0.053200000000000004,456774636701154.562500
-0.18428,0.0204,0.05,456774636701154.562500
-0.18427,0.0236,0.056400000000000006,456774636701154.562500
-0.18425999999999998,0.0236,0.050800000000000005,456774636701154.562500
-0.18424999999999997,0.0236,0.0572,456774636701154.562500
-0.18423999999999996,0.0236,0.058,456774636701154.562500
-0.18422999999999995,0.0188,0.0548,456774636701154.562500
-0.18422,0.0236,0.054,456774636701154.562500
-0.18420999999999998,0.0188,0.0548,456774636701154.562500
-0.18419999999999997,0.0204,0.058,456774636701154.562500
-0.18418999999999996,0.0212,0.056400000000000006,456774636701154.562500
-0.18417999999999995,0.0236,0.056400000000000006,456774636701154.562500
-0.18417,0.0204,0.055600000000000004,456774636701154.562500
-0.18416,0.0236,0.056400000000000006,456774636701154.562500
-0.18414999999999998,0.0196,0.056400000000000006,456774636701154.562500
-0.18413999999999997,0.022000000000000002,0.0572,456774636701154.562500
-0.18412999999999996,0.0228,0.048400000000000006,456774636701154.562500
-0.18411999999999995,0.0196,0.058,456774636701154.562500
-0.18411,0.0204,0.054,456774636701154.562500
-0.18409999999999999,0.018000000000000002,0.053200000000000004,456774636701154.562500
-0.18408999999999998,0.0236,0.056400000000000006,456774636701154.562500
-0.18407999999999997,0.0196,0.0572,456774636701154.562500
-0.18406999999999996,0.0228,0.0524,456774636701154.562500
-0.18406,0.018000000000000002,0.0516,456774636701154.562500
-0.18405,0.0244,0.054,456774636701154.562500
-0.18403999999999998,0.014,0.0548,456774636701154.562500
-0.18402999999999997,0.0236,0.054,456774636701154.562500
-0.18401999999999996,0.0196,0.0548,456774636701154.562500
-0.18400999999999995,0.0252,0.048400000000000006,456774636701154.562500
-0.184,0.022000000000000002,0.0572,456774636701154.562500
-0.18399,0.0252,0.0572,456774636701154.562500
-0.18397999999999998,0.0228,0.0572,456774636701154.562500
-0.18396999999999997,0.026000000000000002,0.0572,456774636701154.562500
-0.18395999999999996,0.022000000000000002,0.056400000000000006,456774636701154.562500
-0.18394999999999995,0.0236,0.0572,456774636701154.562500
-0.18394,0.018000000000000002,0.050800000000000005,456774636701154.562500
-0.18392999999999998,0.0236,0.0572,456774636701154.562500
-0.18391999999999997,0.022000000000000002,0.056400000000000006,456774636701154.562500
-0.18390999999999996,0.0228,0.0572,456774636701154.562500
-0.18389999999999995,0.0244,0.0548,456774636701154.562500
-0.18389,0.0196,0.0548,456774636701154.562500
-0.18388,0.022000000000000002,0.054,456774636701154.562500
-0.18386999999999998,0.0212,0.055600000000000004,456774636701154.562500
-0.18385999999999997,0.0196,0.0524,456774636701154.562500
-0.18384999999999996,0.0212,0.055600000000000004,456774636701154.562500
-0.18383999999999995,0.022000000000000002,0.0468,456774636701154.562500
-0.18383,0.0228,0.048400000000000006,456774636701154.562500
-0.18381999999999998,0.0212,0.050800000000000005,456774636701154.562500
-0.18380999999999997,0.022000000000000002,0.055600000000000004,456774636701154.562500
-0.18379999999999996,0.0228,0.050800000000000005,456774636701154.562500
-0.18378999999999995,0.022000000000000002,0.054,456774636701154.562500
-0.18378,0.022000000000000002,0.0412,456774636701154.562500
-0.18377,0.0164,0.0572,456774636701154.562500
-0.18375999999999998,0.0236,0.0516,456774636701154.562500
-0.18374999999999997,0.0228,0.058,456774636701154.562500
-0.18373999999999996,0.022000000000000002,0.058800000000000005,456774636701154.562500
-0.18372999999999995,0.022000000000000002,0.0572,456774636701154.562500
-0.18372,0.0172,0.0548,456774636701154.562500
-0.18370999999999998,0.0236,0.058,456774636701154.562500
-0.18369999999999997,0.026000000000000002,0.058,456774636701154.562500
-0.18368999999999996,0.0252,0.0516,456774636701154.562500
-0.18367999999999995,0.0244,0.054,456774636701154.562500
-0.18367,0.0252,0.055600000000000004,456774636701154.562500
-0.18366,0.0236,0.0572,456774636701154.562500
-0.18364999999999998,0.0244,0.055600000000000004,456774636701154.562500
-0.18363999999999997,0.0204,0.055600000000000004,456774636701154.562500
-0.18362999999999996,0.0244,0.056400000000000006,456774636701154.562500
-0.18361999999999995,0.0212,0.056400000000000006,456774636701154.562500
-0.18361,0.0228,0.0516,456774636701154.562500
-0.18359999999999999,0.022000000000000002,0.050800000000000005,456774636701154.562500
-0.18358999999999998,0.022000000000000002,0.0524,456774636701154.562500
-0.18357999999999997,0.0236,0.055600000000000004,456774636701154.562500
-0.18356999999999996,0.018000000000000002,0.0516,456774636701154.562500
-0.18356,0.0228,0.05,456774636701154.562500
-0.18355,0.015600000000000001,0.058,456774636701154.562500
-0.18353999999999998,0.0228,0.050800000000000005,456774636701154.562500
-0.18352999999999997,0.018000000000000002,0.055600000000000004,456774636701154.562500
-0.18351999999999996,0.0212,0.058,456774636701154.562500
-0.18350999999999995,0.0204,0.055600000000000004,456774636701154.562500
-0.1835,0.022000000000000002,0.055600000000000004,456774636701154.562500
-0.18349,0.022000000000000002,0.048400000000000006,456774636701154.562500
-0.18347999999999998,0.0244,0.0572,456774636701154.562500
-0.18346999999999997,0.0204,0.058,456774636701154.562500
-0.18345999999999996,0.022000000000000002,0.0548,456774636701154.562500
-0.18344999999999995,0.0212,0.058,456774636701154.562500
-0.18344,0.022000000000000002,0.058,456774636701154.562500
-0.18342999999999998,0.0204,0.055600000000000004,456774636701154.562500
-0.18341999999999997,0.022000000000000002,0.0516,456774636701154.562500
-0.18340999999999996,0.022000000000000002,0.056400000000000006,456774636701154.562500
-0.18339999999999995,0.0228,0.056400000000000006,456774636701154.562500
-0.18339,0.0244,0.0572,456774636701154.562500
-0.18338,0.0252,0.0516,456774636701154.562500
-0.18336999999999998,0.0212,0.056400000000000006,456774636701154.562500
-0.18335999999999997,0.0228,0.054,456774636701154.562500
-0.18334999999999996,0.0188,0.056400000000000006,456774636701154.562500
-0.18333999999999995,0.0228,0.054,456774636701154.562500
-0.18333,0.0196,0.0524,456774636701154.562500
-0.18331999999999998,0.022000000000000002,0.055600000000000004,456774636701154.562500
-0.18330999999999997,0.018000000000000002,0.0572,456774636701154.562500
-0.18329999999999996,0.0212,0.0548,456774636701154.562500
-0.18328999999999995,0.0196,0.056400000000000006,456774636701154.562500
-0.18328,0.0228,0.055600000000000004,456774636701154.562500
-0.18327,0.0196,0.0524,456774636701154.562500
-0.18325999999999998,0.022000000000000002,0.054,456774636701154.562500
-0.18324999999999997,0.0228,0.054,456774636701154.562500
-0.18323999999999996,0.0212,0.055600000000000004,456774636701154.562500
-0.18322999999999995,0.0228,0.0468,456774636701154.562500
-0.18322,0.0188,0.055600000000000004,456774636701154.562500
-0.18320999999999998,0.0228,0.056400000000000006,456774636701154.562500
-0.18319999999999997,0.0196,0.0548,456774636701154.562500
-0.18318999999999996,0.0228,0.055600000000000004,456774636701154.562500
-0.18317999999999995,0.0188,0.054,456774636701154.562500
-0.18317,0.0204,0.053200000000000004,456774636701154.562500
-0.18316,0.0204,0.0572,456774636701154.562500
-0.18314999999999998,0.0244,0.058,456774636701154.562500
-0.18313999999999997,0.0236,0.058,456774636701154.562500
-0.18312999999999996,0.0236,0.0572,456774636701154.562500
-0.18311999999999995,0.0244,0.0572,456774636701154.562500
-0.18311,0.0236,0.05,456774636701154.562500
-0.18309999999999998,0.022000000000000002,0.0572,456774636701154.562500
-0.18308999999999997,0.0236,0.055600000000000004,456774636701154.562500
-0.18307999999999996,0.0252,0.058800000000000005,456774636701154.562500
-0.18306999999999995,0.0236,0.0476,456774636701154.562500
-0.18306,0.0228,0.0524,456774636701154.562500
-0.18305,0.0236,0.053200000000000004,456774636701154.562500
-0.18303999999999998,0.0244,0.054,456774636701154.562500
-0.18302999999999997,0.0244,0.0516,456774636701154.562500
-0.18301999999999996,0.0196,0.054,456774636701154.562500
-0.18300999999999995,0.0236,0.054,456774636701154.562500
-0.183,0.0228,0.0548,456774636701154.562500
-0.18298999999999999,0.0228,0.0572,456774636701154.562500
-0.18297999999999998,0.0212,0.055600000000000004,456774636701154.562500
-0.18296999999999997,0.0236,0.054,456774636701154.562500
-0.18295999999999996,0.0228,0.054,456774636701154.562500
-0.18295,0.022000000000000002,0.055600000000000004,456774636701154.562500
-0.18294,0.0212,0.0572,456774636701154.562500
-0.18292999999999998,0.0204,0.0572,456774636701154.562500
-0.18291999999999997,0.0204,0.0572,456774636701154.562500
-0.18290999999999996,0.0212,0.0572,456774636701154.562500
-0.18289999999999995,0.0236,0.056400000000000006,456774636701154.562500
-0.18289,0.0188,0.058,456774636701154.562500
-0.18288,0.0204,0.0492,456774636701154.562500
-0.18286999999999998,0.022000000000000002,0.053200000000000004,456774636701154.562500
-0.18285999999999997,0.0228,0.054,456774636701154.562500
-0.18284999999999996,0.0236,0.0572,456774636701154.562500
-0.18283999999999995,0.0228,0.055600000000000004,456774636701154.562500
-0.18283,0.0188,0.0572,456774636701154.562500
-0.18281999999999998,0.0212,0.056400000000000006,456774636701154.562500
-0.18280999999999997,0.022000000000000002,0.05,456774636701154.562500
-0.18279999999999996,0.0244,0.0572,456774636701154.562500
-0.18278999999999995,0.0244,0.05,456774636701154.562500
-0.18278,0.0204,0.0524,456774636701154.562500
-0.18277,0.0228,0.050800000000000005,456774636701154.562500
-0.18275999999999998,0.0196,0.0524,456774636701154.562500
-0.18274999999999997,0.0252,0.054,456774636701154.562500
-0.18273999999999996,0.0236,0.0492,456774636701154.562500
-0.18272999999999995,0.0228,0.0572,456774636701154.562500
-0.18272,0.0236,0.056400000000000006,456774636701154.562500
-0.18270999999999998,0.0244,0.0572,456774636701154.562500
-0.18269999999999997,0.022000000000000002,0.053200000000000004,456774636701154.562500
-0.18268999999999996,0.0204,0.056400000000000006,456774636701154.562500
-0.18267999999999995,0.0236,0.0548,456774636701154.562500
-0.18267,0.0204,0.0492,456774636701154.562500
-0.18266,0.0236,0.056400000000000006,456774636701154.562500
-0.18264999999999998,0.0212,0.053200000000000004,456774636701154.562500
-0.18263999999999997,0.0204,0.056400000000000006,456774636701154.562500
-0.18262999999999996,0.0228,0.056400000000000006,456774636701154.562500
-0.18261999999999995,0.022000000000000002,0.058800000000000005,456774636701154.562500
-0.18261,0.0228,0.0468,456774636701154.562500
-0.18259999999999998,0.022000000000000002,0.053200000000000004,456774636701154.562500
-0.18258999999999997,0.0212,0.054,456774636701154.562500
-0.18257999999999996,0.0228,0.056400000000000006,456774636701154.562500
-0.18256999999999995,0.0228,0.054,456774636701154.562500
-0.18256,0.0228,0.0548,456774636701154.562500
-0.18255,0.022000000000000002,0.0524,456774636701154.562500
-0.18253999999999998,0.0228,0.0548,456774636701154.562500
-0.18252999999999997,0.0228,0.0548,456774636701154.562500
-0.18251999999999996,0.022000000000000002,0.0548,456774636701154.562500
-0.18250999999999995,0.0244,0.054,456774636701154.562500
-0.1825,0.0236,0.056400000000000006,456774636701154.562500
-0.18248999999999999,0.0228,0.053200000000000004,456774636701154.562500
-0.18247999999999998,0.0244,0.0572,456774636701154.562500
-0.18246999999999997,0.0212,0.0548,456774636701154.562500
-0.18245999999999996,0.0204,0.050800000000000005,456774636701154.562500
-0.18245,0.0252,0.050800000000000005,456774636701154.562500
-0.18244,0.0188,0.05,456774636701154.562500
-0.18242999999999998,0.022000000000000002,0.0524,456774636701154.562500
-0.18241999999999997,0.0212,0.050800000000000005,456774636701154.562500
-0.18240999999999996,0.0236,0.056400000000000006,456774636701154.562500
-0.18239999999999995,0.0212,0.048400000000000006,456774636701154.562500
-0.18239,0.0236,0.055600000000000004,456774636701154.562500
-0.18238,0.0228,0.058800000000000005,456774636701154.562500
-0.18236999999999998,0.0212,0.058,456774636701154.562500
-0.18235999999999997,0.0188,0.055600000000000004,456774636701154.562500
-0.18234999999999996,0.0228,0.055600000000000004,456774636701154.562500
-0.18233999999999995,0.0172,0.050800000000000005,456774636701154.562500
-0.18233,0.0228,0.056400000000000006,456774636701154.562500
-0.18231999999999998,0.0212,0.056400000000000006,456774636701154.562500
-0.18230999999999997,0.022000000000000002,0.0524,456774636701154.562500
-0.18229999999999996,0.0204,0.0516,456774636701154.562500
-0.18228999999999995,0.022000000000000002,0.056400000000000006,456774636701154.562500
-0.18228,0.022000000000000002,0.050800000000000005,456774636701154.562500
-0.18227,0.0228,0.056400000000000006,456774636701154.562500
-0.18225999999999998,0.0228,0.056400000000000006,456774636701154.562500
-0.18224999999999997,0.0228,0.058,456774636701154.562500
-0.18223999999999996,0.0212,0.056400000000000006,456774636701154.562500
-0.18222999999999995,0.015600000000000001,0.056400000000000006,456774636701154.562500
-0.18222,0.0228,0.056400000000000006,456774636701154.562500
-0.18220999999999998,0.0244,0.055600000000000004,456774636701154.562500
-0.18219999999999997,0.0244,0.058,456774636701154.562500
-0.18218999999999996,0.0244,0.0548,456774636701154.562500
-0.18217999999999995,0.0204,0.056400000000000006,456774636701154.562500
-0.18217,0.0252,0.055600000000000004,456774636701154.562500
-0.18216,0.0236,0.056400000000000006,456774636701154.562500
-0.18214999999999998,0.0236,0.0524,456774636701154.562500
-0.18213999999999997,0.0244,0.058,456774636701154.562500
-0.18212999999999996,0.0236,0.045200000000000004,456774636701154.562500
-0.18211999999999995,0.0236,0.0572,456774636701154.562500
-0.18211,0.022000000000000002,0.054,456774636701154.562500
-0.18209999999999998,0.0204,0.0516,456774636701154.562500
-0.18208999999999997,0.0228,0.0516,456774636701154.562500
-0.18207999999999996,0.0228,0.0548,456774636701154.562500
-0.18206999999999995,0.022000000000000002,0.054,456774636701154.562500
-0.18206,0.0172,0.056400000000000006,456774636701154.562500
-0.18205,0.0236,0.058,456774636701154.562500
-0.18203999999999998,0.0196,0.0572,456774636701154.562500
-0.18202999999999997,0.0212,0.0548,456774636701154.562500
-0.18201999999999996,0.022000000000000002,0.0548,456774636701154.562500
-0.18200999999999995,0.0188,0.0572,456774636701154.562500
-0.182,0.0212,0.058,456774636701154.562500
-0.18198999999999999,0.0196,0.056400000000000006,456774636701154.562500
-0.18197999999999998,0.022000000000000002,0.054,456774636701154.562500
-0.18196999999999997,0.0204,0.056400000000000006,456774636701154.562500
-0.18195999999999996,0.0212,0.053200000000000004,456774636701154.562500
-0.18195,0.0228,0.0572,456774636701154.562500
-0.18194,0.022000000000000002,0.055600000000000004,456774636701154.562500
-0.18192999999999998,0.0196,0.058,456774636701154.562500
-0.18191999999999997,0.0236,0.056400000000000006,456774636701154.562500
-0.18190999999999996,0.0244,0.0572,456774636701154.562500
-0.18189999999999995,0.0244,0.056400000000000006,456774636701154.562500
-0.18189,0.0212,0.0572,456774636701154.562500
-0.18188,0.0244,0.0516,456774636701154.562500
-0.18186999999999998,0.0228,0.056400000000000006,456774636701154.562500
-0.18185999999999997,0.0244,0.0524,456774636701154.562500
-0.18184999999999996,0.0228,0.055600000000000004,456774636701154.562500
-0.18184,0.0236,0.0492,456774636701154.562500
-0.18183,0.0244,0.056400000000000006,456774636701154.562500
-0.18181999999999998,0.0244,0.0548,456774636701154.562500
-0.18180999999999997,0.0244,0.042,456774636701154.562500
-0.18179999999999996,0.0236,0.056400000000000006,456774636701154.562500
-0.18178999999999995,0.0236,0.054,456774636701154.562500
-0.18178,0.0236,0.0492,456774636701154.562500
-0.18177,0.0236,0.0492,456774636701154.562500
-0.18175999999999998,0.0212,0.054,456774636701154.562500
-0.18174999999999997,0.0196,0.0548,456774636701154.562500
-0.18173999999999996,0.0212,0.0436,456774636701154.562500
-0.18172999999999995,0.0196,0.055600000000000004,456774636701154.562500
-0.18172,0.0204,0.0492,456774636701154.562500
-0.18170999999999998,0.0228,0.055600000000000004,456774636701154.562500
-0.18169999999999997,0.022000000000000002,0.055600000000000004,456774636701154.562500
-0.18168999999999996,0.022000000000000002,0.058,456774636701154.562500
-0.18167999999999995,0.0196,0.0548,456774636701154.562500
-0.18167,0.0236,0.055600000000000004,456774636701154.562500
-0.18166,0.0228,0.058,456774636701154.562500
-0.18164999999999998,0.0196,0.0524,456774636701154.562500
-0.18163999999999997,0.0236,0.056400000000000006,456774636701154.562500
-0.18162999999999996,0.022000000000000002,0.056400000000000006,456774636701154.562500
-0.18161999999999995,0.0236,0.058,456774636701154.562500
-0.18161,0.018000000000000002,0.053200000000000004,456774636701154.562500
-0.18159999999999998,0.0236,0.056400000000000006,456774636701154.562500
-0.18158999999999997,0.0236,0.056400000000000006,456774636701154.562500
-0.18157999999999996,0.0244,0.0572,456774636701154.562500
-0.18156999999999995,0.0236,0.048400000000000006,456774636701154.562500
-0.18156,0.026000000000000002,0.054,456774636701154.562500
-0.18155,0.0244,0.0548,456774636701154.562500
-0.18153999999999998,0.0228,0.056400000000000006,456774636701154.562500
-0.18152999999999997,0.0244,0.0548,456774636701154.562500
-0.18151999999999996,0.0196,0.058,456774636701154.562500
-0.18150999999999995,0.0236,0.056400000000000006,456774636701154.562500
-0.1815,0.0212,0.0492,456774636701154.562500
-0.18148999999999998,0.0236,0.053200000000000004,456774636701154.562500
-0.18147999999999997,0.022000000000000002,0.0572,456774636701154.562500
-0.18146999999999996,0.0228,0.055600000000000004,456774636701154.562500
-0.18145999999999995,0.022000000000000002,0.0492,456774636701154.562500
-0.18145,0.0228,0.0572,456774636701154.562500
-0.18144,0.022000000000000002,0.054,456774636701154.562500
-0.18142999999999998,0.0236,0.0548,456774636701154.562500
-0.18141999999999997,0.0212,0.0572,456774636701154.562500
-0.18140999999999996,0.0212,0.058,456774636701154.562500
-0.18139999999999995,0.022000000000000002,0.053200000000000004,456774636701154.562500
-0.18139,0.022000000000000002,0.056400000000000006,456774636701154.562500
-0.18137999999999999,0.022000000000000002,0.054,456774636701154.562500
-0.18136999999999998,0.0228,0.056400000000000006,456774636701154.562500
-0.18135999999999997,0.0204,0.0548,456774636701154.562500
-0.18134999999999996,0.022000000000000002,0.056400000000000006,456774636701154.562500
-0.18134,0.0196,0.056400000000000006,456774636701154.562500
-0.18133,0.022000000000000002,0.0492,456774636701154.562500
-0.18131999999999998,0.022000000000000002,0.053200000000000004,456774636701154.562500
-0.18130999999999997,0.022000000000000002,0.058,456774636701154.562500
-0.18129999999999996,0.0172,0.0572,456774636701154.562500
-0.18128999999999995,0.0212,0.0524,456774636701154.562500
-0.18128,0.022000000000000002,0.053200000000000004,456774636701154.562500
-0.18127,0.0244,0.054,456774636701154.562500
-0.18125999999999998,0.0212,0.0572,456774636701154.562500
-0.18124999999999997,0.0236,0.0548,456774636701154.562500
-0.18123999999999996,0.0228,0.056400000000000006,456774636701154.562500
-0.18122999999999995,0.0236,0.058,456774636701154.562500
-0.18122,0.0204,0.056400000000000006,456774636701154.562500
-0.18120999999999998,0.0252,0.0548,456774636701154.562500
-0.18119999999999997,0.022000000000000002,0.058,456774636701154.562500
-0.18118999999999996,0.0244,0.056400000000000006,456774636701154.562500
-0.18117999999999995,0.022000000000000002,0.0548,456774636701154.562500
-0.18117,0.022000000000000002,0.056400000000000006,456774636701154.562500
-0.18116,0.0212,0.053200000000000004,456774636701154.562500
-0.18114999999999998,0.022000000000000002,0.0572,456774636701154.562500
-0.18113999999999997,0.0228,0.050800000000000005,456774636701154.562500
-0.18112999999999996,0.0212,0.0572,456774636701154.562500
-0.18111999999999995,0.0228,0.0548,456774636701154.562500
-0.18111,0.0204,0.056400000000000006,456774636701154.562500
-0.18109999999999998,0.0204,0.050800000000000005,456774636701154.562500
-0.18108999999999997,0.022000000000000002,0.0572,456774636701154.562500
-0.18107999999999996,0.0212,0.0516,456774636701154.562500
-0.18106999999999995,0.022000000000000002,0.056400000000000006,456774636701154.562500
-0.18106,0.0212,0.046,456774636701154.562500
-0.18105,0.022000000000000002,0.0572,456774636701154.562500
-0.18103999999999998,0.022000000000000002,0.056400000000000006,456774636701154.562500
-0.18102999999999997,0.022000000000000002,0.055600000000000004,456774636701154.562500
-0.18101999999999996,0.0228,0.056400000000000006,456774636701154.562500
-0.18100999999999995,0.0236,0.055600000000000004,456774636701154.562500
-0.181,0.022000000000000002,0.058,456774636701154.562500
-0.18098999999999998,0.0236,0.0524,456774636701154.562500
-0.18097999999999997,0.0244,0.055600000000000004,456774636701154.562500
-0.18096999999999996,0.0244,0.056400000000000006,456774636701154.562500
-0.18095999999999995,0.0244,0.0572,456774636701154.562500
-0.18095,0.0244,0.0476,456774636701154.562500
-0.18094,0.0212,0.055600000000000004,456774636701154.562500
-0.18092999999999998,0.0244,0.0476,456774636701154.562500
-0.18091999999999997,0.0236,0.0572,456774636701154.562500
-0.18090999999999996,0.0212,0.048400000000000006,456774636701154.562500
-0.18089999999999995,0.0244,0.0572,456774636701154.562500
-0.18089,0.0236,0.0476,456774636701154.562500
-0.18087999999999999,0.0204,0.0548,456774636701154.562500
-0.18086999999999998,0.0236,0.055600000000000004,456774636701154.562500
-0.18085999999999997,0.0236,0.0492,456774636701154.562500
-0.18084999999999996,0.022000000000000002,0.0572,456774636701154.562500
-0.18084,0.022000000000000002,0.05,456774636701154.562500
-0.18083,0.0212,0.058,456774636701154.562500
-0.18081999999999998,0.022000000000000002,0.056400000000000006,456774636701154.562500
-0.18080999999999997,0.0212,0.056400000000000006,456774636701154.562500
-0.18079999999999996,0.0172,0.056400000000000006,456774636701154.562500
-0.18078999999999995,0.0204,0.054,456774636701154.562500
-0.18078,0.0164,0.055600000000000004,456774636701154.562500
-0.18077,0.022000000000000002,0.055600000000000004,456774636701154.562500
-0.18075999999999998,0.0212,0.056400000000000006,456774636701154.562500
-0.18074999999999997,0.022000000000000002,0.056400000000000006,456774636701154.562500
-0.18073999999999996,0.0212,0.0516,456774636701154.562500
-0.18072999999999995,0.0196,0.054,456774636701154.562500
-0.18072,0.0228,0.0524,456774636701154.562500
-0.18070999999999998,0.0228,0.054,456774636701154.562500
-0.18069999999999997,0.0236,0.0572,456774636701154.562500
-0.18068999999999996,0.0236,0.0524,456774636701154.562500
-0.18067999999999995,0.0228,0.0524,456774636701154.562500
-0.18067,0.0244,0.054,456774636701154.562500
-0.18066,0.0236,0.056400000000000006,456774636701154.562500
-0.18064999999999998,0.0228,0.0492,456774636701154.562500
-0.18063999999999997,0.026000000000000002,0.053200000000000004,456774636701154.562500
-0.18062999999999996,0.0244,0.050800000000000005,456774636701154.562500
-0.18061999999999995,0.0244,0.056400000000000006,456774636701154.562500
-0.18061,0.0244,0.0548,456774636701154.562500
-0.18059999999999998,0.0244,0.055600000000000004,456774636701154.562500
-0.18058999999999997,0.0244,0.056400000000000006,456774636701154.562500
-0.18057999999999996,0.0228,0.0572,456774636701154.562500
-0.18056999999999995,0.0236,0.0524,456774636701154.562500
-0.18056,0.0172,0.0476,456774636701154.562500
-0.18055,0.022000000000000002,0.0412,456774636701154.562500
-0.18053999999999998,0.022000000000000002,0.055600000000000004,456774636701154.562500
-0.18052999999999997,0.0212,0.056400000000000006,456774636701154.562500
-0.18051999999999996,0.022000000000000002,0.055600000000000004,456774636701154.562500
-0.18050999999999995,0.0212,0.0524,456774636701154.562500
-0.1805,0.0236,0.055600000000000004,456774636701154.562500
-0.18048999999999998,0.022000000000000002,0.0548,456774636701154.562500
-0.18047999999999997,0.0236,0.0548,456774636701154.562500
-0.18046999999999996,0.022000000000000002,0.0516,456774636701154.562500
-0.18045999999999995,0.022000000000000002,0.053200000000000004,456774636701154.562500
-0.18045,0.0228,0.056400000000000006,456774636701154.562500
-0.18044,0.0228,0.0548,456774636701154.562500
-0.18042999999999998,0.022000000000000002,0.0572,456774636701154.562500
-0.18041999999999997,0.0228,0.054,456774636701154.562500
-0.18040999999999996,0.0244,0.058,456774636701154.562500
-0.18039999999999995,0.0204,0.053200000000000004,456774636701154.562500
-0.18039,0.0236,0.053200000000000004,456774636701154.562500
-0.18037999999999998,0.0244,0.056400000000000006,456774636701154.562500
-0.18036999999999997,0.0236,0.0548,456774636701154.562500
-0.18035999999999996,0.0244,0.058,456774636701154.562500
-0.18034999999999995,0.0252,0.055600000000000004,456774636701154.562500
-0.18034,0.0236,0.055600000000000004,456774636701154.562500
-0.18033,0.0244,0.056400000000000006,456774636701154.562500
-0.18031999999999998,0.0244,0.056400000000000006,456774636701154.562500
-0.18030999999999997,0.0228,0.055600000000000004,456774636701154.562500
-0.18029999999999996,0.0228,0.053200000000000004,456774636701154.562500
-0.18028999999999995,0.0236,0.0548,456774636701154.562500
-0.18028,0.0244,0.0476,456774636701154.562500
-0.18026999999999999,0.0244,0.056400000000000006,456774636701154.562500
-0.18025999999999998,0.0228,0.05,456774636701154.562500
-0.18024999999999997,0.0236,0.0492,456774636701154.562500
-0.18023999999999996,0.0228,0.048400000000000006,456774636701154.562500
-0.18023,0.022000000000000002,0.0548,456774636701154.562500
-0.18022,0.022000000000000002,0.05,456774636701154.562500
-0.18020999999999998,0.0228,0.055600000000000004,456774636701154.562500
-0.18019999999999997,0.0228,0.0572,456774636701154.562500
-0.18018999999999996,0.022000000000000002,0.0572,456774636701154.562500
-0.18017999999999995,0.022000000000000002,0.048400000000000006,456774636701154.562500
-0.18017,0.0236,0.056400000000000006,456774636701154.562500
-0.18016,0.0204,0.05,456774636701154.562500
-0.18014999999999998,0.022000000000000002,0.0548,456774636701154.562500
-0.18013999999999997,0.022000000000000002,0.0548,456774636701154.562500
-0.18012999999999996,0.0228,0.056400000000000006,456774636701154.562500
-0.18011999999999995,0.0204,0.0548,456774636701154.562500
-0.18011,0.0228,0.055600000000000004,456774636701154.562500
-0.18009999999999998,0.0228,0.054,456774636701154.562500
-0.18008999999999997,0.0236,0.054,456774636701154.562500
-0.18007999999999996,0.0244,0.0572,456774636701154.562500
-0.18006999999999995,0.0228,0.055600000000000004,456774636701154.562500
-0.18006,0.0244,0.0572,456774636701154.562500
-0.18005,0.0244,0.05,456774636701154.562500
-0.18003999999999998,0.022000000000000002,0.054,456774636701154.562500
-0.18002999999999997,0.0236,0.0524,456774636701154.562500
-0.18001999999999996,0.0252,0.053200000000000004,456774636701154.562500
-0.18000999999999995,0.0236,0.0436,456774636701154.562500
-0.18,0.0244,0.046,456774636701154.562500
-0.17998999999999998,0.0236,0.0476,456774636701154.562500
-0.17997999999999997,0.0244,0.055600000000000004,456774636701154.562500
-0.17996999999999996,0.0236,0.050800000000000005,456774636701154.562500
-0.17995999999999995,0.022000000000000002,0.0548,456774636701154.562500
-0.17995,0.0244,0.0492,456774636701154.562500
-0.17994,0.0228,0.056400000000000006,456774636701154.562500
-0.17992999999999998,0.0228,0.045200000000000004,456774636701154.562500
-0.17991999999999997,0.0212,0.054,456774636701154.562500
-0.17990999999999996,0.022000000000000002,0.0524,456774636701154.562500
-0.17989999999999995,0.022000000000000002,0.056400000000000006,456774636701154.562500
-0.17989,0.0228,0.0516,456774636701154.562500
-0.17987999999999998,0.022000000000000002,0.055600000000000004,456774636701154.562500
-0.17986999999999997,0.0212,0.055600000000000004,456774636701154.562500
-0.17985999999999996,0.022000000000000002,0.055600000000000004,456774636701154.562500
-0.17984999999999995,0.0204,0.054,456774636701154.562500
-0.17984,0.0228,0.0572,456774636701154.562500
-0.17983,0.018000000000000002,0.0572,456774636701154.562500
-0.17981999999999998,0.0236,0.0444,456774636701154.562500
-0.17980999999999997,0.0212,0.054,456774636701154.562500
-0.17979999999999996,0.0236,0.055600000000000004,456774636701154.562500
-0.17978999999999995,0.0172,0.054,456774636701154.562500
-0.17978,0.0172,0.056400000000000006,456774636701154.562500
-0.17976999999999999,0.012400000000000001,0.050800000000000005,456774636701154.562500
-0.17975999999999998,0.0164,0.054,456774636701154.562500
-0.17974999999999997,0.0196,0.055600000000000004,456774636701154.562500
-0.17973999999999996,0.0204,0.054,456774636701154.562500
-0.17973,0.0212,0.054,456774636701154.562500
-0.17972,0.026000000000000002,0.056400000000000006,456774636701154.562500
-0.17970999999999998,0.0236,0.0572,456774636701154.562500
-0.17969999999999997,0.0236,0.0548,456774636701154.562500
-0.17968999999999996,0.0236,0.0548,456774636701154.562500
-0.17967999999999995,0.0228,0.056400000000000006,456774636701154.562500
-0.17967,0.0236,0.054,456774636701154.562500
-0.17966,0.022000000000000002,0.055600000000000004,456774636701154.562500
-0.17964999999999998,0.0236,0.056400000000000006,456774636701154.562500
-0.17963999999999997,0.022000000000000002,0.0524,456774636701154.562500
-0.17962999999999996,0.0228,0.045200000000000004,456774636701154.562500
-0.17961999999999995,0.0212,0.054,456774636701154.562500
-0.17961,0.0228,0.05,456774636701154.562500
-0.17959999999999998,0.0228,0.054,456774636701154.562500
-0.17958999999999997,0.022000000000000002,0.0468,456774636701154.562500
-0.17957999999999996,0.022000000000000002,0.0572,456774636701154.562500
-0.17956999999999995,0.0212,0.055600000000000004,456774636701154.562500
-0.17956,0.0236,0.0572,456774636701154.562500
-0.17955,0.022000000000000002,0.0548,456774636701154.562500
-0.17953999999999998,0.0212,0.055600000000000004,456774636701154.562500
-0.17952999999999997,0.022000000000000002,0.055600000000000004,456774636701154.562500
-0.17951999999999996,0.0228,0.0572,456774636701154.562500
-0.17950999999999995,0.0212,0.0572,456774636701154.562500
-0.1795,0.022000000000000002,0.058800000000000005,456774636701154.562500
-0.17948999999999998,0.0228,0.055600000000000004,456774636701154.562500
-0.17947999999999997,0.022000000000000002,0.054,456774636701154.562500
-0.17946999999999996,0.0228,0.053200000000000004,456774636701154.562500
-0.17945999999999995,0.0236,0.053200000000000004,456774636701154.562500
-0.17945,0.0236,0.056400000000000006,456774636701154.562500
-0.17944,0.0228,0.056400000000000006,456774636701154.562500
-0.17942999999999998,0.0252,0.055600000000000004,456774636701154.562500
-0.17941999999999997,0.0244,0.058800000000000005,456774636701154.562500
-0.17940999999999996,0.0244,0.0548,456774636701154.562500
-0.17939999999999995,0.0244,0.056400000000000006,456774636701154.562500
-0.17939,0.022000000000000002,0.056400000000000006,456774636701154.562500
-0.17937999999999998,0.0244,0.0548,456774636701154.562500
-0.17936999999999997,0.0212,0.056400000000000006,456774636701154.562500
-0.17935999999999996,0.022000000000000002,0.055600000000000004,456774636701154.562500
-0.17934999999999995,0.0228,0.055600000000000004,456774636701154.562500
-0.17934,0.0228,0.056400000000000006,456774636701154.562500
-0.17933,0.0236,0.056400000000000006,456774636701154.562500
-0.17931999999999998,0.022000000000000002,0.058,456774636701154.562500
-0.17930999999999997,0.0236,0.05,456774636701154.562500
-0.17929999999999996,0.0196,0.056400000000000006,456774636701154.562500
-0.17928999999999995,0.0212,0.056400000000000006,456774636701154.562500
-0.17928,0.0188,0.0572,456774636701154.562500
-0.17926999999999998,0.0228,0.0572,456774636701154.562500
-0.17925999999999997,0.0172,0.054,456774636701154.562500
-0.17924999999999996,0.0196,0.056400000000000006,456774636701154.562500
-0.17923999999999995,0.0188,0.0572,456774636701154.562500
-0.17923,0.022000000000000002,0.0548,456774636701154.562500
-0.17922,0.0228,0.053200000000000004,456774636701154.562500
-0.17920999999999998,0.022000000000000002,0.055600000000000004,456774636701154.562500
-0.17919999999999997,0.0236,0.056400000000000006,456774636701154.562500
-0.17918999999999996,0.0228,0.0572,456774636701154.562500
-0.17917999999999995,0.0212,0.0548,456774636701154.562500
-0.17917,0.022000000000000002,0.0572,456774636701154.562500
-0.17915999999999999,0.0196,0.058,456774636701154.562500
-0.17914999999999998,0.0236,0.045200000000000004,456774636701154.562500
-0.17913999999999997,0.0236,0.0516,456774636701154.562500
-0.17912999999999996,0.018000000000000002,0.0548,456774636701154.562500
-0.17912,0.022000000000000002,0.055600000000000004,456774636701154.562500
-0.17911,0.0204,0.042800000000000005,456774636701154.562500
-0.17909999999999998,0.0244,0.056400000000000006,456774636701154.562500
-0.17908999999999997,0.022000000000000002,0.0548,456774636701154.562500
-0.17907999999999996,0.0204,0.056400000000000006,456774636701154.562500
-0.17906999999999995,0.0196,0.055600000000000004,456774636701154.562500
-0.17906,0.0196,0.056400000000000006,456774636701154.562500
-0.17905,0.018000000000000002,0.058,456774636701154.562500
-0.17903999999999998,0.0196,0.056400000000000006,456774636701154.562500
-0.17902999999999997,0.0204,0.0572,456774636701154.562500
-0.17901999999999996,0.022000000000000002,0.055600000000000004,456774636701154.562500
-0.17900999999999995,0.0204,0.0548,456774636701154.562500
-0.179,0.022000000000000002,0.055600000000000004,456774636701154.562500
-0.17898999999999998,0.0212,0.055600000000000004,456774636701154.562500
-0.17897999999999997,0.0204,0.058,456774636701154.562500
-0.17896999999999996,0.0188,0.0492,456774636701154.562500
-0.17895999999999995,0.015600000000000001,0.055600000000000004,456774636701154.562500
-0.17895,0.0172,0.056400000000000006,456774636701154.562500
-0.17894,0.0172,0.056400000000000006,456774636701154.562500
-0.17892999999999998,0.018000000000000002,0.058,456774636701154.562500
-0.17891999999999997,0.0204,0.055600000000000004,456774636701154.562500
-0.17890999999999996,0.0204,0.056400000000000006,456774636701154.562500
-0.17889999999999995,0.0188,0.0572,456774636701154.562500
-0.17889,0.0172,0.055600000000000004,456774636701154.562500
-0.17887999999999998,0.0204,0.056400000000000006,456774636701154.562500
-0.17886999999999997,0.0236,0.0524,456774636701154.562500
-0.17885999999999996,0.0228,0.058,456774636701154.562500
-0.17884999999999995,0.0228,0.0572,456774636701154.562500
-0.17884,0.022000000000000002,0.0548,456774636701154.562500
-0.17883,0.0204,0.0548,456774636701154.562500
-0.17881999999999998,0.0228,0.055600000000000004,456774636701154.562500
-0.17880999999999997,0.022000000000000002,0.056400000000000006,456774636701154.562500
-0.17879999999999996,0.0236,0.0572,456774636701154.562500
-0.17878999999999995,0.0244,0.05,456774636701154.562500
-0.17878,0.0212,0.050800000000000005,456774636701154.562500
-0.17876999999999998,0.0236,0.045200000000000004,456774636701154.562500
-0.17875999999999997,0.0252,0.05,456774636701154.562500
-0.17874999999999996,0.0228,0.05,456774636701154.562500
-0.17873999999999995,0.0228,0.054,456774636701154.562500
-0.17873,0.022000000000000002,0.048400000000000006,456774636701154.562500
-0.17872,0.0244,0.0572,456774636701154.562500
-0.17870999999999998,0.0228,0.042800000000000005,456774636701154.562500
-0.17869999999999997,0.022000000000000002,0.055600000000000004,456774636701154.562500
-0.17868999999999996,0.022000000000000002,0.056400000000000006,456774636701154.562500
-0.17867999999999995,0.022000000000000002,0.0524,456774636701154.562500
-0.17867,0.0228,0.05,456774636701154.562500
-0.17865999999999999,0.0228,0.053200000000000004,456774636701154.562500
-0.17864999999999998,0.022000000000000002,0.0516,456774636701154.562500
-0.17863999999999997,0.0196,0.0548,456774636701154.562500
-0.17862999999999996,0.0172,0.0572,456774636701154.562500
-0.17862,0.0196,0.055600000000000004,456774636701154.562500
-0.17861,0.0196,0.056400000000000006,456774636701154.562500
-0.17859999999999998,0.0204,0.054,456774636701154.562500
-0.17858999999999997,0.022000000000000002,0.0548,456774636701154.562500
-0.17857999999999996,0.022000000000000002,0.055600000000000004,456774636701154.562500
-0.17856999999999995,0.0244,0.0516,456774636701154.562500
-0.17856,0.022000000000000002,0.0548,456774636701154.562500
-0.17855,0.0236,0.056400000000000006,456774636701154.562500
-0.17853999999999998,0.0236,0.0524,456774636701154.562500
-0.17852999999999997,0.0236,0.0548,456774636701154.562500
-0.17851999999999996,0.0236,0.053200000000000004,456774636701154.562500
-0.17850999999999995,0.0244,0.058,456774636701154.562500
-0.1785,0.0236,0.055600000000000004,456774636701154.562500
-0.17848999999999998,0.026000000000000002,0.053200000000000004,456774636701154.562500
-0.17847999999999997,0.0244,0.056400000000000006,456774636701154.562500
-0.17846999999999996,0.0228,0.0516,456774636701154.562500
-0.17845999999999995,0.0244,0.0516,456774636701154.562500
-0.17845,0.0236,0.054,456774636701154.562500
-0.17844,0.0244,0.055600000000000004,456774636701154.562500
-0.17842999999999998,0.0236,0.050800000000000005,456774636701154.562500
-0.17841999999999997,0.0252,0.0516,456774636701154.562500
-0.17840999999999996,0.0228,0.053200000000000004,456774636701154.562500
-0.17839999999999995,0.022000000000000002,0.054,456774636701154.562500
-0.17839,0.022000000000000002,0.046,456774636701154.562500
-0.17837999999999998,0.022000000000000002,0.055600000000000004,456774636701154.562500
-0.17836999999999997,0.022000000000000002,0.0524,456774636701154.562500
-0.17835999999999996,0.0212,0.055600000000000004,456774636701154.562500
-0.17834999999999995,0.022000000000000002,0.0572,456774636701154.562500
-0.17834,0.0228,0.055600000000000004,456774636701154.562500
-0.17833,0.0212,0.056400000000000006,456774636701154.562500
-0.17831999999999998,0.0204,0.0572,456774636701154.562500
-0.17830999999999997,0.0212,0.056400000000000006,456774636701154.562500
-0.17829999999999996,0.0212,0.0548,456774636701154.562500
-0.17828999999999995,0.022000000000000002,0.055600000000000004,456774636701154.562500
-0.17828,0.0236,0.053200000000000004,456774636701154.562500
-0.17826999999999998,0.0236,0.055600000000000004,456774636701154.562500
-0.17825999999999997,0.0228,0.058,456774636701154.562500
-0.17824999999999996,0.022000000000000002,0.056400000000000006,456774636701154.562500
-0.17823999999999995,0.0212,0.054,456774636701154.562500
-0.17823,0.0244,0.0572,456774636701154.562500
-0.17822,0.0228,0.0572,456774636701154.562500
-0.17820999999999998,0.0244,0.054,456774636701154.562500
-0.17819999999999997,0.0228,0.056400000000000006,456774636701154.562500
-0.17818999999999996,0.0252,0.053200000000000004,456774636701154.562500
-0.17817999999999995,0.0252,0.0572,456774636701154.562500
-0.17817,0.0252,0.0524,456774636701154.562500
-0.17815999999999999,0.0244,0.055600000000000004,456774636701154.562500
-0.17814999999999998,0.0228,0.053200000000000004,456774636701154.562500
-0.17813999999999997,0.0228,0.056400000000000006,456774636701154.562500
-0.17812999999999996,0.0236,0.053200000000000004,456774636701154.562500
-0.17812,0.0228,0.056400000000000006,456774636701154.562500
-0.17811,0.022000000000000002,0.055600000000000004,456774636701154.562500
-0.17809999999999998,0.022000000000000002,0.0524,456774636701154.562500
-0.17808999999999997,0.0228,0.0516,456774636701154.562500
-0.17807999999999996,0.0204,0.0548,456774636701154.562500
-0.17806999999999995,0.0188,0.0548,456774636701154.562500
-0.17806,0.022000000000000002,0.053200000000000004,456774636701154.562500
-0.17804999999999999,0.022000000000000002,0.056400000000000006,456774636701154.562500
-0.17803999999999998,0.0212,0.056400000000000006,456774636701154.562500
-0.17802999999999997,0.022000000000000002,0.054,456774636701154.562500
-0.17801999999999996,0.022000000000000002,0.0572,456774636701154.562500
-0.17800999999999995,0.022000000000000002,0.0548,456774636701154.562500
-0.178,0.0228,0.0572,456774636701154.562500
-0.17798999999999998,0.0228,0.0548,456774636701154.562500
-0.17797999999999997,0.0228,0.056400000000000006,456774636701154.562500
-0.17796999999999996,0.0236,0.054,456774636701154.562500
-0.17795999999999995,0.022000000000000002,0.055600000000000004,456774636701154.562500
-0.17795,0.0236,0.0572,456774636701154.562500
-0.17794,0.0228,0.056400000000000006,456774636701154.562500
-0.17792999999999998,0.0236,0.0548,456774636701154.562500
-0.17791999999999997,0.0236,0.054,456774636701154.562500
-0.17790999999999996,0.0252,0.056400000000000006,456774636701154.562500
-0.17789999999999995,0.022000000000000002,0.056400000000000006,456774636701154.562500
-0.17789,0.0244,0.0548,456774636701154.562500
-0.17787999999999998,0.0228,0.055600000000000004,456774636701154.562500
-0.17786999999999997,0.0244,0.0572,456774636701154.562500
-0.17785999999999996,0.0204,0.0572,456774636701154.562500
-0.17784999999999995,0.0228,0.058,456774636701154.562500
-0.17784,0.022000000000000002,0.055600000000000004,456774636701154.562500
-0.17783,0.0228,0.0572,456774636701154.562500
-0.17781999999999998,0.0228,0.058,456774636701154.562500
-0.17780999999999997,0.0212,0.055600000000000004,456774636701154.562500
-0.17779999999999996,0.0228,0.0572,456774636701154.562500
-0.17778999999999995,0.0188,0.055600000000000004,456774636701154.562500
-0.17778,0.0196,0.055600000000000004,456774636701154.562500
-0.17776999999999998,0.0196,0.055600000000000004,456774636701154.562500
-0.17775999999999997,0.0244,0.056400000000000006,456774636701154.562500
-0.17774999999999996,0.022000000000000002,0.056400000000000006,456774636701154.562500
-0.17773999999999995,0.0236,0.0548,456774636701154.562500
-0.17773,0.0228,0.0572,456774636701154.562500
-0.17772,0.0236,0.055600000000000004,456774636701154.562500
-0.17770999999999998,0.022000000000000002,0.058,456774636701154.562500
-0.17769999999999997,0.0228,0.055600000000000004,456774636701154.562500
-0.17768999999999996,0.0172,0.056400000000000006,456774636701154.562500
-0.17767999999999995,0.0212,0.056400000000000006,456774636701154.562500
-0.17767,0.022000000000000002,0.0572,456774636701154.562500
-0.17765999999999998,0.0228,0.0548,456774636701154.562500
-0.17764999999999997,0.0236,0.053200000000000004,456774636701154.562500
-0.17763999999999996,0.0236,0.056400000000000006,456774636701154.562500
-0.17762999999999995,0.0236,0.048400000000000006,456774636701154.562500
-0.17762,0.0252,0.0492,456774636701154.562500
-0.17761,0.0244,0.0444,456774636701154.562500
-0.17759999999999998,0.0244,0.05,456774636701154.562500
-0.17758999999999997,0.0252,0.0444,456774636701154.562500
-0.17757999999999996,0.0236,0.054,456774636701154.562500
-0.17756999999999995,0.0236,0.0492,456774636701154.562500
-0.17756,0.0228,0.054,456774636701154.562500
-0.17754999999999999,0.0244,0.0492,456774636701154.562500
-0.17753999999999998,0.0212,0.0548,456774636701154.562500
-0.17752999999999997,0.0236,0.054,456774636701154.562500
-0.17751999999999996,0.022000000000000002,0.0524,456774636701154.562500
-0.17751,0.0212,0.053200000000000004,456774636701154.562500
-0.1775,0.0196,0.056400000000000006,456774636701154.562500
-0.17748999999999998,0.0228,0.056400000000000006,456774636701154.562500
-0.17747999999999997,0.0236,0.0548,456774636701154.562500
-0.17746999999999996,0.0204,0.054,456774636701154.562500
-0.17745999999999995,0.0228,0.055600000000000004,456774636701154.562500
-0.17745,0.0236,0.056400000000000006,456774636701154.562500
-0.17744,0.0212,0.055600000000000004,456774636701154.562500
-0.17742999999999998,0.0212,0.058,456774636701154.562500
-0.17741999999999997,0.0228,0.056400000000000006,456774636701154.562500
-0.17740999999999996,0.0204,0.0572,456774636701154.562500
-0.17739999999999995,0.022000000000000002,0.055600000000000004,456774636701154.562500
-0.17739,0.022000000000000002,0.055600000000000004,456774636701154.562500
-0.17737999999999998,0.0236,0.053200000000000004,456774636701154.562500
-0.17736999999999997,0.0228,0.056400000000000006,456774636701154.562500
-0.17735999999999996,0.0212,0.056400000000000006,456774636701154.562500
-0.17734999999999995,0.0236,0.056400000000000006,456774636701154.562500
-0.17734,0.0236,0.056400000000000006,456774636701154.562500
-0.17733,0.0236,0.0572,456774636701154.562500
-0.17731999999999998,0.0236,0.054,456774636701154.562500
-0.17730999999999997,0.0236,0.055600000000000004,456774636701154.562500
-0.17729999999999996,0.0236,0.055600000000000004,456774636701154.562500
-0.17728999999999995,0.0244,0.056400000000000006,456774636701154.562500
-0.17728,0.0196,0.056400000000000006,456774636701154.562500
-0.17726999999999998,0.0236,0.056400000000000006,456774636701154.562500
-0.17725999999999997,0.022000000000000002,0.05,456774636701154.562500
-0.17724999999999996,0.0236,0.058,456774636701154.562500
-0.17723999999999995,0.0236,0.055600000000000004,456774636701154.562500
-0.17723,0.0212,0.050800000000000005,456774636701154.562500
-0.17722,0.022000000000000002,0.0492,456774636701154.562500
-0.17720999999999998,0.0228,0.058,456774636701154.562500
-0.17719999999999997,0.0236,0.056400000000000006,456774636701154.562500
-0.17718999999999996,0.0228,0.055600000000000004,456774636701154.562500
-0.17717999999999995,0.0204,0.0572,456774636701154.562500
-0.17717,0.0228,0.0548,456774636701154.562500
-0.17715999999999998,0.0244,0.0572,456774636701154.562500
-0.17714999999999997,0.0228,0.0572,456774636701154.562500
-0.17713999999999996,0.022000000000000002,0.055600000000000004,456774636701154.562500
-0.17712999999999995,0.022000000000000002,0.0548,456774636701154.562500
-0.17712,0.0228,0.054,456774636701154.562500
-0.17711,0.0212,0.054,456774636701154.562500
-0.17709999999999998,0.0236,0.053200000000000004,456774636701154.562500
-0.17708999999999997,0.0212,0.0572,456774636701154.562500
-0.17707999999999996,0.022000000000000002,0.0572,456774636701154.562500
-0.17706999999999995,0.0236,0.058,456774636701154.562500
-0.17706,0.022000000000000002,0.048400000000000006,456774636701154.562500
-0.17704999999999999,0.022000000000000002,0.054,456774636701154.562500
-0.17703999999999998,0.0228,0.0548,456774636701154.562500
-0.17702999999999997,0.0212,0.0492,456774636701154.562500
-0.17701999999999996,0.0228,0.0476,456774636701154.562500
-0.17701,0.0228,0.0476,456774636701154.562500
-0.177,0.0236,0.0396,456774636701154.562500
-0.17698999999999998,0.0236,0.0476,456774636701154.562500
-0.17697999999999997,0.0204,0.042800000000000005,456774636701154.562500
-0.17696999999999996,0.0236,0.0516,456774636701154.562500
-0.17695999999999995,0.0244,0.054,456774636701154.562500
-0.17695,0.0228,0.056400000000000006,456774636701154.562500
-0.17694,0.0244,0.056400000000000006,456774636701154.562500
-0.17692999999999998,0.0236,0.0572,456774636701154.562500
-0.17691999999999997,0.0212,0.056400000000000006,456774636701154.562500
-0.17690999999999996,0.022000000000000002,0.0476,456774636701154.562500
-0.17689999999999995,0.0228,0.0548,456774636701154.562500
-0.17689,0.0244,0.05,456774636701154.562500
-0.17687999999999998,0.022000000000000002,0.055600000000000004,456774636701154.562500
-0.17686999999999997,0.022000000000000002,0.056400000000000006,456774636701154.562500
-0.17685999999999996,0.0196,0.0572,456774636701154.562500
-0.17684999999999995,0.0204,0.056400000000000006,456774636701154.562500
-0.17684,0.018000000000000002,0.053200000000000004,456774636701154.562500
-0.17683,0.022000000000000002,0.055600000000000004,456774636701154.562500
-0.17681999999999998,0.022000000000000002,0.0548,456774636701154.562500
-0.17680999999999997,0.022000000000000002,0.055600000000000004,456774636701154.562500
-0.17679999999999996,0.022000000000000002,0.055600000000000004,456774636701154.562500
-0.17678999999999995,0.0196,0.0572,456774636701154.562500
-0.17678,0.0164,0.0548,456774636701154.562500
-0.17676999999999998,0.0196,0.0548,456774636701154.562500
-0.17675999999999997,0.022000000000000002,0.056400000000000006,456774636701154.562500
-0.17674999999999996,0.0228,0.056400000000000006,456774636701154.562500
-0.17673999999999995,0.0244,0.054,456774636701154.562500
-0.17673,0.0236,0.056400000000000006,456774636701154.562500
-0.17672,0.0236,0.056400000000000006,456774636701154.562500
-0.17670999999999998,0.0252,0.056400000000000006,456774636701154.562500
-0.17669999999999997,0.0228,0.056400000000000006,456774636701154.562500
-0.17668999999999996,0.0252,0.056400000000000006,456774636701154.562500
-0.17667999999999995,0.0244,0.056400000000000006,456774636701154.562500
-0.17667,0.0244,0.055600000000000004,456774636701154.562500
-0.17665999999999998,0.0244,0.058,456774636701154.562500
-0.17664999999999997,0.0236,0.0572,456774636701154.562500
-0.17663999999999996,0.0228,0.0516,456774636701154.562500
-0.17662999999999995,0.0236,0.0572,456774636701154.562500
-0.17662,0.0228,0.055600000000000004,456774636701154.562500
-0.17661,0.0244,0.0572,456774636701154.562500
-0.17659999999999998,0.022000000000000002,0.055600000000000004,456774636701154.562500
-0.17658999999999997,0.0228,0.053200000000000004,456774636701154.562500
-0.17657999999999996,0.0228,0.058,456774636701154.562500
-0.17656999999999995,0.022000000000000002,0.055600000000000004,456774636701154.562500
-0.17656,0.022000000000000002,0.0572,456774636701154.562500
-0.17654999999999998,0.0212,0.056400000000000006,456774636701154.562500
-0.17653999999999997,0.0228,0.058,456774636701154.562500
-0.17652999999999996,0.022000000000000002,0.056400000000000006,456774636701154.562500
-0.17651999999999995,0.0228,0.0572,456774636701154.562500
-0.17651,0.0212,0.0548,456774636701154.562500
-0.1765,0.0228,0.056400000000000006,456774636701154.562500
-0.17648999999999998,0.0196,0.056400000000000006,456774636701154.562500
-0.17647999999999997,0.0204,0.058,456774636701154.562500
-0.17646999999999996,0.0212,0.0548,456774636701154.562500
-0.17645999999999995,0.0204,0.055600000000000004,456774636701154.562500
-0.17645,0.022000000000000002,0.0548,456774636701154.562500
-0.17643999999999999,0.022000000000000002,0.0572,456774636701154.562500
-0.17642999999999998,0.0236,0.055600000000000004,456774636701154.562500
-0.17641999999999997,0.0244,0.056400000000000006,456774636701154.562500
-0.17640999999999996,0.0244,0.0572,456774636701154.562500
-0.1764,0.0236,0.0516,456774636701154.562500
-0.17639,0.0244,0.0516,456774636701154.562500
-0.17637999999999998,0.0244,0.05,456774636701154.562500
-0.17636999999999997,0.0236,0.0548,456774636701154.562500
-0.17635999999999996,0.0244,0.056400000000000006,456774636701154.562500
-0.17634999999999995,0.022000000000000002,0.050800000000000005,456774636701154.562500
-0.17634,0.0236,0.0548,456774636701154.562500
-0.17633,0.022000000000000002,0.055600000000000004,456774636701154.562500
-0.17631999999999998,0.0236,0.055600000000000004,456774636701154.562500
-0.17630999999999997,0.0244,0.0572,456774636701154.562500
-0.17629999999999996,0.0236,0.0572,456774636701154.562500
-0.17628999999999995,0.0172,0.055600000000000004,456774636701154.562500
-0.17628,0.022000000000000002,0.056400000000000006,456774636701154.562500
-0.17626999999999998,0.0236,0.055600000000000004,456774636701154.562500
-0.17625999999999997,0.0236,0.0572,456774636701154.562500
-0.17624999999999996,0.022000000000000002,0.055600000000000004,456774636701154.562500
-0.17623999999999995,0.0228,0.0572,456774636701154.562500
-0.17623,0.0212,0.055600000000000004,456774636701154.562500
-0.17622,0.022000000000000002,0.0572,456774636701154.562500
-0.17620999999999998,0.0236,0.056400000000000006,456774636701154.562500
-0.17619999999999997,0.022000000000000002,0.056400000000000006,456774636701154.562500
-0.17618999999999996,0.0228,0.055600000000000004,456774636701154.562500
-0.17617999999999995,0.0212,0.058,456774636701154.562500
-0.17617,0.022000000000000002,0.0572,456774636701154.562500
-0.17615999999999998,0.0172,0.05,456774636701154.562500
-0.17614999999999997,0.0212,0.054,456774636701154.562500
-0.17613999999999996,0.0228,0.056400000000000006,456774636701154.562500
-0.17612999999999995,0.0244,0.056400000000000006,456774636701154.562500
-0.17612,0.0236,0.054,456774636701154.562500
-0.17611,0.0228,0.056400000000000006,456774636701154.562500
-0.17609999999999998,0.0228,0.0524,456774636701154.562500
-0.17608999999999997,0.0212,0.048400000000000006,456774636701154.562500
-0.17607999999999996,0.0236,0.0524,456774636701154.562500
-0.17606999999999995,0.022000000000000002,0.042,456774636701154.562500
-0.17606,0.0252,0.0476,456774636701154.562500
-0.17604999999999998,0.0172,0.0412,456774636701154.562500
-0.17603999999999997,0.0236,0.0436,456774636701154.562500
-0.17602999999999996,0.022000000000000002,0.0476,456774636701154.562500
-0.17601999999999995,0.022000000000000002,0.0548,456774636701154.562500
-0.17601,0.0228,0.0524,456774636701154.562500
-0.176,0.022000000000000002,0.055600000000000004,456774636701154.562500
-0.17598999999999998,0.0236,0.056400000000000006,456774636701154.562500
-0.17597999999999997,0.0244,0.054,456774636701154.562500
-0.17596999999999996,0.0244,0.0572,456774636701154.562500
-0.17595999999999995,0.0228,0.056400000000000006,456774636701154.562500
-0.17595,0.0204,0.056400000000000006,456774636701154.562500
-0.17593999999999999,0.0244,0.053200000000000004,456774636701154.562500
-0.17592999999999998,0.0236,0.058,456774636701154.562500
-0.17591999999999997,0.0212,0.0572,456774636701154.562500
-0.17590999999999996,0.022000000000000002,0.0548,456774636701154.562500
-0.1759,0.0212,0.056400000000000006,456774636701154.562500
-0.17589,0.022000000000000002,0.054,456774636701154.562500
-0.17587999999999998,0.022000000000000002,0.055600000000000004,456774636701154.562500
-0.17586999999999997,0.0228,0.056400000000000006,456774636701154.562500
-0.17585999999999996,0.022000000000000002,0.0524,456774636701154.562500
-0.17584999999999995,0.0236,0.056400000000000006,456774636701154.562500
-0.17584,0.022000000000000002,0.053200000000000004,456774636701154.562500
-0.17583,0.0228,0.048400000000000006,456774636701154.562500
-0.17581999999999998,0.0228,0.053200000000000004,456774636701154.562500
-0.17580999999999997,0.022000000000000002,0.055600000000000004,456774636701154.562500
-0.17579999999999996,0.0244,0.056400000000000006,456774636701154.562500
-0.17578999999999995,0.022000000000000002,0.056400000000000006,456774636701154.562500
-0.17578,0.0244,0.0548,456774636701154.562500
-0.17576999999999998,0.022000000000000002,0.054,456774636701154.562500
-0.17575999999999997,0.0244,0.0548,456774636701154.562500
-0.17574999999999996,0.0244,0.054,456774636701154.562500
-0.17573999999999995,0.0236,0.058,456774636701154.562500
-0.17573,0.0228,0.0548,456774636701154.562500
-0.17572,0.0236,0.050800000000000005,456774636701154.562500
-0.17570999999999998,0.022000000000000002,0.053200000000000004,456774636701154.562500
-0.17569999999999997,0.0228,0.0436,456774636701154.562500
-0.17568999999999996,0.0236,0.055600000000000004,456774636701154.562500
-0.17567999999999995,0.0228,0.056400000000000006,456774636701154.562500
-0.17567,0.022000000000000002,0.0572,456774636701154.562500
-0.17565999999999998,0.0236,0.055600000000000004,456774636701154.562500
-0.17564999999999997,0.0212,0.054,456774636701154.562500
-0.17563999999999996,0.0228,0.056400000000000006,456774636701154.562500
-0.17562999999999995,0.0212,0.055600000000000004,456774636701154.562500
-0.17562,0.0236,0.056400000000000006,456774636701154.562500
-0.17561,0.0196,0.056400000000000006,456774636701154.562500
-0.17559999999999998,0.0204,0.055600000000000004,456774636701154.562500
-0.17558999999999997,0.0196,0.054,456774636701154.562500
-0.17557999999999996,0.022000000000000002,0.054,456774636701154.562500
-0.17556999999999995,0.0228,0.055600000000000004,456774636701154.562500
-0.17556,0.0228,0.0572,456774636701154.562500
-0.17554999999999998,0.0236,0.055600000000000004,456774636701154.562500
-0.17553999999999997,0.022000000000000002,0.055600000000000004,456774636701154.562500
-0.17552999999999996,0.0228,0.054,456774636701154.562500
-0.17551999999999995,0.0228,0.054,456774636701154.562500
-0.17551,0.0244,0.056400000000000006,456774636701154.562500
-0.1755,0.0228,0.056400000000000006,456774636701154.562500
-0.17548999999999998,0.022000000000000002,0.058,456774636701154.562500
-0.17547999999999997,0.0228,0.055600000000000004,456774636701154.562500
-0.17546999999999996,0.0252,0.0572,456774636701154.562500
-0.17545999999999995,0.0252,0.055600000000000004,456774636701154.562500
-0.17545,0.0244,0.058,456774636701154.562500
-0.17543999999999998,0.0212,0.055600000000000004,456774636701154.562500
-0.17542999999999997,0.0244,0.055600000000000004,456774636701154.562500
-0.17541999999999996,0.0236,0.0516,456774636701154.562500
-0.17540999999999995,0.022000000000000002,0.053200000000000004,456774636701154.562500
-0.1754,0.0196,0.0548,456774636701154.562500
-0.17539,0.0236,0.056400000000000006,456774636701154.562500
-0.17537999999999998,0.0236,0.054,456774636701154.562500
-0.17536999999999997,0.0244,0.0548,456774636701154.562500
-0.17535999999999996,0.0228,0.055600000000000004,456774636701154.562500
-0.17534999999999995,0.0236,0.0548,456774636701154.562500
-0.17534,0.0212,0.054,456774636701154.562500
-0.17532999999999999,0.022000000000000002,0.054,456774636701154.562500
-0.17531999999999998,0.0204,0.056400000000000006,456774636701154.562500
-0.17530999999999997,0.022000000000000002,0.056400000000000006,456774636701154.562500
-0.17529999999999996,0.0204,0.056400000000000006,456774636701154.562500
-0.17528999999999995,0.0212,0.0572,456774636701154.562500
-0.17528,0.0196,0.055600000000000004,456774636701154.562500
-0.17526999999999998,0.022000000000000002,0.058,456774636701154.562500
-0.17525999999999997,0.0204,0.053200000000000004,456774636701154.562500
-0.17524999999999996,0.0204,0.056400000000000006,456774636701154.562500
-0.17523999999999995,0.0212,0.0524,456774636701154.562500
-0.17523,0.0228,0.058,456774636701154.562500
-0.17522,0.022000000000000002,0.045200000000000004,456774636701154.562500
-0.17520999999999998,0.0212,0.055600000000000004,456774636701154.562500
-0.17519999999999997,0.0228,0.0572,456774636701154.562500
-0.17518999999999996,0.0236,0.056400000000000006,456774636701154.562500
-0.17517999999999995,0.0244,0.0572,456774636701154.562500
-0.17517,0.0244,0.056400000000000006,456774636701154.562500
-0.17515999999999998,0.0236,0.056400000000000006,456774636701154.562500
-0.17514999999999997,0.0252,0.058,456774636701154.562500
-0.17513999999999996,0.0236,0.0548,456774636701154.562500
-0.17512999999999995,0.026000000000000002,0.0572,456774636701154.562500
-0.17512,0.0236,0.055600000000000004,456774636701154.562500
-0.17511,0.0212,0.0572,456774636701154.562500
-0.17509999999999998,0.0228,0.0572,456774636701154.562500
-0.17508999999999997,0.0204,0.0516,456774636701154.562500
-0.17507999999999996,0.022000000000000002,0.056400000000000006,456774636701154.562500
-0.17506999999999995,0.0236,0.0548,456774636701154.562500
-0.17506,0.022000000000000002,0.053200000000000004,456774636701154.562500
-0.17504999999999998,0.0228,0.0492,456774636701154.562500
-0.17503999999999997,0.0252,0.054,456774636701154.562500
-0.17502999999999996,0.0244,0.056400000000000006,456774636701154.562500
-0.17501999999999995,0.0228,0.055600000000000004,456774636701154.562500
-0.17501,0.0212,0.055600000000000004,456774636701154.562500
-0.175,0.0212,0.053200000000000004,456774636701154.562500
-0.17498999999999998,0.0196,0.0524,456774636701154.562500
-0.17497999999999997,0.022000000000000002,0.0548,456774636701154.562500
-0.17496999999999996,0.0204,0.058,456774636701154.562500
-0.17495999999999995,0.0196,0.056400000000000006,456774636701154.562500
-0.17495,0.0212,0.056400000000000006,456774636701154.562500
-0.17493999999999998,0.0196,0.055600000000000004,456774636701154.562500
-0.17492999999999997,0.022000000000000002,0.056400000000000006,456774636701154.562500
-0.17491999999999996,0.022000000000000002,0.0572,456774636701154.562500
-0.17490999999999995,0.0236,0.0572,456774636701154.562500
-0.1749,0.0212,0.056400000000000006,456774636701154.562500
-0.17489,0.0244,0.0572,456774636701154.562500
-0.17487999999999998,0.0212,0.055600000000000004,456774636701154.562500
-0.17486999999999997,0.0228,0.054,456774636701154.562500
-0.17485999999999996,0.0244,0.055600000000000004,456774636701154.562500
-0.17484999999999995,0.0252,0.0524,456774636701154.562500
-0.17484,0.0244,0.058,456774636701154.562500
-0.17482999999999999,0.0228,0.0572,456774636701154.562500
-0.17481999999999998,0.0236,0.056400000000000006,456774636701154.562500
-0.17480999999999997,0.0236,0.056400000000000006,456774636701154.562500
-0.17479999999999996,0.0236,0.058,456774636701154.562500
-0.17479,0.0244,0.0548,456774636701154.562500
-0.17478,0.022000000000000002,0.056400000000000006,456774636701154.562500
-0.17476999999999998,0.0228,0.054,456774636701154.562500
-0.17475999999999997,0.0212,0.0524,456774636701154.562500
-0.17474999999999996,0.0236,0.0516,456774636701154.562500
-0.17473999999999995,0.0236,0.0548,456774636701154.562500
-0.17473,0.022000000000000002,0.0572,456774636701154.562500
-0.17472,0.0228,0.0572,456774636701154.562500
-0.17470999999999998,0.022000000000000002,0.056400000000000006,456774636701154.562500
-0.17469999999999997,0.0196,0.0524,456774636701154.562500
-0.17468999999999996,0.0212,0.055600000000000004,456774636701154.562500
-0.17467999999999995,0.022000000000000002,0.056400000000000006,456774636701154.562500
-0.17467,0.022000000000000002,0.056400000000000006,456774636701154.562500
-0.17465999999999998,0.0196,0.050800000000000005,456774636701154.562500
-0.17464999999999997,0.0236,0.042,456774636701154.562500
-0.17463999999999996,0.0236,0.050800000000000005,456774636701154.562500
-0.17462999999999995,0.0228,0.0524,456774636701154.562500
-0.17462,0.0236,0.054,456774636701154.562500
-0.17461,0.0228,0.056400000000000006,456774636701154.562500
-0.17459999999999998,0.0236,0.056400000000000006,456774636701154.562500
-0.17458999999999997,0.0236,0.0548,456774636701154.562500
-0.17457999999999996,0.0236,0.0548,456774636701154.562500
-0.17456999999999995,0.0252,0.055600000000000004,456774636701154.562500
-0.17456,0.0236,0.055600000000000004,456774636701154.562500
-0.17454999999999998,0.022000000000000002,0.056400000000000006,456774636701154.562500
-0.17453999999999997,0.0244,0.0524,456774636701154.562500
-0.17452999999999996,0.0244,0.054,456774636701154.562500
-0.17451999999999995,0.026000000000000002,0.053200000000000004,456774636701154.562500
-0.17451,0.0244,0.0572,456774636701154.562500
-0.1745,0.0236,0.056400000000000006,456774636701154.562500
-0.17448999999999998,0.0244,0.053200000000000004,456774636701154.562500
-0.17447999999999997,0.0228,0.056400000000000006,456774636701154.562500
-0.17446999999999996,0.0236,0.0548,456774636701154.562500
-0.17445999999999995,0.0236,0.0572,456774636701154.562500
-0.17445,0.022000000000000002,0.055600000000000004,456774636701154.562500
-0.17443999999999998,0.022000000000000002,0.0548,456774636701154.562500
-0.17442999999999997,0.0212,0.0572,456774636701154.562500
-0.17441999999999996,0.0204,0.055600000000000004,456774636701154.562500
-0.17440999999999995,0.0228,0.055600000000000004,456774636701154.562500
-0.1744,0.0204,0.053200000000000004,456774636701154.562500
-0.17439,0.022000000000000002,0.0492,456774636701154.562500
-0.17437999999999998,0.0228,0.056400000000000006,456774636701154.562500
-0.17436999999999997,0.0212,0.0492,456774636701154.562500
-0.17435999999999996,0.0228,0.0572,456774636701154.562500
-0.17434999999999995,0.022000000000000002,0.055600000000000004,456774636701154.562500
-0.17434,0.022000000000000002,0.055600000000000004,456774636701154.562500
-0.17432999999999998,0.022000000000000002,0.058,456774636701154.562500
-0.17431999999999997,0.022000000000000002,0.056400000000000006,456774636701154.562500
-0.17430999999999996,0.0212,0.055600000000000004,456774636701154.562500
-0.17429999999999995,0.0204,0.055600000000000004,456774636701154.562500
-0.17429,0.0228,0.056400000000000006,456774636701154.562500
-0.17428,0.0228,0.0524,456774636701154.562500
-0.17426999999999998,0.0228,0.0548,456774636701154.562500
-0.17425999999999997,0.0228,0.055600000000000004,456774636701154.562500
-0.17424999999999996,0.022000000000000002,0.0572,456774636701154.562500
-0.17423999999999995,0.0244,0.055600000000000004,456774636701154.562500
-0.17423,0.0252,0.055600000000000004,456774636701154.562500
-0.17421999999999999,0.0244,0.058,456774636701154.562500
-0.17420999999999998,0.0252,0.056400000000000006,456774636701154.562500
-0.17419999999999997,0.022000000000000002,0.0548,456774636701154.562500
-0.17418999999999996,0.0228,0.0524,456774636701154.562500
-0.17417999999999995,0.0236,0.058,456774636701154.562500
-0.17417,0.0252,0.056400000000000006,456774636701154.562500
-0.17415999999999998,0.0228,0.053200000000000004,456774636701154.562500
-0.17414999999999997,0.0236,0.054,456774636701154.562500
-0.17413999999999996,0.022000000000000002,0.0492,456774636701154.562500
-0.17412999999999995,0.0228,0.0516,456774636701154.562500
-0.17412,0.0236,0.054,456774636701154.562500
-0.17411,0.022000000000000002,0.056400000000000006,456774636701154.562500
-0.17409999999999998,0.022000000000000002,0.056400000000000006,456774636701154.562500
-0.17408999999999997,0.022000000000000002,0.0572,456774636701154.562500
-0.17407999999999996,0.022000000000000002,0.056400000000000006,456774636701154.562500
-0.17406999999999995,0.0204,0.055600000000000004,456774636701154.562500
-0.17406,0.0236,0.055600000000000004,456774636701154.562500
-0.17404999999999998,0.0228,0.056400000000000006,456774636701154.562500
-0.17403999999999997,0.022000000000000002,0.055600000000000004,456774636701154.562500
-0.17402999999999996,0.0204,0.0548,456774636701154.562500
-0.17401999999999995,0.0196,0.055600000000000004,456774636701154.562500
-0.17401,0.0212,0.055600000000000004,456774636701154.562500
-0.174,0.0236,0.056400000000000006,456774636701154.562500
-0.17398999999999998,0.022000000000000002,0.0548,456774636701154.562500
-0.17397999999999997,0.0236,0.054,456774636701154.562500
-0.17396999999999996,0.0236,0.056400000000000006,456774636701154.562500
-0.17395999999999995,0.0244,0.058,456774636701154.562500
-0.17395,0.0236,0.055600000000000004,456774636701154.562500
-0.17393999999999998,0.0228,0.0572,456774636701154.562500
-0.17392999999999997,0.0204,0.055600000000000004,456774636701154.562500
-0.17391999999999996,0.0212,0.0548,456774636701154.562500
-0.17390999999999995,0.0244,0.055600000000000004,456774636701154.562500
-0.1739,0.0252,0.0572,456774636701154.562500
-0.17389,0.0236,0.058,456774636701154.562500
-0.17387999999999998,0.022000000000000002,0.0548,456774636701154.562500
-0.17386999999999997,0.0236,0.0572,456774636701154.562500
-0.17385999999999996,0.0236,0.0444,456774636701154.562500
-0.17384999999999995,0.0236,0.055600000000000004,456774636701154.562500
-0.17384,0.018000000000000002,0.056400000000000006,456774636701154.562500
-0.17382999999999998,0.0212,0.0492,456774636701154.562500
-0.17381999999999997,0.0196,0.0572,456774636701154.562500
-0.17380999999999996,0.0228,0.0412,456774636701154.562500
-0.17379999999999995,0.0204,0.0524,456774636701154.562500
-0.17379,0.0236,0.056400000000000006,456774636701154.562500
-0.17378,0.0212,0.056400000000000006,456774636701154.562500
-0.17376999999999998,0.022000000000000002,0.056400000000000006,456774636701154.562500
-0.17375999999999997,0.022000000000000002,0.055600000000000004,456774636701154.562500
-0.17374999999999996,0.022000000000000002,0.055600000000000004,456774636701154.562500
-0.17373999999999995,0.0236,0.0524,456774636701154.562500
-0.17373,0.0244,0.056400000000000006,456774636701154.562500
-0.17371999999999999,0.0212,0.055600000000000004,456774636701154.562500
-0.17370999999999998,0.022000000000000002,0.056400000000000006,456774636701154.562500
-0.17369999999999997,0.0228,0.048400000000000006,456774636701154.562500
-0.17368999999999996,0.022000000000000002,0.054,456774636701154.562500
-0.17368,0.0228,0.0548,456774636701154.562500
-0.17367,0.0236,0.053200000000000004,456774636701154.562500
-0.17365999999999998,0.0228,0.056400000000000006,456774636701154.562500
-0.17364999999999997,0.0244,0.0572,456774636701154.562500
-0.17363999999999996,0.0228,0.055600000000000004,456774636701154.562500
-0.17362999999999995,0.0228,0.0548,456774636701154.562500
-0.17362,0.0244,0.0548,456774636701154.562500
-0.17361,0.0228,0.056400000000000006,456774636701154.562500
-0.17359999999999998,0.0236,0.0572,456774636701154.562500
-0.17358999999999997,0.0212,0.058,456774636701154.562500
-0.17357999999999996,0.0236,0.055600000000000004,456774636701154.562500
-0.17356999999999995,0.0244,0.055600000000000004,456774636701154.562500
-0.17356,0.022000000000000002,0.058,456774636701154.562500
-0.17354999999999998,0.0212,0.056400000000000006,456774636701154.562500
-0.17353999999999997,0.018000000000000002,0.0492,456774636701154.562500
-0.17352999999999996,0.0204,0.056400000000000006,456774636701154.562500
-0.17351999999999995,0.0228,0.053200000000000004,456774636701154.562500
-0.17351,0.022000000000000002,0.0548,456774636701154.562500
-0.1735,0.0228,0.053200000000000004,456774636701154.562500
-0.17348999999999998,0.0228,0.054,456774636701154.562500
-0.17347999999999997,0.0148,0.045200000000000004,456774636701154.562500
-0.17346999999999996,0.0228,0.055600000000000004,456774636701154.562500
-0.17345999999999995,0.018000000000000002,0.055600000000000004,456774636701154.562500
-0.17345,0.0236,0.058,456774636701154.562500
-0.17343999999999998,0.0196,0.050800000000000005,456774636701154.562500
-0.17342999999999997,0.022000000000000002,0.0516,456774636701154.562500
-0.17341999999999996,0.022000000000000002,0.054,456774636701154.562500
-0.17340999999999995,0.022000000000000002,0.0524,456774636701154.562500
-0.1734,0.0252,0.054,456774636701154.562500
-0.17339,0.0228,0.050800000000000005,456774636701154.562500
-0.17337999999999998,0.0244,0.046,456774636701154.562500
-0.17336999999999997,0.0212,0.054,456774636701154.562500
-0.17335999999999996,0.022000000000000002,0.055600000000000004,456774636701154.562500
-0.17334999999999995,0.0236,0.056400000000000006,456774636701154.562500
-0.17334,0.026000000000000002,0.056400000000000006,456774636701154.562500
-0.17332999999999998,0.0212,0.055600000000000004,456774636701154.562500
-0.17331999999999997,0.0244,0.055600000000000004,456774636701154.562500
-0.17330999999999996,0.0204,0.053200000000000004,456774636701154.562500
-0.17329999999999995,0.0244,0.055600000000000004,456774636701154.562500
-0.17329,0.0252,0.055600000000000004,456774636701154.562500
-0.17328,0.0236,0.054,456774636701154.562500
-0.17326999999999998,0.0236,0.0548,456774636701154.562500
-0.17325999999999997,0.0236,0.0524,456774636701154.562500
-0.17324999999999996,0.0236,0.054,456774636701154.562500
-0.17323999999999995,0.022000000000000002,0.0548,456774636701154.562500
-0.17323,0.022000000000000002,0.0548,456774636701154.562500
-0.17321999999999999,0.0236,0.0548,456774636701154.562500
-0.17320999999999998,0.0228,0.055600000000000004,456774636701154.562500
-0.17319999999999997,0.022000000000000002,0.055600000000000004,456774636701154.562500
-0.17318999999999996,0.0236,0.056400000000000006,456774636701154.562500
-0.17318,0.022000000000000002,0.055600000000000004,456774636701154.562500
-0.17317,0.0204,0.058,456774636701154.562500
-0.17315999999999998,0.0228,0.055600000000000004,456774636701154.562500
-0.17314999999999997,0.022000000000000002,0.055600000000000004,456774636701154.562500
-0.17313999999999996,0.0212,0.0492,456774636701154.562500
-0.17312999999999995,0.022000000000000002,0.055600000000000004,456774636701154.562500
-0.17312,0.0228,0.0524,456774636701154.562500
-0.17310999999999999,0.0236,0.055600000000000004,456774636701154.562500
-0.17309999999999998,0.0228,0.055600000000000004,456774636701154.562500
-0.17308999999999997,0.022000000000000002,0.050800000000000005,456774636701154.562500
-0.17307999999999996,0.0228,0.056400000000000006,456774636701154.562500
-0.17306999999999995,0.0244,0.055600000000000004,456774636701154.562500
-0.17306,0.0204,0.0572,456774636701154.562500
-0.17304999999999998,0.0244,0.055600000000000004,456774636701154.562500
-0.17303999999999997,0.0212,0.0572,456774636701154.562500
-0.17302999999999996,0.0236,0.0548,456774636701154.562500
-0.17301999999999995,0.0236,0.055600000000000004,456774636701154.562500
-0.17301,0.0244,0.055600000000000004,456774636701154.562500
-0.173,0.0244,0.056400000000000006,456774636701154.562500
-0.17298999999999998,0.0244,0.0548,456774636701154.562500
-0.17297999999999997,0.0236,0.0572,456774636701154.562500
-0.17296999999999996,0.0228,0.054,456774636701154.562500
-0.17295999999999995,0.0244,0.0476,456774636701154.562500
-0.17295,0.022000000000000002,0.055600000000000004,456774636701154.562500
-0.17293999999999998,0.0252,0.056400000000000006,456774636701154.562500
-0.17292999999999997,0.0204,0.055600000000000004,456774636701154.562500
-0.17291999999999996,0.0196,0.0572,456774636701154.562500
-0.17290999999999995,0.022000000000000002,0.056400000000000006,456774636701154.562500
-0.1729,0.0228,0.055600000000000004,456774636701154.562500
-0.17289,0.0204,0.058800000000000005,456774636701154.562500
-0.17287999999999998,0.0228,0.055600000000000004,456774636701154.562500
-0.17286999999999997,0.0212,0.0572,456774636701154.562500
-0.17285999999999996,0.022000000000000002,0.050800000000000005,456774636701154.562500
-0.17284999999999995,0.022000000000000002,0.056400000000000006,456774636701154.562500
-0.17284,0.0188,0.056400000000000006,456774636701154.562500
-0.17282999999999998,0.022000000000000002,0.055600000000000004,456774636701154.562500
-0.17281999999999997,0.022000000000000002,0.0548,456774636701154.562500
-0.17280999999999996,0.0212,0.0548,456774636701154.562500
-0.17279999999999995,0.0188,0.0516,456774636701154.562500
-0.17279,0.0204,0.054,456774636701154.562500
-0.17278,0.0212,0.055600000000000004,456774636701154.562500
-0.17276999999999998,0.022000000000000002,0.055600000000000004,456774636701154.562500
-0.17275999999999997,0.0244,0.058,456774636701154.562500
-0.17274999999999996,0.0228,0.0548,456774636701154.562500
-0.17273999999999995,0.0244,0.058,456774636701154.562500
-0.17273,0.0244,0.05,456774636701154.562500
-0.17271999999999998,0.0236,0.055600000000000004,456774636701154.562500
-0.17270999999999997,0.0252,0.0548,456774636701154.562500
-0.17269999999999996,0.0244,0.0516,456774636701154.562500
-0.17268999999999995,0.022000000000000002,0.0524,456774636701154.562500
-0.17268,0.0244,0.0572,456774636701154.562500
-0.17267,0.0212,0.0524,456774636701154.562500
-0.17265999999999998,0.0236,0.045200000000000004,456774636701154.562500
-0.17264999999999997,0.022000000000000002,0.0524,456774636701154.562500
-0.17263999999999996,0.0236,0.050800000000000005,456774636701154.562500
-0.17262999999999995,0.0212,0.056400000000000006,456774636701154.562500
-0.17262,0.0228,0.0572,456774636701154.562500
-0.17260999999999999,0.022000000000000002,0.0572,456774636701154.562500
-0.17259999999999998,0.0204,0.055600000000000004,456774636701154.562500
-0.17258999999999997,0.0212,0.055600000000000004,456774636701154.562500
-0.17257999999999996,0.0212,0.0548,456774636701154.562500
-0.17256999999999995,0.0228,0.056400000000000006,456774636701154.562500
-0.17256,0.0204,0.0524,456774636701154.562500
-0.17254999999999998,0.0188,0.056400000000000006,456774636701154.562500
-0.17253999999999997,0.0212,0.054,456774636701154.562500
-0.17252999999999996,0.0204,0.054,456774636701154.562500
-0.17251999999999995,0.0228,0.056400000000000006,456774636701154.562500
-0.17251,0.0228,0.056400000000000006,456774636701154.562500
-0.1725,0.0228,0.0572,456774636701154.562500
-0.17248999999999998,0.0228,0.0548,456774636701154.562500
-0.17247999999999997,0.0236,0.0492,456774636701154.562500
-0.17246999999999996,0.0212,0.053200000000000004,456774636701154.562500
-0.17245999999999995,0.0228,0.053200000000000004,456774636701154.562500
-0.17245,0.0236,0.056400000000000006,456774636701154.562500
-0.17243999999999998,0.0236,0.056400000000000006,456774636701154.562500
-0.17242999999999997,0.0244,0.0548,456774636701154.562500
-0.17241999999999996,0.0252,0.056400000000000006,456774636701154.562500
-0.17240999999999995,0.0236,0.058,456774636701154.562500
-0.1724,0.026000000000000002,0.0548,456774636701154.562500
-0.17239,0.0236,0.056400000000000006,456774636701154.562500
-0.17237999999999998,0.0244,0.055600000000000004,456774636701154.562500
-0.17236999999999997,0.0228,0.0572,456774636701154.562500
-0.17235999999999996,0.0236,0.0572,456774636701154.562500
-0.17234999999999995,0.0244,0.056400000000000006,456774636701154.562500
-0.17234,0.0228,0.0516,456774636701154.562500
-0.17232999999999998,0.0244,0.056400000000000006,456774636701154.562500
-0.17231999999999997,0.0228,0.056400000000000006,456774636701154.562500
-0.17230999999999996,0.022000000000000002,0.054,456774636701154.562500
-0.17229999999999995,0.0236,0.056400000000000006,456774636701154.562500
-0.17229,0.0228,0.0572,456774636701154.562500
-0.17228,0.022000000000000002,0.0548,456774636701154.562500
-0.17226999999999998,0.0236,0.0476,456774636701154.562500
-0.17225999999999997,0.0196,0.054,456774636701154.562500
-0.17224999999999996,0.0212,0.054,456774636701154.562500
-0.17223999999999995,0.022000000000000002,0.056400000000000006,456774636701154.562500
-0.17223,0.0228,0.0572,456774636701154.562500
-0.17221999999999998,0.0228,0.056400000000000006,456774636701154.562500
-0.17220999999999997,0.0228,0.055600000000000004,456774636701154.562500
-0.17219999999999996,0.0228,0.058,456774636701154.562500
-0.17218999999999995,0.0196,0.056400000000000006,456774636701154.562500
-0.17218,0.0236,0.056400000000000006,456774636701154.562500
-0.17217,0.0228,0.056400000000000006,456774636701154.562500
-0.17215999999999998,0.0236,0.055600000000000004,456774636701154.562500
-0.17214999999999997,0.0204,0.055600000000000004,456774636701154.562500
-0.17213999999999996,0.0228,0.055600000000000004,456774636701154.562500
-0.17212999999999995,0.022000000000000002,0.056400000000000006,456774636701154.562500
-0.17212,0.0204,0.058,456774636701154.562500
-0.17210999999999999,0.0196,0.056400000000000006,456774636701154.562500
-0.17209999999999998,0.022000000000000002,0.0516,456774636701154.562500
-0.17208999999999997,0.0244,0.0516,456774636701154.562500
-0.17207999999999996,0.0228,0.058,456774636701154.562500
-0.17207,0.0244,0.058800000000000005,456774636701154.562500
-0.17206,0.0228,0.056400000000000006,456774636701154.562500
-0.17204999999999998,0.022000000000000002,0.055600000000000004,456774636701154.562500
-0.17203999999999997,0.0236,0.058,456774636701154.562500
-0.17202999999999996,0.0236,0.0548,456774636701154.562500
-0.17201999999999995,0.0252,0.056400000000000006,456774636701154.562500
-0.17201,0.0236,0.055600000000000004,456774636701154.562500
-0.172,0.0228,0.0492,456774636701154.562500
-0.17198999999999998,0.0204,0.056400000000000006,456774636701154.562500
-0.17197999999999997,0.0172,0.050800000000000005,456774636701154.562500
-0.17196999999999996,0.0236,0.055600000000000004,456774636701154.562500
-0.17195999999999995,0.018000000000000002,0.056400000000000006,456774636701154.562500
-0.17195,0.022000000000000002,0.055600000000000004,456774636701154.562500
-0.17193999999999998,0.0204,0.0548,456774636701154.562500
-0.17192999999999997,0.022000000000000002,0.058800000000000005,456774636701154.562500
-0.17191999999999996,0.0212,0.0572,456774636701154.562500
-0.17190999999999995,0.0228,0.055600000000000004,456774636701154.562500
-0.1719,0.018000000000000002,0.055600000000000004,456774636701154.562500
-0.17189,0.0236,0.0548,456774636701154.562500
-0.17187999999999998,0.012400000000000001,0.056400000000000006,456774636701154.562500
-0.17186999999999997,0.0228,0.055600000000000004,456774636701154.562500
-0.17185999999999996,0.0196,0.056400000000000006,456774636701154.562500
-0.17184999999999995,0.022000000000000002,0.055600000000000004,456774636701154.562500
-0.17184,0.0212,0.056400000000000006,456774636701154.562500
-0.17182999999999998,0.0228,0.058,456774636701154.562500
-0.17181999999999997,0.0244,0.056400000000000006,456774636701154.562500
-0.17180999999999996,0.0172,0.056400000000000006,456774636701154.562500
-0.17179999999999995,0.0244,0.056400000000000006,456774636701154.562500
-0.17179,0.0212,0.056400000000000006,456774636701154.562500
-0.17178,0.0244,0.0572,456774636701154.562500
-0.17176999999999998,0.0212,0.055600000000000004,456774636701154.562500
-0.17175999999999997,0.0236,0.055600000000000004,456774636701154.562500
-0.17174999999999996,0.0228,0.0572,456774636701154.562500
-0.17173999999999995,0.022000000000000002,0.050800000000000005,456774636701154.562500
-0.17173,0.0228,0.058,456774636701154.562500
-0.17171999999999998,0.0244,0.0516,456774636701154.562500
-0.17170999999999997,0.0188,0.055600000000000004,456774636701154.562500
-0.17169999999999996,0.022000000000000002,0.056400000000000006,456774636701154.562500
-0.17168999999999995,0.0204,0.058,456774636701154.562500
-0.17168,0.018000000000000002,0.056400000000000006,456774636701154.562500
-0.17167,0.022000000000000002,0.0596,456774636701154.562500
-0.17165999999999998,0.022000000000000002,0.056400000000000006,456774636701154.562500
-0.17164999999999997,0.022000000000000002,0.0572,456774636701154.562500
-0.17163999999999996,0.0236,0.0516,456774636701154.562500
-0.17162999999999995,0.022000000000000002,0.056400000000000006,456774636701154.562500
-0.17162,0.0212,0.055600000000000004,456774636701154.562500
-0.17160999999999998,0.0204,0.056400000000000006,456774636701154.562500
-0.17159999999999997,0.0228,0.055600000000000004,456774636701154.562500
-0.17158999999999996,0.0204,0.056400000000000006,456774636701154.562500
-0.17157999999999995,0.0204,0.056400000000000006,456774636701154.562500
-0.17157,0.0244,0.054,456774636701154.562500
-0.17156,0.0252,0.058,456774636701154.562500
-0.17154999999999998,0.0236,0.0572,456774636701154.562500
-0.17153999999999997,0.0228,0.055600000000000004,456774636701154.562500
-0.17152999999999996,0.0236,0.055600000000000004,456774636701154.562500
-0.17151999999999995,0.022000000000000002,0.056400000000000006,456774636701154.562500
-0.17151,0.0244,0.0548,456774636701154.562500
-0.17149999999999999,0.0228,0.056400000000000006,456774636701154.562500
-0.17148999999999998,0.0244,0.058,456774636701154.562500
-0.17147999999999997,0.0204,0.054,456774636701154.562500
-0.17146999999999996,0.0244,0.054,456774636701154.562500
-0.17145999999999995,0.0244,0.056400000000000006,456774636701154.562500
-0.17145,0.0236,0.05,456774636701154.562500
-0.17143999999999998,0.0228,0.055600000000000004,456774636701154.562500
-0.17142999999999997,0.0236,0.050800000000000005,456774636701154.562500
-0.17141999999999996,0.0228,0.0572,456774636701154.562500
-0.17140999999999995,0.0228,0.058,456774636701154.562500
-0.1714,0.0228,0.055600000000000004,456774636701154.562500
-0.17139,0.0228,0.056400000000000006,456774636701154.562500
-0.17137999999999998,0.0228,0.0516,456774636701154.562500
-0.17136999999999997,0.0228,0.055600000000000004,456774636701154.562500
-0.17135999999999996,0.0212,0.0444,456774636701154.562500
-0.17134999999999995,0.0212,0.054,456774636701154.562500
-0.17134,0.0212,0.05,456774636701154.562500
-0.17132999999999998,0.0196,0.053200000000000004,456774636701154.562500
-0.17131999999999997,0.0204,0.05,456774636701154.562500
-0.17130999999999996,0.0236,0.056400000000000006,456774636701154.562500
-0.17129999999999995,0.0204,0.0548,456774636701154.562500
-0.17129,0.0228,0.056400000000000006,456774636701154.562500
-0.17128,0.0212,0.056400000000000006,456774636701154.562500
-0.17126999999999998,0.0228,0.055600000000000004,456774636701154.562500
-0.17125999999999997,0.0236,0.0572,456774636701154.562500
-0.17124999999999996,0.0228,0.0516,456774636701154.562500
-0.17123999999999995,0.0236,0.054,456774636701154.562500
-0.17123,0.0228,0.058,456774636701154.562500
-0.17121999999999998,0.0244,0.048400000000000006,456774636701154.562500
-0.17120999999999997,0.0196,0.055600000000000004,456774636701154.562500
-0.17119999999999996,0.0236,0.056400000000000006,456774636701154.562500
-0.17118999999999995,0.0228,0.055600000000000004,456774636701154.562500
-0.17118,0.0236,0.0524,456774636701154.562500
-0.17117,0.0244,0.055600000000000004,456774636701154.562500
-0.17115999999999998,0.0244,0.0548,456774636701154.562500
-0.17114999999999997,0.0228,0.058,456774636701154.562500
-0.17113999999999996,0.0236,0.0516,456774636701154.562500
-0.17112999999999995,0.0228,0.056400000000000006,456774636701154.562500
-0.17112,0.0244,0.0516,456774636701154.562500
-0.17110999999999998,0.022000000000000002,0.055600000000000004,456774636701154.562500
-0.17109999999999997,0.0236,0.053200000000000004,456774636701154.562500
-0.17108999999999996,0.022000000000000002,0.056400000000000006,456774636701154.562500
-0.17107999999999995,0.0212,0.0572,456774636701154.562500
-0.17107,0.0228,0.0572,456774636701154.562500
-0.17106,0.0212,0.0572,456774636701154.562500
-0.17104999999999998,0.022000000000000002,0.056400000000000006,456774636701154.562500
-0.17103999999999997,0.0188,0.055600000000000004,456774636701154.562500
-0.17102999999999996,0.022000000000000002,0.0548,456774636701154.562500
-0.17101999999999995,0.022000000000000002,0.0572,456774636701154.562500
-0.17101,0.0212,0.056400000000000006,456774636701154.562500
-0.17099999999999999,0.0196,0.056400000000000006,456774636701154.562500
-0.17098999999999998,0.022000000000000002,0.056400000000000006,456774636701154.562500
-0.17097999999999997,0.0228,0.0524,456774636701154.562500
-0.17096999999999996,0.022000000000000002,0.056400000000000006,456774636701154.562500
-0.17095999999999995,0.0236,0.055600000000000004,456774636701154.562500
-0.17095,0.0236,0.056400000000000006,456774636701154.562500
-0.17093999999999998,0.022000000000000002,0.056400000000000006,456774636701154.562500
-0.17092999999999997,0.0244,0.056400000000000006,456774636701154.562500
-0.17091999999999996,0.0236,0.058,456774636701154.562500
-0.17090999999999995,0.0236,0.056400000000000006,456774636701154.562500
-0.1709,0.0244,0.0572,456774636701154.562500
-0.17089,0.0212,0.056400000000000006,456774636701154.562500
-0.17087999999999998,0.026000000000000002,0.0476,456774636701154.562500
-0.17086999999999997,0.0196,0.056400000000000006,456774636701154.562500
-0.17085999999999996,0.0252,0.0524,456774636701154.562500
-0.17084999999999995,0.0236,0.0572,456774636701154.562500
-0.17084,0.0212,0.054,456774636701154.562500
-0.17082999999999998,0.018000000000000002,0.0548,456774636701154.562500
-0.17081999999999997,0.022000000000000002,0.0524,456774636701154.562500
-0.17080999999999996,0.0236,0.045200000000000004,456774636701154.562500
-0.17079999999999995,0.0252,0.0476,456774636701154.562500
-0.17079,0.0244,0.0548,456774636701154.562500
-0.17078,0.0228,0.0548,456774636701154.562500
-0.17076999999999998,0.0228,0.0548,456774636701154.562500
-0.17075999999999997,0.022000000000000002,0.0572,456774636701154.562500
-0.17074999999999996,0.0196,0.054,456774636701154.562500
-0.17073999999999995,0.0212,0.055600000000000004,456774636701154.562500
-0.17073,0.0228,0.058,456774636701154.562500
-0.17071999999999998,0.022000000000000002,0.0516,456774636701154.562500
-0.17070999999999997,0.0236,0.0572,456774636701154.562500
-0.17069999999999996,0.0188,0.053200000000000004,456774636701154.562500
-0.17068999999999995,0.022000000000000002,0.056400000000000006,456774636701154.562500
-0.17068,0.022000000000000002,0.0572,456774636701154.562500
-0.17067,0.0244,0.0572,456774636701154.562500
-0.17065999999999998,0.0204,0.058,456774636701154.562500
-0.17064999999999997,0.0236,0.0572,456774636701154.562500
-0.17063999999999996,0.0204,0.056400000000000006,456774636701154.562500
-0.17062999999999995,0.0228,0.055600000000000004,456774636701154.562500
-0.17062,0.0228,0.056400000000000006,456774636701154.562500
-0.17060999999999998,0.0236,0.055600000000000004,456774636701154.562500
-0.17059999999999997,0.0236,0.05,456774636701154.562500
-0.17058999999999996,0.0228,0.0572,456774636701154.562500
-0.17057999999999995,0.0252,0.0476,456774636701154.562500
-0.17057,0.0244,0.0572,456774636701154.562500
-0.17056,0.0244,0.054,456774636701154.562500
-0.17054999999999998,0.0252,0.054,456774636701154.562500
-0.17053999999999997,0.0244,0.0492,456774636701154.562500
-0.17052999999999996,0.0228,0.048400000000000006,456774636701154.562500
-0.17051999999999995,0.022000000000000002,0.055600000000000004,456774636701154.562500
-0.17051,0.0236,0.0524,456774636701154.562500
-0.17049999999999998,0.0236,0.056400000000000006,456774636701154.562500
-0.17048999999999997,0.0212,0.0548,456774636701154.562500
-0.17047999999999996,0.0228,0.055600000000000004,456774636701154.562500
-0.17046999999999995,0.0228,0.0524,456774636701154.562500
-0.17046,0.022000000000000002,0.0548,456774636701154.562500
-0.17045,0.022000000000000002,0.055600000000000004,456774636701154.562500
-0.17043999999999998,0.022000000000000002,0.054,456774636701154.562500
-0.17042999999999997,0.022000000000000002,0.055600000000000004,456774636701154.562500
-0.17041999999999996,0.022000000000000002,0.0548,456774636701154.562500
-0.17040999999999995,0.0228,0.058,456774636701154.562500
-0.1704,0.022000000000000002,0.0572,456774636701154.562500
-0.17038999999999999,0.0236,0.0572,456774636701154.562500
-0.17037999999999998,0.0228,0.053200000000000004,456774636701154.562500
-0.17036999999999997,0.0228,0.0572,456774636701154.562500
-0.17035999999999996,0.022000000000000002,0.050800000000000005,456774636701154.562500
-0.17034999999999995,0.0236,0.0476,456774636701154.562500
-0.17034,0.0212,0.0516,456774636701154.562500
-0.17032999999999998,0.0244,0.058,456774636701154.562500
-0.17031999999999997,0.0228,0.0572,456774636701154.562500
-0.17030999999999996,0.022000000000000002,0.050800000000000005,456774636701154.562500
-0.17029999999999995,0.022000000000000002,0.0572,456774636701154.562500
-0.17029,0.0196,0.058800000000000005,456774636701154.562500
-0.17028,0.018000000000000002,0.054,456774636701154.562500
-0.17026999999999998,0.0212,0.0492,456774636701154.562500
-0.17025999999999997,0.022000000000000002,0.056400000000000006,456774636701154.562500
-0.17024999999999996,0.0228,0.055600000000000004,456774636701154.562500
-0.17023999999999995,0.0244,0.050800000000000005,456774636701154.562500
-0.17023,0.0252,0.056400000000000006,456774636701154.562500
-0.17021999999999998,0.0228,0.0516,456774636701154.562500
-0.17020999999999997,0.0244,0.054,456774636701154.562500
-0.17019999999999996,0.0236,0.056400000000000006,456774636701154.562500
-0.17018999999999995,0.0236,0.0572,456774636701154.562500
-0.17018,0.0228,0.058,456774636701154.562500
-0.17017,0.0228,0.055600000000000004,456774636701154.562500
-0.17015999999999998,0.0196,0.055600000000000004,456774636701154.562500
-0.17014999999999997,0.0212,0.056400000000000006,456774636701154.562500
-0.17013999999999996,0.0188,0.0516,456774636701154.562500
-0.17012999999999995,0.0204,0.054,456774636701154.562500
-0.17012,0.0204,0.056400000000000006,456774636701154.562500
-0.17010999999999998,0.022000000000000002,0.056400000000000006,456774636701154.562500
-0.17009999999999997,0.0212,0.0572,456774636701154.562500
-0.17008999999999996,0.022000000000000002,0.058,456774636701154.562500
-0.17007999999999995,0.0212,0.056400000000000006,456774636701154.562500
-0.17007,0.022000000000000002,0.055600000000000004,456774636701154.562500
-0.17006,0.022000000000000002,0.056400000000000006,456774636701154.562500
-0.17004999999999998,0.0212,0.055600000000000004,456774636701154.562500
-0.17003999999999997,0.0228,0.056400000000000006,456774636701154.562500
-0.17002999999999996,0.0236,0.0548,456774636701154.562500
-0.17001999999999995,0.0236,0.056400000000000006,456774636701154.562500
-0.17001,0.0244,0.0572,456774636701154.562500
-0.16999999999999998,0.0244,0.058,456774636701154.562500
-0.16998999999999997,0.0244,0.054,456774636701154.562500
-0.16997999999999996,0.0244,0.056400000000000006,456774636701154.562500
-0.16996999999999995,0.0228,0.055600000000000004,456774636701154.562500
-0.16996,0.0252,0.055600000000000004,456774636701154.562500
-0.16995,0.0236,0.0572,456774636701154.562500
-0.16993999999999998,0.0244,0.0572,456774636701154.562500
-0.16992999999999997,0.0236,0.055600000000000004,456774636701154.562500
-0.16991999999999996,0.022000000000000002,0.056400000000000006,456774636701154.562500
-0.16990999999999995,0.0236,0.056400000000000006,456774636701154.562500
-0.1699,0.0236,0.0548,456774636701154.562500
-0.16988999999999999,0.0236,0.0572,456774636701154.562500
-0.16987999999999998,0.022000000000000002,0.055600000000000004,456774636701154.562500
-0.16986999999999997,0.0228,0.055600000000000004,456774636701154.562500
-0.16985999999999996,0.0212,0.056400000000000006,456774636701154.562500
-0.16984999999999995,0.0236,0.054,456774636701154.562500
-0.16984,0.0212,0.0492,456774636701154.562500
-0.16982999999999998,0.0212,0.0516,456774636701154.562500
-0.16981999999999997,0.0236,0.0548,456774636701154.562500
-0.16980999999999996,0.0212,0.0524,456774636701154.562500
-0.16979999999999995,0.0236,0.056400000000000006,456774636701154.562500
-0.16979,0.0228,0.055600000000000004,456774636701154.562500
-0.16978,0.0236,0.056400000000000006,456774636701154.562500
-0.16976999999999998,0.0212,0.056400000000000006,456774636701154.562500
-0.16975999999999997,0.0204,0.056400000000000006,456774636701154.562500
-0.16974999999999996,0.0148,0.0572,456774636701154.562500
-0.16973999999999995,0.0148,0.053200000000000004,456774636701154.562500
-0.16973,0.022000000000000002,0.0524,456774636701154.562500
-0.16971999999999998,0.022000000000000002,0.045200000000000004,456774636701154.562500
-0.16970999999999997,0.0228,0.045200000000000004,456774636701154.562500
-0.16969999999999996,0.0236,0.045200000000000004,456774636701154.562500
-0.16968999999999995,0.0244,0.0468,456774636701154.562500
-0.16968,0.0244,0.050800000000000005,456774636701154.562500
-0.16967,0.0236,0.053200000000000004,456774636701154.562500
-0.16965999999999998,0.0228,0.053200000000000004,456774636701154.562500
-0.16964999999999997,0.0252,0.054,456774636701154.562500
-0.16963999999999996,0.0236,0.0516,456774636701154.562500
-0.16962999999999995,0.0236,0.055600000000000004,456774636701154.562500
-0.16962,0.022000000000000002,0.0516,456774636701154.562500
-0.16960999999999998,0.0236,0.0572,456774636701154.562500
-0.16959999999999997,0.022000000000000002,0.056400000000000006,456774636701154.562500
-0.16958999999999996,0.022000000000000002,0.058,456774636701154.562500
-0.16957999999999995,0.0188,0.055600000000000004,456774636701154.562500
-0.16957,0.022000000000000002,0.056400000000000006,456774636701154.562500
-0.16956,0.0204,0.056400000000000006,456774636701154.562500
-0.16954999999999998,0.0236,0.0572,456774636701154.562500
-0.16953999999999997,0.0204,0.0572,456774636701154.562500
-0.16952999999999996,0.0212,0.0524,456774636701154.562500
-0.16951999999999995,0.0212,0.055600000000000004,456774636701154.562500
-0.16951,0.0228,0.0524,456774636701154.562500
-0.16949999999999998,0.0204,0.050800000000000005,456774636701154.562500
-0.16948999999999997,0.0204,0.0444,456774636701154.562500
-0.16947999999999996,0.0196,0.054,456774636701154.562500
-0.16946999999999995,0.022000000000000002,0.0572,456774636701154.562500
-0.16946,0.0228,0.058,456774636701154.562500
-0.16945,0.0228,0.0572,456774636701154.562500
-0.16943999999999998,0.022000000000000002,0.0572,456774636701154.562500
-0.16942999999999997,0.0236,0.0572,456774636701154.562500
-0.16941999999999996,0.0236,0.058800000000000005,456774636701154.562500
-0.16940999999999995,0.022000000000000002,0.055600000000000004,456774636701154.562500
-0.1694,0.0236,0.0548,456774636701154.562500
-0.16938999999999999,0.0244,0.0548,456774636701154.562500
-0.16937999999999998,0.0252,0.058,456774636701154.562500
-0.16936999999999997,0.026000000000000002,0.056400000000000006,456774636701154.562500
-0.16935999999999996,0.022000000000000002,0.053200000000000004,456774636701154.562500
-0.16935,0.0252,0.058,456774636701154.562500
-0.16934,0.0244,0.055600000000000004,456774636701154.562500
-0.16932999999999998,0.022000000000000002,0.056400000000000006,456774636701154.562500
-0.16931999999999997,0.0244,0.056400000000000006,456774636701154.562500
-0.16930999999999996,0.0228,0.056400000000000006,456774636701154.562500
-0.16929999999999995,0.0236,0.058,456774636701154.562500
-0.16929,0.0236,0.056400000000000006,456774636701154.562500
-0.16927999999999999,0.0228,0.053200000000000004,456774636701154.562500
-0.16926999999999998,0.0244,0.056400000000000006,456774636701154.562500
-0.16925999999999997,0.0212,0.055600000000000004,456774636701154.562500
-0.16924999999999996,0.0236,0.0548,456774636701154.562500
-0.16923999999999995,0.022000000000000002,0.0492,456774636701154.562500
-0.16923,0.0204,0.056400000000000006,456774636701154.562500
-0.16921999999999998,0.0204,0.0572,456774636701154.562500
-0.16920999999999997,0.0188,0.056400000000000006,456774636701154.562500
-0.16919999999999996,0.022000000000000002,0.058,456774636701154.562500
-0.16918999999999995,0.0196,0.058,456774636701154.562500
-0.16918,0.0228,0.058,456774636701154.562500
-0.16917,0.0236,0.056400000000000006,456774636701154.562500
-0.16915999999999998,0.022000000000000002,0.058,456774636701154.562500
-0.16914999999999997,0.022000000000000002,0.055600000000000004,456774636701154.562500
-0.16913999999999996,0.015600000000000001,0.0572,456774636701154.562500
-0.16912999999999995,0.0188,0.0476,456774636701154.562500
-0.16912,0.0228,0.0572,456774636701154.562500
-0.16910999999999998,0.0228,0.050800000000000005,456774636701154.562500
-0.16909999999999997,0.022000000000000002,0.0548,456774636701154.562500
-0.16908999999999996,0.0228,0.056400000000000006,456774636701154.562500
-0.16907999999999995,0.0252,0.05,456774636701154.562500
-0.16907,0.0244,0.0572,456774636701154.562500
-0.16906,0.022000000000000002,0.055600000000000004,456774636701154.562500
-0.16904999999999998,0.0252,0.0572,456774636701154.562500
-0.16903999999999997,0.0244,0.0572,456774636701154.562500
-0.16902999999999996,0.0252,0.05,456774636701154.562500
-0.16901999999999995,0.0236,0.056400000000000006,456774636701154.562500
-0.16901,0.026000000000000002,0.055600000000000004,456774636701154.562500
-0.16899999999999998,0.0228,0.055600000000000004,456774636701154.562500
-0.16898999999999997,0.0236,0.056400000000000006,456774636701154.562500
-0.16897999999999996,0.0204,0.058,456774636701154.562500
-0.16896999999999995,0.0188,0.048400000000000006,456774636701154.562500
-0.16896,0.0244,0.055600000000000004,456774636701154.562500
-0.16895,0.0228,0.054,456774636701154.562500
-0.16893999999999998,0.0228,0.053200000000000004,456774636701154.562500
-0.16892999999999997,0.0212,0.046,456774636701154.562500
-0.16891999999999996,0.0228,0.0436,456774636701154.562500
-0.16890999999999995,0.0212,0.0492,456774636701154.562500
-0.1689,0.0212,0.0436,456774636701154.562500
-0.16888999999999998,0.022000000000000002,0.0548,456774636701154.562500
-0.16887999999999997,0.0196,0.0572,456774636701154.562500
-0.16886999999999996,0.022000000000000002,0.0572,456774636701154.562500
-0.16885999999999995,0.0212,0.056400000000000006,456774636701154.562500
-0.16885,0.0212,0.0548,456774636701154.562500
-0.16884,0.0228,0.054,456774636701154.562500
-0.16882999999999998,0.0236,0.056400000000000006,456774636701154.562500
-0.16881999999999997,0.0236,0.048400000000000006,456774636701154.562500
-0.16880999999999996,0.0244,0.058,456774636701154.562500
-0.16879999999999995,0.0236,0.0516,456774636701154.562500
-0.16879,0.0236,0.0548,456774636701154.562500
-0.16877999999999999,0.022000000000000002,0.054,456774636701154.562500
-0.16876999999999998,0.0244,0.056400000000000006,456774636701154.562500
-0.16875999999999997,0.026000000000000002,0.055600000000000004,456774636701154.562500
-0.16874999999999996,0.0244,0.0548,456774636701154.562500
-0.16873999999999995,0.0244,0.055600000000000004,456774636701154.562500
-0.16873,0.0236,0.0548,456774636701154.562500
-0.16871999999999998,0.0244,0.056400000000000006,456774636701154.562500
-0.16870999999999997,0.0228,0.056400000000000006,456774636701154.562500
-0.16869999999999996,0.0236,0.0548,456774636701154.562500
-0.16868999999999995,0.0236,0.0524,456774636701154.562500
-0.16868,0.022000000000000002,0.056400000000000006,456774636701154.562500
-0.16867,0.022000000000000002,0.058,456774636701154.562500
-0.16865999999999998,0.0228,0.0524,456774636701154.562500
-0.16864999999999997,0.0236,0.055600000000000004,456774636701154.562500
-0.16863999999999996,0.022000000000000002,0.056400000000000006,456774636701154.562500
-0.16862999999999995,0.022000000000000002,0.056400000000000006,456774636701154.562500
-0.16862,0.022000000000000002,0.056400000000000006,456774636701154.562500
-0.16860999999999998,0.0236,0.0548,456774636701154.562500
-0.16859999999999997,0.0236,0.0548,456774636701154.562500
-0.16858999999999996,0.0228,0.058800000000000005,456774636701154.562500
-0.16857999999999995,0.0228,0.054,456774636701154.562500
-0.16857,0.0236,0.054,456774636701154.562500
-0.16856,0.022000000000000002,0.055600000000000004,456774636701154.562500
-0.16854999999999998,0.0236,0.058,456774636701154.562500
-0.16853999999999997,0.022000000000000002,0.0572,456774636701154.562500
-0.16852999999999996,0.0204,0.055600000000000004,456774636701154.562500
-0.16851999999999995,0.0228,0.0476,456774636701154.562500
-0.16851,0.022000000000000002,0.055600000000000004,456774636701154.562500
-0.16849999999999998,0.0252,0.056400000000000006,456774636701154.562500
-0.16848999999999997,0.0228,0.055600000000000004,456774636701154.562500
-0.16847999999999996,0.0228,0.056400000000000006,456774636701154.562500
-0.16846999999999995,0.0236,0.0572,456774636701154.562500
-0.16846,0.0244,0.0548,456774636701154.562500
-0.16845,0.0236,0.056400000000000006,456774636701154.562500
-0.16843999999999998,0.0244,0.056400000000000006,456774636701154.562500
-0.16842999999999997,0.0244,0.056400000000000006,456774636701154.562500
-0.16841999999999996,0.0244,0.0516,456774636701154.562500
-0.16840999999999995,0.0244,0.055600000000000004,456774636701154.562500
-0.1684,0.0244,0.054,456774636701154.562500
-0.16838999999999998,0.0228,0.058,456774636701154.562500
-0.16837999999999997,0.0252,0.0548,456774636701154.562500
-0.16836999999999996,0.0228,0.0436,456774636701154.562500
-0.16835999999999995,0.0236,0.058,456774636701154.562500
-0.16835,0.0204,0.042800000000000005,456774636701154.562500
-0.16834,0.0228,0.0524,456774636701154.562500
-0.16832999999999998,0.0228,0.05,456774636701154.562500
-0.16831999999999997,0.022000000000000002,0.054,456774636701154.562500
-0.16830999999999996,0.0236,0.0548,456774636701154.562500
-0.16829999999999995,0.0228,0.0572,456774636701154.562500
-0.16829,0.022000000000000002,0.0572,456774636701154.562500
-0.16827999999999999,0.0204,0.055600000000000004,456774636701154.562500
-0.16826999999999998,0.0204,0.0572,456774636701154.562500
-0.16825999999999997,0.022000000000000002,0.056400000000000006,456774636701154.562500
-0.16824999999999996,0.022000000000000002,0.056400000000000006,456774636701154.562500
-0.16823999999999995,0.022000000000000002,0.046,456774636701154.562500
-0.16823,0.0164,0.056400000000000006,456774636701154.562500
-0.16821999999999998,0.0188,0.0524,456774636701154.562500
-0.16820999999999997,0.0172,0.0548,456774636701154.562500
-0.16819999999999996,0.0172,0.058,456774636701154.562500
-0.16818999999999995,0.022000000000000002,0.056400000000000006,456774636701154.562500
-0.16818,0.0236,0.056400000000000006,456774636701154.562500
-0.16817,0.0228,0.055600000000000004,456774636701154.562500
-0.16815999999999998,0.0236,0.056400000000000006,456774636701154.562500
-0.16814999999999997,0.0244,0.055600000000000004,456774636701154.562500
-0.16813999999999996,0.0244,0.055600000000000004,456774636701154.562500
-0.16812999999999995,0.0244,0.056400000000000006,456774636701154.562500
-0.16812,0.0236,0.0548,456774636701154.562500
-0.16810999999999998,0.0236,0.0572,456774636701154.562500
-0.16809999999999997,0.0236,0.055600000000000004,456774636701154.562500
-0.16808999999999996,0.0244,0.0572,456774636701154.562500
-0.16807999999999995,0.0236,0.055600000000000004,456774636701154.562500
-0.16807,0.0244,0.056400000000000006,456774636701154.562500
-0.16806,0.0244,0.0492,456774636701154.562500
-0.16804999999999998,0.0228,0.053200000000000004,456774636701154.562500
-0.16803999999999997,0.0228,0.0436,456774636701154.562500
-0.16802999999999996,0.022000000000000002,0.055600000000000004,456774636701154.562500
-0.16801999999999995,0.0228,0.0516,456774636701154.562500
-0.16801,0.022000000000000002,0.054,456774636701154.562500
-0.16799999999999998,0.0212,0.056400000000000006,456774636701154.562500
-0.16798999999999997,0.022000000000000002,0.056400000000000006,456774636701154.562500
-0.16797999999999996,0.022000000000000002,0.056400000000000006,456774636701154.562500
-0.16796999999999995,0.022000000000000002,0.055600000000000004,456774636701154.562500
-0.16796,0.0212,0.058,456774636701154.562500
-0.16795,0.0204,0.055600000000000004,456774636701154.562500
-0.16793999999999998,0.0204,0.056400000000000006,456774636701154.562500
-0.16792999999999997,0.0228,0.056400000000000006,456774636701154.562500
-0.16791999999999996,0.022000000000000002,0.056400000000000006,456774636701154.562500
-0.16790999999999995,0.022000000000000002,0.0572,456774636701154.562500
-0.1679,0.022000000000000002,0.0572,456774636701154.562500
-0.16788999999999998,0.0236,0.055600000000000004,456774636701154.562500
-0.16787999999999997,0.0244,0.058,456774636701154.562500
-0.16786999999999996,0.0244,0.055600000000000004,456774636701154.562500
-0.16785999999999995,0.0244,0.056400000000000006,456774636701154.562500
-0.16785,0.0228,0.054,456774636701154.562500
-0.16784,0.0252,0.053200000000000004,456774636701154.562500
-0.16782999999999998,0.0236,0.0572,456774636701154.562500
-0.16781999999999997,0.0244,0.0548,456774636701154.562500
-0.16780999999999996,0.022000000000000002,0.054,456774636701154.562500
-0.16779999999999995,0.0212,0.055600000000000004,456774636701154.562500
-0.16779,0.0236,0.0548,456774636701154.562500
-0.16777999999999998,0.0244,0.0548,456774636701154.562500
-0.16776999999999997,0.022000000000000002,0.0468,456774636701154.562500
-0.16775999999999996,0.0228,0.0548,456774636701154.562500
-0.16774999999999995,0.0228,0.055600000000000004,456774636701154.562500
-0.16774,0.0228,0.0548,456774636701154.562500
-0.16773,0.0228,0.0572,456774636701154.562500
-0.16771999999999998,0.0228,0.0572,456774636701154.562500
-0.16770999999999997,0.0236,0.0524,456774636701154.562500
-0.16769999999999996,0.0204,0.0548,456774636701154.562500
-0.16768999999999995,0.022000000000000002,0.055600000000000004,456774636701154.562500
-0.16768,0.022000000000000002,0.056400000000000006,456774636701154.562500
-0.16766999999999999,0.0236,0.056400000000000006,456774636701154.562500
-0.16765999999999998,0.022000000000000002,0.058,456774636701154.562500
-0.16764999999999997,0.022000000000000002,0.0572,456774636701154.562500
-0.16763999999999996,0.022000000000000002,0.0572,456774636701154.562500
-0.16762999999999995,0.0236,0.056400000000000006,456774636701154.562500
-0.16762,0.0228,0.056400000000000006,456774636701154.562500
-0.16760999999999998,0.022000000000000002,0.0548,456774636701154.562500
-0.16759999999999997,0.0212,0.055600000000000004,456774636701154.562500
-0.16758999999999996,0.0236,0.0548,456774636701154.562500
-0.16757999999999995,0.0228,0.056400000000000006,456774636701154.562500
-0.16757,0.022000000000000002,0.056400000000000006,456774636701154.562500
-0.16756,0.022000000000000002,0.056400000000000006,456774636701154.562500
-0.16754999999999998,0.022000000000000002,0.056400000000000006,456774636701154.562500
-0.16753999999999997,0.026000000000000002,0.0572,456774636701154.562500
-0.16752999999999996,0.0244,0.056400000000000006,456774636701154.562500
-0.16751999999999995,0.0244,0.050800000000000005,456774636701154.562500
-0.16751,0.022000000000000002,0.0572,456774636701154.562500
-0.16749999999999998,0.0268,0.054,456774636701154.562500
-0.16748999999999997,0.0212,0.0572,456774636701154.562500
-0.16747999999999996,0.0236,0.054,456774636701154.562500
-0.16746999999999995,0.0212,0.0524,456774636701154.562500
-0.16746,0.022000000000000002,0.0572,456774636701154.562500
-0.16745,0.018000000000000002,0.056400000000000006,456774636701154.562500
-0.16743999999999998,0.0204,0.0572,456774636701154.562500
-0.16742999999999997,0.022000000000000002,0.0524,456774636701154.562500
-0.16741999999999996,0.0228,0.0572,456774636701154.562500
-0.16740999999999995,0.022000000000000002,0.053200000000000004,456774636701154.562500
-0.1674,0.0228,0.0516,456774636701154.562500
-0.16738999999999998,0.0228,0.0548,456774636701154.562500
-0.16737999999999997,0.0228,0.056400000000000006,456774636701154.562500
-0.16736999999999996,0.0228,0.0516,456774636701154.562500
-0.16735999999999995,0.022000000000000002,0.05,456774636701154.562500
-0.16735,0.0212,0.0572,456774636701154.562500
-0.16734,0.0212,0.055600000000000004,456774636701154.562500
-0.16732999999999998,0.022000000000000002,0.056400000000000006,456774636701154.562500
-0.16731999999999997,0.0236,0.056400000000000006,456774636701154.562500
-0.16730999999999996,0.022000000000000002,0.055600000000000004,456774636701154.562500
-0.16729999999999995,0.0228,0.056400000000000006,456774636701154.562500
-0.16729,0.022000000000000002,0.056400000000000006,456774636701154.562500
-0.16727999999999998,0.0228,0.0572,456774636701154.562500
-0.16726999999999997,0.0228,0.0572,456774636701154.562500
-0.16725999999999996,0.0236,0.053200000000000004,456774636701154.562500
-0.16724999999999995,0.0244,0.056400000000000006,456774636701154.562500
-0.16724,0.0236,0.055600000000000004,456774636701154.562500
-0.16723,0.0244,0.05,456774636701154.562500
-0.16721999999999998,0.0228,0.055600000000000004,456774636701154.562500
-0.16720999999999997,0.0228,0.056400000000000006,456774636701154.562500
-0.16719999999999996,0.0204,0.0548,456774636701154.562500
-0.16718999999999995,0.0236,0.055600000000000004,456774636701154.562500
-0.16718,0.0244,0.0572,456774636701154.562500
-0.16716999999999999,0.0236,0.055600000000000004,456774636701154.562500
-0.16715999999999998,0.0236,0.054,456774636701154.562500
-0.16714999999999997,0.0228,0.0572,456774636701154.562500
-0.16713999999999996,0.0244,0.058,456774636701154.562500
-0.16712999999999995,0.022000000000000002,0.0572,456774636701154.562500
-0.16712,0.022000000000000002,0.053200000000000004,456774636701154.562500
-0.16710999999999998,0.022000000000000002,0.0572,456774636701154.562500
-0.16709999999999997,0.022000000000000002,0.056400000000000006,456774636701154.562500
-0.16708999999999996,0.0228,0.056400000000000006,456774636701154.562500
-0.16707999999999995,0.022000000000000002,0.050800000000000005,456774636701154.562500
-0.16707,0.022000000000000002,0.058,456774636701154.562500
-0.16706,0.022000000000000002,0.0548,456774636701154.562500
-0.16704999999999998,0.0212,0.055600000000000004,456774636701154.562500
-0.16703999999999997,0.022000000000000002,0.0548,456774636701154.562500
-0.16702999999999996,0.0236,0.0572,456774636701154.562500
-0.16701999999999995,0.022000000000000002,0.058800000000000005,456774636701154.562500
-0.16701,0.0204,0.056400000000000006,456774636701154.562500
-0.16699999999999998,0.0228,0.056400000000000006,456774636701154.562500
-0.16698999999999997,0.0204,0.056400000000000006,456774636701154.562500
-0.16697999999999996,0.0228,0.054,456774636701154.562500
-0.16696999999999995,0.022000000000000002,0.0572,456774636701154.562500
-0.16696,0.0236,0.0412,456774636701154.562500
-0.16695,0.0244,0.056400000000000006,456774636701154.562500
-0.16693999999999998,0.0252,0.056400000000000006,456774636701154.562500
-0.16692999999999997,0.0244,0.0548,456774636701154.562500
-0.16691999999999996,0.0252,0.050800000000000005,456774636701154.562500
-0.16690999999999995,0.0236,0.0572,456774636701154.562500
-0.1669,0.0244,0.055600000000000004,456774636701154.562500
-0.16688999999999998,0.022000000000000002,0.058,456774636701154.562500
-0.16687999999999997,0.0244,0.05,456774636701154.562500
-0.16686999999999996,0.0228,0.0548,456774636701154.562500
-0.16685999999999995,0.0236,0.0548,456774636701154.562500
-0.16685,0.0228,0.056400000000000006,456774636701154.562500
-0.16684,0.022000000000000002,0.054,456774636701154.562500
-0.16682999999999998,0.0236,0.056400000000000006,456774636701154.562500
-0.16681999999999997,0.0228,0.055600000000000004,456774636701154.562500
-0.16680999999999996,0.022000000000000002,0.056400000000000006,456774636701154.562500
-0.16679999999999995,0.0228,0.0548,456774636701154.562500
-0.16679,0.022000000000000002,0.055600000000000004,456774636701154.562500
-0.16677999999999998,0.022000000000000002,0.053200000000000004,456774636701154.562500
-0.16676999999999997,0.022000000000000002,0.058,456774636701154.562500
-0.16675999999999996,0.0212,0.055600000000000004,456774636701154.562500
-0.16674999999999995,0.022000000000000002,0.056400000000000006,456774636701154.562500
-0.16674,0.022000000000000002,0.055600000000000004,456774636701154.562500
-0.16673,0.0228,0.058,456774636701154.562500
-0.16671999999999998,0.0228,0.055600000000000004,456774636701154.562500
-0.16670999999999997,0.022000000000000002,0.050800000000000005,456774636701154.562500
-0.16669999999999996,0.0228,0.0524,456774636701154.562500
-0.16668999999999995,0.0236,0.054,456774636701154.562500
-0.16668,0.0236,0.0548,456774636701154.562500
-0.16666999999999998,0.0244,0.058,456774636701154.562500
-0.16665999999999997,0.0236,0.0572,456774636701154.562500
-0.16664999999999996,0.022000000000000002,0.0572,456774636701154.562500
-0.16663999999999995,0.0236,0.053200000000000004,456774636701154.562500
-0.16663,0.0228,0.055600000000000004,456774636701154.562500
-0.16662,0.022000000000000002,0.0516,456774636701154.562500
-0.16660999999999998,0.0212,0.055600000000000004,456774636701154.562500
-0.16659999999999997,0.0204,0.0524,456774636701154.562500
-0.16658999999999996,0.022000000000000002,0.0548,456774636701154.562500
-0.16657999999999995,0.022000000000000002,0.0492,456774636701154.562500
-0.16657,0.022000000000000002,0.0524,456774636701154.562500
-0.16655999999999999,0.0236,0.054,456774636701154.562500
-0.16654999999999998,0.0212,0.055600000000000004,456774636701154.562500
-0.16653999999999997,0.0164,0.0548,456774636701154.562500
-0.16652999999999996,0.0148,0.055600000000000004,456774636701154.562500
-0.16651999999999995,0.018000000000000002,0.054,456774636701154.562500
-0.16651,0.0204,0.0524,456774636701154.562500
-0.16649999999999998,0.0204,0.053200000000000004,456774636701154.562500
-0.16648999999999997,0.0212,0.0572,456774636701154.562500
-0.16647999999999996,0.022000000000000002,0.0572,456774636701154.562500
-0.16646999999999995,0.0228,0.056400000000000006,456774636701154.562500
-0.16646,0.0204,0.0572,456774636701154.562500
-0.16645,0.022000000000000002,0.058,456774636701154.562500
-0.16643999999999998,0.0204,0.056400000000000006,456774636701154.562500
-0.16642999999999997,0.022000000000000002,0.0572,456774636701154.562500
-0.16641999999999996,0.0212,0.0572,456774636701154.562500
-0.16640999999999995,0.0236,0.053200000000000004,456774636701154.562500
-0.1664,0.0228,0.0572,456774636701154.562500
-0.16638999999999998,0.0236,0.0572,456774636701154.562500
-0.16637999999999997,0.0236,0.050800000000000005,456774636701154.562500
-0.16636999999999996,0.0236,0.058,456774636701154.562500
-0.16635999999999995,0.022000000000000002,0.056400000000000006,456774636701154.562500
-0.16635,0.022000000000000002,0.054,456774636701154.562500
-0.16634,0.0228,0.055600000000000004,456774636701154.562500
-0.16632999999999998,0.0236,0.0476,456774636701154.562500
-0.16631999999999997,0.0252,0.053200000000000004,456774636701154.562500
-0.16630999999999996,0.0236,0.056400000000000006,456774636701154.562500
-0.16629999999999995,0.0252,0.056400000000000006,456774636701154.562500
-0.16629,0.0236,0.0548,456774636701154.562500
-0.16627999999999998,0.0236,0.054,456774636701154.562500
-0.16626999999999997,0.0236,0.056400000000000006,456774636701154.562500
-0.16625999999999996,0.0244,0.056400000000000006,456774636701154.562500
-0.16624999999999995,0.0244,0.0572,456774636701154.562500
-0.16624,0.0228,0.056400000000000006,456774636701154.562500
-0.16623,0.0228,0.053200000000000004,456774636701154.562500
-0.16621999999999998,0.022000000000000002,0.055600000000000004,456774636701154.562500
-0.16620999999999997,0.0228,0.058,456774636701154.562500
-0.16619999999999996,0.0228,0.054,456774636701154.562500
-0.16618999999999995,0.0196,0.0572,456774636701154.562500
-0.16618,0.0228,0.055600000000000004,456774636701154.562500
-0.16616999999999998,0.0228,0.054,456774636701154.562500
-0.16615999999999997,0.0244,0.056400000000000006,456774636701154.562500
-0.16614999999999996,0.0204,0.056400000000000006,456774636701154.562500
-0.16613999999999995,0.0212,0.056400000000000006,456774636701154.562500
-0.16613,0.0172,0.055600000000000004,456774636701154.562500
-0.16612,0.0204,0.0572,456774636701154.562500
-0.16610999999999998,0.022000000000000002,0.0548,456774636701154.562500
-0.16609999999999997,0.0196,0.0548,456774636701154.562500
-0.16608999999999996,0.0212,0.0524,456774636701154.562500
-0.16607999999999995,0.0164,0.0548,456774636701154.562500
-0.16607,0.0228,0.055600000000000004,456774636701154.562500
-0.16605999999999999,0.0204,0.056400000000000006,456774636701154.562500
-0.16604999999999998,0.0196,0.0516,456774636701154.562500
-0.16603999999999997,0.018000000000000002,0.056400000000000006,456774636701154.562500
-0.16602999999999996,0.0228,0.056400000000000006,456774636701154.562500
-0.16601999999999995,0.0188,0.056400000000000006,456774636701154.562500
-0.16601,0.0204,0.0524,456774636701154.562500
-0.16599999999999998,0.018000000000000002,0.055600000000000004,456774636701154.562500
-0.16598999999999997,0.0172,0.0548,456774636701154.562500
-0.16597999999999996,0.0212,0.0548,456774636701154.562500
-0.16596999999999995,0.0252,0.0548,456774636701154.562500
-0.16596,0.0228,0.055600000000000004,456774636701154.562500
-0.16595,0.0228,0.0548,456774636701154.562500
-0.16593999999999998,0.0236,0.048400000000000006,456774636701154.562500
-0.16592999999999997,0.0236,0.048400000000000006,456774636701154.562500
-0.16591999999999996,0.0236,0.055600000000000004,456774636701154.562500
-0.16590999999999995,0.022000000000000002,0.0572,456774636701154.562500
-0.1659,0.0212,0.056400000000000006,456774636701154.562500
-0.16588999999999998,0.0212,0.053200000000000004,456774636701154.562500
-0.16587999999999997,0.0228,0.0572,456774636701154.562500
-0.16586999999999996,0.0196,0.055600000000000004,456774636701154.562500
-0.16585999999999995,0.0236,0.055600000000000004,456774636701154.562500
-0.16585,0.0228,0.056400000000000006,456774636701154.562500
-0.16584,0.022000000000000002,0.056400000000000006,456774636701154.562500
-0.16582999999999998,0.022000000000000002,0.054,456774636701154.562500
-0.16581999999999997,0.0228,0.056400000000000006,456774636701154.562500
-0.16580999999999996,0.0236,0.0572,456774636701154.562500
-0.16579999999999995,0.0204,0.055600000000000004,456774636701154.562500
-0.16579,0.0196,0.0572,456774636701154.562500
-0.16577999999999998,0.0212,0.0572,456774636701154.562500
-0.16576999999999997,0.022000000000000002,0.056400000000000006,456774636701154.562500
-0.16575999999999996,0.0212,0.0524,456774636701154.562500
-0.16574999999999995,0.0236,0.0572,456774636701154.562500
-0.16574,0.0228,0.056400000000000006,456774636701154.562500
-0.16573,0.0236,0.053200000000000004,456774636701154.562500
-0.16571999999999998,0.0244,0.055600000000000004,456774636701154.562500
-0.16570999999999997,0.0244,0.0548,456774636701154.562500
-0.16569999999999996,0.0244,0.050800000000000005,456774636701154.562500
-0.16568999999999995,0.0236,0.055600000000000004,456774636701154.562500
-0.16568,0.0244,0.055600000000000004,456774636701154.562500
-0.16566999999999998,0.0252,0.058800000000000005,456774636701154.562500
-0.16565999999999997,0.0236,0.056400000000000006,456774636701154.562500
-0.16564999999999996,0.022000000000000002,0.056400000000000006,456774636701154.562500
-0.16563999999999995,0.0244,0.0572,456774636701154.562500
-0.16563,0.0244,0.056400000000000006,456774636701154.562500
-0.16562,0.022000000000000002,0.055600000000000004,456774636701154.562500
-0.16560999999999998,0.0244,0.058,456774636701154.562500
-0.16559999999999997,0.0212,0.055600000000000004,456774636701154.562500
-0.16558999999999996,0.0236,0.056400000000000006,456774636701154.562500
-0.16557999999999995,0.0228,0.055600000000000004,456774636701154.562500
-0.16557,0.0228,0.054,456774636701154.562500
-0.16555999999999998,0.0212,0.0572,456774636701154.562500
-0.16554999999999997,0.0212,0.0572,456774636701154.562500
-0.16553999999999996,0.022000000000000002,0.056400000000000006,456774636701154.562500
-0.16552999999999995,0.0212,0.056400000000000006,456774636701154.562500
-0.16551999999999994,0.0228,0.056400000000000006,456774636701154.562500
-0.16551,0.0212,0.058,456774636701154.562500
-0.16549999999999998,0.0172,0.056400000000000006,456774636701154.562500
-0.16548999999999997,0.0212,0.056400000000000006,456774636701154.562500
-0.16547999999999996,0.0228,0.056400000000000006,456774636701154.562500
-0.16546999999999995,0.0228,0.0524,456774636701154.562500
-0.16546,0.0236,0.054,456774636701154.562500
-0.16544999999999999,0.022000000000000002,0.056400000000000006,456774636701154.562500
-0.16543999999999998,0.0228,0.050800000000000005,456774636701154.562500
-0.16542999999999997,0.0236,0.056400000000000006,456774636701154.562500
-0.16541999999999996,0.0236,0.056400000000000006,456774636701154.562500
-0.16540999999999995,0.0228,0.055600000000000004,456774636701154.562500
-0.1654,0.0228,0.0548,456774636701154.562500
-0.16538999999999998,0.0244,0.0516,456774636701154.562500
-0.16537999999999997,0.0228,0.055600000000000004,456774636701154.562500
-0.16536999999999996,0.0244,0.056400000000000006,456774636701154.562500
-0.16535999999999995,0.0196,0.0572,456774636701154.562500
-0.16535,0.0212,0.055600000000000004,456774636701154.562500
-0.16534,0.022000000000000002,0.055600000000000004,456774636701154.562500
-0.16532999999999998,0.0164,0.058,456774636701154.562500
-0.16531999999999997,0.0196,0.056400000000000006,456774636701154.562500
-0.16530999999999996,0.0204,0.0572,456774636701154.562500
-0.16529999999999995,0.0196,0.056400000000000006,456774636701154.562500
-0.16529,0.0212,0.056400000000000006,456774636701154.562500
-0.16527999999999998,0.0204,0.055600000000000004,456774636701154.562500
-0.16526999999999997,0.018000000000000002,0.055600000000000004,456774636701154.562500
-0.16525999999999996,0.0196,0.055600000000000004,456774636701154.562500
-0.16524999999999995,0.0212,0.056400000000000006,456774636701154.562500
-0.16524,0.022000000000000002,0.056400000000000006,456774636701154.562500
-0.16523,0.0228,0.056400000000000006,456774636701154.562500
-0.16521999999999998,0.0236,0.054,456774636701154.562500
-0.16520999999999997,0.022000000000000002,0.0572,456774636701154.562500
-0.16519999999999996,0.0212,0.053200000000000004,456774636701154.562500
-0.16518999999999995,0.0228,0.053200000000000004,456774636701154.562500
-0.16518,0.0228,0.055600000000000004,456774636701154.562500
-0.16516999999999998,0.022000000000000002,0.058,456774636701154.562500
-0.16515999999999997,0.0228,0.055600000000000004,456774636701154.562500
-0.16514999999999996,0.0228,0.0572,456774636701154.562500
-0.16513999999999995,0.0236,0.056400000000000006,456774636701154.562500
-0.16513,0.0228,0.0548,456774636701154.562500
-0.16512,0.0236,0.055600000000000004,456774636701154.562500
-0.16510999999999998,0.0236,0.0548,456774636701154.562500
-0.16509999999999997,0.0244,0.055600000000000004,456774636701154.562500
-0.16508999999999996,0.0196,0.0548,456774636701154.562500
-0.16507999999999995,0.0244,0.0548,456774636701154.562500
-0.16507,0.0204,0.054,456774636701154.562500
-0.16505999999999998,0.0188,0.0548,456774636701154.562500
-0.16504999999999997,0.0228,0.056400000000000006,456774636701154.562500
-0.16503999999999996,0.0244,0.058,456774636701154.562500
-0.16502999999999995,0.0228,0.0572,456774636701154.562500
-0.16502,0.0236,0.0516,456774636701154.562500
-0.16501,0.0204,0.056400000000000006,456774636701154.562500
-0.16499999999999998,0.0196,0.056400000000000006,456774636701154.562500
-0.16498999999999997,0.0212,0.054,456774636701154.562500
-0.16497999999999996,0.022000000000000002,0.053200000000000004,456774636701154.562500
-0.16496999999999995,0.022000000000000002,0.0492,456774636701154.562500
-0.16496,0.0212,0.055600000000000004,456774636701154.562500
-0.16494999999999999,0.0212,0.0516,456774636701154.562500
-0.16493999999999998,0.0228,0.054,456774636701154.562500
-0.16492999999999997,0.0212,0.053200000000000004,456774636701154.562500
-0.16491999999999996,0.0228,0.053200000000000004,456774636701154.562500
-0.16490999999999995,0.022000000000000002,0.054,456774636701154.562500
-0.1649,0.022000000000000002,0.055600000000000004,456774636701154.562500
-0.16488999999999998,0.0212,0.053200000000000004,456774636701154.562500
-0.16487999999999997,0.022000000000000002,0.056400000000000006,456774636701154.562500
-0.16486999999999996,0.022000000000000002,0.056400000000000006,456774636701154.562500
-0.16485999999999995,0.022000000000000002,0.055600000000000004,456774636701154.562500
-0.16485,0.0228,0.058,456774636701154.562500
-0.16484,0.0236,0.058,456774636701154.562500
-0.16482999999999998,0.0236,0.054,456774636701154.562500
-0.16481999999999997,0.0244,0.05,456774636701154.562500
-0.16480999999999996,0.022000000000000002,0.050800000000000005,456774636701154.562500
-0.16479999999999995,0.0244,0.0468,456774636701154.562500
-0.16479,0.0196,0.054,456774636701154.562500
-0.16477999999999998,0.022000000000000002,0.045200000000000004,456774636701154.562500
-0.16476999999999997,0.0212,0.053200000000000004,456774636701154.562500
-0.16475999999999996,0.0204,0.0548,456774636701154.562500
-0.16474999999999995,0.0188,0.055600000000000004,456774636701154.562500
-0.16474,0.0212,0.046,456774636701154.562500
-0.16473,0.0212,0.053200000000000004,456774636701154.562500
-0.16471999999999998,0.0212,0.058,456774636701154.562500
-0.16470999999999997,0.0204,0.056400000000000006,456774636701154.562500
-0.16469999999999996,0.0244,0.054,456774636701154.562500
-0.16468999999999995,0.022000000000000002,0.055600000000000004,456774636701154.562500
-0.16468,0.022000000000000002,0.056400000000000006,456774636701154.562500
-0.16466999999999998,0.022000000000000002,0.0548,456774636701154.562500
-0.16465999999999997,0.022000000000000002,0.056400000000000006,456774636701154.562500
-0.16464999999999996,0.0204,0.055600000000000004,456774636701154.562500
-0.16463999999999995,0.022000000000000002,0.053200000000000004,456774636701154.562500
-0.16463,0.0212,0.048400000000000006,456774636701154.562500
-0.16462,0.022000000000000002,0.0548,456774636701154.562500
-0.16460999999999998,0.022000000000000002,0.0468,456774636701154.562500
-0.16459999999999997,0.022000000000000002,0.0444,456774636701154.562500
-0.16458999999999996,0.022000000000000002,0.05,456774636701154.562500
-0.16457999999999995,0.022000000000000002,0.0548,456774636701154.562500
-0.16457,0.022000000000000002,0.055600000000000004,456774636701154.562500
-0.16455999999999998,0.022000000000000002,0.0572,456774636701154.562500
-0.16454999999999997,0.0236,0.055600000000000004,456774636701154.562500
-0.16453999999999996,0.0244,0.0572,456774636701154.562500
-0.16452999999999995,0.022000000000000002,0.0572,456774636701154.562500
-0.16452,0.0236,0.0524,456774636701154.562500
-0.16451,0.0244,0.058,456774636701154.562500
-0.16449999999999998,0.0228,0.0548,456774636701154.562500
-0.16448999999999997,0.0244,0.05,456774636701154.562500
-0.16447999999999996,0.0252,0.037200000000000004,456774636701154.562500
-0.16446999999999995,0.0236,0.045200000000000004,456774636701154.562500
-0.16446,0.0244,0.0396,456774636701154.562500
-0.16444999999999999,0.0236,0.0476,456774636701154.562500
-0.16443999999999998,0.0236,0.05,456774636701154.562500
-0.16442999999999997,0.0236,0.0468,456774636701154.562500
-0.16441999999999996,0.0228,0.054,456774636701154.562500
-0.16440999999999995,0.022000000000000002,0.0524,456774636701154.562500
-0.1644,0.0236,0.055600000000000004,456774636701154.562500
-0.16438999999999998,0.022000000000000002,0.055600000000000004,456774636701154.562500
-0.16437999999999997,0.0244,0.056400000000000006,456774636701154.562500
-0.16436999999999996,0.0212,0.056400000000000006,456774636701154.562500
-0.16435999999999995,0.0212,0.055600000000000004,456774636701154.562500
-0.16435,0.022000000000000002,0.055600000000000004,456774636701154.562500
-0.16433999999999999,0.018000000000000002,0.0548,456774636701154.562500
-0.16432999999999998,0.018000000000000002,0.058,456774636701154.562500
-0.16431999999999997,0.0212,0.050800000000000005,456774636701154.562500
-0.16430999999999996,0.0228,0.058,456774636701154.562500
-0.16429999999999995,0.022000000000000002,0.055600000000000004,456774636701154.562500
-0.16429,0.0204,0.0572,456774636701154.562500
-0.16427999999999998,0.022000000000000002,0.058800000000000005,456774636701154.562500
-0.16426999999999997,0.0188,0.0548,456774636701154.562500
-0.16425999999999996,0.022000000000000002,0.056400000000000006,456774636701154.562500
-0.16424999999999995,0.0196,0.055600000000000004,456774636701154.562500
-0.16424,0.0236,0.056400000000000006,456774636701154.562500
-0.16423,0.0228,0.0548,456774636701154.562500
-0.16421999999999998,0.022000000000000002,0.0548,456774636701154.562500
-0.16420999999999997,0.0244,0.055600000000000004,456774636701154.562500
-0.16419999999999996,0.0244,0.055600000000000004,456774636701154.562500
-0.16418999999999995,0.0188,0.0524,456774636701154.562500
-0.16418,0.0244,0.058,456774636701154.562500
-0.16416999999999998,0.0228,0.056400000000000006,456774636701154.562500
-0.16415999999999997,0.0236,0.0548,456774636701154.562500
-0.16414999999999996,0.0236,0.0524,456774636701154.562500
-0.16413999999999995,0.0244,0.05,456774636701154.562500
-0.16413,0.0196,0.055600000000000004,456774636701154.562500
-0.16412,0.0236,0.0516,456774636701154.562500
-0.16410999999999998,0.0236,0.0572,456774636701154.562500
-0.16409999999999997,0.022000000000000002,0.0516,456774636701154.562500
-0.16408999999999996,0.0212,0.055600000000000004,456774636701154.562500
-0.16407999999999995,0.022000000000000002,0.053200000000000004,456774636701154.562500
-0.16407,0.0244,0.056400000000000006,456774636701154.562500
-0.16405999999999998,0.0236,0.0468,456774636701154.562500
-0.16404999999999997,0.022000000000000002,0.0548,456774636701154.562500
-0.16403999999999996,0.0204,0.05,456774636701154.562500
-0.16402999999999995,0.022000000000000002,0.056400000000000006,456774636701154.562500
-0.16402,0.0228,0.0572,456774636701154.562500
-0.16401,0.0188,0.054,456774636701154.562500
-0.16399999999999998,0.0228,0.0548,456774636701154.562500
-0.16398999999999997,0.0212,0.0572,456774636701154.562500
-0.16397999999999996,0.022000000000000002,0.055600000000000004,456774636701154.562500
-0.16396999999999995,0.0196,0.056400000000000006,456774636701154.562500
-0.16396,0.018000000000000002,0.0548,456774636701154.562500
-0.16394999999999998,0.022000000000000002,0.055600000000000004,456774636701154.562500
-0.16393999999999997,0.0244,0.056400000000000006,456774636701154.562500
-0.16392999999999996,0.0212,0.0516,456774636701154.562500
-0.16391999999999995,0.0228,0.053200000000000004,456774636701154.562500
-0.16391,0.0228,0.0524,456774636701154.562500
-0.1639,0.0244,0.055600000000000004,456774636701154.562500
-0.16388999999999998,0.0244,0.0572,456774636701154.562500
-0.16387999999999997,0.0244,0.0524,456774636701154.562500
-0.16386999999999996,0.0228,0.0572,456774636701154.562500
-0.16385999999999995,0.0244,0.0548,456774636701154.562500
-0.16385,0.0236,0.0572,456774636701154.562500
-0.16383999999999999,0.0228,0.050800000000000005,456774636701154.562500
-0.16382999999999998,0.0236,0.056400000000000006,456774636701154.562500
-0.16381999999999997,0.0196,0.056400000000000006,456774636701154.562500
-0.16380999999999996,0.0212,0.055600000000000004,456774636701154.562500
-0.16379999999999995,0.0164,0.055600000000000004,456774636701154.562500
-0.16379,0.0204,0.0548,456774636701154.562500
-0.16377999999999998,0.022000000000000002,0.050800000000000005,456774636701154.562500
-0.16376999999999997,0.0228,0.058,456774636701154.562500
-0.16375999999999996,0.0228,0.054,456774636701154.562500
-0.16374999999999995,0.0228,0.056400000000000006,456774636701154.562500
-0.16374,0.022000000000000002,0.0548,456774636701154.562500
-0.16373,0.022000000000000002,0.056400000000000006,456774636701154.562500
-0.16371999999999998,0.022000000000000002,0.058,456774636701154.562500
-0.16370999999999997,0.022000000000000002,0.0572,456774636701154.562500
-0.16369999999999996,0.0204,0.056400000000000006,456774636701154.562500
-0.16368999999999995,0.022000000000000002,0.0572,456774636701154.562500
-0.16368,0.0244,0.055600000000000004,456774636701154.562500
-0.16366999999999998,0.022000000000000002,0.054,456774636701154.562500
-0.16365999999999997,0.0204,0.055600000000000004,456774636701154.562500
-0.16364999999999996,0.0204,0.056400000000000006,456774636701154.562500
-0.16363999999999995,0.0228,0.0516,456774636701154.562500
-0.16363,0.0236,0.055600000000000004,456774636701154.562500
-0.16362,0.022000000000000002,0.056400000000000006,456774636701154.562500
-0.16360999999999998,0.022000000000000002,0.054,456774636701154.562500
-0.16359999999999997,0.0228,0.054,456774636701154.562500
-0.16358999999999996,0.0244,0.045200000000000004,456774636701154.562500
-0.16357999999999995,0.0228,0.0548,456774636701154.562500
-0.16357,0.0212,0.0492,456774636701154.562500
-0.16355999999999998,0.0236,0.056400000000000006,456774636701154.562500
-0.16354999999999997,0.0212,0.058800000000000005,456774636701154.562500
-0.16353999999999996,0.0196,0.058,456774636701154.562500
-0.16352999999999995,0.0228,0.056400000000000006,456774636701154.562500
-0.16352,0.0228,0.0572,456774636701154.562500
-0.16351,0.0228,0.055600000000000004,456774636701154.562500
-0.16349999999999998,0.0228,0.056400000000000006,456774636701154.562500
-0.16348999999999997,0.018000000000000002,0.0572,456774636701154.562500
-0.16347999999999996,0.0228,0.054,456774636701154.562500
-0.16346999999999995,0.022000000000000002,0.056400000000000006,456774636701154.562500
-0.16346,0.0244,0.045200000000000004,456774636701154.562500
-0.16344999999999998,0.0204,0.058800000000000005,456774636701154.562500
-0.16343999999999997,0.0228,0.058,456774636701154.562500
-0.16342999999999996,0.018000000000000002,0.056400000000000006,456774636701154.562500
-0.16341999999999995,0.0196,0.056400000000000006,456774636701154.562500
-0.16341,0.018000000000000002,0.0548,456774636701154.562500
-0.1634,0.0212,0.055600000000000004,456774636701154.562500
-0.16338999999999998,0.0164,0.056400000000000006,456774636701154.562500
-0.16337999999999997,0.0212,0.0548,456774636701154.562500
-0.16336999999999996,0.0172,0.056400000000000006,456774636701154.562500
-0.16335999999999995,0.0196,0.055600000000000004,456774636701154.562500
-0.16335,0.0204,0.05,456774636701154.562500
-0.16333999999999999,0.0228,0.055600000000000004,456774636701154.562500
-0.16332999999999998,0.0244,0.0548,456774636701154.562500
-0.16331999999999997,0.0236,0.056400000000000006,456774636701154.562500
-0.16330999999999996,0.0244,0.055600000000000004,456774636701154.562500
-0.16329999999999995,0.0212,0.056400000000000006,456774636701154.562500
-0.16329,0.0212,0.050800000000000005,456774636701154.562500
-0.16327999999999998,0.018000000000000002,0.056400000000000006,456774636701154.562500
-0.16326999999999997,0.0236,0.0548,456774636701154.562500
-0.16325999999999996,0.018000000000000002,0.056400000000000006,456774636701154.562500
-0.16324999999999995,0.0212,0.0572,456774636701154.562500
-0.16324,0.0172,0.055600000000000004,456774636701154.562500
-0.16323,0.0212,0.0572,456774636701154.562500
-0.16321999999999998,0.018000000000000002,0.055600000000000004,456774636701154.562500
-0.16320999999999997,0.0228,0.0524,456774636701154.562500
-0.16319999999999996,0.0188,0.046,456774636701154.562500
-0.16318999999999995,0.0212,0.0476,456774636701154.562500
-0.16318,0.0204,0.05,456774636701154.562500
-0.16316999999999998,0.0236,0.0476,456774636701154.562500
-0.16315999999999997,0.0244,0.053200000000000004,456774636701154.562500
-0.16314999999999996,0.0236,0.056400000000000006,456774636701154.562500
-0.16313999999999995,0.022000000000000002,0.056400000000000006,456774636701154.562500
-0.16313,0.0204,0.058,456774636701154.562500
-0.16312,0.0212,0.054,456774636701154.562500
-0.16310999999999998,0.0228,0.055600000000000004,456774636701154.562500
-0.16309999999999997,0.022000000000000002,0.0476,456774636701154.562500
-0.16308999999999996,0.022000000000000002,0.0524,456774636701154.562500
-0.16307999999999995,0.0212,0.0524,456774636701154.562500
-0.16307,0.022000000000000002,0.0548,456774636701154.562500
-0.16305999999999998,0.022000000000000002,0.058,456774636701154.562500
-0.16304999999999997,0.022000000000000002,0.056400000000000006,456774636701154.562500
-0.16303999999999996,0.022000000000000002,0.0572,456774636701154.562500
-0.16302999999999995,0.0228,0.055600000000000004,456774636701154.562500
-0.16302,0.0212,0.056400000000000006,456774636701154.562500
-0.16301,0.022000000000000002,0.056400000000000006,456774636701154.562500
-0.16299999999999998,0.0236,0.0572,456774636701154.562500
-0.16298999999999997,0.0244,0.054,456774636701154.562500
-0.16297999999999996,0.0236,0.0516,456774636701154.562500
-0.16296999999999995,0.0196,0.056400000000000006,456774636701154.562500
-0.16296,0.0252,0.053200000000000004,456774636701154.562500
-0.16294999999999998,0.0212,0.056400000000000006,456774636701154.562500
-0.16293999999999997,0.0244,0.058,456774636701154.562500
-0.16292999999999996,0.0244,0.056400000000000006,456774636701154.562500
-0.16291999999999995,0.0236,0.0572,456774636701154.562500
-0.16291,0.0196,0.056400000000000006,456774636701154.562500
-0.1629,0.022000000000000002,0.056400000000000006,456774636701154.562500
-0.16288999999999998,0.0212,0.055600000000000004,456774636701154.562500
-0.16287999999999997,0.022000000000000002,0.0572,456774636701154.562500
-0.16286999999999996,0.0188,0.058,456774636701154.562500
-0.16285999999999995,0.0204,0.054,456774636701154.562500
-0.16285,0.022000000000000002,0.056400000000000006,456774636701154.562500
-0.16283999999999998,0.0228,0.056400000000000006,456774636701154.562500
-0.16282999999999997,0.0236,0.0524,456774636701154.562500
-0.16281999999999996,0.022000000000000002,0.056400000000000006,456774636701154.562500
-0.16280999999999995,0.022000000000000002,0.058,456774636701154.562500
-0.16279999999999994,0.0212,0.0572,456774636701154.562500
-0.16279,0.022000000000000002,0.0572,456774636701154.562500
-0.16277999999999998,0.022000000000000002,0.058,456774636701154.562500
-0.16276999999999997,0.0236,0.058,456774636701154.562500
-0.16275999999999996,0.022000000000000002,0.054,456774636701154.562500
-0.16274999999999995,0.0204,0.056400000000000006,456774636701154.562500
-0.16274,0.022000000000000002,0.056400000000000006,456774636701154.562500
-0.16272999999999999,0.0228,0.056400000000000006,456774636701154.562500
-0.16271999999999998,0.0228,0.0524,456774636701154.562500
-0.16270999999999997,0.0236,0.0548,456774636701154.562500
-0.16269999999999996,0.0244,0.056400000000000006,456774636701154.562500
-0.16268999999999995,0.022000000000000002,0.0572,456774636701154.562500
-0.16268,0.0252,0.058,456774636701154.562500
-0.16266999999999998,0.0236,0.056400000000000006,456774636701154.562500
-0.16265999999999997,0.0252,0.056400000000000006,456774636701154.562500
-0.16264999999999996,0.0244,0.054,456774636701154.562500
-0.16263999999999995,0.0204,0.0476,456774636701154.562500
-0.16263,0.0228,0.058,456774636701154.562500
-0.16262,0.0236,0.0516,456774636701154.562500
-0.16260999999999998,0.026000000000000002,0.056400000000000006,456774636701154.562500
-0.16259999999999997,0.0236,0.0572,456774636701154.562500
-0.16258999999999996,0.0236,0.058,456774636701154.562500
-0.16257999999999995,0.0228,0.056400000000000006,456774636701154.562500
-0.16257,0.0228,0.0548,456774636701154.562500
-0.16255999999999998,0.022000000000000002,0.056400000000000006,456774636701154.562500
-0.16254999999999997,0.0204,0.0548,456774636701154.562500
-0.16253999999999996,0.022000000000000002,0.056400000000000006,456774636701154.562500
-0.16252999999999995,0.0164,0.0548,456774636701154.562500
-0.16252,0.0204,0.058,456774636701154.562500
-0.16251,0.0228,0.053200000000000004,456774636701154.562500
-0.16249999999999998,0.022000000000000002,0.056400000000000006,456774636701154.562500
-0.16248999999999997,0.022000000000000002,0.0548,456774636701154.562500
-0.16247999999999996,0.0204,0.056400000000000006,456774636701154.562500
-0.16246999999999995,0.0188,0.055600000000000004,456774636701154.562500
-0.16246,0.0228,0.055600000000000004,456774636701154.562500
-0.16244999999999998,0.022000000000000002,0.053200000000000004,456774636701154.562500
-0.16243999999999997,0.0212,0.058,456774636701154.562500
-0.16242999999999996,0.022000000000000002,0.058,456774636701154.562500
-0.16241999999999995,0.0252,0.055600000000000004,456774636701154.562500
-0.16241,0.0228,0.055600000000000004,456774636701154.562500
-0.1624,0.0244,0.0548,456774636701154.562500
-0.16238999999999998,0.0196,0.058,456774636701154.562500
-0.16237999999999997,0.0244,0.056400000000000006,456774636701154.562500
-0.16236999999999996,0.018000000000000002,0.056400000000000006,456774636701154.562500
-0.16235999999999995,0.0236,0.058800000000000005,456774636701154.562500
-0.16235,0.0212,0.053200000000000004,456774636701154.562500
-0.16233999999999998,0.0228,0.055600000000000004,456774636701154.562500
-0.16232999999999997,0.022000000000000002,0.0548,456774636701154.562500
-0.16231999999999996,0.0228,0.055600000000000004,456774636701154.562500
-0.16230999999999995,0.0228,0.053200000000000004,456774636701154.562500
-0.1623,0.022000000000000002,0.0548,456774636701154.562500
-0.16229,0.0236,0.05,456774636701154.562500
-0.16227999999999998,0.0228,0.0548,456774636701154.562500
-0.16226999999999997,0.0196,0.056400000000000006,456774636701154.562500
-0.16225999999999996,0.022000000000000002,0.056400000000000006,456774636701154.562500
-0.16224999999999995,0.0196,0.0572,456774636701154.562500
-0.16224,0.022000000000000002,0.058,456774636701154.562500
-0.16222999999999999,0.0228,0.056400000000000006,456774636701154.562500
-0.16221999999999998,0.0212,0.054,456774636701154.562500
-0.16220999999999997,0.0148,0.056400000000000006,456774636701154.562500
-0.16219999999999996,0.0204,0.053200000000000004,456774636701154.562500
-0.16218999999999995,0.0172,0.0572,456774636701154.562500
-0.16218,0.0212,0.050800000000000005,456774636701154.562500
-0.16216999999999998,0.0228,0.055600000000000004,456774636701154.562500
-0.16215999999999997,0.0236,0.055600000000000004,456774636701154.562500
-0.16214999999999996,0.022000000000000002,0.0572,456774636701154.562500
-0.16213999999999995,0.022000000000000002,0.0548,456774636701154.562500
-0.16213,0.0228,0.0524,456774636701154.562500
-0.16212,0.015600000000000001,0.0572,456774636701154.562500
-0.16210999999999998,0.022000000000000002,0.053200000000000004,456774636701154.562500
-0.16209999999999997,0.022000000000000002,0.056400000000000006,456774636701154.562500
-0.16208999999999996,0.0228,0.0548,456774636701154.562500
-0.16207999999999995,0.0244,0.056400000000000006,456774636701154.562500
-0.16207,0.022000000000000002,0.056400000000000006,456774636701154.562500
-0.16205999999999998,0.0252,0.054,456774636701154.562500
-0.16204999999999997,0.0244,0.05,456774636701154.562500
-0.16203999999999996,0.0228,0.058,456774636701154.562500
-0.16202999999999995,0.0236,0.050800000000000005,456774636701154.562500
-0.16202,0.0252,0.0572,456774636701154.562500
-0.16201,0.022000000000000002,0.05,456774636701154.562500
-0.16199999999999998,0.022000000000000002,0.054,456774636701154.562500
-0.16198999999999997,0.0228,0.0516,456774636701154.562500
-0.16197999999999996,0.0204,0.05,456774636701154.562500
-0.16196999999999995,0.022000000000000002,0.0524,456774636701154.562500
-0.16196,0.0212,0.0516,456774636701154.562500
-0.16194999999999998,0.0228,0.050800000000000005,456774636701154.562500
-0.16193999999999997,0.0236,0.0548,456774636701154.562500
-0.16192999999999996,0.0236,0.0468,456774636701154.562500
-0.16191999999999995,0.022000000000000002,0.0548,456774636701154.562500
-0.16191,0.0236,0.050800000000000005,456774636701154.562500
-0.1619,0.022000000000000002,0.056400000000000006,456774636701154.562500
-0.16188999999999998,0.0188,0.058,456774636701154.562500
-0.16187999999999997,0.018000000000000002,0.056400000000000006,456774636701154.562500
-0.16186999999999996,0.0212,0.0572,456774636701154.562500
-0.16185999999999995,0.022000000000000002,0.050800000000000005,456774636701154.562500
-0.16185,0.022000000000000002,0.054,456774636701154.562500
-0.16183999999999998,0.0212,0.055600000000000004,456774636701154.562500
-0.16182999999999997,0.022000000000000002,0.0572,456774636701154.562500
-0.16181999999999996,0.0204,0.0572,456774636701154.562500
-0.16180999999999995,0.0212,0.056400000000000006,456774636701154.562500
-0.1618,0.022000000000000002,0.053200000000000004,456774636701154.562500
-0.16179,0.0228,0.050800000000000005,456774636701154.562500
-0.16177999999999998,0.022000000000000002,0.046,456774636701154.562500
-0.16176999999999997,0.0236,0.0492,456774636701154.562500
-0.16175999999999996,0.0236,0.054,456774636701154.562500
-0.16174999999999995,0.0236,0.058,456774636701154.562500
-0.16174,0.0236,0.0516,456774636701154.562500
-0.16172999999999998,0.0228,0.055600000000000004,456774636701154.562500
-0.16171999999999997,0.0244,0.058800000000000005,456774636701154.562500
-0.16170999999999996,0.022000000000000002,0.054,456774636701154.562500
-0.16169999999999995,0.0204,0.050800000000000005,456774636701154.562500
-0.16168999999999994,0.0228,0.050800000000000005,456774636701154.562500
-0.16168,0.0236,0.0548,456774636701154.562500
-0.16166999999999998,0.0228,0.0468,456774636701154.562500
-0.16165999999999997,0.0244,0.0548,456774636701154.562500
-0.16164999999999996,0.0212,0.053200000000000004,456774636701154.562500
-0.16163999999999995,0.0196,0.056400000000000006,456774636701154.562500
-0.16163,0.0212,0.058,456774636701154.562500
-0.16161999999999999,0.0228,0.054,456774636701154.562500
-0.16160999999999998,0.0228,0.056400000000000006,456774636701154.562500
-0.16159999999999997,0.0228,0.055600000000000004,456774636701154.562500
-0.16158999999999996,0.018000000000000002,0.0548,456774636701154.562500
-0.16157999999999995,0.0204,0.054,456774636701154.562500
-0.16157,0.0164,0.055600000000000004,456774636701154.562500
-0.16155999999999998,0.022000000000000002,0.0572,456774636701154.562500
-0.16154999999999997,0.015600000000000001,0.055600000000000004,456774636701154.562500
-0.16153999999999996,0.0212,0.0572,456774636701154.562500
-0.16152999999999995,0.0212,0.056400000000000006,456774636701154.562500
-0.16152,0.022000000000000002,0.042,456774636701154.562500
-0.16151,0.022000000000000002,0.0572,456774636701154.562500
-0.16149999999999998,0.0228,0.056400000000000006,456774636701154.562500
-0.16148999999999997,0.0228,0.0572,456774636701154.562500
-0.16147999999999996,0.0236,0.0516,456774636701154.562500
-0.16146999999999995,0.0236,0.0548,456774636701154.562500
-0.16146,0.0244,0.0516,456774636701154.562500
-0.16144999999999998,0.0244,0.0572,456774636701154.562500
-0.16143999999999997,0.0244,0.0492,456774636701154.562500
-0.16142999999999996,0.0244,0.0468,456774636701154.562500
-0.16141999999999995,0.0244,0.042,456774636701154.562500
-0.16141,0.0244,0.048400000000000006,456774636701154.562500
-0.1614,0.0228,0.0396,456774636701154.562500
-0.16138999999999998,0.0236,0.0476,456774636701154.562500
-0.16137999999999997,0.0244,0.055600000000000004,456774636701154.562500
-0.16136999999999996,0.0228,0.055600000000000004,456774636701154.562500
-0.16135999999999995,0.0228,0.0572,456774636701154.562500
-0.16135,0.0236,0.0548,456774636701154.562500
-0.16133999999999998,0.0228,0.054,456774636701154.562500
-0.16132999999999997,0.022000000000000002,0.0364,456774636701154.562500
-0.16131999999999996,0.0188,0.040400000000000005,456774636701154.562500
-0.16130999999999995,0.022000000000000002,0.0436,456774636701154.562500
-0.1613,0.0196,0.05,456774636701154.562500
-0.16129,0.022000000000000002,0.040400000000000005,456774636701154.562500
-0.16127999999999998,0.0204,0.055600000000000004,456774636701154.562500
-0.16126999999999997,0.022000000000000002,0.05,456774636701154.562500
-0.16125999999999996,0.0196,0.055600000000000004,456774636701154.562500
-0.16124999999999995,0.0228,0.055600000000000004,456774636701154.562500
-0.16124,0.018000000000000002,0.0572,456774636701154.562500
-0.16122999999999998,0.022000000000000002,0.0468,456774636701154.562500
-0.16121999999999997,0.0228,0.0548,456774636701154.562500
-0.16120999999999996,0.0236,0.054,456774636701154.562500
-0.16119999999999995,0.022000000000000002,0.058,456774636701154.562500
-0.16119,0.022000000000000002,0.054,456774636701154.562500
-0.16118,0.0188,0.054,456774636701154.562500
-0.16116999999999998,0.022000000000000002,0.0516,456774636701154.562500
-0.16115999999999997,0.0196,0.058,456774636701154.562500
-0.16114999999999996,0.0228,0.056400000000000006,456774636701154.562500
-0.16113999999999995,0.0236,0.0572,456774636701154.562500
-0.16113,0.0244,0.0524,456774636701154.562500
-0.16111999999999999,0.0196,0.0524,456774636701154.562500
-0.16110999999999998,0.0244,0.048400000000000006,456774636701154.562500
-0.16109999999999997,0.022000000000000002,0.050800000000000005,456774636701154.562500
-0.16108999999999996,0.0236,0.042800000000000005,456774636701154.562500
-0.16107999999999995,0.0244,0.0548,456774636701154.562500
-0.16107,0.0228,0.055600000000000004,456774636701154.562500
-0.16105999999999998,0.022000000000000002,0.0572,456774636701154.562500
-0.16104999999999997,0.0228,0.056400000000000006,456774636701154.562500
-0.16103999999999996,0.0228,0.0572,456774636701154.562500
-0.16102999999999995,0.0212,0.0572,456774636701154.562500
-0.16102,0.022000000000000002,0.053200000000000004,456774636701154.562500
-0.16101,0.0212,0.056400000000000006,456774636701154.562500
-0.16099999999999998,0.0228,0.0516,456774636701154.562500
-0.16098999999999997,0.0236,0.0572,456774636701154.562500
-0.16097999999999996,0.0212,0.055600000000000004,456774636701154.562500
-0.16096999999999995,0.0212,0.0548,456774636701154.562500
-0.16096,0.0204,0.055600000000000004,456774636701154.562500
-0.16094999999999998,0.0212,0.05,456774636701154.562500
-0.16093999999999997,0.0204,0.055600000000000004,456774636701154.562500
-0.16092999999999996,0.0212,0.0548,456774636701154.562500
-0.16091999999999995,0.0236,0.056400000000000006,456774636701154.562500
-0.16091,0.022000000000000002,0.0548,456774636701154.562500
-0.1609,0.0236,0.053200000000000004,456774636701154.562500
-0.16088999999999998,0.0204,0.0572,456774636701154.562500
-0.16087999999999997,0.0212,0.0524,456774636701154.562500
-0.16086999999999996,0.0204,0.055600000000000004,456774636701154.562500
-0.16085999999999995,0.0236,0.055600000000000004,456774636701154.562500
-0.16085,0.022000000000000002,0.0572,456774636701154.562500
-0.16083999999999998,0.0236,0.0548,456774636701154.562500
-0.16082999999999997,0.022000000000000002,0.056400000000000006,456774636701154.562500
-0.16081999999999996,0.0204,0.053200000000000004,456774636701154.562500
-0.16080999999999995,0.0212,0.050800000000000005,456774636701154.562500
-0.1608,0.022000000000000002,0.050800000000000005,456774636701154.562500
-0.16079,0.026000000000000002,0.055600000000000004,456774636701154.562500
-0.16077999999999998,0.0244,0.0572,456774636701154.562500
-0.16076999999999997,0.0236,0.0572,456774636701154.562500
-0.16075999999999996,0.0236,0.056400000000000006,456774636701154.562500
-0.16074999999999995,0.0228,0.055600000000000004,456774636701154.562500
-0.16074,0.0204,0.056400000000000006,456774636701154.562500
-0.16072999999999998,0.022000000000000002,0.053200000000000004,456774636701154.562500
-0.16071999999999997,0.0196,0.0572,456774636701154.562500
-0.16070999999999996,0.0204,0.0468,456774636701154.562500
-0.16069999999999995,0.018000000000000002,0.0524,456774636701154.562500
-0.16069,0.0212,0.054,456774636701154.562500
-0.16068,0.015600000000000001,0.0572,456774636701154.562500
-0.16066999999999998,0.0228,0.0572,456774636701154.562500
-0.16065999999999997,0.022000000000000002,0.0548,456774636701154.562500
-0.16064999999999996,0.022000000000000002,0.058,456774636701154.562500
-0.16063999999999995,0.0228,0.054,456774636701154.562500
-0.16063,0.0204,0.0572,456774636701154.562500
-0.16061999999999999,0.022000000000000002,0.0548,456774636701154.562500
-0.16060999999999998,0.0212,0.055600000000000004,456774636701154.562500
-0.16059999999999997,0.022000000000000002,0.058,456774636701154.562500
-0.16058999999999996,0.0228,0.0572,456774636701154.562500
-0.16057999999999995,0.0228,0.0572,456774636701154.562500
-0.16057,0.0204,0.042,456774636701154.562500
-0.16055999999999998,0.0236,0.0572,456774636701154.562500
-0.16054999999999997,0.0244,0.053200000000000004,456774636701154.562500
-0.16053999999999996,0.026000000000000002,0.056400000000000006,456774636701154.562500
-0.16052999999999995,0.022000000000000002,0.056400000000000006,456774636701154.562500
-0.16052,0.0228,0.0572,456774636701154.562500
-0.16050999999999999,0.022000000000000002,0.0572,456774636701154.562500
-0.16049999999999998,0.0236,0.056400000000000006,456774636701154.562500
-0.16048999999999997,0.0228,0.0572,456774636701154.562500
-0.16047999999999996,0.0212,0.056400000000000006,456774636701154.562500
-0.16046999999999995,0.0204,0.0572,456774636701154.562500
-0.16046,0.0228,0.058,456774636701154.562500
-0.16044999999999998,0.022000000000000002,0.0548,456774636701154.562500
-0.16043999999999997,0.0244,0.058,456774636701154.562500
-0.16042999999999996,0.0228,0.055600000000000004,456774636701154.562500
-0.16041999999999995,0.022000000000000002,0.0572,456774636701154.562500
-0.16041,0.0244,0.055600000000000004,456774636701154.562500
-0.1604,0.0164,0.048400000000000006,456774636701154.562500
-0.16038999999999998,0.022000000000000002,0.0572,456774636701154.562500
-0.16037999999999997,0.0228,0.056400000000000006,456774636701154.562500
-0.16036999999999996,0.0212,0.055600000000000004,456774636701154.562500
-0.16035999999999995,0.022000000000000002,0.0572,456774636701154.562500
-0.16035,0.0204,0.048400000000000006,456774636701154.562500
-0.16033999999999998,0.0212,0.054,456774636701154.562500
-0.16032999999999997,0.0204,0.0548,456774636701154.562500
-0.16031999999999996,0.0228,0.056400000000000006,456774636701154.562500
-0.16030999999999995,0.0228,0.0516,456774636701154.562500
-0.1603,0.0188,0.0572,456774636701154.562500
-0.16029,0.022000000000000002,0.056400000000000006,456774636701154.562500
-0.16027999999999998,0.0236,0.0492,456774636701154.562500
-0.16026999999999997,0.022000000000000002,0.058,456774636701154.562500
-0.16025999999999996,0.0244,0.055600000000000004,456774636701154.562500
-0.16024999999999995,0.022000000000000002,0.056400000000000006,456774636701154.562500
-0.16024,0.0228,0.053200000000000004,456774636701154.562500
-0.16022999999999998,0.0204,0.0548,456774636701154.562500
-0.16021999999999997,0.0228,0.0516,456774636701154.562500
-0.16020999999999996,0.0172,0.056400000000000006,456774636701154.562500
-0.16019999999999995,0.0236,0.0524,456774636701154.562500
-0.16019,0.0236,0.0548,456774636701154.562500
-0.16018,0.0244,0.0516,456774636701154.562500
-0.16016999999999998,0.022000000000000002,0.055600000000000004,456774636701154.562500
-0.16015999999999997,0.0228,0.0516,456774636701154.562500
-0.16014999999999996,0.0236,0.054,456774636701154.562500
-0.16013999999999995,0.0236,0.0468,456774636701154.562500
-0.16013,0.022000000000000002,0.056400000000000006,456774636701154.562500
-0.16011999999999998,0.0236,0.058,456774636701154.562500
-0.16010999999999997,0.022000000000000002,0.053200000000000004,456774636701154.562500
-0.16009999999999996,0.0172,0.055600000000000004,456774636701154.562500
-0.16008999999999995,0.022000000000000002,0.0548,456774636701154.562500
-0.16007999999999994,0.022000000000000002,0.055600000000000004,456774636701154.562500
-0.16007,0.022000000000000002,0.0524,456774636701154.562500
-0.16005999999999998,0.022000000000000002,0.058,456774636701154.562500
-0.16004999999999997,0.0204,0.0572,456774636701154.562500
-0.16003999999999996,0.0228,0.058,456774636701154.562500
-0.16002999999999995,0.022000000000000002,0.056400000000000006,456774636701154.562500
-0.16002,0.0212,0.058,456774636701154.562500
-0.16000999999999999,0.022000000000000002,0.0572,456774636701154.562500
-0.15999999999999998,0.0212,0.0516,456774636701154.562500
-0.15998999999999997,0.0212,0.0572,456774636701154.562500
-0.15997999999999996,0.0228,0.056400000000000006,456774636701154.562500
-0.15996999999999995,0.0228,0.056400000000000006,456774636701154.562500
-0.15996,0.022000000000000002,0.053200000000000004,456774636701154.562500
-0.15994999999999998,0.022000000000000002,0.055600000000000004,456774636701154.562500
-0.15993999999999997,0.0212,0.056400000000000006,456774636701154.562500
-0.15992999999999996,0.0252,0.0524,456774636701154.562500
-0.15991999999999995,0.0236,0.056400000000000006,456774636701154.562500
-0.15991,0.0244,0.054,456774636701154.562500
-0.1599,0.018000000000000002,0.054,456774636701154.562500
-0.15988999999999998,0.0244,0.0548,456774636701154.562500
-0.15987999999999997,0.0228,0.0548,456774636701154.562500
-0.15986999999999996,0.0228,0.056400000000000006,456774636701154.562500
-0.15985999999999995,0.0244,0.056400000000000006,456774636701154.562500
-0.15985,0.0228,0.0516,456774636701154.562500
-0.15983999999999998,0.0244,0.056400000000000006,456774636701154.562500
-0.15982999999999997,0.0204,0.05,456774636701154.562500
-0.15981999999999996,0.0236,0.058,456774636701154.562500
-0.15980999999999995,0.0204,0.054,456774636701154.562500
-0.1598,0.022000000000000002,0.0572,456774636701154.562500
-0.15979,0.018000000000000002,0.056400000000000006,456774636701154.562500
-0.15977999999999998,0.0212,0.058,456774636701154.562500
-0.15976999999999997,0.022000000000000002,0.055600000000000004,456774636701154.562500
-0.15975999999999996,0.0228,0.0548,456774636701154.562500
-0.15974999999999995,0.0188,0.0548,456774636701154.562500
-0.15974,0.0212,0.055600000000000004,456774636701154.562500
-0.15972999999999998,0.0204,0.0548,456774636701154.562500
-0.15971999999999997,0.0228,0.055600000000000004,456774636701154.562500
-0.15970999999999996,0.0228,0.058,456774636701154.562500
-0.15969999999999995,0.0212,0.0572,456774636701154.562500
-0.15969,0.0212,0.0572,456774636701154.562500
-0.15968,0.022000000000000002,0.056400000000000006,456774636701154.562500
-0.15966999999999998,0.0244,0.0548,456774636701154.562500
-0.15965999999999997,0.0212,0.0572,456774636701154.562500
-0.15964999999999996,0.0236,0.058,456774636701154.562500
-0.15963999999999995,0.0236,0.058,456774636701154.562500
-0.15963,0.0244,0.058,456774636701154.562500
-0.15961999999999998,0.0236,0.048400000000000006,456774636701154.562500
-0.15960999999999997,0.0236,0.056400000000000006,456774636701154.562500
-0.15959999999999996,0.0228,0.054,456774636701154.562500
-0.15958999999999995,0.0244,0.058,456774636701154.562500
-0.15958,0.0204,0.050800000000000005,456774636701154.562500
-0.15957,0.0244,0.0572,456774636701154.562500
-0.15955999999999998,0.0244,0.042800000000000005,456774636701154.562500
-0.15954999999999997,0.0244,0.055600000000000004,456774636701154.562500
-0.15953999999999996,0.0236,0.050800000000000005,456774636701154.562500
-0.15952999999999995,0.0236,0.058800000000000005,456774636701154.562500
-0.15952,0.0228,0.0572,456774636701154.562500
-0.15950999999999999,0.022000000000000002,0.056400000000000006,456774636701154.562500
-0.15949999999999998,0.0236,0.0572,456774636701154.562500
-0.15948999999999997,0.022000000000000002,0.055600000000000004,456774636701154.562500
-0.15947999999999996,0.022000000000000002,0.0572,456774636701154.562500
-0.15946999999999995,0.022000000000000002,0.055600000000000004,456774636701154.562500
-0.15946,0.022000000000000002,0.056400000000000006,456774636701154.562500
-0.15944999999999998,0.022000000000000002,0.0524,456774636701154.562500
-0.15943999999999997,0.022000000000000002,0.0548,456774636701154.562500
-0.15942999999999996,0.022000000000000002,0.055600000000000004,456774636701154.562500
-0.15941999999999995,0.022000000000000002,0.0548,456774636701154.562500
-0.15941,0.0236,0.040400000000000005,456774636701154.562500
-0.1594,0.022000000000000002,0.05,456774636701154.562500
-0.15938999999999998,0.0228,0.034,456774636701154.562500
-0.15937999999999997,0.0188,0.046,456774636701154.562500
-0.15936999999999996,0.0228,0.046,456774636701154.562500
-0.15935999999999995,0.0228,0.055600000000000004,456774636701154.562500
-0.15935,0.0236,0.0548,456774636701154.562500
-0.15933999999999998,0.0244,0.0572,456774636701154.562500
-0.15932999999999997,0.0236,0.056400000000000006,456774636701154.562500
-0.15931999999999996,0.0236,0.0524,456774636701154.562500
-0.15930999999999995,0.0228,0.056400000000000006,456774636701154.562500
-0.1593,0.0252,0.056400000000000006,456774636701154.562500
-0.15929,0.0252,0.058,456774636701154.562500
-0.15927999999999998,0.0244,0.056400000000000006,456774636701154.562500
-0.15926999999999997,0.0252,0.056400000000000006,456774636701154.562500
-0.15925999999999996,0.0244,0.054,456774636701154.562500
-0.15924999999999995,0.0236,0.056400000000000006,456774636701154.562500
-0.15924,0.0228,0.055600000000000004,456774636701154.562500
-0.15922999999999998,0.0252,0.055600000000000004,456774636701154.562500
-0.15921999999999997,0.0212,0.055600000000000004,456774636701154.562500
-0.15920999999999996,0.0236,0.054,456774636701154.562500
-0.15919999999999995,0.0228,0.053200000000000004,456774636701154.562500
-0.15919,0.022000000000000002,0.056400000000000006,456774636701154.562500
-0.15918,0.022000000000000002,0.05,456774636701154.562500
-0.15916999999999998,0.018000000000000002,0.0492,456774636701154.562500
-0.15915999999999997,0.022000000000000002,0.056400000000000006,456774636701154.562500
-0.15914999999999996,0.0204,0.05,456774636701154.562500
-0.15913999999999995,0.0204,0.056400000000000006,456774636701154.562500
-0.15913,0.022000000000000002,0.048400000000000006,456774636701154.562500
-0.15911999999999998,0.0204,0.0572,456774636701154.562500
-0.15910999999999997,0.0212,0.054,456774636701154.562500
-0.15909999999999996,0.0212,0.055600000000000004,456774636701154.562500
-0.15908999999999995,0.0212,0.056400000000000006,456774636701154.562500
-0.15908,0.0204,0.05,456774636701154.562500
-0.15907,0.0228,0.056400000000000006,456774636701154.562500
-0.15905999999999998,0.0212,0.0476,456774636701154.562500
-0.15904999999999997,0.0228,0.055600000000000004,456774636701154.562500
-0.15903999999999996,0.0244,0.053200000000000004,456774636701154.562500
-0.15902999999999995,0.0228,0.056400000000000006,456774636701154.562500
-0.15902,0.0228,0.055600000000000004,456774636701154.562500
-0.15900999999999998,0.022000000000000002,0.055600000000000004,456774636701154.562500
-0.15899999999999997,0.0236,0.055600000000000004,456774636701154.562500
-0.15898999999999996,0.0244,0.055600000000000004,456774636701154.562500
-0.15897999999999995,0.0236,0.054,456774636701154.562500
-0.15896999999999994,0.0212,0.0524,456774636701154.562500
-0.15896,0.0228,0.0516,456774636701154.562500
-0.15894999999999998,0.0204,0.0548,456774636701154.562500
-0.15893999999999997,0.022000000000000002,0.0572,456774636701154.562500
-0.15892999999999996,0.022000000000000002,0.056400000000000006,456774636701154.562500
-0.15891999999999995,0.0244,0.058,456774636701154.562500
-0.15891,0.0228,0.0468,456774636701154.562500
-0.15889999999999999,0.0236,0.054,456774636701154.562500
-0.15888999999999998,0.022000000000000002,0.0412,456774636701154.562500
-0.15887999999999997,0.0228,0.050800000000000005,456774636701154.562500
-0.15886999999999996,0.0212,0.054,456774636701154.562500
-0.15885999999999995,0.022000000000000002,0.056400000000000006,456774636701154.562500
-0.15885,0.0236,0.055600000000000004,456774636701154.562500
-0.15883999999999998,0.0212,0.056400000000000006,456774636701154.562500
-0.15882999999999997,0.022000000000000002,0.0572,456774636701154.562500
-0.15881999999999996,0.022000000000000002,0.056400000000000006,456774636701154.562500
-0.15880999999999995,0.022000000000000002,0.058,456774636701154.562500
-0.1588,0.0212,0.0548,456774636701154.562500
-0.15879,0.0212,0.0572,456774636701154.562500
-0.15877999999999998,0.022000000000000002,0.053200000000000004,456774636701154.562500
-0.15876999999999997,0.022000000000000002,0.056400000000000006,456774636701154.562500
-0.15875999999999996,0.0204,0.055600000000000004,456774636701154.562500
-0.15874999999999995,0.0228,0.058800000000000005,456774636701154.562500
-0.15874,0.0212,0.055600000000000004,456774636701154.562500
-0.15872999999999998,0.0228,0.0572,456774636701154.562500
-0.15871999999999997,0.0228,0.055600000000000004,456774636701154.562500
-0.15870999999999996,0.0244,0.056400000000000006,456774636701154.562500
-0.15869999999999995,0.0236,0.058,456774636701154.562500
-0.15869,0.0244,0.055600000000000004,456774636701154.562500
-0.15868,0.0236,0.0572,456774636701154.562500
-0.15866999999999998,0.022000000000000002,0.056400000000000006,456774636701154.562500
-0.15865999999999997,0.0252,0.056400000000000006,456774636701154.562500
-0.15864999999999996,0.0236,0.058,456774636701154.562500
-0.15863999999999995,0.0236,0.0548,456774636701154.562500
-0.15863,0.0212,0.058,456774636701154.562500
-0.15861999999999998,0.0228,0.056400000000000006,456774636701154.562500
-0.15860999999999997,0.0204,0.054,456774636701154.562500
-0.15859999999999996,0.0228,0.056400000000000006,456774636701154.562500
-0.15858999999999995,0.0204,0.054,456774636701154.562500
-0.15858,0.022000000000000002,0.055600000000000004,456774636701154.562500
-0.15857,0.022000000000000002,0.056400000000000006,456774636701154.562500
-0.15855999999999998,0.0212,0.0516,456774636701154.562500
-0.15854999999999997,0.0204,0.0548,456774636701154.562500
-0.15853999999999996,0.022000000000000002,0.0572,456774636701154.562500
-0.15852999999999995,0.0212,0.0548,456774636701154.562500
-0.15852,0.0212,0.056400000000000006,456774636701154.562500
-0.15850999999999998,0.0204,0.055600000000000004,456774636701154.562500
-0.15849999999999997,0.0212,0.056400000000000006,456774636701154.562500
-0.15848999999999996,0.022000000000000002,0.054,456774636701154.562500
-0.15847999999999995,0.022000000000000002,0.0572,456774636701154.562500
-0.15847,0.0236,0.0492,456774636701154.562500
-0.15846,0.0204,0.0524,456774636701154.562500
-0.15844999999999998,0.022000000000000002,0.055600000000000004,456774636701154.562500
-0.15843999999999997,0.0196,0.058,456774636701154.562500
-0.15842999999999996,0.0196,0.0572,456774636701154.562500
-0.15841999999999995,0.0188,0.0572,456774636701154.562500
-0.15841,0.022000000000000002,0.055600000000000004,456774636701154.562500
-0.15839999999999999,0.0204,0.0572,456774636701154.562500
-0.15838999999999998,0.0228,0.055600000000000004,456774636701154.562500
-0.15837999999999997,0.0244,0.056400000000000006,456774636701154.562500
-0.15836999999999996,0.0252,0.055600000000000004,456774636701154.562500
-0.15835999999999995,0.0244,0.056400000000000006,456774636701154.562500
-0.15835,0.0236,0.056400000000000006,456774636701154.562500
-0.15833999999999998,0.0244,0.056400000000000006,456774636701154.562500
-0.15832999999999997,0.022000000000000002,0.053200000000000004,456774636701154.562500
-0.15831999999999996,0.0252,0.058,456774636701154.562500
-0.15830999999999995,0.0228,0.058,456774636701154.562500
-0.1583,0.022000000000000002,0.056400000000000006,456774636701154.562500
-0.15829,0.0212,0.056400000000000006,456774636701154.562500
-0.15827999999999998,0.0244,0.054,456774636701154.562500
-0.15826999999999997,0.022000000000000002,0.055600000000000004,456774636701154.562500
-0.15825999999999996,0.018000000000000002,0.0572,456774636701154.562500
-0.15824999999999995,0.022000000000000002,0.056400000000000006,456774636701154.562500
-0.15824,0.0204,0.058800000000000005,456774636701154.562500
-0.15822999999999998,0.0236,0.0516,456774636701154.562500
-0.15821999999999997,0.022000000000000002,0.055600000000000004,456774636701154.562500
-0.15820999999999996,0.022000000000000002,0.056400000000000006,456774636701154.562500
-0.15819999999999995,0.0212,0.055600000000000004,456774636701154.562500
-0.15819,0.0212,0.0492,456774636701154.562500
-0.15818,0.022000000000000002,0.045200000000000004,456774636701154.562500
-0.15816999999999998,0.0212,0.0476,456774636701154.562500
-0.15815999999999997,0.0236,0.0444,456774636701154.562500
-0.15814999999999996,0.022000000000000002,0.048400000000000006,456774636701154.562500
-0.15813999999999995,0.0236,0.05,456774636701154.562500
-0.15813,0.0236,0.0436,456774636701154.562500
-0.15811999999999998,0.0212,0.0468,456774636701154.562500
-0.15810999999999997,0.0236,0.048400000000000006,456774636701154.562500
-0.15809999999999996,0.0252,0.0524,456774636701154.562500
-0.15808999999999995,0.0244,0.050800000000000005,456774636701154.562500
-0.15808,0.026000000000000002,0.0572,456774636701154.562500
-0.15807,0.0236,0.050800000000000005,456774636701154.562500
-0.15805999999999998,0.0252,0.0548,456774636701154.562500
-0.15804999999999997,0.0252,0.0572,456774636701154.562500
-0.15803999999999996,0.0236,0.0572,456774636701154.562500
-0.15802999999999995,0.0236,0.0572,456774636701154.562500
-0.15802,0.0228,0.058,456774636701154.562500
-0.15800999999999998,0.0236,0.0572,456774636701154.562500
-0.15799999999999997,0.0244,0.055600000000000004,456774636701154.562500
-0.15798999999999996,0.0236,0.0572,456774636701154.562500
-0.15797999999999995,0.0196,0.0548,456774636701154.562500
-0.15797,0.0228,0.056400000000000006,456774636701154.562500
-0.15796,0.0172,0.054,456774636701154.562500
-0.15794999999999998,0.0228,0.0572,456774636701154.562500
-0.15793999999999997,0.0212,0.0516,456774636701154.562500
-0.15792999999999996,0.022000000000000002,0.0572,456774636701154.562500
-0.15791999999999995,0.018000000000000002,0.0524,456774636701154.562500
-0.15791,0.0212,0.056400000000000006,456774636701154.562500
-0.15789999999999998,0.0212,0.056400000000000006,456774636701154.562500
-0.15788999999999997,0.022000000000000002,0.054,456774636701154.562500
-0.15787999999999996,0.0204,0.056400000000000006,456774636701154.562500
-0.15786999999999995,0.0228,0.050800000000000005,456774636701154.562500
-0.15785999999999994,0.0204,0.0572,456774636701154.562500
-0.15785,0.0228,0.055600000000000004,456774636701154.562500
-0.15783999999999998,0.022000000000000002,0.055600000000000004,456774636701154.562500
-0.15782999999999997,0.0236,0.055600000000000004,456774636701154.562500
-0.15781999999999996,0.0236,0.054,456774636701154.562500
-0.15780999999999995,0.0236,0.056400000000000006,456774636701154.562500
-0.1578,0.0236,0.0548,456774636701154.562500
-0.15778999999999999,0.0204,0.054,456774636701154.562500
-0.15777999999999998,0.0244,0.055600000000000004,456774636701154.562500
-0.15776999999999997,0.0228,0.056400000000000006,456774636701154.562500
-0.15775999999999996,0.0252,0.058,456774636701154.562500
-0.15774999999999995,0.0244,0.0572,456774636701154.562500
-0.15774,0.0236,0.0572,456774636701154.562500
-0.15772999999999998,0.0236,0.055600000000000004,456774636701154.562500
-0.15771999999999997,0.0236,0.0572,456774636701154.562500
-0.15770999999999996,0.0228,0.0572,456774636701154.562500
-0.15769999999999995,0.022000000000000002,0.055600000000000004,456774636701154.562500
-0.15769,0.0236,0.058,456774636701154.562500
-0.15768,0.0228,0.056400000000000006,456774636701154.562500
-0.15766999999999998,0.0236,0.055600000000000004,456774636701154.562500
-0.15765999999999997,0.0212,0.056400000000000006,456774636701154.562500
-0.15764999999999996,0.0236,0.056400000000000006,456774636701154.562500
-0.15763999999999995,0.022000000000000002,0.053200000000000004,456774636701154.562500
-0.15763,0.0212,0.056400000000000006,456774636701154.562500
-0.15761999999999998,0.022000000000000002,0.054,456774636701154.562500
-0.15760999999999997,0.022000000000000002,0.0492,456774636701154.562500
-0.15759999999999996,0.022000000000000002,0.0548,456774636701154.562500
-0.15758999999999995,0.022000000000000002,0.0572,456774636701154.562500
-0.15758,0.022000000000000002,0.058,456774636701154.562500
-0.15757,0.022000000000000002,0.056400000000000006,456774636701154.562500
-0.15755999999999998,0.0212,0.0572,456774636701154.562500
-0.15754999999999997,0.022000000000000002,0.0524,456774636701154.562500
-0.15753999999999996,0.022000000000000002,0.0468,456774636701154.562500
-0.15752999999999995,0.0228,0.0468,456774636701154.562500
-0.15752,0.0228,0.053200000000000004,456774636701154.562500
-0.15750999999999998,0.0236,0.045200000000000004,456774636701154.562500
-0.15749999999999997,0.022000000000000002,0.0548,456774636701154.562500
-0.15748999999999996,0.0236,0.042800000000000005,456774636701154.562500
-0.15747999999999995,0.0244,0.0548,456774636701154.562500
-0.15747,0.0244,0.0492,456774636701154.562500
-0.15746,0.0236,0.055600000000000004,456774636701154.562500
-0.15744999999999998,0.0244,0.0548,456774636701154.562500
-0.15743999999999997,0.0212,0.056400000000000006,456774636701154.562500
-0.15742999999999996,0.0236,0.056400000000000006,456774636701154.562500
-0.15741999999999995,0.0228,0.0572,456774636701154.562500
-0.15741,0.0212,0.058,456774636701154.562500
-0.15739999999999998,0.0236,0.053200000000000004,456774636701154.562500
-0.15738999999999997,0.0236,0.056400000000000006,456774636701154.562500
-0.15737999999999996,0.0228,0.055600000000000004,456774636701154.562500
-0.15736999999999995,0.0228,0.0516,456774636701154.562500
-0.15735999999999994,0.0212,0.0572,456774636701154.562500
-0.15735,0.0236,0.054,456774636701154.562500
-0.15733999999999998,0.0228,0.0572,456774636701154.562500
-0.15732999999999997,0.0212,0.056400000000000006,456774636701154.562500
-0.15731999999999996,0.0204,0.055600000000000004,456774636701154.562500
-0.15730999999999995,0.0228,0.053200000000000004,456774636701154.562500
-0.1573,0.0236,0.055600000000000004,456774636701154.562500
-0.15728999999999999,0.0196,0.055600000000000004,456774636701154.562500
-0.15727999999999998,0.0204,0.055600000000000004,456774636701154.562500
-0.15726999999999997,0.0228,0.0572,456774636701154.562500
-0.15725999999999996,0.022000000000000002,0.056400000000000006,456774636701154.562500
-0.15724999999999995,0.0228,0.058,456774636701154.562500
-0.15724,0.0228,0.055600000000000004,456774636701154.562500
-0.15722999999999998,0.0228,0.0572,456774636701154.562500
-0.15721999999999997,0.0228,0.055600000000000004,456774636701154.562500
-0.15720999999999996,0.0236,0.0572,456774636701154.562500
-0.15719999999999995,0.0236,0.0548,456774636701154.562500
-0.15719,0.0236,0.0572,456774636701154.562500
-0.15718,0.0244,0.0548,456774636701154.562500
-0.15716999999999998,0.0252,0.0572,456774636701154.562500
-0.15715999999999997,0.0236,0.0572,456774636701154.562500
-0.15714999999999996,0.0212,0.0572,456774636701154.562500
-0.15713999999999995,0.022000000000000002,0.05,456774636701154.562500
-0.15713,0.0204,0.0572,456774636701154.562500
-0.15711999999999998,0.0164,0.0516,456774636701154.562500
-0.15710999999999997,0.0196,0.0548,456774636701154.562500
-0.15709999999999996,0.0204,0.053200000000000004,456774636701154.562500
-0.15708999999999995,0.0236,0.056400000000000006,456774636701154.562500
-0.15708,0.018000000000000002,0.0516,456774636701154.562500
-0.15707,0.0204,0.050800000000000005,456774636701154.562500
-0.15705999999999998,0.0212,0.0468,456774636701154.562500
-0.15704999999999997,0.0236,0.05,456774636701154.562500
-0.15703999999999996,0.0204,0.0524,456774636701154.562500
-0.15702999999999995,0.022000000000000002,0.053200000000000004,456774636701154.562500
-0.15702,0.022000000000000002,0.053200000000000004,456774636701154.562500
-0.15700999999999998,0.0212,0.0524,456774636701154.562500
-0.15699999999999997,0.0196,0.0516,456774636701154.562500
-0.15698999999999996,0.0228,0.0548,456774636701154.562500
-0.15697999999999995,0.018000000000000002,0.056400000000000006,456774636701154.562500
-0.15697,0.022000000000000002,0.055600000000000004,456774636701154.562500
-0.15696,0.0212,0.0572,456774636701154.562500
-0.15694999999999998,0.0228,0.0572,456774636701154.562500
-0.15693999999999997,0.0212,0.056400000000000006,456774636701154.562500
-0.15692999999999996,0.0236,0.053200000000000004,456774636701154.562500
-0.15691999999999995,0.0252,0.053200000000000004,456774636701154.562500
-0.15691,0.022000000000000002,0.048400000000000006,456774636701154.562500
-0.15689999999999998,0.0212,0.055600000000000004,456774636701154.562500
-0.15688999999999997,0.0228,0.050800000000000005,456774636701154.562500
-0.15687999999999996,0.0244,0.054,456774636701154.562500
-0.15686999999999995,0.0212,0.046,456774636701154.562500
-0.15686,0.022000000000000002,0.053200000000000004,456774636701154.562500
-0.15685,0.0244,0.0548,456774636701154.562500
-0.15683999999999998,0.0236,0.056400000000000006,456774636701154.562500
-0.15682999999999997,0.0212,0.0516,456774636701154.562500
-0.15681999999999996,0.0188,0.056400000000000006,456774636701154.562500
-0.15680999999999995,0.0196,0.054,456774636701154.562500
-0.1568,0.0244,0.056400000000000006,456774636701154.562500
-0.15678999999999998,0.022000000000000002,0.055600000000000004,456774636701154.562500
-0.15677999999999997,0.0228,0.058,456774636701154.562500
-0.15676999999999996,0.0244,0.0572,456774636701154.562500
-0.15675999999999995,0.0228,0.058,456774636701154.562500
-0.15674999999999994,0.022000000000000002,0.058800000000000005,456774636701154.562500
-0.15674,0.0244,0.056400000000000006,456774636701154.562500
-0.15672999999999998,0.0236,0.055600000000000004,456774636701154.562500
-0.15671999999999997,0.0188,0.056400000000000006,456774636701154.562500
-0.15670999999999996,0.0212,0.055600000000000004,456774636701154.562500
-0.15669999999999995,0.015600000000000001,0.0516,456774636701154.562500
-0.15669,0.0172,0.054,456774636701154.562500
-0.15667999999999999,0.0164,0.0516,456774636701154.562500
-0.15666999999999998,0.015600000000000001,0.056400000000000006,456774636701154.562500
-0.15665999999999997,0.0164,0.053200000000000004,456774636701154.562500
-0.15664999999999996,0.0212,0.058,456774636701154.562500
-0.15663999999999995,0.0212,0.0572,456774636701154.562500
-0.15663,0.0212,0.0444,456774636701154.562500
-0.15661999999999998,0.0164,0.0548,456774636701154.562500
-0.15660999999999997,0.0204,0.0516,456774636701154.562500
-0.15659999999999996,0.0212,0.055600000000000004,456774636701154.562500
-0.15658999999999995,0.022000000000000002,0.056400000000000006,456774636701154.562500
-0.15658,0.0252,0.0572,456774636701154.562500
-0.15657,0.0212,0.058,456774636701154.562500
-0.15655999999999998,0.0236,0.050800000000000005,456774636701154.562500
-0.15654999999999997,0.0236,0.055600000000000004,456774636701154.562500
-0.15653999999999996,0.022000000000000002,0.0572,456774636701154.562500
-0.15652999999999995,0.0212,0.053200000000000004,456774636701154.562500
-0.15652,0.0228,0.055600000000000004,456774636701154.562500
-0.15650999999999998,0.0228,0.055600000000000004,456774636701154.562500
-0.15649999999999997,0.0204,0.055600000000000004,456774636701154.562500
-0.15648999999999996,0.0212,0.0524,456774636701154.562500
-0.15647999999999995,0.022000000000000002,0.048400000000000006,456774636701154.562500
-0.15647,0.0204,0.042800000000000005,456774636701154.562500
-0.15646,0.0236,0.055600000000000004,456774636701154.562500
-0.15644999999999998,0.0196,0.054,456774636701154.562500
-0.15643999999999997,0.0212,0.0548,456774636701154.562500
-0.15642999999999996,0.0236,0.046,456774636701154.562500
-0.15641999999999995,0.0236,0.0524,456774636701154.562500
-0.15641,0.0212,0.046,456774636701154.562500
-0.15639999999999998,0.022000000000000002,0.0492,456774636701154.562500
-0.15638999999999997,0.0212,0.050800000000000005,456774636701154.562500
-0.15637999999999996,0.0236,0.054,456774636701154.562500
-0.15636999999999995,0.022000000000000002,0.0516,456774636701154.562500
-0.15636,0.022000000000000002,0.0572,456774636701154.562500
-0.15635,0.022000000000000002,0.056400000000000006,456774636701154.562500
-0.15633999999999998,0.0196,0.058800000000000005,456774636701154.562500
-0.15632999999999997,0.0244,0.0548,456774636701154.562500
-0.15631999999999996,0.0204,0.055600000000000004,456774636701154.562500
-0.15630999999999995,0.0228,0.0548,456774636701154.562500
-0.1563,0.0204,0.053200000000000004,456774636701154.562500
-0.15628999999999998,0.0212,0.055600000000000004,456774636701154.562500
-0.15627999999999997,0.0212,0.055600000000000004,456774636701154.562500
-0.15626999999999996,0.0212,0.055600000000000004,456774636701154.562500
-0.15625999999999995,0.014,0.058800000000000005,456774636701154.562500
-0.15624999999999994,0.022000000000000002,0.0572,456774636701154.562500
-0.15624,0.0196,0.054,456774636701154.562500
-0.15622999999999998,0.022000000000000002,0.0548,456774636701154.562500
-0.15621999999999997,0.0244,0.056400000000000006,456774636701154.562500
-0.15620999999999996,0.0236,0.058,456774636701154.562500
-0.15619999999999995,0.0236,0.056400000000000006,456774636701154.562500
-0.15619,0.022000000000000002,0.056400000000000006,456774636701154.562500
-0.15617999999999999,0.0236,0.0572,456774636701154.562500
-0.15616999999999998,0.0236,0.056400000000000006,456774636701154.562500
-0.15615999999999997,0.0212,0.055600000000000004,456774636701154.562500
-0.15614999999999996,0.0164,0.054,456774636701154.562500
-0.15613999999999995,0.0188,0.055600000000000004,456774636701154.562500
-0.15613,0.014,0.0572,456774636701154.562500
-0.15611999999999998,0.0196,0.054,456774636701154.562500
-0.15610999999999997,0.015600000000000001,0.0572,456774636701154.562500
-0.15609999999999996,0.0196,0.0572,456774636701154.562500
-0.15608999999999995,0.0188,0.055600000000000004,456774636701154.562500
-0.15608,0.022000000000000002,0.056400000000000006,456774636701154.562500
-0.15607,0.022000000000000002,0.0516,456774636701154.562500
-0.15605999999999998,0.022000000000000002,0.0572,456774636701154.562500
-0.15604999999999997,0.0228,0.054,456774636701154.562500
-0.15603999999999996,0.0228,0.056400000000000006,456774636701154.562500
-0.15602999999999995,0.022000000000000002,0.0524,456774636701154.562500
-0.15602,0.0228,0.055600000000000004,456774636701154.562500
-0.15600999999999998,0.0228,0.050800000000000005,456774636701154.562500
-0.15599999999999997,0.0244,0.055600000000000004,456774636701154.562500
-0.15598999999999996,0.0236,0.055600000000000004,456774636701154.562500
-0.15597999999999995,0.022000000000000002,0.055600000000000004,456774636701154.562500
-0.15597,0.0236,0.0548,456774636701154.562500
-0.15596,0.0244,0.054,456774636701154.562500
-0.15594999999999998,0.0252,0.0548,456774636701154.562500
-0.15593999999999997,0.0252,0.0572,456774636701154.562500
-0.15592999999999996,0.0252,0.054,456774636701154.562500
-0.15591999999999995,0.0236,0.058,456774636701154.562500
-0.15591,0.0244,0.0572,456774636701154.562500
-0.15589999999999998,0.0236,0.0548,456774636701154.562500
-0.15588999999999997,0.0212,0.054,456774636701154.562500
-0.15587999999999996,0.0228,0.0468,456774636701154.562500
-0.15586999999999995,0.0236,0.05,456774636701154.562500
-0.15586,0.0228,0.048400000000000006,456774636701154.562500
-0.15585,0.022000000000000002,0.0492,456774636701154.562500
-0.15583999999999998,0.0204,0.048400000000000006,456774636701154.562500
-0.15582999999999997,0.0228,0.0516,456774636701154.562500
-0.15581999999999996,0.0204,0.0436,456774636701154.562500
-0.15580999999999995,0.0212,0.037200000000000004,456774636701154.562500
-0.1558,0.0228,0.034,456774636701154.562500
-0.15578999999999998,0.0204,0.0524,456774636701154.562500
-0.15577999999999997,0.0196,0.048400000000000006,456774636701154.562500
-0.15576999999999996,0.018000000000000002,0.0476,456774636701154.562500
-0.15575999999999995,0.0228,0.0468,456774636701154.562500
-0.15575,0.0228,0.0548,456774636701154.562500
-0.15574,0.0228,0.05,456774636701154.562500
-0.15572999999999998,0.0228,0.056400000000000006,456774636701154.562500
-0.15571999999999997,0.0228,0.054,456774636701154.562500
-0.15570999999999996,0.0244,0.055600000000000004,456774636701154.562500
-0.15569999999999995,0.022000000000000002,0.0572,456774636701154.562500
-0.15569,0.0236,0.053200000000000004,456774636701154.562500
-0.15567999999999999,0.022000000000000002,0.055600000000000004,456774636701154.562500
-0.15566999999999998,0.0236,0.0468,456774636701154.562500
-0.15565999999999997,0.0236,0.0548,456774636701154.562500
-0.15564999999999996,0.0252,0.0412,456774636701154.562500
-0.15563999999999995,0.0236,0.053200000000000004,456774636701154.562500
-0.15563,0.022000000000000002,0.048400000000000006,456774636701154.562500
-0.15561999999999998,0.0244,0.0516,456774636701154.562500
-0.15560999999999997,0.0212,0.0476,456774636701154.562500
-0.15559999999999996,0.0244,0.0548,456774636701154.562500
-0.15558999999999995,0.0212,0.0524,456774636701154.562500
-0.15558,0.0236,0.056400000000000006,456774636701154.562500
-0.15556999999999999,0.0236,0.056400000000000006,456774636701154.562500
-0.15555999999999998,0.0236,0.058,456774636701154.562500
-0.15554999999999997,0.0228,0.0572,456774636701154.562500
-0.15553999999999996,0.022000000000000002,0.056400000000000006,456774636701154.562500
-0.15552999999999995,0.022000000000000002,0.056400000000000006,456774636701154.562500
-0.15552,0.022000000000000002,0.0572,456774636701154.562500
-0.15550999999999998,0.0196,0.0572,456774636701154.562500
-0.15549999999999997,0.0228,0.056400000000000006,456774636701154.562500
-0.15548999999999996,0.0188,0.0572,456774636701154.562500
-0.15547999999999995,0.0172,0.055600000000000004,456774636701154.562500
-0.15547,0.018000000000000002,0.058,456774636701154.562500
-0.15546,0.022000000000000002,0.0572,456774636701154.562500
-0.15544999999999998,0.022000000000000002,0.055600000000000004,456774636701154.562500
-0.15543999999999997,0.0236,0.0572,456774636701154.562500
-0.15542999999999996,0.0204,0.056400000000000006,456774636701154.562500
-0.15541999999999995,0.0236,0.056400000000000006,456774636701154.562500
-0.15541,0.0244,0.0548,456774636701154.562500
-0.15539999999999998,0.0236,0.053200000000000004,456774636701154.562500
-0.15538999999999997,0.026000000000000002,0.058,456774636701154.562500
-0.15537999999999996,0.0204,0.0516,456774636701154.562500
-0.15536999999999995,0.0252,0.058,456774636701154.562500
-0.15536,0.0228,0.050800000000000005,456774636701154.562500
-0.15535,0.0252,0.055600000000000004,456774636701154.562500
-0.15533999999999998,0.0252,0.0572,456774636701154.562500
-0.15532999999999997,0.0236,0.053200000000000004,456774636701154.562500
-0.15531999999999996,0.0236,0.055600000000000004,456774636701154.562500
-0.15530999999999995,0.0236,0.045200000000000004,456774636701154.562500
-0.1553,0.0228,0.055600000000000004,456774636701154.562500
-0.15528999999999998,0.0204,0.0548,456774636701154.562500
-0.15527999999999997,0.0244,0.056400000000000006,456774636701154.562500
-0.15526999999999996,0.0244,0.0572,456774636701154.562500
-0.15525999999999995,0.0212,0.0572,456774636701154.562500
-0.15525,0.0236,0.054,456774636701154.562500
-0.15524,0.0228,0.056400000000000006,456774636701154.562500
-0.15522999999999998,0.0228,0.0572,456774636701154.562500
-0.15521999999999997,0.022000000000000002,0.055600000000000004,456774636701154.562500
-0.15520999999999996,0.022000000000000002,0.0548,456774636701154.562500
-0.15519999999999995,0.022000000000000002,0.0548,456774636701154.562500
-0.15519,0.0212,0.056400000000000006,456774636701154.562500
-0.15517999999999998,0.022000000000000002,0.0572,456774636701154.562500
-0.15516999999999997,0.0236,0.0492,456774636701154.562500
-0.15515999999999996,0.0204,0.058,456774636701154.562500
-0.15514999999999995,0.022000000000000002,0.046,456774636701154.562500
-0.15513999999999994,0.0228,0.0524,456774636701154.562500
-0.15513,0.0212,0.055600000000000004,456774636701154.562500
-0.15511999999999998,0.022000000000000002,0.0572,456774636701154.562500
-0.15510999999999997,0.0236,0.050800000000000005,456774636701154.562500
-0.15509999999999996,0.0228,0.046,456774636701154.562500
-0.15508999999999995,0.022000000000000002,0.046,456774636701154.562500
-0.15508,0.0212,0.056400000000000006,456774636701154.562500
-0.15506999999999999,0.0228,0.058,456774636701154.562500
-0.15505999999999998,0.0236,0.055600000000000004,456774636701154.562500
-0.15504999999999997,0.0236,0.056400000000000006,456774636701154.562500
-0.15503999999999996,0.0236,0.055600000000000004,456774636701154.562500
-0.15502999999999995,0.0236,0.055600000000000004,456774636701154.562500
-0.15502,0.0236,0.056400000000000006,456774636701154.562500
-0.15500999999999998,0.0212,0.056400000000000006,456774636701154.562500
-0.15499999999999997,0.022000000000000002,0.055600000000000004,456774636701154.562500
-0.15498999999999996,0.0228,0.056400000000000006,456774636701154.562500
-0.15497999999999995,0.022000000000000002,0.055600000000000004,456774636701154.562500
-0.15497,0.022000000000000002,0.0572,456774636701154.562500
-0.15496,0.0236,0.053200000000000004,456774636701154.562500
-0.15494999999999998,0.0228,0.0572,456774636701154.562500
-0.15493999999999997,0.022000000000000002,0.056400000000000006,456774636701154.562500
-0.15492999999999996,0.0212,0.055600000000000004,456774636701154.562500
-0.15491999999999995,0.022000000000000002,0.056400000000000006,456774636701154.562500
-0.15491,0.0204,0.0524,456774636701154.562500
-0.15489999999999998,0.0188,0.056400000000000006,456774636701154.562500
-0.15488999999999997,0.0204,0.0524,456774636701154.562500
-0.15487999999999996,0.0228,0.0572,456774636701154.562500
-0.15486999999999995,0.0236,0.055600000000000004,456774636701154.562500
-0.15486,0.022000000000000002,0.054,456774636701154.562500
-0.15485,0.0228,0.0572,456774636701154.562500
-0.15483999999999998,0.0196,0.0492,456774636701154.562500
-0.15482999999999997,0.018000000000000002,0.056400000000000006,456774636701154.562500
-0.15481999999999996,0.0204,0.055600000000000004,456774636701154.562500
-0.15480999999999995,0.022000000000000002,0.050800000000000005,456774636701154.562500
-0.1548,0.0196,0.055600000000000004,456774636701154.562500
-0.15478999999999998,0.0172,0.053200000000000004,456774636701154.562500
-0.15477999999999997,0.0196,0.0572,456774636701154.562500
-0.15476999999999996,0.0228,0.055600000000000004,456774636701154.562500
-0.15475999999999995,0.0236,0.0572,456774636701154.562500
-0.15475,0.022000000000000002,0.055600000000000004,456774636701154.562500
-0.15474,0.0244,0.054,456774636701154.562500
-0.15472999999999998,0.0252,0.055600000000000004,456774636701154.562500
-0.15471999999999997,0.0228,0.055600000000000004,456774636701154.562500
-0.15470999999999996,0.0252,0.0572,456774636701154.562500
-0.15469999999999995,0.0228,0.056400000000000006,456774636701154.562500
-0.15469,0.0244,0.0524,456774636701154.562500
-0.15467999999999998,0.0236,0.0572,456774636701154.562500
-0.15466999999999997,0.022000000000000002,0.054,456774636701154.562500
-0.15465999999999996,0.022000000000000002,0.058,456774636701154.562500
-0.15464999999999995,0.0212,0.056400000000000006,456774636701154.562500
-0.15463999999999994,0.022000000000000002,0.058,456774636701154.562500
-0.15463,0.022000000000000002,0.0548,456774636701154.562500
-0.15461999999999998,0.0204,0.055600000000000004,456774636701154.562500
-0.15460999999999997,0.0236,0.056400000000000006,456774636701154.562500
-0.15459999999999996,0.022000000000000002,0.055600000000000004,456774636701154.562500
-0.15458999999999995,0.022000000000000002,0.056400000000000006,456774636701154.562500
-0.15458,0.022000000000000002,0.056400000000000006,456774636701154.562500
-0.15456999999999999,0.0228,0.053200000000000004,456774636701154.562500
-0.15455999999999998,0.0188,0.0572,456774636701154.562500
-0.15454999999999997,0.0212,0.056400000000000006,456774636701154.562500
-0.15453999999999996,0.0172,0.056400000000000006,456774636701154.562500
-0.15452999999999995,0.022000000000000002,0.0476,456774636701154.562500
-0.15452,0.0236,0.0572,456774636701154.562500
-0.15450999999999998,0.0212,0.055600000000000004,456774636701154.562500
-0.15449999999999997,0.022000000000000002,0.055600000000000004,456774636701154.562500
-0.15448999999999996,0.022000000000000002,0.0548,456774636701154.562500
-0.15447999999999995,0.0236,0.056400000000000006,456774636701154.562500
-0.15447,0.022000000000000002,0.058,456774636701154.562500
-0.15446,0.0244,0.0572,456774636701154.562500
-0.15444999999999998,0.0188,0.056400000000000006,456774636701154.562500
-0.15443999999999997,0.022000000000000002,0.054,456774636701154.562500
-0.15442999999999996,0.0236,0.058,456774636701154.562500
-0.15441999999999995,0.0236,0.058,456774636701154.562500
-0.15441,0.0244,0.0572,456774636701154.562500
-0.15439999999999998,0.0236,0.0572,456774636701154.562500
-0.15438999999999997,0.0244,0.0516,456774636701154.562500
-0.15437999999999996,0.0228,0.0516,456774636701154.562500
-0.15436999999999995,0.0236,0.0548,456774636701154.562500
-0.15436,0.0244,0.050800000000000005,456774636701154.562500
-0.15435,0.022000000000000002,0.0572,456774636701154.562500
-0.15433999999999998,0.018000000000000002,0.0572,456774636701154.562500
-0.15432999999999997,0.018000000000000002,0.0548,456774636701154.562500
-0.15431999999999996,0.0212,0.0572,456774636701154.562500
-0.15430999999999995,0.0188,0.056400000000000006,456774636701154.562500
-0.1543,0.0212,0.0572,456774636701154.562500
-0.15428999999999998,0.0204,0.0572,456774636701154.562500
-0.15427999999999997,0.0204,0.056400000000000006,456774636701154.562500
-0.15426999999999996,0.0228,0.0524,456774636701154.562500
-0.15425999999999995,0.0228,0.0524,456774636701154.562500
-0.15425,0.0212,0.048400000000000006,456774636701154.562500
-0.15424,0.022000000000000002,0.056400000000000006,456774636701154.562500
-0.15422999999999998,0.0236,0.056400000000000006,456774636701154.562500
-0.15421999999999997,0.022000000000000002,0.056400000000000006,456774636701154.562500
-0.15420999999999996,0.0244,0.0548,456774636701154.562500
-0.15419999999999995,0.0212,0.056400000000000006,456774636701154.562500
-0.15419,0.0244,0.05,456774636701154.562500
-0.15417999999999998,0.0212,0.0548,456774636701154.562500
-0.15416999999999997,0.022000000000000002,0.050800000000000005,456774636701154.562500
-0.15415999999999996,0.0228,0.0548,456774636701154.562500
-0.15414999999999995,0.0244,0.045200000000000004,456774636701154.562500
-0.15414,0.0196,0.056400000000000006,456774636701154.562500
-0.15413,0.0228,0.0572,456774636701154.562500
-0.15411999999999998,0.0228,0.0548,456774636701154.562500
-0.15410999999999997,0.0252,0.0492,456774636701154.562500
-0.15409999999999996,0.0236,0.048400000000000006,456774636701154.562500
-0.15408999999999995,0.0228,0.0572,456774636701154.562500
-0.15408,0.026000000000000002,0.0436,456774636701154.562500
-0.15406999999999998,0.0236,0.0548,456774636701154.562500
-0.15405999999999997,0.0228,0.055600000000000004,456774636701154.562500
-0.15404999999999996,0.0196,0.056400000000000006,456774636701154.562500
-0.15403999999999995,0.0204,0.048400000000000006,456774636701154.562500
-0.15402999999999994,0.018000000000000002,0.0572,456774636701154.562500
-0.15402,0.0228,0.0516,456774636701154.562500
-0.15400999999999998,0.0188,0.056400000000000006,456774636701154.562500
-0.15399999999999997,0.022000000000000002,0.0572,456774636701154.562500
-0.15398999999999996,0.018000000000000002,0.056400000000000006,456774636701154.562500
-0.15397999999999995,0.022000000000000002,0.0572,456774636701154.562500
-0.15397,0.0244,0.055600000000000004,456774636701154.562500
-0.15395999999999999,0.0228,0.056400000000000006,456774636701154.562500
-0.15394999999999998,0.0212,0.0524,456774636701154.562500
-0.15393999999999997,0.0212,0.055600000000000004,456774636701154.562500
-0.15392999999999996,0.0236,0.056400000000000006,456774636701154.562500
-0.15391999999999995,0.0228,0.0548,456774636701154.562500
-0.15391,0.022000000000000002,0.0572,456774636701154.562500
-0.15389999999999998,0.0228,0.0524,456774636701154.562500
-0.15388999999999997,0.022000000000000002,0.055600000000000004,456774636701154.562500
-0.15387999999999996,0.0204,0.0516,456774636701154.562500
-0.15386999999999995,0.022000000000000002,0.056400000000000006,456774636701154.562500
-0.15386,0.0228,0.0548,456774636701154.562500
-0.15385,0.0212,0.0548,456774636701154.562500
-0.15383999999999998,0.0212,0.0572,456774636701154.562500
-0.15382999999999997,0.0252,0.0572,456774636701154.562500
-0.15381999999999996,0.022000000000000002,0.056400000000000006,456774636701154.562500
-0.15380999999999995,0.026000000000000002,0.056400000000000006,456774636701154.562500
-0.1538,0.0244,0.055600000000000004,456774636701154.562500
-0.15378999999999998,0.0244,0.0524,456774636701154.562500
-0.15377999999999997,0.0244,0.056400000000000006,456774636701154.562500
-0.15376999999999996,0.0236,0.058,456774636701154.562500
-0.15375999999999995,0.022000000000000002,0.055600000000000004,456774636701154.562500
-0.15375,0.022000000000000002,0.0548,456774636701154.562500
-0.15374,0.0236,0.058,456774636701154.562500
-0.15372999999999998,0.0196,0.0572,456774636701154.562500
-0.15371999999999997,0.0212,0.0572,456774636701154.562500
-0.15370999999999996,0.018000000000000002,0.058,456774636701154.562500
-0.15369999999999995,0.022000000000000002,0.0572,456774636701154.562500
-0.15369,0.0196,0.0572,456774636701154.562500
-0.15367999999999998,0.0204,0.058,456774636701154.562500
-0.15366999999999997,0.022000000000000002,0.055600000000000004,456774636701154.562500
-0.15365999999999996,0.0236,0.058,456774636701154.562500
-0.15364999999999995,0.018000000000000002,0.055600000000000004,456774636701154.562500
-0.15364,0.0212,0.0572,456774636701154.562500
-0.15363,0.022000000000000002,0.0572,456774636701154.562500
-0.15361999999999998,0.0228,0.058,456774636701154.562500
-0.15360999999999997,0.0228,0.0572,456774636701154.562500
-0.15359999999999996,0.0236,0.055600000000000004,456774636701154.562500
-0.15358999999999995,0.0228,0.056400000000000006,456774636701154.562500
-0.15358,0.0212,0.055600000000000004,456774636701154.562500
-0.15356999999999998,0.0212,0.055600000000000004,456774636701154.562500
-0.15355999999999997,0.0212,0.054,456774636701154.562500
-0.15354999999999996,0.0212,0.0572,456774636701154.562500
-0.15353999999999995,0.0236,0.056400000000000006,456774636701154.562500
-0.15352999999999994,0.0228,0.056400000000000006,456774636701154.562500
-0.15352,0.0236,0.053200000000000004,456774636701154.562500
-0.15350999999999998,0.0244,0.0548,456774636701154.562500
-0.15349999999999997,0.022000000000000002,0.056400000000000006,456774636701154.562500
-0.15348999999999996,0.0244,0.0572,456774636701154.562500
-0.15347999999999995,0.0244,0.0572,456774636701154.562500
-0.15347,0.0228,0.05,456774636701154.562500
-0.15345999999999999,0.0244,0.056400000000000006,456774636701154.562500
-0.15344999999999998,0.0244,0.056400000000000006,456774636701154.562500
-0.15343999999999997,0.0244,0.050800000000000005,456774636701154.562500
-0.15342999999999996,0.018000000000000002,0.056400000000000006,456774636701154.562500
-0.15341999999999995,0.0228,0.0492,456774636701154.562500
-0.15341,0.022000000000000002,0.054,456774636701154.562500
-0.15339999999999998,0.0212,0.0476,456774636701154.562500
-0.15338999999999997,0.022000000000000002,0.0572,456774636701154.562500
-0.15337999999999996,0.022000000000000002,0.056400000000000006,456774636701154.562500
-0.15336999999999995,0.0212,0.0524,456774636701154.562500
-0.15336,0.0212,0.054,456774636701154.562500
-0.15335,0.0228,0.050800000000000005,456774636701154.562500
-0.15333999999999998,0.022000000000000002,0.055600000000000004,456774636701154.562500
-0.15332999999999997,0.022000000000000002,0.054,456774636701154.562500
-0.15331999999999996,0.022000000000000002,0.056400000000000006,456774636701154.562500
-0.15330999999999995,0.0228,0.0492,456774636701154.562500
-0.1533,0.022000000000000002,0.055600000000000004,456774636701154.562500
-0.15328999999999998,0.0212,0.042800000000000005,456774636701154.562500
-0.15327999999999997,0.022000000000000002,0.0524,456774636701154.562500
-0.15326999999999996,0.0228,0.0524,456774636701154.562500
-0.15325999999999995,0.0204,0.054,456774636701154.562500
-0.15325,0.0228,0.0572,456774636701154.562500
-0.15324,0.022000000000000002,0.058,456774636701154.562500
-0.15322999999999998,0.0252,0.056400000000000006,456774636701154.562500
-0.15321999999999997,0.0236,0.0572,456774636701154.562500
-0.15320999999999996,0.0228,0.055600000000000004,456774636701154.562500
-0.15319999999999995,0.018000000000000002,0.056400000000000006,456774636701154.562500
-0.15319,0.022000000000000002,0.0572,456774636701154.562500
-0.15317999999999998,0.0252,0.056400000000000006,456774636701154.562500
-0.15316999999999997,0.0236,0.0524,456774636701154.562500
-0.15315999999999996,0.022000000000000002,0.055600000000000004,456774636701154.562500
-0.15314999999999995,0.0212,0.058,456774636701154.562500
-0.15314,0.0228,0.0516,456774636701154.562500
-0.15313,0.0204,0.053200000000000004,456774636701154.562500
-0.15311999999999998,0.0228,0.050800000000000005,456774636701154.562500
-0.15310999999999997,0.022000000000000002,0.056400000000000006,456774636701154.562500
-0.15309999999999996,0.0228,0.056400000000000006,456774636701154.562500
-0.15308999999999995,0.0204,0.0548,456774636701154.562500
-0.15308,0.0212,0.0524,456774636701154.562500
-0.15306999999999998,0.0196,0.042800000000000005,456774636701154.562500
-0.15305999999999997,0.022000000000000002,0.055600000000000004,456774636701154.562500
-0.15304999999999996,0.0204,0.055600000000000004,456774636701154.562500
-0.15303999999999995,0.022000000000000002,0.0572,456774636701154.562500
-0.15303,0.022000000000000002,0.055600000000000004,456774636701154.562500
-0.15302,0.0212,0.0548,456774636701154.562500
-0.15300999999999998,0.0212,0.0548,456774636701154.562500
-0.15299999999999997,0.0196,0.0572,456774636701154.562500
-0.15298999999999996,0.022000000000000002,0.056400000000000006,456774636701154.562500
-0.15297999999999995,0.015600000000000001,0.053200000000000004,456774636701154.562500
-0.15297,0.022000000000000002,0.0572,456774636701154.562500
-0.15295999999999998,0.0212,0.0572,456774636701154.562500
-0.15294999999999997,0.022000000000000002,0.0572,456774636701154.562500
-0.15293999999999996,0.0196,0.055600000000000004,456774636701154.562500
-0.15292999999999995,0.0244,0.056400000000000006,456774636701154.562500
-0.15291999999999994,0.0212,0.053200000000000004,456774636701154.562500
-0.15291,0.0244,0.050800000000000005,456774636701154.562500
-0.15289999999999998,0.0236,0.055600000000000004,456774636701154.562500
-0.15288999999999997,0.0244,0.056400000000000006,456774636701154.562500
-0.15287999999999996,0.0244,0.056400000000000006,456774636701154.562500
-0.15286999999999995,0.0228,0.055600000000000004,456774636701154.562500
-0.15286,0.0244,0.054,456774636701154.562500
-0.15284999999999999,0.0236,0.056400000000000006,456774636701154.562500
-0.15283999999999998,0.0236,0.0524,456774636701154.562500
-0.15282999999999997,0.0228,0.054,456774636701154.562500
-0.15281999999999996,0.022000000000000002,0.05,456774636701154.562500
-0.15280999999999995,0.0228,0.048400000000000006,456774636701154.562500
-0.1528,0.0228,0.0468,456774636701154.562500
-0.15278999999999998,0.0236,0.050800000000000005,456774636701154.562500
-0.15277999999999997,0.0212,0.054,456774636701154.562500
-0.15276999999999996,0.0228,0.0516,456774636701154.562500
-0.15275999999999995,0.0196,0.050800000000000005,456774636701154.562500
-0.15275,0.0236,0.054,456774636701154.562500
-0.15274,0.022000000000000002,0.045200000000000004,456774636701154.562500
-0.15272999999999998,0.022000000000000002,0.0516,456774636701154.562500
-0.15271999999999997,0.0236,0.054,456774636701154.562500
-0.15270999999999996,0.0228,0.056400000000000006,456774636701154.562500
-0.15269999999999995,0.0236,0.0524,456774636701154.562500
-0.15269,0.0244,0.056400000000000006,456774636701154.562500
-0.15267999999999998,0.0228,0.055600000000000004,456774636701154.562500
-0.15266999999999997,0.022000000000000002,0.05,456774636701154.562500
-0.15265999999999996,0.022000000000000002,0.056400000000000006,456774636701154.562500
-0.15264999999999995,0.0236,0.055600000000000004,456774636701154.562500
-0.15264,0.0244,0.0572,456774636701154.562500
-0.15263,0.0236,0.053200000000000004,456774636701154.562500
-0.15261999999999998,0.0252,0.055600000000000004,456774636701154.562500
-0.15260999999999997,0.0236,0.0572,456774636701154.562500
-0.15259999999999996,0.0236,0.0572,456774636701154.562500
-0.15258999999999995,0.0228,0.056400000000000006,456774636701154.562500
-0.15258,0.0244,0.0476,456774636701154.562500
-0.15256999999999998,0.026000000000000002,0.058,456774636701154.562500
-0.15255999999999997,0.0236,0.0524,456774636701154.562500
-0.15254999999999996,0.0196,0.053200000000000004,456774636701154.562500
-0.15253999999999995,0.0236,0.054,456774636701154.562500
-0.15253,0.0228,0.056400000000000006,456774636701154.562500
-0.15252,0.0204,0.055600000000000004,456774636701154.562500
-0.15250999999999998,0.022000000000000002,0.0572,456774636701154.562500
-0.15249999999999997,0.0212,0.058800000000000005,456774636701154.562500
-0.15248999999999996,0.022000000000000002,0.058,456774636701154.562500
-0.15247999999999995,0.0196,0.056400000000000006,456774636701154.562500
-0.15247,0.0196,0.055600000000000004,456774636701154.562500
-0.15245999999999998,0.0212,0.0572,456774636701154.562500
-0.15244999999999997,0.0212,0.0548,456774636701154.562500
-0.15243999999999996,0.022000000000000002,0.056400000000000006,456774636701154.562500
-0.15242999999999995,0.0164,0.056400000000000006,456774636701154.562500
-0.15241999999999994,0.022000000000000002,0.0572,456774636701154.562500
-0.15241,0.0172,0.058,456774636701154.562500
-0.15239999999999998,0.0228,0.055600000000000004,456774636701154.562500
-0.15238999999999997,0.0204,0.0548,456774636701154.562500
-0.15237999999999996,0.022000000000000002,0.058,456774636701154.562500
-0.15236999999999995,0.0228,0.0524,456774636701154.562500
-0.15236,0.0212,0.058,456774636701154.562500
-0.15234999999999999,0.0188,0.0524,456774636701154.562500
-0.15233999999999998,0.022000000000000002,0.053200000000000004,456774636701154.562500
-0.15232999999999997,0.022000000000000002,0.055600000000000004,456774636701154.562500
-0.15231999999999996,0.022000000000000002,0.0572,456774636701154.562500
-0.15230999999999995,0.0252,0.0524,456774636701154.562500
-0.1523,0.0244,0.055600000000000004,456774636701154.562500
-0.15228999999999998,0.0252,0.0516,456774636701154.562500
-0.15227999999999997,0.0236,0.0548,456774636701154.562500
-0.15226999999999996,0.022000000000000002,0.050800000000000005,456774636701154.562500
-0.15225999999999995,0.0212,0.056400000000000006,456774636701154.562500
-0.15225,0.0236,0.058,456774636701154.562500
-0.15224,0.0212,0.055600000000000004,456774636701154.562500
-0.15222999999999998,0.0252,0.0572,456774636701154.562500
-0.15221999999999997,0.0244,0.056400000000000006,456774636701154.562500
-0.15220999999999996,0.0244,0.0572,456774636701154.562500
-0.15219999999999995,0.0228,0.0572,456774636701154.562500
-0.15219,0.022000000000000002,0.058,456774636701154.562500
-0.15217999999999998,0.0188,0.0548,456774636701154.562500
-0.15216999999999997,0.022000000000000002,0.058,456774636701154.562500
-0.15215999999999996,0.0188,0.0516,456774636701154.562500
-0.15214999999999995,0.0228,0.056400000000000006,456774636701154.562500
-0.15214,0.018000000000000002,0.05,456774636701154.562500
-0.15213,0.0228,0.0572,456774636701154.562500
-0.15211999999999998,0.0196,0.055600000000000004,456774636701154.562500
-0.15210999999999997,0.0196,0.056400000000000006,456774636701154.562500
-0.15209999999999996,0.0212,0.056400000000000006,456774636701154.562500
-0.15208999999999995,0.0164,0.0572,456774636701154.562500
-0.15208,0.022000000000000002,0.0524,456774636701154.562500
-0.15206999999999998,0.0204,0.055600000000000004,456774636701154.562500
-0.15205999999999997,0.0212,0.0572,456774636701154.562500
-0.15204999999999996,0.0196,0.0524,456774636701154.562500
-0.15203999999999995,0.0204,0.0516,456774636701154.562500
-0.15203,0.0212,0.056400000000000006,456774636701154.562500
-0.15202,0.022000000000000002,0.0548,456774636701154.562500
-0.15200999999999998,0.0236,0.056400000000000006,456774636701154.562500
-0.15199999999999997,0.0212,0.055600000000000004,456774636701154.562500
-0.15198999999999996,0.0244,0.056400000000000006,456774636701154.562500
-0.15197999999999995,0.0188,0.056400000000000006,456774636701154.562500
-0.15197,0.0212,0.054,456774636701154.562500
-0.15195999999999998,0.0164,0.058,456774636701154.562500
-0.15194999999999997,0.022000000000000002,0.055600000000000004,456774636701154.562500
-0.15193999999999996,0.0188,0.053200000000000004,456774636701154.562500
-0.15192999999999995,0.022000000000000002,0.0572,456774636701154.562500
-0.15191999999999994,0.022000000000000002,0.0548,456774636701154.562500
-0.15191,0.0236,0.0572,456774636701154.562500
-0.15189999999999998,0.0212,0.0492,456774636701154.562500
-0.15188999999999997,0.022000000000000002,0.055600000000000004,456774636701154.562500
-0.15187999999999996,0.0228,0.0548,456774636701154.562500
-0.15186999999999995,0.022000000000000002,0.056400000000000006,456774636701154.562500
-0.15186,0.0228,0.0516,456774636701154.562500
-0.15184999999999998,0.0196,0.0572,456774636701154.562500
-0.15183999999999997,0.0188,0.048400000000000006,456774636701154.562500
-0.15182999999999996,0.022000000000000002,0.058,456774636701154.562500
-0.15181999999999995,0.022000000000000002,0.055600000000000004,456774636701154.562500
-0.15180999999999994,0.0188,0.0572,456774636701154.562500
-0.1518,0.022000000000000002,0.0524,456774636701154.562500
-0.15178999999999998,0.0212,0.0548,456774636701154.562500
-0.15177999999999997,0.0212,0.0524,456774636701154.562500
-0.15176999999999996,0.0212,0.0492,456774636701154.562500
-0.15175999999999995,0.022000000000000002,0.046,456774636701154.562500
-0.15175,0.022000000000000002,0.0524,456774636701154.562500
-0.15173999999999999,0.0236,0.0548,456774636701154.562500
-0.15172999999999998,0.0236,0.058,456774636701154.562500
-0.15171999999999997,0.0236,0.0524,456774636701154.562500
-0.15170999999999996,0.0228,0.050800000000000005,456774636701154.562500
-0.15169999999999995,0.0188,0.0444,456774636701154.562500
-0.15169,0.0252,0.053200000000000004,456774636701154.562500
-0.15167999999999998,0.0204,0.0412,456774636701154.562500
-0.15166999999999997,0.0244,0.050800000000000005,456774636701154.562500
-0.15165999999999996,0.022000000000000002,0.0524,456774636701154.562500
-0.15164999999999995,0.0228,0.0572,456774636701154.562500
-0.15164,0.0196,0.0572,456774636701154.562500
-0.15163,0.022000000000000002,0.056400000000000006,456774636701154.562500
-0.15161999999999998,0.0204,0.056400000000000006,456774636701154.562500
-0.15160999999999997,0.0244,0.0492,456774636701154.562500
-0.15159999999999996,0.0212,0.0516,456774636701154.562500
-0.15158999999999995,0.0204,0.046,456774636701154.562500
-0.15158,0.0188,0.0548,456774636701154.562500
-0.15156999999999998,0.0228,0.0548,456774636701154.562500
-0.15155999999999997,0.0196,0.058,456774636701154.562500
-0.15154999999999996,0.022000000000000002,0.0572,456774636701154.562500
-0.15153999999999995,0.0212,0.056400000000000006,456774636701154.562500
-0.15153,0.0196,0.055600000000000004,456774636701154.562500
-0.15152,0.0196,0.050800000000000005,456774636701154.562500
-0.15150999999999998,0.0212,0.0572,456774636701154.562500
-0.15149999999999997,0.018000000000000002,0.055600000000000004,456774636701154.562500
-0.15148999999999996,0.022000000000000002,0.054,456774636701154.562500
-0.15147999999999995,0.022000000000000002,0.055600000000000004,456774636701154.562500
-0.15147,0.022000000000000002,0.055600000000000004,456774636701154.562500
-0.15145999999999998,0.0228,0.053200000000000004,456774636701154.562500
-0.15144999999999997,0.0228,0.0572,456774636701154.562500
-0.15143999999999996,0.0228,0.0516,456774636701154.562500
-0.15142999999999995,0.0244,0.056400000000000006,456774636701154.562500
-0.15142,0.0204,0.05,456774636701154.562500
-0.15141,0.0212,0.056400000000000006,456774636701154.562500
-0.15139999999999998,0.022000000000000002,0.055600000000000004,456774636701154.562500
-0.15138999999999997,0.0228,0.053200000000000004,456774636701154.562500
-0.15137999999999996,0.0236,0.055600000000000004,456774636701154.562500
-0.15136999999999995,0.022000000000000002,0.056400000000000006,456774636701154.562500
-0.15136,0.0236,0.053200000000000004,456774636701154.562500
-0.15134999999999998,0.0228,0.0548,456774636701154.562500
-0.15133999999999997,0.0244,0.058,456774636701154.562500
-0.15132999999999996,0.0244,0.058800000000000005,456774636701154.562500
-0.15131999999999995,0.0228,0.0572,456774636701154.562500
-0.15130999999999994,0.0228,0.056400000000000006,456774636701154.562500
-0.1513,0.022000000000000002,0.0516,456774636701154.562500
-0.15128999999999998,0.022000000000000002,0.056400000000000006,456774636701154.562500
-0.15127999999999997,0.0228,0.0572,456774636701154.562500
-0.15126999999999996,0.022000000000000002,0.0516,456774636701154.562500
-0.15125999999999995,0.0212,0.0572,456774636701154.562500
-0.15125,0.0188,0.054,456774636701154.562500
-0.15123999999999999,0.0228,0.0548,456774636701154.562500
-0.15122999999999998,0.0212,0.0572,456774636701154.562500
-0.15121999999999997,0.0196,0.056400000000000006,456774636701154.562500
-0.15120999999999996,0.0204,0.054,456774636701154.562500
-0.15119999999999995,0.0204,0.058,456774636701154.562500
-0.15119,0.0212,0.0492,456774636701154.562500
-0.15117999999999998,0.022000000000000002,0.056400000000000006,456774636701154.562500
-0.15116999999999997,0.0212,0.048400000000000006,456774636701154.562500
-0.15115999999999996,0.0236,0.056400000000000006,456774636701154.562500
-0.15114999999999995,0.0188,0.05,456774636701154.562500
-0.15114,0.022000000000000002,0.0548,456774636701154.562500
-0.15113,0.0244,0.0524,456774636701154.562500
-0.15111999999999998,0.0204,0.058,456774636701154.562500
-0.15110999999999997,0.0228,0.0572,456774636701154.562500
-0.15109999999999996,0.0236,0.0572,456774636701154.562500
-0.15108999999999995,0.0244,0.054,456774636701154.562500
-0.15108,0.022000000000000002,0.058,456774636701154.562500
-0.15106999999999998,0.0244,0.055600000000000004,456774636701154.562500
-0.15105999999999997,0.0244,0.0572,456774636701154.562500
-0.15104999999999996,0.022000000000000002,0.0524,456774636701154.562500
-0.15103999999999995,0.0236,0.056400000000000006,456774636701154.562500
-0.15103,0.0212,0.05,456774636701154.562500
-0.15102,0.022000000000000002,0.054,456774636701154.562500
-0.15100999999999998,0.022000000000000002,0.0516,456774636701154.562500
-0.15099999999999997,0.022000000000000002,0.056400000000000006,456774636701154.562500
-0.15098999999999996,0.022000000000000002,0.0524,456774636701154.562500
-0.15097999999999995,0.022000000000000002,0.056400000000000006,456774636701154.562500
-0.15097,0.0212,0.056400000000000006,456774636701154.562500
-0.15095999999999998,0.0196,0.055600000000000004,456774636701154.562500
-0.15094999999999997,0.0228,0.0524,456774636701154.562500
-0.15093999999999996,0.0228,0.056400000000000006,456774636701154.562500
-0.15092999999999995,0.0204,0.058,456774636701154.562500
-0.15092,0.022000000000000002,0.054,456774636701154.562500
-0.15091,0.0196,0.055600000000000004,456774636701154.562500
-0.15089999999999998,0.022000000000000002,0.056400000000000006,456774636701154.562500
-0.15088999999999997,0.0228,0.055600000000000004,456774636701154.562500
-0.15087999999999996,0.0228,0.055600000000000004,456774636701154.562500
-0.15086999999999995,0.0236,0.048400000000000006,456774636701154.562500
-0.15086,0.022000000000000002,0.050800000000000005,456774636701154.562500
-0.15084999999999998,0.022000000000000002,0.038,456774636701154.562500
-0.15083999999999997,0.0212,0.056400000000000006,456774636701154.562500
-0.15082999999999996,0.0228,0.053200000000000004,456774636701154.562500
-0.15081999999999995,0.018000000000000002,0.0572,456774636701154.562500
-0.15080999999999994,0.022000000000000002,0.0572,456774636701154.562500
-0.1508,0.0236,0.0516,456774636701154.562500
-0.15078999999999998,0.022000000000000002,0.0572,456774636701154.562500
-0.15077999999999997,0.0204,0.0524,456774636701154.562500
-0.15076999999999996,0.022000000000000002,0.0572,456774636701154.562500
-0.15075999999999995,0.0188,0.0548,456774636701154.562500
-0.15075,0.022000000000000002,0.055600000000000004,456774636701154.562500
-0.15073999999999999,0.0172,0.0524,456774636701154.562500
-0.15072999999999998,0.0244,0.056400000000000006,456774636701154.562500
-0.15071999999999997,0.0228,0.0548,456774636701154.562500
-0.15070999999999996,0.0236,0.055600000000000004,456774636701154.562500
-0.15069999999999995,0.0236,0.0516,456774636701154.562500
-0.15069,0.022000000000000002,0.0572,456774636701154.562500
-0.15067999999999998,0.0228,0.054,456774636701154.562500
-0.15066999999999997,0.0188,0.0572,456774636701154.562500
-0.15065999999999996,0.0228,0.054,456774636701154.562500
-0.15064999999999995,0.0204,0.055600000000000004,456774636701154.562500
-0.15064,0.022000000000000002,0.053200000000000004,456774636701154.562500
-0.15063,0.0228,0.055600000000000004,456774636701154.562500
-0.15061999999999998,0.0196,0.056400000000000006,456774636701154.562500
-0.15060999999999997,0.0212,0.0572,456774636701154.562500
-0.15059999999999996,0.022000000000000002,0.0516,456774636701154.562500
-0.15058999999999995,0.0212,0.0572,456774636701154.562500
-0.15058,0.0212,0.058,456774636701154.562500
-0.15056999999999998,0.0204,0.054,456774636701154.562500
-0.15055999999999997,0.022000000000000002,0.054,456774636701154.562500
-0.15054999999999996,0.022000000000000002,0.056400000000000006,456774636701154.562500
-0.15053999999999995,0.022000000000000002,0.055600000000000004,456774636701154.562500
-0.15053,0.0204,0.055600000000000004,456774636701154.562500
-0.15052,0.0204,0.050800000000000005,456774636701154.562500
-0.15050999999999998,0.022000000000000002,0.0548,456774636701154.562500
-0.15049999999999997,0.022000000000000002,0.0476,456774636701154.562500
-0.15048999999999996,0.0252,0.0572,456774636701154.562500
-0.15047999999999995,0.0228,0.0524,456774636701154.562500
-0.15047,0.0212,0.054,456774636701154.562500
-0.15045999999999998,0.0244,0.048400000000000006,456774636701154.562500
-0.15044999999999997,0.0236,0.050800000000000005,456774636701154.562500
-0.15043999999999996,0.0236,0.050800000000000005,456774636701154.562500
-0.15042999999999995,0.0236,0.0524,456774636701154.562500
-0.15042,0.022000000000000002,0.0548,456774636701154.562500
-0.15041,0.022000000000000002,0.0572,456774636701154.562500
-0.15039999999999998,0.0228,0.0548,456774636701154.562500
-0.15038999999999997,0.0228,0.055600000000000004,456774636701154.562500
-0.15037999999999996,0.0244,0.0548,456774636701154.562500
-0.15036999999999995,0.022000000000000002,0.0572,456774636701154.562500
-0.15036,0.0228,0.055600000000000004,456774636701154.562500
-0.15034999999999998,0.0196,0.056400000000000006,456774636701154.562500
-0.15033999999999997,0.0212,0.056400000000000006,456774636701154.562500
-0.15032999999999996,0.0204,0.055600000000000004,456774636701154.562500
-0.15031999999999995,0.0236,0.056400000000000006,456774636701154.562500
-0.15030999999999994,0.0204,0.048400000000000006,456774636701154.562500
-0.1503,0.0212,0.045200000000000004,456774636701154.562500
-0.15028999999999998,0.0172,0.038,456774636701154.562500
-0.15027999999999997,0.0196,0.0468,456774636701154.562500
-0.15026999999999996,0.022000000000000002,0.037200000000000004,456774636701154.562500
-0.15025999999999995,0.0212,0.056400000000000006,456774636701154.562500
-0.15025,0.0212,0.0492,456774636701154.562500
-0.15023999999999998,0.022000000000000002,0.058,456774636701154.562500
-0.15022999999999997,0.0228,0.054,456774636701154.562500
-0.15021999999999996,0.0212,0.05,456774636701154.562500
-0.15020999999999995,0.022000000000000002,0.055600000000000004,456774636701154.562500
-0.15019999999999994,0.0212,0.058,456774636701154.562500
-0.15019,0.0236,0.050800000000000005,456774636701154.562500
-0.15017999999999998,0.0228,0.0572,456774636701154.562500
-0.15016999999999997,0.0244,0.055600000000000004,456774636701154.562500
-0.15015999999999996,0.0204,0.055600000000000004,456774636701154.562500
-0.15014999999999995,0.0212,0.056400000000000006,456774636701154.562500
-0.15014,0.022000000000000002,0.0572,456774636701154.562500
-0.15012999999999999,0.0196,0.055600000000000004,456774636701154.562500
-0.15011999999999998,0.0236,0.0572,456774636701154.562500
-0.15010999999999997,0.0244,0.0548,456774636701154.562500
-0.15009999999999996,0.0228,0.055600000000000004,456774636701154.562500
-0.15008999999999995,0.0188,0.0572,456774636701154.562500
-0.15008,0.0212,0.054,456774636701154.562500
-0.15006999999999998,0.018000000000000002,0.056400000000000006,456774636701154.562500
-0.15005999999999997,0.022000000000000002,0.0548,456774636701154.562500
-0.15004999999999996,0.0204,0.055600000000000004,456774636701154.562500
-0.15003999999999995,0.0204,0.056400000000000006,456774636701154.562500
-0.15003,0.0172,0.0548,456774636701154.562500
-0.15002,0.0244,0.053200000000000004,456774636701154.562500
-0.15000999999999998,0.0236,0.053200000000000004,456774636701154.562500
-0.14999999999999997,0.0228,0.053200000000000004,456774636701154.562500
-0.14998999999999996,0.022000000000000002,0.054,456774636701154.562500
-0.14997999999999995,0.022000000000000002,0.055600000000000004,456774636701154.562500
-0.14997,0.0228,0.0516,456774636701154.562500
-0.14995999999999998,0.018000000000000002,0.055600000000000004,456774636701154.562500
-0.14994999999999997,0.022000000000000002,0.0548,456774636701154.562500
-0.14993999999999996,0.0212,0.0572,456774636701154.562500
-0.14992999999999995,0.0228,0.050800000000000005,456774636701154.562500
-0.14992,0.022000000000000002,0.0548,456774636701154.562500
-0.14991,0.0228,0.055600000000000004,456774636701154.562500
-0.14989999999999998,0.0172,0.0572,456774636701154.562500
-0.14988999999999997,0.0244,0.053200000000000004,456774636701154.562500
-0.14987999999999996,0.0204,0.055600000000000004,456774636701154.562500
-0.14986999999999995,0.0228,0.056400000000000006,456774636701154.562500
-0.14986,0.022000000000000002,0.056400000000000006,456774636701154.562500
-0.14984999999999998,0.0212,0.055600000000000004,456774636701154.562500
-0.14983999999999997,0.0236,0.053200000000000004,456774636701154.562500
-0.14982999999999996,0.0228,0.055600000000000004,456774636701154.562500
-0.14981999999999995,0.0228,0.0572,456774636701154.562500
-0.14981,0.0236,0.05,456774636701154.562500
-0.1498,0.0212,0.055600000000000004,456774636701154.562500
-0.14978999999999998,0.0244,0.045200000000000004,456774636701154.562500
-0.14977999999999997,0.0228,0.056400000000000006,456774636701154.562500
-0.14976999999999996,0.0212,0.054,456774636701154.562500
-0.14975999999999995,0.0204,0.055600000000000004,456774636701154.562500
-0.14975,0.0228,0.054,456774636701154.562500
-0.14973999999999998,0.015600000000000001,0.055600000000000004,456774636701154.562500
-0.14972999999999997,0.0212,0.056400000000000006,456774636701154.562500
-0.14971999999999996,0.0212,0.056400000000000006,456774636701154.562500
-0.14970999999999995,0.0196,0.055600000000000004,456774636701154.562500
-0.14969999999999994,0.022000000000000002,0.050800000000000005,456774636701154.562500
-0.14969,0.0212,0.0548,456774636701154.562500
-0.14967999999999998,0.0228,0.0492,456774636701154.562500
-0.14966999999999997,0.0212,0.056400000000000006,456774636701154.562500
-0.14965999999999996,0.0204,0.054,456774636701154.562500
-0.14964999999999995,0.022000000000000002,0.056400000000000006,456774636701154.562500
-0.14964,0.0212,0.058800000000000005,456774636701154.562500
-0.14962999999999999,0.022000000000000002,0.055600000000000004,456774636701154.562500
-0.14961999999999998,0.022000000000000002,0.055600000000000004,456774636701154.562500
-0.14960999999999997,0.0228,0.0524,456774636701154.562500
-0.14959999999999996,0.0212,0.0572,456774636701154.562500
-0.14958999999999995,0.0236,0.058,456774636701154.562500
-0.14958,0.0228,0.0548,456774636701154.562500
-0.14956999999999998,0.0228,0.0572,456774636701154.562500
-0.14955999999999997,0.0196,0.053200000000000004,456774636701154.562500
-0.14954999999999996,0.022000000000000002,0.0572,456774636701154.562500
-0.14953999999999995,0.0196,0.056400000000000006,456774636701154.562500
-0.14953,0.0236,0.05,456774636701154.562500
-0.14952,0.0188,0.055600000000000004,456774636701154.562500
-0.14950999999999998,0.0228,0.0516,456774636701154.562500
-0.14949999999999997,0.018000000000000002,0.056400000000000006,456774636701154.562500
-0.14948999999999996,0.0236,0.055600000000000004,456774636701154.562500
-0.14947999999999995,0.0204,0.056400000000000006,456774636701154.562500
-0.14947,0.0212,0.050800000000000005,456774636701154.562500
-0.14945999999999998,0.0228,0.056400000000000006,456774636701154.562500
-0.14944999999999997,0.0212,0.0548,456774636701154.562500
-0.14943999999999996,0.0196,0.056400000000000006,456774636701154.562500
-0.14942999999999995,0.022000000000000002,0.0572,456774636701154.562500
-0.14942,0.0204,0.058,456774636701154.562500
-0.14941,0.0236,0.048400000000000006,456774636701154.562500
-0.14939999999999998,0.022000000000000002,0.058800000000000005,456774636701154.562500
-0.14938999999999997,0.0204,0.056400000000000006,456774636701154.562500
-0.14937999999999996,0.0204,0.0548,456774636701154.562500
-0.14936999999999995,0.0188,0.056400000000000006,456774636701154.562500
-0.14936,0.022000000000000002,0.055600000000000004,456774636701154.562500
-0.14934999999999998,0.0204,0.055600000000000004,456774636701154.562500
-0.14933999999999997,0.022000000000000002,0.054,456774636701154.562500
-0.14932999999999996,0.0228,0.055600000000000004,456774636701154.562500
-0.14931999999999995,0.022000000000000002,0.0524,456774636701154.562500
-0.14931,0.0204,0.058,456774636701154.562500
-0.1493,0.022000000000000002,0.0524,456774636701154.562500
-0.14928999999999998,0.0236,0.055600000000000004,456774636701154.562500
-0.14927999999999997,0.0236,0.053200000000000004,456774636701154.562500
-0.14926999999999996,0.022000000000000002,0.056400000000000006,456774636701154.562500
-0.14925999999999995,0.0228,0.054,456774636701154.562500
-0.14925,0.0244,0.055600000000000004,456774636701154.562500
-0.14923999999999998,0.0228,0.055600000000000004,456774636701154.562500
-0.14922999999999997,0.026000000000000002,0.056400000000000006,456774636701154.562500
-0.14921999999999996,0.0236,0.055600000000000004,456774636701154.562500
-0.14920999999999995,0.0228,0.058,456774636701154.562500
-0.14919999999999994,0.022000000000000002,0.05,456774636701154.562500
-0.14919,0.022000000000000002,0.0548,456774636701154.562500
-0.14917999999999998,0.0236,0.055600000000000004,456774636701154.562500
-0.14916999999999997,0.0244,0.05,456774636701154.562500
-0.14915999999999996,0.0228,0.056400000000000006,456774636701154.562500
-0.14914999999999995,0.022000000000000002,0.058,456774636701154.562500
-0.14914,0.0228,0.0572,456774636701154.562500
-0.14912999999999998,0.018000000000000002,0.0572,456774636701154.562500
-0.14911999999999997,0.0212,0.045200000000000004,456774636701154.562500
-0.14910999999999996,0.0212,0.055600000000000004,456774636701154.562500
-0.14909999999999995,0.0196,0.056400000000000006,456774636701154.562500
-0.14908999999999994,0.0228,0.056400000000000006,456774636701154.562500
-0.14908,0.0212,0.056400000000000006,456774636701154.562500
-0.14906999999999998,0.0204,0.053200000000000004,456774636701154.562500
-0.14905999999999997,0.022000000000000002,0.056400000000000006,456774636701154.562500
-0.14904999999999996,0.022000000000000002,0.054,456774636701154.562500
-0.14903999999999995,0.022000000000000002,0.058,456774636701154.562500
-0.14903,0.0188,0.056400000000000006,456774636701154.562500
-0.14901999999999999,0.022000000000000002,0.055600000000000004,456774636701154.562500
-0.14900999999999998,0.022000000000000002,0.0572,456774636701154.562500
-0.14899999999999997,0.0236,0.056400000000000006,456774636701154.562500
-0.14898999999999996,0.0228,0.0572,456774636701154.562500
-0.14897999999999995,0.022000000000000002,0.0548,456774636701154.562500
-0.14897,0.0244,0.05,456774636701154.562500
-0.14895999999999998,0.0228,0.054,456774636701154.562500
-0.14894999999999997,0.0244,0.0524,456774636701154.562500
-0.14893999999999996,0.0244,0.058,456774636701154.562500
-0.14892999999999995,0.0244,0.056400000000000006,456774636701154.562500
-0.14892,0.0236,0.050800000000000005,456774636701154.562500
-0.14891,0.022000000000000002,0.054,456774636701154.562500
-0.14889999999999998,0.0244,0.045200000000000004,456774636701154.562500
-0.14888999999999997,0.022000000000000002,0.053200000000000004,456774636701154.562500
-0.14887999999999996,0.0244,0.0548,456774636701154.562500
-0.14886999999999995,0.0244,0.058800000000000005,456774636701154.562500
-0.14886,0.0204,0.056400000000000006,456774636701154.562500
-0.14884999999999998,0.022000000000000002,0.048400000000000006,456774636701154.562500
-0.14883999999999997,0.0204,0.058,456774636701154.562500
-0.14882999999999996,0.0196,0.053200000000000004,456774636701154.562500
-0.14881999999999995,0.0196,0.0572,456774636701154.562500
-0.14881,0.0204,0.053200000000000004,456774636701154.562500
-0.1488,0.018000000000000002,0.055600000000000004,456774636701154.562500
-0.14878999999999998,0.0212,0.0548,456774636701154.562500
-0.14877999999999997,0.0148,0.0516,456774636701154.562500
-0.14876999999999996,0.0196,0.0572,456774636701154.562500
-0.14875999999999995,0.018000000000000002,0.055600000000000004,456774636701154.562500
-0.14875,0.0212,0.054,456774636701154.562500
-0.14873999999999998,0.0188,0.045200000000000004,456774636701154.562500
-0.14872999999999997,0.022000000000000002,0.0548,456774636701154.562500
-0.14871999999999996,0.0212,0.0524,456774636701154.562500
-0.14870999999999995,0.0228,0.0572,456774636701154.562500
-0.1487,0.022000000000000002,0.0548,456774636701154.562500
-0.14869,0.0204,0.0572,456774636701154.562500
-0.14867999999999998,0.0236,0.053200000000000004,456774636701154.562500
-0.14866999999999997,0.022000000000000002,0.0572,456774636701154.562500
-0.14865999999999996,0.0228,0.058800000000000005,456774636701154.562500
-0.14864999999999995,0.0236,0.054,456774636701154.562500
-0.14864,0.0244,0.050800000000000005,456774636701154.562500
-0.14862999999999998,0.0236,0.058800000000000005,456774636701154.562500
-0.14861999999999997,0.0236,0.048400000000000006,456774636701154.562500
-0.14860999999999996,0.0236,0.0572,456774636701154.562500
-0.14859999999999995,0.0212,0.0412,456774636701154.562500
-0.14858999999999994,0.022000000000000002,0.0548,456774636701154.562500
-0.14858,0.0228,0.0516,456774636701154.562500
-0.14856999999999998,0.0236,0.0524,456774636701154.562500
-0.14855999999999997,0.022000000000000002,0.054,456774636701154.562500
-0.14854999999999996,0.022000000000000002,0.054,456774636701154.562500
-0.14853999999999995,0.0244,0.055600000000000004,456774636701154.562500
-0.14853,0.0228,0.056400000000000006,456774636701154.562500
-0.14851999999999999,0.0196,0.050800000000000005,456774636701154.562500
-0.14850999999999998,0.022000000000000002,0.0572,456774636701154.562500
-0.14849999999999997,0.0212,0.056400000000000006,456774636701154.562500
-0.14848999999999996,0.022000000000000002,0.053200000000000004,456774636701154.562500
-0.14847999999999995,0.0212,0.058800000000000005,456774636701154.562500
-0.14847,0.022000000000000002,0.055600000000000004,456774636701154.562500
-0.14845999999999998,0.0196,0.054,456774636701154.562500
-0.14844999999999997,0.0196,0.056400000000000006,456774636701154.562500
-0.14843999999999996,0.0196,0.055600000000000004,456774636701154.562500
-0.14842999999999995,0.022000000000000002,0.054,456774636701154.562500
-0.14842,0.0212,0.055600000000000004,456774636701154.562500
-0.14841,0.022000000000000002,0.0572,456774636701154.562500
-0.14839999999999998,0.0236,0.0516,456774636701154.562500
-0.14838999999999997,0.0228,0.0524,456774636701154.562500
-0.14837999999999996,0.022000000000000002,0.054,456774636701154.562500
-0.14836999999999995,0.0228,0.055600000000000004,456774636701154.562500
-0.14836,0.0228,0.0468,456774636701154.562500
-0.14834999999999998,0.0172,0.056400000000000006,456774636701154.562500
-0.14833999999999997,0.0244,0.056400000000000006,456774636701154.562500
-0.14832999999999996,0.022000000000000002,0.0548,456774636701154.562500
-0.14831999999999995,0.0244,0.056400000000000006,456774636701154.562500
-0.14831,0.0236,0.050800000000000005,456774636701154.562500
-0.1483,0.0228,0.056400000000000006,456774636701154.562500
-0.14828999999999998,0.0228,0.045200000000000004,456774636701154.562500
-0.14827999999999997,0.0228,0.058,456774636701154.562500
-0.14826999999999996,0.0228,0.050800000000000005,456774636701154.562500
-0.14825999999999995,0.0228,0.058,456774636701154.562500
-0.14825,0.0188,0.053200000000000004,456774636701154.562500
-0.14823999999999998,0.022000000000000002,0.054,456774636701154.562500
-0.14822999999999997,0.0228,0.045200000000000004,456774636701154.562500
-0.14821999999999996,0.022000000000000002,0.055600000000000004,456774636701154.562500
-0.14820999999999995,0.0236,0.0548,456774636701154.562500
-0.1482,0.0212,0.0572,456774636701154.562500
-0.14819,0.0188,0.0492,456774636701154.562500
-0.14817999999999998,0.0228,0.0572,456774636701154.562500
-0.14816999999999997,0.0188,0.055600000000000004,456774636701154.562500
-0.14815999999999996,0.0212,0.055600000000000004,456774636701154.562500
-0.14814999999999995,0.0212,0.055600000000000004,456774636701154.562500
-0.14814,0.0212,0.056400000000000006,456774636701154.562500
-0.14812999999999998,0.0204,0.055600000000000004,456774636701154.562500
-0.14811999999999997,0.0212,0.046,456774636701154.562500
-0.14810999999999996,0.0188,0.058,456774636701154.562500
-0.14809999999999995,0.022000000000000002,0.0516,456774636701154.562500
-0.14808999999999994,0.0188,0.055600000000000004,456774636701154.562500
-0.14808,0.0212,0.05,456774636701154.562500
-0.14806999999999998,0.0188,0.0524,456774636701154.562500
-0.14805999999999997,0.0236,0.0516,456774636701154.562500
-0.14804999999999996,0.0228,0.055600000000000004,456774636701154.562500
-0.14803999999999995,0.0236,0.056400000000000006,456774636701154.562500
-0.14803,0.0244,0.056400000000000006,456774636701154.562500
-0.14801999999999998,0.0212,0.0516,456774636701154.562500
-0.14800999999999997,0.0244,0.056400000000000006,456774636701154.562500
-0.14799999999999996,0.0188,0.053200000000000004,456774636701154.562500
-0.14798999999999995,0.0228,0.0524,456774636701154.562500
-0.14797999999999994,0.0228,0.0572,456774636701154.562500
-0.14797,0.022000000000000002,0.050800000000000005,456774636701154.562500
-0.14795999999999998,0.0236,0.053200000000000004,456774636701154.562500
-0.14794999999999997,0.015600000000000001,0.053200000000000004,456774636701154.562500
-0.14793999999999996,0.022000000000000002,0.0524,456774636701154.562500
-0.14792999999999995,0.0196,0.0516,456774636701154.562500
-0.14792,0.0228,0.0524,456774636701154.562500
-0.14790999999999999,0.0228,0.0548,456774636701154.562500
-0.14789999999999998,0.022000000000000002,0.054,456774636701154.562500
-0.14788999999999997,0.0188,0.056400000000000006,456774636701154.562500
-0.14787999999999996,0.0196,0.058,456774636701154.562500
-0.14786999999999995,0.0228,0.055600000000000004,456774636701154.562500
-0.14786,0.0188,0.0516,456774636701154.562500
-0.14784999999999998,0.0236,0.055600000000000004,456774636701154.562500
-0.14783999999999997,0.0212,0.053200000000000004,456774636701154.562500
-0.14782999999999996,0.022000000000000002,0.055600000000000004,456774636701154.562500
-0.14781999999999995,0.0164,0.05,456774636701154.562500
-0.14781,0.022000000000000002,0.056400000000000006,456774636701154.562500
-0.1478,0.0204,0.054,456774636701154.562500
-0.14778999999999998,0.0212,0.048400000000000006,456774636701154.562500
-0.14777999999999997,0.0212,0.0572,456774636701154.562500
-0.14776999999999996,0.0236,0.054,456774636701154.562500
-0.14775999999999995,0.0228,0.058,456774636701154.562500
-0.14775,0.0244,0.056400000000000006,456774636701154.562500
-0.14773999999999998,0.0228,0.055600000000000004,456774636701154.562500
-0.14772999999999997,0.0228,0.0572,456774636701154.562500
-0.14771999999999996,0.0212,0.054,456774636701154.562500
-0.14770999999999995,0.0236,0.055600000000000004,456774636701154.562500
-0.1477,0.0236,0.053200000000000004,456774636701154.562500
-0.14769,0.0228,0.054,456774636701154.562500
-0.14767999999999998,0.0228,0.0492,456774636701154.562500
-0.14766999999999997,0.022000000000000002,0.053200000000000004,456774636701154.562500
-0.14765999999999996,0.0228,0.0492,456774636701154.562500
-0.14764999999999995,0.0228,0.054,456774636701154.562500
-0.14764,0.0204,0.05,456774636701154.562500
-0.14762999999999998,0.0196,0.0572,456774636701154.562500
-0.14761999999999997,0.0228,0.056400000000000006,456774636701154.562500
-0.14760999999999996,0.0228,0.055600000000000004,456774636701154.562500
-0.14759999999999995,0.022000000000000002,0.056400000000000006,456774636701154.562500
-0.14758999999999994,0.022000000000000002,0.056400000000000006,456774636701154.562500
-0.14758,0.0172,0.055600000000000004,456774636701154.562500
-0.14756999999999998,0.022000000000000002,0.055600000000000004,456774636701154.562500
-0.14755999999999997,0.0172,0.0524,456774636701154.562500
-0.14754999999999996,0.0212,0.055600000000000004,456774636701154.562500
-0.14753999999999995,0.022000000000000002,0.055600000000000004,456774636701154.562500
-0.14753,0.0196,0.053200000000000004,456774636701154.562500
-0.14751999999999998,0.0212,0.042800000000000005,456774636701154.562500
-0.14750999999999997,0.0228,0.056400000000000006,456774636701154.562500
-0.14749999999999996,0.022000000000000002,0.0548,456774636701154.562500
-0.14748999999999995,0.0212,0.05,456774636701154.562500
-0.14747999999999994,0.0212,0.0476,456774636701154.562500
-0.14747,0.018000000000000002,0.042800000000000005,456774636701154.562500
-0.14745999999999998,0.022000000000000002,0.055600000000000004,456774636701154.562500
-0.14744999999999997,0.022000000000000002,0.0524,456774636701154.562500
-0.14743999999999996,0.0228,0.056400000000000006,456774636701154.562500
-0.14742999999999995,0.0228,0.055600000000000004,456774636701154.562500
-0.14742,0.022000000000000002,0.055600000000000004,456774636701154.562500
-0.14740999999999999,0.0236,0.05,456774636701154.562500
-0.14739999999999998,0.022000000000000002,0.053200000000000004,456774636701154.562500
-0.14738999999999997,0.0212,0.053200000000000004,456774636701154.562500
-0.14737999999999996,0.022000000000000002,0.056400000000000006,456774636701154.562500
-0.14736999999999995,0.0204,0.058,456774636701154.562500
-0.14736,0.0204,0.0548,456774636701154.562500
-0.14734999999999998,0.0172,0.056400000000000006,456774636701154.562500
-0.14733999999999997,0.0212,0.0548,456774636701154.562500
-0.14732999999999996,0.018000000000000002,0.0572,456774636701154.562500
-0.14731999999999995,0.0228,0.056400000000000006,456774636701154.562500
-0.14731,0.0188,0.055600000000000004,456774636701154.562500
-0.1473,0.022000000000000002,0.0492,456774636701154.562500
-0.14728999999999998,0.0196,0.0548,456774636701154.562500
-0.14727999999999997,0.0204,0.056400000000000006,456774636701154.562500
-0.14726999999999996,0.018000000000000002,0.048400000000000006,456774636701154.562500
-0.14725999999999995,0.0204,0.055600000000000004,456774636701154.562500
-0.14725,0.022000000000000002,0.045200000000000004,456774636701154.562500
-0.14723999999999998,0.0204,0.053200000000000004,456774636701154.562500
-0.14722999999999997,0.0212,0.0524,456774636701154.562500
-0.14721999999999996,0.022000000000000002,0.056400000000000006,456774636701154.562500
-0.14720999999999995,0.0196,0.055600000000000004,456774636701154.562500
-0.1472,0.0212,0.0548,456774636701154.562500
-0.14719,0.0236,0.058,456774636701154.562500
-0.14717999999999998,0.0204,0.0572,456774636701154.562500
-0.14716999999999997,0.022000000000000002,0.0548,456774636701154.562500
-0.14715999999999996,0.0212,0.056400000000000006,456774636701154.562500
-0.14714999999999995,0.0204,0.056400000000000006,456774636701154.562500
-0.14714,0.0228,0.055600000000000004,456774636701154.562500
-0.14712999999999998,0.0204,0.053200000000000004,456774636701154.562500
-0.14711999999999997,0.0228,0.0572,456774636701154.562500
-0.14710999999999996,0.018000000000000002,0.0524,456774636701154.562500
-0.14709999999999995,0.0244,0.055600000000000004,456774636701154.562500
-0.14709,0.0236,0.0548,456774636701154.562500
-0.14708,0.0228,0.058,456774636701154.562500
-0.14706999999999998,0.0236,0.054,456774636701154.562500
-0.14705999999999997,0.0236,0.0572,456774636701154.562500
-0.14704999999999996,0.0236,0.0524,456774636701154.562500
-0.14703999999999995,0.0228,0.0548,456774636701154.562500
-0.14703,0.022000000000000002,0.0548,456774636701154.562500
-0.14701999999999998,0.0204,0.05,456774636701154.562500
-0.14700999999999997,0.0196,0.0524,456774636701154.562500
-0.14699999999999996,0.022000000000000002,0.0476,456774636701154.562500
-0.14698999999999995,0.0228,0.0548,456774636701154.562500
-0.14697999999999994,0.0204,0.0492,456774636701154.562500
-0.14697,0.022000000000000002,0.056400000000000006,456774636701154.562500
-0.14695999999999998,0.022000000000000002,0.0492,456774636701154.562500
-0.14694999999999997,0.0204,0.054,456774636701154.562500
-0.14693999999999996,0.022000000000000002,0.056400000000000006,456774636701154.562500
-0.14692999999999995,0.0212,0.0572,456774636701154.562500
-0.14692,0.022000000000000002,0.0524,456774636701154.562500
-0.14690999999999999,0.0188,0.056400000000000006,456774636701154.562500
-0.14689999999999998,0.0228,0.0468,456774636701154.562500
-0.14688999999999997,0.022000000000000002,0.058,456774636701154.562500
-0.14687999999999996,0.0236,0.0468,456774636701154.562500
-0.14686999999999995,0.022000000000000002,0.055600000000000004,456774636701154.562500
-0.14686,0.0196,0.056400000000000006,456774636701154.562500
-0.14684999999999998,0.0228,0.0524,456774636701154.562500
-0.14683999999999997,0.0212,0.053200000000000004,456774636701154.562500
-0.14682999999999996,0.022000000000000002,0.055600000000000004,456774636701154.562500
-0.14681999999999995,0.0236,0.056400000000000006,456774636701154.562500
-0.14681,0.0228,0.054,456774636701154.562500
-0.14679999999999999,0.0244,0.055600000000000004,456774636701154.562500
-0.14678999999999998,0.0252,0.046,456774636701154.562500
-0.14677999999999997,0.0244,0.053200000000000004,456774636701154.562500
-0.14676999999999996,0.0236,0.050800000000000005,456774636701154.562500
-0.14675999999999995,0.0228,0.054,456774636701154.562500
-0.14675,0.0228,0.0492,456774636701154.562500
-0.14673999999999998,0.0236,0.055600000000000004,456774636701154.562500
-0.14672999999999997,0.0228,0.048400000000000006,456774636701154.562500
-0.14671999999999996,0.0212,0.058,456774636701154.562500
-0.14670999999999995,0.022000000000000002,0.0492,456774636701154.562500
-0.1467,0.0236,0.056400000000000006,456774636701154.562500
-0.14669,0.022000000000000002,0.0516,456774636701154.562500
-0.14667999999999998,0.022000000000000002,0.0548,456774636701154.562500
-0.14666999999999997,0.0212,0.0572,456774636701154.562500
-0.14665999999999996,0.0196,0.048400000000000006,456774636701154.562500
-0.14664999999999995,0.0204,0.056400000000000006,456774636701154.562500
-0.14664,0.0188,0.0476,456774636701154.562500
-0.14662999999999998,0.022000000000000002,0.053200000000000004,456774636701154.562500
-0.14661999999999997,0.0212,0.056400000000000006,456774636701154.562500
-0.14660999999999996,0.0204,0.0572,456774636701154.562500
-0.14659999999999995,0.022000000000000002,0.055600000000000004,456774636701154.562500
-0.14659,0.018000000000000002,0.054,456774636701154.562500
-0.14658,0.0228,0.0548,456774636701154.562500
-0.14656999999999998,0.0236,0.056400000000000006,456774636701154.562500
-0.14655999999999997,0.0236,0.055600000000000004,456774636701154.562500
-0.14654999999999996,0.0212,0.055600000000000004,456774636701154.562500
-0.14653999999999995,0.0212,0.0524,456774636701154.562500
-0.14653,0.0228,0.055600000000000004,456774636701154.562500
-0.14651999999999998,0.0236,0.0524,456774636701154.562500
-0.14650999999999997,0.0228,0.056400000000000006,456774636701154.562500
-0.14649999999999996,0.0236,0.0468,456774636701154.562500
-0.14648999999999995,0.0244,0.058,456774636701154.562500
-0.14647999999999994,0.0252,0.053200000000000004,456774636701154.562500
-0.14647,0.0228,0.058,456774636701154.562500
-0.14645999999999998,0.0228,0.055600000000000004,456774636701154.562500
-0.14644999999999997,0.022000000000000002,0.056400000000000006,456774636701154.562500
-0.14643999999999996,0.0204,0.056400000000000006,456774636701154.562500
-0.14642999999999995,0.022000000000000002,0.0572,456774636701154.562500
-0.14642,0.022000000000000002,0.053200000000000004,456774636701154.562500
-0.14640999999999998,0.0212,0.056400000000000006,456774636701154.562500
-0.14639999999999997,0.0236,0.055600000000000004,456774636701154.562500
-0.14638999999999996,0.0204,0.058,456774636701154.562500
-0.14637999999999995,0.022000000000000002,0.0572,456774636701154.562500
-0.14636999999999994,0.022000000000000002,0.058800000000000005,456774636701154.562500
-0.14636,0.0204,0.053200000000000004,456774636701154.562500
-0.14634999999999998,0.022000000000000002,0.058,456774636701154.562500
-0.14633999999999997,0.0204,0.056400000000000006,456774636701154.562500
-0.14632999999999996,0.0196,0.056400000000000006,456774636701154.562500
-0.14631999999999995,0.0196,0.054,456774636701154.562500
-0.14631,0.0172,0.0572,456774636701154.562500
-0.14629999999999999,0.0172,0.054,456774636701154.562500
-0.14628999999999998,0.0212,0.055600000000000004,456774636701154.562500
-0.14627999999999997,0.022000000000000002,0.045200000000000004,456774636701154.562500
-0.14626999999999996,0.022000000000000002,0.058,456774636701154.562500
-0.14625999999999995,0.022000000000000002,0.0436,456774636701154.562500
-0.14625,0.0228,0.05,456774636701154.562500
-0.14623999999999998,0.0244,0.0572,456774636701154.562500
-0.14622999999999997,0.0236,0.0572,456774636701154.562500
-0.14621999999999996,0.0212,0.055600000000000004,456774636701154.562500
-0.14620999999999995,0.0228,0.058,456774636701154.562500
-0.1462,0.0228,0.0516,456774636701154.562500
-0.14619,0.022000000000000002,0.0572,456774636701154.562500
-0.14617999999999998,0.0244,0.053200000000000004,456774636701154.562500
-0.14616999999999997,0.0244,0.0572,456774636701154.562500
-0.14615999999999996,0.0212,0.0516,456774636701154.562500
-0.14614999999999995,0.0244,0.054,456774636701154.562500
-0.14614,0.0236,0.055600000000000004,456774636701154.562500
-0.14612999999999998,0.0228,0.056400000000000006,456774636701154.562500
-0.14611999999999997,0.0228,0.055600000000000004,456774636701154.562500
-0.14610999999999996,0.022000000000000002,0.0548,456774636701154.562500
-0.14609999999999995,0.022000000000000002,0.0572,456774636701154.562500
-0.14609,0.0204,0.056400000000000006,456774636701154.562500
-0.14608,0.018000000000000002,0.0572,456774636701154.562500
-0.14606999999999998,0.0228,0.058,456774636701154.562500
-0.14605999999999997,0.0212,0.0516,456774636701154.562500
-0.14604999999999996,0.0204,0.055600000000000004,456774636701154.562500
-0.14603999999999995,0.022000000000000002,0.056400000000000006,456774636701154.562500
-0.14603,0.0228,0.0548,456774636701154.562500
-0.14601999999999998,0.0196,0.054,456774636701154.562500
-0.14600999999999997,0.022000000000000002,0.0572,456774636701154.562500
-0.14599999999999996,0.0204,0.0492,456774636701154.562500
-0.14598999999999995,0.0228,0.053200000000000004,456774636701154.562500
-0.14598,0.0196,0.0476,456774636701154.562500
-0.14597,0.0212,0.053200000000000004,456774636701154.562500
-0.14595999999999998,0.0228,0.0524,456774636701154.562500
-0.14594999999999997,0.0212,0.056400000000000006,456774636701154.562500
-0.14593999999999996,0.0228,0.058,456774636701154.562500
-0.14592999999999995,0.0244,0.055600000000000004,456774636701154.562500
-0.14592,0.0212,0.054,456774636701154.562500
-0.14590999999999998,0.022000000000000002,0.0516,456774636701154.562500
-0.14589999999999997,0.0236,0.055600000000000004,456774636701154.562500
-0.14588999999999996,0.022000000000000002,0.048400000000000006,456774636701154.562500
-0.14587999999999995,0.022000000000000002,0.055600000000000004,456774636701154.562500
-0.14586999999999994,0.0212,0.0516,456774636701154.562500
-0.14586,0.0236,0.056400000000000006,456774636701154.562500
-0.14584999999999998,0.0252,0.055600000000000004,456774636701154.562500
-0.14583999999999997,0.0228,0.058800000000000005,456774636701154.562500
-0.14582999999999996,0.0236,0.056400000000000006,456774636701154.562500
-0.14581999999999995,0.0244,0.0572,456774636701154.562500
-0.14581,0.0172,0.054,456774636701154.562500
-0.14579999999999999,0.022000000000000002,0.058,456774636701154.562500
-0.14578999999999998,0.022000000000000002,0.056400000000000006,456774636701154.562500
-0.14577999999999997,0.022000000000000002,0.056400000000000006,456774636701154.562500
-0.14576999999999996,0.0212,0.054,456774636701154.562500
-0.14575999999999995,0.0196,0.050800000000000005,456774636701154.562500
-0.14575,0.022000000000000002,0.05,456774636701154.562500
-0.14573999999999998,0.0212,0.050800000000000005,456774636701154.562500
-0.14572999999999997,0.0212,0.0516,456774636701154.562500
-0.14571999999999996,0.0204,0.0476,456774636701154.562500
-0.14570999999999995,0.0188,0.056400000000000006,456774636701154.562500
-0.1457,0.0228,0.0492,456774636701154.562500
-0.14569,0.018000000000000002,0.0548,456774636701154.562500
-0.14567999999999998,0.0228,0.056400000000000006,456774636701154.562500
-0.14566999999999997,0.0148,0.055600000000000004,456774636701154.562500
-0.14565999999999996,0.0212,0.0548,456774636701154.562500
-0.14564999999999995,0.018000000000000002,0.053200000000000004,456774636701154.562500
-0.14564,0.0212,0.0548,456774636701154.562500
-0.14562999999999998,0.0228,0.0476,456774636701154.562500
-0.14561999999999997,0.0172,0.0572,456774636701154.562500
-0.14560999999999996,0.0236,0.053200000000000004,456774636701154.562500
-0.14559999999999995,0.0212,0.0516,456774636701154.562500
-0.14559,0.0244,0.050800000000000005,456774636701154.562500
-0.14558,0.0228,0.058,456774636701154.562500
-0.14556999999999998,0.0244,0.0548,456774636701154.562500
-0.14555999999999997,0.0244,0.055600000000000004,456774636701154.562500
-0.14554999999999996,0.0204,0.055600000000000004,456774636701154.562500
-0.14553999999999995,0.0244,0.0572,456774636701154.562500
-0.14553,0.0212,0.050800000000000005,456774636701154.562500
-0.14551999999999998,0.0244,0.0572,456774636701154.562500
-0.14550999999999997,0.0212,0.050800000000000005,456774636701154.562500
-0.14549999999999996,0.0212,0.0572,456774636701154.562500
-0.14548999999999995,0.0196,0.056400000000000006,456774636701154.562500
-0.14548,0.0204,0.0524,456774636701154.562500
-0.14547,0.0196,0.050800000000000005,456774636701154.562500
-0.14545999999999998,0.022000000000000002,0.050800000000000005,456774636701154.562500
-0.14544999999999997,0.0212,0.055600000000000004,456774636701154.562500
-0.14543999999999996,0.0228,0.0548,456774636701154.562500
-0.14542999999999995,0.0188,0.053200000000000004,456774636701154.562500
-0.14542,0.022000000000000002,0.0572,456774636701154.562500
-0.14540999999999998,0.0212,0.056400000000000006,456774636701154.562500
-0.14539999999999997,0.022000000000000002,0.058,456774636701154.562500
-0.14538999999999996,0.018000000000000002,0.053200000000000004,456774636701154.562500
-0.14537999999999995,0.0188,0.058800000000000005,456774636701154.562500
-0.14536999999999994,0.0212,0.046,456774636701154.562500
-0.14536,0.0212,0.058,456774636701154.562500
-0.14534999999999998,0.022000000000000002,0.056400000000000006,456774636701154.562500
-0.14533999999999997,0.022000000000000002,0.058,456774636701154.562500
-0.14532999999999996,0.0212,0.0476,456774636701154.562500
-0.14531999999999995,0.0148,0.0572,456774636701154.562500
-0.14531,0.0204,0.0444,456774636701154.562500
-0.14529999999999998,0.022000000000000002,0.0524,456774636701154.562500
-0.14528999999999997,0.022000000000000002,0.055600000000000004,456774636701154.562500
-0.14527999999999996,0.022000000000000002,0.055600000000000004,456774636701154.562500
-0.14526999999999995,0.0228,0.056400000000000006,456774636701154.562500
-0.14525999999999994,0.0228,0.056400000000000006,456774636701154.562500
-0.14525,0.0228,0.0524,456774636701154.562500
-0.14523999999999998,0.0228,0.055600000000000004,456774636701154.562500
-0.14522999999999997,0.0236,0.0572,456774636701154.562500
-0.14521999999999996,0.0236,0.054,456774636701154.562500
-0.14520999999999995,0.022000000000000002,0.055600000000000004,456774636701154.562500
-0.1452,0.0228,0.048400000000000006,456774636701154.562500
-0.14518999999999999,0.0228,0.058,456774636701154.562500
-0.14517999999999998,0.0236,0.0524,456774636701154.562500
-0.14516999999999997,0.022000000000000002,0.058,456774636701154.562500
-0.14515999999999996,0.0212,0.0524,456774636701154.562500
-0.14514999999999995,0.0212,0.056400000000000006,456774636701154.562500
-0.14514,0.0172,0.0524,456774636701154.562500
-0.14512999999999998,0.0228,0.053200000000000004,456774636701154.562500
-0.14511999999999997,0.018000000000000002,0.048400000000000006,456774636701154.562500
-0.14510999999999996,0.0196,0.055600000000000004,456774636701154.562500
-0.14509999999999995,0.022000000000000002,0.053200000000000004,456774636701154.562500
-0.14509,0.0212,0.0516,456774636701154.562500
-0.14508,0.0212,0.048400000000000006,456774636701154.562500
-0.14506999999999998,0.0212,0.055600000000000004,456774636701154.562500
-0.14505999999999997,0.0228,0.056400000000000006,456774636701154.562500
-0.14504999999999996,0.0196,0.0548,456774636701154.562500
-0.14503999999999995,0.0244,0.053200000000000004,456774636701154.562500
-0.14503,0.018000000000000002,0.056400000000000006,456774636701154.562500
-0.14501999999999998,0.0228,0.0572,456774636701154.562500
-0.14500999999999997,0.0188,0.055600000000000004,456774636701154.562500
-0.14499999999999996,0.0236,0.056400000000000006,456774636701154.562500
-0.14498999999999995,0.022000000000000002,0.056400000000000006,456774636701154.562500
-0.14498,0.022000000000000002,0.056400000000000006,456774636701154.562500
-0.14497,0.0244,0.0476,456774636701154.562500
-0.14495999999999998,0.0236,0.056400000000000006,456774636701154.562500
-0.14494999999999997,0.0236,0.055600000000000004,456774636701154.562500
-0.14493999999999996,0.022000000000000002,0.054,456774636701154.562500
-0.14492999999999995,0.0236,0.056400000000000006,456774636701154.562500
-0.14492,0.0196,0.053200000000000004,456774636701154.562500
-0.14490999999999998,0.022000000000000002,0.0492,456774636701154.562500
-0.14489999999999997,0.018000000000000002,0.0524,456774636701154.562500
-0.14488999999999996,0.0196,0.0524,456774636701154.562500
-0.14487999999999995,0.014,0.0492,456774636701154.562500
-0.14486999999999994,0.022000000000000002,0.0572,456774636701154.562500
-0.14486,0.0164,0.055600000000000004,456774636701154.562500
-0.14484999999999998,0.0204,0.055600000000000004,456774636701154.562500
-0.14483999999999997,0.0204,0.058,456774636701154.562500
-0.14482999999999996,0.0212,0.055600000000000004,456774636701154.562500
-0.14481999999999995,0.0204,0.054,456774636701154.562500
-0.14481,0.022000000000000002,0.058,456774636701154.562500
-0.14479999999999998,0.0196,0.054,456774636701154.562500
-0.14478999999999997,0.0204,0.056400000000000006,456774636701154.562500
-0.14477999999999996,0.0236,0.05,456774636701154.562500
-0.14476999999999995,0.0212,0.056400000000000006,456774636701154.562500
-0.14475999999999994,0.0212,0.05,456774636701154.562500
-0.14475,0.0204,0.0492,456774636701154.562500
-0.14473999999999998,0.0228,0.0516,456774636701154.562500
-0.14472999999999997,0.0212,0.0572,456774636701154.562500
-0.14471999999999996,0.022000000000000002,0.053200000000000004,456774636701154.562500
-0.14470999999999995,0.0188,0.055600000000000004,456774636701154.562500
-0.1447,0.0212,0.0516,456774636701154.562500
-0.14468999999999999,0.0236,0.0572,456774636701154.562500
-0.14467999999999998,0.0244,0.0572,456774636701154.562500
-0.14466999999999997,0.022000000000000002,0.058,456774636701154.562500
-0.14465999999999996,0.0236,0.056400000000000006,456774636701154.562500
-0.14464999999999995,0.0244,0.056400000000000006,456774636701154.562500
-0.14464,0.0228,0.0492,456774636701154.562500
-0.14462999999999998,0.0228,0.0572,456774636701154.562500
-0.14461999999999997,0.0236,0.0468,456774636701154.562500
-0.14460999999999996,0.022000000000000002,0.0572,456774636701154.562500
-0.14459999999999995,0.0228,0.0444,456774636701154.562500
-0.14459,0.0212,0.0572,456774636701154.562500
-0.14458,0.0244,0.042800000000000005,456774636701154.562500
-0.14456999999999998,0.0212,0.054,456774636701154.562500
-0.14455999999999997,0.022000000000000002,0.056400000000000006,456774636701154.562500
-0.14454999999999996,0.022000000000000002,0.0548,456774636701154.562500
-0.14453999999999995,0.0188,0.0572,456774636701154.562500
-0.14453,0.0204,0.0524,456774636701154.562500
-0.14451999999999998,0.0188,0.0572,456774636701154.562500
-0.14450999999999997,0.0204,0.0572,456774636701154.562500
-0.14449999999999996,0.0196,0.056400000000000006,456774636701154.562500
-0.14448999999999995,0.0196,0.05,456774636701154.562500
-0.14448,0.022000000000000002,0.0476,456774636701154.562500
-0.14447,0.022000000000000002,0.056400000000000006,456774636701154.562500
-0.14445999999999998,0.022000000000000002,0.055600000000000004,456774636701154.562500
-0.14444999999999997,0.0212,0.048400000000000006,456774636701154.562500
-0.14443999999999996,0.0228,0.0572,456774636701154.562500
-0.14442999999999995,0.022000000000000002,0.0524,456774636701154.562500
-0.14442,0.0228,0.056400000000000006,456774636701154.562500
-0.14440999999999998,0.0236,0.0548,456774636701154.562500
-0.14439999999999997,0.0236,0.0548,456774636701154.562500
-0.14438999999999996,0.0188,0.054,456774636701154.562500
-0.14437999999999995,0.022000000000000002,0.0548,456774636701154.562500
-0.14437,0.022000000000000002,0.038,456774636701154.562500
-0.14436,0.0244,0.0524,456774636701154.562500
-0.14434999999999998,0.0236,0.0524,456774636701154.562500
-0.14433999999999997,0.0244,0.0548,456774636701154.562500
-0.14432999999999996,0.0252,0.0572,456774636701154.562500
-0.14431999999999995,0.022000000000000002,0.054,456774636701154.562500
-0.14431,0.0236,0.056400000000000006,456774636701154.562500
-0.14429999999999998,0.0204,0.045200000000000004,456774636701154.562500
-0.14428999999999997,0.0228,0.0572,456774636701154.562500
-0.14427999999999996,0.0228,0.056400000000000006,456774636701154.562500
-0.14426999999999995,0.022000000000000002,0.058,456774636701154.562500
-0.14425999999999994,0.0212,0.0468,456774636701154.562500
-0.14425,0.0196,0.053200000000000004,456774636701154.562500
-0.14423999999999998,0.0228,0.0548,456774636701154.562500
-0.14422999999999997,0.0212,0.0548,456774636701154.562500
-0.14421999999999996,0.0228,0.058800000000000005,456774636701154.562500
-0.14420999999999995,0.022000000000000002,0.053200000000000004,456774636701154.562500
-0.1442,0.0212,0.0524,456774636701154.562500
-0.14418999999999998,0.0228,0.0548,456774636701154.562500
-0.14417999999999997,0.0228,0.0572,456774636701154.562500
-0.14416999999999996,0.0236,0.054,456774636701154.562500
-0.14415999999999995,0.0212,0.058,456774636701154.562500
-0.14414999999999994,0.022000000000000002,0.0572,456774636701154.562500
-0.14414,0.0212,0.055600000000000004,456774636701154.562500
-0.14412999999999998,0.0204,0.055600000000000004,456774636701154.562500
-0.14411999999999997,0.0244,0.0516,456774636701154.562500
-0.14410999999999996,0.0236,0.0572,456774636701154.562500
-0.14409999999999995,0.0204,0.054,456774636701154.562500
-0.14409,0.0228,0.0572,456774636701154.562500
-0.14407999999999999,0.0212,0.0572,456774636701154.562500
-0.14406999999999998,0.022000000000000002,0.054,456774636701154.562500
-0.14405999999999997,0.0236,0.058,456774636701154.562500
-0.14404999999999996,0.0196,0.056400000000000006,456774636701154.562500
-0.14403999999999995,0.0244,0.055600000000000004,456774636701154.562500
-0.14403,0.0188,0.058,456774636701154.562500
-0.14401999999999998,0.0236,0.058,456774636701154.562500
-0.14400999999999997,0.022000000000000002,0.058,456774636701154.562500
-0.14399999999999996,0.0244,0.0572,456774636701154.562500
-0.14398999999999995,0.0188,0.058,456774636701154.562500
-0.14398,0.0228,0.0524,456774636701154.562500
-0.14397,0.0228,0.045200000000000004,456774636701154.562500
-0.14395999999999998,0.0236,0.055600000000000004,456774636701154.562500
-0.14394999999999997,0.0228,0.0572,456774636701154.562500
-0.14393999999999996,0.022000000000000002,0.054,456774636701154.562500
-0.14392999999999995,0.0228,0.056400000000000006,456774636701154.562500
-0.14392,0.0228,0.0516,456774636701154.562500
-0.14390999999999998,0.0236,0.0548,456774636701154.562500
-0.14389999999999997,0.022000000000000002,0.0524,456774636701154.562500
-0.14388999999999996,0.022000000000000002,0.055600000000000004,456774636701154.562500
-0.14387999999999995,0.022000000000000002,0.0516,456774636701154.562500
-0.14387,0.0212,0.056400000000000006,456774636701154.562500
-0.14386,0.0212,0.048400000000000006,456774636701154.562500
-0.14384999999999998,0.0204,0.056400000000000006,456774636701154.562500
-0.14383999999999997,0.0212,0.055600000000000004,456774636701154.562500
-0.14382999999999996,0.0212,0.054,456774636701154.562500
-0.14381999999999995,0.0236,0.056400000000000006,456774636701154.562500
-0.14381,0.0196,0.056400000000000006,456774636701154.562500
-0.14379999999999998,0.0228,0.058,456774636701154.562500
-0.14378999999999997,0.0228,0.053200000000000004,456774636701154.562500
-0.14377999999999996,0.0196,0.0572,456774636701154.562500
-0.14376999999999995,0.0244,0.054,456774636701154.562500
-0.14375999999999994,0.022000000000000002,0.054,456774636701154.562500
-0.14375,0.0228,0.058,456774636701154.562500
-0.14373999999999998,0.022000000000000002,0.056400000000000006,456774636701154.562500
-0.14372999999999997,0.0236,0.0548,456774636701154.562500
-0.14371999999999996,0.0244,0.0516,456774636701154.562500
-0.14370999999999995,0.0252,0.055600000000000004,456774636701154.562500
-0.1437,0.0244,0.055600000000000004,456774636701154.562500
-0.14368999999999998,0.0236,0.056400000000000006,456774636701154.562500
-0.14367999999999997,0.0212,0.0572,456774636701154.562500
-0.14366999999999996,0.0228,0.0572,456774636701154.562500
-0.14365999999999995,0.022000000000000002,0.0572,456774636701154.562500
-0.14364999999999994,0.0204,0.056400000000000006,456774636701154.562500
-0.14364,0.022000000000000002,0.0572,456774636701154.562500
-0.14362999999999998,0.0228,0.055600000000000004,456774636701154.562500
-0.14361999999999997,0.0212,0.055600000000000004,456774636701154.562500
-0.14360999999999996,0.0236,0.05,456774636701154.562500
-0.14359999999999995,0.022000000000000002,0.0524,456774636701154.562500
-0.14359,0.0212,0.0468,456774636701154.562500
-0.14357999999999999,0.022000000000000002,0.055600000000000004,456774636701154.562500
-0.14356999999999998,0.0228,0.0548,456774636701154.562500
-0.14355999999999997,0.022000000000000002,0.0572,456774636701154.562500
-0.14354999999999996,0.022000000000000002,0.0548,456774636701154.562500
-0.14353999999999995,0.022000000000000002,0.0548,456774636701154.562500
-0.14353,0.0204,0.055600000000000004,456774636701154.562500
-0.14351999999999998,0.0204,0.0524,456774636701154.562500
-0.14350999999999997,0.0212,0.0548,456774636701154.562500
-0.14349999999999996,0.0228,0.053200000000000004,456774636701154.562500
-0.14348999999999995,0.0228,0.055600000000000004,456774636701154.562500
-0.14348,0.0236,0.054,456774636701154.562500
-0.14347,0.022000000000000002,0.054,456774636701154.562500
-0.14345999999999998,0.0252,0.050800000000000005,456774636701154.562500
-0.14344999999999997,0.0252,0.0572,456774636701154.562500
-0.14343999999999996,0.0228,0.0516,456774636701154.562500
-0.14342999999999995,0.0252,0.0572,456774636701154.562500
-0.14342,0.0212,0.056400000000000006,456774636701154.562500
-0.14340999999999998,0.0236,0.0548,456774636701154.562500
-0.14339999999999997,0.0244,0.055600000000000004,456774636701154.562500
-0.14338999999999996,0.022000000000000002,0.056400000000000006,456774636701154.562500
-0.14337999999999995,0.022000000000000002,0.055600000000000004,456774636701154.562500
-0.14337,0.0212,0.056400000000000006,456774636701154.562500
-0.14336,0.0212,0.0524,456774636701154.562500
-0.14334999999999998,0.022000000000000002,0.0572,456774636701154.562500
-0.14333999999999997,0.0196,0.053200000000000004,456774636701154.562500
-0.14332999999999996,0.022000000000000002,0.0548,456774636701154.562500
-0.14331999999999995,0.018000000000000002,0.0524,456774636701154.562500
-0.14331,0.022000000000000002,0.054,456774636701154.562500
-0.14329999999999998,0.018000000000000002,0.055600000000000004,456774636701154.562500
-0.14328999999999997,0.0212,0.054,456774636701154.562500
-0.14327999999999996,0.0172,0.0548,456774636701154.562500
-0.14326999999999995,0.0228,0.054,456774636701154.562500
-0.14326,0.0212,0.05,456774636701154.562500
-0.14325,0.0204,0.058,456774636701154.562500
-0.14323999999999998,0.0228,0.048400000000000006,456774636701154.562500
-0.14322999999999997,0.022000000000000002,0.058,456774636701154.562500
-0.14321999999999996,0.022000000000000002,0.055600000000000004,456774636701154.562500
-0.14320999999999995,0.022000000000000002,0.0572,456774636701154.562500
-0.1432,0.022000000000000002,0.055600000000000004,456774636701154.562500
-0.14318999999999998,0.0236,0.054,456774636701154.562500
-0.14317999999999997,0.018000000000000002,0.058,456774636701154.562500
-0.14316999999999996,0.0244,0.0548,456774636701154.562500
-0.14315999999999995,0.0228,0.055600000000000004,456774636701154.562500
-0.14314999999999994,0.0212,0.045200000000000004,456774636701154.562500
-0.14314,0.0196,0.053200000000000004,456774636701154.562500
-0.14312999999999998,0.0244,0.050800000000000005,456774636701154.562500
-0.14311999999999997,0.0212,0.056400000000000006,456774636701154.562500
-0.14310999999999996,0.0196,0.0572,456774636701154.562500
-0.14309999999999995,0.022000000000000002,0.054,456774636701154.562500
-0.14309,0.0236,0.058800000000000005,456774636701154.562500
-0.14307999999999998,0.022000000000000002,0.0572,456774636701154.562500
-0.14306999999999997,0.0236,0.054,456774636701154.562500
-0.14305999999999996,0.0236,0.056400000000000006,456774636701154.562500
-0.14304999999999995,0.022000000000000002,0.055600000000000004,456774636701154.562500
-0.14303999999999994,0.018000000000000002,0.056400000000000006,456774636701154.562500
-0.14303,0.0204,0.0548,456774636701154.562500
-0.14301999999999998,0.0204,0.056400000000000006,456774636701154.562500
-0.14300999999999997,0.018000000000000002,0.0548,456774636701154.562500
-0.14299999999999996,0.0204,0.056400000000000006,456774636701154.562500
-0.14298999999999995,0.018000000000000002,0.0524,456774636701154.562500
-0.14298,0.0188,0.0572,456774636701154.562500
-0.14296999999999999,0.0164,0.042800000000000005,456774636701154.562500
-0.14295999999999998,0.0204,0.055600000000000004,456774636701154.562500
-0.14294999999999997,0.0196,0.053200000000000004,456774636701154.562500
-0.14293999999999996,0.0204,0.058,456774636701154.562500
-0.14292999999999995,0.0172,0.054,456774636701154.562500
-0.14292,0.0228,0.058,456774636701154.562500
-0.14290999999999998,0.0236,0.0572,456774636701154.562500
-0.14289999999999997,0.0212,0.056400000000000006,456774636701154.562500
-0.14288999999999996,0.022000000000000002,0.058800000000000005,456774636701154.562500
-0.14287999999999995,0.022000000000000002,0.056400000000000006,456774636701154.562500
-0.14287,0.0244,0.0548,456774636701154.562500
-0.14286,0.022000000000000002,0.055600000000000004,456774636701154.562500
-0.14284999999999998,0.0252,0.0572,456774636701154.562500
-0.14283999999999997,0.0236,0.056400000000000006,456774636701154.562500
-0.14282999999999996,0.0236,0.0572,456774636701154.562500
-0.14281999999999995,0.0228,0.055600000000000004,456774636701154.562500
-0.14281,0.0228,0.055600000000000004,456774636701154.562500
-0.14279999999999998,0.0212,0.056400000000000006,456774636701154.562500
-0.14278999999999997,0.0228,0.055600000000000004,456774636701154.562500
-0.14277999999999996,0.0212,0.056400000000000006,456774636701154.562500
-0.14276999999999995,0.0244,0.0524,456774636701154.562500
-0.14276,0.015600000000000001,0.058,456774636701154.562500
-0.14275,0.0228,0.05,456774636701154.562500
-0.14273999999999998,0.0204,0.058,456774636701154.562500
-0.14272999999999997,0.0228,0.0524,456774636701154.562500
-0.14271999999999996,0.0236,0.0572,456774636701154.562500
-0.14270999999999995,0.0236,0.055600000000000004,456774636701154.562500
-0.1427,0.0204,0.056400000000000006,456774636701154.562500
-0.14268999999999998,0.0212,0.0468,456774636701154.562500
-0.14267999999999997,0.022000000000000002,0.055600000000000004,456774636701154.562500
-0.14266999999999996,0.018000000000000002,0.056400000000000006,456774636701154.562500
-0.14265999999999995,0.0228,0.0516,456774636701154.562500
-0.14264999999999994,0.0212,0.0548,456774636701154.562500
-0.14264,0.0236,0.054,456774636701154.562500
-0.14262999999999998,0.022000000000000002,0.058,456774636701154.562500
-0.14261999999999997,0.0212,0.058,456774636701154.562500
-0.14260999999999996,0.0236,0.058,456774636701154.562500
-0.14259999999999995,0.0212,0.056400000000000006,456774636701154.562500
-0.14259,0.0228,0.0524,456774636701154.562500
-0.14257999999999998,0.0228,0.0572,456774636701154.562500
-0.14256999999999997,0.0244,0.055600000000000004,456774636701154.562500
-0.14255999999999996,0.0228,0.055600000000000004,456774636701154.562500
-0.14254999999999995,0.022000000000000002,0.053200000000000004,456774636701154.562500
-0.14253999999999994,0.0212,0.0572,456774636701154.562500
-0.14253,0.0252,0.0492,456774636701154.562500
-0.14251999999999998,0.018000000000000002,0.056400000000000006,456774636701154.562500
-0.14250999999999997,0.0228,0.050800000000000005,456774636701154.562500
-0.14249999999999996,0.0188,0.0572,456774636701154.562500
-0.14248999999999995,0.022000000000000002,0.0468,456774636701154.562500
-0.14248,0.0212,0.055600000000000004,456774636701154.562500
-0.14246999999999999,0.022000000000000002,0.0468,456774636701154.562500
-0.14245999999999998,0.0244,0.0572,456774636701154.562500
-0.14244999999999997,0.0228,0.058800000000000005,456774636701154.562500
-0.14243999999999996,0.022000000000000002,0.0548,456774636701154.562500
-0.14242999999999995,0.022000000000000002,0.058,456774636701154.562500
-0.14242,0.0228,0.0572,456774636701154.562500
-0.14240999999999998,0.0212,0.056400000000000006,456774636701154.562500
-0.14239999999999997,0.0212,0.056400000000000006,456774636701154.562500
-0.14238999999999996,0.022000000000000002,0.0572,456774636701154.562500
-0.14237999999999995,0.022000000000000002,0.0572,456774636701154.562500
-0.14237,0.022000000000000002,0.0524,456774636701154.562500
-0.14236,0.022000000000000002,0.054,456774636701154.562500
-0.14234999999999998,0.0212,0.056400000000000006,456774636701154.562500
-0.14233999999999997,0.0228,0.055600000000000004,456774636701154.562500
-0.14232999999999996,0.0196,0.056400000000000006,456774636701154.562500
-0.14231999999999995,0.0212,0.058,456774636701154.562500
-0.14231,0.0204,0.054,456774636701154.562500
-0.14229999999999998,0.0236,0.0476,456774636701154.562500
-0.14228999999999997,0.0212,0.0572,456774636701154.562500
-0.14227999999999996,0.022000000000000002,0.053200000000000004,456774636701154.562500
-0.14226999999999995,0.0236,0.0572,456774636701154.562500
-0.14226,0.0244,0.05,456774636701154.562500
-0.14225,0.0236,0.056400000000000006,456774636701154.562500
-0.14223999999999998,0.022000000000000002,0.058,456774636701154.562500
-0.14222999999999997,0.022000000000000002,0.055600000000000004,456774636701154.562500
-0.14221999999999996,0.0228,0.0572,456774636701154.562500
-0.14220999999999995,0.0244,0.056400000000000006,456774636701154.562500
-0.1422,0.0228,0.0572,456774636701154.562500
-0.14218999999999998,0.0236,0.0572,456774636701154.562500
-0.14217999999999997,0.0236,0.056400000000000006,456774636701154.562500
-0.14216999999999996,0.0228,0.0548,456774636701154.562500
-0.14215999999999995,0.0204,0.056400000000000006,456774636701154.562500
-0.14214999999999994,0.0236,0.058,456774636701154.562500
-0.14214,0.022000000000000002,0.054,456774636701154.562500
-0.14212999999999998,0.0212,0.0572,456774636701154.562500
-0.14211999999999997,0.022000000000000002,0.054,456774636701154.562500
-0.14210999999999996,0.0212,0.056400000000000006,456774636701154.562500
-0.14209999999999995,0.022000000000000002,0.053200000000000004,456774636701154.562500
-0.14209,0.022000000000000002,0.0548,456774636701154.562500
-0.14207999999999998,0.0212,0.0516,456774636701154.562500
-0.14206999999999997,0.0212,0.058,456774636701154.562500
-0.14205999999999996,0.022000000000000002,0.054,456774636701154.562500
-0.14204999999999995,0.022000000000000002,0.054,456774636701154.562500
-0.14203999999999994,0.022000000000000002,0.0548,456774636701154.562500
-0.14203,0.0212,0.056400000000000006,456774636701154.562500
-0.14201999999999998,0.0212,0.055600000000000004,456774636701154.562500
-0.14200999999999997,0.022000000000000002,0.0516,456774636701154.562500
-0.14199999999999996,0.022000000000000002,0.048400000000000006,456774636701154.562500
-0.14198999999999995,0.0228,0.055600000000000004,456774636701154.562500
-0.14198,0.0196,0.054,456774636701154.562500
-0.14196999999999999,0.0204,0.056400000000000006,456774636701154.562500
-0.14195999999999998,0.018000000000000002,0.0572,456774636701154.562500
-0.14194999999999997,0.0172,0.0572,456774636701154.562500
-0.14193999999999996,0.018000000000000002,0.0572,456774636701154.562500
-0.14192999999999995,0.0252,0.056400000000000006,456774636701154.562500
-0.14192,0.0204,0.053200000000000004,456774636701154.562500
-0.14190999999999998,0.0244,0.056400000000000006,456774636701154.562500
-0.14189999999999997,0.0252,0.055600000000000004,456774636701154.562500
-0.14188999999999996,0.0228,0.05,456774636701154.562500
-0.14187999999999995,0.0228,0.053200000000000004,456774636701154.562500
-0.14187,0.022000000000000002,0.0516,456774636701154.562500
-0.14185999999999999,0.0228,0.055600000000000004,456774636701154.562500
-0.14184999999999998,0.0196,0.0548,456774636701154.562500
-0.14183999999999997,0.0228,0.055600000000000004,456774636701154.562500
-0.14182999999999996,0.0236,0.0516,456774636701154.562500
-0.14181999999999995,0.0228,0.0572,456774636701154.562500
-0.14181,0.0212,0.055600000000000004,456774636701154.562500
-0.14179999999999998,0.0228,0.056400000000000006,456774636701154.562500
-0.14178999999999997,0.0204,0.056400000000000006,456774636701154.562500
-0.14177999999999996,0.022000000000000002,0.056400000000000006,456774636701154.562500
-0.14176999999999995,0.022000000000000002,0.055600000000000004,456774636701154.562500
-0.14176,0.022000000000000002,0.055600000000000004,456774636701154.562500
-0.14175,0.022000000000000002,0.055600000000000004,456774636701154.562500
-0.14173999999999998,0.022000000000000002,0.0572,456774636701154.562500
-0.14172999999999997,0.022000000000000002,0.056400000000000006,456774636701154.562500
-0.14171999999999996,0.0228,0.056400000000000006,456774636701154.562500
-0.14170999999999995,0.0204,0.058,456774636701154.562500
-0.1417,0.022000000000000002,0.056400000000000006,456774636701154.562500
-0.14168999999999998,0.022000000000000002,0.05,456774636701154.562500
-0.14167999999999997,0.0188,0.0524,456774636701154.562500
-0.14166999999999996,0.022000000000000002,0.05,456774636701154.562500
-0.14165999999999995,0.0196,0.050800000000000005,456774636701154.562500
-0.14165,0.0244,0.05,456774636701154.562500
-0.14164,0.0244,0.05,456774636701154.562500
-0.14162999999999998,0.022000000000000002,0.055600000000000004,456774636701154.562500
-0.14161999999999997,0.026000000000000002,0.055600000000000004,456774636701154.562500
-0.14160999999999996,0.0244,0.058,456774636701154.562500
-0.14159999999999995,0.0244,0.05,456774636701154.562500
-0.14159,0.0228,0.0548,456774636701154.562500
-0.14157999999999998,0.0252,0.05,456774636701154.562500
-0.14156999999999997,0.026000000000000002,0.0524,456774636701154.562500
-0.14155999999999996,0.0244,0.055600000000000004,456774636701154.562500
-0.14154999999999995,0.022000000000000002,0.056400000000000006,456774636701154.562500
-0.14153999999999994,0.0236,0.058,456774636701154.562500
-0.14153,0.0236,0.048400000000000006,456774636701154.562500
-0.14151999999999998,0.0228,0.0572,456774636701154.562500
-0.14150999999999997,0.022000000000000002,0.0516,456774636701154.562500
-0.14149999999999996,0.0228,0.05,456774636701154.562500
-0.14148999999999995,0.022000000000000002,0.0572,456774636701154.562500
-0.14148,0.022000000000000002,0.056400000000000006,456774636701154.562500
-0.14146999999999998,0.022000000000000002,0.054,456774636701154.562500
-0.14145999999999997,0.0212,0.056400000000000006,456774636701154.562500
-0.14144999999999996,0.0212,0.0548,456774636701154.562500
-0.14143999999999995,0.022000000000000002,0.0516,456774636701154.562500
-0.14142999999999994,0.0204,0.0436,456774636701154.562500
-0.14142,0.0236,0.056400000000000006,456774636701154.562500
-0.14140999999999998,0.0196,0.054,456774636701154.562500
-0.14139999999999997,0.0236,0.056400000000000006,456774636701154.562500
-0.14138999999999996,0.022000000000000002,0.056400000000000006,456774636701154.562500
-0.14137999999999995,0.0228,0.0572,456774636701154.562500
-0.14137,0.0228,0.056400000000000006,456774636701154.562500
-0.14135999999999999,0.0236,0.0524,456774636701154.562500
-0.14134999999999998,0.0244,0.055600000000000004,456774636701154.562500
-0.14133999999999997,0.0228,0.0548,456774636701154.562500
-0.14132999999999996,0.0236,0.058,456774636701154.562500
-0.14131999999999995,0.0212,0.054,456774636701154.562500
-0.14131,0.0244,0.055600000000000004,456774636701154.562500
-0.14129999999999998,0.0228,0.054,456774636701154.562500
-0.14128999999999997,0.0236,0.0572,456774636701154.562500
-0.14127999999999996,0.0236,0.054,456774636701154.562500
-0.14126999999999995,0.022000000000000002,0.0524,456774636701154.562500
-0.14126,0.0252,0.0364,456774636701154.562500
-0.14125,0.0236,0.054,456774636701154.562500
-0.14123999999999998,0.022000000000000002,0.0548,456774636701154.562500
-0.14122999999999997,0.0228,0.0572,456774636701154.562500
-0.14121999999999996,0.0212,0.055600000000000004,456774636701154.562500
-0.14120999999999995,0.022000000000000002,0.0572,456774636701154.562500
-0.1412,0.0228,0.0572,456774636701154.562500
-0.14118999999999998,0.022000000000000002,0.0492,456774636701154.562500
-0.14117999999999997,0.0228,0.058,456774636701154.562500
-0.14116999999999996,0.0212,0.056400000000000006,456774636701154.562500
-0.14115999999999995,0.0204,0.056400000000000006,456774636701154.562500
-0.14115,0.0228,0.054,456774636701154.562500
-0.14114,0.0204,0.055600000000000004,456774636701154.562500
-0.14112999999999998,0.022000000000000002,0.054,456774636701154.562500
-0.14111999999999997,0.022000000000000002,0.056400000000000006,456774636701154.562500
-0.14110999999999996,0.022000000000000002,0.0516,456774636701154.562500
-0.14109999999999995,0.0236,0.058,456774636701154.562500
-0.14109,0.0236,0.050800000000000005,456774636701154.562500
-0.14107999999999998,0.0236,0.0572,456774636701154.562500
-0.14106999999999997,0.0228,0.0548,456774636701154.562500
-0.14105999999999996,0.0228,0.056400000000000006,456774636701154.562500
-0.14104999999999995,0.0204,0.0492,456774636701154.562500
-0.14103999999999994,0.0196,0.055600000000000004,456774636701154.562500
-0.14103,0.0236,0.0572,456774636701154.562500
-0.14101999999999998,0.0236,0.055600000000000004,456774636701154.562500
-0.14100999999999997,0.0228,0.0524,456774636701154.562500
-0.14099999999999996,0.0228,0.046,456774636701154.562500
-0.14098999999999995,0.0244,0.046,456774636701154.562500
-0.14098,0.022000000000000002,0.040400000000000005,456774636701154.562500
-0.14096999999999998,0.0236,0.0468,456774636701154.562500
-0.14095999999999997,0.0244,0.0444,456774636701154.562500
-0.14094999999999996,0.0212,0.055600000000000004,456774636701154.562500
-0.14093999999999995,0.022000000000000002,0.0516,456774636701154.562500
-0.14092999999999994,0.0204,0.056400000000000006,456774636701154.562500
-0.14092,0.0212,0.0548,456774636701154.562500
-0.14090999999999998,0.0204,0.058,456774636701154.562500
-0.14089999999999997,0.0204,0.058800000000000005,456774636701154.562500
-0.14088999999999996,0.0196,0.0572,456774636701154.562500
-0.14087999999999995,0.0204,0.055600000000000004,456774636701154.562500
-0.14087,0.0212,0.054,456774636701154.562500
-0.14085999999999999,0.0228,0.056400000000000006,456774636701154.562500
-0.14084999999999998,0.0244,0.058,456774636701154.562500
-0.14083999999999997,0.022000000000000002,0.056400000000000006,456774636701154.562500
-0.14082999999999996,0.0212,0.054,456774636701154.562500
-0.14081999999999995,0.0196,0.056400000000000006,456774636701154.562500
-0.14081,0.0196,0.0548,456774636701154.562500
-0.14079999999999998,0.022000000000000002,0.0524,456774636701154.562500
-0.14078999999999997,0.0212,0.056400000000000006,456774636701154.562500
-0.14077999999999996,0.0228,0.054,456774636701154.562500
-0.14076999999999995,0.0252,0.048400000000000006,456774636701154.562500
-0.14076,0.0228,0.055600000000000004,456774636701154.562500
-0.14075,0.022000000000000002,0.050800000000000005,456774636701154.562500
-0.14073999999999998,0.0236,0.055600000000000004,456774636701154.562500
-0.14072999999999997,0.0228,0.0572,456774636701154.562500
-0.14071999999999996,0.0244,0.055600000000000004,456774636701154.562500
-0.14070999999999995,0.0236,0.0396,456774636701154.562500
-0.1407,0.0228,0.053200000000000004,456774636701154.562500
-0.14068999999999998,0.0236,0.0388,456774636701154.562500
-0.14067999999999997,0.0236,0.05,456774636701154.562500
-0.14066999999999996,0.022000000000000002,0.054,456774636701154.562500
-0.14065999999999995,0.0244,0.0548,456774636701154.562500
-0.14065,0.0228,0.053200000000000004,456774636701154.562500
-0.14064,0.0244,0.056400000000000006,456774636701154.562500
-0.14062999999999998,0.0228,0.056400000000000006,456774636701154.562500
-0.14061999999999997,0.0244,0.0572,456774636701154.562500
-0.14060999999999996,0.0228,0.0572,456774636701154.562500
-0.14059999999999995,0.0228,0.058,456774636701154.562500
-0.14059,0.0212,0.058,456774636701154.562500
-0.14057999999999998,0.0228,0.056400000000000006,456774636701154.562500
-0.14056999999999997,0.022000000000000002,0.0572,456774636701154.562500
-0.14055999999999996,0.0212,0.056400000000000006,456774636701154.562500
-0.14054999999999995,0.0228,0.056400000000000006,456774636701154.562500
-0.14054,0.022000000000000002,0.0524,456774636701154.562500
-0.14053,0.0204,0.0548,456774636701154.562500
-0.14051999999999998,0.022000000000000002,0.055600000000000004,456774636701154.562500
-0.14050999999999997,0.0228,0.058,456774636701154.562500
-0.14049999999999996,0.0228,0.055600000000000004,456774636701154.562500
-0.14048999999999995,0.022000000000000002,0.054,456774636701154.562500
-0.14048,0.022000000000000002,0.055600000000000004,456774636701154.562500
-0.14046999999999998,0.0204,0.0548,456774636701154.562500
-0.14045999999999997,0.0236,0.055600000000000004,456774636701154.562500
-0.14044999999999996,0.0228,0.055600000000000004,456774636701154.562500
-0.14043999999999995,0.0236,0.058,456774636701154.562500
-0.14042999999999994,0.0236,0.0572,456774636701154.562500
-0.14042,0.0236,0.055600000000000004,456774636701154.562500
-0.14040999999999998,0.026000000000000002,0.0476,456774636701154.562500
-0.14039999999999997,0.0252,0.0516,456774636701154.562500
-0.14038999999999996,0.0244,0.0524,456774636701154.562500
-0.14037999999999995,0.0244,0.058,456774636701154.562500
-0.14037,0.022000000000000002,0.0492,456774636701154.562500
-0.14035999999999998,0.0244,0.053200000000000004,456774636701154.562500
-0.14034999999999997,0.022000000000000002,0.046,456774636701154.562500
-0.14033999999999996,0.0228,0.0436,456774636701154.562500
-0.14032999999999995,0.0228,0.0516,456774636701154.562500
-0.14031999999999994,0.0236,0.055600000000000004,456774636701154.562500
-0.14031,0.0236,0.055600000000000004,456774636701154.562500
-0.14029999999999998,0.0236,0.056400000000000006,456774636701154.562500
-0.14028999999999997,0.0236,0.0572,456774636701154.562500
-0.14027999999999996,0.022000000000000002,0.055600000000000004,456774636701154.562500
-0.14026999999999995,0.0228,0.055600000000000004,456774636701154.562500
-0.14026,0.022000000000000002,0.0492,456774636701154.562500
-0.14024999999999999,0.0228,0.0572,456774636701154.562500
-0.14023999999999998,0.0228,0.054,456774636701154.562500
-0.14022999999999997,0.022000000000000002,0.055600000000000004,456774636701154.562500
-0.14021999999999996,0.022000000000000002,0.055600000000000004,456774636701154.562500
-0.14020999999999995,0.0228,0.056400000000000006,456774636701154.562500
-0.1402,0.022000000000000002,0.0524,456774636701154.562500
-0.14018999999999998,0.022000000000000002,0.0548,456774636701154.562500
-0.14017999999999997,0.0236,0.0516,456774636701154.562500
-0.14016999999999996,0.0236,0.0572,456774636701154.562500
-0.14015999999999995,0.0236,0.058,456774636701154.562500
-0.14015,0.0196,0.056400000000000006,456774636701154.562500
-0.14014,0.0212,0.054,456774636701154.562500
-0.14012999999999998,0.022000000000000002,0.0572,456774636701154.562500
-0.14011999999999997,0.022000000000000002,0.055600000000000004,456774636701154.562500
-0.14010999999999996,0.022000000000000002,0.054,456774636701154.562500
-0.14009999999999995,0.0212,0.056400000000000006,456774636701154.562500
-0.14009,0.0236,0.055600000000000004,456774636701154.562500
-0.14007999999999998,0.0236,0.056400000000000006,456774636701154.562500
-0.14006999999999997,0.0236,0.053200000000000004,456774636701154.562500
-0.14005999999999996,0.0228,0.05,456774636701154.562500
-0.14004999999999995,0.0228,0.053200000000000004,456774636701154.562500
-0.14004,0.0244,0.058,456774636701154.562500
-0.14003,0.0228,0.055600000000000004,456774636701154.562500
-0.14001999999999998,0.022000000000000002,0.056400000000000006,456774636701154.562500
-0.14000999999999997,0.022000000000000002,0.056400000000000006,456774636701154.562500
-0.13999999999999996,0.0228,0.055600000000000004,456774636701154.562500
-0.13998999999999995,0.0228,0.058,456774636701154.562500
-0.13998,0.022000000000000002,0.054,456774636701154.562500
-0.13996999999999998,0.0236,0.058800000000000005,456774636701154.562500
-0.13995999999999997,0.0212,0.054,456774636701154.562500
-0.13994999999999996,0.022000000000000002,0.053200000000000004,456774636701154.562500
-0.13993999999999995,0.022000000000000002,0.053200000000000004,456774636701154.562500
-0.13992999999999994,0.0204,0.0572,456774636701154.562500
-0.13992,0.0236,0.0572,456774636701154.562500
-0.13990999999999998,0.022000000000000002,0.054,456774636701154.562500
-0.13989999999999997,0.022000000000000002,0.0572,456774636701154.562500
-0.13988999999999996,0.022000000000000002,0.0548,456774636701154.562500
-0.13987999999999995,0.022000000000000002,0.054,456774636701154.562500
-0.13987,0.0236,0.055600000000000004,456774636701154.562500
-0.13985999999999998,0.0212,0.056400000000000006,456774636701154.562500
-0.13984999999999997,0.0236,0.056400000000000006,456774636701154.562500
-0.13983999999999996,0.0236,0.0548,456774636701154.562500
-0.13982999999999995,0.0244,0.0572,456774636701154.562500
-0.13981999999999994,0.0244,0.058,456774636701154.562500
-0.13981,0.0236,0.053200000000000004,456774636701154.562500
-0.13979999999999998,0.0244,0.056400000000000006,456774636701154.562500
-0.13978999999999997,0.0244,0.056400000000000006,456774636701154.562500
-0.13977999999999996,0.0228,0.056400000000000006,456774636701154.562500
-0.13976999999999995,0.0252,0.054,456774636701154.562500
-0.13976,0.0252,0.056400000000000006,456774636701154.562500
-0.13974999999999999,0.0236,0.058,456774636701154.562500
-0.13973999999999998,0.0252,0.055600000000000004,456774636701154.562500
-0.13972999999999997,0.0228,0.056400000000000006,456774636701154.562500
-0.13971999999999996,0.0236,0.0572,456774636701154.562500
-0.13970999999999995,0.022000000000000002,0.055600000000000004,456774636701154.562500
-0.1397,0.0228,0.055600000000000004,456774636701154.562500
-0.13968999999999998,0.022000000000000002,0.05,456774636701154.562500
-0.13967999999999997,0.022000000000000002,0.055600000000000004,456774636701154.562500
-0.13966999999999996,0.0228,0.055600000000000004,456774636701154.562500
-0.13965999999999995,0.0196,0.058,456774636701154.562500
-0.13965,0.0236,0.058,456774636701154.562500
-0.13964,0.022000000000000002,0.055600000000000004,456774636701154.562500
-0.13962999999999998,0.0196,0.0572,456774636701154.562500
-0.13961999999999997,0.0196,0.056400000000000006,456774636701154.562500
-0.13960999999999996,0.0212,0.054,456774636701154.562500
-0.13959999999999995,0.022000000000000002,0.055600000000000004,456774636701154.562500
-0.13959,0.0228,0.055600000000000004,456774636701154.562500
-0.13957999999999998,0.022000000000000002,0.055600000000000004,456774636701154.562500
-0.13956999999999997,0.022000000000000002,0.056400000000000006,456774636701154.562500
-0.13955999999999996,0.0212,0.058,456774636701154.562500
-0.13954999999999995,0.0236,0.056400000000000006,456774636701154.562500
-0.13954,0.0236,0.0572,456774636701154.562500
-0.13953,0.0244,0.056400000000000006,456774636701154.562500
-0.13951999999999998,0.0212,0.056400000000000006,456774636701154.562500
-0.13950999999999997,0.0236,0.0572,456774636701154.562500
-0.13949999999999996,0.0244,0.056400000000000006,456774636701154.562500
-0.13948999999999995,0.0236,0.056400000000000006,456774636701154.562500
-0.13948,0.0236,0.055600000000000004,456774636701154.562500
-0.13946999999999998,0.0228,0.056400000000000006,456774636701154.562500
-0.13945999999999997,0.0228,0.055600000000000004,456774636701154.562500
-0.13944999999999996,0.0236,0.058,456774636701154.562500
-0.13943999999999995,0.0236,0.058,456774636701154.562500
-0.13942999999999994,0.022000000000000002,0.058,456774636701154.562500
-0.13942,0.0228,0.053200000000000004,456774636701154.562500
-0.13940999999999998,0.022000000000000002,0.056400000000000006,456774636701154.562500
-0.13939999999999997,0.0204,0.0548,456774636701154.562500
-0.13938999999999996,0.0228,0.055600000000000004,456774636701154.562500
-0.13937999999999995,0.022000000000000002,0.0572,456774636701154.562500
-0.13937,0.0228,0.0572,456774636701154.562500
-0.13935999999999998,0.022000000000000002,0.058800000000000005,456774636701154.562500
-0.13934999999999997,0.022000000000000002,0.0572,456774636701154.562500
-0.13933999999999996,0.0236,0.058800000000000005,456774636701154.562500
-0.13932999999999995,0.0196,0.055600000000000004,456774636701154.562500
-0.13931999999999994,0.0228,0.0572,456774636701154.562500
-0.13931,0.022000000000000002,0.058,456774636701154.562500
-0.13929999999999998,0.0204,0.058,456774636701154.562500
-0.13928999999999997,0.0204,0.056400000000000006,456774636701154.562500
-0.13927999999999996,0.0212,0.056400000000000006,456774636701154.562500
-0.13926999999999995,0.022000000000000002,0.058,456774636701154.562500
-0.13926,0.0228,0.0572,456774636701154.562500
-0.13924999999999998,0.0212,0.0572,456774636701154.562500
-0.13923999999999997,0.0212,0.055600000000000004,456774636701154.562500
-0.13922999999999996,0.0236,0.056400000000000006,456774636701154.562500
-0.13921999999999995,0.0244,0.058800000000000005,456774636701154.562500
-0.13920999999999994,0.0236,0.0572,456774636701154.562500
-0.1392,0.022000000000000002,0.056400000000000006,456774636701154.562500
-0.13918999999999998,0.0212,0.056400000000000006,456774636701154.562500
-0.13917999999999997,0.0244,0.058,456774636701154.562500
-0.13916999999999996,0.0244,0.055600000000000004,456774636701154.562500
-0.13915999999999995,0.0236,0.0548,456774636701154.562500
-0.13915,0.0228,0.0516,456774636701154.562500
-0.13913999999999999,0.0228,0.056400000000000006,456774636701154.562500
-0.13912999999999998,0.0236,0.05,456774636701154.562500
-0.13911999999999997,0.0244,0.0524,456774636701154.562500
-0.13910999999999996,0.0204,0.0548,456774636701154.562500
-0.13909999999999995,0.022000000000000002,0.0524,456774636701154.562500
-0.13909,0.022000000000000002,0.0516,456774636701154.562500
-0.13907999999999998,0.0236,0.0524,456774636701154.562500
-0.13906999999999997,0.0212,0.055600000000000004,456774636701154.562500
-0.13905999999999996,0.022000000000000002,0.056400000000000006,456774636701154.562500
-0.13904999999999995,0.0196,0.055600000000000004,456774636701154.562500
-0.13904,0.0212,0.0572,456774636701154.562500
-0.13903,0.0228,0.054,456774636701154.562500
-0.13901999999999998,0.022000000000000002,0.056400000000000006,456774636701154.562500
-0.13900999999999997,0.022000000000000002,0.0572,456774636701154.562500
-0.13899999999999996,0.0228,0.0572,456774636701154.562500
-0.13898999999999995,0.0212,0.0572,456774636701154.562500
-0.13898,0.0204,0.056400000000000006,456774636701154.562500
-0.13896999999999998,0.0228,0.0468,456774636701154.562500
-0.13895999999999997,0.022000000000000002,0.056400000000000006,456774636701154.562500
-0.13894999999999996,0.0204,0.0572,456774636701154.562500
-0.13893999999999995,0.022000000000000002,0.056400000000000006,456774636701154.562500
-0.13893,0.0228,0.0572,456774636701154.562500
-0.13892,0.0204,0.045200000000000004,456774636701154.562500
-0.13890999999999998,0.0244,0.05,456774636701154.562500
-0.13889999999999997,0.022000000000000002,0.055600000000000004,456774636701154.562500
-0.13888999999999996,0.0236,0.0572,456774636701154.562500
-0.13887999999999995,0.0228,0.056400000000000006,456774636701154.562500
-0.13887,0.0236,0.0548,456774636701154.562500
-0.13885999999999998,0.0236,0.0572,456774636701154.562500
-0.13884999999999997,0.0212,0.0516,456774636701154.562500
-0.13883999999999996,0.0228,0.053200000000000004,456774636701154.562500
-0.13882999999999995,0.0228,0.056400000000000006,456774636701154.562500
-0.13881999999999994,0.0236,0.0572,456774636701154.562500
-0.13881,0.0236,0.0572,456774636701154.562500
-0.13879999999999998,0.022000000000000002,0.058,456774636701154.562500
-0.13878999999999997,0.0236,0.055600000000000004,456774636701154.562500
-0.13877999999999996,0.0236,0.055600000000000004,456774636701154.562500
-0.13876999999999995,0.0212,0.0492,456774636701154.562500
-0.13876,0.0212,0.056400000000000006,456774636701154.562500
-0.13874999999999998,0.0204,0.058800000000000005,456774636701154.562500
-0.13873999999999997,0.022000000000000002,0.054,456774636701154.562500
-0.13872999999999996,0.0212,0.0516,456774636701154.562500
-0.13871999999999995,0.0212,0.058,456774636701154.562500
-0.13870999999999994,0.022000000000000002,0.0524,456774636701154.562500
-0.1387,0.0204,0.056400000000000006,456774636701154.562500
-0.13868999999999998,0.022000000000000002,0.055600000000000004,456774636701154.562500
-0.13867999999999997,0.0204,0.056400000000000006,456774636701154.562500
-0.13866999999999996,0.022000000000000002,0.058800000000000005,456774636701154.562500
-0.13865999999999995,0.022000000000000002,0.056400000000000006,456774636701154.562500
-0.13865,0.022000000000000002,0.056400000000000006,456774636701154.562500
-0.13863999999999999,0.0228,0.0572,456774636701154.562500
-0.13862999999999998,0.0236,0.058,456774636701154.562500
-0.13861999999999997,0.022000000000000002,0.055600000000000004,456774636701154.562500
-0.13860999999999996,0.0236,0.056400000000000006,456774636701154.562500
-0.13859999999999995,0.0236,0.0572,456774636701154.562500
-0.13859,0.0228,0.0572,456774636701154.562500
-0.13857999999999998,0.0236,0.0548,456774636701154.562500
-0.13856999999999997,0.0244,0.055600000000000004,456774636701154.562500
-0.13855999999999996,0.0244,0.0572,456774636701154.562500
-0.13854999999999995,0.0252,0.058,456774636701154.562500
-0.13854,0.022000000000000002,0.055600000000000004,456774636701154.562500
-0.13853,0.0244,0.0548,456774636701154.562500
-0.13851999999999998,0.0236,0.056400000000000006,456774636701154.562500
-0.13850999999999997,0.0236,0.0548,456774636701154.562500
-0.13849999999999996,0.0212,0.055600000000000004,456774636701154.562500
-0.13848999999999995,0.018000000000000002,0.055600000000000004,456774636701154.562500
-0.13848,0.022000000000000002,0.056400000000000006,456774636701154.562500
-0.13846999999999998,0.0188,0.056400000000000006,456774636701154.562500
-0.13845999999999997,0.0204,0.0572,456774636701154.562500
-0.13844999999999996,0.0212,0.058,456774636701154.562500
-0.13843999999999995,0.0204,0.055600000000000004,456774636701154.562500
-0.13843,0.0212,0.0548,456774636701154.562500
-0.13842,0.0204,0.0572,456774636701154.562500
-0.13840999999999998,0.0204,0.0572,456774636701154.562500
-0.13839999999999997,0.0204,0.0524,456774636701154.562500
-0.13838999999999996,0.018000000000000002,0.056400000000000006,456774636701154.562500
-0.13837999999999995,0.0212,0.056400000000000006,456774636701154.562500
-0.13837,0.022000000000000002,0.056400000000000006,456774636701154.562500
-0.13835999999999998,0.0212,0.055600000000000004,456774636701154.562500
-0.13834999999999997,0.0228,0.0572,456774636701154.562500
-0.13833999999999996,0.022000000000000002,0.0548,456774636701154.562500
-0.13832999999999995,0.0228,0.056400000000000006,456774636701154.562500
-0.13831999999999994,0.0204,0.0548,456774636701154.562500
-0.13831,0.022000000000000002,0.056400000000000006,456774636701154.562500
-0.13829999999999998,0.022000000000000002,0.0548,456774636701154.562500
-0.13828999999999997,0.0212,0.0572,456774636701154.562500
-0.13827999999999996,0.0236,0.0572,456774636701154.562500
-0.13826999999999995,0.0244,0.054,456774636701154.562500
-0.13826,0.0252,0.054,456774636701154.562500
-0.13824999999999998,0.0244,0.0516,456774636701154.562500
-0.13823999999999997,0.0244,0.055600000000000004,456774636701154.562500
-0.13822999999999996,0.022000000000000002,0.0548,456774636701154.562500
-0.13821999999999995,0.0244,0.0572,456774636701154.562500
-0.13820999999999994,0.0228,0.056400000000000006,456774636701154.562500
-0.1382,0.0228,0.056400000000000006,456774636701154.562500
-0.13818999999999998,0.0236,0.0572,456774636701154.562500
-0.13817999999999997,0.0228,0.056400000000000006,456774636701154.562500
-0.13816999999999996,0.0212,0.056400000000000006,456774636701154.562500
-0.13815999999999995,0.0236,0.058800000000000005,456774636701154.562500
-0.13815,0.022000000000000002,0.0572,456774636701154.562500
-0.13813999999999999,0.0228,0.0572,456774636701154.562500
-0.13812999999999998,0.0228,0.056400000000000006,456774636701154.562500
-0.13811999999999997,0.0204,0.055600000000000004,456774636701154.562500
-0.13810999999999996,0.0212,0.056400000000000006,456774636701154.562500
-0.13809999999999995,0.022000000000000002,0.0572,456774636701154.562500
-0.13809,0.0196,0.055600000000000004,456774636701154.562500
-0.13807999999999998,0.022000000000000002,0.055600000000000004,456774636701154.562500
-0.13806999999999997,0.0228,0.0516,456774636701154.562500
-0.13805999999999996,0.0228,0.058,456774636701154.562500
-0.13804999999999995,0.022000000000000002,0.0524,456774636701154.562500
-0.13804,0.0228,0.056400000000000006,456774636701154.562500
-0.13802999999999999,0.0212,0.056400000000000006,456774636701154.562500
-0.13801999999999998,0.022000000000000002,0.058,456774636701154.562500
-0.13800999999999997,0.0236,0.0572,456774636701154.562500
-0.13799999999999996,0.0236,0.056400000000000006,456774636701154.562500
-0.13798999999999995,0.0236,0.055600000000000004,456774636701154.562500
-0.13798,0.0244,0.056400000000000006,456774636701154.562500
-0.13796999999999998,0.0252,0.056400000000000006,456774636701154.562500
-0.13795999999999997,0.0228,0.055600000000000004,456774636701154.562500
-0.13794999999999996,0.0244,0.0572,456774636701154.562500
-0.13793999999999995,0.0236,0.053200000000000004,456774636701154.562500
-0.13793,0.0244,0.058,456774636701154.562500
-0.13792,0.0236,0.054,456774636701154.562500
-0.13790999999999998,0.0236,0.055600000000000004,456774636701154.562500
-0.13789999999999997,0.0236,0.053200000000000004,456774636701154.562500
-0.13788999999999996,0.0236,0.055600000000000004,456774636701154.562500
-0.13787999999999995,0.0236,0.056400000000000006,456774636701154.562500
-0.13787,0.0228,0.058,456774636701154.562500
-0.13785999999999998,0.022000000000000002,0.058,456774636701154.562500
-0.13784999999999997,0.022000000000000002,0.056400000000000006,456774636701154.562500
-0.13783999999999996,0.022000000000000002,0.058,456774636701154.562500
-0.13782999999999995,0.022000000000000002,0.055600000000000004,456774636701154.562500
-0.13782,0.0236,0.0572,456774636701154.562500
-0.13781,0.0204,0.055600000000000004,456774636701154.562500
-0.13779999999999998,0.022000000000000002,0.058,456774636701154.562500
-0.13778999999999997,0.0204,0.056400000000000006,456774636701154.562500
-0.13777999999999996,0.0212,0.056400000000000006,456774636701154.562500
-0.13776999999999995,0.0196,0.056400000000000006,456774636701154.562500
-0.13776,0.022000000000000002,0.056400000000000006,456774636701154.562500
-0.13774999999999998,0.0244,0.055600000000000004,456774636701154.562500
-0.13773999999999997,0.0228,0.054,456774636701154.562500
-0.13772999999999996,0.0212,0.053200000000000004,456774636701154.562500
-0.13771999999999995,0.0212,0.055600000000000004,456774636701154.562500
-0.13770999999999994,0.0236,0.058,456774636701154.562500
-0.1377,0.0228,0.055600000000000004,456774636701154.562500
-0.13768999999999998,0.0236,0.0572,456774636701154.562500
-0.13767999999999997,0.0244,0.056400000000000006,456774636701154.562500
-0.13766999999999996,0.0212,0.0572,456774636701154.562500
-0.13765999999999995,0.0228,0.056400000000000006,456774636701154.562500
-0.13765,0.0236,0.056400000000000006,456774636701154.562500
-0.13763999999999998,0.0236,0.0572,456774636701154.562500
-0.13762999999999997,0.0244,0.050800000000000005,456774636701154.562500
-0.13761999999999996,0.0244,0.056400000000000006,456774636701154.562500
-0.13760999999999995,0.0228,0.055600000000000004,456774636701154.562500
-0.13759999999999994,0.0236,0.056400000000000006,456774636701154.562500
-0.13759,0.0244,0.058,456774636701154.562500
-0.13757999999999998,0.0228,0.056400000000000006,456774636701154.562500
-0.13756999999999997,0.0228,0.0572,456774636701154.562500
-0.13755999999999996,0.022000000000000002,0.05,456774636701154.562500
-0.13754999999999995,0.0236,0.058,456774636701154.562500
-0.13754,0.0204,0.056400000000000006,456774636701154.562500
-0.13752999999999999,0.0212,0.0548,456774636701154.562500
-0.13751999999999998,0.0236,0.0572,456774636701154.562500
-0.13750999999999997,0.018000000000000002,0.0572,456774636701154.562500
-0.13749999999999996,0.022000000000000002,0.058800000000000005,456774636701154.562500
-0.13748999999999995,0.0236,0.055600000000000004,456774636701154.562500
-0.13748,0.0228,0.058,456774636701154.562500
-0.13746999999999998,0.022000000000000002,0.056400000000000006,456774636701154.562500
-0.13745999999999997,0.0212,0.058,456774636701154.562500
-0.13744999999999996,0.0244,0.056400000000000006,456774636701154.562500
-0.13743999999999995,0.0196,0.0572,456774636701154.562500
-0.13743,0.0212,0.058,456774636701154.562500
-0.13742,0.0212,0.054,456774636701154.562500
-0.13740999999999998,0.0236,0.058,456774636701154.562500
-0.13739999999999997,0.0204,0.056400000000000006,456774636701154.562500
-0.13738999999999996,0.022000000000000002,0.058,456774636701154.562500
-0.13737999999999995,0.0244,0.0524,456774636701154.562500
-0.13737,0.0244,0.055600000000000004,456774636701154.562500
-0.13735999999999998,0.0236,0.056400000000000006,456774636701154.562500
-0.13734999999999997,0.0244,0.0548,456774636701154.562500
-0.13733999999999996,0.0252,0.056400000000000006,456774636701154.562500
-0.13732999999999995,0.0252,0.056400000000000006,456774636701154.562500
-0.13732,0.0228,0.058,456774636701154.562500
-0.13731,0.0244,0.058,456774636701154.562500
-0.13729999999999998,0.0228,0.058,456774636701154.562500
-0.13728999999999997,0.0228,0.058800000000000005,456774636701154.562500
-0.13727999999999996,0.0244,0.0572,456774636701154.562500
-0.13726999999999995,0.0204,0.055600000000000004,456774636701154.562500
-0.13726,0.0228,0.0572,456774636701154.562500
-0.13724999999999998,0.022000000000000002,0.055600000000000004,456774636701154.562500
-0.13723999999999997,0.022000000000000002,0.0572,456774636701154.562500
-0.13722999999999996,0.022000000000000002,0.0572,456774636701154.562500
-0.13721999999999995,0.022000000000000002,0.0516,456774636701154.562500
-0.13720999999999994,0.0196,0.0572,456774636701154.562500
-0.1372,0.022000000000000002,0.055600000000000004,456774636701154.562500
-0.13718999999999998,0.0188,0.055600000000000004,456774636701154.562500
-0.13717999999999997,0.022000000000000002,0.056400000000000006,456774636701154.562500
-0.13716999999999996,0.0212,0.056400000000000006,456774636701154.562500
-0.13715999999999995,0.0204,0.058,456774636701154.562500
-0.13715,0.0196,0.055600000000000004,456774636701154.562500
-0.13713999999999998,0.0228,0.058,456774636701154.562500
-0.13712999999999997,0.0228,0.054,456774636701154.562500
-0.13711999999999996,0.0204,0.056400000000000006,456774636701154.562500
-0.13710999999999995,0.0236,0.054,456774636701154.562500
-0.13709999999999994,0.0244,0.054,456774636701154.562500
-0.13709,0.0244,0.055600000000000004,456774636701154.562500
-0.13707999999999998,0.0212,0.0492,456774636701154.562500
-0.13706999999999997,0.0244,0.046,456774636701154.562500
-0.13705999999999996,0.0236,0.0516,456774636701154.562500
-0.13704999999999995,0.0236,0.0572,456774636701154.562500
-0.13704,0.0236,0.055600000000000004,456774636701154.562500
-0.13702999999999999,0.0228,0.055600000000000004,456774636701154.562500
-0.13701999999999998,0.0236,0.058,456774636701154.562500
-0.13700999999999997,0.0212,0.0524,456774636701154.562500
-0.13699999999999996,0.0228,0.0476,456774636701154.562500
-0.13698999999999995,0.0244,0.0548,456774636701154.562500
-0.13698,0.0236,0.0524,456774636701154.562500
-0.13696999999999998,0.022000000000000002,0.058,456774636701154.562500
-0.13695999999999997,0.0228,0.0524,456774636701154.562500
-0.13694999999999996,0.0228,0.058,456774636701154.562500
-0.13693999999999995,0.0212,0.054,456774636701154.562500
-0.13693,0.0204,0.0572,456774636701154.562500
-0.13692,0.0212,0.056400000000000006,456774636701154.562500
-0.13690999999999998,0.0204,0.0548,456774636701154.562500
-0.13689999999999997,0.0204,0.055600000000000004,456774636701154.562500
-0.13688999999999996,0.0204,0.0572,456774636701154.562500
-0.13687999999999995,0.0212,0.053200000000000004,456774636701154.562500
-0.13687,0.0204,0.055600000000000004,456774636701154.562500
-0.13685999999999998,0.0212,0.0572,456774636701154.562500
-0.13684999999999997,0.022000000000000002,0.0548,456774636701154.562500
-0.13683999999999996,0.0228,0.054,456774636701154.562500
-0.13682999999999995,0.0196,0.058,456774636701154.562500
-0.13682,0.0236,0.056400000000000006,456774636701154.562500
-0.13681,0.0212,0.0572,456774636701154.562500
-0.13679999999999998,0.0236,0.0572,456774636701154.562500
-0.13678999999999997,0.0236,0.0548,456774636701154.562500
-0.13677999999999996,0.0236,0.0572,456774636701154.562500
-0.13676999999999995,0.0236,0.0572,456774636701154.562500
-0.13676,0.0236,0.055600000000000004,456774636701154.562500
-0.13674999999999998,0.0244,0.058,456774636701154.562500
-0.13673999999999997,0.0244,0.056400000000000006,456774636701154.562500
-0.13672999999999996,0.0252,0.056400000000000006,456774636701154.562500
-0.13671999999999995,0.0244,0.053200000000000004,456774636701154.562500
-0.13670999999999994,0.0244,0.055600000000000004,456774636701154.562500
-0.1367,0.0236,0.0396,456774636701154.562500
-0.13668999999999998,0.0236,0.054,456774636701154.562500
-0.13667999999999997,0.0236,0.058,456774636701154.562500
-0.13666999999999996,0.0236,0.055600000000000004,456774636701154.562500
-0.13665999999999995,0.022000000000000002,0.0572,456774636701154.562500
-0.13665,0.0236,0.055600000000000004,456774636701154.562500
-0.13663999999999998,0.0228,0.055600000000000004,456774636701154.562500
-0.13662999999999997,0.0236,0.055600000000000004,456774636701154.562500
-0.13661999999999996,0.0236,0.055600000000000004,456774636701154.562500
-0.13660999999999995,0.0228,0.054,456774636701154.562500
-0.13659999999999994,0.022000000000000002,0.058,456774636701154.562500
-0.13659,0.0228,0.054,456774636701154.562500
-0.13657999999999998,0.022000000000000002,0.058,456774636701154.562500
-0.13656999999999997,0.022000000000000002,0.0516,456774636701154.562500
-0.13655999999999996,0.0228,0.058,456774636701154.562500
-0.13654999999999995,0.0212,0.055600000000000004,456774636701154.562500
-0.13654,0.022000000000000002,0.045200000000000004,456774636701154.562500
-0.13652999999999998,0.0212,0.0516,456774636701154.562500
-0.13651999999999997,0.0212,0.0572,456774636701154.562500
-0.13650999999999996,0.022000000000000002,0.056400000000000006,456774636701154.562500
-0.13649999999999995,0.0204,0.0572,456774636701154.562500
-0.13648999999999994,0.0188,0.055600000000000004,456774636701154.562500
-0.13648,0.0204,0.0572,456774636701154.562500
-0.13646999999999998,0.0236,0.058,456774636701154.562500
-0.13645999999999997,0.0236,0.0572,456774636701154.562500
-0.13644999999999996,0.0244,0.056400000000000006,456774636701154.562500
-0.13643999999999995,0.0252,0.056400000000000006,456774636701154.562500
-0.13643,0.0236,0.05,456774636701154.562500
-0.13641999999999999,0.0252,0.056400000000000006,456774636701154.562500
-0.13640999999999998,0.0244,0.055600000000000004,456774636701154.562500
-0.13639999999999997,0.0236,0.058,456774636701154.562500
-0.13638999999999996,0.0236,0.0572,456774636701154.562500
-0.13637999999999995,0.0236,0.058,456774636701154.562500
-0.13637,0.0236,0.0572,456774636701154.562500
-0.13635999999999998,0.0236,0.0572,456774636701154.562500
-0.13634999999999997,0.0236,0.0572,456774636701154.562500
-0.13633999999999996,0.0212,0.055600000000000004,456774636701154.562500
-0.13632999999999995,0.0228,0.0572,456774636701154.562500
-0.13632,0.0212,0.0548,456774636701154.562500
-0.13631,0.0212,0.056400000000000006,456774636701154.562500
-0.13629999999999998,0.0228,0.055600000000000004,456774636701154.562500
-0.13628999999999997,0.022000000000000002,0.0596,456774636701154.562500
-0.13627999999999996,0.0172,0.058,456774636701154.562500
-0.13626999999999995,0.022000000000000002,0.055600000000000004,456774636701154.562500
-0.13626,0.0228,0.055600000000000004,456774636701154.562500
-0.13624999999999998,0.0228,0.0548,456774636701154.562500
-0.13623999999999997,0.022000000000000002,0.0436,456774636701154.562500
-0.13622999999999996,0.0204,0.0476,456774636701154.562500
-0.13621999999999995,0.0228,0.055600000000000004,456774636701154.562500
-0.13621,0.0212,0.054,456774636701154.562500
-0.1362,0.0236,0.053200000000000004,456774636701154.562500
-0.13618999999999998,0.0228,0.0516,456774636701154.562500
-0.13617999999999997,0.0228,0.054,456774636701154.562500
-0.13616999999999996,0.0244,0.0572,456774636701154.562500
-0.13615999999999995,0.0252,0.056400000000000006,456774636701154.562500
-0.13615,0.0236,0.055600000000000004,456774636701154.562500
-0.13613999999999998,0.0252,0.055600000000000004,456774636701154.562500
-0.13612999999999997,0.0252,0.055600000000000004,456774636701154.562500
-0.13611999999999996,0.0236,0.0572,456774636701154.562500
-0.13610999999999995,0.0236,0.056400000000000006,456774636701154.562500
-0.13609999999999994,0.0252,0.056400000000000006,456774636701154.562500
-0.13609,0.0236,0.0548,456774636701154.562500
-0.13607999999999998,0.022000000000000002,0.0572,456774636701154.562500
-0.13606999999999997,0.0228,0.0436,456774636701154.562500
-0.13605999999999996,0.0228,0.0548,456774636701154.562500
-0.13604999999999995,0.022000000000000002,0.056400000000000006,456774636701154.562500
-0.13604,0.022000000000000002,0.056400000000000006,456774636701154.562500
-0.13602999999999998,0.0196,0.0572,456774636701154.562500
-0.13601999999999997,0.022000000000000002,0.0572,456774636701154.562500
-0.13600999999999996,0.0196,0.055600000000000004,456774636701154.562500
-0.13599999999999995,0.022000000000000002,0.056400000000000006,456774636701154.562500
-0.13598999999999994,0.0212,0.053200000000000004,456774636701154.562500
-0.13598,0.022000000000000002,0.0572,456774636701154.562500
-0.13596999999999998,0.0204,0.055600000000000004,456774636701154.562500
-0.13595999999999997,0.0204,0.058,456774636701154.562500
-0.13594999999999996,0.022000000000000002,0.058,456774636701154.562500
-0.13593999999999995,0.0204,0.058800000000000005,456774636701154.562500
-0.13593,0.0228,0.056400000000000006,456774636701154.562500
-0.13591999999999999,0.022000000000000002,0.058,456774636701154.562500
-0.13590999999999998,0.022000000000000002,0.056400000000000006,456774636701154.562500
-0.13589999999999997,0.0228,0.056400000000000006,456774636701154.562500
-0.13588999999999996,0.0228,0.056400000000000006,456774636701154.562500
-0.13587999999999995,0.0244,0.056400000000000006,456774636701154.562500
-0.13587,0.0244,0.0572,456774636701154.562500
-0.13585999999999998,0.0236,0.056400000000000006,456774636701154.562500
-0.13584999999999997,0.0244,0.055600000000000004,456774636701154.562500
-0.13583999999999996,0.0244,0.055600000000000004,456774636701154.562500
-0.13582999999999995,0.0228,0.0524,456774636701154.562500
-0.13582,0.0228,0.054,456774636701154.562500
-0.13581,0.0236,0.0524,456774636701154.562500
-0.13579999999999998,0.0204,0.055600000000000004,456774636701154.562500
-0.13578999999999997,0.0212,0.0548,456774636701154.562500
-0.13577999999999996,0.0228,0.056400000000000006,456774636701154.562500
-0.13576999999999995,0.0236,0.0572,456774636701154.562500
-0.13576,0.0228,0.0572,456774636701154.562500
-0.13574999999999998,0.0236,0.058,456774636701154.562500
-0.13573999999999997,0.0236,0.0524,456774636701154.562500
-0.13572999999999996,0.0236,0.0548,456774636701154.562500
-0.13571999999999995,0.0236,0.058,456774636701154.562500
-0.13571,0.0228,0.056400000000000006,456774636701154.562500
-0.1357,0.0212,0.055600000000000004,456774636701154.562500
-0.13568999999999998,0.0212,0.050800000000000005,456774636701154.562500
-0.13567999999999997,0.0212,0.048400000000000006,456774636701154.562500
-0.13566999999999996,0.022000000000000002,0.055600000000000004,456774636701154.562500
-0.13565999999999995,0.0204,0.056400000000000006,456774636701154.562500
-0.13565,0.0228,0.0572,456774636701154.562500
-0.13563999999999998,0.0228,0.058,456774636701154.562500
-0.13562999999999997,0.0212,0.056400000000000006,456774636701154.562500
-0.13561999999999996,0.022000000000000002,0.0572,456774636701154.562500
-0.13560999999999995,0.0228,0.056400000000000006,456774636701154.562500
-0.13559999999999994,0.022000000000000002,0.056400000000000006,456774636701154.562500
-0.13559,0.0228,0.055600000000000004,456774636701154.562500
-0.13557999999999998,0.0228,0.0572,456774636701154.562500
-0.13556999999999997,0.022000000000000002,0.056400000000000006,456774636701154.562500
-0.13555999999999996,0.022000000000000002,0.056400000000000006,456774636701154.562500
-0.13554999999999995,0.0228,0.0548,456774636701154.562500
-0.13554,0.0236,0.054,456774636701154.562500
-0.13552999999999998,0.0252,0.0572,456774636701154.562500
-0.13551999999999997,0.0212,0.0572,456774636701154.562500
-0.13550999999999996,0.0244,0.0572,456774636701154.562500
-0.13549999999999995,0.0236,0.058,456774636701154.562500
-0.13548999999999994,0.0244,0.058,456774636701154.562500
-0.13548,0.0228,0.058,456774636701154.562500
-0.13546999999999998,0.022000000000000002,0.0572,456774636701154.562500
-0.13545999999999997,0.0228,0.0572,456774636701154.562500
-0.13544999999999996,0.0196,0.056400000000000006,456774636701154.562500
-0.13543999999999995,0.0204,0.058,456774636701154.562500
-0.13543,0.022000000000000002,0.056400000000000006,456774636701154.562500
-0.13541999999999998,0.0228,0.0572,456774636701154.562500
-0.13540999999999997,0.022000000000000002,0.0572,456774636701154.562500
-0.13539999999999996,0.0212,0.0572,456774636701154.562500
-0.13538999999999995,0.0204,0.054,456774636701154.562500
-0.13537999999999994,0.0236,0.0572,456774636701154.562500
-0.13537,0.0228,0.0524,456774636701154.562500
-0.13535999999999998,0.0236,0.056400000000000006,456774636701154.562500
-0.13534999999999997,0.0212,0.046,456774636701154.562500
-0.13533999999999996,0.022000000000000002,0.0548,456774636701154.562500
-0.13532999999999995,0.0212,0.056400000000000006,456774636701154.562500
-0.13532,0.022000000000000002,0.056400000000000006,456774636701154.562500
-0.13530999999999999,0.0228,0.0548,456774636701154.562500
-0.13529999999999998,0.0228,0.0572,456774636701154.562500
-0.13528999999999997,0.022000000000000002,0.0572,456774636701154.562500
-0.13527999999999996,0.022000000000000002,0.055600000000000004,456774636701154.562500
-0.13526999999999995,0.022000000000000002,0.055600000000000004,456774636701154.562500
-0.13526,0.0236,0.058800000000000005,456774636701154.562500
-0.13524999999999998,0.0236,0.0548,456774636701154.562500
-0.13523999999999997,0.0212,0.0572,456774636701154.562500
-0.13522999999999996,0.0212,0.0572,456774636701154.562500
-0.13521999999999995,0.0252,0.0572,456774636701154.562500
-0.13521,0.0244,0.0524,456774636701154.562500
-0.1352,0.0212,0.0572,456774636701154.562500
-0.13518999999999998,0.0236,0.056400000000000006,456774636701154.562500
-0.13517999999999997,0.0244,0.058,456774636701154.562500
-0.13516999999999996,0.0236,0.058,456774636701154.562500
-0.13515999999999995,0.0228,0.058,456774636701154.562500
-0.13515,0.0236,0.056400000000000006,456774636701154.562500
-0.13513999999999998,0.0204,0.055600000000000004,456774636701154.562500
-0.13512999999999997,0.0236,0.056400000000000006,456774636701154.562500
-0.13511999999999996,0.0188,0.0572,456774636701154.562500
-0.13510999999999995,0.022000000000000002,0.058,456774636701154.562500
-0.1351,0.0228,0.058,456774636701154.562500
-0.13509,0.022000000000000002,0.058,456774636701154.562500
-0.13507999999999998,0.0212,0.056400000000000006,456774636701154.562500
-0.13506999999999997,0.0228,0.054,456774636701154.562500
-0.13505999999999996,0.0228,0.055600000000000004,456774636701154.562500
-0.13504999999999995,0.022000000000000002,0.056400000000000006,456774636701154.562500
-0.13504,0.0204,0.056400000000000006,456774636701154.562500
-0.13502999999999998,0.022000000000000002,0.0548,456774636701154.562500
-0.13501999999999997,0.0196,0.0572,456774636701154.562500
-0.13500999999999996,0.0228,0.056400000000000006,456774636701154.562500
-0.13499999999999995,0.0228,0.0572,456774636701154.562500
-0.13498999999999994,0.022000000000000002,0.056400000000000006,456774636701154.562500
-0.13498,0.0228,0.0572,456774636701154.562500
-0.13496999999999998,0.0252,0.0548,456774636701154.562500
-0.13495999999999997,0.0228,0.0572,456774636701154.562500
-0.13494999999999996,0.022000000000000002,0.0572,456774636701154.562500
-0.13493999999999995,0.0228,0.055600000000000004,456774636701154.562500
-0.13493,0.0212,0.056400000000000006,456774636701154.562500
-0.13491999999999998,0.0228,0.056400000000000006,456774636701154.562500
-0.13490999999999997,0.022000000000000002,0.050800000000000005,456774636701154.562500
-0.13489999999999996,0.0244,0.054,456774636701154.562500
-0.13488999999999995,0.0236,0.056400000000000006,456774636701154.562500
-0.13487999999999994,0.0236,0.0548,456774636701154.562500
-0.13487,0.0252,0.056400000000000006,456774636701154.562500
-0.13485999999999998,0.0236,0.056400000000000006,456774636701154.562500
-0.13484999999999997,0.0244,0.058,456774636701154.562500
-0.13483999999999996,0.0228,0.056400000000000006,456774636701154.562500
-0.13482999999999995,0.0236,0.056400000000000006,456774636701154.562500
-0.13482,0.0228,0.0572,456774636701154.562500
-0.13480999999999999,0.0236,0.0572,456774636701154.562500
-0.13479999999999998,0.0236,0.056400000000000006,456774636701154.562500
-0.13478999999999997,0.0212,0.054,456774636701154.562500
-0.13477999999999996,0.0212,0.0572,456774636701154.562500
-0.13476999999999995,0.022000000000000002,0.055600000000000004,456774636701154.562500
-0.13476,0.022000000000000002,0.056400000000000006,456774636701154.562500
-0.13474999999999998,0.0188,0.058,456774636701154.562500
-0.13473999999999997,0.0212,0.055600000000000004,456774636701154.562500
-0.13472999999999996,0.022000000000000002,0.0572,456774636701154.562500
-0.13471999999999995,0.0228,0.058,456774636701154.562500
-0.13471,0.0228,0.055600000000000004,456774636701154.562500
-0.1347,0.022000000000000002,0.0572,456774636701154.562500
-0.13468999999999998,0.022000000000000002,0.058,456774636701154.562500
-0.13467999999999997,0.022000000000000002,0.054,456774636701154.562500
-0.13466999999999996,0.0228,0.056400000000000006,456774636701154.562500
-0.13465999999999995,0.022000000000000002,0.0524,456774636701154.562500
-0.13465,0.0236,0.058800000000000005,456774636701154.562500
-0.13463999999999998,0.0244,0.0524,456774636701154.562500
-0.13462999999999997,0.0236,0.056400000000000006,456774636701154.562500
-0.13461999999999996,0.0212,0.056400000000000006,456774636701154.562500
-0.13460999999999995,0.0212,0.055600000000000004,456774636701154.562500
-0.1346,0.0196,0.056400000000000006,456774636701154.562500
-0.13459,0.0228,0.053200000000000004,456774636701154.562500
-0.13457999999999998,0.022000000000000002,0.0516,456774636701154.562500
-0.13456999999999997,0.0236,0.0516,456774636701154.562500
-0.13455999999999996,0.0236,0.058,456774636701154.562500
-0.13454999999999995,0.0244,0.056400000000000006,456774636701154.562500
-0.13454,0.0228,0.0548,456774636701154.562500
-0.13452999999999998,0.0236,0.056400000000000006,456774636701154.562500
-0.13451999999999997,0.0244,0.0572,456774636701154.562500
-0.13450999999999996,0.0236,0.054,456774636701154.562500
-0.13449999999999995,0.0228,0.056400000000000006,456774636701154.562500
-0.13448999999999994,0.0228,0.058,456774636701154.562500
-0.13448,0.0228,0.0548,456774636701154.562500
-0.13446999999999998,0.022000000000000002,0.058,456774636701154.562500
-0.13445999999999997,0.022000000000000002,0.053200000000000004,456774636701154.562500
-0.13444999999999996,0.0228,0.0548,456774636701154.562500
-0.13443999999999995,0.0204,0.054,456774636701154.562500
-0.13443,0.0228,0.058,456774636701154.562500
-0.13441999999999998,0.0228,0.056400000000000006,456774636701154.562500
-0.13440999999999997,0.022000000000000002,0.056400000000000006,456774636701154.562500
-0.13439999999999996,0.0228,0.055600000000000004,456774636701154.562500
-0.13438999999999995,0.0236,0.055600000000000004,456774636701154.562500
-0.13437999999999994,0.0236,0.056400000000000006,456774636701154.562500
-0.13437,0.022000000000000002,0.0572,456774636701154.562500
-0.13435999999999998,0.0236,0.050800000000000005,456774636701154.562500
-0.13434999999999997,0.0204,0.050800000000000005,456774636701154.562500
-0.13433999999999996,0.022000000000000002,0.054,456774636701154.562500
-0.13432999999999995,0.0236,0.058,456774636701154.562500
-0.13432,0.0244,0.0572,456774636701154.562500
-0.13430999999999998,0.0244,0.0572,456774636701154.562500
-0.13429999999999997,0.0228,0.0548,456774636701154.562500
-0.13428999999999996,0.0244,0.058,456774636701154.562500
-0.13427999999999995,0.0228,0.056400000000000006,456774636701154.562500
-0.13426999999999994,0.0212,0.055600000000000004,456774636701154.562500
-0.13426,0.0236,0.0572,456774636701154.562500
-0.13424999999999998,0.0204,0.0548,456774636701154.562500
-0.13423999999999997,0.0244,0.055600000000000004,456774636701154.562500
-0.13422999999999996,0.0228,0.0572,456774636701154.562500
-0.13421999999999995,0.0236,0.056400000000000006,456774636701154.562500
-0.13421,0.0228,0.058800000000000005,456774636701154.562500
-0.13419999999999999,0.022000000000000002,0.055600000000000004,456774636701154.562500
-0.13418999999999998,0.0212,0.056400000000000006,456774636701154.562500
-0.13417999999999997,0.0228,0.058800000000000005,456774636701154.562500
-0.13416999999999996,0.022000000000000002,0.058,456774636701154.562500
-0.13415999999999995,0.022000000000000002,0.056400000000000006,456774636701154.562500
-0.13415,0.0228,0.055600000000000004,456774636701154.562500
-0.13413999999999998,0.0236,0.0548,456774636701154.562500
-0.13412999999999997,0.0204,0.056400000000000006,456774636701154.562500
-0.13411999999999996,0.022000000000000002,0.058,456774636701154.562500
-0.13410999999999995,0.0204,0.0572,456774636701154.562500
-0.1341,0.0212,0.055600000000000004,456774636701154.562500
-0.13409,0.022000000000000002,0.0548,456774636701154.562500
-0.13407999999999998,0.022000000000000002,0.055600000000000004,456774636701154.562500
-0.13406999999999997,0.0228,0.0572,456774636701154.562500
-0.13405999999999996,0.0236,0.058,456774636701154.562500
-0.13404999999999995,0.0236,0.058,456774636701154.562500
-0.13404,0.0244,0.058,456774636701154.562500
-0.13402999999999998,0.0196,0.055600000000000004,456774636701154.562500
-0.13401999999999997,0.0228,0.056400000000000006,456774636701154.562500
-0.13400999999999996,0.0228,0.055600000000000004,456774636701154.562500
-0.13399999999999995,0.022000000000000002,0.058800000000000005,456774636701154.562500
-0.13398999999999994,0.0228,0.055600000000000004,456774636701154.562500
-0.13398,0.0204,0.0572,456774636701154.562500
-0.13396999999999998,0.0236,0.0572,456774636701154.562500
-0.13395999999999997,0.0228,0.054,456774636701154.562500
-0.13394999999999996,0.0236,0.058,456774636701154.562500
-0.13393999999999995,0.0236,0.0572,456774636701154.562500
-0.13393,0.0228,0.0572,456774636701154.562500
-0.13391999999999998,0.0212,0.0572,456774636701154.562500
-0.13390999999999997,0.0196,0.056400000000000006,456774636701154.562500
-0.13389999999999996,0.022000000000000002,0.054,456774636701154.562500
-0.13388999999999995,0.0236,0.056400000000000006,456774636701154.562500
-0.13387999999999994,0.0228,0.054,456774636701154.562500
-0.13387,0.0204,0.0548,456774636701154.562500
-0.13385999999999998,0.0228,0.0524,456774636701154.562500
-0.13384999999999997,0.0164,0.054,456774636701154.562500
-0.13383999999999996,0.0204,0.056400000000000006,456774636701154.562500
-0.13382999999999995,0.0204,0.0548,456774636701154.562500
-0.13382,0.022000000000000002,0.0548,456774636701154.562500
-0.13380999999999998,0.022000000000000002,0.0572,456774636701154.562500
-0.13379999999999997,0.0228,0.058,456774636701154.562500
-0.13378999999999996,0.0236,0.055600000000000004,456774636701154.562500
-0.13377999999999995,0.0228,0.056400000000000006,456774636701154.562500
-0.13376999999999994,0.0228,0.056400000000000006,456774636701154.562500
-0.13376,0.0228,0.056400000000000006,456774636701154.562500
-0.13374999999999998,0.0228,0.058,456774636701154.562500
-0.13373999999999997,0.022000000000000002,0.054,456774636701154.562500
-0.13372999999999996,0.0188,0.048400000000000006,456774636701154.562500
-0.13371999999999995,0.0244,0.0572,456774636701154.562500
-0.13371,0.018000000000000002,0.056400000000000006,456774636701154.562500
-0.13369999999999999,0.0236,0.0572,456774636701154.562500
-0.13368999999999998,0.0252,0.0572,456774636701154.562500
-0.13367999999999997,0.0236,0.0572,456774636701154.562500
-0.13366999999999996,0.0228,0.056400000000000006,456774636701154.562500
-0.13365999999999995,0.0244,0.0572,456774636701154.562500
-0.13365,0.0228,0.0572,456774636701154.562500
-0.13363999999999998,0.0236,0.056400000000000006,456774636701154.562500
-0.13362999999999997,0.022000000000000002,0.058,456774636701154.562500
-0.13361999999999996,0.022000000000000002,0.0444,456774636701154.562500
-0.13360999999999995,0.022000000000000002,0.055600000000000004,456774636701154.562500
-0.1336,0.0244,0.048400000000000006,456774636701154.562500
-0.13359,0.0212,0.056400000000000006,456774636701154.562500
-0.13357999999999998,0.018000000000000002,0.054,456774636701154.562500
-0.13356999999999997,0.0204,0.056400000000000006,456774636701154.562500
-0.13355999999999996,0.022000000000000002,0.058800000000000005,456774636701154.562500
-0.13354999999999995,0.0228,0.056400000000000006,456774636701154.562500
-0.13354,0.022000000000000002,0.054,456774636701154.562500
-0.13352999999999998,0.022000000000000002,0.0572,456774636701154.562500
-0.13351999999999997,0.0204,0.056400000000000006,456774636701154.562500
-0.13350999999999996,0.0188,0.055600000000000004,456774636701154.562500
-0.13349999999999995,0.022000000000000002,0.0572,456774636701154.562500
-0.13349,0.0212,0.0548,456774636701154.562500
-0.13348,0.022000000000000002,0.058800000000000005,456774636701154.562500
-0.13346999999999998,0.0164,0.055600000000000004,456774636701154.562500
-0.13345999999999997,0.0228,0.053200000000000004,456774636701154.562500
-0.13344999999999996,0.018000000000000002,0.0548,456774636701154.562500
-0.13343999999999995,0.0236,0.056400000000000006,456774636701154.562500
-0.13343,0.0244,0.0572,456774636701154.562500
-0.13341999999999998,0.0228,0.058800000000000005,456774636701154.562500
-0.13340999999999997,0.0236,0.056400000000000006,456774636701154.562500
-0.13339999999999996,0.0236,0.056400000000000006,456774636701154.562500
-0.13338999999999995,0.0236,0.054,456774636701154.562500
-0.13337999999999994,0.0236,0.056400000000000006,456774636701154.562500
-0.13337,0.0236,0.0516,456774636701154.562500
-0.13335999999999998,0.0252,0.0572,456774636701154.562500
-0.13334999999999997,0.0236,0.045200000000000004,456774636701154.562500
-0.13333999999999996,0.022000000000000002,0.0572,456774636701154.562500
-0.13332999999999995,0.0236,0.0572,456774636701154.562500
-0.13332,0.022000000000000002,0.056400000000000006,456774636701154.562500
-0.13330999999999998,0.0236,0.058,456774636701154.562500
-0.13329999999999997,0.022000000000000002,0.056400000000000006,456774636701154.562500
-0.13328999999999996,0.0228,0.058,456774636701154.562500
-0.13327999999999995,0.0252,0.048400000000000006,456774636701154.562500
-0.13326999999999994,0.0236,0.0572,456774636701154.562500
-0.13326,0.0228,0.054,456774636701154.562500
-0.13324999999999998,0.022000000000000002,0.056400000000000006,456774636701154.562500
-0.13323999999999997,0.0196,0.054,456774636701154.562500
-0.13322999999999996,0.0196,0.056400000000000006,456774636701154.562500
-0.13321999999999995,0.0236,0.0572,456774636701154.562500
-0.13321,0.022000000000000002,0.058,456774636701154.562500
-0.13319999999999999,0.018000000000000002,0.055600000000000004,456774636701154.562500
-0.13318999999999998,0.022000000000000002,0.055600000000000004,456774636701154.562500
-0.13317999999999997,0.022000000000000002,0.056400000000000006,456774636701154.562500
-0.13316999999999996,0.022000000000000002,0.058,456774636701154.562500
-0.13315999999999995,0.022000000000000002,0.056400000000000006,456774636701154.562500
-0.13315,0.0244,0.058,456774636701154.562500
-0.13313999999999998,0.022000000000000002,0.0572,456774636701154.562500
-0.13312999999999997,0.0228,0.056400000000000006,456774636701154.562500
-0.13311999999999996,0.022000000000000002,0.055600000000000004,456774636701154.562500
-0.13310999999999995,0.0244,0.0524,456774636701154.562500
-0.1331,0.0252,0.0572,456774636701154.562500
-0.13308999999999999,0.026000000000000002,0.054,456774636701154.562500
-0.13307999999999998,0.022000000000000002,0.055600000000000004,456774636701154.562500
-0.13306999999999997,0.022000000000000002,0.050800000000000005,456774636701154.562500
-0.13305999999999996,0.0236,0.054,456774636701154.562500
-0.13304999999999995,0.0252,0.056400000000000006,456774636701154.562500
-0.13304,0.0236,0.058800000000000005,456774636701154.562500
-0.13302999999999998,0.0228,0.0572,456774636701154.562500
-0.13301999999999997,0.0212,0.056400000000000006,456774636701154.562500
-0.13300999999999996,0.0212,0.053200000000000004,456774636701154.562500
-0.13299999999999995,0.0236,0.0572,456774636701154.562500
-0.13299,0.0236,0.054,456774636701154.562500
-0.13298,0.0236,0.0492,456774636701154.562500
-0.13296999999999998,0.0204,0.0524,456774636701154.562500
-0.13295999999999997,0.0212,0.054,456774636701154.562500
-0.13294999999999996,0.0204,0.056400000000000006,456774636701154.562500
-0.13293999999999995,0.0228,0.054,456774636701154.562500
-0.13293,0.0228,0.054,456774636701154.562500
-0.13291999999999998,0.022000000000000002,0.048400000000000006,456774636701154.562500
-0.13290999999999997,0.018000000000000002,0.058,456774636701154.562500
-0.13289999999999996,0.0204,0.05,456774636701154.562500
-0.13288999999999995,0.0196,0.054,456774636701154.562500
-0.13287999999999994,0.022000000000000002,0.056400000000000006,456774636701154.562500
-0.13287,0.0204,0.058,456774636701154.562500
-0.13285999999999998,0.0212,0.058,456774636701154.562500
-0.13284999999999997,0.0172,0.053200000000000004,456774636701154.562500
-0.13283999999999996,0.022000000000000002,0.058,456774636701154.562500
-0.13282999999999995,0.0236,0.053200000000000004,456774636701154.562500
-0.13282,0.0188,0.0572,456774636701154.562500
-0.13280999999999998,0.0244,0.048400000000000006,456774636701154.562500
-0.13279999999999997,0.0204,0.054,456774636701154.562500
-0.13278999999999996,0.0244,0.0572,456774636701154.562500
-0.13277999999999995,0.0236,0.0524,456774636701154.562500
-0.13276999999999994,0.0236,0.0548,456774636701154.562500
-0.13276,0.0244,0.056400000000000006,456774636701154.562500
-0.13274999999999998,0.0236,0.055600000000000004,456774636701154.562500
-0.13273999999999997,0.0236,0.0572,456774636701154.562500
-0.13272999999999996,0.0244,0.0572,456774636701154.562500
-0.13271999999999995,0.0236,0.054,456774636701154.562500
-0.13271,0.0244,0.0572,456774636701154.562500
-0.13269999999999998,0.0244,0.058,456774636701154.562500
-0.13268999999999997,0.0212,0.058,456774636701154.562500
-0.13267999999999996,0.022000000000000002,0.053200000000000004,456774636701154.562500
-0.13266999999999995,0.022000000000000002,0.0548,456774636701154.562500
-0.13265999999999994,0.0228,0.0572,456774636701154.562500
-0.13265,0.022000000000000002,0.058,456774636701154.562500
-0.13263999999999998,0.022000000000000002,0.0572,456774636701154.562500
-0.13262999999999997,0.022000000000000002,0.0548,456774636701154.562500
-0.13261999999999996,0.0204,0.056400000000000006,456774636701154.562500
-0.13260999999999995,0.0196,0.0572,456774636701154.562500
-0.1326,0.0228,0.0572,456774636701154.562500
-0.13258999999999999,0.0204,0.055600000000000004,456774636701154.562500
-0.13257999999999998,0.022000000000000002,0.058,456774636701154.562500
-0.13256999999999997,0.0212,0.056400000000000006,456774636701154.562500
-0.13255999999999996,0.022000000000000002,0.056400000000000006,456774636701154.562500
-0.13254999999999995,0.0236,0.058800000000000005,456774636701154.562500
-0.13254,0.0212,0.0572,456774636701154.562500
-0.13252999999999998,0.0228,0.0572,456774636701154.562500
-0.13251999999999997,0.0244,0.0572,456774636701154.562500
-0.13250999999999996,0.0236,0.056400000000000006,456774636701154.562500
-0.13249999999999995,0.0244,0.0524,456774636701154.562500
-0.13249,0.0236,0.0572,456774636701154.562500
-0.13248,0.0244,0.0548,456774636701154.562500
-0.13246999999999998,0.0228,0.058,456774636701154.562500
-0.13245999999999997,0.0244,0.058,456774636701154.562500
-0.13244999999999996,0.022000000000000002,0.0572,456774636701154.562500
-0.13243999999999995,0.0236,0.056400000000000006,456774636701154.562500
-0.13243,0.0228,0.058,456774636701154.562500
-0.13241999999999998,0.022000000000000002,0.054,456774636701154.562500
-0.13240999999999997,0.0196,0.055600000000000004,456774636701154.562500
-0.13239999999999996,0.0212,0.055600000000000004,456774636701154.562500
-0.13238999999999995,0.0236,0.055600000000000004,456774636701154.562500
-0.13238,0.022000000000000002,0.0572,456774636701154.562500
-0.13237,0.0236,0.058,456774636701154.562500
-0.13235999999999998,0.0204,0.0524,456774636701154.562500
-0.13234999999999997,0.0228,0.056400000000000006,456774636701154.562500
-0.13233999999999996,0.0244,0.050800000000000005,456774636701154.562500
-0.13232999999999995,0.0212,0.056400000000000006,456774636701154.562500
-0.13232,0.022000000000000002,0.0572,456774636701154.562500
-0.13230999999999998,0.022000000000000002,0.056400000000000006,456774636701154.562500
-0.13229999999999997,0.022000000000000002,0.053200000000000004,456774636701154.562500
-0.13228999999999996,0.0212,0.056400000000000006,456774636701154.562500
-0.13227999999999995,0.0212,0.0548,456774636701154.562500
-0.13226999999999994,0.022000000000000002,0.056400000000000006,456774636701154.562500
-0.13226,0.0228,0.055600000000000004,456774636701154.562500
-0.13224999999999998,0.0228,0.055600000000000004,456774636701154.562500
-0.13223999999999997,0.022000000000000002,0.0516,456774636701154.562500
-0.13222999999999996,0.0236,0.0524,456774636701154.562500
-0.13221999999999995,0.0244,0.053200000000000004,456774636701154.562500
-0.13221,0.022000000000000002,0.055600000000000004,456774636701154.562500
-0.13219999999999998,0.0236,0.0572,456774636701154.562500
-0.13218999999999997,0.0236,0.056400000000000006,456774636701154.562500
-0.13217999999999996,0.0244,0.0468,456774636701154.562500
-0.13216999999999995,0.0252,0.0572,456774636701154.562500
-0.13215999999999994,0.0252,0.0524,456774636701154.562500
-0.13215,0.0236,0.058,456774636701154.562500
-0.13213999999999998,0.0212,0.0516,456774636701154.562500
-0.13212999999999997,0.0236,0.055600000000000004,456774636701154.562500
-0.13211999999999996,0.0228,0.0492,456774636701154.562500
-0.13210999999999995,0.0244,0.056400000000000006,456774636701154.562500
-0.1321,0.0236,0.0572,456774636701154.562500
-0.13208999999999999,0.0228,0.0596,456774636701154.562500
-0.13207999999999998,0.022000000000000002,0.056400000000000006,456774636701154.562500
-0.13206999999999997,0.022000000000000002,0.0572,456774636701154.562500
-0.13205999999999996,0.022000000000000002,0.0548,456774636701154.562500
-0.13204999999999995,0.022000000000000002,0.058,456774636701154.562500
-0.13204,0.0212,0.0572,456774636701154.562500
-0.13202999999999998,0.0164,0.056400000000000006,456774636701154.562500
-0.13201999999999997,0.022000000000000002,0.05,456774636701154.562500
-0.13200999999999996,0.0196,0.054,456774636701154.562500
-0.13199999999999995,0.0212,0.0492,456774636701154.562500
-0.13199,0.0228,0.050800000000000005,456774636701154.562500
-0.13198,0.0236,0.056400000000000006,456774636701154.562500
-0.13196999999999998,0.022000000000000002,0.055600000000000004,456774636701154.562500
-0.13195999999999997,0.018000000000000002,0.058,456774636701154.562500
-0.13194999999999996,0.022000000000000002,0.054,456774636701154.562500
-0.13193999999999995,0.018000000000000002,0.0572,456774636701154.562500
-0.13193,0.022000000000000002,0.054,456774636701154.562500
-0.13191999999999998,0.0236,0.058,456774636701154.562500
-0.13190999999999997,0.022000000000000002,0.056400000000000006,456774636701154.562500
-0.13189999999999996,0.0236,0.0572,456774636701154.562500
-0.13188999999999995,0.0236,0.050800000000000005,456774636701154.562500
-0.13188,0.0244,0.0524,456774636701154.562500
-0.13187,0.0236,0.0572,456774636701154.562500
-0.13185999999999998,0.0244,0.0548,456774636701154.562500
-0.13184999999999997,0.0236,0.058,456774636701154.562500
-0.13183999999999996,0.0244,0.055600000000000004,456774636701154.562500
-0.13182999999999995,0.0212,0.0596,456774636701154.562500
-0.13182,0.0236,0.058,456774636701154.562500
-0.13180999999999998,0.0236,0.056400000000000006,456774636701154.562500
-0.13179999999999997,0.0228,0.056400000000000006,456774636701154.562500
-0.13178999999999996,0.0244,0.056400000000000006,456774636701154.562500
-0.13177999999999995,0.022000000000000002,0.058,456774636701154.562500
-0.13176999999999994,0.0204,0.056400000000000006,456774636701154.562500
-0.13176,0.022000000000000002,0.058,456774636701154.562500
-0.13174999999999998,0.0204,0.053200000000000004,456774636701154.562500
-0.13173999999999997,0.0212,0.058,456774636701154.562500
-0.13172999999999996,0.022000000000000002,0.053200000000000004,456774636701154.562500
-0.13171999999999995,0.022000000000000002,0.056400000000000006,456774636701154.562500
-0.13171,0.022000000000000002,0.058,456774636701154.562500
-0.13169999999999998,0.022000000000000002,0.058,456774636701154.562500
-0.13168999999999997,0.0228,0.055600000000000004,456774636701154.562500
-0.13167999999999996,0.0196,0.0572,456774636701154.562500
-0.13166999999999995,0.0212,0.0572,456774636701154.562500
-0.13165999999999994,0.0228,0.055600000000000004,456774636701154.562500
-0.13165,0.0236,0.056400000000000006,456774636701154.562500
-0.13163999999999998,0.022000000000000002,0.056400000000000006,456774636701154.562500
-0.13162999999999997,0.0228,0.0516,456774636701154.562500
-0.13161999999999996,0.0228,0.056400000000000006,456774636701154.562500
-0.13160999999999995,0.0236,0.0572,456774636701154.562500
-0.1316,0.0212,0.055600000000000004,456774636701154.562500
-0.13158999999999998,0.0252,0.055600000000000004,456774636701154.562500
-0.13157999999999997,0.0236,0.053200000000000004,456774636701154.562500
-0.13156999999999996,0.0252,0.0572,456774636701154.562500
-0.13155999999999995,0.0228,0.056400000000000006,456774636701154.562500
-0.13154999999999994,0.022000000000000002,0.058,456774636701154.562500
-0.13154,0.0212,0.055600000000000004,456774636701154.562500
-0.13152999999999998,0.0204,0.058,456774636701154.562500
-0.13151999999999997,0.0204,0.058800000000000005,456774636701154.562500
-0.13150999999999996,0.0188,0.055600000000000004,456774636701154.562500
-0.13149999999999995,0.022000000000000002,0.055600000000000004,456774636701154.562500
-0.13149,0.0228,0.058,456774636701154.562500
-0.13147999999999999,0.0228,0.0548,456774636701154.562500
-0.13146999999999998,0.0244,0.0572,456774636701154.562500
-0.13145999999999997,0.0236,0.056400000000000006,456774636701154.562500
-0.13144999999999996,0.022000000000000002,0.0572,456774636701154.562500
-0.13143999999999995,0.022000000000000002,0.0572,456774636701154.562500
-0.13143,0.022000000000000002,0.055600000000000004,456774636701154.562500
-0.13141999999999998,0.022000000000000002,0.058,456774636701154.562500
-0.13140999999999997,0.0204,0.058,456774636701154.562500
-0.13139999999999996,0.022000000000000002,0.055600000000000004,456774636701154.562500
-0.13138999999999995,0.0212,0.058,456774636701154.562500
-0.13138,0.0212,0.056400000000000006,456774636701154.562500
-0.13137,0.0212,0.058,456774636701154.562500
-0.13135999999999998,0.0212,0.0572,456774636701154.562500
-0.13134999999999997,0.022000000000000002,0.055600000000000004,456774636701154.562500
-0.13133999999999996,0.0236,0.0548,456774636701154.562500
-0.13132999999999995,0.0212,0.058,456774636701154.562500
-0.13132,0.022000000000000002,0.056400000000000006,456774636701154.562500
-0.13130999999999998,0.0212,0.058,456774636701154.562500
-0.13129999999999997,0.0252,0.058,456774636701154.562500
-0.13128999999999996,0.022000000000000002,0.056400000000000006,456774636701154.562500
-0.13127999999999995,0.0236,0.0548,456774636701154.562500
-0.13126999999999994,0.0236,0.0572,456774636701154.562500
-0.13126,0.0236,0.055600000000000004,456774636701154.562500
-0.13124999999999998,0.0236,0.0572,456774636701154.562500
-0.13123999999999997,0.0244,0.058,456774636701154.562500
-0.13122999999999996,0.0244,0.0492,456774636701154.562500
-0.13121999999999995,0.0212,0.0524,456774636701154.562500
-0.13121,0.0228,0.058800000000000005,456774636701154.562500
-0.13119999999999998,0.0236,0.058,456774636701154.562500
-0.13118999999999997,0.0236,0.0572,456774636701154.562500
-0.13117999999999996,0.0244,0.054,456774636701154.562500
-0.13116999999999995,0.0236,0.0524,456774636701154.562500
-0.13115999999999994,0.0228,0.056400000000000006,456774636701154.562500
-0.13115,0.022000000000000002,0.048400000000000006,456774636701154.562500
-0.13113999999999998,0.0228,0.054,456774636701154.562500
-0.13112999999999997,0.0244,0.053200000000000004,456774636701154.562500
-0.13111999999999996,0.022000000000000002,0.055600000000000004,456774636701154.562500
-0.13110999999999995,0.0228,0.058,456774636701154.562500
-0.1311,0.0204,0.055600000000000004,456774636701154.562500
-0.13108999999999998,0.0228,0.0572,456774636701154.562500
-0.13107999999999997,0.022000000000000002,0.058,456774636701154.562500
-0.13106999999999996,0.022000000000000002,0.056400000000000006,456774636701154.562500
-0.13105999999999995,0.022000000000000002,0.0572,456774636701154.562500
-0.13104999999999994,0.0236,0.054,456774636701154.562500
-0.13104,0.0228,0.056400000000000006,456774636701154.562500
-0.13102999999999998,0.022000000000000002,0.0572,456774636701154.562500
-0.13101999999999997,0.0212,0.0524,456774636701154.562500
-0.13100999999999996,0.022000000000000002,0.055600000000000004,456774636701154.562500
-0.13099999999999995,0.0212,0.0516,456774636701154.562500
-0.13099,0.0244,0.058,456774636701154.562500
-0.13097999999999999,0.0204,0.0572,456774636701154.562500
-0.13096999999999998,0.0244,0.056400000000000006,456774636701154.562500
-0.13095999999999997,0.0252,0.058,456774636701154.562500
-0.13094999999999996,0.0244,0.0572,456774636701154.562500
-0.13093999999999995,0.0228,0.053200000000000004,456774636701154.562500
-0.13093,0.0244,0.055600000000000004,456774636701154.562500
-0.13091999999999998,0.0212,0.055600000000000004,456774636701154.562500
-0.13090999999999997,0.0236,0.056400000000000006,456774636701154.562500
-0.13089999999999996,0.0228,0.056400000000000006,456774636701154.562500
-0.13088999999999995,0.0204,0.0492,456774636701154.562500
-0.13088,0.0228,0.056400000000000006,456774636701154.562500
-0.13087,0.0212,0.0524,456774636701154.562500
-0.13085999999999998,0.0228,0.056400000000000006,456774636701154.562500
-0.13084999999999997,0.0228,0.058,456774636701154.562500
-0.13083999999999996,0.022000000000000002,0.058,456774636701154.562500
-0.13082999999999995,0.0228,0.0572,456774636701154.562500
-0.13082,0.022000000000000002,0.056400000000000006,456774636701154.562500
-0.13080999999999998,0.0228,0.0572,456774636701154.562500
-0.13079999999999997,0.022000000000000002,0.058,456774636701154.562500
-0.13078999999999996,0.0212,0.056400000000000006,456774636701154.562500
-0.13077999999999995,0.0212,0.056400000000000006,456774636701154.562500
-0.13077,0.0204,0.056400000000000006,456774636701154.562500
-0.13076,0.0228,0.058,456774636701154.562500
-0.13074999999999998,0.0228,0.0516,456774636701154.562500
-0.13073999999999997,0.0228,0.055600000000000004,456774636701154.562500
-0.13072999999999996,0.0228,0.0492,456774636701154.562500
-0.13071999999999995,0.0212,0.0572,456774636701154.562500
-0.13071,0.0228,0.055600000000000004,456774636701154.562500
-0.13069999999999998,0.0196,0.058800000000000005,456774636701154.562500
-0.13068999999999997,0.022000000000000002,0.0516,456774636701154.562500
-0.13067999999999996,0.0196,0.058,456774636701154.562500
-0.13066999999999995,0.0236,0.05,456774636701154.562500
-0.13065999999999994,0.0196,0.0572,456774636701154.562500
-0.13065,0.0204,0.054,456774636701154.562500
-0.13063999999999998,0.0212,0.0548,456774636701154.562500
-0.13062999999999997,0.0212,0.0524,456774636701154.562500
-0.13061999999999996,0.0212,0.056400000000000006,456774636701154.562500
-0.13060999999999995,0.0204,0.055600000000000004,456774636701154.562500
-0.1306,0.0212,0.058800000000000005,456774636701154.562500
-0.13058999999999998,0.0236,0.0572,456774636701154.562500
-0.13057999999999997,0.0228,0.0572,456774636701154.562500
-0.13056999999999996,0.022000000000000002,0.058,456774636701154.562500
-0.13055999999999995,0.0204,0.0572,456774636701154.562500
-0.13054999999999994,0.0196,0.0516,456774636701154.562500
-0.13054,0.0236,0.0524,456774636701154.562500
-0.13052999999999998,0.0228,0.0572,456774636701154.562500
-0.13051999999999997,0.0212,0.0572,456774636701154.562500
-0.13050999999999996,0.0212,0.055600000000000004,456774636701154.562500
-0.13049999999999995,0.022000000000000002,0.0572,456774636701154.562500
-0.13049,0.022000000000000002,0.054,456774636701154.562500
-0.13047999999999998,0.022000000000000002,0.054,456774636701154.562500
-0.13046999999999997,0.0212,0.056400000000000006,456774636701154.562500
-0.13045999999999996,0.0212,0.056400000000000006,456774636701154.562500
-0.13044999999999995,0.022000000000000002,0.056400000000000006,456774636701154.562500
-0.13043999999999994,0.0228,0.0596,456774636701154.562500
-0.13043,0.022000000000000002,0.0548,456774636701154.562500
-0.13041999999999998,0.022000000000000002,0.0572,456774636701154.562500
-0.13040999999999997,0.0228,0.0572,456774636701154.562500
-0.13039999999999996,0.0212,0.0572,456774636701154.562500
-0.13038999999999995,0.0236,0.0524,456774636701154.562500
-0.13038,0.0228,0.058800000000000005,456774636701154.562500
-0.13036999999999999,0.0228,0.053200000000000004,456774636701154.562500
-0.13035999999999998,0.0252,0.058,456774636701154.562500
-0.13034999999999997,0.022000000000000002,0.054,456774636701154.562500
-0.13033999999999996,0.0244,0.0548,456774636701154.562500
-0.13032999999999995,0.0252,0.058,456774636701154.562500
-0.13032,0.0252,0.058800000000000005,456774636701154.562500
-0.13030999999999998,0.0252,0.055600000000000004,456774636701154.562500
-0.13029999999999997,0.0244,0.055600000000000004,456774636701154.562500
-0.13028999999999996,0.0236,0.056400000000000006,456774636701154.562500
-0.13027999999999995,0.022000000000000002,0.056400000000000006,456774636701154.562500
-0.13027,0.0236,0.055600000000000004,456774636701154.562500
-0.13026,0.0228,0.056400000000000006,456774636701154.562500
-0.13024999999999998,0.022000000000000002,0.0572,456774636701154.562500
-0.13023999999999997,0.0236,0.0524,456774636701154.562500
-0.13022999999999996,0.0228,0.055600000000000004,456774636701154.562500
-0.13021999999999995,0.0228,0.055600000000000004,456774636701154.562500
-0.13021,0.022000000000000002,0.056400000000000006,456774636701154.562500
-0.13019999999999998,0.0236,0.058,456774636701154.562500
-0.13018999999999997,0.022000000000000002,0.0516,456774636701154.562500
-0.13017999999999996,0.022000000000000002,0.0548,456774636701154.562500
-0.13016999999999995,0.0228,0.053200000000000004,456774636701154.562500
-0.13015999999999994,0.0212,0.0572,456774636701154.562500
-0.13015,0.0212,0.0548,456774636701154.562500
-0.13013999999999998,0.0212,0.055600000000000004,456774636701154.562500
-0.13012999999999997,0.0228,0.055600000000000004,456774636701154.562500
-0.13011999999999996,0.0212,0.0492,456774636701154.562500
-0.13010999999999995,0.0228,0.055600000000000004,456774636701154.562500
-0.1301,0.0228,0.0548,456774636701154.562500
-0.13008999999999998,0.0228,0.055600000000000004,456774636701154.562500
-0.13007999999999997,0.0228,0.058800000000000005,456774636701154.562500
-0.13006999999999996,0.0236,0.058,456774636701154.562500
-0.13005999999999995,0.0236,0.0572,456774636701154.562500
-0.13004999999999994,0.0236,0.058,456774636701154.562500
-0.13004,0.022000000000000002,0.0572,456774636701154.562500
-0.13002999999999998,0.0212,0.0572,456774636701154.562500
-0.13001999999999997,0.0228,0.056400000000000006,456774636701154.562500
-0.13000999999999996,0.022000000000000002,0.058,456774636701154.562500
-0.12999999999999995,0.0212,0.0572,456774636701154.562500
-0.12999,0.0244,0.056400000000000006,456774636701154.562500
-0.12997999999999998,0.022000000000000002,0.0572,456774636701154.562500
-0.12996999999999997,0.022000000000000002,0.055600000000000004,456774636701154.562500
-0.12995999999999996,0.0196,0.058,456774636701154.562500
-0.12994999999999995,0.022000000000000002,0.0548,456774636701154.562500
-0.12993999999999994,0.0228,0.054,456774636701154.562500
-0.12993,0.0228,0.0572,456774636701154.562500
-0.12991999999999998,0.0244,0.053200000000000004,456774636701154.562500
-0.12990999999999997,0.0236,0.0468,456774636701154.562500
-0.12989999999999996,0.0236,0.0468,456774636701154.562500
-0.12988999999999995,0.0212,0.05,456774636701154.562500
-0.12988,0.022000000000000002,0.0548,456774636701154.562500
-0.12986999999999999,0.022000000000000002,0.0492,456774636701154.562500
-0.12985999999999998,0.0212,0.056400000000000006,456774636701154.562500
-0.12984999999999997,0.0228,0.054,456774636701154.562500
-0.12983999999999996,0.0204,0.0572,456774636701154.562500
-0.12982999999999995,0.0228,0.0516,456774636701154.562500
-0.12982,0.0228,0.0524,456774636701154.562500
-0.12980999999999998,0.0228,0.0476,456774636701154.562500
-0.12979999999999997,0.0236,0.0548,456774636701154.562500
-0.12978999999999996,0.0212,0.0572,456774636701154.562500
-0.12977999999999995,0.0236,0.056400000000000006,456774636701154.562500
-0.12977,0.0228,0.055600000000000004,456774636701154.562500
-0.12976,0.0228,0.0572,456774636701154.562500
-0.12974999999999998,0.0252,0.0572,456774636701154.562500
-0.12973999999999997,0.0252,0.0572,456774636701154.562500
-0.12972999999999996,0.0236,0.056400000000000006,456774636701154.562500
-0.12971999999999995,0.0228,0.0572,456774636701154.562500
-0.12971,0.0244,0.0572,456774636701154.562500
-0.12969999999999998,0.0252,0.0572,456774636701154.562500
-0.12968999999999997,0.0236,0.058,456774636701154.562500
-0.12967999999999996,0.0244,0.058,456774636701154.562500
-0.12966999999999995,0.022000000000000002,0.055600000000000004,456774636701154.562500
-0.12965999999999994,0.0236,0.054,456774636701154.562500
-0.12965,0.022000000000000002,0.050800000000000005,456774636701154.562500
-0.12963999999999998,0.022000000000000002,0.056400000000000006,456774636701154.562500
-0.12962999999999997,0.0212,0.053200000000000004,456774636701154.562500
-0.12961999999999996,0.0228,0.0444,456774636701154.562500
-0.12960999999999995,0.0236,0.056400000000000006,456774636701154.562500
-0.1296,0.0212,0.055600000000000004,456774636701154.562500
-0.12958999999999998,0.0212,0.058,456774636701154.562500
-0.12957999999999997,0.022000000000000002,0.054,456774636701154.562500
-0.12956999999999996,0.022000000000000002,0.058,456774636701154.562500
-0.12955999999999995,0.0236,0.054,456774636701154.562500
-0.12954999999999994,0.022000000000000002,0.0572,456774636701154.562500
-0.12954,0.022000000000000002,0.0572,456774636701154.562500
-0.12952999999999998,0.022000000000000002,0.055600000000000004,456774636701154.562500
-0.12951999999999997,0.0236,0.0572,456774636701154.562500
-0.12950999999999996,0.0204,0.050800000000000005,456774636701154.562500
-0.12949999999999995,0.0236,0.050800000000000005,456774636701154.562500
-0.12949,0.022000000000000002,0.058,456774636701154.562500
-0.12947999999999998,0.0228,0.0572,456774636701154.562500
-0.12946999999999997,0.022000000000000002,0.058,456774636701154.562500
-0.12945999999999996,0.0236,0.056400000000000006,456774636701154.562500
-0.12944999999999995,0.0228,0.0572,456774636701154.562500
-0.12943999999999994,0.0236,0.0572,456774636701154.562500
-0.12943,0.0244,0.054,456774636701154.562500
-0.12941999999999998,0.0228,0.0572,456774636701154.562500
-0.12940999999999997,0.0244,0.0524,456774636701154.562500
-0.12939999999999996,0.0228,0.048400000000000006,456774636701154.562500
-0.12938999999999995,0.0188,0.055600000000000004,456774636701154.562500
-0.12938,0.022000000000000002,0.05,456774636701154.562500
-0.12936999999999999,0.0228,0.058800000000000005,456774636701154.562500
-0.12935999999999998,0.0244,0.054,456774636701154.562500
-0.12934999999999997,0.0204,0.0572,456774636701154.562500
-0.12933999999999996,0.0228,0.0492,456774636701154.562500
-0.12932999999999995,0.0244,0.056400000000000006,456774636701154.562500
-0.12932,0.022000000000000002,0.050800000000000005,456774636701154.562500
-0.12930999999999998,0.0228,0.058,456774636701154.562500
-0.12929999999999997,0.022000000000000002,0.0572,456774636701154.562500
-0.12928999999999996,0.022000000000000002,0.055600000000000004,456774636701154.562500
-0.12927999999999995,0.0212,0.0492,456774636701154.562500
-0.12927,0.0212,0.0572,456774636701154.562500
-0.12925999999999999,0.0204,0.055600000000000004,456774636701154.562500
-0.12924999999999998,0.0228,0.055600000000000004,456774636701154.562500
-0.12923999999999997,0.022000000000000002,0.055600000000000004,456774636701154.562500
-0.12922999999999996,0.022000000000000002,0.056400000000000006,456774636701154.562500
-0.12921999999999995,0.0228,0.056400000000000006,456774636701154.562500
-0.12921,0.0212,0.058800000000000005,456774636701154.562500
-0.12919999999999998,0.0228,0.0572,456774636701154.562500
-0.12918999999999997,0.0228,0.058,456774636701154.562500
-0.12917999999999996,0.0228,0.056400000000000006,456774636701154.562500
-0.12916999999999995,0.0236,0.056400000000000006,456774636701154.562500
-0.12916,0.022000000000000002,0.053200000000000004,456774636701154.562500
-0.12915,0.0244,0.0572,456774636701154.562500
-0.12913999999999998,0.0244,0.0524,456774636701154.562500
-0.12912999999999997,0.0228,0.0572,456774636701154.562500
-0.12911999999999996,0.0244,0.048400000000000006,456774636701154.562500
-0.12910999999999995,0.0228,0.056400000000000006,456774636701154.562500
-0.1291,0.0252,0.0572,456774636701154.562500
-0.12908999999999998,0.0236,0.058800000000000005,456774636701154.562500
-0.12907999999999997,0.0244,0.058,456774636701154.562500
-0.12906999999999996,0.0252,0.056400000000000006,456774636701154.562500
-0.12905999999999995,0.0236,0.058,456774636701154.562500
-0.12904999999999994,0.0236,0.055600000000000004,456774636701154.562500
-0.12904,0.0212,0.056400000000000006,456774636701154.562500
-0.12902999999999998,0.0236,0.056400000000000006,456774636701154.562500
-0.12901999999999997,0.022000000000000002,0.0548,456774636701154.562500
-0.12900999999999996,0.0228,0.054,456774636701154.562500
-0.12899999999999995,0.0228,0.054,456774636701154.562500
-0.12899,0.0212,0.055600000000000004,456774636701154.562500
-0.12897999999999998,0.0212,0.0572,456774636701154.562500
-0.12896999999999997,0.0212,0.0572,456774636701154.562500
-0.12895999999999996,0.022000000000000002,0.058,456774636701154.562500
-0.12894999999999995,0.0236,0.058,456774636701154.562500
-0.12893999999999994,0.0228,0.058,456774636701154.562500
-0.12893,0.022000000000000002,0.0572,456774636701154.562500
-0.12891999999999998,0.022000000000000002,0.055600000000000004,456774636701154.562500
-0.12890999999999997,0.0204,0.058800000000000005,456774636701154.562500
-0.12889999999999996,0.022000000000000002,0.0524,456774636701154.562500
-0.12888999999999995,0.022000000000000002,0.056400000000000006,456774636701154.562500
-0.12888,0.0228,0.056400000000000006,456774636701154.562500
-0.12886999999999998,0.022000000000000002,0.055600000000000004,456774636701154.562500
-0.12885999999999997,0.0228,0.056400000000000006,456774636701154.562500
-0.12884999999999996,0.0244,0.056400000000000006,456774636701154.562500
-0.12883999999999995,0.0228,0.0572,456774636701154.562500
-0.12882999999999994,0.0252,0.056400000000000006,456774636701154.562500
-0.12882,0.0244,0.056400000000000006,456774636701154.562500
-0.12880999999999998,0.0244,0.056400000000000006,456774636701154.562500
-0.12879999999999997,0.0252,0.056400000000000006,456774636701154.562500
-0.12878999999999996,0.0236,0.058,456774636701154.562500
-0.12877999999999995,0.0244,0.0548,456774636701154.562500
-0.12877,0.0244,0.056400000000000006,456774636701154.562500
-0.12875999999999999,0.0236,0.056400000000000006,456774636701154.562500
-0.12874999999999998,0.0244,0.054,456774636701154.562500
-0.12873999999999997,0.0236,0.053200000000000004,456774636701154.562500
-0.12872999999999996,0.0212,0.0516,456774636701154.562500
-0.12871999999999995,0.0196,0.055600000000000004,456774636701154.562500
-0.12871,0.022000000000000002,0.0548,456774636701154.562500
-0.12869999999999998,0.0212,0.056400000000000006,456774636701154.562500
-0.12868999999999997,0.018000000000000002,0.0548,456774636701154.562500
-0.12867999999999996,0.0204,0.058,456774636701154.562500
-0.12866999999999995,0.0228,0.0572,456774636701154.562500
-0.12866,0.022000000000000002,0.0572,456774636701154.562500
-0.12865,0.0196,0.054,456774636701154.562500
-0.12863999999999998,0.0204,0.0572,456774636701154.562500
-0.12862999999999997,0.0204,0.055600000000000004,456774636701154.562500
-0.12861999999999996,0.0196,0.0548,456774636701154.562500
-0.12860999999999995,0.0228,0.0572,456774636701154.562500
-0.1286,0.022000000000000002,0.058,456774636701154.562500
-0.12858999999999998,0.0228,0.056400000000000006,456774636701154.562500
-0.12857999999999997,0.022000000000000002,0.054,456774636701154.562500
-0.12856999999999996,0.0236,0.056400000000000006,456774636701154.562500
-0.12855999999999995,0.0236,0.054,456774636701154.562500
-0.12854999999999994,0.0212,0.0548,456774636701154.562500
-0.12854,0.0244,0.058,456774636701154.562500
-0.12852999999999998,0.0228,0.0548,456774636701154.562500
-0.12851999999999997,0.0244,0.0572,456774636701154.562500
-0.12850999999999996,0.0236,0.046,456774636701154.562500
-0.12849999999999995,0.0204,0.054,456774636701154.562500
-0.12849,0.0244,0.056400000000000006,456774636701154.562500
-0.12847999999999998,0.0204,0.0572,456774636701154.562500
-0.12846999999999997,0.0204,0.058,456774636701154.562500
-0.12845999999999996,0.0228,0.058,456774636701154.562500
-0.12844999999999995,0.0228,0.056400000000000006,456774636701154.562500
-0.12843999999999994,0.0244,0.058,456774636701154.562500
-0.12843,0.0228,0.056400000000000006,456774636701154.562500
-0.12841999999999998,0.022000000000000002,0.056400000000000006,456774636701154.562500
-0.12840999999999997,0.0236,0.056400000000000006,456774636701154.562500
-0.12839999999999996,0.0172,0.0436,456774636701154.562500
-0.12838999999999995,0.0164,0.054,456774636701154.562500
-0.12838,0.0204,0.045200000000000004,456774636701154.562500
-0.12836999999999998,0.0212,0.0524,456774636701154.562500
-0.12835999999999997,0.0212,0.055600000000000004,456774636701154.562500
-0.12834999999999996,0.0204,0.0572,456774636701154.562500
-0.12833999999999995,0.0228,0.056400000000000006,456774636701154.562500
-0.12832999999999994,0.022000000000000002,0.054,456774636701154.562500
-0.12832,0.022000000000000002,0.0548,456774636701154.562500
-0.12830999999999998,0.0228,0.0548,456774636701154.562500
-0.12829999999999997,0.0212,0.056400000000000006,456774636701154.562500
-0.12828999999999996,0.0236,0.0572,456774636701154.562500
-0.12827999999999995,0.022000000000000002,0.055600000000000004,456774636701154.562500
-0.12827,0.022000000000000002,0.0572,456774636701154.562500
-0.12825999999999999,0.0228,0.056400000000000006,456774636701154.562500
-0.12824999999999998,0.0228,0.053200000000000004,456774636701154.562500
-0.12823999999999997,0.0228,0.055600000000000004,456774636701154.562500
-0.12822999999999996,0.0236,0.054,456774636701154.562500
-0.12821999999999995,0.022000000000000002,0.056400000000000006,456774636701154.562500
-0.12821,0.0228,0.056400000000000006,456774636701154.562500
-0.12819999999999998,0.0252,0.056400000000000006,456774636701154.562500
-0.12818999999999997,0.0236,0.0572,456774636701154.562500
-0.12817999999999996,0.0236,0.056400000000000006,456774636701154.562500
-0.12816999999999995,0.0244,0.055600000000000004,456774636701154.562500
-0.12816,0.0252,0.0524,456774636701154.562500
-0.12815,0.0204,0.050800000000000005,456774636701154.562500
-0.12813999999999998,0.0228,0.0436,456774636701154.562500
-0.12812999999999997,0.0188,0.0548,456774636701154.562500
-0.12811999999999996,0.0148,0.055600000000000004,456774636701154.562500
-0.12810999999999995,0.018000000000000002,0.058,456774636701154.562500
-0.1281,0.0196,0.058,456774636701154.562500
-0.12808999999999998,0.0188,0.056400000000000006,456774636701154.562500
-0.12807999999999997,0.0228,0.053200000000000004,456774636701154.562500
-0.12806999999999996,0.0212,0.0572,456774636701154.562500
-0.12805999999999995,0.0228,0.055600000000000004,456774636701154.562500
-0.12805,0.022000000000000002,0.0524,456774636701154.562500
-0.12804,0.0204,0.0572,456774636701154.562500
-0.12802999999999998,0.0212,0.058800000000000005,456774636701154.562500
-0.12801999999999997,0.0228,0.0572,456774636701154.562500
-0.12800999999999996,0.0212,0.058800000000000005,456774636701154.562500
-0.12799999999999995,0.022000000000000002,0.056400000000000006,456774636701154.562500
-0.12799,0.0228,0.0572,456774636701154.562500
-0.12797999999999998,0.022000000000000002,0.055600000000000004,456774636701154.562500
-0.12796999999999997,0.0228,0.0572,456774636701154.562500
-0.12795999999999996,0.022000000000000002,0.054,456774636701154.562500
-0.12794999999999995,0.0228,0.0548,456774636701154.562500
-0.12793999999999994,0.0244,0.0572,456774636701154.562500
-0.12793,0.022000000000000002,0.0524,456774636701154.562500
-0.12791999999999998,0.0244,0.0548,456774636701154.562500
-0.12790999999999997,0.0244,0.055600000000000004,456774636701154.562500
-0.12789999999999996,0.0244,0.0572,456774636701154.562500
-0.12788999999999995,0.0228,0.0572,456774636701154.562500
-0.12788,0.0212,0.055600000000000004,456774636701154.562500
-0.12786999999999998,0.0252,0.058,456774636701154.562500
-0.12785999999999997,0.0236,0.0548,456774636701154.562500
-0.12784999999999996,0.0244,0.0548,456774636701154.562500
-0.12783999999999995,0.0212,0.058,456774636701154.562500
-0.12782999999999994,0.0212,0.056400000000000006,456774636701154.562500
-0.12782,0.0228,0.0596,456774636701154.562500
-0.12780999999999998,0.0244,0.0548,456774636701154.562500
-0.12779999999999997,0.0244,0.058,456774636701154.562500
-0.12778999999999996,0.0228,0.056400000000000006,456774636701154.562500
-0.12777999999999995,0.0204,0.0516,456774636701154.562500
-0.12777,0.0212,0.056400000000000006,456774636701154.562500
-0.12775999999999998,0.022000000000000002,0.0524,456774636701154.562500
-0.12774999999999997,0.0228,0.055600000000000004,456774636701154.562500
-0.12773999999999996,0.022000000000000002,0.0572,456774636701154.562500
-0.12772999999999995,0.0212,0.058,456774636701154.562500
-0.12771999999999994,0.022000000000000002,0.0572,456774636701154.562500
-0.12771,0.022000000000000002,0.056400000000000006,456774636701154.562500
-0.12769999999999998,0.022000000000000002,0.056400000000000006,456774636701154.562500
-0.12768999999999997,0.0204,0.055600000000000004,456774636701154.562500
-0.12767999999999996,0.0236,0.058,456774636701154.562500
-0.12766999999999995,0.0244,0.0476,456774636701154.562500
-0.12766,0.0236,0.058,456774636701154.562500
-0.12764999999999999,0.0236,0.0468,456774636701154.562500
-0.12763999999999998,0.022000000000000002,0.058,456774636701154.562500
-0.12762999999999997,0.0228,0.056400000000000006,456774636701154.562500
-0.12761999999999996,0.0244,0.056400000000000006,456774636701154.562500
-0.12760999999999995,0.0244,0.056400000000000006,456774636701154.562500
-0.1276,0.0228,0.058,456774636701154.562500
-0.12758999999999998,0.0236,0.058,456774636701154.562500
-0.12757999999999997,0.0236,0.054,456774636701154.562500
-0.12756999999999996,0.0228,0.055600000000000004,456774636701154.562500
-0.12755999999999995,0.0228,0.056400000000000006,456774636701154.562500
-0.12755,0.0236,0.0572,456774636701154.562500
-0.12754,0.0236,0.058800000000000005,456774636701154.562500
-0.12752999999999998,0.0228,0.055600000000000004,456774636701154.562500
-0.12751999999999997,0.0236,0.056400000000000006,456774636701154.562500
-0.12750999999999996,0.0212,0.058,456774636701154.562500
-0.12749999999999995,0.0228,0.058,456774636701154.562500
-0.12749,0.022000000000000002,0.0572,456774636701154.562500
-0.12747999999999998,0.0228,0.0572,456774636701154.562500
-0.12746999999999997,0.0228,0.0572,456774636701154.562500
-0.12745999999999996,0.0196,0.054,456774636701154.562500
-0.12744999999999995,0.0236,0.056400000000000006,456774636701154.562500
-0.12743999999999994,0.022000000000000002,0.055600000000000004,456774636701154.562500
-0.12743,0.0236,0.056400000000000006,456774636701154.562500
-0.12741999999999998,0.0228,0.055600000000000004,456774636701154.562500
-0.12740999999999997,0.0228,0.058,456774636701154.562500
-0.12739999999999996,0.022000000000000002,0.0572,456774636701154.562500
-0.12738999999999995,0.022000000000000002,0.056400000000000006,456774636701154.562500
-0.12738,0.022000000000000002,0.053200000000000004,456774636701154.562500
-0.12736999999999998,0.022000000000000002,0.05,456774636701154.562500
-0.12735999999999997,0.0212,0.055600000000000004,456774636701154.562500
-0.12734999999999996,0.0196,0.058,456774636701154.562500
-0.12733999999999995,0.022000000000000002,0.056400000000000006,456774636701154.562500
-0.12732999999999994,0.022000000000000002,0.055600000000000004,456774636701154.562500
-0.12732,0.0244,0.0548,456774636701154.562500
-0.12730999999999998,0.0244,0.0572,456774636701154.562500
-0.12729999999999997,0.0252,0.056400000000000006,456774636701154.562500
-0.12728999999999996,0.0228,0.056400000000000006,456774636701154.562500
-0.12727999999999995,0.026000000000000002,0.058,456774636701154.562500
-0.12727,0.0252,0.058,456774636701154.562500
-0.12725999999999998,0.022000000000000002,0.058800000000000005,456774636701154.562500
-0.12724999999999997,0.018000000000000002,0.056400000000000006,456774636701154.562500
-0.12723999999999996,0.0196,0.056400000000000006,456774636701154.562500
-0.12722999999999995,0.0228,0.058800000000000005,456774636701154.562500
-0.12721999999999994,0.022000000000000002,0.0572,456774636701154.562500
-0.12721,0.0228,0.058,456774636701154.562500
-0.12719999999999998,0.0244,0.0572,456774636701154.562500
-0.12718999999999997,0.0196,0.0548,456774636701154.562500
-0.12717999999999996,0.0204,0.055600000000000004,456774636701154.562500
-0.12716999999999995,0.0228,0.054,456774636701154.562500
-0.12716,0.0196,0.058,456774636701154.562500
-0.12714999999999999,0.018000000000000002,0.058,456774636701154.562500
-0.12713999999999998,0.022000000000000002,0.056400000000000006,456774636701154.562500
-0.12712999999999997,0.0212,0.0572,456774636701154.562500
-0.12711999999999996,0.0228,0.056400000000000006,456774636701154.562500
-0.12710999999999995,0.0236,0.0572,456774636701154.562500
-0.1271,0.0228,0.0572,456774636701154.562500
-0.12708999999999998,0.0228,0.0548,456774636701154.562500
-0.12707999999999997,0.0228,0.054,456774636701154.562500
-0.12706999999999996,0.022000000000000002,0.0572,456774636701154.562500
-0.12705999999999995,0.0228,0.053200000000000004,456774636701154.562500
-0.12705,0.0236,0.054,456774636701154.562500
-0.12704,0.022000000000000002,0.0492,456774636701154.562500
-0.12702999999999998,0.0236,0.040400000000000005,456774636701154.562500
-0.12701999999999997,0.0236,0.048400000000000006,456774636701154.562500
-0.12700999999999996,0.0244,0.045200000000000004,456774636701154.562500
-0.12699999999999995,0.0236,0.0516,456774636701154.562500
-0.12699,0.0236,0.037200000000000004,456774636701154.562500
-0.12697999999999998,0.0244,0.0468,456774636701154.562500
-0.12696999999999997,0.0228,0.034,456774636701154.562500
-0.12695999999999996,0.0244,0.045200000000000004,456774636701154.562500
-0.12694999999999995,0.026000000000000002,0.037200000000000004,456774636701154.562500
-0.12693999999999994,0.0244,0.045200000000000004,456774636701154.562500
-0.12693,0.0228,0.0444,456774636701154.562500
-0.12691999999999998,0.0244,0.055600000000000004,456774636701154.562500
-0.12690999999999997,0.0236,0.048400000000000006,456774636701154.562500
-0.12689999999999996,0.0236,0.0476,456774636701154.562500
-0.12688999999999995,0.0244,0.0516,456774636701154.562500
-0.12688,0.0188,0.058,456774636701154.562500
-0.12686999999999998,0.022000000000000002,0.0516,456774636701154.562500
-0.12685999999999997,0.0212,0.056400000000000006,456774636701154.562500
-0.12684999999999996,0.022000000000000002,0.054,456774636701154.562500
-0.12683999999999995,0.022000000000000002,0.0572,456774636701154.562500
-0.12682999999999994,0.022000000000000002,0.058,456774636701154.562500
-0.12682,0.018000000000000002,0.0548,456774636701154.562500
-0.12680999999999998,0.0204,0.0548,456774636701154.562500
-0.12679999999999997,0.0172,0.056400000000000006,456774636701154.562500
-0.12678999999999996,0.022000000000000002,0.055600000000000004,456774636701154.562500
-0.12677999999999995,0.0212,0.054,456774636701154.562500
-0.12677,0.0236,0.055600000000000004,456774636701154.562500
-0.12675999999999998,0.022000000000000002,0.045200000000000004,456774636701154.562500
-0.12674999999999997,0.0212,0.05,456774636701154.562500
-0.12673999999999996,0.0204,0.0396,456774636701154.562500
-0.12672999999999995,0.0212,0.050800000000000005,456774636701154.562500
-0.12671999999999994,0.0236,0.0412,456774636701154.562500
-0.12671,0.0244,0.0476,456774636701154.562500
-0.12669999999999998,0.026000000000000002,0.0444,456774636701154.562500
-0.12668999999999997,0.026000000000000002,0.050800000000000005,456774636701154.562500
-0.12667999999999996,0.0252,0.050800000000000005,456774636701154.562500
-0.12666999999999995,0.0252,0.0516,456774636701154.562500
-0.12666,0.0252,0.05,456774636701154.562500
-0.12664999999999998,0.0236,0.055600000000000004,456774636701154.562500
-0.12663999999999997,0.0244,0.0524,456774636701154.562500
-0.12662999999999996,0.0244,0.055600000000000004,456774636701154.562500
-0.12661999999999995,0.0236,0.055600000000000004,456774636701154.562500
-0.12660999999999994,0.0212,0.058,456774636701154.562500
-0.1266,0.022000000000000002,0.0548,456774636701154.562500
-0.12658999999999998,0.0204,0.058,456774636701154.562500
-0.12657999999999997,0.0236,0.056400000000000006,456774636701154.562500
-0.12656999999999996,0.0196,0.053200000000000004,456774636701154.562500
-0.12655999999999995,0.022000000000000002,0.0476,456774636701154.562500
-0.12655,0.0204,0.054,456774636701154.562500
-0.12653999999999999,0.0196,0.05,456774636701154.562500
-0.12652999999999998,0.022000000000000002,0.054,456774636701154.562500
-0.12651999999999997,0.022000000000000002,0.053200000000000004,456774636701154.562500
-0.12650999999999996,0.0204,0.053200000000000004,456774636701154.562500
-0.12649999999999995,0.0228,0.0476,456774636701154.562500
-0.12649,0.022000000000000002,0.0364,456774636701154.562500
-0.12647999999999998,0.0212,0.05,456774636701154.562500
-0.12646999999999997,0.022000000000000002,0.055600000000000004,456774636701154.562500
-0.12645999999999996,0.0228,0.056400000000000006,456774636701154.562500
-0.12644999999999995,0.022000000000000002,0.055600000000000004,456774636701154.562500
-0.12644,0.022000000000000002,0.056400000000000006,456774636701154.562500
-0.12643,0.0236,0.058,456774636701154.562500
-0.12641999999999998,0.0228,0.054,456774636701154.562500
-0.12640999999999997,0.0236,0.056400000000000006,456774636701154.562500
-0.12639999999999996,0.0236,0.0548,456774636701154.562500
-0.12638999999999995,0.0244,0.0572,456774636701154.562500
-0.12638,0.0252,0.056400000000000006,456774636701154.562500
-0.12636999999999998,0.0244,0.055600000000000004,456774636701154.562500
-0.12635999999999997,0.0236,0.055600000000000004,456774636701154.562500
-0.12634999999999996,0.0236,0.054,456774636701154.562500
-0.12633999999999995,0.0244,0.0572,456774636701154.562500
-0.12632999999999994,0.0188,0.056400000000000006,456774636701154.562500
-0.12632,0.0196,0.058800000000000005,456774636701154.562500
-0.12630999999999998,0.0236,0.056400000000000006,456774636701154.562500
-0.12629999999999997,0.0236,0.0572,456774636701154.562500
-0.12628999999999996,0.0236,0.058,456774636701154.562500
-0.12627999999999995,0.0236,0.056400000000000006,456774636701154.562500
-0.12627,0.022000000000000002,0.056400000000000006,456774636701154.562500
-0.12625999999999998,0.0236,0.055600000000000004,456774636701154.562500
-0.12624999999999997,0.0236,0.053200000000000004,456774636701154.562500
-0.12623999999999996,0.0236,0.0572,456774636701154.562500
-0.12622999999999995,0.0204,0.055600000000000004,456774636701154.562500
-0.12621999999999994,0.0228,0.058,456774636701154.562500
-0.12621,0.0212,0.056400000000000006,456774636701154.562500
-0.12619999999999998,0.022000000000000002,0.0572,456774636701154.562500
-0.12618999999999997,0.0228,0.0548,456774636701154.562500
-0.12617999999999996,0.0188,0.058800000000000005,456774636701154.562500
-0.12616999999999995,0.022000000000000002,0.0548,456774636701154.562500
-0.12616,0.0236,0.058,456774636701154.562500
-0.12614999999999998,0.0188,0.058,456774636701154.562500
-0.12613999999999997,0.022000000000000002,0.055600000000000004,456774636701154.562500
-0.12612999999999996,0.0236,0.058,456774636701154.562500
-0.12611999999999995,0.0236,0.055600000000000004,456774636701154.562500
-0.12610999999999994,0.0228,0.056400000000000006,456774636701154.562500
-0.1261,0.0244,0.0548,456774636701154.562500
-0.12608999999999998,0.0228,0.056400000000000006,456774636701154.562500
-0.12607999999999997,0.022000000000000002,0.058,456774636701154.562500
-0.12606999999999996,0.0204,0.0548,456774636701154.562500
-0.12605999999999995,0.0236,0.053200000000000004,456774636701154.562500
-0.12605,0.018000000000000002,0.0516,456774636701154.562500
-0.12603999999999999,0.0236,0.053200000000000004,456774636701154.562500
-0.12602999999999998,0.0212,0.046,456774636701154.562500
-0.12601999999999997,0.0236,0.0468,456774636701154.562500
-0.12600999999999996,0.022000000000000002,0.048400000000000006,456774636701154.562500
-0.12599999999999995,0.0204,0.0468,456774636701154.562500
-0.12599,0.0212,0.0492,456774636701154.562500
-0.12597999999999998,0.0204,0.05,456774636701154.562500
-0.12596999999999997,0.0236,0.055600000000000004,456774636701154.562500
-0.12595999999999996,0.0188,0.050800000000000005,456774636701154.562500
-0.12594999999999995,0.0212,0.0516,456774636701154.562500
-0.12594,0.0212,0.055600000000000004,456774636701154.562500
-0.12593,0.022000000000000002,0.053200000000000004,456774636701154.562500
-0.12591999999999998,0.0204,0.0548,456774636701154.562500
-0.12590999999999997,0.0212,0.054,456774636701154.562500
-0.12589999999999996,0.0204,0.058,456774636701154.562500
-0.12588999999999995,0.022000000000000002,0.055600000000000004,456774636701154.562500
-0.12588,0.0228,0.0524,456774636701154.562500
-0.12586999999999998,0.022000000000000002,0.056400000000000006,456774636701154.562500
-0.12585999999999997,0.0228,0.0596,456774636701154.562500
-0.12584999999999996,0.0196,0.0572,456774636701154.562500
-0.12583999999999995,0.0212,0.055600000000000004,456774636701154.562500
-0.12582999999999994,0.0188,0.056400000000000006,456774636701154.562500
-0.12582,0.0196,0.048400000000000006,456774636701154.562500
-0.12580999999999998,0.022000000000000002,0.0548,456774636701154.562500
-0.12579999999999997,0.0236,0.0412,456774636701154.562500
-0.12578999999999996,0.0228,0.058,456774636701154.562500
-0.12577999999999995,0.0228,0.058800000000000005,456774636701154.562500
-0.12577,0.0212,0.055600000000000004,456774636701154.562500
-0.12575999999999998,0.0196,0.0572,456774636701154.562500
-0.12574999999999997,0.0244,0.056400000000000006,456774636701154.562500
-0.12573999999999996,0.0252,0.056400000000000006,456774636701154.562500
-0.12572999999999995,0.0236,0.056400000000000006,456774636701154.562500
-0.12571999999999994,0.0244,0.056400000000000006,456774636701154.562500
-0.12571,0.022000000000000002,0.054,456774636701154.562500
-0.12569999999999998,0.0244,0.055600000000000004,456774636701154.562500
-0.12568999999999997,0.0236,0.0444,456774636701154.562500
-0.12567999999999996,0.0212,0.058,456774636701154.562500
-0.12566999999999995,0.0236,0.0572,456774636701154.562500
-0.12566,0.0228,0.0548,456774636701154.562500
-0.12564999999999998,0.0228,0.050800000000000005,456774636701154.562500
-0.12563999999999997,0.022000000000000002,0.0524,456774636701154.562500
-0.12562999999999996,0.022000000000000002,0.058,456774636701154.562500
-0.12561999999999995,0.022000000000000002,0.05,456774636701154.562500
-0.12560999999999994,0.0204,0.053200000000000004,456774636701154.562500
-0.1256,0.0212,0.058,456774636701154.562500
-0.12558999999999998,0.022000000000000002,0.0572,456774636701154.562500
-0.12557999999999997,0.022000000000000002,0.0548,456774636701154.562500
-0.12556999999999996,0.022000000000000002,0.058,456774636701154.562500
-0.12555999999999995,0.0212,0.0572,456774636701154.562500
-0.12555,0.0236,0.056400000000000006,456774636701154.562500
-0.12553999999999998,0.0212,0.055600000000000004,456774636701154.562500
-0.12552999999999997,0.0244,0.0548,456774636701154.562500
-0.12551999999999996,0.0236,0.054,456774636701154.562500
-0.12550999999999995,0.0228,0.0572,456774636701154.562500
-0.12549999999999994,0.0236,0.055600000000000004,456774636701154.562500
-0.12549,0.0236,0.058,456774636701154.562500
-0.12547999999999998,0.0252,0.0572,456774636701154.562500
-0.12546999999999997,0.0228,0.056400000000000006,456774636701154.562500
-0.12545999999999996,0.0236,0.0548,456774636701154.562500
-0.12544999999999995,0.0244,0.055600000000000004,456774636701154.562500
-0.12544,0.0244,0.0516,456774636701154.562500
-0.12542999999999999,0.0236,0.048400000000000006,456774636701154.562500
-0.12541999999999998,0.0244,0.0516,456774636701154.562500
-0.12540999999999997,0.0244,0.054,456774636701154.562500
-0.12539999999999996,0.0236,0.0548,456774636701154.562500
-0.12538999999999995,0.0204,0.056400000000000006,456774636701154.562500
-0.12538,0.0228,0.058,456774636701154.562500
-0.12536999999999998,0.0196,0.054,456774636701154.562500
-0.12535999999999997,0.0212,0.048400000000000006,456774636701154.562500
-0.12534999999999996,0.0172,0.053200000000000004,456774636701154.562500
-0.12533999999999995,0.0236,0.055600000000000004,456774636701154.562500
-0.12533,0.0204,0.0548,456774636701154.562500
-0.12532,0.0228,0.055600000000000004,456774636701154.562500
-0.12530999999999998,0.0228,0.056400000000000006,456774636701154.562500
-0.12529999999999997,0.0236,0.058,456774636701154.562500
-0.12528999999999996,0.022000000000000002,0.058,456774636701154.562500
-0.12527999999999995,0.0196,0.054,456774636701154.562500
-0.12527,0.0204,0.056400000000000006,456774636701154.562500
-0.12525999999999998,0.022000000000000002,0.058,456774636701154.562500
-0.12524999999999997,0.0196,0.0572,456774636701154.562500
-0.12523999999999996,0.018000000000000002,0.0572,456774636701154.562500
-0.12522999999999995,0.0196,0.0572,456774636701154.562500
-0.12521999999999994,0.0172,0.0548,456774636701154.562500
-0.12521,0.022000000000000002,0.058,456774636701154.562500
-0.12519999999999998,0.0204,0.058,456774636701154.562500
-0.12518999999999997,0.0204,0.056400000000000006,456774636701154.562500
-0.12517999999999996,0.0188,0.058,456774636701154.562500
-0.12516999999999995,0.0244,0.058,456774636701154.562500
-0.12516,0.0204,0.056400000000000006,456774636701154.562500
-0.12514999999999998,0.0236,0.0572,456774636701154.562500
-0.12513999999999997,0.0244,0.056400000000000006,456774636701154.562500
-0.12512999999999996,0.0252,0.058,456774636701154.562500
-0.12511999999999995,0.0236,0.0572,456774636701154.562500
-0.12510999999999994,0.0172,0.058,456774636701154.562500
-0.1251,0.0228,0.0572,456774636701154.562500
-0.12508999999999998,0.0236,0.058,456774636701154.562500
-0.12507999999999997,0.0228,0.053200000000000004,456774636701154.562500
-0.12506999999999996,0.0204,0.0572,456774636701154.562500
-0.12505999999999995,0.0236,0.056400000000000006,456774636701154.562500
-0.12505,0.0188,0.058,456774636701154.562500
-0.12503999999999998,0.022000000000000002,0.0572,456774636701154.562500
-0.12502999999999997,0.0204,0.053200000000000004,456774636701154.562500
-0.12501999999999996,0.0212,0.058,456774636701154.562500
-0.12500999999999995,0.0188,0.058,456774636701154.562500
-0.12499999999999994,0.0236,0.056400000000000006,456774636701154.562500
-0.12498999999999999,0.0204,0.058,456774636701154.562500
-0.12497999999999998,0.0236,0.056400000000000006,456774636701154.562500
-0.12496999999999997,0.0228,0.056400000000000006,456774636701154.562500
-0.12495999999999996,0.0236,0.058,456774636701154.562500
-0.12494999999999995,0.022000000000000002,0.0572,456774636701154.562500
-0.12494,0.0212,0.058800000000000005,456774636701154.562500
-0.12492999999999999,0.0236,0.054,456774636701154.562500
-0.12491999999999998,0.0228,0.056400000000000006,456774636701154.562500
-0.12490999999999997,0.0212,0.056400000000000006,456774636701154.562500
-0.12489999999999996,0.0204,0.0572,456774636701154.562500
-0.12488999999999995,0.0236,0.0524,456774636701154.562500
-0.12487999999999999,0.0204,0.046,456774636701154.562500
-0.12486999999999998,0.0252,0.050800000000000005,456774636701154.562500
-0.12485999999999997,0.0236,0.053200000000000004,456774636701154.562500
-0.12484999999999996,0.0244,0.050800000000000005,456774636701154.562500
-0.12483999999999995,0.0236,0.05,456774636701154.562500
-0.12483,0.0236,0.055600000000000004,456774636701154.562500
-0.12481999999999999,0.0212,0.0572,456774636701154.562500
-0.12480999999999998,0.0228,0.054,456774636701154.562500
-0.12479999999999997,0.022000000000000002,0.0548,456774636701154.562500
-0.12478999999999996,0.0244,0.058,456774636701154.562500
-0.12477999999999995,0.0196,0.0548,456774636701154.562500
-0.12476999999999999,0.0252,0.056400000000000006,456774636701154.562500
-0.12475999999999998,0.018000000000000002,0.058,456774636701154.562500
-0.12474999999999997,0.0228,0.058800000000000005,456774636701154.562500
-0.12473999999999996,0.0244,0.056400000000000006,456774636701154.562500
-0.12472999999999995,0.0236,0.053200000000000004,456774636701154.562500
-0.12471999999999994,0.0228,0.054,456774636701154.562500
-0.12470999999999999,0.022000000000000002,0.053200000000000004,456774636701154.562500
-0.12469999999999998,0.0212,0.0572,456774636701154.562500
-0.12468999999999997,0.0236,0.0572,456774636701154.562500
-0.12467999999999996,0.022000000000000002,0.05,456774636701154.562500
-0.12466999999999995,0.022000000000000002,0.058,456774636701154.562500
-0.12465999999999999,0.0196,0.0548,456774636701154.562500
-0.12464999999999998,0.022000000000000002,0.0572,456774636701154.562500
-0.12463999999999997,0.0228,0.055600000000000004,456774636701154.562500
-0.12462999999999996,0.022000000000000002,0.054,456774636701154.562500
-0.12461999999999995,0.0236,0.0572,456774636701154.562500
-0.12460999999999994,0.0228,0.0476,456774636701154.562500
-0.12459999999999999,0.0228,0.054,456774636701154.562500
-0.12458999999999998,0.0244,0.0516,456774636701154.562500
-0.12457999999999997,0.0228,0.0548,456774636701154.562500
-0.12456999999999996,0.0252,0.05,456774636701154.562500
-0.12455999999999995,0.0236,0.055600000000000004,456774636701154.562500
-0.12455,0.0252,0.0524,456774636701154.562500
-0.12453999999999998,0.0236,0.056400000000000006,456774636701154.562500
-0.12452999999999997,0.0252,0.0548,456774636701154.562500
-0.12451999999999996,0.0212,0.055600000000000004,456774636701154.562500
-0.12450999999999995,0.0244,0.053200000000000004,456774636701154.562500
-0.12449999999999994,0.0212,0.058,456774636701154.562500
-0.12448999999999999,0.022000000000000002,0.056400000000000006,456774636701154.562500
-0.12447999999999998,0.0228,0.0516,456774636701154.562500
-0.12446999999999997,0.0236,0.0572,456774636701154.562500
-0.12445999999999996,0.0212,0.058,456774636701154.562500
-0.12444999999999995,0.0236,0.055600000000000004,456774636701154.562500
-0.12444,0.0228,0.054,456774636701154.562500
-0.12442999999999999,0.0204,0.0492,456774636701154.562500
-0.12441999999999998,0.0212,0.054,456774636701154.562500
-0.12440999999999997,0.0212,0.0548,456774636701154.562500
-0.12439999999999996,0.022000000000000002,0.0572,456774636701154.562500
-0.12438999999999995,0.022000000000000002,0.0516,456774636701154.562500
-0.12437999999999999,0.0236,0.0516,456774636701154.562500
-0.12436999999999998,0.0228,0.053200000000000004,456774636701154.562500
-0.12435999999999997,0.022000000000000002,0.0548,456774636701154.562500
-0.12434999999999996,0.022000000000000002,0.0524,456774636701154.562500
-0.12433999999999995,0.0204,0.056400000000000006,456774636701154.562500
-0.12433,0.0204,0.0572,456774636701154.562500
-0.12431999999999999,0.022000000000000002,0.055600000000000004,456774636701154.562500
-0.12430999999999998,0.0228,0.0572,456774636701154.562500
-0.12429999999999997,0.0196,0.0572,456774636701154.562500
-0.12428999999999996,0.018000000000000002,0.0572,456774636701154.562500
-0.12427999999999995,0.0212,0.056400000000000006,456774636701154.562500
-0.12426999999999999,0.0228,0.056400000000000006,456774636701154.562500
-0.12425999999999998,0.0212,0.0516,456774636701154.562500
-0.12424999999999997,0.022000000000000002,0.0548,456774636701154.562500
-0.12423999999999996,0.0244,0.0524,456774636701154.562500
-0.12422999999999995,0.0244,0.0524,456774636701154.562500
-0.12421999999999994,0.022000000000000002,0.0468,456774636701154.562500
-0.12420999999999999,0.0204,0.053200000000000004,456774636701154.562500
-0.12419999999999998,0.0212,0.058,456774636701154.562500
-0.12418999999999997,0.0188,0.056400000000000006,456774636701154.562500
-0.12417999999999996,0.0212,0.056400000000000006,456774636701154.562500
-0.12416999999999995,0.015600000000000001,0.0572,456774636701154.562500
-0.12415999999999999,0.022000000000000002,0.056400000000000006,456774636701154.562500
-0.12414999999999998,0.0204,0.056400000000000006,456774636701154.562500
-0.12413999999999997,0.0228,0.055600000000000004,456774636701154.562500
-0.12412999999999996,0.022000000000000002,0.058800000000000005,456774636701154.562500
-0.12411999999999995,0.022000000000000002,0.055600000000000004,456774636701154.562500
-0.12410999999999994,0.0204,0.056400000000000006,456774636701154.562500
-0.12409999999999999,0.0228,0.0524,456774636701154.562500
-0.12408999999999998,0.0228,0.055600000000000004,456774636701154.562500
-0.12407999999999997,0.0228,0.056400000000000006,456774636701154.562500
-0.12406999999999996,0.0236,0.055600000000000004,456774636701154.562500
-0.12405999999999995,0.0196,0.0548,456774636701154.562500
-0.12405,0.022000000000000002,0.055600000000000004,456774636701154.562500
-0.12403999999999998,0.0196,0.0364,456774636701154.562500
-0.12402999999999997,0.0236,0.05,456774636701154.562500
-0.12401999999999996,0.0204,0.0412,456774636701154.562500
-0.12400999999999995,0.0228,0.054,456774636701154.562500
-0.12399999999999994,0.0228,0.048400000000000006,456774636701154.562500
-0.12398999999999999,0.0228,0.058,456774636701154.562500
-0.12397999999999998,0.0228,0.055600000000000004,456774636701154.562500
-0.12396999999999997,0.0228,0.055600000000000004,456774636701154.562500
-0.12395999999999996,0.0268,0.056400000000000006,456774636701154.562500
-0.12394999999999995,0.022000000000000002,0.056400000000000006,456774636701154.562500
-0.12394,0.0244,0.056400000000000006,456774636701154.562500
-0.12392999999999998,0.0228,0.0524,456774636701154.562500
-0.12391999999999997,0.0228,0.058,456774636701154.562500
-0.12390999999999996,0.0252,0.0548,456774636701154.562500
-0.12389999999999995,0.0244,0.0572,456774636701154.562500
-0.12388999999999994,0.022000000000000002,0.055600000000000004,456774636701154.562500
-0.12387999999999999,0.0212,0.0572,456774636701154.562500
-0.12386999999999998,0.0212,0.0572,456774636701154.562500
-0.12385999999999997,0.0228,0.058800000000000005,456774636701154.562500
-0.12384999999999996,0.0228,0.055600000000000004,456774636701154.562500
-0.12383999999999995,0.0228,0.0572,456774636701154.562500
-0.12383,0.022000000000000002,0.0548,456774636701154.562500
-0.12381999999999999,0.022000000000000002,0.055600000000000004,456774636701154.562500
-0.12380999999999998,0.0228,0.056400000000000006,456774636701154.562500
-0.12379999999999997,0.0204,0.055600000000000004,456774636701154.562500
-0.12378999999999996,0.0236,0.05,456774636701154.562500
-0.12377999999999995,0.022000000000000002,0.055600000000000004,456774636701154.562500
-0.12376999999999999,0.022000000000000002,0.0492,456774636701154.562500
-0.12375999999999998,0.0228,0.0436,456774636701154.562500
-0.12374999999999997,0.0204,0.056400000000000006,456774636701154.562500
-0.12373999999999996,0.022000000000000002,0.058,456774636701154.562500
-0.12372999999999995,0.0204,0.058,456774636701154.562500
-0.12372,0.022000000000000002,0.0492,456774636701154.562500
-0.12370999999999999,0.0228,0.0548,456774636701154.562500
-0.12369999999999998,0.022000000000000002,0.056400000000000006,456774636701154.562500
-0.12368999999999997,0.022000000000000002,0.055600000000000004,456774636701154.562500
-0.12367999999999996,0.0236,0.0516,456774636701154.562500
-0.12366999999999995,0.022000000000000002,0.0572,456774636701154.562500
-0.12365999999999999,0.0252,0.0476,456774636701154.562500
-0.12364999999999998,0.0244,0.0548,456774636701154.562500
-0.12363999999999997,0.022000000000000002,0.046,456774636701154.562500
-0.12362999999999996,0.0252,0.055600000000000004,456774636701154.562500
-0.12361999999999995,0.0228,0.054,456774636701154.562500
-0.12360999999999994,0.0236,0.056400000000000006,456774636701154.562500
-0.12359999999999999,0.0236,0.056400000000000006,456774636701154.562500
-0.12358999999999998,0.0236,0.056400000000000006,456774636701154.562500
-0.12357999999999997,0.0244,0.0572,456774636701154.562500
-0.12356999999999996,0.0228,0.0572,456774636701154.562500
-0.12355999999999995,0.0212,0.058800000000000005,456774636701154.562500
-0.12355,0.0236,0.058,456774636701154.562500
-0.12353999999999998,0.0236,0.055600000000000004,456774636701154.562500
-0.12352999999999997,0.0212,0.058,456774636701154.562500
-0.12351999999999996,0.0188,0.0572,456774636701154.562500
-0.12350999999999995,0.0188,0.058,456774636701154.562500
-0.12349999999999994,0.012400000000000001,0.0548,456774636701154.562500
-0.12348999999999999,0.0212,0.058,456774636701154.562500
-0.12347999999999998,0.0212,0.054,456774636701154.562500
-0.12346999999999997,0.022000000000000002,0.0548,456774636701154.562500
-0.12345999999999996,0.022000000000000002,0.0444,456774636701154.562500
-0.12344999999999995,0.0228,0.0516,456774636701154.562500
-0.12344,0.0204,0.0468,456774636701154.562500
-0.12342999999999998,0.0204,0.0572,456774636701154.562500
-0.12341999999999997,0.0236,0.056400000000000006,456774636701154.562500
-0.12340999999999996,0.0212,0.0572,456774636701154.562500
-0.12339999999999995,0.0228,0.05,456774636701154.562500
-0.12338999999999994,0.0228,0.0548,456774636701154.562500
-0.12337999999999999,0.0236,0.0388,456774636701154.562500
-0.12336999999999998,0.0236,0.0492,456774636701154.562500
-0.12335999999999997,0.0228,0.0516,456774636701154.562500
-0.12334999999999996,0.0236,0.0548,456774636701154.562500
-0.12333999999999995,0.0244,0.0524,456774636701154.562500
-0.12333,0.0236,0.056400000000000006,456774636701154.562500
-0.12331999999999999,0.0244,0.0524,456774636701154.562500
-0.12330999999999998,0.0236,0.054,456774636701154.562500
-0.12329999999999997,0.0236,0.056400000000000006,456774636701154.562500
-0.12328999999999996,0.0204,0.056400000000000006,456774636701154.562500
-0.12327999999999995,0.0236,0.055600000000000004,456774636701154.562500
-0.12326999999999999,0.0196,0.053200000000000004,456774636701154.562500
-0.12325999999999998,0.0236,0.056400000000000006,456774636701154.562500
-0.12324999999999997,0.0196,0.056400000000000006,456774636701154.562500
-0.12323999999999996,0.0228,0.055600000000000004,456774636701154.562500
-0.12322999999999995,0.0228,0.0572,456774636701154.562500
-0.12322,0.0252,0.0572,456774636701154.562500
-0.12320999999999999,0.0228,0.058,456774636701154.562500
-0.12319999999999998,0.022000000000000002,0.0548,456774636701154.562500
-0.12318999999999997,0.0228,0.0572,456774636701154.562500
-0.12317999999999996,0.0228,0.058800000000000005,456774636701154.562500
-0.12316999999999995,0.0228,0.055600000000000004,456774636701154.562500
-0.12315999999999999,0.0188,0.0572,456774636701154.562500
-0.12314999999999998,0.0212,0.054,456774636701154.562500
-0.12313999999999997,0.0204,0.0572,456774636701154.562500
-0.12312999999999996,0.022000000000000002,0.054,456774636701154.562500
-0.12311999999999995,0.0236,0.0572,456774636701154.562500
-0.12310999999999994,0.0196,0.053200000000000004,456774636701154.562500
-0.12309999999999999,0.0228,0.056400000000000006,456774636701154.562500
-0.12308999999999998,0.022000000000000002,0.056400000000000006,456774636701154.562500
-0.12307999999999997,0.0244,0.0524,456774636701154.562500
-0.12306999999999996,0.0204,0.0572,456774636701154.562500
-0.12305999999999995,0.0244,0.05,456774636701154.562500
-0.12304999999999999,0.0212,0.056400000000000006,456774636701154.562500
-0.12303999999999998,0.0236,0.058,456774636701154.562500
-0.12302999999999997,0.0204,0.054,456774636701154.562500
-0.12301999999999996,0.0244,0.048400000000000006,456774636701154.562500
-0.12300999999999995,0.022000000000000002,0.058,456774636701154.562500
-0.12299999999999994,0.0244,0.0548,456774636701154.562500
-0.12298999999999999,0.0204,0.0524,456774636701154.562500
-0.12297999999999998,0.0236,0.040400000000000005,456774636701154.562500
-0.12296999999999997,0.0228,0.0364,456774636701154.562500
-0.12295999999999996,0.0212,0.0548,456774636701154.562500
-0.12294999999999995,0.022000000000000002,0.056400000000000006,456774636701154.562500
-0.12294,0.0228,0.0516,456774636701154.562500
-0.12292999999999998,0.0212,0.0572,456774636701154.562500
-0.12291999999999997,0.0228,0.0548,456774636701154.562500
-0.12290999999999996,0.0212,0.055600000000000004,456774636701154.562500
-0.12289999999999995,0.022000000000000002,0.055600000000000004,456774636701154.562500
-0.12288999999999994,0.0204,0.045200000000000004,456774636701154.562500
-0.12287999999999999,0.0172,0.058,456774636701154.562500
-0.12286999999999998,0.0164,0.055600000000000004,456774636701154.562500
-0.12285999999999997,0.0148,0.056400000000000006,456774636701154.562500
-0.12284999999999996,0.0196,0.0572,456774636701154.562500
-0.12283999999999995,0.0172,0.055600000000000004,456774636701154.562500
-0.12283,0.0196,0.058,456774636701154.562500
-0.12281999999999998,0.0212,0.058800000000000005,456774636701154.562500
-0.12280999999999997,0.0204,0.0524,456774636701154.562500
-0.12279999999999996,0.0212,0.053200000000000004,456774636701154.562500
-0.12278999999999995,0.0236,0.046,456774636701154.562500
-0.12277999999999994,0.0228,0.048400000000000006,456774636701154.562500
-0.12276999999999999,0.0228,0.0356,456774636701154.562500
-0.12275999999999998,0.0236,0.048400000000000006,456774636701154.562500
-0.12274999999999997,0.022000000000000002,0.055600000000000004,456774636701154.562500
-0.12273999999999996,0.0244,0.056400000000000006,456774636701154.562500
-0.12272999999999995,0.0236,0.0548,456774636701154.562500
-0.12272,0.0252,0.0572,456774636701154.562500
-0.12270999999999999,0.022000000000000002,0.054,456774636701154.562500
-0.12269999999999998,0.022000000000000002,0.055600000000000004,456774636701154.562500
-0.12268999999999997,0.0228,0.058,456774636701154.562500
-0.12267999999999996,0.0252,0.0572,456774636701154.562500
-0.12266999999999995,0.022000000000000002,0.055600000000000004,456774636701154.562500
-0.12265999999999999,0.0228,0.0572,456774636701154.562500
-0.12264999999999998,0.0236,0.056400000000000006,456774636701154.562500
-0.12263999999999997,0.0236,0.056400000000000006,456774636701154.562500
-0.12262999999999996,0.022000000000000002,0.056400000000000006,456774636701154.562500
-0.12261999999999995,0.0204,0.058,456774636701154.562500
-0.12261,0.0204,0.055600000000000004,456774636701154.562500
-0.12259999999999999,0.0204,0.0548,456774636701154.562500
-0.12258999999999998,0.022000000000000002,0.055600000000000004,456774636701154.562500
-0.12257999999999997,0.0212,0.0572,456774636701154.562500
-0.12256999999999996,0.0228,0.0572,456774636701154.562500
-0.12255999999999995,0.022000000000000002,0.05,456774636701154.562500
-0.12254999999999999,0.022000000000000002,0.0524,456774636701154.562500
-0.12253999999999998,0.0204,0.05,456774636701154.562500
-0.12252999999999997,0.0204,0.058,456774636701154.562500
-0.12251999999999996,0.0164,0.0492,456774636701154.562500
-0.12250999999999995,0.0196,0.0572,456774636701154.562500
-0.12249999999999994,0.0148,0.056400000000000006,456774636701154.562500
-0.12248999999999999,0.0228,0.055600000000000004,456774636701154.562500
-0.12247999999999998,0.0204,0.048400000000000006,456774636701154.562500
-0.12246999999999997,0.0252,0.045200000000000004,456774636701154.562500
-0.12245999999999996,0.022000000000000002,0.042800000000000005,456774636701154.562500
-0.12244999999999995,0.0228,0.0476,456774636701154.562500
-0.12244,0.0252,0.0516,456774636701154.562500
-0.12242999999999998,0.0236,0.056400000000000006,456774636701154.562500
-0.12241999999999997,0.0236,0.050800000000000005,456774636701154.562500
-0.12240999999999996,0.0196,0.055600000000000004,456774636701154.562500
-0.12239999999999995,0.0244,0.055600000000000004,456774636701154.562500
-0.12238999999999994,0.0228,0.050800000000000005,456774636701154.562500
-0.12237999999999999,0.0236,0.056400000000000006,456774636701154.562500
-0.12236999999999998,0.022000000000000002,0.0572,456774636701154.562500
-0.12235999999999997,0.022000000000000002,0.050800000000000005,456774636701154.562500
-0.12234999999999996,0.0236,0.055600000000000004,456774636701154.562500
-0.12233999999999995,0.0228,0.055600000000000004,456774636701154.562500
-0.12233,0.0228,0.058,456774636701154.562500
-0.12231999999999998,0.0228,0.054,456774636701154.562500
-0.12230999999999997,0.0236,0.0572,456774636701154.562500
-0.12229999999999996,0.0228,0.0516,456774636701154.562500
-0.12228999999999995,0.0196,0.055600000000000004,456774636701154.562500
-0.12227999999999994,0.0188,0.05,456774636701154.562500
-0.12226999999999999,0.0196,0.0548,456774636701154.562500
-0.12225999999999998,0.0212,0.0524,456774636701154.562500
-0.12224999999999997,0.0228,0.056400000000000006,456774636701154.562500
-0.12223999999999996,0.0204,0.054,456774636701154.562500
-0.12222999999999995,0.0212,0.0572,456774636701154.562500
-0.12222,0.0228,0.058,456774636701154.562500
-0.12220999999999999,0.022000000000000002,0.0548,456774636701154.562500
-0.12219999999999998,0.022000000000000002,0.058,456774636701154.562500
-0.12218999999999997,0.022000000000000002,0.055600000000000004,456774636701154.562500
-0.12217999999999996,0.0212,0.055600000000000004,456774636701154.562500
-0.12216999999999995,0.026000000000000002,0.054,456774636701154.562500
-0.12215999999999999,0.022000000000000002,0.0572,456774636701154.562500
-0.12214999999999998,0.022000000000000002,0.055600000000000004,456774636701154.562500
-0.12213999999999997,0.022000000000000002,0.058,456774636701154.562500
-0.12212999999999996,0.0236,0.0572,456774636701154.562500
-0.12211999999999995,0.022000000000000002,0.0572,456774636701154.562500
-0.12211,0.0252,0.0548,456774636701154.562500
-0.12209999999999999,0.0196,0.042,456774636701154.562500
-0.12208999999999998,0.0212,0.0572,456774636701154.562500
-0.12207999999999997,0.0236,0.054,456774636701154.562500
-0.12206999999999996,0.0228,0.054,456774636701154.562500
-0.12205999999999995,0.0236,0.054,456774636701154.562500
-0.12204999999999999,0.0212,0.056400000000000006,456774636701154.562500
-0.12203999999999998,0.0228,0.050800000000000005,456774636701154.562500
-0.12202999999999997,0.022000000000000002,0.056400000000000006,456774636701154.562500
-0.12201999999999996,0.022000000000000002,0.055600000000000004,456774636701154.562500
-0.12200999999999995,0.0236,0.0572,456774636701154.562500
-0.12199999999999994,0.022000000000000002,0.045200000000000004,456774636701154.562500
-0.12198999999999999,0.0204,0.055600000000000004,456774636701154.562500
-0.12197999999999998,0.0228,0.053200000000000004,456774636701154.562500
-0.12196999999999997,0.0212,0.0548,456774636701154.562500
-0.12195999999999996,0.0228,0.055600000000000004,456774636701154.562500
-0.12194999999999995,0.0132,0.056400000000000006,456774636701154.562500
-0.12193999999999999,0.0228,0.0572,456774636701154.562500
-0.12192999999999998,0.018000000000000002,0.058,456774636701154.562500
-0.12191999999999997,0.0236,0.056400000000000006,456774636701154.562500
-0.12190999999999996,0.0204,0.0572,456774636701154.562500
-0.12189999999999995,0.0212,0.055600000000000004,456774636701154.562500
-0.12188999999999994,0.022000000000000002,0.0572,456774636701154.562500
-0.12187999999999999,0.0228,0.045200000000000004,456774636701154.562500
-0.12186999999999998,0.022000000000000002,0.055600000000000004,456774636701154.562500
-0.12185999999999997,0.0244,0.0548,456774636701154.562500
-0.12184999999999996,0.022000000000000002,0.0572,456774636701154.562500
-0.12183999999999995,0.0244,0.055600000000000004,456774636701154.562500
-0.12183,0.0228,0.054,456774636701154.562500
-0.12181999999999998,0.0228,0.054,456774636701154.562500
-0.12180999999999997,0.0236,0.054,456774636701154.562500
-0.12179999999999996,0.0244,0.0572,456774636701154.562500
-0.12178999999999995,0.0228,0.0548,456774636701154.562500
-0.12177999999999994,0.0244,0.053200000000000004,456774636701154.562500
-0.12176999999999999,0.0236,0.0476,456774636701154.562500
-0.12175999999999998,0.0228,0.056400000000000006,456774636701154.562500
-0.12174999999999997,0.0244,0.0524,456774636701154.562500
-0.12173999999999996,0.0172,0.0572,456774636701154.562500
-0.12172999999999995,0.0244,0.042,456774636701154.562500
-0.12172,0.022000000000000002,0.055600000000000004,456774636701154.562500
-0.12170999999999998,0.0212,0.054,456774636701154.562500
-0.12169999999999997,0.022000000000000002,0.056400000000000006,456774636701154.562500
-0.12168999999999996,0.0236,0.056400000000000006,456774636701154.562500
-0.12167999999999995,0.0212,0.058800000000000005,456774636701154.562500
-0.12166999999999994,0.0196,0.0572,456774636701154.562500
-0.12165999999999999,0.022000000000000002,0.05,456774636701154.562500
-0.12164999999999998,0.0228,0.055600000000000004,456774636701154.562500
-0.12163999999999997,0.0196,0.053200000000000004,456774636701154.562500
-0.12162999999999996,0.0212,0.0524,456774636701154.562500
-0.12161999999999995,0.0196,0.053200000000000004,456774636701154.562500
-0.12161,0.022000000000000002,0.0548,456774636701154.562500
-0.12159999999999999,0.022000000000000002,0.0516,456774636701154.562500
-0.12158999999999998,0.0212,0.056400000000000006,456774636701154.562500
-0.12157999999999997,0.0196,0.0524,456774636701154.562500
-0.12156999999999996,0.0236,0.058,456774636701154.562500
-0.12155999999999995,0.022000000000000002,0.056400000000000006,456774636701154.562500
-0.12154999999999999,0.0228,0.0572,456774636701154.562500
-0.12153999999999998,0.022000000000000002,0.0572,456774636701154.562500
-0.12152999999999997,0.0252,0.055600000000000004,456774636701154.562500
-0.12151999999999996,0.0252,0.056400000000000006,456774636701154.562500
-0.12150999999999995,0.0236,0.0548,456774636701154.562500
-0.12149999999999994,0.0236,0.053200000000000004,456774636701154.562500
-0.12148999999999999,0.0244,0.0572,456774636701154.562500
-0.12147999999999998,0.0252,0.045200000000000004,456774636701154.562500
-0.12146999999999997,0.0244,0.056400000000000006,456774636701154.562500
-0.12145999999999996,0.0236,0.054,456774636701154.562500
-0.12144999999999995,0.022000000000000002,0.056400000000000006,456774636701154.562500
-0.12143999999999999,0.0228,0.056400000000000006,456774636701154.562500
-0.12142999999999998,0.022000000000000002,0.055600000000000004,456774636701154.562500
-0.12141999999999997,0.022000000000000002,0.056400000000000006,456774636701154.562500
-0.12140999999999996,0.0228,0.0548,456774636701154.562500
-0.12139999999999995,0.0212,0.058,456774636701154.562500
-0.12138999999999994,0.022000000000000002,0.056400000000000006,456774636701154.562500
-0.12137999999999999,0.0212,0.056400000000000006,456774636701154.562500
-0.12136999999999998,0.0228,0.058,456774636701154.562500
-0.12135999999999997,0.0228,0.058,456774636701154.562500
-0.12134999999999996,0.0212,0.054,456774636701154.562500
-0.12133999999999995,0.0228,0.056400000000000006,456774636701154.562500
-0.12133,0.022000000000000002,0.058,456774636701154.562500
-0.12131999999999998,0.022000000000000002,0.0572,456774636701154.562500
-0.12130999999999997,0.0228,0.058,456774636701154.562500
-0.12129999999999996,0.0228,0.058,456774636701154.562500
-0.12128999999999995,0.0228,0.0572,456774636701154.562500
-0.12127999999999994,0.0228,0.055600000000000004,456774636701154.562500
-0.12126999999999999,0.0228,0.058800000000000005,456774636701154.562500
-0.12125999999999998,0.0228,0.056400000000000006,456774636701154.562500
-0.12124999999999997,0.0228,0.053200000000000004,456774636701154.562500
-0.12123999999999996,0.0236,0.048400000000000006,456774636701154.562500
-0.12122999999999995,0.0228,0.0524,456774636701154.562500
-0.12122,0.0236,0.0572,456774636701154.562500
-0.12120999999999998,0.0244,0.0572,456774636701154.562500
-0.12119999999999997,0.0236,0.056400000000000006,456774636701154.562500
-0.12118999999999996,0.0252,0.056400000000000006,456774636701154.562500
-0.12117999999999995,0.0236,0.054,456774636701154.562500
-0.12116999999999994,0.026000000000000002,0.055600000000000004,456774636701154.562500
-0.12115999999999999,0.0268,0.054,456774636701154.562500
-0.12114999999999998,0.0236,0.056400000000000006,456774636701154.562500
-0.12113999999999997,0.0228,0.058,456774636701154.562500
-0.12112999999999996,0.022000000000000002,0.0548,456774636701154.562500
-0.12111999999999995,0.0196,0.0572,456774636701154.562500
-0.12111,0.0236,0.054,456774636701154.562500
-0.12109999999999999,0.0212,0.058,456774636701154.562500
-0.12108999999999998,0.022000000000000002,0.053200000000000004,456774636701154.562500
-0.12107999999999997,0.022000000000000002,0.058,456774636701154.562500
-0.12106999999999996,0.0228,0.058,456774636701154.562500
-0.12105999999999995,0.022000000000000002,0.058,456774636701154.562500
-0.12104999999999999,0.0196,0.0524,456774636701154.562500
-0.12103999999999998,0.0212,0.058,456774636701154.562500
-0.12102999999999997,0.0236,0.0572,456774636701154.562500
-0.12101999999999996,0.022000000000000002,0.058,456774636701154.562500
-0.12100999999999995,0.0204,0.0572,456774636701154.562500
-0.121,0.012400000000000001,0.058,456774636701154.562500
-0.12098999999999999,0.018000000000000002,0.056400000000000006,456774636701154.562500
-0.12097999999999998,0.0188,0.0572,456774636701154.562500
-0.12096999999999997,0.0212,0.0548,456774636701154.562500
-0.12095999999999996,0.0236,0.0572,456774636701154.562500
-0.12094999999999995,0.0244,0.0572,456774636701154.562500
-0.12093999999999999,0.022000000000000002,0.0572,456774636701154.562500
-0.12092999999999998,0.0236,0.0572,456774636701154.562500
-0.12091999999999997,0.0188,0.054,456774636701154.562500
-0.12090999999999996,0.0236,0.056400000000000006,456774636701154.562500
-0.12089999999999995,0.0228,0.058,456774636701154.562500
-0.12088999999999994,0.0244,0.0572,456774636701154.562500
-0.12087999999999999,0.0204,0.0572,456774636701154.562500
-0.12086999999999998,0.0244,0.0572,456774636701154.562500
-0.12085999999999997,0.0244,0.0572,456774636701154.562500
-0.12084999999999996,0.0236,0.0596,456774636701154.562500
-0.12083999999999995,0.0236,0.058,456774636701154.562500
-0.12082999999999999,0.014,0.0572,456774636701154.562500
-0.12081999999999998,0.0236,0.054,456774636701154.562500
-0.12080999999999997,0.022000000000000002,0.056400000000000006,456774636701154.562500
-0.12079999999999996,0.0228,0.058,456774636701154.562500
-0.12078999999999995,0.0236,0.058,456774636701154.562500
-0.12077999999999994,0.0212,0.0572,456774636701154.562500
-0.12076999999999999,0.0212,0.056400000000000006,456774636701154.562500
-0.12075999999999998,0.022000000000000002,0.0524,456774636701154.562500
-0.12074999999999997,0.022000000000000002,0.058,456774636701154.562500
-0.12073999999999996,0.0204,0.055600000000000004,456774636701154.562500
-0.12072999999999995,0.022000000000000002,0.055600000000000004,456774636701154.562500
-0.12072,0.0228,0.056400000000000006,456774636701154.562500
-0.12070999999999998,0.018000000000000002,0.055600000000000004,456774636701154.562500
-0.12069999999999997,0.022000000000000002,0.058,456774636701154.562500
-0.12068999999999996,0.0204,0.055600000000000004,456774636701154.562500
-0.12067999999999995,0.022000000000000002,0.046,456774636701154.562500
-0.12066999999999994,0.0228,0.050800000000000005,456774636701154.562500
-0.12065999999999999,0.0212,0.050800000000000005,456774636701154.562500
-0.12064999999999998,0.0228,0.054,456774636701154.562500
-0.12063999999999997,0.0236,0.0516,456774636701154.562500
-0.12062999999999996,0.0236,0.05,456774636701154.562500
-0.12061999999999995,0.0228,0.0492,456774636701154.562500
-0.12061,0.0236,0.058,456774636701154.562500
-0.12059999999999998,0.0236,0.0524,456774636701154.562500
-0.12058999999999997,0.0236,0.056400000000000006,456774636701154.562500
-0.12057999999999996,0.0236,0.0524,456774636701154.562500
-0.12056999999999995,0.0244,0.0468,456774636701154.562500
-0.12055999999999994,0.0252,0.0572,456774636701154.562500
-0.12054999999999999,0.0236,0.055600000000000004,456774636701154.562500
-0.12053999999999998,0.0196,0.056400000000000006,456774636701154.562500
-0.12052999999999997,0.0236,0.056400000000000006,456774636701154.562500
-0.12051999999999996,0.0236,0.056400000000000006,456774636701154.562500
-0.12050999999999995,0.0236,0.050800000000000005,456774636701154.562500
-0.1205,0.0228,0.0572,456774636701154.562500
-0.12048999999999999,0.0228,0.048400000000000006,456774636701154.562500
-0.12047999999999998,0.0212,0.0572,456774636701154.562500
-0.12046999999999997,0.0236,0.0524,456774636701154.562500
-0.12045999999999996,0.022000000000000002,0.055600000000000004,456774636701154.562500
-0.12044999999999995,0.0204,0.056400000000000006,456774636701154.562500
-0.12043999999999999,0.022000000000000002,0.055600000000000004,456774636701154.562500
-0.12042999999999998,0.0228,0.056400000000000006,456774636701154.562500
-0.12041999999999997,0.0212,0.058,456774636701154.562500
-0.12040999999999996,0.0196,0.056400000000000006,456774636701154.562500
-0.12039999999999995,0.0236,0.058800000000000005,456774636701154.562500
-0.12038999999999994,0.0212,0.056400000000000006,456774636701154.562500
-0.12037999999999999,0.0212,0.0548,456774636701154.562500
-0.12036999999999998,0.0204,0.056400000000000006,456774636701154.562500
-0.12035999999999997,0.0228,0.055600000000000004,456774636701154.562500
-0.12034999999999996,0.022000000000000002,0.0548,456774636701154.562500
-0.12033999999999995,0.0228,0.058,456774636701154.562500
-0.12032999999999999,0.0228,0.056400000000000006,456774636701154.562500
-0.12031999999999998,0.0244,0.050800000000000005,456774636701154.562500
-0.12030999999999997,0.0236,0.053200000000000004,456774636701154.562500
-0.12029999999999996,0.0244,0.050800000000000005,456774636701154.562500
-0.12028999999999995,0.0236,0.053200000000000004,456774636701154.562500
-0.12027999999999994,0.0204,0.048400000000000006,456774636701154.562500
-0.12026999999999999,0.0236,0.0476,456774636701154.562500
-0.12025999999999998,0.0212,0.0476,456774636701154.562500
-0.12024999999999997,0.022000000000000002,0.053200000000000004,456774636701154.562500
-0.12023999999999996,0.022000000000000002,0.0468,456774636701154.562500
-0.12022999999999995,0.0212,0.055600000000000004,456774636701154.562500
-0.12022,0.0204,0.0524,456774636701154.562500
-0.12020999999999998,0.0236,0.0572,456774636701154.562500
-0.12019999999999997,0.0228,0.0572,456774636701154.562500
-0.12018999999999996,0.0236,0.0524,456774636701154.562500
-0.12017999999999995,0.0204,0.055600000000000004,456774636701154.562500
-0.12016999999999994,0.022000000000000002,0.056400000000000006,456774636701154.562500
-0.12015999999999999,0.0204,0.0572,456774636701154.562500
-0.12014999999999998,0.0236,0.0572,456774636701154.562500
-0.12013999999999997,0.022000000000000002,0.056400000000000006,456774636701154.562500
-0.12012999999999996,0.0228,0.0572,456774636701154.562500
-0.12011999999999995,0.022000000000000002,0.0548,456774636701154.562500
-0.12011,0.0212,0.0548,456774636701154.562500
-0.12009999999999998,0.0236,0.056400000000000006,456774636701154.562500
-0.12008999999999997,0.0196,0.055600000000000004,456774636701154.562500
-0.12007999999999996,0.0244,0.058,456774636701154.562500
-0.12006999999999995,0.0196,0.058,456774636701154.562500
-0.12005999999999994,0.0228,0.0572,456774636701154.562500
-0.12004999999999999,0.0212,0.056400000000000006,456774636701154.562500
-0.12003999999999998,0.0228,0.0572,456774636701154.562500
-0.12002999999999997,0.0212,0.0572,456774636701154.562500
-0.12001999999999996,0.0236,0.0548,456774636701154.562500
-0.12000999999999995,0.0244,0.058,456774636701154.562500
-0.12,0.0236,0.0524,456774636701154.562500
-0.11998999999999999,0.0236,0.055600000000000004,456774636701154.562500
-0.11997999999999998,0.026000000000000002,0.050800000000000005,456774636701154.562500
-0.11996999999999997,0.0244,0.056400000000000006,456774636701154.562500
-0.11995999999999996,0.0228,0.053200000000000004,456774636701154.562500
-0.11994999999999995,0.0252,0.056400000000000006,456774636701154.562500
-0.11993999999999999,0.0212,0.045200000000000004,456774636701154.562500
-0.11992999999999998,0.022000000000000002,0.0524,456774636701154.562500
-0.11991999999999997,0.0228,0.0548,456774636701154.562500
-0.11990999999999996,0.0228,0.056400000000000006,456774636701154.562500
-0.11989999999999995,0.0236,0.0524,456774636701154.562500
-0.11989,0.022000000000000002,0.058,456774636701154.562500
-0.11987999999999999,0.0212,0.055600000000000004,456774636701154.562500
-0.11986999999999998,0.022000000000000002,0.054,456774636701154.562500
-0.11985999999999997,0.0236,0.055600000000000004,456774636701154.562500
-0.11984999999999996,0.0228,0.056400000000000006,456774636701154.562500
-0.11983999999999995,0.022000000000000002,0.0572,456774636701154.562500
-0.11982999999999999,0.022000000000000002,0.053200000000000004,456774636701154.562500
-0.11981999999999998,0.022000000000000002,0.058800000000000005,456774636701154.562500
-0.11980999999999997,0.0228,0.0572,456774636701154.562500
-0.11979999999999996,0.022000000000000002,0.055600000000000004,456774636701154.562500
-0.11978999999999995,0.0236,0.058,456774636701154.562500
-0.11977999999999994,0.0228,0.0548,456774636701154.562500
-0.11976999999999999,0.022000000000000002,0.0572,456774636701154.562500
-0.11975999999999998,0.022000000000000002,0.053200000000000004,456774636701154.562500
-0.11974999999999997,0.0212,0.0572,456774636701154.562500
-0.11973999999999996,0.0228,0.055600000000000004,456774636701154.562500
-0.11972999999999995,0.018000000000000002,0.0548,456774636701154.562500
-0.11972,0.0244,0.056400000000000006,456774636701154.562500
-0.11970999999999998,0.0228,0.054,456774636701154.562500
-0.11969999999999997,0.0204,0.0572,456774636701154.562500
-0.11968999999999996,0.0236,0.0572,456774636701154.562500
-0.11967999999999995,0.0212,0.0572,456774636701154.562500
-0.11966999999999994,0.0244,0.0572,456774636701154.562500
-0.11965999999999999,0.022000000000000002,0.056400000000000006,456774636701154.562500
-0.11964999999999998,0.026000000000000002,0.056400000000000006,456774636701154.562500
-0.11963999999999997,0.0196,0.0492,456774636701154.562500
-0.11962999999999996,0.018000000000000002,0.0596,456774636701154.562500
-0.11961999999999995,0.0196,0.056400000000000006,456774636701154.562500
-0.11961,0.0244,0.0572,456774636701154.562500
-0.11959999999999998,0.022000000000000002,0.0436,456774636701154.562500
-0.11958999999999997,0.0244,0.058,456774636701154.562500
-0.11957999999999996,0.0244,0.058,456774636701154.562500
-0.11956999999999995,0.0236,0.0572,456774636701154.562500
-0.11955999999999994,0.0204,0.056400000000000006,456774636701154.562500
-0.11954999999999999,0.022000000000000002,0.0572,456774636701154.562500
-0.11953999999999998,0.0164,0.0516,456774636701154.562500
-0.11952999999999997,0.0228,0.058,456774636701154.562500
-0.11951999999999996,0.0204,0.056400000000000006,456774636701154.562500
-0.11950999999999995,0.022000000000000002,0.058,456774636701154.562500
-0.1195,0.022000000000000002,0.0516,456774636701154.562500
-0.11948999999999999,0.022000000000000002,0.056400000000000006,456774636701154.562500
-0.11947999999999998,0.022000000000000002,0.0516,456774636701154.562500
-0.11946999999999997,0.0228,0.056400000000000006,456774636701154.562500
-0.11945999999999996,0.0228,0.053200000000000004,456774636701154.562500
-0.11944999999999995,0.0188,0.055600000000000004,456774636701154.562500
-0.11943999999999999,0.0244,0.054,456774636701154.562500
-0.11942999999999998,0.0204,0.055600000000000004,456774636701154.562500
-0.11941999999999997,0.0228,0.058,456774636701154.562500
-0.11940999999999996,0.0196,0.0548,456774636701154.562500
-0.11939999999999995,0.0228,0.058,456774636701154.562500
-0.11939,0.022000000000000002,0.0548,456774636701154.562500
-0.11937999999999999,0.0228,0.0548,456774636701154.562500
-0.11936999999999998,0.0236,0.0476,456774636701154.562500
-0.11935999999999997,0.022000000000000002,0.0492,456774636701154.562500
-0.11934999999999996,0.022000000000000002,0.054,456774636701154.562500
-0.11933999999999995,0.0188,0.0476,456774636701154.562500
-0.11932999999999999,0.0204,0.0572,456774636701154.562500
-0.11931999999999998,0.018000000000000002,0.0516,456774636701154.562500
-0.11930999999999997,0.0228,0.054,456774636701154.562500
-0.11929999999999996,0.0228,0.0572,456774636701154.562500
-0.11928999999999995,0.0228,0.055600000000000004,456774636701154.562500
-0.11927999999999994,0.0188,0.055600000000000004,456774636701154.562500
-0.11926999999999999,0.0228,0.0548,456774636701154.562500
-0.11925999999999998,0.022000000000000002,0.05,456774636701154.562500
-0.11924999999999997,0.0236,0.056400000000000006,456774636701154.562500
-0.11923999999999996,0.0236,0.053200000000000004,456774636701154.562500
-0.11922999999999995,0.022000000000000002,0.056400000000000006,456774636701154.562500
-0.11921999999999999,0.0236,0.054,456774636701154.562500
-0.11920999999999998,0.0212,0.056400000000000006,456774636701154.562500
-0.11919999999999997,0.0204,0.054,456774636701154.562500
-0.11918999999999996,0.0228,0.0572,456774636701154.562500
-0.11917999999999995,0.0204,0.058,456774636701154.562500
-0.11916999999999994,0.0188,0.0524,456774636701154.562500
-0.11915999999999999,0.022000000000000002,0.054,456774636701154.562500
-0.11914999999999998,0.0196,0.0492,456774636701154.562500
-0.11913999999999997,0.0236,0.055600000000000004,456774636701154.562500
-0.11912999999999996,0.022000000000000002,0.0548,456774636701154.562500
-0.11911999999999995,0.0236,0.0572,456774636701154.562500
-0.11911,0.0236,0.058,456774636701154.562500
-0.11909999999999998,0.022000000000000002,0.056400000000000006,456774636701154.562500
-0.11908999999999997,0.0236,0.055600000000000004,456774636701154.562500
-0.11907999999999996,0.0236,0.055600000000000004,456774636701154.562500
-0.11906999999999995,0.0244,0.0548,456774636701154.562500
-0.11905999999999994,0.0252,0.05,456774636701154.562500
-0.11904999999999999,0.0252,0.048400000000000006,456774636701154.562500
-0.11903999999999998,0.0236,0.0492,456774636701154.562500
-0.11902999999999997,0.0228,0.0572,456774636701154.562500
-0.11901999999999996,0.0236,0.056400000000000006,456774636701154.562500
-0.11900999999999995,0.0244,0.056400000000000006,456774636701154.562500
-0.119,0.0252,0.054,456774636701154.562500
-0.11898999999999998,0.0204,0.0364,456774636701154.562500
-0.11897999999999997,0.0204,0.05,456774636701154.562500
-0.11896999999999996,0.0212,0.048400000000000006,456774636701154.562500
-0.11895999999999995,0.0228,0.054,456774636701154.562500
-0.11894999999999994,0.022000000000000002,0.055600000000000004,456774636701154.562500
-0.11893999999999999,0.0228,0.056400000000000006,456774636701154.562500
-0.11892999999999998,0.0228,0.0548,456774636701154.562500
-0.11891999999999997,0.022000000000000002,0.0572,456774636701154.562500
-0.11890999999999996,0.022000000000000002,0.055600000000000004,456774636701154.562500
-0.11889999999999995,0.0212,0.0572,456774636701154.562500
-0.11889,0.0212,0.0468,456774636701154.562500
-0.11887999999999999,0.0228,0.058,456774636701154.562500
-0.11886999999999998,0.0212,0.056400000000000006,456774636701154.562500
-0.11885999999999997,0.0228,0.0572,456774636701154.562500
-0.11884999999999996,0.022000000000000002,0.053200000000000004,456774636701154.562500
-0.11883999999999995,0.022000000000000002,0.0572,456774636701154.562500
-0.11882999999999999,0.0228,0.0548,456774636701154.562500
-0.11881999999999998,0.0228,0.054,456774636701154.562500
-0.11880999999999997,0.0236,0.055600000000000004,456774636701154.562500
-0.11879999999999996,0.0228,0.055600000000000004,456774636701154.562500
-0.11878999999999995,0.022000000000000002,0.0572,456774636701154.562500
-0.11877999999999994,0.0244,0.053200000000000004,456774636701154.562500
-0.11876999999999999,0.0236,0.056400000000000006,456774636701154.562500
-0.11875999999999998,0.0244,0.055600000000000004,456774636701154.562500
-0.11874999999999997,0.0252,0.058,456774636701154.562500
-0.11873999999999996,0.0236,0.058,456774636701154.562500
-0.11872999999999995,0.0244,0.054,456774636701154.562500
-0.11871999999999999,0.0236,0.0468,456774636701154.562500
-0.11870999999999998,0.0244,0.0548,456774636701154.562500
-0.11869999999999997,0.022000000000000002,0.050800000000000005,456774636701154.562500
-0.11868999999999996,0.0236,0.054,456774636701154.562500
-0.11867999999999995,0.022000000000000002,0.0572,456774636701154.562500
-0.11866999999999994,0.0236,0.0572,456774636701154.562500
-0.11865999999999999,0.0236,0.056400000000000006,456774636701154.562500
-0.11864999999999998,0.0228,0.056400000000000006,456774636701154.562500
-0.11863999999999997,0.0212,0.056400000000000006,456774636701154.562500
-0.11862999999999996,0.022000000000000002,0.055600000000000004,456774636701154.562500
-0.11861999999999995,0.0236,0.0548,456774636701154.562500
-0.11861,0.0212,0.0524,456774636701154.562500
-0.11859999999999998,0.0228,0.058,456774636701154.562500
-0.11858999999999997,0.0204,0.056400000000000006,456774636701154.562500
-0.11857999999999996,0.0228,0.056400000000000006,456774636701154.562500
-0.11856999999999995,0.0204,0.0572,456774636701154.562500
-0.11855999999999994,0.0204,0.0548,456774636701154.562500
-0.11854999999999999,0.0204,0.053200000000000004,456774636701154.562500
-0.11853999999999998,0.0204,0.050800000000000005,456774636701154.562500
-0.11852999999999997,0.0172,0.055600000000000004,456774636701154.562500
-0.11851999999999996,0.022000000000000002,0.055600000000000004,456774636701154.562500
-0.11850999999999995,0.022000000000000002,0.055600000000000004,456774636701154.562500
-0.1185,0.0252,0.056400000000000006,456774636701154.562500
-0.11848999999999998,0.0236,0.046,456774636701154.562500
-0.11847999999999997,0.0212,0.0572,456774636701154.562500
-0.11846999999999996,0.0236,0.0524,456774636701154.562500
-0.11845999999999995,0.0244,0.056400000000000006,456774636701154.562500
-0.11844999999999994,0.0236,0.054,456774636701154.562500
-0.11843999999999999,0.0244,0.054,456774636701154.562500
-0.11842999999999998,0.0228,0.053200000000000004,456774636701154.562500
-0.11841999999999997,0.0236,0.056400000000000006,456774636701154.562500
-0.11840999999999996,0.022000000000000002,0.0572,456774636701154.562500
-0.11839999999999995,0.0236,0.056400000000000006,456774636701154.562500
-0.11839,0.0236,0.0572,456774636701154.562500
-0.11837999999999999,0.022000000000000002,0.0548,456774636701154.562500
-0.11836999999999998,0.0228,0.0572,456774636701154.562500
-0.11835999999999997,0.0236,0.058,456774636701154.562500
-0.11834999999999996,0.0236,0.058,456774636701154.562500
-0.11833999999999995,0.0228,0.0572,456774636701154.562500
-0.11832999999999999,0.022000000000000002,0.056400000000000006,456774636701154.562500
-0.11831999999999998,0.0228,0.0572,456774636701154.562500
-0.11830999999999997,0.022000000000000002,0.056400000000000006,456774636701154.562500
-0.11829999999999996,0.0196,0.0572,456774636701154.562500
-0.11828999999999995,0.0164,0.0548,456774636701154.562500
-0.11828,0.015600000000000001,0.058,456774636701154.562500
-0.11826999999999999,0.0172,0.0548,456774636701154.562500
-0.11825999999999998,0.022000000000000002,0.056400000000000006,456774636701154.562500
-0.11824999999999997,0.022000000000000002,0.056400000000000006,456774636701154.562500
-0.11823999999999996,0.0236,0.058,456774636701154.562500
-0.11822999999999995,0.0236,0.0596,456774636701154.562500
-0.11821999999999999,0.0204,0.0548,456774636701154.562500
-0.11820999999999998,0.0236,0.0572,456774636701154.562500
-0.11819999999999997,0.0244,0.056400000000000006,456774636701154.562500
-0.11818999999999996,0.022000000000000002,0.058,456774636701154.562500
-0.11817999999999995,0.0228,0.056400000000000006,456774636701154.562500
-0.11816999999999994,0.0252,0.056400000000000006,456774636701154.562500
-0.11815999999999999,0.022000000000000002,0.0572,456774636701154.562500
-0.11814999999999998,0.0236,0.050800000000000005,456774636701154.562500
-0.11813999999999997,0.026000000000000002,0.0548,456774636701154.562500
-0.11812999999999996,0.0244,0.0548,456774636701154.562500
-0.11811999999999995,0.0212,0.055600000000000004,456774636701154.562500
-0.11810999999999999,0.0244,0.0572,456774636701154.562500
-0.11809999999999998,0.022000000000000002,0.056400000000000006,456774636701154.562500
-0.11808999999999997,0.0236,0.053200000000000004,456774636701154.562500
-0.11807999999999996,0.0204,0.055600000000000004,456774636701154.562500
-0.11806999999999995,0.0244,0.058,456774636701154.562500
-0.11805999999999994,0.0228,0.050800000000000005,456774636701154.562500
-0.11804999999999999,0.0236,0.0572,456774636701154.562500
-0.11803999999999998,0.0228,0.055600000000000004,456774636701154.562500
-0.11802999999999997,0.0212,0.0548,456774636701154.562500
-0.11801999999999996,0.0236,0.0548,456774636701154.562500
-0.11800999999999995,0.022000000000000002,0.058,456774636701154.562500
-0.118,0.022000000000000002,0.058,456774636701154.562500
-0.11798999999999998,0.0228,0.056400000000000006,456774636701154.562500
-0.11797999999999997,0.0196,0.0548,456774636701154.562500
-0.11796999999999996,0.0212,0.0516,456774636701154.562500
-0.11795999999999995,0.0236,0.0516,456774636701154.562500
-0.11794999999999994,0.0212,0.050800000000000005,456774636701154.562500
-0.11793999999999999,0.0196,0.055600000000000004,456774636701154.562500
-0.11792999999999998,0.0196,0.05,456774636701154.562500
-0.11791999999999997,0.022000000000000002,0.056400000000000006,456774636701154.562500
-0.11790999999999996,0.0228,0.0596,456774636701154.562500
-0.11789999999999995,0.0236,0.056400000000000006,456774636701154.562500
-0.11789,0.0252,0.056400000000000006,456774636701154.562500
-0.11787999999999998,0.0236,0.0572,456774636701154.562500
-0.11786999999999997,0.0244,0.055600000000000004,456774636701154.562500
-0.11785999999999996,0.0236,0.0572,456774636701154.562500
-0.11784999999999995,0.0252,0.055600000000000004,456774636701154.562500
-0.11783999999999994,0.0244,0.056400000000000006,456774636701154.562500
-0.11782999999999999,0.0228,0.0572,456774636701154.562500
-0.11781999999999998,0.0252,0.056400000000000006,456774636701154.562500
-0.11780999999999997,0.0228,0.0572,456774636701154.562500
-0.11779999999999996,0.0244,0.055600000000000004,456774636701154.562500
-0.11778999999999995,0.0236,0.053200000000000004,456774636701154.562500
-0.11778,0.0228,0.058,456774636701154.562500
-0.11776999999999999,0.0196,0.058,456774636701154.562500
-0.11775999999999998,0.022000000000000002,0.058,456774636701154.562500
-0.11774999999999997,0.0196,0.0572,456774636701154.562500
-0.11773999999999996,0.0212,0.0548,456774636701154.562500
-0.11772999999999995,0.0196,0.0468,456774636701154.562500
-0.11771999999999999,0.022000000000000002,0.0516,456774636701154.562500
-0.11770999999999998,0.0164,0.055600000000000004,456774636701154.562500
-0.11769999999999997,0.0228,0.058,456774636701154.562500
-0.11768999999999996,0.0164,0.058800000000000005,456774636701154.562500
-0.11767999999999995,0.0212,0.055600000000000004,456774636701154.562500
-0.11766999999999994,0.0212,0.058,456774636701154.562500
-0.11765999999999999,0.022000000000000002,0.0548,456774636701154.562500
-0.11764999999999998,0.022000000000000002,0.0516,456774636701154.562500
-0.11763999999999997,0.0228,0.0572,456774636701154.562500
-0.11762999999999996,0.0212,0.0572,456774636701154.562500
-0.11761999999999995,0.0236,0.0548,456774636701154.562500
-0.11760999999999999,0.0228,0.055600000000000004,456774636701154.562500
-0.11759999999999998,0.0204,0.056400000000000006,456774636701154.562500
-0.11758999999999997,0.0244,0.0548,456774636701154.562500
-0.11757999999999996,0.0164,0.056400000000000006,456774636701154.562500
-0.11756999999999995,0.0244,0.055600000000000004,456774636701154.562500
-0.11755999999999994,0.0228,0.055600000000000004,456774636701154.562500
-0.11754999999999999,0.0252,0.050800000000000005,456774636701154.562500
-0.11753999999999998,0.0228,0.055600000000000004,456774636701154.562500
-0.11752999999999997,0.0244,0.045200000000000004,456774636701154.562500
-0.11751999999999996,0.0228,0.0572,456774636701154.562500
-0.11750999999999995,0.026000000000000002,0.05,456774636701154.562500
-0.1175,0.022000000000000002,0.0572,456774636701154.562500
-0.11748999999999998,0.0236,0.048400000000000006,456774636701154.562500
-0.11747999999999997,0.0228,0.05,456774636701154.562500
-0.11746999999999996,0.0212,0.0524,456774636701154.562500
-0.11745999999999995,0.0236,0.056400000000000006,456774636701154.562500
-0.11744999999999994,0.0236,0.054,456774636701154.562500
-0.11743999999999999,0.022000000000000002,0.056400000000000006,456774636701154.562500
-0.11742999999999998,0.0228,0.058800000000000005,456774636701154.562500
-0.11741999999999997,0.0228,0.056400000000000006,456774636701154.562500
-0.11740999999999996,0.0236,0.0572,456774636701154.562500
-0.11739999999999995,0.0204,0.0548,456774636701154.562500
-0.11739,0.022000000000000002,0.0572,456774636701154.562500
-0.11737999999999998,0.0212,0.055600000000000004,456774636701154.562500
-0.11736999999999997,0.022000000000000002,0.055600000000000004,456774636701154.562500
-0.11735999999999996,0.0228,0.058,456774636701154.562500
-0.11734999999999995,0.0236,0.0572,456774636701154.562500
-0.11733999999999994,0.0228,0.055600000000000004,456774636701154.562500
-0.11732999999999999,0.0236,0.056400000000000006,456774636701154.562500
-0.11731999999999998,0.022000000000000002,0.055600000000000004,456774636701154.562500
-0.11730999999999997,0.0236,0.0548,456774636701154.562500
-0.11729999999999996,0.022000000000000002,0.056400000000000006,456774636701154.562500
-0.11728999999999995,0.0236,0.0572,456774636701154.562500
-0.11728,0.0228,0.054,456774636701154.562500
-0.11726999999999999,0.0252,0.056400000000000006,456774636701154.562500
-0.11725999999999998,0.0252,0.0572,456774636701154.562500
-0.11724999999999997,0.0252,0.0572,456774636701154.562500
-0.11723999999999996,0.0236,0.054,456774636701154.562500
-0.11722999999999995,0.0252,0.0572,456774636701154.562500
-0.11721999999999999,0.022000000000000002,0.050800000000000005,456774636701154.562500
-0.11720999999999998,0.026000000000000002,0.055600000000000004,456774636701154.562500
-0.11719999999999997,0.0236,0.040400000000000005,456774636701154.562500
-0.11718999999999996,0.0244,0.0468,456774636701154.562500
-0.11717999999999995,0.0236,0.0476,456774636701154.562500
-0.11717,0.0204,0.05,456774636701154.562500
-0.11715999999999999,0.0236,0.0364,456774636701154.562500
-0.11714999999999998,0.0244,0.053200000000000004,456774636701154.562500
-0.11713999999999997,0.0236,0.058800000000000005,456774636701154.562500
-0.11712999999999996,0.022000000000000002,0.056400000000000006,456774636701154.562500
-0.11711999999999995,0.0228,0.0548,456774636701154.562500
-0.11710999999999999,0.0204,0.058,456774636701154.562500
-0.11709999999999998,0.0228,0.056400000000000006,456774636701154.562500
-0.11708999999999997,0.0212,0.0572,456774636701154.562500
-0.11707999999999996,0.0204,0.0516,456774636701154.562500
-0.11706999999999995,0.0228,0.0548,456774636701154.562500
-0.11705999999999994,0.022000000000000002,0.0516,456774636701154.562500
-0.11704999999999999,0.0228,0.0572,456774636701154.562500
-0.11703999999999998,0.0212,0.0548,456774636701154.562500
-0.11702999999999997,0.022000000000000002,0.056400000000000006,456774636701154.562500
-0.11701999999999996,0.0212,0.0572,456774636701154.562500
-0.11700999999999995,0.0212,0.056400000000000006,456774636701154.562500
-0.11699999999999999,0.0236,0.0572,456774636701154.562500
-0.11698999999999998,0.022000000000000002,0.056400000000000006,456774636701154.562500
-0.11697999999999997,0.0236,0.055600000000000004,456774636701154.562500
-0.11696999999999996,0.0236,0.054,456774636701154.562500
-0.11695999999999995,0.0228,0.056400000000000006,456774636701154.562500
-0.11694999999999994,0.0244,0.056400000000000006,456774636701154.562500
-0.11693999999999999,0.022000000000000002,0.054,456774636701154.562500
-0.11692999999999998,0.0244,0.053200000000000004,456774636701154.562500
-0.11691999999999997,0.0244,0.056400000000000006,456774636701154.562500
-0.11690999999999996,0.0252,0.058,456774636701154.562500
-0.11689999999999995,0.0236,0.055600000000000004,456774636701154.562500
-0.11689,0.0228,0.056400000000000006,456774636701154.562500
-0.11687999999999998,0.0244,0.058800000000000005,456774636701154.562500
-0.11686999999999997,0.026000000000000002,0.055600000000000004,456774636701154.562500
-0.11685999999999996,0.0228,0.056400000000000006,456774636701154.562500
-0.11684999999999995,0.022000000000000002,0.0548,456774636701154.562500
-0.11683999999999994,0.022000000000000002,0.0572,456774636701154.562500
-0.11682999999999999,0.022000000000000002,0.058,456774636701154.562500
-0.11681999999999998,0.0212,0.0572,456774636701154.562500
-0.11680999999999997,0.0204,0.0548,456774636701154.562500
-0.11679999999999996,0.0244,0.055600000000000004,456774636701154.562500
-0.11678999999999995,0.022000000000000002,0.0572,456774636701154.562500
-0.11678,0.0228,0.055600000000000004,456774636701154.562500
-0.11676999999999998,0.0228,0.055600000000000004,456774636701154.562500
-0.11675999999999997,0.0212,0.056400000000000006,456774636701154.562500
-0.11674999999999996,0.0228,0.056400000000000006,456774636701154.562500
-0.11673999999999995,0.0204,0.0572,456774636701154.562500
-0.11672999999999994,0.0212,0.055600000000000004,456774636701154.562500
-0.11671999999999999,0.0212,0.0572,456774636701154.562500
-0.11670999999999998,0.0228,0.0572,456774636701154.562500
-0.11669999999999997,0.0236,0.0572,456774636701154.562500
-0.11668999999999996,0.0236,0.0572,456774636701154.562500
-0.11667999999999995,0.0236,0.056400000000000006,456774636701154.562500
-0.11667,0.0212,0.058,456774636701154.562500
-0.11665999999999999,0.0252,0.0572,456774636701154.562500
-0.11664999999999998,0.022000000000000002,0.0548,456774636701154.562500
-0.11663999999999997,0.0244,0.056400000000000006,456774636701154.562500
-0.11662999999999996,0.0244,0.056400000000000006,456774636701154.562500
-0.11661999999999995,0.0228,0.05,456774636701154.562500
-0.11660999999999999,0.0244,0.056400000000000006,456774636701154.562500
-0.11659999999999998,0.0244,0.055600000000000004,456774636701154.562500
-0.11658999999999997,0.0244,0.0572,456774636701154.562500
-0.11657999999999996,0.0212,0.058,456774636701154.562500
-0.11656999999999995,0.0244,0.054,456774636701154.562500
-0.11655999999999994,0.0228,0.0548,456774636701154.562500
-0.11654999999999999,0.0228,0.0548,456774636701154.562500
-0.11653999999999998,0.0236,0.0548,456774636701154.562500
-0.11652999999999997,0.0228,0.056400000000000006,456774636701154.562500
-0.11651999999999996,0.0236,0.058800000000000005,456774636701154.562500
-0.11650999999999995,0.0228,0.058,456774636701154.562500
-0.11649999999999999,0.0212,0.056400000000000006,456774636701154.562500
-0.11648999999999998,0.0212,0.058,456774636701154.562500
-0.11647999999999997,0.0212,0.056400000000000006,456774636701154.562500
-0.11646999999999996,0.0236,0.056400000000000006,456774636701154.562500
-0.11645999999999995,0.022000000000000002,0.053200000000000004,456774636701154.562500
-0.11644999999999994,0.0204,0.056400000000000006,456774636701154.562500
-0.11643999999999999,0.0228,0.0572,456774636701154.562500
-0.11642999999999998,0.022000000000000002,0.0548,456774636701154.562500
-0.11641999999999997,0.0236,0.056400000000000006,456774636701154.562500
-0.11640999999999996,0.0196,0.055600000000000004,456774636701154.562500
-0.11639999999999995,0.0228,0.053200000000000004,456774636701154.562500
-0.11639,0.022000000000000002,0.058800000000000005,456774636701154.562500
-0.11637999999999998,0.022000000000000002,0.056400000000000006,456774636701154.562500
-0.11636999999999997,0.0204,0.0548,456774636701154.562500
-0.11635999999999996,0.022000000000000002,0.0572,456774636701154.562500
-0.11634999999999995,0.022000000000000002,0.0572,456774636701154.562500
-0.11633999999999994,0.0236,0.053200000000000004,456774636701154.562500
-0.11632999999999999,0.0244,0.0572,456774636701154.562500
-0.11631999999999998,0.0244,0.056400000000000006,456774636701154.562500
-0.11630999999999997,0.0244,0.0572,456774636701154.562500
-0.11629999999999996,0.0196,0.055600000000000004,456774636701154.562500
-0.11628999999999995,0.0228,0.054,456774636701154.562500
-0.11628,0.022000000000000002,0.056400000000000006,456774636701154.562500
-0.11626999999999998,0.0236,0.055600000000000004,456774636701154.562500
-0.11625999999999997,0.0212,0.054,456774636701154.562500
-0.11624999999999996,0.0228,0.056400000000000006,456774636701154.562500
-0.11623999999999995,0.022000000000000002,0.056400000000000006,456774636701154.562500
-0.11622999999999994,0.0244,0.055600000000000004,456774636701154.562500
-0.11621999999999999,0.0228,0.0572,456774636701154.562500
-0.11620999999999998,0.0228,0.0572,456774636701154.562500
-0.11619999999999997,0.022000000000000002,0.055600000000000004,456774636701154.562500
-0.11618999999999996,0.0228,0.056400000000000006,456774636701154.562500
-0.11617999999999995,0.0212,0.0572,456774636701154.562500
-0.11617,0.022000000000000002,0.0548,456774636701154.562500
-0.11615999999999999,0.0228,0.058,456774636701154.562500
-0.11614999999999998,0.0204,0.053200000000000004,456774636701154.562500
-0.11613999999999997,0.022000000000000002,0.055600000000000004,456774636701154.562500
-0.11612999999999996,0.0236,0.053200000000000004,456774636701154.562500
-0.11611999999999995,0.0188,0.0524,456774636701154.562500
-0.11610999999999999,0.022000000000000002,0.045200000000000004,456774636701154.562500
-0.11609999999999998,0.0228,0.0492,456774636701154.562500
-0.11608999999999997,0.0236,0.048400000000000006,456774636701154.562500
-0.11607999999999996,0.022000000000000002,0.0572,456774636701154.562500
-0.11606999999999995,0.0228,0.055600000000000004,456774636701154.562500
-0.11605999999999994,0.0244,0.055600000000000004,456774636701154.562500
-0.11604999999999999,0.0244,0.056400000000000006,456774636701154.562500
-0.11603999999999998,0.0236,0.058,456774636701154.562500
-0.11602999999999997,0.0228,0.0572,456774636701154.562500
-0.11601999999999996,0.0252,0.056400000000000006,456774636701154.562500
-0.11600999999999995,0.0236,0.0548,456774636701154.562500
-0.11599999999999999,0.0228,0.0572,456774636701154.562500
-0.11598999999999998,0.022000000000000002,0.0548,456774636701154.562500
-0.11597999999999997,0.0236,0.05,456774636701154.562500
-0.11596999999999996,0.0228,0.0476,456774636701154.562500
-0.11595999999999995,0.0212,0.0444,456774636701154.562500
-0.11594999999999994,0.022000000000000002,0.0516,456774636701154.562500
-0.11593999999999999,0.0188,0.045200000000000004,456774636701154.562500
-0.11592999999999998,0.022000000000000002,0.0436,456774636701154.562500
-0.11591999999999997,0.0236,0.0396,456774636701154.562500
-0.11590999999999996,0.0228,0.0476,456774636701154.562500
-0.11589999999999995,0.0204,0.053200000000000004,456774636701154.562500
-0.11588999999999999,0.022000000000000002,0.0572,456774636701154.562500
-0.11587999999999998,0.022000000000000002,0.058,456774636701154.562500
-0.11586999999999997,0.0204,0.050800000000000005,456774636701154.562500
-0.11585999999999996,0.0204,0.055600000000000004,456774636701154.562500
-0.11584999999999995,0.022000000000000002,0.0492,456774636701154.562500
-0.11583999999999994,0.0204,0.058800000000000005,456774636701154.562500
-0.11582999999999999,0.0228,0.0492,456774636701154.562500
-0.11581999999999998,0.0204,0.058,456774636701154.562500
-0.11580999999999997,0.022000000000000002,0.056400000000000006,456774636701154.562500
-0.11579999999999996,0.022000000000000002,0.0524,456774636701154.562500
-0.11578999999999995,0.0196,0.0572,456774636701154.562500
-0.11578,0.0236,0.0572,456774636701154.562500
-0.11576999999999998,0.0236,0.0548,456774636701154.562500
-0.11575999999999997,0.022000000000000002,0.056400000000000006,456774636701154.562500
-0.11574999999999996,0.0228,0.055600000000000004,456774636701154.562500
-0.11573999999999995,0.0228,0.0572,456774636701154.562500
-0.11572999999999994,0.0244,0.0572,456774636701154.562500
-0.11571999999999999,0.0252,0.055600000000000004,456774636701154.562500
-0.11570999999999998,0.0228,0.0524,456774636701154.562500
-0.11569999999999997,0.0252,0.0572,456774636701154.562500
-0.11568999999999996,0.0252,0.0572,456774636701154.562500
-0.11567999999999995,0.0236,0.0516,456774636701154.562500
-0.11567,0.0212,0.058,456774636701154.562500
-0.11565999999999999,0.0244,0.053200000000000004,456774636701154.562500
-0.11564999999999998,0.0228,0.054,456774636701154.562500
-0.11563999999999997,0.0244,0.056400000000000006,456774636701154.562500
-0.11562999999999996,0.0228,0.058,456774636701154.562500
-0.11561999999999995,0.0252,0.055600000000000004,456774636701154.562500
-0.11560999999999999,0.0236,0.045200000000000004,456774636701154.562500
-0.11559999999999998,0.022000000000000002,0.0524,456774636701154.562500
-0.11558999999999997,0.0212,0.0572,456774636701154.562500
-0.11557999999999996,0.0228,0.056400000000000006,456774636701154.562500
-0.11556999999999995,0.022000000000000002,0.0572,456774636701154.562500
-0.11556,0.0236,0.056400000000000006,456774636701154.562500
-0.11554999999999999,0.022000000000000002,0.0572,456774636701154.562500
-0.11553999999999998,0.022000000000000002,0.0572,456774636701154.562500
-0.11552999999999997,0.0204,0.053200000000000004,456774636701154.562500
-0.11551999999999996,0.0188,0.0548,456774636701154.562500
-0.11550999999999995,0.0212,0.058,456774636701154.562500
-0.11549999999999999,0.0228,0.058800000000000005,456774636701154.562500
-0.11548999999999998,0.022000000000000002,0.055600000000000004,456774636701154.562500
-0.11547999999999997,0.0212,0.054,456774636701154.562500
-0.11546999999999996,0.0188,0.054,456774636701154.562500
-0.11545999999999995,0.022000000000000002,0.055600000000000004,456774636701154.562500
-0.11544999999999994,0.0172,0.0524,456774636701154.562500
-0.11543999999999999,0.0196,0.055600000000000004,456774636701154.562500
-0.11542999999999998,0.018000000000000002,0.055600000000000004,456774636701154.562500
-0.11541999999999997,0.0188,0.056400000000000006,456774636701154.562500
-0.11540999999999996,0.0148,0.0572,456774636701154.562500
-0.11539999999999995,0.022000000000000002,0.056400000000000006,456774636701154.562500
-0.11538999999999999,0.0252,0.0572,456774636701154.562500
-0.11537999999999998,0.0244,0.055600000000000004,456774636701154.562500
-0.11536999999999997,0.0236,0.055600000000000004,456774636701154.562500
-0.11535999999999996,0.0244,0.053200000000000004,456774636701154.562500
-0.11534999999999995,0.0212,0.056400000000000006,456774636701154.562500
-0.11533999999999994,0.0236,0.053200000000000004,456774636701154.562500
-0.11532999999999999,0.0228,0.05,456774636701154.562500
-0.11531999999999998,0.022000000000000002,0.053200000000000004,456774636701154.562500
-0.11530999999999997,0.0212,0.0572,456774636701154.562500
-0.11529999999999996,0.0196,0.055600000000000004,456774636701154.562500
-0.11528999999999995,0.022000000000000002,0.053200000000000004,456774636701154.562500
-0.11528,0.0204,0.0548,456774636701154.562500
-0.11526999999999998,0.0228,0.0524,456774636701154.562500
-0.11525999999999997,0.0204,0.054,456774636701154.562500
-0.11524999999999996,0.022000000000000002,0.058,456774636701154.562500
-0.11523999999999995,0.0188,0.058,456774636701154.562500
-0.11522999999999994,0.0212,0.058,456774636701154.562500
-0.11521999999999999,0.0228,0.056400000000000006,456774636701154.562500
-0.11520999999999998,0.022000000000000002,0.056400000000000006,456774636701154.562500
-0.11519999999999997,0.022000000000000002,0.056400000000000006,456774636701154.562500
-0.11518999999999996,0.022000000000000002,0.0572,456774636701154.562500
-0.11517999999999995,0.0172,0.055600000000000004,456774636701154.562500
-0.11517,0.022000000000000002,0.056400000000000006,456774636701154.562500
-0.11515999999999998,0.0228,0.0548,456774636701154.562500
-0.11514999999999997,0.0236,0.0516,456774636701154.562500
-0.11513999999999996,0.0236,0.054,456774636701154.562500
-0.11512999999999995,0.0244,0.0444,456774636701154.562500
-0.11511999999999994,0.0228,0.054,456774636701154.562500
-0.11510999999999999,0.0244,0.056400000000000006,456774636701154.562500
-0.11509999999999998,0.0252,0.0572,456774636701154.562500
-0.11508999999999997,0.0252,0.058,456774636701154.562500
-0.11507999999999996,0.0228,0.0572,456774636701154.562500
-0.11506999999999995,0.0228,0.056400000000000006,456774636701154.562500
-0.11506,0.0236,0.058,456774636701154.562500
-0.11504999999999999,0.0236,0.053200000000000004,456774636701154.562500
-0.11503999999999998,0.0244,0.0572,456774636701154.562500
-0.11502999999999997,0.0228,0.0524,456774636701154.562500
-0.11501999999999996,0.022000000000000002,0.058,456774636701154.562500
-0.11500999999999995,0.0236,0.0548,456774636701154.562500
-0.11499999999999999,0.022000000000000002,0.056400000000000006,456774636701154.562500
-0.11498999999999998,0.0236,0.0548,456774636701154.562500
-0.11497999999999997,0.0212,0.056400000000000006,456774636701154.562500
-0.11496999999999996,0.0228,0.058,456774636701154.562500
-0.11495999999999995,0.0204,0.055600000000000004,456774636701154.562500
-0.11494999999999994,0.0212,0.056400000000000006,456774636701154.562500
-0.11493999999999999,0.0228,0.056400000000000006,456774636701154.562500
-0.11492999999999998,0.0196,0.0572,456774636701154.562500
-0.11491999999999997,0.0164,0.058,456774636701154.562500
-0.11490999999999996,0.0212,0.054,456774636701154.562500
-0.11489999999999995,0.0172,0.055600000000000004,456774636701154.562500
-0.11488999999999999,0.0212,0.0524,456774636701154.562500
-0.11487999999999998,0.022000000000000002,0.056400000000000006,456774636701154.562500
-0.11486999999999997,0.022000000000000002,0.054,456774636701154.562500
-0.11485999999999996,0.022000000000000002,0.058,456774636701154.562500
-0.11484999999999995,0.0212,0.056400000000000006,456774636701154.562500
-0.11483999999999994,0.0244,0.056400000000000006,456774636701154.562500
-0.11482999999999999,0.0212,0.056400000000000006,456774636701154.562500
-0.11481999999999998,0.0236,0.0524,456774636701154.562500
-0.11480999999999997,0.0244,0.0548,456774636701154.562500
-0.11479999999999996,0.0236,0.055600000000000004,456774636701154.562500
-0.11478999999999995,0.0228,0.0572,456774636701154.562500
-0.11478,0.0228,0.053200000000000004,456774636701154.562500
-0.11476999999999998,0.022000000000000002,0.055600000000000004,456774636701154.562500
-0.11475999999999997,0.0236,0.05,456774636701154.562500
-0.11474999999999996,0.0244,0.0524,456774636701154.562500
-0.11473999999999995,0.0228,0.0492,456774636701154.562500
-0.11472999999999994,0.022000000000000002,0.054,456774636701154.562500
-0.11471999999999999,0.0244,0.055600000000000004,456774636701154.562500
-0.11470999999999998,0.0228,0.0548,456774636701154.562500
-0.11469999999999997,0.0228,0.056400000000000006,456774636701154.562500
-0.11468999999999996,0.0228,0.0572,456774636701154.562500
-0.11467999999999995,0.0228,0.055600000000000004,456774636701154.562500
-0.11467,0.0188,0.054,456774636701154.562500
-0.11465999999999998,0.0164,0.058,456774636701154.562500
-0.11464999999999997,0.011600000000000001,0.054,456774636701154.562500
-0.11463999999999996,0.0188,0.056400000000000006,456774636701154.562500
-0.11462999999999995,0.0196,0.0548,456774636701154.562500
-0.11461999999999994,0.0204,0.0572,456774636701154.562500
-0.11460999999999999,0.022000000000000002,0.0524,456774636701154.562500
-0.11459999999999998,0.0196,0.058800000000000005,456774636701154.562500
-0.11458999999999997,0.0204,0.0572,456774636701154.562500
-0.11457999999999996,0.0204,0.058,456774636701154.562500
-0.11456999999999995,0.0212,0.058,456774636701154.562500
-0.11456,0.0212,0.058,456774636701154.562500
-0.11454999999999999,0.0236,0.056400000000000006,456774636701154.562500
-0.11453999999999998,0.0196,0.0572,456774636701154.562500
-0.11452999999999997,0.022000000000000002,0.054,456774636701154.562500
-0.11451999999999996,0.0236,0.058,456774636701154.562500
-0.11450999999999995,0.0236,0.055600000000000004,456774636701154.562500
-0.11449999999999999,0.0244,0.055600000000000004,456774636701154.562500
-0.11448999999999998,0.0236,0.058,456774636701154.562500
-0.11447999999999997,0.0228,0.054,456774636701154.562500
-0.11446999999999996,0.0236,0.058,456774636701154.562500
-0.11445999999999995,0.0244,0.054,456774636701154.562500
-0.11445,0.0236,0.055600000000000004,456774636701154.562500
-0.11443999999999999,0.0236,0.055600000000000004,456774636701154.562500
-0.11442999999999998,0.0236,0.056400000000000006,456774636701154.562500
-0.11441999999999997,0.0228,0.053200000000000004,456774636701154.562500
-0.11440999999999996,0.0252,0.0572,456774636701154.562500
-0.11439999999999995,0.0236,0.0492,456774636701154.562500
-0.11438999999999999,0.0212,0.0572,456774636701154.562500
-0.11437999999999998,0.0228,0.056400000000000006,456774636701154.562500
-0.11436999999999997,0.0236,0.0548,456774636701154.562500
-0.11435999999999996,0.0228,0.056400000000000006,456774636701154.562500
-0.11434999999999995,0.022000000000000002,0.0476,456774636701154.562500
-0.11433999999999994,0.0204,0.055600000000000004,456774636701154.562500
-0.11432999999999999,0.0212,0.0524,456774636701154.562500
-0.11431999999999998,0.0188,0.0548,456774636701154.562500
-0.11430999999999997,0.022000000000000002,0.055600000000000004,456774636701154.562500
-0.11429999999999996,0.018000000000000002,0.056400000000000006,456774636701154.562500
-0.11428999999999995,0.0228,0.0516,456774636701154.562500
-0.11427999999999999,0.0204,0.054,456774636701154.562500
-0.11426999999999998,0.022000000000000002,0.0524,456774636701154.562500
-0.11425999999999997,0.0228,0.0572,456774636701154.562500
-0.11424999999999996,0.0236,0.056400000000000006,456774636701154.562500
-0.11423999999999995,0.0236,0.0572,456774636701154.562500
-0.11422999999999994,0.0236,0.058,456774636701154.562500
-0.11421999999999999,0.022000000000000002,0.055600000000000004,456774636701154.562500
-0.11420999999999998,0.0244,0.055600000000000004,456774636701154.562500
-0.11419999999999997,0.0244,0.0548,456774636701154.562500
-0.11418999999999996,0.0228,0.056400000000000006,456774636701154.562500
-0.11417999999999995,0.0244,0.048400000000000006,456774636701154.562500
-0.11417,0.0252,0.0572,456774636701154.562500
-0.11415999999999998,0.0236,0.055600000000000004,456774636701154.562500
-0.11414999999999997,0.0244,0.055600000000000004,456774636701154.562500
-0.11413999999999996,0.022000000000000002,0.045200000000000004,456774636701154.562500
-0.11412999999999995,0.0236,0.050800000000000005,456774636701154.562500
-0.11411999999999994,0.022000000000000002,0.0388,456774636701154.562500
-0.11410999999999999,0.0244,0.054,456774636701154.562500
-0.11409999999999998,0.0228,0.0548,456774636701154.562500
-0.11408999999999997,0.0228,0.053200000000000004,456774636701154.562500
-0.11407999999999996,0.0236,0.056400000000000006,456774636701154.562500
-0.11406999999999995,0.0236,0.055600000000000004,456774636701154.562500
-0.11406,0.0228,0.054,456774636701154.562500
-0.11404999999999998,0.0212,0.054,456774636701154.562500
-0.11403999999999997,0.022000000000000002,0.056400000000000006,456774636701154.562500
-0.11402999999999996,0.022000000000000002,0.056400000000000006,456774636701154.562500
-0.11401999999999995,0.022000000000000002,0.055600000000000004,456774636701154.562500
-0.11400999999999994,0.0228,0.0548,456774636701154.562500
-0.11399999999999999,0.0236,0.050800000000000005,456774636701154.562500
-0.11398999999999998,0.0228,0.0572,456774636701154.562500
-0.11397999999999997,0.0212,0.0572,456774636701154.562500
-0.11396999999999996,0.022000000000000002,0.0572,456774636701154.562500
-0.11395999999999995,0.0196,0.0548,456774636701154.562500
-0.11395,0.0188,0.0516,456774636701154.562500
-0.11393999999999999,0.022000000000000002,0.053200000000000004,456774636701154.562500
-0.11392999999999998,0.0228,0.055600000000000004,456774636701154.562500
-0.11391999999999997,0.0236,0.058,456774636701154.562500
-0.11390999999999996,0.0212,0.0524,456774636701154.562500
-0.11389999999999995,0.022000000000000002,0.0572,456774636701154.562500
-0.11388999999999999,0.0236,0.0516,456774636701154.562500
-0.11387999999999998,0.0244,0.056400000000000006,456774636701154.562500
-0.11386999999999997,0.0236,0.055600000000000004,456774636701154.562500
-0.11385999999999996,0.0244,0.0548,456774636701154.562500
-0.11384999999999995,0.022000000000000002,0.056400000000000006,456774636701154.562500
-0.11383999999999994,0.0196,0.0524,456774636701154.562500
-0.11382999999999999,0.0204,0.056400000000000006,456774636701154.562500
-0.11381999999999998,0.0244,0.0572,456774636701154.562500
-0.11380999999999997,0.0236,0.055600000000000004,456774636701154.562500
-0.11379999999999996,0.0252,0.0524,456774636701154.562500
-0.11378999999999995,0.022000000000000002,0.058,456774636701154.562500
-0.11377999999999999,0.0228,0.0572,456774636701154.562500
-0.11376999999999998,0.0228,0.055600000000000004,456774636701154.562500
-0.11375999999999997,0.0188,0.055600000000000004,456774636701154.562500
-0.11374999999999996,0.0228,0.056400000000000006,456774636701154.562500
-0.11373999999999995,0.0196,0.056400000000000006,456774636701154.562500
-0.11372999999999994,0.022000000000000002,0.054,456774636701154.562500
-0.11371999999999999,0.0196,0.0492,456774636701154.562500
-0.11370999999999998,0.0228,0.0572,456774636701154.562500
-0.11369999999999997,0.015600000000000001,0.0524,456774636701154.562500
-0.11368999999999996,0.022000000000000002,0.058,456774636701154.562500
-0.11367999999999995,0.0212,0.0516,456774636701154.562500
-0.11367,0.022000000000000002,0.0572,456774636701154.562500
-0.11365999999999998,0.0228,0.048400000000000006,456774636701154.562500
-0.11364999999999997,0.0228,0.053200000000000004,456774636701154.562500
-0.11363999999999996,0.0196,0.056400000000000006,456774636701154.562500
-0.11362999999999995,0.0228,0.056400000000000006,456774636701154.562500
-0.11361999999999994,0.0196,0.056400000000000006,456774636701154.562500
-0.11360999999999999,0.0236,0.0572,456774636701154.562500
-0.11359999999999998,0.022000000000000002,0.055600000000000004,456774636701154.562500
-0.11358999999999997,0.0228,0.0572,456774636701154.562500
-0.11357999999999996,0.0236,0.0572,456774636701154.562500
-0.11356999999999995,0.0212,0.0572,456774636701154.562500
-0.11356,0.0236,0.0412,456774636701154.562500
-0.11354999999999998,0.0172,0.054,456774636701154.562500
-0.11353999999999997,0.0236,0.056400000000000006,456774636701154.562500
-0.11352999999999996,0.0204,0.054,456774636701154.562500
-0.11351999999999995,0.0236,0.0524,456774636701154.562500
-0.11350999999999994,0.0204,0.058,456774636701154.562500
-0.11349999999999999,0.0228,0.058,456774636701154.562500
-0.11348999999999998,0.0244,0.056400000000000006,456774636701154.562500
-0.11347999999999997,0.0252,0.055600000000000004,456774636701154.562500
-0.11346999999999996,0.0228,0.058,456774636701154.562500
-0.11345999999999995,0.022000000000000002,0.055600000000000004,456774636701154.562500
-0.11345,0.022000000000000002,0.0468,456774636701154.562500
-0.11343999999999999,0.022000000000000002,0.0548,456774636701154.562500
-0.11342999999999998,0.022000000000000002,0.055600000000000004,456774636701154.562500
-0.11341999999999997,0.0212,0.058,456774636701154.562500
-0.11340999999999996,0.022000000000000002,0.056400000000000006,456774636701154.562500
-0.11339999999999995,0.022000000000000002,0.054,456774636701154.562500
-0.11338999999999999,0.0228,0.0516,456774636701154.562500
-0.11337999999999998,0.0228,0.055600000000000004,456774636701154.562500
-0.11336999999999997,0.022000000000000002,0.054,456774636701154.562500
-0.11335999999999996,0.0236,0.056400000000000006,456774636701154.562500
-0.11334999999999995,0.0196,0.056400000000000006,456774636701154.562500
-0.11333999999999994,0.0228,0.0524,456774636701154.562500
-0.11332999999999999,0.0236,0.0548,456774636701154.562500
-0.11331999999999998,0.0236,0.053200000000000004,456774636701154.562500
-0.11330999999999997,0.022000000000000002,0.0572,456774636701154.562500
-0.11329999999999996,0.0204,0.050800000000000005,456774636701154.562500
-0.11328999999999995,0.0212,0.055600000000000004,456774636701154.562500
-0.11327999999999999,0.0164,0.054,456774636701154.562500
-0.11326999999999998,0.0244,0.0548,456774636701154.562500
-0.11325999999999997,0.018000000000000002,0.055600000000000004,456774636701154.562500
-0.11324999999999996,0.0244,0.055600000000000004,456774636701154.562500
-0.11323999999999995,0.0204,0.055600000000000004,456774636701154.562500
-0.11322999999999994,0.0244,0.0548,456774636701154.562500
-0.11321999999999999,0.022000000000000002,0.054,456774636701154.562500
-0.11320999999999998,0.0244,0.056400000000000006,456774636701154.562500
-0.11319999999999997,0.0228,0.0572,456774636701154.562500
-0.11318999999999996,0.0228,0.0548,456774636701154.562500
-0.11317999999999995,0.0236,0.0572,456774636701154.562500
-0.11316999999999999,0.0212,0.0572,456774636701154.562500
-0.11315999999999998,0.0236,0.056400000000000006,456774636701154.562500
-0.11314999999999997,0.0212,0.056400000000000006,456774636701154.562500
-0.11313999999999996,0.022000000000000002,0.0572,456774636701154.562500
-0.11312999999999995,0.022000000000000002,0.056400000000000006,456774636701154.562500
-0.11311999999999994,0.0196,0.056400000000000006,456774636701154.562500
-0.11310999999999999,0.0196,0.056400000000000006,456774636701154.562500
-0.11309999999999998,0.022000000000000002,0.0548,456774636701154.562500
-0.11308999999999997,0.022000000000000002,0.056400000000000006,456774636701154.562500
-0.11307999999999996,0.0228,0.053200000000000004,456774636701154.562500
-0.11306999999999995,0.0228,0.055600000000000004,456774636701154.562500
-0.11306,0.022000000000000002,0.050800000000000005,456774636701154.562500
-0.11304999999999998,0.0244,0.0516,456774636701154.562500
-0.11303999999999997,0.0228,0.055600000000000004,456774636701154.562500
-0.11302999999999996,0.0236,0.053200000000000004,456774636701154.562500
-0.11301999999999995,0.022000000000000002,0.0572,456774636701154.562500
-0.11300999999999994,0.0236,0.0516,456774636701154.562500
-0.11299999999999999,0.0236,0.058800000000000005,456774636701154.562500
-0.11298999999999998,0.0204,0.058,456774636701154.562500
-0.11297999999999997,0.0244,0.0548,456774636701154.562500
-0.11296999999999996,0.0228,0.055600000000000004,456774636701154.562500
-0.11295999999999995,0.026000000000000002,0.053200000000000004,456774636701154.562500
-0.11295,0.0212,0.054,456774636701154.562500
-0.11293999999999998,0.0244,0.055600000000000004,456774636701154.562500
-0.11292999999999997,0.022000000000000002,0.0572,456774636701154.562500
-0.11291999999999996,0.0228,0.0548,456774636701154.562500
-0.11290999999999995,0.0196,0.058,456774636701154.562500
-0.11289999999999994,0.0228,0.058,456774636701154.562500
-0.11288999999999999,0.0244,0.058,456774636701154.562500
-0.11287999999999998,0.0236,0.0572,456774636701154.562500
-0.11286999999999997,0.0228,0.058,456774636701154.562500
-0.11285999999999996,0.0236,0.056400000000000006,456774636701154.562500
-0.11284999999999995,0.0204,0.0548,456774636701154.562500
-0.11284,0.022000000000000002,0.056400000000000006,456774636701154.562500
-0.11282999999999999,0.0228,0.058800000000000005,456774636701154.562500
-0.11281999999999998,0.0236,0.056400000000000006,456774636701154.562500
-0.11280999999999997,0.0228,0.058,456774636701154.562500
-0.11279999999999996,0.0212,0.055600000000000004,456774636701154.562500
-0.11278999999999995,0.022000000000000002,0.058,456774636701154.562500
-0.11277999999999999,0.0196,0.053200000000000004,456774636701154.562500
-0.11276999999999998,0.0196,0.0572,456774636701154.562500
-0.11275999999999997,0.022000000000000002,0.056400000000000006,456774636701154.562500
-0.11274999999999996,0.0212,0.055600000000000004,456774636701154.562500
-0.11273999999999995,0.0204,0.0572,456774636701154.562500
-0.11272999999999994,0.0204,0.056400000000000006,456774636701154.562500
-0.11271999999999999,0.022000000000000002,0.0516,456774636701154.562500
-0.11270999999999998,0.022000000000000002,0.054,456774636701154.562500
-0.11269999999999997,0.0236,0.0572,456774636701154.562500
-0.11268999999999996,0.022000000000000002,0.058,456774636701154.562500
-0.11267999999999995,0.0236,0.0476,456774636701154.562500
-0.11266999999999999,0.0228,0.055600000000000004,456774636701154.562500
-0.11265999999999998,0.0252,0.045200000000000004,456774636701154.562500
-0.11264999999999997,0.0244,0.054,456774636701154.562500
-0.11263999999999996,0.0212,0.056400000000000006,456774636701154.562500
-0.11262999999999995,0.022000000000000002,0.0572,456774636701154.562500
-0.11261999999999994,0.0196,0.054,456774636701154.562500
-0.11260999999999999,0.0244,0.055600000000000004,456774636701154.562500
-0.11259999999999998,0.022000000000000002,0.0548,456774636701154.562500
-0.11258999999999997,0.0244,0.058,456774636701154.562500
-0.11257999999999996,0.0204,0.0548,456774636701154.562500
-0.11256999999999995,0.022000000000000002,0.0492,456774636701154.562500
-0.11256,0.0236,0.054,456774636701154.562500
-0.11254999999999998,0.0204,0.0444,456774636701154.562500
-0.11253999999999997,0.0228,0.048400000000000006,456774636701154.562500
-0.11252999999999996,0.0212,0.0492,456774636701154.562500
-0.11251999999999995,0.022000000000000002,0.055600000000000004,456774636701154.562500
-0.11250999999999994,0.0204,0.054,456774636701154.562500
-0.11249999999999999,0.022000000000000002,0.056400000000000006,456774636701154.562500
-0.11248999999999998,0.022000000000000002,0.056400000000000006,456774636701154.562500
-0.11247999999999997,0.022000000000000002,0.058,456774636701154.562500
-0.11246999999999996,0.022000000000000002,0.0572,456774636701154.562500
-0.11245999999999995,0.0228,0.054,456774636701154.562500
-0.11245,0.022000000000000002,0.0548,456774636701154.562500
-0.11243999999999998,0.022000000000000002,0.0524,456774636701154.562500
-0.11242999999999997,0.0244,0.058,456774636701154.562500
-0.11241999999999996,0.0204,0.056400000000000006,456774636701154.562500
-0.11240999999999995,0.0236,0.056400000000000006,456774636701154.562500
-0.11239999999999994,0.022000000000000002,0.0524,456774636701154.562500
-0.11238999999999999,0.022000000000000002,0.055600000000000004,456774636701154.562500
-0.11237999999999998,0.0228,0.0548,456774636701154.562500
-0.11236999999999997,0.0212,0.055600000000000004,456774636701154.562500
-0.11235999999999996,0.0228,0.058,456774636701154.562500
-0.11234999999999995,0.022000000000000002,0.0548,456774636701154.562500
-0.11234,0.0228,0.0476,456774636701154.562500
-0.11232999999999999,0.0244,0.058,456774636701154.562500
-0.11231999999999998,0.0236,0.0412,456774636701154.562500
-0.11230999999999997,0.0236,0.054,456774636701154.562500
-0.11229999999999996,0.0228,0.0524,456774636701154.562500
-0.11228999999999995,0.0244,0.0572,456774636701154.562500
-0.11227999999999999,0.0244,0.056400000000000006,456774636701154.562500
-0.11226999999999998,0.022000000000000002,0.0548,456774636701154.562500
-0.11225999999999997,0.0228,0.055600000000000004,456774636701154.562500
-0.11224999999999996,0.0228,0.040400000000000005,456774636701154.562500
-0.11223999999999995,0.0228,0.055600000000000004,456774636701154.562500
-0.11222999999999994,0.0172,0.054,456774636701154.562500
-0.11221999999999999,0.0244,0.0548,456774636701154.562500
-0.11220999999999998,0.022000000000000002,0.055600000000000004,456774636701154.562500
-0.11219999999999997,0.022000000000000002,0.0548,456774636701154.562500
-0.11218999999999996,0.0196,0.058800000000000005,456774636701154.562500
-0.11217999999999995,0.0212,0.048400000000000006,456774636701154.562500
-0.11216999999999999,0.0204,0.0572,456774636701154.562500
-0.11215999999999998,0.0204,0.0436,456774636701154.562500
-0.11214999999999997,0.0204,0.0548,456774636701154.562500
-0.11213999999999996,0.0212,0.0548,456774636701154.562500
-0.11212999999999995,0.0236,0.054,456774636701154.562500
-0.11211999999999994,0.022000000000000002,0.0476,456774636701154.562500
-0.11210999999999999,0.022000000000000002,0.055600000000000004,456774636701154.562500
-0.11209999999999998,0.0236,0.05,456774636701154.562500
-0.11208999999999997,0.0236,0.056400000000000006,456774636701154.562500
-0.11207999999999996,0.0228,0.0572,456774636701154.562500
-0.11206999999999995,0.0236,0.0548,456774636701154.562500
-0.11205999999999999,0.0244,0.048400000000000006,456774636701154.562500
-0.11204999999999998,0.0244,0.058,456774636701154.562500
-0.11203999999999997,0.0252,0.058,456774636701154.562500
-0.11202999999999996,0.0252,0.055600000000000004,456774636701154.562500
-0.11201999999999995,0.0236,0.058,456774636701154.562500
-0.11200999999999994,0.0244,0.0548,456774636701154.562500
-0.11199999999999999,0.0244,0.056400000000000006,456774636701154.562500
-0.11198999999999998,0.0236,0.058,456774636701154.562500
-0.11197999999999997,0.0236,0.058,456774636701154.562500
-0.11196999999999996,0.0212,0.054,456774636701154.562500
-0.11195999999999995,0.0228,0.056400000000000006,456774636701154.562500
-0.11195,0.022000000000000002,0.0548,456774636701154.562500
-0.11193999999999998,0.0212,0.056400000000000006,456774636701154.562500
-0.11192999999999997,0.0228,0.048400000000000006,456774636701154.562500
-0.11191999999999996,0.022000000000000002,0.055600000000000004,456774636701154.562500
-0.11190999999999995,0.022000000000000002,0.0572,456774636701154.562500
-0.11189999999999994,0.0228,0.0524,456774636701154.562500
-0.11188999999999999,0.0228,0.056400000000000006,456774636701154.562500
-0.11187999999999998,0.0204,0.0492,456774636701154.562500
-0.11186999999999997,0.0236,0.054,456774636701154.562500
-0.11185999999999996,0.0196,0.0492,456774636701154.562500
-0.11184999999999995,0.018000000000000002,0.053200000000000004,456774636701154.562500
-0.11184,0.018000000000000002,0.0388,456774636701154.562500
-0.11182999999999998,0.0204,0.055600000000000004,456774636701154.562500
-0.11181999999999997,0.018000000000000002,0.0572,456774636701154.562500
-0.11180999999999996,0.0196,0.055600000000000004,456774636701154.562500
-0.11179999999999995,0.0236,0.0572,456774636701154.562500
-0.11178999999999994,0.0236,0.055600000000000004,456774636701154.562500
-0.11177999999999999,0.0244,0.056400000000000006,456774636701154.562500
-0.11176999999999998,0.0244,0.050800000000000005,456774636701154.562500
-0.11175999999999997,0.0244,0.0548,456774636701154.562500
-0.11174999999999996,0.022000000000000002,0.0572,456774636701154.562500
-0.11173999999999995,0.0244,0.056400000000000006,456774636701154.562500
-0.11173,0.0212,0.053200000000000004,456774636701154.562500
-0.11171999999999999,0.026000000000000002,0.055600000000000004,456774636701154.562500
-0.11170999999999998,0.0228,0.053200000000000004,456774636701154.562500
-0.11169999999999997,0.0228,0.055600000000000004,456774636701154.562500
-0.11168999999999996,0.0236,0.056400000000000006,456774636701154.562500
-0.11167999999999995,0.0244,0.0548,456774636701154.562500
-0.11166999999999999,0.022000000000000002,0.055600000000000004,456774636701154.562500
-0.11165999999999998,0.0236,0.056400000000000006,456774636701154.562500
-0.11164999999999997,0.022000000000000002,0.058,456774636701154.562500
-0.11163999999999996,0.0228,0.0548,456774636701154.562500
-0.11162999999999995,0.018000000000000002,0.055600000000000004,456774636701154.562500
-0.11161999999999994,0.0196,0.0548,456774636701154.562500
-0.11160999999999999,0.0204,0.055600000000000004,456774636701154.562500
-0.11159999999999998,0.0228,0.0572,456774636701154.562500
-0.11158999999999997,0.022000000000000002,0.054,456774636701154.562500
-0.11157999999999996,0.0236,0.056400000000000006,456774636701154.562500
-0.11156999999999995,0.022000000000000002,0.054,456774636701154.562500
-0.11155999999999999,0.0228,0.054,456774636701154.562500
-0.11154999999999998,0.0228,0.056400000000000006,456774636701154.562500
-0.11153999999999997,0.0244,0.058,456774636701154.562500
-0.11152999999999996,0.0228,0.0572,456774636701154.562500
-0.11151999999999995,0.022000000000000002,0.053200000000000004,456774636701154.562500
-0.11150999999999994,0.0228,0.058800000000000005,456774636701154.562500
-0.11149999999999999,0.0236,0.055600000000000004,456774636701154.562500
-0.11148999999999998,0.0228,0.056400000000000006,456774636701154.562500
-0.11147999999999997,0.0236,0.056400000000000006,456774636701154.562500
-0.11146999999999996,0.0236,0.054,456774636701154.562500
-0.11145999999999995,0.0244,0.056400000000000006,456774636701154.562500
-0.11145,0.0244,0.0572,456774636701154.562500
-0.11143999999999998,0.0236,0.0548,456774636701154.562500
-0.11142999999999997,0.022000000000000002,0.055600000000000004,456774636701154.562500
-0.11141999999999996,0.0236,0.056400000000000006,456774636701154.562500
-0.11140999999999995,0.0244,0.050800000000000005,456774636701154.562500
-0.11139999999999994,0.0188,0.055600000000000004,456774636701154.562500
-0.11138999999999999,0.0236,0.054,456774636701154.562500
-0.11137999999999998,0.0244,0.050800000000000005,456774636701154.562500
-0.11136999999999997,0.0228,0.0548,456774636701154.562500
-0.11135999999999996,0.0236,0.054,456774636701154.562500
-0.11134999999999995,0.0228,0.0492,456774636701154.562500
-0.11134,0.0244,0.0572,456774636701154.562500
-0.11132999999999998,0.0228,0.0548,456774636701154.562500
-0.11131999999999997,0.022000000000000002,0.0572,456774636701154.562500
-0.11130999999999996,0.022000000000000002,0.058,456774636701154.562500
-0.11129999999999995,0.022000000000000002,0.050800000000000005,456774636701154.562500
-0.11128999999999994,0.0228,0.056400000000000006,456774636701154.562500
-0.11127999999999999,0.0228,0.056400000000000006,456774636701154.562500
-0.11126999999999998,0.0212,0.055600000000000004,456774636701154.562500
-0.11125999999999997,0.022000000000000002,0.0492,456774636701154.562500
-0.11124999999999996,0.0212,0.056400000000000006,456774636701154.562500
-0.11123999999999995,0.0236,0.0524,456774636701154.562500
-0.11123,0.0212,0.055600000000000004,456774636701154.562500
-0.11121999999999999,0.022000000000000002,0.050800000000000005,456774636701154.562500
-0.11120999999999998,0.0204,0.055600000000000004,456774636701154.562500
-0.11119999999999997,0.0196,0.055600000000000004,456774636701154.562500
-0.11118999999999996,0.022000000000000002,0.056400000000000006,456774636701154.562500
-0.11117999999999995,0.022000000000000002,0.056400000000000006,456774636701154.562500
-0.11116999999999999,0.0228,0.0516,456774636701154.562500
-0.11115999999999998,0.022000000000000002,0.058,456774636701154.562500
-0.11114999999999997,0.0244,0.0492,456774636701154.562500
-0.11113999999999996,0.0252,0.0468,456774636701154.562500
-0.11112999999999995,0.0212,0.0436,456774636701154.562500
-0.11111999999999994,0.0236,0.0492,456774636701154.562500
-0.11110999999999999,0.0204,0.0444,456774636701154.562500
-0.11109999999999998,0.0228,0.058,456774636701154.562500
-0.11108999999999997,0.0236,0.056400000000000006,456774636701154.562500
-0.11107999999999996,0.0212,0.056400000000000006,456774636701154.562500
-0.11106999999999995,0.0236,0.056400000000000006,456774636701154.562500
-0.11105999999999999,0.0228,0.0516,456774636701154.562500
-0.11104999999999998,0.0204,0.058,456774636701154.562500
-0.11103999999999997,0.0228,0.055600000000000004,456774636701154.562500
-0.11102999999999996,0.0212,0.0572,456774636701154.562500
-0.11101999999999995,0.022000000000000002,0.056400000000000006,456774636701154.562500
-0.11100999999999994,0.0212,0.056400000000000006,456774636701154.562500
-0.11099999999999999,0.0228,0.0548,456774636701154.562500
-0.11098999999999998,0.0212,0.0572,456774636701154.562500
-0.11097999999999997,0.022000000000000002,0.050800000000000005,456774636701154.562500
-0.11096999999999996,0.0228,0.0572,456774636701154.562500
-0.11095999999999995,0.0212,0.046,456774636701154.562500
-0.11095,0.0236,0.058800000000000005,456774636701154.562500
-0.11093999999999998,0.0212,0.0548,456774636701154.562500
-0.11092999999999997,0.022000000000000002,0.055600000000000004,456774636701154.562500
-0.11091999999999996,0.0236,0.0572,456774636701154.562500
-0.11090999999999995,0.022000000000000002,0.0548,456774636701154.562500
-0.11089999999999994,0.0236,0.056400000000000006,456774636701154.562500
-0.11088999999999999,0.0204,0.053200000000000004,456774636701154.562500
-0.11087999999999998,0.022000000000000002,0.058,456774636701154.562500
-0.11086999999999997,0.022000000000000002,0.0548,456774636701154.562500
-0.11085999999999996,0.022000000000000002,0.0572,456774636701154.562500
-0.11084999999999995,0.022000000000000002,0.054,456774636701154.562500
-0.11084,0.0236,0.054,456774636701154.562500
-0.11082999999999998,0.0244,0.055600000000000004,456774636701154.562500
-0.11081999999999997,0.0268,0.055600000000000004,456774636701154.562500
-0.11080999999999996,0.0236,0.055600000000000004,456774636701154.562500
-0.11079999999999995,0.0244,0.0572,456774636701154.562500
-0.11078999999999994,0.0252,0.055600000000000004,456774636701154.562500
-0.11077999999999999,0.022000000000000002,0.056400000000000006,456774636701154.562500
-0.11076999999999998,0.0252,0.05,456774636701154.562500
-0.11075999999999997,0.0228,0.056400000000000006,456774636701154.562500
-0.11074999999999996,0.0236,0.054,456774636701154.562500
-0.11073999999999995,0.0228,0.0572,456774636701154.562500
-0.11073,0.0236,0.0524,456774636701154.562500
-0.11071999999999999,0.0236,0.056400000000000006,456774636701154.562500
-0.11070999999999998,0.0204,0.05,456774636701154.562500
-0.11069999999999997,0.022000000000000002,0.055600000000000004,456774636701154.562500
-0.11068999999999996,0.0228,0.0468,456774636701154.562500
-0.11067999999999995,0.0188,0.056400000000000006,456774636701154.562500
-0.11066999999999999,0.0204,0.055600000000000004,456774636701154.562500
-0.11065999999999998,0.0196,0.0492,456774636701154.562500
-0.11064999999999997,0.022000000000000002,0.0524,456774636701154.562500
-0.11063999999999996,0.0204,0.0548,456774636701154.562500
-0.11062999999999995,0.0228,0.0524,456774636701154.562500
-0.11061999999999994,0.0164,0.0572,456774636701154.562500
-0.11060999999999999,0.022000000000000002,0.056400000000000006,456774636701154.562500
-0.11059999999999998,0.015600000000000001,0.055600000000000004,456774636701154.562500
-0.11058999999999997,0.0236,0.0516,456774636701154.562500
-0.11057999999999996,0.0228,0.0516,456774636701154.562500
-0.11056999999999995,0.0244,0.0436,456774636701154.562500
-0.11055999999999999,0.0212,0.05,456774636701154.562500
-0.11054999999999998,0.0244,0.054,456774636701154.562500
-0.11053999999999997,0.0212,0.056400000000000006,456774636701154.562500
-0.11052999999999996,0.0244,0.055600000000000004,456774636701154.562500
-0.11051999999999995,0.0244,0.053200000000000004,456774636701154.562500
-0.11050999999999994,0.0204,0.0548,456774636701154.562500
-0.11049999999999999,0.018000000000000002,0.058,456774636701154.562500
-0.11048999999999998,0.0244,0.0572,456774636701154.562500
-0.11047999999999997,0.0228,0.0572,456774636701154.562500
-0.11046999999999996,0.0244,0.05,456774636701154.562500
-0.11045999999999995,0.0196,0.0548,456774636701154.562500
-0.11044999999999999,0.0236,0.055600000000000004,456774636701154.562500
-0.11043999999999998,0.022000000000000002,0.0524,456774636701154.562500
-0.11042999999999997,0.0196,0.0524,456774636701154.562500
-0.11041999999999996,0.0236,0.048400000000000006,456774636701154.562500
-0.11040999999999995,0.0188,0.0524,456774636701154.562500
-0.11039999999999994,0.022000000000000002,0.055600000000000004,456774636701154.562500
-0.11038999999999999,0.0172,0.0476,456774636701154.562500
-0.11037999999999998,0.0212,0.055600000000000004,456774636701154.562500
-0.11036999999999997,0.0196,0.0572,456774636701154.562500
-0.11035999999999996,0.022000000000000002,0.0572,456774636701154.562500
-0.11034999999999995,0.0172,0.0548,456774636701154.562500
-0.11034,0.0228,0.0524,456774636701154.562500
-0.11032999999999998,0.022000000000000002,0.056400000000000006,456774636701154.562500
-0.11031999999999997,0.022000000000000002,0.055600000000000004,456774636701154.562500
-0.11030999999999996,0.0228,0.0572,456774636701154.562500
-0.11029999999999995,0.0244,0.058,456774636701154.562500
-0.11028999999999994,0.0236,0.056400000000000006,456774636701154.562500
-0.11027999999999999,0.022000000000000002,0.058800000000000005,456774636701154.562500
-0.11026999999999998,0.0236,0.053200000000000004,456774636701154.562500
-0.11025999999999997,0.022000000000000002,0.056400000000000006,456774636701154.562500
-0.11024999999999996,0.0236,0.0492,456774636701154.562500
-0.11023999999999995,0.0244,0.0572,456774636701154.562500
-0.11023,0.022000000000000002,0.050800000000000005,456774636701154.562500
-0.11021999999999998,0.0252,0.055600000000000004,456774636701154.562500
-0.11020999999999997,0.0196,0.055600000000000004,456774636701154.562500
-0.11019999999999996,0.0244,0.053200000000000004,456774636701154.562500
-0.11018999999999995,0.0252,0.0572,456774636701154.562500
-0.11017999999999994,0.018000000000000002,0.0516,456774636701154.562500
-0.11016999999999999,0.0244,0.055600000000000004,456774636701154.562500
-0.11015999999999998,0.0172,0.058,456774636701154.562500
-0.11014999999999997,0.0244,0.0524,456774636701154.562500
-0.11013999999999996,0.0236,0.0572,456774636701154.562500
-0.11012999999999995,0.0228,0.054,456774636701154.562500
-0.11012,0.0236,0.0548,456774636701154.562500
-0.11010999999999999,0.0212,0.050800000000000005,456774636701154.562500
-0.11009999999999998,0.0212,0.054,456774636701154.562500
-0.11008999999999997,0.022000000000000002,0.0492,456774636701154.562500
-0.11007999999999996,0.0196,0.055600000000000004,456774636701154.562500
-0.11006999999999995,0.0188,0.0492,456774636701154.562500
-0.11005999999999999,0.022000000000000002,0.056400000000000006,456774636701154.562500
-0.11004999999999998,0.0148,0.0572,456774636701154.562500
-0.11003999999999997,0.022000000000000002,0.053200000000000004,456774636701154.562500
-0.11002999999999996,0.0212,0.058,456774636701154.562500
-0.11001999999999995,0.022000000000000002,0.055600000000000004,456774636701154.562500
-0.11000999999999994,0.0164,0.056400000000000006,456774636701154.562500
-0.10999999999999999,0.022000000000000002,0.0572,456774636701154.562500
-0.10998999999999998,0.022000000000000002,0.053200000000000004,456774636701154.562500
-0.10997999999999997,0.0196,0.0524,456774636701154.562500
-0.10996999999999996,0.0228,0.056400000000000006,456774636701154.562500
-0.10995999999999995,0.0236,0.0548,456774636701154.562500
-0.10994999999999999,0.0236,0.0492,456774636701154.562500
-0.10993999999999998,0.018000000000000002,0.054,456774636701154.562500
-0.10992999999999997,0.0252,0.054,456774636701154.562500
-0.10991999999999996,0.022000000000000002,0.053200000000000004,456774636701154.562500
-0.10990999999999995,0.022000000000000002,0.054,456774636701154.562500
-0.10989999999999994,0.0228,0.056400000000000006,456774636701154.562500
-0.10988999999999999,0.0252,0.0572,456774636701154.562500
-0.10987999999999998,0.0236,0.054,456774636701154.562500
-0.10986999999999997,0.022000000000000002,0.0572,456774636701154.562500
-0.10985999999999996,0.0244,0.0516,456774636701154.562500
-0.10984999999999995,0.0252,0.056400000000000006,456774636701154.562500
-0.10984,0.0236,0.0516,456774636701154.562500
-0.10982999999999998,0.0196,0.054,456774636701154.562500
-0.10981999999999997,0.0236,0.0468,456774636701154.562500
-0.10980999999999996,0.022000000000000002,0.056400000000000006,456774636701154.562500
-0.10979999999999995,0.0228,0.055600000000000004,456774636701154.562500
-0.10978999999999994,0.0204,0.0524,456774636701154.562500
-0.10977999999999999,0.0196,0.0476,456774636701154.562500
-0.10976999999999998,0.0172,0.0468,456774636701154.562500
-0.10975999999999997,0.0212,0.056400000000000006,456774636701154.562500
-0.10974999999999996,0.018000000000000002,0.056400000000000006,456774636701154.562500
-0.10973999999999995,0.0228,0.056400000000000006,456774636701154.562500
-0.10973,0.0204,0.056400000000000006,456774636701154.562500
-0.10971999999999998,0.0212,0.058,456774636701154.562500
-0.10970999999999997,0.0212,0.055600000000000004,456774636701154.562500
-0.10969999999999996,0.0228,0.0572,456774636701154.562500
-0.10968999999999995,0.0212,0.058,456774636701154.562500
-0.10967999999999994,0.022000000000000002,0.058,456774636701154.562500
-0.10966999999999999,0.0188,0.0516,456774636701154.562500
-0.10965999999999998,0.0212,0.0524,456774636701154.562500
-0.10964999999999997,0.022000000000000002,0.0548,456774636701154.562500
-0.10963999999999996,0.0244,0.0548,456774636701154.562500
-0.10962999999999995,0.0236,0.056400000000000006,456774636701154.562500
-0.10962,0.0244,0.0444,456774636701154.562500
-0.10960999999999999,0.0236,0.053200000000000004,456774636701154.562500
-0.10959999999999998,0.0236,0.0524,456774636701154.562500
-0.10958999999999997,0.022000000000000002,0.055600000000000004,456774636701154.562500
-0.10957999999999996,0.0244,0.050800000000000005,456774636701154.562500
-0.10956999999999995,0.0228,0.056400000000000006,456774636701154.562500
-0.10955999999999999,0.0188,0.050800000000000005,456774636701154.562500
-0.10954999999999998,0.015600000000000001,0.055600000000000004,456774636701154.562500
-0.10953999999999997,0.0236,0.0548,456774636701154.562500
-0.10952999999999996,0.0204,0.058,456774636701154.562500
-0.10951999999999995,0.0236,0.0548,456774636701154.562500
-0.10950999999999994,0.0204,0.050800000000000005,456774636701154.562500
-0.10949999999999999,0.0212,0.056400000000000006,456774636701154.562500
-0.10948999999999998,0.0164,0.05,456774636701154.562500
-0.10947999999999997,0.0204,0.056400000000000006,456774636701154.562500
-0.10946999999999996,0.0188,0.0548,456774636701154.562500
-0.10945999999999995,0.022000000000000002,0.056400000000000006,456774636701154.562500
-0.10944999999999999,0.0196,0.056400000000000006,456774636701154.562500
-0.10943999999999998,0.0212,0.055600000000000004,456774636701154.562500
-0.10942999999999997,0.0196,0.05,456774636701154.562500
-0.10941999999999996,0.022000000000000002,0.056400000000000006,456774636701154.562500
-0.10940999999999995,0.022000000000000002,0.054,456774636701154.562500
-0.10939999999999994,0.0228,0.058,456774636701154.562500
-0.10938999999999999,0.0212,0.0516,456774636701154.562500
-0.10937999999999998,0.0188,0.0524,456774636701154.562500
-0.10936999999999997,0.0196,0.0476,456774636701154.562500
-0.10935999999999996,0.022000000000000002,0.056400000000000006,456774636701154.562500
-0.10934999999999995,0.022000000000000002,0.0548,456774636701154.562500
-0.10933999999999999,0.0244,0.058,456774636701154.562500
-0.10932999999999998,0.0188,0.0476,456774636701154.562500
-0.10931999999999997,0.0244,0.055600000000000004,456774636701154.562500
-0.10930999999999996,0.0212,0.0572,456774636701154.562500
-0.10929999999999995,0.0252,0.055600000000000004,456774636701154.562500
-0.10928999999999994,0.0244,0.0572,456774636701154.562500
-0.10927999999999999,0.0244,0.054,456774636701154.562500
-0.10926999999999998,0.0236,0.055600000000000004,456774636701154.562500
-0.10925999999999997,0.0228,0.056400000000000006,456774636701154.562500
-0.10924999999999996,0.0236,0.055600000000000004,456774636701154.562500
-0.10923999999999995,0.022000000000000002,0.0516,456774636701154.562500
-0.10923,0.0236,0.0516,456774636701154.562500
-0.10921999999999998,0.0204,0.0524,456774636701154.562500
-0.10920999999999997,0.022000000000000002,0.048400000000000006,456774636701154.562500
-0.10919999999999996,0.0212,0.0492,456774636701154.562500
-0.10918999999999995,0.0212,0.054,456774636701154.562500
-0.10917999999999994,0.0204,0.058800000000000005,456774636701154.562500
-0.10916999999999999,0.0204,0.055600000000000004,456774636701154.562500
-0.10915999999999998,0.022000000000000002,0.055600000000000004,456774636701154.562500
-0.10914999999999997,0.0212,0.0468,456774636701154.562500
-0.10913999999999996,0.0228,0.053200000000000004,456774636701154.562500
-0.10912999999999995,0.0212,0.053200000000000004,456774636701154.562500
-0.10912,0.0212,0.0524,456774636701154.562500
-0.10910999999999998,0.0196,0.0516,456774636701154.562500
-0.10909999999999997,0.022000000000000002,0.05,456774636701154.562500
-0.10908999999999996,0.0212,0.056400000000000006,456774636701154.562500
-0.10907999999999995,0.0244,0.055600000000000004,456774636701154.562500
-0.10906999999999994,0.0236,0.058800000000000005,456774636701154.562500
-0.10905999999999999,0.022000000000000002,0.054,456774636701154.562500
-0.10904999999999998,0.0244,0.053200000000000004,456774636701154.562500
-0.10903999999999997,0.0228,0.058,456774636701154.562500
-0.10902999999999996,0.0244,0.045200000000000004,456774636701154.562500
-0.10901999999999995,0.0236,0.055600000000000004,456774636701154.562500
-0.10900999999999994,0.0228,0.0548,456774636701154.562500
-0.10899999999999999,0.0236,0.0572,456774636701154.562500
-0.10898999999999998,0.0244,0.05,456774636701154.562500
-0.10897999999999997,0.0236,0.0572,456774636701154.562500
-0.10896999999999996,0.022000000000000002,0.054,456774636701154.562500
-0.10895999999999995,0.0252,0.0572,456774636701154.562500
-0.10894999999999999,0.0236,0.056400000000000006,456774636701154.562500
-0.10893999999999998,0.0204,0.0572,456774636701154.562500
-0.10892999999999997,0.0204,0.0524,456774636701154.562500
-0.10891999999999996,0.0172,0.055600000000000004,456774636701154.562500
-0.10890999999999995,0.0212,0.056400000000000006,456774636701154.562500
-0.10889999999999994,0.0212,0.050800000000000005,456774636701154.562500
-0.10888999999999999,0.0196,0.055600000000000004,456774636701154.562500
-0.10887999999999998,0.0212,0.055600000000000004,456774636701154.562500
-0.10886999999999997,0.0228,0.0548,456774636701154.562500
-0.10885999999999996,0.0212,0.048400000000000006,456774636701154.562500
-0.10884999999999995,0.0236,0.056400000000000006,456774636701154.562500
-0.10883999999999999,0.0212,0.055600000000000004,456774636701154.562500
-0.10882999999999998,0.022000000000000002,0.0572,456774636701154.562500
-0.10881999999999997,0.0212,0.0572,456774636701154.562500
-0.10880999999999996,0.0196,0.056400000000000006,456774636701154.562500
-0.10879999999999995,0.022000000000000002,0.0572,456774636701154.562500
-0.10878999999999994,0.0188,0.0492,456774636701154.562500
-0.10877999999999999,0.0236,0.056400000000000006,456774636701154.562500
-0.10876999999999998,0.0212,0.046,456774636701154.562500
-0.10875999999999997,0.0236,0.055600000000000004,456774636701154.562500
-0.10874999999999996,0.0228,0.053200000000000004,456774636701154.562500
-0.10873999999999995,0.0244,0.0572,456774636701154.562500
-0.10873,0.0212,0.046,456774636701154.562500
-0.10871999999999998,0.0236,0.056400000000000006,456774636701154.562500
-0.10870999999999997,0.0188,0.0388,456774636701154.562500
-0.10869999999999996,0.022000000000000002,0.054,456774636701154.562500
-0.10868999999999995,0.0244,0.05,456774636701154.562500
-0.10867999999999994,0.0244,0.055600000000000004,456774636701154.562500
-0.10866999999999999,0.0172,0.0492,456774636701154.562500
-0.10865999999999998,0.0236,0.05,456774636701154.562500
-0.10864999999999997,0.0236,0.0572,456774636701154.562500
-0.10863999999999996,0.0228,0.0516,456774636701154.562500
-0.10862999999999995,0.0204,0.055600000000000004,456774636701154.562500
-0.10862,0.0244,0.053200000000000004,456774636701154.562500
-0.10860999999999998,0.022000000000000002,0.0524,456774636701154.562500
-0.10859999999999997,0.0212,0.0524,456774636701154.562500
-0.10858999999999996,0.0228,0.0524,456774636701154.562500
-0.10857999999999995,0.022000000000000002,0.0572,456774636701154.562500
-0.10856999999999994,0.022000000000000002,0.0572,456774636701154.562500
-0.10855999999999999,0.0204,0.053200000000000004,456774636701154.562500
-0.10854999999999998,0.0228,0.050800000000000005,456774636701154.562500
-0.10853999999999997,0.0188,0.056400000000000006,456774636701154.562500
-0.10852999999999996,0.0228,0.0572,456774636701154.562500
-0.10851999999999995,0.0164,0.0548,456774636701154.562500
-0.10851,0.0212,0.0548,456774636701154.562500
-0.10849999999999999,0.0172,0.0572,456774636701154.562500
-0.10848999999999998,0.0236,0.055600000000000004,456774636701154.562500
-0.10847999999999997,0.0236,0.0524,456774636701154.562500
-0.10846999999999996,0.0228,0.0572,456774636701154.562500
-0.10845999999999995,0.0244,0.054,456774636701154.562500
-0.10844999999999999,0.0228,0.0572,456774636701154.562500
-0.10843999999999998,0.0212,0.0524,456774636701154.562500
-0.10842999999999997,0.0228,0.054,456774636701154.562500
-0.10841999999999996,0.0204,0.0548,456774636701154.562500
-0.10840999999999995,0.0212,0.054,456774636701154.562500
-0.10839999999999994,0.0236,0.0572,456774636701154.562500
-0.10838999999999999,0.0196,0.048400000000000006,456774636701154.562500
-0.10837999999999998,0.022000000000000002,0.0436,456774636701154.562500
-0.10836999999999997,0.0236,0.054,456774636701154.562500
-0.10835999999999996,0.0228,0.058,456774636701154.562500
-0.10834999999999995,0.0236,0.0548,456774636701154.562500
-0.10833999999999999,0.0236,0.056400000000000006,456774636701154.562500
-0.10832999999999998,0.022000000000000002,0.0548,456774636701154.562500
-0.10831999999999997,0.0244,0.0548,456774636701154.562500
-0.10830999999999996,0.022000000000000002,0.058,456774636701154.562500
-0.10829999999999995,0.022000000000000002,0.0572,456774636701154.562500
-0.10828999999999994,0.0236,0.056400000000000006,456774636701154.562500
-0.10827999999999999,0.0204,0.0572,456774636701154.562500
-0.10826999999999998,0.0212,0.0516,456774636701154.562500
-0.10825999999999997,0.0236,0.0548,456774636701154.562500
-0.10824999999999996,0.018000000000000002,0.0572,456774636701154.562500
-0.10823999999999995,0.0212,0.0572,456774636701154.562500
-0.10822999999999999,0.0188,0.0572,456774636701154.562500
-0.10821999999999998,0.022000000000000002,0.0572,456774636701154.562500
-0.10820999999999997,0.018000000000000002,0.0548,456774636701154.562500
-0.10819999999999996,0.0236,0.045200000000000004,456774636701154.562500
-0.10818999999999995,0.0228,0.0572,456774636701154.562500
-0.10817999999999994,0.0228,0.053200000000000004,456774636701154.562500
-0.10816999999999999,0.0212,0.058,456774636701154.562500
-0.10815999999999998,0.022000000000000002,0.055600000000000004,456774636701154.562500
-0.10814999999999997,0.0228,0.054,456774636701154.562500
-0.10813999999999996,0.0228,0.056400000000000006,456774636701154.562500
-0.10812999999999995,0.0228,0.053200000000000004,456774636701154.562500
-0.10812,0.0236,0.0516,456774636701154.562500
-0.10810999999999998,0.0236,0.050800000000000005,456774636701154.562500
-0.10809999999999997,0.0212,0.050800000000000005,456774636701154.562500
-0.10808999999999996,0.0244,0.055600000000000004,456774636701154.562500
-0.10807999999999995,0.0212,0.0524,456774636701154.562500
-0.10806999999999994,0.0236,0.050800000000000005,456774636701154.562500
-0.10805999999999999,0.0244,0.056400000000000006,456774636701154.562500
-0.10804999999999998,0.0228,0.0548,456774636701154.562500
-0.10803999999999997,0.0236,0.0548,456774636701154.562500
-0.10802999999999996,0.0228,0.056400000000000006,456774636701154.562500
-0.10801999999999995,0.0236,0.058,456774636701154.562500
-0.10801,0.0228,0.056400000000000006,456774636701154.562500
-0.10799999999999998,0.022000000000000002,0.0572,456774636701154.562500
-0.10798999999999997,0.0236,0.046,456774636701154.562500
-0.10797999999999996,0.0236,0.055600000000000004,456774636701154.562500
-0.10796999999999995,0.0228,0.0476,456774636701154.562500
-0.10795999999999994,0.0228,0.0572,456774636701154.562500
-0.10794999999999999,0.0236,0.0492,456774636701154.562500
-0.10793999999999998,0.0212,0.053200000000000004,456774636701154.562500
-0.10792999999999997,0.022000000000000002,0.055600000000000004,456774636701154.562500
-0.10791999999999996,0.0236,0.058800000000000005,456774636701154.562500
-0.10790999999999995,0.022000000000000002,0.0572,456774636701154.562500
-0.10789999999999994,0.0212,0.0572,456774636701154.562500
-0.10788999999999999,0.022000000000000002,0.054,456774636701154.562500
-0.10787999999999998,0.0172,0.054,456774636701154.562500
-0.10786999999999997,0.0212,0.0516,456774636701154.562500
-0.10785999999999996,0.022000000000000002,0.0548,456774636701154.562500
-0.10784999999999995,0.022000000000000002,0.056400000000000006,456774636701154.562500
-0.10783999999999999,0.0228,0.0492,456774636701154.562500
-0.10782999999999998,0.0204,0.050800000000000005,456774636701154.562500
-0.10781999999999997,0.0244,0.050800000000000005,456774636701154.562500
-0.10780999999999996,0.0212,0.045200000000000004,456774636701154.562500
-0.10779999999999995,0.0236,0.058,456774636701154.562500
-0.10778999999999994,0.022000000000000002,0.050800000000000005,456774636701154.562500
-0.10777999999999999,0.0236,0.0548,456774636701154.562500
-0.10776999999999998,0.0244,0.056400000000000006,456774636701154.562500
-0.10775999999999997,0.022000000000000002,0.055600000000000004,456774636701154.562500
-0.10774999999999996,0.0244,0.054,456774636701154.562500
-0.10773999999999995,0.0236,0.056400000000000006,456774636701154.562500
-0.10772999999999999,0.0236,0.056400000000000006,456774636701154.562500
-0.10771999999999998,0.0244,0.045200000000000004,456774636701154.562500
-0.10770999999999997,0.0236,0.0516,456774636701154.562500
-0.10769999999999996,0.0204,0.0524,456774636701154.562500
-0.10768999999999995,0.0204,0.0516,456774636701154.562500
-0.10767999999999994,0.0228,0.058,456774636701154.562500
-0.10766999999999999,0.018000000000000002,0.055600000000000004,456774636701154.562500
-0.10765999999999998,0.022000000000000002,0.05,456774636701154.562500
-0.10764999999999997,0.0204,0.056400000000000006,456774636701154.562500
-0.10763999999999996,0.022000000000000002,0.0492,456774636701154.562500
-0.10762999999999995,0.0188,0.056400000000000006,456774636701154.562500
-0.10762,0.0204,0.042800000000000005,456774636701154.562500
-0.10760999999999998,0.0212,0.058,456774636701154.562500
-0.10759999999999997,0.0204,0.0516,456774636701154.562500
-0.10758999999999996,0.0212,0.056400000000000006,456774636701154.562500
-0.10757999999999995,0.0236,0.0524,456774636701154.562500
-0.10756999999999994,0.0228,0.0468,456774636701154.562500
-0.10755999999999999,0.0236,0.050800000000000005,456774636701154.562500
-0.10754999999999998,0.0236,0.054,456774636701154.562500
-0.10753999999999997,0.0236,0.05,456774636701154.562500
-0.10752999999999996,0.0244,0.055600000000000004,456774636701154.562500
-0.10751999999999995,0.0228,0.055600000000000004,456774636701154.562500
-0.10751,0.0244,0.056400000000000006,456774636701154.562500
-0.10749999999999998,0.0236,0.056400000000000006,456774636701154.562500
-0.10748999999999997,0.0252,0.058,456774636701154.562500
-0.10747999999999996,0.0244,0.054,456774636701154.562500
-0.10746999999999995,0.022000000000000002,0.0548,456774636701154.562500
-0.10745999999999994,0.0236,0.058,456774636701154.562500
-0.10744999999999999,0.0228,0.0476,456774636701154.562500
-0.10743999999999998,0.0236,0.055600000000000004,456774636701154.562500
-0.10742999999999997,0.0228,0.053200000000000004,456774636701154.562500
-0.10741999999999996,0.0244,0.050800000000000005,456774636701154.562500
-0.10740999999999995,0.0252,0.056400000000000006,456774636701154.562500
-0.1074,0.0228,0.056400000000000006,456774636701154.562500
-0.10738999999999999,0.0228,0.0572,456774636701154.562500
-0.10737999999999998,0.0228,0.0468,456774636701154.562500
-0.10736999999999997,0.022000000000000002,0.0548,456774636701154.562500
-0.10735999999999996,0.0236,0.056400000000000006,456774636701154.562500
-0.10734999999999995,0.0228,0.0572,456774636701154.562500
-0.10733999999999999,0.022000000000000002,0.0572,456774636701154.562500
-0.10732999999999998,0.0212,0.0524,456774636701154.562500
-0.10731999999999997,0.022000000000000002,0.0572,456774636701154.562500
-0.10730999999999996,0.022000000000000002,0.055600000000000004,456774636701154.562500
-0.10729999999999995,0.0204,0.0524,456774636701154.562500
-0.10728999999999994,0.0236,0.056400000000000006,456774636701154.562500
-0.10727999999999999,0.0212,0.053200000000000004,456774636701154.562500
-0.10726999999999998,0.022000000000000002,0.056400000000000006,456774636701154.562500
-0.10725999999999997,0.022000000000000002,0.056400000000000006,456774636701154.562500
-0.10724999999999996,0.0228,0.0548,456774636701154.562500
-0.10723999999999995,0.022000000000000002,0.054,456774636701154.562500
-0.10722999999999999,0.022000000000000002,0.0548,456774636701154.562500
-0.10721999999999998,0.0236,0.0436,456774636701154.562500
-0.10720999999999997,0.0228,0.053200000000000004,456774636701154.562500
-0.10719999999999996,0.0236,0.056400000000000006,456774636701154.562500
-0.10718999999999995,0.0212,0.056400000000000006,456774636701154.562500
-0.10717999999999994,0.0252,0.0548,456774636701154.562500
-0.10716999999999999,0.0236,0.058,456774636701154.562500
-0.10715999999999998,0.0252,0.053200000000000004,456774636701154.562500
-0.10714999999999997,0.0244,0.0572,456774636701154.562500
-0.10713999999999996,0.0236,0.055600000000000004,456774636701154.562500
-0.10712999999999995,0.0236,0.058,456774636701154.562500
-0.10711999999999999,0.0164,0.056400000000000006,456774636701154.562500
-0.10710999999999998,0.0236,0.055600000000000004,456774636701154.562500
-0.10709999999999997,0.0228,0.055600000000000004,456774636701154.562500
-0.10708999999999996,0.0236,0.054,456774636701154.562500
-0.10707999999999995,0.0212,0.055600000000000004,456774636701154.562500
-0.10706999999999994,0.0228,0.055600000000000004,456774636701154.562500
-0.10705999999999999,0.0188,0.056400000000000006,456774636701154.562500
-0.10704999999999998,0.022000000000000002,0.054,456774636701154.562500
-0.10703999999999997,0.0212,0.054,456774636701154.562500
-0.10702999999999996,0.0228,0.0572,456774636701154.562500
-0.10701999999999995,0.0196,0.054,456774636701154.562500
-0.10701,0.022000000000000002,0.055600000000000004,456774636701154.562500
-0.10699999999999998,0.0212,0.0524,456774636701154.562500
-0.10698999999999997,0.0212,0.058,456774636701154.562500
-0.10697999999999996,0.0188,0.053200000000000004,456774636701154.562500
-0.10696999999999995,0.0212,0.0572,456774636701154.562500
-0.10695999999999994,0.0196,0.058,456774636701154.562500
-0.10694999999999999,0.022000000000000002,0.058,456774636701154.562500
-0.10693999999999998,0.022000000000000002,0.055600000000000004,456774636701154.562500
-0.10692999999999997,0.0236,0.054,456774636701154.562500
-0.10691999999999996,0.0212,0.056400000000000006,456774636701154.562500
-0.10690999999999995,0.0228,0.058,456774636701154.562500
-0.1069,0.0204,0.0548,456774636701154.562500
-0.10688999999999999,0.0244,0.056400000000000006,456774636701154.562500
-0.10687999999999998,0.0244,0.0572,456774636701154.562500
-0.10686999999999997,0.022000000000000002,0.056400000000000006,456774636701154.562500
-0.10685999999999996,0.0252,0.056400000000000006,456774636701154.562500
-0.10684999999999995,0.0212,0.055600000000000004,456774636701154.562500
-0.10683999999999999,0.0212,0.0572,456774636701154.562500
-0.10682999999999998,0.0244,0.0548,456774636701154.562500
-0.10681999999999997,0.022000000000000002,0.056400000000000006,456774636701154.562500
-0.10680999999999996,0.022000000000000002,0.055600000000000004,456774636701154.562500
-0.10679999999999995,0.0228,0.056400000000000006,456774636701154.562500
-0.10678999999999994,0.0236,0.053200000000000004,456774636701154.562500
-0.10677999999999999,0.0204,0.0548,456774636701154.562500
-0.10676999999999998,0.0228,0.053200000000000004,456774636701154.562500
-0.10675999999999997,0.0244,0.0516,456774636701154.562500
-0.10674999999999996,0.0236,0.056400000000000006,456774636701154.562500
-0.10673999999999995,0.0212,0.0572,456774636701154.562500
-0.10672999999999999,0.022000000000000002,0.0524,456774636701154.562500
-0.10671999999999998,0.0228,0.058,456774636701154.562500
-0.10670999999999997,0.0212,0.0444,456774636701154.562500
-0.10669999999999996,0.0228,0.055600000000000004,456774636701154.562500
-0.10668999999999995,0.0228,0.0492,456774636701154.562500
-0.10667999999999994,0.0212,0.0524,456774636701154.562500
-0.10666999999999999,0.0196,0.0524,456774636701154.562500
-0.10665999999999998,0.022000000000000002,0.05,456774636701154.562500
-0.10664999999999997,0.0196,0.053200000000000004,456774636701154.562500
-0.10663999999999996,0.022000000000000002,0.058,456774636701154.562500
-0.10662999999999995,0.0204,0.0572,456774636701154.562500
-0.10661999999999999,0.0196,0.056400000000000006,456774636701154.562500
-0.10660999999999998,0.0236,0.054,456774636701154.562500
-0.10659999999999997,0.0196,0.0572,456774636701154.562500
-0.10658999999999996,0.0252,0.054,456774636701154.562500
-0.10657999999999995,0.022000000000000002,0.0572,456774636701154.562500
-0.10656999999999994,0.0228,0.056400000000000006,456774636701154.562500
-0.10655999999999999,0.0228,0.055600000000000004,456774636701154.562500
-0.10654999999999998,0.0252,0.056400000000000006,456774636701154.562500
-0.10653999999999997,0.0244,0.050800000000000005,456774636701154.562500
-0.10652999999999996,0.0244,0.058800000000000005,456774636701154.562500
-0.10651999999999995,0.0228,0.0476,456774636701154.562500
-0.10651,0.0244,0.058800000000000005,456774636701154.562500
-0.10649999999999998,0.022000000000000002,0.048400000000000006,456774636701154.562500
-0.10648999999999997,0.0244,0.0548,456774636701154.562500
-0.10647999999999996,0.0204,0.055600000000000004,456774636701154.562500
-0.10646999999999995,0.0212,0.058,456774636701154.562500
-0.10645999999999994,0.0204,0.0572,456774636701154.562500
-0.10644999999999999,0.0236,0.0468,456774636701154.562500
-0.10643999999999998,0.0164,0.054,456774636701154.562500
-0.10642999999999997,0.0188,0.042800000000000005,456774636701154.562500
-0.10641999999999996,0.0236,0.054,456774636701154.562500
-0.10640999999999995,0.022000000000000002,0.0396,456774636701154.562500
-0.1064,0.0228,0.0572,456774636701154.562500
-0.10638999999999998,0.0212,0.0524,456774636701154.562500
-0.10637999999999997,0.022000000000000002,0.058,456774636701154.562500
-0.10636999999999996,0.0212,0.054,456774636701154.562500
-0.10635999999999995,0.0236,0.0572,456774636701154.562500
-0.10634999999999994,0.022000000000000002,0.0548,456774636701154.562500
-0.10633999999999999,0.0212,0.0572,456774636701154.562500
-0.10632999999999998,0.0228,0.053200000000000004,456774636701154.562500
-0.10631999999999997,0.022000000000000002,0.055600000000000004,456774636701154.562500
-0.10630999999999996,0.0196,0.053200000000000004,456774636701154.562500
-0.10629999999999995,0.0236,0.053200000000000004,456774636701154.562500
-0.10628999999999994,0.0236,0.058,456774636701154.562500
-0.10627999999999999,0.0228,0.0572,456774636701154.562500
-0.10626999999999998,0.022000000000000002,0.0548,456774636701154.562500
-0.10625999999999997,0.0252,0.0436,456774636701154.562500
-0.10624999999999996,0.0244,0.0516,456774636701154.562500
-0.10623999999999995,0.0236,0.0492,456774636701154.562500
-0.10622999999999999,0.0236,0.054,456774636701154.562500
-0.10621999999999998,0.0244,0.050800000000000005,456774636701154.562500
-0.10620999999999997,0.022000000000000002,0.055600000000000004,456774636701154.562500
-0.10619999999999996,0.0236,0.055600000000000004,456774636701154.562500
-0.10618999999999995,0.0196,0.056400000000000006,456774636701154.562500
-0.10617999999999994,0.0228,0.055600000000000004,456774636701154.562500
-0.10616999999999999,0.018000000000000002,0.055600000000000004,456774636701154.562500
-0.10615999999999998,0.0228,0.055600000000000004,456774636701154.562500
-0.10614999999999997,0.022000000000000002,0.058,456774636701154.562500
-0.10613999999999996,0.0228,0.0572,456774636701154.562500
-0.10612999999999995,0.0188,0.055600000000000004,456774636701154.562500
-0.10611999999999999,0.0228,0.056400000000000006,456774636701154.562500
-0.10610999999999998,0.0188,0.056400000000000006,456774636701154.562500
-0.10609999999999997,0.022000000000000002,0.056400000000000006,456774636701154.562500
-0.10608999999999996,0.0204,0.056400000000000006,456774636701154.562500
-0.10607999999999995,0.0204,0.0572,456774636701154.562500
-0.10606999999999994,0.0212,0.058,456774636701154.562500
-0.10605999999999999,0.0188,0.0516,456774636701154.562500
-0.10604999999999998,0.0228,0.0548,456774636701154.562500
-0.10603999999999997,0.022000000000000002,0.055600000000000004,456774636701154.562500
-0.10602999999999996,0.0212,0.0548,456774636701154.562500
-0.10601999999999995,0.0228,0.053200000000000004,456774636701154.562500
-0.10601,0.0172,0.050800000000000005,456774636701154.562500
-0.10599999999999998,0.0228,0.055600000000000004,456774636701154.562500
-0.10598999999999997,0.0236,0.0492,456774636701154.562500
-0.10597999999999996,0.0244,0.0572,456774636701154.562500
-0.10596999999999995,0.022000000000000002,0.058800000000000005,456774636701154.562500
-0.10595999999999994,0.0228,0.058800000000000005,456774636701154.562500
-0.10594999999999999,0.0252,0.0572,456774636701154.562500
-0.10593999999999998,0.0228,0.055600000000000004,456774636701154.562500
-0.10592999999999997,0.022000000000000002,0.058,456774636701154.562500
-0.10591999999999996,0.022000000000000002,0.053200000000000004,456774636701154.562500
-0.10590999999999995,0.0252,0.058,456774636701154.562500
-0.1059,0.0204,0.05,456774636701154.562500
-0.10588999999999998,0.0228,0.058,456774636701154.562500
-0.10587999999999997,0.0244,0.0524,456774636701154.562500
-0.10586999999999996,0.0236,0.055600000000000004,456774636701154.562500
-0.10585999999999995,0.022000000000000002,0.053200000000000004,456774636701154.562500
-0.10584999999999994,0.0228,0.055600000000000004,456774636701154.562500
-0.10583999999999999,0.022000000000000002,0.054,456774636701154.562500
-0.10582999999999998,0.0244,0.0524,456774636701154.562500
-0.10581999999999997,0.022000000000000002,0.058,456774636701154.562500
-0.10580999999999996,0.0204,0.045200000000000004,456774636701154.562500
-0.10579999999999995,0.0204,0.056400000000000006,456774636701154.562500
-0.10579,0.0204,0.058,456774636701154.562500
-0.10577999999999999,0.0204,0.0524,456774636701154.562500
-0.10576999999999998,0.022000000000000002,0.0572,456774636701154.562500
-0.10575999999999997,0.022000000000000002,0.0572,456774636701154.562500
-0.10574999999999996,0.022000000000000002,0.056400000000000006,456774636701154.562500
-0.10573999999999995,0.0236,0.058,456774636701154.562500
-0.10572999999999999,0.0212,0.056400000000000006,456774636701154.562500
-0.10571999999999998,0.0228,0.054,456774636701154.562500
-0.10570999999999997,0.022000000000000002,0.056400000000000006,456774636701154.562500
-0.10569999999999996,0.022000000000000002,0.056400000000000006,456774636701154.562500
-0.10568999999999995,0.0236,0.056400000000000006,456774636701154.562500
-0.10567999999999994,0.0212,0.0572,456774636701154.562500
-0.10566999999999999,0.0244,0.0524,456774636701154.562500
-0.10565999999999998,0.0244,0.058,456774636701154.562500
-0.10564999999999997,0.0236,0.055600000000000004,456774636701154.562500
-0.10563999999999996,0.0244,0.058,456774636701154.562500
-0.10562999999999995,0.0236,0.053200000000000004,456774636701154.562500
-0.10561999999999999,0.0244,0.0516,456774636701154.562500
-0.10560999999999998,0.0252,0.054,456774636701154.562500
-0.10559999999999997,0.0236,0.0524,456774636701154.562500
-0.10558999999999996,0.0228,0.056400000000000006,456774636701154.562500
-0.10557999999999995,0.0236,0.05,456774636701154.562500
-0.10556999999999994,0.0236,0.053200000000000004,456774636701154.562500
-0.10555999999999999,0.0244,0.055600000000000004,456774636701154.562500
-0.10554999999999998,0.022000000000000002,0.054,456774636701154.562500
-0.10553999999999997,0.0236,0.0572,456774636701154.562500
-0.10552999999999996,0.0228,0.054,456774636701154.562500
-0.10551999999999995,0.0204,0.056400000000000006,456774636701154.562500
-0.10550999999999999,0.022000000000000002,0.054,456774636701154.562500
-0.10549999999999998,0.0228,0.054,456774636701154.562500
-0.10548999999999997,0.0228,0.0572,456774636701154.562500
-0.10547999999999996,0.0212,0.056400000000000006,456774636701154.562500
-0.10546999999999995,0.022000000000000002,0.0572,456774636701154.562500
-0.10545999999999994,0.022000000000000002,0.050800000000000005,456774636701154.562500
-0.10544999999999999,0.0212,0.056400000000000006,456774636701154.562500
-0.10543999999999998,0.022000000000000002,0.046,456774636701154.562500
-0.10542999999999997,0.0228,0.055600000000000004,456774636701154.562500
-0.10541999999999996,0.0228,0.045200000000000004,456774636701154.562500
-0.10540999999999995,0.0236,0.058800000000000005,456774636701154.562500
-0.1054,0.022000000000000002,0.056400000000000006,456774636701154.562500
-0.10538999999999998,0.0228,0.058,456774636701154.562500
-0.10537999999999997,0.022000000000000002,0.056400000000000006,456774636701154.562500
-0.10536999999999996,0.0228,0.058,456774636701154.562500
-0.10535999999999995,0.0196,0.0468,456774636701154.562500
-0.10534999999999994,0.0228,0.0572,456774636701154.562500
-0.10533999999999999,0.0212,0.048400000000000006,456774636701154.562500
-0.10532999999999998,0.0204,0.056400000000000006,456774636701154.562500
-0.10531999999999997,0.0244,0.0476,456774636701154.562500
-0.10530999999999996,0.0244,0.058,456774636701154.562500
-0.10529999999999995,0.0244,0.0436,456774636701154.562500
-0.10529,0.0244,0.0524,456774636701154.562500
-0.10527999999999998,0.022000000000000002,0.05,456774636701154.562500
-0.10526999999999997,0.0244,0.055600000000000004,456774636701154.562500
-0.10525999999999996,0.022000000000000002,0.0572,456774636701154.562500
-0.10524999999999995,0.0228,0.058,456774636701154.562500
-0.10523999999999994,0.022000000000000002,0.058800000000000005,456774636701154.562500
-0.10522999999999999,0.018000000000000002,0.0572,456774636701154.562500
-0.10521999999999998,0.022000000000000002,0.053200000000000004,456774636701154.562500
-0.10520999999999997,0.0212,0.058,456774636701154.562500
-0.10519999999999996,0.0164,0.054,456774636701154.562500
-0.10518999999999995,0.0228,0.0548,456774636701154.562500
-0.10517999999999994,0.0164,0.0572,456774636701154.562500
-0.10516999999999999,0.022000000000000002,0.053200000000000004,456774636701154.562500
-0.10515999999999998,0.022000000000000002,0.058,456774636701154.562500
-0.10514999999999997,0.0212,0.054,456774636701154.562500
-0.10513999999999996,0.0212,0.0492,456774636701154.562500
-0.10512999999999995,0.0228,0.0548,456774636701154.562500
-0.10511999999999999,0.0204,0.045200000000000004,456774636701154.562500
-0.10510999999999998,0.0228,0.0572,456774636701154.562500
-0.10509999999999997,0.0188,0.058,456774636701154.562500
-0.10508999999999996,0.0228,0.0548,456774636701154.562500
-0.10507999999999995,0.0172,0.056400000000000006,456774636701154.562500
-0.10506999999999994,0.0228,0.0572,456774636701154.562500
-0.10505999999999999,0.022000000000000002,0.0572,456774636701154.562500
-0.10504999999999998,0.0244,0.056400000000000006,456774636701154.562500
-0.10503999999999997,0.0244,0.055600000000000004,456774636701154.562500
-0.10502999999999996,0.0228,0.0572,456774636701154.562500
-0.10501999999999995,0.0252,0.050800000000000005,456774636701154.562500
-0.10500999999999999,0.0236,0.056400000000000006,456774636701154.562500
-0.10499999999999998,0.0236,0.0524,456774636701154.562500
-0.10498999999999997,0.0244,0.058,456774636701154.562500
-0.10497999999999996,0.0236,0.056400000000000006,456774636701154.562500
-0.10496999999999995,0.0196,0.0548,456774636701154.562500
-0.10495999999999994,0.0228,0.054,456774636701154.562500
-0.10494999999999999,0.0188,0.0516,456774636701154.562500
-0.10493999999999998,0.0236,0.0548,456774636701154.562500
-0.10492999999999997,0.022000000000000002,0.058,456774636701154.562500
-0.10491999999999996,0.022000000000000002,0.0548,456774636701154.562500
-0.10490999999999995,0.0164,0.0572,456774636701154.562500
-0.1049,0.0236,0.058800000000000005,456774636701154.562500
-0.10488999999999998,0.0196,0.050800000000000005,456774636701154.562500
-0.10487999999999997,0.022000000000000002,0.056400000000000006,456774636701154.562500
-0.10486999999999996,0.0228,0.0548,456774636701154.562500
-0.10485999999999995,0.0212,0.058,456774636701154.562500
-0.10484999999999994,0.022000000000000002,0.0548,456774636701154.562500
-0.10483999999999999,0.0204,0.055600000000000004,456774636701154.562500
-0.10482999999999998,0.0236,0.0572,456774636701154.562500
-0.10481999999999997,0.0236,0.0572,456774636701154.562500
-0.10480999999999996,0.018000000000000002,0.058800000000000005,456774636701154.562500
-0.10479999999999995,0.0236,0.056400000000000006,456774636701154.562500
-0.10479,0.0212,0.0572,456774636701154.562500
-0.10477999999999998,0.022000000000000002,0.054,456774636701154.562500
-0.10476999999999997,0.0244,0.0548,456774636701154.562500
-0.10475999999999996,0.0236,0.0524,456774636701154.562500
-0.10474999999999995,0.0236,0.055600000000000004,456774636701154.562500
-0.10473999999999994,0.0204,0.056400000000000006,456774636701154.562500
-0.10472999999999999,0.0228,0.0524,456774636701154.562500
-0.10471999999999998,0.0236,0.05,456774636701154.562500
-0.10470999999999997,0.022000000000000002,0.0572,456774636701154.562500
-0.10469999999999996,0.0236,0.055600000000000004,456774636701154.562500
-0.10468999999999995,0.0236,0.0572,456774636701154.562500
-0.10468,0.0212,0.055600000000000004,456774636701154.562500
-0.10466999999999999,0.0252,0.056400000000000006,456774636701154.562500
-0.10465999999999998,0.0228,0.0548,456774636701154.562500
-0.10464999999999997,0.0244,0.055600000000000004,456774636701154.562500
-0.10463999999999996,0.022000000000000002,0.053200000000000004,456774636701154.562500
-0.10462999999999995,0.022000000000000002,0.056400000000000006,456774636701154.562500
-0.10461999999999999,0.022000000000000002,0.0548,456774636701154.562500
-0.10460999999999998,0.022000000000000002,0.0516,456774636701154.562500
-0.10459999999999997,0.022000000000000002,0.056400000000000006,456774636701154.562500
-0.10458999999999996,0.022000000000000002,0.0492,456774636701154.562500
-0.10457999999999995,0.0244,0.056400000000000006,456774636701154.562500
-0.10456999999999994,0.0236,0.048400000000000006,456774636701154.562500
-0.10455999999999999,0.022000000000000002,0.0548,456774636701154.562500
-0.10454999999999998,0.0244,0.0524,456774636701154.562500
-0.10453999999999997,0.0228,0.054,456774636701154.562500
-0.10452999999999996,0.022000000000000002,0.0492,456774636701154.562500
-0.10451999999999995,0.0228,0.056400000000000006,456774636701154.562500
-0.10450999999999999,0.022000000000000002,0.0548,456774636701154.562500
-0.10449999999999998,0.0236,0.055600000000000004,456774636701154.562500
-0.10448999999999997,0.0212,0.056400000000000006,456774636701154.562500
-0.10447999999999996,0.0188,0.055600000000000004,456774636701154.562500
-0.10446999999999995,0.0244,0.058,456774636701154.562500
-0.10445999999999994,0.0244,0.0516,456774636701154.562500
-0.10444999999999999,0.0236,0.055600000000000004,456774636701154.562500
-0.10443999999999998,0.0236,0.050800000000000005,456774636701154.562500
-0.10442999999999997,0.0236,0.0548,456774636701154.562500
-0.10441999999999996,0.0244,0.054,456774636701154.562500
-0.10440999999999995,0.022000000000000002,0.056400000000000006,456774636701154.562500
-0.10439999999999999,0.0244,0.0572,456774636701154.562500
-0.10438999999999998,0.0244,0.058,456774636701154.562500
-0.10437999999999997,0.0244,0.058800000000000005,456774636701154.562500
-0.10436999999999996,0.0252,0.0572,456774636701154.562500
-0.10435999999999995,0.0236,0.0492,456774636701154.562500
-0.10434999999999994,0.0236,0.058,456774636701154.562500
-0.10433999999999999,0.022000000000000002,0.058,456774636701154.562500
-0.10432999999999998,0.0212,0.058800000000000005,456774636701154.562500
-0.10431999999999997,0.0196,0.0516,456774636701154.562500
-0.10430999999999996,0.022000000000000002,0.058,456774636701154.562500
-0.10429999999999995,0.0196,0.054,456774636701154.562500
-0.10429,0.022000000000000002,0.058,456774636701154.562500
-0.10427999999999998,0.022000000000000002,0.0572,456774636701154.562500
-0.10426999999999997,0.0228,0.058800000000000005,456774636701154.562500
-0.10425999999999996,0.022000000000000002,0.0572,456774636701154.562500
-0.10424999999999995,0.022000000000000002,0.055600000000000004,456774636701154.562500
-0.10423999999999994,0.0228,0.056400000000000006,456774636701154.562500
-0.10422999999999999,0.022000000000000002,0.0572,456774636701154.562500
-0.10421999999999998,0.022000000000000002,0.056400000000000006,456774636701154.562500
-0.10420999999999997,0.022000000000000002,0.0524,456774636701154.562500
-0.10419999999999996,0.0236,0.0572,456774636701154.562500
-0.10418999999999995,0.0236,0.0444,456774636701154.562500
-0.10418,0.0228,0.055600000000000004,456774636701154.562500
-0.10416999999999998,0.0236,0.0524,456774636701154.562500
-0.10415999999999997,0.0236,0.0596,456774636701154.562500
-0.10414999999999996,0.0228,0.058800000000000005,456774636701154.562500
-0.10413999999999995,0.0228,0.055600000000000004,456774636701154.562500
-0.10412999999999994,0.0236,0.0572,456774636701154.562500
-0.10411999999999999,0.0228,0.0476,456774636701154.562500
-0.10410999999999998,0.0236,0.0524,456774636701154.562500
-0.10409999999999997,0.0236,0.054,456774636701154.562500
-0.10408999999999996,0.0236,0.0572,456774636701154.562500
-0.10407999999999995,0.0228,0.0548,456774636701154.562500
-0.10406999999999994,0.0228,0.050800000000000005,456774636701154.562500
-0.10405999999999999,0.0212,0.0476,456774636701154.562500
-0.10404999999999998,0.0244,0.0572,456774636701154.562500
-0.10403999999999997,0.022000000000000002,0.0516,456774636701154.562500
-0.10402999999999996,0.0236,0.055600000000000004,456774636701154.562500
-0.10401999999999995,0.0204,0.056400000000000006,456774636701154.562500
-0.10400999999999999,0.022000000000000002,0.05,456774636701154.562500
-0.10399999999999998,0.0212,0.055600000000000004,456774636701154.562500
-0.10398999999999997,0.0212,0.055600000000000004,456774636701154.562500
-0.10397999999999996,0.0212,0.053200000000000004,456774636701154.562500
-0.10396999999999995,0.0228,0.0572,456774636701154.562500
-0.10395999999999994,0.0188,0.055600000000000004,456774636701154.562500
-0.10394999999999999,0.022000000000000002,0.055600000000000004,456774636701154.562500
-0.10393999999999998,0.022000000000000002,0.058,456774636701154.562500
-0.10392999999999997,0.022000000000000002,0.0572,456774636701154.562500
-0.10391999999999996,0.0212,0.056400000000000006,456774636701154.562500
-0.10390999999999995,0.022000000000000002,0.055600000000000004,456774636701154.562500
-0.10389999999999999,0.0196,0.056400000000000006,456774636701154.562500
-0.10388999999999998,0.018000000000000002,0.0572,456774636701154.562500
-0.10387999999999997,0.0204,0.0572,456774636701154.562500
-0.10386999999999996,0.0212,0.0548,456774636701154.562500
-0.10385999999999995,0.0164,0.056400000000000006,456774636701154.562500
-0.10384999999999994,0.022000000000000002,0.058,456774636701154.562500
-0.10383999999999999,0.0172,0.058,456774636701154.562500
-0.10382999999999998,0.0228,0.056400000000000006,456774636701154.562500
-0.10381999999999997,0.022000000000000002,0.0572,456774636701154.562500
-0.10380999999999996,0.0236,0.0572,456774636701154.562500
-0.10379999999999995,0.0228,0.058800000000000005,456774636701154.562500
-0.10379,0.0236,0.058,456774636701154.562500
-0.10377999999999998,0.0244,0.055600000000000004,456774636701154.562500
-0.10376999999999997,0.0244,0.056400000000000006,456774636701154.562500
-0.10375999999999996,0.0228,0.0548,456774636701154.562500
-0.10374999999999995,0.0236,0.0516,456774636701154.562500
-0.10373999999999994,0.0244,0.058800000000000005,456774636701154.562500
-0.10372999999999999,0.0236,0.056400000000000006,456774636701154.562500
-0.10371999999999998,0.0228,0.0572,456774636701154.562500
-0.10370999999999997,0.022000000000000002,0.058,456774636701154.562500
-0.10369999999999996,0.0228,0.058,456774636701154.562500
-0.10368999999999995,0.0212,0.055600000000000004,456774636701154.562500
-0.10368,0.0228,0.056400000000000006,456774636701154.562500
-0.10366999999999998,0.022000000000000002,0.056400000000000006,456774636701154.562500
-0.10365999999999997,0.022000000000000002,0.056400000000000006,456774636701154.562500
-0.10364999999999996,0.0212,0.053200000000000004,456774636701154.562500
-0.10363999999999995,0.022000000000000002,0.0516,456774636701154.562500
-0.10362999999999994,0.0228,0.045200000000000004,456774636701154.562500
-0.10361999999999999,0.0228,0.054,456774636701154.562500
-0.10360999999999998,0.0228,0.0572,456774636701154.562500
-0.10359999999999997,0.0236,0.0572,456774636701154.562500
-0.10358999999999996,0.022000000000000002,0.0572,456774636701154.562500
-0.10357999999999995,0.022000000000000002,0.0572,456774636701154.562500
-0.10356999999999994,0.0236,0.058,456774636701154.562500
-0.10355999999999999,0.0244,0.055600000000000004,456774636701154.562500
-0.10354999999999998,0.0252,0.0572,456774636701154.562500
-0.10353999999999997,0.0236,0.056400000000000006,456774636701154.562500
-0.10352999999999996,0.0244,0.055600000000000004,456774636701154.562500
-0.10351999999999995,0.0228,0.056400000000000006,456774636701154.562500
-0.10350999999999999,0.026000000000000002,0.0572,456774636701154.562500
-0.10349999999999998,0.0236,0.0524,456774636701154.562500
-0.10348999999999997,0.0252,0.0572,456774636701154.562500
-0.10347999999999996,0.022000000000000002,0.0516,456774636701154.562500
-0.10346999999999995,0.0252,0.056400000000000006,456774636701154.562500
-0.10345999999999994,0.0236,0.046,456774636701154.562500
-0.10344999999999999,0.0252,0.055600000000000004,456774636701154.562500
-0.10343999999999998,0.022000000000000002,0.050800000000000005,456774636701154.562500
-0.10342999999999997,0.0236,0.056400000000000006,456774636701154.562500
-0.10341999999999996,0.022000000000000002,0.0468,456774636701154.562500
-0.10340999999999995,0.022000000000000002,0.055600000000000004,456774636701154.562500
-0.10339999999999999,0.0236,0.056400000000000006,456774636701154.562500
-0.10338999999999998,0.0228,0.045200000000000004,456774636701154.562500
-0.10337999999999997,0.0236,0.058,456774636701154.562500
-0.10336999999999996,0.0188,0.054,456774636701154.562500
-0.10335999999999995,0.0172,0.0572,456774636701154.562500
-0.10334999999999994,0.0236,0.056400000000000006,456774636701154.562500
-0.10333999999999999,0.022000000000000002,0.0572,456774636701154.562500
-0.10332999999999998,0.0236,0.0572,456774636701154.562500
-0.10331999999999997,0.0172,0.0572,456774636701154.562500
-0.10330999999999996,0.0204,0.0572,456774636701154.562500
-0.10329999999999995,0.0148,0.05,456774636701154.562500
-0.10328999999999999,0.0212,0.056400000000000006,456774636701154.562500
-0.10327999999999998,0.022000000000000002,0.056400000000000006,456774636701154.562500
-0.10326999999999997,0.022000000000000002,0.055600000000000004,456774636701154.562500
-0.10325999999999996,0.0228,0.058,456774636701154.562500
-0.10324999999999995,0.0252,0.055600000000000004,456774636701154.562500
-0.10323999999999994,0.0236,0.058,456774636701154.562500
-0.10322999999999999,0.022000000000000002,0.055600000000000004,456774636701154.562500
-0.10321999999999998,0.0212,0.053200000000000004,456774636701154.562500
-0.10320999999999997,0.026000000000000002,0.0572,456774636701154.562500
-0.10319999999999996,0.0236,0.055600000000000004,456774636701154.562500
-0.10318999999999995,0.0204,0.054,456774636701154.562500
-0.10318,0.026000000000000002,0.055600000000000004,456774636701154.562500
-0.10316999999999998,0.0228,0.053200000000000004,456774636701154.562500
-0.10315999999999997,0.0228,0.0572,456774636701154.562500
-0.10314999999999996,0.022000000000000002,0.0572,456774636701154.562500
-0.10313999999999995,0.0244,0.056400000000000006,456774636701154.562500
-0.10312999999999994,0.0236,0.0492,456774636701154.562500
-0.10311999999999999,0.0236,0.0524,456774636701154.562500
-0.10310999999999998,0.0212,0.058800000000000005,456774636701154.562500
-0.10309999999999997,0.0236,0.058,456774636701154.562500
-0.10308999999999996,0.0204,0.0516,456774636701154.562500
-0.10307999999999995,0.0228,0.058,456774636701154.562500
-0.10307,0.0212,0.058,456774636701154.562500
-0.10305999999999998,0.022000000000000002,0.053200000000000004,456774636701154.562500
-0.10304999999999997,0.0228,0.0572,456774636701154.562500
-0.10303999999999996,0.022000000000000002,0.053200000000000004,456774636701154.562500
-0.10302999999999995,0.022000000000000002,0.0572,456774636701154.562500
-0.10301999999999994,0.018000000000000002,0.055600000000000004,456774636701154.562500
-0.10300999999999999,0.022000000000000002,0.0572,456774636701154.562500
-0.10299999999999998,0.0196,0.056400000000000006,456774636701154.562500
-0.10298999999999997,0.0212,0.055600000000000004,456774636701154.562500
-0.10297999999999996,0.0228,0.056400000000000006,456774636701154.562500
-0.10296999999999995,0.022000000000000002,0.050800000000000005,456774636701154.562500
-0.10295999999999994,0.022000000000000002,0.053200000000000004,456774636701154.562500
-0.10294999999999999,0.0228,0.055600000000000004,456774636701154.562500
-0.10293999999999998,0.0236,0.054,456774636701154.562500
-0.10292999999999997,0.0236,0.058,456774636701154.562500
-0.10291999999999996,0.0236,0.058,456774636701154.562500
-0.10290999999999995,0.0236,0.0572,456774636701154.562500
-0.10289999999999999,0.0228,0.054,456774636701154.562500
-0.10288999999999998,0.0252,0.056400000000000006,456774636701154.562500
-0.10287999999999997,0.0252,0.0572,456774636701154.562500
-0.10286999999999996,0.0252,0.058,456774636701154.562500
-0.10285999999999995,0.0236,0.058,456774636701154.562500
-0.10284999999999994,0.0228,0.0572,456774636701154.562500
-0.10283999999999999,0.0236,0.05,456774636701154.562500
-0.10282999999999998,0.0236,0.0572,456774636701154.562500
-0.10281999999999997,0.0228,0.058,456774636701154.562500
-0.10280999999999996,0.022000000000000002,0.055600000000000004,456774636701154.562500
-0.10279999999999995,0.022000000000000002,0.058,456774636701154.562500
-0.10278999999999999,0.022000000000000002,0.055600000000000004,456774636701154.562500
-0.10277999999999998,0.022000000000000002,0.056400000000000006,456774636701154.562500
-0.10276999999999997,0.0236,0.0548,456774636701154.562500
-0.10275999999999996,0.0228,0.0572,456774636701154.562500
-0.10274999999999995,0.0228,0.0572,456774636701154.562500
-0.10273999999999994,0.0212,0.058,456774636701154.562500
-0.10272999999999999,0.0212,0.056400000000000006,456774636701154.562500
-0.10271999999999998,0.0236,0.058,456774636701154.562500
-0.10270999999999997,0.022000000000000002,0.0604,456774636701154.562500
-0.10269999999999996,0.0228,0.058,456774636701154.562500
-0.10268999999999995,0.022000000000000002,0.0572,456774636701154.562500
-0.10268,0.0212,0.056400000000000006,456774636701154.562500
-0.10266999999999998,0.0212,0.056400000000000006,456774636701154.562500
-0.10265999999999997,0.0212,0.055600000000000004,456774636701154.562500
-0.10264999999999996,0.022000000000000002,0.0572,456774636701154.562500
-0.10263999999999995,0.0228,0.056400000000000006,456774636701154.562500
-0.10262999999999994,0.0252,0.056400000000000006,456774636701154.562500
-0.10261999999999999,0.0228,0.056400000000000006,456774636701154.562500
-0.10260999999999998,0.0236,0.0548,456774636701154.562500
-0.10259999999999997,0.0236,0.0524,456774636701154.562500
-0.10258999999999996,0.0244,0.054,456774636701154.562500
-0.10257999999999995,0.0244,0.054,456774636701154.562500
-0.10257,0.0244,0.058,456774636701154.562500
-0.10255999999999998,0.0244,0.0524,456774636701154.562500
-0.10254999999999997,0.022000000000000002,0.0468,456774636701154.562500
-0.10253999999999996,0.0236,0.050800000000000005,456774636701154.562500
-0.10252999999999995,0.0228,0.05,456774636701154.562500
-0.10251999999999994,0.0244,0.054,456774636701154.562500
-0.10250999999999999,0.0212,0.058,456774636701154.562500
-0.10249999999999998,0.022000000000000002,0.056400000000000006,456774636701154.562500
-0.10248999999999997,0.022000000000000002,0.058,456774636701154.562500
-0.10247999999999996,0.022000000000000002,0.058,456774636701154.562500
-0.10246999999999995,0.0228,0.058800000000000005,456774636701154.562500
-0.10245999999999994,0.0212,0.0548,456774636701154.562500
-0.10244999999999999,0.0228,0.058,456774636701154.562500
-0.10243999999999998,0.022000000000000002,0.0548,456774636701154.562500
-0.10242999999999997,0.022000000000000002,0.050800000000000005,456774636701154.562500
-0.10241999999999996,0.022000000000000002,0.0548,456774636701154.562500
-0.10240999999999995,0.0228,0.055600000000000004,456774636701154.562500
-0.10239999999999999,0.0212,0.055600000000000004,456774636701154.562500
-0.10238999999999998,0.0228,0.0524,456774636701154.562500
-0.10237999999999997,0.0196,0.0548,456774636701154.562500
-0.10236999999999996,0.0228,0.055600000000000004,456774636701154.562500
-0.10235999999999995,0.0228,0.0572,456774636701154.562500
-0.10234999999999994,0.0228,0.055600000000000004,456774636701154.562500
-0.10233999999999999,0.0236,0.0572,456774636701154.562500
-0.10232999999999998,0.0228,0.050800000000000005,456774636701154.562500
-0.10231999999999997,0.022000000000000002,0.054,456774636701154.562500
-0.10230999999999996,0.0228,0.0516,456774636701154.562500
-0.10229999999999995,0.0244,0.0516,456774636701154.562500
-0.10228999999999999,0.0244,0.048400000000000006,456774636701154.562500
-0.10227999999999998,0.0236,0.050800000000000005,456774636701154.562500
-0.10226999999999997,0.0244,0.045200000000000004,456774636701154.562500
-0.10225999999999996,0.0212,0.045200000000000004,456774636701154.562500
-0.10224999999999995,0.022000000000000002,0.046,456774636701154.562500
-0.10223999999999994,0.0196,0.058,456774636701154.562500
-0.10222999999999999,0.0212,0.058,456774636701154.562500
-0.10221999999999998,0.0204,0.0572,456774636701154.562500
-0.10220999999999997,0.0212,0.058,456774636701154.562500
-0.10219999999999996,0.0188,0.058800000000000005,456774636701154.562500
-0.10218999999999995,0.0228,0.056400000000000006,456774636701154.562500
-0.10217999999999999,0.022000000000000002,0.054,456774636701154.562500
-0.10216999999999998,0.022000000000000002,0.0524,456774636701154.562500
-0.10215999999999997,0.0212,0.0476,456774636701154.562500
-0.10214999999999996,0.0204,0.0476,456774636701154.562500
-0.10213999999999995,0.0212,0.0444,456774636701154.562500
-0.10212999999999994,0.0204,0.053200000000000004,456774636701154.562500
-0.10211999999999999,0.022000000000000002,0.0524,456774636701154.562500
-0.10210999999999998,0.022000000000000002,0.056400000000000006,456774636701154.562500
-0.10209999999999997,0.022000000000000002,0.058800000000000005,456774636701154.562500
-0.10208999999999996,0.0236,0.055600000000000004,456774636701154.562500
-0.10207999999999995,0.0212,0.058,456774636701154.562500
-0.10207,0.0212,0.0572,456774636701154.562500
-0.10205999999999998,0.022000000000000002,0.056400000000000006,456774636701154.562500
-0.10204999999999997,0.0244,0.050800000000000005,456774636701154.562500
-0.10203999999999996,0.0228,0.056400000000000006,456774636701154.562500
-0.10202999999999995,0.0236,0.05,456774636701154.562500
-0.10201999999999994,0.0212,0.0572,456774636701154.562500
-0.10200999999999999,0.0236,0.056400000000000006,456774636701154.562500
-0.10199999999999998,0.022000000000000002,0.056400000000000006,456774636701154.562500
-0.10198999999999997,0.0204,0.055600000000000004,456774636701154.562500
-0.10197999999999996,0.0236,0.058,456774636701154.562500
-0.10196999999999995,0.022000000000000002,0.055600000000000004,456774636701154.562500
-0.10196,0.022000000000000002,0.058,456774636701154.562500
-0.10194999999999999,0.022000000000000002,0.0548,456774636701154.562500
-0.10193999999999998,0.0236,0.0572,456774636701154.562500
-0.10192999999999997,0.0228,0.0572,456774636701154.562500
-0.10191999999999996,0.0236,0.0548,456774636701154.562500
-0.10190999999999995,0.022000000000000002,0.050800000000000005,456774636701154.562500
-0.10189999999999999,0.0236,0.058,456774636701154.562500
-0.10188999999999998,0.0236,0.056400000000000006,456774636701154.562500
-0.10187999999999997,0.0236,0.0468,456774636701154.562500
-0.10186999999999996,0.022000000000000002,0.0492,456774636701154.562500
-0.10185999999999995,0.0236,0.048400000000000006,456774636701154.562500
-0.10184999999999994,0.022000000000000002,0.053200000000000004,456774636701154.562500
-0.10183999999999999,0.018000000000000002,0.0524,456774636701154.562500
-0.10182999999999998,0.0228,0.055600000000000004,456774636701154.562500
-0.10181999999999997,0.0212,0.055600000000000004,456774636701154.562500
-0.10180999999999996,0.0212,0.056400000000000006,456774636701154.562500
-0.10179999999999995,0.0212,0.05,456774636701154.562500
-0.10178999999999999,0.0236,0.0572,456774636701154.562500
-0.10177999999999998,0.0228,0.0492,456774636701154.562500
-0.10176999999999997,0.0212,0.050800000000000005,456774636701154.562500
-0.10175999999999996,0.0204,0.053200000000000004,456774636701154.562500
-0.10174999999999995,0.018000000000000002,0.046,456774636701154.562500
-0.10173999999999994,0.022000000000000002,0.030000000000000002,456774636701154.562500
-0.10172999999999999,0.0228,0.0492,456774636701154.562500
-0.10171999999999998,0.0244,0.053200000000000004,456774636701154.562500
-0.10170999999999997,0.0236,0.056400000000000006,456774636701154.562500
-0.10169999999999996,0.0252,0.0524,456774636701154.562500
-0.10168999999999995,0.0244,0.054,456774636701154.562500
-0.10167999999999999,0.0196,0.05,456774636701154.562500
-0.10166999999999998,0.0236,0.058,456774636701154.562500
-0.10165999999999997,0.0244,0.055600000000000004,456774636701154.562500
-0.10164999999999996,0.0252,0.058,456774636701154.562500
-0.10163999999999995,0.0236,0.058,456774636701154.562500
-0.10162999999999994,0.0236,0.058,456774636701154.562500
-0.10161999999999999,0.0236,0.056400000000000006,456774636701154.562500
-0.10160999999999998,0.0228,0.055600000000000004,456774636701154.562500
-0.10159999999999997,0.0236,0.054,456774636701154.562500
-0.10158999999999996,0.0228,0.056400000000000006,456774636701154.562500
-0.10157999999999995,0.0228,0.058,456774636701154.562500
-0.10157,0.0236,0.055600000000000004,456774636701154.562500
-0.10155999999999998,0.0212,0.0516,456774636701154.562500
-0.10154999999999997,0.022000000000000002,0.056400000000000006,456774636701154.562500
-0.10153999999999996,0.0212,0.0524,456774636701154.562500
-0.10152999999999995,0.0212,0.056400000000000006,456774636701154.562500
-0.10151999999999994,0.0212,0.0572,456774636701154.562500
-0.10150999999999999,0.0212,0.056400000000000006,456774636701154.562500
-0.10149999999999998,0.0228,0.0572,456774636701154.562500
-0.10148999999999997,0.022000000000000002,0.058,456774636701154.562500
-0.10147999999999996,0.022000000000000002,0.058,456774636701154.562500
-0.10146999999999995,0.0212,0.056400000000000006,456774636701154.562500
-0.10146,0.0236,0.058,456774636701154.562500
-0.10144999999999998,0.0236,0.0572,456774636701154.562500
-0.10143999999999997,0.022000000000000002,0.056400000000000006,456774636701154.562500
-0.10142999999999996,0.0236,0.056400000000000006,456774636701154.562500
-0.10141999999999995,0.0228,0.055600000000000004,456774636701154.562500
-0.10140999999999994,0.0236,0.053200000000000004,456774636701154.562500
-0.10139999999999999,0.0236,0.053200000000000004,456774636701154.562500
-0.10138999999999998,0.0244,0.0524,456774636701154.562500
-0.10137999999999997,0.0244,0.056400000000000006,456774636701154.562500
-0.10136999999999996,0.0252,0.0596,456774636701154.562500
-0.10135999999999995,0.022000000000000002,0.056400000000000006,456774636701154.562500
-0.10134999999999994,0.0204,0.053200000000000004,456774636701154.562500
-0.10133999999999999,0.0212,0.0572,456774636701154.562500
-0.10132999999999998,0.0164,0.058,456774636701154.562500
-0.10131999999999997,0.0196,0.0572,456774636701154.562500
-0.10130999999999996,0.0228,0.055600000000000004,456774636701154.562500
-0.10129999999999995,0.0236,0.0572,456774636701154.562500
-0.10128999999999999,0.0236,0.055600000000000004,456774636701154.562500
-0.10127999999999998,0.0212,0.0572,456774636701154.562500
-0.10126999999999997,0.0188,0.0572,456774636701154.562500
-0.10125999999999996,0.022000000000000002,0.056400000000000006,456774636701154.562500
-0.10124999999999995,0.022000000000000002,0.053200000000000004,456774636701154.562500
-0.10123999999999994,0.0212,0.055600000000000004,456774636701154.562500
-0.10122999999999999,0.0204,0.058800000000000005,456774636701154.562500
-0.10121999999999998,0.022000000000000002,0.056400000000000006,456774636701154.562500
-0.10120999999999997,0.0196,0.054,456774636701154.562500
-0.10119999999999996,0.0228,0.058,456774636701154.562500
-0.10118999999999995,0.0212,0.056400000000000006,456774636701154.562500
-0.10117999999999999,0.022000000000000002,0.056400000000000006,456774636701154.562500
-0.10116999999999998,0.0228,0.054,456774636701154.562500
-0.10115999999999997,0.0228,0.0572,456774636701154.562500
-0.10114999999999996,0.022000000000000002,0.058,456774636701154.562500
-0.10113999999999995,0.0212,0.056400000000000006,456774636701154.562500
-0.10112999999999994,0.0244,0.045200000000000004,456774636701154.562500
-0.10111999999999999,0.0236,0.0492,456774636701154.562500
-0.10110999999999998,0.0236,0.0476,456774636701154.562500
-0.10109999999999997,0.0228,0.054,456774636701154.562500
-0.10108999999999996,0.0236,0.0476,456774636701154.562500
-0.10107999999999995,0.0252,0.058,456774636701154.562500
-0.10107,0.022000000000000002,0.0572,456774636701154.562500
-0.10105999999999998,0.0252,0.0548,456774636701154.562500
-0.10104999999999997,0.0252,0.058,456774636701154.562500
-0.10103999999999996,0.0236,0.055600000000000004,456774636701154.562500
-0.10102999999999995,0.0252,0.0468,456774636701154.562500
-0.10101999999999994,0.0204,0.0572,456774636701154.562500
-0.10100999999999999,0.0228,0.056400000000000006,456774636701154.562500
-0.10099999999999998,0.0196,0.056400000000000006,456774636701154.562500
-0.10098999999999997,0.0204,0.0572,456774636701154.562500
-0.10097999999999996,0.0204,0.058,456774636701154.562500
-0.10096999999999995,0.022000000000000002,0.056400000000000006,456774636701154.562500
-0.10096,0.022000000000000002,0.058800000000000005,456774636701154.562500
-0.10094999999999998,0.0196,0.054,456774636701154.562500
-0.10093999999999997,0.022000000000000002,0.0516,456774636701154.562500
-0.10092999999999996,0.0212,0.0548,456774636701154.562500
-0.10091999999999995,0.018000000000000002,0.0516,456774636701154.562500
-0.10090999999999994,0.018000000000000002,0.0524,456774636701154.562500
-0.10089999999999999,0.0204,0.056400000000000006,456774636701154.562500
-0.10088999999999998,0.0188,0.0524,456774636701154.562500
-0.10087999999999997,0.022000000000000002,0.048400000000000006,456774636701154.562500
-0.10086999999999996,0.018000000000000002,0.045200000000000004,456774636701154.562500
-0.10085999999999995,0.014,0.0548,456774636701154.562500
-0.10084999999999994,0.018000000000000002,0.054,456774636701154.562500
-0.10083999999999999,0.0244,0.054,456774636701154.562500
-0.10082999999999998,0.022000000000000002,0.056400000000000006,456774636701154.562500
-0.10081999999999997,0.0244,0.055600000000000004,456774636701154.562500
-0.10080999999999996,0.0236,0.0548,456774636701154.562500
-0.10079999999999995,0.0228,0.056400000000000006,456774636701154.562500
-0.10078999999999999,0.0236,0.0524,456774636701154.562500
-0.10077999999999998,0.0244,0.0548,456774636701154.562500
-0.10076999999999997,0.026000000000000002,0.0516,456774636701154.562500
-0.10075999999999996,0.0252,0.056400000000000006,456774636701154.562500
-0.10074999999999995,0.0236,0.0516,456774636701154.562500
-0.10073999999999994,0.0236,0.054,456774636701154.562500
-0.10072999999999999,0.0244,0.05,456774636701154.562500
-0.10071999999999998,0.0244,0.050800000000000005,456774636701154.562500
-0.10070999999999997,0.022000000000000002,0.0572,456774636701154.562500
-0.10069999999999996,0.0228,0.055600000000000004,456774636701154.562500
-0.10068999999999995,0.0228,0.056400000000000006,456774636701154.562500
-0.10067999999999999,0.0228,0.056400000000000006,456774636701154.562500
-0.10066999999999998,0.0236,0.055600000000000004,456774636701154.562500
-0.10065999999999997,0.0228,0.058,456774636701154.562500
-0.10064999999999996,0.022000000000000002,0.058,456774636701154.562500
-0.10063999999999995,0.0228,0.0524,456774636701154.562500
-0.10062999999999994,0.0228,0.0516,456774636701154.562500
-0.10061999999999999,0.022000000000000002,0.042800000000000005,456774636701154.562500
-0.10060999999999998,0.0236,0.042800000000000005,456774636701154.562500
-0.10059999999999997,0.0204,0.042800000000000005,456774636701154.562500
-0.10058999999999996,0.0236,0.05,456774636701154.562500
-0.10057999999999995,0.0204,0.042,456774636701154.562500
-0.10056999999999999,0.0212,0.056400000000000006,456774636701154.562500
-0.10055999999999998,0.0228,0.0572,456774636701154.562500
-0.10054999999999997,0.0236,0.0572,456774636701154.562500
-0.10053999999999996,0.0196,0.0548,456774636701154.562500
-0.10052999999999995,0.0228,0.053200000000000004,456774636701154.562500
-0.10051999999999994,0.0204,0.0572,456774636701154.562500
-0.10050999999999999,0.0228,0.058,456774636701154.562500
-0.10049999999999998,0.0228,0.0572,456774636701154.562500
-0.10048999999999997,0.0252,0.0572,456774636701154.562500
-0.10047999999999996,0.0236,0.055600000000000004,456774636701154.562500
-0.10046999999999995,0.026000000000000002,0.054,456774636701154.562500
-0.10046,0.0244,0.054,456774636701154.562500
-0.10044999999999998,0.0252,0.055600000000000004,456774636701154.562500
-0.10043999999999997,0.0228,0.0572,456774636701154.562500
-0.10042999999999996,0.0252,0.0572,456774636701154.562500
-0.10041999999999995,0.0228,0.050800000000000005,456774636701154.562500
-0.10040999999999994,0.022000000000000002,0.053200000000000004,456774636701154.562500
-0.10039999999999999,0.0236,0.05,456774636701154.562500
-0.10038999999999998,0.0228,0.0548,456774636701154.562500
-0.10037999999999997,0.022000000000000002,0.0468,456774636701154.562500
-0.10036999999999996,0.0204,0.0492,456774636701154.562500
-0.10035999999999995,0.022000000000000002,0.053200000000000004,456774636701154.562500
-0.10035,0.0236,0.0572,456774636701154.562500
-0.10033999999999998,0.022000000000000002,0.0516,456774636701154.562500
-0.10032999999999997,0.022000000000000002,0.0548,456774636701154.562500
-0.10031999999999996,0.0236,0.05,456774636701154.562500
-0.10030999999999995,0.0228,0.0436,456774636701154.562500
-0.10029999999999994,0.0236,0.056400000000000006,456774636701154.562500
-0.10028999999999999,0.0228,0.0572,456774636701154.562500
-0.10027999999999998,0.0212,0.056400000000000006,456774636701154.562500
-0.10026999999999997,0.0212,0.058800000000000005,456774636701154.562500
-0.10025999999999996,0.022000000000000002,0.058,456774636701154.562500
-0.10024999999999995,0.0212,0.056400000000000006,456774636701154.562500
-0.10023999999999994,0.0228,0.056400000000000006,456774636701154.562500
-0.10022999999999999,0.022000000000000002,0.058,456774636701154.562500
-0.10021999999999998,0.0236,0.055600000000000004,456774636701154.562500
-0.10020999999999997,0.0236,0.058,456774636701154.562500
-0.10019999999999996,0.0236,0.056400000000000006,456774636701154.562500
-0.10018999999999995,0.022000000000000002,0.058,456774636701154.562500
-0.10017999999999999,0.0236,0.0548,456774636701154.562500
-0.10016999999999998,0.0244,0.0572,456774636701154.562500
-0.10015999999999997,0.0228,0.055600000000000004,456774636701154.562500
-0.10014999999999996,0.0252,0.0572,456774636701154.562500
-0.10013999999999995,0.0244,0.05,456774636701154.562500
-0.10012999999999994,0.0236,0.0572,456774636701154.562500
-0.10011999999999999,0.0236,0.056400000000000006,456774636701154.562500
-0.10010999999999998,0.0244,0.0572,456774636701154.562500
-0.10009999999999997,0.0236,0.056400000000000006,456774636701154.562500
-0.10008999999999996,0.0228,0.055600000000000004,456774636701154.562500
-0.10007999999999995,0.0244,0.058,456774636701154.562500
-0.10006999999999999,0.0204,0.056400000000000006,456774636701154.562500
-0.10005999999999998,0.0228,0.056400000000000006,456774636701154.562500
-0.10004999999999997,0.0236,0.056400000000000006,456774636701154.562500
-0.10003999999999996,0.022000000000000002,0.0516,456774636701154.562500
-0.10002999999999995,0.0228,0.0492,456774636701154.562500
-0.10001999999999994,0.0228,0.054,456774636701154.562500
-0.10000999999999999,0.022000000000000002,0.0596,456774636701154.562500
-0.09999999999999998,0.022000000000000002,0.055600000000000004,456774636701154.562500
-0.09998999999999997,0.022000000000000002,0.054,456774636701154.562500
-0.09997999999999996,0.022000000000000002,0.0548,456774636701154.562500
-0.09996999999999995,0.0228,0.054,456774636701154.562500
-0.09996,0.022000000000000002,0.0572,456774636701154.562500
-0.09994999999999998,0.0228,0.0572,456774636701154.562500
-0.09993999999999997,0.0228,0.056400000000000006,456774636701154.562500
-0.09992999999999996,0.0212,0.058,456774636701154.562500
-0.09991999999999995,0.0236,0.0548,456774636701154.562500
-0.09990999999999994,0.0236,0.058,456774636701154.562500
-0.09989999999999999,0.0228,0.055600000000000004,456774636701154.562500
-0.09988999999999998,0.0244,0.058,456774636701154.562500
-0.09987999999999997,0.026000000000000002,0.055600000000000004,456774636701154.562500
-0.09986999999999996,0.0228,0.056400000000000006,456774636701154.562500
-0.09985999999999995,0.0236,0.058800000000000005,456774636701154.562500
-0.09985,0.0236,0.0604,456774636701154.562500
-0.09983999999999998,0.0252,0.055600000000000004,456774636701154.562500
-0.09982999999999997,0.0244,0.058,456774636701154.562500
-0.09981999999999996,0.0228,0.0572,456774636701154.562500
-0.09980999999999995,0.0236,0.056400000000000006,456774636701154.562500
-0.09979999999999994,0.0236,0.054,456774636701154.562500
-0.09978999999999999,0.0244,0.0572,456774636701154.562500
-0.09977999999999998,0.022000000000000002,0.0548,456774636701154.562500
-0.09976999999999997,0.0204,0.0572,456774636701154.562500
-0.09975999999999996,0.0204,0.055600000000000004,456774636701154.562500
-0.09974999999999995,0.0212,0.050800000000000005,456774636701154.562500
-0.09973999999999994,0.022000000000000002,0.058,456774636701154.562500
-0.09972999999999999,0.0228,0.0572,456774636701154.562500
-0.09971999999999998,0.0228,0.056400000000000006,456774636701154.562500
-0.09970999999999997,0.0236,0.0572,456774636701154.562500
-0.09969999999999996,0.022000000000000002,0.056400000000000006,456774636701154.562500
-0.09968999999999995,0.022000000000000002,0.058800000000000005,456774636701154.562500
-0.09967999999999999,0.022000000000000002,0.058,456774636701154.562500
-0.09966999999999998,0.0204,0.058,456774636701154.562500
-0.09965999999999997,0.0204,0.0572,456774636701154.562500
-0.09964999999999996,0.022000000000000002,0.0492,456774636701154.562500
-0.09963999999999995,0.0212,0.0572,456774636701154.562500
-0.09962999999999994,0.0236,0.0548,456774636701154.562500
-0.09961999999999999,0.022000000000000002,0.0572,456774636701154.562500
-0.09960999999999998,0.0236,0.058,456774636701154.562500
-0.09959999999999997,0.0236,0.058,456774636701154.562500
-0.09958999999999996,0.0228,0.058800000000000005,456774636701154.562500
-0.09957999999999995,0.022000000000000002,0.058,456774636701154.562500
-0.09956999999999999,0.0236,0.0548,456774636701154.562500
-0.09955999999999998,0.0244,0.0572,456774636701154.562500
-0.09954999999999997,0.0252,0.058800000000000005,456774636701154.562500
-0.09953999999999996,0.026000000000000002,0.056400000000000006,456774636701154.562500
-0.09952999999999995,0.0236,0.055600000000000004,456774636701154.562500
-0.09951999999999994,0.0252,0.058,456774636701154.562500
-0.09950999999999999,0.0244,0.056400000000000006,456774636701154.562500
-0.09949999999999998,0.0236,0.056400000000000006,456774636701154.562500
-0.09948999999999997,0.0236,0.0572,456774636701154.562500
-0.09947999999999996,0.0244,0.0572,456774636701154.562500
-0.09946999999999995,0.0228,0.056400000000000006,456774636701154.562500
-0.09945999999999999,0.0236,0.058,456774636701154.562500
-0.09944999999999998,0.022000000000000002,0.053200000000000004,456774636701154.562500
-0.09943999999999997,0.0228,0.058800000000000005,456774636701154.562500
-0.09942999999999996,0.0236,0.0572,456774636701154.562500
-0.09941999999999995,0.0188,0.058,456774636701154.562500
-0.09940999999999994,0.0236,0.058800000000000005,456774636701154.562500
-0.09939999999999999,0.0204,0.055600000000000004,456774636701154.562500
-0.09938999999999998,0.0204,0.0572,456774636701154.562500
-0.09937999999999997,0.0204,0.0572,456774636701154.562500
-0.09936999999999996,0.022000000000000002,0.0572,456774636701154.562500
-0.09935999999999995,0.0228,0.0548,456774636701154.562500
-0.09935,0.0228,0.0572,456774636701154.562500
-0.09933999999999998,0.0236,0.0548,456774636701154.562500
-0.09932999999999997,0.022000000000000002,0.056400000000000006,456774636701154.562500
-0.09931999999999996,0.0212,0.058,456774636701154.562500
-0.09930999999999995,0.0228,0.056400000000000006,456774636701154.562500
-0.09929999999999994,0.0236,0.055600000000000004,456774636701154.562500
-0.09928999999999999,0.0236,0.053200000000000004,456774636701154.562500
-0.09927999999999998,0.0244,0.055600000000000004,456774636701154.562500
-0.09926999999999997,0.0252,0.056400000000000006,456774636701154.562500
-0.09925999999999996,0.0252,0.058,456774636701154.562500
-0.09924999999999995,0.0244,0.058,456774636701154.562500
-0.09924,0.026000000000000002,0.056400000000000006,456774636701154.562500
-0.09922999999999998,0.0244,0.056400000000000006,456774636701154.562500
-0.09921999999999997,0.0228,0.0396,456774636701154.562500
-0.09920999999999996,0.0244,0.048400000000000006,456774636701154.562500
-0.09919999999999995,0.0236,0.053200000000000004,456774636701154.562500
-0.09918999999999994,0.0244,0.056400000000000006,456774636701154.562500
-0.09917999999999999,0.0252,0.055600000000000004,456774636701154.562500
-0.09916999999999998,0.0236,0.058,456774636701154.562500
-0.09915999999999997,0.0212,0.0548,456774636701154.562500
-0.09914999999999996,0.0236,0.056400000000000006,456774636701154.562500
-0.09913999999999995,0.0228,0.056400000000000006,456774636701154.562500
-0.09912999999999994,0.0236,0.055600000000000004,456774636701154.562500
-0.09911999999999999,0.022000000000000002,0.058,456774636701154.562500
-0.09910999999999998,0.0236,0.053200000000000004,456774636701154.562500
-0.09909999999999997,0.0228,0.056400000000000006,456774636701154.562500
-0.09908999999999996,0.022000000000000002,0.058800000000000005,456774636701154.562500
-0.09907999999999995,0.0212,0.0548,456774636701154.562500
-0.09906999999999999,0.0212,0.058,456774636701154.562500
-0.09905999999999998,0.0204,0.0572,456774636701154.562500
-0.09904999999999997,0.022000000000000002,0.058,456774636701154.562500
-0.09903999999999996,0.0212,0.056400000000000006,456774636701154.562500
-0.09902999999999995,0.022000000000000002,0.058,456774636701154.562500
-0.09901999999999994,0.022000000000000002,0.055600000000000004,456774636701154.562500
-0.09900999999999999,0.0236,0.058,456774636701154.562500
-0.09899999999999998,0.0228,0.054,456774636701154.562500
-0.09898999999999997,0.0212,0.058,456774636701154.562500
-0.09897999999999996,0.0244,0.0572,456774636701154.562500
-0.09896999999999995,0.0204,0.058,456774636701154.562500
-0.09895999999999999,0.0252,0.0596,456774636701154.562500
-0.09894999999999998,0.0252,0.0572,456774636701154.562500
-0.09893999999999997,0.0244,0.0572,456774636701154.562500
-0.09892999999999996,0.022000000000000002,0.058,456774636701154.562500
-0.09891999999999995,0.0228,0.055600000000000004,456774636701154.562500
-0.09890999999999994,0.0244,0.0572,456774636701154.562500
-0.09889999999999999,0.022000000000000002,0.0572,456774636701154.562500
-0.09888999999999998,0.0204,0.0572,456774636701154.562500
-0.09887999999999997,0.0236,0.058,456774636701154.562500
-0.09886999999999996,0.0236,0.0548,456774636701154.562500
-0.09885999999999995,0.0236,0.0548,456774636701154.562500
-0.09885,0.0236,0.058,456774636701154.562500
-0.09883999999999998,0.0212,0.056400000000000006,456774636701154.562500
-0.09882999999999997,0.022000000000000002,0.055600000000000004,456774636701154.562500
-0.09881999999999996,0.0236,0.058,456774636701154.562500
-0.09880999999999995,0.022000000000000002,0.058,456774636701154.562500
-0.09879999999999994,0.0236,0.0572,456774636701154.562500
-0.09878999999999999,0.0212,0.058800000000000005,456774636701154.562500
-0.09877999999999998,0.0228,0.058,456774636701154.562500
-0.09876999999999997,0.0236,0.056400000000000006,456774636701154.562500
-0.09875999999999996,0.0212,0.054,456774636701154.562500
-0.09874999999999995,0.022000000000000002,0.058,456774636701154.562500
-0.09874,0.022000000000000002,0.058,456774636701154.562500
-0.09872999999999998,0.0228,0.0572,456774636701154.562500
-0.09871999999999997,0.0236,0.058,456774636701154.562500
-0.09870999999999996,0.0196,0.0516,456774636701154.562500
-0.09869999999999995,0.0228,0.056400000000000006,456774636701154.562500
-0.09868999999999994,0.022000000000000002,0.055600000000000004,456774636701154.562500
-0.09867999999999999,0.0236,0.055600000000000004,456774636701154.562500
-0.09866999999999998,0.0244,0.0548,456774636701154.562500
-0.09865999999999997,0.0228,0.058,456774636701154.562500
-0.09864999999999996,0.0228,0.0524,456774636701154.562500
-0.09863999999999995,0.0244,0.0524,456774636701154.562500
-0.09862999999999994,0.026000000000000002,0.0444,456774636701154.562500
-0.09861999999999999,0.0244,0.056400000000000006,456774636701154.562500
-0.09860999999999998,0.0244,0.058,456774636701154.562500
-0.09859999999999997,0.0244,0.0548,456774636701154.562500
-0.09858999999999996,0.0236,0.058,456774636701154.562500
-0.09857999999999995,0.0236,0.055600000000000004,456774636701154.562500
-0.09856999999999999,0.0244,0.056400000000000006,456774636701154.562500
-0.09855999999999998,0.022000000000000002,0.056400000000000006,456774636701154.562500
-0.09854999999999997,0.0252,0.0572,456774636701154.562500
-0.09853999999999996,0.026000000000000002,0.0548,456774636701154.562500
-0.09852999999999995,0.0236,0.0548,456774636701154.562500
-0.09851999999999994,0.0236,0.056400000000000006,456774636701154.562500
-0.09850999999999999,0.0228,0.055600000000000004,456774636701154.562500
-0.09849999999999998,0.0228,0.055600000000000004,456774636701154.562500
-0.09848999999999997,0.0196,0.0524,456774636701154.562500
-0.09847999999999996,0.0212,0.0572,456774636701154.562500
-0.09846999999999995,0.0188,0.058,456774636701154.562500
-0.09845999999999999,0.0212,0.058800000000000005,456774636701154.562500
-0.09844999999999998,0.022000000000000002,0.058,456774636701154.562500
-0.09843999999999997,0.022000000000000002,0.055600000000000004,456774636701154.562500
-0.09842999999999996,0.0212,0.0572,456774636701154.562500
-0.09841999999999995,0.0228,0.0572,456774636701154.562500
-0.09840999999999994,0.022000000000000002,0.055600000000000004,456774636701154.562500
-0.09839999999999999,0.0236,0.055600000000000004,456774636701154.562500
-0.09838999999999998,0.0228,0.0572,456774636701154.562500
-0.09837999999999997,0.0244,0.056400000000000006,456774636701154.562500
-0.09836999999999996,0.022000000000000002,0.0572,456774636701154.562500
-0.09835999999999995,0.0212,0.054,456774636701154.562500
-0.09834999999999999,0.022000000000000002,0.056400000000000006,456774636701154.562500
-0.09833999999999998,0.0252,0.0524,456774636701154.562500
-0.09832999999999997,0.0236,0.058,456774636701154.562500
-0.09831999999999996,0.0236,0.053200000000000004,456774636701154.562500
-0.09830999999999995,0.0252,0.058,456774636701154.562500
-0.09829999999999994,0.0252,0.0572,456774636701154.562500
-0.09828999999999999,0.0244,0.054,456774636701154.562500
-0.09827999999999998,0.0244,0.058800000000000005,456774636701154.562500
-0.09826999999999997,0.0252,0.058,456774636701154.562500
-0.09825999999999996,0.0204,0.0548,456774636701154.562500
-0.09824999999999995,0.0236,0.0572,456774636701154.562500
-0.09824,0.0228,0.0572,456774636701154.562500
-0.09822999999999998,0.0236,0.054,456774636701154.562500
-0.09821999999999997,0.022000000000000002,0.046,456774636701154.562500
-0.09820999999999996,0.022000000000000002,0.0436,456774636701154.562500
-0.09819999999999995,0.0228,0.050800000000000005,456774636701154.562500
-0.09818999999999994,0.0228,0.05,456774636701154.562500
-0.09817999999999999,0.0204,0.0476,456774636701154.562500
-0.09816999999999998,0.022000000000000002,0.055600000000000004,456774636701154.562500
-0.09815999999999997,0.022000000000000002,0.0444,456774636701154.562500
-0.09814999999999996,0.022000000000000002,0.038,456774636701154.562500
-0.09813999999999995,0.022000000000000002,0.0476,456774636701154.562500
-0.09812999999999994,0.0228,0.0524,456774636701154.562500
-0.09811999999999999,0.0228,0.058,456774636701154.562500
-0.09810999999999998,0.0236,0.0572,456774636701154.562500
-0.09809999999999997,0.0244,0.0572,456774636701154.562500
-0.09808999999999996,0.0236,0.056400000000000006,456774636701154.562500
-0.09807999999999995,0.0236,0.058,456774636701154.562500
-0.09806999999999999,0.0236,0.058,456774636701154.562500
-0.09805999999999998,0.0244,0.058,456774636701154.562500
-0.09804999999999997,0.0236,0.055600000000000004,456774636701154.562500
-0.09803999999999996,0.0236,0.058,456774636701154.562500
-0.09802999999999995,0.0252,0.0572,456774636701154.562500
-0.09801999999999994,0.0244,0.0572,456774636701154.562500
-0.09800999999999999,0.0236,0.056400000000000006,456774636701154.562500
-0.09799999999999998,0.0252,0.0492,456774636701154.562500
-0.09798999999999997,0.0236,0.0492,456774636701154.562500
-0.09797999999999996,0.0228,0.056400000000000006,456774636701154.562500
-0.09796999999999995,0.0236,0.0572,456774636701154.562500
-0.09795999999999999,0.0244,0.058,456774636701154.562500
-0.09794999999999998,0.0236,0.0516,456774636701154.562500
-0.09793999999999997,0.0228,0.055600000000000004,456774636701154.562500
-0.09792999999999996,0.0228,0.0548,456774636701154.562500
-0.09791999999999995,0.0236,0.058,456774636701154.562500
-0.09790999999999994,0.0228,0.0572,456774636701154.562500
-0.09789999999999999,0.0228,0.0572,456774636701154.562500
-0.09788999999999998,0.0228,0.0596,456774636701154.562500
-0.09787999999999997,0.0204,0.058,456774636701154.562500
-0.09786999999999996,0.022000000000000002,0.0572,456774636701154.562500
-0.09785999999999995,0.0228,0.058,456774636701154.562500
-0.09784999999999999,0.0212,0.0572,456774636701154.562500
-0.09783999999999998,0.0236,0.056400000000000006,456774636701154.562500
-0.09782999999999997,0.022000000000000002,0.056400000000000006,456774636701154.562500
-0.09781999999999996,0.0204,0.058,456774636701154.562500
-0.09780999999999995,0.0236,0.0548,456774636701154.562500
-0.09779999999999994,0.0228,0.0476,456774636701154.562500
-0.09778999999999999,0.0244,0.056400000000000006,456774636701154.562500
-0.09777999999999998,0.0252,0.056400000000000006,456774636701154.562500
-0.09776999999999997,0.0236,0.0572,456774636701154.562500
-0.09775999999999996,0.0212,0.058,456774636701154.562500
-0.09774999999999995,0.0236,0.056400000000000006,456774636701154.562500
-0.09774,0.0252,0.0572,456774636701154.562500
-0.09772999999999998,0.026000000000000002,0.0572,456774636701154.562500
-0.09771999999999997,0.0244,0.058,456774636701154.562500
-0.09770999999999996,0.0252,0.058,456774636701154.562500
-0.09769999999999995,0.026000000000000002,0.0548,456774636701154.562500
-0.09768999999999994,0.0244,0.058,456774636701154.562500
-0.09767999999999999,0.0244,0.056400000000000006,456774636701154.562500
-0.09766999999999998,0.0244,0.0572,456774636701154.562500
-0.09765999999999997,0.0252,0.058800000000000005,456774636701154.562500
-0.09764999999999996,0.0228,0.053200000000000004,456774636701154.562500
-0.09763999999999995,0.0236,0.055600000000000004,456774636701154.562500
-0.09763,0.0228,0.058,456774636701154.562500
-0.09761999999999998,0.0204,0.0572,456774636701154.562500
-0.09760999999999997,0.0228,0.056400000000000006,456774636701154.562500
-0.09759999999999996,0.0236,0.058,456774636701154.562500
-0.09758999999999995,0.022000000000000002,0.056400000000000006,456774636701154.562500
-0.09757999999999994,0.0228,0.058,456774636701154.562500
-0.09756999999999999,0.022000000000000002,0.0548,456774636701154.562500
-0.09755999999999998,0.022000000000000002,0.058800000000000005,456774636701154.562500
-0.09754999999999997,0.0228,0.0572,456774636701154.562500
-0.09753999999999996,0.0228,0.055600000000000004,456774636701154.562500
-0.09752999999999995,0.0228,0.056400000000000006,456774636701154.562500
-0.09751999999999994,0.0228,0.056400000000000006,456774636701154.562500
-0.09750999999999999,0.012400000000000001,0.05,456774636701154.562500
-0.09749999999999998,0.0228,0.058800000000000005,456774636701154.562500
-0.09748999999999997,0.0228,0.055600000000000004,456774636701154.562500
-0.09747999999999996,0.0244,0.056400000000000006,456774636701154.562500
-0.09746999999999995,0.0228,0.058,456774636701154.562500
-0.09745999999999999,0.0236,0.0572,456774636701154.562500
-0.09744999999999998,0.0228,0.0572,456774636701154.562500
-0.09743999999999997,0.0236,0.058,456774636701154.562500
-0.09742999999999996,0.0236,0.0572,456774636701154.562500
-0.09741999999999995,0.0244,0.0572,456774636701154.562500
-0.09740999999999994,0.0244,0.056400000000000006,456774636701154.562500
-0.09739999999999999,0.0244,0.056400000000000006,456774636701154.562500
-0.09738999999999998,0.0244,0.056400000000000006,456774636701154.562500
-0.09737999999999997,0.0228,0.058,456774636701154.562500
-0.09736999999999996,0.026000000000000002,0.056400000000000006,456774636701154.562500
-0.09735999999999995,0.0244,0.055600000000000004,456774636701154.562500
-0.09734999999999999,0.0236,0.0572,456774636701154.562500
-0.09733999999999998,0.0228,0.055600000000000004,456774636701154.562500
-0.09732999999999997,0.0236,0.056400000000000006,456774636701154.562500
-0.09731999999999996,0.0244,0.0572,456774636701154.562500
-0.09730999999999995,0.022000000000000002,0.0572,456774636701154.562500
-0.09729999999999994,0.022000000000000002,0.058,456774636701154.562500
-0.09728999999999999,0.0204,0.0572,456774636701154.562500
-0.09727999999999998,0.0236,0.055600000000000004,456774636701154.562500
-0.09726999999999997,0.022000000000000002,0.0572,456774636701154.562500
-0.09725999999999996,0.0236,0.058,456774636701154.562500
-0.09724999999999995,0.022000000000000002,0.0572,456774636701154.562500
-0.09724,0.0228,0.0572,456774636701154.562500
-0.09722999999999998,0.0196,0.058800000000000005,456774636701154.562500
-0.09721999999999997,0.022000000000000002,0.0572,456774636701154.562500
-0.09720999999999996,0.022000000000000002,0.058800000000000005,456774636701154.562500
-0.09719999999999995,0.022000000000000002,0.056400000000000006,456774636701154.562500
-0.09718999999999994,0.022000000000000002,0.0572,456774636701154.562500
-0.09717999999999999,0.0228,0.0548,456774636701154.562500
-0.09716999999999998,0.0228,0.055600000000000004,456774636701154.562500
-0.09715999999999997,0.0236,0.0548,456774636701154.562500
-0.09714999999999996,0.0228,0.0572,456774636701154.562500
-0.09713999999999995,0.0252,0.0524,456774636701154.562500
-0.09713,0.0252,0.0516,456774636701154.562500
-0.09711999999999998,0.0236,0.058800000000000005,456774636701154.562500
-0.09710999999999997,0.0236,0.056400000000000006,456774636701154.562500
-0.09709999999999996,0.0252,0.0572,456774636701154.562500
-0.09708999999999995,0.0236,0.054,456774636701154.562500
-0.09707999999999994,0.026000000000000002,0.0572,456774636701154.562500
-0.09706999999999999,0.0244,0.055600000000000004,456774636701154.562500
-0.09705999999999998,0.0252,0.0548,456774636701154.562500
-0.09704999999999997,0.022000000000000002,0.055600000000000004,456774636701154.562500
-0.09703999999999996,0.022000000000000002,0.0548,456774636701154.562500
-0.09702999999999995,0.0236,0.0572,456774636701154.562500
-0.09701999999999994,0.0236,0.0516,456774636701154.562500
-0.09700999999999999,0.022000000000000002,0.0548,456774636701154.562500
-0.09699999999999998,0.0244,0.053200000000000004,456774636701154.562500
-0.09698999999999997,0.0228,0.056400000000000006,456774636701154.562500
-0.09697999999999996,0.0228,0.0572,456774636701154.562500
-0.09696999999999995,0.022000000000000002,0.056400000000000006,456774636701154.562500
-0.09695999999999999,0.022000000000000002,0.055600000000000004,456774636701154.562500
-0.09694999999999998,0.0212,0.0516,456774636701154.562500
-0.09693999999999997,0.0244,0.058,456774636701154.562500
-0.09692999999999996,0.0212,0.0524,456774636701154.562500
-0.09691999999999995,0.0212,0.058,456774636701154.562500
-0.09690999999999994,0.022000000000000002,0.0548,456774636701154.562500
-0.09689999999999999,0.0228,0.0524,456774636701154.562500
-0.09688999999999998,0.0228,0.055600000000000004,456774636701154.562500
-0.09687999999999997,0.0228,0.0572,456774636701154.562500
-0.09686999999999996,0.022000000000000002,0.056400000000000006,456774636701154.562500
-0.09685999999999995,0.0228,0.0572,456774636701154.562500
-0.09684999999999999,0.0236,0.0572,456774636701154.562500
-0.09683999999999998,0.0236,0.055600000000000004,456774636701154.562500
-0.09682999999999997,0.0204,0.0572,456774636701154.562500
-0.09681999999999996,0.0244,0.0476,456774636701154.562500
-0.09680999999999995,0.0252,0.0572,456774636701154.562500
-0.09679999999999994,0.0252,0.05,456774636701154.562500
-0.09678999999999999,0.0236,0.0572,456774636701154.562500
-0.09677999999999998,0.0228,0.050800000000000005,456774636701154.562500
-0.09676999999999997,0.0236,0.0492,456774636701154.562500
-0.09675999999999996,0.0244,0.058800000000000005,456774636701154.562500
-0.09674999999999995,0.0236,0.0516,456774636701154.562500
-0.09673999999999999,0.022000000000000002,0.058,456774636701154.562500
-0.09672999999999998,0.0244,0.053200000000000004,456774636701154.562500
-0.09671999999999997,0.0212,0.058800000000000005,456774636701154.562500
-0.09670999999999996,0.0244,0.0572,456774636701154.562500
-0.09669999999999995,0.0236,0.058,456774636701154.562500
-0.09668999999999994,0.0228,0.055600000000000004,456774636701154.562500
-0.09667999999999999,0.022000000000000002,0.056400000000000006,456774636701154.562500
-0.09666999999999998,0.0228,0.0572,456774636701154.562500
-0.09665999999999997,0.0244,0.056400000000000006,456774636701154.562500
-0.09664999999999996,0.0228,0.058,456774636701154.562500
-0.09663999999999995,0.0212,0.058800000000000005,456774636701154.562500
-0.09663,0.0212,0.056400000000000006,456774636701154.562500
-0.09661999999999998,0.022000000000000002,0.058,456774636701154.562500
-0.09660999999999997,0.0228,0.0524,456774636701154.562500
-0.09659999999999996,0.0188,0.055600000000000004,456774636701154.562500
-0.09658999999999995,0.0228,0.0524,456774636701154.562500
-0.09657999999999994,0.0204,0.055600000000000004,456774636701154.562500
-0.09656999999999999,0.022000000000000002,0.058,456774636701154.562500
-0.09655999999999998,0.0228,0.055600000000000004,456774636701154.562500
-0.09654999999999997,0.0236,0.056400000000000006,456774636701154.562500
-0.09653999999999996,0.0236,0.0572,456774636701154.562500
-0.09652999999999995,0.0244,0.0572,456774636701154.562500
-0.09652,0.0244,0.056400000000000006,456774636701154.562500
-0.09650999999999998,0.0244,0.0548,456774636701154.562500
-0.09649999999999997,0.0252,0.050800000000000005,456774636701154.562500
-0.09648999999999996,0.0204,0.0572,456774636701154.562500
-0.09647999999999995,0.0244,0.0572,456774636701154.562500
-0.09646999999999994,0.022000000000000002,0.056400000000000006,456774636701154.562500
-0.09645999999999999,0.0244,0.0572,456774636701154.562500
-0.09644999999999998,0.0244,0.058800000000000005,456774636701154.562500
-0.09643999999999997,0.0252,0.0524,456774636701154.562500
-0.09642999999999996,0.0236,0.058,456774636701154.562500
-0.09641999999999995,0.0236,0.050800000000000005,456774636701154.562500
-0.09640999999999994,0.0244,0.0572,456774636701154.562500
-0.09639999999999999,0.0236,0.0516,456774636701154.562500
-0.09638999999999998,0.0236,0.056400000000000006,456774636701154.562500
-0.09637999999999997,0.022000000000000002,0.056400000000000006,456774636701154.562500
-0.09636999999999996,0.0228,0.058,456774636701154.562500
-0.09635999999999995,0.022000000000000002,0.0572,456774636701154.562500
-0.09634999999999999,0.0204,0.0572,456774636701154.562500
-0.09633999999999998,0.0196,0.054,456774636701154.562500
-0.09632999999999997,0.018000000000000002,0.053200000000000004,456774636701154.562500
-0.09631999999999996,0.0228,0.056400000000000006,456774636701154.562500
-0.09630999999999995,0.0236,0.055600000000000004,456774636701154.562500
-0.09629999999999994,0.018000000000000002,0.056400000000000006,456774636701154.562500
-0.09628999999999999,0.022000000000000002,0.0548,456774636701154.562500
-0.09627999999999998,0.0204,0.0516,456774636701154.562500
-0.09626999999999997,0.0188,0.0572,456774636701154.562500
-0.09625999999999996,0.022000000000000002,0.0572,456774636701154.562500
-0.09624999999999995,0.0204,0.0572,456774636701154.562500
-0.09623999999999999,0.0244,0.056400000000000006,456774636701154.562500
-0.09622999999999998,0.0236,0.0524,456774636701154.562500
-0.09621999999999997,0.0244,0.05,456774636701154.562500
-0.09620999999999996,0.0212,0.053200000000000004,456774636701154.562500
-0.09619999999999995,0.0228,0.050800000000000005,456774636701154.562500
-0.09618999999999994,0.0228,0.0572,456774636701154.562500
-0.09617999999999999,0.0252,0.055600000000000004,456774636701154.562500
-0.09616999999999998,0.026000000000000002,0.0572,456774636701154.562500
-0.09615999999999997,0.0244,0.054,456774636701154.562500
-0.09614999999999996,0.0244,0.055600000000000004,456774636701154.562500
-0.09613999999999995,0.0236,0.0548,456774636701154.562500
-0.09613,0.0252,0.0572,456774636701154.562500
-0.09611999999999998,0.0212,0.0524,456774636701154.562500
-0.09610999999999997,0.022000000000000002,0.055600000000000004,456774636701154.562500
-0.09609999999999996,0.0228,0.054,456774636701154.562500
-0.09608999999999995,0.0204,0.055600000000000004,456774636701154.562500
-0.09607999999999994,0.022000000000000002,0.058,456774636701154.562500
-0.09606999999999999,0.022000000000000002,0.0572,456774636701154.562500
-0.09605999999999998,0.022000000000000002,0.055600000000000004,456774636701154.562500
-0.09604999999999997,0.0204,0.055600000000000004,456774636701154.562500
-0.09603999999999996,0.0244,0.058800000000000005,456774636701154.562500
-0.09602999999999995,0.0212,0.0548,456774636701154.562500
-0.09602,0.0236,0.058800000000000005,456774636701154.562500
-0.09600999999999998,0.0236,0.0572,456774636701154.562500
-0.09599999999999997,0.0228,0.0572,456774636701154.562500
-0.09598999999999996,0.0204,0.056400000000000006,456774636701154.562500
-0.09597999999999995,0.0204,0.055600000000000004,456774636701154.562500
-0.09596999999999994,0.022000000000000002,0.0572,456774636701154.562500
-0.09595999999999999,0.0228,0.0548,456774636701154.562500
-0.09594999999999998,0.022000000000000002,0.056400000000000006,456774636701154.562500
-0.09593999999999997,0.0244,0.045200000000000004,456774636701154.562500
-0.09592999999999996,0.0228,0.042800000000000005,456774636701154.562500
-0.09591999999999995,0.0236,0.048400000000000006,456774636701154.562500
-0.09590999999999994,0.0252,0.0468,456774636701154.562500
-0.09589999999999999,0.0236,0.056400000000000006,456774636701154.562500
-0.09588999999999998,0.0244,0.055600000000000004,456774636701154.562500
-0.09587999999999997,0.0252,0.0572,456774636701154.562500
-0.09586999999999996,0.0228,0.0548,456774636701154.562500
-0.09585999999999995,0.0236,0.058,456774636701154.562500
-0.09584999999999999,0.0244,0.055600000000000004,456774636701154.562500
-0.09583999999999998,0.022000000000000002,0.0548,456774636701154.562500
-0.09582999999999997,0.0244,0.0548,456774636701154.562500
-0.09581999999999996,0.0236,0.056400000000000006,456774636701154.562500
-0.09580999999999995,0.0204,0.0492,456774636701154.562500
-0.09579999999999994,0.0244,0.0572,456774636701154.562500
-0.09578999999999999,0.0228,0.054,456774636701154.562500
-0.09577999999999998,0.0228,0.0572,456774636701154.562500
-0.09576999999999997,0.0204,0.054,456774636701154.562500
-0.09575999999999996,0.0228,0.058800000000000005,456774636701154.562500
-0.09574999999999995,0.022000000000000002,0.056400000000000006,456774636701154.562500
-0.09573999999999999,0.022000000000000002,0.054,456774636701154.562500
-0.09572999999999998,0.0204,0.058,456774636701154.562500
-0.09571999999999997,0.022000000000000002,0.055600000000000004,456774636701154.562500
-0.09570999999999996,0.0212,0.0524,456774636701154.562500
-0.09569999999999995,0.0228,0.0548,456774636701154.562500
-0.09568999999999994,0.0212,0.056400000000000006,456774636701154.562500
-0.09567999999999999,0.022000000000000002,0.058800000000000005,456774636701154.562500
-0.09566999999999998,0.0228,0.056400000000000006,456774636701154.562500
-0.09565999999999997,0.0212,0.0548,456774636701154.562500
-0.09564999999999996,0.0228,0.0476,456774636701154.562500
-0.09563999999999995,0.0228,0.0572,456774636701154.562500
-0.09562999999999999,0.0236,0.0492,456774636701154.562500
-0.09561999999999998,0.0228,0.0572,456774636701154.562500
-0.09560999999999997,0.0236,0.058,456774636701154.562500
-0.09559999999999996,0.0252,0.058,456774636701154.562500
-0.09558999999999995,0.0244,0.058,456774636701154.562500
-0.09557999999999994,0.0252,0.0572,456774636701154.562500
-0.09556999999999999,0.022000000000000002,0.055600000000000004,456774636701154.562500
-0.09555999999999998,0.0236,0.054,456774636701154.562500
-0.09554999999999997,0.0252,0.055600000000000004,456774636701154.562500
-0.09553999999999996,0.022000000000000002,0.056400000000000006,456774636701154.562500
-0.09552999999999995,0.0236,0.048400000000000006,456774636701154.562500
-0.09552,0.0236,0.058,456774636701154.562500
-0.09550999999999998,0.0228,0.0572,456774636701154.562500
-0.09549999999999997,0.0244,0.053200000000000004,456774636701154.562500
-0.09548999999999996,0.0204,0.0572,456774636701154.562500
-0.09547999999999995,0.0212,0.0572,456774636701154.562500
-0.09546999999999994,0.0244,0.053200000000000004,456774636701154.562500
-0.09545999999999999,0.022000000000000002,0.056400000000000006,456774636701154.562500
-0.09544999999999998,0.0236,0.053200000000000004,456774636701154.562500
-0.09543999999999997,0.022000000000000002,0.055600000000000004,456774636701154.562500
-0.09542999999999996,0.0228,0.0572,456774636701154.562500
-0.09541999999999995,0.022000000000000002,0.058,456774636701154.562500
-0.09540999999999994,0.0212,0.058800000000000005,456774636701154.562500
-0.09539999999999998,0.022000000000000002,0.0572,456774636701154.562500
-0.09538999999999997,0.022000000000000002,0.05,456774636701154.562500
-0.09537999999999996,0.0212,0.055600000000000004,456774636701154.562500
-0.09536999999999995,0.0228,0.058,456774636701154.562500
-0.09535999999999994,0.022000000000000002,0.0572,456774636701154.562500
-0.09534999999999999,0.0204,0.0548,456774636701154.562500
-0.09533999999999998,0.022000000000000002,0.055600000000000004,456774636701154.562500
-0.09532999999999997,0.0204,0.055600000000000004,456774636701154.562500
-0.09531999999999996,0.0236,0.0572,456774636701154.562500
-0.09530999999999995,0.0244,0.048400000000000006,456774636701154.562500
-0.09529999999999994,0.0236,0.056400000000000006,456774636701154.562500
-0.09528999999999999,0.0236,0.0548,456774636701154.562500
-0.09527999999999998,0.0252,0.058,456774636701154.562500
-0.09526999999999997,0.0252,0.055600000000000004,456774636701154.562500
-0.09525999999999996,0.0244,0.053200000000000004,456774636701154.562500
-0.09524999999999995,0.0244,0.054,456774636701154.562500
-0.09523999999999999,0.0212,0.0572,456774636701154.562500
-0.09522999999999998,0.0244,0.0572,456774636701154.562500
-0.09521999999999997,0.0212,0.056400000000000006,456774636701154.562500
-0.09520999999999996,0.022000000000000002,0.058,456774636701154.562500
-0.09519999999999995,0.0244,0.058,456774636701154.562500
-0.09518999999999994,0.0212,0.058,456774636701154.562500
-0.09517999999999999,0.0236,0.056400000000000006,456774636701154.562500
-0.09516999999999998,0.0212,0.058,456774636701154.562500
-0.09515999999999997,0.022000000000000002,0.0572,456774636701154.562500
-0.09514999999999996,0.022000000000000002,0.055600000000000004,456774636701154.562500
-0.09513999999999995,0.022000000000000002,0.0572,456774636701154.562500
-0.09512999999999999,0.022000000000000002,0.0548,456774636701154.562500
-0.09511999999999998,0.022000000000000002,0.0492,456774636701154.562500
-0.09510999999999997,0.0228,0.0548,456774636701154.562500
-0.09509999999999996,0.0204,0.055600000000000004,456774636701154.562500
-0.09508999999999995,0.0204,0.056400000000000006,456774636701154.562500
-0.09507999999999994,0.0212,0.056400000000000006,456774636701154.562500
-0.09506999999999999,0.0228,0.056400000000000006,456774636701154.562500
-0.09505999999999998,0.0228,0.0548,456774636701154.562500
-0.09504999999999997,0.0196,0.0524,456774636701154.562500
-0.09503999999999996,0.022000000000000002,0.056400000000000006,456774636701154.562500
-0.09502999999999995,0.0236,0.0524,456774636701154.562500
-0.09502,0.026000000000000002,0.054,456774636701154.562500
-0.09500999999999998,0.0236,0.055600000000000004,456774636701154.562500
-0.09499999999999997,0.0228,0.058,456774636701154.562500
-0.09498999999999996,0.0252,0.056400000000000006,456774636701154.562500
-0.09497999999999995,0.0212,0.058,456774636701154.562500
-0.09496999999999994,0.0244,0.0572,456774636701154.562500
-0.09495999999999999,0.0212,0.058,456774636701154.562500
-0.09494999999999998,0.0244,0.0492,456774636701154.562500
-0.09493999999999997,0.0204,0.056400000000000006,456774636701154.562500
-0.09492999999999996,0.0236,0.0548,456774636701154.562500
-0.09491999999999995,0.0236,0.054,456774636701154.562500
-0.09491,0.0236,0.0572,456774636701154.562500
-0.09489999999999998,0.0236,0.0468,456774636701154.562500
-0.09488999999999997,0.0228,0.055600000000000004,456774636701154.562500
-0.09487999999999996,0.0228,0.055600000000000004,456774636701154.562500
-0.09486999999999995,0.0228,0.0572,456774636701154.562500
-0.09485999999999994,0.0228,0.0572,456774636701154.562500
-0.09484999999999999,0.022000000000000002,0.056400000000000006,456774636701154.562500
-0.09483999999999998,0.0236,0.054,456774636701154.562500
-0.09482999999999997,0.0204,0.0548,456774636701154.562500
-0.09481999999999996,0.0236,0.054,456774636701154.562500
-0.09480999999999995,0.0212,0.0572,456774636701154.562500
-0.09479999999999994,0.0212,0.055600000000000004,456774636701154.562500
-0.09478999999999999,0.0196,0.0548,456774636701154.562500
-0.09477999999999998,0.0228,0.0572,456774636701154.562500
-0.09476999999999997,0.0196,0.056400000000000006,456774636701154.562500
-0.09475999999999996,0.022000000000000002,0.056400000000000006,456774636701154.562500
-0.09474999999999995,0.0212,0.0572,456774636701154.562500
-0.09473999999999999,0.0236,0.0572,456774636701154.562500
-0.09472999999999998,0.022000000000000002,0.058,456774636701154.562500
-0.09471999999999997,0.0196,0.056400000000000006,456774636701154.562500
-0.09470999999999996,0.0196,0.0572,456774636701154.562500
-0.09469999999999995,0.0228,0.0524,456774636701154.562500
-0.09468999999999994,0.0204,0.058800000000000005,456774636701154.562500
-0.09467999999999999,0.018000000000000002,0.050800000000000005,456774636701154.562500
-0.09466999999999998,0.015600000000000001,0.0548,456774636701154.562500
-0.09465999999999997,0.0204,0.0548,456774636701154.562500
-0.09464999999999996,0.0244,0.055600000000000004,456774636701154.562500
-0.09463999999999995,0.0212,0.0524,456774636701154.562500
-0.09462999999999999,0.0236,0.045200000000000004,456774636701154.562500
-0.09461999999999998,0.0252,0.058,456774636701154.562500
-0.09460999999999997,0.022000000000000002,0.056400000000000006,456774636701154.562500
-0.09459999999999996,0.0236,0.058,456774636701154.562500
-0.09458999999999995,0.0236,0.0572,456774636701154.562500
-0.09457999999999994,0.022000000000000002,0.056400000000000006,456774636701154.562500
-0.09456999999999999,0.0244,0.056400000000000006,456774636701154.562500
-0.09455999999999998,0.0196,0.058,456774636701154.562500
-0.09454999999999997,0.022000000000000002,0.056400000000000006,456774636701154.562500
-0.09453999999999996,0.0228,0.0548,456774636701154.562500
-0.09452999999999995,0.0228,0.055600000000000004,456774636701154.562500
-0.09451999999999999,0.022000000000000002,0.0468,456774636701154.562500
-0.09450999999999998,0.022000000000000002,0.055600000000000004,456774636701154.562500
-0.09449999999999997,0.0228,0.0572,456774636701154.562500
-0.09448999999999996,0.022000000000000002,0.0572,456774636701154.562500
-0.09447999999999995,0.0236,0.058,456774636701154.562500
-0.09446999999999994,0.0236,0.056400000000000006,456774636701154.562500
-0.09445999999999999,0.0212,0.055600000000000004,456774636701154.562500
-0.09444999999999998,0.0244,0.0476,456774636701154.562500
-0.09443999999999997,0.0236,0.058,456774636701154.562500
-0.09442999999999996,0.0228,0.056400000000000006,456774636701154.562500
-0.09441999999999995,0.0252,0.058,456774636701154.562500
-0.09441,0.0244,0.056400000000000006,456774636701154.562500
-0.09439999999999998,0.0244,0.053200000000000004,456774636701154.562500
-0.09438999999999997,0.0188,0.054,456774636701154.562500
-0.09437999999999996,0.0204,0.0516,456774636701154.562500
-0.09436999999999995,0.0228,0.055600000000000004,456774636701154.562500
-0.09435999999999994,0.0228,0.0524,456774636701154.562500
-0.09434999999999999,0.0244,0.055600000000000004,456774636701154.562500
-0.09433999999999998,0.0236,0.0572,456774636701154.562500
-0.09432999999999997,0.0244,0.058,456774636701154.562500
-0.09431999999999996,0.0244,0.058,456774636701154.562500
-0.09430999999999995,0.0252,0.0572,456774636701154.562500
-0.09429999999999994,0.0252,0.0572,456774636701154.562500
-0.09428999999999998,0.0228,0.0572,456774636701154.562500
-0.09427999999999997,0.0228,0.0548,456774636701154.562500
-0.09426999999999996,0.022000000000000002,0.056400000000000006,456774636701154.562500
-0.09425999999999995,0.0228,0.0516,456774636701154.562500
-0.09424999999999994,0.0204,0.056400000000000006,456774636701154.562500
-0.09423999999999999,0.022000000000000002,0.055600000000000004,456774636701154.562500
-0.09422999999999998,0.0228,0.055600000000000004,456774636701154.562500
-0.09421999999999997,0.0212,0.056400000000000006,456774636701154.562500
-0.09420999999999996,0.0196,0.055600000000000004,456774636701154.562500
-0.09419999999999995,0.0204,0.058800000000000005,456774636701154.562500
-0.09418999999999994,0.0212,0.056400000000000006,456774636701154.562500
-0.09417999999999999,0.022000000000000002,0.058800000000000005,456774636701154.562500
-0.09416999999999998,0.022000000000000002,0.058,456774636701154.562500
-0.09415999999999997,0.0228,0.058,456774636701154.562500
-0.09414999999999996,0.022000000000000002,0.056400000000000006,456774636701154.562500
-0.09413999999999995,0.022000000000000002,0.056400000000000006,456774636701154.562500
-0.09412999999999999,0.0212,0.056400000000000006,456774636701154.562500
-0.09411999999999998,0.022000000000000002,0.058800000000000005,456774636701154.562500
-0.09410999999999997,0.0204,0.056400000000000006,456774636701154.562500
-0.09409999999999996,0.0236,0.055600000000000004,456774636701154.562500
-0.09408999999999995,0.0228,0.0572,456774636701154.562500
-0.09407999999999994,0.0244,0.0572,456774636701154.562500
-0.09406999999999999,0.0212,0.0516,456774636701154.562500
-0.09405999999999998,0.0204,0.0572,456774636701154.562500
-0.09404999999999997,0.0236,0.055600000000000004,456774636701154.562500
-0.09403999999999996,0.0228,0.058,456774636701154.562500
-0.09402999999999995,0.0244,0.058,456774636701154.562500
-0.09401999999999999,0.0244,0.058800000000000005,456774636701154.562500
-0.09400999999999998,0.0236,0.0548,456774636701154.562500
-0.09399999999999997,0.0236,0.050800000000000005,456774636701154.562500
-0.09398999999999996,0.0228,0.0572,456774636701154.562500
-0.09397999999999995,0.0244,0.058,456774636701154.562500
-0.09396999999999994,0.0236,0.058,456774636701154.562500
-0.09395999999999999,0.0244,0.058,456774636701154.562500
-0.09394999999999998,0.022000000000000002,0.058,456774636701154.562500
-0.09393999999999997,0.0212,0.0572,456774636701154.562500
-0.09392999999999996,0.022000000000000002,0.048400000000000006,456774636701154.562500
-0.09391999999999995,0.0236,0.058,456774636701154.562500
-0.09391,0.022000000000000002,0.058800000000000005,456774636701154.562500
-0.09389999999999998,0.0228,0.0572,456774636701154.562500
-0.09388999999999997,0.0228,0.056400000000000006,456774636701154.562500
-0.09387999999999996,0.0228,0.055600000000000004,456774636701154.562500
-0.09386999999999995,0.0236,0.0524,456774636701154.562500
-0.09385999999999994,0.0228,0.048400000000000006,456774636701154.562500
-0.09384999999999999,0.0244,0.050800000000000005,456774636701154.562500
-0.09383999999999998,0.0212,0.056400000000000006,456774636701154.562500
-0.09382999999999997,0.022000000000000002,0.0572,456774636701154.562500
-0.09381999999999996,0.0228,0.058,456774636701154.562500
-0.09380999999999995,0.022000000000000002,0.053200000000000004,456774636701154.562500
-0.0938,0.0252,0.054,456774636701154.562500
-0.09378999999999998,0.0252,0.0468,456774636701154.562500
-0.09377999999999997,0.0236,0.0548,456774636701154.562500
-0.09376999999999996,0.0236,0.0548,456774636701154.562500
-0.09375999999999995,0.0212,0.0572,456774636701154.562500
-0.09374999999999994,0.0244,0.054,456774636701154.562500
-0.09373999999999999,0.026000000000000002,0.0572,456774636701154.562500
-0.09372999999999998,0.0244,0.056400000000000006,456774636701154.562500
-0.09371999999999997,0.0252,0.056400000000000006,456774636701154.562500
-0.09370999999999996,0.0252,0.0572,456774636701154.562500
-0.09369999999999995,0.0236,0.055600000000000004,456774636701154.562500
-0.09368999999999994,0.022000000000000002,0.058,456774636701154.562500
-0.09367999999999999,0.0244,0.056400000000000006,456774636701154.562500
-0.09366999999999998,0.0236,0.058,456774636701154.562500
-0.09365999999999997,0.0228,0.0524,456774636701154.562500
-0.09364999999999996,0.0212,0.0572,456774636701154.562500
-0.09363999999999995,0.022000000000000002,0.056400000000000006,456774636701154.562500
-0.09362999999999999,0.022000000000000002,0.0548,456774636701154.562500
-0.09361999999999998,0.022000000000000002,0.058,456774636701154.562500
-0.09360999999999997,0.0204,0.0516,456774636701154.562500
-0.09359999999999996,0.0212,0.0516,456774636701154.562500
-0.09358999999999995,0.0228,0.0572,456774636701154.562500
-0.09357999999999994,0.022000000000000002,0.058,456774636701154.562500
-0.09356999999999999,0.022000000000000002,0.0572,456774636701154.562500
-0.09355999999999998,0.0244,0.0596,456774636701154.562500
-0.09354999999999997,0.0212,0.055600000000000004,456774636701154.562500
-0.09353999999999996,0.0228,0.05,456774636701154.562500
-0.09352999999999995,0.0236,0.058,456774636701154.562500
-0.09351999999999999,0.0236,0.0516,456774636701154.562500
-0.09350999999999998,0.0236,0.055600000000000004,456774636701154.562500
-0.09349999999999997,0.0228,0.054,456774636701154.562500
-0.09348999999999996,0.0252,0.0468,456774636701154.562500
-0.09347999999999995,0.026000000000000002,0.055600000000000004,456774636701154.562500
-0.09346999999999994,0.0236,0.058800000000000005,456774636701154.562500
-0.09345999999999999,0.0236,0.056400000000000006,456774636701154.562500
-0.09344999999999998,0.0244,0.055600000000000004,456774636701154.562500
-0.09343999999999997,0.0244,0.055600000000000004,456774636701154.562500
-0.09342999999999996,0.0252,0.055600000000000004,456774636701154.562500
-0.09341999999999995,0.0228,0.055600000000000004,456774636701154.562500
-0.09340999999999999,0.0244,0.0572,456774636701154.562500
-0.09339999999999998,0.0236,0.0596,456774636701154.562500
-0.09338999999999997,0.0244,0.058,456774636701154.562500
-0.09337999999999996,0.0228,0.058,456774636701154.562500
-0.09336999999999995,0.0252,0.054,456774636701154.562500
-0.09335999999999994,0.022000000000000002,0.0572,456774636701154.562500
-0.09334999999999999,0.022000000000000002,0.053200000000000004,456774636701154.562500
-0.09333999999999998,0.0212,0.056400000000000006,456774636701154.562500
-0.09332999999999997,0.0236,0.0572,456774636701154.562500
-0.09331999999999996,0.0228,0.058,456774636701154.562500
-0.09330999999999995,0.0204,0.0572,456774636701154.562500
-0.0933,0.022000000000000002,0.058,456774636701154.562500
-0.09328999999999998,0.022000000000000002,0.0524,456774636701154.562500
-0.09327999999999997,0.0204,0.058,456774636701154.562500
-0.09326999999999996,0.022000000000000002,0.058,456774636701154.562500
-0.09325999999999995,0.022000000000000002,0.058,456774636701154.562500
-0.09324999999999994,0.0228,0.056400000000000006,456774636701154.562500
-0.09323999999999999,0.0204,0.0572,456774636701154.562500
-0.09322999999999998,0.022000000000000002,0.055600000000000004,456774636701154.562500
-0.09321999999999997,0.0228,0.055600000000000004,456774636701154.562500
-0.09320999999999996,0.0236,0.05,456774636701154.562500
-0.09319999999999995,0.0244,0.054,456774636701154.562500
-0.09318999999999994,0.022000000000000002,0.0572,456774636701154.562500
-0.09317999999999999,0.0244,0.0572,456774636701154.562500
-0.09316999999999998,0.0236,0.056400000000000006,456774636701154.562500
-0.09315999999999997,0.0228,0.0572,456774636701154.562500
-0.09314999999999996,0.0252,0.0572,456774636701154.562500
-0.09313999999999995,0.0204,0.0572,456774636701154.562500
-0.09312999999999999,0.0244,0.055600000000000004,456774636701154.562500
-0.09311999999999998,0.0228,0.058,456774636701154.562500
-0.09310999999999997,0.0236,0.0572,456774636701154.562500
-0.09309999999999996,0.0204,0.058,456774636701154.562500
-0.09308999999999995,0.0236,0.0492,456774636701154.562500
-0.09307999999999994,0.022000000000000002,0.058,456774636701154.562500
-0.09306999999999999,0.0228,0.0476,456774636701154.562500
-0.09305999999999998,0.0236,0.0572,456774636701154.562500
-0.09304999999999997,0.0236,0.0492,456774636701154.562500
-0.09303999999999996,0.0204,0.0572,456774636701154.562500
-0.09302999999999995,0.0204,0.050800000000000005,456774636701154.562500
-0.09301999999999999,0.0212,0.0548,456774636701154.562500
-0.09300999999999998,0.022000000000000002,0.0572,456774636701154.562500
-0.09299999999999997,0.0204,0.056400000000000006,456774636701154.562500
-0.09298999999999996,0.0228,0.058800000000000005,456774636701154.562500
-0.09297999999999995,0.0212,0.0572,456774636701154.562500
-0.09296999999999994,0.0212,0.058,456774636701154.562500
-0.09295999999999999,0.0228,0.058,456774636701154.562500
-0.09294999999999998,0.0228,0.058,456774636701154.562500
-0.09293999999999997,0.0228,0.055600000000000004,456774636701154.562500
-0.09292999999999996,0.0236,0.058,456774636701154.562500
-0.09291999999999995,0.0244,0.058,456774636701154.562500
-0.09290999999999999,0.0236,0.058800000000000005,456774636701154.562500
-0.09289999999999998,0.022000000000000002,0.058,456774636701154.562500
-0.09288999999999997,0.0236,0.056400000000000006,456774636701154.562500
-0.09287999999999996,0.0252,0.054,456774636701154.562500
-0.09286999999999995,0.0244,0.0516,456774636701154.562500
-0.09285999999999994,0.0252,0.0548,456774636701154.562500
-0.09284999999999999,0.0252,0.055600000000000004,456774636701154.562500
-0.09283999999999998,0.0244,0.053200000000000004,456774636701154.562500
-0.09282999999999997,0.0252,0.054,456774636701154.562500
-0.09281999999999996,0.0236,0.0572,456774636701154.562500
-0.09280999999999995,0.0236,0.0572,456774636701154.562500
-0.0928,0.0236,0.0548,456774636701154.562500
-0.09278999999999998,0.0236,0.0572,456774636701154.562500
-0.09277999999999997,0.0228,0.054,456774636701154.562500
-0.09276999999999996,0.0228,0.058,456774636701154.562500
-0.09275999999999995,0.0228,0.054,456774636701154.562500
-0.09274999999999994,0.0228,0.054,456774636701154.562500
-0.09273999999999999,0.0228,0.0548,456774636701154.562500
-0.09272999999999998,0.022000000000000002,0.0572,456774636701154.562500
-0.09271999999999997,0.022000000000000002,0.053200000000000004,456774636701154.562500
-0.09270999999999996,0.022000000000000002,0.056400000000000006,456774636701154.562500
-0.09269999999999995,0.0212,0.056400000000000006,456774636701154.562500
-0.09268999999999994,0.0204,0.056400000000000006,456774636701154.562500
-0.09267999999999998,0.0204,0.0572,456774636701154.562500
-0.09266999999999997,0.0196,0.0572,456774636701154.562500
-0.09265999999999996,0.0228,0.058,456774636701154.562500
-0.09264999999999995,0.0204,0.0572,456774636701154.562500
-0.09263999999999994,0.022000000000000002,0.054,456774636701154.562500
-0.09262999999999999,0.018000000000000002,0.0572,456774636701154.562500
-0.09261999999999998,0.0204,0.055600000000000004,456774636701154.562500
-0.09260999999999997,0.0228,0.058800000000000005,456774636701154.562500
-0.09259999999999996,0.0236,0.056400000000000006,456774636701154.562500
-0.09258999999999995,0.0236,0.055600000000000004,456774636701154.562500
-0.09257999999999994,0.0236,0.054,456774636701154.562500
-0.09256999999999999,0.0244,0.058,456774636701154.562500
-0.09255999999999998,0.0244,0.056400000000000006,456774636701154.562500
-0.09254999999999997,0.0244,0.055600000000000004,456774636701154.562500
-0.09253999999999996,0.0244,0.055600000000000004,456774636701154.562500
-0.09252999999999995,0.0244,0.055600000000000004,456774636701154.562500
-0.09251999999999999,0.0244,0.058800000000000005,456774636701154.562500
-0.09250999999999998,0.0252,0.0548,456774636701154.562500
-0.09249999999999997,0.0236,0.055600000000000004,456774636701154.562500
-0.09248999999999996,0.0228,0.058,456774636701154.562500
-0.09247999999999995,0.0244,0.058,456774636701154.562500
-0.09246999999999994,0.0236,0.0548,456774636701154.562500
-0.09245999999999999,0.0236,0.058800000000000005,456774636701154.562500
-0.09244999999999998,0.0228,0.055600000000000004,456774636701154.562500
-0.09243999999999997,0.0244,0.0572,456774636701154.562500
-0.09242999999999996,0.0236,0.0572,456774636701154.562500
-0.09241999999999995,0.022000000000000002,0.056400000000000006,456774636701154.562500
-0.09240999999999999,0.0228,0.0572,456774636701154.562500
-0.09239999999999998,0.0228,0.058,456774636701154.562500
-0.09238999999999997,0.022000000000000002,0.0548,456774636701154.562500
-0.09237999999999996,0.0228,0.0572,456774636701154.562500
-0.09236999999999995,0.0228,0.056400000000000006,456774636701154.562500
-0.09235999999999994,0.0236,0.055600000000000004,456774636701154.562500
-0.09234999999999999,0.0212,0.056400000000000006,456774636701154.562500
-0.09233999999999998,0.022000000000000002,0.0548,456774636701154.562500
-0.09232999999999997,0.022000000000000002,0.053200000000000004,456774636701154.562500
-0.09231999999999996,0.0204,0.0548,456774636701154.562500
-0.09230999999999995,0.0236,0.058800000000000005,456774636701154.562500
-0.0923,0.0228,0.0572,456774636701154.562500
-0.09228999999999998,0.0228,0.055600000000000004,456774636701154.562500
-0.09227999999999997,0.022000000000000002,0.055600000000000004,456774636701154.562500
-0.09226999999999996,0.0252,0.056400000000000006,456774636701154.562500
-0.09225999999999995,0.0204,0.056400000000000006,456774636701154.562500
-0.09224999999999994,0.0252,0.056400000000000006,456774636701154.562500
-0.09223999999999999,0.0244,0.0572,456774636701154.562500
-0.09222999999999998,0.0244,0.058,456774636701154.562500
-0.09221999999999997,0.0236,0.0572,456774636701154.562500
-0.09220999999999996,0.0252,0.058,456774636701154.562500
-0.09219999999999995,0.026000000000000002,0.055600000000000004,456774636701154.562500
-0.09219,0.0228,0.0572,456774636701154.562500
-0.09217999999999998,0.0244,0.056400000000000006,456774636701154.562500
-0.09216999999999997,0.0236,0.058,456774636701154.562500
-0.09215999999999996,0.0244,0.0572,456774636701154.562500
-0.09214999999999995,0.0212,0.056400000000000006,456774636701154.562500
-0.09213999999999994,0.0236,0.058,456774636701154.562500
-0.09212999999999999,0.0212,0.056400000000000006,456774636701154.562500
-0.09211999999999998,0.0228,0.056400000000000006,456774636701154.562500
-0.09210999999999997,0.0236,0.0524,456774636701154.562500
-0.09209999999999996,0.022000000000000002,0.0548,456774636701154.562500
-0.09208999999999995,0.0244,0.054,456774636701154.562500
-0.09207999999999994,0.0228,0.0548,456774636701154.562500
-0.09206999999999999,0.0204,0.056400000000000006,456774636701154.562500
-0.09205999999999998,0.0228,0.0524,456774636701154.562500
-0.09204999999999997,0.0236,0.0476,456774636701154.562500
-0.09203999999999996,0.0196,0.055600000000000004,456774636701154.562500
-0.09202999999999995,0.0212,0.058800000000000005,456774636701154.562500
-0.09201999999999999,0.0204,0.058,456774636701154.562500
-0.09200999999999998,0.0228,0.0572,456774636701154.562500
-0.09199999999999997,0.022000000000000002,0.0572,456774636701154.562500
-0.09198999999999996,0.0204,0.050800000000000005,456774636701154.562500
-0.09197999999999995,0.0212,0.056400000000000006,456774636701154.562500
-0.09196999999999994,0.0236,0.055600000000000004,456774636701154.562500
-0.09195999999999999,0.0236,0.058,456774636701154.562500
-0.09194999999999998,0.0244,0.048400000000000006,456774636701154.562500
-0.09193999999999997,0.0236,0.0572,456774636701154.562500
-0.09192999999999996,0.0228,0.058800000000000005,456774636701154.562500
-0.09191999999999995,0.0236,0.058,456774636701154.562500
-0.09190999999999999,0.0228,0.0572,456774636701154.562500
-0.09189999999999998,0.0236,0.055600000000000004,456774636701154.562500
-0.09188999999999997,0.0244,0.0572,456774636701154.562500
-0.09187999999999996,0.0244,0.054,456774636701154.562500
-0.09186999999999995,0.0236,0.0548,456774636701154.562500
-0.09185999999999994,0.0236,0.056400000000000006,456774636701154.562500
-0.09184999999999999,0.0212,0.058,456774636701154.562500
-0.09183999999999998,0.0228,0.0516,456774636701154.562500
-0.09182999999999997,0.0228,0.0524,456774636701154.562500
-0.09181999999999996,0.0228,0.0548,456774636701154.562500
-0.09180999999999995,0.0236,0.056400000000000006,456774636701154.562500
-0.09179999999999999,0.022000000000000002,0.0596,456774636701154.562500
-0.09178999999999998,0.0236,0.056400000000000006,456774636701154.562500
-0.09177999999999997,0.022000000000000002,0.0548,456774636701154.562500
-0.09176999999999996,0.022000000000000002,0.0572,456774636701154.562500
-0.09175999999999995,0.0236,0.054,456774636701154.562500
-0.09174999999999994,0.022000000000000002,0.058,456774636701154.562500
-0.09173999999999999,0.0228,0.055600000000000004,456774636701154.562500
-0.09172999999999998,0.022000000000000002,0.0548,456774636701154.562500
-0.09171999999999997,0.022000000000000002,0.0516,456774636701154.562500
-0.09170999999999996,0.0228,0.055600000000000004,456774636701154.562500
-0.09169999999999995,0.022000000000000002,0.055600000000000004,456774636701154.562500
-0.09169,0.0212,0.056400000000000006,456774636701154.562500
-0.09167999999999998,0.0244,0.055600000000000004,456774636701154.562500
-0.09166999999999997,0.0236,0.058,456774636701154.562500
-0.09165999999999996,0.0236,0.050800000000000005,456774636701154.562500
-0.09164999999999995,0.0244,0.058800000000000005,456774636701154.562500
-0.09163999999999994,0.0236,0.0516,456774636701154.562500
-0.09162999999999999,0.0236,0.0572,456774636701154.562500
-0.09161999999999998,0.0236,0.0516,456774636701154.562500
-0.09160999999999997,0.0244,0.055600000000000004,456774636701154.562500
-0.09159999999999996,0.0252,0.058800000000000005,456774636701154.562500
-0.09158999999999995,0.0228,0.058,456774636701154.562500
-0.09157999999999994,0.0244,0.055600000000000004,456774636701154.562500
-0.09156999999999998,0.0228,0.058800000000000005,456774636701154.562500
-0.09155999999999997,0.022000000000000002,0.0476,456774636701154.562500
-0.09154999999999996,0.0244,0.050800000000000005,456774636701154.562500
-0.09153999999999995,0.0236,0.058,456774636701154.562500
-0.09152999999999994,0.0236,0.0444,456774636701154.562500
-0.09151999999999999,0.0228,0.058,456774636701154.562500
-0.09150999999999998,0.0212,0.0548,456774636701154.562500
-0.09149999999999997,0.022000000000000002,0.0548,456774636701154.562500
-0.09148999999999996,0.022000000000000002,0.056400000000000006,456774636701154.562500
-0.09147999999999995,0.022000000000000002,0.053200000000000004,456774636701154.562500
-0.09146999999999994,0.0228,0.0572,456774636701154.562500
-0.09145999999999999,0.0236,0.0524,456774636701154.562500
-0.09144999999999998,0.022000000000000002,0.0572,456774636701154.562500
-0.09143999999999997,0.0228,0.050800000000000005,456774636701154.562500
-0.09142999999999996,0.022000000000000002,0.055600000000000004,456774636701154.562500
-0.09141999999999995,0.0236,0.0572,456774636701154.562500
-0.09140999999999999,0.0236,0.056400000000000006,456774636701154.562500
-0.09139999999999998,0.0228,0.056400000000000006,456774636701154.562500
-0.09138999999999997,0.0212,0.058,456774636701154.562500
-0.09137999999999996,0.022000000000000002,0.058800000000000005,456774636701154.562500
-0.09136999999999995,0.0244,0.0572,456774636701154.562500
-0.09135999999999994,0.0252,0.056400000000000006,456774636701154.562500
-0.09134999999999999,0.0236,0.056400000000000006,456774636701154.562500
-0.09133999999999998,0.0252,0.058800000000000005,456774636701154.562500
-0.09132999999999997,0.022000000000000002,0.056400000000000006,456774636701154.562500
-0.09131999999999996,0.026000000000000002,0.0492,456774636701154.562500
-0.09130999999999995,0.0244,0.058,456774636701154.562500
-0.09129999999999999,0.0244,0.058,456774636701154.562500
-0.09128999999999998,0.0252,0.056400000000000006,456774636701154.562500
-0.09127999999999997,0.0244,0.055600000000000004,456774636701154.562500
-0.09126999999999996,0.0236,0.058,456774636701154.562500
-0.09125999999999995,0.0236,0.0572,456774636701154.562500
-0.09124999999999994,0.0236,0.056400000000000006,456774636701154.562500
-0.09123999999999999,0.0228,0.056400000000000006,456774636701154.562500
-0.09122999999999998,0.0196,0.0596,456774636701154.562500
-0.09121999999999997,0.0236,0.0572,456774636701154.562500
-0.09120999999999996,0.0196,0.055600000000000004,456774636701154.562500
-0.09119999999999995,0.022000000000000002,0.055600000000000004,456774636701154.562500
-0.09119,0.0212,0.055600000000000004,456774636701154.562500
-0.09117999999999998,0.018000000000000002,0.0572,456774636701154.562500
-0.09116999999999997,0.0236,0.0572,456774636701154.562500
-0.09115999999999996,0.0204,0.056400000000000006,456774636701154.562500
-0.09114999999999995,0.0228,0.058800000000000005,456774636701154.562500
-0.09113999999999994,0.0236,0.058,456774636701154.562500
-0.09112999999999999,0.0228,0.0572,456774636701154.562500
-0.09111999999999998,0.0212,0.055600000000000004,456774636701154.562500
-0.09110999999999997,0.0204,0.055600000000000004,456774636701154.562500
-0.09109999999999996,0.0204,0.0548,456774636701154.562500
-0.09108999999999995,0.0228,0.058,456774636701154.562500
-0.09108,0.022000000000000002,0.0548,456774636701154.562500
-0.09106999999999998,0.0236,0.058,456774636701154.562500
-0.09105999999999997,0.0204,0.058,456774636701154.562500
-0.09104999999999996,0.0236,0.050800000000000005,456774636701154.562500
-0.09103999999999995,0.0212,0.0572,456774636701154.562500
-0.09102999999999994,0.0212,0.058,456774636701154.562500
-0.09101999999999999,0.022000000000000002,0.058800000000000005,456774636701154.562500
-0.09100999999999998,0.0236,0.0572,456774636701154.562500
-0.09099999999999997,0.0228,0.0572,456774636701154.562500
-0.09098999999999996,0.0252,0.0572,456774636701154.562500
-0.09097999999999995,0.022000000000000002,0.0572,456774636701154.562500
-0.09096999999999994,0.0244,0.055600000000000004,456774636701154.562500
-0.09095999999999999,0.0244,0.056400000000000006,456774636701154.562500
-0.09094999999999998,0.0244,0.0572,456774636701154.562500
-0.09093999999999997,0.0236,0.058,456774636701154.562500
-0.09092999999999996,0.0212,0.0572,456774636701154.562500
-0.09091999999999995,0.0244,0.0572,456774636701154.562500
-0.09090999999999999,0.022000000000000002,0.056400000000000006,456774636701154.562500
-0.09089999999999998,0.0228,0.0572,456774636701154.562500
-0.09088999999999997,0.022000000000000002,0.0548,456774636701154.562500
-0.09087999999999996,0.0236,0.058800000000000005,456774636701154.562500
-0.09086999999999995,0.0204,0.053200000000000004,456774636701154.562500
-0.09085999999999994,0.0204,0.0572,456774636701154.562500
-0.09084999999999999,0.0196,0.055600000000000004,456774636701154.562500
-0.09083999999999998,0.0196,0.0572,456774636701154.562500
-0.09082999999999997,0.0212,0.0524,456774636701154.562500
-0.09081999999999996,0.0228,0.0548,456774636701154.562500
-0.09080999999999995,0.0228,0.058,456774636701154.562500
-0.09079999999999999,0.022000000000000002,0.058,456774636701154.562500
-0.09078999999999998,0.0204,0.055600000000000004,456774636701154.562500
-0.09077999999999997,0.022000000000000002,0.055600000000000004,456774636701154.562500
-0.09076999999999996,0.0228,0.056400000000000006,456774636701154.562500
-0.09075999999999995,0.0236,0.0572,456774636701154.562500
-0.09074999999999994,0.026000000000000002,0.058,456774636701154.562500
-0.09073999999999999,0.022000000000000002,0.0572,456774636701154.562500
-0.09072999999999998,0.0236,0.055600000000000004,456774636701154.562500
-0.09071999999999997,0.0236,0.058,456774636701154.562500
-0.09070999999999996,0.0252,0.054,456774636701154.562500
-0.09069999999999995,0.0236,0.056400000000000006,456774636701154.562500
-0.09068999999999999,0.0252,0.0572,456774636701154.562500
-0.09067999999999998,0.0244,0.0548,456774636701154.562500
-0.09066999999999997,0.0228,0.058800000000000005,456774636701154.562500
-0.09065999999999996,0.0244,0.058,456774636701154.562500
-0.09064999999999995,0.0228,0.058,456774636701154.562500
-0.09063999999999994,0.0228,0.056400000000000006,456774636701154.562500
-0.09062999999999999,0.0244,0.058,456774636701154.562500
-0.09061999999999998,0.0236,0.056400000000000006,456774636701154.562500
-0.09060999999999997,0.0244,0.055600000000000004,456774636701154.562500
-0.09059999999999996,0.0228,0.0516,456774636701154.562500
-0.09058999999999995,0.0228,0.054,456774636701154.562500
-0.09058,0.022000000000000002,0.055600000000000004,456774636701154.562500
-0.09056999999999998,0.022000000000000002,0.058,456774636701154.562500
-0.09055999999999997,0.022000000000000002,0.0572,456774636701154.562500
-0.09054999999999996,0.0228,0.058,456774636701154.562500
-0.09053999999999995,0.0228,0.058,456774636701154.562500
-0.09052999999999994,0.022000000000000002,0.056400000000000006,456774636701154.562500
-0.09051999999999999,0.0236,0.048400000000000006,456774636701154.562500
-0.09050999999999998,0.022000000000000002,0.045200000000000004,456774636701154.562500
-0.09049999999999997,0.0228,0.042800000000000005,456774636701154.562500
-0.09048999999999996,0.022000000000000002,0.0412,456774636701154.562500
-0.09047999999999995,0.022000000000000002,0.0516,456774636701154.562500
-0.09046999999999994,0.0236,0.0548,456774636701154.562500
-0.09045999999999998,0.0244,0.056400000000000006,456774636701154.562500
-0.09044999999999997,0.022000000000000002,0.056400000000000006,456774636701154.562500
-0.09043999999999996,0.0228,0.054,456774636701154.562500
-0.09042999999999995,0.0212,0.0516,456774636701154.562500
-0.09041999999999994,0.0228,0.056400000000000006,456774636701154.562500
-0.09040999999999999,0.0236,0.055600000000000004,456774636701154.562500
-0.09039999999999998,0.0228,0.058800000000000005,456774636701154.562500
-0.09038999999999997,0.0236,0.056400000000000006,456774636701154.562500
-0.09037999999999996,0.0244,0.056400000000000006,456774636701154.562500
-0.09036999999999995,0.0228,0.0572,456774636701154.562500
-0.09035999999999994,0.0244,0.056400000000000006,456774636701154.562500
-0.09034999999999999,0.0252,0.056400000000000006,456774636701154.562500
-0.09033999999999998,0.0236,0.058,456774636701154.562500
-0.09032999999999997,0.0228,0.056400000000000006,456774636701154.562500
-0.09031999999999996,0.0236,0.0572,456774636701154.562500
-0.09030999999999995,0.0236,0.055600000000000004,456774636701154.562500
-0.09029999999999999,0.0236,0.058,456774636701154.562500
-0.09028999999999998,0.022000000000000002,0.0572,456774636701154.562500
-0.09027999999999997,0.0228,0.058,456774636701154.562500
-0.09026999999999996,0.0212,0.058,456774636701154.562500
-0.09025999999999995,0.0212,0.0572,456774636701154.562500
-0.09024999999999994,0.0228,0.056400000000000006,456774636701154.562500
-0.09023999999999999,0.0228,0.056400000000000006,456774636701154.562500
-0.09022999999999998,0.0212,0.058,456774636701154.562500
-0.09021999999999997,0.0212,0.058,456774636701154.562500
-0.09020999999999996,0.0236,0.048400000000000006,456774636701154.562500
-0.09019999999999995,0.0212,0.055600000000000004,456774636701154.562500
-0.09018999999999999,0.0244,0.0572,456774636701154.562500
-0.09017999999999998,0.0228,0.0572,456774636701154.562500
-0.09016999999999997,0.0236,0.055600000000000004,456774636701154.562500
-0.09015999999999996,0.022000000000000002,0.056400000000000006,456774636701154.562500
-0.09014999999999995,0.0236,0.055600000000000004,456774636701154.562500
-0.09013999999999994,0.022000000000000002,0.058,456774636701154.562500
-0.09012999999999999,0.0252,0.058800000000000005,456774636701154.562500
-0.09011999999999998,0.0252,0.058,456774636701154.562500
-0.09010999999999997,0.0252,0.056400000000000006,456774636701154.562500
-0.09009999999999996,0.0236,0.058,456774636701154.562500
-0.09008999999999995,0.0252,0.0572,456774636701154.562500
-0.09008,0.0244,0.056400000000000006,456774636701154.562500
-0.09006999999999998,0.0236,0.058,456774636701154.562500
-0.09005999999999997,0.022000000000000002,0.058,456774636701154.562500
-0.09004999999999996,0.0244,0.056400000000000006,456774636701154.562500
-0.09003999999999995,0.0228,0.0548,456774636701154.562500
-0.09002999999999994,0.0252,0.056400000000000006,456774636701154.562500
-0.09001999999999999,0.0236,0.0572,456774636701154.562500
-0.09000999999999998,0.022000000000000002,0.058,456774636701154.562500
-0.08999999999999997,0.0244,0.0492,456774636701154.562500
-0.08998999999999996,0.0236,0.054,456774636701154.562500
-0.08997999999999995,0.0204,0.058,456774636701154.562500
-0.08996999999999994,0.022000000000000002,0.0572,456774636701154.562500
-0.08995999999999998,0.022000000000000002,0.056400000000000006,456774636701154.562500
-0.08994999999999997,0.0236,0.0572,456774636701154.562500
-0.08993999999999996,0.0236,0.058,456774636701154.562500
-0.08992999999999995,0.0212,0.056400000000000006,456774636701154.562500
-0.08991999999999994,0.022000000000000002,0.056400000000000006,456774636701154.562500
-0.08990999999999999,0.022000000000000002,0.055600000000000004,456774636701154.562500
-0.08989999999999998,0.022000000000000002,0.055600000000000004,456774636701154.562500
-0.08988999999999997,0.022000000000000002,0.053200000000000004,456774636701154.562500
-0.08987999999999996,0.022000000000000002,0.056400000000000006,456774636701154.562500
-0.08986999999999995,0.022000000000000002,0.056400000000000006,456774636701154.562500
-0.08985999999999994,0.0244,0.053200000000000004,456774636701154.562500
-0.08984999999999999,0.0204,0.055600000000000004,456774636701154.562500
-0.08983999999999998,0.0228,0.055600000000000004,456774636701154.562500
-0.08982999999999997,0.0236,0.0548,456774636701154.562500
-0.08981999999999996,0.0244,0.0524,456774636701154.562500
-0.08980999999999995,0.0244,0.0572,456774636701154.562500
-0.08979999999999999,0.0228,0.0548,456774636701154.562500
-0.08978999999999998,0.0228,0.058,456774636701154.562500
-0.08977999999999997,0.0244,0.056400000000000006,456774636701154.562500
-0.08976999999999996,0.0252,0.056400000000000006,456774636701154.562500
-0.08975999999999995,0.0236,0.0548,456774636701154.562500
-0.08974999999999994,0.0236,0.058800000000000005,456774636701154.562500
-0.08973999999999999,0.0236,0.054,456774636701154.562500
-0.08972999999999998,0.0212,0.0572,456774636701154.562500
-0.08971999999999997,0.0204,0.0516,456774636701154.562500
-0.08970999999999996,0.022000000000000002,0.056400000000000006,456774636701154.562500
-0.08969999999999995,0.0244,0.056400000000000006,456774636701154.562500
-0.08968999999999999,0.0212,0.058,456774636701154.562500
-0.08967999999999998,0.022000000000000002,0.0572,456774636701154.562500
-0.08966999999999997,0.0212,0.056400000000000006,456774636701154.562500
-0.08965999999999996,0.022000000000000002,0.0572,456774636701154.562500
-0.08964999999999995,0.022000000000000002,0.0572,456774636701154.562500
-0.08963999999999994,0.022000000000000002,0.058,456774636701154.562500
-0.08962999999999999,0.0212,0.056400000000000006,456774636701154.562500
-0.08961999999999998,0.0228,0.0572,456774636701154.562500
-0.08960999999999997,0.022000000000000002,0.056400000000000006,456774636701154.562500
-0.08959999999999996,0.022000000000000002,0.056400000000000006,456774636701154.562500
-0.08958999999999995,0.0212,0.055600000000000004,456774636701154.562500
-0.08957999999999999,0.0228,0.056400000000000006,456774636701154.562500
-0.08956999999999998,0.0228,0.056400000000000006,456774636701154.562500
-0.08955999999999997,0.0228,0.0572,456774636701154.562500
-0.08954999999999996,0.0204,0.056400000000000006,456774636701154.562500
-0.08953999999999995,0.0228,0.0548,456774636701154.562500
-0.08952999999999994,0.0228,0.0572,456774636701154.562500
-0.08951999999999999,0.0244,0.0572,456774636701154.562500
-0.08950999999999998,0.0236,0.056400000000000006,456774636701154.562500
-0.08949999999999997,0.0236,0.058,456774636701154.562500
-0.08948999999999996,0.0252,0.0572,456774636701154.562500
-0.08947999999999995,0.0236,0.048400000000000006,456774636701154.562500
-0.08947,0.0236,0.0572,456774636701154.562500
-0.08945999999999998,0.0244,0.058,456774636701154.562500
-0.08944999999999997,0.0244,0.0572,456774636701154.562500
-0.08943999999999996,0.0244,0.0572,456774636701154.562500
-0.08942999999999995,0.0236,0.056400000000000006,456774636701154.562500
-0.08941999999999994,0.0228,0.0572,456774636701154.562500
-0.08940999999999999,0.0236,0.056400000000000006,456774636701154.562500
-0.08939999999999998,0.0196,0.0572,456774636701154.562500
-0.08938999999999997,0.0188,0.0572,456774636701154.562500
-0.08937999999999996,0.0228,0.056400000000000006,456774636701154.562500
-0.08936999999999995,0.022000000000000002,0.058,456774636701154.562500
-0.08935999999999994,0.0228,0.0524,456774636701154.562500
-0.08934999999999998,0.0228,0.0516,456774636701154.562500
-0.08933999999999997,0.0212,0.053200000000000004,456774636701154.562500
-0.08932999999999996,0.0228,0.0524,456774636701154.562500
-0.08931999999999995,0.0228,0.0548,456774636701154.562500
-0.08930999999999994,0.022000000000000002,0.055600000000000004,456774636701154.562500
-0.08929999999999999,0.0204,0.0572,456774636701154.562500
-0.08928999999999998,0.022000000000000002,0.058,456774636701154.562500
-0.08927999999999997,0.0204,0.055600000000000004,456774636701154.562500
-0.08926999999999996,0.0228,0.058,456774636701154.562500
-0.08925999999999995,0.0236,0.056400000000000006,456774636701154.562500
-0.08924999999999994,0.0196,0.058,456774636701154.562500
-0.08923999999999999,0.0236,0.056400000000000006,456774636701154.562500
-0.08922999999999998,0.0228,0.0572,456774636701154.562500
-0.08921999999999997,0.0244,0.0572,456774636701154.562500
-0.08920999999999996,0.0228,0.0572,456774636701154.562500
-0.08919999999999995,0.0228,0.0572,456774636701154.562500
-0.08918999999999999,0.0236,0.058,456774636701154.562500
-0.08917999999999998,0.0244,0.0524,456774636701154.562500
-0.08916999999999997,0.0244,0.053200000000000004,456774636701154.562500
-0.08915999999999996,0.0252,0.0548,456774636701154.562500
-0.08914999999999995,0.022000000000000002,0.054,456774636701154.562500
-0.08913999999999994,0.0228,0.056400000000000006,456774636701154.562500
-0.08912999999999999,0.0244,0.0572,456774636701154.562500
-0.08911999999999998,0.022000000000000002,0.0572,456774636701154.562500
-0.08910999999999997,0.0228,0.058,456774636701154.562500
-0.08909999999999996,0.0204,0.0596,456774636701154.562500
-0.08908999999999995,0.0196,0.054,456774636701154.562500
-0.08907999999999999,0.018000000000000002,0.056400000000000006,456774636701154.562500
-0.08906999999999998,0.0204,0.055600000000000004,456774636701154.562500
-0.08905999999999997,0.0212,0.0548,456774636701154.562500
-0.08904999999999996,0.022000000000000002,0.0548,456774636701154.562500
-0.08903999999999995,0.0188,0.0548,456774636701154.562500
-0.08902999999999994,0.0236,0.056400000000000006,456774636701154.562500
-0.08901999999999999,0.0236,0.056400000000000006,456774636701154.562500
-0.08900999999999998,0.018000000000000002,0.0572,456774636701154.562500
-0.08899999999999997,0.0188,0.0572,456774636701154.562500
-0.08898999999999996,0.022000000000000002,0.055600000000000004,456774636701154.562500
-0.08897999999999995,0.0236,0.054,456774636701154.562500
-0.08897,0.0228,0.0548,456774636701154.562500
-0.08895999999999998,0.022000000000000002,0.0476,456774636701154.562500
-0.08894999999999997,0.0204,0.055600000000000004,456774636701154.562500
-0.08893999999999996,0.022000000000000002,0.05,456774636701154.562500
-0.08892999999999995,0.0204,0.05,456774636701154.562500
-0.08891999999999994,0.0236,0.0476,456774636701154.562500
-0.08890999999999999,0.0204,0.05,456774636701154.562500
-0.08889999999999998,0.0212,0.0468,456774636701154.562500
-0.08888999999999997,0.0228,0.053200000000000004,456774636701154.562500
-0.08887999999999996,0.0212,0.045200000000000004,456774636701154.562500
-0.08886999999999995,0.0252,0.0476,456774636701154.562500
-0.08885999999999994,0.0204,0.046,456774636701154.562500
-0.08884999999999998,0.0252,0.046,456774636701154.562500
-0.08883999999999997,0.0236,0.0412,456774636701154.562500
-0.08882999999999996,0.0236,0.0548,456774636701154.562500
-0.08881999999999995,0.0228,0.0572,456774636701154.562500
-0.08880999999999994,0.0236,0.054,456774636701154.562500
-0.08879999999999999,0.0236,0.0516,456774636701154.562500
-0.08878999999999998,0.0228,0.055600000000000004,456774636701154.562500
-0.08877999999999997,0.0228,0.0548,456774636701154.562500
-0.08876999999999996,0.0228,0.0572,456774636701154.562500
-0.08875999999999995,0.0204,0.054,456774636701154.562500
-0.08874999999999994,0.0204,0.055600000000000004,456774636701154.562500
-0.08873999999999999,0.022000000000000002,0.055600000000000004,456774636701154.562500
-0.08872999999999998,0.0236,0.058,456774636701154.562500
-0.08871999999999997,0.022000000000000002,0.056400000000000006,456774636701154.562500
-0.08870999999999996,0.0228,0.056400000000000006,456774636701154.562500
-0.08869999999999995,0.0204,0.0548,456774636701154.562500
-0.08868999999999999,0.0212,0.0516,456774636701154.562500
-0.08867999999999998,0.022000000000000002,0.0572,456774636701154.562500
-0.08866999999999997,0.022000000000000002,0.0572,456774636701154.562500
-0.08865999999999996,0.0228,0.055600000000000004,456774636701154.562500
-0.08864999999999995,0.0236,0.058,456774636701154.562500
-0.08863999999999994,0.0212,0.0572,456774636701154.562500
-0.08862999999999999,0.022000000000000002,0.056400000000000006,456774636701154.562500
-0.08861999999999998,0.022000000000000002,0.056400000000000006,456774636701154.562500
-0.08860999999999997,0.0244,0.0572,456774636701154.562500
-0.08859999999999996,0.0244,0.0516,456774636701154.562500
-0.08858999999999995,0.0252,0.046,456774636701154.562500
-0.08857999999999999,0.0252,0.0572,456774636701154.562500
-0.08856999999999998,0.0228,0.058,456774636701154.562500
-0.08855999999999997,0.0236,0.056400000000000006,456774636701154.562500
-0.08854999999999996,0.0244,0.054,456774636701154.562500
-0.08853999999999995,0.0244,0.0548,456774636701154.562500
-0.08852999999999994,0.0244,0.055600000000000004,456774636701154.562500
-0.08851999999999999,0.0236,0.054,456774636701154.562500
-0.08850999999999998,0.0236,0.056400000000000006,456774636701154.562500
-0.08849999999999997,0.0204,0.0476,456774636701154.562500
-0.08848999999999996,0.0228,0.0516,456774636701154.562500
-0.08847999999999995,0.0236,0.055600000000000004,456774636701154.562500
-0.08847,0.022000000000000002,0.058,456774636701154.562500
-0.08845999999999998,0.0212,0.056400000000000006,456774636701154.562500
-0.08844999999999997,0.0204,0.0548,456774636701154.562500
-0.08843999999999996,0.0228,0.056400000000000006,456774636701154.562500
-0.08842999999999995,0.022000000000000002,0.055600000000000004,456774636701154.562500
-0.08841999999999994,0.0236,0.058,456774636701154.562500
-0.08840999999999999,0.0196,0.0572,456774636701154.562500
-0.08839999999999998,0.0212,0.053200000000000004,456774636701154.562500
-0.08838999999999997,0.022000000000000002,0.058,456774636701154.562500
-0.08837999999999996,0.022000000000000002,0.0572,456774636701154.562500
-0.08836999999999995,0.0196,0.0572,456774636701154.562500
-0.08835999999999994,0.022000000000000002,0.0548,456774636701154.562500
-0.08834999999999998,0.0236,0.056400000000000006,456774636701154.562500
-0.08833999999999997,0.0188,0.055600000000000004,456774636701154.562500
-0.08832999999999996,0.022000000000000002,0.056400000000000006,456774636701154.562500
-0.08831999999999995,0.0244,0.0572,456774636701154.562500
-0.08830999999999994,0.0228,0.0548,456774636701154.562500
-0.08829999999999999,0.0236,0.058,456774636701154.562500
-0.08828999999999998,0.0236,0.0572,456774636701154.562500
-0.08827999999999997,0.0236,0.0572,456774636701154.562500
-0.08826999999999996,0.0244,0.0572,456774636701154.562500
-0.08825999999999995,0.0228,0.058,456774636701154.562500
-0.08824999999999994,0.0228,0.0548,456774636701154.562500
-0.08823999999999999,0.022000000000000002,0.054,456774636701154.562500
-0.08822999999999998,0.0236,0.058,456774636701154.562500
-0.08821999999999997,0.0244,0.056400000000000006,456774636701154.562500
-0.08820999999999996,0.0236,0.0572,456774636701154.562500
-0.08819999999999995,0.022000000000000002,0.0596,456774636701154.562500
-0.08818999999999999,0.0244,0.056400000000000006,456774636701154.562500
-0.08817999999999998,0.0204,0.0548,456774636701154.562500
-0.08816999999999997,0.0228,0.0572,456774636701154.562500
-0.08815999999999996,0.0236,0.058,456774636701154.562500
-0.08814999999999995,0.0236,0.0572,456774636701154.562500
-0.08813999999999994,0.022000000000000002,0.055600000000000004,456774636701154.562500
-0.08812999999999999,0.022000000000000002,0.0572,456774636701154.562500
-0.08811999999999998,0.0228,0.0572,456774636701154.562500
-0.08810999999999997,0.0228,0.058,456774636701154.562500
-0.08809999999999996,0.022000000000000002,0.058,456774636701154.562500
-0.08808999999999995,0.0236,0.056400000000000006,456774636701154.562500
-0.08807999999999999,0.0228,0.055600000000000004,456774636701154.562500
-0.08806999999999998,0.0228,0.0572,456774636701154.562500
-0.08805999999999997,0.0244,0.0572,456774636701154.562500
-0.08804999999999996,0.0236,0.0572,456774636701154.562500
-0.08803999999999995,0.0228,0.0572,456774636701154.562500
-0.08802999999999994,0.022000000000000002,0.0572,456774636701154.562500
-0.08801999999999999,0.0188,0.055600000000000004,456774636701154.562500
-0.08800999999999998,0.022000000000000002,0.053200000000000004,456774636701154.562500
-0.08799999999999997,0.0236,0.054,456774636701154.562500
-0.08798999999999996,0.0236,0.058,456774636701154.562500
-0.08797999999999995,0.0244,0.058800000000000005,456774636701154.562500
-0.08796999999999999,0.0244,0.0572,456774636701154.562500
-0.08795999999999998,0.0252,0.058,456774636701154.562500
-0.08794999999999997,0.0244,0.055600000000000004,456774636701154.562500
-0.08793999999999996,0.026000000000000002,0.056400000000000006,456774636701154.562500
-0.08792999999999995,0.0236,0.058800000000000005,456774636701154.562500
-0.08791999999999994,0.0212,0.0572,456774636701154.562500
-0.08790999999999999,0.0252,0.056400000000000006,456774636701154.562500
-0.08789999999999998,0.0244,0.0572,456774636701154.562500
-0.08788999999999997,0.0236,0.0572,456774636701154.562500
-0.08787999999999996,0.022000000000000002,0.056400000000000006,456774636701154.562500
-0.08786999999999995,0.022000000000000002,0.056400000000000006,456774636701154.562500
-0.08786,0.0196,0.058,456774636701154.562500
-0.08784999999999998,0.0196,0.054,456774636701154.562500
-0.08783999999999997,0.0172,0.0572,456774636701154.562500
-0.08782999999999996,0.0188,0.058,456774636701154.562500
-0.08781999999999995,0.0164,0.0572,456774636701154.562500
-0.08780999999999994,0.018000000000000002,0.0572,456774636701154.562500
-0.08779999999999999,0.022000000000000002,0.055600000000000004,456774636701154.562500
-0.08778999999999998,0.0228,0.0572,456774636701154.562500
-0.08777999999999997,0.0196,0.0572,456774636701154.562500
-0.08776999999999996,0.0228,0.055600000000000004,456774636701154.562500
-0.08775999999999995,0.0204,0.0572,456774636701154.562500
-0.08774999999999994,0.022000000000000002,0.055600000000000004,456774636701154.562500
-0.08773999999999998,0.0228,0.0596,456774636701154.562500
-0.08772999999999997,0.022000000000000002,0.0572,456774636701154.562500
-0.08771999999999996,0.022000000000000002,0.056400000000000006,456774636701154.562500
-0.08770999999999995,0.0228,0.0572,456774636701154.562500
-0.08769999999999994,0.0236,0.056400000000000006,456774636701154.562500
-0.08768999999999999,0.0212,0.055600000000000004,456774636701154.562500
-0.08767999999999998,0.0212,0.0572,456774636701154.562500
-0.08766999999999997,0.022000000000000002,0.0572,456774636701154.562500
-0.08765999999999996,0.0236,0.056400000000000006,456774636701154.562500
-0.08764999999999995,0.026000000000000002,0.0548,456774636701154.562500
-0.08763999999999994,0.0236,0.053200000000000004,456774636701154.562500
-0.08762999999999999,0.0244,0.0548,456774636701154.562500
-0.08761999999999998,0.0228,0.055600000000000004,456774636701154.562500
-0.08760999999999997,0.0228,0.056400000000000006,456774636701154.562500
-0.08759999999999996,0.0236,0.056400000000000006,456774636701154.562500
-0.08758999999999995,0.022000000000000002,0.046,456774636701154.562500
-0.08757999999999999,0.0244,0.055600000000000004,456774636701154.562500
-0.08756999999999998,0.0196,0.055600000000000004,456774636701154.562500
-0.08755999999999997,0.0204,0.055600000000000004,456774636701154.562500
-0.08754999999999996,0.0188,0.05,456774636701154.562500
-0.08753999999999995,0.0188,0.0548,456774636701154.562500
-0.08752999999999994,0.0196,0.058,456774636701154.562500
-0.08751999999999999,0.0236,0.0548,456774636701154.562500
-0.08750999999999998,0.0228,0.0572,456774636701154.562500
-0.08749999999999997,0.0172,0.056400000000000006,456774636701154.562500
-0.08748999999999996,0.0172,0.053200000000000004,456774636701154.562500
-0.08747999999999995,0.018000000000000002,0.054,456774636701154.562500
-0.08746999999999999,0.0236,0.054,456774636701154.562500
-0.08745999999999998,0.0236,0.0548,456774636701154.562500
-0.08744999999999997,0.022000000000000002,0.055600000000000004,456774636701154.562500
-0.08743999999999996,0.0196,0.055600000000000004,456774636701154.562500
-0.08742999999999995,0.022000000000000002,0.058,456774636701154.562500
-0.08741999999999994,0.018000000000000002,0.058,456774636701154.562500
-0.08740999999999999,0.018000000000000002,0.058,456774636701154.562500
-0.08739999999999998,0.018000000000000002,0.056400000000000006,456774636701154.562500
-0.08738999999999997,0.022000000000000002,0.054,456774636701154.562500
-0.08737999999999996,0.022000000000000002,0.056400000000000006,456774636701154.562500
-0.08736999999999995,0.0236,0.050800000000000005,456774636701154.562500
-0.08736,0.0236,0.056400000000000006,456774636701154.562500
-0.08734999999999998,0.0228,0.0572,456774636701154.562500
-0.08733999999999997,0.0236,0.053200000000000004,456774636701154.562500
-0.08732999999999996,0.026000000000000002,0.0572,456774636701154.562500
-0.08731999999999995,0.0244,0.050800000000000005,456774636701154.562500
-0.08730999999999994,0.0228,0.0572,456774636701154.562500
-0.08729999999999999,0.0244,0.056400000000000006,456774636701154.562500
-0.08728999999999998,0.0212,0.055600000000000004,456774636701154.562500
-0.08727999999999997,0.0236,0.055600000000000004,456774636701154.562500
-0.08726999999999996,0.0236,0.0524,456774636701154.562500
-0.08725999999999995,0.0228,0.0548,456774636701154.562500
-0.08724999999999994,0.0236,0.0516,456774636701154.562500
-0.08723999999999998,0.0204,0.055600000000000004,456774636701154.562500
-0.08722999999999997,0.0204,0.055600000000000004,456774636701154.562500
-0.08721999999999996,0.0172,0.056400000000000006,456774636701154.562500
-0.08720999999999995,0.0236,0.055600000000000004,456774636701154.562500
-0.08719999999999994,0.0212,0.055600000000000004,456774636701154.562500
-0.08718999999999999,0.0236,0.056400000000000006,456774636701154.562500
-0.08717999999999998,0.022000000000000002,0.0572,456774636701154.562500
-0.08716999999999997,0.0204,0.0468,456774636701154.562500
-0.08715999999999996,0.0228,0.053200000000000004,456774636701154.562500
-0.08714999999999995,0.0164,0.0572,456774636701154.562500
-0.08713999999999994,0.0212,0.056400000000000006,456774636701154.562500
-0.08712999999999999,0.0204,0.055600000000000004,456774636701154.562500
-0.08711999999999998,0.022000000000000002,0.056400000000000006,456774636701154.562500
-0.08710999999999997,0.0204,0.0548,456774636701154.562500
-0.08709999999999996,0.0244,0.0548,456774636701154.562500
-0.08708999999999995,0.022000000000000002,0.058,456774636701154.562500
-0.08707999999999999,0.0244,0.056400000000000006,456774636701154.562500
-0.08706999999999998,0.0228,0.0524,456774636701154.562500
-0.08705999999999997,0.0252,0.055600000000000004,456774636701154.562500
-0.08704999999999996,0.0236,0.0524,456774636701154.562500
-0.08703999999999995,0.022000000000000002,0.053200000000000004,456774636701154.562500
-0.08702999999999994,0.0228,0.0444,456774636701154.562500
-0.08701999999999999,0.0212,0.0516,456774636701154.562500
-0.08700999999999998,0.0244,0.045200000000000004,456774636701154.562500
-0.08699999999999997,0.0236,0.055600000000000004,456774636701154.562500
-0.08698999999999996,0.0244,0.0492,456774636701154.562500
-0.08697999999999995,0.0236,0.05,456774636701154.562500
-0.08696999999999999,0.0236,0.056400000000000006,456774636701154.562500
-0.08695999999999998,0.0212,0.058,456774636701154.562500
-0.08694999999999997,0.0236,0.0572,456774636701154.562500
-0.08693999999999996,0.0228,0.056400000000000006,456774636701154.562500
-0.08692999999999995,0.0228,0.0524,456774636701154.562500
-0.08691999999999994,0.0228,0.050800000000000005,456774636701154.562500
-0.08690999999999999,0.0212,0.056400000000000006,456774636701154.562500
-0.08689999999999998,0.0212,0.055600000000000004,456774636701154.562500
-0.08688999999999997,0.022000000000000002,0.058800000000000005,456774636701154.562500
-0.08687999999999996,0.0228,0.056400000000000006,456774636701154.562500
-0.08686999999999995,0.0228,0.058,456774636701154.562500
-0.08685999999999999,0.0236,0.0524,456774636701154.562500
-0.08684999999999998,0.0236,0.058,456774636701154.562500
-0.08683999999999997,0.0228,0.053200000000000004,456774636701154.562500
-0.08682999999999996,0.0204,0.056400000000000006,456774636701154.562500
-0.08681999999999995,0.022000000000000002,0.0524,456774636701154.562500
-0.08680999999999994,0.0204,0.058,456774636701154.562500
-0.08679999999999999,0.0244,0.055600000000000004,456774636701154.562500
-0.08678999999999998,0.022000000000000002,0.055600000000000004,456774636701154.562500
-0.08677999999999997,0.0188,0.058,456774636701154.562500
-0.08676999999999996,0.0236,0.0596,456774636701154.562500
-0.08675999999999995,0.0228,0.054,456774636701154.562500
-0.08675,0.0236,0.0572,456774636701154.562500
-0.08673999999999998,0.0244,0.056400000000000006,456774636701154.562500
-0.08672999999999997,0.0236,0.056400000000000006,456774636701154.562500
-0.08671999999999996,0.022000000000000002,0.058,456774636701154.562500
-0.08670999999999995,0.0244,0.0572,456774636701154.562500
-0.08669999999999994,0.0244,0.0572,456774636701154.562500
-0.08668999999999999,0.0244,0.0572,456774636701154.562500
-0.08667999999999998,0.0252,0.0572,456774636701154.562500
-0.08666999999999997,0.0252,0.056400000000000006,456774636701154.562500
-0.08665999999999996,0.0228,0.058,456774636701154.562500
-0.08664999999999995,0.0228,0.0572,456774636701154.562500
-0.08663999999999994,0.022000000000000002,0.058,456774636701154.562500
-0.08662999999999998,0.022000000000000002,0.056400000000000006,456774636701154.562500
-0.08661999999999997,0.0228,0.0548,456774636701154.562500
-0.08660999999999996,0.0228,0.058800000000000005,456774636701154.562500
-0.08659999999999995,0.022000000000000002,0.0548,456774636701154.562500
-0.08658999999999994,0.0204,0.055600000000000004,456774636701154.562500
-0.08657999999999999,0.022000000000000002,0.0572,456774636701154.562500
-0.08656999999999998,0.0228,0.056400000000000006,456774636701154.562500
-0.08655999999999997,0.0196,0.0572,456774636701154.562500
-0.08654999999999996,0.022000000000000002,0.058,456774636701154.562500
-0.08653999999999995,0.022000000000000002,0.056400000000000006,456774636701154.562500
-0.08652999999999994,0.0228,0.058800000000000005,456774636701154.562500
-0.08651999999999999,0.0212,0.0572,456774636701154.562500
-0.08650999999999998,0.022000000000000002,0.0572,456774636701154.562500
-0.08649999999999997,0.022000000000000002,0.0548,456774636701154.562500
-0.08648999999999996,0.022000000000000002,0.055600000000000004,456774636701154.562500
-0.08647999999999995,0.022000000000000002,0.0548,456774636701154.562500
-0.08646999999999999,0.022000000000000002,0.058,456774636701154.562500
-0.08645999999999998,0.0244,0.058,456774636701154.562500
-0.08644999999999997,0.0212,0.0572,456774636701154.562500
-0.08643999999999996,0.0252,0.0492,456774636701154.562500
-0.08642999999999995,0.022000000000000002,0.050800000000000005,456774636701154.562500
-0.08641999999999994,0.0228,0.0492,456774636701154.562500
-0.08640999999999999,0.0244,0.055600000000000004,456774636701154.562500
-0.08639999999999998,0.0228,0.0572,456774636701154.562500
-0.08638999999999997,0.0244,0.055600000000000004,456774636701154.562500
-0.08637999999999996,0.0212,0.055600000000000004,456774636701154.562500
-0.08636999999999995,0.0236,0.0548,456774636701154.562500
-0.08635999999999999,0.0228,0.054,456774636701154.562500
-0.08634999999999998,0.022000000000000002,0.0468,456774636701154.562500
-0.08633999999999997,0.0204,0.058,456774636701154.562500
-0.08632999999999996,0.0236,0.0572,456774636701154.562500
-0.08631999999999995,0.0212,0.0516,456774636701154.562500
-0.08630999999999994,0.0212,0.056400000000000006,456774636701154.562500
-0.08629999999999999,0.0212,0.0524,456774636701154.562500
-0.08628999999999998,0.0188,0.050800000000000005,456774636701154.562500
-0.08627999999999997,0.0196,0.042800000000000005,456774636701154.562500
-0.08626999999999996,0.0228,0.054,456774636701154.562500
-0.08625999999999995,0.0204,0.0516,456774636701154.562500
-0.08625,0.022000000000000002,0.055600000000000004,456774636701154.562500
-0.08623999999999998,0.022000000000000002,0.055600000000000004,456774636701154.562500
-0.08622999999999997,0.0228,0.058,456774636701154.562500
-0.08621999999999996,0.0228,0.0476,456774636701154.562500
-0.08620999999999995,0.0228,0.056400000000000006,456774636701154.562500
-0.08619999999999994,0.022000000000000002,0.056400000000000006,456774636701154.562500
-0.08618999999999999,0.0236,0.048400000000000006,456774636701154.562500
-0.08617999999999998,0.022000000000000002,0.0572,456774636701154.562500
-0.08616999999999997,0.0228,0.048400000000000006,456774636701154.562500
-0.08615999999999996,0.0212,0.058,456774636701154.562500
-0.08614999999999995,0.0244,0.056400000000000006,456774636701154.562500
-0.08613999999999994,0.0236,0.0444,456774636701154.562500
-0.08612999999999998,0.0228,0.056400000000000006,456774636701154.562500
-0.08611999999999997,0.022000000000000002,0.045200000000000004,456774636701154.562500
-0.08610999999999996,0.0132,0.055600000000000004,456774636701154.562500
-0.08609999999999995,0.0212,0.056400000000000006,456774636701154.562500
-0.08608999999999994,0.022000000000000002,0.0548,456774636701154.562500
-0.08607999999999999,0.0252,0.056400000000000006,456774636701154.562500
-0.08606999999999998,0.0196,0.055600000000000004,456774636701154.562500
-0.08605999999999997,0.022000000000000002,0.0572,456774636701154.562500
-0.08604999999999996,0.022000000000000002,0.058,456774636701154.562500
-0.08603999999999995,0.022000000000000002,0.056400000000000006,456774636701154.562500
-0.08602999999999994,0.0212,0.056400000000000006,456774636701154.562500
-0.08601999999999999,0.0228,0.056400000000000006,456774636701154.562500
-0.08600999999999998,0.0212,0.058,456774636701154.562500
-0.08599999999999997,0.0188,0.0572,456774636701154.562500
-0.08598999999999996,0.0204,0.058,456774636701154.562500
-0.08597999999999995,0.0196,0.055600000000000004,456774636701154.562500
-0.08596999999999999,0.022000000000000002,0.053200000000000004,456774636701154.562500
-0.08595999999999998,0.0228,0.0572,456774636701154.562500
-0.08594999999999997,0.0212,0.056400000000000006,456774636701154.562500
-0.08593999999999996,0.0204,0.055600000000000004,456774636701154.562500
-0.08592999999999995,0.022000000000000002,0.0468,456774636701154.562500
-0.08591999999999994,0.022000000000000002,0.058,456774636701154.562500
-0.08590999999999999,0.0236,0.056400000000000006,456774636701154.562500
-0.08589999999999998,0.0228,0.0572,456774636701154.562500
-0.08588999999999997,0.0236,0.055600000000000004,456774636701154.562500
-0.08587999999999996,0.0236,0.055600000000000004,456774636701154.562500
-0.08586999999999995,0.0188,0.058,456774636701154.562500
-0.08585999999999999,0.0228,0.055600000000000004,456774636701154.562500
-0.08584999999999998,0.0188,0.0572,456774636701154.562500
-0.08583999999999997,0.0236,0.054,456774636701154.562500
-0.08582999999999996,0.0252,0.055600000000000004,456774636701154.562500
-0.08581999999999995,0.0244,0.0572,456774636701154.562500
-0.08580999999999994,0.0236,0.0492,456774636701154.562500
-0.08579999999999999,0.0244,0.056400000000000006,456774636701154.562500
-0.08578999999999998,0.0244,0.056400000000000006,456774636701154.562500
-0.08577999999999997,0.0228,0.0572,456774636701154.562500
-0.08576999999999996,0.0252,0.053200000000000004,456774636701154.562500
-0.08575999999999995,0.0244,0.056400000000000006,456774636701154.562500
-0.08574999999999999,0.0204,0.0548,456774636701154.562500
-0.08573999999999998,0.0236,0.055600000000000004,456774636701154.562500
-0.08572999999999997,0.022000000000000002,0.054,456774636701154.562500
-0.08571999999999996,0.0212,0.0572,456774636701154.562500
-0.08570999999999995,0.022000000000000002,0.055600000000000004,456774636701154.562500
-0.08569999999999994,0.0228,0.058,456774636701154.562500
-0.08568999999999999,0.0188,0.0572,456774636701154.562500
-0.08567999999999998,0.022000000000000002,0.0548,456774636701154.562500
-0.08566999999999997,0.0188,0.055600000000000004,456774636701154.562500
-0.08565999999999996,0.0228,0.0524,456774636701154.562500
-0.08564999999999995,0.0204,0.0572,456774636701154.562500
-0.08563999999999994,0.0196,0.056400000000000006,456774636701154.562500
-0.08562999999999998,0.022000000000000002,0.056400000000000006,456774636701154.562500
-0.08561999999999997,0.0228,0.054,456774636701154.562500
-0.08560999999999996,0.022000000000000002,0.055600000000000004,456774636701154.562500
-0.08559999999999995,0.0236,0.05,456774636701154.562500
-0.08558999999999994,0.0212,0.055600000000000004,456774636701154.562500
-0.08557999999999999,0.0212,0.0524,456774636701154.562500
-0.08556999999999998,0.0236,0.0572,456774636701154.562500
-0.08555999999999997,0.022000000000000002,0.0572,456774636701154.562500
-0.08554999999999996,0.0244,0.0572,456774636701154.562500
-0.08553999999999995,0.0236,0.054,456774636701154.562500
-0.08552999999999994,0.0244,0.056400000000000006,456774636701154.562500
-0.08551999999999998,0.0188,0.0524,456774636701154.562500
-0.08550999999999997,0.0236,0.054,456774636701154.562500
-0.08549999999999996,0.022000000000000002,0.0572,456774636701154.562500
-0.08548999999999995,0.0228,0.054,456774636701154.562500
-0.08547999999999994,0.0244,0.055600000000000004,456774636701154.562500
-0.08546999999999999,0.0236,0.056400000000000006,456774636701154.562500
-0.08545999999999998,0.022000000000000002,0.0572,456774636701154.562500
-0.08544999999999997,0.0244,0.056400000000000006,456774636701154.562500
-0.08543999999999996,0.022000000000000002,0.050800000000000005,456774636701154.562500
-0.08542999999999995,0.0204,0.054,456774636701154.562500
-0.08541999999999994,0.0228,0.0516,456774636701154.562500
-0.08540999999999999,0.0204,0.054,456774636701154.562500
-0.08539999999999998,0.0244,0.0524,456774636701154.562500
-0.08538999999999997,0.0228,0.0572,456774636701154.562500
-0.08537999999999996,0.0204,0.056400000000000006,456774636701154.562500
-0.08536999999999995,0.022000000000000002,0.058,456774636701154.562500
-0.08535999999999999,0.0204,0.0524,456774636701154.562500
-0.08534999999999998,0.0228,0.0548,456774636701154.562500
-0.08533999999999997,0.0236,0.053200000000000004,456774636701154.562500
-0.08532999999999996,0.022000000000000002,0.053200000000000004,456774636701154.562500
-0.08531999999999995,0.0228,0.0444,456774636701154.562500
-0.08530999999999994,0.0212,0.0516,456774636701154.562500
-0.08529999999999999,0.0252,0.05,456774636701154.562500
-0.08528999999999998,0.0212,0.0572,456774636701154.562500
-0.08527999999999997,0.0236,0.056400000000000006,456774636701154.562500
-0.08526999999999996,0.0212,0.056400000000000006,456774636701154.562500
-0.08525999999999995,0.0244,0.0572,456774636701154.562500
-0.08524999999999999,0.0228,0.050800000000000005,456774636701154.562500
-0.08523999999999998,0.0228,0.056400000000000006,456774636701154.562500
-0.08522999999999997,0.0228,0.058,456774636701154.562500
-0.08521999999999996,0.0212,0.058,456774636701154.562500
-0.08520999999999995,0.0244,0.058800000000000005,456774636701154.562500
-0.08519999999999994,0.0212,0.050800000000000005,456774636701154.562500
-0.08518999999999999,0.0244,0.0572,456774636701154.562500
-0.08517999999999998,0.0244,0.055600000000000004,456774636701154.562500
-0.08516999999999997,0.0228,0.054,456774636701154.562500
-0.08515999999999996,0.0204,0.0572,456774636701154.562500
-0.08514999999999995,0.0228,0.054,456774636701154.562500
-0.08514,0.0228,0.056400000000000006,456774636701154.562500
-0.08512999999999998,0.0236,0.053200000000000004,456774636701154.562500
-0.08511999999999997,0.0236,0.054,456774636701154.562500
-0.08510999999999996,0.0236,0.0572,456774636701154.562500
-0.08509999999999995,0.022000000000000002,0.055600000000000004,456774636701154.562500
-0.08508999999999994,0.0228,0.055600000000000004,456774636701154.562500
-0.08507999999999999,0.0196,0.056400000000000006,456774636701154.562500
-0.08506999999999998,0.0236,0.056400000000000006,456774636701154.562500
-0.08505999999999997,0.0196,0.056400000000000006,456774636701154.562500
-0.08504999999999996,0.0204,0.0516,456774636701154.562500
-0.08503999999999995,0.022000000000000002,0.048400000000000006,456774636701154.562500
-0.08502999999999994,0.0212,0.058,456774636701154.562500
-0.08501999999999998,0.022000000000000002,0.056400000000000006,456774636701154.562500
-0.08500999999999997,0.0212,0.054,456774636701154.562500
-0.08499999999999996,0.022000000000000002,0.054,456774636701154.562500
-0.08498999999999995,0.022000000000000002,0.056400000000000006,456774636701154.562500
-0.08497999999999994,0.0228,0.0516,456774636701154.562500
-0.08496999999999999,0.0188,0.055600000000000004,456774636701154.562500
-0.08495999999999998,0.022000000000000002,0.0524,456774636701154.562500
-0.08494999999999997,0.0228,0.056400000000000006,456774636701154.562500
-0.08493999999999996,0.0228,0.055600000000000004,456774636701154.562500
-0.08492999999999995,0.0236,0.058,456774636701154.562500
-0.08491999999999994,0.0236,0.0572,456774636701154.562500
-0.08490999999999999,0.0244,0.050800000000000005,456774636701154.562500
-0.08489999999999998,0.0244,0.0548,456774636701154.562500
-0.08488999999999997,0.0228,0.0548,456774636701154.562500
-0.08487999999999996,0.0228,0.053200000000000004,456774636701154.562500
-0.08486999999999995,0.0204,0.055600000000000004,456774636701154.562500
-0.08485999999999999,0.0236,0.0548,456774636701154.562500
-0.08484999999999998,0.022000000000000002,0.050800000000000005,456774636701154.562500
-0.08483999999999997,0.0236,0.0572,456774636701154.562500
-0.08482999999999996,0.0236,0.053200000000000004,456774636701154.562500
-0.08481999999999995,0.022000000000000002,0.058,456774636701154.562500
-0.08480999999999994,0.022000000000000002,0.055600000000000004,456774636701154.562500
-0.08479999999999999,0.022000000000000002,0.058,456774636701154.562500
-0.08478999999999998,0.022000000000000002,0.054,456774636701154.562500
-0.08477999999999997,0.0228,0.055600000000000004,456774636701154.562500
-0.08476999999999996,0.0212,0.050800000000000005,456774636701154.562500
-0.08475999999999995,0.0212,0.0572,456774636701154.562500
-0.08474999999999999,0.0228,0.0476,456774636701154.562500
-0.08473999999999998,0.0228,0.056400000000000006,456774636701154.562500
-0.08472999999999997,0.022000000000000002,0.058,456774636701154.562500
-0.08471999999999996,0.022000000000000002,0.0548,456774636701154.562500
-0.08470999999999995,0.0212,0.0516,456774636701154.562500
-0.08469999999999994,0.0228,0.0572,456774636701154.562500
-0.08468999999999999,0.0212,0.0492,456774636701154.562500
-0.08467999999999998,0.0236,0.055600000000000004,456774636701154.562500
-0.08466999999999997,0.022000000000000002,0.0572,456774636701154.562500
-0.08465999999999996,0.0228,0.056400000000000006,456774636701154.562500
-0.08464999999999995,0.0228,0.058,456774636701154.562500
-0.08463999999999999,0.0244,0.05,456774636701154.562500
-0.08462999999999998,0.0236,0.055600000000000004,456774636701154.562500
-0.08461999999999997,0.0228,0.058,456774636701154.562500
-0.08460999999999996,0.0244,0.058,456774636701154.562500
-0.08459999999999995,0.0236,0.05,456774636701154.562500
-0.08458999999999994,0.0252,0.055600000000000004,456774636701154.562500
-0.08457999999999999,0.0244,0.0436,456774636701154.562500
-0.08456999999999998,0.0244,0.048400000000000006,456774636701154.562500
-0.08455999999999997,0.0244,0.05,456774636701154.562500
-0.08454999999999996,0.0236,0.056400000000000006,456774636701154.562500
-0.08453999999999995,0.0244,0.056400000000000006,456774636701154.562500
-0.08452999999999994,0.0236,0.056400000000000006,456774636701154.562500
-0.08451999999999998,0.0236,0.056400000000000006,456774636701154.562500
-0.08450999999999997,0.022000000000000002,0.058,456774636701154.562500
-0.08449999999999996,0.0212,0.0548,456774636701154.562500
-0.08448999999999995,0.0204,0.055600000000000004,456774636701154.562500
-0.08447999999999994,0.0212,0.0572,456774636701154.562500
-0.08446999999999999,0.022000000000000002,0.0524,456774636701154.562500
-0.08445999999999998,0.022000000000000002,0.0492,456774636701154.562500
-0.08444999999999997,0.0196,0.0492,456774636701154.562500
-0.08443999999999996,0.0212,0.056400000000000006,456774636701154.562500
-0.08442999999999995,0.0244,0.0548,456774636701154.562500
-0.08441999999999994,0.0188,0.055600000000000004,456774636701154.562500
-0.08440999999999999,0.022000000000000002,0.056400000000000006,456774636701154.562500
-0.08439999999999998,0.0164,0.0548,456774636701154.562500
-0.08438999999999997,0.0204,0.0572,456774636701154.562500
-0.08437999999999996,0.014,0.058,456774636701154.562500
-0.08436999999999995,0.0212,0.055600000000000004,456774636701154.562500
-0.08435999999999999,0.0236,0.0572,456774636701154.562500
-0.08434999999999998,0.0212,0.058,456774636701154.562500
-0.08433999999999997,0.0236,0.058,456774636701154.562500
-0.08432999999999996,0.0236,0.056400000000000006,456774636701154.562500
-0.08431999999999995,0.0252,0.055600000000000004,456774636701154.562500
-0.08430999999999994,0.0244,0.056400000000000006,456774636701154.562500
-0.08429999999999999,0.0236,0.055600000000000004,456774636701154.562500
-0.08428999999999998,0.0228,0.0572,456774636701154.562500
-0.08427999999999997,0.0228,0.056400000000000006,456774636701154.562500
-0.08426999999999996,0.0204,0.0572,456774636701154.562500
-0.08425999999999995,0.022000000000000002,0.056400000000000006,456774636701154.562500
-0.08424999999999999,0.0196,0.0572,456774636701154.562500
-0.08423999999999998,0.022000000000000002,0.0548,456774636701154.562500
-0.08422999999999997,0.0228,0.0572,456774636701154.562500
-0.08421999999999996,0.0212,0.056400000000000006,456774636701154.562500
-0.08420999999999995,0.0236,0.0572,456774636701154.562500
-0.08419999999999994,0.0196,0.058,456774636701154.562500
-0.08418999999999999,0.0228,0.0524,456774636701154.562500
-0.08417999999999998,0.022000000000000002,0.055600000000000004,456774636701154.562500
-0.08416999999999997,0.0172,0.0548,456774636701154.562500
-0.08415999999999996,0.022000000000000002,0.055600000000000004,456774636701154.562500
-0.08414999999999995,0.0196,0.0572,456774636701154.562500
-0.08413999999999999,0.0188,0.048400000000000006,456774636701154.562500
-0.08412999999999998,0.0196,0.056400000000000006,456774636701154.562500
-0.08411999999999997,0.0228,0.055600000000000004,456774636701154.562500
-0.08410999999999996,0.022000000000000002,0.050800000000000005,456774636701154.562500
-0.08409999999999995,0.022000000000000002,0.053200000000000004,456774636701154.562500
-0.08408999999999994,0.0212,0.054,456774636701154.562500
-0.08407999999999999,0.0236,0.056400000000000006,456774636701154.562500
-0.08406999999999998,0.0252,0.0548,456774636701154.562500
-0.08405999999999997,0.0236,0.058,456774636701154.562500
-0.08404999999999996,0.0204,0.058800000000000005,456774636701154.562500
-0.08403999999999995,0.0236,0.050800000000000005,456774636701154.562500
-0.08403,0.022000000000000002,0.058800000000000005,456774636701154.562500
-0.08401999999999998,0.0252,0.058,456774636701154.562500
-0.08400999999999997,0.0236,0.055600000000000004,456774636701154.562500
-0.08399999999999996,0.0236,0.058,456774636701154.562500
-0.08398999999999995,0.0252,0.056400000000000006,456774636701154.562500
-0.08397999999999994,0.0244,0.0468,456774636701154.562500
-0.08396999999999999,0.0228,0.056400000000000006,456774636701154.562500
-0.08395999999999998,0.0252,0.0468,456774636701154.562500
-0.08394999999999997,0.0244,0.056400000000000006,456774636701154.562500
-0.08393999999999996,0.0228,0.054,456774636701154.562500
-0.08392999999999995,0.0244,0.0572,456774636701154.562500
-0.08391999999999994,0.0196,0.0548,456774636701154.562500
-0.08390999999999998,0.0228,0.0572,456774636701154.562500
-0.08389999999999997,0.0212,0.0516,456774636701154.562500
-0.08388999999999996,0.0228,0.0572,456774636701154.562500
-0.08387999999999995,0.0172,0.053200000000000004,456774636701154.562500
-0.08386999999999994,0.0228,0.0516,456774636701154.562500
-0.08385999999999999,0.018000000000000002,0.055600000000000004,456774636701154.562500
-0.08384999999999998,0.0212,0.0412,456774636701154.562500
-0.08383999999999997,0.0228,0.056400000000000006,456774636701154.562500
-0.08382999999999996,0.022000000000000002,0.058,456774636701154.562500
-0.08381999999999995,0.022000000000000002,0.055600000000000004,456774636701154.562500
-0.08380999999999994,0.0228,0.054,456774636701154.562500
-0.08379999999999999,0.022000000000000002,0.048400000000000006,456774636701154.562500
-0.08378999999999998,0.0228,0.055600000000000004,456774636701154.562500
-0.08377999999999997,0.0204,0.056400000000000006,456774636701154.562500
-0.08376999999999996,0.022000000000000002,0.055600000000000004,456774636701154.562500
-0.08375999999999995,0.0204,0.05,456774636701154.562500
-0.08374999999999999,0.0228,0.05,456774636701154.562500
-0.08373999999999998,0.0244,0.055600000000000004,456774636701154.562500
-0.08372999999999997,0.0236,0.05,456774636701154.562500
-0.08371999999999996,0.0244,0.054,456774636701154.562500
-0.08370999999999995,0.0252,0.0572,456774636701154.562500
-0.08369999999999994,0.026000000000000002,0.0548,456774636701154.562500
-0.08368999999999999,0.022000000000000002,0.0572,456774636701154.562500
-0.08367999999999998,0.0188,0.0572,456774636701154.562500
-0.08366999999999997,0.0236,0.058,456774636701154.562500
-0.08365999999999996,0.0244,0.0572,456774636701154.562500
-0.08364999999999995,0.0212,0.055600000000000004,456774636701154.562500
-0.08363999999999999,0.0212,0.055600000000000004,456774636701154.562500
-0.08362999999999998,0.0244,0.054,456774636701154.562500
-0.08361999999999997,0.0236,0.0548,456774636701154.562500
-0.08360999999999996,0.022000000000000002,0.0548,456774636701154.562500
-0.08359999999999995,0.0204,0.0572,456774636701154.562500
-0.08358999999999994,0.0204,0.05,456774636701154.562500
-0.08357999999999999,0.0172,0.056400000000000006,456774636701154.562500
-0.08356999999999998,0.018000000000000002,0.053200000000000004,456774636701154.562500
-0.08355999999999997,0.015600000000000001,0.056400000000000006,456774636701154.562500
-0.08354999999999996,0.0132,0.0572,456774636701154.562500
-0.08353999999999995,0.014,0.05,456774636701154.562500
-0.08353,0.015600000000000001,0.0572,456774636701154.562500
-0.08351999999999998,0.015600000000000001,0.054,456774636701154.562500
-0.08350999999999997,0.0132,0.055600000000000004,456774636701154.562500
-0.08349999999999996,0.0132,0.055600000000000004,456774636701154.562500
-0.08348999999999995,0.0164,0.0572,456774636701154.562500
-0.08347999999999994,0.014,0.053200000000000004,456774636701154.562500
-0.08346999999999999,0.018000000000000002,0.0572,456774636701154.562500
-0.08345999999999998,0.0228,0.053200000000000004,456774636701154.562500
-0.08344999999999997,0.0204,0.055600000000000004,456774636701154.562500
-0.08343999999999996,0.022000000000000002,0.0548,456774636701154.562500
-0.08342999999999995,0.0244,0.058,456774636701154.562500
-0.08341999999999994,0.0204,0.05,456774636701154.562500
-0.08340999999999998,0.0228,0.056400000000000006,456774636701154.562500
-0.08339999999999997,0.0244,0.056400000000000006,456774636701154.562500
-0.08338999999999996,0.0244,0.054,456774636701154.562500
-0.08337999999999995,0.0252,0.0524,456774636701154.562500
-0.08336999999999994,0.0204,0.05,456774636701154.562500
-0.08335999999999999,0.022000000000000002,0.056400000000000006,456774636701154.562500
-0.08334999999999998,0.0164,0.053200000000000004,456774636701154.562500
-0.08333999999999997,0.0204,0.055600000000000004,456774636701154.562500
-0.08332999999999996,0.0204,0.055600000000000004,456774636701154.562500
-0.08331999999999995,0.022000000000000002,0.0572,456774636701154.562500
-0.08330999999999994,0.018000000000000002,0.048400000000000006,456774636701154.562500
-0.08329999999999999,0.0228,0.054,456774636701154.562500
-0.08328999999999998,0.0236,0.0324,456774636701154.562500
-0.08327999999999997,0.022000000000000002,0.054,456774636701154.562500
-0.08326999999999996,0.0212,0.0524,456774636701154.562500
-0.08325999999999995,0.0228,0.058,456774636701154.562500
-0.08324999999999999,0.022000000000000002,0.056400000000000006,456774636701154.562500
-0.08323999999999998,0.0212,0.056400000000000006,456774636701154.562500
-0.08322999999999997,0.0228,0.0572,456774636701154.562500
-0.08321999999999996,0.0228,0.053200000000000004,456774636701154.562500
-0.08320999999999995,0.0228,0.058,456774636701154.562500
-0.08319999999999994,0.022000000000000002,0.050800000000000005,456774636701154.562500
-0.08318999999999999,0.0212,0.0516,456774636701154.562500
-0.08317999999999998,0.0172,0.0548,456774636701154.562500
-0.08316999999999997,0.0188,0.058,456774636701154.562500
-0.08315999999999996,0.0148,0.0476,456774636701154.562500
-0.08314999999999995,0.018000000000000002,0.056400000000000006,456774636701154.562500
-0.08313999999999999,0.0148,0.0436,456774636701154.562500
-0.08312999999999998,0.0196,0.058,456774636701154.562500
-0.08311999999999997,0.022000000000000002,0.055600000000000004,456774636701154.562500
-0.08310999999999996,0.0252,0.056400000000000006,456774636701154.562500
-0.08309999999999995,0.022000000000000002,0.056400000000000006,456774636701154.562500
-0.08308999999999994,0.0244,0.055600000000000004,456774636701154.562500
-0.08307999999999999,0.0236,0.0572,456774636701154.562500
-0.08306999999999998,0.0236,0.0492,456774636701154.562500
-0.08305999999999997,0.0236,0.0548,456774636701154.562500
-0.08304999999999996,0.022000000000000002,0.0476,456774636701154.562500
-0.08303999999999995,0.0164,0.0524,456774636701154.562500
-0.08302999999999999,0.0244,0.0444,456774636701154.562500
-0.08301999999999998,0.0236,0.056400000000000006,456774636701154.562500
-0.08300999999999997,0.0228,0.0492,456774636701154.562500
-0.08299999999999996,0.0236,0.0516,456774636701154.562500
-0.08298999999999995,0.0212,0.045200000000000004,456774636701154.562500
-0.08297999999999994,0.0212,0.056400000000000006,456774636701154.562500
-0.08296999999999999,0.0196,0.0476,456774636701154.562500
-0.08295999999999998,0.022000000000000002,0.058800000000000005,456774636701154.562500
-0.08294999999999997,0.015600000000000001,0.0548,456774636701154.562500
-0.08293999999999996,0.0196,0.058,456774636701154.562500
-0.08292999999999995,0.012400000000000001,0.058,456774636701154.562500
-0.08291999999999994,0.0172,0.0548,456774636701154.562500
-0.08290999999999998,0.012400000000000001,0.0572,456774636701154.562500
-0.08289999999999997,0.0204,0.055600000000000004,456774636701154.562500
-0.08288999999999996,0.0196,0.0572,456774636701154.562500
-0.08287999999999995,0.0212,0.0572,456774636701154.562500
-0.08286999999999994,0.0204,0.053200000000000004,456774636701154.562500
-0.08285999999999999,0.0228,0.058800000000000005,456774636701154.562500
-0.08284999999999998,0.0204,0.058,456774636701154.562500
-0.08283999999999997,0.0236,0.058,456774636701154.562500
-0.08282999999999996,0.0244,0.055600000000000004,456774636701154.562500
-0.08281999999999995,0.022000000000000002,0.0548,456774636701154.562500
-0.08280999999999994,0.0228,0.0548,456774636701154.562500
-0.08279999999999998,0.0228,0.050800000000000005,456774636701154.562500
-0.08278999999999997,0.0244,0.055600000000000004,456774636701154.562500
-0.08277999999999996,0.0252,0.053200000000000004,456774636701154.562500
-0.08276999999999995,0.0236,0.0572,456774636701154.562500
-0.08275999999999994,0.0228,0.0476,456774636701154.562500
-0.08274999999999999,0.022000000000000002,0.056400000000000006,456774636701154.562500
-0.08273999999999998,0.022000000000000002,0.0572,456774636701154.562500
-0.08272999999999997,0.0252,0.055600000000000004,456774636701154.562500
-0.08271999999999996,0.0228,0.05,456774636701154.562500
-0.08270999999999995,0.0228,0.050800000000000005,456774636701154.562500
-0.08269999999999994,0.0204,0.0412,456774636701154.562500
-0.08268999999999999,0.0236,0.053200000000000004,456774636701154.562500
-0.08267999999999998,0.0236,0.058,456774636701154.562500
-0.08266999999999997,0.0212,0.055600000000000004,456774636701154.562500
-0.08265999999999996,0.0236,0.0572,456774636701154.562500
-0.08264999999999995,0.0204,0.0516,456774636701154.562500
-0.08263999999999999,0.022000000000000002,0.055600000000000004,456774636701154.562500
-0.08262999999999998,0.0196,0.0548,456774636701154.562500
-0.08261999999999997,0.022000000000000002,0.053200000000000004,456774636701154.562500
-0.08260999999999996,0.0196,0.0548,456774636701154.562500
-0.08259999999999995,0.022000000000000002,0.0548,456774636701154.562500
-0.08258999999999994,0.0196,0.0524,456774636701154.562500
-0.08257999999999999,0.022000000000000002,0.053200000000000004,456774636701154.562500
-0.08256999999999998,0.0212,0.0388,456774636701154.562500
-0.08255999999999997,0.0204,0.054,456774636701154.562500
-0.08254999999999996,0.0228,0.0444,456774636701154.562500
-0.08253999999999995,0.0236,0.050800000000000005,456774636701154.562500
-0.08252999999999999,0.0236,0.054,456774636701154.562500
-0.08251999999999998,0.0236,0.058,456774636701154.562500
-0.08250999999999997,0.022000000000000002,0.054,456774636701154.562500
-0.08249999999999996,0.022000000000000002,0.055600000000000004,456774636701154.562500
-0.08248999999999995,0.0228,0.058,456774636701154.562500
-0.08247999999999994,0.022000000000000002,0.055600000000000004,456774636701154.562500
-0.08246999999999999,0.0236,0.058,456774636701154.562500
-0.08245999999999998,0.0252,0.055600000000000004,456774636701154.562500
-0.08244999999999997,0.0252,0.0572,456774636701154.562500
-0.08243999999999996,0.0244,0.055600000000000004,456774636701154.562500
-0.08242999999999995,0.0228,0.053200000000000004,456774636701154.562500
-0.08242,0.0244,0.048400000000000006,456774636701154.562500
-0.08240999999999998,0.0236,0.055600000000000004,456774636701154.562500
-0.08239999999999997,0.0244,0.0548,456774636701154.562500
-0.08238999999999996,0.0236,0.055600000000000004,456774636701154.562500
-0.08237999999999995,0.0196,0.0516,456774636701154.562500
-0.08236999999999994,0.0228,0.058,456774636701154.562500
-0.08235999999999999,0.0172,0.05,456774636701154.562500
-0.08234999999999998,0.0236,0.054,456774636701154.562500
-0.08233999999999997,0.022000000000000002,0.0548,456774636701154.562500
-0.08232999999999996,0.022000000000000002,0.0548,456774636701154.562500
-0.08231999999999995,0.022000000000000002,0.0548,456774636701154.562500
-0.08230999999999994,0.022000000000000002,0.056400000000000006,456774636701154.562500
-0.08229999999999998,0.022000000000000002,0.054,456774636701154.562500
-0.08228999999999997,0.022000000000000002,0.056400000000000006,456774636701154.562500
-0.08227999999999996,0.022000000000000002,0.0476,456774636701154.562500
-0.08226999999999995,0.022000000000000002,0.0524,456774636701154.562500
-0.08225999999999994,0.022000000000000002,0.042,456774636701154.562500
-0.08224999999999999,0.022000000000000002,0.056400000000000006,456774636701154.562500
-0.08223999999999998,0.022000000000000002,0.0524,456774636701154.562500
-0.08222999999999997,0.0236,0.055600000000000004,456774636701154.562500
-0.08221999999999996,0.022000000000000002,0.0572,456774636701154.562500
-0.08220999999999995,0.0244,0.058,456774636701154.562500
-0.08219999999999994,0.022000000000000002,0.0572,456774636701154.562500
-0.08218999999999999,0.0252,0.054,456774636701154.562500
-0.08217999999999998,0.0252,0.056400000000000006,456774636701154.562500
-0.08216999999999997,0.0212,0.0572,456774636701154.562500
-0.08215999999999996,0.0236,0.058,456774636701154.562500
-0.08214999999999995,0.0212,0.058,456774636701154.562500
-0.08213999999999999,0.0236,0.0572,456774636701154.562500
-0.08212999999999998,0.0236,0.058,456774636701154.562500
-0.08211999999999997,0.0212,0.0572,456774636701154.562500
-0.08210999999999996,0.0212,0.056400000000000006,456774636701154.562500
-0.08209999999999995,0.0196,0.0572,456774636701154.562500
-0.08208999999999994,0.0204,0.05,456774636701154.562500
-0.08207999999999999,0.0188,0.056400000000000006,456774636701154.562500
-0.08206999999999998,0.0204,0.056400000000000006,456774636701154.562500
-0.08205999999999997,0.022000000000000002,0.056400000000000006,456774636701154.562500
-0.08204999999999996,0.0212,0.0548,456774636701154.562500
-0.08203999999999995,0.0236,0.056400000000000006,456774636701154.562500
-0.08202999999999999,0.0204,0.054,456774636701154.562500
-0.08201999999999998,0.0212,0.056400000000000006,456774636701154.562500
-0.08200999999999997,0.022000000000000002,0.055600000000000004,456774636701154.562500
-0.08199999999999996,0.0188,0.0572,456774636701154.562500
-0.08198999999999995,0.0204,0.05,456774636701154.562500
-0.08197999999999994,0.015600000000000001,0.058800000000000005,456774636701154.562500
-0.08196999999999999,0.0236,0.0548,456774636701154.562500
-0.08195999999999998,0.0228,0.0572,456774636701154.562500
-0.08194999999999997,0.022000000000000002,0.05,456774636701154.562500
-0.08193999999999996,0.0204,0.056400000000000006,456774636701154.562500
-0.08192999999999995,0.0228,0.0548,456774636701154.562500
-0.08191999999999999,0.0204,0.056400000000000006,456774636701154.562500
-0.08190999999999998,0.0244,0.054,456774636701154.562500
-0.08189999999999997,0.0236,0.055600000000000004,456774636701154.562500
-0.08188999999999996,0.0236,0.056400000000000006,456774636701154.562500
-0.08187999999999995,0.0236,0.0572,456774636701154.562500
-0.08186999999999994,0.0228,0.056400000000000006,456774636701154.562500
-0.08185999999999999,0.0236,0.055600000000000004,456774636701154.562500
-0.08184999999999998,0.0252,0.054,456774636701154.562500
-0.08183999999999997,0.0252,0.0516,456774636701154.562500
-0.08182999999999996,0.0236,0.0468,456774636701154.562500
-0.08181999999999995,0.0204,0.050800000000000005,456774636701154.562500
-0.08180999999999994,0.0244,0.055600000000000004,456774636701154.562500
-0.08179999999999998,0.0236,0.0548,456774636701154.562500
-0.08178999999999997,0.0244,0.0524,456774636701154.562500
-0.08177999999999996,0.0212,0.055600000000000004,456774636701154.562500
-0.08176999999999995,0.0244,0.056400000000000006,456774636701154.562500
-0.08175999999999994,0.022000000000000002,0.0548,456774636701154.562500
-0.08174999999999999,0.022000000000000002,0.0572,456774636701154.562500
-0.08173999999999998,0.022000000000000002,0.058,456774636701154.562500
-0.08172999999999997,0.0204,0.058,456774636701154.562500
-0.08171999999999996,0.0228,0.055600000000000004,456774636701154.562500
-0.08170999999999995,0.0228,0.053200000000000004,456774636701154.562500
-0.08169999999999994,0.0204,0.058,456774636701154.562500
-0.08168999999999998,0.0228,0.042,456774636701154.562500
-0.08167999999999997,0.022000000000000002,0.0548,456774636701154.562500
-0.08166999999999996,0.0204,0.058,456774636701154.562500
-0.08165999999999995,0.0228,0.055600000000000004,456774636701154.562500
-0.08164999999999994,0.022000000000000002,0.056400000000000006,456774636701154.562500
-0.08163999999999999,0.022000000000000002,0.055600000000000004,456774636701154.562500
-0.08162999999999998,0.0228,0.0572,456774636701154.562500
-0.08161999999999997,0.0228,0.054,456774636701154.562500
-0.08160999999999996,0.0236,0.054,456774636701154.562500
-0.08159999999999995,0.0228,0.0516,456774636701154.562500
-0.08158999999999994,0.0236,0.056400000000000006,456774636701154.562500
-0.08157999999999999,0.0228,0.0548,456774636701154.562500
-0.08156999999999998,0.0244,0.0548,456774636701154.562500
-0.08155999999999997,0.0244,0.056400000000000006,456774636701154.562500
-0.08154999999999996,0.0228,0.048400000000000006,456774636701154.562500
-0.08153999999999995,0.0236,0.0524,456774636701154.562500
-0.08152999999999999,0.0244,0.0516,456774636701154.562500
-0.08151999999999998,0.0236,0.054,456774636701154.562500
-0.08150999999999997,0.0244,0.054,456774636701154.562500
-0.08149999999999996,0.022000000000000002,0.0572,456774636701154.562500
-0.08148999999999995,0.0236,0.055600000000000004,456774636701154.562500
-0.08147999999999994,0.022000000000000002,0.0572,456774636701154.562500
-0.08146999999999999,0.0204,0.0516,456774636701154.562500
-0.08145999999999998,0.0204,0.0516,456774636701154.562500
-0.08144999999999997,0.0228,0.050800000000000005,456774636701154.562500
-0.08143999999999996,0.0236,0.0572,456774636701154.562500
-0.08142999999999995,0.0196,0.0572,456774636701154.562500
-0.08141999999999999,0.022000000000000002,0.054,456774636701154.562500
-0.08140999999999998,0.0188,0.0572,456774636701154.562500
-0.08139999999999997,0.0204,0.058,456774636701154.562500
-0.08138999999999996,0.0196,0.058,456774636701154.562500
-0.08137999999999995,0.0212,0.058,456774636701154.562500
-0.08136999999999994,0.0212,0.056400000000000006,456774636701154.562500
-0.08135999999999999,0.0212,0.0524,456774636701154.562500
-0.08134999999999998,0.0228,0.056400000000000006,456774636701154.562500
-0.08133999999999997,0.0228,0.055600000000000004,456774636701154.562500
-0.08132999999999996,0.022000000000000002,0.0572,456774636701154.562500
-0.08131999999999995,0.0236,0.055600000000000004,456774636701154.562500
-0.08131,0.022000000000000002,0.056400000000000006,456774636701154.562500
-0.08129999999999998,0.0236,0.055600000000000004,456774636701154.562500
-0.08128999999999997,0.0228,0.0572,456774636701154.562500
-0.08127999999999996,0.022000000000000002,0.0572,456774636701154.562500
-0.08126999999999995,0.0236,0.056400000000000006,456774636701154.562500
-0.08125999999999994,0.0236,0.055600000000000004,456774636701154.562500
-0.08124999999999999,0.0228,0.0572,456774636701154.562500
-0.08123999999999998,0.0228,0.050800000000000005,456774636701154.562500
-0.08122999999999997,0.0204,0.055600000000000004,456774636701154.562500
-0.08121999999999996,0.0212,0.056400000000000006,456774636701154.562500
-0.08120999999999995,0.0188,0.055600000000000004,456774636701154.562500
-0.08119999999999994,0.0212,0.0572,456774636701154.562500
-0.08118999999999998,0.0172,0.0572,456774636701154.562500
-0.08117999999999997,0.0196,0.058,456774636701154.562500
-0.08116999999999996,0.022000000000000002,0.058800000000000005,456774636701154.562500
-0.08115999999999995,0.0236,0.056400000000000006,456774636701154.562500
-0.08114999999999994,0.0236,0.058,456774636701154.562500
-0.08113999999999999,0.0236,0.056400000000000006,456774636701154.562500
-0.08112999999999998,0.0228,0.056400000000000006,456774636701154.562500
-0.08111999999999997,0.0196,0.055600000000000004,456774636701154.562500
-0.08110999999999996,0.0212,0.054,456774636701154.562500
-0.08109999999999995,0.0204,0.054,456774636701154.562500
-0.08108999999999994,0.0228,0.0436,456774636701154.562500
-0.08107999999999999,0.0212,0.053200000000000004,456774636701154.562500
-0.08106999999999998,0.0212,0.0524,456774636701154.562500
-0.08105999999999997,0.0228,0.056400000000000006,456774636701154.562500
-0.08104999999999996,0.0228,0.0444,456774636701154.562500
-0.08103999999999995,0.0204,0.058,456774636701154.562500
-0.08102999999999999,0.0212,0.055600000000000004,456774636701154.562500
-0.08101999999999998,0.018000000000000002,0.0572,456774636701154.562500
-0.08100999999999997,0.0236,0.0572,456774636701154.562500
-0.08099999999999996,0.0196,0.0572,456774636701154.562500
-0.08098999999999995,0.0228,0.0572,456774636701154.562500
-0.08097999999999994,0.018000000000000002,0.0572,456774636701154.562500
-0.08096999999999999,0.022000000000000002,0.0572,456774636701154.562500
-0.08095999999999998,0.0212,0.0516,456774636701154.562500
-0.08094999999999997,0.026000000000000002,0.058,456774636701154.562500
-0.08093999999999996,0.0244,0.054,456774636701154.562500
-0.08092999999999995,0.0228,0.0516,456774636701154.562500
-0.08091999999999999,0.0244,0.05,456774636701154.562500
-0.08090999999999998,0.018000000000000002,0.058,456774636701154.562500
-0.08089999999999997,0.022000000000000002,0.0476,456774636701154.562500
-0.08088999999999996,0.0236,0.0572,456774636701154.562500
-0.08087999999999995,0.0228,0.0412,456774636701154.562500
-0.08086999999999994,0.0228,0.0524,456774636701154.562500
-0.08085999999999999,0.0172,0.054,456774636701154.562500
-0.08084999999999998,0.0204,0.0572,456774636701154.562500
-0.08083999999999997,0.0204,0.0572,456774636701154.562500
-0.08082999999999996,0.0236,0.0572,456774636701154.562500
-0.08081999999999995,0.022000000000000002,0.056400000000000006,456774636701154.562500
-0.08080999999999999,0.0228,0.054,456774636701154.562500
-0.08079999999999998,0.0204,0.058,456774636701154.562500
-0.08078999999999997,0.0228,0.0524,456774636701154.562500
-0.08077999999999996,0.0204,0.058,456774636701154.562500
-0.08076999999999995,0.022000000000000002,0.0572,456774636701154.562500
-0.08075999999999994,0.0204,0.0572,456774636701154.562500
-0.08074999999999999,0.0212,0.055600000000000004,456774636701154.562500
-0.08073999999999998,0.022000000000000002,0.0572,456774636701154.562500
-0.08072999999999997,0.022000000000000002,0.058,456774636701154.562500
-0.08071999999999996,0.0244,0.0572,456774636701154.562500
-0.08070999999999995,0.0228,0.058,456774636701154.562500
-0.08069999999999994,0.0244,0.055600000000000004,456774636701154.562500
-0.08068999999999998,0.0236,0.0572,456774636701154.562500
-0.08067999999999997,0.0236,0.056400000000000006,456774636701154.562500
-0.08066999999999996,0.0244,0.058,456774636701154.562500
-0.08065999999999995,0.0228,0.058,456774636701154.562500
-0.08064999999999994,0.0252,0.0572,456774636701154.562500
-0.08063999999999999,0.0228,0.055600000000000004,456774636701154.562500
-0.08062999999999998,0.0228,0.056400000000000006,456774636701154.562500
-0.08061999999999997,0.0252,0.058,456774636701154.562500
-0.08060999999999996,0.0236,0.0572,456774636701154.562500
-0.08059999999999995,0.0236,0.0572,456774636701154.562500
-0.08058999999999994,0.0188,0.056400000000000006,456774636701154.562500
-0.08057999999999998,0.0236,0.058,456774636701154.562500
-0.08056999999999997,0.0204,0.0516,456774636701154.562500
-0.08055999999999996,0.0228,0.055600000000000004,456774636701154.562500
-0.08054999999999995,0.0228,0.056400000000000006,456774636701154.562500
-0.08053999999999994,0.0244,0.055600000000000004,456774636701154.562500
-0.08052999999999999,0.0196,0.0524,456774636701154.562500
-0.08051999999999998,0.0212,0.0572,456774636701154.562500
-0.08050999999999997,0.0196,0.054,456774636701154.562500
-0.08049999999999996,0.0228,0.0548,456774636701154.562500
-0.08048999999999995,0.0212,0.0572,456774636701154.562500
-0.08047999999999994,0.022000000000000002,0.056400000000000006,456774636701154.562500
-0.08046999999999999,0.0212,0.058,456774636701154.562500
-0.08045999999999998,0.0228,0.055600000000000004,456774636701154.562500
-0.08044999999999997,0.0196,0.056400000000000006,456774636701154.562500
-0.08043999999999996,0.0228,0.0548,456774636701154.562500
-0.08042999999999995,0.022000000000000002,0.055600000000000004,456774636701154.562500
-0.08041999999999999,0.0236,0.055600000000000004,456774636701154.562500
-0.08040999999999998,0.0236,0.056400000000000006,456774636701154.562500
-0.08039999999999997,0.022000000000000002,0.0572,456774636701154.562500
-0.08038999999999996,0.018000000000000002,0.056400000000000006,456774636701154.562500
-0.08037999999999995,0.0196,0.056400000000000006,456774636701154.562500
-0.08036999999999994,0.0172,0.0572,456774636701154.562500
-0.08035999999999999,0.0228,0.0572,456774636701154.562500
-0.08034999999999998,0.0252,0.0524,456774636701154.562500
-0.08033999999999997,0.0244,0.0572,456774636701154.562500
-0.08032999999999996,0.022000000000000002,0.056400000000000006,456774636701154.562500
-0.08031999999999995,0.0244,0.058800000000000005,456774636701154.562500
-0.08030999999999999,0.0228,0.053200000000000004,456774636701154.562500
-0.08029999999999998,0.0244,0.0548,456774636701154.562500
-0.08028999999999997,0.0228,0.056400000000000006,456774636701154.562500
-0.08027999999999996,0.0236,0.058,456774636701154.562500
-0.08026999999999995,0.0228,0.0572,456774636701154.562500
-0.08025999999999994,0.0244,0.056400000000000006,456774636701154.562500
-0.08024999999999999,0.0236,0.058,456774636701154.562500
-0.08023999999999998,0.022000000000000002,0.058,456774636701154.562500
-0.08022999999999997,0.0236,0.0572,456774636701154.562500
-0.08021999999999996,0.0228,0.055600000000000004,456774636701154.562500
-0.08020999999999995,0.0204,0.053200000000000004,456774636701154.562500
-0.08019999999999994,0.0228,0.05,456774636701154.562500
-0.08018999999999998,0.0148,0.0548,456774636701154.562500
-0.08017999999999997,0.0228,0.0476,456774636701154.562500
-0.08016999999999996,0.022000000000000002,0.042800000000000005,456774636701154.562500
-0.08015999999999995,0.022000000000000002,0.0468,456774636701154.562500
-0.08014999999999994,0.0228,0.048400000000000006,456774636701154.562500
-0.08013999999999999,0.0228,0.0468,456774636701154.562500
-0.08012999999999998,0.018000000000000002,0.050800000000000005,456774636701154.562500
-0.08011999999999997,0.022000000000000002,0.055600000000000004,456774636701154.562500
-0.08010999999999996,0.0244,0.058,456774636701154.562500
-0.08009999999999995,0.0228,0.055600000000000004,456774636701154.562500
-0.08008999999999994,0.0236,0.058,456774636701154.562500
-0.08007999999999998,0.0236,0.0572,456774636701154.562500
-0.08006999999999997,0.0236,0.0572,456774636701154.562500
-0.08005999999999996,0.0244,0.0572,456774636701154.562500
-0.08004999999999995,0.0236,0.055600000000000004,456774636701154.562500
-0.08003999999999994,0.0244,0.053200000000000004,456774636701154.562500
-0.08002999999999999,0.0236,0.042800000000000005,456774636701154.562500
-0.08001999999999998,0.026000000000000002,0.058,456774636701154.562500
-0.08000999999999997,0.0212,0.056400000000000006,456774636701154.562500
-0.07999999999999996,0.022000000000000002,0.0572,456774636701154.562500
-0.07998999999999995,0.0252,0.0548,456774636701154.562500
-0.07997999999999994,0.0244,0.056400000000000006,456774636701154.562500
-0.07996999999999999,0.0204,0.056400000000000006,456774636701154.562500
-0.07995999999999998,0.0244,0.058,456774636701154.562500
-0.07994999999999997,0.0252,0.055600000000000004,456774636701154.562500
-0.07993999999999996,0.022000000000000002,0.056400000000000006,456774636701154.562500
-0.07992999999999995,0.0228,0.058,456774636701154.562500
-0.07991999999999999,0.022000000000000002,0.058,456774636701154.562500
-0.07990999999999998,0.0212,0.056400000000000006,456774636701154.562500
-0.07989999999999997,0.022000000000000002,0.056400000000000006,456774636701154.562500
-0.07988999999999996,0.022000000000000002,0.054,456774636701154.562500
-0.07987999999999995,0.0204,0.058,456774636701154.562500
-0.07986999999999994,0.022000000000000002,0.056400000000000006,456774636701154.562500
-0.07985999999999999,0.022000000000000002,0.0572,456774636701154.562500
-0.07984999999999998,0.022000000000000002,0.056400000000000006,456774636701154.562500
-0.07983999999999997,0.0236,0.058,456774636701154.562500
-0.07982999999999996,0.0236,0.058,456774636701154.562500
-0.07981999999999995,0.0236,0.0492,456774636701154.562500
-0.07980999999999999,0.0212,0.058,456774636701154.562500
-0.07979999999999998,0.0228,0.05,456774636701154.562500
-0.07978999999999997,0.0228,0.058,456774636701154.562500
-0.07977999999999996,0.0244,0.0548,456774636701154.562500
-0.07976999999999995,0.0236,0.0572,456774636701154.562500
-0.07975999999999994,0.0244,0.056400000000000006,456774636701154.562500
-0.07974999999999999,0.0252,0.0548,456774636701154.562500
-0.07973999999999998,0.022000000000000002,0.056400000000000006,456774636701154.562500
-0.07972999999999997,0.0244,0.0492,456774636701154.562500
-0.07971999999999996,0.0236,0.053200000000000004,456774636701154.562500
-0.07970999999999995,0.0244,0.0548,456774636701154.562500
-0.0797,0.0252,0.056400000000000006,456774636701154.562500
-0.07968999999999998,0.0228,0.0548,456774636701154.562500
-0.07967999999999997,0.0244,0.0516,456774636701154.562500
-0.07966999999999996,0.0228,0.0476,456774636701154.562500
-0.07965999999999995,0.0236,0.0436,456774636701154.562500
-0.07964999999999994,0.0212,0.0436,456774636701154.562500
-0.07963999999999999,0.022000000000000002,0.055600000000000004,456774636701154.562500
-0.07962999999999998,0.022000000000000002,0.0468,456774636701154.562500
-0.07961999999999997,0.022000000000000002,0.0516,456774636701154.562500
-0.07960999999999996,0.0228,0.050800000000000005,456774636701154.562500
-0.07959999999999995,0.0228,0.0572,456774636701154.562500
-0.07958999999999994,0.0204,0.050800000000000005,456774636701154.562500
-0.07957999999999998,0.022000000000000002,0.0572,456774636701154.562500
-0.07956999999999997,0.022000000000000002,0.058800000000000005,456774636701154.562500
-0.07955999999999996,0.0212,0.0572,456774636701154.562500
-0.07954999999999995,0.0212,0.058800000000000005,456774636701154.562500
-0.07953999999999994,0.022000000000000002,0.0572,456774636701154.562500
-0.07952999999999999,0.022000000000000002,0.056400000000000006,456774636701154.562500
-0.07951999999999998,0.0204,0.058,456774636701154.562500
-0.07950999999999997,0.0228,0.0548,456774636701154.562500
-0.07949999999999996,0.022000000000000002,0.056400000000000006,456774636701154.562500
-0.07948999999999995,0.022000000000000002,0.056400000000000006,456774636701154.562500
-0.07947999999999994,0.0228,0.055600000000000004,456774636701154.562500
-0.07946999999999999,0.0228,0.054,456774636701154.562500
-0.07945999999999998,0.0244,0.0548,456774636701154.562500
-0.07944999999999997,0.0236,0.0572,456774636701154.562500
-0.07943999999999996,0.0244,0.058800000000000005,456774636701154.562500
-0.07942999999999995,0.0228,0.058,456774636701154.562500
-0.07941999999999999,0.0228,0.0572,456774636701154.562500
-0.07940999999999998,0.0228,0.053200000000000004,456774636701154.562500
-0.07939999999999997,0.0228,0.0572,456774636701154.562500
-0.07938999999999996,0.0252,0.056400000000000006,456774636701154.562500
-0.07937999999999995,0.0228,0.054,456774636701154.562500
-0.07936999999999994,0.0236,0.056400000000000006,456774636701154.562500
-0.07935999999999999,0.0204,0.053200000000000004,456774636701154.562500
-0.07934999999999998,0.0204,0.058,456774636701154.562500
-0.07933999999999997,0.0196,0.0572,456774636701154.562500
-0.07932999999999996,0.0164,0.055600000000000004,456774636701154.562500
-0.07931999999999995,0.014,0.058,456774636701154.562500
-0.07930999999999999,0.022000000000000002,0.0524,456774636701154.562500
-0.07929999999999998,0.018000000000000002,0.058,456774636701154.562500
-0.07928999999999997,0.015600000000000001,0.056400000000000006,456774636701154.562500
-0.07927999999999996,0.0212,0.0572,456774636701154.562500
-0.07926999999999995,0.0236,0.0572,456774636701154.562500
-0.07925999999999994,0.0204,0.053200000000000004,456774636701154.562500
-0.07924999999999999,0.022000000000000002,0.056400000000000006,456774636701154.562500
-0.07923999999999998,0.022000000000000002,0.056400000000000006,456774636701154.562500
-0.07922999999999997,0.0236,0.0524,456774636701154.562500
-0.07921999999999996,0.022000000000000002,0.0548,456774636701154.562500
-0.07920999999999995,0.0228,0.0524,456774636701154.562500
-0.07919999999999999,0.0228,0.056400000000000006,456774636701154.562500
-0.07918999999999998,0.022000000000000002,0.0492,456774636701154.562500
-0.07917999999999997,0.0228,0.0548,456774636701154.562500
-0.07916999999999996,0.0172,0.0572,456774636701154.562500
-0.07915999999999995,0.0188,0.0572,456774636701154.562500
-0.07914999999999994,0.015600000000000001,0.054,456774636701154.562500
-0.07913999999999999,0.0148,0.0516,456774636701154.562500
-0.07912999999999998,0.0244,0.0572,456774636701154.562500
-0.07911999999999997,0.0212,0.054,456774636701154.562500
-0.07910999999999996,0.0236,0.058,456774636701154.562500
-0.07909999999999995,0.022000000000000002,0.0572,456774636701154.562500
-0.07908999999999994,0.0212,0.058,456774636701154.562500
-0.07907999999999998,0.015600000000000001,0.048400000000000006,456774636701154.562500
-0.07906999999999997,0.0228,0.054,456774636701154.562500
-0.07905999999999996,0.0228,0.045200000000000004,456774636701154.562500
-0.07904999999999995,0.022000000000000002,0.048400000000000006,456774636701154.562500
-0.07903999999999994,0.022000000000000002,0.0412,456774636701154.562500
-0.07902999999999999,0.022000000000000002,0.054,456774636701154.562500
-0.07901999999999998,0.0244,0.055600000000000004,456774636701154.562500
-0.07900999999999997,0.0236,0.0548,456774636701154.562500
-0.07899999999999996,0.0236,0.0524,456774636701154.562500
-0.07898999999999995,0.0228,0.0444,456774636701154.562500
-0.07897999999999994,0.022000000000000002,0.0492,456774636701154.562500
-0.07896999999999998,0.0228,0.05,456774636701154.562500
-0.07895999999999997,0.0204,0.0524,456774636701154.562500
-0.07894999999999996,0.022000000000000002,0.045200000000000004,456774636701154.562500
-0.07893999999999995,0.022000000000000002,0.042,456774636701154.562500
-0.07892999999999994,0.022000000000000002,0.0444,456774636701154.562500
-0.07891999999999999,0.022000000000000002,0.050800000000000005,456774636701154.562500
-0.07890999999999998,0.0228,0.0516,456774636701154.562500
-0.07889999999999997,0.0212,0.0572,456774636701154.562500
-0.07888999999999996,0.022000000000000002,0.055600000000000004,456774636701154.562500
-0.07887999999999995,0.0204,0.058800000000000005,456774636701154.562500
-0.07886999999999994,0.022000000000000002,0.056400000000000006,456774636701154.562500
-0.07885999999999999,0.0196,0.056400000000000006,456774636701154.562500
-0.07884999999999998,0.0236,0.055600000000000004,456774636701154.562500
-0.07883999999999997,0.022000000000000002,0.048400000000000006,456774636701154.562500
-0.07882999999999996,0.0236,0.053200000000000004,456774636701154.562500
-0.07881999999999995,0.0244,0.0516,456774636701154.562500
-0.07880999999999999,0.0228,0.0476,456774636701154.562500
-0.07879999999999998,0.0252,0.042800000000000005,456774636701154.562500
-0.07878999999999997,0.0244,0.0412,456774636701154.562500
-0.07877999999999996,0.0252,0.042800000000000005,456774636701154.562500
-0.07876999999999995,0.022000000000000002,0.056400000000000006,456774636701154.562500
-0.07875999999999994,0.0188,0.0548,456774636701154.562500
-0.07874999999999999,0.0236,0.0548,456774636701154.562500
-0.07873999999999998,0.0212,0.056400000000000006,456774636701154.562500
-0.07872999999999997,0.0236,0.058,456774636701154.562500
-0.07871999999999996,0.0196,0.0572,456774636701154.562500
-0.07870999999999995,0.0212,0.054,456774636701154.562500
-0.07869999999999999,0.022000000000000002,0.056400000000000006,456774636701154.562500
-0.07868999999999998,0.022000000000000002,0.056400000000000006,456774636701154.562500
-0.07867999999999997,0.0212,0.056400000000000006,456774636701154.562500
-0.07866999999999996,0.0228,0.055600000000000004,456774636701154.562500
-0.07865999999999995,0.0204,0.058,456774636701154.562500
-0.07864999999999994,0.022000000000000002,0.056400000000000006,456774636701154.562500
-0.07863999999999999,0.022000000000000002,0.058800000000000005,456774636701154.562500
-0.07862999999999998,0.0228,0.0548,456774636701154.562500
-0.07861999999999997,0.0228,0.058,456774636701154.562500
-0.07860999999999996,0.022000000000000002,0.058,456774636701154.562500
-0.07859999999999995,0.0212,0.056400000000000006,456774636701154.562500
-0.07859,0.022000000000000002,0.056400000000000006,456774636701154.562500
-0.07857999999999998,0.022000000000000002,0.050800000000000005,456774636701154.562500
-0.07856999999999997,0.0228,0.058,456774636701154.562500
-0.07855999999999996,0.0204,0.055600000000000004,456774636701154.562500
-0.07854999999999995,0.022000000000000002,0.056400000000000006,456774636701154.562500
-0.07853999999999994,0.0252,0.056400000000000006,456774636701154.562500
-0.07852999999999999,0.0252,0.0572,456774636701154.562500
-0.07851999999999998,0.022000000000000002,0.0516,456774636701154.562500
-0.07850999999999997,0.0236,0.054,456774636701154.562500
-0.07849999999999996,0.0252,0.056400000000000006,456774636701154.562500
-0.07848999999999995,0.0244,0.0492,456774636701154.562500
-0.07847999999999994,0.0236,0.0572,456774636701154.562500
-0.07846999999999998,0.0236,0.0548,456774636701154.562500
-0.07845999999999997,0.0244,0.05,456774636701154.562500
-0.07844999999999996,0.0268,0.0524,456774636701154.562500
-0.07843999999999995,0.022000000000000002,0.05,456774636701154.562500
-0.07842999999999994,0.022000000000000002,0.055600000000000004,456774636701154.562500
-0.07841999999999999,0.0228,0.0548,456774636701154.562500
-0.07840999999999998,0.0236,0.058,456774636701154.562500
-0.07839999999999997,0.0228,0.0516,456774636701154.562500
-0.07838999999999996,0.022000000000000002,0.0516,456774636701154.562500
-0.07837999999999995,0.0212,0.0436,456774636701154.562500
-0.07836999999999994,0.022000000000000002,0.0524,456774636701154.562500
-0.07835999999999999,0.0212,0.050800000000000005,456774636701154.562500
-0.07834999999999998,0.0228,0.05,456774636701154.562500
-0.07833999999999997,0.0236,0.054,456774636701154.562500
-0.07832999999999996,0.0228,0.055600000000000004,456774636701154.562500
-0.07831999999999995,0.0236,0.053200000000000004,456774636701154.562500
-0.07830999999999999,0.0236,0.054,456774636701154.562500
-0.07829999999999998,0.0228,0.0468,456774636701154.562500
-0.07828999999999997,0.0228,0.055600000000000004,456774636701154.562500
-0.07827999999999996,0.0236,0.056400000000000006,456774636701154.562500
-0.07826999999999995,0.0228,0.056400000000000006,456774636701154.562500
-0.07825999999999994,0.0252,0.058,456774636701154.562500
-0.07824999999999999,0.022000000000000002,0.058,456774636701154.562500
-0.07823999999999998,0.0244,0.055600000000000004,456774636701154.562500
-0.07822999999999997,0.022000000000000002,0.0572,456774636701154.562500
-0.07821999999999996,0.0244,0.0548,456774636701154.562500
-0.07820999999999995,0.0228,0.0516,456774636701154.562500
-0.07819999999999999,0.0228,0.046,456774636701154.562500
-0.07818999999999998,0.0212,0.0548,456774636701154.562500
-0.07817999999999997,0.0228,0.050800000000000005,456774636701154.562500
-0.07816999999999996,0.0236,0.058800000000000005,456774636701154.562500
-0.07815999999999995,0.0228,0.0548,456774636701154.562500
-0.07814999999999994,0.0228,0.056400000000000006,456774636701154.562500
-0.07813999999999999,0.0228,0.056400000000000006,456774636701154.562500
-0.07812999999999998,0.0172,0.055600000000000004,456774636701154.562500
-0.07811999999999997,0.0228,0.056400000000000006,456774636701154.562500
-0.07810999999999996,0.0196,0.055600000000000004,456774636701154.562500
-0.07809999999999995,0.022000000000000002,0.056400000000000006,456774636701154.562500
-0.07808999999999999,0.022000000000000002,0.0468,456774636701154.562500
-0.07807999999999998,0.0236,0.053200000000000004,456774636701154.562500
-0.07806999999999997,0.0204,0.050800000000000005,456774636701154.562500
-0.07805999999999996,0.022000000000000002,0.056400000000000006,456774636701154.562500
-0.07804999999999995,0.0204,0.056400000000000006,456774636701154.562500
-0.07803999999999994,0.014,0.058,456774636701154.562500
-0.07802999999999999,0.0228,0.055600000000000004,456774636701154.562500
-0.07801999999999998,0.0236,0.058,456774636701154.562500
-0.07800999999999997,0.0212,0.053200000000000004,456774636701154.562500
-0.07799999999999996,0.0228,0.056400000000000006,456774636701154.562500
-0.07798999999999995,0.0196,0.0572,456774636701154.562500
-0.07797999999999994,0.0236,0.055600000000000004,456774636701154.562500
-0.07796999999999998,0.0252,0.056400000000000006,456774636701154.562500
-0.07795999999999997,0.0236,0.058,456774636701154.562500
-0.07794999999999996,0.022000000000000002,0.0572,456774636701154.562500
-0.07793999999999995,0.0228,0.054,456774636701154.562500
-0.07792999999999994,0.0228,0.054,456774636701154.562500
-0.07791999999999999,0.0252,0.053200000000000004,456774636701154.562500
-0.07790999999999998,0.0244,0.056400000000000006,456774636701154.562500
-0.07789999999999997,0.0212,0.0572,456774636701154.562500
-0.07788999999999996,0.0236,0.056400000000000006,456774636701154.562500
-0.07787999999999995,0.0188,0.058,456774636701154.562500
-0.07786999999999994,0.0204,0.056400000000000006,456774636701154.562500
-0.07785999999999998,0.0212,0.056400000000000006,456774636701154.562500
-0.07784999999999997,0.022000000000000002,0.0548,456774636701154.562500
-0.07783999999999996,0.0188,0.0572,456774636701154.562500
-0.07782999999999995,0.022000000000000002,0.0572,456774636701154.562500
-0.07781999999999994,0.022000000000000002,0.058,456774636701154.562500
-0.07780999999999999,0.022000000000000002,0.053200000000000004,456774636701154.562500
-0.07779999999999998,0.0188,0.053200000000000004,456774636701154.562500
-0.07778999999999997,0.022000000000000002,0.054,456774636701154.562500
-0.07777999999999996,0.0228,0.0572,456774636701154.562500
-0.07776999999999995,0.0228,0.0572,456774636701154.562500
-0.07775999999999994,0.0228,0.054,456774636701154.562500
-0.07774999999999999,0.022000000000000002,0.055600000000000004,456774636701154.562500
-0.07773999999999998,0.022000000000000002,0.0516,456774636701154.562500
-0.07772999999999997,0.022000000000000002,0.0516,456774636701154.562500
-0.07771999999999996,0.0228,0.056400000000000006,456774636701154.562500
-0.07770999999999995,0.0196,0.048400000000000006,456774636701154.562500
-0.07769999999999999,0.022000000000000002,0.058,456774636701154.562500
-0.07768999999999998,0.022000000000000002,0.0572,456774636701154.562500
-0.07767999999999997,0.0236,0.056400000000000006,456774636701154.562500
-0.07766999999999996,0.0228,0.058,456774636701154.562500
-0.07765999999999995,0.0236,0.056400000000000006,456774636701154.562500
-0.07764999999999994,0.0236,0.056400000000000006,456774636701154.562500
-0.07763999999999999,0.0236,0.0548,456774636701154.562500
-0.07762999999999998,0.0228,0.0572,456774636701154.562500
-0.07761999999999997,0.0236,0.0524,456774636701154.562500
-0.07760999999999996,0.0252,0.056400000000000006,456774636701154.562500
-0.07759999999999995,0.0252,0.0524,456774636701154.562500
-0.07758999999999999,0.0244,0.0572,456774636701154.562500
-0.07757999999999998,0.0252,0.042,456774636701154.562500
-0.07756999999999997,0.0236,0.054,456774636701154.562500
-0.07755999999999996,0.0212,0.0476,456774636701154.562500
-0.07754999999999995,0.0236,0.0468,456774636701154.562500
-0.07753999999999994,0.0244,0.046,456774636701154.562500
-0.07752999999999999,0.0244,0.0524,456774636701154.562500
-0.07751999999999998,0.0212,0.054,456774636701154.562500
-0.07750999999999997,0.0228,0.0572,456774636701154.562500
-0.07749999999999996,0.0236,0.058,456774636701154.562500
-0.07748999999999995,0.0196,0.050800000000000005,456774636701154.562500
-0.07747999999999994,0.0236,0.0548,456774636701154.562500
-0.07746999999999998,0.0204,0.0468,456774636701154.562500
-0.07745999999999997,0.0228,0.0524,456774636701154.562500
-0.07744999999999996,0.0228,0.045200000000000004,456774636701154.562500
-0.07743999999999995,0.0236,0.0548,456774636701154.562500
-0.07742999999999994,0.022000000000000002,0.042,456774636701154.562500
-0.07741999999999999,0.0212,0.053200000000000004,456774636701154.562500
-0.07740999999999998,0.022000000000000002,0.05,456774636701154.562500
-0.07739999999999997,0.022000000000000002,0.056400000000000006,456774636701154.562500
-0.07738999999999996,0.0236,0.058,456774636701154.562500
-0.07737999999999995,0.022000000000000002,0.056400000000000006,456774636701154.562500
-0.07736999999999994,0.022000000000000002,0.056400000000000006,456774636701154.562500
-0.07735999999999998,0.022000000000000002,0.0548,456774636701154.562500
-0.07734999999999997,0.0228,0.0524,456774636701154.562500
-0.07733999999999996,0.0196,0.0548,456774636701154.562500
-0.07732999999999995,0.0228,0.058,456774636701154.562500
-0.07731999999999994,0.0204,0.055600000000000004,456774636701154.562500
-0.07730999999999999,0.0196,0.058,456774636701154.562500
-0.07729999999999998,0.0204,0.054,456774636701154.562500
-0.07728999999999997,0.0196,0.0572,456774636701154.562500
-0.07727999999999996,0.018000000000000002,0.056400000000000006,456774636701154.562500
-0.07726999999999995,0.0228,0.056400000000000006,456774636701154.562500
-0.07725999999999994,0.022000000000000002,0.0548,456774636701154.562500
-0.07724999999999999,0.0252,0.0572,456774636701154.562500
-0.07723999999999998,0.0228,0.050800000000000005,456774636701154.562500
-0.07722999999999997,0.0228,0.0548,456774636701154.562500
-0.07721999999999996,0.0236,0.056400000000000006,456774636701154.562500
-0.07720999999999995,0.022000000000000002,0.055600000000000004,456774636701154.562500
-0.07719999999999999,0.0236,0.055600000000000004,456774636701154.562500
-0.07718999999999998,0.0228,0.055600000000000004,456774636701154.562500
-0.07717999999999997,0.022000000000000002,0.0572,456774636701154.562500
-0.07716999999999996,0.022000000000000002,0.055600000000000004,456774636701154.562500
-0.07715999999999995,0.0204,0.056400000000000006,456774636701154.562500
-0.07714999999999994,0.022000000000000002,0.055600000000000004,456774636701154.562500
-0.07713999999999999,0.0188,0.056400000000000006,456774636701154.562500
-0.07712999999999998,0.022000000000000002,0.0548,456774636701154.562500
-0.07711999999999997,0.0228,0.0572,456774636701154.562500
-0.07710999999999996,0.0212,0.045200000000000004,456774636701154.562500
-0.07709999999999995,0.0204,0.0476,456774636701154.562500
-0.07708999999999999,0.022000000000000002,0.0516,456774636701154.562500
-0.07707999999999998,0.0212,0.0548,456774636701154.562500
-0.07706999999999997,0.022000000000000002,0.05,456774636701154.562500
-0.07705999999999996,0.0244,0.054,456774636701154.562500
-0.07704999999999995,0.0252,0.05,456774636701154.562500
-0.07703999999999994,0.0236,0.054,456774636701154.562500
-0.07702999999999999,0.0212,0.0548,456774636701154.562500
-0.07701999999999998,0.0236,0.0572,456774636701154.562500
-0.07700999999999997,0.0228,0.0524,456774636701154.562500
-0.07699999999999996,0.0244,0.055600000000000004,456774636701154.562500
-0.07698999999999995,0.0228,0.055600000000000004,456774636701154.562500
-0.07697999999999999,0.0244,0.0548,456774636701154.562500
-0.07696999999999998,0.0236,0.046,456774636701154.562500
-0.07695999999999997,0.0244,0.050800000000000005,456774636701154.562500
-0.07694999999999996,0.0244,0.05,456774636701154.562500
-0.07693999999999995,0.0228,0.0492,456774636701154.562500
-0.07692999999999994,0.0236,0.054,456774636701154.562500
-0.07691999999999999,0.0228,0.0572,456774636701154.562500
-0.07690999999999998,0.0228,0.056400000000000006,456774636701154.562500
-0.07689999999999997,0.0236,0.055600000000000004,456774636701154.562500
-0.07688999999999996,0.0236,0.055600000000000004,456774636701154.562500
-0.07687999999999995,0.022000000000000002,0.053200000000000004,456774636701154.562500
-0.07686999999999994,0.0228,0.0572,456774636701154.562500
-0.07685999999999998,0.0228,0.0572,456774636701154.562500
-0.07684999999999997,0.022000000000000002,0.056400000000000006,456774636701154.562500
-0.07683999999999996,0.022000000000000002,0.056400000000000006,456774636701154.562500
-0.07682999999999995,0.0204,0.058,456774636701154.562500
-0.07681999999999994,0.0212,0.055600000000000004,456774636701154.562500
-0.07680999999999999,0.0212,0.056400000000000006,456774636701154.562500
-0.07679999999999998,0.0228,0.054,456774636701154.562500
-0.07678999999999997,0.0244,0.0572,456774636701154.562500
-0.07677999999999996,0.0228,0.058800000000000005,456774636701154.562500
-0.07676999999999995,0.0228,0.055600000000000004,456774636701154.562500
-0.07675999999999994,0.0236,0.054,456774636701154.562500
-0.07674999999999998,0.0204,0.056400000000000006,456774636701154.562500
-0.07673999999999997,0.0236,0.0572,456774636701154.562500
-0.07672999999999996,0.0228,0.0572,456774636701154.562500
-0.07671999999999995,0.0244,0.0572,456774636701154.562500
-0.07670999999999994,0.0236,0.058,456774636701154.562500
-0.07669999999999999,0.0212,0.0524,456774636701154.562500
-0.07668999999999998,0.022000000000000002,0.048400000000000006,456774636701154.562500
-0.07667999999999997,0.0196,0.055600000000000004,456774636701154.562500
-0.07666999999999996,0.0236,0.053200000000000004,456774636701154.562500
-0.07665999999999995,0.026000000000000002,0.055600000000000004,456774636701154.562500
-0.07664999999999994,0.0244,0.058800000000000005,456774636701154.562500
-0.07663999999999999,0.0236,0.0572,456774636701154.562500
-0.07662999999999998,0.0244,0.0572,456774636701154.562500
-0.07661999999999997,0.022000000000000002,0.055600000000000004,456774636701154.562500
-0.07660999999999996,0.0228,0.058,456774636701154.562500
-0.07659999999999995,0.022000000000000002,0.058,456774636701154.562500
-0.07658999999999999,0.0228,0.055600000000000004,456774636701154.562500
-0.07657999999999998,0.022000000000000002,0.056400000000000006,456774636701154.562500
-0.07656999999999997,0.0228,0.056400000000000006,456774636701154.562500
-0.07655999999999996,0.0228,0.054,456774636701154.562500
-0.07654999999999995,0.022000000000000002,0.0548,456774636701154.562500
-0.07653999999999994,0.0228,0.0516,456774636701154.562500
-0.07652999999999999,0.0204,0.054,456774636701154.562500
-0.07651999999999998,0.0236,0.054,456774636701154.562500
-0.07650999999999997,0.0212,0.0524,456774636701154.562500
-0.07649999999999996,0.0212,0.050800000000000005,456774636701154.562500
-0.07648999999999995,0.0212,0.053200000000000004,456774636701154.562500
-0.07647999999999999,0.0212,0.056400000000000006,456774636701154.562500
-0.07646999999999998,0.022000000000000002,0.0548,456774636701154.562500
-0.07645999999999997,0.0188,0.0572,456774636701154.562500
-0.07644999999999996,0.0212,0.056400000000000006,456774636701154.562500
-0.07643999999999995,0.022000000000000002,0.056400000000000006,456774636701154.562500
-0.07642999999999994,0.0164,0.0572,456774636701154.562500
-0.07641999999999999,0.0236,0.058,456774636701154.562500
-0.07640999999999998,0.0228,0.0572,456774636701154.562500
-0.07639999999999997,0.0236,0.055600000000000004,456774636701154.562500
-0.07638999999999996,0.0204,0.0548,456774636701154.562500
-0.07637999999999995,0.0228,0.056400000000000006,456774636701154.562500
-0.07636999999999994,0.0244,0.056400000000000006,456774636701154.562500
-0.07635999999999998,0.0252,0.054,456774636701154.562500
-0.07634999999999997,0.0236,0.056400000000000006,456774636701154.562500
-0.07633999999999996,0.0212,0.056400000000000006,456774636701154.562500
-0.07632999999999995,0.0228,0.05,456774636701154.562500
-0.07631999999999994,0.0172,0.0548,456774636701154.562500
-0.07630999999999999,0.0236,0.054,456774636701154.562500
-0.07629999999999998,0.0196,0.0516,456774636701154.562500
-0.07628999999999997,0.0236,0.058,456774636701154.562500
-0.07627999999999996,0.022000000000000002,0.048400000000000006,456774636701154.562500
-0.07626999999999995,0.0236,0.055600000000000004,456774636701154.562500
-0.07625999999999994,0.0236,0.05,456774636701154.562500
-0.07624999999999998,0.022000000000000002,0.056400000000000006,456774636701154.562500
-0.07623999999999997,0.022000000000000002,0.055600000000000004,456774636701154.562500
-0.07622999999999996,0.022000000000000002,0.056400000000000006,456774636701154.562500
-0.07621999999999995,0.0188,0.0572,456774636701154.562500
-0.07620999999999994,0.0204,0.058,456774636701154.562500
-0.07619999999999999,0.022000000000000002,0.058,456774636701154.562500
-0.07618999999999998,0.0228,0.055600000000000004,456774636701154.562500
-0.07617999999999997,0.0236,0.045200000000000004,456774636701154.562500
-0.07616999999999996,0.0196,0.054,456774636701154.562500
-0.07615999999999995,0.0212,0.0516,456774636701154.562500
-0.07614999999999994,0.022000000000000002,0.0572,456774636701154.562500
-0.07613999999999999,0.022000000000000002,0.056400000000000006,456774636701154.562500
-0.07612999999999998,0.0236,0.056400000000000006,456774636701154.562500
-0.07611999999999997,0.0236,0.055600000000000004,456774636701154.562500
-0.07610999999999996,0.0228,0.058,456774636701154.562500
-0.07609999999999995,0.022000000000000002,0.054,456774636701154.562500
-0.07608999999999999,0.0244,0.0548,456774636701154.562500
-0.07607999999999998,0.0236,0.058,456774636701154.562500
-0.07606999999999997,0.0244,0.055600000000000004,456774636701154.562500
-0.07605999999999996,0.0228,0.056400000000000006,456774636701154.562500
-0.07604999999999995,0.0236,0.0572,456774636701154.562500
-0.07603999999999994,0.022000000000000002,0.056400000000000006,456774636701154.562500
-0.07602999999999999,0.0228,0.0572,456774636701154.562500
-0.07601999999999998,0.0236,0.0572,456774636701154.562500
-0.07600999999999997,0.0236,0.0572,456774636701154.562500
-0.07599999999999996,0.0236,0.0572,456774636701154.562500
-0.07598999999999995,0.0228,0.058,456774636701154.562500
-0.07597999999999999,0.0228,0.0524,456774636701154.562500
-0.07596999999999998,0.0196,0.055600000000000004,456774636701154.562500
-0.07595999999999997,0.0236,0.054,456774636701154.562500
-0.07594999999999996,0.0164,0.056400000000000006,456774636701154.562500
-0.07593999999999995,0.0212,0.0524,456774636701154.562500
-0.07592999999999994,0.0132,0.058,456774636701154.562500
-0.07591999999999999,0.022000000000000002,0.055600000000000004,456774636701154.562500
-0.07590999999999998,0.0196,0.055600000000000004,456774636701154.562500
-0.07589999999999997,0.0236,0.0572,456774636701154.562500
-0.07588999999999996,0.022000000000000002,0.0572,456774636701154.562500
-0.07587999999999995,0.0228,0.055600000000000004,456774636701154.562500
-0.07586999999999999,0.022000000000000002,0.056400000000000006,456774636701154.562500
-0.07585999999999998,0.0228,0.0548,456774636701154.562500
-0.07584999999999997,0.022000000000000002,0.0444,456774636701154.562500
-0.07583999999999996,0.0236,0.053200000000000004,456774636701154.562500
-0.07582999999999995,0.0196,0.055600000000000004,456774636701154.562500
-0.07581999999999994,0.0204,0.058,456774636701154.562500
-0.07580999999999999,0.0228,0.056400000000000006,456774636701154.562500
-0.07579999999999998,0.0236,0.058,456774636701154.562500
-0.07578999999999997,0.0244,0.056400000000000006,456774636701154.562500
-0.07577999999999996,0.0228,0.058,456774636701154.562500
-0.07576999999999995,0.0244,0.055600000000000004,456774636701154.562500
-0.07575999999999994,0.022000000000000002,0.0548,456774636701154.562500
-0.07574999999999998,0.022000000000000002,0.056400000000000006,456774636701154.562500
-0.07573999999999997,0.0244,0.0572,456774636701154.562500
-0.07572999999999996,0.0244,0.055600000000000004,456774636701154.562500
-0.07571999999999995,0.0228,0.055600000000000004,456774636701154.562500
-0.07570999999999994,0.0236,0.056400000000000006,456774636701154.562500
-0.07569999999999999,0.0228,0.058,456774636701154.562500
-0.07568999999999998,0.0236,0.0492,456774636701154.562500
-0.07567999999999997,0.0244,0.0572,456774636701154.562500
-0.07566999999999996,0.0228,0.056400000000000006,456774636701154.562500
-0.07565999999999995,0.0228,0.054,456774636701154.562500
-0.07564999999999994,0.0212,0.0572,456774636701154.562500
-0.07563999999999999,0.0212,0.0572,456774636701154.562500
-0.07562999999999998,0.0212,0.056400000000000006,456774636701154.562500
-0.07561999999999997,0.0228,0.0572,456774636701154.562500
-0.07560999999999996,0.0204,0.0572,456774636701154.562500
-0.07559999999999995,0.0212,0.058,456774636701154.562500
-0.07558999999999999,0.0228,0.0572,456774636701154.562500
-0.07557999999999998,0.022000000000000002,0.0524,456774636701154.562500
-0.07556999999999997,0.0228,0.056400000000000006,456774636701154.562500
-0.07555999999999996,0.0196,0.058,456774636701154.562500
-0.07554999999999995,0.0228,0.0516,456774636701154.562500
-0.07553999999999994,0.0204,0.055600000000000004,456774636701154.562500
-0.07552999999999999,0.022000000000000002,0.055600000000000004,456774636701154.562500
-0.07551999999999998,0.0236,0.0476,456774636701154.562500
-0.07550999999999997,0.0236,0.0572,456774636701154.562500
-0.07549999999999996,0.0212,0.0516,456774636701154.562500
-0.07548999999999995,0.0212,0.05,456774636701154.562500
-0.07547999999999999,0.0228,0.0548,456774636701154.562500
-0.07546999999999998,0.0236,0.053200000000000004,456774636701154.562500
-0.07545999999999997,0.0244,0.056400000000000006,456774636701154.562500
-0.07544999999999996,0.0244,0.0524,456774636701154.562500
-0.07543999999999995,0.0228,0.058,456774636701154.562500
-0.07542999999999994,0.0236,0.055600000000000004,456774636701154.562500
-0.07541999999999999,0.022000000000000002,0.056400000000000006,456774636701154.562500
-0.07540999999999998,0.0228,0.0516,456774636701154.562500
-0.07539999999999997,0.0196,0.0516,456774636701154.562500
-0.07538999999999996,0.0188,0.042,456774636701154.562500
-0.07537999999999995,0.0188,0.05,456774636701154.562500
-0.07536999999999999,0.0212,0.054,456774636701154.562500
-0.07535999999999998,0.018000000000000002,0.055600000000000004,456774636701154.562500
-0.07534999999999997,0.022000000000000002,0.056400000000000006,456774636701154.562500
-0.07533999999999996,0.0196,0.054,456774636701154.562500
-0.07532999999999995,0.0236,0.0548,456774636701154.562500
-0.07531999999999994,0.0244,0.055600000000000004,456774636701154.562500
-0.07530999999999999,0.022000000000000002,0.055600000000000004,456774636701154.562500
-0.07529999999999998,0.0212,0.055600000000000004,456774636701154.562500
-0.07528999999999997,0.022000000000000002,0.0572,456774636701154.562500
-0.07527999999999996,0.0212,0.056400000000000006,456774636701154.562500
-0.07526999999999995,0.0228,0.055600000000000004,456774636701154.562500
-0.07525999999999994,0.022000000000000002,0.058,456774636701154.562500
-0.07524999999999998,0.0196,0.0572,456774636701154.562500
-0.07523999999999997,0.0228,0.054,456774636701154.562500
-0.07522999999999996,0.0228,0.056400000000000006,456774636701154.562500
-0.07521999999999995,0.0228,0.055600000000000004,456774636701154.562500
-0.07520999999999994,0.0236,0.0524,456774636701154.562500
-0.07519999999999999,0.0228,0.0572,456774636701154.562500
-0.07518999999999998,0.0228,0.0572,456774636701154.562500
-0.07517999999999997,0.0244,0.0572,456774636701154.562500
-0.07516999999999996,0.0252,0.058,456774636701154.562500
-0.07515999999999995,0.0228,0.056400000000000006,456774636701154.562500
-0.07514999999999994,0.0252,0.056400000000000006,456774636701154.562500
-0.07513999999999998,0.0236,0.056400000000000006,456774636701154.562500
-0.07512999999999997,0.0236,0.055600000000000004,456774636701154.562500
-0.07511999999999996,0.0244,0.055600000000000004,456774636701154.562500
-0.07510999999999995,0.022000000000000002,0.0548,456774636701154.562500
-0.07509999999999994,0.0228,0.0524,456774636701154.562500
-0.07508999999999999,0.022000000000000002,0.0548,456774636701154.562500
-0.07507999999999998,0.0236,0.0572,456774636701154.562500
-0.07506999999999997,0.0236,0.0516,456774636701154.562500
-0.07505999999999996,0.0228,0.0548,456774636701154.562500
-0.07504999999999995,0.0164,0.046,456774636701154.562500
-0.07503999999999994,0.0212,0.054,456774636701154.562500
-0.07502999999999999,0.015600000000000001,0.0468,456774636701154.562500
-0.07501999999999998,0.0212,0.0516,456774636701154.562500
-0.07500999999999997,0.0228,0.048400000000000006,456774636701154.562500
-0.07499999999999996,0.022000000000000002,0.054,456774636701154.562500
-0.07498999999999995,0.0212,0.0468,456774636701154.562500
-0.07497999999999999,0.022000000000000002,0.058,456774636701154.562500
-0.07496999999999998,0.022000000000000002,0.056400000000000006,456774636701154.562500
-0.07495999999999997,0.0204,0.053200000000000004,456774636701154.562500
-0.07494999999999996,0.022000000000000002,0.050800000000000005,456774636701154.562500
-0.07493999999999995,0.022000000000000002,0.0516,456774636701154.562500
-0.07492999999999994,0.0188,0.038,456774636701154.562500
-0.07491999999999999,0.0228,0.0548,456774636701154.562500
-0.07490999999999998,0.0228,0.056400000000000006,456774636701154.562500
-0.07489999999999997,0.0236,0.055600000000000004,456774636701154.562500
-0.07488999999999996,0.022000000000000002,0.0476,456774636701154.562500
-0.07487999999999995,0.022000000000000002,0.0524,456774636701154.562500
-0.07486999999999999,0.0148,0.046,456774636701154.562500
-0.07485999999999998,0.0204,0.056400000000000006,456774636701154.562500
-0.07484999999999997,0.0252,0.0548,456774636701154.562500
-0.07483999999999996,0.022000000000000002,0.056400000000000006,456774636701154.562500
-0.07482999999999995,0.0236,0.055600000000000004,456774636701154.562500
-0.07481999999999994,0.0228,0.0548,456774636701154.562500
-0.07480999999999999,0.0244,0.0572,456774636701154.562500
-0.07479999999999998,0.0204,0.058,456774636701154.562500
-0.07478999999999997,0.0244,0.054,456774636701154.562500
-0.07477999999999996,0.0244,0.056400000000000006,456774636701154.562500
-0.07476999999999995,0.022000000000000002,0.053200000000000004,456774636701154.562500
-0.07475999999999994,0.022000000000000002,0.0572,456774636701154.562500
-0.07474999999999998,0.0212,0.058,456774636701154.562500
-0.07473999999999997,0.0236,0.055600000000000004,456774636701154.562500
-0.07472999999999996,0.0212,0.056400000000000006,456774636701154.562500
-0.07471999999999995,0.0236,0.0444,456774636701154.562500
-0.07470999999999994,0.0188,0.056400000000000006,456774636701154.562500
-0.07469999999999999,0.022000000000000002,0.05,456774636701154.562500
-0.07468999999999998,0.0188,0.056400000000000006,456774636701154.562500
-0.07467999999999997,0.0228,0.056400000000000006,456774636701154.562500
-0.07466999999999996,0.0228,0.056400000000000006,456774636701154.562500
-0.07465999999999995,0.0228,0.053200000000000004,456774636701154.562500
-0.07464999999999994,0.0228,0.055600000000000004,456774636701154.562500
-0.07463999999999998,0.0228,0.0516,456774636701154.562500
-0.07462999999999997,0.0228,0.056400000000000006,456774636701154.562500
-0.07461999999999996,0.022000000000000002,0.054,456774636701154.562500
-0.07460999999999995,0.0228,0.0548,456774636701154.562500
-0.07459999999999994,0.022000000000000002,0.055600000000000004,456774636701154.562500
-0.07458999999999999,0.0236,0.0548,456774636701154.562500
-0.07457999999999998,0.0236,0.053200000000000004,456774636701154.562500
-0.07456999999999997,0.0244,0.056400000000000006,456774636701154.562500
-0.07455999999999996,0.022000000000000002,0.0524,456774636701154.562500
-0.07454999999999995,0.0252,0.0516,456774636701154.562500
-0.07453999999999994,0.022000000000000002,0.0468,456774636701154.562500
-0.07452999999999999,0.022000000000000002,0.0572,456774636701154.562500
-0.07451999999999998,0.022000000000000002,0.055600000000000004,456774636701154.562500
-0.07450999999999997,0.0252,0.0572,456774636701154.562500
-0.07449999999999996,0.0228,0.055600000000000004,456774636701154.562500
-0.07448999999999995,0.0244,0.0548,456774636701154.562500
-0.07447999999999999,0.0204,0.056400000000000006,456774636701154.562500
-0.07446999999999998,0.0228,0.056400000000000006,456774636701154.562500
-0.07445999999999997,0.0228,0.056400000000000006,456774636701154.562500
-0.07444999999999996,0.0236,0.0572,456774636701154.562500
-0.07443999999999995,0.0204,0.0524,456774636701154.562500
-0.07442999999999994,0.0196,0.0572,456774636701154.562500
-0.07441999999999999,0.022000000000000002,0.048400000000000006,456774636701154.562500
-0.07440999999999998,0.018000000000000002,0.0572,456774636701154.562500
-0.07439999999999997,0.0196,0.056400000000000006,456774636701154.562500
-0.07438999999999996,0.0188,0.056400000000000006,456774636701154.562500
-0.07437999999999995,0.022000000000000002,0.05,456774636701154.562500
-0.07436999999999999,0.0228,0.054,456774636701154.562500
-0.07435999999999998,0.0204,0.058,456774636701154.562500
-0.07434999999999997,0.0236,0.045200000000000004,456774636701154.562500
-0.07433999999999996,0.0228,0.053200000000000004,456774636701154.562500
-0.07432999999999995,0.0236,0.0436,456774636701154.562500
-0.07431999999999994,0.0228,0.054,456774636701154.562500
-0.07430999999999999,0.0212,0.0524,456774636701154.562500
-0.07429999999999998,0.0228,0.0572,456774636701154.562500
-0.07428999999999997,0.0244,0.056400000000000006,456774636701154.562500
-0.07427999999999996,0.0244,0.058,456774636701154.562500
-0.07426999999999995,0.0228,0.054,456774636701154.562500
-0.07425999999999999,0.0244,0.0572,456774636701154.562500
-0.07424999999999998,0.0228,0.056400000000000006,456774636701154.562500
-0.07423999999999997,0.0244,0.0516,456774636701154.562500
-0.07422999999999996,0.027600000000000003,0.058800000000000005,456774636701154.562500
-0.07421999999999995,0.0212,0.055600000000000004,456774636701154.562500
-0.07420999999999994,0.0244,0.0524,456774636701154.562500
-0.07419999999999999,0.0196,0.0572,456774636701154.562500
-0.07418999999999998,0.0236,0.05,456774636701154.562500
-0.07417999999999997,0.0228,0.055600000000000004,456774636701154.562500
-0.07416999999999996,0.0236,0.054,456774636701154.562500
-0.07415999999999995,0.014,0.054,456774636701154.562500
-0.07414999999999994,0.0244,0.05,456774636701154.562500
-0.07413999999999998,0.0196,0.0516,456774636701154.562500
-0.07412999999999997,0.0212,0.056400000000000006,456774636701154.562500
-0.07411999999999996,0.0212,0.050800000000000005,456774636701154.562500
-0.07410999999999995,0.0236,0.056400000000000006,456774636701154.562500
-0.07409999999999994,0.0228,0.0548,456774636701154.562500
-0.07408999999999999,0.0212,0.0548,456774636701154.562500
-0.07407999999999998,0.0196,0.054,456774636701154.562500
-0.07406999999999997,0.022000000000000002,0.0572,456774636701154.562500
-0.07405999999999996,0.0212,0.055600000000000004,456774636701154.562500
-0.07404999999999995,0.0196,0.054,456774636701154.562500
-0.07403999999999994,0.0212,0.056400000000000006,456774636701154.562500
-0.07402999999999998,0.022000000000000002,0.055600000000000004,456774636701154.562500
-0.07401999999999997,0.022000000000000002,0.056400000000000006,456774636701154.562500
-0.07400999999999996,0.0204,0.056400000000000006,456774636701154.562500
-0.07399999999999995,0.0204,0.0572,456774636701154.562500
-0.07398999999999994,0.0204,0.055600000000000004,456774636701154.562500
-0.07397999999999999,0.0252,0.0572,456774636701154.562500
-0.07396999999999998,0.0244,0.055600000000000004,456774636701154.562500
-0.07395999999999997,0.0196,0.0524,456774636701154.562500
-0.07394999999999996,0.0244,0.055600000000000004,456774636701154.562500
-0.07393999999999995,0.022000000000000002,0.0468,456774636701154.562500
-0.07392999999999994,0.0236,0.054,456774636701154.562500
-0.07391999999999999,0.0204,0.053200000000000004,456774636701154.562500
-0.07390999999999998,0.022000000000000002,0.056400000000000006,456774636701154.562500
-0.07389999999999997,0.022000000000000002,0.055600000000000004,456774636701154.562500
-0.07388999999999996,0.0188,0.058,456774636701154.562500
-0.07387999999999995,0.022000000000000002,0.0572,456774636701154.562500
-0.07386999999999999,0.0228,0.056400000000000006,456774636701154.562500
-0.07385999999999998,0.0212,0.053200000000000004,456774636701154.562500
-0.07384999999999997,0.0244,0.055600000000000004,456774636701154.562500
-0.07383999999999996,0.0212,0.0492,456774636701154.562500
-0.07382999999999995,0.0228,0.050800000000000005,456774636701154.562500
-0.07381999999999994,0.0228,0.0476,456774636701154.562500
-0.07380999999999999,0.018000000000000002,0.055600000000000004,456774636701154.562500
-0.07379999999999998,0.022000000000000002,0.053200000000000004,456774636701154.562500
-0.07378999999999997,0.0228,0.055600000000000004,456774636701154.562500
-0.07377999999999996,0.022000000000000002,0.054,456774636701154.562500
-0.07376999999999995,0.0196,0.056400000000000006,456774636701154.562500
-0.07375999999999999,0.0204,0.045200000000000004,456774636701154.562500
-0.07374999999999998,0.0236,0.056400000000000006,456774636701154.562500
-0.07373999999999997,0.0212,0.0548,456774636701154.562500
-0.07372999999999996,0.0212,0.058,456774636701154.562500
-0.07371999999999995,0.022000000000000002,0.0572,456774636701154.562500
-0.07370999999999994,0.0196,0.056400000000000006,456774636701154.562500
-0.07369999999999999,0.0204,0.055600000000000004,456774636701154.562500
-0.07368999999999998,0.022000000000000002,0.045200000000000004,456774636701154.562500
-0.07367999999999997,0.0228,0.056400000000000006,456774636701154.562500
-0.07366999999999996,0.0236,0.0524,456774636701154.562500
-0.07365999999999995,0.022000000000000002,0.056400000000000006,456774636701154.562500
-0.07364999999999994,0.022000000000000002,0.0524,456774636701154.562500
-0.07363999999999998,0.0204,0.056400000000000006,456774636701154.562500
-0.07362999999999997,0.0228,0.053200000000000004,456774636701154.562500
-0.07361999999999996,0.0212,0.056400000000000006,456774636701154.562500
-0.07360999999999995,0.0236,0.055600000000000004,456774636701154.562500
-0.07359999999999994,0.018000000000000002,0.050800000000000005,456774636701154.562500
-0.07358999999999999,0.0236,0.0524,456774636701154.562500
-0.07357999999999998,0.0236,0.055600000000000004,456774636701154.562500
-0.07356999999999997,0.0236,0.0548,456774636701154.562500
-0.07355999999999996,0.0228,0.058,456774636701154.562500
-0.07354999999999995,0.0204,0.054,456774636701154.562500
-0.07353999999999994,0.0212,0.05,456774636701154.562500
-0.07352999999999998,0.0228,0.058,456774636701154.562500
-0.07351999999999997,0.0236,0.050800000000000005,456774636701154.562500
-0.07350999999999996,0.0228,0.055600000000000004,456774636701154.562500
-0.07349999999999995,0.0212,0.056400000000000006,456774636701154.562500
-0.07348999999999994,0.0212,0.056400000000000006,456774636701154.562500
-0.07347999999999999,0.0196,0.0548,456774636701154.562500
-0.07346999999999998,0.0228,0.056400000000000006,456774636701154.562500
-0.07345999999999997,0.0212,0.055600000000000004,456774636701154.562500
-0.07344999999999996,0.0236,0.0572,456774636701154.562500
-0.07343999999999995,0.0204,0.058,456774636701154.562500
-0.07342999999999994,0.0212,0.0468,456774636701154.562500
-0.07341999999999999,0.0236,0.0572,456774636701154.562500
-0.07340999999999998,0.0212,0.0516,456774636701154.562500
-0.07339999999999997,0.022000000000000002,0.056400000000000006,456774636701154.562500
-0.07338999999999996,0.0196,0.055600000000000004,456774636701154.562500
-0.07337999999999995,0.022000000000000002,0.055600000000000004,456774636701154.562500
-0.07336999999999999,0.0196,0.055600000000000004,456774636701154.562500
-0.07335999999999998,0.0236,0.055600000000000004,456774636701154.562500
-0.07334999999999997,0.0204,0.0516,456774636701154.562500
-0.07333999999999996,0.0244,0.056400000000000006,456774636701154.562500
-0.07332999999999995,0.0244,0.056400000000000006,456774636701154.562500
-0.07331999999999994,0.0236,0.055600000000000004,456774636701154.562500
-0.07330999999999999,0.0252,0.0572,456774636701154.562500
-0.07329999999999998,0.0252,0.0524,456774636701154.562500
-0.07328999999999997,0.0252,0.0444,456774636701154.562500
-0.07327999999999996,0.0244,0.0444,456774636701154.562500
-0.07326999999999995,0.0236,0.053200000000000004,456774636701154.562500
-0.07325999999999999,0.0244,0.0572,456774636701154.562500
-0.07324999999999998,0.022000000000000002,0.0572,456774636701154.562500
-0.07323999999999997,0.0228,0.056400000000000006,456774636701154.562500
-0.07322999999999996,0.0228,0.056400000000000006,456774636701154.562500
-0.07321999999999995,0.0236,0.055600000000000004,456774636701154.562500
-0.07320999999999994,0.0188,0.05,456774636701154.562500
-0.07319999999999999,0.022000000000000002,0.055600000000000004,456774636701154.562500
-0.07318999999999998,0.0212,0.054,456774636701154.562500
-0.07317999999999997,0.0228,0.055600000000000004,456774636701154.562500
-0.07316999999999996,0.022000000000000002,0.055600000000000004,456774636701154.562500
-0.07315999999999995,0.0196,0.056400000000000006,456774636701154.562500
-0.07314999999999999,0.0212,0.0476,456774636701154.562500
-0.07313999999999998,0.0188,0.056400000000000006,456774636701154.562500
-0.07312999999999997,0.0236,0.0492,456774636701154.562500
-0.07311999999999996,0.018000000000000002,0.0572,456774636701154.562500
-0.07310999999999995,0.0228,0.055600000000000004,456774636701154.562500
-0.07309999999999994,0.0212,0.0548,456774636701154.562500
-0.07308999999999999,0.022000000000000002,0.054,456774636701154.562500
-0.07307999999999998,0.0236,0.056400000000000006,456774636701154.562500
-0.07306999999999997,0.0204,0.054,456774636701154.562500
-0.07305999999999996,0.022000000000000002,0.058,456774636701154.562500
-0.07304999999999995,0.022000000000000002,0.056400000000000006,456774636701154.562500
-0.07303999999999994,0.0236,0.0524,456774636701154.562500
-0.07302999999999998,0.0204,0.0548,456774636701154.562500
-0.07301999999999997,0.0244,0.056400000000000006,456774636701154.562500
-0.07300999999999996,0.022000000000000002,0.0516,456774636701154.562500
-0.07299999999999995,0.0236,0.0516,456774636701154.562500
-0.07298999999999994,0.0212,0.042800000000000005,456774636701154.562500
-0.07297999999999999,0.0212,0.0572,456774636701154.562500
-0.07296999999999998,0.0228,0.0572,456774636701154.562500
-0.07295999999999997,0.0252,0.0476,456774636701154.562500
-0.07294999999999996,0.022000000000000002,0.0524,456774636701154.562500
-0.07293999999999995,0.0236,0.045200000000000004,456774636701154.562500
-0.07292999999999994,0.022000000000000002,0.054,456774636701154.562500
-0.07291999999999998,0.0204,0.046,456774636701154.562500
-0.07290999999999997,0.015600000000000001,0.054,456774636701154.562500
-0.07289999999999996,0.0196,0.056400000000000006,456774636701154.562500
-0.07288999999999995,0.0204,0.058,456774636701154.562500
-0.07287999999999994,0.0204,0.056400000000000006,456774636701154.562500
-0.07286999999999999,0.0188,0.0572,456774636701154.562500
-0.07285999999999998,0.022000000000000002,0.055600000000000004,456774636701154.562500
-0.07284999999999997,0.0212,0.0524,456774636701154.562500
-0.07283999999999996,0.0236,0.056400000000000006,456774636701154.562500
-0.07282999999999995,0.0212,0.0476,456774636701154.562500
-0.07281999999999994,0.022000000000000002,0.058,456774636701154.562500
-0.07280999999999999,0.022000000000000002,0.05,456774636701154.562500
-0.07279999999999998,0.0204,0.0572,456774636701154.562500
-0.07278999999999997,0.0228,0.048400000000000006,456774636701154.562500
-0.07277999999999996,0.0236,0.0548,456774636701154.562500
-0.07276999999999995,0.0244,0.045200000000000004,456774636701154.562500
-0.07275999999999999,0.0244,0.0516,456774636701154.562500
-0.07274999999999998,0.022000000000000002,0.055600000000000004,456774636701154.562500
-0.07273999999999997,0.0228,0.055600000000000004,456774636701154.562500
-0.07272999999999996,0.0236,0.0572,456774636701154.562500
-0.07271999999999995,0.022000000000000002,0.055600000000000004,456774636701154.562500
-0.07270999999999994,0.022000000000000002,0.0548,456774636701154.562500
-0.07269999999999999,0.0236,0.058,456774636701154.562500
-0.07268999999999998,0.0236,0.055600000000000004,456774636701154.562500
-0.07267999999999997,0.0236,0.058,456774636701154.562500
-0.07266999999999996,0.0228,0.0516,456774636701154.562500
-0.07265999999999995,0.022000000000000002,0.055600000000000004,456774636701154.562500
-0.07264999999999999,0.0252,0.0572,456774636701154.562500
-0.07263999999999998,0.0236,0.053200000000000004,456774636701154.562500
-0.07262999999999997,0.0244,0.056400000000000006,456774636701154.562500
-0.07261999999999996,0.0204,0.0524,456774636701154.562500
-0.07260999999999995,0.022000000000000002,0.056400000000000006,456774636701154.562500
-0.07259999999999994,0.0212,0.048400000000000006,456774636701154.562500
-0.07258999999999999,0.0228,0.0524,456774636701154.562500
-0.07257999999999998,0.0204,0.0572,456774636701154.562500
-0.07256999999999997,0.0196,0.0572,456774636701154.562500
-0.07255999999999996,0.0212,0.0572,456774636701154.562500
-0.07254999999999995,0.0212,0.0516,456774636701154.562500
-0.07253999999999994,0.0228,0.058,456774636701154.562500
-0.07252999999999998,0.0204,0.055600000000000004,456774636701154.562500
-0.07251999999999997,0.0212,0.0572,456774636701154.562500
-0.07250999999999996,0.0196,0.054,456774636701154.562500
-0.07249999999999995,0.022000000000000002,0.0572,456774636701154.562500
-0.07248999999999994,0.022000000000000002,0.056400000000000006,456774636701154.562500
-0.07247999999999999,0.022000000000000002,0.050800000000000005,456774636701154.562500
-0.07246999999999998,0.0212,0.056400000000000006,456774636701154.562500
-0.07245999999999997,0.0228,0.0516,456774636701154.562500
-0.07244999999999996,0.0204,0.0572,456774636701154.562500
-0.07243999999999995,0.022000000000000002,0.053200000000000004,456774636701154.562500
-0.07242999999999994,0.022000000000000002,0.0516,456774636701154.562500
-0.07241999999999998,0.0236,0.055600000000000004,456774636701154.562500
-0.07240999999999997,0.0244,0.0444,456774636701154.562500
-0.07239999999999996,0.0244,0.055600000000000004,456774636701154.562500
-0.07238999999999995,0.0244,0.053200000000000004,456774636701154.562500
-0.07237999999999994,0.0244,0.0572,456774636701154.562500
-0.07236999999999999,0.0204,0.055600000000000004,456774636701154.562500
-0.07235999999999998,0.0252,0.0572,456774636701154.562500
-0.07234999999999997,0.018000000000000002,0.055600000000000004,456774636701154.562500
-0.07233999999999996,0.0212,0.055600000000000004,456774636701154.562500
-0.07232999999999995,0.0196,0.058,456774636701154.562500
-0.07231999999999994,0.0236,0.0548,456774636701154.562500
-0.07230999999999999,0.0204,0.0572,456774636701154.562500
-0.07229999999999998,0.0228,0.0548,456774636701154.562500
-0.07228999999999997,0.022000000000000002,0.056400000000000006,456774636701154.562500
-0.07227999999999996,0.0228,0.050800000000000005,456774636701154.562500
-0.07226999999999995,0.022000000000000002,0.055600000000000004,456774636701154.562500
-0.07225999999999999,0.0204,0.058,456774636701154.562500
-0.07224999999999998,0.0236,0.054,456774636701154.562500
-0.07223999999999997,0.022000000000000002,0.056400000000000006,456774636701154.562500
-0.07222999999999996,0.0196,0.05,456774636701154.562500
-0.07221999999999995,0.0212,0.0572,456774636701154.562500
-0.07220999999999994,0.0196,0.0548,456774636701154.562500
-0.07219999999999999,0.0212,0.048400000000000006,456774636701154.562500
-0.07218999999999998,0.0196,0.054,456774636701154.562500
-0.07217999999999997,0.0228,0.0476,456774636701154.562500
-0.07216999999999996,0.0228,0.056400000000000006,456774636701154.562500
-0.07215999999999995,0.0244,0.055600000000000004,456774636701154.562500
-0.07214999999999999,0.0236,0.055600000000000004,456774636701154.562500
-0.07213999999999998,0.0236,0.0468,456774636701154.562500
-0.07212999999999997,0.0228,0.058800000000000005,456774636701154.562500
-0.07211999999999996,0.0212,0.056400000000000006,456774636701154.562500
-0.07210999999999995,0.0252,0.0548,456774636701154.562500
-0.07209999999999994,0.0228,0.054,456774636701154.562500
-0.07208999999999999,0.0252,0.056400000000000006,456774636701154.562500
-0.07207999999999998,0.0228,0.0476,456774636701154.562500
-0.07206999999999997,0.0236,0.055600000000000004,456774636701154.562500
-0.07205999999999996,0.0228,0.050800000000000005,456774636701154.562500
-0.07204999999999995,0.0188,0.0524,456774636701154.562500
-0.07203999999999994,0.0236,0.054,456774636701154.562500
-0.07202999999999998,0.0188,0.056400000000000006,456774636701154.562500
-0.07201999999999997,0.022000000000000002,0.058,456774636701154.562500
-0.07200999999999996,0.022000000000000002,0.0572,456774636701154.562500
-0.07199999999999995,0.0244,0.055600000000000004,456774636701154.562500
-0.07198999999999994,0.022000000000000002,0.0516,456774636701154.562500
-0.07197999999999999,0.0212,0.055600000000000004,456774636701154.562500
-0.07196999999999998,0.022000000000000002,0.055600000000000004,456774636701154.562500
-0.07195999999999997,0.0236,0.0548,456774636701154.562500
-0.07194999999999996,0.0212,0.058,456774636701154.562500
-0.07193999999999995,0.022000000000000002,0.0548,456774636701154.562500
-0.07192999999999994,0.0196,0.054,456774636701154.562500
-0.07191999999999998,0.0196,0.0468,456774636701154.562500
-0.07190999999999997,0.0212,0.0444,456774636701154.562500
-0.07189999999999996,0.0212,0.0524,456774636701154.562500
-0.07188999999999995,0.0172,0.0492,456774636701154.562500
-0.07187999999999994,0.0228,0.056400000000000006,456774636701154.562500
-0.07186999999999999,0.0204,0.053200000000000004,456774636701154.562500
-0.07185999999999998,0.0252,0.0572,456774636701154.562500
-0.07184999999999997,0.0236,0.0516,456774636701154.562500
-0.07183999999999996,0.0244,0.054,456774636701154.562500
-0.07182999999999995,0.015600000000000001,0.056400000000000006,456774636701154.562500
-0.07181999999999994,0.0244,0.048400000000000006,456774636701154.562500
-0.07180999999999998,0.0236,0.050800000000000005,456774636701154.562500
-0.07179999999999997,0.0228,0.0516,456774636701154.562500
-0.07178999999999996,0.0252,0.050800000000000005,456774636701154.562500
-0.07177999999999995,0.0164,0.054,456774636701154.562500
-0.07176999999999994,0.022000000000000002,0.0548,456774636701154.562500
-0.07175999999999999,0.0228,0.054,456774636701154.562500
-0.07174999999999998,0.0228,0.0572,456774636701154.562500
-0.07173999999999997,0.0236,0.058,456774636701154.562500
-0.07172999999999996,0.022000000000000002,0.055600000000000004,456774636701154.562500
-0.07171999999999995,0.0236,0.056400000000000006,456774636701154.562500
-0.07170999999999994,0.0188,0.0492,456774636701154.562500
-0.07169999999999999,0.0228,0.055600000000000004,456774636701154.562500
-0.07168999999999998,0.022000000000000002,0.055600000000000004,456774636701154.562500
-0.07167999999999997,0.0204,0.0572,456774636701154.562500
-0.07166999999999996,0.022000000000000002,0.058,456774636701154.562500
-0.07165999999999995,0.0188,0.0548,456774636701154.562500
-0.07164999999999999,0.0188,0.0572,456774636701154.562500
-0.07163999999999998,0.0196,0.0548,456774636701154.562500
-0.07162999999999997,0.0204,0.058,456774636701154.562500
-0.07161999999999996,0.0204,0.054,456774636701154.562500
-0.07160999999999995,0.0212,0.0572,456774636701154.562500
-0.07159999999999994,0.0172,0.053200000000000004,456774636701154.562500
-0.07158999999999999,0.0236,0.055600000000000004,456774636701154.562500
-0.07157999999999998,0.0204,0.054,456774636701154.562500
-0.07156999999999997,0.0236,0.056400000000000006,456774636701154.562500
-0.07155999999999996,0.0196,0.055600000000000004,456774636701154.562500
-0.07154999999999995,0.0188,0.054,456774636701154.562500
-0.07153999999999999,0.022000000000000002,0.0572,456774636701154.562500
-0.07152999999999998,0.0212,0.056400000000000006,456774636701154.562500
-0.07151999999999997,0.022000000000000002,0.0572,456774636701154.562500
-0.07150999999999996,0.0236,0.054,456774636701154.562500
-0.07149999999999995,0.0212,0.0572,456774636701154.562500
-0.07148999999999994,0.0236,0.058,456774636701154.562500
-0.07147999999999999,0.0228,0.058,456774636701154.562500
-0.07146999999999998,0.026000000000000002,0.0572,456774636701154.562500
-0.07145999999999997,0.0236,0.058,456774636701154.562500
-0.07144999999999996,0.0236,0.056400000000000006,456774636701154.562500
-0.07143999999999995,0.0228,0.0572,456774636701154.562500
-0.07142999999999994,0.0236,0.0492,456774636701154.562500
-0.07141999999999998,0.0212,0.055600000000000004,456774636701154.562500
-0.07140999999999997,0.0188,0.0572,456774636701154.562500
-0.07139999999999996,0.022000000000000002,0.0524,456774636701154.562500
-0.07138999999999995,0.0212,0.0572,456774636701154.562500
-0.07137999999999994,0.0212,0.0548,456774636701154.562500
-0.07136999999999999,0.0212,0.0572,456774636701154.562500
-0.07135999999999998,0.0236,0.055600000000000004,456774636701154.562500
-0.07134999999999997,0.0204,0.0572,456774636701154.562500
-0.07133999999999996,0.0164,0.045200000000000004,456774636701154.562500
-0.07132999999999995,0.0204,0.053200000000000004,456774636701154.562500
-0.07131999999999994,0.0172,0.0468,456774636701154.562500
-0.07130999999999998,0.022000000000000002,0.056400000000000006,456774636701154.562500
-0.07129999999999997,0.0236,0.045200000000000004,456774636701154.562500
-0.07128999999999996,0.022000000000000002,0.0572,456774636701154.562500
-0.07127999999999995,0.0228,0.05,456774636701154.562500
-0.07126999999999994,0.0188,0.056400000000000006,456774636701154.562500
-0.07125999999999999,0.0228,0.050800000000000005,456774636701154.562500
-0.07124999999999998,0.0228,0.0524,456774636701154.562500
-0.07123999999999997,0.0244,0.056400000000000006,456774636701154.562500
-0.07122999999999996,0.0212,0.05,456774636701154.562500
-0.07121999999999995,0.0244,0.058,456774636701154.562500
-0.07120999999999994,0.0244,0.0548,456774636701154.562500
-0.07119999999999999,0.0252,0.054,456774636701154.562500
-0.07118999999999998,0.0236,0.053200000000000004,456774636701154.562500
-0.07117999999999997,0.0228,0.056400000000000006,456774636701154.562500
-0.07116999999999996,0.0236,0.056400000000000006,456774636701154.562500
-0.07115999999999995,0.022000000000000002,0.0436,456774636701154.562500
-0.07114999999999999,0.022000000000000002,0.0572,456774636701154.562500
-0.07113999999999998,0.022000000000000002,0.0516,456774636701154.562500
-0.07112999999999997,0.0204,0.0548,456774636701154.562500
-0.07111999999999996,0.0244,0.0516,456774636701154.562500
-0.07110999999999995,0.0236,0.0572,456774636701154.562500
-0.07109999999999994,0.022000000000000002,0.0548,456774636701154.562500
-0.07108999999999999,0.022000000000000002,0.055600000000000004,456774636701154.562500
-0.07107999999999998,0.0228,0.05,456774636701154.562500
-0.07106999999999997,0.022000000000000002,0.053200000000000004,456774636701154.562500
-0.07105999999999996,0.022000000000000002,0.055600000000000004,456774636701154.562500
-0.07104999999999995,0.0204,0.0548,456774636701154.562500
-0.07103999999999999,0.0204,0.0548,456774636701154.562500
-0.07102999999999998,0.022000000000000002,0.0572,456774636701154.562500
-0.07101999999999997,0.022000000000000002,0.0548,456774636701154.562500
-0.07100999999999996,0.022000000000000002,0.0548,456774636701154.562500
-0.07099999999999995,0.0228,0.056400000000000006,456774636701154.562500
-0.07098999999999994,0.022000000000000002,0.046,456774636701154.562500
-0.07097999999999999,0.022000000000000002,0.056400000000000006,456774636701154.562500
-0.07096999999999998,0.022000000000000002,0.058,456774636701154.562500
-0.07095999999999997,0.022000000000000002,0.0492,456774636701154.562500
-0.07094999999999996,0.0228,0.058,456774636701154.562500
-0.07093999999999995,0.0228,0.0492,456774636701154.562500
-0.07092999999999994,0.022000000000000002,0.05,456774636701154.562500
-0.07091999999999998,0.0236,0.056400000000000006,456774636701154.562500
-0.07090999999999997,0.0204,0.055600000000000004,456774636701154.562500
-0.07089999999999996,0.022000000000000002,0.0572,456774636701154.562500
-0.07088999999999995,0.0212,0.055600000000000004,456774636701154.562500
-0.07087999999999994,0.0252,0.0524,456774636701154.562500
-0.07086999999999999,0.0228,0.055600000000000004,456774636701154.562500
-0.07085999999999998,0.022000000000000002,0.054,456774636701154.562500
-0.07084999999999997,0.0252,0.0516,456774636701154.562500
-0.07083999999999996,0.0252,0.048400000000000006,456774636701154.562500
-0.07082999999999995,0.0236,0.05,456774636701154.562500
-0.07081999999999994,0.0244,0.0388,456774636701154.562500
-0.07080999999999998,0.022000000000000002,0.0492,456774636701154.562500
-0.07079999999999997,0.022000000000000002,0.050800000000000005,456774636701154.562500
-0.07078999999999996,0.0204,0.055600000000000004,456774636701154.562500
-0.07077999999999995,0.0212,0.056400000000000006,456774636701154.562500
-0.07076999999999994,0.0188,0.058,456774636701154.562500
-0.07075999999999999,0.022000000000000002,0.050800000000000005,456774636701154.562500
-0.07074999999999998,0.0188,0.054,456774636701154.562500
-0.07073999999999997,0.0228,0.055600000000000004,456774636701154.562500
-0.07072999999999996,0.0196,0.054,456774636701154.562500
-0.07071999999999995,0.022000000000000002,0.0572,456774636701154.562500
-0.07070999999999994,0.0204,0.050800000000000005,456774636701154.562500
-0.07069999999999999,0.0236,0.0572,456774636701154.562500
-0.07068999999999998,0.0228,0.05,456774636701154.562500
-0.07067999999999997,0.0204,0.056400000000000006,456774636701154.562500
-0.07066999999999996,0.0244,0.05,456774636701154.562500
-0.07065999999999995,0.0196,0.055600000000000004,456774636701154.562500
-0.07064999999999999,0.0236,0.056400000000000006,456774636701154.562500
-0.07063999999999998,0.022000000000000002,0.0572,456774636701154.562500
-0.07062999999999997,0.022000000000000002,0.0596,456774636701154.562500
-0.07061999999999996,0.0244,0.048400000000000006,456774636701154.562500
-0.07060999999999995,0.0236,0.0516,456774636701154.562500
-0.07059999999999994,0.0244,0.055600000000000004,456774636701154.562500
-0.07058999999999999,0.0212,0.0572,456774636701154.562500
-0.07057999999999998,0.0244,0.054,456774636701154.562500
-0.07056999999999997,0.0236,0.055600000000000004,456774636701154.562500
-0.07055999999999996,0.0228,0.0436,456774636701154.562500
-0.07054999999999995,0.022000000000000002,0.0572,456774636701154.562500
-0.07053999999999999,0.0228,0.055600000000000004,456774636701154.562500
-0.07052999999999998,0.022000000000000002,0.0524,456774636701154.562500
-0.07051999999999997,0.0244,0.056400000000000006,456774636701154.562500
-0.07050999999999996,0.0228,0.0572,456774636701154.562500
-0.07049999999999995,0.0236,0.055600000000000004,456774636701154.562500
-0.07048999999999994,0.022000000000000002,0.0524,456774636701154.562500
-0.07047999999999999,0.0212,0.055600000000000004,456774636701154.562500
-0.07046999999999998,0.0236,0.054,456774636701154.562500
-0.07045999999999997,0.022000000000000002,0.0572,456774636701154.562500
-0.07044999999999996,0.0228,0.055600000000000004,456774636701154.562500
-0.07043999999999995,0.022000000000000002,0.0492,456774636701154.562500
-0.07042999999999999,0.0204,0.0516,456774636701154.562500
-0.07041999999999998,0.0172,0.056400000000000006,456774636701154.562500
-0.07040999999999997,0.0204,0.058,456774636701154.562500
-0.07039999999999996,0.022000000000000002,0.055600000000000004,456774636701154.562500
-0.07038999999999995,0.0196,0.056400000000000006,456774636701154.562500
-0.07037999999999994,0.022000000000000002,0.05,456774636701154.562500
-0.07036999999999999,0.0228,0.056400000000000006,456774636701154.562500
-0.07035999999999998,0.022000000000000002,0.0516,456774636701154.562500
-0.07034999999999997,0.022000000000000002,0.055600000000000004,456774636701154.562500
-0.07033999999999996,0.0228,0.0572,456774636701154.562500
-0.07032999999999995,0.0236,0.050800000000000005,456774636701154.562500
-0.07031999999999994,0.0228,0.056400000000000006,456774636701154.562500
-0.07030999999999998,0.0244,0.0516,456774636701154.562500
-0.07029999999999997,0.0244,0.055600000000000004,456774636701154.562500
-0.07028999999999996,0.0236,0.0524,456774636701154.562500
-0.07027999999999995,0.0244,0.055600000000000004,456774636701154.562500
-0.07026999999999994,0.0236,0.0572,456774636701154.562500
-0.07025999999999999,0.0244,0.058,456774636701154.562500
-0.07024999999999998,0.022000000000000002,0.0572,456774636701154.562500
-0.07023999999999997,0.0236,0.054,456774636701154.562500
-0.07022999999999996,0.0236,0.054,456774636701154.562500
-0.07021999999999995,0.0236,0.038,456774636701154.562500
-0.07020999999999994,0.0212,0.0524,456774636701154.562500
-0.07019999999999998,0.0228,0.053200000000000004,456774636701154.562500
-0.07018999999999997,0.0204,0.056400000000000006,456774636701154.562500
-0.07017999999999996,0.0244,0.056400000000000006,456774636701154.562500
-0.07016999999999995,0.0228,0.058,456774636701154.562500
-0.07015999999999994,0.0212,0.0492,456774636701154.562500
-0.07014999999999999,0.018000000000000002,0.0572,456774636701154.562500
-0.07013999999999998,0.022000000000000002,0.0524,456774636701154.562500
-0.07012999999999997,0.0204,0.053200000000000004,456774636701154.562500
-0.07011999999999996,0.0204,0.0548,456774636701154.562500
-0.07010999999999995,0.022000000000000002,0.056400000000000006,456774636701154.562500
-0.07009999999999994,0.022000000000000002,0.046,456774636701154.562500
-0.07008999999999999,0.0188,0.058,456774636701154.562500
-0.07007999999999998,0.018000000000000002,0.0548,456774636701154.562500
-0.07006999999999997,0.018000000000000002,0.0548,456774636701154.562500
-0.07005999999999996,0.0212,0.0516,456774636701154.562500
-0.07004999999999995,0.022000000000000002,0.046,456774636701154.562500
-0.07003999999999999,0.0204,0.037200000000000004,456774636701154.562500
-0.07002999999999998,0.022000000000000002,0.050800000000000005,456774636701154.562500
-0.07001999999999997,0.0236,0.0548,456774636701154.562500
-0.07000999999999996,0.0236,0.054,456774636701154.562500
-0.06999999999999995,0.0244,0.048400000000000006,456774636701154.562500
-0.06998999999999994,0.0236,0.0548,456774636701154.562500
-0.06997999999999999,0.0244,0.046,456774636701154.562500
-0.06996999999999998,0.0196,0.054,456774636701154.562500
-0.06995999999999997,0.0212,0.0572,456774636701154.562500
-0.06994999999999996,0.026000000000000002,0.0524,456774636701154.562500
-0.06993999999999995,0.0228,0.056400000000000006,456774636701154.562500
-0.06992999999999999,0.026000000000000002,0.0468,456774636701154.562500
-0.06991999999999998,0.0228,0.054,456774636701154.562500
-0.06990999999999997,0.0236,0.055600000000000004,456774636701154.562500
-0.06989999999999996,0.0236,0.0516,456774636701154.562500
-0.06988999999999995,0.0228,0.054,456774636701154.562500
-0.06987999999999994,0.022000000000000002,0.0548,456774636701154.562500
-0.06986999999999999,0.018000000000000002,0.056400000000000006,456774636701154.562500
-0.06985999999999998,0.0228,0.0476,456774636701154.562500
-0.06984999999999997,0.0212,0.054,456774636701154.562500
-0.06983999999999996,0.0236,0.0548,456774636701154.562500
-0.06982999999999995,0.0212,0.048400000000000006,456774636701154.562500
-0.06981999999999994,0.0212,0.054,456774636701154.562500
-0.06980999999999998,0.0172,0.054,456774636701154.562500
-0.06979999999999997,0.022000000000000002,0.045200000000000004,456774636701154.562500
-0.06978999999999996,0.018000000000000002,0.0572,456774636701154.562500
-0.06977999999999995,0.0204,0.0516,456774636701154.562500
-0.06976999999999994,0.0212,0.055600000000000004,456774636701154.562500
-0.06975999999999999,0.0212,0.0548,456774636701154.562500
-0.06974999999999998,0.022000000000000002,0.0524,456774636701154.562500
-0.06973999999999997,0.0228,0.055600000000000004,456774636701154.562500
-0.06972999999999996,0.0228,0.058,456774636701154.562500
-0.06971999999999995,0.0228,0.0524,456774636701154.562500
-0.06970999999999994,0.0236,0.054,456774636701154.562500
-0.06969999999999998,0.0228,0.0548,456774636701154.562500
-0.06968999999999997,0.0236,0.053200000000000004,456774636701154.562500
-0.06967999999999996,0.0244,0.0572,456774636701154.562500
-0.06966999999999995,0.0252,0.053200000000000004,456774636701154.562500
-0.06965999999999994,0.0228,0.058,456774636701154.562500
-0.06964999999999999,0.022000000000000002,0.0596,456774636701154.562500
-0.06963999999999998,0.0196,0.0524,456774636701154.562500
-0.06962999999999997,0.0236,0.0516,456774636701154.562500
-0.06961999999999996,0.0228,0.054,456774636701154.562500
-0.06960999999999995,0.0244,0.053200000000000004,456774636701154.562500
-0.06959999999999994,0.0204,0.056400000000000006,456774636701154.562500
-0.06958999999999999,0.0228,0.056400000000000006,456774636701154.562500
-0.06957999999999998,0.0204,0.058,456774636701154.562500
-0.06956999999999997,0.022000000000000002,0.056400000000000006,456774636701154.562500
-0.06955999999999996,0.022000000000000002,0.054,456774636701154.562500
-0.06954999999999995,0.022000000000000002,0.058800000000000005,456774636701154.562500
-0.06953999999999999,0.0212,0.0516,456774636701154.562500
-0.06952999999999998,0.0212,0.0548,456774636701154.562500
-0.06951999999999997,0.0212,0.058,456774636701154.562500
-0.06950999999999996,0.0196,0.05,456774636701154.562500
-0.06949999999999995,0.0236,0.055600000000000004,456774636701154.562500
-0.06948999999999994,0.0172,0.0476,456774636701154.562500
-0.06947999999999999,0.022000000000000002,0.055600000000000004,456774636701154.562500
-0.06946999999999998,0.0212,0.054,456774636701154.562500
-0.06945999999999997,0.0236,0.0548,456774636701154.562500
-0.06944999999999996,0.0244,0.0572,456774636701154.562500
-0.06943999999999995,0.0228,0.054,456774636701154.562500
-0.06942999999999999,0.0228,0.058,456774636701154.562500
-0.06941999999999998,0.0228,0.0492,456774636701154.562500
-0.06940999999999997,0.0228,0.058,456774636701154.562500
-0.06939999999999996,0.0236,0.054,456774636701154.562500
-0.06938999999999995,0.0252,0.053200000000000004,456774636701154.562500
-0.06937999999999994,0.026000000000000002,0.056400000000000006,456774636701154.562500
-0.06936999999999999,0.022000000000000002,0.048400000000000006,456774636701154.562500
-0.06935999999999998,0.0244,0.055600000000000004,456774636701154.562500
-0.06934999999999997,0.022000000000000002,0.0444,456774636701154.562500
-0.06933999999999996,0.0236,0.0548,456774636701154.562500
-0.06932999999999995,0.0236,0.0524,456774636701154.562500
-0.06931999999999994,0.0228,0.0572,456774636701154.562500
-0.06930999999999998,0.0212,0.056400000000000006,456774636701154.562500
-0.06929999999999997,0.0212,0.0548,456774636701154.562500
-0.06928999999999996,0.0228,0.056400000000000006,456774636701154.562500
-0.06927999999999995,0.0228,0.056400000000000006,456774636701154.562500
-0.06926999999999994,0.022000000000000002,0.0548,456774636701154.562500
-0.06925999999999999,0.0212,0.053200000000000004,456774636701154.562500
-0.06924999999999998,0.022000000000000002,0.056400000000000006,456774636701154.562500
-0.06923999999999997,0.022000000000000002,0.0548,456774636701154.562500
-0.06922999999999996,0.022000000000000002,0.055600000000000004,456774636701154.562500
-0.06921999999999995,0.0212,0.055600000000000004,456774636701154.562500
-0.06920999999999994,0.022000000000000002,0.054,456774636701154.562500
-0.06919999999999998,0.0212,0.0524,456774636701154.562500
-0.06918999999999997,0.0228,0.0524,456774636701154.562500
-0.06917999999999996,0.0212,0.055600000000000004,456774636701154.562500
-0.06916999999999995,0.022000000000000002,0.0572,456774636701154.562500
-0.06915999999999994,0.0204,0.0572,456774636701154.562500
-0.06914999999999999,0.0212,0.0524,456774636701154.562500
-0.06913999999999998,0.0196,0.0548,456774636701154.562500
-0.06912999999999997,0.0244,0.048400000000000006,456774636701154.562500
-0.06911999999999996,0.0196,0.054,456774636701154.562500
-0.06910999999999995,0.0236,0.055600000000000004,456774636701154.562500
-0.06909999999999994,0.0228,0.055600000000000004,456774636701154.562500
-0.06908999999999998,0.0244,0.055600000000000004,456774636701154.562500
-0.06907999999999997,0.0244,0.0548,456774636701154.562500
-0.06906999999999996,0.0244,0.0516,456774636701154.562500
-0.06905999999999995,0.0244,0.0572,456774636701154.562500
-0.06904999999999994,0.0252,0.050800000000000005,456774636701154.562500
-0.06903999999999999,0.0252,0.055600000000000004,456774636701154.562500
-0.06902999999999998,0.0252,0.0436,456774636701154.562500
-0.06901999999999997,0.0212,0.0548,456774636701154.562500
-0.06900999999999996,0.0252,0.0492,456774636701154.562500
-0.06899999999999995,0.0228,0.0572,456774636701154.562500
-0.06898999999999994,0.0196,0.0524,456774636701154.562500
-0.06897999999999999,0.0204,0.0572,456774636701154.562500
-0.06896999999999998,0.0204,0.0492,456774636701154.562500
-0.06895999999999997,0.0228,0.053200000000000004,456774636701154.562500
-0.06894999999999996,0.0228,0.055600000000000004,456774636701154.562500
-0.06893999999999995,0.0228,0.0492,456774636701154.562500
-0.06892999999999999,0.0188,0.0572,456774636701154.562500
-0.06891999999999998,0.0212,0.046,456774636701154.562500
-0.06890999999999997,0.0204,0.058,456774636701154.562500
-0.06889999999999996,0.022000000000000002,0.05,456774636701154.562500
-0.06888999999999995,0.0172,0.055600000000000004,456774636701154.562500
-0.06887999999999994,0.0204,0.050800000000000005,456774636701154.562500
-0.06886999999999999,0.0172,0.054,456774636701154.562500
-0.06885999999999998,0.022000000000000002,0.050800000000000005,456774636701154.562500
-0.06884999999999997,0.0196,0.0524,456774636701154.562500
-0.06883999999999996,0.0204,0.055600000000000004,456774636701154.562500
-0.06882999999999995,0.0204,0.050800000000000005,456774636701154.562500
-0.06881999999999999,0.0236,0.056400000000000006,456774636701154.562500
-0.06880999999999998,0.022000000000000002,0.0524,456774636701154.562500
-0.06879999999999997,0.022000000000000002,0.0548,456774636701154.562500
-0.06878999999999996,0.0236,0.0468,456774636701154.562500
-0.06877999999999995,0.0236,0.053200000000000004,456774636701154.562500
-0.06876999999999994,0.022000000000000002,0.050800000000000005,456774636701154.562500
-0.06875999999999999,0.0228,0.0524,456774636701154.562500
-0.06874999999999998,0.0236,0.040400000000000005,456774636701154.562500
-0.06873999999999997,0.022000000000000002,0.054,456774636701154.562500
-0.06872999999999996,0.0244,0.0468,456774636701154.562500
-0.06871999999999995,0.026000000000000002,0.0516,456774636701154.562500
-0.06870999999999994,0.0252,0.048400000000000006,456774636701154.562500
-0.06869999999999998,0.022000000000000002,0.056400000000000006,456774636701154.562500
-0.06868999999999997,0.022000000000000002,0.056400000000000006,456774636701154.562500
-0.06867999999999996,0.0236,0.055600000000000004,456774636701154.562500
-0.06866999999999995,0.0196,0.056400000000000006,456774636701154.562500
-0.06865999999999994,0.022000000000000002,0.0572,456774636701154.562500
-0.06864999999999999,0.0164,0.0572,456774636701154.562500
-0.06863999999999998,0.0228,0.055600000000000004,456774636701154.562500
-0.06862999999999997,0.0196,0.0572,456774636701154.562500
-0.06861999999999996,0.022000000000000002,0.0572,456774636701154.562500
-0.06860999999999995,0.022000000000000002,0.053200000000000004,456774636701154.562500
-0.06859999999999994,0.022000000000000002,0.058,456774636701154.562500
-0.06858999999999998,0.0196,0.0492,456774636701154.562500
-0.06857999999999997,0.0212,0.0548,456774636701154.562500
-0.06856999999999996,0.0236,0.0548,456774636701154.562500
-0.06855999999999995,0.022000000000000002,0.05,456774636701154.562500
-0.06854999999999994,0.0236,0.0572,456774636701154.562500
-0.06853999999999999,0.0172,0.0524,456774636701154.562500
-0.06852999999999998,0.022000000000000002,0.0516,456774636701154.562500
-0.06851999999999997,0.022000000000000002,0.0572,456774636701154.562500
-0.06850999999999996,0.022000000000000002,0.056400000000000006,456774636701154.562500
-0.06849999999999995,0.022000000000000002,0.058,456774636701154.562500
-0.06848999999999994,0.0236,0.054,456774636701154.562500
-0.06847999999999999,0.0228,0.055600000000000004,456774636701154.562500
-0.06846999999999998,0.0236,0.0516,456774636701154.562500
-0.06845999999999997,0.0228,0.055600000000000004,456774636701154.562500
-0.06844999999999996,0.0252,0.0572,456774636701154.562500
-0.06843999999999995,0.0252,0.0572,456774636701154.562500
-0.06842999999999999,0.0252,0.0572,456774636701154.562500
-0.06841999999999998,0.0228,0.056400000000000006,456774636701154.562500
-0.06840999999999997,0.022000000000000002,0.055600000000000004,456774636701154.562500
-0.06839999999999996,0.0244,0.0572,456774636701154.562500
-0.06838999999999995,0.022000000000000002,0.056400000000000006,456774636701154.562500
-0.06837999999999994,0.0236,0.056400000000000006,456774636701154.562500
-0.06836999999999999,0.0204,0.05,456774636701154.562500
-0.06835999999999998,0.0188,0.0548,456774636701154.562500
-0.06834999999999997,0.0204,0.050800000000000005,456774636701154.562500
-0.06833999999999996,0.022000000000000002,0.056400000000000006,456774636701154.562500
-0.06832999999999995,0.0228,0.0516,456774636701154.562500
-0.06831999999999999,0.0228,0.058,456774636701154.562500
-0.06830999999999998,0.0212,0.0548,456774636701154.562500
-0.06829999999999997,0.022000000000000002,0.055600000000000004,456774636701154.562500
-0.06828999999999996,0.0228,0.058,456774636701154.562500
-0.06827999999999995,0.0228,0.0572,456774636701154.562500
-0.06826999999999994,0.0204,0.058,456774636701154.562500
-0.06825999999999999,0.022000000000000002,0.054,456774636701154.562500
-0.06824999999999998,0.0212,0.0572,456774636701154.562500
-0.06823999999999997,0.0204,0.0548,456774636701154.562500
-0.06822999999999996,0.022000000000000002,0.058800000000000005,456774636701154.562500
-0.06821999999999995,0.0188,0.055600000000000004,456774636701154.562500
-0.06820999999999994,0.022000000000000002,0.045200000000000004,456774636701154.562500
-0.06819999999999998,0.018000000000000002,0.0548,456774636701154.562500
-0.06818999999999997,0.0252,0.048400000000000006,456774636701154.562500
-0.06817999999999996,0.0204,0.056400000000000006,456774636701154.562500
-0.06816999999999995,0.0228,0.0524,456774636701154.562500
-0.06815999999999994,0.022000000000000002,0.056400000000000006,456774636701154.562500
-0.06814999999999999,0.022000000000000002,0.055600000000000004,456774636701154.562500
-0.06813999999999998,0.0252,0.0572,456774636701154.562500
-0.06812999999999997,0.0244,0.0548,456774636701154.562500
-0.06811999999999996,0.0252,0.054,456774636701154.562500
-0.06810999999999995,0.0228,0.0572,456774636701154.562500
-0.06809999999999994,0.0244,0.0548,456774636701154.562500
-0.06808999999999998,0.0236,0.055600000000000004,456774636701154.562500
-0.06807999999999997,0.0196,0.054,456774636701154.562500
-0.06806999999999996,0.0236,0.055600000000000004,456774636701154.562500
-0.06805999999999995,0.0212,0.0572,456774636701154.562500
-0.06804999999999994,0.0236,0.058,456774636701154.562500
-0.06803999999999999,0.0212,0.0572,456774636701154.562500
-0.06802999999999998,0.022000000000000002,0.0572,456774636701154.562500
-0.06801999999999997,0.0172,0.050800000000000005,456774636701154.562500
-0.06800999999999996,0.0236,0.058,456774636701154.562500
-0.06799999999999995,0.0212,0.050800000000000005,456774636701154.562500
-0.06798999999999994,0.022000000000000002,0.056400000000000006,456774636701154.562500
-0.06797999999999998,0.022000000000000002,0.0444,456774636701154.562500
-0.06796999999999997,0.0236,0.0572,456774636701154.562500
-0.06795999999999996,0.022000000000000002,0.0492,456774636701154.562500
-0.06794999999999995,0.018000000000000002,0.053200000000000004,456774636701154.562500
-0.06793999999999994,0.0204,0.0436,456774636701154.562500
-0.06792999999999999,0.0164,0.0356,456774636701154.562500
-0.06791999999999998,0.0196,0.0516,456774636701154.562500
-0.06790999999999997,0.0164,0.048400000000000006,456774636701154.562500
-0.06789999999999996,0.0228,0.055600000000000004,456774636701154.562500
-0.06788999999999995,0.0228,0.058,456774636701154.562500
-0.06787999999999994,0.0244,0.053200000000000004,456774636701154.562500
-0.06786999999999999,0.0236,0.058,456774636701154.562500
-0.06785999999999998,0.0252,0.0412,456774636701154.562500
-0.06784999999999997,0.0196,0.058,456774636701154.562500
-0.06783999999999996,0.0212,0.0524,456774636701154.562500
-0.06782999999999995,0.0236,0.050800000000000005,456774636701154.562500
-0.06781999999999999,0.0236,0.0572,456774636701154.562500
-0.06780999999999998,0.0252,0.0436,456774636701154.562500
-0.06779999999999997,0.018000000000000002,0.0516,456774636701154.562500
-0.06778999999999996,0.0228,0.0548,456774636701154.562500
-0.06777999999999995,0.018000000000000002,0.055600000000000004,456774636701154.562500
-0.06776999999999994,0.022000000000000002,0.05,456774636701154.562500
-0.06775999999999999,0.022000000000000002,0.055600000000000004,456774636701154.562500
-0.06774999999999998,0.0236,0.0444,456774636701154.562500
-0.06773999999999997,0.0228,0.0572,456774636701154.562500
-0.06772999999999996,0.022000000000000002,0.058,456774636701154.562500
-0.06771999999999995,0.022000000000000002,0.056400000000000006,456774636701154.562500
-0.06770999999999994,0.018000000000000002,0.0548,456774636701154.562500
-0.06769999999999998,0.0228,0.0572,456774636701154.562500
-0.06768999999999997,0.0204,0.0476,456774636701154.562500
-0.06767999999999996,0.0228,0.055600000000000004,456774636701154.562500
-0.06766999999999995,0.022000000000000002,0.0444,456774636701154.562500
-0.06765999999999994,0.0164,0.0572,456774636701154.562500
-0.06764999999999999,0.022000000000000002,0.054,456774636701154.562500
-0.06763999999999998,0.022000000000000002,0.058800000000000005,456774636701154.562500
-0.06762999999999997,0.0236,0.0516,456774636701154.562500
-0.06761999999999996,0.0228,0.058,456774636701154.562500
-0.06760999999999995,0.0236,0.056400000000000006,456774636701154.562500
-0.06759999999999994,0.0244,0.0516,456774636701154.562500
-0.06758999999999998,0.0236,0.054,456774636701154.562500
-0.06757999999999997,0.022000000000000002,0.056400000000000006,456774636701154.562500
-0.06756999999999996,0.0244,0.055600000000000004,456774636701154.562500
-0.06755999999999995,0.022000000000000002,0.05,456774636701154.562500
-0.06754999999999994,0.0236,0.056400000000000006,456774636701154.562500
-0.06753999999999999,0.0204,0.0548,456774636701154.562500
-0.06752999999999998,0.0244,0.055600000000000004,456774636701154.562500
-0.06751999999999997,0.0236,0.056400000000000006,456774636701154.562500
-0.06750999999999996,0.018000000000000002,0.05,456774636701154.562500
-0.06749999999999995,0.0252,0.054,456774636701154.562500
-0.06748999999999994,0.0212,0.0524,456774636701154.562500
-0.06747999999999998,0.022000000000000002,0.056400000000000006,456774636701154.562500
-0.06746999999999997,0.0236,0.045200000000000004,456774636701154.562500
-0.06745999999999996,0.0244,0.056400000000000006,456774636701154.562500
-0.06744999999999995,0.0228,0.0572,456774636701154.562500
-0.06743999999999994,0.0196,0.058,456774636701154.562500
-0.06742999999999999,0.0228,0.0572,456774636701154.562500
-0.06741999999999998,0.0228,0.058800000000000005,456774636701154.562500
-0.06740999999999997,0.0204,0.0548,456774636701154.562500
-0.06739999999999996,0.022000000000000002,0.058,456774636701154.562500
-0.06738999999999995,0.0228,0.054,456774636701154.562500
-0.06737999999999994,0.018000000000000002,0.056400000000000006,456774636701154.562500
-0.06736999999999999,0.0212,0.0524,456774636701154.562500
-0.06735999999999998,0.0212,0.054,456774636701154.562500
-0.06734999999999997,0.0204,0.050800000000000005,456774636701154.562500
-0.06733999999999996,0.022000000000000002,0.055600000000000004,456774636701154.562500
-0.06732999999999995,0.022000000000000002,0.053200000000000004,456774636701154.562500
-0.06731999999999999,0.0236,0.056400000000000006,456774636701154.562500
-0.06730999999999998,0.022000000000000002,0.054,456774636701154.562500
-0.06729999999999997,0.0236,0.0468,456774636701154.562500
-0.06728999999999996,0.0228,0.053200000000000004,456774636701154.562500
-0.06727999999999995,0.0212,0.058800000000000005,456774636701154.562500
-0.06726999999999994,0.0212,0.055600000000000004,456774636701154.562500
-0.06725999999999999,0.0204,0.0572,456774636701154.562500
-0.06724999999999998,0.0228,0.055600000000000004,456774636701154.562500
-0.06723999999999997,0.018000000000000002,0.0572,456774636701154.562500
-0.06722999999999996,0.0252,0.0548,456774636701154.562500
-0.06721999999999995,0.0204,0.055600000000000004,456774636701154.562500
-0.06720999999999999,0.0236,0.054,456774636701154.562500
-0.06719999999999998,0.0236,0.055600000000000004,456774636701154.562500
-0.06718999999999997,0.0228,0.0516,456774636701154.562500
-0.06717999999999996,0.0228,0.040400000000000005,456774636701154.562500
-0.06716999999999995,0.026000000000000002,0.056400000000000006,456774636701154.562500
-0.06715999999999994,0.0236,0.0468,456774636701154.562500
-0.06714999999999999,0.0244,0.055600000000000004,456774636701154.562500
-0.06713999999999998,0.0236,0.05,456774636701154.562500
-0.06712999999999997,0.0228,0.058,456774636701154.562500
-0.06711999999999996,0.0228,0.056400000000000006,456774636701154.562500
-0.06710999999999995,0.022000000000000002,0.056400000000000006,456774636701154.562500
-0.06709999999999994,0.0212,0.055600000000000004,456774636701154.562500
-0.06708999999999998,0.0212,0.055600000000000004,456774636701154.562500
-0.06707999999999997,0.0212,0.05,456774636701154.562500
-0.06706999999999996,0.0204,0.0524,456774636701154.562500
-0.06705999999999995,0.022000000000000002,0.0492,456774636701154.562500
-0.06704999999999994,0.022000000000000002,0.0572,456774636701154.562500
-0.06703999999999999,0.022000000000000002,0.0492,456774636701154.562500
-0.06702999999999998,0.0228,0.050800000000000005,456774636701154.562500
-0.06701999999999997,0.0228,0.055600000000000004,456774636701154.562500
-0.06700999999999996,0.0212,0.0516,456774636701154.562500
-0.06699999999999995,0.0228,0.058,456774636701154.562500
-0.06698999999999994,0.0172,0.0516,456774636701154.562500
-0.06697999999999998,0.022000000000000002,0.058,456774636701154.562500
-0.06696999999999997,0.0204,0.0492,456774636701154.562500
-0.06695999999999996,0.0236,0.0516,456774636701154.562500
-0.06694999999999995,0.0196,0.0548,456774636701154.562500
-0.06693999999999994,0.0244,0.054,456774636701154.562500
-0.06692999999999999,0.0236,0.055600000000000004,456774636701154.562500
-0.06691999999999998,0.0252,0.058,456774636701154.562500
-0.06690999999999997,0.0204,0.056400000000000006,456774636701154.562500
-0.06689999999999996,0.0236,0.056400000000000006,456774636701154.562500
-0.06688999999999995,0.0196,0.054,456774636701154.562500
-0.06687999999999994,0.022000000000000002,0.0572,456774636701154.562500
-0.06686999999999999,0.0228,0.053200000000000004,456774636701154.562500
-0.06685999999999998,0.0236,0.055600000000000004,456774636701154.562500
-0.06684999999999997,0.0244,0.0572,456774636701154.562500
-0.06683999999999996,0.0212,0.058,456774636701154.562500
-0.06682999999999995,0.022000000000000002,0.0572,456774636701154.562500
-0.06681999999999999,0.0244,0.056400000000000006,456774636701154.562500
-0.06680999999999998,0.022000000000000002,0.0572,456774636701154.562500
-0.06679999999999997,0.0236,0.055600000000000004,456774636701154.562500
-0.06678999999999996,0.0212,0.0524,456774636701154.562500
-0.06677999999999995,0.022000000000000002,0.0572,456774636701154.562500
-0.06676999999999994,0.0196,0.0412,456774636701154.562500
-0.06675999999999999,0.0228,0.056400000000000006,456774636701154.562500
-0.06674999999999998,0.0212,0.056400000000000006,456774636701154.562500
-0.06673999999999997,0.0204,0.056400000000000006,456774636701154.562500
-0.06672999999999996,0.0204,0.055600000000000004,456774636701154.562500
-0.06671999999999995,0.0212,0.056400000000000006,456774636701154.562500
-0.06670999999999999,0.0212,0.0516,456774636701154.562500
-0.06669999999999998,0.0236,0.054,456774636701154.562500
-0.06668999999999997,0.0212,0.0444,456774636701154.562500
-0.06667999999999996,0.0196,0.055600000000000004,456774636701154.562500
-0.06666999999999995,0.0228,0.055600000000000004,456774636701154.562500
-0.06665999999999994,0.0236,0.0516,456774636701154.562500
-0.06664999999999999,0.0228,0.053200000000000004,456774636701154.562500
-0.06663999999999998,0.0244,0.053200000000000004,456774636701154.562500
-0.06662999999999997,0.0244,0.0572,456774636701154.562500
-0.06661999999999996,0.0252,0.0572,456774636701154.562500
-0.06660999999999995,0.0236,0.0548,456774636701154.562500
-0.06659999999999994,0.0252,0.056400000000000006,456774636701154.562500
-0.06658999999999998,0.0244,0.056400000000000006,456774636701154.562500
-0.06657999999999997,0.0236,0.0572,456774636701154.562500
-0.06656999999999996,0.022000000000000002,0.056400000000000006,456774636701154.562500
-0.06655999999999995,0.0236,0.056400000000000006,456774636701154.562500
-0.06654999999999994,0.0228,0.0516,456774636701154.562500
-0.06653999999999999,0.0228,0.058,456774636701154.562500
-0.06652999999999998,0.0236,0.055600000000000004,456774636701154.562500
-0.06651999999999997,0.022000000000000002,0.0492,456774636701154.562500
-0.06650999999999996,0.0236,0.055600000000000004,456774636701154.562500
-0.06649999999999995,0.0204,0.0516,456774636701154.562500
-0.06648999999999994,0.022000000000000002,0.054,456774636701154.562500
-0.06647999999999998,0.022000000000000002,0.0572,456774636701154.562500
-0.06646999999999997,0.022000000000000002,0.055600000000000004,456774636701154.562500
-0.06645999999999996,0.0204,0.046,456774636701154.562500
-0.06644999999999995,0.022000000000000002,0.0572,456774636701154.562500
-0.06643999999999994,0.0188,0.055600000000000004,456774636701154.562500
-0.06642999999999999,0.0236,0.0572,456774636701154.562500
-0.06641999999999998,0.0204,0.056400000000000006,456774636701154.562500
-0.06640999999999997,0.0236,0.055600000000000004,456774636701154.562500
-0.06639999999999996,0.0236,0.0572,456774636701154.562500
-0.06638999999999995,0.0188,0.0548,456774636701154.562500
-0.06637999999999994,0.0212,0.0596,456774636701154.562500
-0.06636999999999998,0.0164,0.053200000000000004,456774636701154.562500
-0.06635999999999997,0.0196,0.0572,456774636701154.562500
-0.06634999999999996,0.018000000000000002,0.0572,456774636701154.562500
-0.06633999999999995,0.0252,0.055600000000000004,456774636701154.562500
-0.06632999999999994,0.0228,0.056400000000000006,456774636701154.562500
-0.06631999999999999,0.0244,0.0476,456774636701154.562500
-0.06630999999999998,0.026000000000000002,0.0572,456774636701154.562500
-0.06629999999999997,0.0244,0.0492,456774636701154.562500
-0.06628999999999996,0.0236,0.056400000000000006,456774636701154.562500
-0.06627999999999995,0.0244,0.054,456774636701154.562500
-0.06626999999999994,0.0244,0.056400000000000006,456774636701154.562500
-0.06625999999999999,0.0252,0.050800000000000005,456774636701154.562500
-0.06624999999999998,0.0228,0.0524,456774636701154.562500
-0.06623999999999997,0.022000000000000002,0.0476,456774636701154.562500
-0.06622999999999996,0.018000000000000002,0.0572,456774636701154.562500
-0.06621999999999995,0.0228,0.0548,456774636701154.562500
-0.06620999999999999,0.0228,0.0572,456774636701154.562500
-0.06619999999999998,0.0228,0.056400000000000006,456774636701154.562500
-0.06618999999999997,0.0244,0.0548,456774636701154.562500
-0.06617999999999996,0.0236,0.0548,456774636701154.562500
-0.06616999999999995,0.0204,0.0572,456774636701154.562500
-0.06615999999999994,0.0204,0.0548,456774636701154.562500
-0.06614999999999999,0.0212,0.053200000000000004,456774636701154.562500
-0.06613999999999998,0.0236,0.0548,456774636701154.562500
-0.06612999999999997,0.0204,0.048400000000000006,456774636701154.562500
-0.06611999999999996,0.0228,0.056400000000000006,456774636701154.562500
-0.06610999999999995,0.0212,0.0492,456774636701154.562500
-0.06609999999999999,0.0212,0.054,456774636701154.562500
-0.06608999999999998,0.0196,0.05,456774636701154.562500
-0.06607999999999997,0.022000000000000002,0.0548,456774636701154.562500
-0.06606999999999996,0.022000000000000002,0.050800000000000005,456774636701154.562500
-0.06605999999999995,0.0212,0.058,456774636701154.562500
-0.06604999999999994,0.0236,0.058,456774636701154.562500
-0.06603999999999999,0.0196,0.0572,456774636701154.562500
-0.06602999999999998,0.0204,0.055600000000000004,456774636701154.562500
-0.06601999999999997,0.0228,0.0572,456774636701154.562500
-0.06600999999999996,0.0252,0.058,456774636701154.562500
-0.06599999999999995,0.0244,0.058,456774636701154.562500
-0.06598999999999994,0.0228,0.0572,456774636701154.562500
-0.06597999999999998,0.0228,0.0572,456774636701154.562500
-0.06596999999999997,0.0204,0.050800000000000005,456774636701154.562500
-0.06595999999999996,0.022000000000000002,0.058,456774636701154.562500
-0.06594999999999995,0.0164,0.0524,456774636701154.562500
-0.06593999999999994,0.0244,0.058,456774636701154.562500
-0.06592999999999999,0.022000000000000002,0.046,456774636701154.562500
-0.06591999999999998,0.0244,0.0572,456774636701154.562500
-0.06590999999999997,0.0236,0.050800000000000005,456774636701154.562500
-0.06589999999999996,0.0244,0.0548,456774636701154.562500
-0.06588999999999995,0.0228,0.053200000000000004,456774636701154.562500
-0.06587999999999994,0.022000000000000002,0.055600000000000004,456774636701154.562500
-0.06586999999999998,0.022000000000000002,0.056400000000000006,456774636701154.562500
-0.06585999999999997,0.0228,0.0516,456774636701154.562500
-0.06584999999999996,0.0212,0.056400000000000006,456774636701154.562500
-0.06583999999999995,0.0228,0.0516,456774636701154.562500
-0.06582999999999994,0.0236,0.056400000000000006,456774636701154.562500
-0.06581999999999999,0.0204,0.050800000000000005,456774636701154.562500
-0.06580999999999998,0.0188,0.053200000000000004,456774636701154.562500
-0.06579999999999997,0.0188,0.055600000000000004,456774636701154.562500
-0.06578999999999996,0.0204,0.054,456774636701154.562500
-0.06577999999999995,0.0196,0.0572,456774636701154.562500
-0.06576999999999994,0.0236,0.055600000000000004,456774636701154.562500
-0.06575999999999999,0.0236,0.0572,456774636701154.562500
-0.06574999999999998,0.0236,0.055600000000000004,456774636701154.562500
-0.06573999999999997,0.026000000000000002,0.056400000000000006,456774636701154.562500
-0.06572999999999996,0.0252,0.056400000000000006,456774636701154.562500
-0.06571999999999995,0.026000000000000002,0.0572,456774636701154.562500
-0.06570999999999999,0.0228,0.0572,456774636701154.562500
-0.06569999999999998,0.0244,0.053200000000000004,456774636701154.562500
-0.06568999999999997,0.022000000000000002,0.055600000000000004,456774636701154.562500
-0.06567999999999996,0.0204,0.056400000000000006,456774636701154.562500
-0.06566999999999995,0.0236,0.056400000000000006,456774636701154.562500
-0.06565999999999994,0.0228,0.056400000000000006,456774636701154.562500
-0.06564999999999999,0.0236,0.0572,456774636701154.562500
-0.06563999999999998,0.0244,0.058,456774636701154.562500
-0.06562999999999997,0.026000000000000002,0.058,456774636701154.562500
-0.06561999999999996,0.0212,0.0572,456774636701154.562500
-0.06560999999999995,0.0228,0.056400000000000006,456774636701154.562500
-0.06559999999999999,0.0244,0.0548,456774636701154.562500
-0.06558999999999998,0.0228,0.055600000000000004,456774636701154.562500
-0.06557999999999997,0.022000000000000002,0.050800000000000005,456774636701154.562500
-0.06556999999999996,0.0212,0.058,456774636701154.562500
-0.06555999999999995,0.022000000000000002,0.0548,456774636701154.562500
-0.06554999999999994,0.022000000000000002,0.0516,456774636701154.562500
-0.06553999999999999,0.022000000000000002,0.055600000000000004,456774636701154.562500
-0.06552999999999998,0.0212,0.050800000000000005,456774636701154.562500
-0.06551999999999997,0.022000000000000002,0.055600000000000004,456774636701154.562500
-0.06550999999999996,0.018000000000000002,0.048400000000000006,456774636701154.562500
-0.06549999999999995,0.0236,0.055600000000000004,456774636701154.562500
-0.06548999999999994,0.018000000000000002,0.058800000000000005,456774636701154.562500
-0.06547999999999998,0.0212,0.056400000000000006,456774636701154.562500
-0.06546999999999997,0.0204,0.0548,456774636701154.562500
-0.06545999999999996,0.0244,0.056400000000000006,456774636701154.562500
-0.06544999999999995,0.0228,0.0548,456774636701154.562500
-0.06543999999999994,0.0252,0.054,456774636701154.562500
-0.06542999999999999,0.0244,0.058,456774636701154.562500
-0.06541999999999998,0.0236,0.050800000000000005,456774636701154.562500
-0.06540999999999997,0.022000000000000002,0.056400000000000006,456774636701154.562500
-0.06539999999999996,0.0268,0.0548,456774636701154.562500
-0.06538999999999995,0.0244,0.050800000000000005,456774636701154.562500
-0.06537999999999994,0.0236,0.055600000000000004,456774636701154.562500
-0.06536999999999998,0.022000000000000002,0.058,456774636701154.562500
-0.06535999999999997,0.0236,0.055600000000000004,456774636701154.562500
-0.06534999999999996,0.0236,0.0492,456774636701154.562500
-0.06533999999999995,0.0244,0.0524,456774636701154.562500
-0.06532999999999994,0.0244,0.055600000000000004,456774636701154.562500
-0.06531999999999999,0.0228,0.055600000000000004,456774636701154.562500
-0.06530999999999998,0.0204,0.055600000000000004,456774636701154.562500
-0.06529999999999997,0.0212,0.048400000000000006,456774636701154.562500
-0.06528999999999996,0.0188,0.0516,456774636701154.562500
-0.06527999999999995,0.0236,0.0468,456774636701154.562500
-0.06526999999999994,0.0188,0.0572,456774636701154.562500
-0.06525999999999998,0.0228,0.054,456774636701154.562500
-0.06524999999999997,0.022000000000000002,0.055600000000000004,456774636701154.562500
-0.06523999999999996,0.0228,0.055600000000000004,456774636701154.562500
-0.06522999999999995,0.0228,0.042800000000000005,456774636701154.562500
-0.06521999999999994,0.0212,0.050800000000000005,456774636701154.562500
-0.06520999999999999,0.0228,0.0468,456774636701154.562500
-0.06519999999999998,0.0196,0.0524,456774636701154.562500
-0.06518999999999997,0.0236,0.0524,456774636701154.562500
-0.06517999999999996,0.0236,0.0572,456774636701154.562500
-0.06516999999999995,0.0204,0.0492,456774636701154.562500
-0.06515999999999994,0.0236,0.0596,456774636701154.562500
-0.06514999999999999,0.0204,0.054,456774636701154.562500
-0.06513999999999998,0.022000000000000002,0.0572,456774636701154.562500
-0.06512999999999997,0.0204,0.058800000000000005,456774636701154.562500
-0.06511999999999996,0.0252,0.056400000000000006,456774636701154.562500
-0.06510999999999995,0.022000000000000002,0.056400000000000006,456774636701154.562500
-0.06509999999999999,0.0244,0.058,456774636701154.562500
-0.06508999999999998,0.0228,0.0572,456774636701154.562500
-0.06507999999999997,0.0244,0.055600000000000004,456774636701154.562500
-0.06506999999999996,0.022000000000000002,0.0572,456774636701154.562500
-0.06505999999999995,0.0244,0.0548,456774636701154.562500
-0.06504999999999994,0.0244,0.056400000000000006,456774636701154.562500
-0.06503999999999999,0.0236,0.055600000000000004,456774636701154.562500
-0.06502999999999998,0.0204,0.058,456774636701154.562500
-0.06501999999999997,0.0228,0.056400000000000006,456774636701154.562500
-0.06500999999999996,0.0228,0.0548,456774636701154.562500
-0.06499999999999995,0.0188,0.055600000000000004,456774636701154.562500
-0.06498999999999994,0.022000000000000002,0.0524,456774636701154.562500
-0.06497999999999998,0.0204,0.055600000000000004,456774636701154.562500
-0.06496999999999997,0.0188,0.0516,456774636701154.562500
-0.06495999999999996,0.022000000000000002,0.0572,456774636701154.562500
-0.06494999999999995,0.0204,0.050800000000000005,456774636701154.562500
-0.06493999999999994,0.0236,0.0548,456774636701154.562500
-0.06492999999999999,0.0236,0.0516,456774636701154.562500
-0.06491999999999998,0.0236,0.056400000000000006,456774636701154.562500
-0.06490999999999997,0.0236,0.058,456774636701154.562500
-0.06489999999999996,0.0212,0.0492,456774636701154.562500
-0.06488999999999995,0.022000000000000002,0.0524,456774636701154.562500
-0.06487999999999994,0.0236,0.048400000000000006,456774636701154.562500
-0.06486999999999998,0.022000000000000002,0.0548,456774636701154.562500
-0.06485999999999997,0.0212,0.0524,456774636701154.562500
-0.06484999999999996,0.0212,0.05,456774636701154.562500
-0.06483999999999995,0.0228,0.05,456774636701154.562500
-0.06482999999999994,0.0236,0.055600000000000004,456774636701154.562500
-0.06481999999999999,0.0228,0.058,456774636701154.562500
-0.06480999999999998,0.0244,0.058,456774636701154.562500
-0.06479999999999997,0.0244,0.058,456774636701154.562500
-0.06478999999999996,0.022000000000000002,0.058,456774636701154.562500
-0.06477999999999995,0.0212,0.0548,456774636701154.562500
-0.06476999999999994,0.0228,0.0572,456774636701154.562500
-0.06475999999999998,0.0212,0.0548,456774636701154.562500
-0.06474999999999997,0.0244,0.0548,456774636701154.562500
-0.06473999999999996,0.022000000000000002,0.055600000000000004,456774636701154.562500
-0.06472999999999995,0.0244,0.055600000000000004,456774636701154.562500
-0.06471999999999994,0.0252,0.056400000000000006,456774636701154.562500
-0.06470999999999999,0.022000000000000002,0.0572,456774636701154.562500
-0.06469999999999998,0.022000000000000002,0.055600000000000004,456774636701154.562500
-0.06468999999999997,0.0236,0.058,456774636701154.562500
-0.06467999999999996,0.022000000000000002,0.056400000000000006,456774636701154.562500
-0.06466999999999995,0.0244,0.0572,456774636701154.562500
-0.06465999999999994,0.0236,0.0572,456774636701154.562500
-0.06464999999999999,0.018000000000000002,0.0524,456774636701154.562500
-0.06463999999999998,0.0236,0.056400000000000006,456774636701154.562500
-0.06462999999999997,0.022000000000000002,0.056400000000000006,456774636701154.562500
-0.06461999999999996,0.0236,0.055600000000000004,456774636701154.562500
-0.06460999999999995,0.022000000000000002,0.058,456774636701154.562500
-0.06459999999999999,0.0228,0.053200000000000004,456774636701154.562500
-0.06458999999999998,0.022000000000000002,0.058,456774636701154.562500
-0.06457999999999997,0.0228,0.058,456774636701154.562500
-0.06456999999999996,0.0228,0.0572,456774636701154.562500
-0.06455999999999995,0.0244,0.05,456774636701154.562500
-0.06454999999999994,0.0236,0.056400000000000006,456774636701154.562500
-0.06453999999999999,0.0244,0.055600000000000004,456774636701154.562500
-0.06452999999999998,0.0228,0.0572,456774636701154.562500
-0.06451999999999997,0.0252,0.055600000000000004,456774636701154.562500
-0.06450999999999996,0.0188,0.0572,456774636701154.562500
-0.06449999999999995,0.0244,0.0492,456774636701154.562500
-0.06448999999999999,0.0244,0.054,456774636701154.562500
-0.06447999999999998,0.026000000000000002,0.0516,456774636701154.562500
-0.06446999999999997,0.026000000000000002,0.056400000000000006,456774636701154.562500
-0.06445999999999996,0.0244,0.056400000000000006,456774636701154.562500
-0.06444999999999995,0.0252,0.056400000000000006,456774636701154.562500
-0.06443999999999994,0.0236,0.055600000000000004,456774636701154.562500
-0.06442999999999999,0.0236,0.056400000000000006,456774636701154.562500
-0.06441999999999998,0.0236,0.056400000000000006,456774636701154.562500
-0.06440999999999997,0.0204,0.058,456774636701154.562500
-0.06439999999999996,0.0244,0.058,456774636701154.562500
-0.06438999999999995,0.0236,0.055600000000000004,456774636701154.562500
-0.06437999999999994,0.0252,0.0548,456774636701154.562500
-0.06436999999999998,0.0228,0.05,456774636701154.562500
-0.06435999999999997,0.0228,0.056400000000000006,456774636701154.562500
-0.06434999999999996,0.022000000000000002,0.056400000000000006,456774636701154.562500
-0.06433999999999995,0.0204,0.055600000000000004,456774636701154.562500
-0.06432999999999994,0.022000000000000002,0.0572,456774636701154.562500
-0.06431999999999999,0.0196,0.0572,456774636701154.562500
-0.06430999999999998,0.022000000000000002,0.055600000000000004,456774636701154.562500
-0.06429999999999997,0.0212,0.0572,456774636701154.562500
-0.06428999999999996,0.0228,0.0572,456774636701154.562500
-0.06427999999999995,0.022000000000000002,0.053200000000000004,456774636701154.562500
-0.06426999999999994,0.022000000000000002,0.056400000000000006,456774636701154.562500
-0.06425999999999998,0.0244,0.053200000000000004,456774636701154.562500
-0.06424999999999997,0.0228,0.053200000000000004,456774636701154.562500
-0.06423999999999996,0.0244,0.056400000000000006,456774636701154.562500
-0.06422999999999995,0.0228,0.058,456774636701154.562500
-0.06421999999999994,0.0244,0.0524,456774636701154.562500
-0.06420999999999999,0.0228,0.056400000000000006,456774636701154.562500
-0.06419999999999998,0.0236,0.0548,456774636701154.562500
-0.06418999999999997,0.0244,0.055600000000000004,456774636701154.562500
-0.06417999999999996,0.026000000000000002,0.055600000000000004,456774636701154.562500
-0.06416999999999995,0.0244,0.0476,456774636701154.562500
-0.06415999999999994,0.0244,0.048400000000000006,456774636701154.562500
-0.06414999999999998,0.0244,0.042,456774636701154.562500
-0.06413999999999997,0.0244,0.0492,456774636701154.562500
-0.06412999999999996,0.0244,0.050800000000000005,456774636701154.562500
-0.06411999999999995,0.0228,0.055600000000000004,456774636701154.562500
-0.06410999999999994,0.0228,0.055600000000000004,456774636701154.562500
-0.06409999999999999,0.0236,0.058,456774636701154.562500
-0.06408999999999998,0.022000000000000002,0.056400000000000006,456774636701154.562500
-0.06407999999999997,0.0228,0.0516,456774636701154.562500
-0.06406999999999996,0.0204,0.058,456774636701154.562500
-0.06405999999999995,0.0164,0.0572,456774636701154.562500
-0.06404999999999994,0.0228,0.0548,456774636701154.562500
-0.06403999999999999,0.0236,0.053200000000000004,456774636701154.562500
-0.06402999999999998,0.022000000000000002,0.053200000000000004,456774636701154.562500
-0.06401999999999997,0.0212,0.054,456774636701154.562500
-0.06400999999999996,0.0196,0.054,456774636701154.562500
-0.06399999999999995,0.022000000000000002,0.0572,456774636701154.562500
-0.06398999999999999,0.0132,0.0548,456774636701154.562500
-0.06397999999999998,0.015600000000000001,0.056400000000000006,456774636701154.562500
-0.06396999999999997,0.0212,0.0572,456774636701154.562500
-0.06395999999999996,0.018000000000000002,0.056400000000000006,456774636701154.562500
-0.06394999999999995,0.0204,0.054,456774636701154.562500
-0.06393999999999994,0.0236,0.0412,456774636701154.562500
-0.06392999999999999,0.0188,0.0524,456774636701154.562500
-0.06391999999999998,0.0204,0.053200000000000004,456774636701154.562500
-0.06390999999999997,0.0244,0.0524,456774636701154.562500
-0.06389999999999996,0.0252,0.0524,456774636701154.562500
-0.06388999999999995,0.0244,0.053200000000000004,456774636701154.562500
-0.06387999999999994,0.0252,0.0572,456774636701154.562500
-0.06386999999999998,0.0252,0.0492,456774636701154.562500
-0.06385999999999997,0.0244,0.055600000000000004,456774636701154.562500
-0.06384999999999996,0.0252,0.05,456774636701154.562500
-0.06383999999999995,0.0244,0.055600000000000004,456774636701154.562500
-0.06382999999999994,0.022000000000000002,0.0516,456774636701154.562500
-0.06381999999999999,0.0236,0.055600000000000004,456774636701154.562500
-0.06380999999999998,0.0244,0.054,456774636701154.562500
-0.06379999999999997,0.0244,0.055600000000000004,456774636701154.562500
-0.06378999999999996,0.0252,0.056400000000000006,456774636701154.562500
-0.06377999999999995,0.0236,0.055600000000000004,456774636701154.562500
-0.06376999999999994,0.0212,0.058,456774636701154.562500
-0.06375999999999998,0.0212,0.053200000000000004,456774636701154.562500
-0.06374999999999997,0.0228,0.0572,456774636701154.562500
-0.06373999999999996,0.022000000000000002,0.056400000000000006,456774636701154.562500
-0.06372999999999995,0.022000000000000002,0.055600000000000004,456774636701154.562500
-0.06371999999999994,0.0236,0.053200000000000004,456774636701154.562500
-0.06370999999999999,0.0236,0.055600000000000004,456774636701154.562500
-0.06369999999999998,0.0204,0.0548,456774636701154.562500
-0.06368999999999997,0.0236,0.058,456774636701154.562500
-0.06367999999999996,0.022000000000000002,0.056400000000000006,456774636701154.562500
-0.06366999999999995,0.022000000000000002,0.058800000000000005,456774636701154.562500
-0.06365999999999994,0.0228,0.0492,456774636701154.562500
-0.06364999999999998,0.0228,0.058,456774636701154.562500
-0.06363999999999997,0.022000000000000002,0.054,456774636701154.562500
-0.06362999999999996,0.022000000000000002,0.0548,456774636701154.562500
-0.06361999999999995,0.0244,0.0548,456774636701154.562500
-0.06360999999999994,0.0236,0.056400000000000006,456774636701154.562500
-0.06359999999999999,0.0244,0.050800000000000005,456774636701154.562500
-0.06358999999999998,0.0236,0.0548,456774636701154.562500
-0.06357999999999997,0.0252,0.0572,456774636701154.562500
-0.06356999999999996,0.0244,0.054,456774636701154.562500
-0.06355999999999995,0.0244,0.0572,456774636701154.562500
-0.06354999999999994,0.0244,0.0548,456774636701154.562500
-0.06353999999999999,0.0252,0.0572,456774636701154.562500
-0.06352999999999998,0.026000000000000002,0.058,456774636701154.562500
-0.06351999999999997,0.0236,0.0572,456774636701154.562500
-0.06350999999999996,0.0236,0.05,456774636701154.562500
-0.06349999999999995,0.0204,0.055600000000000004,456774636701154.562500
-0.06348999999999999,0.0252,0.0516,456774636701154.562500
-0.06347999999999998,0.0228,0.054,456774636701154.562500
-0.06346999999999997,0.0228,0.058,456774636701154.562500
-0.06345999999999996,0.0204,0.056400000000000006,456774636701154.562500
-0.06344999999999995,0.0204,0.058,456774636701154.562500
-0.06343999999999994,0.0204,0.054,456774636701154.562500
-0.06342999999999999,0.0212,0.0548,456774636701154.562500
-0.06341999999999998,0.022000000000000002,0.055600000000000004,456774636701154.562500
-0.06340999999999997,0.0212,0.056400000000000006,456774636701154.562500
-0.06339999999999996,0.0204,0.056400000000000006,456774636701154.562500
-0.06338999999999995,0.0228,0.0516,456774636701154.562500
-0.06337999999999999,0.0204,0.056400000000000006,456774636701154.562500
-0.06336999999999998,0.0228,0.050800000000000005,456774636701154.562500
-0.06335999999999997,0.022000000000000002,0.0524,456774636701154.562500
-0.06334999999999996,0.0228,0.056400000000000006,456774636701154.562500
-0.06333999999999995,0.022000000000000002,0.056400000000000006,456774636701154.562500
-0.06332999999999994,0.0228,0.058,456774636701154.562500
-0.06331999999999999,0.0244,0.0572,456774636701154.562500
-0.06330999999999998,0.0236,0.054,456774636701154.562500
-0.06329999999999997,0.0244,0.054,456774636701154.562500
-0.06328999999999996,0.0244,0.056400000000000006,456774636701154.562500
-0.06327999999999995,0.0252,0.055600000000000004,456774636701154.562500
-0.06326999999999994,0.0228,0.055600000000000004,456774636701154.562500
-0.06325999999999998,0.0252,0.055600000000000004,456774636701154.562500
-0.06324999999999997,0.0252,0.053200000000000004,456774636701154.562500
-0.06323999999999996,0.026000000000000002,0.0572,456774636701154.562500
-0.06322999999999995,0.0228,0.0572,456774636701154.562500
-0.06321999999999994,0.0252,0.0572,456774636701154.562500
-0.06320999999999999,0.0252,0.056400000000000006,456774636701154.562500
-0.06319999999999998,0.0228,0.0572,456774636701154.562500
-0.06318999999999997,0.0236,0.056400000000000006,456774636701154.562500
-0.06317999999999996,0.022000000000000002,0.058,456774636701154.562500
-0.06316999999999995,0.0236,0.0524,456774636701154.562500
-0.06315999999999994,0.0212,0.055600000000000004,456774636701154.562500
-0.06314999999999998,0.022000000000000002,0.058,456774636701154.562500
-0.06313999999999997,0.0188,0.055600000000000004,456774636701154.562500
-0.06312999999999996,0.0164,0.055600000000000004,456774636701154.562500
-0.06311999999999995,0.0196,0.058,456774636701154.562500
-0.06310999999999994,0.0212,0.056400000000000006,456774636701154.562500
-0.06309999999999999,0.0236,0.055600000000000004,456774636701154.562500
-0.06308999999999998,0.0228,0.0524,456774636701154.562500
-0.06307999999999997,0.0236,0.05,456774636701154.562500
-0.06306999999999996,0.0228,0.0468,456774636701154.562500
-0.06305999999999995,0.0228,0.053200000000000004,456774636701154.562500
-0.06304999999999994,0.0236,0.048400000000000006,456774636701154.562500
-0.06303999999999998,0.0236,0.053200000000000004,456774636701154.562500
-0.06302999999999997,0.0236,0.0476,456774636701154.562500
-0.06301999999999996,0.0212,0.0476,456774636701154.562500
-0.06300999999999995,0.0212,0.0468,456774636701154.562500
-0.06299999999999994,0.022000000000000002,0.0524,456774636701154.562500
-0.06298999999999999,0.022000000000000002,0.050800000000000005,456774636701154.562500
-0.06297999999999998,0.0236,0.0548,456774636701154.562500
-0.06296999999999997,0.0252,0.0492,456774636701154.562500
-0.06295999999999996,0.0244,0.056400000000000006,456774636701154.562500
-0.06294999999999995,0.0252,0.056400000000000006,456774636701154.562500
-0.06293999999999994,0.0236,0.0524,456774636701154.562500
-0.06292999999999999,0.0252,0.0572,456774636701154.562500
-0.06291999999999998,0.0244,0.053200000000000004,456774636701154.562500
-0.06290999999999997,0.0236,0.056400000000000006,456774636701154.562500
-0.06289999999999996,0.0244,0.056400000000000006,456774636701154.562500
-0.06288999999999995,0.0236,0.056400000000000006,456774636701154.562500
-0.06287999999999999,0.0252,0.0524,456774636701154.562500
-0.06286999999999998,0.022000000000000002,0.0572,456774636701154.562500
-0.06285999999999997,0.0204,0.054,456774636701154.562500
-0.06284999999999996,0.0188,0.055600000000000004,456774636701154.562500
-0.06283999999999995,0.0236,0.053200000000000004,456774636701154.562500
-0.06282999999999994,0.0212,0.055600000000000004,456774636701154.562500
-0.06281999999999999,0.0204,0.054,456774636701154.562500
-0.06280999999999998,0.0196,0.056400000000000006,456774636701154.562500
-0.06279999999999997,0.022000000000000002,0.056400000000000006,456774636701154.562500
-0.06278999999999996,0.0188,0.055600000000000004,456774636701154.562500
-0.06277999999999995,0.0236,0.055600000000000004,456774636701154.562500
-0.06276999999999994,0.0228,0.053200000000000004,456774636701154.562500
-0.06275999999999998,0.018000000000000002,0.058800000000000005,456774636701154.562500
-0.06274999999999997,0.018000000000000002,0.055600000000000004,456774636701154.562500
-0.06273999999999996,0.0204,0.056400000000000006,456774636701154.562500
-0.06272999999999995,0.0228,0.056400000000000006,456774636701154.562500
-0.06271999999999994,0.0244,0.055600000000000004,456774636701154.562500
-0.06270999999999999,0.022000000000000002,0.058800000000000005,456774636701154.562500
-0.06269999999999998,0.0228,0.056400000000000006,456774636701154.562500
-0.06268999999999997,0.0244,0.058,456774636701154.562500
-0.06267999999999996,0.022000000000000002,0.0572,456774636701154.562500
-0.06266999999999995,0.0244,0.056400000000000006,456774636701154.562500
-0.06265999999999994,0.0244,0.053200000000000004,456774636701154.562500
-0.06264999999999998,0.0252,0.0572,456774636701154.562500
-0.06263999999999997,0.0236,0.056400000000000006,456774636701154.562500
-0.06262999999999996,0.0244,0.0548,456774636701154.562500
-0.06261999999999995,0.0236,0.05,456774636701154.562500
-0.06260999999999994,0.0236,0.054,456774636701154.562500
-0.06259999999999999,0.0252,0.056400000000000006,456774636701154.562500
-0.06258999999999998,0.0236,0.05,456774636701154.562500
-0.06257999999999997,0.0236,0.055600000000000004,456774636701154.562500
-0.06256999999999996,0.0212,0.0572,456774636701154.562500
-0.06255999999999995,0.022000000000000002,0.058,456774636701154.562500
-0.06254999999999994,0.022000000000000002,0.055600000000000004,456774636701154.562500
-0.06253999999999998,0.0228,0.056400000000000006,456774636701154.562500
-0.06252999999999997,0.0196,0.058800000000000005,456774636701154.562500
-0.06251999999999996,0.0236,0.055600000000000004,456774636701154.562500
-0.06250999999999995,0.0228,0.0572,456774636701154.562500
-0.062499999999999944,0.0212,0.055600000000000004,456774636701154.562500
-0.06248999999999999,0.0212,0.0572,456774636701154.562500
-0.06247999999999998,0.0228,0.0548,456774636701154.562500
-0.06246999999999997,0.0236,0.055600000000000004,456774636701154.562500
-0.06245999999999996,0.022000000000000002,0.0572,456774636701154.562500
-0.06244999999999995,0.0228,0.058,456774636701154.562500
-0.06243999999999994,0.0236,0.0524,456774636701154.562500
-0.062429999999999986,0.0244,0.058,456774636701154.562500
-0.062419999999999976,0.0244,0.0524,456774636701154.562500
-0.062409999999999966,0.0236,0.056400000000000006,456774636701154.562500
-0.062399999999999956,0.0236,0.0572,456774636701154.562500
-0.062389999999999946,0.0236,0.056400000000000006,456774636701154.562500
-0.06237999999999999,0.022000000000000002,0.054,456774636701154.562500
-0.06236999999999998,0.0244,0.0572,456774636701154.562500
-0.06235999999999997,0.0252,0.053200000000000004,456774636701154.562500
-0.06234999999999996,0.0252,0.058,456774636701154.562500
-0.06233999999999995,0.0236,0.053200000000000004,456774636701154.562500
-0.06232999999999994,0.0244,0.056400000000000006,456774636701154.562500
-0.062319999999999987,0.0236,0.056400000000000006,456774636701154.562500
-0.062309999999999977,0.0244,0.0548,456774636701154.562500
-0.062299999999999967,0.0244,0.054,456774636701154.562500
-0.062289999999999957,0.0244,0.0572,456774636701154.562500
-0.062279999999999947,0.0236,0.056400000000000006,456774636701154.562500
-0.062269999999999937,0.0236,0.054,456774636701154.562500
-0.06225999999999998,0.0236,0.056400000000000006,456774636701154.562500
-0.06224999999999997,0.022000000000000002,0.055600000000000004,456774636701154.562500
-0.06223999999999996,0.0228,0.0572,456774636701154.562500
-0.06222999999999995,0.022000000000000002,0.056400000000000006,456774636701154.562500
-0.06221999999999994,0.022000000000000002,0.058,456774636701154.562500
-0.06220999999999999,0.0228,0.0572,456774636701154.562500
-0.06219999999999998,0.022000000000000002,0.056400000000000006,456774636701154.562500
-0.06218999999999997,0.0212,0.0524,456774636701154.562500
-0.06217999999999996,0.022000000000000002,0.0572,456774636701154.562500
-0.06216999999999995,0.0204,0.0572,456774636701154.562500
-0.06215999999999994,0.0204,0.056400000000000006,456774636701154.562500
-0.06214999999999998,0.0228,0.056400000000000006,456774636701154.562500
-0.06213999999999997,0.0228,0.055600000000000004,456774636701154.562500
-0.06212999999999996,0.0236,0.0516,456774636701154.562500
-0.06211999999999995,0.0228,0.056400000000000006,456774636701154.562500
-0.06210999999999994,0.0244,0.058,456774636701154.562500
-0.06209999999999999,0.0212,0.0572,456774636701154.562500
-0.06208999999999998,0.0252,0.0572,456774636701154.562500
-0.06207999999999997,0.0244,0.053200000000000004,456774636701154.562500
-0.06206999999999996,0.0244,0.054,456774636701154.562500
-0.06205999999999995,0.0236,0.054,456774636701154.562500
-0.06204999999999994,0.0244,0.048400000000000006,456774636701154.562500
-0.062039999999999984,0.022000000000000002,0.0476,456774636701154.562500
-0.062029999999999974,0.0236,0.0476,456774636701154.562500
-0.062019999999999964,0.0244,0.0412,456774636701154.562500
-0.062009999999999954,0.022000000000000002,0.053200000000000004,456774636701154.562500
-0.061999999999999944,0.0228,0.0548,456774636701154.562500
-0.06198999999999999,0.0236,0.055600000000000004,456774636701154.562500
-0.06197999999999998,0.0228,0.055600000000000004,456774636701154.562500
-0.06196999999999997,0.022000000000000002,0.0572,456774636701154.562500
-0.06195999999999996,0.022000000000000002,0.058,456774636701154.562500
-0.06194999999999995,0.0204,0.056400000000000006,456774636701154.562500
-0.06193999999999994,0.0228,0.0572,456774636701154.562500
-0.061929999999999985,0.022000000000000002,0.056400000000000006,456774636701154.562500
-0.061919999999999975,0.022000000000000002,0.054,456774636701154.562500
-0.061909999999999965,0.022000000000000002,0.0572,456774636701154.562500
-0.061899999999999955,0.0212,0.056400000000000006,456774636701154.562500
-0.061889999999999945,0.022000000000000002,0.058,456774636701154.562500
-0.06187999999999999,0.0228,0.058800000000000005,456774636701154.562500
-0.06186999999999998,0.0204,0.058,456774636701154.562500
-0.06185999999999997,0.0228,0.0572,456774636701154.562500
-0.06184999999999996,0.0228,0.055600000000000004,456774636701154.562500
-0.06183999999999995,0.0228,0.0572,456774636701154.562500
-0.06182999999999994,0.0228,0.0572,456774636701154.562500
-0.061819999999999986,0.022000000000000002,0.0572,456774636701154.562500
-0.061809999999999976,0.0244,0.056400000000000006,456774636701154.562500
-0.061799999999999966,0.022000000000000002,0.0572,456774636701154.562500
-0.061789999999999956,0.0244,0.056400000000000006,456774636701154.562500
-0.061779999999999946,0.0196,0.056400000000000006,456774636701154.562500
-0.06176999999999999,0.0236,0.058800000000000005,456774636701154.562500
-0.06175999999999998,0.0244,0.0572,456774636701154.562500
-0.06174999999999997,0.022000000000000002,0.056400000000000006,456774636701154.562500
-0.06173999999999996,0.0212,0.056400000000000006,456774636701154.562500
-0.06172999999999995,0.0252,0.0572,456774636701154.562500
-0.06171999999999994,0.0244,0.056400000000000006,456774636701154.562500
-0.06170999999999999,0.0244,0.056400000000000006,456774636701154.562500
-0.06169999999999998,0.0252,0.050800000000000005,456774636701154.562500
-0.06168999999999997,0.0236,0.053200000000000004,456774636701154.562500
-0.06167999999999996,0.022000000000000002,0.050800000000000005,456774636701154.562500
-0.06166999999999995,0.0228,0.056400000000000006,456774636701154.562500
-0.06165999999999994,0.0236,0.046,456774636701154.562500
-0.06164999999999998,0.0228,0.050800000000000005,456774636701154.562500
-0.06163999999999997,0.022000000000000002,0.0444,456774636701154.562500
-0.06162999999999996,0.022000000000000002,0.0492,456774636701154.562500
-0.06161999999999995,0.0228,0.054,456774636701154.562500
-0.06160999999999994,0.0244,0.058,456774636701154.562500
-0.06159999999999999,0.0252,0.056400000000000006,456774636701154.562500
-0.06158999999999998,0.0204,0.0492,456774636701154.562500
-0.06157999999999997,0.0204,0.0476,456774636701154.562500
-0.06156999999999996,0.022000000000000002,0.05,456774636701154.562500
-0.06155999999999995,0.0236,0.05,456774636701154.562500
-0.06154999999999994,0.0212,0.0548,456774636701154.562500
-0.061539999999999984,0.0188,0.056400000000000006,456774636701154.562500
-0.061529999999999974,0.0204,0.0572,456774636701154.562500
-0.061519999999999964,0.0228,0.056400000000000006,456774636701154.562500
-0.061509999999999954,0.0228,0.058,456774636701154.562500
-0.061499999999999944,0.022000000000000002,0.056400000000000006,456774636701154.562500
-0.06148999999999999,0.0244,0.0572,456774636701154.562500
-0.06147999999999998,0.0244,0.0572,456774636701154.562500
-0.06146999999999997,0.0236,0.055600000000000004,456774636701154.562500
-0.06145999999999996,0.0236,0.05,456774636701154.562500
-0.06144999999999995,0.0196,0.058,456774636701154.562500
-0.06143999999999994,0.0236,0.055600000000000004,456774636701154.562500
-0.061429999999999985,0.0212,0.058800000000000005,456774636701154.562500
-0.061419999999999975,0.0204,0.055600000000000004,456774636701154.562500
-0.061409999999999965,0.0236,0.056400000000000006,456774636701154.562500
-0.061399999999999955,0.0228,0.053200000000000004,456774636701154.562500
-0.061389999999999945,0.0188,0.054,456774636701154.562500
-0.06137999999999999,0.0236,0.0548,456774636701154.562500
-0.06136999999999998,0.0236,0.055600000000000004,456774636701154.562500
-0.06135999999999997,0.0172,0.055600000000000004,456774636701154.562500
-0.06134999999999996,0.022000000000000002,0.0572,456774636701154.562500
-0.06133999999999995,0.0228,0.046,456774636701154.562500
-0.06132999999999994,0.0236,0.056400000000000006,456774636701154.562500
-0.061319999999999986,0.0244,0.056400000000000006,456774636701154.562500
-0.061309999999999976,0.0228,0.0572,456774636701154.562500
-0.061299999999999966,0.0204,0.055600000000000004,456774636701154.562500
-0.061289999999999956,0.022000000000000002,0.0572,456774636701154.562500
-0.061279999999999946,0.022000000000000002,0.0524,456774636701154.562500
-0.06126999999999999,0.0212,0.058,456774636701154.562500
-0.06125999999999998,0.022000000000000002,0.058,456774636701154.562500
-0.06124999999999997,0.0212,0.054,456774636701154.562500
-0.06123999999999996,0.0228,0.055600000000000004,456774636701154.562500
-0.06122999999999995,0.0236,0.056400000000000006,456774636701154.562500
-0.06121999999999994,0.022000000000000002,0.054,456774636701154.562500
-0.06120999999999999,0.0188,0.058,456774636701154.562500
-0.06119999999999998,0.0212,0.055600000000000004,456774636701154.562500
-0.06118999999999997,0.0228,0.055600000000000004,456774636701154.562500
-0.06117999999999996,0.0252,0.058,456774636701154.562500
-0.06116999999999995,0.0228,0.056400000000000006,456774636701154.562500
-0.06115999999999994,0.0244,0.058,456774636701154.562500
-0.06114999999999998,0.0244,0.0548,456774636701154.562500
-0.06113999999999997,0.0244,0.054,456774636701154.562500
-0.06112999999999996,0.0244,0.056400000000000006,456774636701154.562500
-0.06111999999999995,0.0252,0.0572,456774636701154.562500
-0.06110999999999994,0.0244,0.0572,456774636701154.562500
-0.06109999999999999,0.0244,0.0572,456774636701154.562500
-0.06108999999999998,0.0228,0.058,456774636701154.562500
-0.06107999999999997,0.0244,0.058,456774636701154.562500
-0.06106999999999996,0.0236,0.056400000000000006,456774636701154.562500
-0.06105999999999995,0.0236,0.0572,456774636701154.562500
-0.06104999999999994,0.0228,0.058,456774636701154.562500
-0.06103999999999998,0.0228,0.058,456774636701154.562500
-0.06102999999999997,0.0228,0.054,456774636701154.562500
-0.06101999999999996,0.0228,0.056400000000000006,456774636701154.562500
-0.06100999999999995,0.0228,0.0572,456774636701154.562500
-0.06099999999999994,0.0204,0.056400000000000006,456774636701154.562500
-0.06098999999999999,0.0228,0.0572,456774636701154.562500
-0.06097999999999998,0.022000000000000002,0.055600000000000004,456774636701154.562500
-0.06096999999999997,0.022000000000000002,0.0572,456774636701154.562500
-0.06095999999999996,0.0196,0.058,456774636701154.562500
-0.06094999999999995,0.022000000000000002,0.054,456774636701154.562500
-0.06093999999999994,0.0212,0.0572,456774636701154.562500
-0.060929999999999984,0.022000000000000002,0.0572,456774636701154.562500
-0.060919999999999974,0.0188,0.056400000000000006,456774636701154.562500
-0.060909999999999964,0.0228,0.058800000000000005,456774636701154.562500
-0.060899999999999954,0.0228,0.055600000000000004,456774636701154.562500
-0.060889999999999944,0.022000000000000002,0.055600000000000004,456774636701154.562500
-0.06087999999999999,0.022000000000000002,0.055600000000000004,456774636701154.562500
-0.06086999999999998,0.0236,0.056400000000000006,456774636701154.562500
-0.06085999999999997,0.0236,0.055600000000000004,456774636701154.562500
-0.06084999999999996,0.0244,0.0572,456774636701154.562500
-0.06083999999999995,0.026000000000000002,0.0572,456774636701154.562500
-0.06082999999999994,0.0252,0.056400000000000006,456774636701154.562500
-0.060819999999999985,0.0244,0.0572,456774636701154.562500
-0.060809999999999975,0.0244,0.0548,456774636701154.562500
-0.060799999999999965,0.022000000000000002,0.0516,456774636701154.562500
-0.060789999999999955,0.0236,0.054,456774636701154.562500
-0.060779999999999945,0.0244,0.0548,456774636701154.562500
-0.06076999999999999,0.0236,0.058,456774636701154.562500
-0.06075999999999998,0.0228,0.056400000000000006,456774636701154.562500
-0.06074999999999997,0.0204,0.0572,456774636701154.562500
-0.06073999999999996,0.0172,0.058,456774636701154.562500
-0.06072999999999995,0.0204,0.0572,456774636701154.562500
-0.06071999999999994,0.022000000000000002,0.053200000000000004,456774636701154.562500
-0.060709999999999986,0.0212,0.055600000000000004,456774636701154.562500
-0.060699999999999976,0.0212,0.053200000000000004,456774636701154.562500
-0.060689999999999966,0.022000000000000002,0.056400000000000006,456774636701154.562500
-0.060679999999999956,0.0204,0.055600000000000004,456774636701154.562500
-0.060669999999999946,0.0236,0.056400000000000006,456774636701154.562500
-0.06065999999999999,0.0188,0.0548,456774636701154.562500
-0.06064999999999998,0.0228,0.056400000000000006,456774636701154.562500
-0.06063999999999997,0.0212,0.0548,456774636701154.562500
-0.06062999999999996,0.022000000000000002,0.055600000000000004,456774636701154.562500
-0.06061999999999995,0.0236,0.055600000000000004,456774636701154.562500
-0.06060999999999994,0.0212,0.054,456774636701154.562500
-0.06059999999999999,0.022000000000000002,0.0572,456774636701154.562500
-0.06058999999999998,0.0252,0.0572,456774636701154.562500
-0.06057999999999997,0.0244,0.056400000000000006,456774636701154.562500
-0.06056999999999996,0.0212,0.0572,456774636701154.562500
-0.06055999999999995,0.0228,0.0548,456774636701154.562500
-0.06054999999999994,0.0228,0.0572,456774636701154.562500
-0.06053999999999998,0.0244,0.050800000000000005,456774636701154.562500
-0.06052999999999997,0.0212,0.048400000000000006,456774636701154.562500
-0.06051999999999996,0.0252,0.05,456774636701154.562500
-0.06050999999999995,0.022000000000000002,0.055600000000000004,456774636701154.562500
-0.06049999999999994,0.0236,0.0516,456774636701154.562500
-0.06048999999999999,0.0244,0.0548,456774636701154.562500
-0.06047999999999998,0.0212,0.056400000000000006,456774636701154.562500
-0.06046999999999997,0.0236,0.0548,456774636701154.562500
-0.06045999999999996,0.0252,0.0516,456774636701154.562500
-0.06044999999999995,0.0212,0.0572,456774636701154.562500
-0.06043999999999994,0.0236,0.058,456774636701154.562500
-0.060429999999999984,0.022000000000000002,0.0572,456774636701154.562500
-0.060419999999999974,0.0196,0.055600000000000004,456774636701154.562500
-0.060409999999999964,0.0228,0.048400000000000006,456774636701154.562500
-0.060399999999999954,0.0228,0.056400000000000006,456774636701154.562500
-0.060389999999999944,0.022000000000000002,0.0548,456774636701154.562500
-0.06037999999999999,0.0228,0.048400000000000006,456774636701154.562500
-0.06036999999999998,0.0228,0.0572,456774636701154.562500
-0.06035999999999997,0.022000000000000002,0.0396,456774636701154.562500
-0.06034999999999996,0.022000000000000002,0.053200000000000004,456774636701154.562500
-0.06033999999999995,0.022000000000000002,0.0548,456774636701154.562500
-0.06032999999999994,0.0228,0.0572,456774636701154.562500
-0.060319999999999985,0.022000000000000002,0.055600000000000004,456774636701154.562500
-0.060309999999999975,0.0212,0.055600000000000004,456774636701154.562500
-0.060299999999999965,0.022000000000000002,0.055600000000000004,456774636701154.562500
-0.060289999999999955,0.0228,0.054,456774636701154.562500
-0.060279999999999945,0.0236,0.054,456774636701154.562500
-0.06026999999999999,0.0252,0.055600000000000004,456774636701154.562500
-0.06025999999999998,0.0228,0.0572,456774636701154.562500
-0.06024999999999997,0.0244,0.0548,456774636701154.562500
-0.06023999999999996,0.0236,0.0548,456774636701154.562500
-0.06022999999999995,0.022000000000000002,0.058,456774636701154.562500
-0.06021999999999994,0.0268,0.0572,456774636701154.562500
-0.060209999999999986,0.022000000000000002,0.0572,456774636701154.562500
-0.060199999999999976,0.0252,0.0572,456774636701154.562500
-0.060189999999999966,0.0228,0.056400000000000006,456774636701154.562500
-0.060179999999999956,0.0212,0.0572,456774636701154.562500
-0.060169999999999946,0.0244,0.0524,456774636701154.562500
-0.06015999999999999,0.0236,0.0548,456774636701154.562500
-0.06014999999999998,0.0228,0.0524,456774636701154.562500
-0.06013999999999997,0.0228,0.058,456774636701154.562500
-0.06012999999999996,0.0236,0.056400000000000006,456774636701154.562500
-0.06011999999999995,0.0212,0.053200000000000004,456774636701154.562500
-0.06010999999999994,0.0212,0.0572,456774636701154.562500
-0.06009999999999999,0.022000000000000002,0.056400000000000006,456774636701154.562500
-0.06008999999999998,0.0236,0.0548,456774636701154.562500
-0.06007999999999997,0.0228,0.054,456774636701154.562500
-0.06006999999999996,0.0228,0.056400000000000006,456774636701154.562500
-0.06005999999999995,0.0204,0.054,456774636701154.562500
-0.06004999999999994,0.0212,0.0572,456774636701154.562500
-0.06003999999999998,0.022000000000000002,0.056400000000000006,456774636701154.562500
-0.06002999999999997,0.022000000000000002,0.056400000000000006,456774636701154.562500
-0.06001999999999996,0.0212,0.055600000000000004,456774636701154.562500
-0.06000999999999995,0.0228,0.058,456774636701154.562500
-0.05999999999999994,0.022000000000000002,0.0492,456774636701154.562500
-0.05998999999999999,0.022000000000000002,0.0524,456774636701154.562500
-0.05997999999999998,0.0244,0.058,456774636701154.562500
-0.05996999999999997,0.0244,0.0572,456774636701154.562500
-0.05995999999999996,0.0228,0.0572,456774636701154.562500
-0.05994999999999995,0.0236,0.054,456774636701154.562500
-0.05993999999999994,0.0236,0.0524,456774636701154.562500
-0.05992999999999998,0.0268,0.056400000000000006,456774636701154.562500
-0.05991999999999997,0.0252,0.056400000000000006,456774636701154.562500
-0.05990999999999996,0.0252,0.058,456774636701154.562500
-0.05989999999999995,0.022000000000000002,0.058,456774636701154.562500
-0.05988999999999994,0.0228,0.0572,456774636701154.562500
-0.05987999999999999,0.0244,0.0548,456774636701154.562500
-0.05986999999999998,0.0244,0.0524,456774636701154.562500
-0.05985999999999997,0.0252,0.056400000000000006,456774636701154.562500
-0.05984999999999996,0.0244,0.0572,456774636701154.562500
-0.05983999999999995,0.0236,0.058,456774636701154.562500
-0.05982999999999994,0.0244,0.058,456774636701154.562500
-0.059819999999999984,0.022000000000000002,0.056400000000000006,456774636701154.562500
-0.059809999999999974,0.022000000000000002,0.055600000000000004,456774636701154.562500
-0.059799999999999964,0.0236,0.0476,456774636701154.562500
-0.059789999999999954,0.0228,0.055600000000000004,456774636701154.562500
-0.059779999999999944,0.0212,0.055600000000000004,456774636701154.562500
-0.05976999999999999,0.0236,0.055600000000000004,456774636701154.562500
-0.05975999999999998,0.022000000000000002,0.055600000000000004,456774636701154.562500
-0.05974999999999997,0.0212,0.0572,456774636701154.562500
-0.05973999999999996,0.0228,0.056400000000000006,456774636701154.562500
-0.05972999999999995,0.022000000000000002,0.056400000000000006,456774636701154.562500
-0.05971999999999994,0.0212,0.056400000000000006,456774636701154.562500
-0.059709999999999985,0.0228,0.0572,456774636701154.562500
-0.059699999999999975,0.022000000000000002,0.056400000000000006,456774636701154.562500
-0.059689999999999965,0.0212,0.056400000000000006,456774636701154.562500
-0.059679999999999955,0.0204,0.055600000000000004,456774636701154.562500
-0.059669999999999945,0.0236,0.0548,456774636701154.562500
-0.05965999999999999,0.0236,0.053200000000000004,456774636701154.562500
-0.05964999999999998,0.0252,0.0548,456774636701154.562500
-0.05963999999999997,0.0236,0.0492,456774636701154.562500
-0.05962999999999996,0.0244,0.055600000000000004,456774636701154.562500
-0.05961999999999995,0.0236,0.054,456774636701154.562500
-0.05960999999999994,0.0244,0.056400000000000006,456774636701154.562500
-0.059599999999999986,0.0212,0.056400000000000006,456774636701154.562500
-0.059589999999999976,0.0228,0.054,456774636701154.562500
-0.059579999999999966,0.0164,0.054,456774636701154.562500
-0.059569999999999956,0.0236,0.055600000000000004,456774636701154.562500
-0.059559999999999946,0.0188,0.056400000000000006,456774636701154.562500
-0.059549999999999936,0.0236,0.058,456774636701154.562500
-0.05953999999999998,0.0236,0.055600000000000004,456774636701154.562500
-0.05952999999999997,0.0228,0.056400000000000006,456774636701154.562500
-0.05951999999999996,0.0228,0.054,456774636701154.562500
-0.05950999999999995,0.0236,0.056400000000000006,456774636701154.562500
-0.05949999999999994,0.022000000000000002,0.056400000000000006,456774636701154.562500
-0.05948999999999999,0.0236,0.056400000000000006,456774636701154.562500
-0.05947999999999998,0.0236,0.0572,456774636701154.562500
-0.05946999999999997,0.0236,0.055600000000000004,456774636701154.562500
-0.05945999999999996,0.0212,0.055600000000000004,456774636701154.562500
-0.05944999999999995,0.0204,0.050800000000000005,456774636701154.562500
-0.05943999999999994,0.022000000000000002,0.055600000000000004,456774636701154.562500
-0.05942999999999998,0.0188,0.058,456774636701154.562500
-0.05941999999999997,0.0228,0.0572,456774636701154.562500
-0.05940999999999996,0.022000000000000002,0.053200000000000004,456774636701154.562500
-0.05939999999999995,0.0228,0.0572,456774636701154.562500
-0.05938999999999994,0.022000000000000002,0.0572,456774636701154.562500
-0.05937999999999999,0.0236,0.056400000000000006,456774636701154.562500
-0.05936999999999998,0.0228,0.056400000000000006,456774636701154.562500
-0.05935999999999997,0.0236,0.056400000000000006,456774636701154.562500
-0.05934999999999996,0.0228,0.055600000000000004,456774636701154.562500
-0.05933999999999995,0.0244,0.054,456774636701154.562500
-0.05932999999999994,0.0236,0.058,456774636701154.562500
-0.059319999999999984,0.0252,0.05,456774636701154.562500
-0.059309999999999974,0.0244,0.0572,456774636701154.562500
-0.059299999999999964,0.0236,0.055600000000000004,456774636701154.562500
-0.059289999999999954,0.0252,0.0524,456774636701154.562500
-0.059279999999999944,0.0252,0.053200000000000004,456774636701154.562500
-0.05926999999999999,0.0252,0.0572,456774636701154.562500
-0.05925999999999998,0.0252,0.056400000000000006,456774636701154.562500
-0.05924999999999997,0.0236,0.0572,456774636701154.562500
-0.05923999999999996,0.0236,0.0572,456774636701154.562500
-0.05922999999999995,0.0228,0.055600000000000004,456774636701154.562500
-0.05921999999999994,0.0228,0.0572,456774636701154.562500
-0.059209999999999985,0.022000000000000002,0.055600000000000004,456774636701154.562500
-0.059199999999999975,0.0228,0.058800000000000005,456774636701154.562500
-0.059189999999999965,0.0228,0.058,456774636701154.562500
-0.059179999999999955,0.0236,0.055600000000000004,456774636701154.562500
-0.059169999999999945,0.022000000000000002,0.056400000000000006,456774636701154.562500
-0.05915999999999999,0.0228,0.050800000000000005,456774636701154.562500
-0.05914999999999998,0.0212,0.058,456774636701154.562500
-0.05913999999999997,0.0236,0.058800000000000005,456774636701154.562500
-0.05912999999999996,0.0212,0.054,456774636701154.562500
-0.05911999999999995,0.0236,0.055600000000000004,456774636701154.562500
-0.05910999999999994,0.0212,0.0572,456774636701154.562500
-0.059099999999999986,0.022000000000000002,0.0524,456774636701154.562500
-0.059089999999999976,0.0236,0.056400000000000006,456774636701154.562500
-0.059079999999999966,0.0244,0.055600000000000004,456774636701154.562500
-0.059069999999999956,0.0212,0.054,456774636701154.562500
-0.059059999999999946,0.0236,0.05,456774636701154.562500
-0.05904999999999999,0.0244,0.0524,456774636701154.562500
-0.05903999999999998,0.0228,0.054,456774636701154.562500
-0.05902999999999997,0.0196,0.056400000000000006,456774636701154.562500
-0.05901999999999996,0.0244,0.056400000000000006,456774636701154.562500
-0.05900999999999995,0.0244,0.0572,456774636701154.562500
-0.05899999999999994,0.0244,0.056400000000000006,456774636701154.562500
-0.05898999999999999,0.0252,0.0572,456774636701154.562500
-0.05897999999999998,0.0252,0.055600000000000004,456774636701154.562500
-0.05896999999999997,0.0244,0.0572,456774636701154.562500
-0.05895999999999996,0.0244,0.056400000000000006,456774636701154.562500
-0.05894999999999995,0.0252,0.056400000000000006,456774636701154.562500
-0.05893999999999994,0.0228,0.058,456774636701154.562500
-0.05892999999999998,0.0236,0.055600000000000004,456774636701154.562500
-0.05891999999999997,0.022000000000000002,0.056400000000000006,456774636701154.562500
-0.05890999999999996,0.0236,0.0524,456774636701154.562500
-0.05889999999999995,0.0188,0.056400000000000006,456774636701154.562500
-0.05888999999999994,0.0204,0.055600000000000004,456774636701154.562500
-0.05887999999999999,0.0196,0.0572,456774636701154.562500
-0.05886999999999998,0.0212,0.053200000000000004,456774636701154.562500
-0.05885999999999997,0.0236,0.056400000000000006,456774636701154.562500
-0.05884999999999996,0.022000000000000002,0.054,456774636701154.562500
-0.05883999999999995,0.022000000000000002,0.055600000000000004,456774636701154.562500
-0.05882999999999994,0.0228,0.0524,456774636701154.562500
-0.05881999999999998,0.0228,0.056400000000000006,456774636701154.562500
-0.05880999999999997,0.0204,0.056400000000000006,456774636701154.562500
-0.05879999999999996,0.022000000000000002,0.058,456774636701154.562500
-0.05878999999999995,0.0188,0.0572,456774636701154.562500
-0.05877999999999994,0.0212,0.054,456774636701154.562500
-0.05876999999999999,0.0204,0.058,456774636701154.562500
-0.05875999999999998,0.0252,0.054,456774636701154.562500
-0.05874999999999997,0.0212,0.054,456774636701154.562500
-0.05873999999999996,0.0228,0.053200000000000004,456774636701154.562500
-0.05872999999999995,0.0236,0.0524,456774636701154.562500
-0.05871999999999994,0.0236,0.056400000000000006,456774636701154.562500
-0.058709999999999984,0.0244,0.0548,456774636701154.562500
-0.058699999999999974,0.0236,0.0572,456774636701154.562500
-0.058689999999999964,0.0228,0.0572,456774636701154.562500
-0.058679999999999954,0.0252,0.055600000000000004,456774636701154.562500
-0.058669999999999944,0.022000000000000002,0.056400000000000006,456774636701154.562500
-0.05865999999999999,0.0236,0.058,456774636701154.562500
-0.05864999999999998,0.0236,0.058,456774636701154.562500
-0.05863999999999997,0.0228,0.058,456774636701154.562500
-0.05862999999999996,0.0252,0.0572,456774636701154.562500
-0.05861999999999995,0.0212,0.056400000000000006,456774636701154.562500
-0.05860999999999994,0.0228,0.056400000000000006,456774636701154.562500
-0.058599999999999985,0.022000000000000002,0.055600000000000004,456774636701154.562500
-0.058589999999999975,0.0212,0.0572,456774636701154.562500
-0.058579999999999965,0.0228,0.058,456774636701154.562500
-0.058569999999999955,0.0228,0.053200000000000004,456774636701154.562500
-0.058559999999999945,0.0236,0.0572,456774636701154.562500
-0.05854999999999999,0.0204,0.0572,456774636701154.562500
-0.05853999999999998,0.022000000000000002,0.056400000000000006,456774636701154.562500
-0.05852999999999997,0.022000000000000002,0.056400000000000006,456774636701154.562500
-0.05851999999999996,0.0204,0.0516,456774636701154.562500
-0.05850999999999995,0.0212,0.0548,456774636701154.562500
-0.05849999999999994,0.022000000000000002,0.055600000000000004,456774636701154.562500
-0.058489999999999986,0.0212,0.0572,456774636701154.562500
-0.058479999999999976,0.0228,0.0572,456774636701154.562500
-0.058469999999999966,0.022000000000000002,0.055600000000000004,456774636701154.562500
-0.058459999999999956,0.022000000000000002,0.0548,456774636701154.562500
-0.058449999999999946,0.0236,0.056400000000000006,456774636701154.562500
-0.058439999999999936,0.0244,0.0524,456774636701154.562500
-0.05842999999999998,0.022000000000000002,0.056400000000000006,456774636701154.562500
-0.05841999999999997,0.0244,0.054,456774636701154.562500
-0.05840999999999996,0.022000000000000002,0.055600000000000004,456774636701154.562500
-0.05839999999999995,0.0244,0.0572,456774636701154.562500
-0.05838999999999994,0.0244,0.054,456774636701154.562500
-0.05837999999999999,0.0244,0.058,456774636701154.562500
-0.05836999999999998,0.0228,0.0572,456774636701154.562500
-0.05835999999999997,0.0244,0.058,456774636701154.562500
-0.05834999999999996,0.0228,0.054,456774636701154.562500
-0.05833999999999995,0.0244,0.056400000000000006,456774636701154.562500
-0.05832999999999994,0.0228,0.0524,456774636701154.562500
-0.05831999999999998,0.0252,0.056400000000000006,456774636701154.562500
-0.05830999999999997,0.0228,0.053200000000000004,456774636701154.562500
-0.05829999999999996,0.0204,0.053200000000000004,456774636701154.562500
-0.05828999999999995,0.022000000000000002,0.0548,456774636701154.562500
-0.05827999999999994,0.0244,0.0548,456774636701154.562500
-0.05826999999999999,0.0236,0.055600000000000004,456774636701154.562500
-0.05825999999999998,0.0228,0.0572,456774636701154.562500
-0.05824999999999997,0.022000000000000002,0.056400000000000006,456774636701154.562500
-0.05823999999999996,0.0228,0.056400000000000006,456774636701154.562500
-0.05822999999999995,0.022000000000000002,0.050800000000000005,456774636701154.562500
-0.05821999999999994,0.0196,0.0572,456774636701154.562500
-0.058209999999999984,0.022000000000000002,0.0516,456774636701154.562500
-0.058199999999999974,0.022000000000000002,0.058,456774636701154.562500
-0.058189999999999964,0.0228,0.050800000000000005,456774636701154.562500
-0.058179999999999954,0.0212,0.0572,456774636701154.562500
-0.058169999999999944,0.0244,0.055600000000000004,456774636701154.562500
-0.05815999999999999,0.022000000000000002,0.058,456774636701154.562500
-0.05814999999999998,0.0228,0.0548,456774636701154.562500
-0.05813999999999997,0.0244,0.0572,456774636701154.562500
-0.05812999999999996,0.022000000000000002,0.056400000000000006,456774636701154.562500
-0.05811999999999995,0.0228,0.058,456774636701154.562500
-0.05810999999999994,0.0244,0.0572,456774636701154.562500
-0.058099999999999985,0.0236,0.055600000000000004,456774636701154.562500
-0.058089999999999975,0.022000000000000002,0.056400000000000006,456774636701154.562500
-0.058079999999999965,0.0268,0.0468,456774636701154.562500
-0.058069999999999955,0.0244,0.053200000000000004,456774636701154.562500
-0.058059999999999945,0.0244,0.0476,456774636701154.562500
-0.05804999999999999,0.0236,0.0572,456774636701154.562500
-0.05803999999999998,0.0244,0.055600000000000004,456774636701154.562500
-0.05802999999999997,0.0244,0.0596,456774636701154.562500
-0.05801999999999996,0.0244,0.055600000000000004,456774636701154.562500
-0.05800999999999995,0.0212,0.0516,456774636701154.562500
-0.05799999999999994,0.0236,0.0548,456774636701154.562500
-0.057989999999999986,0.0236,0.0548,456774636701154.562500
-0.057979999999999976,0.0228,0.0548,456774636701154.562500
-0.057969999999999966,0.0204,0.056400000000000006,456774636701154.562500
-0.057959999999999956,0.022000000000000002,0.050800000000000005,456774636701154.562500
-0.057949999999999946,0.0228,0.0572,456774636701154.562500
-0.05793999999999999,0.022000000000000002,0.058,456774636701154.562500
-0.05792999999999998,0.0212,0.056400000000000006,456774636701154.562500
-0.05791999999999997,0.0228,0.055600000000000004,456774636701154.562500
-0.05790999999999996,0.022000000000000002,0.054,456774636701154.562500
-0.05789999999999995,0.0204,0.056400000000000006,456774636701154.562500
-0.05788999999999994,0.0204,0.058,456774636701154.562500
-0.05787999999999999,0.0228,0.058,456774636701154.562500
-0.05786999999999998,0.0228,0.056400000000000006,456774636701154.562500
-0.05785999999999997,0.0204,0.056400000000000006,456774636701154.562500
-0.05784999999999996,0.0204,0.0548,456774636701154.562500
-0.05783999999999995,0.022000000000000002,0.054,456774636701154.562500
-0.05782999999999994,0.0236,0.056400000000000006,456774636701154.562500
-0.05781999999999998,0.0236,0.056400000000000006,456774636701154.562500
-0.05780999999999997,0.0244,0.0572,456774636701154.562500
-0.05779999999999996,0.022000000000000002,0.056400000000000006,456774636701154.562500
-0.05778999999999995,0.0236,0.055600000000000004,456774636701154.562500
-0.05777999999999994,0.0244,0.0548,456774636701154.562500
-0.05776999999999999,0.0252,0.055600000000000004,456774636701154.562500
-0.05775999999999998,0.0228,0.0548,456774636701154.562500
-0.05774999999999997,0.0244,0.0548,456774636701154.562500
-0.05773999999999996,0.0252,0.058,456774636701154.562500
-0.05772999999999995,0.0196,0.056400000000000006,456774636701154.562500
-0.05771999999999994,0.0236,0.056400000000000006,456774636701154.562500
-0.057709999999999984,0.0204,0.050800000000000005,456774636701154.562500
-0.057699999999999974,0.0244,0.0572,456774636701154.562500
-0.057689999999999964,0.0204,0.0548,456774636701154.562500
-0.057679999999999954,0.0228,0.054,456774636701154.562500
-0.057669999999999944,0.0196,0.0572,456774636701154.562500
-0.05765999999999999,0.0212,0.0572,456774636701154.562500
-0.05764999999999998,0.0228,0.0572,456774636701154.562500
-0.05763999999999997,0.0228,0.056400000000000006,456774636701154.562500
-0.05762999999999996,0.022000000000000002,0.053200000000000004,456774636701154.562500
-0.05761999999999995,0.0196,0.054,456774636701154.562500
-0.05760999999999994,0.0236,0.056400000000000006,456774636701154.562500
-0.057599999999999985,0.0204,0.056400000000000006,456774636701154.562500
-0.057589999999999975,0.022000000000000002,0.055600000000000004,456774636701154.562500
-0.057579999999999965,0.0228,0.056400000000000006,456774636701154.562500
-0.057569999999999955,0.0228,0.0492,456774636701154.562500
-0.057559999999999945,0.0236,0.055600000000000004,456774636701154.562500
-0.05754999999999999,0.0228,0.05,456774636701154.562500
-0.05753999999999998,0.022000000000000002,0.056400000000000006,456774636701154.562500
-0.05752999999999997,0.0244,0.0548,456774636701154.562500
-0.05751999999999996,0.0236,0.056400000000000006,456774636701154.562500
-0.05750999999999995,0.0244,0.050800000000000005,456774636701154.562500
-0.05749999999999994,0.018000000000000002,0.0572,456774636701154.562500
-0.057489999999999986,0.0212,0.056400000000000006,456774636701154.562500
-0.057479999999999976,0.0236,0.055600000000000004,456774636701154.562500
-0.057469999999999966,0.0252,0.054,456774636701154.562500
-0.057459999999999956,0.0252,0.0492,456774636701154.562500
-0.057449999999999946,0.018000000000000002,0.0572,456774636701154.562500
-0.05743999999999999,0.0244,0.0572,456774636701154.562500
-0.05742999999999998,0.0172,0.056400000000000006,456774636701154.562500
-0.05741999999999997,0.0164,0.0572,456774636701154.562500
-0.05740999999999996,0.022000000000000002,0.058,456774636701154.562500
-0.05739999999999995,0.0236,0.055600000000000004,456774636701154.562500
-0.05738999999999994,0.022000000000000002,0.056400000000000006,456774636701154.562500
-0.05737999999999999,0.022000000000000002,0.0572,456774636701154.562500
-0.05736999999999998,0.022000000000000002,0.054,456774636701154.562500
-0.05735999999999997,0.0196,0.054,456774636701154.562500
-0.05734999999999996,0.0236,0.056400000000000006,456774636701154.562500
-0.05733999999999995,0.0228,0.058,456774636701154.562500
-0.05732999999999994,0.0212,0.058,456774636701154.562500
-0.05731999999999998,0.022000000000000002,0.058,456774636701154.562500
-0.05730999999999997,0.022000000000000002,0.0548,456774636701154.562500
-0.05729999999999996,0.0204,0.056400000000000006,456774636701154.562500
-0.05728999999999995,0.0212,0.054,456774636701154.562500
-0.05727999999999994,0.0236,0.056400000000000006,456774636701154.562500
-0.05726999999999999,0.0228,0.054,456774636701154.562500
-0.05725999999999998,0.0228,0.056400000000000006,456774636701154.562500
-0.05724999999999997,0.022000000000000002,0.0572,456774636701154.562500
-0.05723999999999996,0.0228,0.056400000000000006,456774636701154.562500
-0.05722999999999995,0.0236,0.056400000000000006,456774636701154.562500
-0.05721999999999994,0.0252,0.056400000000000006,456774636701154.562500
-0.05720999999999998,0.0244,0.0524,456774636701154.562500
-0.05719999999999997,0.0228,0.055600000000000004,456774636701154.562500
-0.05718999999999996,0.0244,0.055600000000000004,456774636701154.562500
-0.05717999999999995,0.026000000000000002,0.0572,456774636701154.562500
-0.05716999999999994,0.0244,0.056400000000000006,456774636701154.562500
-0.05715999999999999,0.0236,0.053200000000000004,456774636701154.562500
-0.05714999999999998,0.0252,0.054,456774636701154.562500
-0.05713999999999997,0.0244,0.0436,456774636701154.562500
-0.05712999999999996,0.0228,0.0572,456774636701154.562500
-0.05711999999999995,0.022000000000000002,0.0524,456774636701154.562500
-0.05710999999999994,0.0228,0.054,456774636701154.562500
-0.057099999999999984,0.018000000000000002,0.058,456774636701154.562500
-0.057089999999999974,0.0236,0.053200000000000004,456774636701154.562500
-0.057079999999999964,0.022000000000000002,0.056400000000000006,456774636701154.562500
-0.057069999999999954,0.022000000000000002,0.0548,456774636701154.562500
-0.057059999999999944,0.022000000000000002,0.058,456774636701154.562500
-0.05704999999999999,0.022000000000000002,0.0572,456774636701154.562500
-0.05703999999999998,0.014,0.0572,456774636701154.562500
-0.05702999999999997,0.022000000000000002,0.056400000000000006,456774636701154.562500
-0.05701999999999996,0.022000000000000002,0.0548,456774636701154.562500
-0.05700999999999995,0.0188,0.056400000000000006,456774636701154.562500
-0.05699999999999994,0.0204,0.056400000000000006,456774636701154.562500
-0.056989999999999985,0.022000000000000002,0.056400000000000006,456774636701154.562500
-0.056979999999999975,0.0228,0.0572,456774636701154.562500
-0.056969999999999965,0.0228,0.054,456774636701154.562500
-0.056959999999999955,0.022000000000000002,0.0476,456774636701154.562500
-0.056949999999999945,0.0212,0.055600000000000004,456774636701154.562500
-0.05693999999999999,0.0228,0.050800000000000005,456774636701154.562500
-0.05692999999999998,0.022000000000000002,0.0596,456774636701154.562500
-0.05691999999999997,0.0212,0.050800000000000005,456774636701154.562500
-0.05690999999999996,0.0228,0.056400000000000006,456774636701154.562500
-0.05689999999999995,0.0244,0.054,456774636701154.562500
-0.05688999999999994,0.0228,0.056400000000000006,456774636701154.562500
-0.056879999999999986,0.0244,0.055600000000000004,456774636701154.562500
-0.056869999999999976,0.0244,0.050800000000000005,456774636701154.562500
-0.056859999999999966,0.0228,0.054,456774636701154.562500
-0.056849999999999956,0.0252,0.0516,456774636701154.562500
-0.056839999999999946,0.0244,0.055600000000000004,456774636701154.562500
-0.056829999999999936,0.0236,0.055600000000000004,456774636701154.562500
-0.05681999999999998,0.0244,0.056400000000000006,456774636701154.562500
-0.05680999999999997,0.022000000000000002,0.0548,456774636701154.562500
-0.05679999999999996,0.0244,0.055600000000000004,456774636701154.562500
-0.05678999999999995,0.0188,0.0548,456774636701154.562500
-0.05677999999999994,0.022000000000000002,0.055600000000000004,456774636701154.562500
-0.05676999999999999,0.015600000000000001,0.056400000000000006,456774636701154.562500
-0.05675999999999998,0.0228,0.056400000000000006,456774636701154.562500
-0.05674999999999997,0.022000000000000002,0.056400000000000006,456774636701154.562500
-0.05673999999999996,0.0212,0.0572,456774636701154.562500
-0.05672999999999995,0.0212,0.0524,456774636701154.562500
-0.05671999999999994,0.022000000000000002,0.054,456774636701154.562500
-0.05670999999999998,0.022000000000000002,0.054,456774636701154.562500
-0.05669999999999997,0.022000000000000002,0.058,456774636701154.562500
-0.05668999999999996,0.022000000000000002,0.0572,456774636701154.562500
-0.05667999999999995,0.0228,0.056400000000000006,456774636701154.562500
-0.05666999999999994,0.022000000000000002,0.055600000000000004,456774636701154.562500
-0.05665999999999999,0.0164,0.0548,456774636701154.562500
-0.05664999999999998,0.0236,0.0492,456774636701154.562500
-0.05663999999999997,0.015600000000000001,0.0572,456774636701154.562500
-0.05662999999999996,0.015600000000000001,0.05,456774636701154.562500
-0.05661999999999995,0.0204,0.054,456774636701154.562500
-0.05660999999999994,0.022000000000000002,0.056400000000000006,456774636701154.562500
-0.056599999999999984,0.0236,0.050800000000000005,456774636701154.562500
-0.056589999999999974,0.0252,0.056400000000000006,456774636701154.562500
-0.056579999999999964,0.022000000000000002,0.0548,456774636701154.562500
-0.056569999999999954,0.0244,0.056400000000000006,456774636701154.562500
-0.056559999999999944,0.022000000000000002,0.058,456774636701154.562500
-0.05654999999999999,0.026000000000000002,0.056400000000000006,456774636701154.562500
-0.05653999999999998,0.0236,0.056400000000000006,456774636701154.562500
-0.05652999999999997,0.0244,0.0572,456774636701154.562500
-0.05651999999999996,0.0164,0.0548,456774636701154.562500
-0.05650999999999995,0.022000000000000002,0.058,456774636701154.562500
-0.05649999999999994,0.0236,0.0516,456774636701154.562500
-0.056489999999999985,0.0228,0.056400000000000006,456774636701154.562500
-0.056479999999999975,0.0228,0.055600000000000004,456774636701154.562500
-0.056469999999999965,0.0236,0.056400000000000006,456774636701154.562500
-0.056459999999999955,0.0244,0.058,456774636701154.562500
-0.056449999999999945,0.0228,0.0572,456774636701154.562500
-0.05643999999999999,0.022000000000000002,0.055600000000000004,456774636701154.562500
-0.05642999999999998,0.0204,0.0572,456774636701154.562500
-0.05641999999999997,0.0236,0.0572,456774636701154.562500
-0.05640999999999996,0.022000000000000002,0.058,456774636701154.562500
-0.05639999999999995,0.0204,0.056400000000000006,456774636701154.562500
-0.05638999999999994,0.0188,0.053200000000000004,456774636701154.562500
-0.056379999999999986,0.0212,0.055600000000000004,456774636701154.562500
-0.056369999999999976,0.0228,0.0524,456774636701154.562500
-0.056359999999999966,0.0212,0.056400000000000006,456774636701154.562500
-0.056349999999999956,0.022000000000000002,0.05,456774636701154.562500
-0.056339999999999946,0.0196,0.0572,456774636701154.562500
-0.05632999999999999,0.018000000000000002,0.056400000000000006,456774636701154.562500
-0.05631999999999998,0.0196,0.058,456774636701154.562500
-0.05630999999999997,0.0228,0.056400000000000006,456774636701154.562500
-0.05629999999999996,0.0228,0.058,456774636701154.562500
-0.05628999999999995,0.0236,0.055600000000000004,456774636701154.562500
-0.05627999999999994,0.0252,0.055600000000000004,456774636701154.562500
-0.05626999999999999,0.0252,0.056400000000000006,456774636701154.562500
-0.05625999999999998,0.0244,0.056400000000000006,456774636701154.562500
-0.05624999999999997,0.0236,0.056400000000000006,456774636701154.562500
-0.05623999999999996,0.0236,0.056400000000000006,456774636701154.562500
-0.05622999999999995,0.0252,0.0572,456774636701154.562500
-0.05621999999999994,0.022000000000000002,0.055600000000000004,456774636701154.562500
-0.05620999999999998,0.0228,0.055600000000000004,456774636701154.562500
-0.05619999999999997,0.0244,0.0548,456774636701154.562500
-0.05618999999999996,0.0212,0.056400000000000006,456774636701154.562500
-0.05617999999999995,0.0228,0.055600000000000004,456774636701154.562500
-0.05616999999999994,0.0204,0.056400000000000006,456774636701154.562500
-0.05615999999999999,0.0244,0.05,456774636701154.562500
-0.05614999999999998,0.0228,0.058800000000000005,456774636701154.562500
-0.05613999999999997,0.0204,0.054,456774636701154.562500
-0.05612999999999996,0.0228,0.055600000000000004,456774636701154.562500
-0.05611999999999995,0.0228,0.0572,456774636701154.562500
-0.05610999999999994,0.0212,0.0572,456774636701154.562500
-0.05609999999999998,0.022000000000000002,0.056400000000000006,456774636701154.562500
-0.05608999999999997,0.022000000000000002,0.0572,456774636701154.562500
-0.05607999999999996,0.0228,0.058,456774636701154.562500
-0.05606999999999995,0.0188,0.056400000000000006,456774636701154.562500
-0.05605999999999994,0.0228,0.053200000000000004,456774636701154.562500
-0.05604999999999999,0.0196,0.0572,456774636701154.562500
-0.05603999999999998,0.0236,0.056400000000000006,456774636701154.562500
-0.05602999999999997,0.0228,0.055600000000000004,456774636701154.562500
-0.05601999999999996,0.0204,0.0516,456774636701154.562500
-0.05600999999999995,0.0236,0.0492,456774636701154.562500
-0.05599999999999994,0.0228,0.0572,456774636701154.562500
-0.055989999999999984,0.0236,0.0572,456774636701154.562500
-0.055979999999999974,0.0236,0.0572,456774636701154.562500
-0.055969999999999964,0.0244,0.055600000000000004,456774636701154.562500
-0.055959999999999954,0.0244,0.055600000000000004,456774636701154.562500
-0.055949999999999944,0.0244,0.0524,456774636701154.562500
-0.05593999999999999,0.0244,0.056400000000000006,456774636701154.562500
-0.05592999999999998,0.0244,0.0476,456774636701154.562500
-0.05591999999999997,0.0244,0.056400000000000006,456774636701154.562500
-0.05590999999999996,0.0244,0.055600000000000004,456774636701154.562500
-0.05589999999999995,0.0244,0.0572,456774636701154.562500
-0.05588999999999994,0.0236,0.056400000000000006,456774636701154.562500
-0.055879999999999985,0.0228,0.056400000000000006,456774636701154.562500
-0.055869999999999975,0.0228,0.055600000000000004,456774636701154.562500
-0.055859999999999965,0.0236,0.056400000000000006,456774636701154.562500
-0.055849999999999955,0.0212,0.0548,456774636701154.562500
-0.055839999999999945,0.022000000000000002,0.0572,456774636701154.562500
-0.05582999999999999,0.022000000000000002,0.058,456774636701154.562500
-0.05581999999999998,0.0188,0.0524,456774636701154.562500
-0.05580999999999997,0.022000000000000002,0.0572,456774636701154.562500
-0.05579999999999996,0.022000000000000002,0.053200000000000004,456774636701154.562500
-0.05578999999999995,0.022000000000000002,0.0572,456774636701154.562500
-0.05577999999999994,0.0228,0.056400000000000006,456774636701154.562500
-0.055769999999999986,0.0228,0.0572,456774636701154.562500
-0.055759999999999976,0.022000000000000002,0.055600000000000004,456774636701154.562500
-0.055749999999999966,0.022000000000000002,0.0548,456774636701154.562500
-0.055739999999999956,0.0228,0.058,456774636701154.562500
-0.055729999999999946,0.0212,0.056400000000000006,456774636701154.562500
-0.055719999999999936,0.0236,0.058,456774636701154.562500
-0.05570999999999998,0.0228,0.058,456774636701154.562500
-0.05569999999999997,0.022000000000000002,0.055600000000000004,456774636701154.562500
-0.05568999999999996,0.0236,0.054,456774636701154.562500
-0.05567999999999995,0.0252,0.056400000000000006,456774636701154.562500
-0.05566999999999994,0.0236,0.048400000000000006,456774636701154.562500
-0.05565999999999999,0.0244,0.0572,456774636701154.562500
-0.05564999999999998,0.0244,0.0572,456774636701154.562500
-0.05563999999999997,0.0212,0.0572,456774636701154.562500
-0.05562999999999996,0.0236,0.0516,456774636701154.562500
-0.05561999999999995,0.0244,0.054,456774636701154.562500
-0.05560999999999994,0.0236,0.050800000000000005,456774636701154.562500
-0.05559999999999998,0.0252,0.0572,456774636701154.562500
-0.05558999999999997,0.022000000000000002,0.054,456774636701154.562500
-0.05557999999999996,0.0236,0.0572,456774636701154.562500
-0.05556999999999995,0.0244,0.055600000000000004,456774636701154.562500
-0.05555999999999994,0.022000000000000002,0.056400000000000006,456774636701154.562500
-0.05554999999999999,0.0244,0.056400000000000006,456774636701154.562500
-0.05553999999999998,0.0196,0.0524,456774636701154.562500
-0.05552999999999997,0.0228,0.056400000000000006,456774636701154.562500
-0.05551999999999996,0.0204,0.056400000000000006,456774636701154.562500
-0.05550999999999995,0.0212,0.0572,456774636701154.562500
-0.05549999999999994,0.0204,0.058,456774636701154.562500
-0.055489999999999984,0.022000000000000002,0.056400000000000006,456774636701154.562500
-0.055479999999999974,0.0204,0.0572,456774636701154.562500
-0.055469999999999964,0.022000000000000002,0.0572,456774636701154.562500
-0.055459999999999954,0.0204,0.0572,456774636701154.562500
-0.055449999999999944,0.0228,0.055600000000000004,456774636701154.562500
-0.05543999999999999,0.0236,0.058800000000000005,456774636701154.562500
-0.05542999999999998,0.022000000000000002,0.0548,456774636701154.562500
-0.05541999999999997,0.0244,0.0524,456774636701154.562500
-0.05540999999999996,0.022000000000000002,0.046,456774636701154.562500
-0.05539999999999995,0.022000000000000002,0.055600000000000004,456774636701154.562500
-0.05538999999999994,0.0252,0.056400000000000006,456774636701154.562500
-0.055379999999999985,0.0228,0.0572,456774636701154.562500
-0.055369999999999975,0.026000000000000002,0.055600000000000004,456774636701154.562500
-0.055359999999999965,0.0236,0.0572,456774636701154.562500
-0.055349999999999955,0.0244,0.054,456774636701154.562500
-0.055339999999999945,0.0236,0.058800000000000005,456774636701154.562500
-0.05532999999999999,0.0252,0.056400000000000006,456774636701154.562500
-0.05531999999999998,0.0244,0.0572,456774636701154.562500
-0.05530999999999997,0.0244,0.058800000000000005,456774636701154.562500
-0.05529999999999996,0.0244,0.054,456774636701154.562500
-0.05528999999999995,0.0228,0.056400000000000006,456774636701154.562500
-0.05527999999999994,0.022000000000000002,0.055600000000000004,456774636701154.562500
-0.055269999999999986,0.0244,0.0596,456774636701154.562500
-0.055259999999999976,0.0212,0.0524,456774636701154.562500
-0.055249999999999966,0.0228,0.0572,456774636701154.562500
-0.055239999999999956,0.022000000000000002,0.058,456774636701154.562500
-0.055229999999999946,0.0204,0.0596,456774636701154.562500
-0.05521999999999999,0.0228,0.056400000000000006,456774636701154.562500
-0.05520999999999998,0.022000000000000002,0.0548,456774636701154.562500
-0.05519999999999997,0.0228,0.055600000000000004,456774636701154.562500
-0.05518999999999996,0.0204,0.050800000000000005,456774636701154.562500
-0.05517999999999995,0.0236,0.0516,456774636701154.562500
-0.05516999999999994,0.0228,0.0492,456774636701154.562500
-0.05515999999999999,0.022000000000000002,0.055600000000000004,456774636701154.562500
-0.05514999999999998,0.0244,0.054,456774636701154.562500
-0.05513999999999997,0.0236,0.053200000000000004,456774636701154.562500
-0.05512999999999996,0.022000000000000002,0.053200000000000004,456774636701154.562500
-0.05511999999999995,0.0228,0.058800000000000005,456774636701154.562500
-0.05510999999999994,0.022000000000000002,0.0572,456774636701154.562500
-0.05509999999999998,0.0228,0.055600000000000004,456774636701154.562500
-0.05508999999999997,0.0236,0.05,456774636701154.562500
-0.05507999999999996,0.022000000000000002,0.055600000000000004,456774636701154.562500
-0.05506999999999995,0.0236,0.056400000000000006,456774636701154.562500
-0.05505999999999994,0.0252,0.0572,456774636701154.562500
-0.05504999999999999,0.0252,0.056400000000000006,456774636701154.562500
-0.05503999999999998,0.022000000000000002,0.056400000000000006,456774636701154.562500
-0.05502999999999997,0.0252,0.0572,456774636701154.562500
-0.05501999999999996,0.022000000000000002,0.0548,456774636701154.562500
-0.05500999999999995,0.0252,0.058,456774636701154.562500
-0.05499999999999994,0.0204,0.0572,456774636701154.562500
-0.05498999999999998,0.0244,0.055600000000000004,456774636701154.562500
-0.05497999999999997,0.0244,0.054,456774636701154.562500
-0.05496999999999996,0.0228,0.0548,456774636701154.562500
-0.05495999999999995,0.018000000000000002,0.053200000000000004,456774636701154.562500
-0.05494999999999994,0.0228,0.0548,456774636701154.562500
-0.05493999999999999,0.0228,0.0548,456774636701154.562500
-0.05492999999999998,0.0236,0.055600000000000004,456774636701154.562500
-0.05491999999999997,0.0244,0.0548,456774636701154.562500
-0.05490999999999996,0.0212,0.0596,456774636701154.562500
-0.05489999999999995,0.022000000000000002,0.056400000000000006,456774636701154.562500
-0.05488999999999994,0.022000000000000002,0.0572,456774636701154.562500
-0.054879999999999984,0.0212,0.0572,456774636701154.562500
-0.054869999999999974,0.0212,0.048400000000000006,456774636701154.562500
-0.054859999999999964,0.022000000000000002,0.054,456774636701154.562500
-0.054849999999999954,0.022000000000000002,0.055600000000000004,456774636701154.562500
-0.054839999999999944,0.0236,0.058,456774636701154.562500
-0.05482999999999999,0.0228,0.054,456774636701154.562500
-0.05481999999999998,0.0244,0.054,456774636701154.562500
-0.05480999999999997,0.0212,0.0492,456774636701154.562500
-0.05479999999999996,0.0204,0.056400000000000006,456774636701154.562500
-0.05478999999999995,0.022000000000000002,0.056400000000000006,456774636701154.562500
-0.05477999999999994,0.0236,0.058800000000000005,456774636701154.562500
-0.054769999999999985,0.0244,0.058,456774636701154.562500
-0.054759999999999975,0.0204,0.056400000000000006,456774636701154.562500
-0.054749999999999965,0.0228,0.0548,456774636701154.562500
-0.054739999999999955,0.0228,0.058,456774636701154.562500
-0.054729999999999945,0.0236,0.0572,456774636701154.562500
-0.05471999999999999,0.0236,0.058,456774636701154.562500
-0.05470999999999998,0.0244,0.0548,456774636701154.562500
-0.05469999999999997,0.0244,0.055600000000000004,456774636701154.562500
-0.05468999999999996,0.0244,0.054,456774636701154.562500
-0.05467999999999995,0.0228,0.056400000000000006,456774636701154.562500
-0.05466999999999994,0.0228,0.054,456774636701154.562500
-0.054659999999999986,0.0236,0.0572,456774636701154.562500
-0.054649999999999976,0.022000000000000002,0.056400000000000006,456774636701154.562500
-0.054639999999999966,0.022000000000000002,0.058,456774636701154.562500
-0.054629999999999956,0.0228,0.058,456774636701154.562500
-0.054619999999999946,0.0244,0.058,456774636701154.562500
-0.054609999999999936,0.0172,0.0572,456774636701154.562500
-0.05459999999999998,0.0212,0.058800000000000005,456774636701154.562500
-0.05458999999999997,0.0172,0.056400000000000006,456774636701154.562500
-0.05457999999999996,0.022000000000000002,0.056400000000000006,456774636701154.562500
-0.05456999999999995,0.0236,0.054,456774636701154.562500
-0.05455999999999994,0.022000000000000002,0.0524,456774636701154.562500
-0.05454999999999999,0.0212,0.0572,456774636701154.562500
-0.05453999999999998,0.0204,0.054,456774636701154.562500
-0.05452999999999997,0.0228,0.054,456774636701154.562500
-0.05451999999999996,0.0228,0.056400000000000006,456774636701154.562500
-0.05450999999999995,0.0228,0.0524,456774636701154.562500
-0.05449999999999994,0.022000000000000002,0.058,456774636701154.562500
-0.05448999999999998,0.0196,0.0572,456774636701154.562500
-0.05447999999999997,0.0196,0.0604,456774636701154.562500
-0.05446999999999996,0.0244,0.058,456774636701154.562500
-0.05445999999999995,0.0244,0.0548,456774636701154.562500
-0.05444999999999994,0.0244,0.056400000000000006,456774636701154.562500
-0.05443999999999999,0.0252,0.0572,456774636701154.562500
-0.05442999999999998,0.026000000000000002,0.058,456774636701154.562500
-0.05441999999999997,0.0236,0.055600000000000004,456774636701154.562500
-0.05440999999999996,0.0244,0.056400000000000006,456774636701154.562500
-0.05439999999999995,0.022000000000000002,0.054,456774636701154.562500
-0.05438999999999994,0.0212,0.058800000000000005,456774636701154.562500
-0.054379999999999984,0.0244,0.0572,456774636701154.562500
-0.054369999999999974,0.0236,0.0572,456774636701154.562500
-0.054359999999999964,0.0236,0.050800000000000005,456774636701154.562500
-0.054349999999999954,0.0236,0.0572,456774636701154.562500
-0.054339999999999944,0.0228,0.0548,456774636701154.562500
-0.05432999999999999,0.022000000000000002,0.055600000000000004,456774636701154.562500
-0.05431999999999998,0.022000000000000002,0.0572,456774636701154.562500
-0.05430999999999997,0.022000000000000002,0.0572,456774636701154.562500
-0.05429999999999996,0.0212,0.058,456774636701154.562500
-0.05428999999999995,0.0228,0.0572,456774636701154.562500
-0.05427999999999994,0.0236,0.055600000000000004,456774636701154.562500
-0.054269999999999985,0.0212,0.0572,456774636701154.562500
-0.054259999999999975,0.0236,0.0572,456774636701154.562500
-0.054249999999999965,0.0212,0.0572,456774636701154.562500
-0.054239999999999955,0.0204,0.056400000000000006,456774636701154.562500
-0.054229999999999945,0.0228,0.0572,456774636701154.562500
-0.05421999999999999,0.0212,0.056400000000000006,456774636701154.562500
-0.05420999999999998,0.0228,0.054,456774636701154.562500
-0.05419999999999997,0.0228,0.055600000000000004,456774636701154.562500
-0.05418999999999996,0.0212,0.0572,456774636701154.562500
-0.05417999999999995,0.022000000000000002,0.056400000000000006,456774636701154.562500
-0.05416999999999994,0.0236,0.058,456774636701154.562500
-0.054159999999999986,0.0236,0.056400000000000006,456774636701154.562500
-0.054149999999999976,0.0236,0.0572,456774636701154.562500
-0.054139999999999966,0.0252,0.054,456774636701154.562500
-0.054129999999999956,0.0228,0.058,456774636701154.562500
-0.054119999999999946,0.0236,0.056400000000000006,456774636701154.562500
-0.054109999999999936,0.0252,0.058,456774636701154.562500
-0.05409999999999998,0.0228,0.056400000000000006,456774636701154.562500
-0.05408999999999997,0.0244,0.050800000000000005,456774636701154.562500
-0.05407999999999996,0.0236,0.05,456774636701154.562500
-0.05406999999999995,0.0228,0.053200000000000004,456774636701154.562500
-0.05405999999999994,0.0244,0.055600000000000004,456774636701154.562500
-0.05404999999999999,0.0236,0.055600000000000004,456774636701154.562500
-0.05403999999999998,0.0236,0.055600000000000004,456774636701154.562500
-0.05402999999999997,0.0236,0.055600000000000004,456774636701154.562500
-0.05401999999999996,0.022000000000000002,0.055600000000000004,456774636701154.562500
-0.05400999999999995,0.0236,0.0572,456774636701154.562500
-0.05399999999999994,0.0212,0.0548,456774636701154.562500
-0.05398999999999998,0.0212,0.058800000000000005,456774636701154.562500
-0.05397999999999997,0.0204,0.0492,456774636701154.562500
-0.05396999999999996,0.0164,0.055600000000000004,456774636701154.562500
-0.05395999999999995,0.018000000000000002,0.0516,456774636701154.562500
-0.05394999999999994,0.0188,0.055600000000000004,456774636701154.562500
-0.05393999999999999,0.0204,0.0572,456774636701154.562500
-0.05392999999999998,0.0212,0.056400000000000006,456774636701154.562500
-0.05391999999999997,0.0196,0.056400000000000006,456774636701154.562500
-0.05390999999999996,0.0204,0.050800000000000005,456774636701154.562500
-0.05389999999999995,0.022000000000000002,0.056400000000000006,456774636701154.562500
-0.05388999999999994,0.0204,0.056400000000000006,456774636701154.562500
-0.05387999999999998,0.0228,0.056400000000000006,456774636701154.562500
-0.05386999999999997,0.022000000000000002,0.053200000000000004,456774636701154.562500
-0.05385999999999996,0.0244,0.0476,456774636701154.562500
-0.05384999999999995,0.0228,0.056400000000000006,456774636701154.562500
-0.05383999999999994,0.0236,0.0492,456774636701154.562500
-0.05382999999999999,0.0228,0.058,456774636701154.562500
-0.05381999999999998,0.0244,0.056400000000000006,456774636701154.562500
-0.05380999999999997,0.0252,0.0572,456774636701154.562500
-0.05379999999999996,0.0204,0.055600000000000004,456774636701154.562500
-0.05378999999999995,0.0228,0.0572,456774636701154.562500
-0.05377999999999994,0.022000000000000002,0.056400000000000006,456774636701154.562500
-0.053769999999999984,0.0244,0.058800000000000005,456774636701154.562500
-0.053759999999999974,0.0212,0.056400000000000006,456774636701154.562500
-0.053749999999999964,0.0172,0.056400000000000006,456774636701154.562500
-0.053739999999999954,0.0196,0.0524,456774636701154.562500
-0.053729999999999944,0.022000000000000002,0.053200000000000004,456774636701154.562500
-0.05371999999999999,0.0244,0.0572,456774636701154.562500
-0.05370999999999998,0.0236,0.050800000000000005,456774636701154.562500
-0.05369999999999997,0.022000000000000002,0.050800000000000005,456774636701154.562500
-0.05368999999999996,0.022000000000000002,0.055600000000000004,456774636701154.562500
-0.05367999999999995,0.0228,0.056400000000000006,456774636701154.562500
-0.05366999999999994,0.0204,0.058,456774636701154.562500
-0.053659999999999985,0.0228,0.0572,456774636701154.562500
-0.053649999999999975,0.0228,0.058800000000000005,456774636701154.562500
-0.053639999999999965,0.0228,0.056400000000000006,456774636701154.562500
-0.053629999999999955,0.0228,0.058,456774636701154.562500
-0.053619999999999945,0.0228,0.055600000000000004,456774636701154.562500
-0.05360999999999999,0.0228,0.058,456774636701154.562500
-0.05359999999999998,0.0228,0.0572,456774636701154.562500
-0.05358999999999997,0.0228,0.0572,456774636701154.562500
-0.05357999999999996,0.0172,0.048400000000000006,456774636701154.562500
-0.05356999999999995,0.0228,0.055600000000000004,456774636701154.562500
-0.05355999999999994,0.0228,0.0548,456774636701154.562500
-0.053549999999999986,0.0236,0.055600000000000004,456774636701154.562500
-0.053539999999999976,0.0212,0.050800000000000005,456774636701154.562500
-0.053529999999999966,0.0252,0.050800000000000005,456774636701154.562500
-0.053519999999999956,0.0244,0.048400000000000006,456774636701154.562500
-0.053509999999999946,0.0252,0.054,456774636701154.562500
-0.053499999999999936,0.0244,0.056400000000000006,456774636701154.562500
-0.05348999999999998,0.0252,0.0572,456774636701154.562500
-0.05347999999999997,0.0252,0.056400000000000006,456774636701154.562500
-0.05346999999999996,0.026000000000000002,0.0572,456774636701154.562500
-0.05345999999999995,0.0228,0.054,456774636701154.562500
-0.05344999999999994,0.0244,0.0572,456774636701154.562500
-0.05343999999999999,0.0236,0.0548,456774636701154.562500
-0.05342999999999998,0.0212,0.0572,456774636701154.562500
-0.05341999999999997,0.0236,0.0476,456774636701154.562500
-0.05340999999999996,0.0236,0.058,456774636701154.562500
-0.05339999999999995,0.0236,0.053200000000000004,456774636701154.562500
-0.05338999999999994,0.0204,0.0572,456774636701154.562500
-0.05337999999999998,0.0188,0.0524,456774636701154.562500
-0.05336999999999997,0.022000000000000002,0.058,456774636701154.562500
-0.05335999999999996,0.022000000000000002,0.055600000000000004,456774636701154.562500
-0.05334999999999995,0.0228,0.056400000000000006,456774636701154.562500
-0.05333999999999994,0.022000000000000002,0.056400000000000006,456774636701154.562500
-0.05332999999999999,0.0236,0.055600000000000004,456774636701154.562500
-0.05331999999999998,0.0228,0.056400000000000006,456774636701154.562500
-0.05330999999999997,0.0212,0.0548,456774636701154.562500
-0.05329999999999996,0.0228,0.054,456774636701154.562500
-0.05328999999999995,0.0236,0.0548,456774636701154.562500
-0.05327999999999994,0.0228,0.055600000000000004,456774636701154.562500
-0.053269999999999984,0.0212,0.058,456774636701154.562500
-0.053259999999999974,0.0236,0.056400000000000006,456774636701154.562500
-0.053249999999999964,0.0228,0.050800000000000005,456774636701154.562500
-0.053239999999999954,0.0244,0.0548,456774636701154.562500
-0.053229999999999944,0.0244,0.048400000000000006,456774636701154.562500
-0.05321999999999999,0.0236,0.0572,456774636701154.562500
-0.05320999999999998,0.0244,0.056400000000000006,456774636701154.562500
-0.05319999999999997,0.0244,0.056400000000000006,456774636701154.562500
-0.05318999999999996,0.0236,0.0572,456774636701154.562500
-0.05317999999999995,0.0236,0.055600000000000004,456774636701154.562500
-0.05316999999999994,0.0228,0.056400000000000006,456774636701154.562500
-0.053159999999999985,0.0212,0.056400000000000006,456774636701154.562500
-0.053149999999999975,0.0252,0.056400000000000006,456774636701154.562500
-0.053139999999999965,0.0204,0.058,456774636701154.562500
-0.053129999999999955,0.0228,0.055600000000000004,456774636701154.562500
-0.053119999999999945,0.0188,0.0572,456774636701154.562500
-0.05310999999999999,0.0228,0.0548,456774636701154.562500
-0.05309999999999998,0.022000000000000002,0.0596,456774636701154.562500
-0.05308999999999997,0.022000000000000002,0.0548,456774636701154.562500
-0.05307999999999996,0.0212,0.058800000000000005,456774636701154.562500
-0.05306999999999995,0.0236,0.055600000000000004,456774636701154.562500
-0.05305999999999994,0.0228,0.055600000000000004,456774636701154.562500
-0.053049999999999986,0.022000000000000002,0.055600000000000004,456774636701154.562500
-0.053039999999999976,0.0204,0.0572,456774636701154.562500
-0.053029999999999966,0.0236,0.0572,456774636701154.562500
-0.053019999999999956,0.0204,0.058,456774636701154.562500
-0.053009999999999946,0.0236,0.055600000000000004,456774636701154.562500
-0.052999999999999936,0.0204,0.058,456774636701154.562500
-0.05298999999999998,0.022000000000000002,0.0548,456774636701154.562500
-0.05297999999999997,0.0212,0.055600000000000004,456774636701154.562500
-0.05296999999999996,0.0236,0.058,456774636701154.562500
-0.05295999999999995,0.0228,0.0476,456774636701154.562500
-0.05294999999999994,0.0228,0.055600000000000004,456774636701154.562500
-0.05293999999999999,0.0236,0.053200000000000004,456774636701154.562500
-0.05292999999999998,0.0252,0.058,456774636701154.562500
-0.05291999999999997,0.0228,0.0572,456774636701154.562500
-0.05290999999999996,0.0244,0.058800000000000005,456774636701154.562500
-0.05289999999999995,0.0236,0.0548,456774636701154.562500
-0.05288999999999994,0.0204,0.056400000000000006,456774636701154.562500
-0.05287999999999998,0.022000000000000002,0.056400000000000006,456774636701154.562500
-0.05286999999999997,0.0228,0.0572,456774636701154.562500
-0.05285999999999996,0.0244,0.055600000000000004,456774636701154.562500
-0.05284999999999995,0.0236,0.055600000000000004,456774636701154.562500
-0.05283999999999994,0.0244,0.055600000000000004,456774636701154.562500
-0.05282999999999999,0.0228,0.056400000000000006,456774636701154.562500
-0.05281999999999998,0.0228,0.056400000000000006,456774636701154.562500
-0.05280999999999997,0.022000000000000002,0.0572,456774636701154.562500
-0.05279999999999996,0.022000000000000002,0.0548,456774636701154.562500
-0.05278999999999995,0.0212,0.056400000000000006,456774636701154.562500
-0.05277999999999994,0.0212,0.0572,456774636701154.562500
-0.052769999999999984,0.0212,0.058,456774636701154.562500
-0.052759999999999974,0.0212,0.056400000000000006,456774636701154.562500
-0.052749999999999964,0.022000000000000002,0.0476,456774636701154.562500
-0.052739999999999954,0.0228,0.056400000000000006,456774636701154.562500
-0.052729999999999944,0.022000000000000002,0.0548,456774636701154.562500
-0.05271999999999999,0.0228,0.0572,456774636701154.562500
-0.05270999999999998,0.022000000000000002,0.056400000000000006,456774636701154.562500
-0.05269999999999997,0.0204,0.056400000000000006,456774636701154.562500
-0.05268999999999996,0.0228,0.0548,456774636701154.562500
-0.05267999999999995,0.0236,0.053200000000000004,456774636701154.562500
-0.05266999999999994,0.022000000000000002,0.053200000000000004,456774636701154.562500
-0.052659999999999985,0.0212,0.055600000000000004,456774636701154.562500
-0.052649999999999975,0.0236,0.0572,456774636701154.562500
-0.052639999999999965,0.0244,0.0572,456774636701154.562500
-0.052629999999999955,0.0228,0.056400000000000006,456774636701154.562500
-0.052619999999999945,0.0252,0.0572,456774636701154.562500
-0.05260999999999999,0.0244,0.055600000000000004,456774636701154.562500
-0.05259999999999998,0.026000000000000002,0.0548,456774636701154.562500
-0.05258999999999997,0.0212,0.056400000000000006,456774636701154.562500
-0.05257999999999996,0.0252,0.040400000000000005,456774636701154.562500
-0.05256999999999995,0.0236,0.0572,456774636701154.562500
-0.05255999999999994,0.0236,0.0548,456774636701154.562500
-0.052549999999999986,0.0236,0.055600000000000004,456774636701154.562500
-0.052539999999999976,0.022000000000000002,0.058,456774636701154.562500
-0.052529999999999966,0.0244,0.0572,456774636701154.562500
-0.052519999999999956,0.0212,0.0572,456774636701154.562500
-0.052509999999999946,0.0204,0.0572,456774636701154.562500
-0.05249999999999999,0.0236,0.0572,456774636701154.562500
-0.05248999999999998,0.0228,0.0572,456774636701154.562500
-0.05247999999999997,0.0236,0.056400000000000006,456774636701154.562500
-0.05246999999999996,0.0228,0.056400000000000006,456774636701154.562500
-0.05245999999999995,0.0212,0.0572,456774636701154.562500
-0.05244999999999994,0.022000000000000002,0.058800000000000005,456774636701154.562500
-0.05243999999999999,0.0212,0.0572,456774636701154.562500
-0.05242999999999998,0.0212,0.056400000000000006,456774636701154.562500
-0.05241999999999997,0.022000000000000002,0.0572,456774636701154.562500
-0.05240999999999996,0.0212,0.056400000000000006,456774636701154.562500
-0.05239999999999995,0.0228,0.056400000000000006,456774636701154.562500
-0.05238999999999994,0.022000000000000002,0.058800000000000005,456774636701154.562500
-0.05237999999999998,0.0196,0.053200000000000004,456774636701154.562500
-0.05236999999999997,0.022000000000000002,0.054,456774636701154.562500
-0.05235999999999996,0.022000000000000002,0.056400000000000006,456774636701154.562500
-0.05234999999999995,0.0236,0.0476,456774636701154.562500
-0.05233999999999994,0.0228,0.0468,456774636701154.562500
-0.05232999999999999,0.0236,0.0548,456774636701154.562500
-0.05231999999999998,0.0244,0.058,456774636701154.562500
-0.05230999999999997,0.022000000000000002,0.0572,456774636701154.562500
-0.05229999999999996,0.0212,0.0572,456774636701154.562500
-0.05228999999999995,0.0204,0.0516,456774636701154.562500
-0.05227999999999994,0.0236,0.058800000000000005,456774636701154.562500
-0.05226999999999998,0.0212,0.056400000000000006,456774636701154.562500
-0.05225999999999997,0.0212,0.055600000000000004,456774636701154.562500
-0.05224999999999996,0.022000000000000002,0.056400000000000006,456774636701154.562500
-0.05223999999999995,0.0244,0.055600000000000004,456774636701154.562500
-0.05222999999999994,0.022000000000000002,0.055600000000000004,456774636701154.562500
-0.05221999999999999,0.0228,0.0572,456774636701154.562500
-0.05220999999999998,0.0228,0.050800000000000005,456774636701154.562500
-0.05219999999999997,0.0236,0.0572,456774636701154.562500
-0.05218999999999996,0.022000000000000002,0.056400000000000006,456774636701154.562500
-0.05217999999999995,0.0228,0.054,456774636701154.562500
-0.05216999999999994,0.022000000000000002,0.055600000000000004,456774636701154.562500
-0.052159999999999984,0.0228,0.0468,456774636701154.562500
-0.052149999999999974,0.0236,0.0436,456774636701154.562500
-0.052139999999999964,0.022000000000000002,0.056400000000000006,456774636701154.562500
-0.052129999999999954,0.0196,0.058,456774636701154.562500
-0.052119999999999944,0.022000000000000002,0.0524,456774636701154.562500
-0.05210999999999999,0.022000000000000002,0.055600000000000004,456774636701154.562500
-0.05209999999999998,0.0228,0.056400000000000006,456774636701154.562500
-0.05208999999999997,0.022000000000000002,0.055600000000000004,456774636701154.562500
-0.05207999999999996,0.022000000000000002,0.055600000000000004,456774636701154.562500
-0.05206999999999995,0.0236,0.058,456774636701154.562500
-0.05205999999999994,0.022000000000000002,0.056400000000000006,456774636701154.562500
-0.052049999999999985,0.022000000000000002,0.056400000000000006,456774636701154.562500
-0.052039999999999975,0.0236,0.058,456774636701154.562500
-0.052029999999999965,0.0236,0.0572,456774636701154.562500
-0.052019999999999955,0.0236,0.055600000000000004,456774636701154.562500
-0.052009999999999945,0.0236,0.0572,456774636701154.562500
-0.05199999999999999,0.0252,0.056400000000000006,456774636701154.562500
-0.05198999999999998,0.0244,0.056400000000000006,456774636701154.562500
-0.05197999999999997,0.0228,0.0572,456774636701154.562500
-0.05196999999999996,0.0228,0.055600000000000004,456774636701154.562500
-0.05195999999999995,0.0244,0.053200000000000004,456774636701154.562500
-0.05194999999999994,0.022000000000000002,0.0548,456774636701154.562500
-0.051939999999999986,0.0252,0.054,456774636701154.562500
-0.051929999999999976,0.0244,0.055600000000000004,456774636701154.562500
-0.051919999999999966,0.0236,0.0572,456774636701154.562500
-0.051909999999999956,0.0228,0.0572,456774636701154.562500
-0.051899999999999946,0.022000000000000002,0.0572,456774636701154.562500
-0.051889999999999936,0.0212,0.0572,456774636701154.562500
-0.05187999999999998,0.0204,0.0572,456774636701154.562500
-0.05186999999999997,0.0204,0.0572,456774636701154.562500
-0.05185999999999996,0.022000000000000002,0.0572,456774636701154.562500
-0.05184999999999995,0.0236,0.0572,456774636701154.562500
-0.05183999999999994,0.0196,0.0572,456774636701154.562500
-0.05182999999999999,0.022000000000000002,0.055600000000000004,456774636701154.562500
-0.05181999999999998,0.0188,0.0572,456774636701154.562500
-0.05180999999999997,0.0196,0.056400000000000006,456774636701154.562500
-0.05179999999999996,0.0204,0.056400000000000006,456774636701154.562500
-0.05178999999999995,0.022000000000000002,0.056400000000000006,456774636701154.562500
-0.05177999999999994,0.018000000000000002,0.058,456774636701154.562500
-0.05176999999999998,0.0236,0.0572,456774636701154.562500
-0.05175999999999997,0.022000000000000002,0.0572,456774636701154.562500
-0.05174999999999996,0.022000000000000002,0.0572,456774636701154.562500
-0.05173999999999995,0.0228,0.058800000000000005,456774636701154.562500
-0.05172999999999994,0.0228,0.056400000000000006,456774636701154.562500
-0.05171999999999999,0.0236,0.058,456774636701154.562500
-0.05170999999999998,0.0252,0.056400000000000006,456774636701154.562500
-0.05169999999999997,0.0252,0.0572,456774636701154.562500
-0.05168999999999996,0.0252,0.056400000000000006,456774636701154.562500
-0.05167999999999995,0.0228,0.058,456774636701154.562500
-0.05166999999999994,0.0244,0.054,456774636701154.562500
-0.051659999999999984,0.0212,0.050800000000000005,456774636701154.562500
-0.051649999999999974,0.0244,0.0468,456774636701154.562500
-0.051639999999999964,0.0228,0.0524,456774636701154.562500
-0.051629999999999954,0.0228,0.05,456774636701154.562500
-0.051619999999999944,0.0188,0.0524,456774636701154.562500
-0.05160999999999999,0.0204,0.0516,456774636701154.562500
-0.05159999999999998,0.0228,0.0572,456774636701154.562500
-0.05158999999999997,0.0236,0.0548,456774636701154.562500
-0.05157999999999996,0.0228,0.0516,456774636701154.562500
-0.05156999999999995,0.0236,0.0572,456774636701154.562500
-0.05155999999999994,0.0196,0.055600000000000004,456774636701154.562500
-0.051549999999999985,0.0212,0.053200000000000004,456774636701154.562500
-0.051539999999999975,0.0228,0.054,456774636701154.562500
-0.051529999999999965,0.022000000000000002,0.0548,456774636701154.562500
-0.051519999999999955,0.022000000000000002,0.0572,456774636701154.562500
-0.051509999999999945,0.0228,0.0572,456774636701154.562500
-0.05149999999999999,0.022000000000000002,0.0572,456774636701154.562500
-0.05148999999999998,0.0236,0.0572,456774636701154.562500
-0.05147999999999997,0.022000000000000002,0.056400000000000006,456774636701154.562500
-0.05146999999999996,0.0236,0.058,456774636701154.562500
-0.05145999999999995,0.0228,0.050800000000000005,456774636701154.562500
-0.05144999999999994,0.0228,0.056400000000000006,456774636701154.562500
-0.051439999999999986,0.0212,0.056400000000000006,456774636701154.562500
-0.051429999999999976,0.0212,0.0548,456774636701154.562500
-0.051419999999999966,0.022000000000000002,0.058800000000000005,456774636701154.562500
-0.051409999999999956,0.0204,0.058,456774636701154.562500
-0.051399999999999946,0.0252,0.055600000000000004,456774636701154.562500
-0.051389999999999936,0.0228,0.0572,456774636701154.562500
-0.05137999999999998,0.0244,0.056400000000000006,456774636701154.562500
-0.05136999999999997,0.0196,0.054,456774636701154.562500
-0.05135999999999996,0.0236,0.056400000000000006,456774636701154.562500
-0.05134999999999995,0.0228,0.055600000000000004,456774636701154.562500
-0.05133999999999994,0.0252,0.058,456774636701154.562500
-0.05132999999999999,0.0244,0.0572,456774636701154.562500
-0.05131999999999998,0.0244,0.058,456774636701154.562500
-0.05130999999999997,0.0228,0.0572,456774636701154.562500
-0.05129999999999996,0.0228,0.0548,456774636701154.562500
-0.05128999999999995,0.0244,0.056400000000000006,456774636701154.562500
-0.05127999999999994,0.022000000000000002,0.055600000000000004,456774636701154.562500
-0.05126999999999998,0.0212,0.058,456774636701154.562500
-0.05125999999999997,0.022000000000000002,0.055600000000000004,456774636701154.562500
-0.05124999999999996,0.0204,0.0516,456774636701154.562500
-0.05123999999999995,0.022000000000000002,0.0572,456774636701154.562500
-0.05122999999999994,0.022000000000000002,0.055600000000000004,456774636701154.562500
-0.05121999999999999,0.0188,0.0548,456774636701154.562500
-0.05120999999999998,0.0204,0.055600000000000004,456774636701154.562500
-0.05119999999999997,0.0212,0.058,456774636701154.562500
-0.05118999999999996,0.0228,0.056400000000000006,456774636701154.562500
-0.05117999999999995,0.0228,0.0572,456774636701154.562500
-0.05116999999999994,0.0228,0.056400000000000006,456774636701154.562500
-0.05115999999999998,0.0228,0.0572,456774636701154.562500
-0.05114999999999997,0.0236,0.058,456774636701154.562500
-0.05113999999999996,0.0204,0.054,456774636701154.562500
-0.05112999999999995,0.0172,0.056400000000000006,456774636701154.562500
-0.05111999999999994,0.0228,0.058,456774636701154.562500
-0.05110999999999999,0.0252,0.0572,456774636701154.562500
-0.05109999999999998,0.0236,0.056400000000000006,456774636701154.562500
-0.05108999999999997,0.0244,0.056400000000000006,456774636701154.562500
-0.05107999999999996,0.0244,0.0548,456774636701154.562500
-0.05106999999999995,0.0244,0.0548,456774636701154.562500
-0.05105999999999994,0.022000000000000002,0.058,456774636701154.562500
-0.051049999999999984,0.0228,0.054,456774636701154.562500
-0.051039999999999974,0.0228,0.053200000000000004,456774636701154.562500
-0.051029999999999964,0.022000000000000002,0.058,456774636701154.562500
-0.051019999999999954,0.0228,0.056400000000000006,456774636701154.562500
-0.051009999999999944,0.0236,0.058,456774636701154.562500
-0.05099999999999999,0.022000000000000002,0.0572,456774636701154.562500
-0.05098999999999998,0.0236,0.056400000000000006,456774636701154.562500
-0.05097999999999997,0.0228,0.0572,456774636701154.562500
-0.05096999999999996,0.0236,0.053200000000000004,456774636701154.562500
-0.05095999999999995,0.0236,0.056400000000000006,456774636701154.562500
-0.05094999999999994,0.0228,0.055600000000000004,456774636701154.562500
-0.050939999999999985,0.022000000000000002,0.054,456774636701154.562500
-0.050929999999999975,0.0212,0.054,456774636701154.562500
-0.050919999999999965,0.0188,0.056400000000000006,456774636701154.562500
-0.050909999999999955,0.022000000000000002,0.054,456774636701154.562500
-0.050899999999999945,0.022000000000000002,0.0548,456774636701154.562500
-0.05088999999999999,0.0212,0.058,456774636701154.562500
-0.05087999999999998,0.0228,0.0548,456774636701154.562500
-0.05086999999999997,0.022000000000000002,0.0572,456774636701154.562500
-0.05085999999999996,0.022000000000000002,0.055600000000000004,456774636701154.562500
-0.05084999999999995,0.022000000000000002,0.055600000000000004,456774636701154.562500
-0.05083999999999994,0.022000000000000002,0.056400000000000006,456774636701154.562500
-0.050829999999999986,0.0236,0.056400000000000006,456774636701154.562500
-0.050819999999999976,0.0236,0.0572,456774636701154.562500
-0.050809999999999966,0.0236,0.0524,456774636701154.562500
-0.050799999999999956,0.0196,0.055600000000000004,456774636701154.562500
-0.050789999999999946,0.0244,0.056400000000000006,456774636701154.562500
-0.050779999999999936,0.0236,0.0572,456774636701154.562500
-0.05076999999999998,0.0244,0.0572,456774636701154.562500
-0.05075999999999997,0.0228,0.054,456774636701154.562500
-0.05074999999999996,0.0236,0.0524,456774636701154.562500
-0.05073999999999995,0.0244,0.0572,456774636701154.562500
-0.05072999999999994,0.0244,0.055600000000000004,456774636701154.562500
-0.05071999999999999,0.0236,0.056400000000000006,456774636701154.562500
-0.05070999999999998,0.0244,0.058,456774636701154.562500
-0.05069999999999997,0.0244,0.058,456774636701154.562500
-0.05068999999999996,0.0228,0.054,456774636701154.562500
-0.05067999999999995,0.0236,0.058,456774636701154.562500
-0.05066999999999994,0.0236,0.056400000000000006,456774636701154.562500
-0.05065999999999998,0.022000000000000002,0.0548,456774636701154.562500
-0.05064999999999997,0.0228,0.0524,456774636701154.562500
-0.05063999999999996,0.022000000000000002,0.055600000000000004,456774636701154.562500
-0.05062999999999995,0.0228,0.058,456774636701154.562500
-0.05061999999999994,0.0228,0.058,456774636701154.562500
-0.05060999999999999,0.022000000000000002,0.055600000000000004,456774636701154.562500
-0.05059999999999998,0.022000000000000002,0.058,456774636701154.562500
-0.05058999999999997,0.022000000000000002,0.054,456774636701154.562500
-0.05057999999999996,0.0228,0.0516,456774636701154.562500
-0.05056999999999995,0.0228,0.0476,456774636701154.562500
-0.05055999999999994,0.0236,0.0524,456774636701154.562500
-0.050549999999999984,0.0236,0.0572,456774636701154.562500
-0.050539999999999974,0.0228,0.0572,456774636701154.562500
-0.050529999999999964,0.0204,0.056400000000000006,456774636701154.562500
-0.050519999999999954,0.0204,0.054,456774636701154.562500
-0.050509999999999944,0.0204,0.055600000000000004,456774636701154.562500
-0.05049999999999999,0.0148,0.056400000000000006,456774636701154.562500
-0.05048999999999998,0.018000000000000002,0.0572,456774636701154.562500
-0.05047999999999997,0.0204,0.058800000000000005,456774636701154.562500
-0.05046999999999996,0.0236,0.058800000000000005,456774636701154.562500
-0.05045999999999995,0.0236,0.058800000000000005,456774636701154.562500
-0.05044999999999994,0.0236,0.053200000000000004,456774636701154.562500
-0.050439999999999985,0.0236,0.058,456774636701154.562500
-0.050429999999999975,0.0244,0.056400000000000006,456774636701154.562500
-0.050419999999999965,0.0236,0.056400000000000006,456774636701154.562500
-0.050409999999999955,0.0236,0.0516,456774636701154.562500
-0.050399999999999945,0.0244,0.0548,456774636701154.562500
-0.05038999999999999,0.0236,0.038,456774636701154.562500
-0.05037999999999998,0.0244,0.05,456774636701154.562500
-0.05036999999999997,0.022000000000000002,0.0468,456774636701154.562500
-0.05035999999999996,0.022000000000000002,0.0516,456774636701154.562500
-0.05034999999999995,0.0236,0.055600000000000004,456774636701154.562500
-0.05033999999999994,0.0204,0.0572,456774636701154.562500
-0.050329999999999986,0.0228,0.0572,456774636701154.562500
-0.050319999999999976,0.0212,0.055600000000000004,456774636701154.562500
-0.050309999999999966,0.0228,0.0572,456774636701154.562500
-0.050299999999999956,0.0228,0.0572,456774636701154.562500
-0.050289999999999946,0.0228,0.058,456774636701154.562500
-0.050279999999999936,0.0228,0.056400000000000006,456774636701154.562500
-0.05026999999999998,0.022000000000000002,0.055600000000000004,456774636701154.562500
-0.05025999999999997,0.0204,0.056400000000000006,456774636701154.562500
-0.05024999999999996,0.0228,0.058,456774636701154.562500
-0.05023999999999995,0.0196,0.058,456774636701154.562500
-0.05022999999999994,0.0212,0.0572,456774636701154.562500
-0.05021999999999999,0.0228,0.055600000000000004,456774636701154.562500
-0.05020999999999998,0.0236,0.055600000000000004,456774636701154.562500
-0.05019999999999997,0.022000000000000002,0.056400000000000006,456774636701154.562500
-0.05018999999999996,0.0236,0.0548,456774636701154.562500
-0.05017999999999995,0.0244,0.056400000000000006,456774636701154.562500
-0.05016999999999994,0.0236,0.0572,456774636701154.562500
-0.05015999999999998,0.0244,0.058,456774636701154.562500
-0.05014999999999997,0.0244,0.058,456774636701154.562500
-0.05013999999999996,0.0252,0.054,456774636701154.562500
-0.05012999999999995,0.0244,0.0572,456774636701154.562500
-0.05011999999999994,0.0252,0.055600000000000004,456774636701154.562500
-0.05010999999999999,0.0228,0.0572,456774636701154.562500
-0.05009999999999998,0.0244,0.0524,456774636701154.562500
-0.05008999999999997,0.0244,0.056400000000000006,456774636701154.562500
-0.05007999999999996,0.0236,0.0548,456774636701154.562500
-0.05006999999999995,0.0228,0.056400000000000006,456774636701154.562500
-0.05005999999999994,0.022000000000000002,0.0572,456774636701154.562500
-0.05004999999999998,0.0244,0.055600000000000004,456774636701154.562500
-0.05003999999999997,0.0188,0.054,456774636701154.562500
-0.05002999999999996,0.022000000000000002,0.0572,456774636701154.562500
-0.05001999999999995,0.022000000000000002,0.058,456774636701154.562500
-0.05000999999999994,0.0244,0.054,456774636701154.562500
-0.04999999999999999,0.0228,0.058,456774636701154.562500
-0.04998999999999998,0.0188,0.0572,456774636701154.562500
-0.04997999999999997,0.0228,0.056400000000000006,456774636701154.562500
-0.04996999999999996,0.0212,0.0516,456774636701154.562500
-0.04995999999999995,0.0188,0.0572,456774636701154.562500
-0.04994999999999994,0.0204,0.0548,456774636701154.562500
-0.049939999999999984,0.0228,0.056400000000000006,456774636701154.562500
-0.049929999999999974,0.0196,0.055600000000000004,456774636701154.562500
-0.049919999999999964,0.0212,0.0572,456774636701154.562500
-0.049909999999999954,0.0244,0.0572,456774636701154.562500
-0.049899999999999944,0.0228,0.058,456774636701154.562500
-0.04988999999999999,0.0204,0.054,456774636701154.562500
-0.04987999999999998,0.0244,0.0516,456774636701154.562500
-0.04986999999999997,0.0244,0.058,456774636701154.562500
-0.04985999999999996,0.0236,0.054,456774636701154.562500
-0.04984999999999995,0.0244,0.058,456774636701154.562500
-0.04983999999999994,0.022000000000000002,0.058800000000000005,456774636701154.562500
-0.049829999999999985,0.0252,0.0548,456774636701154.562500
-0.049819999999999975,0.0236,0.055600000000000004,456774636701154.562500
-0.049809999999999965,0.0196,0.054,456774636701154.562500
-0.049799999999999955,0.0204,0.053200000000000004,456774636701154.562500
-0.049789999999999945,0.0204,0.0572,456774636701154.562500
-0.04977999999999999,0.0228,0.058,456774636701154.562500
-0.04976999999999998,0.0236,0.055600000000000004,456774636701154.562500
-0.04975999999999997,0.0236,0.054,456774636701154.562500
-0.04974999999999996,0.022000000000000002,0.056400000000000006,456774636701154.562500
-0.04973999999999995,0.0212,0.0548,456774636701154.562500
-0.04972999999999994,0.0236,0.0572,456774636701154.562500
-0.049719999999999986,0.0172,0.0572,456774636701154.562500
-0.049709999999999976,0.022000000000000002,0.054,456774636701154.562500
-0.049699999999999966,0.0172,0.054,456774636701154.562500
-0.049689999999999956,0.018000000000000002,0.055600000000000004,456774636701154.562500
-0.049679999999999946,0.0204,0.0476,456774636701154.562500
-0.049669999999999936,0.0212,0.058,456774636701154.562500
-0.04965999999999998,0.0228,0.0572,456774636701154.562500
-0.04964999999999997,0.0236,0.0572,456774636701154.562500
-0.04963999999999996,0.0228,0.056400000000000006,456774636701154.562500
-0.04962999999999995,0.0236,0.0548,456774636701154.562500
-0.04961999999999994,0.0228,0.056400000000000006,456774636701154.562500
-0.04960999999999999,0.0228,0.0572,456774636701154.562500
-0.04959999999999998,0.0228,0.058,456774636701154.562500
-0.04958999999999997,0.0236,0.056400000000000006,456774636701154.562500
-0.04957999999999996,0.022000000000000002,0.0572,456774636701154.562500
-0.04956999999999995,0.0228,0.058,456774636701154.562500
-0.04955999999999994,0.022000000000000002,0.055600000000000004,456774636701154.562500
-0.04954999999999998,0.0188,0.056400000000000006,456774636701154.562500
-0.04953999999999997,0.0228,0.058,456774636701154.562500
-0.04952999999999996,0.0236,0.0572,456774636701154.562500
-0.04951999999999995,0.022000000000000002,0.0548,456774636701154.562500
-0.04950999999999994,0.0236,0.0548,456774636701154.562500
-0.04949999999999999,0.022000000000000002,0.058,456774636701154.562500
-0.04948999999999998,0.022000000000000002,0.0548,456774636701154.562500
-0.04947999999999997,0.0236,0.056400000000000006,456774636701154.562500
-0.04946999999999996,0.0212,0.050800000000000005,456774636701154.562500
-0.04945999999999995,0.0196,0.042800000000000005,456774636701154.562500
-0.04944999999999994,0.0196,0.042800000000000005,456774636701154.562500
-0.049439999999999984,0.0204,0.0548,456774636701154.562500
-0.049429999999999974,0.0204,0.046,456774636701154.562500
-0.049419999999999964,0.0236,0.0516,456774636701154.562500
-0.049409999999999954,0.022000000000000002,0.0516,456774636701154.562500
-0.049399999999999944,0.0212,0.058,456774636701154.562500
-0.04938999999999999,0.0228,0.056400000000000006,456774636701154.562500
-0.04937999999999998,0.022000000000000002,0.055600000000000004,456774636701154.562500
-0.04936999999999997,0.022000000000000002,0.0572,456774636701154.562500
-0.04935999999999996,0.0212,0.053200000000000004,456774636701154.562500
-0.04934999999999995,0.022000000000000002,0.0524,456774636701154.562500
-0.04933999999999994,0.0236,0.0548,456774636701154.562500
-0.049329999999999985,0.0228,0.058,456774636701154.562500
-0.049319999999999975,0.0228,0.054,456774636701154.562500
-0.049309999999999965,0.0236,0.055600000000000004,456774636701154.562500
-0.049299999999999955,0.0228,0.056400000000000006,456774636701154.562500
-0.049289999999999945,0.0236,0.054,456774636701154.562500
-0.04927999999999999,0.0252,0.050800000000000005,456774636701154.562500
-0.04926999999999998,0.0252,0.055600000000000004,456774636701154.562500
-0.04925999999999997,0.0236,0.0524,456774636701154.562500
-0.04924999999999996,0.0244,0.055600000000000004,456774636701154.562500
-0.04923999999999995,0.0252,0.056400000000000006,456774636701154.562500
-0.04922999999999994,0.0252,0.058800000000000005,456774636701154.562500
-0.049219999999999986,0.0236,0.056400000000000006,456774636701154.562500
-0.049209999999999976,0.0252,0.0572,456774636701154.562500
-0.049199999999999966,0.022000000000000002,0.058,456774636701154.562500
-0.049189999999999956,0.022000000000000002,0.058,456774636701154.562500
-0.049179999999999946,0.0244,0.058800000000000005,456774636701154.562500
-0.049169999999999936,0.0244,0.0572,456774636701154.562500
-0.04915999999999998,0.0212,0.0548,456774636701154.562500
-0.04914999999999997,0.0228,0.054,456774636701154.562500
-0.04913999999999996,0.0228,0.055600000000000004,456774636701154.562500
-0.04912999999999995,0.0204,0.055600000000000004,456774636701154.562500
-0.04911999999999994,0.0212,0.0572,456774636701154.562500
-0.04910999999999999,0.022000000000000002,0.055600000000000004,456774636701154.562500
-0.04909999999999998,0.0228,0.056400000000000006,456774636701154.562500
-0.04908999999999997,0.0204,0.0524,456774636701154.562500
-0.04907999999999996,0.0236,0.0492,456774636701154.562500
-0.04906999999999995,0.0212,0.048400000000000006,456774636701154.562500
-0.04905999999999994,0.022000000000000002,0.050800000000000005,456774636701154.562500
-0.04904999999999998,0.0236,0.05,456774636701154.562500
-0.04903999999999997,0.022000000000000002,0.056400000000000006,456774636701154.562500
-0.04902999999999996,0.0212,0.0572,456774636701154.562500
-0.04901999999999995,0.022000000000000002,0.054,456774636701154.562500
-0.04900999999999994,0.022000000000000002,0.054,456774636701154.562500
-0.04899999999999999,0.0204,0.056400000000000006,456774636701154.562500
-0.04898999999999998,0.0244,0.048400000000000006,456774636701154.562500
-0.04897999999999997,0.0212,0.0444,456774636701154.562500
-0.04896999999999996,0.0236,0.046,456774636701154.562500
-0.04895999999999995,0.0236,0.056400000000000006,456774636701154.562500
-0.04894999999999994,0.0244,0.05,456774636701154.562500
-0.048939999999999984,0.0228,0.055600000000000004,456774636701154.562500
-0.048929999999999974,0.0244,0.058,456774636701154.562500
-0.048919999999999964,0.0228,0.058,456774636701154.562500
-0.048909999999999954,0.0244,0.0572,456774636701154.562500
-0.048899999999999944,0.0236,0.0548,456774636701154.562500
-0.04888999999999999,0.0244,0.0468,456774636701154.562500
-0.04887999999999998,0.0228,0.056400000000000006,456774636701154.562500
-0.04886999999999997,0.0228,0.054,456774636701154.562500
-0.04885999999999996,0.0196,0.055600000000000004,456774636701154.562500
-0.04884999999999995,0.0228,0.0572,456774636701154.562500
-0.04883999999999994,0.0236,0.054,456774636701154.562500
-0.048829999999999985,0.0212,0.0524,456774636701154.562500
-0.048819999999999975,0.0236,0.0572,456774636701154.562500
-0.048809999999999965,0.0228,0.056400000000000006,456774636701154.562500
-0.048799999999999955,0.022000000000000002,0.058800000000000005,456774636701154.562500
-0.048789999999999945,0.022000000000000002,0.0516,456774636701154.562500
-0.04877999999999999,0.0212,0.056400000000000006,456774636701154.562500
-0.04876999999999998,0.0204,0.05,456774636701154.562500
-0.04875999999999997,0.0212,0.058,456774636701154.562500
-0.04874999999999996,0.0228,0.0572,456774636701154.562500
-0.04873999999999995,0.0212,0.055600000000000004,456774636701154.562500
-0.04872999999999994,0.0204,0.056400000000000006,456774636701154.562500
-0.048719999999999986,0.022000000000000002,0.056400000000000006,456774636701154.562500
-0.048709999999999976,0.0244,0.054,456774636701154.562500
-0.048699999999999966,0.0212,0.05,456774636701154.562500
-0.048689999999999956,0.018000000000000002,0.055600000000000004,456774636701154.562500
-0.048679999999999946,0.022000000000000002,0.058,456774636701154.562500
-0.048669999999999936,0.0196,0.053200000000000004,456774636701154.562500
-0.04865999999999998,0.0236,0.0572,456774636701154.562500
-0.04864999999999997,0.0196,0.054,456774636701154.562500
-0.04863999999999996,0.0236,0.0548,456774636701154.562500
-0.04862999999999995,0.0244,0.053200000000000004,456774636701154.562500
-0.04861999999999994,0.0236,0.056400000000000006,456774636701154.562500
-0.04860999999999999,0.022000000000000002,0.058,456774636701154.562500
-0.04859999999999998,0.0236,0.056400000000000006,456774636701154.562500
-0.04858999999999997,0.0228,0.056400000000000006,456774636701154.562500
-0.04857999999999996,0.0228,0.055600000000000004,456774636701154.562500
-0.04856999999999995,0.0236,0.056400000000000006,456774636701154.562500
-0.04855999999999994,0.0164,0.058,456774636701154.562500
-0.04854999999999998,0.0212,0.056400000000000006,456774636701154.562500
-0.04853999999999997,0.022000000000000002,0.058,456774636701154.562500
-0.04852999999999996,0.0212,0.058,456774636701154.562500
-0.04851999999999995,0.0188,0.055600000000000004,456774636701154.562500
-0.04850999999999994,0.0228,0.056400000000000006,456774636701154.562500
-0.04849999999999999,0.022000000000000002,0.053200000000000004,456774636701154.562500
-0.04848999999999998,0.0236,0.0572,456774636701154.562500
-0.04847999999999997,0.0228,0.055600000000000004,456774636701154.562500
-0.04846999999999996,0.0204,0.056400000000000006,456774636701154.562500
-0.04845999999999995,0.022000000000000002,0.0572,456774636701154.562500
-0.04844999999999994,0.022000000000000002,0.0572,456774636701154.562500
-0.04843999999999998,0.0212,0.058,456774636701154.562500
-0.04842999999999997,0.0228,0.0572,456774636701154.562500
-0.04841999999999996,0.0244,0.058,456774636701154.562500
-0.04840999999999995,0.022000000000000002,0.056400000000000006,456774636701154.562500
-0.04839999999999994,0.0228,0.0572,456774636701154.562500
-0.04838999999999999,0.022000000000000002,0.055600000000000004,456774636701154.562500
-0.04837999999999998,0.0212,0.0572,456774636701154.562500
-0.04836999999999997,0.0212,0.056400000000000006,456774636701154.562500
-0.04835999999999996,0.0236,0.056400000000000006,456774636701154.562500
-0.04834999999999995,0.0236,0.058,456774636701154.562500
-0.04833999999999994,0.0228,0.056400000000000006,456774636701154.562500
-0.048329999999999984,0.0228,0.056400000000000006,456774636701154.562500
-0.048319999999999974,0.0204,0.0596,456774636701154.562500
-0.048309999999999964,0.0244,0.053200000000000004,456774636701154.562500
-0.048299999999999954,0.0244,0.058,456774636701154.562500
-0.048289999999999944,0.0252,0.056400000000000006,456774636701154.562500
-0.04827999999999999,0.0236,0.0548,456774636701154.562500
-0.04826999999999998,0.0236,0.056400000000000006,456774636701154.562500
-0.04825999999999997,0.0204,0.054,456774636701154.562500
-0.04824999999999996,0.0172,0.054,456774636701154.562500
-0.04823999999999995,0.0148,0.055600000000000004,456774636701154.562500
-0.04822999999999994,0.0236,0.053200000000000004,456774636701154.562500
-0.048219999999999985,0.022000000000000002,0.05,456774636701154.562500
-0.048209999999999975,0.0228,0.0492,456774636701154.562500
-0.048199999999999965,0.0212,0.056400000000000006,456774636701154.562500
-0.048189999999999955,0.022000000000000002,0.0572,456774636701154.562500
-0.048179999999999945,0.022000000000000002,0.058800000000000005,456774636701154.562500
-0.04816999999999999,0.0236,0.056400000000000006,456774636701154.562500
-0.04815999999999998,0.0212,0.058,456774636701154.562500
-0.04814999999999997,0.022000000000000002,0.0572,456774636701154.562500
-0.04813999999999996,0.022000000000000002,0.056400000000000006,456774636701154.562500
-0.04812999999999995,0.0204,0.0548,456774636701154.562500
-0.04811999999999994,0.0236,0.0572,456774636701154.562500
-0.048109999999999986,0.022000000000000002,0.058,456774636701154.562500
-0.048099999999999976,0.0236,0.054,456774636701154.562500
-0.048089999999999966,0.022000000000000002,0.055600000000000004,456774636701154.562500
-0.048079999999999956,0.022000000000000002,0.054,456774636701154.562500
-0.048069999999999946,0.0228,0.0548,456774636701154.562500
-0.048059999999999936,0.0228,0.056400000000000006,456774636701154.562500
-0.04804999999999998,0.0244,0.055600000000000004,456774636701154.562500
-0.04803999999999997,0.0212,0.0516,456774636701154.562500
-0.04802999999999996,0.0228,0.050800000000000005,456774636701154.562500
-0.04801999999999995,0.0212,0.054,456774636701154.562500
-0.04800999999999994,0.0204,0.058,456774636701154.562500
-0.04799999999999999,0.0204,0.055600000000000004,456774636701154.562500
-0.04798999999999998,0.0244,0.056400000000000006,456774636701154.562500
-0.04797999999999997,0.0212,0.0548,456774636701154.562500
-0.04796999999999996,0.0204,0.058,456774636701154.562500
-0.04795999999999995,0.0204,0.058,456774636701154.562500
-0.04794999999999994,0.0204,0.056400000000000006,456774636701154.562500
-0.04793999999999998,0.0164,0.055600000000000004,456774636701154.562500
-0.04792999999999997,0.0196,0.055600000000000004,456774636701154.562500
-0.04791999999999996,0.0172,0.058,456774636701154.562500
-0.04790999999999995,0.022000000000000002,0.0572,456774636701154.562500
-0.04789999999999994,0.0212,0.0572,456774636701154.562500
-0.04788999999999999,0.022000000000000002,0.0548,456774636701154.562500
-0.04787999999999998,0.0164,0.0572,456774636701154.562500
-0.04786999999999997,0.0204,0.056400000000000006,456774636701154.562500
-0.04785999999999996,0.0196,0.0516,456774636701154.562500
-0.04784999999999995,0.0228,0.0524,456774636701154.562500
-0.04783999999999994,0.0212,0.056400000000000006,456774636701154.562500
-0.047829999999999984,0.022000000000000002,0.0524,456774636701154.562500
-0.047819999999999974,0.0228,0.053200000000000004,456774636701154.562500
-0.047809999999999964,0.0228,0.054,456774636701154.562500
-0.047799999999999954,0.022000000000000002,0.056400000000000006,456774636701154.562500
-0.047789999999999944,0.0236,0.056400000000000006,456774636701154.562500
-0.04777999999999999,0.0228,0.0572,456774636701154.562500
-0.04776999999999998,0.022000000000000002,0.0548,456774636701154.562500
-0.04775999999999997,0.026000000000000002,0.054,456774636701154.562500
-0.04774999999999996,0.0244,0.056400000000000006,456774636701154.562500
-0.04773999999999995,0.0252,0.054,456774636701154.562500
-0.04772999999999994,0.0244,0.054,456774636701154.562500
-0.047719999999999985,0.0212,0.0548,456774636701154.562500
-0.047709999999999975,0.0252,0.0572,456774636701154.562500
-0.047699999999999965,0.0236,0.0572,456774636701154.562500
-0.047689999999999955,0.0244,0.056400000000000006,456774636701154.562500
-0.047679999999999945,0.0244,0.058800000000000005,456774636701154.562500
-0.04766999999999999,0.0188,0.0572,456774636701154.562500
-0.04765999999999998,0.0228,0.0548,456774636701154.562500
-0.04764999999999997,0.0228,0.055600000000000004,456774636701154.562500
-0.04763999999999996,0.0236,0.058,456774636701154.562500
-0.04762999999999995,0.0236,0.055600000000000004,456774636701154.562500
-0.04761999999999994,0.0188,0.056400000000000006,456774636701154.562500
-0.047609999999999986,0.0196,0.054,456774636701154.562500
-0.047599999999999976,0.015600000000000001,0.055600000000000004,456774636701154.562500
-0.047589999999999966,0.0228,0.0524,456774636701154.562500
-0.047579999999999956,0.0204,0.0548,456774636701154.562500
-0.047569999999999946,0.022000000000000002,0.0572,456774636701154.562500
-0.047559999999999936,0.0204,0.056400000000000006,456774636701154.562500
-0.04754999999999998,0.0212,0.058,456774636701154.562500
-0.04753999999999997,0.0228,0.056400000000000006,456774636701154.562500
-0.04752999999999996,0.0204,0.0572,456774636701154.562500
-0.04751999999999995,0.0228,0.0572,456774636701154.562500
-0.04750999999999994,0.022000000000000002,0.056400000000000006,456774636701154.562500
-0.04749999999999999,0.0212,0.056400000000000006,456774636701154.562500
-0.04748999999999998,0.0236,0.056400000000000006,456774636701154.562500
-0.04747999999999997,0.0228,0.054,456774636701154.562500
-0.04746999999999996,0.0236,0.050800000000000005,456774636701154.562500
-0.04745999999999995,0.0236,0.053200000000000004,456774636701154.562500
-0.04744999999999994,0.0244,0.0468,456774636701154.562500
-0.04743999999999998,0.0236,0.054,456774636701154.562500
-0.04742999999999997,0.0236,0.058,456774636701154.562500
-0.04741999999999996,0.0252,0.0572,456774636701154.562500
-0.04740999999999995,0.0244,0.0548,456774636701154.562500
-0.04739999999999994,0.0244,0.056400000000000006,456774636701154.562500
-0.04738999999999999,0.0236,0.0524,456774636701154.562500
-0.04737999999999998,0.0252,0.0572,456774636701154.562500
-0.04736999999999997,0.0252,0.054,456774636701154.562500
-0.04735999999999996,0.0228,0.0572,456774636701154.562500
-0.04734999999999995,0.0228,0.0572,456774636701154.562500
-0.04733999999999994,0.0236,0.056400000000000006,456774636701154.562500
-0.04732999999999998,0.0244,0.055600000000000004,456774636701154.562500
-0.04731999999999997,0.0228,0.0572,456774636701154.562500
-0.04730999999999996,0.022000000000000002,0.0572,456774636701154.562500
-0.04729999999999995,0.022000000000000002,0.056400000000000006,456774636701154.562500
-0.04728999999999994,0.0244,0.0548,456774636701154.562500
-0.04727999999999999,0.0228,0.058,456774636701154.562500
-0.04726999999999998,0.0212,0.0572,456774636701154.562500
-0.04725999999999997,0.0228,0.054,456774636701154.562500
-0.04724999999999996,0.0212,0.0572,456774636701154.562500
-0.04723999999999995,0.0212,0.0572,456774636701154.562500
-0.04722999999999994,0.022000000000000002,0.056400000000000006,456774636701154.562500
-0.047219999999999984,0.0236,0.054,456774636701154.562500
-0.047209999999999974,0.0212,0.056400000000000006,456774636701154.562500
-0.047199999999999964,0.022000000000000002,0.056400000000000006,456774636701154.562500
-0.047189999999999954,0.0204,0.055600000000000004,456774636701154.562500
-0.047179999999999944,0.0236,0.0516,456774636701154.562500
-0.04716999999999999,0.022000000000000002,0.056400000000000006,456774636701154.562500
-0.04715999999999998,0.0236,0.0548,456774636701154.562500
-0.04714999999999997,0.0228,0.056400000000000006,456774636701154.562500
-0.04713999999999996,0.0236,0.055600000000000004,456774636701154.562500
-0.04712999999999995,0.0228,0.058,456774636701154.562500
-0.04711999999999994,0.0196,0.0516,456774636701154.562500
-0.047109999999999985,0.022000000000000002,0.056400000000000006,456774636701154.562500
-0.047099999999999975,0.022000000000000002,0.05,456774636701154.562500
-0.047089999999999965,0.0236,0.056400000000000006,456774636701154.562500
-0.047079999999999955,0.0236,0.053200000000000004,456774636701154.562500
-0.047069999999999945,0.0236,0.0572,456774636701154.562500
-0.047059999999999935,0.0212,0.0572,456774636701154.562500
-0.04704999999999998,0.0204,0.055600000000000004,456774636701154.562500
-0.04703999999999997,0.0188,0.050800000000000005,456774636701154.562500
-0.04702999999999996,0.0196,0.048400000000000006,456774636701154.562500
-0.04701999999999995,0.0164,0.054,456774636701154.562500
-0.04700999999999994,0.0204,0.050800000000000005,456774636701154.562500
-0.046999999999999986,0.0164,0.0548,456774636701154.562500
-0.046989999999999976,0.0196,0.0468,456774636701154.562500
-0.046979999999999966,0.0188,0.053200000000000004,456774636701154.562500
-0.046969999999999956,0.022000000000000002,0.054,456774636701154.562500
-0.046959999999999946,0.022000000000000002,0.0548,456774636701154.562500
-0.046949999999999936,0.022000000000000002,0.056400000000000006,456774636701154.562500
-0.04693999999999998,0.0228,0.0572,456774636701154.562500
-0.04692999999999997,0.022000000000000002,0.055600000000000004,456774636701154.562500
-0.04691999999999996,0.0228,0.0524,456774636701154.562500
-0.04690999999999995,0.022000000000000002,0.056400000000000006,456774636701154.562500
-0.04689999999999994,0.0228,0.0548,456774636701154.562500
-0.04688999999999999,0.022000000000000002,0.0572,456774636701154.562500
-0.04687999999999998,0.0228,0.0572,456774636701154.562500
-0.04686999999999997,0.0228,0.0572,456774636701154.562500
-0.04685999999999996,0.022000000000000002,0.0572,456774636701154.562500
-0.04684999999999995,0.0236,0.055600000000000004,456774636701154.562500
-0.04683999999999994,0.0252,0.055600000000000004,456774636701154.562500
-0.04682999999999998,0.0244,0.054,456774636701154.562500
-0.04681999999999997,0.0204,0.054,456774636701154.562500
-0.04680999999999996,0.0244,0.0572,456774636701154.562500
-0.04679999999999995,0.0236,0.0516,456774636701154.562500
-0.04678999999999994,0.0252,0.056400000000000006,456774636701154.562500
-0.04677999999999999,0.0204,0.055600000000000004,456774636701154.562500
-0.04676999999999998,0.0228,0.056400000000000006,456774636701154.562500
-0.04675999999999997,0.0252,0.056400000000000006,456774636701154.562500
-0.04674999999999996,0.018000000000000002,0.058800000000000005,456774636701154.562500
-0.04673999999999995,0.0236,0.056400000000000006,456774636701154.562500
-0.04672999999999994,0.0196,0.058,456774636701154.562500
-0.046719999999999984,0.0244,0.058,456774636701154.562500
-0.046709999999999974,0.0236,0.055600000000000004,456774636701154.562500
-0.046699999999999964,0.0228,0.058,456774636701154.562500
-0.046689999999999954,0.0228,0.055600000000000004,456774636701154.562500
-0.046679999999999944,0.0204,0.056400000000000006,456774636701154.562500
-0.04666999999999999,0.022000000000000002,0.058800000000000005,456774636701154.562500
-0.04665999999999998,0.0212,0.0572,456774636701154.562500
-0.04664999999999997,0.0228,0.058,456774636701154.562500
-0.04663999999999996,0.0172,0.053200000000000004,456774636701154.562500
-0.04662999999999995,0.022000000000000002,0.0572,456774636701154.562500
-0.04661999999999994,0.0196,0.058,456774636701154.562500
-0.046609999999999985,0.022000000000000002,0.054,456774636701154.562500
-0.046599999999999975,0.0212,0.058,456774636701154.562500
-0.046589999999999965,0.022000000000000002,0.0468,456774636701154.562500
-0.046579999999999955,0.022000000000000002,0.055600000000000004,456774636701154.562500
-0.046569999999999945,0.022000000000000002,0.056400000000000006,456774636701154.562500
-0.04655999999999999,0.0212,0.055600000000000004,456774636701154.562500
-0.04654999999999998,0.0236,0.0572,456774636701154.562500
-0.04653999999999997,0.0236,0.058,456774636701154.562500
-0.04652999999999996,0.026000000000000002,0.0468,456774636701154.562500
-0.04651999999999995,0.0236,0.054,456774636701154.562500
-0.04650999999999994,0.0244,0.0444,456774636701154.562500
-0.046499999999999986,0.0244,0.055600000000000004,456774636701154.562500
-0.046489999999999976,0.0236,0.0476,456774636701154.562500
-0.046479999999999966,0.0244,0.056400000000000006,456774636701154.562500
-0.046469999999999956,0.0236,0.0572,456774636701154.562500
-0.046459999999999946,0.0228,0.056400000000000006,456774636701154.562500
-0.046449999999999936,0.0244,0.056400000000000006,456774636701154.562500
-0.04643999999999998,0.022000000000000002,0.055600000000000004,456774636701154.562500
-0.04642999999999997,0.022000000000000002,0.0572,456774636701154.562500
-0.04641999999999996,0.0228,0.058800000000000005,456774636701154.562500
-0.04640999999999995,0.0228,0.058,456774636701154.562500
-0.04639999999999994,0.0212,0.0468,456774636701154.562500
-0.04638999999999999,0.0196,0.058,456774636701154.562500
-0.04637999999999998,0.0196,0.050800000000000005,456774636701154.562500
-0.04636999999999997,0.018000000000000002,0.0572,456774636701154.562500
-0.04635999999999996,0.0212,0.0548,456774636701154.562500
-0.04634999999999995,0.0188,0.0572,456774636701154.562500
-0.04633999999999994,0.022000000000000002,0.054,456774636701154.562500
-0.04632999999999998,0.0204,0.055600000000000004,456774636701154.562500
-0.04631999999999997,0.022000000000000002,0.058,456774636701154.562500
-0.04630999999999996,0.0212,0.058,456774636701154.562500
-0.04629999999999995,0.0228,0.058,456774636701154.562500
-0.04628999999999994,0.022000000000000002,0.0572,456774636701154.562500
-0.04627999999999999,0.0236,0.058,456774636701154.562500
-0.04626999999999998,0.0228,0.0524,456774636701154.562500
-0.04625999999999997,0.022000000000000002,0.055600000000000004,456774636701154.562500
-0.04624999999999996,0.0236,0.058800000000000005,456774636701154.562500
-0.04623999999999995,0.0244,0.0524,456774636701154.562500
-0.04622999999999994,0.0228,0.0548,456774636701154.562500
-0.04621999999999998,0.0252,0.056400000000000006,456774636701154.562500
-0.04620999999999997,0.0244,0.058,456774636701154.562500
-0.04619999999999996,0.0244,0.0476,456774636701154.562500
-0.04618999999999995,0.0236,0.058800000000000005,456774636701154.562500
-0.04617999999999994,0.022000000000000002,0.054,456774636701154.562500
-0.04616999999999999,0.0236,0.058,456774636701154.562500
-0.04615999999999998,0.0252,0.058,456774636701154.562500
-0.04614999999999997,0.0204,0.056400000000000006,456774636701154.562500
-0.04613999999999996,0.0236,0.056400000000000006,456774636701154.562500
-0.04612999999999995,0.0204,0.058,456774636701154.562500
-0.04611999999999994,0.0236,0.0548,456774636701154.562500
-0.046109999999999984,0.0244,0.0572,456774636701154.562500
-0.046099999999999974,0.0236,0.054,456774636701154.562500
-0.046089999999999964,0.0228,0.056400000000000006,456774636701154.562500
-0.046079999999999954,0.022000000000000002,0.055600000000000004,456774636701154.562500
-0.046069999999999944,0.015600000000000001,0.0572,456774636701154.562500
-0.04605999999999999,0.0204,0.0572,456774636701154.562500
-0.04604999999999998,0.0204,0.0572,456774636701154.562500
-0.04603999999999997,0.0204,0.054,456774636701154.562500
-0.04602999999999996,0.022000000000000002,0.0572,456774636701154.562500
-0.04601999999999995,0.0228,0.0572,456774636701154.562500
-0.04600999999999994,0.022000000000000002,0.058,456774636701154.562500
-0.045999999999999985,0.022000000000000002,0.0524,456774636701154.562500
-0.045989999999999975,0.022000000000000002,0.056400000000000006,456774636701154.562500
-0.045979999999999965,0.022000000000000002,0.053200000000000004,456774636701154.562500
-0.045969999999999955,0.0244,0.0596,456774636701154.562500
-0.045959999999999945,0.0204,0.05,456774636701154.562500
-0.045949999999999935,0.0236,0.056400000000000006,456774636701154.562500
-0.04593999999999998,0.0236,0.0548,456774636701154.562500
-0.04592999999999997,0.0244,0.058,456774636701154.562500
-0.04591999999999996,0.022000000000000002,0.0572,456774636701154.562500
-0.04590999999999995,0.0236,0.0524,456774636701154.562500
-0.04589999999999994,0.0212,0.0572,456774636701154.562500
-0.045889999999999986,0.0244,0.046,456774636701154.562500
-0.045879999999999976,0.0252,0.0548,456774636701154.562500
-0.045869999999999966,0.0236,0.0476,456774636701154.562500
-0.045859999999999956,0.0244,0.0572,456774636701154.562500
-0.045849999999999946,0.022000000000000002,0.0548,456774636701154.562500
-0.045839999999999936,0.0244,0.058,456774636701154.562500
-0.04582999999999998,0.0244,0.055600000000000004,456774636701154.562500
-0.04581999999999997,0.022000000000000002,0.0572,456774636701154.562500
-0.04580999999999996,0.018000000000000002,0.058,456774636701154.562500
-0.04579999999999995,0.022000000000000002,0.054,456774636701154.562500
-0.04578999999999994,0.0244,0.0572,456774636701154.562500
-0.04577999999999999,0.0204,0.056400000000000006,456774636701154.562500
-0.04576999999999998,0.0228,0.055600000000000004,456774636701154.562500
-0.04575999999999997,0.0212,0.0548,456774636701154.562500
-0.04574999999999996,0.0236,0.055600000000000004,456774636701154.562500
-0.04573999999999995,0.022000000000000002,0.0468,456774636701154.562500
-0.04572999999999994,0.0228,0.055600000000000004,456774636701154.562500
-0.04571999999999998,0.0212,0.0436,456774636701154.562500
-0.04570999999999997,0.0212,0.0516,456774636701154.562500
-0.04569999999999996,0.0204,0.042800000000000005,456774636701154.562500
-0.04568999999999995,0.0228,0.05,456774636701154.562500
-0.04567999999999994,0.0212,0.05,456774636701154.562500
-0.04566999999999999,0.0228,0.056400000000000006,456774636701154.562500
-0.04565999999999998,0.0228,0.0572,456774636701154.562500
-0.04564999999999997,0.0252,0.0572,456774636701154.562500
-0.04563999999999996,0.022000000000000002,0.0572,456774636701154.562500
-0.04562999999999995,0.0228,0.056400000000000006,456774636701154.562500
-0.04561999999999994,0.0228,0.055600000000000004,456774636701154.562500
-0.045609999999999984,0.0212,0.0548,456774636701154.562500
-0.045599999999999974,0.0244,0.058,456774636701154.562500
-0.045589999999999964,0.0236,0.058,456774636701154.562500
-0.045579999999999954,0.022000000000000002,0.058,456774636701154.562500
-0.045569999999999944,0.0244,0.0524,456774636701154.562500
-0.04555999999999999,0.022000000000000002,0.055600000000000004,456774636701154.562500
-0.04554999999999998,0.0236,0.050800000000000005,456774636701154.562500
-0.04553999999999997,0.022000000000000002,0.055600000000000004,456774636701154.562500
-0.04552999999999996,0.0212,0.0548,456774636701154.562500
-0.04551999999999995,0.0204,0.0548,456774636701154.562500
-0.04550999999999994,0.0236,0.053200000000000004,456774636701154.562500
-0.045499999999999985,0.0236,0.0572,456774636701154.562500
-0.045489999999999975,0.0236,0.056400000000000006,456774636701154.562500
-0.045479999999999965,0.0196,0.056400000000000006,456774636701154.562500
-0.045469999999999955,0.0212,0.056400000000000006,456774636701154.562500
-0.045459999999999945,0.0188,0.055600000000000004,456774636701154.562500
-0.04544999999999999,0.022000000000000002,0.0596,456774636701154.562500
-0.04543999999999998,0.0204,0.054,456774636701154.562500
-0.04542999999999997,0.022000000000000002,0.0596,456774636701154.562500
-0.04541999999999996,0.022000000000000002,0.0516,456774636701154.562500
-0.04540999999999995,0.022000000000000002,0.0572,456774636701154.562500
-0.04539999999999994,0.0212,0.054,456774636701154.562500
-0.045389999999999986,0.0188,0.055600000000000004,456774636701154.562500
-0.045379999999999976,0.018000000000000002,0.054,456774636701154.562500
-0.045369999999999966,0.0172,0.054,456774636701154.562500
-0.045359999999999956,0.0172,0.055600000000000004,456774636701154.562500
-0.045349999999999946,0.018000000000000002,0.0524,456774636701154.562500
-0.045339999999999936,0.0204,0.056400000000000006,456774636701154.562500
-0.04532999999999998,0.022000000000000002,0.0572,456774636701154.562500
-0.04531999999999997,0.0244,0.0572,456774636701154.562500
-0.04530999999999996,0.0236,0.054,456774636701154.562500
-0.04529999999999995,0.0236,0.0548,456774636701154.562500
-0.04528999999999994,0.0244,0.0444,456774636701154.562500
-0.04527999999999999,0.0244,0.058,456774636701154.562500
-0.04526999999999998,0.0236,0.0572,456774636701154.562500
-0.04525999999999997,0.0244,0.058,456774636701154.562500
-0.04524999999999996,0.0236,0.0516,456774636701154.562500
-0.04523999999999995,0.0228,0.050800000000000005,456774636701154.562500
-0.04522999999999994,0.0244,0.055600000000000004,456774636701154.562500
-0.04521999999999998,0.0244,0.055600000000000004,456774636701154.562500
-0.04520999999999997,0.0228,0.0572,456774636701154.562500
-0.04519999999999996,0.0236,0.0492,456774636701154.562500
-0.04518999999999995,0.0212,0.0476,456774636701154.562500
-0.04517999999999994,0.0204,0.0548,456774636701154.562500
-0.04516999999999999,0.022000000000000002,0.045200000000000004,456774636701154.562500
-0.04515999999999998,0.0212,0.0516,456774636701154.562500
-0.04514999999999997,0.022000000000000002,0.045200000000000004,456774636701154.562500
-0.04513999999999996,0.0212,0.058,456774636701154.562500
-0.04512999999999995,0.0236,0.0516,456774636701154.562500
-0.04511999999999994,0.0212,0.056400000000000006,456774636701154.562500
-0.04510999999999998,0.0204,0.056400000000000006,456774636701154.562500
-0.04509999999999997,0.0236,0.055600000000000004,456774636701154.562500
-0.04508999999999996,0.0228,0.0572,456774636701154.562500
-0.04507999999999995,0.0212,0.05,456774636701154.562500
-0.04506999999999994,0.0228,0.056400000000000006,456774636701154.562500
-0.04505999999999999,0.022000000000000002,0.058,456774636701154.562500
-0.04504999999999998,0.0196,0.0524,456774636701154.562500
-0.04503999999999997,0.022000000000000002,0.0572,456774636701154.562500
-0.04502999999999996,0.018000000000000002,0.054,456774636701154.562500
-0.04501999999999995,0.0228,0.0516,456774636701154.562500
-0.04500999999999994,0.0204,0.0492,456774636701154.562500
-0.044999999999999984,0.0252,0.056400000000000006,456774636701154.562500
-0.044989999999999974,0.0236,0.058,456774636701154.562500
-0.044979999999999964,0.0236,0.056400000000000006,456774636701154.562500
-0.044969999999999954,0.0244,0.056400000000000006,456774636701154.562500
-0.044959999999999944,0.0268,0.056400000000000006,456774636701154.562500
-0.04494999999999999,0.0236,0.058,456774636701154.562500
-0.04493999999999998,0.0236,0.058,456774636701154.562500
-0.04492999999999997,0.0236,0.056400000000000006,456774636701154.562500
-0.04491999999999996,0.0236,0.058,456774636701154.562500
-0.04490999999999995,0.0236,0.0468,456774636701154.562500
-0.04489999999999994,0.022000000000000002,0.0516,456774636701154.562500
-0.044889999999999985,0.022000000000000002,0.0364,456774636701154.562500
-0.044879999999999975,0.022000000000000002,0.053200000000000004,456774636701154.562500
-0.044869999999999965,0.0236,0.0476,456774636701154.562500
-0.044859999999999955,0.0228,0.0516,456774636701154.562500
-0.044849999999999945,0.0228,0.042,456774636701154.562500
-0.044839999999999935,0.0204,0.055600000000000004,456774636701154.562500
-0.04482999999999998,0.0236,0.0548,456774636701154.562500
-0.04481999999999997,0.0236,0.055600000000000004,456774636701154.562500
-0.04480999999999996,0.0204,0.053200000000000004,456774636701154.562500
-0.04479999999999995,0.0212,0.0572,456774636701154.562500
-0.04478999999999994,0.0228,0.0476,456774636701154.562500
-0.044779999999999986,0.0196,0.058,456774636701154.562500
-0.044769999999999976,0.022000000000000002,0.048400000000000006,456774636701154.562500
-0.044759999999999966,0.022000000000000002,0.054,456774636701154.562500
-0.044749999999999956,0.0228,0.0524,456774636701154.562500
-0.044739999999999946,0.0236,0.0572,456774636701154.562500
-0.044729999999999936,0.0204,0.0524,456774636701154.562500
-0.04471999999999998,0.022000000000000002,0.058,456774636701154.562500
-0.04470999999999997,0.022000000000000002,0.056400000000000006,456774636701154.562500
-0.04469999999999996,0.0204,0.056400000000000006,456774636701154.562500
-0.04468999999999995,0.015600000000000001,0.0548,456774636701154.562500
-0.04467999999999994,0.0244,0.0572,456774636701154.562500
-0.04466999999999999,0.0268,0.055600000000000004,456774636701154.562500
-0.04465999999999998,0.0212,0.0572,456774636701154.562500
-0.04464999999999997,0.0212,0.054,456774636701154.562500
-0.04463999999999996,0.0164,0.055600000000000004,456774636701154.562500
-0.04462999999999995,0.0236,0.054,456774636701154.562500
-0.04461999999999994,0.0236,0.0572,456774636701154.562500
-0.04460999999999998,0.0236,0.0572,456774636701154.562500
-0.04459999999999997,0.0252,0.056400000000000006,456774636701154.562500
-0.04458999999999996,0.0228,0.0572,456774636701154.562500
-0.04457999999999995,0.0244,0.056400000000000006,456774636701154.562500
-0.04456999999999994,0.0212,0.056400000000000006,456774636701154.562500
-0.04455999999999999,0.0228,0.055600000000000004,456774636701154.562500
-0.04454999999999998,0.0228,0.0572,456774636701154.562500
-0.04453999999999997,0.0212,0.058,456774636701154.562500
-0.04452999999999996,0.022000000000000002,0.0572,456774636701154.562500
-0.04451999999999995,0.022000000000000002,0.055600000000000004,456774636701154.562500
-0.04450999999999994,0.022000000000000002,0.055600000000000004,456774636701154.562500
-0.044499999999999984,0.0212,0.055600000000000004,456774636701154.562500
-0.044489999999999974,0.022000000000000002,0.054,456774636701154.562500
-0.044479999999999964,0.0212,0.0548,456774636701154.562500
-0.044469999999999954,0.022000000000000002,0.0572,456774636701154.562500
-0.044459999999999944,0.0196,0.053200000000000004,456774636701154.562500
-0.04444999999999999,0.0236,0.0548,456774636701154.562500
-0.04443999999999998,0.0236,0.050800000000000005,456774636701154.562500
-0.04442999999999997,0.0204,0.056400000000000006,456774636701154.562500
-0.04441999999999996,0.0236,0.055600000000000004,456774636701154.562500
-0.04440999999999995,0.0212,0.054,456774636701154.562500
-0.04439999999999994,0.022000000000000002,0.0524,456774636701154.562500
-0.044389999999999985,0.0236,0.0476,456774636701154.562500
-0.044379999999999975,0.0236,0.0524,456774636701154.562500
-0.044369999999999965,0.0244,0.045200000000000004,456774636701154.562500
-0.044359999999999955,0.0236,0.046,456774636701154.562500
-0.044349999999999945,0.0244,0.0324,456774636701154.562500
-0.044339999999999935,0.0228,0.054,456774636701154.562500
-0.04432999999999998,0.0252,0.0436,456774636701154.562500
-0.04431999999999997,0.0244,0.056400000000000006,456774636701154.562500
-0.04430999999999996,0.0236,0.056400000000000006,456774636701154.562500
-0.04429999999999995,0.022000000000000002,0.0572,456774636701154.562500
-0.04428999999999994,0.0236,0.0572,456774636701154.562500
-0.044279999999999986,0.0228,0.0516,456774636701154.562500
-0.044269999999999976,0.0228,0.056400000000000006,456774636701154.562500
-0.044259999999999966,0.0228,0.056400000000000006,456774636701154.562500
-0.044249999999999956,0.0212,0.0572,456774636701154.562500
-0.044239999999999946,0.022000000000000002,0.0436,456774636701154.562500
-0.044229999999999936,0.022000000000000002,0.056400000000000006,456774636701154.562500
-0.04421999999999998,0.0236,0.056400000000000006,456774636701154.562500
-0.04420999999999997,0.022000000000000002,0.0572,456774636701154.562500
-0.04419999999999996,0.022000000000000002,0.055600000000000004,456774636701154.562500
-0.04418999999999995,0.022000000000000002,0.0572,456774636701154.562500
-0.04417999999999994,0.0236,0.056400000000000006,456774636701154.562500
-0.04416999999999999,0.0212,0.058,456774636701154.562500
-0.04415999999999998,0.022000000000000002,0.058,456774636701154.562500
-0.04414999999999997,0.0228,0.0572,456774636701154.562500
-0.04413999999999996,0.0236,0.0572,456774636701154.562500
-0.04412999999999995,0.0228,0.0516,456774636701154.562500
-0.04411999999999994,0.0228,0.056400000000000006,456774636701154.562500
-0.04410999999999998,0.0236,0.0492,456774636701154.562500
-0.04409999999999997,0.0228,0.0572,456774636701154.562500
-0.04408999999999996,0.0228,0.058,456774636701154.562500
-0.04407999999999995,0.0236,0.0548,456774636701154.562500
-0.04406999999999994,0.0244,0.0516,456774636701154.562500
-0.04405999999999999,0.0196,0.058800000000000005,456774636701154.562500
-0.04404999999999998,0.0252,0.0476,456774636701154.562500
-0.04403999999999997,0.0228,0.055600000000000004,456774636701154.562500
-0.04402999999999996,0.0244,0.046,456774636701154.562500
-0.04401999999999995,0.0244,0.050800000000000005,456774636701154.562500
-0.04400999999999994,0.022000000000000002,0.040400000000000005,456774636701154.562500
-0.043999999999999984,0.0252,0.055600000000000004,456774636701154.562500
-0.043989999999999974,0.0228,0.056400000000000006,456774636701154.562500
-0.043979999999999964,0.0252,0.056400000000000006,456774636701154.562500
-0.043969999999999954,0.0228,0.055600000000000004,456774636701154.562500
-0.043959999999999944,0.022000000000000002,0.058,456774636701154.562500
-0.04394999999999999,0.0228,0.056400000000000006,456774636701154.562500
-0.04393999999999998,0.0228,0.0572,456774636701154.562500
-0.04392999999999997,0.0236,0.056400000000000006,456774636701154.562500
-0.04391999999999996,0.0212,0.056400000000000006,456774636701154.562500
-0.04390999999999995,0.022000000000000002,0.058,456774636701154.562500
-0.04389999999999994,0.0228,0.0548,456774636701154.562500
-0.043889999999999985,0.0212,0.0524,456774636701154.562500
-0.043879999999999975,0.022000000000000002,0.0572,456774636701154.562500
-0.043869999999999965,0.022000000000000002,0.055600000000000004,456774636701154.562500
-0.043859999999999955,0.0212,0.0572,456774636701154.562500
-0.043849999999999945,0.0244,0.0548,456774636701154.562500
-0.04383999999999999,0.0236,0.0572,456774636701154.562500
-0.04382999999999998,0.0204,0.055600000000000004,456774636701154.562500
-0.04381999999999997,0.0212,0.0572,456774636701154.562500
-0.04380999999999996,0.0204,0.0572,456774636701154.562500
-0.04379999999999995,0.0236,0.055600000000000004,456774636701154.562500
-0.04378999999999994,0.0236,0.055600000000000004,456774636701154.562500
-0.043779999999999986,0.0236,0.054,456774636701154.562500
-0.043769999999999976,0.0244,0.058,456774636701154.562500
-0.043759999999999966,0.0172,0.0548,456774636701154.562500
-0.043749999999999956,0.0204,0.0548,456774636701154.562500
-0.043739999999999946,0.012400000000000001,0.056400000000000006,456774636701154.562500
-0.043729999999999936,0.022000000000000002,0.0548,456774636701154.562500
-0.04371999999999998,0.0204,0.056400000000000006,456774636701154.562500
-0.04370999999999997,0.0236,0.056400000000000006,456774636701154.562500
-0.04369999999999996,0.0196,0.055600000000000004,456774636701154.562500
-0.04368999999999995,0.0236,0.0572,456774636701154.562500
-0.04367999999999994,0.0212,0.054,456774636701154.562500
-0.04366999999999999,0.0236,0.054,456774636701154.562500
-0.04365999999999998,0.0236,0.0572,456774636701154.562500
-0.04364999999999997,0.0204,0.056400000000000006,456774636701154.562500
-0.04363999999999996,0.0196,0.0572,456774636701154.562500
-0.04362999999999995,0.018000000000000002,0.0548,456774636701154.562500
-0.04361999999999994,0.022000000000000002,0.054,456774636701154.562500
-0.04360999999999998,0.0228,0.0572,456774636701154.562500
-0.04359999999999997,0.0212,0.058,456774636701154.562500
-0.04358999999999996,0.0212,0.058,456774636701154.562500
-0.04357999999999995,0.0236,0.056400000000000006,456774636701154.562500
-0.04356999999999994,0.018000000000000002,0.0524,456774636701154.562500
-0.04355999999999999,0.018000000000000002,0.046,456774636701154.562500
-0.04354999999999998,0.022000000000000002,0.0524,456774636701154.562500
-0.04353999999999997,0.0228,0.053200000000000004,456774636701154.562500
-0.04352999999999996,0.0236,0.0548,456774636701154.562500
-0.04351999999999995,0.0244,0.0476,456774636701154.562500
-0.04350999999999994,0.022000000000000002,0.0572,456774636701154.562500
-0.04349999999999998,0.0236,0.0396,456774636701154.562500
-0.04348999999999997,0.0252,0.056400000000000006,456774636701154.562500
-0.04347999999999996,0.0228,0.0524,456774636701154.562500
-0.04346999999999995,0.0244,0.0572,456774636701154.562500
-0.04345999999999994,0.0268,0.056400000000000006,456774636701154.562500
-0.04344999999999999,0.0244,0.056400000000000006,456774636701154.562500
-0.04343999999999998,0.026000000000000002,0.055600000000000004,456774636701154.562500
-0.04342999999999997,0.0244,0.055600000000000004,456774636701154.562500
-0.04341999999999996,0.0244,0.0548,456774636701154.562500
-0.04340999999999995,0.0244,0.058,456774636701154.562500
-0.04339999999999994,0.0236,0.053200000000000004,456774636701154.562500
-0.043389999999999984,0.0228,0.0572,456774636701154.562500
-0.043379999999999974,0.0236,0.053200000000000004,456774636701154.562500
-0.043369999999999964,0.0228,0.058,456774636701154.562500
-0.043359999999999954,0.0244,0.054,456774636701154.562500
-0.043349999999999944,0.0212,0.0548,456774636701154.562500
-0.04333999999999999,0.0228,0.0572,456774636701154.562500
-0.04332999999999998,0.0228,0.053200000000000004,456774636701154.562500
-0.04331999999999997,0.0228,0.0572,456774636701154.562500
-0.04330999999999996,0.0228,0.056400000000000006,456774636701154.562500
-0.04329999999999995,0.0204,0.053200000000000004,456774636701154.562500
-0.04328999999999994,0.022000000000000002,0.054,456774636701154.562500
-0.043279999999999985,0.018000000000000002,0.0492,456774636701154.562500
-0.043269999999999975,0.0236,0.055600000000000004,456774636701154.562500
-0.043259999999999965,0.0212,0.0572,456774636701154.562500
-0.043249999999999955,0.022000000000000002,0.056400000000000006,456774636701154.562500
-0.043239999999999945,0.0228,0.055600000000000004,456774636701154.562500
-0.043229999999999935,0.022000000000000002,0.055600000000000004,456774636701154.562500
-0.04321999999999998,0.0228,0.054,456774636701154.562500
-0.04320999999999997,0.022000000000000002,0.0468,456774636701154.562500
-0.04319999999999996,0.0228,0.0444,456774636701154.562500
-0.04318999999999995,0.0236,0.053200000000000004,456774636701154.562500
-0.04317999999999994,0.0244,0.042,456774636701154.562500
-0.043169999999999986,0.0196,0.05,456774636701154.562500
-0.043159999999999976,0.0196,0.0436,456774636701154.562500
-0.043149999999999966,0.0236,0.0516,456774636701154.562500
-0.043139999999999956,0.0268,0.0516,456774636701154.562500
-0.043129999999999946,0.022000000000000002,0.058,456774636701154.562500
-0.043119999999999936,0.0252,0.0524,456774636701154.562500
-0.04310999999999998,0.0244,0.058,456774636701154.562500
-0.04309999999999997,0.022000000000000002,0.0572,456774636701154.562500
-0.04308999999999996,0.0212,0.058800000000000005,456774636701154.562500
-0.04307999999999995,0.0204,0.056400000000000006,456774636701154.562500
-0.04306999999999994,0.0252,0.0516,456774636701154.562500
-0.04305999999999999,0.022000000000000002,0.0548,456774636701154.562500
-0.04304999999999998,0.0236,0.055600000000000004,456774636701154.562500
-0.04303999999999997,0.0228,0.055600000000000004,456774636701154.562500
-0.04302999999999996,0.0236,0.055600000000000004,456774636701154.562500
-0.04301999999999995,0.0196,0.0572,456774636701154.562500
-0.04300999999999994,0.0212,0.0516,456774636701154.562500
-0.04299999999999998,0.0196,0.058,456774636701154.562500
-0.04298999999999997,0.0196,0.050800000000000005,456774636701154.562500
-0.04297999999999996,0.018000000000000002,0.058800000000000005,456774636701154.562500
-0.04296999999999995,0.022000000000000002,0.055600000000000004,456774636701154.562500
-0.04295999999999994,0.0212,0.0572,456774636701154.562500
-0.04294999999999999,0.0236,0.055600000000000004,456774636701154.562500
-0.04293999999999998,0.0228,0.050800000000000005,456774636701154.562500
-0.04292999999999997,0.022000000000000002,0.048400000000000006,456774636701154.562500
-0.04291999999999996,0.0236,0.042,456774636701154.562500
-0.04290999999999995,0.0228,0.0436,456774636701154.562500
-0.04289999999999994,0.0244,0.0572,456774636701154.562500
-0.042889999999999984,0.0244,0.0572,456774636701154.562500
-0.042879999999999974,0.0244,0.056400000000000006,456774636701154.562500
-0.042869999999999964,0.0252,0.056400000000000006,456774636701154.562500
-0.042859999999999954,0.0244,0.056400000000000006,456774636701154.562500
-0.042849999999999944,0.0252,0.0572,456774636701154.562500
-0.04283999999999999,0.0236,0.0516,456774636701154.562500
-0.04282999999999998,0.0252,0.054,456774636701154.562500
-0.04281999999999997,0.0252,0.048400000000000006,456774636701154.562500
-0.04280999999999996,0.0244,0.048400000000000006,456774636701154.562500
-0.04279999999999995,0.0252,0.0436,456774636701154.562500
-0.04278999999999994,0.022000000000000002,0.055600000000000004,456774636701154.562500
-0.042779999999999985,0.0236,0.0548,456774636701154.562500
-0.042769999999999975,0.0236,0.0572,456774636701154.562500
-0.042759999999999965,0.0236,0.0572,456774636701154.562500
-0.042749999999999955,0.0212,0.058,456774636701154.562500
-0.042739999999999945,0.0212,0.0572,456774636701154.562500
-0.04272999999999999,0.022000000000000002,0.056400000000000006,456774636701154.562500
-0.04271999999999998,0.0244,0.055600000000000004,456774636701154.562500
-0.04270999999999997,0.022000000000000002,0.056400000000000006,456774636701154.562500
-0.04269999999999996,0.0204,0.056400000000000006,456774636701154.562500
-0.04268999999999995,0.0204,0.0572,456774636701154.562500
-0.04267999999999994,0.0236,0.058,456774636701154.562500
-0.042669999999999986,0.0212,0.0524,456774636701154.562500
-0.042659999999999976,0.022000000000000002,0.058,456774636701154.562500
-0.042649999999999966,0.0228,0.056400000000000006,456774636701154.562500
-0.042639999999999956,0.022000000000000002,0.056400000000000006,456774636701154.562500
-0.042629999999999946,0.0212,0.0572,456774636701154.562500
-0.042619999999999936,0.0228,0.0548,456774636701154.562500
-0.04260999999999998,0.0228,0.0572,456774636701154.562500
-0.04259999999999997,0.0244,0.056400000000000006,456774636701154.562500
-0.04258999999999996,0.0236,0.0572,456774636701154.562500
-0.04257999999999995,0.0228,0.054,456774636701154.562500
-0.04256999999999994,0.0212,0.056400000000000006,456774636701154.562500
-0.04255999999999999,0.0236,0.0572,456774636701154.562500
-0.04254999999999998,0.0252,0.0572,456774636701154.562500
-0.04253999999999997,0.0252,0.056400000000000006,456774636701154.562500
-0.04252999999999996,0.0252,0.0572,456774636701154.562500
-0.04251999999999995,0.0236,0.0548,456774636701154.562500
-0.04250999999999994,0.0244,0.050800000000000005,456774636701154.562500
-0.04249999999999998,0.0244,0.058,456774636701154.562500
-0.04248999999999997,0.0268,0.056400000000000006,456774636701154.562500
-0.04247999999999996,0.0244,0.056400000000000006,456774636701154.562500
-0.04246999999999995,0.0244,0.058,456774636701154.562500
-0.04245999999999994,0.022000000000000002,0.055600000000000004,456774636701154.562500
-0.04244999999999999,0.0228,0.056400000000000006,456774636701154.562500
-0.04243999999999998,0.0236,0.0492,456774636701154.562500
-0.04242999999999997,0.022000000000000002,0.056400000000000006,456774636701154.562500
-0.04241999999999996,0.022000000000000002,0.055600000000000004,456774636701154.562500
-0.04240999999999995,0.022000000000000002,0.0572,456774636701154.562500
-0.04239999999999994,0.0236,0.0524,456774636701154.562500
-0.04238999999999998,0.0212,0.058,456774636701154.562500
-0.04237999999999997,0.0236,0.054,456774636701154.562500
-0.04236999999999996,0.022000000000000002,0.058,456774636701154.562500
-0.04235999999999995,0.022000000000000002,0.055600000000000004,456774636701154.562500
-0.04234999999999994,0.0204,0.058,456774636701154.562500
-0.04233999999999999,0.0228,0.05,456774636701154.562500
-0.04232999999999998,0.0228,0.05,456774636701154.562500
-0.04231999999999997,0.0228,0.048400000000000006,456774636701154.562500
-0.04230999999999996,0.0236,0.0516,456774636701154.562500
-0.04229999999999995,0.0228,0.0444,456774636701154.562500
-0.04228999999999994,0.0236,0.054,456774636701154.562500
-0.042279999999999984,0.0236,0.05,456774636701154.562500
-0.042269999999999974,0.0252,0.055600000000000004,456774636701154.562500
-0.042259999999999964,0.026000000000000002,0.0548,456774636701154.562500
-0.042249999999999954,0.026000000000000002,0.0548,456774636701154.562500
-0.042239999999999944,0.0236,0.056400000000000006,456774636701154.562500
-0.04222999999999999,0.0236,0.054,456774636701154.562500
-0.04221999999999998,0.0252,0.055600000000000004,456774636701154.562500
-0.04220999999999997,0.0244,0.054,456774636701154.562500
-0.04219999999999996,0.0236,0.056400000000000006,456774636701154.562500
-0.04218999999999995,0.0236,0.05,456774636701154.562500
-0.04217999999999994,0.0236,0.0572,456774636701154.562500
-0.042169999999999985,0.0228,0.0516,456774636701154.562500
-0.042159999999999975,0.0244,0.055600000000000004,456774636701154.562500
-0.042149999999999965,0.0228,0.0572,456774636701154.562500
-0.042139999999999955,0.0212,0.055600000000000004,456774636701154.562500
-0.042129999999999945,0.0244,0.054,456774636701154.562500
-0.042119999999999935,0.0236,0.058,456774636701154.562500
-0.04210999999999998,0.0212,0.055600000000000004,456774636701154.562500
-0.04209999999999997,0.0212,0.0516,456774636701154.562500
-0.04208999999999996,0.022000000000000002,0.058,456774636701154.562500
-0.04207999999999995,0.022000000000000002,0.055600000000000004,456774636701154.562500
-0.04206999999999994,0.0244,0.056400000000000006,456774636701154.562500
-0.042059999999999986,0.0212,0.045200000000000004,456774636701154.562500
-0.042049999999999976,0.0196,0.0572,456774636701154.562500
-0.042039999999999966,0.0196,0.0476,456774636701154.562500
-0.042029999999999956,0.0164,0.054,456774636701154.562500
-0.042019999999999946,0.0188,0.0476,456774636701154.562500
-0.042009999999999936,0.0204,0.058,456774636701154.562500
-0.04199999999999998,0.0236,0.055600000000000004,456774636701154.562500
-0.04198999999999997,0.0244,0.056400000000000006,456774636701154.562500
-0.04197999999999996,0.022000000000000002,0.05,456774636701154.562500
-0.04196999999999995,0.0236,0.0516,456774636701154.562500
-0.04195999999999994,0.0204,0.0548,456774636701154.562500
-0.04194999999999999,0.0236,0.056400000000000006,456774636701154.562500
-0.04193999999999998,0.0244,0.0572,456774636701154.562500
-0.04192999999999997,0.0236,0.0548,456774636701154.562500
-0.04191999999999996,0.0228,0.056400000000000006,456774636701154.562500
-0.04190999999999995,0.0244,0.055600000000000004,456774636701154.562500
-0.04189999999999994,0.0228,0.056400000000000006,456774636701154.562500
-0.04188999999999998,0.0236,0.053200000000000004,456774636701154.562500
-0.04187999999999997,0.0252,0.058,456774636701154.562500
-0.04186999999999996,0.0244,0.0572,456774636701154.562500
-0.04185999999999995,0.022000000000000002,0.055600000000000004,456774636701154.562500
-0.04184999999999994,0.0244,0.0572,456774636701154.562500
-0.04183999999999999,0.0188,0.0476,456774636701154.562500
-0.04182999999999998,0.0212,0.055600000000000004,456774636701154.562500
-0.04181999999999997,0.0228,0.055600000000000004,456774636701154.562500
-0.04180999999999996,0.0236,0.056400000000000006,456774636701154.562500
-0.04179999999999995,0.0204,0.054,456774636701154.562500
-0.04178999999999994,0.022000000000000002,0.0524,456774636701154.562500
-0.041779999999999984,0.0228,0.0516,456774636701154.562500
-0.041769999999999974,0.0228,0.056400000000000006,456774636701154.562500
-0.041759999999999964,0.0212,0.058800000000000005,456774636701154.562500
-0.041749999999999954,0.022000000000000002,0.054,456774636701154.562500
-0.041739999999999944,0.0196,0.0572,456774636701154.562500
-0.04172999999999999,0.022000000000000002,0.055600000000000004,456774636701154.562500
-0.04171999999999998,0.022000000000000002,0.0548,456774636701154.562500
-0.04170999999999997,0.022000000000000002,0.0548,456774636701154.562500
-0.04169999999999996,0.0196,0.056400000000000006,456774636701154.562500
-0.04168999999999995,0.022000000000000002,0.056400000000000006,456774636701154.562500
-0.04167999999999994,0.0212,0.055600000000000004,456774636701154.562500
-0.041669999999999985,0.0252,0.0572,456774636701154.562500
-0.041659999999999975,0.0228,0.0572,456774636701154.562500
-0.041649999999999965,0.0236,0.055600000000000004,456774636701154.562500
-0.041639999999999955,0.022000000000000002,0.0572,456774636701154.562500
-0.041629999999999945,0.0244,0.056400000000000006,456774636701154.562500
-0.041619999999999935,0.0212,0.056400000000000006,456774636701154.562500
-0.04160999999999998,0.022000000000000002,0.0572,456774636701154.562500
-0.04159999999999997,0.026000000000000002,0.055600000000000004,456774636701154.562500
-0.04158999999999996,0.0244,0.0572,456774636701154.562500
-0.04157999999999995,0.0252,0.055600000000000004,456774636701154.562500
-0.04156999999999994,0.0236,0.0572,456774636701154.562500
-0.041559999999999986,0.026000000000000002,0.0548,456774636701154.562500
-0.041549999999999976,0.022000000000000002,0.056400000000000006,456774636701154.562500
-0.041539999999999966,0.022000000000000002,0.0572,456774636701154.562500
-0.041529999999999956,0.0212,0.0548,456774636701154.562500
-0.041519999999999946,0.0228,0.058,456774636701154.562500
-0.041509999999999936,0.0236,0.055600000000000004,456774636701154.562500
-0.04149999999999998,0.0228,0.055600000000000004,456774636701154.562500
-0.04148999999999997,0.0204,0.058800000000000005,456774636701154.562500
-0.04147999999999996,0.0212,0.058,456774636701154.562500
-0.04146999999999995,0.0228,0.055600000000000004,456774636701154.562500
-0.04145999999999994,0.0204,0.0572,456774636701154.562500
-0.04144999999999999,0.018000000000000002,0.0572,456774636701154.562500
-0.04143999999999998,0.0196,0.056400000000000006,456774636701154.562500
-0.04142999999999997,0.0204,0.056400000000000006,456774636701154.562500
-0.04141999999999996,0.022000000000000002,0.055600000000000004,456774636701154.562500
-0.04140999999999995,0.0228,0.055600000000000004,456774636701154.562500
-0.04139999999999994,0.0212,0.0548,456774636701154.562500
-0.04138999999999998,0.0252,0.0572,456774636701154.562500
-0.04137999999999997,0.0228,0.058,456774636701154.562500
-0.04136999999999996,0.0236,0.0548,456774636701154.562500
-0.04135999999999995,0.022000000000000002,0.056400000000000006,456774636701154.562500
-0.04134999999999994,0.0236,0.053200000000000004,456774636701154.562500
-0.04133999999999999,0.0252,0.0548,456774636701154.562500
-0.04132999999999998,0.0252,0.0524,456774636701154.562500
-0.04131999999999997,0.0244,0.056400000000000006,456774636701154.562500
-0.04130999999999996,0.0244,0.0548,456774636701154.562500
-0.04129999999999995,0.0236,0.056400000000000006,456774636701154.562500
-0.04128999999999994,0.0236,0.055600000000000004,456774636701154.562500
-0.04127999999999998,0.0236,0.058,456774636701154.562500
-0.04126999999999997,0.0244,0.058,456774636701154.562500
-0.04125999999999996,0.022000000000000002,0.058,456774636701154.562500
-0.04124999999999995,0.0236,0.058,456774636701154.562500
-0.04123999999999994,0.0228,0.058800000000000005,456774636701154.562500
-0.04122999999999999,0.0228,0.056400000000000006,456774636701154.562500
-0.04121999999999998,0.0236,0.0596,456774636701154.562500
-0.04120999999999997,0.0228,0.0572,456774636701154.562500
-0.04119999999999996,0.022000000000000002,0.056400000000000006,456774636701154.562500
-0.04118999999999995,0.015600000000000001,0.056400000000000006,456774636701154.562500
-0.04117999999999994,0.022000000000000002,0.0572,456774636701154.562500
-0.041169999999999984,0.0204,0.0572,456774636701154.562500
-0.041159999999999974,0.0228,0.0548,456774636701154.562500
-0.041149999999999964,0.0196,0.048400000000000006,456774636701154.562500
-0.041139999999999954,0.0236,0.0524,456774636701154.562500
-0.041129999999999944,0.0228,0.0572,456774636701154.562500
-0.04111999999999999,0.0228,0.0572,456774636701154.562500
-0.04110999999999998,0.0228,0.0572,456774636701154.562500
-0.04109999999999997,0.0236,0.0524,456774636701154.562500
-0.04108999999999996,0.0244,0.054,456774636701154.562500
-0.04107999999999995,0.0244,0.05,456774636701154.562500
-0.04106999999999994,0.0228,0.058,456774636701154.562500
-0.041059999999999985,0.0252,0.0572,456774636701154.562500
-0.041049999999999975,0.0244,0.056400000000000006,456774636701154.562500
-0.041039999999999965,0.0236,0.050800000000000005,456774636701154.562500
-0.041029999999999955,0.0236,0.058,456774636701154.562500
-0.041019999999999945,0.0244,0.0548,456774636701154.562500
-0.041009999999999935,0.0236,0.058,456774636701154.562500
-0.04099999999999998,0.022000000000000002,0.05,456774636701154.562500
-0.04098999999999997,0.0228,0.050800000000000005,456774636701154.562500
-0.04097999999999996,0.0228,0.055600000000000004,456774636701154.562500
-0.04096999999999995,0.0252,0.054,456774636701154.562500
-0.04095999999999994,0.0236,0.053200000000000004,456774636701154.562500
-0.040949999999999986,0.0212,0.045200000000000004,456774636701154.562500
-0.040939999999999976,0.022000000000000002,0.0516,456774636701154.562500
-0.040929999999999966,0.0196,0.058,456774636701154.562500
-0.040919999999999956,0.0228,0.055600000000000004,456774636701154.562500
-0.040909999999999946,0.0228,0.038,456774636701154.562500
-0.040899999999999936,0.0228,0.0492,456774636701154.562500
-0.04088999999999998,0.022000000000000002,0.045200000000000004,456774636701154.562500
-0.04087999999999997,0.0236,0.0516,456774636701154.562500
-0.04086999999999996,0.0212,0.054,456774636701154.562500
-0.04085999999999995,0.0212,0.0572,456774636701154.562500
-0.04084999999999994,0.0196,0.056400000000000006,456774636701154.562500
-0.04083999999999999,0.0228,0.056400000000000006,456774636701154.562500
-0.04082999999999998,0.022000000000000002,0.058,456774636701154.562500
-0.04081999999999997,0.0236,0.0548,456774636701154.562500
-0.04080999999999996,0.022000000000000002,0.055600000000000004,456774636701154.562500
-0.04079999999999995,0.0228,0.058,456774636701154.562500
-0.04078999999999994,0.0236,0.056400000000000006,456774636701154.562500
-0.04077999999999998,0.0244,0.058,456774636701154.562500
-0.04076999999999997,0.022000000000000002,0.058,456774636701154.562500
-0.04075999999999996,0.0236,0.0572,456774636701154.562500
-0.04074999999999995,0.022000000000000002,0.054,456774636701154.562500
-0.04073999999999994,0.0244,0.0572,456774636701154.562500
-0.04072999999999999,0.0212,0.053200000000000004,456774636701154.562500
-0.04071999999999998,0.0244,0.055600000000000004,456774636701154.562500
-0.04070999999999997,0.0204,0.0548,456774636701154.562500
-0.04069999999999996,0.0228,0.053200000000000004,456774636701154.562500
-0.04068999999999995,0.0244,0.056400000000000006,456774636701154.562500
-0.04067999999999994,0.0244,0.056400000000000006,456774636701154.562500
-0.040669999999999984,0.0236,0.055600000000000004,456774636701154.562500
-0.040659999999999974,0.0228,0.055600000000000004,456774636701154.562500
-0.040649999999999964,0.0228,0.055600000000000004,456774636701154.562500
-0.040639999999999954,0.0244,0.050800000000000005,456774636701154.562500
-0.040629999999999944,0.0228,0.056400000000000006,456774636701154.562500
-0.04061999999999999,0.0196,0.0492,456774636701154.562500
-0.04060999999999998,0.022000000000000002,0.048400000000000006,456774636701154.562500
-0.04059999999999997,0.0228,0.0548,456774636701154.562500
-0.04058999999999996,0.0212,0.056400000000000006,456774636701154.562500
-0.04057999999999995,0.0164,0.0524,456774636701154.562500
-0.04056999999999994,0.0196,0.056400000000000006,456774636701154.562500
-0.040559999999999985,0.015600000000000001,0.058,456774636701154.562500
-0.040549999999999975,0.0228,0.055600000000000004,456774636701154.562500
-0.040539999999999965,0.0236,0.0572,456774636701154.562500
-0.040529999999999955,0.0244,0.0516,456774636701154.562500
-0.040519999999999945,0.0236,0.054,456774636701154.562500
-0.040509999999999935,0.0236,0.0468,456774636701154.562500
-0.04049999999999998,0.0212,0.054,456774636701154.562500
-0.04048999999999997,0.0228,0.053200000000000004,456774636701154.562500
-0.04047999999999996,0.0212,0.050800000000000005,456774636701154.562500
-0.04046999999999995,0.0236,0.048400000000000006,456774636701154.562500
-0.04045999999999994,0.0236,0.055600000000000004,456774636701154.562500
-0.040449999999999986,0.022000000000000002,0.0476,456774636701154.562500
-0.040439999999999976,0.0236,0.0548,456774636701154.562500
-0.040429999999999966,0.0244,0.055600000000000004,456774636701154.562500
-0.040419999999999956,0.0244,0.0548,456774636701154.562500
-0.040409999999999946,0.0236,0.0524,456774636701154.562500
-0.040399999999999936,0.0252,0.0572,456774636701154.562500
-0.04038999999999998,0.0228,0.0548,456774636701154.562500
-0.04037999999999997,0.0268,0.0548,456774636701154.562500
-0.04036999999999996,0.0252,0.050800000000000005,456774636701154.562500
-0.04035999999999995,0.0236,0.050800000000000005,456774636701154.562500
-0.04034999999999994,0.0244,0.040400000000000005,456774636701154.562500
-0.04033999999999999,0.022000000000000002,0.0492,456774636701154.562500
-0.04032999999999998,0.0244,0.038,456774636701154.562500
-0.04031999999999997,0.0236,0.0436,456774636701154.562500
-0.04030999999999996,0.0236,0.0516,456774636701154.562500
-0.04029999999999995,0.0228,0.0548,456774636701154.562500
-0.04028999999999994,0.022000000000000002,0.0492,456774636701154.562500
-0.04027999999999998,0.0236,0.054,456774636701154.562500
-0.04026999999999997,0.022000000000000002,0.050800000000000005,456774636701154.562500
-0.04025999999999996,0.0228,0.056400000000000006,456774636701154.562500
-0.04024999999999995,0.018000000000000002,0.053200000000000004,456774636701154.562500
-0.04023999999999994,0.0228,0.055600000000000004,456774636701154.562500
-0.04022999999999999,0.0196,0.055600000000000004,456774636701154.562500
-0.04021999999999998,0.0228,0.0572,456774636701154.562500
-0.04020999999999997,0.0244,0.0572,456774636701154.562500
-0.04019999999999996,0.022000000000000002,0.058,456774636701154.562500
-0.04018999999999995,0.022000000000000002,0.053200000000000004,456774636701154.562500
-0.04017999999999994,0.022000000000000002,0.0572,456774636701154.562500
-0.040169999999999983,0.0228,0.0524,456774636701154.562500
-0.040159999999999973,0.0236,0.055600000000000004,456774636701154.562500
-0.040149999999999963,0.0236,0.054,456774636701154.562500
-0.040139999999999953,0.0244,0.055600000000000004,456774636701154.562500
-0.040129999999999943,0.0244,0.053200000000000004,456774636701154.562500
-0.04011999999999999,0.0212,0.058,456774636701154.562500
-0.04010999999999998,0.0236,0.0548,456774636701154.562500
-0.04009999999999997,0.0244,0.0572,456774636701154.562500
-0.04008999999999996,0.0252,0.058,456774636701154.562500
-0.04007999999999995,0.0244,0.0524,456774636701154.562500
-0.04006999999999994,0.0244,0.0572,456774636701154.562500
-0.040059999999999985,0.0212,0.048400000000000006,456774636701154.562500
-0.040049999999999975,0.0252,0.058,456774636701154.562500
-0.040039999999999965,0.0252,0.053200000000000004,456774636701154.562500
-0.040029999999999955,0.0244,0.0572,456774636701154.562500
-0.040019999999999945,0.0244,0.056400000000000006,456774636701154.562500
-0.04000999999999999,0.0244,0.053200000000000004,456774636701154.562500
-0.03999999999999998,0.022000000000000002,0.050800000000000005,456774636701154.562500
-0.03998999999999997,0.0212,0.056400000000000006,456774636701154.562500
-0.03997999999999996,0.0228,0.0548,456774636701154.562500
-0.03996999999999995,0.022000000000000002,0.0572,456774636701154.562500
-0.03995999999999994,0.022000000000000002,0.055600000000000004,456774636701154.562500
-0.039949999999999986,0.0148,0.054,456774636701154.562500
-0.039939999999999976,0.014,0.055600000000000004,456774636701154.562500
-0.039929999999999966,0.022000000000000002,0.0572,456774636701154.562500
-0.039919999999999956,0.0228,0.053200000000000004,456774636701154.562500
-0.039909999999999946,0.0228,0.0572,456774636701154.562500
-0.039899999999999936,0.022000000000000002,0.054,456774636701154.562500
-0.03988999999999998,0.0236,0.0572,456774636701154.562500
-0.03987999999999997,0.0212,0.056400000000000006,456774636701154.562500
-0.03986999999999996,0.022000000000000002,0.054,456774636701154.562500
-0.03985999999999995,0.0244,0.0524,456774636701154.562500
-0.03984999999999994,0.0228,0.058,456774636701154.562500
-0.03983999999999999,0.0196,0.053200000000000004,456774636701154.562500
-0.03982999999999998,0.0252,0.056400000000000006,456774636701154.562500
-0.03981999999999997,0.0244,0.0548,456774636701154.562500
-0.03980999999999996,0.0212,0.050800000000000005,456774636701154.562500
-0.03979999999999995,0.0172,0.0516,456774636701154.562500
-0.03978999999999994,0.0252,0.0524,456774636701154.562500
-0.03977999999999998,0.0212,0.055600000000000004,456774636701154.562500
-0.03976999999999997,0.0228,0.0548,456774636701154.562500
-0.03975999999999996,0.0244,0.0524,456774636701154.562500
-0.03974999999999995,0.0252,0.054,456774636701154.562500
-0.03973999999999994,0.0252,0.0468,456774636701154.562500
-0.03972999999999999,0.0212,0.046,456774636701154.562500
-0.03971999999999998,0.0236,0.055600000000000004,456774636701154.562500
-0.03970999999999997,0.022000000000000002,0.055600000000000004,456774636701154.562500
-0.03969999999999996,0.0228,0.055600000000000004,456774636701154.562500
-0.03968999999999995,0.0244,0.055600000000000004,456774636701154.562500
-0.03967999999999994,0.022000000000000002,0.0516,456774636701154.562500
-0.03966999999999998,0.0204,0.0572,456774636701154.562500
-0.03965999999999997,0.0228,0.0476,456774636701154.562500
-0.03964999999999996,0.022000000000000002,0.050800000000000005,456774636701154.562500
-0.03963999999999995,0.022000000000000002,0.046,456774636701154.562500
-0.03962999999999994,0.022000000000000002,0.0572,456774636701154.562500
-0.03961999999999999,0.018000000000000002,0.0548,456774636701154.562500
-0.03960999999999998,0.0204,0.055600000000000004,456774636701154.562500
-0.03959999999999997,0.0172,0.0596,456774636701154.562500
-0.03958999999999996,0.0228,0.058,456774636701154.562500
-0.03957999999999995,0.0228,0.0572,456774636701154.562500
-0.03956999999999994,0.0196,0.056400000000000006,456774636701154.562500
-0.039559999999999984,0.0236,0.056400000000000006,456774636701154.562500
-0.039549999999999974,0.0228,0.0516,456774636701154.562500
-0.039539999999999964,0.0244,0.058,456774636701154.562500
-0.039529999999999954,0.0236,0.055600000000000004,456774636701154.562500
-0.039519999999999944,0.022000000000000002,0.055600000000000004,456774636701154.562500
-0.03950999999999999,0.0196,0.0572,456774636701154.562500
-0.03949999999999998,0.0228,0.0572,456774636701154.562500
-0.03948999999999997,0.0212,0.055600000000000004,456774636701154.562500
-0.03947999999999996,0.0244,0.058,456774636701154.562500
-0.03946999999999995,0.0228,0.056400000000000006,456774636701154.562500
-0.03945999999999994,0.0236,0.058800000000000005,456774636701154.562500
-0.039449999999999985,0.0244,0.0596,456774636701154.562500
-0.039439999999999975,0.0236,0.0516,456774636701154.562500
-0.039429999999999965,0.0236,0.056400000000000006,456774636701154.562500
-0.039419999999999955,0.0204,0.058,456774636701154.562500
-0.039409999999999945,0.0236,0.0572,456774636701154.562500
-0.039399999999999935,0.0212,0.056400000000000006,456774636701154.562500
-0.03938999999999998,0.0236,0.058800000000000005,456774636701154.562500
-0.03937999999999997,0.0228,0.050800000000000005,456774636701154.562500
-0.03936999999999996,0.0236,0.05,456774636701154.562500
-0.03935999999999995,0.0236,0.0516,456774636701154.562500
-0.03934999999999994,0.0212,0.0572,456774636701154.562500
-0.039339999999999986,0.018000000000000002,0.055600000000000004,456774636701154.562500
-0.039329999999999976,0.0228,0.055600000000000004,456774636701154.562500
-0.039319999999999966,0.0212,0.056400000000000006,456774636701154.562500
-0.039309999999999956,0.0212,0.0572,456774636701154.562500
-0.039299999999999946,0.018000000000000002,0.056400000000000006,456774636701154.562500
-0.039289999999999936,0.022000000000000002,0.0572,456774636701154.562500
-0.03927999999999998,0.0196,0.055600000000000004,456774636701154.562500
-0.03926999999999997,0.0212,0.0492,456774636701154.562500
-0.03925999999999996,0.022000000000000002,0.0436,456774636701154.562500
-0.03924999999999995,0.0236,0.0524,456774636701154.562500
-0.03923999999999994,0.0212,0.058,456774636701154.562500
-0.03922999999999999,0.0236,0.056400000000000006,456774636701154.562500
-0.03921999999999998,0.022000000000000002,0.0572,456774636701154.562500
-0.03920999999999997,0.0236,0.054,456774636701154.562500
-0.03919999999999996,0.0212,0.055600000000000004,456774636701154.562500
-0.03918999999999995,0.0236,0.056400000000000006,456774636701154.562500
-0.03917999999999994,0.0236,0.0572,456774636701154.562500
-0.03916999999999998,0.0228,0.0548,456774636701154.562500
-0.03915999999999997,0.0244,0.053200000000000004,456774636701154.562500
-0.03914999999999996,0.0244,0.055600000000000004,456774636701154.562500
-0.03913999999999995,0.0236,0.056400000000000006,456774636701154.562500
-0.03912999999999994,0.0244,0.0516,456774636701154.562500
-0.03911999999999999,0.0228,0.058,456774636701154.562500
-0.03910999999999998,0.0228,0.055600000000000004,456774636701154.562500
-0.03909999999999997,0.0204,0.0572,456774636701154.562500
-0.03908999999999996,0.0228,0.0548,456774636701154.562500
-0.03907999999999995,0.0212,0.056400000000000006,456774636701154.562500
-0.03906999999999994,0.022000000000000002,0.054,456774636701154.562500
-0.039059999999999984,0.018000000000000002,0.0548,456774636701154.562500
-0.039049999999999974,0.018000000000000002,0.05,456774636701154.562500
-0.039039999999999964,0.014,0.048400000000000006,456774636701154.562500
-0.039029999999999954,0.0164,0.050800000000000005,456774636701154.562500
-0.039019999999999944,0.0148,0.0516,456774636701154.562500
-0.03900999999999999,0.015600000000000001,0.054,456774636701154.562500
-0.03899999999999998,0.018000000000000002,0.056400000000000006,456774636701154.562500
-0.03898999999999997,0.022000000000000002,0.056400000000000006,456774636701154.562500
-0.03897999999999996,0.022000000000000002,0.056400000000000006,456774636701154.562500
-0.03896999999999995,0.0228,0.054,456774636701154.562500
-0.03895999999999994,0.0228,0.0476,456774636701154.562500
-0.038949999999999985,0.0236,0.0516,456774636701154.562500
-0.038939999999999975,0.0228,0.0468,456774636701154.562500
-0.038929999999999965,0.0228,0.055600000000000004,456774636701154.562500
-0.038919999999999955,0.0236,0.0572,456774636701154.562500
-0.038909999999999945,0.0228,0.0572,456774636701154.562500
-0.038899999999999935,0.018000000000000002,0.0548,456774636701154.562500
-0.03888999999999998,0.0244,0.0516,456774636701154.562500
-0.03887999999999997,0.0236,0.055600000000000004,456774636701154.562500
-0.03886999999999996,0.0252,0.058,456774636701154.562500
-0.03885999999999995,0.0228,0.0572,456774636701154.562500
-0.03884999999999994,0.0212,0.054,456774636701154.562500
-0.038839999999999986,0.0196,0.0524,456774636701154.562500
-0.038829999999999976,0.0204,0.0572,456774636701154.562500
-0.038819999999999966,0.0196,0.050800000000000005,456774636701154.562500
-0.038809999999999956,0.0212,0.045200000000000004,456774636701154.562500
-0.038799999999999946,0.0212,0.046,456774636701154.562500
-0.038789999999999936,0.0196,0.0548,456774636701154.562500
-0.03877999999999998,0.0148,0.0492,456774636701154.562500
-0.03876999999999997,0.0196,0.0548,456774636701154.562500
-0.03875999999999996,0.0188,0.0476,456774636701154.562500
-0.03874999999999995,0.0196,0.055600000000000004,456774636701154.562500
-0.03873999999999994,0.0196,0.053200000000000004,456774636701154.562500
-0.03872999999999999,0.0196,0.054,456774636701154.562500
-0.03871999999999998,0.015600000000000001,0.055600000000000004,456774636701154.562500
-0.03870999999999997,0.0204,0.0572,456774636701154.562500
-0.03869999999999996,0.022000000000000002,0.055600000000000004,456774636701154.562500
-0.03868999999999995,0.022000000000000002,0.0524,456774636701154.562500
-0.03867999999999994,0.0228,0.0572,456774636701154.562500
-0.03866999999999998,0.022000000000000002,0.055600000000000004,456774636701154.562500
-0.03865999999999997,0.0236,0.0548,456774636701154.562500
-0.03864999999999996,0.0236,0.056400000000000006,456774636701154.562500
-0.03863999999999995,0.0236,0.0524,456774636701154.562500
-0.03862999999999994,0.0244,0.056400000000000006,456774636701154.562500
-0.03861999999999999,0.0244,0.058,456774636701154.562500
-0.03860999999999998,0.026000000000000002,0.0476,456774636701154.562500
-0.03859999999999997,0.0236,0.058,456774636701154.562500
-0.03858999999999996,0.0244,0.0572,456774636701154.562500
-0.03857999999999995,0.0228,0.056400000000000006,456774636701154.562500
-0.03856999999999994,0.0244,0.055600000000000004,456774636701154.562500
-0.03855999999999998,0.0228,0.056400000000000006,456774636701154.562500
-0.03854999999999997,0.0252,0.058,456774636701154.562500
-0.03853999999999996,0.0252,0.0572,456774636701154.562500
-0.03852999999999995,0.0228,0.056400000000000006,456774636701154.562500
-0.03851999999999994,0.0228,0.056400000000000006,456774636701154.562500
-0.03850999999999999,0.022000000000000002,0.0492,456774636701154.562500
-0.03849999999999998,0.0244,0.054,456774636701154.562500
-0.03848999999999997,0.0236,0.0548,456774636701154.562500
-0.03847999999999996,0.0228,0.056400000000000006,456774636701154.562500
-0.03846999999999995,0.0228,0.053200000000000004,456774636701154.562500
-0.03845999999999994,0.0244,0.0516,456774636701154.562500
-0.038449999999999984,0.0236,0.0548,456774636701154.562500
-0.038439999999999974,0.0228,0.0492,456774636701154.562500
-0.038429999999999964,0.0244,0.058,456774636701154.562500
-0.038419999999999954,0.022000000000000002,0.0572,456774636701154.562500
-0.038409999999999944,0.0228,0.055600000000000004,456774636701154.562500
-0.03839999999999999,0.022000000000000002,0.0548,456774636701154.562500
-0.03838999999999998,0.0204,0.056400000000000006,456774636701154.562500
-0.03837999999999997,0.0236,0.056400000000000006,456774636701154.562500
-0.03836999999999996,0.022000000000000002,0.058,456774636701154.562500
-0.03835999999999995,0.022000000000000002,0.054,456774636701154.562500
-0.03834999999999994,0.022000000000000002,0.055600000000000004,456774636701154.562500
-0.038339999999999985,0.022000000000000002,0.055600000000000004,456774636701154.562500
-0.038329999999999975,0.0196,0.056400000000000006,456774636701154.562500
-0.038319999999999965,0.0236,0.0572,456774636701154.562500
-0.038309999999999955,0.022000000000000002,0.055600000000000004,456774636701154.562500
-0.038299999999999945,0.0196,0.055600000000000004,456774636701154.562500
-0.038289999999999935,0.0196,0.054,456774636701154.562500
-0.03827999999999998,0.0228,0.056400000000000006,456774636701154.562500
-0.03826999999999997,0.0228,0.056400000000000006,456774636701154.562500
-0.03825999999999996,0.026000000000000002,0.056400000000000006,456774636701154.562500
-0.03824999999999995,0.0236,0.054,456774636701154.562500
-0.03823999999999994,0.0252,0.056400000000000006,456774636701154.562500
-0.038229999999999986,0.0236,0.056400000000000006,456774636701154.562500
-0.038219999999999976,0.022000000000000002,0.0468,456774636701154.562500
-0.038209999999999966,0.0228,0.0548,456774636701154.562500
-0.038199999999999956,0.022000000000000002,0.05,456774636701154.562500
-0.038189999999999946,0.0236,0.0548,456774636701154.562500
-0.038179999999999936,0.0212,0.0468,456774636701154.562500
-0.03816999999999998,0.0236,0.0516,456774636701154.562500
-0.03815999999999997,0.0164,0.0364,456774636701154.562500
-0.03814999999999996,0.0236,0.0548,456774636701154.562500
-0.03813999999999995,0.014,0.055600000000000004,456774636701154.562500
-0.03812999999999994,0.022000000000000002,0.056400000000000006,456774636701154.562500
-0.03811999999999999,0.0132,0.0572,456774636701154.562500
-0.03810999999999998,0.0212,0.048400000000000006,456774636701154.562500
-0.03809999999999997,0.0212,0.0572,456774636701154.562500
-0.03808999999999996,0.0228,0.0572,456774636701154.562500
-0.03807999999999995,0.0212,0.054,456774636701154.562500
-0.03806999999999994,0.0228,0.0572,456774636701154.562500
-0.03805999999999998,0.0236,0.056400000000000006,456774636701154.562500
-0.03804999999999997,0.0236,0.056400000000000006,456774636701154.562500
-0.03803999999999996,0.0196,0.0524,456774636701154.562500
-0.03802999999999995,0.0244,0.0516,456774636701154.562500
-0.03801999999999994,0.0212,0.0548,456774636701154.562500
-0.03800999999999999,0.0236,0.056400000000000006,456774636701154.562500
-0.03799999999999998,0.0204,0.0524,456774636701154.562500
-0.03798999999999997,0.0236,0.054,456774636701154.562500
-0.03797999999999996,0.0252,0.05,456774636701154.562500
-0.03796999999999995,0.0252,0.055600000000000004,456774636701154.562500
-0.03795999999999994,0.0236,0.055600000000000004,456774636701154.562500
-0.037949999999999984,0.0252,0.054,456774636701154.562500
-0.037939999999999974,0.0252,0.054,456774636701154.562500
-0.037929999999999964,0.0244,0.056400000000000006,456774636701154.562500
-0.037919999999999954,0.0252,0.055600000000000004,456774636701154.562500
-0.037909999999999944,0.0228,0.058,456774636701154.562500
-0.03789999999999999,0.0236,0.0572,456774636701154.562500
-0.03788999999999998,0.0244,0.0548,456774636701154.562500
-0.03787999999999997,0.0204,0.048400000000000006,456774636701154.562500
-0.03786999999999996,0.0212,0.0572,456774636701154.562500
-0.03785999999999995,0.0244,0.0524,456774636701154.562500
-0.03784999999999994,0.022000000000000002,0.056400000000000006,456774636701154.562500
-0.037839999999999985,0.022000000000000002,0.050800000000000005,456774636701154.562500
-0.037829999999999975,0.022000000000000002,0.046,456774636701154.562500
-0.037819999999999965,0.0212,0.0524,456774636701154.562500
-0.037809999999999955,0.0204,0.056400000000000006,456774636701154.562500
-0.037799999999999945,0.022000000000000002,0.055600000000000004,456774636701154.562500
-0.037789999999999935,0.0236,0.0548,456774636701154.562500
-0.03777999999999998,0.022000000000000002,0.0572,456774636701154.562500
-0.03776999999999997,0.022000000000000002,0.0492,456774636701154.562500
-0.03775999999999996,0.0236,0.056400000000000006,456774636701154.562500
-0.03774999999999995,0.0212,0.056400000000000006,456774636701154.562500
-0.03773999999999994,0.0244,0.054,456774636701154.562500
-0.037729999999999986,0.022000000000000002,0.0524,456774636701154.562500
-0.037719999999999976,0.022000000000000002,0.054,456774636701154.562500
-0.037709999999999966,0.0236,0.045200000000000004,456774636701154.562500
-0.037699999999999956,0.0236,0.0476,456774636701154.562500
-0.037689999999999946,0.0252,0.058,456774636701154.562500
-0.037679999999999936,0.0236,0.048400000000000006,456774636701154.562500
-0.03766999999999998,0.0252,0.0572,456774636701154.562500
-0.03765999999999997,0.0204,0.0524,456774636701154.562500
-0.03764999999999996,0.0228,0.054,456774636701154.562500
-0.03763999999999995,0.0244,0.056400000000000006,456774636701154.562500
-0.03762999999999994,0.0252,0.056400000000000006,456774636701154.562500
-0.03761999999999999,0.0236,0.056400000000000006,456774636701154.562500
-0.03760999999999998,0.0244,0.056400000000000006,456774636701154.562500
-0.03759999999999997,0.0236,0.0524,456774636701154.562500
-0.03758999999999996,0.0236,0.056400000000000006,456774636701154.562500
-0.03757999999999995,0.0236,0.055600000000000004,456774636701154.562500
-0.03756999999999994,0.0204,0.0524,456774636701154.562500
-0.03755999999999998,0.0244,0.058,456774636701154.562500
-0.03754999999999997,0.0204,0.0476,456774636701154.562500
-0.03753999999999996,0.0236,0.05,456774636701154.562500
-0.03752999999999995,0.0212,0.0444,456774636701154.562500
-0.03751999999999994,0.0228,0.045200000000000004,456774636701154.562500
-0.03750999999999999,0.0212,0.042,456774636701154.562500
-0.03749999999999998,0.0228,0.054,456774636701154.562500
-0.03748999999999997,0.0228,0.0524,456774636701154.562500
-0.03747999999999996,0.022000000000000002,0.0572,456774636701154.562500
-0.03746999999999995,0.022000000000000002,0.054,456774636701154.562500
-0.03745999999999994,0.0228,0.0548,456774636701154.562500
-0.03744999999999998,0.0236,0.0572,456774636701154.562500
-0.03743999999999997,0.0188,0.056400000000000006,456774636701154.562500
-0.03742999999999996,0.0236,0.055600000000000004,456774636701154.562500
-0.03741999999999995,0.0204,0.058,456774636701154.562500
-0.03740999999999994,0.0244,0.056400000000000006,456774636701154.562500
-0.03739999999999999,0.022000000000000002,0.056400000000000006,456774636701154.562500
-0.03738999999999998,0.022000000000000002,0.0572,456774636701154.562500
-0.03737999999999997,0.0228,0.0596,456774636701154.562500
-0.03736999999999996,0.0236,0.050800000000000005,456774636701154.562500
-0.03735999999999995,0.0196,0.054,456774636701154.562500
-0.03734999999999994,0.0236,0.055600000000000004,456774636701154.562500
-0.037339999999999984,0.0236,0.056400000000000006,456774636701154.562500
-0.037329999999999974,0.0252,0.055600000000000004,456774636701154.562500
-0.037319999999999964,0.0236,0.056400000000000006,456774636701154.562500
-0.037309999999999954,0.018000000000000002,0.058,456774636701154.562500
-0.037299999999999944,0.0196,0.056400000000000006,456774636701154.562500
-0.03728999999999999,0.018000000000000002,0.0516,456774636701154.562500
-0.03727999999999998,0.022000000000000002,0.056400000000000006,456774636701154.562500
-0.03726999999999997,0.022000000000000002,0.056400000000000006,456774636701154.562500
-0.03725999999999996,0.0236,0.056400000000000006,456774636701154.562500
-0.03724999999999995,0.0228,0.055600000000000004,456774636701154.562500
-0.03723999999999994,0.0196,0.056400000000000006,456774636701154.562500
-0.037229999999999985,0.0236,0.054,456774636701154.562500
-0.037219999999999975,0.0236,0.056400000000000006,456774636701154.562500
-0.037209999999999965,0.022000000000000002,0.058,456774636701154.562500
-0.037199999999999955,0.0244,0.0572,456774636701154.562500
-0.037189999999999945,0.0228,0.0572,456774636701154.562500
-0.037179999999999935,0.0228,0.0572,456774636701154.562500
-0.03716999999999998,0.0228,0.056400000000000006,456774636701154.562500
-0.03715999999999997,0.0236,0.053200000000000004,456774636701154.562500
-0.03714999999999996,0.0212,0.058,456774636701154.562500
-0.03713999999999995,0.022000000000000002,0.058,456774636701154.562500
-0.03712999999999994,0.022000000000000002,0.053200000000000004,456774636701154.562500
-0.037119999999999986,0.0236,0.056400000000000006,456774636701154.562500
-0.037109999999999976,0.0236,0.0492,456774636701154.562500
-0.037099999999999966,0.0204,0.054,456774636701154.562500
-0.037089999999999956,0.0236,0.058,456774636701154.562500
-0.037079999999999946,0.0236,0.056400000000000006,456774636701154.562500
-0.037069999999999936,0.0212,0.056400000000000006,456774636701154.562500
-0.03705999999999998,0.0252,0.056400000000000006,456774636701154.562500
-0.03704999999999997,0.0244,0.056400000000000006,456774636701154.562500
-0.03703999999999996,0.0244,0.0548,456774636701154.562500
-0.03702999999999995,0.0244,0.0572,456774636701154.562500
-0.03701999999999994,0.0228,0.058,456774636701154.562500
-0.03700999999999999,0.0236,0.056400000000000006,456774636701154.562500
-0.03699999999999998,0.0244,0.055600000000000004,456774636701154.562500
-0.03698999999999997,0.0244,0.0524,456774636701154.562500
-0.03697999999999996,0.0188,0.0524,456774636701154.562500
-0.03696999999999995,0.0244,0.0476,456774636701154.562500
-0.03695999999999994,0.018000000000000002,0.0548,456774636701154.562500
-0.03694999999999998,0.0228,0.050800000000000005,456774636701154.562500
-0.03693999999999997,0.018000000000000002,0.0572,456774636701154.562500
-0.03692999999999996,0.0212,0.056400000000000006,456774636701154.562500
-0.03691999999999995,0.0164,0.053200000000000004,456774636701154.562500
-0.03690999999999994,0.0196,0.0492,456774636701154.562500
-0.03689999999999999,0.0204,0.05,456774636701154.562500
-0.03688999999999998,0.0228,0.054,456774636701154.562500
-0.03687999999999997,0.0228,0.05,456774636701154.562500
-0.03686999999999996,0.0204,0.0548,456774636701154.562500
-0.03685999999999995,0.0228,0.048400000000000006,456774636701154.562500
-0.03684999999999994,0.022000000000000002,0.058,456774636701154.562500
-0.036839999999999984,0.022000000000000002,0.056400000000000006,456774636701154.562500
-0.036829999999999974,0.0212,0.054,456774636701154.562500
-0.036819999999999964,0.0236,0.046,456774636701154.562500
-0.036809999999999954,0.0228,0.0548,456774636701154.562500
-0.036799999999999944,0.0236,0.0548,456774636701154.562500
-0.03678999999999999,0.0244,0.058,456774636701154.562500
-0.03677999999999998,0.0236,0.055600000000000004,456774636701154.562500
-0.03676999999999997,0.0236,0.058,456774636701154.562500
-0.03675999999999996,0.0228,0.058,456774636701154.562500
-0.03674999999999995,0.0252,0.054,456774636701154.562500
-0.03673999999999994,0.026000000000000002,0.053200000000000004,456774636701154.562500
-0.036729999999999985,0.0244,0.055600000000000004,456774636701154.562500
-0.036719999999999975,0.0252,0.0572,456774636701154.562500
-0.036709999999999965,0.026000000000000002,0.053200000000000004,456774636701154.562500
-0.036699999999999955,0.0212,0.0572,456774636701154.562500
-0.036689999999999945,0.0228,0.053200000000000004,456774636701154.562500
-0.036679999999999935,0.022000000000000002,0.056400000000000006,456774636701154.562500
-0.03666999999999998,0.0236,0.046,456774636701154.562500
-0.03665999999999997,0.0228,0.058800000000000005,456774636701154.562500
-0.03664999999999996,0.0228,0.0492,456774636701154.562500
-0.03663999999999995,0.0212,0.055600000000000004,456774636701154.562500
-0.03662999999999994,0.0236,0.048400000000000006,456774636701154.562500
-0.036619999999999986,0.0196,0.056400000000000006,456774636701154.562500
-0.036609999999999976,0.0228,0.053200000000000004,456774636701154.562500
-0.036599999999999966,0.0204,0.0572,456774636701154.562500
-0.036589999999999956,0.0236,0.055600000000000004,456774636701154.562500
-0.036579999999999946,0.0204,0.058,456774636701154.562500
-0.036569999999999936,0.0188,0.056400000000000006,456774636701154.562500
-0.03655999999999998,0.014,0.0548,456774636701154.562500
-0.03654999999999997,0.0188,0.054,456774636701154.562500
-0.03653999999999996,0.0196,0.058,456774636701154.562500
-0.03652999999999995,0.0236,0.058,456774636701154.562500
-0.03651999999999994,0.0196,0.056400000000000006,456774636701154.562500
-0.03650999999999999,0.0236,0.0572,456774636701154.562500
-0.03649999999999998,0.0204,0.055600000000000004,456774636701154.562500
-0.03648999999999997,0.0244,0.0572,456774636701154.562500
-0.03647999999999996,0.0228,0.056400000000000006,456774636701154.562500
-0.03646999999999995,0.0212,0.053200000000000004,456774636701154.562500
-0.03645999999999994,0.0244,0.054,456774636701154.562500
-0.03644999999999998,0.0244,0.0548,456774636701154.562500
-0.03643999999999997,0.022000000000000002,0.053200000000000004,456774636701154.562500
-0.03642999999999996,0.0244,0.056400000000000006,456774636701154.562500
-0.03641999999999995,0.026000000000000002,0.0524,456774636701154.562500
-0.03640999999999994,0.0252,0.056400000000000006,456774636701154.562500
-0.03639999999999999,0.0228,0.056400000000000006,456774636701154.562500
-0.03638999999999998,0.0236,0.055600000000000004,456774636701154.562500
-0.03637999999999997,0.022000000000000002,0.0548,456774636701154.562500
-0.03636999999999996,0.0204,0.048400000000000006,456774636701154.562500
-0.03635999999999995,0.022000000000000002,0.050800000000000005,456774636701154.562500
-0.03634999999999994,0.022000000000000002,0.0476,456774636701154.562500
-0.03633999999999998,0.022000000000000002,0.0516,456774636701154.562500
-0.03632999999999997,0.0228,0.055600000000000004,456774636701154.562500
-0.03631999999999996,0.022000000000000002,0.055600000000000004,456774636701154.562500
-0.03630999999999995,0.0236,0.0492,456774636701154.562500
-0.03629999999999994,0.0196,0.0468,456774636701154.562500
-0.03628999999999999,0.0236,0.045200000000000004,456774636701154.562500
-0.03627999999999998,0.0228,0.042800000000000005,456774636701154.562500
-0.03626999999999997,0.022000000000000002,0.0444,456774636701154.562500
-0.03625999999999996,0.0228,0.045200000000000004,456774636701154.562500
-0.03624999999999995,0.0236,0.0396,456774636701154.562500
-0.03623999999999994,0.0196,0.054,456774636701154.562500
-0.036229999999999984,0.022000000000000002,0.0492,456774636701154.562500
-0.036219999999999974,0.0212,0.0572,456774636701154.562500
-0.036209999999999964,0.022000000000000002,0.056400000000000006,456774636701154.562500
-0.036199999999999954,0.0212,0.055600000000000004,456774636701154.562500
-0.036189999999999944,0.0204,0.0516,456774636701154.562500
-0.036179999999999934,0.0236,0.058,456774636701154.562500
-0.03616999999999998,0.018000000000000002,0.056400000000000006,456774636701154.562500
-0.03615999999999997,0.0236,0.056400000000000006,456774636701154.562500
-0.03614999999999996,0.022000000000000002,0.054,456774636701154.562500
-0.03613999999999995,0.0236,0.056400000000000006,456774636701154.562500
-0.03612999999999994,0.0228,0.0548,456774636701154.562500
-0.036119999999999985,0.0244,0.0572,456774636701154.562500
-0.036109999999999975,0.0236,0.0492,456774636701154.562500
-0.036099999999999965,0.0252,0.056400000000000006,456774636701154.562500
-0.036089999999999955,0.0228,0.053200000000000004,456774636701154.562500
-0.036079999999999945,0.0252,0.056400000000000006,456774636701154.562500
-0.036069999999999935,0.0212,0.048400000000000006,456774636701154.562500
-0.03605999999999998,0.022000000000000002,0.0572,456774636701154.562500
-0.03604999999999997,0.0204,0.0524,456774636701154.562500
-0.03603999999999996,0.0236,0.0468,456774636701154.562500
-0.03602999999999995,0.022000000000000002,0.0524,456774636701154.562500
-0.03601999999999994,0.0228,0.045200000000000004,456774636701154.562500
-0.036009999999999986,0.0228,0.056400000000000006,456774636701154.562500
-0.035999999999999976,0.0236,0.054,456774636701154.562500
-0.035989999999999966,0.022000000000000002,0.055600000000000004,456774636701154.562500
-0.035979999999999956,0.0204,0.0572,456774636701154.562500
-0.035969999999999946,0.0204,0.056400000000000006,456774636701154.562500
-0.035959999999999936,0.022000000000000002,0.056400000000000006,456774636701154.562500
-0.03594999999999998,0.0212,0.0524,456774636701154.562500
-0.03593999999999997,0.0212,0.056400000000000006,456774636701154.562500
-0.03592999999999996,0.022000000000000002,0.0572,456774636701154.562500
-0.03591999999999995,0.0236,0.058,456774636701154.562500
-0.03590999999999994,0.0244,0.053200000000000004,456774636701154.562500
-0.03589999999999999,0.022000000000000002,0.055600000000000004,456774636701154.562500
-0.03588999999999998,0.0196,0.0516,456774636701154.562500
-0.03587999999999997,0.0228,0.0572,456774636701154.562500
-0.03586999999999996,0.0212,0.055600000000000004,456774636701154.562500
-0.03585999999999995,0.0228,0.056400000000000006,456774636701154.562500
-0.03584999999999994,0.022000000000000002,0.053200000000000004,456774636701154.562500
-0.03583999999999998,0.0252,0.0548,456774636701154.562500
-0.03582999999999997,0.0244,0.054,456774636701154.562500
-0.03581999999999996,0.0252,0.058,456774636701154.562500
-0.03580999999999995,0.0244,0.056400000000000006,456774636701154.562500
-0.03579999999999994,0.0236,0.053200000000000004,456774636701154.562500
-0.03578999999999999,0.0236,0.056400000000000006,456774636701154.562500
-0.03577999999999998,0.0236,0.0572,456774636701154.562500
-0.03576999999999997,0.0252,0.054,456774636701154.562500
-0.03575999999999996,0.022000000000000002,0.0548,456774636701154.562500
-0.03574999999999995,0.0244,0.0468,456774636701154.562500
-0.03573999999999994,0.0188,0.055600000000000004,456774636701154.562500
-0.035729999999999984,0.0228,0.0492,456774636701154.562500
-0.035719999999999974,0.0244,0.0572,456774636701154.562500
-0.035709999999999964,0.0204,0.055600000000000004,456774636701154.562500
-0.035699999999999954,0.0212,0.056400000000000006,456774636701154.562500
-0.035689999999999944,0.022000000000000002,0.056400000000000006,456774636701154.562500
-0.03567999999999999,0.022000000000000002,0.056400000000000006,456774636701154.562500
-0.03566999999999998,0.022000000000000002,0.0548,456774636701154.562500
-0.03565999999999997,0.0244,0.0572,456774636701154.562500
-0.03564999999999996,0.0228,0.0572,456774636701154.562500
-0.03563999999999995,0.0204,0.0516,456774636701154.562500
-0.03562999999999994,0.022000000000000002,0.0548,456774636701154.562500
-0.035619999999999985,0.0228,0.0548,456774636701154.562500
-0.035609999999999975,0.022000000000000002,0.058,456774636701154.562500
-0.035599999999999965,0.0236,0.054,456774636701154.562500
-0.035589999999999955,0.022000000000000002,0.055600000000000004,456774636701154.562500
-0.035579999999999945,0.0228,0.055600000000000004,456774636701154.562500
-0.035569999999999935,0.022000000000000002,0.0572,456774636701154.562500
-0.03555999999999998,0.0212,0.0572,456774636701154.562500
-0.03554999999999997,0.0244,0.054,456774636701154.562500
-0.03553999999999996,0.0228,0.05,456774636701154.562500
-0.03552999999999995,0.0188,0.046,456774636701154.562500
-0.03551999999999994,0.0212,0.055600000000000004,456774636701154.562500
-0.035509999999999986,0.0244,0.054,456774636701154.562500
-0.035499999999999976,0.0252,0.055600000000000004,456774636701154.562500
-0.035489999999999966,0.0244,0.058,456774636701154.562500
-0.035479999999999956,0.0228,0.055600000000000004,456774636701154.562500
-0.035469999999999946,0.0236,0.050800000000000005,456774636701154.562500
-0.035459999999999936,0.0244,0.058,456774636701154.562500
-0.03544999999999998,0.0204,0.05,456774636701154.562500
-0.03543999999999997,0.0236,0.056400000000000006,456774636701154.562500
-0.03542999999999996,0.0228,0.0524,456774636701154.562500
-0.03541999999999995,0.0236,0.0572,456774636701154.562500
-0.03540999999999994,0.0212,0.053200000000000004,456774636701154.562500
-0.03539999999999999,0.022000000000000002,0.05,456774636701154.562500
-0.03538999999999998,0.0204,0.056400000000000006,456774636701154.562500
-0.03537999999999997,0.0204,0.0444,456774636701154.562500
-0.03536999999999996,0.022000000000000002,0.055600000000000004,456774636701154.562500
-0.03535999999999995,0.0204,0.0468,456774636701154.562500
-0.03534999999999994,0.0204,0.055600000000000004,456774636701154.562500
-0.03533999999999998,0.0204,0.055600000000000004,456774636701154.562500
-0.03532999999999997,0.0236,0.056400000000000006,456774636701154.562500
-0.03531999999999996,0.0236,0.054,456774636701154.562500
-0.03530999999999995,0.0196,0.055600000000000004,456774636701154.562500
-0.03529999999999994,0.0212,0.055600000000000004,456774636701154.562500
-0.03528999999999999,0.0244,0.058,456774636701154.562500
-0.03527999999999998,0.0244,0.055600000000000004,456774636701154.562500
-0.03526999999999997,0.022000000000000002,0.056400000000000006,456774636701154.562500
-0.03525999999999996,0.022000000000000002,0.055600000000000004,456774636701154.562500
-0.03524999999999995,0.0244,0.055600000000000004,456774636701154.562500
-0.03523999999999994,0.0212,0.0548,456774636701154.562500
-0.035229999999999984,0.0204,0.0524,456774636701154.562500
-0.035219999999999974,0.0196,0.054,456774636701154.562500
-0.035209999999999964,0.0252,0.053200000000000004,456774636701154.562500
-0.035199999999999954,0.0204,0.056400000000000006,456774636701154.562500
-0.035189999999999944,0.0244,0.0476,456774636701154.562500
-0.03517999999999999,0.0236,0.0572,456774636701154.562500
-0.03516999999999998,0.0244,0.0524,456774636701154.562500
-0.03515999999999997,0.0252,0.058800000000000005,456774636701154.562500
-0.03514999999999996,0.0244,0.05,456774636701154.562500
-0.03513999999999995,0.0228,0.0572,456774636701154.562500
-0.03512999999999994,0.0212,0.054,456774636701154.562500
-0.035119999999999985,0.0236,0.0548,456774636701154.562500
-0.035109999999999975,0.022000000000000002,0.05,456774636701154.562500
-0.035099999999999965,0.022000000000000002,0.0548,456774636701154.562500
-0.035089999999999955,0.0204,0.0524,456774636701154.562500
-0.035079999999999945,0.0212,0.055600000000000004,456774636701154.562500
-0.035069999999999935,0.0236,0.056400000000000006,456774636701154.562500
-0.03505999999999998,0.0212,0.0572,456774636701154.562500
-0.03504999999999997,0.0188,0.0548,456774636701154.562500
-0.03503999999999996,0.022000000000000002,0.055600000000000004,456774636701154.562500
-0.03502999999999995,0.018000000000000002,0.056400000000000006,456774636701154.562500
-0.03501999999999994,0.0204,0.0492,456774636701154.562500
-0.035009999999999986,0.0172,0.058,456774636701154.562500
-0.034999999999999976,0.0228,0.054,456774636701154.562500
-0.034989999999999966,0.0236,0.056400000000000006,456774636701154.562500
-0.034979999999999956,0.0228,0.054,456774636701154.562500
-0.034969999999999946,0.0244,0.0476,456774636701154.562500
-0.034959999999999936,0.0212,0.055600000000000004,456774636701154.562500
-0.03494999999999998,0.0244,0.054,456774636701154.562500
-0.03493999999999997,0.0244,0.058,456774636701154.562500
-0.03492999999999996,0.0228,0.055600000000000004,456774636701154.562500
-0.03491999999999995,0.026000000000000002,0.0572,456774636701154.562500
-0.03490999999999994,0.0204,0.055600000000000004,456774636701154.562500
-0.03489999999999999,0.0252,0.056400000000000006,456774636701154.562500
-0.03488999999999998,0.0212,0.055600000000000004,456774636701154.562500
-0.03487999999999997,0.0252,0.0572,456774636701154.562500
-0.03486999999999996,0.0196,0.056400000000000006,456774636701154.562500
-0.03485999999999995,0.0236,0.056400000000000006,456774636701154.562500
-0.03484999999999994,0.018000000000000002,0.0572,456774636701154.562500
-0.03483999999999998,0.0236,0.0524,456774636701154.562500
-0.03482999999999997,0.0236,0.056400000000000006,456774636701154.562500
-0.03481999999999996,0.022000000000000002,0.0548,456774636701154.562500
-0.03480999999999995,0.0244,0.0524,456774636701154.562500
-0.03479999999999994,0.022000000000000002,0.05,456774636701154.562500
-0.03478999999999999,0.0236,0.05,456774636701154.562500
-0.03477999999999998,0.0228,0.050800000000000005,456774636701154.562500
-0.03476999999999997,0.0228,0.0548,456774636701154.562500
-0.03475999999999996,0.0236,0.045200000000000004,456774636701154.562500
-0.03474999999999995,0.0204,0.0572,456774636701154.562500
-0.03473999999999994,0.0228,0.056400000000000006,456774636701154.562500
-0.03472999999999998,0.0212,0.056400000000000006,456774636701154.562500
-0.03471999999999997,0.0236,0.055600000000000004,456774636701154.562500
-0.03470999999999996,0.0228,0.055600000000000004,456774636701154.562500
-0.03469999999999995,0.0212,0.0524,456774636701154.562500
-0.03468999999999994,0.0212,0.0516,456774636701154.562500
-0.03467999999999999,0.0228,0.056400000000000006,456774636701154.562500
-0.03466999999999998,0.0228,0.058,456774636701154.562500
-0.03465999999999997,0.0236,0.0548,456774636701154.562500
-0.03464999999999996,0.0228,0.05,456774636701154.562500
-0.03463999999999995,0.0244,0.0548,456774636701154.562500
-0.03462999999999994,0.0228,0.050800000000000005,456774636701154.562500
-0.034619999999999984,0.0236,0.055600000000000004,456774636701154.562500
-0.034609999999999974,0.022000000000000002,0.0524,456774636701154.562500
-0.034599999999999964,0.0228,0.050800000000000005,456774636701154.562500
-0.034589999999999954,0.0244,0.0548,456774636701154.562500
-0.034579999999999944,0.0228,0.0572,456774636701154.562500
-0.03456999999999999,0.0228,0.0548,456774636701154.562500
-0.03455999999999998,0.0236,0.0548,456774636701154.562500
-0.03454999999999997,0.0236,0.055600000000000004,456774636701154.562500
-0.03453999999999996,0.0236,0.055600000000000004,456774636701154.562500
-0.03452999999999995,0.0228,0.055600000000000004,456774636701154.562500
-0.03451999999999994,0.0228,0.05,456774636701154.562500
-0.034509999999999985,0.0212,0.048400000000000006,456774636701154.562500
-0.034499999999999975,0.022000000000000002,0.053200000000000004,456774636701154.562500
-0.034489999999999965,0.0212,0.050800000000000005,456774636701154.562500
-0.034479999999999955,0.0244,0.050800000000000005,456774636701154.562500
-0.034469999999999945,0.0196,0.0516,456774636701154.562500
-0.034459999999999935,0.022000000000000002,0.055600000000000004,456774636701154.562500
-0.03444999999999998,0.0212,0.053200000000000004,456774636701154.562500
-0.03443999999999997,0.022000000000000002,0.056400000000000006,456774636701154.562500
-0.03442999999999996,0.0228,0.053200000000000004,456774636701154.562500
-0.03441999999999995,0.0212,0.0476,456774636701154.562500
-0.03440999999999994,0.0188,0.056400000000000006,456774636701154.562500
-0.034399999999999986,0.022000000000000002,0.0476,456774636701154.562500
-0.034389999999999976,0.018000000000000002,0.0548,456774636701154.562500
-0.034379999999999966,0.0228,0.0436,456774636701154.562500
-0.034369999999999956,0.0172,0.055600000000000004,456774636701154.562500
-0.034359999999999946,0.0244,0.0476,456774636701154.562500
-0.034349999999999936,0.0244,0.050800000000000005,456774636701154.562500
-0.03433999999999998,0.0236,0.053200000000000004,456774636701154.562500
-0.03432999999999997,0.0236,0.058,456774636701154.562500
-0.03431999999999996,0.0244,0.056400000000000006,456774636701154.562500
-0.03430999999999995,0.0244,0.058,456774636701154.562500
-0.03429999999999994,0.0244,0.058,456774636701154.562500
-0.03428999999999999,0.0244,0.0572,456774636701154.562500
-0.03427999999999998,0.0228,0.056400000000000006,456774636701154.562500
-0.03426999999999997,0.022000000000000002,0.058,456774636701154.562500
-0.03425999999999996,0.0236,0.0548,456774636701154.562500
-0.03424999999999995,0.018000000000000002,0.0572,456774636701154.562500
-0.03423999999999994,0.022000000000000002,0.055600000000000004,456774636701154.562500
-0.03422999999999998,0.0204,0.053200000000000004,456774636701154.562500
-0.03421999999999997,0.0244,0.056400000000000006,456774636701154.562500
-0.03420999999999996,0.0228,0.055600000000000004,456774636701154.562500
-0.03419999999999995,0.0228,0.054,456774636701154.562500
-0.03418999999999994,0.0236,0.053200000000000004,456774636701154.562500
-0.03417999999999999,0.0228,0.053200000000000004,456774636701154.562500
-0.03416999999999998,0.022000000000000002,0.0572,456774636701154.562500
-0.03415999999999997,0.0228,0.055600000000000004,456774636701154.562500
-0.03414999999999996,0.0244,0.054,456774636701154.562500
-0.03413999999999995,0.0204,0.055600000000000004,456774636701154.562500
-0.03412999999999994,0.0196,0.0524,456774636701154.562500
-0.034119999999999984,0.018000000000000002,0.0548,456774636701154.562500
-0.034109999999999974,0.0172,0.0572,456774636701154.562500
-0.034099999999999964,0.0212,0.0572,456774636701154.562500
-0.034089999999999954,0.0228,0.0572,456774636701154.562500
-0.034079999999999944,0.0236,0.0572,456774636701154.562500
-0.03406999999999999,0.0212,0.05,456774636701154.562500
-0.03405999999999998,0.0228,0.058800000000000005,456774636701154.562500
-0.03404999999999997,0.022000000000000002,0.0516,456774636701154.562500
-0.03403999999999996,0.022000000000000002,0.056400000000000006,456774636701154.562500
-0.03402999999999995,0.0228,0.0524,456774636701154.562500
-0.03401999999999994,0.022000000000000002,0.054,456774636701154.562500
-0.034009999999999985,0.0228,0.0524,456774636701154.562500
-0.033999999999999975,0.0172,0.055600000000000004,456774636701154.562500
-0.033989999999999965,0.0236,0.0548,456774636701154.562500
-0.033979999999999955,0.0212,0.0572,456774636701154.562500
-0.033969999999999945,0.0244,0.042800000000000005,456774636701154.562500
-0.033959999999999935,0.0212,0.0572,456774636701154.562500
-0.03394999999999998,0.0236,0.055600000000000004,456774636701154.562500
-0.03393999999999997,0.0244,0.0572,456774636701154.562500
-0.03392999999999996,0.0196,0.058,456774636701154.562500
-0.03391999999999995,0.0236,0.058,456774636701154.562500
-0.03390999999999994,0.022000000000000002,0.055600000000000004,456774636701154.562500
-0.033899999999999986,0.0196,0.0548,456774636701154.562500
-0.033889999999999976,0.022000000000000002,0.0548,456774636701154.562500
-0.033879999999999966,0.0228,0.0548,456774636701154.562500
-0.033869999999999956,0.0212,0.056400000000000006,456774636701154.562500
-0.033859999999999946,0.0196,0.058800000000000005,456774636701154.562500
-0.033849999999999936,0.0196,0.050800000000000005,456774636701154.562500
-0.03383999999999998,0.0228,0.056400000000000006,456774636701154.562500
-0.03382999999999997,0.0212,0.056400000000000006,456774636701154.562500
-0.03381999999999996,0.0236,0.0572,456774636701154.562500
-0.03380999999999995,0.0212,0.056400000000000006,456774636701154.562500
-0.03379999999999994,0.0212,0.053200000000000004,456774636701154.562500
-0.03378999999999999,0.0204,0.0524,456774636701154.562500
-0.03377999999999998,0.0204,0.0548,456774636701154.562500
-0.03376999999999997,0.0236,0.0548,456774636701154.562500
-0.03375999999999996,0.0204,0.05,456774636701154.562500
-0.03374999999999995,0.0236,0.050800000000000005,456774636701154.562500
-0.03373999999999994,0.0204,0.056400000000000006,456774636701154.562500
-0.03372999999999998,0.0196,0.0572,456774636701154.562500
-0.03371999999999997,0.0228,0.056400000000000006,456774636701154.562500
-0.03370999999999996,0.0204,0.0572,456774636701154.562500
-0.03369999999999995,0.0252,0.0548,456774636701154.562500
-0.03368999999999994,0.0236,0.055600000000000004,456774636701154.562500
-0.03367999999999999,0.0212,0.056400000000000006,456774636701154.562500
-0.03366999999999998,0.0252,0.05,456774636701154.562500
-0.03365999999999997,0.0236,0.0572,456774636701154.562500
-0.03364999999999996,0.0196,0.0492,456774636701154.562500
-0.03363999999999995,0.0236,0.0524,456774636701154.562500
-0.03362999999999994,0.0236,0.054,456774636701154.562500
-0.03361999999999998,0.0188,0.046,456774636701154.562500
-0.03360999999999997,0.0236,0.055600000000000004,456774636701154.562500
-0.03359999999999996,0.0228,0.058,456774636701154.562500
-0.03358999999999995,0.0228,0.054,456774636701154.562500
-0.03357999999999994,0.022000000000000002,0.0524,456774636701154.562500
-0.03356999999999999,0.0204,0.0572,456774636701154.562500
-0.03355999999999998,0.0212,0.054,456774636701154.562500
-0.03354999999999997,0.0228,0.058,456774636701154.562500
-0.03353999999999996,0.022000000000000002,0.0516,456774636701154.562500
-0.03352999999999995,0.022000000000000002,0.055600000000000004,456774636701154.562500
-0.03351999999999994,0.022000000000000002,0.0436,456774636701154.562500
-0.033509999999999984,0.022000000000000002,0.0548,456774636701154.562500
-0.033499999999999974,0.0212,0.0492,456774636701154.562500
-0.033489999999999964,0.022000000000000002,0.0572,456774636701154.562500
-0.033479999999999954,0.022000000000000002,0.058,456774636701154.562500
-0.033469999999999944,0.022000000000000002,0.056400000000000006,456774636701154.562500
-0.033459999999999934,0.0212,0.0516,456774636701154.562500
-0.03344999999999998,0.022000000000000002,0.056400000000000006,456774636701154.562500
-0.03343999999999997,0.0212,0.0516,456774636701154.562500
-0.03342999999999996,0.0236,0.0572,456774636701154.562500
-0.03341999999999995,0.0212,0.056400000000000006,456774636701154.562500
-0.03340999999999994,0.0236,0.0492,456774636701154.562500
-0.033399999999999985,0.0212,0.0524,456774636701154.562500
-0.033389999999999975,0.0228,0.050800000000000005,456774636701154.562500
-0.033379999999999965,0.0244,0.0516,456774636701154.562500
-0.033369999999999955,0.0252,0.046,456774636701154.562500
-0.033359999999999945,0.022000000000000002,0.0548,456774636701154.562500
-0.033349999999999935,0.026000000000000002,0.050800000000000005,456774636701154.562500
-0.03333999999999998,0.0236,0.0572,456774636701154.562500
-0.03332999999999997,0.0244,0.0548,456774636701154.562500
-0.03331999999999996,0.022000000000000002,0.056400000000000006,456774636701154.562500
-0.03330999999999995,0.0228,0.055600000000000004,456774636701154.562500
-0.03329999999999994,0.022000000000000002,0.0524,456774636701154.562500
-0.033289999999999986,0.0204,0.0572,456774636701154.562500
-0.033279999999999976,0.022000000000000002,0.053200000000000004,456774636701154.562500
-0.033269999999999966,0.0212,0.056400000000000006,456774636701154.562500
-0.033259999999999956,0.0228,0.054,456774636701154.562500
-0.033249999999999946,0.0172,0.058,456774636701154.562500
-0.033239999999999936,0.0228,0.0476,456774636701154.562500
-0.03322999999999998,0.0204,0.05,456774636701154.562500
-0.03321999999999997,0.0212,0.058,456774636701154.562500
-0.03320999999999996,0.022000000000000002,0.0516,456774636701154.562500
-0.03319999999999995,0.0236,0.056400000000000006,456774636701154.562500
-0.03318999999999994,0.0228,0.0524,456774636701154.562500
-0.03317999999999999,0.022000000000000002,0.0572,456774636701154.562500
-0.03316999999999998,0.0228,0.0548,456774636701154.562500
-0.03315999999999997,0.0228,0.055600000000000004,456774636701154.562500
-0.03314999999999996,0.0204,0.0572,456774636701154.562500
-0.03313999999999995,0.0236,0.0572,456774636701154.562500
-0.03312999999999994,0.0212,0.0548,456774636701154.562500
-0.03311999999999998,0.022000000000000002,0.05,456774636701154.562500
-0.03310999999999997,0.0204,0.056400000000000006,456774636701154.562500
-0.03309999999999996,0.022000000000000002,0.0524,456774636701154.562500
-0.03308999999999995,0.0236,0.0548,456774636701154.562500
-0.03307999999999994,0.0252,0.0572,456774636701154.562500
-0.03306999999999999,0.0244,0.0548,456774636701154.562500
-0.03305999999999998,0.0244,0.058,456774636701154.562500
-0.03304999999999997,0.022000000000000002,0.054,456774636701154.562500
-0.03303999999999996,0.0228,0.056400000000000006,456774636701154.562500
-0.03302999999999995,0.0236,0.053200000000000004,456774636701154.562500
-0.03301999999999994,0.0228,0.055600000000000004,456774636701154.562500
-0.033009999999999984,0.0204,0.053200000000000004,456774636701154.562500
-0.032999999999999974,0.0212,0.058800000000000005,456774636701154.562500
-0.032989999999999964,0.0236,0.055600000000000004,456774636701154.562500
-0.032979999999999954,0.0228,0.056400000000000006,456774636701154.562500
-0.032969999999999944,0.0212,0.055600000000000004,456774636701154.562500
-0.03295999999999999,0.022000000000000002,0.0492,456774636701154.562500
-0.03294999999999998,0.0212,0.0516,456774636701154.562500
-0.03293999999999997,0.0204,0.045200000000000004,456774636701154.562500
-0.03292999999999996,0.022000000000000002,0.0476,456774636701154.562500
-0.03291999999999995,0.022000000000000002,0.0476,456774636701154.562500
-0.03290999999999994,0.018000000000000002,0.0548,456774636701154.562500
-0.032899999999999985,0.0212,0.05,456774636701154.562500
-0.032889999999999975,0.0188,0.0572,456774636701154.562500
-0.032879999999999965,0.022000000000000002,0.055600000000000004,456774636701154.562500
-0.032869999999999955,0.0204,0.056400000000000006,456774636701154.562500
-0.032859999999999945,0.0228,0.0548,456774636701154.562500
-0.032849999999999935,0.022000000000000002,0.058,456774636701154.562500
-0.03283999999999998,0.0236,0.055600000000000004,456774636701154.562500
-0.03282999999999997,0.0244,0.056400000000000006,456774636701154.562500
-0.03281999999999996,0.0204,0.055600000000000004,456774636701154.562500
-0.03280999999999995,0.0228,0.055600000000000004,456774636701154.562500
-0.03279999999999994,0.022000000000000002,0.055600000000000004,456774636701154.562500
-0.032789999999999986,0.0228,0.050800000000000005,456774636701154.562500
-0.032779999999999976,0.0244,0.0572,456774636701154.562500
-0.032769999999999966,0.0252,0.058,456774636701154.562500
-0.032759999999999956,0.022000000000000002,0.056400000000000006,456774636701154.562500
-0.032749999999999946,0.0244,0.055600000000000004,456774636701154.562500
-0.032739999999999936,0.0204,0.05,456774636701154.562500
-0.03272999999999998,0.0188,0.056400000000000006,456774636701154.562500
-0.03271999999999997,0.0228,0.054,456774636701154.562500
-0.03270999999999996,0.022000000000000002,0.056400000000000006,456774636701154.562500
-0.03269999999999995,0.0236,0.050800000000000005,456774636701154.562500
-0.03268999999999994,0.0212,0.054,456774636701154.562500
-0.03267999999999999,0.0236,0.0476,456774636701154.562500
-0.03266999999999998,0.0228,0.0516,456774636701154.562500
-0.03265999999999997,0.022000000000000002,0.0516,456774636701154.562500
-0.03264999999999996,0.0228,0.056400000000000006,456774636701154.562500
-0.03263999999999995,0.0204,0.05,456774636701154.562500
-0.03262999999999994,0.0204,0.056400000000000006,456774636701154.562500
-0.03261999999999998,0.0212,0.0548,456774636701154.562500
-0.03260999999999997,0.0212,0.0548,456774636701154.562500
-0.03259999999999996,0.0228,0.054,456774636701154.562500
-0.03258999999999995,0.022000000000000002,0.055600000000000004,456774636701154.562500
-0.03257999999999994,0.022000000000000002,0.048400000000000006,456774636701154.562500
-0.03256999999999999,0.0228,0.056400000000000006,456774636701154.562500
-0.03255999999999998,0.022000000000000002,0.0524,456774636701154.562500
-0.03254999999999997,0.0236,0.055600000000000004,456774636701154.562500
-0.03253999999999996,0.0196,0.056400000000000006,456774636701154.562500
-0.03252999999999995,0.022000000000000002,0.056400000000000006,456774636701154.562500
-0.03251999999999994,0.0196,0.055600000000000004,456774636701154.562500
-0.03250999999999998,0.0228,0.055600000000000004,456774636701154.562500
-0.03249999999999997,0.0236,0.055600000000000004,456774636701154.562500
-0.03248999999999996,0.026000000000000002,0.055600000000000004,456774636701154.562500
-0.03247999999999995,0.0244,0.0572,456774636701154.562500
-0.03246999999999994,0.022000000000000002,0.0524,456774636701154.562500
-0.03245999999999999,0.0244,0.053200000000000004,456774636701154.562500
-0.03244999999999998,0.022000000000000002,0.0548,456774636701154.562500
-0.03243999999999997,0.0228,0.0516,456774636701154.562500
-0.03242999999999996,0.0252,0.054,456774636701154.562500
-0.03241999999999995,0.0236,0.056400000000000006,456774636701154.562500
-0.03240999999999994,0.0228,0.0516,456774636701154.562500
-0.032399999999999984,0.0212,0.05,456774636701154.562500
-0.032389999999999974,0.022000000000000002,0.0572,456774636701154.562500
-0.032379999999999964,0.022000000000000002,0.0572,456774636701154.562500
-0.032369999999999954,0.0204,0.050800000000000005,456774636701154.562500
-0.032359999999999944,0.0236,0.0572,456774636701154.562500
-0.032349999999999934,0.022000000000000002,0.048400000000000006,456774636701154.562500
-0.03233999999999998,0.022000000000000002,0.055600000000000004,456774636701154.562500
-0.03232999999999997,0.0204,0.0524,456774636701154.562500
-0.03231999999999996,0.0236,0.054,456774636701154.562500
-0.03230999999999995,0.0204,0.0476,456774636701154.562500
-0.03229999999999994,0.0196,0.0572,456774636701154.562500
-0.032289999999999985,0.0196,0.050800000000000005,456774636701154.562500
-0.032279999999999975,0.022000000000000002,0.053200000000000004,456774636701154.562500
-0.032269999999999965,0.0212,0.058,456774636701154.562500
-0.032259999999999955,0.0196,0.0572,456774636701154.562500
-0.032249999999999945,0.0236,0.058,456774636701154.562500
-0.032239999999999935,0.0172,0.055600000000000004,456774636701154.562500
-0.03222999999999998,0.0228,0.056400000000000006,456774636701154.562500
-0.03221999999999997,0.0188,0.058,456774636701154.562500
-0.03220999999999996,0.0212,0.056400000000000006,456774636701154.562500
-0.03219999999999995,0.0204,0.056400000000000006,456774636701154.562500
-0.03218999999999994,0.0196,0.055600000000000004,456774636701154.562500
-0.032179999999999986,0.0212,0.056400000000000006,456774636701154.562500
-0.032169999999999976,0.0244,0.0548,456774636701154.562500
-0.032159999999999966,0.0236,0.0572,456774636701154.562500
-0.032149999999999956,0.0252,0.0524,456774636701154.562500
-0.032139999999999946,0.0196,0.058,456774636701154.562500
-0.032129999999999936,0.0236,0.050800000000000005,456774636701154.562500
-0.03211999999999998,0.0212,0.055600000000000004,456774636701154.562500
-0.03210999999999997,0.0236,0.055600000000000004,456774636701154.562500
-0.03209999999999996,0.0228,0.0548,456774636701154.562500
-0.03208999999999995,0.0228,0.056400000000000006,456774636701154.562500
-0.03207999999999994,0.0196,0.0492,456774636701154.562500
-0.03206999999999999,0.022000000000000002,0.0548,456774636701154.562500
-0.03205999999999998,0.022000000000000002,0.054,456774636701154.562500
-0.03204999999999997,0.022000000000000002,0.056400000000000006,456774636701154.562500
-0.03203999999999996,0.0228,0.0516,456774636701154.562500
-0.03202999999999995,0.022000000000000002,0.055600000000000004,456774636701154.562500
-0.03201999999999994,0.0212,0.05,456774636701154.562500
-0.03200999999999998,0.022000000000000002,0.054,456774636701154.562500
-0.03199999999999997,0.022000000000000002,0.058800000000000005,456774636701154.562500
-0.03198999999999996,0.0212,0.054,456774636701154.562500
-0.03197999999999995,0.0236,0.058,456774636701154.562500
-0.03196999999999994,0.0196,0.0444,456774636701154.562500
-0.03195999999999999,0.022000000000000002,0.056400000000000006,456774636701154.562500
-0.03194999999999998,0.0212,0.05,456774636701154.562500
-0.03193999999999997,0.0228,0.056400000000000006,456774636701154.562500
-0.03192999999999996,0.022000000000000002,0.0492,456774636701154.562500
-0.03191999999999995,0.0228,0.058,456774636701154.562500
-0.03190999999999994,0.0244,0.05,456774636701154.562500
-0.031899999999999984,0.0204,0.0572,456774636701154.562500
-0.031889999999999974,0.0228,0.056400000000000006,456774636701154.562500
-0.031879999999999964,0.0236,0.058,456774636701154.562500
-0.031869999999999954,0.0236,0.0492,456774636701154.562500
-0.031859999999999944,0.022000000000000002,0.055600000000000004,456774636701154.562500
-0.03184999999999999,0.0204,0.055600000000000004,456774636701154.562500
-0.03183999999999998,0.0244,0.055600000000000004,456774636701154.562500
-0.03182999999999997,0.022000000000000002,0.0548,456774636701154.562500
-0.03181999999999996,0.0236,0.0572,456774636701154.562500
-0.03180999999999995,0.0244,0.0516,456774636701154.562500
-0.03179999999999994,0.022000000000000002,0.0492,456774636701154.562500
-0.031789999999999985,0.0236,0.055600000000000004,456774636701154.562500
-0.031779999999999975,0.022000000000000002,0.050800000000000005,456774636701154.562500
-0.031769999999999965,0.022000000000000002,0.055600000000000004,456774636701154.562500
-0.031759999999999955,0.022000000000000002,0.0572,456774636701154.562500
-0.031749999999999945,0.0212,0.0572,456774636701154.562500
-0.031739999999999935,0.0212,0.0548,456774636701154.562500
-0.03172999999999998,0.0212,0.055600000000000004,456774636701154.562500
-0.03171999999999997,0.0212,0.053200000000000004,456774636701154.562500
-0.03170999999999996,0.022000000000000002,0.0572,456774636701154.562500
-0.03169999999999995,0.022000000000000002,0.0524,456774636701154.562500
-0.03168999999999994,0.0204,0.0524,456774636701154.562500
-0.031679999999999986,0.0204,0.058,456774636701154.562500
-0.031669999999999976,0.0212,0.0444,456774636701154.562500
-0.031659999999999966,0.0228,0.0572,456774636701154.562500
-0.031649999999999956,0.022000000000000002,0.050800000000000005,456774636701154.562500
-0.031639999999999946,0.0236,0.054,456774636701154.562500
-0.031629999999999936,0.0228,0.050800000000000005,456774636701154.562500
-0.03161999999999998,0.0236,0.054,456774636701154.562500
-0.03160999999999997,0.0244,0.056400000000000006,456774636701154.562500
-0.03159999999999996,0.0236,0.050800000000000005,456774636701154.562500
-0.03158999999999995,0.0212,0.0572,456774636701154.562500
-0.03157999999999994,0.0244,0.054,456774636701154.562500
-0.03156999999999999,0.022000000000000002,0.056400000000000006,456774636701154.562500
-0.03155999999999998,0.026000000000000002,0.055600000000000004,456774636701154.562500
-0.03154999999999997,0.0244,0.056400000000000006,456774636701154.562500
-0.03153999999999996,0.0236,0.058800000000000005,456774636701154.562500
-0.03152999999999995,0.0252,0.054,456774636701154.562500
-0.03151999999999994,0.0244,0.054,456774636701154.562500
-0.03150999999999998,0.0228,0.055600000000000004,456774636701154.562500
-0.03149999999999997,0.0236,0.053200000000000004,456774636701154.562500
-0.03148999999999996,0.0228,0.055600000000000004,456774636701154.562500
-0.03147999999999995,0.0236,0.055600000000000004,456774636701154.562500
-0.03146999999999994,0.0196,0.05,456774636701154.562500
-0.03145999999999999,0.0236,0.056400000000000006,456774636701154.562500
-0.03144999999999998,0.0244,0.048400000000000006,456774636701154.562500
-0.03143999999999997,0.0212,0.055600000000000004,456774636701154.562500
-0.03142999999999996,0.0236,0.0572,456774636701154.562500
-0.03141999999999995,0.0212,0.046,456774636701154.562500
-0.03140999999999994,0.022000000000000002,0.056400000000000006,456774636701154.562500
-0.031399999999999983,0.0212,0.054,456774636701154.562500
-0.031389999999999973,0.022000000000000002,0.055600000000000004,456774636701154.562500
-0.031379999999999963,0.0212,0.050800000000000005,456774636701154.562500
-0.031369999999999953,0.0204,0.0572,456774636701154.562500
-0.031359999999999943,0.022000000000000002,0.053200000000000004,456774636701154.562500
-0.03134999999999999,0.0228,0.0548,456774636701154.562500
-0.03133999999999998,0.022000000000000002,0.050800000000000005,456774636701154.562500
-0.03132999999999997,0.0196,0.045200000000000004,456774636701154.562500
-0.03131999999999996,0.022000000000000002,0.0572,456774636701154.562500
-0.03130999999999995,0.022000000000000002,0.056400000000000006,456774636701154.562500
-0.03129999999999994,0.022000000000000002,0.053200000000000004,456774636701154.562500
-0.031289999999999984,0.0212,0.058,456774636701154.562500
-0.031279999999999974,0.0244,0.0572,456774636701154.562500
-0.031269999999999964,0.0236,0.0572,456774636701154.562500
-0.031259999999999954,0.0244,0.055600000000000004,456774636701154.562500
-0.031249999999999944,0.0244,0.0572,456774636701154.562500
-0.031239999999999934,0.0244,0.054,456774636701154.562500
-0.03122999999999998,0.022000000000000002,0.055600000000000004,456774636701154.562500
-0.03121999999999997,0.0236,0.056400000000000006,456774636701154.562500
-0.03120999999999996,0.0244,0.058800000000000005,456774636701154.562500
-0.03119999999999995,0.0236,0.0524,456774636701154.562500
-0.03118999999999994,0.0212,0.055600000000000004,456774636701154.562500
-0.031179999999999986,0.0236,0.05,456774636701154.562500
-0.031169999999999976,0.0212,0.0572,456774636701154.562500
-0.031159999999999966,0.0244,0.053200000000000004,456774636701154.562500
-0.031149999999999956,0.022000000000000002,0.056400000000000006,456774636701154.562500
-0.031139999999999946,0.0212,0.0516,456774636701154.562500
-0.031129999999999936,0.0212,0.055600000000000004,456774636701154.562500
-0.03111999999999998,0.022000000000000002,0.048400000000000006,456774636701154.562500
-0.03110999999999997,0.0204,0.056400000000000006,456774636701154.562500
-0.03109999999999996,0.0228,0.0548,456774636701154.562500
-0.03108999999999995,0.0212,0.0572,456774636701154.562500
-0.03107999999999994,0.0196,0.054,456774636701154.562500
-0.031069999999999987,0.018000000000000002,0.053200000000000004,456774636701154.562500
-0.031059999999999977,0.022000000000000002,0.055600000000000004,456774636701154.562500
-0.031049999999999967,0.0228,0.058,456774636701154.562500
-0.031039999999999957,0.0212,0.058,456774636701154.562500
-0.031029999999999947,0.0236,0.054,456774636701154.562500
-0.031019999999999937,0.0228,0.0516,456774636701154.562500
-0.031009999999999982,0.022000000000000002,0.055600000000000004,456774636701154.562500
-0.030999999999999972,0.0244,0.0516,456774636701154.562500
-0.030989999999999962,0.0212,0.0468,456774636701154.562500
-0.030979999999999952,0.0212,0.054,456774636701154.562500
-0.030969999999999942,0.0252,0.0572,456774636701154.562500
-0.030959999999999988,0.0212,0.05,456774636701154.562500
-0.030949999999999978,0.0252,0.0572,456774636701154.562500
-0.030939999999999968,0.0204,0.0492,456774636701154.562500
-0.030929999999999958,0.0236,0.0524,456774636701154.562500
-0.030919999999999948,0.0236,0.048400000000000006,456774636701154.562500
-0.030909999999999938,0.0236,0.055600000000000004,456774636701154.562500
-0.030899999999999983,0.0236,0.0524,456774636701154.562500
-0.030889999999999973,0.0204,0.0572,456774636701154.562500
-0.030879999999999963,0.0212,0.055600000000000004,456774636701154.562500
-0.030869999999999953,0.0196,0.058,456774636701154.562500
-0.030859999999999943,0.022000000000000002,0.0548,456774636701154.562500
-0.03084999999999999,0.0188,0.056400000000000006,456774636701154.562500
-0.03083999999999998,0.0212,0.0548,456774636701154.562500
-0.03082999999999997,0.022000000000000002,0.058800000000000005,456774636701154.562500
-0.03081999999999996,0.018000000000000002,0.055600000000000004,456774636701154.562500
-0.03080999999999995,0.0212,0.048400000000000006,456774636701154.562500
-0.03079999999999994,0.018000000000000002,0.0548,456774636701154.562500
-0.030789999999999984,0.0196,0.0492,456774636701154.562500
-0.030779999999999974,0.015600000000000001,0.054,456774636701154.562500
-0.030769999999999964,0.0164,0.048400000000000006,456774636701154.562500
-0.030759999999999954,0.0212,0.0572,456774636701154.562500
-0.030749999999999944,0.0228,0.054,456774636701154.562500
-0.030739999999999934,0.0204,0.053200000000000004,456774636701154.562500
-0.03072999999999998,0.0204,0.055600000000000004,456774636701154.562500
-0.03071999999999997,0.0244,0.053200000000000004,456774636701154.562500
-0.03070999999999996,0.0236,0.056400000000000006,456774636701154.562500
-0.03069999999999995,0.0244,0.0516,456774636701154.562500
-0.03068999999999994,0.0228,0.055600000000000004,456774636701154.562500
-0.030679999999999985,0.0236,0.0516,456774636701154.562500
-0.030669999999999975,0.0228,0.054,456774636701154.562500
-0.030659999999999965,0.0244,0.053200000000000004,456774636701154.562500
-0.030649999999999955,0.0244,0.0548,456774636701154.562500
-0.030639999999999945,0.0228,0.056400000000000006,456774636701154.562500
-0.030629999999999935,0.0244,0.0548,456774636701154.562500
-0.03061999999999998,0.0188,0.058,456774636701154.562500
-0.03060999999999997,0.0252,0.056400000000000006,456774636701154.562500
-0.03059999999999996,0.022000000000000002,0.0548,456774636701154.562500
-0.03058999999999995,0.022000000000000002,0.0492,456774636701154.562500
-0.03057999999999994,0.0212,0.0548,456774636701154.562500
-0.030569999999999986,0.0196,0.055600000000000004,456774636701154.562500
-0.030559999999999976,0.0228,0.058,456774636701154.562500
-0.030549999999999966,0.0212,0.053200000000000004,456774636701154.562500
-0.030539999999999956,0.0236,0.056400000000000006,456774636701154.562500
-0.030529999999999946,0.0196,0.054,456774636701154.562500
-0.030519999999999936,0.018000000000000002,0.0548,456774636701154.562500
-0.03050999999999998,0.0212,0.0516,456774636701154.562500
-0.03049999999999997,0.0212,0.0524,456774636701154.562500
-0.03048999999999996,0.022000000000000002,0.056400000000000006,456774636701154.562500
-0.03047999999999995,0.0196,0.05,456774636701154.562500
-0.03046999999999994,0.0212,0.0572,456774636701154.562500
-0.030459999999999987,0.0172,0.0468,456774636701154.562500
-0.030449999999999977,0.022000000000000002,0.058,456774636701154.562500
-0.030439999999999967,0.0236,0.048400000000000006,456774636701154.562500
-0.030429999999999957,0.022000000000000002,0.058,456774636701154.562500
-0.030419999999999947,0.022000000000000002,0.054,456774636701154.562500
-0.030409999999999937,0.0228,0.0468,456774636701154.562500
-0.030399999999999983,0.0228,0.055600000000000004,456774636701154.562500
-0.030389999999999973,0.022000000000000002,0.0436,456774636701154.562500
-0.030379999999999963,0.0244,0.056400000000000006,456774636701154.562500
-0.030369999999999953,0.0236,0.058,456774636701154.562500
-0.030359999999999943,0.026000000000000002,0.0524,456774636701154.562500
-0.030349999999999988,0.022000000000000002,0.0572,456774636701154.562500
-0.030339999999999978,0.0244,0.0548,456774636701154.562500
-0.030329999999999968,0.0236,0.053200000000000004,456774636701154.562500
-0.030319999999999958,0.022000000000000002,0.053200000000000004,456774636701154.562500
-0.030309999999999948,0.0252,0.05,456774636701154.562500
-0.030299999999999938,0.022000000000000002,0.058800000000000005,456774636701154.562500
-0.030289999999999984,0.0228,0.0492,456774636701154.562500
-0.030279999999999974,0.018000000000000002,0.056400000000000006,456774636701154.562500
-0.030269999999999964,0.022000000000000002,0.056400000000000006,456774636701154.562500
-0.030259999999999954,0.0196,0.058,456774636701154.562500
-0.030249999999999944,0.0204,0.054,456774636701154.562500
-0.03023999999999999,0.0172,0.0572,456774636701154.562500
-0.03022999999999998,0.0244,0.050800000000000005,456774636701154.562500
-0.03021999999999997,0.0196,0.0572,456774636701154.562500
-0.03020999999999996,0.0228,0.0548,456774636701154.562500
-0.03019999999999995,0.0228,0.055600000000000004,456774636701154.562500
-0.03018999999999994,0.022000000000000002,0.053200000000000004,456774636701154.562500
-0.030179999999999985,0.022000000000000002,0.05,456774636701154.562500
-0.030169999999999975,0.0228,0.0524,456774636701154.562500
-0.030159999999999965,0.0228,0.05,456774636701154.562500
-0.030149999999999955,0.0204,0.056400000000000006,456774636701154.562500
-0.030139999999999945,0.022000000000000002,0.056400000000000006,456774636701154.562500
-0.030129999999999935,0.022000000000000002,0.0572,456774636701154.562500
-0.03011999999999998,0.0212,0.0548,456774636701154.562500
-0.03010999999999997,0.0244,0.053200000000000004,456774636701154.562500
-0.03009999999999996,0.022000000000000002,0.054,456774636701154.562500
-0.03008999999999995,0.022000000000000002,0.045200000000000004,456774636701154.562500
-0.03007999999999994,0.015600000000000001,0.055600000000000004,456774636701154.562500
-0.030069999999999986,0.0244,0.0436,456774636701154.562500
-0.030059999999999976,0.0212,0.055600000000000004,456774636701154.562500
-0.030049999999999966,0.0236,0.0476,456774636701154.562500
-0.030039999999999956,0.0228,0.056400000000000006,456774636701154.562500
-0.030029999999999946,0.0204,0.0492,456774636701154.562500
-0.030019999999999936,0.0236,0.0524,456774636701154.562500
-0.03000999999999998,0.0252,0.0444,456774636701154.562500
-0.02999999999999997,0.0244,0.050800000000000005,456774636701154.562500
-0.02998999999999996,0.0228,0.055600000000000004,456774636701154.562500
-0.02997999999999995,0.0236,0.05,456774636701154.562500
-0.02996999999999994,0.0236,0.058,456774636701154.562500
-0.029959999999999987,0.0228,0.055600000000000004,456774636701154.562500
-0.029949999999999977,0.0188,0.056400000000000006,456774636701154.562500
-0.029939999999999967,0.022000000000000002,0.056400000000000006,456774636701154.562500
-0.029929999999999957,0.0164,0.054,456774636701154.562500
-0.029919999999999947,0.022000000000000002,0.056400000000000006,456774636701154.562500
-0.029909999999999937,0.0196,0.056400000000000006,456774636701154.562500
-0.029899999999999982,0.018000000000000002,0.056400000000000006,456774636701154.562500
-0.029889999999999972,0.0236,0.054,456774636701154.562500
-0.029879999999999962,0.022000000000000002,0.0572,456774636701154.562500
-0.029869999999999952,0.0212,0.055600000000000004,456774636701154.562500
-0.029859999999999942,0.0228,0.056400000000000006,456774636701154.562500
-0.029849999999999988,0.0212,0.054,456774636701154.562500
-0.029839999999999978,0.0228,0.053200000000000004,456774636701154.562500
-0.029829999999999968,0.022000000000000002,0.054,456774636701154.562500
-0.029819999999999958,0.0236,0.056400000000000006,456774636701154.562500
-0.029809999999999948,0.0204,0.055600000000000004,456774636701154.562500
-0.029799999999999938,0.0212,0.0524,456774636701154.562500
-0.029789999999999983,0.0204,0.058,456774636701154.562500
-0.029779999999999973,0.0228,0.045200000000000004,456774636701154.562500
-0.029769999999999963,0.022000000000000002,0.0396,456774636701154.562500
-0.029759999999999953,0.0228,0.0476,456774636701154.562500
-0.029749999999999943,0.0236,0.053200000000000004,456774636701154.562500
-0.02973999999999999,0.022000000000000002,0.053200000000000004,456774636701154.562500
-0.02972999999999998,0.0252,0.0572,456774636701154.562500
-0.02971999999999997,0.0244,0.0572,456774636701154.562500
-0.02970999999999996,0.0252,0.056400000000000006,456774636701154.562500
-0.02969999999999995,0.0244,0.055600000000000004,456774636701154.562500
-0.02968999999999994,0.0228,0.053200000000000004,456774636701154.562500
-0.029679999999999984,0.0236,0.055600000000000004,456774636701154.562500
-0.029669999999999974,0.0228,0.054,456774636701154.562500
-0.029659999999999964,0.022000000000000002,0.0516,456774636701154.562500
-0.029649999999999954,0.022000000000000002,0.054,456774636701154.562500
-0.029639999999999944,0.0236,0.053200000000000004,456774636701154.562500
-0.029629999999999934,0.022000000000000002,0.056400000000000006,456774636701154.562500
-0.02961999999999998,0.022000000000000002,0.0524,456774636701154.562500
-0.02960999999999997,0.0228,0.054,456774636701154.562500
-0.02959999999999996,0.0196,0.0444,456774636701154.562500
-0.02958999999999995,0.022000000000000002,0.0516,456774636701154.562500
-0.02957999999999994,0.018000000000000002,0.048400000000000006,456774636701154.562500
-0.029569999999999985,0.0236,0.056400000000000006,456774636701154.562500
-0.029559999999999975,0.0188,0.053200000000000004,456774636701154.562500
-0.029549999999999965,0.0212,0.056400000000000006,456774636701154.562500
-0.029539999999999955,0.018000000000000002,0.0524,456774636701154.562500
-0.029529999999999945,0.0204,0.056400000000000006,456774636701154.562500
-0.029519999999999935,0.0212,0.0476,456774636701154.562500
-0.02950999999999998,0.022000000000000002,0.0524,456774636701154.562500
-0.02949999999999997,0.0228,0.053200000000000004,456774636701154.562500
-0.02948999999999996,0.0236,0.056400000000000006,456774636701154.562500
-0.02947999999999995,0.0236,0.050800000000000005,456774636701154.562500
-0.02946999999999994,0.022000000000000002,0.0572,456774636701154.562500
-0.029459999999999986,0.022000000000000002,0.0516,456774636701154.562500
-0.029449999999999976,0.0236,0.053200000000000004,456774636701154.562500
-0.029439999999999966,0.0236,0.054,456774636701154.562500
-0.029429999999999956,0.0244,0.054,456774636701154.562500
-0.029419999999999946,0.0252,0.058,456774636701154.562500
-0.029409999999999936,0.0236,0.0492,456774636701154.562500
-0.02939999999999998,0.0244,0.055600000000000004,456774636701154.562500
-0.02938999999999997,0.0212,0.053200000000000004,456774636701154.562500
-0.02937999999999996,0.0236,0.0572,456774636701154.562500
-0.02936999999999995,0.022000000000000002,0.054,456774636701154.562500
-0.02935999999999994,0.0228,0.056400000000000006,456774636701154.562500
-0.029349999999999987,0.0164,0.055600000000000004,456774636701154.562500
-0.029339999999999977,0.0244,0.058,456774636701154.562500
-0.029329999999999967,0.018000000000000002,0.055600000000000004,456774636701154.562500
-0.029319999999999957,0.0212,0.0548,456774636701154.562500
-0.029309999999999947,0.0204,0.058,456774636701154.562500
-0.029299999999999937,0.022000000000000002,0.053200000000000004,456774636701154.562500
-0.029289999999999983,0.0236,0.056400000000000006,456774636701154.562500
-0.029279999999999973,0.0204,0.0444,456774636701154.562500
-0.029269999999999963,0.022000000000000002,0.058,456774636701154.562500
-0.029259999999999953,0.0212,0.056400000000000006,456774636701154.562500
-0.029249999999999943,0.022000000000000002,0.0572,456774636701154.562500
-0.029239999999999988,0.0228,0.0572,456774636701154.562500
-0.029229999999999978,0.0204,0.054,456774636701154.562500
-0.029219999999999968,0.022000000000000002,0.056400000000000006,456774636701154.562500
-0.029209999999999958,0.0228,0.0572,456774636701154.562500
-0.029199999999999948,0.022000000000000002,0.0524,456774636701154.562500
-0.029189999999999938,0.0228,0.058,456774636701154.562500
-0.029179999999999984,0.022000000000000002,0.0492,456774636701154.562500
-0.029169999999999974,0.0228,0.0572,456774636701154.562500
-0.029159999999999964,0.022000000000000002,0.050800000000000005,456774636701154.562500
-0.029149999999999954,0.0252,0.056400000000000006,456774636701154.562500
-0.029139999999999944,0.0228,0.05,456774636701154.562500
-0.02912999999999999,0.0236,0.0548,456774636701154.562500
-0.02911999999999998,0.0212,0.0444,456774636701154.562500
-0.02910999999999997,0.0252,0.056400000000000006,456774636701154.562500
-0.02909999999999996,0.0252,0.054,456774636701154.562500
-0.02908999999999995,0.026000000000000002,0.055600000000000004,456774636701154.562500
-0.02907999999999994,0.0236,0.054,456774636701154.562500
-0.029069999999999985,0.0228,0.0572,456774636701154.562500
-0.029059999999999975,0.0236,0.0492,456774636701154.562500
-0.029049999999999965,0.0236,0.055600000000000004,456774636701154.562500
-0.029039999999999955,0.0228,0.058,456774636701154.562500
-0.029029999999999945,0.0228,0.0572,456774636701154.562500
-0.029019999999999935,0.022000000000000002,0.055600000000000004,456774636701154.562500
-0.02900999999999998,0.022000000000000002,0.054,456774636701154.562500
-0.02899999999999997,0.022000000000000002,0.054,456774636701154.562500
-0.02898999999999996,0.022000000000000002,0.058,456774636701154.562500
-0.02897999999999995,0.0204,0.054,456774636701154.562500
-0.02896999999999994,0.022000000000000002,0.0572,456774636701154.562500
-0.028959999999999986,0.0228,0.054,456774636701154.562500
-0.028949999999999976,0.022000000000000002,0.055600000000000004,456774636701154.562500
-0.028939999999999966,0.0212,0.054,456774636701154.562500
-0.028929999999999956,0.0236,0.0516,456774636701154.562500
-0.028919999999999946,0.0212,0.0572,456774636701154.562500
-0.028909999999999936,0.0228,0.056400000000000006,456774636701154.562500
-0.02889999999999998,0.0196,0.046,456774636701154.562500
-0.02888999999999997,0.0236,0.050800000000000005,456774636701154.562500
-0.02887999999999996,0.0212,0.053200000000000004,456774636701154.562500
-0.02886999999999995,0.0228,0.054,456774636701154.562500
-0.02885999999999994,0.0244,0.0476,456774636701154.562500
-0.028849999999999987,0.0188,0.056400000000000006,456774636701154.562500
-0.028839999999999977,0.0228,0.048400000000000006,456774636701154.562500
-0.028829999999999967,0.0148,0.058,456774636701154.562500
-0.028819999999999957,0.0244,0.054,456774636701154.562500
-0.028809999999999947,0.022000000000000002,0.058,456774636701154.562500
-0.028799999999999937,0.0228,0.056400000000000006,456774636701154.562500
-0.028789999999999982,0.0204,0.058,456774636701154.562500
-0.028779999999999972,0.0236,0.0516,456774636701154.562500
-0.028769999999999962,0.0236,0.058,456774636701154.562500
-0.028759999999999952,0.0236,0.055600000000000004,456774636701154.562500
-0.028749999999999942,0.0236,0.0548,456774636701154.562500
-0.028739999999999988,0.0228,0.056400000000000006,456774636701154.562500
-0.028729999999999978,0.022000000000000002,0.055600000000000004,456774636701154.562500
-0.028719999999999968,0.0228,0.058,456774636701154.562500
-0.028709999999999958,0.0212,0.053200000000000004,456774636701154.562500
-0.028699999999999948,0.0228,0.056400000000000006,456774636701154.562500
-0.028689999999999938,0.0236,0.055600000000000004,456774636701154.562500
-0.028679999999999983,0.0204,0.0516,456774636701154.562500
-0.028669999999999973,0.022000000000000002,0.0548,456774636701154.562500
-0.028659999999999963,0.0228,0.0548,456774636701154.562500
-0.028649999999999953,0.0212,0.0572,456774636701154.562500
-0.028639999999999943,0.022000000000000002,0.0476,456774636701154.562500
-0.02862999999999999,0.0212,0.054,456774636701154.562500
-0.02861999999999998,0.022000000000000002,0.042,456774636701154.562500
-0.02860999999999997,0.0188,0.0572,456774636701154.562500
-0.02859999999999996,0.022000000000000002,0.053200000000000004,456774636701154.562500
-0.02858999999999995,0.0204,0.0572,456774636701154.562500
-0.02857999999999994,0.0244,0.058,456774636701154.562500
-0.028569999999999984,0.0244,0.0572,456774636701154.562500
-0.028559999999999974,0.0236,0.0572,456774636701154.562500
-0.028549999999999964,0.0244,0.0572,456774636701154.562500
-0.028539999999999954,0.0236,0.0572,456774636701154.562500
-0.028529999999999944,0.0244,0.0572,456774636701154.562500
-0.028519999999999934,0.0244,0.0548,456774636701154.562500
-0.02850999999999998,0.0236,0.0572,456774636701154.562500
-0.02849999999999997,0.0228,0.055600000000000004,456774636701154.562500
-0.02848999999999996,0.0244,0.0572,456774636701154.562500
-0.02847999999999995,0.0236,0.055600000000000004,456774636701154.562500
-0.02846999999999994,0.0228,0.058,456774636701154.562500
-0.028459999999999985,0.0228,0.048400000000000006,456774636701154.562500
-0.028449999999999975,0.022000000000000002,0.055600000000000004,456774636701154.562500
-0.028439999999999965,0.0236,0.056400000000000006,456774636701154.562500
-0.028429999999999955,0.0212,0.058,456774636701154.562500
-0.028419999999999945,0.0228,0.0516,456774636701154.562500
-0.028409999999999935,0.0196,0.056400000000000006,456774636701154.562500
-0.02839999999999998,0.022000000000000002,0.0444,456774636701154.562500
-0.02838999999999997,0.0236,0.0548,456774636701154.562500
-0.02837999999999996,0.0212,0.045200000000000004,456774636701154.562500
-0.02836999999999995,0.022000000000000002,0.055600000000000004,456774636701154.562500
-0.02835999999999994,0.0204,0.056400000000000006,456774636701154.562500
-0.028349999999999986,0.022000000000000002,0.0572,456774636701154.562500
-0.028339999999999976,0.0188,0.0516,456774636701154.562500
-0.028329999999999966,0.0212,0.056400000000000006,456774636701154.562500
-0.028319999999999956,0.022000000000000002,0.058,456774636701154.562500
-0.028309999999999946,0.0204,0.058,456774636701154.562500
-0.028299999999999936,0.022000000000000002,0.053200000000000004,456774636701154.562500
-0.028289999999999982,0.0228,0.055600000000000004,456774636701154.562500
-0.028279999999999972,0.0244,0.055600000000000004,456774636701154.562500
-0.028269999999999962,0.0236,0.056400000000000006,456774636701154.562500
-0.028259999999999952,0.0244,0.056400000000000006,456774636701154.562500
-0.028249999999999942,0.0252,0.0572,456774636701154.562500
-0.028239999999999987,0.0228,0.058,456774636701154.562500
-0.028229999999999977,0.0244,0.054,456774636701154.562500
-0.028219999999999967,0.0228,0.055600000000000004,456774636701154.562500
-0.028209999999999957,0.022000000000000002,0.0516,456774636701154.562500
-0.028199999999999947,0.0244,0.058800000000000005,456774636701154.562500
-0.028189999999999937,0.022000000000000002,0.0572,456774636701154.562500
-0.028179999999999983,0.0236,0.053200000000000004,456774636701154.562500
-0.028169999999999973,0.0204,0.056400000000000006,456774636701154.562500
-0.028159999999999963,0.0228,0.053200000000000004,456774636701154.562500
-0.028149999999999953,0.0204,0.055600000000000004,456774636701154.562500
-0.028139999999999943,0.022000000000000002,0.055600000000000004,456774636701154.562500
-0.02812999999999999,0.0196,0.0516,456774636701154.562500
-0.02811999999999998,0.0236,0.058,456774636701154.562500
-0.02810999999999997,0.0228,0.056400000000000006,456774636701154.562500
-0.02809999999999996,0.018000000000000002,0.0572,456774636701154.562500
-0.02808999999999995,0.0212,0.0572,456774636701154.562500
-0.02807999999999994,0.0204,0.058,456774636701154.562500
-0.028069999999999984,0.0196,0.0524,456774636701154.562500
-0.028059999999999974,0.0212,0.0572,456774636701154.562500
-0.028049999999999964,0.022000000000000002,0.0524,456774636701154.562500
-0.028039999999999954,0.022000000000000002,0.0572,456774636701154.562500
-0.028029999999999944,0.0228,0.055600000000000004,456774636701154.562500
-0.028019999999999934,0.0212,0.055600000000000004,456774636701154.562500
-0.02800999999999998,0.0228,0.0516,456774636701154.562500
-0.02799999999999997,0.0228,0.058,456774636701154.562500
-0.02798999999999996,0.0204,0.0572,456774636701154.562500
-0.02797999999999995,0.0196,0.055600000000000004,456774636701154.562500
-0.02796999999999994,0.022000000000000002,0.0572,456774636701154.562500
-0.027959999999999985,0.0204,0.055600000000000004,456774636701154.562500
-0.027949999999999975,0.022000000000000002,0.058,456774636701154.562500
-0.027939999999999965,0.0228,0.048400000000000006,456774636701154.562500
-0.027929999999999955,0.0252,0.058,456774636701154.562500
-0.027919999999999945,0.0252,0.055600000000000004,456774636701154.562500
-0.027909999999999935,0.0196,0.0572,456774636701154.562500
-0.02789999999999998,0.022000000000000002,0.0572,456774636701154.562500
-0.02788999999999997,0.0244,0.0548,456774636701154.562500
-0.02787999999999996,0.0252,0.0572,456774636701154.562500
-0.02786999999999995,0.0236,0.0548,456774636701154.562500
-0.02785999999999994,0.0236,0.053200000000000004,456774636701154.562500
-0.027849999999999986,0.0236,0.0412,456774636701154.562500
-0.027839999999999976,0.0236,0.054,456774636701154.562500
-0.027829999999999966,0.0228,0.0524,456774636701154.562500
-0.027819999999999956,0.0212,0.058,456774636701154.562500
-0.027809999999999946,0.022000000000000002,0.056400000000000006,456774636701154.562500
-0.027799999999999936,0.0196,0.0548,456774636701154.562500
-0.02778999999999998,0.0204,0.054,456774636701154.562500
-0.02777999999999997,0.0212,0.0524,456774636701154.562500
-0.02776999999999996,0.0204,0.053200000000000004,456774636701154.562500
-0.02775999999999995,0.0212,0.054,456774636701154.562500
-0.02774999999999994,0.015600000000000001,0.055600000000000004,456774636701154.562500
-0.027739999999999987,0.0212,0.058,456774636701154.562500
-0.027729999999999977,0.022000000000000002,0.042,456774636701154.562500
-0.027719999999999967,0.022000000000000002,0.058,456774636701154.562500
-0.027709999999999957,0.0212,0.055600000000000004,456774636701154.562500
-0.027699999999999947,0.0212,0.058,456774636701154.562500
-0.027689999999999937,0.0228,0.058,456774636701154.562500
-0.027679999999999982,0.0236,0.0444,456774636701154.562500
-0.027669999999999972,0.022000000000000002,0.056400000000000006,456774636701154.562500
-0.027659999999999962,0.0228,0.042800000000000005,456774636701154.562500
-0.027649999999999952,0.0228,0.046,456774636701154.562500
-0.027639999999999942,0.0228,0.042,456774636701154.562500
-0.027629999999999988,0.022000000000000002,0.0516,456774636701154.562500
-0.027619999999999978,0.0228,0.054,456774636701154.562500
-0.027609999999999968,0.0244,0.055600000000000004,456774636701154.562500
-0.027599999999999958,0.0236,0.058,456774636701154.562500
-0.027589999999999948,0.0236,0.0572,456774636701154.562500
-0.027579999999999938,0.0236,0.0548,456774636701154.562500
-0.027569999999999983,0.022000000000000002,0.0492,456774636701154.562500
-0.027559999999999973,0.0268,0.053200000000000004,456774636701154.562500
-0.027549999999999963,0.0228,0.048400000000000006,456774636701154.562500
-0.027539999999999953,0.0236,0.054,456774636701154.562500
-0.027529999999999943,0.0204,0.058,456774636701154.562500
-0.02751999999999999,0.0228,0.056400000000000006,456774636701154.562500
-0.02750999999999998,0.022000000000000002,0.0524,456774636701154.562500
-0.02749999999999997,0.022000000000000002,0.055600000000000004,456774636701154.562500
-0.02748999999999996,0.0228,0.058,456774636701154.562500
-0.02747999999999995,0.0236,0.055600000000000004,456774636701154.562500
-0.02746999999999994,0.0228,0.0572,456774636701154.562500
-0.027459999999999984,0.0172,0.0516,456774636701154.562500
-0.027449999999999974,0.0204,0.058,456774636701154.562500
-0.027439999999999964,0.0204,0.05,456774636701154.562500
-0.027429999999999954,0.022000000000000002,0.054,456774636701154.562500
-0.027419999999999944,0.015600000000000001,0.053200000000000004,456774636701154.562500
-0.027409999999999934,0.018000000000000002,0.056400000000000006,456774636701154.562500
-0.02739999999999998,0.0196,0.05,456774636701154.562500
-0.02738999999999997,0.022000000000000002,0.055600000000000004,456774636701154.562500
-0.02737999999999996,0.022000000000000002,0.0572,456774636701154.562500
-0.02736999999999995,0.022000000000000002,0.0524,456774636701154.562500
-0.02735999999999994,0.0244,0.055600000000000004,456774636701154.562500
-0.027349999999999985,0.0196,0.0572,456774636701154.562500
-0.027339999999999975,0.0228,0.0524,456774636701154.562500
-0.027329999999999965,0.015600000000000001,0.056400000000000006,456774636701154.562500
-0.027319999999999955,0.018000000000000002,0.0548,456774636701154.562500
-0.027309999999999945,0.0164,0.055600000000000004,456774636701154.562500
-0.027299999999999935,0.0212,0.058,456774636701154.562500
-0.02728999999999998,0.0244,0.0572,456774636701154.562500
-0.02727999999999997,0.0252,0.050800000000000005,456774636701154.562500
-0.02726999999999996,0.026000000000000002,0.055600000000000004,456774636701154.562500
-0.02725999999999995,0.0236,0.0572,456774636701154.562500
-0.02724999999999994,0.0204,0.0572,456774636701154.562500
-0.027239999999999986,0.0244,0.0524,456774636701154.562500
-0.027229999999999976,0.0236,0.0572,456774636701154.562500
-0.027219999999999966,0.0236,0.0548,456774636701154.562500
-0.027209999999999956,0.0196,0.054,456774636701154.562500
-0.027199999999999946,0.0236,0.0572,456774636701154.562500
-0.027189999999999936,0.0212,0.055600000000000004,456774636701154.562500
-0.027179999999999982,0.0228,0.05,456774636701154.562500
-0.027169999999999972,0.0188,0.055600000000000004,456774636701154.562500
-0.027159999999999962,0.022000000000000002,0.054,456774636701154.562500
-0.027149999999999952,0.0212,0.0476,456774636701154.562500
-0.027139999999999942,0.022000000000000002,0.058,456774636701154.562500
-0.027129999999999987,0.022000000000000002,0.0524,456774636701154.562500
-0.027119999999999977,0.022000000000000002,0.0572,456774636701154.562500
-0.027109999999999967,0.0236,0.0524,456774636701154.562500
-0.027099999999999957,0.022000000000000002,0.055600000000000004,456774636701154.562500
-0.027089999999999947,0.022000000000000002,0.058,456774636701154.562500
-0.027079999999999937,0.0204,0.0572,456774636701154.562500
-0.027069999999999983,0.0228,0.0572,456774636701154.562500
-0.027059999999999973,0.0228,0.045200000000000004,456774636701154.562500
-0.027049999999999963,0.022000000000000002,0.054,456774636701154.562500
-0.027039999999999953,0.022000000000000002,0.056400000000000006,456774636701154.562500
-0.027029999999999943,0.0228,0.054,456774636701154.562500
-0.02701999999999999,0.0196,0.056400000000000006,456774636701154.562500
-0.02700999999999998,0.022000000000000002,0.0548,456774636701154.562500
-0.02699999999999997,0.0204,0.056400000000000006,456774636701154.562500
-0.02698999999999996,0.0228,0.055600000000000004,456774636701154.562500
-0.02697999999999995,0.0188,0.0548,456774636701154.562500
-0.02696999999999994,0.0244,0.056400000000000006,456774636701154.562500
-0.026959999999999984,0.0244,0.058,456774636701154.562500
-0.026949999999999974,0.0244,0.058,456774636701154.562500
-0.026939999999999964,0.0228,0.050800000000000005,456774636701154.562500
-0.026929999999999954,0.0204,0.053200000000000004,456774636701154.562500
-0.026919999999999944,0.0244,0.053200000000000004,456774636701154.562500
-0.026909999999999934,0.022000000000000002,0.056400000000000006,456774636701154.562500
-0.02689999999999998,0.0244,0.0548,456774636701154.562500
-0.02688999999999997,0.0212,0.058,456774636701154.562500
-0.02687999999999996,0.0236,0.0524,456774636701154.562500
-0.02686999999999995,0.0228,0.056400000000000006,456774636701154.562500
-0.02685999999999994,0.0212,0.055600000000000004,456774636701154.562500
-0.026849999999999985,0.022000000000000002,0.0572,456774636701154.562500
-0.026839999999999975,0.0228,0.0572,456774636701154.562500
-0.026829999999999965,0.0212,0.058,456774636701154.562500
-0.026819999999999955,0.022000000000000002,0.055600000000000004,456774636701154.562500
-0.026809999999999945,0.0204,0.0548,456774636701154.562500
-0.026799999999999935,0.0228,0.0548,456774636701154.562500
-0.02678999999999998,0.022000000000000002,0.055600000000000004,456774636701154.562500
-0.02677999999999997,0.022000000000000002,0.056400000000000006,456774636701154.562500
-0.02676999999999996,0.022000000000000002,0.058,456774636701154.562500
-0.02675999999999995,0.0236,0.0548,456774636701154.562500
-0.02674999999999994,0.0204,0.055600000000000004,456774636701154.562500
-0.026739999999999986,0.0228,0.0548,456774636701154.562500
-0.026729999999999976,0.0228,0.056400000000000006,456774636701154.562500
-0.026719999999999966,0.0236,0.0548,456774636701154.562500
-0.026709999999999956,0.022000000000000002,0.055600000000000004,456774636701154.562500
-0.026699999999999946,0.0236,0.0548,456774636701154.562500
-0.026689999999999936,0.0228,0.055600000000000004,456774636701154.562500
-0.02667999999999998,0.0244,0.0548,456774636701154.562500
-0.02666999999999997,0.0236,0.053200000000000004,456774636701154.562500
-0.02665999999999996,0.0196,0.0468,456774636701154.562500
-0.02664999999999995,0.0244,0.054,456774636701154.562500
-0.02663999999999994,0.0212,0.046,456774636701154.562500
-0.026629999999999987,0.0244,0.0444,456774636701154.562500
-0.026619999999999977,0.0228,0.030000000000000002,456774636701154.562500
-0.026609999999999967,0.0228,0.045200000000000004,456774636701154.562500
-0.026599999999999957,0.0228,0.0364,456774636701154.562500
-0.026589999999999947,0.0212,0.058,456774636701154.562500
-0.026579999999999937,0.0172,0.055600000000000004,456774636701154.562500
-0.026569999999999983,0.0212,0.056400000000000006,456774636701154.562500
-0.026559999999999973,0.0204,0.0572,456774636701154.562500
-0.026549999999999963,0.022000000000000002,0.050800000000000005,456774636701154.562500
-0.026539999999999953,0.0204,0.055600000000000004,456774636701154.562500
-0.026529999999999943,0.0228,0.055600000000000004,456774636701154.562500
-0.026519999999999988,0.022000000000000002,0.0572,456774636701154.562500
-0.026509999999999978,0.022000000000000002,0.055600000000000004,456774636701154.562500
-0.026499999999999968,0.0244,0.0572,456774636701154.562500
-0.026489999999999958,0.022000000000000002,0.0572,456774636701154.562500
-0.026479999999999948,0.0228,0.055600000000000004,456774636701154.562500
-0.026469999999999938,0.0236,0.053200000000000004,456774636701154.562500
-0.026459999999999984,0.0228,0.058,456774636701154.562500
-0.026449999999999974,0.0236,0.056400000000000006,456774636701154.562500
-0.026439999999999964,0.022000000000000002,0.0572,456774636701154.562500
-0.026429999999999954,0.0236,0.056400000000000006,456774636701154.562500
-0.026419999999999944,0.0236,0.050800000000000005,456774636701154.562500
-0.026409999999999934,0.0244,0.056400000000000006,456774636701154.562500
-0.02639999999999998,0.0244,0.0572,456774636701154.562500
-0.02638999999999997,0.0228,0.056400000000000006,456774636701154.562500
-0.02637999999999996,0.026000000000000002,0.055600000000000004,456774636701154.562500
-0.02636999999999995,0.0236,0.0572,456774636701154.562500
-0.02635999999999994,0.0244,0.053200000000000004,456774636701154.562500
-0.026349999999999985,0.0228,0.0572,456774636701154.562500
-0.026339999999999975,0.0228,0.0524,456774636701154.562500
-0.026329999999999965,0.0236,0.0572,456774636701154.562500
-0.026319999999999955,0.0244,0.056400000000000006,456774636701154.562500
-0.026309999999999945,0.0236,0.058,456774636701154.562500
-0.026299999999999935,0.0228,0.056400000000000006,456774636701154.562500
-0.02628999999999998,0.0236,0.058800000000000005,456774636701154.562500
-0.02627999999999997,0.0244,0.0524,456774636701154.562500
-0.02626999999999996,0.0228,0.056400000000000006,456774636701154.562500
-0.02625999999999995,0.0204,0.0516,456774636701154.562500
-0.02624999999999994,0.0236,0.056400000000000006,456774636701154.562500
-0.026239999999999986,0.0204,0.0524,456774636701154.562500
-0.026229999999999976,0.0228,0.050800000000000005,456774636701154.562500
-0.026219999999999966,0.0188,0.053200000000000004,456774636701154.562500
-0.026209999999999956,0.0228,0.054,456774636701154.562500
-0.026199999999999946,0.0228,0.0524,456774636701154.562500
-0.026189999999999936,0.0212,0.0572,456774636701154.562500
-0.02617999999999998,0.0228,0.0572,456774636701154.562500
-0.02616999999999997,0.0228,0.0572,456774636701154.562500
-0.02615999999999996,0.0228,0.055600000000000004,456774636701154.562500
-0.02614999999999995,0.0236,0.050800000000000005,456774636701154.562500
-0.02613999999999994,0.0236,0.058,456774636701154.562500
-0.026129999999999987,0.0228,0.054,456774636701154.562500
-0.026119999999999977,0.018000000000000002,0.0572,456774636701154.562500
-0.026109999999999967,0.0204,0.0516,456774636701154.562500
-0.026099999999999957,0.0252,0.05,456774636701154.562500
-0.026089999999999947,0.0204,0.050800000000000005,456774636701154.562500
-0.026079999999999937,0.022000000000000002,0.053200000000000004,456774636701154.562500
-0.026069999999999982,0.022000000000000002,0.056400000000000006,456774636701154.562500
-0.026059999999999972,0.0228,0.0572,456774636701154.562500
-0.026049999999999962,0.0204,0.056400000000000006,456774636701154.562500
-0.026039999999999952,0.0244,0.055600000000000004,456774636701154.562500
-0.026029999999999942,0.0236,0.058,456774636701154.562500
-0.026019999999999988,0.022000000000000002,0.0548,456774636701154.562500
-0.026009999999999978,0.0196,0.0548,456774636701154.562500
-0.025999999999999968,0.0212,0.055600000000000004,456774636701154.562500
-0.025989999999999958,0.0228,0.0572,456774636701154.562500
-0.025979999999999948,0.022000000000000002,0.0572,456774636701154.562500
-0.025969999999999938,0.0228,0.056400000000000006,456774636701154.562500
-0.025959999999999983,0.022000000000000002,0.056400000000000006,456774636701154.562500
-0.025949999999999973,0.0212,0.054,456774636701154.562500
-0.025939999999999963,0.0212,0.058,456774636701154.562500
-0.025929999999999953,0.0228,0.0548,456774636701154.562500
-0.025919999999999943,0.0196,0.056400000000000006,456774636701154.562500
-0.02590999999999999,0.0204,0.053200000000000004,456774636701154.562500
-0.02589999999999998,0.022000000000000002,0.055600000000000004,456774636701154.562500
-0.02588999999999997,0.0228,0.058,456774636701154.562500
-0.02587999999999996,0.0196,0.058,456774636701154.562500
-0.02586999999999995,0.0204,0.0524,456774636701154.562500
-0.02585999999999994,0.0204,0.058,456774636701154.562500
-0.025849999999999984,0.0212,0.0548,456774636701154.562500
-0.025839999999999974,0.022000000000000002,0.0516,456774636701154.562500
-0.025829999999999964,0.0228,0.056400000000000006,456774636701154.562500
-0.025819999999999954,0.0228,0.0436,456774636701154.562500
-0.025809999999999944,0.0228,0.058,456774636701154.562500
-0.025799999999999934,0.0236,0.0548,456774636701154.562500
-0.02578999999999998,0.0244,0.0548,456774636701154.562500
-0.02577999999999997,0.0244,0.0572,456774636701154.562500
-0.02576999999999996,0.0244,0.058,456774636701154.562500
-0.02575999999999995,0.0252,0.056400000000000006,456774636701154.562500
-0.02574999999999994,0.0252,0.055600000000000004,456774636701154.562500
-0.025739999999999985,0.0236,0.058,456774636701154.562500
-0.025729999999999975,0.0228,0.056400000000000006,456774636701154.562500
-0.025719999999999965,0.0244,0.056400000000000006,456774636701154.562500
-0.025709999999999955,0.0236,0.0572,456774636701154.562500
-0.025699999999999945,0.0188,0.058,456774636701154.562500
-0.025689999999999935,0.022000000000000002,0.0524,456774636701154.562500
-0.02567999999999998,0.0204,0.0572,456774636701154.562500
-0.02566999999999997,0.022000000000000002,0.055600000000000004,456774636701154.562500
-0.02565999999999996,0.0204,0.058,456774636701154.562500
-0.02564999999999995,0.022000000000000002,0.055600000000000004,456774636701154.562500
-0.02563999999999994,0.022000000000000002,0.056400000000000006,456774636701154.562500
-0.025629999999999986,0.0228,0.056400000000000006,456774636701154.562500
-0.025619999999999976,0.0228,0.0524,456774636701154.562500
-0.025609999999999966,0.0236,0.0572,456774636701154.562500
-0.025599999999999956,0.0228,0.056400000000000006,456774636701154.562500
-0.025589999999999946,0.0212,0.056400000000000006,456774636701154.562500
-0.025579999999999936,0.022000000000000002,0.0572,456774636701154.562500
-0.02556999999999998,0.0212,0.053200000000000004,456774636701154.562500
-0.02555999999999997,0.0228,0.055600000000000004,456774636701154.562500
-0.02554999999999996,0.0228,0.055600000000000004,456774636701154.562500
-0.02553999999999995,0.0228,0.058,456774636701154.562500
-0.02552999999999994,0.022000000000000002,0.0572,456774636701154.562500
-0.025519999999999987,0.0244,0.055600000000000004,456774636701154.562500
-0.025509999999999977,0.022000000000000002,0.0572,456774636701154.562500
-0.025499999999999967,0.0228,0.056400000000000006,456774636701154.562500
-0.025489999999999957,0.0204,0.048400000000000006,456774636701154.562500
-0.025479999999999947,0.0204,0.058,456774636701154.562500
-0.025469999999999937,0.0228,0.0572,456774636701154.562500
-0.025459999999999983,0.0212,0.055600000000000004,456774636701154.562500
-0.025449999999999973,0.0204,0.0524,456774636701154.562500
-0.025439999999999963,0.022000000000000002,0.053200000000000004,456774636701154.562500
-0.025429999999999953,0.0244,0.055600000000000004,456774636701154.562500
-0.025419999999999943,0.0244,0.055600000000000004,456774636701154.562500
-0.025409999999999988,0.022000000000000002,0.054,456774636701154.562500
-0.025399999999999978,0.022000000000000002,0.0548,456774636701154.562500
-0.025389999999999968,0.0196,0.05,456774636701154.562500
-0.025379999999999958,0.0236,0.05,456774636701154.562500
-0.025369999999999948,0.0236,0.0468,456774636701154.562500
-0.025359999999999938,0.022000000000000002,0.0548,456774636701154.562500
-0.025349999999999984,0.022000000000000002,0.0524,456774636701154.562500
-0.025339999999999974,0.0228,0.056400000000000006,456774636701154.562500
-0.025329999999999964,0.022000000000000002,0.0548,456774636701154.562500
-0.025319999999999954,0.0204,0.054,456774636701154.562500
-0.025309999999999944,0.018000000000000002,0.0468,456774636701154.562500
-0.025299999999999934,0.0196,0.0492,456774636701154.562500
-0.02528999999999998,0.022000000000000002,0.05,456774636701154.562500
-0.02527999999999997,0.0212,0.050800000000000005,456774636701154.562500
-0.02526999999999996,0.0196,0.055600000000000004,456774636701154.562500
-0.02525999999999995,0.0228,0.058,456774636701154.562500
-0.02524999999999994,0.0236,0.055600000000000004,456774636701154.562500
-0.025239999999999985,0.022000000000000002,0.053200000000000004,456774636701154.562500
-0.025229999999999975,0.022000000000000002,0.0524,456774636701154.562500
-0.025219999999999965,0.0228,0.0548,456774636701154.562500
-0.025209999999999955,0.0196,0.048400000000000006,456774636701154.562500
-0.025199999999999945,0.0228,0.0572,456774636701154.562500
-0.025189999999999935,0.026000000000000002,0.045200000000000004,456774636701154.562500
-0.02517999999999998,0.0236,0.0548,456774636701154.562500
-0.02516999999999997,0.0236,0.0572,456774636701154.562500
-0.02515999999999996,0.0228,0.054,456774636701154.562500
-0.02514999999999995,0.0244,0.055600000000000004,456774636701154.562500
-0.02513999999999994,0.0228,0.05,456774636701154.562500
-0.025129999999999986,0.0252,0.056400000000000006,456774636701154.562500
-0.025119999999999976,0.0188,0.0572,456774636701154.562500
-0.025109999999999966,0.0236,0.055600000000000004,456774636701154.562500
-0.025099999999999956,0.0188,0.0572,456774636701154.562500
-0.025089999999999946,0.0228,0.055600000000000004,456774636701154.562500
-0.025079999999999936,0.0236,0.0468,456774636701154.562500
-0.02506999999999998,0.0212,0.0492,456774636701154.562500
-0.02505999999999997,0.0228,0.054,456774636701154.562500
-0.02504999999999996,0.0228,0.0572,456774636701154.562500
-0.02503999999999995,0.0204,0.055600000000000004,456774636701154.562500
-0.02502999999999994,0.022000000000000002,0.056400000000000006,456774636701154.562500
-0.025019999999999987,0.0204,0.056400000000000006,456774636701154.562500
-0.025009999999999977,0.022000000000000002,0.0548,456774636701154.562500
-0.024999999999999967,0.0212,0.0572,456774636701154.562500
-0.024989999999999957,0.0196,0.055600000000000004,456774636701154.562500
-0.024979999999999947,0.0212,0.055600000000000004,456774636701154.562500
-0.024969999999999937,0.022000000000000002,0.0524,456774636701154.562500
-0.024959999999999982,0.0228,0.0572,456774636701154.562500
-0.024949999999999972,0.0228,0.055600000000000004,456774636701154.562500
-0.024939999999999962,0.0212,0.0572,456774636701154.562500
-0.024929999999999952,0.0204,0.0548,456774636701154.562500
-0.024919999999999942,0.0228,0.0572,456774636701154.562500
-0.024909999999999988,0.0228,0.056400000000000006,456774636701154.562500
-0.024899999999999978,0.0228,0.058,456774636701154.562500
-0.024889999999999968,0.0228,0.055600000000000004,456774636701154.562500
-0.024879999999999958,0.022000000000000002,0.0524,456774636701154.562500
-0.024869999999999948,0.0252,0.056400000000000006,456774636701154.562500
-0.024859999999999938,0.0244,0.058,456774636701154.562500
-0.024849999999999983,0.0252,0.0548,456774636701154.562500
-0.024839999999999973,0.0236,0.058800000000000005,456774636701154.562500
-0.024829999999999963,0.0252,0.055600000000000004,456774636701154.562500
-0.024819999999999953,0.0236,0.056400000000000006,456774636701154.562500
-0.024809999999999943,0.0236,0.058,456774636701154.562500
-0.02479999999999999,0.0244,0.056400000000000006,456774636701154.562500
-0.02478999999999998,0.0244,0.056400000000000006,456774636701154.562500
-0.02477999999999997,0.0236,0.058,456774636701154.562500
-0.02476999999999996,0.0236,0.055600000000000004,456774636701154.562500
-0.02475999999999995,0.022000000000000002,0.056400000000000006,456774636701154.562500
-0.02474999999999994,0.0212,0.058,456774636701154.562500
-0.024739999999999984,0.0228,0.0572,456774636701154.562500
-0.024729999999999974,0.0236,0.0572,456774636701154.562500
-0.024719999999999964,0.0228,0.058,456774636701154.562500
-0.024709999999999954,0.022000000000000002,0.056400000000000006,456774636701154.562500
-0.024699999999999944,0.0212,0.055600000000000004,456774636701154.562500
-0.024689999999999934,0.022000000000000002,0.056400000000000006,456774636701154.562500
-0.02467999999999998,0.0236,0.056400000000000006,456774636701154.562500
-0.02466999999999997,0.0228,0.0516,456774636701154.562500
-0.02465999999999996,0.0212,0.058,456774636701154.562500
-0.02464999999999995,0.0228,0.058,456774636701154.562500
-0.02463999999999994,0.0236,0.055600000000000004,456774636701154.562500
-0.024629999999999985,0.022000000000000002,0.055600000000000004,456774636701154.562500
-0.024619999999999975,0.0212,0.055600000000000004,456774636701154.562500
-0.024609999999999965,0.0236,0.058800000000000005,456774636701154.562500
-0.024599999999999955,0.022000000000000002,0.0548,456774636701154.562500
-0.024589999999999945,0.0236,0.053200000000000004,456774636701154.562500
-0.024579999999999935,0.0228,0.055600000000000004,456774636701154.562500
-0.02456999999999998,0.022000000000000002,0.055600000000000004,456774636701154.562500
-0.02455999999999997,0.0228,0.0572,456774636701154.562500
-0.02454999999999996,0.0244,0.054,456774636701154.562500
-0.02453999999999995,0.0244,0.0572,456774636701154.562500
-0.02452999999999994,0.0244,0.0572,456774636701154.562500
-0.024519999999999986,0.0244,0.058,456774636701154.562500
-0.024509999999999976,0.022000000000000002,0.055600000000000004,456774636701154.562500
-0.024499999999999966,0.0252,0.056400000000000006,456774636701154.562500
-0.024489999999999956,0.0228,0.0524,456774636701154.562500
-0.024479999999999946,0.0236,0.055600000000000004,456774636701154.562500
-0.024469999999999936,0.0236,0.0548,456774636701154.562500
-0.024459999999999982,0.022000000000000002,0.058,456774636701154.562500
-0.024449999999999972,0.0212,0.055600000000000004,456774636701154.562500
-0.024439999999999962,0.0236,0.0516,456774636701154.562500
-0.024429999999999952,0.022000000000000002,0.0468,456774636701154.562500
-0.024419999999999942,0.022000000000000002,0.0548,456774636701154.562500
-0.024409999999999987,0.0252,0.0572,456774636701154.562500
-0.024399999999999977,0.022000000000000002,0.0572,456774636701154.562500
-0.024389999999999967,0.022000000000000002,0.055600000000000004,456774636701154.562500
-0.024379999999999957,0.0236,0.0548,456774636701154.562500
-0.024369999999999947,0.022000000000000002,0.05,456774636701154.562500
-0.024359999999999937,0.0228,0.054,456774636701154.562500
-0.024349999999999983,0.0212,0.055600000000000004,456774636701154.562500
-0.024339999999999973,0.0212,0.055600000000000004,456774636701154.562500
-0.024329999999999963,0.022000000000000002,0.056400000000000006,456774636701154.562500
-0.024319999999999953,0.0236,0.058,456774636701154.562500
-0.024309999999999943,0.0236,0.0524,456774636701154.562500
-0.02429999999999999,0.0228,0.055600000000000004,456774636701154.562500
-0.02428999999999998,0.0236,0.055600000000000004,456774636701154.562500
-0.02427999999999997,0.0252,0.055600000000000004,456774636701154.562500
-0.02426999999999996,0.0236,0.058,456774636701154.562500
-0.02425999999999995,0.0236,0.054,456774636701154.562500
-0.02424999999999994,0.0252,0.0572,456774636701154.562500
-0.024239999999999984,0.0244,0.050800000000000005,456774636701154.562500
-0.024229999999999974,0.0244,0.0476,456774636701154.562500
-0.024219999999999964,0.0252,0.055600000000000004,456774636701154.562500
-0.024209999999999954,0.0252,0.054,456774636701154.562500
-0.024199999999999944,0.0236,0.058,456774636701154.562500
-0.024189999999999934,0.022000000000000002,0.0548,456774636701154.562500
-0.02417999999999998,0.0236,0.055600000000000004,456774636701154.562500
-0.02416999999999997,0.0236,0.055600000000000004,456774636701154.562500
-0.02415999999999996,0.0196,0.05,456774636701154.562500
-0.02414999999999995,0.0228,0.0572,456774636701154.562500
-0.02413999999999994,0.0196,0.058,456774636701154.562500
-0.024129999999999985,0.0228,0.058,456774636701154.562500
-0.024119999999999975,0.0188,0.055600000000000004,456774636701154.562500
-0.024109999999999965,0.0228,0.056400000000000006,456774636701154.562500
-0.024099999999999955,0.022000000000000002,0.058800000000000005,456774636701154.562500
-0.024089999999999945,0.022000000000000002,0.056400000000000006,456774636701154.562500
-0.024079999999999935,0.022000000000000002,0.055600000000000004,456774636701154.562500
-0.02406999999999998,0.0228,0.0572,456774636701154.562500
-0.02405999999999997,0.022000000000000002,0.0572,456774636701154.562500
-0.02404999999999996,0.0228,0.058,456774636701154.562500
-0.02403999999999995,0.0188,0.056400000000000006,456774636701154.562500
-0.02402999999999994,0.0228,0.056400000000000006,456774636701154.562500
-0.024019999999999986,0.0204,0.058,456774636701154.562500
-0.024009999999999976,0.022000000000000002,0.056400000000000006,456774636701154.562500
-0.023999999999999966,0.0236,0.056400000000000006,456774636701154.562500
-0.023989999999999956,0.0228,0.056400000000000006,456774636701154.562500
-0.023979999999999946,0.022000000000000002,0.0548,456774636701154.562500
-0.023969999999999936,0.022000000000000002,0.0572,456774636701154.562500
-0.02395999999999998,0.0228,0.056400000000000006,456774636701154.562500
-0.02394999999999997,0.022000000000000002,0.0572,456774636701154.562500
-0.02393999999999996,0.0244,0.0572,456774636701154.562500
-0.02392999999999995,0.0244,0.056400000000000006,456774636701154.562500
-0.02391999999999994,0.022000000000000002,0.0572,456774636701154.562500
-0.023909999999999987,0.0244,0.053200000000000004,456774636701154.562500
-0.023899999999999977,0.0244,0.050800000000000005,456774636701154.562500
-0.023889999999999967,0.0252,0.0492,456774636701154.562500
-0.023879999999999957,0.0252,0.0516,456774636701154.562500
-0.023869999999999947,0.0236,0.053200000000000004,456774636701154.562500
-0.023859999999999937,0.022000000000000002,0.056400000000000006,456774636701154.562500
-0.023849999999999982,0.0244,0.048400000000000006,456774636701154.562500
-0.023839999999999972,0.0244,0.0444,456774636701154.562500
-0.023829999999999962,0.0252,0.050800000000000005,456774636701154.562500
-0.023819999999999952,0.0228,0.056400000000000006,456774636701154.562500
-0.023809999999999942,0.0228,0.05,456774636701154.562500
-0.023799999999999988,0.022000000000000002,0.056400000000000006,456774636701154.562500
-0.023789999999999978,0.0236,0.053200000000000004,456774636701154.562500
-0.023779999999999968,0.022000000000000002,0.0572,456774636701154.562500
-0.023769999999999958,0.022000000000000002,0.058,456774636701154.562500
-0.023759999999999948,0.0228,0.0548,456774636701154.562500
-0.023749999999999938,0.0228,0.056400000000000006,456774636701154.562500
-0.023739999999999983,0.022000000000000002,0.0516,456774636701154.562500
-0.023729999999999973,0.022000000000000002,0.0524,456774636701154.562500
-0.023719999999999963,0.0212,0.0596,456774636701154.562500
-0.023709999999999953,0.022000000000000002,0.058,456774636701154.562500
-0.023699999999999943,0.022000000000000002,0.058,456774636701154.562500
-0.023689999999999933,0.022000000000000002,0.0548,456774636701154.562500
-0.02367999999999998,0.022000000000000002,0.0572,456774636701154.562500
-0.02366999999999997,0.0236,0.055600000000000004,456774636701154.562500
-0.02365999999999996,0.0244,0.05,456774636701154.562500
-0.02364999999999995,0.0252,0.055600000000000004,456774636701154.562500
-0.02363999999999994,0.0236,0.056400000000000006,456774636701154.562500
-0.023629999999999984,0.0244,0.0572,456774636701154.562500
-0.023619999999999974,0.0236,0.058,456774636701154.562500
-0.023609999999999964,0.0244,0.058,456774636701154.562500
-0.023599999999999954,0.0268,0.0572,456774636701154.562500
-0.023589999999999944,0.026000000000000002,0.058,456774636701154.562500
-0.023579999999999934,0.0244,0.056400000000000006,456774636701154.562500
-0.02356999999999998,0.0236,0.058800000000000005,456774636701154.562500
-0.02355999999999997,0.022000000000000002,0.056400000000000006,456774636701154.562500
-0.02354999999999996,0.0212,0.058,456774636701154.562500
-0.02353999999999995,0.0228,0.0548,456774636701154.562500
-0.02352999999999994,0.0236,0.056400000000000006,456774636701154.562500
-0.023519999999999985,0.0212,0.055600000000000004,456774636701154.562500
-0.023509999999999975,0.0228,0.058,456774636701154.562500
-0.023499999999999965,0.0236,0.055600000000000004,456774636701154.562500
-0.023489999999999955,0.022000000000000002,0.056400000000000006,456774636701154.562500
-0.023479999999999945,0.0204,0.0572,456774636701154.562500
-0.023469999999999935,0.0212,0.050800000000000005,456774636701154.562500
-0.02345999999999998,0.022000000000000002,0.056400000000000006,456774636701154.562500
-0.02344999999999997,0.0212,0.058,456774636701154.562500
-0.02343999999999996,0.0236,0.053200000000000004,456774636701154.562500
-0.02342999999999995,0.0236,0.045200000000000004,456774636701154.562500
-0.02341999999999994,0.0204,0.0396,456774636701154.562500
-0.023409999999999986,0.0244,0.0468,456774636701154.562500
-0.023399999999999976,0.0212,0.0524,456774636701154.562500
-0.023389999999999966,0.0236,0.05,456774636701154.562500
-0.023379999999999956,0.0228,0.0548,456774636701154.562500
-0.023369999999999946,0.022000000000000002,0.056400000000000006,456774636701154.562500
-0.023359999999999936,0.018000000000000002,0.055600000000000004,456774636701154.562500
-0.023349999999999982,0.0228,0.055600000000000004,456774636701154.562500
-0.023339999999999972,0.0244,0.056400000000000006,456774636701154.562500
-0.023329999999999962,0.0252,0.054,456774636701154.562500
-0.023319999999999952,0.0212,0.05,456774636701154.562500
-0.023309999999999942,0.0244,0.054,456774636701154.562500
-0.023299999999999987,0.0236,0.0492,456774636701154.562500
-0.023289999999999977,0.0244,0.053200000000000004,456774636701154.562500
-0.023279999999999967,0.0236,0.054,456774636701154.562500
-0.023269999999999957,0.0244,0.0548,456774636701154.562500
-0.023259999999999947,0.022000000000000002,0.053200000000000004,456774636701154.562500
-0.023249999999999937,0.0236,0.053200000000000004,456774636701154.562500
-0.023239999999999983,0.0244,0.054,456774636701154.562500
-0.023229999999999973,0.0212,0.0572,456774636701154.562500
-0.023219999999999963,0.022000000000000002,0.055600000000000004,456774636701154.562500
-0.023209999999999953,0.022000000000000002,0.055600000000000004,456774636701154.562500
-0.023199999999999943,0.022000000000000002,0.055600000000000004,456774636701154.562500
-0.02318999999999999,0.022000000000000002,0.054,456774636701154.562500
-0.02317999999999998,0.022000000000000002,0.055600000000000004,456774636701154.562500
-0.02316999999999997,0.022000000000000002,0.0572,456774636701154.562500
-0.02315999999999996,0.0228,0.058,456774636701154.562500
-0.02314999999999995,0.022000000000000002,0.0572,456774636701154.562500
-0.02313999999999994,0.0228,0.0572,456774636701154.562500
-0.023129999999999984,0.0228,0.0572,456774636701154.562500
-0.023119999999999974,0.0196,0.055600000000000004,456774636701154.562500
-0.023109999999999964,0.0228,0.056400000000000006,456774636701154.562500
-0.023099999999999954,0.0204,0.055600000000000004,456774636701154.562500
-0.023089999999999944,0.0228,0.056400000000000006,456774636701154.562500
-0.023079999999999934,0.022000000000000002,0.058,456774636701154.562500
-0.02306999999999998,0.0196,0.0572,456774636701154.562500
-0.02305999999999997,0.0228,0.0572,456774636701154.562500
-0.02304999999999996,0.0212,0.056400000000000006,456774636701154.562500
-0.02303999999999995,0.0212,0.0572,456774636701154.562500
-0.02302999999999994,0.0244,0.0572,456774636701154.562500
-0.023019999999999985,0.0228,0.055600000000000004,456774636701154.562500
-0.023009999999999975,0.0244,0.055600000000000004,456774636701154.562500
-0.022999999999999965,0.0236,0.0524,456774636701154.562500
-0.022989999999999955,0.0244,0.058,456774636701154.562500
-0.022979999999999945,0.0252,0.054,456774636701154.562500
-0.022969999999999935,0.022000000000000002,0.058,456774636701154.562500
-0.02295999999999998,0.0228,0.056400000000000006,456774636701154.562500
-0.02294999999999997,0.0236,0.058,456774636701154.562500
-0.02293999999999996,0.022000000000000002,0.056400000000000006,456774636701154.562500
-0.02292999999999995,0.0236,0.0572,456774636701154.562500
-0.02291999999999994,0.0228,0.056400000000000006,456774636701154.562500
-0.022909999999999986,0.0228,0.058,456774636701154.562500
-0.022899999999999976,0.0228,0.056400000000000006,456774636701154.562500
-0.022889999999999966,0.0212,0.056400000000000006,456774636701154.562500
-0.022879999999999956,0.0212,0.0572,456774636701154.562500
-0.022869999999999946,0.0196,0.0548,456774636701154.562500
-0.022859999999999936,0.022000000000000002,0.0572,456774636701154.562500
-0.02284999999999998,0.0212,0.056400000000000006,456774636701154.562500
-0.02283999999999997,0.022000000000000002,0.055600000000000004,456774636701154.562500
-0.02282999999999996,0.022000000000000002,0.058,456774636701154.562500
-0.02281999999999995,0.0236,0.0572,456774636701154.562500
-0.02280999999999994,0.0228,0.056400000000000006,456774636701154.562500
-0.022799999999999987,0.0236,0.056400000000000006,456774636701154.562500
-0.022789999999999977,0.022000000000000002,0.0524,456774636701154.562500
-0.022779999999999967,0.0228,0.053200000000000004,456774636701154.562500
-0.022769999999999957,0.0228,0.0572,456774636701154.562500
-0.022759999999999947,0.0228,0.0572,456774636701154.562500
-0.022749999999999937,0.0228,0.055600000000000004,456774636701154.562500
-0.022739999999999982,0.0252,0.056400000000000006,456774636701154.562500
-0.022729999999999972,0.0236,0.058,456774636701154.562500
-0.022719999999999962,0.0252,0.056400000000000006,456774636701154.562500
-0.022709999999999952,0.0252,0.056400000000000006,456774636701154.562500
-0.022699999999999942,0.0212,0.055600000000000004,456774636701154.562500
-0.022689999999999988,0.0236,0.056400000000000006,456774636701154.562500
-0.022679999999999978,0.0228,0.055600000000000004,456774636701154.562500
-0.022669999999999968,0.022000000000000002,0.056400000000000006,456774636701154.562500
-0.022659999999999958,0.022000000000000002,0.055600000000000004,456774636701154.562500
-0.022649999999999948,0.0196,0.056400000000000006,456774636701154.562500
-0.022639999999999938,0.0236,0.055600000000000004,456774636701154.562500
-0.022629999999999983,0.0196,0.0572,456774636701154.562500
-0.022619999999999973,0.0236,0.0572,456774636701154.562500
-0.022609999999999963,0.022000000000000002,0.0516,456774636701154.562500
-0.022599999999999953,0.0228,0.042,456774636701154.562500
-0.022589999999999943,0.0212,0.053200000000000004,456774636701154.562500
-0.022579999999999933,0.0228,0.056400000000000006,456774636701154.562500
-0.02256999999999998,0.022000000000000002,0.0572,456774636701154.562500
-0.02255999999999997,0.0212,0.058,456774636701154.562500
-0.02254999999999996,0.018000000000000002,0.058,456774636701154.562500
-0.02253999999999995,0.0204,0.058,456774636701154.562500
-0.02252999999999994,0.022000000000000002,0.056400000000000006,456774636701154.562500
-0.022519999999999984,0.0212,0.058,456774636701154.562500
-0.022509999999999974,0.0228,0.056400000000000006,456774636701154.562500
-0.022499999999999964,0.0228,0.055600000000000004,456774636701154.562500
-0.022489999999999954,0.0236,0.056400000000000006,456774636701154.562500
-0.022479999999999944,0.022000000000000002,0.056400000000000006,456774636701154.562500
-0.022469999999999934,0.0228,0.0572,456774636701154.562500
-0.02245999999999998,0.0244,0.056400000000000006,456774636701154.562500
-0.02244999999999997,0.0252,0.053200000000000004,456774636701154.562500
-0.02243999999999996,0.0244,0.0572,456774636701154.562500
-0.02242999999999995,0.0236,0.0524,456774636701154.562500
-0.02241999999999994,0.0244,0.0572,456774636701154.562500
-0.022409999999999985,0.0252,0.056400000000000006,456774636701154.562500
-0.022399999999999975,0.0228,0.056400000000000006,456774636701154.562500
-0.022389999999999965,0.0252,0.053200000000000004,456774636701154.562500
-0.022379999999999955,0.0228,0.055600000000000004,456774636701154.562500
-0.022369999999999945,0.0236,0.0548,456774636701154.562500
-0.022359999999999935,0.0236,0.0524,456774636701154.562500
-0.02234999999999998,0.0244,0.058,456774636701154.562500
-0.02233999999999997,0.0244,0.056400000000000006,456774636701154.562500
-0.02232999999999996,0.0196,0.0516,456774636701154.562500
-0.02231999999999995,0.0236,0.054,456774636701154.562500
-0.02230999999999994,0.0236,0.058,456774636701154.562500
-0.022299999999999986,0.022000000000000002,0.058,456774636701154.562500
-0.022289999999999976,0.0228,0.055600000000000004,456774636701154.562500
-0.022279999999999966,0.022000000000000002,0.0572,456774636701154.562500
-0.022269999999999956,0.022000000000000002,0.055600000000000004,456774636701154.562500
-0.022259999999999946,0.0204,0.0572,456774636701154.562500
-0.022249999999999936,0.022000000000000002,0.055600000000000004,456774636701154.562500
-0.022239999999999982,0.0236,0.055600000000000004,456774636701154.562500
-0.022229999999999972,0.0228,0.056400000000000006,456774636701154.562500
-0.022219999999999962,0.0236,0.056400000000000006,456774636701154.562500
-0.022209999999999952,0.0228,0.056400000000000006,456774636701154.562500
-0.022199999999999942,0.0236,0.058,456774636701154.562500
-0.022189999999999988,0.0228,0.055600000000000004,456774636701154.562500
-0.022179999999999978,0.022000000000000002,0.056400000000000006,456774636701154.562500
-0.022169999999999968,0.0236,0.0572,456774636701154.562500
-0.022159999999999958,0.0228,0.0492,456774636701154.562500
-0.022149999999999948,0.0244,0.0572,456774636701154.562500
-0.022139999999999938,0.022000000000000002,0.0572,456774636701154.562500
-0.022129999999999983,0.0244,0.056400000000000006,456774636701154.562500
-0.022119999999999973,0.0244,0.0524,456774636701154.562500
-0.022109999999999963,0.0252,0.055600000000000004,456774636701154.562500
-0.022099999999999953,0.022000000000000002,0.053200000000000004,456774636701154.562500
-0.022089999999999943,0.022000000000000002,0.0572,456774636701154.562500
-0.02207999999999999,0.0236,0.0548,456774636701154.562500
-0.02206999999999998,0.022000000000000002,0.0548,456774636701154.562500
-0.02205999999999997,0.0236,0.0572,456774636701154.562500
-0.02204999999999996,0.0244,0.0548,456774636701154.562500
-0.02203999999999995,0.0236,0.055600000000000004,456774636701154.562500
-0.02202999999999994,0.0212,0.0572,456774636701154.562500
-0.022019999999999984,0.022000000000000002,0.056400000000000006,456774636701154.562500
-0.022009999999999974,0.022000000000000002,0.056400000000000006,456774636701154.562500
-0.021999999999999964,0.0196,0.058,456774636701154.562500
-0.021989999999999954,0.022000000000000002,0.055600000000000004,456774636701154.562500
-0.021979999999999944,0.0204,0.055600000000000004,456774636701154.562500
-0.021969999999999934,0.0228,0.0572,456774636701154.562500
-0.02195999999999998,0.022000000000000002,0.053200000000000004,456774636701154.562500
-0.02194999999999997,0.0212,0.0572,456774636701154.562500
-0.02193999999999996,0.0236,0.054,456774636701154.562500
-0.02192999999999995,0.0228,0.0572,456774636701154.562500
-0.02191999999999994,0.0236,0.0572,456774636701154.562500
-0.021909999999999985,0.0236,0.056400000000000006,456774636701154.562500
-0.021899999999999975,0.022000000000000002,0.056400000000000006,456774636701154.562500
-0.021889999999999965,0.022000000000000002,0.0548,456774636701154.562500
-0.021879999999999955,0.022000000000000002,0.0572,456774636701154.562500
-0.021869999999999945,0.0228,0.0572,456774636701154.562500
-0.021859999999999935,0.022000000000000002,0.056400000000000006,456774636701154.562500
-0.02184999999999998,0.0236,0.0548,456774636701154.562500
-0.02183999999999997,0.0212,0.056400000000000006,456774636701154.562500
-0.02182999999999996,0.0252,0.0548,456774636701154.562500
-0.02181999999999995,0.0244,0.0524,456774636701154.562500
-0.02180999999999994,0.0252,0.058,456774636701154.562500
-0.021799999999999986,0.0252,0.0548,456774636701154.562500
-0.021789999999999976,0.0236,0.056400000000000006,456774636701154.562500
-0.021779999999999966,0.022000000000000002,0.0524,456774636701154.562500
-0.021769999999999956,0.022000000000000002,0.055600000000000004,456774636701154.562500
-0.021759999999999946,0.026000000000000002,0.0572,456774636701154.562500
-0.021749999999999936,0.0236,0.056400000000000006,456774636701154.562500
-0.02173999999999998,0.0236,0.056400000000000006,456774636701154.562500
-0.02172999999999997,0.0236,0.058,456774636701154.562500
-0.02171999999999996,0.0228,0.0572,456774636701154.562500
-0.02170999999999995,0.0212,0.0524,456774636701154.562500
-0.02169999999999994,0.0236,0.055600000000000004,456774636701154.562500
-0.021689999999999987,0.022000000000000002,0.056400000000000006,456774636701154.562500
-0.021679999999999977,0.0228,0.0572,456774636701154.562500
-0.021669999999999967,0.0204,0.0572,456774636701154.562500
-0.021659999999999957,0.0212,0.056400000000000006,456774636701154.562500
-0.021649999999999947,0.0196,0.0572,456774636701154.562500
-0.021639999999999937,0.0228,0.055600000000000004,456774636701154.562500
-0.021629999999999983,0.0228,0.054,456774636701154.562500
-0.021619999999999973,0.0228,0.056400000000000006,456774636701154.562500
-0.021609999999999963,0.022000000000000002,0.056400000000000006,456774636701154.562500
-0.021599999999999953,0.022000000000000002,0.056400000000000006,456774636701154.562500
-0.021589999999999943,0.022000000000000002,0.0572,456774636701154.562500
-0.021579999999999988,0.0228,0.0572,456774636701154.562500
-0.021569999999999978,0.0228,0.056400000000000006,456774636701154.562500
-0.021559999999999968,0.0212,0.0572,456774636701154.562500
-0.021549999999999958,0.0244,0.055600000000000004,456774636701154.562500
-0.021539999999999948,0.0244,0.0572,456774636701154.562500
-0.021529999999999938,0.022000000000000002,0.0572,456774636701154.562500
-0.021519999999999984,0.0244,0.056400000000000006,456774636701154.562500
-0.021509999999999974,0.0212,0.0572,456774636701154.562500
-0.021499999999999964,0.0244,0.0516,456774636701154.562500
-0.021489999999999954,0.0252,0.056400000000000006,456774636701154.562500
-0.021479999999999944,0.026000000000000002,0.056400000000000006,456774636701154.562500
-0.021469999999999934,0.0244,0.056400000000000006,456774636701154.562500
-0.02145999999999998,0.0244,0.056400000000000006,456774636701154.562500
-0.02144999999999997,0.0236,0.054,456774636701154.562500
-0.02143999999999996,0.0252,0.056400000000000006,456774636701154.562500
-0.02142999999999995,0.0236,0.055600000000000004,456774636701154.562500
-0.02141999999999994,0.0236,0.0548,456774636701154.562500
-0.021409999999999985,0.0228,0.055600000000000004,456774636701154.562500
-0.021399999999999975,0.0228,0.058,456774636701154.562500
-0.021389999999999965,0.0228,0.055600000000000004,456774636701154.562500
-0.021379999999999955,0.022000000000000002,0.050800000000000005,456774636701154.562500
-0.021369999999999945,0.0236,0.0524,456774636701154.562500
-0.021359999999999935,0.022000000000000002,0.054,456774636701154.562500
-0.02134999999999998,0.022000000000000002,0.054,456774636701154.562500
-0.02133999999999997,0.0196,0.0572,456774636701154.562500
-0.02132999999999996,0.0172,0.0572,456774636701154.562500
-0.02131999999999995,0.0172,0.056400000000000006,456774636701154.562500
-0.02130999999999994,0.0172,0.0572,456774636701154.562500
-0.021299999999999986,0.012400000000000001,0.056400000000000006,456774636701154.562500
-0.021289999999999976,0.0148,0.0572,456774636701154.562500
-0.021279999999999966,0.0172,0.0524,456774636701154.562500
-0.021269999999999956,0.022000000000000002,0.055600000000000004,456774636701154.562500
-0.021259999999999946,0.0196,0.0572,456774636701154.562500
-0.021249999999999936,0.0204,0.054,456774636701154.562500
-0.02123999999999998,0.0236,0.056400000000000006,456774636701154.562500
-0.02122999999999997,0.0236,0.0436,456774636701154.562500
-0.02121999999999996,0.0244,0.050800000000000005,456774636701154.562500
-0.02120999999999995,0.0228,0.054,456774636701154.562500
-0.02119999999999994,0.0244,0.0572,456774636701154.562500
-0.021189999999999987,0.0244,0.055600000000000004,456774636701154.562500
-0.021179999999999977,0.022000000000000002,0.056400000000000006,456774636701154.562500
-0.021169999999999967,0.0236,0.056400000000000006,456774636701154.562500
-0.021159999999999957,0.0204,0.055600000000000004,456774636701154.562500
-0.021149999999999947,0.0228,0.058,456774636701154.562500
-0.021139999999999937,0.0244,0.058,456774636701154.562500
-0.021129999999999982,0.0236,0.055600000000000004,456774636701154.562500
-0.021119999999999972,0.0244,0.056400000000000006,456774636701154.562500
-0.021109999999999962,0.0204,0.054,456774636701154.562500
-0.021099999999999952,0.0228,0.056400000000000006,456774636701154.562500
-0.021089999999999942,0.0188,0.056400000000000006,456774636701154.562500
-0.021079999999999988,0.0212,0.056400000000000006,456774636701154.562500
-0.021069999999999978,0.0204,0.0548,456774636701154.562500
-0.021059999999999968,0.018000000000000002,0.058,456774636701154.562500
-0.021049999999999958,0.0204,0.058,456774636701154.562500
-0.021039999999999948,0.0212,0.054,456774636701154.562500
-0.021029999999999938,0.022000000000000002,0.056400000000000006,456774636701154.562500
-0.021019999999999983,0.0204,0.056400000000000006,456774636701154.562500
-0.021009999999999973,0.0204,0.0572,456774636701154.562500
-0.020999999999999963,0.0236,0.058,456774636701154.562500
-0.020989999999999953,0.022000000000000002,0.0524,456774636701154.562500
-0.020979999999999943,0.0196,0.05,456774636701154.562500
-0.020969999999999933,0.022000000000000002,0.0492,456774636701154.562500
-0.02095999999999998,0.022000000000000002,0.05,456774636701154.562500
-0.02094999999999997,0.0244,0.0548,456774636701154.562500
-0.02093999999999996,0.0236,0.058,456774636701154.562500
-0.02092999999999995,0.0236,0.056400000000000006,456774636701154.562500
-0.02091999999999994,0.0228,0.058,456774636701154.562500
-0.020909999999999984,0.0236,0.056400000000000006,456774636701154.562500
-0.020899999999999974,0.0252,0.0548,456774636701154.562500
-0.020889999999999964,0.0228,0.0572,456774636701154.562500
-0.020879999999999954,0.0252,0.056400000000000006,456774636701154.562500
-0.020869999999999944,0.022000000000000002,0.0524,456774636701154.562500
-0.020859999999999934,0.0236,0.0572,456774636701154.562500
-0.02084999999999998,0.0212,0.0524,456774636701154.562500
-0.02083999999999997,0.022000000000000002,0.055600000000000004,456774636701154.562500
-0.02082999999999996,0.0228,0.0572,456774636701154.562500
-0.02081999999999995,0.0244,0.058,456774636701154.562500
-0.02080999999999994,0.0228,0.058800000000000005,456774636701154.562500
-0.020799999999999985,0.0228,0.056400000000000006,456774636701154.562500
-0.020789999999999975,0.0212,0.0572,456774636701154.562500
-0.020779999999999965,0.0228,0.058,456774636701154.562500
-0.020769999999999955,0.0196,0.0572,456774636701154.562500
-0.020759999999999945,0.0196,0.054,456774636701154.562500
-0.020749999999999935,0.0212,0.056400000000000006,456774636701154.562500
-0.02073999999999998,0.0236,0.056400000000000006,456774636701154.562500
-0.02072999999999997,0.022000000000000002,0.0516,456774636701154.562500
-0.02071999999999996,0.022000000000000002,0.056400000000000006,456774636701154.562500
-0.02070999999999995,0.0212,0.056400000000000006,456774636701154.562500
-0.02069999999999994,0.022000000000000002,0.058,456774636701154.562500
-0.020689999999999986,0.0228,0.055600000000000004,456774636701154.562500
-0.020679999999999976,0.0236,0.055600000000000004,456774636701154.562500
-0.020669999999999966,0.0244,0.055600000000000004,456774636701154.562500
-0.020659999999999956,0.022000000000000002,0.0572,456774636701154.562500
-0.020649999999999946,0.0244,0.0572,456774636701154.562500
-0.020639999999999936,0.0244,0.056400000000000006,456774636701154.562500
-0.02062999999999998,0.022000000000000002,0.0548,456774636701154.562500
-0.02061999999999997,0.0244,0.058,456774636701154.562500
-0.02060999999999996,0.0196,0.0548,456774636701154.562500
-0.02059999999999995,0.0212,0.054,456774636701154.562500
-0.02058999999999994,0.0252,0.056400000000000006,456774636701154.562500
-0.020579999999999987,0.0244,0.055600000000000004,456774636701154.562500
-0.020569999999999977,0.0236,0.055600000000000004,456774636701154.562500
-0.020559999999999967,0.0236,0.055600000000000004,456774636701154.562500
-0.020549999999999957,0.0236,0.058,456774636701154.562500
-0.020539999999999947,0.0228,0.058800000000000005,456774636701154.562500
-0.020529999999999937,0.0236,0.056400000000000006,456774636701154.562500
-0.020519999999999983,0.0236,0.0548,456774636701154.562500
-0.020509999999999973,0.0196,0.054,456774636701154.562500
-0.020499999999999963,0.0228,0.055600000000000004,456774636701154.562500
-0.020489999999999953,0.0196,0.055600000000000004,456774636701154.562500
-0.020479999999999943,0.0204,0.055600000000000004,456774636701154.562500
-0.020469999999999988,0.0212,0.058800000000000005,456774636701154.562500
-0.020459999999999978,0.0172,0.056400000000000006,456774636701154.562500
-0.020449999999999968,0.0172,0.0548,456774636701154.562500
-0.020439999999999958,0.018000000000000002,0.0572,456774636701154.562500
-0.020429999999999948,0.0236,0.058,456774636701154.562500
-0.020419999999999938,0.0212,0.056400000000000006,456774636701154.562500
-0.020409999999999984,0.022000000000000002,0.0572,456774636701154.562500
-0.020399999999999974,0.0204,0.056400000000000006,456774636701154.562500
-0.020389999999999964,0.0212,0.0548,456774636701154.562500
-0.020379999999999954,0.022000000000000002,0.0548,456774636701154.562500
-0.020369999999999944,0.0228,0.0548,456774636701154.562500
-0.020359999999999934,0.0244,0.054,456774636701154.562500
-0.02034999999999998,0.0236,0.054,456774636701154.562500
-0.02033999999999997,0.0228,0.056400000000000006,456774636701154.562500
-0.02032999999999996,0.0244,0.0444,456774636701154.562500
-0.02031999999999995,0.022000000000000002,0.056400000000000006,456774636701154.562500
-0.02030999999999994,0.0252,0.056400000000000006,456774636701154.562500
-0.020299999999999985,0.0204,0.0572,456774636701154.562500
-0.020289999999999975,0.0252,0.0548,456774636701154.562500
-0.020279999999999965,0.022000000000000002,0.058,456774636701154.562500
-0.020269999999999955,0.0244,0.058800000000000005,456774636701154.562500
-0.020259999999999945,0.0252,0.0572,456774636701154.562500
-0.020249999999999935,0.0244,0.055600000000000004,456774636701154.562500
-0.02023999999999998,0.022000000000000002,0.054,456774636701154.562500
-0.02022999999999997,0.0244,0.056400000000000006,456774636701154.562500
-0.02021999999999996,0.0212,0.055600000000000004,456774636701154.562500
-0.02020999999999995,0.0236,0.054,456774636701154.562500
-0.02019999999999994,0.0228,0.050800000000000005,456774636701154.562500
-0.020189999999999986,0.0236,0.0548,456774636701154.562500
-0.020179999999999976,0.0228,0.056400000000000006,456774636701154.562500
-0.020169999999999966,0.0244,0.055600000000000004,456774636701154.562500
-0.020159999999999956,0.0228,0.0572,456774636701154.562500
-0.020149999999999946,0.0212,0.0548,456774636701154.562500
-0.020139999999999936,0.0228,0.0572,456774636701154.562500
-0.02012999999999998,0.0172,0.055600000000000004,456774636701154.562500
-0.02011999999999997,0.0212,0.056400000000000006,456774636701154.562500
-0.02010999999999996,0.0204,0.0572,456774636701154.562500
-0.02009999999999995,0.0212,0.0572,456774636701154.562500
-0.02008999999999994,0.0228,0.054,456774636701154.562500
-0.020079999999999987,0.0244,0.055600000000000004,456774636701154.562500
-0.020069999999999977,0.0236,0.0516,456774636701154.562500
-0.020059999999999967,0.0212,0.055600000000000004,456774636701154.562500
-0.020049999999999957,0.022000000000000002,0.056400000000000006,456774636701154.562500
-0.020039999999999947,0.0196,0.055600000000000004,456774636701154.562500
-0.020029999999999937,0.0236,0.0548,456774636701154.562500
-0.020019999999999982,0.0212,0.058800000000000005,456774636701154.562500
-0.020009999999999972,0.022000000000000002,0.058,456774636701154.562500
-0.019999999999999962,0.0228,0.053200000000000004,456774636701154.562500
-0.019989999999999952,0.0228,0.0572,456774636701154.562500
-0.019979999999999942,0.0244,0.055600000000000004,456774636701154.562500
-0.019969999999999988,0.0236,0.0572,456774636701154.562500
-0.019959999999999978,0.0228,0.056400000000000006,456774636701154.562500
-0.019949999999999968,0.0244,0.056400000000000006,456774636701154.562500
-0.019939999999999958,0.022000000000000002,0.056400000000000006,456774636701154.562500
-0.019929999999999948,0.0212,0.0572,456774636701154.562500
-0.019919999999999938,0.0244,0.0548,456774636701154.562500
-0.019909999999999983,0.022000000000000002,0.056400000000000006,456774636701154.562500
-0.019899999999999973,0.022000000000000002,0.0572,456774636701154.562500
-0.019889999999999963,0.0236,0.056400000000000006,456774636701154.562500
-0.019879999999999953,0.0228,0.0492,456774636701154.562500
-0.019869999999999943,0.0204,0.054,456774636701154.562500
-0.019859999999999933,0.0236,0.0492,456774636701154.562500
-0.01984999999999998,0.022000000000000002,0.056400000000000006,456774636701154.562500
-0.01983999999999997,0.0228,0.055600000000000004,456774636701154.562500
-0.01982999999999996,0.022000000000000002,0.0572,456774636701154.562500
-0.01981999999999995,0.0228,0.054,456774636701154.562500
-0.01980999999999994,0.0228,0.058800000000000005,456774636701154.562500
-0.019799999999999984,0.0212,0.0516,456774636701154.562500
-0.019789999999999974,0.0212,0.0572,456774636701154.562500
-0.019779999999999964,0.0228,0.0572,456774636701154.562500
-0.019769999999999954,0.0236,0.054,456774636701154.562500
-0.019759999999999944,0.0236,0.055600000000000004,456774636701154.562500
-0.019749999999999934,0.0236,0.054,456774636701154.562500
-0.01973999999999998,0.0212,0.0548,456774636701154.562500
-0.01972999999999997,0.0228,0.0572,456774636701154.562500
-0.01971999999999996,0.022000000000000002,0.0548,456774636701154.562500
-0.01970999999999995,0.022000000000000002,0.056400000000000006,456774636701154.562500
-0.01969999999999994,0.0244,0.053200000000000004,456774636701154.562500
-0.019689999999999985,0.0244,0.055600000000000004,456774636701154.562500
-0.019679999999999975,0.0236,0.0572,456774636701154.562500
-0.019669999999999965,0.0244,0.054,456774636701154.562500
-0.019659999999999955,0.0252,0.058800000000000005,456774636701154.562500
-0.019649999999999945,0.0212,0.0572,456774636701154.562500
-0.019639999999999935,0.0212,0.056400000000000006,456774636701154.562500
-0.01962999999999998,0.0236,0.0572,456774636701154.562500
-0.01961999999999997,0.0228,0.055600000000000004,456774636701154.562500
-0.01960999999999996,0.0236,0.0548,456774636701154.562500
-0.01959999999999995,0.0212,0.0548,456774636701154.562500
-0.01958999999999994,0.0236,0.050800000000000005,456774636701154.562500
-0.019579999999999986,0.0228,0.0524,456774636701154.562500
-0.019569999999999976,0.0236,0.0548,456774636701154.562500
-0.019559999999999966,0.0244,0.056400000000000006,456774636701154.562500
-0.019549999999999956,0.0228,0.0572,456774636701154.562500
-0.019539999999999946,0.0204,0.050800000000000005,456774636701154.562500
-0.019529999999999936,0.0228,0.0572,456774636701154.562500
-0.019519999999999982,0.022000000000000002,0.055600000000000004,456774636701154.562500
-0.019509999999999972,0.022000000000000002,0.0572,456774636701154.562500
-0.019499999999999962,0.022000000000000002,0.056400000000000006,456774636701154.562500
-0.019489999999999952,0.022000000000000002,0.054,456774636701154.562500
-0.019479999999999942,0.0228,0.054,456774636701154.562500
-0.019469999999999987,0.0204,0.058,456774636701154.562500
-0.019459999999999977,0.0212,0.0572,456774636701154.562500
-0.019449999999999967,0.022000000000000002,0.0572,456774636701154.562500
-0.019439999999999957,0.022000000000000002,0.0572,456774636701154.562500
-0.019429999999999947,0.0204,0.056400000000000006,456774636701154.562500
-0.019419999999999937,0.0212,0.058,456774636701154.562500
-0.019409999999999983,0.0236,0.0572,456774636701154.562500
-0.019399999999999973,0.0236,0.058800000000000005,456774636701154.562500
-0.019389999999999963,0.026000000000000002,0.0572,456774636701154.562500
-0.019379999999999953,0.0244,0.058,456774636701154.562500
-0.019369999999999943,0.0236,0.058,456774636701154.562500
-0.01935999999999999,0.026000000000000002,0.056400000000000006,456774636701154.562500
-0.01934999999999998,0.0244,0.0572,456774636701154.562500
-0.01933999999999997,0.0244,0.055600000000000004,456774636701154.562500
-0.01932999999999996,0.0244,0.054,456774636701154.562500
-0.01931999999999995,0.0228,0.055600000000000004,456774636701154.562500
-0.01930999999999994,0.0228,0.055600000000000004,456774636701154.562500
-0.019299999999999984,0.0236,0.056400000000000006,456774636701154.562500
-0.019289999999999974,0.0236,0.0516,456774636701154.562500
-0.019279999999999964,0.0236,0.055600000000000004,456774636701154.562500
-0.019269999999999954,0.0212,0.048400000000000006,456774636701154.562500
-0.019259999999999944,0.0228,0.055600000000000004,456774636701154.562500
-0.019249999999999934,0.0236,0.056400000000000006,456774636701154.562500
-0.01923999999999998,0.022000000000000002,0.056400000000000006,456774636701154.562500
-0.01922999999999997,0.022000000000000002,0.054,456774636701154.562500
-0.01921999999999996,0.022000000000000002,0.0572,456774636701154.562500
-0.01920999999999995,0.0236,0.0548,456774636701154.562500
-0.01919999999999994,0.0228,0.056400000000000006,456774636701154.562500
-0.019189999999999985,0.022000000000000002,0.056400000000000006,456774636701154.562500
-0.019179999999999975,0.022000000000000002,0.058,456774636701154.562500
-0.019169999999999965,0.0228,0.055600000000000004,456774636701154.562500
-0.019159999999999955,0.0188,0.055600000000000004,456774636701154.562500
-0.019149999999999945,0.0172,0.056400000000000006,456774636701154.562500
-0.019139999999999935,0.022000000000000002,0.056400000000000006,456774636701154.562500
-0.01912999999999998,0.0228,0.055600000000000004,456774636701154.562500
-0.01911999999999997,0.0228,0.054,456774636701154.562500
-0.01910999999999996,0.0228,0.0572,456774636701154.562500
-0.01909999999999995,0.0244,0.055600000000000004,456774636701154.562500
-0.01908999999999994,0.0228,0.0572,456774636701154.562500
-0.019079999999999986,0.0252,0.055600000000000004,456774636701154.562500
-0.019069999999999976,0.0236,0.055600000000000004,456774636701154.562500
-0.019059999999999966,0.018000000000000002,0.0572,456774636701154.562500
-0.019049999999999956,0.0228,0.056400000000000006,456774636701154.562500
-0.019039999999999946,0.0252,0.0492,456774636701154.562500
-0.019029999999999936,0.022000000000000002,0.045200000000000004,456774636701154.562500
-0.01901999999999998,0.022000000000000002,0.050800000000000005,456774636701154.562500
-0.01900999999999997,0.0244,0.0572,456774636701154.562500
-0.01899999999999996,0.0236,0.056400000000000006,456774636701154.562500
-0.01898999999999995,0.0204,0.058,456774636701154.562500
-0.01897999999999994,0.0228,0.056400000000000006,456774636701154.562500
-0.018969999999999987,0.0228,0.055600000000000004,456774636701154.562500
-0.018959999999999977,0.022000000000000002,0.053200000000000004,456774636701154.562500
-0.018949999999999967,0.0228,0.0572,456774636701154.562500
-0.018939999999999957,0.0196,0.055600000000000004,456774636701154.562500
-0.018929999999999947,0.0228,0.0548,456774636701154.562500
-0.018919999999999937,0.0196,0.0572,456774636701154.562500
-0.018909999999999982,0.022000000000000002,0.056400000000000006,456774636701154.562500
-0.018899999999999972,0.0204,0.0524,456774636701154.562500
-0.018889999999999962,0.0228,0.053200000000000004,456774636701154.562500
-0.018879999999999952,0.0196,0.0572,456774636701154.562500
-0.018869999999999942,0.022000000000000002,0.058,456774636701154.562500
-0.018859999999999988,0.0212,0.056400000000000006,456774636701154.562500
-0.018849999999999978,0.022000000000000002,0.0572,456774636701154.562500
-0.018839999999999968,0.022000000000000002,0.0572,456774636701154.562500
-0.018829999999999958,0.018000000000000002,0.056400000000000006,456774636701154.562500
-0.018819999999999948,0.0236,0.056400000000000006,456774636701154.562500
-0.018809999999999938,0.0196,0.056400000000000006,456774636701154.562500
-0.018799999999999983,0.022000000000000002,0.055600000000000004,456774636701154.562500
-0.018789999999999973,0.022000000000000002,0.0572,456774636701154.562500
-0.018779999999999963,0.0228,0.058,456774636701154.562500
-0.018769999999999953,0.0244,0.055600000000000004,456774636701154.562500
-0.018759999999999943,0.0252,0.055600000000000004,456774636701154.562500
-0.018749999999999933,0.0244,0.055600000000000004,456774636701154.562500
-0.01873999999999998,0.0244,0.056400000000000006,456774636701154.562500
-0.01872999999999997,0.0244,0.0572,456774636701154.562500
-0.01871999999999996,0.0244,0.053200000000000004,456774636701154.562500
-0.01870999999999995,0.0236,0.0572,456774636701154.562500
-0.01869999999999994,0.0236,0.0548,456774636701154.562500
-0.018689999999999984,0.022000000000000002,0.0572,456774636701154.562500
-0.018679999999999974,0.022000000000000002,0.055600000000000004,456774636701154.562500
-0.018669999999999964,0.0212,0.056400000000000006,456774636701154.562500
-0.018659999999999954,0.0212,0.055600000000000004,456774636701154.562500
-0.018649999999999944,0.0212,0.0468,456774636701154.562500
-0.018639999999999934,0.0212,0.058800000000000005,456774636701154.562500
-0.01862999999999998,0.022000000000000002,0.055600000000000004,456774636701154.562500
-0.01861999999999997,0.0228,0.058,456774636701154.562500
-0.01860999999999996,0.0212,0.053200000000000004,456774636701154.562500
-0.01859999999999995,0.0196,0.0548,456774636701154.562500
-0.01858999999999994,0.022000000000000002,0.055600000000000004,456774636701154.562500
-0.018579999999999985,0.022000000000000002,0.0492,456774636701154.562500
-0.018569999999999975,0.0204,0.058,456774636701154.562500
-0.018559999999999965,0.0236,0.055600000000000004,456774636701154.562500
-0.018549999999999955,0.0212,0.055600000000000004,456774636701154.562500
-0.018539999999999945,0.0236,0.0548,456774636701154.562500
-0.018529999999999935,0.0236,0.0572,456774636701154.562500
-0.01851999999999998,0.0228,0.0572,456774636701154.562500
-0.01850999999999997,0.022000000000000002,0.0572,456774636701154.562500
-0.01849999999999996,0.0236,0.054,456774636701154.562500
-0.01848999999999995,0.0212,0.056400000000000006,456774636701154.562500
-0.01847999999999994,0.0236,0.0516,456774636701154.562500
-0.018469999999999986,0.0236,0.058800000000000005,456774636701154.562500
-0.018459999999999976,0.0236,0.054,456774636701154.562500
-0.018449999999999966,0.026000000000000002,0.0572,456774636701154.562500
-0.018439999999999956,0.0252,0.0548,456774636701154.562500
-0.018429999999999946,0.0228,0.0572,456774636701154.562500
-0.018419999999999936,0.0236,0.056400000000000006,456774636701154.562500
-0.018409999999999982,0.0236,0.0572,456774636701154.562500
-0.018399999999999972,0.0228,0.056400000000000006,456774636701154.562500
-0.018389999999999962,0.0252,0.056400000000000006,456774636701154.562500
-0.018379999999999952,0.0236,0.055600000000000004,456774636701154.562500
-0.018369999999999942,0.0228,0.0524,456774636701154.562500
-0.018359999999999987,0.0236,0.056400000000000006,456774636701154.562500
-0.018349999999999977,0.0228,0.055600000000000004,456774636701154.562500
-0.018339999999999967,0.022000000000000002,0.0572,456774636701154.562500
-0.018329999999999957,0.0196,0.0516,456774636701154.562500
-0.018319999999999947,0.0196,0.058,456774636701154.562500
-0.018309999999999937,0.0236,0.050800000000000005,456774636701154.562500
-0.018299999999999983,0.0204,0.0524,456774636701154.562500
-0.018289999999999973,0.0228,0.0492,456774636701154.562500
-0.018279999999999963,0.0212,0.0548,456774636701154.562500
-0.018269999999999953,0.022000000000000002,0.0572,456774636701154.562500
-0.018259999999999943,0.0212,0.056400000000000006,456774636701154.562500
-0.018249999999999933,0.0236,0.0572,456774636701154.562500
-0.01823999999999998,0.022000000000000002,0.054,456774636701154.562500
-0.01822999999999997,0.0228,0.058,456774636701154.562500
-0.01821999999999996,0.0204,0.0524,456774636701154.562500
-0.01820999999999995,0.0212,0.0572,456774636701154.562500
-0.01819999999999994,0.0236,0.0516,456774636701154.562500
-0.018189999999999984,0.0244,0.058,456774636701154.562500
-0.018179999999999974,0.0236,0.0524,456774636701154.562500
-0.018169999999999964,0.0244,0.055600000000000004,456774636701154.562500
-0.018159999999999954,0.0252,0.0572,456774636701154.562500
-0.018149999999999944,0.0252,0.056400000000000006,456774636701154.562500
-0.018139999999999934,0.0236,0.0572,456774636701154.562500
-0.01812999999999998,0.0228,0.056400000000000006,456774636701154.562500
-0.01811999999999997,0.0228,0.053200000000000004,456774636701154.562500
-0.01810999999999996,0.0252,0.0572,456774636701154.562500
-0.01809999999999995,0.0244,0.056400000000000006,456774636701154.562500
-0.01808999999999994,0.0236,0.058800000000000005,456774636701154.562500
-0.018079999999999985,0.022000000000000002,0.055600000000000004,456774636701154.562500
-0.018069999999999975,0.0228,0.058,456774636701154.562500
-0.018059999999999965,0.0188,0.055600000000000004,456774636701154.562500
-0.018049999999999955,0.022000000000000002,0.054,456774636701154.562500
-0.018039999999999945,0.0244,0.0572,456774636701154.562500
-0.018029999999999935,0.0228,0.056400000000000006,456774636701154.562500
-0.01801999999999998,0.0212,0.058,456774636701154.562500
-0.01800999999999997,0.022000000000000002,0.0492,456774636701154.562500
-0.01799999999999996,0.0204,0.056400000000000006,456774636701154.562500
-0.01798999999999995,0.022000000000000002,0.058,456774636701154.562500
-0.01797999999999994,0.0212,0.056400000000000006,456774636701154.562500
-0.017969999999999986,0.0212,0.058,456774636701154.562500
-0.017959999999999976,0.0212,0.054,456774636701154.562500
-0.017949999999999966,0.0188,0.0548,456774636701154.562500
-0.017939999999999956,0.0212,0.056400000000000006,456774636701154.562500
-0.017929999999999946,0.022000000000000002,0.054,456774636701154.562500
-0.017919999999999936,0.022000000000000002,0.056400000000000006,456774636701154.562500
-0.01790999999999998,0.0228,0.053200000000000004,456774636701154.562500
-0.01789999999999997,0.0228,0.054,456774636701154.562500
-0.01788999999999996,0.0244,0.056400000000000006,456774636701154.562500
-0.01787999999999995,0.0244,0.0548,456774636701154.562500
-0.01786999999999994,0.0244,0.056400000000000006,456774636701154.562500
-0.017859999999999987,0.0252,0.056400000000000006,456774636701154.562500
-0.017849999999999977,0.0244,0.056400000000000006,456774636701154.562500
-0.017839999999999967,0.0244,0.0572,456774636701154.562500
-0.017829999999999957,0.0252,0.0572,456774636701154.562500
-0.017819999999999947,0.0252,0.053200000000000004,456774636701154.562500
-0.017809999999999937,0.0244,0.0572,456774636701154.562500
-0.017799999999999983,0.0196,0.056400000000000006,456774636701154.562500
-0.017789999999999973,0.026000000000000002,0.056400000000000006,456774636701154.562500
-0.017779999999999963,0.022000000000000002,0.053200000000000004,456774636701154.562500
-0.017769999999999953,0.0244,0.0572,456774636701154.562500
-0.017759999999999942,0.022000000000000002,0.058,456774636701154.562500
-0.017749999999999988,0.0212,0.055600000000000004,456774636701154.562500
-0.017739999999999978,0.0228,0.056400000000000006,456774636701154.562500
-0.017729999999999968,0.0228,0.055600000000000004,456774636701154.562500
-0.017719999999999958,0.0212,0.056400000000000006,456774636701154.562500
-0.017709999999999948,0.0236,0.0572,456774636701154.562500
-0.017699999999999938,0.0228,0.056400000000000006,456774636701154.562500
-0.017689999999999984,0.022000000000000002,0.055600000000000004,456774636701154.562500
-0.017679999999999974,0.0236,0.0548,456774636701154.562500
-0.017669999999999964,0.022000000000000002,0.050800000000000005,456774636701154.562500
-0.017659999999999954,0.0204,0.0572,456774636701154.562500
-0.017649999999999944,0.0236,0.0468,456774636701154.562500
-0.017639999999999934,0.022000000000000002,0.0548,456774636701154.562500
-0.01762999999999998,0.022000000000000002,0.056400000000000006,456774636701154.562500
-0.01761999999999997,0.0228,0.056400000000000006,456774636701154.562500
-0.01760999999999996,0.022000000000000002,0.055600000000000004,456774636701154.562500
-0.01759999999999995,0.0244,0.054,456774636701154.562500
-0.01758999999999994,0.0228,0.058,456774636701154.562500
-0.017579999999999985,0.0236,0.053200000000000004,456774636701154.562500
-0.017569999999999975,0.0228,0.0572,456774636701154.562500
-0.017559999999999965,0.0236,0.056400000000000006,456774636701154.562500
-0.017549999999999955,0.0236,0.0524,456774636701154.562500
-0.017539999999999945,0.0228,0.055600000000000004,456774636701154.562500
-0.017529999999999935,0.0244,0.056400000000000006,456774636701154.562500
-0.01751999999999998,0.0252,0.056400000000000006,456774636701154.562500
-0.01750999999999997,0.0212,0.056400000000000006,456774636701154.562500
-0.01749999999999996,0.0252,0.055600000000000004,456774636701154.562500
-0.01748999999999995,0.0228,0.056400000000000006,456774636701154.562500
-0.01747999999999994,0.0228,0.0572,456774636701154.562500
-0.017469999999999986,0.022000000000000002,0.055600000000000004,456774636701154.562500
-0.017459999999999976,0.0204,0.058,456774636701154.562500
-0.017449999999999966,0.0236,0.055600000000000004,456774636701154.562500
-0.017439999999999956,0.022000000000000002,0.056400000000000006,456774636701154.562500
-0.017429999999999946,0.0228,0.0572,456774636701154.562500
-0.017419999999999936,0.022000000000000002,0.054,456774636701154.562500
-0.01740999999999998,0.0196,0.056400000000000006,456774636701154.562500
-0.01739999999999997,0.0228,0.056400000000000006,456774636701154.562500
-0.01738999999999996,0.022000000000000002,0.058,456774636701154.562500
-0.01737999999999995,0.0228,0.058800000000000005,456774636701154.562500
-0.01736999999999994,0.0228,0.055600000000000004,456774636701154.562500
-0.017359999999999987,0.0204,0.0572,456774636701154.562500
-0.017349999999999977,0.0196,0.056400000000000006,456774636701154.562500
-0.017339999999999967,0.022000000000000002,0.056400000000000006,456774636701154.562500
-0.017329999999999957,0.0228,0.058,456774636701154.562500
-0.017319999999999947,0.0228,0.05,456774636701154.562500
-0.017309999999999937,0.0228,0.055600000000000004,456774636701154.562500
-0.017299999999999982,0.0228,0.0516,456774636701154.562500
-0.017289999999999972,0.022000000000000002,0.055600000000000004,456774636701154.562500
-0.017279999999999962,0.0236,0.054,456774636701154.562500
-0.017269999999999952,0.0244,0.0572,456774636701154.562500
-0.017259999999999942,0.0228,0.056400000000000006,456774636701154.562500
-0.017249999999999988,0.0244,0.053200000000000004,456774636701154.562500
-0.017239999999999978,0.0252,0.054,456774636701154.562500
-0.017229999999999968,0.0252,0.050800000000000005,456774636701154.562500
-0.017219999999999958,0.0252,0.0572,456774636701154.562500
-0.017209999999999948,0.026000000000000002,0.0572,456774636701154.562500
-0.017199999999999938,0.0244,0.055600000000000004,456774636701154.562500
-0.017189999999999983,0.0228,0.0572,456774636701154.562500
-0.017179999999999973,0.0236,0.055600000000000004,456774636701154.562500
-0.017169999999999963,0.0188,0.0572,456774636701154.562500
-0.017159999999999953,0.0236,0.0516,456774636701154.562500
-0.017149999999999943,0.0228,0.0524,456774636701154.562500
-0.017139999999999933,0.022000000000000002,0.0548,456774636701154.562500
-0.01712999999999998,0.0236,0.0548,456774636701154.562500
-0.01711999999999997,0.0244,0.055600000000000004,456774636701154.562500
-0.01710999999999996,0.0228,0.056400000000000006,456774636701154.562500
-0.01709999999999995,0.022000000000000002,0.055600000000000004,456774636701154.562500
-0.01708999999999994,0.0212,0.056400000000000006,456774636701154.562500
-0.017079999999999984,0.022000000000000002,0.058,456774636701154.562500
-0.017069999999999974,0.0204,0.056400000000000006,456774636701154.562500
-0.017059999999999964,0.0236,0.0572,456774636701154.562500
-0.017049999999999954,0.022000000000000002,0.055600000000000004,456774636701154.562500
-0.017039999999999944,0.0196,0.056400000000000006,456774636701154.562500
-0.017029999999999934,0.0212,0.0524,456774636701154.562500
-0.01701999999999998,0.018000000000000002,0.0572,456774636701154.562500
-0.01700999999999997,0.018000000000000002,0.0548,456774636701154.562500
-0.01699999999999996,0.018000000000000002,0.054,456774636701154.562500
-0.01698999999999995,0.0204,0.0572,456774636701154.562500
-0.01697999999999994,0.0212,0.055600000000000004,456774636701154.562500
-0.016969999999999985,0.0236,0.054,456774636701154.562500
-0.016959999999999975,0.022000000000000002,0.0572,456774636701154.562500
-0.016949999999999965,0.0244,0.0572,456774636701154.562500
-0.016939999999999955,0.0244,0.058,456774636701154.562500
-0.016929999999999945,0.022000000000000002,0.056400000000000006,456774636701154.562500
-0.016919999999999935,0.0244,0.056400000000000006,456774636701154.562500
-0.01690999999999998,0.0228,0.056400000000000006,456774636701154.562500
-0.01689999999999997,0.0212,0.058,456774636701154.562500
-0.01688999999999996,0.0244,0.058,456774636701154.562500
-0.01687999999999995,0.026000000000000002,0.058,456774636701154.562500
-0.01686999999999994,0.0236,0.055600000000000004,456774636701154.562500
-0.016859999999999986,0.0204,0.058,456774636701154.562500
-0.016849999999999976,0.022000000000000002,0.058,456774636701154.562500
-0.016839999999999966,0.0236,0.056400000000000006,456774636701154.562500
-0.016829999999999956,0.022000000000000002,0.056400000000000006,456774636701154.562500
-0.016819999999999946,0.022000000000000002,0.0548,456774636701154.562500
-0.016809999999999936,0.0228,0.0572,456774636701154.562500
-0.01679999999999998,0.0228,0.0548,456774636701154.562500
-0.01678999999999997,0.0204,0.054,456774636701154.562500
-0.01677999999999996,0.0228,0.0524,456774636701154.562500
-0.01676999999999995,0.022000000000000002,0.058,456774636701154.562500
-0.01675999999999994,0.0228,0.0572,456774636701154.562500
-0.016749999999999987,0.0212,0.0548,456774636701154.562500
-0.016739999999999977,0.0236,0.056400000000000006,456774636701154.562500
-0.016729999999999967,0.0196,0.054,456774636701154.562500
-0.016719999999999957,0.0188,0.056400000000000006,456774636701154.562500
-0.016709999999999947,0.0212,0.056400000000000006,456774636701154.562500
-0.016699999999999937,0.0228,0.054,456774636701154.562500
-0.016689999999999983,0.0236,0.0572,456774636701154.562500
-0.016679999999999973,0.0236,0.056400000000000006,456774636701154.562500
-0.016669999999999963,0.022000000000000002,0.056400000000000006,456774636701154.562500
-0.016659999999999953,0.0236,0.055600000000000004,456774636701154.562500
-0.016649999999999943,0.0228,0.056400000000000006,456774636701154.562500
-0.016639999999999988,0.0236,0.056400000000000006,456774636701154.562500
-0.016629999999999978,0.0236,0.055600000000000004,456774636701154.562500
-0.016619999999999968,0.0228,0.056400000000000006,456774636701154.562500
-0.016609999999999958,0.0228,0.0572,456774636701154.562500
-0.016599999999999948,0.0236,0.055600000000000004,456774636701154.562500
-0.016589999999999938,0.0236,0.0572,456774636701154.562500
-0.016579999999999984,0.0244,0.0572,456774636701154.562500
-0.016569999999999974,0.0228,0.056400000000000006,456774636701154.562500
-0.016559999999999964,0.0204,0.0572,456774636701154.562500
-0.016549999999999954,0.0228,0.058800000000000005,456774636701154.562500
-0.016539999999999944,0.0236,0.056400000000000006,456774636701154.562500
-0.016529999999999934,0.022000000000000002,0.058,456774636701154.562500
-0.01651999999999998,0.022000000000000002,0.058,456774636701154.562500
-0.01650999999999997,0.0196,0.050800000000000005,456774636701154.562500
-0.01649999999999996,0.0212,0.058,456774636701154.562500
-0.01648999999999995,0.022000000000000002,0.055600000000000004,456774636701154.562500
-0.01647999999999994,0.0228,0.0548,456774636701154.562500
-0.016469999999999985,0.0228,0.054,456774636701154.562500
-0.016459999999999975,0.0204,0.055600000000000004,456774636701154.562500
-0.016449999999999965,0.0204,0.056400000000000006,456774636701154.562500
-0.016439999999999955,0.0204,0.056400000000000006,456774636701154.562500
-0.016429999999999945,0.022000000000000002,0.0596,456774636701154.562500
-0.016419999999999935,0.0204,0.0572,456774636701154.562500
-0.01640999999999998,0.0228,0.0572,456774636701154.562500
-0.01639999999999997,0.022000000000000002,0.0572,456774636701154.562500
-0.01638999999999996,0.0228,0.0572,456774636701154.562500
-0.01637999999999995,0.022000000000000002,0.055600000000000004,456774636701154.562500
-0.01636999999999994,0.0236,0.056400000000000006,456774636701154.562500
-0.016359999999999986,0.0236,0.048400000000000006,456774636701154.562500
-0.016349999999999976,0.0244,0.056400000000000006,456774636701154.562500
-0.016339999999999966,0.022000000000000002,0.055600000000000004,456774636701154.562500
-0.016329999999999956,0.0244,0.0572,456774636701154.562500
-0.016319999999999946,0.0252,0.054,456774636701154.562500
-0.016309999999999936,0.0252,0.056400000000000006,456774636701154.562500
-0.01629999999999998,0.0236,0.056400000000000006,456774636701154.562500
-0.01628999999999997,0.022000000000000002,0.056400000000000006,456774636701154.562500
-0.01627999999999996,0.0236,0.0548,456774636701154.562500
-0.01626999999999995,0.0196,0.0492,456774636701154.562500
-0.01625999999999994,0.0236,0.055600000000000004,456774636701154.562500
-0.016249999999999987,0.0236,0.055600000000000004,456774636701154.562500
-0.016239999999999977,0.0212,0.0516,456774636701154.562500
-0.016229999999999967,0.0228,0.056400000000000006,456774636701154.562500
-0.016219999999999957,0.0228,0.055600000000000004,456774636701154.562500
-0.016209999999999947,0.022000000000000002,0.056400000000000006,456774636701154.562500
-0.016199999999999937,0.0228,0.0548,456774636701154.562500
-0.016189999999999982,0.0228,0.0572,456774636701154.562500
-0.016179999999999972,0.022000000000000002,0.0548,456774636701154.562500
-0.016169999999999962,0.0228,0.056400000000000006,456774636701154.562500
-0.016159999999999952,0.0228,0.056400000000000006,456774636701154.562500
-0.016149999999999942,0.022000000000000002,0.05,456774636701154.562500
-0.016139999999999988,0.022000000000000002,0.054,456774636701154.562500
-0.016129999999999978,0.022000000000000002,0.0548,456774636701154.562500
-0.016119999999999968,0.0212,0.0548,456774636701154.562500
-0.016109999999999958,0.0228,0.0572,456774636701154.562500
-0.016099999999999948,0.0228,0.0548,456774636701154.562500
-0.016089999999999938,0.0228,0.056400000000000006,456774636701154.562500
-0.016079999999999983,0.0228,0.056400000000000006,456774636701154.562500
-0.016069999999999973,0.0212,0.0572,456774636701154.562500
-0.016059999999999963,0.0236,0.055600000000000004,456774636701154.562500
-0.016049999999999953,0.0188,0.055600000000000004,456774636701154.562500
-0.016039999999999943,0.0252,0.055600000000000004,456774636701154.562500
-0.016029999999999933,0.0228,0.053200000000000004,456774636701154.562500
-0.01601999999999998,0.0244,0.056400000000000006,456774636701154.562500
-0.01600999999999997,0.0244,0.0548,456774636701154.562500
-0.01599999999999996,0.0252,0.056400000000000006,456774636701154.562500
-0.01598999999999995,0.0236,0.0572,456774636701154.562500
-0.01597999999999994,0.0244,0.056400000000000006,456774636701154.562500
-0.015969999999999984,0.022000000000000002,0.0548,456774636701154.562500
-0.015959999999999974,0.0228,0.058,456774636701154.562500
-0.015949999999999964,0.0196,0.0492,456774636701154.562500
-0.015939999999999954,0.0236,0.054,456774636701154.562500
-0.015929999999999944,0.022000000000000002,0.053200000000000004,456774636701154.562500
-0.015919999999999934,0.0228,0.054,456774636701154.562500
-0.01590999999999998,0.022000000000000002,0.0572,456774636701154.562500
-0.01589999999999997,0.0212,0.056400000000000006,456774636701154.562500
-0.01588999999999996,0.0204,0.055600000000000004,456774636701154.562500
-0.01587999999999995,0.0212,0.055600000000000004,456774636701154.562500
-0.01586999999999994,0.022000000000000002,0.058,456774636701154.562500
-0.015859999999999985,0.0228,0.0548,456774636701154.562500
-0.015849999999999975,0.022000000000000002,0.055600000000000004,456774636701154.562500
-0.015839999999999965,0.0228,0.050800000000000005,456774636701154.562500
-0.015829999999999955,0.0228,0.056400000000000006,456774636701154.562500
-0.015819999999999945,0.022000000000000002,0.050800000000000005,456774636701154.562500
-0.015809999999999935,0.022000000000000002,0.0572,456774636701154.562500
-0.01579999999999998,0.0228,0.055600000000000004,456774636701154.562500
-0.01578999999999997,0.0228,0.056400000000000006,456774636701154.562500
-0.01577999999999996,0.0204,0.054,456774636701154.562500
-0.01576999999999995,0.0236,0.056400000000000006,456774636701154.562500
-0.01575999999999994,0.022000000000000002,0.055600000000000004,456774636701154.562500
-0.015749999999999986,0.0228,0.054,456774636701154.562500
-0.015739999999999976,0.0228,0.055600000000000004,456774636701154.562500
-0.015729999999999966,0.022000000000000002,0.056400000000000006,456774636701154.562500
-0.015719999999999956,0.0244,0.055600000000000004,456774636701154.562500
-0.015709999999999946,0.0244,0.055600000000000004,456774636701154.562500
-0.015699999999999936,0.022000000000000002,0.054,456774636701154.562500
-0.015689999999999982,0.0252,0.0548,456774636701154.562500
-0.015679999999999972,0.0228,0.0572,456774636701154.562500
-0.015669999999999962,0.0228,0.050800000000000005,456774636701154.562500
-0.015659999999999952,0.0228,0.056400000000000006,456774636701154.562500
-0.015649999999999942,0.0236,0.0548,456774636701154.562500
-0.015639999999999987,0.022000000000000002,0.0548,456774636701154.562500
-0.015629999999999977,0.0212,0.056400000000000006,456774636701154.562500
-0.015619999999999967,0.0228,0.056400000000000006,456774636701154.562500
-0.015609999999999957,0.0236,0.055600000000000004,456774636701154.562500
-0.015599999999999947,0.022000000000000002,0.056400000000000006,456774636701154.562500
-0.015589999999999937,0.0236,0.058,456774636701154.562500
-0.015579999999999983,0.0228,0.056400000000000006,456774636701154.562500
-0.015569999999999973,0.0204,0.0548,456774636701154.562500
-0.015559999999999963,0.0212,0.055600000000000004,456774636701154.562500
-0.015549999999999953,0.022000000000000002,0.056400000000000006,456774636701154.562500
-0.015539999999999943,0.022000000000000002,0.0572,456774636701154.562500
-0.015529999999999933,0.0228,0.056400000000000006,456774636701154.562500
-0.015519999999999978,0.0204,0.056400000000000006,456774636701154.562500
-0.015509999999999968,0.0228,0.0516,456774636701154.562500
-0.015499999999999958,0.0228,0.0572,456774636701154.562500
-0.015489999999999948,0.0236,0.0524,456774636701154.562500
-0.015479999999999938,0.0236,0.045200000000000004,456774636701154.562500
-0.015469999999999984,0.0228,0.0516,456774636701154.562500
-0.015459999999999974,0.0228,0.054,456774636701154.562500
-0.015449999999999964,0.0236,0.058,456774636701154.562500
-0.015439999999999954,0.0252,0.055600000000000004,456774636701154.562500
-0.015429999999999944,0.0252,0.056400000000000006,456774636701154.562500
-0.015419999999999934,0.0236,0.055600000000000004,456774636701154.562500
-0.01540999999999998,0.022000000000000002,0.055600000000000004,456774636701154.562500
-0.01539999999999997,0.022000000000000002,0.0572,456774636701154.562500
-0.01538999999999996,0.0236,0.053200000000000004,456774636701154.562500
-0.01537999999999995,0.0236,0.055600000000000004,456774636701154.562500
-0.01536999999999994,0.022000000000000002,0.053200000000000004,456774636701154.562500
-0.015359999999999985,0.0204,0.055600000000000004,456774636701154.562500
-0.015349999999999975,0.0236,0.055600000000000004,456774636701154.562500
-0.015339999999999965,0.022000000000000002,0.055600000000000004,456774636701154.562500
-0.015329999999999955,0.0228,0.0516,456774636701154.562500
-0.015319999999999945,0.0228,0.054,456774636701154.562500
-0.015309999999999935,0.0236,0.056400000000000006,456774636701154.562500
-0.01529999999999998,0.0228,0.056400000000000006,456774636701154.562500
-0.01528999999999997,0.022000000000000002,0.054,456774636701154.562500
-0.01527999999999996,0.0228,0.056400000000000006,456774636701154.562500
-0.01526999999999995,0.0228,0.0548,456774636701154.562500
-0.01525999999999994,0.0236,0.055600000000000004,456774636701154.562500
-0.015249999999999986,0.0236,0.0492,456774636701154.562500
-0.015239999999999976,0.0212,0.056400000000000006,456774636701154.562500
-0.015229999999999966,0.0196,0.048400000000000006,456774636701154.562500
-0.015219999999999956,0.0236,0.056400000000000006,456774636701154.562500
-0.015209999999999946,0.0204,0.055600000000000004,456774636701154.562500
-0.015199999999999936,0.0212,0.055600000000000004,456774636701154.562500
-0.015189999999999981,0.0196,0.055600000000000004,456774636701154.562500
-0.015179999999999971,0.022000000000000002,0.0572,456774636701154.562500
-0.015169999999999961,0.0236,0.058,456774636701154.562500
-0.015159999999999951,0.0244,0.056400000000000006,456774636701154.562500
-0.015149999999999941,0.0236,0.0572,456774636701154.562500
-0.015139999999999987,0.0244,0.055600000000000004,456774636701154.562500
-0.015129999999999977,0.022000000000000002,0.0548,456774636701154.562500
-0.015119999999999967,0.0252,0.055600000000000004,456774636701154.562500
-0.015109999999999957,0.0244,0.0572,456774636701154.562500
-0.015099999999999947,0.0236,0.055600000000000004,456774636701154.562500
-0.015089999999999937,0.0252,0.056400000000000006,456774636701154.562500
-0.015079999999999982,0.0228,0.0516,456774636701154.562500
-0.015069999999999972,0.0244,0.056400000000000006,456774636701154.562500
-0.015059999999999962,0.0244,0.054,456774636701154.562500
-0.015049999999999952,0.0204,0.0572,456774636701154.562500
-0.015039999999999942,0.026000000000000002,0.0572,456774636701154.562500
-0.015029999999999988,0.0204,0.056400000000000006,456774636701154.562500
-0.015019999999999978,0.0236,0.0548,456774636701154.562500
-0.015009999999999968,0.0196,0.054,456774636701154.562500
-0.014999999999999958,0.0228,0.056400000000000006,456774636701154.562500
-0.014989999999999948,0.0228,0.055600000000000004,456774636701154.562500
-0.014979999999999938,0.0228,0.056400000000000006,456774636701154.562500
-0.014969999999999983,0.0196,0.055600000000000004,456774636701154.562500
-0.014959999999999973,0.0204,0.056400000000000006,456774636701154.562500
-0.014949999999999963,0.022000000000000002,0.056400000000000006,456774636701154.562500
-0.014939999999999953,0.0196,0.053200000000000004,456774636701154.562500
-0.014929999999999943,0.022000000000000002,0.0548,456774636701154.562500
-0.014919999999999933,0.022000000000000002,0.056400000000000006,456774636701154.562500
-0.014909999999999979,0.0212,0.0572,456774636701154.562500
-0.014899999999999969,0.022000000000000002,0.056400000000000006,456774636701154.562500
-0.014889999999999959,0.0212,0.055600000000000004,456774636701154.562500
-0.014879999999999949,0.022000000000000002,0.053200000000000004,456774636701154.562500
-0.014869999999999939,0.0228,0.055600000000000004,456774636701154.562500
-0.014859999999999984,0.0236,0.0524,456774636701154.562500
-0.014849999999999974,0.0236,0.0572,456774636701154.562500
-0.014839999999999964,0.0228,0.050800000000000005,456774636701154.562500
-0.014829999999999954,0.0228,0.056400000000000006,456774636701154.562500
-0.014819999999999944,0.0228,0.053200000000000004,456774636701154.562500
-0.014809999999999934,0.022000000000000002,0.055600000000000004,456774636701154.562500
-0.01479999999999998,0.022000000000000002,0.0572,456774636701154.562500
-0.01478999999999997,0.026000000000000002,0.055600000000000004,456774636701154.562500
-0.01477999999999996,0.0228,0.054,456774636701154.562500
-0.01476999999999995,0.022000000000000002,0.0548,456774636701154.562500
-0.01475999999999994,0.0252,0.055600000000000004,456774636701154.562500
-0.014749999999999985,0.0236,0.0548,456774636701154.562500
-0.014739999999999975,0.022000000000000002,0.055600000000000004,456774636701154.562500
-0.014729999999999965,0.0236,0.0524,456774636701154.562500
-0.014719999999999955,0.022000000000000002,0.053200000000000004,456774636701154.562500
-0.014709999999999945,0.022000000000000002,0.054,456774636701154.562500
-0.014699999999999935,0.0228,0.054,456774636701154.562500
-0.01468999999999998,0.022000000000000002,0.056400000000000006,456774636701154.562500
-0.01467999999999997,0.0228,0.055600000000000004,456774636701154.562500
-0.01466999999999996,0.022000000000000002,0.0572,456774636701154.562500
-0.01465999999999995,0.0204,0.0516,456774636701154.562500
-0.01464999999999994,0.022000000000000002,0.0572,456774636701154.562500
-0.014639999999999986,0.0244,0.056400000000000006,456774636701154.562500
-0.014629999999999976,0.0196,0.055600000000000004,456774636701154.562500
-0.014619999999999966,0.0212,0.0476,456774636701154.562500
-0.014609999999999956,0.0196,0.0548,456774636701154.562500
-0.014599999999999946,0.0212,0.05,456774636701154.562500
-0.014589999999999936,0.022000000000000002,0.055600000000000004,456774636701154.562500
-0.014579999999999982,0.022000000000000002,0.058,456774636701154.562500
-0.014569999999999972,0.0236,0.055600000000000004,456774636701154.562500
-0.014559999999999962,0.0236,0.0572,456774636701154.562500
-0.014549999999999952,0.0236,0.054,456774636701154.562500
-0.014539999999999942,0.0228,0.056400000000000006,456774636701154.562500
-0.014529999999999987,0.0228,0.058,456774636701154.562500
-0.014519999999999977,0.0228,0.056400000000000006,456774636701154.562500
-0.014509999999999967,0.0236,0.0524,456774636701154.562500
-0.014499999999999957,0.0244,0.0548,456774636701154.562500
-0.014489999999999947,0.0228,0.054,456774636701154.562500
-0.014479999999999937,0.0244,0.055600000000000004,456774636701154.562500
-0.014469999999999983,0.0228,0.058,456774636701154.562500
-0.014459999999999973,0.022000000000000002,0.054,456774636701154.562500
-0.014449999999999963,0.0188,0.058800000000000005,456774636701154.562500
-0.014439999999999953,0.018000000000000002,0.056400000000000006,456774636701154.562500
-0.014429999999999943,0.0236,0.055600000000000004,456774636701154.562500
-0.014419999999999933,0.0228,0.058,456774636701154.562500
-0.014409999999999978,0.0236,0.056400000000000006,456774636701154.562500
-0.014399999999999968,0.0228,0.056400000000000006,456774636701154.562500
-0.014389999999999958,0.0228,0.053200000000000004,456774636701154.562500
-0.014379999999999948,0.022000000000000002,0.058,456774636701154.562500
-0.014369999999999938,0.0212,0.055600000000000004,456774636701154.562500
-0.014359999999999984,0.0228,0.055600000000000004,456774636701154.562500
-0.014349999999999974,0.022000000000000002,0.0516,456774636701154.562500
-0.014339999999999964,0.0204,0.0524,456774636701154.562500
-0.014329999999999954,0.022000000000000002,0.0572,456774636701154.562500
-0.014319999999999944,0.022000000000000002,0.054,456774636701154.562500
-0.014309999999999934,0.0228,0.0572,456774636701154.562500
-0.01429999999999998,0.022000000000000002,0.0492,456774636701154.562500
-0.01428999999999997,0.0236,0.042800000000000005,456774636701154.562500
-0.01427999999999996,0.0244,0.048400000000000006,456774636701154.562500
-0.01426999999999995,0.022000000000000002,0.056400000000000006,456774636701154.562500
-0.01425999999999994,0.0228,0.054,456774636701154.562500
-0.014249999999999985,0.0228,0.056400000000000006,456774636701154.562500
-0.014239999999999975,0.0236,0.0572,456774636701154.562500
-0.014229999999999965,0.0236,0.058,456774636701154.562500
-0.014219999999999955,0.0236,0.056400000000000006,456774636701154.562500
-0.014209999999999945,0.022000000000000002,0.0572,456774636701154.562500
-0.014199999999999935,0.0244,0.0572,456774636701154.562500
-0.01418999999999998,0.0252,0.0572,456774636701154.562500
-0.01417999999999997,0.0236,0.056400000000000006,456774636701154.562500
-0.01416999999999996,0.026000000000000002,0.055600000000000004,456774636701154.562500
-0.01415999999999995,0.0204,0.0572,456774636701154.562500
-0.01414999999999994,0.0228,0.056400000000000006,456774636701154.562500
-0.014139999999999986,0.0212,0.056400000000000006,456774636701154.562500
-0.014129999999999976,0.0196,0.055600000000000004,456774636701154.562500
-0.014119999999999966,0.0228,0.055600000000000004,456774636701154.562500
-0.014109999999999956,0.0196,0.055600000000000004,456774636701154.562500
-0.014099999999999946,0.0212,0.0572,456774636701154.562500
-0.014089999999999936,0.0244,0.055600000000000004,456774636701154.562500
-0.014079999999999981,0.0228,0.0572,456774636701154.562500
-0.014069999999999971,0.0236,0.0524,456774636701154.562500
-0.014059999999999961,0.0228,0.0516,456774636701154.562500
-0.014049999999999951,0.022000000000000002,0.056400000000000006,456774636701154.562500
-0.014039999999999941,0.022000000000000002,0.0524,456774636701154.562500
-0.014029999999999987,0.0228,0.053200000000000004,456774636701154.562500
-0.014019999999999977,0.0228,0.055600000000000004,456774636701154.562500
-0.014009999999999967,0.022000000000000002,0.0548,456774636701154.562500
-0.013999999999999957,0.0228,0.0548,456774636701154.562500
-0.013989999999999947,0.0228,0.055600000000000004,456774636701154.562500
-0.013979999999999937,0.022000000000000002,0.0572,456774636701154.562500
-0.013969999999999982,0.0228,0.056400000000000006,456774636701154.562500
-0.013959999999999972,0.0132,0.054,456774636701154.562500
-0.013949999999999962,0.0228,0.056400000000000006,456774636701154.562500
-0.013939999999999952,0.0212,0.055600000000000004,456774636701154.562500
-0.013929999999999942,0.0196,0.055600000000000004,456774636701154.562500
-0.013919999999999988,0.0172,0.055600000000000004,456774636701154.562500
-0.013909999999999978,0.0228,0.054,456774636701154.562500
-0.013899999999999968,0.0244,0.056400000000000006,456774636701154.562500
-0.013889999999999958,0.0244,0.053200000000000004,456774636701154.562500
-0.013879999999999948,0.0252,0.056400000000000006,456774636701154.562500
-0.013869999999999938,0.0228,0.056400000000000006,456774636701154.562500
-0.013859999999999983,0.0228,0.053200000000000004,456774636701154.562500
-0.013849999999999973,0.0228,0.0572,456774636701154.562500
-0.013839999999999963,0.0228,0.0468,456774636701154.562500
-0.013829999999999953,0.0244,0.0548,456774636701154.562500
-0.013819999999999943,0.0244,0.0516,456774636701154.562500
-0.013809999999999933,0.0244,0.0548,456774636701154.562500
-0.013799999999999979,0.022000000000000002,0.056400000000000006,456774636701154.562500
-0.013789999999999969,0.022000000000000002,0.0524,456774636701154.562500
-0.013779999999999959,0.0244,0.055600000000000004,456774636701154.562500
-0.013769999999999949,0.0204,0.056400000000000006,456774636701154.562500
-0.013759999999999939,0.022000000000000002,0.0524,456774636701154.562500
-0.013749999999999984,0.022000000000000002,0.0548,456774636701154.562500
-0.013739999999999974,0.0228,0.0572,456774636701154.562500
-0.013729999999999964,0.0228,0.055600000000000004,456774636701154.562500
-0.013719999999999954,0.0212,0.0548,456774636701154.562500
-0.013709999999999944,0.0228,0.0572,456774636701154.562500
-0.013699999999999934,0.0228,0.058,456774636701154.562500
-0.01368999999999998,0.0228,0.056400000000000006,456774636701154.562500
-0.01367999999999997,0.022000000000000002,0.054,456774636701154.562500
-0.01366999999999996,0.0212,0.0572,456774636701154.562500
-0.01365999999999995,0.0228,0.0516,456774636701154.562500
-0.01364999999999994,0.0228,0.055600000000000004,456774636701154.562500
-0.013639999999999985,0.0244,0.058,456774636701154.562500
-0.013629999999999975,0.0196,0.056400000000000006,456774636701154.562500
-0.013619999999999965,0.0244,0.056400000000000006,456774636701154.562500
-0.013609999999999955,0.0212,0.058,456774636701154.562500
-0.013599999999999945,0.0236,0.046,456774636701154.562500
-0.013589999999999935,0.0172,0.058,456774636701154.562500
-0.013579999999999981,0.018000000000000002,0.045200000000000004,456774636701154.562500
-0.013569999999999971,0.0212,0.0572,456774636701154.562500
-0.013559999999999961,0.0244,0.0572,456774636701154.562500
-0.013549999999999951,0.0244,0.055600000000000004,456774636701154.562500
-0.013539999999999941,0.0236,0.0572,456774636701154.562500
-0.013529999999999986,0.0252,0.056400000000000006,456774636701154.562500
-0.013519999999999976,0.0236,0.055600000000000004,456774636701154.562500
-0.013509999999999966,0.0244,0.058,456774636701154.562500
-0.013499999999999956,0.0236,0.056400000000000006,456774636701154.562500
-0.013489999999999946,0.0212,0.054,456774636701154.562500
-0.013479999999999936,0.0244,0.0548,456774636701154.562500
-0.013469999999999982,0.022000000000000002,0.058,456774636701154.562500
-0.013459999999999972,0.0228,0.0572,456774636701154.562500
-0.013449999999999962,0.022000000000000002,0.056400000000000006,456774636701154.562500
-0.013439999999999952,0.0228,0.056400000000000006,456774636701154.562500
-0.013429999999999942,0.022000000000000002,0.0572,456774636701154.562500
-0.013419999999999987,0.0236,0.0524,456774636701154.562500
-0.013409999999999977,0.022000000000000002,0.058,456774636701154.562500
-0.013399999999999967,0.022000000000000002,0.0524,456774636701154.562500
-0.013389999999999957,0.022000000000000002,0.055600000000000004,456774636701154.562500
-0.013379999999999947,0.0228,0.0572,456774636701154.562500
-0.013369999999999937,0.0204,0.0572,456774636701154.562500
-0.013359999999999983,0.0228,0.0572,456774636701154.562500
-0.013349999999999973,0.0244,0.0548,456774636701154.562500
-0.013339999999999963,0.0188,0.058800000000000005,456774636701154.562500
-0.013329999999999953,0.0236,0.056400000000000006,456774636701154.562500
-0.013319999999999943,0.0236,0.058,456774636701154.562500
-0.013309999999999933,0.0236,0.0572,456774636701154.562500
-0.013299999999999979,0.0252,0.056400000000000006,456774636701154.562500
-0.013289999999999969,0.0252,0.0572,456774636701154.562500
-0.013279999999999959,0.0244,0.0572,456774636701154.562500
-0.013269999999999949,0.0236,0.0548,456774636701154.562500
-0.013259999999999939,0.0244,0.056400000000000006,456774636701154.562500
-0.013249999999999984,0.0236,0.0548,456774636701154.562500
-0.013239999999999974,0.0252,0.056400000000000006,456774636701154.562500
-0.013229999999999964,0.0236,0.056400000000000006,456774636701154.562500
-0.013219999999999954,0.0236,0.056400000000000006,456774636701154.562500
-0.013209999999999944,0.0236,0.056400000000000006,456774636701154.562500
-0.013199999999999934,0.022000000000000002,0.0572,456774636701154.562500
-0.01318999999999998,0.0212,0.058,456774636701154.562500
-0.01317999999999997,0.0204,0.0572,456774636701154.562500
-0.01316999999999996,0.0204,0.055600000000000004,456774636701154.562500
-0.01315999999999995,0.0196,0.058,456774636701154.562500
-0.01314999999999994,0.0228,0.055600000000000004,456774636701154.562500
-0.013139999999999985,0.022000000000000002,0.0572,456774636701154.562500
-0.013129999999999975,0.022000000000000002,0.056400000000000006,456774636701154.562500
-0.013119999999999965,0.0212,0.0492,456774636701154.562500
-0.013109999999999955,0.0244,0.0596,456774636701154.562500
-0.013099999999999945,0.0236,0.055600000000000004,456774636701154.562500
-0.013089999999999935,0.0204,0.055600000000000004,456774636701154.562500
-0.01307999999999998,0.022000000000000002,0.055600000000000004,456774636701154.562500
-0.01306999999999997,0.0204,0.0548,456774636701154.562500
-0.01305999999999996,0.018000000000000002,0.0548,456774636701154.562500
-0.01304999999999995,0.022000000000000002,0.054,456774636701154.562500
-0.01303999999999994,0.0228,0.054,456774636701154.562500
-0.013029999999999986,0.0228,0.055600000000000004,456774636701154.562500
-0.013019999999999976,0.0236,0.0548,456774636701154.562500
-0.013009999999999966,0.0236,0.0548,456774636701154.562500
-0.012999999999999956,0.0244,0.0548,456774636701154.562500
-0.012989999999999946,0.0244,0.056400000000000006,456774636701154.562500
-0.012979999999999936,0.0244,0.0572,456774636701154.562500
-0.012969999999999982,0.0244,0.054,456774636701154.562500
-0.012959999999999972,0.0228,0.056400000000000006,456774636701154.562500
-0.012949999999999962,0.0236,0.056400000000000006,456774636701154.562500
-0.012939999999999952,0.0244,0.0572,456774636701154.562500
-0.012929999999999942,0.0228,0.054,456774636701154.562500
-0.012919999999999987,0.0236,0.056400000000000006,456774636701154.562500
-0.012909999999999977,0.0244,0.0572,456774636701154.562500
-0.012899999999999967,0.0228,0.048400000000000006,456774636701154.562500
-0.012889999999999957,0.0236,0.055600000000000004,456774636701154.562500
-0.012879999999999947,0.022000000000000002,0.054,456774636701154.562500
-0.012869999999999937,0.0236,0.0572,456774636701154.562500
-0.012859999999999983,0.022000000000000002,0.0572,456774636701154.562500
-0.012849999999999973,0.0228,0.0572,456774636701154.562500
-0.012839999999999963,0.0228,0.056400000000000006,456774636701154.562500
-0.012829999999999953,0.0212,0.0548,456774636701154.562500
-0.012819999999999943,0.0212,0.054,456774636701154.562500
-0.012809999999999933,0.0212,0.0572,456774636701154.562500
-0.012799999999999978,0.0204,0.058,456774636701154.562500
-0.012789999999999968,0.0164,0.0572,456774636701154.562500
-0.012779999999999958,0.0196,0.056400000000000006,456774636701154.562500
-0.012769999999999948,0.0212,0.056400000000000006,456774636701154.562500
-0.012759999999999938,0.022000000000000002,0.056400000000000006,456774636701154.562500
-0.012749999999999984,0.0236,0.056400000000000006,456774636701154.562500
-0.012739999999999974,0.022000000000000002,0.056400000000000006,456774636701154.562500
-0.012729999999999964,0.022000000000000002,0.0572,456774636701154.562500
-0.012719999999999954,0.0244,0.055600000000000004,456774636701154.562500
-0.012709999999999944,0.0228,0.0548,456774636701154.562500
-0.012699999999999934,0.0244,0.055600000000000004,456774636701154.562500
-0.012689999999999979,0.0252,0.055600000000000004,456774636701154.562500
-0.012679999999999969,0.0228,0.054,456774636701154.562500
-0.012669999999999959,0.0244,0.056400000000000006,456774636701154.562500
-0.012659999999999949,0.0244,0.0548,456774636701154.562500
-0.012649999999999939,0.0236,0.056400000000000006,456774636701154.562500
-0.012639999999999985,0.0228,0.054,456774636701154.562500
-0.012629999999999975,0.0236,0.055600000000000004,456774636701154.562500
-0.012619999999999965,0.0228,0.050800000000000005,456774636701154.562500
-0.012609999999999955,0.0228,0.0572,456774636701154.562500
-0.012599999999999945,0.0244,0.0572,456774636701154.562500
-0.012589999999999935,0.022000000000000002,0.0548,456774636701154.562500
-0.01257999999999998,0.0244,0.058,456774636701154.562500
-0.01256999999999997,0.0236,0.056400000000000006,456774636701154.562500
-0.01255999999999996,0.022000000000000002,0.058,456774636701154.562500
-0.01254999999999995,0.022000000000000002,0.055600000000000004,456774636701154.562500
-0.01253999999999994,0.0228,0.056400000000000006,456774636701154.562500
-0.012529999999999986,0.0236,0.0516,456774636701154.562500
-0.012519999999999976,0.0228,0.053200000000000004,456774636701154.562500
-0.012509999999999966,0.022000000000000002,0.054,456774636701154.562500
-0.012499999999999956,0.0212,0.0548,456774636701154.562500
-0.012489999999999946,0.0228,0.0516,456774636701154.562500
-0.012479999999999936,0.0228,0.0572,456774636701154.562500
-0.012469999999999981,0.0228,0.055600000000000004,456774636701154.562500
-0.012459999999999971,0.0212,0.055600000000000004,456774636701154.562500
-0.012449999999999961,0.022000000000000002,0.0524,456774636701154.562500
-0.012439999999999951,0.0212,0.058,456774636701154.562500
-0.012429999999999941,0.0228,0.054,456774636701154.562500
-0.012419999999999987,0.022000000000000002,0.0572,456774636701154.562500
-0.012409999999999977,0.0228,0.046,456774636701154.562500
-0.012399999999999967,0.0228,0.0524,456774636701154.562500
-0.012389999999999957,0.0204,0.0572,456774636701154.562500
-0.012379999999999947,0.0236,0.0548,456774636701154.562500
-0.012369999999999937,0.0236,0.058,456774636701154.562500
-0.012359999999999982,0.0236,0.0548,456774636701154.562500
-0.012349999999999972,0.0212,0.058,456774636701154.562500
-0.012339999999999962,0.0228,0.0548,456774636701154.562500
-0.012329999999999952,0.0228,0.055600000000000004,456774636701154.562500
-0.012319999999999942,0.0236,0.0572,456774636701154.562500
-0.012309999999999988,0.022000000000000002,0.056400000000000006,456774636701154.562500
-0.012299999999999978,0.0236,0.0548,456774636701154.562500
-0.012289999999999968,0.0212,0.053200000000000004,456774636701154.562500
-0.012279999999999958,0.0228,0.0444,456774636701154.562500
-0.012269999999999948,0.0212,0.0468,456774636701154.562500
-0.012259999999999938,0.022000000000000002,0.0548,456774636701154.562500
-0.012249999999999983,0.0212,0.0572,456774636701154.562500
-0.012239999999999973,0.0236,0.056400000000000006,456774636701154.562500
-0.012229999999999963,0.0204,0.0572,456774636701154.562500
-0.012219999999999953,0.022000000000000002,0.0572,456774636701154.562500
-0.012209999999999943,0.0204,0.0572,456774636701154.562500
-0.012199999999999933,0.0204,0.056400000000000006,456774636701154.562500
-0.012189999999999979,0.018000000000000002,0.055600000000000004,456774636701154.562500
-0.012179999999999969,0.018000000000000002,0.055600000000000004,456774636701154.562500
-0.012169999999999959,0.0148,0.0548,456774636701154.562500
-0.012159999999999949,0.018000000000000002,0.0572,456774636701154.562500
-0.012149999999999939,0.0188,0.0572,456774636701154.562500
-0.012139999999999984,0.022000000000000002,0.056400000000000006,456774636701154.562500
-0.012129999999999974,0.0236,0.048400000000000006,456774636701154.562500
-0.012119999999999964,0.0236,0.058,456774636701154.562500
-0.012109999999999954,0.0236,0.053200000000000004,456774636701154.562500
-0.012099999999999944,0.0204,0.056400000000000006,456774636701154.562500
-0.012089999999999934,0.0228,0.0572,456774636701154.562500
-0.01207999999999998,0.0212,0.0572,456774636701154.562500
-0.01206999999999997,0.0212,0.0572,456774636701154.562500
-0.01205999999999996,0.022000000000000002,0.058800000000000005,456774636701154.562500
-0.01204999999999995,0.0212,0.056400000000000006,456774636701154.562500
-0.01203999999999994,0.0228,0.0548,456774636701154.562500
-0.012029999999999985,0.0236,0.055600000000000004,456774636701154.562500
-0.012019999999999975,0.0252,0.058,456774636701154.562500
-0.012009999999999965,0.0236,0.050800000000000005,456774636701154.562500
-0.011999999999999955,0.0236,0.058,456774636701154.562500
-0.011989999999999945,0.0236,0.056400000000000006,456774636701154.562500
-0.011979999999999935,0.0244,0.056400000000000006,456774636701154.562500
-0.01196999999999998,0.0236,0.056400000000000006,456774636701154.562500
-0.01195999999999997,0.0212,0.0548,456774636701154.562500
-0.01194999999999996,0.0236,0.0516,456774636701154.562500
-0.01193999999999995,0.022000000000000002,0.05,456774636701154.562500
-0.01192999999999994,0.0228,0.050800000000000005,456774636701154.562500
-0.011919999999999986,0.0228,0.058,456774636701154.562500
-0.011909999999999976,0.022000000000000002,0.0548,456774636701154.562500
-0.011899999999999966,0.0212,0.056400000000000006,456774636701154.562500
-0.011889999999999956,0.0212,0.0524,456774636701154.562500
-0.011879999999999946,0.0196,0.0572,456774636701154.562500
-0.011869999999999936,0.0212,0.058,456774636701154.562500
-0.011859999999999982,0.0228,0.054,456774636701154.562500
-0.011849999999999972,0.0228,0.058,456774636701154.562500
-0.011839999999999962,0.0212,0.055600000000000004,456774636701154.562500
-0.011829999999999952,0.022000000000000002,0.058,456774636701154.562500
-0.011819999999999942,0.0228,0.054,456774636701154.562500
-0.011809999999999987,0.0228,0.055600000000000004,456774636701154.562500
-0.011799999999999977,0.0228,0.0572,456774636701154.562500
-0.011789999999999967,0.0228,0.054,456774636701154.562500
-0.011779999999999957,0.0236,0.050800000000000005,456774636701154.562500
-0.011769999999999947,0.0228,0.0516,456774636701154.562500
-0.011759999999999937,0.0252,0.0468,456774636701154.562500
-0.011749999999999983,0.0244,0.053200000000000004,456774636701154.562500
-0.011739999999999973,0.0244,0.056400000000000006,456774636701154.562500
-0.011729999999999963,0.0244,0.058,456774636701154.562500
-0.011719999999999953,0.0252,0.056400000000000006,456774636701154.562500
-0.011709999999999943,0.0236,0.0524,456774636701154.562500
-0.011699999999999933,0.0228,0.055600000000000004,456774636701154.562500
-0.011689999999999978,0.0204,0.053200000000000004,456774636701154.562500
-0.011679999999999968,0.0228,0.050800000000000005,456774636701154.562500
-0.011669999999999958,0.0228,0.053200000000000004,456774636701154.562500
-0.011659999999999948,0.0252,0.058,456774636701154.562500
-0.011649999999999938,0.0228,0.053200000000000004,456774636701154.562500
-0.011639999999999984,0.0236,0.054,456774636701154.562500
-0.011629999999999974,0.0236,0.0548,456774636701154.562500
-0.011619999999999964,0.022000000000000002,0.058,456774636701154.562500
-0.011609999999999954,0.0228,0.056400000000000006,456774636701154.562500
-0.011599999999999944,0.022000000000000002,0.056400000000000006,456774636701154.562500
-0.011589999999999934,0.0204,0.05,456774636701154.562500
-0.01157999999999998,0.0228,0.055600000000000004,456774636701154.562500
-0.01156999999999997,0.0228,0.056400000000000006,456774636701154.562500
-0.01155999999999996,0.0212,0.0572,456774636701154.562500
-0.01154999999999995,0.022000000000000002,0.0548,456774636701154.562500
-0.01153999999999994,0.0228,0.0572,456774636701154.562500
-0.011529999999999985,0.0204,0.0572,456774636701154.562500
-0.011519999999999975,0.0228,0.058,456774636701154.562500
-0.011509999999999965,0.0228,0.053200000000000004,456774636701154.562500
-0.011499999999999955,0.0228,0.058,456774636701154.562500
-0.011489999999999945,0.0244,0.055600000000000004,456774636701154.562500
-0.011479999999999935,0.0236,0.056400000000000006,456774636701154.562500
-0.01146999999999998,0.0236,0.058,456774636701154.562500
-0.01145999999999997,0.0196,0.0572,456774636701154.562500
-0.01144999999999996,0.0244,0.0572,456774636701154.562500
-0.01143999999999995,0.0244,0.055600000000000004,456774636701154.562500
-0.01142999999999994,0.0236,0.056400000000000006,456774636701154.562500
-0.011419999999999986,0.0236,0.058,456774636701154.562500
-0.011409999999999976,0.0236,0.0548,456774636701154.562500
-0.011399999999999966,0.0244,0.056400000000000006,456774636701154.562500
-0.011389999999999956,0.0244,0.0524,456774636701154.562500
-0.011379999999999946,0.0236,0.050800000000000005,456774636701154.562500
-0.011369999999999936,0.0236,0.0516,456774636701154.562500
-0.011359999999999981,0.022000000000000002,0.0572,456774636701154.562500
-0.011349999999999971,0.0228,0.058,456774636701154.562500
-0.011339999999999961,0.0212,0.0548,456774636701154.562500
-0.011329999999999951,0.0228,0.048400000000000006,456774636701154.562500
-0.011319999999999941,0.0196,0.048400000000000006,456774636701154.562500
-0.011309999999999987,0.0212,0.056400000000000006,456774636701154.562500
-0.011299999999999977,0.0212,0.055600000000000004,456774636701154.562500
-0.011289999999999967,0.022000000000000002,0.056400000000000006,456774636701154.562500
-0.011279999999999957,0.0204,0.0572,456774636701154.562500
-0.011269999999999947,0.0204,0.056400000000000006,456774636701154.562500
-0.011259999999999937,0.0196,0.0572,456774636701154.562500
-0.011249999999999982,0.0212,0.056400000000000006,456774636701154.562500
-0.011239999999999972,0.0212,0.058800000000000005,456774636701154.562500
-0.011229999999999962,0.0212,0.056400000000000006,456774636701154.562500
-0.011219999999999952,0.0212,0.058,456774636701154.562500
-0.011209999999999942,0.0236,0.058,456774636701154.562500
-0.011199999999999988,0.0244,0.058,456774636701154.562500
-0.011189999999999978,0.0188,0.054,456774636701154.562500
-0.011179999999999968,0.022000000000000002,0.055600000000000004,456774636701154.562500
-0.011169999999999958,0.0196,0.058800000000000005,456774636701154.562500
-0.011159999999999948,0.0204,0.0572,456774636701154.562500
-0.011149999999999938,0.022000000000000002,0.0516,456774636701154.562500
-0.011139999999999983,0.0244,0.056400000000000006,456774636701154.562500
-0.011129999999999973,0.0236,0.058,456774636701154.562500
-0.011119999999999963,0.0244,0.056400000000000006,456774636701154.562500
-0.011109999999999953,0.0236,0.0524,456774636701154.562500
-0.011099999999999943,0.0252,0.055600000000000004,456774636701154.562500
-0.011089999999999933,0.0212,0.058,456774636701154.562500
-0.011079999999999979,0.0236,0.058,456774636701154.562500
-0.011069999999999969,0.022000000000000002,0.0548,456774636701154.562500
-0.011059999999999959,0.0236,0.0572,456774636701154.562500
-0.011049999999999949,0.0244,0.0572,456774636701154.562500
-0.011039999999999939,0.0228,0.0572,456774636701154.562500
-0.011029999999999984,0.022000000000000002,0.0572,456774636701154.562500
-0.011019999999999974,0.0228,0.056400000000000006,456774636701154.562500
-0.011009999999999964,0.0212,0.058,456774636701154.562500
-0.010999999999999954,0.022000000000000002,0.056400000000000006,456774636701154.562500
-0.010989999999999944,0.022000000000000002,0.0572,456774636701154.562500
-0.010979999999999934,0.022000000000000002,0.0524,456774636701154.562500
-0.01096999999999998,0.022000000000000002,0.058,456774636701154.562500
-0.01095999999999997,0.022000000000000002,0.0572,456774636701154.562500
-0.01094999999999996,0.0212,0.0548,456774636701154.562500
-0.01093999999999995,0.022000000000000002,0.0572,456774636701154.562500
-0.01092999999999994,0.022000000000000002,0.056400000000000006,456774636701154.562500
-0.010919999999999985,0.022000000000000002,0.054,456774636701154.562500
-0.010909999999999975,0.0228,0.055600000000000004,456774636701154.562500
-0.010899999999999965,0.0236,0.058800000000000005,456774636701154.562500
-0.010889999999999955,0.0228,0.0572,456774636701154.562500
-0.010879999999999945,0.0236,0.058,456774636701154.562500
-0.010869999999999935,0.0244,0.058,456774636701154.562500
-0.01085999999999998,0.0236,0.0572,456774636701154.562500
-0.01084999999999997,0.0236,0.0572,456774636701154.562500
-0.01083999999999996,0.0244,0.056400000000000006,456774636701154.562500
-0.01082999999999995,0.0244,0.0572,456774636701154.562500
-0.01081999999999994,0.0244,0.056400000000000006,456774636701154.562500
-0.010809999999999986,0.0228,0.058,456774636701154.562500
-0.010799999999999976,0.0236,0.055600000000000004,456774636701154.562500
-0.010789999999999966,0.0228,0.058,456774636701154.562500
-0.010779999999999956,0.0228,0.056400000000000006,456774636701154.562500
-0.010769999999999946,0.0228,0.058,456774636701154.562500
-0.010759999999999936,0.022000000000000002,0.0572,456774636701154.562500
-0.010749999999999982,0.0236,0.055600000000000004,456774636701154.562500
-0.010739999999999972,0.0228,0.054,456774636701154.562500
-0.010729999999999962,0.0204,0.058800000000000005,456774636701154.562500
-0.010719999999999952,0.022000000000000002,0.056400000000000006,456774636701154.562500
-0.010709999999999942,0.0228,0.055600000000000004,456774636701154.562500
-0.010699999999999987,0.022000000000000002,0.056400000000000006,456774636701154.562500
-0.010689999999999977,0.022000000000000002,0.053200000000000004,456774636701154.562500
-0.010679999999999967,0.0236,0.050800000000000005,456774636701154.562500
-0.010669999999999957,0.022000000000000002,0.0548,456774636701154.562500
-0.010659999999999947,0.022000000000000002,0.058800000000000005,456774636701154.562500
-0.010649999999999937,0.022000000000000002,0.0572,456774636701154.562500
-0.010639999999999983,0.0228,0.055600000000000004,456774636701154.562500
-0.010629999999999973,0.022000000000000002,0.0572,456774636701154.562500
-0.010619999999999963,0.0244,0.0548,456774636701154.562500
-0.010609999999999953,0.0212,0.056400000000000006,456774636701154.562500
-0.010599999999999943,0.0212,0.050800000000000005,456774636701154.562500
-0.010589999999999933,0.0204,0.056400000000000006,456774636701154.562500
-0.010579999999999978,0.022000000000000002,0.0468,456774636701154.562500
-0.010569999999999968,0.0236,0.0468,456774636701154.562500
-0.010559999999999958,0.0244,0.0516,456774636701154.562500
-0.010549999999999948,0.0228,0.054,456774636701154.562500
-0.010539999999999938,0.0252,0.055600000000000004,456774636701154.562500
-0.010529999999999984,0.0228,0.058,456774636701154.562500
-0.010519999999999974,0.0236,0.0572,456774636701154.562500
-0.010509999999999964,0.0228,0.056400000000000006,456774636701154.562500
-0.010499999999999954,0.0244,0.058,456774636701154.562500
-0.010489999999999944,0.022000000000000002,0.0572,456774636701154.562500
-0.010479999999999934,0.0244,0.056400000000000006,456774636701154.562500
-0.01046999999999998,0.018000000000000002,0.0572,456774636701154.562500
-0.01045999999999997,0.018000000000000002,0.056400000000000006,456774636701154.562500
-0.01044999999999996,0.018000000000000002,0.0548,456774636701154.562500
-0.01043999999999995,0.0228,0.056400000000000006,456774636701154.562500
-0.01042999999999994,0.022000000000000002,0.0572,456774636701154.562500
-0.010419999999999985,0.0204,0.056400000000000006,456774636701154.562500
-0.010409999999999975,0.0212,0.056400000000000006,456774636701154.562500
-0.010399999999999965,0.0196,0.056400000000000006,456774636701154.562500
-0.010389999999999955,0.0188,0.056400000000000006,456774636701154.562500
-0.010379999999999945,0.0212,0.0548,456774636701154.562500
-0.010369999999999935,0.022000000000000002,0.056400000000000006,456774636701154.562500
-0.01035999999999998,0.0172,0.056400000000000006,456774636701154.562500
-0.01034999999999997,0.0212,0.058,456774636701154.562500
-0.01033999999999996,0.018000000000000002,0.0572,456774636701154.562500
-0.01032999999999995,0.022000000000000002,0.055600000000000004,456774636701154.562500
-0.01031999999999994,0.0212,0.0572,456774636701154.562500
-0.010309999999999986,0.022000000000000002,0.056400000000000006,456774636701154.562500
-0.010299999999999976,0.0212,0.055600000000000004,456774636701154.562500
-0.010289999999999966,0.022000000000000002,0.046,456774636701154.562500
-0.010279999999999956,0.022000000000000002,0.054,456774636701154.562500
-0.010269999999999946,0.0228,0.05,456774636701154.562500
-0.010259999999999936,0.0212,0.0572,456774636701154.562500
-0.010249999999999981,0.0236,0.058,456774636701154.562500
-0.010239999999999971,0.022000000000000002,0.058,456774636701154.562500
-0.010229999999999961,0.0236,0.0492,456774636701154.562500
-0.010219999999999951,0.0236,0.054,456774636701154.562500
-0.010209999999999941,0.0236,0.045200000000000004,456774636701154.562500
-0.010199999999999987,0.0236,0.0572,456774636701154.562500
-0.010189999999999977,0.0212,0.0572,456774636701154.562500
-0.010179999999999967,0.0244,0.055600000000000004,456774636701154.562500
-0.010169999999999957,0.018000000000000002,0.0524,456774636701154.562500
-0.010159999999999947,0.0244,0.053200000000000004,456774636701154.562500
-0.010149999999999937,0.0228,0.042800000000000005,456774636701154.562500
-0.010139999999999982,0.0228,0.058,456774636701154.562500
-0.010129999999999972,0.0212,0.058800000000000005,456774636701154.562500
-0.010119999999999962,0.022000000000000002,0.0468,456774636701154.562500
-0.010109999999999952,0.0204,0.053200000000000004,456774636701154.562500
-0.010099999999999942,0.022000000000000002,0.05,456774636701154.562500
-0.010089999999999932,0.0196,0.0572,456774636701154.562500
-0.010079999999999978,0.0228,0.053200000000000004,456774636701154.562500
-0.010069999999999968,0.0212,0.056400000000000006,456774636701154.562500
-0.010059999999999958,0.022000000000000002,0.0572,456774636701154.562500
-0.010049999999999948,0.0236,0.0572,456774636701154.562500
-0.010039999999999938,0.022000000000000002,0.058,456774636701154.562500
-0.010029999999999983,0.022000000000000002,0.056400000000000006,456774636701154.562500
-0.010019999999999973,0.022000000000000002,0.055600000000000004,456774636701154.562500
-0.010009999999999963,0.022000000000000002,0.054,456774636701154.562500
-0.009999999999999953,0.0228,0.0572,456774636701154.562500
-0.009989999999999943,0.022000000000000002,0.0572,456774636701154.562500
-0.009979999999999933,0.0228,0.056400000000000006,456774636701154.562500
-0.009969999999999979,0.0236,0.058,456774636701154.562500
-0.009959999999999969,0.022000000000000002,0.0596,456774636701154.562500
-0.009949999999999959,0.0236,0.056400000000000006,456774636701154.562500
-0.009939999999999949,0.0236,0.056400000000000006,456774636701154.562500
-0.009929999999999939,0.0252,0.0572,456774636701154.562500
-0.009919999999999984,0.0236,0.058,456774636701154.562500
-0.009909999999999974,0.022000000000000002,0.0548,456774636701154.562500
-0.009899999999999964,0.0228,0.056400000000000006,456774636701154.562500
-0.009889999999999954,0.0244,0.058800000000000005,456774636701154.562500
-0.009879999999999944,0.0236,0.055600000000000004,456774636701154.562500
-0.009869999999999934,0.0252,0.05,456774636701154.562500
-0.00985999999999998,0.0244,0.045200000000000004,456774636701154.562500
-0.00984999999999997,0.0244,0.0476,456774636701154.562500
-0.00983999999999996,0.0228,0.053200000000000004,456774636701154.562500
-0.00982999999999995,0.0244,0.0492,456774636701154.562500
-0.00981999999999994,0.0244,0.0476,456774636701154.562500
-0.009809999999999985,0.0196,0.0516,456774636701154.562500
-0.009799999999999975,0.0204,0.0516,456774636701154.562500
-0.009789999999999965,0.022000000000000002,0.048400000000000006,456774636701154.562500
-0.009779999999999955,0.0204,0.055600000000000004,456774636701154.562500
-0.009769999999999945,0.0212,0.054,456774636701154.562500
-0.009759999999999935,0.0212,0.0516,456774636701154.562500
-0.009749999999999981,0.0228,0.0548,456774636701154.562500
-0.009739999999999971,0.0228,0.054,456774636701154.562500
-0.009729999999999961,0.0212,0.0548,456774636701154.562500
-0.009719999999999951,0.0212,0.058,456774636701154.562500
-0.009709999999999941,0.022000000000000002,0.056400000000000006,456774636701154.562500
-0.009699999999999986,0.022000000000000002,0.0548,456774636701154.562500
-0.009689999999999976,0.0188,0.058,456774636701154.562500
-0.009679999999999966,0.0204,0.056400000000000006,456774636701154.562500
-0.009669999999999956,0.022000000000000002,0.0524,456774636701154.562500
-0.009659999999999946,0.0236,0.0524,456774636701154.562500
-0.009649999999999936,0.022000000000000002,0.0572,456774636701154.562500
-0.009639999999999982,0.0236,0.0516,456774636701154.562500
-0.009629999999999972,0.0252,0.0524,456774636701154.562500
-0.009619999999999962,0.0244,0.055600000000000004,456774636701154.562500
-0.009609999999999952,0.0244,0.058,456774636701154.562500
-0.009599999999999942,0.0244,0.058,456774636701154.562500
-0.009589999999999987,0.0228,0.053200000000000004,456774636701154.562500
-0.009579999999999977,0.0244,0.055600000000000004,456774636701154.562500
-0.009569999999999967,0.022000000000000002,0.0548,456774636701154.562500
-0.009559999999999957,0.0244,0.055600000000000004,456774636701154.562500
-0.009549999999999947,0.0212,0.0572,456774636701154.562500
-0.009539999999999937,0.0252,0.056400000000000006,456774636701154.562500
-0.009529999999999983,0.0204,0.0516,456774636701154.562500
-0.009519999999999973,0.0204,0.053200000000000004,456774636701154.562500
-0.009509999999999963,0.022000000000000002,0.0516,456774636701154.562500
-0.009499999999999953,0.0236,0.053200000000000004,456774636701154.562500
-0.009489999999999943,0.0212,0.055600000000000004,456774636701154.562500
-0.009479999999999933,0.0212,0.055600000000000004,456774636701154.562500
-0.009469999999999978,0.0188,0.0516,456774636701154.562500
-0.009459999999999968,0.0228,0.053200000000000004,456774636701154.562500
-0.009449999999999958,0.0228,0.0572,456774636701154.562500
-0.009439999999999948,0.022000000000000002,0.056400000000000006,456774636701154.562500
-0.009429999999999938,0.022000000000000002,0.055600000000000004,456774636701154.562500
-0.009419999999999984,0.0212,0.0572,456774636701154.562500
-0.009409999999999974,0.0204,0.0596,456774636701154.562500
-0.009399999999999964,0.0228,0.0572,456774636701154.562500
-0.009389999999999954,0.022000000000000002,0.058,456774636701154.562500
-0.009379999999999944,0.0196,0.0524,456774636701154.562500
-0.009369999999999934,0.0228,0.058,456774636701154.562500
-0.00935999999999998,0.0204,0.0516,456774636701154.562500
-0.00934999999999997,0.0228,0.058,456774636701154.562500
-0.00933999999999996,0.0236,0.0572,456774636701154.562500
-0.00932999999999995,0.0244,0.055600000000000004,456774636701154.562500
-0.00931999999999994,0.0236,0.0572,456774636701154.562500
-0.009309999999999985,0.0244,0.055600000000000004,456774636701154.562500
-0.009299999999999975,0.0204,0.0572,456774636701154.562500
-0.009289999999999965,0.0244,0.056400000000000006,456774636701154.562500
-0.009279999999999955,0.0212,0.0548,456774636701154.562500
-0.009269999999999945,0.0236,0.056400000000000006,456774636701154.562500
-0.009259999999999935,0.0196,0.058,456774636701154.562500
-0.00924999999999998,0.0228,0.0548,456774636701154.562500
-0.00923999999999997,0.022000000000000002,0.0548,456774636701154.562500
-0.00922999999999996,0.0212,0.0572,456774636701154.562500
-0.00921999999999995,0.0236,0.058,456774636701154.562500
-0.00920999999999994,0.0228,0.058,456774636701154.562500
-0.009199999999999986,0.0212,0.056400000000000006,456774636701154.562500
-0.009189999999999976,0.0188,0.055600000000000004,456774636701154.562500
-0.009179999999999966,0.0228,0.0516,456774636701154.562500
-0.009169999999999956,0.0212,0.058,456774636701154.562500
-0.009159999999999946,0.0228,0.055600000000000004,456774636701154.562500
-0.009149999999999936,0.0204,0.055600000000000004,456774636701154.562500
-0.009139999999999981,0.022000000000000002,0.055600000000000004,456774636701154.562500
-0.009129999999999971,0.022000000000000002,0.05,456774636701154.562500
-0.009119999999999961,0.0204,0.05,456774636701154.562500
-0.009109999999999951,0.0212,0.058,456774636701154.562500
-0.009099999999999941,0.0204,0.058,456774636701154.562500
-0.009089999999999987,0.022000000000000002,0.0516,456774636701154.562500
-0.009079999999999977,0.0196,0.058,456774636701154.562500
-0.009069999999999967,0.0204,0.05,456774636701154.562500
-0.009059999999999957,0.022000000000000002,0.0524,456774636701154.562500
-0.009049999999999947,0.0244,0.0492,456774636701154.562500
-0.009039999999999937,0.0244,0.055600000000000004,456774636701154.562500
-0.009029999999999982,0.022000000000000002,0.056400000000000006,456774636701154.562500
-0.009019999999999972,0.0244,0.055600000000000004,456774636701154.562500
-0.009009999999999962,0.0244,0.0468,456774636701154.562500
-0.008999999999999952,0.0244,0.0476,456774636701154.562500
-0.008989999999999942,0.0236,0.053200000000000004,456774636701154.562500
-0.008979999999999932,0.0196,0.055600000000000004,456774636701154.562500
-0.008969999999999978,0.0228,0.054,456774636701154.562500
-0.008959999999999968,0.022000000000000002,0.0516,456774636701154.562500
-0.008949999999999958,0.0228,0.048400000000000006,456774636701154.562500
-0.008939999999999948,0.0236,0.050800000000000005,456774636701154.562500
-0.008929999999999938,0.022000000000000002,0.0492,456774636701154.562500
-0.008919999999999983,0.0228,0.05,456774636701154.562500
-0.008909999999999973,0.022000000000000002,0.038,456774636701154.562500
-0.008899999999999963,0.0244,0.054,456774636701154.562500
-0.008889999999999953,0.0212,0.0444,456774636701154.562500
-0.008879999999999943,0.0212,0.0476,456774636701154.562500
-0.008869999999999933,0.0228,0.0412,456774636701154.562500
-0.008859999999999979,0.0188,0.0572,456774636701154.562500
-0.008849999999999969,0.0236,0.0436,456774636701154.562500
-0.008839999999999959,0.0212,0.048400000000000006,456774636701154.562500
-0.008829999999999949,0.022000000000000002,0.0436,456774636701154.562500
-0.008819999999999939,0.0204,0.040400000000000005,456774636701154.562500
-0.008809999999999985,0.022000000000000002,0.042800000000000005,456774636701154.562500
-0.008799999999999975,0.0204,0.0524,456774636701154.562500
-0.008789999999999965,0.0228,0.048400000000000006,456774636701154.562500
-0.008779999999999955,0.0196,0.054,456774636701154.562500
-0.008769999999999945,0.0236,0.05,456774636701154.562500
-0.008759999999999935,0.0212,0.055600000000000004,456774636701154.562500
-0.00874999999999998,0.022000000000000002,0.0412,456774636701154.562500
-0.00873999999999997,0.0236,0.0524,456774636701154.562500
-0.00872999999999996,0.0244,0.0492,456774636701154.562500
-0.00871999999999995,0.0236,0.0524,456774636701154.562500
-0.00870999999999994,0.0212,0.0468,456774636701154.562500
-0.008699999999999986,0.0236,0.05,456774636701154.562500
-0.008689999999999976,0.0204,0.0412,456774636701154.562500
-0.008679999999999966,0.026000000000000002,0.058,456774636701154.562500
-0.008669999999999956,0.0236,0.0548,456774636701154.562500
-0.008659999999999946,0.0228,0.058,456774636701154.562500
-0.008649999999999936,0.0228,0.056400000000000006,456774636701154.562500
-0.008639999999999981,0.022000000000000002,0.055600000000000004,456774636701154.562500
-0.008629999999999971,0.0228,0.0516,456774636701154.562500
-0.008619999999999961,0.0236,0.056400000000000006,456774636701154.562500
-0.008609999999999951,0.022000000000000002,0.058,456774636701154.562500
-0.008599999999999941,0.0228,0.056400000000000006,456774636701154.562500
-0.008589999999999987,0.022000000000000002,0.058,456774636701154.562500
-0.008579999999999977,0.0236,0.058,456774636701154.562500
-0.008569999999999967,0.022000000000000002,0.0524,456774636701154.562500
-0.008559999999999957,0.022000000000000002,0.058,456774636701154.562500
-0.008549999999999947,0.0228,0.058,456774636701154.562500
-0.008539999999999937,0.0228,0.054,456774636701154.562500
-0.008529999999999982,0.0228,0.0572,456774636701154.562500
-0.008519999999999972,0.022000000000000002,0.05,456774636701154.562500
-0.008509999999999962,0.022000000000000002,0.058,456774636701154.562500
-0.008499999999999952,0.0228,0.0572,456774636701154.562500
-0.008489999999999942,0.0228,0.055600000000000004,456774636701154.562500
-0.008479999999999932,0.0204,0.053200000000000004,456774636701154.562500
-0.008469999999999978,0.0236,0.0476,456774636701154.562500
-0.008459999999999968,0.0204,0.056400000000000006,456774636701154.562500
-0.008449999999999958,0.0236,0.050800000000000005,456774636701154.562500
-0.008439999999999948,0.0228,0.058,456774636701154.562500
-0.008429999999999938,0.0228,0.058,456774636701154.562500
-0.008419999999999983,0.022000000000000002,0.0516,456774636701154.562500
-0.008409999999999973,0.0212,0.0572,456774636701154.562500
-0.008399999999999963,0.0244,0.0524,456774636701154.562500
-0.008389999999999953,0.0212,0.053200000000000004,456774636701154.562500
-0.008379999999999943,0.0252,0.055600000000000004,456774636701154.562500
-0.008369999999999933,0.022000000000000002,0.058,456774636701154.562500
-0.008359999999999979,0.0244,0.0572,456774636701154.562500
-0.008349999999999969,0.0228,0.0548,456774636701154.562500
-0.008339999999999959,0.0236,0.058800000000000005,456774636701154.562500
-0.008329999999999949,0.0228,0.055600000000000004,456774636701154.562500
-0.008319999999999939,0.0228,0.055600000000000004,456774636701154.562500
-0.008309999999999984,0.0244,0.056400000000000006,456774636701154.562500
-0.008299999999999974,0.0228,0.054,456774636701154.562500
-0.008289999999999964,0.022000000000000002,0.054,456774636701154.562500
-0.008279999999999954,0.0236,0.0572,456774636701154.562500
-0.008269999999999944,0.0236,0.0572,456774636701154.562500
-0.008259999999999934,0.022000000000000002,0.054,456774636701154.562500
-0.00824999999999998,0.0204,0.056400000000000006,456774636701154.562500
-0.00823999999999997,0.0228,0.056400000000000006,456774636701154.562500
-0.00822999999999996,0.022000000000000002,0.058,456774636701154.562500
-0.00821999999999995,0.022000000000000002,0.0548,456774636701154.562500
-0.00820999999999994,0.0228,0.053200000000000004,456774636701154.562500
-0.008199999999999985,0.022000000000000002,0.0476,456774636701154.562500
-0.008189999999999975,0.0228,0.0572,456774636701154.562500
-0.008179999999999965,0.022000000000000002,0.055600000000000004,456774636701154.562500
-0.008169999999999955,0.0212,0.055600000000000004,456774636701154.562500
-0.008159999999999945,0.022000000000000002,0.0572,456774636701154.562500
-0.008149999999999935,0.0188,0.055600000000000004,456774636701154.562500
-0.00813999999999998,0.022000000000000002,0.056400000000000006,456774636701154.562500
-0.00812999999999997,0.0244,0.058800000000000005,456774636701154.562500
-0.00811999999999996,0.0252,0.0548,456774636701154.562500
-0.00810999999999995,0.0228,0.058,456774636701154.562500
-0.00809999999999994,0.0244,0.058800000000000005,456774636701154.562500
-0.008089999999999986,0.0228,0.055600000000000004,456774636701154.562500
-0.008079999999999976,0.0244,0.0572,456774636701154.562500
-0.008069999999999966,0.0244,0.0516,456774636701154.562500
-0.008059999999999956,0.022000000000000002,0.0572,456774636701154.562500
-0.008049999999999946,0.0212,0.056400000000000006,456774636701154.562500
-0.008039999999999936,0.0188,0.058,456774636701154.562500
-0.008029999999999982,0.0204,0.0572,456774636701154.562500
-0.008019999999999972,0.0148,0.0548,456774636701154.562500
-0.008009999999999962,0.0148,0.058,456774636701154.562500
-0.007999999999999952,0.0132,0.0548,456774636701154.562500
-0.007989999999999942,0.0204,0.056400000000000006,456774636701154.562500
-0.007979999999999987,0.018000000000000002,0.0572,456774636701154.562500
-0.007969999999999977,0.022000000000000002,0.0572,456774636701154.562500
-0.007959999999999967,0.0228,0.0572,456774636701154.562500
-0.007949999999999957,0.022000000000000002,0.0572,456774636701154.562500
-0.007939999999999947,0.022000000000000002,0.0548,456774636701154.562500
-0.007929999999999937,0.0228,0.0572,456774636701154.562500
-0.007919999999999983,0.0164,0.055600000000000004,456774636701154.562500
-0.007909999999999973,0.0172,0.0572,456774636701154.562500
-0.007899999999999963,0.0188,0.058,456774636701154.562500
-0.007889999999999953,0.0204,0.056400000000000006,456774636701154.562500
-0.007879999999999943,0.018000000000000002,0.055600000000000004,456774636701154.562500
-0.007869999999999933,0.022000000000000002,0.056400000000000006,456774636701154.562500
-0.007859999999999978,0.0196,0.050800000000000005,456774636701154.562500
-0.007849999999999968,0.0228,0.058,456774636701154.562500
-0.007839999999999958,0.022000000000000002,0.058,456774636701154.562500
-0.007829999999999948,0.0244,0.058,456774636701154.562500
-0.007819999999999938,0.0228,0.058800000000000005,456774636701154.562500
-0.007809999999999984,0.0228,0.058,456774636701154.562500
-0.007799999999999974,0.0236,0.054,456774636701154.562500
-0.007789999999999964,0.0196,0.053200000000000004,456774636701154.562500
-0.007779999999999954,0.0244,0.054,456774636701154.562500
-0.007769999999999944,0.0204,0.0572,456774636701154.562500
-0.007759999999999934,0.0244,0.058,456774636701154.562500
-0.007749999999999979,0.0212,0.058,456774636701154.562500
-0.007739999999999969,0.018000000000000002,0.058800000000000005,456774636701154.562500
-0.007729999999999959,0.0236,0.0476,456774636701154.562500
-0.007719999999999949,0.0228,0.0516,456774636701154.562500
-0.007709999999999939,0.0204,0.0492,456774636701154.562500
-0.007699999999999985,0.022000000000000002,0.0548,456774636701154.562500
-0.007689999999999975,0.0236,0.0476,456774636701154.562500
-0.007679999999999965,0.0244,0.054,456774636701154.562500
-0.007669999999999955,0.0228,0.048400000000000006,456774636701154.562500
-0.007659999999999945,0.022000000000000002,0.0476,456774636701154.562500
-0.007649999999999935,0.0236,0.046,456774636701154.562500
-0.00763999999999998,0.0212,0.0572,456774636701154.562500
-0.00762999999999997,0.022000000000000002,0.054,456774636701154.562500
-0.00761999999999996,0.0228,0.056400000000000006,456774636701154.562500
-0.00760999999999995,0.0212,0.056400000000000006,456774636701154.562500
-0.00759999999999994,0.0228,0.055600000000000004,456774636701154.562500
-0.007589999999999986,0.022000000000000002,0.0524,456774636701154.562500
-0.007579999999999976,0.0228,0.058800000000000005,456774636701154.562500
-0.007569999999999966,0.0252,0.0572,456774636701154.562500
-0.007559999999999956,0.022000000000000002,0.055600000000000004,456774636701154.562500
-0.007549999999999946,0.0228,0.0572,456774636701154.562500
-0.007539999999999936,0.0228,0.0492,456774636701154.562500
-0.007529999999999981,0.0236,0.056400000000000006,456774636701154.562500
-0.007519999999999971,0.0244,0.055600000000000004,456774636701154.562500
-0.007509999999999961,0.0212,0.056400000000000006,456774636701154.562500
-0.007499999999999951,0.0228,0.0572,456774636701154.562500
-0.007489999999999941,0.0236,0.056400000000000006,456774636701154.562500
-0.007479999999999987,0.0244,0.054,456774636701154.562500
-0.007469999999999977,0.0236,0.058,456774636701154.562500
-0.007459999999999967,0.0236,0.0444,456774636701154.562500
-0.007449999999999957,0.0236,0.056400000000000006,456774636701154.562500
-0.007439999999999947,0.022000000000000002,0.0516,456774636701154.562500
-0.007429999999999937,0.022000000000000002,0.055600000000000004,456774636701154.562500
-0.007419999999999982,0.0236,0.055600000000000004,456774636701154.562500
-0.007409999999999972,0.0212,0.05,456774636701154.562500
-0.007399999999999962,0.0212,0.0548,456774636701154.562500
-0.007389999999999952,0.018000000000000002,0.0492,456774636701154.562500
-0.007379999999999942,0.022000000000000002,0.0548,456774636701154.562500
-0.007369999999999932,0.0188,0.054,456774636701154.562500
-0.007359999999999978,0.0196,0.0572,456774636701154.562500
-0.007349999999999968,0.0196,0.056400000000000006,456774636701154.562500
-0.007339999999999958,0.0212,0.056400000000000006,456774636701154.562500
-0.007329999999999948,0.0196,0.054,456774636701154.562500
-0.007319999999999938,0.022000000000000002,0.055600000000000004,456774636701154.562500
-0.007309999999999983,0.022000000000000002,0.058,456774636701154.562500
-0.007299999999999973,0.022000000000000002,0.054,456774636701154.562500
-0.007289999999999963,0.0196,0.056400000000000006,456774636701154.562500
-0.007279999999999953,0.0244,0.0596,456774636701154.562500
-0.007269999999999943,0.0212,0.0572,456774636701154.562500
-0.007259999999999933,0.022000000000000002,0.0572,456774636701154.562500
-0.007249999999999979,0.0212,0.053200000000000004,456774636701154.562500
-0.007239999999999969,0.0212,0.0572,456774636701154.562500
-0.007229999999999959,0.022000000000000002,0.056400000000000006,456774636701154.562500
-0.007219999999999949,0.0236,0.055600000000000004,456774636701154.562500
-0.007209999999999939,0.022000000000000002,0.056400000000000006,456774636701154.562500
-0.007199999999999984,0.0244,0.055600000000000004,456774636701154.562500
-0.007189999999999974,0.0212,0.0572,456774636701154.562500
-0.007179999999999964,0.022000000000000002,0.0476,456774636701154.562500
-0.007169999999999954,0.0236,0.0476,456774636701154.562500
-0.007159999999999944,0.0228,0.0524,456774636701154.562500
-0.007149999999999934,0.022000000000000002,0.055600000000000004,456774636701154.562500
-0.00713999999999998,0.0212,0.05,456774636701154.562500
-0.00712999999999997,0.0236,0.056400000000000006,456774636701154.562500
-0.00711999999999996,0.022000000000000002,0.0572,456774636701154.562500
-0.00710999999999995,0.0204,0.0548,456774636701154.562500
-0.00709999999999994,0.0228,0.058,456774636701154.562500
-0.007089999999999985,0.0236,0.056400000000000006,456774636701154.562500
-0.007079999999999975,0.0228,0.058,456774636701154.562500
-0.007069999999999965,0.022000000000000002,0.058,456774636701154.562500
-0.007059999999999955,0.0228,0.056400000000000006,456774636701154.562500
-0.007049999999999945,0.0236,0.054,456774636701154.562500
-0.007039999999999935,0.0212,0.055600000000000004,456774636701154.562500
-0.007029999999999981,0.0228,0.0572,456774636701154.562500
-0.007019999999999971,0.022000000000000002,0.0524,456774636701154.562500
-0.007009999999999961,0.022000000000000002,0.0572,456774636701154.562500
-0.006999999999999951,0.0228,0.050800000000000005,456774636701154.562500
-0.006989999999999941,0.0212,0.056400000000000006,456774636701154.562500
-0.006979999999999986,0.0236,0.056400000000000006,456774636701154.562500
-0.006969999999999976,0.0228,0.058,456774636701154.562500
-0.006959999999999966,0.0228,0.0492,456774636701154.562500
-0.006949999999999956,0.0228,0.0572,456774636701154.562500
-0.006939999999999946,0.022000000000000002,0.050800000000000005,456774636701154.562500
-0.006929999999999936,0.022000000000000002,0.058,456774636701154.562500
-0.006919999999999982,0.0236,0.053200000000000004,456774636701154.562500
-0.006909999999999972,0.0228,0.053200000000000004,456774636701154.562500
-0.006899999999999962,0.0236,0.0548,456774636701154.562500
-0.006889999999999952,0.0236,0.0572,456774636701154.562500
-0.006879999999999942,0.0236,0.054,456774636701154.562500
-0.006869999999999987,0.0244,0.056400000000000006,456774636701154.562500
-0.006859999999999977,0.0228,0.055600000000000004,456774636701154.562500
-0.006849999999999967,0.0236,0.053200000000000004,456774636701154.562500
-0.006839999999999957,0.0228,0.0524,456774636701154.562500
-0.006829999999999947,0.022000000000000002,0.0572,456774636701154.562500
-0.006819999999999937,0.0236,0.058,456774636701154.562500
-0.006809999999999983,0.0212,0.056400000000000006,456774636701154.562500
-0.006799999999999973,0.0212,0.055600000000000004,456774636701154.562500
-0.006789999999999963,0.0212,0.056400000000000006,456774636701154.562500
-0.006779999999999953,0.0212,0.055600000000000004,456774636701154.562500
-0.006769999999999943,0.022000000000000002,0.053200000000000004,456774636701154.562500
-0.006759999999999933,0.022000000000000002,0.0548,456774636701154.562500
-0.006749999999999978,0.0212,0.054,456774636701154.562500
-0.006739999999999968,0.0228,0.056400000000000006,456774636701154.562500
-0.006729999999999958,0.0228,0.0548,456774636701154.562500
-0.006719999999999948,0.0204,0.0548,456774636701154.562500
-0.006709999999999938,0.0228,0.0572,456774636701154.562500
-0.006699999999999984,0.0204,0.054,456774636701154.562500
-0.006689999999999974,0.022000000000000002,0.05,456774636701154.562500
-0.006679999999999964,0.0204,0.0516,456774636701154.562500
-0.006669999999999954,0.0212,0.045200000000000004,456774636701154.562500
-0.006659999999999944,0.0228,0.0548,456774636701154.562500
-0.006649999999999934,0.0204,0.0476,456774636701154.562500
-0.006639999999999979,0.0228,0.0524,456774636701154.562500
-0.006629999999999969,0.0228,0.0492,456774636701154.562500
-0.006619999999999959,0.022000000000000002,0.056400000000000006,456774636701154.562500
-0.006609999999999949,0.022000000000000002,0.058,456774636701154.562500
-0.006599999999999939,0.0228,0.058,456774636701154.562500
-0.006589999999999985,0.0204,0.056400000000000006,456774636701154.562500
-0.006579999999999975,0.022000000000000002,0.053200000000000004,456774636701154.562500
-0.006569999999999965,0.022000000000000002,0.0548,456774636701154.562500
-0.006559999999999955,0.0252,0.0524,456774636701154.562500
-0.006549999999999945,0.0236,0.058,456774636701154.562500
-0.006539999999999935,0.0236,0.055600000000000004,456774636701154.562500
-0.00652999999999998,0.0252,0.056400000000000006,456774636701154.562500
-0.00651999999999997,0.0244,0.0492,456774636701154.562500
-0.00650999999999996,0.0228,0.058,456774636701154.562500
-0.00649999999999995,0.0196,0.054,456774636701154.562500
-0.00648999999999994,0.0236,0.058,456774636701154.562500
-0.006479999999999986,0.0236,0.0572,456774636701154.562500
-0.006469999999999976,0.022000000000000002,0.054,456774636701154.562500
-0.006459999999999966,0.022000000000000002,0.056400000000000006,456774636701154.562500
-0.006449999999999956,0.0204,0.050800000000000005,456774636701154.562500
-0.006439999999999946,0.0188,0.058,456774636701154.562500
-0.006429999999999936,0.0196,0.0492,456774636701154.562500
-0.006419999999999981,0.0188,0.058,456774636701154.562500
-0.006409999999999971,0.0188,0.0492,456774636701154.562500
-0.006399999999999961,0.018000000000000002,0.058800000000000005,456774636701154.562500
-0.006389999999999951,0.0204,0.05,456774636701154.562500
-0.006379999999999941,0.018000000000000002,0.058,456774636701154.562500
-0.006369999999999987,0.0164,0.0468,456774636701154.562500
-0.006359999999999977,0.0204,0.055600000000000004,456774636701154.562500
-0.006349999999999967,0.0196,0.0412,456774636701154.562500
-0.006339999999999957,0.011600000000000001,0.0516,456774636701154.562500
-0.006329999999999947,0.0188,0.0492,456774636701154.562500
-0.006319999999999937,0.0172,0.055600000000000004,456774636701154.562500
-0.006309999999999982,0.0212,0.058,456774636701154.562500
-0.006299999999999972,0.0188,0.056400000000000006,456774636701154.562500
-0.006289999999999962,0.0236,0.058,456774636701154.562500
-0.006279999999999952,0.0212,0.056400000000000006,456774636701154.562500
-0.006269999999999942,0.0244,0.054,456774636701154.562500
-0.006259999999999932,0.0252,0.050800000000000005,456774636701154.562500
-0.006249999999999978,0.018000000000000002,0.058,456774636701154.562500
-0.006239999999999968,0.0244,0.058,456774636701154.562500
-0.006229999999999958,0.0212,0.048400000000000006,456774636701154.562500
-0.006219999999999948,0.022000000000000002,0.0548,456774636701154.562500
-0.006209999999999938,0.0196,0.0492,456774636701154.562500
-0.006199999999999983,0.0228,0.058,456774636701154.562500
-0.006189999999999973,0.018000000000000002,0.053200000000000004,456774636701154.562500
-0.006179999999999963,0.0204,0.055600000000000004,456774636701154.562500
-0.006169999999999953,0.0172,0.056400000000000006,456774636701154.562500
-0.006159999999999943,0.0228,0.055600000000000004,456774636701154.562500
-0.006149999999999933,0.0204,0.0524,456774636701154.562500
-0.006139999999999979,0.022000000000000002,0.0572,456774636701154.562500
-0.006129999999999969,0.0204,0.058,456774636701154.562500
-0.006119999999999959,0.0212,0.054,456774636701154.562500
-0.006109999999999949,0.022000000000000002,0.056400000000000006,456774636701154.562500
-0.006099999999999939,0.022000000000000002,0.056400000000000006,456774636701154.562500
-0.006089999999999984,0.0236,0.0548,456774636701154.562500
-0.006079999999999974,0.022000000000000002,0.058,456774636701154.562500
-0.006069999999999964,0.018000000000000002,0.058,456774636701154.562500
-0.006059999999999954,0.0172,0.0596,456774636701154.562500
-0.006049999999999944,0.0196,0.058,456774636701154.562500
-0.006039999999999934,0.0252,0.055600000000000004,456774636701154.562500
-0.00602999999999998,0.018000000000000002,0.0572,456774636701154.562500
-0.00601999999999997,0.0188,0.050800000000000005,456774636701154.562500
-0.00600999999999996,0.0196,0.0548,456774636701154.562500
-0.00599999999999995,0.0236,0.050800000000000005,456774636701154.562500
-0.00598999999999994,0.022000000000000002,0.0572,456774636701154.562500
-0.005979999999999985,0.018000000000000002,0.058,456774636701154.562500
-0.005969999999999975,0.022000000000000002,0.0572,456774636701154.562500
-0.005959999999999965,0.0188,0.056400000000000006,456774636701154.562500
-0.005949999999999955,0.0236,0.0572,456774636701154.562500
-0.005939999999999945,0.0188,0.058,456774636701154.562500
-0.005929999999999935,0.0236,0.058,456774636701154.562500
-0.005919999999999981,0.0196,0.056400000000000006,456774636701154.562500
-0.005909999999999971,0.0236,0.0572,456774636701154.562500
-0.005899999999999961,0.022000000000000002,0.055600000000000004,456774636701154.562500
-0.005889999999999951,0.0228,0.0572,456774636701154.562500
-0.005879999999999941,0.0228,0.058,456774636701154.562500
-0.005869999999999986,0.0236,0.055600000000000004,456774636701154.562500
-0.005859999999999976,0.022000000000000002,0.05,456774636701154.562500
-0.005849999999999966,0.022000000000000002,0.0596,456774636701154.562500
-0.005839999999999956,0.0236,0.053200000000000004,456774636701154.562500
-0.005829999999999946,0.0212,0.0548,456774636701154.562500
-0.005819999999999936,0.0212,0.0468,456774636701154.562500
-0.005809999999999982,0.0212,0.05,456774636701154.562500
-0.005799999999999972,0.0212,0.0476,456774636701154.562500
-0.005789999999999962,0.0204,0.05,456774636701154.562500
-0.005779999999999952,0.022000000000000002,0.0492,456774636701154.562500
-0.005769999999999942,0.0212,0.056400000000000006,456774636701154.562500
-0.005759999999999932,0.022000000000000002,0.055600000000000004,456774636701154.562500
-0.005749999999999977,0.0188,0.056400000000000006,456774636701154.562500
-0.005739999999999967,0.0228,0.058,456774636701154.562500
-0.005729999999999957,0.0196,0.0572,456774636701154.562500
-0.005719999999999947,0.0188,0.056400000000000006,456774636701154.562500
-0.005709999999999937,0.022000000000000002,0.055600000000000004,456774636701154.562500
-0.005699999999999983,0.0236,0.0572,456774636701154.562500
-0.005689999999999973,0.0212,0.0572,456774636701154.562500
-0.005679999999999963,0.0212,0.056400000000000006,456774636701154.562500
-0.005669999999999953,0.015600000000000001,0.055600000000000004,456774636701154.562500
-0.005659999999999943,0.022000000000000002,0.0548,456774636701154.562500
-0.005649999999999933,0.0228,0.0548,456774636701154.562500
-0.005639999999999978,0.0244,0.048400000000000006,456774636701154.562500
-0.005629999999999968,0.0252,0.0548,456774636701154.562500
-0.005619999999999958,0.0228,0.0468,456774636701154.562500
-0.005609999999999948,0.0244,0.058,456774636701154.562500
-0.005599999999999938,0.0236,0.055600000000000004,456774636701154.562500
-0.005589999999999984,0.022000000000000002,0.0548,456774636701154.562500
-0.005579999999999974,0.0212,0.055600000000000004,456774636701154.562500
-0.005569999999999964,0.0236,0.0572,456774636701154.562500
-0.005559999999999954,0.0228,0.056400000000000006,456774636701154.562500
-0.005549999999999944,0.022000000000000002,0.055600000000000004,456774636701154.562500
-0.005539999999999934,0.0212,0.058,456774636701154.562500
-0.005529999999999979,0.0196,0.058,456774636701154.562500
-0.005519999999999969,0.0212,0.058,456774636701154.562500
-0.005509999999999959,0.022000000000000002,0.056400000000000006,456774636701154.562500
-0.005499999999999949,0.0228,0.054,456774636701154.562500
-0.005489999999999939,0.0188,0.055600000000000004,456774636701154.562500
-0.005479999999999985,0.0212,0.042800000000000005,456774636701154.562500
-0.005469999999999975,0.0204,0.054,456774636701154.562500
-0.005459999999999965,0.0212,0.0524,456774636701154.562500
-0.005449999999999955,0.0212,0.058800000000000005,456774636701154.562500
-0.005439999999999945,0.018000000000000002,0.054,456774636701154.562500
-0.005429999999999935,0.0188,0.058,456774636701154.562500
-0.00541999999999998,0.022000000000000002,0.0572,456774636701154.562500
-0.00540999999999997,0.0212,0.056400000000000006,456774636701154.562500
-0.00539999999999996,0.0236,0.0572,456774636701154.562500
-0.00538999999999995,0.0236,0.0572,456774636701154.562500
-0.00537999999999994,0.022000000000000002,0.0524,456774636701154.562500
-0.005369999999999986,0.0236,0.0572,456774636701154.562500
-0.005359999999999976,0.0244,0.05,456774636701154.562500
-0.005349999999999966,0.0228,0.055600000000000004,456774636701154.562500
-0.005339999999999956,0.0244,0.048400000000000006,456774636701154.562500
-0.005329999999999946,0.0228,0.0572,456774636701154.562500
-0.005319999999999936,0.0244,0.0516,456774636701154.562500
-0.005309999999999981,0.0236,0.0516,456774636701154.562500
-0.005299999999999971,0.0236,0.058,456774636701154.562500
-0.005289999999999961,0.0236,0.055600000000000004,456774636701154.562500
-0.005279999999999951,0.0252,0.058800000000000005,456774636701154.562500
-0.005269999999999941,0.0236,0.0516,456774636701154.562500
-0.005259999999999987,0.0228,0.056400000000000006,456774636701154.562500
-0.005249999999999977,0.0212,0.0548,456774636701154.562500
-0.005239999999999967,0.0228,0.058800000000000005,456774636701154.562500
-0.005229999999999957,0.0212,0.0572,456774636701154.562500
-0.005219999999999947,0.0204,0.053200000000000004,456774636701154.562500
-0.005209999999999937,0.0236,0.0572,456774636701154.562500
-0.005199999999999982,0.0196,0.05,456774636701154.562500
-0.005189999999999972,0.022000000000000002,0.055600000000000004,456774636701154.562500
-0.005179999999999962,0.0196,0.058,456774636701154.562500
-0.005169999999999952,0.0212,0.0572,456774636701154.562500
-0.005159999999999942,0.0196,0.056400000000000006,456774636701154.562500
-0.005149999999999932,0.022000000000000002,0.056400000000000006,456774636701154.562500
-0.005139999999999978,0.0212,0.058,456774636701154.562500
-0.005129999999999968,0.0212,0.058,456774636701154.562500
-0.005119999999999958,0.0204,0.054,456774636701154.562500
-0.005109999999999948,0.022000000000000002,0.056400000000000006,456774636701154.562500
-0.005099999999999938,0.0212,0.0516,456774636701154.562500
-0.005089999999999983,0.0244,0.050800000000000005,456774636701154.562500
-0.005079999999999973,0.0228,0.058800000000000005,456774636701154.562500
-0.005069999999999963,0.022000000000000002,0.055600000000000004,456774636701154.562500
-0.005059999999999953,0.0244,0.058,456774636701154.562500
-0.005049999999999943,0.0228,0.054,456774636701154.562500
-0.005039999999999933,0.022000000000000002,0.0572,456774636701154.562500
-0.005029999999999979,0.0236,0.05,456774636701154.562500
-0.005019999999999969,0.0236,0.054,456774636701154.562500
-0.005009999999999959,0.0236,0.054,456774636701154.562500
-0.004999999999999949,0.0244,0.0492,456774636701154.562500
-0.004989999999999939,0.0244,0.058,456774636701154.562500
-0.0049799999999999844,0.022000000000000002,0.055600000000000004,456774636701154.562500
-0.0049699999999999744,0.0228,0.058800000000000005,456774636701154.562500
-0.0049599999999999644,0.0228,0.050800000000000005,456774636701154.562500
-0.0049499999999999544,0.022000000000000002,0.0516,456774636701154.562500
-0.0049399999999999444,0.0228,0.0516,456774636701154.562500
-0.0049299999999999344,0.0204,0.058,456774636701154.562500
-0.00491999999999998,0.0204,0.0516,456774636701154.562500
-0.00490999999999997,0.0212,0.056400000000000006,456774636701154.562500
-0.00489999999999996,0.022000000000000002,0.0572,456774636701154.562500
-0.00488999999999995,0.0204,0.058,456774636701154.562500
-0.00487999999999994,0.0212,0.0572,456774636701154.562500
-0.0048699999999999855,0.0228,0.058,456774636701154.562500
-0.0048599999999999755,0.0196,0.056400000000000006,456774636701154.562500
-0.0048499999999999654,0.018000000000000002,0.056400000000000006,456774636701154.562500
-0.0048399999999999554,0.022000000000000002,0.058,456774636701154.562500
-0.0048299999999999454,0.0196,0.0572,456774636701154.562500
-0.0048199999999999354,0.0212,0.0548,456774636701154.562500
-0.004809999999999981,0.0236,0.0572,456774636701154.562500
-0.004799999999999971,0.0228,0.056400000000000006,456774636701154.562500
-0.004789999999999961,0.0228,0.0572,456774636701154.562500
-0.004779999999999951,0.022000000000000002,0.058,456774636701154.562500
-0.004769999999999941,0.0244,0.056400000000000006,456774636701154.562500
-0.0047599999999999865,0.0236,0.058,456774636701154.562500
-0.0047499999999999765,0.0228,0.058,456774636701154.562500
-0.0047399999999999665,0.0244,0.0572,456774636701154.562500
-0.0047299999999999565,0.0228,0.058,456774636701154.562500
-0.0047199999999999465,0.0244,0.058,456774636701154.562500
-0.0047099999999999365,0.0228,0.056400000000000006,456774636701154.562500
-0.004699999999999982,0.022000000000000002,0.058800000000000005,456774636701154.562500
-0.004689999999999972,0.022000000000000002,0.056400000000000006,456774636701154.562500
-0.004679999999999962,0.0228,0.0572,456774636701154.562500
-0.004669999999999952,0.0236,0.056400000000000006,456774636701154.562500
-0.004659999999999942,0.0188,0.058,456774636701154.562500
-0.004649999999999932,0.0228,0.058,456774636701154.562500
-0.0046399999999999775,0.0196,0.0572,456774636701154.562500
-0.0046299999999999675,0.022000000000000002,0.058,456774636701154.562500
-0.0046199999999999575,0.0228,0.058800000000000005,456774636701154.562500
-0.0046099999999999475,0.022000000000000002,0.058800000000000005,456774636701154.562500
-0.0045999999999999375,0.0228,0.058,456774636701154.562500
-0.004589999999999983,0.0212,0.056400000000000006,456774636701154.562500
-0.004579999999999973,0.022000000000000002,0.058800000000000005,456774636701154.562500
-0.004569999999999963,0.0204,0.055600000000000004,456774636701154.562500
-0.004559999999999953,0.0172,0.046,456774636701154.562500
-0.004549999999999943,0.0212,0.056400000000000006,456774636701154.562500
-0.004539999999999933,0.022000000000000002,0.0548,456774636701154.562500
-0.0045299999999999785,0.022000000000000002,0.058,456774636701154.562500
-0.0045199999999999685,0.0236,0.058,456774636701154.562500
-0.0045099999999999585,0.022000000000000002,0.0516,456774636701154.562500
-0.0044999999999999485,0.022000000000000002,0.054,456774636701154.562500
-0.0044899999999999385,0.022000000000000002,0.0396,456774636701154.562500
-0.004479999999999984,0.0212,0.054,456774636701154.562500
-0.004469999999999974,0.0196,0.0492,456774636701154.562500
-0.004459999999999964,0.0244,0.053200000000000004,456774636701154.562500
-0.004449999999999954,0.0212,0.0468,456774636701154.562500
-0.004439999999999944,0.0236,0.054,456774636701154.562500
-0.004429999999999934,0.0236,0.0492,456774636701154.562500
-0.0044199999999999795,0.0244,0.0572,456774636701154.562500
-0.0044099999999999695,0.0228,0.0548,456774636701154.562500
-0.0043999999999999595,0.0236,0.056400000000000006,456774636701154.562500
-0.0043899999999999495,0.0244,0.058,456774636701154.562500
-0.0043799999999999395,0.0212,0.042,456774636701154.562500
-0.004369999999999985,0.0236,0.056400000000000006,456774636701154.562500
-0.004359999999999975,0.0204,0.0524,456774636701154.562500
-0.004349999999999965,0.0188,0.058,456774636701154.562500
-0.004339999999999955,0.022000000000000002,0.0572,456774636701154.562500
-0.004329999999999945,0.0212,0.0572,456774636701154.562500
-0.004319999999999935,0.0212,0.0548,456774636701154.562500
-0.0043099999999999805,0.0228,0.0572,456774636701154.562500
-0.0042999999999999705,0.0196,0.0572,456774636701154.562500
-0.0042899999999999605,0.0212,0.058,456774636701154.562500
-0.0042799999999999505,0.0204,0.0548,456774636701154.562500
-0.0042699999999999405,0.022000000000000002,0.0572,456774636701154.562500
-0.004259999999999986,0.022000000000000002,0.0548,456774636701154.562500
-0.004249999999999976,0.022000000000000002,0.056400000000000006,456774636701154.562500
-0.004239999999999966,0.022000000000000002,0.054,456774636701154.562500
-0.004229999999999956,0.0228,0.0548,456774636701154.562500
-0.004219999999999946,0.0236,0.0548,456774636701154.562500
-0.004209999999999936,0.0212,0.054,456774636701154.562500
-0.0041999999999999815,0.0244,0.055600000000000004,456774636701154.562500
-0.0041899999999999715,0.0236,0.055600000000000004,456774636701154.562500
-0.0041799999999999615,0.0236,0.058,456774636701154.562500
-0.0041699999999999515,0.0204,0.053200000000000004,456774636701154.562500
-0.0041599999999999415,0.022000000000000002,0.056400000000000006,456774636701154.562500
-0.004149999999999987,0.0212,0.0492,456774636701154.562500
-0.004139999999999977,0.022000000000000002,0.056400000000000006,456774636701154.562500
-0.004129999999999967,0.0228,0.058,456774636701154.562500
-0.004119999999999957,0.0244,0.055600000000000004,456774636701154.562500
-0.004109999999999947,0.0228,0.056400000000000006,456774636701154.562500
-0.004099999999999937,0.0228,0.0516,456774636701154.562500
-0.0040899999999999825,0.0244,0.0476,456774636701154.562500
-0.0040799999999999725,0.0244,0.0572,456774636701154.562500
-0.0040699999999999625,0.022000000000000002,0.056400000000000006,456774636701154.562500
-0.0040599999999999525,0.0244,0.0548,456774636701154.562500
-0.0040499999999999425,0.0236,0.054,456774636701154.562500
-0.0040399999999999325,0.0228,0.058,456774636701154.562500
-0.004029999999999978,0.0236,0.058,456774636701154.562500
-0.004019999999999968,0.0228,0.056400000000000006,456774636701154.562500
-0.004009999999999958,0.022000000000000002,0.058800000000000005,456774636701154.562500
-0.003999999999999948,0.0228,0.056400000000000006,456774636701154.562500
-0.003989999999999938,0.0188,0.055600000000000004,456774636701154.562500
-0.0039799999999999836,0.022000000000000002,0.0476,456774636701154.562500
-0.0039699999999999736,0.0228,0.056400000000000006,456774636701154.562500
-0.0039599999999999635,0.0228,0.0492,456774636701154.562500
-0.0039499999999999535,0.022000000000000002,0.0572,456774636701154.562500
-0.0039399999999999435,0.022000000000000002,0.048400000000000006,456774636701154.562500
-0.0039299999999999335,0.0188,0.056400000000000006,456774636701154.562500
-0.003919999999999979,0.0228,0.0572,456774636701154.562500
-0.003909999999999969,0.0196,0.055600000000000004,456774636701154.562500
-0.003899999999999959,0.022000000000000002,0.0548,456774636701154.562500
-0.003889999999999949,0.0228,0.055600000000000004,456774636701154.562500
-0.003879999999999939,0.0244,0.054,456774636701154.562500
-0.0038699999999999846,0.0196,0.0476,456774636701154.562500
-0.0038599999999999746,0.0196,0.058,456774636701154.562500
-0.0038499999999999646,0.018000000000000002,0.058,456774636701154.562500
-0.0038399999999999546,0.015600000000000001,0.0572,456774636701154.562500
-0.0038299999999999446,0.0188,0.054,456774636701154.562500
-0.0038199999999999346,0.0236,0.0572,456774636701154.562500
-0.00380999999999998,0.0236,0.056400000000000006,456774636701154.562500
-0.00379999999999997,0.022000000000000002,0.0548,456774636701154.562500
-0.00378999999999996,0.022000000000000002,0.0524,456774636701154.562500
-0.00377999999999995,0.0252,0.055600000000000004,456774636701154.562500
-0.00376999999999994,0.0236,0.053200000000000004,456774636701154.562500
-0.0037599999999999856,0.0236,0.058,456774636701154.562500
-0.0037499999999999756,0.0236,0.0548,456774636701154.562500
-0.0037399999999999656,0.0212,0.056400000000000006,456774636701154.562500
-0.0037299999999999556,0.022000000000000002,0.0572,456774636701154.562500
-0.0037199999999999456,0.015600000000000001,0.054,456774636701154.562500
-0.0037099999999999356,0.0204,0.0572,456774636701154.562500
-0.003699999999999981,0.0196,0.056400000000000006,456774636701154.562500
-0.003689999999999971,0.0212,0.0548,456774636701154.562500
-0.003679999999999961,0.0188,0.0516,456774636701154.562500
-0.003669999999999951,0.0204,0.05,456774636701154.562500
-0.003659999999999941,0.0196,0.045200000000000004,456774636701154.562500
-0.0036499999999999866,0.0212,0.053200000000000004,456774636701154.562500
-0.0036399999999999766,0.0228,0.0412,456774636701154.562500
-0.0036299999999999666,0.0228,0.0516,456774636701154.562500
-0.0036199999999999566,0.0196,0.0492,456774636701154.562500
-0.0036099999999999466,0.022000000000000002,0.050800000000000005,456774636701154.562500
-0.0035999999999999366,0.0196,0.0476,456774636701154.562500
-0.003589999999999982,0.0236,0.0548,456774636701154.562500
-0.003579999999999972,0.0228,0.0572,456774636701154.562500
-0.003569999999999962,0.0228,0.055600000000000004,456774636701154.562500
-0.003559999999999952,0.0204,0.055600000000000004,456774636701154.562500
-0.003549999999999942,0.0228,0.054,456774636701154.562500
-0.003539999999999932,0.0236,0.0548,456774636701154.562500
-0.0035299999999999776,0.0244,0.0444,456774636701154.562500
-0.0035199999999999676,0.0236,0.0412,456774636701154.562500
-0.0035099999999999576,0.0236,0.0492,456774636701154.562500
-0.0034999999999999476,0.0252,0.055600000000000004,456774636701154.562500
-0.0034899999999999376,0.0236,0.056400000000000006,456774636701154.562500
-0.003479999999999983,0.0244,0.055600000000000004,456774636701154.562500
-0.003469999999999973,0.0236,0.058,456774636701154.562500
-0.003459999999999963,0.0236,0.058,456774636701154.562500
-0.003449999999999953,0.0212,0.0572,456774636701154.562500
-0.003439999999999943,0.0212,0.056400000000000006,456774636701154.562500
-0.003429999999999933,0.0196,0.054,456774636701154.562500
-0.0034199999999999786,0.0228,0.0572,456774636701154.562500
-0.0034099999999999686,0.022000000000000002,0.058,456774636701154.562500
-0.0033999999999999586,0.0204,0.0572,456774636701154.562500
-0.0033899999999999486,0.0228,0.056400000000000006,456774636701154.562500
-0.0033799999999999386,0.0196,0.0516,456774636701154.562500
-0.003369999999999984,0.0228,0.0516,456774636701154.562500
-0.003359999999999974,0.022000000000000002,0.054,456774636701154.562500
-0.003349999999999964,0.022000000000000002,0.0516,456774636701154.562500
-0.003339999999999954,0.0172,0.0548,456774636701154.562500
-0.003329999999999944,0.022000000000000002,0.053200000000000004,456774636701154.562500
-0.003319999999999934,0.0212,0.0516,456774636701154.562500
-0.0033099999999999796,0.0228,0.055600000000000004,456774636701154.562500
-0.0032999999999999696,0.0228,0.056400000000000006,456774636701154.562500
-0.0032899999999999596,0.0228,0.0572,456774636701154.562500
-0.0032799999999999496,0.022000000000000002,0.054,456774636701154.562500
-0.0032699999999999396,0.0212,0.058,456774636701154.562500
-0.003259999999999985,0.022000000000000002,0.056400000000000006,456774636701154.562500
-0.003249999999999975,0.018000000000000002,0.058,456774636701154.562500
-0.003239999999999965,0.0204,0.0548,456774636701154.562500
-0.003229999999999955,0.0244,0.056400000000000006,456774636701154.562500
-0.003219999999999945,0.0228,0.058,456774636701154.562500
-0.003209999999999935,0.022000000000000002,0.056400000000000006,456774636701154.562500
-0.0031999999999999806,0.0236,0.056400000000000006,456774636701154.562500
-0.0031899999999999706,0.0244,0.055600000000000004,456774636701154.562500
-0.0031799999999999606,0.0252,0.0572,456774636701154.562500
-0.0031699999999999506,0.022000000000000002,0.058,456774636701154.562500
-0.0031599999999999406,0.0228,0.055600000000000004,456774636701154.562500
-0.003149999999999986,0.0196,0.056400000000000006,456774636701154.562500
-0.003139999999999976,0.022000000000000002,0.0548,456774636701154.562500
-0.003129999999999966,0.0212,0.056400000000000006,456774636701154.562500
-0.003119999999999956,0.0204,0.056400000000000006,456774636701154.562500
-0.003109999999999946,0.0196,0.056400000000000006,456774636701154.562500
-0.003099999999999936,0.022000000000000002,0.058,456774636701154.562500
-0.0030899999999999817,0.0228,0.0572,456774636701154.562500
-0.0030799999999999716,0.022000000000000002,0.054,456774636701154.562500
-0.0030699999999999616,0.0204,0.058,456774636701154.562500
-0.0030599999999999516,0.022000000000000002,0.0572,456774636701154.562500
-0.0030499999999999416,0.0204,0.05,456774636701154.562500
-0.0030399999999999316,0.0204,0.058,456774636701154.562500
-0.003029999999999977,0.0204,0.054,456774636701154.562500
-0.003019999999999967,0.0236,0.0572,456774636701154.562500
-0.003009999999999957,0.0204,0.058,456774636701154.562500
-0.002999999999999947,0.022000000000000002,0.058,456774636701154.562500
-0.002989999999999937,0.022000000000000002,0.058,456774636701154.562500
-0.0029799999999999827,0.0228,0.0548,456774636701154.562500
-0.0029699999999999727,0.0228,0.0572,456774636701154.562500
-0.0029599999999999627,0.0212,0.054,456774636701154.562500
-0.0029499999999999527,0.0228,0.0572,456774636701154.562500
-0.0029399999999999427,0.0228,0.056400000000000006,456774636701154.562500
-0.0029299999999999327,0.0204,0.058,456774636701154.562500
-0.002919999999999978,0.0228,0.0572,456774636701154.562500
-0.002909999999999968,0.022000000000000002,0.058800000000000005,456774636701154.562500
-0.002899999999999958,0.0236,0.056400000000000006,456774636701154.562500
-0.002889999999999948,0.0228,0.055600000000000004,456774636701154.562500
-0.002879999999999938,0.0236,0.0572,456774636701154.562500
-0.0028699999999999837,0.0228,0.053200000000000004,456774636701154.562500
-0.0028599999999999737,0.0212,0.054,456774636701154.562500
-0.0028499999999999637,0.0188,0.055600000000000004,456774636701154.562500
-0.0028399999999999537,0.0204,0.0548,456774636701154.562500
-0.0028299999999999437,0.0148,0.0572,456774636701154.562500
-0.0028199999999999337,0.0236,0.0476,456774636701154.562500
-0.002809999999999979,0.0228,0.0572,456774636701154.562500
-0.002799999999999969,0.0236,0.055600000000000004,456774636701154.562500
-0.002789999999999959,0.022000000000000002,0.055600000000000004,456774636701154.562500
-0.002779999999999949,0.0204,0.058800000000000005,456774636701154.562500
-0.002769999999999939,0.0196,0.055600000000000004,456774636701154.562500
-0.0027599999999999847,0.0204,0.0572,456774636701154.562500
-0.0027499999999999747,0.022000000000000002,0.0572,456774636701154.562500
-0.0027399999999999647,0.0228,0.0548,456774636701154.562500
-0.0027299999999999547,0.022000000000000002,0.058,456774636701154.562500
-0.0027199999999999447,0.0228,0.0516,456774636701154.562500
-0.0027099999999999347,0.022000000000000002,0.054,456774636701154.562500
-0.00269999999999998,0.0204,0.0468,456774636701154.562500
-0.00268999999999997,0.022000000000000002,0.0476,456774636701154.562500
-0.00267999999999996,0.0196,0.0524,456774636701154.562500
-0.00266999999999995,0.0212,0.0516,456774636701154.562500
-0.00265999999999994,0.0212,0.0548,456774636701154.562500
-0.0026499999999999857,0.0236,0.0572,456774636701154.562500
-0.0026399999999999757,0.026000000000000002,0.0548,456774636701154.562500
-0.0026299999999999657,0.0228,0.053200000000000004,456774636701154.562500
-0.0026199999999999557,0.022000000000000002,0.0548,456774636701154.562500
-0.0026099999999999457,0.0236,0.056400000000000006,456774636701154.562500
-0.0025999999999999357,0.0236,0.055600000000000004,456774636701154.562500
-0.002589999999999981,0.0212,0.054,456774636701154.562500
-0.002579999999999971,0.018000000000000002,0.053200000000000004,456774636701154.562500
-0.002569999999999961,0.0196,0.056400000000000006,456774636701154.562500
-0.002559999999999951,0.0172,0.0572,456774636701154.562500
-0.002549999999999941,0.0188,0.0516,456774636701154.562500
-0.0025399999999999867,0.018000000000000002,0.0572,456774636701154.562500
-0.0025299999999999767,0.0196,0.0524,456774636701154.562500
-0.0025199999999999667,0.0172,0.0548,456774636701154.562500
-0.0025099999999999567,0.0204,0.045200000000000004,456774636701154.562500
-0.0024999999999999467,0.0204,0.0516,456774636701154.562500
-0.0024899999999999367,0.0228,0.038,456774636701154.562500
-0.0024799999999999822,0.022000000000000002,0.0492,456774636701154.562500
-0.0024699999999999722,0.0196,0.046,456774636701154.562500
-0.0024599999999999622,0.022000000000000002,0.056400000000000006,456774636701154.562500
-0.002449999999999952,0.0212,0.0492,456774636701154.562500
-0.002439999999999942,0.022000000000000002,0.058,456774636701154.562500
-0.002429999999999932,0.022000000000000002,0.0524,456774636701154.562500
-0.0024199999999999777,0.0228,0.056400000000000006,456774636701154.562500
-0.0024099999999999677,0.0204,0.056400000000000006,456774636701154.562500
-0.0023999999999999577,0.0196,0.058,456774636701154.562500
-0.0023899999999999477,0.0236,0.055600000000000004,456774636701154.562500
-0.0023799999999999377,0.022000000000000002,0.056400000000000006,456774636701154.562500
-0.0023699999999999832,0.0196,0.0548,456774636701154.562500
-0.0023599999999999732,0.022000000000000002,0.0572,456774636701154.562500
-0.0023499999999999632,0.0212,0.0572,456774636701154.562500
-0.0023399999999999532,0.0252,0.0524,456774636701154.562500
-0.0023299999999999432,0.0188,0.0572,456774636701154.562500
-0.0023199999999999332,0.0244,0.0524,456774636701154.562500
-0.0023099999999999787,0.022000000000000002,0.058,456774636701154.562500
-0.0022999999999999687,0.0244,0.0572,456774636701154.562500
-0.0022899999999999587,0.022000000000000002,0.055600000000000004,456774636701154.562500
-0.0022799999999999487,0.0244,0.056400000000000006,456774636701154.562500
-0.0022699999999999387,0.0188,0.056400000000000006,456774636701154.562500
-0.0022599999999999842,0.0244,0.058,456774636701154.562500
-0.0022499999999999742,0.0204,0.055600000000000004,456774636701154.562500
-0.0022399999999999642,0.022000000000000002,0.058,456774636701154.562500
-0.0022299999999999542,0.0212,0.0524,456774636701154.562500
-0.0022199999999999442,0.0244,0.0572,456774636701154.562500
-0.0022099999999999342,0.0228,0.058,456774636701154.562500
-0.0021999999999999797,0.0236,0.0572,456774636701154.562500
-0.0021899999999999697,0.0228,0.0548,456774636701154.562500
-0.0021799999999999597,0.022000000000000002,0.056400000000000006,456774636701154.562500
-0.0021699999999999497,0.0212,0.053200000000000004,456774636701154.562500
-0.0021599999999999397,0.0204,0.050800000000000005,456774636701154.562500
-0.0021499999999999853,0.0204,0.055600000000000004,456774636701154.562500
-0.0021399999999999753,0.022000000000000002,0.053200000000000004,456774636701154.562500
-0.0021299999999999653,0.022000000000000002,0.0572,456774636701154.562500
-0.0021199999999999553,0.0204,0.055600000000000004,456774636701154.562500
-0.0021099999999999453,0.0212,0.0572,456774636701154.562500
-0.0020999999999999353,0.022000000000000002,0.055600000000000004,456774636701154.562500
-0.0020899999999999808,0.0212,0.058,456774636701154.562500
-0.0020799999999999708,0.0236,0.0572,456774636701154.562500
-0.0020699999999999608,0.0228,0.056400000000000006,456774636701154.562500
-0.0020599999999999508,0.0228,0.058,456774636701154.562500
-0.0020499999999999408,0.022000000000000002,0.056400000000000006,456774636701154.562500
-0.0020399999999999863,0.022000000000000002,0.056400000000000006,456774636701154.562500
-0.0020299999999999763,0.0244,0.058,456774636701154.562500
-0.0020199999999999663,0.0244,0.0572,456774636701154.562500
-0.0020099999999999563,0.0252,0.0572,456774636701154.562500
-0.0019999999999999463,0.0252,0.0572,456774636701154.562500
-0.0019899999999999363,0.0236,0.058800000000000005,456774636701154.562500
-0.0019799999999999818,0.0244,0.055600000000000004,456774636701154.562500
-0.0019699999999999718,0.0244,0.0572,456774636701154.562500
-0.0019599999999999618,0.0236,0.0548,456774636701154.562500
-0.0019499999999999518,0.0236,0.0548,456774636701154.562500
-0.0019399999999999418,0.0236,0.054,456774636701154.562500
-0.0019299999999999318,0.0244,0.054,456774636701154.562500
-0.0019199999999999773,0.0228,0.056400000000000006,456774636701154.562500
-0.0019099999999999673,0.022000000000000002,0.050800000000000005,456774636701154.562500
-0.0018999999999999573,0.0228,0.05,456774636701154.562500
-0.0018899999999999473,0.022000000000000002,0.0572,456774636701154.562500
-0.0018799999999999373,0.022000000000000002,0.0516,456774636701154.562500
-0.0018699999999999828,0.022000000000000002,0.056400000000000006,456774636701154.562500
-0.0018599999999999728,0.022000000000000002,0.0548,456774636701154.562500
-0.0018499999999999628,0.022000000000000002,0.055600000000000004,456774636701154.562500
-0.0018399999999999528,0.0236,0.0548,456774636701154.562500
-0.0018299999999999428,0.0228,0.056400000000000006,456774636701154.562500
-0.0018199999999999328,0.0212,0.0476,456774636701154.562500
-0.0018099999999999783,0.022000000000000002,0.0572,456774636701154.562500
-0.0017999999999999683,0.022000000000000002,0.056400000000000006,456774636701154.562500
-0.0017899999999999583,0.022000000000000002,0.0572,456774636701154.562500
-0.0017799999999999483,0.022000000000000002,0.056400000000000006,456774636701154.562500
-0.0017699999999999383,0.0228,0.048400000000000006,456774636701154.562500
-0.0017599999999999838,0.0196,0.0548,456774636701154.562500
-0.0017499999999999738,0.022000000000000002,0.055600000000000004,456774636701154.562500
-0.0017399999999999638,0.0236,0.0548,456774636701154.562500
-0.0017299999999999538,0.0228,0.05,456774636701154.562500
-0.0017199999999999438,0.0236,0.0548,456774636701154.562500
-0.0017099999999999338,0.0212,0.0524,456774636701154.562500
-0.0016999999999999793,0.0244,0.0516,456774636701154.562500
-0.0016899999999999693,0.0236,0.053200000000000004,456774636701154.562500
-0.0016799999999999593,0.022000000000000002,0.056400000000000006,456774636701154.562500
-0.0016699999999999493,0.0236,0.0548,456774636701154.562500
-0.0016599999999999393,0.022000000000000002,0.0572,456774636701154.562500
-0.0016499999999999848,0.0228,0.0572,456774636701154.562500
-0.0016399999999999748,0.0236,0.056400000000000006,456774636701154.562500
-0.0016299999999999648,0.0236,0.056400000000000006,456774636701154.562500
-0.0016199999999999548,0.022000000000000002,0.0548,456774636701154.562500
-0.0016099999999999448,0.0212,0.0572,456774636701154.562500
-0.0015999999999999348,0.0228,0.05,456774636701154.562500
-0.0015899999999999803,0.0228,0.0548,456774636701154.562500
-0.0015799999999999703,0.0228,0.055600000000000004,456774636701154.562500
-0.0015699999999999603,0.022000000000000002,0.054,456774636701154.562500
-0.0015599999999999503,0.0212,0.055600000000000004,456774636701154.562500
-0.0015499999999999403,0.022000000000000002,0.055600000000000004,456774636701154.562500
-0.0015399999999999858,0.0188,0.048400000000000006,456774636701154.562500
-0.0015299999999999758,0.022000000000000002,0.05,456774636701154.562500
-0.0015199999999999658,0.0228,0.0516,456774636701154.562500
-0.0015099999999999558,0.0228,0.050800000000000005,456774636701154.562500
-0.0014999999999999458,0.022000000000000002,0.055600000000000004,456774636701154.562500
-0.0014899999999999358,0.0204,0.056400000000000006,456774636701154.562500
-0.0014799999999999813,0.022000000000000002,0.056400000000000006,456774636701154.562500
-0.0014699999999999713,0.022000000000000002,0.058,456774636701154.562500
-0.0014599999999999613,0.0204,0.055600000000000004,456774636701154.562500
-0.0014499999999999513,0.022000000000000002,0.058,456774636701154.562500
-0.0014399999999999413,0.0228,0.054,456774636701154.562500
-0.0014299999999999868,0.0236,0.055600000000000004,456774636701154.562500
-0.0014199999999999768,0.022000000000000002,0.0548,456774636701154.562500
-0.0014099999999999668,0.0236,0.0572,456774636701154.562500
-0.0013999999999999568,0.0244,0.0572,456774636701154.562500
-0.0013899999999999468,0.0244,0.053200000000000004,456774636701154.562500
-0.0013799999999999368,0.0244,0.056400000000000006,456774636701154.562500
-0.0013699999999999823,0.0188,0.050800000000000005,456774636701154.562500
-0.0013599999999999723,0.0244,0.0572,456774636701154.562500
-0.0013499999999999623,0.0228,0.058,456774636701154.562500
-0.0013399999999999523,0.0244,0.0524,456774636701154.562500
-0.0013299999999999423,0.0228,0.058,456774636701154.562500
-0.0013199999999999323,0.0228,0.0572,456774636701154.562500
-0.0013099999999999778,0.022000000000000002,0.056400000000000006,456774636701154.562500
-0.0012999999999999678,0.0196,0.053200000000000004,456774636701154.562500
-0.0012899999999999578,0.022000000000000002,0.056400000000000006,456774636701154.562500
-0.0012799999999999478,0.022000000000000002,0.056400000000000006,456774636701154.562500
-0.0012699999999999378,0.022000000000000002,0.055600000000000004,456774636701154.562500
-0.0012599999999999834,0.0228,0.050800000000000005,456774636701154.562500
-0.0012499999999999734,0.022000000000000002,0.050800000000000005,456774636701154.562500
-0.0012399999999999634,0.022000000000000002,0.0548,456774636701154.562500
-0.0012299999999999534,0.0228,0.054,456774636701154.562500
-0.0012199999999999434,0.0228,0.0436,456774636701154.562500
-0.0012099999999999334,0.0212,0.056400000000000006,456774636701154.562500
-0.0011999999999999789,0.0204,0.045200000000000004,456774636701154.562500
-0.0011899999999999689,0.0228,0.0492,456774636701154.562500
-0.0011799999999999589,0.0204,0.050800000000000005,456774636701154.562500
-0.0011699999999999489,0.0212,0.050800000000000005,456774636701154.562500
-0.0011599999999999389,0.022000000000000002,0.0476,456774636701154.562500
-0.0011499999999999844,0.022000000000000002,0.055600000000000004,456774636701154.562500
-0.0011399999999999744,0.0228,0.0548,456774636701154.562500
-0.0011299999999999644,0.0228,0.055600000000000004,456774636701154.562500
-0.0011199999999999544,0.0236,0.054,456774636701154.562500
-0.0011099999999999444,0.022000000000000002,0.0572,456774636701154.562500
-0.0010999999999999344,0.0236,0.055600000000000004,456774636701154.562500
-0.0010899999999999799,0.0252,0.053200000000000004,456774636701154.562500
-0.0010799999999999699,0.0228,0.058,456774636701154.562500
-0.0010699999999999599,0.0236,0.055600000000000004,456774636701154.562500
-0.0010599999999999499,0.0244,0.054,456774636701154.562500
-0.0010499999999999399,0.0244,0.048400000000000006,456774636701154.562500
-0.0010399999999999854,0.022000000000000002,0.055600000000000004,456774636701154.562500
-0.0010299999999999754,0.0236,0.042,456774636701154.562500
-0.0010199999999999654,0.0236,0.055600000000000004,456774636701154.562500
-0.0010099999999999554,0.022000000000000002,0.056400000000000006,456774636701154.562500
-0.0009999999999999454,0.0228,0.0572,456774636701154.562500
-0.0009899999999999354,0.0236,0.056400000000000006,456774636701154.562500
-0.0009799999999999809,0.022000000000000002,0.054,456774636701154.562500
-0.0009699999999999709,0.0236,0.0516,456774636701154.562500
-0.0009599999999999609,0.022000000000000002,0.056400000000000006,456774636701154.562500
-0.0009499999999999509,0.0204,0.053200000000000004,456774636701154.562500
-0.0009399999999999409,0.022000000000000002,0.0572,456774636701154.562500
-0.0009299999999999864,0.0212,0.058,456774636701154.562500
-0.0009199999999999764,0.0212,0.056400000000000006,456774636701154.562500
-0.0009099999999999664,0.0212,0.058800000000000005,456774636701154.562500
-0.0008999999999999564,0.022000000000000002,0.0548,456774636701154.562500
-0.0008899999999999464,0.0236,0.05,456774636701154.562500
-0.0008799999999999364,0.022000000000000002,0.053200000000000004,456774636701154.562500
-0.0008699999999999819,0.022000000000000002,0.040400000000000005,456774636701154.562500
-0.0008599999999999719,0.022000000000000002,0.053200000000000004,456774636701154.562500
-0.0008499999999999619,0.022000000000000002,0.0468,456774636701154.562500
-0.0008399999999999519,0.0196,0.054,456774636701154.562500
-0.0008299999999999419,0.0236,0.0492,456774636701154.562500
-0.0008199999999999319,0.0228,0.056400000000000006,456774636701154.562500
-0.0008099999999999774,0.0212,0.0548,456774636701154.562500
-0.0007999999999999674,0.0244,0.054,456774636701154.562500
-0.0007899999999999574,0.0236,0.0492,456774636701154.562500
-0.0007799999999999474,0.0228,0.055600000000000004,456774636701154.562500
-0.0007699999999999374,0.0244,0.0572,456774636701154.562500
-0.0007599999999999829,0.0204,0.056400000000000006,456774636701154.562500
-0.0007499999999999729,0.0228,0.056400000000000006,456774636701154.562500
-0.0007399999999999629,0.0228,0.0572,456774636701154.562500
-0.0007299999999999529,0.0236,0.056400000000000006,456774636701154.562500
-0.0007199999999999429,0.0212,0.055600000000000004,456774636701154.562500
-0.0007099999999999329,0.0212,0.0492,456774636701154.562500
-0.0006999999999999784,0.0204,0.055600000000000004,456774636701154.562500
-0.0006899999999999684,0.0196,0.048400000000000006,456774636701154.562500
-0.0006799999999999584,0.0212,0.0572,456774636701154.562500
-0.0006699999999999484,0.0196,0.056400000000000006,456774636701154.562500
-0.0006599999999999384,0.014,0.0524,456774636701154.562500
-0.0006499999999999839,0.022000000000000002,0.0524,456774636701154.562500
-0.0006399999999999739,0.018000000000000002,0.053200000000000004,456774636701154.562500
-0.0006299999999999639,0.0204,0.054,456774636701154.562500
-0.0006199999999999539,0.0204,0.055600000000000004,456774636701154.562500
-0.0006099999999999439,0.022000000000000002,0.0524,456774636701154.562500
-0.0005999999999999339,0.0212,0.0572,456774636701154.562500
-0.0005899999999999794,0.0204,0.0572,456774636701154.562500
-0.0005799999999999694,0.0188,0.055600000000000004,456774636701154.562500
-0.0005699999999999594,0.022000000000000002,0.058800000000000005,456774636701154.562500
-0.0005599999999999494,0.022000000000000002,0.0572,456774636701154.562500
-0.0005499999999999394,0.022000000000000002,0.0572,456774636701154.562500
-0.0005399999999999849,0.022000000000000002,0.056400000000000006,456774636701154.562500
-0.0005299999999999749,0.022000000000000002,0.05,456774636701154.562500
-0.0005199999999999649,0.022000000000000002,0.056400000000000006,456774636701154.562500
-0.0005099999999999549,0.0236,0.054,456774636701154.562500
-0.0004999999999999449,0.0228,0.0548,456774636701154.562500
-0.0004899999999999349,0.022000000000000002,0.0572,456774636701154.562500
-0.00047999999999998044,0.022000000000000002,0.055600000000000004,456774636701154.562500
-0.00046999999999997044,0.0244,0.0572,456774636701154.562500
-0.00045999999999996044,0.022000000000000002,0.054,456774636701154.562500
-0.00044999999999995044,0.0244,0.0572,456774636701154.562500
-0.00043999999999994044,0.022000000000000002,0.0492,456774636701154.562500
-0.00042999999999998595,0.0252,0.056400000000000006,456774636701154.562500
-0.00041999999999997595,0.0236,0.0524,456774636701154.562500
-0.00040999999999996595,0.0236,0.0572,456774636701154.562500
-0.00039999999999995595,0.0236,0.0572,456774636701154.562500
-0.00038999999999994595,0.022000000000000002,0.054,456774636701154.562500
-0.00037999999999993594,0.0188,0.0548,456774636701154.562500
-0.00036999999999998145,0.0228,0.0524,456774636701154.562500
-0.00035999999999997145,0.0204,0.056400000000000006,456774636701154.562500
-0.00034999999999996145,0.022000000000000002,0.058,456774636701154.562500
-0.00033999999999995145,0.0228,0.0572,456774636701154.562500
-0.00032999999999994145,0.0236,0.0524,456774636701154.562500
-0.00031999999999993145,0.0204,0.0572,456774636701154.562500
-0.00030999999999997696,0.0228,0.053200000000000004,456774636701154.562500
-0.00029999999999996696,0.0212,0.054,456774636701154.562500
-0.00028999999999995696,0.022000000000000002,0.045200000000000004,456774636701154.562500
-0.00027999999999994696,0.0228,0.056400000000000006,456774636701154.562500
-0.00026999999999993696,0.0196,0.056400000000000006,456774636701154.562500
-0.00025999999999998247,0.022000000000000002,0.0516,456774636701154.562500
-0.00024999999999997247,0.0228,0.055600000000000004,456774636701154.562500
-0.00023999999999996247,0.0204,0.0388,456774636701154.562500
-0.00022999999999995246,0.022000000000000002,0.046,456774636701154.562500
-0.00021999999999994246,0.0228,0.045200000000000004,456774636701154.562500
-0.00020999999999993246,0.0212,0.054,456774636701154.562500
-0.00019999999999997797,0.0228,0.0572,456774636701154.562500
-0.00018999999999996797,0.022000000000000002,0.0572,456774636701154.562500
-0.00017999999999995797,0.0236,0.056400000000000006,456774636701154.562500
-0.00016999999999994797,0.022000000000000002,0.0492,456774636701154.562500
-0.00015999999999993797,0.0236,0.0516,456774636701154.562500
-0.00014999999999998348,0.0212,0.0396,456774636701154.562500
-0.00013999999999997348,0.022000000000000002,0.050800000000000005,456774636701154.562500
-0.00012999999999996348,0.0244,0.0436,456774636701154.562500
-0.00011999999999995348,0.022000000000000002,0.050800000000000005,456774636701154.562500
-0.00010999999999994348,0.0228,0.0476,456774636701154.562500
-9.999999999993348e-05,0.0212,0.055600000000000004,456774636701154.562500
-8.999999999997899e-05,0.022000000000000002,0.055600000000000004,456774636701154.562500
-7.999999999996898e-05,0.0228,0.0548,456774636701154.562500
-6.999999999995898e-05,0.0244,0.0548,456774636701154.562500
-5.999999999994898e-05,0.022000000000000002,0.056400000000000006,456774636701154.562500
-4.999999999993898e-05,0.022000000000000002,0.0476,456774636701154.562500
-3.999999999998449e-05,0.0212,0.050800000000000005,456774636701154.562500
-2.999999999997449e-05,0.022000000000000002,0.056400000000000006,456774636701154.562500
-1.999999999996449e-05,0.022000000000000002,0.0492,456774636701154.562500
-9.99999999995449e-06,0.0204,0.056400000000000006,456774636701154.562500
0.0,0.0188,0.053200000000000004,456774636701154.562500
1.0000000000065512e-05,0.0204,0.053200000000000004,456774636701154.562500
2.0000000000020002e-05,0.0204,0.0476,456774636701154.562500
3.0000000000085514e-05,0.0164,0.0548,456774636701154.562500
4.0000000000040004e-05,0.0172,0.045200000000000004,456774636701154.562500
4.999999999999449e-05,0.0212,0.054,456774636701154.562500
6.0000000000060005e-05,0.0236,0.0524,456774636701154.562500
7.00000000000145e-05,0.022000000000000002,0.058,456774636701154.562500
8.000000000008001e-05,0.022000000000000002,0.053200000000000004,456774636701154.562500
9.00000000000345e-05,0.0228,0.056400000000000006,456774636701154.562500
9.999999999998899e-05,0.0236,0.055600000000000004,456774636701154.562500
0.0001100000000000545,0.0212,0.0572,456774636701154.562500
0.00012000000000000899,0.0188,0.056400000000000006,456774636701154.562500
0.0001300000000000745,0.022000000000000002,0.0572,456774636701154.562500
0.000140000000000029,0.018000000000000002,0.055600000000000004,456774636701154.562500
0.0001500000000000945,0.0172,0.055600000000000004,456774636701154.562500
0.000160000000000049,0.022000000000000002,0.0572,456774636701154.562500
0.00017000000000000348,0.0228,0.0572,456774636701154.562500
0.000180000000000069,0.0228,0.058,456774636701154.562500
0.00019000000000002348,0.0244,0.054,456774636701154.562500
0.000200000000000089,0.0236,0.056400000000000006,456774636701154.562500
0.00021000000000004349,0.0228,0.0572,456774636701154.562500
0.00021999999999999797,0.0236,0.0572,456774636701154.562500
0.0002300000000000635,0.0212,0.0572,456774636701154.562500
0.00024000000000001798,0.0172,0.055600000000000004,456774636701154.562500
0.0002500000000000835,0.022000000000000002,0.0548,456774636701154.562500
0.000260000000000038,0.0228,0.058800000000000005,456774636701154.562500
0.00026999999999999247,0.0228,0.058,456774636701154.562500
0.000280000000000058,0.022000000000000002,0.058,456774636701154.562500
0.00029000000000001247,0.018000000000000002,0.0572,456774636701154.562500
0.000300000000000078,0.0228,0.058,456774636701154.562500
0.00031000000000003247,0.0204,0.054,456774636701154.562500
0.00031999999999998696,0.0212,0.055600000000000004,456774636701154.562500
0.0003300000000000525,0.0212,0.054,456774636701154.562500
0.00034000000000000696,0.0236,0.0572,456774636701154.562500
0.0003500000000000725,0.0196,0.056400000000000006,456774636701154.562500
0.00036000000000002697,0.0228,0.055600000000000004,456774636701154.562500
0.0003700000000000925,0.0212,0.055600000000000004,456774636701154.562500
0.00038000000000004697,0.0228,0.056400000000000006,456774636701154.562500
0.00039000000000000146,0.0196,0.0572,456774636701154.562500
0.00040000000000006697,0.0228,0.0572,456774636701154.562500
0.00041000000000002146,0.0204,0.054,456774636701154.562500
0.00042000000000008697,0.0236,0.056400000000000006,456774636701154.562500
0.00043000000000004146,0.0212,0.0572,456774636701154.562500
0.00043999999999999595,0.0228,0.056400000000000006,456774636701154.562500
0.00045000000000006146,0.0228,0.058,456774636701154.562500
0.00046000000000001595,0.022000000000000002,0.0572,456774636701154.562500
0.00047000000000008146,0.0212,0.0548,456774636701154.562500
0.00048000000000003595,0.0228,0.058,456774636701154.562500
0.0004899999999999904,0.0228,0.0572,456774636701154.562500
0.000500000000000056,0.0252,0.055600000000000004,456774636701154.562500
0.0005100000000000104,0.0228,0.0548,456774636701154.562500
0.000520000000000076,0.0228,0.0572,456774636701154.562500
0.0005300000000000304,0.0228,0.055600000000000004,456774636701154.562500
0.000540000000000096,0.0228,0.056400000000000006,456774636701154.562500
0.0005500000000000504,0.022000000000000002,0.058,456774636701154.562500
0.0005600000000000049,0.0236,0.0572,456774636701154.562500
0.0005700000000000705,0.0212,0.055600000000000004,456774636701154.562500
0.0005800000000000249,0.0228,0.058,456774636701154.562500
0.0005900000000000905,0.0228,0.0516,456774636701154.562500
0.0006000000000000449,0.022000000000000002,0.0572,456774636701154.562500
0.0006099999999999994,0.0212,0.0572,456774636701154.562500
0.0006200000000000649,0.0212,0.058,456774636701154.562500
0.0006300000000000194,0.022000000000000002,0.0524,456774636701154.562500
0.0006400000000000849,0.0212,0.0572,456774636701154.562500
0.0006500000000000394,0.0228,0.055600000000000004,456774636701154.562500
0.0006599999999999939,0.0236,0.055600000000000004,456774636701154.562500
0.0006700000000000594,0.0236,0.053200000000000004,456774636701154.562500
0.0006800000000000139,0.0212,0.055600000000000004,456774636701154.562500
0.0006900000000000794,0.0188,0.056400000000000006,456774636701154.562500
0.0007000000000000339,0.022000000000000002,0.0548,456774636701154.562500
0.0007099999999999884,0.0196,0.056400000000000006,456774636701154.562500
0.0007200000000000539,0.0236,0.055600000000000004,456774636701154.562500
0.0007300000000000084,0.0212,0.0572,456774636701154.562500
0.0007400000000000739,0.0228,0.0572,456774636701154.562500
0.0007500000000000284,0.0228,0.0548,456774636701154.562500
0.0007600000000000939,0.0228,0.058,456774636701154.562500
0.0007700000000000484,0.0244,0.056400000000000006,456774636701154.562500
0.0007800000000000029,0.018000000000000002,0.0572,456774636701154.562500
0.0007900000000000684,0.0212,0.058,456774636701154.562500
0.0008000000000000229,0.022000000000000002,0.0572,456774636701154.562500
0.0008100000000000884,0.0228,0.0548,456774636701154.562500
0.0008200000000000429,0.0244,0.056400000000000006,456774636701154.562500
0.0008299999999999974,0.022000000000000002,0.0572,456774636701154.562500
0.0008400000000000629,0.0228,0.050800000000000005,456774636701154.562500
0.0008500000000000174,0.0204,0.055600000000000004,456774636701154.562500
0.0008600000000000829,0.022000000000000002,0.05,456774636701154.562500
0.0008700000000000374,0.0236,0.0516,456774636701154.562500
0.0008799999999999919,0.022000000000000002,0.042,456774636701154.562500
0.0008900000000000574,0.0212,0.0516,456774636701154.562500
0.0009000000000000119,0.0212,0.0468,456774636701154.562500
0.0009100000000000774,0.0212,0.058,456774636701154.562500
0.0009200000000000319,0.0212,0.055600000000000004,456774636701154.562500
0.0009299999999999864,0.022000000000000002,0.056400000000000006,456774636701154.562500
0.0009400000000000519,0.022000000000000002,0.0572,456774636701154.562500
0.0009500000000000064,0.0236,0.058,456774636701154.562500
0.0009600000000000719,0.0212,0.056400000000000006,456774636701154.562500
0.0009700000000000264,0.0228,0.0548,456774636701154.562500
0.000980000000000092,0.0236,0.056400000000000006,456774636701154.562500
0.0009900000000000464,0.0196,0.0572,456774636701154.562500
0.0010000000000000009,0.0204,0.058,456774636701154.562500
0.0010100000000000664,0.0188,0.055600000000000004,456774636701154.562500
0.0010200000000000209,0.0236,0.058,456774636701154.562500
0.0010300000000000864,0.0228,0.058,456774636701154.562500
0.001040000000000041,0.0228,0.0572,456774636701154.562500
0.0010499999999999954,0.0228,0.056400000000000006,456774636701154.562500
0.001060000000000061,0.0236,0.058800000000000005,456774636701154.562500
0.0010700000000000154,0.0244,0.056400000000000006,456774636701154.562500
0.001080000000000081,0.0236,0.055600000000000004,456774636701154.562500
0.0010900000000000354,0.022000000000000002,0.055600000000000004,456774636701154.562500
0.0010999999999999899,0.0236,0.055600000000000004,456774636701154.562500
0.0011100000000000554,0.0228,0.055600000000000004,456774636701154.562500
0.0011200000000000099,0.0228,0.0572,456774636701154.562500
0.0011300000000000754,0.0228,0.054,456774636701154.562500
0.0011400000000000299,0.0236,0.056400000000000006,456774636701154.562500
0.0011500000000000954,0.0236,0.055600000000000004,456774636701154.562500
0.0011600000000000499,0.022000000000000002,0.056400000000000006,456774636701154.562500
0.0011700000000000044,0.0244,0.0548,456774636701154.562500
0.0011800000000000699,0.0236,0.054,456774636701154.562500
0.0011900000000000244,0.0228,0.046,456774636701154.562500
0.0012000000000000899,0.022000000000000002,0.055600000000000004,456774636701154.562500
0.0012100000000000444,0.022000000000000002,0.0524,456774636701154.562500
0.0012199999999999989,0.0204,0.0572,456774636701154.562500
0.0012300000000000644,0.0204,0.054,456774636701154.562500
0.0012400000000000189,0.0212,0.0572,456774636701154.562500
0.0012500000000000844,0.0212,0.054,456774636701154.562500
0.0012600000000000389,0.0212,0.058,456774636701154.562500
0.0012699999999999934,0.0212,0.058,456774636701154.562500
0.0012800000000000589,0.022000000000000002,0.045200000000000004,456774636701154.562500
0.0012900000000000134,0.022000000000000002,0.056400000000000006,456774636701154.562500
0.0013000000000000789,0.0244,0.0572,456774636701154.562500
0.0013100000000000334,0.0204,0.058,456774636701154.562500
0.0013199999999999878,0.0228,0.056400000000000006,456774636701154.562500
0.0013300000000000534,0.0196,0.055600000000000004,456774636701154.562500
0.0013400000000000079,0.0236,0.0572,456774636701154.562500
0.0013500000000000734,0.0228,0.056400000000000006,456774636701154.562500
0.0013600000000000279,0.0236,0.055600000000000004,456774636701154.562500
0.0013700000000000934,0.0236,0.055600000000000004,456774636701154.562500
0.0013800000000000479,0.0252,0.058,456774636701154.562500
0.0013900000000000023,0.0212,0.053200000000000004,456774636701154.562500
0.0014000000000000679,0.0228,0.058,456774636701154.562500
0.0014100000000000223,0.022000000000000002,0.054,456774636701154.562500
0.0014200000000000879,0.0236,0.0572,456774636701154.562500
0.0014300000000000423,0.0244,0.056400000000000006,456774636701154.562500
0.0014399999999999968,0.0244,0.056400000000000006,456774636701154.562500
0.0014500000000000624,0.0204,0.056400000000000006,456774636701154.562500
0.0014600000000000168,0.0228,0.0572,456774636701154.562500
0.0014700000000000824,0.0236,0.05,456774636701154.562500
0.0014800000000000368,0.0228,0.055600000000000004,456774636701154.562500
0.0014899999999999913,0.0212,0.053200000000000004,456774636701154.562500
0.0015000000000000568,0.022000000000000002,0.058,456774636701154.562500
0.0015100000000000113,0.0204,0.0492,456774636701154.562500
0.0015200000000000768,0.0228,0.055600000000000004,456774636701154.562500
0.0015300000000000313,0.0188,0.054,456774636701154.562500
0.0015399999999999858,0.0204,0.053200000000000004,456774636701154.562500
0.0015500000000000513,0.0228,0.056400000000000006,456774636701154.562500
0.0015600000000000058,0.0196,0.0572,456774636701154.562500
0.0015700000000000713,0.0212,0.056400000000000006,456774636701154.562500
0.0015800000000000258,0.0204,0.054,456774636701154.562500
0.0015900000000000913,0.0204,0.055600000000000004,456774636701154.562500
0.0016000000000000458,0.0244,0.0572,456774636701154.562500
0.0016100000000000003,0.0212,0.058800000000000005,456774636701154.562500
0.0016200000000000658,0.0228,0.058,456774636701154.562500
0.0016300000000000203,0.022000000000000002,0.054,456774636701154.562500
0.0016400000000000858,0.0228,0.0572,456774636701154.562500
0.0016500000000000403,0.0236,0.058,456774636701154.562500
0.0016599999999999948,0.0252,0.0572,456774636701154.562500
0.0016700000000000603,0.0196,0.055600000000000004,456774636701154.562500
0.0016800000000000148,0.0236,0.056400000000000006,456774636701154.562500
0.0016900000000000803,0.0236,0.048400000000000006,456774636701154.562500
0.0017000000000000348,0.0252,0.055600000000000004,456774636701154.562500
0.0017099999999999893,0.0204,0.0516,456774636701154.562500
0.0017200000000000548,0.0244,0.0572,456774636701154.562500
0.0017300000000000093,0.022000000000000002,0.055600000000000004,456774636701154.562500
0.0017400000000000748,0.0228,0.053200000000000004,456774636701154.562500
0.0017500000000000293,0.0228,0.053200000000000004,456774636701154.562500
0.0017600000000000948,0.022000000000000002,0.0548,456774636701154.562500
0.0017700000000000493,0.0244,0.058,456774636701154.562500
0.0017800000000000038,0.022000000000000002,0.058,456774636701154.562500
0.0017900000000000693,0.0228,0.0548,456774636701154.562500
0.0018000000000000238,0.0204,0.058800000000000005,456774636701154.562500
0.0018100000000000893,0.0212,0.0572,456774636701154.562500
0.0018200000000000438,0.0172,0.055600000000000004,456774636701154.562500
0.0018299999999999983,0.022000000000000002,0.055600000000000004,456774636701154.562500
0.0018400000000000638,0.0228,0.056400000000000006,456774636701154.562500
0.0018500000000000183,0.0196,0.0548,456774636701154.562500
0.0018600000000000838,0.0196,0.0572,456774636701154.562500
0.0018700000000000383,0.022000000000000002,0.056400000000000006,456774636701154.562500
0.0018799999999999928,0.022000000000000002,0.054,456774636701154.562500
0.0018900000000000583,0.0236,0.0572,456774636701154.562500
0.0019000000000000128,0.0228,0.0572,456774636701154.562500
0.0019100000000000783,0.022000000000000002,0.058,456774636701154.562500
0.0019200000000000328,0.0188,0.056400000000000006,456774636701154.562500
0.0019299999999999873,0.0236,0.0572,456774636701154.562500
0.0019400000000000528,0.0228,0.056400000000000006,456774636701154.562500
0.0019500000000000073,0.0228,0.0572,456774636701154.562500
0.001960000000000073,0.0188,0.056400000000000006,456774636701154.562500
0.0019700000000000273,0.0252,0.0572,456774636701154.562500
0.001980000000000093,0.0188,0.055600000000000004,456774636701154.562500
0.0019900000000000473,0.0244,0.058,456774636701154.562500
0.0020000000000000018,0.0196,0.0476,456774636701154.562500
0.0020100000000000673,0.0236,0.056400000000000006,456774636701154.562500
0.0020200000000000218,0.0244,0.05,456774636701154.562500
0.0020300000000000873,0.0196,0.058,456774636701154.562500
0.0020400000000000418,0.0212,0.0516,456774636701154.562500
0.0020499999999999963,0.015600000000000001,0.056400000000000006,456774636701154.562500
0.0020600000000000618,0.0188,0.05,456774636701154.562500
0.0020700000000000163,0.022000000000000002,0.0548,456774636701154.562500
0.002080000000000082,0.022000000000000002,0.054,456774636701154.562500
0.0020900000000000363,0.0212,0.055600000000000004,456774636701154.562500
0.0020999999999999908,0.0228,0.0492,456774636701154.562500
0.0021100000000000563,0.0212,0.0524,456774636701154.562500
0.0021200000000000108,0.0188,0.053200000000000004,456774636701154.562500
0.0021300000000000763,0.022000000000000002,0.056400000000000006,456774636701154.562500
0.0021400000000000308,0.0196,0.053200000000000004,456774636701154.562500
0.0021500000000000963,0.022000000000000002,0.058800000000000005,456774636701154.562500
0.0021600000000000508,0.022000000000000002,0.0572,456774636701154.562500
0.0021700000000000053,0.022000000000000002,0.055600000000000004,456774636701154.562500
0.0021800000000000708,0.0228,0.0572,456774636701154.562500
0.0021900000000000253,0.0204,0.0596,456774636701154.562500
0.0022000000000000908,0.0212,0.056400000000000006,456774636701154.562500
0.0022100000000000453,0.022000000000000002,0.058,456774636701154.562500
0.0022199999999999998,0.0212,0.0572,456774636701154.562500
0.0022300000000000653,0.0188,0.0468,456774636701154.562500
0.0022400000000000198,0.0244,0.0524,456774636701154.562500
0.0022500000000000853,0.0236,0.0468,456774636701154.562500
0.0022600000000000398,0.0252,0.053200000000000004,456774636701154.562500
0.0022699999999999942,0.0252,0.0516,456774636701154.562500
0.0022800000000000598,0.0244,0.055600000000000004,456774636701154.562500
0.0022900000000000142,0.0244,0.0476,456774636701154.562500
0.0023000000000000798,0.0236,0.05,456774636701154.562500
0.0023100000000000342,0.0228,0.0444,456774636701154.562500
0.0023199999999999887,0.0236,0.054,456774636701154.562500
0.0023300000000000542,0.0236,0.055600000000000004,456774636701154.562500
0.0023400000000000087,0.022000000000000002,0.0548,456774636701154.562500
0.0023500000000000743,0.022000000000000002,0.053200000000000004,456774636701154.562500
0.0023600000000000287,0.0212,0.055600000000000004,456774636701154.562500
0.0023700000000000943,0.0212,0.056400000000000006,456774636701154.562500
0.0023800000000000487,0.022000000000000002,0.054,456774636701154.562500
0.0023900000000000032,0.022000000000000002,0.058,456774636701154.562500
0.0024000000000000687,0.022000000000000002,0.055600000000000004,456774636701154.562500
0.0024100000000000232,0.0196,0.05,456774636701154.562500
0.0024200000000000887,0.022000000000000002,0.058,456774636701154.562500
0.0024300000000000432,0.014,0.0492,456774636701154.562500
0.0024399999999999977,0.0212,0.0572,456774636701154.562500
0.0024500000000000632,0.0212,0.053200000000000004,456774636701154.562500
0.0024600000000000177,0.0212,0.0516,456774636701154.562500
0.0024700000000000832,0.022000000000000002,0.056400000000000006,456774636701154.562500
0.0024800000000000377,0.0212,0.058,456774636701154.562500
0.0024899999999999922,0.0228,0.055600000000000004,456774636701154.562500
0.0025000000000000577,0.0228,0.058,456774636701154.562500
0.0025100000000000122,0.0188,0.0572,456774636701154.562500
0.0025200000000000777,0.022000000000000002,0.054,456774636701154.562500
0.0025300000000000322,0.018000000000000002,0.054,456774636701154.562500
0.0025399999999999867,0.0228,0.054,456774636701154.562500
0.0025500000000000522,0.0236,0.055600000000000004,456774636701154.562500
0.0025600000000000067,0.0244,0.055600000000000004,456774636701154.562500
0.0025700000000000722,0.0244,0.053200000000000004,456774636701154.562500
0.0025800000000000267,0.022000000000000002,0.0548,456774636701154.562500
0.0025900000000000922,0.0196,0.0572,456774636701154.562500
0.0026000000000000467,0.0228,0.055600000000000004,456774636701154.562500
0.002610000000000001,0.0252,0.055600000000000004,456774636701154.562500
0.0026200000000000667,0.0252,0.0572,456774636701154.562500
0.002630000000000021,0.0244,0.0516,456774636701154.562500
0.0026400000000000867,0.0244,0.055600000000000004,456774636701154.562500
0.002650000000000041,0.0236,0.0516,456774636701154.562500
0.0026599999999999957,0.0236,0.056400000000000006,456774636701154.562500
0.002670000000000061,0.022000000000000002,0.053200000000000004,456774636701154.562500
0.0026800000000000157,0.022000000000000002,0.056400000000000006,456774636701154.562500
0.002690000000000081,0.022000000000000002,0.0516,456774636701154.562500
0.0027000000000000357,0.022000000000000002,0.055600000000000004,456774636701154.562500
0.00270999999999999,0.0212,0.055600000000000004,456774636701154.562500
0.0027200000000000557,0.0228,0.058,456774636701154.562500
0.00273000000000001,0.022000000000000002,0.0572,456774636701154.562500
0.0027400000000000757,0.0228,0.0548,456774636701154.562500
0.00275000000000003,0.022000000000000002,0.0516,456774636701154.562500
0.0027600000000000957,0.022000000000000002,0.058,456774636701154.562500
0.00277000000000005,0.022000000000000002,0.058800000000000005,456774636701154.562500
0.0027800000000000047,0.0228,0.0572,456774636701154.562500
0.00279000000000007,0.0212,0.0572,456774636701154.562500
0.0028000000000000247,0.0196,0.053200000000000004,456774636701154.562500
0.00281000000000009,0.0228,0.058,456774636701154.562500
0.0028200000000000447,0.0228,0.0476,456774636701154.562500
0.002829999999999999,0.0228,0.055600000000000004,456774636701154.562500
0.0028400000000000647,0.0244,0.050800000000000005,456774636701154.562500
0.002850000000000019,0.0236,0.0524,456774636701154.562500
0.0028600000000000847,0.0236,0.0468,456774636701154.562500
0.002870000000000039,0.0236,0.0548,456774636701154.562500
0.0028799999999999937,0.0236,0.0492,456774636701154.562500
0.002890000000000059,0.0236,0.056400000000000006,456774636701154.562500
0.0029000000000000137,0.0244,0.053200000000000004,456774636701154.562500
0.002910000000000079,0.0252,0.056400000000000006,456774636701154.562500
0.0029200000000000337,0.0244,0.056400000000000006,456774636701154.562500
0.002929999999999988,0.0252,0.054,456774636701154.562500
0.0029400000000000537,0.0244,0.055600000000000004,456774636701154.562500
0.002950000000000008,0.022000000000000002,0.056400000000000006,456774636701154.562500
0.0029600000000000737,0.0236,0.0572,456774636701154.562500
0.002970000000000028,0.022000000000000002,0.058,456774636701154.562500
0.0029800000000000937,0.0204,0.0572,456774636701154.562500
0.002990000000000048,0.0164,0.056400000000000006,456774636701154.562500
0.0030000000000000027,0.0212,0.056400000000000006,456774636701154.562500
0.003010000000000068,0.0188,0.058,456774636701154.562500
0.0030200000000000227,0.0212,0.054,456774636701154.562500
0.003030000000000088,0.0212,0.053200000000000004,456774636701154.562500
0.0030400000000000427,0.0236,0.0572,456774636701154.562500
0.003049999999999997,0.0228,0.0524,456774636701154.562500
0.0030600000000000627,0.0228,0.0572,456774636701154.562500
0.003070000000000017,0.022000000000000002,0.056400000000000006,456774636701154.562500
0.0030800000000000827,0.0196,0.0468,456774636701154.562500
0.003090000000000037,0.022000000000000002,0.056400000000000006,456774636701154.562500
0.0030999999999999917,0.0228,0.054,456774636701154.562500
0.003110000000000057,0.0212,0.058,456774636701154.562500
0.0031200000000000117,0.022000000000000002,0.0572,456774636701154.562500
0.003130000000000077,0.022000000000000002,0.058,456774636701154.562500
0.0031400000000000317,0.0212,0.055600000000000004,456774636701154.562500
0.003149999999999986,0.0228,0.0548,456774636701154.562500
0.0031600000000000517,0.0228,0.058,456774636701154.562500
0.003170000000000006,0.0228,0.056400000000000006,456774636701154.562500
0.0031800000000000717,0.0212,0.0492,456774636701154.562500
0.003190000000000026,0.0228,0.0572,456774636701154.562500
0.0032000000000000917,0.0188,0.056400000000000006,456774636701154.562500
0.003210000000000046,0.022000000000000002,0.055600000000000004,456774636701154.562500
0.0032200000000000006,0.0236,0.0548,456774636701154.562500
0.003230000000000066,0.0204,0.058,456774636701154.562500
0.0032400000000000206,0.0236,0.055600000000000004,456774636701154.562500
0.003250000000000086,0.0244,0.0524,456774636701154.562500
0.0032600000000000406,0.022000000000000002,0.0572,456774636701154.562500
0.003269999999999995,0.0228,0.055600000000000004,456774636701154.562500
0.0032800000000000606,0.0212,0.056400000000000006,456774636701154.562500
0.003290000000000015,0.0212,0.056400000000000006,456774636701154.562500
0.0033000000000000806,0.0196,0.05,456774636701154.562500
0.003310000000000035,0.0212,0.058,456774636701154.562500
0.0033199999999999896,0.0196,0.056400000000000006,456774636701154.562500
0.003330000000000055,0.0212,0.048400000000000006,456774636701154.562500
0.0033400000000000096,0.018000000000000002,0.058,456774636701154.562500
0.003350000000000075,0.0196,0.045200000000000004,456774636701154.562500
0.0033600000000000296,0.0196,0.0572,456774636701154.562500
0.003370000000000095,0.022000000000000002,0.055600000000000004,456774636701154.562500
0.0033800000000000496,0.022000000000000002,0.058,456774636701154.562500
0.003390000000000004,0.022000000000000002,0.058,456774636701154.562500
0.0034000000000000696,0.022000000000000002,0.056400000000000006,456774636701154.562500
0.003410000000000024,0.0228,0.0572,456774636701154.562500
0.0034200000000000896,0.0204,0.0548,456774636701154.562500
0.003430000000000044,0.0236,0.055600000000000004,456774636701154.562500
0.0034399999999999986,0.0236,0.046,456774636701154.562500
0.003450000000000064,0.0228,0.056400000000000006,456774636701154.562500
0.0034600000000000186,0.0252,0.056400000000000006,456774636701154.562500
0.003470000000000084,0.0228,0.056400000000000006,456774636701154.562500
0.0034800000000000386,0.0252,0.055600000000000004,456774636701154.562500
0.003489999999999993,0.0228,0.055600000000000004,456774636701154.562500
0.0035000000000000586,0.0244,0.056400000000000006,456774636701154.562500
0.003510000000000013,0.0236,0.053200000000000004,456774636701154.562500
0.0035200000000000786,0.0228,0.0548,456774636701154.562500
0.003530000000000033,0.0244,0.054,456774636701154.562500
0.0035399999999999876,0.0212,0.0572,456774636701154.562500
0.003550000000000053,0.022000000000000002,0.0476,456774636701154.562500
0.0035600000000000076,0.0204,0.053200000000000004,456774636701154.562500
0.003570000000000073,0.022000000000000002,0.045200000000000004,456774636701154.562500
0.0035800000000000276,0.014,0.056400000000000006,456774636701154.562500
0.003590000000000093,0.0172,0.0572,456774636701154.562500
0.0036000000000000476,0.0132,0.0572,456774636701154.562500
0.003610000000000002,0.0196,0.055600000000000004,456774636701154.562500
0.0036200000000000676,0.0212,0.0572,456774636701154.562500
0.003630000000000022,0.022000000000000002,0.0516,456774636701154.562500
0.0036400000000000876,0.022000000000000002,0.0572,456774636701154.562500
0.003650000000000042,0.0212,0.058,456774636701154.562500
0.0036599999999999966,0.0228,0.055600000000000004,456774636701154.562500
0.003670000000000062,0.022000000000000002,0.056400000000000006,456774636701154.562500
0.0036800000000000166,0.022000000000000002,0.050800000000000005,456774636701154.562500
0.003690000000000082,0.0212,0.0572,456774636701154.562500
0.0037000000000000366,0.0212,0.0572,456774636701154.562500
0.003709999999999991,0.0228,0.0516,456774636701154.562500
0.0037200000000000566,0.0188,0.058800000000000005,456774636701154.562500
0.003730000000000011,0.0228,0.0524,456774636701154.562500
0.0037400000000000766,0.0204,0.058800000000000005,456774636701154.562500
0.003750000000000031,0.022000000000000002,0.056400000000000006,456774636701154.562500
0.0037600000000000966,0.022000000000000002,0.056400000000000006,456774636701154.562500
0.003770000000000051,0.0212,0.055600000000000004,456774636701154.562500
0.0037800000000000056,0.0236,0.055600000000000004,456774636701154.562500
0.003790000000000071,0.022000000000000002,0.056400000000000006,456774636701154.562500
0.0038000000000000256,0.022000000000000002,0.045200000000000004,456774636701154.562500
0.003810000000000091,0.022000000000000002,0.058,456774636701154.562500
0.0038200000000000456,0.0252,0.055600000000000004,456774636701154.562500
0.00383,0.022000000000000002,0.0548,456774636701154.562500
0.0038400000000000656,0.0236,0.0524,456774636701154.562500
0.00385000000000002,0.0212,0.058,456774636701154.562500
0.0038600000000000856,0.0236,0.0524,456774636701154.562500
0.00387000000000004,0.0228,0.0572,456774636701154.562500
0.0038799999999999946,0.018000000000000002,0.056400000000000006,456774636701154.562500
0.00389000000000006,0.0236,0.0572,456774636701154.562500
0.0039000000000000146,0.0188,0.0572,456774636701154.562500
0.00391000000000008,0.022000000000000002,0.0572,456774636701154.562500
0.003920000000000035,0.0196,0.0572,456774636701154.562500
0.003929999999999989,0.0228,0.0572,456774636701154.562500
0.003940000000000055,0.0204,0.058,456774636701154.562500
0.003950000000000009,0.022000000000000002,0.0572,456774636701154.562500
0.003960000000000075,0.018000000000000002,0.055600000000000004,456774636701154.562500
0.003970000000000029,0.0228,0.056400000000000006,456774636701154.562500
0.003980000000000095,0.0204,0.0548,456774636701154.562500
0.003990000000000049,0.0204,0.058,456774636701154.562500
0.0040000000000000036,0.0204,0.0548,456774636701154.562500
0.004010000000000069,0.022000000000000002,0.054,456774636701154.562500
0.0040200000000000236,0.0204,0.054,456774636701154.562500
0.004030000000000089,0.022000000000000002,0.0524,456774636701154.562500
0.0040400000000000436,0.0252,0.058,456774636701154.562500
0.004049999999999998,0.022000000000000002,0.046,456774636701154.562500
0.0040600000000000636,0.0228,0.058800000000000005,456774636701154.562500
0.004070000000000018,0.022000000000000002,0.0476,456774636701154.562500
0.0040800000000000836,0.0228,0.056400000000000006,456774636701154.562500
0.004090000000000038,0.0236,0.042800000000000005,456774636701154.562500
0.0040999999999999925,0.0236,0.056400000000000006,456774636701154.562500
0.004110000000000058,0.022000000000000002,0.050800000000000005,456774636701154.562500
0.0041200000000000125,0.0228,0.056400000000000006,456774636701154.562500
0.004130000000000078,0.0204,0.0572,456774636701154.562500
0.0041400000000000325,0.0244,0.053200000000000004,456774636701154.562500
0.004149999999999987,0.0228,0.0548,456774636701154.562500
0.0041600000000000525,0.0236,0.048400000000000006,456774636701154.562500
0.004170000000000007,0.0236,0.058,456774636701154.562500
0.0041800000000000725,0.0236,0.048400000000000006,456774636701154.562500
0.004190000000000027,0.0228,0.058,456774636701154.562500
0.0042000000000000925,0.0236,0.0436,456774636701154.562500
0.004210000000000047,0.0212,0.055600000000000004,456774636701154.562500
0.0042200000000000015,0.022000000000000002,0.0524,456774636701154.562500
0.004230000000000067,0.0236,0.0596,456774636701154.562500
0.0042400000000000215,0.0236,0.0548,456774636701154.562500
0.004250000000000087,0.0228,0.054,456774636701154.562500
0.0042600000000000415,0.0212,0.042,456774636701154.562500
0.004269999999999996,0.0188,0.0516,456774636701154.562500
0.0042800000000000615,0.0188,0.048400000000000006,456774636701154.562500
0.004290000000000016,0.0228,0.056400000000000006,456774636701154.562500
0.0043000000000000815,0.0228,0.055600000000000004,456774636701154.562500
0.004310000000000036,0.0172,0.058800000000000005,456774636701154.562500
0.0043199999999999905,0.0228,0.058,456774636701154.562500
0.004330000000000056,0.0228,0.05,456774636701154.562500
0.0043400000000000105,0.0244,0.056400000000000006,456774636701154.562500
0.004350000000000076,0.0236,0.058,456774636701154.562500
0.0043600000000000305,0.0228,0.058,456774636701154.562500
0.004370000000000096,0.0236,0.054,456774636701154.562500
0.0043800000000000505,0.0228,0.053200000000000004,456774636701154.562500
0.004390000000000005,0.0236,0.0548,456774636701154.562500
0.0044000000000000705,0.0236,0.0572,456774636701154.562500
0.004410000000000025,0.0236,0.0548,456774636701154.562500
0.0044200000000000905,0.0228,0.054,456774636701154.562500
0.004430000000000045,0.0244,0.056400000000000006,456774636701154.562500
0.0044399999999999995,0.0188,0.050800000000000005,456774636701154.562500
0.004450000000000065,0.0228,0.056400000000000006,456774636701154.562500
0.0044600000000000195,0.0236,0.0548,456774636701154.562500
0.004470000000000085,0.0228,0.0548,456774636701154.562500
0.0044800000000000395,0.0228,0.055600000000000004,456774636701154.562500
0.004489999999999994,0.0228,0.0572,456774636701154.562500
0.0045000000000000595,0.0196,0.058,456774636701154.562500
0.004510000000000014,0.0228,0.056400000000000006,456774636701154.562500
0.0045200000000000795,0.0228,0.0524,456774636701154.562500
0.004530000000000034,0.0228,0.058,456774636701154.562500
0.0045399999999999885,0.0228,0.056400000000000006,456774636701154.562500
0.004550000000000054,0.0228,0.056400000000000006,456774636701154.562500
0.0045600000000000085,0.022000000000000002,0.0548,456774636701154.562500
0.004570000000000074,0.0212,0.058,456774636701154.562500
0.0045800000000000285,0.022000000000000002,0.0548,456774636701154.562500
0.004590000000000094,0.0228,0.056400000000000006,456774636701154.562500
0.0046000000000000485,0.0188,0.055600000000000004,456774636701154.562500
0.004610000000000003,0.022000000000000002,0.055600000000000004,456774636701154.562500
0.0046200000000000685,0.0236,0.058,456774636701154.562500
0.004630000000000023,0.022000000000000002,0.0572,456774636701154.562500
0.0046400000000000885,0.0204,0.058,456774636701154.562500
0.004650000000000043,0.0228,0.056400000000000006,456774636701154.562500
0.0046599999999999975,0.0204,0.055600000000000004,456774636701154.562500
0.004670000000000063,0.022000000000000002,0.056400000000000006,456774636701154.562500
0.0046800000000000175,0.0188,0.053200000000000004,456774636701154.562500
0.004690000000000083,0.0236,0.053200000000000004,456774636701154.562500
0.0047000000000000375,0.0212,0.045200000000000004,456774636701154.562500
0.004709999999999992,0.0244,0.053200000000000004,456774636701154.562500
0.0047200000000000575,0.0228,0.054,456774636701154.562500
0.004730000000000012,0.0252,0.0572,456774636701154.562500
0.0047400000000000775,0.0228,0.056400000000000006,456774636701154.562500
0.004750000000000032,0.0236,0.058,456774636701154.562500
0.0047599999999999865,0.0228,0.054,456774636701154.562500
0.004770000000000052,0.0244,0.054,456774636701154.562500
0.0047800000000000065,0.0228,0.056400000000000006,456774636701154.562500
0.004790000000000072,0.018000000000000002,0.054,456774636701154.562500
0.0048000000000000265,0.0236,0.0548,456774636701154.562500
0.004810000000000092,0.0236,0.055600000000000004,456774636701154.562500
0.0048200000000000465,0.0228,0.050800000000000005,456774636701154.562500
0.004830000000000001,0.0212,0.055600000000000004,456774636701154.562500
0.0048400000000000665,0.0212,0.0476,456774636701154.562500
0.004850000000000021,0.018000000000000002,0.056400000000000006,456774636701154.562500
0.0048600000000000865,0.0212,0.0572,456774636701154.562500
0.004870000000000041,0.022000000000000002,0.056400000000000006,456774636701154.562500
0.0048799999999999955,0.0228,0.05,456774636701154.562500
0.004890000000000061,0.0228,0.055600000000000004,456774636701154.562500
0.0049000000000000155,0.0236,0.058800000000000005,456774636701154.562500
0.004910000000000081,0.022000000000000002,0.054,456774636701154.562500
0.0049200000000000355,0.0212,0.058,456774636701154.562500
0.00492999999999999,0.022000000000000002,0.0572,456774636701154.562500
0.0049400000000000555,0.0228,0.053200000000000004,456774636701154.562500
0.00495000000000001,0.022000000000000002,0.0524,456774636701154.562500
0.0049600000000000755,0.0236,0.058,456774636701154.562500
0.00497000000000003,0.0236,0.058,456774636701154.562500
0.0049800000000000955,0.0236,0.055600000000000004,456774636701154.562500
0.00499000000000005,0.0244,0.058,456774636701154.562500
0.0050000000000000044,0.0196,0.056400000000000006,456774636701154.562500
0.00501000000000007,0.0236,0.056400000000000006,456774636701154.562500
0.0050200000000000244,0.0252,0.0572,456774636701154.562500
0.00503000000000009,0.0252,0.056400000000000006,456774636701154.562500
0.0050400000000000444,0.0228,0.056400000000000006,456774636701154.562500
0.005049999999999999,0.0228,0.053200000000000004,456774636701154.562500
0.0050600000000000644,0.0236,0.05,456774636701154.562500
0.005070000000000019,0.0236,0.0524,456774636701154.562500
0.0050800000000000844,0.0204,0.053200000000000004,456774636701154.562500
0.005090000000000039,0.0228,0.0572,456774636701154.562500
0.005099999999999993,0.0212,0.054,456774636701154.562500
0.005110000000000059,0.022000000000000002,0.0516,456774636701154.562500
0.005120000000000013,0.0228,0.0516,456774636701154.562500
0.005130000000000079,0.0212,0.0476,456774636701154.562500
0.005140000000000033,0.0196,0.0476,456774636701154.562500
0.005149999999999988,0.0228,0.050800000000000005,456774636701154.562500
0.005160000000000053,0.0196,0.042,456774636701154.562500
0.005170000000000008,0.022000000000000002,0.056400000000000006,456774636701154.562500
0.0051800000000000734,0.0188,0.058800000000000005,456774636701154.562500
0.005190000000000028,0.0228,0.0572,456774636701154.562500
0.0052000000000000934,0.022000000000000002,0.054,456774636701154.562500
0.005210000000000048,0.0196,0.0572,456774636701154.562500
0.005220000000000002,0.0212,0.0572,456774636701154.562500
0.005230000000000068,0.0196,0.056400000000000006,456774636701154.562500
0.005240000000000022,0.022000000000000002,0.056400000000000006,456774636701154.562500
0.005250000000000088,0.0228,0.0548,456774636701154.562500
0.005260000000000042,0.0236,0.058800000000000005,456774636701154.562500
0.005269999999999997,0.0228,0.0524,456774636701154.562500
0.005280000000000062,0.0228,0.058,456774636701154.562500
0.005290000000000017,0.022000000000000002,0.0444,456774636701154.562500
0.005300000000000082,0.0228,0.0548,456774636701154.562500
0.005310000000000037,0.0228,0.050800000000000005,456774636701154.562500
0.005319999999999991,0.022000000000000002,0.055600000000000004,456774636701154.562500
0.005330000000000057,0.0236,0.054,456774636701154.562500
0.005340000000000011,0.0196,0.0492,456774636701154.562500
0.005350000000000077,0.022000000000000002,0.054,456774636701154.562500
0.005360000000000031,0.0204,0.054,456774636701154.562500
0.005369999999999986,0.0228,0.058,456774636701154.562500
0.005380000000000051,0.0212,0.0492,456774636701154.562500
0.005390000000000006,0.022000000000000002,0.0572,456774636701154.562500
0.005400000000000071,0.022000000000000002,0.0572,456774636701154.562500
0.005410000000000026,0.0204,0.0548,456774636701154.562500
0.005420000000000091,0.0236,0.056400000000000006,456774636701154.562500
0.005430000000000046,0.0212,0.056400000000000006,456774636701154.562500
0.00544,0.022000000000000002,0.0476,456774636701154.562500
0.005450000000000066,0.022000000000000002,0.0572,456774636701154.562500
0.00546000000000002,0.0212,0.0516,456774636701154.562500
0.005470000000000086,0.0204,0.056400000000000006,456774636701154.562500
0.00548000000000004,0.0212,0.048400000000000006,456774636701154.562500
0.005489999999999995,0.0196,0.058,456774636701154.562500
0.00550000000000006,0.0204,0.0572,456774636701154.562500
0.005510000000000015,0.0188,0.055600000000000004,456774636701154.562500
0.00552000000000008,0.0204,0.0572,456774636701154.562500
0.005530000000000035,0.0204,0.0572,456774636701154.562500
0.005539999999999989,0.0204,0.058,456774636701154.562500
0.005550000000000055,0.0212,0.0572,456774636701154.562500
0.005560000000000009,0.022000000000000002,0.0516,456774636701154.562500
0.005570000000000075,0.0228,0.056400000000000006,456774636701154.562500
0.005580000000000029,0.022000000000000002,0.058,456774636701154.562500
0.005590000000000095,0.0212,0.058800000000000005,456774636701154.562500
0.005600000000000049,0.0228,0.058,456774636701154.562500
0.005610000000000004,0.022000000000000002,0.050800000000000005,456774636701154.562500
0.005620000000000069,0.018000000000000002,0.0596,456774636701154.562500
0.005630000000000024,0.0212,0.054,456774636701154.562500
0.005640000000000089,0.022000000000000002,0.058,456774636701154.562500
0.005650000000000044,0.0228,0.058800000000000005,456774636701154.562500
0.005659999999999998,0.022000000000000002,0.056400000000000006,456774636701154.562500
0.005670000000000064,0.022000000000000002,0.0524,456774636701154.562500
0.005680000000000018,0.022000000000000002,0.058,456774636701154.562500
0.005690000000000084,0.0228,0.0396,456774636701154.562500
0.005700000000000038,0.0196,0.056400000000000006,456774636701154.562500
0.005709999999999993,0.0236,0.0476,456774636701154.562500
0.005720000000000058,0.0204,0.0572,456774636701154.562500
0.005730000000000013,0.0212,0.055600000000000004,456774636701154.562500
0.005740000000000078,0.0204,0.0572,456774636701154.562500
0.005750000000000033,0.0188,0.0572,456774636701154.562500
0.005759999999999987,0.0228,0.0572,456774636701154.562500
0.005770000000000053,0.0236,0.0572,456774636701154.562500
0.005780000000000007,0.022000000000000002,0.058,456774636701154.562500
0.005790000000000073,0.0204,0.054,456774636701154.562500
0.005800000000000027,0.0244,0.058,456774636701154.562500
0.005810000000000093,0.022000000000000002,0.0548,456774636701154.562500
0.005820000000000047,0.0204,0.058,456774636701154.562500
0.005830000000000002,0.0228,0.056400000000000006,456774636701154.562500
0.005840000000000067,0.0204,0.054,456774636701154.562500
0.005850000000000022,0.022000000000000002,0.054,456774636701154.562500
0.005860000000000087,0.0204,0.0572,456774636701154.562500
0.005870000000000042,0.0212,0.0572,456774636701154.562500
0.005879999999999996,0.0212,0.0524,456774636701154.562500
0.005890000000000062,0.018000000000000002,0.055600000000000004,456774636701154.562500
0.005900000000000016,0.022000000000000002,0.055600000000000004,456774636701154.562500
0.005910000000000082,0.0188,0.054,456774636701154.562500
0.005920000000000036,0.0212,0.0524,456774636701154.562500
0.005929999999999991,0.018000000000000002,0.0396,456774636701154.562500
0.005940000000000056,0.0236,0.0524,456774636701154.562500
0.005950000000000011,0.022000000000000002,0.0364,456774636701154.562500
0.005960000000000076,0.0236,0.0548,456774636701154.562500
0.005970000000000031,0.0252,0.0548,456774636701154.562500
0.005980000000000096,0.0244,0.0572,456774636701154.562500
0.005990000000000051,0.0236,0.0516,456774636701154.562500
0.006000000000000005,0.022000000000000002,0.055600000000000004,456774636701154.562500
0.006010000000000071,0.0244,0.0524,456774636701154.562500
0.006020000000000025,0.0164,0.056400000000000006,456774636701154.562500
0.006030000000000091,0.0228,0.054,456774636701154.562500
0.006040000000000045,0.0188,0.058,456774636701154.562500
0.00605,0.022000000000000002,0.048400000000000006,456774636701154.562500
0.006060000000000065,0.015600000000000001,0.0572,456774636701154.562500
0.00607000000000002,0.0228,0.0444,456774636701154.562500
0.006080000000000085,0.0196,0.055600000000000004,456774636701154.562500
0.00609000000000004,0.0204,0.0548,456774636701154.562500
0.006099999999999994,0.0212,0.056400000000000006,456774636701154.562500
0.00611000000000006,0.0196,0.0572,456774636701154.562500
0.006120000000000014,0.022000000000000002,0.056400000000000006,456774636701154.562500
0.00613000000000008,0.022000000000000002,0.058800000000000005,456774636701154.562500
0.006140000000000034,0.0228,0.0572,456774636701154.562500
0.006149999999999989,0.022000000000000002,0.0572,456774636701154.562500
0.006160000000000054,0.0204,0.054,456774636701154.562500
0.006170000000000009,0.0204,0.0548,456774636701154.562500
0.006180000000000074,0.0204,0.05,456774636701154.562500
0.006190000000000029,0.022000000000000002,0.058,456774636701154.562500
0.006200000000000094,0.022000000000000002,0.058,456774636701154.562500
0.006210000000000049,0.022000000000000002,0.055600000000000004,456774636701154.562500
0.006220000000000003,0.0196,0.0572,456774636701154.562500
0.006230000000000069,0.0212,0.0524,456774636701154.562500
0.006240000000000023,0.0244,0.056400000000000006,456774636701154.562500
0.006250000000000089,0.0244,0.0548,456774636701154.562500
0.006260000000000043,0.022000000000000002,0.058,456774636701154.562500
0.006269999999999998,0.0252,0.0516,456774636701154.562500
0.006280000000000063,0.022000000000000002,0.053200000000000004,456774636701154.562500
0.006290000000000018,0.0244,0.0572,456774636701154.562500
0.006300000000000083,0.0228,0.0572,456774636701154.562500
0.006310000000000038,0.0244,0.058800000000000005,456774636701154.562500
0.006319999999999992,0.0148,0.0572,456774636701154.562500
0.006330000000000058,0.0236,0.058,456774636701154.562500
0.006340000000000012,0.0196,0.055600000000000004,456774636701154.562500
0.006350000000000078,0.0236,0.0572,456774636701154.562500
0.006360000000000032,0.022000000000000002,0.0572,456774636701154.562500
0.006369999999999987,0.022000000000000002,0.056400000000000006,456774636701154.562500
0.006380000000000052,0.022000000000000002,0.0572,456774636701154.562500
0.006390000000000007,0.0204,0.055600000000000004,456774636701154.562500
0.006400000000000072,0.018000000000000002,0.0572,456774636701154.562500
0.006410000000000027,0.0204,0.05,456774636701154.562500
0.006420000000000092,0.0212,0.054,456774636701154.562500
0.006430000000000047,0.022000000000000002,0.0548,456774636701154.562500
0.006440000000000001,0.0212,0.0516,456774636701154.562500
0.006450000000000067,0.0204,0.0468,456774636701154.562500
0.006460000000000021,0.0212,0.050800000000000005,456774636701154.562500
0.006470000000000087,0.0236,0.055600000000000004,456774636701154.562500
0.006480000000000041,0.022000000000000002,0.055600000000000004,456774636701154.562500
0.006489999999999996,0.0228,0.054,456774636701154.562500
0.006500000000000061,0.0236,0.055600000000000004,456774636701154.562500
0.006510000000000016,0.0228,0.0548,456774636701154.562500
0.006520000000000081,0.0244,0.0548,456774636701154.562500
0.006530000000000036,0.0236,0.0516,456774636701154.562500
0.00653999999999999,0.0252,0.056400000000000006,456774636701154.562500
0.006550000000000056,0.0212,0.0436,456774636701154.562500
0.00656000000000001,0.0244,0.0572,456774636701154.562500
0.006570000000000076,0.0204,0.050800000000000005,456774636701154.562500
0.00658000000000003,0.0236,0.0572,456774636701154.562500
0.006590000000000096,0.0188,0.0572,456774636701154.562500
0.00660000000000005,0.022000000000000002,0.055600000000000004,456774636701154.562500
0.006610000000000005,0.0236,0.058,456774636701154.562500
0.00662000000000007,0.0236,0.05,456774636701154.562500
0.006630000000000025,0.022000000000000002,0.055600000000000004,456774636701154.562500
0.00664000000000009,0.0204,0.0516,456774636701154.562500
0.006650000000000045,0.0244,0.058,456774636701154.562500
0.006659999999999999,0.0204,0.048400000000000006,456774636701154.562500
0.006670000000000065,0.0212,0.054,456774636701154.562500
0.006680000000000019,0.022000000000000002,0.055600000000000004,456774636701154.562500
0.006690000000000085,0.0212,0.045200000000000004,456774636701154.562500
0.006700000000000039,0.0204,0.055600000000000004,456774636701154.562500
0.006709999999999994,0.0204,0.0548,456774636701154.562500
0.006720000000000059,0.018000000000000002,0.0572,456774636701154.562500
0.006730000000000014,0.0212,0.048400000000000006,456774636701154.562500
0.006740000000000079,0.0228,0.053200000000000004,456774636701154.562500
0.006750000000000034,0.0172,0.0548,456774636701154.562500
0.006759999999999988,0.022000000000000002,0.05,456774636701154.562500
0.006770000000000054,0.022000000000000002,0.056400000000000006,456774636701154.562500
0.006780000000000008,0.0244,0.048400000000000006,456774636701154.562500
0.006790000000000074,0.0228,0.058,456774636701154.562500
0.006800000000000028,0.0228,0.054,456774636701154.562500
0.006810000000000094,0.022000000000000002,0.058800000000000005,456774636701154.562500
0.006820000000000048,0.0188,0.056400000000000006,456774636701154.562500
0.006830000000000003,0.0236,0.0476,456774636701154.562500
0.006840000000000068,0.018000000000000002,0.0516,456774636701154.562500
0.006850000000000023,0.0204,0.0524,456774636701154.562500
0.006860000000000088,0.0236,0.056400000000000006,456774636701154.562500
0.006870000000000043,0.0244,0.056400000000000006,456774636701154.562500
0.006879999999999997,0.0188,0.055600000000000004,456774636701154.562500
0.006890000000000063,0.0236,0.053200000000000004,456774636701154.562500
0.006900000000000017,0.0236,0.0516,456774636701154.562500
0.006910000000000083,0.022000000000000002,0.056400000000000006,456774636701154.562500
0.006920000000000037,0.0236,0.058,456774636701154.562500
0.006929999999999992,0.0196,0.056400000000000006,456774636701154.562500
0.006940000000000057,0.0236,0.058,456774636701154.562500
0.006950000000000012,0.0212,0.056400000000000006,456774636701154.562500
0.006960000000000077,0.0228,0.0572,456774636701154.562500
0.006970000000000032,0.0204,0.054,456774636701154.562500
0.006979999999999986,0.022000000000000002,0.055600000000000004,456774636701154.562500
0.006990000000000052,0.018000000000000002,0.056400000000000006,456774636701154.562500
0.007000000000000006,0.0236,0.0516,456774636701154.562500
0.007010000000000072,0.0204,0.056400000000000006,456774636701154.562500
0.007020000000000026,0.0204,0.048400000000000006,456774636701154.562500
0.007030000000000092,0.0228,0.0572,456774636701154.562500
0.007040000000000046,0.0212,0.0572,456774636701154.562500
0.007050000000000001,0.0236,0.058,456774636701154.562500
0.007060000000000066,0.022000000000000002,0.055600000000000004,456774636701154.562500
0.007070000000000021,0.0212,0.056400000000000006,456774636701154.562500
0.007080000000000086,0.0228,0.055600000000000004,456774636701154.562500
0.007090000000000041,0.0196,0.0572,456774636701154.562500
0.007099999999999995,0.0252,0.0572,456774636701154.562500
0.007110000000000061,0.0204,0.055600000000000004,456774636701154.562500
0.007120000000000015,0.0244,0.054,456774636701154.562500
0.007130000000000081,0.0244,0.055600000000000004,456774636701154.562500
0.007140000000000035,0.0244,0.056400000000000006,456774636701154.562500
0.00714999999999999,0.0236,0.055600000000000004,456774636701154.562500
0.007160000000000055,0.0236,0.058,456774636701154.562500
0.00717000000000001,0.0236,0.05,456774636701154.562500
0.007180000000000075,0.0252,0.054,456774636701154.562500
0.00719000000000003,0.0228,0.054,456774636701154.562500
0.007200000000000095,0.022000000000000002,0.0516,456774636701154.562500
0.00721000000000005,0.0228,0.0524,456774636701154.562500
0.007220000000000004,0.018000000000000002,0.053200000000000004,456774636701154.562500
0.00723000000000007,0.0204,0.055600000000000004,456774636701154.562500
0.007240000000000024,0.018000000000000002,0.054,456774636701154.562500
0.00725000000000009,0.0236,0.0548,456774636701154.562500
0.007260000000000044,0.0196,0.0548,456774636701154.562500
0.007269999999999999,0.022000000000000002,0.0524,456774636701154.562500
0.007280000000000064,0.022000000000000002,0.055600000000000004,456774636701154.562500
0.007290000000000019,0.022000000000000002,0.0468,456774636701154.562500
0.007300000000000084,0.0212,0.053200000000000004,456774636701154.562500
0.007310000000000039,0.022000000000000002,0.05,456774636701154.562500
0.007319999999999993,0.0204,0.055600000000000004,456774636701154.562500
0.007330000000000059,0.0212,0.0476,456774636701154.562500
0.007340000000000013,0.0212,0.058,456774636701154.562500
0.007350000000000079,0.022000000000000002,0.055600000000000004,456774636701154.562500
0.007360000000000033,0.0204,0.055600000000000004,456774636701154.562500
0.007369999999999988,0.022000000000000002,0.0572,456774636701154.562500
0.007380000000000053,0.0204,0.0572,456774636701154.562500
0.007390000000000008,0.0228,0.055600000000000004,456774636701154.562500
0.007400000000000073,0.0172,0.0436,456774636701154.562500
0.007410000000000028,0.0204,0.0516,456774636701154.562500
0.007420000000000093,0.0228,0.0548,456774636701154.562500
0.007430000000000048,0.0196,0.0524,456774636701154.562500
0.007440000000000002,0.0236,0.054,456774636701154.562500
0.007450000000000068,0.022000000000000002,0.055600000000000004,456774636701154.562500
0.007460000000000022,0.0236,0.0572,456774636701154.562500
0.007470000000000088,0.022000000000000002,0.056400000000000006,456774636701154.562500
0.007480000000000042,0.0228,0.056400000000000006,456774636701154.562500
0.007489999999999997,0.0212,0.0548,456774636701154.562500
0.007500000000000062,0.0236,0.048400000000000006,456774636701154.562500
0.007510000000000017,0.0228,0.054,456774636701154.562500
0.007520000000000082,0.0228,0.054,456774636701154.562500
0.007530000000000037,0.0212,0.0572,456774636701154.562500
0.007539999999999991,0.0204,0.055600000000000004,456774636701154.562500
0.007550000000000057,0.0212,0.0444,456774636701154.562500
0.007560000000000011,0.0204,0.0572,456774636701154.562500
0.007570000000000077,0.022000000000000002,0.045200000000000004,456774636701154.562500
0.007580000000000031,0.022000000000000002,0.055600000000000004,456774636701154.562500
0.007590000000000097,0.0228,0.056400000000000006,456774636701154.562500
0.007600000000000051,0.0236,0.058,456774636701154.562500
0.007610000000000006,0.022000000000000002,0.05,456774636701154.562500
0.007620000000000071,0.022000000000000002,0.0572,456774636701154.562500
0.007630000000000026,0.0228,0.0492,456774636701154.562500
0.007640000000000091,0.0196,0.053200000000000004,456774636701154.562500
0.007650000000000046,0.022000000000000002,0.055600000000000004,456774636701154.562500
0.00766,0.0204,0.0572,456774636701154.562500
0.007670000000000066,0.022000000000000002,0.0468,456774636701154.562500
0.00768000000000002,0.0244,0.054,456774636701154.562500
0.007690000000000086,0.0204,0.05,456774636701154.562500
0.00770000000000004,0.0196,0.0572,456774636701154.562500
0.007709999999999995,0.0212,0.0548,456774636701154.562500
0.00772000000000006,0.0196,0.0572,456774636701154.562500
0.007730000000000015,0.0236,0.055600000000000004,456774636701154.562500
0.00774000000000008,0.0204,0.056400000000000006,456774636701154.562500
0.007750000000000035,0.0236,0.0548,456774636701154.562500
0.007759999999999989,0.022000000000000002,0.055600000000000004,456774636701154.562500
0.007770000000000055,0.0236,0.0468,456774636701154.562500
0.007780000000000009,0.0236,0.055600000000000004,456774636701154.562500
0.007790000000000075,0.022000000000000002,0.0572,456774636701154.562500
0.007800000000000029,0.0212,0.058,456774636701154.562500
0.007810000000000095,0.0212,0.054,456774636701154.562500
0.00782000000000005,0.022000000000000002,0.056400000000000006,456774636701154.562500
0.007830000000000004,0.0188,0.054,456774636701154.562500
0.00784000000000007,0.0188,0.053200000000000004,456774636701154.562500
0.007850000000000024,0.0196,0.0572,456774636701154.562500
0.00786000000000009,0.022000000000000002,0.056400000000000006,456774636701154.562500
0.007870000000000044,0.0228,0.058800000000000005,456774636701154.562500
0.007879999999999998,0.022000000000000002,0.048400000000000006,456774636701154.562500
0.007890000000000064,0.0228,0.054,456774636701154.562500
0.007900000000000018,0.0196,0.053200000000000004,456774636701154.562500
0.007910000000000084,0.0204,0.055600000000000004,456774636701154.562500
0.007920000000000038,0.0204,0.054,456774636701154.562500
0.007929999999999993,0.0212,0.050800000000000005,456774636701154.562500
0.007940000000000058,0.018000000000000002,0.054,456774636701154.562500
0.007950000000000013,0.022000000000000002,0.0524,456774636701154.562500
0.007960000000000078,0.0132,0.054,456774636701154.562500
0.007970000000000033,0.022000000000000002,0.0492,456774636701154.562500
0.007979999999999987,0.0164,0.050800000000000005,456774636701154.562500
0.007990000000000053,0.022000000000000002,0.0516,456774636701154.562500
0.008000000000000007,0.022000000000000002,0.055600000000000004,456774636701154.562500
0.008010000000000073,0.0244,0.053200000000000004,456774636701154.562500
0.008020000000000027,0.0228,0.058,456774636701154.562500
0.008030000000000093,0.0228,0.056400000000000006,456774636701154.562500
0.008040000000000047,0.0236,0.058800000000000005,456774636701154.562500
0.008050000000000002,0.026000000000000002,0.0572,456774636701154.562500
0.008060000000000067,0.0236,0.055600000000000004,456774636701154.562500
0.008070000000000022,0.0244,0.053200000000000004,456774636701154.562500
0.008080000000000087,0.022000000000000002,0.054,456774636701154.562500
0.008090000000000042,0.0244,0.0572,456774636701154.562500
0.008099999999999996,0.0196,0.05,456774636701154.562500
0.008110000000000062,0.0204,0.058,456774636701154.562500
0.008120000000000016,0.0196,0.053200000000000004,456774636701154.562500
0.008130000000000082,0.0228,0.05,456774636701154.562500
0.008140000000000036,0.0212,0.0492,456774636701154.562500
0.00814999999999999,0.0228,0.055600000000000004,456774636701154.562500
0.008160000000000056,0.022000000000000002,0.056400000000000006,456774636701154.562500
0.00817000000000001,0.0228,0.0548,456774636701154.562500
0.008180000000000076,0.0212,0.0572,456774636701154.562500
0.00819000000000003,0.022000000000000002,0.0572,456774636701154.562500
0.008200000000000096,0.022000000000000002,0.055600000000000004,456774636701154.562500
0.00821000000000005,0.0212,0.0572,456774636701154.562500
0.008220000000000005,0.022000000000000002,0.0548,456774636701154.562500
0.00823000000000007,0.0188,0.0572,456774636701154.562500
0.008240000000000025,0.0212,0.056400000000000006,456774636701154.562500
0.00825000000000009,0.0204,0.058,456774636701154.562500
0.008260000000000045,0.0212,0.0524,456774636701154.562500
0.00827,0.022000000000000002,0.053200000000000004,456774636701154.562500
0.008280000000000065,0.0212,0.0516,456774636701154.562500
0.00829000000000002,0.0236,0.0468,456774636701154.562500
0.008300000000000085,0.0228,0.055600000000000004,456774636701154.562500
0.00831000000000004,0.022000000000000002,0.0468,456774636701154.562500
0.008319999999999994,0.022000000000000002,0.054,456774636701154.562500
0.00833000000000006,0.022000000000000002,0.055600000000000004,456774636701154.562500
0.008340000000000014,0.022000000000000002,0.0516,456774636701154.562500
0.00835000000000008,0.0228,0.053200000000000004,456774636701154.562500
0.008360000000000034,0.0244,0.053200000000000004,456774636701154.562500
0.008369999999999989,0.0204,0.058,456774636701154.562500
0.008380000000000054,0.0236,0.053200000000000004,456774636701154.562500
0.008390000000000009,0.0244,0.048400000000000006,456774636701154.562500
0.008400000000000074,0.0196,0.0476,456774636701154.562500
0.008410000000000029,0.0188,0.0548,456774636701154.562500
0.008420000000000094,0.018000000000000002,0.0548,456774636701154.562500
0.008430000000000049,0.0212,0.0572,456774636701154.562500
0.008440000000000003,0.0228,0.0516,456774636701154.562500
0.008450000000000069,0.0212,0.055600000000000004,456774636701154.562500
0.008460000000000023,0.0244,0.054,456774636701154.562500
0.008470000000000089,0.0236,0.054,456774636701154.562500
0.008480000000000043,0.0212,0.055600000000000004,456774636701154.562500
0.008489999999999998,0.0228,0.0572,456774636701154.562500
0.008500000000000063,0.0228,0.0516,456774636701154.562500
0.008510000000000018,0.022000000000000002,0.048400000000000006,456774636701154.562500
0.008520000000000083,0.0236,0.055600000000000004,456774636701154.562500
0.008530000000000038,0.022000000000000002,0.0548,456774636701154.562500
0.008539999999999992,0.0236,0.058,456774636701154.562500
0.008550000000000058,0.0228,0.0548,456774636701154.562500
0.008560000000000012,0.0228,0.055600000000000004,456774636701154.562500
0.008570000000000078,0.0212,0.0572,456774636701154.562500
0.008580000000000032,0.022000000000000002,0.058800000000000005,456774636701154.562500
0.008589999999999987,0.022000000000000002,0.0572,456774636701154.562500
0.008600000000000052,0.0196,0.0572,456774636701154.562500
0.008610000000000007,0.0228,0.056400000000000006,456774636701154.562500
0.008620000000000072,0.0236,0.055600000000000004,456774636701154.562500
0.008630000000000027,0.0196,0.058,456774636701154.562500
0.008640000000000092,0.0236,0.055600000000000004,456774636701154.562500
0.008650000000000047,0.022000000000000002,0.056400000000000006,456774636701154.562500
0.008660000000000001,0.0244,0.055600000000000004,456774636701154.562500
0.008670000000000067,0.0212,0.048400000000000006,456774636701154.562500
0.008680000000000021,0.0252,0.058800000000000005,456774636701154.562500
0.008690000000000087,0.0196,0.054,456774636701154.562500
0.008700000000000041,0.0244,0.058,456774636701154.562500
0.008709999999999996,0.0212,0.054,456774636701154.562500
0.008720000000000061,0.022000000000000002,0.0572,456774636701154.562500
0.008730000000000016,0.0228,0.0468,456774636701154.562500
0.008740000000000081,0.0244,0.053200000000000004,456774636701154.562500
0.008750000000000036,0.0236,0.054,456774636701154.562500
0.00875999999999999,0.0228,0.058,456774636701154.562500
0.008770000000000056,0.0228,0.0524,456774636701154.562500
0.00878000000000001,0.0212,0.055600000000000004,456774636701154.562500
0.008790000000000076,0.022000000000000002,0.05,456774636701154.562500
0.00880000000000003,0.022000000000000002,0.058,456774636701154.562500
0.008810000000000096,0.022000000000000002,0.0572,456774636701154.562500
0.00882000000000005,0.0228,0.058,456774636701154.562500
0.008830000000000005,0.0212,0.056400000000000006,456774636701154.562500
0.00884000000000007,0.0188,0.05,456774636701154.562500
0.008850000000000025,0.0212,0.0548,456774636701154.562500
0.00886000000000009,0.0148,0.0572,456774636701154.562500
0.008870000000000045,0.022000000000000002,0.050800000000000005,456774636701154.562500
0.008879999999999999,0.0196,0.0396,456774636701154.562500
0.008890000000000065,0.022000000000000002,0.053200000000000004,456774636701154.562500
0.008900000000000019,0.0212,0.045200000000000004,456774636701154.562500
0.008910000000000085,0.022000000000000002,0.0572,456774636701154.562500
0.008920000000000039,0.0236,0.058,456774636701154.562500
0.008929999999999993,0.022000000000000002,0.0572,456774636701154.562500
0.008940000000000059,0.0196,0.055600000000000004,456774636701154.562500
0.008950000000000014,0.022000000000000002,0.0492,456774636701154.562500
0.008960000000000079,0.0204,0.055600000000000004,456774636701154.562500
0.008970000000000034,0.0228,0.046,456774636701154.562500
0.008979999999999988,0.0228,0.058,456774636701154.562500
0.008990000000000054,0.0196,0.045200000000000004,456774636701154.562500
0.009000000000000008,0.0236,0.058,456774636701154.562500
0.009010000000000074,0.022000000000000002,0.042,456774636701154.562500
0.009020000000000028,0.0236,0.055600000000000004,456774636701154.562500
0.009030000000000094,0.0228,0.054,456774636701154.562500
0.009040000000000048,0.0244,0.055600000000000004,456774636701154.562500
0.009050000000000002,0.0212,0.0444,456774636701154.562500
0.009060000000000068,0.022000000000000002,0.058,456774636701154.562500
0.009070000000000022,0.022000000000000002,0.053200000000000004,456774636701154.562500
0.009080000000000088,0.022000000000000002,0.058,456774636701154.562500
0.009090000000000042,0.0196,0.0572,456774636701154.562500
0.009099999999999997,0.022000000000000002,0.0572,456774636701154.562500
0.009110000000000062,0.0212,0.0572,456774636701154.562500
0.009120000000000017,0.0212,0.0572,456774636701154.562500
0.009130000000000082,0.022000000000000002,0.0572,456774636701154.562500
0.009140000000000037,0.0204,0.0572,456774636701154.562500
0.009149999999999991,0.018000000000000002,0.055600000000000004,456774636701154.562500
0.009160000000000057,0.022000000000000002,0.0572,456774636701154.562500
0.009170000000000011,0.022000000000000002,0.055600000000000004,456774636701154.562500
0.009180000000000077,0.0196,0.0572,456774636701154.562500
0.009190000000000031,0.0236,0.054,456774636701154.562500
0.009200000000000097,0.0204,0.056400000000000006,456774636701154.562500
0.009210000000000051,0.0236,0.056400000000000006,456774636701154.562500
0.009220000000000006,0.022000000000000002,0.0572,456774636701154.562500
0.009230000000000071,0.0228,0.0548,456774636701154.562500
0.009240000000000026,0.0244,0.056400000000000006,456774636701154.562500
0.009250000000000091,0.0228,0.0516,456774636701154.562500
0.009260000000000046,0.0244,0.0572,456774636701154.562500
0.00927,0.0244,0.0572,456774636701154.562500
0.009280000000000066,0.0228,0.054,456774636701154.562500
0.00929000000000002,0.0244,0.0548,456774636701154.562500
0.009300000000000086,0.022000000000000002,0.056400000000000006,456774636701154.562500
0.00931000000000004,0.0244,0.053200000000000004,456774636701154.562500
0.009319999999999995,0.0212,0.055600000000000004,456774636701154.562500
0.00933000000000006,0.0212,0.056400000000000006,456774636701154.562500
0.009340000000000015,0.0204,0.056400000000000006,456774636701154.562500
0.00935000000000008,0.022000000000000002,0.0548,456774636701154.562500
0.009360000000000035,0.0196,0.055600000000000004,456774636701154.562500
0.00936999999999999,0.0204,0.0572,456774636701154.562500
0.009380000000000055,0.0212,0.056400000000000006,456774636701154.562500
0.00939000000000001,0.0204,0.055600000000000004,456774636701154.562500
0.009400000000000075,0.014,0.056400000000000006,456774636701154.562500
0.00941000000000003,0.0196,0.056400000000000006,456774636701154.562500
0.009420000000000095,0.0204,0.058,456774636701154.562500
0.00943000000000005,0.0228,0.0572,456774636701154.562500
0.009440000000000004,0.022000000000000002,0.056400000000000006,456774636701154.562500
0.00945000000000007,0.0196,0.058,456774636701154.562500
0.009460000000000024,0.022000000000000002,0.058,456774636701154.562500
0.00947000000000009,0.0228,0.0548,456774636701154.562500
0.009480000000000044,0.0228,0.055600000000000004,456774636701154.562500
0.009489999999999998,0.0212,0.056400000000000006,456774636701154.562500
0.009500000000000064,0.0228,0.056400000000000006,456774636701154.562500
0.009510000000000018,0.022000000000000002,0.055600000000000004,456774636701154.562500
0.009520000000000084,0.022000000000000002,0.053200000000000004,456774636701154.562500
0.009530000000000038,0.0204,0.054,456774636701154.562500
0.009539999999999993,0.0228,0.055600000000000004,456774636701154.562500
0.009550000000000058,0.0188,0.048400000000000006,456774636701154.562500
0.009560000000000013,0.0244,0.0572,456774636701154.562500
0.009570000000000078,0.018000000000000002,0.042800000000000005,456774636701154.562500
0.009580000000000033,0.0236,0.0548,456774636701154.562500
0.009589999999999987,0.0236,0.056400000000000006,456774636701154.562500
0.009600000000000053,0.0228,0.056400000000000006,456774636701154.562500
0.009610000000000007,0.0252,0.0548,456774636701154.562500
0.009620000000000073,0.0228,0.05,456774636701154.562500
0.009630000000000027,0.0244,0.055600000000000004,456774636701154.562500
0.009640000000000093,0.0236,0.0444,456774636701154.562500
0.009650000000000047,0.0228,0.056400000000000006,456774636701154.562500
0.009660000000000002,0.022000000000000002,0.040400000000000005,456774636701154.562500
0.009670000000000067,0.0228,0.0572,456774636701154.562500
0.009680000000000022,0.022000000000000002,0.0412,456774636701154.562500
0.009690000000000087,0.0236,0.055600000000000004,456774636701154.562500
0.009700000000000042,0.0204,0.053200000000000004,456774636701154.562500
0.009709999999999996,0.022000000000000002,0.056400000000000006,456774636701154.562500
0.009720000000000062,0.0196,0.0572,456774636701154.562500
0.009730000000000016,0.0212,0.056400000000000006,456774636701154.562500
0.009740000000000082,0.0196,0.055600000000000004,456774636701154.562500
0.009750000000000036,0.0204,0.055600000000000004,456774636701154.562500
0.009759999999999991,0.0212,0.0548,456774636701154.562500
0.009770000000000056,0.0228,0.056400000000000006,456774636701154.562500
0.009780000000000011,0.0172,0.053200000000000004,456774636701154.562500
0.009790000000000076,0.022000000000000002,0.0516,456774636701154.562500
0.009800000000000031,0.0196,0.055600000000000004,456774636701154.562500
0.009810000000000096,0.0228,0.0548,456774636701154.562500
0.009820000000000051,0.0212,0.0524,456774636701154.562500
0.009830000000000005,0.022000000000000002,0.0572,456774636701154.562500
0.009840000000000071,0.0212,0.058,456774636701154.562500
0.009850000000000025,0.0228,0.0572,456774636701154.562500
0.009860000000000091,0.0204,0.056400000000000006,456774636701154.562500
0.009870000000000045,0.0236,0.0572,456774636701154.562500
0.00988,0.0236,0.056400000000000006,456774636701154.562500
0.009890000000000065,0.0236,0.05,456774636701154.562500
0.00990000000000002,0.0228,0.0572,456774636701154.562500
0.009910000000000085,0.0236,0.0572,456774636701154.562500
0.00992000000000004,0.0236,0.055600000000000004,456774636701154.562500
0.009929999999999994,0.0244,0.0548,456774636701154.562500
0.00994000000000006,0.0236,0.0548,456774636701154.562500
0.009950000000000014,0.022000000000000002,0.0572,456774636701154.562500
0.00996000000000008,0.0196,0.0548,456774636701154.562500
0.009970000000000034,0.022000000000000002,0.0572,456774636701154.562500
0.009979999999999989,0.0236,0.054,456774636701154.562500
0.009990000000000054,0.0228,0.056400000000000006,456774636701154.562500
0.010000000000000009,0.022000000000000002,0.054,456774636701154.562500
0.010010000000000074,0.0204,0.055600000000000004,456774636701154.562500
0.010020000000000029,0.0212,0.055600000000000004,456774636701154.562500
0.010030000000000094,0.0196,0.056400000000000006,456774636701154.562500
0.010040000000000049,0.0204,0.056400000000000006,456774636701154.562500
0.010050000000000003,0.0212,0.0524,456774636701154.562500
0.010060000000000069,0.022000000000000002,0.0524,456774636701154.562500
0.010070000000000023,0.0204,0.058,456774636701154.562500
0.010080000000000089,0.0196,0.055600000000000004,456774636701154.562500
0.010090000000000043,0.022000000000000002,0.0572,456774636701154.562500
0.010099999999999998,0.0228,0.055600000000000004,456774636701154.562500
0.010110000000000063,0.0212,0.058,456774636701154.562500
0.010120000000000018,0.0204,0.0516,456774636701154.562500
0.010130000000000083,0.0236,0.0572,456774636701154.562500
0.010140000000000038,0.0212,0.0524,456774636701154.562500
0.010149999999999992,0.0236,0.053200000000000004,456774636701154.562500
0.010160000000000058,0.0204,0.05,456774636701154.562500
0.010170000000000012,0.0212,0.0516,456774636701154.562500
0.010180000000000078,0.0236,0.055600000000000004,456774636701154.562500
0.010190000000000032,0.0236,0.05,456774636701154.562500
0.010199999999999987,0.0204,0.058800000000000005,456774636701154.562500
0.010210000000000052,0.0236,0.056400000000000006,456774636701154.562500
0.010220000000000007,0.022000000000000002,0.055600000000000004,456774636701154.562500
0.010230000000000072,0.0236,0.053200000000000004,456774636701154.562500
0.010240000000000027,0.0228,0.0572,456774636701154.562500
0.010250000000000092,0.0236,0.055600000000000004,456774636701154.562500
0.010260000000000047,0.0228,0.056400000000000006,456774636701154.562500
0.010270000000000001,0.0228,0.0476,456774636701154.562500
0.010280000000000067,0.0236,0.058800000000000005,456774636701154.562500
0.010290000000000021,0.0204,0.048400000000000006,456774636701154.562500
0.010300000000000087,0.0212,0.0572,456774636701154.562500
0.010310000000000041,0.0236,0.0492,456774636701154.562500
0.010319999999999996,0.0236,0.058,456774636701154.562500
0.010330000000000061,0.022000000000000002,0.048400000000000006,456774636701154.562500
0.010340000000000016,0.0212,0.0524,456774636701154.562500
0.010350000000000081,0.0196,0.05,456774636701154.562500
0.010360000000000036,0.0212,0.0524,456774636701154.562500
0.01036999999999999,0.0212,0.0524,456774636701154.562500
0.010380000000000056,0.0228,0.056400000000000006,456774636701154.562500
0.01039000000000001,0.022000000000000002,0.055600000000000004,456774636701154.562500
0.010400000000000076,0.0196,0.0548,456774636701154.562500
0.01041000000000003,0.022000000000000002,0.056400000000000006,456774636701154.562500
0.010420000000000096,0.0188,0.055600000000000004,456774636701154.562500
0.01043000000000005,0.0212,0.0524,456774636701154.562500
0.010440000000000005,0.0172,0.05,456774636701154.562500
0.01045000000000007,0.0212,0.0572,456774636701154.562500
0.010460000000000025,0.022000000000000002,0.0572,456774636701154.562500
0.01047000000000009,0.022000000000000002,0.056400000000000006,456774636701154.562500
0.010480000000000045,0.0236,0.053200000000000004,456774636701154.562500
0.01049,0.0236,0.055600000000000004,456774636701154.562500
0.010500000000000065,0.0244,0.0468,456774636701154.562500
0.01051000000000002,0.026000000000000002,0.055600000000000004,456774636701154.562500
0.010520000000000085,0.0228,0.054,456774636701154.562500
0.01053000000000004,0.0196,0.0548,456774636701154.562500
0.010539999999999994,0.0236,0.0548,456774636701154.562500
0.01055000000000006,0.0268,0.056400000000000006,456774636701154.562500
0.010560000000000014,0.018000000000000002,0.056400000000000006,456774636701154.562500
0.01057000000000008,0.0212,0.056400000000000006,456774636701154.562500
0.010580000000000034,0.0132,0.0572,456774636701154.562500
0.010589999999999988,0.0212,0.058,456774636701154.562500
0.010600000000000054,0.0228,0.058,456774636701154.562500
0.010610000000000008,0.022000000000000002,0.055600000000000004,456774636701154.562500
0.010620000000000074,0.0172,0.0572,456774636701154.562500
0.010630000000000028,0.0228,0.056400000000000006,456774636701154.562500
0.010640000000000094,0.0204,0.0548,456774636701154.562500
0.010650000000000048,0.0204,0.056400000000000006,456774636701154.562500
0.010660000000000003,0.0212,0.0524,456774636701154.562500
0.010670000000000068,0.0188,0.056400000000000006,456774636701154.562500
0.010680000000000023,0.0212,0.056400000000000006,456774636701154.562500
0.010690000000000088,0.0204,0.050800000000000005,456774636701154.562500
0.010700000000000043,0.022000000000000002,0.0548,456774636701154.562500
0.010709999999999997,0.022000000000000002,0.0524,456774636701154.562500
0.010720000000000063,0.0212,0.0548,456774636701154.562500
0.010730000000000017,0.022000000000000002,0.048400000000000006,456774636701154.562500
0.010740000000000083,0.0212,0.058,456774636701154.562500
0.010750000000000037,0.0228,0.0572,456774636701154.562500
0.010759999999999992,0.0212,0.058,456774636701154.562500
0.010770000000000057,0.0196,0.058,456774636701154.562500
0.010780000000000012,0.0212,0.05,456774636701154.562500
0.010790000000000077,0.0228,0.056400000000000006,456774636701154.562500
0.010800000000000032,0.0236,0.054,456774636701154.562500
0.010809999999999986,0.0244,0.055600000000000004,456774636701154.562500
0.010820000000000052,0.0236,0.056400000000000006,456774636701154.562500
0.010830000000000006,0.0188,0.058,456774636701154.562500
0.010840000000000072,0.0244,0.055600000000000004,456774636701154.562500
0.010850000000000026,0.0204,0.055600000000000004,456774636701154.562500
0.010860000000000092,0.0244,0.0548,456774636701154.562500
0.010870000000000046,0.0252,0.0572,456774636701154.562500
0.01088,0.0228,0.056400000000000006,456774636701154.562500
0.010890000000000066,0.0196,0.053200000000000004,456774636701154.562500
0.01090000000000002,0.0236,0.0548,456774636701154.562500
0.010910000000000086,0.022000000000000002,0.056400000000000006,456774636701154.562500
0.01092000000000004,0.0204,0.0572,456774636701154.562500
0.010929999999999995,0.0228,0.055600000000000004,456774636701154.562500
0.01094000000000006,0.0196,0.058,456774636701154.562500
0.010950000000000015,0.0204,0.0572,456774636701154.562500
0.01096000000000008,0.0204,0.055600000000000004,456774636701154.562500
0.010970000000000035,0.0212,0.0516,456774636701154.562500
0.01097999999999999,0.0196,0.056400000000000006,456774636701154.562500
0.010990000000000055,0.0228,0.055600000000000004,456774636701154.562500
0.01100000000000001,0.022000000000000002,0.055600000000000004,456774636701154.562500
0.011010000000000075,0.0204,0.0468,456774636701154.562500
0.01102000000000003,0.022000000000000002,0.046,456774636701154.562500
0.011030000000000095,0.022000000000000002,0.045200000000000004,456774636701154.562500
0.01104000000000005,0.0236,0.054,456774636701154.562500
0.011050000000000004,0.0228,0.058,456774636701154.562500
0.01106000000000007,0.022000000000000002,0.053200000000000004,456774636701154.562500
0.011070000000000024,0.022000000000000002,0.0572,456774636701154.562500
0.01108000000000009,0.0236,0.058,456774636701154.562500
0.011090000000000044,0.0212,0.0572,456774636701154.562500
0.011099999999999999,0.0244,0.0572,456774636701154.562500
0.011110000000000064,0.0252,0.058,456774636701154.562500
0.011120000000000019,0.0244,0.055600000000000004,456774636701154.562500
0.011130000000000084,0.0228,0.058,456774636701154.562500
0.011140000000000039,0.0228,0.0572,456774636701154.562500
0.011149999999999993,0.026000000000000002,0.056400000000000006,456774636701154.562500
0.011160000000000059,0.0244,0.058,456774636701154.562500
0.011170000000000013,0.0236,0.056400000000000006,456774636701154.562500
0.011180000000000079,0.022000000000000002,0.0572,456774636701154.562500
0.011190000000000033,0.0228,0.055600000000000004,456774636701154.562500
0.011199999999999988,0.0228,0.056400000000000006,456774636701154.562500
0.011210000000000053,0.0236,0.056400000000000006,456774636701154.562500
0.011220000000000008,0.0236,0.0572,456774636701154.562500
0.011230000000000073,0.0204,0.055600000000000004,456774636701154.562500
0.011240000000000028,0.0228,0.056400000000000006,456774636701154.562500
0.011250000000000093,0.0228,0.0524,456774636701154.562500
0.011260000000000048,0.0212,0.058800000000000005,456774636701154.562500
0.011270000000000002,0.022000000000000002,0.0572,456774636701154.562500
0.011280000000000068,0.0212,0.056400000000000006,456774636701154.562500
0.011290000000000022,0.0204,0.055600000000000004,456774636701154.562500
0.011300000000000088,0.0212,0.0548,456774636701154.562500
0.011310000000000042,0.0196,0.0572,456774636701154.562500
0.011319999999999997,0.0212,0.054,456774636701154.562500
0.011330000000000062,0.022000000000000002,0.055600000000000004,456774636701154.562500
0.011340000000000017,0.0228,0.055600000000000004,456774636701154.562500
0.011350000000000082,0.0196,0.0492,456774636701154.562500
0.011360000000000037,0.022000000000000002,0.055600000000000004,456774636701154.562500
0.011369999999999991,0.022000000000000002,0.0572,456774636701154.562500
0.011380000000000057,0.022000000000000002,0.058,456774636701154.562500
0.011390000000000011,0.0212,0.0548,456774636701154.562500
0.011400000000000077,0.0228,0.055600000000000004,456774636701154.562500
0.011410000000000031,0.0236,0.053200000000000004,456774636701154.562500
0.011420000000000097,0.022000000000000002,0.053200000000000004,456774636701154.562500
0.011430000000000051,0.0244,0.053200000000000004,456774636701154.562500
0.011440000000000006,0.0236,0.053200000000000004,456774636701154.562500
0.011450000000000071,0.0196,0.0468,456774636701154.562500
0.011460000000000026,0.0244,0.0572,456774636701154.562500
0.011470000000000091,0.0236,0.0524,456774636701154.562500
0.011480000000000046,0.0236,0.0572,456774636701154.562500
0.01149,0.0196,0.055600000000000004,456774636701154.562500
0.011500000000000066,0.0236,0.055600000000000004,456774636701154.562500
0.01151000000000002,0.0204,0.056400000000000006,456774636701154.562500
0.011520000000000086,0.0228,0.058,456774636701154.562500
0.01153000000000004,0.018000000000000002,0.0548,456774636701154.562500
0.011539999999999995,0.0228,0.058,456774636701154.562500
0.01155000000000006,0.022000000000000002,0.056400000000000006,456774636701154.562500
0.011560000000000015,0.0212,0.054,456774636701154.562500
0.01157000000000008,0.018000000000000002,0.055600000000000004,456774636701154.562500
0.011580000000000035,0.0212,0.0516,456774636701154.562500
0.01158999999999999,0.022000000000000002,0.056400000000000006,456774636701154.562500
0.011600000000000055,0.0228,0.0548,456774636701154.562500
0.01161000000000001,0.022000000000000002,0.0572,456774636701154.562500
0.011620000000000075,0.0228,0.055600000000000004,456774636701154.562500
0.01163000000000003,0.0212,0.055600000000000004,456774636701154.562500
0.011640000000000095,0.0212,0.0572,456774636701154.562500
0.01165000000000005,0.0204,0.056400000000000006,456774636701154.562500
0.011660000000000004,0.0188,0.056400000000000006,456774636701154.562500
0.01167000000000007,0.0196,0.055600000000000004,456774636701154.562500
0.011680000000000024,0.0204,0.056400000000000006,456774636701154.562500
0.01169000000000009,0.0236,0.058,456774636701154.562500
0.011700000000000044,0.0244,0.054,456774636701154.562500
0.011709999999999998,0.022000000000000002,0.058,456774636701154.562500
0.011720000000000064,0.0196,0.053200000000000004,456774636701154.562500
0.011730000000000018,0.0228,0.054,456774636701154.562500
0.011740000000000084,0.0204,0.0572,456774636701154.562500
0.011750000000000038,0.022000000000000002,0.054,456774636701154.562500
0.011759999999999993,0.0204,0.058,456774636701154.562500
0.011770000000000058,0.0228,0.056400000000000006,456774636701154.562500
0.011780000000000013,0.0204,0.058,456774636701154.562500
0.011790000000000078,0.0244,0.046,456774636701154.562500
0.011800000000000033,0.018000000000000002,0.058,456774636701154.562500
0.011809999999999987,0.0196,0.053200000000000004,456774636701154.562500
0.011820000000000053,0.0188,0.058,456774636701154.562500
0.011830000000000007,0.022000000000000002,0.0548,456774636701154.562500
0.011840000000000073,0.0188,0.0572,456774636701154.562500
0.011850000000000027,0.0228,0.054,456774636701154.562500
0.011860000000000093,0.0204,0.050800000000000005,456774636701154.562500
0.011870000000000047,0.0204,0.054,456774636701154.562500
0.011880000000000002,0.0188,0.055600000000000004,456774636701154.562500
0.011890000000000067,0.0196,0.056400000000000006,456774636701154.562500
0.011900000000000022,0.0164,0.0492,456774636701154.562500
0.011910000000000087,0.0204,0.058,456774636701154.562500
0.011920000000000042,0.0204,0.055600000000000004,456774636701154.562500
0.011929999999999996,0.0204,0.0548,456774636701154.562500
0.011940000000000062,0.022000000000000002,0.0492,456774636701154.562500
0.011950000000000016,0.0228,0.050800000000000005,456774636701154.562500
0.011960000000000082,0.0204,0.0476,456774636701154.562500
0.011970000000000036,0.0228,0.0548,456774636701154.562500
0.01197999999999999,0.0228,0.055600000000000004,456774636701154.562500
0.011990000000000056,0.0204,0.056400000000000006,456774636701154.562500
0.01200000000000001,0.022000000000000002,0.056400000000000006,456774636701154.562500
0.012010000000000076,0.022000000000000002,0.0572,456774636701154.562500
0.01202000000000003,0.0244,0.0572,456774636701154.562500
0.012030000000000096,0.0244,0.055600000000000004,456774636701154.562500
0.01204000000000005,0.0228,0.0548,456774636701154.562500
0.012050000000000005,0.022000000000000002,0.054,456774636701154.562500
0.01206000000000007,0.0228,0.0516,456774636701154.562500
0.012070000000000025,0.022000000000000002,0.0492,456774636701154.562500
0.01208000000000009,0.0236,0.056400000000000006,456774636701154.562500
0.012090000000000045,0.0228,0.0548,456774636701154.562500
0.0121,0.0236,0.056400000000000006,456774636701154.562500
0.012110000000000065,0.022000000000000002,0.056400000000000006,456774636701154.562500
0.01212000000000002,0.0236,0.0388,456774636701154.562500
0.012130000000000085,0.0236,0.056400000000000006,456774636701154.562500
0.01214000000000004,0.022000000000000002,0.05,456774636701154.562500
0.012149999999999994,0.022000000000000002,0.056400000000000006,456774636701154.562500
0.01216000000000006,0.0212,0.0572,456774636701154.562500
0.012170000000000014,0.0212,0.056400000000000006,456774636701154.562500
0.01218000000000008,0.018000000000000002,0.0548,456774636701154.562500
0.012190000000000034,0.0212,0.0524,456774636701154.562500
0.012199999999999989,0.015600000000000001,0.056400000000000006,456774636701154.562500
0.012210000000000054,0.022000000000000002,0.0548,456774636701154.562500
0.012220000000000009,0.0212,0.0572,456774636701154.562500
0.012230000000000074,0.0212,0.054,456774636701154.562500
0.012240000000000029,0.0212,0.056400000000000006,456774636701154.562500
0.012250000000000094,0.0212,0.0524,456774636701154.562500
0.012260000000000049,0.0212,0.058,456774636701154.562500
0.012270000000000003,0.0204,0.0516,456774636701154.562500
0.012280000000000069,0.022000000000000002,0.0572,456774636701154.562500
0.012290000000000023,0.0204,0.056400000000000006,456774636701154.562500
0.012300000000000089,0.0212,0.054,456774636701154.562500
0.012310000000000043,0.0196,0.058,456774636701154.562500
0.012319999999999998,0.0252,0.058,456774636701154.562500
0.012330000000000063,0.0236,0.056400000000000006,456774636701154.562500
0.012340000000000018,0.0244,0.054,456774636701154.562500
0.012350000000000083,0.022000000000000002,0.054,456774636701154.562500
0.012360000000000038,0.0236,0.0468,456774636701154.562500
0.012369999999999992,0.0204,0.046,456774636701154.562500
0.012380000000000058,0.0228,0.05,456774636701154.562500
0.012390000000000012,0.0236,0.0572,456774636701154.562500
0.012400000000000078,0.0228,0.0548,456774636701154.562500
0.012410000000000032,0.0236,0.058,456774636701154.562500
0.012419999999999987,0.022000000000000002,0.058,456774636701154.562500
0.012430000000000052,0.022000000000000002,0.053200000000000004,456774636701154.562500
0.012440000000000007,0.0236,0.055600000000000004,456774636701154.562500
0.012450000000000072,0.0228,0.0572,456774636701154.562500
0.012460000000000027,0.0188,0.055600000000000004,456774636701154.562500
0.012470000000000092,0.022000000000000002,0.05,456774636701154.562500
0.012480000000000047,0.022000000000000002,0.056400000000000006,456774636701154.562500
0.012490000000000001,0.0204,0.055600000000000004,456774636701154.562500
0.012500000000000067,0.0236,0.058,456774636701154.562500
0.012510000000000021,0.022000000000000002,0.0572,456774636701154.562500
0.012520000000000087,0.0212,0.0548,456774636701154.562500
0.012530000000000041,0.0228,0.058,456774636701154.562500
0.012539999999999996,0.0228,0.056400000000000006,456774636701154.562500
0.012550000000000061,0.022000000000000002,0.0572,456774636701154.562500
0.012560000000000016,0.0228,0.0524,456774636701154.562500
0.012570000000000081,0.0228,0.055600000000000004,456774636701154.562500
0.012580000000000036,0.0212,0.055600000000000004,456774636701154.562500
0.01258999999999999,0.0228,0.055600000000000004,456774636701154.562500
0.012600000000000056,0.0228,0.058,456774636701154.562500
0.01261000000000001,0.0236,0.0572,456774636701154.562500
0.012620000000000076,0.0244,0.058,456774636701154.562500
0.01263000000000003,0.0244,0.0492,456774636701154.562500
0.012640000000000096,0.0252,0.055600000000000004,456774636701154.562500
0.01265000000000005,0.0236,0.058,456774636701154.562500
0.012660000000000005,0.0244,0.058,456774636701154.562500
0.01267000000000007,0.0252,0.0516,456774636701154.562500
0.012680000000000025,0.0236,0.0548,456774636701154.562500
0.01269000000000009,0.0236,0.055600000000000004,456774636701154.562500
0.012700000000000045,0.0228,0.0524,456774636701154.562500
0.012709999999999999,0.0244,0.0548,456774636701154.562500
0.012720000000000065,0.0244,0.055600000000000004,456774636701154.562500
0.012730000000000019,0.0212,0.050800000000000005,456774636701154.562500
0.012740000000000085,0.022000000000000002,0.054,456774636701154.562500
0.012750000000000039,0.0212,0.056400000000000006,456774636701154.562500
0.012759999999999994,0.022000000000000002,0.058,456774636701154.562500
0.012770000000000059,0.022000000000000002,0.056400000000000006,456774636701154.562500
0.012780000000000014,0.022000000000000002,0.055600000000000004,456774636701154.562500
0.012790000000000079,0.0212,0.058800000000000005,456774636701154.562500
0.012800000000000034,0.0212,0.056400000000000006,456774636701154.562500
0.012809999999999988,0.0212,0.058,456774636701154.562500
0.012820000000000054,0.0188,0.058,456774636701154.562500
0.012830000000000008,0.018000000000000002,0.056400000000000006,456774636701154.562500
0.012840000000000074,0.0196,0.056400000000000006,456774636701154.562500
0.012850000000000028,0.0204,0.0524,456774636701154.562500
0.012860000000000094,0.0228,0.055600000000000004,456774636701154.562500
0.012870000000000048,0.0172,0.053200000000000004,456774636701154.562500
0.012880000000000003,0.022000000000000002,0.054,456774636701154.562500
0.012890000000000068,0.0228,0.054,456774636701154.562500
0.012900000000000023,0.0204,0.056400000000000006,456774636701154.562500
0.012910000000000088,0.0236,0.056400000000000006,456774636701154.562500
0.012920000000000043,0.022000000000000002,0.056400000000000006,456774636701154.562500
0.012929999999999997,0.0236,0.055600000000000004,456774636701154.562500
0.012940000000000063,0.0228,0.056400000000000006,456774636701154.562500
0.012950000000000017,0.0228,0.0572,456774636701154.562500
0.012960000000000083,0.022000000000000002,0.058,456774636701154.562500
0.012970000000000037,0.0252,0.0476,456774636701154.562500
0.012979999999999992,0.0164,0.058,456774636701154.562500
0.012990000000000057,0.0188,0.056400000000000006,456774636701154.562500
0.013000000000000012,0.0204,0.056400000000000006,456774636701154.562500
0.013010000000000077,0.0196,0.056400000000000006,456774636701154.562500
0.013020000000000032,0.0172,0.0572,456774636701154.562500
0.013030000000000097,0.0236,0.056400000000000006,456774636701154.562500
0.013040000000000052,0.0212,0.056400000000000006,456774636701154.562500
0.013050000000000006,0.0212,0.056400000000000006,456774636701154.562500
0.013060000000000072,0.0188,0.0516,456774636701154.562500
0.013070000000000026,0.0196,0.056400000000000006,456774636701154.562500
0.013080000000000092,0.0172,0.056400000000000006,456774636701154.562500
0.013090000000000046,0.0196,0.056400000000000006,456774636701154.562500
0.0131,0.0212,0.056400000000000006,456774636701154.562500
0.013110000000000066,0.018000000000000002,0.05,456774636701154.562500
0.01312000000000002,0.0164,0.0492,456774636701154.562500
0.013130000000000086,0.0204,0.056400000000000006,456774636701154.562500
0.01314000000000004,0.0188,0.0548,456774636701154.562500
0.013149999999999995,0.0204,0.058,456774636701154.562500
0.01316000000000006,0.0228,0.055600000000000004,456774636701154.562500
0.013170000000000015,0.0212,0.058,456774636701154.562500
0.01318000000000008,0.0228,0.0548,456774636701154.562500
0.013190000000000035,0.018000000000000002,0.0572,456774636701154.562500
0.01319999999999999,0.0236,0.058,456774636701154.562500
0.013210000000000055,0.0188,0.0572,456774636701154.562500
0.01322000000000001,0.022000000000000002,0.056400000000000006,456774636701154.562500
0.013230000000000075,0.0196,0.058,456774636701154.562500
0.01324000000000003,0.022000000000000002,0.0572,456774636701154.562500
0.013250000000000095,0.0132,0.058,456774636701154.562500
0.01326000000000005,0.0172,0.0572,456774636701154.562500
0.013270000000000004,0.0172,0.0572,456774636701154.562500
0.01328000000000007,0.0228,0.056400000000000006,456774636701154.562500
0.013290000000000024,0.022000000000000002,0.056400000000000006,456774636701154.562500
0.01330000000000009,0.0228,0.0572,456774636701154.562500
0.013310000000000044,0.0212,0.056400000000000006,456774636701154.562500
0.013319999999999999,0.0236,0.056400000000000006,456774636701154.562500
0.013330000000000064,0.0212,0.055600000000000004,456774636701154.562500
0.013340000000000019,0.0212,0.054,456774636701154.562500
0.013350000000000084,0.0236,0.056400000000000006,456774636701154.562500
0.013360000000000039,0.0212,0.0492,456774636701154.562500
0.013369999999999993,0.0204,0.053200000000000004,456774636701154.562500
0.013380000000000059,0.0172,0.0524,456774636701154.562500
0.013390000000000013,0.0204,0.0516,456774636701154.562500
0.013400000000000079,0.0204,0.045200000000000004,456774636701154.562500
0.013410000000000033,0.0228,0.048400000000000006,456774636701154.562500
0.013419999999999987,0.0228,0.0468,456774636701154.562500
0.013430000000000053,0.0212,0.0476,456774636701154.562500
0.013440000000000007,0.022000000000000002,0.0468,456774636701154.562500
0.013450000000000073,0.0212,0.050800000000000005,456774636701154.562500
0.013460000000000027,0.0212,0.0548,456774636701154.562500
0.013470000000000093,0.0204,0.054,456774636701154.562500
0.013480000000000047,0.0212,0.0572,456774636701154.562500
0.013490000000000002,0.0212,0.055600000000000004,456774636701154.562500
0.013500000000000068,0.0228,0.0572,456774636701154.562500
0.013510000000000022,0.0212,0.0548,456774636701154.562500
0.013520000000000088,0.022000000000000002,0.056400000000000006,456774636701154.562500
0.013530000000000042,0.0204,0.0516,456774636701154.562500
0.013539999999999996,0.0228,0.0548,456774636701154.562500
0.013550000000000062,0.022000000000000002,0.0524,456774636701154.562500
0.013560000000000016,0.0252,0.05,456774636701154.562500
0.013570000000000082,0.0228,0.0436,456774636701154.562500
0.013580000000000036,0.0244,0.0524,456774636701154.562500
0.013589999999999991,0.0228,0.0572,456774636701154.562500
0.013600000000000056,0.0236,0.0524,456774636701154.562500
0.013610000000000011,0.0228,0.056400000000000006,456774636701154.562500
0.013620000000000076,0.0228,0.0572,456774636701154.562500
0.013630000000000031,0.0228,0.0572,456774636701154.562500
0.013640000000000096,0.0244,0.056400000000000006,456774636701154.562500
0.013650000000000051,0.0228,0.056400000000000006,456774636701154.562500
0.013660000000000005,0.022000000000000002,0.055600000000000004,456774636701154.562500
0.013670000000000071,0.022000000000000002,0.055600000000000004,456774636701154.562500
0.013680000000000025,0.022000000000000002,0.058,456774636701154.562500
0.013690000000000091,0.022000000000000002,0.056400000000000006,456774636701154.562500
0.013700000000000045,0.0212,0.0524,456774636701154.562500
0.01371,0.022000000000000002,0.0572,456774636701154.562500
0.013720000000000065,0.0228,0.058,456774636701154.562500
0.01373000000000002,0.0204,0.056400000000000006,456774636701154.562500
0.013740000000000085,0.0228,0.055600000000000004,456774636701154.562500
0.01375000000000004,0.022000000000000002,0.056400000000000006,456774636701154.562500
0.013759999999999994,0.0164,0.0548,456774636701154.562500
0.01377000000000006,0.012400000000000001,0.0572,456774636701154.562500
0.013780000000000014,0.0188,0.058,456774636701154.562500
0.01379000000000008,0.0196,0.058,456774636701154.562500
0.013800000000000034,0.0212,0.0548,456774636701154.562500
0.013809999999999989,0.0228,0.055600000000000004,456774636701154.562500
0.013820000000000054,0.022000000000000002,0.05,456774636701154.562500
0.013830000000000009,0.022000000000000002,0.0572,456774636701154.562500
0.013840000000000074,0.0244,0.0572,456774636701154.562500
0.013850000000000029,0.022000000000000002,0.056400000000000006,456774636701154.562500
0.013860000000000094,0.022000000000000002,0.056400000000000006,456774636701154.562500
0.013870000000000049,0.0252,0.0548,456774636701154.562500
0.013880000000000003,0.0244,0.0516,456774636701154.562500
0.013890000000000069,0.0228,0.056400000000000006,456774636701154.562500
0.013900000000000023,0.0236,0.058,456774636701154.562500
0.013910000000000089,0.0236,0.056400000000000006,456774636701154.562500
0.013920000000000043,0.0236,0.058800000000000005,456774636701154.562500
0.013929999999999998,0.0244,0.0548,456774636701154.562500
0.013940000000000063,0.0228,0.054,456774636701154.562500
0.013950000000000018,0.0236,0.055600000000000004,456774636701154.562500
0.013960000000000083,0.0236,0.055600000000000004,456774636701154.562500
0.013970000000000038,0.0228,0.0548,456774636701154.562500
0.013979999999999992,0.022000000000000002,0.0548,456774636701154.562500
0.013990000000000058,0.022000000000000002,0.055600000000000004,456774636701154.562500
0.014000000000000012,0.0196,0.056400000000000006,456774636701154.562500
0.014010000000000078,0.022000000000000002,0.0572,456774636701154.562500
0.014020000000000032,0.0228,0.055600000000000004,456774636701154.562500
0.014029999999999987,0.0212,0.0548,456774636701154.562500
0.014040000000000052,0.022000000000000002,0.050800000000000005,456774636701154.562500
0.014050000000000007,0.022000000000000002,0.055600000000000004,456774636701154.562500
0.014060000000000072,0.022000000000000002,0.0572,456774636701154.562500
0.014070000000000027,0.0236,0.058,456774636701154.562500
0.014080000000000092,0.0196,0.058,456774636701154.562500
0.014090000000000047,0.0236,0.055600000000000004,456774636701154.562500
0.014100000000000001,0.022000000000000002,0.056400000000000006,456774636701154.562500
0.014110000000000067,0.022000000000000002,0.0572,456774636701154.562500
0.014120000000000021,0.0228,0.0548,456774636701154.562500
0.014130000000000087,0.022000000000000002,0.0548,456774636701154.562500
0.014140000000000041,0.0236,0.054,456774636701154.562500
0.014149999999999996,0.0252,0.053200000000000004,456774636701154.562500
0.014160000000000061,0.0228,0.0548,456774636701154.562500
0.014170000000000016,0.0244,0.055600000000000004,456774636701154.562500
0.014180000000000081,0.022000000000000002,0.0572,456774636701154.562500
0.014190000000000036,0.0228,0.056400000000000006,456774636701154.562500
0.01419999999999999,0.0228,0.058,456774636701154.562500
0.014210000000000056,0.0204,0.0572,456774636701154.562500
0.01422000000000001,0.0236,0.0572,456774636701154.562500
0.014230000000000076,0.022000000000000002,0.0572,456774636701154.562500
0.01424000000000003,0.0212,0.0572,456774636701154.562500
0.014250000000000096,0.0236,0.0548,456774636701154.562500
0.01426000000000005,0.0228,0.058,456774636701154.562500
0.014270000000000005,0.0228,0.0572,456774636701154.562500
0.01428000000000007,0.0212,0.056400000000000006,456774636701154.562500
0.014290000000000025,0.0244,0.058,456774636701154.562500
0.01430000000000009,0.022000000000000002,0.0572,456774636701154.562500
0.014310000000000045,0.0228,0.0572,456774636701154.562500
0.01432,0.0236,0.054,456774636701154.562500
0.014330000000000065,0.0212,0.056400000000000006,456774636701154.562500
0.01434000000000002,0.0212,0.0548,456774636701154.562500
0.014350000000000085,0.0212,0.0572,456774636701154.562500
0.01436000000000004,0.0228,0.058,456774636701154.562500
0.014369999999999994,0.0212,0.0548,456774636701154.562500
0.01438000000000006,0.0228,0.056400000000000006,456774636701154.562500
0.014390000000000014,0.022000000000000002,0.056400000000000006,456774636701154.562500
0.01440000000000008,0.0228,0.055600000000000004,456774636701154.562500
0.014410000000000034,0.022000000000000002,0.0548,456774636701154.562500
0.014419999999999988,0.0228,0.0572,456774636701154.562500
0.014430000000000054,0.022000000000000002,0.056400000000000006,456774636701154.562500
0.014440000000000008,0.0236,0.0572,456774636701154.562500
0.014450000000000074,0.0236,0.056400000000000006,456774636701154.562500
0.014460000000000028,0.0228,0.0548,456774636701154.562500
0.014470000000000094,0.0228,0.058,456774636701154.562500
0.014480000000000048,0.0188,0.055600000000000004,456774636701154.562500
0.014490000000000003,0.0228,0.0572,456774636701154.562500
0.014500000000000068,0.018000000000000002,0.0572,456774636701154.562500
0.014510000000000023,0.022000000000000002,0.0572,456774636701154.562500
0.014520000000000088,0.0212,0.0572,456774636701154.562500
0.014530000000000043,0.0212,0.055600000000000004,456774636701154.562500
0.014539999999999997,0.0196,0.056400000000000006,456774636701154.562500
0.014550000000000063,0.0212,0.0548,456774636701154.562500
0.014560000000000017,0.0196,0.058,456774636701154.562500
0.014570000000000083,0.0204,0.055600000000000004,456774636701154.562500
0.014580000000000037,0.0212,0.0548,456774636701154.562500
0.014589999999999992,0.0204,0.058,456774636701154.562500
0.014600000000000057,0.0212,0.056400000000000006,456774636701154.562500
0.014610000000000012,0.0212,0.058,456774636701154.562500
0.014620000000000077,0.0212,0.056400000000000006,456774636701154.562500
0.014630000000000032,0.0228,0.058,456774636701154.562500
0.014640000000000097,0.022000000000000002,0.055600000000000004,456774636701154.562500
0.014650000000000052,0.0188,0.053200000000000004,456774636701154.562500
0.014660000000000006,0.0212,0.048400000000000006,456774636701154.562500
0.014670000000000072,0.022000000000000002,0.054,456774636701154.562500
0.014680000000000026,0.0228,0.0524,456774636701154.562500
0.014690000000000092,0.022000000000000002,0.0516,456774636701154.562500
0.014700000000000046,0.0228,0.038,456774636701154.562500
0.01471,0.0212,0.054,456774636701154.562500
0.014720000000000066,0.0212,0.054,456774636701154.562500
0.01473000000000002,0.0228,0.0516,456774636701154.562500
0.014740000000000086,0.022000000000000002,0.0516,456774636701154.562500
0.01475000000000004,0.0244,0.0524,456774636701154.562500
0.014759999999999995,0.0228,0.0436,456774636701154.562500
0.01477000000000006,0.0228,0.0548,456774636701154.562500
0.014780000000000015,0.0244,0.050800000000000005,456774636701154.562500
0.01479000000000008,0.0244,0.053200000000000004,456774636701154.562500
0.014800000000000035,0.022000000000000002,0.058,456774636701154.562500
0.01480999999999999,0.0244,0.0572,456774636701154.562500
0.014820000000000055,0.0244,0.053200000000000004,456774636701154.562500
0.01483000000000001,0.0212,0.055600000000000004,456774636701154.562500
0.014840000000000075,0.0236,0.058,456774636701154.562500
0.01485000000000003,0.0188,0.0572,456774636701154.562500
0.014860000000000095,0.0244,0.0548,456774636701154.562500
0.01487000000000005,0.0204,0.0548,456774636701154.562500
0.014880000000000004,0.022000000000000002,0.056400000000000006,456774636701154.562500
0.01489000000000007,0.022000000000000002,0.055600000000000004,456774636701154.562500
0.014900000000000024,0.0236,0.058,456774636701154.562500
0.01491000000000009,0.0228,0.0572,456774636701154.562500
0.014920000000000044,0.022000000000000002,0.056400000000000006,456774636701154.562500
0.014929999999999999,0.0212,0.0572,456774636701154.562500
0.014940000000000064,0.0212,0.058,456774636701154.562500
0.014950000000000019,0.0188,0.058800000000000005,456774636701154.562500
0.014960000000000084,0.0204,0.0572,456774636701154.562500
0.014970000000000039,0.022000000000000002,0.0572,456774636701154.562500
0.014979999999999993,0.022000000000000002,0.0548,456774636701154.562500
0.014990000000000059,0.022000000000000002,0.056400000000000006,456774636701154.562500
0.015000000000000013,0.0228,0.058,456774636701154.562500
0.015010000000000079,0.0236,0.0572,456774636701154.562500
0.015020000000000033,0.022000000000000002,0.056400000000000006,456774636701154.562500
0.015029999999999988,0.0228,0.0548,456774636701154.562500
0.015040000000000053,0.022000000000000002,0.055600000000000004,456774636701154.562500
0.015050000000000008,0.0244,0.058,456774636701154.562500
0.015060000000000073,0.0236,0.053200000000000004,456774636701154.562500
0.015070000000000028,0.022000000000000002,0.055600000000000004,456774636701154.562500
0.015080000000000093,0.0244,0.054,456774636701154.562500
0.015090000000000048,0.0236,0.055600000000000004,456774636701154.562500
0.015100000000000002,0.0244,0.0572,456774636701154.562500
0.015110000000000068,0.022000000000000002,0.055600000000000004,456774636701154.562500
0.015120000000000022,0.0212,0.055600000000000004,456774636701154.562500
0.015130000000000088,0.0244,0.058,456774636701154.562500
0.015140000000000042,0.0244,0.0492,456774636701154.562500
0.015149999999999997,0.022000000000000002,0.058800000000000005,456774636701154.562500
0.015160000000000062,0.0228,0.0572,456774636701154.562500
0.015170000000000017,0.0236,0.0524,456774636701154.562500
0.015180000000000082,0.0228,0.054,456774636701154.562500
0.015190000000000037,0.022000000000000002,0.0516,456774636701154.562500
0.015199999999999991,0.0212,0.048400000000000006,456774636701154.562500
0.015210000000000057,0.022000000000000002,0.058,456774636701154.562500
0.015220000000000011,0.0204,0.0548,456774636701154.562500
0.015230000000000077,0.022000000000000002,0.056400000000000006,456774636701154.562500
0.015240000000000031,0.0204,0.0572,456774636701154.562500
0.015250000000000097,0.0228,0.0572,456774636701154.562500
0.015260000000000051,0.0228,0.056400000000000006,456774636701154.562500
0.015270000000000006,0.022000000000000002,0.0572,456774636701154.562500
0.015280000000000071,0.022000000000000002,0.056400000000000006,456774636701154.562500
0.015290000000000026,0.0212,0.050800000000000005,456774636701154.562500
0.015300000000000091,0.0228,0.0396,456774636701154.562500
0.015310000000000046,0.022000000000000002,0.054,456774636701154.562500
0.01532,0.022000000000000002,0.053200000000000004,456774636701154.562500
0.015330000000000066,0.022000000000000002,0.055600000000000004,456774636701154.562500
0.01534000000000002,0.022000000000000002,0.053200000000000004,456774636701154.562500
0.015350000000000086,0.0188,0.0548,456774636701154.562500
0.01536000000000004,0.0252,0.056400000000000006,456774636701154.562500
0.015369999999999995,0.022000000000000002,0.056400000000000006,456774636701154.562500
0.01538000000000006,0.0212,0.056400000000000006,456774636701154.562500
0.015390000000000015,0.022000000000000002,0.053200000000000004,456774636701154.562500
0.01540000000000008,0.0252,0.056400000000000006,456774636701154.562500
0.015410000000000035,0.0236,0.053200000000000004,456774636701154.562500
0.01541999999999999,0.0244,0.058800000000000005,456774636701154.562500
0.015430000000000055,0.0236,0.054,456774636701154.562500
0.01544000000000001,0.0236,0.05,456774636701154.562500
0.015450000000000075,0.0212,0.056400000000000006,456774636701154.562500
0.01546000000000003,0.0228,0.0572,456774636701154.562500
0.015470000000000095,0.0236,0.056400000000000006,456774636701154.562500
0.01548000000000005,0.0204,0.056400000000000006,456774636701154.562500
0.015490000000000004,0.0236,0.0476,456774636701154.562500
0.01550000000000007,0.022000000000000002,0.056400000000000006,456774636701154.562500
0.015510000000000024,0.022000000000000002,0.055600000000000004,456774636701154.562500
0.01552000000000009,0.0228,0.055600000000000004,456774636701154.562500
0.015530000000000044,0.022000000000000002,0.0572,456774636701154.562500
0.015539999999999998,0.0204,0.056400000000000006,456774636701154.562500
0.015550000000000064,0.0212,0.055600000000000004,456774636701154.562500
0.015560000000000018,0.0212,0.0572,456774636701154.562500
0.015570000000000084,0.0188,0.055600000000000004,456774636701154.562500
0.015580000000000038,0.0212,0.055600000000000004,456774636701154.562500
0.015589999999999993,0.0204,0.0572,456774636701154.562500
0.015600000000000058,0.022000000000000002,0.054,456774636701154.562500
0.015610000000000013,0.022000000000000002,0.0572,456774636701154.562500
0.015620000000000078,0.022000000000000002,0.056400000000000006,456774636701154.562500
0.015630000000000033,0.022000000000000002,0.055600000000000004,456774636701154.562500
0.015639999999999987,0.0228,0.0572,456774636701154.562500
0.015650000000000053,0.022000000000000002,0.0572,456774636701154.562500
0.015660000000000007,0.0212,0.0572,456774636701154.562500
0.015670000000000073,0.022000000000000002,0.055600000000000004,456774636701154.562500
0.015680000000000027,0.0236,0.0548,456774636701154.562500
0.015690000000000093,0.0244,0.055600000000000004,456774636701154.562500
0.015700000000000047,0.022000000000000002,0.0572,456774636701154.562500
0.015710000000000002,0.0236,0.0468,456774636701154.562500
0.015720000000000067,0.0236,0.054,456774636701154.562500
0.015730000000000022,0.0204,0.054,456774636701154.562500
0.015740000000000087,0.0236,0.0548,456774636701154.562500
0.015750000000000042,0.022000000000000002,0.0572,456774636701154.562500
0.015759999999999996,0.0196,0.0572,456774636701154.562500
0.015770000000000062,0.0212,0.055600000000000004,456774636701154.562500
0.015780000000000016,0.0228,0.058800000000000005,456774636701154.562500
0.015790000000000082,0.0228,0.0572,456774636701154.562500
0.015800000000000036,0.0228,0.0548,456774636701154.562500
0.01580999999999999,0.0228,0.0572,456774636701154.562500
0.015820000000000056,0.022000000000000002,0.055600000000000004,456774636701154.562500
0.01583000000000001,0.022000000000000002,0.058,456774636701154.562500
0.015840000000000076,0.0204,0.054,456774636701154.562500
0.01585000000000003,0.0212,0.054,456774636701154.562500
0.015860000000000096,0.0228,0.055600000000000004,456774636701154.562500
0.01587000000000005,0.0236,0.0572,456774636701154.562500
0.015880000000000005,0.022000000000000002,0.055600000000000004,456774636701154.562500
0.01589000000000007,0.0212,0.055600000000000004,456774636701154.562500
0.015900000000000025,0.022000000000000002,0.056400000000000006,456774636701154.562500
0.01591000000000009,0.0212,0.058,456774636701154.562500
0.015920000000000045,0.0228,0.0572,456774636701154.562500
0.01593,0.022000000000000002,0.056400000000000006,456774636701154.562500
0.015940000000000065,0.0228,0.0572,456774636701154.562500
0.01595000000000002,0.0228,0.058,456774636701154.562500
0.015960000000000085,0.022000000000000002,0.056400000000000006,456774636701154.562500
0.01597000000000004,0.0228,0.0524,456774636701154.562500
0.015979999999999994,0.0228,0.058,456774636701154.562500
0.01599000000000006,0.0236,0.0572,456774636701154.562500
0.016000000000000014,0.0244,0.055600000000000004,456774636701154.562500
0.01601000000000008,0.0244,0.050800000000000005,456774636701154.562500
0.016020000000000034,0.0236,0.0548,456774636701154.562500
0.01602999999999999,0.0236,0.0572,456774636701154.562500
0.016040000000000054,0.0236,0.055600000000000004,456774636701154.562500
0.01605000000000001,0.0236,0.0572,456774636701154.562500
0.016060000000000074,0.0236,0.056400000000000006,456774636701154.562500
0.01607000000000003,0.022000000000000002,0.058,456774636701154.562500
0.016080000000000094,0.0244,0.0572,456774636701154.562500
0.01609000000000005,0.022000000000000002,0.056400000000000006,456774636701154.562500
0.016100000000000003,0.022000000000000002,0.056400000000000006,456774636701154.562500
0.01611000000000007,0.022000000000000002,0.058800000000000005,456774636701154.562500
0.016120000000000023,0.0228,0.056400000000000006,456774636701154.562500
0.01613000000000009,0.0204,0.056400000000000006,456774636701154.562500
0.016140000000000043,0.0228,0.053200000000000004,456774636701154.562500
0.016149999999999998,0.0212,0.058,456774636701154.562500
0.016160000000000063,0.0204,0.058800000000000005,456774636701154.562500
0.016170000000000018,0.0212,0.056400000000000006,456774636701154.562500
0.016180000000000083,0.0236,0.055600000000000004,456774636701154.562500
0.016190000000000038,0.0196,0.054,456774636701154.562500
0.016199999999999992,0.018000000000000002,0.0548,456774636701154.562500
0.016210000000000058,0.0196,0.058,456774636701154.562500
0.016220000000000012,0.0188,0.058,456774636701154.562500
0.016230000000000078,0.0212,0.056400000000000006,456774636701154.562500
0.016240000000000032,0.0204,0.056400000000000006,456774636701154.562500
0.016250000000000098,0.022000000000000002,0.056400000000000006,456774636701154.562500
0.016260000000000052,0.0228,0.0572,456774636701154.562500
0.016270000000000007,0.0196,0.0572,456774636701154.562500
0.016280000000000072,0.0196,0.055600000000000004,456774636701154.562500
0.016290000000000027,0.0204,0.0572,456774636701154.562500
0.016300000000000092,0.0244,0.0572,456774636701154.562500
0.016310000000000047,0.0236,0.055600000000000004,456774636701154.562500
0.01632,0.0244,0.058,456774636701154.562500
0.016330000000000067,0.0236,0.0572,456774636701154.562500
0.01634000000000002,0.0244,0.0572,456774636701154.562500
0.016350000000000087,0.0236,0.0548,456774636701154.562500
0.01636000000000004,0.0228,0.0572,456774636701154.562500
0.016369999999999996,0.0228,0.056400000000000006,456774636701154.562500
0.01638000000000006,0.0236,0.0572,456774636701154.562500
0.016390000000000016,0.0236,0.0572,456774636701154.562500
0.01640000000000008,0.022000000000000002,0.056400000000000006,456774636701154.562500
0.016410000000000036,0.0228,0.055600000000000004,456774636701154.562500
0.01641999999999999,0.0236,0.058800000000000005,456774636701154.562500
0.016430000000000056,0.022000000000000002,0.054,456774636701154.562500
0.01644000000000001,0.0204,0.055600000000000004,456774636701154.562500
0.016450000000000076,0.0212,0.0572,456774636701154.562500
0.01646000000000003,0.0212,0.058,456774636701154.562500
0.016470000000000096,0.0212,0.0572,456774636701154.562500
0.01648000000000005,0.022000000000000002,0.054,456774636701154.562500
0.016490000000000005,0.022000000000000002,0.056400000000000006,456774636701154.562500
0.01650000000000007,0.0228,0.053200000000000004,456774636701154.562500
0.016510000000000025,0.022000000000000002,0.058,456774636701154.562500
0.01652000000000009,0.022000000000000002,0.058,456774636701154.562500
0.016530000000000045,0.0228,0.056400000000000006,456774636701154.562500
0.01654,0.022000000000000002,0.0572,456774636701154.562500
0.016550000000000065,0.022000000000000002,0.053200000000000004,456774636701154.562500
0.01656000000000002,0.0212,0.055600000000000004,456774636701154.562500
0.016570000000000085,0.0236,0.056400000000000006,456774636701154.562500
0.01658000000000004,0.0228,0.058,456774636701154.562500
0.016589999999999994,0.0244,0.056400000000000006,456774636701154.562500
0.01660000000000006,0.0252,0.056400000000000006,456774636701154.562500
0.016610000000000014,0.0228,0.053200000000000004,456774636701154.562500
0.01662000000000008,0.022000000000000002,0.0516,456774636701154.562500
0.016630000000000034,0.0244,0.054,456774636701154.562500
0.016639999999999988,0.0236,0.0548,456774636701154.562500
0.016650000000000054,0.0244,0.053200000000000004,456774636701154.562500
0.016660000000000008,0.0236,0.055600000000000004,456774636701154.562500
0.016670000000000074,0.0244,0.0572,456774636701154.562500
0.016680000000000028,0.0212,0.048400000000000006,456774636701154.562500
0.016690000000000094,0.022000000000000002,0.056400000000000006,456774636701154.562500
0.016700000000000048,0.0228,0.050800000000000005,456774636701154.562500
0.016710000000000003,0.018000000000000002,0.055600000000000004,456774636701154.562500
0.016720000000000068,0.0228,0.042800000000000005,456774636701154.562500
0.016730000000000023,0.0204,0.0548,456774636701154.562500
0.016740000000000088,0.0228,0.0492,456774636701154.562500
0.016750000000000043,0.0172,0.053200000000000004,456774636701154.562500
0.016759999999999997,0.0212,0.048400000000000006,456774636701154.562500
0.016770000000000063,0.018000000000000002,0.058,456774636701154.562500
0.016780000000000017,0.0212,0.055600000000000004,456774636701154.562500
0.016790000000000083,0.018000000000000002,0.0572,456774636701154.562500
0.016800000000000037,0.0196,0.056400000000000006,456774636701154.562500
0.01680999999999999,0.022000000000000002,0.058,456774636701154.562500
0.016820000000000057,0.0228,0.056400000000000006,456774636701154.562500
0.01683000000000001,0.0228,0.0572,456774636701154.562500
0.016840000000000077,0.0212,0.0572,456774636701154.562500
0.01685000000000003,0.022000000000000002,0.0572,456774636701154.562500
0.016860000000000097,0.022000000000000002,0.0572,456774636701154.562500
0.01687000000000005,0.0228,0.0524,456774636701154.562500
0.016880000000000006,0.022000000000000002,0.05,456774636701154.562500
0.01689000000000007,0.0236,0.0436,456774636701154.562500
0.016900000000000026,0.0236,0.05,456774636701154.562500
0.01691000000000009,0.0236,0.0476,456774636701154.562500
0.016920000000000046,0.0252,0.0388,456774636701154.562500
0.01693,0.0212,0.053200000000000004,456774636701154.562500
0.016940000000000066,0.0212,0.056400000000000006,456774636701154.562500
0.01695000000000002,0.0252,0.05,456774636701154.562500
0.016960000000000086,0.0236,0.0548,456774636701154.562500
0.01697000000000004,0.0236,0.058,456774636701154.562500
0.016979999999999995,0.0236,0.058800000000000005,456774636701154.562500
0.01699000000000006,0.022000000000000002,0.0548,456774636701154.562500
0.017000000000000015,0.022000000000000002,0.055600000000000004,456774636701154.562500
0.01701000000000008,0.022000000000000002,0.054,456774636701154.562500
0.017020000000000035,0.0204,0.0548,456774636701154.562500
0.01702999999999999,0.0236,0.055600000000000004,456774636701154.562500
0.017040000000000055,0.0196,0.056400000000000006,456774636701154.562500
0.01705000000000001,0.0212,0.056400000000000006,456774636701154.562500
0.017060000000000075,0.0212,0.054,456774636701154.562500
0.01707000000000003,0.022000000000000002,0.056400000000000006,456774636701154.562500
0.017080000000000095,0.0228,0.056400000000000006,456774636701154.562500
0.01709000000000005,0.0228,0.053200000000000004,456774636701154.562500
0.017100000000000004,0.0228,0.055600000000000004,456774636701154.562500
0.01711000000000007,0.0228,0.0572,456774636701154.562500
0.017120000000000024,0.0196,0.058,456774636701154.562500
0.01713000000000009,0.022000000000000002,0.055600000000000004,456774636701154.562500
0.017140000000000044,0.0196,0.05,456774636701154.562500
0.01715,0.0228,0.056400000000000006,456774636701154.562500
0.017160000000000064,0.0204,0.0572,456774636701154.562500
0.01717000000000002,0.0236,0.058,456774636701154.562500
0.017180000000000084,0.0164,0.056400000000000006,456774636701154.562500
0.01719000000000004,0.022000000000000002,0.0572,456774636701154.562500
0.017199999999999993,0.0244,0.055600000000000004,456774636701154.562500
0.01721000000000006,0.0228,0.056400000000000006,456774636701154.562500
0.017220000000000013,0.0252,0.0524,456774636701154.562500
0.01723000000000008,0.0236,0.055600000000000004,456774636701154.562500
0.017240000000000033,0.0196,0.054,456774636701154.562500
0.017249999999999988,0.0228,0.0516,456774636701154.562500
0.017260000000000053,0.0204,0.054,456774636701154.562500
0.017270000000000008,0.0228,0.056400000000000006,456774636701154.562500
0.017280000000000073,0.0244,0.0572,456774636701154.562500
0.017290000000000028,0.0244,0.0572,456774636701154.562500
0.017300000000000093,0.0228,0.055600000000000004,456774636701154.562500
0.017310000000000048,0.022000000000000002,0.0572,456774636701154.562500
0.017320000000000002,0.022000000000000002,0.0572,456774636701154.562500
0.017330000000000068,0.022000000000000002,0.055600000000000004,456774636701154.562500
0.017340000000000022,0.0204,0.056400000000000006,456774636701154.562500
0.017350000000000088,0.0212,0.054,456774636701154.562500
0.017360000000000042,0.0196,0.056400000000000006,456774636701154.562500
0.017369999999999997,0.022000000000000002,0.05,456774636701154.562500
0.017380000000000062,0.022000000000000002,0.054,456774636701154.562500
0.017390000000000017,0.0204,0.054,456774636701154.562500
0.017400000000000082,0.0212,0.055600000000000004,456774636701154.562500
0.017410000000000037,0.022000000000000002,0.0548,456774636701154.562500
0.01741999999999999,0.0228,0.0572,456774636701154.562500
0.017430000000000057,0.0212,0.0572,456774636701154.562500
0.01744000000000001,0.022000000000000002,0.0572,456774636701154.562500
0.017450000000000077,0.022000000000000002,0.0572,456774636701154.562500
0.01746000000000003,0.0228,0.0572,456774636701154.562500
0.017470000000000097,0.0212,0.053200000000000004,456774636701154.562500
0.01748000000000005,0.0228,0.0572,456774636701154.562500
0.017490000000000006,0.0236,0.045200000000000004,456774636701154.562500
0.01750000000000007,0.0236,0.0548,456774636701154.562500
0.017510000000000026,0.0236,0.0524,456774636701154.562500
0.01752000000000009,0.0252,0.054,456774636701154.562500
0.017530000000000046,0.0212,0.054,456774636701154.562500
0.01754,0.0244,0.055600000000000004,456774636701154.562500
0.017550000000000066,0.0244,0.0524,456774636701154.562500
0.01756000000000002,0.0236,0.054,456774636701154.562500
0.017570000000000086,0.0236,0.0572,456774636701154.562500
0.01758000000000004,0.0236,0.058,456774636701154.562500
0.017589999999999995,0.022000000000000002,0.058,456774636701154.562500
0.01760000000000006,0.0236,0.056400000000000006,456774636701154.562500
0.017610000000000015,0.0228,0.0572,456774636701154.562500
0.01762000000000008,0.0244,0.058,456774636701154.562500
0.017630000000000035,0.022000000000000002,0.056400000000000006,456774636701154.562500
0.01763999999999999,0.0212,0.058,456774636701154.562500
0.017650000000000055,0.0212,0.054,456774636701154.562500
0.01766000000000001,0.022000000000000002,0.058800000000000005,456774636701154.562500
0.017670000000000075,0.0204,0.0524,456774636701154.562500
0.01768000000000003,0.0228,0.055600000000000004,456774636701154.562500
0.017690000000000095,0.0212,0.055600000000000004,456774636701154.562500
0.01770000000000005,0.0212,0.056400000000000006,456774636701154.562500
0.017710000000000004,0.022000000000000002,0.055600000000000004,456774636701154.562500
0.01772000000000007,0.022000000000000002,0.056400000000000006,456774636701154.562500
0.017730000000000024,0.022000000000000002,0.056400000000000006,456774636701154.562500
0.01774000000000009,0.0228,0.056400000000000006,456774636701154.562500
0.017750000000000044,0.022000000000000002,0.0516,456774636701154.562500
0.017759999999999998,0.0228,0.054,456774636701154.562500
0.017770000000000064,0.0204,0.0572,456774636701154.562500
0.017780000000000018,0.0228,0.0548,456774636701154.562500
0.017790000000000084,0.0204,0.058,456774636701154.562500
0.017800000000000038,0.0244,0.056400000000000006,456774636701154.562500
0.017809999999999993,0.0252,0.058,456774636701154.562500
0.017820000000000058,0.0244,0.058,456774636701154.562500
0.017830000000000013,0.0236,0.0548,456774636701154.562500
0.017840000000000078,0.0212,0.0572,456774636701154.562500
0.017850000000000033,0.0244,0.056400000000000006,456774636701154.562500
0.017859999999999987,0.0188,0.056400000000000006,456774636701154.562500
0.017870000000000053,0.0252,0.056400000000000006,456774636701154.562500
0.017880000000000007,0.0228,0.0516,456774636701154.562500
0.017890000000000073,0.022000000000000002,0.055600000000000004,456774636701154.562500
0.017900000000000027,0.0172,0.050800000000000005,456774636701154.562500
0.017910000000000093,0.0228,0.0572,456774636701154.562500
0.017920000000000047,0.022000000000000002,0.05,456774636701154.562500
0.01793,0.0244,0.056400000000000006,456774636701154.562500
0.017940000000000067,0.022000000000000002,0.0524,456774636701154.562500
0.01795000000000002,0.022000000000000002,0.056400000000000006,456774636701154.562500
0.017960000000000087,0.0212,0.055600000000000004,456774636701154.562500
0.01797000000000004,0.022000000000000002,0.058,456774636701154.562500
0.017979999999999996,0.0212,0.054,456774636701154.562500
0.01799000000000006,0.0164,0.0572,456774636701154.562500
0.018000000000000016,0.022000000000000002,0.058,456774636701154.562500
0.01801000000000008,0.022000000000000002,0.056400000000000006,456774636701154.562500
0.018020000000000036,0.0212,0.0548,456774636701154.562500
0.01802999999999999,0.0204,0.058,456774636701154.562500
0.018040000000000056,0.0228,0.054,456774636701154.562500
0.01805000000000001,0.0212,0.056400000000000006,456774636701154.562500
0.018060000000000076,0.0228,0.0548,456774636701154.562500
0.01807000000000003,0.0228,0.0548,456774636701154.562500
0.018080000000000096,0.0244,0.0524,456774636701154.562500
0.01809000000000005,0.0236,0.055600000000000004,456774636701154.562500
0.018100000000000005,0.0236,0.0548,456774636701154.562500
0.01811000000000007,0.0244,0.0548,456774636701154.562500
0.018120000000000025,0.026000000000000002,0.0492,456774636701154.562500
0.01813000000000009,0.0236,0.048400000000000006,456774636701154.562500
0.018140000000000045,0.0228,0.0548,456774636701154.562500
0.01815,0.0252,0.0572,456774636701154.562500
0.018160000000000065,0.0212,0.055600000000000004,456774636701154.562500
0.01817000000000002,0.0244,0.056400000000000006,456774636701154.562500
0.018180000000000085,0.0236,0.056400000000000006,456774636701154.562500
0.01819000000000004,0.0236,0.0572,456774636701154.562500
0.018199999999999994,0.0244,0.05,456774636701154.562500
0.01821000000000006,0.0236,0.056400000000000006,456774636701154.562500
0.018220000000000014,0.0204,0.053200000000000004,456774636701154.562500
0.01823000000000008,0.022000000000000002,0.058,456774636701154.562500
0.018240000000000034,0.0236,0.048400000000000006,456774636701154.562500
0.01824999999999999,0.0228,0.054,456774636701154.562500
0.018260000000000054,0.0228,0.054,456774636701154.562500
0.01827000000000001,0.022000000000000002,0.056400000000000006,456774636701154.562500
0.018280000000000074,0.0212,0.055600000000000004,456774636701154.562500
0.01829000000000003,0.0196,0.0572,456774636701154.562500
0.018300000000000094,0.022000000000000002,0.056400000000000006,456774636701154.562500
0.01831000000000005,0.0212,0.056400000000000006,456774636701154.562500
0.018320000000000003,0.022000000000000002,0.0572,456774636701154.562500
0.01833000000000007,0.0236,0.055600000000000004,456774636701154.562500
0.018340000000000023,0.0212,0.058800000000000005,456774636701154.562500
0.01835000000000009,0.022000000000000002,0.056400000000000006,456774636701154.562500
0.018360000000000043,0.022000000000000002,0.056400000000000006,456774636701154.562500
0.018369999999999997,0.022000000000000002,0.056400000000000006,456774636701154.562500
0.018380000000000063,0.0228,0.0572,456774636701154.562500
0.018390000000000017,0.0228,0.056400000000000006,456774636701154.562500
0.018400000000000083,0.0228,0.0524,456774636701154.562500
0.018410000000000037,0.0204,0.054,456774636701154.562500
0.018419999999999992,0.0228,0.0548,456774636701154.562500
0.018430000000000057,0.0244,0.0548,456774636701154.562500
0.018440000000000012,0.022000000000000002,0.056400000000000006,456774636701154.562500
0.018450000000000077,0.0212,0.055600000000000004,456774636701154.562500
0.018460000000000032,0.0244,0.055600000000000004,456774636701154.562500
0.018470000000000097,0.0236,0.053200000000000004,456774636701154.562500
0.018480000000000052,0.0228,0.0572,456774636701154.562500
0.018490000000000006,0.0228,0.056400000000000006,456774636701154.562500
0.018500000000000072,0.0236,0.0572,456774636701154.562500
0.018510000000000026,0.0236,0.054,456774636701154.562500
0.018520000000000092,0.022000000000000002,0.0548,456774636701154.562500
0.018530000000000046,0.022000000000000002,0.0524,456774636701154.562500
0.01854,0.0228,0.056400000000000006,456774636701154.562500
0.018550000000000066,0.0236,0.056400000000000006,456774636701154.562500
0.01856000000000002,0.0212,0.056400000000000006,456774636701154.562500
0.018570000000000086,0.022000000000000002,0.0524,456774636701154.562500
0.01858000000000004,0.0228,0.0572,456774636701154.562500
0.018589999999999995,0.022000000000000002,0.05,456774636701154.562500
0.01860000000000006,0.0236,0.053200000000000004,456774636701154.562500
0.018610000000000015,0.022000000000000002,0.0572,456774636701154.562500
0.01862000000000008,0.0212,0.056400000000000006,456774636701154.562500
0.018630000000000035,0.0196,0.0572,456774636701154.562500
0.01863999999999999,0.0212,0.0572,456774636701154.562500
0.018650000000000055,0.0228,0.0548,456774636701154.562500
0.01866000000000001,0.0236,0.0572,456774636701154.562500
0.018670000000000075,0.0236,0.056400000000000006,456774636701154.562500
0.01868000000000003,0.022000000000000002,0.055600000000000004,456774636701154.562500
0.018690000000000095,0.022000000000000002,0.0572,456774636701154.562500
0.01870000000000005,0.0212,0.055600000000000004,456774636701154.562500
0.018710000000000004,0.0244,0.056400000000000006,456774636701154.562500
0.01872000000000007,0.0204,0.058,456774636701154.562500
0.018730000000000024,0.0236,0.055600000000000004,456774636701154.562500
0.01874000000000009,0.0204,0.055600000000000004,456774636701154.562500
0.018750000000000044,0.0212,0.053200000000000004,456774636701154.562500
0.01876,0.0244,0.058800000000000005,456774636701154.562500
0.018770000000000064,0.0244,0.0572,456774636701154.562500
0.01878000000000002,0.0236,0.0572,456774636701154.562500
0.018790000000000084,0.0252,0.0572,456774636701154.562500
0.01880000000000004,0.022000000000000002,0.056400000000000006,456774636701154.562500
0.018809999999999993,0.0236,0.0548,456774636701154.562500
0.01882000000000006,0.022000000000000002,0.0572,456774636701154.562500
0.018830000000000013,0.0228,0.058,456774636701154.562500
0.01884000000000008,0.0236,0.055600000000000004,456774636701154.562500
0.018850000000000033,0.0204,0.0548,456774636701154.562500
0.018859999999999988,0.0212,0.056400000000000006,456774636701154.562500
0.018870000000000053,0.022000000000000002,0.0524,456774636701154.562500
0.018880000000000008,0.0204,0.056400000000000006,456774636701154.562500
0.018890000000000073,0.0212,0.0572,456774636701154.562500
0.018900000000000028,0.022000000000000002,0.055600000000000004,456774636701154.562500
0.018910000000000093,0.0228,0.0572,456774636701154.562500
0.018920000000000048,0.0212,0.058,456774636701154.562500
0.018930000000000002,0.0228,0.0572,456774636701154.562500
0.018940000000000068,0.0236,0.056400000000000006,456774636701154.562500
0.018950000000000022,0.022000000000000002,0.0548,456774636701154.562500
0.018960000000000088,0.0204,0.053200000000000004,456774636701154.562500
0.018970000000000042,0.022000000000000002,0.0548,456774636701154.562500
0.018979999999999997,0.0228,0.056400000000000006,456774636701154.562500
0.018990000000000062,0.0196,0.0516,456774636701154.562500
0.019000000000000017,0.022000000000000002,0.056400000000000006,456774636701154.562500
0.019010000000000082,0.0236,0.055600000000000004,456774636701154.562500
0.019020000000000037,0.0164,0.05,456774636701154.562500
0.01902999999999999,0.0236,0.055600000000000004,456774636701154.562500
0.019040000000000057,0.0236,0.0572,456774636701154.562500
0.01905000000000001,0.0244,0.056400000000000006,456774636701154.562500
0.019060000000000077,0.022000000000000002,0.056400000000000006,456774636701154.562500
0.01907000000000003,0.0236,0.056400000000000006,456774636701154.562500
0.019080000000000097,0.0196,0.055600000000000004,456774636701154.562500
0.01909000000000005,0.0244,0.054,456774636701154.562500
0.019100000000000006,0.0212,0.046,456774636701154.562500
0.01911000000000007,0.0228,0.058,456774636701154.562500
0.019120000000000026,0.0244,0.056400000000000006,456774636701154.562500
0.01913000000000009,0.0228,0.055600000000000004,456774636701154.562500
0.019140000000000046,0.022000000000000002,0.0548,456774636701154.562500
0.01915,0.022000000000000002,0.0572,456774636701154.562500
0.019160000000000066,0.0172,0.056400000000000006,456774636701154.562500
0.01917000000000002,0.0196,0.0548,456774636701154.562500
0.019180000000000086,0.0196,0.058,456774636701154.562500
0.01919000000000004,0.018000000000000002,0.0548,456774636701154.562500
0.019199999999999995,0.0204,0.056400000000000006,456774636701154.562500
0.01921000000000006,0.0212,0.056400000000000006,456774636701154.562500
0.019220000000000015,0.022000000000000002,0.0572,456774636701154.562500
0.01923000000000008,0.0228,0.0572,456774636701154.562500
0.019240000000000035,0.022000000000000002,0.056400000000000006,456774636701154.562500
0.01924999999999999,0.0188,0.055600000000000004,456774636701154.562500
0.019260000000000055,0.0228,0.0572,456774636701154.562500
0.01927000000000001,0.0236,0.055600000000000004,456774636701154.562500
0.019280000000000075,0.0212,0.058800000000000005,456774636701154.562500
0.01929000000000003,0.0228,0.056400000000000006,456774636701154.562500
0.019300000000000095,0.018000000000000002,0.054,456774636701154.562500
0.01931000000000005,0.022000000000000002,0.054,456774636701154.562500
0.019320000000000004,0.0236,0.0468,456774636701154.562500
0.01933000000000007,0.0236,0.054,456774636701154.562500
0.019340000000000024,0.026000000000000002,0.054,456774636701154.562500
0.01935000000000009,0.0204,0.0572,456774636701154.562500
0.019360000000000044,0.0244,0.056400000000000006,456774636701154.562500
0.01937,0.0204,0.054,456774636701154.562500
0.019380000000000064,0.0236,0.054,456774636701154.562500
0.01939000000000002,0.022000000000000002,0.0572,456774636701154.562500
0.019400000000000084,0.0244,0.055600000000000004,456774636701154.562500
0.01941000000000004,0.0228,0.054,456774636701154.562500
0.019419999999999993,0.0228,0.054,456774636701154.562500
0.01943000000000006,0.0236,0.056400000000000006,456774636701154.562500
0.019440000000000013,0.0228,0.056400000000000006,456774636701154.562500
0.01945000000000008,0.0228,0.055600000000000004,456774636701154.562500
0.019460000000000033,0.0188,0.0516,456774636701154.562500
0.019469999999999987,0.0236,0.058,456774636701154.562500
0.019480000000000053,0.0196,0.056400000000000006,456774636701154.562500
0.019490000000000007,0.0228,0.058,456774636701154.562500
0.019500000000000073,0.022000000000000002,0.0572,456774636701154.562500
0.019510000000000027,0.0212,0.058,456774636701154.562500
0.019520000000000093,0.0228,0.0548,456774636701154.562500
0.019530000000000047,0.0196,0.055600000000000004,456774636701154.562500
0.019540000000000002,0.0228,0.058,456774636701154.562500
0.019550000000000067,0.0236,0.056400000000000006,456774636701154.562500
0.019560000000000022,0.022000000000000002,0.0524,456774636701154.562500
0.019570000000000087,0.022000000000000002,0.0548,456774636701154.562500
0.019580000000000042,0.0212,0.0476,456774636701154.562500
0.019589999999999996,0.022000000000000002,0.054,456774636701154.562500
0.019600000000000062,0.0204,0.0572,456774636701154.562500
0.019610000000000016,0.0228,0.0572,456774636701154.562500
0.019620000000000082,0.0236,0.0572,456774636701154.562500
0.019630000000000036,0.0244,0.056400000000000006,456774636701154.562500
0.01963999999999999,0.0228,0.048400000000000006,456774636701154.562500
0.019650000000000056,0.0212,0.0548,456774636701154.562500
0.01966000000000001,0.0236,0.056400000000000006,456774636701154.562500
0.019670000000000076,0.0228,0.0476,456774636701154.562500
0.01968000000000003,0.0244,0.0572,456774636701154.562500
0.019690000000000096,0.0236,0.05,456774636701154.562500
0.01970000000000005,0.0236,0.056400000000000006,456774636701154.562500
0.019710000000000005,0.022000000000000002,0.0548,456774636701154.562500
0.01972000000000007,0.0228,0.054,456774636701154.562500
0.019730000000000025,0.022000000000000002,0.0548,456774636701154.562500
0.01974000000000009,0.022000000000000002,0.053200000000000004,456774636701154.562500
0.019750000000000045,0.022000000000000002,0.054,456774636701154.562500
0.01976,0.0228,0.0516,456774636701154.562500
0.019770000000000065,0.0212,0.056400000000000006,456774636701154.562500
0.01978000000000002,0.0244,0.055600000000000004,456774636701154.562500
0.019790000000000085,0.0228,0.05,456774636701154.562500
0.01980000000000004,0.0212,0.046,456774636701154.562500
0.019809999999999994,0.0236,0.055600000000000004,456774636701154.562500
0.01982000000000006,0.0228,0.054,456774636701154.562500
0.019830000000000014,0.0236,0.056400000000000006,456774636701154.562500
0.01984000000000008,0.022000000000000002,0.0516,456774636701154.562500
0.019850000000000034,0.022000000000000002,0.053200000000000004,456774636701154.562500
0.01985999999999999,0.0212,0.055600000000000004,456774636701154.562500
0.019870000000000054,0.0196,0.058,456774636701154.562500
0.01988000000000001,0.022000000000000002,0.0548,456774636701154.562500
0.019890000000000074,0.022000000000000002,0.056400000000000006,456774636701154.562500
0.01990000000000003,0.0228,0.0548,456774636701154.562500
0.019910000000000094,0.0236,0.0548,456774636701154.562500
0.01992000000000005,0.0228,0.054,456774636701154.562500
0.019930000000000003,0.0236,0.0572,456774636701154.562500
0.01994000000000007,0.0228,0.056400000000000006,456774636701154.562500
0.019950000000000023,0.022000000000000002,0.0572,456774636701154.562500
0.01996000000000009,0.0244,0.058,456774636701154.562500
0.019970000000000043,0.0236,0.058800000000000005,456774636701154.562500
0.019979999999999998,0.0228,0.058,456774636701154.562500
0.019990000000000063,0.0212,0.056400000000000006,456774636701154.562500
0.020000000000000018,0.0236,0.056400000000000006,456774636701154.562500
0.020010000000000083,0.0228,0.055600000000000004,456774636701154.562500
0.020020000000000038,0.022000000000000002,0.055600000000000004,456774636701154.562500
0.020029999999999992,0.0228,0.0524,456774636701154.562500
0.020040000000000058,0.0252,0.056400000000000006,456774636701154.562500
0.020050000000000012,0.0212,0.053200000000000004,456774636701154.562500
0.020060000000000078,0.0228,0.0572,456774636701154.562500
0.020070000000000032,0.0236,0.055600000000000004,456774636701154.562500
0.020080000000000098,0.018000000000000002,0.056400000000000006,456774636701154.562500
0.020090000000000052,0.0212,0.058,456774636701154.562500
0.020100000000000007,0.0204,0.056400000000000006,456774636701154.562500
0.020110000000000072,0.022000000000000002,0.056400000000000006,456774636701154.562500
0.020120000000000027,0.0204,0.058800000000000005,456774636701154.562500
0.020130000000000092,0.022000000000000002,0.058800000000000005,456774636701154.562500
0.020140000000000047,0.022000000000000002,0.056400000000000006,456774636701154.562500
0.02015,0.0236,0.058800000000000005,456774636701154.562500
0.020160000000000067,0.022000000000000002,0.055600000000000004,456774636701154.562500
0.02017000000000002,0.0212,0.0572,456774636701154.562500
0.020180000000000087,0.0236,0.0572,456774636701154.562500
0.02019000000000004,0.0228,0.055600000000000004,456774636701154.562500
0.020199999999999996,0.0236,0.054,456774636701154.562500
0.02021000000000006,0.022000000000000002,0.055600000000000004,456774636701154.562500
0.020220000000000016,0.0236,0.056400000000000006,456774636701154.562500
0.02023000000000008,0.0236,0.0548,456774636701154.562500
0.020240000000000036,0.0236,0.0468,456774636701154.562500
0.02024999999999999,0.0228,0.056400000000000006,456774636701154.562500
0.020260000000000056,0.0236,0.053200000000000004,456774636701154.562500
0.02027000000000001,0.0244,0.056400000000000006,456774636701154.562500
0.020280000000000076,0.0252,0.056400000000000006,456774636701154.562500
0.02029000000000003,0.0236,0.056400000000000006,456774636701154.562500
0.020300000000000096,0.0228,0.0548,456774636701154.562500
0.02031000000000005,0.0228,0.05,456774636701154.562500
0.020320000000000005,0.0228,0.056400000000000006,456774636701154.562500
0.02033000000000007,0.0236,0.048400000000000006,456774636701154.562500
0.020340000000000025,0.0228,0.0524,456774636701154.562500
0.02035000000000009,0.0236,0.0548,456774636701154.562500
0.020360000000000045,0.0228,0.0468,456774636701154.562500
0.02037,0.0228,0.054,456774636701154.562500
0.020380000000000065,0.0212,0.056400000000000006,456774636701154.562500
0.02039000000000002,0.0244,0.056400000000000006,456774636701154.562500
0.020400000000000085,0.0212,0.058,456774636701154.562500
0.02041000000000004,0.022000000000000002,0.058,456774636701154.562500
0.020419999999999994,0.0212,0.056400000000000006,456774636701154.562500
0.02043000000000006,0.022000000000000002,0.054,456774636701154.562500
0.020440000000000014,0.022000000000000002,0.058,456774636701154.562500
0.02045000000000008,0.0212,0.0572,456774636701154.562500
0.020460000000000034,0.0228,0.054,456774636701154.562500
0.020469999999999988,0.0228,0.0516,456774636701154.562500
0.020480000000000054,0.0204,0.0572,456774636701154.562500
0.020490000000000008,0.0212,0.058,456774636701154.562500
0.020500000000000074,0.0236,0.0572,456774636701154.562500
0.020510000000000028,0.0228,0.0572,456774636701154.562500
0.020520000000000094,0.0236,0.054,456774636701154.562500
0.020530000000000048,0.022000000000000002,0.055600000000000004,456774636701154.562500
0.020540000000000003,0.0236,0.05,456774636701154.562500
0.020550000000000068,0.0244,0.055600000000000004,456774636701154.562500
0.020560000000000023,0.0244,0.0548,456774636701154.562500
0.020570000000000088,0.0268,0.0548,456774636701154.562500
0.020580000000000043,0.0228,0.056400000000000006,456774636701154.562500
0.020589999999999997,0.0236,0.053200000000000004,456774636701154.562500
0.020600000000000063,0.0244,0.0516,456774636701154.562500
0.020610000000000017,0.0236,0.058,456774636701154.562500
0.020620000000000083,0.0236,0.0524,456774636701154.562500
0.020630000000000037,0.0228,0.0548,456774636701154.562500
0.02063999999999999,0.022000000000000002,0.0572,456774636701154.562500
0.020650000000000057,0.0204,0.055600000000000004,456774636701154.562500
0.02066000000000001,0.0236,0.0572,456774636701154.562500
0.020670000000000077,0.0228,0.058,456774636701154.562500
0.02068000000000003,0.022000000000000002,0.056400000000000006,456774636701154.562500
0.020690000000000097,0.0212,0.055600000000000004,456774636701154.562500
0.02070000000000005,0.0204,0.0476,456774636701154.562500
0.020710000000000006,0.022000000000000002,0.056400000000000006,456774636701154.562500
0.02072000000000007,0.0228,0.0524,456774636701154.562500
0.020730000000000026,0.022000000000000002,0.054,456774636701154.562500
0.02074000000000009,0.018000000000000002,0.055600000000000004,456774636701154.562500
0.020750000000000046,0.0212,0.058,456774636701154.562500
0.02076,0.0228,0.056400000000000006,456774636701154.562500
0.020770000000000066,0.022000000000000002,0.058,456774636701154.562500
0.02078000000000002,0.022000000000000002,0.055600000000000004,456774636701154.562500
0.020790000000000086,0.0236,0.056400000000000006,456774636701154.562500
0.02080000000000004,0.022000000000000002,0.055600000000000004,456774636701154.562500
0.020809999999999995,0.0236,0.0572,456774636701154.562500
0.02082000000000006,0.0204,0.0572,456774636701154.562500
0.020830000000000015,0.0228,0.058,456774636701154.562500
0.02084000000000008,0.0236,0.058800000000000005,456774636701154.562500
0.020850000000000035,0.0244,0.0572,456774636701154.562500
0.02085999999999999,0.0204,0.056400000000000006,456774636701154.562500
0.020870000000000055,0.0252,0.056400000000000006,456774636701154.562500
0.02088000000000001,0.0204,0.055600000000000004,456774636701154.562500
0.020890000000000075,0.0244,0.058,456774636701154.562500
0.02090000000000003,0.0228,0.0572,456774636701154.562500
0.020910000000000095,0.0244,0.0572,456774636701154.562500
0.02092000000000005,0.0236,0.054,456774636701154.562500
0.020930000000000004,0.0228,0.054,456774636701154.562500
0.02094000000000007,0.0236,0.058,456774636701154.562500
0.020950000000000024,0.0236,0.054,456774636701154.562500
0.02096000000000009,0.0204,0.0572,456774636701154.562500
0.020970000000000044,0.022000000000000002,0.048400000000000006,456774636701154.562500
0.02098,0.022000000000000002,0.055600000000000004,456774636701154.562500
0.020990000000000064,0.0228,0.058,456774636701154.562500
0.02100000000000002,0.0204,0.0572,456774636701154.562500
0.021010000000000084,0.0236,0.056400000000000006,456774636701154.562500
0.02102000000000004,0.0212,0.053200000000000004,456774636701154.562500
0.021029999999999993,0.0212,0.0548,456774636701154.562500
0.02104000000000006,0.0188,0.054,456774636701154.562500
0.021050000000000013,0.0212,0.055600000000000004,456774636701154.562500
0.02106000000000008,0.0196,0.053200000000000004,456774636701154.562500
0.021070000000000033,0.0228,0.055600000000000004,456774636701154.562500
0.021079999999999988,0.0212,0.0516,456774636701154.562500
0.021090000000000053,0.022000000000000002,0.056400000000000006,456774636701154.562500
0.021100000000000008,0.0188,0.056400000000000006,456774636701154.562500
0.021110000000000073,0.0228,0.058,456774636701154.562500
0.021120000000000028,0.0228,0.055600000000000004,456774636701154.562500
0.021130000000000093,0.0228,0.054,456774636701154.562500
0.021140000000000048,0.022000000000000002,0.058,456774636701154.562500
0.021150000000000002,0.0244,0.056400000000000006,456774636701154.562500
0.021160000000000068,0.0252,0.058,456774636701154.562500
0.021170000000000022,0.0236,0.0572,456774636701154.562500
0.021180000000000088,0.0244,0.056400000000000006,456774636701154.562500
0.021190000000000042,0.0244,0.053200000000000004,456774636701154.562500
0.021199999999999997,0.0212,0.056400000000000006,456774636701154.562500
0.021210000000000062,0.0228,0.054,456774636701154.562500
0.021220000000000017,0.0196,0.054,456774636701154.562500
0.021230000000000082,0.0236,0.058,456774636701154.562500
0.021240000000000037,0.0196,0.0572,456774636701154.562500
0.02124999999999999,0.0204,0.0572,456774636701154.562500
0.021260000000000057,0.0236,0.0572,456774636701154.562500
0.02127000000000001,0.022000000000000002,0.0572,456774636701154.562500
0.021280000000000077,0.0228,0.058,456774636701154.562500
0.02129000000000003,0.0196,0.056400000000000006,456774636701154.562500
0.021300000000000097,0.022000000000000002,0.0516,456774636701154.562500
0.02131000000000005,0.022000000000000002,0.050800000000000005,456774636701154.562500
0.021320000000000006,0.0212,0.054,456774636701154.562500
0.02133000000000007,0.0228,0.056400000000000006,456774636701154.562500
0.021340000000000026,0.022000000000000002,0.058,456774636701154.562500
0.02135000000000009,0.022000000000000002,0.055600000000000004,456774636701154.562500
0.021360000000000046,0.0204,0.058,456774636701154.562500
0.02137,0.0228,0.056400000000000006,456774636701154.562500
0.021380000000000066,0.0236,0.056400000000000006,456774636701154.562500
0.02139000000000002,0.0236,0.056400000000000006,456774636701154.562500
0.021400000000000086,0.022000000000000002,0.055600000000000004,456774636701154.562500
0.02141000000000004,0.022000000000000002,0.055600000000000004,456774636701154.562500
0.021419999999999995,0.022000000000000002,0.053200000000000004,456774636701154.562500
0.02143000000000006,0.022000000000000002,0.054,456774636701154.562500
0.021440000000000015,0.0204,0.055600000000000004,456774636701154.562500
0.02145000000000008,0.0196,0.0572,456774636701154.562500
0.021460000000000035,0.0196,0.055600000000000004,456774636701154.562500
0.02146999999999999,0.0244,0.058,456774636701154.562500
0.021480000000000055,0.0228,0.058,456774636701154.562500
0.02149000000000001,0.0244,0.056400000000000006,456774636701154.562500
0.021500000000000075,0.0244,0.056400000000000006,456774636701154.562500
0.02151000000000003,0.026000000000000002,0.058,456774636701154.562500
0.021520000000000095,0.0244,0.056400000000000006,456774636701154.562500
0.02153000000000005,0.0236,0.0548,456774636701154.562500
0.021540000000000004,0.0228,0.056400000000000006,456774636701154.562500
0.02155000000000007,0.022000000000000002,0.054,456774636701154.562500
0.021560000000000024,0.0228,0.056400000000000006,456774636701154.562500
0.02157000000000009,0.022000000000000002,0.053200000000000004,456774636701154.562500
0.021580000000000044,0.0228,0.056400000000000006,456774636701154.562500
0.021589999999999998,0.0228,0.056400000000000006,456774636701154.562500
0.021600000000000064,0.0204,0.0572,456774636701154.562500
0.021610000000000018,0.0228,0.058,456774636701154.562500
0.021620000000000084,0.022000000000000002,0.056400000000000006,456774636701154.562500
0.021630000000000038,0.0212,0.055600000000000004,456774636701154.562500
0.021639999999999993,0.0204,0.058800000000000005,456774636701154.562500
0.021650000000000058,0.0228,0.054,456774636701154.562500
0.021660000000000013,0.0228,0.0524,456774636701154.562500
0.021670000000000078,0.0228,0.0548,456774636701154.562500
0.021680000000000033,0.0196,0.0516,456774636701154.562500
0.021690000000000098,0.022000000000000002,0.055600000000000004,456774636701154.562500
0.021700000000000053,0.0228,0.055600000000000004,456774636701154.562500
0.021710000000000007,0.022000000000000002,0.056400000000000006,456774636701154.562500
0.021720000000000073,0.0236,0.056400000000000006,456774636701154.562500
0.021730000000000027,0.022000000000000002,0.0572,456774636701154.562500
0.021740000000000093,0.0236,0.0524,456774636701154.562500
0.021750000000000047,0.0236,0.056400000000000006,456774636701154.562500
0.02176,0.022000000000000002,0.0548,456774636701154.562500
0.021770000000000067,0.0236,0.058,456774636701154.562500
0.02178000000000002,0.0236,0.0524,456774636701154.562500
0.021790000000000087,0.0252,0.056400000000000006,456774636701154.562500
0.02180000000000004,0.0252,0.053200000000000004,456774636701154.562500
0.021809999999999996,0.0244,0.054,456774636701154.562500
0.02182000000000006,0.0244,0.0516,456774636701154.562500
0.021830000000000016,0.022000000000000002,0.056400000000000006,456774636701154.562500
0.02184000000000008,0.0228,0.056400000000000006,456774636701154.562500
0.021850000000000036,0.0236,0.056400000000000006,456774636701154.562500
0.02185999999999999,0.0236,0.055600000000000004,456774636701154.562500
0.021870000000000056,0.0244,0.056400000000000006,456774636701154.562500
0.02188000000000001,0.022000000000000002,0.056400000000000006,456774636701154.562500
0.021890000000000076,0.0236,0.0572,456774636701154.562500
0.02190000000000003,0.0236,0.058,456774636701154.562500
0.021910000000000096,0.0212,0.054,456774636701154.562500
0.02192000000000005,0.0228,0.058,456774636701154.562500
0.021930000000000005,0.022000000000000002,0.0548,456774636701154.562500
0.02194000000000007,0.0196,0.054,456774636701154.562500
0.021950000000000025,0.022000000000000002,0.0572,456774636701154.562500
0.02196000000000009,0.022000000000000002,0.05,456774636701154.562500
0.021970000000000045,0.0196,0.058,456774636701154.562500
0.02198,0.0228,0.0516,456774636701154.562500
0.021990000000000065,0.0172,0.058800000000000005,456774636701154.562500
0.02200000000000002,0.022000000000000002,0.0548,456774636701154.562500
0.022010000000000085,0.0228,0.056400000000000006,456774636701154.562500
0.02202000000000004,0.0228,0.055600000000000004,456774636701154.562500
0.022029999999999994,0.0236,0.0436,456774636701154.562500
0.02204000000000006,0.0236,0.0524,456774636701154.562500
0.022050000000000014,0.0244,0.0572,456774636701154.562500
0.02206000000000008,0.0236,0.056400000000000006,456774636701154.562500
0.022070000000000034,0.0228,0.0596,456774636701154.562500
0.02207999999999999,0.0252,0.056400000000000006,456774636701154.562500
0.022090000000000054,0.0228,0.0516,456774636701154.562500
0.02210000000000001,0.0244,0.056400000000000006,456774636701154.562500
0.022110000000000074,0.0188,0.0572,456774636701154.562500
0.02212000000000003,0.0212,0.0572,456774636701154.562500
0.022130000000000094,0.026000000000000002,0.0548,456774636701154.562500
0.02214000000000005,0.0236,0.058,456774636701154.562500
0.022150000000000003,0.0228,0.048400000000000006,456774636701154.562500
0.02216000000000007,0.0236,0.056400000000000006,456774636701154.562500
0.022170000000000023,0.0236,0.056400000000000006,456774636701154.562500
0.02218000000000009,0.022000000000000002,0.0572,456774636701154.562500
0.022190000000000043,0.0228,0.058800000000000005,456774636701154.562500
0.022199999999999998,0.0228,0.0572,456774636701154.562500
0.022210000000000063,0.0228,0.0572,456774636701154.562500
0.022220000000000018,0.0196,0.0572,456774636701154.562500
0.022230000000000083,0.022000000000000002,0.0548,456774636701154.562500
0.022240000000000038,0.022000000000000002,0.0572,456774636701154.562500
0.022249999999999992,0.022000000000000002,0.055600000000000004,456774636701154.562500
0.022260000000000058,0.022000000000000002,0.056400000000000006,456774636701154.562500
0.022270000000000012,0.022000000000000002,0.0524,456774636701154.562500
0.022280000000000078,0.022000000000000002,0.0572,456774636701154.562500
0.022290000000000032,0.022000000000000002,0.054,456774636701154.562500
0.022300000000000098,0.022000000000000002,0.05,456774636701154.562500
0.022310000000000052,0.022000000000000002,0.058,456774636701154.562500
0.022320000000000007,0.0236,0.0548,456774636701154.562500
0.022330000000000072,0.0228,0.058,456774636701154.562500
0.022340000000000027,0.022000000000000002,0.056400000000000006,456774636701154.562500
0.022350000000000092,0.0204,0.058,456774636701154.562500
0.022360000000000047,0.0236,0.055600000000000004,456774636701154.562500
0.02237,0.0244,0.0572,456774636701154.562500
0.022380000000000067,0.022000000000000002,0.0572,456774636701154.562500
0.02239000000000002,0.0236,0.056400000000000006,456774636701154.562500
0.022400000000000087,0.0244,0.055600000000000004,456774636701154.562500
0.02241000000000004,0.0244,0.05,456774636701154.562500
0.022419999999999995,0.0252,0.053200000000000004,456774636701154.562500
0.02243000000000006,0.0236,0.058,456774636701154.562500
0.022440000000000015,0.0228,0.056400000000000006,456774636701154.562500
0.02245000000000008,0.0244,0.054,456774636701154.562500
0.022460000000000035,0.0244,0.0572,456774636701154.562500
0.02246999999999999,0.0228,0.05,456774636701154.562500
0.022480000000000055,0.0212,0.05,456774636701154.562500
0.02249000000000001,0.0228,0.0492,456774636701154.562500
0.022500000000000075,0.0236,0.056400000000000006,456774636701154.562500
0.02251000000000003,0.0228,0.0548,456774636701154.562500
0.022520000000000095,0.022000000000000002,0.056400000000000006,456774636701154.562500
0.02253000000000005,0.0228,0.056400000000000006,456774636701154.562500
0.022540000000000004,0.0212,0.0572,456774636701154.562500
0.02255000000000007,0.0236,0.056400000000000006,456774636701154.562500
0.022560000000000024,0.022000000000000002,0.054,456774636701154.562500
0.02257000000000009,0.0204,0.050800000000000005,456774636701154.562500
0.022580000000000044,0.0212,0.056400000000000006,456774636701154.562500
0.02259,0.0212,0.056400000000000006,456774636701154.562500
0.022600000000000064,0.0212,0.058,456774636701154.562500
0.02261000000000002,0.0228,0.056400000000000006,456774636701154.562500
0.022620000000000084,0.0244,0.058800000000000005,456774636701154.562500
0.02263000000000004,0.018000000000000002,0.056400000000000006,456774636701154.562500
0.022639999999999993,0.0244,0.055600000000000004,456774636701154.562500
0.02265000000000006,0.0228,0.055600000000000004,456774636701154.562500
0.022660000000000013,0.0236,0.0572,456774636701154.562500
0.02267000000000008,0.0228,0.053200000000000004,456774636701154.562500
0.022680000000000033,0.0236,0.055600000000000004,456774636701154.562500
0.022689999999999988,0.0236,0.058,456774636701154.562500
0.022700000000000053,0.0244,0.055600000000000004,456774636701154.562500
0.022710000000000008,0.022000000000000002,0.056400000000000006,456774636701154.562500
0.022720000000000073,0.0228,0.0572,456774636701154.562500
0.022730000000000028,0.0172,0.0548,456774636701154.562500
0.022740000000000093,0.0244,0.054,456774636701154.562500
0.022750000000000048,0.0244,0.0516,456774636701154.562500
0.022760000000000002,0.0228,0.054,456774636701154.562500
0.022770000000000068,0.0212,0.054,456774636701154.562500
0.022780000000000022,0.0236,0.058,456774636701154.562500
0.022790000000000088,0.0236,0.058,456774636701154.562500
0.022800000000000042,0.0212,0.055600000000000004,456774636701154.562500
0.022809999999999997,0.022000000000000002,0.0572,456774636701154.562500
0.022820000000000062,0.022000000000000002,0.058,456774636701154.562500
0.022830000000000017,0.0228,0.0572,456774636701154.562500
0.022840000000000082,0.0188,0.058,456774636701154.562500
0.022850000000000037,0.022000000000000002,0.056400000000000006,456774636701154.562500
0.02285999999999999,0.0188,0.055600000000000004,456774636701154.562500
0.022870000000000057,0.0212,0.055600000000000004,456774636701154.562500
0.02288000000000001,0.022000000000000002,0.058,456774636701154.562500
0.022890000000000077,0.0204,0.0492,456774636701154.562500
0.02290000000000003,0.022000000000000002,0.058,456774636701154.562500
0.022910000000000097,0.0212,0.0492,456774636701154.562500
0.02292000000000005,0.0196,0.054,456774636701154.562500
0.022930000000000006,0.0228,0.054,456774636701154.562500
0.02294000000000007,0.0228,0.056400000000000006,456774636701154.562500
0.022950000000000026,0.022000000000000002,0.055600000000000004,456774636701154.562500
0.02296000000000009,0.0236,0.055600000000000004,456774636701154.562500
0.022970000000000046,0.0244,0.058,456774636701154.562500
0.02298,0.022000000000000002,0.055600000000000004,456774636701154.562500
0.022990000000000066,0.0244,0.056400000000000006,456774636701154.562500
0.02300000000000002,0.0212,0.055600000000000004,456774636701154.562500
0.023010000000000086,0.0252,0.054,456774636701154.562500
0.02302000000000004,0.0252,0.0444,456774636701154.562500
0.023029999999999995,0.0236,0.0524,456774636701154.562500
0.02304000000000006,0.0228,0.0468,456774636701154.562500
0.023050000000000015,0.022000000000000002,0.0572,456774636701154.562500
0.02306000000000008,0.022000000000000002,0.0548,456774636701154.562500
0.023070000000000035,0.0236,0.058,456774636701154.562500
0.02307999999999999,0.0236,0.055600000000000004,456774636701154.562500
0.023090000000000055,0.022000000000000002,0.058,456774636701154.562500
0.02310000000000001,0.0236,0.0572,456774636701154.562500
0.023110000000000075,0.0228,0.058,456774636701154.562500
0.02312000000000003,0.022000000000000002,0.055600000000000004,456774636701154.562500
0.023130000000000095,0.0212,0.058,456774636701154.562500
0.02314000000000005,0.0236,0.0572,456774636701154.562500
0.023150000000000004,0.022000000000000002,0.058,456774636701154.562500
0.02316000000000007,0.022000000000000002,0.053200000000000004,456774636701154.562500
0.023170000000000024,0.0228,0.0572,456774636701154.562500
0.02318000000000009,0.022000000000000002,0.0572,456774636701154.562500
0.023190000000000044,0.0228,0.056400000000000006,456774636701154.562500
0.0232,0.0212,0.0596,456774636701154.562500
0.023210000000000064,0.022000000000000002,0.056400000000000006,456774636701154.562500
0.02322000000000002,0.0228,0.056400000000000006,456774636701154.562500
0.023230000000000084,0.0212,0.055600000000000004,456774636701154.562500
0.02324000000000004,0.0212,0.0572,456774636701154.562500
0.023249999999999993,0.0212,0.0572,456774636701154.562500
0.02326000000000006,0.022000000000000002,0.0572,456774636701154.562500
0.023270000000000013,0.0244,0.056400000000000006,456774636701154.562500
0.02328000000000008,0.022000000000000002,0.0548,456774636701154.562500
0.023290000000000033,0.0228,0.0548,456774636701154.562500
0.023299999999999987,0.0244,0.056400000000000006,456774636701154.562500
0.023310000000000053,0.0236,0.054,456774636701154.562500
0.023320000000000007,0.0252,0.058,456774636701154.562500
0.023330000000000073,0.022000000000000002,0.056400000000000006,456774636701154.562500
0.023340000000000027,0.0244,0.0548,456774636701154.562500
0.023350000000000093,0.0236,0.055600000000000004,456774636701154.562500
0.023360000000000047,0.0172,0.0516,456774636701154.562500
0.023370000000000002,0.022000000000000002,0.056400000000000006,456774636701154.562500
0.023380000000000067,0.022000000000000002,0.054,456774636701154.562500
0.023390000000000022,0.0236,0.053200000000000004,456774636701154.562500
0.023400000000000087,0.0204,0.056400000000000006,456774636701154.562500
0.023410000000000042,0.022000000000000002,0.048400000000000006,456774636701154.562500
0.023419999999999996,0.0228,0.054,456774636701154.562500
0.023430000000000062,0.0212,0.0548,456774636701154.562500
0.023440000000000016,0.0228,0.0548,456774636701154.562500
0.023450000000000082,0.0236,0.0572,456774636701154.562500
0.023460000000000036,0.022000000000000002,0.056400000000000006,456774636701154.562500
0.02346999999999999,0.0228,0.056400000000000006,456774636701154.562500
0.023480000000000056,0.022000000000000002,0.056400000000000006,456774636701154.562500
0.02349000000000001,0.022000000000000002,0.058,456774636701154.562500
0.023500000000000076,0.022000000000000002,0.0548,456774636701154.562500
0.02351000000000003,0.0212,0.055600000000000004,456774636701154.562500
0.023520000000000096,0.0228,0.056400000000000006,456774636701154.562500
0.02353000000000005,0.0228,0.056400000000000006,456774636701154.562500
0.023540000000000005,0.0228,0.056400000000000006,456774636701154.562500
0.02355000000000007,0.0228,0.054,456774636701154.562500
0.023560000000000025,0.0236,0.058,456774636701154.562500
0.02357000000000009,0.0244,0.058,456774636701154.562500
0.023580000000000045,0.0236,0.058,456774636701154.562500
0.02359,0.0244,0.0572,456774636701154.562500
0.023600000000000065,0.0228,0.054,456774636701154.562500
0.02361000000000002,0.0252,0.0548,456774636701154.562500
0.023620000000000085,0.0236,0.0516,456774636701154.562500
0.02363000000000004,0.0244,0.0572,456774636701154.562500
0.023639999999999994,0.0236,0.054,456774636701154.562500
0.02365000000000006,0.0244,0.056400000000000006,456774636701154.562500
0.023660000000000014,0.0196,0.056400000000000006,456774636701154.562500
0.02367000000000008,0.0212,0.0572,456774636701154.562500
0.023680000000000034,0.022000000000000002,0.058,456774636701154.562500
0.02368999999999999,0.0244,0.058800000000000005,456774636701154.562500
0.023700000000000054,0.022000000000000002,0.0524,456774636701154.562500
0.02371000000000001,0.0228,0.0548,456774636701154.562500
0.023720000000000074,0.0236,0.056400000000000006,456774636701154.562500
0.02373000000000003,0.022000000000000002,0.0572,456774636701154.562500
0.023740000000000094,0.0236,0.055600000000000004,456774636701154.562500
0.02375000000000005,0.0236,0.056400000000000006,456774636701154.562500
0.023760000000000003,0.0228,0.056400000000000006,456774636701154.562500
0.02377000000000007,0.0244,0.056400000000000006,456774636701154.562500
0.023780000000000023,0.022000000000000002,0.055600000000000004,456774636701154.562500
0.02379000000000009,0.022000000000000002,0.0572,456774636701154.562500
0.023800000000000043,0.0212,0.0572,456774636701154.562500
0.023809999999999998,0.022000000000000002,0.056400000000000006,456774636701154.562500
0.023820000000000063,0.0212,0.0572,456774636701154.562500
0.023830000000000018,0.0212,0.058800000000000005,456774636701154.562500
0.023840000000000083,0.0236,0.056400000000000006,456774636701154.562500
0.023850000000000038,0.0204,0.0548,456774636701154.562500
0.023859999999999992,0.022000000000000002,0.0548,456774636701154.562500
0.023870000000000058,0.022000000000000002,0.055600000000000004,456774636701154.562500
0.023880000000000012,0.0196,0.056400000000000006,456774636701154.562500
0.023890000000000078,0.0204,0.056400000000000006,456774636701154.562500
0.023900000000000032,0.0212,0.056400000000000006,456774636701154.562500
0.023910000000000098,0.0212,0.055600000000000004,456774636701154.562500
0.023920000000000052,0.0236,0.0572,456774636701154.562500
0.023930000000000007,0.0236,0.0572,456774636701154.562500
0.023940000000000072,0.0244,0.058,456774636701154.562500
0.023950000000000027,0.0236,0.0572,456774636701154.562500
0.023960000000000092,0.0236,0.055600000000000004,456774636701154.562500
0.023970000000000047,0.0236,0.058,456774636701154.562500
0.02398,0.0252,0.0572,456774636701154.562500
0.023990000000000067,0.0228,0.058800000000000005,456774636701154.562500
0.02400000000000002,0.0252,0.053200000000000004,456774636701154.562500
0.024010000000000087,0.0228,0.0548,456774636701154.562500
0.02402000000000004,0.0228,0.058,456774636701154.562500
0.024029999999999996,0.0236,0.055600000000000004,456774636701154.562500
0.02404000000000006,0.022000000000000002,0.058,456774636701154.562500
0.024050000000000016,0.0228,0.0492,456774636701154.562500
0.02406000000000008,0.022000000000000002,0.0476,456774636701154.562500
0.024070000000000036,0.0196,0.05,456774636701154.562500
0.02407999999999999,0.022000000000000002,0.058,456774636701154.562500
0.024090000000000056,0.0212,0.058,456774636701154.562500
0.02410000000000001,0.0172,0.055600000000000004,456774636701154.562500
0.024110000000000076,0.0228,0.048400000000000006,456774636701154.562500
0.02412000000000003,0.0212,0.058,456774636701154.562500
0.024130000000000096,0.0212,0.0516,456774636701154.562500
0.02414000000000005,0.0236,0.0524,456774636701154.562500
0.024150000000000005,0.022000000000000002,0.0572,456774636701154.562500
0.02416000000000007,0.0236,0.056400000000000006,456774636701154.562500
0.024170000000000025,0.0236,0.054,456774636701154.562500
0.02418000000000009,0.0236,0.0572,456774636701154.562500
0.024190000000000045,0.0236,0.0572,456774636701154.562500
0.0242,0.0236,0.0548,456774636701154.562500
0.024210000000000065,0.0252,0.0572,456774636701154.562500
0.02422000000000002,0.0244,0.055600000000000004,456774636701154.562500
0.024230000000000085,0.022000000000000002,0.058,456774636701154.562500
0.02424000000000004,0.0244,0.056400000000000006,456774636701154.562500
0.024249999999999994,0.0244,0.0572,456774636701154.562500
0.02426000000000006,0.0244,0.056400000000000006,456774636701154.562500
0.024270000000000014,0.0236,0.055600000000000004,456774636701154.562500
0.02428000000000008,0.022000000000000002,0.056400000000000006,456774636701154.562500
0.024290000000000034,0.0228,0.056400000000000006,456774636701154.562500
0.02429999999999999,0.0212,0.056400000000000006,456774636701154.562500
0.024310000000000054,0.0236,0.0572,456774636701154.562500
0.02432000000000001,0.0236,0.058,456774636701154.562500
0.024330000000000074,0.0212,0.050800000000000005,456774636701154.562500
0.02434000000000003,0.0228,0.050800000000000005,456774636701154.562500
0.024350000000000094,0.0228,0.056400000000000006,456774636701154.562500
0.02436000000000005,0.0236,0.0572,456774636701154.562500
0.024370000000000003,0.022000000000000002,0.058800000000000005,456774636701154.562500
0.02438000000000007,0.0236,0.058,456774636701154.562500
0.024390000000000023,0.022000000000000002,0.058,456774636701154.562500
0.02440000000000009,0.0228,0.055600000000000004,456774636701154.562500
0.024410000000000043,0.022000000000000002,0.058,456774636701154.562500
0.024419999999999997,0.022000000000000002,0.0548,456774636701154.562500
0.024430000000000063,0.022000000000000002,0.055600000000000004,456774636701154.562500
0.024440000000000017,0.0228,0.055600000000000004,456774636701154.562500
0.024450000000000083,0.0212,0.058,456774636701154.562500
0.024460000000000037,0.0212,0.054,456774636701154.562500
0.024469999999999992,0.0228,0.0548,456774636701154.562500
0.024480000000000057,0.0244,0.0572,456774636701154.562500
0.024490000000000012,0.0228,0.054,456774636701154.562500
0.024500000000000077,0.0252,0.0524,456774636701154.562500
0.024510000000000032,0.0244,0.053200000000000004,456774636701154.562500
0.024520000000000097,0.0244,0.056400000000000006,456774636701154.562500
0.024530000000000052,0.0244,0.046,456774636701154.562500
0.024540000000000006,0.0236,0.056400000000000006,456774636701154.562500
0.024550000000000072,0.0244,0.058,456774636701154.562500
0.024560000000000026,0.0244,0.056400000000000006,456774636701154.562500
0.024570000000000092,0.0236,0.058,456774636701154.562500
0.024580000000000046,0.0228,0.0572,456774636701154.562500
0.02459,0.022000000000000002,0.056400000000000006,456774636701154.562500
0.024600000000000066,0.022000000000000002,0.056400000000000006,456774636701154.562500
0.02461000000000002,0.0244,0.056400000000000006,456774636701154.562500
0.024620000000000086,0.0236,0.0524,456774636701154.562500
0.02463000000000004,0.0236,0.0572,456774636701154.562500
0.024639999999999995,0.0228,0.058,456774636701154.562500
0.02465000000000006,0.0212,0.054,456774636701154.562500
0.024660000000000015,0.0212,0.0572,456774636701154.562500
0.02467000000000008,0.0212,0.0548,456774636701154.562500
0.024680000000000035,0.0228,0.0516,456774636701154.562500
0.02468999999999999,0.022000000000000002,0.0572,456774636701154.562500
0.024700000000000055,0.0212,0.0572,456774636701154.562500
0.02471000000000001,0.022000000000000002,0.056400000000000006,456774636701154.562500
0.024720000000000075,0.0196,0.058,456774636701154.562500
0.02473000000000003,0.022000000000000002,0.0572,456774636701154.562500
0.024740000000000095,0.0228,0.054,456774636701154.562500
0.02475000000000005,0.022000000000000002,0.058,456774636701154.562500
0.024760000000000004,0.0204,0.055600000000000004,456774636701154.562500
0.02477000000000007,0.018000000000000002,0.0572,456774636701154.562500
0.024780000000000024,0.0196,0.055600000000000004,456774636701154.562500
0.02479000000000009,0.0228,0.0572,456774636701154.562500
0.024800000000000044,0.0228,0.054,456774636701154.562500
0.02481,0.0252,0.058,456774636701154.562500
0.024820000000000064,0.0236,0.056400000000000006,456774636701154.562500
0.02483000000000002,0.0244,0.056400000000000006,456774636701154.562500
0.024840000000000084,0.026000000000000002,0.054,456774636701154.562500
0.02485000000000004,0.0244,0.0572,456774636701154.562500
0.024859999999999993,0.0236,0.056400000000000006,456774636701154.562500
0.02487000000000006,0.022000000000000002,0.0572,456774636701154.562500
0.024880000000000013,0.0228,0.056400000000000006,456774636701154.562500
0.02489000000000008,0.0228,0.0572,456774636701154.562500
0.024900000000000033,0.0228,0.058,456774636701154.562500
0.024909999999999988,0.0236,0.0548,456774636701154.562500
0.024920000000000053,0.022000000000000002,0.056400000000000006,456774636701154.562500
0.024930000000000008,0.0228,0.0572,456774636701154.562500
0.024940000000000073,0.0212,0.058,456774636701154.562500
0.024950000000000028,0.0236,0.054,456774636701154.562500
0.024960000000000093,0.022000000000000002,0.0548,456774636701154.562500
0.024970000000000048,0.0228,0.056400000000000006,456774636701154.562500
0.024980000000000002,0.0236,0.058800000000000005,456774636701154.562500
0.024990000000000068,0.0204,0.058,456774636701154.562500
0.025000000000000022,0.0212,0.0516,456774636701154.562500
0.025010000000000088,0.0204,0.0548,456774636701154.562500
0.025020000000000042,0.0204,0.054,456774636701154.562500
0.025029999999999997,0.0204,0.056400000000000006,456774636701154.562500
0.025040000000000062,0.0212,0.0572,456774636701154.562500
0.025050000000000017,0.0228,0.058,456774636701154.562500
0.025060000000000082,0.0252,0.0572,456774636701154.562500
0.025070000000000037,0.0228,0.056400000000000006,456774636701154.562500
0.02507999999999999,0.022000000000000002,0.058,456774636701154.562500
0.025090000000000057,0.022000000000000002,0.0572,456774636701154.562500
0.02510000000000001,0.0228,0.055600000000000004,456774636701154.562500
0.025110000000000077,0.022000000000000002,0.056400000000000006,456774636701154.562500
0.02512000000000003,0.026000000000000002,0.056400000000000006,456774636701154.562500
0.025130000000000097,0.0236,0.058,456774636701154.562500
0.02514000000000005,0.0252,0.053200000000000004,456774636701154.562500
0.025150000000000006,0.0244,0.055600000000000004,456774636701154.562500
0.02516000000000007,0.0228,0.056400000000000006,456774636701154.562500
0.025170000000000026,0.0228,0.0548,456774636701154.562500
0.02518000000000009,0.0244,0.056400000000000006,456774636701154.562500
0.025190000000000046,0.022000000000000002,0.056400000000000006,456774636701154.562500
0.0252,0.022000000000000002,0.0548,456774636701154.562500
0.025210000000000066,0.0236,0.055600000000000004,456774636701154.562500
0.02522000000000002,0.022000000000000002,0.055600000000000004,456774636701154.562500
0.025230000000000086,0.022000000000000002,0.056400000000000006,456774636701154.562500
0.02524000000000004,0.0228,0.055600000000000004,456774636701154.562500
0.025249999999999995,0.0228,0.0548,456774636701154.562500
0.02526000000000006,0.0188,0.056400000000000006,456774636701154.562500
0.025270000000000015,0.022000000000000002,0.0572,456774636701154.562500
0.02528000000000008,0.0204,0.0572,456774636701154.562500
0.025290000000000035,0.022000000000000002,0.0476,456774636701154.562500
0.02529999999999999,0.0236,0.0524,456774636701154.562500
0.025310000000000055,0.022000000000000002,0.056400000000000006,456774636701154.562500
0.02532000000000001,0.0244,0.055600000000000004,456774636701154.562500
0.025330000000000075,0.0228,0.056400000000000006,456774636701154.562500
0.02534000000000003,0.022000000000000002,0.056400000000000006,456774636701154.562500
0.025350000000000095,0.0228,0.0572,456774636701154.562500
0.02536000000000005,0.0228,0.056400000000000006,456774636701154.562500
0.025370000000000004,0.0228,0.0572,456774636701154.562500
0.02538000000000007,0.0236,0.056400000000000006,456774636701154.562500
0.025390000000000024,0.022000000000000002,0.056400000000000006,456774636701154.562500
0.02540000000000009,0.0212,0.0572,456774636701154.562500
0.025410000000000044,0.0236,0.056400000000000006,456774636701154.562500
0.025419999999999998,0.0228,0.056400000000000006,456774636701154.562500
0.025430000000000064,0.0228,0.058,456774636701154.562500
0.025440000000000018,0.0236,0.0596,456774636701154.562500
0.025450000000000084,0.0236,0.055600000000000004,456774636701154.562500
0.025460000000000038,0.0244,0.055600000000000004,456774636701154.562500
0.025469999999999993,0.0236,0.058,456774636701154.562500
0.025480000000000058,0.0252,0.056400000000000006,456774636701154.562500
0.025490000000000013,0.0244,0.055600000000000004,456774636701154.562500
0.025500000000000078,0.0212,0.056400000000000006,456774636701154.562500
0.025510000000000033,0.0244,0.058,456774636701154.562500
0.025520000000000098,0.0244,0.055600000000000004,456774636701154.562500
0.025530000000000053,0.0212,0.058,456774636701154.562500
0.025540000000000007,0.0236,0.0516,456774636701154.562500
0.025550000000000073,0.022000000000000002,0.0572,456774636701154.562500
0.025560000000000027,0.0204,0.056400000000000006,456774636701154.562500
0.025570000000000093,0.022000000000000002,0.0572,456774636701154.562500
0.025580000000000047,0.0212,0.058,456774636701154.562500
0.02559,0.0212,0.054,456774636701154.562500
0.025600000000000067,0.0212,0.0572,456774636701154.562500
0.02561000000000002,0.0228,0.056400000000000006,456774636701154.562500
0.025620000000000087,0.0212,0.055600000000000004,456774636701154.562500
0.02563000000000004,0.0204,0.0524,456774636701154.562500
0.025639999999999996,0.022000000000000002,0.0548,456774636701154.562500
0.02565000000000006,0.0228,0.0492,456774636701154.562500
0.025660000000000016,0.0236,0.0572,456774636701154.562500
0.02567000000000008,0.0228,0.055600000000000004,456774636701154.562500
0.025680000000000036,0.0228,0.0548,456774636701154.562500
0.02568999999999999,0.0236,0.058,456774636701154.562500
0.025700000000000056,0.0236,0.058,456774636701154.562500
0.02571000000000001,0.0244,0.0572,456774636701154.562500
0.025720000000000076,0.022000000000000002,0.055600000000000004,456774636701154.562500
0.02573000000000003,0.022000000000000002,0.0572,456774636701154.562500
0.025740000000000096,0.0236,0.058,456774636701154.562500
0.02575000000000005,0.0252,0.0572,456774636701154.562500
0.025760000000000005,0.0252,0.058,456774636701154.562500
0.02577000000000007,0.0244,0.056400000000000006,456774636701154.562500
0.025780000000000025,0.0204,0.053200000000000004,456774636701154.562500
0.02579000000000009,0.0228,0.058,456774636701154.562500
0.025800000000000045,0.022000000000000002,0.056400000000000006,456774636701154.562500
0.02581,0.022000000000000002,0.056400000000000006,456774636701154.562500
0.025820000000000065,0.022000000000000002,0.0572,456774636701154.562500
0.02583000000000002,0.0236,0.054,456774636701154.562500
0.025840000000000085,0.0204,0.05,456774636701154.562500
0.02585000000000004,0.0172,0.056400000000000006,456774636701154.562500
0.025859999999999994,0.0204,0.0572,456774636701154.562500
0.02587000000000006,0.022000000000000002,0.056400000000000006,456774636701154.562500
0.025880000000000014,0.022000000000000002,0.058,456774636701154.562500
0.02589000000000008,0.022000000000000002,0.0572,456774636701154.562500
0.025900000000000034,0.0236,0.058,456774636701154.562500
0.02590999999999999,0.022000000000000002,0.058,456774636701154.562500
0.025920000000000054,0.0236,0.0572,456774636701154.562500
0.02593000000000001,0.022000000000000002,0.058,456774636701154.562500
0.025940000000000074,0.0204,0.0572,456774636701154.562500
0.02595000000000003,0.0212,0.0572,456774636701154.562500
0.025960000000000094,0.022000000000000002,0.055600000000000004,456774636701154.562500
0.02597000000000005,0.0228,0.0572,456774636701154.562500
0.025980000000000003,0.022000000000000002,0.0572,456774636701154.562500
0.02599000000000007,0.0236,0.0572,456774636701154.562500
0.026000000000000023,0.0236,0.0572,456774636701154.562500
0.02601000000000009,0.022000000000000002,0.058,456774636701154.562500
0.026020000000000043,0.0228,0.056400000000000006,456774636701154.562500
0.026029999999999998,0.0236,0.056400000000000006,456774636701154.562500
0.026040000000000063,0.0236,0.0572,456774636701154.562500
0.026050000000000018,0.0244,0.056400000000000006,456774636701154.562500
0.026060000000000083,0.0236,0.0572,456774636701154.562500
0.026070000000000038,0.0244,0.055600000000000004,456774636701154.562500
0.026079999999999992,0.0236,0.056400000000000006,456774636701154.562500
0.026090000000000058,0.0244,0.056400000000000006,456774636701154.562500
0.026100000000000012,0.0236,0.055600000000000004,456774636701154.562500
0.026110000000000078,0.0244,0.055600000000000004,456774636701154.562500
0.026120000000000032,0.0236,0.058,456774636701154.562500
0.026130000000000098,0.0228,0.056400000000000006,456774636701154.562500
0.026140000000000052,0.0236,0.0572,456774636701154.562500
0.026150000000000007,0.0228,0.058,456774636701154.562500
0.026160000000000072,0.0236,0.056400000000000006,456774636701154.562500
0.026170000000000027,0.022000000000000002,0.056400000000000006,456774636701154.562500
0.026180000000000092,0.0212,0.058800000000000005,456774636701154.562500
0.026190000000000047,0.022000000000000002,0.056400000000000006,456774636701154.562500
0.0262,0.0212,0.055600000000000004,456774636701154.562500
0.026210000000000067,0.0236,0.056400000000000006,456774636701154.562500
0.02622000000000002,0.022000000000000002,0.0572,456774636701154.562500
0.026230000000000087,0.022000000000000002,0.0548,456774636701154.562500
0.02624000000000004,0.0212,0.058,456774636701154.562500
0.026249999999999996,0.022000000000000002,0.055600000000000004,456774636701154.562500
0.02626000000000006,0.0236,0.054,456774636701154.562500
0.026270000000000016,0.022000000000000002,0.0572,456774636701154.562500
0.02628000000000008,0.0228,0.054,456774636701154.562500
0.026290000000000036,0.0236,0.058,456774636701154.562500
0.02629999999999999,0.0244,0.0572,456774636701154.562500
0.026310000000000056,0.022000000000000002,0.058,456774636701154.562500
0.02632000000000001,0.022000000000000002,0.058,456774636701154.562500
0.026330000000000076,0.0212,0.055600000000000004,456774636701154.562500
0.02634000000000003,0.0204,0.058,456774636701154.562500
0.026350000000000096,0.0236,0.056400000000000006,456774636701154.562500
0.02636000000000005,0.0244,0.0548,456774636701154.562500
0.026370000000000005,0.0228,0.054,456774636701154.562500
0.02638000000000007,0.0244,0.0548,456774636701154.562500
0.026390000000000025,0.0244,0.056400000000000006,456774636701154.562500
0.02640000000000009,0.026000000000000002,0.054,456774636701154.562500
0.026410000000000045,0.0236,0.0572,456774636701154.562500
0.02642,0.0228,0.058800000000000005,456774636701154.562500
0.026430000000000065,0.0228,0.058,456774636701154.562500
0.02644000000000002,0.0188,0.0548,456774636701154.562500
0.026450000000000085,0.0228,0.0524,456774636701154.562500
0.02646000000000004,0.022000000000000002,0.0524,456774636701154.562500
0.026469999999999994,0.022000000000000002,0.0524,456774636701154.562500
0.02648000000000006,0.022000000000000002,0.0524,456774636701154.562500
0.026490000000000014,0.018000000000000002,0.058,456774636701154.562500
0.02650000000000008,0.0212,0.0572,456774636701154.562500
0.026510000000000034,0.0212,0.055600000000000004,456774636701154.562500
0.026519999999999988,0.0212,0.0572,456774636701154.562500
0.026530000000000054,0.022000000000000002,0.0572,456774636701154.562500
0.026540000000000008,0.022000000000000002,0.0572,456774636701154.562500
0.026550000000000074,0.022000000000000002,0.056400000000000006,456774636701154.562500
0.026560000000000028,0.0228,0.058,456774636701154.562500
0.026570000000000094,0.0228,0.058,456774636701154.562500
0.026580000000000048,0.0212,0.0572,456774636701154.562500
0.026590000000000003,0.0228,0.058800000000000005,456774636701154.562500
0.026600000000000068,0.0228,0.058,456774636701154.562500
0.026610000000000023,0.0236,0.056400000000000006,456774636701154.562500
0.026620000000000088,0.0252,0.056400000000000006,456774636701154.562500
0.026630000000000043,0.0236,0.053200000000000004,456774636701154.562500
0.026639999999999997,0.0236,0.058,456774636701154.562500
0.026650000000000063,0.0236,0.055600000000000004,456774636701154.562500
0.026660000000000017,0.0236,0.054,456774636701154.562500
0.026670000000000083,0.0236,0.0572,456774636701154.562500
0.026680000000000037,0.0244,0.05,456774636701154.562500
0.02668999999999999,0.0236,0.058,456774636701154.562500
0.026700000000000057,0.0228,0.058,456774636701154.562500
0.02671000000000001,0.0244,0.056400000000000006,456774636701154.562500
0.026720000000000077,0.0244,0.058,456774636701154.562500
0.02673000000000003,0.0236,0.058,456774636701154.562500
0.026740000000000097,0.022000000000000002,0.048400000000000006,456774636701154.562500
0.02675000000000005,0.0196,0.0572,456774636701154.562500
0.026760000000000006,0.0228,0.056400000000000006,456774636701154.562500
0.02677000000000007,0.0244,0.0572,456774636701154.562500
0.026780000000000026,0.0228,0.0572,456774636701154.562500
0.02679000000000009,0.0204,0.053200000000000004,456774636701154.562500
0.026800000000000046,0.0228,0.0572,456774636701154.562500
0.02681,0.0204,0.0572,456774636701154.562500
0.026820000000000066,0.0236,0.058,456774636701154.562500
0.02683000000000002,0.0228,0.058,456774636701154.562500
0.026840000000000086,0.0228,0.055600000000000004,456774636701154.562500
0.02685000000000004,0.0212,0.055600000000000004,456774636701154.562500
0.026859999999999995,0.0228,0.056400000000000006,456774636701154.562500
0.02687000000000006,0.0196,0.056400000000000006,456774636701154.562500
0.026880000000000015,0.0228,0.056400000000000006,456774636701154.562500
0.02689000000000008,0.0228,0.055600000000000004,456774636701154.562500
0.026900000000000035,0.0228,0.055600000000000004,456774636701154.562500
0.02690999999999999,0.0212,0.055600000000000004,456774636701154.562500
0.026920000000000055,0.022000000000000002,0.0572,456774636701154.562500
0.02693000000000001,0.0228,0.058,456774636701154.562500
0.026940000000000075,0.022000000000000002,0.056400000000000006,456774636701154.562500
0.02695000000000003,0.0228,0.055600000000000004,456774636701154.562500
0.026960000000000095,0.0228,0.058,456774636701154.562500
0.02697000000000005,0.0236,0.0468,456774636701154.562500
0.026980000000000004,0.0228,0.042,456774636701154.562500
0.02699000000000007,0.0228,0.0516,456774636701154.562500
0.027000000000000024,0.0244,0.055600000000000004,456774636701154.562500
0.02701000000000009,0.0228,0.0572,456774636701154.562500
0.027020000000000044,0.022000000000000002,0.054,456774636701154.562500
0.02703,0.0228,0.055600000000000004,456774636701154.562500
0.027040000000000064,0.022000000000000002,0.056400000000000006,456774636701154.562500
0.02705000000000002,0.0236,0.0572,456774636701154.562500
0.027060000000000084,0.022000000000000002,0.056400000000000006,456774636701154.562500
0.02707000000000004,0.0212,0.0572,456774636701154.562500
0.027079999999999993,0.0212,0.0572,456774636701154.562500
0.02709000000000006,0.0228,0.0548,456774636701154.562500
0.027100000000000013,0.022000000000000002,0.054,456774636701154.562500
0.02711000000000008,0.0204,0.0548,456774636701154.562500
0.027120000000000033,0.0212,0.0572,456774636701154.562500
0.0271300000000001,0.022000000000000002,0.058,456774636701154.562500
0.027140000000000053,0.0212,0.0572,456774636701154.562500
0.027150000000000007,0.0212,0.0572,456774636701154.562500
0.027160000000000073,0.0228,0.056400000000000006,456774636701154.562500
0.027170000000000027,0.022000000000000002,0.0548,456774636701154.562500
0.027180000000000093,0.0228,0.058,456774636701154.562500
0.027190000000000047,0.0204,0.0572,456774636701154.562500
0.027200000000000002,0.022000000000000002,0.0572,456774636701154.562500
0.027210000000000067,0.0212,0.0572,456774636701154.562500
0.027220000000000022,0.0236,0.056400000000000006,456774636701154.562500
0.027230000000000087,0.0212,0.0572,456774636701154.562500
0.027240000000000042,0.0236,0.0572,456774636701154.562500
0.027249999999999996,0.0228,0.0572,456774636701154.562500
0.027260000000000062,0.0252,0.058,456774636701154.562500
0.027270000000000016,0.0236,0.0572,456774636701154.562500
0.027280000000000082,0.0252,0.054,456774636701154.562500
0.027290000000000036,0.0236,0.0572,456774636701154.562500
0.02729999999999999,0.0228,0.056400000000000006,456774636701154.562500
0.027310000000000056,0.0244,0.0572,456774636701154.562500
0.02732000000000001,0.0252,0.0572,456774636701154.562500
0.027330000000000076,0.022000000000000002,0.055600000000000004,456774636701154.562500
0.02734000000000003,0.0228,0.054,456774636701154.562500
0.027350000000000096,0.0244,0.0572,456774636701154.562500
0.02736000000000005,0.022000000000000002,0.058,456774636701154.562500
0.027370000000000005,0.0228,0.0572,456774636701154.562500
0.02738000000000007,0.0228,0.0572,456774636701154.562500
0.027390000000000025,0.0204,0.056400000000000006,456774636701154.562500
0.02740000000000009,0.0236,0.055600000000000004,456774636701154.562500
0.027410000000000045,0.0228,0.0516,456774636701154.562500
0.02742,0.022000000000000002,0.0364,456774636701154.562500
0.027430000000000065,0.0212,0.0548,456774636701154.562500
0.02744000000000002,0.0196,0.054,456774636701154.562500
0.027450000000000085,0.0212,0.0572,456774636701154.562500
0.02746000000000004,0.0212,0.058,456774636701154.562500
0.027469999999999994,0.022000000000000002,0.0572,456774636701154.562500
0.02748000000000006,0.0228,0.056400000000000006,456774636701154.562500
0.027490000000000014,0.022000000000000002,0.058,456774636701154.562500
0.02750000000000008,0.0204,0.0572,456774636701154.562500
0.027510000000000034,0.0228,0.055600000000000004,456774636701154.562500
0.02751999999999999,0.0204,0.056400000000000006,456774636701154.562500
0.027530000000000054,0.0236,0.0572,456774636701154.562500
0.02754000000000001,0.0244,0.054,456774636701154.562500
0.027550000000000074,0.0236,0.058,456774636701154.562500
0.02756000000000003,0.0244,0.0572,456774636701154.562500
0.027570000000000094,0.0236,0.056400000000000006,456774636701154.562500
0.02758000000000005,0.0188,0.058800000000000005,456774636701154.562500
0.027590000000000003,0.022000000000000002,0.055600000000000004,456774636701154.562500
0.02760000000000007,0.022000000000000002,0.056400000000000006,456774636701154.562500
0.027610000000000023,0.0236,0.058,456774636701154.562500
0.02762000000000009,0.0236,0.054,456774636701154.562500
0.027630000000000043,0.022000000000000002,0.054,456774636701154.562500
0.027639999999999998,0.0244,0.055600000000000004,456774636701154.562500
0.027650000000000063,0.0236,0.045200000000000004,456774636701154.562500
0.027660000000000018,0.0244,0.045200000000000004,456774636701154.562500
0.027670000000000083,0.0228,0.053200000000000004,456774636701154.562500
0.027680000000000038,0.0204,0.0516,456774636701154.562500
0.027689999999999992,0.0228,0.050800000000000005,456774636701154.562500
0.027700000000000058,0.0212,0.056400000000000006,456774636701154.562500
0.027710000000000012,0.0196,0.0516,456774636701154.562500
0.027720000000000078,0.0228,0.058,456774636701154.562500
0.027730000000000032,0.0212,0.0572,456774636701154.562500
0.027740000000000098,0.0212,0.056400000000000006,456774636701154.562500
0.027750000000000052,0.022000000000000002,0.0548,456774636701154.562500
0.027760000000000007,0.0212,0.055600000000000004,456774636701154.562500
0.027770000000000072,0.022000000000000002,0.056400000000000006,456774636701154.562500
0.027780000000000027,0.0228,0.058,456774636701154.562500
0.027790000000000092,0.0212,0.056400000000000006,456774636701154.562500
0.027800000000000047,0.022000000000000002,0.056400000000000006,456774636701154.562500
0.02781,0.0196,0.058,456774636701154.562500
0.027820000000000067,0.0236,0.0476,456774636701154.562500
0.02783000000000002,0.0228,0.0516,456774636701154.562500
0.027840000000000087,0.0212,0.0476,456774636701154.562500
0.02785000000000004,0.0236,0.0476,456774636701154.562500
0.027859999999999996,0.018000000000000002,0.054,456774636701154.562500
0.02787000000000006,0.022000000000000002,0.058,456774636701154.562500
0.027880000000000016,0.0188,0.058,456774636701154.562500
0.02789000000000008,0.0228,0.055600000000000004,456774636701154.562500
0.027900000000000036,0.0204,0.055600000000000004,456774636701154.562500
0.02790999999999999,0.0212,0.055600000000000004,456774636701154.562500
0.027920000000000056,0.0196,0.0572,456774636701154.562500
0.02793000000000001,0.0228,0.058,456774636701154.562500
0.027940000000000076,0.022000000000000002,0.058,456774636701154.562500
0.02795000000000003,0.0244,0.055600000000000004,456774636701154.562500
0.027960000000000096,0.0228,0.055600000000000004,456774636701154.562500
0.02797000000000005,0.0236,0.056400000000000006,456774636701154.562500
0.027980000000000005,0.0244,0.0572,456774636701154.562500
0.02799000000000007,0.0188,0.053200000000000004,456774636701154.562500
0.028000000000000025,0.018000000000000002,0.058,456774636701154.562500
0.02801000000000009,0.0228,0.056400000000000006,456774636701154.562500
0.028020000000000045,0.022000000000000002,0.0572,456774636701154.562500
0.02803,0.0196,0.055600000000000004,456774636701154.562500
0.028040000000000065,0.0212,0.056400000000000006,456774636701154.562500
0.02805000000000002,0.0228,0.058,456774636701154.562500
0.028060000000000085,0.022000000000000002,0.056400000000000006,456774636701154.562500
0.02807000000000004,0.0244,0.053200000000000004,456774636701154.562500
0.028079999999999994,0.022000000000000002,0.058,456774636701154.562500
0.02809000000000006,0.0228,0.0596,456774636701154.562500
0.028100000000000014,0.0228,0.053200000000000004,456774636701154.562500
0.02811000000000008,0.022000000000000002,0.0548,456774636701154.562500
0.028120000000000034,0.022000000000000002,0.0572,456774636701154.562500
0.02812999999999999,0.0204,0.056400000000000006,456774636701154.562500
0.028140000000000054,0.0228,0.056400000000000006,456774636701154.562500
0.02815000000000001,0.0212,0.058,456774636701154.562500
0.028160000000000074,0.0236,0.058,456774636701154.562500
0.02817000000000003,0.0236,0.056400000000000006,456774636701154.562500
0.028180000000000094,0.0244,0.056400000000000006,456774636701154.562500
0.02819000000000005,0.0204,0.058,456774636701154.562500
0.028200000000000003,0.0236,0.058,456774636701154.562500
0.02821000000000007,0.0228,0.054,456774636701154.562500
0.028220000000000023,0.0236,0.055600000000000004,456774636701154.562500
0.02823000000000009,0.0244,0.0516,456774636701154.562500
0.028240000000000043,0.0244,0.058,456774636701154.562500
0.028249999999999997,0.022000000000000002,0.055600000000000004,456774636701154.562500
0.028260000000000063,0.0236,0.0548,456774636701154.562500
0.028270000000000017,0.0236,0.0572,456774636701154.562500
0.028280000000000083,0.0228,0.0572,456774636701154.562500
0.028290000000000037,0.022000000000000002,0.0572,456774636701154.562500
0.028299999999999992,0.0196,0.058,456774636701154.562500
0.028310000000000057,0.0212,0.0572,456774636701154.562500
0.028320000000000012,0.0196,0.0572,456774636701154.562500
0.028330000000000077,0.0204,0.058,456774636701154.562500
0.028340000000000032,0.0196,0.056400000000000006,456774636701154.562500
0.028350000000000097,0.022000000000000002,0.0572,456774636701154.562500
0.028360000000000052,0.022000000000000002,0.055600000000000004,456774636701154.562500
0.028370000000000006,0.0228,0.056400000000000006,456774636701154.562500
0.028380000000000072,0.0204,0.056400000000000006,456774636701154.562500
0.028390000000000026,0.0228,0.056400000000000006,456774636701154.562500
0.028400000000000092,0.0236,0.058,456774636701154.562500
0.028410000000000046,0.022000000000000002,0.055600000000000004,456774636701154.562500
0.02842,0.0236,0.0572,456774636701154.562500
0.028430000000000066,0.0188,0.055600000000000004,456774636701154.562500
0.02844000000000002,0.0212,0.055600000000000004,456774636701154.562500
0.028450000000000086,0.0164,0.056400000000000006,456774636701154.562500
0.02846000000000004,0.014,0.0572,456774636701154.562500
0.028469999999999995,0.0188,0.056400000000000006,456774636701154.562500
0.02848000000000006,0.0204,0.056400000000000006,456774636701154.562500
0.028490000000000015,0.018000000000000002,0.058800000000000005,456774636701154.562500
0.02850000000000008,0.0244,0.0548,456774636701154.562500
0.028510000000000035,0.0236,0.058,456774636701154.562500
0.02851999999999999,0.0252,0.0572,456774636701154.562500
0.028530000000000055,0.0188,0.05,456774636701154.562500
0.02854000000000001,0.0236,0.0572,456774636701154.562500
0.028550000000000075,0.0252,0.055600000000000004,456774636701154.562500
0.02856000000000003,0.0236,0.0572,456774636701154.562500
0.028570000000000095,0.0236,0.055600000000000004,456774636701154.562500
0.02858000000000005,0.0228,0.0524,456774636701154.562500
0.028590000000000004,0.0212,0.056400000000000006,456774636701154.562500
0.02860000000000007,0.0236,0.0524,456774636701154.562500
0.028610000000000024,0.022000000000000002,0.056400000000000006,456774636701154.562500
0.02862000000000009,0.0204,0.053200000000000004,456774636701154.562500
0.028630000000000044,0.022000000000000002,0.0572,456774636701154.562500
0.02864,0.0228,0.056400000000000006,456774636701154.562500
0.028650000000000064,0.0212,0.058,456774636701154.562500
0.02866000000000002,0.0228,0.0548,456774636701154.562500
0.028670000000000084,0.0228,0.056400000000000006,456774636701154.562500
0.02868000000000004,0.0228,0.055600000000000004,456774636701154.562500
0.028689999999999993,0.0212,0.056400000000000006,456774636701154.562500
0.02870000000000006,0.022000000000000002,0.054,456774636701154.562500
0.028710000000000013,0.022000000000000002,0.0468,456774636701154.562500
0.02872000000000008,0.0228,0.050800000000000005,456774636701154.562500
0.028730000000000033,0.0212,0.0444,456774636701154.562500
0.028739999999999988,0.0228,0.0492,456774636701154.562500
0.028750000000000053,0.0228,0.0364,456774636701154.562500
0.028760000000000008,0.0236,0.0444,456774636701154.562500
0.028770000000000073,0.0204,0.038,456774636701154.562500
0.028780000000000028,0.0228,0.0388,456774636701154.562500
0.028790000000000093,0.0236,0.038,456774636701154.562500
0.028800000000000048,0.0236,0.040400000000000005,456774636701154.562500
0.028810000000000002,0.0236,0.0468,456774636701154.562500
0.028820000000000068,0.022000000000000002,0.055600000000000004,456774636701154.562500
0.028830000000000022,0.0204,0.0492,456774636701154.562500
0.028840000000000088,0.0244,0.0516,456774636701154.562500
0.028850000000000042,0.0236,0.048400000000000006,456774636701154.562500
0.028859999999999997,0.0212,0.054,456774636701154.562500
0.028870000000000062,0.0228,0.050800000000000005,456774636701154.562500
0.028880000000000017,0.0204,0.055600000000000004,456774636701154.562500
0.028890000000000082,0.022000000000000002,0.0516,456774636701154.562500
0.028900000000000037,0.022000000000000002,0.055600000000000004,456774636701154.562500
0.02890999999999999,0.022000000000000002,0.055600000000000004,456774636701154.562500
0.028920000000000057,0.0228,0.056400000000000006,456774636701154.562500
0.02893000000000001,0.022000000000000002,0.058,456774636701154.562500
0.028940000000000077,0.022000000000000002,0.056400000000000006,456774636701154.562500
0.02895000000000003,0.0228,0.058,456774636701154.562500
0.028960000000000097,0.022000000000000002,0.055600000000000004,456774636701154.562500
0.02897000000000005,0.0228,0.0572,456774636701154.562500
0.028980000000000006,0.0204,0.054,456774636701154.562500
0.02899000000000007,0.022000000000000002,0.055600000000000004,456774636701154.562500
0.029000000000000026,0.0204,0.0572,456774636701154.562500
0.02901000000000009,0.0228,0.055600000000000004,456774636701154.562500
0.029020000000000046,0.0212,0.0436,456774636701154.562500
0.02903,0.0228,0.0436,456774636701154.562500
0.029040000000000066,0.0236,0.0516,456774636701154.562500
0.02905000000000002,0.0204,0.042,456774636701154.562500
0.029060000000000086,0.022000000000000002,0.0468,456774636701154.562500
0.02907000000000004,0.0172,0.0444,456774636701154.562500
0.029079999999999995,0.0244,0.05,456774636701154.562500
0.02909000000000006,0.0212,0.045200000000000004,456774636701154.562500
0.029100000000000015,0.022000000000000002,0.053200000000000004,456774636701154.562500
0.02911000000000008,0.0212,0.0548,456774636701154.562500
0.029120000000000035,0.0228,0.058800000000000005,456774636701154.562500
0.02912999999999999,0.0244,0.055600000000000004,456774636701154.562500
0.029140000000000055,0.0236,0.056400000000000006,456774636701154.562500
0.02915000000000001,0.015600000000000001,0.056400000000000006,456774636701154.562500
0.029160000000000075,0.0212,0.054,456774636701154.562500
0.02917000000000003,0.0196,0.0572,456774636701154.562500
0.029180000000000095,0.0204,0.0524,456774636701154.562500
0.02919000000000005,0.022000000000000002,0.0572,456774636701154.562500
0.029200000000000004,0.0196,0.0468,456774636701154.562500
0.02921000000000007,0.0204,0.056400000000000006,456774636701154.562500
0.029220000000000024,0.0212,0.0524,456774636701154.562500
0.02923000000000009,0.0196,0.058800000000000005,456774636701154.562500
0.029240000000000044,0.0188,0.054,456774636701154.562500
0.029249999999999998,0.022000000000000002,0.0572,456774636701154.562500
0.029260000000000064,0.0172,0.054,456774636701154.562500
0.029270000000000018,0.0196,0.058,456774636701154.562500
0.029280000000000084,0.01,0.0516,456774636701154.562500
0.029290000000000038,0.0172,0.0572,456774636701154.562500
0.029299999999999993,0.0148,0.055600000000000004,456774636701154.562500
0.029310000000000058,0.0204,0.055600000000000004,456774636701154.562500
0.029320000000000013,0.022000000000000002,0.055600000000000004,456774636701154.562500
0.029330000000000078,0.0228,0.0572,456774636701154.562500
0.029340000000000033,0.0204,0.055600000000000004,456774636701154.562500
0.029350000000000098,0.0212,0.0572,456774636701154.562500
0.029360000000000053,0.022000000000000002,0.055600000000000004,456774636701154.562500
0.029370000000000007,0.0204,0.0548,456774636701154.562500
0.029380000000000073,0.0196,0.056400000000000006,456774636701154.562500
0.029390000000000027,0.0172,0.056400000000000006,456774636701154.562500
0.029400000000000093,0.0188,0.0516,456774636701154.562500
0.029410000000000047,0.0172,0.055600000000000004,456774636701154.562500
0.02942,0.0196,0.0548,456774636701154.562500
0.029430000000000067,0.0164,0.045200000000000004,456774636701154.562500
0.02944000000000002,0.0204,0.0492,456774636701154.562500
0.029450000000000087,0.022000000000000002,0.0572,456774636701154.562500
0.02946000000000004,0.0196,0.058,456774636701154.562500
0.029469999999999996,0.0172,0.058,456774636701154.562500
0.02948000000000006,0.0204,0.0572,456774636701154.562500
0.029490000000000016,0.0188,0.0548,456774636701154.562500
0.02950000000000008,0.0204,0.055600000000000004,456774636701154.562500
0.029510000000000036,0.0164,0.056400000000000006,456774636701154.562500
0.02951999999999999,0.0196,0.055600000000000004,456774636701154.562500
0.029530000000000056,0.0196,0.0572,456774636701154.562500
0.02954000000000001,0.0212,0.053200000000000004,456774636701154.562500
0.029550000000000076,0.0212,0.0596,456774636701154.562500
0.02956000000000003,0.022000000000000002,0.0548,456774636701154.562500
0.029570000000000096,0.022000000000000002,0.054,456774636701154.562500
0.02958000000000005,0.0212,0.0572,456774636701154.562500
0.029590000000000005,0.0228,0.0444,456774636701154.562500
0.02960000000000007,0.0204,0.058,456774636701154.562500
0.029610000000000025,0.0228,0.0548,456774636701154.562500
0.02962000000000009,0.022000000000000002,0.055600000000000004,456774636701154.562500
0.029630000000000045,0.0228,0.055600000000000004,456774636701154.562500
0.02964,0.022000000000000002,0.0572,456774636701154.562500
0.029650000000000065,0.022000000000000002,0.0572,456774636701154.562500
0.02966000000000002,0.0204,0.048400000000000006,456774636701154.562500
0.029670000000000085,0.0228,0.050800000000000005,456774636701154.562500
0.02968000000000004,0.0236,0.05,456774636701154.562500
0.029689999999999994,0.0252,0.054,456774636701154.562500
0.02970000000000006,0.0236,0.056400000000000006,456774636701154.562500
0.029710000000000014,0.0212,0.058,456774636701154.562500
0.02972000000000008,0.0236,0.058,456774636701154.562500
0.029730000000000034,0.0252,0.056400000000000006,456774636701154.562500
0.02973999999999999,0.0236,0.0524,456774636701154.562500
0.029750000000000054,0.0228,0.0572,456774636701154.562500
0.02976000000000001,0.0244,0.058,456774636701154.562500
0.029770000000000074,0.0212,0.056400000000000006,456774636701154.562500
0.02978000000000003,0.0236,0.058,456774636701154.562500
0.029790000000000094,0.022000000000000002,0.058,456774636701154.562500
0.02980000000000005,0.0236,0.0572,456774636701154.562500
0.029810000000000003,0.0228,0.0572,456774636701154.562500
0.02982000000000007,0.0228,0.054,456774636701154.562500
0.029830000000000023,0.0228,0.0596,456774636701154.562500
0.02984000000000009,0.022000000000000002,0.055600000000000004,456774636701154.562500
0.029850000000000043,0.022000000000000002,0.0572,456774636701154.562500
0.029859999999999998,0.0212,0.0572,456774636701154.562500
0.029870000000000063,0.0236,0.0516,456774636701154.562500
0.029880000000000018,0.022000000000000002,0.05,456774636701154.562500
0.029890000000000083,0.022000000000000002,0.058,456774636701154.562500
0.029900000000000038,0.0212,0.053200000000000004,456774636701154.562500
0.029909999999999992,0.022000000000000002,0.058800000000000005,456774636701154.562500
0.029920000000000058,0.0164,0.0572,456774636701154.562500
0.029930000000000012,0.0228,0.0524,456774636701154.562500
0.029940000000000078,0.0228,0.055600000000000004,456774636701154.562500
0.029950000000000032,0.0236,0.058800000000000005,456774636701154.562500
0.029960000000000098,0.0236,0.056400000000000006,456774636701154.562500
0.029970000000000052,0.0204,0.055600000000000004,456774636701154.562500
0.029980000000000007,0.0236,0.058,456774636701154.562500
0.029990000000000072,0.0228,0.058,456774636701154.562500
0.030000000000000027,0.0228,0.058,456774636701154.562500
0.030010000000000092,0.0228,0.056400000000000006,456774636701154.562500
0.030020000000000047,0.0212,0.058,456774636701154.562500
0.03003,0.0212,0.0572,456774636701154.562500
0.030040000000000067,0.0188,0.058,456774636701154.562500
0.03005000000000002,0.0228,0.058,456774636701154.562500
0.030060000000000087,0.0204,0.058,456774636701154.562500
0.03007000000000004,0.0204,0.0572,456774636701154.562500
0.030079999999999996,0.015600000000000001,0.0572,456774636701154.562500
0.03009000000000006,0.0196,0.0572,456774636701154.562500
0.030100000000000016,0.012400000000000001,0.056400000000000006,456774636701154.562500
0.03011000000000008,0.0196,0.056400000000000006,456774636701154.562500
0.030120000000000036,0.0196,0.058,456774636701154.562500
0.03012999999999999,0.0228,0.056400000000000006,456774636701154.562500
0.030140000000000056,0.0228,0.0572,456774636701154.562500
0.03015000000000001,0.0196,0.058,456774636701154.562500
0.030160000000000076,0.0228,0.0572,456774636701154.562500
0.03017000000000003,0.0204,0.058,456774636701154.562500
0.030180000000000096,0.0212,0.056400000000000006,456774636701154.562500
0.03019000000000005,0.0196,0.054,456774636701154.562500
0.030200000000000005,0.0212,0.054,456774636701154.562500
0.03021000000000007,0.0172,0.0572,456774636701154.562500
0.030220000000000025,0.0204,0.056400000000000006,456774636701154.562500
0.03023000000000009,0.015600000000000001,0.0548,456774636701154.562500
0.030240000000000045,0.0212,0.056400000000000006,456774636701154.562500
0.03025,0.0196,0.0548,456774636701154.562500
0.030260000000000065,0.0228,0.0548,456774636701154.562500
0.03027000000000002,0.0212,0.0468,456774636701154.562500
0.030280000000000085,0.0228,0.0548,456774636701154.562500
0.03029000000000004,0.0244,0.05,456774636701154.562500
0.030299999999999994,0.0236,0.0548,456774636701154.562500
0.03031000000000006,0.0244,0.058,456774636701154.562500
0.030320000000000014,0.0228,0.054,456774636701154.562500
0.03033000000000008,0.0252,0.055600000000000004,456774636701154.562500
0.030340000000000034,0.022000000000000002,0.0572,456774636701154.562500
0.030349999999999988,0.0244,0.058800000000000005,456774636701154.562500
0.030360000000000054,0.0228,0.0548,456774636701154.562500
0.030370000000000008,0.0236,0.055600000000000004,456774636701154.562500
0.030380000000000074,0.0236,0.054,456774636701154.562500
0.030390000000000028,0.0228,0.056400000000000006,456774636701154.562500
0.030400000000000094,0.022000000000000002,0.0572,456774636701154.562500
0.030410000000000048,0.022000000000000002,0.053200000000000004,456774636701154.562500
0.030420000000000003,0.0196,0.0516,456774636701154.562500
0.030430000000000068,0.0228,0.055600000000000004,456774636701154.562500
0.030440000000000023,0.0204,0.055600000000000004,456774636701154.562500
0.030450000000000088,0.0228,0.058,456774636701154.562500
0.030460000000000043,0.022000000000000002,0.056400000000000006,456774636701154.562500
0.030469999999999997,0.022000000000000002,0.055600000000000004,456774636701154.562500
0.030480000000000063,0.0204,0.058,456774636701154.562500
0.030490000000000017,0.022000000000000002,0.055600000000000004,456774636701154.562500
0.030500000000000083,0.022000000000000002,0.055600000000000004,456774636701154.562500
0.030510000000000037,0.0204,0.054,456774636701154.562500
0.03051999999999999,0.022000000000000002,0.0572,456774636701154.562500
0.030530000000000057,0.0236,0.056400000000000006,456774636701154.562500
0.03054000000000001,0.0204,0.055600000000000004,456774636701154.562500
0.030550000000000077,0.0212,0.056400000000000006,456774636701154.562500
0.03056000000000003,0.0196,0.055600000000000004,456774636701154.562500
0.030570000000000097,0.0228,0.055600000000000004,456774636701154.562500
0.03058000000000005,0.0236,0.0548,456774636701154.562500
0.030590000000000006,0.0212,0.055600000000000004,456774636701154.562500
0.03060000000000007,0.0228,0.054,456774636701154.562500
0.030610000000000026,0.018000000000000002,0.055600000000000004,456774636701154.562500
0.03062000000000009,0.0244,0.054,456774636701154.562500
0.030630000000000046,0.0212,0.056400000000000006,456774636701154.562500
0.03064,0.0244,0.0572,456774636701154.562500
0.030650000000000066,0.018000000000000002,0.055600000000000004,456774636701154.562500
0.03066000000000002,0.0236,0.0572,456774636701154.562500
0.030670000000000086,0.018000000000000002,0.055600000000000004,456774636701154.562500
0.03068000000000004,0.0252,0.0572,456774636701154.562500
0.030689999999999995,0.0212,0.0572,456774636701154.562500
0.03070000000000006,0.0228,0.0572,456774636701154.562500
0.030710000000000015,0.0196,0.0572,456774636701154.562500
0.03072000000000008,0.0228,0.055600000000000004,456774636701154.562500
0.030730000000000035,0.022000000000000002,0.0572,456774636701154.562500
0.03073999999999999,0.022000000000000002,0.058800000000000005,456774636701154.562500
0.030750000000000055,0.0228,0.055600000000000004,456774636701154.562500
0.03076000000000001,0.0212,0.056400000000000006,456774636701154.562500
0.030770000000000075,0.0212,0.055600000000000004,456774636701154.562500
0.03078000000000003,0.0204,0.0572,456774636701154.562500
0.030790000000000095,0.0196,0.056400000000000006,456774636701154.562500
0.03080000000000005,0.0228,0.056400000000000006,456774636701154.562500
0.030810000000000004,0.022000000000000002,0.050800000000000005,456774636701154.562500
0.03082000000000007,0.022000000000000002,0.0412,456774636701154.562500
0.030830000000000024,0.0212,0.050800000000000005,456774636701154.562500
0.03084000000000009,0.022000000000000002,0.042800000000000005,456774636701154.562500
0.030850000000000044,0.0236,0.055600000000000004,456774636701154.562500
0.03086,0.0236,0.056400000000000006,456774636701154.562500
0.030870000000000064,0.0212,0.056400000000000006,456774636701154.562500
0.03088000000000002,0.022000000000000002,0.0492,456774636701154.562500
0.030890000000000084,0.0228,0.055600000000000004,456774636701154.562500
0.03090000000000004,0.0228,0.053200000000000004,456774636701154.562500
0.030909999999999993,0.0236,0.0572,456774636701154.562500
0.03092000000000006,0.0236,0.056400000000000006,456774636701154.562500
0.030930000000000013,0.0244,0.054,456774636701154.562500
0.03094000000000008,0.0244,0.0572,456774636701154.562500
0.030950000000000033,0.0236,0.055600000000000004,456774636701154.562500
0.0309600000000001,0.0252,0.054,456774636701154.562500
0.030970000000000053,0.0244,0.0572,456774636701154.562500
0.030980000000000008,0.022000000000000002,0.056400000000000006,456774636701154.562500
0.030990000000000073,0.0244,0.056400000000000006,456774636701154.562500
0.031000000000000028,0.022000000000000002,0.0516,456774636701154.562500
0.031010000000000093,0.0228,0.054,456774636701154.562500
0.031020000000000048,0.0228,0.055600000000000004,456774636701154.562500
0.031030000000000002,0.022000000000000002,0.055600000000000004,456774636701154.562500
0.031040000000000068,0.0236,0.056400000000000006,456774636701154.562500
0.031050000000000022,0.0212,0.05,456774636701154.562500
0.031060000000000088,0.0212,0.055600000000000004,456774636701154.562500
0.031070000000000042,0.0212,0.046,456774636701154.562500
0.031079999999999997,0.0212,0.0412,456774636701154.562500
0.031090000000000062,0.0188,0.0356,456774636701154.562500
0.031100000000000017,0.0196,0.0524,456774636701154.562500
0.031110000000000082,0.0164,0.0444,456774636701154.562500
0.031120000000000037,0.022000000000000002,0.048400000000000006,456774636701154.562500
0.03112999999999999,0.0228,0.0516,456774636701154.562500
0.031140000000000057,0.0228,0.05,456774636701154.562500
0.03115000000000001,0.0228,0.048400000000000006,456774636701154.562500
0.031160000000000077,0.0212,0.0548,456774636701154.562500
0.03117000000000003,0.0212,0.058,456774636701154.562500
0.031180000000000097,0.026000000000000002,0.056400000000000006,456774636701154.562500
0.03119000000000005,0.0212,0.0572,456774636701154.562500
0.031200000000000006,0.0228,0.055600000000000004,456774636701154.562500
0.03121000000000007,0.0236,0.0516,456774636701154.562500
0.031220000000000026,0.0196,0.056400000000000006,456774636701154.562500
0.03123000000000009,0.0228,0.056400000000000006,456774636701154.562500
0.031240000000000046,0.0236,0.058,456774636701154.562500
0.03125,0.0244,0.0572,456774636701154.562500
0.031260000000000066,0.0236,0.0548,456774636701154.562500
0.03127000000000002,0.0236,0.056400000000000006,456774636701154.562500
0.031280000000000086,0.0228,0.0524,456774636701154.562500
0.03129000000000004,0.0236,0.058800000000000005,456774636701154.562500
0.031299999999999994,0.0228,0.058,456774636701154.562500
0.03131000000000006,0.022000000000000002,0.056400000000000006,456774636701154.562500
0.031320000000000014,0.0196,0.056400000000000006,456774636701154.562500
0.03133000000000008,0.0228,0.056400000000000006,456774636701154.562500
0.031340000000000034,0.0212,0.0516,456774636701154.562500
0.03134999999999999,0.022000000000000002,0.0572,456774636701154.562500
0.031360000000000054,0.0236,0.058,456774636701154.562500
0.03137000000000001,0.0228,0.0572,456774636701154.562500
0.031380000000000075,0.0228,0.0572,456774636701154.562500
0.03139000000000003,0.0228,0.053200000000000004,456774636701154.562500
0.031400000000000095,0.0212,0.05,456774636701154.562500
0.03141000000000005,0.022000000000000002,0.058,456774636701154.562500
0.031420000000000003,0.022000000000000002,0.055600000000000004,456774636701154.562500
0.03143000000000007,0.0212,0.053200000000000004,456774636701154.562500
0.031440000000000023,0.0212,0.0572,456774636701154.562500
0.03145000000000009,0.0212,0.058,456774636701154.562500
0.031460000000000043,0.022000000000000002,0.058,456774636701154.562500
0.03147,0.0212,0.055600000000000004,456774636701154.562500
0.031480000000000063,0.0228,0.058,456774636701154.562500
0.03149000000000002,0.0236,0.055600000000000004,456774636701154.562500
0.031500000000000083,0.0212,0.0492,456774636701154.562500
0.03151000000000004,0.0236,0.055600000000000004,456774636701154.562500
0.03151999999999999,0.0228,0.058800000000000005,456774636701154.562500
0.03153000000000006,0.0212,0.056400000000000006,456774636701154.562500
0.03154000000000001,0.0244,0.056400000000000006,456774636701154.562500
0.03155000000000008,0.0188,0.054,456774636701154.562500
0.03156000000000003,0.0228,0.058,456774636701154.562500
0.0315700000000001,0.0228,0.058,456774636701154.562500
0.03158000000000005,0.0236,0.058,456774636701154.562500
0.03159000000000001,0.0148,0.0572,456774636701154.562500
0.03160000000000007,0.0228,0.048400000000000006,456774636701154.562500
0.03161000000000003,0.0172,0.058,456774636701154.562500
0.03162000000000009,0.0228,0.056400000000000006,456774636701154.562500
0.03163000000000005,0.0212,0.0572,456774636701154.562500
0.03164,0.022000000000000002,0.0524,456774636701154.562500
0.03165000000000007,0.022000000000000002,0.058,456774636701154.562500
0.03166000000000002,0.0204,0.0548,456774636701154.562500
0.03167000000000009,0.0236,0.0516,456774636701154.562500
0.03168000000000004,0.022000000000000002,0.0572,456774636701154.562500
0.031689999999999996,0.022000000000000002,0.056400000000000006,456774636701154.562500
0.03170000000000006,0.0228,0.058,456774636701154.562500
0.031710000000000016,0.0212,0.0524,456774636701154.562500
0.03172000000000008,0.022000000000000002,0.0572,456774636701154.562500
0.031730000000000036,0.0204,0.0436,456774636701154.562500
0.03173999999999999,0.0236,0.055600000000000004,456774636701154.562500
0.031750000000000056,0.022000000000000002,0.0476,456774636701154.562500
0.03176000000000001,0.0228,0.055600000000000004,456774636701154.562500
0.031770000000000076,0.0212,0.0572,456774636701154.562500
0.03178000000000003,0.022000000000000002,0.0572,456774636701154.562500
0.031790000000000096,0.0252,0.053200000000000004,456774636701154.562500
0.03180000000000005,0.0236,0.053200000000000004,456774636701154.562500
0.031810000000000005,0.0228,0.058,456774636701154.562500
0.03182000000000007,0.0236,0.0572,456774636701154.562500
0.031830000000000025,0.0196,0.056400000000000006,456774636701154.562500
0.03184000000000009,0.026000000000000002,0.0524,456774636701154.562500
0.031850000000000045,0.0204,0.0572,456774636701154.562500
0.03186,0.022000000000000002,0.058,456774636701154.562500
0.031870000000000065,0.0188,0.0492,456774636701154.562500
0.03188000000000002,0.0212,0.0572,456774636701154.562500
0.031890000000000085,0.014,0.0548,456774636701154.562500
0.03190000000000004,0.0204,0.0572,456774636701154.562500
0.031909999999999994,0.0204,0.055600000000000004,456774636701154.562500
0.03192000000000006,0.0228,0.058800000000000005,456774636701154.562500
0.031930000000000014,0.0212,0.058,456774636701154.562500
0.03194000000000008,0.0236,0.056400000000000006,456774636701154.562500
0.031950000000000034,0.0228,0.056400000000000006,456774636701154.562500
0.03195999999999999,0.0228,0.058,456774636701154.562500
0.031970000000000054,0.022000000000000002,0.0572,456774636701154.562500
0.03198000000000001,0.0228,0.056400000000000006,456774636701154.562500
0.031990000000000074,0.0196,0.058,456774636701154.562500
0.03200000000000003,0.0228,0.0548,456774636701154.562500
0.032010000000000094,0.022000000000000002,0.053200000000000004,456774636701154.562500
0.03202000000000005,0.0228,0.054,456774636701154.562500
0.03203,0.0212,0.0524,456774636701154.562500
0.03204000000000007,0.0204,0.055600000000000004,456774636701154.562500
0.03205000000000002,0.0228,0.0468,456774636701154.562500
0.03206000000000009,0.0236,0.0572,456774636701154.562500
0.03207000000000004,0.0236,0.058,456774636701154.562500
0.03208,0.022000000000000002,0.056400000000000006,456774636701154.562500
0.03209000000000006,0.0228,0.056400000000000006,456774636701154.562500
0.03210000000000002,0.0228,0.0572,456774636701154.562500
0.03211000000000008,0.0236,0.053200000000000004,456774636701154.562500
0.03212000000000004,0.0228,0.056400000000000006,456774636701154.562500
0.03212999999999999,0.0244,0.055600000000000004,456774636701154.562500
0.03214000000000006,0.0204,0.055600000000000004,456774636701154.562500
0.03215000000000001,0.0228,0.0572,456774636701154.562500
0.03216000000000008,0.0228,0.056400000000000006,456774636701154.562500
0.03217000000000003,0.0228,0.055600000000000004,456774636701154.562500
0.0321800000000001,0.0228,0.0572,456774636701154.562500
0.03219000000000005,0.0236,0.056400000000000006,456774636701154.562500
0.032200000000000006,0.0236,0.0572,456774636701154.562500
0.03221000000000007,0.0244,0.0524,456774636701154.562500
0.032220000000000026,0.022000000000000002,0.055600000000000004,456774636701154.562500
0.03223000000000009,0.0228,0.0516,456774636701154.562500
0.032240000000000046,0.022000000000000002,0.050800000000000005,456774636701154.562500
0.03225,0.022000000000000002,0.053200000000000004,456774636701154.562500
0.032260000000000066,0.022000000000000002,0.056400000000000006,456774636701154.562500
0.03227000000000002,0.022000000000000002,0.056400000000000006,456774636701154.562500
0.032280000000000086,0.0228,0.055600000000000004,456774636701154.562500
0.03229000000000004,0.022000000000000002,0.056400000000000006,456774636701154.562500
0.032299999999999995,0.022000000000000002,0.0572,456774636701154.562500
0.03231000000000006,0.022000000000000002,0.058,456774636701154.562500
0.032320000000000015,0.0228,0.055600000000000004,456774636701154.562500
0.03233000000000008,0.0212,0.0572,456774636701154.562500
0.032340000000000035,0.0212,0.0572,456774636701154.562500
0.03234999999999999,0.0228,0.054,456774636701154.562500
0.032360000000000055,0.0196,0.055600000000000004,456774636701154.562500
0.03237000000000001,0.022000000000000002,0.0516,456774636701154.562500
0.032380000000000075,0.0212,0.0524,456774636701154.562500
0.03239000000000003,0.0212,0.0476,456774636701154.562500
0.032400000000000095,0.0204,0.0572,456774636701154.562500
0.03241000000000005,0.0236,0.0548,456774636701154.562500
0.032420000000000004,0.022000000000000002,0.0548,456774636701154.562500
0.03243000000000007,0.0228,0.056400000000000006,456774636701154.562500
0.032440000000000024,0.0244,0.056400000000000006,456774636701154.562500
0.03245000000000009,0.022000000000000002,0.048400000000000006,456774636701154.562500
0.032460000000000044,0.0236,0.054,456774636701154.562500
0.03247,0.0252,0.0548,456774636701154.562500
0.032480000000000064,0.0252,0.058,456774636701154.562500
0.03249000000000002,0.0236,0.055600000000000004,456774636701154.562500
0.032500000000000084,0.0236,0.056400000000000006,456774636701154.562500
0.03251000000000004,0.0236,0.0572,456774636701154.562500
0.03251999999999999,0.022000000000000002,0.054,456774636701154.562500
0.03253000000000006,0.0196,0.054,456774636701154.562500
0.03254000000000001,0.018000000000000002,0.053200000000000004,456774636701154.562500
0.03255000000000008,0.0244,0.056400000000000006,456774636701154.562500
0.03256000000000003,0.0236,0.056400000000000006,456774636701154.562500
0.0325700000000001,0.0212,0.055600000000000004,456774636701154.562500
0.03258000000000005,0.0204,0.0572,456774636701154.562500
0.03259000000000001,0.0236,0.0572,456774636701154.562500
0.03260000000000007,0.0188,0.0548,456774636701154.562500
0.03261000000000003,0.0164,0.056400000000000006,456774636701154.562500
0.03262000000000009,0.022000000000000002,0.054,456774636701154.562500
0.03263000000000005,0.0212,0.058,456774636701154.562500
0.03264,0.0228,0.05,456774636701154.562500
0.03265000000000007,0.022000000000000002,0.058,456774636701154.562500
0.03266000000000002,0.0204,0.048400000000000006,456774636701154.562500
0.03267000000000009,0.0228,0.054,456774636701154.562500
0.03268000000000004,0.0228,0.056400000000000006,456774636701154.562500
0.03269,0.0236,0.0548,456774636701154.562500
0.03270000000000006,0.0236,0.0524,456774636701154.562500
0.03271000000000002,0.0228,0.0548,456774636701154.562500
0.03272000000000008,0.0212,0.05,456774636701154.562500
0.03273000000000004,0.0228,0.058800000000000005,456774636701154.562500
0.03273999999999999,0.018000000000000002,0.0572,456774636701154.562500
0.03275000000000006,0.0188,0.0476,456774636701154.562500
0.03276000000000001,0.0212,0.056400000000000006,456774636701154.562500
0.03277000000000008,0.0244,0.05,456774636701154.562500
0.03278000000000003,0.0236,0.056400000000000006,456774636701154.562500
0.0327900000000001,0.022000000000000002,0.0548,456774636701154.562500
0.03280000000000005,0.0228,0.0572,456774636701154.562500
0.032810000000000006,0.018000000000000002,0.058800000000000005,456774636701154.562500
0.03282000000000007,0.0204,0.0572,456774636701154.562500
0.032830000000000026,0.0164,0.055600000000000004,456774636701154.562500
0.03284000000000009,0.022000000000000002,0.0524,456774636701154.562500
0.032850000000000046,0.022000000000000002,0.054,456774636701154.562500
0.03286,0.0204,0.048400000000000006,456774636701154.562500
0.032870000000000066,0.0188,0.058,456774636701154.562500
0.03288000000000002,0.0212,0.056400000000000006,456774636701154.562500
0.032890000000000086,0.022000000000000002,0.055600000000000004,456774636701154.562500
0.03290000000000004,0.0212,0.058,456774636701154.562500
0.032909999999999995,0.0228,0.0548,456774636701154.562500
0.03292000000000006,0.022000000000000002,0.054,456774636701154.562500
0.032930000000000015,0.0228,0.058,456774636701154.562500
0.03294000000000008,0.0196,0.050800000000000005,456774636701154.562500
0.032950000000000035,0.022000000000000002,0.0516,456774636701154.562500
0.03295999999999999,0.0212,0.055600000000000004,456774636701154.562500
0.032970000000000055,0.0212,0.05,456774636701154.562500
0.03298000000000001,0.0212,0.0516,456774636701154.562500
0.032990000000000075,0.022000000000000002,0.042,456774636701154.562500
0.03300000000000003,0.0236,0.0524,456774636701154.562500
0.033010000000000095,0.0212,0.0468,456774636701154.562500
0.03302000000000005,0.022000000000000002,0.054,456774636701154.562500
0.033030000000000004,0.0212,0.0492,456774636701154.562500
0.03304000000000007,0.0228,0.0516,456774636701154.562500
0.033050000000000024,0.0236,0.0524,456774636701154.562500
0.03306000000000009,0.0252,0.058,456774636701154.562500
0.033070000000000044,0.022000000000000002,0.055600000000000004,456774636701154.562500
0.03308,0.0244,0.0516,456774636701154.562500
0.033090000000000064,0.0204,0.0572,456774636701154.562500
0.03310000000000002,0.0236,0.0524,456774636701154.562500
0.033110000000000084,0.0236,0.0572,456774636701154.562500
0.03312000000000004,0.0236,0.054,456774636701154.562500
0.03312999999999999,0.0244,0.056400000000000006,456774636701154.562500
0.03314000000000006,0.0236,0.0572,456774636701154.562500
0.03315000000000001,0.022000000000000002,0.058,456774636701154.562500
0.03316000000000008,0.0212,0.056400000000000006,456774636701154.562500
0.03317000000000003,0.0228,0.0548,456774636701154.562500
0.0331800000000001,0.0228,0.0548,456774636701154.562500
0.03319000000000005,0.0204,0.056400000000000006,456774636701154.562500
0.03320000000000001,0.0228,0.0516,456774636701154.562500
0.03321000000000007,0.022000000000000002,0.055600000000000004,456774636701154.562500
0.03322000000000003,0.0212,0.054,456774636701154.562500
0.03323000000000009,0.0212,0.0492,456774636701154.562500
0.03324000000000005,0.0196,0.0516,456774636701154.562500
0.03325,0.0204,0.0524,456774636701154.562500
0.03326000000000007,0.0212,0.058,456774636701154.562500
0.03327000000000002,0.022000000000000002,0.056400000000000006,456774636701154.562500
0.03328000000000009,0.022000000000000002,0.0572,456774636701154.562500
0.03329000000000004,0.0236,0.0548,456774636701154.562500
0.033299999999999996,0.0236,0.053200000000000004,456774636701154.562500
0.03331000000000006,0.0228,0.0516,456774636701154.562500
0.033320000000000016,0.0228,0.058,456774636701154.562500
0.03333000000000008,0.0228,0.054,456774636701154.562500
0.033340000000000036,0.0244,0.0572,456774636701154.562500
0.03334999999999999,0.0244,0.0572,456774636701154.562500
0.033360000000000056,0.0244,0.054,456774636701154.562500
0.03337000000000001,0.0228,0.0596,456774636701154.562500
0.033380000000000076,0.0244,0.058800000000000005,456774636701154.562500
0.03339000000000003,0.0244,0.048400000000000006,456774636701154.562500
0.033400000000000096,0.0236,0.042800000000000005,456774636701154.562500
0.03341000000000005,0.0244,0.053200000000000004,456774636701154.562500
0.033420000000000005,0.0236,0.05,456774636701154.562500
0.03343000000000007,0.0228,0.054,456774636701154.562500
0.033440000000000025,0.0244,0.048400000000000006,456774636701154.562500
0.03345000000000009,0.0228,0.045200000000000004,456774636701154.562500
0.033460000000000045,0.0228,0.0364,456774636701154.562500
0.03347,0.0236,0.054,456774636701154.562500
0.033480000000000065,0.022000000000000002,0.0548,456774636701154.562500
0.03349000000000002,0.022000000000000002,0.055600000000000004,456774636701154.562500
0.033500000000000085,0.0196,0.056400000000000006,456774636701154.562500
0.03351000000000004,0.0204,0.0572,456774636701154.562500
0.033519999999999994,0.0204,0.058,456774636701154.562500
0.03353000000000006,0.022000000000000002,0.0548,456774636701154.562500
0.033540000000000014,0.0236,0.0572,456774636701154.562500
0.03355000000000008,0.022000000000000002,0.0548,456774636701154.562500
0.033560000000000034,0.022000000000000002,0.0572,456774636701154.562500
0.03356999999999999,0.0212,0.055600000000000004,456774636701154.562500
0.033580000000000054,0.0228,0.0548,456774636701154.562500
0.03359000000000001,0.0212,0.05,456774636701154.562500
0.033600000000000074,0.022000000000000002,0.054,456774636701154.562500
0.03361000000000003,0.0228,0.048400000000000006,456774636701154.562500
0.033620000000000094,0.0228,0.0548,456774636701154.562500
0.03363000000000005,0.0244,0.0548,456774636701154.562500
0.03364,0.0236,0.054,456774636701154.562500
0.03365000000000007,0.0228,0.058,456774636701154.562500
0.03366000000000002,0.0236,0.058,456774636701154.562500
0.03367000000000009,0.0252,0.0524,456774636701154.562500
0.03368000000000004,0.0244,0.0572,456774636701154.562500
0.03369,0.0252,0.0596,456774636701154.562500
0.03370000000000006,0.0228,0.056400000000000006,456774636701154.562500
0.03371000000000002,0.0236,0.0572,456774636701154.562500
0.03372000000000008,0.0244,0.055600000000000004,456774636701154.562500
0.03373000000000004,0.0228,0.055600000000000004,456774636701154.562500
0.03373999999999999,0.022000000000000002,0.0476,456774636701154.562500
0.03375000000000006,0.0228,0.054,456774636701154.562500
0.03376000000000001,0.0236,0.0516,456774636701154.562500
0.03377000000000008,0.0228,0.055600000000000004,456774636701154.562500
0.03378000000000003,0.0236,0.0524,456774636701154.562500
0.0337900000000001,0.0228,0.0572,456774636701154.562500
0.03380000000000005,0.0228,0.0492,456774636701154.562500
0.03381000000000001,0.0204,0.054,456774636701154.562500
0.03382000000000007,0.0236,0.0572,456774636701154.562500
0.03383000000000003,0.022000000000000002,0.056400000000000006,456774636701154.562500
0.03384000000000009,0.0196,0.0524,456774636701154.562500
0.03385000000000005,0.0212,0.053200000000000004,456774636701154.562500
0.03386,0.014,0.042800000000000005,456774636701154.562500
0.03387000000000007,0.0204,0.05,456774636701154.562500
0.03388000000000002,0.0196,0.05,456774636701154.562500
0.03389000000000009,0.0228,0.056400000000000006,456774636701154.562500
0.03390000000000004,0.0228,0.0572,456774636701154.562500
0.033909999999999996,0.0204,0.046,456774636701154.562500
0.03392000000000006,0.022000000000000002,0.050800000000000005,456774636701154.562500
0.033930000000000016,0.0204,0.0476,456774636701154.562500
0.03394000000000008,0.0228,0.053200000000000004,456774636701154.562500
0.033950000000000036,0.0244,0.0476,456774636701154.562500
0.03395999999999999,0.0228,0.0444,456774636701154.562500
0.033970000000000056,0.0228,0.0476,456774636701154.562500
0.03398000000000001,0.022000000000000002,0.050800000000000005,456774636701154.562500
0.033990000000000076,0.0252,0.050800000000000005,456774636701154.562500
0.03400000000000003,0.0252,0.0492,456774636701154.562500
0.034010000000000096,0.0212,0.0516,456774636701154.562500
0.03402000000000005,0.0236,0.053200000000000004,456774636701154.562500
0.034030000000000005,0.0228,0.056400000000000006,456774636701154.562500
0.03404000000000007,0.0236,0.056400000000000006,456774636701154.562500
0.034050000000000025,0.0244,0.050800000000000005,456774636701154.562500
0.03406000000000009,0.0236,0.054,456774636701154.562500
0.034070000000000045,0.0228,0.056400000000000006,456774636701154.562500
0.03408,0.0228,0.0572,456774636701154.562500
0.034090000000000065,0.0228,0.058,456774636701154.562500
0.03410000000000002,0.0204,0.056400000000000006,456774636701154.562500
0.034110000000000085,0.022000000000000002,0.0572,456774636701154.562500
0.03412000000000004,0.0228,0.056400000000000006,456774636701154.562500
0.034129999999999994,0.0228,0.056400000000000006,456774636701154.562500
0.03414000000000006,0.022000000000000002,0.058800000000000005,456774636701154.562500
0.034150000000000014,0.0196,0.0572,456774636701154.562500
0.03416000000000008,0.0196,0.0572,456774636701154.562500
0.034170000000000034,0.0212,0.058,456774636701154.562500
0.0341800000000001,0.0204,0.058,456774636701154.562500
0.034190000000000054,0.0204,0.0548,456774636701154.562500
0.03420000000000001,0.022000000000000002,0.0572,456774636701154.562500
0.034210000000000074,0.018000000000000002,0.0572,456774636701154.562500
0.03422000000000003,0.0188,0.058,456774636701154.562500
0.034230000000000094,0.022000000000000002,0.055600000000000004,456774636701154.562500
0.03424000000000005,0.0236,0.056400000000000006,456774636701154.562500
0.03425,0.022000000000000002,0.055600000000000004,456774636701154.562500
0.03426000000000007,0.0236,0.055600000000000004,456774636701154.562500
0.03427000000000002,0.0236,0.048400000000000006,456774636701154.562500
0.03428000000000009,0.022000000000000002,0.0524,456774636701154.562500
0.03429000000000004,0.0212,0.0492,456774636701154.562500
0.0343,0.0212,0.054,456774636701154.562500
0.03431000000000006,0.0252,0.0516,456774636701154.562500
0.03432000000000002,0.0236,0.056400000000000006,456774636701154.562500
0.03433000000000008,0.0236,0.055600000000000004,456774636701154.562500
0.03434000000000004,0.022000000000000002,0.056400000000000006,456774636701154.562500
0.03434999999999999,0.0236,0.0572,456774636701154.562500
0.03436000000000006,0.0236,0.0516,456774636701154.562500
0.03437000000000001,0.022000000000000002,0.056400000000000006,456774636701154.562500
0.03438000000000008,0.0204,0.0572,456774636701154.562500
0.03439000000000003,0.0188,0.058,456774636701154.562500
0.0344000000000001,0.0196,0.056400000000000006,456774636701154.562500
0.03441000000000005,0.022000000000000002,0.0572,456774636701154.562500
0.034420000000000006,0.0236,0.0572,456774636701154.562500
0.03443000000000007,0.0196,0.055600000000000004,456774636701154.562500
0.034440000000000026,0.0228,0.055600000000000004,456774636701154.562500
0.03445000000000009,0.0204,0.056400000000000006,456774636701154.562500
0.034460000000000046,0.022000000000000002,0.056400000000000006,456774636701154.562500
0.03447,0.0188,0.056400000000000006,456774636701154.562500
0.034480000000000066,0.0188,0.053200000000000004,456774636701154.562500
0.03449000000000002,0.0196,0.056400000000000006,456774636701154.562500
0.034500000000000086,0.0228,0.055600000000000004,456774636701154.562500
0.03451000000000004,0.022000000000000002,0.053200000000000004,456774636701154.562500
0.034519999999999995,0.0196,0.0468,456774636701154.562500
0.03453000000000006,0.0196,0.0492,456774636701154.562500
0.034540000000000015,0.0212,0.0516,456774636701154.562500
0.03455000000000008,0.0196,0.0572,456774636701154.562500
0.034560000000000035,0.0204,0.054,456774636701154.562500
0.03456999999999999,0.0204,0.0524,456774636701154.562500
0.034580000000000055,0.0236,0.0548,456774636701154.562500
0.03459000000000001,0.0196,0.055600000000000004,456774636701154.562500
0.034600000000000075,0.0236,0.056400000000000006,456774636701154.562500
0.03461000000000003,0.0236,0.0524,456774636701154.562500
0.034620000000000095,0.0236,0.054,456774636701154.562500
0.03463000000000005,0.022000000000000002,0.048400000000000006,456774636701154.562500
0.034640000000000004,0.0204,0.055600000000000004,456774636701154.562500
0.03465000000000007,0.0244,0.048400000000000006,456774636701154.562500
0.034660000000000024,0.0236,0.055600000000000004,456774636701154.562500
0.03467000000000009,0.0228,0.058,456774636701154.562500
0.034680000000000044,0.022000000000000002,0.0572,456774636701154.562500
0.03469,0.022000000000000002,0.0524,456774636701154.562500
0.034700000000000064,0.022000000000000002,0.058,456774636701154.562500
0.03471000000000002,0.022000000000000002,0.0476,456774636701154.562500
0.034720000000000084,0.022000000000000002,0.055600000000000004,456774636701154.562500
0.03473000000000004,0.022000000000000002,0.050800000000000005,456774636701154.562500
0.03473999999999999,0.022000000000000002,0.056400000000000006,456774636701154.562500
0.03475000000000006,0.022000000000000002,0.056400000000000006,456774636701154.562500
0.03476000000000001,0.0196,0.056400000000000006,456774636701154.562500
0.03477000000000008,0.022000000000000002,0.056400000000000006,456774636701154.562500
0.03478000000000003,0.022000000000000002,0.0524,456774636701154.562500
0.0347900000000001,0.0228,0.0572,456774636701154.562500
0.03480000000000005,0.022000000000000002,0.053200000000000004,456774636701154.562500
0.03481000000000001,0.0188,0.056400000000000006,456774636701154.562500
0.03482000000000007,0.022000000000000002,0.055600000000000004,456774636701154.562500
0.03483000000000003,0.0228,0.055600000000000004,456774636701154.562500
0.03484000000000009,0.022000000000000002,0.0572,456774636701154.562500
0.03485000000000005,0.0228,0.053200000000000004,456774636701154.562500
0.03486,0.0236,0.0572,456774636701154.562500
0.03487000000000007,0.0236,0.0516,456774636701154.562500
0.03488000000000002,0.0244,0.0548,456774636701154.562500
0.03489000000000009,0.0228,0.058,456774636701154.562500
0.03490000000000004,0.0228,0.056400000000000006,456774636701154.562500
0.03491,0.0188,0.0572,456774636701154.562500
0.03492000000000006,0.0236,0.058,456774636701154.562500
0.03493000000000002,0.0164,0.053200000000000004,456774636701154.562500
0.03494000000000008,0.0212,0.0548,456774636701154.562500
0.03495000000000004,0.0204,0.056400000000000006,456774636701154.562500
0.03495999999999999,0.0228,0.0572,456774636701154.562500
0.03497000000000006,0.0172,0.056400000000000006,456774636701154.562500
0.03498000000000001,0.022000000000000002,0.0596,456774636701154.562500
0.03499000000000008,0.0196,0.056400000000000006,456774636701154.562500
0.03500000000000003,0.0196,0.0516,456774636701154.562500
0.0350100000000001,0.018000000000000002,0.055600000000000004,456774636701154.562500
0.03502000000000005,0.0212,0.0444,456774636701154.562500
0.035030000000000006,0.0212,0.048400000000000006,456774636701154.562500
0.03504000000000007,0.0212,0.046,456774636701154.562500
0.035050000000000026,0.0196,0.054,456774636701154.562500
0.03506000000000009,0.014,0.054,456774636701154.562500
0.035070000000000046,0.0196,0.058,456774636701154.562500
0.03508,0.015600000000000001,0.0516,456774636701154.562500
0.035090000000000066,0.022000000000000002,0.054,456774636701154.562500
0.03510000000000002,0.0228,0.05,456774636701154.562500
0.035110000000000086,0.022000000000000002,0.056400000000000006,456774636701154.562500
0.03512000000000004,0.0236,0.055600000000000004,456774636701154.562500
0.035129999999999995,0.0228,0.056400000000000006,456774636701154.562500
0.03514000000000006,0.0164,0.055600000000000004,456774636701154.562500
0.035150000000000015,0.022000000000000002,0.0572,456774636701154.562500
0.03516000000000008,0.0212,0.0572,456774636701154.562500
0.035170000000000035,0.0188,0.0572,456774636701154.562500
0.03517999999999999,0.0204,0.0572,456774636701154.562500
0.035190000000000055,0.0172,0.0548,456774636701154.562500
0.03520000000000001,0.022000000000000002,0.0524,456774636701154.562500
0.035210000000000075,0.0244,0.0572,456774636701154.562500
0.03522000000000003,0.0236,0.0572,456774636701154.562500
0.035230000000000095,0.0212,0.055600000000000004,456774636701154.562500
0.03524000000000005,0.0244,0.0572,456774636701154.562500
0.035250000000000004,0.0236,0.058,456774636701154.562500
0.03526000000000007,0.0236,0.056400000000000006,456774636701154.562500
0.035270000000000024,0.0228,0.055600000000000004,456774636701154.562500
0.03528000000000009,0.0236,0.058800000000000005,456774636701154.562500
0.035290000000000044,0.022000000000000002,0.0572,456774636701154.562500
0.0353,0.0164,0.058800000000000005,456774636701154.562500
0.035310000000000064,0.0196,0.056400000000000006,456774636701154.562500
0.03532000000000002,0.022000000000000002,0.0572,456774636701154.562500
0.035330000000000084,0.022000000000000002,0.054,456774636701154.562500
0.03534000000000004,0.022000000000000002,0.058,456774636701154.562500
0.03534999999999999,0.0212,0.058,456774636701154.562500
0.03536000000000006,0.022000000000000002,0.056400000000000006,456774636701154.562500
0.03537000000000001,0.0196,0.056400000000000006,456774636701154.562500
0.03538000000000008,0.022000000000000002,0.0524,456774636701154.562500
0.03539000000000003,0.0212,0.0444,456774636701154.562500
0.0354000000000001,0.0204,0.0412,456774636701154.562500
0.03541000000000005,0.022000000000000002,0.0516,456774636701154.562500
0.03542000000000001,0.0196,0.0412,456774636701154.562500
0.03543000000000007,0.022000000000000002,0.050800000000000005,456774636701154.562500
0.03544000000000003,0.022000000000000002,0.0412,456774636701154.562500
0.03545000000000009,0.0228,0.0492,456774636701154.562500
0.03546000000000005,0.0212,0.046,456774636701154.562500
0.03547,0.0244,0.055600000000000004,456774636701154.562500
0.03548000000000007,0.0244,0.046,456774636701154.562500
0.03549000000000002,0.0244,0.055600000000000004,456774636701154.562500
0.03550000000000009,0.0252,0.0572,456774636701154.562500
0.03551000000000004,0.0236,0.0572,456774636701154.562500
0.035519999999999996,0.0228,0.050800000000000005,456774636701154.562500
0.03553000000000006,0.0228,0.0524,456774636701154.562500
0.035540000000000016,0.0236,0.054,456774636701154.562500
0.03555000000000008,0.0228,0.058,456774636701154.562500
0.035560000000000036,0.0236,0.056400000000000006,456774636701154.562500
0.03556999999999999,0.0236,0.056400000000000006,456774636701154.562500
0.035580000000000056,0.0228,0.0476,456774636701154.562500
0.03559000000000001,0.022000000000000002,0.0572,456774636701154.562500
0.035600000000000076,0.022000000000000002,0.050800000000000005,456774636701154.562500
0.03561000000000003,0.0236,0.0572,456774636701154.562500
0.035620000000000096,0.022000000000000002,0.056400000000000006,456774636701154.562500
0.03563000000000005,0.0228,0.058,456774636701154.562500
0.035640000000000005,0.0188,0.0548,456774636701154.562500
0.03565000000000007,0.0236,0.055600000000000004,456774636701154.562500
0.035660000000000025,0.022000000000000002,0.054,456774636701154.562500
0.03567000000000009,0.022000000000000002,0.0548,456774636701154.562500
0.035680000000000045,0.0228,0.056400000000000006,456774636701154.562500
0.03569,0.018000000000000002,0.056400000000000006,456774636701154.562500
0.035700000000000065,0.022000000000000002,0.055600000000000004,456774636701154.562500
0.03571000000000002,0.022000000000000002,0.056400000000000006,456774636701154.562500
0.035720000000000085,0.022000000000000002,0.058,456774636701154.562500
0.03573000000000004,0.022000000000000002,0.058,456774636701154.562500
0.035739999999999994,0.0236,0.0572,456774636701154.562500
0.03575000000000006,0.022000000000000002,0.058800000000000005,456774636701154.562500
0.035760000000000014,0.0244,0.056400000000000006,456774636701154.562500
0.03577000000000008,0.022000000000000002,0.056400000000000006,456774636701154.562500
0.035780000000000034,0.022000000000000002,0.0572,456774636701154.562500
0.03578999999999999,0.0244,0.056400000000000006,456774636701154.562500
0.035800000000000054,0.0244,0.050800000000000005,456774636701154.562500
0.03581000000000001,0.0236,0.0572,456774636701154.562500
0.035820000000000074,0.0228,0.053200000000000004,456774636701154.562500
0.03583000000000003,0.0244,0.0572,456774636701154.562500
0.035840000000000094,0.0236,0.0572,456774636701154.562500
0.03585000000000005,0.0228,0.0572,456774636701154.562500
0.03586,0.0228,0.0548,456774636701154.562500
0.03587000000000007,0.022000000000000002,0.056400000000000006,456774636701154.562500
0.03588000000000002,0.0252,0.0572,456774636701154.562500
0.03589000000000009,0.022000000000000002,0.058,456774636701154.562500
0.03590000000000004,0.0204,0.0572,456774636701154.562500
0.03591,0.018000000000000002,0.056400000000000006,456774636701154.562500
0.03592000000000006,0.022000000000000002,0.058,456774636701154.562500
0.03593000000000002,0.0228,0.0516,456774636701154.562500
0.03594000000000008,0.0204,0.0572,456774636701154.562500
0.03595000000000004,0.0212,0.0548,456774636701154.562500
0.03595999999999999,0.022000000000000002,0.056400000000000006,456774636701154.562500
0.03597000000000006,0.022000000000000002,0.0548,456774636701154.562500
0.03598000000000001,0.0188,0.055600000000000004,456774636701154.562500
0.03599000000000008,0.0236,0.058,456774636701154.562500
0.03600000000000003,0.022000000000000002,0.054,456774636701154.562500
0.0360100000000001,0.022000000000000002,0.0572,456774636701154.562500
0.03602000000000005,0.0212,0.054,456774636701154.562500
0.036030000000000006,0.0212,0.0572,456774636701154.562500
0.03604000000000007,0.022000000000000002,0.055600000000000004,456774636701154.562500
0.036050000000000026,0.0236,0.055600000000000004,456774636701154.562500
0.03606000000000009,0.0228,0.0548,456774636701154.562500
0.036070000000000046,0.0228,0.0548,456774636701154.562500
0.03608,0.0236,0.0572,456774636701154.562500
0.036090000000000066,0.0236,0.0548,456774636701154.562500
0.03610000000000002,0.0236,0.056400000000000006,456774636701154.562500
0.036110000000000086,0.0236,0.055600000000000004,456774636701154.562500
0.03612000000000004,0.0244,0.0524,456774636701154.562500
0.036129999999999995,0.0236,0.054,456774636701154.562500
0.03614000000000006,0.0228,0.056400000000000006,456774636701154.562500
0.036150000000000015,0.0244,0.055600000000000004,456774636701154.562500
0.03616000000000008,0.0228,0.058,456774636701154.562500
0.036170000000000035,0.0236,0.0548,456774636701154.562500
0.03617999999999999,0.0228,0.0572,456774636701154.562500
0.036190000000000055,0.0236,0.0572,456774636701154.562500
0.03620000000000001,0.022000000000000002,0.056400000000000006,456774636701154.562500
0.036210000000000075,0.022000000000000002,0.0548,456774636701154.562500
0.03622000000000003,0.022000000000000002,0.046,456774636701154.562500
0.036230000000000095,0.0228,0.042800000000000005,456774636701154.562500
0.03624000000000005,0.0236,0.038,456774636701154.562500
0.036250000000000004,0.0204,0.0388,456774636701154.562500
0.03626000000000007,0.0204,0.0412,456774636701154.562500
0.036270000000000024,0.0204,0.0548,456774636701154.562500
0.03628000000000009,0.022000000000000002,0.058,456774636701154.562500
0.036290000000000044,0.0228,0.0524,456774636701154.562500
0.0363,0.022000000000000002,0.055600000000000004,456774636701154.562500
0.036310000000000064,0.022000000000000002,0.056400000000000006,456774636701154.562500
0.03632000000000002,0.0236,0.054,456774636701154.562500
0.036330000000000084,0.022000000000000002,0.056400000000000006,456774636701154.562500
0.03634000000000004,0.0228,0.055600000000000004,456774636701154.562500
0.03634999999999999,0.0228,0.056400000000000006,456774636701154.562500
0.03636000000000006,0.0236,0.0524,456774636701154.562500
0.03637000000000001,0.0236,0.058,456774636701154.562500
0.03638000000000008,0.022000000000000002,0.058,456774636701154.562500
0.03639000000000003,0.0212,0.055600000000000004,456774636701154.562500
0.0364000000000001,0.0244,0.055600000000000004,456774636701154.562500
0.03641000000000005,0.0228,0.055600000000000004,456774636701154.562500
0.03642000000000001,0.0244,0.0572,456774636701154.562500
0.03643000000000007,0.0236,0.056400000000000006,456774636701154.562500
0.03644000000000003,0.0244,0.045200000000000004,456774636701154.562500
0.03645000000000009,0.022000000000000002,0.048400000000000006,456774636701154.562500
0.03646000000000005,0.0228,0.0444,456774636701154.562500
0.03647,0.0204,0.054,456774636701154.562500
0.03648000000000007,0.0236,0.042800000000000005,456774636701154.562500
0.03649000000000002,0.022000000000000002,0.054,456774636701154.562500
0.03650000000000009,0.022000000000000002,0.0572,456774636701154.562500
0.03651000000000004,0.0252,0.056400000000000006,456774636701154.562500
0.03652,0.022000000000000002,0.0548,456774636701154.562500
0.03653000000000006,0.022000000000000002,0.0572,456774636701154.562500
0.03654000000000002,0.022000000000000002,0.0412,456774636701154.562500
0.03655000000000008,0.022000000000000002,0.0548,456774636701154.562500
0.03656000000000004,0.022000000000000002,0.0524,456774636701154.562500
0.03656999999999999,0.0228,0.0548,456774636701154.562500
0.03658000000000006,0.0196,0.055600000000000004,456774636701154.562500
0.03659000000000001,0.022000000000000002,0.056400000000000006,456774636701154.562500
0.03660000000000008,0.0236,0.0572,456774636701154.562500
0.03661000000000003,0.0204,0.054,456774636701154.562500
0.0366200000000001,0.0212,0.056400000000000006,456774636701154.562500
0.03663000000000005,0.022000000000000002,0.05,456774636701154.562500
0.036640000000000006,0.022000000000000002,0.0516,456774636701154.562500
0.03665000000000007,0.0228,0.056400000000000006,456774636701154.562500
0.036660000000000026,0.0204,0.056400000000000006,456774636701154.562500
0.03667000000000009,0.022000000000000002,0.056400000000000006,456774636701154.562500
0.036680000000000046,0.0236,0.056400000000000006,456774636701154.562500
0.03669,0.0236,0.046,456774636701154.562500
0.036700000000000066,0.0236,0.054,456774636701154.562500
0.03671000000000002,0.0236,0.0492,456774636701154.562500
0.036720000000000086,0.0236,0.050800000000000005,456774636701154.562500
0.03673000000000004,0.0236,0.0412,456774636701154.562500
0.036739999999999995,0.0236,0.050800000000000005,456774636701154.562500
0.03675000000000006,0.022000000000000002,0.0412,456774636701154.562500
0.036760000000000015,0.022000000000000002,0.056400000000000006,456774636701154.562500
0.03677000000000008,0.0228,0.0524,456774636701154.562500
0.036780000000000035,0.0196,0.0572,456774636701154.562500
0.03678999999999999,0.0212,0.058,456774636701154.562500
0.036800000000000055,0.022000000000000002,0.056400000000000006,456774636701154.562500
0.03681000000000001,0.0212,0.0572,456774636701154.562500
0.036820000000000075,0.0212,0.0476,456774636701154.562500
0.03683000000000003,0.0228,0.0572,456774636701154.562500
0.036840000000000095,0.0236,0.0524,456774636701154.562500
0.03685000000000005,0.022000000000000002,0.055600000000000004,456774636701154.562500
0.036860000000000004,0.0228,0.050800000000000005,456774636701154.562500
0.03687000000000007,0.0212,0.053200000000000004,456774636701154.562500
0.036880000000000024,0.022000000000000002,0.0492,456774636701154.562500
0.03689000000000009,0.0212,0.055600000000000004,456774636701154.562500
0.036900000000000044,0.0196,0.0572,456774636701154.562500
0.03691,0.0188,0.055600000000000004,456774636701154.562500
0.036920000000000064,0.0204,0.055600000000000004,456774636701154.562500
0.03693000000000002,0.0204,0.055600000000000004,456774636701154.562500
0.036940000000000084,0.0212,0.056400000000000006,456774636701154.562500
0.03695000000000004,0.0228,0.056400000000000006,456774636701154.562500
0.03695999999999999,0.0204,0.0572,456774636701154.562500
0.03697000000000006,0.0228,0.058800000000000005,456774636701154.562500
0.03698000000000001,0.0188,0.0548,456774636701154.562500
0.03699000000000008,0.015600000000000001,0.0572,456774636701154.562500
0.03700000000000003,0.0228,0.056400000000000006,456774636701154.562500
0.0370100000000001,0.0244,0.0572,456774636701154.562500
0.03702000000000005,0.0236,0.0572,456774636701154.562500
0.03703000000000001,0.0228,0.0468,456774636701154.562500
0.03704000000000007,0.0204,0.055600000000000004,456774636701154.562500
0.03705000000000003,0.0228,0.0468,456774636701154.562500
0.03706000000000009,0.018000000000000002,0.056400000000000006,456774636701154.562500
0.03707000000000005,0.0204,0.0436,456774636701154.562500
0.03708,0.0236,0.0492,456774636701154.562500
0.03709000000000007,0.022000000000000002,0.0468,456774636701154.562500
0.03710000000000002,0.0236,0.050800000000000005,456774636701154.562500
0.03711000000000009,0.0236,0.0444,456774636701154.562500
0.03712000000000004,0.0236,0.054,456774636701154.562500
0.037129999999999996,0.0228,0.0548,456774636701154.562500
0.03714000000000006,0.022000000000000002,0.055600000000000004,456774636701154.562500
0.037150000000000016,0.0228,0.0516,456774636701154.562500
0.03716000000000008,0.022000000000000002,0.046,456774636701154.562500
0.037170000000000036,0.0212,0.046,456774636701154.562500
0.03717999999999999,0.0212,0.048400000000000006,456774636701154.562500
0.037190000000000056,0.018000000000000002,0.0444,456774636701154.562500
0.03720000000000001,0.022000000000000002,0.0476,456774636701154.562500
0.037210000000000076,0.022000000000000002,0.0492,456774636701154.562500
0.03722000000000003,0.022000000000000002,0.053200000000000004,456774636701154.562500
0.037230000000000096,0.0204,0.0548,456774636701154.562500
0.03724000000000005,0.0212,0.0572,456774636701154.562500
0.037250000000000005,0.0196,0.0516,456774636701154.562500
0.03726000000000007,0.0228,0.0572,456774636701154.562500
0.037270000000000025,0.0236,0.0572,456774636701154.562500
0.03728000000000009,0.0236,0.0548,456774636701154.562500
0.037290000000000045,0.0244,0.056400000000000006,456774636701154.562500
0.0373,0.0244,0.055600000000000004,456774636701154.562500
0.037310000000000065,0.0236,0.056400000000000006,456774636701154.562500
0.03732000000000002,0.022000000000000002,0.056400000000000006,456774636701154.562500
0.037330000000000085,0.0252,0.054,456774636701154.562500
0.03734000000000004,0.0212,0.056400000000000006,456774636701154.562500
0.037349999999999994,0.0244,0.055600000000000004,456774636701154.562500
0.03736000000000006,0.0228,0.055600000000000004,456774636701154.562500
0.037370000000000014,0.0212,0.0548,456774636701154.562500
0.03738000000000008,0.0252,0.0572,456774636701154.562500
0.037390000000000034,0.022000000000000002,0.0548,456774636701154.562500
0.03739999999999999,0.0212,0.0492,456774636701154.562500
0.037410000000000054,0.0252,0.055600000000000004,456774636701154.562500
0.03742000000000001,0.0228,0.056400000000000006,456774636701154.562500
0.037430000000000074,0.0172,0.055600000000000004,456774636701154.562500
0.03744000000000003,0.0212,0.0516,456774636701154.562500
0.037450000000000094,0.0196,0.050800000000000005,456774636701154.562500
0.03746000000000005,0.0212,0.0492,456774636701154.562500
0.03747,0.0188,0.0548,456774636701154.562500
0.03748000000000007,0.0228,0.045200000000000004,456774636701154.562500
0.03749000000000002,0.0228,0.0548,456774636701154.562500
0.03750000000000009,0.022000000000000002,0.054,456774636701154.562500
0.03751000000000004,0.0228,0.056400000000000006,456774636701154.562500
0.03752,0.022000000000000002,0.055600000000000004,456774636701154.562500
0.03753000000000006,0.0228,0.055600000000000004,456774636701154.562500
0.03754000000000002,0.0228,0.054,456774636701154.562500
0.03755000000000008,0.0212,0.0572,456774636701154.562500
0.03756000000000004,0.022000000000000002,0.056400000000000006,456774636701154.562500
0.03756999999999999,0.0236,0.056400000000000006,456774636701154.562500
0.03758000000000006,0.0236,0.054,456774636701154.562500
0.03759000000000001,0.0212,0.055600000000000004,456774636701154.562500
0.03760000000000008,0.022000000000000002,0.0492,456774636701154.562500
0.03761000000000003,0.022000000000000002,0.053200000000000004,456774636701154.562500
0.0376200000000001,0.0244,0.053200000000000004,456774636701154.562500
0.03763000000000005,0.022000000000000002,0.055600000000000004,456774636701154.562500
0.03764000000000001,0.0236,0.048400000000000006,456774636701154.562500
0.03765000000000007,0.022000000000000002,0.055600000000000004,456774636701154.562500
0.03766000000000003,0.0228,0.058,456774636701154.562500
0.03767000000000009,0.026000000000000002,0.0572,456774636701154.562500
0.03768000000000005,0.0236,0.055600000000000004,456774636701154.562500
0.03769,0.0228,0.0524,456774636701154.562500
0.03770000000000007,0.0236,0.056400000000000006,456774636701154.562500
0.03771000000000002,0.0244,0.055600000000000004,456774636701154.562500
0.03772000000000009,0.0228,0.058,456774636701154.562500
0.03773000000000004,0.022000000000000002,0.0524,456774636701154.562500
0.037739999999999996,0.0172,0.056400000000000006,456774636701154.562500
0.03775000000000006,0.0236,0.053200000000000004,456774636701154.562500
0.037760000000000016,0.0212,0.056400000000000006,456774636701154.562500
0.03777000000000008,0.0228,0.056400000000000006,456774636701154.562500
0.037780000000000036,0.022000000000000002,0.053200000000000004,456774636701154.562500
0.03778999999999999,0.0204,0.0492,456774636701154.562500
0.037800000000000056,0.0212,0.054,456774636701154.562500
0.03781000000000001,0.0164,0.0516,456774636701154.562500
0.037820000000000076,0.0204,0.058,456774636701154.562500
0.03783000000000003,0.0196,0.056400000000000006,456774636701154.562500
0.037840000000000096,0.0212,0.055600000000000004,456774636701154.562500
0.03785000000000005,0.0204,0.058,456774636701154.562500
0.037860000000000005,0.022000000000000002,0.056400000000000006,456774636701154.562500
0.03787000000000007,0.0212,0.056400000000000006,456774636701154.562500
0.037880000000000025,0.0228,0.056400000000000006,456774636701154.562500
0.03789000000000009,0.0228,0.058,456774636701154.562500
0.037900000000000045,0.0236,0.055600000000000004,456774636701154.562500
0.03791,0.0228,0.056400000000000006,456774636701154.562500
0.037920000000000065,0.022000000000000002,0.055600000000000004,456774636701154.562500
0.03793000000000002,0.022000000000000002,0.0548,456774636701154.562500
0.037940000000000085,0.0252,0.053200000000000004,456774636701154.562500
0.03795000000000004,0.0236,0.055600000000000004,456774636701154.562500
0.037959999999999994,0.0236,0.054,456774636701154.562500
0.03797000000000006,0.0244,0.0524,456774636701154.562500
0.037980000000000014,0.0188,0.058,456774636701154.562500
0.03799000000000008,0.0236,0.056400000000000006,456774636701154.562500
0.038000000000000034,0.022000000000000002,0.058,456774636701154.562500
0.0380100000000001,0.0236,0.058,456774636701154.562500
0.038020000000000054,0.022000000000000002,0.056400000000000006,456774636701154.562500
0.03803000000000001,0.0236,0.0572,456774636701154.562500
0.038040000000000074,0.0212,0.054,456774636701154.562500
0.03805000000000003,0.0236,0.055600000000000004,456774636701154.562500
0.038060000000000094,0.0228,0.056400000000000006,456774636701154.562500
0.03807000000000005,0.0212,0.056400000000000006,456774636701154.562500
0.03808,0.022000000000000002,0.054,456774636701154.562500
0.03809000000000007,0.0196,0.054,456774636701154.562500
0.03810000000000002,0.0212,0.055600000000000004,456774636701154.562500
0.03811000000000009,0.0204,0.053200000000000004,456774636701154.562500
0.03812000000000004,0.0236,0.055600000000000004,456774636701154.562500
0.03813,0.0164,0.054,456774636701154.562500
0.03814000000000006,0.0204,0.0572,456774636701154.562500
0.03815000000000002,0.0188,0.0572,456774636701154.562500
0.03816000000000008,0.0204,0.056400000000000006,456774636701154.562500
0.03817000000000004,0.0204,0.0524,456774636701154.562500
0.03817999999999999,0.0212,0.054,456774636701154.562500
0.03819000000000006,0.0196,0.050800000000000005,456774636701154.562500
0.03820000000000001,0.0228,0.050800000000000005,456774636701154.562500
0.03821000000000008,0.0236,0.046,456774636701154.562500
0.03822000000000003,0.0204,0.054,456774636701154.562500
0.0382300000000001,0.0236,0.053200000000000004,456774636701154.562500
0.03824000000000005,0.0196,0.056400000000000006,456774636701154.562500
0.038250000000000006,0.0228,0.0468,456774636701154.562500
0.03826000000000007,0.0196,0.056400000000000006,456774636701154.562500
0.038270000000000026,0.0244,0.0572,456774636701154.562500
0.03828000000000009,0.0252,0.056400000000000006,456774636701154.562500
0.038290000000000046,0.0228,0.058,456774636701154.562500
0.0383,0.0204,0.0572,456774636701154.562500
0.038310000000000066,0.0228,0.0572,456774636701154.562500
0.03832000000000002,0.022000000000000002,0.056400000000000006,456774636701154.562500
0.038330000000000086,0.0236,0.0572,456774636701154.562500
0.03834000000000004,0.022000000000000002,0.0548,456774636701154.562500
0.038349999999999995,0.022000000000000002,0.0572,456774636701154.562500
0.03836000000000006,0.0212,0.058,456774636701154.562500
0.038370000000000015,0.022000000000000002,0.055600000000000004,456774636701154.562500
0.03838000000000008,0.0212,0.0492,456774636701154.562500
0.038390000000000035,0.0196,0.054,456774636701154.562500
0.03839999999999999,0.0204,0.0572,456774636701154.562500
0.038410000000000055,0.018000000000000002,0.055600000000000004,456774636701154.562500
0.03842000000000001,0.0236,0.056400000000000006,456774636701154.562500
0.038430000000000075,0.0212,0.056400000000000006,456774636701154.562500
0.03844000000000003,0.022000000000000002,0.055600000000000004,456774636701154.562500
0.038450000000000095,0.0212,0.056400000000000006,456774636701154.562500
0.03846000000000005,0.022000000000000002,0.0572,456774636701154.562500
0.038470000000000004,0.0236,0.056400000000000006,456774636701154.562500
0.03848000000000007,0.022000000000000002,0.056400000000000006,456774636701154.562500
0.038490000000000024,0.0228,0.050800000000000005,456774636701154.562500
0.03850000000000009,0.0252,0.050800000000000005,456774636701154.562500
0.038510000000000044,0.0228,0.0412,456774636701154.562500
0.03852,0.0252,0.0444,456774636701154.562500
0.038530000000000064,0.0244,0.0332,456774636701154.562500
0.03854000000000002,0.0228,0.0468,456774636701154.562500
0.038550000000000084,0.0244,0.034800000000000005,456774636701154.562500
0.03856000000000004,0.0236,0.0492,456774636701154.562500
0.03856999999999999,0.0228,0.05,456774636701154.562500
0.03858000000000006,0.0252,0.058800000000000005,456774636701154.562500
0.03859000000000001,0.0236,0.054,456774636701154.562500
0.03860000000000008,0.0236,0.056400000000000006,456774636701154.562500
0.03861000000000003,0.0244,0.0572,456774636701154.562500
0.0386200000000001,0.0236,0.056400000000000006,456774636701154.562500
0.03863000000000005,0.0236,0.0572,456774636701154.562500
0.03864000000000001,0.0196,0.055600000000000004,456774636701154.562500
0.03865000000000007,0.0244,0.055600000000000004,456774636701154.562500
0.03866000000000003,0.0228,0.058800000000000005,456774636701154.562500
0.03867000000000009,0.022000000000000002,0.0572,456774636701154.562500
0.03868000000000005,0.0228,0.053200000000000004,456774636701154.562500
0.03869,0.0204,0.054,456774636701154.562500
0.03870000000000007,0.0196,0.05,456774636701154.562500
0.03871000000000002,0.0236,0.054,456774636701154.562500
0.03872000000000009,0.0204,0.055600000000000004,456774636701154.562500
0.03873000000000004,0.0212,0.058,456774636701154.562500
0.03874,0.0212,0.0572,456774636701154.562500
0.03875000000000006,0.0212,0.054,456774636701154.562500
0.03876000000000002,0.022000000000000002,0.056400000000000006,456774636701154.562500
0.03877000000000008,0.0228,0.0516,456774636701154.562500
0.03878000000000004,0.0228,0.0572,456774636701154.562500
0.03878999999999999,0.0188,0.055600000000000004,456774636701154.562500
0.03880000000000006,0.0228,0.0548,456774636701154.562500
0.03881000000000001,0.022000000000000002,0.048400000000000006,456774636701154.562500
0.03882000000000008,0.0244,0.0572,456774636701154.562500
0.03883000000000003,0.0204,0.046,456774636701154.562500
0.0388400000000001,0.0212,0.054,456774636701154.562500
0.03885000000000005,0.0244,0.0572,456774636701154.562500
0.038860000000000006,0.022000000000000002,0.054,456774636701154.562500
0.03887000000000007,0.0244,0.048400000000000006,456774636701154.562500
0.038880000000000026,0.0244,0.053200000000000004,456774636701154.562500
0.03889000000000009,0.0244,0.048400000000000006,456774636701154.562500
0.038900000000000046,0.0236,0.054,456774636701154.562500
0.03891,0.0236,0.0468,456774636701154.562500
0.038920000000000066,0.0236,0.056400000000000006,456774636701154.562500
0.03893000000000002,0.018000000000000002,0.055600000000000004,456774636701154.562500
0.038940000000000086,0.0228,0.054,456774636701154.562500
0.03895000000000004,0.0196,0.054,456774636701154.562500
0.038959999999999995,0.0212,0.0572,456774636701154.562500
0.03897000000000006,0.022000000000000002,0.056400000000000006,456774636701154.562500
0.038980000000000015,0.0212,0.055600000000000004,456774636701154.562500
0.03899000000000008,0.022000000000000002,0.0572,456774636701154.562500
0.039000000000000035,0.022000000000000002,0.054,456774636701154.562500
0.03900999999999999,0.022000000000000002,0.058,456774636701154.562500
0.039020000000000055,0.0204,0.058,456774636701154.562500
0.03903000000000001,0.0228,0.053200000000000004,456774636701154.562500
0.039040000000000075,0.0196,0.058800000000000005,456774636701154.562500
0.03905000000000003,0.0212,0.0572,456774636701154.562500
0.039060000000000095,0.022000000000000002,0.056400000000000006,456774636701154.562500
0.03907000000000005,0.0228,0.0548,456774636701154.562500
0.039080000000000004,0.0228,0.056400000000000006,456774636701154.562500
0.03909000000000007,0.022000000000000002,0.056400000000000006,456774636701154.562500
0.039100000000000024,0.018000000000000002,0.055600000000000004,456774636701154.562500
0.03911000000000009,0.0204,0.056400000000000006,456774636701154.562500
0.039120000000000044,0.022000000000000002,0.056400000000000006,456774636701154.562500
0.03913,0.0252,0.056400000000000006,456774636701154.562500
0.039140000000000064,0.022000000000000002,0.055600000000000004,456774636701154.562500
0.03915000000000002,0.0244,0.054,456774636701154.562500
0.039160000000000084,0.0244,0.053200000000000004,456774636701154.562500
0.03917000000000004,0.0244,0.056400000000000006,456774636701154.562500
0.03917999999999999,0.026000000000000002,0.056400000000000006,456774636701154.562500
0.03919000000000006,0.0244,0.0468,456774636701154.562500
0.03920000000000001,0.0228,0.056400000000000006,456774636701154.562500
0.03921000000000008,0.0244,0.0492,456774636701154.562500
0.03922000000000003,0.0236,0.0572,456774636701154.562500
0.0392300000000001,0.0212,0.056400000000000006,456774636701154.562500
0.03924000000000005,0.022000000000000002,0.0524,456774636701154.562500
0.03925000000000001,0.0196,0.050800000000000005,456774636701154.562500
0.03926000000000007,0.0228,0.040400000000000005,456774636701154.562500
0.03927000000000003,0.022000000000000002,0.050800000000000005,456774636701154.562500
0.03928000000000009,0.022000000000000002,0.0476,456774636701154.562500
0.03929000000000005,0.0212,0.038,456774636701154.562500
0.0393,0.0212,0.0324,456774636701154.562500
0.03931000000000007,0.0228,0.045200000000000004,456774636701154.562500
0.03932000000000002,0.0196,0.0396,456774636701154.562500
0.03933000000000009,0.022000000000000002,0.055600000000000004,456774636701154.562500
0.03934000000000004,0.022000000000000002,0.055600000000000004,456774636701154.562500
0.039349999999999996,0.022000000000000002,0.058,456774636701154.562500
0.03936000000000006,0.0236,0.056400000000000006,456774636701154.562500
0.039370000000000016,0.0204,0.0524,456774636701154.562500
0.03938000000000008,0.022000000000000002,0.058800000000000005,456774636701154.562500
0.039390000000000036,0.0228,0.0572,456774636701154.562500
0.03939999999999999,0.022000000000000002,0.055600000000000004,456774636701154.562500
0.039410000000000056,0.0228,0.0572,456774636701154.562500
0.03942000000000001,0.0236,0.056400000000000006,456774636701154.562500
0.039430000000000076,0.022000000000000002,0.0572,456774636701154.562500
0.03944000000000003,0.0228,0.0492,456774636701154.562500
0.039450000000000096,0.0244,0.0524,456774636701154.562500
0.03946000000000005,0.022000000000000002,0.0444,456774636701154.562500
0.039470000000000005,0.0244,0.050800000000000005,456774636701154.562500
0.03948000000000007,0.014,0.045200000000000004,456774636701154.562500
0.039490000000000025,0.0236,0.0548,456774636701154.562500
0.03950000000000009,0.0228,0.056400000000000006,456774636701154.562500
0.039510000000000045,0.0228,0.0572,456774636701154.562500
0.03952,0.0228,0.0572,456774636701154.562500
0.039530000000000065,0.022000000000000002,0.0548,456774636701154.562500
0.03954000000000002,0.0228,0.0548,456774636701154.562500
0.039550000000000085,0.0212,0.054,456774636701154.562500
0.03956000000000004,0.0236,0.053200000000000004,456774636701154.562500
0.039569999999999994,0.022000000000000002,0.048400000000000006,456774636701154.562500
0.03958000000000006,0.0212,0.0516,456774636701154.562500
0.039590000000000014,0.0212,0.0444,456774636701154.562500
0.03960000000000008,0.0196,0.054,456774636701154.562500
0.039610000000000034,0.0204,0.054,456774636701154.562500
0.0396200000000001,0.0236,0.045200000000000004,456774636701154.562500
0.039630000000000054,0.0188,0.0476,456774636701154.562500
0.03964000000000001,0.0196,0.054,456774636701154.562500
0.039650000000000074,0.0188,0.0492,456774636701154.562500
0.03966000000000003,0.0172,0.055600000000000004,456774636701154.562500
0.039670000000000094,0.014,0.056400000000000006,456774636701154.562500
0.03968000000000005,0.0204,0.055600000000000004,456774636701154.562500
0.03969,0.0164,0.055600000000000004,456774636701154.562500
0.03970000000000007,0.0212,0.0516,456774636701154.562500
0.03971000000000002,0.0164,0.056400000000000006,456774636701154.562500
0.03972000000000009,0.022000000000000002,0.045200000000000004,456774636701154.562500
0.03973000000000004,0.0204,0.053200000000000004,456774636701154.562500
0.03974,0.0228,0.05,456774636701154.562500
0.03975000000000006,0.0212,0.054,456774636701154.562500
0.03976000000000002,0.0236,0.0492,456774636701154.562500
0.03977000000000008,0.0244,0.055600000000000004,456774636701154.562500
0.03978000000000004,0.0236,0.0492,456774636701154.562500
0.03978999999999999,0.0244,0.0516,456774636701154.562500
0.03980000000000006,0.0244,0.0516,456774636701154.562500
0.03981000000000001,0.0244,0.058,456774636701154.562500
0.03982000000000008,0.0244,0.045200000000000004,456774636701154.562500
0.03983000000000003,0.0236,0.056400000000000006,456774636701154.562500
0.0398400000000001,0.0244,0.054,456774636701154.562500
0.03985000000000005,0.022000000000000002,0.058,456774636701154.562500
0.03986000000000001,0.0228,0.055600000000000004,456774636701154.562500
0.03987000000000007,0.0236,0.054,456774636701154.562500
0.03988000000000003,0.0228,0.053200000000000004,456774636701154.562500
0.03989000000000009,0.022000000000000002,0.056400000000000006,456774636701154.562500
0.03990000000000005,0.0228,0.0572,456774636701154.562500
0.03991,0.0196,0.0572,456774636701154.562500
0.03992000000000007,0.0236,0.0548,456774636701154.562500
0.03993000000000002,0.0212,0.055600000000000004,456774636701154.562500
0.03994000000000009,0.0228,0.054,456774636701154.562500
0.03995000000000004,0.0204,0.058,456774636701154.562500
0.039959999999999996,0.0196,0.0548,456774636701154.562500
0.03997000000000006,0.0188,0.0548,456774636701154.562500
0.039980000000000016,0.014,0.055600000000000004,456774636701154.562500
0.03999000000000008,0.022000000000000002,0.056400000000000006,456774636701154.562500
0.040000000000000036,0.0228,0.056400000000000006,456774636701154.562500
0.04000999999999999,0.0228,0.056400000000000006,456774636701154.562500
0.040020000000000056,0.0228,0.056400000000000006,456774636701154.562500
0.04003000000000001,0.0236,0.0492,456774636701154.562500
0.040040000000000076,0.022000000000000002,0.0516,456774636701154.562500
0.04005000000000003,0.0244,0.048400000000000006,456774636701154.562500
0.040060000000000096,0.0244,0.0516,456774636701154.562500
0.04007000000000005,0.0252,0.056400000000000006,456774636701154.562500
0.040080000000000005,0.0244,0.054,456774636701154.562500
0.04009000000000007,0.0228,0.053200000000000004,456774636701154.562500
0.040100000000000025,0.022000000000000002,0.058,456774636701154.562500
0.04011000000000009,0.0244,0.0524,456774636701154.562500
0.040120000000000045,0.022000000000000002,0.054,456774636701154.562500
0.04013,0.0244,0.053200000000000004,456774636701154.562500
0.040140000000000065,0.0252,0.0572,456774636701154.562500
0.04015000000000002,0.018000000000000002,0.055600000000000004,456774636701154.562500
0.040160000000000085,0.0212,0.0572,456774636701154.562500
0.04017000000000004,0.0204,0.055600000000000004,456774636701154.562500
0.040179999999999993,0.0228,0.0524,456774636701154.562500
0.04019000000000006,0.0204,0.0524,456774636701154.562500
0.040200000000000014,0.022000000000000002,0.055600000000000004,456774636701154.562500
0.04021000000000008,0.0204,0.055600000000000004,456774636701154.562500
0.040220000000000034,0.022000000000000002,0.058,456774636701154.562500
0.0402300000000001,0.022000000000000002,0.050800000000000005,456774636701154.562500
0.040240000000000054,0.0204,0.058,456774636701154.562500
0.04025000000000001,0.0188,0.0572,456774636701154.562500
0.040260000000000074,0.0212,0.0476,456774636701154.562500
0.04027000000000003,0.0212,0.055600000000000004,456774636701154.562500
0.040280000000000094,0.0204,0.055600000000000004,456774636701154.562500
0.04029000000000005,0.0228,0.0548,456774636701154.562500
0.0403,0.0172,0.045200000000000004,456774636701154.562500
0.04031000000000007,0.022000000000000002,0.05,456774636701154.562500
0.04032000000000002,0.0196,0.042,456774636701154.562500
0.04033000000000009,0.0228,0.0548,456774636701154.562500
0.04034000000000004,0.0244,0.058,456774636701154.562500
0.04035,0.0188,0.058,456774636701154.562500
0.04036000000000006,0.0252,0.054,456774636701154.562500
0.04037000000000002,0.0204,0.054,456774636701154.562500
0.04038000000000008,0.022000000000000002,0.053200000000000004,456774636701154.562500
0.04039000000000004,0.0236,0.0548,456774636701154.562500
0.04039999999999999,0.0212,0.0572,456774636701154.562500
0.04041000000000006,0.0236,0.056400000000000006,456774636701154.562500
0.04042000000000001,0.022000000000000002,0.058,456774636701154.562500
0.04043000000000008,0.0204,0.054,456774636701154.562500
0.04044000000000003,0.022000000000000002,0.056400000000000006,456774636701154.562500
0.0404500000000001,0.022000000000000002,0.0572,456774636701154.562500
0.04046000000000005,0.0228,0.054,456774636701154.562500
0.040470000000000006,0.0236,0.0548,456774636701154.562500
0.04048000000000007,0.022000000000000002,0.058,456774636701154.562500
0.040490000000000026,0.0228,0.054,456774636701154.562500
0.04050000000000009,0.022000000000000002,0.055600000000000004,456774636701154.562500
0.040510000000000046,0.0228,0.0548,456774636701154.562500
0.04052,0.022000000000000002,0.056400000000000006,456774636701154.562500
0.040530000000000066,0.0228,0.053200000000000004,456774636701154.562500
0.04054000000000002,0.0236,0.0548,456774636701154.562500
0.040550000000000086,0.022000000000000002,0.055600000000000004,456774636701154.562500
0.04056000000000004,0.0212,0.0516,456774636701154.562500
0.040569999999999995,0.022000000000000002,0.058,456774636701154.562500
0.04058000000000006,0.022000000000000002,0.055600000000000004,456774636701154.562500
0.040590000000000015,0.022000000000000002,0.0572,456774636701154.562500
0.04060000000000008,0.0204,0.056400000000000006,456774636701154.562500
0.040610000000000035,0.0212,0.054,456774636701154.562500
0.04061999999999999,0.0196,0.0572,456774636701154.562500
0.040630000000000055,0.022000000000000002,0.0572,456774636701154.562500
0.04064000000000001,0.0212,0.0548,456774636701154.562500
0.040650000000000075,0.0236,0.058,456774636701154.562500
0.04066000000000003,0.0188,0.053200000000000004,456774636701154.562500
0.040670000000000095,0.0228,0.0572,456774636701154.562500
0.04068000000000005,0.022000000000000002,0.0572,456774636701154.562500
0.040690000000000004,0.0252,0.0548,456774636701154.562500
0.04070000000000007,0.022000000000000002,0.056400000000000006,456774636701154.562500
0.040710000000000024,0.0252,0.048400000000000006,456774636701154.562500
0.04072000000000009,0.0228,0.0548,456774636701154.562500
0.040730000000000044,0.0244,0.054,456774636701154.562500
0.04074,0.0236,0.054,456774636701154.562500
0.040750000000000064,0.0236,0.0572,456774636701154.562500
0.04076000000000002,0.0236,0.0524,456774636701154.562500
0.040770000000000084,0.022000000000000002,0.0492,456774636701154.562500
0.04078000000000004,0.0228,0.058,456774636701154.562500
0.04078999999999999,0.022000000000000002,0.0476,456774636701154.562500
0.04080000000000006,0.0228,0.056400000000000006,456774636701154.562500
0.04081000000000001,0.0228,0.050800000000000005,456774636701154.562500
0.04082000000000008,0.0212,0.054,456774636701154.562500
0.04083000000000003,0.022000000000000002,0.0516,456774636701154.562500
0.0408400000000001,0.022000000000000002,0.054,456774636701154.562500
0.04085000000000005,0.0212,0.046,456774636701154.562500
0.04086000000000001,0.022000000000000002,0.058,456774636701154.562500
0.04087000000000007,0.0228,0.045200000000000004,456774636701154.562500
0.04088000000000003,0.0164,0.058,456774636701154.562500
0.04089000000000009,0.0204,0.0468,456774636701154.562500
0.04090000000000005,0.0212,0.058,456774636701154.562500
0.04091,0.0172,0.0476,456774636701154.562500
0.04092000000000007,0.0228,0.0572,456774636701154.562500
0.04093000000000002,0.0196,0.0548,456774636701154.562500
0.04094000000000009,0.0228,0.045200000000000004,456774636701154.562500
0.04095000000000004,0.0228,0.0572,456774636701154.562500
0.040959999999999996,0.0228,0.05,456774636701154.562500
0.04097000000000006,0.0236,0.053200000000000004,456774636701154.562500
0.040980000000000016,0.0204,0.046,456774636701154.562500
0.04099000000000008,0.0244,0.0524,456774636701154.562500
0.041000000000000036,0.0244,0.055600000000000004,456774636701154.562500
0.04100999999999999,0.0228,0.056400000000000006,456774636701154.562500
0.041020000000000056,0.0236,0.055600000000000004,456774636701154.562500
0.04103000000000001,0.0228,0.056400000000000006,456774636701154.562500
0.041040000000000076,0.0228,0.0572,456774636701154.562500
0.04105000000000003,0.0244,0.058,456774636701154.562500
0.041060000000000096,0.0244,0.056400000000000006,456774636701154.562500
0.04107000000000005,0.022000000000000002,0.055600000000000004,456774636701154.562500
0.041080000000000005,0.0204,0.054,456774636701154.562500
0.04109000000000007,0.0228,0.0468,456774636701154.562500
0.041100000000000025,0.0228,0.056400000000000006,456774636701154.562500
0.04111000000000009,0.0228,0.0476,456774636701154.562500
0.041120000000000045,0.022000000000000002,0.0572,456774636701154.562500
0.04113,0.0228,0.056400000000000006,456774636701154.562500
0.041140000000000065,0.0212,0.058,456774636701154.562500
0.04115000000000002,0.0212,0.056400000000000006,456774636701154.562500
0.041160000000000085,0.0236,0.045200000000000004,456774636701154.562500
0.04117000000000004,0.0212,0.055600000000000004,456774636701154.562500
0.041179999999999994,0.0172,0.0516,456774636701154.562500
0.04119000000000006,0.0228,0.056400000000000006,456774636701154.562500
0.041200000000000014,0.0228,0.053200000000000004,456774636701154.562500
0.04121000000000008,0.0228,0.050800000000000005,456774636701154.562500
0.041220000000000034,0.0236,0.056400000000000006,456774636701154.562500
0.04122999999999999,0.022000000000000002,0.0572,456774636701154.562500
0.041240000000000054,0.022000000000000002,0.0492,456774636701154.562500
0.04125000000000001,0.0204,0.053200000000000004,456774636701154.562500
0.041260000000000074,0.0212,0.053200000000000004,456774636701154.562500
0.04127000000000003,0.0164,0.0572,456774636701154.562500
0.041280000000000094,0.0244,0.05,456774636701154.562500
0.04129000000000005,0.0196,0.0548,456774636701154.562500
0.0413,0.0244,0.0412,456774636701154.562500
0.04131000000000007,0.0236,0.054,456774636701154.562500
0.04132000000000002,0.0236,0.0524,456774636701154.562500
0.04133000000000009,0.0236,0.056400000000000006,456774636701154.562500
0.04134000000000004,0.0228,0.055600000000000004,456774636701154.562500
0.04135,0.0228,0.055600000000000004,456774636701154.562500
0.04136000000000006,0.022000000000000002,0.0572,456774636701154.562500
0.04137000000000002,0.0236,0.0572,456774636701154.562500
0.04138000000000008,0.022000000000000002,0.056400000000000006,456774636701154.562500
0.04139000000000004,0.0228,0.055600000000000004,456774636701154.562500
0.04139999999999999,0.0228,0.056400000000000006,456774636701154.562500
0.04141000000000006,0.0204,0.0548,456774636701154.562500
0.04142000000000001,0.0212,0.056400000000000006,456774636701154.562500
0.04143000000000008,0.022000000000000002,0.054,456774636701154.562500
0.04144000000000003,0.0204,0.055600000000000004,456774636701154.562500
0.0414500000000001,0.022000000000000002,0.0572,456774636701154.562500
0.04146000000000005,0.0164,0.0548,456774636701154.562500
0.04147000000000001,0.0228,0.058,456774636701154.562500
0.04148000000000007,0.0212,0.0548,456774636701154.562500
0.04149000000000003,0.0196,0.055600000000000004,456774636701154.562500
0.04150000000000009,0.022000000000000002,0.056400000000000006,456774636701154.562500
0.04151000000000005,0.0196,0.0572,456774636701154.562500
0.04152,0.0212,0.054,456774636701154.562500
0.04153000000000007,0.0164,0.055600000000000004,456774636701154.562500
0.04154000000000002,0.0204,0.0524,456774636701154.562500
0.04155000000000009,0.0236,0.0548,456774636701154.562500
0.04156000000000004,0.022000000000000002,0.053200000000000004,456774636701154.562500
0.041569999999999996,0.0244,0.0548,456774636701154.562500
0.04158000000000006,0.0228,0.0388,456774636701154.562500
0.041590000000000016,0.0212,0.0492,456774636701154.562500
0.04160000000000008,0.0204,0.042800000000000005,456774636701154.562500
0.041610000000000036,0.0236,0.0516,456774636701154.562500
0.04161999999999999,0.0228,0.0492,456774636701154.562500
0.041630000000000056,0.0244,0.058,456774636701154.562500
0.04164000000000001,0.0196,0.054,456774636701154.562500
0.041650000000000076,0.0204,0.0572,456774636701154.562500
0.04166000000000003,0.0228,0.053200000000000004,456774636701154.562500
0.041670000000000096,0.0228,0.0548,456774636701154.562500
0.04168000000000005,0.022000000000000002,0.056400000000000006,456774636701154.562500
0.041690000000000005,0.0236,0.0572,456774636701154.562500
0.04170000000000007,0.0204,0.0468,456774636701154.562500
0.041710000000000025,0.0228,0.055600000000000004,456774636701154.562500
0.04172000000000009,0.0236,0.058,456774636701154.562500
0.041730000000000045,0.0228,0.0572,456774636701154.562500
0.04174,0.0212,0.053200000000000004,456774636701154.562500
0.041750000000000065,0.0212,0.0572,456774636701154.562500
0.04176000000000002,0.0228,0.055600000000000004,456774636701154.562500
0.041770000000000085,0.0196,0.0524,456774636701154.562500
0.04178000000000004,0.022000000000000002,0.056400000000000006,456774636701154.562500
0.041789999999999994,0.0196,0.055600000000000004,456774636701154.562500
0.04180000000000006,0.0172,0.055600000000000004,456774636701154.562500
0.041810000000000014,0.0228,0.0548,456774636701154.562500
0.04182000000000008,0.0204,0.0524,456774636701154.562500
0.041830000000000034,0.0236,0.058,456774636701154.562500
0.0418400000000001,0.0204,0.058,456774636701154.562500
0.041850000000000054,0.022000000000000002,0.056400000000000006,456774636701154.562500
0.04186000000000001,0.0204,0.056400000000000006,456774636701154.562500
0.041870000000000074,0.0228,0.058,456774636701154.562500
0.04188000000000003,0.0244,0.0516,456774636701154.562500
0.041890000000000094,0.0252,0.0548,456774636701154.562500
0.04190000000000005,0.0244,0.0548,456774636701154.562500
0.04191,0.0244,0.056400000000000006,456774636701154.562500
0.04192000000000007,0.0228,0.050800000000000005,456774636701154.562500
0.04193000000000002,0.0244,0.0572,456774636701154.562500
0.04194000000000009,0.0228,0.0492,456774636701154.562500
0.04195000000000004,0.0228,0.056400000000000006,456774636701154.562500
0.04196,0.0196,0.0516,456774636701154.562500
0.04197000000000006,0.0204,0.056400000000000006,456774636701154.562500
0.04198000000000002,0.0212,0.05,456774636701154.562500
0.04199000000000008,0.0196,0.0572,456774636701154.562500
0.04200000000000004,0.0212,0.055600000000000004,456774636701154.562500
0.04200999999999999,0.018000000000000002,0.055600000000000004,456774636701154.562500
0.04202000000000006,0.0204,0.058,456774636701154.562500
0.04203000000000001,0.0172,0.0548,456774636701154.562500
0.04204000000000008,0.0244,0.056400000000000006,456774636701154.562500
0.04205000000000003,0.0172,0.050800000000000005,456774636701154.562500
0.0420600000000001,0.0228,0.055600000000000004,456774636701154.562500
0.04207000000000005,0.0188,0.055600000000000004,456774636701154.562500
0.042080000000000006,0.0204,0.0516,456774636701154.562500
0.04209000000000007,0.0204,0.0524,456774636701154.562500
0.042100000000000026,0.0188,0.054,456774636701154.562500
0.04211000000000009,0.0228,0.042800000000000005,456774636701154.562500
0.042120000000000046,0.018000000000000002,0.053200000000000004,456774636701154.562500
0.04213,0.0236,0.0444,456774636701154.562500
0.042140000000000066,0.0172,0.0548,456774636701154.562500
0.04215000000000002,0.022000000000000002,0.0516,456774636701154.562500
0.042160000000000086,0.0188,0.055600000000000004,456774636701154.562500
0.04217000000000004,0.0228,0.05,456774636701154.562500
0.042179999999999995,0.0244,0.056400000000000006,456774636701154.562500
0.04219000000000006,0.0236,0.045200000000000004,456774636701154.562500
0.042200000000000015,0.0228,0.056400000000000006,456774636701154.562500
0.04221000000000008,0.0228,0.0444,456774636701154.562500
0.042220000000000035,0.0228,0.05,456774636701154.562500
0.04222999999999999,0.0244,0.048400000000000006,456774636701154.562500
0.042240000000000055,0.0252,0.056400000000000006,456774636701154.562500
0.04225000000000001,0.0236,0.053200000000000004,456774636701154.562500
0.042260000000000075,0.0244,0.0572,456774636701154.562500
0.04227000000000003,0.0204,0.055600000000000004,456774636701154.562500
0.042280000000000095,0.0212,0.058,456774636701154.562500
0.04229000000000005,0.0212,0.055600000000000004,456774636701154.562500
0.042300000000000004,0.0212,0.0572,456774636701154.562500
0.04231000000000007,0.0196,0.0572,456774636701154.562500
0.042320000000000024,0.018000000000000002,0.058,456774636701154.562500
0.04233000000000009,0.0164,0.055600000000000004,456774636701154.562500
0.042340000000000044,0.0212,0.0572,456774636701154.562500
0.04235,0.018000000000000002,0.055600000000000004,456774636701154.562500
0.042360000000000064,0.0204,0.0492,456774636701154.562500
0.04237000000000002,0.0172,0.0572,456774636701154.562500
0.042380000000000084,0.0228,0.048400000000000006,456774636701154.562500
0.04239000000000004,0.0212,0.058,456774636701154.562500
0.04239999999999999,0.0204,0.0468,456774636701154.562500
0.04241000000000006,0.022000000000000002,0.058,456774636701154.562500
0.04242000000000001,0.0228,0.053200000000000004,456774636701154.562500
0.04243000000000008,0.022000000000000002,0.0572,456774636701154.562500
0.04244000000000003,0.0212,0.050800000000000005,456774636701154.562500
0.0424500000000001,0.0228,0.0572,456774636701154.562500
0.04246000000000005,0.0236,0.054,456774636701154.562500
0.04247000000000001,0.0228,0.055600000000000004,456774636701154.562500
0.04248000000000007,0.0244,0.055600000000000004,456774636701154.562500
0.04249000000000003,0.0244,0.0516,456774636701154.562500
0.04250000000000009,0.0212,0.056400000000000006,456774636701154.562500
0.04251000000000005,0.0244,0.0548,456774636701154.562500
0.04252,0.0228,0.0524,456774636701154.562500
0.04253000000000007,0.0252,0.056400000000000006,456774636701154.562500
0.04254000000000002,0.0244,0.0572,456774636701154.562500
0.04255000000000009,0.0212,0.056400000000000006,456774636701154.562500
0.04256000000000004,0.0236,0.056400000000000006,456774636701154.562500
0.04257,0.022000000000000002,0.0572,456774636701154.562500
0.04258000000000006,0.0244,0.055600000000000004,456774636701154.562500
0.04259000000000002,0.0244,0.058,456774636701154.562500
0.04260000000000008,0.0244,0.056400000000000006,456774636701154.562500
0.04261000000000004,0.0212,0.0572,456774636701154.562500
0.04261999999999999,0.0236,0.0548,456774636701154.562500
0.04263000000000006,0.022000000000000002,0.055600000000000004,456774636701154.562500
0.04264000000000001,0.0204,0.055600000000000004,456774636701154.562500
0.04265000000000008,0.022000000000000002,0.058,456774636701154.562500
0.04266000000000003,0.0204,0.053200000000000004,456774636701154.562500
0.0426700000000001,0.0236,0.054,456774636701154.562500
0.04268000000000005,0.0236,0.056400000000000006,456774636701154.562500
0.042690000000000006,0.0204,0.055600000000000004,456774636701154.562500
0.04270000000000007,0.022000000000000002,0.050800000000000005,456774636701154.562500
0.042710000000000026,0.022000000000000002,0.0572,456774636701154.562500
0.04272000000000009,0.0228,0.0548,456774636701154.562500
0.042730000000000046,0.0212,0.053200000000000004,456774636701154.562500
0.04274,0.022000000000000002,0.0572,456774636701154.562500
0.042750000000000066,0.018000000000000002,0.0572,456774636701154.562500
0.04276000000000002,0.0196,0.055600000000000004,456774636701154.562500
0.042770000000000086,0.0196,0.056400000000000006,456774636701154.562500
0.04278000000000004,0.0244,0.0524,456774636701154.562500
0.042789999999999995,0.022000000000000002,0.0572,456774636701154.562500
0.04280000000000006,0.0244,0.056400000000000006,456774636701154.562500
0.042810000000000015,0.0212,0.053200000000000004,456774636701154.562500
0.04282000000000008,0.0244,0.058,456774636701154.562500
0.042830000000000035,0.0236,0.0572,456774636701154.562500
0.04283999999999999,0.0252,0.056400000000000006,456774636701154.562500
0.042850000000000055,0.0236,0.058,456774636701154.562500
0.04286000000000001,0.0236,0.053200000000000004,456774636701154.562500
0.042870000000000075,0.022000000000000002,0.0548,456774636701154.562500
0.04288000000000003,0.0212,0.0572,456774636701154.562500
0.042890000000000095,0.022000000000000002,0.056400000000000006,456774636701154.562500
0.04290000000000005,0.015600000000000001,0.0572,456774636701154.562500
0.042910000000000004,0.0212,0.056400000000000006,456774636701154.562500
0.04292000000000007,0.0212,0.0516,456774636701154.562500
0.042930000000000024,0.0204,0.0548,456774636701154.562500
0.04294000000000009,0.0228,0.050800000000000005,456774636701154.562500
0.042950000000000044,0.0228,0.054,456774636701154.562500
0.04296,0.0228,0.056400000000000006,456774636701154.562500
0.042970000000000064,0.0228,0.0548,456774636701154.562500
0.04298000000000002,0.022000000000000002,0.056400000000000006,456774636701154.562500
0.042990000000000084,0.0212,0.055600000000000004,456774636701154.562500
0.04300000000000004,0.0228,0.054,456774636701154.562500
0.04300999999999999,0.0212,0.0572,456774636701154.562500
0.04302000000000006,0.0236,0.058,456774636701154.562500
0.04303000000000001,0.0196,0.053200000000000004,456774636701154.562500
0.04304000000000008,0.0228,0.056400000000000006,456774636701154.562500
0.04305000000000003,0.0212,0.045200000000000004,456774636701154.562500
0.0430600000000001,0.0228,0.058,456774636701154.562500
0.04307000000000005,0.022000000000000002,0.055600000000000004,456774636701154.562500
0.04308000000000001,0.0212,0.0572,456774636701154.562500
0.04309000000000007,0.0188,0.0572,456774636701154.562500
0.04310000000000003,0.0244,0.056400000000000006,456774636701154.562500
0.04311000000000009,0.0244,0.058,456774636701154.562500
0.04312000000000005,0.0252,0.058,456774636701154.562500
0.04313,0.0244,0.0572,456774636701154.562500
0.04314000000000007,0.0228,0.056400000000000006,456774636701154.562500
0.04315000000000002,0.0252,0.054,456774636701154.562500
0.04316000000000009,0.0196,0.0516,456774636701154.562500
0.04317000000000004,0.022000000000000002,0.054,456774636701154.562500
0.043179999999999996,0.0204,0.0476,456774636701154.562500
0.04319000000000006,0.0244,0.050800000000000005,456774636701154.562500
0.043200000000000016,0.0164,0.0572,456774636701154.562500
0.04321000000000008,0.0228,0.054,456774636701154.562500
0.043220000000000036,0.022000000000000002,0.0572,456774636701154.562500
0.04322999999999999,0.0228,0.054,456774636701154.562500
0.043240000000000056,0.022000000000000002,0.058,456774636701154.562500
0.04325000000000001,0.0204,0.05,456774636701154.562500
0.043260000000000076,0.022000000000000002,0.0572,456774636701154.562500
0.04327000000000003,0.014,0.046,456774636701154.562500
0.043280000000000096,0.0204,0.0572,456774636701154.562500
0.04329000000000005,0.0188,0.055600000000000004,456774636701154.562500
0.043300000000000005,0.0228,0.055600000000000004,456774636701154.562500
0.04331000000000007,0.018000000000000002,0.0516,456774636701154.562500
0.043320000000000025,0.022000000000000002,0.054,456774636701154.562500
0.04333000000000009,0.0196,0.050800000000000005,456774636701154.562500
0.043340000000000045,0.022000000000000002,0.055600000000000004,456774636701154.562500
0.04335,0.022000000000000002,0.0492,456774636701154.562500
0.043360000000000065,0.0228,0.054,456774636701154.562500
0.04337000000000002,0.0188,0.048400000000000006,456774636701154.562500
0.043380000000000085,0.0236,0.0548,456774636701154.562500
0.04339000000000004,0.0236,0.042800000000000005,456774636701154.562500
0.043399999999999994,0.0236,0.055600000000000004,456774636701154.562500
0.04341000000000006,0.0236,0.058,456774636701154.562500
0.043420000000000014,0.0228,0.0548,456774636701154.562500
0.04343000000000008,0.026000000000000002,0.058,456774636701154.562500
0.043440000000000034,0.0228,0.0548,456774636701154.562500
0.0434500000000001,0.022000000000000002,0.0548,456774636701154.562500
0.043460000000000054,0.022000000000000002,0.0468,456774636701154.562500
0.04347000000000001,0.0236,0.0548,456774636701154.562500
0.043480000000000074,0.022000000000000002,0.0492,456774636701154.562500
0.04349000000000003,0.0228,0.0524,456774636701154.562500
0.043500000000000094,0.0204,0.0516,456774636701154.562500
0.04351000000000005,0.0244,0.0524,456774636701154.562500
0.04352,0.0188,0.056400000000000006,456774636701154.562500
0.04353000000000007,0.022000000000000002,0.0524,456774636701154.562500
0.04354000000000002,0.018000000000000002,0.0572,456774636701154.562500
0.04355000000000009,0.0228,0.058,456774636701154.562500
0.04356000000000004,0.0172,0.0516,456774636701154.562500
0.04357,0.0204,0.055600000000000004,456774636701154.562500
0.04358000000000006,0.0148,0.050800000000000005,456774636701154.562500
0.04359000000000002,0.0228,0.056400000000000006,456774636701154.562500
0.04360000000000008,0.022000000000000002,0.0524,456774636701154.562500
0.04361000000000004,0.0188,0.053200000000000004,456774636701154.562500
0.04361999999999999,0.0236,0.055600000000000004,456774636701154.562500
0.04363000000000006,0.018000000000000002,0.050800000000000005,456774636701154.562500
0.04364000000000001,0.0236,0.0516,456774636701154.562500
0.04365000000000008,0.0212,0.0492,456774636701154.562500
0.04366000000000003,0.0212,0.055600000000000004,456774636701154.562500
0.0436700000000001,0.018000000000000002,0.05,456774636701154.562500
0.04368000000000005,0.0196,0.058,456774636701154.562500
0.04369000000000001,0.022000000000000002,0.053200000000000004,456774636701154.562500
0.04370000000000007,0.0244,0.0572,456774636701154.562500
0.04371000000000003,0.0244,0.055600000000000004,456774636701154.562500
0.04372000000000009,0.0252,0.0548,456774636701154.562500
0.04373000000000005,0.0236,0.055600000000000004,456774636701154.562500
0.04374,0.0236,0.0572,456774636701154.562500
0.04375000000000007,0.022000000000000002,0.0572,456774636701154.562500
0.04376000000000002,0.0244,0.0548,456774636701154.562500
0.04377000000000009,0.0244,0.056400000000000006,456774636701154.562500
0.04378000000000004,0.0228,0.058,456774636701154.562500
0.043789999999999996,0.0228,0.0476,456774636701154.562500
0.04380000000000006,0.0228,0.055600000000000004,456774636701154.562500
0.043810000000000016,0.0228,0.054,456774636701154.562500
0.04382000000000008,0.022000000000000002,0.055600000000000004,456774636701154.562500
0.043830000000000036,0.022000000000000002,0.056400000000000006,456774636701154.562500
0.04383999999999999,0.0228,0.0476,456774636701154.562500
0.043850000000000056,0.0204,0.0572,456774636701154.562500
0.04386000000000001,0.022000000000000002,0.0572,456774636701154.562500
0.043870000000000076,0.0204,0.056400000000000006,456774636701154.562500
0.04388000000000003,0.0228,0.0572,456774636701154.562500
0.043890000000000096,0.0228,0.0572,456774636701154.562500
0.04390000000000005,0.0204,0.0572,456774636701154.562500
0.043910000000000005,0.0204,0.0572,456774636701154.562500
0.04392000000000007,0.0212,0.054,456774636701154.562500
0.043930000000000025,0.0204,0.055600000000000004,456774636701154.562500
0.04394000000000009,0.0236,0.055600000000000004,456774636701154.562500
0.043950000000000045,0.0228,0.056400000000000006,456774636701154.562500
0.04396,0.0236,0.0548,456774636701154.562500
0.043970000000000065,0.022000000000000002,0.048400000000000006,456774636701154.562500
0.04398000000000002,0.0228,0.058,456774636701154.562500
0.043990000000000085,0.0228,0.0524,456774636701154.562500
0.04400000000000004,0.022000000000000002,0.056400000000000006,456774636701154.562500
0.044009999999999994,0.0244,0.053200000000000004,456774636701154.562500
0.04402000000000006,0.022000000000000002,0.055600000000000004,456774636701154.562500
0.044030000000000014,0.0228,0.055600000000000004,456774636701154.562500
0.04404000000000008,0.0252,0.055600000000000004,456774636701154.562500
0.044050000000000034,0.0244,0.055600000000000004,456774636701154.562500
0.0440600000000001,0.022000000000000002,0.058,456774636701154.562500
0.044070000000000054,0.0212,0.0524,456774636701154.562500
0.04408000000000001,0.0236,0.053200000000000004,456774636701154.562500
0.044090000000000074,0.015600000000000001,0.056400000000000006,456774636701154.562500
0.04410000000000003,0.0228,0.056400000000000006,456774636701154.562500
0.044110000000000094,0.0244,0.056400000000000006,456774636701154.562500
0.04412000000000005,0.0228,0.056400000000000006,456774636701154.562500
0.04413,0.022000000000000002,0.0516,456774636701154.562500
0.04414000000000007,0.0212,0.0572,456774636701154.562500
0.04415000000000002,0.022000000000000002,0.0548,456774636701154.562500
0.04416000000000009,0.0212,0.054,456774636701154.562500
0.04417000000000004,0.0212,0.055600000000000004,456774636701154.562500
0.04418,0.0228,0.056400000000000006,456774636701154.562500
0.04419000000000006,0.0196,0.0548,456774636701154.562500
0.04420000000000002,0.0228,0.055600000000000004,456774636701154.562500
0.04421000000000008,0.022000000000000002,0.056400000000000006,456774636701154.562500
0.04422000000000004,0.0212,0.055600000000000004,456774636701154.562500
0.04422999999999999,0.022000000000000002,0.053200000000000004,456774636701154.562500
0.04424000000000006,0.022000000000000002,0.0572,456774636701154.562500
0.04425000000000001,0.022000000000000002,0.056400000000000006,456774636701154.562500
0.04426000000000008,0.022000000000000002,0.0492,456774636701154.562500
0.04427000000000003,0.0228,0.055600000000000004,456774636701154.562500
0.0442800000000001,0.0188,0.055600000000000004,456774636701154.562500
0.04429000000000005,0.022000000000000002,0.0572,456774636701154.562500
0.044300000000000006,0.0164,0.055600000000000004,456774636701154.562500
0.04431000000000007,0.0244,0.0572,456774636701154.562500
0.044320000000000026,0.022000000000000002,0.05,456774636701154.562500
0.04433000000000009,0.0244,0.0444,456774636701154.562500
0.044340000000000046,0.0244,0.055600000000000004,456774636701154.562500
0.04435,0.0244,0.0524,456774636701154.562500
0.044360000000000066,0.0236,0.056400000000000006,456774636701154.562500
0.04437000000000002,0.0252,0.0548,456774636701154.562500
0.044380000000000086,0.022000000000000002,0.056400000000000006,456774636701154.562500
0.04439000000000004,0.0236,0.058,456774636701154.562500
0.044399999999999995,0.0204,0.056400000000000006,456774636701154.562500
0.04441000000000006,0.0228,0.058,456774636701154.562500
0.044420000000000015,0.0228,0.058,456774636701154.562500
0.04443000000000008,0.022000000000000002,0.056400000000000006,456774636701154.562500
0.044440000000000035,0.022000000000000002,0.056400000000000006,456774636701154.562500
0.04444999999999999,0.0196,0.056400000000000006,456774636701154.562500
0.044460000000000055,0.0236,0.055600000000000004,456774636701154.562500
0.04447000000000001,0.018000000000000002,0.0572,456774636701154.562500
0.044480000000000075,0.022000000000000002,0.050800000000000005,456774636701154.562500
0.04449000000000003,0.0196,0.056400000000000006,456774636701154.562500
0.044500000000000095,0.0228,0.053200000000000004,456774636701154.562500
0.04451000000000005,0.022000000000000002,0.0516,456774636701154.562500
0.044520000000000004,0.0204,0.056400000000000006,456774636701154.562500
0.04453000000000007,0.0196,0.0516,456774636701154.562500
0.044540000000000024,0.022000000000000002,0.055600000000000004,456774636701154.562500
0.04455000000000009,0.0204,0.053200000000000004,456774636701154.562500
0.044560000000000044,0.0196,0.0524,456774636701154.562500
0.04457,0.0172,0.056400000000000006,456774636701154.562500
0.044580000000000064,0.022000000000000002,0.0492,456774636701154.562500
0.04459000000000002,0.0212,0.055600000000000004,456774636701154.562500
0.044600000000000084,0.0236,0.0516,456774636701154.562500
0.04461000000000004,0.0236,0.055600000000000004,456774636701154.562500
0.04461999999999999,0.0244,0.0548,456774636701154.562500
0.04463000000000006,0.0212,0.0548,456774636701154.562500
0.04464000000000001,0.022000000000000002,0.056400000000000006,456774636701154.562500
0.04465000000000008,0.0244,0.050800000000000005,456774636701154.562500
0.04466000000000003,0.0204,0.058,456774636701154.562500
0.0446700000000001,0.0236,0.056400000000000006,456774636701154.562500
0.04468000000000005,0.022000000000000002,0.056400000000000006,456774636701154.562500
0.04469000000000001,0.022000000000000002,0.0572,456774636701154.562500
0.04470000000000007,0.0212,0.046,456774636701154.562500
0.04471000000000003,0.0228,0.0572,456774636701154.562500
0.04472000000000009,0.0228,0.054,456774636701154.562500
0.04473000000000005,0.0228,0.0572,456774636701154.562500
0.04474,0.0244,0.0548,456774636701154.562500
0.04475000000000007,0.0228,0.054,456774636701154.562500
0.04476000000000002,0.0236,0.054,456774636701154.562500
0.04477000000000009,0.022000000000000002,0.055600000000000004,456774636701154.562500
0.04478000000000004,0.0228,0.0572,456774636701154.562500
0.044789999999999996,0.022000000000000002,0.0492,456774636701154.562500
0.04480000000000006,0.0204,0.058,456774636701154.562500
0.044810000000000016,0.018000000000000002,0.055600000000000004,456774636701154.562500
0.04482000000000008,0.0228,0.0516,456774636701154.562500
0.044830000000000036,0.0196,0.0572,456774636701154.562500
0.04483999999999999,0.0228,0.056400000000000006,456774636701154.562500
0.044850000000000056,0.0188,0.0548,456774636701154.562500
0.04486000000000001,0.022000000000000002,0.0572,456774636701154.562500
0.044870000000000076,0.018000000000000002,0.0524,456774636701154.562500
0.04488000000000003,0.0204,0.056400000000000006,456774636701154.562500
0.044890000000000096,0.0196,0.054,456774636701154.562500
0.04490000000000005,0.022000000000000002,0.0492,456774636701154.562500
0.044910000000000005,0.0236,0.058,456774636701154.562500
0.04492000000000007,0.022000000000000002,0.0492,456774636701154.562500
0.044930000000000025,0.0252,0.055600000000000004,456774636701154.562500
0.04494000000000009,0.0244,0.0548,456774636701154.562500
0.044950000000000045,0.022000000000000002,0.0524,456774636701154.562500
0.04496,0.0204,0.055600000000000004,456774636701154.562500
0.044970000000000065,0.0244,0.0524,456774636701154.562500
0.04498000000000002,0.0212,0.0468,456774636701154.562500
0.044990000000000085,0.0228,0.056400000000000006,456774636701154.562500
0.04500000000000004,0.0196,0.0548,456774636701154.562500
0.045009999999999994,0.018000000000000002,0.046,456774636701154.562500
0.04502000000000006,0.0236,0.0572,456774636701154.562500
0.045030000000000014,0.0212,0.0548,456774636701154.562500
0.04504000000000008,0.0228,0.0572,456774636701154.562500
0.045050000000000034,0.0244,0.055600000000000004,456774636701154.562500
0.0450600000000001,0.018000000000000002,0.058,456774636701154.562500
0.045070000000000054,0.0212,0.054,456774636701154.562500
0.04508000000000001,0.022000000000000002,0.056400000000000006,456774636701154.562500
0.045090000000000074,0.018000000000000002,0.058800000000000005,456774636701154.562500
0.04510000000000003,0.022000000000000002,0.055600000000000004,456774636701154.562500
0.045110000000000094,0.0172,0.058,456774636701154.562500
0.04512000000000005,0.0212,0.056400000000000006,456774636701154.562500
0.04513,0.0204,0.0516,456774636701154.562500
0.04514000000000007,0.022000000000000002,0.0572,456774636701154.562500
0.04515000000000002,0.0188,0.053200000000000004,456774636701154.562500
0.04516000000000009,0.0212,0.056400000000000006,456774636701154.562500
0.04517000000000004,0.022000000000000002,0.056400000000000006,456774636701154.562500
0.04518,0.0188,0.045200000000000004,456774636701154.562500
0.04519000000000006,0.0196,0.054,456774636701154.562500
0.04520000000000002,0.0212,0.050800000000000005,456774636701154.562500
0.04521000000000008,0.018000000000000002,0.056400000000000006,456774636701154.562500
0.04522000000000004,0.022000000000000002,0.0516,456774636701154.562500
0.04522999999999999,0.022000000000000002,0.056400000000000006,456774636701154.562500
0.04524000000000006,0.0244,0.054,456774636701154.562500
0.04525000000000001,0.0244,0.053200000000000004,456774636701154.562500
0.04526000000000008,0.0236,0.056400000000000006,456774636701154.562500
0.04527000000000003,0.0244,0.053200000000000004,456774636701154.562500
0.0452800000000001,0.0228,0.0572,456774636701154.562500
0.04529000000000005,0.0244,0.0524,456774636701154.562500
0.04530000000000001,0.022000000000000002,0.050800000000000005,456774636701154.562500
0.04531000000000007,0.0244,0.0516,456774636701154.562500
0.04532000000000003,0.022000000000000002,0.055600000000000004,456774636701154.562500
0.04533000000000009,0.0236,0.0548,456774636701154.562500
0.04534000000000005,0.0212,0.054,456774636701154.562500
0.04535,0.022000000000000002,0.0548,456774636701154.562500
0.04536000000000007,0.018000000000000002,0.058,456774636701154.562500
0.04537000000000002,0.0236,0.0548,456774636701154.562500
0.04538000000000009,0.0204,0.055600000000000004,456774636701154.562500
0.04539000000000004,0.0236,0.056400000000000006,456774636701154.562500
0.045399999999999996,0.0196,0.0516,456774636701154.562500
0.04541000000000006,0.0228,0.055600000000000004,456774636701154.562500
0.045420000000000016,0.0204,0.0468,456774636701154.562500
0.04543000000000008,0.0228,0.056400000000000006,456774636701154.562500
0.045440000000000036,0.0212,0.053200000000000004,456774636701154.562500
0.04544999999999999,0.0212,0.0524,456774636701154.562500
0.045460000000000056,0.0188,0.05,456774636701154.562500
0.04547000000000001,0.0204,0.058,456774636701154.562500
0.045480000000000076,0.0228,0.0492,456774636701154.562500
0.04549000000000003,0.0204,0.0524,456774636701154.562500
0.045500000000000096,0.0228,0.0524,456774636701154.562500
0.04551000000000005,0.022000000000000002,0.058,456774636701154.562500
0.045520000000000005,0.022000000000000002,0.053200000000000004,456774636701154.562500
0.04553000000000007,0.0204,0.0524,456774636701154.562500
0.045540000000000025,0.0236,0.054,456774636701154.562500
0.04555000000000009,0.0228,0.0476,456774636701154.562500
0.045560000000000045,0.0252,0.0548,456774636701154.562500
0.04557,0.0188,0.0572,456774636701154.562500
0.045580000000000065,0.0236,0.053200000000000004,456774636701154.562500
0.04559000000000002,0.0212,0.0516,456774636701154.562500
0.045600000000000085,0.0228,0.056400000000000006,456774636701154.562500
0.04561000000000004,0.0244,0.056400000000000006,456774636701154.562500
0.045619999999999994,0.022000000000000002,0.0572,456774636701154.562500
0.04563000000000006,0.0212,0.056400000000000006,456774636701154.562500
0.045640000000000014,0.0228,0.055600000000000004,456774636701154.562500
0.04565000000000008,0.0212,0.056400000000000006,456774636701154.562500
0.045660000000000034,0.0228,0.054,456774636701154.562500
0.0456700000000001,0.0236,0.058,456774636701154.562500
0.045680000000000054,0.022000000000000002,0.0492,456774636701154.562500
0.04569000000000001,0.0228,0.055600000000000004,456774636701154.562500
0.045700000000000074,0.0212,0.0524,456774636701154.562500
0.04571000000000003,0.0204,0.0572,456774636701154.562500
0.045720000000000094,0.0196,0.058,456774636701154.562500
0.04573000000000005,0.022000000000000002,0.0572,456774636701154.562500
0.04574,0.0188,0.0572,456774636701154.562500
0.04575000000000007,0.0228,0.0524,456774636701154.562500
0.04576000000000002,0.0204,0.054,456774636701154.562500
0.04577000000000009,0.022000000000000002,0.058,456774636701154.562500
0.04578000000000004,0.0236,0.056400000000000006,456774636701154.562500
0.04579,0.0204,0.055600000000000004,456774636701154.562500
0.04580000000000006,0.0204,0.0444,456774636701154.562500
0.04581000000000002,0.0196,0.0524,456774636701154.562500
0.04582000000000008,0.0188,0.0476,456774636701154.562500
0.04583000000000004,0.0212,0.055600000000000004,456774636701154.562500
0.04583999999999999,0.0236,0.0476,456774636701154.562500
0.04585000000000006,0.0164,0.055600000000000004,456774636701154.562500
0.04586000000000001,0.0252,0.056400000000000006,456774636701154.562500
0.04587000000000008,0.022000000000000002,0.056400000000000006,456774636701154.562500
0.04588000000000003,0.0244,0.0516,456774636701154.562500
0.0458900000000001,0.0236,0.055600000000000004,456774636701154.562500
0.04590000000000005,0.0244,0.0516,456774636701154.562500
0.045910000000000006,0.018000000000000002,0.054,456774636701154.562500
0.04592000000000007,0.0244,0.0476,456774636701154.562500
0.045930000000000026,0.022000000000000002,0.054,456774636701154.562500
0.04594000000000009,0.0228,0.054,456774636701154.562500
0.045950000000000046,0.022000000000000002,0.058800000000000005,456774636701154.562500
0.04596,0.0212,0.0476,456774636701154.562500
0.045970000000000066,0.022000000000000002,0.056400000000000006,456774636701154.562500
0.04598000000000002,0.022000000000000002,0.0548,456774636701154.562500
0.045990000000000086,0.022000000000000002,0.0572,456774636701154.562500
0.04600000000000004,0.022000000000000002,0.055600000000000004,456774636701154.562500
0.046009999999999995,0.022000000000000002,0.0572,456774636701154.562500
0.04602000000000006,0.022000000000000002,0.0572,456774636701154.562500
0.046030000000000015,0.022000000000000002,0.0572,456774636701154.562500
0.04604000000000008,0.022000000000000002,0.055600000000000004,456774636701154.562500
0.046050000000000035,0.0236,0.055600000000000004,456774636701154.562500
0.04605999999999999,0.022000000000000002,0.058800000000000005,456774636701154.562500
0.046070000000000055,0.018000000000000002,0.0524,456774636701154.562500
0.04608000000000001,0.0236,0.0548,456774636701154.562500
0.046090000000000075,0.018000000000000002,0.0492,456774636701154.562500
0.04610000000000003,0.0236,0.0572,456774636701154.562500
0.046110000000000095,0.0228,0.055600000000000004,456774636701154.562500
0.04612000000000005,0.0204,0.055600000000000004,456774636701154.562500
0.046130000000000004,0.0196,0.048400000000000006,456774636701154.562500
0.04614000000000007,0.022000000000000002,0.0548,456774636701154.562500
0.046150000000000024,0.0204,0.048400000000000006,456774636701154.562500
0.04616000000000009,0.0244,0.0572,456774636701154.562500
0.046170000000000044,0.0252,0.054,456774636701154.562500
0.04618,0.026000000000000002,0.0572,456774636701154.562500
0.046190000000000064,0.0228,0.050800000000000005,456774636701154.562500
0.04620000000000002,0.0212,0.0572,456774636701154.562500
0.046210000000000084,0.022000000000000002,0.058,456774636701154.562500
0.04622000000000004,0.022000000000000002,0.053200000000000004,456774636701154.562500
0.04622999999999999,0.0236,0.054,456774636701154.562500
0.04624000000000006,0.0244,0.054,456774636701154.562500
0.04625000000000001,0.0228,0.0548,456774636701154.562500
0.04626000000000008,0.0228,0.053200000000000004,456774636701154.562500
0.04627000000000003,0.0244,0.0548,456774636701154.562500
0.0462800000000001,0.022000000000000002,0.054,456774636701154.562500
0.04629000000000005,0.0228,0.0524,456774636701154.562500
0.04630000000000001,0.022000000000000002,0.058,456774636701154.562500
0.04631000000000007,0.022000000000000002,0.050800000000000005,456774636701154.562500
0.04632000000000003,0.0204,0.0572,456774636701154.562500
0.04633000000000009,0.0236,0.058,456774636701154.562500
0.04634000000000005,0.0196,0.0572,456774636701154.562500
0.04635,0.022000000000000002,0.0548,456774636701154.562500
0.04636000000000007,0.022000000000000002,0.0548,456774636701154.562500
0.04637000000000002,0.0228,0.058,456774636701154.562500
0.04638000000000009,0.0228,0.0548,456774636701154.562500
0.04639000000000004,0.022000000000000002,0.056400000000000006,456774636701154.562500
0.0464,0.022000000000000002,0.0516,456774636701154.562500
0.04641000000000006,0.0212,0.054,456774636701154.562500
0.04642000000000002,0.0204,0.055600000000000004,456774636701154.562500
0.04643000000000008,0.0236,0.0492,456774636701154.562500
0.04644000000000004,0.0236,0.0548,456774636701154.562500
0.04644999999999999,0.0244,0.053200000000000004,456774636701154.562500
0.04646000000000006,0.0212,0.056400000000000006,456774636701154.562500
0.04647000000000001,0.0236,0.054,456774636701154.562500
0.04648000000000008,0.0244,0.0572,456774636701154.562500
0.04649000000000003,0.0236,0.0548,456774636701154.562500
0.0465000000000001,0.0228,0.0572,456774636701154.562500
0.04651000000000005,0.0236,0.056400000000000006,456774636701154.562500
0.046520000000000006,0.0236,0.056400000000000006,456774636701154.562500
0.04653000000000007,0.022000000000000002,0.0572,456774636701154.562500
0.046540000000000026,0.022000000000000002,0.0572,456774636701154.562500
0.04655000000000009,0.0228,0.056400000000000006,456774636701154.562500
0.046560000000000046,0.0236,0.053200000000000004,456774636701154.562500
0.04657,0.022000000000000002,0.056400000000000006,456774636701154.562500
0.046580000000000066,0.0188,0.0516,456774636701154.562500
0.04659000000000002,0.0196,0.056400000000000006,456774636701154.562500
0.046600000000000086,0.0196,0.058,456774636701154.562500
0.04661000000000004,0.0204,0.054,456774636701154.562500
0.046619999999999995,0.0172,0.055600000000000004,456774636701154.562500
0.04663000000000006,0.0204,0.050800000000000005,456774636701154.562500
0.046640000000000015,0.0148,0.0516,456774636701154.562500
0.04665000000000008,0.0236,0.0548,456774636701154.562500
0.046660000000000035,0.0204,0.058,456774636701154.562500
0.04666999999999999,0.022000000000000002,0.0572,456774636701154.562500
0.046680000000000055,0.0228,0.0548,456774636701154.562500
0.04669000000000001,0.0204,0.0572,456774636701154.562500
0.046700000000000075,0.0236,0.0524,456774636701154.562500
0.04671000000000003,0.0204,0.058800000000000005,456774636701154.562500
0.046720000000000095,0.0228,0.0548,456774636701154.562500
0.04673000000000005,0.022000000000000002,0.056400000000000006,456774636701154.562500
0.046740000000000004,0.0188,0.0548,456774636701154.562500
0.04675000000000007,0.0204,0.0476,456774636701154.562500
0.046760000000000024,0.0252,0.0572,456774636701154.562500
0.04677000000000009,0.0228,0.056400000000000006,456774636701154.562500
0.046780000000000044,0.0244,0.0548,456774636701154.562500
0.04679,0.0244,0.0572,456774636701154.562500
0.046800000000000064,0.0236,0.055600000000000004,456774636701154.562500
0.04681000000000002,0.026000000000000002,0.0572,456774636701154.562500
0.046820000000000084,0.0236,0.0572,456774636701154.562500
0.04683000000000004,0.0236,0.058,456774636701154.562500
0.04683999999999999,0.0236,0.058,456774636701154.562500
0.04685000000000006,0.0236,0.050800000000000005,456774636701154.562500
0.04686000000000001,0.0212,0.0572,456774636701154.562500
0.04687000000000008,0.022000000000000002,0.0572,456774636701154.562500
0.04688000000000003,0.0196,0.053200000000000004,456774636701154.562500
0.0468900000000001,0.022000000000000002,0.0572,456774636701154.562500
0.04690000000000005,0.0204,0.056400000000000006,456774636701154.562500
0.04691000000000001,0.0212,0.05,456774636701154.562500
0.04692000000000007,0.022000000000000002,0.055600000000000004,456774636701154.562500
0.04693000000000003,0.0204,0.055600000000000004,456774636701154.562500
0.04694000000000009,0.0212,0.058,456774636701154.562500
0.04695000000000005,0.0212,0.0572,456774636701154.562500
0.04696,0.0228,0.055600000000000004,456774636701154.562500
0.04697000000000007,0.022000000000000002,0.0572,456774636701154.562500
0.04698000000000002,0.022000000000000002,0.0468,456774636701154.562500
0.04699000000000009,0.0204,0.056400000000000006,456774636701154.562500
0.04700000000000004,0.0236,0.056400000000000006,456774636701154.562500
0.047009999999999996,0.0228,0.0572,456774636701154.562500
0.04702000000000006,0.0228,0.0492,456774636701154.562500
0.047030000000000016,0.0228,0.0548,456774636701154.562500
0.04704000000000008,0.0228,0.0516,456774636701154.562500
0.047050000000000036,0.0236,0.053200000000000004,456774636701154.562500
0.04705999999999999,0.0228,0.0516,456774636701154.562500
0.047070000000000056,0.022000000000000002,0.055600000000000004,456774636701154.562500
0.04708000000000001,0.0244,0.0444,456774636701154.562500
0.047090000000000076,0.0244,0.054,456774636701154.562500
0.04710000000000003,0.0252,0.0516,456774636701154.562500
0.047110000000000096,0.022000000000000002,0.0572,456774636701154.562500
0.04712000000000005,0.0236,0.058,456774636701154.562500
0.047130000000000005,0.022000000000000002,0.054,456774636701154.562500
0.04714000000000007,0.0228,0.0548,456774636701154.562500
0.047150000000000025,0.0228,0.0516,456774636701154.562500
0.04716000000000009,0.0236,0.058,456774636701154.562500
0.047170000000000045,0.0236,0.0548,456774636701154.562500
0.04718,0.0204,0.0572,456774636701154.562500
0.047190000000000065,0.022000000000000002,0.056400000000000006,456774636701154.562500
0.04720000000000002,0.0196,0.053200000000000004,456774636701154.562500
0.047210000000000085,0.0212,0.0524,456774636701154.562500
0.04722000000000004,0.0236,0.0572,456774636701154.562500
0.047229999999999994,0.0212,0.0468,456774636701154.562500
0.04724000000000006,0.0204,0.055600000000000004,456774636701154.562500
0.047250000000000014,0.022000000000000002,0.0444,456774636701154.562500
0.04726000000000008,0.0212,0.058800000000000005,456774636701154.562500
0.047270000000000034,0.015600000000000001,0.0548,456774636701154.562500
0.0472800000000001,0.0164,0.053200000000000004,456774636701154.562500
0.047290000000000054,0.018000000000000002,0.0572,456774636701154.562500
0.04730000000000001,0.0196,0.055600000000000004,456774636701154.562500
0.047310000000000074,0.0204,0.056400000000000006,456774636701154.562500
0.04732000000000003,0.0244,0.0572,456774636701154.562500
0.047330000000000094,0.0236,0.0548,456774636701154.562500
0.04734000000000005,0.0204,0.055600000000000004,456774636701154.562500
0.04735,0.022000000000000002,0.054,456774636701154.562500
0.04736000000000007,0.0244,0.053200000000000004,456774636701154.562500
0.04737000000000002,0.022000000000000002,0.054,456774636701154.562500
0.04738000000000009,0.0228,0.056400000000000006,456774636701154.562500
0.04739000000000004,0.0244,0.058,456774636701154.562500
0.0474,0.022000000000000002,0.053200000000000004,456774636701154.562500
0.04741000000000006,0.022000000000000002,0.055600000000000004,456774636701154.562500
0.04742000000000002,0.0228,0.055600000000000004,456774636701154.562500
0.04743000000000008,0.018000000000000002,0.054,456774636701154.562500
0.04744000000000004,0.0236,0.058,456774636701154.562500
0.04744999999999999,0.0228,0.0548,456774636701154.562500
0.04746000000000006,0.0228,0.0572,456774636701154.562500
0.04747000000000001,0.0228,0.056400000000000006,456774636701154.562500
0.04748000000000008,0.0212,0.0516,456774636701154.562500
0.04749000000000003,0.0196,0.0572,456774636701154.562500
0.0475000000000001,0.0236,0.056400000000000006,456774636701154.562500
0.04751000000000005,0.0212,0.054,456774636701154.562500
0.04752000000000001,0.0196,0.055600000000000004,456774636701154.562500
0.04753000000000007,0.0228,0.0548,456774636701154.562500
0.04754000000000003,0.0204,0.0572,456774636701154.562500
0.04755000000000009,0.0212,0.050800000000000005,456774636701154.562500
0.04756000000000005,0.0164,0.055600000000000004,456774636701154.562500
0.04757,0.022000000000000002,0.054,456774636701154.562500
0.04758000000000007,0.0212,0.054,456774636701154.562500
0.04759000000000002,0.022000000000000002,0.050800000000000005,456774636701154.562500
0.04760000000000009,0.022000000000000002,0.055600000000000004,456774636701154.562500
0.04761000000000004,0.0228,0.058,456774636701154.562500
0.047619999999999996,0.0228,0.056400000000000006,456774636701154.562500
0.04763000000000006,0.0236,0.054,456774636701154.562500
0.047640000000000016,0.022000000000000002,0.055600000000000004,456774636701154.562500
0.04765000000000008,0.022000000000000002,0.048400000000000006,456774636701154.562500
0.047660000000000036,0.022000000000000002,0.054,456774636701154.562500
0.04766999999999999,0.0244,0.046,456774636701154.562500
0.047680000000000056,0.0228,0.05,456774636701154.562500
0.04769000000000001,0.022000000000000002,0.0388,456774636701154.562500
0.047700000000000076,0.0228,0.048400000000000006,456774636701154.562500
0.04771000000000003,0.0228,0.0356,456774636701154.562500
0.047720000000000096,0.022000000000000002,0.0476,456774636701154.562500
0.04773000000000005,0.0236,0.054,456774636701154.562500
0.047740000000000005,0.0228,0.055600000000000004,456774636701154.562500
0.04775000000000007,0.0212,0.0436,456774636701154.562500
0.047760000000000025,0.0228,0.0548,456774636701154.562500
0.04777000000000009,0.0204,0.055600000000000004,456774636701154.562500
0.047780000000000045,0.0236,0.058,456774636701154.562500
0.04779,0.0212,0.058,456774636701154.562500
0.047800000000000065,0.022000000000000002,0.056400000000000006,456774636701154.562500
0.04781000000000002,0.0228,0.058,456774636701154.562500
0.047820000000000085,0.0228,0.0548,456774636701154.562500
0.04783000000000004,0.0228,0.055600000000000004,456774636701154.562500
0.047839999999999994,0.0204,0.055600000000000004,456774636701154.562500
0.04785000000000006,0.0228,0.054,456774636701154.562500
0.047860000000000014,0.0228,0.0548,456774636701154.562500
0.04787000000000008,0.0236,0.0516,456774636701154.562500
0.047880000000000034,0.0228,0.0572,456774636701154.562500
0.0478900000000001,0.0228,0.0524,456774636701154.562500
0.047900000000000054,0.022000000000000002,0.0548,456774636701154.562500
0.04791000000000001,0.0204,0.050800000000000005,456774636701154.562500
0.047920000000000074,0.022000000000000002,0.0476,456774636701154.562500
0.04793000000000003,0.0212,0.056400000000000006,456774636701154.562500
0.047940000000000094,0.0236,0.0476,456774636701154.562500
0.04795000000000005,0.022000000000000002,0.055600000000000004,456774636701154.562500
0.04796,0.0228,0.053200000000000004,456774636701154.562500
0.04797000000000007,0.0236,0.0572,456774636701154.562500
0.04798000000000002,0.0244,0.055600000000000004,456774636701154.562500
0.04799000000000009,0.0236,0.056400000000000006,456774636701154.562500
0.04800000000000004,0.0252,0.058,456774636701154.562500
0.04801,0.0236,0.055600000000000004,456774636701154.562500
0.04802000000000006,0.022000000000000002,0.0572,456774636701154.562500
0.04803000000000002,0.0228,0.0548,456774636701154.562500
0.04804000000000008,0.0212,0.056400000000000006,456774636701154.562500
0.04805000000000004,0.0212,0.0516,456774636701154.562500
0.04805999999999999,0.0244,0.055600000000000004,456774636701154.562500
0.04807000000000006,0.0228,0.0436,456774636701154.562500
0.04808000000000001,0.0228,0.055600000000000004,456774636701154.562500
0.04809000000000008,0.0212,0.042800000000000005,456774636701154.562500
0.04810000000000003,0.0228,0.0548,456774636701154.562500
0.0481100000000001,0.0236,0.045200000000000004,456774636701154.562500
0.04812000000000005,0.0228,0.0548,456774636701154.562500
0.048130000000000006,0.0228,0.0572,456774636701154.562500
0.04814000000000007,0.0228,0.056400000000000006,456774636701154.562500
0.048150000000000026,0.0236,0.0548,456774636701154.562500
0.04816000000000009,0.0212,0.0468,456774636701154.562500
0.048170000000000046,0.022000000000000002,0.0572,456774636701154.562500
0.04818,0.022000000000000002,0.0492,456774636701154.562500
0.048190000000000066,0.022000000000000002,0.056400000000000006,456774636701154.562500
0.04820000000000002,0.022000000000000002,0.050800000000000005,456774636701154.562500
0.048210000000000086,0.0212,0.0572,456774636701154.562500
0.04822000000000004,0.022000000000000002,0.054,456774636701154.562500
0.048229999999999995,0.0204,0.055600000000000004,456774636701154.562500
0.04824000000000006,0.022000000000000002,0.054,456774636701154.562500
0.048250000000000015,0.0228,0.0548,456774636701154.562500
0.04826000000000008,0.0244,0.056400000000000006,456774636701154.562500
0.048270000000000035,0.0228,0.05,456774636701154.562500
0.04827999999999999,0.0236,0.055600000000000004,456774636701154.562500
0.048290000000000055,0.0228,0.054,456774636701154.562500
0.04830000000000001,0.0228,0.0492,456774636701154.562500
0.048310000000000075,0.026000000000000002,0.056400000000000006,456774636701154.562500
0.04832000000000003,0.0204,0.0548,456774636701154.562500
0.048330000000000095,0.0236,0.0572,456774636701154.562500
0.04834000000000005,0.0228,0.0572,456774636701154.562500
0.048350000000000004,0.0236,0.0572,456774636701154.562500
0.04836000000000007,0.0236,0.055600000000000004,456774636701154.562500
0.048370000000000024,0.0244,0.056400000000000006,456774636701154.562500
0.04838000000000009,0.0236,0.058,456774636701154.562500
0.048390000000000044,0.0212,0.056400000000000006,456774636701154.562500
0.0484,0.0196,0.053200000000000004,456774636701154.562500
0.048410000000000064,0.022000000000000002,0.0572,456774636701154.562500
0.04842000000000002,0.015600000000000001,0.055600000000000004,456774636701154.562500
0.048430000000000084,0.0228,0.056400000000000006,456774636701154.562500
0.04844000000000004,0.022000000000000002,0.050800000000000005,456774636701154.562500
0.04844999999999999,0.0212,0.055600000000000004,456774636701154.562500
0.04846000000000006,0.022000000000000002,0.054,456774636701154.562500
0.04847000000000001,0.022000000000000002,0.0516,456774636701154.562500
0.04848000000000008,0.0212,0.054,456774636701154.562500
0.04849000000000003,0.022000000000000002,0.054,456774636701154.562500
0.0485000000000001,0.022000000000000002,0.054,456774636701154.562500
0.04851000000000005,0.0228,0.058,456774636701154.562500
0.04852000000000001,0.0236,0.0524,456774636701154.562500
0.04853000000000007,0.0212,0.0548,456774636701154.562500
0.04854000000000003,0.0228,0.055600000000000004,456774636701154.562500
0.04855000000000009,0.0228,0.055600000000000004,456774636701154.562500
0.04856000000000005,0.0228,0.056400000000000006,456774636701154.562500
0.04857,0.022000000000000002,0.0548,456774636701154.562500
0.04858000000000007,0.0228,0.056400000000000006,456774636701154.562500
0.04859000000000002,0.0244,0.053200000000000004,456774636701154.562500
0.04860000000000009,0.0236,0.0572,456774636701154.562500
0.04861000000000004,0.0236,0.056400000000000006,456774636701154.562500
0.04862,0.0244,0.053200000000000004,456774636701154.562500
0.04863000000000006,0.0244,0.055600000000000004,456774636701154.562500
0.04864000000000002,0.0244,0.046,456774636701154.562500
0.04865000000000008,0.0228,0.0572,456774636701154.562500
0.04866000000000004,0.022000000000000002,0.0516,456774636701154.562500
0.04866999999999999,0.022000000000000002,0.056400000000000006,456774636701154.562500
0.04868000000000006,0.0188,0.0476,456774636701154.562500
0.04869000000000001,0.0236,0.056400000000000006,456774636701154.562500
0.04870000000000008,0.022000000000000002,0.0476,456774636701154.562500
0.04871000000000003,0.0236,0.0572,456774636701154.562500
0.0487200000000001,0.0236,0.0572,456774636701154.562500
0.04873000000000005,0.0204,0.056400000000000006,456774636701154.562500
0.048740000000000006,0.0212,0.055600000000000004,456774636701154.562500
0.04875000000000007,0.022000000000000002,0.055600000000000004,456774636701154.562500
0.048760000000000026,0.0204,0.0572,456774636701154.562500
0.04877000000000009,0.0236,0.058,456774636701154.562500
0.048780000000000046,0.015600000000000001,0.056400000000000006,456774636701154.562500
0.04879,0.0212,0.056400000000000006,456774636701154.562500
0.048800000000000066,0.0204,0.055600000000000004,456774636701154.562500
0.04881000000000002,0.022000000000000002,0.058,456774636701154.562500
0.048820000000000086,0.018000000000000002,0.056400000000000006,456774636701154.562500
0.04883000000000004,0.0212,0.0572,456774636701154.562500
0.048839999999999995,0.0196,0.058,456774636701154.562500
0.04885000000000006,0.0212,0.0548,456774636701154.562500
0.048860000000000015,0.0236,0.0572,456774636701154.562500
0.04887000000000008,0.0236,0.0548,456774636701154.562500
0.048880000000000035,0.0228,0.0572,456774636701154.562500
0.0488900000000001,0.0212,0.058,456774636701154.562500
0.048900000000000055,0.0244,0.055600000000000004,456774636701154.562500
0.04891000000000001,0.022000000000000002,0.056400000000000006,456774636701154.562500
0.048920000000000075,0.022000000000000002,0.055600000000000004,456774636701154.562500
0.04893000000000003,0.0228,0.0516,456774636701154.562500
0.048940000000000095,0.0244,0.055600000000000004,456774636701154.562500
0.04895000000000005,0.0236,0.058,456774636701154.562500
0.048960000000000004,0.0252,0.0548,456774636701154.562500
0.04897000000000007,0.0252,0.054,456774636701154.562500
0.048980000000000024,0.0228,0.048400000000000006,456774636701154.562500
0.04899000000000009,0.022000000000000002,0.0572,456774636701154.562500
0.049000000000000044,0.0228,0.0444,456774636701154.562500
0.04901,0.0228,0.0468,456774636701154.562500
0.049020000000000064,0.0172,0.0412,456774636701154.562500
0.04903000000000002,0.022000000000000002,0.053200000000000004,456774636701154.562500
0.049040000000000084,0.0228,0.0476,456774636701154.562500
0.04905000000000004,0.0212,0.0572,456774636701154.562500
0.04905999999999999,0.0204,0.0548,456774636701154.562500
0.04907000000000006,0.022000000000000002,0.054,456774636701154.562500
0.04908000000000001,0.0228,0.055600000000000004,456774636701154.562500
0.04909000000000008,0.0228,0.0524,456774636701154.562500
0.04910000000000003,0.0204,0.055600000000000004,456774636701154.562500
0.0491100000000001,0.018000000000000002,0.055600000000000004,456774636701154.562500
0.04912000000000005,0.018000000000000002,0.055600000000000004,456774636701154.562500
0.04913000000000001,0.0204,0.0524,456774636701154.562500
0.04914000000000007,0.018000000000000002,0.054,456774636701154.562500
0.04915000000000003,0.0228,0.0516,456774636701154.562500
0.04916000000000009,0.0204,0.055600000000000004,456774636701154.562500
0.04917000000000005,0.0228,0.056400000000000006,456774636701154.562500
0.04918,0.0228,0.0476,456774636701154.562500
0.04919000000000007,0.0236,0.058,456774636701154.562500
0.04920000000000002,0.0236,0.050800000000000005,456774636701154.562500
0.04921000000000009,0.022000000000000002,0.058,456774636701154.562500
0.04922000000000004,0.0244,0.058,456774636701154.562500
0.049229999999999996,0.0252,0.055600000000000004,456774636701154.562500
0.04924000000000006,0.0244,0.058,456774636701154.562500
0.049250000000000016,0.0244,0.053200000000000004,456774636701154.562500
0.04926000000000008,0.0244,0.058,456774636701154.562500
0.049270000000000036,0.0236,0.0572,456774636701154.562500
0.04927999999999999,0.022000000000000002,0.055600000000000004,456774636701154.562500
0.049290000000000056,0.0204,0.0572,456774636701154.562500
0.04930000000000001,0.0236,0.056400000000000006,456774636701154.562500
0.049310000000000076,0.022000000000000002,0.056400000000000006,456774636701154.562500
0.04932000000000003,0.0236,0.0572,456774636701154.562500
0.049330000000000096,0.0228,0.055600000000000004,456774636701154.562500
0.04934000000000005,0.022000000000000002,0.058,456774636701154.562500
0.049350000000000005,0.022000000000000002,0.053200000000000004,456774636701154.562500
0.04936000000000007,0.0228,0.055600000000000004,456774636701154.562500
0.049370000000000025,0.0212,0.056400000000000006,456774636701154.562500
0.04938000000000009,0.0228,0.054,456774636701154.562500
0.049390000000000045,0.0228,0.058,456774636701154.562500
0.0494,0.022000000000000002,0.054,456774636701154.562500
0.049410000000000065,0.0172,0.0524,456774636701154.562500
0.04942000000000002,0.0212,0.0572,456774636701154.562500
0.049430000000000085,0.022000000000000002,0.0572,456774636701154.562500
0.04944000000000004,0.022000000000000002,0.0572,456774636701154.562500
0.049449999999999994,0.0236,0.055600000000000004,456774636701154.562500
0.04946000000000006,0.0204,0.054,456774636701154.562500
0.049470000000000014,0.0236,0.055600000000000004,456774636701154.562500
0.04948000000000008,0.0236,0.055600000000000004,456774636701154.562500
0.049490000000000034,0.0236,0.058800000000000005,456774636701154.562500
0.0495000000000001,0.022000000000000002,0.056400000000000006,456774636701154.562500
0.049510000000000054,0.0236,0.056400000000000006,456774636701154.562500
0.04952000000000001,0.0188,0.0572,456774636701154.562500
0.049530000000000074,0.026000000000000002,0.056400000000000006,456774636701154.562500
0.04954000000000003,0.0228,0.0572,456774636701154.562500
0.049550000000000094,0.0244,0.0572,456774636701154.562500
0.04956000000000005,0.0244,0.0572,456774636701154.562500
0.04957,0.0252,0.0572,456774636701154.562500
0.04958000000000007,0.0236,0.058,456774636701154.562500
0.04959000000000002,0.0236,0.048400000000000006,456774636701154.562500
0.04960000000000009,0.022000000000000002,0.058,456774636701154.562500
0.04961000000000004,0.0244,0.056400000000000006,456774636701154.562500
0.04962,0.022000000000000002,0.058800000000000005,456774636701154.562500
0.04963000000000006,0.0204,0.056400000000000006,456774636701154.562500
0.04964000000000002,0.0236,0.056400000000000006,456774636701154.562500
0.04965000000000008,0.0212,0.056400000000000006,456774636701154.562500
0.04966000000000004,0.0228,0.058,456774636701154.562500
0.04966999999999999,0.0204,0.055600000000000004,456774636701154.562500
0.04968000000000006,0.022000000000000002,0.058,456774636701154.562500
0.04969000000000001,0.0204,0.055600000000000004,456774636701154.562500
0.04970000000000008,0.0212,0.0572,456774636701154.562500
0.04971000000000003,0.022000000000000002,0.055600000000000004,456774636701154.562500
0.0497200000000001,0.0236,0.0572,456774636701154.562500
0.04973000000000005,0.0204,0.058,456774636701154.562500
0.049740000000000006,0.0228,0.056400000000000006,456774636701154.562500
0.04975000000000007,0.0228,0.0572,456774636701154.562500
0.049760000000000026,0.0212,0.056400000000000006,456774636701154.562500
0.04977000000000009,0.0228,0.056400000000000006,456774636701154.562500
0.049780000000000046,0.0228,0.0572,456774636701154.562500
0.04979,0.0244,0.058800000000000005,456774636701154.562500
0.049800000000000066,0.0244,0.056400000000000006,456774636701154.562500
0.04981000000000002,0.0204,0.0476,456774636701154.562500
0.049820000000000086,0.0244,0.054,456774636701154.562500
0.04983000000000004,0.0236,0.055600000000000004,456774636701154.562500
0.049839999999999995,0.0244,0.054,456774636701154.562500
0.04985000000000006,0.0236,0.0548,456774636701154.562500
0.049860000000000015,0.0196,0.048400000000000006,456774636701154.562500
0.04987000000000008,0.0228,0.053200000000000004,456774636701154.562500
0.049880000000000035,0.022000000000000002,0.046,456774636701154.562500
0.04988999999999999,0.0228,0.0572,456774636701154.562500
0.049900000000000055,0.0236,0.054,456774636701154.562500
0.04991000000000001,0.0236,0.056400000000000006,456774636701154.562500
0.049920000000000075,0.022000000000000002,0.0572,456774636701154.562500
0.04993000000000003,0.0228,0.0524,456774636701154.562500
0.049940000000000095,0.0228,0.058800000000000005,456774636701154.562500
0.04995000000000005,0.022000000000000002,0.0524,456774636701154.562500
0.049960000000000004,0.0236,0.0572,456774636701154.562500
0.04997000000000007,0.022000000000000002,0.048400000000000006,456774636701154.562500
0.049980000000000024,0.0236,0.0572,456774636701154.562500
0.04999000000000009,0.0228,0.048400000000000006,456774636701154.562500
0.050000000000000044,0.0212,0.053200000000000004,456774636701154.562500
0.05001,0.022000000000000002,0.0572,456774636701154.562500
0.050020000000000064,0.0212,0.054,456774636701154.562500
0.05003000000000002,0.0236,0.048400000000000006,456774636701154.562500
0.050040000000000084,0.0188,0.050800000000000005,456774636701154.562500
0.05005000000000004,0.0228,0.0476,456774636701154.562500
0.05005999999999999,0.022000000000000002,0.054,456774636701154.562500
0.05007000000000006,0.0204,0.053200000000000004,456774636701154.562500
0.05008000000000001,0.022000000000000002,0.0524,456774636701154.562500
0.05009000000000008,0.0204,0.0476,456774636701154.562500
0.05010000000000003,0.0212,0.0572,456774636701154.562500
0.0501100000000001,0.0244,0.056400000000000006,456774636701154.562500
0.05012000000000005,0.0236,0.056400000000000006,456774636701154.562500
0.05013000000000001,0.0244,0.058,456774636701154.562500
0.05014000000000007,0.0228,0.055600000000000004,456774636701154.562500
0.05015000000000003,0.0228,0.056400000000000006,456774636701154.562500
0.05016000000000009,0.0252,0.055600000000000004,456774636701154.562500
0.05017000000000005,0.0244,0.058,456774636701154.562500
0.05018,0.0244,0.056400000000000006,456774636701154.562500
0.05019000000000007,0.026000000000000002,0.056400000000000006,456774636701154.562500
0.05020000000000002,0.0204,0.0548,456774636701154.562500
0.05021000000000009,0.022000000000000002,0.0516,456774636701154.562500
0.05022000000000004,0.0204,0.0524,456774636701154.562500
0.05023,0.022000000000000002,0.055600000000000004,456774636701154.562500
0.05024000000000006,0.0228,0.0492,456774636701154.562500
0.05025000000000002,0.0204,0.056400000000000006,456774636701154.562500
0.05026000000000008,0.0244,0.0468,456774636701154.562500
0.05027000000000004,0.022000000000000002,0.0548,456774636701154.562500
0.05027999999999999,0.022000000000000002,0.0572,456774636701154.562500
0.05029000000000006,0.0204,0.0548,456774636701154.562500
0.05030000000000001,0.018000000000000002,0.0572,456774636701154.562500
0.05031000000000008,0.018000000000000002,0.053200000000000004,456774636701154.562500
0.05032000000000003,0.0204,0.056400000000000006,456774636701154.562500
0.0503300000000001,0.0212,0.0572,456774636701154.562500
0.05034000000000005,0.0196,0.0572,456774636701154.562500
0.050350000000000006,0.022000000000000002,0.054,456774636701154.562500
0.05036000000000007,0.0228,0.056400000000000006,456774636701154.562500
0.050370000000000026,0.0236,0.055600000000000004,456774636701154.562500
0.05038000000000009,0.0204,0.0548,456774636701154.562500
0.050390000000000046,0.018000000000000002,0.0572,456774636701154.562500
0.0504,0.0228,0.058,456774636701154.562500
0.050410000000000066,0.0212,0.0572,456774636701154.562500
0.05042000000000002,0.0228,0.054,456774636701154.562500
0.050430000000000086,0.0244,0.0524,456774636701154.562500
0.05044000000000004,0.0228,0.056400000000000006,456774636701154.562500
0.050449999999999995,0.0236,0.0516,456774636701154.562500
0.05046000000000006,0.0228,0.056400000000000006,456774636701154.562500
0.050470000000000015,0.0228,0.053200000000000004,456774636701154.562500
0.05048000000000008,0.0228,0.0524,456774636701154.562500
0.050490000000000035,0.0228,0.0468,456774636701154.562500
0.0505000000000001,0.0212,0.056400000000000006,456774636701154.562500
0.050510000000000055,0.0212,0.0572,456774636701154.562500
0.05052000000000001,0.0236,0.056400000000000006,456774636701154.562500
0.050530000000000075,0.0228,0.0572,456774636701154.562500
0.05054000000000003,0.0244,0.0548,456774636701154.562500
0.050550000000000095,0.0204,0.058,456774636701154.562500
0.05056000000000005,0.0212,0.056400000000000006,456774636701154.562500
0.050570000000000004,0.022000000000000002,0.056400000000000006,456774636701154.562500
0.05058000000000007,0.022000000000000002,0.056400000000000006,456774636701154.562500
0.050590000000000024,0.022000000000000002,0.053200000000000004,456774636701154.562500
0.05060000000000009,0.0212,0.0572,456774636701154.562500
0.050610000000000044,0.0212,0.0572,456774636701154.562500
0.05062,0.022000000000000002,0.055600000000000004,456774636701154.562500
0.050630000000000064,0.0236,0.058,456774636701154.562500
0.05064000000000002,0.022000000000000002,0.0476,456774636701154.562500
0.050650000000000084,0.0228,0.055600000000000004,456774636701154.562500
0.05066000000000004,0.022000000000000002,0.056400000000000006,456774636701154.562500
0.05066999999999999,0.0228,0.0548,456774636701154.562500
0.05068000000000006,0.0204,0.058,456774636701154.562500
0.05069000000000001,0.0196,0.055600000000000004,456774636701154.562500
0.05070000000000008,0.0196,0.058,456774636701154.562500
0.05071000000000003,0.0252,0.058,456774636701154.562500
0.0507200000000001,0.0244,0.0524,456774636701154.562500
0.05073000000000005,0.0236,0.055600000000000004,456774636701154.562500
0.05074000000000001,0.0244,0.0572,456774636701154.562500
0.05075000000000007,0.0244,0.0524,456774636701154.562500
0.05076000000000003,0.022000000000000002,0.055600000000000004,456774636701154.562500
0.05077000000000009,0.0204,0.05,456774636701154.562500
0.05078000000000005,0.0212,0.0468,456774636701154.562500
0.05079,0.022000000000000002,0.05,456774636701154.562500
0.05080000000000007,0.022000000000000002,0.056400000000000006,456774636701154.562500
0.05081000000000002,0.0212,0.05,456774636701154.562500
0.05082000000000009,0.0228,0.055600000000000004,456774636701154.562500
0.05083000000000004,0.0196,0.0516,456774636701154.562500
0.050839999999999996,0.022000000000000002,0.055600000000000004,456774636701154.562500
0.05085000000000006,0.022000000000000002,0.054,456774636701154.562500
0.050860000000000016,0.022000000000000002,0.054,456774636701154.562500
0.05087000000000008,0.0212,0.048400000000000006,456774636701154.562500
0.050880000000000036,0.0212,0.055600000000000004,456774636701154.562500
0.05088999999999999,0.0188,0.055600000000000004,456774636701154.562500
0.050900000000000056,0.0196,0.0548,456774636701154.562500
0.05091000000000001,0.0204,0.054,456774636701154.562500
0.050920000000000076,0.0196,0.0524,456774636701154.562500
0.05093000000000003,0.022000000000000002,0.0412,456774636701154.562500
0.050940000000000096,0.022000000000000002,0.0548,456774636701154.562500
0.05095000000000005,0.0196,0.056400000000000006,456774636701154.562500
0.050960000000000005,0.022000000000000002,0.055600000000000004,456774636701154.562500
0.05097000000000007,0.0236,0.0572,456774636701154.562500
0.050980000000000025,0.0236,0.0492,456774636701154.562500
0.05099000000000009,0.0228,0.053200000000000004,456774636701154.562500
0.051000000000000045,0.0228,0.0524,456774636701154.562500
0.05101,0.022000000000000002,0.058,456774636701154.562500
0.051020000000000065,0.0204,0.053200000000000004,456774636701154.562500
0.05103000000000002,0.0244,0.0572,456774636701154.562500
0.051040000000000085,0.0252,0.0524,456774636701154.562500
0.05105000000000004,0.0244,0.0468,456774636701154.562500
0.051059999999999994,0.0236,0.0444,456774636701154.562500
0.05107000000000006,0.022000000000000002,0.053200000000000004,456774636701154.562500
0.051080000000000014,0.0236,0.055600000000000004,456774636701154.562500
0.05109000000000008,0.0244,0.058,456774636701154.562500
0.051100000000000034,0.0236,0.056400000000000006,456774636701154.562500
0.0511100000000001,0.0236,0.0572,456774636701154.562500
0.051120000000000054,0.022000000000000002,0.058800000000000005,456774636701154.562500
0.05113000000000001,0.022000000000000002,0.056400000000000006,456774636701154.562500
0.051140000000000074,0.0212,0.0548,456774636701154.562500
0.05115000000000003,0.0212,0.058,456774636701154.562500
0.051160000000000094,0.0212,0.055600000000000004,456774636701154.562500
0.05117000000000005,0.022000000000000002,0.0572,456774636701154.562500
0.05118,0.022000000000000002,0.0572,456774636701154.562500
0.05119000000000007,0.0212,0.056400000000000006,456774636701154.562500
0.05120000000000002,0.022000000000000002,0.055600000000000004,456774636701154.562500
0.05121000000000009,0.0212,0.058,456774636701154.562500
0.05122000000000004,0.022000000000000002,0.0524,456774636701154.562500
0.05123,0.0228,0.054,456774636701154.562500
0.05124000000000006,0.022000000000000002,0.056400000000000006,456774636701154.562500
0.05125000000000002,0.0228,0.0572,456774636701154.562500
0.05126000000000008,0.022000000000000002,0.058,456774636701154.562500
0.05127000000000004,0.0228,0.055600000000000004,456774636701154.562500
0.05127999999999999,0.0204,0.055600000000000004,456774636701154.562500
0.05129000000000006,0.0212,0.0572,456774636701154.562500
0.05130000000000001,0.022000000000000002,0.0572,456774636701154.562500
0.05131000000000008,0.0244,0.056400000000000006,456774636701154.562500
0.05132000000000003,0.0236,0.0524,456774636701154.562500
0.0513300000000001,0.0244,0.0548,456774636701154.562500
0.05134000000000005,0.0228,0.056400000000000006,456774636701154.562500
0.05135000000000001,0.0236,0.054,456774636701154.562500
0.05136000000000007,0.0236,0.0524,456774636701154.562500
0.05137000000000003,0.0228,0.055600000000000004,456774636701154.562500
0.05138000000000009,0.0244,0.05,456774636701154.562500
0.05139000000000005,0.0252,0.056400000000000006,456774636701154.562500
0.0514,0.0236,0.050800000000000005,456774636701154.562500
0.05141000000000007,0.0244,0.0476,456774636701154.562500
0.05142000000000002,0.0236,0.0436,456774636701154.562500
0.05143000000000009,0.0196,0.055600000000000004,456774636701154.562500
0.05144000000000004,0.0212,0.0476,456774636701154.562500
0.051449999999999996,0.0196,0.054,456774636701154.562500
0.05146000000000006,0.022000000000000002,0.053200000000000004,456774636701154.562500
0.051470000000000016,0.022000000000000002,0.0572,456774636701154.562500
0.05148000000000008,0.0228,0.055600000000000004,456774636701154.562500
0.051490000000000036,0.022000000000000002,0.055600000000000004,456774636701154.562500
0.05149999999999999,0.015600000000000001,0.054,456774636701154.562500
0.051510000000000056,0.0204,0.058,456774636701154.562500
0.05152000000000001,0.0196,0.055600000000000004,456774636701154.562500
0.051530000000000076,0.022000000000000002,0.050800000000000005,456774636701154.562500
0.05154000000000003,0.0212,0.058,456774636701154.562500
0.051550000000000096,0.0236,0.054,456774636701154.562500
0.05156000000000005,0.0228,0.055600000000000004,456774636701154.562500
0.051570000000000005,0.022000000000000002,0.055600000000000004,456774636701154.562500
0.05158000000000007,0.0236,0.055600000000000004,456774636701154.562500
0.051590000000000025,0.0228,0.054,456774636701154.562500
0.05160000000000009,0.0236,0.0572,456774636701154.562500
0.051610000000000045,0.0236,0.058800000000000005,456774636701154.562500
0.05162,0.0228,0.058,456774636701154.562500
0.051630000000000065,0.0228,0.055600000000000004,456774636701154.562500
0.05164000000000002,0.0212,0.053200000000000004,456774636701154.562500
0.051650000000000085,0.0244,0.058,456774636701154.562500
0.05166000000000004,0.0196,0.0572,456774636701154.562500
0.051669999999999994,0.0196,0.055600000000000004,456774636701154.562500
0.05168000000000006,0.0204,0.054,456774636701154.562500
0.051690000000000014,0.0244,0.0572,456774636701154.562500
0.05170000000000008,0.0196,0.056400000000000006,456774636701154.562500
0.051710000000000034,0.022000000000000002,0.058,456774636701154.562500
0.0517200000000001,0.0236,0.055600000000000004,456774636701154.562500
0.051730000000000054,0.0228,0.055600000000000004,456774636701154.562500
0.05174000000000001,0.0228,0.055600000000000004,456774636701154.562500
0.051750000000000074,0.0244,0.0572,456774636701154.562500
0.05176000000000003,0.0228,0.055600000000000004,456774636701154.562500
0.051770000000000094,0.0236,0.0572,456774636701154.562500
0.05178000000000005,0.0196,0.055600000000000004,456774636701154.562500
0.05179,0.0196,0.056400000000000006,456774636701154.562500
0.05180000000000007,0.0196,0.058,456774636701154.562500
0.05181000000000002,0.022000000000000002,0.056400000000000006,456774636701154.562500
0.05182000000000009,0.018000000000000002,0.054,456774636701154.562500
0.05183000000000004,0.0188,0.058,456774636701154.562500
0.05184,0.0188,0.058,456774636701154.562500
0.05185000000000006,0.0188,0.0572,456774636701154.562500
0.05186000000000002,0.0172,0.0572,456774636701154.562500
0.05187000000000008,0.0204,0.0572,456774636701154.562500
0.05188000000000004,0.0164,0.056400000000000006,456774636701154.562500
0.05188999999999999,0.014,0.058800000000000005,456774636701154.562500
0.05190000000000006,0.022000000000000002,0.0572,456774636701154.562500
0.05191000000000001,0.0244,0.0572,456774636701154.562500
0.05192000000000008,0.0236,0.0572,456774636701154.562500
0.05193000000000003,0.022000000000000002,0.0572,456774636701154.562500
0.0519400000000001,0.0204,0.056400000000000006,456774636701154.562500
0.05195000000000005,0.0212,0.056400000000000006,456774636701154.562500
0.051960000000000006,0.0204,0.055600000000000004,456774636701154.562500
0.05197000000000007,0.0212,0.0548,456774636701154.562500
0.051980000000000026,0.0252,0.0572,456774636701154.562500
0.05199000000000009,0.0244,0.0572,456774636701154.562500
0.052000000000000046,0.0228,0.055600000000000004,456774636701154.562500
0.05201,0.022000000000000002,0.0572,456774636701154.562500
0.052020000000000066,0.0236,0.0548,456774636701154.562500
0.05203000000000002,0.0228,0.045200000000000004,456774636701154.562500
0.052040000000000086,0.0236,0.054,456774636701154.562500
0.05205000000000004,0.022000000000000002,0.055600000000000004,456774636701154.562500
0.052059999999999995,0.022000000000000002,0.055600000000000004,456774636701154.562500
0.05207000000000006,0.0236,0.0492,456774636701154.562500
0.052080000000000015,0.0212,0.054,456774636701154.562500
0.05209000000000008,0.0212,0.0476,456774636701154.562500
0.052100000000000035,0.022000000000000002,0.055600000000000004,456774636701154.562500
0.05210999999999999,0.022000000000000002,0.0516,456774636701154.562500
0.052120000000000055,0.022000000000000002,0.053200000000000004,456774636701154.562500
0.05213000000000001,0.0204,0.055600000000000004,456774636701154.562500
0.052140000000000075,0.0228,0.058,456774636701154.562500
0.05215000000000003,0.0236,0.0548,456774636701154.562500
0.052160000000000095,0.0228,0.056400000000000006,456774636701154.562500
0.05217000000000005,0.0228,0.056400000000000006,456774636701154.562500
0.052180000000000004,0.0236,0.0524,456774636701154.562500
0.05219000000000007,0.022000000000000002,0.0476,456774636701154.562500
0.052200000000000024,0.0236,0.038,456774636701154.562500
0.05221000000000009,0.0228,0.0516,456774636701154.562500
0.052220000000000044,0.0228,0.05,456774636701154.562500
0.05223,0.022000000000000002,0.055600000000000004,456774636701154.562500
0.052240000000000064,0.0236,0.056400000000000006,456774636701154.562500
0.05225000000000002,0.0236,0.055600000000000004,456774636701154.562500
0.052260000000000084,0.026000000000000002,0.058,456774636701154.562500
0.05227000000000004,0.0244,0.0524,456774636701154.562500
0.05227999999999999,0.0244,0.056400000000000006,456774636701154.562500
0.05229000000000006,0.0228,0.058,456774636701154.562500
0.05230000000000001,0.0252,0.056400000000000006,456774636701154.562500
0.05231000000000008,0.0244,0.055600000000000004,456774636701154.562500
0.05232000000000003,0.0244,0.055600000000000004,456774636701154.562500
0.0523300000000001,0.0228,0.0572,456774636701154.562500
0.05234000000000005,0.0228,0.058800000000000005,456774636701154.562500
0.05235000000000001,0.0212,0.0572,456774636701154.562500
0.05236000000000007,0.0228,0.058800000000000005,456774636701154.562500
0.05237000000000003,0.0212,0.0572,456774636701154.562500
0.05238000000000009,0.0212,0.055600000000000004,456774636701154.562500
0.05239000000000005,0.022000000000000002,0.056400000000000006,456774636701154.562500
0.0524,0.0212,0.0572,456774636701154.562500
0.05241000000000007,0.0212,0.0572,456774636701154.562500
0.05242000000000002,0.0212,0.055600000000000004,456774636701154.562500
0.05243000000000009,0.0188,0.0572,456774636701154.562500
0.05244000000000004,0.0204,0.058,456774636701154.562500
0.05245,0.0236,0.056400000000000006,456774636701154.562500
0.05246000000000006,0.0236,0.055600000000000004,456774636701154.562500
0.05247000000000002,0.0236,0.053200000000000004,456774636701154.562500
0.05248000000000008,0.022000000000000002,0.054,456774636701154.562500
0.05249000000000004,0.022000000000000002,0.058,456774636701154.562500
0.05249999999999999,0.0228,0.056400000000000006,456774636701154.562500
0.05251000000000006,0.0236,0.0572,456774636701154.562500
0.05252000000000001,0.0236,0.058,456774636701154.562500
0.05253000000000008,0.0236,0.0548,456774636701154.562500
0.05254000000000003,0.0244,0.058,456774636701154.562500
0.0525500000000001,0.0236,0.0548,456774636701154.562500
0.05256000000000005,0.0236,0.05,456774636701154.562500
0.052570000000000006,0.0244,0.054,456774636701154.562500
0.05258000000000007,0.022000000000000002,0.056400000000000006,456774636701154.562500
0.052590000000000026,0.0252,0.055600000000000004,456774636701154.562500
0.05260000000000009,0.0236,0.0572,456774636701154.562500
0.052610000000000046,0.0236,0.0548,456774636701154.562500
0.05262,0.0236,0.058800000000000005,456774636701154.562500
0.052630000000000066,0.0236,0.0572,456774636701154.562500
0.05264000000000002,0.022000000000000002,0.058,456774636701154.562500
0.052650000000000086,0.0212,0.056400000000000006,456774636701154.562500
0.05266000000000004,0.0212,0.0572,456774636701154.562500
0.052669999999999995,0.0228,0.055600000000000004,456774636701154.562500
0.05268000000000006,0.0236,0.058,456774636701154.562500
0.052690000000000015,0.0204,0.0572,456774636701154.562500
0.05270000000000008,0.0212,0.0572,456774636701154.562500
0.052710000000000035,0.0188,0.058,456774636701154.562500
0.0527200000000001,0.0204,0.056400000000000006,456774636701154.562500
0.052730000000000055,0.0188,0.055600000000000004,456774636701154.562500
0.05274000000000001,0.0228,0.0572,456774636701154.562500
0.052750000000000075,0.022000000000000002,0.0548,456774636701154.562500
0.05276000000000003,0.0228,0.055600000000000004,456774636701154.562500
0.052770000000000095,0.0228,0.053200000000000004,456774636701154.562500
0.05278000000000005,0.0236,0.0548,456774636701154.562500
0.052790000000000004,0.0244,0.056400000000000006,456774636701154.562500
0.05280000000000007,0.022000000000000002,0.0572,456774636701154.562500
0.052810000000000024,0.0236,0.056400000000000006,456774636701154.562500
0.05282000000000009,0.0228,0.054,456774636701154.562500
0.052830000000000044,0.022000000000000002,0.056400000000000006,456774636701154.562500
0.05284,0.0252,0.0572,456774636701154.562500
0.052850000000000064,0.0244,0.056400000000000006,456774636701154.562500
0.05286000000000002,0.0244,0.0572,456774636701154.562500
0.052870000000000084,0.0244,0.056400000000000006,456774636701154.562500
0.05288000000000004,0.022000000000000002,0.055600000000000004,456774636701154.562500
0.05288999999999999,0.026000000000000002,0.055600000000000004,456774636701154.562500
0.05290000000000006,0.0252,0.058,456774636701154.562500
0.05291000000000001,0.0236,0.0572,456774636701154.562500
0.05292000000000008,0.0228,0.058,456774636701154.562500
0.05293000000000003,0.0228,0.055600000000000004,456774636701154.562500
0.0529400000000001,0.022000000000000002,0.056400000000000006,456774636701154.562500
0.05295000000000005,0.0236,0.058,456774636701154.562500
0.05296000000000001,0.022000000000000002,0.0548,456774636701154.562500
0.05297000000000007,0.0236,0.056400000000000006,456774636701154.562500
0.05298000000000003,0.0236,0.0548,456774636701154.562500
0.05299000000000009,0.022000000000000002,0.055600000000000004,456774636701154.562500
0.05300000000000005,0.0236,0.058,456774636701154.562500
0.05301,0.0236,0.058,456774636701154.562500
0.05302000000000007,0.022000000000000002,0.0572,456774636701154.562500
0.05303000000000002,0.022000000000000002,0.0572,456774636701154.562500
0.05304000000000009,0.0204,0.058,456774636701154.562500
0.05305000000000004,0.022000000000000002,0.056400000000000006,456774636701154.562500
0.053059999999999996,0.0228,0.0572,456774636701154.562500
0.05307000000000006,0.0228,0.0572,456774636701154.562500
0.053080000000000016,0.022000000000000002,0.054,456774636701154.562500
0.05309000000000008,0.022000000000000002,0.0548,456774636701154.562500
0.053100000000000036,0.0212,0.0548,456774636701154.562500
0.05310999999999999,0.0212,0.053200000000000004,456774636701154.562500
0.053120000000000056,0.0212,0.056400000000000006,456774636701154.562500
0.05313000000000001,0.0236,0.0524,456774636701154.562500
0.053140000000000076,0.0212,0.0572,456774636701154.562500
0.05315000000000003,0.022000000000000002,0.058,456774636701154.562500
0.053160000000000096,0.0212,0.055600000000000004,456774636701154.562500
0.05317000000000005,0.0252,0.0596,456774636701154.562500
0.053180000000000005,0.0228,0.0572,456774636701154.562500
0.05319000000000007,0.0252,0.0572,456774636701154.562500
0.053200000000000025,0.0236,0.055600000000000004,456774636701154.562500
0.05321000000000009,0.0236,0.053200000000000004,456774636701154.562500
0.053220000000000045,0.022000000000000002,0.054,456774636701154.562500
0.05323,0.0228,0.0548,456774636701154.562500
0.053240000000000065,0.0236,0.0572,456774636701154.562500
0.05325000000000002,0.0228,0.0572,456774636701154.562500
0.053260000000000085,0.0236,0.054,456774636701154.562500
0.05327000000000004,0.0244,0.054,456774636701154.562500
0.053279999999999994,0.0212,0.045200000000000004,456774636701154.562500
0.05329000000000006,0.0228,0.054,456774636701154.562500
0.053300000000000014,0.022000000000000002,0.055600000000000004,456774636701154.562500
0.05331000000000008,0.022000000000000002,0.054,456774636701154.562500
0.053320000000000034,0.022000000000000002,0.056400000000000006,456774636701154.562500
0.0533300000000001,0.0212,0.0548,456774636701154.562500
0.053340000000000054,0.0228,0.0548,456774636701154.562500
0.05335000000000001,0.0228,0.058,456774636701154.562500
0.053360000000000074,0.0212,0.0572,456774636701154.562500
0.05337000000000003,0.0228,0.058,456774636701154.562500
0.053380000000000094,0.0188,0.0516,456774636701154.562500
0.05339000000000005,0.0228,0.0572,456774636701154.562500
0.0534,0.0196,0.055600000000000004,456774636701154.562500
0.05341000000000007,0.0236,0.0524,456774636701154.562500
0.05342000000000002,0.0204,0.058800000000000005,456774636701154.562500
0.05343000000000009,0.0204,0.056400000000000006,456774636701154.562500
0.05344000000000004,0.0188,0.055600000000000004,456774636701154.562500
0.05345,0.0212,0.058,456774636701154.562500
0.05346000000000006,0.0244,0.058,456774636701154.562500
0.05347000000000002,0.0236,0.0572,456774636701154.562500
0.05348000000000008,0.0252,0.0572,456774636701154.562500
0.05349000000000004,0.0252,0.056400000000000006,456774636701154.562500
0.05349999999999999,0.0236,0.0572,456774636701154.562500
0.05351000000000006,0.0244,0.058800000000000005,456774636701154.562500
0.05352000000000001,0.022000000000000002,0.0572,456774636701154.562500
0.05353000000000008,0.022000000000000002,0.055600000000000004,456774636701154.562500
0.05354000000000003,0.022000000000000002,0.0572,456774636701154.562500
0.0535500000000001,0.022000000000000002,0.056400000000000006,456774636701154.562500
0.05356000000000005,0.022000000000000002,0.058,456774636701154.562500
0.053570000000000007,0.0244,0.055600000000000004,456774636701154.562500
0.05358000000000007,0.022000000000000002,0.0572,456774636701154.562500
0.053590000000000027,0.0228,0.0572,456774636701154.562500
0.05360000000000009,0.0236,0.0572,456774636701154.562500
0.053610000000000047,0.0228,0.055600000000000004,456774636701154.562500
0.05362,0.0212,0.0572,456774636701154.562500
0.053630000000000067,0.022000000000000002,0.0572,456774636701154.562500
0.05364000000000002,0.0228,0.054,456774636701154.562500
0.053650000000000087,0.022000000000000002,0.0572,456774636701154.562500
0.05366000000000004,0.022000000000000002,0.054,456774636701154.562500
0.053669999999999995,0.0212,0.053200000000000004,456774636701154.562500
0.05368000000000006,0.0212,0.0516,456774636701154.562500
0.053690000000000015,0.0212,0.050800000000000005,456774636701154.562500
0.05370000000000008,0.0236,0.055600000000000004,456774636701154.562500
0.053710000000000035,0.0164,0.054,456774636701154.562500
0.05371999999999999,0.0228,0.058,456774636701154.562500
0.053730000000000055,0.0212,0.058800000000000005,456774636701154.562500
0.05374000000000001,0.0228,0.0516,456774636701154.562500
0.053750000000000075,0.0252,0.054,456774636701154.562500
0.05376000000000003,0.022000000000000002,0.055600000000000004,456774636701154.562500
0.053770000000000095,0.0236,0.056400000000000006,456774636701154.562500
0.05378000000000005,0.0236,0.0548,456774636701154.562500
0.053790000000000004,0.0228,0.056400000000000006,456774636701154.562500
0.05380000000000007,0.0244,0.0572,456774636701154.562500
0.053810000000000024,0.0244,0.0548,456774636701154.562500
0.05382000000000009,0.0236,0.0572,456774636701154.562500
0.053830000000000044,0.0244,0.056400000000000006,456774636701154.562500
0.05384,0.0236,0.056400000000000006,456774636701154.562500
0.053850000000000064,0.0252,0.056400000000000006,456774636701154.562500
0.05386000000000002,0.0236,0.056400000000000006,456774636701154.562500
0.053870000000000084,0.0236,0.058,456774636701154.562500
0.05388000000000004,0.0236,0.056400000000000006,456774636701154.562500
0.05388999999999999,0.0228,0.055600000000000004,456774636701154.562500
0.05390000000000006,0.0228,0.0572,456774636701154.562500
0.05391000000000001,0.0228,0.0572,456774636701154.562500
0.05392000000000008,0.022000000000000002,0.056400000000000006,456774636701154.562500
0.05393000000000003,0.022000000000000002,0.058,456774636701154.562500
0.0539400000000001,0.022000000000000002,0.056400000000000006,456774636701154.562500
0.05395000000000005,0.0228,0.0572,456774636701154.562500
0.05396000000000001,0.0236,0.058,456774636701154.562500
0.053970000000000073,0.022000000000000002,0.0572,456774636701154.562500
0.05398000000000003,0.022000000000000002,0.058800000000000005,456774636701154.562500
0.053990000000000093,0.022000000000000002,0.055600000000000004,456774636701154.562500
0.05400000000000005,0.0236,0.050800000000000005,456774636701154.562500
0.05401,0.0212,0.058,456774636701154.562500
0.05402000000000007,0.022000000000000002,0.0572,456774636701154.562500
0.05403000000000002,0.0188,0.054,456774636701154.562500
0.05404000000000009,0.0196,0.056400000000000006,456774636701154.562500
0.05405000000000004,0.0188,0.058,456774636701154.562500
0.05406,0.0212,0.056400000000000006,456774636701154.562500
0.05407000000000006,0.0228,0.058,456774636701154.562500
0.05408000000000002,0.0228,0.056400000000000006,456774636701154.562500
0.05409000000000008,0.0204,0.056400000000000006,456774636701154.562500
0.05410000000000004,0.0236,0.0572,456774636701154.562500
0.05410999999999999,0.0252,0.0572,456774636701154.562500
0.05412000000000006,0.0236,0.058,456774636701154.562500
0.05413000000000001,0.0244,0.0524,456774636701154.562500
0.05414000000000008,0.0228,0.05,456774636701154.562500
0.05415000000000003,0.0236,0.058,456774636701154.562500
0.0541600000000001,0.0236,0.056400000000000006,456774636701154.562500
0.05417000000000005,0.0236,0.056400000000000006,456774636701154.562500
0.054180000000000006,0.022000000000000002,0.0572,456774636701154.562500
0.05419000000000007,0.0204,0.0516,456774636701154.562500
0.054200000000000026,0.0228,0.0548,456774636701154.562500
0.05421000000000009,0.0212,0.0572,456774636701154.562500
0.054220000000000046,0.0228,0.0548,456774636701154.562500
0.05423,0.022000000000000002,0.056400000000000006,456774636701154.562500
0.054240000000000066,0.0204,0.056400000000000006,456774636701154.562500
0.05425000000000002,0.022000000000000002,0.056400000000000006,456774636701154.562500
0.054260000000000086,0.0212,0.055600000000000004,456774636701154.562500
0.05427000000000004,0.0212,0.055600000000000004,456774636701154.562500
0.054279999999999995,0.0212,0.05,456774636701154.562500
0.05429000000000006,0.0212,0.058,456774636701154.562500
0.054300000000000015,0.022000000000000002,0.055600000000000004,456774636701154.562500
0.05431000000000008,0.0228,0.056400000000000006,456774636701154.562500
0.054320000000000035,0.022000000000000002,0.056400000000000006,456774636701154.562500
0.0543300000000001,0.0244,0.056400000000000006,456774636701154.562500
0.054340000000000055,0.0212,0.0572,456774636701154.562500
0.05435000000000001,0.0236,0.056400000000000006,456774636701154.562500
0.054360000000000075,0.0236,0.056400000000000006,456774636701154.562500
0.05437000000000003,0.0228,0.056400000000000006,456774636701154.562500
0.054380000000000095,0.0244,0.056400000000000006,456774636701154.562500
0.05439000000000005,0.0228,0.055600000000000004,456774636701154.562500
0.054400000000000004,0.0236,0.055600000000000004,456774636701154.562500
0.05441000000000007,0.0228,0.058,456774636701154.562500
0.054420000000000024,0.0252,0.055600000000000004,456774636701154.562500
0.05443000000000009,0.0236,0.0524,456774636701154.562500
0.054440000000000044,0.0236,0.054,456774636701154.562500
0.05445,0.0244,0.058,456774636701154.562500
0.054460000000000064,0.0236,0.056400000000000006,456774636701154.562500
0.05447000000000002,0.0236,0.0572,456774636701154.562500
0.054480000000000084,0.0204,0.0572,456774636701154.562500
0.05449000000000004,0.0204,0.0572,456774636701154.562500
0.05449999999999999,0.022000000000000002,0.056400000000000006,456774636701154.562500
0.05451000000000006,0.0228,0.050800000000000005,456774636701154.562500
0.05452000000000001,0.022000000000000002,0.056400000000000006,456774636701154.562500
0.05453000000000008,0.0228,0.0548,456774636701154.562500
0.05454000000000003,0.0188,0.048400000000000006,456774636701154.562500
0.0545500000000001,0.0212,0.0492,456774636701154.562500
0.05456000000000005,0.0204,0.0572,456774636701154.562500
0.05457000000000001,0.0212,0.0572,456774636701154.562500
0.05458000000000007,0.022000000000000002,0.058,456774636701154.562500
0.05459000000000003,0.0188,0.056400000000000006,456774636701154.562500
0.05460000000000009,0.0204,0.054,456774636701154.562500
0.05461000000000005,0.022000000000000002,0.056400000000000006,456774636701154.562500
0.05462,0.022000000000000002,0.0492,456774636701154.562500
0.05463000000000007,0.0228,0.0492,456774636701154.562500
0.05464000000000002,0.022000000000000002,0.0476,456774636701154.562500
0.05465000000000009,0.0236,0.048400000000000006,456774636701154.562500
0.05466000000000004,0.022000000000000002,0.05,456774636701154.562500
0.054669999999999996,0.022000000000000002,0.0548,456774636701154.562500
0.05468000000000006,0.0236,0.040400000000000005,456774636701154.562500
0.054690000000000016,0.0196,0.0492,456774636701154.562500
0.05470000000000008,0.0252,0.0436,456774636701154.562500
0.054710000000000036,0.0196,0.0572,456774636701154.562500
0.05471999999999999,0.0244,0.056400000000000006,456774636701154.562500
0.054730000000000056,0.0228,0.050800000000000005,456774636701154.562500
0.05474000000000001,0.0244,0.0548,456774636701154.562500
0.054750000000000076,0.0252,0.0524,456774636701154.562500
0.05476000000000003,0.0236,0.0548,456774636701154.562500
0.054770000000000096,0.022000000000000002,0.0524,456774636701154.562500
0.05478000000000005,0.0236,0.053200000000000004,456774636701154.562500
0.054790000000000005,0.022000000000000002,0.0476,456774636701154.562500
0.05480000000000007,0.0236,0.054,456774636701154.562500
0.054810000000000025,0.022000000000000002,0.054,456774636701154.562500
0.05482000000000009,0.0204,0.0524,456774636701154.562500
0.054830000000000045,0.0228,0.055600000000000004,456774636701154.562500
0.05484,0.0236,0.056400000000000006,456774636701154.562500
0.054850000000000065,0.0196,0.056400000000000006,456774636701154.562500
0.05486000000000002,0.0212,0.058,456774636701154.562500
0.054870000000000085,0.0196,0.0572,456774636701154.562500
0.05488000000000004,0.0172,0.058,456774636701154.562500
0.054889999999999994,0.0196,0.0572,456774636701154.562500
0.05490000000000006,0.0188,0.058,456774636701154.562500
0.054910000000000014,0.0196,0.0548,456774636701154.562500
0.05492000000000008,0.0204,0.056400000000000006,456774636701154.562500
0.054930000000000034,0.0228,0.058,456774636701154.562500
0.0549400000000001,0.022000000000000002,0.050800000000000005,456774636701154.562500
0.054950000000000054,0.022000000000000002,0.055600000000000004,456774636701154.562500
0.05496000000000001,0.022000000000000002,0.0572,456774636701154.562500
0.054970000000000074,0.022000000000000002,0.055600000000000004,456774636701154.562500
0.05498000000000003,0.0244,0.0516,456774636701154.562500
0.054990000000000094,0.0244,0.055600000000000004,456774636701154.562500
0.05500000000000005,0.0236,0.058,456774636701154.562500
0.05501,0.0228,0.0524,456774636701154.562500
0.05502000000000007,0.0196,0.058,456774636701154.562500
0.05503000000000002,0.0172,0.054,456774636701154.562500
0.05504000000000009,0.0188,0.0548,456774636701154.562500
0.05505000000000004,0.0228,0.0548,456774636701154.562500
0.05506,0.0236,0.056400000000000006,456774636701154.562500
0.05507000000000006,0.0244,0.050800000000000005,456774636701154.562500
0.05508000000000002,0.022000000000000002,0.058,456774636701154.562500
0.05509000000000008,0.0228,0.055600000000000004,456774636701154.562500
0.05510000000000004,0.0236,0.0524,456774636701154.562500
0.05510999999999999,0.0236,0.055600000000000004,456774636701154.562500
0.05512000000000006,0.0228,0.055600000000000004,456774636701154.562500
0.05513000000000001,0.0204,0.0548,456774636701154.562500
0.05514000000000008,0.0228,0.056400000000000006,456774636701154.562500
0.05515000000000003,0.0196,0.0572,456774636701154.562500
0.0551600000000001,0.0188,0.0516,456774636701154.562500
0.05517000000000005,0.022000000000000002,0.056400000000000006,456774636701154.562500
0.05518000000000001,0.0188,0.055600000000000004,456774636701154.562500
0.05519000000000007,0.022000000000000002,0.0572,456774636701154.562500
0.05520000000000003,0.0204,0.058,456774636701154.562500
0.05521000000000009,0.0212,0.0572,456774636701154.562500
0.05522000000000005,0.022000000000000002,0.056400000000000006,456774636701154.562500
0.05523,0.0236,0.0548,456774636701154.562500
0.05524000000000007,0.022000000000000002,0.056400000000000006,456774636701154.562500
0.05525000000000002,0.0228,0.056400000000000006,456774636701154.562500
0.05526000000000009,0.0228,0.056400000000000006,456774636701154.562500
0.05527000000000004,0.022000000000000002,0.055600000000000004,456774636701154.562500
0.055279999999999996,0.022000000000000002,0.055600000000000004,456774636701154.562500
0.05529000000000006,0.0244,0.055600000000000004,456774636701154.562500
0.055300000000000016,0.0212,0.058,456774636701154.562500
0.05531000000000008,0.0228,0.058800000000000005,456774636701154.562500
0.055320000000000036,0.0244,0.056400000000000006,456774636701154.562500
0.05532999999999999,0.0252,0.056400000000000006,456774636701154.562500
0.055340000000000056,0.0228,0.0572,456774636701154.562500
0.05535000000000001,0.0236,0.055600000000000004,456774636701154.562500
0.055360000000000076,0.022000000000000002,0.055600000000000004,456774636701154.562500
0.05537000000000003,0.0236,0.0524,456774636701154.562500
0.055380000000000096,0.0228,0.0572,456774636701154.562500
0.05539000000000005,0.022000000000000002,0.048400000000000006,456774636701154.562500
0.055400000000000005,0.0172,0.058,456774636701154.562500
0.05541000000000007,0.0204,0.056400000000000006,456774636701154.562500
0.055420000000000025,0.0228,0.058,456774636701154.562500
0.05543000000000009,0.0212,0.053200000000000004,456774636701154.562500
0.055440000000000045,0.022000000000000002,0.05,456774636701154.562500
0.05545,0.022000000000000002,0.056400000000000006,456774636701154.562500
0.055460000000000065,0.0228,0.056400000000000006,456774636701154.562500
0.05547000000000002,0.0228,0.056400000000000006,456774636701154.562500
0.055480000000000085,0.0212,0.058,456774636701154.562500
0.05549000000000004,0.0228,0.056400000000000006,456774636701154.562500
0.055499999999999994,0.0196,0.058,456774636701154.562500
0.05551000000000006,0.022000000000000002,0.058,456774636701154.562500
0.055520000000000014,0.0196,0.0548,456774636701154.562500
0.05553000000000008,0.0228,0.0572,456774636701154.562500
0.055540000000000034,0.022000000000000002,0.055600000000000004,456774636701154.562500
0.0555500000000001,0.0204,0.0572,456774636701154.562500
0.055560000000000054,0.0236,0.058,456774636701154.562500
0.05557000000000001,0.0236,0.056400000000000006,456774636701154.562500
0.055580000000000074,0.0236,0.055600000000000004,456774636701154.562500
0.05559000000000003,0.0228,0.055600000000000004,456774636701154.562500
0.055600000000000094,0.0212,0.0516,456774636701154.562500
0.05561000000000005,0.022000000000000002,0.0572,456774636701154.562500
0.05562,0.0252,0.056400000000000006,456774636701154.562500
0.05563000000000007,0.0252,0.058,456774636701154.562500
0.05564000000000002,0.0236,0.050800000000000005,456774636701154.562500
0.05565000000000009,0.0236,0.054,456774636701154.562500
0.05566000000000004,0.0228,0.0524,456774636701154.562500
0.05567,0.0252,0.055600000000000004,456774636701154.562500
0.05568000000000006,0.0236,0.055600000000000004,456774636701154.562500
0.05569000000000002,0.0228,0.054,456774636701154.562500
0.05570000000000008,0.022000000000000002,0.054,456774636701154.562500
0.05571000000000004,0.0212,0.058,456774636701154.562500
0.05571999999999999,0.022000000000000002,0.0548,456774636701154.562500
0.05573000000000006,0.0196,0.056400000000000006,456774636701154.562500
0.05574000000000001,0.022000000000000002,0.058,456774636701154.562500
0.05575000000000008,0.0188,0.0572,456774636701154.562500
0.05576000000000003,0.0228,0.056400000000000006,456774636701154.562500
0.0557700000000001,0.0212,0.054,456774636701154.562500
0.05578000000000005,0.0204,0.058800000000000005,456774636701154.562500
0.055790000000000006,0.022000000000000002,0.058,456774636701154.562500
0.05580000000000007,0.0204,0.0548,456774636701154.562500
0.055810000000000026,0.022000000000000002,0.058,456774636701154.562500
0.05582000000000009,0.0228,0.056400000000000006,456774636701154.562500
0.055830000000000046,0.022000000000000002,0.0572,456774636701154.562500
0.05584,0.022000000000000002,0.056400000000000006,456774636701154.562500
0.055850000000000066,0.0236,0.058,456774636701154.562500
0.05586000000000002,0.0244,0.0572,456774636701154.562500
0.055870000000000086,0.0236,0.0516,456774636701154.562500
0.05588000000000004,0.0228,0.055600000000000004,456774636701154.562500
0.055889999999999995,0.0244,0.0572,456774636701154.562500
0.05590000000000006,0.0228,0.056400000000000006,456774636701154.562500
0.055910000000000015,0.0244,0.056400000000000006,456774636701154.562500
0.05592000000000008,0.0236,0.0548,456774636701154.562500
0.055930000000000035,0.0236,0.055600000000000004,456774636701154.562500
0.0559400000000001,0.0252,0.0548,456774636701154.562500
0.055950000000000055,0.0212,0.056400000000000006,456774636701154.562500
0.05596000000000001,0.0244,0.0524,456774636701154.562500
0.055970000000000075,0.0188,0.058,456774636701154.562500
0.05598000000000003,0.0236,0.045200000000000004,456774636701154.562500
0.055990000000000095,0.0228,0.056400000000000006,456774636701154.562500
0.05600000000000005,0.0228,0.0572,456774636701154.562500
0.056010000000000004,0.0244,0.055600000000000004,456774636701154.562500
0.05602000000000007,0.0228,0.058,456774636701154.562500
0.056030000000000024,0.0236,0.058,456774636701154.562500
0.05604000000000009,0.0212,0.058,456774636701154.562500
0.056050000000000044,0.022000000000000002,0.0572,456774636701154.562500
0.05606,0.0212,0.058,456774636701154.562500
0.056070000000000064,0.022000000000000002,0.0572,456774636701154.562500
0.05608000000000002,0.0188,0.0572,456774636701154.562500
0.056090000000000084,0.022000000000000002,0.0572,456774636701154.562500
0.05610000000000004,0.0212,0.058,456774636701154.562500
0.05610999999999999,0.0204,0.054,456774636701154.562500
0.05612000000000006,0.0212,0.054,456774636701154.562500
0.05613000000000001,0.0204,0.055600000000000004,456774636701154.562500
0.05614000000000008,0.022000000000000002,0.056400000000000006,456774636701154.562500
0.05615000000000003,0.0244,0.058,456774636701154.562500
0.0561600000000001,0.022000000000000002,0.0548,456774636701154.562500
0.05617000000000005,0.0212,0.058800000000000005,456774636701154.562500
0.05618000000000001,0.0236,0.056400000000000006,456774636701154.562500
0.05619000000000007,0.0228,0.058,456774636701154.562500
0.05620000000000003,0.0236,0.0468,456774636701154.562500
0.05621000000000009,0.0228,0.058800000000000005,456774636701154.562500
0.05622000000000005,0.0236,0.0476,456774636701154.562500
0.05623,0.0236,0.056400000000000006,456774636701154.562500
0.05624000000000007,0.022000000000000002,0.058,456774636701154.562500
0.05625000000000002,0.0236,0.056400000000000006,456774636701154.562500
0.05626000000000009,0.0244,0.056400000000000006,456774636701154.562500
0.05627000000000004,0.0236,0.0572,456774636701154.562500
0.05628,0.0236,0.056400000000000006,456774636701154.562500
0.05629000000000006,0.0212,0.0572,456774636701154.562500
0.05630000000000002,0.0228,0.0548,456774636701154.562500
0.05631000000000008,0.0244,0.0572,456774636701154.562500
0.05632000000000004,0.0212,0.048400000000000006,456774636701154.562500
0.05632999999999999,0.0204,0.055600000000000004,456774636701154.562500
0.05634000000000006,0.0228,0.053200000000000004,456774636701154.562500
0.05635000000000001,0.022000000000000002,0.0572,456774636701154.562500
0.05636000000000008,0.0228,0.056400000000000006,456774636701154.562500
0.05637000000000003,0.022000000000000002,0.056400000000000006,456774636701154.562500
0.0563800000000001,0.0228,0.0572,456774636701154.562500
0.05639000000000005,0.0236,0.0572,456774636701154.562500
0.056400000000000006,0.0236,0.056400000000000006,456774636701154.562500
0.05641000000000007,0.0212,0.056400000000000006,456774636701154.562500
0.056420000000000026,0.022000000000000002,0.0572,456774636701154.562500
0.05643000000000009,0.0212,0.0572,456774636701154.562500
0.056440000000000046,0.0228,0.0548,456774636701154.562500
0.05645,0.0212,0.0596,456774636701154.562500
0.056460000000000066,0.022000000000000002,0.058,456774636701154.562500
0.05647000000000002,0.0228,0.055600000000000004,456774636701154.562500
0.056480000000000086,0.0212,0.056400000000000006,456774636701154.562500
0.05649000000000004,0.0236,0.053200000000000004,456774636701154.562500
0.056499999999999995,0.0204,0.054,456774636701154.562500
0.05651000000000006,0.0236,0.0524,456774636701154.562500
0.056520000000000015,0.0204,0.0516,456774636701154.562500
0.05653000000000008,0.0252,0.050800000000000005,456774636701154.562500
0.056540000000000035,0.0236,0.0412,456774636701154.562500
0.0565500000000001,0.0244,0.055600000000000004,456774636701154.562500
0.056560000000000055,0.0228,0.054,456774636701154.562500
0.05657000000000001,0.0244,0.058,456774636701154.562500
0.056580000000000075,0.0236,0.056400000000000006,456774636701154.562500
0.05659000000000003,0.0244,0.053200000000000004,456774636701154.562500
0.056600000000000095,0.0172,0.0572,456774636701154.562500
0.05661000000000005,0.0228,0.050800000000000005,456774636701154.562500
0.056620000000000004,0.022000000000000002,0.055600000000000004,456774636701154.562500
0.05663000000000007,0.0172,0.050800000000000005,456774636701154.562500
0.056640000000000024,0.022000000000000002,0.055600000000000004,456774636701154.562500
0.05665000000000009,0.0212,0.054,456774636701154.562500
0.056660000000000044,0.022000000000000002,0.0548,456774636701154.562500
0.05667,0.0228,0.054,456774636701154.562500
0.056680000000000064,0.0252,0.056400000000000006,456774636701154.562500
0.05669000000000002,0.022000000000000002,0.0572,456774636701154.562500
0.056700000000000084,0.0228,0.0548,456774636701154.562500
0.05671000000000004,0.022000000000000002,0.0572,456774636701154.562500
0.05671999999999999,0.022000000000000002,0.056400000000000006,456774636701154.562500
0.05673000000000006,0.022000000000000002,0.0572,456774636701154.562500
0.05674000000000001,0.022000000000000002,0.058,456774636701154.562500
0.05675000000000008,0.022000000000000002,0.0524,456774636701154.562500
0.05676000000000003,0.0212,0.056400000000000006,456774636701154.562500
0.0567700000000001,0.0196,0.0572,456774636701154.562500
0.05678000000000005,0.0236,0.050800000000000005,456774636701154.562500
0.05679000000000001,0.0228,0.053200000000000004,456774636701154.562500
0.05680000000000007,0.0244,0.058,456774636701154.562500
0.05681000000000003,0.0236,0.0572,456774636701154.562500
0.05682000000000009,0.0236,0.056400000000000006,456774636701154.562500
0.05683000000000005,0.0236,0.058,456774636701154.562500
0.05684,0.0244,0.054,456774636701154.562500
0.05685000000000007,0.0228,0.0524,456774636701154.562500
0.05686000000000002,0.0236,0.056400000000000006,456774636701154.562500
0.05687000000000009,0.0212,0.0572,456774636701154.562500
0.05688000000000004,0.022000000000000002,0.0572,456774636701154.562500
0.056889999999999996,0.0228,0.056400000000000006,456774636701154.562500
0.05690000000000006,0.0228,0.056400000000000006,456774636701154.562500
0.056910000000000016,0.0236,0.056400000000000006,456774636701154.562500
0.05692000000000008,0.022000000000000002,0.056400000000000006,456774636701154.562500
0.056930000000000036,0.022000000000000002,0.055600000000000004,456774636701154.562500
0.05693999999999999,0.0228,0.056400000000000006,456774636701154.562500
0.056950000000000056,0.022000000000000002,0.0524,456774636701154.562500
0.05696000000000001,0.022000000000000002,0.056400000000000006,456774636701154.562500
0.056970000000000076,0.0212,0.056400000000000006,456774636701154.562500
0.05698000000000003,0.022000000000000002,0.0516,456774636701154.562500
0.056990000000000096,0.0188,0.045200000000000004,456774636701154.562500
0.05700000000000005,0.022000000000000002,0.058,456774636701154.562500
0.057010000000000005,0.0212,0.056400000000000006,456774636701154.562500
0.05702000000000007,0.022000000000000002,0.0572,456774636701154.562500
0.057030000000000025,0.022000000000000002,0.056400000000000006,456774636701154.562500
0.05704000000000009,0.0228,0.056400000000000006,456774636701154.562500
0.057050000000000045,0.022000000000000002,0.0524,456774636701154.562500
0.05706,0.0188,0.053200000000000004,456774636701154.562500
0.057070000000000065,0.0228,0.055600000000000004,456774636701154.562500
0.05708000000000002,0.0212,0.050800000000000005,456774636701154.562500
0.057090000000000085,0.022000000000000002,0.0572,456774636701154.562500
0.05710000000000004,0.0228,0.053200000000000004,456774636701154.562500
0.057109999999999994,0.0236,0.0516,456774636701154.562500
0.05712000000000006,0.0236,0.056400000000000006,456774636701154.562500
0.057130000000000014,0.0252,0.048400000000000006,456774636701154.562500
0.05714000000000008,0.0252,0.0572,456774636701154.562500
0.057150000000000034,0.0236,0.053200000000000004,456774636701154.562500
0.0571600000000001,0.0236,0.048400000000000006,456774636701154.562500
0.057170000000000054,0.0244,0.055600000000000004,456774636701154.562500
0.05718000000000001,0.0228,0.0548,456774636701154.562500
0.057190000000000074,0.0236,0.0516,456774636701154.562500
0.05720000000000003,0.022000000000000002,0.055600000000000004,456774636701154.562500
0.057210000000000094,0.0228,0.0572,456774636701154.562500
0.05722000000000005,0.0228,0.055600000000000004,456774636701154.562500
0.05723,0.0212,0.056400000000000006,456774636701154.562500
0.05724000000000007,0.0228,0.054,456774636701154.562500
0.05725000000000002,0.0244,0.055600000000000004,456774636701154.562500
0.05726000000000009,0.0236,0.058,456774636701154.562500
0.05727000000000004,0.0204,0.054,456774636701154.562500
0.05728,0.0228,0.058,456774636701154.562500
0.05729000000000006,0.0236,0.056400000000000006,456774636701154.562500
0.05730000000000002,0.0204,0.0548,456774636701154.562500
0.05731000000000008,0.022000000000000002,0.050800000000000005,456774636701154.562500
0.05732000000000004,0.0212,0.058,456774636701154.562500
0.05732999999999999,0.022000000000000002,0.055600000000000004,456774636701154.562500
0.05734000000000006,0.022000000000000002,0.050800000000000005,456774636701154.562500
0.05735000000000001,0.0212,0.0572,456774636701154.562500
0.05736000000000008,0.0236,0.0572,456774636701154.562500
0.05737000000000003,0.0228,0.055600000000000004,456774636701154.562500
0.0573800000000001,0.0196,0.0572,456774636701154.562500
0.05739000000000005,0.0228,0.056400000000000006,456774636701154.562500
0.05740000000000001,0.0228,0.0572,456774636701154.562500
0.05741000000000007,0.0228,0.055600000000000004,456774636701154.562500
0.05742000000000003,0.0244,0.056400000000000006,456774636701154.562500
0.05743000000000009,0.022000000000000002,0.053200000000000004,456774636701154.562500
0.05744000000000005,0.0244,0.058,456774636701154.562500
0.05745,0.0244,0.0572,456774636701154.562500
0.05746000000000007,0.0244,0.053200000000000004,456774636701154.562500
0.05747000000000002,0.0236,0.058,456774636701154.562500
0.05748000000000009,0.0236,0.0548,456774636701154.562500
0.05749000000000004,0.0252,0.056400000000000006,456774636701154.562500
0.057499999999999996,0.0228,0.0468,456774636701154.562500
0.05751000000000006,0.0244,0.0476,456774636701154.562500
0.057520000000000016,0.0244,0.058,456774636701154.562500
0.05753000000000008,0.0212,0.056400000000000006,456774636701154.562500
0.057540000000000036,0.0196,0.056400000000000006,456774636701154.562500
0.0575500000000001,0.0236,0.0572,456774636701154.562500
0.057560000000000056,0.022000000000000002,0.0572,456774636701154.562500
0.05757000000000001,0.0228,0.048400000000000006,456774636701154.562500
0.057580000000000076,0.022000000000000002,0.055600000000000004,456774636701154.562500
0.05759000000000003,0.022000000000000002,0.0572,456774636701154.562500
0.057600000000000096,0.0228,0.0548,456774636701154.562500
0.05761000000000005,0.0228,0.056400000000000006,456774636701154.562500
0.057620000000000005,0.0204,0.058,456774636701154.562500
0.05763000000000007,0.022000000000000002,0.056400000000000006,456774636701154.562500
0.057640000000000025,0.0212,0.0572,456774636701154.562500
0.05765000000000009,0.0204,0.0548,456774636701154.562500
0.057660000000000045,0.0228,0.0572,456774636701154.562500
0.05767,0.0228,0.0516,456774636701154.562500
0.057680000000000065,0.0228,0.0524,456774636701154.562500
0.05769000000000002,0.022000000000000002,0.058800000000000005,456774636701154.562500
0.057700000000000085,0.022000000000000002,0.058,456774636701154.562500
0.05771000000000004,0.0212,0.0572,456774636701154.562500
0.057719999999999994,0.0244,0.0548,456774636701154.562500
0.05773000000000006,0.0212,0.0572,456774636701154.562500
0.057740000000000014,0.0236,0.058,456774636701154.562500
0.05775000000000008,0.022000000000000002,0.058,456774636701154.562500
0.057760000000000034,0.022000000000000002,0.0572,456774636701154.562500
0.0577700000000001,0.022000000000000002,0.055600000000000004,456774636701154.562500
0.057780000000000054,0.0228,0.053200000000000004,456774636701154.562500
0.05779000000000001,0.0228,0.058,456774636701154.562500
0.057800000000000074,0.0236,0.0572,456774636701154.562500
0.05781000000000003,0.0236,0.056400000000000006,456774636701154.562500
0.057820000000000094,0.0228,0.0516,456774636701154.562500
0.05783000000000005,0.0244,0.058,456774636701154.562500
0.05784,0.0228,0.05,456774636701154.562500
0.05785000000000007,0.022000000000000002,0.0524,456774636701154.562500
0.05786000000000002,0.0228,0.056400000000000006,456774636701154.562500
0.05787000000000009,0.0228,0.058,456774636701154.562500
0.05788000000000004,0.0228,0.0572,456774636701154.562500
0.05789,0.022000000000000002,0.0572,456774636701154.562500
0.05790000000000006,0.0228,0.0572,456774636701154.562500
0.05791000000000002,0.0188,0.058,456774636701154.562500
0.05792000000000008,0.0212,0.056400000000000006,456774636701154.562500
0.05793000000000004,0.0212,0.055600000000000004,456774636701154.562500
0.05793999999999999,0.0236,0.058,456774636701154.562500
0.05795000000000006,0.022000000000000002,0.0548,456774636701154.562500
0.05796000000000001,0.022000000000000002,0.056400000000000006,456774636701154.562500
0.05797000000000008,0.0228,0.055600000000000004,456774636701154.562500
0.05798000000000003,0.0164,0.055600000000000004,456774636701154.562500
0.0579900000000001,0.0236,0.054,456774636701154.562500
0.05800000000000005,0.0172,0.0548,456774636701154.562500
0.058010000000000006,0.022000000000000002,0.0572,456774636701154.562500
0.05802000000000007,0.0228,0.055600000000000004,456774636701154.562500
0.058030000000000026,0.0236,0.054,456774636701154.562500
0.05804000000000009,0.0244,0.054,456774636701154.562500
0.058050000000000046,0.0228,0.054,456774636701154.562500
0.05806,0.0252,0.0572,456774636701154.562500
0.058070000000000066,0.0252,0.0548,456774636701154.562500
0.05808000000000002,0.0244,0.0572,456774636701154.562500
0.058090000000000086,0.0228,0.0524,456774636701154.562500
0.05810000000000004,0.0252,0.058,456774636701154.562500
0.058109999999999995,0.0244,0.058,456774636701154.562500
0.05812000000000006,0.0244,0.058,456774636701154.562500
0.058130000000000015,0.0244,0.056400000000000006,456774636701154.562500
0.05814000000000008,0.022000000000000002,0.058,456774636701154.562500
0.058150000000000035,0.022000000000000002,0.058,456774636701154.562500
0.0581600000000001,0.0236,0.0572,456774636701154.562500
0.058170000000000055,0.022000000000000002,0.0572,456774636701154.562500
0.05818000000000001,0.022000000000000002,0.0548,456774636701154.562500
0.058190000000000075,0.0228,0.0572,456774636701154.562500
0.05820000000000003,0.0212,0.055600000000000004,456774636701154.562500
0.058210000000000095,0.022000000000000002,0.0572,456774636701154.562500
0.05822000000000005,0.0228,0.0572,456774636701154.562500
0.058230000000000004,0.022000000000000002,0.0572,456774636701154.562500
0.05824000000000007,0.0204,0.056400000000000006,456774636701154.562500
0.058250000000000024,0.0212,0.050800000000000005,456774636701154.562500
0.05826000000000009,0.0196,0.058,456774636701154.562500
0.058270000000000044,0.022000000000000002,0.056400000000000006,456774636701154.562500
0.05828,0.0212,0.0572,456774636701154.562500
0.058290000000000064,0.0212,0.056400000000000006,456774636701154.562500
0.05830000000000002,0.0228,0.058,456774636701154.562500
0.058310000000000084,0.0204,0.054,456774636701154.562500
0.05832000000000004,0.022000000000000002,0.055600000000000004,456774636701154.562500
0.05832999999999999,0.0236,0.05,456774636701154.562500
0.05834000000000006,0.0236,0.0572,456774636701154.562500
0.05835000000000001,0.0236,0.055600000000000004,456774636701154.562500
0.05836000000000008,0.0244,0.056400000000000006,456774636701154.562500
0.05837000000000003,0.0236,0.0516,456774636701154.562500
0.0583800000000001,0.0244,0.0572,456774636701154.562500
0.05839000000000005,0.0236,0.058,456774636701154.562500
0.05840000000000001,0.0252,0.058,456774636701154.562500
0.05841000000000007,0.0228,0.056400000000000006,456774636701154.562500
0.05842000000000003,0.0228,0.055600000000000004,456774636701154.562500
0.05843000000000009,0.022000000000000002,0.0572,456774636701154.562500
0.05844000000000005,0.0228,0.056400000000000006,456774636701154.562500
0.05845,0.022000000000000002,0.058,456774636701154.562500
0.05846000000000007,0.0244,0.056400000000000006,456774636701154.562500
0.05847000000000002,0.0236,0.0572,456774636701154.562500
0.05848000000000009,0.0212,0.056400000000000006,456774636701154.562500
0.05849000000000004,0.0228,0.0516,456774636701154.562500
0.058499999999999996,0.022000000000000002,0.055600000000000004,456774636701154.562500
0.05851000000000006,0.0188,0.055600000000000004,456774636701154.562500
0.058520000000000016,0.0236,0.048400000000000006,456774636701154.562500
0.05853000000000008,0.0212,0.0492,456774636701154.562500
0.058540000000000036,0.0196,0.0444,456774636701154.562500
0.05854999999999999,0.018000000000000002,0.056400000000000006,456774636701154.562500
0.058560000000000056,0.0212,0.056400000000000006,456774636701154.562500
0.05857000000000001,0.018000000000000002,0.0572,456774636701154.562500
0.058580000000000076,0.0236,0.0572,456774636701154.562500
0.05859000000000003,0.0196,0.056400000000000006,456774636701154.562500
0.058600000000000096,0.018000000000000002,0.058800000000000005,456774636701154.562500
0.05861000000000005,0.022000000000000002,0.0572,456774636701154.562500
0.058620000000000005,0.0172,0.056400000000000006,456774636701154.562500
0.05863000000000007,0.0212,0.058,456774636701154.562500
0.058640000000000025,0.0228,0.056400000000000006,456774636701154.562500
0.05865000000000009,0.0252,0.055600000000000004,456774636701154.562500
0.058660000000000045,0.0236,0.055600000000000004,456774636701154.562500
0.05867,0.0252,0.058,456774636701154.562500
0.058680000000000065,0.022000000000000002,0.058,456774636701154.562500
0.05869000000000002,0.0244,0.0572,456774636701154.562500
0.058700000000000085,0.0244,0.0572,456774636701154.562500
0.05871000000000004,0.0244,0.0572,456774636701154.562500
0.058719999999999994,0.022000000000000002,0.056400000000000006,456774636701154.562500
0.05873000000000006,0.0244,0.055600000000000004,456774636701154.562500
0.058740000000000014,0.0196,0.056400000000000006,456774636701154.562500
0.05875000000000008,0.0236,0.0572,456774636701154.562500
0.058760000000000034,0.0236,0.056400000000000006,456774636701154.562500
0.0587700000000001,0.0236,0.053200000000000004,456774636701154.562500
0.058780000000000054,0.022000000000000002,0.0516,456774636701154.562500
0.05879000000000001,0.0228,0.058,456774636701154.562500
0.058800000000000074,0.0228,0.056400000000000006,456774636701154.562500
0.05881000000000003,0.0204,0.058,456774636701154.562500
0.058820000000000094,0.022000000000000002,0.0548,456774636701154.562500
0.05883000000000005,0.0204,0.056400000000000006,456774636701154.562500
0.05884,0.0228,0.056400000000000006,456774636701154.562500
0.05885000000000007,0.022000000000000002,0.056400000000000006,456774636701154.562500
0.05886000000000002,0.0212,0.054,456774636701154.562500
0.05887000000000009,0.0228,0.0572,456774636701154.562500
0.05888000000000004,0.022000000000000002,0.0436,456774636701154.562500
0.05889,0.0204,0.055600000000000004,456774636701154.562500
0.05890000000000006,0.0236,0.058,456774636701154.562500
0.05891000000000002,0.0236,0.0572,456774636701154.562500
0.05892000000000008,0.022000000000000002,0.058,456774636701154.562500
0.05893000000000004,0.0228,0.058,456774636701154.562500
0.05893999999999999,0.0252,0.0572,456774636701154.562500
0.05895000000000006,0.0236,0.0548,456774636701154.562500
0.05896000000000001,0.0244,0.056400000000000006,456774636701154.562500
0.05897000000000008,0.0228,0.0572,456774636701154.562500
0.05898000000000003,0.0244,0.0572,456774636701154.562500
0.0589900000000001,0.0244,0.056400000000000006,456774636701154.562500
0.05900000000000005,0.0252,0.055600000000000004,456774636701154.562500
0.05901000000000001,0.0228,0.055600000000000004,456774636701154.562500
0.05902000000000007,0.0236,0.055600000000000004,456774636701154.562500
0.05903000000000003,0.022000000000000002,0.058,456774636701154.562500
0.05904000000000009,0.0228,0.058,456774636701154.562500
0.05905000000000005,0.0236,0.0572,456774636701154.562500
0.05906,0.0236,0.055600000000000004,456774636701154.562500
0.05907000000000007,0.022000000000000002,0.058,456774636701154.562500
0.05908000000000002,0.0228,0.056400000000000006,456774636701154.562500
0.05909000000000009,0.022000000000000002,0.0572,456774636701154.562500
0.05910000000000004,0.0236,0.050800000000000005,456774636701154.562500
0.059109999999999996,0.0212,0.0548,456774636701154.562500
0.05912000000000006,0.0228,0.0572,456774636701154.562500
0.059130000000000016,0.0212,0.0572,456774636701154.562500
0.05914000000000008,0.0228,0.054,456774636701154.562500
0.059150000000000036,0.0204,0.054,456774636701154.562500
0.05915999999999999,0.0212,0.058,456774636701154.562500
0.059170000000000056,0.0212,0.056400000000000006,456774636701154.562500
0.05918000000000001,0.022000000000000002,0.058,456774636701154.562500
0.059190000000000076,0.0228,0.0572,456774636701154.562500
0.05920000000000003,0.022000000000000002,0.054,456774636701154.562500
0.059210000000000096,0.0236,0.0516,456774636701154.562500
0.05922000000000005,0.022000000000000002,0.055600000000000004,456774636701154.562500
0.059230000000000005,0.0228,0.0548,456774636701154.562500
0.05924000000000007,0.0228,0.056400000000000006,456774636701154.562500
0.059250000000000025,0.0228,0.056400000000000006,456774636701154.562500
0.05926000000000009,0.0196,0.0548,456774636701154.562500
0.059270000000000045,0.0236,0.056400000000000006,456774636701154.562500
0.05928,0.0252,0.056400000000000006,456774636701154.562500
0.059290000000000065,0.0244,0.053200000000000004,456774636701154.562500
0.05930000000000002,0.0236,0.0572,456774636701154.562500
0.059310000000000085,0.0252,0.0548,456774636701154.562500
0.05932000000000004,0.0228,0.058,456774636701154.562500
0.059329999999999994,0.0236,0.0524,456774636701154.562500
0.05934000000000006,0.0244,0.056400000000000006,456774636701154.562500
0.059350000000000014,0.0244,0.0524,456774636701154.562500
0.05936000000000008,0.0236,0.058,456774636701154.562500
0.059370000000000034,0.022000000000000002,0.0524,456774636701154.562500
0.0593800000000001,0.022000000000000002,0.053200000000000004,456774636701154.562500
0.059390000000000054,0.022000000000000002,0.056400000000000006,456774636701154.562500
0.05940000000000001,0.022000000000000002,0.054,456774636701154.562500
0.059410000000000074,0.022000000000000002,0.0572,456774636701154.562500
0.05942000000000003,0.022000000000000002,0.056400000000000006,456774636701154.562500
0.059430000000000094,0.022000000000000002,0.0572,456774636701154.562500
0.05944000000000005,0.022000000000000002,0.0548,456774636701154.562500
0.05945,0.0212,0.055600000000000004,456774636701154.562500
0.05946000000000007,0.0204,0.0516,456774636701154.562500
0.05947000000000002,0.022000000000000002,0.056400000000000006,456774636701154.562500
0.05948000000000009,0.0204,0.055600000000000004,456774636701154.562500
0.05949000000000004,0.0244,0.055600000000000004,456774636701154.562500
0.0595,0.022000000000000002,0.055600000000000004,456774636701154.562500
0.05951000000000006,0.0204,0.0572,456774636701154.562500
0.05952000000000002,0.0212,0.054,456774636701154.562500
0.05953000000000008,0.026000000000000002,0.048400000000000006,456774636701154.562500
0.05954000000000004,0.0244,0.054,456774636701154.562500
0.05954999999999999,0.022000000000000002,0.0572,456774636701154.562500
0.05956000000000006,0.0228,0.058,456774636701154.562500
0.05957000000000001,0.0244,0.058,456774636701154.562500
0.05958000000000008,0.0236,0.0572,456774636701154.562500
0.05959000000000003,0.0236,0.0524,456774636701154.562500
0.0596000000000001,0.0244,0.058,456774636701154.562500
0.05961000000000005,0.0236,0.056400000000000006,456774636701154.562500
0.059620000000000006,0.0244,0.058,456774636701154.562500
0.05963000000000007,0.022000000000000002,0.0524,456774636701154.562500
0.059640000000000026,0.0212,0.056400000000000006,456774636701154.562500
0.05965000000000009,0.0244,0.0524,456774636701154.562500
0.059660000000000046,0.0172,0.0572,456774636701154.562500
0.05967,0.0236,0.055600000000000004,456774636701154.562500
0.059680000000000066,0.0196,0.055600000000000004,456774636701154.562500
0.05969000000000002,0.0212,0.055600000000000004,456774636701154.562500
0.059700000000000086,0.022000000000000002,0.058,456774636701154.562500
0.05971000000000004,0.0228,0.056400000000000006,456774636701154.562500
0.059719999999999995,0.022000000000000002,0.053200000000000004,456774636701154.562500
0.05973000000000006,0.0228,0.0572,456774636701154.562500
0.059740000000000015,0.0212,0.0548,456774636701154.562500
0.05975000000000008,0.022000000000000002,0.0572,456774636701154.562500
0.059760000000000035,0.022000000000000002,0.055600000000000004,456774636701154.562500
0.0597700000000001,0.0204,0.056400000000000006,456774636701154.562500
0.059780000000000055,0.0228,0.055600000000000004,456774636701154.562500
0.05979000000000001,0.0228,0.058,456774636701154.562500
0.059800000000000075,0.0212,0.0572,456774636701154.562500
0.05981000000000003,0.0204,0.055600000000000004,456774636701154.562500
0.059820000000000095,0.0244,0.056400000000000006,456774636701154.562500
0.05983000000000005,0.0228,0.0572,456774636701154.562500
0.059840000000000004,0.0236,0.058,456774636701154.562500
0.05985000000000007,0.0236,0.056400000000000006,456774636701154.562500
0.059860000000000024,0.0244,0.053200000000000004,456774636701154.562500
0.05987000000000009,0.022000000000000002,0.0572,456774636701154.562500
0.059880000000000044,0.0236,0.056400000000000006,456774636701154.562500
0.05989,0.0212,0.058,456774636701154.562500
0.059900000000000064,0.0236,0.05,456774636701154.562500
0.05991000000000002,0.018000000000000002,0.056400000000000006,456774636701154.562500
0.059920000000000084,0.0252,0.053200000000000004,456774636701154.562500
0.05993000000000004,0.0212,0.054,456774636701154.562500
0.05993999999999999,0.0236,0.055600000000000004,456774636701154.562500
0.05995000000000006,0.0236,0.0572,456774636701154.562500
0.05996000000000001,0.022000000000000002,0.0572,456774636701154.562500
0.05997000000000008,0.0244,0.0548,456774636701154.562500
0.05998000000000003,0.0236,0.055600000000000004,456774636701154.562500
0.0599900000000001,0.0196,0.0572,456774636701154.562500
0.06000000000000005,0.0204,0.056400000000000006,456774636701154.562500
0.06001000000000001,0.022000000000000002,0.058800000000000005,456774636701154.562500
0.06002000000000007,0.0164,0.0572,456774636701154.562500
0.06003000000000003,0.0212,0.0572,456774636701154.562500
0.06004000000000009,0.018000000000000002,0.056400000000000006,456774636701154.562500
0.06005000000000005,0.0212,0.056400000000000006,456774636701154.562500
0.06006,0.0204,0.0572,456774636701154.562500
0.06007000000000007,0.022000000000000002,0.0572,456774636701154.562500
0.06008000000000002,0.022000000000000002,0.0516,456774636701154.562500
0.06009000000000009,0.0228,0.058,456774636701154.562500
0.06010000000000004,0.022000000000000002,0.0548,456774636701154.562500
0.06011,0.0212,0.054,456774636701154.562500
0.06012000000000006,0.022000000000000002,0.055600000000000004,456774636701154.562500
0.06013000000000002,0.0236,0.058,456774636701154.562500
0.06014000000000008,0.022000000000000002,0.0492,456774636701154.562500
0.06015000000000004,0.022000000000000002,0.0524,456774636701154.562500
0.06015999999999999,0.022000000000000002,0.0548,456774636701154.562500
0.06017000000000006,0.0236,0.054,456774636701154.562500
0.06018000000000001,0.0244,0.0572,456774636701154.562500
0.06019000000000008,0.0252,0.058,456774636701154.562500
0.06020000000000003,0.0236,0.058,456774636701154.562500
0.0602100000000001,0.0236,0.056400000000000006,456774636701154.562500
0.06022000000000005,0.022000000000000002,0.0516,456774636701154.562500
0.060230000000000006,0.0236,0.058,456774636701154.562500
0.06024000000000007,0.022000000000000002,0.054,456774636701154.562500
0.060250000000000026,0.0228,0.056400000000000006,456774636701154.562500
0.06026000000000009,0.018000000000000002,0.0548,456774636701154.562500
0.060270000000000046,0.022000000000000002,0.056400000000000006,456774636701154.562500
0.06028,0.0172,0.0492,456774636701154.562500
0.060290000000000066,0.0204,0.056400000000000006,456774636701154.562500
0.06030000000000002,0.0212,0.055600000000000004,456774636701154.562500
0.060310000000000086,0.0212,0.054,456774636701154.562500
0.06032000000000004,0.0212,0.054,456774636701154.562500
0.060329999999999995,0.0204,0.058,456774636701154.562500
0.06034000000000006,0.0204,0.056400000000000006,456774636701154.562500
0.060350000000000015,0.0196,0.055600000000000004,456774636701154.562500
0.06036000000000008,0.022000000000000002,0.053200000000000004,456774636701154.562500
0.060370000000000035,0.0228,0.0524,456774636701154.562500
0.0603800000000001,0.0196,0.05,456774636701154.562500
0.060390000000000055,0.0228,0.0516,456774636701154.562500
0.06040000000000001,0.022000000000000002,0.056400000000000006,456774636701154.562500
0.060410000000000075,0.0204,0.056400000000000006,456774636701154.562500
0.06042000000000003,0.022000000000000002,0.058,456774636701154.562500
0.060430000000000095,0.0212,0.0572,456774636701154.562500
0.06044000000000005,0.0244,0.0548,456774636701154.562500
0.060450000000000004,0.022000000000000002,0.0572,456774636701154.562500
0.06046000000000007,0.0244,0.056400000000000006,456774636701154.562500
0.060470000000000024,0.0236,0.056400000000000006,456774636701154.562500
0.06048000000000009,0.0244,0.055600000000000004,456774636701154.562500
0.060490000000000044,0.0244,0.0492,456774636701154.562500
0.0605,0.0244,0.056400000000000006,456774636701154.562500
0.060510000000000064,0.0244,0.0572,456774636701154.562500
0.06052000000000002,0.0244,0.055600000000000004,456774636701154.562500
0.060530000000000084,0.0252,0.0572,456774636701154.562500
0.06054000000000004,0.0228,0.058,456774636701154.562500
0.06054999999999999,0.0228,0.056400000000000006,456774636701154.562500
0.06056000000000006,0.0196,0.053200000000000004,456774636701154.562500
0.06057000000000001,0.022000000000000002,0.055600000000000004,456774636701154.562500
0.06058000000000008,0.0204,0.054,456774636701154.562500
0.06059000000000003,0.022000000000000002,0.0572,456774636701154.562500
0.0606000000000001,0.0228,0.0468,456774636701154.562500
0.06061000000000005,0.0228,0.0596,456774636701154.562500
0.06062000000000001,0.022000000000000002,0.056400000000000006,456774636701154.562500
0.06063000000000007,0.0228,0.058800000000000005,456774636701154.562500
0.06064000000000003,0.0212,0.054,456774636701154.562500
0.06065000000000009,0.0204,0.0572,456774636701154.562500
0.06066000000000005,0.0204,0.058,456774636701154.562500
0.06067,0.0228,0.056400000000000006,456774636701154.562500
0.06068000000000007,0.022000000000000002,0.0548,456774636701154.562500
0.06069000000000002,0.0228,0.0548,456774636701154.562500
0.06070000000000009,0.0228,0.054,456774636701154.562500
0.06071000000000004,0.0228,0.056400000000000006,456774636701154.562500
0.060719999999999996,0.022000000000000002,0.0572,456774636701154.562500
0.06073000000000006,0.0236,0.0548,456774636701154.562500
0.060740000000000016,0.0228,0.058,456774636701154.562500
0.06075000000000008,0.0228,0.056400000000000006,456774636701154.562500
0.060760000000000036,0.0236,0.0572,456774636701154.562500
0.06076999999999999,0.0236,0.0572,456774636701154.562500
0.060780000000000056,0.0228,0.056400000000000006,456774636701154.562500
0.06079000000000001,0.0244,0.055600000000000004,456774636701154.562500
0.060800000000000076,0.0236,0.0572,456774636701154.562500
0.06081000000000003,0.0228,0.056400000000000006,456774636701154.562500
0.060820000000000096,0.0236,0.055600000000000004,456774636701154.562500
0.06083000000000005,0.0212,0.056400000000000006,456774636701154.562500
0.060840000000000005,0.0252,0.055600000000000004,456774636701154.562500
0.06085000000000007,0.022000000000000002,0.058,456774636701154.562500
0.060860000000000025,0.0236,0.058,456774636701154.562500
0.06087000000000009,0.0196,0.056400000000000006,456774636701154.562500
0.060880000000000045,0.0228,0.0572,456774636701154.562500
0.06089,0.0236,0.0516,456774636701154.562500
0.060900000000000065,0.0212,0.054,456774636701154.562500
0.06091000000000002,0.0196,0.053200000000000004,456774636701154.562500
0.060920000000000085,0.0204,0.050800000000000005,456774636701154.562500
0.06093000000000004,0.0212,0.053200000000000004,456774636701154.562500
0.060939999999999994,0.0228,0.053200000000000004,456774636701154.562500
0.06095000000000006,0.0228,0.05,456774636701154.562500
0.060960000000000014,0.0212,0.0444,456774636701154.562500
0.06097000000000008,0.0228,0.0572,456774636701154.562500
0.060980000000000034,0.0204,0.056400000000000006,456774636701154.562500
0.0609900000000001,0.022000000000000002,0.056400000000000006,456774636701154.562500
0.061000000000000054,0.022000000000000002,0.058,456774636701154.562500
0.06101000000000001,0.022000000000000002,0.058800000000000005,456774636701154.562500
0.061020000000000074,0.0244,0.058,456774636701154.562500
0.06103000000000003,0.0236,0.056400000000000006,456774636701154.562500
0.061040000000000094,0.0212,0.0572,456774636701154.562500
0.06105000000000005,0.0228,0.0572,456774636701154.562500
0.06106,0.0244,0.055600000000000004,456774636701154.562500
0.06107000000000007,0.0228,0.054,456774636701154.562500
0.06108000000000002,0.0236,0.055600000000000004,456774636701154.562500
0.06109000000000009,0.0252,0.0492,456774636701154.562500
0.06110000000000004,0.0228,0.056400000000000006,456774636701154.562500
0.06111,0.0236,0.055600000000000004,456774636701154.562500
0.06112000000000006,0.0236,0.0572,456774636701154.562500
0.06113000000000002,0.0236,0.0572,456774636701154.562500
0.06114000000000008,0.0244,0.058,456774636701154.562500
0.06115000000000004,0.0236,0.054,456774636701154.562500
0.06115999999999999,0.0212,0.055600000000000004,456774636701154.562500
0.06117000000000006,0.0236,0.050800000000000005,456774636701154.562500
0.06118000000000001,0.0236,0.0548,456774636701154.562500
0.06119000000000008,0.0236,0.0548,456774636701154.562500
0.06120000000000003,0.0236,0.0548,456774636701154.562500
0.0612100000000001,0.022000000000000002,0.0572,456774636701154.562500
0.06122000000000005,0.0196,0.0548,456774636701154.562500
0.06123000000000001,0.0212,0.056400000000000006,456774636701154.562500
0.06124000000000007,0.0204,0.055600000000000004,456774636701154.562500
0.06125000000000003,0.0196,0.0548,456774636701154.562500
0.06126000000000009,0.022000000000000002,0.056400000000000006,456774636701154.562500
0.06127000000000005,0.0236,0.055600000000000004,456774636701154.562500
0.06128,0.0212,0.0516,456774636701154.562500
0.06129000000000007,0.0228,0.058,456774636701154.562500
0.06130000000000002,0.022000000000000002,0.058,456774636701154.562500
0.06131000000000009,0.0228,0.0516,456774636701154.562500
0.06132000000000004,0.022000000000000002,0.053200000000000004,456774636701154.562500
0.061329999999999996,0.018000000000000002,0.058,456774636701154.562500
0.06134000000000006,0.022000000000000002,0.0572,456774636701154.562500
0.061350000000000016,0.0212,0.056400000000000006,456774636701154.562500
0.06136000000000008,0.0236,0.058,456774636701154.562500
0.061370000000000036,0.0212,0.058,456774636701154.562500
0.0613800000000001,0.0228,0.0572,456774636701154.562500
0.061390000000000056,0.0236,0.056400000000000006,456774636701154.562500
0.06140000000000001,0.0244,0.053200000000000004,456774636701154.562500
0.061410000000000076,0.0236,0.058,456774636701154.562500
0.06142000000000003,0.0228,0.053200000000000004,456774636701154.562500
0.061430000000000096,0.0252,0.055600000000000004,456774636701154.562500
0.06144000000000005,0.0236,0.0572,456774636701154.562500
0.061450000000000005,0.0244,0.0516,456774636701154.562500
0.06146000000000007,0.022000000000000002,0.0572,456774636701154.562500
0.061470000000000025,0.0228,0.0572,456774636701154.562500
0.06148000000000009,0.022000000000000002,0.0572,456774636701154.562500
0.061490000000000045,0.0228,0.056400000000000006,456774636701154.562500
0.0615,0.026000000000000002,0.0572,456774636701154.562500
0.061510000000000065,0.0236,0.056400000000000006,456774636701154.562500
0.06152000000000002,0.0228,0.058,456774636701154.562500
0.061530000000000085,0.0228,0.055600000000000004,456774636701154.562500
0.06154000000000004,0.0228,0.056400000000000006,456774636701154.562500
0.061549999999999994,0.0236,0.0572,456774636701154.562500
0.06156000000000006,0.0228,0.05,456774636701154.562500
0.061570000000000014,0.022000000000000002,0.0548,456774636701154.562500
0.06158000000000008,0.022000000000000002,0.0572,456774636701154.562500
0.061590000000000034,0.0204,0.0524,456774636701154.562500
0.0616000000000001,0.0236,0.0572,456774636701154.562500
0.061610000000000054,0.0188,0.0548,456774636701154.562500
0.06162000000000001,0.0228,0.055600000000000004,456774636701154.562500
0.061630000000000074,0.0236,0.0572,456774636701154.562500
0.06164000000000003,0.0228,0.058,456774636701154.562500
0.061650000000000094,0.022000000000000002,0.0548,456774636701154.562500
0.06166000000000005,0.0228,0.056400000000000006,456774636701154.562500
0.06167,0.0236,0.056400000000000006,456774636701154.562500
0.06168000000000007,0.022000000000000002,0.058,456774636701154.562500
0.06169000000000002,0.0252,0.0548,456774636701154.562500
0.06170000000000009,0.0228,0.058,456774636701154.562500
0.06171000000000004,0.0236,0.056400000000000006,456774636701154.562500
0.06172,0.0228,0.058800000000000005,456774636701154.562500
0.06173000000000006,0.0228,0.0524,456774636701154.562500
0.06174000000000002,0.0236,0.054,456774636701154.562500
0.06175000000000008,0.022000000000000002,0.054,456774636701154.562500
0.06176000000000004,0.0236,0.056400000000000006,456774636701154.562500
0.06176999999999999,0.0236,0.056400000000000006,456774636701154.562500
0.06178000000000006,0.0228,0.055600000000000004,456774636701154.562500
0.06179000000000001,0.0228,0.055600000000000004,456774636701154.562500
0.06180000000000008,0.0228,0.056400000000000006,456774636701154.562500
0.06181000000000003,0.0228,0.054,456774636701154.562500
0.0618200000000001,0.0244,0.056400000000000006,456774636701154.562500
0.06183000000000005,0.0228,0.0572,456774636701154.562500
0.061840000000000006,0.0228,0.054,456774636701154.562500
0.06185000000000007,0.0204,0.056400000000000006,456774636701154.562500
0.061860000000000026,0.022000000000000002,0.056400000000000006,456774636701154.562500
0.06187000000000009,0.0212,0.056400000000000006,456774636701154.562500
0.061880000000000046,0.0228,0.056400000000000006,456774636701154.562500
0.06189,0.0228,0.0492,456774636701154.562500
0.061900000000000066,0.0228,0.058,456774636701154.562500
0.06191000000000002,0.0228,0.0516,456774636701154.562500
0.061920000000000086,0.022000000000000002,0.048400000000000006,456774636701154.562500
0.06193000000000004,0.022000000000000002,0.0468,456774636701154.562500
0.061939999999999995,0.0196,0.054,456774636701154.562500
0.06195000000000006,0.0164,0.053200000000000004,456774636701154.562500
0.061960000000000015,0.0172,0.054,456774636701154.562500
0.06197000000000008,0.0188,0.0572,456774636701154.562500
0.061980000000000035,0.0228,0.055600000000000004,456774636701154.562500
0.0619900000000001,0.0196,0.055600000000000004,456774636701154.562500
0.062000000000000055,0.0244,0.0572,456774636701154.562500
0.06201000000000001,0.0228,0.0572,456774636701154.562500
0.062020000000000075,0.0244,0.0572,456774636701154.562500
0.06203000000000003,0.0236,0.056400000000000006,456774636701154.562500
0.062040000000000095,0.0228,0.0524,456774636701154.562500
0.06205000000000005,0.0236,0.0572,456774636701154.562500
0.062060000000000004,0.022000000000000002,0.0492,456774636701154.562500
0.06207000000000007,0.0204,0.056400000000000006,456774636701154.562500
0.062080000000000024,0.0236,0.055600000000000004,456774636701154.562500
0.06209000000000009,0.0228,0.0572,456774636701154.562500
0.062100000000000044,0.0228,0.056400000000000006,456774636701154.562500
0.06211,0.0228,0.055600000000000004,456774636701154.562500
0.062120000000000064,0.0228,0.056400000000000006,456774636701154.562500
0.06213000000000002,0.0236,0.056400000000000006,456774636701154.562500
0.062140000000000084,0.022000000000000002,0.058,456774636701154.562500
0.06215000000000004,0.022000000000000002,0.053200000000000004,456774636701154.562500
0.06215999999999999,0.0212,0.0524,456774636701154.562500
0.06217000000000006,0.0228,0.053200000000000004,456774636701154.562500
0.06218000000000001,0.0228,0.0548,456774636701154.562500
0.06219000000000008,0.0228,0.056400000000000006,456774636701154.562500
0.06220000000000003,0.022000000000000002,0.054,456774636701154.562500
0.0622100000000001,0.0212,0.055600000000000004,456774636701154.562500
0.06222000000000005,0.022000000000000002,0.056400000000000006,456774636701154.562500
0.06223000000000001,0.0196,0.056400000000000006,456774636701154.562500
0.06224000000000007,0.022000000000000002,0.055600000000000004,456774636701154.562500
0.06225000000000003,0.0204,0.0572,456774636701154.562500
0.06226000000000009,0.0236,0.056400000000000006,456774636701154.562500
0.06227000000000005,0.0236,0.0492,456774636701154.562500
0.06228,0.0228,0.0516,456774636701154.562500
0.06229000000000007,0.0236,0.0476,456774636701154.562500
0.06230000000000002,0.0236,0.050800000000000005,456774636701154.562500
0.06231000000000009,0.0252,0.0524,456774636701154.562500
0.06232000000000004,0.0236,0.0572,456774636701154.562500
0.062329999999999997,0.0244,0.0572,456774636701154.562500
0.06234000000000006,0.0228,0.056400000000000006,456774636701154.562500
0.062350000000000017,0.0244,0.056400000000000006,456774636701154.562500
0.06236000000000008,0.0244,0.0572,456774636701154.562500
0.062370000000000037,0.0212,0.0572,456774636701154.562500
0.06237999999999999,0.0244,0.056400000000000006,456774636701154.562500
0.062390000000000057,0.0228,0.054,456774636701154.562500
0.06240000000000001,0.0212,0.0572,456774636701154.562500
0.062410000000000077,0.022000000000000002,0.055600000000000004,456774636701154.562500
0.06242000000000003,0.0236,0.058800000000000005,456774636701154.562500
0.062430000000000097,0.0212,0.0548,456774636701154.562500
0.06244000000000005,0.0228,0.056400000000000006,456774636701154.562500
0.062450000000000006,0.022000000000000002,0.056400000000000006,456774636701154.562500
0.06246000000000007,0.022000000000000002,0.056400000000000006,456774636701154.562500
0.062470000000000026,0.022000000000000002,0.058800000000000005,456774636701154.562500
0.06248000000000009,0.0228,0.0572,456774636701154.562500
0.062490000000000046,0.0228,0.0572,456774636701154.562500
0.0625,0.0212,0.0572,456774636701154.562500
0.06251000000000007,0.022000000000000002,0.058800000000000005,456774636701154.562500
0.06252000000000002,0.0212,0.055600000000000004,456774636701154.562500
0.06253000000000009,0.0212,0.0548,456774636701154.562500
0.06254000000000004,0.0188,0.0476,456774636701154.562500
0.06255,0.015600000000000001,0.058,456774636701154.562500
0.06256000000000006,0.0196,0.0476,456774636701154.562500
0.06257000000000001,0.0204,0.056400000000000006,456774636701154.562500
0.06258000000000008,0.0172,0.054,456774636701154.562500
0.06259000000000003,0.0188,0.056400000000000006,456774636701154.562500
0.0626000000000001,0.0228,0.054,456774636701154.562500
0.06261000000000005,0.0236,0.056400000000000006,456774636701154.562500
0.06262000000000001,0.0236,0.0572,456774636701154.562500
0.06263000000000007,0.0236,0.056400000000000006,456774636701154.562500
0.06264000000000003,0.0244,0.0548,456774636701154.562500
0.0626500000000001,0.0244,0.053200000000000004,456774636701154.562500
0.06266000000000005,0.0244,0.0572,456774636701154.562500
0.06267,0.0244,0.058,456774636701154.562500
0.06268000000000007,0.022000000000000002,0.058,456774636701154.562500
0.06269000000000002,0.0236,0.0548,456774636701154.562500
0.06270000000000009,0.022000000000000002,0.0572,456774636701154.562500
0.06271000000000004,0.0236,0.0548,456774636701154.562500
0.06272,0.0236,0.056400000000000006,456774636701154.562500
0.06273000000000006,0.022000000000000002,0.0572,456774636701154.562500
0.06274000000000002,0.022000000000000002,0.0572,456774636701154.562500
0.06275000000000008,0.022000000000000002,0.054,456774636701154.562500
0.06276000000000004,0.022000000000000002,0.055600000000000004,456774636701154.562500
0.06276999999999999,0.022000000000000002,0.055600000000000004,456774636701154.562500
0.06278000000000006,0.022000000000000002,0.055600000000000004,456774636701154.562500
0.06279000000000001,0.0228,0.054,456774636701154.562500
0.06280000000000008,0.0236,0.056400000000000006,456774636701154.562500
0.06281000000000003,0.0204,0.053200000000000004,456774636701154.562500
0.0628200000000001,0.022000000000000002,0.055600000000000004,456774636701154.562500
0.06283000000000005,0.0212,0.058,456774636701154.562500
0.06284000000000001,0.022000000000000002,0.0548,456774636701154.562500
0.06285000000000007,0.0204,0.058,456774636701154.562500
0.06286000000000003,0.0204,0.0548,456774636701154.562500
0.06287000000000009,0.022000000000000002,0.055600000000000004,456774636701154.562500
0.06288000000000005,0.0252,0.055600000000000004,456774636701154.562500
0.06289,0.0228,0.058,456774636701154.562500
0.06290000000000007,0.022000000000000002,0.054,456774636701154.562500
0.06291000000000002,0.0204,0.055600000000000004,456774636701154.562500
0.06292000000000009,0.0236,0.056400000000000006,456774636701154.562500
0.06293000000000004,0.0244,0.055600000000000004,456774636701154.562500
0.06294,0.0244,0.0572,456774636701154.562500
0.06295000000000006,0.0236,0.058,456774636701154.562500
0.06296000000000002,0.0236,0.056400000000000006,456774636701154.562500
0.06297000000000008,0.0236,0.055600000000000004,456774636701154.562500
0.06298000000000004,0.0236,0.058,456774636701154.562500
0.0629900000000001,0.0244,0.0572,456774636701154.562500
0.06300000000000006,0.0244,0.0572,456774636701154.562500
0.06301000000000001,0.0236,0.054,456774636701154.562500
0.06302000000000008,0.022000000000000002,0.055600000000000004,456774636701154.562500
0.06303000000000003,0.0204,0.055600000000000004,456774636701154.562500
0.0630400000000001,0.022000000000000002,0.055600000000000004,456774636701154.562500
0.06305000000000005,0.022000000000000002,0.0516,456774636701154.562500
0.06306,0.0212,0.058,456774636701154.562500
0.06307000000000007,0.022000000000000002,0.058,456774636701154.562500
0.06308000000000002,0.022000000000000002,0.0572,456774636701154.562500
0.06309000000000009,0.0212,0.055600000000000004,456774636701154.562500
0.06310000000000004,0.0212,0.045200000000000004,456774636701154.562500
0.06311,0.0196,0.0524,456774636701154.562500
0.06312000000000006,0.0204,0.045200000000000004,456774636701154.562500
0.06313000000000002,0.0228,0.046,456774636701154.562500
0.06314000000000008,0.022000000000000002,0.048400000000000006,456774636701154.562500
0.06315000000000004,0.0196,0.050800000000000005,456774636701154.562500
0.06316,0.022000000000000002,0.0516,456774636701154.562500
0.06317000000000006,0.0212,0.054,456774636701154.562500
0.06318000000000001,0.0236,0.056400000000000006,456774636701154.562500
0.06319000000000008,0.0228,0.056400000000000006,456774636701154.562500
0.06320000000000003,0.0228,0.058,456774636701154.562500
0.0632100000000001,0.0228,0.056400000000000006,456774636701154.562500
0.06322000000000005,0.0236,0.055600000000000004,456774636701154.562500
0.06323000000000001,0.022000000000000002,0.0524,456774636701154.562500
0.06324000000000007,0.0236,0.0572,456774636701154.562500
0.06325000000000003,0.0236,0.053200000000000004,456774636701154.562500
0.0632600000000001,0.0244,0.056400000000000006,456774636701154.562500
0.06327000000000005,0.0228,0.046,456774636701154.562500
0.06328,0.0244,0.0572,456774636701154.562500
0.06329000000000007,0.022000000000000002,0.056400000000000006,456774636701154.562500
0.06330000000000002,0.0228,0.0572,456774636701154.562500
0.06331000000000009,0.0228,0.0524,456774636701154.562500
0.06332000000000004,0.0228,0.0572,456774636701154.562500
0.06333,0.0236,0.056400000000000006,456774636701154.562500
0.06334000000000006,0.0236,0.056400000000000006,456774636701154.562500
0.06335000000000002,0.022000000000000002,0.0548,456774636701154.562500
0.06336000000000008,0.0228,0.0572,456774636701154.562500
0.06337000000000004,0.0196,0.055600000000000004,456774636701154.562500
0.06337999999999999,0.022000000000000002,0.055600000000000004,456774636701154.562500
0.06339000000000006,0.0212,0.055600000000000004,456774636701154.562500
0.06340000000000001,0.0188,0.058,456774636701154.562500
0.06341000000000008,0.0228,0.053200000000000004,456774636701154.562500
0.06342000000000003,0.022000000000000002,0.0524,456774636701154.562500
0.0634300000000001,0.0236,0.0476,456774636701154.562500
0.06344000000000005,0.022000000000000002,0.0548,456774636701154.562500
0.06345,0.0228,0.055600000000000004,456774636701154.562500
0.06346000000000007,0.0228,0.056400000000000006,456774636701154.562500
0.06347000000000003,0.0228,0.056400000000000006,456774636701154.562500
0.06348000000000009,0.0212,0.055600000000000004,456774636701154.562500
0.06349000000000005,0.0228,0.055600000000000004,456774636701154.562500
0.0635,0.022000000000000002,0.0516,456774636701154.562500
0.06351000000000007,0.022000000000000002,0.054,456774636701154.562500
0.06352000000000002,0.0236,0.056400000000000006,456774636701154.562500
0.06353000000000009,0.0236,0.056400000000000006,456774636701154.562500
0.06354000000000004,0.0228,0.0548,456774636701154.562500
0.06355,0.0236,0.0572,456774636701154.562500
0.06356000000000006,0.0244,0.0572,456774636701154.562500
0.06357000000000002,0.0252,0.058800000000000005,456774636701154.562500
0.06358000000000008,0.0236,0.055600000000000004,456774636701154.562500
0.06359000000000004,0.0236,0.056400000000000006,456774636701154.562500
0.0636000000000001,0.0244,0.0572,456774636701154.562500
0.06361000000000006,0.0236,0.055600000000000004,456774636701154.562500
0.06362000000000001,0.0228,0.056400000000000006,456774636701154.562500
0.06363000000000008,0.0212,0.056400000000000006,456774636701154.562500
0.06364000000000003,0.0236,0.058,456774636701154.562500
0.0636500000000001,0.0228,0.053200000000000004,456774636701154.562500
0.06366000000000005,0.0196,0.055600000000000004,456774636701154.562500
0.06367,0.022000000000000002,0.0548,456774636701154.562500
0.06368000000000007,0.0188,0.053200000000000004,456774636701154.562500
0.06369000000000002,0.022000000000000002,0.056400000000000006,456774636701154.562500
0.06370000000000009,0.022000000000000002,0.0572,456774636701154.562500
0.06371000000000004,0.022000000000000002,0.0548,456774636701154.562500
0.06372,0.022000000000000002,0.058800000000000005,456774636701154.562500
0.06373000000000006,0.022000000000000002,0.056400000000000006,456774636701154.562500
0.06374000000000002,0.022000000000000002,0.053200000000000004,456774636701154.562500
0.06375000000000008,0.0236,0.053200000000000004,456774636701154.562500
0.06376000000000004,0.0228,0.0572,456774636701154.562500
0.06377,0.0212,0.0548,456774636701154.562500
0.06378000000000006,0.0228,0.056400000000000006,456774636701154.562500
0.06379000000000001,0.0236,0.055600000000000004,456774636701154.562500
0.06380000000000008,0.0228,0.053200000000000004,456774636701154.562500
0.06381000000000003,0.0228,0.055600000000000004,456774636701154.562500
0.0638200000000001,0.0244,0.056400000000000006,456774636701154.562500
0.06383000000000005,0.022000000000000002,0.0572,456774636701154.562500
0.06384000000000001,0.0244,0.0572,456774636701154.562500
0.06385000000000007,0.0244,0.058,456774636701154.562500
0.06386000000000003,0.0244,0.058,456774636701154.562500
0.0638700000000001,0.0196,0.053200000000000004,456774636701154.562500
0.06388000000000005,0.0228,0.056400000000000006,456774636701154.562500
0.06389,0.022000000000000002,0.055600000000000004,456774636701154.562500
0.06390000000000007,0.0236,0.055600000000000004,456774636701154.562500
0.06391000000000002,0.022000000000000002,0.0524,456774636701154.562500
0.06392000000000009,0.0228,0.056400000000000006,456774636701154.562500
0.06393000000000004,0.0204,0.055600000000000004,456774636701154.562500
0.06394,0.0228,0.054,456774636701154.562500
0.06395000000000006,0.0236,0.0572,456774636701154.562500
0.06396000000000002,0.0228,0.055600000000000004,456774636701154.562500
0.06397000000000008,0.022000000000000002,0.058,456774636701154.562500
0.06398000000000004,0.0212,0.0572,456774636701154.562500
0.06398999999999999,0.022000000000000002,0.0524,456774636701154.562500
0.06400000000000006,0.0212,0.056400000000000006,456774636701154.562500
0.06401000000000001,0.022000000000000002,0.054,456774636701154.562500
0.06402000000000008,0.022000000000000002,0.056400000000000006,456774636701154.562500
0.06403000000000003,0.0236,0.056400000000000006,456774636701154.562500
0.0640400000000001,0.0236,0.056400000000000006,456774636701154.562500
0.06405000000000005,0.0212,0.058,456774636701154.562500
0.06406,0.0228,0.0548,456774636701154.562500
0.06407000000000007,0.022000000000000002,0.0548,456774636701154.562500
0.06408000000000003,0.0228,0.056400000000000006,456774636701154.562500
0.06409000000000009,0.0204,0.055600000000000004,456774636701154.562500
0.06410000000000005,0.022000000000000002,0.055600000000000004,456774636701154.562500
0.06411,0.022000000000000002,0.055600000000000004,456774636701154.562500
0.06412000000000007,0.022000000000000002,0.055600000000000004,456774636701154.562500
0.06413000000000002,0.0236,0.056400000000000006,456774636701154.562500
0.06414000000000009,0.0244,0.056400000000000006,456774636701154.562500
0.06415000000000004,0.0252,0.056400000000000006,456774636701154.562500
0.06416,0.0228,0.054,456774636701154.562500
0.06417000000000006,0.022000000000000002,0.056400000000000006,456774636701154.562500
0.06418000000000001,0.0212,0.0548,456774636701154.562500
0.06419000000000008,0.0228,0.0572,456774636701154.562500
0.06420000000000003,0.0236,0.056400000000000006,456774636701154.562500
0.0642100000000001,0.0236,0.056400000000000006,456774636701154.562500
0.06422000000000005,0.0244,0.056400000000000006,456774636701154.562500
0.06423000000000001,0.0236,0.058,456774636701154.562500
0.06424000000000007,0.0228,0.0548,456774636701154.562500
0.06425000000000003,0.0228,0.055600000000000004,456774636701154.562500
0.0642600000000001,0.022000000000000002,0.0572,456774636701154.562500
0.06427000000000005,0.0228,0.054,456774636701154.562500
0.06428,0.0236,0.0524,456774636701154.562500
0.06429000000000007,0.022000000000000002,0.055600000000000004,456774636701154.562500
0.06430000000000002,0.022000000000000002,0.0572,456774636701154.562500
0.06431000000000009,0.022000000000000002,0.0572,456774636701154.562500
0.06432000000000004,0.0204,0.055600000000000004,456774636701154.562500
0.06433,0.0212,0.0572,456774636701154.562500
0.06434000000000006,0.022000000000000002,0.0572,456774636701154.562500
0.06435000000000002,0.0204,0.0572,456774636701154.562500
0.06436000000000008,0.0228,0.054,456774636701154.562500
0.06437000000000004,0.022000000000000002,0.0524,456774636701154.562500
0.06437999999999999,0.022000000000000002,0.058,456774636701154.562500
0.06439000000000006,0.0236,0.055600000000000004,456774636701154.562500
0.06440000000000001,0.0212,0.05,456774636701154.562500
0.06441000000000008,0.0212,0.050800000000000005,456774636701154.562500
0.06442000000000003,0.0236,0.0444,456774636701154.562500
0.0644300000000001,0.0236,0.037200000000000004,456774636701154.562500
0.06444000000000005,0.026000000000000002,0.048400000000000006,456774636701154.562500
0.06445000000000001,0.0244,0.0492,456774636701154.562500
0.06446000000000007,0.0228,0.048400000000000006,456774636701154.562500
0.06447000000000003,0.0244,0.054,456774636701154.562500
0.06448000000000009,0.0236,0.0548,456774636701154.562500
0.06449000000000005,0.022000000000000002,0.0476,456774636701154.562500
0.0645,0.022000000000000002,0.0524,456774636701154.562500
0.06451000000000007,0.0212,0.0516,456774636701154.562500
0.06452000000000002,0.0172,0.055600000000000004,456774636701154.562500
0.06453000000000009,0.0188,0.0572,456774636701154.562500
0.06454000000000004,0.0188,0.054,456774636701154.562500
0.06455,0.018000000000000002,0.0572,456774636701154.562500
0.06456000000000006,0.0196,0.054,456774636701154.562500
0.06457000000000002,0.022000000000000002,0.0516,456774636701154.562500
0.06458000000000008,0.0228,0.0548,456774636701154.562500
0.06459000000000004,0.0212,0.056400000000000006,456774636701154.562500
0.06459999999999999,0.022000000000000002,0.058,456774636701154.562500
0.06461000000000006,0.0236,0.056400000000000006,456774636701154.562500
0.06462000000000001,0.0228,0.0548,456774636701154.562500
0.06463000000000008,0.022000000000000002,0.056400000000000006,456774636701154.562500
0.06464000000000003,0.022000000000000002,0.058800000000000005,456774636701154.562500
0.0646500000000001,0.0212,0.0516,456774636701154.562500
0.06466000000000005,0.0196,0.056400000000000006,456774636701154.562500
0.06467,0.0212,0.056400000000000006,456774636701154.562500
0.06468000000000007,0.0172,0.0572,456774636701154.562500
0.06469000000000003,0.0188,0.0572,456774636701154.562500
0.06470000000000009,0.0212,0.0572,456774636701154.562500
0.06471000000000005,0.022000000000000002,0.058800000000000005,456774636701154.562500
0.06472,0.0228,0.056400000000000006,456774636701154.562500
0.06473000000000007,0.0212,0.056400000000000006,456774636701154.562500
0.06474000000000002,0.0212,0.054,456774636701154.562500
0.06475000000000009,0.0236,0.056400000000000006,456774636701154.562500
0.06476000000000004,0.022000000000000002,0.055600000000000004,456774636701154.562500
0.06477,0.022000000000000002,0.055600000000000004,456774636701154.562500
0.06478000000000006,0.0164,0.0548,456774636701154.562500
0.06479000000000001,0.0236,0.055600000000000004,456774636701154.562500
0.06480000000000008,0.022000000000000002,0.0516,456774636701154.562500
0.06481000000000003,0.0244,0.054,456774636701154.562500
0.0648200000000001,0.0236,0.053200000000000004,456774636701154.562500
0.06483000000000005,0.022000000000000002,0.0572,456774636701154.562500
0.06484000000000001,0.022000000000000002,0.055600000000000004,456774636701154.562500
0.06485000000000007,0.0236,0.056400000000000006,456774636701154.562500
0.06486000000000003,0.0228,0.056400000000000006,456774636701154.562500
0.0648700000000001,0.0196,0.056400000000000006,456774636701154.562500
0.06488000000000005,0.0212,0.055600000000000004,456774636701154.562500
0.06489,0.0196,0.055600000000000004,456774636701154.562500
0.06490000000000007,0.0196,0.0572,456774636701154.562500
0.06491000000000002,0.0204,0.058,456774636701154.562500
0.06492000000000009,0.0196,0.055600000000000004,456774636701154.562500
0.06493000000000004,0.0188,0.0524,456774636701154.562500
0.06494,0.0212,0.055600000000000004,456774636701154.562500
0.06495000000000006,0.018000000000000002,0.055600000000000004,456774636701154.562500
0.06496000000000002,0.0196,0.0572,456774636701154.562500
0.06497000000000008,0.0196,0.058,456774636701154.562500
0.06498000000000004,0.022000000000000002,0.056400000000000006,456774636701154.562500
0.06498999999999999,0.022000000000000002,0.053200000000000004,456774636701154.562500
0.06500000000000006,0.0164,0.058,456774636701154.562500
0.06501000000000001,0.018000000000000002,0.0548,456774636701154.562500
0.06502000000000008,0.0164,0.0572,456774636701154.562500
0.06503000000000003,0.0172,0.0572,456774636701154.562500
0.0650400000000001,0.0212,0.0572,456774636701154.562500
0.06505000000000005,0.0252,0.058,456774636701154.562500
0.06506,0.0228,0.0572,456774636701154.562500
0.06507000000000007,0.0244,0.0572,456774636701154.562500
0.06508000000000003,0.0236,0.055600000000000004,456774636701154.562500
0.06509000000000009,0.0196,0.056400000000000006,456774636701154.562500
0.06510000000000005,0.0204,0.0572,456774636701154.562500
0.06511,0.0244,0.056400000000000006,456774636701154.562500
0.06512000000000007,0.0228,0.056400000000000006,456774636701154.562500
0.06513000000000002,0.022000000000000002,0.055600000000000004,456774636701154.562500
0.06514000000000009,0.0236,0.0572,456774636701154.562500
0.06515000000000004,0.0244,0.058,456774636701154.562500
0.06516,0.0236,0.0548,456774636701154.562500
0.06517000000000006,0.0228,0.054,456774636701154.562500
0.06518000000000002,0.0204,0.0468,456774636701154.562500
0.06519000000000008,0.0228,0.0524,456774636701154.562500
0.06520000000000004,0.0196,0.0572,456774636701154.562500
0.0652100000000001,0.022000000000000002,0.056400000000000006,456774636701154.562500
0.06522000000000006,0.0228,0.056400000000000006,456774636701154.562500
0.06523000000000001,0.0212,0.055600000000000004,456774636701154.562500
0.06524000000000008,0.022000000000000002,0.055600000000000004,456774636701154.562500
0.06525000000000003,0.0228,0.054,456774636701154.562500
0.0652600000000001,0.0212,0.055600000000000004,456774636701154.562500
0.06527000000000005,0.0228,0.0548,456774636701154.562500
0.06528,0.0228,0.054,456774636701154.562500
0.06529000000000007,0.022000000000000002,0.058,456774636701154.562500
0.06530000000000002,0.0236,0.058800000000000005,456774636701154.562500
0.06531000000000009,0.0228,0.058,456774636701154.562500
0.06532000000000004,0.0236,0.056400000000000006,456774636701154.562500
0.06533,0.0228,0.0548,456774636701154.562500
0.06534000000000006,0.0236,0.054,456774636701154.562500
0.06535000000000002,0.0244,0.058,456774636701154.562500
0.06536000000000008,0.0244,0.0572,456774636701154.562500
0.06537000000000004,0.022000000000000002,0.055600000000000004,456774636701154.562500
0.06538,0.0236,0.056400000000000006,456774636701154.562500
0.06539000000000006,0.0252,0.056400000000000006,456774636701154.562500
0.06540000000000001,0.0228,0.058,456774636701154.562500
0.06541000000000008,0.0244,0.055600000000000004,456774636701154.562500
0.06542000000000003,0.026000000000000002,0.055600000000000004,456774636701154.562500
0.0654300000000001,0.0244,0.056400000000000006,456774636701154.562500
0.06544000000000005,0.022000000000000002,0.0548,456774636701154.562500
0.06545000000000001,0.0236,0.0548,456774636701154.562500
0.06546000000000007,0.0252,0.037200000000000004,456774636701154.562500
0.06547000000000003,0.0244,0.053200000000000004,456774636701154.562500
0.0654800000000001,0.022000000000000002,0.0524,456774636701154.562500
0.06549000000000005,0.0228,0.0572,456774636701154.562500
0.0655,0.022000000000000002,0.055600000000000004,456774636701154.562500
0.06551000000000007,0.0212,0.0516,456774636701154.562500
0.06552000000000002,0.0204,0.055600000000000004,456774636701154.562500
0.06553000000000009,0.022000000000000002,0.055600000000000004,456774636701154.562500
0.06554000000000004,0.0228,0.0572,456774636701154.562500
0.06555,0.0228,0.054,456774636701154.562500
0.06556000000000006,0.022000000000000002,0.056400000000000006,456774636701154.562500
0.06557000000000002,0.0212,0.0476,456774636701154.562500
0.06558000000000008,0.0228,0.045200000000000004,456774636701154.562500
0.06559000000000004,0.0196,0.0524,456774636701154.562500
0.06559999999999999,0.0212,0.0396,456774636701154.562500
0.06561000000000006,0.0212,0.042800000000000005,456774636701154.562500
0.06562000000000001,0.0228,0.0412,456774636701154.562500
0.06563000000000008,0.0228,0.0444,456774636701154.562500
0.06564000000000003,0.0228,0.045200000000000004,456774636701154.562500
0.0656500000000001,0.0228,0.0476,456774636701154.562500
0.06566000000000005,0.0244,0.0364,456774636701154.562500
0.06567,0.0236,0.048400000000000006,456774636701154.562500
0.06568000000000007,0.0228,0.046,456774636701154.562500
0.06569000000000003,0.0228,0.05,456774636701154.562500
0.06570000000000009,0.022000000000000002,0.0516,456774636701154.562500
0.06571000000000005,0.0244,0.050800000000000005,456774636701154.562500
0.06572,0.0228,0.054,456774636701154.562500
0.06573000000000007,0.0228,0.056400000000000006,456774636701154.562500
0.06574000000000002,0.0236,0.055600000000000004,456774636701154.562500
0.06575000000000009,0.0228,0.050800000000000005,456774636701154.562500
0.06576000000000004,0.0228,0.0572,456774636701154.562500
0.06577,0.0228,0.05,456774636701154.562500
0.06578000000000006,0.0228,0.0516,456774636701154.562500
0.06579000000000002,0.0228,0.053200000000000004,456774636701154.562500
0.06580000000000008,0.022000000000000002,0.054,456774636701154.562500
0.06581000000000004,0.022000000000000002,0.0572,456774636701154.562500
0.0658200000000001,0.0228,0.056400000000000006,456774636701154.562500
0.06583000000000006,0.0212,0.056400000000000006,456774636701154.562500
0.06584000000000001,0.0212,0.055600000000000004,456774636701154.562500
0.06585000000000008,0.0236,0.058,456774636701154.562500
0.06586000000000003,0.0196,0.056400000000000006,456774636701154.562500
0.0658700000000001,0.0228,0.056400000000000006,456774636701154.562500
0.06588000000000005,0.0212,0.055600000000000004,456774636701154.562500
0.06589,0.0212,0.056400000000000006,456774636701154.562500
0.06590000000000007,0.0228,0.056400000000000006,456774636701154.562500
0.06591000000000002,0.0212,0.055600000000000004,456774636701154.562500
0.06592000000000009,0.0196,0.054,456774636701154.562500
0.06593000000000004,0.022000000000000002,0.055600000000000004,456774636701154.562500
0.06594,0.0228,0.054,456774636701154.562500
0.06595000000000006,0.0212,0.056400000000000006,456774636701154.562500
0.06596000000000002,0.0244,0.056400000000000006,456774636701154.562500
0.06597000000000008,0.0236,0.056400000000000006,456774636701154.562500
0.06598000000000004,0.0252,0.056400000000000006,456774636701154.562500
0.06599,0.022000000000000002,0.055600000000000004,456774636701154.562500
0.06600000000000006,0.0244,0.054,456774636701154.562500
0.06601000000000001,0.0164,0.0572,456774636701154.562500
0.06602000000000008,0.018000000000000002,0.058,456774636701154.562500
0.06603000000000003,0.015600000000000001,0.056400000000000006,456774636701154.562500
0.0660400000000001,0.0188,0.0572,456774636701154.562500
0.06605000000000005,0.0148,0.058,456774636701154.562500
0.06606000000000001,0.0132,0.0524,456774636701154.562500
0.06607000000000007,0.012400000000000001,0.053200000000000004,456774636701154.562500
0.06608000000000003,0.0108,0.0524,456774636701154.562500
0.0660900000000001,0.0148,0.05,456774636701154.562500
0.06610000000000005,0.0228,0.0516,456774636701154.562500
0.06611,0.0148,0.0572,456774636701154.562500
0.06612000000000007,0.0212,0.053200000000000004,456774636701154.562500
0.06613000000000002,0.0204,0.058,456774636701154.562500
0.06614000000000009,0.0188,0.058,456774636701154.562500
0.06615000000000004,0.018000000000000002,0.056400000000000006,456774636701154.562500
0.06616,0.0204,0.058,456774636701154.562500
0.06617000000000006,0.014,0.0572,456774636701154.562500
0.06618000000000002,0.022000000000000002,0.0572,456774636701154.562500
0.06619000000000008,0.0228,0.056400000000000006,456774636701154.562500
0.06620000000000004,0.0236,0.0548,456774636701154.562500
0.06620999999999999,0.0212,0.053200000000000004,456774636701154.562500
0.06622000000000006,0.0228,0.053200000000000004,456774636701154.562500
0.06623000000000001,0.0228,0.050800000000000005,456774636701154.562500
0.06624000000000008,0.0236,0.056400000000000006,456774636701154.562500
0.06625000000000003,0.0252,0.0572,456774636701154.562500
0.0662600000000001,0.0236,0.0572,456774636701154.562500
0.06627000000000005,0.0244,0.055600000000000004,456774636701154.562500
0.06628,0.0244,0.056400000000000006,456774636701154.562500
0.06629000000000007,0.022000000000000002,0.0548,456774636701154.562500
0.06630000000000003,0.0244,0.056400000000000006,456774636701154.562500
0.06631000000000009,0.0252,0.056400000000000006,456774636701154.562500
0.06632000000000005,0.0204,0.0572,456774636701154.562500
0.06633,0.022000000000000002,0.056400000000000006,456774636701154.562500
0.06634000000000007,0.0196,0.0548,456774636701154.562500
0.06635000000000002,0.0244,0.0572,456774636701154.562500
0.06636000000000009,0.0212,0.056400000000000006,456774636701154.562500
0.06637000000000004,0.0236,0.056400000000000006,456774636701154.562500
0.06638,0.0228,0.058,456774636701154.562500
0.06639000000000006,0.0204,0.055600000000000004,456774636701154.562500
0.06640000000000001,0.0228,0.054,456774636701154.562500
0.06641000000000008,0.022000000000000002,0.0548,456774636701154.562500
0.06642000000000003,0.0212,0.055600000000000004,456774636701154.562500
0.0664300000000001,0.0228,0.056400000000000006,456774636701154.562500
0.06644000000000005,0.0188,0.0572,456774636701154.562500
0.06645000000000001,0.0228,0.0548,456774636701154.562500
0.06646000000000007,0.0204,0.055600000000000004,456774636701154.562500
0.06647000000000003,0.018000000000000002,0.0548,456774636701154.562500
0.0664800000000001,0.0212,0.0572,456774636701154.562500
0.06649000000000005,0.0172,0.056400000000000006,456774636701154.562500
0.0665,0.0228,0.054,456774636701154.562500
0.06651000000000007,0.018000000000000002,0.055600000000000004,456774636701154.562500
0.06652000000000002,0.0228,0.0572,456774636701154.562500
0.06653000000000009,0.0204,0.056400000000000006,456774636701154.562500
0.06654000000000004,0.0204,0.053200000000000004,456774636701154.562500
0.06655,0.0236,0.056400000000000006,456774636701154.562500
0.06656000000000006,0.0204,0.055600000000000004,456774636701154.562500
0.06657000000000002,0.0236,0.056400000000000006,456774636701154.562500
0.06658000000000008,0.022000000000000002,0.055600000000000004,456774636701154.562500
0.06659000000000004,0.0244,0.0548,456774636701154.562500
0.06659999999999999,0.0244,0.0572,456774636701154.562500
0.06661000000000006,0.0236,0.058,456774636701154.562500
0.06662000000000001,0.022000000000000002,0.054,456774636701154.562500
0.06663000000000008,0.0204,0.056400000000000006,456774636701154.562500
0.06664000000000003,0.0244,0.056400000000000006,456774636701154.562500
0.0666500000000001,0.018000000000000002,0.054,456774636701154.562500
0.06666000000000005,0.0236,0.056400000000000006,456774636701154.562500
0.06667000000000001,0.022000000000000002,0.0572,456774636701154.562500
0.06668000000000007,0.0228,0.0572,456774636701154.562500
0.06669000000000003,0.018000000000000002,0.055600000000000004,456774636701154.562500
0.06670000000000009,0.022000000000000002,0.054,456774636701154.562500
0.06671000000000005,0.0196,0.0548,456774636701154.562500
0.06672,0.022000000000000002,0.0572,456774636701154.562500
0.06673000000000007,0.0228,0.0572,456774636701154.562500
0.06674000000000002,0.0204,0.054,456774636701154.562500
0.06675000000000009,0.022000000000000002,0.058,456774636701154.562500
0.06676000000000004,0.022000000000000002,0.0548,456774636701154.562500
0.06677,0.022000000000000002,0.058,456774636701154.562500
0.06678000000000006,0.0196,0.056400000000000006,456774636701154.562500
0.06679000000000002,0.022000000000000002,0.055600000000000004,456774636701154.562500
0.06680000000000008,0.0228,0.056400000000000006,456774636701154.562500
0.06681000000000004,0.0228,0.0516,456774636701154.562500
0.0668200000000001,0.0244,0.056400000000000006,456774636701154.562500
0.06683000000000006,0.018000000000000002,0.056400000000000006,456774636701154.562500
0.06684000000000001,0.0212,0.055600000000000004,456774636701154.562500
0.06685000000000008,0.0228,0.0572,456774636701154.562500
0.06686000000000003,0.0228,0.0572,456774636701154.562500
0.0668700000000001,0.0188,0.0572,456774636701154.562500
0.06688000000000005,0.0236,0.055600000000000004,456774636701154.562500
0.06689,0.0228,0.0516,456774636701154.562500
0.06690000000000007,0.0228,0.054,456774636701154.562500
0.06691000000000003,0.0244,0.056400000000000006,456774636701154.562500
0.06692000000000009,0.0236,0.0572,456774636701154.562500
0.06693000000000005,0.0244,0.0476,456774636701154.562500
0.06694,0.022000000000000002,0.058,456774636701154.562500
0.06695000000000007,0.0228,0.0524,456774636701154.562500
0.06696000000000002,0.0252,0.058,456774636701154.562500
0.06697000000000009,0.0228,0.056400000000000006,456774636701154.562500
0.06698000000000004,0.0228,0.0548,456774636701154.562500
0.06699,0.0228,0.0572,456774636701154.562500
0.06700000000000006,0.0228,0.0476,456774636701154.562500
0.06701000000000001,0.0212,0.056400000000000006,456774636701154.562500
0.06702000000000008,0.0228,0.0468,456774636701154.562500
0.06703000000000003,0.0236,0.055600000000000004,456774636701154.562500
0.0670400000000001,0.0228,0.0524,456774636701154.562500
0.06705000000000005,0.0204,0.056400000000000006,456774636701154.562500
0.06706000000000001,0.0228,0.0516,456774636701154.562500
0.06707000000000007,0.0212,0.056400000000000006,456774636701154.562500
0.06708000000000003,0.0212,0.0516,456774636701154.562500
0.0670900000000001,0.0228,0.0572,456774636701154.562500
0.06710000000000005,0.022000000000000002,0.058,456774636701154.562500
0.06711,0.0212,0.054,456774636701154.562500
0.06712000000000007,0.022000000000000002,0.0572,456774636701154.562500
0.06713000000000002,0.0236,0.058,456774636701154.562500
0.06714000000000009,0.0228,0.0572,456774636701154.562500
0.06715000000000004,0.0244,0.0548,456774636701154.562500
0.06716,0.022000000000000002,0.056400000000000006,456774636701154.562500
0.06717000000000006,0.0244,0.0524,456774636701154.562500
0.06718000000000002,0.0236,0.055600000000000004,456774636701154.562500
0.06719000000000008,0.0236,0.053200000000000004,456774636701154.562500
0.06720000000000004,0.0228,0.056400000000000006,456774636701154.562500
0.06720999999999999,0.026000000000000002,0.0524,456774636701154.562500
0.06722000000000006,0.0228,0.055600000000000004,456774636701154.562500
0.06723000000000001,0.0236,0.048400000000000006,456774636701154.562500
0.06724000000000008,0.0236,0.054,456774636701154.562500
0.06725000000000003,0.0236,0.0516,456774636701154.562500
0.0672600000000001,0.0236,0.0572,456774636701154.562500
0.06727000000000005,0.0252,0.0444,456774636701154.562500
0.06728,0.0196,0.054,456774636701154.562500
0.06729000000000007,0.0188,0.053200000000000004,456774636701154.562500
0.06730000000000003,0.0228,0.056400000000000006,456774636701154.562500
0.06731000000000009,0.022000000000000002,0.0572,456774636701154.562500
0.06732000000000005,0.0236,0.055600000000000004,456774636701154.562500
0.06733,0.0212,0.0548,456774636701154.562500
0.06734000000000007,0.0228,0.0572,456774636701154.562500
0.06735000000000002,0.0228,0.056400000000000006,456774636701154.562500
0.06736000000000009,0.0228,0.0548,456774636701154.562500
0.06737000000000004,0.022000000000000002,0.058,456774636701154.562500
0.06738,0.022000000000000002,0.058,456774636701154.562500
0.06739000000000006,0.0204,0.0516,456774636701154.562500
0.06740000000000002,0.0212,0.05,456774636701154.562500
0.06741000000000008,0.022000000000000002,0.046,456774636701154.562500
0.06742000000000004,0.018000000000000002,0.055600000000000004,456774636701154.562500
0.0674300000000001,0.022000000000000002,0.0548,456774636701154.562500
0.06744000000000006,0.022000000000000002,0.0548,456774636701154.562500
0.06745000000000001,0.0236,0.0524,456774636701154.562500
0.06746000000000008,0.022000000000000002,0.056400000000000006,456774636701154.562500
0.06747000000000003,0.0244,0.0572,456774636701154.562500
0.0674800000000001,0.0228,0.055600000000000004,456774636701154.562500
0.06749000000000005,0.0236,0.0548,456774636701154.562500
0.0675,0.0204,0.056400000000000006,456774636701154.562500
0.06751000000000007,0.0236,0.0572,456774636701154.562500
0.06752000000000002,0.0236,0.056400000000000006,456774636701154.562500
0.06753000000000009,0.0236,0.0548,456774636701154.562500
0.06754000000000004,0.0236,0.058800000000000005,456774636701154.562500
0.06755,0.0212,0.0516,456774636701154.562500
0.06756000000000006,0.0244,0.0492,456774636701154.562500
0.06757000000000002,0.0244,0.0492,456774636701154.562500
0.06758000000000008,0.0236,0.054,456774636701154.562500
0.06759000000000004,0.0236,0.054,456774636701154.562500
0.0676,0.022000000000000002,0.054,456774636701154.562500
0.06761000000000006,0.0236,0.058,456774636701154.562500
0.06762000000000001,0.0228,0.055600000000000004,456774636701154.562500
0.06763000000000008,0.0236,0.056400000000000006,456774636701154.562500
0.06764000000000003,0.022000000000000002,0.056400000000000006,456774636701154.562500
0.0676500000000001,0.0228,0.056400000000000006,456774636701154.562500
0.06766000000000005,0.022000000000000002,0.054,456774636701154.562500
0.06767000000000001,0.0212,0.055600000000000004,456774636701154.562500
0.06768000000000007,0.0212,0.0548,456774636701154.562500
0.06769000000000003,0.0212,0.056400000000000006,456774636701154.562500
0.0677000000000001,0.018000000000000002,0.056400000000000006,456774636701154.562500
0.06771000000000005,0.0196,0.055600000000000004,456774636701154.562500
0.06772,0.0172,0.055600000000000004,456774636701154.562500
0.06773000000000007,0.0228,0.056400000000000006,456774636701154.562500
0.06774000000000002,0.0236,0.056400000000000006,456774636701154.562500
0.06775000000000009,0.0228,0.058,456774636701154.562500
0.06776000000000004,0.0244,0.055600000000000004,456774636701154.562500
0.06777,0.0228,0.053200000000000004,456774636701154.562500
0.06778000000000006,0.0236,0.0516,456774636701154.562500
0.06779000000000002,0.0236,0.056400000000000006,456774636701154.562500
0.06780000000000008,0.0244,0.055600000000000004,456774636701154.562500
0.06781000000000004,0.0252,0.056400000000000006,456774636701154.562500
0.06781999999999999,0.0252,0.055600000000000004,456774636701154.562500
0.06783000000000006,0.0236,0.055600000000000004,456774636701154.562500
0.06784000000000001,0.0236,0.056400000000000006,456774636701154.562500
0.06785000000000008,0.0236,0.055600000000000004,456774636701154.562500
0.06786000000000003,0.0236,0.0548,456774636701154.562500
0.0678700000000001,0.022000000000000002,0.0548,456774636701154.562500
0.06788000000000005,0.0236,0.054,456774636701154.562500
0.06789,0.0252,0.055600000000000004,456774636701154.562500
0.06790000000000007,0.0228,0.0516,456774636701154.562500
0.06791000000000003,0.022000000000000002,0.050800000000000005,456774636701154.562500
0.06792000000000009,0.0228,0.050800000000000005,456774636701154.562500
0.06793000000000005,0.0212,0.0468,456774636701154.562500
0.06794,0.0204,0.048400000000000006,456774636701154.562500
0.06795000000000007,0.0212,0.0468,456774636701154.562500
0.06796000000000002,0.0228,0.055600000000000004,456774636701154.562500
0.06797000000000009,0.022000000000000002,0.05,456774636701154.562500
0.06798000000000004,0.0236,0.058,456774636701154.562500
0.06799,0.0228,0.054,456774636701154.562500
0.06800000000000006,0.0228,0.056400000000000006,456774636701154.562500
0.06801000000000001,0.022000000000000002,0.055600000000000004,456774636701154.562500
0.06802000000000008,0.0212,0.056400000000000006,456774636701154.562500
0.06803000000000003,0.022000000000000002,0.056400000000000006,456774636701154.562500
0.0680400000000001,0.0228,0.055600000000000004,456774636701154.562500
0.06805000000000005,0.022000000000000002,0.055600000000000004,456774636701154.562500
0.06806000000000001,0.022000000000000002,0.0548,456774636701154.562500
0.06807000000000007,0.022000000000000002,0.055600000000000004,456774636701154.562500
0.06808000000000003,0.022000000000000002,0.056400000000000006,456774636701154.562500
0.0680900000000001,0.0244,0.0524,456774636701154.562500
0.06810000000000005,0.0204,0.056400000000000006,456774636701154.562500
0.06811,0.0244,0.056400000000000006,456774636701154.562500
0.06812000000000007,0.0204,0.056400000000000006,456774636701154.562500
0.06813000000000002,0.0236,0.055600000000000004,456774636701154.562500
0.06814000000000009,0.0204,0.054,456774636701154.562500
0.06815000000000004,0.0244,0.053200000000000004,456774636701154.562500
0.06816,0.022000000000000002,0.055600000000000004,456774636701154.562500
0.06817000000000006,0.0244,0.056400000000000006,456774636701154.562500
0.06818000000000002,0.022000000000000002,0.056400000000000006,456774636701154.562500
0.06819000000000008,0.0236,0.056400000000000006,456774636701154.562500
0.06820000000000004,0.0228,0.058,456774636701154.562500
0.06820999999999999,0.0212,0.0572,456774636701154.562500
0.06822000000000006,0.0212,0.056400000000000006,456774636701154.562500
0.06823000000000001,0.0228,0.042800000000000005,456774636701154.562500
0.06824000000000008,0.022000000000000002,0.055600000000000004,456774636701154.562500
0.06825000000000003,0.022000000000000002,0.0548,456774636701154.562500
0.0682600000000001,0.0212,0.056400000000000006,456774636701154.562500
0.06827000000000005,0.0236,0.055600000000000004,456774636701154.562500
0.06828000000000001,0.0228,0.046,456774636701154.562500
0.06829000000000007,0.022000000000000002,0.0572,456774636701154.562500
0.06830000000000003,0.022000000000000002,0.048400000000000006,456774636701154.562500
0.06831000000000009,0.022000000000000002,0.0572,456774636701154.562500
0.06832000000000005,0.0228,0.0516,456774636701154.562500
0.06833,0.0236,0.055600000000000004,456774636701154.562500
0.06834000000000007,0.0228,0.055600000000000004,456774636701154.562500
0.06835000000000002,0.0228,0.055600000000000004,456774636701154.562500
0.06836000000000009,0.0228,0.056400000000000006,456774636701154.562500
0.06837000000000004,0.0244,0.055600000000000004,456774636701154.562500
0.06838,0.0236,0.055600000000000004,456774636701154.562500
0.06839000000000006,0.0212,0.056400000000000006,456774636701154.562500
0.06840000000000002,0.0164,0.055600000000000004,456774636701154.562500
0.06841000000000008,0.0236,0.055600000000000004,456774636701154.562500
0.06842000000000004,0.0236,0.0572,456774636701154.562500
0.0684300000000001,0.0244,0.0524,456774636701154.562500
0.06844000000000006,0.0228,0.0468,456774636701154.562500
0.06845000000000001,0.0228,0.055600000000000004,456774636701154.562500
0.06846000000000008,0.0228,0.055600000000000004,456774636701154.562500
0.06847000000000003,0.0244,0.055600000000000004,456774636701154.562500
0.0684800000000001,0.022000000000000002,0.056400000000000006,456774636701154.562500
0.06849000000000005,0.0228,0.0572,456774636701154.562500
0.0685,0.0204,0.0572,456774636701154.562500
0.06851000000000007,0.022000000000000002,0.0548,456774636701154.562500
0.06852000000000003,0.0196,0.056400000000000006,456774636701154.562500
0.06853000000000009,0.0228,0.055600000000000004,456774636701154.562500
0.06854000000000005,0.0212,0.0572,456774636701154.562500
0.06855,0.0204,0.054,456774636701154.562500
0.06856000000000007,0.0212,0.058800000000000005,456774636701154.562500
0.06857000000000002,0.0204,0.0516,456774636701154.562500
0.06858000000000009,0.022000000000000002,0.0548,456774636701154.562500
0.06859000000000004,0.0212,0.0476,456774636701154.562500
0.0686,0.0212,0.0476,456774636701154.562500
0.06861000000000006,0.022000000000000002,0.0468,456774636701154.562500
0.06862000000000001,0.0228,0.058,456774636701154.562500
0.06863000000000008,0.0212,0.050800000000000005,456774636701154.562500
0.06864000000000003,0.0212,0.0468,456774636701154.562500
0.0686500000000001,0.0212,0.05,456774636701154.562500
0.06866000000000005,0.0228,0.0476,456774636701154.562500
0.06867000000000001,0.0228,0.0444,456774636701154.562500
0.06868000000000007,0.0236,0.055600000000000004,456774636701154.562500
0.06869000000000003,0.0236,0.050800000000000005,456774636701154.562500
0.0687000000000001,0.0236,0.056400000000000006,456774636701154.562500
0.06871000000000005,0.0236,0.054,456774636701154.562500
0.06872,0.0236,0.054,456774636701154.562500
0.06873000000000007,0.0252,0.0476,456774636701154.562500
0.06874000000000002,0.0252,0.055600000000000004,456774636701154.562500
0.06875000000000009,0.0228,0.0476,456774636701154.562500
0.06876000000000004,0.0244,0.0548,456774636701154.562500
0.06877,0.0212,0.056400000000000006,456774636701154.562500
0.06878000000000006,0.0228,0.0572,456774636701154.562500
0.06879000000000002,0.0204,0.055600000000000004,456774636701154.562500
0.06880000000000008,0.0228,0.0572,456774636701154.562500
0.06881000000000004,0.0212,0.0572,456774636701154.562500
0.06881999999999999,0.0204,0.056400000000000006,456774636701154.562500
0.06883000000000006,0.0228,0.054,456774636701154.562500
0.06884000000000001,0.0228,0.0572,456774636701154.562500
0.06885000000000008,0.022000000000000002,0.0524,456774636701154.562500
0.06886000000000003,0.0228,0.0572,456774636701154.562500
0.0688700000000001,0.0228,0.054,456774636701154.562500
0.06888000000000005,0.0228,0.056400000000000006,456774636701154.562500
0.06889,0.0196,0.053200000000000004,456774636701154.562500
0.06890000000000007,0.022000000000000002,0.056400000000000006,456774636701154.562500
0.06891000000000003,0.0228,0.0516,456774636701154.562500
0.06892000000000009,0.0204,0.0572,456774636701154.562500
0.06893000000000005,0.0212,0.053200000000000004,456774636701154.562500
0.06894,0.0204,0.058,456774636701154.562500
0.06895000000000007,0.0172,0.056400000000000006,456774636701154.562500
0.06896000000000002,0.022000000000000002,0.054,456774636701154.562500
0.06897000000000009,0.0244,0.055600000000000004,456774636701154.562500
0.06898000000000004,0.0204,0.055600000000000004,456774636701154.562500
0.06899,0.022000000000000002,0.054,456774636701154.562500
0.06900000000000006,0.0236,0.0572,456774636701154.562500
0.06901000000000002,0.022000000000000002,0.0548,456774636701154.562500
0.06902000000000008,0.0236,0.056400000000000006,456774636701154.562500
0.06903000000000004,0.0236,0.0572,456774636701154.562500
0.0690400000000001,0.0252,0.056400000000000006,456774636701154.562500
0.06905000000000006,0.0244,0.055600000000000004,456774636701154.562500
0.06906000000000001,0.0196,0.055600000000000004,456774636701154.562500
0.06907000000000008,0.0236,0.054,456774636701154.562500
0.06908000000000003,0.0244,0.055600000000000004,456774636701154.562500
0.0690900000000001,0.0236,0.0548,456774636701154.562500
0.06910000000000005,0.0228,0.0572,456774636701154.562500
0.06911,0.0212,0.056400000000000006,456774636701154.562500
0.06912000000000007,0.0228,0.055600000000000004,456774636701154.562500
0.06913000000000002,0.0228,0.056400000000000006,456774636701154.562500
0.06914000000000009,0.022000000000000002,0.055600000000000004,456774636701154.562500
0.06915000000000004,0.0236,0.055600000000000004,456774636701154.562500
0.06916,0.0212,0.056400000000000006,456774636701154.562500
0.06917000000000006,0.0236,0.0572,456774636701154.562500
0.06918000000000002,0.0228,0.0572,456774636701154.562500
0.06919000000000008,0.022000000000000002,0.0548,456774636701154.562500
0.06920000000000004,0.022000000000000002,0.056400000000000006,456774636701154.562500
0.06921,0.022000000000000002,0.0548,456774636701154.562500
0.06922000000000006,0.022000000000000002,0.0572,456774636701154.562500
0.06923000000000001,0.0236,0.056400000000000006,456774636701154.562500
0.06924000000000008,0.0228,0.056400000000000006,456774636701154.562500
0.06925000000000003,0.0228,0.0572,456774636701154.562500
0.0692600000000001,0.0228,0.054,456774636701154.562500
0.06927000000000005,0.0212,0.0548,456774636701154.562500
0.06928000000000001,0.022000000000000002,0.055600000000000004,456774636701154.562500
0.06929000000000007,0.0228,0.0572,456774636701154.562500
0.06930000000000003,0.0204,0.0548,456774636701154.562500
0.0693100000000001,0.0228,0.055600000000000004,456774636701154.562500
0.06932000000000005,0.0236,0.054,456774636701154.562500
0.06933,0.0244,0.0572,456774636701154.562500
0.06934000000000007,0.0252,0.056400000000000006,456774636701154.562500
0.06935000000000002,0.0228,0.055600000000000004,456774636701154.562500
0.06936000000000009,0.0252,0.054,456774636701154.562500
0.06937000000000004,0.0252,0.056400000000000006,456774636701154.562500
0.06938,0.0252,0.055600000000000004,456774636701154.562500
0.06939000000000006,0.0236,0.058,456774636701154.562500
0.06940000000000002,0.0236,0.054,456774636701154.562500
0.06941000000000008,0.0228,0.0572,456774636701154.562500
0.06942000000000004,0.0196,0.056400000000000006,456774636701154.562500
0.06942999999999999,0.0236,0.056400000000000006,456774636701154.562500
0.06944000000000006,0.0228,0.053200000000000004,456774636701154.562500
0.06945000000000001,0.0228,0.055600000000000004,456774636701154.562500
0.06946000000000008,0.0212,0.0572,456774636701154.562500
0.06947000000000003,0.022000000000000002,0.0548,456774636701154.562500
0.0694800000000001,0.0212,0.058,456774636701154.562500
0.06949000000000005,0.0228,0.055600000000000004,456774636701154.562500
0.0695,0.022000000000000002,0.0516,456774636701154.562500
0.06951000000000007,0.022000000000000002,0.056400000000000006,456774636701154.562500
0.06952000000000003,0.0212,0.056400000000000006,456774636701154.562500
0.06953000000000009,0.022000000000000002,0.055600000000000004,456774636701154.562500
0.06954000000000005,0.0236,0.056400000000000006,456774636701154.562500
0.06955,0.0212,0.050800000000000005,456774636701154.562500
0.06956000000000007,0.0204,0.056400000000000006,456774636701154.562500
0.06957000000000002,0.0236,0.0548,456774636701154.562500
0.06958000000000009,0.0236,0.0548,456774636701154.562500
0.06959000000000004,0.022000000000000002,0.045200000000000004,456774636701154.562500
0.0696,0.0236,0.0548,456774636701154.562500
0.06961000000000006,0.0236,0.0516,456774636701154.562500
0.06962000000000002,0.0244,0.056400000000000006,456774636701154.562500
0.06963000000000008,0.0244,0.0524,456774636701154.562500
0.06964000000000004,0.0244,0.056400000000000006,456774636701154.562500
0.0696500000000001,0.0244,0.055600000000000004,456774636701154.562500
0.06966000000000006,0.0228,0.055600000000000004,456774636701154.562500
0.06967000000000001,0.0228,0.0524,456774636701154.562500
0.06968000000000008,0.0204,0.0548,456774636701154.562500
0.06969000000000003,0.0244,0.0572,456774636701154.562500
0.0697000000000001,0.022000000000000002,0.0548,456774636701154.562500
0.06971000000000005,0.0244,0.055600000000000004,456774636701154.562500
0.06972,0.0212,0.0524,456774636701154.562500
0.06973000000000007,0.022000000000000002,0.0548,456774636701154.562500
0.06974000000000002,0.0204,0.048400000000000006,456774636701154.562500
0.06975000000000009,0.0244,0.056400000000000006,456774636701154.562500
0.06976000000000004,0.0204,0.056400000000000006,456774636701154.562500
0.06977,0.0196,0.0548,456774636701154.562500
0.06978000000000006,0.0188,0.0572,456774636701154.562500
0.06979000000000002,0.022000000000000002,0.055600000000000004,456774636701154.562500
0.06980000000000008,0.0212,0.058800000000000005,456774636701154.562500
0.06981000000000004,0.0228,0.054,456774636701154.562500
0.06982,0.0236,0.055600000000000004,456774636701154.562500
0.06983000000000006,0.0212,0.0524,456774636701154.562500
0.06984000000000001,0.0236,0.056400000000000006,456774636701154.562500
0.06985000000000008,0.0212,0.0548,456774636701154.562500
0.06986000000000003,0.0212,0.056400000000000006,456774636701154.562500
0.0698700000000001,0.0228,0.056400000000000006,456774636701154.562500
0.06988000000000005,0.0228,0.056400000000000006,456774636701154.562500
0.06989000000000001,0.0236,0.055600000000000004,456774636701154.562500
0.06990000000000007,0.022000000000000002,0.055600000000000004,456774636701154.562500
0.06991000000000003,0.022000000000000002,0.058,456774636701154.562500
0.0699200000000001,0.0244,0.055600000000000004,456774636701154.562500
0.06993000000000005,0.0252,0.0572,456774636701154.562500
0.06994,0.0244,0.058,456774636701154.562500
0.06995000000000007,0.022000000000000002,0.055600000000000004,456774636701154.562500
0.06996000000000002,0.022000000000000002,0.054,456774636701154.562500
0.06997000000000009,0.0244,0.055600000000000004,456774636701154.562500
0.06998000000000004,0.0252,0.0548,456774636701154.562500
0.06999,0.0236,0.056400000000000006,456774636701154.562500
0.07000000000000006,0.0236,0.054,456774636701154.562500
0.07001000000000002,0.0244,0.0548,456774636701154.562500
0.07002000000000008,0.0244,0.056400000000000006,456774636701154.562500
0.07003000000000004,0.022000000000000002,0.055600000000000004,456774636701154.562500
0.07003999999999999,0.0236,0.053200000000000004,456774636701154.562500
0.07005000000000006,0.0236,0.0548,456774636701154.562500
0.07006000000000001,0.0236,0.056400000000000006,456774636701154.562500
0.07007000000000008,0.0228,0.0516,456774636701154.562500
0.07008000000000003,0.0212,0.055600000000000004,456774636701154.562500
0.0700900000000001,0.022000000000000002,0.054,456774636701154.562500
0.07010000000000005,0.0212,0.055600000000000004,456774636701154.562500
0.07011,0.0228,0.054,456774636701154.562500
0.07012000000000007,0.0188,0.0548,456774636701154.562500
0.07013000000000003,0.022000000000000002,0.055600000000000004,456774636701154.562500
0.07014000000000009,0.022000000000000002,0.0548,456774636701154.562500
0.07015000000000005,0.0228,0.053200000000000004,456774636701154.562500
0.07016,0.0196,0.054,456774636701154.562500
0.07017000000000007,0.022000000000000002,0.054,456774636701154.562500
0.07018000000000002,0.022000000000000002,0.05,456774636701154.562500
0.07019000000000009,0.0236,0.0572,456774636701154.562500
0.07020000000000004,0.0228,0.0548,456774636701154.562500
0.07021,0.0228,0.0572,456774636701154.562500
0.07022000000000006,0.0244,0.05,456774636701154.562500
0.07023000000000001,0.0236,0.056400000000000006,456774636701154.562500
0.07024000000000008,0.0204,0.054,456774636701154.562500
0.07025000000000003,0.0228,0.056400000000000006,456774636701154.562500
0.0702600000000001,0.018000000000000002,0.056400000000000006,456774636701154.562500
0.07027000000000005,0.0212,0.056400000000000006,456774636701154.562500
0.07028000000000001,0.022000000000000002,0.054,456774636701154.562500
0.07029000000000007,0.0252,0.054,456774636701154.562500
0.07030000000000003,0.0228,0.056400000000000006,456774636701154.562500
0.0703100000000001,0.0244,0.048400000000000006,456774636701154.562500
0.07032000000000005,0.0228,0.056400000000000006,456774636701154.562500
0.07033,0.0212,0.0516,456774636701154.562500
0.07034000000000007,0.0172,0.0572,456774636701154.562500
0.07035000000000002,0.0236,0.054,456774636701154.562500
0.07036000000000009,0.0228,0.053200000000000004,456774636701154.562500
0.07037000000000004,0.022000000000000002,0.054,456774636701154.562500
0.07038,0.0228,0.0548,456774636701154.562500
0.07039000000000006,0.018000000000000002,0.05,456774636701154.562500
0.07040000000000002,0.022000000000000002,0.0548,456774636701154.562500
0.07041000000000008,0.0172,0.0444,456774636701154.562500
0.07042000000000004,0.0204,0.056400000000000006,456774636701154.562500
0.07042999999999999,0.018000000000000002,0.056400000000000006,456774636701154.562500
0.07044000000000006,0.0212,0.055600000000000004,456774636701154.562500
0.07045000000000001,0.015600000000000001,0.056400000000000006,456774636701154.562500
0.07046000000000008,0.0228,0.054,456774636701154.562500
0.07047000000000003,0.0204,0.055600000000000004,456774636701154.562500
0.0704800000000001,0.0236,0.055600000000000004,456774636701154.562500
0.07049000000000005,0.0252,0.055600000000000004,456774636701154.562500
0.07050000000000001,0.0204,0.0524,456774636701154.562500
0.07051000000000007,0.022000000000000002,0.054,456774636701154.562500
0.07052000000000003,0.022000000000000002,0.050800000000000005,456774636701154.562500
0.07053000000000009,0.0244,0.055600000000000004,456774636701154.562500
0.07054000000000005,0.0204,0.0572,456774636701154.562500
0.07055,0.022000000000000002,0.0572,456774636701154.562500
0.07056000000000007,0.0244,0.0524,456774636701154.562500
0.07057000000000002,0.0244,0.0572,456774636701154.562500
0.07058000000000009,0.0236,0.054,456774636701154.562500
0.07059000000000004,0.0244,0.0572,456774636701154.562500
0.0706,0.0252,0.053200000000000004,456774636701154.562500
0.07061000000000006,0.0228,0.055600000000000004,456774636701154.562500
0.07062000000000002,0.0252,0.053200000000000004,456774636701154.562500
0.07063000000000008,0.022000000000000002,0.053200000000000004,456774636701154.562500
0.07064000000000004,0.0236,0.056400000000000006,456774636701154.562500
0.0706500000000001,0.0236,0.055600000000000004,456774636701154.562500
0.07066000000000006,0.022000000000000002,0.056400000000000006,456774636701154.562500
0.07067000000000001,0.022000000000000002,0.054,456774636701154.562500
0.07068000000000008,0.022000000000000002,0.058,456774636701154.562500
0.07069000000000003,0.0204,0.056400000000000006,456774636701154.562500
0.0707000000000001,0.022000000000000002,0.0524,456774636701154.562500
0.07071000000000005,0.022000000000000002,0.055600000000000004,456774636701154.562500
0.07072,0.0204,0.0548,456774636701154.562500
0.07073000000000007,0.0212,0.050800000000000005,456774636701154.562500
0.07074000000000003,0.0244,0.056400000000000006,456774636701154.562500
0.07075000000000009,0.0188,0.056400000000000006,456774636701154.562500
0.07076000000000005,0.022000000000000002,0.0548,456774636701154.562500
0.07077,0.0204,0.055600000000000004,456774636701154.562500
0.07078000000000007,0.0236,0.055600000000000004,456774636701154.562500
0.07079000000000002,0.0188,0.055600000000000004,456774636701154.562500
0.07080000000000009,0.0236,0.056400000000000006,456774636701154.562500
0.07081000000000004,0.0172,0.054,456774636701154.562500
0.07082,0.0228,0.055600000000000004,456774636701154.562500
0.07083000000000006,0.0196,0.055600000000000004,456774636701154.562500
0.07084000000000001,0.0236,0.0572,456774636701154.562500
0.07085000000000008,0.0244,0.0548,456774636701154.562500
0.07086000000000003,0.0236,0.0548,456774636701154.562500
0.0708700000000001,0.0228,0.0548,456774636701154.562500
0.07088000000000005,0.0236,0.0516,456774636701154.562500
0.07089000000000001,0.0228,0.056400000000000006,456774636701154.562500
0.07090000000000007,0.022000000000000002,0.0516,456774636701154.562500
0.07091000000000003,0.022000000000000002,0.058,456774636701154.562500
0.0709200000000001,0.022000000000000002,0.055600000000000004,456774636701154.562500
0.07093000000000005,0.0236,0.055600000000000004,456774636701154.562500
0.07094,0.022000000000000002,0.055600000000000004,456774636701154.562500
0.07095000000000007,0.0204,0.056400000000000006,456774636701154.562500
0.07096000000000002,0.0196,0.058,456774636701154.562500
0.07097000000000009,0.0236,0.0548,456774636701154.562500
0.07098000000000004,0.0204,0.055600000000000004,456774636701154.562500
0.07099,0.0204,0.0548,456774636701154.562500
0.07100000000000006,0.022000000000000002,0.0572,456774636701154.562500
0.07101000000000002,0.0212,0.056400000000000006,456774636701154.562500
0.07102000000000008,0.0196,0.056400000000000006,456774636701154.562500
0.07103000000000004,0.0204,0.0548,456774636701154.562500
0.07103999999999999,0.0204,0.056400000000000006,456774636701154.562500
0.07105000000000006,0.0204,0.058,456774636701154.562500
0.07106000000000001,0.0204,0.0476,456774636701154.562500
0.07107000000000008,0.0228,0.056400000000000006,456774636701154.562500
0.07108000000000003,0.022000000000000002,0.056400000000000006,456774636701154.562500
0.0710900000000001,0.0228,0.056400000000000006,456774636701154.562500
0.07110000000000005,0.022000000000000002,0.056400000000000006,456774636701154.562500
0.07111,0.0212,0.056400000000000006,456774636701154.562500
0.07112000000000007,0.022000000000000002,0.056400000000000006,456774636701154.562500
0.07113000000000003,0.022000000000000002,0.0548,456774636701154.562500
0.07114000000000009,0.022000000000000002,0.056400000000000006,456774636701154.562500
0.07115000000000005,0.0228,0.0572,456774636701154.562500
0.07116,0.0236,0.056400000000000006,456774636701154.562500
0.07117000000000007,0.0196,0.05,456774636701154.562500
0.07118000000000002,0.0252,0.056400000000000006,456774636701154.562500
0.07119000000000009,0.0244,0.048400000000000006,456774636701154.562500
0.07120000000000004,0.022000000000000002,0.055600000000000004,456774636701154.562500
0.07121,0.0252,0.053200000000000004,456774636701154.562500
0.07122000000000006,0.022000000000000002,0.055600000000000004,456774636701154.562500
0.07123000000000002,0.0172,0.056400000000000006,456774636701154.562500
0.07124000000000008,0.0244,0.0476,456774636701154.562500
0.07125000000000004,0.018000000000000002,0.0572,456774636701154.562500
0.0712600000000001,0.015600000000000001,0.054,456774636701154.562500
0.07127000000000006,0.0212,0.0572,456774636701154.562500
0.07128000000000001,0.0236,0.056400000000000006,456774636701154.562500
0.07129000000000008,0.022000000000000002,0.056400000000000006,456774636701154.562500
0.07130000000000003,0.0228,0.054,456774636701154.562500
0.0713100000000001,0.0196,0.056400000000000006,456774636701154.562500
0.07132000000000005,0.022000000000000002,0.0572,456774636701154.562500
0.07133,0.0212,0.056400000000000006,456774636701154.562500
0.07134000000000007,0.0212,0.050800000000000005,456774636701154.562500
0.07135000000000002,0.0212,0.056400000000000006,456774636701154.562500
0.07136000000000009,0.0228,0.0476,456774636701154.562500
0.07137000000000004,0.0236,0.054,456774636701154.562500
0.07138,0.022000000000000002,0.0548,456774636701154.562500
0.07139000000000006,0.022000000000000002,0.0524,456774636701154.562500
0.07140000000000002,0.0236,0.056400000000000006,456774636701154.562500
0.07141000000000008,0.022000000000000002,0.0492,456774636701154.562500
0.07142000000000004,0.0228,0.0548,456774636701154.562500
0.07143,0.0244,0.056400000000000006,456774636701154.562500
0.07144000000000006,0.0228,0.055600000000000004,456774636701154.562500
0.07145000000000001,0.0236,0.058,456774636701154.562500
0.07146000000000008,0.022000000000000002,0.055600000000000004,456774636701154.562500
0.07147000000000003,0.0228,0.0548,456774636701154.562500
0.0714800000000001,0.0228,0.056400000000000006,456774636701154.562500
0.07149000000000005,0.0244,0.056400000000000006,456774636701154.562500
0.07150000000000001,0.022000000000000002,0.055600000000000004,456774636701154.562500
0.07151000000000007,0.0244,0.053200000000000004,456774636701154.562500
0.07152000000000003,0.0212,0.056400000000000006,456774636701154.562500
0.0715300000000001,0.0188,0.050800000000000005,456774636701154.562500
0.07154000000000005,0.0212,0.0572,456774636701154.562500
0.07155,0.0236,0.055600000000000004,456774636701154.562500
0.07156000000000007,0.0236,0.0524,456774636701154.562500
0.07157000000000002,0.0188,0.055600000000000004,456774636701154.562500
0.07158000000000009,0.0196,0.0524,456774636701154.562500
0.07159000000000004,0.0188,0.055600000000000004,456774636701154.562500
0.0716,0.022000000000000002,0.056400000000000006,456774636701154.562500
0.07161000000000006,0.0188,0.0548,456774636701154.562500
0.07162000000000002,0.0212,0.05,456774636701154.562500
0.07163000000000008,0.0172,0.055600000000000004,456774636701154.562500
0.07164000000000004,0.022000000000000002,0.055600000000000004,456774636701154.562500
0.07164999999999999,0.022000000000000002,0.054,456774636701154.562500
0.07166000000000006,0.022000000000000002,0.054,456774636701154.562500
0.07167000000000001,0.0204,0.0548,456774636701154.562500
0.07168000000000008,0.0228,0.056400000000000006,456774636701154.562500
0.07169000000000003,0.022000000000000002,0.056400000000000006,456774636701154.562500
0.0717000000000001,0.022000000000000002,0.0572,456774636701154.562500
0.07171000000000005,0.0236,0.055600000000000004,456774636701154.562500
0.07172,0.0228,0.056400000000000006,456774636701154.562500
0.07173000000000007,0.0204,0.0516,456774636701154.562500
0.07174000000000003,0.0244,0.0548,456774636701154.562500
0.07175000000000009,0.0236,0.058,456774636701154.562500
0.07176000000000005,0.0228,0.055600000000000004,456774636701154.562500
0.07177,0.0236,0.056400000000000006,456774636701154.562500
0.07178000000000007,0.0244,0.055600000000000004,456774636701154.562500
0.07179000000000002,0.0268,0.0524,456774636701154.562500
0.07180000000000009,0.0244,0.055600000000000004,456774636701154.562500
0.07181000000000004,0.0244,0.0572,456774636701154.562500
0.07182,0.0244,0.058800000000000005,456774636701154.562500
0.07183000000000006,0.0236,0.0548,456774636701154.562500
0.07184000000000001,0.0244,0.055600000000000004,456774636701154.562500
0.07185000000000008,0.0244,0.055600000000000004,456774636701154.562500
0.07186000000000003,0.0236,0.056400000000000006,456774636701154.562500
0.0718700000000001,0.0228,0.054,456774636701154.562500
0.07188000000000005,0.0244,0.0492,456774636701154.562500
0.07189000000000001,0.022000000000000002,0.0572,456774636701154.562500
0.07190000000000007,0.0212,0.055600000000000004,456774636701154.562500
0.07191000000000003,0.018000000000000002,0.055600000000000004,456774636701154.562500
0.0719200000000001,0.022000000000000002,0.058,456774636701154.562500
0.07193000000000005,0.0212,0.058,456774636701154.562500
0.07194,0.0228,0.056400000000000006,456774636701154.562500
0.07195000000000007,0.022000000000000002,0.0572,456774636701154.562500
0.07196000000000002,0.0212,0.0572,456774636701154.562500
0.07197000000000009,0.018000000000000002,0.055600000000000004,456774636701154.562500
0.07198000000000004,0.0204,0.056400000000000006,456774636701154.562500
0.07199,0.0204,0.0548,456774636701154.562500
0.07200000000000006,0.0236,0.054,456774636701154.562500
0.07201000000000002,0.0196,0.0572,456774636701154.562500
0.07202000000000008,0.0204,0.0572,456774636701154.562500
0.07203000000000004,0.0196,0.0548,456774636701154.562500
0.07203999999999999,0.0244,0.056400000000000006,456774636701154.562500
0.07205000000000006,0.022000000000000002,0.0572,456774636701154.562500
0.07206000000000001,0.0228,0.053200000000000004,456774636701154.562500
0.07207000000000008,0.0244,0.050800000000000005,456774636701154.562500
0.07208000000000003,0.0244,0.053200000000000004,456774636701154.562500
0.0720900000000001,0.0244,0.0572,456774636701154.562500
0.07210000000000005,0.0236,0.056400000000000006,456774636701154.562500
0.07211000000000001,0.022000000000000002,0.055600000000000004,456774636701154.562500
0.07212000000000007,0.0228,0.0572,456774636701154.562500
0.07213000000000003,0.0236,0.056400000000000006,456774636701154.562500
0.07214000000000009,0.0244,0.055600000000000004,456774636701154.562500
0.07215000000000005,0.0236,0.0524,456774636701154.562500
0.07216,0.0204,0.055600000000000004,456774636701154.562500
0.07217000000000007,0.022000000000000002,0.058,456774636701154.562500
0.07218000000000002,0.0212,0.050800000000000005,456774636701154.562500
0.07219000000000009,0.0236,0.056400000000000006,456774636701154.562500
0.07220000000000004,0.0236,0.048400000000000006,456774636701154.562500
0.07221,0.022000000000000002,0.058,456774636701154.562500
0.07222000000000006,0.0212,0.0516,456774636701154.562500
0.07223000000000002,0.0228,0.055600000000000004,456774636701154.562500
0.07224000000000008,0.0212,0.053200000000000004,456774636701154.562500
0.07225000000000004,0.022000000000000002,0.048400000000000006,456774636701154.562500
0.0722600000000001,0.0212,0.056400000000000006,456774636701154.562500
0.07227000000000006,0.0212,0.05,456774636701154.562500
0.07228000000000001,0.0204,0.053200000000000004,456774636701154.562500
0.07229000000000008,0.0228,0.05,456774636701154.562500
0.07230000000000003,0.022000000000000002,0.054,456774636701154.562500
0.0723100000000001,0.0228,0.040400000000000005,456774636701154.562500
0.07232000000000005,0.0236,0.0476,456774636701154.562500
0.07233,0.0236,0.0524,456774636701154.562500
0.07234000000000007,0.0228,0.054,456774636701154.562500
0.07235000000000003,0.0244,0.0492,456774636701154.562500
0.07236000000000009,0.022000000000000002,0.058,456774636701154.562500
0.07237000000000005,0.0236,0.056400000000000006,456774636701154.562500
0.07238,0.022000000000000002,0.054,456774636701154.562500
0.07239000000000007,0.0236,0.05,456774636701154.562500
0.07240000000000002,0.0228,0.040400000000000005,456774636701154.562500
0.07241000000000009,0.0212,0.0548,456774636701154.562500
0.07242000000000004,0.0196,0.0492,456774636701154.562500
0.07243,0.022000000000000002,0.055600000000000004,456774636701154.562500
0.07244000000000006,0.0212,0.056400000000000006,456774636701154.562500
0.07245000000000001,0.022000000000000002,0.0572,456774636701154.562500
0.07246000000000008,0.0228,0.056400000000000006,456774636701154.562500
0.07247000000000003,0.0236,0.054,456774636701154.562500
0.0724800000000001,0.0228,0.0572,456774636701154.562500
0.07249000000000005,0.0244,0.053200000000000004,456774636701154.562500
0.07250000000000001,0.022000000000000002,0.055600000000000004,456774636701154.562500
0.07251000000000007,0.0204,0.050800000000000005,456774636701154.562500
0.07252000000000003,0.0188,0.056400000000000006,456774636701154.562500
0.0725300000000001,0.018000000000000002,0.0548,456774636701154.562500
0.07254000000000005,0.0212,0.056400000000000006,456774636701154.562500
0.07255,0.0236,0.058,456774636701154.562500
0.07256000000000007,0.0196,0.056400000000000006,456774636701154.562500
0.07257000000000002,0.0204,0.0548,456774636701154.562500
0.07258000000000009,0.0188,0.055600000000000004,456774636701154.562500
0.07259000000000004,0.0204,0.056400000000000006,456774636701154.562500
0.0726,0.0188,0.054,456774636701154.562500
0.07261000000000006,0.0212,0.058,456774636701154.562500
0.07262000000000002,0.0196,0.0548,456774636701154.562500
0.07263000000000008,0.0236,0.0572,456774636701154.562500
0.07264000000000004,0.0236,0.0524,456774636701154.562500
0.07264999999999999,0.022000000000000002,0.0572,456774636701154.562500
0.07266000000000006,0.0244,0.054,456774636701154.562500
0.07267000000000001,0.022000000000000002,0.055600000000000004,456774636701154.562500
0.07268000000000008,0.0212,0.053200000000000004,456774636701154.562500
0.07269000000000003,0.022000000000000002,0.056400000000000006,456774636701154.562500
0.0727000000000001,0.0228,0.055600000000000004,456774636701154.562500
0.07271000000000005,0.0212,0.056400000000000006,456774636701154.562500
0.07272,0.022000000000000002,0.0572,456774636701154.562500
0.07273000000000007,0.0236,0.0548,456774636701154.562500
0.07274000000000003,0.0188,0.055600000000000004,456774636701154.562500
0.07275000000000009,0.0212,0.054,456774636701154.562500
0.07276000000000005,0.0228,0.0436,456774636701154.562500
0.07277,0.0228,0.048400000000000006,456774636701154.562500
0.07278000000000007,0.022000000000000002,0.0548,456774636701154.562500
0.07279000000000002,0.022000000000000002,0.0492,456774636701154.562500
0.07280000000000009,0.0228,0.0572,456774636701154.562500
0.07281000000000004,0.022000000000000002,0.0524,456774636701154.562500
0.07282,0.0228,0.0516,456774636701154.562500
0.07283000000000006,0.0228,0.056400000000000006,456774636701154.562500
0.07284000000000002,0.022000000000000002,0.055600000000000004,456774636701154.562500
0.07285000000000008,0.0236,0.0524,456774636701154.562500
0.07286000000000004,0.0212,0.054,456774636701154.562500
0.0728700000000001,0.0236,0.058,456774636701154.562500
0.07288000000000006,0.0212,0.0548,456774636701154.562500
0.07289000000000001,0.0228,0.056400000000000006,456774636701154.562500
0.07290000000000008,0.0212,0.05,456774636701154.562500
0.07291000000000003,0.0244,0.0548,456774636701154.562500
0.0729200000000001,0.022000000000000002,0.05,456774636701154.562500
0.07293000000000005,0.0244,0.0548,456774636701154.562500
0.07294,0.0236,0.0524,456774636701154.562500
0.07295000000000007,0.022000000000000002,0.0548,456774636701154.562500
0.07296000000000002,0.0236,0.0548,456774636701154.562500
0.07297000000000009,0.026000000000000002,0.056400000000000006,456774636701154.562500
0.07298000000000004,0.0236,0.054,456774636701154.562500
0.07299,0.0228,0.0572,456774636701154.562500
0.07300000000000006,0.0228,0.056400000000000006,456774636701154.562500
0.07301000000000002,0.0236,0.053200000000000004,456774636701154.562500
0.07302000000000008,0.0236,0.0548,456774636701154.562500
0.07303000000000004,0.022000000000000002,0.055600000000000004,456774636701154.562500
0.07304,0.0244,0.055600000000000004,456774636701154.562500
0.07305000000000006,0.0244,0.056400000000000006,456774636701154.562500
0.07306000000000001,0.0244,0.055600000000000004,456774636701154.562500
0.07307000000000008,0.0228,0.056400000000000006,456774636701154.562500
0.07308000000000003,0.0228,0.054,456774636701154.562500
0.0730900000000001,0.0212,0.0548,456774636701154.562500
0.07310000000000005,0.0228,0.055600000000000004,456774636701154.562500
0.07311000000000001,0.0204,0.056400000000000006,456774636701154.562500
0.07312000000000007,0.0236,0.054,456774636701154.562500
0.07313000000000003,0.0228,0.0572,456774636701154.562500
0.0731400000000001,0.0212,0.058,456774636701154.562500
0.07315000000000005,0.0212,0.0524,456774636701154.562500
0.07316,0.022000000000000002,0.058,456774636701154.562500
0.07317000000000007,0.0204,0.053200000000000004,456774636701154.562500
0.07318000000000002,0.022000000000000002,0.056400000000000006,456774636701154.562500
0.07319000000000009,0.022000000000000002,0.056400000000000006,456774636701154.562500
0.07320000000000004,0.0204,0.0548,456774636701154.562500
0.07321,0.018000000000000002,0.054,456774636701154.562500
0.07322000000000006,0.0212,0.0548,456774636701154.562500
0.07323000000000002,0.018000000000000002,0.056400000000000006,456774636701154.562500
0.07324000000000008,0.0228,0.056400000000000006,456774636701154.562500
0.07325000000000004,0.0228,0.053200000000000004,456774636701154.562500
0.07325999999999999,0.022000000000000002,0.056400000000000006,456774636701154.562500
0.07327000000000006,0.0236,0.0548,456774636701154.562500
0.07328000000000001,0.0228,0.0548,456774636701154.562500
0.07329000000000008,0.0236,0.053200000000000004,456774636701154.562500
0.07330000000000003,0.0236,0.056400000000000006,456774636701154.562500
0.0733100000000001,0.0244,0.0548,456774636701154.562500
0.07332000000000005,0.0252,0.048400000000000006,456774636701154.562500
0.07333,0.0236,0.054,456774636701154.562500
0.07334000000000007,0.0244,0.0548,456774636701154.562500
0.07335000000000003,0.0252,0.0524,456774636701154.562500
0.07336000000000009,0.0236,0.0492,456774636701154.562500
0.07337000000000005,0.0236,0.055600000000000004,456774636701154.562500
0.07338,0.022000000000000002,0.0548,456774636701154.562500
0.07339000000000007,0.022000000000000002,0.0548,456774636701154.562500
0.07340000000000002,0.0228,0.054,456774636701154.562500
0.07341000000000009,0.0236,0.055600000000000004,456774636701154.562500
0.07342000000000004,0.0204,0.055600000000000004,456774636701154.562500
0.07343,0.022000000000000002,0.055600000000000004,456774636701154.562500
0.07344000000000006,0.0236,0.0516,456774636701154.562500
0.07345000000000002,0.022000000000000002,0.0572,456774636701154.562500
0.07346000000000008,0.0204,0.0516,456774636701154.562500
0.07347000000000004,0.022000000000000002,0.056400000000000006,456774636701154.562500
0.0734800000000001,0.022000000000000002,0.0572,456774636701154.562500
0.07349000000000006,0.0236,0.056400000000000006,456774636701154.562500
0.07350000000000001,0.0204,0.05,456774636701154.562500
0.07351000000000008,0.0228,0.056400000000000006,456774636701154.562500
0.07352000000000003,0.022000000000000002,0.0524,456774636701154.562500
0.0735300000000001,0.022000000000000002,0.054,456774636701154.562500
0.07354000000000005,0.022000000000000002,0.053200000000000004,456774636701154.562500
0.07355,0.022000000000000002,0.0548,456774636701154.562500
0.07356000000000007,0.022000000000000002,0.045200000000000004,456774636701154.562500
0.07357000000000002,0.0236,0.055600000000000004,456774636701154.562500
0.07358000000000009,0.0236,0.0476,456774636701154.562500
0.07359000000000004,0.0236,0.048400000000000006,456774636701154.562500
0.0736,0.0244,0.0516,456774636701154.562500
0.07361000000000006,0.0228,0.054,456774636701154.562500
0.07362000000000002,0.0244,0.05,456774636701154.562500
0.07363000000000008,0.0244,0.053200000000000004,456774636701154.562500
0.07364000000000004,0.0228,0.0516,456774636701154.562500
0.07365,0.0212,0.0548,456774636701154.562500
0.07366000000000006,0.0236,0.054,456774636701154.562500
0.07367000000000001,0.0236,0.053200000000000004,456774636701154.562500
0.07368000000000008,0.0188,0.050800000000000005,456774636701154.562500
0.07369000000000003,0.0212,0.055600000000000004,456774636701154.562500
0.0737000000000001,0.0204,0.055600000000000004,456774636701154.562500
0.07371000000000005,0.0236,0.0572,456774636701154.562500
0.07372000000000001,0.022000000000000002,0.056400000000000006,456774636701154.562500
0.07373000000000007,0.0212,0.054,456774636701154.562500
0.07374000000000003,0.0196,0.055600000000000004,456774636701154.562500
0.0737500000000001,0.022000000000000002,0.0444,456774636701154.562500
0.07376000000000005,0.022000000000000002,0.0516,456774636701154.562500
0.07377,0.022000000000000002,0.0476,456774636701154.562500
0.07378000000000007,0.022000000000000002,0.054,456774636701154.562500
0.07379000000000002,0.018000000000000002,0.0444,456774636701154.562500
0.07380000000000009,0.0212,0.0524,456774636701154.562500
0.07381000000000004,0.018000000000000002,0.0524,456774636701154.562500
0.07382,0.0236,0.056400000000000006,456774636701154.562500
0.07383000000000006,0.022000000000000002,0.056400000000000006,456774636701154.562500
0.07384000000000002,0.0212,0.0524,456774636701154.562500
0.07385000000000008,0.022000000000000002,0.0572,456774636701154.562500
0.07386000000000004,0.0228,0.058,456774636701154.562500
0.0738700000000001,0.0204,0.0572,456774636701154.562500
0.07388000000000006,0.0252,0.055600000000000004,456774636701154.562500
0.07389000000000001,0.022000000000000002,0.0516,456774636701154.562500
0.07390000000000008,0.0236,0.055600000000000004,456774636701154.562500
0.07391000000000003,0.0244,0.0548,456774636701154.562500
0.0739200000000001,0.0252,0.056400000000000006,456774636701154.562500
0.07393000000000005,0.0228,0.0524,456774636701154.562500
0.07394,0.0244,0.056400000000000006,456774636701154.562500
0.07395000000000007,0.022000000000000002,0.048400000000000006,456774636701154.562500
0.07396000000000003,0.0236,0.0516,456774636701154.562500
0.07397000000000009,0.0244,0.055600000000000004,456774636701154.562500
0.07398000000000005,0.0228,0.050800000000000005,456774636701154.562500
0.07399,0.0212,0.0548,456774636701154.562500
0.07400000000000007,0.0228,0.046,456774636701154.562500
0.07401000000000002,0.022000000000000002,0.0524,456774636701154.562500
0.07402000000000009,0.022000000000000002,0.05,456774636701154.562500
0.07403000000000004,0.022000000000000002,0.054,456774636701154.562500
0.07404,0.0204,0.055600000000000004,456774636701154.562500
0.07405000000000006,0.0228,0.0468,456774636701154.562500
0.07406000000000001,0.0204,0.0548,456774636701154.562500
0.07407000000000008,0.0228,0.0516,456774636701154.562500
0.07408000000000003,0.0196,0.055600000000000004,456774636701154.562500
0.0740900000000001,0.0212,0.0548,456774636701154.562500
0.07410000000000005,0.0204,0.0572,456774636701154.562500
0.07411000000000001,0.022000000000000002,0.05,456774636701154.562500
0.07412000000000007,0.022000000000000002,0.0548,456774636701154.562500
0.07413000000000003,0.0204,0.053200000000000004,456774636701154.562500
0.0741400000000001,0.018000000000000002,0.0548,456774636701154.562500
0.07415000000000005,0.0204,0.05,456774636701154.562500
0.07416,0.0204,0.056400000000000006,456774636701154.562500
0.07417000000000007,0.0228,0.055600000000000004,456774636701154.562500
0.07418000000000002,0.0236,0.0572,456774636701154.562500
0.07419000000000009,0.0228,0.0572,456774636701154.562500
0.07420000000000004,0.0236,0.055600000000000004,456774636701154.562500
0.07421,0.0228,0.056400000000000006,456774636701154.562500
0.07422000000000006,0.0228,0.053200000000000004,456774636701154.562500
0.07423000000000002,0.0244,0.055600000000000004,456774636701154.562500
0.07424000000000008,0.0228,0.055600000000000004,456774636701154.562500
0.07425000000000004,0.0244,0.056400000000000006,456774636701154.562500
0.07425999999999999,0.0212,0.055600000000000004,456774636701154.562500
0.07427000000000006,0.0236,0.058,456774636701154.562500
0.07428000000000001,0.0204,0.056400000000000006,456774636701154.562500
0.07429000000000008,0.0244,0.0572,456774636701154.562500
0.07430000000000003,0.0244,0.056400000000000006,456774636701154.562500
0.0743100000000001,0.0212,0.055600000000000004,456774636701154.562500
0.07432000000000005,0.0228,0.058,456774636701154.562500
0.07433000000000001,0.022000000000000002,0.0572,456774636701154.562500
0.07434000000000007,0.0244,0.054,456774636701154.562500
0.07435000000000003,0.022000000000000002,0.055600000000000004,456774636701154.562500
0.07436000000000009,0.0228,0.0572,456774636701154.562500
0.07437000000000005,0.022000000000000002,0.054,456774636701154.562500
0.07438,0.0236,0.0572,456774636701154.562500
0.07439000000000007,0.0204,0.0524,456774636701154.562500
0.07440000000000002,0.0188,0.054,456774636701154.562500
0.07441000000000009,0.0212,0.05,456774636701154.562500
0.07442000000000004,0.0244,0.0524,456774636701154.562500
0.07443,0.0236,0.0444,456774636701154.562500
0.07444000000000006,0.022000000000000002,0.0516,456774636701154.562500
0.07445000000000002,0.0212,0.0412,456774636701154.562500
0.07446000000000008,0.0196,0.055600000000000004,456774636701154.562500
0.07447000000000004,0.0212,0.055600000000000004,456774636701154.562500
0.0744800000000001,0.0188,0.055600000000000004,456774636701154.562500
0.07449000000000006,0.0244,0.0548,456774636701154.562500
0.07450000000000001,0.026000000000000002,0.0572,456774636701154.562500
0.07451000000000008,0.026000000000000002,0.055600000000000004,456774636701154.562500
0.07452000000000003,0.0252,0.055600000000000004,456774636701154.562500
0.0745300000000001,0.0236,0.056400000000000006,456774636701154.562500
0.07454000000000005,0.0244,0.055600000000000004,456774636701154.562500
0.07455,0.0228,0.055600000000000004,456774636701154.562500
0.07456000000000007,0.0236,0.054,456774636701154.562500
0.07457000000000003,0.0244,0.058800000000000005,456774636701154.562500
0.07458000000000009,0.0236,0.0516,456774636701154.562500
0.07459000000000005,0.0228,0.056400000000000006,456774636701154.562500
0.0746,0.022000000000000002,0.0548,456774636701154.562500
0.07461000000000007,0.0188,0.056400000000000006,456774636701154.562500
0.07462000000000002,0.0196,0.055600000000000004,456774636701154.562500
0.07463000000000009,0.022000000000000002,0.058,456774636701154.562500
0.07464000000000004,0.0228,0.056400000000000006,456774636701154.562500
0.07465,0.0236,0.0572,456774636701154.562500
0.07466000000000006,0.0228,0.055600000000000004,456774636701154.562500
0.07467000000000001,0.022000000000000002,0.0548,456774636701154.562500
0.07468000000000008,0.0228,0.054,456774636701154.562500
0.07469000000000003,0.022000000000000002,0.055600000000000004,456774636701154.562500
0.0747000000000001,0.0212,0.055600000000000004,456774636701154.562500
0.07471000000000005,0.0212,0.055600000000000004,456774636701154.562500
0.07472000000000001,0.0204,0.0572,456774636701154.562500
0.07473000000000007,0.0236,0.053200000000000004,456774636701154.562500
0.07474000000000003,0.0236,0.055600000000000004,456774636701154.562500
0.0747500000000001,0.0236,0.0572,456774636701154.562500
0.07476000000000005,0.0236,0.0548,456774636701154.562500
0.07477,0.0236,0.055600000000000004,456774636701154.562500
0.07478000000000007,0.022000000000000002,0.056400000000000006,456774636701154.562500
0.07479000000000002,0.022000000000000002,0.0572,456774636701154.562500
0.07480000000000009,0.0236,0.056400000000000006,456774636701154.562500
0.07481000000000004,0.0244,0.056400000000000006,456774636701154.562500
0.07482,0.0244,0.056400000000000006,456774636701154.562500
0.07483000000000006,0.026000000000000002,0.055600000000000004,456774636701154.562500
0.07484000000000002,0.0236,0.056400000000000006,456774636701154.562500
0.07485000000000008,0.0244,0.056400000000000006,456774636701154.562500
0.07486000000000004,0.0244,0.0572,456774636701154.562500
0.07486999999999999,0.0236,0.058,456774636701154.562500
0.07488000000000006,0.0236,0.056400000000000006,456774636701154.562500
0.07489000000000001,0.0236,0.0572,456774636701154.562500
0.07490000000000008,0.0228,0.0572,456774636701154.562500
0.07491000000000003,0.0236,0.055600000000000004,456774636701154.562500
0.0749200000000001,0.0228,0.053200000000000004,456774636701154.562500
0.07493000000000005,0.0228,0.0444,456774636701154.562500
0.07494,0.022000000000000002,0.054,456774636701154.562500
0.07495000000000007,0.022000000000000002,0.053200000000000004,456774636701154.562500
0.07496000000000003,0.022000000000000002,0.0516,456774636701154.562500
0.07497000000000009,0.022000000000000002,0.045200000000000004,456774636701154.562500
0.07498000000000005,0.022000000000000002,0.048400000000000006,456774636701154.562500
0.07499,0.0228,0.054,456774636701154.562500
0.07500000000000007,0.0212,0.054,456774636701154.562500
0.07501000000000002,0.0228,0.05,456774636701154.562500
0.07502000000000009,0.0204,0.053200000000000004,456774636701154.562500
0.07503000000000004,0.0204,0.0548,456774636701154.562500
0.07504,0.0204,0.0516,456774636701154.562500
0.07505000000000006,0.0204,0.05,456774636701154.562500
0.07506000000000002,0.022000000000000002,0.053200000000000004,456774636701154.562500
0.07507000000000008,0.022000000000000002,0.054,456774636701154.562500
0.07508000000000004,0.0236,0.056400000000000006,456774636701154.562500
0.0750900000000001,0.0228,0.054,456774636701154.562500
0.07510000000000006,0.0212,0.0524,456774636701154.562500
0.07511000000000001,0.0228,0.055600000000000004,456774636701154.562500
0.07512000000000008,0.0212,0.050800000000000005,456774636701154.562500
0.07513000000000003,0.0252,0.0516,456774636701154.562500
0.0751400000000001,0.0228,0.055600000000000004,456774636701154.562500
0.07515000000000005,0.0236,0.056400000000000006,456774636701154.562500
0.07516,0.0212,0.053200000000000004,456774636701154.562500
0.07517000000000007,0.0236,0.055600000000000004,456774636701154.562500
0.07518000000000002,0.022000000000000002,0.0548,456774636701154.562500
0.07519000000000009,0.0228,0.048400000000000006,456774636701154.562500
0.07520000000000004,0.0228,0.05,456774636701154.562500
0.07521,0.0228,0.056400000000000006,456774636701154.562500
0.07522000000000006,0.0204,0.055600000000000004,456774636701154.562500
0.07523000000000002,0.0196,0.058800000000000005,456774636701154.562500
0.07524000000000008,0.0204,0.0548,456774636701154.562500
0.07525000000000004,0.0228,0.056400000000000006,456774636701154.562500
0.07526,0.0204,0.054,456774636701154.562500
0.07527000000000006,0.0236,0.054,456774636701154.562500
0.07528000000000001,0.0212,0.058,456774636701154.562500
0.07529000000000008,0.0228,0.0524,456774636701154.562500
0.07530000000000003,0.0212,0.0492,456774636701154.562500
0.0753100000000001,0.0228,0.054,456774636701154.562500
0.07532000000000005,0.0228,0.056400000000000006,456774636701154.562500
0.07533000000000001,0.0228,0.056400000000000006,456774636701154.562500
0.07534000000000007,0.022000000000000002,0.0468,456774636701154.562500
0.07535000000000003,0.0212,0.053200000000000004,456774636701154.562500
0.0753600000000001,0.0172,0.056400000000000006,456774636701154.562500
0.07537000000000005,0.0228,0.058,456774636701154.562500
0.07538,0.0196,0.0572,456774636701154.562500
0.07539000000000007,0.0244,0.0412,456774636701154.562500
0.07540000000000002,0.0236,0.058,456774636701154.562500
0.07541000000000009,0.0252,0.053200000000000004,456774636701154.562500
0.07542000000000004,0.0228,0.0572,456774636701154.562500
0.07543,0.0228,0.055600000000000004,456774636701154.562500
0.07544000000000006,0.0228,0.055600000000000004,456774636701154.562500
0.07545000000000002,0.022000000000000002,0.0548,456774636701154.562500
0.07546000000000008,0.0228,0.055600000000000004,456774636701154.562500
0.07547000000000004,0.0244,0.055600000000000004,456774636701154.562500
0.0754800000000001,0.0212,0.055600000000000004,456774636701154.562500
0.07549000000000006,0.0244,0.055600000000000004,456774636701154.562500
0.07550000000000001,0.0236,0.056400000000000006,456774636701154.562500
0.07551000000000008,0.022000000000000002,0.055600000000000004,456774636701154.562500
0.07552000000000003,0.0212,0.0572,456774636701154.562500
0.0755300000000001,0.0228,0.056400000000000006,456774636701154.562500
0.07554000000000005,0.022000000000000002,0.055600000000000004,456774636701154.562500
0.07555,0.0236,0.0524,456774636701154.562500
0.07556000000000007,0.0196,0.05,456774636701154.562500
0.07557000000000003,0.0228,0.054,456774636701154.562500
0.07558000000000009,0.022000000000000002,0.0572,456774636701154.562500
0.07559000000000005,0.0228,0.050800000000000005,456774636701154.562500
0.0756,0.0212,0.053200000000000004,456774636701154.562500
0.07561000000000007,0.0228,0.048400000000000006,456774636701154.562500
0.07562000000000002,0.0212,0.048400000000000006,456774636701154.562500
0.07563000000000009,0.022000000000000002,0.055600000000000004,456774636701154.562500
0.07564000000000004,0.0236,0.045200000000000004,456774636701154.562500
0.07565,0.022000000000000002,0.055600000000000004,456774636701154.562500
0.07566000000000006,0.0228,0.055600000000000004,456774636701154.562500
0.07567000000000002,0.0236,0.054,456774636701154.562500
0.07568000000000008,0.0228,0.056400000000000006,456774636701154.562500
0.07569000000000004,0.0236,0.0572,456774636701154.562500
0.0757000000000001,0.0228,0.0572,456774636701154.562500
0.07571000000000006,0.0244,0.058,456774636701154.562500
0.07572000000000001,0.0228,0.055600000000000004,456774636701154.562500
0.07573000000000008,0.0244,0.056400000000000006,456774636701154.562500
0.07574000000000003,0.0244,0.055600000000000004,456774636701154.562500
0.0757500000000001,0.0244,0.0572,456774636701154.562500
0.07576000000000005,0.0252,0.0548,456774636701154.562500
0.07577,0.0244,0.0572,456774636701154.562500
0.07578000000000007,0.0236,0.045200000000000004,456774636701154.562500
0.07579000000000002,0.0228,0.0548,456774636701154.562500
0.07580000000000009,0.0236,0.0548,456774636701154.562500
0.07581000000000004,0.0244,0.055600000000000004,456774636701154.562500
0.07582,0.0212,0.053200000000000004,456774636701154.562500
0.07583000000000006,0.0236,0.055600000000000004,456774636701154.562500
0.07584000000000002,0.0228,0.0476,456774636701154.562500
0.07585000000000008,0.0228,0.058,456774636701154.562500
0.07586000000000004,0.0228,0.055600000000000004,456774636701154.562500
0.07586999999999999,0.0204,0.056400000000000006,456774636701154.562500
0.07588000000000006,0.022000000000000002,0.056400000000000006,456774636701154.562500
0.07589000000000001,0.022000000000000002,0.045200000000000004,456774636701154.562500
0.07590000000000008,0.022000000000000002,0.0572,456774636701154.562500
0.07591000000000003,0.0228,0.056400000000000006,456774636701154.562500
0.0759200000000001,0.0236,0.056400000000000006,456774636701154.562500
0.07593000000000005,0.0196,0.0572,456774636701154.562500
0.07594000000000001,0.022000000000000002,0.056400000000000006,456774636701154.562500
0.07595000000000007,0.0204,0.055600000000000004,456774636701154.562500
0.07596000000000003,0.0196,0.055600000000000004,456774636701154.562500
0.07597000000000009,0.022000000000000002,0.055600000000000004,456774636701154.562500
0.07598000000000005,0.0196,0.055600000000000004,456774636701154.562500
0.07599,0.0204,0.055600000000000004,456774636701154.562500
0.07600000000000007,0.0236,0.05,456774636701154.562500
0.07601000000000002,0.0236,0.055600000000000004,456774636701154.562500
0.07602000000000009,0.0236,0.0572,456774636701154.562500
0.07603000000000004,0.0228,0.0572,456774636701154.562500
0.07604,0.0228,0.0436,456774636701154.562500
0.07605000000000006,0.0244,0.0548,456774636701154.562500
0.07606000000000002,0.0244,0.054,456774636701154.562500
0.07607000000000008,0.0236,0.0572,456774636701154.562500
0.07608000000000004,0.0236,0.0572,456774636701154.562500
0.0760900000000001,0.0236,0.054,456774636701154.562500
0.07610000000000006,0.0252,0.058800000000000005,456774636701154.562500
0.07611000000000001,0.0204,0.055600000000000004,456774636701154.562500
0.07612000000000008,0.0212,0.056400000000000006,456774636701154.562500
0.07613000000000003,0.0244,0.055600000000000004,456774636701154.562500
0.0761400000000001,0.022000000000000002,0.0572,456774636701154.562500
0.07615000000000005,0.022000000000000002,0.056400000000000006,456774636701154.562500
0.07616,0.0164,0.046,456774636701154.562500
0.07617000000000007,0.0188,0.0572,456774636701154.562500
0.07618000000000003,0.0204,0.0572,456774636701154.562500
0.07619000000000009,0.0228,0.055600000000000004,456774636701154.562500
0.07620000000000005,0.0188,0.056400000000000006,456774636701154.562500
0.07621,0.0204,0.056400000000000006,456774636701154.562500
0.07622000000000007,0.018000000000000002,0.0524,456774636701154.562500
0.07623000000000002,0.022000000000000002,0.055600000000000004,456774636701154.562500
0.07624000000000009,0.022000000000000002,0.056400000000000006,456774636701154.562500
0.07625000000000004,0.0212,0.056400000000000006,456774636701154.562500
0.07626,0.0196,0.058,456774636701154.562500
0.07627000000000006,0.022000000000000002,0.058,456774636701154.562500
0.07628000000000001,0.0236,0.053200000000000004,456774636701154.562500
0.07629000000000008,0.0236,0.0572,456774636701154.562500
0.07630000000000003,0.0244,0.056400000000000006,456774636701154.562500
0.0763100000000001,0.0228,0.0572,456774636701154.562500
0.07632000000000005,0.022000000000000002,0.0548,456774636701154.562500
0.07633000000000001,0.0252,0.055600000000000004,456774636701154.562500
0.07634000000000007,0.0228,0.056400000000000006,456774636701154.562500
0.07635000000000003,0.022000000000000002,0.0572,456774636701154.562500
0.0763600000000001,0.0252,0.058,456774636701154.562500
0.07637000000000005,0.0252,0.0548,456774636701154.562500
0.07638,0.0236,0.056400000000000006,456774636701154.562500
0.07639000000000007,0.0252,0.058,456774636701154.562500
0.07640000000000002,0.0236,0.056400000000000006,456774636701154.562500
0.07641000000000009,0.0244,0.058800000000000005,456774636701154.562500
0.07642000000000004,0.0252,0.056400000000000006,456774636701154.562500
0.07643,0.0244,0.048400000000000006,456774636701154.562500
0.07644000000000006,0.022000000000000002,0.050800000000000005,456774636701154.562500
0.07645000000000002,0.0228,0.0396,456774636701154.562500
0.07646000000000008,0.0212,0.0492,456774636701154.562500
0.07647000000000004,0.022000000000000002,0.0516,456774636701154.562500
0.07647999999999999,0.0212,0.056400000000000006,456774636701154.562500
0.07649000000000006,0.018000000000000002,0.05,456774636701154.562500
0.07650000000000001,0.0212,0.0572,456774636701154.562500
0.07651000000000008,0.0212,0.056400000000000006,456774636701154.562500
0.07652000000000003,0.0228,0.0572,456774636701154.562500
0.0765300000000001,0.022000000000000002,0.054,456774636701154.562500
0.07654000000000005,0.0212,0.0492,456774636701154.562500
0.07655,0.0204,0.054,456774636701154.562500
0.07656000000000007,0.022000000000000002,0.0468,456774636701154.562500
0.07657000000000003,0.022000000000000002,0.056400000000000006,456774636701154.562500
0.07658000000000009,0.022000000000000002,0.0572,456774636701154.562500
0.07659000000000005,0.0228,0.055600000000000004,456774636701154.562500
0.0766,0.0236,0.058,456774636701154.562500
0.07661000000000007,0.0236,0.056400000000000006,456774636701154.562500
0.07662000000000002,0.0228,0.048400000000000006,456774636701154.562500
0.07663000000000009,0.026000000000000002,0.0524,456774636701154.562500
0.07664000000000004,0.0228,0.054,456774636701154.562500
0.07665,0.022000000000000002,0.050800000000000005,456774636701154.562500
0.07666000000000006,0.022000000000000002,0.046,456774636701154.562500
0.07667000000000002,0.0212,0.0572,456774636701154.562500
0.07668000000000008,0.0244,0.0548,456774636701154.562500
0.07669000000000004,0.0228,0.056400000000000006,456774636701154.562500
0.0767000000000001,0.0212,0.0572,456774636701154.562500
0.07671000000000006,0.0212,0.0572,456774636701154.562500
0.07672000000000001,0.022000000000000002,0.056400000000000006,456774636701154.562500
0.07673000000000008,0.0228,0.055600000000000004,456774636701154.562500
0.07674000000000003,0.022000000000000002,0.0572,456774636701154.562500
0.0767500000000001,0.0236,0.055600000000000004,456774636701154.562500
0.07676000000000005,0.0228,0.056400000000000006,456774636701154.562500
0.07677,0.0212,0.056400000000000006,456774636701154.562500
0.07678000000000007,0.0212,0.050800000000000005,456774636701154.562500
0.07679000000000002,0.0196,0.0524,456774636701154.562500
0.07680000000000009,0.0236,0.055600000000000004,456774636701154.562500
0.07681000000000004,0.0228,0.054,456774636701154.562500
0.07682,0.022000000000000002,0.055600000000000004,456774636701154.562500
0.07683000000000006,0.022000000000000002,0.0516,456774636701154.562500
0.07684000000000002,0.0228,0.055600000000000004,456774636701154.562500
0.07685000000000008,0.022000000000000002,0.054,456774636701154.562500
0.07686000000000004,0.022000000000000002,0.0572,456774636701154.562500
0.07687,0.0212,0.05,456774636701154.562500
0.07688000000000006,0.0228,0.056400000000000006,456774636701154.562500
0.07689000000000001,0.0228,0.0524,456774636701154.562500
0.07690000000000008,0.0252,0.0548,456774636701154.562500
0.07691000000000003,0.0236,0.050800000000000005,456774636701154.562500
0.0769200000000001,0.022000000000000002,0.053200000000000004,456774636701154.562500
0.07693000000000005,0.0204,0.0492,456774636701154.562500
0.07694000000000001,0.018000000000000002,0.054,456774636701154.562500
0.07695000000000007,0.0212,0.0524,456774636701154.562500
0.07696000000000003,0.0228,0.055600000000000004,456774636701154.562500
0.0769700000000001,0.0252,0.0548,456774636701154.562500
0.07698000000000005,0.022000000000000002,0.0572,456774636701154.562500
0.07699,0.0244,0.0572,456774636701154.562500
0.07700000000000007,0.0244,0.055600000000000004,456774636701154.562500
0.07701000000000002,0.0236,0.056400000000000006,456774636701154.562500
0.07702000000000009,0.0244,0.056400000000000006,456774636701154.562500
0.07703000000000004,0.0252,0.0572,456774636701154.562500
0.07704,0.0212,0.0548,456774636701154.562500
0.07705000000000006,0.0236,0.0572,456774636701154.562500
0.07706000000000002,0.0244,0.055600000000000004,456774636701154.562500
0.07707000000000008,0.0236,0.055600000000000004,456774636701154.562500
0.07708000000000004,0.022000000000000002,0.055600000000000004,456774636701154.562500
0.07708999999999999,0.022000000000000002,0.056400000000000006,456774636701154.562500
0.07710000000000006,0.0212,0.055600000000000004,456774636701154.562500
0.07711000000000001,0.0212,0.056400000000000006,456774636701154.562500
0.07712000000000008,0.022000000000000002,0.0444,456774636701154.562500
0.07713000000000003,0.0236,0.050800000000000005,456774636701154.562500
0.0771400000000001,0.022000000000000002,0.040400000000000005,456774636701154.562500
0.07715000000000005,0.022000000000000002,0.045200000000000004,456774636701154.562500
0.07716,0.0196,0.0492,456774636701154.562500
0.07717000000000007,0.0204,0.0548,456774636701154.562500
0.07718000000000003,0.0204,0.0548,456774636701154.562500
0.07719000000000009,0.0228,0.050800000000000005,456774636701154.562500
0.07720000000000005,0.0236,0.0524,456774636701154.562500
0.07721,0.0236,0.0524,456774636701154.562500
0.07722000000000007,0.0244,0.054,456774636701154.562500
0.07723000000000002,0.0244,0.0492,456774636701154.562500
0.07724000000000009,0.0244,0.054,456774636701154.562500
0.07725000000000004,0.0252,0.0548,456774636701154.562500
0.07726,0.0244,0.055600000000000004,456774636701154.562500
0.07727000000000006,0.0212,0.056400000000000006,456774636701154.562500
0.07728000000000002,0.0252,0.055600000000000004,456774636701154.562500
0.07729000000000008,0.0252,0.0572,456774636701154.562500
0.07730000000000004,0.0236,0.050800000000000005,456774636701154.562500
0.0773100000000001,0.0244,0.0524,456774636701154.562500
0.07732000000000006,0.0244,0.0492,456774636701154.562500
0.07733000000000001,0.0228,0.0476,456774636701154.562500
0.07734000000000008,0.0244,0.0412,456774636701154.562500
0.07735000000000003,0.0236,0.0524,456774636701154.562500
0.0773600000000001,0.0236,0.0572,456774636701154.562500
0.07737000000000005,0.0228,0.055600000000000004,456774636701154.562500
0.07738,0.0204,0.0492,456774636701154.562500
0.07739000000000007,0.0212,0.055600000000000004,456774636701154.562500
0.07740000000000002,0.0196,0.055600000000000004,456774636701154.562500
0.07741000000000009,0.022000000000000002,0.056400000000000006,456774636701154.562500
0.07742000000000004,0.0196,0.0524,456774636701154.562500
0.07743,0.0236,0.055600000000000004,456774636701154.562500
0.07744000000000006,0.0212,0.0548,456774636701154.562500
0.07745000000000002,0.0212,0.056400000000000006,456774636701154.562500
0.07746000000000008,0.022000000000000002,0.0572,456774636701154.562500
0.07747000000000004,0.022000000000000002,0.055600000000000004,456774636701154.562500
0.07748,0.0212,0.056400000000000006,456774636701154.562500
0.07749000000000006,0.0212,0.0476,456774636701154.562500
0.07750000000000001,0.0236,0.058,456774636701154.562500
0.07751000000000008,0.0204,0.053200000000000004,456774636701154.562500
0.07752000000000003,0.022000000000000002,0.0572,456774636701154.562500
0.0775300000000001,0.018000000000000002,0.055600000000000004,456774636701154.562500
0.07754000000000005,0.0236,0.0572,456774636701154.562500
0.07755000000000001,0.0228,0.056400000000000006,456774636701154.562500
0.07756000000000007,0.0244,0.056400000000000006,456774636701154.562500
0.07757000000000003,0.0244,0.0572,456774636701154.562500
0.0775800000000001,0.0244,0.056400000000000006,456774636701154.562500
0.07759000000000005,0.0244,0.0572,456774636701154.562500
0.0776,0.0236,0.0572,456774636701154.562500
0.07761000000000007,0.0236,0.055600000000000004,456774636701154.562500
0.07762000000000002,0.0244,0.050800000000000005,456774636701154.562500
0.07763000000000009,0.0236,0.0548,456774636701154.562500
0.07764000000000004,0.0228,0.0548,456774636701154.562500
0.07765,0.015600000000000001,0.050800000000000005,456774636701154.562500
0.07766000000000006,0.0204,0.056400000000000006,456774636701154.562500
0.07767000000000002,0.018000000000000002,0.055600000000000004,456774636701154.562500
0.07768000000000008,0.0228,0.058,456774636701154.562500
0.07769000000000004,0.022000000000000002,0.058,456774636701154.562500
0.0777000000000001,0.022000000000000002,0.0572,456774636701154.562500
0.07771000000000006,0.0236,0.056400000000000006,456774636701154.562500
0.07772000000000001,0.0196,0.058,456774636701154.562500
0.07773000000000008,0.0228,0.056400000000000006,456774636701154.562500
0.07774000000000003,0.022000000000000002,0.056400000000000006,456774636701154.562500
0.0777500000000001,0.022000000000000002,0.0572,456774636701154.562500
0.07776000000000005,0.018000000000000002,0.054,456774636701154.562500
0.07777,0.022000000000000002,0.055600000000000004,456774636701154.562500
0.07778000000000007,0.0212,0.048400000000000006,456774636701154.562500
0.07779000000000003,0.0212,0.0572,456774636701154.562500
0.07780000000000009,0.022000000000000002,0.058,456774636701154.562500
0.07781000000000005,0.0236,0.055600000000000004,456774636701154.562500
0.07782,0.0212,0.056400000000000006,456774636701154.562500
0.07783000000000007,0.022000000000000002,0.045200000000000004,456774636701154.562500
0.07784000000000002,0.022000000000000002,0.058,456774636701154.562500
0.07785000000000009,0.0236,0.0524,456774636701154.562500
0.07786000000000004,0.0212,0.0572,456774636701154.562500
0.07787,0.0236,0.0524,456774636701154.562500
0.07788000000000006,0.0244,0.0572,456774636701154.562500
0.07789000000000001,0.022000000000000002,0.0524,456774636701154.562500
0.07790000000000008,0.0244,0.0524,456774636701154.562500
0.07791000000000003,0.022000000000000002,0.0548,456774636701154.562500
0.0779200000000001,0.0228,0.056400000000000006,456774636701154.562500
0.07793000000000005,0.0172,0.0572,456774636701154.562500
0.07794000000000001,0.0228,0.048400000000000006,456774636701154.562500
0.07795000000000007,0.0212,0.055600000000000004,456774636701154.562500
0.07796000000000003,0.0172,0.0516,456774636701154.562500
0.0779700000000001,0.0172,0.056400000000000006,456774636701154.562500
0.07798000000000005,0.0212,0.056400000000000006,456774636701154.562500
0.07799,0.0188,0.056400000000000006,456774636701154.562500
0.07800000000000007,0.0236,0.0492,456774636701154.562500
0.07801000000000002,0.0212,0.053200000000000004,456774636701154.562500
0.07802000000000009,0.022000000000000002,0.0476,456774636701154.562500
0.07803000000000004,0.0204,0.054,456774636701154.562500
0.07804,0.0228,0.0412,456774636701154.562500
0.07805000000000006,0.0228,0.054,456774636701154.562500
0.07806000000000002,0.0228,0.045200000000000004,456774636701154.562500
0.07807000000000008,0.0236,0.056400000000000006,456774636701154.562500
0.07808000000000004,0.022000000000000002,0.056400000000000006,456774636701154.562500
0.07808999999999999,0.0228,0.0524,456774636701154.562500
0.07810000000000006,0.0196,0.056400000000000006,456774636701154.562500
0.07811000000000001,0.022000000000000002,0.055600000000000004,456774636701154.562500
0.07812000000000008,0.0212,0.0572,456774636701154.562500
0.07813000000000003,0.022000000000000002,0.0572,456774636701154.562500
0.0781400000000001,0.0236,0.055600000000000004,456774636701154.562500
0.07815000000000005,0.0228,0.05,456774636701154.562500
0.07816000000000001,0.0212,0.056400000000000006,456774636701154.562500
0.07817000000000007,0.0236,0.0548,456774636701154.562500
0.07818000000000003,0.0236,0.058,456774636701154.562500
0.07819000000000009,0.0244,0.0548,456774636701154.562500
0.07820000000000005,0.0204,0.055600000000000004,456774636701154.562500
0.07821,0.0244,0.0572,456774636701154.562500
0.07822000000000007,0.0244,0.058,456774636701154.562500
0.07823000000000002,0.0236,0.0548,456774636701154.562500
0.07824000000000009,0.0244,0.055600000000000004,456774636701154.562500
0.07825000000000004,0.022000000000000002,0.056400000000000006,456774636701154.562500
0.07826,0.0236,0.054,456774636701154.562500
0.07827000000000006,0.0212,0.0572,456774636701154.562500
0.07828000000000002,0.022000000000000002,0.0516,456774636701154.562500
0.07829000000000008,0.022000000000000002,0.056400000000000006,456774636701154.562500
0.07830000000000004,0.0228,0.0572,456774636701154.562500
0.0783100000000001,0.0204,0.054,456774636701154.562500
0.07832000000000006,0.0204,0.056400000000000006,456774636701154.562500
0.07833000000000001,0.0212,0.054,456774636701154.562500
0.07834000000000008,0.0196,0.0524,456774636701154.562500
0.07835000000000003,0.0204,0.058,456774636701154.562500
0.0783600000000001,0.0212,0.058,456774636701154.562500
0.07837000000000005,0.022000000000000002,0.0572,456774636701154.562500
0.07838,0.022000000000000002,0.0572,456774636701154.562500
0.07839000000000007,0.0228,0.0492,456774636701154.562500
0.07840000000000003,0.022000000000000002,0.0548,456774636701154.562500
0.07841000000000009,0.0212,0.0436,456774636701154.562500
0.07842000000000005,0.0228,0.0284,456774636701154.562500
0.07843,0.0188,0.0332,456774636701154.562500
0.07844000000000007,0.0236,0.0444,456774636701154.562500
0.07845000000000002,0.0204,0.042,456774636701154.562500
0.07846000000000009,0.0212,0.053200000000000004,456774636701154.562500
0.07847000000000004,0.0196,0.056400000000000006,456774636701154.562500
0.07848,0.0236,0.0572,456774636701154.562500
0.07849000000000006,0.0236,0.0572,456774636701154.562500
0.07850000000000001,0.0252,0.054,456774636701154.562500
0.07851000000000008,0.0244,0.0572,456774636701154.562500
0.07852000000000003,0.0244,0.0548,456774636701154.562500
0.0785300000000001,0.0244,0.0572,456774636701154.562500
0.07854000000000005,0.0228,0.058,456774636701154.562500
0.07855000000000001,0.0236,0.058,456774636701154.562500
0.07856000000000007,0.0236,0.0548,456774636701154.562500
0.07857000000000003,0.0244,0.0548,456774636701154.562500
0.0785800000000001,0.0236,0.056400000000000006,456774636701154.562500
0.07859000000000005,0.0228,0.055600000000000004,456774636701154.562500
0.0786,0.0212,0.056400000000000006,456774636701154.562500
0.07861000000000007,0.0228,0.055600000000000004,456774636701154.562500
0.07862000000000002,0.022000000000000002,0.0516,456774636701154.562500
0.07863000000000009,0.0228,0.055600000000000004,456774636701154.562500
0.07864000000000004,0.022000000000000002,0.0516,456774636701154.562500
0.07865,0.022000000000000002,0.055600000000000004,456774636701154.562500
0.07866000000000006,0.022000000000000002,0.0524,456774636701154.562500
0.07867000000000002,0.022000000000000002,0.053200000000000004,456774636701154.562500
0.07868000000000008,0.0204,0.0476,456774636701154.562500
0.07869000000000004,0.022000000000000002,0.054,456774636701154.562500
0.07869999999999999,0.0228,0.055600000000000004,456774636701154.562500
0.07871000000000006,0.0212,0.055600000000000004,456774636701154.562500
0.07872000000000001,0.022000000000000002,0.056400000000000006,456774636701154.562500
0.07873000000000008,0.0212,0.055600000000000004,456774636701154.562500
0.07874000000000003,0.0212,0.0572,456774636701154.562500
0.0787500000000001,0.022000000000000002,0.056400000000000006,456774636701154.562500
0.07876000000000005,0.0236,0.0572,456774636701154.562500
0.07877,0.018000000000000002,0.056400000000000006,456774636701154.562500
0.07878000000000007,0.0236,0.056400000000000006,456774636701154.562500
0.07879000000000003,0.022000000000000002,0.058800000000000005,456774636701154.562500
0.07880000000000009,0.022000000000000002,0.056400000000000006,456774636701154.562500
0.07881000000000005,0.0196,0.0548,456774636701154.562500
0.07882,0.0236,0.054,456774636701154.562500
0.07883000000000007,0.0244,0.0468,456774636701154.562500
0.07884000000000002,0.0244,0.0572,456774636701154.562500
0.07885000000000009,0.0228,0.05,456774636701154.562500
0.07886000000000004,0.0228,0.0548,456774636701154.562500
0.07887,0.0212,0.0524,456774636701154.562500
0.07888000000000006,0.0212,0.058,456774636701154.562500
0.07889000000000002,0.018000000000000002,0.0516,456774636701154.562500
0.07890000000000008,0.0228,0.054,456774636701154.562500
0.07891000000000004,0.0212,0.050800000000000005,456774636701154.562500
0.0789200000000001,0.0228,0.056400000000000006,456774636701154.562500
0.07893000000000006,0.0188,0.0524,456774636701154.562500
0.07894000000000001,0.0204,0.056400000000000006,456774636701154.562500
0.07895000000000008,0.0212,0.0572,456774636701154.562500
0.07896000000000003,0.022000000000000002,0.0572,456774636701154.562500
0.0789700000000001,0.0212,0.056400000000000006,456774636701154.562500
0.07898000000000005,0.022000000000000002,0.056400000000000006,456774636701154.562500
0.07899,0.0212,0.0492,456774636701154.562500
0.07900000000000007,0.0212,0.056400000000000006,456774636701154.562500
0.07901000000000002,0.0212,0.0516,456774636701154.562500
0.07902000000000009,0.0228,0.058,456774636701154.562500
0.07903000000000004,0.022000000000000002,0.0572,456774636701154.562500
0.07904,0.022000000000000002,0.0572,456774636701154.562500
0.07905000000000006,0.0196,0.0516,456774636701154.562500
0.07906000000000002,0.0212,0.0412,456774636701154.562500
0.07907000000000008,0.0228,0.055600000000000004,456774636701154.562500
0.07908000000000004,0.0252,0.0524,456774636701154.562500
0.07909,0.0212,0.054,456774636701154.562500
0.07910000000000006,0.0244,0.0492,456774636701154.562500
0.07911000000000001,0.0244,0.058,456774636701154.562500
0.07912000000000008,0.022000000000000002,0.056400000000000006,456774636701154.562500
0.07913000000000003,0.0252,0.0548,456774636701154.562500
0.0791400000000001,0.0236,0.0572,456774636701154.562500
0.07915000000000005,0.0244,0.0572,456774636701154.562500
0.07916000000000001,0.0212,0.05,456774636701154.562500
0.07917000000000007,0.0228,0.056400000000000006,456774636701154.562500
0.07918000000000003,0.0196,0.0548,456774636701154.562500
0.0791900000000001,0.0212,0.0524,456774636701154.562500
0.07920000000000005,0.0212,0.055600000000000004,456774636701154.562500
0.07921,0.022000000000000002,0.0548,456774636701154.562500
0.07922000000000007,0.018000000000000002,0.0572,456774636701154.562500
0.07923000000000002,0.0196,0.050800000000000005,456774636701154.562500
0.07924000000000009,0.0212,0.056400000000000006,456774636701154.562500
0.07925000000000004,0.022000000000000002,0.056400000000000006,456774636701154.562500
0.07926,0.022000000000000002,0.0524,456774636701154.562500
0.07927000000000006,0.0212,0.0548,456774636701154.562500
0.07928000000000002,0.0204,0.054,456774636701154.562500
0.07929000000000008,0.0228,0.0572,456774636701154.562500
0.07930000000000004,0.022000000000000002,0.056400000000000006,456774636701154.562500
0.0793100000000001,0.0212,0.053200000000000004,456774636701154.562500
0.07932000000000006,0.0236,0.055600000000000004,456774636701154.562500
0.07933000000000001,0.0204,0.053200000000000004,456774636701154.562500
0.07934000000000008,0.0196,0.055600000000000004,456774636701154.562500
0.07935000000000003,0.022000000000000002,0.0572,456774636701154.562500
0.0793600000000001,0.0188,0.055600000000000004,456774636701154.562500
0.07937000000000005,0.0252,0.0572,456774636701154.562500
0.07938,0.0164,0.0516,456774636701154.562500
0.07939000000000007,0.0252,0.055600000000000004,456774636701154.562500
0.07940000000000003,0.022000000000000002,0.055600000000000004,456774636701154.562500
0.07941000000000009,0.0236,0.056400000000000006,456774636701154.562500
0.07942000000000005,0.0212,0.056400000000000006,456774636701154.562500
0.07943,0.0244,0.054,456774636701154.562500
0.07944000000000007,0.022000000000000002,0.0492,456774636701154.562500
0.07945000000000002,0.0212,0.056400000000000006,456774636701154.562500
0.07946000000000009,0.0228,0.0516,456774636701154.562500
0.07947000000000004,0.022000000000000002,0.055600000000000004,456774636701154.562500
0.07948,0.0188,0.056400000000000006,456774636701154.562500
0.07949000000000006,0.022000000000000002,0.053200000000000004,456774636701154.562500
0.07950000000000002,0.0212,0.0572,456774636701154.562500
0.07951000000000008,0.022000000000000002,0.055600000000000004,456774636701154.562500
0.07952000000000004,0.0228,0.055600000000000004,456774636701154.562500
0.0795300000000001,0.0236,0.054,456774636701154.562500
0.07954000000000006,0.0228,0.056400000000000006,456774636701154.562500
0.07955000000000001,0.0212,0.0524,456774636701154.562500
0.07956000000000008,0.022000000000000002,0.0548,456774636701154.562500
0.07957000000000003,0.0204,0.055600000000000004,456774636701154.562500
0.0795800000000001,0.0212,0.0476,456774636701154.562500
0.07959000000000005,0.0212,0.055600000000000004,456774636701154.562500
0.0796,0.0236,0.0444,456774636701154.562500
0.07961000000000007,0.0212,0.054,456774636701154.562500
0.07962000000000002,0.0204,0.046,456774636701154.562500
0.07963000000000009,0.022000000000000002,0.0492,456774636701154.562500
0.07964000000000004,0.0228,0.0476,456774636701154.562500
0.07965,0.0204,0.056400000000000006,456774636701154.562500
0.07966000000000006,0.0236,0.058,456774636701154.562500
0.07967000000000002,0.0228,0.056400000000000006,456774636701154.562500
0.07968000000000008,0.0236,0.056400000000000006,456774636701154.562500
0.07969000000000004,0.0236,0.056400000000000006,456774636701154.562500
0.0797,0.0236,0.0548,456774636701154.562500
0.07971000000000006,0.022000000000000002,0.055600000000000004,456774636701154.562500
0.07972000000000001,0.0236,0.050800000000000005,456774636701154.562500
0.07973000000000008,0.0252,0.0516,456774636701154.562500
0.07974000000000003,0.0236,0.056400000000000006,456774636701154.562500
0.0797500000000001,0.0252,0.0516,456774636701154.562500
0.07976000000000005,0.0188,0.0572,456774636701154.562500
0.07977000000000001,0.0228,0.0476,456774636701154.562500
0.07978000000000007,0.018000000000000002,0.058,456774636701154.562500
0.07979000000000003,0.0244,0.0476,456774636701154.562500
0.0798000000000001,0.0236,0.054,456774636701154.562500
0.07981000000000005,0.0228,0.054,456774636701154.562500
0.07982,0.022000000000000002,0.0492,456774636701154.562500
0.07983000000000007,0.0196,0.0548,456774636701154.562500
0.07984000000000002,0.022000000000000002,0.0516,456774636701154.562500
0.07985000000000009,0.0228,0.0548,456774636701154.562500
0.07986000000000004,0.0212,0.0492,456774636701154.562500
0.07987,0.022000000000000002,0.0548,456774636701154.562500
0.07988000000000006,0.0204,0.055600000000000004,456774636701154.562500
0.07989000000000002,0.022000000000000002,0.05,456774636701154.562500
0.07990000000000008,0.0212,0.055600000000000004,456774636701154.562500
0.07991000000000004,0.022000000000000002,0.050800000000000005,456774636701154.562500
0.0799200000000001,0.0228,0.0572,456774636701154.562500
0.07993000000000006,0.0228,0.0524,456774636701154.562500
0.07994000000000001,0.0228,0.0572,456774636701154.562500
0.07995000000000008,0.022000000000000002,0.0548,456774636701154.562500
0.07996000000000003,0.0236,0.054,456774636701154.562500
0.0799700000000001,0.0244,0.0492,456774636701154.562500
0.07998000000000005,0.0244,0.056400000000000006,456774636701154.562500
0.07999,0.0236,0.0572,456774636701154.562500
0.08000000000000007,0.0244,0.058,456774636701154.562500
0.08001000000000003,0.0244,0.056400000000000006,456774636701154.562500
0.08002000000000009,0.0244,0.055600000000000004,456774636701154.562500
0.08003000000000005,0.0228,0.0548,456774636701154.562500
0.08004,0.0236,0.0548,456774636701154.562500
0.08005000000000007,0.0252,0.055600000000000004,456774636701154.562500
0.08006000000000002,0.0252,0.055600000000000004,456774636701154.562500
0.08007000000000009,0.0236,0.056400000000000006,456774636701154.562500
0.08008000000000004,0.0228,0.056400000000000006,456774636701154.562500
0.08009,0.0236,0.0548,456774636701154.562500
0.08010000000000006,0.0244,0.055600000000000004,456774636701154.562500
0.08011000000000001,0.0204,0.056400000000000006,456774636701154.562500
0.08012000000000008,0.0236,0.0548,456774636701154.562500
0.08013000000000003,0.0244,0.0492,456774636701154.562500
0.0801400000000001,0.022000000000000002,0.0492,456774636701154.562500
0.08015000000000005,0.022000000000000002,0.0444,456774636701154.562500
0.08016000000000001,0.0204,0.0468,456774636701154.562500
0.08017000000000007,0.0212,0.0364,456774636701154.562500
0.08018000000000003,0.0196,0.0524,456774636701154.562500
0.0801900000000001,0.0212,0.0572,456774636701154.562500
0.08020000000000005,0.0196,0.058,456774636701154.562500
0.08021,0.022000000000000002,0.056400000000000006,456774636701154.562500
0.08022000000000007,0.0212,0.055600000000000004,456774636701154.562500
0.08023000000000002,0.0204,0.042,456774636701154.562500
0.08024000000000009,0.0228,0.054,456774636701154.562500
0.08025000000000004,0.0228,0.053200000000000004,456774636701154.562500
0.08026,0.022000000000000002,0.058,456774636701154.562500
0.08027000000000006,0.0228,0.0548,456774636701154.562500
0.08028000000000002,0.0228,0.056400000000000006,456774636701154.562500
0.08029000000000008,0.0212,0.056400000000000006,456774636701154.562500
0.08030000000000004,0.0252,0.0572,456774636701154.562500
0.08030999999999999,0.022000000000000002,0.055600000000000004,456774636701154.562500
0.08032000000000006,0.0252,0.055600000000000004,456774636701154.562500
0.08033000000000001,0.018000000000000002,0.0572,456774636701154.562500
0.08034000000000008,0.0268,0.0388,456774636701154.562500
0.08035000000000003,0.0252,0.048400000000000006,456774636701154.562500
0.0803600000000001,0.022000000000000002,0.046,456774636701154.562500
0.08037000000000005,0.0244,0.0524,456774636701154.562500
0.08038000000000001,0.0204,0.0492,456774636701154.562500
0.08039000000000007,0.0236,0.055600000000000004,456774636701154.562500
0.08040000000000003,0.0228,0.05,456774636701154.562500
0.08041000000000009,0.0228,0.056400000000000006,456774636701154.562500
0.08042000000000005,0.0236,0.058,456774636701154.562500
0.08043,0.0196,0.055600000000000004,456774636701154.562500
0.08044000000000007,0.0236,0.0572,456774636701154.562500
0.08045000000000002,0.0212,0.056400000000000006,456774636701154.562500
0.08046000000000009,0.0196,0.053200000000000004,456774636701154.562500
0.08047000000000004,0.0204,0.056400000000000006,456774636701154.562500
0.08048,0.022000000000000002,0.055600000000000004,456774636701154.562500
0.08049000000000006,0.022000000000000002,0.05,456774636701154.562500
0.08050000000000002,0.022000000000000002,0.056400000000000006,456774636701154.562500
0.08051000000000008,0.0196,0.0548,456774636701154.562500
0.08052000000000004,0.0228,0.054,456774636701154.562500
0.0805300000000001,0.0204,0.056400000000000006,456774636701154.562500
0.08054000000000006,0.022000000000000002,0.056400000000000006,456774636701154.562500
0.08055000000000001,0.0196,0.0548,456774636701154.562500
0.08056000000000008,0.0228,0.0548,456774636701154.562500
0.08057000000000003,0.0228,0.0468,456774636701154.562500
0.0805800000000001,0.022000000000000002,0.054,456774636701154.562500
0.08059000000000005,0.0252,0.0548,456774636701154.562500
0.0806,0.0228,0.058,456774636701154.562500
0.08061000000000007,0.0236,0.050800000000000005,456774636701154.562500
0.08062000000000002,0.0188,0.058,456774636701154.562500
0.08063000000000009,0.0236,0.050800000000000005,456774636701154.562500
0.08064000000000004,0.026000000000000002,0.058,456774636701154.562500
0.08065,0.0228,0.0516,456774636701154.562500
0.08066000000000006,0.0236,0.0572,456774636701154.562500
0.08067000000000002,0.0212,0.054,456774636701154.562500
0.08068000000000008,0.0228,0.053200000000000004,456774636701154.562500
0.08069000000000004,0.022000000000000002,0.0516,456774636701154.562500
0.0807,0.0252,0.055600000000000004,456774636701154.562500
0.08071000000000006,0.0236,0.053200000000000004,456774636701154.562500
0.08072000000000001,0.0212,0.0524,456774636701154.562500
0.08073000000000008,0.0228,0.050800000000000005,456774636701154.562500
0.08074000000000003,0.0204,0.056400000000000006,456774636701154.562500
0.0807500000000001,0.0228,0.0572,456774636701154.562500
0.08076000000000005,0.0196,0.055600000000000004,456774636701154.562500
0.08077000000000001,0.0212,0.055600000000000004,456774636701154.562500
0.08078000000000007,0.0196,0.0572,456774636701154.562500
0.08079000000000003,0.0228,0.0516,456774636701154.562500
0.0808000000000001,0.022000000000000002,0.058,456774636701154.562500
0.08081000000000005,0.0204,0.056400000000000006,456774636701154.562500
0.08082,0.0212,0.056400000000000006,456774636701154.562500
0.08083000000000007,0.022000000000000002,0.0524,456774636701154.562500
0.08084000000000002,0.0212,0.055600000000000004,456774636701154.562500
0.08085000000000009,0.018000000000000002,0.050800000000000005,456774636701154.562500
0.08086000000000004,0.0228,0.054,456774636701154.562500
0.08087,0.018000000000000002,0.0492,456774636701154.562500
0.08088000000000006,0.022000000000000002,0.055600000000000004,456774636701154.562500
0.08089000000000002,0.0212,0.046,456774636701154.562500
0.08090000000000008,0.0244,0.055600000000000004,456774636701154.562500
0.08091000000000004,0.0236,0.045200000000000004,456774636701154.562500
0.0809200000000001,0.0236,0.055600000000000004,456774636701154.562500
0.08093000000000006,0.0236,0.048400000000000006,456774636701154.562500
0.08094000000000001,0.0244,0.0572,456774636701154.562500
0.08095000000000008,0.0236,0.0492,456774636701154.562500
0.08096000000000003,0.0236,0.055600000000000004,456774636701154.562500
0.0809700000000001,0.018000000000000002,0.055600000000000004,456774636701154.562500
0.08098000000000005,0.0244,0.055600000000000004,456774636701154.562500
0.08099,0.0228,0.053200000000000004,456774636701154.562500
0.08100000000000007,0.0228,0.054,456774636701154.562500
0.08101000000000003,0.0228,0.0572,456774636701154.562500
0.08102000000000009,0.0244,0.050800000000000005,456774636701154.562500
0.08103000000000005,0.0228,0.0548,456774636701154.562500
0.08104,0.022000000000000002,0.0548,456774636701154.562500
0.08105000000000007,0.0228,0.056400000000000006,456774636701154.562500
0.08106000000000002,0.0164,0.046,456774636701154.562500
0.08107000000000009,0.0212,0.054,456774636701154.562500
0.08108000000000004,0.0204,0.0548,456774636701154.562500
0.08109,0.0196,0.056400000000000006,456774636701154.562500
0.08110000000000006,0.0188,0.0572,456774636701154.562500
0.08111000000000002,0.022000000000000002,0.055600000000000004,456774636701154.562500
0.08112000000000008,0.0212,0.055600000000000004,456774636701154.562500
0.08113000000000004,0.022000000000000002,0.055600000000000004,456774636701154.562500
0.0811400000000001,0.0212,0.0572,456774636701154.562500
0.08115000000000006,0.0236,0.055600000000000004,456774636701154.562500
0.08116000000000001,0.0196,0.053200000000000004,456774636701154.562500
0.08117000000000008,0.0228,0.0548,456774636701154.562500
0.08118000000000003,0.0196,0.0476,456774636701154.562500
0.0811900000000001,0.0236,0.0516,456774636701154.562500
0.08120000000000005,0.0196,0.0524,456774636701154.562500
0.08121,0.0228,0.055600000000000004,456774636701154.562500
0.08122000000000007,0.0236,0.0524,456774636701154.562500
0.08123000000000002,0.0236,0.056400000000000006,456774636701154.562500
0.08124000000000009,0.0228,0.054,456774636701154.562500
0.08125000000000004,0.022000000000000002,0.055600000000000004,456774636701154.562500
0.08126,0.0244,0.05,456774636701154.562500
0.08127000000000006,0.0212,0.0548,456774636701154.562500
0.08128000000000002,0.0236,0.056400000000000006,456774636701154.562500
0.08129000000000008,0.022000000000000002,0.05,456774636701154.562500
0.08130000000000004,0.0228,0.055600000000000004,456774636701154.562500
0.08131,0.022000000000000002,0.056400000000000006,456774636701154.562500
0.08132000000000006,0.0236,0.0572,456774636701154.562500
0.08133000000000001,0.0212,0.0412,456774636701154.562500
0.08134000000000008,0.0228,0.056400000000000006,456774636701154.562500
0.08135000000000003,0.022000000000000002,0.050800000000000005,456774636701154.562500
0.0813600000000001,0.0228,0.0572,456774636701154.562500
0.08137000000000005,0.0228,0.0548,456774636701154.562500
0.08138000000000001,0.0228,0.055600000000000004,456774636701154.562500
0.08139000000000007,0.0196,0.053200000000000004,456774636701154.562500
0.08140000000000003,0.0228,0.054,456774636701154.562500
0.0814100000000001,0.022000000000000002,0.0516,456774636701154.562500
0.08142000000000005,0.022000000000000002,0.050800000000000005,456774636701154.562500
0.08143,0.0228,0.05,456774636701154.562500
0.08144000000000007,0.0204,0.0524,456774636701154.562500
0.08145000000000002,0.0212,0.05,456774636701154.562500
0.08146000000000009,0.0204,0.055600000000000004,456774636701154.562500
0.08147000000000004,0.022000000000000002,0.055600000000000004,456774636701154.562500
0.08148,0.0236,0.055600000000000004,456774636701154.562500
0.08149000000000006,0.0236,0.0524,456774636701154.562500
0.08150000000000002,0.0196,0.0548,456774636701154.562500
0.08151000000000008,0.0228,0.056400000000000006,456774636701154.562500
0.08152000000000004,0.0228,0.056400000000000006,456774636701154.562500
0.0815300000000001,0.0252,0.0572,456774636701154.562500
0.08154000000000006,0.0244,0.056400000000000006,456774636701154.562500
0.08155000000000001,0.0228,0.055600000000000004,456774636701154.562500
0.08156000000000008,0.0204,0.053200000000000004,456774636701154.562500
0.08157000000000003,0.0236,0.056400000000000006,456774636701154.562500
0.0815800000000001,0.018000000000000002,0.053200000000000004,456774636701154.562500
0.08159000000000005,0.0228,0.056400000000000006,456774636701154.562500
0.0816,0.0188,0.054,456774636701154.562500
0.08161000000000007,0.0228,0.0572,456774636701154.562500
0.08162000000000003,0.0236,0.0548,456774636701154.562500
0.08163000000000009,0.022000000000000002,0.055600000000000004,456774636701154.562500
0.08164000000000005,0.0244,0.0548,456774636701154.562500
0.08165,0.0204,0.0548,456774636701154.562500
0.08166000000000007,0.0236,0.056400000000000006,456774636701154.562500
0.08167000000000002,0.022000000000000002,0.054,456774636701154.562500
0.08168000000000009,0.0212,0.055600000000000004,456774636701154.562500
0.08169000000000004,0.0204,0.054,456774636701154.562500
0.0817,0.0228,0.054,456774636701154.562500
0.08171000000000006,0.018000000000000002,0.055600000000000004,456774636701154.562500
0.08172000000000001,0.0196,0.050800000000000005,456774636701154.562500
0.08173000000000008,0.0204,0.0572,456774636701154.562500
0.08174000000000003,0.022000000000000002,0.0524,456774636701154.562500
0.0817500000000001,0.0204,0.055600000000000004,456774636701154.562500
0.08176000000000005,0.0204,0.0548,456774636701154.562500
0.08177000000000001,0.0236,0.050800000000000005,456774636701154.562500
0.08178000000000007,0.0212,0.055600000000000004,456774636701154.562500
0.08179000000000003,0.0228,0.0492,456774636701154.562500
0.0818000000000001,0.0236,0.054,456774636701154.562500
0.08181000000000005,0.0236,0.05,456774636701154.562500
0.08182,0.0212,0.056400000000000006,456774636701154.562500
0.08183000000000007,0.0236,0.048400000000000006,456774636701154.562500
0.08184000000000002,0.0188,0.054,456774636701154.562500
0.08185000000000009,0.0236,0.0412,456774636701154.562500
0.08186000000000004,0.022000000000000002,0.055600000000000004,456774636701154.562500
0.08187,0.0244,0.045200000000000004,456774636701154.562500
0.08188000000000006,0.0228,0.0572,456774636701154.562500
0.08189000000000002,0.0228,0.0516,456774636701154.562500
0.08190000000000008,0.0244,0.045200000000000004,456774636701154.562500
0.08191000000000004,0.0244,0.058,456774636701154.562500
0.08191999999999999,0.022000000000000002,0.0548,456774636701154.562500
0.08193000000000006,0.0228,0.0572,456774636701154.562500
0.08194000000000001,0.022000000000000002,0.056400000000000006,456774636701154.562500
0.08195000000000008,0.0204,0.058800000000000005,456774636701154.562500
0.08196000000000003,0.0212,0.053200000000000004,456774636701154.562500
0.0819700000000001,0.0204,0.056400000000000006,456774636701154.562500
0.08198000000000005,0.0212,0.0548,456774636701154.562500
0.08199000000000001,0.022000000000000002,0.056400000000000006,456774636701154.562500
0.08200000000000007,0.0196,0.055600000000000004,456774636701154.562500
0.08201000000000003,0.022000000000000002,0.053200000000000004,456774636701154.562500
0.08202000000000009,0.022000000000000002,0.0548,456774636701154.562500
0.08203000000000005,0.022000000000000002,0.056400000000000006,456774636701154.562500
0.08204,0.0228,0.0516,456774636701154.562500
0.08205000000000007,0.022000000000000002,0.055600000000000004,456774636701154.562500
0.08206000000000002,0.0228,0.0492,456774636701154.562500
0.08207000000000009,0.0236,0.055600000000000004,456774636701154.562500
0.08208000000000004,0.022000000000000002,0.056400000000000006,456774636701154.562500
0.08209,0.022000000000000002,0.0548,456774636701154.562500
0.08210000000000006,0.0228,0.0516,456774636701154.562500
0.08211000000000002,0.022000000000000002,0.055600000000000004,456774636701154.562500
0.08212000000000008,0.022000000000000002,0.048400000000000006,456774636701154.562500
0.08213000000000004,0.0188,0.054,456774636701154.562500
0.0821400000000001,0.0244,0.050800000000000005,456774636701154.562500
0.08215000000000006,0.0228,0.055600000000000004,456774636701154.562500
0.08216000000000001,0.022000000000000002,0.050800000000000005,456774636701154.562500
0.08217000000000008,0.0228,0.056400000000000006,456774636701154.562500
0.08218000000000003,0.0252,0.056400000000000006,456774636701154.562500
0.0821900000000001,0.0244,0.054,456774636701154.562500
0.08220000000000005,0.0204,0.055600000000000004,456774636701154.562500
0.08221,0.022000000000000002,0.0548,456774636701154.562500
0.08222000000000007,0.0212,0.056400000000000006,456774636701154.562500
0.08223000000000003,0.0236,0.053200000000000004,456774636701154.562500
0.08224000000000009,0.0228,0.050800000000000005,456774636701154.562500
0.08225000000000005,0.0212,0.056400000000000006,456774636701154.562500
0.08226,0.0196,0.056400000000000006,456774636701154.562500
0.08227000000000007,0.018000000000000002,0.05,456774636701154.562500
0.08228000000000002,0.022000000000000002,0.0548,456774636701154.562500
0.08229000000000009,0.0228,0.042,456774636701154.562500
0.08230000000000004,0.0212,0.055600000000000004,456774636701154.562500
0.08231,0.0188,0.0516,456774636701154.562500
0.08232000000000006,0.0212,0.0524,456774636701154.562500
0.08233000000000001,0.0212,0.055600000000000004,456774636701154.562500
0.08234000000000008,0.0228,0.0444,456774636701154.562500
0.08235000000000003,0.0196,0.056400000000000006,456774636701154.562500
0.0823600000000001,0.022000000000000002,0.050800000000000005,456774636701154.562500
0.08237000000000005,0.0236,0.055600000000000004,456774636701154.562500
0.08238000000000001,0.022000000000000002,0.055600000000000004,456774636701154.562500
0.08239000000000007,0.0212,0.053200000000000004,456774636701154.562500
0.08240000000000003,0.0212,0.0572,456774636701154.562500
0.0824100000000001,0.0244,0.055600000000000004,456774636701154.562500
0.08242000000000005,0.0228,0.0572,456774636701154.562500
0.08243,0.0236,0.053200000000000004,456774636701154.562500
0.08244000000000007,0.0228,0.056400000000000006,456774636701154.562500
0.08245000000000002,0.0244,0.054,456774636701154.562500
0.08246000000000009,0.0212,0.056400000000000006,456774636701154.562500
0.08247000000000004,0.022000000000000002,0.054,456774636701154.562500
0.08248,0.0204,0.055600000000000004,456774636701154.562500
0.08249000000000006,0.0196,0.055600000000000004,456774636701154.562500
0.08250000000000002,0.0204,0.0492,456774636701154.562500
0.08251000000000008,0.0196,0.055600000000000004,456774636701154.562500
0.08252000000000004,0.0228,0.0548,456774636701154.562500
0.08252999999999999,0.0204,0.05,456774636701154.562500
0.08254000000000006,0.0236,0.056400000000000006,456774636701154.562500
0.08255000000000001,0.0204,0.0476,456774636701154.562500
0.08256000000000008,0.0228,0.054,456774636701154.562500
0.08257000000000003,0.0172,0.0492,456774636701154.562500
0.0825800000000001,0.0188,0.0572,456774636701154.562500
0.08259000000000005,0.0196,0.055600000000000004,456774636701154.562500
0.0826,0.0228,0.053200000000000004,456774636701154.562500
0.08261000000000007,0.0204,0.054,456774636701154.562500
0.08262000000000003,0.0244,0.0548,456774636701154.562500
0.08263000000000009,0.0212,0.053200000000000004,456774636701154.562500
0.08264000000000005,0.022000000000000002,0.05,456774636701154.562500
0.08265,0.0196,0.055600000000000004,456774636701154.562500
0.08266000000000007,0.022000000000000002,0.0492,456774636701154.562500
0.08267000000000002,0.0236,0.056400000000000006,456774636701154.562500
0.08268000000000009,0.0228,0.05,456774636701154.562500
0.08269000000000004,0.0204,0.0516,456774636701154.562500
0.0827,0.0236,0.054,456774636701154.562500
0.08271000000000006,0.0212,0.054,456774636701154.562500
0.08272000000000002,0.0204,0.053200000000000004,456774636701154.562500
0.08273000000000008,0.0236,0.053200000000000004,456774636701154.562500
0.08274000000000004,0.0228,0.056400000000000006,456774636701154.562500
0.0827500000000001,0.0228,0.054,456774636701154.562500
0.08276000000000006,0.022000000000000002,0.053200000000000004,456774636701154.562500
0.08277000000000001,0.0244,0.053200000000000004,456774636701154.562500
0.08278000000000008,0.0228,0.050800000000000005,456774636701154.562500
0.08279000000000003,0.0236,0.05,456774636701154.562500
0.0828000000000001,0.0236,0.05,456774636701154.562500
0.08281000000000005,0.0228,0.058,456774636701154.562500
0.08282,0.0236,0.042,456774636701154.562500
0.08283000000000007,0.0252,0.056400000000000006,456774636701154.562500
0.08284000000000002,0.022000000000000002,0.0548,456774636701154.562500
0.08285000000000009,0.022000000000000002,0.055600000000000004,456774636701154.562500
0.08286000000000004,0.0212,0.055600000000000004,456774636701154.562500
0.08287,0.0212,0.0548,456774636701154.562500
0.08288000000000006,0.022000000000000002,0.054,456774636701154.562500
0.08289000000000002,0.022000000000000002,0.058,456774636701154.562500
0.08290000000000008,0.022000000000000002,0.054,456774636701154.562500
0.08291000000000004,0.0196,0.0548,456774636701154.562500
0.08292,0.0204,0.0524,456774636701154.562500
0.08293000000000006,0.022000000000000002,0.0548,456774636701154.562500
0.08294000000000001,0.0204,0.050800000000000005,456774636701154.562500
0.08295000000000008,0.0228,0.053200000000000004,456774636701154.562500
0.08296000000000003,0.022000000000000002,0.053200000000000004,456774636701154.562500
0.0829700000000001,0.022000000000000002,0.054,456774636701154.562500
0.08298000000000005,0.0228,0.056400000000000006,456774636701154.562500
0.08299000000000001,0.0228,0.055600000000000004,456774636701154.562500
0.08300000000000007,0.022000000000000002,0.0476,456774636701154.562500
0.08301000000000003,0.0228,0.0548,456774636701154.562500
0.0830200000000001,0.0212,0.054,456774636701154.562500
0.08303000000000005,0.0204,0.0492,456774636701154.562500
0.08304,0.0244,0.046,456774636701154.562500
0.08305000000000007,0.0196,0.054,456774636701154.562500
0.08306000000000002,0.026000000000000002,0.056400000000000006,456774636701154.562500
0.08307000000000009,0.0204,0.056400000000000006,456774636701154.562500
0.08308000000000004,0.0212,0.055600000000000004,456774636701154.562500
0.08309,0.0188,0.055600000000000004,456774636701154.562500
0.08310000000000006,0.0212,0.053200000000000004,456774636701154.562500
0.08311000000000002,0.0236,0.055600000000000004,456774636701154.562500
0.08312000000000008,0.0212,0.053200000000000004,456774636701154.562500
0.08313000000000004,0.0236,0.056400000000000006,456774636701154.562500
0.0831400000000001,0.0236,0.055600000000000004,456774636701154.562500
0.08315000000000006,0.0236,0.0548,456774636701154.562500
0.08316000000000001,0.022000000000000002,0.055600000000000004,456774636701154.562500
0.08317000000000008,0.022000000000000002,0.05,456774636701154.562500
0.08318000000000003,0.0228,0.0548,456774636701154.562500
0.0831900000000001,0.0236,0.0524,456774636701154.562500
0.08320000000000005,0.0172,0.0468,456774636701154.562500
0.08321,0.0204,0.05,456774636701154.562500
0.08322000000000007,0.0228,0.0476,456774636701154.562500
0.08323000000000003,0.018000000000000002,0.0524,456774636701154.562500
0.08324000000000009,0.0228,0.054,456774636701154.562500
0.08325000000000005,0.0172,0.055600000000000004,456774636701154.562500
0.08326,0.022000000000000002,0.0548,456774636701154.562500
0.08327000000000007,0.0196,0.053200000000000004,456774636701154.562500
0.08328000000000002,0.0228,0.053200000000000004,456774636701154.562500
0.08329000000000009,0.0196,0.053200000000000004,456774636701154.562500
0.08330000000000004,0.022000000000000002,0.055600000000000004,456774636701154.562500
0.08331,0.0204,0.053200000000000004,456774636701154.562500
0.08332000000000006,0.0228,0.0572,456774636701154.562500
0.08333000000000002,0.0212,0.053200000000000004,456774636701154.562500
0.08334000000000008,0.022000000000000002,0.0516,456774636701154.562500
0.08335000000000004,0.0236,0.055600000000000004,456774636701154.562500
0.0833600000000001,0.022000000000000002,0.0548,456774636701154.562500
0.08337000000000006,0.0236,0.050800000000000005,456774636701154.562500
0.08338000000000001,0.022000000000000002,0.0572,456774636701154.562500
0.08339000000000008,0.0236,0.0516,456774636701154.562500
0.08340000000000003,0.0196,0.0548,456774636701154.562500
0.0834100000000001,0.0228,0.0468,456774636701154.562500
0.08342000000000005,0.0236,0.055600000000000004,456774636701154.562500
0.08343,0.0236,0.0524,456774636701154.562500
0.08344000000000007,0.0228,0.056400000000000006,456774636701154.562500
0.08345000000000002,0.022000000000000002,0.0548,456774636701154.562500
0.08346000000000009,0.022000000000000002,0.042800000000000005,456774636701154.562500
0.08347000000000004,0.0228,0.055600000000000004,456774636701154.562500
0.08348,0.0204,0.050800000000000005,456774636701154.562500
0.08349000000000006,0.0204,0.0572,456774636701154.562500
0.08350000000000002,0.0196,0.0436,456774636701154.562500
0.08351000000000008,0.0212,0.054,456774636701154.562500
0.08352000000000004,0.0172,0.045200000000000004,456774636701154.562500
0.08353,0.022000000000000002,0.056400000000000006,456774636701154.562500
0.08354000000000006,0.0212,0.045200000000000004,456774636701154.562500
0.08355000000000001,0.0204,0.055600000000000004,456774636701154.562500
0.08356000000000008,0.022000000000000002,0.056400000000000006,456774636701154.562500
0.08357000000000003,0.022000000000000002,0.056400000000000006,456774636701154.562500
0.0835800000000001,0.022000000000000002,0.055600000000000004,456774636701154.562500
0.08359000000000005,0.0212,0.0548,456774636701154.562500
0.08360000000000001,0.0164,0.055600000000000004,456774636701154.562500
0.08361000000000007,0.022000000000000002,0.053200000000000004,456774636701154.562500
0.08362000000000003,0.022000000000000002,0.0572,456774636701154.562500
0.0836300000000001,0.018000000000000002,0.053200000000000004,456774636701154.562500
0.08364000000000005,0.0236,0.056400000000000006,456774636701154.562500
0.08365,0.0252,0.050800000000000005,456774636701154.562500
0.08366000000000007,0.0244,0.054,456774636701154.562500
0.08367000000000002,0.0228,0.050800000000000005,456774636701154.562500
0.08368000000000009,0.0236,0.054,456774636701154.562500
0.08369000000000004,0.0228,0.053200000000000004,456774636701154.562500
0.0837,0.0236,0.054,456774636701154.562500
0.08371000000000006,0.0204,0.055600000000000004,456774636701154.562500
0.08372000000000002,0.0244,0.0524,456774636701154.562500
0.08373000000000008,0.0236,0.0548,456774636701154.562500
0.08374000000000004,0.022000000000000002,0.055600000000000004,456774636701154.562500
0.0837500000000001,0.0212,0.055600000000000004,456774636701154.562500
0.08376000000000006,0.0196,0.053200000000000004,456774636701154.562500
0.08377000000000001,0.0236,0.0572,456774636701154.562500
0.08378000000000008,0.0228,0.0516,456774636701154.562500
0.08379000000000003,0.0212,0.055600000000000004,456774636701154.562500
0.0838000000000001,0.0212,0.0492,456774636701154.562500
0.08381000000000005,0.0228,0.056400000000000006,456774636701154.562500
0.08382,0.0228,0.05,456774636701154.562500
0.08383000000000007,0.022000000000000002,0.0524,456774636701154.562500
0.08384000000000003,0.0212,0.053200000000000004,456774636701154.562500
0.08385000000000009,0.0196,0.046,456774636701154.562500
0.08386000000000005,0.022000000000000002,0.055600000000000004,456774636701154.562500
0.08387,0.0172,0.054,456774636701154.562500
0.08388000000000007,0.0212,0.0516,456774636701154.562500
0.08389000000000002,0.022000000000000002,0.053200000000000004,456774636701154.562500
0.08390000000000009,0.0212,0.0516,456774636701154.562500
0.08391000000000004,0.0228,0.0516,456774636701154.562500
0.08392,0.022000000000000002,0.050800000000000005,456774636701154.562500
0.08393000000000006,0.0236,0.0412,456774636701154.562500
0.08394000000000001,0.022000000000000002,0.054,456774636701154.562500
0.08395000000000008,0.0228,0.045200000000000004,456774636701154.562500
0.08396000000000003,0.0236,0.0548,456774636701154.562500
0.0839700000000001,0.0228,0.054,456774636701154.562500
0.08398000000000005,0.0228,0.056400000000000006,456774636701154.562500
0.08399000000000001,0.0244,0.055600000000000004,456774636701154.562500
0.08400000000000007,0.0212,0.056400000000000006,456774636701154.562500
0.08401000000000003,0.0252,0.0524,456774636701154.562500
0.0840200000000001,0.0212,0.0548,456774636701154.562500
0.08403000000000005,0.0228,0.0468,456774636701154.562500
0.08404,0.0244,0.056400000000000006,456774636701154.562500
0.08405000000000007,0.0236,0.042800000000000005,456774636701154.562500
0.08406000000000002,0.0212,0.0572,456774636701154.562500
0.08407000000000009,0.0228,0.046,456774636701154.562500
0.08408000000000004,0.0228,0.0548,456774636701154.562500
0.08409,0.022000000000000002,0.055600000000000004,456774636701154.562500
0.08410000000000006,0.0228,0.056400000000000006,456774636701154.562500
0.08411000000000002,0.0196,0.056400000000000006,456774636701154.562500
0.08412000000000008,0.0236,0.0572,456774636701154.562500
0.08413000000000004,0.022000000000000002,0.055600000000000004,456774636701154.562500
0.08413999999999999,0.022000000000000002,0.053200000000000004,456774636701154.562500
0.08415000000000006,0.015600000000000001,0.0548,456774636701154.562500
0.08416000000000001,0.0212,0.0524,456774636701154.562500
0.08417000000000008,0.0188,0.0548,456774636701154.562500
0.08418000000000003,0.022000000000000002,0.0516,456774636701154.562500
0.0841900000000001,0.0228,0.055600000000000004,456774636701154.562500
0.08420000000000005,0.0236,0.042,456774636701154.562500
0.08421000000000001,0.0228,0.054,456774636701154.562500
0.08422000000000007,0.022000000000000002,0.05,456774636701154.562500
0.08423000000000003,0.0228,0.0548,456774636701154.562500
0.08424000000000009,0.0236,0.055600000000000004,456774636701154.562500
0.08425000000000005,0.0236,0.0492,456774636701154.562500
0.08426,0.0236,0.058,456774636701154.562500
0.08427000000000007,0.0236,0.0548,456774636701154.562500
0.08428000000000002,0.0244,0.055600000000000004,456774636701154.562500
0.08429000000000009,0.0244,0.0548,456774636701154.562500
0.08430000000000004,0.0244,0.055600000000000004,456774636701154.562500
0.08431,0.0228,0.055600000000000004,456774636701154.562500
0.08432000000000006,0.0244,0.05,456774636701154.562500
0.08433000000000002,0.0236,0.0572,456774636701154.562500
0.08434000000000008,0.0228,0.056400000000000006,456774636701154.562500
0.08435000000000004,0.0228,0.055600000000000004,456774636701154.562500
0.0843600000000001,0.0244,0.053200000000000004,456774636701154.562500
0.08437000000000006,0.0236,0.055600000000000004,456774636701154.562500
0.08438000000000001,0.0228,0.0444,456774636701154.562500
0.08439000000000008,0.0228,0.055600000000000004,456774636701154.562500
0.08440000000000003,0.0228,0.05,456774636701154.562500
0.0844100000000001,0.0196,0.055600000000000004,456774636701154.562500
0.08442000000000005,0.0228,0.0476,456774636701154.562500
0.08443,0.0172,0.0516,456774636701154.562500
0.08444000000000007,0.0212,0.0572,456774636701154.562500
0.08445000000000003,0.018000000000000002,0.0572,456774636701154.562500
0.08446000000000009,0.0228,0.053200000000000004,456774636701154.562500
0.08447000000000005,0.0212,0.055600000000000004,456774636701154.562500
0.08448,0.022000000000000002,0.054,456774636701154.562500
0.08449000000000007,0.0204,0.056400000000000006,456774636701154.562500
0.08450000000000002,0.022000000000000002,0.056400000000000006,456774636701154.562500
0.08451000000000009,0.022000000000000002,0.058,456774636701154.562500
0.08452000000000004,0.0236,0.0524,456774636701154.562500
0.08453,0.0228,0.0548,456774636701154.562500
0.08454000000000006,0.0228,0.0492,456774636701154.562500
0.08455000000000001,0.0228,0.054,456774636701154.562500
0.08456000000000008,0.0244,0.0524,456774636701154.562500
0.08457000000000003,0.0228,0.055600000000000004,456774636701154.562500
0.0845800000000001,0.0244,0.05,456774636701154.562500
0.08459000000000005,0.0204,0.053200000000000004,456774636701154.562500
0.08460000000000001,0.0244,0.0388,456774636701154.562500
0.08461000000000007,0.0228,0.0548,456774636701154.562500
0.08462000000000003,0.022000000000000002,0.0476,456774636701154.562500
0.0846300000000001,0.0236,0.055600000000000004,456774636701154.562500
0.08464000000000005,0.018000000000000002,0.053200000000000004,456774636701154.562500
0.08465,0.0236,0.055600000000000004,456774636701154.562500
0.08466000000000007,0.0244,0.056400000000000006,456774636701154.562500
0.08467000000000002,0.022000000000000002,0.054,456774636701154.562500
0.08468000000000009,0.0196,0.055600000000000004,456774636701154.562500
0.08469000000000004,0.022000000000000002,0.050800000000000005,456774636701154.562500
0.0847,0.0164,0.055600000000000004,456774636701154.562500
0.08471000000000006,0.022000000000000002,0.050800000000000005,456774636701154.562500
0.08472000000000002,0.018000000000000002,0.0548,456774636701154.562500
0.08473000000000008,0.0212,0.0572,456774636701154.562500
0.08474000000000004,0.015600000000000001,0.0524,456774636701154.562500
0.0847500000000001,0.022000000000000002,0.056400000000000006,456774636701154.562500
0.08476000000000006,0.0212,0.0524,456774636701154.562500
0.08477000000000001,0.022000000000000002,0.055600000000000004,456774636701154.562500
0.08478000000000008,0.0228,0.0476,456774636701154.562500
0.08479000000000003,0.0212,0.055600000000000004,456774636701154.562500
0.0848000000000001,0.0212,0.054,456774636701154.562500
0.08481000000000005,0.0188,0.053200000000000004,456774636701154.562500
0.08482,0.0228,0.0516,456774636701154.562500
0.08483000000000007,0.0212,0.056400000000000006,456774636701154.562500
0.08484000000000003,0.0228,0.0548,456774636701154.562500
0.08485000000000009,0.0196,0.0548,456774636701154.562500
0.08486000000000005,0.0212,0.05,456774636701154.562500
0.08487,0.0236,0.055600000000000004,456774636701154.562500
0.08488000000000007,0.0228,0.0516,456774636701154.562500
0.08489000000000002,0.0196,0.0524,456774636701154.562500
0.08490000000000009,0.0244,0.0516,456774636701154.562500
0.08491000000000004,0.0212,0.0492,456774636701154.562500
0.08492,0.0244,0.0412,456774636701154.562500
0.08493000000000006,0.0244,0.0492,456774636701154.562500
0.08494000000000002,0.0236,0.0516,456774636701154.562500
0.08495000000000008,0.0236,0.055600000000000004,456774636701154.562500
0.08496000000000004,0.0212,0.0524,456774636701154.562500
0.0849700000000001,0.0244,0.053200000000000004,456774636701154.562500
0.08498000000000006,0.0204,0.0492,456774636701154.562500
0.08499000000000001,0.0228,0.0548,456774636701154.562500
0.08500000000000008,0.022000000000000002,0.0524,456774636701154.562500
0.08501000000000003,0.0228,0.055600000000000004,456774636701154.562500
0.0850200000000001,0.0236,0.0524,456774636701154.562500
0.08503000000000005,0.022000000000000002,0.0548,456774636701154.562500
0.08504,0.0148,0.055600000000000004,456774636701154.562500
0.08505000000000007,0.022000000000000002,0.0492,456774636701154.562500
0.08506000000000002,0.0204,0.0516,456774636701154.562500
0.08507000000000009,0.0228,0.050800000000000005,456774636701154.562500
0.08508000000000004,0.0148,0.054,456774636701154.562500
0.08509,0.0212,0.055600000000000004,456774636701154.562500
0.08510000000000006,0.022000000000000002,0.0524,456774636701154.562500
0.08511000000000002,0.022000000000000002,0.058,456774636701154.562500
0.08512000000000008,0.0228,0.0436,456774636701154.562500
0.08513000000000004,0.0212,0.0572,456774636701154.562500
0.08514,0.022000000000000002,0.055600000000000004,456774636701154.562500
0.08515000000000006,0.0212,0.0516,456774636701154.562500
0.08516000000000001,0.0236,0.056400000000000006,456774636701154.562500
0.08517000000000008,0.0236,0.0524,456774636701154.562500
0.08518000000000003,0.0244,0.0548,456774636701154.562500
0.0851900000000001,0.0236,0.042800000000000005,456774636701154.562500
0.08520000000000005,0.0236,0.056400000000000006,456774636701154.562500
0.08521000000000001,0.0236,0.0476,456774636701154.562500
0.08522000000000007,0.0236,0.055600000000000004,456774636701154.562500
0.08523000000000003,0.0228,0.0492,456774636701154.562500
0.0852400000000001,0.0228,0.054,456774636701154.562500
0.08525000000000005,0.0212,0.056400000000000006,456774636701154.562500
0.08526,0.0212,0.056400000000000006,456774636701154.562500
0.08527000000000007,0.0212,0.056400000000000006,456774636701154.562500
0.08528000000000002,0.022000000000000002,0.0548,456774636701154.562500
0.08529000000000009,0.0228,0.0572,456774636701154.562500
0.08530000000000004,0.0212,0.056400000000000006,456774636701154.562500
0.08531,0.0212,0.055600000000000004,456774636701154.562500
0.08532000000000006,0.0236,0.0476,456774636701154.562500
0.08533000000000002,0.0228,0.0572,456774636701154.562500
0.08534000000000008,0.022000000000000002,0.055600000000000004,456774636701154.562500
0.08535000000000004,0.022000000000000002,0.056400000000000006,456774636701154.562500
0.0853600000000001,0.0212,0.055600000000000004,456774636701154.562500
0.08537000000000006,0.0204,0.0476,456774636701154.562500
0.08538000000000001,0.022000000000000002,0.055600000000000004,456774636701154.562500
0.08539000000000008,0.0212,0.055600000000000004,456774636701154.562500
0.08540000000000003,0.0236,0.0572,456774636701154.562500
0.0854100000000001,0.0204,0.05,456774636701154.562500
0.08542000000000005,0.0236,0.0548,456774636701154.562500
0.08543,0.0196,0.050800000000000005,456774636701154.562500
0.08544000000000007,0.022000000000000002,0.0516,456774636701154.562500
0.08545000000000003,0.022000000000000002,0.0476,456774636701154.562500
0.08546000000000009,0.0228,0.056400000000000006,456774636701154.562500
0.08547000000000005,0.018000000000000002,0.055600000000000004,456774636701154.562500
0.08548,0.0236,0.053200000000000004,456774636701154.562500
0.08549000000000007,0.0188,0.055600000000000004,456774636701154.562500
0.08550000000000002,0.0236,0.05,456774636701154.562500
0.08551000000000009,0.0228,0.054,456774636701154.562500
0.08552000000000004,0.0244,0.056400000000000006,456774636701154.562500
0.08553,0.0236,0.0548,456774636701154.562500
0.08554000000000006,0.0236,0.0516,456774636701154.562500
0.08555000000000001,0.0228,0.050800000000000005,456774636701154.562500
0.08556000000000008,0.0236,0.054,456774636701154.562500
0.08557000000000003,0.022000000000000002,0.055600000000000004,456774636701154.562500
0.0855800000000001,0.0228,0.054,456774636701154.562500
0.08559000000000005,0.0204,0.0492,456774636701154.562500
0.08560000000000001,0.022000000000000002,0.0516,456774636701154.562500
0.08561000000000007,0.0204,0.0516,456774636701154.562500
0.08562000000000003,0.022000000000000002,0.055600000000000004,456774636701154.562500
0.0856300000000001,0.0244,0.050800000000000005,456774636701154.562500
0.08564000000000005,0.0196,0.0572,456774636701154.562500
0.08565,0.0228,0.0572,456774636701154.562500
0.08566000000000007,0.015600000000000001,0.053200000000000004,456774636701154.562500
0.08567000000000002,0.022000000000000002,0.055600000000000004,456774636701154.562500
0.08568000000000009,0.0172,0.054,456774636701154.562500
0.08569000000000004,0.0204,0.055600000000000004,456774636701154.562500
0.0857,0.0196,0.0524,456774636701154.562500
0.08571000000000006,0.0236,0.054,456774636701154.562500
0.08572000000000002,0.0188,0.056400000000000006,456774636701154.562500
0.08573000000000008,0.022000000000000002,0.055600000000000004,456774636701154.562500
0.08574000000000004,0.0236,0.056400000000000006,456774636701154.562500
0.08574999999999999,0.0204,0.055600000000000004,456774636701154.562500
0.08576000000000006,0.0236,0.055600000000000004,456774636701154.562500
0.08577000000000001,0.0212,0.0548,456774636701154.562500
0.08578000000000008,0.0228,0.054,456774636701154.562500
0.08579000000000003,0.022000000000000002,0.0548,456774636701154.562500
0.0858000000000001,0.0212,0.050800000000000005,456774636701154.562500
0.08581000000000005,0.0244,0.0572,456774636701154.562500
0.08582000000000001,0.0236,0.0476,456774636701154.562500
0.08583000000000007,0.0212,0.0548,456774636701154.562500
0.08584000000000003,0.022000000000000002,0.05,456774636701154.562500
0.08585000000000009,0.0212,0.0516,456774636701154.562500
0.08586000000000005,0.0236,0.0548,456774636701154.562500
0.08587,0.0196,0.053200000000000004,456774636701154.562500
0.08588000000000007,0.0236,0.056400000000000006,456774636701154.562500
0.08589000000000002,0.022000000000000002,0.050800000000000005,456774636701154.562500
0.08590000000000009,0.022000000000000002,0.056400000000000006,456774636701154.562500
0.08591000000000004,0.0228,0.0524,456774636701154.562500
0.08592,0.0204,0.056400000000000006,456774636701154.562500
0.08593000000000006,0.022000000000000002,0.0524,456774636701154.562500
0.08594000000000002,0.0212,0.0524,456774636701154.562500
0.08595000000000008,0.022000000000000002,0.0516,456774636701154.562500
0.08596000000000004,0.022000000000000002,0.055600000000000004,456774636701154.562500
0.0859700000000001,0.022000000000000002,0.0548,456774636701154.562500
0.08598000000000006,0.0212,0.0476,456774636701154.562500
0.08599000000000001,0.0212,0.0572,456774636701154.562500
0.08600000000000008,0.0212,0.042,456774636701154.562500
0.08601000000000003,0.0212,0.0516,456774636701154.562500
0.0860200000000001,0.0228,0.0476,456774636701154.562500
0.08603000000000005,0.0236,0.053200000000000004,456774636701154.562500
0.08604,0.022000000000000002,0.040400000000000005,456774636701154.562500
0.08605000000000007,0.022000000000000002,0.0572,456774636701154.562500
0.08606000000000003,0.0228,0.0524,456774636701154.562500
0.08607000000000009,0.0236,0.0548,456774636701154.562500
0.08608000000000005,0.022000000000000002,0.0548,456774636701154.562500
0.08609,0.0204,0.056400000000000006,456774636701154.562500
0.08610000000000007,0.014,0.0524,456774636701154.562500
0.08611000000000002,0.0188,0.054,456774636701154.562500
0.08612000000000009,0.0228,0.0548,456774636701154.562500
0.08613000000000004,0.0244,0.054,456774636701154.562500
0.08614,0.0236,0.058,456774636701154.562500
0.08615000000000006,0.022000000000000002,0.0476,456774636701154.562500
0.08616000000000001,0.0236,0.0524,456774636701154.562500
0.08617000000000008,0.022000000000000002,0.0476,456774636701154.562500
0.08618000000000003,0.0236,0.0548,456774636701154.562500
0.0861900000000001,0.022000000000000002,0.046,456774636701154.562500
0.08620000000000005,0.0212,0.056400000000000006,456774636701154.562500
0.08621000000000001,0.022000000000000002,0.0516,456774636701154.562500
0.08622000000000007,0.0204,0.056400000000000006,456774636701154.562500
0.08623000000000003,0.0228,0.055600000000000004,456774636701154.562500
0.0862400000000001,0.022000000000000002,0.055600000000000004,456774636701154.562500
0.08625000000000005,0.0204,0.055600000000000004,456774636701154.562500
0.08626,0.0212,0.0468,456774636701154.562500
0.08627000000000007,0.0204,0.0548,456774636701154.562500
0.08628000000000002,0.0188,0.042800000000000005,456774636701154.562500
0.08629000000000009,0.0212,0.056400000000000006,456774636701154.562500
0.08630000000000004,0.018000000000000002,0.0516,456774636701154.562500
0.08631,0.0204,0.056400000000000006,456774636701154.562500
0.08632000000000006,0.014,0.054,456774636701154.562500
0.08633000000000002,0.0236,0.0548,456774636701154.562500
0.08634000000000008,0.0228,0.0548,456774636701154.562500
0.08635000000000004,0.0228,0.0548,456774636701154.562500
0.0863600000000001,0.022000000000000002,0.054,456774636701154.562500
0.08637000000000006,0.0236,0.0516,456774636701154.562500
0.08638000000000001,0.0244,0.055600000000000004,456774636701154.562500
0.08639000000000008,0.0244,0.050800000000000005,456774636701154.562500
0.08640000000000003,0.0244,0.0548,456774636701154.562500
0.0864100000000001,0.0188,0.0492,456774636701154.562500
0.08642000000000005,0.0244,0.056400000000000006,456774636701154.562500
0.08643,0.022000000000000002,0.048400000000000006,456774636701154.562500
0.08644000000000007,0.0244,0.053200000000000004,456774636701154.562500
0.08645000000000003,0.022000000000000002,0.0476,456774636701154.562500
0.08646000000000009,0.0236,0.0524,456774636701154.562500
0.08647000000000005,0.022000000000000002,0.054,456774636701154.562500
0.08648,0.0228,0.056400000000000006,456774636701154.562500
0.08649000000000007,0.022000000000000002,0.055600000000000004,456774636701154.562500
0.08650000000000002,0.0212,0.056400000000000006,456774636701154.562500
0.08651000000000009,0.0236,0.056400000000000006,456774636701154.562500
0.08652000000000004,0.0196,0.056400000000000006,456774636701154.562500
0.08653,0.022000000000000002,0.0572,456774636701154.562500
0.08654000000000006,0.0204,0.055600000000000004,456774636701154.562500
0.08655000000000002,0.0212,0.055600000000000004,456774636701154.562500
0.08656000000000008,0.0212,0.058,456774636701154.562500
0.08657000000000004,0.022000000000000002,0.0548,456774636701154.562500
0.0865800000000001,0.022000000000000002,0.054,456774636701154.562500
0.08659000000000006,0.022000000000000002,0.055600000000000004,456774636701154.562500
0.08660000000000001,0.0212,0.0492,456774636701154.562500
0.08661000000000008,0.0212,0.055600000000000004,456774636701154.562500
0.08662000000000003,0.0236,0.054,456774636701154.562500
0.0866300000000001,0.022000000000000002,0.055600000000000004,456774636701154.562500
0.08664000000000005,0.022000000000000002,0.0548,456774636701154.562500
0.08665,0.0228,0.0548,456774636701154.562500
0.08666000000000007,0.022000000000000002,0.050800000000000005,456774636701154.562500
0.08667000000000002,0.0228,0.0548,456774636701154.562500
0.08668000000000009,0.022000000000000002,0.0468,456774636701154.562500
0.08669000000000004,0.0228,0.0548,456774636701154.562500
0.0867,0.022000000000000002,0.0524,456774636701154.562500
0.08671000000000006,0.022000000000000002,0.055600000000000004,456774636701154.562500
0.08672000000000002,0.0228,0.056400000000000006,456774636701154.562500
0.08673000000000008,0.022000000000000002,0.055600000000000004,456774636701154.562500
0.08674000000000004,0.0252,0.054,456774636701154.562500
0.08675,0.0236,0.0548,456774636701154.562500
0.08676000000000006,0.0188,0.0548,456774636701154.562500
0.08677000000000001,0.0236,0.054,456774636701154.562500
0.08678000000000008,0.0196,0.056400000000000006,456774636701154.562500
0.08679000000000003,0.022000000000000002,0.0572,456774636701154.562500
0.0868000000000001,0.0204,0.055600000000000004,456774636701154.562500
0.08681000000000005,0.0244,0.048400000000000006,456774636701154.562500
0.08682000000000001,0.0196,0.055600000000000004,456774636701154.562500
0.08683000000000007,0.0212,0.0412,456774636701154.562500
0.08684000000000003,0.0228,0.055600000000000004,456774636701154.562500
0.0868500000000001,0.022000000000000002,0.050800000000000005,456774636701154.562500
0.08686000000000005,0.0236,0.0516,456774636701154.562500
0.08687,0.0212,0.053200000000000004,456774636701154.562500
0.08688000000000007,0.0236,0.05,456774636701154.562500
0.08689000000000002,0.022000000000000002,0.055600000000000004,456774636701154.562500
0.08690000000000009,0.0204,0.054,456774636701154.562500
0.08691000000000004,0.0228,0.0572,456774636701154.562500
0.08692,0.0204,0.0572,456774636701154.562500
0.08693000000000006,0.0204,0.042800000000000005,456774636701154.562500
0.08694000000000002,0.0228,0.0468,456774636701154.562500
0.08695000000000008,0.0244,0.05,456774636701154.562500
0.08696000000000004,0.0212,0.0476,456774636701154.562500
0.0869700000000001,0.022000000000000002,0.055600000000000004,456774636701154.562500
0.08698000000000006,0.0228,0.050800000000000005,456774636701154.562500
0.08699000000000001,0.022000000000000002,0.054,456774636701154.562500
0.08700000000000008,0.0236,0.0524,456774636701154.562500
0.08701000000000003,0.0228,0.055600000000000004,456774636701154.562500
0.0870200000000001,0.0228,0.0572,456774636701154.562500
0.08703000000000005,0.0212,0.055600000000000004,456774636701154.562500
0.08704,0.0252,0.054,456774636701154.562500
0.08705000000000007,0.0236,0.056400000000000006,456774636701154.562500
0.08706000000000003,0.0228,0.0548,456774636701154.562500
0.08707000000000009,0.0236,0.0572,456774636701154.562500
0.08708000000000005,0.022000000000000002,0.05,456774636701154.562500
0.08709,0.0252,0.055600000000000004,456774636701154.562500
0.08710000000000007,0.0236,0.048400000000000006,456774636701154.562500
0.08711000000000002,0.022000000000000002,0.055600000000000004,456774636701154.562500
0.08712000000000009,0.0204,0.0524,456774636701154.562500
0.08713000000000004,0.0204,0.056400000000000006,456774636701154.562500
0.08714,0.0196,0.0492,456774636701154.562500
0.08715000000000006,0.022000000000000002,0.056400000000000006,456774636701154.562500
0.08716000000000002,0.0228,0.0476,456774636701154.562500
0.08717000000000008,0.0236,0.0548,456774636701154.562500
0.08718000000000004,0.0228,0.0548,456774636701154.562500
0.0871900000000001,0.022000000000000002,0.054,456774636701154.562500
0.08720000000000006,0.0228,0.0444,456774636701154.562500
0.08721000000000001,0.0196,0.055600000000000004,456774636701154.562500
0.08722000000000008,0.0212,0.053200000000000004,456774636701154.562500
0.08723000000000003,0.0228,0.056400000000000006,456774636701154.562500
0.0872400000000001,0.0228,0.0476,456774636701154.562500
0.08725000000000005,0.0236,0.056400000000000006,456774636701154.562500
0.08726,0.0212,0.056400000000000006,456774636701154.562500
0.08727000000000007,0.022000000000000002,0.056400000000000006,456774636701154.562500
0.08728000000000002,0.022000000000000002,0.053200000000000004,456774636701154.562500
0.08729000000000009,0.022000000000000002,0.053200000000000004,456774636701154.562500
0.08730000000000004,0.0228,0.058,456774636701154.562500
0.08731,0.0236,0.0572,456774636701154.562500
0.08732000000000006,0.0244,0.053200000000000004,456774636701154.562500
0.08733000000000002,0.0244,0.056400000000000006,456774636701154.562500
0.08734000000000008,0.0244,0.054,456774636701154.562500
0.08735000000000004,0.0244,0.054,456774636701154.562500
0.08736,0.0228,0.056400000000000006,456774636701154.562500
0.08737000000000006,0.0236,0.056400000000000006,456774636701154.562500
0.08738000000000001,0.0228,0.055600000000000004,456774636701154.562500
0.08739000000000008,0.0212,0.055600000000000004,456774636701154.562500
0.08740000000000003,0.0228,0.050800000000000005,456774636701154.562500
0.0874100000000001,0.0236,0.054,456774636701154.562500
0.08742000000000005,0.0212,0.048400000000000006,456774636701154.562500
0.08743000000000001,0.0204,0.0524,456774636701154.562500
0.08744000000000007,0.022000000000000002,0.0356,456774636701154.562500
0.08745000000000003,0.022000000000000002,0.0548,456774636701154.562500
0.0874600000000001,0.0228,0.0548,456774636701154.562500
0.08747000000000005,0.0228,0.056400000000000006,456774636701154.562500
0.08748,0.0212,0.05,456774636701154.562500
0.08749000000000007,0.022000000000000002,0.056400000000000006,456774636701154.562500
0.08750000000000002,0.022000000000000002,0.053200000000000004,456774636701154.562500
0.08751000000000009,0.022000000000000002,0.054,456774636701154.562500
0.08752000000000004,0.0204,0.056400000000000006,456774636701154.562500
0.08753,0.0236,0.056400000000000006,456774636701154.562500
0.08754000000000006,0.0212,0.0548,456774636701154.562500
0.08755000000000002,0.022000000000000002,0.055600000000000004,456774636701154.562500
0.08756000000000008,0.0236,0.0524,456774636701154.562500
0.08757000000000004,0.0236,0.0548,456774636701154.562500
0.0875800000000001,0.0236,0.054,456774636701154.562500
0.08759000000000006,0.022000000000000002,0.055600000000000004,456774636701154.562500
0.08760000000000001,0.0204,0.055600000000000004,456774636701154.562500
0.08761000000000008,0.0244,0.055600000000000004,456774636701154.562500
0.08762000000000003,0.0204,0.0548,456774636701154.562500
0.0876300000000001,0.0236,0.0548,456774636701154.562500
0.08764000000000005,0.0204,0.054,456774636701154.562500
0.08765,0.0212,0.055600000000000004,456774636701154.562500
0.08766000000000007,0.0244,0.056400000000000006,456774636701154.562500
0.08767000000000003,0.0252,0.055600000000000004,456774636701154.562500
0.08768000000000009,0.0244,0.054,456774636701154.562500
0.08769000000000005,0.0236,0.054,456774636701154.562500
0.0877,0.0236,0.0548,456774636701154.562500
0.08771000000000007,0.0204,0.056400000000000006,456774636701154.562500
0.08772000000000002,0.0236,0.055600000000000004,456774636701154.562500
0.08773000000000009,0.0212,0.058,456774636701154.562500
0.08774000000000004,0.0244,0.0548,456774636701154.562500
0.08775,0.0228,0.056400000000000006,456774636701154.562500
0.08776000000000006,0.022000000000000002,0.0548,456774636701154.562500
0.08777000000000001,0.022000000000000002,0.054,456774636701154.562500
0.08778000000000008,0.022000000000000002,0.0572,456774636701154.562500
0.08779000000000003,0.0228,0.0548,456774636701154.562500
0.0878000000000001,0.022000000000000002,0.0548,456774636701154.562500
0.08781000000000005,0.018000000000000002,0.0516,456774636701154.562500
0.08782000000000001,0.0228,0.055600000000000004,456774636701154.562500
0.08783000000000007,0.0164,0.0548,456774636701154.562500
0.08784000000000003,0.0212,0.055600000000000004,456774636701154.562500
0.0878500000000001,0.0204,0.055600000000000004,456774636701154.562500
0.08786000000000005,0.0204,0.054,456774636701154.562500
0.08787,0.0188,0.0548,456774636701154.562500
0.08788000000000007,0.0204,0.0516,456774636701154.562500
0.08789000000000002,0.0164,0.055600000000000004,456774636701154.562500
0.08790000000000009,0.022000000000000002,0.0516,456774636701154.562500
0.08791000000000004,0.022000000000000002,0.058,456774636701154.562500
0.08792,0.0252,0.0516,456774636701154.562500
0.08793000000000006,0.0228,0.055600000000000004,456774636701154.562500
0.08794000000000002,0.0228,0.0492,456774636701154.562500
0.08795000000000008,0.0244,0.056400000000000006,456774636701154.562500
0.08796000000000004,0.022000000000000002,0.046,456774636701154.562500
0.08796999999999999,0.0252,0.0524,456774636701154.562500
0.08798000000000006,0.0244,0.055600000000000004,456774636701154.562500
0.08799000000000001,0.0236,0.054,456774636701154.562500
0.08800000000000008,0.0228,0.0516,456774636701154.562500
0.08801000000000003,0.0236,0.0572,456774636701154.562500
0.0880200000000001,0.022000000000000002,0.05,456774636701154.562500
0.08803000000000005,0.0228,0.050800000000000005,456774636701154.562500
0.08804000000000001,0.022000000000000002,0.0492,456774636701154.562500
0.08805000000000007,0.022000000000000002,0.0524,456774636701154.562500
0.08806000000000003,0.0228,0.0468,456774636701154.562500
0.08807000000000009,0.0228,0.0516,456774636701154.562500
0.08808000000000005,0.0228,0.05,456774636701154.562500
0.08809,0.022000000000000002,0.056400000000000006,456774636701154.562500
0.08810000000000007,0.018000000000000002,0.0548,456774636701154.562500
0.08811000000000002,0.022000000000000002,0.054,456774636701154.562500
0.08812000000000009,0.0228,0.055600000000000004,456774636701154.562500
0.08813000000000004,0.022000000000000002,0.055600000000000004,456774636701154.562500
0.08814,0.022000000000000002,0.055600000000000004,456774636701154.562500
0.08815000000000006,0.0212,0.054,456774636701154.562500
0.08816000000000002,0.0204,0.056400000000000006,456774636701154.562500
0.08817000000000008,0.0204,0.050800000000000005,456774636701154.562500
0.08818000000000004,0.022000000000000002,0.0572,456774636701154.562500
0.0881900000000001,0.0204,0.054,456774636701154.562500
0.08820000000000006,0.022000000000000002,0.0548,456774636701154.562500
0.08821000000000001,0.022000000000000002,0.0524,456774636701154.562500
0.08822000000000008,0.018000000000000002,0.0524,456774636701154.562500
0.08823000000000003,0.026000000000000002,0.054,456774636701154.562500
0.0882400000000001,0.0204,0.053200000000000004,456774636701154.562500
0.08825000000000005,0.0204,0.054,456774636701154.562500
0.08826,0.015600000000000001,0.0476,456774636701154.562500
0.08827000000000007,0.018000000000000002,0.055600000000000004,456774636701154.562500
0.08828000000000003,0.018000000000000002,0.0548,456774636701154.562500
0.08829000000000009,0.0188,0.055600000000000004,456774636701154.562500
0.08830000000000005,0.0204,0.055600000000000004,456774636701154.562500
0.08831,0.0236,0.053200000000000004,456774636701154.562500
0.08832000000000007,0.022000000000000002,0.050800000000000005,456774636701154.562500
0.08833000000000002,0.0236,0.055600000000000004,456774636701154.562500
0.08834000000000009,0.0244,0.0524,456774636701154.562500
0.08835000000000004,0.0236,0.056400000000000006,456774636701154.562500
0.08836,0.022000000000000002,0.054,456774636701154.562500
0.08837000000000006,0.0228,0.054,456774636701154.562500
0.08838000000000001,0.0204,0.054,456774636701154.562500
0.08839000000000008,0.022000000000000002,0.055600000000000004,456774636701154.562500
0.08840000000000003,0.022000000000000002,0.0492,456774636701154.562500
0.0884100000000001,0.0212,0.054,456774636701154.562500
0.08842000000000005,0.0212,0.055600000000000004,456774636701154.562500
0.08843000000000001,0.0228,0.0572,456774636701154.562500
0.08844000000000007,0.0228,0.05,456774636701154.562500
0.08845000000000003,0.0228,0.0548,456774636701154.562500
0.0884600000000001,0.0196,0.0524,456774636701154.562500
0.08847000000000005,0.022000000000000002,0.0548,456774636701154.562500
0.08848,0.0212,0.0516,456774636701154.562500
0.08849000000000007,0.0228,0.053200000000000004,456774636701154.562500
0.08850000000000002,0.0212,0.055600000000000004,456774636701154.562500
0.08851000000000009,0.0236,0.0572,456774636701154.562500
0.08852000000000004,0.0236,0.0548,456774636701154.562500
0.08853,0.0228,0.056400000000000006,456774636701154.562500
0.08854000000000006,0.026000000000000002,0.0548,456774636701154.562500
0.08855000000000002,0.022000000000000002,0.055600000000000004,456774636701154.562500
0.08856000000000008,0.0244,0.0572,456774636701154.562500
0.08857000000000004,0.0244,0.054,456774636701154.562500
0.0885800000000001,0.0244,0.055600000000000004,456774636701154.562500
0.08859000000000006,0.0228,0.056400000000000006,456774636701154.562500
0.08860000000000001,0.0236,0.054,456774636701154.562500
0.08861000000000008,0.0236,0.056400000000000006,456774636701154.562500
0.08862000000000003,0.0244,0.048400000000000006,456774636701154.562500
0.0886300000000001,0.0212,0.0476,456774636701154.562500
0.08864000000000005,0.018000000000000002,0.0548,456774636701154.562500
0.08865,0.0196,0.054,456774636701154.562500
0.08866000000000007,0.0188,0.0492,456774636701154.562500
0.08867000000000003,0.0236,0.054,456774636701154.562500
0.08868000000000009,0.022000000000000002,0.053200000000000004,456774636701154.562500
0.08869000000000005,0.0228,0.053200000000000004,456774636701154.562500
0.0887,0.0212,0.053200000000000004,456774636701154.562500
0.08871000000000007,0.022000000000000002,0.056400000000000006,456774636701154.562500
0.08872000000000002,0.022000000000000002,0.0524,456774636701154.562500
0.08873000000000009,0.0228,0.053200000000000004,456774636701154.562500
0.08874000000000004,0.0188,0.0548,456774636701154.562500
0.08875,0.0204,0.055600000000000004,456774636701154.562500
0.08876000000000006,0.0164,0.0548,456774636701154.562500
0.08877000000000002,0.0204,0.050800000000000005,456774636701154.562500
0.08878000000000008,0.0196,0.0524,456774636701154.562500
0.08879000000000004,0.0236,0.050800000000000005,456774636701154.562500
0.0888000000000001,0.022000000000000002,0.053200000000000004,456774636701154.562500
0.08881000000000006,0.0228,0.046,456774636701154.562500
0.08882000000000001,0.0252,0.0548,456774636701154.562500
0.08883000000000008,0.022000000000000002,0.045200000000000004,456774636701154.562500
0.08884000000000003,0.0236,0.0524,456774636701154.562500
0.0888500000000001,0.0244,0.0492,456774636701154.562500
0.08886000000000005,0.0244,0.0548,456774636701154.562500
0.08887,0.0252,0.050800000000000005,456774636701154.562500
0.08888000000000007,0.0228,0.055600000000000004,456774636701154.562500
0.08889000000000002,0.026000000000000002,0.0548,456774636701154.562500
0.08890000000000009,0.0236,0.055600000000000004,456774636701154.562500
0.08891000000000004,0.0212,0.054,456774636701154.562500
0.08892,0.0212,0.054,456774636701154.562500
0.08893000000000006,0.0236,0.0492,456774636701154.562500
0.08894000000000002,0.0204,0.0572,456774636701154.562500
0.08895000000000008,0.022000000000000002,0.055600000000000004,456774636701154.562500
0.08896000000000004,0.0236,0.050800000000000005,456774636701154.562500
0.08897,0.022000000000000002,0.050800000000000005,456774636701154.562500
0.08898000000000006,0.0228,0.046,456774636701154.562500
0.08899000000000001,0.022000000000000002,0.058,456774636701154.562500
0.08900000000000008,0.0196,0.0548,456774636701154.562500
0.08901000000000003,0.022000000000000002,0.055600000000000004,456774636701154.562500
0.0890200000000001,0.0212,0.054,456774636701154.562500
0.08903000000000005,0.0228,0.055600000000000004,456774636701154.562500
0.08904000000000001,0.022000000000000002,0.05,456774636701154.562500
0.08905000000000007,0.022000000000000002,0.054,456774636701154.562500
0.08906000000000003,0.0212,0.050800000000000005,456774636701154.562500
0.0890700000000001,0.022000000000000002,0.056400000000000006,456774636701154.562500
0.08908000000000005,0.0204,0.055600000000000004,456774636701154.562500
0.08909,0.0228,0.0572,456774636701154.562500
0.08910000000000007,0.0228,0.0548,456774636701154.562500
0.08911000000000002,0.022000000000000002,0.0548,456774636701154.562500
0.08912000000000009,0.0204,0.055600000000000004,456774636701154.562500
0.08913000000000004,0.0244,0.053200000000000004,456774636701154.562500
0.08914,0.0236,0.050800000000000005,456774636701154.562500
0.08915000000000006,0.0228,0.054,456774636701154.562500
0.08916000000000002,0.0236,0.0436,456774636701154.562500
0.08917000000000008,0.0244,0.0476,456774636701154.562500
0.08918000000000004,0.0252,0.048400000000000006,456774636701154.562500
0.0891900000000001,0.0244,0.0548,456774636701154.562500
0.08920000000000006,0.0228,0.0548,456774636701154.562500
0.08921000000000001,0.0212,0.05,456774636701154.562500
0.08922000000000008,0.0188,0.0524,456774636701154.562500
0.08923000000000003,0.022000000000000002,0.054,456774636701154.562500
0.0892400000000001,0.0196,0.0548,456774636701154.562500
0.08925000000000005,0.022000000000000002,0.05,456774636701154.562500
0.08926,0.0196,0.0548,456774636701154.562500
0.08927000000000007,0.022000000000000002,0.0524,456774636701154.562500
0.08928000000000003,0.0188,0.0524,456774636701154.562500
0.08929000000000009,0.0212,0.050800000000000005,456774636701154.562500
0.08930000000000005,0.0204,0.054,456774636701154.562500
0.08931,0.022000000000000002,0.054,456774636701154.562500
0.08932000000000007,0.0204,0.054,456774636701154.562500
0.08933000000000002,0.0204,0.055600000000000004,456774636701154.562500
0.08934000000000009,0.0204,0.0492,456774636701154.562500
0.08935000000000004,0.022000000000000002,0.048400000000000006,456774636701154.562500
0.08936,0.0236,0.0492,456774636701154.562500
0.08937000000000006,0.0228,0.0548,456774636701154.562500
0.08938000000000001,0.0228,0.0436,456774636701154.562500
0.08939000000000008,0.022000000000000002,0.0492,456774636701154.562500
0.08940000000000003,0.022000000000000002,0.0436,456774636701154.562500
0.0894100000000001,0.022000000000000002,0.0524,456774636701154.562500
0.08942000000000005,0.0228,0.050800000000000005,456774636701154.562500
0.08943000000000001,0.0236,0.055600000000000004,456774636701154.562500
0.08944000000000007,0.0236,0.0524,456774636701154.562500
0.08945000000000003,0.022000000000000002,0.0548,456774636701154.562500
0.0894600000000001,0.022000000000000002,0.0516,456774636701154.562500
0.08947000000000005,0.0212,0.0516,456774636701154.562500
0.08948,0.0228,0.045200000000000004,456774636701154.562500
0.08949000000000007,0.0244,0.0524,456774636701154.562500
0.08950000000000002,0.022000000000000002,0.046,456774636701154.562500
0.08951000000000009,0.0204,0.0548,456774636701154.562500
0.08952000000000004,0.0212,0.054,456774636701154.562500
0.08953,0.0188,0.0548,456774636701154.562500
0.08954000000000006,0.0228,0.0476,456774636701154.562500
0.08955000000000002,0.0236,0.055600000000000004,456774636701154.562500
0.08956000000000008,0.0204,0.0524,456774636701154.562500
0.08957000000000004,0.022000000000000002,0.054,456774636701154.562500
0.08957999999999999,0.0196,0.056400000000000006,456774636701154.562500
0.08959000000000006,0.0188,0.055600000000000004,456774636701154.562500
0.08960000000000001,0.0204,0.0548,456774636701154.562500
0.08961000000000008,0.0188,0.054,456774636701154.562500
0.08962000000000003,0.0172,0.055600000000000004,456774636701154.562500
0.0896300000000001,0.0204,0.0548,456774636701154.562500
0.08964000000000005,0.0204,0.056400000000000006,456774636701154.562500
0.08965000000000001,0.0236,0.055600000000000004,456774636701154.562500
0.08966000000000007,0.0212,0.055600000000000004,456774636701154.562500
0.08967000000000003,0.0212,0.056400000000000006,456774636701154.562500
0.08968000000000009,0.0188,0.0492,456774636701154.562500
0.08969000000000005,0.0228,0.056400000000000006,456774636701154.562500
0.0897,0.0236,0.054,456774636701154.562500
0.08971000000000007,0.0228,0.056400000000000006,456774636701154.562500
0.08972000000000002,0.0244,0.050800000000000005,456774636701154.562500
0.08973000000000009,0.022000000000000002,0.0524,456774636701154.562500
0.08974000000000004,0.022000000000000002,0.058,456774636701154.562500
0.08975,0.0236,0.053200000000000004,456774636701154.562500
0.08976000000000006,0.022000000000000002,0.050800000000000005,456774636701154.562500
0.08977000000000002,0.0236,0.048400000000000006,456774636701154.562500
0.08978000000000008,0.0244,0.054,456774636701154.562500
0.08979000000000004,0.022000000000000002,0.053200000000000004,456774636701154.562500
0.0898000000000001,0.0196,0.054,456774636701154.562500
0.08981000000000006,0.0244,0.0468,456774636701154.562500
0.08982000000000001,0.0236,0.05,456774636701154.562500
0.08983000000000008,0.0204,0.0492,456774636701154.562500
0.08984000000000003,0.0252,0.054,456774636701154.562500
0.0898500000000001,0.0228,0.053200000000000004,456774636701154.562500
0.08986000000000005,0.0228,0.058,456774636701154.562500
0.08987,0.0204,0.056400000000000006,456774636701154.562500
0.08988000000000007,0.022000000000000002,0.056400000000000006,456774636701154.562500
0.08989000000000003,0.0236,0.055600000000000004,456774636701154.562500
0.08990000000000009,0.022000000000000002,0.054,456774636701154.562500
0.08991000000000005,0.022000000000000002,0.0548,456774636701154.562500
0.08992,0.0212,0.0492,456774636701154.562500
0.08993000000000007,0.0212,0.054,456774636701154.562500
0.08994000000000002,0.0228,0.0444,456774636701154.562500
0.08995000000000009,0.022000000000000002,0.0548,456774636701154.562500
0.08996000000000004,0.0228,0.056400000000000006,456774636701154.562500
0.08997,0.0244,0.055600000000000004,456774636701154.562500
0.08998000000000006,0.022000000000000002,0.058,456774636701154.562500
0.08999000000000001,0.0236,0.054,456774636701154.562500
0.09000000000000008,0.0236,0.056400000000000006,456774636701154.562500
0.09001000000000003,0.022000000000000002,0.0516,456774636701154.562500
0.0900200000000001,0.022000000000000002,0.0548,456774636701154.562500
0.09003000000000005,0.022000000000000002,0.0516,456774636701154.562500
0.09004000000000001,0.0252,0.055600000000000004,456774636701154.562500
0.09005000000000007,0.0236,0.056400000000000006,456774636701154.562500
0.09006000000000003,0.0228,0.058,456774636701154.562500
0.0900700000000001,0.0244,0.056400000000000006,456774636701154.562500
0.09008000000000005,0.0244,0.0572,456774636701154.562500
0.09009,0.0244,0.054,456774636701154.562500
0.09010000000000007,0.0244,0.0572,456774636701154.562500
0.09011000000000002,0.0236,0.055600000000000004,456774636701154.562500
0.09012000000000009,0.0252,0.053200000000000004,456774636701154.562500
0.09013000000000004,0.0228,0.0572,456774636701154.562500
0.09014,0.0244,0.0548,456774636701154.562500
0.09015000000000006,0.0228,0.056400000000000006,456774636701154.562500
0.09016000000000002,0.0228,0.056400000000000006,456774636701154.562500
0.09017000000000008,0.0212,0.0572,456774636701154.562500
0.09018000000000004,0.022000000000000002,0.0524,456774636701154.562500
0.0901900000000001,0.022000000000000002,0.0548,456774636701154.562500
0.09020000000000006,0.0188,0.0548,456774636701154.562500
0.09021000000000001,0.0172,0.058,456774636701154.562500
0.09022000000000008,0.0196,0.056400000000000006,456774636701154.562500
0.09023000000000003,0.0228,0.056400000000000006,456774636701154.562500
0.0902400000000001,0.0212,0.0572,456774636701154.562500
0.09025000000000005,0.0212,0.056400000000000006,456774636701154.562500
0.09026,0.0236,0.042,456774636701154.562500
0.09027000000000007,0.0228,0.0476,456774636701154.562500
0.09028000000000003,0.0212,0.0396,456774636701154.562500
0.09029000000000009,0.0212,0.0516,456774636701154.562500
0.09030000000000005,0.022000000000000002,0.0524,456774636701154.562500
0.09031,0.0236,0.058,456774636701154.562500
0.09032000000000007,0.0204,0.0572,456774636701154.562500
0.09033000000000002,0.0244,0.055600000000000004,456774636701154.562500
0.09034000000000009,0.0236,0.056400000000000006,456774636701154.562500
0.09035000000000004,0.0244,0.056400000000000006,456774636701154.562500
0.09036,0.022000000000000002,0.0548,456774636701154.562500
0.09037000000000006,0.0236,0.0548,456774636701154.562500
0.09038000000000002,0.0244,0.055600000000000004,456774636701154.562500
0.09039000000000008,0.026000000000000002,0.0548,456774636701154.562500
0.09040000000000004,0.0236,0.055600000000000004,456774636701154.562500
0.0904100000000001,0.0244,0.056400000000000006,456774636701154.562500
0.09042000000000006,0.0236,0.0572,456774636701154.562500
0.09043000000000001,0.0244,0.0572,456774636701154.562500
0.09044000000000008,0.0228,0.056400000000000006,456774636701154.562500
0.09045000000000003,0.0228,0.054,456774636701154.562500
0.0904600000000001,0.0228,0.056400000000000006,456774636701154.562500
0.09047000000000005,0.0228,0.0548,456774636701154.562500
0.09048,0.0236,0.056400000000000006,456774636701154.562500
0.09049000000000007,0.0212,0.040400000000000005,456774636701154.562500
0.09050000000000002,0.022000000000000002,0.0572,456774636701154.562500
0.09051000000000009,0.022000000000000002,0.055600000000000004,456774636701154.562500
0.09052000000000004,0.0212,0.0548,456774636701154.562500
0.09053,0.0236,0.056400000000000006,456774636701154.562500
0.09054000000000006,0.022000000000000002,0.0548,456774636701154.562500
0.09055000000000002,0.0212,0.056400000000000006,456774636701154.562500
0.09056000000000008,0.0212,0.054,456774636701154.562500
0.09057000000000004,0.0188,0.0548,456774636701154.562500
0.09058,0.0212,0.056400000000000006,456774636701154.562500
0.09059000000000006,0.0228,0.0548,456774636701154.562500
0.09060000000000001,0.022000000000000002,0.0492,456774636701154.562500
0.09061000000000008,0.022000000000000002,0.055600000000000004,456774636701154.562500
0.09062000000000003,0.0228,0.056400000000000006,456774636701154.562500
0.0906300000000001,0.0228,0.0524,456774636701154.562500
0.09064000000000005,0.0228,0.0412,456774636701154.562500
0.09065000000000001,0.0236,0.0444,456774636701154.562500
0.09066000000000007,0.0244,0.0396,456774636701154.562500
0.09067000000000003,0.0236,0.042800000000000005,456774636701154.562500
0.0906800000000001,0.022000000000000002,0.0516,456774636701154.562500
0.09069000000000005,0.0244,0.053200000000000004,456774636701154.562500
0.0907,0.0228,0.054,456774636701154.562500
0.09071000000000007,0.0244,0.054,456774636701154.562500
0.09072000000000002,0.0252,0.0516,456774636701154.562500
0.09073000000000009,0.0228,0.0476,456774636701154.562500
0.09074000000000004,0.022000000000000002,0.0548,456774636701154.562500
0.09075,0.0204,0.055600000000000004,456774636701154.562500
0.09076000000000006,0.0244,0.0548,456774636701154.562500
0.09077000000000002,0.0236,0.0548,456774636701154.562500
0.09078000000000008,0.0236,0.055600000000000004,456774636701154.562500
0.09079000000000004,0.022000000000000002,0.054,456774636701154.562500
0.0908000000000001,0.0188,0.056400000000000006,456774636701154.562500
0.09081000000000006,0.0188,0.0548,456774636701154.562500
0.09082000000000001,0.0164,0.055600000000000004,456774636701154.562500
0.09083000000000008,0.0212,0.0548,456774636701154.562500
0.09084000000000003,0.0228,0.0516,456774636701154.562500
0.0908500000000001,0.022000000000000002,0.053200000000000004,456774636701154.562500
0.09086000000000005,0.022000000000000002,0.056400000000000006,456774636701154.562500
0.09087,0.0196,0.055600000000000004,456774636701154.562500
0.09088000000000007,0.0196,0.056400000000000006,456774636701154.562500
0.09089000000000003,0.0228,0.055600000000000004,456774636701154.562500
0.09090000000000009,0.0188,0.058,456774636701154.562500
0.09091000000000005,0.022000000000000002,0.0548,456774636701154.562500
0.09092,0.0228,0.0548,456774636701154.562500
0.09093000000000007,0.0244,0.055600000000000004,456774636701154.562500
0.09094000000000002,0.0212,0.0548,456774636701154.562500
0.09095000000000009,0.0236,0.0548,456774636701154.562500
0.09096000000000004,0.0228,0.056400000000000006,456774636701154.562500
0.09097,0.0228,0.056400000000000006,456774636701154.562500
0.09098000000000006,0.0236,0.054,456774636701154.562500
0.09099000000000002,0.0228,0.055600000000000004,456774636701154.562500
0.09100000000000008,0.0244,0.0548,456774636701154.562500
0.09101000000000004,0.0228,0.055600000000000004,456774636701154.562500
0.0910200000000001,0.0236,0.050800000000000005,456774636701154.562500
0.09103000000000006,0.0212,0.053200000000000004,456774636701154.562500
0.09104000000000001,0.0212,0.0476,456774636701154.562500
0.09105000000000008,0.022000000000000002,0.054,456774636701154.562500
0.09106000000000003,0.0236,0.0492,456774636701154.562500
0.0910700000000001,0.0236,0.054,456774636701154.562500
0.09108000000000005,0.022000000000000002,0.055600000000000004,456774636701154.562500
0.09109,0.0236,0.0572,456774636701154.562500
0.09110000000000007,0.0212,0.056400000000000006,456774636701154.562500
0.09111000000000002,0.022000000000000002,0.056400000000000006,456774636701154.562500
0.09112000000000009,0.0212,0.0516,456774636701154.562500
0.09113000000000004,0.022000000000000002,0.055600000000000004,456774636701154.562500
0.09114,0.0212,0.056400000000000006,456774636701154.562500
0.09115000000000006,0.0204,0.0524,456774636701154.562500
0.09116000000000002,0.0204,0.054,456774636701154.562500
0.09117000000000008,0.0212,0.054,456774636701154.562500
0.09118000000000004,0.022000000000000002,0.054,456774636701154.562500
0.09119,0.022000000000000002,0.054,456774636701154.562500
0.09120000000000006,0.0228,0.056400000000000006,456774636701154.562500
0.09121000000000001,0.0228,0.055600000000000004,456774636701154.562500
0.09122000000000008,0.0236,0.0524,456774636701154.562500
0.09123000000000003,0.0236,0.0548,456774636701154.562500
0.0912400000000001,0.0236,0.054,456774636701154.562500
0.09125000000000005,0.0228,0.055600000000000004,456774636701154.562500
0.09126000000000001,0.0236,0.055600000000000004,456774636701154.562500
0.09127000000000007,0.0236,0.0476,456774636701154.562500
0.09128000000000003,0.0252,0.0524,456774636701154.562500
0.0912900000000001,0.0236,0.0516,456774636701154.562500
0.09130000000000005,0.0228,0.050800000000000005,456774636701154.562500
0.09131,0.0236,0.0468,456774636701154.562500
0.09132000000000007,0.0252,0.05,456774636701154.562500
0.09133000000000002,0.0244,0.0436,456774636701154.562500
0.09134000000000009,0.0244,0.053200000000000004,456774636701154.562500
0.09135000000000004,0.0228,0.0548,456774636701154.562500
0.09136,0.0236,0.0548,456774636701154.562500
0.09137000000000006,0.0244,0.0572,456774636701154.562500
0.09138000000000002,0.0244,0.0572,456774636701154.562500
0.09139000000000008,0.022000000000000002,0.053200000000000004,456774636701154.562500
0.09140000000000004,0.0236,0.050800000000000005,456774636701154.562500
0.0914100000000001,0.0204,0.054,456774636701154.562500
0.09142000000000006,0.022000000000000002,0.0548,456774636701154.562500
0.09143000000000001,0.0228,0.0516,456774636701154.562500
0.09144000000000008,0.0228,0.058,456774636701154.562500
0.09145000000000003,0.0228,0.054,456774636701154.562500
0.0914600000000001,0.0212,0.0548,456774636701154.562500
0.09147000000000005,0.0228,0.053200000000000004,456774636701154.562500
0.09148,0.022000000000000002,0.0548,456774636701154.562500
0.09149000000000007,0.0228,0.054,456774636701154.562500
0.09150000000000003,0.018000000000000002,0.054,456774636701154.562500
0.09151000000000009,0.015600000000000001,0.056400000000000006,456774636701154.562500
0.09152000000000005,0.0204,0.055600000000000004,456774636701154.562500
0.09153,0.022000000000000002,0.054,456774636701154.562500
0.09154000000000007,0.0228,0.056400000000000006,456774636701154.562500
0.09155000000000002,0.0228,0.056400000000000006,456774636701154.562500
0.09156000000000009,0.022000000000000002,0.055600000000000004,456774636701154.562500
0.09157000000000004,0.0196,0.055600000000000004,456774636701154.562500
0.09158,0.0236,0.055600000000000004,456774636701154.562500
0.09159000000000006,0.0244,0.056400000000000006,456774636701154.562500
0.09160000000000001,0.0244,0.054,456774636701154.562500
0.09161000000000008,0.0244,0.054,456774636701154.562500
0.09162000000000003,0.0236,0.0548,456774636701154.562500
0.0916300000000001,0.0188,0.0548,456774636701154.562500
0.09164000000000005,0.0236,0.056400000000000006,456774636701154.562500
0.09165000000000001,0.022000000000000002,0.0548,456774636701154.562500
0.09166000000000007,0.0244,0.056400000000000006,456774636701154.562500
0.09167000000000003,0.0228,0.055600000000000004,456774636701154.562500
0.0916800000000001,0.0236,0.056400000000000006,456774636701154.562500
0.09169000000000005,0.0228,0.056400000000000006,456774636701154.562500
0.0917,0.022000000000000002,0.050800000000000005,456774636701154.562500
0.09171000000000007,0.0228,0.054,456774636701154.562500
0.09172000000000002,0.0236,0.054,456774636701154.562500
0.09173000000000009,0.0196,0.0548,456774636701154.562500
0.09174000000000004,0.0204,0.053200000000000004,456774636701154.562500
0.09175,0.0204,0.0524,456774636701154.562500
0.09176000000000006,0.022000000000000002,0.054,456774636701154.562500
0.09177000000000002,0.0212,0.055600000000000004,456774636701154.562500
0.09178000000000008,0.022000000000000002,0.056400000000000006,456774636701154.562500
0.09179000000000004,0.0228,0.054,456774636701154.562500
0.0918000000000001,0.0204,0.056400000000000006,456774636701154.562500
0.09181000000000006,0.0212,0.0548,456774636701154.562500
0.09182000000000001,0.0228,0.055600000000000004,456774636701154.562500
0.09183000000000008,0.0236,0.053200000000000004,456774636701154.562500
0.09184000000000003,0.022000000000000002,0.056400000000000006,456774636701154.562500
0.0918500000000001,0.022000000000000002,0.055600000000000004,456774636701154.562500
0.09186000000000005,0.0236,0.056400000000000006,456774636701154.562500
0.09187000000000001,0.022000000000000002,0.055600000000000004,456774636701154.562500
0.09188000000000007,0.0244,0.056400000000000006,456774636701154.562500
0.09189000000000003,0.022000000000000002,0.046,456774636701154.562500
0.09190000000000009,0.0244,0.0524,456774636701154.562500
0.09191000000000005,0.0228,0.0572,456774636701154.562500
0.09192,0.0244,0.056400000000000006,456774636701154.562500
0.09193000000000007,0.0244,0.0516,456774636701154.562500
0.09194000000000002,0.0212,0.0388,456774636701154.562500
0.09195000000000009,0.0244,0.0436,456774636701154.562500
0.09196000000000004,0.0212,0.045200000000000004,456774636701154.562500
0.09197,0.0228,0.0492,456774636701154.562500
0.09198000000000006,0.0212,0.055600000000000004,456774636701154.562500
0.09199000000000002,0.0228,0.056400000000000006,456774636701154.562500
0.09200000000000008,0.022000000000000002,0.0548,456774636701154.562500
0.09201000000000004,0.0212,0.055600000000000004,456774636701154.562500
0.0920200000000001,0.0212,0.056400000000000006,456774636701154.562500
0.09203000000000006,0.0228,0.0524,456774636701154.562500
0.09204000000000001,0.0228,0.055600000000000004,456774636701154.562500
0.09205000000000008,0.0212,0.0548,456774636701154.562500
0.09206000000000003,0.022000000000000002,0.056400000000000006,456774636701154.562500
0.0920700000000001,0.0212,0.055600000000000004,456774636701154.562500
0.09208000000000005,0.0228,0.058,456774636701154.562500
0.09209,0.0204,0.056400000000000006,456774636701154.562500
0.09210000000000007,0.022000000000000002,0.0548,456774636701154.562500
0.09211000000000003,0.0236,0.054,456774636701154.562500
0.09212000000000009,0.022000000000000002,0.055600000000000004,456774636701154.562500
0.09213000000000005,0.022000000000000002,0.055600000000000004,456774636701154.562500
0.09214,0.022000000000000002,0.056400000000000006,456774636701154.562500
0.09215000000000007,0.0244,0.05,456774636701154.562500
0.09216000000000002,0.0228,0.056400000000000006,456774636701154.562500
0.09217000000000009,0.022000000000000002,0.0548,456774636701154.562500
0.09218000000000004,0.022000000000000002,0.0548,456774636701154.562500
0.09219,0.0236,0.055600000000000004,456774636701154.562500
0.09220000000000006,0.0244,0.055600000000000004,456774636701154.562500
0.09221000000000001,0.0228,0.055600000000000004,456774636701154.562500
0.09222000000000008,0.0228,0.0548,456774636701154.562500
0.09223000000000003,0.0204,0.05,456774636701154.562500
0.0922400000000001,0.0228,0.054,456774636701154.562500
0.09225000000000005,0.0252,0.050800000000000005,456774636701154.562500
0.09226000000000001,0.0228,0.0516,456774636701154.562500
0.09227000000000007,0.0188,0.053200000000000004,456774636701154.562500
0.09228000000000003,0.0172,0.056400000000000006,456774636701154.562500
0.0922900000000001,0.022000000000000002,0.0572,456774636701154.562500
0.09230000000000005,0.0204,0.054,456774636701154.562500
0.09231,0.0236,0.056400000000000006,456774636701154.562500
0.09232000000000007,0.022000000000000002,0.0548,456774636701154.562500
0.09233000000000002,0.0236,0.050800000000000005,456774636701154.562500
0.09234000000000009,0.0228,0.0524,456774636701154.562500
0.09235000000000004,0.022000000000000002,0.0516,456774636701154.562500
0.09236,0.022000000000000002,0.0548,456774636701154.562500
0.09237000000000006,0.022000000000000002,0.0548,456774636701154.562500
0.09238000000000002,0.0204,0.055600000000000004,456774636701154.562500
0.09239000000000008,0.0204,0.056400000000000006,456774636701154.562500
0.09240000000000004,0.0228,0.0492,456774636701154.562500
0.0924100000000001,0.0228,0.054,456774636701154.562500
0.09242000000000006,0.0212,0.05,456774636701154.562500
0.09243000000000001,0.022000000000000002,0.055600000000000004,456774636701154.562500
0.09244000000000008,0.022000000000000002,0.0516,456774636701154.562500
0.09245000000000003,0.0228,0.056400000000000006,456774636701154.562500
0.0924600000000001,0.0236,0.053200000000000004,456774636701154.562500
0.09247000000000005,0.0188,0.056400000000000006,456774636701154.562500
0.09248,0.0236,0.056400000000000006,456774636701154.562500
0.09249000000000007,0.0244,0.053200000000000004,456774636701154.562500
0.09250000000000003,0.0252,0.0548,456774636701154.562500
0.09251000000000009,0.0244,0.050800000000000005,456774636701154.562500
0.09252000000000005,0.0228,0.055600000000000004,456774636701154.562500
0.09253,0.0244,0.054,456774636701154.562500
0.09254000000000007,0.0236,0.055600000000000004,456774636701154.562500
0.09255000000000002,0.0212,0.0548,456774636701154.562500
0.09256000000000009,0.0252,0.053200000000000004,456774636701154.562500
0.09257000000000004,0.0236,0.0572,456774636701154.562500
0.09258,0.0228,0.056400000000000006,456774636701154.562500
0.09259000000000006,0.0228,0.0548,456774636701154.562500
0.09260000000000002,0.022000000000000002,0.054,456774636701154.562500
0.09261000000000008,0.022000000000000002,0.055600000000000004,456774636701154.562500
0.09262000000000004,0.0236,0.055600000000000004,456774636701154.562500
0.0926300000000001,0.0204,0.056400000000000006,456774636701154.562500
0.09264000000000006,0.0204,0.056400000000000006,456774636701154.562500
0.09265000000000001,0.0204,0.054,456774636701154.562500
0.09266000000000008,0.022000000000000002,0.056400000000000006,456774636701154.562500
0.09267000000000003,0.022000000000000002,0.0572,456774636701154.562500
0.0926800000000001,0.022000000000000002,0.053200000000000004,456774636701154.562500
0.09269000000000005,0.0236,0.055600000000000004,456774636701154.562500
0.0927,0.0228,0.0516,456774636701154.562500
0.09271000000000007,0.022000000000000002,0.0548,456774636701154.562500
0.09272000000000002,0.0244,0.055600000000000004,456774636701154.562500
0.09273000000000009,0.022000000000000002,0.058,456774636701154.562500
0.09274000000000004,0.0228,0.053200000000000004,456774636701154.562500
0.09275,0.0212,0.0548,456774636701154.562500
0.09276000000000006,0.022000000000000002,0.050800000000000005,456774636701154.562500
0.09277000000000002,0.022000000000000002,0.0572,456774636701154.562500
0.09278000000000008,0.0212,0.053200000000000004,456774636701154.562500
0.09279000000000004,0.0188,0.053200000000000004,456774636701154.562500
0.0928,0.0204,0.053200000000000004,456774636701154.562500
0.09281000000000006,0.022000000000000002,0.0524,456774636701154.562500
0.09282000000000001,0.0236,0.050800000000000005,456774636701154.562500
0.09283000000000008,0.0244,0.055600000000000004,456774636701154.562500
0.09284000000000003,0.022000000000000002,0.054,456774636701154.562500
0.0928500000000001,0.0252,0.055600000000000004,456774636701154.562500
0.09286000000000005,0.0236,0.056400000000000006,456774636701154.562500
0.09287000000000001,0.0244,0.056400000000000006,456774636701154.562500
0.09288000000000007,0.0228,0.0572,456774636701154.562500
0.09289000000000003,0.0236,0.056400000000000006,456774636701154.562500
0.0929000000000001,0.0228,0.0572,456774636701154.562500
0.09291000000000005,0.0236,0.056400000000000006,456774636701154.562500
0.09292,0.022000000000000002,0.056400000000000006,456774636701154.562500
0.09293000000000007,0.0228,0.0548,456774636701154.562500
0.09294000000000002,0.022000000000000002,0.0548,456774636701154.562500
0.09295000000000009,0.0244,0.055600000000000004,456774636701154.562500
0.09296000000000004,0.022000000000000002,0.056400000000000006,456774636701154.562500
0.09297,0.0212,0.0548,456774636701154.562500
0.09298000000000006,0.0204,0.0548,456774636701154.562500
0.09299000000000002,0.0228,0.054,456774636701154.562500
0.09300000000000008,0.022000000000000002,0.0572,456774636701154.562500
0.09301000000000004,0.0204,0.0548,456774636701154.562500
0.0930200000000001,0.0188,0.055600000000000004,456774636701154.562500
0.09303000000000006,0.0244,0.0548,456774636701154.562500
0.09304000000000001,0.0236,0.055600000000000004,456774636701154.562500
0.09305000000000008,0.0228,0.054,456774636701154.562500
0.09306000000000003,0.0204,0.056400000000000006,456774636701154.562500
0.0930700000000001,0.022000000000000002,0.058,456774636701154.562500
0.09308000000000005,0.0228,0.056400000000000006,456774636701154.562500
0.09309,0.0228,0.054,456774636701154.562500
0.09310000000000007,0.022000000000000002,0.058,456774636701154.562500
0.09311000000000003,0.0244,0.056400000000000006,456774636701154.562500
0.09312000000000009,0.022000000000000002,0.053200000000000004,456774636701154.562500
0.09313000000000005,0.0244,0.056400000000000006,456774636701154.562500
0.09314,0.0244,0.055600000000000004,456774636701154.562500
0.09315000000000007,0.0244,0.0548,456774636701154.562500
0.09316000000000002,0.0252,0.0548,456774636701154.562500
0.09317000000000009,0.0228,0.0524,456774636701154.562500
0.09318000000000004,0.0236,0.0492,456774636701154.562500
0.09319,0.0244,0.055600000000000004,456774636701154.562500
0.09320000000000006,0.0236,0.053200000000000004,456774636701154.562500
0.09321000000000002,0.0228,0.056400000000000006,456774636701154.562500
0.09322000000000008,0.022000000000000002,0.0548,456774636701154.562500
0.09323000000000004,0.0228,0.055600000000000004,456774636701154.562500
0.0932400000000001,0.0228,0.053200000000000004,456774636701154.562500
0.09325000000000006,0.0204,0.054,456774636701154.562500
0.09326000000000001,0.022000000000000002,0.054,456774636701154.562500
0.09327000000000008,0.0212,0.056400000000000006,456774636701154.562500
0.09328000000000003,0.022000000000000002,0.056400000000000006,456774636701154.562500
0.0932900000000001,0.0236,0.054,456774636701154.562500
0.09330000000000005,0.0204,0.054,456774636701154.562500
0.09331,0.0196,0.0548,456774636701154.562500
0.09332000000000007,0.0196,0.056400000000000006,456774636701154.562500
0.09333000000000002,0.0196,0.056400000000000006,456774636701154.562500
0.09334000000000009,0.022000000000000002,0.054,456774636701154.562500
0.09335000000000004,0.0212,0.056400000000000006,456774636701154.562500
0.09336,0.0228,0.0548,456774636701154.562500
0.09337000000000006,0.0228,0.0548,456774636701154.562500
0.09338000000000002,0.0212,0.056400000000000006,456774636701154.562500
0.09339000000000008,0.0228,0.054,456774636701154.562500
0.09340000000000004,0.0212,0.054,456774636701154.562500
0.09340999999999999,0.0236,0.0548,456774636701154.562500
0.09342000000000006,0.0228,0.055600000000000004,456774636701154.562500
0.09343000000000001,0.0244,0.0572,456774636701154.562500
0.09344000000000008,0.0252,0.0548,456774636701154.562500
0.09345000000000003,0.0236,0.054,456774636701154.562500
0.0934600000000001,0.0244,0.055600000000000004,456774636701154.562500
0.09347000000000005,0.0252,0.0548,456774636701154.562500
0.09348000000000001,0.0228,0.056400000000000006,456774636701154.562500
0.09349000000000007,0.0236,0.055600000000000004,456774636701154.562500
0.09350000000000003,0.022000000000000002,0.055600000000000004,456774636701154.562500
0.09351000000000009,0.022000000000000002,0.0548,456774636701154.562500
0.09352000000000005,0.0228,0.0548,456774636701154.562500
0.09353,0.0212,0.0548,456774636701154.562500
0.09354000000000007,0.022000000000000002,0.056400000000000006,456774636701154.562500
0.09355000000000002,0.022000000000000002,0.0548,456774636701154.562500
0.09356000000000009,0.0204,0.056400000000000006,456774636701154.562500
0.09357000000000004,0.0212,0.0548,456774636701154.562500
0.09358,0.0196,0.056400000000000006,456774636701154.562500
0.09359000000000006,0.0204,0.054,456774636701154.562500
0.09360000000000002,0.0212,0.0548,456774636701154.562500
0.09361000000000008,0.022000000000000002,0.0524,456774636701154.562500
0.09362000000000004,0.014,0.0548,456774636701154.562500
0.0936300000000001,0.0196,0.055600000000000004,456774636701154.562500
0.09364000000000006,0.0228,0.046,456774636701154.562500
0.09365000000000001,0.022000000000000002,0.054,456774636701154.562500
0.09366000000000008,0.0212,0.0468,456774636701154.562500
0.09367000000000003,0.0228,0.0516,456774636701154.562500
0.0936800000000001,0.022000000000000002,0.054,456774636701154.562500
0.09369000000000005,0.022000000000000002,0.056400000000000006,456774636701154.562500
0.0937,0.0236,0.056400000000000006,456774636701154.562500
0.09371000000000007,0.0244,0.055600000000000004,456774636701154.562500
0.09372000000000003,0.022000000000000002,0.056400000000000006,456774636701154.562500
0.09373000000000009,0.022000000000000002,0.048400000000000006,456774636701154.562500
0.09374000000000005,0.022000000000000002,0.056400000000000006,456774636701154.562500
0.09375,0.0244,0.050800000000000005,456774636701154.562500
0.09376000000000007,0.0236,0.054,456774636701154.562500
0.09377000000000002,0.026000000000000002,0.0524,456774636701154.562500
0.09378000000000009,0.0236,0.0548,456774636701154.562500
0.09379000000000004,0.0236,0.0548,456774636701154.562500
0.0938,0.022000000000000002,0.054,456774636701154.562500
0.09381000000000006,0.0244,0.0548,456774636701154.562500
0.09382000000000001,0.0236,0.056400000000000006,456774636701154.562500
0.09383000000000008,0.0228,0.055600000000000004,456774636701154.562500
0.09384000000000003,0.0212,0.050800000000000005,456774636701154.562500
0.0938500000000001,0.0212,0.055600000000000004,456774636701154.562500
0.09386000000000005,0.0236,0.055600000000000004,456774636701154.562500
0.09387000000000001,0.022000000000000002,0.055600000000000004,456774636701154.562500
0.09388000000000007,0.0204,0.0572,456774636701154.562500
0.09389000000000003,0.022000000000000002,0.050800000000000005,456774636701154.562500
0.0939000000000001,0.0204,0.0548,456774636701154.562500
0.09391000000000005,0.0228,0.054,456774636701154.562500
0.09392,0.022000000000000002,0.055600000000000004,456774636701154.562500
0.09393000000000007,0.0204,0.055600000000000004,456774636701154.562500
0.09394000000000002,0.0204,0.0548,456774636701154.562500
0.09395000000000009,0.0204,0.0468,456774636701154.562500
0.09396000000000004,0.0228,0.0468,456774636701154.562500
0.09397,0.0228,0.055600000000000004,456774636701154.562500
0.09398000000000006,0.0236,0.055600000000000004,456774636701154.562500
0.09399000000000002,0.0244,0.055600000000000004,456774636701154.562500
0.09400000000000008,0.0228,0.0548,456774636701154.562500
0.09401000000000004,0.0228,0.055600000000000004,456774636701154.562500
0.0940200000000001,0.0228,0.058800000000000005,456774636701154.562500
0.09403000000000006,0.0244,0.055600000000000004,456774636701154.562500
0.09404000000000001,0.0228,0.055600000000000004,456774636701154.562500
0.09405000000000008,0.0228,0.056400000000000006,456774636701154.562500
0.09406000000000003,0.022000000000000002,0.058,456774636701154.562500
0.0940700000000001,0.022000000000000002,0.050800000000000005,456774636701154.562500
0.09408000000000005,0.0228,0.0572,456774636701154.562500
0.09409000000000001,0.0252,0.0468,456774636701154.562500
0.09410000000000007,0.0244,0.055600000000000004,456774636701154.562500
0.09411000000000003,0.0204,0.0572,456774636701154.562500
0.09412000000000009,0.0252,0.0548,456774636701154.562500
0.09413000000000005,0.0236,0.0548,456774636701154.562500
0.09414,0.0228,0.055600000000000004,456774636701154.562500
0.09415000000000007,0.0228,0.055600000000000004,456774636701154.562500
0.09416000000000002,0.0228,0.058,456774636701154.562500
0.09417000000000009,0.0236,0.054,456774636701154.562500
0.09418000000000004,0.0228,0.056400000000000006,456774636701154.562500
0.09419,0.022000000000000002,0.055600000000000004,456774636701154.562500
0.09420000000000006,0.0228,0.055600000000000004,456774636701154.562500
0.09421000000000002,0.022000000000000002,0.050800000000000005,456774636701154.562500
0.09422000000000008,0.0196,0.0548,456774636701154.562500
0.09423000000000004,0.0212,0.053200000000000004,456774636701154.562500
0.0942400000000001,0.0188,0.0572,456774636701154.562500
0.09425000000000006,0.0212,0.056400000000000006,456774636701154.562500
0.09426000000000001,0.0228,0.056400000000000006,456774636701154.562500
0.09427000000000008,0.0228,0.056400000000000006,456774636701154.562500
0.09428000000000003,0.022000000000000002,0.0548,456774636701154.562500
0.0942900000000001,0.0236,0.0524,456774636701154.562500
0.09430000000000005,0.0236,0.056400000000000006,456774636701154.562500
0.09431,0.0244,0.0572,456774636701154.562500
0.09432000000000007,0.026000000000000002,0.0548,456774636701154.562500
0.09433000000000002,0.022000000000000002,0.056400000000000006,456774636701154.562500
0.09434000000000009,0.0252,0.055600000000000004,456774636701154.562500
0.09435000000000004,0.0228,0.0548,456774636701154.562500
0.09436,0.022000000000000002,0.055600000000000004,456774636701154.562500
0.09437000000000006,0.0252,0.055600000000000004,456774636701154.562500
0.09438000000000002,0.0244,0.0548,456774636701154.562500
0.09439000000000008,0.022000000000000002,0.055600000000000004,456774636701154.562500
0.09440000000000004,0.0236,0.0572,456774636701154.562500
0.09441,0.0244,0.0524,456774636701154.562500
0.09442000000000006,0.018000000000000002,0.0524,456774636701154.562500
0.09443000000000001,0.022000000000000002,0.055600000000000004,456774636701154.562500
0.09444000000000008,0.022000000000000002,0.055600000000000004,456774636701154.562500
0.09445000000000003,0.0204,0.0548,456774636701154.562500
0.0944600000000001,0.0228,0.055600000000000004,456774636701154.562500
0.09447000000000005,0.0212,0.055600000000000004,456774636701154.562500
0.09448000000000001,0.022000000000000002,0.0572,456774636701154.562500
0.09449000000000007,0.022000000000000002,0.055600000000000004,456774636701154.562500
0.09450000000000003,0.0212,0.0572,456774636701154.562500
0.0945100000000001,0.0212,0.056400000000000006,456774636701154.562500
0.09452000000000005,0.0212,0.0548,456774636701154.562500
0.09453,0.0204,0.056400000000000006,456774636701154.562500
0.09454000000000007,0.0212,0.056400000000000006,456774636701154.562500
0.09455000000000002,0.0212,0.055600000000000004,456774636701154.562500
0.09456000000000009,0.0204,0.0548,456774636701154.562500
0.09457000000000004,0.0228,0.0548,456774636701154.562500
0.09458,0.0236,0.054,456774636701154.562500
0.09459000000000006,0.0244,0.054,456774636701154.562500
0.09460000000000002,0.0228,0.056400000000000006,456774636701154.562500
0.09461000000000008,0.0236,0.0524,456774636701154.562500
0.09462000000000004,0.0244,0.055600000000000004,456774636701154.562500
0.0946300000000001,0.0244,0.0548,456774636701154.562500
0.09464000000000006,0.0244,0.054,456774636701154.562500
0.09465000000000001,0.0236,0.054,456774636701154.562500
0.09466000000000008,0.0236,0.058,456774636701154.562500
0.09467000000000003,0.0228,0.05,456774636701154.562500
0.0946800000000001,0.0236,0.056400000000000006,456774636701154.562500
0.09469000000000005,0.0236,0.053200000000000004,456774636701154.562500
0.0947,0.0236,0.0572,456774636701154.562500
0.09471000000000007,0.0244,0.0524,456774636701154.562500
0.09472000000000003,0.0236,0.054,456774636701154.562500
0.09473000000000009,0.0236,0.0436,456774636701154.562500
0.09474000000000005,0.0236,0.058,456774636701154.562500
0.09475,0.0244,0.055600000000000004,456774636701154.562500
0.09476000000000007,0.0236,0.055600000000000004,456774636701154.562500
0.09477000000000002,0.022000000000000002,0.056400000000000006,456774636701154.562500
0.09478000000000009,0.022000000000000002,0.0548,456774636701154.562500
0.09479000000000004,0.0196,0.055600000000000004,456774636701154.562500
0.0948,0.022000000000000002,0.056400000000000006,456774636701154.562500
0.09481000000000006,0.022000000000000002,0.056400000000000006,456774636701154.562500
0.09482000000000002,0.0212,0.055600000000000004,456774636701154.562500
0.09483000000000008,0.0204,0.055600000000000004,456774636701154.562500
0.09484000000000004,0.0212,0.055600000000000004,456774636701154.562500
0.0948500000000001,0.0212,0.0548,456774636701154.562500
0.09486000000000006,0.022000000000000002,0.056400000000000006,456774636701154.562500
0.09487000000000001,0.0228,0.0548,456774636701154.562500
0.09488000000000008,0.0212,0.055600000000000004,456774636701154.562500
0.09489000000000003,0.0212,0.054,456774636701154.562500
0.0949000000000001,0.0236,0.056400000000000006,456774636701154.562500
0.09491000000000005,0.0244,0.0548,456774636701154.562500
0.09492,0.022000000000000002,0.054,456774636701154.562500
0.09493000000000007,0.0244,0.0548,456774636701154.562500
0.09494000000000002,0.0228,0.056400000000000006,456774636701154.562500
0.09495000000000009,0.0236,0.0572,456774636701154.562500
0.09496000000000004,0.0228,0.055600000000000004,456774636701154.562500
0.09497,0.022000000000000002,0.0516,456774636701154.562500
0.09498000000000006,0.0212,0.050800000000000005,456774636701154.562500
0.09499000000000002,0.0236,0.055600000000000004,456774636701154.562500
0.09500000000000008,0.026000000000000002,0.056400000000000006,456774636701154.562500
0.09501000000000004,0.0236,0.055600000000000004,456774636701154.562500
0.09502,0.0228,0.054,456774636701154.562500
0.09503000000000006,0.0228,0.0524,456774636701154.562500
0.09504000000000001,0.0228,0.054,456774636701154.562500
0.09505000000000008,0.0228,0.056400000000000006,456774636701154.562500
0.09506000000000003,0.0228,0.056400000000000006,456774636701154.562500
0.0950700000000001,0.0228,0.056400000000000006,456774636701154.562500
0.09508000000000005,0.022000000000000002,0.056400000000000006,456774636701154.562500
0.09509000000000001,0.0212,0.0548,456774636701154.562500
0.09510000000000007,0.0204,0.055600000000000004,456774636701154.562500
0.09511000000000003,0.022000000000000002,0.055600000000000004,456774636701154.562500
0.0951200000000001,0.022000000000000002,0.0524,456774636701154.562500
0.09513000000000005,0.0212,0.056400000000000006,456774636701154.562500
0.09514,0.0204,0.055600000000000004,456774636701154.562500
0.09515000000000007,0.0212,0.055600000000000004,456774636701154.562500
0.09516000000000002,0.0228,0.054,456774636701154.562500
0.09517000000000009,0.0212,0.058,456774636701154.562500
0.09518000000000004,0.022000000000000002,0.056400000000000006,456774636701154.562500
0.09519,0.0212,0.0572,456774636701154.562500
0.09520000000000006,0.0228,0.056400000000000006,456774636701154.562500
0.09521000000000002,0.0236,0.055600000000000004,456774636701154.562500
0.09522000000000008,0.0236,0.056400000000000006,456774636701154.562500
0.09523000000000004,0.0236,0.055600000000000004,456774636701154.562500
0.0952400000000001,0.0236,0.055600000000000004,456774636701154.562500
0.09525000000000006,0.0236,0.058,456774636701154.562500
0.09526000000000001,0.0252,0.056400000000000006,456774636701154.562500
0.09527000000000008,0.0252,0.058,456774636701154.562500
0.09528000000000003,0.0236,0.055600000000000004,456774636701154.562500
0.0952900000000001,0.0228,0.055600000000000004,456774636701154.562500
0.09530000000000005,0.0244,0.054,456774636701154.562500
0.09531,0.0236,0.0516,456774636701154.562500
0.09532000000000007,0.022000000000000002,0.0572,456774636701154.562500
0.09533000000000003,0.0212,0.054,456774636701154.562500
0.09534000000000009,0.0228,0.0524,456774636701154.562500
0.09535000000000005,0.022000000000000002,0.058,456774636701154.562500
0.09536,0.0236,0.056400000000000006,456774636701154.562500
0.09537000000000007,0.0236,0.0572,456774636701154.562500
0.09538000000000002,0.0228,0.055600000000000004,456774636701154.562500
0.09539000000000009,0.0164,0.055600000000000004,456774636701154.562500
0.09540000000000004,0.0212,0.055600000000000004,456774636701154.562500
0.09541,0.018000000000000002,0.055600000000000004,456774636701154.562500
0.09542000000000006,0.022000000000000002,0.055600000000000004,456774636701154.562500
0.09543000000000001,0.0204,0.0524,456774636701154.562500
0.09544000000000008,0.0212,0.055600000000000004,456774636701154.562500
0.09545000000000003,0.0212,0.055600000000000004,456774636701154.562500
0.0954600000000001,0.0204,0.056400000000000006,456774636701154.562500
0.09547000000000005,0.0236,0.055600000000000004,456774636701154.562500
0.09548000000000001,0.0204,0.055600000000000004,456774636701154.562500
0.09549000000000007,0.0228,0.053200000000000004,456774636701154.562500
0.09550000000000003,0.0212,0.0548,456774636701154.562500
0.0955100000000001,0.0228,0.054,456774636701154.562500
0.09552000000000005,0.0236,0.058,456774636701154.562500
0.09553,0.0236,0.055600000000000004,456774636701154.562500
0.09554000000000007,0.0244,0.056400000000000006,456774636701154.562500
0.09555000000000002,0.0228,0.055600000000000004,456774636701154.562500
0.09556000000000009,0.0212,0.0516,456774636701154.562500
0.09557000000000004,0.0244,0.046,456774636701154.562500
0.09558,0.0236,0.054,456774636701154.562500
0.09559000000000006,0.0236,0.0548,456774636701154.562500
0.09560000000000002,0.0244,0.056400000000000006,456774636701154.562500
0.09561000000000008,0.0236,0.0572,456774636701154.562500
0.09562000000000004,0.0236,0.0548,456774636701154.562500
0.0956300000000001,0.0236,0.055600000000000004,456774636701154.562500
0.09564000000000006,0.0228,0.055600000000000004,456774636701154.562500
0.09565000000000001,0.0236,0.0572,456774636701154.562500
0.09566000000000008,0.0228,0.0572,456774636701154.562500
0.09567000000000003,0.0228,0.0548,456774636701154.562500
0.0956800000000001,0.022000000000000002,0.0548,456774636701154.562500
0.09569000000000005,0.022000000000000002,0.058,456774636701154.562500
0.09570000000000001,0.0228,0.0492,456774636701154.562500
0.09571000000000007,0.0228,0.055600000000000004,456774636701154.562500
0.09572000000000003,0.022000000000000002,0.055600000000000004,456774636701154.562500
0.09573000000000009,0.0204,0.058,456774636701154.562500
0.09574000000000005,0.0204,0.056400000000000006,456774636701154.562500
0.09575,0.0212,0.055600000000000004,456774636701154.562500
0.09576000000000007,0.0236,0.0572,456774636701154.562500
0.09577000000000002,0.0228,0.055600000000000004,456774636701154.562500
0.09578000000000009,0.0236,0.0524,456774636701154.562500
0.09579000000000004,0.022000000000000002,0.0548,456774636701154.562500
0.0958,0.0228,0.053200000000000004,456774636701154.562500
0.09581000000000006,0.022000000000000002,0.054,456774636701154.562500
0.09582000000000002,0.0236,0.0524,456774636701154.562500
0.09583000000000008,0.0244,0.055600000000000004,456774636701154.562500
0.09584000000000004,0.0236,0.0548,456774636701154.562500
0.0958500000000001,0.0228,0.055600000000000004,456774636701154.562500
0.09586000000000006,0.0244,0.0572,456774636701154.562500
0.09587000000000001,0.0236,0.0572,456774636701154.562500
0.09588000000000008,0.022000000000000002,0.0572,456774636701154.562500
0.09589000000000003,0.0228,0.0548,456774636701154.562500
0.0959000000000001,0.0164,0.056400000000000006,456774636701154.562500
0.09591000000000005,0.0212,0.0516,456774636701154.562500
0.09592,0.022000000000000002,0.056400000000000006,456774636701154.562500
0.09593000000000007,0.0236,0.0572,456774636701154.562500
0.09594000000000003,0.0228,0.056400000000000006,456774636701154.562500
0.09595000000000009,0.0228,0.053200000000000004,456774636701154.562500
0.09596000000000005,0.0188,0.053200000000000004,456774636701154.562500
0.09597,0.022000000000000002,0.0524,456774636701154.562500
0.09598000000000007,0.0228,0.0572,456774636701154.562500
0.09599000000000002,0.0228,0.0524,456774636701154.562500
0.09600000000000009,0.0236,0.055600000000000004,456774636701154.562500
0.09601000000000004,0.022000000000000002,0.056400000000000006,456774636701154.562500
0.09602,0.022000000000000002,0.055600000000000004,456774636701154.562500
0.09603000000000006,0.0228,0.0572,456774636701154.562500
0.09604000000000001,0.0212,0.055600000000000004,456774636701154.562500
0.09605000000000008,0.0204,0.053200000000000004,456774636701154.562500
0.09606000000000003,0.0204,0.056400000000000006,456774636701154.562500
0.0960700000000001,0.0204,0.042800000000000005,456774636701154.562500
0.09608000000000005,0.0204,0.058,456774636701154.562500
0.09609000000000001,0.0204,0.056400000000000006,456774636701154.562500
0.09610000000000007,0.0228,0.0524,456774636701154.562500
0.09611000000000003,0.0212,0.056400000000000006,456774636701154.562500
0.0961200000000001,0.022000000000000002,0.0436,456774636701154.562500
0.09613000000000005,0.0236,0.048400000000000006,456774636701154.562500
0.09614,0.0228,0.0548,456774636701154.562500
0.09615000000000007,0.0236,0.055600000000000004,456774636701154.562500
0.09616000000000002,0.0244,0.056400000000000006,456774636701154.562500
0.09617000000000009,0.0236,0.0548,456774636701154.562500
0.09618000000000004,0.0252,0.056400000000000006,456774636701154.562500
0.09619,0.0236,0.0516,456774636701154.562500
0.09620000000000006,0.0244,0.056400000000000006,456774636701154.562500
0.09621000000000002,0.0252,0.056400000000000006,456774636701154.562500
0.09622000000000008,0.0236,0.056400000000000006,456774636701154.562500
0.09623000000000004,0.0244,0.050800000000000005,456774636701154.562500
0.0962400000000001,0.022000000000000002,0.055600000000000004,456774636701154.562500
0.09625000000000006,0.0228,0.0516,456774636701154.562500
0.09626000000000001,0.0172,0.0548,456774636701154.562500
0.09627000000000008,0.0196,0.0572,456774636701154.562500
0.09628000000000003,0.0188,0.053200000000000004,456774636701154.562500
0.0962900000000001,0.0212,0.0524,456774636701154.562500
0.09630000000000005,0.0236,0.054,456774636701154.562500
0.09631,0.0212,0.055600000000000004,456774636701154.562500
0.09632000000000007,0.0212,0.055600000000000004,456774636701154.562500
0.09633000000000003,0.022000000000000002,0.055600000000000004,456774636701154.562500
0.09634000000000009,0.022000000000000002,0.056400000000000006,456774636701154.562500
0.09635000000000005,0.0212,0.048400000000000006,456774636701154.562500
0.09636,0.015600000000000001,0.055600000000000004,456774636701154.562500
0.09637000000000007,0.022000000000000002,0.048400000000000006,456774636701154.562500
0.09638000000000002,0.0236,0.055600000000000004,456774636701154.562500
0.09639000000000009,0.0236,0.056400000000000006,456774636701154.562500
0.09640000000000004,0.022000000000000002,0.054,456774636701154.562500
0.09641,0.0236,0.0548,456774636701154.562500
0.09642000000000006,0.0236,0.056400000000000006,456774636701154.562500
0.09643000000000002,0.0212,0.0524,456774636701154.562500
0.09644000000000008,0.022000000000000002,0.055600000000000004,456774636701154.562500
0.09645000000000004,0.0212,0.056400000000000006,456774636701154.562500
0.0964600000000001,0.0204,0.0468,456774636701154.562500
0.09647000000000006,0.0204,0.056400000000000006,456774636701154.562500
0.09648000000000001,0.0212,0.05,456774636701154.562500
0.09649000000000008,0.0244,0.055600000000000004,456774636701154.562500
0.09650000000000003,0.0228,0.053200000000000004,456774636701154.562500
0.0965100000000001,0.0252,0.0572,456774636701154.562500
0.09652000000000005,0.0188,0.0572,456774636701154.562500
0.09653,0.0236,0.055600000000000004,456774636701154.562500
0.09654000000000007,0.0244,0.0548,456774636701154.562500
0.09655000000000002,0.022000000000000002,0.048400000000000006,456774636701154.562500
0.09656000000000009,0.0236,0.046,456774636701154.562500
0.09657000000000004,0.0204,0.05,456774636701154.562500
0.09658,0.022000000000000002,0.056400000000000006,456774636701154.562500
0.09659000000000006,0.0228,0.0548,456774636701154.562500
0.09660000000000002,0.022000000000000002,0.055600000000000004,456774636701154.562500
0.09661000000000008,0.0212,0.056400000000000006,456774636701154.562500
0.09662000000000004,0.0196,0.056400000000000006,456774636701154.562500
0.09663,0.022000000000000002,0.0572,456774636701154.562500
0.09664000000000006,0.0228,0.056400000000000006,456774636701154.562500
0.09665000000000001,0.022000000000000002,0.048400000000000006,456774636701154.562500
0.09666000000000008,0.0212,0.054,456774636701154.562500
0.09667000000000003,0.0228,0.0548,456774636701154.562500
0.0966800000000001,0.022000000000000002,0.0548,456774636701154.562500
0.09669000000000005,0.0236,0.055600000000000004,456774636701154.562500
0.09670000000000001,0.0204,0.056400000000000006,456774636701154.562500
0.09671000000000007,0.0228,0.0548,456774636701154.562500
0.09672000000000003,0.022000000000000002,0.053200000000000004,456774636701154.562500
0.0967300000000001,0.0196,0.055600000000000004,456774636701154.562500
0.09674000000000005,0.0236,0.054,456774636701154.562500
0.09675,0.0228,0.0548,456774636701154.562500
0.09676000000000007,0.0212,0.0524,456774636701154.562500
0.09677000000000002,0.0228,0.055600000000000004,456774636701154.562500
0.09678000000000009,0.0228,0.056400000000000006,456774636701154.562500
0.09679000000000004,0.0252,0.056400000000000006,456774636701154.562500
0.0968,0.0236,0.055600000000000004,456774636701154.562500
0.09681000000000006,0.0244,0.055600000000000004,456774636701154.562500
0.09682000000000002,0.022000000000000002,0.050800000000000005,456774636701154.562500
0.09683000000000008,0.0212,0.056400000000000006,456774636701154.562500
0.09684000000000004,0.0228,0.0524,456774636701154.562500
0.0968500000000001,0.0244,0.054,456774636701154.562500
0.09686000000000006,0.0228,0.0468,456774636701154.562500
0.09687000000000001,0.0236,0.056400000000000006,456774636701154.562500
0.09688000000000008,0.0204,0.054,456774636701154.562500
0.09689000000000003,0.0204,0.058,456774636701154.562500
0.0969000000000001,0.022000000000000002,0.054,456774636701154.562500
0.09691000000000005,0.0236,0.056400000000000006,456774636701154.562500
0.09692,0.0204,0.055600000000000004,456774636701154.562500
0.09693000000000007,0.022000000000000002,0.056400000000000006,456774636701154.562500
0.09694000000000003,0.0212,0.0548,456774636701154.562500
0.09695000000000009,0.0204,0.050800000000000005,456774636701154.562500
0.09696000000000005,0.0204,0.050800000000000005,456774636701154.562500
0.09697,0.0228,0.054,456774636701154.562500
0.09698000000000007,0.0228,0.056400000000000006,456774636701154.562500
0.09699000000000002,0.022000000000000002,0.056400000000000006,456774636701154.562500
0.09700000000000009,0.0212,0.055600000000000004,456774636701154.562500
0.09701000000000004,0.0228,0.0572,456774636701154.562500
0.09702,0.0236,0.055600000000000004,456774636701154.562500
0.09703000000000006,0.0244,0.054,456774636701154.562500
0.09704000000000002,0.0236,0.055600000000000004,456774636701154.562500
0.09705000000000008,0.022000000000000002,0.0548,456774636701154.562500
0.09706000000000004,0.0244,0.0524,456774636701154.562500
0.0970700000000001,0.0244,0.0548,456774636701154.562500
0.09708000000000006,0.0212,0.05,456774636701154.562500
0.09709000000000001,0.0252,0.0548,456774636701154.562500
0.09710000000000008,0.0236,0.055600000000000004,456774636701154.562500
0.09711000000000003,0.0228,0.0572,456774636701154.562500
0.0971200000000001,0.0236,0.055600000000000004,456774636701154.562500
0.09713000000000005,0.0236,0.050800000000000005,456774636701154.562500
0.09714,0.0236,0.0572,456774636701154.562500
0.09715000000000007,0.022000000000000002,0.054,456774636701154.562500
0.09716000000000002,0.0196,0.055600000000000004,456774636701154.562500
0.09717000000000009,0.022000000000000002,0.053200000000000004,456774636701154.562500
0.09718000000000004,0.0228,0.0516,456774636701154.562500
0.09719,0.0228,0.0388,456774636701154.562500
0.09720000000000006,0.0228,0.055600000000000004,456774636701154.562500
0.09721000000000002,0.0196,0.054,456774636701154.562500
0.09722000000000008,0.022000000000000002,0.055600000000000004,456774636701154.562500
0.09723000000000004,0.0236,0.054,456774636701154.562500
0.0972400000000001,0.0196,0.053200000000000004,456774636701154.562500
0.09725000000000006,0.0228,0.0548,456774636701154.562500
0.09726000000000001,0.0172,0.055600000000000004,456774636701154.562500
0.09727000000000008,0.018000000000000002,0.0492,456774636701154.562500
0.09728000000000003,0.0236,0.0524,456774636701154.562500
0.0972900000000001,0.0228,0.0572,456774636701154.562500
0.09730000000000005,0.0212,0.056400000000000006,456774636701154.562500
0.09731000000000001,0.0228,0.0548,456774636701154.562500
0.09732000000000007,0.0228,0.0572,456774636701154.562500
0.09733000000000003,0.0244,0.0572,456774636701154.562500
0.0973400000000001,0.0204,0.055600000000000004,456774636701154.562500
0.09735000000000005,0.0244,0.0572,456774636701154.562500
0.09736,0.0236,0.0548,456774636701154.562500
0.09737000000000007,0.0236,0.056400000000000006,456774636701154.562500
0.09738000000000002,0.0228,0.0572,456774636701154.562500
0.09739000000000009,0.0228,0.056400000000000006,456774636701154.562500
0.09740000000000004,0.022000000000000002,0.055600000000000004,456774636701154.562500
0.09741,0.0212,0.0524,456774636701154.562500
0.09742000000000006,0.022000000000000002,0.055600000000000004,456774636701154.562500
0.09743000000000002,0.0196,0.055600000000000004,456774636701154.562500
0.09744000000000008,0.0236,0.053200000000000004,456774636701154.562500
0.09745000000000004,0.022000000000000002,0.0548,456774636701154.562500
0.0974600000000001,0.0228,0.0548,456774636701154.562500
0.09747000000000006,0.0236,0.055600000000000004,456774636701154.562500
0.09748000000000001,0.0228,0.0572,456774636701154.562500
0.09749000000000008,0.0236,0.0516,456774636701154.562500
0.09750000000000003,0.022000000000000002,0.0524,456774636701154.562500
0.0975100000000001,0.0172,0.0468,456774636701154.562500
0.09752000000000005,0.0228,0.055600000000000004,456774636701154.562500
0.09753,0.0188,0.050800000000000005,456774636701154.562500
0.09754000000000007,0.0228,0.055600000000000004,456774636701154.562500
0.09755000000000003,0.0212,0.053200000000000004,456774636701154.562500
0.09756000000000009,0.022000000000000002,0.055600000000000004,456774636701154.562500
0.09757000000000005,0.0236,0.055600000000000004,456774636701154.562500
0.09758,0.022000000000000002,0.0492,456774636701154.562500
0.09759000000000007,0.0228,0.058800000000000005,456774636701154.562500
0.09760000000000002,0.0204,0.056400000000000006,456774636701154.562500
0.09761000000000009,0.0236,0.0572,456774636701154.562500
0.09762000000000004,0.0164,0.0516,456774636701154.562500
0.09763,0.0228,0.0572,456774636701154.562500
0.09764000000000006,0.018000000000000002,0.0572,456774636701154.562500
0.09765000000000001,0.0228,0.0524,456774636701154.562500
0.09766000000000008,0.0236,0.0548,456774636701154.562500
0.09767000000000003,0.0244,0.055600000000000004,456774636701154.562500
0.0976800000000001,0.0236,0.054,456774636701154.562500
0.09769000000000005,0.0252,0.055600000000000004,456774636701154.562500
0.09770000000000001,0.0244,0.055600000000000004,456774636701154.562500
0.09771000000000007,0.0236,0.054,456774636701154.562500
0.09772000000000003,0.0244,0.0524,456774636701154.562500
0.0977300000000001,0.026000000000000002,0.055600000000000004,456774636701154.562500
0.09774000000000005,0.022000000000000002,0.054,456774636701154.562500
0.09775,0.0228,0.055600000000000004,456774636701154.562500
0.09776000000000007,0.0236,0.0548,456774636701154.562500
0.09777000000000002,0.0236,0.054,456774636701154.562500
0.09778000000000009,0.0212,0.055600000000000004,456774636701154.562500
0.09779000000000004,0.0228,0.054,456774636701154.562500
0.0978,0.0212,0.055600000000000004,456774636701154.562500
0.09781000000000006,0.0236,0.0548,456774636701154.562500
0.09782000000000002,0.022000000000000002,0.056400000000000006,456774636701154.562500
0.09783000000000008,0.0212,0.056400000000000006,456774636701154.562500
0.09784000000000004,0.0236,0.055600000000000004,456774636701154.562500
0.0978500000000001,0.0204,0.056400000000000006,456774636701154.562500
0.09786000000000006,0.0228,0.0572,456774636701154.562500
0.09787000000000001,0.0196,0.055600000000000004,456774636701154.562500
0.09788000000000008,0.0244,0.058,456774636701154.562500
0.09789000000000003,0.0196,0.056400000000000006,456774636701154.562500
0.0979000000000001,0.0212,0.0548,456774636701154.562500
0.09791000000000005,0.018000000000000002,0.056400000000000006,456774636701154.562500
0.09792000000000001,0.0252,0.054,456774636701154.562500
0.09793000000000007,0.022000000000000002,0.055600000000000004,456774636701154.562500
0.09794000000000003,0.0228,0.054,456774636701154.562500
0.09795000000000009,0.0228,0.0572,456774636701154.562500
0.09796000000000005,0.0236,0.055600000000000004,456774636701154.562500
0.09797,0.0244,0.0572,456774636701154.562500
0.09798000000000007,0.0236,0.054,456774636701154.562500
0.09799000000000002,0.0244,0.055600000000000004,456774636701154.562500
0.09800000000000009,0.0252,0.0524,456774636701154.562500
0.09801000000000004,0.0236,0.0548,456774636701154.562500
0.09802,0.0236,0.054,456774636701154.562500
0.09803000000000006,0.0252,0.0516,456774636701154.562500
0.09804000000000002,0.0244,0.056400000000000006,456774636701154.562500
0.09805000000000008,0.0236,0.05,456774636701154.562500
0.09806000000000004,0.0244,0.055600000000000004,456774636701154.562500
0.0980700000000001,0.0236,0.0548,456774636701154.562500
0.09808000000000006,0.022000000000000002,0.055600000000000004,456774636701154.562500
0.09809000000000001,0.0244,0.056400000000000006,456774636701154.562500
0.09810000000000008,0.0228,0.0524,456774636701154.562500
0.09811000000000003,0.0212,0.056400000000000006,456774636701154.562500
0.0981200000000001,0.0228,0.0572,456774636701154.562500
0.09813000000000005,0.022000000000000002,0.050800000000000005,456774636701154.562500
0.09814,0.022000000000000002,0.055600000000000004,456774636701154.562500
0.09815000000000007,0.0212,0.054,456774636701154.562500
0.09816000000000003,0.022000000000000002,0.0572,456774636701154.562500
0.09817000000000009,0.0204,0.0444,456774636701154.562500
0.09818000000000005,0.0212,0.0548,456774636701154.562500
0.09819,0.0204,0.055600000000000004,456774636701154.562500
0.09820000000000007,0.0228,0.055600000000000004,456774636701154.562500
0.09821000000000002,0.0236,0.0548,456774636701154.562500
0.09822000000000009,0.0204,0.055600000000000004,456774636701154.562500
0.09823000000000004,0.0236,0.055600000000000004,456774636701154.562500
0.09824,0.0236,0.0572,456774636701154.562500
0.09825000000000006,0.0236,0.0572,456774636701154.562500
0.09826000000000001,0.0228,0.056400000000000006,456774636701154.562500
0.09827000000000008,0.0236,0.054,456774636701154.562500
0.09828000000000003,0.0244,0.056400000000000006,456774636701154.562500
0.0982900000000001,0.0252,0.054,456774636701154.562500
0.09830000000000005,0.0244,0.0572,456774636701154.562500
0.09831000000000001,0.0244,0.0548,456774636701154.562500
0.09832000000000007,0.026000000000000002,0.055600000000000004,456774636701154.562500
0.09833000000000003,0.0236,0.056400000000000006,456774636701154.562500
0.0983400000000001,0.0252,0.055600000000000004,456774636701154.562500
0.09835000000000005,0.0252,0.055600000000000004,456774636701154.562500
0.09836,0.022000000000000002,0.056400000000000006,456774636701154.562500
0.09837000000000007,0.0236,0.0548,456774636701154.562500
0.09838000000000002,0.0204,0.0516,456774636701154.562500
0.09839000000000009,0.0212,0.053200000000000004,456774636701154.562500
0.09840000000000004,0.022000000000000002,0.055600000000000004,456774636701154.562500
0.09841,0.0228,0.0548,456774636701154.562500
0.09842000000000006,0.0212,0.055600000000000004,456774636701154.562500
0.09843000000000002,0.0212,0.0548,456774636701154.562500
0.09844000000000008,0.022000000000000002,0.0548,456774636701154.562500
0.09845000000000004,0.0212,0.056400000000000006,456774636701154.562500
0.0984600000000001,0.022000000000000002,0.056400000000000006,456774636701154.562500
0.09847000000000006,0.022000000000000002,0.050800000000000005,456774636701154.562500
0.09848000000000001,0.0236,0.0572,456774636701154.562500
0.09849000000000008,0.0212,0.053200000000000004,456774636701154.562500
0.09850000000000003,0.0236,0.055600000000000004,456774636701154.562500
0.0985100000000001,0.022000000000000002,0.055600000000000004,456774636701154.562500
0.09852000000000005,0.0228,0.053200000000000004,456774636701154.562500
0.09853,0.022000000000000002,0.0548,456774636701154.562500
0.09854000000000007,0.0236,0.055600000000000004,456774636701154.562500
0.09855000000000003,0.0236,0.055600000000000004,456774636701154.562500
0.09856000000000009,0.022000000000000002,0.056400000000000006,456774636701154.562500
0.09857000000000005,0.0244,0.055600000000000004,456774636701154.562500
0.09858,0.0236,0.054,456774636701154.562500
0.09859000000000007,0.0228,0.0572,456774636701154.562500
0.09860000000000002,0.026000000000000002,0.055600000000000004,456774636701154.562500
0.09861000000000009,0.0252,0.054,456774636701154.562500
0.09862000000000004,0.0236,0.055600000000000004,456774636701154.562500
0.09863,0.0244,0.0548,456774636701154.562500
0.09864000000000006,0.0228,0.055600000000000004,456774636701154.562500
0.09865000000000002,0.0236,0.054,456774636701154.562500
0.09866000000000008,0.022000000000000002,0.056400000000000006,456774636701154.562500
0.09867000000000004,0.0212,0.0548,456774636701154.562500
0.0986800000000001,0.0244,0.055600000000000004,456774636701154.562500
0.09869000000000006,0.0228,0.055600000000000004,456774636701154.562500
0.09870000000000001,0.0228,0.0572,456774636701154.562500
0.09871000000000008,0.0228,0.055600000000000004,456774636701154.562500
0.09872000000000003,0.022000000000000002,0.055600000000000004,456774636701154.562500
0.0987300000000001,0.022000000000000002,0.055600000000000004,456774636701154.562500
0.09874000000000005,0.0228,0.0548,456774636701154.562500
0.09875,0.022000000000000002,0.0548,456774636701154.562500
0.09876000000000007,0.022000000000000002,0.0572,456774636701154.562500
0.09877000000000002,0.0204,0.054,456774636701154.562500
0.09878000000000009,0.0236,0.0516,456774636701154.562500
0.09879000000000004,0.0204,0.05,456774636701154.562500
0.0988,0.0228,0.055600000000000004,456774636701154.562500
0.09881000000000006,0.0228,0.0548,456774636701154.562500
0.09882000000000002,0.0236,0.056400000000000006,456774636701154.562500
0.09883000000000008,0.0228,0.0548,456774636701154.562500
0.09884000000000004,0.0204,0.056400000000000006,456774636701154.562500
0.0988500000000001,0.0236,0.055600000000000004,456774636701154.562500
0.09886000000000006,0.0252,0.056400000000000006,456774636701154.562500
0.09887000000000001,0.0228,0.055600000000000004,456774636701154.562500
0.09888000000000008,0.0228,0.056400000000000006,456774636701154.562500
0.09889000000000003,0.0228,0.0572,456774636701154.562500
0.0989000000000001,0.018000000000000002,0.054,456774636701154.562500
0.09891000000000005,0.026000000000000002,0.054,456774636701154.562500
0.09892000000000001,0.0212,0.056400000000000006,456774636701154.562500
0.09893000000000007,0.0236,0.05,456774636701154.562500
0.09894000000000003,0.022000000000000002,0.056400000000000006,456774636701154.562500
0.0989500000000001,0.0228,0.055600000000000004,456774636701154.562500
0.09896000000000005,0.0236,0.056400000000000006,456774636701154.562500
0.09897,0.0244,0.0572,456774636701154.562500
0.09898000000000007,0.0236,0.0572,456774636701154.562500
0.09899000000000002,0.0244,0.0524,456774636701154.562500
0.09900000000000009,0.0212,0.055600000000000004,456774636701154.562500
0.09901000000000004,0.0236,0.0524,456774636701154.562500
0.09902,0.0236,0.056400000000000006,456774636701154.562500
0.09903000000000006,0.0228,0.0524,456774636701154.562500
0.09904000000000002,0.022000000000000002,0.0524,456774636701154.562500
0.09905000000000008,0.0212,0.0492,456774636701154.562500
0.09906000000000004,0.022000000000000002,0.055600000000000004,456774636701154.562500
0.0990700000000001,0.0204,0.054,456774636701154.562500
0.09908000000000006,0.022000000000000002,0.055600000000000004,456774636701154.562500
0.09909000000000001,0.0204,0.054,456774636701154.562500
0.09910000000000008,0.0228,0.0572,456774636701154.562500
0.09911000000000003,0.0196,0.0548,456774636701154.562500
0.0991200000000001,0.0188,0.05,456774636701154.562500
0.09913000000000005,0.018000000000000002,0.055600000000000004,456774636701154.562500
0.09914,0.0204,0.0572,456774636701154.562500
0.09915000000000007,0.022000000000000002,0.055600000000000004,456774636701154.562500
0.09916000000000003,0.0244,0.056400000000000006,456774636701154.562500
0.09917000000000009,0.0228,0.0516,456774636701154.562500
0.09918000000000005,0.0236,0.0572,456774636701154.562500
0.09919,0.0244,0.0572,456774636701154.562500
0.09920000000000007,0.0252,0.058,456774636701154.562500
0.09921000000000002,0.0244,0.054,456774636701154.562500
0.09922000000000009,0.0252,0.056400000000000006,456774636701154.562500
0.09923000000000004,0.0236,0.055600000000000004,456774636701154.562500
0.09924,0.0228,0.056400000000000006,456774636701154.562500
0.09925000000000006,0.0252,0.0548,456774636701154.562500
0.09926000000000001,0.026000000000000002,0.056400000000000006,456774636701154.562500
0.09927000000000008,0.0252,0.055600000000000004,456774636701154.562500
0.09928000000000003,0.0228,0.0516,456774636701154.562500
0.0992900000000001,0.0204,0.056400000000000006,456774636701154.562500
0.09930000000000005,0.0228,0.0524,456774636701154.562500
0.09931000000000001,0.0212,0.0572,456774636701154.562500
0.09932000000000007,0.0236,0.05,456774636701154.562500
0.09933000000000003,0.0236,0.055600000000000004,456774636701154.562500
0.0993400000000001,0.0204,0.0516,456774636701154.562500
0.09935000000000005,0.0228,0.055600000000000004,456774636701154.562500
0.09936,0.022000000000000002,0.056400000000000006,456774636701154.562500
0.09937000000000007,0.022000000000000002,0.055600000000000004,456774636701154.562500
0.09938000000000002,0.0212,0.0572,456774636701154.562500
0.09939000000000009,0.0212,0.0572,456774636701154.562500
0.09940000000000004,0.018000000000000002,0.055600000000000004,456774636701154.562500
0.09941,0.0244,0.056400000000000006,456774636701154.562500
0.09942000000000006,0.0236,0.056400000000000006,456774636701154.562500
0.09943000000000002,0.022000000000000002,0.0572,456774636701154.562500
0.09944000000000008,0.0228,0.056400000000000006,456774636701154.562500
0.09945000000000004,0.0228,0.053200000000000004,456774636701154.562500
0.0994600000000001,0.022000000000000002,0.055600000000000004,456774636701154.562500
0.09947000000000006,0.0244,0.054,456774636701154.562500
0.09948000000000001,0.022000000000000002,0.0516,456774636701154.562500
0.09949000000000008,0.0252,0.053200000000000004,456774636701154.562500
0.09950000000000003,0.0244,0.0548,456774636701154.562500
0.0995100000000001,0.026000000000000002,0.0548,456774636701154.562500
0.09952000000000005,0.0268,0.0516,456774636701154.562500
0.09953000000000001,0.0236,0.0572,456774636701154.562500
0.09954000000000007,0.0244,0.054,456774636701154.562500
0.09955000000000003,0.0244,0.056400000000000006,456774636701154.562500
0.09956000000000009,0.022000000000000002,0.0548,456774636701154.562500
0.09957000000000005,0.0244,0.055600000000000004,456774636701154.562500
0.09958,0.0212,0.0572,456774636701154.562500
0.09959000000000007,0.022000000000000002,0.056400000000000006,456774636701154.562500
0.09960000000000002,0.0204,0.0572,456774636701154.562500
0.09961000000000009,0.0228,0.0572,456774636701154.562500
0.09962000000000004,0.0204,0.055600000000000004,456774636701154.562500
0.09963,0.0236,0.056400000000000006,456774636701154.562500
0.09964000000000006,0.018000000000000002,0.0548,456774636701154.562500
0.09965000000000002,0.022000000000000002,0.0572,456774636701154.562500
0.09966000000000008,0.0212,0.0492,456774636701154.562500
0.09967000000000004,0.0212,0.056400000000000006,456774636701154.562500
0.0996800000000001,0.0204,0.0516,456774636701154.562500
0.09969000000000006,0.0196,0.0548,456774636701154.562500
0.09970000000000001,0.022000000000000002,0.054,456774636701154.562500
0.09971000000000008,0.0236,0.056400000000000006,456774636701154.562500
0.09972000000000003,0.0196,0.054,456774636701154.562500
0.0997300000000001,0.0212,0.050800000000000005,456774636701154.562500
0.09974000000000005,0.0196,0.055600000000000004,456774636701154.562500
0.09975,0.0204,0.0572,456774636701154.562500
0.09976000000000007,0.018000000000000002,0.0572,456774636701154.562500
0.09977000000000003,0.0236,0.055600000000000004,456774636701154.562500
0.09978000000000009,0.022000000000000002,0.056400000000000006,456774636701154.562500
0.09979000000000005,0.0228,0.055600000000000004,456774636701154.562500
0.0998,0.0244,0.0516,456774636701154.562500
0.09981000000000007,0.0252,0.056400000000000006,456774636701154.562500
0.09982000000000002,0.0236,0.0572,456774636701154.562500
0.09983000000000009,0.0244,0.056400000000000006,456774636701154.562500
0.09984000000000004,0.0244,0.058,456774636701154.562500
0.09985,0.0252,0.0548,456774636701154.562500
0.09986000000000006,0.0252,0.056400000000000006,456774636701154.562500
0.09987000000000001,0.0244,0.0548,456774636701154.562500
0.09988000000000008,0.0244,0.056400000000000006,456774636701154.562500
0.09989000000000003,0.0244,0.056400000000000006,456774636701154.562500
0.0999000000000001,0.0244,0.056400000000000006,456774636701154.562500
0.09991000000000005,0.0244,0.056400000000000006,456774636701154.562500
0.09992000000000001,0.022000000000000002,0.0548,456774636701154.562500
0.09993000000000007,0.0236,0.054,456774636701154.562500
0.09994000000000003,0.022000000000000002,0.0548,456774636701154.562500
0.0999500000000001,0.0196,0.0572,456774636701154.562500
0.09996000000000005,0.0204,0.0548,456774636701154.562500
0.09997,0.0228,0.0572,456774636701154.562500
0.09998000000000007,0.022000000000000002,0.0548,456774636701154.562500
0.09999000000000002,0.0228,0.055600000000000004,456774636701154.562500
0.10000000000000009,0.0212,0.050800000000000005,456774636701154.562500
0.10001000000000004,0.0164,0.0548,456774636701154.562500
0.10002,0.0204,0.0516,456774636701154.562500
0.10003000000000006,0.022000000000000002,0.054,456774636701154.562500
0.10004000000000002,0.0228,0.053200000000000004,456774636701154.562500
0.10005000000000008,0.0236,0.0524,456774636701154.562500
0.10006000000000004,0.022000000000000002,0.054,456774636701154.562500
0.1000700000000001,0.0236,0.0476,456774636701154.562500
0.10008000000000006,0.0244,0.055600000000000004,456774636701154.562500
0.10009000000000001,0.0252,0.056400000000000006,456774636701154.562500
0.10010000000000008,0.0244,0.0572,456774636701154.562500
0.10011000000000003,0.0236,0.056400000000000006,456774636701154.562500
0.1001200000000001,0.0252,0.056400000000000006,456774636701154.562500
0.10013000000000005,0.0244,0.054,456774636701154.562500
0.10014,0.026000000000000002,0.054,456774636701154.562500
0.10015000000000007,0.0244,0.056400000000000006,456774636701154.562500
0.10016000000000003,0.026000000000000002,0.053200000000000004,456774636701154.562500
0.10017000000000009,0.0252,0.054,456774636701154.562500
0.10018000000000005,0.0228,0.0548,456774636701154.562500
0.10019,0.0244,0.0572,456774636701154.562500
0.10020000000000007,0.0204,0.056400000000000006,456774636701154.562500
0.10021000000000002,0.022000000000000002,0.056400000000000006,456774636701154.562500
0.10022000000000009,0.0236,0.056400000000000006,456774636701154.562500
0.10023000000000004,0.0236,0.0572,456774636701154.562500
0.10024,0.022000000000000002,0.0548,456774636701154.562500
0.10025000000000006,0.0252,0.055600000000000004,456774636701154.562500
0.10026000000000002,0.0228,0.056400000000000006,456774636701154.562500
0.10027000000000008,0.0244,0.0572,456774636701154.562500
0.10028000000000004,0.022000000000000002,0.054,456774636701154.562500
0.1002900000000001,0.0236,0.0524,456774636701154.562500
0.10030000000000006,0.0204,0.055600000000000004,456774636701154.562500
0.10031000000000001,0.022000000000000002,0.056400000000000006,456774636701154.562500
0.10032000000000008,0.022000000000000002,0.0548,456774636701154.562500
0.10033000000000003,0.022000000000000002,0.058,456774636701154.562500
0.1003400000000001,0.0212,0.0572,456774636701154.562500
0.10035000000000005,0.0228,0.0572,456774636701154.562500
0.10036,0.0212,0.056400000000000006,456774636701154.562500
0.10037000000000007,0.0228,0.056400000000000006,456774636701154.562500
0.10038000000000002,0.0212,0.0572,456774636701154.562500
0.10039000000000009,0.0212,0.0516,456774636701154.562500
0.10040000000000004,0.0244,0.0548,456774636701154.562500
0.10041,0.0252,0.0524,456774636701154.562500
0.10042000000000006,0.0244,0.054,456774636701154.562500
0.10043000000000002,0.0236,0.046,456774636701154.562500
0.10044000000000008,0.0252,0.050800000000000005,456774636701154.562500
0.10045000000000004,0.0252,0.0412,456774636701154.562500
0.10046,0.022000000000000002,0.0516,456774636701154.562500
0.10047000000000006,0.026000000000000002,0.05,456774636701154.562500
0.10048000000000001,0.0236,0.056400000000000006,456774636701154.562500
0.10049000000000008,0.0252,0.056400000000000006,456774636701154.562500
0.10050000000000003,0.0212,0.056400000000000006,456774636701154.562500
0.1005100000000001,0.0244,0.0548,456774636701154.562500
0.10052000000000005,0.026000000000000002,0.0548,456774636701154.562500
0.10053000000000001,0.0212,0.058800000000000005,456774636701154.562500
0.10054000000000007,0.0236,0.056400000000000006,456774636701154.562500
0.10055000000000003,0.0228,0.056400000000000006,456774636701154.562500
0.1005600000000001,0.0236,0.056400000000000006,456774636701154.562500
0.10057000000000005,0.0244,0.055600000000000004,456774636701154.562500
0.10058,0.022000000000000002,0.054,456774636701154.562500
0.10059000000000007,0.022000000000000002,0.056400000000000006,456774636701154.562500
0.10060000000000002,0.0228,0.053200000000000004,456774636701154.562500
0.10061000000000009,0.0236,0.0548,456774636701154.562500
0.10062000000000004,0.022000000000000002,0.0572,456774636701154.562500
0.10063,0.0228,0.0572,456774636701154.562500
0.10064000000000006,0.0236,0.054,456774636701154.562500
0.10065000000000002,0.0228,0.056400000000000006,456774636701154.562500
0.10066000000000008,0.022000000000000002,0.0548,456774636701154.562500
0.10067000000000004,0.022000000000000002,0.0572,456774636701154.562500
0.1006800000000001,0.0204,0.0572,456774636701154.562500
0.10069000000000006,0.0236,0.058,456774636701154.562500
0.10070000000000001,0.0244,0.0572,456774636701154.562500
0.10071000000000008,0.0228,0.056400000000000006,456774636701154.562500
0.10072000000000003,0.0252,0.055600000000000004,456774636701154.562500
0.1007300000000001,0.0228,0.0572,456774636701154.562500
0.10074000000000005,0.0228,0.0572,456774636701154.562500
0.10075,0.0252,0.056400000000000006,456774636701154.562500
0.10076000000000007,0.0244,0.058,456774636701154.562500
0.10077000000000003,0.0228,0.0548,456774636701154.562500
0.10078000000000009,0.0244,0.0572,456774636701154.562500
0.10079000000000005,0.0244,0.0572,456774636701154.562500
0.1008,0.022000000000000002,0.056400000000000006,456774636701154.562500
0.10081000000000007,0.0244,0.056400000000000006,456774636701154.562500
0.10082000000000002,0.0228,0.055600000000000004,456774636701154.562500
0.10083000000000009,0.0236,0.056400000000000006,456774636701154.562500
0.10084000000000004,0.0212,0.058,456774636701154.562500
0.10085,0.0244,0.058,456774636701154.562500
0.10086000000000006,0.0236,0.055600000000000004,456774636701154.562500
0.10087000000000002,0.0228,0.055600000000000004,456774636701154.562500
0.10088000000000008,0.0228,0.0572,456774636701154.562500
0.10089000000000004,0.0212,0.056400000000000006,456774636701154.562500
0.1009000000000001,0.0204,0.058,456774636701154.562500
0.10091000000000006,0.0228,0.055600000000000004,456774636701154.562500
0.10092000000000001,0.0196,0.055600000000000004,456774636701154.562500
0.10093000000000008,0.022000000000000002,0.056400000000000006,456774636701154.562500
0.10094000000000003,0.0204,0.0572,456774636701154.562500
0.1009500000000001,0.022000000000000002,0.0524,456774636701154.562500
0.10096000000000005,0.0204,0.056400000000000006,456774636701154.562500
0.10097,0.0244,0.055600000000000004,456774636701154.562500
0.10098000000000007,0.0204,0.056400000000000006,456774636701154.562500
0.10099000000000002,0.022000000000000002,0.056400000000000006,456774636701154.562500
0.10100000000000009,0.022000000000000002,0.0516,456774636701154.562500
0.10101000000000004,0.022000000000000002,0.0548,456774636701154.562500
0.10102,0.0244,0.0572,456774636701154.562500
0.10103000000000006,0.0204,0.0516,456774636701154.562500
0.10104000000000002,0.0244,0.055600000000000004,456774636701154.562500
0.10105000000000008,0.022000000000000002,0.056400000000000006,456774636701154.562500
0.10106000000000004,0.026000000000000002,0.055600000000000004,456774636701154.562500
0.1010700000000001,0.0244,0.0548,456774636701154.562500
0.10108000000000006,0.0252,0.0548,456774636701154.562500
0.10109000000000001,0.0252,0.055600000000000004,456774636701154.562500
0.10110000000000008,0.0252,0.056400000000000006,456774636701154.562500
0.10111000000000003,0.0252,0.055600000000000004,456774636701154.562500
0.1011200000000001,0.022000000000000002,0.042800000000000005,456774636701154.562500
0.10113000000000005,0.0244,0.055600000000000004,456774636701154.562500
0.10114000000000001,0.0236,0.056400000000000006,456774636701154.562500
0.10115000000000007,0.0236,0.056400000000000006,456774636701154.562500
0.10116000000000003,0.022000000000000002,0.056400000000000006,456774636701154.562500
0.1011700000000001,0.0228,0.056400000000000006,456774636701154.562500
0.10118000000000005,0.0228,0.054,456774636701154.562500
0.10119,0.022000000000000002,0.0516,456774636701154.562500
0.10120000000000007,0.022000000000000002,0.058,456774636701154.562500
0.10121000000000002,0.0228,0.055600000000000004,456774636701154.562500
0.10122000000000009,0.0228,0.056400000000000006,456774636701154.562500
0.10123000000000004,0.0212,0.0524,456774636701154.562500
0.10124,0.022000000000000002,0.0548,456774636701154.562500
0.10125000000000006,0.022000000000000002,0.0548,456774636701154.562500
0.10126000000000002,0.0228,0.053200000000000004,456774636701154.562500
0.10127000000000008,0.0228,0.0524,456774636701154.562500
0.10128000000000004,0.022000000000000002,0.056400000000000006,456774636701154.562500
0.1012900000000001,0.022000000000000002,0.0572,456774636701154.562500
0.10130000000000006,0.0244,0.056400000000000006,456774636701154.562500
0.10131000000000001,0.0228,0.0572,456774636701154.562500
0.10132000000000008,0.022000000000000002,0.058,456774636701154.562500
0.10133000000000003,0.0236,0.0572,456774636701154.562500
0.1013400000000001,0.0252,0.0524,456774636701154.562500
0.10135000000000005,0.0252,0.0572,456774636701154.562500
0.10136,0.0252,0.055600000000000004,456774636701154.562500
0.10137000000000007,0.0244,0.055600000000000004,456774636701154.562500
0.10138000000000003,0.0252,0.053200000000000004,456774636701154.562500
0.10139000000000009,0.0236,0.0548,456774636701154.562500
0.10140000000000005,0.0228,0.0524,456774636701154.562500
0.10141,0.0236,0.048400000000000006,456774636701154.562500
0.10142000000000007,0.026000000000000002,0.0572,456774636701154.562500
0.10143000000000002,0.022000000000000002,0.0516,456774636701154.562500
0.10144000000000009,0.0236,0.054,456774636701154.562500
0.10145000000000004,0.0228,0.0548,456774636701154.562500
0.10146,0.0212,0.048400000000000006,456774636701154.562500
0.10147000000000006,0.0212,0.050800000000000005,456774636701154.562500
0.10148000000000001,0.022000000000000002,0.050800000000000005,456774636701154.562500
0.10149000000000008,0.022000000000000002,0.0516,456774636701154.562500
0.10150000000000003,0.0228,0.056400000000000006,456774636701154.562500
0.1015100000000001,0.0228,0.0572,456774636701154.562500
0.10152000000000005,0.0212,0.056400000000000006,456774636701154.562500
0.10153000000000001,0.0236,0.0572,456774636701154.562500
0.10154000000000007,0.0228,0.0548,456774636701154.562500
0.10155000000000003,0.022000000000000002,0.055600000000000004,456774636701154.562500
0.1015600000000001,0.022000000000000002,0.055600000000000004,456774636701154.562500
0.10157000000000005,0.0212,0.0572,456774636701154.562500
0.10158,0.0236,0.054,456774636701154.562500
0.10159000000000007,0.0228,0.0572,456774636701154.562500
0.10160000000000002,0.0244,0.0548,456774636701154.562500
0.10161000000000009,0.022000000000000002,0.0548,456774636701154.562500
0.10162000000000004,0.0244,0.054,456774636701154.562500
0.10163,0.0236,0.056400000000000006,456774636701154.562500
0.10164000000000006,0.0244,0.056400000000000006,456774636701154.562500
0.10165000000000002,0.0228,0.0572,456774636701154.562500
0.10166000000000008,0.0252,0.056400000000000006,456774636701154.562500
0.10167000000000004,0.0252,0.055600000000000004,456774636701154.562500
0.1016800000000001,0.0244,0.055600000000000004,456774636701154.562500
0.10169000000000006,0.0244,0.055600000000000004,456774636701154.562500
0.10170000000000001,0.0244,0.053200000000000004,456774636701154.562500
0.10171000000000008,0.0244,0.055600000000000004,456774636701154.562500
0.10172000000000003,0.0236,0.0516,456774636701154.562500
0.1017300000000001,0.0228,0.054,456774636701154.562500
0.10174000000000005,0.0236,0.055600000000000004,456774636701154.562500
0.10175000000000001,0.0228,0.056400000000000006,456774636701154.562500
0.10176000000000007,0.0228,0.054,456774636701154.562500
0.10177000000000003,0.0228,0.0548,456774636701154.562500
0.10178000000000009,0.0228,0.054,456774636701154.562500
0.10179000000000005,0.022000000000000002,0.056400000000000006,456774636701154.562500
0.1018,0.0212,0.056400000000000006,456774636701154.562500
0.10181000000000007,0.0196,0.056400000000000006,456774636701154.562500
0.10182000000000002,0.0228,0.0548,456774636701154.562500
0.10183000000000009,0.022000000000000002,0.0524,456774636701154.562500
0.10184000000000004,0.0228,0.056400000000000006,456774636701154.562500
0.10185,0.0228,0.050800000000000005,456774636701154.562500
0.10186000000000006,0.0236,0.053200000000000004,456774636701154.562500
0.10187000000000002,0.0196,0.058,456774636701154.562500
0.10188000000000008,0.0172,0.055600000000000004,456774636701154.562500
0.10189000000000004,0.0188,0.055600000000000004,456774636701154.562500
0.1019000000000001,0.0228,0.056400000000000006,456774636701154.562500
0.10191000000000006,0.0204,0.056400000000000006,456774636701154.562500
0.10192000000000001,0.0196,0.056400000000000006,456774636701154.562500
0.10193000000000008,0.0212,0.056400000000000006,456774636701154.562500
0.10194000000000003,0.0228,0.056400000000000006,456774636701154.562500
0.1019500000000001,0.0236,0.0572,456774636701154.562500
0.10196000000000005,0.0252,0.055600000000000004,456774636701154.562500
0.10197,0.0244,0.05,456774636701154.562500
0.10198000000000007,0.0252,0.055600000000000004,456774636701154.562500
0.10199000000000003,0.0228,0.054,456774636701154.562500
0.10200000000000009,0.0244,0.0548,456774636701154.562500
0.10201000000000005,0.0244,0.054,456774636701154.562500
0.10202,0.0236,0.055600000000000004,456774636701154.562500
0.10203000000000007,0.0228,0.055600000000000004,456774636701154.562500
0.10204000000000002,0.022000000000000002,0.0548,456774636701154.562500
0.10205000000000009,0.0228,0.053200000000000004,456774636701154.562500
0.10206000000000004,0.022000000000000002,0.056400000000000006,456774636701154.562500
0.10207,0.0228,0.056400000000000006,456774636701154.562500
0.10208000000000006,0.0244,0.0548,456774636701154.562500
0.10209000000000001,0.0228,0.0572,456774636701154.562500
0.10210000000000008,0.0228,0.058,456774636701154.562500
0.10211000000000003,0.0204,0.053200000000000004,456774636701154.562500
0.1021200000000001,0.0204,0.055600000000000004,456774636701154.562500
0.10213000000000005,0.0228,0.054,456774636701154.562500
0.10214000000000001,0.0212,0.058,456774636701154.562500
0.10215000000000007,0.0236,0.0548,456774636701154.562500
0.10216000000000003,0.022000000000000002,0.058,456774636701154.562500
0.1021700000000001,0.022000000000000002,0.055600000000000004,456774636701154.562500
0.10218000000000005,0.022000000000000002,0.056400000000000006,456774636701154.562500
0.10219,0.0196,0.056400000000000006,456774636701154.562500
0.10220000000000007,0.0196,0.056400000000000006,456774636701154.562500
0.10221000000000002,0.0188,0.056400000000000006,456774636701154.562500
0.10222000000000009,0.018000000000000002,0.0548,456774636701154.562500
0.10223000000000004,0.022000000000000002,0.0516,456774636701154.562500
0.10224,0.0188,0.054,456774636701154.562500
0.10225000000000006,0.0244,0.0548,456774636701154.562500
0.10226000000000002,0.0236,0.056400000000000006,456774636701154.562500
0.10227000000000008,0.0228,0.054,456774636701154.562500
0.10228000000000004,0.0244,0.056400000000000006,456774636701154.562500
0.1022900000000001,0.026000000000000002,0.0572,456774636701154.562500
0.10230000000000006,0.0244,0.056400000000000006,456774636701154.562500
0.10231000000000001,0.0252,0.054,456774636701154.562500
0.10232000000000008,0.0244,0.055600000000000004,456774636701154.562500
0.10233000000000003,0.0244,0.0572,456774636701154.562500
0.1023400000000001,0.0236,0.055600000000000004,456774636701154.562500
0.10235000000000005,0.0236,0.050800000000000005,456774636701154.562500
0.10236,0.0236,0.0516,456774636701154.562500
0.10237000000000007,0.0236,0.053200000000000004,456774636701154.562500
0.10238000000000003,0.0236,0.0548,456774636701154.562500
0.10239000000000009,0.0228,0.055600000000000004,456774636701154.562500
0.10240000000000005,0.022000000000000002,0.0572,456774636701154.562500
0.10241,0.0212,0.053200000000000004,456774636701154.562500
0.10242000000000007,0.0228,0.0572,456774636701154.562500
0.10243000000000002,0.0212,0.053200000000000004,456774636701154.562500
0.10244000000000009,0.0228,0.0572,456774636701154.562500
0.10245000000000004,0.0228,0.0572,456774636701154.562500
0.10246,0.022000000000000002,0.0572,456774636701154.562500
0.10247000000000006,0.0212,0.056400000000000006,456774636701154.562500
0.10248000000000002,0.022000000000000002,0.054,456774636701154.562500
0.10249000000000008,0.0212,0.056400000000000006,456774636701154.562500
0.10250000000000004,0.0196,0.054,456774636701154.562500
0.1025100000000001,0.0212,0.054,456774636701154.562500
0.10252000000000006,0.0188,0.0516,456774636701154.562500
0.10253000000000001,0.0244,0.055600000000000004,456774636701154.562500
0.10254000000000008,0.0244,0.050800000000000005,456774636701154.562500
0.10255000000000003,0.0236,0.055600000000000004,456774636701154.562500
0.1025600000000001,0.0204,0.055600000000000004,456774636701154.562500
0.10257000000000005,0.0212,0.055600000000000004,456774636701154.562500
0.10258,0.0212,0.056400000000000006,456774636701154.562500
0.10259000000000007,0.018000000000000002,0.048400000000000006,456774636701154.562500
0.10260000000000002,0.018000000000000002,0.040400000000000005,456774636701154.562500
0.10261000000000009,0.0244,0.042,456774636701154.562500
0.10262000000000004,0.0244,0.040400000000000005,456774636701154.562500
0.10263,0.0228,0.045200000000000004,456774636701154.562500
0.10264000000000006,0.0196,0.055600000000000004,456774636701154.562500
0.10265000000000002,0.0196,0.0516,456774636701154.562500
0.10266000000000008,0.0228,0.055600000000000004,456774636701154.562500
0.10267000000000004,0.0188,0.0524,456774636701154.562500
0.1026800000000001,0.0196,0.048400000000000006,456774636701154.562500
0.10269000000000006,0.018000000000000002,0.053200000000000004,456774636701154.562500
0.10270000000000001,0.022000000000000002,0.055600000000000004,456774636701154.562500
0.10271000000000008,0.022000000000000002,0.0548,456774636701154.562500
0.10272000000000003,0.0236,0.056400000000000006,456774636701154.562500
0.1027300000000001,0.0244,0.055600000000000004,456774636701154.562500
0.10274000000000005,0.022000000000000002,0.054,456774636701154.562500
0.10275000000000001,0.022000000000000002,0.055600000000000004,456774636701154.562500
0.10276000000000007,0.0212,0.056400000000000006,456774636701154.562500
0.10277000000000003,0.0204,0.058,456774636701154.562500
0.1027800000000001,0.0188,0.0572,456774636701154.562500
0.10279000000000005,0.018000000000000002,0.056400000000000006,456774636701154.562500
0.1028,0.0212,0.056400000000000006,456774636701154.562500
0.10281000000000007,0.0244,0.056400000000000006,456774636701154.562500
0.10282000000000002,0.0236,0.0572,456774636701154.562500
0.10283000000000009,0.0244,0.0572,456774636701154.562500
0.10284000000000004,0.0228,0.055600000000000004,456774636701154.562500
0.10285,0.0236,0.0524,456774636701154.562500
0.10286000000000006,0.0228,0.055600000000000004,456774636701154.562500
0.10287000000000002,0.0228,0.055600000000000004,456774636701154.562500
0.10288000000000008,0.0252,0.056400000000000006,456774636701154.562500
0.10289000000000004,0.0236,0.053200000000000004,456774636701154.562500
0.1029000000000001,0.0244,0.056400000000000006,456774636701154.562500
0.10291000000000006,0.0244,0.056400000000000006,456774636701154.562500
0.10292000000000001,0.0236,0.054,456774636701154.562500
0.10293000000000008,0.0244,0.0548,456774636701154.562500
0.10294000000000003,0.0236,0.056400000000000006,456774636701154.562500
0.1029500000000001,0.022000000000000002,0.0524,456774636701154.562500
0.10296000000000005,0.0236,0.056400000000000006,456774636701154.562500
0.10297,0.0228,0.056400000000000006,456774636701154.562500
0.10298000000000007,0.022000000000000002,0.055600000000000004,456774636701154.562500
0.10299000000000003,0.0228,0.055600000000000004,456774636701154.562500
0.10300000000000009,0.0212,0.054,456774636701154.562500
0.10301000000000005,0.022000000000000002,0.056400000000000006,456774636701154.562500
0.10302,0.0204,0.0548,456774636701154.562500
0.10303000000000007,0.0228,0.058,456774636701154.562500
0.10304000000000002,0.0204,0.054,456774636701154.562500
0.10305000000000009,0.022000000000000002,0.0548,456774636701154.562500
0.10306000000000004,0.0228,0.053200000000000004,456774636701154.562500
0.10307,0.0228,0.0548,456774636701154.562500
0.10308000000000006,0.022000000000000002,0.055600000000000004,456774636701154.562500
0.10309000000000001,0.0236,0.0572,456774636701154.562500
0.10310000000000008,0.0228,0.0548,456774636701154.562500
0.10311000000000003,0.0228,0.054,456774636701154.562500
0.1031200000000001,0.0236,0.053200000000000004,456774636701154.562500
0.10313000000000005,0.022000000000000002,0.054,456774636701154.562500
0.10314000000000001,0.0236,0.056400000000000006,456774636701154.562500
0.10315000000000007,0.0244,0.056400000000000006,456774636701154.562500
0.10316000000000003,0.026000000000000002,0.0572,456774636701154.562500
0.1031700000000001,0.0244,0.056400000000000006,456774636701154.562500
0.10318000000000005,0.0236,0.056400000000000006,456774636701154.562500
0.10319,0.0236,0.056400000000000006,456774636701154.562500
0.10320000000000007,0.0244,0.055600000000000004,456774636701154.562500
0.10321000000000002,0.0236,0.0572,456774636701154.562500
0.10322000000000009,0.0244,0.0572,456774636701154.562500
0.10323000000000004,0.0236,0.055600000000000004,456774636701154.562500
0.10324,0.0244,0.0572,456774636701154.562500
0.10325000000000006,0.0228,0.055600000000000004,456774636701154.562500
0.10326000000000002,0.0244,0.054,456774636701154.562500
0.10327000000000008,0.022000000000000002,0.055600000000000004,456774636701154.562500
0.10328000000000004,0.0228,0.055600000000000004,456774636701154.562500
0.1032900000000001,0.0228,0.056400000000000006,456774636701154.562500
0.10330000000000006,0.022000000000000002,0.0572,456774636701154.562500
0.10331000000000001,0.0188,0.0548,456774636701154.562500
0.10332000000000008,0.0228,0.0548,456774636701154.562500
0.10333000000000003,0.022000000000000002,0.055600000000000004,456774636701154.562500
0.1033400000000001,0.0212,0.055600000000000004,456774636701154.562500
0.10335000000000005,0.022000000000000002,0.056400000000000006,456774636701154.562500
0.10336000000000001,0.0212,0.054,456774636701154.562500
0.10337000000000007,0.0236,0.055600000000000004,456774636701154.562500
0.10338000000000003,0.022000000000000002,0.0548,456774636701154.562500
0.10339000000000009,0.0236,0.0572,456774636701154.562500
0.10340000000000005,0.022000000000000002,0.056400000000000006,456774636701154.562500
0.10341,0.0236,0.0548,456774636701154.562500
0.10342000000000007,0.0228,0.058,456774636701154.562500
0.10343000000000002,0.0244,0.0548,456774636701154.562500
0.10344000000000009,0.0196,0.0572,456774636701154.562500
0.10345000000000004,0.0228,0.055600000000000004,456774636701154.562500
0.10346,0.0236,0.053200000000000004,456774636701154.562500
0.10347000000000006,0.0236,0.0548,456774636701154.562500
0.10348000000000002,0.0252,0.0548,456774636701154.562500
0.10349000000000008,0.0204,0.0524,456774636701154.562500
0.10350000000000004,0.0228,0.045200000000000004,456774636701154.562500
0.1035100000000001,0.0236,0.05,456774636701154.562500
0.10352000000000006,0.022000000000000002,0.056400000000000006,456774636701154.562500
0.10353000000000001,0.0228,0.058,456774636701154.562500
0.10354000000000008,0.0196,0.0572,456774636701154.562500
0.10355000000000003,0.0228,0.056400000000000006,456774636701154.562500
0.1035600000000001,0.0228,0.0516,456774636701154.562500
0.10357000000000005,0.0196,0.0388,456774636701154.562500
0.10358,0.0236,0.0548,456774636701154.562500
0.10359000000000007,0.022000000000000002,0.055600000000000004,456774636701154.562500
0.10360000000000003,0.0228,0.056400000000000006,456774636701154.562500
0.10361000000000009,0.022000000000000002,0.0572,456774636701154.562500
0.10362000000000005,0.0212,0.055600000000000004,456774636701154.562500
0.10363,0.0236,0.054,456774636701154.562500
0.10364000000000007,0.0228,0.054,456774636701154.562500
0.10365000000000002,0.0212,0.056400000000000006,456774636701154.562500
0.10366000000000009,0.0204,0.0548,456774636701154.562500
0.10367000000000004,0.0228,0.055600000000000004,456774636701154.562500
0.10368,0.0212,0.056400000000000006,456774636701154.562500
0.10369000000000006,0.0212,0.055600000000000004,456774636701154.562500
0.10370000000000001,0.022000000000000002,0.0524,456774636701154.562500
0.10371000000000008,0.0244,0.0548,456774636701154.562500
0.10372000000000003,0.022000000000000002,0.0524,456774636701154.562500
0.1037300000000001,0.0236,0.0548,456774636701154.562500
0.10374000000000005,0.0228,0.053200000000000004,456774636701154.562500
0.10375000000000001,0.0228,0.053200000000000004,456774636701154.562500
0.10376000000000007,0.022000000000000002,0.055600000000000004,456774636701154.562500
0.10377000000000003,0.0244,0.0524,456774636701154.562500
0.1037800000000001,0.0236,0.056400000000000006,456774636701154.562500
0.10379000000000005,0.0236,0.0572,456774636701154.562500
0.1038,0.0244,0.05,456774636701154.562500
0.10381000000000007,0.0252,0.046,456774636701154.562500
0.10382000000000002,0.0236,0.056400000000000006,456774636701154.562500
0.10383000000000009,0.0236,0.055600000000000004,456774636701154.562500
0.10384000000000004,0.0244,0.0548,456774636701154.562500
0.10385,0.0236,0.055600000000000004,456774636701154.562500
0.10386000000000006,0.0212,0.056400000000000006,456774636701154.562500
0.10387000000000002,0.022000000000000002,0.054,456774636701154.562500
0.10388000000000008,0.0236,0.056400000000000006,456774636701154.562500
0.10389000000000004,0.0228,0.055600000000000004,456774636701154.562500
0.1039000000000001,0.0228,0.055600000000000004,456774636701154.562500
0.10391000000000006,0.0212,0.0572,456774636701154.562500
0.10392000000000001,0.0228,0.056400000000000006,456774636701154.562500
0.10393000000000008,0.022000000000000002,0.0572,456774636701154.562500
0.10394000000000003,0.022000000000000002,0.054,456774636701154.562500
0.1039500000000001,0.022000000000000002,0.056400000000000006,456774636701154.562500
0.10396000000000005,0.022000000000000002,0.055600000000000004,456774636701154.562500
0.10397,0.0228,0.054,456774636701154.562500
0.10398000000000007,0.022000000000000002,0.055600000000000004,456774636701154.562500
0.10399000000000003,0.0228,0.055600000000000004,456774636701154.562500
0.10400000000000009,0.0228,0.0572,456774636701154.562500
0.10401000000000005,0.022000000000000002,0.0572,456774636701154.562500
0.10402,0.0236,0.054,456774636701154.562500
0.10403000000000007,0.0236,0.055600000000000004,456774636701154.562500
0.10404000000000002,0.0196,0.053200000000000004,456774636701154.562500
0.10405000000000009,0.0212,0.0548,456774636701154.562500
0.10406000000000004,0.0228,0.056400000000000006,456774636701154.562500
0.10407,0.022000000000000002,0.055600000000000004,456774636701154.562500
0.10408000000000006,0.0236,0.054,456774636701154.562500
0.10409000000000002,0.0236,0.054,456774636701154.562500
0.10410000000000008,0.0244,0.0516,456774636701154.562500
0.10411000000000004,0.0236,0.0516,456774636701154.562500
0.1041200000000001,0.0244,0.055600000000000004,456774636701154.562500
0.10413000000000006,0.0244,0.056400000000000006,456774636701154.562500
0.10414000000000001,0.022000000000000002,0.0524,456774636701154.562500
0.10415000000000008,0.0204,0.055600000000000004,456774636701154.562500
0.10416000000000003,0.0212,0.055600000000000004,456774636701154.562500
0.1041700000000001,0.022000000000000002,0.0492,456774636701154.562500
0.10418000000000005,0.0204,0.0492,456774636701154.562500
0.10419,0.0196,0.05,456774636701154.562500
0.10420000000000007,0.0204,0.0548,456774636701154.562500
0.10421000000000002,0.0212,0.0548,456774636701154.562500
0.10422000000000009,0.0196,0.0572,456774636701154.562500
0.10423000000000004,0.022000000000000002,0.055600000000000004,456774636701154.562500
0.10424,0.0228,0.056400000000000006,456774636701154.562500
0.10425000000000006,0.022000000000000002,0.055600000000000004,456774636701154.562500
0.10426000000000002,0.0228,0.0548,456774636701154.562500
0.10427000000000008,0.022000000000000002,0.0492,456774636701154.562500
0.10428000000000004,0.022000000000000002,0.0476,456774636701154.562500
0.1042900000000001,0.0236,0.048400000000000006,456774636701154.562500
0.10430000000000006,0.0244,0.053200000000000004,456774636701154.562500
0.10431000000000001,0.0236,0.0524,456774636701154.562500
0.10432000000000008,0.0228,0.055600000000000004,456774636701154.562500
0.10433000000000003,0.0228,0.0516,456774636701154.562500
0.1043400000000001,0.0212,0.0572,456774636701154.562500
0.10435000000000005,0.0236,0.0548,456774636701154.562500
0.10436000000000001,0.0236,0.053200000000000004,456774636701154.562500
0.10437000000000007,0.0204,0.054,456774636701154.562500
0.10438000000000003,0.0212,0.055600000000000004,456774636701154.562500
0.1043900000000001,0.0236,0.056400000000000006,456774636701154.562500
0.10440000000000005,0.0244,0.0572,456774636701154.562500
0.10441,0.0236,0.055600000000000004,456774636701154.562500
0.10442000000000007,0.0244,0.050800000000000005,456774636701154.562500
0.10443000000000002,0.0236,0.055600000000000004,456774636701154.562500
0.10444000000000009,0.0244,0.055600000000000004,456774636701154.562500
0.10445000000000004,0.022000000000000002,0.0548,456774636701154.562500
0.10446,0.0228,0.058,456774636701154.562500
0.10447000000000006,0.0188,0.0548,456774636701154.562500
0.10448000000000002,0.0236,0.0572,456774636701154.562500
0.10449000000000008,0.0196,0.056400000000000006,456774636701154.562500
0.10450000000000004,0.0188,0.055600000000000004,456774636701154.562500
0.1045100000000001,0.014,0.058,456774636701154.562500
0.10452000000000006,0.0228,0.054,456774636701154.562500
0.10453000000000001,0.0236,0.0476,456774636701154.562500
0.10454000000000008,0.0212,0.042,456774636701154.562500
0.10455000000000003,0.0196,0.0412,456774636701154.562500
0.1045600000000001,0.0204,0.048400000000000006,456774636701154.562500
0.10457000000000005,0.015600000000000001,0.05,456774636701154.562500
0.10458,0.0228,0.053200000000000004,456774636701154.562500
0.10459000000000007,0.0204,0.0524,456774636701154.562500
0.10460000000000003,0.022000000000000002,0.055600000000000004,456774636701154.562500
0.10461000000000009,0.0212,0.054,456774636701154.562500
0.10462000000000005,0.0196,0.0516,456774636701154.562500
0.10463,0.0228,0.0468,456774636701154.562500
0.10464000000000007,0.0236,0.0548,456774636701154.562500
0.10465000000000002,0.0236,0.048400000000000006,456774636701154.562500
0.10466000000000009,0.0236,0.0548,456774636701154.562500
0.10467000000000004,0.0236,0.0572,456774636701154.562500
0.10468,0.0244,0.055600000000000004,456774636701154.562500
0.10469000000000006,0.0228,0.0548,456774636701154.562500
0.10470000000000002,0.026000000000000002,0.055600000000000004,456774636701154.562500
0.10471000000000008,0.0252,0.056400000000000006,456774636701154.562500
0.10472000000000004,0.0236,0.055600000000000004,456774636701154.562500
0.1047300000000001,0.0244,0.053200000000000004,456774636701154.562500
0.10474000000000006,0.0236,0.0548,456774636701154.562500
0.10475000000000001,0.0252,0.055600000000000004,456774636701154.562500
0.10476000000000008,0.0244,0.0572,456774636701154.562500
0.10477000000000003,0.0244,0.0572,456774636701154.562500
0.1047800000000001,0.022000000000000002,0.0572,456774636701154.562500
0.10479000000000005,0.0228,0.050800000000000005,456774636701154.562500
0.1048,0.022000000000000002,0.055600000000000004,456774636701154.562500
0.10481000000000007,0.0228,0.055600000000000004,456774636701154.562500
0.10482000000000002,0.022000000000000002,0.056400000000000006,456774636701154.562500
0.10483000000000009,0.0228,0.055600000000000004,456774636701154.562500
0.10484000000000004,0.0196,0.0476,456774636701154.562500
0.10485,0.0212,0.0516,456774636701154.562500
0.10486000000000006,0.0212,0.0492,456774636701154.562500
0.10487000000000002,0.0228,0.054,456774636701154.562500
0.10488000000000008,0.0228,0.0524,456774636701154.562500
0.10489000000000004,0.0236,0.054,456774636701154.562500
0.1049000000000001,0.0212,0.0548,456774636701154.562500
0.10491000000000006,0.0204,0.048400000000000006,456774636701154.562500
0.10492000000000001,0.0212,0.056400000000000006,456774636701154.562500
0.10493000000000008,0.0204,0.050800000000000005,456774636701154.562500
0.10494000000000003,0.0188,0.056400000000000006,456774636701154.562500
0.1049500000000001,0.0196,0.055600000000000004,456774636701154.562500
0.10496000000000005,0.0204,0.0548,456774636701154.562500
0.10497000000000001,0.0204,0.0516,456774636701154.562500
0.10498000000000007,0.0196,0.0572,456774636701154.562500
0.10499000000000003,0.022000000000000002,0.0492,456774636701154.562500
0.1050000000000001,0.0252,0.0548,456774636701154.562500
0.10501000000000005,0.0244,0.054,456774636701154.562500
0.10502,0.0252,0.046,456774636701154.562500
0.10503000000000007,0.0236,0.055600000000000004,456774636701154.562500
0.10504000000000002,0.0252,0.05,456774636701154.562500
0.10505000000000009,0.0228,0.053200000000000004,456774636701154.562500
0.10506000000000004,0.0228,0.053200000000000004,456774636701154.562500
0.10507,0.0236,0.054,456774636701154.562500
0.10508000000000006,0.0236,0.055600000000000004,456774636701154.562500
0.10509000000000002,0.0236,0.0548,456774636701154.562500
0.10510000000000008,0.0228,0.055600000000000004,456774636701154.562500
0.10511000000000004,0.022000000000000002,0.0548,456774636701154.562500
0.1051200000000001,0.0236,0.056400000000000006,456774636701154.562500
0.10513000000000006,0.022000000000000002,0.0572,456774636701154.562500
0.10514000000000001,0.0228,0.0548,456774636701154.562500
0.10515000000000008,0.0236,0.055600000000000004,456774636701154.562500
0.10516000000000003,0.022000000000000002,0.054,456774636701154.562500
0.1051700000000001,0.0196,0.054,456774636701154.562500
0.10518000000000005,0.022000000000000002,0.042800000000000005,456774636701154.562500
0.10519,0.0228,0.0548,456774636701154.562500
0.10520000000000007,0.0236,0.054,456774636701154.562500
0.10521000000000003,0.0196,0.056400000000000006,456774636701154.562500
0.10522000000000009,0.022000000000000002,0.0548,456774636701154.562500
0.10523000000000005,0.0236,0.054,456774636701154.562500
0.10524,0.022000000000000002,0.058,456774636701154.562500
0.10525000000000007,0.0236,0.054,456774636701154.562500
0.10526000000000002,0.0204,0.055600000000000004,456774636701154.562500
0.10527000000000009,0.0228,0.0516,456774636701154.562500
0.10528000000000004,0.0236,0.055600000000000004,456774636701154.562500
0.10529,0.0244,0.0524,456774636701154.562500
0.10530000000000006,0.0228,0.055600000000000004,456774636701154.562500
0.10531000000000001,0.0252,0.0516,456774636701154.562500
0.10532000000000008,0.0236,0.0468,456774636701154.562500
0.10533000000000003,0.022000000000000002,0.0468,456774636701154.562500
0.1053400000000001,0.022000000000000002,0.0524,456774636701154.562500
0.10535000000000005,0.0252,0.054,456774636701154.562500
0.10536000000000001,0.0244,0.055600000000000004,456774636701154.562500
0.10537000000000007,0.0244,0.056400000000000006,456774636701154.562500
0.10538000000000003,0.0236,0.0548,456774636701154.562500
0.1053900000000001,0.0228,0.055600000000000004,456774636701154.562500
0.10540000000000005,0.0228,0.055600000000000004,456774636701154.562500
0.10541,0.0236,0.055600000000000004,456774636701154.562500
0.10542000000000007,0.0212,0.056400000000000006,456774636701154.562500
0.10543000000000002,0.0236,0.056400000000000006,456774636701154.562500
0.10544000000000009,0.0228,0.055600000000000004,456774636701154.562500
0.10545000000000004,0.0212,0.045200000000000004,456774636701154.562500
0.10546,0.0228,0.055600000000000004,456774636701154.562500
0.10547000000000006,0.022000000000000002,0.055600000000000004,456774636701154.562500
0.10548000000000002,0.0236,0.0548,456774636701154.562500
0.10549000000000008,0.0204,0.0524,456774636701154.562500
0.10550000000000004,0.022000000000000002,0.054,456774636701154.562500
0.1055100000000001,0.0212,0.056400000000000006,456774636701154.562500
0.10552000000000006,0.0204,0.054,456774636701154.562500
0.10553000000000001,0.0244,0.056400000000000006,456774636701154.562500
0.10554000000000008,0.0236,0.048400000000000006,456774636701154.562500
0.10555000000000003,0.0228,0.0492,456774636701154.562500
0.1055600000000001,0.0236,0.0476,456774636701154.562500
0.10557000000000005,0.0244,0.0516,456774636701154.562500
0.10558000000000001,0.0236,0.045200000000000004,456774636701154.562500
0.10559000000000007,0.0228,0.0516,456774636701154.562500
0.10560000000000003,0.0236,0.0516,456774636701154.562500
0.10561000000000009,0.0228,0.056400000000000006,456774636701154.562500
0.10562000000000005,0.0244,0.055600000000000004,456774636701154.562500
0.10563,0.0252,0.056400000000000006,456774636701154.562500
0.10564000000000007,0.0228,0.050800000000000005,456774636701154.562500
0.10565000000000002,0.0252,0.05,456774636701154.562500
0.10566000000000009,0.0236,0.0436,456774636701154.562500
0.10567000000000004,0.0236,0.048400000000000006,456774636701154.562500
0.10568,0.0244,0.05,456774636701154.562500
0.10569000000000006,0.0244,0.056400000000000006,456774636701154.562500
0.10570000000000002,0.0228,0.054,456774636701154.562500
0.10571000000000008,0.0148,0.054,456774636701154.562500
0.10572000000000004,0.0204,0.053200000000000004,456774636701154.562500
0.1057300000000001,0.015600000000000001,0.0548,456774636701154.562500
0.10574000000000006,0.0212,0.05,456774636701154.562500
0.10575000000000001,0.0204,0.0516,456774636701154.562500
0.10576000000000008,0.022000000000000002,0.042,456774636701154.562500
0.10577000000000003,0.0228,0.05,456774636701154.562500
0.1057800000000001,0.022000000000000002,0.0396,456774636701154.562500
0.10579000000000005,0.022000000000000002,0.053200000000000004,456774636701154.562500
0.1058,0.022000000000000002,0.053200000000000004,456774636701154.562500
0.10581000000000007,0.022000000000000002,0.055600000000000004,456774636701154.562500
0.10582000000000003,0.022000000000000002,0.053200000000000004,456774636701154.562500
0.10583000000000009,0.0204,0.0548,456774636701154.562500
0.10584000000000005,0.022000000000000002,0.0476,456774636701154.562500
0.10585,0.0204,0.053200000000000004,456774636701154.562500
0.10586000000000007,0.0212,0.0492,456774636701154.562500
0.10587000000000002,0.0196,0.056400000000000006,456774636701154.562500
0.10588000000000009,0.0204,0.0548,456774636701154.562500
0.10589000000000004,0.022000000000000002,0.055600000000000004,456774636701154.562500
0.1059,0.0236,0.054,456774636701154.562500
0.10591000000000006,0.0236,0.0516,456774636701154.562500
0.10592000000000001,0.0252,0.0396,456774636701154.562500
0.10593000000000008,0.0236,0.05,456774636701154.562500
0.10594000000000003,0.0252,0.054,456774636701154.562500
0.1059500000000001,0.0244,0.0516,456774636701154.562500
0.10596000000000005,0.0212,0.0436,456774636701154.562500
0.10597000000000001,0.0212,0.0548,456774636701154.562500
0.10598000000000007,0.0148,0.055600000000000004,456774636701154.562500
0.10599000000000003,0.0188,0.0572,456774636701154.562500
0.1060000000000001,0.0164,0.0548,456774636701154.562500
0.10601000000000005,0.0196,0.0516,456774636701154.562500
0.10602,0.0204,0.0516,456774636701154.562500
0.10603000000000007,0.0228,0.053200000000000004,456774636701154.562500
0.10604000000000002,0.022000000000000002,0.0524,456774636701154.562500
0.10605000000000009,0.018000000000000002,0.055600000000000004,456774636701154.562500
0.10606000000000004,0.0196,0.056400000000000006,456774636701154.562500
0.10607,0.0204,0.056400000000000006,456774636701154.562500
0.10608000000000006,0.0204,0.054,456774636701154.562500
0.10609000000000002,0.022000000000000002,0.0516,456774636701154.562500
0.10610000000000008,0.0212,0.055600000000000004,456774636701154.562500
0.10611000000000004,0.022000000000000002,0.0492,456774636701154.562500
0.1061200000000001,0.0212,0.0516,456774636701154.562500
0.10613000000000006,0.0228,0.046,456774636701154.562500
0.10614000000000001,0.0228,0.058,456774636701154.562500
0.10615000000000008,0.0228,0.056400000000000006,456774636701154.562500
0.10616000000000003,0.0228,0.056400000000000006,456774636701154.562500
0.1061700000000001,0.0236,0.055600000000000004,456774636701154.562500
0.10618000000000005,0.0228,0.0548,456774636701154.562500
0.10619,0.0236,0.0548,456774636701154.562500
0.10620000000000007,0.0236,0.055600000000000004,456774636701154.562500
0.10621000000000003,0.0236,0.0548,456774636701154.562500
0.10622000000000009,0.022000000000000002,0.0548,456774636701154.562500
0.10623000000000005,0.0252,0.0548,456774636701154.562500
0.10624,0.0244,0.0388,456774636701154.562500
0.10625000000000007,0.0252,0.0548,456774636701154.562500
0.10626000000000002,0.0228,0.056400000000000006,456774636701154.562500
0.10627000000000009,0.0252,0.056400000000000006,456774636701154.562500
0.10628000000000004,0.0236,0.0572,456774636701154.562500
0.10629,0.0236,0.056400000000000006,456774636701154.562500
0.10630000000000006,0.0244,0.056400000000000006,456774636701154.562500
0.10631000000000002,0.0228,0.0572,456774636701154.562500
0.10632000000000008,0.0212,0.054,456774636701154.562500
0.10633000000000004,0.0236,0.055600000000000004,456774636701154.562500
0.1063400000000001,0.022000000000000002,0.055600000000000004,456774636701154.562500
0.10635000000000006,0.022000000000000002,0.0572,456774636701154.562500
0.10636000000000001,0.0228,0.0516,456774636701154.562500
0.10637000000000008,0.0204,0.0524,456774636701154.562500
0.10638000000000003,0.0204,0.058,456774636701154.562500
0.1063900000000001,0.022000000000000002,0.0548,456774636701154.562500
0.10640000000000005,0.0212,0.056400000000000006,456774636701154.562500
0.10641,0.0204,0.054,456774636701154.562500
0.10642000000000007,0.022000000000000002,0.0548,456774636701154.562500
0.10643000000000002,0.0196,0.053200000000000004,456774636701154.562500
0.10644000000000009,0.0228,0.050800000000000005,456774636701154.562500
0.10645000000000004,0.0212,0.0516,456774636701154.562500
0.10646,0.0212,0.0516,456774636701154.562500
0.10647000000000006,0.0212,0.0548,456774636701154.562500
0.10648000000000002,0.014,0.050800000000000005,456774636701154.562500
0.10649000000000008,0.018000000000000002,0.0572,456774636701154.562500
0.10650000000000004,0.0188,0.0548,456774636701154.562500
0.1065100000000001,0.022000000000000002,0.0548,456774636701154.562500
0.10652000000000006,0.0204,0.056400000000000006,456774636701154.562500
0.10653000000000001,0.0228,0.0548,456774636701154.562500
0.10654000000000008,0.0244,0.0572,456774636701154.562500
0.10655000000000003,0.0236,0.056400000000000006,456774636701154.562500
0.1065600000000001,0.0244,0.0548,456774636701154.562500
0.10657000000000005,0.0252,0.0548,456774636701154.562500
0.10658000000000001,0.0244,0.0548,456774636701154.562500
0.10659000000000007,0.022000000000000002,0.0548,456774636701154.562500
0.10660000000000003,0.0236,0.056400000000000006,456774636701154.562500
0.1066100000000001,0.0228,0.056400000000000006,456774636701154.562500
0.10662000000000005,0.022000000000000002,0.0548,456774636701154.562500
0.10663,0.0204,0.0572,456774636701154.562500
0.10664000000000007,0.022000000000000002,0.050800000000000005,456774636701154.562500
0.10665000000000002,0.0204,0.056400000000000006,456774636701154.562500
0.10666000000000009,0.0204,0.055600000000000004,456774636701154.562500
0.10667000000000004,0.0212,0.055600000000000004,456774636701154.562500
0.10668,0.022000000000000002,0.054,456774636701154.562500
0.10669000000000006,0.0236,0.053200000000000004,456774636701154.562500
0.10670000000000002,0.0236,0.042,456774636701154.562500
0.10671000000000008,0.022000000000000002,0.055600000000000004,456774636701154.562500
0.10672000000000004,0.0244,0.053200000000000004,456774636701154.562500
0.1067300000000001,0.0204,0.0548,456774636701154.562500
0.10674000000000006,0.0204,0.0572,456774636701154.562500
0.10675000000000001,0.0236,0.0492,456774636701154.562500
0.10676000000000008,0.022000000000000002,0.0516,456774636701154.562500
0.10677000000000003,0.022000000000000002,0.053200000000000004,456774636701154.562500
0.1067800000000001,0.0212,0.0492,456774636701154.562500
0.10679000000000005,0.0228,0.045200000000000004,456774636701154.562500
0.1068,0.022000000000000002,0.053200000000000004,456774636701154.562500
0.10681000000000007,0.0236,0.054,456774636701154.562500
0.10682000000000003,0.0244,0.053200000000000004,456774636701154.562500
0.10683000000000009,0.026000000000000002,0.056400000000000006,456774636701154.562500
0.10684000000000005,0.0244,0.055600000000000004,456774636701154.562500
0.10685,0.0252,0.0492,456774636701154.562500
0.10686000000000007,0.0228,0.042800000000000005,456774636701154.562500
0.10687000000000002,0.0252,0.048400000000000006,456774636701154.562500
0.10688000000000009,0.0228,0.0492,456774636701154.562500
0.10689000000000004,0.0228,0.046,456774636701154.562500
0.1069,0.0244,0.048400000000000006,456774636701154.562500
0.10691000000000006,0.0236,0.050800000000000005,456774636701154.562500
0.10692000000000002,0.022000000000000002,0.042800000000000005,456774636701154.562500
0.10693000000000008,0.0212,0.0444,456774636701154.562500
0.10694000000000004,0.0228,0.042800000000000005,456774636701154.562500
0.1069500000000001,0.0228,0.042,456774636701154.562500
0.10696000000000006,0.022000000000000002,0.0468,456774636701154.562500
0.10697000000000001,0.022000000000000002,0.048400000000000006,456774636701154.562500
0.10698000000000008,0.0236,0.0412,456774636701154.562500
0.10699000000000003,0.0228,0.045200000000000004,456774636701154.562500
0.1070000000000001,0.0236,0.054,456774636701154.562500
0.10701000000000005,0.022000000000000002,0.056400000000000006,456774636701154.562500
0.10702,0.022000000000000002,0.053200000000000004,456774636701154.562500
0.10703000000000007,0.0204,0.055600000000000004,456774636701154.562500
0.10704000000000002,0.0236,0.0524,456774636701154.562500
0.10705000000000009,0.022000000000000002,0.055600000000000004,456774636701154.562500
0.10706000000000004,0.0204,0.0524,456774636701154.562500
0.10707,0.0212,0.055600000000000004,456774636701154.562500
0.10708000000000006,0.0212,0.0524,456774636701154.562500
0.10709000000000002,0.0204,0.056400000000000006,456774636701154.562500
0.10710000000000008,0.022000000000000002,0.0548,456774636701154.562500
0.10711000000000004,0.0236,0.053200000000000004,456774636701154.562500
0.1071200000000001,0.0244,0.0524,456774636701154.562500
0.10713000000000006,0.0236,0.055600000000000004,456774636701154.562500
0.10714000000000001,0.0244,0.0516,456774636701154.562500
0.10715000000000008,0.0244,0.0524,456774636701154.562500
0.10716000000000003,0.0236,0.053200000000000004,456774636701154.562500
0.1071700000000001,0.0236,0.0548,456774636701154.562500
0.10718000000000005,0.018000000000000002,0.0548,456774636701154.562500
0.10719000000000001,0.0236,0.056400000000000006,456774636701154.562500
0.10720000000000007,0.0204,0.0524,456774636701154.562500
0.10721000000000003,0.0236,0.055600000000000004,456774636701154.562500
0.10722000000000009,0.0236,0.054,456774636701154.562500
0.10723000000000005,0.0228,0.056400000000000006,456774636701154.562500
0.10724,0.0228,0.0524,456774636701154.562500
0.10725000000000007,0.0212,0.055600000000000004,456774636701154.562500
0.10726000000000002,0.0236,0.056400000000000006,456774636701154.562500
0.10727000000000009,0.022000000000000002,0.055600000000000004,456774636701154.562500
0.10728000000000004,0.0244,0.055600000000000004,456774636701154.562500
0.10729,0.0228,0.055600000000000004,456774636701154.562500
0.10730000000000006,0.0204,0.045200000000000004,456774636701154.562500
0.10731000000000002,0.0212,0.0572,456774636701154.562500
0.10732000000000008,0.0212,0.055600000000000004,456774636701154.562500
0.10733000000000004,0.0196,0.0548,456774636701154.562500
0.1073400000000001,0.0204,0.055600000000000004,456774636701154.562500
0.10735000000000006,0.022000000000000002,0.0548,456774636701154.562500
0.10736000000000001,0.0212,0.055600000000000004,456774636701154.562500
0.10737000000000008,0.0228,0.058,456774636701154.562500
0.10738000000000003,0.0212,0.055600000000000004,456774636701154.562500
0.1073900000000001,0.022000000000000002,0.0548,456774636701154.562500
0.10740000000000005,0.0212,0.0524,456774636701154.562500
0.10741,0.0212,0.055600000000000004,456774636701154.562500
0.10742000000000007,0.0236,0.055600000000000004,456774636701154.562500
0.10743000000000003,0.0244,0.0548,456774636701154.562500
0.10744000000000009,0.026000000000000002,0.058,456774636701154.562500
0.10745000000000005,0.0228,0.056400000000000006,456774636701154.562500
0.10746,0.0164,0.0572,456774636701154.562500
0.10747000000000007,0.022000000000000002,0.05,456774636701154.562500
0.10748000000000002,0.0236,0.055600000000000004,456774636701154.562500
0.10749000000000009,0.0236,0.056400000000000006,456774636701154.562500
0.10750000000000004,0.0228,0.050800000000000005,456774636701154.562500
0.10751,0.0236,0.055600000000000004,456774636701154.562500
0.10752000000000006,0.0204,0.055600000000000004,456774636701154.562500
0.10753000000000001,0.0236,0.0524,456774636701154.562500
0.10754000000000008,0.0212,0.054,456774636701154.562500
0.10755000000000003,0.022000000000000002,0.05,456774636701154.562500
0.1075600000000001,0.0236,0.0548,456774636701154.562500
0.10757000000000005,0.0212,0.050800000000000005,456774636701154.562500
0.10758000000000001,0.0236,0.0524,456774636701154.562500
0.10759000000000007,0.0196,0.0548,456774636701154.562500
0.10760000000000003,0.0228,0.0476,456774636701154.562500
0.1076100000000001,0.022000000000000002,0.053200000000000004,456774636701154.562500
0.10762000000000005,0.0196,0.054,456774636701154.562500
0.10763,0.0196,0.0548,456774636701154.562500
0.10764000000000007,0.022000000000000002,0.056400000000000006,456774636701154.562500
0.10765000000000002,0.0196,0.0572,456774636701154.562500
0.10766000000000009,0.0228,0.0524,456774636701154.562500
0.10767000000000004,0.0228,0.055600000000000004,456774636701154.562500
0.10768,0.0236,0.055600000000000004,456774636701154.562500
0.10769000000000006,0.022000000000000002,0.056400000000000006,456774636701154.562500
0.10770000000000002,0.0236,0.055600000000000004,456774636701154.562500
0.10771000000000008,0.0244,0.0548,456774636701154.562500
0.10772000000000004,0.0212,0.0548,456774636701154.562500
0.1077300000000001,0.022000000000000002,0.0524,456774636701154.562500
0.10774000000000006,0.0228,0.056400000000000006,456774636701154.562500
0.10775000000000001,0.0196,0.0516,456774636701154.562500
0.10776000000000008,0.0228,0.055600000000000004,456774636701154.562500
0.10777000000000003,0.0212,0.0548,456774636701154.562500
0.1077800000000001,0.0212,0.055600000000000004,456774636701154.562500
0.10779000000000005,0.0236,0.0548,456774636701154.562500
0.1078,0.0244,0.058,456774636701154.562500
0.10781000000000007,0.0252,0.056400000000000006,456774636701154.562500
0.10782000000000003,0.0236,0.056400000000000006,456774636701154.562500
0.10783000000000009,0.0228,0.0524,456774636701154.562500
0.10784000000000005,0.0228,0.055600000000000004,456774636701154.562500
0.10785,0.0236,0.054,456774636701154.562500
0.10786000000000007,0.022000000000000002,0.055600000000000004,456774636701154.562500
0.10787000000000002,0.0228,0.055600000000000004,456774636701154.562500
0.10788000000000009,0.0236,0.056400000000000006,456774636701154.562500
0.10789000000000004,0.0212,0.056400000000000006,456774636701154.562500
0.1079,0.0212,0.054,456774636701154.562500
0.10791000000000006,0.022000000000000002,0.058,456774636701154.562500
0.10792000000000002,0.0212,0.0548,456774636701154.562500
0.10793000000000008,0.0228,0.056400000000000006,456774636701154.562500
0.10794000000000004,0.0228,0.055600000000000004,456774636701154.562500
0.1079500000000001,0.022000000000000002,0.056400000000000006,456774636701154.562500
0.10796000000000006,0.0204,0.056400000000000006,456774636701154.562500
0.10797000000000001,0.015600000000000001,0.0516,456774636701154.562500
0.10798000000000008,0.0212,0.050800000000000005,456774636701154.562500
0.10799000000000003,0.0212,0.0436,456774636701154.562500
0.1080000000000001,0.0212,0.053200000000000004,456774636701154.562500
0.10801000000000005,0.0148,0.050800000000000005,456774636701154.562500
0.10802,0.0204,0.055600000000000004,456774636701154.562500
0.10803000000000007,0.0196,0.055600000000000004,456774636701154.562500
0.10804000000000002,0.0244,0.055600000000000004,456774636701154.562500
0.10805000000000009,0.0252,0.0524,456774636701154.562500
0.10806000000000004,0.0244,0.056400000000000006,456774636701154.562500
0.10807,0.0244,0.054,456774636701154.562500
0.10808000000000006,0.0228,0.055600000000000004,456774636701154.562500
0.10809000000000002,0.0236,0.055600000000000004,456774636701154.562500
0.10810000000000008,0.0244,0.058,456774636701154.562500
0.10811000000000004,0.022000000000000002,0.055600000000000004,456774636701154.562500
0.1081200000000001,0.0228,0.056400000000000006,456774636701154.562500
0.10813000000000006,0.0188,0.0516,456774636701154.562500
0.10814000000000001,0.0228,0.056400000000000006,456774636701154.562500
0.10815000000000008,0.0244,0.056400000000000006,456774636701154.562500
0.10816000000000003,0.0228,0.0492,456774636701154.562500
0.1081700000000001,0.022000000000000002,0.058,456774636701154.562500
0.10818000000000005,0.022000000000000002,0.0492,456774636701154.562500
0.10819000000000001,0.022000000000000002,0.054,456774636701154.562500
0.10820000000000007,0.0228,0.054,456774636701154.562500
0.10821000000000003,0.0196,0.054,456774636701154.562500
0.1082200000000001,0.0228,0.053200000000000004,456774636701154.562500
0.10823000000000005,0.0188,0.056400000000000006,456774636701154.562500
0.10824,0.022000000000000002,0.056400000000000006,456774636701154.562500
0.10825000000000007,0.0196,0.0524,456774636701154.562500
0.10826000000000002,0.022000000000000002,0.054,456774636701154.562500
0.10827000000000009,0.022000000000000002,0.055600000000000004,456774636701154.562500
0.10828000000000004,0.018000000000000002,0.056400000000000006,456774636701154.562500
0.10829,0.0236,0.056400000000000006,456774636701154.562500
0.10830000000000006,0.0228,0.056400000000000006,456774636701154.562500
0.10831000000000002,0.0188,0.054,456774636701154.562500
0.10832000000000008,0.0228,0.056400000000000006,456774636701154.562500
0.10833000000000004,0.018000000000000002,0.054,456774636701154.562500
0.1083400000000001,0.0244,0.058,456774636701154.562500
0.10835000000000006,0.0172,0.058,456774636701154.562500
0.10836000000000001,0.0244,0.0572,456774636701154.562500
0.10837000000000008,0.0252,0.056400000000000006,456774636701154.562500
0.10838000000000003,0.0212,0.0516,456774636701154.562500
0.1083900000000001,0.0236,0.054,456774636701154.562500
0.10840000000000005,0.0196,0.056400000000000006,456774636701154.562500
0.10841,0.0236,0.0516,456774636701154.562500
0.10842000000000007,0.0204,0.0572,456774636701154.562500
0.10843000000000003,0.0228,0.053200000000000004,456774636701154.562500
0.10844000000000009,0.0236,0.054,456774636701154.562500
0.10845000000000005,0.0228,0.0516,456774636701154.562500
0.10846,0.0244,0.054,456774636701154.562500
0.10847000000000007,0.022000000000000002,0.0572,456774636701154.562500
0.10848000000000002,0.0236,0.048400000000000006,456774636701154.562500
0.10849000000000009,0.022000000000000002,0.055600000000000004,456774636701154.562500
0.10850000000000004,0.0236,0.0524,456774636701154.562500
0.10851,0.0212,0.056400000000000006,456774636701154.562500
0.10852000000000006,0.0228,0.0524,456774636701154.562500
0.10853000000000002,0.0212,0.055600000000000004,456774636701154.562500
0.10854000000000008,0.022000000000000002,0.0572,456774636701154.562500
0.10855000000000004,0.0204,0.0572,456774636701154.562500
0.1085600000000001,0.0236,0.0476,456774636701154.562500
0.10857000000000006,0.022000000000000002,0.056400000000000006,456774636701154.562500
0.10858000000000001,0.0204,0.0524,456774636701154.562500
0.10859000000000008,0.0196,0.055600000000000004,456774636701154.562500
0.10860000000000003,0.0228,0.054,456774636701154.562500
0.1086100000000001,0.0204,0.0572,456774636701154.562500
0.10862000000000005,0.0204,0.0548,456774636701154.562500
0.10863,0.026000000000000002,0.056400000000000006,456774636701154.562500
0.10864000000000007,0.0228,0.055600000000000004,456774636701154.562500
0.10865000000000002,0.0244,0.0548,456774636701154.562500
0.10866000000000009,0.0252,0.056400000000000006,456774636701154.562500
0.10867000000000004,0.0244,0.0548,456774636701154.562500
0.10868,0.0212,0.055600000000000004,456774636701154.562500
0.10869000000000006,0.0228,0.054,456774636701154.562500
0.10870000000000002,0.018000000000000002,0.055600000000000004,456774636701154.562500
0.10871000000000008,0.0212,0.056400000000000006,456774636701154.562500
0.10872000000000004,0.0196,0.0572,456774636701154.562500
0.1087300000000001,0.0236,0.0548,456774636701154.562500
0.10874000000000006,0.0212,0.0572,456774636701154.562500
0.10875000000000001,0.0236,0.050800000000000005,456774636701154.562500
0.10876000000000008,0.0228,0.055600000000000004,456774636701154.562500
0.10877000000000003,0.0228,0.0548,456774636701154.562500
0.1087800000000001,0.022000000000000002,0.056400000000000006,456774636701154.562500
0.10879000000000005,0.0196,0.0572,456774636701154.562500
0.10880000000000001,0.0236,0.055600000000000004,456774636701154.562500
0.10881000000000007,0.0204,0.0572,456774636701154.562500
0.10882000000000003,0.0212,0.0572,456774636701154.562500
0.1088300000000001,0.022000000000000002,0.054,456774636701154.562500
0.10884000000000005,0.0188,0.0548,456774636701154.562500
0.10885,0.022000000000000002,0.0572,456774636701154.562500
0.10886000000000007,0.0188,0.054,456774636701154.562500
0.10887000000000002,0.0228,0.055600000000000004,456774636701154.562500
0.10888000000000009,0.0212,0.0548,456774636701154.562500
0.10889000000000004,0.0228,0.058,456774636701154.562500
0.1089,0.022000000000000002,0.055600000000000004,456774636701154.562500
0.10891000000000006,0.0204,0.054,456774636701154.562500
0.10892000000000002,0.0236,0.055600000000000004,456774636701154.562500
0.10893000000000008,0.0196,0.055600000000000004,456774636701154.562500
0.10894000000000004,0.0228,0.055600000000000004,456774636701154.562500
0.1089500000000001,0.0228,0.0572,456774636701154.562500
0.10896000000000006,0.0196,0.0516,456774636701154.562500
0.10897000000000001,0.0236,0.055600000000000004,456774636701154.562500
0.10898000000000008,0.0204,0.050800000000000005,456774636701154.562500
0.10899000000000003,0.0236,0.0548,456774636701154.562500
0.1090000000000001,0.0236,0.054,456774636701154.562500
0.10901000000000005,0.0236,0.056400000000000006,456774636701154.562500
0.10902,0.022000000000000002,0.0524,456774636701154.562500
0.10903000000000007,0.026000000000000002,0.056400000000000006,456774636701154.562500
0.10904000000000003,0.022000000000000002,0.056400000000000006,456774636701154.562500
0.10905000000000009,0.022000000000000002,0.0524,456774636701154.562500
0.10906000000000005,0.0188,0.056400000000000006,456774636701154.562500
0.10907,0.0228,0.054,456774636701154.562500
0.10908000000000007,0.0212,0.055600000000000004,456774636701154.562500
0.10909000000000002,0.0212,0.0476,456774636701154.562500
0.10910000000000009,0.0236,0.053200000000000004,456774636701154.562500
0.10911000000000004,0.022000000000000002,0.05,456774636701154.562500
0.10912,0.0236,0.0548,456774636701154.562500
0.10913000000000006,0.0236,0.0548,456774636701154.562500
0.10914000000000001,0.0212,0.056400000000000006,456774636701154.562500
0.10915000000000008,0.0236,0.055600000000000004,456774636701154.562500
0.10916000000000003,0.0236,0.0572,456774636701154.562500
0.1091700000000001,0.022000000000000002,0.055600000000000004,456774636701154.562500
0.10918000000000005,0.0164,0.055600000000000004,456774636701154.562500
0.10919000000000001,0.022000000000000002,0.042,456774636701154.562500
0.10920000000000007,0.0204,0.054,456774636701154.562500
0.10921000000000003,0.0228,0.054,456774636701154.562500
0.1092200000000001,0.0228,0.055600000000000004,456774636701154.562500
0.10923000000000005,0.022000000000000002,0.054,456774636701154.562500
0.10924,0.0236,0.0572,456774636701154.562500
0.10925000000000007,0.0252,0.055600000000000004,456774636701154.562500
0.10926000000000002,0.0236,0.055600000000000004,456774636701154.562500
0.10927000000000009,0.0236,0.0548,456774636701154.562500
0.10928000000000004,0.0212,0.0548,456774636701154.562500
0.10929,0.0228,0.0524,456774636701154.562500
0.10930000000000006,0.0212,0.055600000000000004,456774636701154.562500
0.10931000000000002,0.0196,0.0476,456774636701154.562500
0.10932000000000008,0.022000000000000002,0.054,456774636701154.562500
0.10933000000000004,0.0244,0.0516,456774636701154.562500
0.1093400000000001,0.022000000000000002,0.050800000000000005,456774636701154.562500
0.10935000000000006,0.0196,0.0524,456774636701154.562500
0.10936000000000001,0.022000000000000002,0.053200000000000004,456774636701154.562500
0.10937000000000008,0.0236,0.0548,456774636701154.562500
0.10938000000000003,0.022000000000000002,0.055600000000000004,456774636701154.562500
0.1093900000000001,0.0212,0.055600000000000004,456774636701154.562500
0.10940000000000005,0.0204,0.0572,456774636701154.562500
0.10941000000000001,0.0228,0.0524,456774636701154.562500
0.10942000000000007,0.022000000000000002,0.054,456774636701154.562500
0.10943000000000003,0.0236,0.054,456774636701154.562500
0.10944000000000009,0.022000000000000002,0.0572,456774636701154.562500
0.10945000000000005,0.022000000000000002,0.0548,456774636701154.562500
0.10946,0.0212,0.054,456774636701154.562500
0.10947000000000007,0.0228,0.0524,456774636701154.562500
0.10948000000000002,0.022000000000000002,0.05,456774636701154.562500
0.10949000000000009,0.0204,0.0436,456774636701154.562500
0.10950000000000004,0.0228,0.056400000000000006,456774636701154.562500
0.10951,0.0228,0.046,456774636701154.562500
0.10952000000000006,0.0228,0.0548,456774636701154.562500
0.10953000000000002,0.0212,0.053200000000000004,456774636701154.562500
0.10954000000000008,0.0236,0.0572,456774636701154.562500
0.10955000000000004,0.022000000000000002,0.056400000000000006,456774636701154.562500
0.1095600000000001,0.0244,0.0548,456774636701154.562500
0.10957000000000006,0.0236,0.056400000000000006,456774636701154.562500
0.10958000000000001,0.0228,0.054,456774636701154.562500
0.10959000000000008,0.0244,0.0548,456774636701154.562500
0.10960000000000003,0.022000000000000002,0.050800000000000005,456774636701154.562500
0.1096100000000001,0.0236,0.0572,456774636701154.562500
0.10962000000000005,0.0236,0.056400000000000006,456774636701154.562500
0.10963,0.022000000000000002,0.0492,456774636701154.562500
0.10964000000000007,0.0244,0.056400000000000006,456774636701154.562500
0.10965000000000003,0.0196,0.056400000000000006,456774636701154.562500
0.10966000000000009,0.0236,0.0572,456774636701154.562500
0.10967000000000005,0.022000000000000002,0.0548,456774636701154.562500
0.10968,0.0228,0.055600000000000004,456774636701154.562500
0.10969000000000007,0.0204,0.055600000000000004,456774636701154.562500
0.10970000000000002,0.0236,0.0548,456774636701154.562500
0.10971000000000009,0.0244,0.053200000000000004,456774636701154.562500
0.10972000000000004,0.0236,0.0572,456774636701154.562500
0.1097300000000001,0.0228,0.0548,456774636701154.562500
0.10974000000000006,0.0212,0.056400000000000006,456774636701154.562500
0.10975000000000001,0.0164,0.0492,456774636701154.562500
0.10976000000000008,0.0212,0.056400000000000006,456774636701154.562500
0.10977000000000003,0.022000000000000002,0.0524,456774636701154.562500
0.1097800000000001,0.0212,0.056400000000000006,456774636701154.562500
0.10979000000000005,0.022000000000000002,0.055600000000000004,456774636701154.562500
0.10980000000000001,0.022000000000000002,0.055600000000000004,456774636701154.562500
0.10981000000000007,0.0228,0.054,456774636701154.562500
0.10982000000000003,0.0204,0.048400000000000006,456774636701154.562500
0.1098300000000001,0.022000000000000002,0.045200000000000004,456774636701154.562500
0.10984000000000005,0.0212,0.0524,456774636701154.562500
0.10985,0.0228,0.0516,456774636701154.562500
0.10986000000000007,0.0196,0.055600000000000004,456774636701154.562500
0.10987000000000002,0.0244,0.055600000000000004,456774636701154.562500
0.10988000000000009,0.018000000000000002,0.0572,456774636701154.562500
0.10989000000000004,0.0244,0.0572,456774636701154.562500
0.1099,0.022000000000000002,0.0572,456774636701154.562500
0.10991000000000006,0.0244,0.054,456774636701154.562500
0.10992000000000002,0.0236,0.055600000000000004,456774636701154.562500
0.10993000000000008,0.0244,0.055600000000000004,456774636701154.562500
0.10994000000000004,0.026000000000000002,0.054,456774636701154.562500
0.1099500000000001,0.0228,0.056400000000000006,456774636701154.562500
0.10996000000000006,0.0244,0.056400000000000006,456774636701154.562500
0.10997000000000001,0.022000000000000002,0.056400000000000006,456774636701154.562500
0.10998000000000008,0.022000000000000002,0.0492,456774636701154.562500
0.10999000000000003,0.022000000000000002,0.058,456774636701154.562500
0.1100000000000001,0.0228,0.058,456774636701154.562500
0.11001000000000005,0.022000000000000002,0.0572,456774636701154.562500
0.11002,0.022000000000000002,0.055600000000000004,456774636701154.562500
0.11003000000000007,0.0212,0.055600000000000004,456774636701154.562500
0.11004000000000003,0.0212,0.0548,456774636701154.562500
0.11005000000000009,0.022000000000000002,0.038,456774636701154.562500
0.11006000000000005,0.0204,0.05,456774636701154.562500
0.11007,0.0228,0.050800000000000005,456774636701154.562500
0.11008000000000007,0.0228,0.0572,456774636701154.562500
0.11009000000000002,0.0228,0.055600000000000004,456774636701154.562500
0.11010000000000009,0.0228,0.056400000000000006,456774636701154.562500
0.11011000000000004,0.0228,0.0548,456774636701154.562500
0.11012,0.0236,0.056400000000000006,456774636701154.562500
0.11013000000000006,0.0212,0.056400000000000006,456774636701154.562500
0.11014000000000002,0.0236,0.0548,456774636701154.562500
0.11015000000000008,0.0228,0.056400000000000006,456774636701154.562500
0.11016000000000004,0.0244,0.0476,456774636701154.562500
0.1101700000000001,0.0236,0.0548,456774636701154.562500
0.11018000000000006,0.0244,0.0476,456774636701154.562500
0.11019000000000001,0.0252,0.0548,456774636701154.562500
0.11020000000000008,0.0244,0.055600000000000004,456774636701154.562500
0.11021000000000003,0.0236,0.056400000000000006,456774636701154.562500
0.1102200000000001,0.026000000000000002,0.056400000000000006,456774636701154.562500
0.11023000000000005,0.0236,0.0572,456774636701154.562500
0.11024,0.0252,0.055600000000000004,456774636701154.562500
0.11025000000000007,0.0196,0.056400000000000006,456774636701154.562500
0.11026000000000002,0.0244,0.054,456774636701154.562500
0.11027000000000009,0.022000000000000002,0.056400000000000006,456774636701154.562500
0.11028000000000004,0.0244,0.056400000000000006,456774636701154.562500
0.11029,0.0236,0.0516,456774636701154.562500
0.11030000000000006,0.0228,0.0476,456774636701154.562500
0.11031000000000002,0.022000000000000002,0.056400000000000006,456774636701154.562500
0.11032000000000008,0.022000000000000002,0.050800000000000005,456774636701154.562500
0.11033000000000004,0.0212,0.0572,456774636701154.562500
0.1103400000000001,0.0236,0.056400000000000006,456774636701154.562500
0.11035000000000006,0.0228,0.058,456774636701154.562500
0.11036000000000001,0.022000000000000002,0.053200000000000004,456774636701154.562500
0.11037000000000008,0.0236,0.0548,456774636701154.562500
0.11038000000000003,0.022000000000000002,0.056400000000000006,456774636701154.562500
0.1103900000000001,0.0204,0.055600000000000004,456774636701154.562500
0.11040000000000005,0.0212,0.048400000000000006,456774636701154.562500
0.11041000000000001,0.022000000000000002,0.056400000000000006,456774636701154.562500
0.11042000000000007,0.0196,0.053200000000000004,456774636701154.562500
0.11043000000000003,0.0212,0.055600000000000004,456774636701154.562500
0.1104400000000001,0.0196,0.0548,456774636701154.562500
0.11045000000000005,0.018000000000000002,0.0572,456774636701154.562500
0.11046,0.0212,0.055600000000000004,456774636701154.562500
0.11047000000000007,0.0228,0.055600000000000004,456774636701154.562500
0.11048000000000002,0.0204,0.056400000000000006,456774636701154.562500
0.11049000000000009,0.0236,0.0548,456774636701154.562500
0.11050000000000004,0.0236,0.055600000000000004,456774636701154.562500
0.11051,0.0228,0.0548,456774636701154.562500
0.11052000000000006,0.0228,0.0572,456774636701154.562500
0.11053000000000002,0.0172,0.048400000000000006,456774636701154.562500
0.11054000000000008,0.0212,0.0524,456774636701154.562500
0.11055000000000004,0.018000000000000002,0.054,456774636701154.562500
0.1105600000000001,0.018000000000000002,0.0572,456774636701154.562500
0.11057000000000006,0.0204,0.055600000000000004,456774636701154.562500
0.11058000000000001,0.0244,0.0548,456774636701154.562500
0.11059000000000008,0.0212,0.0548,456774636701154.562500
0.11060000000000003,0.022000000000000002,0.056400000000000006,456774636701154.562500
0.1106100000000001,0.0236,0.0548,456774636701154.562500
0.11062000000000005,0.022000000000000002,0.055600000000000004,456774636701154.562500
0.11063,0.0204,0.055600000000000004,456774636701154.562500
0.11064000000000007,0.0196,0.055600000000000004,456774636701154.562500
0.11065000000000003,0.0212,0.050800000000000005,456774636701154.562500
0.11066000000000009,0.022000000000000002,0.055600000000000004,456774636701154.562500
0.11067000000000005,0.0244,0.0516,456774636701154.562500
0.11068,0.022000000000000002,0.055600000000000004,456774636701154.562500
0.11069000000000007,0.0212,0.05,456774636701154.562500
0.11070000000000002,0.0212,0.053200000000000004,456774636701154.562500
0.11071000000000009,0.0236,0.045200000000000004,456774636701154.562500
0.11072000000000004,0.022000000000000002,0.053200000000000004,456774636701154.562500
0.11073,0.022000000000000002,0.0548,456774636701154.562500
0.11074000000000006,0.0228,0.0572,456774636701154.562500
0.11075000000000002,0.0236,0.055600000000000004,456774636701154.562500
0.11076000000000008,0.0228,0.0516,456774636701154.562500
0.11077000000000004,0.0212,0.0444,456774636701154.562500
0.1107800000000001,0.0252,0.05,456774636701154.562500
0.11079000000000006,0.0244,0.046,456774636701154.562500
0.11080000000000001,0.0236,0.0516,456774636701154.562500
0.11081000000000008,0.0236,0.0476,456774636701154.562500
0.11082000000000003,0.0244,0.054,456774636701154.562500
0.1108300000000001,0.0204,0.046,456774636701154.562500
0.11084000000000005,0.0228,0.0476,456774636701154.562500
0.11085,0.0228,0.050800000000000005,456774636701154.562500
0.11086000000000007,0.0236,0.050800000000000005,456774636701154.562500
0.11087000000000002,0.0212,0.05,456774636701154.562500
0.11088000000000009,0.022000000000000002,0.0548,456774636701154.562500
0.11089000000000004,0.0212,0.058,456774636701154.562500
0.1109,0.022000000000000002,0.053200000000000004,456774636701154.562500
0.11091000000000006,0.0228,0.055600000000000004,456774636701154.562500
0.11092000000000002,0.0196,0.053200000000000004,456774636701154.562500
0.11093000000000008,0.0228,0.054,456774636701154.562500
0.11094000000000004,0.0212,0.0572,456774636701154.562500
0.1109500000000001,0.022000000000000002,0.055600000000000004,456774636701154.562500
0.11096000000000006,0.0228,0.056400000000000006,456774636701154.562500
0.11097000000000001,0.0236,0.055600000000000004,456774636701154.562500
0.11098000000000008,0.0196,0.054,456774636701154.562500
0.11099000000000003,0.0212,0.055600000000000004,456774636701154.562500
0.1110000000000001,0.0212,0.055600000000000004,456774636701154.562500
0.11101000000000005,0.022000000000000002,0.0572,456774636701154.562500
0.11102000000000001,0.0212,0.055600000000000004,456774636701154.562500
0.11103000000000007,0.0236,0.050800000000000005,456774636701154.562500
0.11104000000000003,0.0212,0.056400000000000006,456774636701154.562500
0.1110500000000001,0.0196,0.054,456774636701154.562500
0.11106000000000005,0.0212,0.0548,456774636701154.562500
0.11107,0.0212,0.0572,456774636701154.562500
0.11108000000000007,0.022000000000000002,0.050800000000000005,456774636701154.562500
0.11109000000000002,0.0212,0.056400000000000006,456774636701154.562500
0.11110000000000009,0.0236,0.0436,456774636701154.562500
0.11111000000000004,0.0244,0.056400000000000006,456774636701154.562500
0.11112,0.0236,0.053200000000000004,456774636701154.562500
0.11113000000000006,0.026000000000000002,0.055600000000000004,456774636701154.562500
0.11114000000000002,0.0252,0.055600000000000004,456774636701154.562500
0.11115000000000008,0.0236,0.054,456774636701154.562500
0.11116000000000004,0.0236,0.0548,456774636701154.562500
0.1111700000000001,0.0228,0.056400000000000006,456774636701154.562500
0.11118000000000006,0.0236,0.056400000000000006,456774636701154.562500
0.11119000000000001,0.0204,0.056400000000000006,456774636701154.562500
0.11120000000000008,0.0236,0.056400000000000006,456774636701154.562500
0.11121000000000003,0.0228,0.046,456774636701154.562500
0.1112200000000001,0.0204,0.055600000000000004,456774636701154.562500
0.11123000000000005,0.0228,0.054,456774636701154.562500
0.11124,0.0236,0.055600000000000004,456774636701154.562500
0.11125000000000007,0.0204,0.053200000000000004,456774636701154.562500
0.11126000000000003,0.0236,0.056400000000000006,456774636701154.562500
0.11127000000000009,0.022000000000000002,0.05,456774636701154.562500
0.11128000000000005,0.0204,0.056400000000000006,456774636701154.562500
0.11129,0.0228,0.0548,456774636701154.562500
0.11130000000000007,0.0212,0.055600000000000004,456774636701154.562500
0.11131000000000002,0.0228,0.054,456774636701154.562500
0.11132000000000009,0.0228,0.0492,456774636701154.562500
0.11133000000000004,0.022000000000000002,0.055600000000000004,456774636701154.562500
0.11134,0.022000000000000002,0.054,456774636701154.562500
0.11135000000000006,0.0244,0.055600000000000004,456774636701154.562500
0.11136000000000001,0.0204,0.0492,456774636701154.562500
0.11137000000000008,0.022000000000000002,0.0548,456774636701154.562500
0.11138000000000003,0.0228,0.0548,456774636701154.562500
0.1113900000000001,0.0244,0.055600000000000004,456774636701154.562500
0.11140000000000005,0.022000000000000002,0.055600000000000004,456774636701154.562500
0.11141000000000001,0.0244,0.0548,456774636701154.562500
0.11142000000000007,0.0236,0.055600000000000004,456774636701154.562500
0.11143000000000003,0.0244,0.0572,456774636701154.562500
0.1114400000000001,0.0244,0.056400000000000006,456774636701154.562500
0.11145000000000005,0.022000000000000002,0.056400000000000006,456774636701154.562500
0.11146,0.0164,0.055600000000000004,456774636701154.562500
0.11147000000000007,0.022000000000000002,0.054,456774636701154.562500
0.11148000000000002,0.0164,0.053200000000000004,456774636701154.562500
0.11149000000000009,0.022000000000000002,0.042800000000000005,456774636701154.562500
0.11150000000000004,0.0236,0.05,456774636701154.562500
0.11151,0.0236,0.050800000000000005,456774636701154.562500
0.11152000000000006,0.0212,0.056400000000000006,456774636701154.562500
0.11153000000000002,0.022000000000000002,0.054,456774636701154.562500
0.11154000000000008,0.0228,0.0548,456774636701154.562500
0.11155000000000004,0.0204,0.0548,456774636701154.562500
0.1115600000000001,0.0196,0.055600000000000004,456774636701154.562500
0.11157000000000006,0.0212,0.056400000000000006,456774636701154.562500
0.11158000000000001,0.0212,0.0548,456774636701154.562500
0.11159000000000008,0.0228,0.0516,456774636701154.562500
0.11160000000000003,0.0204,0.055600000000000004,456774636701154.562500
0.1116100000000001,0.0228,0.056400000000000006,456774636701154.562500
0.11162000000000005,0.0212,0.056400000000000006,456774636701154.562500
0.11163000000000001,0.0228,0.055600000000000004,456774636701154.562500
0.11164000000000007,0.0228,0.0548,456774636701154.562500
0.11165000000000003,0.0228,0.053200000000000004,456774636701154.562500
0.11166000000000009,0.0228,0.056400000000000006,456774636701154.562500
0.11167000000000005,0.0228,0.054,456774636701154.562500
0.11168,0.022000000000000002,0.056400000000000006,456774636701154.562500
0.11169000000000007,0.0228,0.056400000000000006,456774636701154.562500
0.11170000000000002,0.0212,0.056400000000000006,456774636701154.562500
0.11171000000000009,0.0236,0.0524,456774636701154.562500
0.11172000000000004,0.0252,0.054,456774636701154.562500
0.11173,0.0252,0.0516,456774636701154.562500
0.11174000000000006,0.0244,0.056400000000000006,456774636701154.562500
0.11175000000000002,0.0236,0.0492,456774636701154.562500
0.11176000000000008,0.0252,0.0548,456774636701154.562500
0.11177000000000004,0.022000000000000002,0.054,456774636701154.562500
0.1117800000000001,0.0244,0.0572,456774636701154.562500
0.11179000000000006,0.0228,0.055600000000000004,456774636701154.562500
0.11180000000000001,0.0228,0.055600000000000004,456774636701154.562500
0.11181000000000008,0.0244,0.0548,456774636701154.562500
0.11182000000000003,0.0212,0.056400000000000006,456774636701154.562500
0.1118300000000001,0.0228,0.056400000000000006,456774636701154.562500
0.11184000000000005,0.0228,0.055600000000000004,456774636701154.562500
0.11185,0.0212,0.055600000000000004,456774636701154.562500
0.11186000000000007,0.0212,0.053200000000000004,456774636701154.562500
0.11187000000000002,0.0228,0.0572,456774636701154.562500
0.11188000000000009,0.0188,0.048400000000000006,456774636701154.562500
0.11189000000000004,0.0228,0.056400000000000006,456774636701154.562500
0.1119,0.0228,0.056400000000000006,456774636701154.562500
0.11191000000000006,0.022000000000000002,0.055600000000000004,456774636701154.562500
0.11192000000000002,0.0196,0.058,456774636701154.562500
0.11193000000000008,0.0204,0.056400000000000006,456774636701154.562500
0.11194000000000004,0.022000000000000002,0.055600000000000004,456774636701154.562500
0.1119500000000001,0.0204,0.056400000000000006,456774636701154.562500
0.11196000000000006,0.0212,0.056400000000000006,456774636701154.562500
0.11197000000000001,0.022000000000000002,0.056400000000000006,456774636701154.562500
0.11198000000000008,0.0212,0.0548,456774636701154.562500
0.11199000000000003,0.0204,0.0476,456774636701154.562500
0.1120000000000001,0.0236,0.055600000000000004,456774636701154.562500
0.11201000000000005,0.0244,0.054,456774636701154.562500
0.11202000000000001,0.0244,0.0572,456774636701154.562500
0.11203000000000007,0.0252,0.055600000000000004,456774636701154.562500
0.11204000000000003,0.0236,0.053200000000000004,456774636701154.562500
0.1120500000000001,0.0236,0.056400000000000006,456774636701154.562500
0.11206000000000005,0.0244,0.0492,456774636701154.562500
0.11207,0.0196,0.058,456774636701154.562500
0.11208000000000007,0.018000000000000002,0.053200000000000004,456774636701154.562500
0.11209000000000002,0.0212,0.056400000000000006,456774636701154.562500
0.11210000000000009,0.0188,0.0476,456774636701154.562500
0.11211000000000004,0.0236,0.055600000000000004,456774636701154.562500
0.11212,0.022000000000000002,0.0524,456774636701154.562500
0.11213000000000006,0.0244,0.0524,456774636701154.562500
0.11214000000000002,0.022000000000000002,0.045200000000000004,456774636701154.562500
0.11215000000000008,0.022000000000000002,0.0548,456774636701154.562500
0.11216000000000004,0.0212,0.046,456774636701154.562500
0.1121700000000001,0.0204,0.055600000000000004,456774636701154.562500
0.11218000000000006,0.0188,0.056400000000000006,456774636701154.562500
0.11219000000000001,0.0212,0.0572,456774636701154.562500
0.11220000000000008,0.0204,0.055600000000000004,456774636701154.562500
0.11221000000000003,0.022000000000000002,0.056400000000000006,456774636701154.562500
0.1122200000000001,0.0172,0.0548,456774636701154.562500
0.11223000000000005,0.0196,0.056400000000000006,456774636701154.562500
0.11224,0.0164,0.053200000000000004,456774636701154.562500
0.11225000000000007,0.0196,0.056400000000000006,456774636701154.562500
0.11226000000000003,0.014,0.056400000000000006,456774636701154.562500
0.11227000000000009,0.0196,0.050800000000000005,456774636701154.562500
0.11228000000000005,0.0196,0.055600000000000004,456774636701154.562500
0.11229,0.0212,0.055600000000000004,456774636701154.562500
0.11230000000000007,0.0188,0.056400000000000006,456774636701154.562500
0.11231000000000002,0.0228,0.056400000000000006,456774636701154.562500
0.11232000000000009,0.022000000000000002,0.0572,456774636701154.562500
0.11233000000000004,0.0244,0.058,456774636701154.562500
0.11234,0.0244,0.0516,456774636701154.562500
0.11235000000000006,0.0228,0.05,456774636701154.562500
0.11236000000000002,0.0252,0.055600000000000004,456774636701154.562500
0.11237000000000008,0.0252,0.0468,456774636701154.562500
0.11238000000000004,0.0212,0.055600000000000004,456774636701154.562500
0.1123900000000001,0.022000000000000002,0.053200000000000004,456774636701154.562500
0.11240000000000006,0.0212,0.055600000000000004,456774636701154.562500
0.11241000000000001,0.0148,0.053200000000000004,456774636701154.562500
0.11242000000000008,0.0172,0.055600000000000004,456774636701154.562500
0.11243000000000003,0.018000000000000002,0.0548,456774636701154.562500
0.1124400000000001,0.0196,0.0572,456774636701154.562500
0.11245000000000005,0.0188,0.056400000000000006,456774636701154.562500
0.11246,0.022000000000000002,0.055600000000000004,456774636701154.562500
0.11247000000000007,0.0196,0.0492,456774636701154.562500
0.11248000000000002,0.0212,0.0548,456774636701154.562500
0.11249000000000009,0.0188,0.054,456774636701154.562500
0.11250000000000004,0.0196,0.0572,456774636701154.562500
0.11251,0.0196,0.054,456774636701154.562500
0.11252000000000006,0.0236,0.056400000000000006,456774636701154.562500
0.11253000000000002,0.0244,0.058,456774636701154.562500
0.11254000000000008,0.022000000000000002,0.054,456774636701154.562500
0.11255000000000004,0.022000000000000002,0.055600000000000004,456774636701154.562500
0.1125600000000001,0.0196,0.056400000000000006,456774636701154.562500
0.11257000000000006,0.0212,0.056400000000000006,456774636701154.562500
0.11258000000000001,0.0212,0.058,456774636701154.562500
0.11259000000000008,0.0244,0.0572,456774636701154.562500
0.11260000000000003,0.0228,0.0548,456774636701154.562500
0.1126100000000001,0.0244,0.056400000000000006,456774636701154.562500
0.11262000000000005,0.0252,0.0572,456774636701154.562500
0.11263000000000001,0.0236,0.0572,456774636701154.562500
0.11264000000000007,0.0244,0.054,456774636701154.562500
0.11265000000000003,0.0252,0.0524,456774636701154.562500
0.1126600000000001,0.0244,0.0572,456774636701154.562500
0.11267000000000005,0.0236,0.055600000000000004,456774636701154.562500
0.11268,0.0228,0.0572,456774636701154.562500
0.11269000000000007,0.0236,0.056400000000000006,456774636701154.562500
0.11270000000000002,0.0244,0.055600000000000004,456774636701154.562500
0.11271000000000009,0.0236,0.056400000000000006,456774636701154.562500
0.11272000000000004,0.022000000000000002,0.056400000000000006,456774636701154.562500
0.11273,0.0228,0.055600000000000004,456774636701154.562500
0.11274000000000006,0.022000000000000002,0.054,456774636701154.562500
0.11275000000000002,0.0228,0.056400000000000006,456774636701154.562500
0.11276000000000008,0.0204,0.055600000000000004,456774636701154.562500
0.11277000000000004,0.0204,0.055600000000000004,456774636701154.562500
0.1127800000000001,0.0212,0.054,456774636701154.562500
0.11279000000000006,0.0196,0.056400000000000006,456774636701154.562500
0.11280000000000001,0.0228,0.054,456774636701154.562500
0.11281000000000008,0.022000000000000002,0.054,456774636701154.562500
0.11282000000000003,0.0212,0.0524,456774636701154.562500
0.1128300000000001,0.0244,0.056400000000000006,456774636701154.562500
0.11284000000000005,0.0236,0.056400000000000006,456774636701154.562500
0.11285,0.0204,0.056400000000000006,456774636701154.562500
0.11286000000000007,0.0212,0.0572,456774636701154.562500
0.11287000000000003,0.0204,0.0524,456774636701154.562500
0.11288000000000009,0.0204,0.055600000000000004,456774636701154.562500
0.11289000000000005,0.0236,0.055600000000000004,456774636701154.562500
0.1129,0.022000000000000002,0.0572,456774636701154.562500
0.11291000000000007,0.0196,0.0572,456774636701154.562500
0.11292000000000002,0.0244,0.0572,456774636701154.562500
0.11293000000000009,0.022000000000000002,0.056400000000000006,456774636701154.562500
0.11294000000000004,0.0252,0.0572,456774636701154.562500
0.11295,0.022000000000000002,0.055600000000000004,456774636701154.562500
0.11296000000000006,0.0244,0.0524,456774636701154.562500
0.11297000000000001,0.0228,0.05,456774636701154.562500
0.11298000000000008,0.0244,0.046,456774636701154.562500
0.11299000000000003,0.0252,0.053200000000000004,456774636701154.562500
0.1130000000000001,0.0236,0.048400000000000006,456774636701154.562500
0.11301000000000005,0.022000000000000002,0.0572,456774636701154.562500
0.11302000000000001,0.0236,0.0548,456774636701154.562500
0.11303000000000007,0.022000000000000002,0.056400000000000006,456774636701154.562500
0.11304000000000003,0.0196,0.056400000000000006,456774636701154.562500
0.1130500000000001,0.022000000000000002,0.05,456774636701154.562500
0.11306000000000005,0.0228,0.0548,456774636701154.562500
0.11307,0.0236,0.0524,456774636701154.562500
0.11308000000000007,0.0204,0.0548,456774636701154.562500
0.11309000000000002,0.0212,0.0516,456774636701154.562500
0.11310000000000009,0.022000000000000002,0.050800000000000005,456774636701154.562500
0.11311000000000004,0.0228,0.0468,456774636701154.562500
0.11312,0.0196,0.050800000000000005,456774636701154.562500
0.11313000000000006,0.022000000000000002,0.054,456774636701154.562500
0.11314000000000002,0.0236,0.054,456774636701154.562500
0.11315000000000008,0.0236,0.054,456774636701154.562500
0.11316000000000004,0.0244,0.056400000000000006,456774636701154.562500
0.1131700000000001,0.0228,0.056400000000000006,456774636701154.562500
0.11318000000000006,0.0236,0.055600000000000004,456774636701154.562500
0.11319000000000001,0.0236,0.056400000000000006,456774636701154.562500
0.11320000000000008,0.0236,0.0516,456774636701154.562500
0.11321000000000003,0.0244,0.055600000000000004,456774636701154.562500
0.1132200000000001,0.0244,0.0548,456774636701154.562500
0.11323000000000005,0.0244,0.056400000000000006,456774636701154.562500
0.11324000000000001,0.0228,0.048400000000000006,456774636701154.562500
0.11325000000000007,0.0252,0.055600000000000004,456774636701154.562500
0.11326000000000003,0.0252,0.046,456774636701154.562500
0.11327000000000009,0.0252,0.0572,456774636701154.562500
0.11328000000000005,0.0252,0.050800000000000005,456774636701154.562500
0.11329,0.0244,0.056400000000000006,456774636701154.562500
0.11330000000000007,0.0244,0.0572,456774636701154.562500
0.11331000000000002,0.0236,0.055600000000000004,456774636701154.562500
0.11332000000000009,0.022000000000000002,0.0524,456774636701154.562500
0.11333000000000004,0.0236,0.054,456774636701154.562500
0.11334,0.0228,0.056400000000000006,456774636701154.562500
0.11335000000000006,0.0236,0.056400000000000006,456774636701154.562500
0.11336000000000002,0.0228,0.0572,456774636701154.562500
0.11337000000000008,0.0228,0.0524,456774636701154.562500
0.11338000000000004,0.0236,0.055600000000000004,456774636701154.562500
0.1133900000000001,0.0236,0.0548,456774636701154.562500
0.11340000000000006,0.0228,0.055600000000000004,456774636701154.562500
0.11341000000000001,0.0244,0.045200000000000004,456774636701154.562500
0.11342000000000008,0.022000000000000002,0.0572,456774636701154.562500
0.11343000000000003,0.022000000000000002,0.056400000000000006,456774636701154.562500
0.1134400000000001,0.0204,0.0548,456774636701154.562500
0.11345000000000005,0.022000000000000002,0.055600000000000004,456774636701154.562500
0.11346,0.0212,0.0516,456774636701154.562500
0.11347000000000007,0.0212,0.053200000000000004,456774636701154.562500
0.11348000000000003,0.0228,0.056400000000000006,456774636701154.562500
0.11349000000000009,0.022000000000000002,0.056400000000000006,456774636701154.562500
0.11350000000000005,0.0228,0.0548,456774636701154.562500
0.11351,0.0228,0.0548,456774636701154.562500
0.11352000000000007,0.0236,0.05,456774636701154.562500
0.11353000000000002,0.0244,0.056400000000000006,456774636701154.562500
0.11354000000000009,0.0236,0.054,456774636701154.562500
0.11355000000000004,0.022000000000000002,0.055600000000000004,456774636701154.562500
0.1135600000000001,0.0244,0.056400000000000006,456774636701154.562500
0.11357000000000006,0.0244,0.0572,456774636701154.562500
0.11358000000000001,0.0252,0.056400000000000006,456774636701154.562500
0.11359000000000008,0.022000000000000002,0.056400000000000006,456774636701154.562500
0.11360000000000003,0.0244,0.056400000000000006,456774636701154.562500
0.1136100000000001,0.022000000000000002,0.055600000000000004,456774636701154.562500
0.11362000000000005,0.0228,0.054,456774636701154.562500
0.11363000000000001,0.0228,0.050800000000000005,456774636701154.562500
0.11364000000000007,0.0236,0.048400000000000006,456774636701154.562500
0.11365000000000003,0.0196,0.05,456774636701154.562500
0.1136600000000001,0.0212,0.054,456774636701154.562500
0.11367000000000005,0.0212,0.053200000000000004,456774636701154.562500
0.11368,0.0204,0.054,456774636701154.562500
0.11369000000000007,0.0228,0.0492,456774636701154.562500
0.11370000000000002,0.0212,0.054,456774636701154.562500
0.11371000000000009,0.0204,0.055600000000000004,456774636701154.562500
0.11372000000000004,0.0196,0.0548,456774636701154.562500
0.11373,0.022000000000000002,0.058,456774636701154.562500
0.11374000000000006,0.022000000000000002,0.056400000000000006,456774636701154.562500
0.11375000000000002,0.0228,0.0572,456774636701154.562500
0.11376000000000008,0.0228,0.056400000000000006,456774636701154.562500
0.11377000000000004,0.0236,0.054,456774636701154.562500
0.1137800000000001,0.0236,0.056400000000000006,456774636701154.562500
0.11379000000000006,0.0236,0.0548,456774636701154.562500
0.11380000000000001,0.0244,0.0572,456774636701154.562500
0.11381000000000008,0.0228,0.053200000000000004,456774636701154.562500
0.11382000000000003,0.0236,0.055600000000000004,456774636701154.562500
0.1138300000000001,0.0252,0.0548,456774636701154.562500
0.11384000000000005,0.0236,0.0548,456774636701154.562500
0.11385,0.0236,0.055600000000000004,456774636701154.562500
0.11386000000000007,0.0244,0.0476,456774636701154.562500
0.11387000000000003,0.0252,0.050800000000000005,456774636701154.562500
0.11388000000000009,0.026000000000000002,0.0524,456774636701154.562500
0.11389000000000005,0.0228,0.0548,456774636701154.562500
0.1139,0.0236,0.058,456774636701154.562500
0.11391000000000007,0.0252,0.056400000000000006,456774636701154.562500
0.11392000000000002,0.0244,0.055600000000000004,456774636701154.562500
0.11393000000000009,0.0212,0.0476,456774636701154.562500
0.11394000000000004,0.0236,0.0524,456774636701154.562500
0.11395,0.0236,0.0468,456774636701154.562500
0.11396000000000006,0.0148,0.053200000000000004,456774636701154.562500
0.11397000000000002,0.0204,0.055600000000000004,456774636701154.562500
0.11398000000000008,0.0196,0.055600000000000004,456774636701154.562500
0.11399000000000004,0.0236,0.0572,456774636701154.562500
0.1140000000000001,0.0212,0.058,456774636701154.562500
0.11401000000000006,0.0228,0.054,456774636701154.562500
0.11402000000000001,0.0204,0.0572,456774636701154.562500
0.11403000000000008,0.0204,0.054,456774636701154.562500
0.11404000000000003,0.0204,0.056400000000000006,456774636701154.562500
0.1140500000000001,0.0236,0.055600000000000004,456774636701154.562500
0.11406000000000005,0.0196,0.056400000000000006,456774636701154.562500
0.11407,0.0188,0.056400000000000006,456774636701154.562500
0.11408000000000007,0.018000000000000002,0.056400000000000006,456774636701154.562500
0.11409000000000002,0.0228,0.058,456774636701154.562500
0.11410000000000009,0.0236,0.0572,456774636701154.562500
0.11411000000000004,0.0244,0.056400000000000006,456774636701154.562500
0.11412,0.0196,0.056400000000000006,456774636701154.562500
0.11413000000000006,0.022000000000000002,0.0548,456774636701154.562500
0.11414000000000002,0.0244,0.048400000000000006,456774636701154.562500
0.11415000000000008,0.0228,0.056400000000000006,456774636701154.562500
0.11416000000000004,0.0212,0.056400000000000006,456774636701154.562500
0.1141700000000001,0.0252,0.056400000000000006,456774636701154.562500
0.11418000000000006,0.0236,0.050800000000000005,456774636701154.562500
0.11419000000000001,0.0244,0.056400000000000006,456774636701154.562500
0.11420000000000008,0.0244,0.055600000000000004,456774636701154.562500
0.11421000000000003,0.0236,0.055600000000000004,456774636701154.562500
0.1142200000000001,0.0252,0.0572,456774636701154.562500
0.11423000000000005,0.022000000000000002,0.058,456774636701154.562500
0.11424000000000001,0.0236,0.058,456774636701154.562500
0.11425000000000007,0.0228,0.0572,456774636701154.562500
0.11426000000000003,0.0236,0.055600000000000004,456774636701154.562500
0.1142700000000001,0.0244,0.055600000000000004,456774636701154.562500
0.11428000000000005,0.0236,0.0548,456774636701154.562500
0.11429,0.022000000000000002,0.058800000000000005,456774636701154.562500
0.11430000000000007,0.0212,0.055600000000000004,456774636701154.562500
0.11431000000000002,0.0228,0.0572,456774636701154.562500
0.11432000000000009,0.022000000000000002,0.056400000000000006,456774636701154.562500
0.11433000000000004,0.0196,0.056400000000000006,456774636701154.562500
0.11434,0.0212,0.0572,456774636701154.562500
0.11435000000000006,0.0212,0.058,456774636701154.562500
0.11436000000000002,0.022000000000000002,0.056400000000000006,456774636701154.562500
0.11437000000000008,0.0228,0.056400000000000006,456774636701154.562500
0.11438000000000004,0.0236,0.058,456774636701154.562500
0.1143900000000001,0.0236,0.054,456774636701154.562500
0.11440000000000006,0.022000000000000002,0.056400000000000006,456774636701154.562500
0.11441000000000001,0.0244,0.056400000000000006,456774636701154.562500
0.11442000000000008,0.022000000000000002,0.055600000000000004,456774636701154.562500
0.11443000000000003,0.0252,0.056400000000000006,456774636701154.562500
0.1144400000000001,0.0228,0.056400000000000006,456774636701154.562500
0.11445000000000005,0.022000000000000002,0.056400000000000006,456774636701154.562500
0.11446,0.0252,0.055600000000000004,456774636701154.562500
0.11447000000000007,0.026000000000000002,0.055600000000000004,456774636701154.562500
0.11448000000000003,0.026000000000000002,0.058,456774636701154.562500
0.11449000000000009,0.0244,0.0572,456774636701154.562500
0.11450000000000005,0.0188,0.055600000000000004,456774636701154.562500
0.11451,0.0228,0.055600000000000004,456774636701154.562500
0.11452000000000007,0.022000000000000002,0.0516,456774636701154.562500
0.11453000000000002,0.0236,0.0548,456774636701154.562500
0.11454000000000009,0.022000000000000002,0.05,456774636701154.562500
0.11455000000000004,0.022000000000000002,0.0572,456774636701154.562500
0.11456,0.0196,0.055600000000000004,456774636701154.562500
0.11457000000000006,0.022000000000000002,0.054,456774636701154.562500
0.11458000000000002,0.022000000000000002,0.058,456774636701154.562500
0.11459000000000008,0.022000000000000002,0.0572,456774636701154.562500
0.11460000000000004,0.0228,0.058,456774636701154.562500
0.1146100000000001,0.022000000000000002,0.056400000000000006,456774636701154.562500
0.11462000000000006,0.0228,0.055600000000000004,456774636701154.562500
0.11463000000000001,0.018000000000000002,0.0572,456774636701154.562500
0.11464000000000008,0.0212,0.050800000000000005,456774636701154.562500
0.11465000000000003,0.022000000000000002,0.0548,456774636701154.562500
0.1146600000000001,0.022000000000000002,0.053200000000000004,456774636701154.562500
0.11467000000000005,0.0228,0.048400000000000006,456774636701154.562500
0.11468,0.0196,0.054,456774636701154.562500
0.11469000000000007,0.0228,0.0524,456774636701154.562500
0.11470000000000002,0.0204,0.056400000000000006,456774636701154.562500
0.11471000000000009,0.0204,0.055600000000000004,456774636701154.562500
0.11472000000000004,0.0236,0.0572,456774636701154.562500
0.11473,0.0252,0.0548,456774636701154.562500
0.11474000000000006,0.0244,0.056400000000000006,456774636701154.562500
0.11475000000000002,0.0228,0.056400000000000006,456774636701154.562500
0.11476000000000008,0.0228,0.0548,456774636701154.562500
0.11477000000000004,0.0236,0.055600000000000004,456774636701154.562500
0.1147800000000001,0.0244,0.054,456774636701154.562500
0.11479000000000006,0.0228,0.056400000000000006,456774636701154.562500
0.11480000000000001,0.0268,0.0548,456774636701154.562500
0.11481000000000008,0.0236,0.0548,456774636701154.562500
0.11482000000000003,0.0236,0.0524,456774636701154.562500
0.1148300000000001,0.0236,0.0492,456774636701154.562500
0.11484000000000005,0.0236,0.0412,456774636701154.562500
0.11485000000000001,0.0204,0.054,456774636701154.562500
0.11486000000000007,0.0212,0.053200000000000004,456774636701154.562500
0.11487000000000003,0.0212,0.058,456774636701154.562500
0.1148800000000001,0.022000000000000002,0.055600000000000004,456774636701154.562500
0.11489000000000005,0.0244,0.0572,456774636701154.562500
0.1149,0.0212,0.056400000000000006,456774636701154.562500
0.11491000000000007,0.022000000000000002,0.050800000000000005,456774636701154.562500
0.11492000000000002,0.0236,0.055600000000000004,456774636701154.562500
0.11493000000000009,0.0236,0.05,456774636701154.562500
0.11494000000000004,0.0228,0.056400000000000006,456774636701154.562500
0.11495,0.022000000000000002,0.058,456774636701154.562500
0.11496000000000006,0.022000000000000002,0.055600000000000004,456774636701154.562500
0.11497000000000002,0.0228,0.055600000000000004,456774636701154.562500
0.11498000000000008,0.022000000000000002,0.05,456774636701154.562500
0.11499000000000004,0.022000000000000002,0.0548,456774636701154.562500
0.1150000000000001,0.0228,0.050800000000000005,456774636701154.562500
0.11501000000000006,0.0236,0.055600000000000004,456774636701154.562500
0.11502000000000001,0.0204,0.0572,456774636701154.562500
0.11503000000000008,0.0228,0.055600000000000004,456774636701154.562500
0.11504000000000003,0.0228,0.0572,456774636701154.562500
0.1150500000000001,0.0236,0.055600000000000004,456774636701154.562500
0.11506000000000005,0.022000000000000002,0.0516,456774636701154.562500
0.11507,0.0252,0.0572,456774636701154.562500
0.11508000000000007,0.022000000000000002,0.0548,456774636701154.562500
0.11509000000000003,0.026000000000000002,0.0572,456774636701154.562500
0.11510000000000009,0.0244,0.055600000000000004,456774636701154.562500
0.11511000000000005,0.0228,0.054,456774636701154.562500
0.11512,0.0228,0.058,456774636701154.562500
0.11513000000000007,0.022000000000000002,0.058,456774636701154.562500
0.11514000000000002,0.0236,0.058,456774636701154.562500
0.11515000000000009,0.0204,0.056400000000000006,456774636701154.562500
0.11516000000000004,0.022000000000000002,0.0572,456774636701154.562500
0.1151700000000001,0.0212,0.048400000000000006,456774636701154.562500
0.11518000000000006,0.022000000000000002,0.053200000000000004,456774636701154.562500
0.11519000000000001,0.018000000000000002,0.0436,456774636701154.562500
0.11520000000000008,0.015600000000000001,0.048400000000000006,456774636701154.562500
0.11521000000000003,0.01,0.0436,456774636701154.562500
0.1152200000000001,0.0172,0.055600000000000004,456774636701154.562500
0.11523000000000005,0.0164,0.048400000000000006,456774636701154.562500
0.11524000000000001,0.0196,0.0572,456774636701154.562500
0.11525000000000007,0.0212,0.055600000000000004,456774636701154.562500
0.11526000000000003,0.022000000000000002,0.0572,456774636701154.562500
0.1152700000000001,0.0204,0.055600000000000004,456774636701154.562500
0.11528000000000005,0.022000000000000002,0.056400000000000006,456774636701154.562500
0.11529,0.022000000000000002,0.0548,456774636701154.562500
0.11530000000000007,0.022000000000000002,0.056400000000000006,456774636701154.562500
0.11531000000000002,0.0244,0.0572,456774636701154.562500
0.11532000000000009,0.0244,0.0572,456774636701154.562500
0.11533000000000004,0.0236,0.0572,456774636701154.562500
0.11534,0.0204,0.0572,456774636701154.562500
0.11535000000000006,0.0244,0.056400000000000006,456774636701154.562500
0.11536000000000002,0.0228,0.056400000000000006,456774636701154.562500
0.11537000000000008,0.0244,0.055600000000000004,456774636701154.562500
0.11538000000000004,0.0252,0.056400000000000006,456774636701154.562500
0.1153900000000001,0.0252,0.055600000000000004,456774636701154.562500
0.11540000000000006,0.0252,0.056400000000000006,456774636701154.562500
0.11541000000000001,0.0212,0.054,456774636701154.562500
0.11542000000000008,0.0204,0.056400000000000006,456774636701154.562500
0.11543000000000003,0.0252,0.056400000000000006,456774636701154.562500
0.1154400000000001,0.0212,0.0572,456774636701154.562500
0.11545000000000005,0.0236,0.055600000000000004,456774636701154.562500
0.11546000000000001,0.0212,0.055600000000000004,456774636701154.562500
0.11547000000000007,0.0236,0.056400000000000006,456774636701154.562500
0.11548000000000003,0.0196,0.058,456774636701154.562500
0.11549000000000009,0.0228,0.0572,456774636701154.562500
0.11550000000000005,0.0188,0.054,456774636701154.562500
0.11551,0.0188,0.053200000000000004,456774636701154.562500
0.11552000000000007,0.0228,0.056400000000000006,456774636701154.562500
0.11553000000000002,0.022000000000000002,0.0524,456774636701154.562500
0.11554000000000009,0.022000000000000002,0.0572,456774636701154.562500
0.11555000000000004,0.0228,0.0548,456774636701154.562500
0.11556,0.0212,0.056400000000000006,456774636701154.562500
0.11557000000000006,0.0196,0.048400000000000006,456774636701154.562500
0.11558000000000002,0.022000000000000002,0.058,456774636701154.562500
0.11559000000000008,0.0204,0.0572,456774636701154.562500
0.11560000000000004,0.022000000000000002,0.056400000000000006,456774636701154.562500
0.1156100000000001,0.0196,0.0572,456774636701154.562500
0.11562000000000006,0.022000000000000002,0.0572,456774636701154.562500
0.11563000000000001,0.0204,0.048400000000000006,456774636701154.562500
0.11564000000000008,0.0236,0.055600000000000004,456774636701154.562500
0.11565000000000003,0.0244,0.056400000000000006,456774636701154.562500
0.1156600000000001,0.0236,0.0572,456774636701154.562500
0.11567000000000005,0.0228,0.0572,456774636701154.562500
0.11568,0.0236,0.0524,456774636701154.562500
0.11569000000000007,0.0244,0.055600000000000004,456774636701154.562500
0.11570000000000003,0.0244,0.055600000000000004,456774636701154.562500
0.11571000000000009,0.0244,0.056400000000000006,456774636701154.562500
0.11572000000000005,0.0252,0.055600000000000004,456774636701154.562500
0.11573,0.0244,0.056400000000000006,456774636701154.562500
0.11574000000000007,0.0252,0.056400000000000006,456774636701154.562500
0.11575000000000002,0.0236,0.05,456774636701154.562500
0.11576000000000009,0.0244,0.055600000000000004,456774636701154.562500
0.11577000000000004,0.022000000000000002,0.056400000000000006,456774636701154.562500
0.1157800000000001,0.0236,0.055600000000000004,456774636701154.562500
0.11579000000000006,0.0196,0.058,456774636701154.562500
0.11580000000000001,0.0212,0.0548,456774636701154.562500
0.11581000000000008,0.022000000000000002,0.0572,456774636701154.562500
0.11582000000000003,0.0212,0.054,456774636701154.562500
0.1158300000000001,0.022000000000000002,0.056400000000000006,456774636701154.562500
0.11584000000000005,0.0244,0.0572,456774636701154.562500
0.11585000000000001,0.015600000000000001,0.0572,456774636701154.562500
0.11586000000000007,0.022000000000000002,0.0548,456774636701154.562500
0.11587000000000003,0.0196,0.056400000000000006,456774636701154.562500
0.1158800000000001,0.0228,0.0572,456774636701154.562500
0.11589000000000005,0.0204,0.056400000000000006,456774636701154.562500
0.1159,0.0228,0.056400000000000006,456774636701154.562500
0.11591000000000007,0.0196,0.042800000000000005,456774636701154.562500
0.11592000000000002,0.0236,0.0548,456774636701154.562500
0.11593000000000009,0.0228,0.0548,456774636701154.562500
0.11594000000000004,0.0244,0.055600000000000004,456774636701154.562500
0.11595,0.0212,0.056400000000000006,456774636701154.562500
0.11596000000000006,0.0252,0.053200000000000004,456774636701154.562500
0.11597000000000002,0.0244,0.056400000000000006,456774636701154.562500
0.11598000000000008,0.0236,0.0548,456774636701154.562500
0.11599000000000004,0.026000000000000002,0.0524,456774636701154.562500
0.1160000000000001,0.0236,0.0572,456774636701154.562500
0.11601000000000006,0.0204,0.054,456774636701154.562500
0.11602000000000001,0.0204,0.0516,456774636701154.562500
0.11603000000000008,0.022000000000000002,0.0492,456774636701154.562500
0.11604000000000003,0.0236,0.054,456774636701154.562500
0.1160500000000001,0.0228,0.053200000000000004,456774636701154.562500
0.11606000000000005,0.0236,0.056400000000000006,456774636701154.562500
0.11607,0.022000000000000002,0.0572,456774636701154.562500
0.11608000000000007,0.0228,0.0468,456774636701154.562500
0.11609000000000003,0.0228,0.0548,456774636701154.562500
0.11610000000000009,0.0228,0.053200000000000004,456774636701154.562500
0.11611000000000005,0.0244,0.0524,456774636701154.562500
0.11612,0.0196,0.055600000000000004,456774636701154.562500
0.11613000000000007,0.0236,0.0524,456774636701154.562500
0.11614000000000002,0.0228,0.053200000000000004,456774636701154.562500
0.11615000000000009,0.022000000000000002,0.0476,456774636701154.562500
0.11616000000000004,0.0228,0.0444,456774636701154.562500
0.11617,0.022000000000000002,0.050800000000000005,456774636701154.562500
0.11618000000000006,0.0196,0.0524,456774636701154.562500
0.11619000000000002,0.022000000000000002,0.0468,456774636701154.562500
0.11620000000000008,0.022000000000000002,0.055600000000000004,456774636701154.562500
0.11621000000000004,0.0212,0.054,456774636701154.562500
0.1162200000000001,0.0204,0.0572,456774636701154.562500
0.11623000000000006,0.0228,0.056400000000000006,456774636701154.562500
0.11624000000000001,0.0204,0.054,456774636701154.562500
0.11625000000000008,0.0244,0.0524,456774636701154.562500
0.11626000000000003,0.0244,0.0524,456774636701154.562500
0.1162700000000001,0.0228,0.054,456774636701154.562500
0.11628000000000005,0.0236,0.0492,456774636701154.562500
0.11629,0.0228,0.0548,456774636701154.562500
0.11630000000000007,0.0236,0.050800000000000005,456774636701154.562500
0.11631000000000002,0.0228,0.055600000000000004,456774636701154.562500
0.11632000000000009,0.0244,0.0572,456774636701154.562500
0.11633000000000004,0.0228,0.056400000000000006,456774636701154.562500
0.11634,0.0228,0.055600000000000004,456774636701154.562500
0.11635000000000006,0.018000000000000002,0.054,456774636701154.562500
0.11636000000000002,0.0212,0.0572,456774636701154.562500
0.11637000000000008,0.0188,0.054,456774636701154.562500
0.11638000000000004,0.0204,0.058,456774636701154.562500
0.1163900000000001,0.0164,0.0572,456774636701154.562500
0.11640000000000006,0.0188,0.055600000000000004,456774636701154.562500
0.11641000000000001,0.0164,0.0516,456774636701154.562500
0.11642000000000008,0.0204,0.0572,456774636701154.562500
0.11643000000000003,0.022000000000000002,0.058,456774636701154.562500
0.1164400000000001,0.022000000000000002,0.055600000000000004,456774636701154.562500
0.11645000000000005,0.0172,0.056400000000000006,456774636701154.562500
0.11646000000000001,0.022000000000000002,0.055600000000000004,456774636701154.562500
0.11647000000000007,0.0204,0.0524,456774636701154.562500
0.11648000000000003,0.0236,0.055600000000000004,456774636701154.562500
0.1164900000000001,0.0204,0.05,456774636701154.562500
0.11650000000000005,0.0228,0.058,456774636701154.562500
0.11651,0.0228,0.055600000000000004,456774636701154.562500
0.11652000000000007,0.022000000000000002,0.056400000000000006,456774636701154.562500
0.11653000000000002,0.0212,0.05,456774636701154.562500
0.11654000000000009,0.0236,0.0572,456774636701154.562500
0.11655000000000004,0.0236,0.056400000000000006,456774636701154.562500
0.11656,0.0228,0.053200000000000004,456774636701154.562500
0.11657000000000006,0.0236,0.056400000000000006,456774636701154.562500
0.11658000000000002,0.0196,0.05,456774636701154.562500
0.11659000000000008,0.0268,0.0548,456774636701154.562500
0.11660000000000004,0.0212,0.053200000000000004,456774636701154.562500
0.1166100000000001,0.0204,0.0572,456774636701154.562500
0.11662000000000006,0.0172,0.05,456774636701154.562500
0.11663000000000001,0.0196,0.050800000000000005,456774636701154.562500
0.11664000000000008,0.022000000000000002,0.045200000000000004,456774636701154.562500
0.11665000000000003,0.0244,0.0572,456774636701154.562500
0.1166600000000001,0.022000000000000002,0.055600000000000004,456774636701154.562500
0.11667000000000005,0.0236,0.056400000000000006,456774636701154.562500
0.11668,0.0236,0.0516,456774636701154.562500
0.11669000000000007,0.0228,0.0572,456774636701154.562500
0.11670000000000003,0.0236,0.0524,456774636701154.562500
0.11671000000000009,0.0228,0.054,456774636701154.562500
0.11672000000000005,0.022000000000000002,0.0572,456774636701154.562500
0.11673,0.022000000000000002,0.055600000000000004,456774636701154.562500
0.11674000000000007,0.0212,0.056400000000000006,456774636701154.562500
0.11675000000000002,0.022000000000000002,0.056400000000000006,456774636701154.562500
0.11676000000000009,0.022000000000000002,0.053200000000000004,456774636701154.562500
0.11677000000000004,0.0212,0.0572,456774636701154.562500
0.1167800000000001,0.0204,0.055600000000000004,456774636701154.562500
0.11679000000000006,0.0236,0.055600000000000004,456774636701154.562500
0.11680000000000001,0.0236,0.055600000000000004,456774636701154.562500
0.11681000000000008,0.0236,0.056400000000000006,456774636701154.562500
0.11682000000000003,0.0196,0.0516,456774636701154.562500
0.1168300000000001,0.0228,0.0548,456774636701154.562500
0.11684000000000005,0.0212,0.0548,456774636701154.562500
0.11685000000000001,0.022000000000000002,0.0548,456774636701154.562500
0.11686000000000007,0.0204,0.055600000000000004,456774636701154.562500
0.11687000000000003,0.0244,0.058,456774636701154.562500
0.1168800000000001,0.0212,0.058,456774636701154.562500
0.11689000000000005,0.022000000000000002,0.0516,456774636701154.562500
0.1169,0.0236,0.0516,456774636701154.562500
0.11691000000000007,0.0244,0.054,456774636701154.562500
0.11692000000000002,0.0244,0.056400000000000006,456774636701154.562500
0.11693000000000009,0.0236,0.055600000000000004,456774636701154.562500
0.11694000000000004,0.0244,0.055600000000000004,456774636701154.562500
0.11695,0.0228,0.058,456774636701154.562500
0.11696000000000006,0.022000000000000002,0.055600000000000004,456774636701154.562500
0.11697000000000002,0.0196,0.056400000000000006,456774636701154.562500
0.11698000000000008,0.022000000000000002,0.050800000000000005,456774636701154.562500
0.11699000000000004,0.0212,0.058800000000000005,456774636701154.562500
0.1170000000000001,0.018000000000000002,0.053200000000000004,456774636701154.562500
0.11701000000000006,0.0228,0.056400000000000006,456774636701154.562500
0.11702000000000001,0.0188,0.054,456774636701154.562500
0.11703000000000008,0.0236,0.056400000000000006,456774636701154.562500
0.11704000000000003,0.0172,0.050800000000000005,456774636701154.562500
0.1170500000000001,0.022000000000000002,0.056400000000000006,456774636701154.562500
0.11706000000000005,0.0188,0.0516,456774636701154.562500
0.11707000000000001,0.0228,0.055600000000000004,456774636701154.562500
0.11708000000000007,0.0212,0.045200000000000004,456774636701154.562500
0.11709000000000003,0.0212,0.056400000000000006,456774636701154.562500
0.11710000000000009,0.022000000000000002,0.054,456774636701154.562500
0.11711000000000005,0.0188,0.056400000000000006,456774636701154.562500
0.11712,0.0236,0.058,456774636701154.562500
0.11713000000000007,0.015600000000000001,0.055600000000000004,456774636701154.562500
0.11714000000000002,0.022000000000000002,0.054,456774636701154.562500
0.11715000000000009,0.015600000000000001,0.056400000000000006,456774636701154.562500
0.11716000000000004,0.0252,0.056400000000000006,456774636701154.562500
0.11717,0.022000000000000002,0.0548,456774636701154.562500
0.11718000000000006,0.0236,0.056400000000000006,456774636701154.562500
0.11719000000000002,0.0236,0.050800000000000005,456774636701154.562500
0.11720000000000008,0.0244,0.056400000000000006,456774636701154.562500
0.11721000000000004,0.0236,0.0572,456774636701154.562500
0.1172200000000001,0.0252,0.056400000000000006,456774636701154.562500
0.11723000000000006,0.0236,0.056400000000000006,456774636701154.562500
0.11724000000000001,0.0236,0.055600000000000004,456774636701154.562500
0.11725000000000008,0.0244,0.056400000000000006,456774636701154.562500
0.11726000000000003,0.0236,0.055600000000000004,456774636701154.562500
0.1172700000000001,0.0236,0.056400000000000006,456774636701154.562500
0.11728000000000005,0.022000000000000002,0.053200000000000004,456774636701154.562500
0.11729,0.0212,0.0516,456774636701154.562500
0.11730000000000007,0.0228,0.055600000000000004,456774636701154.562500
0.11731000000000003,0.0236,0.05,456774636701154.562500
0.11732000000000009,0.0212,0.0572,456774636701154.562500
0.11733000000000005,0.022000000000000002,0.054,456774636701154.562500
0.11734,0.0196,0.056400000000000006,456774636701154.562500
0.11735000000000007,0.0252,0.055600000000000004,456774636701154.562500
0.11736000000000002,0.0204,0.050800000000000005,456774636701154.562500
0.11737000000000009,0.0228,0.0572,456774636701154.562500
0.11738000000000004,0.0204,0.0516,456774636701154.562500
0.1173900000000001,0.022000000000000002,0.0548,456774636701154.562500
0.11740000000000006,0.0212,0.0476,456774636701154.562500
0.11741000000000001,0.022000000000000002,0.0572,456774636701154.562500
0.11742000000000008,0.022000000000000002,0.0548,456774636701154.562500
0.11743000000000003,0.0228,0.058,456774636701154.562500
0.1174400000000001,0.0212,0.0572,456774636701154.562500
0.11745000000000005,0.0228,0.056400000000000006,456774636701154.562500
0.11746000000000001,0.022000000000000002,0.055600000000000004,456774636701154.562500
0.11747000000000007,0.022000000000000002,0.056400000000000006,456774636701154.562500
0.11748000000000003,0.0244,0.053200000000000004,456774636701154.562500
0.1174900000000001,0.0236,0.0548,456774636701154.562500
0.11750000000000005,0.0228,0.0572,456774636701154.562500
0.11751,0.0244,0.055600000000000004,456774636701154.562500
0.11752000000000007,0.0244,0.0524,456774636701154.562500
0.11753000000000002,0.026000000000000002,0.0524,456774636701154.562500
0.11754000000000009,0.0236,0.054,456774636701154.562500
0.11755000000000004,0.026000000000000002,0.0548,456774636701154.562500
0.11756,0.0244,0.05,456774636701154.562500
0.11757000000000006,0.0244,0.056400000000000006,456774636701154.562500
0.11758000000000002,0.0236,0.055600000000000004,456774636701154.562500
0.11759000000000008,0.0236,0.056400000000000006,456774636701154.562500
0.11760000000000004,0.0236,0.055600000000000004,456774636701154.562500
0.1176100000000001,0.022000000000000002,0.056400000000000006,456774636701154.562500
0.11762000000000006,0.0212,0.055600000000000004,456774636701154.562500
0.11763000000000001,0.0236,0.056400000000000006,456774636701154.562500
0.11764000000000008,0.0244,0.0572,456774636701154.562500
0.11765000000000003,0.0228,0.055600000000000004,456774636701154.562500
0.1176600000000001,0.0212,0.0572,456774636701154.562500
0.11767000000000005,0.0236,0.05,456774636701154.562500
0.11768,0.022000000000000002,0.0548,456774636701154.562500
0.11769000000000007,0.022000000000000002,0.05,456774636701154.562500
0.11770000000000003,0.022000000000000002,0.0572,456774636701154.562500
0.11771000000000009,0.022000000000000002,0.053200000000000004,456774636701154.562500
0.11772000000000005,0.0228,0.056400000000000006,456774636701154.562500
0.11773,0.0204,0.054,456774636701154.562500
0.11774000000000007,0.0236,0.0572,456774636701154.562500
0.11775000000000002,0.022000000000000002,0.053200000000000004,456774636701154.562500
0.11776000000000009,0.0228,0.055600000000000004,456774636701154.562500
0.11777000000000004,0.022000000000000002,0.056400000000000006,456774636701154.562500
0.11778,0.0236,0.056400000000000006,456774636701154.562500
0.11779000000000006,0.0244,0.054,456774636701154.562500
0.11780000000000002,0.0236,0.055600000000000004,456774636701154.562500
0.11781000000000008,0.0228,0.055600000000000004,456774636701154.562500
0.11782000000000004,0.0204,0.0596,456774636701154.562500
0.1178300000000001,0.0244,0.054,456774636701154.562500
0.11784000000000006,0.0212,0.056400000000000006,456774636701154.562500
0.11785000000000001,0.0236,0.050800000000000005,456774636701154.562500
0.11786000000000008,0.018000000000000002,0.055600000000000004,456774636701154.562500
0.11787000000000003,0.0204,0.056400000000000006,456774636701154.562500
0.1178800000000001,0.0172,0.055600000000000004,456774636701154.562500
0.11789000000000005,0.0196,0.0468,456774636701154.562500
0.1179,0.0148,0.055600000000000004,456774636701154.562500
0.11791000000000007,0.0212,0.0548,456774636701154.562500
0.11792000000000002,0.0212,0.0524,456774636701154.562500
0.11793000000000009,0.022000000000000002,0.038,456774636701154.562500
0.11794000000000004,0.0196,0.054,456774636701154.562500
0.11795,0.0212,0.0492,456774636701154.562500
0.11796000000000006,0.0212,0.0572,456774636701154.562500
0.11797000000000002,0.018000000000000002,0.048400000000000006,456774636701154.562500
0.11798000000000008,0.0228,0.056400000000000006,456774636701154.562500
0.11799000000000004,0.0228,0.053200000000000004,456774636701154.562500
0.1180000000000001,0.0212,0.0572,456774636701154.562500
0.11801000000000006,0.0204,0.0524,456774636701154.562500
0.11802000000000001,0.022000000000000002,0.058,456774636701154.562500
0.11803000000000008,0.0204,0.058,456774636701154.562500
0.11804000000000003,0.022000000000000002,0.055600000000000004,456774636701154.562500
0.1180500000000001,0.0228,0.055600000000000004,456774636701154.562500
0.11806000000000005,0.0228,0.056400000000000006,456774636701154.562500
0.11807000000000001,0.022000000000000002,0.0572,456774636701154.562500
0.11808000000000007,0.0236,0.0572,456774636701154.562500
0.11809000000000003,0.0196,0.053200000000000004,456774636701154.562500
0.1181000000000001,0.0236,0.0572,456774636701154.562500
0.11811000000000005,0.0204,0.054,456774636701154.562500
0.11812,0.0236,0.0572,456774636701154.562500
0.11813000000000007,0.022000000000000002,0.055600000000000004,456774636701154.562500
0.11814000000000002,0.026000000000000002,0.0572,456774636701154.562500
0.11815000000000009,0.022000000000000002,0.056400000000000006,456774636701154.562500
0.11816000000000004,0.0244,0.055600000000000004,456774636701154.562500
0.11817,0.0236,0.0572,456774636701154.562500
0.11818000000000006,0.0236,0.0548,456774636701154.562500
0.11819000000000002,0.0236,0.055600000000000004,456774636701154.562500
0.11820000000000008,0.0236,0.0516,456774636701154.562500
0.11821000000000004,0.0236,0.056400000000000006,456774636701154.562500
0.1182200000000001,0.0212,0.056400000000000006,456774636701154.562500
0.11823000000000006,0.0236,0.055600000000000004,456774636701154.562500
0.11824000000000001,0.018000000000000002,0.056400000000000006,456774636701154.562500
0.11825000000000008,0.022000000000000002,0.056400000000000006,456774636701154.562500
0.11826000000000003,0.022000000000000002,0.053200000000000004,456774636701154.562500
0.1182700000000001,0.0188,0.056400000000000006,456774636701154.562500
0.11828000000000005,0.022000000000000002,0.056400000000000006,456774636701154.562500
0.11829,0.0212,0.054,456774636701154.562500
0.11830000000000007,0.022000000000000002,0.054,456774636701154.562500
0.11831000000000003,0.0228,0.0516,456774636701154.562500
0.11832000000000009,0.0204,0.054,456774636701154.562500
0.11833000000000005,0.022000000000000002,0.050800000000000005,456774636701154.562500
0.11834,0.0204,0.050800000000000005,456774636701154.562500
0.11835000000000007,0.0244,0.0524,456774636701154.562500
0.11836000000000002,0.0228,0.050800000000000005,456774636701154.562500
0.11837000000000009,0.0228,0.054,456774636701154.562500
0.11838000000000004,0.0236,0.054,456774636701154.562500
0.11839,0.0228,0.056400000000000006,456774636701154.562500
0.11840000000000006,0.0204,0.0444,456774636701154.562500
0.11841000000000002,0.0244,0.0524,456774636701154.562500
0.11842000000000008,0.0236,0.05,456774636701154.562500
0.11843000000000004,0.0228,0.054,456774636701154.562500
0.1184400000000001,0.0212,0.0548,456774636701154.562500
0.11845000000000006,0.0252,0.0572,456774636701154.562500
0.11846000000000001,0.0228,0.040400000000000005,456774636701154.562500
0.11847000000000008,0.0236,0.0572,456774636701154.562500
0.11848000000000003,0.022000000000000002,0.054,456774636701154.562500
0.1184900000000001,0.0236,0.0572,456774636701154.562500
0.11850000000000005,0.0228,0.055600000000000004,456774636701154.562500
0.11851,0.0236,0.055600000000000004,456774636701154.562500
0.11852000000000007,0.0196,0.0548,456774636701154.562500
0.11853000000000002,0.0228,0.054,456774636701154.562500
0.11854000000000009,0.0204,0.054,456774636701154.562500
0.11855000000000004,0.0212,0.054,456774636701154.562500
0.11856,0.022000000000000002,0.055600000000000004,456774636701154.562500
0.11857000000000006,0.0188,0.0548,456774636701154.562500
0.11858000000000002,0.0228,0.05,456774636701154.562500
0.11859000000000008,0.0196,0.054,456774636701154.562500
0.11860000000000004,0.0212,0.055600000000000004,456774636701154.562500
0.1186100000000001,0.0236,0.055600000000000004,456774636701154.562500
0.11862000000000006,0.022000000000000002,0.0572,456774636701154.562500
0.11863000000000001,0.022000000000000002,0.0572,456774636701154.562500
0.11864000000000008,0.0228,0.054,456774636701154.562500
0.11865000000000003,0.0236,0.0572,456774636701154.562500
0.1186600000000001,0.022000000000000002,0.058800000000000005,456774636701154.562500
0.11867000000000005,0.0228,0.0572,456774636701154.562500
0.11868000000000001,0.022000000000000002,0.0524,456774636701154.562500
0.11869000000000007,0.0244,0.056400000000000006,456774636701154.562500
0.11870000000000003,0.0204,0.0524,456774636701154.562500
0.1187100000000001,0.0252,0.05,456774636701154.562500
0.11872000000000005,0.0228,0.045200000000000004,456774636701154.562500
0.11873,0.0252,0.055600000000000004,456774636701154.562500
0.11874000000000007,0.0212,0.0524,456774636701154.562500
0.11875000000000002,0.022000000000000002,0.0572,456774636701154.562500
0.11876000000000009,0.0228,0.056400000000000006,456774636701154.562500
0.11877000000000004,0.0244,0.054,456774636701154.562500
0.11878,0.018000000000000002,0.0572,456774636701154.562500
0.11879000000000006,0.0228,0.054,456774636701154.562500
0.11880000000000002,0.0204,0.056400000000000006,456774636701154.562500
0.11881000000000008,0.0228,0.053200000000000004,456774636701154.562500
0.11882000000000004,0.022000000000000002,0.056400000000000006,456774636701154.562500
0.1188300000000001,0.0228,0.0548,456774636701154.562500
0.11884000000000006,0.022000000000000002,0.0572,456774636701154.562500
0.11885000000000001,0.0212,0.050800000000000005,456774636701154.562500
0.11886000000000008,0.022000000000000002,0.0476,456774636701154.562500
0.11887000000000003,0.0236,0.0516,456774636701154.562500
0.1188800000000001,0.0204,0.0476,456774636701154.562500
0.11889000000000005,0.0236,0.05,456774636701154.562500
0.1189,0.0212,0.0436,456774636701154.562500
0.11891000000000007,0.018000000000000002,0.0572,456774636701154.562500
0.11892000000000003,0.0228,0.0548,456774636701154.562500
0.11893000000000009,0.018000000000000002,0.058,456774636701154.562500
0.11894000000000005,0.0212,0.055600000000000004,456774636701154.562500
0.11895,0.0212,0.055600000000000004,456774636701154.562500
0.11896000000000007,0.022000000000000002,0.054,456774636701154.562500
0.11897000000000002,0.022000000000000002,0.0548,456774636701154.562500
0.11898000000000009,0.022000000000000002,0.038,456774636701154.562500
0.11899000000000004,0.022000000000000002,0.048400000000000006,456774636701154.562500
0.1190000000000001,0.0244,0.0524,456774636701154.562500
0.11901000000000006,0.0244,0.056400000000000006,456774636701154.562500
0.11902000000000001,0.0244,0.056400000000000006,456774636701154.562500
0.11903000000000008,0.0228,0.056400000000000006,456774636701154.562500
0.11904000000000003,0.0244,0.048400000000000006,456774636701154.562500
0.1190500000000001,0.0252,0.0548,456774636701154.562500
0.11906000000000005,0.0228,0.050800000000000005,456774636701154.562500
0.11907000000000001,0.0252,0.0548,456774636701154.562500
0.11908000000000007,0.0228,0.048400000000000006,456774636701154.562500
0.11909000000000003,0.0252,0.0572,456774636701154.562500
0.1191000000000001,0.0244,0.054,456774636701154.562500
0.11911000000000005,0.0228,0.058,456774636701154.562500
0.11912,0.022000000000000002,0.055600000000000004,456774636701154.562500
0.11913000000000007,0.0228,0.0572,456774636701154.562500
0.11914000000000002,0.022000000000000002,0.0524,456774636701154.562500
0.11915000000000009,0.022000000000000002,0.056400000000000006,456774636701154.562500
0.11916000000000004,0.0236,0.055600000000000004,456774636701154.562500
0.11917,0.0188,0.055600000000000004,456774636701154.562500
0.11918000000000006,0.022000000000000002,0.054,456774636701154.562500
0.11919000000000002,0.018000000000000002,0.040400000000000005,456774636701154.562500
0.11920000000000008,0.022000000000000002,0.058,456774636701154.562500
0.11921000000000004,0.022000000000000002,0.0524,456774636701154.562500
0.1192200000000001,0.0228,0.0572,456774636701154.562500
0.11923000000000006,0.022000000000000002,0.053200000000000004,456774636701154.562500
0.11924000000000001,0.0228,0.058,456774636701154.562500
0.11925000000000008,0.0196,0.054,456774636701154.562500
0.11926000000000003,0.022000000000000002,0.0572,456774636701154.562500
0.1192700000000001,0.0212,0.056400000000000006,456774636701154.562500
0.11928000000000005,0.0236,0.0572,456774636701154.562500
0.11929000000000001,0.022000000000000002,0.056400000000000006,456774636701154.562500
0.11930000000000007,0.0244,0.056400000000000006,456774636701154.562500
0.11931000000000003,0.0228,0.0572,456774636701154.562500
0.11932000000000009,0.0252,0.0524,456774636701154.562500
0.11933000000000005,0.0236,0.0572,456774636701154.562500
0.11934,0.0268,0.0572,456774636701154.562500
0.11935000000000007,0.0236,0.0516,456774636701154.562500
0.11936000000000002,0.0236,0.0548,456774636701154.562500
0.11937000000000009,0.0236,0.056400000000000006,456774636701154.562500
0.11938000000000004,0.0236,0.050800000000000005,456774636701154.562500
0.11939,0.0236,0.058,456774636701154.562500
0.11940000000000006,0.0236,0.054,456774636701154.562500
0.11941000000000002,0.0196,0.055600000000000004,456774636701154.562500
0.11942000000000008,0.0244,0.0548,456774636701154.562500
0.11943000000000004,0.0188,0.0548,456774636701154.562500
0.1194400000000001,0.0228,0.0516,456774636701154.562500
0.11945000000000006,0.0204,0.055600000000000004,456774636701154.562500
0.11946000000000001,0.0188,0.056400000000000006,456774636701154.562500
0.11947000000000008,0.0212,0.054,456774636701154.562500
0.11948000000000003,0.0212,0.0516,456774636701154.562500
0.1194900000000001,0.0228,0.0572,456774636701154.562500
0.11950000000000005,0.022000000000000002,0.055600000000000004,456774636701154.562500
0.11951,0.0236,0.055600000000000004,456774636701154.562500
0.11952000000000007,0.022000000000000002,0.055600000000000004,456774636701154.562500
0.11953000000000003,0.0212,0.054,456774636701154.562500
0.11954000000000009,0.022000000000000002,0.0548,456774636701154.562500
0.11955000000000005,0.0196,0.053200000000000004,456774636701154.562500
0.11956,0.022000000000000002,0.0572,456774636701154.562500
0.11957000000000007,0.0204,0.0524,456774636701154.562500
0.11958000000000002,0.022000000000000002,0.0516,456774636701154.562500
0.11959000000000009,0.0236,0.054,456774636701154.562500
0.11960000000000004,0.0236,0.0572,456774636701154.562500
0.1196100000000001,0.0228,0.048400000000000006,456774636701154.562500
0.11962000000000006,0.0244,0.055600000000000004,456774636701154.562500
0.11963000000000001,0.0212,0.054,456774636701154.562500
0.11964000000000008,0.026000000000000002,0.056400000000000006,456774636701154.562500
0.11965000000000003,0.0204,0.058,456774636701154.562500
0.1196600000000001,0.0244,0.058,456774636701154.562500
0.11967000000000005,0.0228,0.0572,456774636701154.562500
0.11968000000000001,0.022000000000000002,0.0572,456774636701154.562500
0.11969000000000007,0.0244,0.0524,456774636701154.562500
0.11970000000000003,0.0236,0.055600000000000004,456774636701154.562500
0.1197100000000001,0.0244,0.056400000000000006,456774636701154.562500
0.11972000000000005,0.0236,0.0572,456774636701154.562500
0.11973,0.0228,0.055600000000000004,456774636701154.562500
0.11974000000000007,0.022000000000000002,0.05,456774636701154.562500
0.11975000000000002,0.0228,0.058,456774636701154.562500
0.11976000000000009,0.022000000000000002,0.054,456774636701154.562500
0.11977000000000004,0.0212,0.053200000000000004,456774636701154.562500
0.11978,0.022000000000000002,0.056400000000000006,456774636701154.562500
0.11979000000000006,0.022000000000000002,0.0476,456774636701154.562500
0.11980000000000002,0.0188,0.055600000000000004,456774636701154.562500
0.11981000000000008,0.018000000000000002,0.056400000000000006,456774636701154.562500
0.11982000000000004,0.0212,0.056400000000000006,456774636701154.562500
0.1198300000000001,0.0204,0.056400000000000006,456774636701154.562500
0.11984000000000006,0.022000000000000002,0.0492,456774636701154.562500
0.11985000000000001,0.0228,0.0572,456774636701154.562500
0.11986000000000008,0.0204,0.05,456774636701154.562500
0.11987000000000003,0.0212,0.0572,456774636701154.562500
0.1198800000000001,0.0228,0.056400000000000006,456774636701154.562500
0.11989000000000005,0.0228,0.055600000000000004,456774636701154.562500
0.1199,0.0236,0.0516,456774636701154.562500
0.11991000000000007,0.0204,0.0572,456774636701154.562500
0.11992000000000003,0.0228,0.054,456774636701154.562500
0.11993000000000009,0.0236,0.0572,456774636701154.562500
0.11994000000000005,0.0228,0.056400000000000006,456774636701154.562500
0.11995,0.0236,0.055600000000000004,456774636701154.562500
0.11996000000000007,0.0236,0.055600000000000004,456774636701154.562500
0.11997000000000002,0.0228,0.0476,456774636701154.562500
0.11998000000000009,0.0236,0.058,456774636701154.562500
0.11999000000000004,0.0228,0.0524,456774636701154.562500
0.12,0.0236,0.0572,456774636701154.562500
0.12001000000000006,0.0228,0.055600000000000004,456774636701154.562500
0.12002000000000002,0.0252,0.0492,456774636701154.562500
0.12003000000000008,0.0204,0.053200000000000004,456774636701154.562500
0.12004000000000004,0.0228,0.056400000000000006,456774636701154.562500
0.1200500000000001,0.0228,0.055600000000000004,456774636701154.562500
0.12006000000000006,0.0228,0.0548,456774636701154.562500
0.12007000000000001,0.0212,0.056400000000000006,456774636701154.562500
0.12008000000000008,0.0204,0.0492,456774636701154.562500
0.12009000000000003,0.0236,0.055600000000000004,456774636701154.562500
0.1201000000000001,0.022000000000000002,0.058,456774636701154.562500
0.12011000000000005,0.022000000000000002,0.0548,456774636701154.562500
0.12012,0.0228,0.056400000000000006,456774636701154.562500
0.12013000000000007,0.018000000000000002,0.054,456774636701154.562500
0.12014000000000002,0.022000000000000002,0.055600000000000004,456774636701154.562500
0.12015000000000009,0.022000000000000002,0.055600000000000004,456774636701154.562500
0.12016000000000004,0.0212,0.050800000000000005,456774636701154.562500
0.12017,0.0228,0.056400000000000006,456774636701154.562500
0.12018000000000006,0.0228,0.056400000000000006,456774636701154.562500
0.12019000000000002,0.0236,0.05,456774636701154.562500
0.12020000000000008,0.0228,0.0548,456774636701154.562500
0.12021000000000004,0.0228,0.0524,456774636701154.562500
0.1202200000000001,0.022000000000000002,0.055600000000000004,456774636701154.562500
0.12023000000000006,0.022000000000000002,0.0572,456774636701154.562500
0.12024000000000001,0.0228,0.055600000000000004,456774636701154.562500
0.12025000000000008,0.0236,0.0572,456774636701154.562500
0.12026000000000003,0.022000000000000002,0.054,456774636701154.562500
0.1202700000000001,0.0236,0.0524,456774636701154.562500
0.12028000000000005,0.0236,0.0516,456774636701154.562500
0.12029000000000001,0.022000000000000002,0.055600000000000004,456774636701154.562500
0.12030000000000007,0.0204,0.053200000000000004,456774636701154.562500
0.12031000000000003,0.0212,0.0572,456774636701154.562500
0.1203200000000001,0.0252,0.0516,456774636701154.562500
0.12033000000000005,0.0228,0.0548,456774636701154.562500
0.12034,0.0236,0.0548,456774636701154.562500
0.12035000000000007,0.0228,0.054,456774636701154.562500
0.12036000000000002,0.0228,0.0516,456774636701154.562500
0.12037000000000009,0.022000000000000002,0.0492,456774636701154.562500
0.12038000000000004,0.022000000000000002,0.0516,456774636701154.562500
0.12039,0.0204,0.054,456774636701154.562500
0.12040000000000006,0.0228,0.0572,456774636701154.562500
0.12041000000000002,0.0196,0.0492,456774636701154.562500
0.12042000000000008,0.0228,0.054,456774636701154.562500
0.12043000000000004,0.0204,0.054,456774636701154.562500
0.1204400000000001,0.0212,0.055600000000000004,456774636701154.562500
0.12045000000000006,0.0204,0.056400000000000006,456774636701154.562500
0.12046000000000001,0.0188,0.0572,456774636701154.562500
0.12047000000000008,0.0172,0.054,456774636701154.562500
0.12048000000000003,0.0236,0.054,456774636701154.562500
0.1204900000000001,0.022000000000000002,0.0572,456774636701154.562500
0.12050000000000005,0.022000000000000002,0.056400000000000006,456774636701154.562500
0.12051,0.0244,0.0572,456774636701154.562500
0.12052000000000007,0.0204,0.054,456774636701154.562500
0.12053000000000003,0.0204,0.048400000000000006,456774636701154.562500
0.12054000000000009,0.0228,0.054,456774636701154.562500
0.12055000000000005,0.0212,0.046,456774636701154.562500
0.12056,0.0204,0.0548,456774636701154.562500
0.12057000000000007,0.0228,0.054,456774636701154.562500
0.12058000000000002,0.0148,0.056400000000000006,456774636701154.562500
0.12059000000000009,0.0236,0.054,456774636701154.562500
0.12060000000000004,0.0236,0.058,456774636701154.562500
0.1206100000000001,0.0204,0.0516,456774636701154.562500
0.12062000000000006,0.0236,0.055600000000000004,456774636701154.562500
0.12063000000000001,0.022000000000000002,0.055600000000000004,456774636701154.562500
0.12064000000000008,0.0196,0.054,456774636701154.562500
0.12065000000000003,0.0236,0.055600000000000004,456774636701154.562500
0.1206600000000001,0.0204,0.0516,456774636701154.562500
0.12067000000000005,0.0236,0.054,456774636701154.562500
0.12068000000000001,0.0172,0.0548,456774636701154.562500
0.12069000000000007,0.0228,0.042,456774636701154.562500
0.12070000000000003,0.0164,0.0572,456774636701154.562500
0.1207100000000001,0.0212,0.0548,456774636701154.562500
0.12072000000000005,0.022000000000000002,0.055600000000000004,456774636701154.562500
0.12073,0.018000000000000002,0.055600000000000004,456774636701154.562500
0.12074000000000007,0.0212,0.053200000000000004,456774636701154.562500
0.12075000000000002,0.0204,0.0524,456774636701154.562500
0.12076000000000009,0.0228,0.054,456774636701154.562500
0.12077000000000004,0.022000000000000002,0.055600000000000004,456774636701154.562500
0.12078,0.022000000000000002,0.0572,456774636701154.562500
0.12079000000000006,0.022000000000000002,0.0548,456774636701154.562500
0.12080000000000002,0.0212,0.053200000000000004,456774636701154.562500
0.12081000000000008,0.0228,0.046,456774636701154.562500
0.12082000000000004,0.0228,0.0492,456774636701154.562500
0.1208300000000001,0.022000000000000002,0.0492,456774636701154.562500
0.12084000000000006,0.022000000000000002,0.058800000000000005,456774636701154.562500
0.12085000000000001,0.0244,0.0516,456774636701154.562500
0.12086000000000008,0.0196,0.056400000000000006,456774636701154.562500
0.12087000000000003,0.0252,0.05,456774636701154.562500
0.1208800000000001,0.0244,0.055600000000000004,456774636701154.562500
0.12089000000000005,0.0236,0.0524,456774636701154.562500
0.12090000000000001,0.0244,0.055600000000000004,456774636701154.562500
0.12091000000000007,0.0236,0.048400000000000006,456774636701154.562500
0.12092000000000003,0.0212,0.054,456774636701154.562500
0.12093000000000009,0.0236,0.054,456774636701154.562500
0.12094000000000005,0.0188,0.053200000000000004,456774636701154.562500
0.12095,0.0236,0.0492,456774636701154.562500
0.12096000000000007,0.0228,0.056400000000000006,456774636701154.562500
0.12097000000000002,0.0204,0.0524,456774636701154.562500
0.12098000000000009,0.022000000000000002,0.0572,456774636701154.562500
0.12099000000000004,0.022000000000000002,0.0548,456774636701154.562500
0.121,0.0204,0.056400000000000006,456774636701154.562500
0.12101000000000006,0.022000000000000002,0.0524,456774636701154.562500
0.12102000000000002,0.0212,0.0572,456774636701154.562500
0.12103000000000008,0.0228,0.050800000000000005,456774636701154.562500
0.12104000000000004,0.0212,0.0572,456774636701154.562500
0.1210500000000001,0.0228,0.054,456774636701154.562500
0.12106000000000006,0.0228,0.055600000000000004,456774636701154.562500
0.12107000000000001,0.022000000000000002,0.055600000000000004,456774636701154.562500
0.12108000000000008,0.0204,0.056400000000000006,456774636701154.562500
0.12109000000000003,0.0236,0.0468,456774636701154.562500
0.1211000000000001,0.022000000000000002,0.0572,456774636701154.562500
0.12111000000000005,0.022000000000000002,0.056400000000000006,456774636701154.562500
0.12112,0.0228,0.0572,456774636701154.562500
0.12113000000000007,0.0228,0.055600000000000004,456774636701154.562500
0.12114000000000003,0.0228,0.050800000000000005,456774636701154.562500
0.12115000000000009,0.0236,0.056400000000000006,456774636701154.562500
0.12116000000000005,0.022000000000000002,0.053200000000000004,456774636701154.562500
0.12117,0.0204,0.058800000000000005,456774636701154.562500
0.12118000000000007,0.0228,0.056400000000000006,456774636701154.562500
0.12119000000000002,0.0236,0.054,456774636701154.562500
0.12120000000000009,0.0228,0.056400000000000006,456774636701154.562500
0.12121000000000004,0.0236,0.0548,456774636701154.562500
0.1212200000000001,0.0212,0.054,456774636701154.562500
0.12123000000000006,0.0228,0.053200000000000004,456774636701154.562500
0.12124000000000001,0.0212,0.058,456774636701154.562500
0.12125000000000008,0.0172,0.050800000000000005,456774636701154.562500
0.12126000000000003,0.0196,0.056400000000000006,456774636701154.562500
0.1212700000000001,0.0212,0.0524,456774636701154.562500
0.12128000000000005,0.0172,0.053200000000000004,456774636701154.562500
0.12129000000000001,0.0236,0.0468,456774636701154.562500
0.12130000000000007,0.022000000000000002,0.058,456774636701154.562500
0.12131000000000003,0.0196,0.058,456774636701154.562500
0.1213200000000001,0.0212,0.056400000000000006,456774636701154.562500
0.12133000000000005,0.0204,0.0572,456774636701154.562500
0.12134,0.0228,0.0572,456774636701154.562500
0.12135000000000007,0.022000000000000002,0.056400000000000006,456774636701154.562500
0.12136000000000002,0.0204,0.055600000000000004,456774636701154.562500
0.12137000000000009,0.022000000000000002,0.056400000000000006,456774636701154.562500
0.12138000000000004,0.022000000000000002,0.0524,456774636701154.562500
0.12139,0.022000000000000002,0.0548,456774636701154.562500
0.12140000000000006,0.0228,0.0444,456774636701154.562500
0.12141000000000002,0.0244,0.056400000000000006,456774636701154.562500
0.12142000000000008,0.0244,0.053200000000000004,456774636701154.562500
0.12143000000000004,0.0236,0.055600000000000004,456774636701154.562500
0.1214400000000001,0.0212,0.058,456774636701154.562500
0.12145000000000006,0.0204,0.0516,456774636701154.562500
0.12146000000000001,0.0236,0.056400000000000006,456774636701154.562500
0.12147000000000008,0.0244,0.050800000000000005,456774636701154.562500
0.12148000000000003,0.0244,0.0548,456774636701154.562500
0.1214900000000001,0.0252,0.0516,456774636701154.562500
0.12150000000000005,0.0252,0.056400000000000006,456774636701154.562500
0.12151,0.0236,0.05,456774636701154.562500
0.12152000000000007,0.0212,0.056400000000000006,456774636701154.562500
0.12153000000000003,0.0236,0.054,456774636701154.562500
0.12154000000000009,0.0244,0.055600000000000004,456774636701154.562500
0.12155000000000005,0.0236,0.0492,456774636701154.562500
0.12156,0.0228,0.056400000000000006,456774636701154.562500
0.12157000000000007,0.0236,0.050800000000000005,456774636701154.562500
0.12158000000000002,0.0212,0.0548,456774636701154.562500
0.12159000000000009,0.022000000000000002,0.0436,456774636701154.562500
0.12160000000000004,0.0228,0.053200000000000004,456774636701154.562500
0.12161,0.0228,0.05,456774636701154.562500
0.12162000000000006,0.0228,0.055600000000000004,456774636701154.562500
0.12163000000000002,0.0204,0.0524,456774636701154.562500
0.12164000000000008,0.0228,0.0572,456774636701154.562500
0.12165000000000004,0.0228,0.0492,456774636701154.562500
0.1216600000000001,0.0228,0.0548,456774636701154.562500
0.12167000000000006,0.022000000000000002,0.054,456774636701154.562500
0.12168000000000001,0.0228,0.053200000000000004,456774636701154.562500
0.12169000000000008,0.0236,0.050800000000000005,456774636701154.562500
0.12170000000000003,0.022000000000000002,0.0524,456774636701154.562500
0.1217100000000001,0.022000000000000002,0.0468,456774636701154.562500
0.12172000000000005,0.0244,0.0524,456774636701154.562500
0.12173,0.0212,0.0572,456774636701154.562500
0.12174000000000007,0.0228,0.056400000000000006,456774636701154.562500
0.12175000000000002,0.0228,0.0572,456774636701154.562500
0.12176000000000009,0.0236,0.0548,456774636701154.562500
0.12177000000000004,0.0252,0.0572,456774636701154.562500
0.12178,0.0244,0.055600000000000004,456774636701154.562500
0.12179000000000006,0.0236,0.050800000000000005,456774636701154.562500
0.12180000000000002,0.022000000000000002,0.0572,456774636701154.562500
0.12181000000000008,0.0228,0.050800000000000005,456774636701154.562500
0.12182000000000004,0.0196,0.056400000000000006,456774636701154.562500
0.1218300000000001,0.0236,0.050800000000000005,456774636701154.562500
0.12184000000000006,0.0252,0.054,456774636701154.562500
0.12185000000000001,0.0236,0.0492,456774636701154.562500
0.12186000000000008,0.0236,0.050800000000000005,456774636701154.562500
0.12187000000000003,0.022000000000000002,0.055600000000000004,456774636701154.562500
0.1218800000000001,0.0228,0.056400000000000006,456774636701154.562500
0.12189000000000005,0.022000000000000002,0.055600000000000004,456774636701154.562500
0.12190000000000001,0.022000000000000002,0.055600000000000004,456774636701154.562500
0.12191000000000007,0.022000000000000002,0.055600000000000004,456774636701154.562500
0.12192000000000003,0.0244,0.048400000000000006,456774636701154.562500
0.1219300000000001,0.0196,0.0548,456774636701154.562500
0.12194000000000005,0.0204,0.0492,456774636701154.562500
0.12195,0.0196,0.054,456774636701154.562500
0.12196000000000007,0.0172,0.048400000000000006,456774636701154.562500
0.12197000000000002,0.022000000000000002,0.0492,456774636701154.562500
0.12198000000000009,0.015600000000000001,0.055600000000000004,456774636701154.562500
0.12199000000000004,0.0196,0.054,456774636701154.562500
0.122,0.0196,0.0572,456774636701154.562500
0.12201000000000006,0.022000000000000002,0.048400000000000006,456774636701154.562500
0.12202000000000002,0.022000000000000002,0.0572,456774636701154.562500
0.12203000000000008,0.0244,0.05,456774636701154.562500
0.12204000000000004,0.0236,0.056400000000000006,456774636701154.562500
0.1220500000000001,0.022000000000000002,0.046,456774636701154.562500
0.12206000000000006,0.0212,0.0548,456774636701154.562500
0.12207000000000001,0.022000000000000002,0.048400000000000006,456774636701154.562500
0.12208000000000008,0.0236,0.0572,456774636701154.562500
0.12209000000000003,0.0204,0.0436,456774636701154.562500
0.1221000000000001,0.0244,0.0548,456774636701154.562500
0.12211000000000005,0.0188,0.0468,456774636701154.562500
0.12212,0.022000000000000002,0.0572,456774636701154.562500
0.12213000000000007,0.0228,0.0548,456774636701154.562500
0.12214000000000003,0.0244,0.054,456774636701154.562500
0.12215000000000009,0.0228,0.053200000000000004,456774636701154.562500
0.12216000000000005,0.0252,0.056400000000000006,456774636701154.562500
0.12217,0.0236,0.056400000000000006,456774636701154.562500
0.12218000000000007,0.0212,0.054,456774636701154.562500
0.12219000000000002,0.0236,0.056400000000000006,456774636701154.562500
0.12220000000000009,0.0204,0.054,456774636701154.562500
0.12221000000000004,0.0212,0.056400000000000006,456774636701154.562500
0.1222200000000001,0.0196,0.0572,456774636701154.562500
0.12223000000000006,0.0212,0.056400000000000006,456774636701154.562500
0.12224000000000002,0.0172,0.0548,456774636701154.562500
0.12225000000000008,0.0228,0.056400000000000006,456774636701154.562500
0.12226000000000004,0.0204,0.0572,456774636701154.562500
0.1222700000000001,0.0212,0.056400000000000006,456774636701154.562500
0.12228000000000006,0.018000000000000002,0.054,456774636701154.562500
0.12229000000000001,0.022000000000000002,0.058,456774636701154.562500
0.12230000000000008,0.0228,0.056400000000000006,456774636701154.562500
0.12231000000000003,0.0212,0.0572,456774636701154.562500
0.1223200000000001,0.022000000000000002,0.054,456774636701154.562500
0.12233000000000005,0.022000000000000002,0.056400000000000006,456774636701154.562500
0.12234,0.0196,0.054,456774636701154.562500
0.12235000000000007,0.0228,0.055600000000000004,456774636701154.562500
0.12236000000000002,0.0204,0.056400000000000006,456774636701154.562500
0.12237000000000009,0.0212,0.056400000000000006,456774636701154.562500
0.12238000000000004,0.0244,0.0548,456774636701154.562500
0.12239,0.0212,0.053200000000000004,456774636701154.562500
0.12240000000000006,0.0252,0.0524,456774636701154.562500
0.12241000000000002,0.0252,0.05,456774636701154.562500
0.12242000000000008,0.0228,0.050800000000000005,456774636701154.562500
0.12243000000000004,0.0236,0.0436,456774636701154.562500
0.1224400000000001,0.0228,0.056400000000000006,456774636701154.562500
0.12245000000000006,0.0236,0.056400000000000006,456774636701154.562500
0.12246000000000001,0.022000000000000002,0.056400000000000006,456774636701154.562500
0.12247000000000008,0.0236,0.048400000000000006,456774636701154.562500
0.12248000000000003,0.0204,0.056400000000000006,456774636701154.562500
0.1224900000000001,0.022000000000000002,0.056400000000000006,456774636701154.562500
0.12250000000000005,0.022000000000000002,0.058,456774636701154.562500
0.12251000000000001,0.0204,0.056400000000000006,456774636701154.562500
0.12252000000000007,0.022000000000000002,0.056400000000000006,456774636701154.562500
0.12253000000000003,0.022000000000000002,0.055600000000000004,456774636701154.562500
0.1225400000000001,0.0204,0.0548,456774636701154.562500
0.12255000000000005,0.0196,0.053200000000000004,456774636701154.562500
0.12256,0.0212,0.0572,456774636701154.562500
0.12257000000000007,0.0172,0.045200000000000004,456774636701154.562500
0.12258000000000002,0.022000000000000002,0.0492,456774636701154.562500
0.12259000000000009,0.0212,0.045200000000000004,456774636701154.562500
0.12260000000000004,0.0236,0.0572,456774636701154.562500
0.12261,0.0236,0.054,456774636701154.562500
0.12262000000000006,0.0228,0.056400000000000006,456774636701154.562500
0.12263000000000002,0.0244,0.0572,456774636701154.562500
0.12264000000000008,0.0228,0.0516,456774636701154.562500
0.12265000000000004,0.022000000000000002,0.0572,456774636701154.562500
0.1226600000000001,0.0228,0.053200000000000004,456774636701154.562500
0.12267000000000006,0.0212,0.056400000000000006,456774636701154.562500
0.12268000000000001,0.0236,0.056400000000000006,456774636701154.562500
0.12269000000000008,0.0228,0.053200000000000004,456774636701154.562500
0.12270000000000003,0.0228,0.05,456774636701154.562500
0.1227100000000001,0.0212,0.048400000000000006,456774636701154.562500
0.12272000000000005,0.0228,0.053200000000000004,456774636701154.562500
0.12273,0.0236,0.055600000000000004,456774636701154.562500
0.12274000000000007,0.0228,0.050800000000000005,456774636701154.562500
0.12275000000000003,0.0236,0.0548,456774636701154.562500
0.12276000000000009,0.0236,0.053200000000000004,456774636701154.562500
0.12277000000000005,0.0236,0.054,456774636701154.562500
0.12278,0.022000000000000002,0.054,456774636701154.562500
0.12279000000000007,0.0212,0.0572,456774636701154.562500
0.12280000000000002,0.0228,0.055600000000000004,456774636701154.562500
0.12281000000000009,0.0204,0.0524,456774636701154.562500
0.12282000000000004,0.0204,0.0572,456774636701154.562500
0.1228300000000001,0.0188,0.0468,456774636701154.562500
0.12284000000000006,0.0204,0.0572,456774636701154.562500
0.12285000000000001,0.0172,0.0468,456774636701154.562500
0.12286000000000008,0.022000000000000002,0.054,456774636701154.562500
0.12287000000000003,0.0228,0.0492,456774636701154.562500
0.1228800000000001,0.0236,0.054,456774636701154.562500
0.12289000000000005,0.0228,0.037200000000000004,456774636701154.562500
0.12290000000000001,0.0228,0.0572,456774636701154.562500
0.12291000000000007,0.0228,0.054,456774636701154.562500
0.12292000000000003,0.0196,0.054,456774636701154.562500
0.1229300000000001,0.0212,0.058,456774636701154.562500
0.12294000000000005,0.0228,0.048400000000000006,456774636701154.562500
0.12295,0.0236,0.058,456774636701154.562500
0.12296000000000007,0.0252,0.0492,456774636701154.562500
0.12297000000000002,0.0236,0.0516,456774636701154.562500
0.12298000000000009,0.0244,0.0548,456774636701154.562500
0.12299000000000004,0.0236,0.045200000000000004,456774636701154.562500
0.123,0.0236,0.058,456774636701154.562500
0.12301000000000006,0.0236,0.056400000000000006,456774636701154.562500
0.12302000000000002,0.0244,0.053200000000000004,456774636701154.562500
0.12303000000000008,0.0244,0.0572,456774636701154.562500
0.12304000000000004,0.0244,0.054,456774636701154.562500
0.1230500000000001,0.022000000000000002,0.0548,456774636701154.562500
0.12306000000000006,0.0244,0.055600000000000004,456774636701154.562500
0.12307000000000001,0.0228,0.0524,456774636701154.562500
0.12308000000000008,0.022000000000000002,0.055600000000000004,456774636701154.562500
0.12309000000000003,0.0244,0.056400000000000006,456774636701154.562500
0.1231000000000001,0.022000000000000002,0.056400000000000006,456774636701154.562500
0.12311000000000005,0.0228,0.0572,456774636701154.562500
0.12312000000000001,0.022000000000000002,0.0524,456774636701154.562500
0.12313000000000007,0.0212,0.055600000000000004,456774636701154.562500
0.12314000000000003,0.0228,0.0548,456774636701154.562500
0.12315000000000009,0.0196,0.054,456774636701154.562500
0.12316000000000005,0.0196,0.053200000000000004,456774636701154.562500
0.12317,0.0212,0.054,456774636701154.562500
0.12318000000000007,0.0204,0.0516,456774636701154.562500
0.12319000000000002,0.0196,0.0476,456774636701154.562500
0.12320000000000009,0.0188,0.0516,456774636701154.562500
0.12321000000000004,0.0212,0.034800000000000005,456774636701154.562500
0.12322,0.0188,0.053200000000000004,456774636701154.562500
0.12323000000000006,0.0212,0.0444,456774636701154.562500
0.12324000000000002,0.0204,0.056400000000000006,456774636701154.562500
0.12325000000000008,0.0236,0.056400000000000006,456774636701154.562500
0.12326000000000004,0.0244,0.055600000000000004,456774636701154.562500
0.1232700000000001,0.0236,0.0572,456774636701154.562500
0.12328000000000006,0.0228,0.055600000000000004,456774636701154.562500
0.12329000000000001,0.0236,0.05,456774636701154.562500
0.12330000000000008,0.0236,0.0572,456774636701154.562500
0.12331000000000003,0.0236,0.055600000000000004,456774636701154.562500
0.1233200000000001,0.0212,0.055600000000000004,456774636701154.562500
0.12333000000000005,0.022000000000000002,0.055600000000000004,456774636701154.562500
0.12334,0.0212,0.054,456774636701154.562500
0.12335000000000007,0.022000000000000002,0.054,456774636701154.562500
0.12336000000000003,0.0204,0.054,456774636701154.562500
0.12337000000000009,0.0236,0.0516,456774636701154.562500
0.12338000000000005,0.0236,0.056400000000000006,456774636701154.562500
0.12339,0.0236,0.05,456774636701154.562500
0.12340000000000007,0.0228,0.056400000000000006,456774636701154.562500
0.12341000000000002,0.022000000000000002,0.048400000000000006,456774636701154.562500
0.12342000000000009,0.018000000000000002,0.056400000000000006,456774636701154.562500
0.12343000000000004,0.0244,0.054,456774636701154.562500
0.1234400000000001,0.0204,0.056400000000000006,456774636701154.562500
0.12345000000000006,0.0212,0.0444,456774636701154.562500
0.12346000000000001,0.022000000000000002,0.0548,456774636701154.562500
0.12347000000000008,0.0164,0.0308,456774636701154.562500
0.12348000000000003,0.0212,0.0548,456774636701154.562500
0.1234900000000001,0.0172,0.0476,456774636701154.562500
0.12350000000000005,0.022000000000000002,0.042,456774636701154.562500
0.12351000000000001,0.022000000000000002,0.055600000000000004,456774636701154.562500
0.12352000000000007,0.0212,0.050800000000000005,456774636701154.562500
0.12353000000000003,0.0228,0.0548,456774636701154.562500
0.1235400000000001,0.0236,0.055600000000000004,456774636701154.562500
0.12355000000000005,0.0204,0.050800000000000005,456774636701154.562500
0.12356,0.0244,0.056400000000000006,456774636701154.562500
0.12357000000000007,0.0228,0.0548,456774636701154.562500
0.12358000000000002,0.0244,0.053200000000000004,456774636701154.562500
0.12359000000000009,0.022000000000000002,0.055600000000000004,456774636701154.562500
0.12360000000000004,0.0252,0.056400000000000006,456774636701154.562500
0.12361,0.0244,0.05,456774636701154.562500
0.12362000000000006,0.0244,0.056400000000000006,456774636701154.562500
0.12363000000000002,0.0236,0.050800000000000005,456774636701154.562500
0.12364000000000008,0.0212,0.055600000000000004,456774636701154.562500
0.12365000000000004,0.0236,0.054,456774636701154.562500
0.1236600000000001,0.022000000000000002,0.0572,456774636701154.562500
0.12367000000000006,0.0228,0.045200000000000004,456774636701154.562500
0.12368000000000001,0.018000000000000002,0.056400000000000006,456774636701154.562500
0.12369000000000008,0.0228,0.054,456774636701154.562500
0.12370000000000003,0.0236,0.056400000000000006,456774636701154.562500
0.1237100000000001,0.022000000000000002,0.0468,456774636701154.562500
0.12372000000000005,0.0212,0.0572,456774636701154.562500
0.12373,0.0204,0.053200000000000004,456774636701154.562500
0.12374000000000007,0.0236,0.056400000000000006,456774636701154.562500
0.12375000000000003,0.0228,0.0516,456774636701154.562500
0.12376000000000009,0.0228,0.0548,456774636701154.562500
0.12377000000000005,0.022000000000000002,0.0524,456774636701154.562500
0.12378,0.0228,0.054,456774636701154.562500
0.12379000000000007,0.0228,0.053200000000000004,456774636701154.562500
0.12380000000000002,0.0204,0.056400000000000006,456774636701154.562500
0.12381000000000009,0.022000000000000002,0.0524,456774636701154.562500
0.12382000000000004,0.0212,0.054,456774636701154.562500
0.12383,0.0204,0.055600000000000004,456774636701154.562500
0.12384000000000006,0.022000000000000002,0.056400000000000006,456774636701154.562500
0.12385000000000002,0.0212,0.0572,456774636701154.562500
0.12386000000000008,0.022000000000000002,0.055600000000000004,456774636701154.562500
0.12387000000000004,0.0244,0.056400000000000006,456774636701154.562500
0.1238800000000001,0.0188,0.055600000000000004,456774636701154.562500
0.12389000000000006,0.0236,0.055600000000000004,456774636701154.562500
0.12390000000000001,0.0244,0.056400000000000006,456774636701154.562500
0.12391000000000008,0.0252,0.0572,456774636701154.562500
0.12392000000000003,0.0252,0.055600000000000004,456774636701154.562500
0.1239300000000001,0.0252,0.050800000000000005,456774636701154.562500
0.12394000000000005,0.0212,0.0572,456774636701154.562500
0.12395,0.0244,0.055600000000000004,456774636701154.562500
0.12396000000000007,0.0204,0.053200000000000004,456774636701154.562500
0.12397000000000002,0.0252,0.055600000000000004,456774636701154.562500
0.12398000000000009,0.0228,0.046,456774636701154.562500
0.12399000000000004,0.0228,0.0548,456774636701154.562500
0.124,0.022000000000000002,0.050800000000000005,456774636701154.562500
0.12401000000000006,0.022000000000000002,0.054,456774636701154.562500
0.12402000000000002,0.0204,0.0524,456774636701154.562500
0.12403000000000008,0.0228,0.056400000000000006,456774636701154.562500
0.12404000000000004,0.0236,0.055600000000000004,456774636701154.562500
0.1240500000000001,0.0212,0.0524,456774636701154.562500
0.12406000000000006,0.0204,0.0548,456774636701154.562500
0.12407000000000001,0.0212,0.055600000000000004,456774636701154.562500
0.12408000000000008,0.0212,0.050800000000000005,456774636701154.562500
0.12409000000000003,0.0228,0.058,456774636701154.562500
0.1241000000000001,0.022000000000000002,0.050800000000000005,456774636701154.562500
0.12411000000000005,0.0204,0.055600000000000004,456774636701154.562500
0.12412000000000001,0.022000000000000002,0.055600000000000004,456774636701154.562500
0.12413000000000007,0.0196,0.054,456774636701154.562500
0.12414000000000003,0.0228,0.058,456774636701154.562500
0.1241500000000001,0.0228,0.0524,456774636701154.562500
0.12416000000000005,0.0204,0.0572,456774636701154.562500
0.12417,0.0236,0.054,456774636701154.562500
0.12418000000000007,0.022000000000000002,0.056400000000000006,456774636701154.562500
0.12419000000000002,0.0244,0.055600000000000004,456774636701154.562500
0.12420000000000009,0.0204,0.050800000000000005,456774636701154.562500
0.12421000000000004,0.026000000000000002,0.0548,456774636701154.562500
0.12422,0.0228,0.054,456774636701154.562500
0.12423000000000006,0.0228,0.0516,456774636701154.562500
0.12424000000000002,0.0244,0.0548,456774636701154.562500
0.12425000000000008,0.0204,0.053200000000000004,456774636701154.562500
0.12426000000000004,0.0228,0.0572,456774636701154.562500
0.1242700000000001,0.0212,0.0524,456774636701154.562500
0.12428000000000006,0.0236,0.055600000000000004,456774636701154.562500
0.12429000000000001,0.0228,0.054,456774636701154.562500
0.12430000000000008,0.0244,0.0548,456774636701154.562500
0.12431000000000003,0.0244,0.056400000000000006,456774636701154.562500
0.1243200000000001,0.0212,0.056400000000000006,456774636701154.562500
0.12433000000000005,0.0204,0.058,456774636701154.562500
0.12434,0.0228,0.0524,456774636701154.562500
0.12435000000000007,0.0228,0.055600000000000004,456774636701154.562500
0.12436000000000003,0.0228,0.054,456774636701154.562500
0.12437000000000009,0.0228,0.055600000000000004,456774636701154.562500
0.12438000000000005,0.0212,0.055600000000000004,456774636701154.562500
0.12439,0.0212,0.0524,456774636701154.562500
0.12440000000000007,0.0204,0.056400000000000006,456774636701154.562500
0.12441000000000002,0.022000000000000002,0.053200000000000004,456774636701154.562500
0.12442000000000009,0.022000000000000002,0.048400000000000006,456774636701154.562500
0.12443000000000004,0.022000000000000002,0.0572,456774636701154.562500
0.1244400000000001,0.022000000000000002,0.048400000000000006,456774636701154.562500
0.12445000000000006,0.0204,0.0572,456774636701154.562500
0.12446000000000002,0.0212,0.056400000000000006,456774636701154.562500
0.12447000000000008,0.0212,0.058,456774636701154.562500
0.12448000000000004,0.0204,0.0572,456774636701154.562500
0.1244900000000001,0.022000000000000002,0.055600000000000004,456774636701154.562500
0.12450000000000006,0.018000000000000002,0.0548,456774636701154.562500
0.12451000000000001,0.0244,0.055600000000000004,456774636701154.562500
0.12452000000000008,0.0236,0.0572,456774636701154.562500
0.12453000000000003,0.0244,0.0572,456774636701154.562500
0.1245400000000001,0.0252,0.055600000000000004,456774636701154.562500
0.12455000000000005,0.0228,0.055600000000000004,456774636701154.562500
0.12456,0.0244,0.0524,456774636701154.562500
0.12457000000000007,0.0228,0.058,456774636701154.562500
0.12458000000000002,0.0244,0.055600000000000004,456774636701154.562500
0.12459000000000009,0.0228,0.050800000000000005,456774636701154.562500
0.12460000000000004,0.022000000000000002,0.0572,456774636701154.562500
0.12461,0.0196,0.042800000000000005,456774636701154.562500
0.12462000000000006,0.0228,0.0548,456774636701154.562500
0.12463000000000002,0.0212,0.05,456774636701154.562500
0.12464000000000008,0.0228,0.055600000000000004,456774636701154.562500
0.12465000000000004,0.0228,0.0524,456774636701154.562500
0.1246600000000001,0.022000000000000002,0.0548,456774636701154.562500
0.12467000000000006,0.0228,0.048400000000000006,456774636701154.562500
0.12468000000000001,0.0204,0.056400000000000006,456774636701154.562500
0.12469000000000008,0.0236,0.055600000000000004,456774636701154.562500
0.12470000000000003,0.0236,0.0548,456774636701154.562500
0.1247100000000001,0.022000000000000002,0.053200000000000004,456774636701154.562500
0.12472000000000005,0.022000000000000002,0.0524,456774636701154.562500
0.12473000000000001,0.0228,0.050800000000000005,456774636701154.562500
0.12474000000000007,0.0228,0.0468,456774636701154.562500
0.12475000000000003,0.0236,0.055600000000000004,456774636701154.562500
0.12476000000000009,0.022000000000000002,0.0492,456774636701154.562500
0.12477000000000005,0.0196,0.055600000000000004,456774636701154.562500
0.12478,0.0236,0.0516,456774636701154.562500
0.12479000000000007,0.0228,0.054,456774636701154.562500
0.12480000000000002,0.0244,0.055600000000000004,456774636701154.562500
0.12481000000000009,0.0236,0.053200000000000004,456774636701154.562500
0.12482000000000004,0.0252,0.0572,456774636701154.562500
0.12483,0.0244,0.055600000000000004,456774636701154.562500
0.12484000000000006,0.0252,0.0572,456774636701154.562500
0.12485000000000002,0.0228,0.05,456774636701154.562500
0.12486000000000008,0.0244,0.0548,456774636701154.562500
0.12487000000000004,0.0228,0.0548,456774636701154.562500
0.1248800000000001,0.0244,0.0468,456774636701154.562500
0.12489000000000006,0.0236,0.054,456774636701154.562500
0.12490000000000001,0.0188,0.0516,456774636701154.562500
0.12491000000000008,0.0244,0.056400000000000006,456774636701154.562500
0.12492000000000003,0.0228,0.0468,456774636701154.562500
0.1249300000000001,0.0228,0.058,456774636701154.562500
0.12494000000000005,0.0212,0.055600000000000004,456774636701154.562500
0.12495,0.0212,0.056400000000000006,456774636701154.562500
0.12496000000000007,0.022000000000000002,0.056400000000000006,456774636701154.562500
0.12497000000000003,0.022000000000000002,0.0572,456774636701154.562500
0.12498000000000009,0.0228,0.056400000000000006,456774636701154.562500
0.12499000000000005,0.022000000000000002,0.055600000000000004,456774636701154.562500
0.125,0.0188,0.0572,456774636701154.562500
0.12501000000000007,0.022000000000000002,0.054,456774636701154.562500
0.12502000000000002,0.0236,0.056400000000000006,456774636701154.562500
0.12503000000000009,0.022000000000000002,0.0572,456774636701154.562500
0.12504000000000004,0.0212,0.055600000000000004,456774636701154.562500
0.1250500000000001,0.0228,0.056400000000000006,456774636701154.562500
0.12506000000000006,0.0236,0.0492,456774636701154.562500
0.12507000000000001,0.0244,0.058,456774636701154.562500
0.12508000000000008,0.0244,0.0516,456774636701154.562500
0.12509000000000003,0.022000000000000002,0.055600000000000004,456774636701154.562500
0.1251000000000001,0.0236,0.055600000000000004,456774636701154.562500
0.12511000000000005,0.0228,0.055600000000000004,456774636701154.562500
0.12512,0.0228,0.056400000000000006,456774636701154.562500
0.12513000000000007,0.0244,0.055600000000000004,456774636701154.562500
0.12514000000000003,0.0228,0.0548,456774636701154.562500
0.1251500000000001,0.0244,0.055600000000000004,456774636701154.562500
0.12516000000000005,0.0204,0.0572,456774636701154.562500
0.12517,0.0252,0.056400000000000006,456774636701154.562500
0.12518000000000007,0.0228,0.055600000000000004,456774636701154.562500
0.12519000000000002,0.0228,0.055600000000000004,456774636701154.562500
0.1252000000000001,0.0244,0.054,456774636701154.562500
0.12521000000000004,0.0236,0.0548,456774636701154.562500
0.12522,0.0196,0.0548,456774636701154.562500
0.12523000000000006,0.0212,0.055600000000000004,456774636701154.562500
0.12524000000000002,0.022000000000000002,0.053200000000000004,456774636701154.562500
0.12525000000000008,0.0188,0.0572,456774636701154.562500
0.12526000000000004,0.0228,0.058,456774636701154.562500
0.1252700000000001,0.0236,0.056400000000000006,456774636701154.562500
0.12528000000000006,0.0188,0.048400000000000006,456774636701154.562500
0.12529,0.0228,0.056400000000000006,456774636701154.562500
0.12530000000000008,0.0228,0.055600000000000004,456774636701154.562500
0.12531000000000003,0.022000000000000002,0.055600000000000004,456774636701154.562500
0.1253200000000001,0.0228,0.0548,456774636701154.562500
0.12533000000000005,0.0228,0.0572,456774636701154.562500
0.12534,0.0228,0.05,456774636701154.562500
0.12535000000000007,0.0228,0.056400000000000006,456774636701154.562500
0.12536000000000003,0.0236,0.055600000000000004,456774636701154.562500
0.1253700000000001,0.0228,0.056400000000000006,456774636701154.562500
0.12538000000000005,0.0236,0.056400000000000006,456774636701154.562500
0.12539,0.0236,0.055600000000000004,456774636701154.562500
0.12540000000000007,0.0204,0.0548,456774636701154.562500
0.12541000000000002,0.0244,0.056400000000000006,456774636701154.562500
0.1254200000000001,0.022000000000000002,0.054,456774636701154.562500
0.12543000000000004,0.0252,0.0548,456774636701154.562500
0.12544,0.022000000000000002,0.054,456774636701154.562500
0.12545000000000006,0.0212,0.053200000000000004,456774636701154.562500
0.12546000000000002,0.022000000000000002,0.053200000000000004,456774636701154.562500
0.12547000000000008,0.0228,0.0524,456774636701154.562500
0.12548000000000004,0.0252,0.0548,456774636701154.562500
0.1254900000000001,0.0212,0.0516,456774636701154.562500
0.12550000000000006,0.0244,0.053200000000000004,456774636701154.562500
0.12551,0.0252,0.055600000000000004,456774636701154.562500
0.12552000000000008,0.022000000000000002,0.053200000000000004,456774636701154.562500
0.12553000000000003,0.0236,0.0548,456774636701154.562500
0.1255400000000001,0.0212,0.055600000000000004,456774636701154.562500
0.12555000000000005,0.022000000000000002,0.056400000000000006,456774636701154.562500
0.12556,0.0228,0.0524,456774636701154.562500
0.12557000000000007,0.0196,0.056400000000000006,456774636701154.562500
0.12558000000000002,0.0228,0.055600000000000004,456774636701154.562500
0.1255900000000001,0.0212,0.055600000000000004,456774636701154.562500
0.12560000000000004,0.0228,0.050800000000000005,456774636701154.562500
0.12561,0.0212,0.055600000000000004,456774636701154.562500
0.12562000000000006,0.0212,0.050800000000000005,456774636701154.562500
0.12563000000000002,0.018000000000000002,0.05,456774636701154.562500
0.12564000000000008,0.0236,0.055600000000000004,456774636701154.562500
0.12565000000000004,0.0172,0.053200000000000004,456774636701154.562500
0.1256600000000001,0.022000000000000002,0.056400000000000006,456774636701154.562500
0.12567000000000006,0.0212,0.0572,456774636701154.562500
0.12568000000000001,0.022000000000000002,0.056400000000000006,456774636701154.562500
0.12569000000000008,0.0236,0.0572,456774636701154.562500
0.12570000000000003,0.0212,0.0572,456774636701154.562500
0.1257100000000001,0.0204,0.0548,456774636701154.562500
0.12572000000000005,0.0196,0.0572,456774636701154.562500
0.12573,0.0196,0.0548,456774636701154.562500
0.12574000000000007,0.0204,0.054,456774636701154.562500
0.12575000000000003,0.0212,0.056400000000000006,456774636701154.562500
0.1257600000000001,0.0228,0.050800000000000005,456774636701154.562500
0.12577000000000005,0.0252,0.0548,456774636701154.562500
0.12578,0.022000000000000002,0.0468,456774636701154.562500
0.12579000000000007,0.0252,0.056400000000000006,456774636701154.562500
0.12580000000000002,0.0236,0.0524,456774636701154.562500
0.1258100000000001,0.022000000000000002,0.0572,456774636701154.562500
0.12582000000000004,0.022000000000000002,0.0516,456774636701154.562500
0.12583,0.0236,0.056400000000000006,456774636701154.562500
0.12584000000000006,0.0228,0.0444,456774636701154.562500
0.12585000000000002,0.022000000000000002,0.0524,456774636701154.562500
0.12586000000000008,0.0228,0.055600000000000004,456774636701154.562500
0.12587000000000004,0.022000000000000002,0.0524,456774636701154.562500
0.1258800000000001,0.0236,0.058,456774636701154.562500
0.12589000000000006,0.0164,0.056400000000000006,456774636701154.562500
0.1259,0.015600000000000001,0.0572,456774636701154.562500
0.12591000000000008,0.0172,0.055600000000000004,456774636701154.562500
0.12592000000000003,0.0188,0.054,456774636701154.562500
0.1259300000000001,0.0172,0.056400000000000006,456774636701154.562500
0.12594000000000005,0.0188,0.0572,456774636701154.562500
0.12595,0.018000000000000002,0.0548,456774636701154.562500
0.12596000000000007,0.0204,0.056400000000000006,456774636701154.562500
0.12597000000000003,0.0204,0.050800000000000005,456774636701154.562500
0.1259800000000001,0.0196,0.056400000000000006,456774636701154.562500
0.12599000000000005,0.018000000000000002,0.054,456774636701154.562500
0.126,0.022000000000000002,0.0548,456774636701154.562500
0.12601000000000007,0.022000000000000002,0.053200000000000004,456774636701154.562500
0.12602000000000002,0.0228,0.0516,456774636701154.562500
0.1260300000000001,0.0252,0.055600000000000004,456774636701154.562500
0.12604000000000004,0.0244,0.048400000000000006,456774636701154.562500
0.1260500000000001,0.0252,0.048400000000000006,456774636701154.562500
0.12606000000000006,0.0236,0.042800000000000005,456774636701154.562500
0.12607000000000002,0.0236,0.0516,456774636701154.562500
0.12608000000000008,0.0212,0.0444,456774636701154.562500
0.12609000000000004,0.0228,0.0572,456774636701154.562500
0.1261000000000001,0.0252,0.056400000000000006,456774636701154.562500
0.12611000000000006,0.0236,0.0572,456774636701154.562500
0.12612,0.0244,0.056400000000000006,456774636701154.562500
0.12613000000000008,0.0228,0.048400000000000006,456774636701154.562500
0.12614000000000003,0.0228,0.056400000000000006,456774636701154.562500
0.1261500000000001,0.022000000000000002,0.0548,456774636701154.562500
0.12616000000000005,0.0228,0.056400000000000006,456774636701154.562500
0.12617,0.022000000000000002,0.054,456774636701154.562500
0.12618000000000007,0.0212,0.054,456774636701154.562500
0.12619000000000002,0.022000000000000002,0.054,456774636701154.562500
0.1262000000000001,0.022000000000000002,0.0516,456774636701154.562500
0.12621000000000004,0.0228,0.053200000000000004,456774636701154.562500
0.12622,0.0188,0.048400000000000006,456774636701154.562500
0.12623000000000006,0.0228,0.054,456774636701154.562500
0.12624000000000002,0.022000000000000002,0.055600000000000004,456774636701154.562500
0.12625000000000008,0.0236,0.055600000000000004,456774636701154.562500
0.12626000000000004,0.022000000000000002,0.0548,456774636701154.562500
0.1262700000000001,0.0196,0.054,456774636701154.562500
0.12628000000000006,0.0236,0.058,456774636701154.562500
0.12629,0.0212,0.05,456774636701154.562500
0.12630000000000008,0.0244,0.0572,456774636701154.562500
0.12631000000000003,0.0212,0.058,456774636701154.562500
0.1263200000000001,0.0212,0.056400000000000006,456774636701154.562500
0.12633000000000005,0.0212,0.0572,456774636701154.562500
0.12634,0.022000000000000002,0.05,456774636701154.562500
0.12635000000000007,0.022000000000000002,0.056400000000000006,456774636701154.562500
0.12636000000000003,0.0236,0.053200000000000004,456774636701154.562500
0.1263700000000001,0.0244,0.055600000000000004,456774636701154.562500
0.12638000000000005,0.0252,0.055600000000000004,456774636701154.562500
0.12639,0.022000000000000002,0.055600000000000004,456774636701154.562500
0.12640000000000007,0.0164,0.055600000000000004,456774636701154.562500
0.12641000000000002,0.0196,0.0548,456774636701154.562500
0.1264200000000001,0.0188,0.055600000000000004,456774636701154.562500
0.12643000000000004,0.0204,0.055600000000000004,456774636701154.562500
0.12644,0.018000000000000002,0.0572,456774636701154.562500
0.12645000000000006,0.0228,0.055600000000000004,456774636701154.562500
0.12646000000000002,0.022000000000000002,0.056400000000000006,456774636701154.562500
0.12647000000000008,0.0212,0.0524,456774636701154.562500
0.12648000000000004,0.0228,0.055600000000000004,456774636701154.562500
0.1264900000000001,0.022000000000000002,0.055600000000000004,456774636701154.562500
0.12650000000000006,0.0236,0.055600000000000004,456774636701154.562500
0.12651,0.0196,0.0516,456774636701154.562500
0.12652000000000008,0.0212,0.0572,456774636701154.562500
0.12653000000000003,0.0212,0.05,456774636701154.562500
0.1265400000000001,0.0204,0.054,456774636701154.562500
0.12655000000000005,0.0164,0.0572,456774636701154.562500
0.12656,0.0212,0.053200000000000004,456774636701154.562500
0.12657000000000007,0.0196,0.056400000000000006,456774636701154.562500
0.12658000000000003,0.0228,0.0516,456774636701154.562500
0.1265900000000001,0.0228,0.054,456774636701154.562500
0.12660000000000005,0.0228,0.0516,456774636701154.562500
0.12661,0.022000000000000002,0.055600000000000004,456774636701154.562500
0.12662000000000007,0.0252,0.0572,456774636701154.562500
0.12663000000000002,0.0228,0.054,456774636701154.562500
0.12664000000000009,0.0244,0.0572,456774636701154.562500
0.12665000000000004,0.0252,0.0572,456774636701154.562500
0.1266600000000001,0.026000000000000002,0.056400000000000006,456774636701154.562500
0.12667000000000006,0.0228,0.055600000000000004,456774636701154.562500
0.12668000000000001,0.0236,0.0572,456774636701154.562500
0.12669000000000008,0.0244,0.055600000000000004,456774636701154.562500
0.12670000000000003,0.0252,0.0548,456774636701154.562500
0.1267100000000001,0.0228,0.053200000000000004,456774636701154.562500
0.12672000000000005,0.0244,0.0548,456774636701154.562500
0.12673,0.0236,0.055600000000000004,456774636701154.562500
0.12674000000000007,0.0236,0.054,456774636701154.562500
0.12675000000000003,0.022000000000000002,0.056400000000000006,456774636701154.562500
0.1267600000000001,0.0212,0.0516,456774636701154.562500
0.12677000000000005,0.0228,0.0572,456774636701154.562500
0.12678,0.0228,0.0572,456774636701154.562500
0.12679000000000007,0.0212,0.055600000000000004,456774636701154.562500
0.12680000000000002,0.0228,0.055600000000000004,456774636701154.562500
0.1268100000000001,0.018000000000000002,0.0524,456774636701154.562500
0.12682000000000004,0.022000000000000002,0.053200000000000004,456774636701154.562500
0.12683,0.0196,0.055600000000000004,456774636701154.562500
0.12684000000000006,0.0228,0.056400000000000006,456774636701154.562500
0.12685000000000002,0.022000000000000002,0.0572,456774636701154.562500
0.12686000000000008,0.022000000000000002,0.0548,456774636701154.562500
0.12687000000000004,0.022000000000000002,0.056400000000000006,456774636701154.562500
0.1268800000000001,0.0228,0.055600000000000004,456774636701154.562500
0.12689000000000006,0.0212,0.0548,456774636701154.562500
0.1269,0.0228,0.054,456774636701154.562500
0.12691000000000008,0.0212,0.055600000000000004,456774636701154.562500
0.12692000000000003,0.022000000000000002,0.056400000000000006,456774636701154.562500
0.1269300000000001,0.0236,0.056400000000000006,456774636701154.562500
0.12694000000000005,0.0244,0.0548,456774636701154.562500
0.12695,0.0252,0.0548,456774636701154.562500
0.12696000000000007,0.022000000000000002,0.0572,456774636701154.562500
0.12697000000000003,0.0252,0.0572,456774636701154.562500
0.1269800000000001,0.0252,0.0548,456774636701154.562500
0.12699000000000005,0.0244,0.0548,456774636701154.562500
0.127,0.0236,0.053200000000000004,456774636701154.562500
0.12701000000000007,0.0236,0.0548,456774636701154.562500
0.12702000000000002,0.0236,0.0468,456774636701154.562500
0.1270300000000001,0.0244,0.0548,456774636701154.562500
0.12704000000000004,0.022000000000000002,0.056400000000000006,456774636701154.562500
0.12705,0.0236,0.0548,456774636701154.562500
0.12706000000000006,0.022000000000000002,0.038,456774636701154.562500
0.12707000000000002,0.0244,0.0444,456774636701154.562500
0.12708000000000008,0.0244,0.0396,456774636701154.562500
0.12709000000000004,0.022000000000000002,0.053200000000000004,456774636701154.562500
0.1271000000000001,0.022000000000000002,0.054,456774636701154.562500
0.12711000000000006,0.0212,0.0572,456774636701154.562500
0.12712,0.0212,0.055600000000000004,456774636701154.562500
0.12713000000000008,0.0196,0.056400000000000006,456774636701154.562500
0.12714000000000003,0.022000000000000002,0.055600000000000004,456774636701154.562500
0.1271500000000001,0.0204,0.0548,456774636701154.562500
0.12716000000000005,0.0228,0.0572,456774636701154.562500
0.12717,0.0188,0.0572,456774636701154.562500
0.12718000000000007,0.022000000000000002,0.0572,456774636701154.562500
0.12719000000000003,0.0228,0.055600000000000004,456774636701154.562500
0.1272000000000001,0.0228,0.055600000000000004,456774636701154.562500
0.12721000000000005,0.0212,0.0572,456774636701154.562500
0.12722,0.0212,0.056400000000000006,456774636701154.562500
0.12723000000000007,0.022000000000000002,0.0572,456774636701154.562500
0.12724000000000002,0.022000000000000002,0.055600000000000004,456774636701154.562500
0.12725000000000009,0.0252,0.0492,456774636701154.562500
0.12726000000000004,0.0228,0.055600000000000004,456774636701154.562500
0.1272700000000001,0.0228,0.056400000000000006,456774636701154.562500
0.12728000000000006,0.0244,0.0548,456774636701154.562500
0.12729000000000001,0.022000000000000002,0.0548,456774636701154.562500
0.12730000000000008,0.0212,0.0524,456774636701154.562500
0.12731000000000003,0.0228,0.055600000000000004,456774636701154.562500
0.1273200000000001,0.0236,0.05,456774636701154.562500
0.12733000000000005,0.022000000000000002,0.055600000000000004,456774636701154.562500
0.12734,0.0228,0.055600000000000004,456774636701154.562500
0.12735000000000007,0.0172,0.0572,456774636701154.562500
0.12736000000000003,0.018000000000000002,0.056400000000000006,456774636701154.562500
0.1273700000000001,0.018000000000000002,0.055600000000000004,456774636701154.562500
0.12738000000000005,0.0172,0.056400000000000006,456774636701154.562500
0.12739,0.0188,0.056400000000000006,456774636701154.562500
0.12740000000000007,0.0164,0.055600000000000004,456774636701154.562500
0.12741000000000002,0.0172,0.058,456774636701154.562500
0.1274200000000001,0.0204,0.0572,456774636701154.562500
0.12743000000000004,0.0164,0.056400000000000006,456774636701154.562500
0.12744,0.022000000000000002,0.056400000000000006,456774636701154.562500
0.12745000000000006,0.0228,0.058800000000000005,456774636701154.562500
0.12746000000000002,0.0212,0.0524,456774636701154.562500
0.12747000000000008,0.0212,0.058,456774636701154.562500
0.12748000000000004,0.0212,0.0572,456774636701154.562500
0.1274900000000001,0.0188,0.055600000000000004,456774636701154.562500
0.12750000000000006,0.0228,0.058,456774636701154.562500
0.12751,0.0236,0.053200000000000004,456774636701154.562500
0.12752000000000008,0.0204,0.056400000000000006,456774636701154.562500
0.12753000000000003,0.022000000000000002,0.050800000000000005,456774636701154.562500
0.1275400000000001,0.0228,0.055600000000000004,456774636701154.562500
0.12755000000000005,0.0236,0.0548,456774636701154.562500
0.12756,0.0236,0.055600000000000004,456774636701154.562500
0.12757000000000007,0.0236,0.0548,456774636701154.562500
0.12758000000000003,0.0252,0.053200000000000004,456774636701154.562500
0.1275900000000001,0.022000000000000002,0.0492,456774636701154.562500
0.12760000000000005,0.0244,0.056400000000000006,456774636701154.562500
0.12761,0.0172,0.042800000000000005,456774636701154.562500
0.12762000000000007,0.0236,0.0572,456774636701154.562500
0.12763000000000002,0.0228,0.0548,456774636701154.562500
0.1276400000000001,0.0212,0.056400000000000006,456774636701154.562500
0.12765000000000004,0.0204,0.056400000000000006,456774636701154.562500
0.1276600000000001,0.0228,0.056400000000000006,456774636701154.562500
0.12767000000000006,0.0212,0.058,456774636701154.562500
0.12768000000000002,0.0236,0.056400000000000006,456774636701154.562500
0.12769000000000008,0.022000000000000002,0.0572,456774636701154.562500
0.12770000000000004,0.0212,0.048400000000000006,456774636701154.562500
0.1277100000000001,0.0204,0.0516,456774636701154.562500
0.12772000000000006,0.0228,0.034800000000000005,456774636701154.562500
0.12773,0.018000000000000002,0.0548,456774636701154.562500
0.12774000000000008,0.022000000000000002,0.05,456774636701154.562500
0.12775000000000003,0.0204,0.0548,456774636701154.562500
0.1277600000000001,0.022000000000000002,0.055600000000000004,456774636701154.562500
0.12777000000000005,0.0204,0.056400000000000006,456774636701154.562500
0.12778,0.0228,0.058,456774636701154.562500
0.12779000000000007,0.0212,0.055600000000000004,456774636701154.562500
0.12780000000000002,0.0236,0.058,456774636701154.562500
0.1278100000000001,0.022000000000000002,0.055600000000000004,456774636701154.562500
0.12782000000000004,0.0236,0.056400000000000006,456774636701154.562500
0.12783,0.0236,0.055600000000000004,456774636701154.562500
0.12784000000000006,0.0236,0.0524,456774636701154.562500
0.12785000000000002,0.0236,0.056400000000000006,456774636701154.562500
0.12786000000000008,0.0228,0.056400000000000006,456774636701154.562500
0.12787000000000004,0.0244,0.056400000000000006,456774636701154.562500
0.1278800000000001,0.0236,0.056400000000000006,456774636701154.562500
0.12789000000000006,0.0228,0.055600000000000004,456774636701154.562500
0.1279,0.0204,0.056400000000000006,456774636701154.562500
0.12791000000000008,0.0244,0.056400000000000006,456774636701154.562500
0.12792000000000003,0.0204,0.056400000000000006,456774636701154.562500
0.1279300000000001,0.0252,0.055600000000000004,456774636701154.562500
0.12794000000000005,0.0236,0.056400000000000006,456774636701154.562500
0.12795,0.0236,0.0492,456774636701154.562500
0.12796000000000007,0.022000000000000002,0.056400000000000006,456774636701154.562500
0.12797000000000003,0.022000000000000002,0.0516,456774636701154.562500
0.1279800000000001,0.0236,0.055600000000000004,456774636701154.562500
0.12799000000000005,0.022000000000000002,0.0548,456774636701154.562500
0.128,0.0228,0.055600000000000004,456774636701154.562500
0.12801000000000007,0.0228,0.056400000000000006,456774636701154.562500
0.12802000000000002,0.022000000000000002,0.0572,456774636701154.562500
0.1280300000000001,0.0196,0.0572,456774636701154.562500
0.12804000000000004,0.0204,0.056400000000000006,456774636701154.562500
0.12805,0.022000000000000002,0.0548,456774636701154.562500
0.12806000000000006,0.0228,0.055600000000000004,456774636701154.562500
0.12807000000000002,0.0212,0.050800000000000005,456774636701154.562500
0.12808000000000008,0.022000000000000002,0.058,456774636701154.562500
0.12809000000000004,0.0228,0.0572,456774636701154.562500
0.1281000000000001,0.0228,0.0548,456774636701154.562500
0.12811000000000006,0.022000000000000002,0.055600000000000004,456774636701154.562500
0.12812,0.0236,0.054,456774636701154.562500
0.12813000000000008,0.0236,0.0548,456774636701154.562500
0.12814000000000003,0.0228,0.0548,456774636701154.562500
0.1281500000000001,0.0236,0.058,456774636701154.562500
0.12816000000000005,0.0268,0.054,456774636701154.562500
0.12817,0.0244,0.055600000000000004,456774636701154.562500
0.12818000000000007,0.0228,0.055600000000000004,456774636701154.562500
0.12819000000000003,0.026000000000000002,0.054,456774636701154.562500
0.1282000000000001,0.022000000000000002,0.056400000000000006,456774636701154.562500
0.12821000000000005,0.0204,0.054,456774636701154.562500
0.12822,0.0212,0.056400000000000006,456774636701154.562500
0.12823000000000007,0.0236,0.050800000000000005,456774636701154.562500
0.12824000000000002,0.0236,0.058,456774636701154.562500
0.1282500000000001,0.0228,0.056400000000000006,456774636701154.562500
0.12826000000000004,0.0244,0.058,456774636701154.562500
0.1282700000000001,0.022000000000000002,0.0572,456774636701154.562500
0.12828000000000006,0.022000000000000002,0.056400000000000006,456774636701154.562500
0.12829000000000002,0.0228,0.055600000000000004,456774636701154.562500
0.12830000000000008,0.0236,0.0524,456774636701154.562500
0.12831000000000004,0.0196,0.055600000000000004,456774636701154.562500
0.1283200000000001,0.0196,0.058,456774636701154.562500
0.12833000000000006,0.018000000000000002,0.053200000000000004,456774636701154.562500
0.12834,0.0172,0.0572,456774636701154.562500
0.12835000000000008,0.0188,0.055600000000000004,456774636701154.562500
0.12836000000000003,0.0148,0.056400000000000006,456774636701154.562500
0.1283700000000001,0.0196,0.055600000000000004,456774636701154.562500
0.12838000000000005,0.022000000000000002,0.055600000000000004,456774636701154.562500
0.12839,0.0228,0.055600000000000004,456774636701154.562500
0.12840000000000007,0.0196,0.0572,456774636701154.562500
0.12841000000000002,0.022000000000000002,0.0548,456774636701154.562500
0.1284200000000001,0.022000000000000002,0.0572,456774636701154.562500
0.12843000000000004,0.022000000000000002,0.055600000000000004,456774636701154.562500
0.12844,0.0228,0.0572,456774636701154.562500
0.12845000000000006,0.0228,0.056400000000000006,456774636701154.562500
0.12846000000000002,0.0244,0.054,456774636701154.562500
0.12847000000000008,0.0244,0.055600000000000004,456774636701154.562500
0.12848000000000004,0.0244,0.058,456774636701154.562500
0.1284900000000001,0.0236,0.0572,456774636701154.562500
0.12850000000000006,0.0228,0.055600000000000004,456774636701154.562500
0.12851,0.0236,0.055600000000000004,456774636701154.562500
0.12852000000000008,0.0204,0.054,456774636701154.562500
0.12853000000000003,0.022000000000000002,0.0548,456774636701154.562500
0.1285400000000001,0.0196,0.058,456774636701154.562500
0.12855000000000005,0.0196,0.055600000000000004,456774636701154.562500
0.12856,0.018000000000000002,0.0548,456774636701154.562500
0.12857000000000007,0.0244,0.056400000000000006,456774636701154.562500
0.12858000000000003,0.0204,0.056400000000000006,456774636701154.562500
0.1285900000000001,0.0228,0.0572,456774636701154.562500
0.12860000000000005,0.0228,0.058,456774636701154.562500
0.12861,0.0204,0.056400000000000006,456774636701154.562500
0.12862000000000007,0.022000000000000002,0.0572,456774636701154.562500
0.12863000000000002,0.022000000000000002,0.0548,456774636701154.562500
0.1286400000000001,0.0204,0.0548,456774636701154.562500
0.12865000000000004,0.0212,0.0468,456774636701154.562500
0.12866,0.0212,0.045200000000000004,456774636701154.562500
0.12867000000000006,0.022000000000000002,0.0444,456774636701154.562500
0.12868000000000002,0.0228,0.0524,456774636701154.562500
0.12869000000000008,0.0212,0.050800000000000005,456774636701154.562500
0.12870000000000004,0.022000000000000002,0.0548,456774636701154.562500
0.1287100000000001,0.0204,0.053200000000000004,456774636701154.562500
0.12872000000000006,0.0228,0.0572,456774636701154.562500
0.12873,0.0236,0.0524,456774636701154.562500
0.12874000000000008,0.0236,0.055600000000000004,456774636701154.562500
0.12875000000000003,0.0236,0.053200000000000004,456774636701154.562500
0.1287600000000001,0.0236,0.058,456774636701154.562500
0.12877000000000005,0.0236,0.0572,456774636701154.562500
0.12878,0.0228,0.0516,456774636701154.562500
0.12879000000000007,0.0236,0.054,456774636701154.562500
0.12880000000000003,0.0236,0.0516,456774636701154.562500
0.1288100000000001,0.0244,0.055600000000000004,456774636701154.562500
0.12882000000000005,0.0252,0.055600000000000004,456774636701154.562500
0.12883,0.0244,0.056400000000000006,456774636701154.562500
0.12884000000000007,0.0244,0.0524,456774636701154.562500
0.12885000000000002,0.0236,0.0548,456774636701154.562500
0.12886000000000009,0.0236,0.0524,456774636701154.562500
0.12887000000000004,0.0244,0.054,456774636701154.562500
0.1288800000000001,0.022000000000000002,0.0516,456774636701154.562500
0.12889000000000006,0.022000000000000002,0.054,456774636701154.562500
0.12890000000000001,0.0204,0.055600000000000004,456774636701154.562500
0.12891000000000008,0.022000000000000002,0.055600000000000004,456774636701154.562500
0.12892000000000003,0.0228,0.055600000000000004,456774636701154.562500
0.1289300000000001,0.0204,0.055600000000000004,456774636701154.562500
0.12894000000000005,0.022000000000000002,0.0572,456774636701154.562500
0.12895,0.0228,0.0548,456774636701154.562500
0.12896000000000007,0.0236,0.0516,456774636701154.562500
0.12897000000000003,0.022000000000000002,0.056400000000000006,456774636701154.562500
0.1289800000000001,0.0204,0.0572,456774636701154.562500
0.12899000000000005,0.0212,0.055600000000000004,456774636701154.562500
0.129,0.022000000000000002,0.054,456774636701154.562500
0.12901000000000007,0.0172,0.042800000000000005,456774636701154.562500
0.12902000000000002,0.0196,0.055600000000000004,456774636701154.562500
0.1290300000000001,0.022000000000000002,0.054,456774636701154.562500
0.12904000000000004,0.0188,0.055600000000000004,456774636701154.562500
0.12905,0.018000000000000002,0.056400000000000006,456774636701154.562500
0.12906000000000006,0.0196,0.056400000000000006,456774636701154.562500
0.12907000000000002,0.0204,0.053200000000000004,456774636701154.562500
0.12908000000000008,0.0204,0.058,456774636701154.562500
0.12909000000000004,0.0212,0.055600000000000004,456774636701154.562500
0.1291000000000001,0.0244,0.0572,456774636701154.562500
0.12911000000000006,0.0228,0.054,456774636701154.562500
0.12912,0.0228,0.058,456774636701154.562500
0.12913000000000008,0.0244,0.0572,456774636701154.562500
0.12914000000000003,0.0252,0.0572,456774636701154.562500
0.1291500000000001,0.0252,0.0572,456774636701154.562500
0.12916000000000005,0.022000000000000002,0.055600000000000004,456774636701154.562500
0.12917,0.0204,0.056400000000000006,456774636701154.562500
0.12918000000000007,0.0212,0.055600000000000004,456774636701154.562500
0.12919000000000003,0.0196,0.0516,456774636701154.562500
0.1292000000000001,0.0196,0.055600000000000004,456774636701154.562500
0.12921000000000005,0.0172,0.0548,456774636701154.562500
0.12922,0.022000000000000002,0.055600000000000004,456774636701154.562500
0.12923000000000007,0.022000000000000002,0.050800000000000005,456774636701154.562500
0.12924000000000002,0.0204,0.0572,456774636701154.562500
0.1292500000000001,0.0204,0.0548,456774636701154.562500
0.12926000000000004,0.022000000000000002,0.058,456774636701154.562500
0.12927,0.022000000000000002,0.0572,456774636701154.562500
0.12928000000000006,0.022000000000000002,0.053200000000000004,456774636701154.562500
0.12929000000000002,0.0228,0.055600000000000004,456774636701154.562500
0.12930000000000008,0.0228,0.056400000000000006,456774636701154.562500
0.12931000000000004,0.0228,0.056400000000000006,456774636701154.562500
0.1293200000000001,0.0236,0.056400000000000006,456774636701154.562500
0.12933000000000006,0.0228,0.0476,456774636701154.562500
0.12934,0.022000000000000002,0.0548,456774636701154.562500
0.12935000000000008,0.0236,0.056400000000000006,456774636701154.562500
0.12936000000000003,0.0236,0.058,456774636701154.562500
0.1293700000000001,0.0236,0.054,456774636701154.562500
0.12938000000000005,0.0244,0.056400000000000006,456774636701154.562500
0.12939,0.026000000000000002,0.055600000000000004,456774636701154.562500
0.12940000000000007,0.0244,0.0572,456774636701154.562500
0.12941000000000003,0.0228,0.055600000000000004,456774636701154.562500
0.1294200000000001,0.0228,0.055600000000000004,456774636701154.562500
0.12943000000000005,0.0244,0.0548,456774636701154.562500
0.12944,0.0244,0.055600000000000004,456774636701154.562500
0.12945000000000007,0.0252,0.058,456774636701154.562500
0.12946000000000002,0.0236,0.0572,456774636701154.562500
0.12947000000000009,0.0236,0.0524,456774636701154.562500
0.12948000000000004,0.0244,0.058800000000000005,456774636701154.562500
0.1294900000000001,0.0244,0.0516,456774636701154.562500
0.12950000000000006,0.0236,0.053200000000000004,456774636701154.562500
0.12951000000000001,0.0236,0.055600000000000004,456774636701154.562500
0.12952000000000008,0.0228,0.056400000000000006,456774636701154.562500
0.12953000000000003,0.0228,0.056400000000000006,456774636701154.562500
0.1295400000000001,0.0228,0.0572,456774636701154.562500
0.12955000000000005,0.0228,0.054,456774636701154.562500
0.12956,0.0228,0.0468,456774636701154.562500
0.12957000000000007,0.0212,0.048400000000000006,456774636701154.562500
0.12958000000000003,0.0228,0.048400000000000006,456774636701154.562500
0.1295900000000001,0.0236,0.054,456774636701154.562500
0.12960000000000005,0.0236,0.056400000000000006,456774636701154.562500
0.12961,0.0228,0.055600000000000004,456774636701154.562500
0.12962000000000007,0.0212,0.053200000000000004,456774636701154.562500
0.12963000000000002,0.0236,0.0492,456774636701154.562500
0.1296400000000001,0.0236,0.056400000000000006,456774636701154.562500
0.12965000000000004,0.0236,0.058,456774636701154.562500
0.12966,0.0236,0.054,456774636701154.562500
0.12967000000000006,0.0244,0.056400000000000006,456774636701154.562500
0.12968000000000002,0.0236,0.056400000000000006,456774636701154.562500
0.12969000000000008,0.0244,0.055600000000000004,456774636701154.562500
0.12970000000000004,0.0236,0.0548,456774636701154.562500
0.1297100000000001,0.0244,0.0548,456774636701154.562500
0.12972000000000006,0.0236,0.0548,456774636701154.562500
0.12973,0.0212,0.056400000000000006,456774636701154.562500
0.12974000000000008,0.0244,0.056400000000000006,456774636701154.562500
0.12975000000000003,0.0236,0.056400000000000006,456774636701154.562500
0.1297600000000001,0.026000000000000002,0.055600000000000004,456774636701154.562500
0.12977000000000005,0.0244,0.054,456774636701154.562500
0.12978,0.0236,0.0572,456774636701154.562500
0.12979000000000007,0.0236,0.056400000000000006,456774636701154.562500
0.12980000000000003,0.0236,0.0572,456774636701154.562500
0.1298100000000001,0.0228,0.058,456774636701154.562500
0.12982000000000005,0.0204,0.054,456774636701154.562500
0.12983,0.022000000000000002,0.05,456774636701154.562500
0.12984000000000007,0.022000000000000002,0.05,456774636701154.562500
0.12985000000000002,0.0204,0.054,456774636701154.562500
0.1298600000000001,0.022000000000000002,0.0572,456774636701154.562500
0.12987000000000004,0.0236,0.055600000000000004,456774636701154.562500
0.1298800000000001,0.0228,0.055600000000000004,456774636701154.562500
0.12989000000000006,0.0244,0.056400000000000006,456774636701154.562500
0.12990000000000002,0.0172,0.056400000000000006,456774636701154.562500
0.12991000000000008,0.022000000000000002,0.0548,456774636701154.562500
0.12992000000000004,0.0212,0.0572,456774636701154.562500
0.1299300000000001,0.0204,0.053200000000000004,456774636701154.562500
0.12994000000000006,0.0204,0.055600000000000004,456774636701154.562500
0.12995,0.0228,0.056400000000000006,456774636701154.562500
0.12996000000000008,0.022000000000000002,0.054,456774636701154.562500
0.12997000000000003,0.0236,0.0548,456774636701154.562500
0.1299800000000001,0.0244,0.056400000000000006,456774636701154.562500
0.12999000000000005,0.0228,0.056400000000000006,456774636701154.562500
0.13,0.0236,0.0548,456774636701154.562500
0.13001000000000007,0.0236,0.0572,456774636701154.562500
0.13002000000000002,0.0244,0.0572,456774636701154.562500
0.1300300000000001,0.0244,0.0572,456774636701154.562500
0.13004000000000004,0.0244,0.050800000000000005,456774636701154.562500
0.13005,0.0244,0.0524,456774636701154.562500
0.13006000000000006,0.0164,0.056400000000000006,456774636701154.562500
0.13007000000000002,0.0236,0.0516,456774636701154.562500
0.13008000000000008,0.022000000000000002,0.054,456774636701154.562500
0.13009000000000004,0.0236,0.0548,456774636701154.562500
0.1301000000000001,0.0212,0.055600000000000004,456774636701154.562500
0.13011000000000006,0.0244,0.0548,456774636701154.562500
0.13012,0.0244,0.055600000000000004,456774636701154.562500
0.13013000000000008,0.0212,0.0524,456774636701154.562500
0.13014000000000003,0.0204,0.058,456774636701154.562500
0.1301500000000001,0.022000000000000002,0.056400000000000006,456774636701154.562500
0.13016000000000005,0.0212,0.0548,456774636701154.562500
0.13017,0.0228,0.0524,456774636701154.562500
0.13018000000000007,0.022000000000000002,0.056400000000000006,456774636701154.562500
0.13019000000000003,0.0212,0.0572,456774636701154.562500
0.1302000000000001,0.0212,0.0524,456774636701154.562500
0.13021000000000005,0.0204,0.058,456774636701154.562500
0.13022,0.0228,0.053200000000000004,456774636701154.562500
0.13023000000000007,0.0228,0.0524,456774636701154.562500
0.13024000000000002,0.0228,0.0572,456774636701154.562500
0.1302500000000001,0.0228,0.054,456774636701154.562500
0.13026000000000004,0.0228,0.056400000000000006,456774636701154.562500
0.13027,0.0236,0.056400000000000006,456774636701154.562500
0.13028000000000006,0.0236,0.058,456774636701154.562500
0.13029000000000002,0.0228,0.055600000000000004,456774636701154.562500
0.13030000000000008,0.0236,0.0524,456774636701154.562500
0.13031000000000004,0.0252,0.0548,456774636701154.562500
0.1303200000000001,0.0244,0.0572,456774636701154.562500
0.13033000000000006,0.022000000000000002,0.0596,456774636701154.562500
0.13034,0.0244,0.0476,456774636701154.562500
0.13035000000000008,0.0244,0.0516,456774636701154.562500
0.13036000000000003,0.0228,0.048400000000000006,456774636701154.562500
0.1303700000000001,0.0228,0.054,456774636701154.562500
0.13038000000000005,0.0228,0.0548,456774636701154.562500
0.13039,0.0236,0.055600000000000004,456774636701154.562500
0.13040000000000007,0.0236,0.055600000000000004,456774636701154.562500
0.13041000000000003,0.0236,0.056400000000000006,456774636701154.562500
0.1304200000000001,0.0228,0.0516,456774636701154.562500
0.13043000000000005,0.0228,0.0524,456774636701154.562500
0.13044,0.0196,0.056400000000000006,456774636701154.562500
0.13045000000000007,0.022000000000000002,0.056400000000000006,456774636701154.562500
0.13046000000000002,0.0196,0.055600000000000004,456774636701154.562500
0.13047000000000009,0.0196,0.0548,456774636701154.562500
0.13048000000000004,0.0204,0.0572,456774636701154.562500
0.1304900000000001,0.0212,0.055600000000000004,456774636701154.562500
0.13050000000000006,0.0188,0.056400000000000006,456774636701154.562500
0.13051000000000001,0.018000000000000002,0.0492,456774636701154.562500
0.13052000000000008,0.0204,0.054,456774636701154.562500
0.13053000000000003,0.0228,0.0572,456774636701154.562500
0.1305400000000001,0.0196,0.054,456774636701154.562500
0.13055000000000005,0.0236,0.056400000000000006,456774636701154.562500
0.13056,0.0228,0.054,456774636701154.562500
0.13057000000000007,0.022000000000000002,0.058,456774636701154.562500
0.13058000000000003,0.0228,0.0524,456774636701154.562500
0.1305900000000001,0.0236,0.0572,456774636701154.562500
0.13060000000000005,0.022000000000000002,0.048400000000000006,456774636701154.562500
0.13061,0.0252,0.056400000000000006,456774636701154.562500
0.13062000000000007,0.0244,0.0572,456774636701154.562500
0.13063000000000002,0.026000000000000002,0.0572,456774636701154.562500
0.1306400000000001,0.0244,0.0572,456774636701154.562500
0.13065000000000004,0.0244,0.0572,456774636701154.562500
0.13066,0.0228,0.0548,456774636701154.562500
0.13067000000000006,0.0244,0.054,456774636701154.562500
0.13068000000000002,0.0244,0.0572,456774636701154.562500
0.13069000000000008,0.0236,0.056400000000000006,456774636701154.562500
0.13070000000000004,0.0236,0.055600000000000004,456774636701154.562500
0.1307100000000001,0.0236,0.056400000000000006,456774636701154.562500
0.13072000000000006,0.0228,0.056400000000000006,456774636701154.562500
0.13073,0.022000000000000002,0.0468,456774636701154.562500
0.13074000000000008,0.0228,0.048400000000000006,456774636701154.562500
0.13075000000000003,0.022000000000000002,0.0436,456774636701154.562500
0.1307600000000001,0.0212,0.054,456774636701154.562500
0.13077000000000005,0.0236,0.056400000000000006,456774636701154.562500
0.13078,0.0244,0.056400000000000006,456774636701154.562500
0.13079000000000007,0.0196,0.0548,456774636701154.562500
0.13080000000000003,0.0228,0.0548,456774636701154.562500
0.1308100000000001,0.0244,0.056400000000000006,456774636701154.562500
0.13082000000000005,0.022000000000000002,0.0572,456774636701154.562500
0.13083,0.0228,0.055600000000000004,456774636701154.562500
0.13084000000000007,0.022000000000000002,0.0548,456774636701154.562500
0.13085000000000002,0.0236,0.0572,456774636701154.562500
0.1308600000000001,0.0236,0.056400000000000006,456774636701154.562500
0.13087000000000004,0.0236,0.056400000000000006,456774636701154.562500
0.13088,0.0244,0.053200000000000004,456774636701154.562500
0.13089000000000006,0.0268,0.0548,456774636701154.562500
0.13090000000000002,0.0228,0.0492,456774636701154.562500
0.13091000000000008,0.0236,0.054,456774636701154.562500
0.13092000000000004,0.018000000000000002,0.056400000000000006,456774636701154.562500
0.1309300000000001,0.0212,0.0524,456774636701154.562500
0.13094000000000006,0.0228,0.054,456774636701154.562500
0.13095,0.022000000000000002,0.050800000000000005,456774636701154.562500
0.13096000000000008,0.0244,0.053200000000000004,456774636701154.562500
0.13097000000000003,0.022000000000000002,0.0516,456774636701154.562500
0.1309800000000001,0.022000000000000002,0.0572,456774636701154.562500
0.13099000000000005,0.0196,0.055600000000000004,456774636701154.562500
0.131,0.0204,0.0548,456774636701154.562500
0.13101000000000007,0.0228,0.053200000000000004,456774636701154.562500
0.13102000000000003,0.0236,0.0572,456774636701154.562500
0.1310300000000001,0.0244,0.058,456774636701154.562500
0.13104000000000005,0.0212,0.056400000000000006,456774636701154.562500
0.13105,0.0228,0.055600000000000004,456774636701154.562500
0.13106000000000007,0.0204,0.055600000000000004,456774636701154.562500
0.13107000000000002,0.0228,0.0572,456774636701154.562500
0.13108000000000009,0.0228,0.055600000000000004,456774636701154.562500
0.13109000000000004,0.022000000000000002,0.055600000000000004,456774636701154.562500
0.1311000000000001,0.0236,0.055600000000000004,456774636701154.562500
0.13111000000000006,0.022000000000000002,0.056400000000000006,456774636701154.562500
0.13112000000000001,0.0236,0.056400000000000006,456774636701154.562500
0.13113000000000008,0.022000000000000002,0.0524,456774636701154.562500
0.13114000000000003,0.022000000000000002,0.055600000000000004,456774636701154.562500
0.1311500000000001,0.0212,0.054,456774636701154.562500
0.13116000000000005,0.0228,0.055600000000000004,456774636701154.562500
0.13117,0.0236,0.055600000000000004,456774636701154.562500
0.13118000000000007,0.0236,0.056400000000000006,456774636701154.562500
0.13119000000000003,0.0244,0.055600000000000004,456774636701154.562500
0.1312000000000001,0.0236,0.0572,456774636701154.562500
0.13121000000000005,0.0244,0.055600000000000004,456774636701154.562500
0.13122,0.0236,0.058,456774636701154.562500
0.13123000000000007,0.0252,0.0572,456774636701154.562500
0.13124000000000002,0.0252,0.056400000000000006,456774636701154.562500
0.1312500000000001,0.0244,0.058,456774636701154.562500
0.13126000000000004,0.0244,0.0548,456774636701154.562500
0.13127,0.0252,0.045200000000000004,456774636701154.562500
0.13128000000000006,0.0204,0.0492,456774636701154.562500
0.13129000000000002,0.0244,0.0516,456774636701154.562500
0.13130000000000008,0.0204,0.0524,456774636701154.562500
0.13131000000000004,0.018000000000000002,0.053200000000000004,456774636701154.562500
0.1313200000000001,0.015600000000000001,0.0444,456774636701154.562500
0.13133000000000006,0.0212,0.0524,456774636701154.562500
0.13134,0.022000000000000002,0.0572,456774636701154.562500
0.13135000000000008,0.0212,0.0572,456774636701154.562500
0.13136000000000003,0.0228,0.0572,456774636701154.562500
0.1313700000000001,0.0196,0.0572,456774636701154.562500
0.13138000000000005,0.022000000000000002,0.055600000000000004,456774636701154.562500
0.13139,0.0204,0.055600000000000004,456774636701154.562500
0.13140000000000007,0.022000000000000002,0.056400000000000006,456774636701154.562500
0.13141000000000003,0.022000000000000002,0.0572,456774636701154.562500
0.1314200000000001,0.0228,0.0548,456774636701154.562500
0.13143000000000005,0.022000000000000002,0.056400000000000006,456774636701154.562500
0.13144,0.022000000000000002,0.055600000000000004,456774636701154.562500
0.13145000000000007,0.0204,0.0516,456774636701154.562500
0.13146000000000002,0.0228,0.0572,456774636701154.562500
0.1314700000000001,0.026000000000000002,0.056400000000000006,456774636701154.562500
0.13148000000000004,0.0236,0.055600000000000004,456774636701154.562500
0.1314900000000001,0.0236,0.0548,456774636701154.562500
0.13150000000000006,0.0204,0.054,456774636701154.562500
0.13151000000000002,0.0236,0.0548,456774636701154.562500
0.13152000000000008,0.022000000000000002,0.056400000000000006,456774636701154.562500
0.13153000000000004,0.0244,0.054,456774636701154.562500
0.1315400000000001,0.0244,0.055600000000000004,456774636701154.562500
0.13155000000000006,0.0252,0.056400000000000006,456774636701154.562500
0.13156,0.0244,0.0548,456774636701154.562500
0.13157000000000008,0.0236,0.054,456774636701154.562500
0.13158000000000003,0.0252,0.0572,456774636701154.562500
0.1315900000000001,0.0244,0.0548,456774636701154.562500
0.13160000000000005,0.0236,0.054,456774636701154.562500
0.13161,0.0228,0.053200000000000004,456774636701154.562500
0.13162000000000007,0.022000000000000002,0.055600000000000004,456774636701154.562500
0.13163000000000002,0.022000000000000002,0.055600000000000004,456774636701154.562500
0.1316400000000001,0.0212,0.056400000000000006,456774636701154.562500
0.13165000000000004,0.0212,0.056400000000000006,456774636701154.562500
0.13166,0.0204,0.055600000000000004,456774636701154.562500
0.13167000000000006,0.022000000000000002,0.053200000000000004,456774636701154.562500
0.13168000000000002,0.0212,0.054,456774636701154.562500
0.13169000000000008,0.022000000000000002,0.056400000000000006,456774636701154.562500
0.13170000000000004,0.022000000000000002,0.054,456774636701154.562500
0.1317100000000001,0.0212,0.054,456774636701154.562500
0.13172000000000006,0.0228,0.056400000000000006,456774636701154.562500
0.13173,0.0228,0.055600000000000004,456774636701154.562500
0.13174000000000008,0.022000000000000002,0.0572,456774636701154.562500
0.13175000000000003,0.0228,0.056400000000000006,456774636701154.562500
0.1317600000000001,0.0236,0.056400000000000006,456774636701154.562500
0.13177000000000005,0.0228,0.056400000000000006,456774636701154.562500
0.13178,0.0228,0.056400000000000006,456774636701154.562500
0.13179000000000007,0.0236,0.055600000000000004,456774636701154.562500
0.13180000000000003,0.0236,0.056400000000000006,456774636701154.562500
0.1318100000000001,0.022000000000000002,0.0572,456774636701154.562500
0.13182000000000005,0.0244,0.054,456774636701154.562500
0.13183,0.0236,0.053200000000000004,456774636701154.562500
0.13184000000000007,0.0236,0.0572,456774636701154.562500
0.13185000000000002,0.0244,0.055600000000000004,456774636701154.562500
0.1318600000000001,0.0252,0.0572,456774636701154.562500
0.13187000000000004,0.0244,0.0524,456774636701154.562500
0.13188,0.0212,0.0492,456774636701154.562500
0.13189000000000006,0.0244,0.058,456774636701154.562500
0.13190000000000002,0.0236,0.0548,456774636701154.562500
0.13191000000000008,0.0236,0.056400000000000006,456774636701154.562500
0.13192000000000004,0.0236,0.0572,456774636701154.562500
0.1319300000000001,0.022000000000000002,0.058,456774636701154.562500
0.13194000000000006,0.0212,0.055600000000000004,456774636701154.562500
0.13195,0.0236,0.058,456774636701154.562500
0.13196000000000008,0.0236,0.056400000000000006,456774636701154.562500
0.13197000000000003,0.022000000000000002,0.054,456774636701154.562500
0.1319800000000001,0.022000000000000002,0.0548,456774636701154.562500
0.13199000000000005,0.0228,0.0572,456774636701154.562500
0.132,0.0228,0.056400000000000006,456774636701154.562500
0.13201000000000007,0.022000000000000002,0.055600000000000004,456774636701154.562500
0.13202000000000003,0.0228,0.0548,456774636701154.562500
0.1320300000000001,0.022000000000000002,0.056400000000000006,456774636701154.562500
0.13204000000000005,0.0204,0.0548,456774636701154.562500
0.13205,0.0236,0.0548,456774636701154.562500
0.13206000000000007,0.0212,0.056400000000000006,456774636701154.562500
0.13207000000000002,0.0236,0.0572,456774636701154.562500
0.1320800000000001,0.0212,0.0572,456774636701154.562500
0.13209000000000004,0.0236,0.055600000000000004,456774636701154.562500
0.1321000000000001,0.022000000000000002,0.056400000000000006,456774636701154.562500
0.13211000000000006,0.0236,0.0492,456774636701154.562500
0.13212000000000002,0.0244,0.056400000000000006,456774636701154.562500
0.13213000000000008,0.0228,0.056400000000000006,456774636701154.562500
0.13214000000000004,0.0244,0.0572,456774636701154.562500
0.1321500000000001,0.0204,0.0572,456774636701154.562500
0.13216000000000006,0.0244,0.056400000000000006,456774636701154.562500
0.13217,0.0212,0.05,456774636701154.562500
0.13218000000000008,0.0228,0.053200000000000004,456774636701154.562500
0.13219000000000003,0.0236,0.058,456774636701154.562500
0.1322000000000001,0.0244,0.055600000000000004,456774636701154.562500
0.13221000000000005,0.0228,0.0548,456774636701154.562500
0.13222,0.022000000000000002,0.054,456774636701154.562500
0.13223000000000007,0.0228,0.054,456774636701154.562500
0.13224000000000002,0.0244,0.056400000000000006,456774636701154.562500
0.1322500000000001,0.0228,0.0468,456774636701154.562500
0.13226000000000004,0.0204,0.0492,456774636701154.562500
0.13227,0.022000000000000002,0.054,456774636701154.562500
0.13228000000000006,0.0212,0.056400000000000006,456774636701154.562500
0.13229000000000002,0.022000000000000002,0.056400000000000006,456774636701154.562500
0.13230000000000008,0.022000000000000002,0.055600000000000004,456774636701154.562500
0.13231000000000004,0.0212,0.0572,456774636701154.562500
0.1323200000000001,0.022000000000000002,0.056400000000000006,456774636701154.562500
0.13233000000000006,0.0236,0.056400000000000006,456774636701154.562500
0.13234,0.0244,0.0548,456774636701154.562500
0.13235000000000008,0.0204,0.056400000000000006,456774636701154.562500
0.13236000000000003,0.0236,0.0572,456774636701154.562500
0.1323700000000001,0.0244,0.054,456774636701154.562500
0.13238000000000005,0.0212,0.0516,456774636701154.562500
0.13239,0.0204,0.056400000000000006,456774636701154.562500
0.13240000000000007,0.0236,0.055600000000000004,456774636701154.562500
0.13241000000000003,0.0252,0.054,456774636701154.562500
0.1324200000000001,0.0244,0.0572,456774636701154.562500
0.13243000000000005,0.0236,0.056400000000000006,456774636701154.562500
0.13244,0.0252,0.054,456774636701154.562500
0.13245000000000007,0.0236,0.058,456774636701154.562500
0.13246000000000002,0.0252,0.056400000000000006,456774636701154.562500
0.1324700000000001,0.0244,0.056400000000000006,456774636701154.562500
0.13248000000000004,0.0228,0.055600000000000004,456774636701154.562500
0.13249,0.0244,0.0572,456774636701154.562500
0.13250000000000006,0.022000000000000002,0.056400000000000006,456774636701154.562500
0.13251000000000002,0.0228,0.0572,456774636701154.562500
0.13252000000000008,0.0236,0.058,456774636701154.562500
0.13253000000000004,0.0236,0.056400000000000006,456774636701154.562500
0.1325400000000001,0.0212,0.0548,456774636701154.562500
0.13255000000000006,0.0228,0.0572,456774636701154.562500
0.13256,0.0212,0.055600000000000004,456774636701154.562500
0.13257000000000008,0.0212,0.0524,456774636701154.562500
0.13258000000000003,0.0236,0.0548,456774636701154.562500
0.1325900000000001,0.0228,0.0572,456774636701154.562500
0.13260000000000005,0.022000000000000002,0.050800000000000005,456774636701154.562500
0.13261,0.0228,0.056400000000000006,456774636701154.562500
0.13262000000000007,0.0212,0.0548,456774636701154.562500
0.13263000000000003,0.022000000000000002,0.054,456774636701154.562500
0.1326400000000001,0.0212,0.056400000000000006,456774636701154.562500
0.13265000000000005,0.0204,0.056400000000000006,456774636701154.562500
0.13266,0.022000000000000002,0.054,456774636701154.562500
0.13267000000000007,0.0236,0.0524,456774636701154.562500
0.13268000000000002,0.022000000000000002,0.056400000000000006,456774636701154.562500
0.13269000000000009,0.0228,0.0572,456774636701154.562500
0.13270000000000004,0.0188,0.056400000000000006,456774636701154.562500
0.1327100000000001,0.022000000000000002,0.0524,456774636701154.562500
0.13272000000000006,0.0228,0.054,456774636701154.562500
0.13273000000000001,0.0228,0.055600000000000004,456774636701154.562500
0.13274000000000008,0.0228,0.0572,456774636701154.562500
0.13275000000000003,0.0236,0.058,456774636701154.562500
0.1327600000000001,0.0236,0.0572,456774636701154.562500
0.13277000000000005,0.026000000000000002,0.056400000000000006,456774636701154.562500
0.13278,0.0236,0.055600000000000004,456774636701154.562500
0.13279000000000007,0.0244,0.0548,456774636701154.562500
0.13280000000000003,0.0244,0.056400000000000006,456774636701154.562500
0.1328100000000001,0.0228,0.056400000000000006,456774636701154.562500
0.13282000000000005,0.0244,0.056400000000000006,456774636701154.562500
0.13283,0.0236,0.058,456774636701154.562500
0.13284000000000007,0.0236,0.054,456774636701154.562500
0.13285000000000002,0.0212,0.054,456774636701154.562500
0.1328600000000001,0.022000000000000002,0.055600000000000004,456774636701154.562500
0.13287000000000004,0.0212,0.0548,456774636701154.562500
0.13288,0.022000000000000002,0.0572,456774636701154.562500
0.13289000000000006,0.0212,0.056400000000000006,456774636701154.562500
0.13290000000000002,0.0212,0.0548,456774636701154.562500
0.13291000000000008,0.022000000000000002,0.058,456774636701154.562500
0.13292000000000004,0.0204,0.058,456774636701154.562500
0.1329300000000001,0.022000000000000002,0.056400000000000006,456774636701154.562500
0.13294000000000006,0.0228,0.058,456774636701154.562500
0.13295,0.0204,0.056400000000000006,456774636701154.562500
0.13296000000000008,0.0228,0.05,456774636701154.562500
0.13297000000000003,0.0204,0.056400000000000006,456774636701154.562500
0.1329800000000001,0.0212,0.0524,456774636701154.562500
0.13299000000000005,0.022000000000000002,0.056400000000000006,456774636701154.562500
0.133,0.0236,0.0572,456774636701154.562500
0.13301000000000007,0.022000000000000002,0.0572,456774636701154.562500
0.13302000000000003,0.0228,0.055600000000000004,456774636701154.562500
0.1330300000000001,0.0228,0.054,456774636701154.562500
0.13304000000000005,0.0236,0.054,456774636701154.562500
0.13305,0.0228,0.056400000000000006,456774636701154.562500
0.13306000000000007,0.0252,0.054,456774636701154.562500
0.13307000000000002,0.026000000000000002,0.055600000000000004,456774636701154.562500
0.1330800000000001,0.0236,0.05,456774636701154.562500
0.13309000000000004,0.0244,0.055600000000000004,456774636701154.562500
0.1331000000000001,0.0244,0.058,456774636701154.562500
0.13311000000000006,0.0252,0.055600000000000004,456774636701154.562500
0.13312000000000002,0.0244,0.0524,456774636701154.562500
0.13313000000000008,0.0244,0.054,456774636701154.562500
0.13314000000000004,0.0228,0.0524,456774636701154.562500
0.1331500000000001,0.022000000000000002,0.0548,456774636701154.562500
0.13316000000000006,0.0228,0.0548,456774636701154.562500
0.13317,0.0236,0.058,456774636701154.562500
0.13318000000000008,0.0212,0.056400000000000006,456774636701154.562500
0.13319000000000003,0.0228,0.055600000000000004,456774636701154.562500
0.1332000000000001,0.0212,0.056400000000000006,456774636701154.562500
0.13321000000000005,0.022000000000000002,0.056400000000000006,456774636701154.562500
0.13322,0.0204,0.050800000000000005,456774636701154.562500
0.13323000000000007,0.018000000000000002,0.050800000000000005,456774636701154.562500
0.13324000000000003,0.0188,0.053200000000000004,456774636701154.562500
0.1332500000000001,0.0188,0.056400000000000006,456774636701154.562500
0.13326000000000005,0.022000000000000002,0.0524,456774636701154.562500
0.13327,0.0212,0.053200000000000004,456774636701154.562500
0.13328000000000007,0.0228,0.053200000000000004,456774636701154.562500
0.13329000000000002,0.0236,0.0492,456774636701154.562500
0.13330000000000009,0.0236,0.055600000000000004,456774636701154.562500
0.13331000000000004,0.022000000000000002,0.056400000000000006,456774636701154.562500
0.1333200000000001,0.0228,0.055600000000000004,456774636701154.562500
0.13333000000000006,0.0228,0.0572,456774636701154.562500
0.13334000000000001,0.0244,0.0548,456774636701154.562500
0.13335000000000008,0.0228,0.055600000000000004,456774636701154.562500
0.13336000000000003,0.0244,0.056400000000000006,456774636701154.562500
0.1333700000000001,0.0228,0.0572,456774636701154.562500
0.13338000000000005,0.0244,0.0572,456774636701154.562500
0.13339,0.0236,0.054,456774636701154.562500
0.13340000000000007,0.026000000000000002,0.058,456774636701154.562500
0.13341000000000003,0.0236,0.056400000000000006,456774636701154.562500
0.1334200000000001,0.026000000000000002,0.05,456774636701154.562500
0.13343000000000005,0.0244,0.0572,456774636701154.562500
0.13344,0.0228,0.056400000000000006,456774636701154.562500
0.13345000000000007,0.0212,0.0572,456774636701154.562500
0.13346000000000002,0.0228,0.0548,456774636701154.562500
0.1334700000000001,0.022000000000000002,0.056400000000000006,456774636701154.562500
0.13348000000000004,0.022000000000000002,0.0572,456774636701154.562500
0.13349,0.022000000000000002,0.058,456774636701154.562500
0.13350000000000006,0.0212,0.055600000000000004,456774636701154.562500
0.13351000000000002,0.0236,0.0572,456774636701154.562500
0.13352000000000008,0.022000000000000002,0.054,456774636701154.562500
0.13353000000000004,0.0228,0.0572,456774636701154.562500
0.1335400000000001,0.0228,0.056400000000000006,456774636701154.562500
0.13355000000000006,0.0212,0.056400000000000006,456774636701154.562500
0.13356,0.022000000000000002,0.054,456774636701154.562500
0.13357000000000008,0.0228,0.056400000000000006,456774636701154.562500
0.13358000000000003,0.0196,0.058,456774636701154.562500
0.1335900000000001,0.0212,0.0516,456774636701154.562500
0.13360000000000005,0.0244,0.056400000000000006,456774636701154.562500
0.13361,0.022000000000000002,0.055600000000000004,456774636701154.562500
0.13362000000000007,0.0236,0.058,456774636701154.562500
0.13363000000000003,0.0236,0.0572,456774636701154.562500
0.1336400000000001,0.0196,0.055600000000000004,456774636701154.562500
0.13365000000000005,0.0244,0.055600000000000004,456774636701154.562500
0.13366,0.0252,0.055600000000000004,456774636701154.562500
0.13367000000000007,0.026000000000000002,0.0524,456774636701154.562500
0.13368000000000002,0.0196,0.053200000000000004,456774636701154.562500
0.1336900000000001,0.0252,0.055600000000000004,456774636701154.562500
0.13370000000000004,0.0228,0.0468,456774636701154.562500
0.1337100000000001,0.0244,0.056400000000000006,456774636701154.562500
0.13372000000000006,0.0244,0.053200000000000004,456774636701154.562500
0.13373000000000002,0.0228,0.0572,456774636701154.562500
0.13374000000000008,0.0236,0.055600000000000004,456774636701154.562500
0.13375000000000004,0.0212,0.056400000000000006,456774636701154.562500
0.1337600000000001,0.0244,0.053200000000000004,456774636701154.562500
0.13377000000000006,0.0236,0.0548,456774636701154.562500
0.13378,0.022000000000000002,0.058,456774636701154.562500
0.13379000000000008,0.0212,0.056400000000000006,456774636701154.562500
0.13380000000000003,0.0236,0.056400000000000006,456774636701154.562500
0.1338100000000001,0.0188,0.0548,456774636701154.562500
0.13382000000000005,0.0204,0.056400000000000006,456774636701154.562500
0.13383,0.0228,0.058,456774636701154.562500
0.13384000000000007,0.0228,0.0572,456774636701154.562500
0.13385000000000002,0.022000000000000002,0.053200000000000004,456774636701154.562500
0.1338600000000001,0.0236,0.0548,456774636701154.562500
0.13387000000000004,0.022000000000000002,0.056400000000000006,456774636701154.562500
0.13388,0.022000000000000002,0.056400000000000006,456774636701154.562500
0.13389000000000006,0.0212,0.053200000000000004,456774636701154.562500
0.13390000000000002,0.0236,0.0572,456774636701154.562500
0.13391000000000008,0.0244,0.055600000000000004,456774636701154.562500
0.13392000000000004,0.0228,0.055600000000000004,456774636701154.562500
0.1339300000000001,0.0236,0.0572,456774636701154.562500
0.13394000000000006,0.022000000000000002,0.0572,456774636701154.562500
0.13395,0.0244,0.058800000000000005,456774636701154.562500
0.13396000000000008,0.026000000000000002,0.058800000000000005,456774636701154.562500
0.13397000000000003,0.0236,0.054,456774636701154.562500
0.1339800000000001,0.0236,0.050800000000000005,456774636701154.562500
0.13399000000000005,0.0228,0.0572,456774636701154.562500
0.134,0.0244,0.0572,456774636701154.562500
0.13401000000000007,0.0196,0.054,456774636701154.562500
0.13402000000000003,0.0236,0.0572,456774636701154.562500
0.1340300000000001,0.0196,0.0492,456774636701154.562500
0.13404000000000005,0.0236,0.054,456774636701154.562500
0.13405,0.0228,0.056400000000000006,456774636701154.562500
0.13406000000000007,0.0228,0.0476,456774636701154.562500
0.13407000000000002,0.022000000000000002,0.056400000000000006,456774636701154.562500
0.1340800000000001,0.0196,0.053200000000000004,456774636701154.562500
0.13409000000000004,0.0196,0.056400000000000006,456774636701154.562500
0.1341,0.0212,0.056400000000000006,456774636701154.562500
0.13411000000000006,0.0204,0.0548,456774636701154.562500
0.13412000000000002,0.022000000000000002,0.055600000000000004,456774636701154.562500
0.13413000000000008,0.022000000000000002,0.0572,456774636701154.562500
0.13414000000000004,0.0228,0.0548,456774636701154.562500
0.1341500000000001,0.022000000000000002,0.058,456774636701154.562500
0.13416000000000006,0.022000000000000002,0.054,456774636701154.562500
0.13417,0.0212,0.056400000000000006,456774636701154.562500
0.13418000000000008,0.0228,0.055600000000000004,456774636701154.562500
0.13419000000000003,0.0212,0.0572,456774636701154.562500
0.1342000000000001,0.0212,0.058,456774636701154.562500
0.13421000000000005,0.0236,0.0516,456774636701154.562500
0.13422,0.0228,0.055600000000000004,456774636701154.562500
0.13423000000000007,0.0228,0.0572,456774636701154.562500
0.13424000000000003,0.0236,0.0572,456774636701154.562500
0.1342500000000001,0.022000000000000002,0.053200000000000004,456774636701154.562500
0.13426000000000005,0.0236,0.0524,456774636701154.562500
0.13427,0.0228,0.046,456774636701154.562500
0.13428000000000007,0.0252,0.0524,456774636701154.562500
0.13429000000000002,0.0236,0.042800000000000005,456774636701154.562500
0.13430000000000009,0.0236,0.046,456774636701154.562500
0.13431000000000004,0.0236,0.0492,456774636701154.562500
0.1343200000000001,0.0252,0.0476,456774636701154.562500
0.13433000000000006,0.022000000000000002,0.054,456774636701154.562500
0.13434000000000001,0.0236,0.056400000000000006,456774636701154.562500
0.13435000000000008,0.0212,0.055600000000000004,456774636701154.562500
0.13436000000000003,0.0204,0.055600000000000004,456774636701154.562500
0.1343700000000001,0.022000000000000002,0.0572,456774636701154.562500
0.13438000000000005,0.0212,0.056400000000000006,456774636701154.562500
0.13439,0.0236,0.055600000000000004,456774636701154.562500
0.13440000000000007,0.0188,0.056400000000000006,456774636701154.562500
0.13441000000000003,0.0204,0.0492,456774636701154.562500
0.1344200000000001,0.0188,0.058,456774636701154.562500
0.13443000000000005,0.0196,0.0492,456774636701154.562500
0.13444,0.0196,0.056400000000000006,456774636701154.562500
0.13445000000000007,0.0228,0.0572,456774636701154.562500
0.13446000000000002,0.0204,0.048400000000000006,456774636701154.562500
0.1344700000000001,0.0228,0.058,456774636701154.562500
0.13448000000000004,0.018000000000000002,0.056400000000000006,456774636701154.562500
0.13449,0.0236,0.056400000000000006,456774636701154.562500
0.13450000000000006,0.0212,0.056400000000000006,456774636701154.562500
0.13451000000000002,0.0228,0.056400000000000006,456774636701154.562500
0.13452000000000008,0.022000000000000002,0.0548,456774636701154.562500
0.13453000000000004,0.022000000000000002,0.0524,456774636701154.562500
0.1345400000000001,0.022000000000000002,0.054,456774636701154.562500
0.13455000000000006,0.0228,0.056400000000000006,456774636701154.562500
0.13456,0.022000000000000002,0.05,456774636701154.562500
0.13457000000000008,0.0236,0.056400000000000006,456774636701154.562500
0.13458000000000003,0.022000000000000002,0.056400000000000006,456774636701154.562500
0.1345900000000001,0.0228,0.056400000000000006,456774636701154.562500
0.13460000000000005,0.0228,0.053200000000000004,456774636701154.562500
0.13461,0.0252,0.0548,456774636701154.562500
0.13462000000000007,0.022000000000000002,0.058800000000000005,456774636701154.562500
0.13463000000000003,0.0228,0.054,456774636701154.562500
0.1346400000000001,0.0236,0.055600000000000004,456774636701154.562500
0.13465000000000005,0.0228,0.0476,456774636701154.562500
0.13466,0.0236,0.0492,456774636701154.562500
0.13467000000000007,0.0228,0.055600000000000004,456774636701154.562500
0.13468000000000002,0.0212,0.056400000000000006,456774636701154.562500
0.1346900000000001,0.0236,0.0548,456774636701154.562500
0.13470000000000004,0.0228,0.055600000000000004,456774636701154.562500
0.13471,0.022000000000000002,0.055600000000000004,456774636701154.562500
0.13472000000000006,0.022000000000000002,0.0572,456774636701154.562500
0.13473000000000002,0.022000000000000002,0.058,456774636701154.562500
0.13474000000000008,0.0204,0.053200000000000004,456774636701154.562500
0.13475000000000004,0.0228,0.053200000000000004,456774636701154.562500
0.1347600000000001,0.0212,0.056400000000000006,456774636701154.562500
0.13477000000000006,0.0228,0.0572,456774636701154.562500
0.13478,0.022000000000000002,0.055600000000000004,456774636701154.562500
0.13479000000000008,0.022000000000000002,0.054,456774636701154.562500
0.13480000000000003,0.022000000000000002,0.056400000000000006,456774636701154.562500
0.1348100000000001,0.0244,0.0572,456774636701154.562500
0.13482000000000005,0.0196,0.0524,456774636701154.562500
0.13483,0.0244,0.056400000000000006,456774636701154.562500
0.13484000000000007,0.0204,0.055600000000000004,456774636701154.562500
0.13485000000000003,0.0212,0.056400000000000006,456774636701154.562500
0.1348600000000001,0.0236,0.054,456774636701154.562500
0.13487000000000005,0.0236,0.0548,456774636701154.562500
0.13488,0.0252,0.0524,456774636701154.562500
0.13489000000000007,0.0252,0.0572,456774636701154.562500
0.13490000000000002,0.0244,0.0572,456774636701154.562500
0.13491000000000009,0.0252,0.0524,456774636701154.562500
0.13492000000000004,0.0228,0.053200000000000004,456774636701154.562500
0.1349300000000001,0.0236,0.055600000000000004,456774636701154.562500
0.13494000000000006,0.0228,0.0524,456774636701154.562500
0.13495000000000001,0.0236,0.056400000000000006,456774636701154.562500
0.13496000000000008,0.0236,0.0572,456774636701154.562500
0.13497000000000003,0.0228,0.0572,456774636701154.562500
0.1349800000000001,0.0228,0.055600000000000004,456774636701154.562500
0.13499000000000005,0.0228,0.0572,456774636701154.562500
0.135,0.0228,0.055600000000000004,456774636701154.562500
0.13501000000000007,0.0212,0.056400000000000006,456774636701154.562500
0.13502000000000003,0.0212,0.0548,456774636701154.562500
0.1350300000000001,0.022000000000000002,0.056400000000000006,456774636701154.562500
0.13504000000000005,0.0236,0.0524,456774636701154.562500
0.13505,0.0212,0.055600000000000004,456774636701154.562500
0.13506000000000007,0.0228,0.056400000000000006,456774636701154.562500
0.13507000000000002,0.0228,0.055600000000000004,456774636701154.562500
0.1350800000000001,0.022000000000000002,0.056400000000000006,456774636701154.562500
0.13509000000000004,0.0228,0.056400000000000006,456774636701154.562500
0.1351,0.022000000000000002,0.056400000000000006,456774636701154.562500
0.13511000000000006,0.0204,0.056400000000000006,456774636701154.562500
0.13512000000000002,0.0236,0.0572,456774636701154.562500
0.13513000000000008,0.0212,0.056400000000000006,456774636701154.562500
0.13514000000000004,0.0228,0.055600000000000004,456774636701154.562500
0.1351500000000001,0.0212,0.053200000000000004,456774636701154.562500
0.13516000000000006,0.0228,0.056400000000000006,456774636701154.562500
0.13517,0.0236,0.055600000000000004,456774636701154.562500
0.13518000000000008,0.0244,0.058,456774636701154.562500
0.13519000000000003,0.0244,0.0516,456774636701154.562500
0.1352000000000001,0.0236,0.0548,456774636701154.562500
0.13521000000000005,0.026000000000000002,0.0572,456774636701154.562500
0.13522,0.0244,0.055600000000000004,456774636701154.562500
0.13523000000000007,0.0244,0.056400000000000006,456774636701154.562500
0.13524000000000003,0.0228,0.055600000000000004,456774636701154.562500
0.1352500000000001,0.0244,0.0572,456774636701154.562500
0.13526000000000005,0.0236,0.0572,456774636701154.562500
0.13527,0.022000000000000002,0.0572,456774636701154.562500
0.13528000000000007,0.0228,0.0548,456774636701154.562500
0.13529000000000002,0.022000000000000002,0.0548,456774636701154.562500
0.1353000000000001,0.0212,0.056400000000000006,456774636701154.562500
0.13531000000000004,0.022000000000000002,0.056400000000000006,456774636701154.562500
0.1353200000000001,0.0212,0.056400000000000006,456774636701154.562500
0.13533000000000006,0.0204,0.048400000000000006,456774636701154.562500
0.13534000000000002,0.0188,0.0492,456774636701154.562500
0.13535000000000008,0.0196,0.0476,456774636701154.562500
0.13536000000000004,0.0196,0.0516,456774636701154.562500
0.1353700000000001,0.022000000000000002,0.050800000000000005,456774636701154.562500
0.13538000000000006,0.022000000000000002,0.0548,456774636701154.562500
0.13539,0.0228,0.056400000000000006,456774636701154.562500
0.13540000000000008,0.0212,0.0572,456774636701154.562500
0.13541000000000003,0.022000000000000002,0.056400000000000006,456774636701154.562500
0.1354200000000001,0.0196,0.055600000000000004,456774636701154.562500
0.13543000000000005,0.022000000000000002,0.056400000000000006,456774636701154.562500
0.13544,0.0236,0.0572,456774636701154.562500
0.13545000000000007,0.022000000000000002,0.054,456774636701154.562500
0.13546000000000002,0.022000000000000002,0.055600000000000004,456774636701154.562500
0.1354700000000001,0.022000000000000002,0.054,456774636701154.562500
0.13548000000000004,0.0252,0.056400000000000006,456774636701154.562500
0.13549,0.0228,0.048400000000000006,456774636701154.562500
0.13550000000000006,0.0236,0.055600000000000004,456774636701154.562500
0.13551000000000002,0.0244,0.054,456774636701154.562500
0.13552000000000008,0.0244,0.056400000000000006,456774636701154.562500
0.13553000000000004,0.0236,0.056400000000000006,456774636701154.562500
0.1355400000000001,0.0228,0.055600000000000004,456774636701154.562500
0.13555000000000006,0.0252,0.0548,456774636701154.562500
0.13556,0.0236,0.058,456774636701154.562500
0.13557000000000008,0.0244,0.058,456774636701154.562500
0.13558000000000003,0.0236,0.054,456774636701154.562500
0.1355900000000001,0.0212,0.0524,456774636701154.562500
0.13560000000000005,0.0244,0.0572,456774636701154.562500
0.13561,0.0212,0.055600000000000004,456774636701154.562500
0.13562000000000007,0.0228,0.0548,456774636701154.562500
0.13563000000000003,0.0204,0.0548,456774636701154.562500
0.1356400000000001,0.0228,0.0524,456774636701154.562500
0.13565000000000005,0.022000000000000002,0.0572,456774636701154.562500
0.13566,0.0204,0.0516,456774636701154.562500
0.13567000000000007,0.0204,0.046,456774636701154.562500
0.13568000000000002,0.022000000000000002,0.054,456774636701154.562500
0.1356900000000001,0.018000000000000002,0.056400000000000006,456774636701154.562500
0.13570000000000004,0.022000000000000002,0.058,456774636701154.562500
0.13571,0.0164,0.058800000000000005,456774636701154.562500
0.13572000000000006,0.0228,0.0572,456774636701154.562500
0.13573000000000002,0.0196,0.058800000000000005,456774636701154.562500
0.13574000000000008,0.0228,0.055600000000000004,456774636701154.562500
0.13575000000000004,0.0196,0.0572,456774636701154.562500
0.1357600000000001,0.0236,0.0516,456774636701154.562500
0.13577000000000006,0.0228,0.0548,456774636701154.562500
0.13578,0.0236,0.0572,456774636701154.562500
0.13579000000000008,0.0244,0.0412,456774636701154.562500
0.13580000000000003,0.0244,0.055600000000000004,456774636701154.562500
0.1358100000000001,0.0252,0.0548,456774636701154.562500
0.13582000000000005,0.0228,0.0572,456774636701154.562500
0.13583,0.0244,0.0572,456774636701154.562500
0.13584000000000007,0.0244,0.0548,456774636701154.562500
0.13585000000000003,0.0244,0.056400000000000006,456774636701154.562500
0.1358600000000001,0.0228,0.05,456774636701154.562500
0.13587000000000005,0.0228,0.056400000000000006,456774636701154.562500
0.13588,0.022000000000000002,0.056400000000000006,456774636701154.562500
0.13589000000000007,0.0228,0.058,456774636701154.562500
0.13590000000000002,0.0244,0.055600000000000004,456774636701154.562500
0.1359100000000001,0.0212,0.0548,456774636701154.562500
0.13592000000000004,0.022000000000000002,0.050800000000000005,456774636701154.562500
0.1359300000000001,0.0228,0.056400000000000006,456774636701154.562500
0.13594000000000006,0.0228,0.0572,456774636701154.562500
0.13595000000000002,0.0204,0.0572,456774636701154.562500
0.13596000000000008,0.0196,0.0548,456774636701154.562500
0.13597000000000004,0.0228,0.0572,456774636701154.562500
0.1359800000000001,0.022000000000000002,0.056400000000000006,456774636701154.562500
0.13599000000000006,0.0212,0.056400000000000006,456774636701154.562500
0.136,0.022000000000000002,0.056400000000000006,456774636701154.562500
0.13601000000000008,0.0212,0.0572,456774636701154.562500
0.13602000000000003,0.022000000000000002,0.0476,456774636701154.562500
0.1360300000000001,0.0236,0.056400000000000006,456774636701154.562500
0.13604000000000005,0.022000000000000002,0.045200000000000004,456774636701154.562500
0.13605,0.0212,0.0572,456774636701154.562500
0.13606000000000007,0.0236,0.0548,456774636701154.562500
0.13607000000000002,0.0228,0.054,456774636701154.562500
0.1360800000000001,0.0244,0.055600000000000004,456774636701154.562500
0.13609000000000004,0.0236,0.0476,456774636701154.562500
0.1361,0.022000000000000002,0.055600000000000004,456774636701154.562500
0.13611000000000006,0.0228,0.0572,456774636701154.562500
0.13612000000000002,0.0252,0.055600000000000004,456774636701154.562500
0.13613000000000008,0.0244,0.055600000000000004,456774636701154.562500
0.13614000000000004,0.0244,0.048400000000000006,456774636701154.562500
0.1361500000000001,0.0244,0.054,456774636701154.562500
0.13616000000000006,0.0244,0.054,456774636701154.562500
0.13617,0.0252,0.0548,456774636701154.562500
0.13618000000000008,0.0228,0.053200000000000004,456774636701154.562500
0.13619000000000003,0.022000000000000002,0.0572,456774636701154.562500
0.1362000000000001,0.022000000000000002,0.054,456774636701154.562500
0.13621000000000005,0.022000000000000002,0.056400000000000006,456774636701154.562500
0.13622,0.0212,0.056400000000000006,456774636701154.562500
0.13623000000000007,0.022000000000000002,0.055600000000000004,456774636701154.562500
0.13624000000000003,0.0212,0.0548,456774636701154.562500
0.1362500000000001,0.022000000000000002,0.055600000000000004,456774636701154.562500
0.13626000000000005,0.022000000000000002,0.054,456774636701154.562500
0.13627,0.022000000000000002,0.055600000000000004,456774636701154.562500
0.13628000000000007,0.0228,0.0548,456774636701154.562500
0.13629000000000002,0.018000000000000002,0.0572,456774636701154.562500
0.1363000000000001,0.022000000000000002,0.055600000000000004,456774636701154.562500
0.13631000000000004,0.0204,0.0492,456774636701154.562500
0.13632,0.022000000000000002,0.056400000000000006,456774636701154.562500
0.13633000000000006,0.022000000000000002,0.0516,456774636701154.562500
0.13634000000000002,0.022000000000000002,0.054,456774636701154.562500
0.13635000000000008,0.0228,0.056400000000000006,456774636701154.562500
0.13636000000000004,0.0236,0.0524,456774636701154.562500
0.1363700000000001,0.0236,0.055600000000000004,456774636701154.562500
0.13638000000000006,0.0244,0.055600000000000004,456774636701154.562500
0.13639,0.0236,0.055600000000000004,456774636701154.562500
0.13640000000000008,0.0228,0.056400000000000006,456774636701154.562500
0.13641000000000003,0.0244,0.05,456774636701154.562500
0.1364200000000001,0.0236,0.056400000000000006,456774636701154.562500
0.13643000000000005,0.0236,0.054,456774636701154.562500
0.13644,0.0244,0.056400000000000006,456774636701154.562500
0.13645000000000007,0.0236,0.0572,456774636701154.562500
0.13646000000000003,0.0196,0.056400000000000006,456774636701154.562500
0.1364700000000001,0.026000000000000002,0.0572,456774636701154.562500
0.13648000000000005,0.022000000000000002,0.0516,456774636701154.562500
0.13649,0.0236,0.0524,456774636701154.562500
0.13650000000000007,0.0228,0.055600000000000004,456774636701154.562500
0.13651000000000002,0.0212,0.054,456774636701154.562500
0.13652000000000009,0.0196,0.0548,456774636701154.562500
0.13653000000000004,0.0236,0.0548,456774636701154.562500
0.1365400000000001,0.0172,0.0548,456774636701154.562500
0.13655000000000006,0.0204,0.055600000000000004,456774636701154.562500
0.13656000000000001,0.0228,0.0572,456774636701154.562500
0.13657000000000008,0.0228,0.058,456774636701154.562500
0.13658000000000003,0.0228,0.055600000000000004,456774636701154.562500
0.1365900000000001,0.0204,0.054,456774636701154.562500
0.13660000000000005,0.0236,0.055600000000000004,456774636701154.562500
0.13661,0.0244,0.0524,456774636701154.562500
0.13662000000000007,0.0212,0.054,456774636701154.562500
0.13663000000000003,0.022000000000000002,0.058,456774636701154.562500
0.1366400000000001,0.0204,0.056400000000000006,456774636701154.562500
0.13665000000000005,0.022000000000000002,0.054,456774636701154.562500
0.13666,0.022000000000000002,0.056400000000000006,456774636701154.562500
0.13667000000000007,0.0212,0.056400000000000006,456774636701154.562500
0.13668000000000002,0.0236,0.056400000000000006,456774636701154.562500
0.1366900000000001,0.0252,0.058,456774636701154.562500
0.13670000000000004,0.0236,0.0492,456774636701154.562500
0.13671,0.0244,0.056400000000000006,456774636701154.562500
0.13672000000000006,0.0252,0.056400000000000006,456774636701154.562500
0.13673000000000002,0.0244,0.053200000000000004,456774636701154.562500
0.13674000000000008,0.0236,0.056400000000000006,456774636701154.562500
0.13675000000000004,0.0252,0.054,456774636701154.562500
0.1367600000000001,0.0236,0.055600000000000004,456774636701154.562500
0.13677000000000006,0.0244,0.0548,456774636701154.562500
0.13678,0.0244,0.058,456774636701154.562500
0.13679000000000008,0.0228,0.056400000000000006,456774636701154.562500
0.13680000000000003,0.022000000000000002,0.0572,456774636701154.562500
0.1368100000000001,0.022000000000000002,0.054,456774636701154.562500
0.13682000000000005,0.022000000000000002,0.056400000000000006,456774636701154.562500
0.13683,0.0228,0.0572,456774636701154.562500
0.13684000000000007,0.018000000000000002,0.054,456774636701154.562500
0.13685000000000003,0.0228,0.055600000000000004,456774636701154.562500
0.1368600000000001,0.0236,0.05,456774636701154.562500
0.13687000000000005,0.0212,0.0572,456774636701154.562500
0.13688,0.022000000000000002,0.0444,456774636701154.562500
0.13689000000000007,0.0228,0.056400000000000006,456774636701154.562500
0.13690000000000002,0.022000000000000002,0.055600000000000004,456774636701154.562500
0.1369100000000001,0.0228,0.0548,456774636701154.562500
0.13692000000000004,0.0228,0.058,456774636701154.562500
0.1369300000000001,0.0228,0.056400000000000006,456774636701154.562500
0.13694000000000006,0.0228,0.055600000000000004,456774636701154.562500
0.13695000000000002,0.022000000000000002,0.0572,456774636701154.562500
0.13696000000000008,0.022000000000000002,0.055600000000000004,456774636701154.562500
0.13697000000000004,0.022000000000000002,0.058,456774636701154.562500
0.1369800000000001,0.0228,0.0476,456774636701154.562500
0.13699000000000006,0.0228,0.056400000000000006,456774636701154.562500
0.137,0.0252,0.0524,456774636701154.562500
0.13701000000000008,0.0236,0.054,456774636701154.562500
0.13702000000000003,0.0228,0.058,456774636701154.562500
0.1370300000000001,0.0244,0.058,456774636701154.562500
0.13704000000000005,0.0244,0.0548,456774636701154.562500
0.13705,0.0244,0.0572,456774636701154.562500
0.13706000000000007,0.022000000000000002,0.0572,456774636701154.562500
0.13707000000000003,0.022000000000000002,0.056400000000000006,456774636701154.562500
0.1370800000000001,0.0212,0.0572,456774636701154.562500
0.13709000000000005,0.0228,0.055600000000000004,456774636701154.562500
0.1371,0.0236,0.056400000000000006,456774636701154.562500
0.13711000000000007,0.022000000000000002,0.056400000000000006,456774636701154.562500
0.13712000000000002,0.0228,0.058,456774636701154.562500
0.13713000000000009,0.0228,0.056400000000000006,456774636701154.562500
0.13714000000000004,0.0228,0.0524,456774636701154.562500
0.1371500000000001,0.0204,0.048400000000000006,456774636701154.562500
0.13716000000000006,0.0228,0.056400000000000006,456774636701154.562500
0.13717000000000001,0.022000000000000002,0.056400000000000006,456774636701154.562500
0.13718000000000008,0.0212,0.056400000000000006,456774636701154.562500
0.13719000000000003,0.0212,0.056400000000000006,456774636701154.562500
0.1372000000000001,0.022000000000000002,0.054,456774636701154.562500
0.13721000000000005,0.0228,0.0548,456774636701154.562500
0.13722,0.0204,0.056400000000000006,456774636701154.562500
0.13723000000000007,0.022000000000000002,0.0548,456774636701154.562500
0.13724000000000003,0.022000000000000002,0.056400000000000006,456774636701154.562500
0.1372500000000001,0.0228,0.0524,456774636701154.562500
0.13726000000000005,0.0228,0.0524,456774636701154.562500
0.13727,0.022000000000000002,0.054,456774636701154.562500
0.13728000000000007,0.0212,0.0572,456774636701154.562500
0.13729000000000002,0.0252,0.056400000000000006,456774636701154.562500
0.1373000000000001,0.0252,0.056400000000000006,456774636701154.562500
0.13731000000000004,0.0228,0.0572,456774636701154.562500
0.13732,0.0244,0.058,456774636701154.562500
0.13733000000000006,0.0228,0.054,456774636701154.562500
0.13734000000000002,0.0236,0.0548,456774636701154.562500
0.13735000000000008,0.0236,0.055600000000000004,456774636701154.562500
0.13736000000000004,0.022000000000000002,0.056400000000000006,456774636701154.562500
0.1373700000000001,0.026000000000000002,0.056400000000000006,456774636701154.562500
0.13738000000000006,0.0228,0.055600000000000004,456774636701154.562500
0.13739,0.0236,0.056400000000000006,456774636701154.562500
0.13740000000000008,0.0236,0.055600000000000004,456774636701154.562500
0.13741000000000003,0.022000000000000002,0.0572,456774636701154.562500
0.1374200000000001,0.022000000000000002,0.0548,456774636701154.562500
0.13743000000000005,0.022000000000000002,0.053200000000000004,456774636701154.562500
0.13744,0.022000000000000002,0.0516,456774636701154.562500
0.13745000000000007,0.022000000000000002,0.055600000000000004,456774636701154.562500
0.13746000000000003,0.0212,0.050800000000000005,456774636701154.562500
0.1374700000000001,0.0236,0.054,456774636701154.562500
0.13748000000000005,0.0228,0.054,456774636701154.562500
0.13749,0.0236,0.0548,456774636701154.562500
0.13750000000000007,0.0228,0.056400000000000006,456774636701154.562500
0.13751000000000002,0.022000000000000002,0.054,456774636701154.562500
0.1375200000000001,0.022000000000000002,0.0572,456774636701154.562500
0.13753000000000004,0.0236,0.053200000000000004,456774636701154.562500
0.1375400000000001,0.0212,0.056400000000000006,456774636701154.562500
0.13755000000000006,0.0212,0.0516,456774636701154.562500
0.13756000000000002,0.0228,0.0572,456774636701154.562500
0.13757000000000008,0.0236,0.055600000000000004,456774636701154.562500
0.13758000000000004,0.0204,0.053200000000000004,456774636701154.562500
0.1375900000000001,0.0228,0.058,456774636701154.562500
0.13760000000000006,0.0228,0.046,456774636701154.562500
0.13761,0.0228,0.0572,456774636701154.562500
0.13762000000000008,0.0212,0.058,456774636701154.562500
0.13763000000000003,0.0252,0.054,456774636701154.562500
0.1376400000000001,0.0252,0.0572,456774636701154.562500
0.13765000000000005,0.0236,0.056400000000000006,456774636701154.562500
0.13766,0.0212,0.055600000000000004,456774636701154.562500
0.13767000000000007,0.022000000000000002,0.0572,456774636701154.562500
0.13768000000000002,0.0244,0.056400000000000006,456774636701154.562500
0.1376900000000001,0.0196,0.0572,456774636701154.562500
0.13770000000000004,0.0244,0.055600000000000004,456774636701154.562500
0.13771,0.0228,0.056400000000000006,456774636701154.562500
0.13772000000000006,0.0204,0.0548,456774636701154.562500
0.13773000000000002,0.0228,0.0572,456774636701154.562500
0.13774000000000008,0.0196,0.0572,456774636701154.562500
0.13775000000000004,0.0228,0.055600000000000004,456774636701154.562500
0.1377600000000001,0.0236,0.0548,456774636701154.562500
0.13777000000000006,0.0228,0.054,456774636701154.562500
0.13778,0.0236,0.0548,456774636701154.562500
0.13779000000000008,0.022000000000000002,0.054,456774636701154.562500
0.13780000000000003,0.0228,0.058,456774636701154.562500
0.1378100000000001,0.022000000000000002,0.053200000000000004,456774636701154.562500
0.13782000000000005,0.0228,0.056400000000000006,456774636701154.562500
0.13783,0.0228,0.055600000000000004,456774636701154.562500
0.13784000000000007,0.0212,0.055600000000000004,456774636701154.562500
0.13785000000000003,0.022000000000000002,0.056400000000000006,456774636701154.562500
0.1378600000000001,0.0204,0.054,456774636701154.562500
0.13787000000000005,0.0228,0.056400000000000006,456774636701154.562500
0.13788,0.0236,0.054,456774636701154.562500
0.13789000000000007,0.0228,0.058,456774636701154.562500
0.13790000000000002,0.026000000000000002,0.0548,456774636701154.562500
0.1379100000000001,0.0252,0.055600000000000004,456774636701154.562500
0.13792000000000004,0.022000000000000002,0.0572,456774636701154.562500
0.13793,0.0244,0.054,456774636701154.562500
0.13794000000000006,0.022000000000000002,0.055600000000000004,456774636701154.562500
0.13795000000000002,0.0196,0.0572,456774636701154.562500
0.13796000000000008,0.022000000000000002,0.056400000000000006,456774636701154.562500
0.13797000000000004,0.0236,0.056400000000000006,456774636701154.562500
0.1379800000000001,0.0228,0.0524,456774636701154.562500
0.13799000000000006,0.0212,0.0572,456774636701154.562500
0.138,0.0228,0.056400000000000006,456774636701154.562500
0.13801000000000008,0.022000000000000002,0.058,456774636701154.562500
0.13802000000000003,0.0228,0.055600000000000004,456774636701154.562500
0.1380300000000001,0.0236,0.056400000000000006,456774636701154.562500
0.13804000000000005,0.0228,0.0548,456774636701154.562500
0.13805,0.0228,0.0548,456774636701154.562500
0.13806000000000007,0.022000000000000002,0.0516,456774636701154.562500
0.13807000000000003,0.0236,0.0572,456774636701154.562500
0.1380800000000001,0.0228,0.055600000000000004,456774636701154.562500
0.13809000000000005,0.022000000000000002,0.0572,456774636701154.562500
0.1381,0.0236,0.058,456774636701154.562500
0.13811000000000007,0.0212,0.056400000000000006,456774636701154.562500
0.13812000000000002,0.0212,0.055600000000000004,456774636701154.562500
0.13813000000000009,0.022000000000000002,0.056400000000000006,456774636701154.562500
0.13814000000000004,0.0212,0.055600000000000004,456774636701154.562500
0.1381500000000001,0.0228,0.056400000000000006,456774636701154.562500
0.13816000000000006,0.0244,0.053200000000000004,456774636701154.562500
0.13817000000000002,0.0236,0.055600000000000004,456774636701154.562500
0.13818000000000008,0.0228,0.056400000000000006,456774636701154.562500
0.13819000000000004,0.0236,0.0548,456774636701154.562500
0.1382000000000001,0.022000000000000002,0.056400000000000006,456774636701154.562500
0.13821000000000006,0.0236,0.0572,456774636701154.562500
0.13822,0.0244,0.056400000000000006,456774636701154.562500
0.13823000000000008,0.0252,0.056400000000000006,456774636701154.562500
0.13824000000000003,0.022000000000000002,0.055600000000000004,456774636701154.562500
0.1382500000000001,0.022000000000000002,0.0524,456774636701154.562500
0.13826000000000005,0.0228,0.058,456774636701154.562500
0.13827,0.0236,0.0572,456774636701154.562500
0.13828000000000007,0.0252,0.053200000000000004,456774636701154.562500
0.13829000000000002,0.0236,0.0548,456774636701154.562500
0.1383000000000001,0.0244,0.050800000000000005,456774636701154.562500
0.13831000000000004,0.0228,0.0572,456774636701154.562500
0.13832,0.0212,0.055600000000000004,456774636701154.562500
0.13833000000000006,0.0212,0.0572,456774636701154.562500
0.13834000000000002,0.018000000000000002,0.056400000000000006,456774636701154.562500
0.13835000000000008,0.0228,0.0572,456774636701154.562500
0.13836000000000004,0.022000000000000002,0.056400000000000006,456774636701154.562500
0.1383700000000001,0.0212,0.0572,456774636701154.562500
0.13838000000000006,0.022000000000000002,0.058,456774636701154.562500
0.13839,0.0212,0.055600000000000004,456774636701154.562500
0.13840000000000008,0.0228,0.0572,456774636701154.562500
0.13841000000000003,0.022000000000000002,0.0572,456774636701154.562500
0.1384200000000001,0.0212,0.0548,456774636701154.562500
0.13843000000000005,0.0204,0.055600000000000004,456774636701154.562500
0.13844,0.0212,0.0516,456774636701154.562500
0.13845000000000007,0.0212,0.054,456774636701154.562500
0.13846000000000003,0.0244,0.0492,456774636701154.562500
0.1384700000000001,0.0228,0.054,456774636701154.562500
0.13848000000000005,0.0244,0.045200000000000004,456774636701154.562500
0.13849,0.0244,0.056400000000000006,456774636701154.562500
0.13850000000000007,0.0236,0.055600000000000004,456774636701154.562500
0.13851000000000002,0.0236,0.056400000000000006,456774636701154.562500
0.1385200000000001,0.0244,0.058,456774636701154.562500
0.13853000000000004,0.0236,0.056400000000000006,456774636701154.562500
0.1385400000000001,0.0244,0.055600000000000004,456774636701154.562500
0.13855000000000006,0.0236,0.0524,456774636701154.562500
0.13856000000000002,0.0252,0.042800000000000005,456774636701154.562500
0.13857000000000008,0.022000000000000002,0.056400000000000006,456774636701154.562500
0.13858000000000004,0.0236,0.058,456774636701154.562500
0.1385900000000001,0.0244,0.058,456774636701154.562500
0.13860000000000006,0.0236,0.055600000000000004,456774636701154.562500
0.13861,0.0236,0.054,456774636701154.562500
0.13862000000000008,0.0252,0.0516,456774636701154.562500
0.13863000000000003,0.022000000000000002,0.056400000000000006,456774636701154.562500
0.1386400000000001,0.0228,0.058800000000000005,456774636701154.562500
0.13865000000000005,0.0244,0.056400000000000006,456774636701154.562500
0.13866,0.0236,0.054,456774636701154.562500
0.13867000000000007,0.022000000000000002,0.050800000000000005,456774636701154.562500
0.13868000000000003,0.0244,0.0524,456774636701154.562500
0.1386900000000001,0.0228,0.0572,456774636701154.562500
0.13870000000000005,0.0228,0.054,456774636701154.562500
0.13871,0.022000000000000002,0.0572,456774636701154.562500
0.13872000000000007,0.022000000000000002,0.056400000000000006,456774636701154.562500
0.13873000000000002,0.022000000000000002,0.054,456774636701154.562500
0.13874000000000009,0.022000000000000002,0.053200000000000004,456774636701154.562500
0.13875000000000004,0.0188,0.05,456774636701154.562500
0.1387600000000001,0.0212,0.0524,456774636701154.562500
0.13877000000000006,0.0228,0.054,456774636701154.562500
0.13878000000000001,0.022000000000000002,0.056400000000000006,456774636701154.562500
0.13879000000000008,0.0244,0.053200000000000004,456774636701154.562500
0.13880000000000003,0.0212,0.056400000000000006,456774636701154.562500
0.1388100000000001,0.0212,0.055600000000000004,456774636701154.562500
0.13882000000000005,0.0244,0.0572,456774636701154.562500
0.13883,0.0228,0.056400000000000006,456774636701154.562500
0.13884000000000007,0.0236,0.054,456774636701154.562500
0.13885000000000003,0.022000000000000002,0.05,456774636701154.562500
0.1388600000000001,0.0244,0.056400000000000006,456774636701154.562500
0.13887000000000005,0.022000000000000002,0.0548,456774636701154.562500
0.13888,0.026000000000000002,0.056400000000000006,456774636701154.562500
0.13889000000000007,0.0236,0.058,456774636701154.562500
0.13890000000000002,0.022000000000000002,0.058,456774636701154.562500
0.1389100000000001,0.0252,0.0516,456774636701154.562500
0.13892000000000004,0.0244,0.056400000000000006,456774636701154.562500
0.13893,0.0244,0.055600000000000004,456774636701154.562500
0.13894000000000006,0.0212,0.056400000000000006,456774636701154.562500
0.13895000000000002,0.0228,0.0572,456774636701154.562500
0.13896000000000008,0.0228,0.058,456774636701154.562500
0.13897000000000004,0.0236,0.056400000000000006,456774636701154.562500
0.1389800000000001,0.0228,0.050800000000000005,456774636701154.562500
0.13899000000000006,0.0212,0.056400000000000006,456774636701154.562500
0.139,0.022000000000000002,0.054,456774636701154.562500
0.13901000000000008,0.022000000000000002,0.0548,456774636701154.562500
0.13902000000000003,0.0212,0.056400000000000006,456774636701154.562500
0.1390300000000001,0.022000000000000002,0.055600000000000004,456774636701154.562500
0.13904000000000005,0.0212,0.0572,456774636701154.562500
0.13905,0.0236,0.056400000000000006,456774636701154.562500
0.13906000000000007,0.018000000000000002,0.0516,456774636701154.562500
0.13907000000000003,0.0212,0.0548,456774636701154.562500
0.1390800000000001,0.0188,0.0524,456774636701154.562500
0.13909000000000005,0.0236,0.056400000000000006,456774636701154.562500
0.1391,0.0244,0.056400000000000006,456774636701154.562500
0.13911000000000007,0.022000000000000002,0.056400000000000006,456774636701154.562500
0.13912000000000002,0.0228,0.0572,456774636701154.562500
0.1391300000000001,0.0236,0.0548,456774636701154.562500
0.13914000000000004,0.0244,0.054,456774636701154.562500
0.1391500000000001,0.0236,0.056400000000000006,456774636701154.562500
0.13916000000000006,0.0252,0.0548,456774636701154.562500
0.13917000000000002,0.0236,0.0524,456774636701154.562500
0.13918000000000008,0.0236,0.055600000000000004,456774636701154.562500
0.13919000000000004,0.0236,0.0524,456774636701154.562500
0.1392000000000001,0.0236,0.056400000000000006,456774636701154.562500
0.13921000000000006,0.0244,0.054,456774636701154.562500
0.13922,0.0228,0.056400000000000006,456774636701154.562500
0.13923000000000008,0.0236,0.056400000000000006,456774636701154.562500
0.13924000000000003,0.022000000000000002,0.0572,456774636701154.562500
0.1392500000000001,0.0196,0.054,456774636701154.562500
0.13926000000000005,0.0228,0.0572,456774636701154.562500
0.13927,0.0228,0.0572,456774636701154.562500
0.13928000000000007,0.0228,0.056400000000000006,456774636701154.562500
0.13929000000000002,0.0228,0.056400000000000006,456774636701154.562500
0.1393000000000001,0.0212,0.058,456774636701154.562500
0.13931000000000004,0.0212,0.0572,456774636701154.562500
0.13932,0.0236,0.056400000000000006,456774636701154.562500
0.13933000000000006,0.022000000000000002,0.058,456774636701154.562500
0.13934000000000002,0.022000000000000002,0.058,456774636701154.562500
0.13935000000000008,0.022000000000000002,0.0572,456774636701154.562500
0.13936000000000004,0.0228,0.055600000000000004,456774636701154.562500
0.1393700000000001,0.0228,0.054,456774636701154.562500
0.13938000000000006,0.0212,0.0572,456774636701154.562500
0.13939000000000001,0.0212,0.0572,456774636701154.562500
0.13940000000000008,0.022000000000000002,0.0548,456774636701154.562500
0.13941000000000003,0.0228,0.055600000000000004,456774636701154.562500
0.1394200000000001,0.022000000000000002,0.050800000000000005,456774636701154.562500
0.13943000000000005,0.022000000000000002,0.0548,456774636701154.562500
0.13944,0.0236,0.055600000000000004,456774636701154.562500
0.13945000000000007,0.0244,0.055600000000000004,456774636701154.562500
0.13946000000000003,0.0236,0.056400000000000006,456774636701154.562500
0.1394700000000001,0.0204,0.056400000000000006,456774636701154.562500
0.13948000000000005,0.0244,0.0572,456774636701154.562500
0.13949,0.0228,0.054,456774636701154.562500
0.13950000000000007,0.0236,0.056400000000000006,456774636701154.562500
0.13951000000000002,0.0244,0.0524,456774636701154.562500
0.1395200000000001,0.0236,0.0524,456774636701154.562500
0.13953000000000004,0.0228,0.053200000000000004,456774636701154.562500
0.13954,0.0236,0.0548,456774636701154.562500
0.13955000000000006,0.0228,0.054,456774636701154.562500
0.13956000000000002,0.0212,0.056400000000000006,456774636701154.562500
0.13957000000000008,0.0228,0.0572,456774636701154.562500
0.13958000000000004,0.022000000000000002,0.0572,456774636701154.562500
0.1395900000000001,0.0212,0.056400000000000006,456774636701154.562500
0.13960000000000006,0.0236,0.0572,456774636701154.562500
0.13961,0.0196,0.055600000000000004,456774636701154.562500
0.13962000000000008,0.022000000000000002,0.0572,456774636701154.562500
0.13963000000000003,0.0212,0.056400000000000006,456774636701154.562500
0.1396400000000001,0.0228,0.0572,456774636701154.562500
0.13965000000000005,0.022000000000000002,0.056400000000000006,456774636701154.562500
0.13966,0.0228,0.0572,456774636701154.562500
0.13967000000000007,0.022000000000000002,0.056400000000000006,456774636701154.562500
0.13968000000000003,0.022000000000000002,0.056400000000000006,456774636701154.562500
0.1396900000000001,0.0228,0.053200000000000004,456774636701154.562500
0.13970000000000005,0.022000000000000002,0.055600000000000004,456774636701154.562500
0.13971,0.0236,0.0516,456774636701154.562500
0.13972000000000007,0.0228,0.0516,456774636701154.562500
0.13973000000000002,0.022000000000000002,0.055600000000000004,456774636701154.562500
0.1397400000000001,0.0244,0.055600000000000004,456774636701154.562500
0.13975000000000004,0.0236,0.056400000000000006,456774636701154.562500
0.1397600000000001,0.0236,0.048400000000000006,456774636701154.562500
0.13977000000000006,0.0244,0.055600000000000004,456774636701154.562500
0.13978000000000002,0.0244,0.0572,456774636701154.562500
0.13979000000000008,0.0244,0.053200000000000004,456774636701154.562500
0.13980000000000004,0.0244,0.0548,456774636701154.562500
0.1398100000000001,0.0228,0.0548,456774636701154.562500
0.13982000000000006,0.0228,0.0524,456774636701154.562500
0.13983,0.0228,0.054,456774636701154.562500
0.13984000000000008,0.0236,0.054,456774636701154.562500
0.13985000000000003,0.0236,0.055600000000000004,456774636701154.562500
0.1398600000000001,0.0244,0.0572,456774636701154.562500
0.13987000000000005,0.022000000000000002,0.0572,456774636701154.562500
0.13988,0.0212,0.056400000000000006,456774636701154.562500
0.13989000000000007,0.0236,0.055600000000000004,456774636701154.562500
0.13990000000000002,0.0228,0.056400000000000006,456774636701154.562500
0.1399100000000001,0.022000000000000002,0.0572,456774636701154.562500
0.13992000000000004,0.022000000000000002,0.054,456774636701154.562500
0.13993,0.018000000000000002,0.053200000000000004,456774636701154.562500
0.13994000000000006,0.0212,0.053200000000000004,456774636701154.562500
0.13995000000000002,0.022000000000000002,0.056400000000000006,456774636701154.562500
0.13996000000000008,0.022000000000000002,0.055600000000000004,456774636701154.562500
0.13997000000000004,0.0204,0.055600000000000004,456774636701154.562500
0.1399800000000001,0.0228,0.055600000000000004,456774636701154.562500
0.13999000000000006,0.0228,0.055600000000000004,456774636701154.562500
0.14,0.0228,0.056400000000000006,456774636701154.562500
0.14001000000000008,0.0236,0.056400000000000006,456774636701154.562500
0.14002000000000003,0.0244,0.0572,456774636701154.562500
0.1400300000000001,0.022000000000000002,0.056400000000000006,456774636701154.562500
0.14004000000000005,0.0244,0.055600000000000004,456774636701154.562500
0.14005,0.0228,0.056400000000000006,456774636701154.562500
0.14006000000000007,0.0236,0.055600000000000004,456774636701154.562500
0.14007000000000003,0.0244,0.0572,456774636701154.562500
0.1400800000000001,0.0244,0.0548,456774636701154.562500
0.14009000000000005,0.0252,0.0572,456774636701154.562500
0.1401,0.0236,0.0516,456774636701154.562500
0.14011000000000007,0.0244,0.056400000000000006,456774636701154.562500
0.14012000000000002,0.0236,0.0524,456774636701154.562500
0.1401300000000001,0.0244,0.0572,456774636701154.562500
0.14014000000000004,0.0236,0.054,456774636701154.562500
0.1401500000000001,0.0228,0.0572,456774636701154.562500
0.14016000000000006,0.0212,0.056400000000000006,456774636701154.562500
0.14017000000000002,0.0236,0.0572,456774636701154.562500
0.14018000000000008,0.0228,0.054,456774636701154.562500
0.14019000000000004,0.0228,0.0572,456774636701154.562500
0.1402000000000001,0.0212,0.048400000000000006,456774636701154.562500
0.14021000000000006,0.0196,0.0572,456774636701154.562500
0.14022,0.0228,0.0548,456774636701154.562500
0.14023000000000008,0.022000000000000002,0.0516,456774636701154.562500
0.14024000000000003,0.022000000000000002,0.055600000000000004,456774636701154.562500
0.1402500000000001,0.0188,0.0548,456774636701154.562500
0.14026000000000005,0.0212,0.0572,456774636701154.562500
0.14027,0.0196,0.05,456774636701154.562500
0.14028000000000007,0.0244,0.0572,456774636701154.562500
0.14029000000000003,0.0228,0.055600000000000004,456774636701154.562500
0.1403000000000001,0.0236,0.0572,456774636701154.562500
0.14031000000000005,0.0236,0.055600000000000004,456774636701154.562500
0.14032,0.0228,0.055600000000000004,456774636701154.562500
0.14033000000000007,0.0236,0.054,456774636701154.562500
0.14034000000000002,0.0236,0.053200000000000004,456774636701154.562500
0.14035000000000009,0.0236,0.056400000000000006,456774636701154.562500
0.14036000000000004,0.0236,0.0516,456774636701154.562500
0.1403700000000001,0.0236,0.048400000000000006,456774636701154.562500
0.14038000000000006,0.0236,0.055600000000000004,456774636701154.562500
0.14039000000000001,0.0228,0.053200000000000004,456774636701154.562500
0.14040000000000008,0.0244,0.056400000000000006,456774636701154.562500
0.14041000000000003,0.022000000000000002,0.0524,456774636701154.562500
0.1404200000000001,0.0236,0.055600000000000004,456774636701154.562500
0.14043000000000005,0.0236,0.053200000000000004,456774636701154.562500
0.14044,0.0228,0.055600000000000004,456774636701154.562500
0.14045000000000007,0.0228,0.0572,456774636701154.562500
0.14046000000000003,0.0236,0.0572,456774636701154.562500
0.1404700000000001,0.0228,0.0572,456774636701154.562500
0.14048000000000005,0.0228,0.056400000000000006,456774636701154.562500
0.14049,0.0236,0.058,456774636701154.562500
0.14050000000000007,0.0212,0.055600000000000004,456774636701154.562500
0.14051000000000002,0.0204,0.058,456774636701154.562500
0.1405200000000001,0.022000000000000002,0.058,456774636701154.562500
0.14053000000000004,0.0204,0.058,456774636701154.562500
0.14054,0.0188,0.0572,456774636701154.562500
0.14055000000000006,0.0148,0.0548,456774636701154.562500
0.14056000000000002,0.0164,0.0516,456774636701154.562500
0.14057000000000008,0.0148,0.0516,456774636701154.562500
0.14058000000000004,0.0212,0.056400000000000006,456774636701154.562500
0.1405900000000001,0.022000000000000002,0.0548,456774636701154.562500
0.14060000000000006,0.0228,0.048400000000000006,456774636701154.562500
0.14061,0.0212,0.055600000000000004,456774636701154.562500
0.14062000000000008,0.0228,0.0548,456774636701154.562500
0.14063000000000003,0.0212,0.055600000000000004,456774636701154.562500
0.1406400000000001,0.0204,0.056400000000000006,456774636701154.562500
0.14065000000000005,0.022000000000000002,0.056400000000000006,456774636701154.562500
0.14066,0.0252,0.0596,456774636701154.562500
0.14067000000000007,0.0236,0.0516,456774636701154.562500
0.14068000000000003,0.0244,0.055600000000000004,456774636701154.562500
0.1406900000000001,0.0236,0.0572,456774636701154.562500
0.14070000000000005,0.0252,0.0548,456774636701154.562500
0.14071,0.0236,0.054,456774636701154.562500
0.14072000000000007,0.0236,0.055600000000000004,456774636701154.562500
0.14073000000000002,0.0244,0.054,456774636701154.562500
0.1407400000000001,0.0212,0.056400000000000006,456774636701154.562500
0.14075000000000004,0.0196,0.0548,456774636701154.562500
0.1407600000000001,0.0204,0.055600000000000004,456774636701154.562500
0.14077000000000006,0.0188,0.0548,456774636701154.562500
0.14078000000000002,0.022000000000000002,0.0572,456774636701154.562500
0.14079000000000008,0.0244,0.055600000000000004,456774636701154.562500
0.14080000000000004,0.0212,0.056400000000000006,456774636701154.562500
0.1408100000000001,0.022000000000000002,0.056400000000000006,456774636701154.562500
0.14082000000000006,0.022000000000000002,0.055600000000000004,456774636701154.562500
0.14083,0.022000000000000002,0.046,456774636701154.562500
0.14084000000000008,0.022000000000000002,0.0492,456774636701154.562500
0.14085000000000003,0.0244,0.0412,456774636701154.562500
0.1408600000000001,0.0196,0.0524,456774636701154.562500
0.14087000000000005,0.0212,0.0476,456774636701154.562500
0.14088,0.0212,0.055600000000000004,456774636701154.562500
0.14089000000000007,0.0204,0.055600000000000004,456774636701154.562500
0.14090000000000003,0.022000000000000002,0.0572,456774636701154.562500
0.1409100000000001,0.0236,0.0516,456774636701154.562500
0.14092000000000005,0.0228,0.054,456774636701154.562500
0.14093,0.0236,0.0548,456774636701154.562500
0.14094000000000007,0.0212,0.055600000000000004,456774636701154.562500
0.14095000000000002,0.0236,0.0572,456774636701154.562500
0.14096000000000009,0.0236,0.055600000000000004,456774636701154.562500
0.14097000000000004,0.0244,0.058800000000000005,456774636701154.562500
0.1409800000000001,0.0244,0.0572,456774636701154.562500
0.14099000000000006,0.022000000000000002,0.048400000000000006,456774636701154.562500
0.14100000000000001,0.0252,0.054,456774636701154.562500
0.14101000000000008,0.0252,0.0572,456774636701154.562500
0.14102000000000003,0.022000000000000002,0.056400000000000006,456774636701154.562500
0.1410300000000001,0.0244,0.0548,456774636701154.562500
0.14104000000000005,0.0236,0.0548,456774636701154.562500
0.14105,0.0228,0.056400000000000006,456774636701154.562500
0.14106000000000007,0.0204,0.055600000000000004,456774636701154.562500
0.14107000000000003,0.022000000000000002,0.0572,456774636701154.562500
0.1410800000000001,0.022000000000000002,0.0516,456774636701154.562500
0.14109000000000005,0.0188,0.0548,456774636701154.562500
0.1411,0.0212,0.056400000000000006,456774636701154.562500
0.14111000000000007,0.0236,0.056400000000000006,456774636701154.562500
0.14112000000000002,0.022000000000000002,0.0596,456774636701154.562500
0.1411300000000001,0.0212,0.058,456774636701154.562500
0.14114000000000004,0.0204,0.0572,456774636701154.562500
0.14115,0.0212,0.055600000000000004,456774636701154.562500
0.14116000000000006,0.0212,0.054,456774636701154.562500
0.14117000000000002,0.022000000000000002,0.055600000000000004,456774636701154.562500
0.14118000000000008,0.0228,0.0572,456774636701154.562500
0.14119000000000004,0.0204,0.0548,456774636701154.562500
0.1412000000000001,0.0228,0.050800000000000005,456774636701154.562500
0.14121000000000006,0.0204,0.055600000000000004,456774636701154.562500
0.14122,0.0228,0.0572,456774636701154.562500
0.14123000000000008,0.0212,0.056400000000000006,456774636701154.562500
0.14124000000000003,0.0228,0.056400000000000006,456774636701154.562500
0.1412500000000001,0.0244,0.0524,456774636701154.562500
0.14126000000000005,0.0236,0.0572,456774636701154.562500
0.14127,0.0244,0.0548,456774636701154.562500
0.14128000000000007,0.0236,0.0572,456774636701154.562500
0.14129000000000003,0.0236,0.055600000000000004,456774636701154.562500
0.1413000000000001,0.0244,0.05,456774636701154.562500
0.14131000000000005,0.0252,0.0476,456774636701154.562500
0.14132,0.0244,0.0492,456774636701154.562500
0.14133000000000007,0.0236,0.0492,456774636701154.562500
0.14134000000000002,0.0244,0.0492,456774636701154.562500
0.1413500000000001,0.0244,0.054,456774636701154.562500
0.14136000000000004,0.0236,0.0516,456774636701154.562500
0.1413700000000001,0.0228,0.053200000000000004,456774636701154.562500
0.14138000000000006,0.0236,0.054,456774636701154.562500
0.14139000000000002,0.022000000000000002,0.054,456774636701154.562500
0.14140000000000008,0.0228,0.0524,456774636701154.562500
0.14141000000000004,0.0204,0.053200000000000004,456774636701154.562500
0.1414200000000001,0.0204,0.056400000000000006,456774636701154.562500
0.14143000000000006,0.0212,0.058,456774636701154.562500
0.14144,0.0196,0.056400000000000006,456774636701154.562500
0.14145000000000008,0.022000000000000002,0.0572,456774636701154.562500
0.14146000000000003,0.0228,0.0548,456774636701154.562500
0.1414700000000001,0.0228,0.0548,456774636701154.562500
0.14148000000000005,0.0212,0.056400000000000006,456774636701154.562500
0.14149,0.0228,0.0572,456774636701154.562500
0.14150000000000007,0.0236,0.056400000000000006,456774636701154.562500
0.14151000000000002,0.022000000000000002,0.058,456774636701154.562500
0.1415200000000001,0.0212,0.0548,456774636701154.562500
0.14153000000000004,0.022000000000000002,0.0548,456774636701154.562500
0.14154,0.0236,0.0492,456774636701154.562500
0.14155000000000006,0.022000000000000002,0.046,456774636701154.562500
0.14156000000000002,0.0244,0.0444,456774636701154.562500
0.14157000000000008,0.022000000000000002,0.0548,456774636701154.562500
0.14158000000000004,0.0236,0.055600000000000004,456774636701154.562500
0.1415900000000001,0.026000000000000002,0.0572,456774636701154.562500
0.14160000000000006,0.0244,0.055600000000000004,456774636701154.562500
0.14161,0.0244,0.054,456774636701154.562500
0.14162000000000008,0.0252,0.056400000000000006,456774636701154.562500
0.14163000000000003,0.0252,0.056400000000000006,456774636701154.562500
0.1416400000000001,0.0236,0.055600000000000004,456774636701154.562500
0.14165000000000005,0.0252,0.055600000000000004,456774636701154.562500
0.14166,0.0244,0.0516,456774636701154.562500
0.14167000000000007,0.0244,0.0548,456774636701154.562500
0.14168000000000003,0.0236,0.048400000000000006,456774636701154.562500
0.1416900000000001,0.0212,0.0548,456774636701154.562500
0.14170000000000005,0.0236,0.056400000000000006,456774636701154.562500
0.14171,0.0228,0.056400000000000006,456774636701154.562500
0.14172000000000007,0.022000000000000002,0.056400000000000006,456774636701154.562500
0.14173000000000002,0.0228,0.056400000000000006,456774636701154.562500
0.1417400000000001,0.0228,0.056400000000000006,456774636701154.562500
0.14175000000000004,0.0196,0.056400000000000006,456774636701154.562500
0.14176,0.0212,0.0572,456774636701154.562500
0.14177000000000006,0.022000000000000002,0.055600000000000004,456774636701154.562500
0.14178000000000002,0.0196,0.056400000000000006,456774636701154.562500
0.14179000000000008,0.0188,0.053200000000000004,456774636701154.562500
0.14180000000000004,0.0196,0.058,456774636701154.562500
0.1418100000000001,0.0228,0.058,456774636701154.562500
0.14182000000000006,0.022000000000000002,0.055600000000000004,456774636701154.562500
0.14183,0.0236,0.056400000000000006,456774636701154.562500
0.14184000000000008,0.022000000000000002,0.0572,456774636701154.562500
0.14185000000000003,0.0236,0.056400000000000006,456774636701154.562500
0.1418600000000001,0.0236,0.055600000000000004,456774636701154.562500
0.14187000000000005,0.0228,0.058,456774636701154.562500
0.14188,0.0244,0.0572,456774636701154.562500
0.14189000000000007,0.0252,0.055600000000000004,456774636701154.562500
0.14190000000000003,0.0236,0.0572,456774636701154.562500
0.1419100000000001,0.022000000000000002,0.056400000000000006,456774636701154.562500
0.14192000000000005,0.0244,0.058,456774636701154.562500
0.14193,0.0228,0.0548,456774636701154.562500
0.14194000000000007,0.0228,0.058800000000000005,456774636701154.562500
0.14195000000000002,0.0252,0.0572,456774636701154.562500
0.14196000000000009,0.0236,0.056400000000000006,456774636701154.562500
0.14197000000000004,0.0244,0.0548,456774636701154.562500
0.1419800000000001,0.0244,0.056400000000000006,456774636701154.562500
0.14199000000000006,0.0244,0.0548,456774636701154.562500
0.14200000000000002,0.0244,0.055600000000000004,456774636701154.562500
0.14201000000000008,0.022000000000000002,0.055600000000000004,456774636701154.562500
0.14202000000000004,0.0228,0.056400000000000006,456774636701154.562500
0.1420300000000001,0.0228,0.0548,456774636701154.562500
0.14204000000000006,0.0212,0.0516,456774636701154.562500
0.14205,0.0212,0.0572,456774636701154.562500
0.14206000000000008,0.0212,0.055600000000000004,456774636701154.562500
0.14207000000000003,0.0212,0.056400000000000006,456774636701154.562500
0.1420800000000001,0.0236,0.056400000000000006,456774636701154.562500
0.14209000000000005,0.0212,0.054,456774636701154.562500
0.1421,0.022000000000000002,0.0524,456774636701154.562500
0.14211000000000007,0.022000000000000002,0.055600000000000004,456774636701154.562500
0.14212000000000002,0.0212,0.055600000000000004,456774636701154.562500
0.1421300000000001,0.0228,0.0548,456774636701154.562500
0.14214000000000004,0.0212,0.0516,456774636701154.562500
0.14215,0.0236,0.0572,456774636701154.562500
0.14216000000000006,0.0212,0.056400000000000006,456774636701154.562500
0.14217000000000002,0.022000000000000002,0.058,456774636701154.562500
0.14218000000000008,0.014,0.055600000000000004,456774636701154.562500
0.14219000000000004,0.014,0.0548,456774636701154.562500
0.1422000000000001,0.012400000000000001,0.053200000000000004,456774636701154.562500
0.14221000000000006,0.0148,0.042800000000000005,456774636701154.562500
0.14222,0.0164,0.05,456774636701154.562500
0.14223000000000008,0.018000000000000002,0.0516,456774636701154.562500
0.14224000000000003,0.0148,0.056400000000000006,456774636701154.562500
0.1422500000000001,0.0196,0.053200000000000004,456774636701154.562500
0.14226000000000005,0.0228,0.0548,456774636701154.562500
0.14227,0.0244,0.053200000000000004,456774636701154.562500
0.14228000000000007,0.0204,0.055600000000000004,456774636701154.562500
0.14229000000000003,0.0228,0.0524,456774636701154.562500
0.1423000000000001,0.0212,0.055600000000000004,456774636701154.562500
0.14231000000000005,0.022000000000000002,0.0572,456774636701154.562500
0.14232,0.018000000000000002,0.055600000000000004,456774636701154.562500
0.14233000000000007,0.0228,0.0548,456774636701154.562500
0.14234000000000002,0.022000000000000002,0.0516,456774636701154.562500
0.1423500000000001,0.022000000000000002,0.050800000000000005,456774636701154.562500
0.14236000000000004,0.0212,0.055600000000000004,456774636701154.562500
0.1423700000000001,0.022000000000000002,0.0524,456774636701154.562500
0.14238000000000006,0.0188,0.0548,456774636701154.562500
0.14239000000000002,0.0212,0.055600000000000004,456774636701154.562500
0.14240000000000008,0.0196,0.056400000000000006,456774636701154.562500
0.14241000000000004,0.0212,0.058,456774636701154.562500
0.1424200000000001,0.0228,0.056400000000000006,456774636701154.562500
0.14243000000000006,0.022000000000000002,0.055600000000000004,456774636701154.562500
0.14244,0.022000000000000002,0.0548,456774636701154.562500
0.14245000000000008,0.0244,0.056400000000000006,456774636701154.562500
0.14246000000000003,0.022000000000000002,0.058800000000000005,456774636701154.562500
0.1424700000000001,0.0236,0.0572,456774636701154.562500
0.14248000000000005,0.022000000000000002,0.056400000000000006,456774636701154.562500
0.14249,0.0244,0.0596,456774636701154.562500
0.14250000000000007,0.0252,0.058,456774636701154.562500
0.14251000000000003,0.0244,0.056400000000000006,456774636701154.562500
0.1425200000000001,0.0228,0.055600000000000004,456774636701154.562500
0.14253000000000005,0.0244,0.056400000000000006,456774636701154.562500
0.14254,0.022000000000000002,0.054,456774636701154.562500
0.14255000000000007,0.0236,0.054,456774636701154.562500
0.14256000000000002,0.0236,0.0572,456774636701154.562500
0.14257000000000009,0.0236,0.058,456774636701154.562500
0.14258000000000004,0.022000000000000002,0.0548,456774636701154.562500
0.1425900000000001,0.0228,0.055600000000000004,456774636701154.562500
0.14260000000000006,0.0228,0.056400000000000006,456774636701154.562500
0.14261000000000001,0.0236,0.0548,456774636701154.562500
0.14262000000000008,0.0236,0.0548,456774636701154.562500
0.14263000000000003,0.0236,0.056400000000000006,456774636701154.562500
0.1426400000000001,0.0228,0.0572,456774636701154.562500
0.14265000000000005,0.022000000000000002,0.058800000000000005,456774636701154.562500
0.14266,0.0228,0.0548,456774636701154.562500
0.14267000000000007,0.022000000000000002,0.055600000000000004,456774636701154.562500
0.14268000000000003,0.022000000000000002,0.056400000000000006,456774636701154.562500
0.1426900000000001,0.022000000000000002,0.05,456774636701154.562500
0.14270000000000005,0.0244,0.050800000000000005,456774636701154.562500
0.14271,0.022000000000000002,0.050800000000000005,456774636701154.562500
0.14272000000000007,0.022000000000000002,0.056400000000000006,456774636701154.562500
0.14273000000000002,0.022000000000000002,0.056400000000000006,456774636701154.562500
0.1427400000000001,0.0228,0.054,456774636701154.562500
0.14275000000000004,0.0228,0.055600000000000004,456774636701154.562500
0.14276,0.022000000000000002,0.0516,456774636701154.562500
0.14277000000000006,0.0244,0.0548,456774636701154.562500
0.14278000000000002,0.0228,0.0476,456774636701154.562500
0.14279000000000008,0.0244,0.0548,456774636701154.562500
0.14280000000000004,0.0236,0.055600000000000004,456774636701154.562500
0.1428100000000001,0.0244,0.054,456774636701154.562500
0.14282000000000006,0.0236,0.0548,456774636701154.562500
0.14283,0.022000000000000002,0.0548,456774636701154.562500
0.14284000000000008,0.0228,0.0572,456774636701154.562500
0.14285000000000003,0.0236,0.056400000000000006,456774636701154.562500
0.1428600000000001,0.0228,0.0524,456774636701154.562500
0.14287000000000005,0.0236,0.056400000000000006,456774636701154.562500
0.14288,0.0204,0.0548,456774636701154.562500
0.14289000000000007,0.0236,0.058,456774636701154.562500
0.14290000000000003,0.0228,0.056400000000000006,456774636701154.562500
0.1429100000000001,0.0228,0.056400000000000006,456774636701154.562500
0.14292000000000005,0.022000000000000002,0.054,456774636701154.562500
0.14293,0.0244,0.056400000000000006,456774636701154.562500
0.14294000000000007,0.0236,0.058,456774636701154.562500
0.14295000000000002,0.0212,0.055600000000000004,456774636701154.562500
0.1429600000000001,0.0236,0.058,456774636701154.562500
0.14297000000000004,0.0228,0.0476,456774636701154.562500
0.1429800000000001,0.022000000000000002,0.0548,456774636701154.562500
0.14299000000000006,0.0196,0.056400000000000006,456774636701154.562500
0.14300000000000002,0.022000000000000002,0.0572,456774636701154.562500
0.14301000000000008,0.0204,0.055600000000000004,456774636701154.562500
0.14302000000000004,0.0228,0.056400000000000006,456774636701154.562500
0.1430300000000001,0.0212,0.056400000000000006,456774636701154.562500
0.14304000000000006,0.0228,0.055600000000000004,456774636701154.562500
0.14305,0.0236,0.055600000000000004,456774636701154.562500
0.14306000000000008,0.022000000000000002,0.058,456774636701154.562500
0.14307000000000003,0.0204,0.056400000000000006,456774636701154.562500
0.1430800000000001,0.0236,0.0572,456774636701154.562500
0.14309000000000005,0.0244,0.056400000000000006,456774636701154.562500
0.1431,0.0252,0.058,456774636701154.562500
0.14311000000000007,0.0236,0.058,456774636701154.562500
0.14312000000000002,0.026000000000000002,0.0572,456774636701154.562500
0.1431300000000001,0.0252,0.055600000000000004,456774636701154.562500
0.14314000000000004,0.0244,0.055600000000000004,456774636701154.562500
0.14315,0.0236,0.058,456774636701154.562500
0.14316000000000006,0.0236,0.0572,456774636701154.562500
0.14317000000000002,0.0252,0.0572,456774636701154.562500
0.14318000000000008,0.0244,0.056400000000000006,456774636701154.562500
0.14319000000000004,0.0244,0.0572,456774636701154.562500
0.1432000000000001,0.0228,0.058,456774636701154.562500
0.14321000000000006,0.0236,0.054,456774636701154.562500
0.14322000000000001,0.0236,0.054,456774636701154.562500
0.14323000000000008,0.0228,0.050800000000000005,456774636701154.562500
0.14324000000000003,0.0228,0.0572,456774636701154.562500
0.1432500000000001,0.0236,0.0572,456774636701154.562500
0.14326000000000005,0.0212,0.0548,456774636701154.562500
0.14327,0.0228,0.0524,456774636701154.562500
0.14328000000000007,0.0228,0.0476,456774636701154.562500
0.14329000000000003,0.022000000000000002,0.050800000000000005,456774636701154.562500
0.1433000000000001,0.0212,0.05,456774636701154.562500
0.14331000000000005,0.022000000000000002,0.042800000000000005,456774636701154.562500
0.14332,0.0212,0.042,456774636701154.562500
0.14333000000000007,0.0212,0.0524,456774636701154.562500
0.14334000000000002,0.0236,0.0572,456774636701154.562500
0.1433500000000001,0.0228,0.055600000000000004,456774636701154.562500
0.14336000000000004,0.0228,0.056400000000000006,456774636701154.562500
0.14337,0.0236,0.055600000000000004,456774636701154.562500
0.14338000000000006,0.0228,0.056400000000000006,456774636701154.562500
0.14339000000000002,0.0188,0.058,456774636701154.562500
0.14340000000000008,0.0236,0.055600000000000004,456774636701154.562500
0.14341000000000004,0.0244,0.058,456774636701154.562500
0.1434200000000001,0.0252,0.054,456774636701154.562500
0.14343000000000006,0.0244,0.058,456774636701154.562500
0.14344,0.0236,0.056400000000000006,456774636701154.562500
0.14345000000000008,0.0228,0.055600000000000004,456774636701154.562500
0.14346000000000003,0.0236,0.056400000000000006,456774636701154.562500
0.1434700000000001,0.0228,0.0572,456774636701154.562500
0.14348000000000005,0.018000000000000002,0.055600000000000004,456774636701154.562500
0.14349,0.0236,0.0572,456774636701154.562500
0.14350000000000007,0.022000000000000002,0.056400000000000006,456774636701154.562500
0.14351000000000003,0.022000000000000002,0.056400000000000006,456774636701154.562500
0.1435200000000001,0.0236,0.058,456774636701154.562500
0.14353000000000005,0.022000000000000002,0.0492,456774636701154.562500
0.14354,0.022000000000000002,0.0572,456774636701154.562500
0.14355000000000007,0.0236,0.054,456774636701154.562500
0.14356000000000002,0.022000000000000002,0.056400000000000006,456774636701154.562500
0.1435700000000001,0.0212,0.055600000000000004,456774636701154.562500
0.14358000000000004,0.022000000000000002,0.055600000000000004,456774636701154.562500
0.1435900000000001,0.0212,0.056400000000000006,456774636701154.562500
0.14360000000000006,0.0212,0.056400000000000006,456774636701154.562500
0.14361000000000002,0.0196,0.055600000000000004,456774636701154.562500
0.14362000000000008,0.022000000000000002,0.056400000000000006,456774636701154.562500
0.14363000000000004,0.022000000000000002,0.055600000000000004,456774636701154.562500
0.1436400000000001,0.0236,0.055600000000000004,456774636701154.562500
0.14365000000000006,0.0228,0.056400000000000006,456774636701154.562500
0.14366,0.0212,0.055600000000000004,456774636701154.562500
0.14367000000000008,0.0236,0.056400000000000006,456774636701154.562500
0.14368000000000003,0.0236,0.0524,456774636701154.562500
0.1436900000000001,0.0228,0.056400000000000006,456774636701154.562500
0.14370000000000005,0.0244,0.058,456774636701154.562500
0.14371,0.0228,0.056400000000000006,456774636701154.562500
0.14372000000000007,0.0236,0.0548,456774636701154.562500
0.14373000000000002,0.0188,0.0572,456774636701154.562500
0.1437400000000001,0.0196,0.055600000000000004,456774636701154.562500
0.14375000000000004,0.0204,0.0548,456774636701154.562500
0.14376,0.022000000000000002,0.0572,456774636701154.562500
0.14377000000000006,0.0228,0.056400000000000006,456774636701154.562500
0.14378000000000002,0.0196,0.0548,456774636701154.562500
0.14379000000000008,0.0212,0.056400000000000006,456774636701154.562500
0.14380000000000004,0.0244,0.0572,456774636701154.562500
0.1438100000000001,0.0228,0.056400000000000006,456774636701154.562500
0.14382000000000006,0.022000000000000002,0.056400000000000006,456774636701154.562500
0.14383,0.0236,0.056400000000000006,456774636701154.562500
0.14384000000000008,0.022000000000000002,0.0572,456774636701154.562500
0.14385000000000003,0.0228,0.056400000000000006,456774636701154.562500
0.1438600000000001,0.022000000000000002,0.056400000000000006,456774636701154.562500
0.14387000000000005,0.0236,0.0572,456774636701154.562500
0.14388,0.0228,0.055600000000000004,456774636701154.562500
0.14389000000000007,0.022000000000000002,0.055600000000000004,456774636701154.562500
0.14390000000000003,0.022000000000000002,0.055600000000000004,456774636701154.562500
0.1439100000000001,0.022000000000000002,0.0572,456774636701154.562500
0.14392000000000005,0.022000000000000002,0.055600000000000004,456774636701154.562500
0.14393,0.0212,0.0572,456774636701154.562500
0.14394000000000007,0.0228,0.056400000000000006,456774636701154.562500
0.14395000000000002,0.0236,0.0548,456774636701154.562500
0.1439600000000001,0.022000000000000002,0.0548,456774636701154.562500
0.14397000000000004,0.022000000000000002,0.056400000000000006,456774636701154.562500
0.1439800000000001,0.0212,0.0572,456774636701154.562500
0.14399000000000006,0.0236,0.058,456774636701154.562500
0.14400000000000002,0.0236,0.056400000000000006,456774636701154.562500
0.14401000000000008,0.0188,0.058,456774636701154.562500
0.14402000000000004,0.0204,0.0572,456774636701154.562500
0.1440300000000001,0.0164,0.055600000000000004,456774636701154.562500
0.14404000000000006,0.0228,0.0572,456774636701154.562500
0.14405,0.018000000000000002,0.0548,456774636701154.562500
0.14406000000000008,0.0236,0.0572,456774636701154.562500
0.14407000000000003,0.022000000000000002,0.0516,456774636701154.562500
0.1440800000000001,0.0236,0.055600000000000004,456774636701154.562500
0.14409000000000005,0.0236,0.054,456774636701154.562500
0.1441,0.0196,0.055600000000000004,456774636701154.562500
0.14411000000000007,0.0236,0.056400000000000006,456774636701154.562500
0.14412000000000003,0.0228,0.056400000000000006,456774636701154.562500
0.1441300000000001,0.0228,0.0516,456774636701154.562500
0.14414000000000005,0.0196,0.0524,456774636701154.562500
0.14415,0.022000000000000002,0.050800000000000005,456774636701154.562500
0.14416000000000007,0.0196,0.056400000000000006,456774636701154.562500
0.14417000000000002,0.0212,0.048400000000000006,456774636701154.562500
0.14418000000000009,0.0228,0.056400000000000006,456774636701154.562500
0.14419000000000004,0.0204,0.058800000000000005,456774636701154.562500
0.1442000000000001,0.0244,0.056400000000000006,456774636701154.562500
0.14421000000000006,0.018000000000000002,0.055600000000000004,456774636701154.562500
0.14422000000000001,0.0236,0.0572,456774636701154.562500
0.14423000000000008,0.0236,0.0548,456774636701154.562500
0.14424000000000003,0.0228,0.056400000000000006,456774636701154.562500
0.1442500000000001,0.0228,0.054,456774636701154.562500
0.14426000000000005,0.0212,0.056400000000000006,456774636701154.562500
0.14427,0.0228,0.056400000000000006,456774636701154.562500
0.14428000000000007,0.0236,0.056400000000000006,456774636701154.562500
0.14429000000000003,0.0228,0.0572,456774636701154.562500
0.1443000000000001,0.0228,0.0548,456774636701154.562500
0.14431000000000005,0.0236,0.0572,456774636701154.562500
0.14432,0.0236,0.056400000000000006,456774636701154.562500
0.14433000000000007,0.0244,0.058,456774636701154.562500
0.14434000000000002,0.026000000000000002,0.058,456774636701154.562500
0.1443500000000001,0.0244,0.0572,456774636701154.562500
0.14436000000000004,0.0252,0.056400000000000006,456774636701154.562500
0.14437,0.0244,0.0524,456774636701154.562500
0.14438000000000006,0.0252,0.056400000000000006,456774636701154.562500
0.14439000000000002,0.0244,0.0548,456774636701154.562500
0.14440000000000008,0.0236,0.0516,456774636701154.562500
0.14441000000000004,0.0244,0.055600000000000004,456774636701154.562500
0.1444200000000001,0.0212,0.055600000000000004,456774636701154.562500
0.14443000000000006,0.0228,0.0572,456774636701154.562500
0.14444,0.0212,0.055600000000000004,456774636701154.562500
0.14445000000000008,0.022000000000000002,0.0548,456774636701154.562500
0.14446000000000003,0.022000000000000002,0.056400000000000006,456774636701154.562500
0.1444700000000001,0.022000000000000002,0.0572,456774636701154.562500
0.14448000000000005,0.0212,0.0516,456774636701154.562500
0.14449,0.022000000000000002,0.056400000000000006,456774636701154.562500
0.14450000000000007,0.022000000000000002,0.056400000000000006,456774636701154.562500
0.14451000000000003,0.022000000000000002,0.058,456774636701154.562500
0.1445200000000001,0.022000000000000002,0.056400000000000006,456774636701154.562500
0.14453000000000005,0.0236,0.056400000000000006,456774636701154.562500
0.14454,0.0228,0.056400000000000006,456774636701154.562500
0.14455000000000007,0.022000000000000002,0.055600000000000004,456774636701154.562500
0.14456000000000002,0.0228,0.056400000000000006,456774636701154.562500
0.1445700000000001,0.0228,0.0548,456774636701154.562500
0.14458000000000004,0.0244,0.0572,456774636701154.562500
0.1445900000000001,0.022000000000000002,0.054,456774636701154.562500
0.14460000000000006,0.0244,0.0572,456774636701154.562500
0.14461000000000002,0.0236,0.055600000000000004,456774636701154.562500
0.14462000000000008,0.0236,0.058,456774636701154.562500
0.14463000000000004,0.0244,0.054,456774636701154.562500
0.1446400000000001,0.0236,0.058,456774636701154.562500
0.14465000000000006,0.022000000000000002,0.0572,456774636701154.562500
0.14466,0.0252,0.055600000000000004,456774636701154.562500
0.14467000000000008,0.0244,0.056400000000000006,456774636701154.562500
0.14468000000000003,0.0228,0.0524,456774636701154.562500
0.1446900000000001,0.0228,0.056400000000000006,456774636701154.562500
0.14470000000000005,0.0252,0.0572,456774636701154.562500
0.14471,0.0204,0.055600000000000004,456774636701154.562500
0.14472000000000007,0.022000000000000002,0.053200000000000004,456774636701154.562500
0.14473000000000003,0.0196,0.055600000000000004,456774636701154.562500
0.1447400000000001,0.0196,0.056400000000000006,456774636701154.562500
0.14475000000000005,0.0188,0.0572,456774636701154.562500
0.14476,0.0196,0.055600000000000004,456774636701154.562500
0.14477000000000007,0.015600000000000001,0.058,456774636701154.562500
0.14478000000000002,0.0164,0.055600000000000004,456774636701154.562500
0.14479000000000009,0.0164,0.058,456774636701154.562500
0.14480000000000004,0.0196,0.056400000000000006,456774636701154.562500
0.1448100000000001,0.015600000000000001,0.0572,456774636701154.562500
0.14482000000000006,0.0204,0.054,456774636701154.562500
0.14483000000000001,0.014,0.0548,456774636701154.562500
0.14484000000000008,0.0188,0.050800000000000005,456774636701154.562500
0.14485000000000003,0.0188,0.056400000000000006,456774636701154.562500
0.1448600000000001,0.0228,0.053200000000000004,456774636701154.562500
0.14487000000000005,0.0228,0.0572,456774636701154.562500
0.14488,0.0236,0.054,456774636701154.562500
0.14489000000000007,0.0252,0.054,456774636701154.562500
0.14490000000000003,0.0228,0.0572,456774636701154.562500
0.1449100000000001,0.0228,0.055600000000000004,456774636701154.562500
0.14492000000000005,0.0228,0.054,456774636701154.562500
0.14493,0.0212,0.056400000000000006,456774636701154.562500
0.14494000000000007,0.0212,0.056400000000000006,456774636701154.562500
0.14495000000000002,0.0252,0.054,456774636701154.562500
0.1449600000000001,0.0252,0.0524,456774636701154.562500
0.14497000000000004,0.0244,0.0572,456774636701154.562500
0.14498,0.0228,0.0572,456774636701154.562500
0.14499000000000006,0.026000000000000002,0.056400000000000006,456774636701154.562500
0.14500000000000002,0.0244,0.058,456774636701154.562500
0.14501000000000008,0.022000000000000002,0.058,456774636701154.562500
0.14502000000000004,0.0228,0.056400000000000006,456774636701154.562500
0.1450300000000001,0.022000000000000002,0.0524,456774636701154.562500
0.14504000000000006,0.0212,0.0548,456774636701154.562500
0.14505,0.0228,0.053200000000000004,456774636701154.562500
0.14506000000000008,0.022000000000000002,0.050800000000000005,456774636701154.562500
0.14507000000000003,0.0228,0.0468,456774636701154.562500
0.1450800000000001,0.0212,0.0548,456774636701154.562500
0.14509000000000005,0.0236,0.0516,456774636701154.562500
0.1451,0.0188,0.0572,456774636701154.562500
0.14511000000000007,0.022000000000000002,0.055600000000000004,456774636701154.562500
0.14512000000000003,0.0204,0.055600000000000004,456774636701154.562500
0.1451300000000001,0.022000000000000002,0.0524,456774636701154.562500
0.14514000000000005,0.0196,0.0516,456774636701154.562500
0.14515,0.022000000000000002,0.05,456774636701154.562500
0.14516000000000007,0.0196,0.055600000000000004,456774636701154.562500
0.14517000000000002,0.026000000000000002,0.056400000000000006,456774636701154.562500
0.1451800000000001,0.022000000000000002,0.058,456774636701154.562500
0.14519000000000004,0.022000000000000002,0.0548,456774636701154.562500
0.1452000000000001,0.022000000000000002,0.0572,456774636701154.562500
0.14521000000000006,0.0236,0.054,456774636701154.562500
0.14522000000000002,0.0244,0.056400000000000006,456774636701154.562500
0.14523000000000008,0.0252,0.056400000000000006,456774636701154.562500
0.14524000000000004,0.0236,0.0572,456774636701154.562500
0.1452500000000001,0.0236,0.0548,456774636701154.562500
0.14526000000000006,0.0252,0.056400000000000006,456774636701154.562500
0.14527,0.0244,0.053200000000000004,456774636701154.562500
0.14528000000000008,0.0244,0.055600000000000004,456774636701154.562500
0.14529000000000003,0.0244,0.056400000000000006,456774636701154.562500
0.1453000000000001,0.0236,0.05,456774636701154.562500
0.14531000000000005,0.0188,0.056400000000000006,456774636701154.562500
0.14532,0.0236,0.0516,456774636701154.562500
0.14533000000000007,0.0188,0.055600000000000004,456774636701154.562500
0.14534000000000002,0.0244,0.0524,456774636701154.562500
0.1453500000000001,0.0228,0.056400000000000006,456774636701154.562500
0.14536000000000004,0.0244,0.055600000000000004,456774636701154.562500
0.14537,0.0212,0.0516,456774636701154.562500
0.14538000000000006,0.0196,0.055600000000000004,456774636701154.562500
0.14539000000000002,0.0196,0.0524,456774636701154.562500
0.14540000000000008,0.0212,0.056400000000000006,456774636701154.562500
0.14541000000000004,0.0204,0.0516,456774636701154.562500
0.1454200000000001,0.0212,0.056400000000000006,456774636701154.562500
0.14543000000000006,0.0188,0.055600000000000004,456774636701154.562500
0.14544,0.0212,0.0548,456774636701154.562500
0.14545000000000008,0.0228,0.056400000000000006,456774636701154.562500
0.14546000000000003,0.0244,0.0548,456774636701154.562500
0.1454700000000001,0.0228,0.055600000000000004,456774636701154.562500
0.14548000000000005,0.0228,0.056400000000000006,456774636701154.562500
0.14549,0.0188,0.054,456774636701154.562500
0.14550000000000007,0.0212,0.056400000000000006,456774636701154.562500
0.14551000000000003,0.0228,0.055600000000000004,456774636701154.562500
0.1455200000000001,0.0236,0.053200000000000004,456774636701154.562500
0.14553000000000005,0.0204,0.053200000000000004,456774636701154.562500
0.14554,0.0244,0.0572,456774636701154.562500
0.14555000000000007,0.0244,0.0548,456774636701154.562500
0.14556000000000002,0.0244,0.056400000000000006,456774636701154.562500
0.1455700000000001,0.0244,0.055600000000000004,456774636701154.562500
0.14558000000000004,0.022000000000000002,0.056400000000000006,456774636701154.562500
0.1455900000000001,0.0228,0.054,456774636701154.562500
0.14560000000000006,0.0236,0.056400000000000006,456774636701154.562500
0.14561000000000002,0.0236,0.055600000000000004,456774636701154.562500
0.14562000000000008,0.0252,0.055600000000000004,456774636701154.562500
0.14563000000000004,0.0228,0.055600000000000004,456774636701154.562500
0.1456400000000001,0.022000000000000002,0.055600000000000004,456774636701154.562500
0.14565000000000006,0.0188,0.056400000000000006,456774636701154.562500
0.14566,0.0236,0.054,456774636701154.562500
0.14567000000000008,0.0212,0.058,456774636701154.562500
0.14568000000000003,0.022000000000000002,0.053200000000000004,456774636701154.562500
0.1456900000000001,0.022000000000000002,0.056400000000000006,456774636701154.562500
0.14570000000000005,0.0236,0.054,456774636701154.562500
0.14571,0.0204,0.055600000000000004,456774636701154.562500
0.14572000000000007,0.022000000000000002,0.054,456774636701154.562500
0.14573000000000003,0.0188,0.058,456774636701154.562500
0.1457400000000001,0.0212,0.0548,456774636701154.562500
0.14575000000000005,0.0172,0.0572,456774636701154.562500
0.14576,0.014,0.054,456774636701154.562500
0.14577000000000007,0.0196,0.055600000000000004,456774636701154.562500
0.14578000000000002,0.0204,0.0524,456774636701154.562500
0.1457900000000001,0.0204,0.055600000000000004,456774636701154.562500
0.14580000000000004,0.0204,0.053200000000000004,456774636701154.562500
0.1458100000000001,0.0204,0.05,456774636701154.562500
0.14582000000000006,0.018000000000000002,0.058800000000000005,456774636701154.562500
0.14583000000000002,0.0164,0.048400000000000006,456774636701154.562500
0.14584000000000008,0.0172,0.055600000000000004,456774636701154.562500
0.14585000000000004,0.0204,0.0548,456774636701154.562500
0.1458600000000001,0.0164,0.0572,456774636701154.562500
0.14587000000000006,0.022000000000000002,0.058,456774636701154.562500
0.14588,0.0228,0.056400000000000006,456774636701154.562500
0.14589000000000008,0.0244,0.050800000000000005,456774636701154.562500
0.14590000000000003,0.0252,0.055600000000000004,456774636701154.562500
0.1459100000000001,0.0196,0.050800000000000005,456774636701154.562500
0.14592000000000005,0.0204,0.0468,456774636701154.562500
0.14593,0.018000000000000002,0.0324,456774636701154.562500
0.14594000000000007,0.0188,0.0572,456774636701154.562500
0.14595000000000002,0.0148,0.056400000000000006,456774636701154.562500
0.1459600000000001,0.0188,0.056400000000000006,456774636701154.562500
0.14597000000000004,0.022000000000000002,0.0572,456774636701154.562500
0.14598,0.0228,0.056400000000000006,456774636701154.562500
0.14599000000000006,0.0188,0.053200000000000004,456774636701154.562500
0.14600000000000002,0.022000000000000002,0.053200000000000004,456774636701154.562500
0.14601000000000008,0.0204,0.0572,456774636701154.562500
0.14602000000000004,0.022000000000000002,0.055600000000000004,456774636701154.562500
0.1460300000000001,0.0188,0.056400000000000006,456774636701154.562500
0.14604000000000006,0.022000000000000002,0.056400000000000006,456774636701154.562500
0.14605,0.0188,0.056400000000000006,456774636701154.562500
0.14606000000000008,0.0228,0.056400000000000006,456774636701154.562500
0.14607000000000003,0.022000000000000002,0.0524,456774636701154.562500
0.1460800000000001,0.0228,0.056400000000000006,456774636701154.562500
0.14609000000000005,0.022000000000000002,0.056400000000000006,456774636701154.562500
0.1461,0.0204,0.056400000000000006,456774636701154.562500
0.14611000000000007,0.0236,0.056400000000000006,456774636701154.562500
0.14612000000000003,0.0204,0.056400000000000006,456774636701154.562500
0.1461300000000001,0.0236,0.056400000000000006,456774636701154.562500
0.14614000000000005,0.0244,0.0572,456774636701154.562500
0.14615,0.0244,0.0572,456774636701154.562500
0.14616000000000007,0.0212,0.0548,456774636701154.562500
0.14617000000000002,0.0236,0.0572,456774636701154.562500
0.1461800000000001,0.0204,0.050800000000000005,456774636701154.562500
0.14619000000000004,0.0252,0.055600000000000004,456774636701154.562500
0.1462000000000001,0.018000000000000002,0.053200000000000004,456774636701154.562500
0.14621000000000006,0.0236,0.0572,456774636701154.562500
0.14622000000000002,0.0172,0.053200000000000004,456774636701154.562500
0.14623000000000008,0.022000000000000002,0.055600000000000004,456774636701154.562500
0.14624000000000004,0.0212,0.0572,456774636701154.562500
0.1462500000000001,0.0228,0.0572,456774636701154.562500
0.14626000000000006,0.0236,0.0572,456774636701154.562500
0.14627,0.0228,0.0516,456774636701154.562500
0.14628000000000008,0.0228,0.0548,456774636701154.562500
0.14629000000000003,0.0244,0.055600000000000004,456774636701154.562500
0.1463000000000001,0.0204,0.0548,456774636701154.562500
0.14631000000000005,0.0196,0.054,456774636701154.562500
0.14632,0.0212,0.056400000000000006,456774636701154.562500
0.14633000000000007,0.022000000000000002,0.050800000000000005,456774636701154.562500
0.14634000000000003,0.0236,0.055600000000000004,456774636701154.562500
0.1463500000000001,0.0212,0.056400000000000006,456774636701154.562500
0.14636000000000005,0.022000000000000002,0.054,456774636701154.562500
0.14637,0.022000000000000002,0.0548,456774636701154.562500
0.14638000000000007,0.018000000000000002,0.056400000000000006,456774636701154.562500
0.14639000000000002,0.022000000000000002,0.0596,456774636701154.562500
0.14640000000000009,0.0228,0.0572,456774636701154.562500
0.14641000000000004,0.0236,0.058,456774636701154.562500
0.1464200000000001,0.022000000000000002,0.053200000000000004,456774636701154.562500
0.14643000000000006,0.022000000000000002,0.055600000000000004,456774636701154.562500
0.14644000000000001,0.0212,0.0476,456774636701154.562500
0.14645000000000008,0.0244,0.0516,456774636701154.562500
0.14646000000000003,0.0236,0.0468,456774636701154.562500
0.1464700000000001,0.0236,0.050800000000000005,456774636701154.562500
0.14648000000000005,0.0252,0.0476,456774636701154.562500
0.14649,0.0244,0.055600000000000004,456774636701154.562500
0.14650000000000007,0.0244,0.0436,456774636701154.562500
0.14651000000000003,0.0244,0.055600000000000004,456774636701154.562500
0.1465200000000001,0.0244,0.050800000000000005,456774636701154.562500
0.14653000000000005,0.0236,0.053200000000000004,456774636701154.562500
0.14654,0.0188,0.0444,456774636701154.562500
0.14655000000000007,0.0236,0.054,456774636701154.562500
0.14656000000000002,0.0196,0.05,456774636701154.562500
0.1465700000000001,0.0228,0.0572,456774636701154.562500
0.14658000000000004,0.0204,0.055600000000000004,456774636701154.562500
0.14659,0.0212,0.050800000000000005,456774636701154.562500
0.14660000000000006,0.0196,0.058,456774636701154.562500
0.14661000000000002,0.022000000000000002,0.0548,456774636701154.562500
0.14662000000000008,0.0212,0.055600000000000004,456774636701154.562500
0.14663000000000004,0.0236,0.0468,456774636701154.562500
0.1466400000000001,0.0212,0.0572,456774636701154.562500
0.14665000000000006,0.022000000000000002,0.0468,456774636701154.562500
0.14666,0.0188,0.055600000000000004,456774636701154.562500
0.14667000000000008,0.0204,0.045200000000000004,456774636701154.562500
0.14668000000000003,0.0228,0.056400000000000006,456774636701154.562500
0.1466900000000001,0.0196,0.056400000000000006,456774636701154.562500
0.14670000000000005,0.0172,0.0572,456774636701154.562500
0.14671,0.014,0.0468,456774636701154.562500
0.14672000000000007,0.0172,0.055600000000000004,456774636701154.562500
0.14673000000000003,0.0164,0.0548,456774636701154.562500
0.1467400000000001,0.0172,0.0516,456774636701154.562500
0.14675000000000005,0.018000000000000002,0.050800000000000005,456774636701154.562500
0.14676,0.022000000000000002,0.056400000000000006,456774636701154.562500
0.14677000000000007,0.022000000000000002,0.0516,456774636701154.562500
0.14678000000000002,0.0244,0.0572,456774636701154.562500
0.1467900000000001,0.0236,0.056400000000000006,456774636701154.562500
0.14680000000000004,0.026000000000000002,0.0572,456774636701154.562500
0.1468100000000001,0.0228,0.055600000000000004,456774636701154.562500
0.14682000000000006,0.0204,0.0492,456774636701154.562500
0.14683000000000002,0.0244,0.056400000000000006,456774636701154.562500
0.14684000000000008,0.0236,0.056400000000000006,456774636701154.562500
0.14685000000000004,0.0228,0.055600000000000004,456774636701154.562500
0.1468600000000001,0.0236,0.055600000000000004,456774636701154.562500
0.14687000000000006,0.0252,0.055600000000000004,456774636701154.562500
0.14688,0.0236,0.055600000000000004,456774636701154.562500
0.14689000000000008,0.022000000000000002,0.054,456774636701154.562500
0.14690000000000003,0.022000000000000002,0.056400000000000006,456774636701154.562500
0.1469100000000001,0.0212,0.0492,456774636701154.562500
0.14692000000000005,0.0236,0.055600000000000004,456774636701154.562500
0.14693,0.0212,0.0524,456774636701154.562500
0.14694000000000007,0.022000000000000002,0.053200000000000004,456774636701154.562500
0.14695000000000003,0.022000000000000002,0.055600000000000004,456774636701154.562500
0.1469600000000001,0.022000000000000002,0.056400000000000006,456774636701154.562500
0.14697000000000005,0.0228,0.0572,456774636701154.562500
0.14698,0.0228,0.056400000000000006,456774636701154.562500
0.14699000000000007,0.0212,0.058,456774636701154.562500
0.14700000000000002,0.0236,0.055600000000000004,456774636701154.562500
0.14701000000000009,0.0228,0.0572,456774636701154.562500
0.14702000000000004,0.0228,0.056400000000000006,456774636701154.562500
0.1470300000000001,0.022000000000000002,0.058,456774636701154.562500
0.14704000000000006,0.0244,0.055600000000000004,456774636701154.562500
0.14705000000000001,0.0236,0.055600000000000004,456774636701154.562500
0.14706000000000008,0.0236,0.0524,456774636701154.562500
0.14707000000000003,0.0244,0.0572,456774636701154.562500
0.1470800000000001,0.0252,0.0572,456774636701154.562500
0.14709000000000005,0.0244,0.055600000000000004,456774636701154.562500
0.1471,0.026000000000000002,0.058,456774636701154.562500
0.14711000000000007,0.0236,0.0548,456774636701154.562500
0.14712000000000003,0.0244,0.0524,456774636701154.562500
0.1471300000000001,0.0244,0.056400000000000006,456774636701154.562500
0.14714000000000005,0.0244,0.056400000000000006,456774636701154.562500
0.14715,0.022000000000000002,0.0516,456774636701154.562500
0.14716000000000007,0.022000000000000002,0.054,456774636701154.562500
0.14717000000000002,0.0228,0.056400000000000006,456774636701154.562500
0.1471800000000001,0.0236,0.055600000000000004,456774636701154.562500
0.14719000000000004,0.0212,0.0572,456774636701154.562500
0.1472,0.0204,0.0572,456774636701154.562500
0.14721000000000006,0.022000000000000002,0.0572,456774636701154.562500
0.14722000000000002,0.0196,0.0548,456774636701154.562500
0.14723000000000008,0.0212,0.056400000000000006,456774636701154.562500
0.14724000000000004,0.0188,0.058,456774636701154.562500
0.1472500000000001,0.0204,0.056400000000000006,456774636701154.562500
0.14726000000000006,0.0172,0.0548,456774636701154.562500
0.14727,0.022000000000000002,0.0572,456774636701154.562500
0.14728000000000008,0.0228,0.055600000000000004,456774636701154.562500
0.14729000000000003,0.0204,0.0572,456774636701154.562500
0.1473000000000001,0.022000000000000002,0.056400000000000006,456774636701154.562500
0.14731000000000005,0.0212,0.058,456774636701154.562500
0.14732,0.0236,0.058,456774636701154.562500
0.14733000000000007,0.0236,0.058,456774636701154.562500
0.14734000000000003,0.0236,0.0572,456774636701154.562500
0.1473500000000001,0.0244,0.0572,456774636701154.562500
0.14736000000000005,0.022000000000000002,0.0572,456774636701154.562500
0.14737,0.0228,0.0572,456774636701154.562500
0.14738000000000007,0.0228,0.056400000000000006,456774636701154.562500
0.14739000000000002,0.0244,0.054,456774636701154.562500
0.1474000000000001,0.0244,0.055600000000000004,456774636701154.562500
0.14741000000000004,0.0252,0.0572,456774636701154.562500
0.1474200000000001,0.0236,0.053200000000000004,456774636701154.562500
0.14743000000000006,0.0244,0.055600000000000004,456774636701154.562500
0.14744000000000002,0.0228,0.05,456774636701154.562500
0.14745000000000008,0.0204,0.056400000000000006,456774636701154.562500
0.14746000000000004,0.0204,0.054,456774636701154.562500
0.1474700000000001,0.022000000000000002,0.056400000000000006,456774636701154.562500
0.14748000000000006,0.0212,0.0572,456774636701154.562500
0.14749,0.014,0.058,456774636701154.562500
0.14750000000000008,0.0172,0.0548,456774636701154.562500
0.14751000000000003,0.018000000000000002,0.056400000000000006,456774636701154.562500
0.1475200000000001,0.0196,0.054,456774636701154.562500
0.14753000000000005,0.014,0.0572,456774636701154.562500
0.14754,0.022000000000000002,0.0548,456774636701154.562500
0.14755000000000007,0.0212,0.054,456774636701154.562500
0.14756000000000002,0.022000000000000002,0.058,456774636701154.562500
0.1475700000000001,0.022000000000000002,0.0548,456774636701154.562500
0.14758000000000004,0.0236,0.056400000000000006,456774636701154.562500
0.14759,0.0204,0.054,456774636701154.562500
0.14760000000000006,0.0212,0.054,456774636701154.562500
0.14761000000000002,0.022000000000000002,0.0572,456774636701154.562500
0.14762000000000008,0.022000000000000002,0.055600000000000004,456774636701154.562500
0.14763000000000004,0.0236,0.055600000000000004,456774636701154.562500
0.1476400000000001,0.0212,0.056400000000000006,456774636701154.562500
0.14765000000000006,0.0236,0.050800000000000005,456774636701154.562500
0.14766,0.0244,0.056400000000000006,456774636701154.562500
0.14767000000000008,0.0244,0.053200000000000004,456774636701154.562500
0.14768000000000003,0.0244,0.056400000000000006,456774636701154.562500
0.1476900000000001,0.0244,0.054,456774636701154.562500
0.14770000000000005,0.0236,0.0572,456774636701154.562500
0.14771,0.0236,0.056400000000000006,456774636701154.562500
0.14772000000000007,0.0228,0.056400000000000006,456774636701154.562500
0.14773000000000003,0.0236,0.055600000000000004,456774636701154.562500
0.1477400000000001,0.0236,0.050800000000000005,456774636701154.562500
0.14775000000000005,0.0244,0.050800000000000005,456774636701154.562500
0.14776,0.022000000000000002,0.055600000000000004,456774636701154.562500
0.14777000000000007,0.0204,0.0548,456774636701154.562500
0.14778000000000002,0.0196,0.0524,456774636701154.562500
0.1477900000000001,0.0236,0.055600000000000004,456774636701154.562500
0.14780000000000004,0.022000000000000002,0.054,456774636701154.562500
0.1478100000000001,0.0228,0.0516,456774636701154.562500
0.14782000000000006,0.022000000000000002,0.056400000000000006,456774636701154.562500
0.14783000000000002,0.0212,0.0572,456774636701154.562500
0.14784000000000008,0.0188,0.0572,456774636701154.562500
0.14785000000000004,0.018000000000000002,0.055600000000000004,456774636701154.562500
0.1478600000000001,0.018000000000000002,0.0476,456774636701154.562500
0.14787000000000006,0.0164,0.0476,456774636701154.562500
0.14788,0.0196,0.0476,456774636701154.562500
0.14789000000000008,0.0172,0.0548,456774636701154.562500
0.14790000000000003,0.022000000000000002,0.0516,456774636701154.562500
0.1479100000000001,0.0188,0.055600000000000004,456774636701154.562500
0.14792000000000005,0.0204,0.053200000000000004,456774636701154.562500
0.14793,0.018000000000000002,0.056400000000000006,456774636701154.562500
0.14794000000000007,0.0212,0.0548,456774636701154.562500
0.14795000000000003,0.0212,0.056400000000000006,456774636701154.562500
0.1479600000000001,0.0228,0.056400000000000006,456774636701154.562500
0.14797000000000005,0.0204,0.0524,456774636701154.562500
0.14798,0.0244,0.056400000000000006,456774636701154.562500
0.14799000000000007,0.026000000000000002,0.054,456774636701154.562500
0.14800000000000002,0.0228,0.0516,456774636701154.562500
0.14801000000000009,0.0212,0.056400000000000006,456774636701154.562500
0.14802000000000004,0.0244,0.053200000000000004,456774636701154.562500
0.1480300000000001,0.022000000000000002,0.058800000000000005,456774636701154.562500
0.14804000000000006,0.0228,0.05,456774636701154.562500
0.14805000000000001,0.0212,0.058,456774636701154.562500
0.14806000000000008,0.022000000000000002,0.0516,456774636701154.562500
0.14807000000000003,0.0236,0.055600000000000004,456774636701154.562500
0.1480800000000001,0.0212,0.055600000000000004,456774636701154.562500
0.14809000000000005,0.0228,0.0548,456774636701154.562500
0.1481,0.0212,0.0548,456774636701154.562500
0.14811000000000007,0.0236,0.056400000000000006,456774636701154.562500
0.14812000000000003,0.0204,0.056400000000000006,456774636701154.562500
0.1481300000000001,0.0212,0.0516,456774636701154.562500
0.14814000000000005,0.0204,0.0572,456774636701154.562500
0.14815,0.0244,0.05,456774636701154.562500
0.14816000000000007,0.0204,0.0572,456774636701154.562500
0.14817000000000002,0.0236,0.054,456774636701154.562500
0.1481800000000001,0.0204,0.0572,456774636701154.562500
0.14819000000000004,0.0196,0.058,456774636701154.562500
0.1482,0.0148,0.0468,456774636701154.562500
0.14821000000000006,0.0196,0.0476,456774636701154.562500
0.14822000000000002,0.0212,0.0436,456774636701154.562500
0.14823000000000008,0.0212,0.048400000000000006,456774636701154.562500
0.14824000000000004,0.0236,0.0492,456774636701154.562500
0.1482500000000001,0.0244,0.0492,456774636701154.562500
0.14826000000000006,0.0244,0.053200000000000004,456774636701154.562500
0.14827,0.0236,0.054,456774636701154.562500
0.14828000000000008,0.0236,0.056400000000000006,456774636701154.562500
0.14829000000000003,0.0252,0.0548,456774636701154.562500
0.1483000000000001,0.0244,0.0548,456774636701154.562500
0.14831000000000005,0.0244,0.056400000000000006,456774636701154.562500
0.14832,0.0228,0.0548,456774636701154.562500
0.14833000000000007,0.0252,0.056400000000000006,456774636701154.562500
0.14834000000000003,0.0228,0.0516,456774636701154.562500
0.1483500000000001,0.0244,0.0572,456774636701154.562500
0.14836000000000005,0.0228,0.056400000000000006,456774636701154.562500
0.14837,0.018000000000000002,0.056400000000000006,456774636701154.562500
0.14838000000000007,0.0244,0.055600000000000004,456774636701154.562500
0.14839000000000002,0.0204,0.0572,456774636701154.562500
0.1484000000000001,0.0228,0.050800000000000005,456774636701154.562500
0.14841000000000004,0.022000000000000002,0.055600000000000004,456774636701154.562500
0.1484200000000001,0.022000000000000002,0.058,456774636701154.562500
0.14843000000000006,0.0236,0.053200000000000004,456774636701154.562500
0.14844000000000002,0.0236,0.056400000000000006,456774636701154.562500
0.14845000000000008,0.0236,0.055600000000000004,456774636701154.562500
0.14846000000000004,0.022000000000000002,0.0524,456774636701154.562500
0.1484700000000001,0.0188,0.0516,456774636701154.562500
0.14848000000000006,0.0236,0.055600000000000004,456774636701154.562500
0.14849,0.0228,0.0572,456774636701154.562500
0.14850000000000008,0.0204,0.054,456774636701154.562500
0.14851000000000003,0.022000000000000002,0.0572,456774636701154.562500
0.1485200000000001,0.022000000000000002,0.0516,456774636701154.562500
0.14853000000000005,0.022000000000000002,0.054,456774636701154.562500
0.14854,0.022000000000000002,0.050800000000000005,456774636701154.562500
0.14855000000000007,0.0228,0.053200000000000004,456774636701154.562500
0.14856000000000003,0.0228,0.054,456774636701154.562500
0.1485700000000001,0.022000000000000002,0.0516,456774636701154.562500
0.14858000000000005,0.026000000000000002,0.0572,456774636701154.562500
0.14859,0.0236,0.055600000000000004,456774636701154.562500
0.14860000000000007,0.022000000000000002,0.054,456774636701154.562500
0.14861000000000002,0.0228,0.058800000000000005,456774636701154.562500
0.14862000000000009,0.022000000000000002,0.055600000000000004,456774636701154.562500
0.14863000000000004,0.0212,0.0548,456774636701154.562500
0.1486400000000001,0.0204,0.05,456774636701154.562500
0.14865000000000006,0.0236,0.048400000000000006,456774636701154.562500
0.14866000000000001,0.0204,0.0388,456774636701154.562500
0.14867000000000008,0.0204,0.055600000000000004,456774636701154.562500
0.14868000000000003,0.0228,0.0524,456774636701154.562500
0.1486900000000001,0.022000000000000002,0.056400000000000006,456774636701154.562500
0.14870000000000005,0.0204,0.0572,456774636701154.562500
0.14871,0.0188,0.058,456774636701154.562500
0.14872000000000007,0.0196,0.056400000000000006,456774636701154.562500
0.14873000000000003,0.0228,0.053200000000000004,456774636701154.562500
0.1487400000000001,0.022000000000000002,0.056400000000000006,456774636701154.562500
0.14875000000000005,0.0188,0.0572,456774636701154.562500
0.14876,0.022000000000000002,0.0476,456774636701154.562500
0.14877000000000007,0.0236,0.056400000000000006,456774636701154.562500
0.14878000000000002,0.0228,0.0548,456774636701154.562500
0.1487900000000001,0.0164,0.056400000000000006,456774636701154.562500
0.14880000000000004,0.0196,0.056400000000000006,456774636701154.562500
0.14881,0.0188,0.0548,456774636701154.562500
0.14882000000000006,0.0212,0.0572,456774636701154.562500
0.14883000000000002,0.022000000000000002,0.055600000000000004,456774636701154.562500
0.14884000000000008,0.0244,0.056400000000000006,456774636701154.562500
0.14885000000000004,0.022000000000000002,0.056400000000000006,456774636701154.562500
0.1488600000000001,0.0252,0.056400000000000006,456774636701154.562500
0.14887000000000006,0.0236,0.0572,456774636701154.562500
0.14888,0.0228,0.056400000000000006,456774636701154.562500
0.14889000000000008,0.0236,0.056400000000000006,456774636701154.562500
0.14890000000000003,0.0236,0.058,456774636701154.562500
0.1489100000000001,0.026000000000000002,0.056400000000000006,456774636701154.562500
0.14892000000000005,0.0236,0.0572,456774636701154.562500
0.14893,0.0236,0.056400000000000006,456774636701154.562500
0.14894000000000007,0.018000000000000002,0.054,456774636701154.562500
0.14895000000000003,0.0236,0.055600000000000004,456774636701154.562500
0.1489600000000001,0.0244,0.0524,456774636701154.562500
0.14897000000000005,0.0236,0.055600000000000004,456774636701154.562500
0.14898,0.022000000000000002,0.0524,456774636701154.562500
0.14899000000000007,0.0236,0.058,456774636701154.562500
0.14900000000000002,0.0228,0.0524,456774636701154.562500
0.1490100000000001,0.0204,0.056400000000000006,456774636701154.562500
0.14902000000000004,0.0228,0.0548,456774636701154.562500
0.1490300000000001,0.0228,0.0572,456774636701154.562500
0.14904000000000006,0.022000000000000002,0.0548,456774636701154.562500
0.14905000000000002,0.0212,0.055600000000000004,456774636701154.562500
0.14906000000000008,0.0228,0.058,456774636701154.562500
0.14907000000000004,0.022000000000000002,0.054,456774636701154.562500
0.1490800000000001,0.0228,0.055600000000000004,456774636701154.562500
0.14909000000000006,0.022000000000000002,0.056400000000000006,456774636701154.562500
0.1491,0.018000000000000002,0.055600000000000004,456774636701154.562500
0.14911000000000008,0.022000000000000002,0.0516,456774636701154.562500
0.14912000000000003,0.0196,0.056400000000000006,456774636701154.562500
0.1491300000000001,0.0212,0.053200000000000004,456774636701154.562500
0.14914000000000005,0.0228,0.054,456774636701154.562500
0.14915,0.022000000000000002,0.054,456774636701154.562500
0.14916000000000007,0.0204,0.0524,456774636701154.562500
0.14917000000000002,0.0204,0.050800000000000005,456774636701154.562500
0.1491800000000001,0.0212,0.045200000000000004,456774636701154.562500
0.14919000000000004,0.022000000000000002,0.054,456774636701154.562500
0.1492,0.0204,0.055600000000000004,456774636701154.562500
0.14921000000000006,0.022000000000000002,0.0548,456774636701154.562500
0.14922000000000002,0.0244,0.0572,456774636701154.562500
0.14923000000000008,0.0228,0.058,456774636701154.562500
0.14924000000000004,0.0244,0.053200000000000004,456774636701154.562500
0.1492500000000001,0.0236,0.050800000000000005,456774636701154.562500
0.14926000000000006,0.0212,0.054,456774636701154.562500
0.14927,0.0252,0.0548,456774636701154.562500
0.14928000000000008,0.0252,0.0524,456774636701154.562500
0.14929000000000003,0.022000000000000002,0.0476,456774636701154.562500
0.1493000000000001,0.0244,0.054,456774636701154.562500
0.14931000000000005,0.0236,0.0548,456774636701154.562500
0.14932,0.022000000000000002,0.055600000000000004,456774636701154.562500
0.14933000000000007,0.022000000000000002,0.0524,456774636701154.562500
0.14934000000000003,0.0212,0.053200000000000004,456774636701154.562500
0.1493500000000001,0.0196,0.054,456774636701154.562500
0.14936000000000005,0.0188,0.0468,456774636701154.562500
0.14937,0.0212,0.0516,456774636701154.562500
0.14938000000000007,0.0212,0.0468,456774636701154.562500
0.14939000000000002,0.0228,0.055600000000000004,456774636701154.562500
0.1494000000000001,0.0212,0.055600000000000004,456774636701154.562500
0.14941000000000004,0.0212,0.056400000000000006,456774636701154.562500
0.1494200000000001,0.0196,0.056400000000000006,456774636701154.562500
0.14943000000000006,0.022000000000000002,0.050800000000000005,456774636701154.562500
0.14944000000000002,0.022000000000000002,0.056400000000000006,456774636701154.562500
0.14945000000000008,0.0244,0.055600000000000004,456774636701154.562500
0.14946000000000004,0.0228,0.055600000000000004,456774636701154.562500
0.1494700000000001,0.0236,0.058,456774636701154.562500
0.14948000000000006,0.0252,0.0572,456774636701154.562500
0.14949,0.0212,0.056400000000000006,456774636701154.562500
0.14950000000000008,0.0244,0.0548,456774636701154.562500
0.14951000000000003,0.0252,0.058,456774636701154.562500
0.1495200000000001,0.0244,0.053200000000000004,456774636701154.562500
0.14953000000000005,0.0252,0.0548,456774636701154.562500
0.14954,0.0228,0.058,456774636701154.562500
0.14955000000000007,0.022000000000000002,0.050800000000000005,456774636701154.562500
0.14956000000000003,0.0204,0.055600000000000004,456774636701154.562500
0.1495700000000001,0.0212,0.0572,456774636701154.562500
0.14958000000000005,0.0252,0.054,456774636701154.562500
0.14959,0.0236,0.056400000000000006,456774636701154.562500
0.14960000000000007,0.022000000000000002,0.046,456774636701154.562500
0.14961000000000002,0.0228,0.058,456774636701154.562500
0.1496200000000001,0.0228,0.0548,456774636701154.562500
0.14963000000000004,0.0196,0.055600000000000004,456774636701154.562500
0.1496400000000001,0.0228,0.054,456774636701154.562500
0.14965000000000006,0.0196,0.056400000000000006,456774636701154.562500
0.14966000000000002,0.0236,0.056400000000000006,456774636701154.562500
0.14967000000000008,0.022000000000000002,0.0548,456774636701154.562500
0.14968000000000004,0.022000000000000002,0.054,456774636701154.562500
0.1496900000000001,0.0212,0.054,456774636701154.562500
0.14970000000000006,0.0212,0.054,456774636701154.562500
0.14971,0.0212,0.0436,456774636701154.562500
0.14972000000000008,0.0204,0.055600000000000004,456774636701154.562500
0.14973000000000003,0.0212,0.05,456774636701154.562500
0.1497400000000001,0.022000000000000002,0.0524,456774636701154.562500
0.14975000000000005,0.022000000000000002,0.0516,456774636701154.562500
0.14976,0.022000000000000002,0.05,456774636701154.562500
0.14977000000000007,0.0228,0.042800000000000005,456774636701154.562500
0.14978000000000002,0.022000000000000002,0.0516,456774636701154.562500
0.1497900000000001,0.0244,0.0436,456774636701154.562500
0.14980000000000004,0.0244,0.0444,456774636701154.562500
0.14981,0.0252,0.050800000000000005,456774636701154.562500
0.14982000000000006,0.022000000000000002,0.055600000000000004,456774636701154.562500
0.14983000000000002,0.0228,0.0548,456774636701154.562500
0.14984000000000008,0.0204,0.058,456774636701154.562500
0.14985000000000004,0.0244,0.055600000000000004,456774636701154.562500
0.1498600000000001,0.0236,0.054,456774636701154.562500
0.14987000000000006,0.0236,0.0572,456774636701154.562500
0.14988,0.0236,0.053200000000000004,456774636701154.562500
0.14989000000000008,0.0212,0.055600000000000004,456774636701154.562500
0.14990000000000003,0.0228,0.055600000000000004,456774636701154.562500
0.1499100000000001,0.0212,0.056400000000000006,456774636701154.562500
0.14992000000000005,0.0236,0.056400000000000006,456774636701154.562500
0.14993,0.0212,0.055600000000000004,456774636701154.562500
0.14994000000000007,0.0236,0.050800000000000005,456774636701154.562500
0.14995000000000003,0.0196,0.054,456774636701154.562500
0.1499600000000001,0.022000000000000002,0.055600000000000004,456774636701154.562500
0.14997000000000005,0.0196,0.0572,456774636701154.562500
0.14998,0.0204,0.054,456774636701154.562500
0.14999000000000007,0.0196,0.054,456774636701154.562500
0.15000000000000002,0.0212,0.0468,456774636701154.562500
0.1500100000000001,0.022000000000000002,0.050800000000000005,456774636701154.562500
0.15002000000000004,0.0212,0.0516,456774636701154.562500
0.1500300000000001,0.0196,0.0516,456774636701154.562500
0.15004000000000006,0.0204,0.0492,456774636701154.562500
0.15005000000000002,0.0164,0.0572,456774636701154.562500
0.15006000000000008,0.022000000000000002,0.055600000000000004,456774636701154.562500
0.15007000000000004,0.0204,0.055600000000000004,456774636701154.562500
0.1500800000000001,0.0212,0.0572,456774636701154.562500
0.15009000000000006,0.0228,0.0524,456774636701154.562500
0.1501,0.0228,0.058,456774636701154.562500
0.15011000000000008,0.0204,0.0548,456774636701154.562500
0.15012000000000003,0.0244,0.054,456774636701154.562500
0.1501300000000001,0.0244,0.058,456774636701154.562500
0.15014000000000005,0.0236,0.054,456774636701154.562500
0.15015,0.0228,0.053200000000000004,456774636701154.562500
0.15016000000000007,0.0244,0.058,456774636701154.562500
0.15017000000000003,0.0244,0.0572,456774636701154.562500
0.1501800000000001,0.022000000000000002,0.054,456774636701154.562500
0.15019000000000005,0.022000000000000002,0.056400000000000006,456774636701154.562500
0.1502,0.0228,0.054,456774636701154.562500
0.15021000000000007,0.0228,0.056400000000000006,456774636701154.562500
0.15022000000000002,0.0188,0.055600000000000004,456774636701154.562500
0.15023000000000009,0.0236,0.0548,456774636701154.562500
0.15024000000000004,0.0236,0.0572,456774636701154.562500
0.1502500000000001,0.022000000000000002,0.055600000000000004,456774636701154.562500
0.15026000000000006,0.0236,0.056400000000000006,456774636701154.562500
0.15027000000000001,0.0236,0.055600000000000004,456774636701154.562500
0.15028000000000008,0.0228,0.0524,456774636701154.562500
0.15029000000000003,0.0236,0.055600000000000004,456774636701154.562500
0.1503000000000001,0.0228,0.055600000000000004,456774636701154.562500
0.15031000000000005,0.022000000000000002,0.056400000000000006,456774636701154.562500
0.15032,0.0228,0.054,456774636701154.562500
0.15033000000000007,0.022000000000000002,0.056400000000000006,456774636701154.562500
0.15034000000000003,0.0228,0.054,456774636701154.562500
0.1503500000000001,0.022000000000000002,0.0548,456774636701154.562500
0.15036000000000005,0.022000000000000002,0.053200000000000004,456774636701154.562500
0.15037,0.022000000000000002,0.056400000000000006,456774636701154.562500
0.15038000000000007,0.022000000000000002,0.0468,456774636701154.562500
0.15039000000000002,0.018000000000000002,0.056400000000000006,456774636701154.562500
0.1504000000000001,0.0244,0.056400000000000006,456774636701154.562500
0.15041000000000004,0.0236,0.0572,456774636701154.562500
0.15042,0.0236,0.056400000000000006,456774636701154.562500
0.15043000000000006,0.0236,0.056400000000000006,456774636701154.562500
0.15044000000000002,0.0212,0.055600000000000004,456774636701154.562500
0.15045000000000008,0.0252,0.053200000000000004,456774636701154.562500
0.15046000000000004,0.022000000000000002,0.0548,456774636701154.562500
0.1504700000000001,0.0228,0.0476,456774636701154.562500
0.15048000000000006,0.0252,0.055600000000000004,456774636701154.562500
0.15049,0.0252,0.054,456774636701154.562500
0.15050000000000008,0.0228,0.058,456774636701154.562500
0.15051000000000003,0.022000000000000002,0.056400000000000006,456774636701154.562500
0.1505200000000001,0.0236,0.0572,456774636701154.562500
0.15053000000000005,0.0204,0.053200000000000004,456774636701154.562500
0.15054,0.0212,0.0548,456774636701154.562500
0.15055000000000007,0.022000000000000002,0.056400000000000006,456774636701154.562500
0.15056000000000003,0.0236,0.055600000000000004,456774636701154.562500
0.1505700000000001,0.0236,0.056400000000000006,456774636701154.562500
0.15058000000000005,0.0236,0.054,456774636701154.562500
0.15059,0.0228,0.0548,456774636701154.562500
0.15060000000000007,0.022000000000000002,0.058,456774636701154.562500
0.15061000000000002,0.0196,0.0548,456774636701154.562500
0.1506200000000001,0.0228,0.054,456774636701154.562500
0.15063000000000004,0.0236,0.0548,456774636701154.562500
0.1506400000000001,0.022000000000000002,0.0548,456774636701154.562500
0.15065000000000006,0.022000000000000002,0.056400000000000006,456774636701154.562500
0.15066000000000002,0.0228,0.055600000000000004,456774636701154.562500
0.15067000000000008,0.0228,0.053200000000000004,456774636701154.562500
0.15068000000000004,0.0236,0.055600000000000004,456774636701154.562500
0.1506900000000001,0.0236,0.055600000000000004,456774636701154.562500
0.15070000000000006,0.0244,0.0516,456774636701154.562500
0.15071,0.0244,0.0572,456774636701154.562500
0.15072000000000008,0.022000000000000002,0.054,456774636701154.562500
0.15073000000000003,0.0244,0.0548,456774636701154.562500
0.1507400000000001,0.0236,0.053200000000000004,456774636701154.562500
0.15075000000000005,0.022000000000000002,0.056400000000000006,456774636701154.562500
0.15076,0.0244,0.0572,456774636701154.562500
0.15077000000000007,0.0244,0.0572,456774636701154.562500
0.15078000000000003,0.0244,0.056400000000000006,456774636701154.562500
0.1507900000000001,0.0236,0.056400000000000006,456774636701154.562500
0.15080000000000005,0.0236,0.0572,456774636701154.562500
0.15081,0.022000000000000002,0.0468,456774636701154.562500
0.15082000000000007,0.0244,0.054,456774636701154.562500
0.15083000000000002,0.0196,0.046,456774636701154.562500
0.15084000000000009,0.0228,0.0524,456774636701154.562500
0.15085000000000004,0.0236,0.0516,456774636701154.562500
0.1508600000000001,0.022000000000000002,0.0548,456774636701154.562500
0.15087000000000006,0.0212,0.053200000000000004,456774636701154.562500
0.15088000000000001,0.0204,0.056400000000000006,456774636701154.562500
0.15089000000000008,0.022000000000000002,0.0548,456774636701154.562500
0.15090000000000003,0.022000000000000002,0.0572,456774636701154.562500
0.1509100000000001,0.022000000000000002,0.054,456774636701154.562500
0.15092000000000005,0.0236,0.058,456774636701154.562500
0.15093,0.0228,0.056400000000000006,456774636701154.562500
0.15094000000000007,0.0228,0.056400000000000006,456774636701154.562500
0.15095000000000003,0.0204,0.05,456774636701154.562500
0.1509600000000001,0.0212,0.0572,456774636701154.562500
0.15097000000000005,0.0236,0.0516,456774636701154.562500
0.15098,0.022000000000000002,0.055600000000000004,456774636701154.562500
0.15099000000000007,0.0244,0.0548,456774636701154.562500
0.15100000000000002,0.0236,0.048400000000000006,456774636701154.562500
0.1510100000000001,0.0244,0.056400000000000006,456774636701154.562500
0.15102000000000004,0.022000000000000002,0.0476,456774636701154.562500
0.1510300000000001,0.0244,0.056400000000000006,456774636701154.562500
0.15104000000000006,0.0252,0.054,456774636701154.562500
0.15105000000000002,0.0244,0.058,456774636701154.562500
0.15106000000000008,0.0252,0.0516,456774636701154.562500
0.15107000000000004,0.0236,0.0572,456774636701154.562500
0.1510800000000001,0.0244,0.053200000000000004,456774636701154.562500
0.15109000000000006,0.0228,0.054,456774636701154.562500
0.1511,0.0244,0.058,456774636701154.562500
0.15111000000000008,0.0212,0.053200000000000004,456774636701154.562500
0.15112000000000003,0.0236,0.0572,456774636701154.562500
0.1511300000000001,0.0228,0.0492,456774636701154.562500
0.15114000000000005,0.022000000000000002,0.0524,456774636701154.562500
0.15115,0.0228,0.0524,456774636701154.562500
0.15116000000000007,0.0196,0.056400000000000006,456774636701154.562500
0.15117000000000003,0.0236,0.058,456774636701154.562500
0.1511800000000001,0.022000000000000002,0.054,456774636701154.562500
0.15119000000000005,0.0212,0.0548,456774636701154.562500
0.1512,0.0228,0.05,456774636701154.562500
0.15121000000000007,0.0212,0.055600000000000004,456774636701154.562500
0.15122000000000002,0.022000000000000002,0.054,456774636701154.562500
0.1512300000000001,0.0204,0.058,456774636701154.562500
0.15124000000000004,0.0228,0.056400000000000006,456774636701154.562500
0.1512500000000001,0.022000000000000002,0.058,456774636701154.562500
0.15126000000000006,0.0228,0.0524,456774636701154.562500
0.15127000000000002,0.0228,0.0516,456774636701154.562500
0.15128000000000008,0.022000000000000002,0.053200000000000004,456774636701154.562500
0.15129000000000004,0.0212,0.056400000000000006,456774636701154.562500
0.1513000000000001,0.0236,0.0572,456774636701154.562500
0.15131000000000006,0.0236,0.054,456774636701154.562500
0.15132,0.0228,0.0572,456774636701154.562500
0.15133000000000008,0.0236,0.0524,456774636701154.562500
0.15134000000000003,0.0244,0.0572,456774636701154.562500
0.1513500000000001,0.026000000000000002,0.0548,456774636701154.562500
0.15136000000000005,0.022000000000000002,0.055600000000000004,456774636701154.562500
0.15137,0.0236,0.055600000000000004,456774636701154.562500
0.15138000000000007,0.0212,0.0572,456774636701154.562500
0.15139000000000002,0.0252,0.055600000000000004,456774636701154.562500
0.1514000000000001,0.0188,0.056400000000000006,456774636701154.562500
0.15141000000000004,0.022000000000000002,0.054,456774636701154.562500
0.15142,0.0244,0.055600000000000004,456774636701154.562500
0.15143000000000006,0.0228,0.0572,456774636701154.562500
0.15144000000000002,0.0204,0.056400000000000006,456774636701154.562500
0.15145000000000008,0.0244,0.054,456774636701154.562500
0.15146000000000004,0.0212,0.0492,456774636701154.562500
0.1514700000000001,0.022000000000000002,0.0516,456774636701154.562500
0.15148000000000006,0.0228,0.046,456774636701154.562500
0.15149,0.022000000000000002,0.050800000000000005,456774636701154.562500
0.15150000000000008,0.022000000000000002,0.0492,456774636701154.562500
0.15151000000000003,0.0204,0.0524,456774636701154.562500
0.1515200000000001,0.022000000000000002,0.0468,456774636701154.562500
0.15153000000000005,0.0228,0.054,456774636701154.562500
0.15154,0.022000000000000002,0.048400000000000006,456774636701154.562500
0.15155000000000007,0.0228,0.055600000000000004,456774636701154.562500
0.15156000000000003,0.0236,0.0388,456774636701154.562500
0.1515700000000001,0.0228,0.048400000000000006,456774636701154.562500
0.15158000000000005,0.0236,0.040400000000000005,456774636701154.562500
0.15159,0.022000000000000002,0.048400000000000006,456774636701154.562500
0.15160000000000007,0.022000000000000002,0.046,456774636701154.562500
0.15161000000000002,0.0228,0.0492,456774636701154.562500
0.1516200000000001,0.0252,0.042,456774636701154.562500
0.15163000000000004,0.0236,0.05,456774636701154.562500
0.1516400000000001,0.0244,0.053200000000000004,456774636701154.562500
0.15165000000000006,0.0244,0.056400000000000006,456774636701154.562500
0.15166000000000002,0.0228,0.053200000000000004,456774636701154.562500
0.15167000000000008,0.0236,0.0572,456774636701154.562500
0.15168000000000004,0.0244,0.056400000000000006,456774636701154.562500
0.1516900000000001,0.0244,0.054,456774636701154.562500
0.15170000000000006,0.0236,0.0548,456774636701154.562500
0.15171,0.0244,0.0548,456774636701154.562500
0.15172000000000008,0.022000000000000002,0.0572,456774636701154.562500
0.15173000000000003,0.0236,0.050800000000000005,456774636701154.562500
0.1517400000000001,0.022000000000000002,0.056400000000000006,456774636701154.562500
0.15175000000000005,0.022000000000000002,0.0572,456774636701154.562500
0.15176,0.022000000000000002,0.056400000000000006,456774636701154.562500
0.15177000000000007,0.0212,0.0572,456774636701154.562500
0.15178000000000003,0.0228,0.055600000000000004,456774636701154.562500
0.1517900000000001,0.0204,0.0516,456774636701154.562500
0.15180000000000005,0.0212,0.056400000000000006,456774636701154.562500
0.15181,0.0236,0.056400000000000006,456774636701154.562500
0.15182000000000007,0.022000000000000002,0.058,456774636701154.562500
0.15183000000000002,0.0236,0.056400000000000006,456774636701154.562500
0.15184000000000009,0.022000000000000002,0.055600000000000004,456774636701154.562500
0.15185000000000004,0.022000000000000002,0.0572,456774636701154.562500
0.1518600000000001,0.0212,0.055600000000000004,456774636701154.562500
0.15187000000000006,0.022000000000000002,0.054,456774636701154.562500
0.15188000000000001,0.0228,0.055600000000000004,456774636701154.562500
0.15189000000000008,0.022000000000000002,0.0524,456774636701154.562500
0.15190000000000003,0.022000000000000002,0.058,456774636701154.562500
0.1519100000000001,0.0212,0.056400000000000006,456774636701154.562500
0.15192000000000005,0.0196,0.056400000000000006,456774636701154.562500
0.15193,0.0212,0.056400000000000006,456774636701154.562500
0.15194000000000007,0.0268,0.053200000000000004,456774636701154.562500
0.15195000000000003,0.0236,0.0572,456774636701154.562500
0.1519600000000001,0.0244,0.0572,456774636701154.562500
0.15197000000000005,0.0252,0.056400000000000006,456774636701154.562500
0.15198,0.0236,0.055600000000000004,456774636701154.562500
0.15199000000000007,0.0244,0.05,456774636701154.562500
0.15200000000000002,0.0236,0.054,456774636701154.562500
0.1520100000000001,0.0228,0.056400000000000006,456774636701154.562500
0.15202000000000004,0.022000000000000002,0.05,456774636701154.562500
0.15203,0.0236,0.054,456774636701154.562500
0.15204000000000006,0.0228,0.056400000000000006,456774636701154.562500
0.15205000000000002,0.0212,0.058,456774636701154.562500
0.15206000000000008,0.0212,0.0548,456774636701154.562500
0.15207000000000004,0.0236,0.053200000000000004,456774636701154.562500
0.1520800000000001,0.022000000000000002,0.0492,456774636701154.562500
0.15209000000000006,0.0228,0.0524,456774636701154.562500
0.1521,0.0212,0.056400000000000006,456774636701154.562500
0.15211000000000008,0.0228,0.0572,456774636701154.562500
0.15212000000000003,0.0228,0.0572,456774636701154.562500
0.1521300000000001,0.022000000000000002,0.058,456774636701154.562500
0.15214000000000005,0.022000000000000002,0.058,456774636701154.562500
0.15215,0.0212,0.055600000000000004,456774636701154.562500
0.15216000000000007,0.022000000000000002,0.053200000000000004,456774636701154.562500
0.15217000000000003,0.0228,0.05,456774636701154.562500
0.1521800000000001,0.022000000000000002,0.0516,456774636701154.562500
0.15219000000000005,0.0236,0.042800000000000005,456774636701154.562500
0.1522,0.022000000000000002,0.0572,456774636701154.562500
0.15221000000000007,0.0236,0.0548,456774636701154.562500
0.15222000000000002,0.0212,0.0572,456774636701154.562500
0.1522300000000001,0.0212,0.055600000000000004,456774636701154.562500
0.15224000000000004,0.0164,0.055600000000000004,456774636701154.562500
0.1522500000000001,0.022000000000000002,0.0548,456774636701154.562500
0.15226000000000006,0.0204,0.056400000000000006,456774636701154.562500
0.15227000000000002,0.0252,0.056400000000000006,456774636701154.562500
0.15228000000000008,0.0212,0.0548,456774636701154.562500
0.15229000000000004,0.0252,0.0572,456774636701154.562500
0.1523000000000001,0.022000000000000002,0.0572,456774636701154.562500
0.15231000000000006,0.0188,0.056400000000000006,456774636701154.562500
0.15232,0.0252,0.058800000000000005,456774636701154.562500
0.15233000000000008,0.0212,0.0476,456774636701154.562500
0.15234000000000003,0.0236,0.0572,456774636701154.562500
0.1523500000000001,0.0236,0.0516,456774636701154.562500
0.15236000000000005,0.0236,0.0548,456774636701154.562500
0.15237,0.0228,0.054,456774636701154.562500
0.15238000000000007,0.0228,0.056400000000000006,456774636701154.562500
0.15239000000000003,0.0172,0.056400000000000006,456774636701154.562500
0.1524000000000001,0.0236,0.056400000000000006,456774636701154.562500
0.15241000000000005,0.0228,0.0524,456774636701154.562500
0.15242,0.0212,0.054,456774636701154.562500
0.15243000000000007,0.0228,0.055600000000000004,456774636701154.562500
0.15244000000000002,0.0204,0.056400000000000006,456774636701154.562500
0.15245000000000009,0.022000000000000002,0.058,456774636701154.562500
0.15246000000000004,0.0204,0.0548,456774636701154.562500
0.1524700000000001,0.022000000000000002,0.056400000000000006,456774636701154.562500
0.15248000000000006,0.0204,0.056400000000000006,456774636701154.562500
0.15249000000000001,0.0236,0.0572,456774636701154.562500
0.15250000000000008,0.022000000000000002,0.0572,456774636701154.562500
0.15251000000000003,0.0236,0.054,456774636701154.562500
0.1525200000000001,0.022000000000000002,0.0572,456774636701154.562500
0.15253000000000005,0.0236,0.053200000000000004,456774636701154.562500
0.15254,0.0236,0.0572,456774636701154.562500
0.15255000000000007,0.0236,0.0524,456774636701154.562500
0.15256000000000003,0.0252,0.058,456774636701154.562500
0.1525700000000001,0.0244,0.0524,456774636701154.562500
0.15258000000000005,0.0252,0.0516,456774636701154.562500
0.15259,0.0228,0.0572,456774636701154.562500
0.15260000000000007,0.0244,0.0524,456774636701154.562500
0.15261000000000002,0.022000000000000002,0.054,456774636701154.562500
0.1526200000000001,0.0244,0.0548,456774636701154.562500
0.15263000000000004,0.0236,0.0548,456774636701154.562500
0.15264,0.0228,0.0548,456774636701154.562500
0.15265000000000006,0.0212,0.0572,456774636701154.562500
0.15266000000000002,0.0228,0.058,456774636701154.562500
0.15267000000000008,0.0236,0.056400000000000006,456774636701154.562500
0.15268000000000004,0.0228,0.0572,456774636701154.562500
0.1526900000000001,0.0196,0.058,456774636701154.562500
0.15270000000000006,0.018000000000000002,0.0524,456774636701154.562500
0.15271,0.0196,0.056400000000000006,456774636701154.562500
0.15272000000000008,0.0204,0.0444,456774636701154.562500
0.15273000000000003,0.022000000000000002,0.0548,456774636701154.562500
0.1527400000000001,0.0236,0.0492,456774636701154.562500
0.15275000000000005,0.0228,0.0516,456774636701154.562500
0.15276,0.0196,0.042800000000000005,456774636701154.562500
0.15277000000000007,0.022000000000000002,0.055600000000000004,456774636701154.562500
0.15278000000000003,0.0228,0.0492,456774636701154.562500
0.1527900000000001,0.018000000000000002,0.05,456774636701154.562500
0.15280000000000005,0.0228,0.0468,456774636701154.562500
0.15281,0.0228,0.055600000000000004,456774636701154.562500
0.15282000000000007,0.0228,0.058,456774636701154.562500
0.15283000000000002,0.0228,0.0548,456774636701154.562500
0.1528400000000001,0.0212,0.056400000000000006,456774636701154.562500
0.15285000000000004,0.0236,0.055600000000000004,456774636701154.562500
0.1528600000000001,0.0244,0.058,456774636701154.562500
0.15287000000000006,0.0244,0.058800000000000005,456774636701154.562500
0.15288000000000002,0.0236,0.0572,456774636701154.562500
0.15289000000000008,0.0228,0.0572,456774636701154.562500
0.15290000000000004,0.0244,0.0572,456774636701154.562500
0.1529100000000001,0.0236,0.058,456774636701154.562500
0.15292000000000006,0.0228,0.0572,456774636701154.562500
0.15293,0.022000000000000002,0.058,456774636701154.562500
0.15294000000000008,0.0212,0.058,456774636701154.562500
0.15295000000000003,0.0228,0.055600000000000004,456774636701154.562500
0.1529600000000001,0.022000000000000002,0.0572,456774636701154.562500
0.15297000000000005,0.0228,0.055600000000000004,456774636701154.562500
0.15298,0.0204,0.058,456774636701154.562500
0.15299000000000007,0.0228,0.0572,456774636701154.562500
0.15300000000000002,0.022000000000000002,0.058,456774636701154.562500
0.1530100000000001,0.022000000000000002,0.056400000000000006,456774636701154.562500
0.15302000000000004,0.0236,0.056400000000000006,456774636701154.562500
0.15303,0.0188,0.056400000000000006,456774636701154.562500
0.15304000000000006,0.022000000000000002,0.055600000000000004,456774636701154.562500
0.15305000000000002,0.022000000000000002,0.0476,456774636701154.562500
0.15306000000000008,0.0188,0.0572,456774636701154.562500
0.15307000000000004,0.0212,0.0548,456774636701154.562500
0.1530800000000001,0.018000000000000002,0.0572,456774636701154.562500
0.15309000000000006,0.0204,0.055600000000000004,456774636701154.562500
0.1531,0.0132,0.058,456774636701154.562500
0.15311000000000008,0.014,0.0572,456774636701154.562500
0.15312000000000003,0.0148,0.056400000000000006,456774636701154.562500
0.1531300000000001,0.0164,0.0572,456774636701154.562500
0.15314000000000005,0.0164,0.0572,456774636701154.562500
0.15315,0.0212,0.054,456774636701154.562500
0.15316000000000007,0.0204,0.053200000000000004,456774636701154.562500
0.15317000000000003,0.0228,0.053200000000000004,456774636701154.562500
0.1531800000000001,0.0244,0.0548,456774636701154.562500
0.15319000000000005,0.0236,0.045200000000000004,456774636701154.562500
0.1532,0.0244,0.045200000000000004,456774636701154.562500
0.15321000000000007,0.0236,0.0356,456774636701154.562500
0.15322000000000002,0.0252,0.0524,456774636701154.562500
0.1532300000000001,0.0244,0.0516,456774636701154.562500
0.15324000000000004,0.022000000000000002,0.055600000000000004,456774636701154.562500
0.1532500000000001,0.0228,0.055600000000000004,456774636701154.562500
0.15326000000000006,0.0228,0.0548,456774636701154.562500
0.15327000000000002,0.0228,0.056400000000000006,456774636701154.562500
0.15328000000000008,0.0228,0.055600000000000004,456774636701154.562500
0.15329000000000004,0.0196,0.0516,456774636701154.562500
0.1533000000000001,0.0204,0.055600000000000004,456774636701154.562500
0.15331000000000006,0.018000000000000002,0.058,456774636701154.562500
0.15332,0.0204,0.055600000000000004,456774636701154.562500
0.15333000000000008,0.015600000000000001,0.058,456774636701154.562500
0.15334000000000003,0.0204,0.056400000000000006,456774636701154.562500
0.1533500000000001,0.018000000000000002,0.0572,456774636701154.562500
0.15336000000000005,0.0204,0.058,456774636701154.562500
0.15337,0.0188,0.0524,456774636701154.562500
0.15338000000000007,0.0228,0.0572,456774636701154.562500
0.15339000000000003,0.0212,0.050800000000000005,456774636701154.562500
0.1534000000000001,0.0228,0.058,456774636701154.562500
0.15341000000000005,0.0228,0.054,456774636701154.562500
0.15342,0.018000000000000002,0.056400000000000006,456774636701154.562500
0.15343000000000007,0.022000000000000002,0.048400000000000006,456774636701154.562500
0.15344000000000002,0.0212,0.056400000000000006,456774636701154.562500
0.1534500000000001,0.0212,0.0436,456774636701154.562500
0.15346000000000004,0.0196,0.0572,456774636701154.562500
0.1534700000000001,0.0236,0.056400000000000006,456774636701154.562500
0.15348000000000006,0.0236,0.0572,456774636701154.562500
0.15349000000000002,0.0244,0.056400000000000006,456774636701154.562500
0.15350000000000008,0.0244,0.054,456774636701154.562500
0.15351000000000004,0.0228,0.05,456774636701154.562500
0.1535200000000001,0.0236,0.0548,456774636701154.562500
0.15353000000000006,0.0236,0.042800000000000005,456774636701154.562500
0.15354,0.026000000000000002,0.0516,456774636701154.562500
0.15355000000000008,0.0204,0.05,456774636701154.562500
0.15356000000000003,0.0236,0.053200000000000004,456774636701154.562500
0.1535700000000001,0.0204,0.040400000000000005,456774636701154.562500
0.15358000000000005,0.0236,0.054,456774636701154.562500
0.15359,0.0188,0.05,456774636701154.562500
0.15360000000000007,0.0236,0.054,456774636701154.562500
0.15361000000000002,0.0212,0.055600000000000004,456774636701154.562500
0.1536200000000001,0.0204,0.058,456774636701154.562500
0.15363000000000004,0.0228,0.0524,456774636701154.562500
0.15364,0.022000000000000002,0.054,456774636701154.562500
0.15365000000000006,0.022000000000000002,0.0516,456774636701154.562500
0.15366000000000002,0.0228,0.055600000000000004,456774636701154.562500
0.15367000000000008,0.0204,0.054,456774636701154.562500
0.15368000000000004,0.022000000000000002,0.054,456774636701154.562500
0.1536900000000001,0.0196,0.053200000000000004,456774636701154.562500
0.15370000000000006,0.0204,0.058,456774636701154.562500
0.15371,0.0228,0.056400000000000006,456774636701154.562500
0.15372000000000008,0.0236,0.054,456774636701154.562500
0.15373000000000003,0.022000000000000002,0.0548,456774636701154.562500
0.1537400000000001,0.0212,0.053200000000000004,456774636701154.562500
0.15375000000000005,0.0212,0.054,456774636701154.562500
0.15376,0.0244,0.056400000000000006,456774636701154.562500
0.15377000000000007,0.0236,0.058,456774636701154.562500
0.15378000000000003,0.0244,0.0572,456774636701154.562500
0.1537900000000001,0.0236,0.056400000000000006,456774636701154.562500
0.15380000000000005,0.0236,0.053200000000000004,456774636701154.562500
0.15381,0.0252,0.0524,456774636701154.562500
0.15382000000000007,0.0236,0.0524,456774636701154.562500
0.15383000000000002,0.0236,0.056400000000000006,456774636701154.562500
0.1538400000000001,0.0236,0.0524,456774636701154.562500
0.15385000000000004,0.0212,0.054,456774636701154.562500
0.1538600000000001,0.0236,0.0572,456774636701154.562500
0.15387000000000006,0.0212,0.0572,456774636701154.562500
0.15388000000000002,0.0228,0.0572,456774636701154.562500
0.15389000000000008,0.022000000000000002,0.056400000000000006,456774636701154.562500
0.15390000000000004,0.0228,0.058,456774636701154.562500
0.1539100000000001,0.022000000000000002,0.055600000000000004,456774636701154.562500
0.15392000000000006,0.0236,0.055600000000000004,456774636701154.562500
0.15393,0.0212,0.0548,456774636701154.562500
0.15394000000000008,0.0196,0.056400000000000006,456774636701154.562500
0.15395000000000003,0.018000000000000002,0.0516,456774636701154.562500
0.1539600000000001,0.022000000000000002,0.0516,456774636701154.562500
0.15397000000000005,0.022000000000000002,0.0492,456774636701154.562500
0.15398,0.0228,0.053200000000000004,456774636701154.562500
0.15399000000000007,0.0204,0.0444,456774636701154.562500
0.15400000000000003,0.022000000000000002,0.050800000000000005,456774636701154.562500
0.1540100000000001,0.0212,0.0476,456774636701154.562500
0.15402000000000005,0.022000000000000002,0.055600000000000004,456774636701154.562500
0.15403,0.022000000000000002,0.0476,456774636701154.562500
0.15404000000000007,0.0204,0.0572,456774636701154.562500
0.15405000000000002,0.0196,0.05,456774636701154.562500
0.15406000000000009,0.0172,0.0548,456774636701154.562500
0.15407000000000004,0.0212,0.0548,456774636701154.562500
0.1540800000000001,0.0172,0.055600000000000004,456774636701154.562500
0.15409000000000006,0.0228,0.0572,456774636701154.562500
0.15410000000000001,0.0228,0.056400000000000006,456774636701154.562500
0.15411000000000008,0.0236,0.0572,456774636701154.562500
0.15412000000000003,0.0212,0.055600000000000004,456774636701154.562500
0.1541300000000001,0.0236,0.054,456774636701154.562500
0.15414000000000005,0.0236,0.050800000000000005,456774636701154.562500
0.15415,0.0252,0.0572,456774636701154.562500
0.15416000000000007,0.022000000000000002,0.054,456774636701154.562500
0.15417000000000003,0.022000000000000002,0.0572,456774636701154.562500
0.1541800000000001,0.0228,0.0516,456774636701154.562500
0.15419000000000005,0.0228,0.0548,456774636701154.562500
0.1542,0.0236,0.040400000000000005,456774636701154.562500
0.15421000000000007,0.022000000000000002,0.056400000000000006,456774636701154.562500
0.15422000000000002,0.022000000000000002,0.034800000000000005,456774636701154.562500
0.1542300000000001,0.0212,0.0572,456774636701154.562500
0.15424000000000004,0.0204,0.0412,456774636701154.562500
0.15425,0.0188,0.054,456774636701154.562500
0.15426000000000006,0.022000000000000002,0.055600000000000004,456774636701154.562500
0.15427000000000002,0.0228,0.0572,456774636701154.562500
0.15428000000000008,0.022000000000000002,0.0572,456774636701154.562500
0.15429000000000004,0.0228,0.055600000000000004,456774636701154.562500
0.1543000000000001,0.0196,0.055600000000000004,456774636701154.562500
0.15431000000000006,0.022000000000000002,0.055600000000000004,456774636701154.562500
0.15432,0.0212,0.058,456774636701154.562500
0.15433000000000008,0.022000000000000002,0.058,456774636701154.562500
0.15434000000000003,0.0228,0.0572,456774636701154.562500
0.1543500000000001,0.0204,0.0572,456774636701154.562500
0.15436000000000005,0.0252,0.0572,456774636701154.562500
0.15437,0.022000000000000002,0.0572,456774636701154.562500
0.15438000000000007,0.0228,0.058,456774636701154.562500
0.15439000000000003,0.0228,0.054,456774636701154.562500
0.1544000000000001,0.0244,0.0572,456774636701154.562500
0.15441000000000005,0.0252,0.056400000000000006,456774636701154.562500
0.15442,0.0244,0.055600000000000004,456774636701154.562500
0.15443000000000007,0.0244,0.054,456774636701154.562500
0.15444000000000002,0.0244,0.058,456774636701154.562500
0.1544500000000001,0.0244,0.054,456774636701154.562500
0.15446000000000004,0.0244,0.0572,456774636701154.562500
0.1544700000000001,0.0236,0.055600000000000004,456774636701154.562500
0.15448000000000006,0.022000000000000002,0.0492,456774636701154.562500
0.15449000000000002,0.0236,0.058,456774636701154.562500
0.15450000000000008,0.022000000000000002,0.056400000000000006,456774636701154.562500
0.15451000000000004,0.0228,0.056400000000000006,456774636701154.562500
0.1545200000000001,0.0236,0.056400000000000006,456774636701154.562500
0.15453000000000006,0.0236,0.058,456774636701154.562500
0.15454,0.022000000000000002,0.053200000000000004,456774636701154.562500
0.15455000000000008,0.0228,0.0572,456774636701154.562500
0.15456000000000003,0.022000000000000002,0.053200000000000004,456774636701154.562500
0.1545700000000001,0.0228,0.056400000000000006,456774636701154.562500
0.15458000000000005,0.0228,0.0516,456774636701154.562500
0.15459,0.0212,0.050800000000000005,456774636701154.562500
0.15460000000000007,0.0212,0.0548,456774636701154.562500
0.15461000000000003,0.022000000000000002,0.0524,456774636701154.562500
0.1546200000000001,0.0188,0.055600000000000004,456774636701154.562500
0.15463000000000005,0.018000000000000002,0.056400000000000006,456774636701154.562500
0.15464,0.0236,0.0548,456774636701154.562500
0.15465000000000007,0.0196,0.0524,456774636701154.562500
0.15466000000000002,0.022000000000000002,0.053200000000000004,456774636701154.562500
0.15467000000000009,0.022000000000000002,0.056400000000000006,456774636701154.562500
0.15468000000000004,0.0204,0.058,456774636701154.562500
0.1546900000000001,0.0188,0.0516,456774636701154.562500
0.15470000000000006,0.0244,0.053200000000000004,456774636701154.562500
0.15471000000000001,0.0188,0.045200000000000004,456774636701154.562500
0.15472000000000008,0.0244,0.056400000000000006,456774636701154.562500
0.15473000000000003,0.0244,0.0524,456774636701154.562500
0.1547400000000001,0.022000000000000002,0.054,456774636701154.562500
0.15475000000000005,0.0236,0.0492,456774636701154.562500
0.15476,0.0236,0.0572,456774636701154.562500
0.15477000000000007,0.0236,0.0476,456774636701154.562500
0.15478000000000003,0.0244,0.0548,456774636701154.562500
0.1547900000000001,0.0244,0.0572,456774636701154.562500
0.15480000000000005,0.0236,0.0572,456774636701154.562500
0.15481,0.022000000000000002,0.058,456774636701154.562500
0.15482000000000007,0.0148,0.055600000000000004,456774636701154.562500
0.15483000000000002,0.0228,0.0572,456774636701154.562500
0.1548400000000001,0.0212,0.055600000000000004,456774636701154.562500
0.15485000000000004,0.022000000000000002,0.056400000000000006,456774636701154.562500
0.1548600000000001,0.022000000000000002,0.056400000000000006,456774636701154.562500
0.15487000000000006,0.0204,0.0572,456774636701154.562500
0.15488000000000002,0.0212,0.0548,456774636701154.562500
0.15489000000000008,0.0196,0.056400000000000006,456774636701154.562500
0.15490000000000004,0.0212,0.053200000000000004,456774636701154.562500
0.1549100000000001,0.022000000000000002,0.056400000000000006,456774636701154.562500
0.15492000000000006,0.0228,0.0572,456774636701154.562500
0.15493,0.022000000000000002,0.0524,456774636701154.562500
0.15494000000000008,0.0228,0.056400000000000006,456774636701154.562500
0.15495000000000003,0.0236,0.056400000000000006,456774636701154.562500
0.1549600000000001,0.0228,0.0548,456774636701154.562500
0.15497000000000005,0.018000000000000002,0.055600000000000004,456774636701154.562500
0.15498,0.0252,0.05,456774636701154.562500
0.15499000000000007,0.018000000000000002,0.0468,456774636701154.562500
0.15500000000000003,0.0228,0.0436,456774636701154.562500
0.1550100000000001,0.0252,0.050800000000000005,456774636701154.562500
0.15502000000000005,0.0236,0.0492,456774636701154.562500
0.15503,0.0252,0.056400000000000006,456774636701154.562500
0.15504000000000007,0.0236,0.054,456774636701154.562500
0.15505000000000002,0.0236,0.055600000000000004,456774636701154.562500
0.1550600000000001,0.0244,0.055600000000000004,456774636701154.562500
0.15507000000000004,0.0244,0.054,456774636701154.562500
0.1550800000000001,0.0228,0.0492,456774636701154.562500
0.15509000000000006,0.0252,0.0548,456774636701154.562500
0.15510000000000002,0.0244,0.0524,456774636701154.562500
0.15511000000000008,0.0236,0.055600000000000004,456774636701154.562500
0.15512000000000004,0.022000000000000002,0.055600000000000004,456774636701154.562500
0.1551300000000001,0.0228,0.0572,456774636701154.562500
0.15514000000000006,0.0236,0.0548,456774636701154.562500
0.15515,0.0196,0.055600000000000004,456774636701154.562500
0.15516000000000008,0.0236,0.0572,456774636701154.562500
0.15517000000000003,0.022000000000000002,0.0516,456774636701154.562500
0.1551800000000001,0.022000000000000002,0.0548,456774636701154.562500
0.15519000000000005,0.0228,0.055600000000000004,456774636701154.562500
0.1552,0.0204,0.0524,456774636701154.562500
0.15521000000000007,0.0228,0.054,456774636701154.562500
0.15522000000000002,0.022000000000000002,0.055600000000000004,456774636701154.562500
0.1552300000000001,0.0204,0.0548,456774636701154.562500
0.15524000000000004,0.022000000000000002,0.056400000000000006,456774636701154.562500
0.15525,0.0228,0.0476,456774636701154.562500
0.15526000000000006,0.0204,0.056400000000000006,456774636701154.562500
0.15527000000000002,0.0212,0.054,456774636701154.562500
0.15528000000000008,0.0228,0.056400000000000006,456774636701154.562500
0.15529000000000004,0.0228,0.053200000000000004,456774636701154.562500
0.1553000000000001,0.0236,0.055600000000000004,456774636701154.562500
0.15531000000000006,0.0196,0.050800000000000005,456774636701154.562500
0.15532,0.0252,0.055600000000000004,456774636701154.562500
0.15533000000000008,0.0236,0.054,456774636701154.562500
0.15534000000000003,0.0204,0.0548,456774636701154.562500
0.1553500000000001,0.0196,0.0572,456774636701154.562500
0.15536000000000005,0.0236,0.055600000000000004,456774636701154.562500
0.15537,0.0204,0.058,456774636701154.562500
0.15538000000000007,0.0236,0.055600000000000004,456774636701154.562500
0.15539000000000003,0.0244,0.055600000000000004,456774636701154.562500
0.1554000000000001,0.0228,0.054,456774636701154.562500
0.15541000000000005,0.0196,0.056400000000000006,456774636701154.562500
0.15542,0.0228,0.0548,456774636701154.562500
0.15543000000000007,0.022000000000000002,0.056400000000000006,456774636701154.562500
0.15544000000000002,0.0228,0.048400000000000006,456774636701154.562500
0.1554500000000001,0.022000000000000002,0.056400000000000006,456774636701154.562500
0.15546000000000004,0.0204,0.054,456774636701154.562500
0.1554700000000001,0.022000000000000002,0.056400000000000006,456774636701154.562500
0.15548000000000006,0.022000000000000002,0.056400000000000006,456774636701154.562500
0.15549000000000002,0.0204,0.0548,456774636701154.562500
0.15550000000000008,0.022000000000000002,0.054,456774636701154.562500
0.15551000000000004,0.022000000000000002,0.056400000000000006,456774636701154.562500
0.1555200000000001,0.0212,0.055600000000000004,456774636701154.562500
0.15553000000000006,0.0188,0.0572,456774636701154.562500
0.15554,0.0228,0.0548,456774636701154.562500
0.15555000000000008,0.022000000000000002,0.0572,456774636701154.562500
0.15556000000000003,0.0228,0.055600000000000004,456774636701154.562500
0.1555700000000001,0.0228,0.055600000000000004,456774636701154.562500
0.15558000000000005,0.0236,0.054,456774636701154.562500
0.15559,0.0244,0.058,456774636701154.562500
0.15560000000000007,0.0212,0.0524,456774636701154.562500
0.15561000000000003,0.0244,0.0548,456774636701154.562500
0.1556200000000001,0.0244,0.055600000000000004,456774636701154.562500
0.15563000000000005,0.0244,0.053200000000000004,456774636701154.562500
0.15564,0.0204,0.054,456774636701154.562500
0.15565000000000007,0.0252,0.048400000000000006,456774636701154.562500
0.15566000000000002,0.0196,0.056400000000000006,456774636701154.562500
0.15567000000000009,0.0236,0.0524,456774636701154.562500
0.15568000000000004,0.0196,0.0548,456774636701154.562500
0.1556900000000001,0.0244,0.055600000000000004,456774636701154.562500
0.15570000000000006,0.0236,0.054,456774636701154.562500
0.15571000000000002,0.0196,0.0572,456774636701154.562500
0.15572000000000008,0.0228,0.050800000000000005,456774636701154.562500
0.15573000000000004,0.0212,0.056400000000000006,456774636701154.562500
0.1557400000000001,0.0212,0.054,456774636701154.562500
0.15575000000000006,0.0212,0.056400000000000006,456774636701154.562500
0.15576,0.018000000000000002,0.054,456774636701154.562500
0.15577000000000008,0.0196,0.056400000000000006,456774636701154.562500
0.15578000000000003,0.0188,0.0516,456774636701154.562500
0.1557900000000001,0.0212,0.055600000000000004,456774636701154.562500
0.15580000000000005,0.0212,0.053200000000000004,456774636701154.562500
0.15581,0.018000000000000002,0.056400000000000006,456774636701154.562500
0.15582000000000007,0.0228,0.048400000000000006,456774636701154.562500
0.15583000000000002,0.0188,0.056400000000000006,456774636701154.562500
0.1558400000000001,0.0228,0.053200000000000004,456774636701154.562500
0.15585000000000004,0.0228,0.056400000000000006,456774636701154.562500
0.15586,0.0228,0.0572,456774636701154.562500
0.15587000000000006,0.022000000000000002,0.0548,456774636701154.562500
0.15588000000000002,0.0244,0.055600000000000004,456774636701154.562500
0.15589000000000008,0.0228,0.0444,456774636701154.562500
0.15590000000000004,0.0236,0.056400000000000006,456774636701154.562500
0.1559100000000001,0.0236,0.05,456774636701154.562500
0.15592000000000006,0.0204,0.055600000000000004,456774636701154.562500
0.15593,0.0212,0.0548,456774636701154.562500
0.15594000000000008,0.0244,0.0548,456774636701154.562500
0.15595000000000003,0.0244,0.0572,456774636701154.562500
0.1559600000000001,0.0236,0.055600000000000004,456774636701154.562500
0.15597000000000005,0.0244,0.056400000000000006,456774636701154.562500
0.15598,0.0236,0.053200000000000004,456774636701154.562500
0.15599000000000007,0.0228,0.0572,456774636701154.562500
0.15600000000000003,0.022000000000000002,0.0548,456774636701154.562500
0.1560100000000001,0.022000000000000002,0.0524,456774636701154.562500
0.15602000000000005,0.022000000000000002,0.055600000000000004,456774636701154.562500
0.15603,0.0236,0.0476,456774636701154.562500
0.15604000000000007,0.0228,0.0548,456774636701154.562500
0.15605000000000002,0.0236,0.0476,456774636701154.562500
0.1560600000000001,0.0196,0.0548,456774636701154.562500
0.15607000000000004,0.0212,0.054,456774636701154.562500
0.1560800000000001,0.0172,0.056400000000000006,456774636701154.562500
0.15609000000000006,0.0228,0.0524,456774636701154.562500
0.15610000000000002,0.0212,0.0548,456774636701154.562500
0.15611000000000008,0.0204,0.056400000000000006,456774636701154.562500
0.15612000000000004,0.018000000000000002,0.056400000000000006,456774636701154.562500
0.1561300000000001,0.0244,0.058,456774636701154.562500
0.15614000000000006,0.022000000000000002,0.053200000000000004,456774636701154.562500
0.15615,0.0228,0.056400000000000006,456774636701154.562500
0.15616000000000008,0.0212,0.055600000000000004,456774636701154.562500
0.15617000000000003,0.022000000000000002,0.0572,456774636701154.562500
0.1561800000000001,0.0236,0.056400000000000006,456774636701154.562500
0.15619000000000005,0.0228,0.056400000000000006,456774636701154.562500
0.1562,0.0236,0.0548,456774636701154.562500
0.15621000000000007,0.022000000000000002,0.055600000000000004,456774636701154.562500
0.15622000000000003,0.0228,0.055600000000000004,456774636701154.562500
0.1562300000000001,0.0228,0.0572,456774636701154.562500
0.15624000000000005,0.0252,0.0572,456774636701154.562500
0.15625,0.022000000000000002,0.05,456774636701154.562500
0.15626000000000007,0.0244,0.055600000000000004,456774636701154.562500
0.15627000000000002,0.0228,0.05,456774636701154.562500
0.15628000000000009,0.0228,0.0572,456774636701154.562500
0.15629000000000004,0.0236,0.055600000000000004,456774636701154.562500
0.1563000000000001,0.0244,0.0516,456774636701154.562500
0.15631000000000006,0.0244,0.055600000000000004,456774636701154.562500
0.15632000000000001,0.0244,0.050800000000000005,456774636701154.562500
0.15633000000000008,0.0204,0.053200000000000004,456774636701154.562500
0.15634000000000003,0.0228,0.055600000000000004,456774636701154.562500
0.1563500000000001,0.0228,0.058,456774636701154.562500
0.15636000000000005,0.0204,0.0548,456774636701154.562500
0.15637,0.0212,0.0412,456774636701154.562500
0.15638000000000007,0.0204,0.056400000000000006,456774636701154.562500
0.15639000000000003,0.022000000000000002,0.055600000000000004,456774636701154.562500
0.1564000000000001,0.0212,0.0572,456774636701154.562500
0.15641000000000005,0.0228,0.0572,456774636701154.562500
0.15642,0.022000000000000002,0.055600000000000004,456774636701154.562500
0.15643000000000007,0.0228,0.037200000000000004,456774636701154.562500
0.15644000000000002,0.022000000000000002,0.056400000000000006,456774636701154.562500
0.1564500000000001,0.022000000000000002,0.053200000000000004,456774636701154.562500
0.15646000000000004,0.015600000000000001,0.054,456774636701154.562500
0.1564700000000001,0.0228,0.056400000000000006,456774636701154.562500
0.15648000000000006,0.0204,0.054,456774636701154.562500
0.15649000000000002,0.0228,0.058800000000000005,456774636701154.562500
0.15650000000000008,0.0212,0.042800000000000005,456774636701154.562500
0.15651000000000004,0.026000000000000002,0.056400000000000006,456774636701154.562500
0.1565200000000001,0.0236,0.056400000000000006,456774636701154.562500
0.15653000000000006,0.0244,0.053200000000000004,456774636701154.562500
0.15654,0.0212,0.0524,456774636701154.562500
0.15655000000000008,0.0244,0.0524,456774636701154.562500
0.15656000000000003,0.0244,0.0524,456774636701154.562500
0.1565700000000001,0.0204,0.0548,456774636701154.562500
0.15658000000000005,0.0244,0.0548,456774636701154.562500
0.15659,0.018000000000000002,0.055600000000000004,456774636701154.562500
0.15660000000000007,0.0228,0.055600000000000004,456774636701154.562500
0.15661000000000003,0.0236,0.055600000000000004,456774636701154.562500
0.1566200000000001,0.0228,0.0572,456774636701154.562500
0.15663000000000005,0.018000000000000002,0.0548,456774636701154.562500
0.15664,0.0236,0.050800000000000005,456774636701154.562500
0.15665000000000007,0.0172,0.056400000000000006,456774636701154.562500
0.15666000000000002,0.0236,0.0572,456774636701154.562500
0.1566700000000001,0.0244,0.056400000000000006,456774636701154.562500
0.15668000000000004,0.0212,0.055600000000000004,456774636701154.562500
0.1566900000000001,0.0196,0.056400000000000006,456774636701154.562500
0.15670000000000006,0.022000000000000002,0.054,456774636701154.562500
0.15671000000000002,0.0228,0.048400000000000006,456774636701154.562500
0.15672000000000008,0.0236,0.055600000000000004,456774636701154.562500
0.15673000000000004,0.0212,0.056400000000000006,456774636701154.562500
0.1567400000000001,0.0228,0.056400000000000006,456774636701154.562500
0.15675000000000006,0.0212,0.050800000000000005,456774636701154.562500
0.15676,0.0212,0.056400000000000006,456774636701154.562500
0.15677000000000008,0.0236,0.0516,456774636701154.562500
0.15678000000000003,0.022000000000000002,0.056400000000000006,456774636701154.562500
0.1567900000000001,0.0196,0.056400000000000006,456774636701154.562500
0.15680000000000005,0.0236,0.0572,456774636701154.562500
0.15681,0.022000000000000002,0.0548,456774636701154.562500
0.15682000000000007,0.0204,0.0572,456774636701154.562500
0.15683000000000002,0.0228,0.042800000000000005,456774636701154.562500
0.1568400000000001,0.0228,0.0572,456774636701154.562500
0.15685000000000004,0.0236,0.0524,456774636701154.562500
0.15686,0.018000000000000002,0.0516,456774636701154.562500
0.15687000000000006,0.0252,0.055600000000000004,456774636701154.562500
0.15688000000000002,0.0228,0.0476,456774636701154.562500
0.15689000000000008,0.0252,0.055600000000000004,456774636701154.562500
0.15690000000000004,0.0244,0.056400000000000006,456774636701154.562500
0.1569100000000001,0.026000000000000002,0.0572,456774636701154.562500
0.15692000000000006,0.0188,0.0572,456774636701154.562500
0.15693000000000001,0.0228,0.0524,456774636701154.562500
0.15694000000000008,0.0228,0.058800000000000005,456774636701154.562500
0.15695000000000003,0.022000000000000002,0.055600000000000004,456774636701154.562500
0.1569600000000001,0.0228,0.056400000000000006,456774636701154.562500
0.15697000000000005,0.0212,0.0524,456774636701154.562500
0.15698,0.0204,0.034800000000000005,456774636701154.562500
0.15699000000000007,0.0196,0.055600000000000004,456774636701154.562500
0.15700000000000003,0.022000000000000002,0.0516,456774636701154.562500
0.1570100000000001,0.022000000000000002,0.0548,456774636701154.562500
0.15702000000000005,0.018000000000000002,0.0572,456774636701154.562500
0.15703,0.022000000000000002,0.0548,456774636701154.562500
0.15704000000000007,0.0204,0.0572,456774636701154.562500
0.15705000000000002,0.0212,0.055600000000000004,456774636701154.562500
0.1570600000000001,0.0204,0.056400000000000006,456774636701154.562500
0.15707000000000004,0.0204,0.056400000000000006,456774636701154.562500
0.1570800000000001,0.0236,0.0572,456774636701154.562500
0.15709000000000006,0.022000000000000002,0.056400000000000006,456774636701154.562500
0.15710000000000002,0.0228,0.05,456774636701154.562500
0.15711000000000008,0.0228,0.0548,456774636701154.562500
0.15712000000000004,0.0228,0.050800000000000005,456774636701154.562500
0.1571300000000001,0.0212,0.0572,456774636701154.562500
0.15714000000000006,0.0228,0.053200000000000004,456774636701154.562500
0.15715,0.0236,0.055600000000000004,456774636701154.562500
0.15716000000000008,0.0236,0.050800000000000005,456774636701154.562500
0.15717000000000003,0.0244,0.0468,456774636701154.562500
0.1571800000000001,0.0252,0.055600000000000004,456774636701154.562500
0.15719000000000005,0.0236,0.0356,456774636701154.562500
0.1572,0.0236,0.046,456774636701154.562500
0.15721000000000007,0.0228,0.042800000000000005,456774636701154.562500
0.15722000000000003,0.0212,0.055600000000000004,456774636701154.562500
0.1572300000000001,0.0228,0.05,456774636701154.562500
0.15724000000000005,0.022000000000000002,0.056400000000000006,456774636701154.562500
0.15725,0.022000000000000002,0.0572,456774636701154.562500
0.15726000000000007,0.0228,0.056400000000000006,456774636701154.562500
0.15727000000000002,0.0212,0.055600000000000004,456774636701154.562500
0.1572800000000001,0.0228,0.055600000000000004,456774636701154.562500
0.15729000000000004,0.0236,0.0572,456774636701154.562500
0.1573000000000001,0.0228,0.0548,456774636701154.562500
0.15731000000000006,0.0212,0.056400000000000006,456774636701154.562500
0.15732000000000002,0.0236,0.0516,456774636701154.562500
0.15733000000000008,0.0188,0.055600000000000004,456774636701154.562500
0.15734000000000004,0.0236,0.0516,456774636701154.562500
0.1573500000000001,0.0212,0.0572,456774636701154.562500
0.15736000000000006,0.0204,0.054,456774636701154.562500
0.15737,0.0164,0.055600000000000004,456774636701154.562500
0.15738000000000008,0.0228,0.053200000000000004,456774636701154.562500
0.15739000000000003,0.022000000000000002,0.0524,456774636701154.562500
0.1574000000000001,0.022000000000000002,0.0548,456774636701154.562500
0.15741000000000005,0.0196,0.056400000000000006,456774636701154.562500
0.15742,0.0228,0.055600000000000004,456774636701154.562500
0.15743000000000007,0.0212,0.0516,456774636701154.562500
0.15744000000000002,0.0252,0.056400000000000006,456774636701154.562500
0.1574500000000001,0.0244,0.054,456774636701154.562500
0.15746000000000004,0.0244,0.055600000000000004,456774636701154.562500
0.15747,0.0244,0.050800000000000005,456774636701154.562500
0.15748000000000006,0.0212,0.055600000000000004,456774636701154.562500
0.15749000000000002,0.0228,0.054,456774636701154.562500
0.15750000000000008,0.0244,0.055600000000000004,456774636701154.562500
0.15751000000000004,0.0236,0.058,456774636701154.562500
0.1575200000000001,0.0244,0.054,456774636701154.562500
0.15753000000000006,0.0236,0.056400000000000006,456774636701154.562500
0.15754,0.0244,0.0492,456774636701154.562500
0.15755000000000008,0.022000000000000002,0.055600000000000004,456774636701154.562500
0.15756000000000003,0.0236,0.0548,456774636701154.562500
0.1575700000000001,0.022000000000000002,0.054,456774636701154.562500
0.15758000000000005,0.0236,0.0548,456774636701154.562500
0.15759,0.0228,0.0516,456774636701154.562500
0.15760000000000007,0.0228,0.0548,456774636701154.562500
0.15761000000000003,0.0212,0.0492,456774636701154.562500
0.1576200000000001,0.022000000000000002,0.0572,456774636701154.562500
0.15763000000000005,0.022000000000000002,0.045200000000000004,456774636701154.562500
0.15764,0.0204,0.054,456774636701154.562500
0.15765000000000007,0.0212,0.0476,456774636701154.562500
0.15766000000000002,0.0204,0.056400000000000006,456774636701154.562500
0.1576700000000001,0.0228,0.054,456774636701154.562500
0.15768000000000004,0.0228,0.055600000000000004,456774636701154.562500
0.1576900000000001,0.0236,0.056400000000000006,456774636701154.562500
0.15770000000000006,0.0228,0.0548,456774636701154.562500
0.15771000000000002,0.0204,0.055600000000000004,456774636701154.562500
0.15772000000000008,0.022000000000000002,0.056400000000000006,456774636701154.562500
0.15773000000000004,0.0172,0.056400000000000006,456774636701154.562500
0.1577400000000001,0.0236,0.0572,456774636701154.562500
0.15775000000000006,0.0228,0.058,456774636701154.562500
0.15776,0.0252,0.0572,456774636701154.562500
0.15777000000000008,0.0236,0.0548,456774636701154.562500
0.15778000000000003,0.0244,0.0572,456774636701154.562500
0.1577900000000001,0.0244,0.050800000000000005,456774636701154.562500
0.15780000000000005,0.0188,0.056400000000000006,456774636701154.562500
0.15781,0.0228,0.053200000000000004,456774636701154.562500
0.15782000000000007,0.0212,0.058800000000000005,456774636701154.562500
0.15783000000000003,0.0244,0.0524,456774636701154.562500
0.1578400000000001,0.0236,0.0572,456774636701154.562500
0.15785000000000005,0.0236,0.0516,456774636701154.562500
0.15786,0.0228,0.055600000000000004,456774636701154.562500
0.15787000000000007,0.0196,0.053200000000000004,456774636701154.562500
0.15788000000000002,0.0212,0.0516,456774636701154.562500
0.15789000000000009,0.0204,0.056400000000000006,456774636701154.562500
0.15790000000000004,0.022000000000000002,0.056400000000000006,456774636701154.562500
0.1579100000000001,0.0204,0.0572,456774636701154.562500
0.15792000000000006,0.0212,0.046,456774636701154.562500
0.15793000000000001,0.0212,0.054,456774636701154.562500
0.15794000000000008,0.022000000000000002,0.056400000000000006,456774636701154.562500
0.15795000000000003,0.0236,0.055600000000000004,456774636701154.562500
0.1579600000000001,0.0188,0.058800000000000005,456774636701154.562500
0.15797000000000005,0.0236,0.056400000000000006,456774636701154.562500
0.15798,0.0204,0.055600000000000004,456774636701154.562500
0.15799000000000007,0.0196,0.055600000000000004,456774636701154.562500
0.15800000000000003,0.0212,0.055600000000000004,456774636701154.562500
0.1580100000000001,0.0164,0.0548,456774636701154.562500
0.15802000000000005,0.0228,0.056400000000000006,456774636701154.562500
0.15803,0.0196,0.0524,456774636701154.562500
0.15804000000000007,0.0204,0.054,456774636701154.562500
0.15805000000000002,0.0252,0.050800000000000005,456774636701154.562500
0.1580600000000001,0.0252,0.058,456774636701154.562500
0.15807000000000004,0.015600000000000001,0.0516,456774636701154.562500
0.1580800000000001,0.0188,0.0572,456774636701154.562500
0.15809000000000006,0.0188,0.0516,456774636701154.562500
0.15810000000000002,0.0244,0.056400000000000006,456774636701154.562500
0.15811000000000008,0.0244,0.0516,456774636701154.562500
0.15812000000000004,0.0228,0.0572,456774636701154.562500
0.1581300000000001,0.022000000000000002,0.0572,456774636701154.562500
0.15814000000000006,0.0204,0.048400000000000006,456774636701154.562500
0.15815,0.0228,0.055600000000000004,456774636701154.562500
0.15816000000000008,0.022000000000000002,0.0492,456774636701154.562500
0.15817000000000003,0.0212,0.0572,456774636701154.562500
0.1581800000000001,0.022000000000000002,0.055600000000000004,456774636701154.562500
0.15819000000000005,0.0236,0.0572,456774636701154.562500
0.1582,0.0164,0.054,456774636701154.562500
0.15821000000000007,0.022000000000000002,0.0548,456774636701154.562500
0.15822000000000003,0.022000000000000002,0.056400000000000006,456774636701154.562500
0.1582300000000001,0.0228,0.05,456774636701154.562500
0.15824000000000005,0.022000000000000002,0.0548,456774636701154.562500
0.15825,0.0228,0.053200000000000004,456774636701154.562500
0.15826000000000007,0.018000000000000002,0.05,456774636701154.562500
0.15827000000000002,0.0236,0.05,456774636701154.562500
0.1582800000000001,0.0228,0.0444,456774636701154.562500
0.15829000000000004,0.022000000000000002,0.056400000000000006,456774636701154.562500
0.1583000000000001,0.0228,0.048400000000000006,456774636701154.562500
0.15831000000000006,0.0212,0.056400000000000006,456774636701154.562500
0.15832000000000002,0.0236,0.0572,456774636701154.562500
0.15833000000000008,0.0204,0.0572,456774636701154.562500
0.15834000000000004,0.0252,0.055600000000000004,456774636701154.562500
0.1583500000000001,0.0228,0.056400000000000006,456774636701154.562500
0.15836000000000006,0.0236,0.054,456774636701154.562500
0.15837,0.0212,0.0548,456774636701154.562500
0.15838000000000008,0.0228,0.056400000000000006,456774636701154.562500
0.15839000000000003,0.022000000000000002,0.050800000000000005,456774636701154.562500
0.1584000000000001,0.0252,0.055600000000000004,456774636701154.562500
0.15841000000000005,0.0236,0.0548,456774636701154.562500
0.15842,0.0228,0.0572,456774636701154.562500
0.15843000000000007,0.0244,0.0492,456774636701154.562500
0.15844000000000003,0.0228,0.055600000000000004,456774636701154.562500
0.1584500000000001,0.0236,0.05,456774636701154.562500
0.15846000000000005,0.0236,0.0572,456774636701154.562500
0.15847,0.0188,0.053200000000000004,456774636701154.562500
0.15848000000000007,0.0236,0.0516,456774636701154.562500
0.15849000000000002,0.0228,0.0492,456774636701154.562500
0.15850000000000009,0.0212,0.055600000000000004,456774636701154.562500
0.15851000000000004,0.0204,0.0524,456774636701154.562500
0.1585200000000001,0.0204,0.05,456774636701154.562500
0.15853000000000006,0.0212,0.046,456774636701154.562500
0.15854000000000001,0.0236,0.0572,456774636701154.562500
0.15855000000000008,0.0204,0.0468,456774636701154.562500
0.15856000000000003,0.022000000000000002,0.055600000000000004,456774636701154.562500
0.1585700000000001,0.022000000000000002,0.053200000000000004,456774636701154.562500
0.15858000000000005,0.0228,0.0572,456774636701154.562500
0.15859,0.022000000000000002,0.045200000000000004,456774636701154.562500
0.15860000000000007,0.0212,0.056400000000000006,456774636701154.562500
0.15861000000000003,0.0228,0.0468,456774636701154.562500
0.1586200000000001,0.0228,0.056400000000000006,456774636701154.562500
0.15863000000000005,0.022000000000000002,0.054,456774636701154.562500
0.15864,0.0236,0.054,456774636701154.562500
0.15865000000000007,0.022000000000000002,0.0548,456774636701154.562500
0.15866000000000002,0.0244,0.05,456774636701154.562500
0.1586700000000001,0.022000000000000002,0.056400000000000006,456774636701154.562500
0.15868000000000004,0.0236,0.054,456774636701154.562500
0.1586900000000001,0.0236,0.0548,456774636701154.562500
0.15870000000000006,0.022000000000000002,0.0476,456774636701154.562500
0.15871000000000002,0.015600000000000001,0.055600000000000004,456774636701154.562500
0.15872000000000008,0.022000000000000002,0.0548,456774636701154.562500
0.15873000000000004,0.0236,0.045200000000000004,456774636701154.562500
0.1587400000000001,0.0228,0.05,456774636701154.562500
0.15875000000000006,0.0212,0.0492,456774636701154.562500
0.15876,0.0228,0.055600000000000004,456774636701154.562500
0.15877000000000008,0.0212,0.050800000000000005,456774636701154.562500
0.15878000000000003,0.0188,0.056400000000000006,456774636701154.562500
0.1587900000000001,0.0204,0.0572,456774636701154.562500
0.15880000000000005,0.0172,0.0572,456774636701154.562500
0.15881,0.0212,0.0572,456774636701154.562500
0.15882000000000007,0.022000000000000002,0.056400000000000006,456774636701154.562500
0.15883000000000003,0.0212,0.056400000000000006,456774636701154.562500
0.1588400000000001,0.0228,0.056400000000000006,456774636701154.562500
0.15885000000000005,0.022000000000000002,0.056400000000000006,456774636701154.562500
0.15886,0.018000000000000002,0.056400000000000006,456774636701154.562500
0.15887000000000007,0.0236,0.0548,456774636701154.562500
0.15888000000000002,0.0196,0.0492,456774636701154.562500
0.1588900000000001,0.0212,0.0524,456774636701154.562500
0.15890000000000004,0.0204,0.0524,456774636701154.562500
0.1589100000000001,0.0212,0.0524,456774636701154.562500
0.15892000000000006,0.0228,0.056400000000000006,456774636701154.562500
0.15893000000000002,0.022000000000000002,0.056400000000000006,456774636701154.562500
0.15894000000000008,0.022000000000000002,0.0548,456774636701154.562500
0.15895000000000004,0.0228,0.058,456774636701154.562500
0.1589600000000001,0.0236,0.0572,456774636701154.562500
0.15897000000000006,0.0228,0.0476,456774636701154.562500
0.15898,0.0244,0.056400000000000006,456774636701154.562500
0.15899000000000008,0.0204,0.05,456774636701154.562500
0.15900000000000003,0.0236,0.0572,456774636701154.562500
0.1590100000000001,0.0244,0.0524,456774636701154.562500
0.15902000000000005,0.0212,0.058,456774636701154.562500
0.15903,0.0196,0.055600000000000004,456774636701154.562500
0.15904000000000007,0.0244,0.056400000000000006,456774636701154.562500
0.15905000000000002,0.015600000000000001,0.055600000000000004,456774636701154.562500
0.1590600000000001,0.0236,0.0548,456774636701154.562500
0.15907000000000004,0.0212,0.056400000000000006,456774636701154.562500
0.15908,0.0244,0.055600000000000004,456774636701154.562500
0.15909000000000006,0.0228,0.0572,456774636701154.562500
0.15910000000000002,0.0228,0.054,456774636701154.562500
0.15911000000000008,0.0196,0.056400000000000006,456774636701154.562500
0.15912000000000004,0.0212,0.053200000000000004,456774636701154.562500
0.1591300000000001,0.0204,0.0572,456774636701154.562500
0.15914000000000006,0.0228,0.0548,456774636701154.562500
0.15915,0.0172,0.050800000000000005,456774636701154.562500
0.15916000000000008,0.0196,0.056400000000000006,456774636701154.562500
0.15917000000000003,0.022000000000000002,0.05,456774636701154.562500
0.1591800000000001,0.0212,0.054,456774636701154.562500
0.15919000000000005,0.0188,0.046,456774636701154.562500
0.1592,0.022000000000000002,0.0548,456774636701154.562500
0.15921000000000007,0.0228,0.054,456774636701154.562500
0.15922000000000003,0.022000000000000002,0.056400000000000006,456774636701154.562500
0.1592300000000001,0.0244,0.0572,456774636701154.562500
0.15924000000000005,0.0236,0.056400000000000006,456774636701154.562500
0.15925,0.0228,0.0548,456774636701154.562500
0.15926000000000007,0.0236,0.054,456774636701154.562500
0.15927000000000002,0.0212,0.0516,456774636701154.562500
0.1592800000000001,0.0252,0.054,456774636701154.562500
0.15929000000000004,0.0228,0.056400000000000006,456774636701154.562500
0.1593000000000001,0.0252,0.055600000000000004,456774636701154.562500
0.15931000000000006,0.0252,0.055600000000000004,456774636701154.562500
0.15932000000000002,0.0228,0.0436,456774636701154.562500
0.15933000000000008,0.0244,0.0572,456774636701154.562500
0.15934000000000004,0.0236,0.050800000000000005,456774636701154.562500
0.1593500000000001,0.0244,0.056400000000000006,456774636701154.562500
0.15936000000000006,0.0228,0.05,456774636701154.562500
0.15937,0.022000000000000002,0.0492,456774636701154.562500
0.15938000000000008,0.0212,0.055600000000000004,456774636701154.562500
0.15939000000000003,0.0212,0.05,456774636701154.562500
0.1594000000000001,0.0228,0.0548,456774636701154.562500
0.15941000000000005,0.0212,0.0548,456774636701154.562500
0.15942,0.0236,0.048400000000000006,456774636701154.562500
0.15943000000000007,0.0204,0.0476,456774636701154.562500
0.15944000000000003,0.022000000000000002,0.053200000000000004,456774636701154.562500
0.1594500000000001,0.022000000000000002,0.0492,456774636701154.562500
0.15946000000000005,0.0212,0.048400000000000006,456774636701154.562500
0.15947,0.0228,0.054,456774636701154.562500
0.15948000000000007,0.0228,0.055600000000000004,456774636701154.562500
0.15949000000000002,0.0212,0.0476,456774636701154.562500
0.1595000000000001,0.0204,0.054,456774636701154.562500
0.15951000000000004,0.0236,0.05,456774636701154.562500
0.1595200000000001,0.0236,0.0572,456774636701154.562500
0.15953000000000006,0.0228,0.0548,456774636701154.562500
0.15954000000000002,0.0236,0.0476,456774636701154.562500
0.15955000000000008,0.0236,0.0524,456774636701154.562500
0.15956000000000004,0.0244,0.0492,456774636701154.562500
0.1595700000000001,0.022000000000000002,0.056400000000000006,456774636701154.562500
0.15958000000000006,0.0236,0.0572,456774636701154.562500
0.15959,0.0236,0.058,456774636701154.562500
0.15960000000000008,0.0228,0.055600000000000004,456774636701154.562500
0.15961000000000003,0.0244,0.056400000000000006,456774636701154.562500
0.1596200000000001,0.0252,0.0572,456774636701154.562500
0.15963000000000005,0.0244,0.050800000000000005,456774636701154.562500
0.15964,0.0236,0.055600000000000004,456774636701154.562500
0.15965000000000007,0.0236,0.054,456774636701154.562500
0.15966000000000002,0.0196,0.053200000000000004,456774636701154.562500
0.1596700000000001,0.022000000000000002,0.042,456774636701154.562500
0.15968000000000004,0.0188,0.0572,456774636701154.562500
0.15969,0.022000000000000002,0.055600000000000004,456774636701154.562500
0.15970000000000006,0.0172,0.056400000000000006,456774636701154.562500
0.15971000000000002,0.022000000000000002,0.0548,456774636701154.562500
0.15972000000000008,0.022000000000000002,0.054,456774636701154.562500
0.15973000000000004,0.0228,0.056400000000000006,456774636701154.562500
0.1597400000000001,0.022000000000000002,0.0548,456774636701154.562500
0.15975000000000006,0.0228,0.055600000000000004,456774636701154.562500
0.15976,0.0212,0.055600000000000004,456774636701154.562500
0.15977000000000008,0.0212,0.054,456774636701154.562500
0.15978000000000003,0.0204,0.056400000000000006,456774636701154.562500
0.1597900000000001,0.0204,0.048400000000000006,456774636701154.562500
0.15980000000000005,0.0188,0.056400000000000006,456774636701154.562500
0.15981,0.022000000000000002,0.0524,456774636701154.562500
0.15982000000000007,0.0212,0.055600000000000004,456774636701154.562500
0.15983000000000003,0.0212,0.0516,456774636701154.562500
0.1598400000000001,0.0228,0.048400000000000006,456774636701154.562500
0.15985000000000005,0.0236,0.056400000000000006,456774636701154.562500
0.15986,0.0228,0.0548,456774636701154.562500
0.15987000000000007,0.022000000000000002,0.0572,456774636701154.562500
0.15988000000000002,0.0228,0.0548,456774636701154.562500
0.1598900000000001,0.0228,0.0524,456774636701154.562500
0.15990000000000004,0.0244,0.056400000000000006,456774636701154.562500
0.1599100000000001,0.0252,0.056400000000000006,456774636701154.562500
0.15992000000000006,0.0244,0.05,456774636701154.562500
0.15993000000000002,0.0236,0.0572,456774636701154.562500
0.15994000000000008,0.0236,0.054,456774636701154.562500
0.15995000000000004,0.0236,0.0516,456774636701154.562500
0.1599600000000001,0.0228,0.053200000000000004,456774636701154.562500
0.15997000000000006,0.018000000000000002,0.053200000000000004,456774636701154.562500
0.15998,0.022000000000000002,0.054,456774636701154.562500
0.15999000000000008,0.0204,0.038,456774636701154.562500
0.16000000000000003,0.022000000000000002,0.058,456774636701154.562500
0.1600100000000001,0.0228,0.0444,456774636701154.562500
0.16002000000000005,0.022000000000000002,0.054,456774636701154.562500
0.16003,0.0212,0.0468,456774636701154.562500
0.16004000000000007,0.018000000000000002,0.056400000000000006,456774636701154.562500
0.16005000000000003,0.0212,0.0468,456774636701154.562500
0.1600600000000001,0.022000000000000002,0.054,456774636701154.562500
0.16007000000000005,0.022000000000000002,0.0436,456774636701154.562500
0.16008,0.0228,0.056400000000000006,456774636701154.562500
0.16009000000000007,0.0196,0.0468,456774636701154.562500
0.16010000000000002,0.022000000000000002,0.054,456774636701154.562500
0.16011000000000009,0.018000000000000002,0.042800000000000005,456774636701154.562500
0.16012000000000004,0.0228,0.0572,456774636701154.562500
0.1601300000000001,0.0212,0.055600000000000004,456774636701154.562500
0.16014000000000006,0.0212,0.05,456774636701154.562500
0.16015000000000001,0.0228,0.058,456774636701154.562500
0.16016000000000008,0.0204,0.056400000000000006,456774636701154.562500
0.16017000000000003,0.0236,0.0572,456774636701154.562500
0.1601800000000001,0.0228,0.0572,456774636701154.562500
0.16019000000000005,0.0228,0.055600000000000004,456774636701154.562500
0.1602,0.0188,0.0572,456774636701154.562500
0.16021000000000007,0.0236,0.0572,456774636701154.562500
0.16022000000000003,0.0244,0.053200000000000004,456774636701154.562500
0.1602300000000001,0.0236,0.055600000000000004,456774636701154.562500
0.16024000000000005,0.0252,0.058,456774636701154.562500
0.16025,0.0252,0.056400000000000006,456774636701154.562500
0.16026000000000007,0.0244,0.056400000000000006,456774636701154.562500
0.16027000000000002,0.0212,0.055600000000000004,456774636701154.562500
0.1602800000000001,0.0228,0.0548,456774636701154.562500
0.16029000000000004,0.022000000000000002,0.056400000000000006,456774636701154.562500
0.1603000000000001,0.022000000000000002,0.055600000000000004,456774636701154.562500
0.16031000000000006,0.022000000000000002,0.050800000000000005,456774636701154.562500
0.16032000000000002,0.0196,0.055600000000000004,456774636701154.562500
0.16033000000000008,0.0212,0.048400000000000006,456774636701154.562500
0.16034000000000004,0.022000000000000002,0.058,456774636701154.562500
0.1603500000000001,0.0212,0.045200000000000004,456774636701154.562500
0.16036000000000006,0.0212,0.054,456774636701154.562500
0.16037,0.0188,0.056400000000000006,456774636701154.562500
0.16038000000000008,0.0228,0.046,456774636701154.562500
0.16039000000000003,0.0228,0.0548,456774636701154.562500
0.1604000000000001,0.022000000000000002,0.056400000000000006,456774636701154.562500
0.16041000000000005,0.022000000000000002,0.0548,456774636701154.562500
0.16042,0.0204,0.056400000000000006,456774636701154.562500
0.16043000000000007,0.0236,0.0548,456774636701154.562500
0.16044000000000003,0.0196,0.055600000000000004,456774636701154.562500
0.1604500000000001,0.0244,0.055600000000000004,456774636701154.562500
0.16046000000000005,0.015600000000000001,0.053200000000000004,456774636701154.562500
0.16047,0.026000000000000002,0.056400000000000006,456774636701154.562500
0.16048000000000007,0.0196,0.0572,456774636701154.562500
0.16049000000000002,0.0228,0.0476,456774636701154.562500
0.1605000000000001,0.0236,0.0572,456774636701154.562500
0.16051000000000004,0.0196,0.046,456774636701154.562500
0.1605200000000001,0.0236,0.056400000000000006,456774636701154.562500
0.16053000000000006,0.0228,0.0524,456774636701154.562500
0.16054000000000002,0.0244,0.05,456774636701154.562500
0.16055000000000008,0.022000000000000002,0.055600000000000004,456774636701154.562500
0.16056000000000004,0.0252,0.055600000000000004,456774636701154.562500
0.1605700000000001,0.0236,0.055600000000000004,456774636701154.562500
0.16058000000000006,0.022000000000000002,0.056400000000000006,456774636701154.562500
0.16059,0.0196,0.0468,456774636701154.562500
0.16060000000000008,0.0196,0.0548,456774636701154.562500
0.16061000000000003,0.022000000000000002,0.05,456774636701154.562500
0.1606200000000001,0.018000000000000002,0.048400000000000006,456774636701154.562500
0.16063000000000005,0.022000000000000002,0.0572,456774636701154.562500
0.16064,0.022000000000000002,0.0492,456774636701154.562500
0.16065000000000007,0.022000000000000002,0.055600000000000004,456774636701154.562500
0.16066000000000003,0.0228,0.054,456774636701154.562500
0.1606700000000001,0.0212,0.056400000000000006,456774636701154.562500
0.16068000000000005,0.0228,0.0548,456774636701154.562500
0.16069,0.0188,0.055600000000000004,456774636701154.562500
0.16070000000000007,0.022000000000000002,0.0548,456774636701154.562500
0.16071000000000002,0.0228,0.055600000000000004,456774636701154.562500
0.16072000000000009,0.022000000000000002,0.0516,456774636701154.562500
0.16073000000000004,0.0244,0.055600000000000004,456774636701154.562500
0.1607400000000001,0.022000000000000002,0.053200000000000004,456774636701154.562500
0.16075000000000006,0.0228,0.056400000000000006,456774636701154.562500
0.16076000000000001,0.0212,0.050800000000000005,456774636701154.562500
0.16077000000000008,0.0196,0.055600000000000004,456774636701154.562500
0.16078000000000003,0.0236,0.045200000000000004,456774636701154.562500
0.1607900000000001,0.0236,0.0572,456774636701154.562500
0.16080000000000005,0.0236,0.056400000000000006,456774636701154.562500
0.16081,0.022000000000000002,0.0572,456774636701154.562500
0.16082000000000007,0.0212,0.0548,456774636701154.562500
0.16083000000000003,0.0244,0.0548,456774636701154.562500
0.1608400000000001,0.0244,0.0572,456774636701154.562500
0.16085000000000005,0.022000000000000002,0.050800000000000005,456774636701154.562500
0.16086,0.0236,0.055600000000000004,456774636701154.562500
0.16087000000000007,0.0204,0.056400000000000006,456774636701154.562500
0.16088000000000002,0.0236,0.0524,456774636701154.562500
0.1608900000000001,0.0228,0.0516,456774636701154.562500
0.16090000000000004,0.0236,0.0492,456774636701154.562500
0.1609100000000001,0.0236,0.056400000000000006,456774636701154.562500
0.16092000000000006,0.0196,0.0468,456774636701154.562500
0.16093000000000002,0.0228,0.0548,456774636701154.562500
0.16094000000000008,0.0188,0.05,456774636701154.562500
0.16095000000000004,0.0228,0.056400000000000006,456774636701154.562500
0.1609600000000001,0.0204,0.056400000000000006,456774636701154.562500
0.16097000000000006,0.0204,0.056400000000000006,456774636701154.562500
0.16098,0.0228,0.0548,456774636701154.562500
0.16099000000000008,0.0188,0.058,456774636701154.562500
0.16100000000000003,0.0236,0.0548,456774636701154.562500
0.1610100000000001,0.0196,0.0572,456774636701154.562500
0.16102000000000005,0.0212,0.0572,456774636701154.562500
0.16103,0.0204,0.055600000000000004,456774636701154.562500
0.16104000000000007,0.0228,0.058,456774636701154.562500
0.16105000000000003,0.0236,0.056400000000000006,456774636701154.562500
0.1610600000000001,0.0212,0.0548,456774636701154.562500
0.16107000000000005,0.0228,0.054,456774636701154.562500
0.16108,0.022000000000000002,0.0548,456774636701154.562500
0.16109000000000007,0.0252,0.0524,456774636701154.562500
0.16110000000000002,0.0212,0.055600000000000004,456774636701154.562500
0.1611100000000001,0.0236,0.056400000000000006,456774636701154.562500
0.16112000000000004,0.0204,0.0524,456774636701154.562500
0.1611300000000001,0.0244,0.055600000000000004,456774636701154.562500
0.16114000000000006,0.0204,0.0524,456774636701154.562500
0.16115000000000002,0.0244,0.0516,456774636701154.562500
0.16116000000000008,0.0236,0.0492,456774636701154.562500
0.16117000000000004,0.0196,0.055600000000000004,456774636701154.562500
0.1611800000000001,0.022000000000000002,0.0444,456774636701154.562500
0.16119000000000006,0.0204,0.0548,456774636701154.562500
0.1612,0.0236,0.0524,456774636701154.562500
0.16121000000000008,0.0204,0.056400000000000006,456774636701154.562500
0.16122000000000003,0.022000000000000002,0.0516,456774636701154.562500
0.1612300000000001,0.022000000000000002,0.056400000000000006,456774636701154.562500
0.16124000000000005,0.0212,0.0524,456774636701154.562500
0.16125,0.0228,0.055600000000000004,456774636701154.562500
0.16126000000000007,0.022000000000000002,0.055600000000000004,456774636701154.562500
0.16127000000000002,0.0228,0.054,456774636701154.562500
0.1612800000000001,0.0236,0.048400000000000006,456774636701154.562500
0.16129000000000004,0.0228,0.058,456774636701154.562500
0.1613,0.0236,0.0516,456774636701154.562500
0.16131000000000006,0.0204,0.055600000000000004,456774636701154.562500
0.16132000000000002,0.0236,0.0444,456774636701154.562500
0.16133000000000008,0.022000000000000002,0.055600000000000004,456774636701154.562500
0.16134000000000004,0.0236,0.056400000000000006,456774636701154.562500
0.1613500000000001,0.0212,0.0548,456774636701154.562500
0.16136000000000006,0.0228,0.050800000000000005,456774636701154.562500
0.16137,0.0244,0.055600000000000004,456774636701154.562500
0.16138000000000008,0.0228,0.0468,456774636701154.562500
0.16139000000000003,0.0236,0.054,456774636701154.562500
0.1614000000000001,0.0244,0.0548,456774636701154.562500
0.16141000000000005,0.0244,0.0548,456774636701154.562500
0.16142,0.0244,0.0572,456774636701154.562500
0.16143000000000007,0.0204,0.054,456774636701154.562500
0.16144000000000003,0.0252,0.056400000000000006,456774636701154.562500
0.1614500000000001,0.022000000000000002,0.048400000000000006,456774636701154.562500
0.16146000000000005,0.0236,0.055600000000000004,456774636701154.562500
0.16147,0.0196,0.0516,456774636701154.562500
0.16148000000000007,0.0252,0.054,456774636701154.562500
0.16149000000000002,0.0204,0.056400000000000006,456774636701154.562500
0.1615000000000001,0.0228,0.045200000000000004,456774636701154.562500
0.16151000000000004,0.0228,0.0524,456774636701154.562500
0.1615200000000001,0.0228,0.0524,456774636701154.562500
0.16153000000000006,0.0196,0.0524,456774636701154.562500
0.16154000000000002,0.0212,0.0516,456774636701154.562500
0.16155000000000008,0.018000000000000002,0.058800000000000005,456774636701154.562500
0.16156000000000004,0.022000000000000002,0.0548,456774636701154.562500
0.1615700000000001,0.0196,0.0572,456774636701154.562500
0.16158000000000006,0.0236,0.055600000000000004,456774636701154.562500
0.16159,0.0148,0.0548,456774636701154.562500
0.16160000000000008,0.022000000000000002,0.05,456774636701154.562500
0.16161000000000003,0.0212,0.056400000000000006,456774636701154.562500
0.1616200000000001,0.022000000000000002,0.054,456774636701154.562500
0.16163000000000005,0.0236,0.0548,456774636701154.562500
0.16164,0.022000000000000002,0.054,456774636701154.562500
0.16165000000000007,0.0228,0.0516,456774636701154.562500
0.16166000000000003,0.0236,0.055600000000000004,456774636701154.562500
0.1616700000000001,0.022000000000000002,0.045200000000000004,456774636701154.562500
0.16168000000000005,0.0252,0.056400000000000006,456774636701154.562500
0.16169,0.0236,0.05,456774636701154.562500
0.16170000000000007,0.0244,0.055600000000000004,456774636701154.562500
0.16171000000000002,0.022000000000000002,0.058,456774636701154.562500
0.16172000000000009,0.0236,0.040400000000000005,456774636701154.562500
0.16173000000000004,0.0244,0.055600000000000004,456774636701154.562500
0.1617400000000001,0.0252,0.050800000000000005,456774636701154.562500
0.16175000000000006,0.0236,0.055600000000000004,456774636701154.562500
0.16176000000000001,0.0252,0.0548,456774636701154.562500
0.16177000000000008,0.0244,0.053200000000000004,456774636701154.562500
0.16178000000000003,0.022000000000000002,0.054,456774636701154.562500
0.1617900000000001,0.0236,0.055600000000000004,456774636701154.562500
0.16180000000000005,0.0212,0.0524,456774636701154.562500
0.16181,0.0228,0.056400000000000006,456774636701154.562500
0.16182000000000007,0.0236,0.050800000000000005,456774636701154.562500
0.16183000000000003,0.022000000000000002,0.0548,456774636701154.562500
0.1618400000000001,0.0236,0.055600000000000004,456774636701154.562500
0.16185000000000005,0.022000000000000002,0.0572,456774636701154.562500
0.16186,0.022000000000000002,0.054,456774636701154.562500
0.16187000000000007,0.0196,0.053200000000000004,456774636701154.562500
0.16188000000000002,0.022000000000000002,0.056400000000000006,456774636701154.562500
0.1618900000000001,0.0236,0.055600000000000004,456774636701154.562500
0.16190000000000004,0.0212,0.054,456774636701154.562500
0.1619100000000001,0.0212,0.0468,456774636701154.562500
0.16192000000000006,0.0236,0.0516,456774636701154.562500
0.16193000000000002,0.0236,0.05,456774636701154.562500
0.16194000000000008,0.0236,0.056400000000000006,456774636701154.562500
0.16195000000000004,0.0236,0.0524,456774636701154.562500
0.1619600000000001,0.0212,0.0548,456774636701154.562500
0.16197000000000006,0.0252,0.055600000000000004,456774636701154.562500
0.16198,0.018000000000000002,0.056400000000000006,456774636701154.562500
0.16199000000000008,0.0228,0.053200000000000004,456774636701154.562500
0.16200000000000003,0.022000000000000002,0.055600000000000004,456774636701154.562500
0.1620100000000001,0.0228,0.055600000000000004,456774636701154.562500
0.16202000000000005,0.0252,0.055600000000000004,456774636701154.562500
0.16203,0.0236,0.0516,456774636701154.562500
0.16204000000000007,0.0212,0.054,456774636701154.562500
0.16205000000000003,0.0236,0.056400000000000006,456774636701154.562500
0.1620600000000001,0.0188,0.0524,456774636701154.562500
0.16207000000000005,0.0228,0.055600000000000004,456774636701154.562500
0.16208,0.0236,0.056400000000000006,456774636701154.562500
0.16209000000000007,0.0236,0.055600000000000004,456774636701154.562500
0.16210000000000002,0.022000000000000002,0.055600000000000004,456774636701154.562500
0.1621100000000001,0.0228,0.0572,456774636701154.562500
0.16212000000000004,0.022000000000000002,0.0524,456774636701154.562500
0.1621300000000001,0.022000000000000002,0.0572,456774636701154.562500
0.16214000000000006,0.022000000000000002,0.0572,456774636701154.562500
0.16215000000000002,0.022000000000000002,0.0548,456774636701154.562500
0.16216000000000008,0.0212,0.056400000000000006,456774636701154.562500
0.16217000000000004,0.0212,0.0524,456774636701154.562500
0.1621800000000001,0.0212,0.055600000000000004,456774636701154.562500
0.16219000000000006,0.0236,0.055600000000000004,456774636701154.562500
0.1622,0.022000000000000002,0.055600000000000004,456774636701154.562500
0.16221000000000008,0.022000000000000002,0.0524,456774636701154.562500
0.16222000000000003,0.0236,0.0516,456774636701154.562500
0.1622300000000001,0.022000000000000002,0.0356,456774636701154.562500
0.16224000000000005,0.022000000000000002,0.048400000000000006,456774636701154.562500
0.16225,0.0228,0.0468,456774636701154.562500
0.16226000000000007,0.0228,0.05,456774636701154.562500
0.16227000000000003,0.018000000000000002,0.042,456774636701154.562500
0.1622800000000001,0.0244,0.056400000000000006,456774636701154.562500
0.16229000000000005,0.0244,0.055600000000000004,456774636701154.562500
0.1623,0.0236,0.054,456774636701154.562500
0.16231000000000007,0.0244,0.0548,456774636701154.562500
0.16232000000000002,0.0244,0.0548,456774636701154.562500
0.16233000000000009,0.0244,0.058,456774636701154.562500
0.16234000000000004,0.0244,0.054,456774636701154.562500
0.1623500000000001,0.0252,0.056400000000000006,456774636701154.562500
0.16236000000000006,0.0244,0.056400000000000006,456774636701154.562500
0.16237000000000001,0.0236,0.054,456774636701154.562500
0.16238000000000008,0.0228,0.056400000000000006,456774636701154.562500
0.16239000000000003,0.022000000000000002,0.0524,456774636701154.562500
0.1624000000000001,0.0212,0.054,456774636701154.562500
0.16241000000000005,0.0236,0.0524,456774636701154.562500
0.16242,0.0228,0.048400000000000006,456774636701154.562500
0.16243000000000007,0.022000000000000002,0.056400000000000006,456774636701154.562500
0.16244000000000003,0.0196,0.053200000000000004,456774636701154.562500
0.1624500000000001,0.0204,0.055600000000000004,456774636701154.562500
0.16246000000000005,0.022000000000000002,0.0572,456774636701154.562500
0.16247,0.018000000000000002,0.0476,456774636701154.562500
0.16248000000000007,0.022000000000000002,0.056400000000000006,456774636701154.562500
0.16249000000000002,0.0172,0.053200000000000004,456774636701154.562500
0.1625000000000001,0.0212,0.054,456774636701154.562500
0.16251000000000004,0.0196,0.0524,456774636701154.562500
0.1625200000000001,0.022000000000000002,0.055600000000000004,456774636701154.562500
0.16253000000000006,0.0204,0.05,456774636701154.562500
0.16254000000000002,0.022000000000000002,0.0524,456774636701154.562500
0.16255000000000008,0.022000000000000002,0.0468,456774636701154.562500
0.16256000000000004,0.0244,0.050800000000000005,456774636701154.562500
0.1625700000000001,0.0212,0.0516,456774636701154.562500
0.16258000000000006,0.0228,0.0516,456774636701154.562500
0.16259,0.0228,0.055600000000000004,456774636701154.562500
0.16260000000000008,0.0228,0.050800000000000005,456774636701154.562500
0.16261000000000003,0.0212,0.050800000000000005,456774636701154.562500
0.1626200000000001,0.0252,0.055600000000000004,456774636701154.562500
0.16263000000000005,0.0196,0.050800000000000005,456774636701154.562500
0.16264,0.0236,0.056400000000000006,456774636701154.562500
0.16265000000000007,0.0244,0.0436,456774636701154.562500
0.16266000000000003,0.0244,0.055600000000000004,456774636701154.562500
0.1626700000000001,0.022000000000000002,0.056400000000000006,456774636701154.562500
0.16268000000000005,0.0228,0.053200000000000004,456774636701154.562500
0.16269,0.0228,0.0572,456774636701154.562500
0.16270000000000007,0.0244,0.053200000000000004,456774636701154.562500
0.16271000000000002,0.0228,0.055600000000000004,456774636701154.562500
0.1627200000000001,0.022000000000000002,0.056400000000000006,456774636701154.562500
0.16273000000000004,0.0212,0.056400000000000006,456774636701154.562500
0.1627400000000001,0.0172,0.0572,456774636701154.562500
0.16275000000000006,0.022000000000000002,0.055600000000000004,456774636701154.562500
0.16276000000000002,0.0204,0.056400000000000006,456774636701154.562500
0.16277000000000008,0.022000000000000002,0.055600000000000004,456774636701154.562500
0.16278000000000004,0.0204,0.050800000000000005,456774636701154.562500
0.1627900000000001,0.0212,0.055600000000000004,456774636701154.562500
0.16280000000000006,0.0212,0.0516,456774636701154.562500
0.16281,0.0236,0.05,456774636701154.562500
0.16282000000000008,0.0204,0.05,456774636701154.562500
0.16283000000000003,0.0172,0.054,456774636701154.562500
0.1628400000000001,0.022000000000000002,0.0468,456774636701154.562500
0.16285000000000005,0.0228,0.054,456774636701154.562500
0.16286,0.0196,0.050800000000000005,456774636701154.562500
0.16287000000000007,0.0228,0.0572,456774636701154.562500
0.16288000000000002,0.0228,0.054,456774636701154.562500
0.1628900000000001,0.0228,0.055600000000000004,456774636701154.562500
0.16290000000000004,0.0228,0.056400000000000006,456774636701154.562500
0.16291,0.0244,0.0516,456774636701154.562500
0.16292000000000006,0.0236,0.054,456774636701154.562500
0.16293000000000002,0.0228,0.054,456774636701154.562500
0.16294000000000008,0.022000000000000002,0.045200000000000004,456774636701154.562500
0.16295000000000004,0.0236,0.056400000000000006,456774636701154.562500
0.1629600000000001,0.022000000000000002,0.0492,456774636701154.562500
0.16297000000000006,0.0244,0.056400000000000006,456774636701154.562500
0.16298,0.0228,0.0388,456774636701154.562500
0.16299000000000008,0.0252,0.053200000000000004,456774636701154.562500
0.16300000000000003,0.022000000000000002,0.054,456774636701154.562500
0.1630100000000001,0.0244,0.0548,456774636701154.562500
0.16302000000000005,0.0244,0.0572,456774636701154.562500
0.16303,0.0228,0.0572,456774636701154.562500
0.16304000000000007,0.0236,0.0548,456774636701154.562500
0.16305000000000003,0.0212,0.056400000000000006,456774636701154.562500
0.1630600000000001,0.022000000000000002,0.056400000000000006,456774636701154.562500
0.16307000000000005,0.0204,0.056400000000000006,456774636701154.562500
0.16308,0.022000000000000002,0.056400000000000006,456774636701154.562500
0.16309000000000007,0.022000000000000002,0.0572,456774636701154.562500
0.16310000000000002,0.0204,0.0572,456774636701154.562500
0.1631100000000001,0.022000000000000002,0.055600000000000004,456774636701154.562500
0.16312000000000004,0.0228,0.055600000000000004,456774636701154.562500
0.1631300000000001,0.0228,0.056400000000000006,456774636701154.562500
0.16314000000000006,0.0228,0.056400000000000006,456774636701154.562500
0.16315000000000002,0.0236,0.050800000000000005,456774636701154.562500
0.16316000000000008,0.022000000000000002,0.0524,456774636701154.562500
0.16317000000000004,0.0228,0.0548,456774636701154.562500
0.1631800000000001,0.0228,0.0524,456774636701154.562500
0.16319000000000006,0.0212,0.0476,456774636701154.562500
0.1632,0.0236,0.0524,456774636701154.562500
0.16321000000000008,0.0228,0.048400000000000006,456774636701154.562500
0.16322000000000003,0.0228,0.054,456774636701154.562500
0.1632300000000001,0.0228,0.056400000000000006,456774636701154.562500
0.16324000000000005,0.022000000000000002,0.0516,456774636701154.562500
0.16325,0.0244,0.058,456774636701154.562500
0.16326000000000007,0.0236,0.055600000000000004,456774636701154.562500
0.16327000000000003,0.0236,0.056400000000000006,456774636701154.562500
0.1632800000000001,0.0228,0.05,456774636701154.562500
0.16329000000000005,0.0236,0.055600000000000004,456774636701154.562500
0.1633,0.022000000000000002,0.054,456774636701154.562500
0.16331000000000007,0.0204,0.053200000000000004,456774636701154.562500
0.16332000000000002,0.0244,0.0468,456774636701154.562500
0.1633300000000001,0.0244,0.0572,456774636701154.562500
0.16334000000000004,0.0228,0.0444,456774636701154.562500
0.1633500000000001,0.022000000000000002,0.054,456774636701154.562500
0.16336000000000006,0.0212,0.0364,456774636701154.562500
0.16337000000000002,0.022000000000000002,0.0468,456774636701154.562500
0.16338000000000008,0.022000000000000002,0.0468,456774636701154.562500
0.16339000000000004,0.0212,0.0524,456774636701154.562500
0.1634000000000001,0.0212,0.05,456774636701154.562500
0.16341000000000006,0.0228,0.056400000000000006,456774636701154.562500
0.16342,0.0228,0.0572,456774636701154.562500
0.16343000000000008,0.0204,0.054,456774636701154.562500
0.16344000000000003,0.022000000000000002,0.0572,456774636701154.562500
0.1634500000000001,0.0196,0.05,456774636701154.562500
0.16346000000000005,0.022000000000000002,0.055600000000000004,456774636701154.562500
0.16347,0.0204,0.055600000000000004,456774636701154.562500
0.16348000000000007,0.022000000000000002,0.045200000000000004,456774636701154.562500
0.16349000000000002,0.0236,0.056400000000000006,456774636701154.562500
0.1635000000000001,0.022000000000000002,0.0524,456774636701154.562500
0.16351000000000004,0.0204,0.0524,456774636701154.562500
0.1635200000000001,0.0236,0.05,456774636701154.562500
0.16353000000000006,0.0244,0.050800000000000005,456774636701154.562500
0.16354000000000002,0.0252,0.054,456774636701154.562500
0.16355000000000008,0.0236,0.056400000000000006,456774636701154.562500
0.16356000000000004,0.0244,0.05,456774636701154.562500
0.1635700000000001,0.0236,0.056400000000000006,456774636701154.562500
0.16358000000000006,0.0244,0.055600000000000004,456774636701154.562500
0.16359,0.0244,0.0524,456774636701154.562500
0.16360000000000008,0.0228,0.0572,456774636701154.562500
0.16361000000000003,0.0204,0.0548,456774636701154.562500
0.1636200000000001,0.0244,0.056400000000000006,456774636701154.562500
0.16363000000000005,0.0172,0.058,456774636701154.562500
0.16364,0.022000000000000002,0.0572,456774636701154.562500
0.16365000000000007,0.0212,0.055600000000000004,456774636701154.562500
0.16366000000000003,0.0244,0.05,456774636701154.562500
0.1636700000000001,0.0212,0.056400000000000006,456774636701154.562500
0.16368000000000005,0.0236,0.0476,456774636701154.562500
0.16369,0.0228,0.055600000000000004,456774636701154.562500
0.16370000000000007,0.022000000000000002,0.054,456774636701154.562500
0.16371000000000002,0.022000000000000002,0.0516,456774636701154.562500
0.1637200000000001,0.0228,0.054,456774636701154.562500
0.16373000000000004,0.0228,0.050800000000000005,456774636701154.562500
0.1637400000000001,0.022000000000000002,0.055600000000000004,456774636701154.562500
0.16375000000000006,0.0228,0.0492,456774636701154.562500
0.16376000000000002,0.0244,0.0548,456774636701154.562500
0.16377000000000008,0.0228,0.055600000000000004,456774636701154.562500
0.16378000000000004,0.0212,0.056400000000000006,456774636701154.562500
0.1637900000000001,0.0228,0.055600000000000004,456774636701154.562500
0.16380000000000006,0.0228,0.0524,456774636701154.562500
0.16381,0.0244,0.054,456774636701154.562500
0.16382000000000008,0.022000000000000002,0.054,456774636701154.562500
0.16383000000000003,0.0236,0.050800000000000005,456774636701154.562500
0.1638400000000001,0.0252,0.0572,456774636701154.562500
0.16385000000000005,0.0228,0.0476,456774636701154.562500
0.16386,0.0228,0.0516,456774636701154.562500
0.16387000000000007,0.0244,0.056400000000000006,456774636701154.562500
0.16388000000000003,0.022000000000000002,0.0516,456774636701154.562500
0.1638900000000001,0.0244,0.0572,456774636701154.562500
0.16390000000000005,0.0244,0.0572,456774636701154.562500
0.16391,0.022000000000000002,0.0492,456774636701154.562500
0.16392000000000007,0.0244,0.0524,456774636701154.562500
0.16393000000000002,0.026000000000000002,0.048400000000000006,456774636701154.562500
0.16394000000000009,0.0236,0.055600000000000004,456774636701154.562500
0.16395000000000004,0.0228,0.05,456774636701154.562500
0.1639600000000001,0.022000000000000002,0.048400000000000006,456774636701154.562500
0.16397000000000006,0.022000000000000002,0.042800000000000005,456774636701154.562500
0.16398000000000001,0.0212,0.0516,456774636701154.562500
0.16399000000000008,0.0228,0.042800000000000005,456774636701154.562500
0.16400000000000003,0.0228,0.053200000000000004,456774636701154.562500
0.1640100000000001,0.0236,0.0388,456774636701154.562500
0.16402000000000005,0.022000000000000002,0.055600000000000004,456774636701154.562500
0.16403,0.0212,0.055600000000000004,456774636701154.562500
0.16404000000000007,0.0236,0.055600000000000004,456774636701154.562500
0.16405000000000003,0.0236,0.055600000000000004,456774636701154.562500
0.1640600000000001,0.0228,0.050800000000000005,456774636701154.562500
0.16407000000000005,0.022000000000000002,0.058,456774636701154.562500
0.16408,0.022000000000000002,0.053200000000000004,456774636701154.562500
0.16409000000000007,0.0228,0.056400000000000006,456774636701154.562500
0.16410000000000002,0.0236,0.0572,456774636701154.562500
0.1641100000000001,0.0228,0.056400000000000006,456774636701154.562500
0.16412000000000004,0.022000000000000002,0.0548,456774636701154.562500
0.1641300000000001,0.0212,0.056400000000000006,456774636701154.562500
0.16414000000000006,0.0228,0.055600000000000004,456774636701154.562500
0.16415000000000002,0.0228,0.056400000000000006,456774636701154.562500
0.16416000000000008,0.0204,0.0468,456774636701154.562500
0.16417000000000004,0.0228,0.053200000000000004,456774636701154.562500
0.1641800000000001,0.0252,0.054,456774636701154.562500
0.16419000000000006,0.022000000000000002,0.0572,456774636701154.562500
0.1642,0.0236,0.0524,456774636701154.562500
0.16421000000000008,0.0228,0.055600000000000004,456774636701154.562500
0.16422000000000003,0.0236,0.058,456774636701154.562500
0.1642300000000001,0.0236,0.053200000000000004,456774636701154.562500
0.16424000000000005,0.0236,0.056400000000000006,456774636701154.562500
0.16425,0.0236,0.0516,456774636701154.562500
0.16426000000000007,0.0204,0.055600000000000004,456774636701154.562500
0.16427000000000003,0.022000000000000002,0.0468,456774636701154.562500
0.1642800000000001,0.022000000000000002,0.055600000000000004,456774636701154.562500
0.16429000000000005,0.0228,0.055600000000000004,456774636701154.562500
0.1643,0.0204,0.0548,456774636701154.562500
0.16431000000000007,0.022000000000000002,0.05,456774636701154.562500
0.16432000000000002,0.022000000000000002,0.0548,456774636701154.562500
0.1643300000000001,0.0236,0.056400000000000006,456774636701154.562500
0.16434000000000004,0.022000000000000002,0.0572,456774636701154.562500
0.1643500000000001,0.0212,0.050800000000000005,456774636701154.562500
0.16436000000000006,0.022000000000000002,0.0548,456774636701154.562500
0.16437000000000002,0.0212,0.056400000000000006,456774636701154.562500
0.16438000000000008,0.022000000000000002,0.0548,456774636701154.562500
0.16439000000000004,0.0228,0.056400000000000006,456774636701154.562500
0.1644000000000001,0.0228,0.056400000000000006,456774636701154.562500
0.16441000000000006,0.018000000000000002,0.053200000000000004,456774636701154.562500
0.16442,0.022000000000000002,0.056400000000000006,456774636701154.562500
0.16443000000000008,0.0196,0.055600000000000004,456774636701154.562500
0.16444000000000003,0.0236,0.0524,456774636701154.562500
0.1644500000000001,0.022000000000000002,0.058,456774636701154.562500
0.16446000000000005,0.0236,0.0548,456774636701154.562500
0.16447,0.0196,0.056400000000000006,456774636701154.562500
0.16448000000000007,0.026000000000000002,0.0548,456774636701154.562500
0.16449000000000003,0.0244,0.056400000000000006,456774636701154.562500
0.1645000000000001,0.0244,0.048400000000000006,456774636701154.562500
0.16451000000000005,0.0236,0.0516,456774636701154.562500
0.16452,0.0252,0.056400000000000006,456774636701154.562500
0.16453000000000007,0.0228,0.0548,456774636701154.562500
0.16454000000000002,0.0204,0.0516,456774636701154.562500
0.16455000000000009,0.0236,0.0548,456774636701154.562500
0.16456000000000004,0.022000000000000002,0.0524,456774636701154.562500
0.1645700000000001,0.022000000000000002,0.0524,456774636701154.562500
0.16458000000000006,0.0212,0.054,456774636701154.562500
0.16459000000000001,0.022000000000000002,0.055600000000000004,456774636701154.562500
0.16460000000000008,0.0228,0.056400000000000006,456774636701154.562500
0.16461000000000003,0.0236,0.056400000000000006,456774636701154.562500
0.1646200000000001,0.0236,0.055600000000000004,456774636701154.562500
0.16463000000000005,0.0228,0.054,456774636701154.562500
0.16464,0.022000000000000002,0.055600000000000004,456774636701154.562500
0.16465000000000007,0.022000000000000002,0.054,456774636701154.562500
0.16466000000000003,0.0228,0.056400000000000006,456774636701154.562500
0.1646700000000001,0.0228,0.054,456774636701154.562500
0.16468000000000005,0.0204,0.0572,456774636701154.562500
0.16469,0.0204,0.053200000000000004,456774636701154.562500
0.16470000000000007,0.0236,0.056400000000000006,456774636701154.562500
0.16471000000000002,0.0228,0.050800000000000005,456774636701154.562500
0.1647200000000001,0.0228,0.054,456774636701154.562500
0.16473000000000004,0.0236,0.0572,456774636701154.562500
0.1647400000000001,0.0212,0.055600000000000004,456774636701154.562500
0.16475000000000006,0.0212,0.055600000000000004,456774636701154.562500
0.16476000000000002,0.0236,0.0524,456774636701154.562500
0.16477000000000008,0.0244,0.054,456774636701154.562500
0.16478000000000004,0.0196,0.0548,456774636701154.562500
0.1647900000000001,0.0244,0.0548,456774636701154.562500
0.16480000000000006,0.0244,0.0444,456774636701154.562500
0.16481,0.0204,0.056400000000000006,456774636701154.562500
0.16482000000000008,0.026000000000000002,0.054,456774636701154.562500
0.16483000000000003,0.0244,0.0572,456774636701154.562500
0.1648400000000001,0.0244,0.054,456774636701154.562500
0.16485000000000005,0.0228,0.0572,456774636701154.562500
0.16486,0.0244,0.0572,456774636701154.562500
0.16487000000000007,0.022000000000000002,0.055600000000000004,456774636701154.562500
0.16488000000000003,0.022000000000000002,0.056400000000000006,456774636701154.562500
0.1648900000000001,0.022000000000000002,0.056400000000000006,456774636701154.562500
0.16490000000000005,0.0228,0.0524,456774636701154.562500
0.16491,0.022000000000000002,0.056400000000000006,456774636701154.562500
0.16492000000000007,0.0212,0.0516,456774636701154.562500
0.16493000000000002,0.022000000000000002,0.055600000000000004,456774636701154.562500
0.1649400000000001,0.0228,0.05,456774636701154.562500
0.16495000000000004,0.0228,0.056400000000000006,456774636701154.562500
0.1649600000000001,0.0188,0.054,456774636701154.562500
0.16497000000000006,0.022000000000000002,0.056400000000000006,456774636701154.562500
0.16498000000000002,0.0204,0.056400000000000006,456774636701154.562500
0.16499000000000008,0.022000000000000002,0.054,456774636701154.562500
0.16500000000000004,0.022000000000000002,0.0572,456774636701154.562500
0.1650100000000001,0.0228,0.055600000000000004,456774636701154.562500
0.16502000000000006,0.0228,0.0572,456774636701154.562500
0.16503,0.0244,0.054,456774636701154.562500
0.16504000000000008,0.0212,0.055600000000000004,456774636701154.562500
0.16505000000000003,0.0244,0.0548,456774636701154.562500
0.1650600000000001,0.022000000000000002,0.056400000000000006,456774636701154.562500
0.16507000000000005,0.0244,0.055600000000000004,456774636701154.562500
0.16508,0.0244,0.056400000000000006,456774636701154.562500
0.16509000000000007,0.0236,0.0548,456774636701154.562500
0.16510000000000002,0.0244,0.0548,456774636701154.562500
0.1651100000000001,0.0212,0.056400000000000006,456774636701154.562500
0.16512000000000004,0.0244,0.054,456774636701154.562500
0.16513,0.0204,0.054,456774636701154.562500
0.16514000000000006,0.0236,0.0492,456774636701154.562500
0.16515000000000002,0.018000000000000002,0.0572,456774636701154.562500
0.16516000000000008,0.0236,0.055600000000000004,456774636701154.562500
0.16517000000000004,0.0172,0.056400000000000006,456774636701154.562500
0.1651800000000001,0.0204,0.055600000000000004,456774636701154.562500
0.16519000000000006,0.0196,0.055600000000000004,456774636701154.562500
0.1652,0.0204,0.0548,456774636701154.562500
0.16521000000000008,0.0212,0.0548,456774636701154.562500
0.16522000000000003,0.0228,0.0548,456774636701154.562500
0.1652300000000001,0.0212,0.0572,456774636701154.562500
0.16524000000000005,0.0228,0.058,456774636701154.562500
0.16525,0.0228,0.053200000000000004,456774636701154.562500
0.16526000000000007,0.0228,0.055600000000000004,456774636701154.562500
0.16527000000000003,0.0228,0.054,456774636701154.562500
0.1652800000000001,0.0244,0.054,456774636701154.562500
0.16529000000000005,0.0228,0.0516,456774636701154.562500
0.1653,0.0188,0.054,456774636701154.562500
0.16531000000000007,0.022000000000000002,0.042800000000000005,456774636701154.562500
0.16532000000000002,0.0252,0.0468,456774636701154.562500
0.1653300000000001,0.0244,0.046,456774636701154.562500
0.16534000000000004,0.0236,0.0524,456774636701154.562500
0.1653500000000001,0.0244,0.05,456774636701154.562500
0.16536000000000006,0.0188,0.055600000000000004,456774636701154.562500
0.16537000000000002,0.026000000000000002,0.0468,456774636701154.562500
0.16538000000000008,0.0244,0.055600000000000004,456774636701154.562500
0.16539000000000004,0.0252,0.0572,456774636701154.562500
0.1654000000000001,0.0252,0.056400000000000006,456774636701154.562500
0.16541000000000006,0.0228,0.058,456774636701154.562500
0.16542,0.0236,0.053200000000000004,456774636701154.562500
0.16543000000000008,0.0228,0.056400000000000006,456774636701154.562500
0.16544000000000003,0.0244,0.056400000000000006,456774636701154.562500
0.1654500000000001,0.0236,0.058,456774636701154.562500
0.16546000000000005,0.0236,0.053200000000000004,456774636701154.562500
0.16547,0.0148,0.055600000000000004,456774636701154.562500
0.16548000000000007,0.022000000000000002,0.0548,456774636701154.562500
0.16549000000000003,0.0228,0.056400000000000006,456774636701154.562500
0.1655000000000001,0.0228,0.0548,456774636701154.562500
0.16551000000000005,0.0228,0.056400000000000006,456774636701154.562500
0.16552,0.0228,0.056400000000000006,456774636701154.562500
0.16553000000000007,0.0204,0.053200000000000004,456774636701154.562500
0.16554000000000002,0.0228,0.055600000000000004,456774636701154.562500
0.16555000000000009,0.0212,0.053200000000000004,456774636701154.562500
0.16556000000000004,0.0212,0.0572,456774636701154.562500
0.1655700000000001,0.0212,0.046,456774636701154.562500
0.16558000000000006,0.0212,0.0548,456774636701154.562500
0.16559000000000001,0.0228,0.0476,456774636701154.562500
0.16560000000000008,0.0236,0.0548,456774636701154.562500
0.16561000000000003,0.0228,0.055600000000000004,456774636701154.562500
0.1656200000000001,0.0236,0.0572,456774636701154.562500
0.16563000000000005,0.0236,0.0524,456774636701154.562500
0.16564,0.0228,0.0548,456774636701154.562500
0.16565000000000007,0.0204,0.0572,456774636701154.562500
0.16566000000000003,0.0228,0.0572,456774636701154.562500
0.1656700000000001,0.022000000000000002,0.0548,456774636701154.562500
0.16568000000000005,0.015600000000000001,0.050800000000000005,456774636701154.562500
0.16569,0.0188,0.056400000000000006,456774636701154.562500
0.16570000000000007,0.0244,0.0516,456774636701154.562500
0.16571000000000002,0.0244,0.055600000000000004,456774636701154.562500
0.1657200000000001,0.0252,0.055600000000000004,456774636701154.562500
0.16573000000000004,0.0252,0.056400000000000006,456774636701154.562500
0.1657400000000001,0.0228,0.058,456774636701154.562500
0.16575000000000006,0.022000000000000002,0.054,456774636701154.562500
0.16576000000000002,0.0236,0.0572,456774636701154.562500
0.16577000000000008,0.0236,0.058,456774636701154.562500
0.16578000000000004,0.022000000000000002,0.056400000000000006,456774636701154.562500
0.1657900000000001,0.0244,0.054,456774636701154.562500
0.16580000000000006,0.0236,0.0548,456774636701154.562500
0.16581,0.0228,0.0524,456774636701154.562500
0.16582000000000008,0.0228,0.056400000000000006,456774636701154.562500
0.16583000000000003,0.0236,0.055600000000000004,456774636701154.562500
0.1658400000000001,0.0236,0.0548,456774636701154.562500
0.16585000000000005,0.0212,0.055600000000000004,456774636701154.562500
0.16586,0.022000000000000002,0.050800000000000005,456774636701154.562500
0.16587000000000007,0.022000000000000002,0.050800000000000005,456774636701154.562500
0.16588000000000003,0.0212,0.055600000000000004,456774636701154.562500
0.1658900000000001,0.0212,0.054,456774636701154.562500
0.16590000000000005,0.0236,0.0572,456774636701154.562500
0.16591,0.0236,0.055600000000000004,456774636701154.562500
0.16592000000000007,0.022000000000000002,0.0516,456774636701154.562500
0.16593000000000002,0.0228,0.0548,456774636701154.562500
0.1659400000000001,0.022000000000000002,0.053200000000000004,456774636701154.562500
0.16595000000000004,0.022000000000000002,0.042800000000000005,456774636701154.562500
0.1659600000000001,0.0244,0.037200000000000004,456774636701154.562500
0.16597000000000006,0.0236,0.0492,456774636701154.562500
0.16598000000000002,0.0236,0.045200000000000004,456774636701154.562500
0.16599000000000008,0.0228,0.0572,456774636701154.562500
0.16600000000000004,0.0236,0.0548,456774636701154.562500
0.1660100000000001,0.0236,0.056400000000000006,456774636701154.562500
0.16602000000000006,0.0244,0.0548,456774636701154.562500
0.16603,0.0252,0.0548,456774636701154.562500
0.16604000000000008,0.0244,0.056400000000000006,456774636701154.562500
0.16605000000000003,0.0236,0.053200000000000004,456774636701154.562500
0.1660600000000001,0.0252,0.0572,456774636701154.562500
0.16607000000000005,0.022000000000000002,0.056400000000000006,456774636701154.562500
0.16608,0.0236,0.0516,456774636701154.562500
0.16609000000000007,0.0244,0.0548,456774636701154.562500
0.16610000000000003,0.0236,0.056400000000000006,456774636701154.562500
0.1661100000000001,0.0212,0.0516,456774636701154.562500
0.16612000000000005,0.0228,0.055600000000000004,456774636701154.562500
0.16613,0.018000000000000002,0.0572,456774636701154.562500
0.16614000000000007,0.0212,0.054,456774636701154.562500
0.16615000000000002,0.0204,0.0572,456774636701154.562500
0.16616000000000009,0.018000000000000002,0.056400000000000006,456774636701154.562500
0.16617000000000004,0.0172,0.054,456774636701154.562500
0.1661800000000001,0.0212,0.055600000000000004,456774636701154.562500
0.16619000000000006,0.0204,0.058,456774636701154.562500
0.16620000000000001,0.0196,0.0524,456774636701154.562500
0.16621000000000008,0.0188,0.054,456774636701154.562500
0.16622000000000003,0.022000000000000002,0.056400000000000006,456774636701154.562500
0.1662300000000001,0.0212,0.0572,456774636701154.562500
0.16624000000000005,0.022000000000000002,0.056400000000000006,456774636701154.562500
0.16625,0.0244,0.0572,456774636701154.562500
0.16626000000000007,0.0228,0.0548,456774636701154.562500
0.16627000000000003,0.022000000000000002,0.055600000000000004,456774636701154.562500
0.1662800000000001,0.022000000000000002,0.054,456774636701154.562500
0.16629000000000005,0.0236,0.056400000000000006,456774636701154.562500
0.1663,0.0252,0.058,456774636701154.562500
0.16631000000000007,0.0228,0.056400000000000006,456774636701154.562500
0.16632000000000002,0.0252,0.056400000000000006,456774636701154.562500
0.1663300000000001,0.0244,0.056400000000000006,456774636701154.562500
0.16634000000000004,0.0252,0.054,456774636701154.562500
0.1663500000000001,0.0244,0.056400000000000006,456774636701154.562500
0.16636000000000006,0.0244,0.0548,456774636701154.562500
0.16637000000000002,0.0236,0.055600000000000004,456774636701154.562500
0.16638000000000008,0.0228,0.055600000000000004,456774636701154.562500
0.16639000000000004,0.022000000000000002,0.058,456774636701154.562500
0.1664000000000001,0.0236,0.054,456774636701154.562500
0.16641000000000006,0.0228,0.055600000000000004,456774636701154.562500
0.16642,0.0244,0.055600000000000004,456774636701154.562500
0.16643000000000008,0.022000000000000002,0.055600000000000004,456774636701154.562500
0.16644000000000003,0.022000000000000002,0.056400000000000006,456774636701154.562500
0.1664500000000001,0.0204,0.056400000000000006,456774636701154.562500
0.16646000000000005,0.022000000000000002,0.0572,456774636701154.562500
0.16647,0.022000000000000002,0.055600000000000004,456774636701154.562500
0.16648000000000007,0.0212,0.0548,456774636701154.562500
0.16649000000000003,0.0228,0.0572,456774636701154.562500
0.1665000000000001,0.0236,0.055600000000000004,456774636701154.562500
0.16651000000000005,0.0212,0.058,456774636701154.562500
0.16652,0.0212,0.048400000000000006,456774636701154.562500
0.16653000000000007,0.0228,0.056400000000000006,456774636701154.562500
0.16654000000000002,0.0236,0.0516,456774636701154.562500
0.1665500000000001,0.0236,0.0572,456774636701154.562500
0.16656000000000004,0.0244,0.053200000000000004,456774636701154.562500
0.1665700000000001,0.0228,0.054,456774636701154.562500
0.16658000000000006,0.0244,0.054,456774636701154.562500
0.16659000000000002,0.0244,0.045200000000000004,456774636701154.562500
0.16660000000000008,0.0244,0.0572,456774636701154.562500
0.16661000000000004,0.0244,0.055600000000000004,456774636701154.562500
0.1666200000000001,0.0252,0.0572,456774636701154.562500
0.16663000000000006,0.0236,0.0572,456774636701154.562500
0.16664,0.022000000000000002,0.0572,456774636701154.562500
0.16665000000000008,0.0196,0.055600000000000004,456774636701154.562500
0.16666000000000003,0.0172,0.0524,456774636701154.562500
0.1666700000000001,0.0196,0.058800000000000005,456774636701154.562500
0.16668000000000005,0.0196,0.055600000000000004,456774636701154.562500
0.16669,0.0228,0.056400000000000006,456774636701154.562500
0.16670000000000007,0.0228,0.056400000000000006,456774636701154.562500
0.16671000000000002,0.0228,0.0548,456774636701154.562500
0.1667200000000001,0.0236,0.055600000000000004,456774636701154.562500
0.16673000000000004,0.0228,0.056400000000000006,456774636701154.562500
0.16674,0.0196,0.0572,456774636701154.562500
0.16675000000000006,0.0212,0.058800000000000005,456774636701154.562500
0.16676000000000002,0.0228,0.058,456774636701154.562500
0.16677000000000008,0.0212,0.0572,456774636701154.562500
0.16678000000000004,0.0164,0.058,456774636701154.562500
0.1667900000000001,0.0228,0.055600000000000004,456774636701154.562500
0.16680000000000006,0.022000000000000002,0.055600000000000004,456774636701154.562500
0.16681,0.0228,0.0572,456774636701154.562500
0.16682000000000008,0.0204,0.055600000000000004,456774636701154.562500
0.16683000000000003,0.0228,0.0572,456774636701154.562500
0.1668400000000001,0.0236,0.0548,456774636701154.562500
0.16685000000000005,0.022000000000000002,0.0516,456774636701154.562500
0.16686,0.0236,0.056400000000000006,456774636701154.562500
0.16687000000000007,0.0228,0.0548,456774636701154.562500
0.16688000000000003,0.0252,0.0524,456774636701154.562500
0.1668900000000001,0.0244,0.056400000000000006,456774636701154.562500
0.16690000000000005,0.0252,0.055600000000000004,456774636701154.562500
0.16691,0.0252,0.058,456774636701154.562500
0.16692000000000007,0.0228,0.0516,456774636701154.562500
0.16693000000000002,0.0204,0.056400000000000006,456774636701154.562500
0.1669400000000001,0.0236,0.058,456774636701154.562500
0.16695000000000004,0.022000000000000002,0.058800000000000005,456774636701154.562500
0.1669600000000001,0.0244,0.056400000000000006,456774636701154.562500
0.16697000000000006,0.0236,0.058,456774636701154.562500
0.16698000000000002,0.0236,0.054,456774636701154.562500
0.16699000000000008,0.0196,0.056400000000000006,456774636701154.562500
0.16700000000000004,0.0188,0.0572,456774636701154.562500
0.1670100000000001,0.0196,0.055600000000000004,456774636701154.562500
0.16702000000000006,0.0212,0.0572,456774636701154.562500
0.16703,0.0196,0.0548,456774636701154.562500
0.16704000000000008,0.0228,0.054,456774636701154.562500
0.16705000000000003,0.0228,0.056400000000000006,456774636701154.562500
0.1670600000000001,0.0228,0.056400000000000006,456774636701154.562500
0.16707000000000005,0.0164,0.055600000000000004,456774636701154.562500
0.16708,0.0196,0.0548,456774636701154.562500
0.16709000000000007,0.015600000000000001,0.056400000000000006,456774636701154.562500
0.16710000000000003,0.022000000000000002,0.058800000000000005,456774636701154.562500
0.1671100000000001,0.022000000000000002,0.0548,456774636701154.562500
0.16712000000000005,0.0204,0.056400000000000006,456774636701154.562500
0.16713,0.0236,0.0548,456774636701154.562500
0.16714000000000007,0.0228,0.054,456774636701154.562500
0.16715000000000002,0.0244,0.056400000000000006,456774636701154.562500
0.1671600000000001,0.0228,0.0548,456774636701154.562500
0.16717000000000004,0.0228,0.055600000000000004,456774636701154.562500
0.1671800000000001,0.022000000000000002,0.056400000000000006,456774636701154.562500
0.16719000000000006,0.0236,0.056400000000000006,456774636701154.562500
0.16720000000000002,0.0244,0.055600000000000004,456774636701154.562500
0.16721000000000008,0.0252,0.0548,456774636701154.562500
0.16722000000000004,0.0244,0.055600000000000004,456774636701154.562500
0.1672300000000001,0.0252,0.050800000000000005,456774636701154.562500
0.16724000000000006,0.0228,0.053200000000000004,456774636701154.562500
0.16725,0.0228,0.056400000000000006,456774636701154.562500
0.16726000000000008,0.0252,0.0548,456774636701154.562500
0.16727000000000003,0.0228,0.056400000000000006,456774636701154.562500
0.1672800000000001,0.0236,0.054,456774636701154.562500
0.16729000000000005,0.0236,0.0468,456774636701154.562500
0.1673,0.022000000000000002,0.05,456774636701154.562500
0.16731000000000007,0.0252,0.0524,456774636701154.562500
0.16732000000000002,0.0236,0.053200000000000004,456774636701154.562500
0.1673300000000001,0.0228,0.056400000000000006,456774636701154.562500
0.16734000000000004,0.022000000000000002,0.056400000000000006,456774636701154.562500
0.1673500000000001,0.0212,0.055600000000000004,456774636701154.562500
0.16736000000000006,0.022000000000000002,0.058,456774636701154.562500
0.16737000000000002,0.022000000000000002,0.0548,456774636701154.562500
0.16738000000000008,0.0204,0.055600000000000004,456774636701154.562500
0.16739000000000004,0.0212,0.055600000000000004,456774636701154.562500
0.1674000000000001,0.0212,0.054,456774636701154.562500
0.16741000000000006,0.0228,0.050800000000000005,456774636701154.562500
0.16742,0.022000000000000002,0.056400000000000006,456774636701154.562500
0.16743000000000008,0.0236,0.053200000000000004,456774636701154.562500
0.16744000000000003,0.022000000000000002,0.048400000000000006,456774636701154.562500
0.1674500000000001,0.0244,0.046,456774636701154.562500
0.16746000000000005,0.0228,0.0492,456774636701154.562500
0.16747,0.0252,0.048400000000000006,456774636701154.562500
0.16748000000000007,0.0204,0.056400000000000006,456774636701154.562500
0.16749000000000003,0.0212,0.056400000000000006,456774636701154.562500
0.1675000000000001,0.0228,0.0572,456774636701154.562500
0.16751000000000005,0.015600000000000001,0.0548,456774636701154.562500
0.16752,0.0204,0.058,456774636701154.562500
0.16753000000000007,0.0236,0.053200000000000004,456774636701154.562500
0.16754000000000002,0.0244,0.055600000000000004,456774636701154.562500
0.1675500000000001,0.0228,0.055600000000000004,456774636701154.562500
0.16756000000000004,0.0252,0.056400000000000006,456774636701154.562500
0.1675700000000001,0.022000000000000002,0.0572,456774636701154.562500
0.16758000000000006,0.0244,0.054,456774636701154.562500
0.16759000000000002,0.0236,0.055600000000000004,456774636701154.562500
0.16760000000000008,0.0228,0.0548,456774636701154.562500
0.16761000000000004,0.0236,0.0548,456774636701154.562500
0.1676200000000001,0.022000000000000002,0.053200000000000004,456774636701154.562500
0.16763000000000006,0.0204,0.058,456774636701154.562500
0.16764,0.0236,0.0548,456774636701154.562500
0.16765000000000008,0.022000000000000002,0.056400000000000006,456774636701154.562500
0.16766000000000003,0.0228,0.055600000000000004,456774636701154.562500
0.1676700000000001,0.0228,0.0572,456774636701154.562500
0.16768000000000005,0.0236,0.056400000000000006,456774636701154.562500
0.16769,0.022000000000000002,0.0524,456774636701154.562500
0.16770000000000007,0.0236,0.0572,456774636701154.562500
0.16771000000000003,0.0236,0.0524,456774636701154.562500
0.1677200000000001,0.022000000000000002,0.058,456774636701154.562500
0.16773000000000005,0.022000000000000002,0.055600000000000004,456774636701154.562500
0.16774,0.022000000000000002,0.0476,456774636701154.562500
0.16775000000000007,0.0228,0.050800000000000005,456774636701154.562500
0.16776000000000002,0.0236,0.054,456774636701154.562500
0.16777000000000009,0.0228,0.0524,456774636701154.562500
0.16778000000000004,0.0228,0.055600000000000004,456774636701154.562500
0.1677900000000001,0.0236,0.056400000000000006,456774636701154.562500
0.16780000000000006,0.0252,0.054,456774636701154.562500
0.16781000000000001,0.0236,0.0572,456774636701154.562500
0.16782000000000008,0.0236,0.0572,456774636701154.562500
0.16783000000000003,0.0244,0.053200000000000004,456774636701154.562500
0.1678400000000001,0.022000000000000002,0.055600000000000004,456774636701154.562500
0.16785000000000005,0.0228,0.053200000000000004,456774636701154.562500
0.16786,0.0196,0.0572,456774636701154.562500
0.16787000000000007,0.018000000000000002,0.0548,456774636701154.562500
0.16788000000000003,0.0172,0.0572,456774636701154.562500
0.1678900000000001,0.018000000000000002,0.050800000000000005,456774636701154.562500
0.16790000000000005,0.022000000000000002,0.058,456774636701154.562500
0.16791,0.0236,0.0524,456774636701154.562500
0.16792000000000007,0.0228,0.056400000000000006,456774636701154.562500
0.16793000000000002,0.022000000000000002,0.058800000000000005,456774636701154.562500
0.1679400000000001,0.0212,0.056400000000000006,456774636701154.562500
0.16795000000000004,0.022000000000000002,0.054,456774636701154.562500
0.1679600000000001,0.022000000000000002,0.056400000000000006,456774636701154.562500
0.16797000000000006,0.022000000000000002,0.058,456774636701154.562500
0.16798000000000002,0.0212,0.055600000000000004,456774636701154.562500
0.16799000000000008,0.022000000000000002,0.0572,456774636701154.562500
0.16800000000000004,0.0204,0.055600000000000004,456774636701154.562500
0.1680100000000001,0.0236,0.055600000000000004,456774636701154.562500
0.16802000000000006,0.0228,0.0516,456774636701154.562500
0.16803,0.022000000000000002,0.058,456774636701154.562500
0.16804000000000008,0.022000000000000002,0.048400000000000006,456774636701154.562500
0.16805000000000003,0.0212,0.054,456774636701154.562500
0.1680600000000001,0.0228,0.0572,456774636701154.562500
0.16807000000000005,0.022000000000000002,0.058,456774636701154.562500
0.16808,0.0228,0.0492,456774636701154.562500
0.16809000000000007,0.0228,0.0572,456774636701154.562500
0.16810000000000003,0.0236,0.054,456774636701154.562500
0.1681100000000001,0.0268,0.053200000000000004,456774636701154.562500
0.16812000000000005,0.0252,0.045200000000000004,456774636701154.562500
0.16813,0.0236,0.054,456774636701154.562500
0.16814000000000007,0.0236,0.050800000000000005,456774636701154.562500
0.16815000000000002,0.0236,0.0548,456774636701154.562500
0.1681600000000001,0.0212,0.053200000000000004,456774636701154.562500
0.16817000000000004,0.0204,0.056400000000000006,456774636701154.562500
0.1681800000000001,0.0236,0.056400000000000006,456774636701154.562500
0.16819000000000006,0.0236,0.056400000000000006,456774636701154.562500
0.16820000000000002,0.022000000000000002,0.056400000000000006,456774636701154.562500
0.16821000000000008,0.0236,0.056400000000000006,456774636701154.562500
0.16822000000000004,0.0228,0.055600000000000004,456774636701154.562500
0.1682300000000001,0.0228,0.056400000000000006,456774636701154.562500
0.16824000000000006,0.022000000000000002,0.056400000000000006,456774636701154.562500
0.16825,0.0244,0.055600000000000004,456774636701154.562500
0.16826000000000008,0.0236,0.053200000000000004,456774636701154.562500
0.16827000000000003,0.0228,0.055600000000000004,456774636701154.562500
0.1682800000000001,0.0212,0.056400000000000006,456774636701154.562500
0.16829000000000005,0.0148,0.055600000000000004,456774636701154.562500
0.1683,0.022000000000000002,0.058,456774636701154.562500
0.16831000000000007,0.022000000000000002,0.0572,456774636701154.562500
0.16832000000000003,0.0228,0.0524,456774636701154.562500
0.1683300000000001,0.0236,0.054,456774636701154.562500
0.16834000000000005,0.0228,0.056400000000000006,456774636701154.562500
0.16835,0.0236,0.053200000000000004,456774636701154.562500
0.16836000000000007,0.022000000000000002,0.056400000000000006,456774636701154.562500
0.16837000000000002,0.0244,0.058800000000000005,456774636701154.562500
0.16838000000000009,0.022000000000000002,0.055600000000000004,456774636701154.562500
0.16839000000000004,0.022000000000000002,0.0572,456774636701154.562500
0.1684000000000001,0.0228,0.0548,456774636701154.562500
0.16841000000000006,0.0244,0.056400000000000006,456774636701154.562500
0.16842000000000001,0.0236,0.058,456774636701154.562500
0.16843000000000008,0.0236,0.0476,456774636701154.562500
0.16844000000000003,0.022000000000000002,0.0548,456774636701154.562500
0.1684500000000001,0.026000000000000002,0.054,456774636701154.562500
0.16846000000000005,0.0228,0.056400000000000006,456774636701154.562500
0.16847,0.0236,0.054,456774636701154.562500
0.16848000000000007,0.0236,0.0572,456774636701154.562500
0.16849000000000003,0.0236,0.056400000000000006,456774636701154.562500
0.1685000000000001,0.0236,0.056400000000000006,456774636701154.562500
0.16851000000000005,0.0228,0.0548,456774636701154.562500
0.16852,0.0228,0.056400000000000006,456774636701154.562500
0.16853000000000007,0.0204,0.050800000000000005,456774636701154.562500
0.16854000000000002,0.0212,0.056400000000000006,456774636701154.562500
0.1685500000000001,0.0228,0.055600000000000004,456774636701154.562500
0.16856000000000004,0.022000000000000002,0.056400000000000006,456774636701154.562500
0.1685700000000001,0.0212,0.058800000000000005,456774636701154.562500
0.16858000000000006,0.0228,0.0524,456774636701154.562500
0.16859000000000002,0.0212,0.056400000000000006,456774636701154.562500
0.16860000000000008,0.0212,0.05,456774636701154.562500
0.16861000000000004,0.022000000000000002,0.045200000000000004,456774636701154.562500
0.1686200000000001,0.022000000000000002,0.0524,456774636701154.562500
0.16863000000000006,0.0228,0.0572,456774636701154.562500
0.16864,0.0228,0.0572,456774636701154.562500
0.16865000000000008,0.0196,0.055600000000000004,456774636701154.562500
0.16866000000000003,0.022000000000000002,0.056400000000000006,456774636701154.562500
0.1686700000000001,0.0212,0.0548,456774636701154.562500
0.16868000000000005,0.0244,0.0572,456774636701154.562500
0.16869,0.0244,0.056400000000000006,456774636701154.562500
0.16870000000000007,0.0236,0.058,456774636701154.562500
0.16871000000000003,0.0244,0.055600000000000004,456774636701154.562500
0.1687200000000001,0.0252,0.055600000000000004,456774636701154.562500
0.16873000000000005,0.022000000000000002,0.054,456774636701154.562500
0.16874,0.0244,0.056400000000000006,456774636701154.562500
0.16875000000000007,0.0212,0.056400000000000006,456774636701154.562500
0.16876000000000002,0.0252,0.056400000000000006,456774636701154.562500
0.1687700000000001,0.0212,0.0548,456774636701154.562500
0.16878000000000004,0.0236,0.0572,456774636701154.562500
0.1687900000000001,0.0228,0.053200000000000004,456774636701154.562500
0.16880000000000006,0.0244,0.056400000000000006,456774636701154.562500
0.16881000000000002,0.0236,0.058,456774636701154.562500
0.16882000000000008,0.0228,0.056400000000000006,456774636701154.562500
0.16883000000000004,0.0236,0.0572,456774636701154.562500
0.1688400000000001,0.022000000000000002,0.055600000000000004,456774636701154.562500
0.16885000000000006,0.0228,0.056400000000000006,456774636701154.562500
0.16886,0.0228,0.056400000000000006,456774636701154.562500
0.16887000000000008,0.022000000000000002,0.0572,456774636701154.562500
0.16888000000000003,0.0204,0.056400000000000006,456774636701154.562500
0.1688900000000001,0.022000000000000002,0.058,456774636701154.562500
0.16890000000000005,0.0228,0.056400000000000006,456774636701154.562500
0.16891,0.0228,0.054,456774636701154.562500
0.16892000000000007,0.0228,0.056400000000000006,456774636701154.562500
0.16893000000000002,0.0212,0.053200000000000004,456774636701154.562500
0.1689400000000001,0.0228,0.056400000000000006,456774636701154.562500
0.16895000000000004,0.022000000000000002,0.053200000000000004,456774636701154.562500
0.1689600000000001,0.022000000000000002,0.0572,456774636701154.562500
0.16897000000000006,0.0244,0.053200000000000004,456774636701154.562500
0.16898000000000002,0.0228,0.0548,456774636701154.562500
0.16899000000000008,0.0244,0.0548,456774636701154.562500
0.16900000000000004,0.0244,0.054,456774636701154.562500
0.1690100000000001,0.0244,0.0524,456774636701154.562500
0.16902000000000006,0.0244,0.053200000000000004,456774636701154.562500
0.16903,0.026000000000000002,0.054,456774636701154.562500
0.16904000000000008,0.0228,0.0548,456774636701154.562500
0.16905000000000003,0.0236,0.0572,456774636701154.562500
0.1690600000000001,0.0244,0.056400000000000006,456774636701154.562500
0.16907000000000005,0.022000000000000002,0.0572,456774636701154.562500
0.16908,0.0244,0.056400000000000006,456774636701154.562500
0.16909000000000007,0.0244,0.0572,456774636701154.562500
0.16910000000000003,0.0236,0.0572,456774636701154.562500
0.1691100000000001,0.022000000000000002,0.0572,456774636701154.562500
0.16912000000000005,0.0236,0.056400000000000006,456774636701154.562500
0.16913,0.0236,0.056400000000000006,456774636701154.562500
0.16914000000000007,0.022000000000000002,0.056400000000000006,456774636701154.562500
0.16915000000000002,0.0212,0.0548,456774636701154.562500
0.1691600000000001,0.022000000000000002,0.056400000000000006,456774636701154.562500
0.16917000000000004,0.0236,0.055600000000000004,456774636701154.562500
0.1691800000000001,0.0228,0.0572,456774636701154.562500
0.16919000000000006,0.0228,0.056400000000000006,456774636701154.562500
0.16920000000000002,0.0228,0.0524,456774636701154.562500
0.16921000000000008,0.0228,0.055600000000000004,456774636701154.562500
0.16922000000000004,0.0236,0.056400000000000006,456774636701154.562500
0.1692300000000001,0.0228,0.056400000000000006,456774636701154.562500
0.16924000000000006,0.0236,0.056400000000000006,456774636701154.562500
0.16925,0.0228,0.0572,456774636701154.562500
0.16926000000000008,0.0236,0.0572,456774636701154.562500
0.16927000000000003,0.0228,0.0572,456774636701154.562500
0.1692800000000001,0.022000000000000002,0.053200000000000004,456774636701154.562500
0.16929000000000005,0.0236,0.055600000000000004,456774636701154.562500
0.1693,0.022000000000000002,0.0572,456774636701154.562500
0.16931000000000007,0.0236,0.055600000000000004,456774636701154.562500
0.16932000000000003,0.0244,0.056400000000000006,456774636701154.562500
0.1693300000000001,0.0252,0.050800000000000005,456774636701154.562500
0.16934000000000005,0.0244,0.058800000000000005,456774636701154.562500
0.16935,0.0228,0.056400000000000006,456774636701154.562500
0.16936000000000007,0.0252,0.055600000000000004,456774636701154.562500
0.16937000000000002,0.0236,0.056400000000000006,456774636701154.562500
0.16938000000000009,0.0236,0.0572,456774636701154.562500
0.16939000000000004,0.0244,0.055600000000000004,456774636701154.562500
0.1694000000000001,0.0228,0.0548,456774636701154.562500
0.16941000000000006,0.0236,0.0516,456774636701154.562500
0.16942000000000002,0.0228,0.055600000000000004,456774636701154.562500
0.16943000000000008,0.0236,0.0572,456774636701154.562500
0.16944000000000004,0.0228,0.058,456774636701154.562500
0.1694500000000001,0.0228,0.058,456774636701154.562500
0.16946000000000006,0.0236,0.0572,456774636701154.562500
0.16947,0.0228,0.058800000000000005,456774636701154.562500
0.16948000000000008,0.0236,0.0572,456774636701154.562500
0.16949000000000003,0.022000000000000002,0.0572,456774636701154.562500
0.1695000000000001,0.0196,0.0572,456774636701154.562500
0.16951000000000005,0.0228,0.0572,456774636701154.562500
0.16952,0.0196,0.0572,456774636701154.562500
0.16953000000000007,0.022000000000000002,0.056400000000000006,456774636701154.562500
0.16954000000000002,0.0196,0.0572,456774636701154.562500
0.1695500000000001,0.0236,0.0572,456774636701154.562500
0.16956000000000004,0.0212,0.0572,456774636701154.562500
0.1695700000000001,0.022000000000000002,0.056400000000000006,456774636701154.562500
0.16958000000000006,0.0244,0.056400000000000006,456774636701154.562500
0.16959000000000002,0.0244,0.054,456774636701154.562500
0.16960000000000008,0.0228,0.055600000000000004,456774636701154.562500
0.16961000000000004,0.0236,0.0572,456774636701154.562500
0.1696200000000001,0.0244,0.054,456774636701154.562500
0.16963000000000006,0.0236,0.0572,456774636701154.562500
0.16964,0.0244,0.0572,456774636701154.562500
0.16965000000000008,0.0228,0.055600000000000004,456774636701154.562500
0.16966000000000003,0.0236,0.054,456774636701154.562500
0.1696700000000001,0.0236,0.0468,456774636701154.562500
0.16968000000000005,0.0236,0.048400000000000006,456774636701154.562500
0.16969,0.0244,0.053200000000000004,456774636701154.562500
0.16970000000000007,0.0228,0.054,456774636701154.562500
0.16971000000000003,0.0244,0.0572,456774636701154.562500
0.1697200000000001,0.0228,0.056400000000000006,456774636701154.562500
0.16973000000000005,0.022000000000000002,0.0572,456774636701154.562500
0.16974,0.0236,0.058,456774636701154.562500
0.16975000000000007,0.022000000000000002,0.0548,456774636701154.562500
0.16976000000000002,0.0228,0.055600000000000004,456774636701154.562500
0.1697700000000001,0.022000000000000002,0.0572,456774636701154.562500
0.16978000000000004,0.022000000000000002,0.058,456774636701154.562500
0.1697900000000001,0.0204,0.0572,456774636701154.562500
0.16980000000000006,0.0212,0.055600000000000004,456774636701154.562500
0.16981000000000002,0.0212,0.055600000000000004,456774636701154.562500
0.16982000000000008,0.0236,0.056400000000000006,456774636701154.562500
0.16983000000000004,0.0188,0.053200000000000004,456774636701154.562500
0.1698400000000001,0.0212,0.056400000000000006,456774636701154.562500
0.16985000000000006,0.0204,0.054,456774636701154.562500
0.16986,0.0212,0.0516,456774636701154.562500
0.16987000000000008,0.0236,0.056400000000000006,456774636701154.562500
0.16988000000000003,0.0244,0.0572,456774636701154.562500
0.1698900000000001,0.0236,0.055600000000000004,456774636701154.562500
0.16990000000000005,0.0236,0.0548,456774636701154.562500
0.16991,0.0236,0.056400000000000006,456774636701154.562500
0.16992000000000007,0.0244,0.0572,456774636701154.562500
0.16993000000000003,0.0252,0.0572,456774636701154.562500
0.1699400000000001,0.0244,0.056400000000000006,456774636701154.562500
0.16995000000000005,0.0236,0.0572,456774636701154.562500
0.16996,0.0244,0.056400000000000006,456774636701154.562500
0.16997000000000007,0.0236,0.056400000000000006,456774636701154.562500
0.16998000000000002,0.0236,0.0548,456774636701154.562500
0.16999000000000009,0.0244,0.0548,456774636701154.562500
0.17000000000000004,0.0244,0.0572,456774636701154.562500
0.1700100000000001,0.0236,0.0516,456774636701154.562500
0.17002000000000006,0.0236,0.0572,456774636701154.562500
0.17003000000000001,0.022000000000000002,0.054,456774636701154.562500
0.17004000000000008,0.0228,0.056400000000000006,456774636701154.562500
0.17005000000000003,0.0236,0.058,456774636701154.562500
0.1700600000000001,0.0236,0.0524,456774636701154.562500
0.17007000000000005,0.0212,0.0516,456774636701154.562500
0.17008,0.022000000000000002,0.055600000000000004,456774636701154.562500
0.17009000000000007,0.022000000000000002,0.0524,456774636701154.562500
0.17010000000000003,0.0236,0.0516,456774636701154.562500
0.1701100000000001,0.0212,0.0572,456774636701154.562500
0.17012000000000005,0.0228,0.050800000000000005,456774636701154.562500
0.17013,0.0228,0.056400000000000006,456774636701154.562500
0.17014000000000007,0.022000000000000002,0.056400000000000006,456774636701154.562500
0.17015000000000002,0.022000000000000002,0.056400000000000006,456774636701154.562500
0.1701600000000001,0.0212,0.0572,456774636701154.562500
0.17017000000000004,0.0212,0.055600000000000004,456774636701154.562500
0.1701800000000001,0.022000000000000002,0.056400000000000006,456774636701154.562500
0.17019000000000006,0.0196,0.055600000000000004,456774636701154.562500
0.17020000000000002,0.0228,0.055600000000000004,456774636701154.562500
0.17021000000000008,0.022000000000000002,0.056400000000000006,456774636701154.562500
0.17022000000000004,0.0244,0.046,456774636701154.562500
0.1702300000000001,0.0244,0.0548,456774636701154.562500
0.17024000000000006,0.0244,0.0516,456774636701154.562500
0.17025,0.0236,0.055600000000000004,456774636701154.562500
0.17026000000000008,0.0236,0.053200000000000004,456774636701154.562500
0.17027000000000003,0.0252,0.0548,456774636701154.562500
0.1702800000000001,0.0252,0.055600000000000004,456774636701154.562500
0.17029000000000005,0.022000000000000002,0.0516,456774636701154.562500
0.1703,0.0244,0.0516,456774636701154.562500
0.17031000000000007,0.0244,0.056400000000000006,456774636701154.562500
0.17032000000000003,0.0244,0.056400000000000006,456774636701154.562500
0.1703300000000001,0.0212,0.056400000000000006,456774636701154.562500
0.17034000000000005,0.0228,0.056400000000000006,456774636701154.562500
0.17035,0.0196,0.056400000000000006,456774636701154.562500
0.17036000000000007,0.022000000000000002,0.0572,456774636701154.562500
0.17037000000000002,0.0212,0.0548,456774636701154.562500
0.1703800000000001,0.022000000000000002,0.055600000000000004,456774636701154.562500
0.17039000000000004,0.0212,0.0548,456774636701154.562500
0.1704000000000001,0.022000000000000002,0.056400000000000006,456774636701154.562500
0.17041000000000006,0.0212,0.054,456774636701154.562500
0.17042000000000002,0.022000000000000002,0.056400000000000006,456774636701154.562500
0.17043000000000008,0.0236,0.055600000000000004,456774636701154.562500
0.17044000000000004,0.0228,0.0524,456774636701154.562500
0.1704500000000001,0.0228,0.056400000000000006,456774636701154.562500
0.17046000000000006,0.0228,0.058,456774636701154.562500
0.17047,0.0236,0.056400000000000006,456774636701154.562500
0.17048000000000008,0.0228,0.056400000000000006,456774636701154.562500
0.17049000000000003,0.022000000000000002,0.056400000000000006,456774636701154.562500
0.1705000000000001,0.0204,0.058800000000000005,456774636701154.562500
0.17051000000000005,0.0236,0.058,456774636701154.562500
0.17052,0.0244,0.054,456774636701154.562500
0.17053000000000007,0.0236,0.054,456774636701154.562500
0.17054000000000002,0.0244,0.0572,456774636701154.562500
0.1705500000000001,0.0252,0.055600000000000004,456774636701154.562500
0.17056000000000004,0.0228,0.058,456774636701154.562500
0.17057,0.0252,0.050800000000000005,456774636701154.562500
0.17058000000000006,0.0252,0.0572,456774636701154.562500
0.17059000000000002,0.0244,0.0548,456774636701154.562500
0.17060000000000008,0.0236,0.0572,456774636701154.562500
0.17061000000000004,0.0212,0.054,456774636701154.562500
0.1706200000000001,0.0244,0.0468,456774636701154.562500
0.17063000000000006,0.0236,0.053200000000000004,456774636701154.562500
0.17064000000000001,0.0228,0.055600000000000004,456774636701154.562500
0.17065000000000008,0.0228,0.0548,456774636701154.562500
0.17066000000000003,0.0236,0.055600000000000004,456774636701154.562500
0.1706700000000001,0.022000000000000002,0.056400000000000006,456774636701154.562500
0.17068000000000005,0.0204,0.0548,456774636701154.562500
0.17069,0.022000000000000002,0.0572,456774636701154.562500
0.17070000000000007,0.0196,0.0572,456774636701154.562500
0.17071000000000003,0.0228,0.055600000000000004,456774636701154.562500
0.1707200000000001,0.0196,0.056400000000000006,456774636701154.562500
0.17073000000000005,0.0228,0.0572,456774636701154.562500
0.17074,0.0236,0.056400000000000006,456774636701154.562500
0.17075000000000007,0.022000000000000002,0.0548,456774636701154.562500
0.17076000000000002,0.0204,0.054,456774636701154.562500
0.1707700000000001,0.0228,0.0572,456774636701154.562500
0.17078000000000004,0.0236,0.0572,456774636701154.562500
0.1707900000000001,0.0244,0.0548,456774636701154.562500
0.17080000000000006,0.0244,0.0444,456774636701154.562500
0.17081000000000002,0.0236,0.040400000000000005,456774636701154.562500
0.17082000000000008,0.0228,0.0516,456774636701154.562500
0.17083000000000004,0.0244,0.053200000000000004,456774636701154.562500
0.1708400000000001,0.0244,0.0548,456774636701154.562500
0.17085000000000006,0.0236,0.056400000000000006,456774636701154.562500
0.17086,0.0244,0.056400000000000006,456774636701154.562500
0.17087000000000008,0.0228,0.056400000000000006,456774636701154.562500
0.17088000000000003,0.0236,0.048400000000000006,456774636701154.562500
0.1708900000000001,0.0236,0.0492,456774636701154.562500
0.17090000000000005,0.0236,0.046,456774636701154.562500
0.17091,0.0236,0.045200000000000004,456774636701154.562500
0.17092000000000007,0.0228,0.0516,456774636701154.562500
0.17093000000000003,0.0228,0.058,456774636701154.562500
0.1709400000000001,0.0228,0.058,456774636701154.562500
0.17095000000000005,0.0228,0.056400000000000006,456774636701154.562500
0.17096,0.0244,0.054,456774636701154.562500
0.17097000000000007,0.022000000000000002,0.055600000000000004,456774636701154.562500
0.17098000000000002,0.0236,0.058,456774636701154.562500
0.1709900000000001,0.022000000000000002,0.055600000000000004,456774636701154.562500
0.17100000000000004,0.0212,0.053200000000000004,456774636701154.562500
0.1710100000000001,0.0212,0.056400000000000006,456774636701154.562500
0.17102000000000006,0.0196,0.055600000000000004,456774636701154.562500
0.17103000000000002,0.0228,0.053200000000000004,456774636701154.562500
0.17104000000000008,0.0228,0.056400000000000006,456774636701154.562500
0.17105000000000004,0.0212,0.055600000000000004,456774636701154.562500
0.1710600000000001,0.0236,0.055600000000000004,456774636701154.562500
0.17107000000000006,0.022000000000000002,0.054,456774636701154.562500
0.17108,0.022000000000000002,0.0572,456774636701154.562500
0.17109000000000008,0.0228,0.0572,456774636701154.562500
0.17110000000000003,0.022000000000000002,0.056400000000000006,456774636701154.562500
0.1711100000000001,0.0236,0.0492,456774636701154.562500
0.17112000000000005,0.0228,0.0548,456774636701154.562500
0.17113,0.0228,0.0412,456774636701154.562500
0.17114000000000007,0.0244,0.056400000000000006,456774636701154.562500
0.17115000000000002,0.0244,0.0476,456774636701154.562500
0.1711600000000001,0.0228,0.056400000000000006,456774636701154.562500
0.17117000000000004,0.0212,0.0548,456774636701154.562500
0.1711800000000001,0.0244,0.0548,456774636701154.562500
0.17119000000000006,0.0188,0.055600000000000004,456774636701154.562500
0.17120000000000002,0.0236,0.05,456774636701154.562500
0.17121000000000008,0.0212,0.0524,456774636701154.562500
0.17122000000000004,0.0244,0.0548,456774636701154.562500
0.1712300000000001,0.0212,0.056400000000000006,456774636701154.562500
0.17124000000000006,0.0228,0.0572,456774636701154.562500
0.17125,0.0228,0.058,456774636701154.562500
0.17126000000000008,0.022000000000000002,0.056400000000000006,456774636701154.562500
0.17127000000000003,0.0228,0.054,456774636701154.562500
0.1712800000000001,0.022000000000000002,0.056400000000000006,456774636701154.562500
0.17129000000000005,0.0204,0.0492,456774636701154.562500
0.1713,0.0228,0.056400000000000006,456774636701154.562500
0.17131000000000007,0.022000000000000002,0.05,456774636701154.562500
0.17132000000000003,0.0228,0.055600000000000004,456774636701154.562500
0.1713300000000001,0.022000000000000002,0.0516,456774636701154.562500
0.17134000000000005,0.022000000000000002,0.056400000000000006,456774636701154.562500
0.17135,0.0228,0.0492,456774636701154.562500
0.17136000000000007,0.018000000000000002,0.054,456774636701154.562500
0.17137000000000002,0.022000000000000002,0.056400000000000006,456774636701154.562500
0.1713800000000001,0.022000000000000002,0.0516,456774636701154.562500
0.17139000000000004,0.0204,0.05,456774636701154.562500
0.1714000000000001,0.0196,0.056400000000000006,456774636701154.562500
0.17141000000000006,0.022000000000000002,0.0572,456774636701154.562500
0.17142000000000002,0.0212,0.0572,456774636701154.562500
0.17143000000000008,0.0204,0.055600000000000004,456774636701154.562500
0.17144000000000004,0.0244,0.055600000000000004,456774636701154.562500
0.1714500000000001,0.0236,0.055600000000000004,456774636701154.562500
0.17146000000000006,0.0244,0.0516,456774636701154.562500
0.17147,0.0236,0.0572,456774636701154.562500
0.17148000000000008,0.0236,0.050800000000000005,456774636701154.562500
0.17149000000000003,0.0244,0.056400000000000006,456774636701154.562500
0.1715000000000001,0.0236,0.0548,456774636701154.562500
0.17151000000000005,0.0236,0.058800000000000005,456774636701154.562500
0.17152,0.0244,0.050800000000000005,456774636701154.562500
0.17153000000000007,0.0244,0.056400000000000006,456774636701154.562500
0.17154000000000003,0.0252,0.055600000000000004,456774636701154.562500
0.1715500000000001,0.0236,0.056400000000000006,456774636701154.562500
0.17156000000000005,0.0236,0.056400000000000006,456774636701154.562500
0.17157,0.018000000000000002,0.056400000000000006,456774636701154.562500
0.17158000000000007,0.022000000000000002,0.058,456774636701154.562500
0.17159000000000002,0.0212,0.054,456774636701154.562500
0.17160000000000009,0.022000000000000002,0.0572,456774636701154.562500
0.17161000000000004,0.0228,0.054,456774636701154.562500
0.1716200000000001,0.022000000000000002,0.0516,456774636701154.562500
0.17163000000000006,0.0228,0.053200000000000004,456774636701154.562500
0.17164000000000001,0.022000000000000002,0.042800000000000005,456774636701154.562500
0.17165000000000008,0.0228,0.050800000000000005,456774636701154.562500
0.17166000000000003,0.0228,0.055600000000000004,456774636701154.562500
0.1716700000000001,0.022000000000000002,0.0572,456774636701154.562500
0.17168000000000005,0.0244,0.0548,456774636701154.562500
0.17169,0.022000000000000002,0.054,456774636701154.562500
0.17170000000000007,0.0244,0.056400000000000006,456774636701154.562500
0.17171000000000003,0.0244,0.056400000000000006,456774636701154.562500
0.1717200000000001,0.022000000000000002,0.054,456774636701154.562500
0.17173000000000005,0.0244,0.0572,456774636701154.562500
0.17174,0.0228,0.056400000000000006,456774636701154.562500
0.17175000000000007,0.0244,0.050800000000000005,456774636701154.562500
0.17176000000000002,0.0244,0.055600000000000004,456774636701154.562500
0.1717700000000001,0.0212,0.0572,456774636701154.562500
0.17178000000000004,0.0228,0.0572,456774636701154.562500
0.1717900000000001,0.0196,0.055600000000000004,456774636701154.562500
0.17180000000000006,0.026000000000000002,0.056400000000000006,456774636701154.562500
0.17181000000000002,0.022000000000000002,0.0572,456774636701154.562500
0.17182000000000008,0.0252,0.0516,456774636701154.562500
0.17183000000000004,0.022000000000000002,0.053200000000000004,456774636701154.562500
0.1718400000000001,0.0244,0.053200000000000004,456774636701154.562500
0.17185000000000006,0.0212,0.054,456774636701154.562500
0.17186,0.0236,0.0516,456774636701154.562500
0.17187000000000008,0.022000000000000002,0.0492,456774636701154.562500
0.17188000000000003,0.0244,0.0444,456774636701154.562500
0.1718900000000001,0.0236,0.050800000000000005,456774636701154.562500
0.17190000000000005,0.0228,0.0476,456774636701154.562500
0.17191,0.0212,0.0548,456774636701154.562500
0.17192000000000007,0.022000000000000002,0.058,456774636701154.562500
0.17193000000000003,0.022000000000000002,0.058,456774636701154.562500
0.1719400000000001,0.022000000000000002,0.056400000000000006,456774636701154.562500
0.17195000000000005,0.022000000000000002,0.056400000000000006,456774636701154.562500
0.17196,0.022000000000000002,0.056400000000000006,456774636701154.562500
0.17197000000000007,0.0204,0.055600000000000004,456774636701154.562500
0.17198000000000002,0.022000000000000002,0.0572,456774636701154.562500
0.1719900000000001,0.0236,0.0548,456774636701154.562500
0.17200000000000004,0.022000000000000002,0.055600000000000004,456774636701154.562500
0.1720100000000001,0.0228,0.056400000000000006,456774636701154.562500
0.17202000000000006,0.0236,0.05,456774636701154.562500
0.17203000000000002,0.0244,0.056400000000000006,456774636701154.562500
0.17204000000000008,0.022000000000000002,0.056400000000000006,456774636701154.562500
0.17205000000000004,0.0228,0.055600000000000004,456774636701154.562500
0.1720600000000001,0.022000000000000002,0.0548,456774636701154.562500
0.17207000000000006,0.022000000000000002,0.0548,456774636701154.562500
0.17208,0.0236,0.055600000000000004,456774636701154.562500
0.17209000000000008,0.0204,0.055600000000000004,456774636701154.562500
0.17210000000000003,0.026000000000000002,0.056400000000000006,456774636701154.562500
0.1721100000000001,0.022000000000000002,0.055600000000000004,456774636701154.562500
0.17212000000000005,0.0236,0.056400000000000006,456774636701154.562500
0.17213,0.022000000000000002,0.055600000000000004,456774636701154.562500
0.17214000000000007,0.0244,0.0572,456774636701154.562500
0.17215000000000003,0.0212,0.0572,456774636701154.562500
0.1721600000000001,0.0244,0.056400000000000006,456774636701154.562500
0.17217000000000005,0.022000000000000002,0.0572,456774636701154.562500
0.17218,0.0228,0.054,456774636701154.562500
0.17219000000000007,0.0196,0.0548,456774636701154.562500
0.17220000000000002,0.022000000000000002,0.0572,456774636701154.562500
0.17221000000000009,0.0204,0.055600000000000004,456774636701154.562500
0.17222000000000004,0.0228,0.0572,456774636701154.562500
0.1722300000000001,0.0196,0.054,456774636701154.562500
0.17224000000000006,0.0212,0.056400000000000006,456774636701154.562500
0.17225000000000001,0.0204,0.0572,456774636701154.562500
0.17226000000000008,0.0212,0.0524,456774636701154.562500
0.17227000000000003,0.022000000000000002,0.0548,456774636701154.562500
0.1722800000000001,0.022000000000000002,0.055600000000000004,456774636701154.562500
0.17229000000000005,0.0228,0.0548,456774636701154.562500
0.1723,0.0212,0.058,456774636701154.562500
0.17231000000000007,0.022000000000000002,0.0548,456774636701154.562500
0.17232000000000003,0.0236,0.0572,456774636701154.562500
0.1723300000000001,0.022000000000000002,0.056400000000000006,456774636701154.562500
0.17234000000000005,0.0228,0.055600000000000004,456774636701154.562500
0.17235,0.0236,0.05,456774636701154.562500
0.17236000000000007,0.0236,0.0524,456774636701154.562500
0.17237000000000002,0.022000000000000002,0.056400000000000006,456774636701154.562500
0.1723800000000001,0.026000000000000002,0.0572,456774636701154.562500
0.17239000000000004,0.022000000000000002,0.055600000000000004,456774636701154.562500
0.1724000000000001,0.0236,0.0548,456774636701154.562500
0.17241000000000006,0.0228,0.054,456774636701154.562500
0.17242000000000002,0.0252,0.056400000000000006,456774636701154.562500
0.17243000000000008,0.0252,0.053200000000000004,456774636701154.562500
0.17244000000000004,0.0244,0.050800000000000005,456774636701154.562500
0.1724500000000001,0.0252,0.050800000000000005,456774636701154.562500
0.17246000000000006,0.022000000000000002,0.053200000000000004,456774636701154.562500
0.17247,0.0244,0.0572,456774636701154.562500
0.17248000000000008,0.022000000000000002,0.0524,456774636701154.562500
0.17249000000000003,0.0236,0.0548,456774636701154.562500
0.1725000000000001,0.0212,0.05,456774636701154.562500
0.17251000000000005,0.022000000000000002,0.0548,456774636701154.562500
0.17252,0.0212,0.050800000000000005,456774636701154.562500
0.17253000000000007,0.022000000000000002,0.058,456774636701154.562500
0.17254000000000003,0.022000000000000002,0.0524,456774636701154.562500
0.1725500000000001,0.0212,0.0572,456774636701154.562500
0.17256000000000005,0.0228,0.0572,456774636701154.562500
0.17257,0.022000000000000002,0.055600000000000004,456774636701154.562500
0.17258000000000007,0.0228,0.056400000000000006,456774636701154.562500
0.17259000000000002,0.022000000000000002,0.056400000000000006,456774636701154.562500
0.1726000000000001,0.0236,0.056400000000000006,456774636701154.562500
0.17261000000000004,0.0228,0.0548,456774636701154.562500
0.1726200000000001,0.0228,0.0548,456774636701154.562500
0.17263000000000006,0.0236,0.0524,456774636701154.562500
0.17264000000000002,0.0236,0.0572,456774636701154.562500
0.17265000000000008,0.0236,0.0548,456774636701154.562500
0.17266000000000004,0.0236,0.056400000000000006,456774636701154.562500
0.1726700000000001,0.0228,0.055600000000000004,456774636701154.562500
0.17268000000000006,0.0236,0.055600000000000004,456774636701154.562500
0.17269,0.022000000000000002,0.0548,456774636701154.562500
0.17270000000000008,0.022000000000000002,0.056400000000000006,456774636701154.562500
0.17271000000000003,0.0252,0.0572,456774636701154.562500
0.1727200000000001,0.0244,0.055600000000000004,456774636701154.562500
0.17273000000000005,0.026000000000000002,0.0524,456774636701154.562500
0.17274,0.0244,0.054,456774636701154.562500
0.17275000000000007,0.0236,0.054,456774636701154.562500
0.17276000000000002,0.0236,0.056400000000000006,456774636701154.562500
0.1727700000000001,0.0236,0.056400000000000006,456774636701154.562500
0.17278000000000004,0.0236,0.0548,456774636701154.562500
0.1727900000000001,0.0236,0.056400000000000006,456774636701154.562500
0.17280000000000006,0.022000000000000002,0.054,456774636701154.562500
0.17281000000000002,0.0212,0.055600000000000004,456774636701154.562500
0.17282000000000008,0.022000000000000002,0.050800000000000005,456774636701154.562500
0.17283000000000004,0.0228,0.056400000000000006,456774636701154.562500
0.1728400000000001,0.022000000000000002,0.0572,456774636701154.562500
0.17285000000000006,0.022000000000000002,0.055600000000000004,456774636701154.562500
0.17286,0.0196,0.050800000000000005,456774636701154.562500
0.17287000000000008,0.0212,0.0572,456774636701154.562500
0.17288000000000003,0.022000000000000002,0.056400000000000006,456774636701154.562500
0.1728900000000001,0.0204,0.058,456774636701154.562500
0.17290000000000005,0.0204,0.058,456774636701154.562500
0.17291,0.0228,0.0476,456774636701154.562500
0.17292000000000007,0.022000000000000002,0.0572,456774636701154.562500
0.17293000000000003,0.022000000000000002,0.054,456774636701154.562500
0.1729400000000001,0.0236,0.055600000000000004,456774636701154.562500
0.17295000000000005,0.0228,0.054,456774636701154.562500
0.17296,0.0252,0.053200000000000004,456774636701154.562500
0.17297000000000007,0.022000000000000002,0.053200000000000004,456774636701154.562500
0.17298000000000002,0.0244,0.055600000000000004,456774636701154.562500
0.1729900000000001,0.0196,0.045200000000000004,456774636701154.562500
0.17300000000000004,0.0228,0.0516,456774636701154.562500
0.1730100000000001,0.022000000000000002,0.0444,456774636701154.562500
0.17302000000000006,0.0236,0.0572,456774636701154.562500
0.17303000000000002,0.0252,0.0524,456774636701154.562500
0.17304000000000008,0.0244,0.058,456774636701154.562500
0.17305000000000004,0.022000000000000002,0.055600000000000004,456774636701154.562500
0.1730600000000001,0.0236,0.0572,456774636701154.562500
0.17307000000000006,0.0236,0.050800000000000005,456774636701154.562500
0.17308,0.0204,0.055600000000000004,456774636701154.562500
0.17309000000000008,0.0244,0.056400000000000006,456774636701154.562500
0.17310000000000003,0.022000000000000002,0.056400000000000006,456774636701154.562500
0.1731100000000001,0.0228,0.058,456774636701154.562500
0.17312000000000005,0.0228,0.0572,456774636701154.562500
0.17313,0.022000000000000002,0.054,456774636701154.562500
0.17314000000000007,0.0236,0.055600000000000004,456774636701154.562500
0.17315000000000003,0.0228,0.0548,456774636701154.562500
0.1731600000000001,0.0196,0.050800000000000005,456774636701154.562500
0.17317000000000005,0.022000000000000002,0.056400000000000006,456774636701154.562500
0.17318,0.0236,0.0572,456774636701154.562500
0.17319000000000007,0.022000000000000002,0.054,456774636701154.562500
0.17320000000000002,0.0188,0.0572,456774636701154.562500
0.17321000000000009,0.0244,0.0524,456774636701154.562500
0.17322000000000004,0.0212,0.056400000000000006,456774636701154.562500
0.1732300000000001,0.0244,0.0572,456774636701154.562500
0.17324000000000006,0.022000000000000002,0.05,456774636701154.562500
0.17325000000000002,0.0244,0.053200000000000004,456774636701154.562500
0.17326000000000008,0.022000000000000002,0.0572,456774636701154.562500
0.17327000000000004,0.0236,0.055600000000000004,456774636701154.562500
0.1732800000000001,0.0252,0.0444,456774636701154.562500
0.17329000000000006,0.0228,0.0524,456774636701154.562500
0.1733,0.0228,0.0524,456774636701154.562500
0.17331000000000008,0.0212,0.056400000000000006,456774636701154.562500
0.17332000000000003,0.0244,0.0548,456774636701154.562500
0.1733300000000001,0.0244,0.058800000000000005,456774636701154.562500
0.17334000000000005,0.0236,0.054,456774636701154.562500
0.17335,0.0244,0.055600000000000004,456774636701154.562500
0.17336000000000007,0.0228,0.055600000000000004,456774636701154.562500
0.17337000000000002,0.0228,0.056400000000000006,456774636701154.562500
0.1733800000000001,0.0228,0.055600000000000004,456774636701154.562500
0.17339000000000004,0.0228,0.0548,456774636701154.562500
0.1734000000000001,0.0236,0.056400000000000006,456774636701154.562500
0.17341000000000006,0.0228,0.058800000000000005,456774636701154.562500
0.17342000000000002,0.022000000000000002,0.0572,456774636701154.562500
0.17343000000000008,0.0164,0.055600000000000004,456774636701154.562500
0.17344000000000004,0.0164,0.056400000000000006,456774636701154.562500
0.1734500000000001,0.0204,0.0572,456774636701154.562500
0.17346000000000006,0.022000000000000002,0.0524,456774636701154.562500
0.17347,0.022000000000000002,0.056400000000000006,456774636701154.562500
0.17348000000000008,0.0228,0.0548,456774636701154.562500
0.17349000000000003,0.022000000000000002,0.056400000000000006,456774636701154.562500
0.1735000000000001,0.0228,0.055600000000000004,456774636701154.562500
0.17351000000000005,0.022000000000000002,0.058,456774636701154.562500
0.17352,0.022000000000000002,0.058,456774636701154.562500
0.17353000000000007,0.0228,0.05,456774636701154.562500
0.17354000000000003,0.022000000000000002,0.055600000000000004,456774636701154.562500
0.1735500000000001,0.0228,0.058,456774636701154.562500
0.17356000000000005,0.0212,0.056400000000000006,456774636701154.562500
0.17357,0.0236,0.056400000000000006,456774636701154.562500
0.17358000000000007,0.0244,0.048400000000000006,456774636701154.562500
0.17359000000000002,0.0244,0.0572,456774636701154.562500
0.1736000000000001,0.0252,0.0492,456774636701154.562500
0.17361000000000004,0.026000000000000002,0.058,456774636701154.562500
0.1736200000000001,0.0244,0.0548,456774636701154.562500
0.17363000000000006,0.0236,0.0516,456774636701154.562500
0.17364000000000002,0.022000000000000002,0.0572,456774636701154.562500
0.17365000000000008,0.0252,0.056400000000000006,456774636701154.562500
0.17366000000000004,0.0196,0.056400000000000006,456774636701154.562500
0.1736700000000001,0.0244,0.056400000000000006,456774636701154.562500
0.17368000000000006,0.0212,0.0516,456774636701154.562500
0.17369,0.022000000000000002,0.056400000000000006,456774636701154.562500
0.17370000000000008,0.0212,0.055600000000000004,456774636701154.562500
0.17371000000000003,0.0212,0.0548,456774636701154.562500
0.1737200000000001,0.022000000000000002,0.053200000000000004,456774636701154.562500
0.17373000000000005,0.0212,0.053200000000000004,456774636701154.562500
0.17374,0.0236,0.0548,456774636701154.562500
0.17375000000000007,0.0228,0.0572,456774636701154.562500
0.17376000000000003,0.0228,0.0572,456774636701154.562500
0.1737700000000001,0.0212,0.056400000000000006,456774636701154.562500
0.17378000000000005,0.0228,0.053200000000000004,456774636701154.562500
0.17379,0.022000000000000002,0.0516,456774636701154.562500
0.17380000000000007,0.022000000000000002,0.055600000000000004,456774636701154.562500
0.17381000000000002,0.022000000000000002,0.055600000000000004,456774636701154.562500
0.17382000000000009,0.022000000000000002,0.056400000000000006,456774636701154.562500
0.17383000000000004,0.0212,0.0572,456774636701154.562500
0.1738400000000001,0.0236,0.0548,456774636701154.562500
0.17385000000000006,0.0244,0.056400000000000006,456774636701154.562500
0.17386000000000001,0.0252,0.056400000000000006,456774636701154.562500
0.17387000000000008,0.022000000000000002,0.055600000000000004,456774636701154.562500
0.17388000000000003,0.0244,0.056400000000000006,456774636701154.562500
0.1738900000000001,0.0244,0.058,456774636701154.562500
0.17390000000000005,0.0228,0.0572,456774636701154.562500
0.17391,0.0244,0.056400000000000006,456774636701154.562500
0.17392000000000007,0.018000000000000002,0.058,456774636701154.562500
0.17393000000000003,0.0252,0.0572,456774636701154.562500
0.1739400000000001,0.0252,0.058,456774636701154.562500
0.17395000000000005,0.0236,0.056400000000000006,456774636701154.562500
0.17396,0.0236,0.056400000000000006,456774636701154.562500
0.17397000000000007,0.0204,0.056400000000000006,456774636701154.562500
0.17398000000000002,0.0236,0.0572,456774636701154.562500
0.1739900000000001,0.0236,0.056400000000000006,456774636701154.562500
0.17400000000000004,0.0236,0.058,456774636701154.562500
0.1740100000000001,0.0236,0.0548,456774636701154.562500
0.17402000000000006,0.022000000000000002,0.055600000000000004,456774636701154.562500
0.17403000000000002,0.022000000000000002,0.056400000000000006,456774636701154.562500
0.17404000000000008,0.0204,0.056400000000000006,456774636701154.562500
0.17405000000000004,0.0212,0.056400000000000006,456774636701154.562500
0.1740600000000001,0.0188,0.053200000000000004,456774636701154.562500
0.17407000000000006,0.0228,0.054,456774636701154.562500
0.17408,0.022000000000000002,0.056400000000000006,456774636701154.562500
0.17409000000000008,0.0188,0.054,456774636701154.562500
0.17410000000000003,0.0228,0.0548,456774636701154.562500
0.1741100000000001,0.0196,0.053200000000000004,456774636701154.562500
0.17412000000000005,0.022000000000000002,0.055600000000000004,456774636701154.562500
0.17413,0.022000000000000002,0.0548,456774636701154.562500
0.17414000000000007,0.022000000000000002,0.0548,456774636701154.562500
0.17415000000000003,0.0204,0.055600000000000004,456774636701154.562500
0.1741600000000001,0.0228,0.056400000000000006,456774636701154.562500
0.17417000000000005,0.0244,0.0548,456774636701154.562500
0.17418,0.0244,0.056400000000000006,456774636701154.562500
0.17419000000000007,0.0236,0.054,456774636701154.562500
0.17420000000000002,0.0252,0.056400000000000006,456774636701154.562500
0.1742100000000001,0.0244,0.046,456774636701154.562500
0.17422000000000004,0.0252,0.056400000000000006,456774636701154.562500
0.1742300000000001,0.0252,0.042,456774636701154.562500
0.17424000000000006,0.0244,0.054,456774636701154.562500
0.17425000000000002,0.0252,0.0412,456774636701154.562500
0.17426000000000008,0.0228,0.054,456774636701154.562500
0.17427000000000004,0.0244,0.0548,456774636701154.562500
0.1742800000000001,0.0236,0.055600000000000004,456774636701154.562500
0.17429000000000006,0.0236,0.0572,456774636701154.562500
0.1743,0.022000000000000002,0.058,456774636701154.562500
0.17431000000000008,0.022000000000000002,0.056400000000000006,456774636701154.562500
0.17432000000000003,0.0228,0.054,456774636701154.562500
0.1743300000000001,0.0228,0.055600000000000004,456774636701154.562500
0.17434000000000005,0.0228,0.055600000000000004,456774636701154.562500
0.17435,0.0228,0.055600000000000004,456774636701154.562500
0.17436000000000007,0.022000000000000002,0.054,456774636701154.562500
0.17437000000000002,0.0196,0.056400000000000006,456774636701154.562500
0.1743800000000001,0.0236,0.058,456774636701154.562500
0.17439000000000004,0.0204,0.058,456774636701154.562500
0.1744000000000001,0.0244,0.05,456774636701154.562500
0.17441000000000006,0.018000000000000002,0.0516,456774636701154.562500
0.17442000000000002,0.0228,0.0492,456774636701154.562500
0.17443000000000008,0.0188,0.055600000000000004,456774636701154.562500
0.17444000000000004,0.022000000000000002,0.056400000000000006,456774636701154.562500
0.1744500000000001,0.0236,0.055600000000000004,456774636701154.562500
0.17446000000000006,0.0236,0.058,456774636701154.562500
0.17447000000000001,0.0228,0.058,456774636701154.562500
0.17448000000000008,0.0236,0.056400000000000006,456774636701154.562500
0.17449000000000003,0.0236,0.055600000000000004,456774636701154.562500
0.1745000000000001,0.0236,0.058,456774636701154.562500
0.17451000000000005,0.0252,0.056400000000000006,456774636701154.562500
0.17452,0.0244,0.0572,456774636701154.562500
0.17453000000000007,0.0236,0.056400000000000006,456774636701154.562500
0.17454000000000003,0.0212,0.0548,456774636701154.562500
0.1745500000000001,0.0236,0.0524,456774636701154.562500
0.17456000000000005,0.0252,0.054,456774636701154.562500
0.17457,0.0228,0.0516,456774636701154.562500
0.17458000000000007,0.0228,0.0572,456774636701154.562500
0.17459000000000002,0.022000000000000002,0.055600000000000004,456774636701154.562500
0.1746000000000001,0.0236,0.0572,456774636701154.562500
0.17461000000000004,0.0228,0.050800000000000005,456774636701154.562500
0.1746200000000001,0.022000000000000002,0.055600000000000004,456774636701154.562500
0.17463000000000006,0.0228,0.056400000000000006,456774636701154.562500
0.17464000000000002,0.0212,0.056400000000000006,456774636701154.562500
0.17465000000000008,0.0204,0.056400000000000006,456774636701154.562500
0.17466000000000004,0.022000000000000002,0.0572,456774636701154.562500
0.1746700000000001,0.022000000000000002,0.056400000000000006,456774636701154.562500
0.17468000000000006,0.0212,0.056400000000000006,456774636701154.562500
0.17469,0.0228,0.056400000000000006,456774636701154.562500
0.17470000000000008,0.0236,0.0572,456774636701154.562500
0.17471000000000003,0.0212,0.0548,456774636701154.562500
0.1747200000000001,0.0228,0.0572,456774636701154.562500
0.17473000000000005,0.0212,0.056400000000000006,456774636701154.562500
0.17474,0.0228,0.0524,456774636701154.562500
0.17475000000000007,0.0244,0.058,456774636701154.562500
0.17476000000000003,0.0236,0.0516,456774636701154.562500
0.1747700000000001,0.0212,0.0548,456774636701154.562500
0.17478000000000005,0.0236,0.0516,456774636701154.562500
0.17479,0.0228,0.054,456774636701154.562500
0.17480000000000007,0.0244,0.0572,456774636701154.562500
0.17481000000000002,0.0228,0.0572,456774636701154.562500
0.1748200000000001,0.0236,0.056400000000000006,456774636701154.562500
0.17483000000000004,0.0244,0.0572,456774636701154.562500
0.1748400000000001,0.0204,0.0548,456774636701154.562500
0.17485000000000006,0.0228,0.0548,456774636701154.562500
0.17486000000000002,0.0212,0.0572,456774636701154.562500
0.17487000000000008,0.0212,0.054,456774636701154.562500
0.17488000000000004,0.0236,0.0492,456774636701154.562500
0.1748900000000001,0.022000000000000002,0.053200000000000004,456774636701154.562500
0.17490000000000006,0.022000000000000002,0.056400000000000006,456774636701154.562500
0.17491,0.0236,0.0572,456774636701154.562500
0.17492000000000008,0.0236,0.056400000000000006,456774636701154.562500
0.17493000000000003,0.0212,0.0572,456774636701154.562500
0.1749400000000001,0.022000000000000002,0.055600000000000004,456774636701154.562500
0.17495000000000005,0.022000000000000002,0.055600000000000004,456774636701154.562500
0.17496,0.0228,0.0476,456774636701154.562500
0.17497000000000007,0.022000000000000002,0.0548,456774636701154.562500
0.17498000000000002,0.022000000000000002,0.056400000000000006,456774636701154.562500
0.1749900000000001,0.0204,0.048400000000000006,456774636701154.562500
0.17500000000000004,0.0196,0.0548,456774636701154.562500
0.1750100000000001,0.0212,0.058800000000000005,456774636701154.562500
0.17502000000000006,0.0204,0.058,456774636701154.562500
0.17503000000000002,0.022000000000000002,0.0572,456774636701154.562500
0.17504000000000008,0.0244,0.0548,456774636701154.562500
0.17505000000000004,0.0236,0.055600000000000004,456774636701154.562500
0.1750600000000001,0.0204,0.055600000000000004,456774636701154.562500
0.17507000000000006,0.0236,0.053200000000000004,456774636701154.562500
0.17508,0.022000000000000002,0.0572,456774636701154.562500
0.17509000000000008,0.0244,0.055600000000000004,456774636701154.562500
0.17510000000000003,0.0244,0.055600000000000004,456774636701154.562500
0.1751100000000001,0.022000000000000002,0.0476,456774636701154.562500
0.17512000000000005,0.0244,0.058,456774636701154.562500
0.17513,0.0212,0.055600000000000004,456774636701154.562500
0.17514000000000007,0.0244,0.0548,456774636701154.562500
0.17515000000000003,0.0244,0.058,456774636701154.562500
0.1751600000000001,0.0244,0.055600000000000004,456774636701154.562500
0.17517000000000005,0.0236,0.056400000000000006,456774636701154.562500
0.17518,0.0244,0.056400000000000006,456774636701154.562500
0.17519000000000007,0.0228,0.056400000000000006,456774636701154.562500
0.17520000000000002,0.0228,0.054,456774636701154.562500
0.1752100000000001,0.0236,0.056400000000000006,456774636701154.562500
0.17522000000000004,0.022000000000000002,0.053200000000000004,456774636701154.562500
0.1752300000000001,0.0236,0.054,456774636701154.562500
0.17524000000000006,0.0212,0.0548,456774636701154.562500
0.17525000000000002,0.022000000000000002,0.0572,456774636701154.562500
0.17526000000000008,0.0188,0.058,456774636701154.562500
0.17527000000000004,0.022000000000000002,0.054,456774636701154.562500
0.1752800000000001,0.022000000000000002,0.0572,456774636701154.562500
0.17529000000000006,0.0228,0.056400000000000006,456774636701154.562500
0.1753,0.022000000000000002,0.056400000000000006,456774636701154.562500
0.17531000000000008,0.0228,0.054,456774636701154.562500
0.17532000000000003,0.022000000000000002,0.055600000000000004,456774636701154.562500
0.1753300000000001,0.0236,0.056400000000000006,456774636701154.562500
0.17534000000000005,0.0196,0.0548,456774636701154.562500
0.17535,0.0228,0.058,456774636701154.562500
0.17536000000000007,0.022000000000000002,0.055600000000000004,456774636701154.562500
0.17537000000000003,0.0212,0.0572,456774636701154.562500
0.1753800000000001,0.0196,0.045200000000000004,456774636701154.562500
0.17539000000000005,0.0236,0.056400000000000006,456774636701154.562500
0.1754,0.0244,0.0548,456774636701154.562500
0.17541000000000007,0.0244,0.0572,456774636701154.562500
0.17542000000000002,0.0244,0.056400000000000006,456774636701154.562500
0.17543000000000009,0.0236,0.056400000000000006,456774636701154.562500
0.17544000000000004,0.0252,0.056400000000000006,456774636701154.562500
0.1754500000000001,0.0252,0.054,456774636701154.562500
0.17546000000000006,0.0252,0.054,456774636701154.562500
0.17547000000000001,0.0252,0.058,456774636701154.562500
0.17548000000000008,0.0236,0.054,456774636701154.562500
0.17549000000000003,0.0228,0.0516,456774636701154.562500
0.1755000000000001,0.0212,0.056400000000000006,456774636701154.562500
0.17551000000000005,0.0244,0.056400000000000006,456774636701154.562500
0.17552,0.022000000000000002,0.0572,456774636701154.562500
0.17553000000000007,0.0236,0.056400000000000006,456774636701154.562500
0.17554000000000003,0.0228,0.055600000000000004,456774636701154.562500
0.1755500000000001,0.022000000000000002,0.055600000000000004,456774636701154.562500
0.17556000000000005,0.0228,0.054,456774636701154.562500
0.17557,0.0228,0.054,456774636701154.562500
0.17558000000000007,0.022000000000000002,0.0572,456774636701154.562500
0.17559000000000002,0.022000000000000002,0.0548,456774636701154.562500
0.1756000000000001,0.0228,0.055600000000000004,456774636701154.562500
0.17561000000000004,0.022000000000000002,0.050800000000000005,456774636701154.562500
0.1756200000000001,0.022000000000000002,0.05,456774636701154.562500
0.17563000000000006,0.0228,0.055600000000000004,456774636701154.562500
0.17564000000000002,0.0244,0.0548,456774636701154.562500
0.17565000000000008,0.022000000000000002,0.056400000000000006,456774636701154.562500
0.17566000000000004,0.0244,0.054,456774636701154.562500
0.1756700000000001,0.0204,0.0548,456774636701154.562500
0.17568000000000006,0.0228,0.056400000000000006,456774636701154.562500
0.17569,0.0228,0.058,456774636701154.562500
0.17570000000000008,0.0244,0.0516,456774636701154.562500
0.17571000000000003,0.0228,0.0572,456774636701154.562500
0.1757200000000001,0.0244,0.05,456774636701154.562500
0.17573000000000005,0.0252,0.054,456774636701154.562500
0.17574,0.0236,0.0572,456774636701154.562500
0.17575000000000007,0.0244,0.0436,456774636701154.562500
0.17576000000000003,0.0252,0.056400000000000006,456774636701154.562500
0.1757700000000001,0.0236,0.056400000000000006,456774636701154.562500
0.17578000000000005,0.0228,0.0572,456774636701154.562500
0.17579,0.0244,0.058,456774636701154.562500
0.17580000000000007,0.0236,0.053200000000000004,456774636701154.562500
0.17581000000000002,0.022000000000000002,0.056400000000000006,456774636701154.562500
0.1758200000000001,0.0196,0.0516,456774636701154.562500
0.17583000000000004,0.0164,0.0516,456774636701154.562500
0.1758400000000001,0.0188,0.055600000000000004,456774636701154.562500
0.17585000000000006,0.014,0.050800000000000005,456774636701154.562500
0.17586000000000002,0.0196,0.055600000000000004,456774636701154.562500
0.17587000000000008,0.0188,0.056400000000000006,456774636701154.562500
0.17588000000000004,0.0196,0.055600000000000004,456774636701154.562500
0.1758900000000001,0.022000000000000002,0.0524,456774636701154.562500
0.17590000000000006,0.022000000000000002,0.0572,456774636701154.562500
0.17591,0.022000000000000002,0.056400000000000006,456774636701154.562500
0.17592000000000008,0.0228,0.055600000000000004,456774636701154.562500
0.17593000000000003,0.0212,0.0572,456774636701154.562500
0.1759400000000001,0.0228,0.055600000000000004,456774636701154.562500
0.17595000000000005,0.0244,0.054,456774636701154.562500
0.17596,0.0228,0.0572,456774636701154.562500
0.17597000000000007,0.022000000000000002,0.055600000000000004,456774636701154.562500
0.17598000000000003,0.0236,0.056400000000000006,456774636701154.562500
0.1759900000000001,0.0196,0.054,456774636701154.562500
0.17600000000000005,0.0236,0.0524,456774636701154.562500
0.1760100000000001,0.0244,0.056400000000000006,456774636701154.562500
0.17602000000000007,0.022000000000000002,0.0572,456774636701154.562500
0.17603000000000002,0.018000000000000002,0.050800000000000005,456774636701154.562500
0.17604000000000009,0.0244,0.0548,456774636701154.562500
0.17605000000000004,0.0236,0.054,456774636701154.562500
0.1760600000000001,0.0252,0.055600000000000004,456774636701154.562500
0.17607000000000006,0.0212,0.0572,456774636701154.562500
0.17608000000000001,0.026000000000000002,0.056400000000000006,456774636701154.562500
0.17609000000000008,0.0196,0.0572,456774636701154.562500
0.17610000000000003,0.022000000000000002,0.0572,456774636701154.562500
0.1761100000000001,0.0204,0.0572,456774636701154.562500
0.17612000000000005,0.0228,0.056400000000000006,456774636701154.562500
0.17613,0.022000000000000002,0.056400000000000006,456774636701154.562500
0.17614000000000007,0.0236,0.055600000000000004,456774636701154.562500
0.17615000000000003,0.0228,0.0572,456774636701154.562500
0.1761600000000001,0.022000000000000002,0.055600000000000004,456774636701154.562500
0.17617000000000005,0.0236,0.056400000000000006,456774636701154.562500
0.17618,0.0204,0.0572,456774636701154.562500
0.17619000000000007,0.0236,0.0572,456774636701154.562500
0.17620000000000002,0.0204,0.05,456774636701154.562500
0.1762100000000001,0.0236,0.058,456774636701154.562500
0.17622000000000004,0.0204,0.0524,456774636701154.562500
0.1762300000000001,0.018000000000000002,0.0468,456774636701154.562500
0.17624000000000006,0.022000000000000002,0.053200000000000004,456774636701154.562500
0.17625000000000002,0.0228,0.054,456774636701154.562500
0.17626000000000008,0.0204,0.056400000000000006,456774636701154.562500
0.17627000000000004,0.0228,0.056400000000000006,456774636701154.562500
0.1762800000000001,0.0236,0.056400000000000006,456774636701154.562500
0.17629000000000006,0.0252,0.058,456774636701154.562500
0.1763,0.0252,0.053200000000000004,456774636701154.562500
0.17631000000000008,0.0236,0.055600000000000004,456774636701154.562500
0.17632000000000003,0.0236,0.0572,456774636701154.562500
0.1763300000000001,0.0196,0.056400000000000006,456774636701154.562500
0.17634000000000005,0.0236,0.058,456774636701154.562500
0.17635,0.022000000000000002,0.055600000000000004,456774636701154.562500
0.17636000000000007,0.0228,0.056400000000000006,456774636701154.562500
0.17637000000000003,0.0252,0.0572,456774636701154.562500
0.1763800000000001,0.026000000000000002,0.0548,456774636701154.562500
0.17639000000000005,0.0236,0.056400000000000006,456774636701154.562500
0.1764,0.0252,0.055600000000000004,456774636701154.562500
0.17641000000000007,0.0212,0.0548,456774636701154.562500
0.17642000000000002,0.0228,0.056400000000000006,456774636701154.562500
0.1764300000000001,0.022000000000000002,0.0548,456774636701154.562500
0.17644000000000004,0.0228,0.054,456774636701154.562500
0.1764500000000001,0.018000000000000002,0.0548,456774636701154.562500
0.17646000000000006,0.0228,0.0572,456774636701154.562500
0.17647000000000002,0.0196,0.053200000000000004,456774636701154.562500
0.17648000000000008,0.0236,0.058,456774636701154.562500
0.17649000000000004,0.022000000000000002,0.0548,456774636701154.562500
0.1765000000000001,0.0228,0.056400000000000006,456774636701154.562500
0.17651000000000006,0.0196,0.0516,456774636701154.562500
0.17652,0.0228,0.056400000000000006,456774636701154.562500
0.17653000000000008,0.0228,0.056400000000000006,456774636701154.562500
0.17654000000000003,0.022000000000000002,0.0572,456774636701154.562500
0.1765500000000001,0.0212,0.058,456774636701154.562500
0.17656000000000005,0.0236,0.056400000000000006,456774636701154.562500
0.17657,0.022000000000000002,0.0548,456774636701154.562500
0.17658000000000007,0.0244,0.056400000000000006,456774636701154.562500
0.17659000000000002,0.0244,0.050800000000000005,456774636701154.562500
0.1766000000000001,0.0212,0.056400000000000006,456774636701154.562500
0.17661000000000004,0.0236,0.053200000000000004,456774636701154.562500
0.1766200000000001,0.0228,0.05,456774636701154.562500
0.17663000000000006,0.0236,0.056400000000000006,456774636701154.562500
0.17664000000000002,0.0252,0.0572,456774636701154.562500
0.17665000000000008,0.0244,0.0572,456774636701154.562500
0.17666000000000004,0.0252,0.054,456774636701154.562500
0.1766700000000001,0.0244,0.056400000000000006,456774636701154.562500
0.17668000000000006,0.0236,0.048400000000000006,456774636701154.562500
0.17669,0.0244,0.056400000000000006,456774636701154.562500
0.17670000000000008,0.0212,0.056400000000000006,456774636701154.562500
0.17671000000000003,0.0236,0.055600000000000004,456774636701154.562500
0.1767200000000001,0.0244,0.05,456774636701154.562500
0.17673000000000005,0.0236,0.0548,456774636701154.562500
0.17674,0.0236,0.056400000000000006,456774636701154.562500
0.17675000000000007,0.0236,0.054,456774636701154.562500
0.17676000000000003,0.0228,0.058,456774636701154.562500
0.1767700000000001,0.0228,0.053200000000000004,456774636701154.562500
0.17678000000000005,0.0212,0.055600000000000004,456774636701154.562500
0.17679,0.0204,0.056400000000000006,456774636701154.562500
0.17680000000000007,0.0204,0.055600000000000004,456774636701154.562500
0.17681000000000002,0.0228,0.0572,456774636701154.562500
0.1768200000000001,0.0212,0.0468,456774636701154.562500
0.17683000000000004,0.0172,0.0572,456774636701154.562500
0.1768400000000001,0.0236,0.0572,456774636701154.562500
0.17685000000000006,0.0228,0.054,456774636701154.562500
0.17686000000000002,0.0236,0.055600000000000004,456774636701154.562500
0.17687000000000008,0.0244,0.0572,456774636701154.562500
0.17688000000000004,0.0228,0.054,456774636701154.562500
0.1768900000000001,0.0204,0.0524,456774636701154.562500
0.17690000000000006,0.0244,0.056400000000000006,456774636701154.562500
0.17691,0.0212,0.0548,456774636701154.562500
0.17692000000000008,0.0236,0.056400000000000006,456774636701154.562500
0.17693000000000003,0.0252,0.05,456774636701154.562500
0.1769400000000001,0.0228,0.0572,456774636701154.562500
0.17695000000000005,0.026000000000000002,0.055600000000000004,456774636701154.562500
0.17696,0.0252,0.056400000000000006,456774636701154.562500
0.17697000000000007,0.0236,0.058,456774636701154.562500
0.17698000000000003,0.0236,0.055600000000000004,456774636701154.562500
0.1769900000000001,0.0236,0.054,456774636701154.562500
0.17700000000000005,0.0236,0.058,456774636701154.562500
0.17701,0.0236,0.0572,456774636701154.562500
0.17702000000000007,0.0236,0.058800000000000005,456774636701154.562500
0.17703000000000002,0.0244,0.054,456774636701154.562500
0.1770400000000001,0.0236,0.056400000000000006,456774636701154.562500
0.17705000000000004,0.0228,0.0524,456774636701154.562500
0.1770600000000001,0.0236,0.054,456774636701154.562500
0.17707000000000006,0.0228,0.0572,456774636701154.562500
0.17708000000000002,0.0236,0.058,456774636701154.562500
0.17709000000000008,0.0236,0.0548,456774636701154.562500
0.17710000000000004,0.0228,0.0572,456774636701154.562500
0.1771100000000001,0.022000000000000002,0.0572,456774636701154.562500
0.17712000000000006,0.022000000000000002,0.0548,456774636701154.562500
0.17713,0.022000000000000002,0.056400000000000006,456774636701154.562500
0.17714000000000008,0.022000000000000002,0.055600000000000004,456774636701154.562500
0.17715000000000003,0.022000000000000002,0.055600000000000004,456774636701154.562500
0.1771600000000001,0.022000000000000002,0.054,456774636701154.562500
0.17717000000000005,0.0236,0.0572,456774636701154.562500
0.17718,0.0228,0.055600000000000004,456774636701154.562500
0.17719000000000007,0.0228,0.0524,456774636701154.562500
0.17720000000000002,0.0228,0.054,456774636701154.562500
0.1772100000000001,0.0204,0.056400000000000006,456774636701154.562500
0.17722000000000004,0.0244,0.0468,456774636701154.562500
0.1772300000000001,0.0212,0.0572,456774636701154.562500
0.17724000000000006,0.026000000000000002,0.0572,456774636701154.562500
0.17725000000000002,0.022000000000000002,0.0572,456774636701154.562500
0.17726000000000008,0.0236,0.0548,456774636701154.562500
0.17727000000000004,0.0204,0.0572,456774636701154.562500
0.1772800000000001,0.0236,0.058,456774636701154.562500
0.17729000000000006,0.0244,0.055600000000000004,456774636701154.562500
0.1773,0.0228,0.056400000000000006,456774636701154.562500
0.17731000000000008,0.0244,0.0548,456774636701154.562500
0.17732000000000003,0.022000000000000002,0.056400000000000006,456774636701154.562500
0.1773300000000001,0.0244,0.0572,456774636701154.562500
0.17734000000000005,0.0236,0.0524,456774636701154.562500
0.17735,0.0236,0.056400000000000006,456774636701154.562500
0.17736000000000007,0.0236,0.054,456774636701154.562500
0.17737000000000003,0.0236,0.056400000000000006,456774636701154.562500
0.1773800000000001,0.022000000000000002,0.055600000000000004,456774636701154.562500
0.17739000000000005,0.0228,0.056400000000000006,456774636701154.562500
0.1774,0.0196,0.055600000000000004,456774636701154.562500
0.17741000000000007,0.0228,0.055600000000000004,456774636701154.562500
0.17742000000000002,0.0212,0.0548,456774636701154.562500
0.1774300000000001,0.022000000000000002,0.0548,456774636701154.562500
0.17744000000000004,0.022000000000000002,0.055600000000000004,456774636701154.562500
0.1774500000000001,0.0228,0.0572,456774636701154.562500
0.17746000000000006,0.0212,0.0572,456774636701154.562500
0.17747000000000002,0.022000000000000002,0.056400000000000006,456774636701154.562500
0.17748000000000008,0.0236,0.055600000000000004,456774636701154.562500
0.17749000000000004,0.0236,0.055600000000000004,456774636701154.562500
0.1775000000000001,0.0228,0.055600000000000004,456774636701154.562500
0.17751000000000006,0.0212,0.0572,456774636701154.562500
0.17752,0.0204,0.053200000000000004,456774636701154.562500
0.17753000000000008,0.0228,0.054,456774636701154.562500
0.17754000000000003,0.0244,0.056400000000000006,456774636701154.562500
0.1775500000000001,0.0252,0.0548,456774636701154.562500
0.17756000000000005,0.0228,0.056400000000000006,456774636701154.562500
0.17757,0.022000000000000002,0.058,456774636701154.562500
0.17758000000000007,0.026000000000000002,0.0548,456774636701154.562500
0.17759000000000003,0.022000000000000002,0.055600000000000004,456774636701154.562500
0.1776000000000001,0.0244,0.055600000000000004,456774636701154.562500
0.17761000000000005,0.0252,0.055600000000000004,456774636701154.562500
0.17762,0.022000000000000002,0.056400000000000006,456774636701154.562500
0.17763000000000007,0.0244,0.056400000000000006,456774636701154.562500
0.17764000000000002,0.022000000000000002,0.0572,456774636701154.562500
0.17765000000000009,0.0228,0.055600000000000004,456774636701154.562500
0.17766000000000004,0.0244,0.055600000000000004,456774636701154.562500
0.1776700000000001,0.0236,0.054,456774636701154.562500
0.17768000000000006,0.0236,0.0476,456774636701154.562500
0.17769000000000001,0.0244,0.058,456774636701154.562500
0.17770000000000008,0.022000000000000002,0.055600000000000004,456774636701154.562500
0.17771000000000003,0.0212,0.056400000000000006,456774636701154.562500
0.1777200000000001,0.0212,0.0548,456774636701154.562500
0.17773000000000005,0.0236,0.054,456774636701154.562500
0.17774,0.0212,0.0548,456774636701154.562500
0.17775000000000007,0.022000000000000002,0.056400000000000006,456774636701154.562500
0.17776000000000003,0.0228,0.058,456774636701154.562500
0.1777700000000001,0.0188,0.055600000000000004,456774636701154.562500
0.17778000000000005,0.0228,0.050800000000000005,456774636701154.562500
0.17779,0.0228,0.054,456774636701154.562500
0.17780000000000007,0.0228,0.055600000000000004,456774636701154.562500
0.17781000000000002,0.0252,0.0572,456774636701154.562500
0.1778200000000001,0.022000000000000002,0.055600000000000004,456774636701154.562500
0.17783000000000004,0.0244,0.055600000000000004,456774636701154.562500
0.1778400000000001,0.0244,0.056400000000000006,456774636701154.562500
0.17785000000000006,0.0236,0.055600000000000004,456774636701154.562500
0.17786000000000002,0.0236,0.0572,456774636701154.562500
0.17787000000000008,0.0236,0.056400000000000006,456774636701154.562500
0.17788000000000004,0.026000000000000002,0.0572,456774636701154.562500
0.1778900000000001,0.0228,0.0572,456774636701154.562500
0.17790000000000006,0.0268,0.0548,456774636701154.562500
0.17791,0.0236,0.0548,456774636701154.562500
0.17792000000000008,0.0244,0.054,456774636701154.562500
0.17793000000000003,0.0244,0.055600000000000004,456774636701154.562500
0.1779400000000001,0.0244,0.058,456774636701154.562500
0.17795000000000005,0.0236,0.056400000000000006,456774636701154.562500
0.17796,0.0228,0.058,456774636701154.562500
0.17797000000000007,0.0212,0.058,456774636701154.562500
0.17798000000000003,0.0228,0.0572,456774636701154.562500
0.1779900000000001,0.022000000000000002,0.056400000000000006,456774636701154.562500
0.17800000000000005,0.022000000000000002,0.0572,456774636701154.562500
0.17801,0.0228,0.055600000000000004,456774636701154.562500
0.17802000000000007,0.022000000000000002,0.054,456774636701154.562500
0.17803000000000002,0.0228,0.0548,456774636701154.562500
0.1780400000000001,0.0228,0.0572,456774636701154.562500
0.17805000000000004,0.0212,0.0548,456774636701154.562500
0.1780600000000001,0.0228,0.054,456774636701154.562500
0.17807000000000006,0.0236,0.0572,456774636701154.562500
0.17808000000000002,0.0228,0.055600000000000004,456774636701154.562500
0.17809000000000008,0.0236,0.0572,456774636701154.562500
0.17810000000000004,0.0228,0.058,456774636701154.562500
0.1781100000000001,0.0244,0.054,456774636701154.562500
0.17812000000000006,0.0196,0.0572,456774636701154.562500
0.17813,0.0236,0.056400000000000006,456774636701154.562500
0.17814000000000008,0.0252,0.055600000000000004,456774636701154.562500
0.17815000000000003,0.0236,0.055600000000000004,456774636701154.562500
0.1781600000000001,0.026000000000000002,0.055600000000000004,456774636701154.562500
0.17817000000000005,0.022000000000000002,0.055600000000000004,456774636701154.562500
0.17818,0.0244,0.0548,456774636701154.562500
0.17819000000000007,0.0236,0.056400000000000006,456774636701154.562500
0.17820000000000003,0.0236,0.056400000000000006,456774636701154.562500
0.1782100000000001,0.0236,0.056400000000000006,456774636701154.562500
0.17822000000000005,0.0228,0.0572,456774636701154.562500
0.1782300000000001,0.0252,0.0524,456774636701154.562500
0.17824000000000007,0.0236,0.055600000000000004,456774636701154.562500
0.17825000000000002,0.0212,0.055600000000000004,456774636701154.562500
0.17826000000000009,0.0204,0.058,456774636701154.562500
0.17827000000000004,0.0236,0.0548,456774636701154.562500
0.1782800000000001,0.0244,0.055600000000000004,456774636701154.562500
0.17829000000000006,0.0236,0.058,456774636701154.562500
0.17830000000000001,0.0212,0.050800000000000005,456774636701154.562500
0.17831000000000008,0.0228,0.0388,456774636701154.562500
0.17832000000000003,0.0204,0.0516,456774636701154.562500
0.1783300000000001,0.0228,0.0516,456774636701154.562500
0.17834000000000005,0.0196,0.0516,456774636701154.562500
0.17835,0.0228,0.050800000000000005,456774636701154.562500
0.17836000000000007,0.0228,0.0548,456774636701154.562500
0.17837000000000003,0.0212,0.0572,456774636701154.562500
0.1783800000000001,0.0188,0.056400000000000006,456774636701154.562500
0.17839000000000005,0.0236,0.056400000000000006,456774636701154.562500
0.1784,0.0236,0.056400000000000006,456774636701154.562500
0.17841000000000007,0.0244,0.058,456774636701154.562500
0.17842000000000002,0.022000000000000002,0.053200000000000004,456774636701154.562500
0.1784300000000001,0.0236,0.054,456774636701154.562500
0.17844000000000004,0.0228,0.0548,456774636701154.562500
0.1784500000000001,0.0244,0.0572,456774636701154.562500
0.17846000000000006,0.0252,0.0572,456774636701154.562500
0.17847000000000002,0.0236,0.056400000000000006,456774636701154.562500
0.17848000000000008,0.0236,0.055600000000000004,456774636701154.562500
0.17849000000000004,0.022000000000000002,0.055600000000000004,456774636701154.562500
0.1785000000000001,0.0236,0.056400000000000006,456774636701154.562500
0.17851000000000006,0.0236,0.053200000000000004,456774636701154.562500
0.17852,0.0252,0.056400000000000006,456774636701154.562500
0.17853000000000008,0.0252,0.0524,456774636701154.562500
0.17854000000000003,0.0252,0.054,456774636701154.562500
0.1785500000000001,0.0252,0.056400000000000006,456774636701154.562500
0.17856000000000005,0.0244,0.0548,456774636701154.562500
0.17857,0.0236,0.056400000000000006,456774636701154.562500
0.17858000000000007,0.0236,0.058,456774636701154.562500
0.17859000000000003,0.0244,0.056400000000000006,456774636701154.562500
0.1786000000000001,0.022000000000000002,0.055600000000000004,456774636701154.562500
0.17861000000000005,0.0236,0.0572,456774636701154.562500
0.17862,0.0228,0.056400000000000006,456774636701154.562500
0.17863000000000007,0.0228,0.056400000000000006,456774636701154.562500
0.17864000000000002,0.0236,0.0572,456774636701154.562500
0.1786500000000001,0.0212,0.056400000000000006,456774636701154.562500
0.17866000000000004,0.0212,0.0444,456774636701154.562500
0.1786700000000001,0.022000000000000002,0.055600000000000004,456774636701154.562500
0.17868000000000006,0.0212,0.0476,456774636701154.562500
0.17869000000000002,0.0228,0.048400000000000006,456774636701154.562500
0.17870000000000008,0.022000000000000002,0.056400000000000006,456774636701154.562500
0.17871000000000004,0.0244,0.056400000000000006,456774636701154.562500
0.1787200000000001,0.0244,0.0572,456774636701154.562500
0.17873000000000006,0.0228,0.058,456774636701154.562500
0.17874,0.0236,0.056400000000000006,456774636701154.562500
0.17875000000000008,0.0236,0.055600000000000004,456774636701154.562500
0.17876000000000003,0.0236,0.0548,456774636701154.562500
0.1787700000000001,0.0244,0.056400000000000006,456774636701154.562500
0.17878000000000005,0.0236,0.055600000000000004,456774636701154.562500
0.17879,0.0244,0.055600000000000004,456774636701154.562500
0.17880000000000007,0.0236,0.056400000000000006,456774636701154.562500
0.17881000000000002,0.0236,0.053200000000000004,456774636701154.562500
0.1788200000000001,0.026000000000000002,0.050800000000000005,456774636701154.562500
0.17883000000000004,0.0252,0.056400000000000006,456774636701154.562500
0.1788400000000001,0.0252,0.0548,456774636701154.562500
0.17885000000000006,0.0236,0.055600000000000004,456774636701154.562500
0.17886000000000002,0.0244,0.0572,456774636701154.562500
0.17887000000000008,0.0252,0.055600000000000004,456774636701154.562500
0.17888000000000004,0.0236,0.0572,456774636701154.562500
0.1788900000000001,0.0228,0.056400000000000006,456774636701154.562500
0.17890000000000006,0.0236,0.0548,456774636701154.562500
0.17891,0.0244,0.0548,456774636701154.562500
0.17892000000000008,0.022000000000000002,0.055600000000000004,456774636701154.562500
0.17893000000000003,0.0228,0.053200000000000004,456774636701154.562500
0.1789400000000001,0.022000000000000002,0.056400000000000006,456774636701154.562500
0.17895000000000005,0.022000000000000002,0.053200000000000004,456774636701154.562500
0.17896,0.0212,0.0572,456774636701154.562500
0.17897000000000007,0.0228,0.0524,456774636701154.562500
0.17898000000000003,0.0236,0.054,456774636701154.562500
0.1789900000000001,0.0212,0.050800000000000005,456774636701154.562500
0.17900000000000005,0.0228,0.0548,456774636701154.562500
0.17901,0.0228,0.0572,456774636701154.562500
0.17902000000000007,0.0244,0.0572,456774636701154.562500
0.17903000000000002,0.0204,0.056400000000000006,456774636701154.562500
0.1790400000000001,0.0236,0.056400000000000006,456774636701154.562500
0.17905000000000004,0.0228,0.0524,456774636701154.562500
0.1790600000000001,0.0236,0.0572,456774636701154.562500
0.17907000000000006,0.0244,0.056400000000000006,456774636701154.562500
0.17908000000000002,0.0244,0.0572,456774636701154.562500
0.17909000000000008,0.0244,0.0572,456774636701154.562500
0.17910000000000004,0.0196,0.0548,456774636701154.562500
0.1791100000000001,0.0212,0.054,456774636701154.562500
0.17912000000000006,0.0212,0.056400000000000006,456774636701154.562500
0.17913,0.0244,0.058,456774636701154.562500
0.17914000000000008,0.0228,0.055600000000000004,456774636701154.562500
0.17915000000000003,0.022000000000000002,0.054,456774636701154.562500
0.1791600000000001,0.0236,0.0524,456774636701154.562500
0.17917000000000005,0.0244,0.0572,456774636701154.562500
0.17918,0.0236,0.0572,456774636701154.562500
0.17919000000000007,0.0228,0.0572,456774636701154.562500
0.17920000000000003,0.0228,0.0572,456774636701154.562500
0.1792100000000001,0.0204,0.0572,456774636701154.562500
0.17922000000000005,0.0228,0.056400000000000006,456774636701154.562500
0.17923,0.0236,0.055600000000000004,456774636701154.562500
0.17924000000000007,0.0228,0.054,456774636701154.562500
0.17925000000000002,0.0244,0.056400000000000006,456774636701154.562500
0.17926000000000009,0.022000000000000002,0.0548,456774636701154.562500
0.17927000000000004,0.022000000000000002,0.055600000000000004,456774636701154.562500
0.1792800000000001,0.0228,0.055600000000000004,456774636701154.562500
0.17929000000000006,0.0212,0.054,456774636701154.562500
0.17930000000000001,0.0236,0.0524,456774636701154.562500
0.17931000000000008,0.022000000000000002,0.0548,456774636701154.562500
0.17932000000000003,0.0236,0.0524,456774636701154.562500
0.1793300000000001,0.022000000000000002,0.056400000000000006,456774636701154.562500
0.17934000000000005,0.0236,0.055600000000000004,456774636701154.562500
0.17935,0.0228,0.055600000000000004,456774636701154.562500
0.17936000000000007,0.0236,0.0572,456774636701154.562500
0.17937000000000003,0.0252,0.056400000000000006,456774636701154.562500
0.1793800000000001,0.0228,0.055600000000000004,456774636701154.562500
0.17939000000000005,0.0252,0.058800000000000005,456774636701154.562500
0.1794,0.0244,0.0572,456774636701154.562500
0.17941000000000007,0.0252,0.0572,456774636701154.562500
0.17942000000000002,0.0228,0.055600000000000004,456774636701154.562500
0.1794300000000001,0.0212,0.056400000000000006,456774636701154.562500
0.17944000000000004,0.0244,0.054,456774636701154.562500
0.1794500000000001,0.0228,0.058,456774636701154.562500
0.17946000000000006,0.0204,0.055600000000000004,456774636701154.562500
0.17947000000000002,0.0252,0.053200000000000004,456774636701154.562500
0.17948000000000008,0.0236,0.055600000000000004,456774636701154.562500
0.17949000000000004,0.0212,0.056400000000000006,456774636701154.562500
0.1795000000000001,0.0228,0.0572,456774636701154.562500
0.17951000000000006,0.022000000000000002,0.0524,456774636701154.562500
0.17952,0.0228,0.055600000000000004,456774636701154.562500
0.17953000000000008,0.0212,0.054,456774636701154.562500
0.17954000000000003,0.0228,0.0524,456774636701154.562500
0.1795500000000001,0.0228,0.056400000000000006,456774636701154.562500
0.17956000000000005,0.022000000000000002,0.056400000000000006,456774636701154.562500
0.17957,0.022000000000000002,0.058,456774636701154.562500
0.17958000000000007,0.0228,0.055600000000000004,456774636701154.562500
0.17959000000000003,0.0228,0.055600000000000004,456774636701154.562500
0.1796000000000001,0.0236,0.056400000000000006,456774636701154.562500
0.17961000000000005,0.0228,0.0548,456774636701154.562500
0.17962,0.0228,0.055600000000000004,456774636701154.562500
0.17963000000000007,0.0244,0.058800000000000005,456774636701154.562500
0.17964000000000002,0.0236,0.055600000000000004,456774636701154.562500
0.1796500000000001,0.0228,0.0516,456774636701154.562500
0.17966000000000004,0.022000000000000002,0.05,456774636701154.562500
0.1796700000000001,0.0244,0.0516,456774636701154.562500
0.17968000000000006,0.0236,0.0548,456774636701154.562500
0.17969000000000002,0.0228,0.0572,456774636701154.562500
0.17970000000000008,0.0252,0.0572,456774636701154.562500
0.17971000000000004,0.0244,0.0572,456774636701154.562500
0.1797200000000001,0.0252,0.0572,456774636701154.562500
0.17973000000000006,0.0244,0.056400000000000006,456774636701154.562500
0.17974,0.0244,0.058,456774636701154.562500
0.17975000000000008,0.0252,0.056400000000000006,456774636701154.562500
0.17976000000000003,0.026000000000000002,0.0548,456774636701154.562500
0.1797700000000001,0.0252,0.058,456774636701154.562500
0.17978000000000005,0.0244,0.056400000000000006,456774636701154.562500
0.17979,0.0236,0.054,456774636701154.562500
0.17980000000000007,0.0244,0.056400000000000006,456774636701154.562500
0.17981000000000003,0.0244,0.053200000000000004,456774636701154.562500
0.1798200000000001,0.022000000000000002,0.056400000000000006,456774636701154.562500
0.17983000000000005,0.0212,0.056400000000000006,456774636701154.562500
0.1798400000000001,0.0228,0.056400000000000006,456774636701154.562500
0.17985000000000007,0.0228,0.0572,456774636701154.562500
0.17986000000000002,0.0228,0.0572,456774636701154.562500
0.17987000000000009,0.022000000000000002,0.055600000000000004,456774636701154.562500
0.17988000000000004,0.0236,0.0572,456774636701154.562500
0.1798900000000001,0.0244,0.0572,456774636701154.562500
0.17990000000000006,0.0228,0.0572,456774636701154.562500
0.17991000000000001,0.0236,0.0572,456774636701154.562500
0.17992000000000008,0.022000000000000002,0.058,456774636701154.562500
0.17993000000000003,0.0228,0.058,456774636701154.562500
0.1799400000000001,0.0236,0.056400000000000006,456774636701154.562500
0.17995000000000005,0.022000000000000002,0.058,456774636701154.562500
0.17996,0.0228,0.0572,456774636701154.562500
0.17997000000000007,0.022000000000000002,0.056400000000000006,456774636701154.562500
0.17998000000000003,0.0252,0.0548,456774636701154.562500
0.1799900000000001,0.0244,0.056400000000000006,456774636701154.562500
0.18000000000000005,0.0244,0.058,456774636701154.562500
0.18001,0.0236,0.053200000000000004,456774636701154.562500
0.18002000000000007,0.0236,0.056400000000000006,456774636701154.562500
0.18003000000000002,0.0236,0.0548,456774636701154.562500
0.1800400000000001,0.0228,0.0516,456774636701154.562500
0.18005000000000004,0.0236,0.0492,456774636701154.562500
0.1800600000000001,0.0212,0.054,456774636701154.562500
0.18007000000000006,0.0196,0.055600000000000004,456774636701154.562500
0.18008000000000002,0.0196,0.055600000000000004,456774636701154.562500
0.18009000000000008,0.0236,0.0572,456774636701154.562500
0.18010000000000004,0.0228,0.058,456774636701154.562500
0.1801100000000001,0.0236,0.056400000000000006,456774636701154.562500
0.18012000000000006,0.0228,0.058800000000000005,456774636701154.562500
0.18013,0.0228,0.055600000000000004,456774636701154.562500
0.18014000000000008,0.0228,0.055600000000000004,456774636701154.562500
0.18015000000000003,0.022000000000000002,0.0548,456774636701154.562500
0.1801600000000001,0.022000000000000002,0.056400000000000006,456774636701154.562500
0.18017000000000005,0.0228,0.0572,456774636701154.562500
0.18018,0.0212,0.0548,456774636701154.562500
0.18019000000000007,0.022000000000000002,0.055600000000000004,456774636701154.562500
0.18020000000000003,0.0212,0.055600000000000004,456774636701154.562500
0.1802100000000001,0.0228,0.0572,456774636701154.562500
0.18022000000000005,0.0228,0.0572,456774636701154.562500
0.18023,0.0236,0.058,456774636701154.562500
0.18024000000000007,0.0228,0.055600000000000004,456774636701154.562500
0.18025000000000002,0.0236,0.054,456774636701154.562500
0.1802600000000001,0.0228,0.056400000000000006,456774636701154.562500
0.18027000000000004,0.0228,0.056400000000000006,456774636701154.562500
0.1802800000000001,0.0228,0.054,456774636701154.562500
0.18029000000000006,0.0244,0.056400000000000006,456774636701154.562500
0.18030000000000002,0.0244,0.0572,456774636701154.562500
0.18031000000000008,0.0244,0.0548,456774636701154.562500
0.18032000000000004,0.0244,0.056400000000000006,456774636701154.562500
0.1803300000000001,0.022000000000000002,0.055600000000000004,456774636701154.562500
0.18034000000000006,0.0252,0.055600000000000004,456774636701154.562500
0.18035,0.022000000000000002,0.056400000000000006,456774636701154.562500
0.18036000000000008,0.0244,0.058,456774636701154.562500
0.18037000000000003,0.022000000000000002,0.0548,456774636701154.562500
0.1803800000000001,0.0236,0.056400000000000006,456774636701154.562500
0.18039000000000005,0.0244,0.055600000000000004,456774636701154.562500
0.1804,0.022000000000000002,0.055600000000000004,456774636701154.562500
0.18041000000000007,0.022000000000000002,0.0572,456774636701154.562500
0.18042000000000002,0.022000000000000002,0.055600000000000004,456774636701154.562500
0.1804300000000001,0.0212,0.054,456774636701154.562500
0.18044000000000004,0.0212,0.058,456774636701154.562500
0.1804500000000001,0.0228,0.058,456774636701154.562500
0.18046000000000006,0.0228,0.056400000000000006,456774636701154.562500
0.18047000000000002,0.022000000000000002,0.055600000000000004,456774636701154.562500
0.18048000000000008,0.0228,0.056400000000000006,456774636701154.562500
0.18049000000000004,0.0244,0.0572,456774636701154.562500
0.1805000000000001,0.022000000000000002,0.0572,456774636701154.562500
0.18051000000000006,0.0236,0.056400000000000006,456774636701154.562500
0.18052,0.0228,0.055600000000000004,456774636701154.562500
0.18053000000000008,0.0212,0.058800000000000005,456774636701154.562500
0.18054000000000003,0.0228,0.054,456774636701154.562500
0.1805500000000001,0.022000000000000002,0.0572,456774636701154.562500
0.18056000000000005,0.0236,0.0596,456774636701154.562500
0.18057,0.0252,0.056400000000000006,456774636701154.562500
0.18058000000000007,0.0244,0.056400000000000006,456774636701154.562500
0.18059000000000003,0.0236,0.0548,456774636701154.562500
0.1806000000000001,0.0228,0.058,456774636701154.562500
0.18061000000000005,0.026000000000000002,0.056400000000000006,456774636701154.562500
0.18062,0.0236,0.054,456774636701154.562500
0.18063000000000007,0.0244,0.0572,456774636701154.562500
0.18064000000000002,0.0244,0.054,456774636701154.562500
0.1806500000000001,0.0252,0.056400000000000006,456774636701154.562500
0.18066000000000004,0.0236,0.050800000000000005,456774636701154.562500
0.1806700000000001,0.0236,0.055600000000000004,456774636701154.562500
0.18068000000000006,0.0228,0.0572,456774636701154.562500
0.18069000000000002,0.0228,0.056400000000000006,456774636701154.562500
0.18070000000000008,0.022000000000000002,0.056400000000000006,456774636701154.562500
0.18071000000000004,0.0204,0.056400000000000006,456774636701154.562500
0.1807200000000001,0.0236,0.054,456774636701154.562500
0.18073000000000006,0.022000000000000002,0.056400000000000006,456774636701154.562500
0.18074,0.0228,0.0572,456774636701154.562500
0.18075000000000008,0.0188,0.0572,456774636701154.562500
0.18076000000000003,0.022000000000000002,0.0572,456774636701154.562500
0.1807700000000001,0.0228,0.056400000000000006,456774636701154.562500
0.18078000000000005,0.0244,0.056400000000000006,456774636701154.562500
0.18079,0.0212,0.058,456774636701154.562500
0.18080000000000007,0.0212,0.056400000000000006,456774636701154.562500
0.18081000000000003,0.022000000000000002,0.056400000000000006,456774636701154.562500
0.1808200000000001,0.0228,0.058800000000000005,456774636701154.562500
0.18083000000000005,0.022000000000000002,0.058,456774636701154.562500
0.18084,0.022000000000000002,0.055600000000000004,456774636701154.562500
0.18085000000000007,0.0228,0.0572,456774636701154.562500
0.18086000000000002,0.0244,0.054,456774636701154.562500
0.1808700000000001,0.0244,0.056400000000000006,456774636701154.562500
0.18088000000000004,0.0228,0.0492,456774636701154.562500
0.1808900000000001,0.026000000000000002,0.056400000000000006,456774636701154.562500
0.18090000000000006,0.0244,0.0572,456774636701154.562500
0.18091000000000002,0.0244,0.056400000000000006,456774636701154.562500
0.18092000000000008,0.0244,0.055600000000000004,456774636701154.562500
0.18093000000000004,0.0244,0.0572,456774636701154.562500
0.1809400000000001,0.0236,0.0572,456774636701154.562500
0.18095000000000006,0.0252,0.053200000000000004,456774636701154.562500
0.18096,0.0244,0.0548,456774636701154.562500
0.18097000000000008,0.0236,0.0572,456774636701154.562500
0.18098000000000003,0.026000000000000002,0.058,456774636701154.562500
0.1809900000000001,0.0236,0.055600000000000004,456774636701154.562500
0.18100000000000005,0.0236,0.058,456774636701154.562500
0.18101,0.0244,0.0572,456774636701154.562500
0.18102000000000007,0.0244,0.055600000000000004,456774636701154.562500
0.18103000000000002,0.0196,0.0572,456774636701154.562500
0.1810400000000001,0.0212,0.055600000000000004,456774636701154.562500
0.18105000000000004,0.0212,0.056400000000000006,456774636701154.562500
0.1810600000000001,0.0228,0.058,456774636701154.562500
0.18107000000000006,0.0236,0.0572,456774636701154.562500
0.18108000000000002,0.0228,0.0572,456774636701154.562500
0.18109000000000008,0.0228,0.0572,456774636701154.562500
0.18110000000000004,0.022000000000000002,0.0572,456774636701154.562500
0.1811100000000001,0.0228,0.0516,456774636701154.562500
0.18112000000000006,0.0212,0.0548,456774636701154.562500
0.18113,0.0228,0.050800000000000005,456774636701154.562500
0.18114000000000008,0.0212,0.0572,456774636701154.562500
0.18115000000000003,0.0236,0.0572,456774636701154.562500
0.1811600000000001,0.0236,0.054,456774636701154.562500
0.18117000000000005,0.0244,0.0572,456774636701154.562500
0.18118,0.0236,0.058,456774636701154.562500
0.18119000000000007,0.0228,0.056400000000000006,456774636701154.562500
0.18120000000000003,0.0236,0.0548,456774636701154.562500
0.1812100000000001,0.0236,0.0548,456774636701154.562500
0.18122000000000005,0.0236,0.055600000000000004,456774636701154.562500
0.18123,0.026000000000000002,0.056400000000000006,456774636701154.562500
0.18124000000000007,0.0252,0.058,456774636701154.562500
0.18125000000000002,0.022000000000000002,0.0572,456774636701154.562500
0.1812600000000001,0.0236,0.0524,456774636701154.562500
0.18127000000000004,0.0212,0.0524,456774636701154.562500
0.1812800000000001,0.0244,0.0572,456774636701154.562500
0.18129000000000006,0.0236,0.056400000000000006,456774636701154.562500
0.18130000000000002,0.0236,0.0572,456774636701154.562500
0.18131000000000008,0.0236,0.054,456774636701154.562500
0.18132000000000004,0.0228,0.056400000000000006,456774636701154.562500
0.1813300000000001,0.022000000000000002,0.053200000000000004,456774636701154.562500
0.18134000000000006,0.022000000000000002,0.056400000000000006,456774636701154.562500
0.18135,0.0228,0.056400000000000006,456774636701154.562500
0.18136000000000008,0.022000000000000002,0.055600000000000004,456774636701154.562500
0.18137000000000003,0.0228,0.056400000000000006,456774636701154.562500
0.1813800000000001,0.0212,0.0572,456774636701154.562500
0.18139000000000005,0.0212,0.058,456774636701154.562500
0.1814,0.022000000000000002,0.058,456774636701154.562500
0.18141000000000007,0.022000000000000002,0.0572,456774636701154.562500
0.18142000000000003,0.022000000000000002,0.055600000000000004,456774636701154.562500
0.1814300000000001,0.0228,0.0548,456774636701154.562500
0.18144000000000005,0.0236,0.0548,456774636701154.562500
0.1814500000000001,0.0236,0.0548,456774636701154.562500
0.18146000000000007,0.0228,0.058,456774636701154.562500
0.18147000000000002,0.0236,0.0572,456774636701154.562500
0.18148000000000009,0.0228,0.055600000000000004,456774636701154.562500
0.18149000000000004,0.0228,0.055600000000000004,456774636701154.562500
0.1815000000000001,0.022000000000000002,0.055600000000000004,456774636701154.562500
0.18151000000000006,0.0244,0.055600000000000004,456774636701154.562500
0.18152000000000001,0.0252,0.0524,456774636701154.562500
0.18153000000000008,0.0236,0.0476,456774636701154.562500
0.18154000000000003,0.026000000000000002,0.055600000000000004,456774636701154.562500
0.1815500000000001,0.0236,0.056400000000000006,456774636701154.562500
0.18156000000000005,0.0212,0.0548,456774636701154.562500
0.18157,0.0196,0.05,456774636701154.562500
0.18158000000000007,0.022000000000000002,0.0516,456774636701154.562500
0.18159000000000003,0.022000000000000002,0.0524,456774636701154.562500
0.1816000000000001,0.0236,0.0572,456774636701154.562500
0.18161000000000005,0.0236,0.056400000000000006,456774636701154.562500
0.18162,0.0212,0.054,456774636701154.562500
0.18163000000000007,0.0236,0.056400000000000006,456774636701154.562500
0.18164000000000002,0.0196,0.056400000000000006,456774636701154.562500
0.1816500000000001,0.022000000000000002,0.050800000000000005,456774636701154.562500
0.18166000000000004,0.022000000000000002,0.0516,456774636701154.562500
0.1816700000000001,0.022000000000000002,0.05,456774636701154.562500
0.18168000000000006,0.0228,0.05,456774636701154.562500
0.18169000000000002,0.022000000000000002,0.0516,456774636701154.562500
0.18170000000000008,0.022000000000000002,0.056400000000000006,456774636701154.562500
0.18171000000000004,0.0228,0.056400000000000006,456774636701154.562500
0.1817200000000001,0.022000000000000002,0.0572,456774636701154.562500
0.18173000000000006,0.022000000000000002,0.0572,456774636701154.562500
0.18174,0.0244,0.0572,456774636701154.562500
0.18175000000000008,0.022000000000000002,0.056400000000000006,456774636701154.562500
0.18176000000000003,0.0236,0.055600000000000004,456774636701154.562500
0.1817700000000001,0.022000000000000002,0.054,456774636701154.562500
0.18178000000000005,0.0244,0.0548,456774636701154.562500
0.18179,0.022000000000000002,0.0572,456774636701154.562500
0.18180000000000007,0.0228,0.0548,456774636701154.562500
0.18181000000000003,0.0228,0.056400000000000006,456774636701154.562500
0.1818200000000001,0.0228,0.055600000000000004,456774636701154.562500
0.18183000000000005,0.0244,0.0548,456774636701154.562500
0.18184,0.0244,0.0516,456774636701154.562500
0.18185000000000007,0.0236,0.0572,456774636701154.562500
0.18186000000000002,0.0252,0.054,456774636701154.562500
0.1818700000000001,0.0244,0.055600000000000004,456774636701154.562500
0.18188000000000004,0.0244,0.054,456774636701154.562500
0.1818900000000001,0.0228,0.0492,456774636701154.562500
0.18190000000000006,0.0228,0.0476,456774636701154.562500
0.18191000000000002,0.0236,0.0436,456774636701154.562500
0.18192000000000008,0.0244,0.0468,456774636701154.562500
0.18193000000000004,0.022000000000000002,0.0396,456774636701154.562500
0.1819400000000001,0.0244,0.0524,456774636701154.562500
0.18195000000000006,0.0228,0.058,456774636701154.562500
0.18196,0.0228,0.054,456774636701154.562500
0.18197000000000008,0.0228,0.0548,456774636701154.562500
0.18198000000000003,0.0228,0.0516,456774636701154.562500
0.1819900000000001,0.0196,0.05,456774636701154.562500
0.18200000000000005,0.022000000000000002,0.0548,456774636701154.562500
0.18201,0.0212,0.050800000000000005,456774636701154.562500
0.18202000000000007,0.022000000000000002,0.042,456774636701154.562500
0.18203000000000003,0.0212,0.054,456774636701154.562500
0.1820400000000001,0.0212,0.054,456774636701154.562500
0.18205000000000005,0.0236,0.053200000000000004,456774636701154.562500
0.1820600000000001,0.0212,0.05,456774636701154.562500
0.18207000000000007,0.0172,0.055600000000000004,456774636701154.562500
0.18208000000000002,0.022000000000000002,0.0548,456774636701154.562500
0.18209000000000009,0.0228,0.053200000000000004,456774636701154.562500
0.18210000000000004,0.0228,0.0492,456774636701154.562500
0.1821100000000001,0.022000000000000002,0.046,456774636701154.562500
0.18212000000000006,0.0196,0.0524,456774636701154.562500
0.18213000000000001,0.0196,0.056400000000000006,456774636701154.562500
0.18214000000000008,0.0172,0.0572,456774636701154.562500
0.18215000000000003,0.0212,0.0492,456774636701154.562500
0.1821600000000001,0.0244,0.05,456774636701154.562500
0.18217000000000005,0.026000000000000002,0.0548,456774636701154.562500
0.18218,0.0236,0.055600000000000004,456774636701154.562500
0.18219000000000007,0.0244,0.055600000000000004,456774636701154.562500
0.18220000000000003,0.022000000000000002,0.055600000000000004,456774636701154.562500
0.1822100000000001,0.0236,0.055600000000000004,456774636701154.562500
0.18222000000000005,0.0252,0.055600000000000004,456774636701154.562500
0.18223,0.0244,0.048400000000000006,456774636701154.562500
0.18224000000000007,0.0236,0.0524,456774636701154.562500
0.18225000000000002,0.0236,0.0492,456774636701154.562500
0.1822600000000001,0.0172,0.0524,456774636701154.562500
0.18227000000000004,0.0164,0.048400000000000006,456774636701154.562500
0.1822800000000001,0.0148,0.042800000000000005,456774636701154.562500
0.18229000000000006,0.018000000000000002,0.045200000000000004,456774636701154.562500
0.18230000000000002,0.015600000000000001,0.058,456774636701154.562500
0.18231000000000008,0.0204,0.0572,456774636701154.562500
0.18232000000000004,0.0196,0.056400000000000006,456774636701154.562500
0.1823300000000001,0.0204,0.055600000000000004,456774636701154.562500
0.18234000000000006,0.022000000000000002,0.056400000000000006,456774636701154.562500
0.18235,0.0212,0.055600000000000004,456774636701154.562500
0.18236000000000008,0.0212,0.056400000000000006,456774636701154.562500
0.18237000000000003,0.0188,0.055600000000000004,456774636701154.562500
0.1823800000000001,0.018000000000000002,0.056400000000000006,456774636701154.562500
0.18239000000000005,0.0188,0.054,456774636701154.562500
0.1824,0.0204,0.0524,456774636701154.562500
0.18241000000000007,0.022000000000000002,0.056400000000000006,456774636701154.562500
0.18242000000000003,0.0244,0.054,456774636701154.562500
0.1824300000000001,0.022000000000000002,0.058,456774636701154.562500
0.18244000000000005,0.0172,0.054,456774636701154.562500
0.18245,0.018000000000000002,0.0548,456774636701154.562500
0.18246000000000007,0.0212,0.056400000000000006,456774636701154.562500
0.18247000000000002,0.0228,0.055600000000000004,456774636701154.562500
0.1824800000000001,0.0236,0.056400000000000006,456774636701154.562500
0.18249000000000004,0.0204,0.0572,456774636701154.562500
0.1825000000000001,0.0236,0.0572,456774636701154.562500
0.18251000000000006,0.0244,0.054,456774636701154.562500
0.18252000000000002,0.0196,0.0572,456774636701154.562500
0.18253000000000008,0.0236,0.0572,456774636701154.562500
0.18254000000000004,0.0236,0.058,456774636701154.562500
0.1825500000000001,0.0236,0.056400000000000006,456774636701154.562500
0.18256000000000006,0.0212,0.056400000000000006,456774636701154.562500
0.18257,0.0244,0.0572,456774636701154.562500
0.18258000000000008,0.0228,0.054,456774636701154.562500
0.18259000000000003,0.022000000000000002,0.056400000000000006,456774636701154.562500
0.1826000000000001,0.0196,0.054,456774636701154.562500
0.18261000000000005,0.0212,0.055600000000000004,456774636701154.562500
0.18262,0.018000000000000002,0.056400000000000006,456774636701154.562500
0.18263000000000007,0.0204,0.0548,456774636701154.562500
0.18264000000000002,0.022000000000000002,0.0572,456774636701154.562500
0.1826500000000001,0.022000000000000002,0.056400000000000006,456774636701154.562500
0.18266000000000004,0.0228,0.058,456774636701154.562500
0.1826700000000001,0.0228,0.0548,456774636701154.562500
0.18268000000000006,0.022000000000000002,0.0572,456774636701154.562500
0.18269000000000002,0.0236,0.0548,456774636701154.562500
0.18270000000000008,0.0236,0.056400000000000006,456774636701154.562500
0.18271000000000004,0.0244,0.053200000000000004,456774636701154.562500
0.1827200000000001,0.026000000000000002,0.055600000000000004,456774636701154.562500
0.18273000000000006,0.015600000000000001,0.056400000000000006,456774636701154.562500
0.18274,0.0236,0.055600000000000004,456774636701154.562500
0.18275000000000008,0.022000000000000002,0.056400000000000006,456774636701154.562500
0.18276000000000003,0.0244,0.0572,456774636701154.562500
0.1827700000000001,0.0244,0.056400000000000006,456774636701154.562500
0.18278000000000005,0.0244,0.0572,456774636701154.562500
0.18279,0.022000000000000002,0.0572,456774636701154.562500
0.18280000000000007,0.0236,0.0572,456774636701154.562500
0.18281000000000003,0.022000000000000002,0.056400000000000006,456774636701154.562500
0.1828200000000001,0.0244,0.054,456774636701154.562500
0.18283000000000005,0.0212,0.0548,456774636701154.562500
0.18284,0.0244,0.0524,456774636701154.562500
0.18285000000000007,0.022000000000000002,0.056400000000000006,456774636701154.562500
0.18286000000000002,0.0212,0.050800000000000005,456774636701154.562500
0.1828700000000001,0.022000000000000002,0.058,456774636701154.562500
0.18288000000000004,0.022000000000000002,0.0572,456774636701154.562500
0.1828900000000001,0.0236,0.056400000000000006,456774636701154.562500
0.18290000000000006,0.022000000000000002,0.056400000000000006,456774636701154.562500
0.18291000000000002,0.0212,0.055600000000000004,456774636701154.562500
0.18292000000000008,0.0228,0.056400000000000006,456774636701154.562500
0.18293000000000004,0.022000000000000002,0.0572,456774636701154.562500
0.1829400000000001,0.0228,0.058,456774636701154.562500
0.18295000000000006,0.022000000000000002,0.058800000000000005,456774636701154.562500
0.18296,0.0204,0.055600000000000004,456774636701154.562500
0.18297000000000008,0.0236,0.0572,456774636701154.562500
0.18298000000000003,0.0236,0.054,456774636701154.562500
0.1829900000000001,0.0228,0.0572,456774636701154.562500
0.18300000000000005,0.0236,0.0572,456774636701154.562500
0.18301,0.0204,0.0572,456774636701154.562500
0.18302000000000007,0.0204,0.050800000000000005,456774636701154.562500
0.18303000000000003,0.022000000000000002,0.055600000000000004,456774636701154.562500
0.1830400000000001,0.0188,0.054,456774636701154.562500
0.18305000000000005,0.0196,0.055600000000000004,456774636701154.562500
0.18306,0.0244,0.0572,456774636701154.562500
0.18307000000000007,0.0244,0.056400000000000006,456774636701154.562500
0.18308000000000002,0.0252,0.0572,456774636701154.562500
0.18309000000000009,0.0244,0.0524,456774636701154.562500
0.18310000000000004,0.0236,0.056400000000000006,456774636701154.562500
0.1831100000000001,0.0244,0.053200000000000004,456774636701154.562500
0.18312000000000006,0.0236,0.055600000000000004,456774636701154.562500
0.18313000000000001,0.0252,0.0516,456774636701154.562500
0.18314000000000008,0.0236,0.0572,456774636701154.562500
0.18315000000000003,0.022000000000000002,0.0524,456774636701154.562500
0.1831600000000001,0.022000000000000002,0.055600000000000004,456774636701154.562500
0.18317000000000005,0.0196,0.053200000000000004,456774636701154.562500
0.18318,0.0204,0.0572,456774636701154.562500
0.18319000000000007,0.0172,0.054,456774636701154.562500
0.18320000000000003,0.022000000000000002,0.056400000000000006,456774636701154.562500
0.1832100000000001,0.022000000000000002,0.058,456774636701154.562500
0.18322000000000005,0.0228,0.056400000000000006,456774636701154.562500
0.18323,0.022000000000000002,0.056400000000000006,456774636701154.562500
0.18324000000000007,0.0204,0.0572,456774636701154.562500
0.18325000000000002,0.022000000000000002,0.0548,456774636701154.562500
0.1832600000000001,0.0244,0.055600000000000004,456774636701154.562500
0.18327000000000004,0.022000000000000002,0.055600000000000004,456774636701154.562500
0.1832800000000001,0.0228,0.0516,456774636701154.562500
0.18329000000000006,0.0228,0.0516,456774636701154.562500
0.18330000000000002,0.0244,0.055600000000000004,456774636701154.562500
0.18331000000000008,0.0244,0.0516,456774636701154.562500
0.18332000000000004,0.0244,0.0548,456774636701154.562500
0.1833300000000001,0.022000000000000002,0.056400000000000006,456774636701154.562500
0.18334000000000006,0.0236,0.0548,456774636701154.562500
0.18335,0.022000000000000002,0.0476,456774636701154.562500
0.18336000000000008,0.0196,0.042,456774636701154.562500
0.18337000000000003,0.026000000000000002,0.046,456774636701154.562500
0.1833800000000001,0.0236,0.054,456774636701154.562500
0.18339000000000005,0.0244,0.050800000000000005,456774636701154.562500
0.1834,0.0244,0.05,456774636701154.562500
0.18341000000000007,0.0252,0.0516,456774636701154.562500
0.18342000000000003,0.0244,0.0572,456774636701154.562500
0.1834300000000001,0.0244,0.055600000000000004,456774636701154.562500
0.18344000000000005,0.0236,0.055600000000000004,456774636701154.562500
0.18345,0.0244,0.056400000000000006,456774636701154.562500
0.18346000000000007,0.0228,0.054,456774636701154.562500
0.18347000000000002,0.0236,0.0476,456774636701154.562500
0.1834800000000001,0.022000000000000002,0.055600000000000004,456774636701154.562500
0.18349000000000004,0.0236,0.056400000000000006,456774636701154.562500
0.1835000000000001,0.0228,0.0548,456774636701154.562500
0.18351000000000006,0.022000000000000002,0.0572,456774636701154.562500
0.18352000000000002,0.0228,0.0516,456774636701154.562500
0.18353000000000008,0.0244,0.0524,456774636701154.562500
0.18354000000000004,0.0228,0.042,456774636701154.562500
0.1835500000000001,0.0212,0.045200000000000004,456774636701154.562500
0.18356000000000006,0.0196,0.0412,456774636701154.562500
0.18357,0.0244,0.0524,456774636701154.562500
0.18358000000000008,0.0212,0.0476,456774636701154.562500
0.18359000000000003,0.0236,0.056400000000000006,456774636701154.562500
0.1836000000000001,0.0228,0.050800000000000005,456774636701154.562500
0.18361000000000005,0.0228,0.056400000000000006,456774636701154.562500
0.18362,0.0228,0.0572,456774636701154.562500
0.18363000000000007,0.0236,0.053200000000000004,456774636701154.562500
0.18364000000000003,0.0236,0.055600000000000004,456774636701154.562500
0.1836500000000001,0.0236,0.0516,456774636701154.562500
0.18366000000000005,0.0236,0.056400000000000006,456774636701154.562500
0.1836700000000001,0.0244,0.055600000000000004,456774636701154.562500
0.18368000000000007,0.022000000000000002,0.056400000000000006,456774636701154.562500
0.18369000000000002,0.0244,0.055600000000000004,456774636701154.562500
0.18370000000000009,0.0228,0.054,456774636701154.562500
0.18371000000000004,0.0236,0.056400000000000006,456774636701154.562500
0.1837200000000001,0.0236,0.0548,456774636701154.562500
0.18373000000000006,0.022000000000000002,0.056400000000000006,456774636701154.562500
0.18374000000000001,0.0244,0.056400000000000006,456774636701154.562500
0.18375000000000008,0.022000000000000002,0.053200000000000004,456774636701154.562500
0.18376000000000003,0.0244,0.054,456774636701154.562500
0.1837700000000001,0.0228,0.05,456774636701154.562500
0.18378000000000005,0.0236,0.056400000000000006,456774636701154.562500
0.18379,0.0236,0.0524,456774636701154.562500
0.18380000000000007,0.0228,0.055600000000000004,456774636701154.562500
0.18381000000000003,0.0228,0.056400000000000006,456774636701154.562500
0.1838200000000001,0.018000000000000002,0.055600000000000004,456774636701154.562500
0.18383000000000005,0.0212,0.054,456774636701154.562500
0.18384,0.0212,0.050800000000000005,456774636701154.562500
0.18385000000000007,0.022000000000000002,0.0516,456774636701154.562500
0.18386000000000002,0.022000000000000002,0.0436,456774636701154.562500
0.1838700000000001,0.0196,0.058,456774636701154.562500
0.18388000000000004,0.0212,0.054,456774636701154.562500
0.1838900000000001,0.0236,0.0572,456774636701154.562500
0.18390000000000006,0.0236,0.056400000000000006,456774636701154.562500
0.18391000000000002,0.0236,0.055600000000000004,456774636701154.562500
0.18392000000000008,0.0236,0.0548,456774636701154.562500
0.18393000000000004,0.022000000000000002,0.0572,456774636701154.562500
0.1839400000000001,0.0236,0.0548,456774636701154.562500
0.18395000000000006,0.0236,0.055600000000000004,456774636701154.562500
0.18396,0.0244,0.0572,456774636701154.562500
0.18397000000000008,0.0236,0.054,456774636701154.562500
0.18398000000000003,0.0236,0.056400000000000006,456774636701154.562500
0.1839900000000001,0.0236,0.056400000000000006,456774636701154.562500
0.18400000000000005,0.0236,0.054,456774636701154.562500
0.18401,0.0236,0.054,456774636701154.562500
0.18402000000000007,0.0204,0.0572,456774636701154.562500
0.18403000000000003,0.0252,0.055600000000000004,456774636701154.562500
0.1840400000000001,0.0204,0.055600000000000004,456774636701154.562500
0.18405000000000005,0.0244,0.056400000000000006,456774636701154.562500
0.18406,0.0196,0.0516,456774636701154.562500
0.18407000000000007,0.0236,0.058,456774636701154.562500
0.18408000000000002,0.0228,0.055600000000000004,456774636701154.562500
0.1840900000000001,0.0204,0.0572,456774636701154.562500
0.18410000000000004,0.022000000000000002,0.0572,456774636701154.562500
0.1841100000000001,0.018000000000000002,0.0572,456774636701154.562500
0.18412000000000006,0.0196,0.056400000000000006,456774636701154.562500
0.18413000000000002,0.0212,0.0572,456774636701154.562500
0.18414000000000008,0.022000000000000002,0.0572,456774636701154.562500
0.18415000000000004,0.0172,0.0548,456774636701154.562500
0.1841600000000001,0.0236,0.054,456774636701154.562500
0.18417000000000006,0.022000000000000002,0.056400000000000006,456774636701154.562500
0.18418,0.022000000000000002,0.058,456774636701154.562500
0.18419000000000008,0.022000000000000002,0.0524,456774636701154.562500
0.18420000000000003,0.0228,0.058,456774636701154.562500
0.1842100000000001,0.022000000000000002,0.0516,456774636701154.562500
0.18422000000000005,0.0244,0.055600000000000004,456774636701154.562500
0.18423,0.0204,0.0492,456774636701154.562500
0.18424000000000007,0.022000000000000002,0.056400000000000006,456774636701154.562500
0.18425000000000002,0.0236,0.0492,456774636701154.562500
0.1842600000000001,0.0204,0.058,456774636701154.562500
0.18427000000000004,0.0244,0.05,456774636701154.562500
0.1842800000000001,0.0164,0.0548,456774636701154.562500
0.18429000000000006,0.0236,0.0548,456774636701154.562500
0.18430000000000002,0.022000000000000002,0.055600000000000004,456774636701154.562500
0.18431000000000008,0.0244,0.048400000000000006,456774636701154.562500
0.18432000000000004,0.0204,0.0524,456774636701154.562500
0.1843300000000001,0.0236,0.054,456774636701154.562500
0.18434000000000006,0.015600000000000001,0.054,456774636701154.562500
0.18435,0.0236,0.0516,456774636701154.562500
0.18436000000000008,0.0212,0.055600000000000004,456774636701154.562500
0.18437000000000003,0.022000000000000002,0.0572,456774636701154.562500
0.1843800000000001,0.0196,0.055600000000000004,456774636701154.562500
0.18439000000000005,0.022000000000000002,0.0476,456774636701154.562500
0.1844,0.0204,0.054,456774636701154.562500
0.18441000000000007,0.022000000000000002,0.050800000000000005,456774636701154.562500
0.18442000000000003,0.022000000000000002,0.0524,456774636701154.562500
0.1844300000000001,0.022000000000000002,0.05,456774636701154.562500
0.18444000000000005,0.0244,0.054,456774636701154.562500
0.18445,0.0212,0.050800000000000005,456774636701154.562500
0.18446000000000007,0.022000000000000002,0.0516,456774636701154.562500
0.18447000000000002,0.0172,0.0476,456774636701154.562500
0.1844800000000001,0.0196,0.053200000000000004,456774636701154.562500
0.18449000000000004,0.018000000000000002,0.055600000000000004,456774636701154.562500
0.1845000000000001,0.0204,0.058,456774636701154.562500
0.18451000000000006,0.022000000000000002,0.054,456774636701154.562500
0.18452000000000002,0.0236,0.0572,456774636701154.562500
0.18453000000000008,0.0212,0.054,456774636701154.562500
0.18454000000000004,0.0228,0.058,456774636701154.562500
0.1845500000000001,0.0252,0.056400000000000006,456774636701154.562500
0.18456000000000006,0.0244,0.056400000000000006,456774636701154.562500
0.18457,0.022000000000000002,0.053200000000000004,456774636701154.562500
0.18458000000000008,0.0252,0.0572,456774636701154.562500
0.18459000000000003,0.0188,0.056400000000000006,456774636701154.562500
0.1846000000000001,0.0228,0.055600000000000004,456774636701154.562500
0.18461000000000005,0.0244,0.056400000000000006,456774636701154.562500
0.18462,0.0252,0.054,456774636701154.562500
0.18463000000000007,0.0244,0.056400000000000006,456774636701154.562500
0.18464000000000003,0.0252,0.0572,456774636701154.562500
0.1846500000000001,0.022000000000000002,0.0572,456774636701154.562500
0.18466000000000005,0.0108,0.0524,456774636701154.562500
0.18467,0.0204,0.058,456774636701154.562500
0.18468000000000007,0.0172,0.053200000000000004,456774636701154.562500
0.18469000000000002,0.0196,0.058,456774636701154.562500
0.1847000000000001,0.0188,0.058,456774636701154.562500
0.18471000000000004,0.022000000000000002,0.048400000000000006,456774636701154.562500
0.1847200000000001,0.0196,0.056400000000000006,456774636701154.562500
0.18473000000000006,0.0228,0.050800000000000005,456774636701154.562500
0.18474000000000002,0.0196,0.0548,456774636701154.562500
0.18475000000000008,0.0204,0.056400000000000006,456774636701154.562500
0.18476000000000004,0.022000000000000002,0.058,456774636701154.562500
0.1847700000000001,0.0228,0.0572,456774636701154.562500
0.18478000000000006,0.018000000000000002,0.053200000000000004,456774636701154.562500
0.18479,0.0212,0.0572,456774636701154.562500
0.18480000000000008,0.0236,0.056400000000000006,456774636701154.562500
0.18481000000000003,0.0228,0.0548,456774636701154.562500
0.1848200000000001,0.0236,0.055600000000000004,456774636701154.562500
0.18483000000000005,0.0228,0.055600000000000004,456774636701154.562500
0.18484,0.0212,0.053200000000000004,456774636701154.562500
0.18485000000000007,0.0252,0.0572,456774636701154.562500
0.18486000000000002,0.0228,0.0572,456774636701154.562500
0.1848700000000001,0.0244,0.0548,456774636701154.562500
0.18488000000000004,0.0236,0.0548,456774636701154.562500
0.1848900000000001,0.0244,0.0572,456774636701154.562500
0.18490000000000006,0.0244,0.058,456774636701154.562500
0.18491000000000002,0.0172,0.0572,456774636701154.562500
0.18492000000000008,0.0252,0.056400000000000006,456774636701154.562500
0.18493000000000004,0.0236,0.056400000000000006,456774636701154.562500
0.1849400000000001,0.0244,0.055600000000000004,456774636701154.562500
0.18495000000000006,0.0228,0.056400000000000006,456774636701154.562500
0.18496,0.0252,0.056400000000000006,456774636701154.562500
0.18497000000000008,0.0244,0.058,456774636701154.562500
0.18498000000000003,0.0244,0.0572,456774636701154.562500
0.1849900000000001,0.0236,0.0572,456774636701154.562500
0.18500000000000005,0.022000000000000002,0.0572,456774636701154.562500
0.18501,0.0228,0.0548,456774636701154.562500
0.18502000000000007,0.0228,0.056400000000000006,456774636701154.562500
0.18503000000000003,0.0228,0.0572,456774636701154.562500
0.1850400000000001,0.022000000000000002,0.050800000000000005,456774636701154.562500
0.18505000000000005,0.0196,0.056400000000000006,456774636701154.562500
0.18506,0.0228,0.053200000000000004,456774636701154.562500
0.18507000000000007,0.0188,0.055600000000000004,456774636701154.562500
0.18508000000000002,0.0236,0.058,456774636701154.562500
0.1850900000000001,0.0204,0.0572,456774636701154.562500
0.18510000000000004,0.0228,0.055600000000000004,456774636701154.562500
0.1851100000000001,0.0204,0.0516,456774636701154.562500
0.18512000000000006,0.022000000000000002,0.053200000000000004,456774636701154.562500
0.18513000000000002,0.0228,0.056400000000000006,456774636701154.562500
0.18514000000000008,0.0244,0.058,456774636701154.562500
0.18515000000000004,0.0244,0.056400000000000006,456774636701154.562500
0.1851600000000001,0.0228,0.0572,456774636701154.562500
0.18517000000000006,0.0244,0.055600000000000004,456774636701154.562500
0.18518,0.0244,0.055600000000000004,456774636701154.562500
0.18519000000000008,0.0252,0.0548,456774636701154.562500
0.18520000000000003,0.0236,0.055600000000000004,456774636701154.562500
0.1852100000000001,0.0244,0.055600000000000004,456774636701154.562500
0.18522000000000005,0.0236,0.055600000000000004,456774636701154.562500
0.18523,0.0228,0.056400000000000006,456774636701154.562500
0.18524000000000007,0.0252,0.0548,456774636701154.562500
0.18525000000000003,0.0244,0.056400000000000006,456774636701154.562500
0.1852600000000001,0.0228,0.055600000000000004,456774636701154.562500
0.18527000000000005,0.0236,0.056400000000000006,456774636701154.562500
0.1852800000000001,0.0252,0.054,456774636701154.562500
0.18529000000000007,0.0236,0.055600000000000004,456774636701154.562500
0.18530000000000002,0.0212,0.053200000000000004,456774636701154.562500
0.18531000000000009,0.0228,0.0572,456774636701154.562500
0.18532000000000004,0.022000000000000002,0.056400000000000006,456774636701154.562500
0.1853300000000001,0.022000000000000002,0.058,456774636701154.562500
0.18534000000000006,0.022000000000000002,0.055600000000000004,456774636701154.562500
0.18535000000000001,0.0228,0.056400000000000006,456774636701154.562500
0.18536000000000008,0.0212,0.056400000000000006,456774636701154.562500
0.18537000000000003,0.022000000000000002,0.0572,456774636701154.562500
0.1853800000000001,0.0212,0.0572,456774636701154.562500
0.18539000000000005,0.022000000000000002,0.0548,456774636701154.562500
0.1854,0.022000000000000002,0.056400000000000006,456774636701154.562500
0.18541000000000007,0.0212,0.054,456774636701154.562500
0.18542000000000003,0.0212,0.053200000000000004,456774636701154.562500
0.1854300000000001,0.0244,0.058,456774636701154.562500
0.18544000000000005,0.0212,0.058,456774636701154.562500
0.18545,0.022000000000000002,0.0572,456774636701154.562500
0.18546000000000007,0.0236,0.054,456774636701154.562500
0.18547000000000002,0.0244,0.046,456774636701154.562500
0.1854800000000001,0.0236,0.050800000000000005,456774636701154.562500
0.18549000000000004,0.0236,0.0468,456774636701154.562500
0.1855000000000001,0.0228,0.0548,456774636701154.562500
0.18551000000000006,0.0252,0.0476,456774636701154.562500
0.18552000000000002,0.0212,0.0548,456774636701154.562500
0.18553000000000008,0.0236,0.056400000000000006,456774636701154.562500
0.18554000000000004,0.0228,0.055600000000000004,456774636701154.562500
0.1855500000000001,0.0236,0.0492,456774636701154.562500
0.18556000000000006,0.018000000000000002,0.0572,456774636701154.562500
0.18557,0.022000000000000002,0.054,456774636701154.562500
0.18558000000000008,0.0164,0.055600000000000004,456774636701154.562500
0.18559000000000003,0.018000000000000002,0.0548,456774636701154.562500
0.1856000000000001,0.018000000000000002,0.056400000000000006,456774636701154.562500
0.18561000000000005,0.0212,0.055600000000000004,456774636701154.562500
0.18562,0.0204,0.0548,456774636701154.562500
0.18563000000000007,0.022000000000000002,0.053200000000000004,456774636701154.562500
0.18564000000000003,0.0188,0.054,456774636701154.562500
0.1856500000000001,0.018000000000000002,0.056400000000000006,456774636701154.562500
0.18566000000000005,0.0204,0.0524,456774636701154.562500
0.18567,0.0204,0.056400000000000006,456774636701154.562500
0.18568000000000007,0.0212,0.0516,456774636701154.562500
0.18569000000000002,0.0228,0.056400000000000006,456774636701154.562500
0.1857000000000001,0.0228,0.0548,456774636701154.562500
0.18571000000000004,0.0228,0.0548,456774636701154.562500
0.1857200000000001,0.0204,0.056400000000000006,456774636701154.562500
0.18573000000000006,0.0172,0.0516,456774636701154.562500
0.18574000000000002,0.022000000000000002,0.056400000000000006,456774636701154.562500
0.18575000000000008,0.0212,0.056400000000000006,456774636701154.562500
0.18576000000000004,0.0228,0.056400000000000006,456774636701154.562500
0.1857700000000001,0.0236,0.0548,456774636701154.562500
0.18578000000000006,0.022000000000000002,0.055600000000000004,456774636701154.562500
0.18579,0.0244,0.050800000000000005,456774636701154.562500
0.18580000000000008,0.0228,0.0572,456774636701154.562500
0.18581000000000003,0.0212,0.0548,456774636701154.562500
0.1858200000000001,0.0204,0.055600000000000004,456774636701154.562500
0.18583000000000005,0.0228,0.055600000000000004,456774636701154.562500
0.18584,0.0212,0.054,456774636701154.562500
0.18585000000000007,0.0212,0.056400000000000006,456774636701154.562500
0.18586000000000003,0.0204,0.0516,456774636701154.562500
0.1858700000000001,0.0244,0.058,456774636701154.562500
0.18588000000000005,0.022000000000000002,0.055600000000000004,456774636701154.562500
0.1858900000000001,0.0212,0.055600000000000004,456774636701154.562500
0.18590000000000007,0.0236,0.056400000000000006,456774636701154.562500
0.18591000000000002,0.0244,0.055600000000000004,456774636701154.562500
0.18592000000000009,0.0228,0.0524,456774636701154.562500
0.18593000000000004,0.0236,0.056400000000000006,456774636701154.562500
0.1859400000000001,0.0228,0.048400000000000006,456774636701154.562500
0.18595000000000006,0.0204,0.058,456774636701154.562500
0.18596000000000001,0.0228,0.053200000000000004,456774636701154.562500
0.18597000000000008,0.022000000000000002,0.0548,456774636701154.562500
0.18598000000000003,0.0204,0.050800000000000005,456774636701154.562500
0.1859900000000001,0.022000000000000002,0.053200000000000004,456774636701154.562500
0.18600000000000005,0.022000000000000002,0.050800000000000005,456774636701154.562500
0.18601,0.0196,0.056400000000000006,456774636701154.562500
0.18602000000000007,0.022000000000000002,0.0524,456774636701154.562500
0.18603000000000003,0.0204,0.0516,456774636701154.562500
0.1860400000000001,0.0236,0.045200000000000004,456774636701154.562500
0.18605000000000005,0.022000000000000002,0.054,456774636701154.562500
0.18606,0.0236,0.0516,456774636701154.562500
0.18607000000000007,0.0228,0.056400000000000006,456774636701154.562500
0.18608000000000002,0.0252,0.0548,456774636701154.562500
0.1860900000000001,0.0252,0.050800000000000005,456774636701154.562500
0.18610000000000004,0.0244,0.0476,456774636701154.562500
0.1861100000000001,0.0252,0.055600000000000004,456774636701154.562500
0.18612000000000006,0.0252,0.0516,456774636701154.562500
0.18613000000000002,0.0244,0.0548,456774636701154.562500
0.18614000000000008,0.0244,0.048400000000000006,456774636701154.562500
0.18615000000000004,0.0236,0.056400000000000006,456774636701154.562500
0.1861600000000001,0.0204,0.055600000000000004,456774636701154.562500
0.18617000000000006,0.0212,0.0572,456774636701154.562500
0.18618,0.0188,0.055600000000000004,456774636701154.562500
0.18619000000000008,0.0236,0.056400000000000006,456774636701154.562500
0.18620000000000003,0.0228,0.0524,456774636701154.562500
0.1862100000000001,0.0228,0.055600000000000004,456774636701154.562500
0.18622000000000005,0.0212,0.0548,456774636701154.562500
0.18623,0.0236,0.058,456774636701154.562500
0.18624000000000007,0.022000000000000002,0.056400000000000006,456774636701154.562500
0.18625000000000003,0.022000000000000002,0.05,456774636701154.562500
0.1862600000000001,0.0204,0.0572,456774636701154.562500
0.18627000000000005,0.022000000000000002,0.055600000000000004,456774636701154.562500
0.18628,0.0212,0.0572,456774636701154.562500
0.18629000000000007,0.0236,0.056400000000000006,456774636701154.562500
0.18630000000000002,0.0228,0.056400000000000006,456774636701154.562500
0.1863100000000001,0.0228,0.056400000000000006,456774636701154.562500
0.18632000000000004,0.0236,0.0548,456774636701154.562500
0.1863300000000001,0.022000000000000002,0.055600000000000004,456774636701154.562500
0.18634000000000006,0.0212,0.050800000000000005,456774636701154.562500
0.18635000000000002,0.022000000000000002,0.056400000000000006,456774636701154.562500
0.18636000000000008,0.0188,0.0572,456774636701154.562500
0.18637000000000004,0.0236,0.053200000000000004,456774636701154.562500
0.1863800000000001,0.022000000000000002,0.0572,456774636701154.562500
0.18639000000000006,0.0244,0.055600000000000004,456774636701154.562500
0.1864,0.0212,0.056400000000000006,456774636701154.562500
0.18641000000000008,0.0236,0.0548,456774636701154.562500
0.18642000000000003,0.0196,0.055600000000000004,456774636701154.562500
0.1864300000000001,0.0236,0.056400000000000006,456774636701154.562500
0.18644000000000005,0.0228,0.056400000000000006,456774636701154.562500
0.18645,0.0236,0.056400000000000006,456774636701154.562500
0.18646000000000007,0.0236,0.0572,456774636701154.562500
0.18647000000000002,0.022000000000000002,0.05,456774636701154.562500
0.1864800000000001,0.0236,0.054,456774636701154.562500
0.18649000000000004,0.0204,0.0492,456774636701154.562500
0.1865000000000001,0.022000000000000002,0.050800000000000005,456774636701154.562500
0.18651000000000006,0.0204,0.042,456774636701154.562500
0.18652000000000002,0.022000000000000002,0.0524,456774636701154.562500
0.18653000000000008,0.022000000000000002,0.0516,456774636701154.562500
0.18654000000000004,0.0236,0.0572,456774636701154.562500
0.1865500000000001,0.0196,0.056400000000000006,456774636701154.562500
0.18656000000000006,0.0236,0.054,456774636701154.562500
0.18657,0.022000000000000002,0.055600000000000004,456774636701154.562500
0.18658000000000008,0.0228,0.050800000000000005,456774636701154.562500
0.18659000000000003,0.0228,0.058,456774636701154.562500
0.1866000000000001,0.022000000000000002,0.0572,456774636701154.562500
0.18661000000000005,0.0228,0.0548,456774636701154.562500
0.18662,0.022000000000000002,0.056400000000000006,456774636701154.562500
0.18663000000000007,0.0236,0.054,456774636701154.562500
0.18664000000000003,0.022000000000000002,0.053200000000000004,456774636701154.562500
0.1866500000000001,0.0236,0.054,456774636701154.562500
0.18666000000000005,0.0212,0.053200000000000004,456774636701154.562500
0.18667,0.0236,0.0572,456774636701154.562500
0.18668000000000007,0.0188,0.0572,456774636701154.562500
0.18669000000000002,0.0236,0.056400000000000006,456774636701154.562500
0.1867000000000001,0.0244,0.0524,456774636701154.562500
0.18671000000000004,0.0244,0.0548,456774636701154.562500
0.1867200000000001,0.0244,0.053200000000000004,456774636701154.562500
0.18673000000000006,0.0244,0.056400000000000006,456774636701154.562500
0.18674000000000002,0.0244,0.056400000000000006,456774636701154.562500
0.18675000000000008,0.0196,0.055600000000000004,456774636701154.562500
0.18676000000000004,0.0228,0.053200000000000004,456774636701154.562500
0.1867700000000001,0.0212,0.0572,456774636701154.562500
0.18678000000000006,0.0236,0.0572,456774636701154.562500
0.18679,0.0252,0.045200000000000004,456774636701154.562500
0.18680000000000008,0.0236,0.0548,456774636701154.562500
0.18681000000000003,0.0236,0.050800000000000005,456774636701154.562500
0.1868200000000001,0.0236,0.0572,456774636701154.562500
0.18683000000000005,0.0236,0.056400000000000006,456774636701154.562500
0.18684,0.0204,0.0572,456774636701154.562500
0.18685000000000007,0.0212,0.0492,456774636701154.562500
0.18686000000000003,0.022000000000000002,0.056400000000000006,456774636701154.562500
0.1868700000000001,0.0212,0.053200000000000004,456774636701154.562500
0.18688000000000005,0.0196,0.055600000000000004,456774636701154.562500
0.1868900000000001,0.0212,0.048400000000000006,456774636701154.562500
0.18690000000000007,0.0188,0.0548,456774636701154.562500
0.18691000000000002,0.0236,0.0524,456774636701154.562500
0.18692000000000009,0.0236,0.0572,456774636701154.562500
0.18693000000000004,0.0212,0.0572,456774636701154.562500
0.1869400000000001,0.0228,0.055600000000000004,456774636701154.562500
0.18695000000000006,0.022000000000000002,0.0548,456774636701154.562500
0.18696000000000002,0.0236,0.056400000000000006,456774636701154.562500
0.18697000000000008,0.0228,0.056400000000000006,456774636701154.562500
0.18698000000000004,0.0236,0.056400000000000006,456774636701154.562500
0.1869900000000001,0.0244,0.0548,456774636701154.562500
0.18700000000000006,0.0236,0.056400000000000006,456774636701154.562500
0.18701,0.0236,0.055600000000000004,456774636701154.562500
0.18702000000000008,0.0244,0.0524,456774636701154.562500
0.18703000000000003,0.0244,0.056400000000000006,456774636701154.562500
0.1870400000000001,0.0236,0.0548,456774636701154.562500
0.18705000000000005,0.0228,0.056400000000000006,456774636701154.562500
0.18706,0.0228,0.0572,456774636701154.562500
0.18707000000000007,0.0252,0.0572,456774636701154.562500
0.18708000000000002,0.0236,0.058,456774636701154.562500
0.1870900000000001,0.0244,0.055600000000000004,456774636701154.562500
0.18710000000000004,0.0228,0.058,456774636701154.562500
0.1871100000000001,0.0204,0.056400000000000006,456774636701154.562500
0.18712000000000006,0.0252,0.0548,456774636701154.562500
0.18713000000000002,0.0204,0.0572,456774636701154.562500
0.18714000000000008,0.0212,0.0572,456774636701154.562500
0.18715000000000004,0.0204,0.055600000000000004,456774636701154.562500
0.1871600000000001,0.022000000000000002,0.054,456774636701154.562500
0.18717000000000006,0.022000000000000002,0.056400000000000006,456774636701154.562500
0.18718,0.0204,0.055600000000000004,456774636701154.562500
0.18719000000000008,0.022000000000000002,0.0572,456774636701154.562500
0.18720000000000003,0.0196,0.056400000000000006,456774636701154.562500
0.1872100000000001,0.0236,0.0572,456774636701154.562500
0.18722000000000005,0.0204,0.0548,456774636701154.562500
0.18723,0.022000000000000002,0.056400000000000006,456774636701154.562500
0.18724000000000007,0.0212,0.0572,456774636701154.562500
0.18725000000000003,0.0236,0.056400000000000006,456774636701154.562500
0.1872600000000001,0.022000000000000002,0.0572,456774636701154.562500
0.18727000000000005,0.0212,0.056400000000000006,456774636701154.562500
0.18728,0.0236,0.056400000000000006,456774636701154.562500
0.18729000000000007,0.0236,0.050800000000000005,456774636701154.562500
0.18730000000000002,0.0228,0.056400000000000006,456774636701154.562500
0.1873100000000001,0.026000000000000002,0.058,456774636701154.562500
0.18732000000000004,0.0228,0.0548,456774636701154.562500
0.1873300000000001,0.026000000000000002,0.058,456774636701154.562500
0.18734000000000006,0.0244,0.0572,456774636701154.562500
0.18735000000000002,0.0252,0.053200000000000004,456774636701154.562500
0.18736000000000008,0.022000000000000002,0.058,456774636701154.562500
0.18737000000000004,0.0244,0.055600000000000004,456774636701154.562500
0.1873800000000001,0.0236,0.0548,456774636701154.562500
0.18739000000000006,0.0228,0.056400000000000006,456774636701154.562500
0.1874,0.0236,0.056400000000000006,456774636701154.562500
0.18741000000000008,0.022000000000000002,0.0524,456774636701154.562500
0.18742000000000003,0.0228,0.056400000000000006,456774636701154.562500
0.1874300000000001,0.0212,0.053200000000000004,456774636701154.562500
0.18744000000000005,0.0236,0.0524,456774636701154.562500
0.18745,0.022000000000000002,0.058,456774636701154.562500
0.18746000000000007,0.0228,0.053200000000000004,456774636701154.562500
0.18747000000000003,0.0228,0.056400000000000006,456774636701154.562500
0.1874800000000001,0.0212,0.05,456774636701154.562500
0.18749000000000005,0.022000000000000002,0.0572,456774636701154.562500
0.1875000000000001,0.022000000000000002,0.046,456774636701154.562500
0.18751000000000007,0.0212,0.055600000000000004,456774636701154.562500
0.18752000000000002,0.0212,0.055600000000000004,456774636701154.562500
0.18753000000000009,0.0212,0.056400000000000006,456774636701154.562500
0.18754000000000004,0.022000000000000002,0.053200000000000004,456774636701154.562500
0.1875500000000001,0.0236,0.055600000000000004,456774636701154.562500
0.18756000000000006,0.0252,0.0492,456774636701154.562500
0.18757000000000001,0.0228,0.058,456774636701154.562500
0.18758000000000008,0.0252,0.0548,456774636701154.562500
0.18759000000000003,0.0244,0.056400000000000006,456774636701154.562500
0.1876000000000001,0.0236,0.055600000000000004,456774636701154.562500
0.18761000000000005,0.0204,0.056400000000000006,456774636701154.562500
0.18762,0.0236,0.056400000000000006,456774636701154.562500
0.18763000000000007,0.0236,0.0572,456774636701154.562500
0.18764000000000003,0.0204,0.056400000000000006,456774636701154.562500
0.1876500000000001,0.0244,0.0492,456774636701154.562500
0.18766000000000005,0.0244,0.056400000000000006,456774636701154.562500
0.18767,0.0228,0.0548,456774636701154.562500
0.18768000000000007,0.0236,0.05,456774636701154.562500
0.18769000000000002,0.0196,0.055600000000000004,456774636701154.562500
0.1877000000000001,0.022000000000000002,0.05,456774636701154.562500
0.18771000000000004,0.0236,0.0572,456774636701154.562500
0.1877200000000001,0.022000000000000002,0.053200000000000004,456774636701154.562500
0.18773000000000006,0.022000000000000002,0.054,456774636701154.562500
0.18774000000000002,0.0204,0.056400000000000006,456774636701154.562500
0.18775000000000008,0.0204,0.0572,456774636701154.562500
0.18776000000000004,0.0212,0.055600000000000004,456774636701154.562500
0.1877700000000001,0.0228,0.055600000000000004,456774636701154.562500
0.18778000000000006,0.0188,0.0572,456774636701154.562500
0.18779,0.0212,0.055600000000000004,456774636701154.562500
0.18780000000000008,0.0228,0.055600000000000004,456774636701154.562500
0.18781000000000003,0.0204,0.058,456774636701154.562500
0.1878200000000001,0.0212,0.0548,456774636701154.562500
0.18783000000000005,0.0244,0.055600000000000004,456774636701154.562500
0.18784,0.0204,0.056400000000000006,456774636701154.562500
0.18785000000000007,0.0204,0.0548,456774636701154.562500
0.18786000000000003,0.018000000000000002,0.0572,456774636701154.562500
0.1878700000000001,0.0212,0.050800000000000005,456774636701154.562500
0.18788000000000005,0.0236,0.0548,456774636701154.562500
0.18789,0.0236,0.055600000000000004,456774636701154.562500
0.18790000000000007,0.0212,0.0572,456774636701154.562500
0.18791000000000002,0.0244,0.055600000000000004,456774636701154.562500
0.1879200000000001,0.0236,0.0572,456774636701154.562500
0.18793000000000004,0.0212,0.054,456774636701154.562500
0.1879400000000001,0.026000000000000002,0.055600000000000004,456774636701154.562500
0.18795000000000006,0.0244,0.0572,456774636701154.562500
0.18796000000000002,0.0252,0.050800000000000005,456774636701154.562500
0.18797000000000008,0.0244,0.056400000000000006,456774636701154.562500
0.18798000000000004,0.0244,0.0572,456774636701154.562500
0.1879900000000001,0.0212,0.055600000000000004,456774636701154.562500
0.18800000000000006,0.026000000000000002,0.056400000000000006,456774636701154.562500
0.18801,0.0212,0.053200000000000004,456774636701154.562500
0.18802000000000008,0.0228,0.056400000000000006,456774636701154.562500
0.18803000000000003,0.0228,0.0516,456774636701154.562500
0.1880400000000001,0.0236,0.056400000000000006,456774636701154.562500
0.18805000000000005,0.0212,0.0548,456774636701154.562500
0.18806,0.022000000000000002,0.053200000000000004,456774636701154.562500
0.18807000000000007,0.0236,0.054,456774636701154.562500
0.18808000000000002,0.0236,0.053200000000000004,456774636701154.562500
0.1880900000000001,0.0228,0.056400000000000006,456774636701154.562500
0.18810000000000004,0.0212,0.055600000000000004,456774636701154.562500
0.1881100000000001,0.0228,0.056400000000000006,456774636701154.562500
0.18812000000000006,0.012400000000000001,0.050800000000000005,456774636701154.562500
0.18813000000000002,0.0204,0.055600000000000004,456774636701154.562500
0.18814000000000008,0.018000000000000002,0.056400000000000006,456774636701154.562500
0.18815000000000004,0.0204,0.054,456774636701154.562500
0.1881600000000001,0.018000000000000002,0.050800000000000005,456774636701154.562500
0.18817000000000006,0.0228,0.0524,456774636701154.562500
0.18818000000000001,0.0212,0.0332,456774636701154.562500
0.18819000000000008,0.0244,0.0444,456774636701154.562500
0.18820000000000003,0.0236,0.0412,456774636701154.562500
0.1882100000000001,0.0236,0.0468,456774636701154.562500
0.18822000000000005,0.0252,0.042,456774636701154.562500
0.18823,0.0228,0.050800000000000005,456774636701154.562500
0.18824000000000007,0.0244,0.045200000000000004,456774636701154.562500
0.18825000000000003,0.0228,0.053200000000000004,456774636701154.562500
0.1882600000000001,0.0244,0.054,456774636701154.562500
0.18827000000000005,0.022000000000000002,0.0548,456774636701154.562500
0.18828,0.0244,0.0492,456774636701154.562500
0.18829000000000007,0.0196,0.056400000000000006,456774636701154.562500
0.18830000000000002,0.0212,0.0516,456774636701154.562500
0.1883100000000001,0.022000000000000002,0.055600000000000004,456774636701154.562500
0.18832000000000004,0.0196,0.055600000000000004,456774636701154.562500
0.1883300000000001,0.0228,0.054,456774636701154.562500
0.18834000000000006,0.018000000000000002,0.0572,456774636701154.562500
0.18835000000000002,0.022000000000000002,0.0572,456774636701154.562500
0.18836000000000008,0.0212,0.0548,456774636701154.562500
0.18837000000000004,0.0212,0.058,456774636701154.562500
0.1883800000000001,0.0228,0.056400000000000006,456774636701154.562500
0.18839000000000006,0.0236,0.056400000000000006,456774636701154.562500
0.1884,0.0196,0.046,456774636701154.562500
0.18841000000000008,0.022000000000000002,0.0548,456774636701154.562500
0.18842000000000003,0.0212,0.05,456774636701154.562500
0.1884300000000001,0.022000000000000002,0.0548,456774636701154.562500
0.18844000000000005,0.0228,0.0492,456774636701154.562500
0.18845,0.0212,0.0572,456774636701154.562500
0.18846000000000007,0.0164,0.055600000000000004,456774636701154.562500
0.18847000000000003,0.0228,0.056400000000000006,456774636701154.562500
0.1884800000000001,0.0204,0.055600000000000004,456774636701154.562500
0.18849000000000005,0.0228,0.0548,456774636701154.562500
0.1885,0.0196,0.055600000000000004,456774636701154.562500
0.18851000000000007,0.0236,0.055600000000000004,456774636701154.562500
0.18852000000000002,0.0212,0.054,456774636701154.562500
0.1885300000000001,0.0252,0.055600000000000004,456774636701154.562500
0.18854000000000004,0.0244,0.056400000000000006,456774636701154.562500
0.1885500000000001,0.0252,0.0572,456774636701154.562500
0.18856000000000006,0.0212,0.0548,456774636701154.562500
0.18857000000000002,0.0252,0.0548,456774636701154.562500
0.18858000000000008,0.0244,0.054,456774636701154.562500
0.18859000000000004,0.0244,0.0572,456774636701154.562500
0.1886000000000001,0.0228,0.056400000000000006,456774636701154.562500
0.18861000000000006,0.0236,0.056400000000000006,456774636701154.562500
0.18862,0.022000000000000002,0.0548,456774636701154.562500
0.18863000000000008,0.0228,0.055600000000000004,456774636701154.562500
0.18864000000000003,0.0236,0.0548,456774636701154.562500
0.1886500000000001,0.0244,0.0548,456774636701154.562500
0.18866000000000005,0.0228,0.055600000000000004,456774636701154.562500
0.18867,0.0228,0.055600000000000004,456774636701154.562500
0.18868000000000007,0.0236,0.055600000000000004,456774636701154.562500
0.18869000000000002,0.0212,0.056400000000000006,456774636701154.562500
0.1887000000000001,0.022000000000000002,0.055600000000000004,456774636701154.562500
0.18871000000000004,0.0212,0.0548,456774636701154.562500
0.1887200000000001,0.0212,0.0572,456774636701154.562500
0.18873000000000006,0.022000000000000002,0.056400000000000006,456774636701154.562500
0.18874000000000002,0.022000000000000002,0.056400000000000006,456774636701154.562500
0.18875000000000008,0.0228,0.054,456774636701154.562500
0.18876000000000004,0.0204,0.054,456774636701154.562500
0.1887700000000001,0.0228,0.054,456774636701154.562500
0.18878000000000006,0.022000000000000002,0.0548,456774636701154.562500
0.18879,0.0228,0.054,456774636701154.562500
0.18880000000000008,0.0252,0.056400000000000006,456774636701154.562500
0.18881000000000003,0.0204,0.0492,456774636701154.562500
0.1888200000000001,0.0244,0.0548,456774636701154.562500
0.18883000000000005,0.0244,0.0524,456774636701154.562500
0.18884,0.0236,0.0572,456774636701154.562500
0.18885000000000007,0.0244,0.05,456774636701154.562500
0.18886000000000003,0.0252,0.055600000000000004,456774636701154.562500
0.1888700000000001,0.0236,0.055600000000000004,456774636701154.562500
0.18888000000000005,0.0236,0.054,456774636701154.562500
0.18889,0.0236,0.056400000000000006,456774636701154.562500
0.18890000000000007,0.0236,0.05,456774636701154.562500
0.18891000000000002,0.0236,0.054,456774636701154.562500
0.1889200000000001,0.0236,0.0548,456774636701154.562500
0.18893000000000004,0.0236,0.055600000000000004,456774636701154.562500
0.1889400000000001,0.0228,0.05,456774636701154.562500
0.18895000000000006,0.022000000000000002,0.0548,456774636701154.562500
0.18896000000000002,0.0236,0.0516,456774636701154.562500
0.18897000000000008,0.0228,0.0572,456774636701154.562500
0.18898000000000004,0.0244,0.055600000000000004,456774636701154.562500
0.1889900000000001,0.0204,0.054,456774636701154.562500
0.18900000000000006,0.022000000000000002,0.0548,456774636701154.562500
0.18901,0.0212,0.048400000000000006,456774636701154.562500
0.18902000000000008,0.0228,0.056400000000000006,456774636701154.562500
0.18903000000000003,0.0228,0.0572,456774636701154.562500
0.1890400000000001,0.0228,0.058,456774636701154.562500
0.18905000000000005,0.022000000000000002,0.056400000000000006,456774636701154.562500
0.18906,0.0244,0.055600000000000004,456774636701154.562500
0.18907000000000007,0.022000000000000002,0.0524,456774636701154.562500
0.18908000000000003,0.022000000000000002,0.055600000000000004,456774636701154.562500
0.1890900000000001,0.018000000000000002,0.0516,456774636701154.562500
0.18910000000000005,0.0188,0.055600000000000004,456774636701154.562500
0.1891100000000001,0.018000000000000002,0.055600000000000004,456774636701154.562500
0.18912000000000007,0.0228,0.054,456774636701154.562500
0.18913000000000002,0.0228,0.0492,456774636701154.562500
0.18914000000000009,0.0228,0.053200000000000004,456774636701154.562500
0.18915000000000004,0.0236,0.050800000000000005,456774636701154.562500
0.1891600000000001,0.0252,0.0548,456774636701154.562500
0.18917000000000006,0.0244,0.05,456774636701154.562500
0.18918000000000001,0.0244,0.056400000000000006,456774636701154.562500
0.18919000000000008,0.0244,0.056400000000000006,456774636701154.562500
0.18920000000000003,0.022000000000000002,0.058,456774636701154.562500
0.1892100000000001,0.0252,0.0572,456774636701154.562500
0.18922000000000005,0.0236,0.0524,456774636701154.562500
0.18923,0.022000000000000002,0.0572,456774636701154.562500
0.18924000000000007,0.022000000000000002,0.058800000000000005,456774636701154.562500
0.18925000000000003,0.0196,0.055600000000000004,456774636701154.562500
0.1892600000000001,0.0212,0.055600000000000004,456774636701154.562500
0.18927000000000005,0.0228,0.0548,456774636701154.562500
0.18928,0.0228,0.0468,456774636701154.562500
0.18929000000000007,0.0236,0.048400000000000006,456774636701154.562500
0.18930000000000002,0.0244,0.0388,456774636701154.562500
0.1893100000000001,0.0228,0.0516,456774636701154.562500
0.18932000000000004,0.0236,0.055600000000000004,456774636701154.562500
0.1893300000000001,0.022000000000000002,0.0572,456774636701154.562500
0.18934000000000006,0.0196,0.055600000000000004,456774636701154.562500
0.18935000000000002,0.022000000000000002,0.055600000000000004,456774636701154.562500
0.18936000000000008,0.018000000000000002,0.056400000000000006,456774636701154.562500
0.18937000000000004,0.0228,0.056400000000000006,456774636701154.562500
0.1893800000000001,0.0236,0.055600000000000004,456774636701154.562500
0.18939000000000006,0.0236,0.058,456774636701154.562500
0.1894,0.0204,0.055600000000000004,456774636701154.562500
0.18941000000000008,0.0236,0.058,456774636701154.562500
0.18942000000000003,0.0236,0.0572,456774636701154.562500
0.1894300000000001,0.022000000000000002,0.055600000000000004,456774636701154.562500
0.18944000000000005,0.0204,0.056400000000000006,456774636701154.562500
0.18945,0.0244,0.0524,456774636701154.562500
0.18946000000000007,0.022000000000000002,0.0476,456774636701154.562500
0.18947000000000003,0.0252,0.053200000000000004,456774636701154.562500
0.1894800000000001,0.0244,0.0548,456774636701154.562500
0.18949000000000005,0.022000000000000002,0.054,456774636701154.562500
0.1895,0.0252,0.0548,456774636701154.562500
0.18951000000000007,0.022000000000000002,0.0436,456774636701154.562500
0.18952000000000002,0.0244,0.0444,456774636701154.562500
0.1895300000000001,0.0228,0.0476,456774636701154.562500
0.18954000000000004,0.0228,0.0476,456774636701154.562500
0.1895500000000001,0.0252,0.054,456774636701154.562500
0.18956000000000006,0.0228,0.0572,456774636701154.562500
0.18957000000000002,0.022000000000000002,0.056400000000000006,456774636701154.562500
0.18958000000000008,0.0212,0.0548,456774636701154.562500
0.18959000000000004,0.0212,0.0548,456774636701154.562500
0.1896000000000001,0.0228,0.055600000000000004,456774636701154.562500
0.18961000000000006,0.0228,0.056400000000000006,456774636701154.562500
0.18962,0.022000000000000002,0.054,456774636701154.562500
0.18963000000000008,0.0236,0.055600000000000004,456774636701154.562500
0.18964000000000003,0.0228,0.054,456774636701154.562500
0.1896500000000001,0.0228,0.055600000000000004,456774636701154.562500
0.18966000000000005,0.0236,0.0444,456774636701154.562500
0.18967,0.0228,0.0492,456774636701154.562500
0.18968000000000007,0.0236,0.045200000000000004,456774636701154.562500
0.18969000000000003,0.0228,0.0516,456774636701154.562500
0.1897000000000001,0.0236,0.0548,456774636701154.562500
0.18971000000000005,0.0228,0.0572,456774636701154.562500
0.1897200000000001,0.0244,0.055600000000000004,456774636701154.562500
0.18973000000000007,0.0228,0.055600000000000004,456774636701154.562500
0.18974000000000002,0.0252,0.056400000000000006,456774636701154.562500
0.18975000000000009,0.0236,0.0572,456774636701154.562500
0.18976000000000004,0.0252,0.0548,456774636701154.562500
0.1897700000000001,0.0252,0.053200000000000004,456774636701154.562500
0.18978000000000006,0.0252,0.0572,456774636701154.562500
0.18979000000000001,0.026000000000000002,0.0572,456774636701154.562500
0.18980000000000008,0.0252,0.054,456774636701154.562500
0.18981000000000003,0.0244,0.055600000000000004,456774636701154.562500
0.1898200000000001,0.0228,0.054,456774636701154.562500
0.18983000000000005,0.0228,0.054,456774636701154.562500
0.18984,0.0244,0.054,456774636701154.562500
0.18985000000000007,0.0244,0.056400000000000006,456774636701154.562500
0.18986000000000003,0.0228,0.053200000000000004,456774636701154.562500
0.1898700000000001,0.022000000000000002,0.054,456774636701154.562500
0.18988000000000005,0.0228,0.050800000000000005,456774636701154.562500
0.18989,0.0228,0.055600000000000004,456774636701154.562500
0.18990000000000007,0.0228,0.056400000000000006,456774636701154.562500
0.18991000000000002,0.0228,0.0516,456774636701154.562500
0.1899200000000001,0.018000000000000002,0.055600000000000004,456774636701154.562500
0.18993000000000004,0.0228,0.056400000000000006,456774636701154.562500
0.1899400000000001,0.0236,0.058,456774636701154.562500
0.18995000000000006,0.0236,0.055600000000000004,456774636701154.562500
0.18996000000000002,0.0212,0.0476,456774636701154.562500
0.18997000000000008,0.0236,0.0524,456774636701154.562500
0.18998000000000004,0.0228,0.0524,456774636701154.562500
0.1899900000000001,0.022000000000000002,0.055600000000000004,456774636701154.562500
0.19000000000000006,0.0236,0.0572,456774636701154.562500
0.19001,0.0236,0.055600000000000004,456774636701154.562500
0.19002000000000008,0.0236,0.0572,456774636701154.562500
0.19003000000000003,0.022000000000000002,0.0548,456774636701154.562500
0.1900400000000001,0.0244,0.0572,456774636701154.562500
0.19005000000000005,0.0244,0.0524,456774636701154.562500
0.19006,0.0228,0.055600000000000004,456774636701154.562500
0.19007000000000007,0.0244,0.0524,456774636701154.562500
0.19008000000000003,0.0244,0.056400000000000006,456774636701154.562500
0.1900900000000001,0.0228,0.056400000000000006,456774636701154.562500
0.19010000000000005,0.0244,0.0572,456774636701154.562500
0.19011,0.026000000000000002,0.0572,456774636701154.562500
0.19012000000000007,0.0244,0.058,456774636701154.562500
0.19013000000000002,0.0236,0.056400000000000006,456774636701154.562500
0.1901400000000001,0.0228,0.055600000000000004,456774636701154.562500
0.19015000000000004,0.0244,0.0572,456774636701154.562500
0.1901600000000001,0.0228,0.058,456774636701154.562500
0.19017000000000006,0.0236,0.0572,456774636701154.562500
0.19018000000000002,0.0236,0.0572,456774636701154.562500
0.19019000000000008,0.0236,0.055600000000000004,456774636701154.562500
0.19020000000000004,0.022000000000000002,0.053200000000000004,456774636701154.562500
0.1902100000000001,0.0228,0.0524,456774636701154.562500
0.19022000000000006,0.0228,0.054,456774636701154.562500
0.19023,0.0228,0.056400000000000006,456774636701154.562500
0.19024000000000008,0.0228,0.056400000000000006,456774636701154.562500
0.19025000000000003,0.022000000000000002,0.055600000000000004,456774636701154.562500
0.1902600000000001,0.022000000000000002,0.054,456774636701154.562500
0.19027000000000005,0.0212,0.053200000000000004,456774636701154.562500
0.19028,0.022000000000000002,0.045200000000000004,456774636701154.562500
0.19029000000000007,0.0228,0.054,456774636701154.562500
0.19030000000000002,0.0236,0.05,456774636701154.562500
0.1903100000000001,0.0236,0.0516,456774636701154.562500
0.19032000000000004,0.0228,0.045200000000000004,456774636701154.562500
0.1903300000000001,0.0244,0.042800000000000005,456774636701154.562500
0.19034000000000006,0.0196,0.053200000000000004,456774636701154.562500
0.19035000000000002,0.0244,0.055600000000000004,456774636701154.562500
0.19036000000000008,0.0196,0.0548,456774636701154.562500
0.19037000000000004,0.0236,0.055600000000000004,456774636701154.562500
0.1903800000000001,0.0212,0.056400000000000006,456774636701154.562500
0.19039000000000006,0.0228,0.055600000000000004,456774636701154.562500
0.1904,0.0236,0.056400000000000006,456774636701154.562500
0.19041000000000008,0.0244,0.056400000000000006,456774636701154.562500
0.19042000000000003,0.0236,0.0524,456774636701154.562500
0.1904300000000001,0.0244,0.055600000000000004,456774636701154.562500
0.19044000000000005,0.0236,0.058,456774636701154.562500
0.19045,0.0252,0.0572,456774636701154.562500
0.19046000000000007,0.0244,0.0572,456774636701154.562500
0.19047000000000003,0.0212,0.0548,456774636701154.562500
0.1904800000000001,0.0236,0.0572,456774636701154.562500
0.19049000000000005,0.022000000000000002,0.055600000000000004,456774636701154.562500
0.1905,0.0228,0.055600000000000004,456774636701154.562500
0.19051000000000007,0.0236,0.055600000000000004,456774636701154.562500
0.19052000000000002,0.022000000000000002,0.05,456774636701154.562500
0.1905300000000001,0.0228,0.054,456774636701154.562500
0.19054000000000004,0.0236,0.042,456774636701154.562500
0.1905500000000001,0.022000000000000002,0.053200000000000004,456774636701154.562500
0.19056000000000006,0.0236,0.0572,456774636701154.562500
0.19057000000000002,0.0204,0.056400000000000006,456774636701154.562500
0.19058000000000008,0.0172,0.0548,456774636701154.562500
0.19059000000000004,0.0236,0.053200000000000004,456774636701154.562500
0.1906000000000001,0.0204,0.054,456774636701154.562500
0.19061000000000006,0.0236,0.056400000000000006,456774636701154.562500
0.19062,0.0228,0.055600000000000004,456774636701154.562500
0.19063000000000008,0.0236,0.0476,456774636701154.562500
0.19064000000000003,0.0228,0.054,456774636701154.562500
0.1906500000000001,0.0236,0.048400000000000006,456774636701154.562500
0.19066000000000005,0.0188,0.058,456774636701154.562500
0.19067,0.018000000000000002,0.056400000000000006,456774636701154.562500
0.19068000000000007,0.0196,0.0548,456774636701154.562500
0.19069000000000003,0.0244,0.054,456774636701154.562500
0.1907000000000001,0.0204,0.0492,456774636701154.562500
0.19071000000000005,0.0196,0.054,456774636701154.562500
0.1907200000000001,0.0212,0.0548,456774636701154.562500
0.19073000000000007,0.0244,0.055600000000000004,456774636701154.562500
0.19074000000000002,0.022000000000000002,0.054,456774636701154.562500
0.1907500000000001,0.0212,0.055600000000000004,456774636701154.562500
0.19076000000000004,0.0188,0.053200000000000004,456774636701154.562500
0.1907700000000001,0.022000000000000002,0.056400000000000006,456774636701154.562500
0.19078000000000006,0.022000000000000002,0.056400000000000006,456774636701154.562500
0.19079000000000002,0.0252,0.0524,456774636701154.562500
0.19080000000000008,0.0228,0.055600000000000004,456774636701154.562500
0.19081000000000004,0.0236,0.055600000000000004,456774636701154.562500
0.1908200000000001,0.022000000000000002,0.058,456774636701154.562500
0.19083000000000006,0.0228,0.056400000000000006,456774636701154.562500
0.19084,0.0212,0.055600000000000004,456774636701154.562500
0.19085000000000008,0.0204,0.056400000000000006,456774636701154.562500
0.19086000000000003,0.0244,0.05,456774636701154.562500
0.1908700000000001,0.022000000000000002,0.053200000000000004,456774636701154.562500
0.19088000000000005,0.0228,0.0524,456774636701154.562500
0.19089,0.0236,0.05,456774636701154.562500
0.19090000000000007,0.022000000000000002,0.0524,456774636701154.562500
0.19091000000000002,0.0236,0.0548,456774636701154.562500
0.1909200000000001,0.0236,0.0436,456774636701154.562500
0.19093000000000004,0.0228,0.05,456774636701154.562500
0.1909400000000001,0.0228,0.048400000000000006,456774636701154.562500
0.19095000000000006,0.0252,0.0436,456774636701154.562500
0.19096000000000002,0.0236,0.0356,456774636701154.562500
0.19097000000000008,0.0228,0.0436,456774636701154.562500
0.19098000000000004,0.0236,0.05,456774636701154.562500
0.1909900000000001,0.022000000000000002,0.056400000000000006,456774636701154.562500
0.19100000000000006,0.0236,0.058,456774636701154.562500
0.19101,0.0236,0.054,456774636701154.562500
0.19102000000000008,0.0244,0.054,456774636701154.562500
0.19103000000000003,0.0244,0.0516,456774636701154.562500
0.1910400000000001,0.0244,0.046,456774636701154.562500
0.19105000000000005,0.0244,0.0492,456774636701154.562500
0.19106,0.0252,0.0468,456774636701154.562500
0.19107000000000007,0.0244,0.05,456774636701154.562500
0.19108000000000003,0.0204,0.054,456774636701154.562500
0.1910900000000001,0.0236,0.0548,456774636701154.562500
0.19110000000000005,0.0244,0.0572,456774636701154.562500
0.19111,0.022000000000000002,0.056400000000000006,456774636701154.562500
0.19112000000000007,0.022000000000000002,0.055600000000000004,456774636701154.562500
0.19113000000000002,0.0236,0.0572,456774636701154.562500
0.1911400000000001,0.0188,0.055600000000000004,456774636701154.562500
0.19115000000000004,0.0228,0.055600000000000004,456774636701154.562500
0.1911600000000001,0.0204,0.05,456774636701154.562500
0.19117000000000006,0.0228,0.0548,456774636701154.562500
0.19118000000000002,0.018000000000000002,0.0524,456774636701154.562500
0.19119000000000008,0.0236,0.056400000000000006,456774636701154.562500
0.19120000000000004,0.0196,0.055600000000000004,456774636701154.562500
0.1912100000000001,0.0236,0.055600000000000004,456774636701154.562500
0.19122000000000006,0.0204,0.056400000000000006,456774636701154.562500
0.19123,0.0212,0.056400000000000006,456774636701154.562500
0.19124000000000008,0.0212,0.048400000000000006,456774636701154.562500
0.19125000000000003,0.0236,0.053200000000000004,456774636701154.562500
0.1912600000000001,0.0236,0.0412,456774636701154.562500
0.19127000000000005,0.0236,0.054,456774636701154.562500
0.19128,0.0228,0.055600000000000004,456774636701154.562500
0.19129000000000007,0.0244,0.056400000000000006,456774636701154.562500
0.19130000000000003,0.0236,0.0572,456774636701154.562500
0.1913100000000001,0.0244,0.0572,456774636701154.562500
0.19132000000000005,0.0244,0.054,456774636701154.562500
0.1913300000000001,0.0244,0.0548,456774636701154.562500
0.19134000000000007,0.0236,0.054,456774636701154.562500
0.19135000000000002,0.0236,0.0468,456774636701154.562500
0.19136000000000009,0.0236,0.058,456774636701154.562500
0.19137000000000004,0.0212,0.055600000000000004,456774636701154.562500
0.1913800000000001,0.022000000000000002,0.055600000000000004,456774636701154.562500
0.19139000000000006,0.0204,0.055600000000000004,456774636701154.562500
0.19140000000000001,0.022000000000000002,0.054,456774636701154.562500
0.19141000000000008,0.0196,0.056400000000000006,456774636701154.562500
0.19142000000000003,0.0228,0.055600000000000004,456774636701154.562500
0.1914300000000001,0.0228,0.0572,456774636701154.562500
0.19144000000000005,0.0236,0.0516,456774636701154.562500
0.19145,0.022000000000000002,0.053200000000000004,456774636701154.562500
0.19146000000000007,0.022000000000000002,0.05,456774636701154.562500
0.19147000000000003,0.0204,0.056400000000000006,456774636701154.562500
0.1914800000000001,0.022000000000000002,0.0548,456774636701154.562500
0.19149000000000005,0.0228,0.055600000000000004,456774636701154.562500
0.1915,0.022000000000000002,0.055600000000000004,456774636701154.562500
0.19151000000000007,0.0188,0.056400000000000006,456774636701154.562500
0.19152000000000002,0.0204,0.054,456774636701154.562500
0.1915300000000001,0.022000000000000002,0.055600000000000004,456774636701154.562500
0.19154000000000004,0.0236,0.056400000000000006,456774636701154.562500
0.1915500000000001,0.022000000000000002,0.0524,456774636701154.562500
0.19156000000000006,0.022000000000000002,0.05,456774636701154.562500
0.19157000000000002,0.0188,0.046,456774636701154.562500
0.19158000000000008,0.0236,0.055600000000000004,456774636701154.562500
0.19159000000000004,0.0212,0.055600000000000004,456774636701154.562500
0.1916000000000001,0.0236,0.0548,456774636701154.562500
0.19161000000000006,0.0188,0.0548,456774636701154.562500
0.19162,0.0212,0.055600000000000004,456774636701154.562500
0.19163000000000008,0.0204,0.056400000000000006,456774636701154.562500
0.19164000000000003,0.022000000000000002,0.053200000000000004,456774636701154.562500
0.1916500000000001,0.0228,0.0524,456774636701154.562500
0.19166000000000005,0.0236,0.0476,456774636701154.562500
0.19167,0.0204,0.0548,456774636701154.562500
0.19168000000000007,0.022000000000000002,0.0516,456774636701154.562500
0.19169000000000003,0.018000000000000002,0.0548,456774636701154.562500
0.1917000000000001,0.022000000000000002,0.053200000000000004,456774636701154.562500
0.19171000000000005,0.0228,0.055600000000000004,456774636701154.562500
0.19172,0.022000000000000002,0.056400000000000006,456774636701154.562500
0.19173000000000007,0.0204,0.0548,456774636701154.562500
0.19174000000000002,0.0228,0.0524,456774636701154.562500
0.1917500000000001,0.022000000000000002,0.046,456774636701154.562500
0.19176000000000004,0.022000000000000002,0.054,456774636701154.562500
0.1917700000000001,0.022000000000000002,0.055600000000000004,456774636701154.562500
0.19178000000000006,0.022000000000000002,0.058,456774636701154.562500
0.19179000000000002,0.022000000000000002,0.056400000000000006,456774636701154.562500
0.19180000000000008,0.022000000000000002,0.0524,456774636701154.562500
0.19181000000000004,0.022000000000000002,0.0572,456774636701154.562500
0.1918200000000001,0.022000000000000002,0.055600000000000004,456774636701154.562500
0.19183000000000006,0.0172,0.056400000000000006,456774636701154.562500
0.19184,0.0228,0.055600000000000004,456774636701154.562500
0.19185000000000008,0.0196,0.055600000000000004,456774636701154.562500
0.19186000000000003,0.0236,0.058,456774636701154.562500
0.1918700000000001,0.0236,0.0548,456774636701154.562500
0.19188000000000005,0.0252,0.0524,456774636701154.562500
0.19189,0.0244,0.0548,456774636701154.562500
0.19190000000000007,0.0236,0.055600000000000004,456774636701154.562500
0.19191000000000003,0.0252,0.056400000000000006,456774636701154.562500
0.1919200000000001,0.0244,0.05,456774636701154.562500
0.19193000000000005,0.0244,0.055600000000000004,456774636701154.562500
0.1919400000000001,0.0252,0.056400000000000006,456774636701154.562500
0.19195000000000007,0.0236,0.0548,456774636701154.562500
0.19196000000000002,0.0212,0.056400000000000006,456774636701154.562500
0.19197000000000009,0.0236,0.055600000000000004,456774636701154.562500
0.19198000000000004,0.0244,0.05,456774636701154.562500
0.1919900000000001,0.0228,0.058,456774636701154.562500
0.19200000000000006,0.0236,0.0572,456774636701154.562500
0.19201000000000001,0.0244,0.056400000000000006,456774636701154.562500
0.19202000000000008,0.0228,0.050800000000000005,456774636701154.562500
0.19203000000000003,0.022000000000000002,0.055600000000000004,456774636701154.562500
0.1920400000000001,0.022000000000000002,0.055600000000000004,456774636701154.562500
0.19205000000000005,0.022000000000000002,0.0548,456774636701154.562500
0.19206,0.0212,0.0548,456774636701154.562500
0.19207000000000007,0.0212,0.056400000000000006,456774636701154.562500
0.19208000000000003,0.0244,0.0468,456774636701154.562500
0.1920900000000001,0.0212,0.056400000000000006,456774636701154.562500
0.19210000000000005,0.0228,0.0548,456774636701154.562500
0.19211,0.0228,0.053200000000000004,456774636701154.562500
0.19212000000000007,0.0228,0.0548,456774636701154.562500
0.19213000000000002,0.0244,0.055600000000000004,456774636701154.562500
0.1921400000000001,0.0228,0.0572,456774636701154.562500
0.19215000000000004,0.0236,0.056400000000000006,456774636701154.562500
0.1921600000000001,0.0244,0.0572,456774636701154.562500
0.19217000000000006,0.0244,0.055600000000000004,456774636701154.562500
0.19218000000000002,0.0228,0.054,456774636701154.562500
0.19219000000000008,0.0244,0.0492,456774636701154.562500
0.19220000000000004,0.0228,0.0548,456774636701154.562500
0.1922100000000001,0.0252,0.0492,456774636701154.562500
0.19222000000000006,0.0236,0.05,456774636701154.562500
0.19223,0.0236,0.0524,456774636701154.562500
0.19224000000000008,0.0236,0.055600000000000004,456774636701154.562500
0.19225000000000003,0.0228,0.0492,456774636701154.562500
0.1922600000000001,0.0244,0.056400000000000006,456774636701154.562500
0.19227000000000005,0.022000000000000002,0.055600000000000004,456774636701154.562500
0.19228,0.0204,0.0572,456774636701154.562500
0.19229000000000007,0.0172,0.054,456774636701154.562500
0.19230000000000003,0.0212,0.055600000000000004,456774636701154.562500
0.1923100000000001,0.0196,0.056400000000000006,456774636701154.562500
0.19232000000000005,0.0212,0.055600000000000004,456774636701154.562500
0.1923300000000001,0.0172,0.055600000000000004,456774636701154.562500
0.19234000000000007,0.022000000000000002,0.0572,456774636701154.562500
0.19235000000000002,0.0228,0.056400000000000006,456774636701154.562500
0.1923600000000001,0.022000000000000002,0.054,456774636701154.562500
0.19237000000000004,0.0212,0.055600000000000004,456774636701154.562500
0.1923800000000001,0.022000000000000002,0.0548,456774636701154.562500
0.19239000000000006,0.0228,0.056400000000000006,456774636701154.562500
0.19240000000000002,0.0212,0.054,456774636701154.562500
0.19241000000000008,0.022000000000000002,0.0548,456774636701154.562500
0.19242000000000004,0.022000000000000002,0.053200000000000004,456774636701154.562500
0.1924300000000001,0.0236,0.058,456774636701154.562500
0.19244000000000006,0.0196,0.055600000000000004,456774636701154.562500
0.19245,0.0228,0.0516,456774636701154.562500
0.19246000000000008,0.0204,0.0548,456774636701154.562500
0.19247000000000003,0.0236,0.0524,456774636701154.562500
0.1924800000000001,0.0204,0.05,456774636701154.562500
0.19249000000000005,0.0204,0.050800000000000005,456774636701154.562500
0.1925,0.026000000000000002,0.0524,456774636701154.562500
0.19251000000000007,0.022000000000000002,0.0492,456774636701154.562500
0.19252000000000002,0.022000000000000002,0.054,456774636701154.562500
0.1925300000000001,0.0236,0.050800000000000005,456774636701154.562500
0.19254000000000004,0.0236,0.055600000000000004,456774636701154.562500
0.1925500000000001,0.022000000000000002,0.056400000000000006,456774636701154.562500
0.19256000000000006,0.0236,0.056400000000000006,456774636701154.562500
0.19257000000000002,0.022000000000000002,0.0524,456774636701154.562500
0.19258000000000008,0.0244,0.055600000000000004,456774636701154.562500
0.19259000000000004,0.0236,0.056400000000000006,456774636701154.562500
0.1926000000000001,0.0228,0.0548,456774636701154.562500
0.19261000000000006,0.0236,0.055600000000000004,456774636701154.562500
0.19262,0.0228,0.056400000000000006,456774636701154.562500
0.19263000000000008,0.0228,0.055600000000000004,456774636701154.562500
0.19264000000000003,0.0228,0.054,456774636701154.562500
0.1926500000000001,0.0212,0.056400000000000006,456774636701154.562500
0.19266000000000005,0.0236,0.058,456774636701154.562500
0.19267,0.022000000000000002,0.0548,456774636701154.562500
0.19268000000000007,0.022000000000000002,0.055600000000000004,456774636701154.562500
0.19269000000000003,0.0204,0.0524,456774636701154.562500
0.1927000000000001,0.0228,0.056400000000000006,456774636701154.562500
0.19271000000000005,0.0196,0.055600000000000004,456774636701154.562500
0.19272,0.0228,0.0524,456774636701154.562500
0.19273000000000007,0.0228,0.054,456774636701154.562500
0.19274000000000002,0.0236,0.054,456774636701154.562500
0.1927500000000001,0.0244,0.054,456774636701154.562500
0.19276000000000004,0.0196,0.054,456774636701154.562500
0.1927700000000001,0.022000000000000002,0.055600000000000004,456774636701154.562500
0.19278000000000006,0.0196,0.0516,456774636701154.562500
0.19279000000000002,0.022000000000000002,0.056400000000000006,456774636701154.562500
0.19280000000000008,0.0244,0.053200000000000004,456774636701154.562500
0.19281000000000004,0.0244,0.05,456774636701154.562500
0.1928200000000001,0.0172,0.055600000000000004,456774636701154.562500
0.19283000000000006,0.0228,0.0548,456774636701154.562500
0.19284,0.022000000000000002,0.055600000000000004,456774636701154.562500
0.19285000000000008,0.0228,0.055600000000000004,456774636701154.562500
0.19286000000000003,0.0244,0.056400000000000006,456774636701154.562500
0.1928700000000001,0.0244,0.056400000000000006,456774636701154.562500
0.19288000000000005,0.0236,0.058,456774636701154.562500
0.19289,0.0236,0.054,456774636701154.562500
0.19290000000000007,0.0236,0.055600000000000004,456774636701154.562500
0.19291000000000003,0.0228,0.055600000000000004,456774636701154.562500
0.1929200000000001,0.0212,0.055600000000000004,456774636701154.562500
0.19293000000000005,0.0236,0.0516,456774636701154.562500
0.1929400000000001,0.0228,0.055600000000000004,456774636701154.562500
0.19295000000000007,0.022000000000000002,0.045200000000000004,456774636701154.562500
0.19296000000000002,0.022000000000000002,0.053200000000000004,456774636701154.562500
0.19297000000000009,0.0228,0.05,456774636701154.562500
0.19298000000000004,0.022000000000000002,0.0524,456774636701154.562500
0.1929900000000001,0.0212,0.0572,456774636701154.562500
0.19300000000000006,0.022000000000000002,0.056400000000000006,456774636701154.562500
0.19301000000000001,0.0204,0.0548,456774636701154.562500
0.19302000000000008,0.0204,0.055600000000000004,456774636701154.562500
0.19303000000000003,0.0212,0.053200000000000004,456774636701154.562500
0.1930400000000001,0.0236,0.054,456774636701154.562500
0.19305000000000005,0.022000000000000002,0.056400000000000006,456774636701154.562500
0.19306,0.022000000000000002,0.055600000000000004,456774636701154.562500
0.19307000000000007,0.0244,0.056400000000000006,456774636701154.562500
0.19308000000000003,0.0244,0.0548,456774636701154.562500
0.1930900000000001,0.0236,0.056400000000000006,456774636701154.562500
0.19310000000000005,0.0228,0.056400000000000006,456774636701154.562500
0.19311,0.0244,0.055600000000000004,456774636701154.562500
0.19312000000000007,0.0204,0.053200000000000004,456774636701154.562500
0.19313000000000002,0.022000000000000002,0.0524,456774636701154.562500
0.1931400000000001,0.0196,0.053200000000000004,456774636701154.562500
0.19315000000000004,0.0252,0.0572,456774636701154.562500
0.1931600000000001,0.0236,0.0412,456774636701154.562500
0.19317000000000006,0.0244,0.058,456774636701154.562500
0.19318000000000002,0.0228,0.053200000000000004,456774636701154.562500
0.19319000000000008,0.0204,0.0548,456774636701154.562500
0.19320000000000004,0.0236,0.056400000000000006,456774636701154.562500
0.1932100000000001,0.0236,0.0548,456774636701154.562500
0.19322000000000006,0.0244,0.056400000000000006,456774636701154.562500
0.19323,0.015600000000000001,0.055600000000000004,456774636701154.562500
0.19324000000000008,0.0212,0.055600000000000004,456774636701154.562500
0.19325000000000003,0.0196,0.055600000000000004,456774636701154.562500
0.1932600000000001,0.0204,0.0548,456774636701154.562500
0.19327000000000005,0.015600000000000001,0.056400000000000006,456774636701154.562500
0.19328,0.0228,0.055600000000000004,456774636701154.562500
0.19329000000000007,0.0204,0.054,456774636701154.562500
0.19330000000000003,0.0228,0.0572,456774636701154.562500
0.1933100000000001,0.0228,0.0548,456774636701154.562500
0.19332000000000005,0.0228,0.056400000000000006,456774636701154.562500
0.19333,0.0236,0.055600000000000004,456774636701154.562500
0.19334000000000007,0.022000000000000002,0.055600000000000004,456774636701154.562500
0.19335000000000002,0.0228,0.055600000000000004,456774636701154.562500
0.1933600000000001,0.0236,0.05,456774636701154.562500
0.19337000000000004,0.0228,0.054,456774636701154.562500
0.1933800000000001,0.0244,0.0468,456774636701154.562500
0.19339000000000006,0.0212,0.054,456774636701154.562500
0.19340000000000002,0.0228,0.045200000000000004,456774636701154.562500
0.19341000000000008,0.0212,0.05,456774636701154.562500
0.19342000000000004,0.0252,0.046,456774636701154.562500
0.1934300000000001,0.022000000000000002,0.0492,456774636701154.562500
0.19344000000000006,0.0228,0.05,456774636701154.562500
0.19345,0.0252,0.050800000000000005,456774636701154.562500
0.19346000000000008,0.0204,0.0468,456774636701154.562500
0.19347000000000003,0.0236,0.050800000000000005,456774636701154.562500
0.1934800000000001,0.0228,0.0524,456774636701154.562500
0.19349000000000005,0.0244,0.056400000000000006,456774636701154.562500
0.1935,0.0196,0.054,456774636701154.562500
0.19351000000000007,0.0236,0.054,456774636701154.562500
0.19352000000000003,0.0204,0.0548,456774636701154.562500
0.1935300000000001,0.0228,0.0548,456774636701154.562500
0.19354000000000005,0.0236,0.056400000000000006,456774636701154.562500
0.1935500000000001,0.0188,0.05,456774636701154.562500
0.19356000000000007,0.022000000000000002,0.0524,456774636701154.562500
0.19357000000000002,0.0204,0.0516,456774636701154.562500
0.19358000000000009,0.022000000000000002,0.058,456774636701154.562500
0.19359000000000004,0.0212,0.056400000000000006,456774636701154.562500
0.1936000000000001,0.0212,0.056400000000000006,456774636701154.562500
0.19361000000000006,0.0196,0.0548,456774636701154.562500
0.19362000000000001,0.0196,0.056400000000000006,456774636701154.562500
0.19363000000000008,0.0212,0.055600000000000004,456774636701154.562500
0.19364000000000003,0.0196,0.0572,456774636701154.562500
0.1936500000000001,0.0172,0.056400000000000006,456774636701154.562500
0.19366000000000005,0.0228,0.0492,456774636701154.562500
0.19367,0.0236,0.053200000000000004,456774636701154.562500
0.19368000000000007,0.022000000000000002,0.0492,456774636701154.562500
0.19369000000000003,0.0252,0.055600000000000004,456774636701154.562500
0.1937000000000001,0.0236,0.0572,456774636701154.562500
0.19371000000000005,0.0252,0.0548,456774636701154.562500
0.19372,0.0252,0.056400000000000006,456774636701154.562500
0.19373000000000007,0.0244,0.056400000000000006,456774636701154.562500
0.19374000000000002,0.0228,0.056400000000000006,456774636701154.562500
0.1937500000000001,0.0244,0.0572,456774636701154.562500
0.19376000000000004,0.022000000000000002,0.0548,456774636701154.562500
0.1937700000000001,0.0244,0.0572,456774636701154.562500
0.19378000000000006,0.022000000000000002,0.0524,456774636701154.562500
0.19379000000000002,0.0236,0.054,456774636701154.562500
0.19380000000000008,0.0236,0.055600000000000004,456774636701154.562500
0.19381000000000004,0.0228,0.055600000000000004,456774636701154.562500
0.1938200000000001,0.0236,0.053200000000000004,456774636701154.562500
0.19383000000000006,0.0236,0.0572,456774636701154.562500
0.19384,0.0236,0.054,456774636701154.562500
0.19385000000000008,0.022000000000000002,0.0548,456774636701154.562500
0.19386000000000003,0.0228,0.054,456774636701154.562500
0.1938700000000001,0.0236,0.0516,456774636701154.562500
0.19388000000000005,0.0236,0.0436,456774636701154.562500
0.19389,0.0212,0.058,456774636701154.562500
0.19390000000000007,0.0212,0.05,456774636701154.562500
0.19391000000000003,0.0236,0.054,456774636701154.562500
0.1939200000000001,0.0204,0.056400000000000006,456774636701154.562500
0.19393000000000005,0.0236,0.054,456774636701154.562500
0.19394,0.0172,0.056400000000000006,456774636701154.562500
0.19395000000000007,0.022000000000000002,0.0548,456774636701154.562500
0.19396000000000002,0.0188,0.055600000000000004,456774636701154.562500
0.1939700000000001,0.0196,0.054,456774636701154.562500
0.19398000000000004,0.0188,0.0572,456774636701154.562500
0.1939900000000001,0.0236,0.0548,456774636701154.562500
0.19400000000000006,0.0228,0.056400000000000006,456774636701154.562500
0.19401000000000002,0.0236,0.056400000000000006,456774636701154.562500
0.19402000000000008,0.0244,0.056400000000000006,456774636701154.562500
0.19403000000000004,0.0236,0.0572,456774636701154.562500
0.1940400000000001,0.022000000000000002,0.0572,456774636701154.562500
0.19405000000000006,0.0236,0.0524,456774636701154.562500
0.19406,0.0236,0.056400000000000006,456774636701154.562500
0.19407000000000008,0.0252,0.056400000000000006,456774636701154.562500
0.19408000000000003,0.0244,0.055600000000000004,456774636701154.562500
0.1940900000000001,0.0236,0.0572,456774636701154.562500
0.19410000000000005,0.0244,0.053200000000000004,456774636701154.562500
0.19411,0.0228,0.058,456774636701154.562500
0.19412000000000007,0.0196,0.053200000000000004,456774636701154.562500
0.19413000000000002,0.0228,0.055600000000000004,456774636701154.562500
0.1941400000000001,0.018000000000000002,0.056400000000000006,456774636701154.562500
0.19415000000000004,0.0228,0.058,456774636701154.562500
0.1941600000000001,0.0188,0.0572,456774636701154.562500
0.19417000000000006,0.0212,0.056400000000000006,456774636701154.562500
0.19418000000000002,0.022000000000000002,0.054,456774636701154.562500
0.19419000000000008,0.0212,0.056400000000000006,456774636701154.562500
0.19420000000000004,0.0212,0.0572,456774636701154.562500
0.1942100000000001,0.0228,0.0548,456774636701154.562500
0.19422000000000006,0.022000000000000002,0.0492,456774636701154.562500
0.19423,0.0204,0.0548,456774636701154.562500
0.19424000000000008,0.0212,0.050800000000000005,456774636701154.562500
0.19425000000000003,0.022000000000000002,0.056400000000000006,456774636701154.562500
0.1942600000000001,0.0212,0.0572,456774636701154.562500
0.19427000000000005,0.0196,0.056400000000000006,456774636701154.562500
0.19428,0.0212,0.0492,456774636701154.562500
0.19429000000000007,0.0172,0.056400000000000006,456774636701154.562500
0.19430000000000003,0.0236,0.055600000000000004,456774636701154.562500
0.1943100000000001,0.0244,0.055600000000000004,456774636701154.562500
0.19432000000000005,0.0252,0.0572,456774636701154.562500
0.19433,0.018000000000000002,0.0524,456774636701154.562500
0.19434000000000007,0.0252,0.0548,456774636701154.562500
0.19435000000000002,0.026000000000000002,0.0516,456774636701154.562500
0.1943600000000001,0.0236,0.056400000000000006,456774636701154.562500
0.19437000000000004,0.0252,0.055600000000000004,456774636701154.562500
0.1943800000000001,0.0188,0.0572,456774636701154.562500
0.19439000000000006,0.022000000000000002,0.056400000000000006,456774636701154.562500
0.19440000000000002,0.0188,0.0572,456774636701154.562500
0.19441000000000008,0.0228,0.055600000000000004,456774636701154.562500
0.19442000000000004,0.0244,0.058,456774636701154.562500
0.1944300000000001,0.0236,0.056400000000000006,456774636701154.562500
0.19444000000000006,0.022000000000000002,0.055600000000000004,456774636701154.562500
0.19445,0.0228,0.055600000000000004,456774636701154.562500
0.19446000000000008,0.022000000000000002,0.0572,456774636701154.562500
0.19447000000000003,0.0212,0.0572,456774636701154.562500
0.1944800000000001,0.022000000000000002,0.056400000000000006,456774636701154.562500
0.19449000000000005,0.022000000000000002,0.054,456774636701154.562500
0.1945,0.0228,0.0524,456774636701154.562500
0.19451000000000007,0.0228,0.054,456774636701154.562500
0.19452000000000003,0.0236,0.054,456774636701154.562500
0.1945300000000001,0.0236,0.058,456774636701154.562500
0.19454000000000005,0.022000000000000002,0.0476,456774636701154.562500
0.1945500000000001,0.0212,0.053200000000000004,456774636701154.562500
0.19456000000000007,0.0244,0.046,456774636701154.562500
0.19457000000000002,0.0228,0.05,456774636701154.562500
0.1945800000000001,0.0228,0.055600000000000004,456774636701154.562500
0.19459000000000004,0.0228,0.0572,456774636701154.562500
0.1946000000000001,0.0236,0.055600000000000004,456774636701154.562500
0.19461000000000006,0.0244,0.0548,456774636701154.562500
0.19462000000000002,0.0212,0.056400000000000006,456774636701154.562500
0.19463000000000008,0.0228,0.054,456774636701154.562500
0.19464000000000004,0.0228,0.055600000000000004,456774636701154.562500
0.1946500000000001,0.0252,0.055600000000000004,456774636701154.562500
0.19466000000000006,0.0244,0.0548,456774636701154.562500
0.19467,0.0244,0.0524,456774636701154.562500
0.19468000000000008,0.022000000000000002,0.0572,456774636701154.562500
0.19469000000000003,0.0252,0.0516,456774636701154.562500
0.1947000000000001,0.0252,0.056400000000000006,456774636701154.562500
0.19471000000000005,0.0244,0.054,456774636701154.562500
0.19472,0.022000000000000002,0.050800000000000005,456774636701154.562500
0.19473000000000007,0.0204,0.055600000000000004,456774636701154.562500
0.19474000000000002,0.022000000000000002,0.0468,456774636701154.562500
0.1947500000000001,0.022000000000000002,0.0572,456774636701154.562500
0.19476000000000004,0.0236,0.05,456774636701154.562500
0.1947700000000001,0.0188,0.055600000000000004,456774636701154.562500
0.19478000000000006,0.0188,0.055600000000000004,456774636701154.562500
0.19479000000000002,0.0172,0.0572,456774636701154.562500
0.19480000000000008,0.0212,0.0548,456774636701154.562500
0.19481000000000004,0.018000000000000002,0.0572,456774636701154.562500
0.1948200000000001,0.0196,0.056400000000000006,456774636701154.562500
0.19483000000000006,0.011600000000000001,0.0548,456774636701154.562500
0.19484,0.0196,0.054,456774636701154.562500
0.19485000000000008,0.018000000000000002,0.056400000000000006,456774636701154.562500
0.19486000000000003,0.0196,0.055600000000000004,456774636701154.562500
0.1948700000000001,0.018000000000000002,0.053200000000000004,456774636701154.562500
0.19488000000000005,0.0196,0.055600000000000004,456774636701154.562500
0.19489,0.0204,0.056400000000000006,456774636701154.562500
0.19490000000000007,0.022000000000000002,0.0476,456774636701154.562500
0.19491000000000003,0.0228,0.055600000000000004,456774636701154.562500
0.1949200000000001,0.0252,0.0524,456774636701154.562500
0.19493000000000005,0.0228,0.0572,456774636701154.562500
0.19494,0.0244,0.0572,456774636701154.562500
0.19495000000000007,0.0244,0.055600000000000004,456774636701154.562500
0.19496000000000002,0.0252,0.042800000000000005,456774636701154.562500
0.1949700000000001,0.0252,0.054,456774636701154.562500
0.19498000000000004,0.0228,0.056400000000000006,456774636701154.562500
0.1949900000000001,0.0236,0.0572,456774636701154.562500
0.19500000000000006,0.026000000000000002,0.0516,456774636701154.562500
0.19501000000000002,0.0252,0.0524,456774636701154.562500
0.19502000000000008,0.022000000000000002,0.0548,456774636701154.562500
0.19503000000000004,0.0236,0.056400000000000006,456774636701154.562500
0.1950400000000001,0.0244,0.054,456774636701154.562500
0.19505000000000006,0.0236,0.053200000000000004,456774636701154.562500
0.19506,0.0236,0.05,456774636701154.562500
0.19507000000000008,0.022000000000000002,0.0548,456774636701154.562500
0.19508000000000003,0.022000000000000002,0.05,456774636701154.562500
0.1950900000000001,0.0204,0.055600000000000004,456774636701154.562500
0.19510000000000005,0.0212,0.0548,456774636701154.562500
0.19511,0.015600000000000001,0.054,456774636701154.562500
0.19512000000000007,0.022000000000000002,0.058,456774636701154.562500
0.19513000000000003,0.0204,0.0524,456774636701154.562500
0.1951400000000001,0.0228,0.056400000000000006,456774636701154.562500
0.19515000000000005,0.0212,0.0516,456774636701154.562500
0.1951600000000001,0.0196,0.056400000000000006,456774636701154.562500
0.19517000000000007,0.0204,0.050800000000000005,456774636701154.562500
0.19518000000000002,0.0212,0.0548,456774636701154.562500
0.19519000000000009,0.0236,0.0548,456774636701154.562500
0.19520000000000004,0.0244,0.054,456774636701154.562500
0.1952100000000001,0.0252,0.0492,456774636701154.562500
0.19522000000000006,0.0236,0.038,456774636701154.562500
0.19523000000000001,0.0244,0.054,456774636701154.562500
0.19524000000000008,0.0244,0.042800000000000005,456774636701154.562500
0.19525000000000003,0.0252,0.0572,456774636701154.562500
0.1952600000000001,0.0236,0.0572,456774636701154.562500
0.19527000000000005,0.0236,0.053200000000000004,456774636701154.562500
0.19528,0.0228,0.0524,456774636701154.562500
0.19529000000000007,0.022000000000000002,0.05,456774636701154.562500
0.19530000000000003,0.0244,0.0548,456774636701154.562500
0.1953100000000001,0.0244,0.0524,456774636701154.562500
0.19532000000000005,0.0228,0.0548,456774636701154.562500
0.19533,0.0196,0.0548,456774636701154.562500
0.19534000000000007,0.0196,0.053200000000000004,456774636701154.562500
0.19535000000000002,0.0204,0.048400000000000006,456774636701154.562500
0.1953600000000001,0.0228,0.056400000000000006,456774636701154.562500
0.19537000000000004,0.0236,0.056400000000000006,456774636701154.562500
0.1953800000000001,0.0228,0.0572,456774636701154.562500
0.19539000000000006,0.014,0.054,456774636701154.562500
0.19540000000000002,0.0228,0.055600000000000004,456774636701154.562500
0.19541000000000008,0.018000000000000002,0.056400000000000006,456774636701154.562500
0.19542000000000004,0.022000000000000002,0.055600000000000004,456774636701154.562500
0.1954300000000001,0.0188,0.055600000000000004,456774636701154.562500
0.19544000000000006,0.018000000000000002,0.0524,456774636701154.562500
0.19545,0.0172,0.0572,456774636701154.562500
0.19546000000000008,0.0228,0.0524,456774636701154.562500
0.19547000000000003,0.022000000000000002,0.0516,456774636701154.562500
0.1954800000000001,0.022000000000000002,0.0476,456774636701154.562500
0.19549000000000005,0.0236,0.0468,456774636701154.562500
0.1955,0.022000000000000002,0.037200000000000004,456774636701154.562500
0.19551000000000007,0.022000000000000002,0.0524,456774636701154.562500
0.19552000000000003,0.0212,0.0492,456774636701154.562500
0.1955300000000001,0.0236,0.056400000000000006,456774636701154.562500
0.19554000000000005,0.0252,0.054,456774636701154.562500
0.19555,0.0252,0.056400000000000006,456774636701154.562500
0.19556000000000007,0.022000000000000002,0.0524,456774636701154.562500
0.19557000000000002,0.0236,0.058,456774636701154.562500
0.1955800000000001,0.0244,0.058,456774636701154.562500
0.19559000000000004,0.022000000000000002,0.0572,456774636701154.562500
0.1956000000000001,0.0244,0.056400000000000006,456774636701154.562500
0.19561000000000006,0.0204,0.050800000000000005,456774636701154.562500
0.19562000000000002,0.0244,0.058,456774636701154.562500
0.19563000000000008,0.0228,0.0516,456774636701154.562500
0.19564000000000004,0.0244,0.0572,456774636701154.562500
0.1956500000000001,0.0236,0.0492,456774636701154.562500
0.19566000000000006,0.0196,0.0548,456774636701154.562500
0.19567,0.0236,0.0548,456774636701154.562500
0.19568000000000008,0.0228,0.0468,456774636701154.562500
0.19569000000000003,0.0244,0.053200000000000004,456774636701154.562500
0.1957000000000001,0.0236,0.0572,456774636701154.562500
0.19571000000000005,0.0244,0.056400000000000006,456774636701154.562500
0.19572,0.0228,0.0572,456774636701154.562500
0.19573000000000007,0.022000000000000002,0.053200000000000004,456774636701154.562500
0.19574000000000003,0.0196,0.056400000000000006,456774636701154.562500
0.1957500000000001,0.0212,0.055600000000000004,456774636701154.562500
0.19576000000000005,0.0204,0.056400000000000006,456774636701154.562500
0.1957700000000001,0.022000000000000002,0.0572,456774636701154.562500
0.19578000000000007,0.0212,0.054,456774636701154.562500
0.19579000000000002,0.022000000000000002,0.054,456774636701154.562500
0.19580000000000009,0.0228,0.058,456774636701154.562500
0.19581000000000004,0.0228,0.055600000000000004,456774636701154.562500
0.1958200000000001,0.0204,0.055600000000000004,456774636701154.562500
0.19583000000000006,0.0244,0.0548,456774636701154.562500
0.19584000000000001,0.0244,0.045200000000000004,456774636701154.562500
0.19585000000000008,0.022000000000000002,0.0492,456774636701154.562500
0.19586000000000003,0.0244,0.058,456774636701154.562500
0.1958700000000001,0.022000000000000002,0.056400000000000006,456774636701154.562500
0.19588000000000005,0.0244,0.0548,456774636701154.562500
0.19589,0.022000000000000002,0.0412,456774636701154.562500
0.19590000000000007,0.0244,0.055600000000000004,456774636701154.562500
0.19591000000000003,0.0236,0.0444,456774636701154.562500
0.1959200000000001,0.0244,0.055600000000000004,456774636701154.562500
0.19593000000000005,0.022000000000000002,0.056400000000000006,456774636701154.562500
0.19594,0.0228,0.055600000000000004,456774636701154.562500
0.19595000000000007,0.018000000000000002,0.054,456774636701154.562500
0.19596000000000002,0.0228,0.0548,456774636701154.562500
0.1959700000000001,0.022000000000000002,0.054,456774636701154.562500
0.19598000000000004,0.0236,0.054,456774636701154.562500
0.1959900000000001,0.0236,0.055600000000000004,456774636701154.562500
0.19600000000000006,0.0228,0.05,456774636701154.562500
0.19601000000000002,0.0204,0.056400000000000006,456774636701154.562500
0.19602000000000008,0.022000000000000002,0.0524,456774636701154.562500
0.19603000000000004,0.022000000000000002,0.054,456774636701154.562500
0.1960400000000001,0.018000000000000002,0.05,456774636701154.562500
0.19605000000000006,0.022000000000000002,0.0516,456774636701154.562500
0.19606,0.022000000000000002,0.0468,456774636701154.562500
0.19607000000000008,0.0228,0.056400000000000006,456774636701154.562500
0.19608000000000003,0.0204,0.056400000000000006,456774636701154.562500
0.1960900000000001,0.0212,0.056400000000000006,456774636701154.562500
0.19610000000000005,0.0204,0.048400000000000006,456774636701154.562500
0.19611,0.022000000000000002,0.0492,456774636701154.562500
0.19612000000000007,0.022000000000000002,0.0444,456774636701154.562500
0.19613000000000003,0.0244,0.055600000000000004,456774636701154.562500
0.1961400000000001,0.0244,0.0516,456774636701154.562500
0.19615000000000005,0.0252,0.056400000000000006,456774636701154.562500
0.1961600000000001,0.0252,0.056400000000000006,456774636701154.562500
0.19617000000000007,0.022000000000000002,0.0572,456774636701154.562500
0.19618000000000002,0.022000000000000002,0.055600000000000004,456774636701154.562500
0.1961900000000001,0.0212,0.055600000000000004,456774636701154.562500
0.19620000000000004,0.0236,0.056400000000000006,456774636701154.562500
0.1962100000000001,0.0228,0.056400000000000006,456774636701154.562500
0.19622000000000006,0.0236,0.058,456774636701154.562500
0.19623000000000002,0.0244,0.0476,456774636701154.562500
0.19624000000000008,0.0244,0.056400000000000006,456774636701154.562500
0.19625000000000004,0.022000000000000002,0.056400000000000006,456774636701154.562500
0.1962600000000001,0.0236,0.055600000000000004,456774636701154.562500
0.19627000000000006,0.0236,0.056400000000000006,456774636701154.562500
0.19628,0.022000000000000002,0.055600000000000004,456774636701154.562500
0.19629000000000008,0.0228,0.0572,456774636701154.562500
0.19630000000000003,0.0228,0.055600000000000004,456774636701154.562500
0.1963100000000001,0.0196,0.055600000000000004,456774636701154.562500
0.19632000000000005,0.0228,0.0572,456774636701154.562500
0.19633,0.0228,0.0572,456774636701154.562500
0.19634000000000007,0.0212,0.0524,456774636701154.562500
0.19635000000000002,0.0228,0.0572,456774636701154.562500
0.1963600000000001,0.022000000000000002,0.055600000000000004,456774636701154.562500
0.19637000000000004,0.0228,0.056400000000000006,456774636701154.562500
0.1963800000000001,0.022000000000000002,0.05,456774636701154.562500
0.19639000000000006,0.022000000000000002,0.056400000000000006,456774636701154.562500
0.19640000000000002,0.022000000000000002,0.0436,456774636701154.562500
0.19641000000000008,0.0236,0.0476,456774636701154.562500
0.19642000000000004,0.0236,0.050800000000000005,456774636701154.562500
0.1964300000000001,0.0228,0.05,456774636701154.562500
0.19644000000000006,0.022000000000000002,0.042,456774636701154.562500
0.19645,0.0244,0.055600000000000004,456774636701154.562500
0.19646000000000008,0.0196,0.055600000000000004,456774636701154.562500
0.19647000000000003,0.022000000000000002,0.055600000000000004,456774636701154.562500
0.1964800000000001,0.018000000000000002,0.056400000000000006,456774636701154.562500
0.19649000000000005,0.0252,0.055600000000000004,456774636701154.562500
0.1965,0.0228,0.055600000000000004,456774636701154.562500
0.19651000000000007,0.022000000000000002,0.05,456774636701154.562500
0.19652000000000003,0.022000000000000002,0.055600000000000004,456774636701154.562500
0.1965300000000001,0.0236,0.055600000000000004,456774636701154.562500
0.19654000000000005,0.0212,0.0548,456774636701154.562500
0.19655,0.0228,0.054,456774636701154.562500
0.19656000000000007,0.0228,0.054,456774636701154.562500
0.19657000000000002,0.022000000000000002,0.0524,456774636701154.562500
0.1965800000000001,0.022000000000000002,0.0548,456774636701154.562500
0.19659000000000004,0.022000000000000002,0.058,456774636701154.562500
0.1966000000000001,0.022000000000000002,0.055600000000000004,456774636701154.562500
0.19661000000000006,0.0212,0.056400000000000006,456774636701154.562500
0.19662000000000002,0.018000000000000002,0.0572,456774636701154.562500
0.19663000000000008,0.022000000000000002,0.058,456774636701154.562500
0.19664000000000004,0.0228,0.0436,456774636701154.562500
0.1966500000000001,0.018000000000000002,0.0436,456774636701154.562500
0.19666000000000006,0.0236,0.0356,456774636701154.562500
0.19667,0.0212,0.0524,456774636701154.562500
0.19668000000000008,0.0204,0.034,456774636701154.562500
0.19669000000000003,0.022000000000000002,0.056400000000000006,456774636701154.562500
0.1967000000000001,0.022000000000000002,0.056400000000000006,456774636701154.562500
0.19671000000000005,0.022000000000000002,0.054,456774636701154.562500
0.19672,0.0228,0.0572,456774636701154.562500
0.19673000000000007,0.0236,0.042,456774636701154.562500
0.19674000000000003,0.0212,0.058,456774636701154.562500
0.1967500000000001,0.0252,0.05,456774636701154.562500
0.19676000000000005,0.0236,0.055600000000000004,456774636701154.562500
0.1967700000000001,0.0244,0.0572,456774636701154.562500
0.19678000000000007,0.022000000000000002,0.0524,456774636701154.562500
0.19679000000000002,0.0244,0.053200000000000004,456774636701154.562500
0.19680000000000009,0.022000000000000002,0.050800000000000005,456774636701154.562500
0.19681000000000004,0.0212,0.05,456774636701154.562500
0.1968200000000001,0.0212,0.058,456774636701154.562500
0.19683000000000006,0.0212,0.054,456774636701154.562500
0.19684000000000001,0.0244,0.055600000000000004,456774636701154.562500
0.19685000000000008,0.022000000000000002,0.053200000000000004,456774636701154.562500
0.19686000000000003,0.0228,0.050800000000000005,456774636701154.562500
0.1968700000000001,0.0228,0.0572,456774636701154.562500
0.19688000000000005,0.0204,0.0524,456774636701154.562500
0.19689,0.022000000000000002,0.054,456774636701154.562500
0.19690000000000007,0.018000000000000002,0.0524,456774636701154.562500
0.19691000000000003,0.0204,0.0476,456774636701154.562500
0.1969200000000001,0.0228,0.053200000000000004,456774636701154.562500
0.19693000000000005,0.0164,0.056400000000000006,456774636701154.562500
0.19694,0.0212,0.0572,456774636701154.562500
0.19695000000000007,0.022000000000000002,0.0548,456774636701154.562500
0.19696000000000002,0.022000000000000002,0.055600000000000004,456774636701154.562500
0.1969700000000001,0.0228,0.0572,456774636701154.562500
0.19698000000000004,0.0228,0.056400000000000006,456774636701154.562500
0.1969900000000001,0.0236,0.056400000000000006,456774636701154.562500
0.19700000000000006,0.0236,0.055600000000000004,456774636701154.562500
0.19701000000000002,0.0236,0.055600000000000004,456774636701154.562500
0.19702000000000008,0.0236,0.0516,456774636701154.562500
0.19703000000000004,0.0252,0.054,456774636701154.562500
0.1970400000000001,0.0236,0.054,456774636701154.562500
0.19705000000000006,0.0204,0.0492,456774636701154.562500
0.19706,0.0244,0.056400000000000006,456774636701154.562500
0.19707000000000008,0.0244,0.0516,456774636701154.562500
0.19708000000000003,0.0252,0.058,456774636701154.562500
0.1970900000000001,0.0196,0.0548,456774636701154.562500
0.19710000000000005,0.0244,0.056400000000000006,456774636701154.562500
0.19711,0.0228,0.058,456774636701154.562500
0.19712000000000007,0.022000000000000002,0.055600000000000004,456774636701154.562500
0.19713000000000003,0.0236,0.056400000000000006,456774636701154.562500
0.1971400000000001,0.0228,0.0572,456774636701154.562500
0.19715000000000005,0.0244,0.056400000000000006,456774636701154.562500
0.19716,0.022000000000000002,0.056400000000000006,456774636701154.562500
0.19717000000000007,0.0236,0.053200000000000004,456774636701154.562500
0.19718000000000002,0.018000000000000002,0.048400000000000006,456774636701154.562500
0.1971900000000001,0.0196,0.048400000000000006,456774636701154.562500
0.19720000000000004,0.0236,0.0572,456774636701154.562500
0.1972100000000001,0.0236,0.054,456774636701154.562500
0.19722000000000006,0.022000000000000002,0.0524,456774636701154.562500
0.19723000000000002,0.0228,0.0444,456774636701154.562500
0.19724000000000008,0.0228,0.054,456774636701154.562500
0.19725000000000004,0.0236,0.045200000000000004,456774636701154.562500
0.1972600000000001,0.0228,0.058,456774636701154.562500
0.19727000000000006,0.0204,0.0524,456774636701154.562500
0.19728,0.0244,0.056400000000000006,456774636701154.562500
0.19729000000000008,0.0204,0.053200000000000004,456774636701154.562500
0.19730000000000003,0.0228,0.055600000000000004,456774636701154.562500
0.1973100000000001,0.022000000000000002,0.055600000000000004,456774636701154.562500
0.19732000000000005,0.0228,0.058,456774636701154.562500
0.19733,0.0236,0.0476,456774636701154.562500
0.19734000000000007,0.0228,0.050800000000000005,456774636701154.562500
0.19735000000000003,0.0244,0.054,456774636701154.562500
0.1973600000000001,0.0252,0.0476,456774636701154.562500
0.19737000000000005,0.0236,0.0548,456774636701154.562500
0.1973800000000001,0.0244,0.0412,456774636701154.562500
0.19739000000000007,0.0228,0.055600000000000004,456774636701154.562500
0.19740000000000002,0.0244,0.0548,456774636701154.562500
0.19741000000000009,0.0212,0.056400000000000006,456774636701154.562500
0.19742000000000004,0.0244,0.0572,456774636701154.562500
0.1974300000000001,0.0204,0.056400000000000006,456774636701154.562500
0.19744000000000006,0.0252,0.056400000000000006,456774636701154.562500
0.19745000000000001,0.0212,0.056400000000000006,456774636701154.562500
0.19746000000000008,0.0236,0.0516,456774636701154.562500
0.19747000000000003,0.0244,0.055600000000000004,456774636701154.562500
0.1974800000000001,0.0228,0.0572,456774636701154.562500
0.19749000000000005,0.0236,0.056400000000000006,456774636701154.562500
0.1975,0.022000000000000002,0.0492,456774636701154.562500
0.19751000000000007,0.0236,0.055600000000000004,456774636701154.562500
0.19752000000000003,0.015600000000000001,0.056400000000000006,456774636701154.562500
0.1975300000000001,0.0236,0.056400000000000006,456774636701154.562500
0.19754000000000005,0.018000000000000002,0.0572,456774636701154.562500
0.19755,0.0228,0.0548,456774636701154.562500
0.19756000000000007,0.0188,0.055600000000000004,456774636701154.562500
0.19757000000000002,0.022000000000000002,0.054,456774636701154.562500
0.1975800000000001,0.0212,0.055600000000000004,456774636701154.562500
0.19759000000000004,0.0212,0.0548,456774636701154.562500
0.1976000000000001,0.0236,0.055600000000000004,456774636701154.562500
0.19761000000000006,0.0172,0.0524,456774636701154.562500
0.19762000000000002,0.0236,0.055600000000000004,456774636701154.562500
0.19763000000000008,0.022000000000000002,0.0516,456774636701154.562500
0.19764000000000004,0.0236,0.055600000000000004,456774636701154.562500
0.1976500000000001,0.0228,0.054,456774636701154.562500
0.19766000000000006,0.0228,0.055600000000000004,456774636701154.562500
0.19767,0.0236,0.055600000000000004,456774636701154.562500
0.19768000000000008,0.0196,0.0572,456774636701154.562500
0.19769000000000003,0.0252,0.056400000000000006,456774636701154.562500
0.1977000000000001,0.0252,0.0572,456774636701154.562500
0.19771000000000005,0.0252,0.058,456774636701154.562500
0.19772,0.0228,0.0548,456774636701154.562500
0.19773000000000007,0.0244,0.0572,456774636701154.562500
0.19774000000000003,0.018000000000000002,0.056400000000000006,456774636701154.562500
0.1977500000000001,0.0252,0.055600000000000004,456774636701154.562500
0.19776000000000005,0.0212,0.056400000000000006,456774636701154.562500
0.1977700000000001,0.0212,0.056400000000000006,456774636701154.562500
0.19778000000000007,0.0204,0.053200000000000004,456774636701154.562500
0.19779000000000002,0.0244,0.0572,456774636701154.562500
0.1978000000000001,0.0188,0.0548,456774636701154.562500
0.19781000000000004,0.0244,0.0572,456774636701154.562500
0.1978200000000001,0.0204,0.058,456774636701154.562500
0.19783000000000006,0.022000000000000002,0.056400000000000006,456774636701154.562500
0.19784000000000002,0.0212,0.055600000000000004,456774636701154.562500
0.19785000000000008,0.022000000000000002,0.054,456774636701154.562500
0.19786000000000004,0.0196,0.050800000000000005,456774636701154.562500
0.1978700000000001,0.0228,0.054,456774636701154.562500
0.19788000000000006,0.0212,0.056400000000000006,456774636701154.562500
0.19789,0.0204,0.048400000000000006,456774636701154.562500
0.19790000000000008,0.022000000000000002,0.054,456774636701154.562500
0.19791000000000003,0.0228,0.0444,456774636701154.562500
0.1979200000000001,0.0228,0.0572,456774636701154.562500
0.19793000000000005,0.0236,0.0492,456774636701154.562500
0.19794,0.0212,0.0572,456774636701154.562500
0.19795000000000007,0.0252,0.055600000000000004,456774636701154.562500
0.19796000000000002,0.0204,0.050800000000000005,456774636701154.562500
0.1979700000000001,0.0228,0.055600000000000004,456774636701154.562500
0.19798000000000004,0.0236,0.055600000000000004,456774636701154.562500
0.1979900000000001,0.0196,0.056400000000000006,456774636701154.562500
0.19800000000000006,0.0228,0.0548,456774636701154.562500
0.19801000000000002,0.0236,0.053200000000000004,456774636701154.562500
0.19802000000000008,0.022000000000000002,0.0572,456774636701154.562500
0.19803000000000004,0.0244,0.056400000000000006,456774636701154.562500
0.1980400000000001,0.022000000000000002,0.056400000000000006,456774636701154.562500
0.19805000000000006,0.0236,0.054,456774636701154.562500
0.19806,0.0236,0.0492,456774636701154.562500
0.19807000000000008,0.022000000000000002,0.0516,456774636701154.562500
0.19808000000000003,0.0228,0.0572,456774636701154.562500
0.1980900000000001,0.0244,0.053200000000000004,456774636701154.562500
0.19810000000000005,0.0228,0.0524,456774636701154.562500
0.19811,0.0204,0.056400000000000006,456774636701154.562500
0.19812000000000007,0.0228,0.0476,456774636701154.562500
0.19813000000000003,0.0196,0.0548,456774636701154.562500
0.1981400000000001,0.0228,0.054,456774636701154.562500
0.19815000000000005,0.0204,0.0572,456774636701154.562500
0.19816,0.0212,0.0492,456774636701154.562500
0.19817000000000007,0.0204,0.0572,456774636701154.562500
0.19818000000000002,0.0196,0.055600000000000004,456774636701154.562500
0.1981900000000001,0.022000000000000002,0.048400000000000006,456774636701154.562500
0.19820000000000004,0.0212,0.0572,456774636701154.562500
0.1982100000000001,0.0212,0.050800000000000005,456774636701154.562500
0.19822000000000006,0.0188,0.056400000000000006,456774636701154.562500
0.19823000000000002,0.0236,0.046,456774636701154.562500
0.19824000000000008,0.0196,0.050800000000000005,456774636701154.562500
0.19825000000000004,0.0244,0.056400000000000006,456774636701154.562500
0.1982600000000001,0.0212,0.053200000000000004,456774636701154.562500
0.19827000000000006,0.0252,0.050800000000000005,456774636701154.562500
0.19828,0.0228,0.055600000000000004,456774636701154.562500
0.19829000000000008,0.0244,0.0524,456774636701154.562500
0.19830000000000003,0.0228,0.056400000000000006,456774636701154.562500
0.1983100000000001,0.0244,0.056400000000000006,456774636701154.562500
0.19832000000000005,0.026000000000000002,0.056400000000000006,456774636701154.562500
0.19833,0.022000000000000002,0.055600000000000004,456774636701154.562500
0.19834000000000007,0.0252,0.048400000000000006,456774636701154.562500
0.19835000000000003,0.0212,0.056400000000000006,456774636701154.562500
0.1983600000000001,0.022000000000000002,0.0572,456774636701154.562500
0.19837000000000005,0.0228,0.0572,456774636701154.562500
0.1983800000000001,0.0212,0.056400000000000006,456774636701154.562500
0.19839000000000007,0.0228,0.0548,456774636701154.562500
0.19840000000000002,0.0228,0.05,456774636701154.562500
0.1984100000000001,0.0244,0.056400000000000006,456774636701154.562500
0.19842000000000004,0.022000000000000002,0.054,456774636701154.562500
0.1984300000000001,0.022000000000000002,0.0548,456774636701154.562500
0.19844000000000006,0.0228,0.053200000000000004,456774636701154.562500
0.19845000000000002,0.0164,0.0524,456774636701154.562500
0.19846000000000008,0.022000000000000002,0.054,456774636701154.562500
0.19847000000000004,0.0228,0.0492,456774636701154.562500
0.1984800000000001,0.0212,0.054,456774636701154.562500
0.19849000000000006,0.022000000000000002,0.045200000000000004,456774636701154.562500
0.1985,0.0236,0.054,456774636701154.562500
0.19851000000000008,0.0204,0.0492,456774636701154.562500
0.19852000000000003,0.0228,0.056400000000000006,456774636701154.562500
0.1985300000000001,0.0212,0.055600000000000004,456774636701154.562500
0.19854000000000005,0.0204,0.0572,456774636701154.562500
0.19855,0.0212,0.053200000000000004,456774636701154.562500
0.19856000000000007,0.0244,0.055600000000000004,456774636701154.562500
0.19857000000000002,0.0212,0.0468,456774636701154.562500
0.1985800000000001,0.0228,0.058,456774636701154.562500
0.19859000000000004,0.0252,0.0572,456774636701154.562500
0.1986000000000001,0.0244,0.055600000000000004,456774636701154.562500
0.19861000000000006,0.0252,0.0548,456774636701154.562500
0.19862000000000002,0.022000000000000002,0.050800000000000005,456774636701154.562500
0.19863000000000008,0.0236,0.0492,456774636701154.562500
0.19864000000000004,0.0244,0.055600000000000004,456774636701154.562500
0.1986500000000001,0.022000000000000002,0.0444,456774636701154.562500
0.19866000000000006,0.0228,0.055600000000000004,456774636701154.562500
0.19867,0.022000000000000002,0.045200000000000004,456774636701154.562500
0.19868000000000008,0.0236,0.0548,456774636701154.562500
0.19869000000000003,0.0236,0.048400000000000006,456774636701154.562500
0.1987000000000001,0.0236,0.0572,456774636701154.562500
0.19871000000000005,0.0228,0.055600000000000004,456774636701154.562500
0.19872,0.0228,0.056400000000000006,456774636701154.562500
0.19873000000000007,0.0228,0.0516,456774636701154.562500
0.19874000000000003,0.0228,0.0572,456774636701154.562500
0.1987500000000001,0.0204,0.055600000000000004,456774636701154.562500
0.19876000000000005,0.0228,0.056400000000000006,456774636701154.562500
0.19877,0.0204,0.0548,456774636701154.562500
0.19878000000000007,0.022000000000000002,0.053200000000000004,456774636701154.562500
0.19879000000000002,0.018000000000000002,0.058,456774636701154.562500
0.1988000000000001,0.0212,0.0524,456774636701154.562500
0.19881000000000004,0.0228,0.055600000000000004,456774636701154.562500
0.1988200000000001,0.0228,0.0476,456774636701154.562500
0.19883000000000006,0.0236,0.056400000000000006,456774636701154.562500
0.19884000000000002,0.0228,0.055600000000000004,456774636701154.562500
0.19885000000000008,0.022000000000000002,0.055600000000000004,456774636701154.562500
0.19886000000000004,0.0252,0.0548,456774636701154.562500
0.1988700000000001,0.022000000000000002,0.055600000000000004,456774636701154.562500
0.19888000000000006,0.0228,0.0548,456774636701154.562500
0.19889,0.0204,0.0476,456774636701154.562500
0.19890000000000008,0.0236,0.0548,456774636701154.562500
0.19891000000000003,0.022000000000000002,0.046,456774636701154.562500
0.1989200000000001,0.0244,0.0548,456774636701154.562500
0.19893000000000005,0.0212,0.054,456774636701154.562500
0.19894,0.0228,0.0468,456774636701154.562500
0.19895000000000007,0.0212,0.055600000000000004,456774636701154.562500
0.19896000000000003,0.0236,0.0516,456774636701154.562500
0.1989700000000001,0.0228,0.055600000000000004,456774636701154.562500
0.19898000000000005,0.0228,0.0572,456774636701154.562500
0.1989900000000001,0.0228,0.05,456774636701154.562500
0.19900000000000007,0.018000000000000002,0.0548,456774636701154.562500
0.19901000000000002,0.0236,0.045200000000000004,456774636701154.562500
0.19902000000000009,0.022000000000000002,0.056400000000000006,456774636701154.562500
0.19903000000000004,0.0236,0.0468,456774636701154.562500
0.1990400000000001,0.0212,0.056400000000000006,456774636701154.562500
0.19905000000000006,0.0212,0.040400000000000005,456774636701154.562500
0.19906000000000001,0.0244,0.0548,456774636701154.562500
0.19907000000000008,0.0204,0.0572,456774636701154.562500
0.19908000000000003,0.022000000000000002,0.0548,456774636701154.562500
0.1990900000000001,0.0212,0.0548,456774636701154.562500
0.19910000000000005,0.0236,0.056400000000000006,456774636701154.562500
0.19911,0.022000000000000002,0.056400000000000006,456774636701154.562500
0.19912000000000007,0.0196,0.0548,456774636701154.562500
0.19913000000000003,0.022000000000000002,0.055600000000000004,456774636701154.562500
0.1991400000000001,0.022000000000000002,0.056400000000000006,456774636701154.562500
0.19915000000000005,0.0228,0.0572,456774636701154.562500
0.19916,0.0212,0.05,456774636701154.562500
0.19917000000000007,0.022000000000000002,0.056400000000000006,456774636701154.562500
0.19918000000000002,0.0212,0.0548,456774636701154.562500
0.1991900000000001,0.0236,0.050800000000000005,456774636701154.562500
0.19920000000000004,0.022000000000000002,0.054,456774636701154.562500
0.1992100000000001,0.0228,0.054,456774636701154.562500
0.19922000000000006,0.0252,0.055600000000000004,456774636701154.562500
0.19923000000000002,0.0212,0.056400000000000006,456774636701154.562500
0.19924000000000008,0.0236,0.046,456774636701154.562500
0.19925000000000004,0.0236,0.056400000000000006,456774636701154.562500
0.1992600000000001,0.0244,0.054,456774636701154.562500
0.19927000000000006,0.0212,0.046,456774636701154.562500
0.19928,0.0236,0.0572,456774636701154.562500
0.19929000000000008,0.0212,0.0516,456774636701154.562500
0.19930000000000003,0.022000000000000002,0.0572,456774636701154.562500
0.1993100000000001,0.0228,0.0548,456774636701154.562500
0.19932000000000005,0.0236,0.055600000000000004,456774636701154.562500
0.19933,0.022000000000000002,0.055600000000000004,456774636701154.562500
0.19934000000000007,0.0204,0.056400000000000006,456774636701154.562500
0.19935000000000003,0.0212,0.054,456774636701154.562500
0.1993600000000001,0.0228,0.056400000000000006,456774636701154.562500
0.19937000000000005,0.022000000000000002,0.0548,456774636701154.562500
0.1993800000000001,0.0212,0.054,456774636701154.562500
0.19939000000000007,0.0228,0.0548,456774636701154.562500
0.19940000000000002,0.0212,0.0492,456774636701154.562500
0.1994100000000001,0.022000000000000002,0.0492,456774636701154.562500
0.19942000000000004,0.022000000000000002,0.054,456774636701154.562500
0.1994300000000001,0.0204,0.056400000000000006,456774636701154.562500
0.19944000000000006,0.022000000000000002,0.058,456774636701154.562500
0.19945000000000002,0.0228,0.0572,456774636701154.562500
0.19946000000000008,0.022000000000000002,0.054,456774636701154.562500
0.19947000000000004,0.0228,0.055600000000000004,456774636701154.562500
0.1994800000000001,0.0252,0.05,456774636701154.562500
0.19949000000000006,0.0252,0.0572,456774636701154.562500
0.1995,0.0236,0.0516,456774636701154.562500
0.19951000000000008,0.0236,0.0548,456774636701154.562500
0.19952000000000003,0.0212,0.0492,456774636701154.562500
0.1995300000000001,0.0236,0.0572,456774636701154.562500
0.19954000000000005,0.026000000000000002,0.056400000000000006,456774636701154.562500
0.19955,0.022000000000000002,0.053200000000000004,456774636701154.562500
0.19956000000000007,0.0236,0.056400000000000006,456774636701154.562500
0.19957000000000003,0.0204,0.05,456774636701154.562500
0.1995800000000001,0.0244,0.0492,456774636701154.562500
0.19959000000000005,0.0228,0.0516,456774636701154.562500
0.1996000000000001,0.0236,0.0572,456774636701154.562500
0.19961000000000007,0.0236,0.0492,456774636701154.562500
0.19962000000000002,0.0212,0.056400000000000006,456774636701154.562500
0.19963000000000009,0.022000000000000002,0.054,456774636701154.562500
0.19964000000000004,0.0236,0.0572,456774636701154.562500
0.1996500000000001,0.022000000000000002,0.054,456774636701154.562500
0.19966000000000006,0.0228,0.0572,456774636701154.562500
0.19967000000000001,0.0196,0.0548,456774636701154.562500
0.19968000000000008,0.0188,0.054,456774636701154.562500
0.19969000000000003,0.0188,0.0548,456774636701154.562500
0.1997000000000001,0.0228,0.055600000000000004,456774636701154.562500
0.19971000000000005,0.0228,0.053200000000000004,456774636701154.562500
0.19972,0.0228,0.0548,456774636701154.562500
0.19973000000000007,0.0188,0.056400000000000006,456774636701154.562500
0.19974000000000003,0.0228,0.050800000000000005,456774636701154.562500
0.1997500000000001,0.022000000000000002,0.0548,456774636701154.562500
0.19976000000000005,0.0236,0.0572,456774636701154.562500
0.19977,0.0236,0.055600000000000004,456774636701154.562500
0.19978000000000007,0.0236,0.0548,456774636701154.562500
0.19979000000000002,0.022000000000000002,0.055600000000000004,456774636701154.562500
0.1998000000000001,0.0236,0.0524,456774636701154.562500
0.19981000000000004,0.0212,0.0572,456774636701154.562500
0.1998200000000001,0.0228,0.0572,456774636701154.562500
0.19983000000000006,0.022000000000000002,0.0516,456774636701154.562500
0.19984000000000002,0.0236,0.055600000000000004,456774636701154.562500
0.19985000000000008,0.0188,0.0524,456774636701154.562500
0.19986000000000004,0.0236,0.058,456774636701154.562500
0.1998700000000001,0.0228,0.050800000000000005,456774636701154.562500
0.19988000000000006,0.0252,0.055600000000000004,456774636701154.562500
0.19989,0.0236,0.045200000000000004,456774636701154.562500
0.19990000000000008,0.0244,0.0548,456774636701154.562500
0.19991000000000003,0.022000000000000002,0.0548,456774636701154.562500
0.1999200000000001,0.0228,0.055600000000000004,456774636701154.562500
0.19993000000000005,0.022000000000000002,0.055600000000000004,456774636701154.562500
0.19994,0.022000000000000002,0.055600000000000004,456774636701154.562500
0.19995000000000007,0.0212,0.0572,456774636701154.562500
0.19996000000000003,0.0204,0.055600000000000004,456774636701154.562500
0.1999700000000001,0.0196,0.0516,456774636701154.562500
0.19998000000000005,0.0236,0.050800000000000005,456774636701154.562500
0.1999900000000001,0.0204,0.0548,456774636701154.562500
0.20000000000000007,0.022000000000000002,0.054,456774636701154.562500
0.20001000000000002,0.022000000000000002,0.0468,456774636701154.562500
0.2000200000000001,0.0228,0.0548,456774636701154.562500
0.20003000000000004,0.022000000000000002,0.0476,456774636701154.562500
0.2000400000000001,0.0228,0.0572,456774636701154.562500
0.20005000000000006,0.0236,0.0524,456774636701154.562500
0.20006000000000002,0.0172,0.0524,456774636701154.562500
0.20007000000000008,0.0236,0.0524,456774636701154.562500
0.20008000000000004,0.0228,0.055600000000000004,456774636701154.562500
0.2000900000000001,0.0236,0.0572,456774636701154.562500
0.20010000000000006,0.0228,0.0524,456774636701154.562500
0.20011,0.022000000000000002,0.0548,456774636701154.562500
0.20012000000000008,0.0252,0.05,456774636701154.562500
0.20013000000000003,0.022000000000000002,0.054,456774636701154.562500
0.2001400000000001,0.0236,0.042,456774636701154.562500
0.20015000000000005,0.026000000000000002,0.056400000000000006,456774636701154.562500
0.20016,0.0244,0.0524,456774636701154.562500
0.20017000000000007,0.022000000000000002,0.056400000000000006,456774636701154.562500
0.20018000000000002,0.022000000000000002,0.048400000000000006,456774636701154.562500
0.2001900000000001,0.0228,0.055600000000000004,456774636701154.562500
0.20020000000000004,0.0204,0.055600000000000004,456774636701154.562500
0.2002100000000001,0.0236,0.055600000000000004,456774636701154.562500
0.20022000000000006,0.015600000000000001,0.0548,456774636701154.562500
0.20023000000000002,0.0236,0.0548,456774636701154.562500
0.20024000000000008,0.0164,0.055600000000000004,456774636701154.562500
0.20025000000000004,0.0228,0.0572,456774636701154.562500
0.2002600000000001,0.0204,0.0548,456774636701154.562500
0.20027000000000006,0.022000000000000002,0.054,456774636701154.562500
0.20028,0.0228,0.056400000000000006,456774636701154.562500
0.20029000000000008,0.0228,0.042800000000000005,456774636701154.562500
0.20030000000000003,0.018000000000000002,0.048400000000000006,456774636701154.562500
0.2003100000000001,0.022000000000000002,0.055600000000000004,456774636701154.562500
0.20032000000000005,0.0148,0.046,456774636701154.562500
0.20033,0.0236,0.0572,456774636701154.562500
0.20034000000000007,0.0204,0.055600000000000004,456774636701154.562500
0.20035000000000003,0.022000000000000002,0.056400000000000006,456774636701154.562500
0.2003600000000001,0.0236,0.056400000000000006,456774636701154.562500
0.20037000000000005,0.022000000000000002,0.056400000000000006,456774636701154.562500
0.20038,0.0236,0.056400000000000006,456774636701154.562500
0.20039000000000007,0.022000000000000002,0.055600000000000004,456774636701154.562500
0.20040000000000002,0.0252,0.0516,456774636701154.562500
0.2004100000000001,0.022000000000000002,0.054,456774636701154.562500
0.20042000000000004,0.0244,0.056400000000000006,456774636701154.562500
0.2004300000000001,0.0228,0.054,456774636701154.562500
0.20044000000000006,0.0236,0.058,456774636701154.562500
0.20045000000000002,0.0236,0.055600000000000004,456774636701154.562500
0.20046000000000008,0.0252,0.056400000000000006,456774636701154.562500
0.20047000000000004,0.0236,0.0548,456774636701154.562500
0.2004800000000001,0.0228,0.0548,456774636701154.562500
0.20049000000000006,0.0236,0.055600000000000004,456774636701154.562500
0.2005,0.0228,0.0548,456774636701154.562500
0.20051000000000008,0.0228,0.05,456774636701154.562500
0.20052000000000003,0.018000000000000002,0.050800000000000005,456774636701154.562500
0.2005300000000001,0.0236,0.056400000000000006,456774636701154.562500
0.20054000000000005,0.0228,0.0476,456774636701154.562500
0.20055,0.0228,0.0524,456774636701154.562500
0.20056000000000007,0.0204,0.048400000000000006,456774636701154.562500
0.20057000000000003,0.0236,0.0548,456774636701154.562500
0.2005800000000001,0.0228,0.055600000000000004,456774636701154.562500
0.20059000000000005,0.022000000000000002,0.0572,456774636701154.562500
0.2006000000000001,0.0236,0.0572,456774636701154.562500
0.20061000000000007,0.0172,0.0572,456774636701154.562500
0.20062000000000002,0.0212,0.055600000000000004,456774636701154.562500
0.20063000000000009,0.0196,0.056400000000000006,456774636701154.562500
0.20064000000000004,0.0236,0.056400000000000006,456774636701154.562500
0.2006500000000001,0.0228,0.055600000000000004,456774636701154.562500
0.20066000000000006,0.0204,0.055600000000000004,456774636701154.562500
0.20067000000000002,0.022000000000000002,0.055600000000000004,456774636701154.562500
0.20068000000000008,0.0196,0.0516,456774636701154.562500
0.20069000000000004,0.0228,0.05,456774636701154.562500
0.2007000000000001,0.0236,0.056400000000000006,456774636701154.562500
0.20071000000000006,0.0228,0.055600000000000004,456774636701154.562500
0.20072,0.0244,0.048400000000000006,456774636701154.562500
0.20073000000000008,0.0236,0.054,456774636701154.562500
0.20074000000000003,0.022000000000000002,0.042800000000000005,456774636701154.562500
0.2007500000000001,0.0252,0.054,456774636701154.562500
0.20076000000000005,0.0236,0.0444,456774636701154.562500
0.20077,0.0252,0.0548,456774636701154.562500
0.20078000000000007,0.0244,0.0516,456774636701154.562500
0.20079000000000002,0.0204,0.053200000000000004,456774636701154.562500
0.2008000000000001,0.0236,0.054,456774636701154.562500
0.20081000000000004,0.0196,0.054,456774636701154.562500
0.2008200000000001,0.0196,0.053200000000000004,456774636701154.562500
0.20083000000000006,0.0204,0.050800000000000005,456774636701154.562500
0.20084000000000002,0.0228,0.054,456774636701154.562500
0.20085000000000008,0.022000000000000002,0.042800000000000005,456774636701154.562500
0.20086000000000004,0.0244,0.053200000000000004,456774636701154.562500
0.2008700000000001,0.022000000000000002,0.0548,456774636701154.562500
0.20088000000000006,0.0212,0.0548,456774636701154.562500
0.20089,0.0212,0.0572,456774636701154.562500
0.20090000000000008,0.022000000000000002,0.054,456774636701154.562500
0.20091000000000003,0.022000000000000002,0.056400000000000006,456774636701154.562500
0.2009200000000001,0.0212,0.058,456774636701154.562500
0.20093000000000005,0.0228,0.055600000000000004,456774636701154.562500
0.20094,0.0196,0.056400000000000006,456774636701154.562500
0.20095000000000007,0.022000000000000002,0.053200000000000004,456774636701154.562500
0.20096000000000003,0.0188,0.0572,456774636701154.562500
0.2009700000000001,0.0228,0.05,456774636701154.562500
0.20098000000000005,0.0228,0.056400000000000006,456774636701154.562500
0.20099,0.0228,0.0516,456774636701154.562500
0.20100000000000007,0.022000000000000002,0.0548,456774636701154.562500
0.20101000000000002,0.0236,0.0476,456774636701154.562500
0.2010200000000001,0.0252,0.0524,456774636701154.562500
0.20103000000000004,0.0236,0.0548,456774636701154.562500
0.2010400000000001,0.0244,0.055600000000000004,456774636701154.562500
0.20105000000000006,0.0244,0.055600000000000004,456774636701154.562500
0.20106000000000002,0.0236,0.053200000000000004,456774636701154.562500
0.20107000000000008,0.0236,0.056400000000000006,456774636701154.562500
0.20108000000000004,0.0236,0.0468,456774636701154.562500
0.2010900000000001,0.0244,0.0572,456774636701154.562500
0.20110000000000006,0.0196,0.0548,456774636701154.562500
0.20111,0.0204,0.056400000000000006,456774636701154.562500
0.20112000000000008,0.022000000000000002,0.056400000000000006,456774636701154.562500
0.20113000000000003,0.0204,0.053200000000000004,456774636701154.562500
0.2011400000000001,0.0228,0.055600000000000004,456774636701154.562500
0.20115000000000005,0.022000000000000002,0.053200000000000004,456774636701154.562500
0.20116,0.0212,0.055600000000000004,456774636701154.562500
0.20117000000000007,0.0228,0.05,456774636701154.562500
0.20118000000000003,0.0204,0.058,456774636701154.562500
0.2011900000000001,0.0212,0.048400000000000006,456774636701154.562500
0.20120000000000005,0.0236,0.054,456774636701154.562500
0.2012100000000001,0.022000000000000002,0.056400000000000006,456774636701154.562500
0.20122000000000007,0.022000000000000002,0.056400000000000006,456774636701154.562500
0.20123000000000002,0.0228,0.050800000000000005,456774636701154.562500
0.20124000000000009,0.0228,0.054,456774636701154.562500
0.20125000000000004,0.0228,0.0468,456774636701154.562500
0.2012600000000001,0.0228,0.056400000000000006,456774636701154.562500
0.20127000000000006,0.022000000000000002,0.058,456774636701154.562500
0.20128000000000001,0.0212,0.056400000000000006,456774636701154.562500
0.20129000000000008,0.0244,0.056400000000000006,456774636701154.562500
0.20130000000000003,0.0228,0.056400000000000006,456774636701154.562500
0.2013100000000001,0.0244,0.05,456774636701154.562500
0.20132000000000005,0.0244,0.058,456774636701154.562500
0.20133,0.0244,0.0468,456774636701154.562500
0.20134000000000007,0.0212,0.0524,456774636701154.562500
0.20135000000000003,0.0252,0.0516,456774636701154.562500
0.2013600000000001,0.0252,0.0524,456774636701154.562500
0.20137000000000005,0.0252,0.0516,456774636701154.562500
0.20138,0.0228,0.0476,456774636701154.562500
0.20139000000000007,0.0228,0.056400000000000006,456774636701154.562500
0.20140000000000002,0.022000000000000002,0.058,456774636701154.562500
0.2014100000000001,0.0164,0.056400000000000006,456774636701154.562500
0.20142000000000004,0.0236,0.050800000000000005,456774636701154.562500
0.2014300000000001,0.0212,0.055600000000000004,456774636701154.562500
0.20144000000000006,0.0236,0.054,456774636701154.562500
0.20145000000000002,0.0188,0.0548,456774636701154.562500
0.20146000000000008,0.0228,0.054,456774636701154.562500
0.20147000000000004,0.0228,0.056400000000000006,456774636701154.562500
0.2014800000000001,0.0228,0.050800000000000005,456774636701154.562500
0.20149000000000006,0.0212,0.055600000000000004,456774636701154.562500
0.2015,0.0228,0.050800000000000005,456774636701154.562500
0.20151000000000008,0.0212,0.0468,456774636701154.562500
0.20152000000000003,0.0228,0.0548,456774636701154.562500
0.2015300000000001,0.0236,0.056400000000000006,456774636701154.562500
0.20154000000000005,0.022000000000000002,0.0492,456774636701154.562500
0.20155,0.0228,0.0572,456774636701154.562500
0.20156000000000007,0.0196,0.054,456774636701154.562500
0.20157000000000003,0.0228,0.056400000000000006,456774636701154.562500
0.2015800000000001,0.0236,0.05,456774636701154.562500
0.20159000000000005,0.022000000000000002,0.056400000000000006,456774636701154.562500
0.2016000000000001,0.0212,0.056400000000000006,456774636701154.562500
0.20161000000000007,0.0244,0.0572,456774636701154.562500
0.20162000000000002,0.0244,0.0572,456774636701154.562500
0.2016300000000001,0.0236,0.055600000000000004,456774636701154.562500
0.20164000000000004,0.0252,0.0572,456774636701154.562500
0.2016500000000001,0.0244,0.056400000000000006,456774636701154.562500
0.20166000000000006,0.0228,0.056400000000000006,456774636701154.562500
0.20167000000000002,0.0228,0.056400000000000006,456774636701154.562500
0.20168000000000008,0.0236,0.056400000000000006,456774636701154.562500
0.20169000000000004,0.0236,0.053200000000000004,456774636701154.562500
0.2017000000000001,0.0236,0.055600000000000004,456774636701154.562500
0.20171000000000006,0.0244,0.056400000000000006,456774636701154.562500
0.20172,0.026000000000000002,0.054,456774636701154.562500
0.20173000000000008,0.0236,0.0572,456774636701154.562500
0.20174000000000003,0.0196,0.0436,456774636701154.562500
0.2017500000000001,0.0212,0.055600000000000004,456774636701154.562500
0.20176000000000005,0.0228,0.046,456774636701154.562500
0.20177,0.0244,0.056400000000000006,456774636701154.562500
0.20178000000000007,0.0236,0.055600000000000004,456774636701154.562500
0.20179000000000002,0.018000000000000002,0.058,456774636701154.562500
0.2018000000000001,0.0228,0.054,456774636701154.562500
0.20181000000000004,0.0212,0.058,456774636701154.562500
0.2018200000000001,0.0196,0.056400000000000006,456774636701154.562500
0.20183000000000006,0.022000000000000002,0.058,456774636701154.562500
0.20184000000000002,0.0212,0.054,456774636701154.562500
0.20185000000000008,0.022000000000000002,0.056400000000000006,456774636701154.562500
0.20186000000000004,0.0236,0.056400000000000006,456774636701154.562500
0.2018700000000001,0.0228,0.056400000000000006,456774636701154.562500
0.20188000000000006,0.022000000000000002,0.0572,456774636701154.562500
0.20189000000000001,0.0244,0.056400000000000006,456774636701154.562500
0.20190000000000008,0.0236,0.0572,456774636701154.562500
0.20191000000000003,0.0236,0.053200000000000004,456774636701154.562500
0.2019200000000001,0.0252,0.0548,456774636701154.562500
0.20193000000000005,0.022000000000000002,0.0524,456774636701154.562500
0.20194,0.0252,0.0548,456774636701154.562500
0.20195000000000007,0.0244,0.045200000000000004,456774636701154.562500
0.20196000000000003,0.0244,0.058,456774636701154.562500
0.2019700000000001,0.0244,0.05,456774636701154.562500
0.20198000000000005,0.0228,0.055600000000000004,456774636701154.562500
0.20199,0.0244,0.056400000000000006,456774636701154.562500
0.20200000000000007,0.0252,0.056400000000000006,456774636701154.562500
0.20201000000000002,0.0188,0.0516,456774636701154.562500
0.2020200000000001,0.0244,0.055600000000000004,456774636701154.562500
0.20203000000000004,0.0244,0.053200000000000004,456774636701154.562500
0.2020400000000001,0.0236,0.053200000000000004,456774636701154.562500
0.20205000000000006,0.0236,0.0548,456774636701154.562500
0.20206000000000002,0.0244,0.0492,456774636701154.562500
0.20207000000000008,0.022000000000000002,0.054,456774636701154.562500
0.20208000000000004,0.0236,0.042,456774636701154.562500
0.2020900000000001,0.0228,0.056400000000000006,456774636701154.562500
0.20210000000000006,0.0228,0.046,456774636701154.562500
0.20211,0.0244,0.054,456774636701154.562500
0.20212000000000008,0.0228,0.0412,456774636701154.562500
0.20213000000000003,0.0212,0.056400000000000006,456774636701154.562500
0.2021400000000001,0.0228,0.055600000000000004,456774636701154.562500
0.20215000000000005,0.0212,0.056400000000000006,456774636701154.562500
0.20216,0.022000000000000002,0.055600000000000004,456774636701154.562500
0.20217000000000007,0.022000000000000002,0.056400000000000006,456774636701154.562500
0.20218000000000003,0.0204,0.0548,456774636701154.562500
0.2021900000000001,0.022000000000000002,0.055600000000000004,456774636701154.562500
0.20220000000000005,0.0228,0.054,456774636701154.562500
0.2022100000000001,0.0236,0.0548,456774636701154.562500
0.20222000000000007,0.0244,0.0516,456774636701154.562500
0.20223000000000002,0.0252,0.0548,456774636701154.562500
0.2022400000000001,0.0252,0.05,456774636701154.562500
0.20225000000000004,0.0268,0.046,456774636701154.562500
0.2022600000000001,0.0252,0.055600000000000004,456774636701154.562500
0.20227000000000006,0.0244,0.05,456774636701154.562500
0.20228000000000002,0.026000000000000002,0.055600000000000004,456774636701154.562500
0.20229000000000008,0.0252,0.0548,456774636701154.562500
0.20230000000000004,0.0244,0.055600000000000004,456774636701154.562500
0.2023100000000001,0.0252,0.050800000000000005,456774636701154.562500
0.20232000000000006,0.022000000000000002,0.050800000000000005,456774636701154.562500
0.20233,0.0252,0.0476,456774636701154.562500
0.20234000000000008,0.0204,0.055600000000000004,456774636701154.562500
0.20235000000000003,0.0244,0.0548,456774636701154.562500
0.2023600000000001,0.022000000000000002,0.055600000000000004,456774636701154.562500
0.20237000000000005,0.0244,0.056400000000000006,456774636701154.562500
0.20238,0.0228,0.058,456774636701154.562500
0.20239000000000007,0.022000000000000002,0.056400000000000006,456774636701154.562500
0.20240000000000002,0.0236,0.058,456774636701154.562500
0.2024100000000001,0.022000000000000002,0.046,456774636701154.562500
0.20242000000000004,0.0212,0.056400000000000006,456774636701154.562500
0.2024300000000001,0.0204,0.054,456774636701154.562500
0.20244000000000006,0.022000000000000002,0.0548,456774636701154.562500
0.20245000000000002,0.0228,0.056400000000000006,456774636701154.562500
0.20246000000000008,0.0212,0.05,456774636701154.562500
0.20247000000000004,0.0228,0.048400000000000006,456774636701154.562500
0.2024800000000001,0.022000000000000002,0.0548,456774636701154.562500
0.20249000000000006,0.0204,0.0548,456774636701154.562500
0.2025,0.022000000000000002,0.0548,456774636701154.562500
0.20251000000000008,0.0188,0.055600000000000004,456774636701154.562500
0.20252000000000003,0.0252,0.0572,456774636701154.562500
0.2025300000000001,0.022000000000000002,0.0548,456774636701154.562500
0.20254000000000005,0.0228,0.0572,456774636701154.562500
0.20255,0.022000000000000002,0.053200000000000004,456774636701154.562500
0.20256000000000007,0.0228,0.0572,456774636701154.562500
0.20257000000000003,0.0244,0.0548,456774636701154.562500
0.2025800000000001,0.0252,0.05,456774636701154.562500
0.20259000000000005,0.0244,0.0572,456774636701154.562500
0.2026,0.0236,0.055600000000000004,456774636701154.562500
0.20261000000000007,0.0252,0.054,456774636701154.562500
0.20262000000000002,0.0252,0.056400000000000006,456774636701154.562500
0.2026300000000001,0.0236,0.054,456774636701154.562500
0.20264000000000004,0.0252,0.0476,456774636701154.562500
0.2026500000000001,0.0228,0.056400000000000006,456774636701154.562500
0.20266000000000006,0.0236,0.054,456774636701154.562500
0.20267000000000002,0.0228,0.056400000000000006,456774636701154.562500
0.20268000000000008,0.0212,0.0516,456774636701154.562500
0.20269000000000004,0.022000000000000002,0.05,456774636701154.562500
0.2027000000000001,0.0236,0.0548,456774636701154.562500
0.20271000000000006,0.0228,0.0444,456774636701154.562500
0.20272,0.022000000000000002,0.054,456774636701154.562500
0.20273000000000008,0.022000000000000002,0.055600000000000004,456774636701154.562500
0.20274000000000003,0.0196,0.056400000000000006,456774636701154.562500
0.2027500000000001,0.0228,0.0548,456774636701154.562500
0.20276000000000005,0.0196,0.054,456774636701154.562500
0.20277,0.022000000000000002,0.054,456774636701154.562500
0.20278000000000007,0.022000000000000002,0.056400000000000006,456774636701154.562500
0.20279000000000003,0.0212,0.0572,456774636701154.562500
0.2028000000000001,0.0196,0.056400000000000006,456774636701154.562500
0.20281000000000005,0.0212,0.0548,456774636701154.562500
0.2028200000000001,0.015600000000000001,0.055600000000000004,456774636701154.562500
0.20283000000000007,0.0228,0.055600000000000004,456774636701154.562500
0.20284000000000002,0.022000000000000002,0.058,456774636701154.562500
0.20285000000000009,0.0244,0.056400000000000006,456774636701154.562500
0.20286000000000004,0.0252,0.058,456774636701154.562500
0.2028700000000001,0.022000000000000002,0.050800000000000005,456774636701154.562500
0.20288000000000006,0.0252,0.056400000000000006,456774636701154.562500
0.20289000000000001,0.022000000000000002,0.056400000000000006,456774636701154.562500
0.20290000000000008,0.0244,0.056400000000000006,456774636701154.562500
0.20291000000000003,0.0228,0.056400000000000006,456774636701154.562500
0.2029200000000001,0.0212,0.056400000000000006,456774636701154.562500
0.20293000000000005,0.022000000000000002,0.053200000000000004,456774636701154.562500
0.20294,0.0244,0.0572,456774636701154.562500
0.20295000000000007,0.0212,0.053200000000000004,456774636701154.562500
0.20296000000000003,0.0244,0.0572,456774636701154.562500
0.2029700000000001,0.0236,0.048400000000000006,456774636701154.562500
0.20298000000000005,0.0204,0.055600000000000004,456774636701154.562500
0.20299,0.022000000000000002,0.0436,456774636701154.562500
0.20300000000000007,0.0212,0.0548,456774636701154.562500
0.20301000000000002,0.022000000000000002,0.040400000000000005,456774636701154.562500
0.2030200000000001,0.022000000000000002,0.054,456774636701154.562500
0.20303000000000004,0.0236,0.048400000000000006,456774636701154.562500
0.2030400000000001,0.0236,0.055600000000000004,456774636701154.562500
0.20305000000000006,0.022000000000000002,0.0444,456774636701154.562500
0.20306000000000002,0.022000000000000002,0.05,456774636701154.562500
0.20307000000000008,0.0196,0.0436,456774636701154.562500
0.20308000000000004,0.0228,0.056400000000000006,456774636701154.562500
0.2030900000000001,0.0228,0.0476,456774636701154.562500
0.20310000000000006,0.0236,0.055600000000000004,456774636701154.562500
0.20311,0.0228,0.0524,456774636701154.562500
0.20312000000000008,0.0236,0.0572,456774636701154.562500
0.20313000000000003,0.0228,0.054,456774636701154.562500
0.2031400000000001,0.0252,0.048400000000000006,456774636701154.562500
0.20315000000000005,0.0228,0.0548,456774636701154.562500
0.20316,0.0268,0.054,456774636701154.562500
0.20317000000000007,0.0212,0.053200000000000004,456774636701154.562500
0.20318000000000003,0.0252,0.0548,456774636701154.562500
0.2031900000000001,0.0252,0.053200000000000004,456774636701154.562500
0.20320000000000005,0.0228,0.0572,456774636701154.562500
0.2032100000000001,0.022000000000000002,0.056400000000000006,456774636701154.562500
0.20322000000000007,0.0244,0.056400000000000006,456774636701154.562500
0.20323000000000002,0.0236,0.0476,456774636701154.562500
0.2032400000000001,0.0228,0.0572,456774636701154.562500
0.20325000000000004,0.0204,0.0516,456774636701154.562500
0.2032600000000001,0.0236,0.056400000000000006,456774636701154.562500
0.20327000000000006,0.0244,0.055600000000000004,456774636701154.562500
0.20328000000000002,0.0228,0.0548,456774636701154.562500
0.20329000000000008,0.0252,0.0524,456774636701154.562500
0.20330000000000004,0.0228,0.0572,456774636701154.562500
0.2033100000000001,0.022000000000000002,0.050800000000000005,456774636701154.562500
0.20332000000000006,0.0212,0.0516,456774636701154.562500
0.20333,0.022000000000000002,0.045200000000000004,456774636701154.562500
0.20334000000000008,0.0228,0.0524,456774636701154.562500
0.20335000000000003,0.0236,0.0468,456774636701154.562500
0.2033600000000001,0.0196,0.056400000000000006,456774636701154.562500
0.20337000000000005,0.0236,0.050800000000000005,456774636701154.562500
0.20338,0.022000000000000002,0.054,456774636701154.562500
0.20339000000000007,0.0204,0.055600000000000004,456774636701154.562500
0.20340000000000003,0.022000000000000002,0.0572,456774636701154.562500
0.2034100000000001,0.022000000000000002,0.0548,456774636701154.562500
0.20342000000000005,0.0228,0.056400000000000006,456774636701154.562500
0.2034300000000001,0.0236,0.0548,456774636701154.562500
0.20344000000000007,0.0236,0.0476,456774636701154.562500
0.20345000000000002,0.0244,0.0516,456774636701154.562500
0.20346000000000009,0.0252,0.054,456774636701154.562500
0.20347000000000004,0.0236,0.054,456774636701154.562500
0.2034800000000001,0.0244,0.0524,456774636701154.562500
0.20349000000000006,0.0252,0.0572,456774636701154.562500
0.20350000000000001,0.0244,0.0572,456774636701154.562500
0.20351000000000008,0.026000000000000002,0.0548,456774636701154.562500
0.20352000000000003,0.026000000000000002,0.058,456774636701154.562500
0.2035300000000001,0.0236,0.0572,456774636701154.562500
0.20354000000000005,0.0244,0.0572,456774636701154.562500
0.20355,0.0236,0.056400000000000006,456774636701154.562500
0.20356000000000007,0.022000000000000002,0.055600000000000004,456774636701154.562500
0.20357000000000003,0.0236,0.055600000000000004,456774636701154.562500
0.2035800000000001,0.022000000000000002,0.05,456774636701154.562500
0.20359000000000005,0.0236,0.053200000000000004,456774636701154.562500
0.2036,0.0244,0.0572,456774636701154.562500
0.20361000000000007,0.0228,0.050800000000000005,456774636701154.562500
0.20362000000000002,0.0212,0.050800000000000005,456774636701154.562500
0.2036300000000001,0.0228,0.0572,456774636701154.562500
0.20364000000000004,0.022000000000000002,0.0548,456774636701154.562500
0.2036500000000001,0.0172,0.056400000000000006,456774636701154.562500
0.20366000000000006,0.022000000000000002,0.0476,456774636701154.562500
0.20367000000000002,0.0228,0.0572,456774636701154.562500
0.20368000000000008,0.0204,0.05,456774636701154.562500
0.20369000000000004,0.0204,0.056400000000000006,456774636701154.562500
0.2037000000000001,0.0212,0.055600000000000004,456774636701154.562500
0.20371000000000006,0.0212,0.056400000000000006,456774636701154.562500
0.20372,0.022000000000000002,0.0572,456774636701154.562500
0.20373000000000008,0.0204,0.056400000000000006,456774636701154.562500
0.20374000000000003,0.0236,0.056400000000000006,456774636701154.562500
0.2037500000000001,0.0236,0.054,456774636701154.562500
0.20376000000000005,0.0228,0.056400000000000006,456774636701154.562500
0.20377,0.026000000000000002,0.0548,456774636701154.562500
0.20378000000000007,0.0244,0.055600000000000004,456774636701154.562500
0.20379000000000003,0.026000000000000002,0.055600000000000004,456774636701154.562500
0.2038000000000001,0.0252,0.058,456774636701154.562500
0.20381000000000005,0.0236,0.056400000000000006,456774636701154.562500
0.2038200000000001,0.0244,0.055600000000000004,456774636701154.562500
0.20383000000000007,0.0236,0.055600000000000004,456774636701154.562500
0.20384000000000002,0.0244,0.0548,456774636701154.562500
0.2038500000000001,0.0236,0.050800000000000005,456774636701154.562500
0.20386000000000004,0.0244,0.056400000000000006,456774636701154.562500
0.2038700000000001,0.026000000000000002,0.053200000000000004,456774636701154.562500
0.20388000000000006,0.0236,0.055600000000000004,456774636701154.562500
0.20389000000000002,0.0244,0.0572,456774636701154.562500
0.20390000000000008,0.022000000000000002,0.055600000000000004,456774636701154.562500
0.20391000000000004,0.022000000000000002,0.056400000000000006,456774636701154.562500
0.2039200000000001,0.0236,0.056400000000000006,456774636701154.562500
0.20393000000000006,0.0204,0.056400000000000006,456774636701154.562500
0.20394,0.022000000000000002,0.0548,456774636701154.562500
0.20395000000000008,0.0212,0.056400000000000006,456774636701154.562500
0.20396000000000003,0.022000000000000002,0.0524,456774636701154.562500
0.2039700000000001,0.0196,0.0524,456774636701154.562500
0.20398000000000005,0.0172,0.056400000000000006,456774636701154.562500
0.20399,0.0212,0.056400000000000006,456774636701154.562500
0.20400000000000007,0.0212,0.055600000000000004,456774636701154.562500
0.20401000000000002,0.022000000000000002,0.056400000000000006,456774636701154.562500
0.2040200000000001,0.022000000000000002,0.056400000000000006,456774636701154.562500
0.20403000000000004,0.022000000000000002,0.0516,456774636701154.562500
0.2040400000000001,0.0188,0.055600000000000004,456774636701154.562500
0.20405000000000006,0.0204,0.0516,456774636701154.562500
0.20406000000000002,0.0212,0.056400000000000006,456774636701154.562500
0.20407000000000008,0.0196,0.053200000000000004,456774636701154.562500
0.20408000000000004,0.0236,0.0524,456774636701154.562500
0.2040900000000001,0.0236,0.055600000000000004,456774636701154.562500
0.20410000000000006,0.022000000000000002,0.0572,456774636701154.562500
0.20411,0.0244,0.0524,456774636701154.562500
0.20412000000000008,0.026000000000000002,0.055600000000000004,456774636701154.562500
0.20413000000000003,0.0252,0.056400000000000006,456774636701154.562500
0.2041400000000001,0.0236,0.055600000000000004,456774636701154.562500
0.20415000000000005,0.022000000000000002,0.055600000000000004,456774636701154.562500
0.20416,0.0236,0.056400000000000006,456774636701154.562500
0.20417000000000007,0.0236,0.0476,456774636701154.562500
0.20418000000000003,0.0228,0.0548,456774636701154.562500
0.2041900000000001,0.0236,0.056400000000000006,456774636701154.562500
0.20420000000000005,0.0236,0.054,456774636701154.562500
0.20421,0.0236,0.056400000000000006,456774636701154.562500
0.20422000000000007,0.0212,0.0524,456774636701154.562500
0.20423000000000002,0.0228,0.0524,456774636701154.562500
0.2042400000000001,0.022000000000000002,0.042800000000000005,456774636701154.562500
0.20425000000000004,0.0228,0.0516,456774636701154.562500
0.2042600000000001,0.0228,0.045200000000000004,456774636701154.562500
0.20427000000000006,0.022000000000000002,0.0548,456774636701154.562500
0.20428000000000002,0.0228,0.055600000000000004,456774636701154.562500
0.20429000000000008,0.0228,0.056400000000000006,456774636701154.562500
0.20430000000000004,0.0244,0.058,456774636701154.562500
0.2043100000000001,0.0228,0.0572,456774636701154.562500
0.20432000000000006,0.022000000000000002,0.055600000000000004,456774636701154.562500
0.20433,0.0228,0.055600000000000004,456774636701154.562500
0.20434000000000008,0.0228,0.056400000000000006,456774636701154.562500
0.20435000000000003,0.0212,0.0548,456774636701154.562500
0.2043600000000001,0.0196,0.055600000000000004,456774636701154.562500
0.20437000000000005,0.0236,0.05,456774636701154.562500
0.20438,0.018000000000000002,0.056400000000000006,456774636701154.562500
0.20439000000000007,0.0204,0.0548,456774636701154.562500
0.20440000000000003,0.0204,0.054,456774636701154.562500
0.2044100000000001,0.0204,0.054,456774636701154.562500
0.20442000000000005,0.018000000000000002,0.056400000000000006,456774636701154.562500
0.2044300000000001,0.022000000000000002,0.056400000000000006,456774636701154.562500
0.20444000000000007,0.0196,0.056400000000000006,456774636701154.562500
0.20445000000000002,0.022000000000000002,0.055600000000000004,456774636701154.562500
0.20446000000000009,0.0236,0.056400000000000006,456774636701154.562500
0.20447000000000004,0.0236,0.054,456774636701154.562500
0.2044800000000001,0.0244,0.055600000000000004,456774636701154.562500
0.20449000000000006,0.0204,0.0572,456774636701154.562500
0.20450000000000002,0.0228,0.056400000000000006,456774636701154.562500
0.20451000000000008,0.0212,0.056400000000000006,456774636701154.562500
0.20452000000000004,0.0204,0.0572,456774636701154.562500
0.2045300000000001,0.0212,0.0572,456774636701154.562500
0.20454000000000006,0.022000000000000002,0.056400000000000006,456774636701154.562500
0.20455,0.022000000000000002,0.055600000000000004,456774636701154.562500
0.20456000000000008,0.0228,0.0548,456774636701154.562500
0.20457000000000003,0.018000000000000002,0.055600000000000004,456774636701154.562500
0.2045800000000001,0.0204,0.053200000000000004,456774636701154.562500
0.20459000000000005,0.0164,0.055600000000000004,456774636701154.562500
0.2046,0.0228,0.055600000000000004,456774636701154.562500
0.20461000000000007,0.022000000000000002,0.058,456774636701154.562500
0.20462000000000002,0.0244,0.055600000000000004,456774636701154.562500
0.2046300000000001,0.0228,0.0572,456774636701154.562500
0.20464000000000004,0.022000000000000002,0.0548,456774636701154.562500
0.2046500000000001,0.0236,0.053200000000000004,456774636701154.562500
0.20466000000000006,0.0188,0.0572,456774636701154.562500
0.20467000000000002,0.022000000000000002,0.0548,456774636701154.562500
0.20468000000000008,0.0204,0.058,456774636701154.562500
0.20469000000000004,0.018000000000000002,0.050800000000000005,456774636701154.562500
0.2047000000000001,0.0236,0.055600000000000004,456774636701154.562500
0.20471000000000006,0.022000000000000002,0.054,456774636701154.562500
0.20472,0.0244,0.056400000000000006,456774636701154.562500
0.20473000000000008,0.0244,0.053200000000000004,456774636701154.562500
0.20474000000000003,0.0244,0.0516,456774636701154.562500
0.2047500000000001,0.0236,0.055600000000000004,456774636701154.562500
0.20476000000000005,0.0244,0.055600000000000004,456774636701154.562500
0.20477,0.0228,0.056400000000000006,456774636701154.562500
0.20478000000000007,0.0204,0.054,456774636701154.562500
0.20479000000000003,0.0196,0.0524,456774636701154.562500
0.2048000000000001,0.0196,0.054,456774636701154.562500
0.20481000000000005,0.0196,0.055600000000000004,456774636701154.562500
0.2048200000000001,0.014,0.055600000000000004,456774636701154.562500
0.20483000000000007,0.0164,0.055600000000000004,456774636701154.562500
0.20484000000000002,0.0164,0.056400000000000006,456774636701154.562500
0.2048500000000001,0.0204,0.055600000000000004,456774636701154.562500
0.20486000000000004,0.0212,0.056400000000000006,456774636701154.562500
0.2048700000000001,0.0228,0.055600000000000004,456774636701154.562500
0.20488000000000006,0.0212,0.0548,456774636701154.562500
0.20489000000000002,0.0228,0.055600000000000004,456774636701154.562500
0.20490000000000008,0.0244,0.056400000000000006,456774636701154.562500
0.20491000000000004,0.0204,0.056400000000000006,456774636701154.562500
0.2049200000000001,0.0228,0.053200000000000004,456774636701154.562500
0.20493000000000006,0.0236,0.055600000000000004,456774636701154.562500
0.20494,0.0236,0.0572,456774636701154.562500
0.20495000000000008,0.0236,0.0524,456774636701154.562500
0.20496000000000003,0.0228,0.056400000000000006,456774636701154.562500
0.2049700000000001,0.0228,0.056400000000000006,456774636701154.562500
0.20498000000000005,0.022000000000000002,0.055600000000000004,456774636701154.562500
0.20499,0.0228,0.0524,456774636701154.562500
0.20500000000000007,0.0236,0.0572,456774636701154.562500
0.20501000000000003,0.0252,0.054,456774636701154.562500
0.2050200000000001,0.0244,0.055600000000000004,456774636701154.562500
0.20503000000000005,0.0252,0.0548,456774636701154.562500
0.2050400000000001,0.0228,0.055600000000000004,456774636701154.562500
0.20505000000000007,0.0244,0.0548,456774636701154.562500
0.20506000000000002,0.0244,0.056400000000000006,456774636701154.562500
0.20507000000000009,0.0244,0.054,456774636701154.562500
0.20508000000000004,0.0228,0.056400000000000006,456774636701154.562500
0.2050900000000001,0.026000000000000002,0.054,456774636701154.562500
0.20510000000000006,0.0204,0.053200000000000004,456774636701154.562500
0.20511000000000001,0.0236,0.0572,456774636701154.562500
0.20512000000000008,0.0212,0.0572,456774636701154.562500
0.20513000000000003,0.0228,0.0548,456774636701154.562500
0.2051400000000001,0.0236,0.0548,456774636701154.562500
0.20515000000000005,0.0212,0.0548,456774636701154.562500
0.20516,0.0212,0.056400000000000006,456774636701154.562500
0.20517000000000007,0.0228,0.056400000000000006,456774636701154.562500
0.20518000000000003,0.0228,0.0548,456774636701154.562500
0.2051900000000001,0.022000000000000002,0.056400000000000006,456774636701154.562500
0.20520000000000005,0.0204,0.054,456774636701154.562500
0.20521,0.0236,0.055600000000000004,456774636701154.562500
0.20522000000000007,0.0228,0.0572,456774636701154.562500
0.20523000000000002,0.018000000000000002,0.055600000000000004,456774636701154.562500
0.2052400000000001,0.018000000000000002,0.055600000000000004,456774636701154.562500
0.20525000000000004,0.0204,0.0572,456774636701154.562500
0.2052600000000001,0.0236,0.056400000000000006,456774636701154.562500
0.20527000000000006,0.0212,0.0572,456774636701154.562500
0.20528000000000002,0.0252,0.056400000000000006,456774636701154.562500
0.20529000000000008,0.0228,0.0572,456774636701154.562500
0.20530000000000004,0.0236,0.0572,456774636701154.562500
0.2053100000000001,0.0236,0.055600000000000004,456774636701154.562500
0.20532000000000006,0.026000000000000002,0.0572,456774636701154.562500
0.20533,0.0244,0.055600000000000004,456774636701154.562500
0.20534000000000008,0.026000000000000002,0.056400000000000006,456774636701154.562500
0.20535000000000003,0.0244,0.056400000000000006,456774636701154.562500
0.2053600000000001,0.0228,0.0572,456774636701154.562500
0.20537000000000005,0.0252,0.056400000000000006,456774636701154.562500
0.20538,0.0204,0.053200000000000004,456774636701154.562500
0.20539000000000007,0.0204,0.0572,456774636701154.562500
0.20540000000000003,0.0172,0.0524,456774636701154.562500
0.2054100000000001,0.018000000000000002,0.056400000000000006,456774636701154.562500
0.20542000000000005,0.0204,0.045200000000000004,456774636701154.562500
0.2054300000000001,0.0212,0.0516,456774636701154.562500
0.20544000000000007,0.0196,0.0572,456774636701154.562500
0.20545000000000002,0.022000000000000002,0.055600000000000004,456774636701154.562500
0.2054600000000001,0.0212,0.055600000000000004,456774636701154.562500
0.20547000000000004,0.0228,0.056400000000000006,456774636701154.562500
0.2054800000000001,0.0212,0.055600000000000004,456774636701154.562500
0.20549000000000006,0.0236,0.056400000000000006,456774636701154.562500
0.20550000000000002,0.0204,0.0572,456774636701154.562500
0.20551000000000008,0.0228,0.055600000000000004,456774636701154.562500
0.20552000000000004,0.0212,0.0572,456774636701154.562500
0.2055300000000001,0.022000000000000002,0.0572,456774636701154.562500
0.20554000000000006,0.0204,0.0548,456774636701154.562500
0.20555,0.022000000000000002,0.0524,456774636701154.562500
0.20556000000000008,0.0228,0.056400000000000006,456774636701154.562500
0.20557000000000003,0.0244,0.054,456774636701154.562500
0.2055800000000001,0.0228,0.0572,456774636701154.562500
0.20559000000000005,0.0228,0.056400000000000006,456774636701154.562500
0.2056,0.0204,0.053200000000000004,456774636701154.562500
0.20561000000000007,0.0228,0.055600000000000004,456774636701154.562500
0.20562000000000002,0.0244,0.0516,456774636701154.562500
0.2056300000000001,0.0236,0.056400000000000006,456774636701154.562500
0.20564000000000004,0.026000000000000002,0.0492,456774636701154.562500
0.2056500000000001,0.0244,0.055600000000000004,456774636701154.562500
0.20566000000000006,0.0236,0.045200000000000004,456774636701154.562500
0.20567000000000002,0.022000000000000002,0.056400000000000006,456774636701154.562500
0.20568000000000008,0.0204,0.054,456774636701154.562500
0.20569000000000004,0.022000000000000002,0.0524,456774636701154.562500
0.2057000000000001,0.0244,0.0524,456774636701154.562500
0.20571000000000006,0.0236,0.055600000000000004,456774636701154.562500
0.20572000000000001,0.0212,0.053200000000000004,456774636701154.562500
0.20573000000000008,0.022000000000000002,0.055600000000000004,456774636701154.562500
0.20574000000000003,0.0236,0.0572,456774636701154.562500
0.2057500000000001,0.0204,0.0524,456774636701154.562500
0.20576000000000005,0.0244,0.054,456774636701154.562500
0.20577,0.0196,0.048400000000000006,456774636701154.562500
0.20578000000000007,0.0236,0.054,456774636701154.562500
0.20579000000000003,0.0204,0.0548,456774636701154.562500
0.2058000000000001,0.0212,0.056400000000000006,456774636701154.562500
0.20581000000000005,0.022000000000000002,0.056400000000000006,456774636701154.562500
0.20582,0.022000000000000002,0.0548,456774636701154.562500
0.20583000000000007,0.0212,0.055600000000000004,456774636701154.562500
0.20584000000000002,0.0196,0.0524,456774636701154.562500
0.2058500000000001,0.018000000000000002,0.054,456774636701154.562500
0.20586000000000004,0.0236,0.053200000000000004,456774636701154.562500
0.2058700000000001,0.0228,0.0476,456774636701154.562500
0.20588000000000006,0.0236,0.045200000000000004,456774636701154.562500
0.20589000000000002,0.0244,0.042800000000000005,456774636701154.562500
0.20590000000000008,0.0244,0.045200000000000004,456774636701154.562500
0.20591000000000004,0.0244,0.05,456774636701154.562500
0.2059200000000001,0.0252,0.0476,456774636701154.562500
0.20593000000000006,0.0252,0.0524,456774636701154.562500
0.20594,0.0244,0.0516,456774636701154.562500
0.20595000000000008,0.0236,0.0548,456774636701154.562500
0.20596000000000003,0.018000000000000002,0.0548,456774636701154.562500
0.2059700000000001,0.0236,0.0548,456774636701154.562500
0.20598000000000005,0.0204,0.055600000000000004,456774636701154.562500
0.20599,0.0236,0.0572,456774636701154.562500
0.20600000000000007,0.0244,0.0572,456774636701154.562500
0.20601000000000003,0.0228,0.056400000000000006,456774636701154.562500
0.2060200000000001,0.022000000000000002,0.058,456774636701154.562500
0.20603000000000005,0.0188,0.05,456774636701154.562500
0.2060400000000001,0.0212,0.058,456774636701154.562500
0.20605000000000007,0.0228,0.0572,456774636701154.562500
0.20606000000000002,0.022000000000000002,0.055600000000000004,456774636701154.562500
0.2060700000000001,0.0236,0.055600000000000004,456774636701154.562500
0.20608000000000004,0.0212,0.0548,456774636701154.562500
0.2060900000000001,0.0212,0.056400000000000006,456774636701154.562500
0.20610000000000006,0.0236,0.055600000000000004,456774636701154.562500
0.20611000000000002,0.0212,0.056400000000000006,456774636701154.562500
0.20612000000000008,0.022000000000000002,0.0572,456774636701154.562500
0.20613000000000004,0.0236,0.055600000000000004,456774636701154.562500
0.2061400000000001,0.0228,0.0572,456774636701154.562500
0.20615000000000006,0.0244,0.0524,456774636701154.562500
0.20616,0.0228,0.053200000000000004,456774636701154.562500
0.20617000000000008,0.0236,0.056400000000000006,456774636701154.562500
0.20618000000000003,0.0236,0.056400000000000006,456774636701154.562500
0.2061900000000001,0.0236,0.0548,456774636701154.562500
0.20620000000000005,0.0244,0.0572,456774636701154.562500
0.20621,0.026000000000000002,0.055600000000000004,456774636701154.562500
0.20622000000000007,0.022000000000000002,0.0572,456774636701154.562500
0.20623000000000002,0.0244,0.0572,456774636701154.562500
0.2062400000000001,0.0236,0.055600000000000004,456774636701154.562500
0.20625000000000004,0.0252,0.056400000000000006,456774636701154.562500
0.2062600000000001,0.026000000000000002,0.056400000000000006,456774636701154.562500
0.20627000000000006,0.0244,0.0548,456774636701154.562500
0.20628000000000002,0.0236,0.058800000000000005,456774636701154.562500
0.20629000000000008,0.0244,0.058,456774636701154.562500
0.20630000000000004,0.0228,0.0548,456774636701154.562500
0.2063100000000001,0.0244,0.056400000000000006,456774636701154.562500
0.20632000000000006,0.0236,0.058,456774636701154.562500
0.20633,0.0228,0.056400000000000006,456774636701154.562500
0.20634000000000008,0.0228,0.0524,456774636701154.562500
0.20635000000000003,0.0236,0.048400000000000006,456774636701154.562500
0.2063600000000001,0.022000000000000002,0.0476,456774636701154.562500
0.20637000000000005,0.0228,0.054,456774636701154.562500
0.20638,0.0212,0.055600000000000004,456774636701154.562500
0.20639000000000007,0.0236,0.048400000000000006,456774636701154.562500
0.20640000000000003,0.022000000000000002,0.053200000000000004,456774636701154.562500
0.2064100000000001,0.022000000000000002,0.053200000000000004,456774636701154.562500
0.20642000000000005,0.022000000000000002,0.045200000000000004,456774636701154.562500
0.20643,0.022000000000000002,0.055600000000000004,456774636701154.562500
0.20644000000000007,0.0228,0.056400000000000006,456774636701154.562500
0.20645000000000002,0.0236,0.054,456774636701154.562500
0.2064600000000001,0.0228,0.056400000000000006,456774636701154.562500
0.20647000000000004,0.0204,0.0572,456774636701154.562500
0.2064800000000001,0.0212,0.054,456774636701154.562500
0.20649000000000006,0.0228,0.055600000000000004,456774636701154.562500
0.20650000000000002,0.0228,0.054,456774636701154.562500
0.20651000000000008,0.0252,0.056400000000000006,456774636701154.562500
0.20652000000000004,0.0244,0.055600000000000004,456774636701154.562500
0.2065300000000001,0.0252,0.053200000000000004,456774636701154.562500
0.20654000000000006,0.0252,0.054,456774636701154.562500
0.20655,0.0236,0.0572,456774636701154.562500
0.20656000000000008,0.0244,0.053200000000000004,456774636701154.562500
0.20657000000000003,0.022000000000000002,0.053200000000000004,456774636701154.562500
0.2065800000000001,0.0236,0.048400000000000006,456774636701154.562500
0.20659000000000005,0.0236,0.050800000000000005,456774636701154.562500
0.2066,0.0236,0.055600000000000004,456774636701154.562500
0.20661000000000007,0.0212,0.0572,456774636701154.562500
0.20662000000000003,0.0236,0.055600000000000004,456774636701154.562500
0.2066300000000001,0.0204,0.058,456774636701154.562500
0.20664000000000005,0.022000000000000002,0.056400000000000006,456774636701154.562500
0.2066500000000001,0.0228,0.056400000000000006,456774636701154.562500
0.20666000000000007,0.0172,0.055600000000000004,456774636701154.562500
0.20667000000000002,0.022000000000000002,0.056400000000000006,456774636701154.562500
0.20668000000000009,0.0236,0.058,456774636701154.562500
0.20669000000000004,0.0236,0.0572,456774636701154.562500
0.2067000000000001,0.0228,0.0548,456774636701154.562500
0.20671000000000006,0.0228,0.048400000000000006,456774636701154.562500
0.20672000000000001,0.022000000000000002,0.055600000000000004,456774636701154.562500
0.20673000000000008,0.0228,0.056400000000000006,456774636701154.562500
0.20674000000000003,0.0228,0.056400000000000006,456774636701154.562500
0.2067500000000001,0.0236,0.0572,456774636701154.562500
0.20676000000000005,0.022000000000000002,0.056400000000000006,456774636701154.562500
0.20677,0.022000000000000002,0.054,456774636701154.562500
0.20678000000000007,0.0236,0.054,456774636701154.562500
0.20679000000000003,0.0236,0.050800000000000005,456774636701154.562500
0.2068000000000001,0.0268,0.0524,456774636701154.562500
0.20681000000000005,0.026000000000000002,0.056400000000000006,456774636701154.562500
0.20682,0.0244,0.055600000000000004,456774636701154.562500
0.20683000000000007,0.0252,0.054,456774636701154.562500
0.20684000000000002,0.0244,0.056400000000000006,456774636701154.562500
0.2068500000000001,0.0236,0.056400000000000006,456774636701154.562500
0.20686000000000004,0.0244,0.0548,456774636701154.562500
0.2068700000000001,0.0252,0.055600000000000004,456774636701154.562500
0.20688000000000006,0.0252,0.058,456774636701154.562500
0.20689000000000002,0.0244,0.055600000000000004,456774636701154.562500
0.20690000000000008,0.0228,0.055600000000000004,456774636701154.562500
0.20691000000000004,0.0236,0.054,456774636701154.562500
0.2069200000000001,0.0236,0.056400000000000006,456774636701154.562500
0.20693000000000006,0.0228,0.054,456774636701154.562500
0.20694,0.0228,0.0548,456774636701154.562500
0.20695000000000008,0.022000000000000002,0.055600000000000004,456774636701154.562500
0.20696000000000003,0.0236,0.054,456774636701154.562500
0.2069700000000001,0.022000000000000002,0.058,456774636701154.562500
0.20698000000000005,0.0228,0.0516,456774636701154.562500
0.20699,0.0236,0.0572,456774636701154.562500
0.20700000000000007,0.0228,0.056400000000000006,456774636701154.562500
0.20701000000000003,0.0228,0.054,456774636701154.562500
0.2070200000000001,0.0236,0.0548,456774636701154.562500
0.20703000000000005,0.0228,0.0572,456774636701154.562500
0.2070400000000001,0.022000000000000002,0.0572,456774636701154.562500
0.20705000000000007,0.0244,0.055600000000000004,456774636701154.562500
0.20706000000000002,0.0228,0.058,456774636701154.562500
0.2070700000000001,0.022000000000000002,0.0516,456774636701154.562500
0.20708000000000004,0.0244,0.058800000000000005,456774636701154.562500
0.2070900000000001,0.0228,0.053200000000000004,456774636701154.562500
0.20710000000000006,0.0196,0.055600000000000004,456774636701154.562500
0.20711000000000002,0.0244,0.056400000000000006,456774636701154.562500
0.20712000000000008,0.026000000000000002,0.053200000000000004,456774636701154.562500
0.20713000000000004,0.0196,0.05,456774636701154.562500
0.2071400000000001,0.0172,0.054,456774636701154.562500
0.20715000000000006,0.0196,0.0572,456774636701154.562500
0.20716,0.018000000000000002,0.053200000000000004,456774636701154.562500
0.20717000000000008,0.022000000000000002,0.055600000000000004,456774636701154.562500
0.20718000000000003,0.0204,0.054,456774636701154.562500
0.2071900000000001,0.0236,0.0548,456774636701154.562500
0.20720000000000005,0.022000000000000002,0.055600000000000004,456774636701154.562500
0.20721,0.022000000000000002,0.058,456774636701154.562500
0.20722000000000007,0.0228,0.048400000000000006,456774636701154.562500
0.20723000000000003,0.0228,0.0492,456774636701154.562500
0.2072400000000001,0.0212,0.0524,456774636701154.562500
0.20725000000000005,0.022000000000000002,0.0516,456774636701154.562500
0.2072600000000001,0.0196,0.0516,456774636701154.562500
0.20727000000000007,0.022000000000000002,0.0548,456774636701154.562500
0.20728000000000002,0.022000000000000002,0.055600000000000004,456774636701154.562500
0.20729000000000009,0.0196,0.0524,456774636701154.562500
0.20730000000000004,0.0212,0.0548,456774636701154.562500
0.2073100000000001,0.0212,0.056400000000000006,456774636701154.562500
0.20732000000000006,0.0204,0.056400000000000006,456774636701154.562500
0.20733000000000001,0.0236,0.056400000000000006,456774636701154.562500
0.20734000000000008,0.0212,0.054,456774636701154.562500
0.20735000000000003,0.0212,0.0572,456774636701154.562500
0.2073600000000001,0.0188,0.056400000000000006,456774636701154.562500
0.20737000000000005,0.0228,0.055600000000000004,456774636701154.562500
0.20738,0.0236,0.0548,456774636701154.562500
0.20739000000000007,0.022000000000000002,0.0572,456774636701154.562500
0.20740000000000003,0.0236,0.054,456774636701154.562500
0.2074100000000001,0.0228,0.05,456774636701154.562500
0.20742000000000005,0.0236,0.054,456774636701154.562500
0.20743,0.0244,0.0524,456774636701154.562500
0.20744000000000007,0.0244,0.0468,456774636701154.562500
0.20745000000000002,0.0236,0.050800000000000005,456774636701154.562500
0.2074600000000001,0.0252,0.0476,456774636701154.562500
0.20747000000000004,0.0196,0.054,456774636701154.562500
0.2074800000000001,0.0244,0.0548,456774636701154.562500
0.20749000000000006,0.0236,0.0572,456774636701154.562500
0.20750000000000002,0.0244,0.0572,456774636701154.562500
0.20751000000000008,0.0244,0.053200000000000004,456774636701154.562500
0.20752000000000004,0.0244,0.045200000000000004,456774636701154.562500
0.2075300000000001,0.0236,0.0516,456774636701154.562500
0.20754000000000006,0.0236,0.055600000000000004,456774636701154.562500
0.20755,0.0228,0.055600000000000004,456774636701154.562500
0.20756000000000008,0.0236,0.0572,456774636701154.562500
0.20757000000000003,0.022000000000000002,0.055600000000000004,456774636701154.562500
0.2075800000000001,0.0236,0.0548,456774636701154.562500
0.20759000000000005,0.0228,0.050800000000000005,456774636701154.562500
0.2076,0.0228,0.056400000000000006,456774636701154.562500
0.20761000000000007,0.022000000000000002,0.054,456774636701154.562500
0.20762000000000003,0.018000000000000002,0.0572,456774636701154.562500
0.2076300000000001,0.0196,0.0444,456774636701154.562500
0.20764000000000005,0.0196,0.055600000000000004,456774636701154.562500
0.2076500000000001,0.0228,0.048400000000000006,456774636701154.562500
0.20766000000000007,0.0228,0.0548,456774636701154.562500
0.20767000000000002,0.0236,0.055600000000000004,456774636701154.562500
0.2076800000000001,0.0228,0.055600000000000004,456774636701154.562500
0.20769000000000004,0.0228,0.05,456774636701154.562500
0.2077000000000001,0.0236,0.056400000000000006,456774636701154.562500
0.20771000000000006,0.0228,0.0548,456774636701154.562500
0.20772000000000002,0.0244,0.056400000000000006,456774636701154.562500
0.20773000000000008,0.022000000000000002,0.054,456774636701154.562500
0.20774000000000004,0.0236,0.056400000000000006,456774636701154.562500
0.2077500000000001,0.0244,0.0572,456774636701154.562500
0.20776000000000006,0.0236,0.056400000000000006,456774636701154.562500
0.20777,0.0244,0.056400000000000006,456774636701154.562500
0.20778000000000008,0.0244,0.0548,456774636701154.562500
0.20779000000000003,0.0236,0.056400000000000006,456774636701154.562500
0.2078000000000001,0.022000000000000002,0.056400000000000006,456774636701154.562500
0.20781000000000005,0.0236,0.0572,456774636701154.562500
0.20782,0.0244,0.055600000000000004,456774636701154.562500
0.20783000000000007,0.0244,0.056400000000000006,456774636701154.562500
0.20784000000000002,0.0236,0.0572,456774636701154.562500
0.2078500000000001,0.0228,0.055600000000000004,456774636701154.562500
0.20786000000000004,0.0228,0.056400000000000006,456774636701154.562500
0.2078700000000001,0.0228,0.054,456774636701154.562500
0.20788000000000006,0.0236,0.0548,456774636701154.562500
0.20789000000000002,0.022000000000000002,0.054,456774636701154.562500
0.20790000000000008,0.0236,0.0572,456774636701154.562500
0.20791000000000004,0.022000000000000002,0.0436,456774636701154.562500
0.2079200000000001,0.022000000000000002,0.05,456774636701154.562500
0.20793000000000006,0.0196,0.0516,456774636701154.562500
0.20794,0.0204,0.054,456774636701154.562500
0.20795000000000008,0.022000000000000002,0.055600000000000004,456774636701154.562500
0.20796000000000003,0.022000000000000002,0.056400000000000006,456774636701154.562500
0.2079700000000001,0.022000000000000002,0.0548,456774636701154.562500
0.20798000000000005,0.0244,0.0572,456774636701154.562500
0.20799,0.0228,0.055600000000000004,456774636701154.562500
0.20800000000000007,0.0196,0.0572,456774636701154.562500
0.20801000000000003,0.0244,0.056400000000000006,456774636701154.562500
0.2080200000000001,0.0244,0.056400000000000006,456774636701154.562500
0.20803000000000005,0.0236,0.0516,456774636701154.562500
0.20804,0.0244,0.0572,456774636701154.562500
0.20805000000000007,0.0228,0.0548,456774636701154.562500
0.20806000000000002,0.0252,0.055600000000000004,456774636701154.562500
0.2080700000000001,0.0244,0.056400000000000006,456774636701154.562500
0.20808000000000004,0.026000000000000002,0.053200000000000004,456774636701154.562500
0.2080900000000001,0.0244,0.056400000000000006,456774636701154.562500
0.20810000000000006,0.026000000000000002,0.058800000000000005,456774636701154.562500
0.20811000000000002,0.0236,0.0492,456774636701154.562500
0.20812000000000008,0.022000000000000002,0.058,456774636701154.562500
0.20813000000000004,0.0244,0.054,456774636701154.562500
0.2081400000000001,0.0236,0.055600000000000004,456774636701154.562500
0.20815000000000006,0.0228,0.055600000000000004,456774636701154.562500
0.20816,0.022000000000000002,0.055600000000000004,456774636701154.562500
0.20817000000000008,0.0236,0.055600000000000004,456774636701154.562500
0.20818000000000003,0.0212,0.0572,456774636701154.562500
0.2081900000000001,0.0228,0.0572,456774636701154.562500
0.20820000000000005,0.0212,0.055600000000000004,456774636701154.562500
0.20821,0.0204,0.0572,456774636701154.562500
0.20822000000000007,0.022000000000000002,0.058,456774636701154.562500
0.20823000000000003,0.022000000000000002,0.0548,456774636701154.562500
0.2082400000000001,0.022000000000000002,0.0548,456774636701154.562500
0.20825000000000005,0.018000000000000002,0.046,456774636701154.562500
0.2082600000000001,0.022000000000000002,0.056400000000000006,456774636701154.562500
0.20827000000000007,0.0236,0.054,456774636701154.562500
0.20828000000000002,0.0236,0.055600000000000004,456774636701154.562500
0.2082900000000001,0.0236,0.0572,456774636701154.562500
0.20830000000000004,0.0228,0.058,456774636701154.562500
0.2083100000000001,0.0244,0.056400000000000006,456774636701154.562500
0.20832000000000006,0.0228,0.056400000000000006,456774636701154.562500
0.20833000000000002,0.0236,0.053200000000000004,456774636701154.562500
0.20834000000000008,0.026000000000000002,0.056400000000000006,456774636701154.562500
0.20835000000000004,0.0244,0.0548,456774636701154.562500
0.2083600000000001,0.026000000000000002,0.058,456774636701154.562500
0.20837000000000006,0.0236,0.056400000000000006,456774636701154.562500
0.20838,0.0244,0.056400000000000006,456774636701154.562500
0.20839000000000008,0.0244,0.055600000000000004,456774636701154.562500
0.20840000000000003,0.0244,0.0572,456774636701154.562500
0.2084100000000001,0.0236,0.0572,456774636701154.562500
0.20842000000000005,0.0244,0.0572,456774636701154.562500
0.20843,0.0252,0.056400000000000006,456774636701154.562500
0.20844000000000007,0.0236,0.0548,456774636701154.562500
0.20845000000000002,0.0236,0.054,456774636701154.562500
0.2084600000000001,0.0212,0.055600000000000004,456774636701154.562500
0.20847000000000004,0.0212,0.05,456774636701154.562500
0.2084800000000001,0.0204,0.056400000000000006,456774636701154.562500
0.20849000000000006,0.0228,0.048400000000000006,456774636701154.562500
0.20850000000000002,0.022000000000000002,0.055600000000000004,456774636701154.562500
0.20851000000000008,0.022000000000000002,0.058,456774636701154.562500
0.20852000000000004,0.022000000000000002,0.056400000000000006,456774636701154.562500
0.2085300000000001,0.0212,0.0548,456774636701154.562500
0.20854000000000006,0.0228,0.0572,456774636701154.562500
0.20855,0.0212,0.054,456774636701154.562500
0.20856000000000008,0.0236,0.058,456774636701154.562500
0.20857000000000003,0.0212,0.054,456774636701154.562500
0.2085800000000001,0.0236,0.0572,456774636701154.562500
0.20859000000000005,0.0204,0.055600000000000004,456774636701154.562500
0.2086,0.0228,0.0572,456774636701154.562500
0.20861000000000007,0.018000000000000002,0.0548,456774636701154.562500
0.20862000000000003,0.0228,0.055600000000000004,456774636701154.562500
0.2086300000000001,0.022000000000000002,0.054,456774636701154.562500
0.20864000000000005,0.0236,0.0516,456774636701154.562500
0.2086500000000001,0.0244,0.053200000000000004,456774636701154.562500
0.20866000000000007,0.0252,0.055600000000000004,456774636701154.562500
0.20867000000000002,0.0236,0.054,456774636701154.562500
0.2086800000000001,0.0244,0.056400000000000006,456774636701154.562500
0.20869000000000004,0.026000000000000002,0.056400000000000006,456774636701154.562500
0.2087000000000001,0.026000000000000002,0.056400000000000006,456774636701154.562500
0.20871000000000006,0.0228,0.056400000000000006,456774636701154.562500
0.20872000000000002,0.0236,0.0572,456774636701154.562500
0.20873000000000008,0.0244,0.0572,456774636701154.562500
0.20874000000000004,0.0252,0.0524,456774636701154.562500
0.2087500000000001,0.0236,0.0572,456774636701154.562500
0.20876000000000006,0.0228,0.0492,456774636701154.562500
0.20877,0.0212,0.056400000000000006,456774636701154.562500
0.20878000000000008,0.0228,0.0572,456774636701154.562500
0.20879000000000003,0.0204,0.058,456774636701154.562500
0.2088000000000001,0.0228,0.0548,456774636701154.562500
0.20881000000000005,0.0228,0.0572,456774636701154.562500
0.20882,0.0204,0.0572,456774636701154.562500
0.20883000000000007,0.022000000000000002,0.054,456774636701154.562500
0.20884000000000003,0.0236,0.05,456774636701154.562500
0.2088500000000001,0.0228,0.0548,456774636701154.562500
0.20886000000000005,0.0228,0.055600000000000004,456774636701154.562500
0.2088700000000001,0.0228,0.053200000000000004,456774636701154.562500
0.20888000000000007,0.0196,0.056400000000000006,456774636701154.562500
0.20889000000000002,0.0228,0.055600000000000004,456774636701154.562500
0.20890000000000009,0.0236,0.055600000000000004,456774636701154.562500
0.20891000000000004,0.0212,0.056400000000000006,456774636701154.562500
0.2089200000000001,0.0236,0.055600000000000004,456774636701154.562500
0.20893000000000006,0.0244,0.0572,456774636701154.562500
0.20894000000000001,0.0196,0.0572,456774636701154.562500
0.20895000000000008,0.0244,0.058,456774636701154.562500
0.20896000000000003,0.0212,0.054,456774636701154.562500
0.2089700000000001,0.0236,0.056400000000000006,456774636701154.562500
0.20898000000000005,0.0236,0.054,456774636701154.562500
0.20899,0.0244,0.056400000000000006,456774636701154.562500
0.20900000000000007,0.0252,0.055600000000000004,456774636701154.562500
0.20901000000000003,0.0228,0.058,456774636701154.562500
0.2090200000000001,0.026000000000000002,0.054,456774636701154.562500
0.20903000000000005,0.0244,0.056400000000000006,456774636701154.562500
0.20904,0.0228,0.0524,456774636701154.562500
0.20905000000000007,0.0228,0.0548,456774636701154.562500
0.20906000000000002,0.0244,0.056400000000000006,456774636701154.562500
0.2090700000000001,0.0244,0.056400000000000006,456774636701154.562500
0.20908000000000004,0.0196,0.0548,456774636701154.562500
0.2090900000000001,0.0236,0.0548,456774636701154.562500
0.20910000000000006,0.0212,0.0524,456774636701154.562500
0.20911000000000002,0.022000000000000002,0.056400000000000006,456774636701154.562500
0.20912000000000008,0.022000000000000002,0.0572,456774636701154.562500
0.20913000000000004,0.0228,0.0572,456774636701154.562500
0.2091400000000001,0.022000000000000002,0.055600000000000004,456774636701154.562500
0.20915000000000006,0.0228,0.0572,456774636701154.562500
0.20916,0.0204,0.056400000000000006,456774636701154.562500
0.20917000000000008,0.022000000000000002,0.0572,456774636701154.562500
0.20918000000000003,0.0212,0.0572,456774636701154.562500
0.2091900000000001,0.0204,0.0572,456774636701154.562500
0.20920000000000005,0.0236,0.0516,456774636701154.562500
0.20921,0.0236,0.0572,456774636701154.562500
0.20922000000000007,0.0196,0.0572,456774636701154.562500
0.20923000000000003,0.0228,0.0492,456774636701154.562500
0.2092400000000001,0.0212,0.0548,456774636701154.562500
0.20925000000000005,0.0204,0.053200000000000004,456774636701154.562500
0.2092600000000001,0.0196,0.0548,456774636701154.562500
0.20927000000000007,0.0196,0.0476,456774636701154.562500
0.20928000000000002,0.0196,0.053200000000000004,456774636701154.562500
0.2092900000000001,0.0228,0.0572,456774636701154.562500
0.20930000000000004,0.0236,0.056400000000000006,456774636701154.562500
0.2093100000000001,0.0244,0.054,456774636701154.562500
0.20932000000000006,0.022000000000000002,0.0572,456774636701154.562500
0.20933000000000002,0.0244,0.0572,456774636701154.562500
0.20934000000000008,0.0228,0.058,456774636701154.562500
0.20935000000000004,0.0236,0.055600000000000004,456774636701154.562500
0.2093600000000001,0.0228,0.056400000000000006,456774636701154.562500
0.20937000000000006,0.022000000000000002,0.055600000000000004,456774636701154.562500
0.20938,0.0212,0.0572,456774636701154.562500
0.20939000000000008,0.0228,0.054,456774636701154.562500
0.20940000000000003,0.0196,0.0572,456774636701154.562500
0.2094100000000001,0.022000000000000002,0.056400000000000006,456774636701154.562500
0.20942000000000005,0.0204,0.055600000000000004,456774636701154.562500
0.20943,0.0212,0.0572,456774636701154.562500
0.20944000000000007,0.0212,0.0572,456774636701154.562500
0.20945000000000003,0.0228,0.0548,456774636701154.562500
0.2094600000000001,0.0212,0.056400000000000006,456774636701154.562500
0.20947000000000005,0.0228,0.056400000000000006,456774636701154.562500
0.2094800000000001,0.018000000000000002,0.056400000000000006,456774636701154.562500
0.20949000000000007,0.018000000000000002,0.056400000000000006,456774636701154.562500
0.20950000000000002,0.018000000000000002,0.055600000000000004,456774636701154.562500
0.20951000000000009,0.022000000000000002,0.058,456774636701154.562500
0.20952000000000004,0.022000000000000002,0.055600000000000004,456774636701154.562500
0.2095300000000001,0.0228,0.0572,456774636701154.562500
0.20954000000000006,0.0236,0.0572,456774636701154.562500
0.20955000000000001,0.0228,0.056400000000000006,456774636701154.562500
0.20956000000000008,0.0244,0.0548,456774636701154.562500
0.20957000000000003,0.0244,0.058,456774636701154.562500
0.2095800000000001,0.022000000000000002,0.058,456774636701154.562500
0.20959000000000005,0.0244,0.0572,456774636701154.562500
0.2096,0.0244,0.0572,456774636701154.562500
0.20961000000000007,0.0244,0.056400000000000006,456774636701154.562500
0.20962000000000003,0.0228,0.0572,456774636701154.562500
0.2096300000000001,0.0204,0.055600000000000004,456774636701154.562500
0.20964000000000005,0.0244,0.05,456774636701154.562500
0.20965,0.0236,0.0468,456774636701154.562500
0.20966000000000007,0.0244,0.042800000000000005,456774636701154.562500
0.20967000000000002,0.0196,0.0444,456774636701154.562500
0.2096800000000001,0.022000000000000002,0.046,456774636701154.562500
0.20969000000000004,0.0196,0.048400000000000006,456774636701154.562500
0.2097000000000001,0.0188,0.053200000000000004,456774636701154.562500
0.20971000000000006,0.0228,0.053200000000000004,456774636701154.562500
0.20972000000000002,0.0212,0.053200000000000004,456774636701154.562500
0.20973000000000008,0.0228,0.0548,456774636701154.562500
0.20974000000000004,0.0212,0.056400000000000006,456774636701154.562500
0.2097500000000001,0.022000000000000002,0.0572,456774636701154.562500
0.20976000000000006,0.0188,0.054,456774636701154.562500
0.20977,0.0228,0.05,456774636701154.562500
0.20978000000000008,0.022000000000000002,0.048400000000000006,456774636701154.562500
0.20979000000000003,0.0236,0.048400000000000006,456774636701154.562500
0.2098000000000001,0.0228,0.0516,456774636701154.562500
0.20981000000000005,0.0236,0.056400000000000006,456774636701154.562500
0.20982,0.022000000000000002,0.058,456774636701154.562500
0.20983000000000007,0.0204,0.0548,456774636701154.562500
0.20984000000000003,0.0204,0.0572,456774636701154.562500
0.2098500000000001,0.0212,0.055600000000000004,456774636701154.562500
0.20986000000000005,0.0252,0.0524,456774636701154.562500
0.2098700000000001,0.0236,0.0516,456774636701154.562500
0.20988000000000007,0.0236,0.053200000000000004,456774636701154.562500
0.20989000000000002,0.0244,0.0548,456774636701154.562500
0.2099000000000001,0.0236,0.058,456774636701154.562500
0.20991000000000004,0.0252,0.056400000000000006,456774636701154.562500
0.2099200000000001,0.0172,0.054,456774636701154.562500
0.20993000000000006,0.0252,0.055600000000000004,456774636701154.562500
0.20994000000000002,0.0228,0.056400000000000006,456774636701154.562500
0.20995000000000008,0.0212,0.0524,456774636701154.562500
0.20996000000000004,0.022000000000000002,0.056400000000000006,456774636701154.562500
0.2099700000000001,0.0196,0.0548,456774636701154.562500
0.20998000000000006,0.0244,0.056400000000000006,456774636701154.562500
0.20999,0.0236,0.058,456774636701154.562500
0.21000000000000008,0.0228,0.054,456774636701154.562500
0.21001000000000003,0.0204,0.054,456774636701154.562500
0.2100200000000001,0.0228,0.046,456774636701154.562500
0.21003000000000005,0.0188,0.054,456774636701154.562500
0.21004,0.0204,0.0572,456774636701154.562500
0.21005000000000007,0.022000000000000002,0.056400000000000006,456774636701154.562500
0.21006000000000002,0.0204,0.054,456774636701154.562500
0.2100700000000001,0.0204,0.056400000000000006,456774636701154.562500
0.21008000000000004,0.0228,0.0516,456774636701154.562500
0.2100900000000001,0.0212,0.0468,456774636701154.562500
0.21010000000000006,0.0212,0.053200000000000004,456774636701154.562500
0.21011000000000002,0.022000000000000002,0.055600000000000004,456774636701154.562500
0.21012000000000008,0.022000000000000002,0.056400000000000006,456774636701154.562500
0.21013000000000004,0.0228,0.0548,456774636701154.562500
0.2101400000000001,0.022000000000000002,0.056400000000000006,456774636701154.562500
0.21015000000000006,0.0228,0.054,456774636701154.562500
0.21016,0.0236,0.055600000000000004,456774636701154.562500
0.21017000000000008,0.0236,0.046,456774636701154.562500
0.21018000000000003,0.0236,0.053200000000000004,456774636701154.562500
0.2101900000000001,0.0228,0.055600000000000004,456774636701154.562500
0.21020000000000005,0.0228,0.0476,456774636701154.562500
0.21021,0.0236,0.0524,456774636701154.562500
0.21022000000000007,0.026000000000000002,0.054,456774636701154.562500
0.21023000000000003,0.0244,0.0572,456774636701154.562500
0.2102400000000001,0.0244,0.0572,456774636701154.562500
0.21025000000000005,0.0244,0.0516,456774636701154.562500
0.2102600000000001,0.0244,0.056400000000000006,456774636701154.562500
0.21027000000000007,0.022000000000000002,0.0548,456774636701154.562500
0.21028000000000002,0.0196,0.056400000000000006,456774636701154.562500
0.2102900000000001,0.022000000000000002,0.058,456774636701154.562500
0.21030000000000004,0.0212,0.054,456774636701154.562500
0.2103100000000001,0.0196,0.055600000000000004,456774636701154.562500
0.21032000000000006,0.022000000000000002,0.0572,456774636701154.562500
0.21033000000000002,0.0196,0.054,456774636701154.562500
0.21034000000000008,0.022000000000000002,0.0548,456774636701154.562500
0.21035000000000004,0.0228,0.0516,456774636701154.562500
0.2103600000000001,0.022000000000000002,0.0492,456774636701154.562500
0.21037000000000006,0.0196,0.0548,456774636701154.562500
0.21038,0.0236,0.0572,456774636701154.562500
0.21039000000000008,0.0212,0.056400000000000006,456774636701154.562500
0.21040000000000003,0.022000000000000002,0.055600000000000004,456774636701154.562500
0.2104100000000001,0.0212,0.054,456774636701154.562500
0.21042000000000005,0.0196,0.058,456774636701154.562500
0.21043,0.022000000000000002,0.055600000000000004,456774636701154.562500
0.21044000000000007,0.0212,0.0548,456774636701154.562500
0.21045000000000003,0.0204,0.056400000000000006,456774636701154.562500
0.2104600000000001,0.0252,0.0524,456774636701154.562500
0.21047000000000005,0.0236,0.053200000000000004,456774636701154.562500
0.2104800000000001,0.0252,0.048400000000000006,456774636701154.562500
0.21049000000000007,0.0212,0.055600000000000004,456774636701154.562500
0.21050000000000002,0.026000000000000002,0.0524,456774636701154.562500
0.21051000000000009,0.022000000000000002,0.055600000000000004,456774636701154.562500
0.21052000000000004,0.0252,0.055600000000000004,456774636701154.562500
0.2105300000000001,0.022000000000000002,0.0516,456774636701154.562500
0.21054000000000006,0.0236,0.0516,456774636701154.562500
0.21055000000000001,0.0236,0.056400000000000006,456774636701154.562500
0.21056000000000008,0.0236,0.0516,456774636701154.562500
0.21057000000000003,0.0244,0.0572,456774636701154.562500
0.2105800000000001,0.0228,0.055600000000000004,456774636701154.562500
0.21059000000000005,0.0228,0.058,456774636701154.562500
0.2106,0.0228,0.055600000000000004,456774636701154.562500
0.21061000000000007,0.0236,0.055600000000000004,456774636701154.562500
0.21062000000000003,0.022000000000000002,0.056400000000000006,456774636701154.562500
0.2106300000000001,0.022000000000000002,0.0572,456774636701154.562500
0.21064000000000005,0.0212,0.053200000000000004,456774636701154.562500
0.21065,0.022000000000000002,0.056400000000000006,456774636701154.562500
0.21066000000000007,0.0228,0.054,456774636701154.562500
0.21067000000000002,0.0228,0.0572,456774636701154.562500
0.2106800000000001,0.0196,0.055600000000000004,456774636701154.562500
0.21069000000000004,0.0204,0.058,456774636701154.562500
0.2107000000000001,0.0228,0.048400000000000006,456774636701154.562500
0.21071000000000006,0.0228,0.0524,456774636701154.562500
0.21072000000000002,0.022000000000000002,0.056400000000000006,456774636701154.562500
0.21073000000000008,0.0244,0.055600000000000004,456774636701154.562500
0.21074000000000004,0.0228,0.056400000000000006,456774636701154.562500
0.2107500000000001,0.0236,0.0572,456774636701154.562500
0.21076000000000006,0.0244,0.0572,456774636701154.562500
0.21077,0.0236,0.0572,456774636701154.562500
0.21078000000000008,0.0236,0.055600000000000004,456774636701154.562500
0.21079000000000003,0.0252,0.0548,456774636701154.562500
0.2108000000000001,0.0212,0.056400000000000006,456774636701154.562500
0.21081000000000005,0.0252,0.0516,456774636701154.562500
0.21082,0.0204,0.0524,456774636701154.562500
0.21083000000000007,0.0252,0.055600000000000004,456774636701154.562500
0.21084000000000003,0.0236,0.0548,456774636701154.562500
0.2108500000000001,0.0244,0.056400000000000006,456774636701154.562500
0.21086000000000005,0.0236,0.058,456774636701154.562500
0.2108700000000001,0.0228,0.0572,456774636701154.562500
0.21088000000000007,0.0236,0.0572,456774636701154.562500
0.21089000000000002,0.0228,0.053200000000000004,456774636701154.562500
0.2109000000000001,0.0244,0.055600000000000004,456774636701154.562500
0.21091000000000004,0.0212,0.0572,456774636701154.562500
0.2109200000000001,0.0196,0.0572,456774636701154.562500
0.21093000000000006,0.0204,0.056400000000000006,456774636701154.562500
0.21094000000000002,0.0196,0.0572,456774636701154.562500
0.21095000000000008,0.018000000000000002,0.058,456774636701154.562500
0.21096000000000004,0.0172,0.058,456774636701154.562500
0.2109700000000001,0.0204,0.056400000000000006,456774636701154.562500
0.21098000000000006,0.0212,0.058,456774636701154.562500
0.21099,0.0212,0.0548,456774636701154.562500
0.21100000000000008,0.0244,0.058,456774636701154.562500
0.21101000000000003,0.0188,0.0572,456774636701154.562500
0.2110200000000001,0.0228,0.0572,456774636701154.562500
0.21103000000000005,0.0236,0.053200000000000004,456774636701154.562500
0.21104,0.0228,0.0572,456774636701154.562500
0.21105000000000007,0.0244,0.050800000000000005,456774636701154.562500
0.21106000000000003,0.0244,0.054,456774636701154.562500
0.2110700000000001,0.0252,0.046,456774636701154.562500
0.21108000000000005,0.0244,0.0516,456774636701154.562500
0.2110900000000001,0.0252,0.055600000000000004,456774636701154.562500
0.21110000000000007,0.0236,0.056400000000000006,456774636701154.562500
0.21111000000000002,0.0244,0.055600000000000004,456774636701154.562500
0.21112000000000009,0.0244,0.055600000000000004,456774636701154.562500
0.21113000000000004,0.0252,0.0572,456774636701154.562500
0.2111400000000001,0.0236,0.056400000000000006,456774636701154.562500
0.21115000000000006,0.0236,0.058,456774636701154.562500
0.21116000000000001,0.0188,0.055600000000000004,456774636701154.562500
0.21117000000000008,0.0236,0.0572,456774636701154.562500
0.21118000000000003,0.0244,0.0548,456774636701154.562500
0.2111900000000001,0.0228,0.058800000000000005,456774636701154.562500
0.21120000000000005,0.022000000000000002,0.056400000000000006,456774636701154.562500
0.21121,0.0228,0.055600000000000004,456774636701154.562500
0.21122000000000007,0.022000000000000002,0.054,456774636701154.562500
0.21123000000000003,0.022000000000000002,0.053200000000000004,456774636701154.562500
0.2112400000000001,0.0212,0.053200000000000004,456774636701154.562500
0.21125000000000005,0.022000000000000002,0.0572,456774636701154.562500
0.21126,0.0212,0.0492,456774636701154.562500
0.21127000000000007,0.0212,0.0548,456774636701154.562500
0.21128000000000002,0.0204,0.056400000000000006,456774636701154.562500
0.2112900000000001,0.0228,0.056400000000000006,456774636701154.562500
0.21130000000000004,0.0212,0.0572,456774636701154.562500
0.2113100000000001,0.0172,0.0548,456774636701154.562500
0.21132000000000006,0.0212,0.056400000000000006,456774636701154.562500
0.21133000000000002,0.0228,0.056400000000000006,456774636701154.562500
0.21134000000000008,0.0228,0.056400000000000006,456774636701154.562500
0.21135000000000004,0.0212,0.0492,456774636701154.562500
0.2113600000000001,0.0228,0.0572,456774636701154.562500
0.21137000000000006,0.022000000000000002,0.0412,456774636701154.562500
0.21138,0.022000000000000002,0.056400000000000006,456774636701154.562500
0.21139000000000008,0.022000000000000002,0.056400000000000006,456774636701154.562500
0.21140000000000003,0.026000000000000002,0.056400000000000006,456774636701154.562500
0.2114100000000001,0.0236,0.0572,456774636701154.562500
0.21142000000000005,0.0244,0.056400000000000006,456774636701154.562500
0.21143,0.0196,0.056400000000000006,456774636701154.562500
0.21144000000000007,0.0236,0.053200000000000004,456774636701154.562500
0.21145000000000003,0.0244,0.056400000000000006,456774636701154.562500
0.2114600000000001,0.0236,0.05,456774636701154.562500
0.21147000000000005,0.0252,0.0572,456774636701154.562500
0.2114800000000001,0.0228,0.0524,456774636701154.562500
0.21149000000000007,0.0236,0.054,456774636701154.562500
0.21150000000000002,0.022000000000000002,0.054,456774636701154.562500
0.2115100000000001,0.0228,0.0516,456774636701154.562500
0.21152000000000004,0.022000000000000002,0.055600000000000004,456774636701154.562500
0.2115300000000001,0.022000000000000002,0.0492,456774636701154.562500
0.21154000000000006,0.022000000000000002,0.056400000000000006,456774636701154.562500
0.21155000000000002,0.022000000000000002,0.0516,456774636701154.562500
0.21156000000000008,0.0228,0.056400000000000006,456774636701154.562500
0.21157000000000004,0.022000000000000002,0.0516,456774636701154.562500
0.2115800000000001,0.0204,0.056400000000000006,456774636701154.562500
0.21159000000000006,0.0236,0.0524,456774636701154.562500
0.2116,0.0244,0.0572,456774636701154.562500
0.21161000000000008,0.0196,0.0516,456774636701154.562500
0.21162000000000003,0.0204,0.056400000000000006,456774636701154.562500
0.2116300000000001,0.0228,0.048400000000000006,456774636701154.562500
0.21164000000000005,0.0212,0.056400000000000006,456774636701154.562500
0.21165,0.0228,0.045200000000000004,456774636701154.562500
0.21166000000000007,0.0236,0.058,456774636701154.562500
0.21167000000000002,0.0244,0.05,456774636701154.562500
0.2116800000000001,0.0236,0.0468,456774636701154.562500
0.21169000000000004,0.0228,0.045200000000000004,456774636701154.562500
0.2117000000000001,0.0244,0.0572,456774636701154.562500
0.21171000000000006,0.0252,0.056400000000000006,456774636701154.562500
0.21172000000000002,0.0212,0.056400000000000006,456774636701154.562500
0.21173000000000008,0.0244,0.055600000000000004,456774636701154.562500
0.21174000000000004,0.0236,0.056400000000000006,456774636701154.562500
0.2117500000000001,0.0252,0.058,456774636701154.562500
0.21176000000000006,0.0252,0.058,456774636701154.562500
0.21177,0.0244,0.056400000000000006,456774636701154.562500
0.21178000000000008,0.0244,0.0548,456774636701154.562500
0.21179000000000003,0.0244,0.0516,456774636701154.562500
0.2118000000000001,0.0228,0.055600000000000004,456774636701154.562500
0.21181000000000005,0.0228,0.055600000000000004,456774636701154.562500
0.21182,0.0212,0.055600000000000004,456774636701154.562500
0.21183000000000007,0.022000000000000002,0.056400000000000006,456774636701154.562500
0.21184000000000003,0.0228,0.058,456774636701154.562500
0.2118500000000001,0.0228,0.053200000000000004,456774636701154.562500
0.21186000000000005,0.0228,0.0548,456774636701154.562500
0.21187,0.0228,0.050800000000000005,456774636701154.562500
0.21188000000000007,0.022000000000000002,0.054,456774636701154.562500
0.21189000000000002,0.022000000000000002,0.055600000000000004,456774636701154.562500
0.2119000000000001,0.0204,0.056400000000000006,456774636701154.562500
0.21191000000000004,0.0212,0.058,456774636701154.562500
0.2119200000000001,0.0228,0.0548,456774636701154.562500
0.21193000000000006,0.0236,0.0524,456774636701154.562500
0.21194000000000002,0.0204,0.053200000000000004,456774636701154.562500
0.21195000000000008,0.0236,0.055600000000000004,456774636701154.562500
0.21196000000000004,0.022000000000000002,0.0548,456774636701154.562500
0.2119700000000001,0.0236,0.055600000000000004,456774636701154.562500
0.21198000000000006,0.0212,0.056400000000000006,456774636701154.562500
0.21199,0.0236,0.0572,456774636701154.562500
0.21200000000000008,0.0236,0.058,456774636701154.562500
0.21201000000000003,0.022000000000000002,0.058,456774636701154.562500
0.2120200000000001,0.026000000000000002,0.058,456774636701154.562500
0.21203000000000005,0.0252,0.0524,456774636701154.562500
0.21204,0.0252,0.0572,456774636701154.562500
0.21205000000000007,0.022000000000000002,0.055600000000000004,456774636701154.562500
0.21206000000000003,0.0244,0.058,456774636701154.562500
0.2120700000000001,0.022000000000000002,0.056400000000000006,456774636701154.562500
0.21208000000000005,0.0236,0.055600000000000004,456774636701154.562500
0.2120900000000001,0.022000000000000002,0.0524,456774636701154.562500
0.21210000000000007,0.0236,0.0492,456774636701154.562500
0.21211000000000002,0.0244,0.054,456774636701154.562500
0.2121200000000001,0.0236,0.0548,456774636701154.562500
0.21213000000000004,0.0236,0.056400000000000006,456774636701154.562500
0.2121400000000001,0.022000000000000002,0.058,456774636701154.562500
0.21215000000000006,0.0196,0.055600000000000004,456774636701154.562500
0.21216000000000002,0.022000000000000002,0.055600000000000004,456774636701154.562500
0.21217000000000008,0.0236,0.048400000000000006,456774636701154.562500
0.21218000000000004,0.0228,0.0548,456774636701154.562500
0.2121900000000001,0.022000000000000002,0.054,456774636701154.562500
0.21220000000000006,0.022000000000000002,0.040400000000000005,456774636701154.562500
0.21221,0.0204,0.054,456774636701154.562500
0.21222000000000008,0.0228,0.0476,456774636701154.562500
0.21223000000000003,0.022000000000000002,0.056400000000000006,456774636701154.562500
0.2122400000000001,0.022000000000000002,0.053200000000000004,456774636701154.562500
0.21225000000000005,0.0228,0.054,456774636701154.562500
0.21226,0.0236,0.053200000000000004,456774636701154.562500
0.21227000000000007,0.0212,0.056400000000000006,456774636701154.562500
0.21228000000000002,0.0244,0.0548,456774636701154.562500
0.2122900000000001,0.0244,0.0572,456774636701154.562500
0.21230000000000004,0.0236,0.0516,456774636701154.562500
0.2123100000000001,0.0244,0.0572,456774636701154.562500
0.21232000000000006,0.0244,0.055600000000000004,456774636701154.562500
0.21233000000000002,0.0236,0.055600000000000004,456774636701154.562500
0.21234000000000008,0.0252,0.058,456774636701154.562500
0.21235000000000004,0.022000000000000002,0.054,456774636701154.562500
0.2123600000000001,0.0252,0.058,456774636701154.562500
0.21237000000000006,0.022000000000000002,0.054,456774636701154.562500
0.21238,0.0244,0.0516,456774636701154.562500
0.21239000000000008,0.0236,0.0572,456774636701154.562500
0.21240000000000003,0.0236,0.0548,456774636701154.562500
0.2124100000000001,0.0236,0.055600000000000004,456774636701154.562500
0.21242000000000005,0.0236,0.0548,456774636701154.562500
0.21243,0.0196,0.055600000000000004,456774636701154.562500
0.21244000000000007,0.018000000000000002,0.0524,456774636701154.562500
0.21245000000000003,0.0196,0.0572,456774636701154.562500
0.2124600000000001,0.0204,0.055600000000000004,456774636701154.562500
0.21247000000000005,0.0172,0.055600000000000004,456774636701154.562500
0.2124800000000001,0.0196,0.05,456774636701154.562500
0.21249000000000007,0.0212,0.0548,456774636701154.562500
0.21250000000000002,0.0228,0.0492,456774636701154.562500
0.2125100000000001,0.022000000000000002,0.0572,456774636701154.562500
0.21252000000000004,0.0228,0.050800000000000005,456774636701154.562500
0.2125300000000001,0.0244,0.056400000000000006,456774636701154.562500
0.21254000000000006,0.022000000000000002,0.0524,456774636701154.562500
0.21255000000000002,0.0236,0.056400000000000006,456774636701154.562500
0.21256000000000008,0.0236,0.054,456774636701154.562500
0.21257000000000004,0.0236,0.055600000000000004,456774636701154.562500
0.2125800000000001,0.022000000000000002,0.054,456774636701154.562500
0.21259000000000006,0.0228,0.054,456774636701154.562500
0.2126,0.0244,0.0572,456774636701154.562500
0.21261000000000008,0.022000000000000002,0.0516,456774636701154.562500
0.21262000000000003,0.0236,0.0548,456774636701154.562500
0.2126300000000001,0.0228,0.0572,456774636701154.562500
0.21264000000000005,0.0228,0.056400000000000006,456774636701154.562500
0.21265,0.0236,0.058,456774636701154.562500
0.21266000000000007,0.0252,0.056400000000000006,456774636701154.562500
0.21267000000000003,0.0236,0.058,456774636701154.562500
0.2126800000000001,0.0236,0.058,456774636701154.562500
0.21269000000000005,0.0236,0.054,456774636701154.562500
0.2127000000000001,0.0228,0.056400000000000006,456774636701154.562500
0.21271000000000007,0.0228,0.055600000000000004,456774636701154.562500
0.21272000000000002,0.0244,0.0548,456774636701154.562500
0.21273000000000009,0.0244,0.05,456774636701154.562500
0.21274000000000004,0.022000000000000002,0.0572,456774636701154.562500
0.2127500000000001,0.0204,0.055600000000000004,456774636701154.562500
0.21276000000000006,0.0236,0.058,456774636701154.562500
0.21277000000000001,0.0212,0.0572,456774636701154.562500
0.21278000000000008,0.0204,0.058800000000000005,456774636701154.562500
0.21279000000000003,0.0212,0.058,456774636701154.562500
0.2128000000000001,0.022000000000000002,0.054,456774636701154.562500
0.21281000000000005,0.0228,0.058,456774636701154.562500
0.21282,0.0212,0.054,456774636701154.562500
0.21283000000000007,0.0236,0.055600000000000004,456774636701154.562500
0.21284000000000003,0.0228,0.0572,456774636701154.562500
0.2128500000000001,0.022000000000000002,0.055600000000000004,456774636701154.562500
0.21286000000000005,0.0244,0.054,456774636701154.562500
0.21287,0.022000000000000002,0.055600000000000004,456774636701154.562500
0.21288000000000007,0.0244,0.054,456774636701154.562500
0.21289000000000002,0.0204,0.0548,456774636701154.562500
0.2129000000000001,0.022000000000000002,0.0476,456774636701154.562500
0.21291000000000004,0.0252,0.0468,456774636701154.562500
0.2129200000000001,0.0244,0.048400000000000006,456774636701154.562500
0.21293000000000006,0.0252,0.046,456774636701154.562500
0.21294000000000002,0.0228,0.05,456774636701154.562500
0.21295000000000008,0.0244,0.0572,456774636701154.562500
0.21296000000000004,0.0244,0.0548,456774636701154.562500
0.2129700000000001,0.0236,0.0572,456774636701154.562500
0.21298000000000006,0.0228,0.056400000000000006,456774636701154.562500
0.21299,0.0228,0.0572,456774636701154.562500
0.21300000000000008,0.0252,0.048400000000000006,456774636701154.562500
0.21301000000000003,0.0236,0.050800000000000005,456774636701154.562500
0.2130200000000001,0.0236,0.048400000000000006,456774636701154.562500
0.21303000000000005,0.0244,0.0572,456774636701154.562500
0.21304,0.022000000000000002,0.055600000000000004,456774636701154.562500
0.21305000000000007,0.0236,0.0572,456774636701154.562500
0.21306000000000003,0.0236,0.048400000000000006,456774636701154.562500
0.2130700000000001,0.022000000000000002,0.058,456774636701154.562500
0.21308000000000005,0.0212,0.0548,456774636701154.562500
0.2130900000000001,0.0228,0.058,456774636701154.562500
0.21310000000000007,0.022000000000000002,0.056400000000000006,456774636701154.562500
0.21311000000000002,0.022000000000000002,0.058,456774636701154.562500
0.2131200000000001,0.022000000000000002,0.0572,456774636701154.562500
0.21313000000000004,0.0228,0.056400000000000006,456774636701154.562500
0.2131400000000001,0.0228,0.054,456774636701154.562500
0.21315000000000006,0.022000000000000002,0.058,456774636701154.562500
0.21316000000000002,0.022000000000000002,0.056400000000000006,456774636701154.562500
0.21317000000000008,0.0212,0.058,456774636701154.562500
0.21318000000000004,0.0236,0.055600000000000004,456774636701154.562500
0.2131900000000001,0.0244,0.055600000000000004,456774636701154.562500
0.21320000000000006,0.0244,0.0572,456774636701154.562500
0.21321,0.0228,0.056400000000000006,456774636701154.562500
0.21322000000000008,0.0236,0.055600000000000004,456774636701154.562500
0.21323000000000003,0.0244,0.056400000000000006,456774636701154.562500
0.2132400000000001,0.0244,0.0572,456774636701154.562500
0.21325000000000005,0.026000000000000002,0.0468,456774636701154.562500
0.21326,0.0244,0.056400000000000006,456774636701154.562500
0.21327000000000007,0.026000000000000002,0.0524,456774636701154.562500
0.21328000000000003,0.022000000000000002,0.058,456774636701154.562500
0.2132900000000001,0.022000000000000002,0.0572,456774636701154.562500
0.21330000000000005,0.0244,0.056400000000000006,456774636701154.562500
0.2133100000000001,0.0236,0.056400000000000006,456774636701154.562500
0.21332000000000007,0.0236,0.056400000000000006,456774636701154.562500
0.21333000000000002,0.0212,0.0476,456774636701154.562500
0.21334000000000009,0.022000000000000002,0.056400000000000006,456774636701154.562500
0.21335000000000004,0.0212,0.05,456774636701154.562500
0.2133600000000001,0.0196,0.058,456774636701154.562500
0.21337000000000006,0.022000000000000002,0.0524,456774636701154.562500
0.21338000000000001,0.018000000000000002,0.0524,456774636701154.562500
0.21339000000000008,0.022000000000000002,0.058,456774636701154.562500
0.21340000000000003,0.0212,0.056400000000000006,456774636701154.562500
0.2134100000000001,0.0244,0.0572,456774636701154.562500
0.21342000000000005,0.022000000000000002,0.0572,456774636701154.562500
0.21343,0.0212,0.056400000000000006,456774636701154.562500
0.21344000000000007,0.022000000000000002,0.054,456774636701154.562500
0.21345000000000003,0.0228,0.056400000000000006,456774636701154.562500
0.2134600000000001,0.022000000000000002,0.056400000000000006,456774636701154.562500
0.21347000000000005,0.0204,0.056400000000000006,456774636701154.562500
0.21348,0.0204,0.056400000000000006,456774636701154.562500
0.21349000000000007,0.0236,0.0548,456774636701154.562500
0.21350000000000002,0.0228,0.0572,456774636701154.562500
0.2135100000000001,0.0212,0.0436,456774636701154.562500
0.21352000000000004,0.0244,0.056400000000000006,456774636701154.562500
0.2135300000000001,0.0244,0.053200000000000004,456774636701154.562500
0.21354000000000006,0.026000000000000002,0.0572,456774636701154.562500
0.21355000000000002,0.0252,0.054,456774636701154.562500
0.21356000000000008,0.0244,0.056400000000000006,456774636701154.562500
0.21357000000000004,0.0252,0.056400000000000006,456774636701154.562500
0.2135800000000001,0.0244,0.056400000000000006,456774636701154.562500
0.21359000000000006,0.0236,0.056400000000000006,456774636701154.562500
0.2136,0.0244,0.0548,456774636701154.562500
0.21361000000000008,0.0236,0.056400000000000006,456774636701154.562500
0.21362000000000003,0.0236,0.053200000000000004,456774636701154.562500
0.2136300000000001,0.0244,0.058,456774636701154.562500
0.21364000000000005,0.0236,0.050800000000000005,456774636701154.562500
0.21365,0.0228,0.0572,456774636701154.562500
0.21366000000000007,0.0244,0.055600000000000004,456774636701154.562500
0.21367000000000003,0.0252,0.0524,456774636701154.562500
0.2136800000000001,0.022000000000000002,0.058,456774636701154.562500
0.21369000000000005,0.0236,0.055600000000000004,456774636701154.562500
0.2137000000000001,0.022000000000000002,0.055600000000000004,456774636701154.562500
0.21371000000000007,0.022000000000000002,0.058,456774636701154.562500
0.21372000000000002,0.0212,0.056400000000000006,456774636701154.562500
0.2137300000000001,0.0212,0.056400000000000006,456774636701154.562500
0.21374000000000004,0.0212,0.054,456774636701154.562500
0.2137500000000001,0.0196,0.055600000000000004,456774636701154.562500
0.21376000000000006,0.022000000000000002,0.0572,456774636701154.562500
0.21377000000000002,0.0236,0.058,456774636701154.562500
0.21378000000000008,0.0244,0.058800000000000005,456774636701154.562500
0.21379000000000004,0.0236,0.056400000000000006,456774636701154.562500
0.2138000000000001,0.0244,0.0548,456774636701154.562500
0.21381000000000006,0.022000000000000002,0.053200000000000004,456774636701154.562500
0.21382,0.0236,0.0524,456774636701154.562500
0.21383000000000008,0.0244,0.0548,456774636701154.562500
0.21384000000000003,0.0244,0.056400000000000006,456774636701154.562500
0.2138500000000001,0.0252,0.056400000000000006,456774636701154.562500
0.21386000000000005,0.0252,0.055600000000000004,456774636701154.562500
0.21387,0.026000000000000002,0.056400000000000006,456774636701154.562500
0.21388000000000007,0.0244,0.053200000000000004,456774636701154.562500
0.21389000000000002,0.022000000000000002,0.056400000000000006,456774636701154.562500
0.2139000000000001,0.0228,0.0548,456774636701154.562500
0.21391000000000004,0.0228,0.0572,456774636701154.562500
0.2139200000000001,0.0244,0.055600000000000004,456774636701154.562500
0.21393000000000006,0.0228,0.056400000000000006,456774636701154.562500
0.21394000000000002,0.0244,0.055600000000000004,456774636701154.562500
0.21395000000000008,0.0228,0.055600000000000004,456774636701154.562500
0.21396000000000004,0.0228,0.056400000000000006,456774636701154.562500
0.2139700000000001,0.0228,0.054,456774636701154.562500
0.21398000000000006,0.0188,0.0572,456774636701154.562500
0.21399,0.0212,0.0572,456774636701154.562500
0.21400000000000008,0.022000000000000002,0.058,456774636701154.562500
0.21401000000000003,0.0196,0.056400000000000006,456774636701154.562500
0.2140200000000001,0.0228,0.0572,456774636701154.562500
0.21403000000000005,0.022000000000000002,0.0572,456774636701154.562500
0.21404,0.0212,0.058,456774636701154.562500
0.21405000000000007,0.022000000000000002,0.054,456774636701154.562500
0.21406000000000003,0.022000000000000002,0.0572,456774636701154.562500
0.2140700000000001,0.0228,0.0572,456774636701154.562500
0.21408000000000005,0.0228,0.056400000000000006,456774636701154.562500
0.2140900000000001,0.0228,0.058,456774636701154.562500
0.21410000000000007,0.0244,0.058,456774636701154.562500
0.21411000000000002,0.0236,0.056400000000000006,456774636701154.562500
0.2141200000000001,0.0252,0.055600000000000004,456774636701154.562500
0.21413000000000004,0.0236,0.055600000000000004,456774636701154.562500
0.2141400000000001,0.0236,0.0572,456774636701154.562500
0.21415000000000006,0.0252,0.0572,456774636701154.562500
0.21416000000000002,0.0244,0.0516,456774636701154.562500
0.21417000000000008,0.0252,0.058,456774636701154.562500
0.21418000000000004,0.0236,0.05,456774636701154.562500
0.2141900000000001,0.0252,0.054,456774636701154.562500
0.21420000000000006,0.0228,0.0572,456774636701154.562500
0.21421,0.0228,0.0572,456774636701154.562500
0.21422000000000008,0.022000000000000002,0.0548,456774636701154.562500
0.21423000000000003,0.0236,0.055600000000000004,456774636701154.562500
0.2142400000000001,0.0236,0.053200000000000004,456774636701154.562500
0.21425000000000005,0.0228,0.0524,456774636701154.562500
0.21426,0.0244,0.055600000000000004,456774636701154.562500
0.21427000000000007,0.022000000000000002,0.056400000000000006,456774636701154.562500
0.21428000000000003,0.0236,0.054,456774636701154.562500
0.2142900000000001,0.022000000000000002,0.054,456774636701154.562500
0.21430000000000005,0.022000000000000002,0.056400000000000006,456774636701154.562500
0.2143100000000001,0.022000000000000002,0.0516,456774636701154.562500
0.21432000000000007,0.0228,0.0572,456774636701154.562500
0.21433000000000002,0.0212,0.056400000000000006,456774636701154.562500
0.21434000000000009,0.0228,0.058,456774636701154.562500
0.21435000000000004,0.0172,0.055600000000000004,456774636701154.562500
0.2143600000000001,0.022000000000000002,0.055600000000000004,456774636701154.562500
0.21437000000000006,0.022000000000000002,0.0572,456774636701154.562500
0.21438000000000001,0.0244,0.056400000000000006,456774636701154.562500
0.21439000000000008,0.0212,0.056400000000000006,456774636701154.562500
0.21440000000000003,0.0244,0.055600000000000004,456774636701154.562500
0.2144100000000001,0.0228,0.0524,456774636701154.562500
0.21442000000000005,0.0228,0.056400000000000006,456774636701154.562500
0.21443,0.0252,0.0468,456774636701154.562500
0.21444000000000007,0.0236,0.0516,456774636701154.562500
0.21445000000000003,0.0236,0.0468,456774636701154.562500
0.2144600000000001,0.0236,0.0572,456774636701154.562500
0.21447000000000005,0.0244,0.055600000000000004,456774636701154.562500
0.21448,0.0228,0.0524,456774636701154.562500
0.21449000000000007,0.0252,0.055600000000000004,456774636701154.562500
0.21450000000000002,0.0172,0.054,456774636701154.562500
0.2145100000000001,0.0252,0.0524,456774636701154.562500
0.21452000000000004,0.0236,0.0572,456774636701154.562500
0.2145300000000001,0.0236,0.056400000000000006,456774636701154.562500
0.21454000000000006,0.0244,0.056400000000000006,456774636701154.562500
0.21455000000000002,0.022000000000000002,0.0572,456774636701154.562500
0.21456000000000008,0.0236,0.054,456774636701154.562500
0.21457000000000004,0.0244,0.0548,456774636701154.562500
0.2145800000000001,0.0236,0.053200000000000004,456774636701154.562500
0.21459000000000006,0.0228,0.055600000000000004,456774636701154.562500
0.2146,0.022000000000000002,0.053200000000000004,456774636701154.562500
0.21461000000000008,0.022000000000000002,0.055600000000000004,456774636701154.562500
0.21462000000000003,0.022000000000000002,0.050800000000000005,456774636701154.562500
0.2146300000000001,0.022000000000000002,0.0572,456774636701154.562500
0.21464000000000005,0.0244,0.056400000000000006,456774636701154.562500
0.21465,0.022000000000000002,0.053200000000000004,456774636701154.562500
0.21466000000000007,0.0204,0.056400000000000006,456774636701154.562500
0.21467000000000003,0.018000000000000002,0.053200000000000004,456774636701154.562500
0.2146800000000001,0.0164,0.054,456774636701154.562500
0.21469000000000005,0.022000000000000002,0.054,456774636701154.562500
0.2147000000000001,0.0244,0.056400000000000006,456774636701154.562500
0.21471000000000007,0.0204,0.0492,456774636701154.562500
0.21472000000000002,0.0196,0.054,456774636701154.562500
0.2147300000000001,0.0236,0.055600000000000004,456774636701154.562500
0.21474000000000004,0.0244,0.0572,456774636701154.562500
0.2147500000000001,0.0236,0.053200000000000004,456774636701154.562500
0.21476000000000006,0.0252,0.055600000000000004,456774636701154.562500
0.21477000000000002,0.022000000000000002,0.055600000000000004,456774636701154.562500
0.21478000000000008,0.0244,0.058,456774636701154.562500
0.21479000000000004,0.026000000000000002,0.0524,456774636701154.562500
0.2148000000000001,0.0244,0.0572,456774636701154.562500
0.21481000000000006,0.0236,0.053200000000000004,456774636701154.562500
0.21482,0.0228,0.053200000000000004,456774636701154.562500
0.21483000000000008,0.022000000000000002,0.0572,456774636701154.562500
0.21484000000000003,0.0196,0.056400000000000006,456774636701154.562500
0.2148500000000001,0.0228,0.055600000000000004,456774636701154.562500
0.21486000000000005,0.0196,0.056400000000000006,456774636701154.562500
0.21487,0.0228,0.0548,456774636701154.562500
0.21488000000000007,0.0204,0.0572,456774636701154.562500
0.21489000000000003,0.0228,0.056400000000000006,456774636701154.562500
0.2149000000000001,0.022000000000000002,0.056400000000000006,456774636701154.562500
0.21491000000000005,0.0228,0.0572,456774636701154.562500
0.2149200000000001,0.0212,0.055600000000000004,456774636701154.562500
0.21493000000000007,0.0196,0.0548,456774636701154.562500
0.21494000000000002,0.0212,0.0572,456774636701154.562500
0.21495000000000009,0.022000000000000002,0.055600000000000004,456774636701154.562500
0.21496000000000004,0.0188,0.055600000000000004,456774636701154.562500
0.2149700000000001,0.0196,0.055600000000000004,456774636701154.562500
0.21498000000000006,0.0228,0.056400000000000006,456774636701154.562500
0.21499000000000001,0.0244,0.058,456774636701154.562500
0.21500000000000008,0.022000000000000002,0.0572,456774636701154.562500
0.21501000000000003,0.0212,0.0524,456774636701154.562500
0.2150200000000001,0.0236,0.053200000000000004,456774636701154.562500
0.21503000000000005,0.0188,0.056400000000000006,456774636701154.562500
0.21504,0.022000000000000002,0.055600000000000004,456774636701154.562500
0.21505000000000007,0.0228,0.056400000000000006,456774636701154.562500
0.21506000000000003,0.0244,0.056400000000000006,456774636701154.562500
0.2150700000000001,0.0244,0.0572,456774636701154.562500
0.21508000000000005,0.0228,0.055600000000000004,456774636701154.562500
0.21509,0.0236,0.0572,456774636701154.562500
0.21510000000000007,0.026000000000000002,0.0572,456774636701154.562500
0.21511000000000002,0.0252,0.056400000000000006,456774636701154.562500
0.2151200000000001,0.0228,0.0548,456774636701154.562500
0.21513000000000004,0.022000000000000002,0.055600000000000004,456774636701154.562500
0.2151400000000001,0.0236,0.0524,456774636701154.562500
0.21515000000000006,0.0228,0.056400000000000006,456774636701154.562500
0.21516000000000002,0.0212,0.055600000000000004,456774636701154.562500
0.21517000000000008,0.0228,0.054,456774636701154.562500
0.21518000000000004,0.0212,0.050800000000000005,456774636701154.562500
0.2151900000000001,0.0236,0.056400000000000006,456774636701154.562500
0.21520000000000006,0.0236,0.055600000000000004,456774636701154.562500
0.21521,0.0236,0.055600000000000004,456774636701154.562500
0.21522000000000008,0.0236,0.056400000000000006,456774636701154.562500
0.21523000000000003,0.0228,0.056400000000000006,456774636701154.562500
0.2152400000000001,0.0204,0.055600000000000004,456774636701154.562500
0.21525000000000005,0.022000000000000002,0.056400000000000006,456774636701154.562500
0.21526,0.0236,0.055600000000000004,456774636701154.562500
0.21527000000000007,0.022000000000000002,0.0572,456774636701154.562500
0.21528000000000003,0.0236,0.0572,456774636701154.562500
0.2152900000000001,0.0236,0.045200000000000004,456774636701154.562500
0.21530000000000005,0.0236,0.055600000000000004,456774636701154.562500
0.2153100000000001,0.0236,0.0516,456774636701154.562500
0.21532000000000007,0.0236,0.056400000000000006,456774636701154.562500
0.21533000000000002,0.0204,0.0548,456774636701154.562500
0.2153400000000001,0.0236,0.05,456774636701154.562500
0.21535000000000004,0.0212,0.058,456774636701154.562500
0.2153600000000001,0.0252,0.0548,456774636701154.562500
0.21537000000000006,0.0252,0.0572,456774636701154.562500
0.21538000000000002,0.0204,0.0548,456774636701154.562500
0.21539000000000008,0.0244,0.055600000000000004,456774636701154.562500
0.21540000000000004,0.0252,0.0516,456774636701154.562500
0.2154100000000001,0.0236,0.0516,456774636701154.562500
0.21542000000000006,0.0244,0.0572,456774636701154.562500
0.21543,0.0252,0.055600000000000004,456774636701154.562500
0.21544000000000008,0.0252,0.056400000000000006,456774636701154.562500
0.21545000000000003,0.022000000000000002,0.058,456774636701154.562500
0.2154600000000001,0.0228,0.056400000000000006,456774636701154.562500
0.21547000000000005,0.0228,0.0572,456774636701154.562500
0.21548,0.0236,0.054,456774636701154.562500
0.21549000000000007,0.0228,0.056400000000000006,456774636701154.562500
0.21550000000000002,0.022000000000000002,0.056400000000000006,456774636701154.562500
0.2155100000000001,0.022000000000000002,0.055600000000000004,456774636701154.562500
0.21552000000000004,0.0228,0.056400000000000006,456774636701154.562500
0.2155300000000001,0.0204,0.056400000000000006,456774636701154.562500
0.21554000000000006,0.0228,0.056400000000000006,456774636701154.562500
0.21555000000000002,0.0212,0.0572,456774636701154.562500
0.21556000000000008,0.022000000000000002,0.058,456774636701154.562500
0.21557000000000004,0.0228,0.0572,456774636701154.562500
0.2155800000000001,0.0204,0.0548,456774636701154.562500
0.21559000000000006,0.0204,0.0516,456774636701154.562500
0.2156,0.022000000000000002,0.053200000000000004,456774636701154.562500
0.21561000000000008,0.0228,0.058,456774636701154.562500
0.21562000000000003,0.018000000000000002,0.058,456774636701154.562500
0.2156300000000001,0.022000000000000002,0.056400000000000006,456774636701154.562500
0.21564000000000005,0.0228,0.05,456774636701154.562500
0.21565,0.0236,0.056400000000000006,456774636701154.562500
0.21566000000000007,0.0236,0.055600000000000004,456774636701154.562500
0.21567000000000003,0.026000000000000002,0.054,456774636701154.562500
0.2156800000000001,0.0244,0.0572,456774636701154.562500
0.21569000000000005,0.0228,0.056400000000000006,456774636701154.562500
0.2157000000000001,0.0244,0.056400000000000006,456774636701154.562500
0.21571000000000007,0.0228,0.056400000000000006,456774636701154.562500
0.21572000000000002,0.0244,0.053200000000000004,456774636701154.562500
0.2157300000000001,0.0188,0.058,456774636701154.562500
0.21574000000000004,0.0236,0.054,456774636701154.562500
0.2157500000000001,0.0196,0.056400000000000006,456774636701154.562500
0.21576000000000006,0.0244,0.055600000000000004,456774636701154.562500
0.21577000000000002,0.0228,0.056400000000000006,456774636701154.562500
0.21578000000000008,0.0228,0.0524,456774636701154.562500
0.21579000000000004,0.0196,0.054,456774636701154.562500
0.2158000000000001,0.0228,0.053200000000000004,456774636701154.562500
0.21581000000000006,0.0212,0.0572,456774636701154.562500
0.21582,0.0236,0.0548,456774636701154.562500
0.21583000000000008,0.0228,0.0548,456774636701154.562500
0.21584000000000003,0.0204,0.056400000000000006,456774636701154.562500
0.2158500000000001,0.0228,0.055600000000000004,456774636701154.562500
0.21586000000000005,0.0188,0.055600000000000004,456774636701154.562500
0.21587,0.0236,0.058,456774636701154.562500
0.21588000000000007,0.0204,0.058,456774636701154.562500
0.21589000000000003,0.022000000000000002,0.055600000000000004,456774636701154.562500
0.2159000000000001,0.0228,0.056400000000000006,456774636701154.562500
0.21591000000000005,0.026000000000000002,0.055600000000000004,456774636701154.562500
0.2159200000000001,0.0244,0.058800000000000005,456774636701154.562500
0.21593000000000007,0.0228,0.0492,456774636701154.562500
0.21594000000000002,0.0236,0.0572,456774636701154.562500
0.2159500000000001,0.026000000000000002,0.0476,456774636701154.562500
0.21596000000000004,0.0228,0.056400000000000006,456774636701154.562500
0.2159700000000001,0.0236,0.054,456774636701154.562500
0.21598000000000006,0.0252,0.056400000000000006,456774636701154.562500
0.21599000000000002,0.0244,0.055600000000000004,456774636701154.562500
0.21600000000000008,0.0236,0.0572,456774636701154.562500
0.21601000000000004,0.022000000000000002,0.0572,456774636701154.562500
0.2160200000000001,0.0244,0.0524,456774636701154.562500
0.21603000000000006,0.0236,0.0572,456774636701154.562500
0.21604,0.0228,0.055600000000000004,456774636701154.562500
0.21605000000000008,0.0228,0.0572,456774636701154.562500
0.21606000000000003,0.022000000000000002,0.0548,456774636701154.562500
0.2160700000000001,0.022000000000000002,0.056400000000000006,456774636701154.562500
0.21608000000000005,0.018000000000000002,0.056400000000000006,456774636701154.562500
0.21609,0.022000000000000002,0.054,456774636701154.562500
0.21610000000000007,0.022000000000000002,0.056400000000000006,456774636701154.562500
0.21611000000000002,0.022000000000000002,0.055600000000000004,456774636701154.562500
0.2161200000000001,0.0228,0.05,456774636701154.562500
0.21613000000000004,0.022000000000000002,0.055600000000000004,456774636701154.562500
0.2161400000000001,0.022000000000000002,0.053200000000000004,456774636701154.562500
0.21615000000000006,0.022000000000000002,0.0572,456774636701154.562500
0.21616000000000002,0.0204,0.056400000000000006,456774636701154.562500
0.21617000000000008,0.0228,0.056400000000000006,456774636701154.562500
0.21618000000000004,0.0228,0.055600000000000004,456774636701154.562500
0.2161900000000001,0.0196,0.056400000000000006,456774636701154.562500
0.21620000000000006,0.0228,0.0572,456774636701154.562500
0.21621,0.0196,0.054,456774636701154.562500
0.21622000000000008,0.022000000000000002,0.054,456774636701154.562500
0.21623000000000003,0.0204,0.0572,456774636701154.562500
0.2162400000000001,0.0228,0.054,456774636701154.562500
0.21625000000000005,0.0212,0.058,456774636701154.562500
0.21626,0.0236,0.055600000000000004,456774636701154.562500
0.21627000000000007,0.0252,0.055600000000000004,456774636701154.562500
0.21628000000000003,0.0228,0.055600000000000004,456774636701154.562500
0.2162900000000001,0.0244,0.055600000000000004,456774636701154.562500
0.21630000000000005,0.0252,0.0468,456774636701154.562500
0.2163100000000001,0.022000000000000002,0.0548,456774636701154.562500
0.21632000000000007,0.0236,0.054,456774636701154.562500
0.21633000000000002,0.0252,0.0548,456774636701154.562500
0.2163400000000001,0.0172,0.056400000000000006,456774636701154.562500
0.21635000000000004,0.0228,0.0548,456774636701154.562500
0.2163600000000001,0.0228,0.0548,456774636701154.562500
0.21637000000000006,0.0228,0.058,456774636701154.562500
0.21638000000000002,0.0236,0.0548,456774636701154.562500
0.21639000000000008,0.022000000000000002,0.0572,456774636701154.562500
0.21640000000000004,0.022000000000000002,0.056400000000000006,456774636701154.562500
0.2164100000000001,0.0244,0.0548,456774636701154.562500
0.21642000000000006,0.0228,0.0572,456774636701154.562500
0.21643,0.022000000000000002,0.0524,456774636701154.562500
0.21644000000000008,0.0212,0.055600000000000004,456774636701154.562500
0.21645000000000003,0.0236,0.055600000000000004,456774636701154.562500
0.2164600000000001,0.0196,0.056400000000000006,456774636701154.562500
0.21647000000000005,0.022000000000000002,0.0516,456774636701154.562500
0.21648,0.0236,0.056400000000000006,456774636701154.562500
0.21649000000000007,0.0236,0.054,456774636701154.562500
0.21650000000000003,0.0236,0.0572,456774636701154.562500
0.2165100000000001,0.022000000000000002,0.053200000000000004,456774636701154.562500
0.21652000000000005,0.022000000000000002,0.056400000000000006,456774636701154.562500
0.2165300000000001,0.022000000000000002,0.056400000000000006,456774636701154.562500
0.21654000000000007,0.0228,0.055600000000000004,456774636701154.562500
0.21655000000000002,0.0228,0.056400000000000006,456774636701154.562500
0.21656000000000009,0.0244,0.058,456774636701154.562500
0.21657000000000004,0.0244,0.0548,456774636701154.562500
0.2165800000000001,0.026000000000000002,0.053200000000000004,456774636701154.562500
0.21659000000000006,0.0268,0.053200000000000004,456774636701154.562500
0.21660000000000001,0.0244,0.053200000000000004,456774636701154.562500
0.21661000000000008,0.0244,0.056400000000000006,456774636701154.562500
0.21662000000000003,0.0252,0.0572,456774636701154.562500
0.2166300000000001,0.0244,0.0548,456774636701154.562500
0.21664000000000005,0.022000000000000002,0.0516,456774636701154.562500
0.21665,0.0236,0.055600000000000004,456774636701154.562500
0.21666000000000007,0.0244,0.053200000000000004,456774636701154.562500
0.21667000000000003,0.0252,0.0492,456774636701154.562500
0.2166800000000001,0.022000000000000002,0.0548,456774636701154.562500
0.21669000000000005,0.0236,0.058,456774636701154.562500
0.2167,0.0228,0.056400000000000006,456774636701154.562500
0.21671000000000007,0.022000000000000002,0.0572,456774636701154.562500
0.21672000000000002,0.022000000000000002,0.058,456774636701154.562500
0.2167300000000001,0.0236,0.055600000000000004,456774636701154.562500
0.21674000000000004,0.0196,0.056400000000000006,456774636701154.562500
0.2167500000000001,0.0204,0.054,456774636701154.562500
0.21676000000000006,0.0212,0.0572,456774636701154.562500
0.21677000000000002,0.022000000000000002,0.056400000000000006,456774636701154.562500
0.21678000000000008,0.0236,0.0572,456774636701154.562500
0.21679000000000004,0.0244,0.0572,456774636701154.562500
0.2168000000000001,0.0212,0.053200000000000004,456774636701154.562500
0.21681000000000006,0.0236,0.053200000000000004,456774636701154.562500
0.21682,0.0236,0.055600000000000004,456774636701154.562500
0.21683000000000008,0.0244,0.0572,456774636701154.562500
0.21684000000000003,0.0212,0.055600000000000004,456774636701154.562500
0.2168500000000001,0.0228,0.055600000000000004,456774636701154.562500
0.21686000000000005,0.0244,0.058,456774636701154.562500
0.21687,0.0236,0.055600000000000004,456774636701154.562500
0.21688000000000007,0.0228,0.0516,456774636701154.562500
0.21689000000000003,0.0244,0.0516,456774636701154.562500
0.2169000000000001,0.0228,0.056400000000000006,456774636701154.562500
0.21691000000000005,0.0244,0.055600000000000004,456774636701154.562500
0.2169200000000001,0.0252,0.056400000000000006,456774636701154.562500
0.21693000000000007,0.0228,0.054,456774636701154.562500
0.21694000000000002,0.0236,0.056400000000000006,456774636701154.562500
0.2169500000000001,0.0236,0.056400000000000006,456774636701154.562500
0.21696000000000004,0.0236,0.054,456774636701154.562500
0.2169700000000001,0.0244,0.058,456774636701154.562500
0.21698000000000006,0.0236,0.0572,456774636701154.562500
0.21699000000000002,0.0228,0.058,456774636701154.562500
0.21700000000000008,0.0252,0.054,456774636701154.562500
0.21701000000000004,0.0228,0.055600000000000004,456774636701154.562500
0.2170200000000001,0.0236,0.0572,456774636701154.562500
0.21703000000000006,0.0196,0.055600000000000004,456774636701154.562500
0.21704,0.022000000000000002,0.056400000000000006,456774636701154.562500
0.21705000000000008,0.0188,0.0572,456774636701154.562500
0.21706000000000003,0.0212,0.0572,456774636701154.562500
0.2170700000000001,0.0228,0.0548,456774636701154.562500
0.21708000000000005,0.0228,0.055600000000000004,456774636701154.562500
0.21709,0.0244,0.0516,456774636701154.562500
0.21710000000000007,0.0212,0.058,456774636701154.562500
0.21711000000000003,0.0236,0.056400000000000006,456774636701154.562500
0.2171200000000001,0.0204,0.0548,456774636701154.562500
0.21713000000000005,0.0228,0.053200000000000004,456774636701154.562500
0.2171400000000001,0.0236,0.056400000000000006,456774636701154.562500
0.21715000000000007,0.0228,0.056400000000000006,456774636701154.562500
0.21716000000000002,0.0236,0.056400000000000006,456774636701154.562500
0.21717000000000009,0.0236,0.0548,456774636701154.562500
0.21718000000000004,0.0244,0.0524,456774636701154.562500
0.2171900000000001,0.0236,0.0548,456774636701154.562500
0.21720000000000006,0.0244,0.055600000000000004,456774636701154.562500
0.21721000000000001,0.0252,0.054,456774636701154.562500
0.21722000000000008,0.0244,0.056400000000000006,456774636701154.562500
0.21723000000000003,0.0228,0.056400000000000006,456774636701154.562500
0.2172400000000001,0.0236,0.0524,456774636701154.562500
0.21725000000000005,0.0252,0.0492,456774636701154.562500
0.21726,0.0244,0.0572,456774636701154.562500
0.21727000000000007,0.0228,0.0572,456774636701154.562500
0.21728000000000003,0.0236,0.0548,456774636701154.562500
0.2172900000000001,0.0236,0.0548,456774636701154.562500
0.21730000000000005,0.0236,0.055600000000000004,456774636701154.562500
0.21731000000000011,0.0236,0.042,456774636701154.562500
0.21732000000000007,0.022000000000000002,0.0548,456774636701154.562500
0.21733000000000002,0.0236,0.046,456774636701154.562500
0.2173400000000001,0.0228,0.056400000000000006,456774636701154.562500
0.21735000000000004,0.0228,0.0492,456774636701154.562500
0.2173600000000001,0.0236,0.054,456774636701154.562500
0.21737000000000006,0.022000000000000002,0.056400000000000006,456774636701154.562500
0.21738000000000002,0.0196,0.056400000000000006,456774636701154.562500
0.21739000000000008,0.022000000000000002,0.056400000000000006,456774636701154.562500
0.21740000000000004,0.022000000000000002,0.0572,456774636701154.562500
0.2174100000000001,0.0228,0.056400000000000006,456774636701154.562500
0.21742000000000006,0.0228,0.055600000000000004,456774636701154.562500
0.21743,0.022000000000000002,0.056400000000000006,456774636701154.562500
0.21744000000000008,0.0228,0.054,456774636701154.562500
0.21745000000000003,0.0228,0.054,456774636701154.562500
0.2174600000000001,0.0244,0.0524,456774636701154.562500
0.21747000000000005,0.0236,0.056400000000000006,456774636701154.562500
0.21748,0.0244,0.0572,456774636701154.562500
0.21749000000000007,0.0212,0.058,456774636701154.562500
0.21750000000000003,0.0212,0.058,456774636701154.562500
0.2175100000000001,0.022000000000000002,0.0572,456774636701154.562500
0.21752000000000005,0.026000000000000002,0.0572,456774636701154.562500
0.2175300000000001,0.0244,0.055600000000000004,456774636701154.562500
0.21754000000000007,0.0236,0.0572,456774636701154.562500
0.21755000000000002,0.0236,0.055600000000000004,456774636701154.562500
0.2175600000000001,0.022000000000000002,0.055600000000000004,456774636701154.562500
0.21757000000000004,0.0212,0.0572,456774636701154.562500
0.2175800000000001,0.0244,0.0572,456774636701154.562500
0.21759000000000006,0.0236,0.0572,456774636701154.562500
0.21760000000000002,0.0236,0.053200000000000004,456774636701154.562500
0.21761000000000008,0.0236,0.055600000000000004,456774636701154.562500
0.21762000000000004,0.0228,0.0548,456774636701154.562500
0.2176300000000001,0.022000000000000002,0.053200000000000004,456774636701154.562500
0.21764000000000006,0.0228,0.056400000000000006,456774636701154.562500
0.21765,0.0228,0.055600000000000004,456774636701154.562500
0.21766000000000008,0.0236,0.050800000000000005,456774636701154.562500
0.21767000000000003,0.0204,0.056400000000000006,456774636701154.562500
0.2176800000000001,0.0204,0.055600000000000004,456774636701154.562500
0.21769000000000005,0.0228,0.0572,456774636701154.562500
0.2177,0.0236,0.053200000000000004,456774636701154.562500
0.21771000000000007,0.0236,0.058,456774636701154.562500
0.21772000000000002,0.022000000000000002,0.0572,456774636701154.562500
0.2177300000000001,0.0236,0.055600000000000004,456774636701154.562500
0.21774000000000004,0.0244,0.056400000000000006,456774636701154.562500
0.2177500000000001,0.022000000000000002,0.055600000000000004,456774636701154.562500
0.21776000000000006,0.0252,0.056400000000000006,456774636701154.562500
0.21777000000000002,0.0236,0.055600000000000004,456774636701154.562500
0.21778000000000008,0.0244,0.056400000000000006,456774636701154.562500
0.21779000000000004,0.0244,0.055600000000000004,456774636701154.562500
0.2178000000000001,0.0236,0.055600000000000004,456774636701154.562500
0.21781000000000006,0.0244,0.056400000000000006,456774636701154.562500
0.21782,0.026000000000000002,0.055600000000000004,456774636701154.562500
0.21783000000000008,0.0228,0.0548,456774636701154.562500
0.21784000000000003,0.0236,0.056400000000000006,456774636701154.562500
0.2178500000000001,0.0252,0.0524,456774636701154.562500
0.21786000000000005,0.0236,0.0548,456774636701154.562500
0.21787,0.022000000000000002,0.056400000000000006,456774636701154.562500
0.21788000000000007,0.0252,0.058,456774636701154.562500
0.21789000000000003,0.0236,0.0572,456774636701154.562500
0.2179000000000001,0.0236,0.0548,456774636701154.562500
0.21791000000000005,0.0228,0.0548,456774636701154.562500
0.2179200000000001,0.0228,0.055600000000000004,456774636701154.562500
0.21793000000000007,0.0228,0.055600000000000004,456774636701154.562500
0.21794000000000002,0.0228,0.056400000000000006,456774636701154.562500
0.2179500000000001,0.0228,0.053200000000000004,456774636701154.562500
0.21796000000000004,0.0228,0.053200000000000004,456774636701154.562500
0.2179700000000001,0.0228,0.0548,456774636701154.562500
0.21798000000000006,0.0236,0.055600000000000004,456774636701154.562500
0.21799000000000002,0.0212,0.0572,456774636701154.562500
0.21800000000000008,0.0228,0.0476,456774636701154.562500
0.21801000000000004,0.0236,0.046,456774636701154.562500
0.2180200000000001,0.0228,0.050800000000000005,456774636701154.562500
0.21803000000000006,0.0228,0.0548,456774636701154.562500
0.21804,0.0236,0.055600000000000004,456774636701154.562500
0.21805000000000008,0.0236,0.053200000000000004,456774636701154.562500
0.21806000000000003,0.0252,0.056400000000000006,456774636701154.562500
0.2180700000000001,0.0236,0.055600000000000004,456774636701154.562500
0.21808000000000005,0.0244,0.054,456774636701154.562500
0.21809,0.0236,0.056400000000000006,456774636701154.562500
0.21810000000000007,0.0236,0.053200000000000004,456774636701154.562500
0.21811000000000003,0.0252,0.056400000000000006,456774636701154.562500
0.2181200000000001,0.0252,0.056400000000000006,456774636701154.562500
0.21813000000000005,0.0236,0.055600000000000004,456774636701154.562500
0.2181400000000001,0.0236,0.056400000000000006,456774636701154.562500
0.21815000000000007,0.0236,0.055600000000000004,456774636701154.562500
0.21816000000000002,0.0244,0.056400000000000006,456774636701154.562500
0.21817000000000009,0.026000000000000002,0.0548,456774636701154.562500
0.21818000000000004,0.0236,0.055600000000000004,456774636701154.562500
0.2181900000000001,0.0236,0.058,456774636701154.562500
0.21820000000000006,0.0244,0.0572,456774636701154.562500
0.21821000000000002,0.0244,0.058,456774636701154.562500
0.21822000000000008,0.0212,0.055600000000000004,456774636701154.562500
0.21823000000000004,0.022000000000000002,0.056400000000000006,456774636701154.562500
0.2182400000000001,0.0236,0.055600000000000004,456774636701154.562500
0.21825000000000006,0.0244,0.055600000000000004,456774636701154.562500
0.21826,0.022000000000000002,0.0572,456774636701154.562500
0.21827000000000008,0.022000000000000002,0.054,456774636701154.562500
0.21828000000000003,0.022000000000000002,0.058,456774636701154.562500
0.2182900000000001,0.022000000000000002,0.055600000000000004,456774636701154.562500
0.21830000000000005,0.0228,0.0572,456774636701154.562500
0.21831,0.0236,0.0548,456774636701154.562500
0.21832000000000007,0.0228,0.0572,456774636701154.562500
0.21833000000000002,0.0228,0.056400000000000006,456774636701154.562500
0.2183400000000001,0.0236,0.0516,456774636701154.562500
0.21835000000000004,0.0236,0.046,456774636701154.562500
0.2183600000000001,0.0244,0.050800000000000005,456774636701154.562500
0.21837000000000006,0.0236,0.055600000000000004,456774636701154.562500
0.21838000000000002,0.0228,0.0572,456774636701154.562500
0.21839000000000008,0.0244,0.0572,456774636701154.562500
0.21840000000000004,0.0252,0.053200000000000004,456774636701154.562500
0.2184100000000001,0.0228,0.054,456774636701154.562500
0.21842000000000006,0.0236,0.0476,456774636701154.562500
0.21843,0.0228,0.050800000000000005,456774636701154.562500
0.21844000000000008,0.0196,0.0356,456774636701154.562500
0.21845000000000003,0.0188,0.050800000000000005,456774636701154.562500
0.2184600000000001,0.022000000000000002,0.05,456774636701154.562500
0.21847000000000005,0.0236,0.045200000000000004,456774636701154.562500
0.21848,0.022000000000000002,0.05,456774636701154.562500
0.21849000000000007,0.0244,0.0572,456774636701154.562500
0.21850000000000003,0.0236,0.05,456774636701154.562500
0.2185100000000001,0.0196,0.045200000000000004,456774636701154.562500
0.21852000000000005,0.0188,0.0548,456774636701154.562500
0.2185300000000001,0.0228,0.0524,456774636701154.562500
0.21854000000000007,0.022000000000000002,0.055600000000000004,456774636701154.562500
0.21855000000000002,0.0236,0.0572,456774636701154.562500
0.2185600000000001,0.0244,0.055600000000000004,456774636701154.562500
0.21857000000000004,0.0228,0.056400000000000006,456774636701154.562500
0.2185800000000001,0.0236,0.054,456774636701154.562500
0.21859000000000006,0.0228,0.050800000000000005,456774636701154.562500
0.21860000000000002,0.0228,0.055600000000000004,456774636701154.562500
0.21861000000000008,0.0228,0.0548,456774636701154.562500
0.21862000000000004,0.022000000000000002,0.054,456774636701154.562500
0.2186300000000001,0.0236,0.056400000000000006,456774636701154.562500
0.21864000000000006,0.0228,0.048400000000000006,456774636701154.562500
0.21865,0.0236,0.0516,456774636701154.562500
0.21866000000000008,0.0244,0.054,456774636701154.562500
0.21867000000000003,0.022000000000000002,0.058,456774636701154.562500
0.2186800000000001,0.0236,0.053200000000000004,456774636701154.562500
0.21869000000000005,0.0252,0.056400000000000006,456774636701154.562500
0.2187,0.0252,0.055600000000000004,456774636701154.562500
0.21871000000000007,0.0236,0.055600000000000004,456774636701154.562500
0.21872000000000003,0.0236,0.055600000000000004,456774636701154.562500
0.2187300000000001,0.0252,0.054,456774636701154.562500
0.21874000000000005,0.0252,0.0572,456774636701154.562500
0.2187500000000001,0.0252,0.055600000000000004,456774636701154.562500
0.21876000000000007,0.0244,0.058,456774636701154.562500
0.21877000000000002,0.0236,0.056400000000000006,456774636701154.562500
0.21878000000000009,0.0244,0.055600000000000004,456774636701154.562500
0.21879000000000004,0.0228,0.0516,456774636701154.562500
0.2188000000000001,0.0236,0.0548,456774636701154.562500
0.21881000000000006,0.0228,0.0548,456774636701154.562500
0.21882000000000001,0.0196,0.0572,456774636701154.562500
0.21883000000000008,0.022000000000000002,0.0572,456774636701154.562500
0.21884000000000003,0.0204,0.056400000000000006,456774636701154.562500
0.2188500000000001,0.022000000000000002,0.056400000000000006,456774636701154.562500
0.21886000000000005,0.022000000000000002,0.0572,456774636701154.562500
0.21887,0.022000000000000002,0.0572,456774636701154.562500
0.21888000000000007,0.0204,0.0572,456774636701154.562500
0.21889000000000003,0.018000000000000002,0.0572,456774636701154.562500
0.2189000000000001,0.0228,0.056400000000000006,456774636701154.562500
0.21891000000000005,0.0228,0.055600000000000004,456774636701154.562500
0.21892,0.0228,0.056400000000000006,456774636701154.562500
0.21893000000000007,0.0212,0.056400000000000006,456774636701154.562500
0.21894000000000002,0.0228,0.056400000000000006,456774636701154.562500
0.2189500000000001,0.022000000000000002,0.056400000000000006,456774636701154.562500
0.21896000000000004,0.0236,0.056400000000000006,456774636701154.562500
0.2189700000000001,0.0228,0.056400000000000006,456774636701154.562500
0.21898000000000006,0.0236,0.054,456774636701154.562500
0.21899000000000002,0.022000000000000002,0.055600000000000004,456774636701154.562500
0.21900000000000008,0.0204,0.054,456774636701154.562500
0.21901000000000004,0.018000000000000002,0.054,456774636701154.562500
0.2190200000000001,0.0228,0.056400000000000006,456774636701154.562500
0.21903000000000006,0.0252,0.056400000000000006,456774636701154.562500
0.21904,0.0228,0.055600000000000004,456774636701154.562500
0.21905000000000008,0.0244,0.058800000000000005,456774636701154.562500
0.21906000000000003,0.0244,0.058,456774636701154.562500
0.2190700000000001,0.0236,0.056400000000000006,456774636701154.562500
0.21908000000000005,0.022000000000000002,0.058,456774636701154.562500
0.21909,0.0236,0.056400000000000006,456774636701154.562500
0.21910000000000007,0.0236,0.0572,456774636701154.562500
0.21911000000000003,0.026000000000000002,0.056400000000000006,456774636701154.562500
0.2191200000000001,0.0228,0.056400000000000006,456774636701154.562500
0.21913000000000005,0.0244,0.055600000000000004,456774636701154.562500
0.2191400000000001,0.0228,0.055600000000000004,456774636701154.562500
0.21915000000000007,0.022000000000000002,0.055600000000000004,456774636701154.562500
0.21916000000000002,0.0204,0.056400000000000006,456774636701154.562500
0.2191700000000001,0.0212,0.0548,456774636701154.562500
0.21918000000000004,0.0228,0.055600000000000004,456774636701154.562500
0.2191900000000001,0.0228,0.054,456774636701154.562500
0.21920000000000006,0.0228,0.053200000000000004,456774636701154.562500
0.21921000000000002,0.0228,0.056400000000000006,456774636701154.562500
0.21922000000000008,0.0236,0.0572,456774636701154.562500
0.21923000000000004,0.0236,0.0572,456774636701154.562500
0.2192400000000001,0.022000000000000002,0.050800000000000005,456774636701154.562500
0.21925000000000006,0.022000000000000002,0.0548,456774636701154.562500
0.21926,0.0204,0.0444,456774636701154.562500
0.21927000000000008,0.0204,0.0476,456774636701154.562500
0.21928000000000003,0.0196,0.042800000000000005,456774636701154.562500
0.2192900000000001,0.018000000000000002,0.0436,456774636701154.562500
0.21930000000000005,0.0236,0.045200000000000004,456774636701154.562500
0.21931,0.0244,0.0492,456774636701154.562500
0.21932000000000007,0.0228,0.0572,456774636701154.562500
0.21933000000000002,0.0236,0.055600000000000004,456774636701154.562500
0.2193400000000001,0.0268,0.0572,456774636701154.562500
0.21935000000000004,0.0244,0.055600000000000004,456774636701154.562500
0.2193600000000001,0.0228,0.055600000000000004,456774636701154.562500
0.21937000000000006,0.0252,0.058,456774636701154.562500
0.21938000000000002,0.022000000000000002,0.0572,456774636701154.562500
0.21939000000000008,0.0228,0.058,456774636701154.562500
0.21940000000000004,0.0204,0.050800000000000005,456774636701154.562500
0.2194100000000001,0.0244,0.058,456774636701154.562500
0.21942000000000006,0.0228,0.055600000000000004,456774636701154.562500
0.21943000000000001,0.0236,0.053200000000000004,456774636701154.562500
0.21944000000000008,0.022000000000000002,0.055600000000000004,456774636701154.562500
0.21945000000000003,0.0236,0.0572,456774636701154.562500
0.2194600000000001,0.022000000000000002,0.056400000000000006,456774636701154.562500
0.21947000000000005,0.0228,0.055600000000000004,456774636701154.562500
0.21948,0.0236,0.0524,456774636701154.562500
0.21949000000000007,0.0212,0.0572,456774636701154.562500
0.21950000000000003,0.0228,0.048400000000000006,456774636701154.562500
0.2195100000000001,0.022000000000000002,0.0492,456774636701154.562500
0.21952000000000005,0.0228,0.050800000000000005,456774636701154.562500
0.21953000000000011,0.022000000000000002,0.0524,456774636701154.562500
0.21954000000000007,0.0236,0.0492,456774636701154.562500
0.21955000000000002,0.0236,0.053200000000000004,456774636701154.562500
0.2195600000000001,0.0252,0.056400000000000006,456774636701154.562500
0.21957000000000004,0.0228,0.056400000000000006,456774636701154.562500
0.2195800000000001,0.022000000000000002,0.042,456774636701154.562500
0.21959000000000006,0.0236,0.056400000000000006,456774636701154.562500
0.21960000000000002,0.026000000000000002,0.048400000000000006,456774636701154.562500
0.21961000000000008,0.0236,0.055600000000000004,456774636701154.562500
0.21962000000000004,0.0252,0.055600000000000004,456774636701154.562500
0.2196300000000001,0.0236,0.055600000000000004,456774636701154.562500
0.21964000000000006,0.0236,0.0548,456774636701154.562500
0.21965,0.0244,0.053200000000000004,456774636701154.562500
0.21966000000000008,0.0244,0.056400000000000006,456774636701154.562500
0.21967000000000003,0.0228,0.056400000000000006,456774636701154.562500
0.2196800000000001,0.0236,0.056400000000000006,456774636701154.562500
0.21969000000000005,0.0244,0.054,456774636701154.562500
0.2197,0.022000000000000002,0.0468,456774636701154.562500
0.21971000000000007,0.0228,0.042800000000000005,456774636701154.562500
0.21972000000000003,0.0228,0.050800000000000005,456774636701154.562500
0.2197300000000001,0.0236,0.042,456774636701154.562500
0.21974000000000005,0.0228,0.055600000000000004,456774636701154.562500
0.2197500000000001,0.0204,0.0524,456774636701154.562500
0.21976000000000007,0.0212,0.0548,456774636701154.562500
0.21977000000000002,0.0244,0.0492,456774636701154.562500
0.2197800000000001,0.022000000000000002,0.054,456774636701154.562500
0.21979000000000004,0.0196,0.055600000000000004,456774636701154.562500
0.2198000000000001,0.0212,0.056400000000000006,456774636701154.562500
0.21981000000000006,0.0204,0.056400000000000006,456774636701154.562500
0.21982000000000002,0.018000000000000002,0.050800000000000005,456774636701154.562500
0.21983000000000008,0.0228,0.055600000000000004,456774636701154.562500
0.21984000000000004,0.0204,0.0436,456774636701154.562500
0.2198500000000001,0.0236,0.050800000000000005,456774636701154.562500
0.21986000000000006,0.0236,0.053200000000000004,456774636701154.562500
0.21987,0.0228,0.0572,456774636701154.562500
0.21988000000000008,0.0196,0.0492,456774636701154.562500
0.21989000000000003,0.0212,0.053200000000000004,456774636701154.562500
0.2199000000000001,0.0228,0.055600000000000004,456774636701154.562500
0.21991000000000005,0.0212,0.055600000000000004,456774636701154.562500
0.21992,0.0164,0.056400000000000006,456774636701154.562500
0.21993000000000007,0.0148,0.055600000000000004,456774636701154.562500
0.21994000000000002,0.014,0.0572,456774636701154.562500
0.2199500000000001,0.0212,0.0548,456774636701154.562500
0.21996000000000004,0.0236,0.053200000000000004,456774636701154.562500
0.2199700000000001,0.022000000000000002,0.0548,456774636701154.562500
0.21998000000000006,0.0228,0.0548,456774636701154.562500
0.21999000000000002,0.0236,0.05,456774636701154.562500
0.22000000000000008,0.0204,0.055600000000000004,456774636701154.562500
0.22001000000000004,0.0204,0.0524,456774636701154.562500
0.2200200000000001,0.0212,0.0524,456774636701154.562500
0.22003000000000006,0.0212,0.054,456774636701154.562500
0.22004,0.018000000000000002,0.0524,456774636701154.562500
0.22005000000000008,0.0196,0.055600000000000004,456774636701154.562500
0.22006000000000003,0.0212,0.055600000000000004,456774636701154.562500
0.2200700000000001,0.0204,0.055600000000000004,456774636701154.562500
0.22008000000000005,0.022000000000000002,0.054,456774636701154.562500
0.22009,0.0228,0.0548,456774636701154.562500
0.22010000000000007,0.022000000000000002,0.053200000000000004,456774636701154.562500
0.22011000000000003,0.0228,0.054,456774636701154.562500
0.2201200000000001,0.0204,0.05,456774636701154.562500
0.22013000000000005,0.022000000000000002,0.0492,456774636701154.562500
0.2201400000000001,0.0236,0.0516,456774636701154.562500
0.22015000000000007,0.0212,0.0524,456774636701154.562500
0.22016000000000002,0.022000000000000002,0.0548,456774636701154.562500
0.2201700000000001,0.0228,0.0476,456774636701154.562500
0.22018000000000004,0.0236,0.05,456774636701154.562500
0.2201900000000001,0.0236,0.0468,456774636701154.562500
0.22020000000000006,0.0228,0.058,456774636701154.562500
0.22021000000000002,0.0236,0.055600000000000004,456774636701154.562500
0.22022000000000008,0.0204,0.0572,456774636701154.562500
0.22023000000000004,0.0228,0.056400000000000006,456774636701154.562500
0.2202400000000001,0.0228,0.058,456774636701154.562500
0.22025000000000006,0.0236,0.056400000000000006,456774636701154.562500
0.22026,0.0244,0.056400000000000006,456774636701154.562500
0.22027000000000008,0.0244,0.056400000000000006,456774636701154.562500
0.22028000000000003,0.0236,0.056400000000000006,456774636701154.562500
0.2202900000000001,0.0244,0.0572,456774636701154.562500
0.22030000000000005,0.0236,0.056400000000000006,456774636701154.562500
0.22031,0.022000000000000002,0.0516,456774636701154.562500
0.22032000000000007,0.0204,0.0548,456774636701154.562500
0.22033000000000003,0.0244,0.056400000000000006,456774636701154.562500
0.2203400000000001,0.0228,0.055600000000000004,456774636701154.562500
0.22035000000000005,0.0236,0.0548,456774636701154.562500
0.2203600000000001,0.022000000000000002,0.0548,456774636701154.562500
0.22037000000000007,0.022000000000000002,0.055600000000000004,456774636701154.562500
0.22038000000000002,0.022000000000000002,0.055600000000000004,456774636701154.562500
0.22039000000000009,0.0212,0.056400000000000006,456774636701154.562500
0.22040000000000004,0.0196,0.0572,456774636701154.562500
0.2204100000000001,0.0212,0.055600000000000004,456774636701154.562500
0.22042000000000006,0.0204,0.055600000000000004,456774636701154.562500
0.22043000000000001,0.0204,0.056400000000000006,456774636701154.562500
0.22044000000000008,0.022000000000000002,0.055600000000000004,456774636701154.562500
0.22045000000000003,0.0204,0.056400000000000006,456774636701154.562500
0.2204600000000001,0.0228,0.050800000000000005,456774636701154.562500
0.22047000000000005,0.022000000000000002,0.055600000000000004,456774636701154.562500
0.22048,0.0228,0.0548,456774636701154.562500
0.22049000000000007,0.0188,0.056400000000000006,456774636701154.562500
0.22050000000000003,0.0212,0.0572,456774636701154.562500
0.2205100000000001,0.0212,0.05,456774636701154.562500
0.22052000000000005,0.0204,0.0492,456774636701154.562500
0.22053,0.0188,0.0548,456774636701154.562500
0.22054000000000007,0.022000000000000002,0.055600000000000004,456774636701154.562500
0.22055000000000002,0.018000000000000002,0.0548,456774636701154.562500
0.2205600000000001,0.0236,0.054,456774636701154.562500
0.22057000000000004,0.0244,0.054,456774636701154.562500
0.2205800000000001,0.0244,0.0492,456774636701154.562500
0.22059000000000006,0.0244,0.054,456774636701154.562500
0.22060000000000002,0.022000000000000002,0.055600000000000004,456774636701154.562500
0.22061000000000008,0.0236,0.058,456774636701154.562500
0.22062000000000004,0.0236,0.054,456774636701154.562500
0.2206300000000001,0.022000000000000002,0.055600000000000004,456774636701154.562500
0.22064000000000006,0.0236,0.0572,456774636701154.562500
0.22065,0.0228,0.055600000000000004,456774636701154.562500
0.22066000000000008,0.0236,0.0572,456774636701154.562500
0.22067000000000003,0.0204,0.056400000000000006,456774636701154.562500
0.2206800000000001,0.022000000000000002,0.055600000000000004,456774636701154.562500
0.22069000000000005,0.022000000000000002,0.0572,456774636701154.562500
0.2207,0.0204,0.056400000000000006,456774636701154.562500
0.22071000000000007,0.0228,0.0572,456774636701154.562500
0.22072000000000003,0.0236,0.058,456774636701154.562500
0.2207300000000001,0.0228,0.056400000000000006,456774636701154.562500
0.22074000000000005,0.022000000000000002,0.055600000000000004,456774636701154.562500
0.2207500000000001,0.0212,0.055600000000000004,456774636701154.562500
0.22076000000000007,0.0204,0.055600000000000004,456774636701154.562500
0.22077000000000002,0.0212,0.056400000000000006,456774636701154.562500
0.2207800000000001,0.0172,0.056400000000000006,456774636701154.562500
0.22079000000000004,0.0196,0.056400000000000006,456774636701154.562500
0.2208000000000001,0.0228,0.056400000000000006,456774636701154.562500
0.22081000000000006,0.0236,0.0572,456774636701154.562500
0.22082000000000002,0.0228,0.0572,456774636701154.562500
0.22083000000000008,0.0244,0.05,456774636701154.562500
0.22084000000000004,0.0244,0.056400000000000006,456774636701154.562500
0.2208500000000001,0.0268,0.0572,456774636701154.562500
0.22086000000000006,0.0228,0.055600000000000004,456774636701154.562500
0.22087,0.0236,0.055600000000000004,456774636701154.562500
0.22088000000000008,0.0236,0.053200000000000004,456774636701154.562500
0.22089000000000003,0.0244,0.055600000000000004,456774636701154.562500
0.2209000000000001,0.0236,0.055600000000000004,456774636701154.562500
0.22091000000000005,0.0252,0.056400000000000006,456774636701154.562500
0.22092,0.0236,0.0548,456774636701154.562500
0.22093000000000007,0.0188,0.053200000000000004,456774636701154.562500
0.22094000000000003,0.022000000000000002,0.0572,456774636701154.562500
0.2209500000000001,0.0148,0.0476,456774636701154.562500
0.22096000000000005,0.0236,0.056400000000000006,456774636701154.562500
0.2209700000000001,0.022000000000000002,0.045200000000000004,456774636701154.562500
0.22098000000000007,0.0196,0.0548,456774636701154.562500
0.22099000000000002,0.0188,0.0524,456774636701154.562500
0.22100000000000009,0.0204,0.0572,456774636701154.562500
0.22101000000000004,0.0212,0.055600000000000004,456774636701154.562500
0.2210200000000001,0.022000000000000002,0.055600000000000004,456774636701154.562500
0.22103000000000006,0.0228,0.055600000000000004,456774636701154.562500
0.22104000000000001,0.0148,0.0524,456774636701154.562500
0.22105000000000008,0.0196,0.056400000000000006,456774636701154.562500
0.22106000000000003,0.018000000000000002,0.0492,456774636701154.562500
0.2210700000000001,0.022000000000000002,0.056400000000000006,456774636701154.562500
0.22108000000000005,0.022000000000000002,0.054,456774636701154.562500
0.22109,0.022000000000000002,0.056400000000000006,456774636701154.562500
0.22110000000000007,0.0236,0.055600000000000004,456774636701154.562500
0.22111000000000003,0.0212,0.055600000000000004,456774636701154.562500
0.2211200000000001,0.0228,0.056400000000000006,456774636701154.562500
0.22113000000000005,0.0228,0.0548,456774636701154.562500
0.22114000000000011,0.0236,0.055600000000000004,456774636701154.562500
0.22115000000000007,0.0236,0.0548,456774636701154.562500
0.22116000000000002,0.026000000000000002,0.055600000000000004,456774636701154.562500
0.2211700000000001,0.0212,0.0548,456774636701154.562500
0.22118000000000004,0.0196,0.056400000000000006,456774636701154.562500
0.2211900000000001,0.0172,0.054,456774636701154.562500
0.22120000000000006,0.0244,0.0548,456774636701154.562500
0.22121000000000002,0.0244,0.056400000000000006,456774636701154.562500
0.22122000000000008,0.0252,0.055600000000000004,456774636701154.562500
0.22123000000000004,0.0228,0.0548,456774636701154.562500
0.2212400000000001,0.0252,0.0572,456774636701154.562500
0.22125000000000006,0.0228,0.0548,456774636701154.562500
0.22126,0.022000000000000002,0.053200000000000004,456774636701154.562500
0.22127000000000008,0.0228,0.0524,456774636701154.562500
0.22128000000000003,0.022000000000000002,0.054,456774636701154.562500
0.2212900000000001,0.0228,0.046,456774636701154.562500
0.22130000000000005,0.022000000000000002,0.046,456774636701154.562500
0.22131,0.022000000000000002,0.0476,456774636701154.562500
0.22132000000000007,0.0228,0.055600000000000004,456774636701154.562500
0.22133000000000003,0.0204,0.056400000000000006,456774636701154.562500
0.2213400000000001,0.022000000000000002,0.0548,456774636701154.562500
0.22135000000000005,0.0188,0.054,456774636701154.562500
0.2213600000000001,0.0228,0.0516,456774636701154.562500
0.22137000000000007,0.0204,0.050800000000000005,456774636701154.562500
0.22138000000000002,0.0236,0.0476,456774636701154.562500
0.2213900000000001,0.0228,0.0516,456774636701154.562500
0.22140000000000004,0.0236,0.058,456774636701154.562500
0.2214100000000001,0.0236,0.055600000000000004,456774636701154.562500
0.22142000000000006,0.022000000000000002,0.0572,456774636701154.562500
0.22143000000000002,0.0236,0.0548,456774636701154.562500
0.22144000000000008,0.0228,0.055600000000000004,456774636701154.562500
0.22145000000000004,0.0236,0.058,456774636701154.562500
0.2214600000000001,0.0244,0.056400000000000006,456774636701154.562500
0.22147000000000006,0.0252,0.054,456774636701154.562500
0.22148,0.026000000000000002,0.0492,456774636701154.562500
0.22149000000000008,0.0244,0.0524,456774636701154.562500
0.22150000000000003,0.0244,0.048400000000000006,456774636701154.562500
0.2215100000000001,0.0252,0.055600000000000004,456774636701154.562500
0.22152000000000005,0.0236,0.0548,456774636701154.562500
0.22153,0.0252,0.054,456774636701154.562500
0.22154000000000007,0.0244,0.05,456774636701154.562500
0.22155000000000002,0.0228,0.05,456774636701154.562500
0.2215600000000001,0.022000000000000002,0.0468,456774636701154.562500
0.22157000000000004,0.0228,0.0492,456774636701154.562500
0.2215800000000001,0.0228,0.0468,456774636701154.562500
0.22159000000000006,0.0236,0.055600000000000004,456774636701154.562500
0.22160000000000002,0.0212,0.0572,456774636701154.562500
0.22161000000000008,0.0228,0.056400000000000006,456774636701154.562500
0.22162000000000004,0.0212,0.055600000000000004,456774636701154.562500
0.2216300000000001,0.022000000000000002,0.055600000000000004,456774636701154.562500
0.22164000000000006,0.0228,0.0524,456774636701154.562500
0.22165,0.0212,0.053200000000000004,456774636701154.562500
0.22166000000000008,0.0196,0.0572,456774636701154.562500
0.22167000000000003,0.022000000000000002,0.0548,456774636701154.562500
0.2216800000000001,0.022000000000000002,0.055600000000000004,456774636701154.562500
0.22169000000000005,0.0236,0.0572,456774636701154.562500
0.2217,0.0172,0.054,456774636701154.562500
0.22171000000000007,0.0212,0.054,456774636701154.562500
0.22172000000000003,0.0196,0.056400000000000006,456774636701154.562500
0.2217300000000001,0.0196,0.055600000000000004,456774636701154.562500
0.22174000000000005,0.018000000000000002,0.055600000000000004,456774636701154.562500
0.2217500000000001,0.0236,0.055600000000000004,456774636701154.562500
0.22176000000000007,0.0228,0.0492,456774636701154.562500
0.22177000000000002,0.0228,0.05,456774636701154.562500
0.2217800000000001,0.0236,0.0572,456774636701154.562500
0.22179000000000004,0.0196,0.056400000000000006,456774636701154.562500
0.2218000000000001,0.022000000000000002,0.054,456774636701154.562500
0.22181000000000006,0.0212,0.054,456774636701154.562500
0.22182000000000002,0.0236,0.056400000000000006,456774636701154.562500
0.22183000000000008,0.0228,0.042800000000000005,456774636701154.562500
0.22184000000000004,0.0228,0.056400000000000006,456774636701154.562500
0.2218500000000001,0.0236,0.058,456774636701154.562500
0.22186000000000006,0.0212,0.054,456774636701154.562500
0.22187,0.0236,0.0476,456774636701154.562500
0.22188000000000008,0.0228,0.0572,456774636701154.562500
0.22189000000000003,0.022000000000000002,0.056400000000000006,456774636701154.562500
0.2219000000000001,0.022000000000000002,0.055600000000000004,456774636701154.562500
0.22191000000000005,0.022000000000000002,0.056400000000000006,456774636701154.562500
0.22192,0.022000000000000002,0.0548,456774636701154.562500
0.22193000000000007,0.022000000000000002,0.058,456774636701154.562500
0.22194000000000003,0.0204,0.0476,456774636701154.562500
0.2219500000000001,0.0204,0.056400000000000006,456774636701154.562500
0.22196000000000005,0.0212,0.0572,456774636701154.562500
0.2219700000000001,0.0196,0.0572,456774636701154.562500
0.22198000000000007,0.0212,0.055600000000000004,456774636701154.562500
0.22199000000000002,0.022000000000000002,0.056400000000000006,456774636701154.562500
0.2220000000000001,0.0172,0.055600000000000004,456774636701154.562500
0.22201000000000004,0.0188,0.0516,456774636701154.562500
0.2220200000000001,0.0196,0.0516,456774636701154.562500
0.22203000000000006,0.0228,0.0572,456774636701154.562500
0.22204000000000002,0.0196,0.0572,456774636701154.562500
0.22205000000000008,0.0244,0.0548,456774636701154.562500
0.22206000000000004,0.0228,0.0548,456774636701154.562500
0.2220700000000001,0.0244,0.054,456774636701154.562500
0.22208000000000006,0.0244,0.056400000000000006,456774636701154.562500
0.22209,0.0228,0.0516,456774636701154.562500
0.22210000000000008,0.0236,0.055600000000000004,456774636701154.562500
0.22211000000000003,0.0244,0.0524,456774636701154.562500
0.2221200000000001,0.026000000000000002,0.055600000000000004,456774636701154.562500
0.22213000000000005,0.0236,0.056400000000000006,456774636701154.562500
0.22214,0.0228,0.0548,456774636701154.562500
0.22215000000000007,0.0236,0.054,456774636701154.562500
0.22216000000000002,0.0236,0.0516,456774636701154.562500
0.2221700000000001,0.0228,0.0572,456774636701154.562500
0.22218000000000004,0.022000000000000002,0.056400000000000006,456774636701154.562500
0.2221900000000001,0.0236,0.0572,456774636701154.562500
0.22220000000000006,0.0188,0.054,456774636701154.562500
0.22221000000000002,0.0244,0.058,456774636701154.562500
0.22222000000000008,0.022000000000000002,0.053200000000000004,456774636701154.562500
0.22223000000000004,0.0204,0.056400000000000006,456774636701154.562500
0.2222400000000001,0.022000000000000002,0.0476,456774636701154.562500
0.22225000000000006,0.0204,0.050800000000000005,456774636701154.562500
0.22226,0.0228,0.054,456774636701154.562500
0.22227000000000008,0.0228,0.056400000000000006,456774636701154.562500
0.22228000000000003,0.022000000000000002,0.0492,456774636701154.562500
0.2222900000000001,0.022000000000000002,0.056400000000000006,456774636701154.562500
0.22230000000000005,0.0228,0.056400000000000006,456774636701154.562500
0.22231,0.0228,0.0572,456774636701154.562500
0.22232000000000007,0.022000000000000002,0.055600000000000004,456774636701154.562500
0.22233000000000003,0.0236,0.056400000000000006,456774636701154.562500
0.2223400000000001,0.022000000000000002,0.05,456774636701154.562500
0.22235000000000005,0.0244,0.054,456774636701154.562500
0.2223600000000001,0.0244,0.056400000000000006,456774636701154.562500
0.22237000000000007,0.0236,0.0476,456774636701154.562500
0.22238000000000002,0.0252,0.0548,456774636701154.562500
0.2223900000000001,0.0252,0.050800000000000005,456774636701154.562500
0.22240000000000004,0.0244,0.053200000000000004,456774636701154.562500
0.2224100000000001,0.0244,0.0516,456774636701154.562500
0.22242000000000006,0.0236,0.053200000000000004,456774636701154.562500
0.22243000000000002,0.026000000000000002,0.055600000000000004,456774636701154.562500
0.22244000000000008,0.0244,0.056400000000000006,456774636701154.562500
0.22245000000000004,0.0236,0.053200000000000004,456774636701154.562500
0.2224600000000001,0.0236,0.056400000000000006,456774636701154.562500
0.22247000000000006,0.0236,0.054,456774636701154.562500
0.22248,0.0228,0.056400000000000006,456774636701154.562500
0.22249000000000008,0.0212,0.0572,456774636701154.562500
0.22250000000000003,0.0236,0.055600000000000004,456774636701154.562500
0.2225100000000001,0.0172,0.058,456774636701154.562500
0.22252000000000005,0.0228,0.056400000000000006,456774636701154.562500
0.22253,0.0204,0.0572,456774636701154.562500
0.22254000000000007,0.0212,0.053200000000000004,456774636701154.562500
0.22255000000000003,0.018000000000000002,0.0572,456774636701154.562500
0.2225600000000001,0.0212,0.053200000000000004,456774636701154.562500
0.22257000000000005,0.022000000000000002,0.055600000000000004,456774636701154.562500
0.2225800000000001,0.0228,0.055600000000000004,456774636701154.562500
0.22259000000000007,0.022000000000000002,0.054,456774636701154.562500
0.22260000000000002,0.0196,0.0572,456774636701154.562500
0.22261000000000009,0.0228,0.053200000000000004,456774636701154.562500
0.22262000000000004,0.0204,0.055600000000000004,456774636701154.562500
0.2226300000000001,0.0228,0.053200000000000004,456774636701154.562500
0.22264000000000006,0.022000000000000002,0.056400000000000006,456774636701154.562500
0.22265000000000001,0.0236,0.054,456774636701154.562500
0.22266000000000008,0.0164,0.056400000000000006,456774636701154.562500
0.22267000000000003,0.022000000000000002,0.0492,456774636701154.562500
0.2226800000000001,0.0244,0.053200000000000004,456774636701154.562500
0.22269000000000005,0.0252,0.055600000000000004,456774636701154.562500
0.2227,0.022000000000000002,0.056400000000000006,456774636701154.562500
0.22271000000000007,0.0236,0.055600000000000004,456774636701154.562500
0.22272000000000003,0.0244,0.0548,456774636701154.562500
0.2227300000000001,0.0244,0.053200000000000004,456774636701154.562500
0.22274000000000005,0.0228,0.054,456774636701154.562500
0.22275000000000011,0.0244,0.0492,456774636701154.562500
0.22276000000000007,0.0244,0.0476,456774636701154.562500
0.22277000000000002,0.0244,0.046,456774636701154.562500
0.2227800000000001,0.022000000000000002,0.0548,456774636701154.562500
0.22279000000000004,0.0236,0.054,456774636701154.562500
0.2228000000000001,0.0212,0.0548,456774636701154.562500
0.22281000000000006,0.0212,0.0572,456774636701154.562500
0.22282000000000002,0.0228,0.0548,456774636701154.562500
0.22283000000000008,0.0212,0.054,456774636701154.562500
0.22284000000000004,0.0228,0.0524,456774636701154.562500
0.2228500000000001,0.0212,0.053200000000000004,456774636701154.562500
0.22286000000000006,0.0204,0.053200000000000004,456774636701154.562500
0.22287,0.022000000000000002,0.055600000000000004,456774636701154.562500
0.22288000000000008,0.0196,0.056400000000000006,456774636701154.562500
0.22289000000000003,0.0228,0.0524,456774636701154.562500
0.2229000000000001,0.018000000000000002,0.055600000000000004,456774636701154.562500
0.22291000000000005,0.0228,0.054,456774636701154.562500
0.22292,0.0244,0.0572,456774636701154.562500
0.22293000000000007,0.0236,0.054,456774636701154.562500
0.22294000000000003,0.0236,0.056400000000000006,456774636701154.562500
0.2229500000000001,0.0236,0.055600000000000004,456774636701154.562500
0.22296000000000005,0.0236,0.056400000000000006,456774636701154.562500
0.2229700000000001,0.0236,0.053200000000000004,456774636701154.562500
0.22298000000000007,0.0228,0.053200000000000004,456774636701154.562500
0.22299000000000002,0.0236,0.0436,456774636701154.562500
0.2230000000000001,0.0244,0.0572,456774636701154.562500
0.22301000000000004,0.0228,0.053200000000000004,456774636701154.562500
0.2230200000000001,0.0236,0.0572,456774636701154.562500
0.22303000000000006,0.026000000000000002,0.056400000000000006,456774636701154.562500
0.22304000000000002,0.0236,0.0548,456774636701154.562500
0.22305000000000008,0.0212,0.055600000000000004,456774636701154.562500
0.22306000000000004,0.0236,0.055600000000000004,456774636701154.562500
0.2230700000000001,0.0204,0.058,456774636701154.562500
0.22308000000000006,0.0236,0.0572,456774636701154.562500
0.22309,0.0244,0.056400000000000006,456774636701154.562500
0.22310000000000008,0.0228,0.0572,456774636701154.562500
0.22311000000000003,0.0228,0.056400000000000006,456774636701154.562500
0.2231200000000001,0.0228,0.055600000000000004,456774636701154.562500
0.22313000000000005,0.0212,0.056400000000000006,456774636701154.562500
0.22314,0.0236,0.055600000000000004,456774636701154.562500
0.22315000000000007,0.0228,0.0572,456774636701154.562500
0.22316000000000003,0.022000000000000002,0.054,456774636701154.562500
0.2231700000000001,0.022000000000000002,0.056400000000000006,456774636701154.562500
0.22318000000000005,0.022000000000000002,0.054,456774636701154.562500
0.2231900000000001,0.0228,0.055600000000000004,456774636701154.562500
0.22320000000000007,0.022000000000000002,0.053200000000000004,456774636701154.562500
0.22321000000000002,0.0228,0.0548,456774636701154.562500
0.22322000000000009,0.0212,0.055600000000000004,456774636701154.562500
0.22323000000000004,0.0244,0.048400000000000006,456774636701154.562500
0.2232400000000001,0.0236,0.0572,456774636701154.562500
0.22325000000000006,0.0236,0.0548,456774636701154.562500
0.22326000000000001,0.0236,0.0548,456774636701154.562500
0.22327000000000008,0.0228,0.034800000000000005,456774636701154.562500
0.22328000000000003,0.0236,0.0516,456774636701154.562500
0.2232900000000001,0.0244,0.0516,456774636701154.562500
0.22330000000000005,0.0236,0.055600000000000004,456774636701154.562500
0.22331,0.0244,0.056400000000000006,456774636701154.562500
0.22332000000000007,0.0236,0.0572,456774636701154.562500
0.22333000000000003,0.0236,0.0572,456774636701154.562500
0.2233400000000001,0.0244,0.058,456774636701154.562500
0.22335000000000005,0.0236,0.054,456774636701154.562500
0.22336000000000011,0.0244,0.05,456774636701154.562500
0.22337000000000007,0.0244,0.055600000000000004,456774636701154.562500
0.22338000000000002,0.022000000000000002,0.055600000000000004,456774636701154.562500
0.2233900000000001,0.0228,0.0548,456774636701154.562500
0.22340000000000004,0.0228,0.042800000000000005,456774636701154.562500
0.2234100000000001,0.0228,0.0548,456774636701154.562500
0.22342000000000006,0.0236,0.055600000000000004,456774636701154.562500
0.22343000000000002,0.022000000000000002,0.056400000000000006,456774636701154.562500
0.22344000000000008,0.0236,0.042,456774636701154.562500
0.22345000000000004,0.022000000000000002,0.056400000000000006,456774636701154.562500
0.2234600000000001,0.022000000000000002,0.0524,456774636701154.562500
0.22347000000000006,0.022000000000000002,0.055600000000000004,456774636701154.562500
0.22348,0.022000000000000002,0.056400000000000006,456774636701154.562500
0.22349000000000008,0.0204,0.054,456774636701154.562500
0.22350000000000003,0.022000000000000002,0.055600000000000004,456774636701154.562500
0.2235100000000001,0.0236,0.0524,456774636701154.562500
0.22352000000000005,0.0228,0.056400000000000006,456774636701154.562500
0.22353,0.022000000000000002,0.054,456774636701154.562500
0.22354000000000007,0.0212,0.0516,456774636701154.562500
0.22355000000000003,0.0236,0.0516,456774636701154.562500
0.2235600000000001,0.022000000000000002,0.055600000000000004,456774636701154.562500
0.22357000000000005,0.0236,0.05,456774636701154.562500
0.2235800000000001,0.022000000000000002,0.0548,456774636701154.562500
0.22359000000000007,0.0236,0.053200000000000004,456774636701154.562500
0.22360000000000002,0.0228,0.058,456774636701154.562500
0.2236100000000001,0.026000000000000002,0.054,456774636701154.562500
0.22362000000000004,0.0204,0.0524,456774636701154.562500
0.2236300000000001,0.0244,0.0516,456774636701154.562500
0.22364000000000006,0.0236,0.054,456774636701154.562500
0.22365000000000002,0.0236,0.050800000000000005,456774636701154.562500
0.22366000000000008,0.0236,0.0548,456774636701154.562500
0.22367000000000004,0.0236,0.0524,456774636701154.562500
0.2236800000000001,0.0188,0.054,456774636701154.562500
0.22369000000000006,0.0228,0.0516,456774636701154.562500
0.2237,0.022000000000000002,0.0572,456774636701154.562500
0.22371000000000008,0.0228,0.056400000000000006,456774636701154.562500
0.22372000000000003,0.0236,0.054,456774636701154.562500
0.2237300000000001,0.0212,0.056400000000000006,456774636701154.562500
0.22374000000000005,0.0228,0.056400000000000006,456774636701154.562500
0.22375,0.0204,0.053200000000000004,456774636701154.562500
0.22376000000000007,0.022000000000000002,0.056400000000000006,456774636701154.562500
0.22377000000000002,0.022000000000000002,0.0516,456774636701154.562500
0.2237800000000001,0.0204,0.056400000000000006,456774636701154.562500
0.22379000000000004,0.0228,0.050800000000000005,456774636701154.562500
0.2238000000000001,0.0228,0.053200000000000004,456774636701154.562500
0.22381000000000006,0.0228,0.0516,456774636701154.562500
0.22382000000000002,0.022000000000000002,0.055600000000000004,456774636701154.562500
0.22383000000000008,0.022000000000000002,0.058,456774636701154.562500
0.22384000000000004,0.022000000000000002,0.0548,456774636701154.562500
0.2238500000000001,0.0204,0.056400000000000006,456774636701154.562500
0.22386000000000006,0.0172,0.0548,456774636701154.562500
0.22387,0.0244,0.056400000000000006,456774636701154.562500
0.22388000000000008,0.0236,0.054,456774636701154.562500
0.22389000000000003,0.0244,0.056400000000000006,456774636701154.562500
0.2239000000000001,0.022000000000000002,0.0524,456774636701154.562500
0.22391000000000005,0.0244,0.055600000000000004,456774636701154.562500
0.22392,0.0244,0.0572,456774636701154.562500
0.22393000000000007,0.0244,0.058,456774636701154.562500
0.22394000000000003,0.0252,0.048400000000000006,456774636701154.562500
0.2239500000000001,0.0236,0.05,456774636701154.562500
0.22396000000000005,0.0252,0.045200000000000004,456774636701154.562500
0.2239700000000001,0.0196,0.053200000000000004,456774636701154.562500
0.22398000000000007,0.0236,0.055600000000000004,456774636701154.562500
0.22399000000000002,0.0228,0.0476,456774636701154.562500
0.2240000000000001,0.0228,0.0524,456774636701154.562500
0.22401000000000004,0.022000000000000002,0.0476,456774636701154.562500
0.2240200000000001,0.022000000000000002,0.0516,456774636701154.562500
0.22403000000000006,0.0228,0.0436,456774636701154.562500
0.22404000000000002,0.0204,0.055600000000000004,456774636701154.562500
0.22405000000000008,0.0228,0.050800000000000005,456774636701154.562500
0.22406000000000004,0.018000000000000002,0.056400000000000006,456774636701154.562500
0.2240700000000001,0.0212,0.050800000000000005,456774636701154.562500
0.22408000000000006,0.018000000000000002,0.055600000000000004,456774636701154.562500
0.22409,0.022000000000000002,0.056400000000000006,456774636701154.562500
0.22410000000000008,0.0212,0.0516,456774636701154.562500
0.22411000000000003,0.022000000000000002,0.055600000000000004,456774636701154.562500
0.2241200000000001,0.0212,0.050800000000000005,456774636701154.562500
0.22413000000000005,0.022000000000000002,0.056400000000000006,456774636701154.562500
0.22414,0.022000000000000002,0.0548,456774636701154.562500
0.22415000000000007,0.0236,0.053200000000000004,456774636701154.562500
0.22416000000000003,0.0228,0.053200000000000004,456774636701154.562500
0.2241700000000001,0.0236,0.056400000000000006,456774636701154.562500
0.22418000000000005,0.0204,0.054,456774636701154.562500
0.2241900000000001,0.0244,0.055600000000000004,456774636701154.562500
0.22420000000000007,0.022000000000000002,0.0516,456774636701154.562500
0.22421000000000002,0.0228,0.055600000000000004,456774636701154.562500
0.22422000000000009,0.0244,0.0548,456774636701154.562500
0.22423000000000004,0.0236,0.056400000000000006,456774636701154.562500
0.2242400000000001,0.0212,0.055600000000000004,456774636701154.562500
0.22425000000000006,0.0236,0.054,456774636701154.562500
0.22426000000000001,0.0188,0.050800000000000005,456774636701154.562500
0.22427000000000008,0.0244,0.0548,456774636701154.562500
0.22428000000000003,0.0244,0.054,456774636701154.562500
0.2242900000000001,0.0236,0.0548,456774636701154.562500
0.22430000000000005,0.0244,0.056400000000000006,456774636701154.562500
0.22431,0.0228,0.056400000000000006,456774636701154.562500
0.22432000000000007,0.0228,0.0572,456774636701154.562500
0.22433000000000003,0.022000000000000002,0.0548,456774636701154.562500
0.2243400000000001,0.0212,0.0572,456774636701154.562500
0.22435000000000005,0.022000000000000002,0.054,456774636701154.562500
0.22436,0.022000000000000002,0.0548,456774636701154.562500
0.22437000000000007,0.022000000000000002,0.056400000000000006,456774636701154.562500
0.22438000000000002,0.0228,0.0572,456774636701154.562500
0.2243900000000001,0.0236,0.056400000000000006,456774636701154.562500
0.22440000000000004,0.0236,0.055600000000000004,456774636701154.562500
0.2244100000000001,0.0212,0.0548,456774636701154.562500
0.22442000000000006,0.0228,0.054,456774636701154.562500
0.22443000000000002,0.0228,0.055600000000000004,456774636701154.562500
0.22444000000000008,0.0228,0.0548,456774636701154.562500
0.22445000000000004,0.0228,0.0516,456774636701154.562500
0.2244600000000001,0.0204,0.055600000000000004,456774636701154.562500
0.22447000000000006,0.0204,0.053200000000000004,456774636701154.562500
0.22448,0.0212,0.055600000000000004,456774636701154.562500
0.22449000000000008,0.0244,0.0572,456774636701154.562500
0.22450000000000003,0.0236,0.055600000000000004,456774636701154.562500
0.2245100000000001,0.0204,0.054,456774636701154.562500
0.22452000000000005,0.026000000000000002,0.0548,456774636701154.562500
0.22453,0.0212,0.054,456774636701154.562500
0.22454000000000007,0.0244,0.056400000000000006,456774636701154.562500
0.22455000000000003,0.026000000000000002,0.054,456774636701154.562500
0.2245600000000001,0.0236,0.056400000000000006,456774636701154.562500
0.22457000000000005,0.0252,0.056400000000000006,456774636701154.562500
0.2245800000000001,0.0228,0.055600000000000004,456774636701154.562500
0.22459000000000007,0.0236,0.05,456774636701154.562500
0.22460000000000002,0.0236,0.053200000000000004,456774636701154.562500
0.2246100000000001,0.0228,0.046,456774636701154.562500
0.22462000000000004,0.0236,0.05,456774636701154.562500
0.2246300000000001,0.022000000000000002,0.050800000000000005,456774636701154.562500
0.22464000000000006,0.022000000000000002,0.0516,456774636701154.562500
0.22465000000000002,0.0204,0.042800000000000005,456774636701154.562500
0.22466000000000008,0.0212,0.0548,456774636701154.562500
0.22467000000000004,0.022000000000000002,0.055600000000000004,456774636701154.562500
0.2246800000000001,0.0236,0.056400000000000006,456774636701154.562500
0.22469000000000006,0.0228,0.056400000000000006,456774636701154.562500
0.2247,0.022000000000000002,0.055600000000000004,456774636701154.562500
0.22471000000000008,0.022000000000000002,0.0572,456774636701154.562500
0.22472000000000003,0.0228,0.055600000000000004,456774636701154.562500
0.2247300000000001,0.022000000000000002,0.0572,456774636701154.562500
0.22474000000000005,0.022000000000000002,0.055600000000000004,456774636701154.562500
0.22475,0.0228,0.054,456774636701154.562500
0.22476000000000007,0.022000000000000002,0.054,456774636701154.562500
0.22477000000000003,0.0244,0.0516,456774636701154.562500
0.2247800000000001,0.0236,0.0572,456774636701154.562500
0.22479000000000005,0.0236,0.050800000000000005,456774636701154.562500
0.2248000000000001,0.0244,0.0524,456774636701154.562500
0.22481000000000007,0.0244,0.0476,456774636701154.562500
0.22482000000000002,0.0236,0.054,456774636701154.562500
0.22483000000000009,0.0236,0.050800000000000005,456774636701154.562500
0.22484000000000004,0.0244,0.055600000000000004,456774636701154.562500
0.2248500000000001,0.0236,0.05,456774636701154.562500
0.22486000000000006,0.0212,0.0572,456774636701154.562500
0.22487000000000001,0.0244,0.0548,456774636701154.562500
0.22488000000000008,0.0236,0.056400000000000006,456774636701154.562500
0.22489000000000003,0.0212,0.0548,456774636701154.562500
0.2249000000000001,0.0244,0.0492,456774636701154.562500
0.22491000000000005,0.0196,0.045200000000000004,456774636701154.562500
0.22492,0.022000000000000002,0.042800000000000005,456774636701154.562500
0.22493000000000007,0.022000000000000002,0.055600000000000004,456774636701154.562500
0.22494000000000003,0.0244,0.0572,456774636701154.562500
0.2249500000000001,0.022000000000000002,0.056400000000000006,456774636701154.562500
0.22496000000000005,0.0196,0.0516,456774636701154.562500
0.22497000000000011,0.022000000000000002,0.055600000000000004,456774636701154.562500
0.22498000000000007,0.0204,0.055600000000000004,456774636701154.562500
0.22499000000000002,0.0196,0.056400000000000006,456774636701154.562500
0.2250000000000001,0.0204,0.053200000000000004,456774636701154.562500
0.22501000000000004,0.0212,0.056400000000000006,456774636701154.562500
0.2250200000000001,0.0196,0.055600000000000004,456774636701154.562500
0.22503000000000006,0.0212,0.056400000000000006,456774636701154.562500
0.22504000000000002,0.0196,0.056400000000000006,456774636701154.562500
0.22505000000000008,0.0196,0.056400000000000006,456774636701154.562500
0.22506000000000004,0.0196,0.0524,456774636701154.562500
0.2250700000000001,0.0204,0.055600000000000004,456774636701154.562500
0.22508000000000006,0.0228,0.053200000000000004,456774636701154.562500
0.22509,0.0228,0.055600000000000004,456774636701154.562500
0.22510000000000008,0.0228,0.056400000000000006,456774636701154.562500
0.22511000000000003,0.0196,0.056400000000000006,456774636701154.562500
0.2251200000000001,0.0212,0.055600000000000004,456774636701154.562500
0.22513000000000005,0.0164,0.0548,456774636701154.562500
0.22514,0.022000000000000002,0.053200000000000004,456774636701154.562500
0.22515000000000007,0.0172,0.050800000000000005,456774636701154.562500
0.22516000000000003,0.0236,0.055600000000000004,456774636701154.562500
0.2251700000000001,0.022000000000000002,0.0572,456774636701154.562500
0.22518000000000005,0.0244,0.053200000000000004,456774636701154.562500
0.2251900000000001,0.0244,0.0572,456774636701154.562500
0.22520000000000007,0.022000000000000002,0.0524,456774636701154.562500
0.22521000000000002,0.0244,0.0548,456774636701154.562500
0.2252200000000001,0.0236,0.0524,456774636701154.562500
0.22523000000000004,0.0236,0.050800000000000005,456774636701154.562500
0.2252400000000001,0.0228,0.0444,456774636701154.562500
0.22525000000000006,0.022000000000000002,0.048400000000000006,456774636701154.562500
0.22526000000000002,0.0228,0.0436,456774636701154.562500
0.22527000000000008,0.022000000000000002,0.055600000000000004,456774636701154.562500
0.22528000000000004,0.0228,0.0524,456774636701154.562500
0.2252900000000001,0.0228,0.055600000000000004,456774636701154.562500
0.22530000000000006,0.022000000000000002,0.053200000000000004,456774636701154.562500
0.22531,0.022000000000000002,0.05,456774636701154.562500
0.22532000000000008,0.0228,0.0516,456774636701154.562500
0.22533000000000003,0.0244,0.05,456774636701154.562500
0.2253400000000001,0.0228,0.0412,456774636701154.562500
0.22535000000000005,0.022000000000000002,0.0444,456774636701154.562500
0.22536,0.0212,0.0492,456774636701154.562500
0.22537000000000007,0.022000000000000002,0.0524,456774636701154.562500
0.22538000000000002,0.0236,0.053200000000000004,456774636701154.562500
0.2253900000000001,0.0228,0.050800000000000005,456774636701154.562500
0.22540000000000004,0.0236,0.0468,456774636701154.562500
0.2254100000000001,0.0236,0.048400000000000006,456774636701154.562500
0.22542000000000006,0.0252,0.0468,456774636701154.562500
0.22543000000000002,0.0252,0.0572,456774636701154.562500
0.22544000000000008,0.0252,0.056400000000000006,456774636701154.562500
0.22545000000000004,0.0244,0.0572,456774636701154.562500
0.2254600000000001,0.0228,0.056400000000000006,456774636701154.562500
0.22547000000000006,0.0252,0.0524,456774636701154.562500
0.22548,0.022000000000000002,0.056400000000000006,456774636701154.562500
0.22549000000000008,0.0236,0.0516,456774636701154.562500
0.22550000000000003,0.022000000000000002,0.053200000000000004,456774636701154.562500
0.2255100000000001,0.0228,0.055600000000000004,456774636701154.562500
0.22552000000000005,0.0244,0.055600000000000004,456774636701154.562500
0.22553,0.022000000000000002,0.048400000000000006,456774636701154.562500
0.22554000000000007,0.0228,0.056400000000000006,456774636701154.562500
0.22555000000000003,0.018000000000000002,0.054,456774636701154.562500
0.2255600000000001,0.0228,0.056400000000000006,456774636701154.562500
0.22557000000000005,0.022000000000000002,0.0572,456774636701154.562500
0.2255800000000001,0.0236,0.054,456774636701154.562500
0.22559000000000007,0.0196,0.058,456774636701154.562500
0.22560000000000002,0.0196,0.054,456774636701154.562500
0.2256100000000001,0.0212,0.056400000000000006,456774636701154.562500
0.22562000000000004,0.022000000000000002,0.0548,456774636701154.562500
0.2256300000000001,0.0212,0.054,456774636701154.562500
0.22564000000000006,0.0228,0.0524,456774636701154.562500
0.22565000000000002,0.0212,0.056400000000000006,456774636701154.562500
0.22566000000000008,0.0236,0.053200000000000004,456774636701154.562500
0.22567000000000004,0.0228,0.056400000000000006,456774636701154.562500
0.2256800000000001,0.0228,0.056400000000000006,456774636701154.562500
0.22569000000000006,0.022000000000000002,0.055600000000000004,456774636701154.562500
0.2257,0.0228,0.055600000000000004,456774636701154.562500
0.22571000000000008,0.0244,0.055600000000000004,456774636701154.562500
0.22572000000000003,0.0244,0.054,456774636701154.562500
0.2257300000000001,0.0236,0.0572,456774636701154.562500
0.22574000000000005,0.0252,0.055600000000000004,456774636701154.562500
0.22575,0.0252,0.054,456774636701154.562500
0.22576000000000007,0.022000000000000002,0.0572,456774636701154.562500
0.22577000000000003,0.0236,0.050800000000000005,456774636701154.562500
0.2257800000000001,0.0252,0.055600000000000004,456774636701154.562500
0.22579000000000005,0.0228,0.0548,456774636701154.562500
0.2258000000000001,0.0236,0.058,456774636701154.562500
0.22581000000000007,0.0228,0.056400000000000006,456774636701154.562500
0.22582000000000002,0.0236,0.055600000000000004,456774636701154.562500
0.2258300000000001,0.0236,0.0572,456774636701154.562500
0.22584000000000004,0.022000000000000002,0.054,456774636701154.562500
0.2258500000000001,0.0244,0.055600000000000004,456774636701154.562500
0.22586000000000006,0.0236,0.0548,456774636701154.562500
0.22587000000000002,0.0212,0.058,456774636701154.562500
0.22588000000000008,0.0236,0.0548,456774636701154.562500
0.22589000000000004,0.0236,0.0524,456774636701154.562500
0.2259000000000001,0.022000000000000002,0.055600000000000004,456774636701154.562500
0.22591000000000006,0.0228,0.055600000000000004,456774636701154.562500
0.22592,0.022000000000000002,0.055600000000000004,456774636701154.562500
0.22593000000000008,0.0196,0.055600000000000004,456774636701154.562500
0.22594000000000003,0.0204,0.0548,456774636701154.562500
0.2259500000000001,0.0228,0.056400000000000006,456774636701154.562500
0.22596000000000005,0.0228,0.0572,456774636701154.562500
0.22597,0.0196,0.053200000000000004,456774636701154.562500
0.22598000000000007,0.022000000000000002,0.055600000000000004,456774636701154.562500
0.22599000000000002,0.0172,0.056400000000000006,456774636701154.562500
0.2260000000000001,0.0228,0.0572,456774636701154.562500
0.22601000000000004,0.0172,0.055600000000000004,456774636701154.562500
0.2260200000000001,0.0252,0.055600000000000004,456774636701154.562500
0.22603000000000006,0.0188,0.054,456774636701154.562500
0.22604000000000002,0.0228,0.0572,456774636701154.562500
0.22605000000000008,0.0236,0.056400000000000006,456774636701154.562500
0.22606000000000004,0.0252,0.056400000000000006,456774636701154.562500
0.2260700000000001,0.0252,0.056400000000000006,456774636701154.562500
0.22608000000000006,0.0244,0.0516,456774636701154.562500
0.22609,0.0228,0.056400000000000006,456774636701154.562500
0.22610000000000008,0.0228,0.048400000000000006,456774636701154.562500
0.22611000000000003,0.0228,0.054,456774636701154.562500
0.2261200000000001,0.0236,0.055600000000000004,456774636701154.562500
0.22613000000000005,0.0236,0.0548,456774636701154.562500
0.22614,0.0212,0.055600000000000004,456774636701154.562500
0.22615000000000007,0.0204,0.055600000000000004,456774636701154.562500
0.22616000000000003,0.0228,0.0492,456774636701154.562500
0.2261700000000001,0.0236,0.056400000000000006,456774636701154.562500
0.22618000000000005,0.022000000000000002,0.05,456774636701154.562500
0.2261900000000001,0.0212,0.0572,456774636701154.562500
0.22620000000000007,0.0212,0.05,456774636701154.562500
0.22621000000000002,0.0236,0.056400000000000006,456774636701154.562500
0.2262200000000001,0.022000000000000002,0.054,456774636701154.562500
0.22623000000000004,0.0236,0.0572,456774636701154.562500
0.2262400000000001,0.0228,0.055600000000000004,456774636701154.562500
0.22625000000000006,0.0212,0.0572,456774636701154.562500
0.22626000000000002,0.0228,0.056400000000000006,456774636701154.562500
0.22627000000000008,0.0212,0.0572,456774636701154.562500
0.22628000000000004,0.0212,0.0572,456774636701154.562500
0.2262900000000001,0.0204,0.0548,456774636701154.562500
0.22630000000000006,0.0228,0.056400000000000006,456774636701154.562500
0.22631,0.0228,0.0548,456774636701154.562500
0.22632000000000008,0.0236,0.0548,456774636701154.562500
0.22633000000000003,0.0236,0.056400000000000006,456774636701154.562500
0.2263400000000001,0.026000000000000002,0.058,456774636701154.562500
0.22635000000000005,0.0252,0.055600000000000004,456774636701154.562500
0.22636,0.0244,0.0548,456774636701154.562500
0.22637000000000007,0.0236,0.056400000000000006,456774636701154.562500
0.22638000000000003,0.0228,0.0572,456774636701154.562500
0.2263900000000001,0.0228,0.0524,456774636701154.562500
0.22640000000000005,0.0252,0.056400000000000006,456774636701154.562500
0.2264100000000001,0.0236,0.0516,456774636701154.562500
0.22642000000000007,0.0236,0.053200000000000004,456774636701154.562500
0.22643000000000002,0.0228,0.055600000000000004,456774636701154.562500
0.22644000000000009,0.0244,0.0516,456774636701154.562500
0.22645000000000004,0.022000000000000002,0.055600000000000004,456774636701154.562500
0.2264600000000001,0.022000000000000002,0.053200000000000004,456774636701154.562500
0.22647000000000006,0.022000000000000002,0.0548,456774636701154.562500
0.22648000000000001,0.0228,0.0476,456774636701154.562500
0.22649000000000008,0.022000000000000002,0.0548,456774636701154.562500
0.22650000000000003,0.0228,0.056400000000000006,456774636701154.562500
0.2265100000000001,0.0228,0.0548,456774636701154.562500
0.22652000000000005,0.0228,0.054,456774636701154.562500
0.22653,0.0204,0.056400000000000006,456774636701154.562500
0.22654000000000007,0.0236,0.056400000000000006,456774636701154.562500
0.22655000000000003,0.0244,0.0548,456774636701154.562500
0.2265600000000001,0.0228,0.0572,456774636701154.562500
0.22657000000000005,0.0228,0.056400000000000006,456774636701154.562500
0.22658000000000011,0.0236,0.055600000000000004,456774636701154.562500
0.22659000000000007,0.0228,0.0572,456774636701154.562500
0.22660000000000002,0.0228,0.048400000000000006,456774636701154.562500
0.2266100000000001,0.0228,0.055600000000000004,456774636701154.562500
0.22662000000000004,0.0236,0.0524,456774636701154.562500
0.2266300000000001,0.0204,0.0548,456774636701154.562500
0.22664000000000006,0.0236,0.053200000000000004,456774636701154.562500
0.22665000000000002,0.0236,0.0516,456774636701154.562500
0.22666000000000008,0.0252,0.0516,456774636701154.562500
0.22667000000000004,0.0244,0.0524,456774636701154.562500
0.2266800000000001,0.0268,0.053200000000000004,456774636701154.562500
0.22669000000000006,0.0244,0.0516,456774636701154.562500
0.2267,0.0244,0.05,456774636701154.562500
0.22671000000000008,0.0236,0.050800000000000005,456774636701154.562500
0.22672000000000003,0.0236,0.055600000000000004,456774636701154.562500
0.2267300000000001,0.022000000000000002,0.058,456774636701154.562500
0.22674000000000005,0.0228,0.056400000000000006,456774636701154.562500
0.22675,0.0236,0.055600000000000004,456774636701154.562500
0.22676000000000007,0.0196,0.0524,456774636701154.562500
0.22677000000000003,0.0212,0.054,456774636701154.562500
0.2267800000000001,0.0228,0.056400000000000006,456774636701154.562500
0.22679000000000005,0.0236,0.054,456774636701154.562500
0.2268000000000001,0.0204,0.0572,456774636701154.562500
0.22681000000000007,0.022000000000000002,0.056400000000000006,456774636701154.562500
0.22682000000000002,0.0244,0.055600000000000004,456774636701154.562500
0.2268300000000001,0.0228,0.0572,456774636701154.562500
0.22684000000000004,0.022000000000000002,0.0548,456774636701154.562500
0.2268500000000001,0.022000000000000002,0.0572,456774636701154.562500
0.22686000000000006,0.0204,0.055600000000000004,456774636701154.562500
0.22687000000000002,0.0244,0.056400000000000006,456774636701154.562500
0.22688000000000008,0.0236,0.053200000000000004,456774636701154.562500
0.22689000000000004,0.022000000000000002,0.0572,456774636701154.562500
0.2269000000000001,0.0212,0.058,456774636701154.562500
0.22691000000000006,0.0228,0.056400000000000006,456774636701154.562500
0.22692,0.0244,0.055600000000000004,456774636701154.562500
0.22693000000000008,0.0236,0.0548,456774636701154.562500
0.22694000000000003,0.0252,0.055600000000000004,456774636701154.562500
0.2269500000000001,0.0228,0.0548,456774636701154.562500
0.22696000000000005,0.0252,0.056400000000000006,456774636701154.562500
0.22697,0.0252,0.055600000000000004,456774636701154.562500
0.22698000000000007,0.0196,0.056400000000000006,456774636701154.562500
0.22699000000000003,0.0228,0.0548,456774636701154.562500
0.2270000000000001,0.022000000000000002,0.0548,456774636701154.562500
0.22701000000000005,0.0244,0.056400000000000006,456774636701154.562500
0.2270200000000001,0.0212,0.0548,456774636701154.562500
0.22703000000000007,0.0228,0.056400000000000006,456774636701154.562500
0.22704000000000002,0.0244,0.0572,456774636701154.562500
0.22705000000000009,0.022000000000000002,0.056400000000000006,456774636701154.562500
0.22706000000000004,0.0228,0.058,456774636701154.562500
0.2270700000000001,0.0212,0.0572,456774636701154.562500
0.22708000000000006,0.0228,0.056400000000000006,456774636701154.562500
0.22709000000000001,0.022000000000000002,0.055600000000000004,456774636701154.562500
0.22710000000000008,0.0236,0.056400000000000006,456774636701154.562500
0.22711000000000003,0.022000000000000002,0.058,456774636701154.562500
0.2271200000000001,0.0228,0.0572,456774636701154.562500
0.22713000000000005,0.0236,0.055600000000000004,456774636701154.562500
0.22714,0.022000000000000002,0.056400000000000006,456774636701154.562500
0.22715000000000007,0.022000000000000002,0.056400000000000006,456774636701154.562500
0.22716000000000003,0.022000000000000002,0.0572,456774636701154.562500
0.2271700000000001,0.0236,0.0548,456774636701154.562500
0.22718000000000005,0.022000000000000002,0.0572,456774636701154.562500
0.22719000000000011,0.022000000000000002,0.056400000000000006,456774636701154.562500
0.22720000000000007,0.022000000000000002,0.055600000000000004,456774636701154.562500
0.22721000000000002,0.022000000000000002,0.050800000000000005,456774636701154.562500
0.2272200000000001,0.0236,0.055600000000000004,456774636701154.562500
0.22723000000000004,0.0228,0.048400000000000006,456774636701154.562500
0.2272400000000001,0.022000000000000002,0.042,456774636701154.562500
0.22725000000000006,0.0252,0.042,456774636701154.562500
0.22726000000000002,0.022000000000000002,0.045200000000000004,456774636701154.562500
0.22727000000000008,0.0252,0.042800000000000005,456774636701154.562500
0.22728000000000004,0.0252,0.056400000000000006,456774636701154.562500
0.2272900000000001,0.0236,0.058,456774636701154.562500
0.22730000000000006,0.0252,0.0572,456774636701154.562500
0.22731,0.0236,0.056400000000000006,456774636701154.562500
0.22732000000000008,0.0236,0.055600000000000004,456774636701154.562500
0.22733000000000003,0.0204,0.058,456774636701154.562500
0.2273400000000001,0.0244,0.058,456774636701154.562500
0.22735000000000005,0.0228,0.056400000000000006,456774636701154.562500
0.22736,0.022000000000000002,0.0516,456774636701154.562500
0.22737000000000007,0.0228,0.056400000000000006,456774636701154.562500
0.22738000000000003,0.0228,0.0516,456774636701154.562500
0.2273900000000001,0.0212,0.054,456774636701154.562500
0.22740000000000005,0.0236,0.056400000000000006,456774636701154.562500
0.2274100000000001,0.0212,0.055600000000000004,456774636701154.562500
0.22742000000000007,0.022000000000000002,0.055600000000000004,456774636701154.562500
0.22743000000000002,0.022000000000000002,0.056400000000000006,456774636701154.562500
0.2274400000000001,0.0204,0.055600000000000004,456774636701154.562500
0.22745000000000004,0.0204,0.056400000000000006,456774636701154.562500
0.2274600000000001,0.0212,0.055600000000000004,456774636701154.562500
0.22747000000000006,0.022000000000000002,0.054,456774636701154.562500
0.22748000000000002,0.0196,0.0548,456774636701154.562500
0.22749000000000008,0.022000000000000002,0.055600000000000004,456774636701154.562500
0.22750000000000004,0.0244,0.0524,456774636701154.562500
0.2275100000000001,0.022000000000000002,0.058,456774636701154.562500
0.22752000000000006,0.0236,0.054,456774636701154.562500
0.22753,0.0236,0.0548,456774636701154.562500
0.22754000000000008,0.0212,0.0516,456774636701154.562500
0.22755000000000003,0.0212,0.0572,456774636701154.562500
0.2275600000000001,0.0196,0.050800000000000005,456774636701154.562500
0.22757000000000005,0.0204,0.0572,456774636701154.562500
0.22758,0.0244,0.048400000000000006,456774636701154.562500
0.22759000000000007,0.0228,0.055600000000000004,456774636701154.562500
0.22760000000000002,0.0236,0.053200000000000004,456774636701154.562500
0.2276100000000001,0.022000000000000002,0.054,456774636701154.562500
0.22762000000000004,0.0228,0.058,456774636701154.562500
0.2276300000000001,0.022000000000000002,0.0572,456774636701154.562500
0.22764000000000006,0.0236,0.055600000000000004,456774636701154.562500
0.22765000000000002,0.0244,0.055600000000000004,456774636701154.562500
0.22766000000000008,0.0228,0.050800000000000005,456774636701154.562500
0.22767000000000004,0.0236,0.0548,456774636701154.562500
0.2276800000000001,0.0228,0.0548,456774636701154.562500
0.22769000000000006,0.0228,0.053200000000000004,456774636701154.562500
0.2277,0.0212,0.0412,456774636701154.562500
0.22771000000000008,0.022000000000000002,0.05,456774636701154.562500
0.22772000000000003,0.0204,0.0476,456774636701154.562500
0.2277300000000001,0.022000000000000002,0.05,456774636701154.562500
0.22774000000000005,0.0212,0.05,456774636701154.562500
0.22775,0.022000000000000002,0.056400000000000006,456774636701154.562500
0.22776000000000007,0.022000000000000002,0.05,456774636701154.562500
0.22777000000000003,0.0228,0.055600000000000004,456774636701154.562500
0.2277800000000001,0.022000000000000002,0.050800000000000005,456774636701154.562500
0.22779000000000005,0.0228,0.0548,456774636701154.562500
0.2278000000000001,0.0236,0.055600000000000004,456774636701154.562500
0.22781000000000007,0.0236,0.055600000000000004,456774636701154.562500
0.22782000000000002,0.0228,0.058,456774636701154.562500
0.2278300000000001,0.022000000000000002,0.055600000000000004,456774636701154.562500
0.22784000000000004,0.0236,0.055600000000000004,456774636701154.562500
0.2278500000000001,0.0164,0.0524,456774636701154.562500
0.22786000000000006,0.022000000000000002,0.054,456774636701154.562500
0.22787000000000002,0.0236,0.0548,456774636701154.562500
0.22788000000000008,0.0244,0.0548,456774636701154.562500
0.22789000000000004,0.026000000000000002,0.058,456774636701154.562500
0.2279000000000001,0.0252,0.055600000000000004,456774636701154.562500
0.22791000000000006,0.0236,0.055600000000000004,456774636701154.562500
0.22792,0.0244,0.0572,456774636701154.562500
0.22793000000000008,0.0236,0.055600000000000004,456774636701154.562500
0.22794000000000003,0.0204,0.055600000000000004,456774636701154.562500
0.2279500000000001,0.0212,0.054,456774636701154.562500
0.22796000000000005,0.018000000000000002,0.055600000000000004,456774636701154.562500
0.22797,0.022000000000000002,0.0572,456774636701154.562500
0.22798000000000007,0.0204,0.056400000000000006,456774636701154.562500
0.22799000000000003,0.0212,0.055600000000000004,456774636701154.562500
0.2280000000000001,0.018000000000000002,0.056400000000000006,456774636701154.562500
0.22801000000000005,0.0228,0.0572,456774636701154.562500
0.2280200000000001,0.0228,0.056400000000000006,456774636701154.562500
0.22803000000000007,0.0212,0.058800000000000005,456774636701154.562500
0.22804000000000002,0.0228,0.056400000000000006,456774636701154.562500
0.22805000000000009,0.022000000000000002,0.058,456774636701154.562500
0.22806000000000004,0.022000000000000002,0.058800000000000005,456774636701154.562500
0.2280700000000001,0.022000000000000002,0.056400000000000006,456774636701154.562500
0.22808000000000006,0.022000000000000002,0.0516,456774636701154.562500
0.22809000000000001,0.022000000000000002,0.055600000000000004,456774636701154.562500
0.22810000000000008,0.0236,0.0572,456774636701154.562500
0.22811000000000003,0.0236,0.058,456774636701154.562500
0.2281200000000001,0.0204,0.056400000000000006,456774636701154.562500
0.22813000000000005,0.0236,0.058,456774636701154.562500
0.22814,0.0244,0.056400000000000006,456774636701154.562500
0.22815000000000007,0.0236,0.0572,456774636701154.562500
0.22816000000000003,0.0236,0.058,456774636701154.562500
0.2281700000000001,0.0244,0.055600000000000004,456774636701154.562500
0.22818000000000005,0.0212,0.056400000000000006,456774636701154.562500
0.22819000000000011,0.0244,0.0548,456774636701154.562500
0.22820000000000007,0.0228,0.056400000000000006,456774636701154.562500
0.22821000000000002,0.0236,0.053200000000000004,456774636701154.562500
0.2282200000000001,0.0228,0.056400000000000006,456774636701154.562500
0.22823000000000004,0.0228,0.0524,456774636701154.562500
0.2282400000000001,0.0228,0.058,456774636701154.562500
0.22825000000000006,0.022000000000000002,0.056400000000000006,456774636701154.562500
0.22826000000000002,0.022000000000000002,0.0548,456774636701154.562500
0.22827000000000008,0.022000000000000002,0.0572,456774636701154.562500
0.22828000000000004,0.022000000000000002,0.055600000000000004,456774636701154.562500
0.2282900000000001,0.0228,0.056400000000000006,456774636701154.562500
0.22830000000000006,0.0212,0.055600000000000004,456774636701154.562500
0.22831,0.0212,0.054,456774636701154.562500
0.22832000000000008,0.0172,0.0572,456774636701154.562500
0.22833000000000003,0.0196,0.058800000000000005,456774636701154.562500
0.2283400000000001,0.0164,0.0572,456774636701154.562500
0.22835000000000005,0.0204,0.0572,456774636701154.562500
0.22836,0.0164,0.055600000000000004,456774636701154.562500
0.22837000000000007,0.0204,0.058,456774636701154.562500
0.22838000000000003,0.022000000000000002,0.058,456774636701154.562500
0.2283900000000001,0.022000000000000002,0.0572,456774636701154.562500
0.22840000000000005,0.022000000000000002,0.058,456774636701154.562500
0.2284100000000001,0.0236,0.0572,456774636701154.562500
0.22842000000000007,0.0236,0.0548,456774636701154.562500
0.22843000000000002,0.022000000000000002,0.058,456774636701154.562500
0.2284400000000001,0.0236,0.0572,456774636701154.562500
0.22845000000000004,0.0228,0.0572,456774636701154.562500
0.2284600000000001,0.0188,0.0572,456774636701154.562500
0.22847000000000006,0.0148,0.054,456774636701154.562500
0.22848000000000002,0.018000000000000002,0.055600000000000004,456774636701154.562500
0.22849000000000008,0.015600000000000001,0.054,456774636701154.562500
0.22850000000000004,0.0188,0.0572,456774636701154.562500
0.2285100000000001,0.0212,0.054,456774636701154.562500
0.22852000000000006,0.0252,0.056400000000000006,456774636701154.562500
0.22853,0.0236,0.054,456774636701154.562500
0.22854000000000008,0.022000000000000002,0.055600000000000004,456774636701154.562500
0.22855000000000003,0.0212,0.055600000000000004,456774636701154.562500
0.2285600000000001,0.0204,0.056400000000000006,456774636701154.562500
0.22857000000000005,0.022000000000000002,0.058,456774636701154.562500
0.22858,0.0228,0.056400000000000006,456774636701154.562500
0.22859000000000007,0.0236,0.046,456774636701154.562500
0.22860000000000003,0.0228,0.0476,456774636701154.562500
0.2286100000000001,0.0212,0.040400000000000005,456774636701154.562500
0.22862000000000005,0.0164,0.055600000000000004,456774636701154.562500
0.2286300000000001,0.0204,0.05,456774636701154.562500
0.22864000000000007,0.015600000000000001,0.054,456774636701154.562500
0.22865000000000002,0.022000000000000002,0.0516,456774636701154.562500
0.22866000000000009,0.022000000000000002,0.055600000000000004,456774636701154.562500
0.22867000000000004,0.022000000000000002,0.0572,456774636701154.562500
0.2286800000000001,0.0212,0.0572,456774636701154.562500
0.22869000000000006,0.0204,0.0572,456774636701154.562500
0.22870000000000001,0.022000000000000002,0.055600000000000004,456774636701154.562500
0.22871000000000008,0.022000000000000002,0.0572,456774636701154.562500
0.22872000000000003,0.0228,0.0572,456774636701154.562500
0.2287300000000001,0.0228,0.055600000000000004,456774636701154.562500
0.22874000000000005,0.022000000000000002,0.0516,456774636701154.562500
0.22875,0.0236,0.0548,456774636701154.562500
0.22876000000000007,0.0228,0.055600000000000004,456774636701154.562500
0.22877000000000003,0.0236,0.0516,456774636701154.562500
0.2287800000000001,0.0236,0.0516,456774636701154.562500
0.22879000000000005,0.0236,0.050800000000000005,456774636701154.562500
0.22880000000000011,0.0244,0.050800000000000005,456774636701154.562500
0.22881000000000007,0.0236,0.0516,456774636701154.562500
0.22882000000000002,0.0228,0.0388,456774636701154.562500
0.2288300000000001,0.0244,0.038,456774636701154.562500
0.22884000000000004,0.0212,0.0388,456774636701154.562500
0.2288500000000001,0.0244,0.050800000000000005,456774636701154.562500
0.22886000000000006,0.022000000000000002,0.0468,456774636701154.562500
0.22887000000000002,0.0228,0.0572,456774636701154.562500
0.22888000000000008,0.0244,0.056400000000000006,456774636701154.562500
0.22889000000000004,0.022000000000000002,0.056400000000000006,456774636701154.562500
0.2289000000000001,0.0236,0.054,456774636701154.562500
0.22891000000000006,0.0236,0.056400000000000006,456774636701154.562500
0.22892,0.022000000000000002,0.0572,456774636701154.562500
0.22893000000000008,0.0228,0.055600000000000004,456774636701154.562500
0.22894000000000003,0.022000000000000002,0.055600000000000004,456774636701154.562500
0.2289500000000001,0.022000000000000002,0.058,456774636701154.562500
0.22896000000000005,0.022000000000000002,0.056400000000000006,456774636701154.562500
0.22897,0.0212,0.056400000000000006,456774636701154.562500
0.22898000000000007,0.022000000000000002,0.0548,456774636701154.562500
0.22899000000000003,0.0228,0.0548,456774636701154.562500
0.2290000000000001,0.0236,0.0548,456774636701154.562500
0.22901000000000005,0.022000000000000002,0.055600000000000004,456774636701154.562500
0.2290200000000001,0.0228,0.056400000000000006,456774636701154.562500
0.22903000000000007,0.022000000000000002,0.0572,456774636701154.562500
0.22904000000000002,0.0204,0.0548,456774636701154.562500
0.2290500000000001,0.0236,0.055600000000000004,456774636701154.562500
0.22906000000000004,0.0244,0.056400000000000006,456774636701154.562500
0.2290700000000001,0.0244,0.0548,456774636701154.562500
0.22908000000000006,0.0252,0.0524,456774636701154.562500
0.22909000000000002,0.0228,0.0572,456774636701154.562500
0.22910000000000008,0.022000000000000002,0.056400000000000006,456774636701154.562500
0.22911000000000004,0.0252,0.0524,456774636701154.562500
0.2291200000000001,0.0204,0.054,456774636701154.562500
0.22913000000000006,0.0236,0.0516,456774636701154.562500
0.22914,0.0244,0.054,456774636701154.562500
0.22915000000000008,0.0228,0.055600000000000004,456774636701154.562500
0.22916000000000003,0.0236,0.0548,456774636701154.562500
0.2291700000000001,0.0236,0.0572,456774636701154.562500
0.22918000000000005,0.0236,0.056400000000000006,456774636701154.562500
0.22919,0.0228,0.0548,456774636701154.562500
0.22920000000000007,0.0244,0.056400000000000006,456774636701154.562500
0.22921000000000002,0.0204,0.0492,456774636701154.562500
0.2292200000000001,0.0228,0.056400000000000006,456774636701154.562500
0.22923000000000004,0.0236,0.046,456774636701154.562500
0.2292400000000001,0.0212,0.053200000000000004,456774636701154.562500
0.22925000000000006,0.0172,0.054,456774636701154.562500
0.22926000000000002,0.0196,0.0572,456774636701154.562500
0.22927000000000008,0.0188,0.053200000000000004,456774636701154.562500
0.22928000000000004,0.0204,0.0548,456774636701154.562500
0.2292900000000001,0.0212,0.0572,456774636701154.562500
0.22930000000000006,0.0212,0.0572,456774636701154.562500
0.22931,0.022000000000000002,0.0572,456774636701154.562500
0.22932000000000008,0.0236,0.048400000000000006,456774636701154.562500
0.22933000000000003,0.022000000000000002,0.055600000000000004,456774636701154.562500
0.2293400000000001,0.0212,0.055600000000000004,456774636701154.562500
0.22935000000000005,0.0212,0.058,456774636701154.562500
0.22936,0.0204,0.056400000000000006,456774636701154.562500
0.22937000000000007,0.0228,0.058,456774636701154.562500
0.22938000000000003,0.0212,0.0548,456774636701154.562500
0.2293900000000001,0.022000000000000002,0.0548,456774636701154.562500
0.22940000000000005,0.0228,0.0572,456774636701154.562500
0.2294100000000001,0.0244,0.0572,456774636701154.562500
0.22942000000000007,0.0252,0.055600000000000004,456774636701154.562500
0.22943000000000002,0.022000000000000002,0.053200000000000004,456774636701154.562500
0.2294400000000001,0.0164,0.055600000000000004,456774636701154.562500
0.22945000000000004,0.0228,0.054,456774636701154.562500
0.2294600000000001,0.0236,0.058,456774636701154.562500
0.22947000000000006,0.0228,0.0572,456774636701154.562500
0.22948000000000002,0.0236,0.0572,456774636701154.562500
0.22949000000000008,0.022000000000000002,0.0548,456774636701154.562500
0.22950000000000004,0.022000000000000002,0.0572,456774636701154.562500
0.2295100000000001,0.0228,0.0572,456774636701154.562500
0.22952000000000006,0.0236,0.058,456774636701154.562500
0.22953,0.022000000000000002,0.054,456774636701154.562500
0.22954000000000008,0.0212,0.0572,456774636701154.562500
0.22955000000000003,0.0228,0.0572,456774636701154.562500
0.2295600000000001,0.0244,0.054,456774636701154.562500
0.22957000000000005,0.022000000000000002,0.056400000000000006,456774636701154.562500
0.22958,0.0212,0.056400000000000006,456774636701154.562500
0.22959000000000007,0.0196,0.0572,456774636701154.562500
0.22960000000000003,0.0212,0.0572,456774636701154.562500
0.2296100000000001,0.022000000000000002,0.055600000000000004,456774636701154.562500
0.22962000000000005,0.0228,0.056400000000000006,456774636701154.562500
0.2296300000000001,0.0204,0.056400000000000006,456774636701154.562500
0.22964000000000007,0.0228,0.056400000000000006,456774636701154.562500
0.22965000000000002,0.022000000000000002,0.0572,456774636701154.562500
0.2296600000000001,0.022000000000000002,0.055600000000000004,456774636701154.562500
0.22967000000000004,0.022000000000000002,0.055600000000000004,456774636701154.562500
0.2296800000000001,0.0196,0.055600000000000004,456774636701154.562500
0.22969000000000006,0.0212,0.058,456774636701154.562500
0.22970000000000002,0.0228,0.0572,456774636701154.562500
0.22971000000000008,0.0188,0.056400000000000006,456774636701154.562500
0.22972000000000004,0.018000000000000002,0.056400000000000006,456774636701154.562500
0.2297300000000001,0.0164,0.053200000000000004,456774636701154.562500
0.22974000000000006,0.0188,0.048400000000000006,456774636701154.562500
0.22975,0.0172,0.0548,456774636701154.562500
0.22976000000000008,0.0204,0.0492,456774636701154.562500
0.22977000000000003,0.0196,0.054,456774636701154.562500
0.2297800000000001,0.0228,0.050800000000000005,456774636701154.562500
0.22979000000000005,0.022000000000000002,0.056400000000000006,456774636701154.562500
0.2298,0.0228,0.0476,456774636701154.562500
0.22981000000000007,0.0172,0.055600000000000004,456774636701154.562500
0.22982000000000002,0.0204,0.05,456774636701154.562500
0.2298300000000001,0.0196,0.056400000000000006,456774636701154.562500
0.22984000000000004,0.0196,0.048400000000000006,456774636701154.562500
0.2298500000000001,0.0204,0.053200000000000004,456774636701154.562500
0.22986000000000006,0.0212,0.0492,456774636701154.562500
0.22987000000000002,0.0188,0.055600000000000004,456774636701154.562500
0.22988000000000008,0.022000000000000002,0.0548,456774636701154.562500
0.22989000000000004,0.022000000000000002,0.054,456774636701154.562500
0.2299000000000001,0.0228,0.056400000000000006,456774636701154.562500
0.22991000000000006,0.022000000000000002,0.0572,456774636701154.562500
0.22992,0.0196,0.058,456774636701154.562500
0.22993000000000008,0.0228,0.055600000000000004,456774636701154.562500
0.22994000000000003,0.0204,0.0516,456774636701154.562500
0.2299500000000001,0.0236,0.055600000000000004,456774636701154.562500
0.22996000000000005,0.0236,0.058,456774636701154.562500
0.22997,0.0236,0.053200000000000004,456774636701154.562500
0.22998000000000007,0.0236,0.056400000000000006,456774636701154.562500
0.22999000000000003,0.022000000000000002,0.055600000000000004,456774636701154.562500
0.2300000000000001,0.0236,0.055600000000000004,456774636701154.562500
0.23001000000000005,0.0228,0.0548,456774636701154.562500
0.2300200000000001,0.0252,0.0548,456774636701154.562500
0.23003000000000007,0.0236,0.056400000000000006,456774636701154.562500
0.23004000000000002,0.0236,0.055600000000000004,456774636701154.562500
0.2300500000000001,0.0244,0.056400000000000006,456774636701154.562500
0.23006000000000004,0.022000000000000002,0.053200000000000004,456774636701154.562500
0.2300700000000001,0.0204,0.055600000000000004,456774636701154.562500
0.23008000000000006,0.022000000000000002,0.054,456774636701154.562500
0.23009000000000002,0.0236,0.056400000000000006,456774636701154.562500
0.23010000000000008,0.022000000000000002,0.056400000000000006,456774636701154.562500
0.23011000000000004,0.0196,0.055600000000000004,456774636701154.562500
0.2301200000000001,0.022000000000000002,0.0572,456774636701154.562500
0.23013000000000006,0.0212,0.0516,456774636701154.562500
0.23014,0.0204,0.0572,456774636701154.562500
0.23015000000000008,0.0228,0.0572,456774636701154.562500
0.23016000000000003,0.0188,0.055600000000000004,456774636701154.562500
0.2301700000000001,0.0236,0.053200000000000004,456774636701154.562500
0.23018000000000005,0.022000000000000002,0.053200000000000004,456774636701154.562500
0.23019,0.0204,0.0548,456774636701154.562500
0.23020000000000007,0.0228,0.053200000000000004,456774636701154.562500
0.23021000000000003,0.0212,0.056400000000000006,456774636701154.562500
0.2302200000000001,0.0204,0.0548,456774636701154.562500
0.23023000000000005,0.022000000000000002,0.056400000000000006,456774636701154.562500
0.2302400000000001,0.0212,0.0572,456774636701154.562500
0.23025000000000007,0.0204,0.0572,456774636701154.562500
0.23026000000000002,0.0228,0.056400000000000006,456774636701154.562500
0.23027000000000009,0.018000000000000002,0.0516,456774636701154.562500
0.23028000000000004,0.0212,0.0548,456774636701154.562500
0.2302900000000001,0.0228,0.0572,456774636701154.562500
0.23030000000000006,0.0236,0.0572,456774636701154.562500
0.23031000000000001,0.0148,0.058,456774636701154.562500
0.23032000000000008,0.0228,0.0572,456774636701154.562500
0.23033000000000003,0.0188,0.054,456774636701154.562500
0.2303400000000001,0.0244,0.056400000000000006,456774636701154.562500
0.23035000000000005,0.022000000000000002,0.055600000000000004,456774636701154.562500
0.23036,0.0228,0.055600000000000004,456774636701154.562500
0.23037000000000007,0.0244,0.0572,456774636701154.562500
0.23038000000000003,0.0236,0.058,456774636701154.562500
0.2303900000000001,0.0236,0.056400000000000006,456774636701154.562500
0.23040000000000005,0.0212,0.056400000000000006,456774636701154.562500
0.23041000000000011,0.0236,0.055600000000000004,456774636701154.562500
0.23042000000000007,0.0236,0.0516,456774636701154.562500
0.23043000000000002,0.0188,0.0572,456774636701154.562500
0.2304400000000001,0.0228,0.054,456774636701154.562500
0.23045000000000004,0.0204,0.056400000000000006,456774636701154.562500
0.2304600000000001,0.0236,0.058,456774636701154.562500
0.23047000000000006,0.0236,0.055600000000000004,456774636701154.562500
0.23048000000000002,0.0236,0.0524,456774636701154.562500
0.23049000000000008,0.0212,0.055600000000000004,456774636701154.562500
0.23050000000000004,0.022000000000000002,0.0548,456774636701154.562500
0.2305100000000001,0.0204,0.0572,456774636701154.562500
0.23052000000000006,0.0228,0.056400000000000006,456774636701154.562500
0.23053,0.022000000000000002,0.055600000000000004,456774636701154.562500
0.23054000000000008,0.0204,0.055600000000000004,456774636701154.562500
0.23055000000000003,0.0228,0.054,456774636701154.562500
0.2305600000000001,0.0196,0.054,456774636701154.562500
0.23057000000000005,0.0236,0.056400000000000006,456774636701154.562500
0.23058,0.0228,0.0548,456774636701154.562500
0.23059000000000007,0.022000000000000002,0.0548,456774636701154.562500
0.23060000000000003,0.0212,0.058,456774636701154.562500
0.2306100000000001,0.0236,0.0572,456774636701154.562500
0.23062000000000005,0.0244,0.054,456774636701154.562500
0.2306300000000001,0.0236,0.0548,456774636701154.562500
0.23064000000000007,0.0244,0.0516,456774636701154.562500
0.23065000000000002,0.0236,0.053200000000000004,456774636701154.562500
0.2306600000000001,0.0236,0.05,456774636701154.562500
0.23067000000000004,0.0244,0.053200000000000004,456774636701154.562500
0.2306800000000001,0.022000000000000002,0.0524,456774636701154.562500
0.23069000000000006,0.0212,0.0548,456774636701154.562500
0.23070000000000002,0.022000000000000002,0.05,456774636701154.562500
0.23071000000000008,0.0228,0.055600000000000004,456774636701154.562500
0.23072000000000004,0.022000000000000002,0.0524,456774636701154.562500
0.2307300000000001,0.0236,0.058,456774636701154.562500
0.23074000000000006,0.0196,0.056400000000000006,456774636701154.562500
0.23075,0.0196,0.056400000000000006,456774636701154.562500
0.23076000000000008,0.022000000000000002,0.056400000000000006,456774636701154.562500
0.23077000000000003,0.0212,0.056400000000000006,456774636701154.562500
0.2307800000000001,0.022000000000000002,0.055600000000000004,456774636701154.562500
0.23079000000000005,0.0236,0.056400000000000006,456774636701154.562500
0.2308,0.0212,0.0572,456774636701154.562500
0.23081000000000007,0.022000000000000002,0.055600000000000004,456774636701154.562500
0.23082000000000003,0.0212,0.0572,456774636701154.562500
0.2308300000000001,0.0212,0.056400000000000006,456774636701154.562500
0.23084000000000005,0.0212,0.056400000000000006,456774636701154.562500
0.2308500000000001,0.022000000000000002,0.0524,456774636701154.562500
0.23086000000000007,0.022000000000000002,0.0572,456774636701154.562500
0.23087000000000002,0.0244,0.0516,456774636701154.562500
0.23088000000000009,0.0236,0.055600000000000004,456774636701154.562500
0.23089000000000004,0.0236,0.045200000000000004,456774636701154.562500
0.2309000000000001,0.0236,0.054,456774636701154.562500
0.23091000000000006,0.0212,0.053200000000000004,456774636701154.562500
0.23092000000000001,0.0236,0.0572,456774636701154.562500
0.23093000000000008,0.0212,0.042800000000000005,456774636701154.562500
0.23094000000000003,0.0236,0.058,456774636701154.562500
0.2309500000000001,0.0228,0.056400000000000006,456774636701154.562500
0.23096000000000005,0.0236,0.0572,456774636701154.562500
0.23097,0.0212,0.0572,456774636701154.562500
0.23098000000000007,0.0228,0.055600000000000004,456774636701154.562500
0.23099000000000003,0.0236,0.0572,456774636701154.562500
0.2310000000000001,0.022000000000000002,0.055600000000000004,456774636701154.562500
0.23101000000000005,0.0228,0.055600000000000004,456774636701154.562500
0.23102000000000011,0.0236,0.0572,456774636701154.562500
0.23103000000000007,0.022000000000000002,0.0524,456774636701154.562500
0.23104000000000002,0.0236,0.048400000000000006,456774636701154.562500
0.2310500000000001,0.0196,0.034800000000000005,456774636701154.562500
0.23106000000000004,0.022000000000000002,0.05,456774636701154.562500
0.2310700000000001,0.0212,0.0476,456774636701154.562500
0.23108000000000006,0.0228,0.05,456774636701154.562500
0.23109000000000002,0.0212,0.050800000000000005,456774636701154.562500
0.23110000000000008,0.022000000000000002,0.0572,456774636701154.562500
0.23111000000000004,0.0212,0.0548,456774636701154.562500
0.2311200000000001,0.022000000000000002,0.058,456774636701154.562500
0.23113000000000006,0.0236,0.058,456774636701154.562500
0.23114,0.022000000000000002,0.056400000000000006,456774636701154.562500
0.23115000000000008,0.0236,0.046,456774636701154.562500
0.23116000000000003,0.0188,0.055600000000000004,456774636701154.562500
0.2311700000000001,0.0228,0.056400000000000006,456774636701154.562500
0.23118000000000005,0.0196,0.056400000000000006,456774636701154.562500
0.23119,0.0228,0.056400000000000006,456774636701154.562500
0.23120000000000007,0.0172,0.0524,456774636701154.562500
0.23121000000000003,0.022000000000000002,0.058,456774636701154.562500
0.2312200000000001,0.0212,0.0516,456774636701154.562500
0.23123000000000005,0.026000000000000002,0.056400000000000006,456774636701154.562500
0.2312400000000001,0.0236,0.0572,456774636701154.562500
0.23125000000000007,0.0244,0.056400000000000006,456774636701154.562500
0.23126000000000002,0.022000000000000002,0.0572,456774636701154.562500
0.2312700000000001,0.022000000000000002,0.046,456774636701154.562500
0.23128000000000004,0.0236,0.056400000000000006,456774636701154.562500
0.2312900000000001,0.0196,0.055600000000000004,456774636701154.562500
0.23130000000000006,0.0244,0.0524,456774636701154.562500
0.23131000000000002,0.0236,0.056400000000000006,456774636701154.562500
0.23132000000000008,0.0204,0.055600000000000004,456774636701154.562500
0.23133000000000004,0.022000000000000002,0.0572,456774636701154.562500
0.2313400000000001,0.0204,0.045200000000000004,456774636701154.562500
0.23135000000000006,0.022000000000000002,0.053200000000000004,456774636701154.562500
0.23136,0.0204,0.055600000000000004,456774636701154.562500
0.23137000000000008,0.0212,0.0572,456774636701154.562500
0.23138000000000003,0.0228,0.058,456774636701154.562500
0.2313900000000001,0.0196,0.0572,456774636701154.562500
0.23140000000000005,0.022000000000000002,0.058,456774636701154.562500
0.23141,0.0228,0.0572,456774636701154.562500
0.23142000000000007,0.0228,0.0572,456774636701154.562500
0.23143000000000002,0.0212,0.054,456774636701154.562500
0.2314400000000001,0.022000000000000002,0.0572,456774636701154.562500
0.23145000000000004,0.022000000000000002,0.056400000000000006,456774636701154.562500
0.2314600000000001,0.022000000000000002,0.058,456774636701154.562500
0.23147000000000006,0.0212,0.0548,456774636701154.562500
0.23148000000000002,0.0228,0.0572,456774636701154.562500
0.23149000000000008,0.022000000000000002,0.058,456774636701154.562500
0.23150000000000004,0.0228,0.0572,456774636701154.562500
0.2315100000000001,0.022000000000000002,0.055600000000000004,456774636701154.562500
0.23152000000000006,0.0228,0.054,456774636701154.562500
0.23153,0.0244,0.0548,456774636701154.562500
0.23154000000000008,0.0244,0.056400000000000006,456774636701154.562500
0.23155000000000003,0.0228,0.055600000000000004,456774636701154.562500
0.2315600000000001,0.0252,0.0572,456774636701154.562500
0.23157000000000005,0.0228,0.055600000000000004,456774636701154.562500
0.23158,0.0236,0.0524,456774636701154.562500
0.23159000000000007,0.0212,0.0524,456774636701154.562500
0.23160000000000003,0.022000000000000002,0.058,456774636701154.562500
0.2316100000000001,0.0212,0.0596,456774636701154.562500
0.23162000000000005,0.0228,0.0572,456774636701154.562500
0.2316300000000001,0.0196,0.056400000000000006,456774636701154.562500
0.23164000000000007,0.022000000000000002,0.055600000000000004,456774636701154.562500
0.23165000000000002,0.018000000000000002,0.0572,456774636701154.562500
0.2316600000000001,0.0228,0.058,456774636701154.562500
0.23167000000000004,0.022000000000000002,0.056400000000000006,456774636701154.562500
0.2316800000000001,0.0212,0.0476,456774636701154.562500
0.23169000000000006,0.0212,0.058,456774636701154.562500
0.23170000000000002,0.0204,0.056400000000000006,456774636701154.562500
0.23171000000000008,0.022000000000000002,0.042,456774636701154.562500
0.23172000000000004,0.0188,0.056400000000000006,456774636701154.562500
0.2317300000000001,0.022000000000000002,0.0476,456774636701154.562500
0.23174000000000006,0.022000000000000002,0.054,456774636701154.562500
0.23175,0.022000000000000002,0.054,456774636701154.562500
0.23176000000000008,0.0164,0.056400000000000006,456774636701154.562500
0.23177000000000003,0.0236,0.0548,456774636701154.562500
0.2317800000000001,0.022000000000000002,0.053200000000000004,456774636701154.562500
0.23179000000000005,0.022000000000000002,0.056400000000000006,456774636701154.562500
0.2318,0.0228,0.056400000000000006,456774636701154.562500
0.23181000000000007,0.0236,0.055600000000000004,456774636701154.562500
0.23182000000000003,0.0236,0.0548,456774636701154.562500
0.2318300000000001,0.0244,0.056400000000000006,456774636701154.562500
0.23184000000000005,0.0244,0.056400000000000006,456774636701154.562500
0.2318500000000001,0.0228,0.056400000000000006,456774636701154.562500
0.23186000000000007,0.0244,0.055600000000000004,456774636701154.562500
0.23187000000000002,0.0212,0.056400000000000006,456774636701154.562500
0.23188000000000009,0.0236,0.054,456774636701154.562500
0.23189000000000004,0.022000000000000002,0.055600000000000004,456774636701154.562500
0.2319000000000001,0.0236,0.056400000000000006,456774636701154.562500
0.23191000000000006,0.022000000000000002,0.058,456774636701154.562500
0.23192000000000002,0.022000000000000002,0.053200000000000004,456774636701154.562500
0.23193000000000008,0.0212,0.054,456774636701154.562500
0.23194000000000004,0.0228,0.053200000000000004,456774636701154.562500
0.2319500000000001,0.022000000000000002,0.0548,456774636701154.562500
0.23196000000000006,0.0228,0.0572,456774636701154.562500
0.23197,0.0228,0.053200000000000004,456774636701154.562500
0.23198000000000008,0.0212,0.058,456774636701154.562500
0.23199000000000003,0.022000000000000002,0.056400000000000006,456774636701154.562500
0.2320000000000001,0.022000000000000002,0.0572,456774636701154.562500
0.23201000000000005,0.0196,0.054,456774636701154.562500
0.23202000000000012,0.0212,0.055600000000000004,456774636701154.562500
0.23203000000000007,0.022000000000000002,0.050800000000000005,456774636701154.562500
0.23204000000000002,0.0212,0.0572,456774636701154.562500
0.2320500000000001,0.0228,0.0548,456774636701154.562500
0.23206000000000004,0.0236,0.058,456774636701154.562500
0.2320700000000001,0.0204,0.056400000000000006,456774636701154.562500
0.23208000000000006,0.0236,0.055600000000000004,456774636701154.562500
0.23209000000000002,0.022000000000000002,0.0572,456774636701154.562500
0.23210000000000008,0.022000000000000002,0.0516,456774636701154.562500
0.23211000000000004,0.0212,0.056400000000000006,456774636701154.562500
0.2321200000000001,0.0244,0.05,456774636701154.562500
0.23213000000000006,0.0236,0.053200000000000004,456774636701154.562500
0.23214,0.0236,0.056400000000000006,456774636701154.562500
0.23215000000000008,0.0236,0.0492,456774636701154.562500
0.23216000000000003,0.0236,0.0572,456774636701154.562500
0.2321700000000001,0.022000000000000002,0.055600000000000004,456774636701154.562500
0.23218000000000005,0.0236,0.056400000000000006,456774636701154.562500
0.23219,0.0228,0.058,456774636701154.562500
0.23220000000000007,0.0244,0.0572,456774636701154.562500
0.23221000000000003,0.0188,0.055600000000000004,456774636701154.562500
0.2322200000000001,0.0204,0.056400000000000006,456774636701154.562500
0.23223000000000005,0.0244,0.0572,456774636701154.562500
0.2322400000000001,0.0228,0.0548,456774636701154.562500
0.23225000000000007,0.0228,0.056400000000000006,456774636701154.562500
0.23226000000000002,0.0236,0.055600000000000004,456774636701154.562500
0.2322700000000001,0.022000000000000002,0.0524,456774636701154.562500
0.23228000000000004,0.0228,0.0524,456774636701154.562500
0.2322900000000001,0.022000000000000002,0.0572,456774636701154.562500
0.23230000000000006,0.0228,0.0548,456774636701154.562500
0.23231000000000002,0.0228,0.056400000000000006,456774636701154.562500
0.23232000000000008,0.022000000000000002,0.0548,456774636701154.562500
0.23233000000000004,0.022000000000000002,0.0524,456774636701154.562500
0.2323400000000001,0.022000000000000002,0.054,456774636701154.562500
0.23235000000000006,0.022000000000000002,0.056400000000000006,456774636701154.562500
0.23236,0.0228,0.0572,456774636701154.562500
0.23237000000000008,0.0212,0.0548,456774636701154.562500
0.23238000000000003,0.0228,0.056400000000000006,456774636701154.562500
0.2323900000000001,0.022000000000000002,0.0548,456774636701154.562500
0.23240000000000005,0.0228,0.055600000000000004,456774636701154.562500
0.23241,0.022000000000000002,0.0548,456774636701154.562500
0.23242000000000007,0.0236,0.058,456774636701154.562500
0.23243000000000003,0.022000000000000002,0.0548,456774636701154.562500
0.2324400000000001,0.0228,0.053200000000000004,456774636701154.562500
0.23245000000000005,0.0236,0.054,456774636701154.562500
0.2324600000000001,0.0236,0.0516,456774636701154.562500
0.23247000000000007,0.0236,0.056400000000000006,456774636701154.562500
0.23248000000000002,0.0228,0.0548,456774636701154.562500
0.23249000000000009,0.0244,0.056400000000000006,456774636701154.562500
0.23250000000000004,0.022000000000000002,0.0444,456774636701154.562500
0.2325100000000001,0.0244,0.046,456774636701154.562500
0.23252000000000006,0.022000000000000002,0.0388,456774636701154.562500
0.23253000000000001,0.0228,0.042,456774636701154.562500
0.23254000000000008,0.0236,0.0492,456774636701154.562500
0.23255000000000003,0.0164,0.055600000000000004,456774636701154.562500
0.2325600000000001,0.022000000000000002,0.05,456774636701154.562500
0.23257000000000005,0.0212,0.053200000000000004,456774636701154.562500
0.23258,0.0236,0.055600000000000004,456774636701154.562500
0.23259000000000007,0.0212,0.056400000000000006,456774636701154.562500
0.23260000000000003,0.0212,0.054,456774636701154.562500
0.2326100000000001,0.022000000000000002,0.050800000000000005,456774636701154.562500
0.23262000000000005,0.022000000000000002,0.0516,456774636701154.562500
0.23263000000000011,0.0212,0.05,456774636701154.562500
0.23264000000000007,0.0228,0.055600000000000004,456774636701154.562500
0.23265000000000002,0.0204,0.0492,456774636701154.562500
0.2326600000000001,0.0228,0.0572,456774636701154.562500
0.23267000000000004,0.022000000000000002,0.056400000000000006,456774636701154.562500
0.2326800000000001,0.0228,0.055600000000000004,456774636701154.562500
0.23269000000000006,0.022000000000000002,0.056400000000000006,456774636701154.562500
0.23270000000000002,0.0228,0.053200000000000004,456774636701154.562500
0.23271000000000008,0.022000000000000002,0.053200000000000004,456774636701154.562500
0.23272000000000004,0.0236,0.0476,456774636701154.562500
0.2327300000000001,0.022000000000000002,0.058,456774636701154.562500
0.23274000000000006,0.022000000000000002,0.056400000000000006,456774636701154.562500
0.23275,0.0236,0.0548,456774636701154.562500
0.23276000000000008,0.0212,0.054,456774636701154.562500
0.23277000000000003,0.0236,0.0572,456774636701154.562500
0.2327800000000001,0.022000000000000002,0.055600000000000004,456774636701154.562500
0.23279000000000005,0.0236,0.056400000000000006,456774636701154.562500
0.2328,0.0228,0.0572,456774636701154.562500
0.23281000000000007,0.022000000000000002,0.0572,456774636701154.562500
0.23282000000000003,0.0236,0.054,456774636701154.562500
0.2328300000000001,0.022000000000000002,0.056400000000000006,456774636701154.562500
0.23284000000000005,0.0196,0.042800000000000005,456774636701154.562500
0.2328500000000001,0.022000000000000002,0.056400000000000006,456774636701154.562500
0.23286000000000007,0.0212,0.050800000000000005,456774636701154.562500
0.23287000000000002,0.0212,0.0572,456774636701154.562500
0.2328800000000001,0.0164,0.054,456774636701154.562500
0.23289000000000004,0.022000000000000002,0.0548,456774636701154.562500
0.2329000000000001,0.0196,0.050800000000000005,456774636701154.562500
0.23291000000000006,0.022000000000000002,0.056400000000000006,456774636701154.562500
0.23292000000000002,0.022000000000000002,0.050800000000000005,456774636701154.562500
0.23293000000000008,0.022000000000000002,0.054,456774636701154.562500
0.23294000000000004,0.0228,0.054,456774636701154.562500
0.2329500000000001,0.022000000000000002,0.0468,456774636701154.562500
0.23296000000000006,0.0204,0.054,456774636701154.562500
0.23297,0.0236,0.0572,456774636701154.562500
0.23298000000000008,0.022000000000000002,0.055600000000000004,456774636701154.562500
0.23299000000000003,0.0228,0.058,456774636701154.562500
0.2330000000000001,0.0228,0.056400000000000006,456774636701154.562500
0.23301000000000005,0.0236,0.0524,456774636701154.562500
0.23302,0.0244,0.056400000000000006,456774636701154.562500
0.23303000000000007,0.0236,0.058800000000000005,456774636701154.562500
0.23304000000000002,0.0236,0.0524,456774636701154.562500
0.2330500000000001,0.0252,0.0572,456774636701154.562500
0.23306000000000004,0.0236,0.0572,456774636701154.562500
0.2330700000000001,0.0236,0.0572,456774636701154.562500
0.23308000000000006,0.0228,0.0572,456774636701154.562500
0.23309000000000002,0.0244,0.055600000000000004,456774636701154.562500
0.23310000000000008,0.0236,0.0572,456774636701154.562500
0.23311000000000004,0.0236,0.055600000000000004,456774636701154.562500
0.2331200000000001,0.0252,0.0516,456774636701154.562500
0.23313000000000006,0.0204,0.054,456774636701154.562500
0.23314000000000001,0.0204,0.0492,456774636701154.562500
0.23315000000000008,0.0228,0.055600000000000004,456774636701154.562500
0.23316000000000003,0.018000000000000002,0.0548,456774636701154.562500
0.2331700000000001,0.0228,0.046,456774636701154.562500
0.23318000000000005,0.015600000000000001,0.0548,456774636701154.562500
0.23319,0.022000000000000002,0.050800000000000005,456774636701154.562500
0.23320000000000007,0.0188,0.054,456774636701154.562500
0.23321000000000003,0.0228,0.0524,456774636701154.562500
0.2332200000000001,0.0196,0.053200000000000004,456774636701154.562500
0.23323000000000005,0.022000000000000002,0.055600000000000004,456774636701154.562500
0.23324000000000011,0.0212,0.053200000000000004,456774636701154.562500
0.23325000000000007,0.0188,0.058800000000000005,456774636701154.562500
0.23326000000000002,0.022000000000000002,0.0468,456774636701154.562500
0.2332700000000001,0.0228,0.055600000000000004,456774636701154.562500
0.23328000000000004,0.0228,0.0516,456774636701154.562500
0.2332900000000001,0.0212,0.054,456774636701154.562500
0.23330000000000006,0.0228,0.058,456774636701154.562500
0.23331000000000002,0.0228,0.056400000000000006,456774636701154.562500
0.23332000000000008,0.022000000000000002,0.0572,456774636701154.562500
0.23333000000000004,0.0236,0.0572,456774636701154.562500
0.2333400000000001,0.0228,0.0548,456774636701154.562500
0.23335000000000006,0.022000000000000002,0.054,456774636701154.562500
0.23336,0.0228,0.0492,456774636701154.562500
0.23337000000000008,0.022000000000000002,0.0524,456774636701154.562500
0.23338000000000003,0.026000000000000002,0.048400000000000006,456774636701154.562500
0.2333900000000001,0.0244,0.055600000000000004,456774636701154.562500
0.23340000000000005,0.0236,0.058,456774636701154.562500
0.23341,0.0252,0.056400000000000006,456774636701154.562500
0.23342000000000007,0.0228,0.0548,456774636701154.562500
0.23343000000000003,0.0228,0.058,456774636701154.562500
0.2334400000000001,0.0212,0.055600000000000004,456774636701154.562500
0.23345000000000005,0.0188,0.0548,456774636701154.562500
0.2334600000000001,0.022000000000000002,0.048400000000000006,456774636701154.562500
0.23347000000000007,0.0188,0.058,456774636701154.562500
0.23348000000000002,0.0212,0.05,456774636701154.562500
0.2334900000000001,0.022000000000000002,0.055600000000000004,456774636701154.562500
0.23350000000000004,0.018000000000000002,0.055600000000000004,456774636701154.562500
0.2335100000000001,0.0212,0.0492,456774636701154.562500
0.23352000000000006,0.0204,0.0572,456774636701154.562500
0.23353000000000002,0.022000000000000002,0.0548,456774636701154.562500
0.23354000000000008,0.0228,0.0548,456774636701154.562500
0.23355000000000004,0.0212,0.0572,456774636701154.562500
0.2335600000000001,0.0188,0.0548,456774636701154.562500
0.23357000000000006,0.022000000000000002,0.0548,456774636701154.562500
0.23358,0.0204,0.058,456774636701154.562500
0.23359000000000008,0.0236,0.056400000000000006,456774636701154.562500
0.23360000000000003,0.022000000000000002,0.055600000000000004,456774636701154.562500
0.2336100000000001,0.0212,0.0476,456774636701154.562500
0.23362000000000005,0.0212,0.056400000000000006,456774636701154.562500
0.23363000000000012,0.0236,0.0572,456774636701154.562500
0.23364000000000007,0.0236,0.0572,456774636701154.562500
0.23365000000000002,0.0252,0.0572,456774636701154.562500
0.2336600000000001,0.0244,0.055600000000000004,456774636701154.562500
0.23367000000000004,0.0228,0.056400000000000006,456774636701154.562500
0.2336800000000001,0.0228,0.0548,456774636701154.562500
0.23369000000000006,0.0228,0.05,456774636701154.562500
0.23370000000000002,0.0212,0.0524,456774636701154.562500
0.23371000000000008,0.022000000000000002,0.055600000000000004,456774636701154.562500
0.23372000000000004,0.0196,0.056400000000000006,456774636701154.562500
0.2337300000000001,0.0252,0.046,456774636701154.562500
0.23374000000000006,0.0196,0.0548,456774636701154.562500
0.23375,0.0236,0.050800000000000005,456774636701154.562500
0.23376000000000008,0.018000000000000002,0.056400000000000006,456774636701154.562500
0.23377000000000003,0.0212,0.0572,456774636701154.562500
0.2337800000000001,0.0188,0.055600000000000004,456774636701154.562500
0.23379000000000005,0.0228,0.0548,456774636701154.562500
0.2338,0.022000000000000002,0.056400000000000006,456774636701154.562500
0.23381000000000007,0.022000000000000002,0.0548,456774636701154.562500
0.23382000000000003,0.0228,0.056400000000000006,456774636701154.562500
0.2338300000000001,0.0204,0.0524,456774636701154.562500
0.23384000000000005,0.0196,0.058,456774636701154.562500
0.2338500000000001,0.022000000000000002,0.0524,456774636701154.562500
0.23386000000000007,0.022000000000000002,0.0572,456774636701154.562500
0.23387000000000002,0.0196,0.0572,456774636701154.562500
0.2338800000000001,0.022000000000000002,0.0492,456774636701154.562500
0.23389000000000004,0.0228,0.056400000000000006,456774636701154.562500
0.2339000000000001,0.0228,0.0476,456774636701154.562500
0.23391000000000006,0.0236,0.055600000000000004,456774636701154.562500
0.23392000000000002,0.0228,0.0548,456774636701154.562500
0.23393000000000008,0.0236,0.0548,456774636701154.562500
0.23394000000000004,0.0244,0.0548,456774636701154.562500
0.2339500000000001,0.0236,0.0548,456774636701154.562500
0.23396000000000006,0.0236,0.056400000000000006,456774636701154.562500
0.23397,0.0236,0.056400000000000006,456774636701154.562500
0.23398000000000008,0.0244,0.050800000000000005,456774636701154.562500
0.23399000000000003,0.0236,0.055600000000000004,456774636701154.562500
0.2340000000000001,0.0244,0.0412,456774636701154.562500
0.23401000000000005,0.0252,0.056400000000000006,456774636701154.562500
0.23402,0.0236,0.0476,456774636701154.562500
0.23403000000000007,0.0204,0.056400000000000006,456774636701154.562500
0.23404000000000003,0.0236,0.0572,456774636701154.562500
0.2340500000000001,0.022000000000000002,0.053200000000000004,456774636701154.562500
0.23406000000000005,0.0228,0.055600000000000004,456774636701154.562500
0.2340700000000001,0.0228,0.053200000000000004,456774636701154.562500
0.23408000000000007,0.0204,0.054,456774636701154.562500
0.23409000000000002,0.0236,0.0468,456774636701154.562500
0.23410000000000009,0.0172,0.0572,456774636701154.562500
0.23411000000000004,0.0228,0.05,456774636701154.562500
0.2341200000000001,0.0188,0.0524,456774636701154.562500
0.23413000000000006,0.022000000000000002,0.056400000000000006,456774636701154.562500
0.23414000000000001,0.022000000000000002,0.054,456774636701154.562500
0.23415000000000008,0.0236,0.058,456774636701154.562500
0.23416000000000003,0.0228,0.0516,456774636701154.562500
0.2341700000000001,0.0236,0.0524,456774636701154.562500
0.23418000000000005,0.0212,0.05,456774636701154.562500
0.23419,0.0236,0.0548,456774636701154.562500
0.23420000000000007,0.0228,0.050800000000000005,456774636701154.562500
0.23421000000000003,0.022000000000000002,0.056400000000000006,456774636701154.562500
0.2342200000000001,0.0212,0.054,456774636701154.562500
0.23423000000000005,0.0236,0.056400000000000006,456774636701154.562500
0.23424000000000011,0.0212,0.0548,456774636701154.562500
0.23425000000000007,0.0188,0.053200000000000004,456774636701154.562500
0.23426000000000002,0.0228,0.0572,456774636701154.562500
0.2342700000000001,0.0212,0.050800000000000005,456774636701154.562500
0.23428000000000004,0.0236,0.0548,456774636701154.562500
0.2342900000000001,0.0204,0.053200000000000004,456774636701154.562500
0.23430000000000006,0.026000000000000002,0.056400000000000006,456774636701154.562500
0.23431000000000002,0.0236,0.05,456774636701154.562500
0.23432000000000008,0.022000000000000002,0.055600000000000004,456774636701154.562500
0.23433000000000004,0.0252,0.054,456774636701154.562500
0.2343400000000001,0.022000000000000002,0.058,456774636701154.562500
0.23435000000000006,0.0212,0.05,456774636701154.562500
0.23436,0.0212,0.053200000000000004,456774636701154.562500
0.23437000000000008,0.0236,0.0548,456774636701154.562500
0.23438000000000003,0.018000000000000002,0.055600000000000004,456774636701154.562500
0.2343900000000001,0.022000000000000002,0.056400000000000006,456774636701154.562500
0.23440000000000005,0.0188,0.054,456774636701154.562500
0.23441,0.0236,0.0524,456774636701154.562500
0.23442000000000007,0.022000000000000002,0.056400000000000006,456774636701154.562500
0.23443000000000003,0.0212,0.042800000000000005,456774636701154.562500
0.2344400000000001,0.0212,0.055600000000000004,456774636701154.562500
0.23445000000000005,0.0204,0.054,456774636701154.562500
0.2344600000000001,0.022000000000000002,0.056400000000000006,456774636701154.562500
0.23447000000000007,0.0188,0.055600000000000004,456774636701154.562500
0.23448000000000002,0.0164,0.055600000000000004,456774636701154.562500
0.2344900000000001,0.0236,0.058,456774636701154.562500
0.23450000000000004,0.015600000000000001,0.054,456774636701154.562500
0.2345100000000001,0.022000000000000002,0.055600000000000004,456774636701154.562500
0.23452000000000006,0.0196,0.053200000000000004,456774636701154.562500
0.23453000000000002,0.022000000000000002,0.055600000000000004,456774636701154.562500
0.23454000000000008,0.0228,0.055600000000000004,456774636701154.562500
0.23455000000000004,0.0228,0.054,456774636701154.562500
0.2345600000000001,0.0244,0.0572,456774636701154.562500
0.23457000000000006,0.0212,0.054,456774636701154.562500
0.23458,0.0212,0.0476,456774636701154.562500
0.23459000000000008,0.0212,0.0548,456774636701154.562500
0.23460000000000003,0.0228,0.0572,456774636701154.562500
0.2346100000000001,0.0236,0.055600000000000004,456774636701154.562500
0.23462000000000005,0.0236,0.0572,456774636701154.562500
0.23463,0.022000000000000002,0.05,456774636701154.562500
0.23464000000000007,0.0228,0.055600000000000004,456774636701154.562500
0.23465000000000003,0.0244,0.0524,456774636701154.562500
0.2346600000000001,0.0236,0.055600000000000004,456774636701154.562500
0.23467000000000005,0.0228,0.0572,456774636701154.562500
0.2346800000000001,0.0212,0.050800000000000005,456774636701154.562500
0.23469000000000007,0.0236,0.0572,456774636701154.562500
0.23470000000000002,0.0228,0.0548,456774636701154.562500
0.23471000000000009,0.0212,0.0492,456774636701154.562500
0.23472000000000004,0.022000000000000002,0.0524,456774636701154.562500
0.2347300000000001,0.022000000000000002,0.0548,456774636701154.562500
0.23474000000000006,0.0188,0.056400000000000006,456774636701154.562500
0.23475000000000001,0.022000000000000002,0.0524,456774636701154.562500
0.23476000000000008,0.0188,0.056400000000000006,456774636701154.562500
0.23477000000000003,0.022000000000000002,0.0444,456774636701154.562500
0.2347800000000001,0.0188,0.0524,456774636701154.562500
0.23479000000000005,0.0196,0.05,456774636701154.562500
0.2348,0.022000000000000002,0.0524,456774636701154.562500
0.23481000000000007,0.0236,0.05,456774636701154.562500
0.23482000000000003,0.022000000000000002,0.053200000000000004,456774636701154.562500
0.2348300000000001,0.0212,0.053200000000000004,456774636701154.562500
0.23484000000000005,0.0212,0.053200000000000004,456774636701154.562500
0.23485000000000011,0.018000000000000002,0.0468,456774636701154.562500
0.23486000000000007,0.0228,0.055600000000000004,456774636701154.562500
0.23487000000000002,0.0244,0.0548,456774636701154.562500
0.2348800000000001,0.0244,0.0524,456774636701154.562500
0.23489000000000004,0.0236,0.054,456774636701154.562500
0.2349000000000001,0.0252,0.055600000000000004,456774636701154.562500
0.23491000000000006,0.0212,0.0476,456774636701154.562500
0.23492000000000002,0.0252,0.0516,456774636701154.562500
0.23493000000000008,0.0236,0.045200000000000004,456774636701154.562500
0.23494000000000004,0.0228,0.0524,456774636701154.562500
0.2349500000000001,0.0204,0.0524,456774636701154.562500
0.23496000000000006,0.0228,0.056400000000000006,456774636701154.562500
0.23497,0.0244,0.05,456774636701154.562500
0.23498000000000008,0.0212,0.05,456774636701154.562500
0.23499000000000003,0.0236,0.055600000000000004,456774636701154.562500
0.2350000000000001,0.022000000000000002,0.0476,456774636701154.562500
0.23501000000000005,0.0228,0.053200000000000004,456774636701154.562500
0.23502,0.0212,0.05,456774636701154.562500
0.23503000000000007,0.022000000000000002,0.055600000000000004,456774636701154.562500
0.23504000000000003,0.0212,0.046,456774636701154.562500
0.2350500000000001,0.0204,0.055600000000000004,456774636701154.562500
0.23506000000000005,0.0212,0.046,456774636701154.562500
0.2350700000000001,0.0228,0.05,456774636701154.562500
0.23508000000000007,0.018000000000000002,0.0412,456774636701154.562500
0.23509000000000002,0.0228,0.055600000000000004,456774636701154.562500
0.2351000000000001,0.0228,0.0524,456774636701154.562500
0.23511000000000004,0.0228,0.054,456774636701154.562500
0.2351200000000001,0.0228,0.056400000000000006,456774636701154.562500
0.23513000000000006,0.0236,0.055600000000000004,456774636701154.562500
0.23514000000000002,0.0236,0.055600000000000004,456774636701154.562500
0.23515000000000008,0.0236,0.056400000000000006,456774636701154.562500
0.23516000000000004,0.0228,0.055600000000000004,456774636701154.562500
0.2351700000000001,0.0244,0.056400000000000006,456774636701154.562500
0.23518000000000006,0.0228,0.0524,456774636701154.562500
0.23519,0.022000000000000002,0.0524,456774636701154.562500
0.23520000000000008,0.0252,0.0492,456774636701154.562500
0.23521000000000003,0.0228,0.055600000000000004,456774636701154.562500
0.2352200000000001,0.0236,0.0516,456774636701154.562500
0.23523000000000005,0.0212,0.054,456774636701154.562500
0.23524,0.0228,0.0548,456774636701154.562500
0.23525000000000007,0.0204,0.0548,456774636701154.562500
0.23526000000000002,0.0228,0.056400000000000006,456774636701154.562500
0.2352700000000001,0.0164,0.055600000000000004,456774636701154.562500
0.23528000000000004,0.022000000000000002,0.055600000000000004,456774636701154.562500
0.2352900000000001,0.0212,0.056400000000000006,456774636701154.562500
0.23530000000000006,0.0228,0.054,456774636701154.562500
0.23531000000000002,0.0228,0.053200000000000004,456774636701154.562500
0.23532000000000008,0.0196,0.050800000000000005,456774636701154.562500
0.23533000000000004,0.0228,0.055600000000000004,456774636701154.562500
0.2353400000000001,0.022000000000000002,0.056400000000000006,456774636701154.562500
0.23535000000000006,0.0212,0.0548,456774636701154.562500
0.23536,0.0244,0.054,456774636701154.562500
0.23537000000000008,0.0196,0.055600000000000004,456774636701154.562500
0.23538000000000003,0.022000000000000002,0.055600000000000004,456774636701154.562500
0.2353900000000001,0.022000000000000002,0.050800000000000005,456774636701154.562500
0.23540000000000005,0.022000000000000002,0.056400000000000006,456774636701154.562500
0.23541,0.0196,0.055600000000000004,456774636701154.562500
0.23542000000000007,0.0228,0.050800000000000005,456774636701154.562500
0.23543000000000003,0.0236,0.055600000000000004,456774636701154.562500
0.2354400000000001,0.0228,0.0548,456774636701154.562500
0.23545000000000005,0.0236,0.056400000000000006,456774636701154.562500
0.2354600000000001,0.0228,0.054,456774636701154.562500
0.23547000000000007,0.0244,0.055600000000000004,456774636701154.562500
0.23548000000000002,0.0212,0.053200000000000004,456774636701154.562500
0.2354900000000001,0.0244,0.056400000000000006,456774636701154.562500
0.23550000000000004,0.0244,0.050800000000000005,456774636701154.562500
0.2355100000000001,0.022000000000000002,0.056400000000000006,456774636701154.562500
0.23552000000000006,0.0244,0.050800000000000005,456774636701154.562500
0.23553000000000002,0.0244,0.0572,456774636701154.562500
0.23554000000000008,0.0252,0.0548,456774636701154.562500
0.23555000000000004,0.0252,0.055600000000000004,456774636701154.562500
0.2355600000000001,0.0228,0.0548,456774636701154.562500
0.23557000000000006,0.0204,0.0572,456774636701154.562500
0.23558,0.0236,0.056400000000000006,456774636701154.562500
0.23559000000000008,0.022000000000000002,0.0572,456774636701154.562500
0.23560000000000003,0.0228,0.0572,456774636701154.562500
0.2356100000000001,0.0204,0.0548,456774636701154.562500
0.23562000000000005,0.022000000000000002,0.058,456774636701154.562500
0.23563,0.0228,0.056400000000000006,456774636701154.562500
0.23564000000000007,0.0196,0.055600000000000004,456774636701154.562500
0.23565000000000003,0.022000000000000002,0.056400000000000006,456774636701154.562500
0.2356600000000001,0.022000000000000002,0.055600000000000004,456774636701154.562500
0.23567000000000005,0.0204,0.054,456774636701154.562500
0.2356800000000001,0.0196,0.0548,456774636701154.562500
0.23569000000000007,0.0212,0.050800000000000005,456774636701154.562500
0.23570000000000002,0.0212,0.055600000000000004,456774636701154.562500
0.23571000000000009,0.0196,0.048400000000000006,456774636701154.562500
0.23572000000000004,0.0236,0.0548,456774636701154.562500
0.2357300000000001,0.0196,0.056400000000000006,456774636701154.562500
0.23574000000000006,0.0196,0.0572,456774636701154.562500
0.23575000000000002,0.018000000000000002,0.0476,456774636701154.562500
0.23576000000000008,0.0236,0.054,456774636701154.562500
0.23577000000000004,0.022000000000000002,0.055600000000000004,456774636701154.562500
0.2357800000000001,0.022000000000000002,0.0548,456774636701154.562500
0.23579000000000006,0.0204,0.054,456774636701154.562500
0.2358,0.0236,0.0572,456774636701154.562500
0.23581000000000008,0.0244,0.055600000000000004,456774636701154.562500
0.23582000000000003,0.0252,0.0516,456774636701154.562500
0.2358300000000001,0.0252,0.0572,456774636701154.562500
0.23584000000000005,0.0212,0.056400000000000006,456774636701154.562500
0.23585000000000012,0.0252,0.058,456774636701154.562500
0.23586000000000007,0.0244,0.048400000000000006,456774636701154.562500
0.23587000000000002,0.0228,0.056400000000000006,456774636701154.562500
0.2358800000000001,0.0252,0.056400000000000006,456774636701154.562500
0.23589000000000004,0.0228,0.056400000000000006,456774636701154.562500
0.2359000000000001,0.022000000000000002,0.055600000000000004,456774636701154.562500
0.23591000000000006,0.022000000000000002,0.053200000000000004,456774636701154.562500
0.23592000000000002,0.0228,0.050800000000000005,456774636701154.562500
0.23593000000000008,0.0228,0.0444,456774636701154.562500
0.23594000000000004,0.0236,0.0572,456774636701154.562500
0.2359500000000001,0.022000000000000002,0.0468,456774636701154.562500
0.23596000000000006,0.0228,0.055600000000000004,456774636701154.562500
0.23597,0.0196,0.048400000000000006,456774636701154.562500
0.23598000000000008,0.022000000000000002,0.0524,456774636701154.562500
0.23599000000000003,0.022000000000000002,0.0524,456774636701154.562500
0.2360000000000001,0.0212,0.055600000000000004,456774636701154.562500
0.23601000000000005,0.022000000000000002,0.055600000000000004,456774636701154.562500
0.23602,0.0228,0.0572,456774636701154.562500
0.23603000000000007,0.0204,0.055600000000000004,456774636701154.562500
0.23604000000000003,0.022000000000000002,0.0572,456774636701154.562500
0.2360500000000001,0.022000000000000002,0.055600000000000004,456774636701154.562500
0.23606000000000005,0.022000000000000002,0.055600000000000004,456774636701154.562500
0.2360700000000001,0.0164,0.0572,456774636701154.562500
0.23608000000000007,0.0236,0.0572,456774636701154.562500
0.23609000000000002,0.0204,0.048400000000000006,456774636701154.562500
0.2361000000000001,0.0228,0.056400000000000006,456774636701154.562500
0.23611000000000004,0.0236,0.054,456774636701154.562500
0.2361200000000001,0.0212,0.056400000000000006,456774636701154.562500
0.23613000000000006,0.0236,0.054,456774636701154.562500
0.23614000000000002,0.0228,0.0572,456774636701154.562500
0.23615000000000008,0.0204,0.054,456774636701154.562500
0.23616000000000004,0.018000000000000002,0.0572,456774636701154.562500
0.2361700000000001,0.0236,0.0548,456774636701154.562500
0.23618000000000006,0.018000000000000002,0.054,456774636701154.562500
0.23619,0.0212,0.055600000000000004,456774636701154.562500
0.23620000000000008,0.022000000000000002,0.0524,456774636701154.562500
0.23621000000000003,0.0236,0.05,456774636701154.562500
0.2362200000000001,0.0196,0.0572,456774636701154.562500
0.23623000000000005,0.0228,0.054,456774636701154.562500
0.23624,0.0188,0.055600000000000004,456774636701154.562500
0.23625000000000007,0.0228,0.0516,456774636701154.562500
0.23626000000000003,0.018000000000000002,0.053200000000000004,456774636701154.562500
0.2362700000000001,0.0212,0.054,456774636701154.562500
0.23628000000000005,0.0188,0.056400000000000006,456774636701154.562500
0.2362900000000001,0.0204,0.054,456774636701154.562500
0.23630000000000007,0.022000000000000002,0.0524,456774636701154.562500
0.23631000000000002,0.0212,0.054,456774636701154.562500
0.23632000000000009,0.022000000000000002,0.0468,456774636701154.562500
0.23633000000000004,0.0236,0.055600000000000004,456774636701154.562500
0.2363400000000001,0.0244,0.055600000000000004,456774636701154.562500
0.23635000000000006,0.0228,0.0548,456774636701154.562500
0.23636000000000001,0.0212,0.0548,456774636701154.562500
0.23637000000000008,0.0236,0.055600000000000004,456774636701154.562500
0.23638000000000003,0.0244,0.0524,456774636701154.562500
0.2363900000000001,0.0252,0.058,456774636701154.562500
0.23640000000000005,0.0212,0.055600000000000004,456774636701154.562500
0.23641,0.0244,0.0492,456774636701154.562500
0.23642000000000007,0.0236,0.0516,456774636701154.562500
0.23643000000000003,0.0228,0.0548,456774636701154.562500
0.2364400000000001,0.0244,0.055600000000000004,456774636701154.562500
0.23645000000000005,0.0236,0.0572,456774636701154.562500
0.23646000000000011,0.0228,0.054,456774636701154.562500
0.23647000000000007,0.0228,0.056400000000000006,456774636701154.562500
0.23648000000000002,0.0228,0.037200000000000004,456774636701154.562500
0.2364900000000001,0.0212,0.055600000000000004,456774636701154.562500
0.23650000000000004,0.0236,0.05,456774636701154.562500
0.2365100000000001,0.0236,0.054,456774636701154.562500
0.23652000000000006,0.0236,0.046,456774636701154.562500
0.23653000000000002,0.0204,0.0572,456774636701154.562500
0.23654000000000008,0.022000000000000002,0.0492,456774636701154.562500
0.23655000000000004,0.022000000000000002,0.0572,456774636701154.562500
0.2365600000000001,0.0204,0.053200000000000004,456774636701154.562500
0.23657000000000006,0.022000000000000002,0.0548,456774636701154.562500
0.23658,0.0212,0.054,456774636701154.562500
0.23659000000000008,0.0196,0.0516,456774636701154.562500
0.23660000000000003,0.022000000000000002,0.0548,456774636701154.562500
0.2366100000000001,0.0196,0.046,456774636701154.562500
0.23662000000000005,0.0236,0.053200000000000004,456774636701154.562500
0.23663,0.0196,0.0444,456774636701154.562500
0.23664000000000007,0.0228,0.056400000000000006,456774636701154.562500
0.23665000000000003,0.0196,0.0516,456774636701154.562500
0.2366600000000001,0.0228,0.055600000000000004,456774636701154.562500
0.23667000000000005,0.0212,0.055600000000000004,456774636701154.562500
0.2366800000000001,0.0244,0.0548,456774636701154.562500
0.23669000000000007,0.0212,0.055600000000000004,456774636701154.562500
0.23670000000000002,0.0236,0.055600000000000004,456774636701154.562500
0.2367100000000001,0.0244,0.0548,456774636701154.562500
0.23672000000000004,0.0244,0.0548,456774636701154.562500
0.2367300000000001,0.0252,0.054,456774636701154.562500
0.23674000000000006,0.0212,0.056400000000000006,456774636701154.562500
0.23675000000000002,0.0228,0.0476,456774636701154.562500
0.23676000000000008,0.0204,0.055600000000000004,456774636701154.562500
0.23677000000000004,0.0244,0.054,456774636701154.562500
0.2367800000000001,0.0204,0.0572,456774636701154.562500
0.23679000000000006,0.0244,0.0516,456774636701154.562500
0.2368,0.0196,0.0572,456774636701154.562500
0.23681000000000008,0.0244,0.056400000000000006,456774636701154.562500
0.23682000000000003,0.0236,0.048400000000000006,456774636701154.562500
0.2368300000000001,0.0244,0.0572,456774636701154.562500
0.23684000000000005,0.0228,0.0492,456774636701154.562500
0.23685,0.0228,0.056400000000000006,456774636701154.562500
0.23686000000000007,0.0188,0.0492,456774636701154.562500
0.23687000000000002,0.0228,0.054,456774636701154.562500
0.2368800000000001,0.0204,0.048400000000000006,456774636701154.562500
0.23689000000000004,0.0236,0.056400000000000006,456774636701154.562500
0.2369000000000001,0.0204,0.046,456774636701154.562500
0.23691000000000006,0.0212,0.054,456774636701154.562500
0.23692000000000002,0.0188,0.0548,456774636701154.562500
0.23693000000000008,0.0244,0.054,456774636701154.562500
0.23694000000000004,0.0212,0.0548,456774636701154.562500
0.2369500000000001,0.0236,0.055600000000000004,456774636701154.562500
0.23696000000000006,0.0196,0.055600000000000004,456774636701154.562500
0.23697000000000001,0.0188,0.053200000000000004,456774636701154.562500
0.23698000000000008,0.0204,0.0572,456774636701154.562500
0.23699000000000003,0.018000000000000002,0.0548,456774636701154.562500
0.2370000000000001,0.0236,0.056400000000000006,456774636701154.562500
0.23701000000000005,0.0204,0.0548,456774636701154.562500
0.23702,0.0252,0.0524,456774636701154.562500
0.23703000000000007,0.0188,0.056400000000000006,456774636701154.562500
0.23704000000000003,0.0204,0.0476,456774636701154.562500
0.2370500000000001,0.018000000000000002,0.055600000000000004,456774636701154.562500
0.23706000000000005,0.0236,0.048400000000000006,456774636701154.562500
0.23707000000000011,0.0212,0.055600000000000004,456774636701154.562500
0.23708000000000007,0.0244,0.045200000000000004,456774636701154.562500
0.23709000000000002,0.0244,0.0548,456774636701154.562500
0.2371000000000001,0.0228,0.054,456774636701154.562500
0.23711000000000004,0.0236,0.0572,456774636701154.562500
0.2371200000000001,0.0212,0.056400000000000006,456774636701154.562500
0.23713000000000006,0.0228,0.0548,456774636701154.562500
0.23714000000000002,0.0204,0.058,456774636701154.562500
0.23715000000000008,0.0236,0.05,456774636701154.562500
0.23716000000000004,0.018000000000000002,0.056400000000000006,456774636701154.562500
0.2371700000000001,0.0188,0.0524,456774636701154.562500
0.23718000000000006,0.0212,0.055600000000000004,456774636701154.562500
0.23719,0.0188,0.054,456774636701154.562500
0.23720000000000008,0.0228,0.0468,456774636701154.562500
0.23721000000000003,0.0212,0.055600000000000004,456774636701154.562500
0.2372200000000001,0.0244,0.0548,456774636701154.562500
0.23723000000000005,0.0204,0.058,456774636701154.562500
0.23724,0.022000000000000002,0.055600000000000004,456774636701154.562500
0.23725000000000007,0.0196,0.0548,456774636701154.562500
0.23726000000000003,0.0252,0.055600000000000004,456774636701154.562500
0.2372700000000001,0.0212,0.056400000000000006,456774636701154.562500
0.23728000000000005,0.0252,0.056400000000000006,456774636701154.562500
0.2372900000000001,0.0204,0.058,456774636701154.562500
0.23730000000000007,0.022000000000000002,0.056400000000000006,456774636701154.562500
0.23731000000000002,0.0236,0.0572,456774636701154.562500
0.2373200000000001,0.0212,0.056400000000000006,456774636701154.562500
0.23733000000000004,0.0236,0.0572,456774636701154.562500
0.2373400000000001,0.0196,0.0572,456774636701154.562500
0.23735000000000006,0.0252,0.056400000000000006,456774636701154.562500
0.23736000000000002,0.0236,0.055600000000000004,456774636701154.562500
0.23737000000000008,0.0236,0.0476,456774636701154.562500
0.23738000000000004,0.0236,0.056400000000000006,456774636701154.562500
0.2373900000000001,0.0236,0.050800000000000005,456774636701154.562500
0.23740000000000006,0.0204,0.0572,456774636701154.562500
0.23741,0.0236,0.054,456774636701154.562500
0.23742000000000008,0.0204,0.0548,456774636701154.562500
0.23743000000000003,0.0228,0.055600000000000004,456774636701154.562500
0.2374400000000001,0.0212,0.0524,456774636701154.562500
0.23745000000000005,0.0188,0.0548,456774636701154.562500
0.23746000000000012,0.0196,0.053200000000000004,456774636701154.562500
0.23747000000000007,0.0204,0.0524,456774636701154.562500
0.23748000000000002,0.0228,0.0548,456774636701154.562500
0.2374900000000001,0.0236,0.0492,456774636701154.562500
0.23750000000000004,0.0212,0.0548,456774636701154.562500
0.2375100000000001,0.022000000000000002,0.0548,456774636701154.562500
0.23752000000000006,0.0212,0.0476,456774636701154.562500
0.23753000000000002,0.0228,0.055600000000000004,456774636701154.562500
0.23754000000000008,0.022000000000000002,0.0572,456774636701154.562500
0.23755000000000004,0.0236,0.0548,456774636701154.562500
0.2375600000000001,0.022000000000000002,0.0524,456774636701154.562500
0.23757000000000006,0.0228,0.0572,456774636701154.562500
0.23758,0.0212,0.056400000000000006,456774636701154.562500
0.23759000000000008,0.0228,0.056400000000000006,456774636701154.562500
0.23760000000000003,0.022000000000000002,0.0548,456774636701154.562500
0.2376100000000001,0.0236,0.0572,456774636701154.562500
0.23762000000000005,0.022000000000000002,0.058,456774636701154.562500
0.23763,0.0252,0.056400000000000006,456774636701154.562500
0.23764000000000007,0.0196,0.0516,456774636701154.562500
0.23765000000000003,0.0244,0.055600000000000004,456774636701154.562500
0.2376600000000001,0.0228,0.053200000000000004,456774636701154.562500
0.23767000000000005,0.0252,0.056400000000000006,456774636701154.562500
0.2376800000000001,0.022000000000000002,0.0468,456774636701154.562500
0.23769000000000007,0.0244,0.054,456774636701154.562500
0.23770000000000002,0.0244,0.046,456774636701154.562500
0.2377100000000001,0.0228,0.055600000000000004,456774636701154.562500
0.23772000000000004,0.0228,0.0548,456774636701154.562500
0.2377300000000001,0.0236,0.055600000000000004,456774636701154.562500
0.23774000000000006,0.022000000000000002,0.0476,456774636701154.562500
0.23775000000000002,0.0204,0.056400000000000006,456774636701154.562500
0.23776000000000008,0.0212,0.0548,456774636701154.562500
0.23777000000000004,0.022000000000000002,0.056400000000000006,456774636701154.562500
0.2377800000000001,0.022000000000000002,0.053200000000000004,456774636701154.562500
0.23779000000000006,0.022000000000000002,0.0572,456774636701154.562500
0.2378,0.0228,0.054,456774636701154.562500
0.23781000000000008,0.0204,0.0548,456774636701154.562500
0.23782000000000003,0.0228,0.0548,456774636701154.562500
0.2378300000000001,0.022000000000000002,0.0572,456774636701154.562500
0.23784000000000005,0.0228,0.0572,456774636701154.562500
0.23785,0.0196,0.050800000000000005,456774636701154.562500
0.23786000000000007,0.0212,0.056400000000000006,456774636701154.562500
0.23787000000000003,0.0228,0.0516,456774636701154.562500
0.2378800000000001,0.0228,0.055600000000000004,456774636701154.562500
0.23789000000000005,0.0244,0.053200000000000004,456774636701154.562500
0.2379000000000001,0.0228,0.058,456774636701154.562500
0.23791000000000007,0.0244,0.055600000000000004,456774636701154.562500
0.23792000000000002,0.0252,0.053200000000000004,456774636701154.562500
0.23793000000000009,0.0236,0.055600000000000004,456774636701154.562500
0.23794000000000004,0.0236,0.053200000000000004,456774636701154.562500
0.2379500000000001,0.0236,0.056400000000000006,456774636701154.562500
0.23796000000000006,0.0252,0.0572,456774636701154.562500
0.23797000000000001,0.022000000000000002,0.055600000000000004,456774636701154.562500
0.23798000000000008,0.0236,0.055600000000000004,456774636701154.562500
0.23799000000000003,0.0228,0.055600000000000004,456774636701154.562500
0.2380000000000001,0.0204,0.0572,456774636701154.562500
0.23801000000000005,0.0228,0.056400000000000006,456774636701154.562500
0.23802,0.0172,0.056400000000000006,456774636701154.562500
0.23803000000000007,0.0228,0.0516,456774636701154.562500
0.23804000000000003,0.0196,0.054,456774636701154.562500
0.2380500000000001,0.0252,0.0468,456774636701154.562500
0.23806000000000005,0.0236,0.055600000000000004,456774636701154.562500
0.23807000000000011,0.022000000000000002,0.0476,456774636701154.562500
0.23808000000000007,0.0236,0.0524,456774636701154.562500
0.23809000000000002,0.0204,0.048400000000000006,456774636701154.562500
0.2381000000000001,0.022000000000000002,0.055600000000000004,456774636701154.562500
0.23811000000000004,0.022000000000000002,0.05,456774636701154.562500
0.2381200000000001,0.022000000000000002,0.0572,456774636701154.562500
0.23813000000000006,0.022000000000000002,0.0524,456774636701154.562500
0.23814000000000002,0.0196,0.0548,456774636701154.562500
0.23815000000000008,0.022000000000000002,0.046,456774636701154.562500
0.23816000000000004,0.022000000000000002,0.0548,456774636701154.562500
0.2381700000000001,0.018000000000000002,0.053200000000000004,456774636701154.562500
0.23818000000000006,0.022000000000000002,0.0548,456774636701154.562500
0.23819,0.018000000000000002,0.050800000000000005,456774636701154.562500
0.23820000000000008,0.0228,0.0524,456774636701154.562500
0.23821000000000003,0.0228,0.0468,456774636701154.562500
0.2382200000000001,0.0244,0.055600000000000004,456774636701154.562500
0.23823000000000005,0.0244,0.0516,456774636701154.562500
0.23824,0.0228,0.0572,456774636701154.562500
0.23825000000000007,0.0244,0.048400000000000006,456774636701154.562500
0.23826000000000003,0.0244,0.055600000000000004,456774636701154.562500
0.2382700000000001,0.0212,0.053200000000000004,456774636701154.562500
0.23828000000000005,0.0244,0.0492,456774636701154.562500
0.2382900000000001,0.022000000000000002,0.054,456774636701154.562500
0.23830000000000007,0.0204,0.0476,456774636701154.562500
0.23831000000000002,0.0228,0.0572,456774636701154.562500
0.2383200000000001,0.0228,0.048400000000000006,456774636701154.562500
0.23833000000000004,0.0236,0.0548,456774636701154.562500
0.2383400000000001,0.0188,0.0412,456774636701154.562500
0.23835000000000006,0.0228,0.0548,456774636701154.562500
0.23836000000000002,0.0196,0.045200000000000004,456774636701154.562500
0.23837000000000008,0.0228,0.0572,456774636701154.562500
0.23838000000000004,0.0236,0.0516,456774636701154.562500
0.2383900000000001,0.022000000000000002,0.058,456774636701154.562500
0.23840000000000006,0.022000000000000002,0.054,456774636701154.562500
0.23841,0.0236,0.0572,456774636701154.562500
0.23842000000000008,0.022000000000000002,0.0524,456774636701154.562500
0.23843000000000003,0.0236,0.054,456774636701154.562500
0.2384400000000001,0.018000000000000002,0.048400000000000006,456774636701154.562500
0.23845000000000005,0.022000000000000002,0.055600000000000004,456774636701154.562500
0.23846,0.022000000000000002,0.0412,456774636701154.562500
0.23847000000000007,0.0196,0.055600000000000004,456774636701154.562500
0.23848000000000003,0.0204,0.050800000000000005,456774636701154.562500
0.2384900000000001,0.0164,0.0572,456774636701154.562500
0.23850000000000005,0.0204,0.055600000000000004,456774636701154.562500
0.2385100000000001,0.0244,0.0572,456774636701154.562500
0.23852000000000007,0.0228,0.0548,456774636701154.562500
0.23853000000000002,0.0196,0.0572,456774636701154.562500
0.23854000000000009,0.0228,0.05,456774636701154.562500
0.23855000000000004,0.0196,0.055600000000000004,456774636701154.562500
0.2385600000000001,0.0212,0.0476,456774636701154.562500
0.23857000000000006,0.018000000000000002,0.0548,456774636701154.562500
0.23858000000000001,0.0236,0.0412,456774636701154.562500
0.23859000000000008,0.022000000000000002,0.0524,456774636701154.562500
0.23860000000000003,0.0212,0.0572,456774636701154.562500
0.2386100000000001,0.0204,0.056400000000000006,456774636701154.562500
0.23862000000000005,0.0196,0.054,456774636701154.562500
0.23863,0.0212,0.0524,456774636701154.562500
0.23864000000000007,0.018000000000000002,0.0548,456774636701154.562500
0.23865000000000003,0.0204,0.0516,456774636701154.562500
0.2386600000000001,0.0212,0.056400000000000006,456774636701154.562500
0.23867000000000005,0.022000000000000002,0.0468,456774636701154.562500
0.23868000000000011,0.022000000000000002,0.055600000000000004,456774636701154.562500
0.23869000000000007,0.0236,0.0492,456774636701154.562500
0.23870000000000002,0.0204,0.054,456774636701154.562500
0.2387100000000001,0.022000000000000002,0.0524,456774636701154.562500
0.23872000000000004,0.0244,0.055600000000000004,456774636701154.562500
0.2387300000000001,0.0236,0.056400000000000006,456774636701154.562500
0.23874000000000006,0.0196,0.0476,456774636701154.562500
0.23875000000000002,0.0228,0.056400000000000006,456774636701154.562500
0.23876000000000008,0.0196,0.0548,456774636701154.562500
0.23877000000000004,0.022000000000000002,0.058800000000000005,456774636701154.562500
0.2387800000000001,0.0204,0.056400000000000006,456774636701154.562500
0.23879000000000006,0.0196,0.056400000000000006,456774636701154.562500
0.2388,0.0228,0.056400000000000006,456774636701154.562500
0.23881000000000008,0.0244,0.0548,456774636701154.562500
0.23882000000000003,0.0204,0.0524,456774636701154.562500
0.2388300000000001,0.0236,0.0524,456774636701154.562500
0.23884000000000005,0.0244,0.056400000000000006,456774636701154.562500
0.23885,0.0252,0.0572,456774636701154.562500
0.23886000000000007,0.0228,0.0548,456774636701154.562500
0.23887000000000003,0.022000000000000002,0.054,456774636701154.562500
0.2388800000000001,0.0204,0.053200000000000004,456774636701154.562500
0.23889000000000005,0.0244,0.0516,456774636701154.562500
0.2389000000000001,0.0244,0.048400000000000006,456774636701154.562500
0.23891000000000007,0.0228,0.05,456774636701154.562500
0.23892000000000002,0.0244,0.0436,456774636701154.562500
0.2389300000000001,0.0236,0.0572,456774636701154.562500
0.23894000000000004,0.0228,0.0548,456774636701154.562500
0.2389500000000001,0.0236,0.0572,456774636701154.562500
0.23896000000000006,0.0236,0.055600000000000004,456774636701154.562500
0.23897000000000002,0.0236,0.055600000000000004,456774636701154.562500
0.23898000000000008,0.0228,0.0524,456774636701154.562500
0.23899000000000004,0.0228,0.0492,456774636701154.562500
0.2390000000000001,0.022000000000000002,0.058,456774636701154.562500
0.23901000000000006,0.0212,0.050800000000000005,456774636701154.562500
0.23902,0.0236,0.054,456774636701154.562500
0.23903000000000008,0.0212,0.0516,456774636701154.562500
0.23904000000000003,0.0228,0.0476,456774636701154.562500
0.2390500000000001,0.0204,0.0492,456774636701154.562500
0.23906000000000005,0.0212,0.056400000000000006,456774636701154.562500
0.23907000000000012,0.0236,0.053200000000000004,456774636701154.562500
0.23908000000000007,0.0212,0.055600000000000004,456774636701154.562500
0.23909000000000002,0.022000000000000002,0.0548,456774636701154.562500
0.2391000000000001,0.0228,0.0524,456774636701154.562500
0.23911000000000004,0.0244,0.0548,456774636701154.562500
0.2391200000000001,0.0236,0.055600000000000004,456774636701154.562500
0.23913000000000006,0.0228,0.053200000000000004,456774636701154.562500
0.23914000000000002,0.0244,0.0516,456774636701154.562500
0.23915000000000008,0.0212,0.054,456774636701154.562500
0.23916000000000004,0.0212,0.0524,456774636701154.562500
0.2391700000000001,0.018000000000000002,0.0572,456774636701154.562500
0.23918000000000006,0.0236,0.054,456774636701154.562500
0.23919,0.022000000000000002,0.056400000000000006,456774636701154.562500
0.23920000000000008,0.0236,0.056400000000000006,456774636701154.562500
0.23921000000000003,0.0236,0.0524,456774636701154.562500
0.2392200000000001,0.026000000000000002,0.0524,456774636701154.562500
0.23923000000000005,0.0228,0.0524,456774636701154.562500
0.23924,0.0196,0.053200000000000004,456774636701154.562500
0.23925000000000007,0.0204,0.05,456774636701154.562500
0.23926000000000003,0.0172,0.05,456774636701154.562500
0.2392700000000001,0.0236,0.0548,456774636701154.562500
0.23928000000000005,0.0188,0.0548,456774636701154.562500
0.2392900000000001,0.0196,0.0572,456774636701154.562500
0.23930000000000007,0.0092,0.046,456774636701154.562500
0.23931000000000002,0.0196,0.055600000000000004,456774636701154.562500
0.2393200000000001,0.0188,0.058,456774636701154.562500
0.23933000000000004,0.0236,0.0548,456774636701154.562500
0.2393400000000001,0.0212,0.0548,456774636701154.562500
0.23935000000000006,0.0212,0.054,456774636701154.562500
0.23936000000000002,0.022000000000000002,0.058,456774636701154.562500
0.23937000000000008,0.0196,0.0476,456774636701154.562500
0.23938000000000004,0.0236,0.055600000000000004,456774636701154.562500
0.2393900000000001,0.0228,0.056400000000000006,456774636701154.562500
0.23940000000000006,0.0204,0.05,456774636701154.562500
0.23941,0.0236,0.056400000000000006,456774636701154.562500
0.23942000000000008,0.022000000000000002,0.0524,456774636701154.562500
0.23943000000000003,0.0212,0.056400000000000006,456774636701154.562500
0.2394400000000001,0.022000000000000002,0.0516,456774636701154.562500
0.23945000000000005,0.0236,0.0572,456774636701154.562500
0.23946,0.0212,0.0524,456774636701154.562500
0.23947000000000007,0.0236,0.0524,456774636701154.562500
0.23948000000000003,0.0236,0.053200000000000004,456774636701154.562500
0.2394900000000001,0.0244,0.056400000000000006,456774636701154.562500
0.23950000000000005,0.0244,0.0572,456774636701154.562500
0.2395100000000001,0.0252,0.0524,456774636701154.562500
0.23952000000000007,0.0228,0.0572,456774636701154.562500
0.23953000000000002,0.0244,0.0516,456774636701154.562500
0.2395400000000001,0.0212,0.055600000000000004,456774636701154.562500
0.23955000000000004,0.0228,0.055600000000000004,456774636701154.562500
0.2395600000000001,0.0228,0.0596,456774636701154.562500
0.23957000000000006,0.0212,0.056400000000000006,456774636701154.562500
0.23958000000000002,0.022000000000000002,0.056400000000000006,456774636701154.562500
0.23959000000000008,0.022000000000000002,0.054,456774636701154.562500
0.23960000000000004,0.0164,0.048400000000000006,456774636701154.562500
0.2396100000000001,0.022000000000000002,0.0492,456774636701154.562500
0.23962000000000006,0.018000000000000002,0.0524,456774636701154.562500
0.23963,0.0204,0.0572,456774636701154.562500
0.23964000000000008,0.0164,0.056400000000000006,456774636701154.562500
0.23965000000000003,0.022000000000000002,0.056400000000000006,456774636701154.562500
0.2396600000000001,0.018000000000000002,0.055600000000000004,456774636701154.562500
0.23967000000000005,0.0228,0.056400000000000006,456774636701154.562500
0.23968000000000012,0.022000000000000002,0.056400000000000006,456774636701154.562500
0.23969000000000007,0.0228,0.0524,456774636701154.562500
0.23970000000000002,0.0228,0.0572,456774636701154.562500
0.2397100000000001,0.0236,0.056400000000000006,456774636701154.562500
0.23972000000000004,0.0228,0.055600000000000004,456774636701154.562500
0.2397300000000001,0.0244,0.0572,456774636701154.562500
0.23974000000000006,0.0252,0.055600000000000004,456774636701154.562500
0.23975000000000002,0.0252,0.055600000000000004,456774636701154.562500
0.23976000000000008,0.022000000000000002,0.053200000000000004,456774636701154.562500
0.23977000000000004,0.0252,0.055600000000000004,456774636701154.562500
0.2397800000000001,0.0244,0.054,456774636701154.562500
0.23979000000000006,0.0228,0.054,456774636701154.562500
0.2398,0.0244,0.0572,456774636701154.562500
0.23981000000000008,0.0204,0.048400000000000006,456774636701154.562500
0.23982000000000003,0.0244,0.055600000000000004,456774636701154.562500
0.2398300000000001,0.0212,0.0492,456774636701154.562500
0.23984000000000005,0.0204,0.058,456774636701154.562500
0.23985,0.0244,0.050800000000000005,456774636701154.562500
0.23986000000000007,0.0204,0.056400000000000006,456774636701154.562500
0.23987000000000003,0.0236,0.0516,456774636701154.562500
0.2398800000000001,0.0228,0.0572,456774636701154.562500
0.23989000000000005,0.0228,0.0524,456774636701154.562500
0.2399000000000001,0.022000000000000002,0.055600000000000004,456774636701154.562500
0.23991000000000007,0.0212,0.055600000000000004,456774636701154.562500
0.23992000000000002,0.022000000000000002,0.0524,456774636701154.562500
0.2399300000000001,0.0204,0.056400000000000006,456774636701154.562500
0.23994000000000004,0.0204,0.054,456774636701154.562500
0.2399500000000001,0.0212,0.055600000000000004,456774636701154.562500
0.23996000000000006,0.0212,0.0548,456774636701154.562500
0.23997000000000002,0.0212,0.053200000000000004,456774636701154.562500
0.23998000000000008,0.0236,0.053200000000000004,456774636701154.562500
0.23999000000000004,0.0204,0.0492,456774636701154.562500
0.2400000000000001,0.022000000000000002,0.056400000000000006,456774636701154.562500
0.24001000000000006,0.0212,0.0492,456774636701154.562500
0.24002,0.0204,0.056400000000000006,456774636701154.562500
0.24003000000000008,0.0228,0.055600000000000004,456774636701154.562500
0.24004000000000003,0.022000000000000002,0.046,456774636701154.562500
0.2400500000000001,0.0236,0.055600000000000004,456774636701154.562500
0.24006000000000005,0.0236,0.050800000000000005,456774636701154.562500
0.24007,0.0236,0.0572,456774636701154.562500
0.24008000000000007,0.0236,0.0548,456774636701154.562500
0.24009000000000003,0.0196,0.056400000000000006,456774636701154.562500
0.2401000000000001,0.022000000000000002,0.055600000000000004,456774636701154.562500
0.24011000000000005,0.0236,0.0492,456774636701154.562500
0.2401200000000001,0.0236,0.0548,456774636701154.562500
0.24013000000000007,0.022000000000000002,0.053200000000000004,456774636701154.562500
0.24014000000000002,0.0244,0.055600000000000004,456774636701154.562500
0.24015000000000009,0.018000000000000002,0.0476,456774636701154.562500
0.24016000000000004,0.0204,0.053200000000000004,456774636701154.562500
0.2401700000000001,0.0212,0.0492,456774636701154.562500
0.24018000000000006,0.0228,0.0572,456774636701154.562500
0.24019000000000001,0.022000000000000002,0.048400000000000006,456774636701154.562500
0.24020000000000008,0.0204,0.054,456774636701154.562500
0.24021000000000003,0.0244,0.0516,456774636701154.562500
0.2402200000000001,0.0236,0.0572,456774636701154.562500
0.24023000000000005,0.022000000000000002,0.054,456774636701154.562500
0.24024,0.022000000000000002,0.056400000000000006,456774636701154.562500
0.24025000000000007,0.0212,0.058,456774636701154.562500
0.24026000000000003,0.0172,0.056400000000000006,456774636701154.562500
0.2402700000000001,0.0212,0.05,456774636701154.562500
0.24028000000000005,0.022000000000000002,0.056400000000000006,456774636701154.562500
0.24029000000000011,0.0212,0.0572,456774636701154.562500
0.24030000000000007,0.0244,0.056400000000000006,456774636701154.562500
0.24031000000000002,0.0228,0.054,456774636701154.562500
0.2403200000000001,0.0228,0.0548,456774636701154.562500
0.24033000000000004,0.022000000000000002,0.056400000000000006,456774636701154.562500
0.2403400000000001,0.0236,0.0524,456774636701154.562500
0.24035000000000006,0.022000000000000002,0.0516,456774636701154.562500
0.24036000000000002,0.0236,0.056400000000000006,456774636701154.562500
0.24037000000000008,0.0244,0.046,456774636701154.562500
0.24038000000000004,0.0244,0.054,456774636701154.562500
0.2403900000000001,0.026000000000000002,0.040400000000000005,456774636701154.562500
0.24040000000000006,0.0228,0.054,456774636701154.562500
0.24041,0.022000000000000002,0.0396,456774636701154.562500
0.24042000000000008,0.0244,0.053200000000000004,456774636701154.562500
0.24043000000000003,0.0236,0.0476,456774636701154.562500
0.2404400000000001,0.0236,0.0572,456774636701154.562500
0.24045000000000005,0.0244,0.055600000000000004,456774636701154.562500
0.24046,0.0236,0.0572,456774636701154.562500
0.24047000000000007,0.0212,0.056400000000000006,456774636701154.562500
0.24048000000000003,0.0196,0.054,456774636701154.562500
0.2404900000000001,0.0204,0.0524,456774636701154.562500
0.24050000000000005,0.0212,0.054,456774636701154.562500
0.2405100000000001,0.0204,0.055600000000000004,456774636701154.562500
0.24052000000000007,0.018000000000000002,0.055600000000000004,456774636701154.562500
0.24053000000000002,0.0204,0.054,456774636701154.562500
0.2405400000000001,0.0172,0.048400000000000006,456774636701154.562500
0.24055000000000004,0.022000000000000002,0.058,456774636701154.562500
0.2405600000000001,0.018000000000000002,0.046,456774636701154.562500
0.24057000000000006,0.0212,0.055600000000000004,456774636701154.562500
0.24058000000000002,0.0236,0.056400000000000006,456774636701154.562500
0.24059000000000008,0.022000000000000002,0.056400000000000006,456774636701154.562500
0.24060000000000004,0.0188,0.055600000000000004,456774636701154.562500
0.2406100000000001,0.022000000000000002,0.055600000000000004,456774636701154.562500
0.24062000000000006,0.0228,0.055600000000000004,456774636701154.562500
0.24063,0.0212,0.0572,456774636701154.562500
0.24064000000000008,0.0244,0.054,456774636701154.562500
0.24065000000000003,0.0252,0.0548,456774636701154.562500
0.2406600000000001,0.0252,0.053200000000000004,456774636701154.562500
0.24067000000000005,0.0236,0.0468,456774636701154.562500
0.24068000000000012,0.0236,0.056400000000000006,456774636701154.562500
0.24069000000000007,0.0244,0.045200000000000004,456774636701154.562500
0.24070000000000003,0.0244,0.05,456774636701154.562500
0.2407100000000001,0.0228,0.050800000000000005,456774636701154.562500
0.24072000000000005,0.022000000000000002,0.054,456774636701154.562500
0.2407300000000001,0.0228,0.0572,456774636701154.562500
0.24074000000000007,0.0252,0.053200000000000004,456774636701154.562500
0.24075000000000002,0.022000000000000002,0.055600000000000004,456774636701154.562500
0.24076000000000009,0.0228,0.054,456774636701154.562500
0.24077000000000004,0.0228,0.0572,456774636701154.562500
0.2407800000000001,0.0172,0.0548,456774636701154.562500
0.24079000000000006,0.0228,0.056400000000000006,456774636701154.562500
0.24080000000000001,0.022000000000000002,0.050800000000000005,456774636701154.562500
0.24081000000000008,0.022000000000000002,0.0548,456774636701154.562500
0.24082000000000003,0.0204,0.055600000000000004,456774636701154.562500
0.2408300000000001,0.0228,0.0548,456774636701154.562500
0.24084000000000005,0.0228,0.056400000000000006,456774636701154.562500
0.24085,0.022000000000000002,0.055600000000000004,456774636701154.562500
0.24086000000000007,0.022000000000000002,0.056400000000000006,456774636701154.562500
0.24087000000000003,0.022000000000000002,0.0548,456774636701154.562500
0.2408800000000001,0.022000000000000002,0.0548,456774636701154.562500
0.24089000000000005,0.0212,0.056400000000000006,456774636701154.562500
0.24090000000000011,0.0212,0.058,456774636701154.562500
0.24091000000000007,0.0236,0.0548,456774636701154.562500
0.24092000000000002,0.0204,0.0572,456774636701154.562500
0.2409300000000001,0.0236,0.056400000000000006,456774636701154.562500
0.24094000000000004,0.0228,0.055600000000000004,456774636701154.562500
0.2409500000000001,0.0212,0.055600000000000004,456774636701154.562500
0.24096000000000006,0.0236,0.050800000000000005,456774636701154.562500
0.24097000000000002,0.0212,0.056400000000000006,456774636701154.562500
0.24098000000000008,0.0244,0.0468,456774636701154.562500
0.24099000000000004,0.0244,0.056400000000000006,456774636701154.562500
0.2410000000000001,0.0252,0.055600000000000004,456774636701154.562500
0.24101000000000006,0.0244,0.056400000000000006,456774636701154.562500
0.24102,0.0244,0.056400000000000006,456774636701154.562500
0.24103000000000008,0.0236,0.054,456774636701154.562500
0.24104000000000003,0.022000000000000002,0.056400000000000006,456774636701154.562500
0.2410500000000001,0.0228,0.056400000000000006,456774636701154.562500
0.24106000000000005,0.0228,0.0572,456774636701154.562500
0.24107,0.0228,0.056400000000000006,456774636701154.562500
0.24108000000000007,0.0228,0.050800000000000005,456774636701154.562500
0.24109000000000003,0.0236,0.056400000000000006,456774636701154.562500
0.2411000000000001,0.0236,0.046,456774636701154.562500
0.24111000000000005,0.022000000000000002,0.056400000000000006,456774636701154.562500
0.2411200000000001,0.0236,0.0524,456774636701154.562500
0.24113000000000007,0.022000000000000002,0.053200000000000004,456774636701154.562500
0.24114000000000002,0.0228,0.0516,456774636701154.562500
0.2411500000000001,0.018000000000000002,0.0572,456774636701154.562500
0.24116000000000004,0.0212,0.056400000000000006,456774636701154.562500
0.2411700000000001,0.0188,0.0572,456774636701154.562500
0.24118000000000006,0.022000000000000002,0.056400000000000006,456774636701154.562500
0.24119000000000002,0.0212,0.0548,456774636701154.562500
0.24120000000000008,0.0228,0.045200000000000004,456774636701154.562500
0.24121000000000004,0.022000000000000002,0.048400000000000006,456774636701154.562500
0.2412200000000001,0.022000000000000002,0.0516,456774636701154.562500
0.24123000000000006,0.0244,0.054,456774636701154.562500
0.24124,0.0228,0.0492,456774636701154.562500
0.24125000000000008,0.0236,0.0548,456774636701154.562500
0.24126000000000003,0.0228,0.045200000000000004,456774636701154.562500
0.2412700000000001,0.0252,0.056400000000000006,456774636701154.562500
0.24128000000000005,0.0236,0.055600000000000004,456774636701154.562500
0.24129000000000012,0.0228,0.055600000000000004,456774636701154.562500
0.24130000000000007,0.022000000000000002,0.0572,456774636701154.562500
0.24131000000000002,0.0236,0.042800000000000005,456774636701154.562500
0.2413200000000001,0.0204,0.056400000000000006,456774636701154.562500
0.24133000000000004,0.0228,0.0572,456774636701154.562500
0.2413400000000001,0.0236,0.055600000000000004,456774636701154.562500
0.24135000000000006,0.0244,0.056400000000000006,456774636701154.562500
0.24136000000000002,0.018000000000000002,0.055600000000000004,456774636701154.562500
0.24137000000000008,0.0212,0.054,456774636701154.562500
0.24138000000000004,0.0204,0.0572,456774636701154.562500
0.2413900000000001,0.0244,0.056400000000000006,456774636701154.562500
0.24140000000000006,0.0212,0.0548,456774636701154.562500
0.24141,0.0204,0.0548,456774636701154.562500
0.24142000000000008,0.0212,0.056400000000000006,456774636701154.562500
0.24143000000000003,0.0212,0.056400000000000006,456774636701154.562500
0.2414400000000001,0.0228,0.0572,456774636701154.562500
0.24145000000000005,0.0212,0.050800000000000005,456774636701154.562500
0.24146,0.0204,0.058,456774636701154.562500
0.24147000000000007,0.0212,0.048400000000000006,456774636701154.562500
0.24148000000000003,0.022000000000000002,0.056400000000000006,456774636701154.562500
0.2414900000000001,0.0188,0.0468,456774636701154.562500
0.24150000000000005,0.022000000000000002,0.058,456774636701154.562500
0.2415100000000001,0.0244,0.0548,456774636701154.562500
0.24152000000000007,0.0228,0.0516,456774636701154.562500
0.24153000000000002,0.0204,0.0412,456774636701154.562500
0.2415400000000001,0.0236,0.056400000000000006,456774636701154.562500
0.24155000000000004,0.0228,0.054,456774636701154.562500
0.2415600000000001,0.022000000000000002,0.056400000000000006,456774636701154.562500
0.24157000000000006,0.0204,0.058,456774636701154.562500
0.24158000000000002,0.0236,0.055600000000000004,456774636701154.562500
0.24159000000000008,0.0244,0.055600000000000004,456774636701154.562500
0.24160000000000004,0.0244,0.0516,456774636701154.562500
0.2416100000000001,0.0244,0.0548,456774636701154.562500
0.24162000000000006,0.026000000000000002,0.0524,456774636701154.562500
0.24163,0.0204,0.050800000000000005,456774636701154.562500
0.24164000000000008,0.0228,0.054,456774636701154.562500
0.24165000000000003,0.022000000000000002,0.05,456774636701154.562500
0.2416600000000001,0.0244,0.0572,456774636701154.562500
0.24167000000000005,0.0236,0.0524,456774636701154.562500
0.24168,0.022000000000000002,0.056400000000000006,456774636701154.562500
0.24169000000000007,0.0196,0.058,456774636701154.562500
0.24170000000000003,0.0228,0.0572,456774636701154.562500
0.2417100000000001,0.022000000000000002,0.055600000000000004,456774636701154.562500
0.24172000000000005,0.0236,0.054,456774636701154.562500
0.2417300000000001,0.0244,0.058,456774636701154.562500
0.24174000000000007,0.0212,0.055600000000000004,456774636701154.562500
0.24175000000000002,0.0204,0.0572,456774636701154.562500
0.24176000000000009,0.0228,0.055600000000000004,456774636701154.562500
0.24177000000000004,0.0212,0.055600000000000004,456774636701154.562500
0.2417800000000001,0.0188,0.0516,456774636701154.562500
0.24179000000000006,0.0236,0.054,456774636701154.562500
0.24180000000000001,0.018000000000000002,0.056400000000000006,456774636701154.562500
0.24181000000000008,0.0236,0.0572,456774636701154.562500
0.24182000000000003,0.0236,0.055600000000000004,456774636701154.562500
0.2418300000000001,0.0196,0.056400000000000006,456774636701154.562500
0.24184000000000005,0.022000000000000002,0.0548,456774636701154.562500
0.24185,0.0236,0.05,456774636701154.562500
0.24186000000000007,0.0244,0.056400000000000006,456774636701154.562500
0.24187000000000003,0.0212,0.0516,456774636701154.562500
0.2418800000000001,0.0228,0.0516,456774636701154.562500
0.24189000000000005,0.022000000000000002,0.055600000000000004,456774636701154.562500
0.24190000000000011,0.0228,0.0548,456774636701154.562500
0.24191000000000007,0.0164,0.055600000000000004,456774636701154.562500
0.24192000000000002,0.0236,0.0492,456774636701154.562500
0.2419300000000001,0.022000000000000002,0.054,456774636701154.562500
0.24194000000000004,0.0212,0.0476,456774636701154.562500
0.2419500000000001,0.0188,0.055600000000000004,456774636701154.562500
0.24196000000000006,0.0228,0.0596,456774636701154.562500
0.24197000000000002,0.0172,0.055600000000000004,456774636701154.562500
0.24198000000000008,0.022000000000000002,0.056400000000000006,456774636701154.562500
0.24199000000000004,0.022000000000000002,0.055600000000000004,456774636701154.562500
0.2420000000000001,0.0212,0.056400000000000006,456774636701154.562500
0.24201000000000006,0.0196,0.055600000000000004,456774636701154.562500
0.24202,0.0212,0.056400000000000006,456774636701154.562500
0.24203000000000008,0.0228,0.055600000000000004,456774636701154.562500
0.24204000000000003,0.0212,0.056400000000000006,456774636701154.562500
0.2420500000000001,0.0188,0.055600000000000004,456774636701154.562500
0.24206000000000005,0.0212,0.0548,456774636701154.562500
0.24207,0.0188,0.058,456774636701154.562500
0.24208000000000007,0.022000000000000002,0.054,456774636701154.562500
0.24209000000000003,0.0212,0.0548,456774636701154.562500
0.2421000000000001,0.0204,0.053200000000000004,456774636701154.562500
0.24211000000000005,0.0212,0.058,456774636701154.562500
0.2421200000000001,0.0228,0.05,456774636701154.562500
0.24213000000000007,0.0244,0.056400000000000006,456774636701154.562500
0.24214000000000002,0.0228,0.054,456774636701154.562500
0.2421500000000001,0.0236,0.0572,456774636701154.562500
0.24216000000000004,0.0228,0.054,456774636701154.562500
0.2421700000000001,0.0244,0.0548,456774636701154.562500
0.24218000000000006,0.022000000000000002,0.050800000000000005,456774636701154.562500
0.24219000000000002,0.0236,0.0548,456774636701154.562500
0.24220000000000008,0.0244,0.0476,456774636701154.562500
0.24221000000000004,0.0244,0.0548,456774636701154.562500
0.2422200000000001,0.0244,0.0572,456774636701154.562500
0.24223000000000006,0.022000000000000002,0.056400000000000006,456774636701154.562500
0.24224,0.0228,0.055600000000000004,456774636701154.562500
0.24225000000000008,0.0244,0.056400000000000006,456774636701154.562500
0.24226000000000003,0.0228,0.0548,456774636701154.562500
0.2422700000000001,0.0236,0.058,456774636701154.562500
0.24228000000000005,0.0244,0.0548,456774636701154.562500
0.24229,0.0204,0.056400000000000006,456774636701154.562500
0.24230000000000007,0.0228,0.056400000000000006,456774636701154.562500
0.24231000000000003,0.0204,0.0516,456774636701154.562500
0.2423200000000001,0.022000000000000002,0.055600000000000004,456774636701154.562500
0.24233000000000005,0.0228,0.0516,456774636701154.562500
0.2423400000000001,0.0204,0.058,456774636701154.562500
0.24235000000000007,0.022000000000000002,0.0524,456774636701154.562500
0.24236000000000002,0.0204,0.056400000000000006,456774636701154.562500
0.24237000000000009,0.018000000000000002,0.056400000000000006,456774636701154.562500
0.24238000000000004,0.018000000000000002,0.053200000000000004,456774636701154.562500
0.2423900000000001,0.0196,0.054,456774636701154.562500
0.24240000000000006,0.0236,0.050800000000000005,456774636701154.562500
0.24241000000000001,0.022000000000000002,0.055600000000000004,456774636701154.562500
0.24242000000000008,0.0228,0.0524,456774636701154.562500
0.24243000000000003,0.0212,0.058,456774636701154.562500
0.2424400000000001,0.0228,0.054,456774636701154.562500
0.24245000000000005,0.0252,0.056400000000000006,456774636701154.562500
0.24246,0.022000000000000002,0.050800000000000005,456774636701154.562500
0.24247000000000007,0.0228,0.050800000000000005,456774636701154.562500
0.24248000000000003,0.0236,0.0492,456774636701154.562500
0.2424900000000001,0.0212,0.056400000000000006,456774636701154.562500
0.24250000000000005,0.0212,0.050800000000000005,456774636701154.562500
0.24251000000000011,0.0228,0.056400000000000006,456774636701154.562500
0.24252000000000007,0.022000000000000002,0.055600000000000004,456774636701154.562500
0.24253000000000002,0.0244,0.055600000000000004,456774636701154.562500
0.2425400000000001,0.0228,0.0548,456774636701154.562500
0.24255000000000004,0.0236,0.050800000000000005,456774636701154.562500
0.2425600000000001,0.022000000000000002,0.054,456774636701154.562500
0.24257000000000006,0.0228,0.0548,456774636701154.562500
0.24258000000000002,0.022000000000000002,0.058,456774636701154.562500
0.24259000000000008,0.0228,0.056400000000000006,456774636701154.562500
0.24260000000000004,0.0236,0.056400000000000006,456774636701154.562500
0.2426100000000001,0.0212,0.056400000000000006,456774636701154.562500
0.24262000000000006,0.022000000000000002,0.0572,456774636701154.562500
0.24263,0.0188,0.0548,456774636701154.562500
0.24264000000000008,0.0212,0.055600000000000004,456774636701154.562500
0.24265000000000003,0.015600000000000001,0.056400000000000006,456774636701154.562500
0.2426600000000001,0.0204,0.0572,456774636701154.562500
0.24267000000000005,0.0212,0.0548,456774636701154.562500
0.24268,0.0228,0.0572,456774636701154.562500
0.24269000000000007,0.022000000000000002,0.0572,456774636701154.562500
0.24270000000000003,0.0228,0.055600000000000004,456774636701154.562500
0.2427100000000001,0.0204,0.058,456774636701154.562500
0.24272000000000005,0.0212,0.055600000000000004,456774636701154.562500
0.2427300000000001,0.022000000000000002,0.054,456774636701154.562500
0.24274000000000007,0.0236,0.058,456774636701154.562500
0.24275000000000002,0.0212,0.058,456774636701154.562500
0.2427600000000001,0.0228,0.056400000000000006,456774636701154.562500
0.24277000000000004,0.0244,0.056400000000000006,456774636701154.562500
0.2427800000000001,0.0172,0.0572,456774636701154.562500
0.24279000000000006,0.0236,0.055600000000000004,456774636701154.562500
0.24280000000000002,0.0228,0.0548,456774636701154.562500
0.24281000000000008,0.0204,0.056400000000000006,456774636701154.562500
0.24282000000000004,0.0252,0.0572,456774636701154.562500
0.2428300000000001,0.022000000000000002,0.055600000000000004,456774636701154.562500
0.24284000000000006,0.022000000000000002,0.055600000000000004,456774636701154.562500
0.24285,0.0236,0.0548,456774636701154.562500
0.24286000000000008,0.0228,0.0476,456774636701154.562500
0.24287000000000003,0.0188,0.055600000000000004,456774636701154.562500
0.2428800000000001,0.0228,0.055600000000000004,456774636701154.562500
0.24289000000000005,0.0196,0.054,456774636701154.562500
0.24290000000000012,0.0228,0.058,456774636701154.562500
0.24291000000000007,0.0204,0.050800000000000005,456774636701154.562500
0.24292000000000002,0.0228,0.0572,456774636701154.562500
0.2429300000000001,0.0196,0.042800000000000005,456774636701154.562500
0.24294000000000004,0.022000000000000002,0.0524,456774636701154.562500
0.2429500000000001,0.0212,0.048400000000000006,456774636701154.562500
0.24296000000000006,0.022000000000000002,0.0516,456774636701154.562500
0.24297000000000002,0.022000000000000002,0.0468,456774636701154.562500
0.24298000000000008,0.0212,0.056400000000000006,456774636701154.562500
0.24299000000000004,0.0212,0.0572,456774636701154.562500
0.2430000000000001,0.0244,0.055600000000000004,456774636701154.562500
0.24301000000000006,0.0228,0.054,456774636701154.562500
0.24302,0.0212,0.053200000000000004,456774636701154.562500
0.24303000000000008,0.022000000000000002,0.0548,456774636701154.562500
0.24304000000000003,0.0212,0.0524,456774636701154.562500
0.2430500000000001,0.0212,0.055600000000000004,456774636701154.562500
0.24306000000000005,0.0164,0.0572,456774636701154.562500
0.24307,0.0164,0.0516,456774636701154.562500
0.24308000000000007,0.0188,0.058,456774636701154.562500
0.24309000000000003,0.022000000000000002,0.055600000000000004,456774636701154.562500
0.2431000000000001,0.0236,0.055600000000000004,456774636701154.562500
0.24311000000000005,0.0252,0.05,456774636701154.562500
0.2431200000000001,0.0236,0.053200000000000004,456774636701154.562500
0.24313000000000007,0.0236,0.0492,456774636701154.562500
0.24314000000000002,0.0212,0.055600000000000004,456774636701154.562500
0.2431500000000001,0.0236,0.0468,456774636701154.562500
0.24316000000000004,0.0236,0.0548,456774636701154.562500
0.2431700000000001,0.0252,0.0572,456774636701154.562500
0.24318000000000006,0.0236,0.055600000000000004,456774636701154.562500
0.24319000000000002,0.0244,0.054,456774636701154.562500
0.24320000000000008,0.0236,0.055600000000000004,456774636701154.562500
0.24321000000000004,0.0228,0.0548,456774636701154.562500
0.2432200000000001,0.0164,0.0548,456774636701154.562500
0.24323000000000006,0.0196,0.056400000000000006,456774636701154.562500
0.24324,0.0188,0.058,456774636701154.562500
0.24325000000000008,0.0212,0.0524,456774636701154.562500
0.24326000000000003,0.022000000000000002,0.0516,456774636701154.562500
0.2432700000000001,0.0212,0.055600000000000004,456774636701154.562500
0.24328000000000005,0.022000000000000002,0.0516,456774636701154.562500
0.24329,0.0212,0.055600000000000004,456774636701154.562500
0.24330000000000007,0.0228,0.053200000000000004,456774636701154.562500
0.24331000000000003,0.0228,0.0524,456774636701154.562500
0.2433200000000001,0.022000000000000002,0.054,456774636701154.562500
0.24333000000000005,0.0204,0.048400000000000006,456774636701154.562500
0.2433400000000001,0.022000000000000002,0.055600000000000004,456774636701154.562500
0.24335000000000007,0.0188,0.053200000000000004,456774636701154.562500
0.24336000000000002,0.0204,0.0516,456774636701154.562500
0.2433700000000001,0.0204,0.056400000000000006,456774636701154.562500
0.24338000000000004,0.0228,0.055600000000000004,456774636701154.562500
0.2433900000000001,0.0228,0.0548,456774636701154.562500
0.24340000000000006,0.0188,0.054,456774636701154.562500
0.24341000000000002,0.0228,0.056400000000000006,456774636701154.562500
0.24342000000000008,0.0236,0.0548,456774636701154.562500
0.24343000000000004,0.0244,0.056400000000000006,456774636701154.562500
0.2434400000000001,0.0252,0.056400000000000006,456774636701154.562500
0.24345000000000006,0.0236,0.0572,456774636701154.562500
0.24346,0.0212,0.0548,456774636701154.562500
0.24347000000000008,0.0236,0.0548,456774636701154.562500
0.24348000000000003,0.0244,0.056400000000000006,456774636701154.562500
0.2434900000000001,0.0236,0.054,456774636701154.562500
0.24350000000000005,0.0228,0.056400000000000006,456774636701154.562500
0.24351000000000012,0.0196,0.05,456774636701154.562500
0.24352000000000007,0.0228,0.056400000000000006,456774636701154.562500
0.24353000000000002,0.0212,0.05,456774636701154.562500
0.2435400000000001,0.022000000000000002,0.053200000000000004,456774636701154.562500
0.24355000000000004,0.022000000000000002,0.0516,456774636701154.562500
0.2435600000000001,0.0212,0.0548,456774636701154.562500
0.24357000000000006,0.0204,0.054,456774636701154.562500
0.24358000000000002,0.0204,0.056400000000000006,456774636701154.562500
0.24359000000000008,0.0204,0.05,456774636701154.562500
0.24360000000000004,0.0196,0.0548,456774636701154.562500
0.2436100000000001,0.015600000000000001,0.055600000000000004,456774636701154.562500
0.24362000000000006,0.018000000000000002,0.054,456774636701154.562500
0.24363,0.0164,0.056400000000000006,456774636701154.562500
0.24364000000000008,0.022000000000000002,0.054,456774636701154.562500
0.24365000000000003,0.0212,0.053200000000000004,456774636701154.562500
0.2436600000000001,0.0236,0.0548,456774636701154.562500
0.24367000000000005,0.0236,0.0572,456774636701154.562500
0.24368,0.022000000000000002,0.0516,456774636701154.562500
0.24369000000000007,0.0204,0.055600000000000004,456774636701154.562500
0.24370000000000003,0.022000000000000002,0.056400000000000006,456774636701154.562500
0.2437100000000001,0.0228,0.0572,456774636701154.562500
0.24372000000000005,0.0228,0.0492,456774636701154.562500
0.2437300000000001,0.0212,0.053200000000000004,456774636701154.562500
0.24374000000000007,0.0228,0.054,456774636701154.562500
0.24375000000000002,0.0204,0.053200000000000004,456774636701154.562500
0.2437600000000001,0.0228,0.0548,456774636701154.562500
0.24377000000000004,0.0244,0.0572,456774636701154.562500
0.2437800000000001,0.0252,0.0396,456774636701154.562500
0.24379000000000006,0.0244,0.056400000000000006,456774636701154.562500
0.24380000000000002,0.0236,0.055600000000000004,456774636701154.562500
0.24381000000000008,0.0204,0.0572,456774636701154.562500
0.24382000000000004,0.0212,0.056400000000000006,456774636701154.562500
0.2438300000000001,0.0212,0.055600000000000004,456774636701154.562500
0.24384000000000006,0.0204,0.055600000000000004,456774636701154.562500
0.24385,0.0212,0.056400000000000006,456774636701154.562500
0.24386000000000008,0.0228,0.055600000000000004,456774636701154.562500
0.24387000000000003,0.022000000000000002,0.0572,456774636701154.562500
0.2438800000000001,0.0228,0.055600000000000004,456774636701154.562500
0.24389000000000005,0.0188,0.0548,456774636701154.562500
0.2439,0.022000000000000002,0.055600000000000004,456774636701154.562500
0.24391000000000007,0.022000000000000002,0.0524,456774636701154.562500
0.24392000000000003,0.022000000000000002,0.037200000000000004,456774636701154.562500
0.2439300000000001,0.022000000000000002,0.056400000000000006,456774636701154.562500
0.24394000000000005,0.022000000000000002,0.0548,456774636701154.562500
0.2439500000000001,0.022000000000000002,0.056400000000000006,456774636701154.562500
0.24396000000000007,0.0212,0.0572,456774636701154.562500
0.24397000000000002,0.0228,0.056400000000000006,456774636701154.562500
0.24398000000000009,0.0204,0.0524,456774636701154.562500
0.24399000000000004,0.0252,0.042,456774636701154.562500
0.2440000000000001,0.0244,0.056400000000000006,456774636701154.562500
0.24401000000000006,0.026000000000000002,0.0516,456774636701154.562500
0.24402000000000001,0.0236,0.054,456774636701154.562500
0.24403000000000008,0.022000000000000002,0.056400000000000006,456774636701154.562500
0.24404000000000003,0.0244,0.050800000000000005,456774636701154.562500
0.2440500000000001,0.0236,0.056400000000000006,456774636701154.562500
0.24406000000000005,0.0244,0.054,456774636701154.562500
0.24407,0.0236,0.056400000000000006,456774636701154.562500
0.24408000000000007,0.022000000000000002,0.053200000000000004,456774636701154.562500
0.24409000000000003,0.0236,0.056400000000000006,456774636701154.562500
0.2441000000000001,0.0236,0.053200000000000004,456774636701154.562500
0.24411000000000005,0.0244,0.0572,456774636701154.562500
0.24412000000000011,0.0244,0.053200000000000004,456774636701154.562500
0.24413000000000007,0.0228,0.058,456774636701154.562500
0.24414000000000002,0.022000000000000002,0.056400000000000006,456774636701154.562500
0.2441500000000001,0.022000000000000002,0.055600000000000004,456774636701154.562500
0.24416000000000004,0.0228,0.0476,456774636701154.562500
0.2441700000000001,0.022000000000000002,0.055600000000000004,456774636701154.562500
0.24418000000000006,0.018000000000000002,0.055600000000000004,456774636701154.562500
0.24419000000000002,0.0212,0.0572,456774636701154.562500
0.24420000000000008,0.0212,0.056400000000000006,456774636701154.562500
0.24421000000000004,0.022000000000000002,0.0492,456774636701154.562500
0.2442200000000001,0.0196,0.0548,456774636701154.562500
0.24423000000000006,0.022000000000000002,0.056400000000000006,456774636701154.562500
0.24424,0.0228,0.056400000000000006,456774636701154.562500
0.24425000000000008,0.0236,0.055600000000000004,456774636701154.562500
0.24426000000000003,0.0236,0.0572,456774636701154.562500
0.2442700000000001,0.022000000000000002,0.0524,456774636701154.562500
0.24428000000000005,0.0212,0.056400000000000006,456774636701154.562500
0.24429,0.0236,0.058,456774636701154.562500
0.24430000000000007,0.0244,0.0572,456774636701154.562500
0.24431000000000003,0.0268,0.055600000000000004,456774636701154.562500
0.2443200000000001,0.0236,0.055600000000000004,456774636701154.562500
0.24433000000000005,0.0196,0.055600000000000004,456774636701154.562500
0.2443400000000001,0.0244,0.055600000000000004,456774636701154.562500
0.24435000000000007,0.0244,0.0548,456774636701154.562500
0.24436000000000002,0.0244,0.053200000000000004,456774636701154.562500
0.2443700000000001,0.0236,0.046,456774636701154.562500
0.24438000000000004,0.0236,0.048400000000000006,456774636701154.562500
0.2443900000000001,0.0228,0.0492,456774636701154.562500
0.24440000000000006,0.0204,0.054,456774636701154.562500
0.24441000000000002,0.0236,0.0524,456774636701154.562500
0.24442000000000008,0.022000000000000002,0.0548,456774636701154.562500
0.24443000000000004,0.0228,0.055600000000000004,456774636701154.562500
0.2444400000000001,0.022000000000000002,0.056400000000000006,456774636701154.562500
0.24445000000000006,0.0236,0.054,456774636701154.562500
0.24446,0.022000000000000002,0.058,456774636701154.562500
0.24447000000000008,0.0228,0.0516,456774636701154.562500
0.24448000000000003,0.0196,0.0524,456774636701154.562500
0.2444900000000001,0.0228,0.0468,456774636701154.562500
0.24450000000000005,0.0212,0.0492,456774636701154.562500
0.24451000000000012,0.0228,0.042,456774636701154.562500
0.24452000000000007,0.0228,0.042800000000000005,456774636701154.562500
0.24453000000000003,0.0236,0.048400000000000006,456774636701154.562500
0.2445400000000001,0.0212,0.0516,456774636701154.562500
0.24455000000000005,0.0196,0.0468,456774636701154.562500
0.2445600000000001,0.022000000000000002,0.053200000000000004,456774636701154.562500
0.24457000000000007,0.0196,0.050800000000000005,456774636701154.562500
0.24458000000000002,0.0228,0.055600000000000004,456774636701154.562500
0.24459000000000009,0.022000000000000002,0.0524,456774636701154.562500
0.24460000000000004,0.022000000000000002,0.054,456774636701154.562500
0.2446100000000001,0.0228,0.05,456774636701154.562500
0.24462000000000006,0.0236,0.0572,456774636701154.562500
0.24463000000000001,0.0236,0.054,456774636701154.562500
0.24464000000000008,0.0228,0.058,456774636701154.562500
0.24465000000000003,0.0244,0.0548,456774636701154.562500
0.2446600000000001,0.0244,0.056400000000000006,456774636701154.562500
0.24467000000000005,0.0244,0.056400000000000006,456774636701154.562500
0.24468,0.0236,0.055600000000000004,456774636701154.562500
0.24469000000000007,0.0244,0.058,456774636701154.562500
0.24470000000000003,0.0244,0.058,456774636701154.562500
0.2447100000000001,0.0244,0.0516,456774636701154.562500
0.24472000000000005,0.0228,0.054,456774636701154.562500
0.24473000000000011,0.0228,0.0516,456774636701154.562500
0.24474000000000007,0.022000000000000002,0.054,456774636701154.562500
0.24475000000000002,0.0236,0.054,456774636701154.562500
0.2447600000000001,0.0228,0.056400000000000006,456774636701154.562500
0.24477000000000004,0.0212,0.055600000000000004,456774636701154.562500
0.2447800000000001,0.022000000000000002,0.0572,456774636701154.562500
0.24479000000000006,0.0228,0.0548,456774636701154.562500
0.24480000000000002,0.0188,0.056400000000000006,456774636701154.562500
0.24481000000000008,0.0236,0.0572,456774636701154.562500
0.24482000000000004,0.018000000000000002,0.055600000000000004,456774636701154.562500
0.2448300000000001,0.018000000000000002,0.058,456774636701154.562500
0.24484000000000006,0.0228,0.056400000000000006,456774636701154.562500
0.24485,0.022000000000000002,0.0596,456774636701154.562500
0.24486000000000008,0.0236,0.0572,456774636701154.562500
0.24487000000000003,0.0236,0.056400000000000006,456774636701154.562500
0.2448800000000001,0.0228,0.0548,456774636701154.562500
0.24489000000000005,0.0228,0.056400000000000006,456774636701154.562500
0.2449,0.0236,0.0548,456774636701154.562500
0.24491000000000007,0.0236,0.055600000000000004,456774636701154.562500
0.24492000000000003,0.0244,0.056400000000000006,456774636701154.562500
0.2449300000000001,0.0244,0.056400000000000006,456774636701154.562500
0.24494000000000005,0.0236,0.056400000000000006,456774636701154.562500
0.2449500000000001,0.0244,0.055600000000000004,456774636701154.562500
0.24496000000000007,0.0236,0.0572,456774636701154.562500
0.24497000000000002,0.0228,0.0524,456774636701154.562500
0.2449800000000001,0.022000000000000002,0.053200000000000004,456774636701154.562500
0.24499000000000004,0.0244,0.056400000000000006,456774636701154.562500
0.2450000000000001,0.022000000000000002,0.0572,456774636701154.562500
0.24501000000000006,0.0236,0.0476,456774636701154.562500
0.24502000000000002,0.022000000000000002,0.0524,456774636701154.562500
0.24503000000000008,0.0228,0.0492,456774636701154.562500
0.24504000000000004,0.0212,0.0492,456774636701154.562500
0.2450500000000001,0.0204,0.0516,456774636701154.562500
0.24506000000000006,0.018000000000000002,0.058,456774636701154.562500
0.24507,0.0212,0.0572,456774636701154.562500
0.24508000000000008,0.022000000000000002,0.056400000000000006,456774636701154.562500
0.24509000000000003,0.0204,0.0572,456774636701154.562500
0.2451000000000001,0.022000000000000002,0.056400000000000006,456774636701154.562500
0.24511000000000005,0.0236,0.053200000000000004,456774636701154.562500
0.24512000000000012,0.0228,0.056400000000000006,456774636701154.562500
0.24513000000000007,0.022000000000000002,0.0572,456774636701154.562500
0.24514000000000002,0.0228,0.058800000000000005,456774636701154.562500
0.2451500000000001,0.022000000000000002,0.055600000000000004,456774636701154.562500
0.24516000000000004,0.0228,0.055600000000000004,456774636701154.562500
0.2451700000000001,0.0236,0.0572,456774636701154.562500
0.24518000000000006,0.0236,0.056400000000000006,456774636701154.562500
0.24519000000000002,0.0228,0.055600000000000004,456774636701154.562500
0.24520000000000008,0.022000000000000002,0.058,456774636701154.562500
0.24521000000000004,0.0252,0.056400000000000006,456774636701154.562500
0.2452200000000001,0.0244,0.058,456774636701154.562500
0.24523000000000006,0.0228,0.056400000000000006,456774636701154.562500
0.24524,0.0244,0.053200000000000004,456774636701154.562500
0.24525000000000008,0.0228,0.0572,456774636701154.562500
0.24526000000000003,0.0188,0.0572,456774636701154.562500
0.2452700000000001,0.0236,0.056400000000000006,456774636701154.562500
0.24528000000000005,0.0252,0.0572,456774636701154.562500
0.24529,0.0228,0.056400000000000006,456774636701154.562500
0.24530000000000007,0.022000000000000002,0.0548,456774636701154.562500
0.24531000000000003,0.0244,0.053200000000000004,456774636701154.562500
0.2453200000000001,0.0236,0.056400000000000006,456774636701154.562500
0.24533000000000005,0.0236,0.0548,456774636701154.562500
0.2453400000000001,0.0236,0.0492,456774636701154.562500
0.24535000000000007,0.0212,0.048400000000000006,456774636701154.562500
0.24536000000000002,0.022000000000000002,0.0476,456774636701154.562500
0.2453700000000001,0.0244,0.0516,456774636701154.562500
0.24538000000000004,0.0204,0.056400000000000006,456774636701154.562500
0.2453900000000001,0.0236,0.056400000000000006,456774636701154.562500
0.24540000000000006,0.0204,0.0524,456774636701154.562500
0.24541000000000002,0.022000000000000002,0.054,456774636701154.562500
0.24542000000000008,0.022000000000000002,0.058,456774636701154.562500
0.24543000000000004,0.0212,0.054,456774636701154.562500
0.2454400000000001,0.022000000000000002,0.056400000000000006,456774636701154.562500
0.24545000000000006,0.022000000000000002,0.056400000000000006,456774636701154.562500
0.24546,0.022000000000000002,0.055600000000000004,456774636701154.562500
0.24547000000000008,0.022000000000000002,0.054,456774636701154.562500
0.24548000000000003,0.0228,0.053200000000000004,456774636701154.562500
0.2454900000000001,0.0228,0.0516,456774636701154.562500
0.24550000000000005,0.0228,0.056400000000000006,456774636701154.562500
0.24551,0.0236,0.050800000000000005,456774636701154.562500
0.24552000000000007,0.0252,0.0524,456774636701154.562500
0.24553000000000003,0.0252,0.050800000000000005,456774636701154.562500
0.2455400000000001,0.0244,0.056400000000000006,456774636701154.562500
0.24555000000000005,0.0244,0.0548,456774636701154.562500
0.2455600000000001,0.0236,0.0524,456774636701154.562500
0.24557000000000007,0.0244,0.0548,456774636701154.562500
0.24558000000000002,0.0236,0.058800000000000005,456774636701154.562500
0.24559000000000009,0.0252,0.056400000000000006,456774636701154.562500
0.24560000000000004,0.0228,0.054,456774636701154.562500
0.2456100000000001,0.0228,0.0572,456774636701154.562500
0.24562000000000006,0.022000000000000002,0.05,456774636701154.562500
0.24563000000000001,0.0236,0.0572,456774636701154.562500
0.24564000000000008,0.0188,0.0572,456774636701154.562500
0.24565000000000003,0.022000000000000002,0.0572,456774636701154.562500
0.2456600000000001,0.0196,0.056400000000000006,456774636701154.562500
0.24567000000000005,0.0236,0.056400000000000006,456774636701154.562500
0.24568,0.0204,0.053200000000000004,456774636701154.562500
0.24569000000000007,0.0172,0.054,456774636701154.562500
0.24570000000000003,0.0204,0.058,456774636701154.562500
0.2457100000000001,0.0188,0.0516,456774636701154.562500
0.24572000000000005,0.0212,0.056400000000000006,456774636701154.562500
0.24573000000000012,0.0228,0.056400000000000006,456774636701154.562500
0.24574000000000007,0.022000000000000002,0.056400000000000006,456774636701154.562500
0.24575000000000002,0.0212,0.055600000000000004,456774636701154.562500
0.2457600000000001,0.0204,0.056400000000000006,456774636701154.562500
0.24577000000000004,0.0236,0.0572,456774636701154.562500
0.2457800000000001,0.0236,0.056400000000000006,456774636701154.562500
0.24579000000000006,0.0244,0.056400000000000006,456774636701154.562500
0.24580000000000002,0.0236,0.058,456774636701154.562500
0.24581000000000008,0.0244,0.055600000000000004,456774636701154.562500
0.24582000000000004,0.0228,0.056400000000000006,456774636701154.562500
0.2458300000000001,0.0228,0.0572,456774636701154.562500
0.24584000000000006,0.0236,0.054,456774636701154.562500
0.24585,0.0236,0.056400000000000006,456774636701154.562500
0.24586000000000008,0.0236,0.0548,456774636701154.562500
0.24587000000000003,0.0252,0.058800000000000005,456774636701154.562500
0.2458800000000001,0.0252,0.056400000000000006,456774636701154.562500
0.24589000000000005,0.0228,0.055600000000000004,456774636701154.562500
0.2459,0.0228,0.0548,456774636701154.562500
0.24591000000000007,0.022000000000000002,0.0548,456774636701154.562500
0.24592000000000003,0.0252,0.0524,456774636701154.562500
0.2459300000000001,0.0228,0.054,456774636701154.562500
0.24594000000000005,0.022000000000000002,0.0548,456774636701154.562500
0.2459500000000001,0.022000000000000002,0.058,456774636701154.562500
0.24596000000000007,0.018000000000000002,0.056400000000000006,456774636701154.562500
0.24597000000000002,0.0212,0.058,456774636701154.562500
0.2459800000000001,0.0196,0.0572,456774636701154.562500
0.24599000000000004,0.0204,0.056400000000000006,456774636701154.562500
0.2460000000000001,0.0188,0.058,456774636701154.562500
0.24601000000000006,0.0172,0.056400000000000006,456774636701154.562500
0.24602000000000002,0.0228,0.0572,456774636701154.562500
0.24603000000000008,0.0212,0.058,456774636701154.562500
0.24604000000000004,0.0236,0.0492,456774636701154.562500
0.2460500000000001,0.0228,0.056400000000000006,456774636701154.562500
0.24606000000000006,0.0236,0.0548,456774636701154.562500
0.24607,0.022000000000000002,0.055600000000000004,456774636701154.562500
0.24608000000000008,0.0236,0.055600000000000004,456774636701154.562500
0.24609000000000003,0.022000000000000002,0.0572,456774636701154.562500
0.2461000000000001,0.0212,0.056400000000000006,456774636701154.562500
0.24611000000000005,0.0228,0.05,456774636701154.562500
0.24612000000000012,0.0252,0.0548,456774636701154.562500
0.24613000000000007,0.022000000000000002,0.0572,456774636701154.562500
0.24614000000000003,0.0236,0.055600000000000004,456774636701154.562500
0.2461500000000001,0.0196,0.0548,456774636701154.562500
0.24616000000000005,0.0236,0.0548,456774636701154.562500
0.2461700000000001,0.0228,0.055600000000000004,456774636701154.562500
0.24618000000000007,0.0244,0.0572,456774636701154.562500
0.24619000000000002,0.0204,0.0572,456774636701154.562500
0.24620000000000009,0.0244,0.058,456774636701154.562500
0.24621000000000004,0.0236,0.056400000000000006,456774636701154.562500
0.2462200000000001,0.0244,0.056400000000000006,456774636701154.562500
0.24623000000000006,0.0244,0.055600000000000004,456774636701154.562500
0.24624000000000001,0.0236,0.0572,456774636701154.562500
0.24625000000000008,0.0236,0.058,456774636701154.562500
0.24626000000000003,0.0244,0.053200000000000004,456774636701154.562500
0.2462700000000001,0.0212,0.058,456774636701154.562500
0.24628000000000005,0.022000000000000002,0.056400000000000006,456774636701154.562500
0.24629,0.0228,0.053200000000000004,456774636701154.562500
0.24630000000000007,0.0236,0.0572,456774636701154.562500
0.24631000000000003,0.0228,0.0548,456774636701154.562500
0.2463200000000001,0.0204,0.054,456774636701154.562500
0.24633000000000005,0.0204,0.056400000000000006,456774636701154.562500
0.24634000000000011,0.0196,0.058,456774636701154.562500
0.24635000000000007,0.0236,0.0572,456774636701154.562500
0.24636000000000002,0.022000000000000002,0.056400000000000006,456774636701154.562500
0.2463700000000001,0.0228,0.058,456774636701154.562500
0.24638000000000004,0.0188,0.055600000000000004,456774636701154.562500
0.2463900000000001,0.0212,0.056400000000000006,456774636701154.562500
0.24640000000000006,0.022000000000000002,0.055600000000000004,456774636701154.562500
0.24641000000000002,0.022000000000000002,0.0548,456774636701154.562500
0.24642000000000008,0.0236,0.055600000000000004,456774636701154.562500
0.24643000000000004,0.0228,0.0516,456774636701154.562500
0.2464400000000001,0.0228,0.054,456774636701154.562500
0.24645000000000006,0.0228,0.0572,456774636701154.562500
0.24646,0.0228,0.056400000000000006,456774636701154.562500
0.24647000000000008,0.0244,0.0572,456774636701154.562500
0.24648000000000003,0.0236,0.055600000000000004,456774636701154.562500
0.2464900000000001,0.0252,0.0572,456774636701154.562500
0.24650000000000005,0.0244,0.056400000000000006,456774636701154.562500
0.24651,0.0236,0.0492,456774636701154.562500
0.24652000000000007,0.0244,0.053200000000000004,456774636701154.562500
0.24653000000000003,0.0228,0.05,456774636701154.562500
0.2465400000000001,0.0228,0.0548,456774636701154.562500
0.24655000000000005,0.0244,0.0524,456774636701154.562500
0.2465600000000001,0.0236,0.055600000000000004,456774636701154.562500
0.24657000000000007,0.0228,0.0548,456774636701154.562500
0.24658000000000002,0.022000000000000002,0.054,456774636701154.562500
0.2465900000000001,0.022000000000000002,0.054,456774636701154.562500
0.24660000000000004,0.0204,0.048400000000000006,456774636701154.562500
0.2466100000000001,0.022000000000000002,0.0516,456774636701154.562500
0.24662000000000006,0.022000000000000002,0.058,456774636701154.562500
0.24663000000000002,0.022000000000000002,0.0572,456774636701154.562500
0.24664000000000008,0.022000000000000002,0.056400000000000006,456774636701154.562500
0.24665000000000004,0.0228,0.056400000000000006,456774636701154.562500
0.2466600000000001,0.022000000000000002,0.054,456774636701154.562500
0.24667000000000006,0.022000000000000002,0.0572,456774636701154.562500
0.24668,0.0228,0.0572,456774636701154.562500
0.24669000000000008,0.0228,0.0572,456774636701154.562500
0.24670000000000003,0.0212,0.0572,456774636701154.562500
0.2467100000000001,0.0228,0.0548,456774636701154.562500
0.24672000000000005,0.0196,0.058,456774636701154.562500
0.24673000000000012,0.0236,0.053200000000000004,456774636701154.562500
0.24674000000000007,0.0228,0.058,456774636701154.562500
0.24675000000000002,0.0244,0.055600000000000004,456774636701154.562500
0.2467600000000001,0.0228,0.054,456774636701154.562500
0.24677000000000004,0.0252,0.056400000000000006,456774636701154.562500
0.2467800000000001,0.0236,0.0572,456774636701154.562500
0.24679000000000006,0.0236,0.055600000000000004,456774636701154.562500
0.24680000000000002,0.0252,0.0572,456774636701154.562500
0.24681000000000008,0.0244,0.056400000000000006,456774636701154.562500
0.24682000000000004,0.0252,0.056400000000000006,456774636701154.562500
0.2468300000000001,0.0236,0.0572,456774636701154.562500
0.24684000000000006,0.0236,0.055600000000000004,456774636701154.562500
0.24685,0.0236,0.058,456774636701154.562500
0.24686000000000008,0.0228,0.0572,456774636701154.562500
0.24687000000000003,0.0204,0.054,456774636701154.562500
0.2468800000000001,0.022000000000000002,0.053200000000000004,456774636701154.562500
0.24689000000000005,0.0228,0.055600000000000004,456774636701154.562500
0.2469,0.0236,0.056400000000000006,456774636701154.562500
0.24691000000000007,0.022000000000000002,0.055600000000000004,456774636701154.562500
0.24692000000000003,0.022000000000000002,0.0548,456774636701154.562500
0.2469300000000001,0.0212,0.056400000000000006,456774636701154.562500
0.24694000000000005,0.0204,0.056400000000000006,456774636701154.562500
0.2469500000000001,0.0188,0.056400000000000006,456774636701154.562500
0.24696000000000007,0.0212,0.0572,456774636701154.562500
0.24697000000000002,0.0196,0.0572,456774636701154.562500
0.2469800000000001,0.018000000000000002,0.055600000000000004,456774636701154.562500
0.24699000000000004,0.015600000000000001,0.056400000000000006,456774636701154.562500
0.2470000000000001,0.0172,0.054,456774636701154.562500
0.24701000000000006,0.015600000000000001,0.053200000000000004,456774636701154.562500
0.24702000000000002,0.018000000000000002,0.055600000000000004,456774636701154.562500
0.24703000000000008,0.018000000000000002,0.054,456774636701154.562500
0.24704000000000004,0.018000000000000002,0.0572,456774636701154.562500
0.2470500000000001,0.0228,0.053200000000000004,456774636701154.562500
0.24706000000000006,0.0244,0.0572,456774636701154.562500
0.24707,0.022000000000000002,0.0572,456774636701154.562500
0.24708000000000008,0.022000000000000002,0.0572,456774636701154.562500
0.24709000000000003,0.022000000000000002,0.0572,456774636701154.562500
0.2471000000000001,0.0244,0.056400000000000006,456774636701154.562500
0.24711000000000005,0.0244,0.056400000000000006,456774636701154.562500
0.24712,0.0244,0.056400000000000006,456774636701154.562500
0.24713000000000007,0.0228,0.0572,456774636701154.562500
0.24714000000000003,0.0244,0.0572,456774636701154.562500
0.2471500000000001,0.0236,0.0572,456774636701154.562500
0.24716000000000005,0.022000000000000002,0.054,456774636701154.562500
0.2471700000000001,0.0236,0.055600000000000004,456774636701154.562500
0.24718000000000007,0.0236,0.053200000000000004,456774636701154.562500
0.24719000000000002,0.0228,0.058800000000000005,456774636701154.562500
0.2472000000000001,0.022000000000000002,0.0548,456774636701154.562500
0.24721000000000004,0.0228,0.054,456774636701154.562500
0.2472200000000001,0.0236,0.053200000000000004,456774636701154.562500
0.24723000000000006,0.0204,0.0572,456774636701154.562500
0.24724000000000002,0.0228,0.055600000000000004,456774636701154.562500
0.24725000000000008,0.022000000000000002,0.055600000000000004,456774636701154.562500
0.24726000000000004,0.0228,0.056400000000000006,456774636701154.562500
0.2472700000000001,0.0228,0.055600000000000004,456774636701154.562500
0.24728000000000006,0.0236,0.054,456774636701154.562500
0.24729,0.022000000000000002,0.056400000000000006,456774636701154.562500
0.24730000000000008,0.0236,0.056400000000000006,456774636701154.562500
0.24731000000000003,0.0236,0.0548,456774636701154.562500
0.2473200000000001,0.022000000000000002,0.055600000000000004,456774636701154.562500
0.24733000000000005,0.0228,0.0572,456774636701154.562500
0.24734000000000012,0.0236,0.056400000000000006,456774636701154.562500
0.24735000000000007,0.0236,0.0548,456774636701154.562500
0.24736000000000002,0.0228,0.055600000000000004,456774636701154.562500
0.2473700000000001,0.0228,0.0524,456774636701154.562500
0.24738000000000004,0.0212,0.055600000000000004,456774636701154.562500
0.2473900000000001,0.0236,0.054,456774636701154.562500
0.24740000000000006,0.0228,0.0548,456774636701154.562500
0.24741000000000002,0.0252,0.0524,456774636701154.562500
0.24742000000000008,0.0252,0.0572,456774636701154.562500
0.24743000000000004,0.0228,0.056400000000000006,456774636701154.562500
0.2474400000000001,0.0236,0.056400000000000006,456774636701154.562500
0.24745000000000006,0.0236,0.056400000000000006,456774636701154.562500
0.24746,0.0236,0.056400000000000006,456774636701154.562500
0.24747000000000008,0.0228,0.056400000000000006,456774636701154.562500
0.24748000000000003,0.0212,0.055600000000000004,456774636701154.562500
0.2474900000000001,0.022000000000000002,0.0548,456774636701154.562500
0.24750000000000005,0.0212,0.0572,456774636701154.562500
0.24751,0.0228,0.056400000000000006,456774636701154.562500
0.24752000000000007,0.0228,0.056400000000000006,456774636701154.562500
0.24753000000000003,0.018000000000000002,0.0572,456774636701154.562500
0.2475400000000001,0.0212,0.0572,456774636701154.562500
0.24755000000000005,0.0212,0.058,456774636701154.562500
0.2475600000000001,0.0212,0.056400000000000006,456774636701154.562500
0.24757000000000007,0.022000000000000002,0.055600000000000004,456774636701154.562500
0.24758000000000002,0.0228,0.0524,456774636701154.562500
0.2475900000000001,0.0228,0.056400000000000006,456774636701154.562500
0.24760000000000004,0.022000000000000002,0.056400000000000006,456774636701154.562500
0.2476100000000001,0.0228,0.056400000000000006,456774636701154.562500
0.24762000000000006,0.0236,0.050800000000000005,456774636701154.562500
0.24763000000000002,0.0236,0.045200000000000004,456774636701154.562500
0.24764000000000008,0.0228,0.05,456774636701154.562500
0.24765000000000004,0.022000000000000002,0.05,456774636701154.562500
0.2476600000000001,0.0244,0.054,456774636701154.562500
0.24767000000000006,0.0244,0.0516,456774636701154.562500
0.24768,0.0252,0.0524,456774636701154.562500
0.24769000000000008,0.0244,0.055600000000000004,456774636701154.562500
0.24770000000000003,0.0244,0.0572,456774636701154.562500
0.2477100000000001,0.0212,0.054,456774636701154.562500
0.24772000000000005,0.0236,0.056400000000000006,456774636701154.562500
0.24773,0.0236,0.056400000000000006,456774636701154.562500
0.24774000000000007,0.0252,0.056400000000000006,456774636701154.562500
0.24775000000000003,0.0228,0.056400000000000006,456774636701154.562500
0.2477600000000001,0.0236,0.0572,456774636701154.562500
0.24777000000000005,0.0236,0.0548,456774636701154.562500
0.2477800000000001,0.0244,0.055600000000000004,456774636701154.562500
0.24779000000000007,0.0236,0.0572,456774636701154.562500
0.24780000000000002,0.0228,0.056400000000000006,456774636701154.562500
0.24781000000000009,0.0236,0.056400000000000006,456774636701154.562500
0.24782000000000004,0.0196,0.055600000000000004,456774636701154.562500
0.2478300000000001,0.0244,0.0492,456774636701154.562500
0.24784000000000006,0.0196,0.056400000000000006,456774636701154.562500
0.24785000000000001,0.022000000000000002,0.0548,456774636701154.562500
0.24786000000000008,0.0172,0.056400000000000006,456774636701154.562500
0.24787000000000003,0.022000000000000002,0.0548,456774636701154.562500
0.2478800000000001,0.0212,0.055600000000000004,456774636701154.562500
0.24789000000000005,0.0228,0.0516,456774636701154.562500
0.2479,0.0228,0.058,456774636701154.562500
0.24791000000000007,0.0204,0.053200000000000004,456774636701154.562500
0.24792000000000003,0.0228,0.0572,456774636701154.562500
0.2479300000000001,0.0196,0.054,456774636701154.562500
0.24794000000000005,0.022000000000000002,0.056400000000000006,456774636701154.562500
0.24795000000000011,0.0212,0.0436,456774636701154.562500
0.24796000000000007,0.022000000000000002,0.056400000000000006,456774636701154.562500
0.24797000000000002,0.0236,0.05,456774636701154.562500
0.2479800000000001,0.0236,0.058,456774636701154.562500
0.24799000000000004,0.0228,0.048400000000000006,456774636701154.562500
0.2480000000000001,0.0236,0.056400000000000006,456774636701154.562500
0.24801000000000006,0.0236,0.0516,456774636701154.562500
0.24802000000000002,0.0244,0.055600000000000004,456774636701154.562500
0.24803000000000008,0.026000000000000002,0.056400000000000006,456774636701154.562500
0.24804000000000004,0.0236,0.0548,456774636701154.562500
0.2480500000000001,0.0244,0.0524,456774636701154.562500
0.24806000000000006,0.0244,0.055600000000000004,456774636701154.562500
0.24807,0.0228,0.055600000000000004,456774636701154.562500
0.24808000000000008,0.0228,0.056400000000000006,456774636701154.562500
0.24809000000000003,0.0236,0.056400000000000006,456774636701154.562500
0.2481000000000001,0.0196,0.055600000000000004,456774636701154.562500
0.24811000000000005,0.022000000000000002,0.056400000000000006,456774636701154.562500
0.24812,0.0212,0.0572,456774636701154.562500
0.24813000000000007,0.0228,0.053200000000000004,456774636701154.562500
0.24814000000000003,0.0172,0.055600000000000004,456774636701154.562500
0.2481500000000001,0.0228,0.0492,456774636701154.562500
0.24816000000000005,0.0204,0.056400000000000006,456774636701154.562500
0.2481700000000001,0.0188,0.050800000000000005,456774636701154.562500
0.24818000000000007,0.0188,0.056400000000000006,456774636701154.562500
0.24819000000000002,0.0212,0.0524,456774636701154.562500
0.2482000000000001,0.0228,0.055600000000000004,456774636701154.562500
0.24821000000000004,0.0236,0.0548,456774636701154.562500
0.2482200000000001,0.022000000000000002,0.056400000000000006,456774636701154.562500
0.24823000000000006,0.0236,0.055600000000000004,456774636701154.562500
0.24824000000000002,0.0236,0.0572,456774636701154.562500
0.24825000000000008,0.0236,0.0572,456774636701154.562500
0.24826000000000004,0.0228,0.048400000000000006,456774636701154.562500
0.2482700000000001,0.0252,0.056400000000000006,456774636701154.562500
0.24828000000000006,0.0236,0.0524,456774636701154.562500
0.24829,0.0252,0.056400000000000006,456774636701154.562500
0.24830000000000008,0.0236,0.058,456774636701154.562500
0.24831000000000003,0.0236,0.0548,456774636701154.562500
0.2483200000000001,0.022000000000000002,0.0572,456774636701154.562500
0.24833000000000005,0.022000000000000002,0.0524,456774636701154.562500
0.24834000000000012,0.0212,0.056400000000000006,456774636701154.562500
0.24835000000000007,0.022000000000000002,0.056400000000000006,456774636701154.562500
0.24836000000000003,0.0228,0.055600000000000004,456774636701154.562500
0.2483700000000001,0.0236,0.053200000000000004,456774636701154.562500
0.24838000000000005,0.022000000000000002,0.05,456774636701154.562500
0.2483900000000001,0.0236,0.0548,456774636701154.562500
0.24840000000000007,0.0228,0.055600000000000004,456774636701154.562500
0.24841000000000002,0.0228,0.0572,456774636701154.562500
0.24842000000000009,0.0236,0.056400000000000006,456774636701154.562500
0.24843000000000004,0.0236,0.058,456774636701154.562500
0.2484400000000001,0.0196,0.058,456774636701154.562500
0.24845000000000006,0.0228,0.055600000000000004,456774636701154.562500
0.24846000000000001,0.0196,0.056400000000000006,456774636701154.562500
0.24847000000000008,0.022000000000000002,0.0548,456774636701154.562500
0.24848000000000003,0.022000000000000002,0.054,456774636701154.562500
0.2484900000000001,0.0212,0.0572,456774636701154.562500
0.24850000000000005,0.022000000000000002,0.055600000000000004,456774636701154.562500
0.24851,0.0228,0.055600000000000004,456774636701154.562500
0.24852000000000007,0.0236,0.0548,456774636701154.562500
0.24853000000000003,0.0244,0.056400000000000006,456774636701154.562500
0.2485400000000001,0.0212,0.058,456774636701154.562500
0.24855000000000005,0.0252,0.0572,456774636701154.562500
0.24856000000000011,0.0228,0.053200000000000004,456774636701154.562500
0.24857000000000007,0.0244,0.056400000000000006,456774636701154.562500
0.24858000000000002,0.0236,0.056400000000000006,456774636701154.562500
0.2485900000000001,0.0236,0.056400000000000006,456774636701154.562500
0.24860000000000004,0.018000000000000002,0.046,456774636701154.562500
0.2486100000000001,0.0252,0.058,456774636701154.562500
0.24862000000000006,0.0252,0.054,456774636701154.562500
0.24863000000000002,0.0236,0.0548,456774636701154.562500
0.24864000000000008,0.0244,0.0572,456774636701154.562500
0.24865000000000004,0.0212,0.054,456774636701154.562500
0.2486600000000001,0.0236,0.055600000000000004,456774636701154.562500
0.24867000000000006,0.0228,0.0572,456774636701154.562500
0.24868,0.0228,0.055600000000000004,456774636701154.562500
0.24869000000000008,0.0228,0.058,456774636701154.562500
0.24870000000000003,0.022000000000000002,0.0548,456774636701154.562500
0.2487100000000001,0.0212,0.054,456774636701154.562500
0.24872000000000005,0.0228,0.0548,456774636701154.562500
0.24873,0.0228,0.0548,456774636701154.562500
0.24874000000000007,0.0196,0.056400000000000006,456774636701154.562500
0.24875000000000003,0.0212,0.0572,456774636701154.562500
0.2487600000000001,0.0212,0.055600000000000004,456774636701154.562500
0.24877000000000005,0.0212,0.050800000000000005,456774636701154.562500
0.2487800000000001,0.0212,0.055600000000000004,456774636701154.562500
0.24879000000000007,0.0212,0.054,456774636701154.562500
0.24880000000000002,0.0228,0.058,456774636701154.562500
0.2488100000000001,0.022000000000000002,0.0572,456774636701154.562500
0.24882000000000004,0.022000000000000002,0.056400000000000006,456774636701154.562500
0.2488300000000001,0.022000000000000002,0.05,456774636701154.562500
0.24884000000000006,0.0228,0.054,456774636701154.562500
0.24885000000000002,0.022000000000000002,0.0548,456774636701154.562500
0.24886000000000008,0.0228,0.050800000000000005,456774636701154.562500
0.24887000000000004,0.0236,0.058,456774636701154.562500
0.2488800000000001,0.0212,0.058,456774636701154.562500
0.24889000000000006,0.0212,0.055600000000000004,456774636701154.562500
0.2489,0.0212,0.055600000000000004,456774636701154.562500
0.24891000000000008,0.0228,0.058,456774636701154.562500
0.24892000000000003,0.0228,0.054,456774636701154.562500
0.2489300000000001,0.0252,0.056400000000000006,456774636701154.562500
0.24894000000000005,0.0244,0.0468,456774636701154.562500
0.24895000000000012,0.0236,0.055600000000000004,456774636701154.562500
0.24896000000000007,0.0236,0.055600000000000004,456774636701154.562500
0.24897000000000002,0.0228,0.0548,456774636701154.562500
0.2489800000000001,0.022000000000000002,0.0468,456774636701154.562500
0.24899000000000004,0.0204,0.056400000000000006,456774636701154.562500
0.2490000000000001,0.0228,0.0524,456774636701154.562500
0.24901000000000006,0.0236,0.054,456774636701154.562500
0.24902000000000002,0.022000000000000002,0.056400000000000006,456774636701154.562500
0.24903000000000008,0.0228,0.0548,456774636701154.562500
0.24904000000000004,0.022000000000000002,0.056400000000000006,456774636701154.562500
0.2490500000000001,0.0228,0.056400000000000006,456774636701154.562500
0.24906000000000006,0.022000000000000002,0.058,456774636701154.562500
0.24907,0.022000000000000002,0.0572,456774636701154.562500
0.24908000000000008,0.0204,0.056400000000000006,456774636701154.562500
0.24909000000000003,0.0204,0.055600000000000004,456774636701154.562500
0.2491000000000001,0.0212,0.0572,456774636701154.562500
0.24911000000000005,0.022000000000000002,0.053200000000000004,456774636701154.562500
0.24912,0.022000000000000002,0.0572,456774636701154.562500
0.24913000000000007,0.0212,0.0524,456774636701154.562500
0.24914000000000003,0.0204,0.056400000000000006,456774636701154.562500
0.2491500000000001,0.0228,0.058,456774636701154.562500
0.24916000000000005,0.0236,0.056400000000000006,456774636701154.562500
0.2491700000000001,0.022000000000000002,0.055600000000000004,456774636701154.562500
0.24918000000000007,0.0236,0.0516,456774636701154.562500
0.24919000000000002,0.0244,0.055600000000000004,456774636701154.562500
0.2492000000000001,0.0244,0.058,456774636701154.562500
0.24921000000000004,0.0236,0.056400000000000006,456774636701154.562500
0.2492200000000001,0.0252,0.054,456774636701154.562500
0.24923000000000006,0.0236,0.0548,456774636701154.562500
0.24924000000000002,0.0244,0.0492,456774636701154.562500
0.24925000000000008,0.0244,0.0516,456774636701154.562500
0.24926000000000004,0.0244,0.05,456774636701154.562500
0.2492700000000001,0.0236,0.058,456774636701154.562500
0.24928000000000006,0.0212,0.055600000000000004,456774636701154.562500
0.24929,0.0228,0.056400000000000006,456774636701154.562500
0.24930000000000008,0.0228,0.058,456774636701154.562500
0.24931000000000003,0.0236,0.058,456774636701154.562500
0.2493200000000001,0.0228,0.056400000000000006,456774636701154.562500
0.24933000000000005,0.0236,0.054,456774636701154.562500
0.24934,0.0212,0.0524,456774636701154.562500
0.24935000000000007,0.0212,0.054,456774636701154.562500
0.24936000000000003,0.0196,0.056400000000000006,456774636701154.562500
0.2493700000000001,0.022000000000000002,0.0572,456774636701154.562500
0.24938000000000005,0.0196,0.0572,456774636701154.562500
0.2493900000000001,0.0228,0.053200000000000004,456774636701154.562500
0.24940000000000007,0.0212,0.056400000000000006,456774636701154.562500
0.24941000000000002,0.022000000000000002,0.055600000000000004,456774636701154.562500
0.24942000000000009,0.0204,0.05,456774636701154.562500
0.24943000000000004,0.0236,0.054,456774636701154.562500
0.2494400000000001,0.0228,0.0572,456774636701154.562500
0.24945000000000006,0.0228,0.055600000000000004,456774636701154.562500
0.24946000000000002,0.0228,0.055600000000000004,456774636701154.562500
0.24947000000000008,0.0196,0.056400000000000006,456774636701154.562500
0.24948000000000004,0.0252,0.0548,456774636701154.562500
0.2494900000000001,0.0244,0.056400000000000006,456774636701154.562500
0.24950000000000006,0.0244,0.0572,456774636701154.562500
0.24951,0.0244,0.0572,456774636701154.562500
0.24952000000000008,0.0236,0.056400000000000006,456774636701154.562500
0.24953000000000003,0.0244,0.056400000000000006,456774636701154.562500
0.2495400000000001,0.0244,0.056400000000000006,456774636701154.562500
0.24955000000000005,0.0252,0.0572,456774636701154.562500
0.24956000000000012,0.0236,0.05,456774636701154.562500
0.24957000000000007,0.0236,0.058,456774636701154.562500
0.24958000000000002,0.026000000000000002,0.054,456774636701154.562500
0.2495900000000001,0.022000000000000002,0.0572,456774636701154.562500
0.24960000000000004,0.0196,0.055600000000000004,456774636701154.562500
0.2496100000000001,0.0236,0.054,456774636701154.562500
0.24962000000000006,0.022000000000000002,0.054,456774636701154.562500
0.24963000000000002,0.022000000000000002,0.0548,456774636701154.562500
0.24964000000000008,0.022000000000000002,0.056400000000000006,456774636701154.562500
0.24965000000000004,0.0236,0.0572,456774636701154.562500
0.2496600000000001,0.022000000000000002,0.0572,456774636701154.562500
0.24967000000000006,0.022000000000000002,0.0572,456774636701154.562500
0.24968,0.0204,0.0548,456774636701154.562500
0.24969000000000008,0.0228,0.053200000000000004,456774636701154.562500
0.24970000000000003,0.0212,0.0572,456774636701154.562500
0.2497100000000001,0.0228,0.05,456774636701154.562500
0.24972000000000005,0.0212,0.0572,456774636701154.562500
0.24973,0.0228,0.0516,456774636701154.562500
0.24974000000000007,0.022000000000000002,0.055600000000000004,456774636701154.562500
0.24975000000000003,0.0204,0.053200000000000004,456774636701154.562500
0.2497600000000001,0.0236,0.056400000000000006,456774636701154.562500
0.24977000000000005,0.022000000000000002,0.054,456774636701154.562500
0.2497800000000001,0.0228,0.056400000000000006,456774636701154.562500
0.24979000000000007,0.0236,0.0548,456774636701154.562500
0.24980000000000002,0.0252,0.055600000000000004,456774636701154.562500
0.2498100000000001,0.0236,0.0572,456774636701154.562500
0.24982000000000004,0.0244,0.056400000000000006,456774636701154.562500
0.2498300000000001,0.0196,0.056400000000000006,456774636701154.562500
0.24984000000000006,0.026000000000000002,0.054,456774636701154.562500
0.24985000000000002,0.0228,0.056400000000000006,456774636701154.562500
0.24986000000000008,0.0196,0.054,456774636701154.562500
0.24987000000000004,0.0204,0.058,456774636701154.562500
0.2498800000000001,0.0212,0.056400000000000006,456774636701154.562500
0.24989000000000006,0.0244,0.058,456774636701154.562500
0.2499,0.022000000000000002,0.054,456774636701154.562500
0.24991000000000008,0.0228,0.054,456774636701154.562500
0.24992000000000003,0.0228,0.0548,456774636701154.562500
0.2499300000000001,0.0196,0.0548,456774636701154.562500
0.24994000000000005,0.0228,0.0572,456774636701154.562500
0.24995000000000012,0.0204,0.056400000000000006,456774636701154.562500
0.24996000000000007,0.0228,0.056400000000000006,456774636701154.562500
0.24997000000000003,0.0244,0.054,456774636701154.562500
0.2499800000000001,0.0244,0.0572,456774636701154.562500
0.24999000000000005,0.0212,0.056400000000000006,456774636701154.562500
0.2500000000000001,0.0212,0.054,456774636701154.562500
0.25001000000000007,0.0228,0.0548,456774636701154.562500
0.25002,0.022000000000000002,0.048400000000000006,456774636701154.562500
0.2500300000000001,0.022000000000000002,0.0492,456774636701154.562500
0.25004000000000004,0.0236,0.055600000000000004,456774636701154.562500
0.2500500000000001,0.0204,0.055600000000000004,456774636701154.562500
0.25006000000000006,0.0228,0.056400000000000006,456774636701154.562500
0.25007,0.0236,0.056400000000000006,456774636701154.562500
0.2500800000000001,0.022000000000000002,0.054,456774636701154.562500
0.25009000000000003,0.0244,0.050800000000000005,456774636701154.562500
0.2501000000000001,0.0228,0.0516,456774636701154.562500
0.25011000000000005,0.0236,0.0516,456774636701154.562500
0.25012,0.0252,0.0412,456774636701154.562500
0.2501300000000001,0.0236,0.05,456774636701154.562500
0.25014000000000003,0.0252,0.0492,456774636701154.562500
0.2501500000000001,0.0236,0.0548,456774636701154.562500
0.25016000000000005,0.0244,0.0516,456774636701154.562500
0.2501700000000001,0.0236,0.055600000000000004,456774636701154.562500
0.25018000000000007,0.0196,0.054,456774636701154.562500
0.25019,0.0236,0.055600000000000004,456774636701154.562500
0.2502000000000001,0.022000000000000002,0.050800000000000005,456774636701154.562500
0.25021000000000004,0.0236,0.056400000000000006,456774636701154.562500
0.2502200000000001,0.0228,0.054,456774636701154.562500
0.25023000000000006,0.0236,0.055600000000000004,456774636701154.562500
0.25024,0.0236,0.058,456774636701154.562500
0.2502500000000001,0.022000000000000002,0.0572,456774636701154.562500
0.25026000000000004,0.0228,0.0572,456774636701154.562500
0.2502700000000001,0.0212,0.0572,456774636701154.562500
0.25028000000000006,0.022000000000000002,0.053200000000000004,456774636701154.562500
0.25029,0.0212,0.058,456774636701154.562500
0.2503000000000001,0.0228,0.055600000000000004,456774636701154.562500
0.25031000000000003,0.022000000000000002,0.056400000000000006,456774636701154.562500
0.2503200000000001,0.022000000000000002,0.058,456774636701154.562500
0.25033000000000005,0.0196,0.055600000000000004,456774636701154.562500
0.25034,0.0228,0.05,456774636701154.562500
0.2503500000000001,0.022000000000000002,0.056400000000000006,456774636701154.562500
0.25036,0.0228,0.056400000000000006,456774636701154.562500
0.2503700000000001,0.0228,0.058,456774636701154.562500
0.25038000000000005,0.0212,0.055600000000000004,456774636701154.562500
0.2503900000000001,0.0244,0.056400000000000006,456774636701154.562500
0.25040000000000007,0.022000000000000002,0.055600000000000004,456774636701154.562500
0.25041,0.0228,0.056400000000000006,456774636701154.562500
0.2504200000000001,0.0228,0.0572,456774636701154.562500
0.25043000000000004,0.0236,0.056400000000000006,456774636701154.562500
0.2504400000000001,0.0228,0.053200000000000004,456774636701154.562500
0.25045000000000006,0.0196,0.053200000000000004,456774636701154.562500
0.25046,0.022000000000000002,0.058,456774636701154.562500
0.2504700000000001,0.0236,0.054,456774636701154.562500
0.25048000000000004,0.0228,0.0572,456774636701154.562500
0.2504900000000001,0.0236,0.058,456774636701154.562500
0.25050000000000006,0.0244,0.0548,456774636701154.562500
0.25051,0.022000000000000002,0.055600000000000004,456774636701154.562500
0.2505200000000001,0.0236,0.056400000000000006,456774636701154.562500
0.25053000000000003,0.0236,0.0572,456774636701154.562500
0.2505400000000001,0.0204,0.058,456774636701154.562500
0.25055000000000005,0.0228,0.054,456774636701154.562500
0.2505600000000001,0.022000000000000002,0.056400000000000006,456774636701154.562500
0.25057000000000007,0.022000000000000002,0.056400000000000006,456774636701154.562500
0.25058,0.022000000000000002,0.055600000000000004,456774636701154.562500
0.2505900000000001,0.0212,0.056400000000000006,456774636701154.562500
0.25060000000000004,0.0204,0.055600000000000004,456774636701154.562500
0.2506100000000001,0.0228,0.0516,456774636701154.562500
0.25062000000000006,0.0212,0.055600000000000004,456774636701154.562500
0.25063,0.0228,0.0524,456774636701154.562500
0.2506400000000001,0.0236,0.055600000000000004,456774636701154.562500
0.25065000000000004,0.0212,0.056400000000000006,456774636701154.562500
0.2506600000000001,0.0228,0.055600000000000004,456774636701154.562500
0.25067000000000006,0.022000000000000002,0.054,456774636701154.562500
0.25068,0.0228,0.055600000000000004,456774636701154.562500
0.2506900000000001,0.0252,0.056400000000000006,456774636701154.562500
0.25070000000000003,0.0236,0.0516,456774636701154.562500
0.2507100000000001,0.0252,0.0548,456774636701154.562500
0.25072000000000005,0.022000000000000002,0.048400000000000006,456774636701154.562500
0.25073,0.0244,0.056400000000000006,456774636701154.562500
0.2507400000000001,0.022000000000000002,0.055600000000000004,456774636701154.562500
0.25075000000000003,0.0236,0.055600000000000004,456774636701154.562500
0.2507600000000001,0.0228,0.058,456774636701154.562500
0.25077000000000005,0.0228,0.056400000000000006,456774636701154.562500
0.2507800000000001,0.0244,0.0572,456774636701154.562500
0.25079000000000007,0.0228,0.056400000000000006,456774636701154.562500
0.2508,0.0236,0.0548,456774636701154.562500
0.2508100000000001,0.0212,0.055600000000000004,456774636701154.562500
0.25082000000000004,0.0236,0.0516,456774636701154.562500
0.2508300000000001,0.0212,0.0572,456774636701154.562500
0.25084000000000006,0.0236,0.0396,456774636701154.562500
0.25085,0.022000000000000002,0.0548,456774636701154.562500
0.2508600000000001,0.0228,0.054,456774636701154.562500
0.25087000000000004,0.022000000000000002,0.0572,456774636701154.562500
0.2508800000000001,0.0212,0.056400000000000006,456774636701154.562500
0.25089000000000006,0.0212,0.056400000000000006,456774636701154.562500
0.2509,0.0228,0.055600000000000004,456774636701154.562500
0.2509100000000001,0.0204,0.055600000000000004,456774636701154.562500
0.25092000000000003,0.0212,0.056400000000000006,456774636701154.562500
0.2509300000000001,0.0196,0.055600000000000004,456774636701154.562500
0.25094000000000005,0.022000000000000002,0.0524,456774636701154.562500
0.25095,0.022000000000000002,0.055600000000000004,456774636701154.562500
0.25096000000000007,0.0188,0.054,456774636701154.562500
0.25097,0.022000000000000002,0.055600000000000004,456774636701154.562500
0.2509800000000001,0.022000000000000002,0.056400000000000006,456774636701154.562500
0.25099000000000005,0.0236,0.056400000000000006,456774636701154.562500
0.2510000000000001,0.0228,0.0548,456774636701154.562500
0.25101000000000007,0.0236,0.055600000000000004,456774636701154.562500
0.25102,0.0228,0.0572,456774636701154.562500
0.2510300000000001,0.0236,0.0524,456774636701154.562500
0.25104000000000004,0.022000000000000002,0.056400000000000006,456774636701154.562500
0.2510500000000001,0.0244,0.0516,456774636701154.562500
0.25106000000000006,0.0228,0.0444,456774636701154.562500
0.25107,0.0244,0.055600000000000004,456774636701154.562500
0.2510800000000001,0.0236,0.056400000000000006,456774636701154.562500
0.25109000000000004,0.0236,0.055600000000000004,456774636701154.562500
0.2511000000000001,0.0236,0.058,456774636701154.562500
0.25111000000000006,0.0228,0.050800000000000005,456774636701154.562500
0.25112,0.022000000000000002,0.0572,456774636701154.562500
0.2511300000000001,0.0236,0.0572,456774636701154.562500
0.25114000000000003,0.022000000000000002,0.055600000000000004,456774636701154.562500
0.2511500000000001,0.0228,0.058,456774636701154.562500
0.25116000000000005,0.0212,0.0572,456774636701154.562500
0.2511700000000001,0.022000000000000002,0.0548,456774636701154.562500
0.25118000000000007,0.0204,0.0572,456774636701154.562500
0.25119,0.0228,0.0572,456774636701154.562500
0.2512000000000001,0.022000000000000002,0.056400000000000006,456774636701154.562500
0.25121000000000004,0.022000000000000002,0.055600000000000004,456774636701154.562500
0.2512200000000001,0.022000000000000002,0.056400000000000006,456774636701154.562500
0.25123000000000006,0.0212,0.056400000000000006,456774636701154.562500
0.25124,0.0236,0.055600000000000004,456774636701154.562500
0.2512500000000001,0.0236,0.055600000000000004,456774636701154.562500
0.25126000000000004,0.0244,0.0572,456774636701154.562500
0.2512700000000001,0.0212,0.0572,456774636701154.562500
0.25128000000000006,0.0228,0.0516,456774636701154.562500
0.25129,0.0204,0.050800000000000005,456774636701154.562500
0.2513000000000001,0.022000000000000002,0.055600000000000004,456774636701154.562500
0.25131000000000003,0.0252,0.056400000000000006,456774636701154.562500
0.2513200000000001,0.0204,0.0572,456774636701154.562500
0.25133000000000005,0.026000000000000002,0.056400000000000006,456774636701154.562500
0.25134,0.0236,0.053200000000000004,456774636701154.562500
0.2513500000000001,0.022000000000000002,0.056400000000000006,456774636701154.562500
0.25136000000000003,0.0244,0.0492,456774636701154.562500
0.2513700000000001,0.0244,0.055600000000000004,456774636701154.562500
0.25138000000000005,0.0236,0.058,456774636701154.562500
0.2513900000000001,0.0228,0.050800000000000005,456774636701154.562500
0.25140000000000007,0.0212,0.0572,456774636701154.562500
0.25141,0.0244,0.0524,456774636701154.562500
0.2514200000000001,0.0236,0.056400000000000006,456774636701154.562500
0.25143000000000004,0.022000000000000002,0.0572,456774636701154.562500
0.2514400000000001,0.0228,0.056400000000000006,456774636701154.562500
0.25145000000000006,0.022000000000000002,0.056400000000000006,456774636701154.562500
0.25146,0.0228,0.0572,456774636701154.562500
0.2514700000000001,0.022000000000000002,0.0572,456774636701154.562500
0.25148000000000004,0.0236,0.056400000000000006,456774636701154.562500
0.2514900000000001,0.022000000000000002,0.0572,456774636701154.562500
0.25150000000000006,0.022000000000000002,0.0548,456774636701154.562500
0.25151,0.022000000000000002,0.0572,456774636701154.562500
0.2515200000000001,0.0204,0.055600000000000004,456774636701154.562500
0.25153000000000003,0.022000000000000002,0.056400000000000006,456774636701154.562500
0.2515400000000001,0.022000000000000002,0.055600000000000004,456774636701154.562500
0.25155000000000005,0.018000000000000002,0.054,456774636701154.562500
0.2515600000000001,0.022000000000000002,0.0548,456774636701154.562500
0.25157000000000007,0.0228,0.056400000000000006,456774636701154.562500
0.25158,0.0236,0.0548,456774636701154.562500
0.2515900000000001,0.0244,0.055600000000000004,456774636701154.562500
0.25160000000000005,0.0236,0.056400000000000006,456774636701154.562500
0.2516100000000001,0.022000000000000002,0.056400000000000006,456774636701154.562500
0.25162000000000007,0.022000000000000002,0.0572,456774636701154.562500
0.25163,0.0244,0.056400000000000006,456774636701154.562500
0.2516400000000001,0.0244,0.053200000000000004,456774636701154.562500
0.25165000000000004,0.022000000000000002,0.056400000000000006,456774636701154.562500
0.2516600000000001,0.0204,0.055600000000000004,456774636701154.562500
0.25167000000000006,0.0228,0.058,456774636701154.562500
0.25168,0.0228,0.055600000000000004,456774636701154.562500
0.2516900000000001,0.0236,0.0572,456774636701154.562500
0.25170000000000003,0.0244,0.054,456774636701154.562500
0.2517100000000001,0.0244,0.0476,456774636701154.562500
0.25172000000000005,0.0212,0.0524,456774636701154.562500
0.25173,0.0236,0.0548,456774636701154.562500
0.2517400000000001,0.0228,0.058,456774636701154.562500
0.25175000000000003,0.022000000000000002,0.058,456774636701154.562500
0.2517600000000001,0.0228,0.0572,456774636701154.562500
0.25177000000000005,0.022000000000000002,0.0572,456774636701154.562500
0.2517800000000001,0.022000000000000002,0.0548,456774636701154.562500
0.25179000000000007,0.0228,0.0572,456774636701154.562500
0.2518,0.022000000000000002,0.056400000000000006,456774636701154.562500
0.2518100000000001,0.0196,0.058,456774636701154.562500
0.25182000000000004,0.022000000000000002,0.056400000000000006,456774636701154.562500
0.2518300000000001,0.0196,0.058800000000000005,456774636701154.562500
0.25184000000000006,0.022000000000000002,0.054,456774636701154.562500
0.25185,0.0188,0.053200000000000004,456774636701154.562500
0.2518600000000001,0.022000000000000002,0.0548,456774636701154.562500
0.25187000000000004,0.0212,0.0516,456774636701154.562500
0.2518800000000001,0.0236,0.056400000000000006,456774636701154.562500
0.25189000000000006,0.0172,0.055600000000000004,456774636701154.562500
0.2519,0.022000000000000002,0.050800000000000005,456774636701154.562500
0.2519100000000001,0.022000000000000002,0.058,456774636701154.562500
0.25192000000000003,0.0228,0.058,456774636701154.562500
0.2519300000000001,0.0228,0.0524,456774636701154.562500
0.25194000000000005,0.018000000000000002,0.058,456774636701154.562500
0.25195,0.0244,0.054,456774636701154.562500
0.2519600000000001,0.0212,0.0572,456774636701154.562500
0.25197,0.0236,0.0548,456774636701154.562500
0.2519800000000001,0.0244,0.056400000000000006,456774636701154.562500
0.25199000000000005,0.022000000000000002,0.0572,456774636701154.562500
0.2520000000000001,0.0236,0.0572,456774636701154.562500
0.25201000000000007,0.022000000000000002,0.0476,456774636701154.562500
0.25202,0.0236,0.056400000000000006,456774636701154.562500
0.2520300000000001,0.0228,0.0548,456774636701154.562500
0.25204000000000004,0.0252,0.0516,456774636701154.562500
0.2520500000000001,0.0244,0.055600000000000004,456774636701154.562500
0.25206000000000006,0.0204,0.042800000000000005,456774636701154.562500
0.25207,0.0228,0.055600000000000004,456774636701154.562500
0.2520800000000001,0.0204,0.0476,456774636701154.562500
0.25209000000000004,0.0236,0.056400000000000006,456774636701154.562500
0.2521000000000001,0.0196,0.050800000000000005,456774636701154.562500
0.25211000000000006,0.022000000000000002,0.056400000000000006,456774636701154.562500
0.25212,0.0228,0.042800000000000005,456774636701154.562500
0.2521300000000001,0.0204,0.056400000000000006,456774636701154.562500
0.25214000000000003,0.0212,0.053200000000000004,456774636701154.562500
0.2521500000000001,0.0228,0.054,456774636701154.562500
0.25216000000000005,0.022000000000000002,0.056400000000000006,456774636701154.562500
0.2521700000000001,0.022000000000000002,0.053200000000000004,456774636701154.562500
0.25218000000000007,0.0196,0.050800000000000005,456774636701154.562500
0.25219,0.022000000000000002,0.055600000000000004,456774636701154.562500
0.2522000000000001,0.0236,0.0548,456774636701154.562500
0.25221000000000005,0.0236,0.0572,456774636701154.562500
0.2522200000000001,0.0236,0.050800000000000005,456774636701154.562500
0.25223000000000007,0.022000000000000002,0.0492,456774636701154.562500
0.25224,0.0252,0.055600000000000004,456774636701154.562500
0.2522500000000001,0.0236,0.055600000000000004,456774636701154.562500
0.25226000000000004,0.0228,0.056400000000000006,456774636701154.562500
0.2522700000000001,0.0244,0.054,456774636701154.562500
0.25228000000000006,0.0228,0.0516,456774636701154.562500
0.25229,0.0228,0.056400000000000006,456774636701154.562500
0.2523000000000001,0.0244,0.054,456774636701154.562500
0.25231000000000003,0.0236,0.0572,456774636701154.562500
0.2523200000000001,0.022000000000000002,0.055600000000000004,456774636701154.562500
0.25233000000000005,0.0236,0.053200000000000004,456774636701154.562500
0.25234,0.0228,0.055600000000000004,456774636701154.562500
0.2523500000000001,0.0228,0.054,456774636701154.562500
0.25236000000000003,0.022000000000000002,0.056400000000000006,456774636701154.562500
0.2523700000000001,0.022000000000000002,0.055600000000000004,456774636701154.562500
0.25238000000000005,0.0204,0.0572,456774636701154.562500
0.2523900000000001,0.0236,0.0572,456774636701154.562500
0.25240000000000007,0.0204,0.0516,456774636701154.562500
0.25241,0.0228,0.0548,456774636701154.562500
0.2524200000000001,0.0196,0.056400000000000006,456774636701154.562500
0.25243000000000004,0.0212,0.055600000000000004,456774636701154.562500
0.2524400000000001,0.022000000000000002,0.056400000000000006,456774636701154.562500
0.25245000000000006,0.0212,0.055600000000000004,456774636701154.562500
0.25246,0.0212,0.056400000000000006,456774636701154.562500
0.2524700000000001,0.0212,0.056400000000000006,456774636701154.562500
0.25248000000000004,0.022000000000000002,0.0492,456774636701154.562500
0.2524900000000001,0.022000000000000002,0.056400000000000006,456774636701154.562500
0.25250000000000006,0.0228,0.050800000000000005,456774636701154.562500
0.25251,0.0212,0.045200000000000004,456774636701154.562500
0.2525200000000001,0.0196,0.05,456774636701154.562500
0.25253000000000003,0.0228,0.055600000000000004,456774636701154.562500
0.2525400000000001,0.0228,0.0572,456774636701154.562500
0.25255000000000005,0.0244,0.055600000000000004,456774636701154.562500
0.25256,0.0228,0.056400000000000006,456774636701154.562500
0.25257000000000007,0.0252,0.0572,456774636701154.562500
0.25258,0.0228,0.054,456774636701154.562500
0.2525900000000001,0.026000000000000002,0.056400000000000006,456774636701154.562500
0.25260000000000005,0.0244,0.058,456774636701154.562500
0.2526100000000001,0.0236,0.046,456774636701154.562500
0.25262000000000007,0.0228,0.055600000000000004,456774636701154.562500
0.25263,0.0244,0.056400000000000006,456774636701154.562500
0.2526400000000001,0.022000000000000002,0.056400000000000006,456774636701154.562500
0.25265000000000004,0.0236,0.053200000000000004,456774636701154.562500
0.2526600000000001,0.0228,0.055600000000000004,456774636701154.562500
0.25267000000000006,0.022000000000000002,0.0572,456774636701154.562500
0.25268,0.0228,0.0548,456774636701154.562500
0.2526900000000001,0.0228,0.056400000000000006,456774636701154.562500
0.25270000000000004,0.022000000000000002,0.054,456774636701154.562500
0.2527100000000001,0.0172,0.056400000000000006,456774636701154.562500
0.25272000000000006,0.0228,0.056400000000000006,456774636701154.562500
0.25273,0.022000000000000002,0.0516,456774636701154.562500
0.2527400000000001,0.022000000000000002,0.056400000000000006,456774636701154.562500
0.25275000000000003,0.022000000000000002,0.058,456774636701154.562500
0.2527600000000001,0.022000000000000002,0.056400000000000006,456774636701154.562500
0.25277000000000005,0.0228,0.054,456774636701154.562500
0.2527800000000001,0.0204,0.0572,456774636701154.562500
0.25279000000000007,0.022000000000000002,0.0548,456774636701154.562500
0.2528,0.022000000000000002,0.055600000000000004,456774636701154.562500
0.2528100000000001,0.022000000000000002,0.053200000000000004,456774636701154.562500
0.25282000000000004,0.0236,0.0548,456774636701154.562500
0.2528300000000001,0.0212,0.056400000000000006,456774636701154.562500
0.25284000000000006,0.0244,0.053200000000000004,456774636701154.562500
0.25285,0.0228,0.056400000000000006,456774636701154.562500
0.2528600000000001,0.0236,0.055600000000000004,456774636701154.562500
0.25287000000000004,0.0244,0.054,456774636701154.562500
0.2528800000000001,0.0236,0.054,456774636701154.562500
0.25289000000000006,0.0236,0.055600000000000004,456774636701154.562500
0.2529,0.0244,0.054,456774636701154.562500
0.2529100000000001,0.0236,0.055600000000000004,456774636701154.562500
0.25292000000000003,0.022000000000000002,0.054,456774636701154.562500
0.2529300000000001,0.0236,0.056400000000000006,456774636701154.562500
0.25294000000000005,0.0244,0.0548,456774636701154.562500
0.25295,0.0228,0.0524,456774636701154.562500
0.2529600000000001,0.0228,0.055600000000000004,456774636701154.562500
0.25297000000000003,0.022000000000000002,0.054,456774636701154.562500
0.2529800000000001,0.0228,0.0516,456774636701154.562500
0.25299000000000005,0.022000000000000002,0.0492,456774636701154.562500
0.2530000000000001,0.022000000000000002,0.055600000000000004,456774636701154.562500
0.25301000000000007,0.022000000000000002,0.056400000000000006,456774636701154.562500
0.25302,0.022000000000000002,0.0572,456774636701154.562500
0.2530300000000001,0.0204,0.056400000000000006,456774636701154.562500
0.25304000000000004,0.0204,0.055600000000000004,456774636701154.562500
0.2530500000000001,0.0212,0.0548,456774636701154.562500
0.25306000000000006,0.0212,0.056400000000000006,456774636701154.562500
0.25307,0.0228,0.056400000000000006,456774636701154.562500
0.2530800000000001,0.022000000000000002,0.056400000000000006,456774636701154.562500
0.25309000000000004,0.0228,0.058,456774636701154.562500
0.2531000000000001,0.022000000000000002,0.054,456774636701154.562500
0.25311000000000006,0.0212,0.055600000000000004,456774636701154.562500
0.25312,0.0236,0.054,456774636701154.562500
0.2531300000000001,0.0228,0.054,456774636701154.562500
0.25314000000000003,0.022000000000000002,0.0516,456774636701154.562500
0.2531500000000001,0.022000000000000002,0.055600000000000004,456774636701154.562500
0.25316000000000005,0.022000000000000002,0.055600000000000004,456774636701154.562500
0.25317,0.0236,0.056400000000000006,456774636701154.562500
0.25318000000000007,0.0236,0.055600000000000004,456774636701154.562500
0.25319,0.0212,0.056400000000000006,456774636701154.562500
0.2532000000000001,0.0236,0.054,456774636701154.562500
0.25321000000000005,0.0236,0.0548,456774636701154.562500
0.2532200000000001,0.0244,0.0572,456774636701154.562500
0.25323000000000007,0.022000000000000002,0.056400000000000006,456774636701154.562500
0.25324,0.0212,0.0548,456774636701154.562500
0.2532500000000001,0.022000000000000002,0.054,456774636701154.562500
0.25326000000000004,0.022000000000000002,0.0572,456774636701154.562500
0.2532700000000001,0.0228,0.0548,456774636701154.562500
0.25328000000000006,0.0204,0.0572,456774636701154.562500
0.25329,0.0212,0.058,456774636701154.562500
0.2533000000000001,0.0196,0.050800000000000005,456774636701154.562500
0.25331000000000004,0.0236,0.054,456774636701154.562500
0.2533200000000001,0.022000000000000002,0.053200000000000004,456774636701154.562500
0.25333000000000006,0.0236,0.056400000000000006,456774636701154.562500
0.25334,0.0228,0.056400000000000006,456774636701154.562500
0.2533500000000001,0.022000000000000002,0.055600000000000004,456774636701154.562500
0.25336000000000003,0.022000000000000002,0.056400000000000006,456774636701154.562500
0.2533700000000001,0.022000000000000002,0.058800000000000005,456774636701154.562500
0.25338000000000005,0.0244,0.055600000000000004,456774636701154.562500
0.2533900000000001,0.022000000000000002,0.055600000000000004,456774636701154.562500
0.25340000000000007,0.0236,0.0468,456774636701154.562500
0.25341,0.0228,0.055600000000000004,456774636701154.562500
0.2534200000000001,0.0236,0.0476,456774636701154.562500
0.25343000000000004,0.0212,0.050800000000000005,456774636701154.562500
0.2534400000000001,0.0228,0.055600000000000004,456774636701154.562500
0.25345000000000006,0.0204,0.054,456774636701154.562500
0.25346,0.0236,0.0548,456774636701154.562500
0.2534700000000001,0.0244,0.050800000000000005,456774636701154.562500
0.25348000000000004,0.0244,0.0572,456774636701154.562500
0.2534900000000001,0.0236,0.055600000000000004,456774636701154.562500
0.25350000000000006,0.0252,0.0524,456774636701154.562500
0.25351,0.0228,0.055600000000000004,456774636701154.562500
0.2535200000000001,0.0212,0.05,456774636701154.562500
0.25353000000000003,0.022000000000000002,0.0572,456774636701154.562500
0.2535400000000001,0.022000000000000002,0.054,456774636701154.562500
0.25355000000000005,0.0236,0.0524,456774636701154.562500
0.25356,0.0228,0.053200000000000004,456774636701154.562500
0.2535700000000001,0.0236,0.056400000000000006,456774636701154.562500
0.25358,0.0228,0.053200000000000004,456774636701154.562500
0.2535900000000001,0.022000000000000002,0.048400000000000006,456774636701154.562500
0.25360000000000005,0.022000000000000002,0.0516,456774636701154.562500
0.2536100000000001,0.0204,0.056400000000000006,456774636701154.562500
0.25362000000000007,0.0228,0.055600000000000004,456774636701154.562500
0.25363,0.0228,0.056400000000000006,456774636701154.562500
0.2536400000000001,0.022000000000000002,0.054,456774636701154.562500
0.25365000000000004,0.0188,0.050800000000000005,456774636701154.562500
0.2536600000000001,0.0196,0.0572,456774636701154.562500
0.25367000000000006,0.022000000000000002,0.046,456774636701154.562500
0.25368,0.0212,0.055600000000000004,456774636701154.562500
0.2536900000000001,0.022000000000000002,0.0492,456774636701154.562500
0.25370000000000004,0.0244,0.055600000000000004,456774636701154.562500
0.2537100000000001,0.0212,0.054,456774636701154.562500
0.25372000000000006,0.0236,0.056400000000000006,456774636701154.562500
0.25373,0.0212,0.058,456774636701154.562500
0.2537400000000001,0.0236,0.0548,456774636701154.562500
0.25375000000000003,0.0212,0.0516,456774636701154.562500
0.2537600000000001,0.0236,0.055600000000000004,456774636701154.562500
0.25377000000000005,0.0188,0.0572,456774636701154.562500
0.2537800000000001,0.0236,0.0572,456774636701154.562500
0.25379000000000007,0.0228,0.055600000000000004,456774636701154.562500
0.2538,0.0228,0.0572,456774636701154.562500
0.2538100000000001,0.0244,0.0524,456774636701154.562500
0.25382000000000005,0.0236,0.0572,456774636701154.562500
0.2538300000000001,0.0236,0.0524,456774636701154.562500
0.25384000000000007,0.022000000000000002,0.050800000000000005,456774636701154.562500
0.25385,0.0236,0.056400000000000006,456774636701154.562500
0.2538600000000001,0.0228,0.0524,456774636701154.562500
0.25387000000000004,0.0228,0.0524,456774636701154.562500
0.2538800000000001,0.022000000000000002,0.053200000000000004,456774636701154.562500
0.25389000000000006,0.0236,0.055600000000000004,456774636701154.562500
0.2539,0.0204,0.0572,456774636701154.562500
0.2539100000000001,0.022000000000000002,0.055600000000000004,456774636701154.562500
0.25392000000000003,0.022000000000000002,0.0548,456774636701154.562500
0.2539300000000001,0.018000000000000002,0.0548,456774636701154.562500
0.25394000000000005,0.0188,0.055600000000000004,456774636701154.562500
0.25395,0.0188,0.0524,456774636701154.562500
0.2539600000000001,0.0172,0.0572,456774636701154.562500
0.25397000000000003,0.015600000000000001,0.0516,456774636701154.562500
0.2539800000000001,0.0204,0.056400000000000006,456774636701154.562500
0.25399000000000005,0.022000000000000002,0.0436,456774636701154.562500
0.2540000000000001,0.0204,0.058,456774636701154.562500
0.25401000000000007,0.022000000000000002,0.056400000000000006,456774636701154.562500
0.25402,0.0212,0.0548,456774636701154.562500
0.2540300000000001,0.022000000000000002,0.0572,456774636701154.562500
0.25404000000000004,0.0212,0.055600000000000004,456774636701154.562500
0.2540500000000001,0.0244,0.056400000000000006,456774636701154.562500
0.25406000000000006,0.022000000000000002,0.0516,456774636701154.562500
0.25407,0.0236,0.056400000000000006,456774636701154.562500
0.2540800000000001,0.0196,0.055600000000000004,456774636701154.562500
0.25409000000000004,0.0236,0.0524,456774636701154.562500
0.2541000000000001,0.0252,0.056400000000000006,456774636701154.562500
0.25411000000000006,0.0252,0.0524,456774636701154.562500
0.25412,0.0244,0.0548,456774636701154.562500
0.2541300000000001,0.0236,0.055600000000000004,456774636701154.562500
0.25414000000000003,0.0244,0.054,456774636701154.562500
0.2541500000000001,0.0236,0.0572,456774636701154.562500
0.25416000000000005,0.0244,0.055600000000000004,456774636701154.562500
0.25417,0.0236,0.055600000000000004,456774636701154.562500
0.2541800000000001,0.0244,0.0516,456774636701154.562500
0.25419,0.0228,0.0524,456774636701154.562500
0.2542000000000001,0.022000000000000002,0.055600000000000004,456774636701154.562500
0.25421000000000005,0.0228,0.0548,456774636701154.562500
0.2542200000000001,0.022000000000000002,0.055600000000000004,456774636701154.562500
0.25423000000000007,0.022000000000000002,0.0548,456774636701154.562500
0.25424,0.022000000000000002,0.054,456774636701154.562500
0.2542500000000001,0.0196,0.0572,456774636701154.562500
0.25426000000000004,0.022000000000000002,0.054,456774636701154.562500
0.2542700000000001,0.0236,0.056400000000000006,456774636701154.562500
0.25428000000000006,0.0204,0.056400000000000006,456774636701154.562500
0.25429,0.022000000000000002,0.0548,456774636701154.562500
0.2543000000000001,0.022000000000000002,0.056400000000000006,456774636701154.562500
0.25431000000000004,0.0204,0.0516,456774636701154.562500
0.2543200000000001,0.022000000000000002,0.0548,456774636701154.562500
0.25433000000000006,0.0236,0.050800000000000005,456774636701154.562500
0.25434,0.0212,0.055600000000000004,456774636701154.562500
0.2543500000000001,0.0164,0.0548,456774636701154.562500
0.25436000000000003,0.0244,0.0572,456774636701154.562500
0.2543700000000001,0.0196,0.055600000000000004,456774636701154.562500
0.25438000000000005,0.0228,0.0572,456774636701154.562500
0.2543900000000001,0.0244,0.0572,456774636701154.562500
0.25440000000000007,0.0244,0.055600000000000004,456774636701154.562500
0.25441,0.0236,0.056400000000000006,456774636701154.562500
0.2544200000000001,0.0212,0.0516,456774636701154.562500
0.25443000000000005,0.0252,0.056400000000000006,456774636701154.562500
0.2544400000000001,0.022000000000000002,0.056400000000000006,456774636701154.562500
0.25445000000000007,0.0228,0.045200000000000004,456774636701154.562500
0.25446,0.0244,0.0516,456774636701154.562500
0.2544700000000001,0.0236,0.0492,456774636701154.562500
0.25448000000000004,0.022000000000000002,0.0572,456774636701154.562500
0.2544900000000001,0.0228,0.0548,456774636701154.562500
0.25450000000000006,0.0236,0.056400000000000006,456774636701154.562500
0.25451,0.0228,0.0524,456774636701154.562500
0.2545200000000001,0.022000000000000002,0.055600000000000004,456774636701154.562500
0.25453000000000003,0.0204,0.056400000000000006,456774636701154.562500
0.2545400000000001,0.022000000000000002,0.0548,456774636701154.562500
0.25455000000000005,0.0212,0.0516,456774636701154.562500
0.25456,0.0236,0.0524,456774636701154.562500
0.2545700000000001,0.0204,0.053200000000000004,456774636701154.562500
0.25458000000000003,0.022000000000000002,0.0524,456774636701154.562500
0.2545900000000001,0.0212,0.050800000000000005,456774636701154.562500
0.25460000000000005,0.0212,0.055600000000000004,456774636701154.562500
0.2546100000000001,0.022000000000000002,0.055600000000000004,456774636701154.562500
0.25462000000000007,0.022000000000000002,0.055600000000000004,456774636701154.562500
0.25463,0.022000000000000002,0.0572,456774636701154.562500
0.2546400000000001,0.0212,0.056400000000000006,456774636701154.562500
0.25465000000000004,0.0228,0.056400000000000006,456774636701154.562500
0.2546600000000001,0.0236,0.055600000000000004,456774636701154.562500
0.25467000000000006,0.0236,0.0524,456774636701154.562500
0.25468,0.0244,0.055600000000000004,456774636701154.562500
0.2546900000000001,0.0212,0.054,456774636701154.562500
0.25470000000000004,0.0236,0.056400000000000006,456774636701154.562500
0.2547100000000001,0.0228,0.0548,456774636701154.562500
0.25472000000000006,0.022000000000000002,0.054,456774636701154.562500
0.25473,0.0252,0.0572,456774636701154.562500
0.2547400000000001,0.0228,0.055600000000000004,456774636701154.562500
0.25475000000000003,0.0204,0.0548,456774636701154.562500
0.2547600000000001,0.0228,0.055600000000000004,456774636701154.562500
0.25477000000000005,0.0244,0.054,456774636701154.562500
0.25478,0.0212,0.056400000000000006,456774636701154.562500
0.25479000000000007,0.022000000000000002,0.0548,456774636701154.562500
0.2548,0.0228,0.053200000000000004,456774636701154.562500
0.2548100000000001,0.0204,0.055600000000000004,456774636701154.562500
0.25482000000000005,0.0204,0.056400000000000006,456774636701154.562500
0.2548300000000001,0.0228,0.056400000000000006,456774636701154.562500
0.25484000000000007,0.0212,0.056400000000000006,456774636701154.562500
0.25485,0.0228,0.056400000000000006,456774636701154.562500
0.2548600000000001,0.022000000000000002,0.056400000000000006,456774636701154.562500
0.25487000000000004,0.0228,0.055600000000000004,456774636701154.562500
0.2548800000000001,0.0204,0.0548,456774636701154.562500
0.25489000000000006,0.0212,0.053200000000000004,456774636701154.562500
0.2549,0.0172,0.056400000000000006,456774636701154.562500
0.2549100000000001,0.0172,0.050800000000000005,456774636701154.562500
0.25492000000000004,0.018000000000000002,0.055600000000000004,456774636701154.562500
0.2549300000000001,0.0212,0.050800000000000005,456774636701154.562500
0.25494000000000006,0.022000000000000002,0.056400000000000006,456774636701154.562500
0.25495,0.0228,0.0476,456774636701154.562500
0.2549600000000001,0.022000000000000002,0.055600000000000004,456774636701154.562500
0.25497000000000003,0.022000000000000002,0.055600000000000004,456774636701154.562500
0.2549800000000001,0.0244,0.055600000000000004,456774636701154.562500
0.25499000000000005,0.0204,0.056400000000000006,456774636701154.562500
0.2550000000000001,0.0244,0.0572,456774636701154.562500
0.25501000000000007,0.022000000000000002,0.058,456774636701154.562500
0.25502,0.0236,0.0572,456774636701154.562500
0.2550300000000001,0.022000000000000002,0.056400000000000006,456774636701154.562500
0.25504000000000004,0.0244,0.0572,456774636701154.562500
0.2550500000000001,0.0236,0.055600000000000004,456774636701154.562500
0.25506000000000006,0.0228,0.0548,456774636701154.562500
0.25507,0.0228,0.055600000000000004,456774636701154.562500
0.2550800000000001,0.0228,0.0572,456774636701154.562500
0.25509000000000004,0.0228,0.055600000000000004,456774636701154.562500
0.2551000000000001,0.022000000000000002,0.058,456774636701154.562500
0.25511000000000006,0.0196,0.0572,456774636701154.562500
0.25512,0.022000000000000002,0.0572,456774636701154.562500
0.2551300000000001,0.022000000000000002,0.0572,456774636701154.562500
0.25514000000000003,0.0228,0.055600000000000004,456774636701154.562500
0.2551500000000001,0.0236,0.055600000000000004,456774636701154.562500
0.25516000000000005,0.0228,0.0516,456774636701154.562500
0.25517,0.0228,0.056400000000000006,456774636701154.562500
0.2551800000000001,0.0212,0.056400000000000006,456774636701154.562500
0.25519000000000003,0.0228,0.056400000000000006,456774636701154.562500
0.2552000000000001,0.022000000000000002,0.055600000000000004,456774636701154.562500
0.25521000000000005,0.022000000000000002,0.055600000000000004,456774636701154.562500
0.2552200000000001,0.0212,0.054,456774636701154.562500
0.25523000000000007,0.022000000000000002,0.0524,456774636701154.562500
0.25524,0.0204,0.054,456774636701154.562500
0.2552500000000001,0.022000000000000002,0.055600000000000004,456774636701154.562500
0.25526000000000004,0.0236,0.0548,456774636701154.562500
0.2552700000000001,0.0228,0.058,456774636701154.562500
0.25528000000000006,0.022000000000000002,0.053200000000000004,456774636701154.562500
0.25529,0.022000000000000002,0.054,456774636701154.562500
0.2553000000000001,0.0228,0.056400000000000006,456774636701154.562500
0.25531000000000004,0.022000000000000002,0.0548,456774636701154.562500
0.2553200000000001,0.0204,0.055600000000000004,456774636701154.562500
0.25533000000000006,0.0252,0.054,456774636701154.562500
0.25534,0.0212,0.055600000000000004,456774636701154.562500
0.2553500000000001,0.0212,0.056400000000000006,456774636701154.562500
0.25536000000000003,0.0228,0.0548,456774636701154.562500
0.2553700000000001,0.022000000000000002,0.054,456774636701154.562500
0.25538000000000005,0.0236,0.0572,456774636701154.562500
0.2553900000000001,0.0252,0.055600000000000004,456774636701154.562500
0.25540000000000007,0.0212,0.058,456774636701154.562500
0.25541,0.0212,0.0572,456774636701154.562500
0.2554200000000001,0.0228,0.050800000000000005,456774636701154.562500
0.25543000000000005,0.022000000000000002,0.0516,456774636701154.562500
0.2554400000000001,0.0212,0.056400000000000006,456774636701154.562500
0.25545000000000007,0.0212,0.0572,456774636701154.562500
0.25546,0.0204,0.0572,456774636701154.562500
0.2554700000000001,0.0212,0.058,456774636701154.562500
0.25548000000000004,0.0204,0.0548,456774636701154.562500
0.2554900000000001,0.022000000000000002,0.0572,456774636701154.562500
0.25550000000000006,0.022000000000000002,0.0516,456774636701154.562500
0.25551,0.0212,0.055600000000000004,456774636701154.562500
0.2555200000000001,0.0228,0.058,456774636701154.562500
0.25553000000000003,0.0228,0.0524,456774636701154.562500
0.2555400000000001,0.022000000000000002,0.055600000000000004,456774636701154.562500
0.25555000000000005,0.022000000000000002,0.054,456774636701154.562500
0.25556,0.0228,0.055600000000000004,456774636701154.562500
0.2555700000000001,0.022000000000000002,0.0548,456774636701154.562500
0.25558000000000003,0.0204,0.056400000000000006,456774636701154.562500
0.2555900000000001,0.0236,0.056400000000000006,456774636701154.562500
0.25560000000000005,0.0252,0.0572,456774636701154.562500
0.2556100000000001,0.0244,0.056400000000000006,456774636701154.562500
0.25562000000000007,0.0212,0.054,456774636701154.562500
0.25563,0.0236,0.0572,456774636701154.562500
0.2556400000000001,0.0236,0.0572,456774636701154.562500
0.25565000000000004,0.0244,0.0548,456774636701154.562500
0.2556600000000001,0.022000000000000002,0.0548,456774636701154.562500
0.25567000000000006,0.0228,0.055600000000000004,456774636701154.562500
0.25568,0.0196,0.0548,456774636701154.562500
0.2556900000000001,0.0196,0.0572,456774636701154.562500
0.25570000000000004,0.0172,0.0516,456774636701154.562500
0.2557100000000001,0.0164,0.054,456774636701154.562500
0.25572000000000006,0.0204,0.056400000000000006,456774636701154.562500
0.25573,0.022000000000000002,0.056400000000000006,456774636701154.562500
0.2557400000000001,0.022000000000000002,0.055600000000000004,456774636701154.562500
0.25575000000000003,0.022000000000000002,0.0572,456774636701154.562500
0.2557600000000001,0.022000000000000002,0.056400000000000006,456774636701154.562500
0.25577000000000005,0.022000000000000002,0.0548,456774636701154.562500
0.25578,0.0212,0.05,456774636701154.562500
0.2557900000000001,0.0212,0.053200000000000004,456774636701154.562500
0.2558,0.022000000000000002,0.048400000000000006,456774636701154.562500
0.2558100000000001,0.022000000000000002,0.038,456774636701154.562500
0.25582000000000005,0.0188,0.048400000000000006,456774636701154.562500
0.2558300000000001,0.022000000000000002,0.054,456774636701154.562500
0.25584000000000007,0.0196,0.0516,456774636701154.562500
0.25585,0.0228,0.058,456774636701154.562500
0.2558600000000001,0.0228,0.0572,456774636701154.562500
0.25587000000000004,0.0204,0.0572,456774636701154.562500
0.2558800000000001,0.0212,0.056400000000000006,456774636701154.562500
0.25589000000000006,0.0228,0.056400000000000006,456774636701154.562500
0.2559,0.0236,0.056400000000000006,456774636701154.562500
0.2559100000000001,0.022000000000000002,0.0524,456774636701154.562500
0.25592000000000004,0.022000000000000002,0.055600000000000004,456774636701154.562500
0.2559300000000001,0.026000000000000002,0.056400000000000006,456774636701154.562500
0.25594000000000006,0.0252,0.055600000000000004,456774636701154.562500
0.25595,0.0228,0.056400000000000006,456774636701154.562500
0.2559600000000001,0.0228,0.055600000000000004,456774636701154.562500
0.25597000000000003,0.0236,0.0572,456774636701154.562500
0.2559800000000001,0.0228,0.054,456774636701154.562500
0.25599000000000005,0.0228,0.058,456774636701154.562500
0.2560000000000001,0.0236,0.054,456774636701154.562500
0.25601000000000007,0.022000000000000002,0.053200000000000004,456774636701154.562500
0.25602,0.0228,0.048400000000000006,456774636701154.562500
0.2560300000000001,0.0204,0.055600000000000004,456774636701154.562500
0.25604000000000005,0.0212,0.048400000000000006,456774636701154.562500
0.2560500000000001,0.0212,0.054,456774636701154.562500
0.25606000000000007,0.022000000000000002,0.0548,456774636701154.562500
0.25607,0.0236,0.058800000000000005,456774636701154.562500
0.2560800000000001,0.022000000000000002,0.056400000000000006,456774636701154.562500
0.25609000000000004,0.0204,0.0548,456774636701154.562500
0.2561000000000001,0.0204,0.045200000000000004,456774636701154.562500
0.25611000000000006,0.022000000000000002,0.056400000000000006,456774636701154.562500
0.25612,0.022000000000000002,0.056400000000000006,456774636701154.562500
0.2561300000000001,0.022000000000000002,0.055600000000000004,456774636701154.562500
0.25614000000000003,0.0212,0.0572,456774636701154.562500
0.2561500000000001,0.018000000000000002,0.0492,456774636701154.562500
0.25616000000000005,0.0228,0.0492,456774636701154.562500
0.25617,0.0228,0.055600000000000004,456774636701154.562500
0.2561800000000001,0.0236,0.0572,456774636701154.562500
0.25619000000000003,0.0236,0.058,456774636701154.562500
0.2562000000000001,0.0236,0.058,456774636701154.562500
0.25621000000000005,0.0236,0.056400000000000006,456774636701154.562500
0.2562200000000001,0.0236,0.056400000000000006,456774636701154.562500
0.25623000000000007,0.0236,0.055600000000000004,456774636701154.562500
0.25624,0.0236,0.058,456774636701154.562500
0.2562500000000001,0.0244,0.0572,456774636701154.562500
0.25626000000000004,0.0236,0.058,456774636701154.562500
0.2562700000000001,0.0244,0.055600000000000004,456774636701154.562500
0.25628000000000006,0.0244,0.056400000000000006,456774636701154.562500
0.25629,0.0236,0.056400000000000006,456774636701154.562500
0.2563000000000001,0.0228,0.058,456774636701154.562500
0.25631000000000004,0.0236,0.054,456774636701154.562500
0.2563200000000001,0.0244,0.05,456774636701154.562500
0.25633000000000006,0.022000000000000002,0.055600000000000004,456774636701154.562500
0.25634,0.022000000000000002,0.050800000000000005,456774636701154.562500
0.2563500000000001,0.0204,0.05,456774636701154.562500
0.25636000000000003,0.0236,0.046,456774636701154.562500
0.2563700000000001,0.0204,0.050800000000000005,456774636701154.562500
0.25638000000000005,0.0212,0.055600000000000004,456774636701154.562500
0.25639,0.018000000000000002,0.055600000000000004,456774636701154.562500
0.2564000000000001,0.0204,0.0548,456774636701154.562500
0.25641,0.022000000000000002,0.0548,456774636701154.562500
0.2564200000000001,0.0228,0.054,456774636701154.562500
0.25643000000000005,0.0236,0.0572,456774636701154.562500
0.2564400000000001,0.0212,0.058,456774636701154.562500
0.25645000000000007,0.0228,0.056400000000000006,456774636701154.562500
0.25646,0.022000000000000002,0.0572,456774636701154.562500
0.2564700000000001,0.022000000000000002,0.056400000000000006,456774636701154.562500
0.25648000000000004,0.0204,0.056400000000000006,456774636701154.562500
0.2564900000000001,0.0244,0.0548,456774636701154.562500
0.25650000000000006,0.0228,0.0572,456774636701154.562500
0.25651,0.0228,0.056400000000000006,456774636701154.562500
0.2565200000000001,0.0236,0.056400000000000006,456774636701154.562500
0.25653000000000004,0.0228,0.056400000000000006,456774636701154.562500
0.2565400000000001,0.0228,0.0548,456774636701154.562500
0.25655000000000006,0.0236,0.056400000000000006,456774636701154.562500
0.25656,0.0228,0.0572,456774636701154.562500
0.2565700000000001,0.0228,0.055600000000000004,456774636701154.562500
0.25658000000000003,0.0204,0.058,456774636701154.562500
0.2565900000000001,0.0228,0.0524,456774636701154.562500
0.25660000000000005,0.0196,0.0572,456774636701154.562500
0.2566100000000001,0.018000000000000002,0.058,456774636701154.562500
0.25662000000000007,0.015600000000000001,0.058800000000000005,456774636701154.562500
0.25663,0.0196,0.055600000000000004,456774636701154.562500
0.2566400000000001,0.0204,0.054,456774636701154.562500
0.25665000000000004,0.022000000000000002,0.0572,456774636701154.562500
0.2566600000000001,0.0228,0.054,456774636701154.562500
0.25667000000000006,0.022000000000000002,0.055600000000000004,456774636701154.562500
0.25668,0.0212,0.0572,456774636701154.562500
0.2566900000000001,0.0204,0.0572,456774636701154.562500
0.25670000000000004,0.0172,0.055600000000000004,456774636701154.562500
0.2567100000000001,0.014,0.054,456774636701154.562500
0.25672000000000006,0.014,0.0476,456774636701154.562500
0.25673,0.015600000000000001,0.055600000000000004,456774636701154.562500
0.2567400000000001,0.022000000000000002,0.0572,456774636701154.562500
0.25675000000000003,0.0196,0.0548,456774636701154.562500
0.2567600000000001,0.0236,0.055600000000000004,456774636701154.562500
0.25677000000000005,0.0228,0.058,456774636701154.562500
0.25678,0.022000000000000002,0.058800000000000005,456774636701154.562500
0.2567900000000001,0.022000000000000002,0.0572,456774636701154.562500
0.25680000000000003,0.0196,0.058,456774636701154.562500
0.2568100000000001,0.0244,0.055600000000000004,456774636701154.562500
0.25682000000000005,0.0236,0.055600000000000004,456774636701154.562500
0.2568300000000001,0.0236,0.0516,456774636701154.562500
0.25684000000000007,0.0244,0.056400000000000006,456774636701154.562500
0.25685,0.0244,0.055600000000000004,456774636701154.562500
0.2568600000000001,0.0236,0.056400000000000006,456774636701154.562500
0.25687000000000004,0.0228,0.056400000000000006,456774636701154.562500
0.2568800000000001,0.0228,0.0516,456774636701154.562500
0.25689000000000006,0.0228,0.046,456774636701154.562500
0.2569,0.022000000000000002,0.0444,456774636701154.562500
0.2569100000000001,0.0228,0.055600000000000004,456774636701154.562500
0.25692000000000004,0.0204,0.056400000000000006,456774636701154.562500
0.2569300000000001,0.022000000000000002,0.056400000000000006,456774636701154.562500
0.25694000000000006,0.022000000000000002,0.0572,456774636701154.562500
0.25695,0.0204,0.054,456774636701154.562500
0.2569600000000001,0.0212,0.053200000000000004,456774636701154.562500
0.25697000000000003,0.0196,0.055600000000000004,456774636701154.562500
0.2569800000000001,0.0212,0.055600000000000004,456774636701154.562500
0.25699000000000005,0.0204,0.055600000000000004,456774636701154.562500
0.2570000000000001,0.0212,0.056400000000000006,456774636701154.562500
0.25701000000000007,0.0228,0.056400000000000006,456774636701154.562500
0.25702,0.0228,0.0548,456774636701154.562500
0.2570300000000001,0.0212,0.0572,456774636701154.562500
0.25704000000000005,0.0228,0.055600000000000004,456774636701154.562500
0.2570500000000001,0.0228,0.056400000000000006,456774636701154.562500
0.25706000000000007,0.0228,0.0572,456774636701154.562500
0.25707,0.0228,0.056400000000000006,456774636701154.562500
0.2570800000000001,0.0228,0.0572,456774636701154.562500
0.25709000000000004,0.022000000000000002,0.0572,456774636701154.562500
0.2571000000000001,0.0212,0.0572,456774636701154.562500
0.25711000000000006,0.0252,0.055600000000000004,456774636701154.562500
0.25712,0.0228,0.055600000000000004,456774636701154.562500
0.2571300000000001,0.0244,0.055600000000000004,456774636701154.562500
0.25714000000000004,0.0204,0.0572,456774636701154.562500
0.2571500000000001,0.022000000000000002,0.055600000000000004,456774636701154.562500
0.25716000000000006,0.022000000000000002,0.056400000000000006,456774636701154.562500
0.25717,0.0196,0.0548,456774636701154.562500
0.2571800000000001,0.0236,0.058,456774636701154.562500
0.25719000000000003,0.022000000000000002,0.0572,456774636701154.562500
0.2572000000000001,0.0204,0.058,456774636701154.562500
0.25721000000000005,0.022000000000000002,0.058,456774636701154.562500
0.2572200000000001,0.022000000000000002,0.058,456774636701154.562500
0.25723000000000007,0.0188,0.0572,456774636701154.562500
0.25724,0.0188,0.056400000000000006,456774636701154.562500
0.2572500000000001,0.0196,0.056400000000000006,456774636701154.562500
0.25726000000000004,0.022000000000000002,0.0572,456774636701154.562500
0.2572700000000001,0.018000000000000002,0.0572,456774636701154.562500
0.25728000000000006,0.0212,0.0524,456774636701154.562500
0.25729,0.022000000000000002,0.0572,456774636701154.562500
0.2573000000000001,0.0228,0.0572,456774636701154.562500
0.25731000000000004,0.0228,0.056400000000000006,456774636701154.562500
0.2573200000000001,0.0212,0.0524,456774636701154.562500
0.25733000000000006,0.0228,0.0572,456774636701154.562500
0.25734,0.0228,0.0572,456774636701154.562500
0.2573500000000001,0.0228,0.056400000000000006,456774636701154.562500
0.25736000000000003,0.0196,0.0548,456774636701154.562500
0.2573700000000001,0.0204,0.056400000000000006,456774636701154.562500
0.25738000000000005,0.0196,0.058,456774636701154.562500
0.25739,0.0212,0.058,456774636701154.562500
0.2574000000000001,0.0188,0.058,456774636701154.562500
0.25741,0.0196,0.055600000000000004,456774636701154.562500
0.2574200000000001,0.0204,0.058,456774636701154.562500
0.25743000000000005,0.0188,0.0572,456774636701154.562500
0.2574400000000001,0.0172,0.058,456774636701154.562500
0.25745000000000007,0.022000000000000002,0.056400000000000006,456774636701154.562500
0.25746,0.0228,0.058,456774636701154.562500
0.2574700000000001,0.0236,0.056400000000000006,456774636701154.562500
0.25748000000000004,0.0252,0.055600000000000004,456774636701154.562500
0.2574900000000001,0.0212,0.056400000000000006,456774636701154.562500
0.25750000000000006,0.0228,0.056400000000000006,456774636701154.562500
0.25751,0.0212,0.0572,456774636701154.562500
0.2575200000000001,0.0228,0.056400000000000006,456774636701154.562500
0.25753000000000004,0.0228,0.0572,456774636701154.562500
0.2575400000000001,0.0228,0.055600000000000004,456774636701154.562500
0.25755000000000006,0.0228,0.058,456774636701154.562500
0.25756,0.0244,0.0476,456774636701154.562500
0.2575700000000001,0.018000000000000002,0.0492,456774636701154.562500
0.25758000000000003,0.0188,0.0524,456774636701154.562500
0.2575900000000001,0.014,0.0572,456774636701154.562500
0.25760000000000005,0.0172,0.055600000000000004,456774636701154.562500
0.2576100000000001,0.0148,0.0548,456774636701154.562500
0.25762000000000007,0.0188,0.056400000000000006,456774636701154.562500
0.25763,0.015600000000000001,0.0468,456774636701154.562500
0.2576400000000001,0.0172,0.0548,456774636701154.562500
0.25765000000000005,0.0188,0.0572,456774636701154.562500
0.2576600000000001,0.022000000000000002,0.0548,456774636701154.562500
0.25767000000000007,0.0228,0.048400000000000006,456774636701154.562500
0.25768,0.022000000000000002,0.0572,456774636701154.562500
0.2576900000000001,0.0228,0.055600000000000004,456774636701154.562500
0.25770000000000004,0.0204,0.055600000000000004,456774636701154.562500
0.2577100000000001,0.0196,0.056400000000000006,456774636701154.562500
0.25772000000000006,0.0164,0.05,456774636701154.562500
0.25773,0.022000000000000002,0.0548,456774636701154.562500
0.2577400000000001,0.022000000000000002,0.056400000000000006,456774636701154.562500
0.25775000000000003,0.0236,0.055600000000000004,456774636701154.562500
0.2577600000000001,0.0244,0.048400000000000006,456774636701154.562500
0.25777000000000005,0.0244,0.0468,456774636701154.562500
0.25778,0.022000000000000002,0.0548,456774636701154.562500
0.2577900000000001,0.0228,0.056400000000000006,456774636701154.562500
0.25780000000000003,0.022000000000000002,0.054,456774636701154.562500
0.2578100000000001,0.0204,0.055600000000000004,456774636701154.562500
0.25782000000000005,0.0236,0.055600000000000004,456774636701154.562500
0.2578300000000001,0.022000000000000002,0.055600000000000004,456774636701154.562500
0.25784000000000007,0.0196,0.053200000000000004,456774636701154.562500
0.25785,0.0228,0.0572,456774636701154.562500
0.2578600000000001,0.0228,0.0548,456774636701154.562500
0.25787000000000004,0.022000000000000002,0.055600000000000004,456774636701154.562500
0.2578800000000001,0.0228,0.0548,456774636701154.562500
0.25789000000000006,0.0172,0.054,456774636701154.562500
0.2579,0.022000000000000002,0.056400000000000006,456774636701154.562500
0.2579100000000001,0.0212,0.0524,456774636701154.562500
0.25792000000000004,0.022000000000000002,0.0572,456774636701154.562500
0.2579300000000001,0.0196,0.058,456774636701154.562500
0.25794000000000006,0.0188,0.0572,456774636701154.562500
0.25795,0.022000000000000002,0.0572,456774636701154.562500
0.2579600000000001,0.0212,0.056400000000000006,456774636701154.562500
0.25797000000000003,0.0212,0.055600000000000004,456774636701154.562500
0.2579800000000001,0.0204,0.056400000000000006,456774636701154.562500
0.25799000000000005,0.0212,0.055600000000000004,456774636701154.562500
0.258,0.022000000000000002,0.0572,456774636701154.562500
0.2580100000000001,0.0212,0.056400000000000006,456774636701154.562500
0.25802,0.0228,0.0572,456774636701154.562500
0.2580300000000001,0.022000000000000002,0.058,456774636701154.562500
0.25804000000000005,0.0212,0.055600000000000004,456774636701154.562500
0.2580500000000001,0.0212,0.0572,456774636701154.562500
0.25806000000000007,0.0228,0.058,456774636701154.562500
0.25807,0.0236,0.058,456774636701154.562500
0.2580800000000001,0.026000000000000002,0.0572,456774636701154.562500
0.25809000000000004,0.0236,0.056400000000000006,456774636701154.562500
0.2581000000000001,0.0236,0.055600000000000004,456774636701154.562500
0.25811000000000006,0.026000000000000002,0.0572,456774636701154.562500
0.25812,0.022000000000000002,0.056400000000000006,456774636701154.562500
0.2581300000000001,0.0236,0.054,456774636701154.562500
0.25814000000000004,0.0236,0.0572,456774636701154.562500
0.2581500000000001,0.022000000000000002,0.054,456774636701154.562500
0.25816000000000006,0.0196,0.0548,456774636701154.562500
0.25817,0.0228,0.0572,456774636701154.562500
0.2581800000000001,0.0196,0.054,456774636701154.562500
0.25819000000000003,0.0212,0.054,456774636701154.562500
0.2582000000000001,0.022000000000000002,0.046,456774636701154.562500
0.25821000000000005,0.022000000000000002,0.055600000000000004,456774636701154.562500
0.2582200000000001,0.0212,0.0572,456774636701154.562500
0.25823000000000007,0.022000000000000002,0.0516,456774636701154.562500
0.25824,0.0228,0.0516,456774636701154.562500
0.2582500000000001,0.022000000000000002,0.045200000000000004,456774636701154.562500
0.25826000000000005,0.0236,0.0476,456774636701154.562500
0.2582700000000001,0.0204,0.05,456774636701154.562500
0.25828000000000007,0.0212,0.054,456774636701154.562500
0.25829,0.0212,0.0516,456774636701154.562500
0.2583000000000001,0.022000000000000002,0.0468,456774636701154.562500
0.25831000000000004,0.022000000000000002,0.048400000000000006,456774636701154.562500
0.2583200000000001,0.0228,0.042,456774636701154.562500
0.25833000000000006,0.0204,0.0516,456774636701154.562500
0.25834,0.0236,0.054,456774636701154.562500
0.2583500000000001,0.0196,0.0548,456774636701154.562500
0.25836000000000003,0.0236,0.058,456774636701154.562500
0.2583700000000001,0.0228,0.054,456774636701154.562500
0.25838000000000005,0.0236,0.053200000000000004,456774636701154.562500
0.25839,0.0252,0.054,456774636701154.562500
0.2584000000000001,0.0228,0.0516,456774636701154.562500
0.25841000000000003,0.0204,0.0572,456774636701154.562500
0.2584200000000001,0.0228,0.0572,456774636701154.562500
0.25843000000000005,0.0204,0.055600000000000004,456774636701154.562500
0.2584400000000001,0.0164,0.055600000000000004,456774636701154.562500
0.25845000000000007,0.0204,0.056400000000000006,456774636701154.562500
0.25846,0.0204,0.055600000000000004,456774636701154.562500
0.2584700000000001,0.0196,0.0572,456774636701154.562500
0.25848000000000004,0.0188,0.058,456774636701154.562500
0.2584900000000001,0.022000000000000002,0.056400000000000006,456774636701154.562500
0.25850000000000006,0.0204,0.055600000000000004,456774636701154.562500
0.25851,0.022000000000000002,0.058,456774636701154.562500
0.2585200000000001,0.022000000000000002,0.056400000000000006,456774636701154.562500
0.25853000000000004,0.022000000000000002,0.056400000000000006,456774636701154.562500
0.2585400000000001,0.022000000000000002,0.055600000000000004,456774636701154.562500
0.25855000000000006,0.022000000000000002,0.056400000000000006,456774636701154.562500
0.25856,0.022000000000000002,0.056400000000000006,456774636701154.562500
0.2585700000000001,0.022000000000000002,0.054,456774636701154.562500
0.25858000000000003,0.0212,0.0572,456774636701154.562500
0.2585900000000001,0.0228,0.0572,456774636701154.562500
0.25860000000000005,0.0236,0.056400000000000006,456774636701154.562500
0.2586100000000001,0.0228,0.0572,456774636701154.562500
0.25862000000000007,0.0244,0.056400000000000006,456774636701154.562500
0.25863,0.0204,0.0572,456774636701154.562500
0.2586400000000001,0.022000000000000002,0.058,456774636701154.562500
0.25865000000000005,0.0228,0.0572,456774636701154.562500
0.2586600000000001,0.0252,0.0572,456774636701154.562500
0.25867000000000007,0.0244,0.055600000000000004,456774636701154.562500
0.25868,0.0236,0.055600000000000004,456774636701154.562500
0.2586900000000001,0.0228,0.0548,456774636701154.562500
0.25870000000000004,0.0244,0.0572,456774636701154.562500
0.2587100000000001,0.0236,0.056400000000000006,456774636701154.562500
0.25872000000000006,0.0228,0.055600000000000004,456774636701154.562500
0.25873,0.0228,0.056400000000000006,456774636701154.562500
0.2587400000000001,0.0196,0.058,456774636701154.562500
0.25875000000000004,0.0204,0.054,456774636701154.562500
0.2587600000000001,0.0204,0.0548,456774636701154.562500
0.25877000000000006,0.022000000000000002,0.0548,456774636701154.562500
0.25878,0.0212,0.0572,456774636701154.562500
0.2587900000000001,0.0228,0.056400000000000006,456774636701154.562500
0.25880000000000003,0.0188,0.05,456774636701154.562500
0.2588100000000001,0.0228,0.055600000000000004,456774636701154.562500
0.25882000000000005,0.0236,0.056400000000000006,456774636701154.562500
0.2588300000000001,0.0204,0.055600000000000004,456774636701154.562500
0.25884000000000007,0.022000000000000002,0.0572,456774636701154.562500
0.25885,0.0212,0.056400000000000006,456774636701154.562500
0.2588600000000001,0.022000000000000002,0.0572,456774636701154.562500
0.25887000000000004,0.0236,0.056400000000000006,456774636701154.562500
0.2588800000000001,0.0212,0.056400000000000006,456774636701154.562500
0.25889000000000006,0.022000000000000002,0.048400000000000006,456774636701154.562500
0.2589,0.0196,0.0524,456774636701154.562500
0.2589100000000001,0.0204,0.056400000000000006,456774636701154.562500
0.25892000000000004,0.0236,0.0572,456774636701154.562500
0.2589300000000001,0.022000000000000002,0.058,456774636701154.562500
0.25894000000000006,0.0196,0.045200000000000004,456774636701154.562500
0.25895,0.0236,0.055600000000000004,456774636701154.562500
0.2589600000000001,0.0252,0.053200000000000004,456774636701154.562500
0.25897000000000003,0.0244,0.056400000000000006,456774636701154.562500
0.2589800000000001,0.0244,0.0548,456774636701154.562500
0.25899000000000005,0.0204,0.0572,456774636701154.562500
0.259,0.0212,0.054,456774636701154.562500
0.2590100000000001,0.022000000000000002,0.056400000000000006,456774636701154.562500
0.25902000000000003,0.0228,0.056400000000000006,456774636701154.562500
0.2590300000000001,0.0244,0.056400000000000006,456774636701154.562500
0.25904000000000005,0.0188,0.0468,456774636701154.562500
0.2590500000000001,0.0196,0.0524,456774636701154.562500
0.25906000000000007,0.0236,0.038,456774636701154.562500
0.25907,0.0228,0.0516,456774636701154.562500
0.2590800000000001,0.022000000000000002,0.0444,456774636701154.562500
0.25909000000000004,0.022000000000000002,0.055600000000000004,456774636701154.562500
0.2591000000000001,0.0236,0.055600000000000004,456774636701154.562500
0.25911000000000006,0.0228,0.056400000000000006,456774636701154.562500
0.25912,0.0212,0.055600000000000004,456774636701154.562500
0.2591300000000001,0.022000000000000002,0.0548,456774636701154.562500
0.25914000000000004,0.0196,0.056400000000000006,456774636701154.562500
0.2591500000000001,0.0228,0.0572,456774636701154.562500
0.25916000000000006,0.0236,0.055600000000000004,456774636701154.562500
0.25917,0.022000000000000002,0.053200000000000004,456774636701154.562500
0.2591800000000001,0.0172,0.058,456774636701154.562500
0.25919000000000003,0.0228,0.054,456774636701154.562500
0.2592000000000001,0.0188,0.0572,456774636701154.562500
0.25921000000000005,0.0188,0.055600000000000004,456774636701154.562500
0.2592200000000001,0.022000000000000002,0.0572,456774636701154.562500
0.25923000000000007,0.022000000000000002,0.054,456774636701154.562500
0.25924,0.022000000000000002,0.0572,456774636701154.562500
0.2592500000000001,0.0244,0.055600000000000004,456774636701154.562500
0.25926000000000005,0.0236,0.0548,456774636701154.562500
0.2592700000000001,0.0228,0.058,456774636701154.562500
0.25928000000000007,0.0252,0.055600000000000004,456774636701154.562500
0.25929,0.022000000000000002,0.055600000000000004,456774636701154.562500
0.2593000000000001,0.0204,0.055600000000000004,456774636701154.562500
0.25931000000000004,0.022000000000000002,0.055600000000000004,456774636701154.562500
0.2593200000000001,0.022000000000000002,0.0516,456774636701154.562500
0.25933000000000006,0.0196,0.0572,456774636701154.562500
0.25934,0.0212,0.056400000000000006,456774636701154.562500
0.2593500000000001,0.022000000000000002,0.055600000000000004,456774636701154.562500
0.25936000000000003,0.0204,0.058,456774636701154.562500
0.2593700000000001,0.0196,0.0572,456774636701154.562500
0.25938000000000005,0.0228,0.055600000000000004,456774636701154.562500
0.25939,0.022000000000000002,0.0548,456774636701154.562500
0.2594000000000001,0.022000000000000002,0.056400000000000006,456774636701154.562500
0.25941000000000003,0.0228,0.0548,456774636701154.562500
0.2594200000000001,0.0228,0.056400000000000006,456774636701154.562500
0.25943000000000005,0.022000000000000002,0.0548,456774636701154.562500
0.2594400000000001,0.0204,0.054,456774636701154.562500
0.25945000000000007,0.0228,0.054,456774636701154.562500
0.25946,0.0212,0.056400000000000006,456774636701154.562500
0.2594700000000001,0.0212,0.055600000000000004,456774636701154.562500
0.25948000000000004,0.0212,0.0572,456774636701154.562500
0.2594900000000001,0.0196,0.056400000000000006,456774636701154.562500
0.25950000000000006,0.022000000000000002,0.058,456774636701154.562500
0.25951,0.0188,0.056400000000000006,456774636701154.562500
0.2595200000000001,0.0212,0.058800000000000005,456774636701154.562500
0.25953000000000004,0.0228,0.056400000000000006,456774636701154.562500
0.2595400000000001,0.022000000000000002,0.058,456774636701154.562500
0.25955000000000006,0.0228,0.054,456774636701154.562500
0.25956,0.0212,0.056400000000000006,456774636701154.562500
0.2595700000000001,0.022000000000000002,0.0572,456774636701154.562500
0.25958000000000003,0.0196,0.054,456774636701154.562500
0.2595900000000001,0.0244,0.054,456774636701154.562500
0.25960000000000005,0.0244,0.05,456774636701154.562500
0.25961,0.0236,0.050800000000000005,456774636701154.562500
0.2596200000000001,0.0244,0.046,456774636701154.562500
0.25963,0.0236,0.0572,456774636701154.562500
0.2596400000000001,0.0244,0.056400000000000006,456774636701154.562500
0.25965000000000005,0.0228,0.054,456774636701154.562500
0.2596600000000001,0.0212,0.056400000000000006,456774636701154.562500
0.25967000000000007,0.0204,0.0516,456774636701154.562500
0.25968,0.0228,0.056400000000000006,456774636701154.562500
0.2596900000000001,0.0188,0.058,456774636701154.562500
0.25970000000000004,0.0212,0.0572,456774636701154.562500
0.2597100000000001,0.0236,0.0572,456774636701154.562500
0.25972000000000006,0.0228,0.056400000000000006,456774636701154.562500
0.25973,0.022000000000000002,0.0548,456774636701154.562500
0.2597400000000001,0.0172,0.0572,456774636701154.562500
0.25975000000000004,0.0212,0.0572,456774636701154.562500
0.2597600000000001,0.0204,0.056400000000000006,456774636701154.562500
0.25977000000000006,0.0196,0.0572,456774636701154.562500
0.25978,0.0212,0.056400000000000006,456774636701154.562500
0.2597900000000001,0.0172,0.055600000000000004,456774636701154.562500
0.25980000000000003,0.022000000000000002,0.0572,456774636701154.562500
0.2598100000000001,0.0196,0.056400000000000006,456774636701154.562500
0.25982000000000005,0.0228,0.055600000000000004,456774636701154.562500
0.2598300000000001,0.022000000000000002,0.0548,456774636701154.562500
0.25984000000000007,0.0228,0.058,456774636701154.562500
0.25985,0.022000000000000002,0.056400000000000006,456774636701154.562500
0.2598600000000001,0.0236,0.0548,456774636701154.562500
0.25987000000000005,0.0244,0.056400000000000006,456774636701154.562500
0.2598800000000001,0.0244,0.054,456774636701154.562500
0.25989000000000007,0.0244,0.054,456774636701154.562500
0.2599,0.0228,0.0516,456774636701154.562500
0.2599100000000001,0.0236,0.0548,456774636701154.562500
0.25992000000000004,0.0236,0.0524,456774636701154.562500
0.2599300000000001,0.0244,0.0516,456774636701154.562500
0.25994000000000006,0.0236,0.053200000000000004,456774636701154.562500
0.25995,0.022000000000000002,0.055600000000000004,456774636701154.562500
0.2599600000000001,0.0236,0.054,456774636701154.562500
0.25997000000000003,0.0236,0.055600000000000004,456774636701154.562500
0.2599800000000001,0.0228,0.0572,456774636701154.562500
0.25999000000000005,0.022000000000000002,0.056400000000000006,456774636701154.562500
0.26,0.0236,0.0548,456774636701154.562500
0.2600100000000001,0.0212,0.0572,456774636701154.562500
0.26002000000000003,0.022000000000000002,0.055600000000000004,456774636701154.562500
0.2600300000000001,0.022000000000000002,0.05,456774636701154.562500
0.26004000000000005,0.0212,0.056400000000000006,456774636701154.562500
0.2600500000000001,0.0204,0.054,456774636701154.562500
0.26006000000000007,0.0204,0.058,456774636701154.562500
0.26007,0.0204,0.0492,456774636701154.562500
0.2600800000000001,0.0204,0.0548,456774636701154.562500
0.26009000000000004,0.0236,0.0548,456774636701154.562500
0.2601000000000001,0.0228,0.053200000000000004,456774636701154.562500
0.26011000000000006,0.0204,0.0548,456774636701154.562500
0.26012,0.0228,0.0492,456774636701154.562500
0.2601300000000001,0.0228,0.042800000000000005,456774636701154.562500
0.26014000000000004,0.018000000000000002,0.0524,456774636701154.562500
0.2601500000000001,0.0204,0.0492,456774636701154.562500
0.26016000000000006,0.015600000000000001,0.055600000000000004,456774636701154.562500
0.26017,0.0164,0.056400000000000006,456774636701154.562500
0.2601800000000001,0.022000000000000002,0.058,456774636701154.562500
0.26019000000000003,0.0204,0.0524,456774636701154.562500
0.2602000000000001,0.022000000000000002,0.056400000000000006,456774636701154.562500
0.26021000000000005,0.0228,0.053200000000000004,456774636701154.562500
0.26022,0.0236,0.054,456774636701154.562500
0.2602300000000001,0.022000000000000002,0.054,456774636701154.562500
0.26024,0.0188,0.056400000000000006,456774636701154.562500
0.2602500000000001,0.0204,0.048400000000000006,456774636701154.562500
0.26026000000000005,0.0204,0.056400000000000006,456774636701154.562500
0.2602700000000001,0.022000000000000002,0.054,456774636701154.562500
0.26028000000000007,0.0236,0.056400000000000006,456774636701154.562500
0.26029,0.0204,0.0516,456774636701154.562500
0.2603000000000001,0.0196,0.0572,456774636701154.562500
0.26031000000000004,0.0188,0.055600000000000004,456774636701154.562500
0.2603200000000001,0.0204,0.056400000000000006,456774636701154.562500
0.26033000000000006,0.0148,0.058,456774636701154.562500
0.26034,0.022000000000000002,0.0572,456774636701154.562500
0.2603500000000001,0.0188,0.055600000000000004,456774636701154.562500
0.26036000000000004,0.022000000000000002,0.058,456774636701154.562500
0.2603700000000001,0.0228,0.0572,456774636701154.562500
0.26038000000000006,0.0228,0.0572,456774636701154.562500
0.26039,0.0212,0.058,456774636701154.562500
0.2604000000000001,0.022000000000000002,0.055600000000000004,456774636701154.562500
0.26041000000000003,0.0196,0.0548,456774636701154.562500
0.2604200000000001,0.0228,0.053200000000000004,456774636701154.562500
0.26043000000000005,0.0236,0.056400000000000006,456774636701154.562500
0.2604400000000001,0.022000000000000002,0.056400000000000006,456774636701154.562500
0.26045000000000007,0.0204,0.054,456774636701154.562500
0.26046,0.0236,0.0548,456774636701154.562500
0.2604700000000001,0.0236,0.055600000000000004,456774636701154.562500
0.26048000000000004,0.0236,0.0548,456774636701154.562500
0.2604900000000001,0.0252,0.055600000000000004,456774636701154.562500
0.26050000000000006,0.0244,0.0572,456774636701154.562500
0.26051,0.0228,0.055600000000000004,456774636701154.562500
0.2605200000000001,0.0228,0.054,456774636701154.562500
0.26053000000000004,0.0228,0.054,456774636701154.562500
0.2605400000000001,0.0228,0.053200000000000004,456774636701154.562500
0.26055000000000006,0.0204,0.0548,456774636701154.562500
0.26056,0.0244,0.0572,456774636701154.562500
0.2605700000000001,0.0228,0.048400000000000006,456774636701154.562500
0.26058000000000003,0.022000000000000002,0.0516,456774636701154.562500
0.2605900000000001,0.0228,0.0524,456774636701154.562500
0.26060000000000005,0.022000000000000002,0.055600000000000004,456774636701154.562500
0.26061,0.0228,0.054,456774636701154.562500
0.2606200000000001,0.0204,0.0572,456774636701154.562500
0.26063000000000003,0.022000000000000002,0.0548,456774636701154.562500
0.2606400000000001,0.0228,0.056400000000000006,456774636701154.562500
0.26065000000000005,0.0228,0.055600000000000004,456774636701154.562500
0.2606600000000001,0.022000000000000002,0.056400000000000006,456774636701154.562500
0.26067000000000007,0.022000000000000002,0.055600000000000004,456774636701154.562500
0.26068,0.0212,0.058,456774636701154.562500
0.2606900000000001,0.0212,0.055600000000000004,456774636701154.562500
0.26070000000000004,0.022000000000000002,0.056400000000000006,456774636701154.562500
0.2607100000000001,0.0236,0.0572,456774636701154.562500
0.26072000000000006,0.0228,0.056400000000000006,456774636701154.562500
0.26073,0.022000000000000002,0.0572,456774636701154.562500
0.2607400000000001,0.0236,0.0572,456774636701154.562500
0.26075000000000004,0.0212,0.056400000000000006,456774636701154.562500
0.2607600000000001,0.0244,0.058800000000000005,456774636701154.562500
0.26077000000000006,0.0236,0.056400000000000006,456774636701154.562500
0.26078,0.0252,0.056400000000000006,456774636701154.562500
0.2607900000000001,0.0212,0.056400000000000006,456774636701154.562500
0.26080000000000003,0.0244,0.054,456774636701154.562500
0.2608100000000001,0.022000000000000002,0.0516,456774636701154.562500
0.26082000000000005,0.0244,0.046,456774636701154.562500
0.2608300000000001,0.0228,0.0476,456774636701154.562500
0.26084000000000007,0.022000000000000002,0.0468,456774636701154.562500
0.26085,0.022000000000000002,0.0548,456774636701154.562500
0.2608600000000001,0.0236,0.0436,456774636701154.562500
0.26087000000000005,0.0228,0.0516,456774636701154.562500
0.2608800000000001,0.0236,0.0548,456774636701154.562500
0.26089000000000007,0.0204,0.056400000000000006,456774636701154.562500
0.2609,0.022000000000000002,0.054,456774636701154.562500
0.2609100000000001,0.0236,0.055600000000000004,456774636701154.562500
0.26092000000000004,0.022000000000000002,0.054,456774636701154.562500
0.2609300000000001,0.0204,0.056400000000000006,456774636701154.562500
0.26094000000000006,0.0236,0.055600000000000004,456774636701154.562500
0.26095,0.0228,0.0548,456774636701154.562500
0.2609600000000001,0.022000000000000002,0.0572,456774636701154.562500
0.26097000000000004,0.0212,0.055600000000000004,456774636701154.562500
0.2609800000000001,0.0196,0.056400000000000006,456774636701154.562500
0.26099000000000006,0.0188,0.054,456774636701154.562500
0.261,0.022000000000000002,0.0524,456774636701154.562500
0.2610100000000001,0.0228,0.054,456774636701154.562500
0.26102000000000003,0.0204,0.056400000000000006,456774636701154.562500
0.2610300000000001,0.022000000000000002,0.056400000000000006,456774636701154.562500
0.26104000000000005,0.0244,0.0572,456774636701154.562500
0.2610500000000001,0.0228,0.0548,456774636701154.562500
0.26106000000000007,0.0228,0.0516,456774636701154.562500
0.26107,0.0196,0.0468,456774636701154.562500
0.2610800000000001,0.0236,0.0572,456774636701154.562500
0.26109000000000004,0.0252,0.0572,456774636701154.562500
0.2611000000000001,0.0244,0.0572,456774636701154.562500
0.26111000000000006,0.0228,0.056400000000000006,456774636701154.562500
0.26112,0.0244,0.058,456774636701154.562500
0.2611300000000001,0.018000000000000002,0.0572,456774636701154.562500
0.26114000000000004,0.0236,0.0548,456774636701154.562500
0.2611500000000001,0.0244,0.0548,456774636701154.562500
0.26116000000000006,0.0236,0.045200000000000004,456774636701154.562500
0.26117,0.0228,0.0516,456774636701154.562500
0.2611800000000001,0.0252,0.05,456774636701154.562500
0.26119000000000003,0.0228,0.0492,456774636701154.562500
0.2612000000000001,0.0236,0.034,456774636701154.562500
0.26121000000000005,0.0228,0.037200000000000004,456774636701154.562500
0.26122,0.0228,0.0436,456774636701154.562500
0.2612300000000001,0.0212,0.050800000000000005,456774636701154.562500
0.26124,0.022000000000000002,0.034,456774636701154.562500
0.2612500000000001,0.022000000000000002,0.0548,456774636701154.562500
0.26126000000000005,0.022000000000000002,0.0572,456774636701154.562500
0.2612700000000001,0.022000000000000002,0.058,456774636701154.562500
0.26128000000000007,0.022000000000000002,0.056400000000000006,456774636701154.562500
0.26129,0.0236,0.048400000000000006,456774636701154.562500
0.2613000000000001,0.0204,0.0572,456774636701154.562500
0.26131000000000004,0.0228,0.055600000000000004,456774636701154.562500
0.2613200000000001,0.0212,0.0572,456774636701154.562500
0.26133000000000006,0.022000000000000002,0.053200000000000004,456774636701154.562500
0.26134,0.0236,0.053200000000000004,456774636701154.562500
0.2613500000000001,0.0228,0.0444,456774636701154.562500
0.26136000000000004,0.0228,0.0524,456774636701154.562500
0.2613700000000001,0.0244,0.0468,456774636701154.562500
0.26138000000000006,0.0204,0.054,456774636701154.562500
0.26139,0.022000000000000002,0.056400000000000006,456774636701154.562500
0.2614000000000001,0.018000000000000002,0.058,456774636701154.562500
0.26141000000000003,0.018000000000000002,0.0492,456774636701154.562500
0.2614200000000001,0.0228,0.0572,456774636701154.562500
0.26143000000000005,0.0244,0.0524,456774636701154.562500
0.2614400000000001,0.0204,0.0572,456774636701154.562500
0.26145000000000007,0.0212,0.0572,456774636701154.562500
0.26146,0.022000000000000002,0.056400000000000006,456774636701154.562500
0.2614700000000001,0.0228,0.056400000000000006,456774636701154.562500
0.26148000000000005,0.0212,0.0572,456774636701154.562500
0.2614900000000001,0.0228,0.0572,456774636701154.562500
0.26150000000000007,0.0204,0.058,456774636701154.562500
0.26151,0.0172,0.056400000000000006,456774636701154.562500
0.2615200000000001,0.0212,0.054,456774636701154.562500
0.26153000000000004,0.0204,0.0572,456774636701154.562500
0.2615400000000001,0.0228,0.055600000000000004,456774636701154.562500
0.26155000000000006,0.022000000000000002,0.056400000000000006,456774636701154.562500
0.26156,0.022000000000000002,0.055600000000000004,456774636701154.562500
0.2615700000000001,0.0212,0.058,456774636701154.562500
0.26158000000000003,0.022000000000000002,0.054,456774636701154.562500
0.2615900000000001,0.0228,0.058,456774636701154.562500
0.26160000000000005,0.022000000000000002,0.05,456774636701154.562500
0.26161,0.0228,0.056400000000000006,456774636701154.562500
0.2616200000000001,0.0204,0.055600000000000004,456774636701154.562500
0.26163000000000003,0.0212,0.050800000000000005,456774636701154.562500
0.2616400000000001,0.0228,0.056400000000000006,456774636701154.562500
0.26165000000000005,0.0228,0.0572,456774636701154.562500
0.2616600000000001,0.0236,0.055600000000000004,456774636701154.562500
0.26167000000000007,0.022000000000000002,0.056400000000000006,456774636701154.562500
0.26168,0.0228,0.055600000000000004,456774636701154.562500
0.2616900000000001,0.0244,0.050800000000000005,456774636701154.562500
0.26170000000000004,0.0228,0.056400000000000006,456774636701154.562500
0.2617100000000001,0.0252,0.056400000000000006,456774636701154.562500
0.26172000000000006,0.0244,0.0572,456774636701154.562500
0.26173,0.0244,0.056400000000000006,456774636701154.562500
0.2617400000000001,0.0228,0.054,456774636701154.562500
0.26175000000000004,0.026000000000000002,0.056400000000000006,456774636701154.562500
0.2617600000000001,0.0236,0.053200000000000004,456774636701154.562500
0.26177000000000006,0.0228,0.0572,456774636701154.562500
0.26178,0.0228,0.0524,456774636701154.562500
0.2617900000000001,0.022000000000000002,0.055600000000000004,456774636701154.562500
0.26180000000000003,0.022000000000000002,0.056400000000000006,456774636701154.562500
0.2618100000000001,0.0236,0.0548,456774636701154.562500
0.26182000000000005,0.0236,0.055600000000000004,456774636701154.562500
0.26183,0.0212,0.054,456774636701154.562500
0.2618400000000001,0.0236,0.0572,456774636701154.562500
0.26185,0.0212,0.054,456774636701154.562500
0.2618600000000001,0.022000000000000002,0.055600000000000004,456774636701154.562500
0.26187000000000005,0.022000000000000002,0.056400000000000006,456774636701154.562500
0.2618800000000001,0.022000000000000002,0.058,456774636701154.562500
0.26189000000000007,0.022000000000000002,0.058,456774636701154.562500
0.2619,0.0236,0.055600000000000004,456774636701154.562500
0.2619100000000001,0.0212,0.0572,456774636701154.562500
0.26192000000000004,0.0212,0.056400000000000006,456774636701154.562500
0.2619300000000001,0.022000000000000002,0.056400000000000006,456774636701154.562500
0.26194000000000006,0.0204,0.055600000000000004,456774636701154.562500
0.26195,0.0228,0.056400000000000006,456774636701154.562500
0.2619600000000001,0.0244,0.0548,456774636701154.562500
0.26197000000000004,0.0244,0.056400000000000006,456774636701154.562500
0.2619800000000001,0.0228,0.058,456774636701154.562500
0.26199000000000006,0.0236,0.0572,456774636701154.562500
0.262,0.0236,0.055600000000000004,456774636701154.562500
0.2620100000000001,0.0236,0.055600000000000004,456774636701154.562500
0.26202000000000003,0.026000000000000002,0.0548,456774636701154.562500
0.2620300000000001,0.0244,0.053200000000000004,456774636701154.562500
0.26204000000000005,0.0252,0.0572,456774636701154.562500
0.2620500000000001,0.0244,0.055600000000000004,456774636701154.562500
0.26206000000000007,0.0204,0.054,456774636701154.562500
0.26207,0.022000000000000002,0.0572,456774636701154.562500
0.2620800000000001,0.0228,0.0572,456774636701154.562500
0.26209000000000005,0.0228,0.054,456774636701154.562500
0.2621000000000001,0.0244,0.0596,456774636701154.562500
0.26211000000000007,0.0196,0.0516,456774636701154.562500
0.26212,0.0244,0.0572,456774636701154.562500
0.2621300000000001,0.022000000000000002,0.0492,456774636701154.562500
0.26214000000000004,0.022000000000000002,0.056400000000000006,456774636701154.562500
0.2621500000000001,0.0228,0.0548,456774636701154.562500
0.26216000000000006,0.022000000000000002,0.0572,456774636701154.562500
0.26217,0.0188,0.053200000000000004,456774636701154.562500
0.2621800000000001,0.022000000000000002,0.0492,456774636701154.562500
0.26219000000000003,0.0212,0.056400000000000006,456774636701154.562500
0.2622000000000001,0.0228,0.05,456774636701154.562500
0.26221000000000005,0.022000000000000002,0.058,456774636701154.562500
0.26222,0.0236,0.055600000000000004,456774636701154.562500
0.2622300000000001,0.0236,0.056400000000000006,456774636701154.562500
0.26224000000000003,0.0228,0.0548,456774636701154.562500
0.2622500000000001,0.022000000000000002,0.0572,456774636701154.562500
0.26226000000000005,0.022000000000000002,0.056400000000000006,456774636701154.562500
0.2622700000000001,0.022000000000000002,0.058,456774636701154.562500
0.26228000000000007,0.0236,0.0572,456774636701154.562500
0.26229,0.022000000000000002,0.0548,456774636701154.562500
0.2623000000000001,0.0244,0.0548,456774636701154.562500
0.26231000000000004,0.0244,0.056400000000000006,456774636701154.562500
0.2623200000000001,0.0244,0.055600000000000004,456774636701154.562500
0.26233000000000006,0.0252,0.0572,456774636701154.562500
0.26234,0.0252,0.055600000000000004,456774636701154.562500
0.2623500000000001,0.0236,0.0572,456774636701154.562500
0.26236000000000004,0.0228,0.054,456774636701154.562500
0.2623700000000001,0.0244,0.056400000000000006,456774636701154.562500
0.26238000000000006,0.0236,0.0572,456774636701154.562500
0.26239,0.022000000000000002,0.0548,456774636701154.562500
0.2624000000000001,0.0244,0.058,456774636701154.562500
0.26241000000000003,0.022000000000000002,0.054,456774636701154.562500
0.2624200000000001,0.0204,0.056400000000000006,456774636701154.562500
0.26243000000000005,0.022000000000000002,0.054,456774636701154.562500
0.2624400000000001,0.0204,0.056400000000000006,456774636701154.562500
0.26245000000000007,0.022000000000000002,0.0524,456774636701154.562500
0.26246,0.0228,0.056400000000000006,456774636701154.562500
0.2624700000000001,0.0228,0.053200000000000004,456774636701154.562500
0.26248000000000005,0.0212,0.056400000000000006,456774636701154.562500
0.2624900000000001,0.0228,0.0548,456774636701154.562500
0.26250000000000007,0.0204,0.050800000000000005,456774636701154.562500
0.26251,0.0244,0.0476,456774636701154.562500
0.2625200000000001,0.0212,0.0476,456774636701154.562500
0.26253000000000004,0.0228,0.0548,456774636701154.562500
0.2625400000000001,0.0212,0.0492,456774636701154.562500
0.26255000000000006,0.0212,0.054,456774636701154.562500
0.26256,0.022000000000000002,0.056400000000000006,456774636701154.562500
0.2625700000000001,0.022000000000000002,0.0572,456774636701154.562500
0.26258000000000004,0.0212,0.0572,456774636701154.562500
0.2625900000000001,0.022000000000000002,0.056400000000000006,456774636701154.562500
0.26260000000000006,0.022000000000000002,0.058,456774636701154.562500
0.26261,0.0228,0.058,456774636701154.562500
0.2626200000000001,0.0244,0.056400000000000006,456774636701154.562500
0.26263000000000003,0.0228,0.0548,456774636701154.562500
0.2626400000000001,0.0236,0.058,456774636701154.562500
0.26265000000000005,0.0244,0.058,456774636701154.562500
0.2626600000000001,0.022000000000000002,0.0572,456774636701154.562500
0.26267000000000007,0.0244,0.058,456774636701154.562500
0.26268,0.0236,0.0572,456774636701154.562500
0.2626900000000001,0.0252,0.055600000000000004,456774636701154.562500
0.26270000000000004,0.0236,0.054,456774636701154.562500
0.2627100000000001,0.018000000000000002,0.056400000000000006,456774636701154.562500
0.26272000000000006,0.0204,0.058,456774636701154.562500
0.26273,0.0204,0.0572,456774636701154.562500
0.2627400000000001,0.022000000000000002,0.056400000000000006,456774636701154.562500
0.26275000000000004,0.0196,0.056400000000000006,456774636701154.562500
0.2627600000000001,0.0228,0.0572,456774636701154.562500
0.26277000000000006,0.0204,0.056400000000000006,456774636701154.562500
0.26278,0.0204,0.056400000000000006,456774636701154.562500
0.2627900000000001,0.0204,0.0572,456774636701154.562500
0.26280000000000003,0.0236,0.0548,456774636701154.562500
0.2628100000000001,0.0212,0.055600000000000004,456774636701154.562500
0.26282000000000005,0.022000000000000002,0.056400000000000006,456774636701154.562500
0.26283,0.0212,0.0524,456774636701154.562500
0.2628400000000001,0.0212,0.055600000000000004,456774636701154.562500
0.26285000000000003,0.0228,0.05,456774636701154.562500
0.2628600000000001,0.0228,0.054,456774636701154.562500
0.26287000000000005,0.0228,0.0548,456774636701154.562500
0.2628800000000001,0.0212,0.055600000000000004,456774636701154.562500
0.26289000000000007,0.0228,0.055600000000000004,456774636701154.562500
0.2629,0.0236,0.055600000000000004,456774636701154.562500
0.2629100000000001,0.0228,0.058,456774636701154.562500
0.26292000000000004,0.0212,0.056400000000000006,456774636701154.562500
0.2629300000000001,0.0236,0.0572,456774636701154.562500
0.26294000000000006,0.0244,0.056400000000000006,456774636701154.562500
0.26295,0.0252,0.053200000000000004,456774636701154.562500
0.2629600000000001,0.0244,0.0516,456774636701154.562500
0.26297000000000004,0.0236,0.05,456774636701154.562500
0.2629800000000001,0.022000000000000002,0.0572,456774636701154.562500
0.26299000000000006,0.0244,0.0572,456774636701154.562500
0.263,0.0236,0.055600000000000004,456774636701154.562500
0.2630100000000001,0.022000000000000002,0.056400000000000006,456774636701154.562500
0.26302000000000003,0.0228,0.058,456774636701154.562500
0.2630300000000001,0.0204,0.058800000000000005,456774636701154.562500
0.26304000000000005,0.0228,0.0572,456774636701154.562500
0.2630500000000001,0.0188,0.054,456774636701154.562500
0.26306000000000007,0.0212,0.054,456774636701154.562500
0.26307,0.0228,0.0572,456774636701154.562500
0.2630800000000001,0.0212,0.0548,456774636701154.562500
0.26309000000000005,0.022000000000000002,0.056400000000000006,456774636701154.562500
0.2631000000000001,0.0228,0.054,456774636701154.562500
0.26311000000000007,0.0212,0.056400000000000006,456774636701154.562500
0.26312,0.0204,0.0548,456774636701154.562500
0.2631300000000001,0.0196,0.058800000000000005,456774636701154.562500
0.26314000000000004,0.0228,0.058,456774636701154.562500
0.2631500000000001,0.0196,0.055600000000000004,456774636701154.562500
0.26316000000000006,0.022000000000000002,0.055600000000000004,456774636701154.562500
0.26317,0.022000000000000002,0.055600000000000004,456774636701154.562500
0.2631800000000001,0.0236,0.0572,456774636701154.562500
0.26319000000000004,0.0228,0.055600000000000004,456774636701154.562500
0.2632000000000001,0.0228,0.053200000000000004,456774636701154.562500
0.26321000000000006,0.0244,0.0548,456774636701154.562500
0.26322,0.0236,0.056400000000000006,456774636701154.562500
0.2632300000000001,0.0244,0.058800000000000005,456774636701154.562500
0.26324000000000003,0.0244,0.0548,456774636701154.562500
0.2632500000000001,0.0252,0.050800000000000005,456774636701154.562500
0.26326000000000005,0.0252,0.0572,456774636701154.562500
0.2632700000000001,0.0228,0.042800000000000005,456774636701154.562500
0.26328000000000007,0.022000000000000002,0.056400000000000006,456774636701154.562500
0.26329,0.0252,0.0572,456774636701154.562500
0.2633000000000001,0.022000000000000002,0.053200000000000004,456774636701154.562500
0.26331000000000004,0.0236,0.0572,456774636701154.562500
0.2633200000000001,0.0252,0.0548,456774636701154.562500
0.26333000000000006,0.0228,0.0524,456774636701154.562500
0.26334,0.0236,0.0524,456774636701154.562500
0.2633500000000001,0.0244,0.0516,456774636701154.562500
0.26336000000000004,0.0236,0.0572,456774636701154.562500
0.2633700000000001,0.022000000000000002,0.055600000000000004,456774636701154.562500
0.26338000000000006,0.0236,0.0524,456774636701154.562500
0.26339,0.022000000000000002,0.058,456774636701154.562500
0.2634000000000001,0.0228,0.056400000000000006,456774636701154.562500
0.26341000000000003,0.022000000000000002,0.0572,456774636701154.562500
0.2634200000000001,0.0228,0.050800000000000005,456774636701154.562500
0.26343000000000005,0.0228,0.055600000000000004,456774636701154.562500
0.26344,0.022000000000000002,0.053200000000000004,456774636701154.562500
0.2634500000000001,0.0228,0.055600000000000004,456774636701154.562500
0.26346,0.022000000000000002,0.0524,456774636701154.562500
0.2634700000000001,0.0212,0.058,456774636701154.562500
0.26348000000000005,0.0236,0.055600000000000004,456774636701154.562500
0.2634900000000001,0.0228,0.054,456774636701154.562500
0.26350000000000007,0.0228,0.058,456774636701154.562500
0.26351,0.0252,0.0516,456774636701154.562500
0.2635200000000001,0.0236,0.054,456774636701154.562500
0.26353000000000004,0.0244,0.054,456774636701154.562500
0.2635400000000001,0.026000000000000002,0.0572,456774636701154.562500
0.26355000000000006,0.0244,0.0572,456774636701154.562500
0.26356,0.0236,0.056400000000000006,456774636701154.562500
0.2635700000000001,0.0236,0.058,456774636701154.562500
0.26358000000000004,0.022000000000000002,0.058,456774636701154.562500
0.2635900000000001,0.0244,0.0572,456774636701154.562500
0.26360000000000006,0.0236,0.056400000000000006,456774636701154.562500
0.26361,0.022000000000000002,0.055600000000000004,456774636701154.562500
0.2636200000000001,0.0212,0.0572,456774636701154.562500
0.26363000000000003,0.0204,0.054,456774636701154.562500
0.2636400000000001,0.0228,0.0572,456774636701154.562500
0.26365000000000005,0.0196,0.0516,456774636701154.562500
0.2636600000000001,0.022000000000000002,0.055600000000000004,456774636701154.562500
0.26367000000000007,0.0188,0.045200000000000004,456774636701154.562500
0.26368,0.0204,0.055600000000000004,456774636701154.562500
0.2636900000000001,0.022000000000000002,0.055600000000000004,456774636701154.562500
0.26370000000000005,0.0196,0.058,456774636701154.562500
0.2637100000000001,0.022000000000000002,0.055600000000000004,456774636701154.562500
0.26372000000000007,0.0196,0.0524,456774636701154.562500
0.26373,0.0236,0.05,456774636701154.562500
0.2637400000000001,0.022000000000000002,0.0492,456774636701154.562500
0.26375000000000004,0.022000000000000002,0.0492,456774636701154.562500
0.2637600000000001,0.022000000000000002,0.0572,456774636701154.562500
0.26377000000000006,0.0244,0.058,456774636701154.562500
0.26378,0.0228,0.0548,456774636701154.562500
0.2637900000000001,0.0236,0.056400000000000006,456774636701154.562500
0.26380000000000003,0.0236,0.054,456774636701154.562500
0.2638100000000001,0.0228,0.0572,456774636701154.562500
0.26382000000000005,0.0236,0.056400000000000006,456774636701154.562500
0.26383,0.0244,0.055600000000000004,456774636701154.562500
0.2638400000000001,0.0228,0.058,456774636701154.562500
0.26385000000000003,0.0244,0.056400000000000006,456774636701154.562500
0.2638600000000001,0.0236,0.0572,456774636701154.562500
0.26387000000000005,0.0244,0.054,456774636701154.562500
0.2638800000000001,0.0268,0.054,456774636701154.562500
0.26389000000000007,0.0228,0.055600000000000004,456774636701154.562500
0.2639,0.0244,0.0572,456774636701154.562500
0.2639100000000001,0.0236,0.056400000000000006,456774636701154.562500
0.26392000000000004,0.0204,0.0548,456774636701154.562500
0.2639300000000001,0.0212,0.055600000000000004,456774636701154.562500
0.26394000000000006,0.0212,0.0524,456774636701154.562500
0.26395,0.0228,0.0572,456774636701154.562500
0.2639600000000001,0.0196,0.056400000000000006,456774636701154.562500
0.26397000000000004,0.0228,0.056400000000000006,456774636701154.562500
0.2639800000000001,0.022000000000000002,0.056400000000000006,456774636701154.562500
0.26399000000000006,0.022000000000000002,0.056400000000000006,456774636701154.562500
0.264,0.022000000000000002,0.0572,456774636701154.562500
0.2640100000000001,0.022000000000000002,0.056400000000000006,456774636701154.562500
0.26402000000000003,0.018000000000000002,0.056400000000000006,456774636701154.562500
0.2640300000000001,0.0212,0.056400000000000006,456774636701154.562500
0.26404000000000005,0.0204,0.0572,456774636701154.562500
0.2640500000000001,0.0244,0.0572,456774636701154.562500
0.2640600000000001,0.0172,0.053200000000000004,456774636701154.562500
0.26407,0.0228,0.0572,456774636701154.562500
0.2640800000000001,0.0212,0.050800000000000005,456774636701154.562500
0.26409000000000005,0.0228,0.054,456774636701154.562500
0.2641000000000001,0.022000000000000002,0.053200000000000004,456774636701154.562500
0.26411000000000007,0.0236,0.0548,456774636701154.562500
0.26412,0.0228,0.0492,456774636701154.562500
0.2641300000000001,0.0244,0.055600000000000004,456774636701154.562500
0.26414000000000004,0.0236,0.054,456774636701154.562500
0.2641500000000001,0.0236,0.058,456774636701154.562500
0.26416000000000006,0.022000000000000002,0.056400000000000006,456774636701154.562500
0.26417,0.0244,0.056400000000000006,456774636701154.562500
0.2641800000000001,0.0236,0.056400000000000006,456774636701154.562500
0.26419000000000004,0.0244,0.056400000000000006,456774636701154.562500
0.2642000000000001,0.0236,0.055600000000000004,456774636701154.562500
0.26421000000000006,0.0228,0.058800000000000005,456774636701154.562500
0.26422,0.0244,0.053200000000000004,456774636701154.562500
0.2642300000000001,0.0252,0.056400000000000006,456774636701154.562500
0.26424000000000003,0.0228,0.0476,456774636701154.562500
0.2642500000000001,0.0228,0.053200000000000004,456774636701154.562500
0.26426000000000005,0.0236,0.0468,456774636701154.562500
0.2642700000000001,0.0212,0.0572,456774636701154.562500
0.26428000000000007,0.0204,0.053200000000000004,456774636701154.562500
0.26429,0.0228,0.056400000000000006,456774636701154.562500
0.2643000000000001,0.0228,0.053200000000000004,456774636701154.562500
0.26431000000000004,0.022000000000000002,0.0548,456774636701154.562500
0.2643200000000001,0.0236,0.055600000000000004,456774636701154.562500
0.26433000000000006,0.0212,0.0524,456774636701154.562500
0.26434,0.0236,0.058800000000000005,456774636701154.562500
0.2643500000000001,0.022000000000000002,0.054,456774636701154.562500
0.26436000000000004,0.0228,0.056400000000000006,456774636701154.562500
0.2643700000000001,0.0236,0.050800000000000005,456774636701154.562500
0.26438000000000006,0.0228,0.0492,456774636701154.562500
0.26439,0.022000000000000002,0.054,456774636701154.562500
0.2644000000000001,0.0236,0.0524,456774636701154.562500
0.26441000000000003,0.0236,0.046,456774636701154.562500
0.2644200000000001,0.0244,0.056400000000000006,456774636701154.562500
0.26443000000000005,0.0228,0.053200000000000004,456774636701154.562500
0.26444,0.0236,0.0572,456774636701154.562500
0.2644500000000001,0.0252,0.0548,456774636701154.562500
0.26446000000000003,0.0244,0.056400000000000006,456774636701154.562500
0.2644700000000001,0.0244,0.058,456774636701154.562500
0.26448000000000005,0.0252,0.0572,456774636701154.562500
0.2644900000000001,0.0252,0.056400000000000006,456774636701154.562500
0.26450000000000007,0.022000000000000002,0.0548,456774636701154.562500
0.26451,0.0244,0.0572,456774636701154.562500
0.2645200000000001,0.0228,0.0572,456774636701154.562500
0.26453000000000004,0.0244,0.0572,456774636701154.562500
0.2645400000000001,0.0236,0.0548,456774636701154.562500
0.26455000000000006,0.022000000000000002,0.0572,456774636701154.562500
0.26456,0.0228,0.056400000000000006,456774636701154.562500
0.2645700000000001,0.0212,0.056400000000000006,456774636701154.562500
0.26458000000000004,0.0228,0.056400000000000006,456774636701154.562500
0.2645900000000001,0.0212,0.0548,456774636701154.562500
0.26460000000000006,0.0228,0.055600000000000004,456774636701154.562500
0.26461,0.0204,0.055600000000000004,456774636701154.562500
0.2646200000000001,0.0228,0.054,456774636701154.562500
0.26463000000000003,0.0236,0.0572,456774636701154.562500
0.2646400000000001,0.0212,0.053200000000000004,456774636701154.562500
0.26465000000000005,0.0228,0.056400000000000006,456774636701154.562500
0.2646600000000001,0.022000000000000002,0.0548,456774636701154.562500
0.26467000000000007,0.0236,0.058,456774636701154.562500
0.26468,0.0244,0.058,456774636701154.562500
0.2646900000000001,0.0236,0.058,456774636701154.562500
0.26470000000000005,0.0228,0.056400000000000006,456774636701154.562500
0.2647100000000001,0.0244,0.054,456774636701154.562500
0.26472000000000007,0.0228,0.056400000000000006,456774636701154.562500
0.26473,0.0236,0.056400000000000006,456774636701154.562500
0.2647400000000001,0.0228,0.054,456774636701154.562500
0.26475000000000004,0.0252,0.054,456774636701154.562500
0.2647600000000001,0.0228,0.055600000000000004,456774636701154.562500
0.26477000000000006,0.0236,0.055600000000000004,456774636701154.562500
0.26478,0.0236,0.0572,456774636701154.562500
0.2647900000000001,0.0228,0.0572,456774636701154.562500
0.26480000000000004,0.0212,0.056400000000000006,456774636701154.562500
0.2648100000000001,0.026000000000000002,0.054,456774636701154.562500
0.26482000000000006,0.0236,0.056400000000000006,456774636701154.562500
0.26483,0.0236,0.058800000000000005,456774636701154.562500
0.2648400000000001,0.0244,0.058,456774636701154.562500
0.26485000000000003,0.0228,0.058,456774636701154.562500
0.2648600000000001,0.0188,0.054,456774636701154.562500
0.26487000000000005,0.0188,0.056400000000000006,456774636701154.562500
0.2648800000000001,0.0172,0.058,456774636701154.562500
0.26489000000000007,0.0188,0.0572,456774636701154.562500
0.2649,0.022000000000000002,0.0572,456774636701154.562500
0.2649100000000001,0.0204,0.056400000000000006,456774636701154.562500
0.26492000000000004,0.0196,0.055600000000000004,456774636701154.562500
0.2649300000000001,0.0188,0.0548,456774636701154.562500
0.26494000000000006,0.0196,0.056400000000000006,456774636701154.562500
0.26495,0.0236,0.056400000000000006,456774636701154.562500
0.2649600000000001,0.022000000000000002,0.054,456774636701154.562500
0.26497000000000004,0.0244,0.056400000000000006,456774636701154.562500
0.2649800000000001,0.0204,0.055600000000000004,456774636701154.562500
0.26499000000000006,0.0228,0.056400000000000006,456774636701154.562500
0.265,0.0236,0.0572,456774636701154.562500
0.2650100000000001,0.0228,0.058,456774636701154.562500
0.26502000000000003,0.0236,0.0548,456774636701154.562500
0.2650300000000001,0.0228,0.056400000000000006,456774636701154.562500
0.26504000000000005,0.0228,0.054,456774636701154.562500
0.26505,0.0252,0.054,456774636701154.562500
0.2650600000000001,0.0244,0.0548,456774636701154.562500
0.26507000000000003,0.0236,0.053200000000000004,456774636701154.562500
0.2650800000000001,0.0252,0.056400000000000006,456774636701154.562500
0.26509000000000005,0.0252,0.054,456774636701154.562500
0.2651000000000001,0.0228,0.056400000000000006,456774636701154.562500
0.26511000000000007,0.0196,0.050800000000000005,456774636701154.562500
0.26512,0.0236,0.055600000000000004,456774636701154.562500
0.2651300000000001,0.0196,0.054,456774636701154.562500
0.26514000000000004,0.0236,0.054,456774636701154.562500
0.2651500000000001,0.0236,0.048400000000000006,456774636701154.562500
0.26516000000000006,0.0244,0.054,456774636701154.562500
0.26517,0.0228,0.040400000000000005,456774636701154.562500
0.2651800000000001,0.0228,0.054,456774636701154.562500
0.26519000000000004,0.0228,0.0516,456774636701154.562500
0.2652000000000001,0.0212,0.0572,456774636701154.562500
0.26521000000000006,0.022000000000000002,0.053200000000000004,456774636701154.562500
0.26522,0.0212,0.055600000000000004,456774636701154.562500
0.2652300000000001,0.0228,0.056400000000000006,456774636701154.562500
0.26524000000000003,0.0212,0.056400000000000006,456774636701154.562500
0.2652500000000001,0.0212,0.0548,456774636701154.562500
0.26526000000000005,0.0212,0.056400000000000006,456774636701154.562500
0.2652700000000001,0.022000000000000002,0.040400000000000005,456774636701154.562500
0.26528000000000007,0.022000000000000002,0.0572,456774636701154.562500
0.26529,0.0228,0.056400000000000006,456774636701154.562500
0.2653000000000001,0.0204,0.0572,456774636701154.562500
0.26531000000000005,0.0228,0.056400000000000006,456774636701154.562500
0.2653200000000001,0.0236,0.056400000000000006,456774636701154.562500
0.26533000000000007,0.018000000000000002,0.0572,456774636701154.562500
0.26534,0.0236,0.056400000000000006,456774636701154.562500
0.2653500000000001,0.0228,0.056400000000000006,456774636701154.562500
0.26536000000000004,0.0268,0.058800000000000005,456774636701154.562500
0.2653700000000001,0.026000000000000002,0.058,456774636701154.562500
0.26538000000000006,0.026000000000000002,0.0572,456774636701154.562500
0.26539,0.0252,0.055600000000000004,456774636701154.562500
0.2654000000000001,0.0236,0.0572,456774636701154.562500
0.26541000000000003,0.0244,0.0548,456774636701154.562500
0.2654200000000001,0.0244,0.055600000000000004,456774636701154.562500
0.26543000000000005,0.0244,0.058,456774636701154.562500
0.26544,0.0228,0.056400000000000006,456774636701154.562500
0.2654500000000001,0.0236,0.055600000000000004,456774636701154.562500
0.26546000000000003,0.0236,0.058,456774636701154.562500
0.2654700000000001,0.0236,0.0572,456774636701154.562500
0.26548000000000005,0.022000000000000002,0.0572,456774636701154.562500
0.2654900000000001,0.0228,0.056400000000000006,456774636701154.562500
0.26550000000000007,0.0228,0.058800000000000005,456774636701154.562500
0.26551,0.0228,0.048400000000000006,456774636701154.562500
0.2655200000000001,0.022000000000000002,0.058,456774636701154.562500
0.26553000000000004,0.0236,0.054,456774636701154.562500
0.2655400000000001,0.0228,0.056400000000000006,456774636701154.562500
0.26555000000000006,0.0204,0.0516,456774636701154.562500
0.26556,0.022000000000000002,0.055600000000000004,456774636701154.562500
0.2655700000000001,0.0212,0.0516,456774636701154.562500
0.26558000000000004,0.022000000000000002,0.056400000000000006,456774636701154.562500
0.2655900000000001,0.022000000000000002,0.055600000000000004,456774636701154.562500
0.26560000000000006,0.0228,0.0572,456774636701154.562500
0.26561,0.0204,0.055600000000000004,456774636701154.562500
0.2656200000000001,0.022000000000000002,0.056400000000000006,456774636701154.562500
0.26563000000000003,0.0236,0.0572,456774636701154.562500
0.2656400000000001,0.0212,0.053200000000000004,456774636701154.562500
0.26565000000000005,0.022000000000000002,0.056400000000000006,456774636701154.562500
0.26566,0.0212,0.0516,456774636701154.562500
0.2656700000000001,0.026000000000000002,0.0524,456774636701154.562500
0.26568,0.0236,0.0516,456774636701154.562500
0.2656900000000001,0.0252,0.053200000000000004,456774636701154.562500
0.26570000000000005,0.0252,0.055600000000000004,456774636701154.562500
0.2657100000000001,0.022000000000000002,0.0572,456774636701154.562500
0.26572000000000007,0.0244,0.056400000000000006,456774636701154.562500
0.26573,0.0212,0.054,456774636701154.562500
0.2657400000000001,0.0236,0.058,456774636701154.562500
0.26575000000000004,0.0212,0.0524,456774636701154.562500
0.2657600000000001,0.0228,0.053200000000000004,456774636701154.562500
0.26577000000000006,0.0236,0.0412,456774636701154.562500
0.26578,0.0228,0.056400000000000006,456774636701154.562500
0.2657900000000001,0.0236,0.0572,456774636701154.562500
0.26580000000000004,0.0228,0.056400000000000006,456774636701154.562500
0.2658100000000001,0.0228,0.056400000000000006,456774636701154.562500
0.26582000000000006,0.0204,0.0468,456774636701154.562500
0.26583,0.0228,0.054,456774636701154.562500
0.2658400000000001,0.0204,0.054,456774636701154.562500
0.26585000000000003,0.0228,0.055600000000000004,456774636701154.562500
0.2658600000000001,0.0228,0.055600000000000004,456774636701154.562500
0.26587000000000005,0.0204,0.058,456774636701154.562500
0.2658800000000001,0.0212,0.0548,456774636701154.562500
0.26589000000000007,0.0196,0.055600000000000004,456774636701154.562500
0.2659,0.0236,0.055600000000000004,456774636701154.562500
0.2659100000000001,0.0244,0.0572,456774636701154.562500
0.26592000000000005,0.0228,0.055600000000000004,456774636701154.562500
0.2659300000000001,0.0244,0.055600000000000004,456774636701154.562500
0.26594000000000007,0.0244,0.056400000000000006,456774636701154.562500
0.26595,0.0228,0.050800000000000005,456774636701154.562500
0.2659600000000001,0.0236,0.056400000000000006,456774636701154.562500
0.26597000000000004,0.022000000000000002,0.056400000000000006,456774636701154.562500
0.2659800000000001,0.0236,0.0572,456774636701154.562500
0.26599000000000006,0.026000000000000002,0.053200000000000004,456774636701154.562500
0.266,0.0236,0.054,456774636701154.562500
0.2660100000000001,0.0228,0.053200000000000004,456774636701154.562500
0.26602000000000003,0.0244,0.056400000000000006,456774636701154.562500
0.2660300000000001,0.022000000000000002,0.056400000000000006,456774636701154.562500
0.26604000000000005,0.0236,0.0548,456774636701154.562500
0.26605,0.0228,0.0548,456774636701154.562500
0.2660600000000001,0.0244,0.0572,456774636701154.562500
0.26607000000000003,0.0228,0.055600000000000004,456774636701154.562500
0.2660800000000001,0.0204,0.058,456774636701154.562500
0.26609000000000005,0.0212,0.054,456774636701154.562500
0.2661000000000001,0.0196,0.055600000000000004,456774636701154.562500
0.26611000000000007,0.0188,0.055600000000000004,456774636701154.562500
0.26612,0.0236,0.0516,456774636701154.562500
0.2661300000000001,0.0236,0.056400000000000006,456774636701154.562500
0.26614000000000004,0.0204,0.053200000000000004,456774636701154.562500
0.2661500000000001,0.0204,0.055600000000000004,456774636701154.562500
0.26616000000000006,0.0204,0.0572,456774636701154.562500
0.26617,0.0204,0.0548,456774636701154.562500
0.2661800000000001,0.0212,0.0548,456774636701154.562500
0.26619000000000004,0.0196,0.056400000000000006,456774636701154.562500
0.2662000000000001,0.022000000000000002,0.053200000000000004,456774636701154.562500
0.26621000000000006,0.0236,0.0596,456774636701154.562500
0.26622,0.0196,0.0524,456774636701154.562500
0.2662300000000001,0.022000000000000002,0.055600000000000004,456774636701154.562500
0.26624000000000003,0.0212,0.0524,456774636701154.562500
0.2662500000000001,0.0196,0.055600000000000004,456774636701154.562500
0.26626000000000005,0.0196,0.0548,456774636701154.562500
0.2662700000000001,0.0236,0.0468,456774636701154.562500
0.26628000000000007,0.0236,0.055600000000000004,456774636701154.562500
0.26629,0.0252,0.056400000000000006,456774636701154.562500
0.2663000000000001,0.0236,0.056400000000000006,456774636701154.562500
0.26631000000000005,0.0204,0.0548,456774636701154.562500
0.2663200000000001,0.0196,0.058,456774636701154.562500
0.26633000000000007,0.0212,0.053200000000000004,456774636701154.562500
0.26634,0.0204,0.056400000000000006,456774636701154.562500
0.2663500000000001,0.022000000000000002,0.05,456774636701154.562500
0.26636000000000004,0.0188,0.054,456774636701154.562500
0.2663700000000001,0.0252,0.0516,456774636701154.562500
0.26638000000000006,0.022000000000000002,0.054,456774636701154.562500
0.26639,0.0236,0.05,456774636701154.562500
0.2664000000000001,0.0212,0.053200000000000004,456774636701154.562500
0.26641000000000004,0.0212,0.054,456774636701154.562500
0.2664200000000001,0.0212,0.055600000000000004,456774636701154.562500
0.26643000000000006,0.0236,0.050800000000000005,456774636701154.562500
0.26644,0.0236,0.0572,456774636701154.562500
0.2664500000000001,0.0196,0.056400000000000006,456774636701154.562500
0.26646000000000003,0.0212,0.056400000000000006,456774636701154.562500
0.2664700000000001,0.0188,0.058,456774636701154.562500
0.26648000000000005,0.0212,0.056400000000000006,456774636701154.562500
0.2664900000000001,0.0172,0.05,456774636701154.562500
0.26650000000000007,0.0236,0.056400000000000006,456774636701154.562500
0.26651,0.0212,0.0468,456774636701154.562500
0.2665200000000001,0.0228,0.054,456774636701154.562500
0.26653000000000004,0.0244,0.058800000000000005,456774636701154.562500
0.2665400000000001,0.0204,0.056400000000000006,456774636701154.562500
0.26655000000000006,0.0236,0.053200000000000004,456774636701154.562500
0.26656,0.0188,0.055600000000000004,456774636701154.562500
0.2665700000000001,0.022000000000000002,0.055600000000000004,456774636701154.562500
0.26658000000000004,0.0204,0.054,456774636701154.562500
0.2665900000000001,0.022000000000000002,0.050800000000000005,456774636701154.562500
0.26660000000000006,0.0196,0.056400000000000006,456774636701154.562500
0.26661,0.0252,0.058,456774636701154.562500
0.2666200000000001,0.0236,0.0572,456774636701154.562500
0.26663000000000003,0.0236,0.0524,456774636701154.562500
0.2666400000000001,0.0228,0.055600000000000004,456774636701154.562500
0.26665000000000005,0.0236,0.056400000000000006,456774636701154.562500
0.26666,0.0244,0.056400000000000006,456774636701154.562500
0.2666700000000001,0.0228,0.0572,456774636701154.562500
0.26668000000000003,0.0244,0.056400000000000006,456774636701154.562500
0.2666900000000001,0.0236,0.0572,456774636701154.562500
0.26670000000000005,0.022000000000000002,0.055600000000000004,456774636701154.562500
0.2667100000000001,0.0188,0.056400000000000006,456774636701154.562500
0.26672000000000007,0.0204,0.055600000000000004,456774636701154.562500
0.26673,0.0204,0.056400000000000006,456774636701154.562500
0.2667400000000001,0.0188,0.056400000000000006,456774636701154.562500
0.26675000000000004,0.0172,0.055600000000000004,456774636701154.562500
0.2667600000000001,0.0172,0.058,456774636701154.562500
0.26677000000000006,0.0164,0.055600000000000004,456774636701154.562500
0.26678,0.0188,0.058,456774636701154.562500
0.2667900000000001,0.0172,0.0572,456774636701154.562500
0.26680000000000004,0.022000000000000002,0.0572,456774636701154.562500
0.2668100000000001,0.0164,0.055600000000000004,456774636701154.562500
0.26682000000000006,0.022000000000000002,0.056400000000000006,456774636701154.562500
0.26683,0.0236,0.055600000000000004,456774636701154.562500
0.2668400000000001,0.0236,0.0572,456774636701154.562500
0.26685000000000003,0.0244,0.0572,456774636701154.562500
0.2668600000000001,0.0236,0.055600000000000004,456774636701154.562500
0.26687000000000005,0.0252,0.056400000000000006,456774636701154.562500
0.2668800000000001,0.0236,0.056400000000000006,456774636701154.562500
0.26689000000000007,0.022000000000000002,0.056400000000000006,456774636701154.562500
0.2669,0.0236,0.0524,456774636701154.562500
0.2669100000000001,0.0228,0.0548,456774636701154.562500
0.26692000000000005,0.0228,0.054,456774636701154.562500
0.2669300000000001,0.0228,0.0572,456774636701154.562500
0.26694000000000007,0.0236,0.056400000000000006,456774636701154.562500
0.26695,0.0228,0.053200000000000004,456774636701154.562500
0.2669600000000001,0.0244,0.055600000000000004,456774636701154.562500
0.26697000000000004,0.0236,0.0572,456774636701154.562500
0.2669800000000001,0.0236,0.056400000000000006,456774636701154.562500
0.26699000000000006,0.0204,0.056400000000000006,456774636701154.562500
0.267,0.0228,0.055600000000000004,456774636701154.562500
0.2670100000000001,0.0204,0.055600000000000004,456774636701154.562500
0.26702000000000004,0.0228,0.056400000000000006,456774636701154.562500
0.2670300000000001,0.0228,0.0572,456774636701154.562500
0.26704000000000006,0.0228,0.058,456774636701154.562500
0.26705,0.0204,0.054,456774636701154.562500
0.2670600000000001,0.022000000000000002,0.055600000000000004,456774636701154.562500
0.26707000000000003,0.022000000000000002,0.0572,456774636701154.562500
0.2670800000000001,0.0196,0.055600000000000004,456774636701154.562500
0.26709000000000005,0.022000000000000002,0.056400000000000006,456774636701154.562500
0.2671000000000001,0.0212,0.0516,456774636701154.562500
0.26711000000000007,0.0212,0.0572,456774636701154.562500
0.26712,0.022000000000000002,0.05,456774636701154.562500
0.2671300000000001,0.0212,0.055600000000000004,456774636701154.562500
0.26714000000000004,0.022000000000000002,0.0572,456774636701154.562500
0.2671500000000001,0.022000000000000002,0.056400000000000006,456774636701154.562500
0.26716000000000006,0.0244,0.045200000000000004,456774636701154.562500
0.26717,0.0236,0.05,456774636701154.562500
0.2671800000000001,0.0244,0.05,456774636701154.562500
0.26719000000000004,0.0236,0.054,456774636701154.562500
0.2672000000000001,0.0228,0.058,456774636701154.562500
0.26721000000000006,0.0228,0.0548,456774636701154.562500
0.26722,0.0244,0.056400000000000006,456774636701154.562500
0.2672300000000001,0.0244,0.045200000000000004,456774636701154.562500
0.26724000000000003,0.0252,0.0468,456774636701154.562500
0.2672500000000001,0.0244,0.042800000000000005,456774636701154.562500
0.26726000000000005,0.0252,0.0516,456774636701154.562500
0.26727,0.0236,0.0476,456774636701154.562500
0.2672800000000001,0.0244,0.0492,456774636701154.562500
0.26729,0.0212,0.0476,456774636701154.562500
0.2673000000000001,0.0236,0.0492,456774636701154.562500
0.26731000000000005,0.022000000000000002,0.0476,456774636701154.562500
0.2673200000000001,0.0204,0.048400000000000006,456774636701154.562500
0.26733000000000007,0.0212,0.042800000000000005,456774636701154.562500
0.26734,0.022000000000000002,0.042800000000000005,456774636701154.562500
0.2673500000000001,0.0204,0.0444,456774636701154.562500
0.26736000000000004,0.0236,0.050800000000000005,456774636701154.562500
0.2673700000000001,0.022000000000000002,0.045200000000000004,456774636701154.562500
0.26738000000000006,0.0228,0.0388,456774636701154.562500
0.26739,0.0196,0.0388,456774636701154.562500
0.2674000000000001,0.0228,0.0524,456774636701154.562500
0.26741000000000004,0.0196,0.05,456774636701154.562500
0.2674200000000001,0.0228,0.0516,456774636701154.562500
0.26743000000000006,0.0204,0.0492,456774636701154.562500
0.26744,0.0228,0.0516,456774636701154.562500
0.2674500000000001,0.0236,0.046,456774636701154.562500
0.26746000000000003,0.0236,0.0492,456774636701154.562500
0.2674700000000001,0.022000000000000002,0.045200000000000004,456774636701154.562500
0.26748000000000005,0.0228,0.042,456774636701154.562500
0.2674900000000001,0.0196,0.0436,456774636701154.562500
0.26750000000000007,0.0252,0.055600000000000004,456774636701154.562500
0.26751,0.022000000000000002,0.056400000000000006,456774636701154.562500
0.2675200000000001,0.0252,0.056400000000000006,456774636701154.562500
0.26753000000000005,0.0212,0.054,456774636701154.562500
0.2675400000000001,0.0244,0.0516,456774636701154.562500
0.26755000000000007,0.0228,0.05,456774636701154.562500
0.26756,0.0236,0.0572,456774636701154.562500
0.2675700000000001,0.0236,0.054,456774636701154.562500
0.26758000000000004,0.0244,0.056400000000000006,456774636701154.562500
0.2675900000000001,0.0236,0.058,456774636701154.562500
0.26760000000000006,0.0212,0.058,456774636701154.562500
0.26761,0.022000000000000002,0.0516,456774636701154.562500
0.2676200000000001,0.018000000000000002,0.058,456774636701154.562500
0.26763000000000003,0.0196,0.055600000000000004,456774636701154.562500
0.2676400000000001,0.0204,0.056400000000000006,456774636701154.562500
0.26765000000000005,0.0212,0.054,456774636701154.562500
0.26766,0.018000000000000002,0.055600000000000004,456774636701154.562500
0.2676700000000001,0.0188,0.055600000000000004,456774636701154.562500
0.26768000000000003,0.0212,0.055600000000000004,456774636701154.562500
0.2676900000000001,0.022000000000000002,0.058,456774636701154.562500
0.26770000000000005,0.0236,0.0524,456774636701154.562500
0.2677100000000001,0.022000000000000002,0.0516,456774636701154.562500
0.26772000000000007,0.0236,0.0572,456774636701154.562500
0.26773,0.0212,0.0548,456774636701154.562500
0.2677400000000001,0.0244,0.055600000000000004,456774636701154.562500
0.26775000000000004,0.0228,0.055600000000000004,456774636701154.562500
0.2677600000000001,0.0196,0.058,456774636701154.562500
0.26777000000000006,0.0196,0.0548,456774636701154.562500
0.26778,0.018000000000000002,0.0572,456774636701154.562500
0.2677900000000001,0.0212,0.058,456774636701154.562500
0.26780000000000004,0.022000000000000002,0.056400000000000006,456774636701154.562500
0.2678100000000001,0.0244,0.0572,456774636701154.562500
0.26782000000000006,0.0236,0.05,456774636701154.562500
0.26783,0.0244,0.056400000000000006,456774636701154.562500
0.2678400000000001,0.022000000000000002,0.055600000000000004,456774636701154.562500
0.26785000000000003,0.0196,0.0524,456774636701154.562500
0.2678600000000001,0.0188,0.0548,456774636701154.562500
0.26787000000000005,0.0212,0.0524,456774636701154.562500
0.2678800000000001,0.0236,0.056400000000000006,456774636701154.562500
0.2678900000000001,0.0252,0.056400000000000006,456774636701154.562500
0.2679,0.0236,0.056400000000000006,456774636701154.562500
0.2679100000000001,0.0244,0.058,456774636701154.562500
0.26792000000000005,0.022000000000000002,0.056400000000000006,456774636701154.562500
0.2679300000000001,0.0188,0.0524,456774636701154.562500
0.26794000000000007,0.0188,0.0572,456774636701154.562500
0.26795,0.0196,0.0572,456774636701154.562500
0.2679600000000001,0.022000000000000002,0.056400000000000006,456774636701154.562500
0.26797000000000004,0.0228,0.0572,456774636701154.562500
0.2679800000000001,0.0228,0.050800000000000005,456774636701154.562500
0.26799000000000006,0.0196,0.058800000000000005,456774636701154.562500
0.268,0.0212,0.050800000000000005,456774636701154.562500
0.2680100000000001,0.0228,0.058,456774636701154.562500
0.26802000000000004,0.022000000000000002,0.0516,456774636701154.562500
0.2680300000000001,0.0212,0.0572,456774636701154.562500
0.26804000000000006,0.0228,0.055600000000000004,456774636701154.562500
0.26805,0.0236,0.0548,456774636701154.562500
0.2680600000000001,0.0244,0.056400000000000006,456774636701154.562500
0.26807000000000003,0.0244,0.058,456774636701154.562500
0.2680800000000001,0.0244,0.0524,456774636701154.562500
0.26809000000000005,0.0244,0.055600000000000004,456774636701154.562500
0.2681000000000001,0.022000000000000002,0.0548,456774636701154.562500
0.26811000000000007,0.0236,0.056400000000000006,456774636701154.562500
0.26812,0.0244,0.058,456774636701154.562500
0.2681300000000001,0.0236,0.055600000000000004,456774636701154.562500
0.26814000000000004,0.0236,0.0572,456774636701154.562500
0.2681500000000001,0.0244,0.055600000000000004,456774636701154.562500
0.26816000000000006,0.0244,0.0572,456774636701154.562500
0.26817,0.0252,0.0572,456774636701154.562500
0.2681800000000001,0.026000000000000002,0.056400000000000006,456774636701154.562500
0.26819000000000004,0.0188,0.053200000000000004,456774636701154.562500
0.2682000000000001,0.0236,0.0548,456774636701154.562500
0.26821000000000006,0.0212,0.055600000000000004,456774636701154.562500
0.26822,0.0236,0.0548,456774636701154.562500
0.2682300000000001,0.0204,0.0524,456774636701154.562500
0.26824000000000003,0.022000000000000002,0.046,456774636701154.562500
0.2682500000000001,0.0204,0.0492,456774636701154.562500
0.26826000000000005,0.0236,0.0524,456774636701154.562500
0.26827,0.0204,0.055600000000000004,456774636701154.562500
0.2682800000000001,0.022000000000000002,0.048400000000000006,456774636701154.562500
0.26829000000000003,0.0196,0.053200000000000004,456774636701154.562500
0.2683000000000001,0.0228,0.056400000000000006,456774636701154.562500
0.26831000000000005,0.022000000000000002,0.058800000000000005,456774636701154.562500
0.2683200000000001,0.0228,0.058,456774636701154.562500
0.26833000000000007,0.0228,0.0572,456774636701154.562500
0.26834,0.0228,0.058,456774636701154.562500
0.2683500000000001,0.022000000000000002,0.053200000000000004,456774636701154.562500
0.26836000000000004,0.0228,0.055600000000000004,456774636701154.562500
0.2683700000000001,0.0236,0.0516,456774636701154.562500
0.26838000000000006,0.0236,0.058,456774636701154.562500
0.26839,0.0244,0.054,456774636701154.562500
0.2684000000000001,0.0236,0.0548,456774636701154.562500
0.26841000000000004,0.0228,0.0548,456774636701154.562500
0.2684200000000001,0.0244,0.0548,456774636701154.562500
0.26843000000000006,0.0236,0.053200000000000004,456774636701154.562500
0.26844,0.018000000000000002,0.056400000000000006,456774636701154.562500
0.2684500000000001,0.0244,0.054,456774636701154.562500
0.26846000000000003,0.0228,0.056400000000000006,456774636701154.562500
0.2684700000000001,0.0228,0.0572,456774636701154.562500
0.26848000000000005,0.0244,0.055600000000000004,456774636701154.562500
0.2684900000000001,0.0236,0.056400000000000006,456774636701154.562500
0.26850000000000007,0.0228,0.056400000000000006,456774636701154.562500
0.26851,0.0236,0.05,456774636701154.562500
0.2685200000000001,0.022000000000000002,0.0548,456774636701154.562500
0.26853000000000005,0.0228,0.058800000000000005,456774636701154.562500
0.2685400000000001,0.022000000000000002,0.0548,456774636701154.562500
0.26855000000000007,0.0228,0.0572,456774636701154.562500
0.26856,0.0236,0.0548,456774636701154.562500
0.2685700000000001,0.0228,0.054,456774636701154.562500
0.26858000000000004,0.0228,0.055600000000000004,456774636701154.562500
0.2685900000000001,0.022000000000000002,0.055600000000000004,456774636701154.562500
0.26860000000000006,0.0204,0.056400000000000006,456774636701154.562500
0.26861,0.0212,0.054,456774636701154.562500
0.2686200000000001,0.0228,0.0548,456774636701154.562500
0.26863000000000004,0.0204,0.053200000000000004,456774636701154.562500
0.2686400000000001,0.0236,0.055600000000000004,456774636701154.562500
0.26865000000000006,0.022000000000000002,0.055600000000000004,456774636701154.562500
0.26866,0.0244,0.056400000000000006,456774636701154.562500
0.2686700000000001,0.022000000000000002,0.054,456774636701154.562500
0.26868000000000003,0.0212,0.055600000000000004,456774636701154.562500
0.2686900000000001,0.0188,0.055600000000000004,456774636701154.562500
0.26870000000000005,0.0212,0.055600000000000004,456774636701154.562500
0.2687100000000001,0.0188,0.055600000000000004,456774636701154.562500
0.26872000000000007,0.0212,0.055600000000000004,456774636701154.562500
0.26873,0.0188,0.056400000000000006,456774636701154.562500
0.2687400000000001,0.0196,0.053200000000000004,456774636701154.562500
0.26875000000000004,0.0196,0.058,456774636701154.562500
0.2687600000000001,0.0228,0.0572,456774636701154.562500
0.26877000000000006,0.0228,0.055600000000000004,456774636701154.562500
0.26878,0.0244,0.058800000000000005,456774636701154.562500
0.2687900000000001,0.0236,0.055600000000000004,456774636701154.562500
0.26880000000000004,0.0244,0.056400000000000006,456774636701154.562500
0.2688100000000001,0.022000000000000002,0.058,456774636701154.562500
0.26882000000000006,0.0228,0.058,456774636701154.562500
0.26883,0.0212,0.0572,456774636701154.562500
0.2688400000000001,0.0236,0.055600000000000004,456774636701154.562500
0.26885000000000003,0.0228,0.058,456774636701154.562500
0.2688600000000001,0.0212,0.056400000000000006,456774636701154.562500
0.26887000000000005,0.022000000000000002,0.056400000000000006,456774636701154.562500
0.26888,0.0204,0.058,456774636701154.562500
0.2688900000000001,0.022000000000000002,0.055600000000000004,456774636701154.562500
0.26890000000000003,0.0228,0.056400000000000006,456774636701154.562500
0.2689100000000001,0.0228,0.058,456774636701154.562500
0.26892000000000005,0.0236,0.0572,456774636701154.562500
0.2689300000000001,0.022000000000000002,0.054,456774636701154.562500
0.26894000000000007,0.022000000000000002,0.055600000000000004,456774636701154.562500
0.26895,0.0244,0.058,456774636701154.562500
0.2689600000000001,0.0196,0.0572,456774636701154.562500
0.26897000000000004,0.0228,0.055600000000000004,456774636701154.562500
0.2689800000000001,0.022000000000000002,0.0516,456774636701154.562500
0.26899000000000006,0.0236,0.0548,456774636701154.562500
0.269,0.0204,0.0572,456774636701154.562500
0.2690100000000001,0.0244,0.0572,456774636701154.562500
0.26902000000000004,0.0244,0.054,456774636701154.562500
0.2690300000000001,0.0252,0.050800000000000005,456774636701154.562500
0.26904000000000006,0.026000000000000002,0.0572,456774636701154.562500
0.26905,0.0252,0.0548,456774636701154.562500
0.2690600000000001,0.0228,0.058,456774636701154.562500
0.26907000000000003,0.022000000000000002,0.055600000000000004,456774636701154.562500
0.2690800000000001,0.022000000000000002,0.055600000000000004,456774636701154.562500
0.26909000000000005,0.0172,0.0572,456774636701154.562500
0.2691000000000001,0.0212,0.056400000000000006,456774636701154.562500
0.26911000000000007,0.018000000000000002,0.058,456774636701154.562500
0.26912,0.0204,0.0572,456774636701154.562500
0.2691300000000001,0.0212,0.056400000000000006,456774636701154.562500
0.26914000000000005,0.0204,0.0572,456774636701154.562500
0.2691500000000001,0.018000000000000002,0.055600000000000004,456774636701154.562500
0.26916000000000007,0.0212,0.055600000000000004,456774636701154.562500
0.26917,0.0204,0.053200000000000004,456774636701154.562500
0.2691800000000001,0.0204,0.0548,456774636701154.562500
0.26919000000000004,0.0212,0.055600000000000004,456774636701154.562500
0.2692000000000001,0.022000000000000002,0.050800000000000005,456774636701154.562500
0.26921000000000006,0.0228,0.050800000000000005,456774636701154.562500
0.26922,0.0196,0.042800000000000005,456774636701154.562500
0.2692300000000001,0.0204,0.0524,456774636701154.562500
0.26924000000000003,0.0196,0.045200000000000004,456774636701154.562500
0.2692500000000001,0.022000000000000002,0.046,456774636701154.562500
0.26926000000000005,0.0236,0.0444,456774636701154.562500
0.26927,0.022000000000000002,0.0492,456774636701154.562500
0.2692800000000001,0.0228,0.045200000000000004,456774636701154.562500
0.26929000000000003,0.0228,0.0548,456774636701154.562500
0.2693000000000001,0.0236,0.0524,456774636701154.562500
0.26931000000000005,0.0244,0.048400000000000006,456774636701154.562500
0.2693200000000001,0.0244,0.0436,456774636701154.562500
0.26933000000000007,0.0236,0.0516,456774636701154.562500
0.26934,0.0244,0.0548,456774636701154.562500
0.2693500000000001,0.0236,0.0548,456774636701154.562500
0.26936000000000004,0.0244,0.0476,456774636701154.562500
0.2693700000000001,0.0236,0.046,456774636701154.562500
0.26938000000000006,0.0212,0.055600000000000004,456774636701154.562500
0.26939,0.022000000000000002,0.05,456774636701154.562500
0.2694000000000001,0.022000000000000002,0.0548,456774636701154.562500
0.26941000000000004,0.0228,0.054,456774636701154.562500
0.2694200000000001,0.0252,0.0492,456774636701154.562500
0.26943000000000006,0.0212,0.0436,456774636701154.562500
0.26944,0.022000000000000002,0.053200000000000004,456774636701154.562500
0.2694500000000001,0.0228,0.0436,456774636701154.562500
0.26946000000000003,0.0212,0.054,456774636701154.562500
0.2694700000000001,0.0204,0.0492,456774636701154.562500
0.26948000000000005,0.0212,0.056400000000000006,456774636701154.562500
0.2694900000000001,0.022000000000000002,0.0572,456774636701154.562500
0.2695000000000001,0.0188,0.0572,456774636701154.562500
0.26951,0.022000000000000002,0.055600000000000004,456774636701154.562500
0.2695200000000001,0.0228,0.056400000000000006,456774636701154.562500
0.26953000000000005,0.0236,0.056400000000000006,456774636701154.562500
0.2695400000000001,0.0236,0.0572,456774636701154.562500
0.26955000000000007,0.022000000000000002,0.0572,456774636701154.562500
0.26956,0.0228,0.056400000000000006,456774636701154.562500
0.2695700000000001,0.022000000000000002,0.0572,456774636701154.562500
0.26958000000000004,0.0244,0.0572,456774636701154.562500
0.2695900000000001,0.0228,0.056400000000000006,456774636701154.562500
0.26960000000000006,0.0228,0.058,456774636701154.562500
0.26961,0.022000000000000002,0.0476,456774636701154.562500
0.2696200000000001,0.0228,0.056400000000000006,456774636701154.562500
0.26963000000000004,0.0252,0.056400000000000006,456774636701154.562500
0.2696400000000001,0.0244,0.058,456774636701154.562500
0.26965000000000006,0.0244,0.055600000000000004,456774636701154.562500
0.26966,0.0252,0.0572,456774636701154.562500
0.2696700000000001,0.022000000000000002,0.0396,456774636701154.562500
0.26968000000000003,0.0236,0.058,456774636701154.562500
0.2696900000000001,0.0236,0.0548,456774636701154.562500
0.26970000000000005,0.0236,0.055600000000000004,456774636701154.562500
0.2697100000000001,0.0204,0.055600000000000004,456774636701154.562500
0.26972000000000007,0.0244,0.0548,456774636701154.562500
0.26973,0.0228,0.056400000000000006,456774636701154.562500
0.2697400000000001,0.0204,0.0524,456774636701154.562500
0.26975000000000005,0.0212,0.0548,456774636701154.562500
0.2697600000000001,0.0204,0.054,456774636701154.562500
0.26977000000000007,0.0212,0.0572,456774636701154.562500
0.26978,0.0188,0.058,456774636701154.562500
0.2697900000000001,0.0212,0.055600000000000004,456774636701154.562500
0.26980000000000004,0.022000000000000002,0.056400000000000006,456774636701154.562500
0.2698100000000001,0.022000000000000002,0.055600000000000004,456774636701154.562500
0.26982000000000006,0.0228,0.055600000000000004,456774636701154.562500
0.26983,0.0228,0.055600000000000004,456774636701154.562500
0.2698400000000001,0.018000000000000002,0.054,456774636701154.562500
0.26985000000000003,0.022000000000000002,0.053200000000000004,456774636701154.562500
0.2698600000000001,0.0228,0.058,456774636701154.562500
0.26987000000000005,0.0212,0.0524,456774636701154.562500
0.26988,0.0236,0.056400000000000006,456774636701154.562500
0.2698900000000001,0.0188,0.056400000000000006,456774636701154.562500
0.26990000000000003,0.0236,0.0596,456774636701154.562500
0.2699100000000001,0.0236,0.045200000000000004,456774636701154.562500
0.26992000000000005,0.0236,0.0572,456774636701154.562500
0.2699300000000001,0.0244,0.056400000000000006,456774636701154.562500
0.26994000000000007,0.0244,0.058,456774636701154.562500
0.26995,0.0228,0.056400000000000006,456774636701154.562500
0.2699600000000001,0.022000000000000002,0.055600000000000004,456774636701154.562500
0.26997000000000004,0.0244,0.0572,456774636701154.562500
0.2699800000000001,0.0236,0.053200000000000004,456774636701154.562500
0.26999000000000006,0.0252,0.056400000000000006,456774636701154.562500
0.27,0.0236,0.05,456774636701154.562500
0.2700100000000001,0.0204,0.056400000000000006,456774636701154.562500
0.27002000000000004,0.0244,0.0572,456774636701154.562500
0.2700300000000001,0.022000000000000002,0.054,456774636701154.562500
0.27004000000000006,0.0204,0.050800000000000005,456774636701154.562500
0.27005,0.022000000000000002,0.054,456774636701154.562500
0.2700600000000001,0.022000000000000002,0.050800000000000005,456774636701154.562500
0.27007000000000003,0.022000000000000002,0.0524,456774636701154.562500
0.2700800000000001,0.0228,0.048400000000000006,456774636701154.562500
0.27009000000000005,0.022000000000000002,0.055600000000000004,456774636701154.562500
0.2701000000000001,0.0212,0.056400000000000006,456774636701154.562500
0.2701100000000001,0.0236,0.058800000000000005,456774636701154.562500
0.27012,0.0188,0.056400000000000006,456774636701154.562500
0.2701300000000001,0.022000000000000002,0.0476,456774636701154.562500
0.27014000000000005,0.0228,0.053200000000000004,456774636701154.562500
0.2701500000000001,0.0228,0.0524,456774636701154.562500
0.27016000000000007,0.0204,0.055600000000000004,456774636701154.562500
0.27017,0.0204,0.0492,456774636701154.562500
0.2701800000000001,0.0228,0.053200000000000004,456774636701154.562500
0.27019000000000004,0.0212,0.0524,456774636701154.562500
0.2702000000000001,0.0236,0.058,456774636701154.562500
0.27021000000000006,0.0236,0.056400000000000006,456774636701154.562500
0.27022,0.0212,0.056400000000000006,456774636701154.562500
0.2702300000000001,0.0212,0.053200000000000004,456774636701154.562500
0.27024000000000004,0.022000000000000002,0.056400000000000006,456774636701154.562500
0.2702500000000001,0.0228,0.056400000000000006,456774636701154.562500
0.27026000000000006,0.0236,0.055600000000000004,456774636701154.562500
0.27027,0.0244,0.0572,456774636701154.562500
0.2702800000000001,0.0236,0.046,456774636701154.562500
0.27029000000000003,0.0244,0.055600000000000004,456774636701154.562500
0.2703000000000001,0.0236,0.056400000000000006,456774636701154.562500
0.27031000000000005,0.022000000000000002,0.058,456774636701154.562500
0.2703200000000001,0.0212,0.0524,456774636701154.562500
0.27033000000000007,0.0244,0.055600000000000004,456774636701154.562500
0.27034,0.0244,0.056400000000000006,456774636701154.562500
0.2703500000000001,0.0236,0.056400000000000006,456774636701154.562500
0.27036000000000004,0.0228,0.056400000000000006,456774636701154.562500
0.2703700000000001,0.0236,0.058,456774636701154.562500
0.27038000000000006,0.0204,0.058,456774636701154.562500
0.27039,0.022000000000000002,0.0524,456774636701154.562500
0.2704000000000001,0.022000000000000002,0.056400000000000006,456774636701154.562500
0.27041000000000004,0.022000000000000002,0.055600000000000004,456774636701154.562500
0.2704200000000001,0.0204,0.058800000000000005,456774636701154.562500
0.27043000000000006,0.0236,0.0548,456774636701154.562500
0.27044,0.022000000000000002,0.053200000000000004,456774636701154.562500
0.2704500000000001,0.0212,0.056400000000000006,456774636701154.562500
0.27046000000000003,0.0228,0.042800000000000005,456774636701154.562500
0.2704700000000001,0.022000000000000002,0.055600000000000004,456774636701154.562500
0.27048000000000005,0.0236,0.055600000000000004,456774636701154.562500
0.27049,0.0228,0.0572,456774636701154.562500
0.2705000000000001,0.022000000000000002,0.054,456774636701154.562500
0.27051000000000003,0.0228,0.056400000000000006,456774636701154.562500
0.2705200000000001,0.0244,0.05,456774636701154.562500
0.27053000000000005,0.0196,0.054,456774636701154.562500
0.2705400000000001,0.0252,0.054,456774636701154.562500
0.27055000000000007,0.018000000000000002,0.058,456774636701154.562500
0.27056,0.0244,0.055600000000000004,456774636701154.562500
0.2705700000000001,0.0172,0.058,456774636701154.562500
0.27058000000000004,0.0244,0.050800000000000005,456774636701154.562500
0.2705900000000001,0.0244,0.055600000000000004,456774636701154.562500
0.27060000000000006,0.0244,0.0572,456774636701154.562500
0.27061,0.0244,0.056400000000000006,456774636701154.562500
0.2706200000000001,0.0212,0.056400000000000006,456774636701154.562500
0.27063000000000004,0.022000000000000002,0.0572,456774636701154.562500
0.2706400000000001,0.0252,0.058,456774636701154.562500
0.27065000000000006,0.0236,0.0548,456774636701154.562500
0.27066,0.0212,0.058,456774636701154.562500
0.2706700000000001,0.0212,0.0548,456774636701154.562500
0.27068000000000003,0.0188,0.0572,456774636701154.562500
0.2706900000000001,0.0236,0.054,456774636701154.562500
0.27070000000000005,0.0164,0.056400000000000006,456774636701154.562500
0.2707100000000001,0.0228,0.058,456774636701154.562500
0.27072000000000007,0.0196,0.0572,456774636701154.562500
0.27073,0.0228,0.0572,456774636701154.562500
0.2707400000000001,0.0196,0.055600000000000004,456774636701154.562500
0.27075000000000005,0.0236,0.058,456774636701154.562500
0.2707600000000001,0.0196,0.0492,456774636701154.562500
0.27077000000000007,0.0236,0.046,456774636701154.562500
0.27078,0.022000000000000002,0.0332,456774636701154.562500
0.2707900000000001,0.0204,0.0412,456774636701154.562500
0.27080000000000004,0.0212,0.0356,456774636701154.562500
0.2708100000000001,0.0204,0.045200000000000004,456774636701154.562500
0.27082000000000006,0.0196,0.048400000000000006,456774636701154.562500
0.27083,0.022000000000000002,0.055600000000000004,456774636701154.562500
0.2708400000000001,0.018000000000000002,0.053200000000000004,456774636701154.562500
0.27085000000000004,0.0212,0.053200000000000004,456774636701154.562500
0.2708600000000001,0.0188,0.048400000000000006,456774636701154.562500
0.27087000000000006,0.0212,0.055600000000000004,456774636701154.562500
0.27088,0.022000000000000002,0.0548,456774636701154.562500
0.2708900000000001,0.0244,0.0572,456774636701154.562500
0.27090000000000003,0.0228,0.053200000000000004,456774636701154.562500
0.2709100000000001,0.0236,0.058,456774636701154.562500
0.27092000000000005,0.0244,0.0548,456774636701154.562500
0.2709300000000001,0.0252,0.058,456774636701154.562500
0.27094000000000007,0.0228,0.058,456774636701154.562500
0.27095,0.0244,0.058800000000000005,456774636701154.562500
0.2709600000000001,0.0228,0.056400000000000006,456774636701154.562500
0.27097000000000004,0.0244,0.056400000000000006,456774636701154.562500
0.2709800000000001,0.022000000000000002,0.0548,456774636701154.562500
0.27099000000000006,0.018000000000000002,0.054,456774636701154.562500
0.271,0.022000000000000002,0.054,456774636701154.562500
0.2710100000000001,0.0196,0.050800000000000005,456774636701154.562500
0.27102000000000004,0.0212,0.056400000000000006,456774636701154.562500
0.2710300000000001,0.0228,0.056400000000000006,456774636701154.562500
0.27104000000000006,0.022000000000000002,0.0572,456774636701154.562500
0.27105,0.0228,0.056400000000000006,456774636701154.562500
0.2710600000000001,0.0196,0.055600000000000004,456774636701154.562500
0.27107000000000003,0.0228,0.0548,456774636701154.562500
0.2710800000000001,0.0212,0.050800000000000005,456774636701154.562500
0.27109000000000005,0.0228,0.0572,456774636701154.562500
0.2711,0.0228,0.055600000000000004,456774636701154.562500
0.2711100000000001,0.0204,0.0524,456774636701154.562500
0.27112,0.0212,0.056400000000000006,456774636701154.562500
0.2711300000000001,0.0204,0.05,456774636701154.562500
0.27114000000000005,0.0244,0.050800000000000005,456774636701154.562500
0.2711500000000001,0.0244,0.056400000000000006,456774636701154.562500
0.27116000000000007,0.0244,0.05,456774636701154.562500
0.27117,0.0164,0.053200000000000004,456774636701154.562500
0.2711800000000001,0.0252,0.0524,456774636701154.562500
0.27119000000000004,0.0212,0.056400000000000006,456774636701154.562500
0.2712000000000001,0.0244,0.055600000000000004,456774636701154.562500
0.27121000000000006,0.022000000000000002,0.0516,456774636701154.562500
0.27122,0.0244,0.0492,456774636701154.562500
0.2712300000000001,0.0228,0.056400000000000006,456774636701154.562500
0.27124000000000004,0.0212,0.055600000000000004,456774636701154.562500
0.2712500000000001,0.022000000000000002,0.0572,456774636701154.562500
0.27126000000000006,0.0212,0.0548,456774636701154.562500
0.27127,0.0228,0.054,456774636701154.562500
0.2712800000000001,0.018000000000000002,0.056400000000000006,456774636701154.562500
0.27129000000000003,0.0212,0.0548,456774636701154.562500
0.2713000000000001,0.0228,0.055600000000000004,456774636701154.562500
0.27131000000000005,0.0204,0.0548,456774636701154.562500
0.2713200000000001,0.0212,0.0548,456774636701154.562500
0.27133000000000007,0.0212,0.0516,456774636701154.562500
0.27134,0.0196,0.0524,456774636701154.562500
0.2713500000000001,0.015600000000000001,0.0524,456774636701154.562500
0.27136000000000005,0.0212,0.055600000000000004,456774636701154.562500
0.2713700000000001,0.0196,0.0524,456774636701154.562500
0.27138000000000007,0.0228,0.056400000000000006,456774636701154.562500
0.27139,0.0188,0.056400000000000006,456774636701154.562500
0.2714000000000001,0.022000000000000002,0.0572,456774636701154.562500
0.27141000000000004,0.022000000000000002,0.0572,456774636701154.562500
0.2714200000000001,0.0244,0.058800000000000005,456774636701154.562500
0.27143000000000006,0.022000000000000002,0.058,456774636701154.562500
0.27144,0.0236,0.058,456774636701154.562500
0.2714500000000001,0.0204,0.055600000000000004,456774636701154.562500
0.27146000000000003,0.0244,0.056400000000000006,456774636701154.562500
0.2714700000000001,0.0228,0.0548,456774636701154.562500
0.27148000000000005,0.0252,0.058,456774636701154.562500
0.27149,0.0236,0.0476,456774636701154.562500
0.2715000000000001,0.0244,0.0572,456774636701154.562500
0.27151000000000003,0.0236,0.0516,456774636701154.562500
0.2715200000000001,0.022000000000000002,0.0572,456774636701154.562500
0.27153000000000005,0.0228,0.0476,456774636701154.562500
0.2715400000000001,0.0236,0.058,456774636701154.562500
0.27155000000000007,0.0236,0.046,456774636701154.562500
0.27156,0.0236,0.056400000000000006,456774636701154.562500
0.2715700000000001,0.0172,0.056400000000000006,456774636701154.562500
0.27158000000000004,0.0172,0.056400000000000006,456774636701154.562500
0.2715900000000001,0.0148,0.056400000000000006,456774636701154.562500
0.27160000000000006,0.015600000000000001,0.0572,456774636701154.562500
0.27161,0.0164,0.058800000000000005,456774636701154.562500
0.2716200000000001,0.022000000000000002,0.053200000000000004,456774636701154.562500
0.27163000000000004,0.018000000000000002,0.055600000000000004,456774636701154.562500
0.2716400000000001,0.0228,0.0476,456774636701154.562500
0.27165000000000006,0.0252,0.0548,456774636701154.562500
0.27166,0.022000000000000002,0.0516,456774636701154.562500
0.2716700000000001,0.0236,0.058,456774636701154.562500
0.27168000000000003,0.022000000000000002,0.054,456774636701154.562500
0.2716900000000001,0.0236,0.0524,456774636701154.562500
0.27170000000000005,0.0228,0.0524,456774636701154.562500
0.2717100000000001,0.0244,0.058800000000000005,456774636701154.562500
0.2717200000000001,0.022000000000000002,0.058800000000000005,456774636701154.562500
0.27173,0.0244,0.0548,456774636701154.562500
0.2717400000000001,0.0244,0.0548,456774636701154.562500
0.27175000000000005,0.0244,0.045200000000000004,456774636701154.562500
0.2717600000000001,0.0244,0.0516,456774636701154.562500
0.27177000000000007,0.026000000000000002,0.05,456774636701154.562500
0.27178,0.0236,0.056400000000000006,456774636701154.562500
0.2717900000000001,0.0228,0.056400000000000006,456774636701154.562500
0.27180000000000004,0.0236,0.055600000000000004,456774636701154.562500
0.2718100000000001,0.0244,0.0572,456774636701154.562500
0.27182000000000006,0.0236,0.056400000000000006,456774636701154.562500
0.27183,0.0228,0.056400000000000006,456774636701154.562500
0.2718400000000001,0.0244,0.056400000000000006,456774636701154.562500
0.27185000000000004,0.0212,0.053200000000000004,456774636701154.562500
0.2718600000000001,0.0228,0.054,456774636701154.562500
0.27187000000000006,0.0228,0.0516,456774636701154.562500
0.27188,0.0244,0.0548,456774636701154.562500
0.2718900000000001,0.022000000000000002,0.0516,456774636701154.562500
0.27190000000000003,0.0212,0.0524,456774636701154.562500
0.2719100000000001,0.0204,0.056400000000000006,456774636701154.562500
0.27192000000000005,0.0228,0.0572,456774636701154.562500
0.2719300000000001,0.0188,0.058,456774636701154.562500
0.27194000000000007,0.0204,0.0572,456774636701154.562500
0.27195,0.0196,0.055600000000000004,456774636701154.562500
0.2719600000000001,0.022000000000000002,0.056400000000000006,456774636701154.562500
0.27197000000000005,0.022000000000000002,0.0524,456774636701154.562500
0.2719800000000001,0.022000000000000002,0.0548,456774636701154.562500
0.27199000000000007,0.0196,0.056400000000000006,456774636701154.562500
0.272,0.0236,0.0572,456774636701154.562500
0.2720100000000001,0.0244,0.0524,456774636701154.562500
0.27202000000000004,0.0228,0.058,456774636701154.562500
0.2720300000000001,0.0228,0.0572,456774636701154.562500
0.27204000000000006,0.0236,0.0572,456774636701154.562500
0.27205,0.0188,0.0524,456774636701154.562500
0.2720600000000001,0.0236,0.058,456774636701154.562500
0.27207000000000003,0.022000000000000002,0.053200000000000004,456774636701154.562500
0.2720800000000001,0.0228,0.058,456774636701154.562500
0.27209000000000005,0.0236,0.056400000000000006,456774636701154.562500
0.2721,0.0244,0.056400000000000006,456774636701154.562500
0.2721100000000001,0.0204,0.058,456774636701154.562500
0.27212000000000003,0.0244,0.058,456774636701154.562500
0.2721300000000001,0.0172,0.056400000000000006,456774636701154.562500
0.27214000000000005,0.0236,0.054,456774636701154.562500
0.2721500000000001,0.0212,0.056400000000000006,456774636701154.562500
0.27216000000000007,0.0212,0.056400000000000006,456774636701154.562500
0.27217,0.0228,0.053200000000000004,456774636701154.562500
0.2721800000000001,0.0188,0.0516,456774636701154.562500
0.27219000000000004,0.0228,0.054,456774636701154.562500
0.2722000000000001,0.0196,0.0548,456774636701154.562500
0.27221000000000006,0.0228,0.056400000000000006,456774636701154.562500
0.27222,0.0204,0.055600000000000004,456774636701154.562500
0.2722300000000001,0.0204,0.056400000000000006,456774636701154.562500
0.27224000000000004,0.0228,0.058,456774636701154.562500
0.2722500000000001,0.0228,0.0572,456774636701154.562500
0.27226000000000006,0.0228,0.0548,456774636701154.562500
0.27227,0.022000000000000002,0.058,456774636701154.562500
0.2722800000000001,0.0212,0.056400000000000006,456774636701154.562500
0.27229000000000003,0.0228,0.0524,456774636701154.562500
0.2723000000000001,0.0228,0.055600000000000004,456774636701154.562500
0.27231000000000005,0.022000000000000002,0.05,456774636701154.562500
0.2723200000000001,0.0228,0.054,456774636701154.562500
0.27233000000000007,0.0204,0.0572,456774636701154.562500
0.27234,0.0212,0.0572,456774636701154.562500
0.2723500000000001,0.0196,0.055600000000000004,456774636701154.562500
0.27236000000000005,0.0244,0.056400000000000006,456774636701154.562500
0.2723700000000001,0.0188,0.050800000000000005,456774636701154.562500
0.27238000000000007,0.0236,0.0572,456774636701154.562500
0.27239,0.0236,0.0572,456774636701154.562500
0.2724000000000001,0.026000000000000002,0.058,456774636701154.562500
0.27241000000000004,0.0236,0.055600000000000004,456774636701154.562500
0.2724200000000001,0.0236,0.0572,456774636701154.562500
0.27243000000000006,0.0236,0.053200000000000004,456774636701154.562500
0.27244,0.0228,0.05,456774636701154.562500
0.2724500000000001,0.022000000000000002,0.055600000000000004,456774636701154.562500
0.27246000000000004,0.0228,0.056400000000000006,456774636701154.562500
0.2724700000000001,0.0236,0.058,456774636701154.562500
0.27248000000000006,0.022000000000000002,0.0572,456774636701154.562500
0.27249,0.0228,0.055600000000000004,456774636701154.562500
0.2725000000000001,0.0196,0.056400000000000006,456774636701154.562500
0.27251000000000003,0.0228,0.056400000000000006,456774636701154.562500
0.2725200000000001,0.0196,0.050800000000000005,456774636701154.562500
0.27253000000000005,0.0212,0.0572,456774636701154.562500
0.2725400000000001,0.018000000000000002,0.0548,456774636701154.562500
0.27255000000000007,0.022000000000000002,0.056400000000000006,456774636701154.562500
0.27256,0.0188,0.0548,456774636701154.562500
0.2725700000000001,0.022000000000000002,0.046,456774636701154.562500
0.27258000000000004,0.0212,0.048400000000000006,456774636701154.562500
0.2725900000000001,0.022000000000000002,0.056400000000000006,456774636701154.562500
0.27260000000000006,0.0236,0.054,456774636701154.562500
0.27261,0.0236,0.0572,456774636701154.562500
0.2726200000000001,0.0236,0.056400000000000006,456774636701154.562500
0.27263000000000004,0.0236,0.056400000000000006,456774636701154.562500
0.2726400000000001,0.0228,0.055600000000000004,456774636701154.562500
0.27265000000000006,0.022000000000000002,0.056400000000000006,456774636701154.562500
0.27266,0.0252,0.0572,456774636701154.562500
0.2726700000000001,0.0244,0.050800000000000005,456774636701154.562500
0.27268000000000003,0.0252,0.058,456774636701154.562500
0.2726900000000001,0.0236,0.053200000000000004,456774636701154.562500
0.27270000000000005,0.0236,0.054,456774636701154.562500
0.27271,0.0228,0.0548,456774636701154.562500
0.2727200000000001,0.0244,0.055600000000000004,456774636701154.562500
0.27273000000000003,0.0244,0.053200000000000004,456774636701154.562500
0.2727400000000001,0.022000000000000002,0.056400000000000006,456774636701154.562500
0.27275000000000005,0.0252,0.046,456774636701154.562500
0.2727600000000001,0.0204,0.0524,456774636701154.562500
0.27277000000000007,0.0236,0.0548,456774636701154.562500
0.27278,0.0236,0.056400000000000006,456774636701154.562500
0.2727900000000001,0.0212,0.0572,456774636701154.562500
0.27280000000000004,0.0212,0.054,456774636701154.562500
0.2728100000000001,0.0212,0.056400000000000006,456774636701154.562500
0.27282000000000006,0.022000000000000002,0.058,456774636701154.562500
0.27283,0.0204,0.056400000000000006,456774636701154.562500
0.2728400000000001,0.0204,0.0572,456774636701154.562500
0.27285000000000004,0.0204,0.055600000000000004,456774636701154.562500
0.2728600000000001,0.022000000000000002,0.0572,456774636701154.562500
0.27287000000000006,0.0228,0.0572,456774636701154.562500
0.27288,0.0204,0.054,456774636701154.562500
0.2728900000000001,0.0236,0.054,456774636701154.562500
0.27290000000000003,0.0244,0.054,456774636701154.562500
0.2729100000000001,0.0236,0.0524,456774636701154.562500
0.27292000000000005,0.022000000000000002,0.054,456774636701154.562500
0.2729300000000001,0.022000000000000002,0.05,456774636701154.562500
0.27294000000000007,0.0228,0.055600000000000004,456774636701154.562500
0.27295,0.0228,0.0492,456774636701154.562500
0.2729600000000001,0.0228,0.058,456774636701154.562500
0.27297000000000005,0.0196,0.054,456774636701154.562500
0.2729800000000001,0.026000000000000002,0.056400000000000006,456774636701154.562500
0.27299000000000007,0.0204,0.053200000000000004,456774636701154.562500
0.273,0.0236,0.058,456774636701154.562500
0.2730100000000001,0.0228,0.056400000000000006,456774636701154.562500
0.27302000000000004,0.0228,0.056400000000000006,456774636701154.562500
0.2730300000000001,0.0188,0.0572,456774636701154.562500
0.27304000000000006,0.0252,0.0548,456774636701154.562500
0.27305,0.0244,0.056400000000000006,456774636701154.562500
0.2730600000000001,0.0236,0.054,456774636701154.562500
0.27307000000000003,0.0212,0.058,456774636701154.562500
0.2730800000000001,0.022000000000000002,0.0476,456774636701154.562500
0.27309000000000005,0.0228,0.058,456774636701154.562500
0.2731,0.0204,0.0524,456774636701154.562500
0.2731100000000001,0.0228,0.0572,456774636701154.562500
0.27312000000000003,0.022000000000000002,0.0548,456774636701154.562500
0.2731300000000001,0.022000000000000002,0.0548,456774636701154.562500
0.27314000000000005,0.0196,0.054,456774636701154.562500
0.2731500000000001,0.0196,0.058,456774636701154.562500
0.27316000000000007,0.0228,0.056400000000000006,456774636701154.562500
0.27317,0.0196,0.056400000000000006,456774636701154.562500
0.2731800000000001,0.0204,0.054,456774636701154.562500
0.27319000000000004,0.0236,0.058,456774636701154.562500
0.2732000000000001,0.0228,0.0572,456774636701154.562500
0.27321000000000006,0.0228,0.0572,456774636701154.562500
0.27322,0.0236,0.058,456774636701154.562500
0.2732300000000001,0.022000000000000002,0.056400000000000006,456774636701154.562500
0.27324000000000004,0.0228,0.055600000000000004,456774636701154.562500
0.2732500000000001,0.0228,0.054,456774636701154.562500
0.27326000000000006,0.0252,0.054,456774636701154.562500
0.27327,0.0236,0.053200000000000004,456774636701154.562500
0.2732800000000001,0.0244,0.053200000000000004,456774636701154.562500
0.27329000000000003,0.0236,0.048400000000000006,456774636701154.562500
0.2733000000000001,0.0252,0.0572,456774636701154.562500
0.27331000000000005,0.022000000000000002,0.053200000000000004,456774636701154.562500
0.2733200000000001,0.0252,0.058,456774636701154.562500
0.2733300000000001,0.0244,0.055600000000000004,456774636701154.562500
0.27334,0.026000000000000002,0.056400000000000006,456774636701154.562500
0.2733500000000001,0.022000000000000002,0.056400000000000006,456774636701154.562500
0.27336000000000005,0.0244,0.0572,456774636701154.562500
0.2733700000000001,0.0212,0.055600000000000004,456774636701154.562500
0.27338000000000007,0.0196,0.055600000000000004,456774636701154.562500
0.27339,0.0244,0.0572,456774636701154.562500
0.2734000000000001,0.0252,0.0572,456774636701154.562500
0.27341000000000004,0.022000000000000002,0.0524,456774636701154.562500
0.2734200000000001,0.0188,0.056400000000000006,456774636701154.562500
0.27343000000000006,0.0228,0.0548,456774636701154.562500
0.27344,0.0228,0.056400000000000006,456774636701154.562500
0.2734500000000001,0.0236,0.050800000000000005,456774636701154.562500
0.27346000000000004,0.0236,0.053200000000000004,456774636701154.562500
0.2734700000000001,0.0228,0.058,456774636701154.562500
0.27348000000000006,0.022000000000000002,0.054,456774636701154.562500
0.27349,0.0228,0.058,456774636701154.562500
0.2735000000000001,0.0244,0.0548,456774636701154.562500
0.27351000000000003,0.022000000000000002,0.046,456774636701154.562500
0.2735200000000001,0.0228,0.056400000000000006,456774636701154.562500
0.27353000000000005,0.022000000000000002,0.042800000000000005,456774636701154.562500
0.2735400000000001,0.0236,0.053200000000000004,456774636701154.562500
0.27355000000000007,0.022000000000000002,0.0476,456774636701154.562500
0.27356,0.0236,0.055600000000000004,456774636701154.562500
0.2735700000000001,0.026000000000000002,0.0516,456774636701154.562500
0.27358000000000005,0.0228,0.058,456774636701154.562500
0.2735900000000001,0.0236,0.0572,456774636701154.562500
0.27360000000000007,0.0236,0.0572,456774636701154.562500
0.27361,0.0236,0.056400000000000006,456774636701154.562500
0.2736200000000001,0.0228,0.0572,456774636701154.562500
0.27363000000000004,0.0252,0.054,456774636701154.562500
0.2736400000000001,0.0212,0.055600000000000004,456774636701154.562500
0.27365000000000006,0.0236,0.056400000000000006,456774636701154.562500
0.27366,0.0228,0.0524,456774636701154.562500
0.2736700000000001,0.0244,0.056400000000000006,456774636701154.562500
0.27368000000000003,0.022000000000000002,0.0548,456774636701154.562500
0.2736900000000001,0.022000000000000002,0.056400000000000006,456774636701154.562500
0.27370000000000005,0.0236,0.056400000000000006,456774636701154.562500
0.27371,0.0228,0.055600000000000004,456774636701154.562500
0.2737200000000001,0.0236,0.056400000000000006,456774636701154.562500
0.27373000000000003,0.0228,0.055600000000000004,456774636701154.562500
0.2737400000000001,0.0228,0.050800000000000005,456774636701154.562500
0.27375000000000005,0.0212,0.0548,456774636701154.562500
0.2737600000000001,0.022000000000000002,0.053200000000000004,456774636701154.562500
0.27377000000000007,0.0228,0.058,456774636701154.562500
0.27378,0.0188,0.056400000000000006,456774636701154.562500
0.2737900000000001,0.022000000000000002,0.055600000000000004,456774636701154.562500
0.27380000000000004,0.0188,0.045200000000000004,456774636701154.562500
0.2738100000000001,0.0236,0.058,456774636701154.562500
0.27382000000000006,0.0204,0.056400000000000006,456774636701154.562500
0.27383,0.0228,0.058,456774636701154.562500
0.2738400000000001,0.022000000000000002,0.058,456774636701154.562500
0.27385000000000004,0.0212,0.054,456774636701154.562500
0.2738600000000001,0.0172,0.0572,456774636701154.562500
0.27387000000000006,0.0244,0.055600000000000004,456774636701154.562500
0.27388,0.0204,0.056400000000000006,456774636701154.562500
0.2738900000000001,0.0236,0.0548,456774636701154.562500
0.27390000000000003,0.0236,0.054,456774636701154.562500
0.2739100000000001,0.0244,0.0572,456774636701154.562500
0.27392000000000005,0.0212,0.058,456774636701154.562500
0.2739300000000001,0.0236,0.0572,456774636701154.562500
0.2739400000000001,0.0236,0.0572,456774636701154.562500
0.27395,0.0212,0.053200000000000004,456774636701154.562500
0.2739600000000001,0.0228,0.0548,456774636701154.562500
0.27397000000000005,0.0244,0.055600000000000004,456774636701154.562500
0.2739800000000001,0.0252,0.0492,456774636701154.562500
0.27399000000000007,0.0236,0.053200000000000004,456774636701154.562500
0.274,0.0212,0.0572,456774636701154.562500
0.2740100000000001,0.0236,0.050800000000000005,456774636701154.562500
0.27402000000000004,0.0244,0.056400000000000006,456774636701154.562500
0.2740300000000001,0.022000000000000002,0.0548,456774636701154.562500
0.27404000000000006,0.022000000000000002,0.0572,456774636701154.562500
0.27405,0.0228,0.0524,456774636701154.562500
0.2740600000000001,0.022000000000000002,0.055600000000000004,456774636701154.562500
0.27407000000000004,0.0212,0.054,456774636701154.562500
0.2740800000000001,0.022000000000000002,0.056400000000000006,456774636701154.562500
0.27409000000000006,0.0204,0.0572,456774636701154.562500
0.2741,0.0228,0.058800000000000005,456774636701154.562500
0.2741100000000001,0.0164,0.0572,456774636701154.562500
0.27412000000000003,0.0244,0.058,456774636701154.562500
0.2741300000000001,0.0212,0.0572,456774636701154.562500
0.27414000000000005,0.0228,0.0572,456774636701154.562500
0.2741500000000001,0.0236,0.0548,456774636701154.562500
0.27416000000000007,0.0244,0.0572,456774636701154.562500
0.27417,0.0236,0.055600000000000004,456774636701154.562500
0.2741800000000001,0.0252,0.054,456774636701154.562500
0.27419000000000004,0.0212,0.056400000000000006,456774636701154.562500
0.2742000000000001,0.0236,0.055600000000000004,456774636701154.562500
0.27421000000000006,0.0204,0.0516,456774636701154.562500
0.27422,0.0252,0.055600000000000004,456774636701154.562500
0.2742300000000001,0.0212,0.046,456774636701154.562500
0.27424000000000004,0.0228,0.058,456774636701154.562500
0.2742500000000001,0.0212,0.0548,456774636701154.562500
0.27426000000000006,0.0212,0.0548,456774636701154.562500
0.27427,0.0236,0.055600000000000004,456774636701154.562500
0.2742800000000001,0.0236,0.0516,456774636701154.562500
0.27429000000000003,0.0252,0.0524,456774636701154.562500
0.2743000000000001,0.0228,0.055600000000000004,456774636701154.562500
0.27431000000000005,0.0252,0.05,456774636701154.562500
0.27432,0.0212,0.0572,456774636701154.562500
0.2743300000000001,0.022000000000000002,0.0468,456774636701154.562500
0.27434000000000003,0.022000000000000002,0.058,456774636701154.562500
0.2743500000000001,0.0204,0.0572,456774636701154.562500
0.27436000000000005,0.0212,0.0572,456774636701154.562500
0.2743700000000001,0.0212,0.056400000000000006,456774636701154.562500
0.27438000000000007,0.015600000000000001,0.0548,456774636701154.562500
0.27439,0.0212,0.0572,456774636701154.562500
0.2744000000000001,0.0188,0.058,456774636701154.562500
0.27441000000000004,0.0236,0.058,456774636701154.562500
0.2744200000000001,0.0212,0.0572,456774636701154.562500
0.27443000000000006,0.0228,0.056400000000000006,456774636701154.562500
0.27444,0.022000000000000002,0.058800000000000005,456774636701154.562500
0.2744500000000001,0.0236,0.0572,456774636701154.562500
0.27446000000000004,0.022000000000000002,0.056400000000000006,456774636701154.562500
0.2744700000000001,0.0236,0.056400000000000006,456774636701154.562500
0.27448000000000006,0.018000000000000002,0.053200000000000004,456774636701154.562500
0.27449,0.026000000000000002,0.053200000000000004,456774636701154.562500
0.2745000000000001,0.018000000000000002,0.0548,456774636701154.562500
0.27451000000000003,0.0236,0.055600000000000004,456774636701154.562500
0.2745200000000001,0.018000000000000002,0.054,456774636701154.562500
0.27453000000000005,0.0236,0.053200000000000004,456774636701154.562500
0.2745400000000001,0.0204,0.056400000000000006,456774636701154.562500
0.27455000000000007,0.0228,0.055600000000000004,456774636701154.562500
0.27456,0.022000000000000002,0.054,456774636701154.562500
0.2745700000000001,0.0236,0.055600000000000004,456774636701154.562500
0.27458000000000005,0.0228,0.058,456774636701154.562500
0.2745900000000001,0.0244,0.054,456774636701154.562500
0.27460000000000007,0.0188,0.056400000000000006,456774636701154.562500
0.27461,0.0236,0.0492,456774636701154.562500
0.2746200000000001,0.0228,0.058,456774636701154.562500
0.27463000000000004,0.0212,0.0476,456774636701154.562500
0.2746400000000001,0.0212,0.0548,456774636701154.562500
0.27465000000000006,0.0196,0.0516,456774636701154.562500
0.27466,0.022000000000000002,0.054,456774636701154.562500
0.2746700000000001,0.0188,0.0548,456774636701154.562500
0.27468000000000004,0.0212,0.054,456774636701154.562500
0.2746900000000001,0.0148,0.0572,456774636701154.562500
0.27470000000000006,0.022000000000000002,0.05,456774636701154.562500
0.27471,0.022000000000000002,0.0548,456774636701154.562500
0.2747200000000001,0.0236,0.058,456774636701154.562500
0.27473000000000003,0.0196,0.0524,456774636701154.562500
0.2747400000000001,0.0228,0.058,456774636701154.562500
0.27475000000000005,0.018000000000000002,0.056400000000000006,456774636701154.562500
0.2747600000000001,0.0244,0.0548,456774636701154.562500
0.27477000000000007,0.022000000000000002,0.0548,456774636701154.562500
0.27478,0.0252,0.050800000000000005,456774636701154.562500
0.2747900000000001,0.022000000000000002,0.0572,456774636701154.562500
0.27480000000000004,0.0228,0.053200000000000004,456774636701154.562500
0.2748100000000001,0.0244,0.048400000000000006,456774636701154.562500
0.27482000000000006,0.0228,0.046,456774636701154.562500
0.27483,0.022000000000000002,0.0572,456774636701154.562500
0.2748400000000001,0.0244,0.056400000000000006,456774636701154.562500
0.27485000000000004,0.0204,0.058,456774636701154.562500
0.2748600000000001,0.0204,0.053200000000000004,456774636701154.562500
0.27487000000000006,0.0236,0.058,456774636701154.562500
0.27488,0.0252,0.0548,456774636701154.562500
0.2748900000000001,0.0228,0.0548,456774636701154.562500
0.27490000000000003,0.0204,0.058,456774636701154.562500
0.2749100000000001,0.0228,0.058,456774636701154.562500
0.27492000000000005,0.0196,0.0492,456774636701154.562500
0.2749300000000001,0.022000000000000002,0.055600000000000004,456774636701154.562500
0.2749400000000001,0.0196,0.053200000000000004,456774636701154.562500
0.27495,0.0228,0.0548,456774636701154.562500
0.2749600000000001,0.022000000000000002,0.054,456774636701154.562500
0.27497000000000005,0.022000000000000002,0.058,456774636701154.562500
0.2749800000000001,0.014,0.0516,456774636701154.562500
0.27499000000000007,0.0228,0.056400000000000006,456774636701154.562500
0.275,0.0236,0.05,456774636701154.562500
0.2750100000000001,0.0228,0.048400000000000006,456774636701154.562500
0.27502000000000004,0.0196,0.054,456774636701154.562500
0.2750300000000001,0.0212,0.05,456774636701154.562500
0.27504000000000006,0.0212,0.0548,456774636701154.562500
0.27505,0.0228,0.040400000000000005,456774636701154.562500
0.2750600000000001,0.0228,0.0572,456774636701154.562500
0.27507000000000004,0.022000000000000002,0.0492,456774636701154.562500
0.2750800000000001,0.0236,0.0572,456774636701154.562500
0.27509000000000006,0.0212,0.054,456774636701154.562500
0.2751,0.0204,0.0548,456774636701154.562500
0.2751100000000001,0.0212,0.056400000000000006,456774636701154.562500
0.27512000000000003,0.022000000000000002,0.0524,456774636701154.562500
0.2751300000000001,0.0204,0.0572,456774636701154.562500
0.27514000000000005,0.0236,0.0476,456774636701154.562500
0.2751500000000001,0.0148,0.0524,456774636701154.562500
0.27516000000000007,0.0244,0.050800000000000005,456774636701154.562500
0.27517,0.0212,0.056400000000000006,456774636701154.562500
0.2751800000000001,0.0244,0.055600000000000004,456774636701154.562500
0.27519000000000005,0.0244,0.0548,456774636701154.562500
0.2752000000000001,0.0212,0.058,456774636701154.562500
0.27521000000000007,0.0212,0.054,456774636701154.562500
0.27522,0.022000000000000002,0.0492,456774636701154.562500
0.2752300000000001,0.018000000000000002,0.055600000000000004,456774636701154.562500
0.27524000000000004,0.0236,0.054,456774636701154.562500
0.2752500000000001,0.022000000000000002,0.0548,456774636701154.562500
0.27526000000000006,0.022000000000000002,0.050800000000000005,456774636701154.562500
0.27527,0.0228,0.048400000000000006,456774636701154.562500
0.2752800000000001,0.0212,0.055600000000000004,456774636701154.562500
0.27529000000000003,0.0204,0.058,456774636701154.562500
0.2753000000000001,0.0164,0.0548,456774636701154.562500
0.27531000000000005,0.0228,0.058,456774636701154.562500
0.27532,0.022000000000000002,0.055600000000000004,456774636701154.562500
0.2753300000000001,0.022000000000000002,0.0572,456774636701154.562500
0.27534000000000003,0.0244,0.054,456774636701154.562500
0.2753500000000001,0.0236,0.054,456774636701154.562500
0.27536000000000005,0.0228,0.056400000000000006,456774636701154.562500
0.2753700000000001,0.0244,0.056400000000000006,456774636701154.562500
0.27538000000000007,0.022000000000000002,0.055600000000000004,456774636701154.562500
0.27539,0.0236,0.0516,456774636701154.562500
0.2754000000000001,0.0252,0.055600000000000004,456774636701154.562500
0.27541000000000004,0.0244,0.054,456774636701154.562500
0.2754200000000001,0.0244,0.0548,456774636701154.562500
0.27543000000000006,0.0252,0.042800000000000005,456774636701154.562500
0.27544,0.0228,0.056400000000000006,456774636701154.562500
0.2754500000000001,0.0244,0.0468,456774636701154.562500
0.27546000000000004,0.0252,0.058,456774636701154.562500
0.2754700000000001,0.0212,0.050800000000000005,456774636701154.562500
0.27548000000000006,0.0228,0.058,456774636701154.562500
0.27549,0.0212,0.058,456774636701154.562500
0.2755000000000001,0.0196,0.056400000000000006,456774636701154.562500
0.27551000000000003,0.0212,0.054,456774636701154.562500
0.2755200000000001,0.0244,0.058,456774636701154.562500
0.27553000000000005,0.0236,0.053200000000000004,456774636701154.562500
0.2755400000000001,0.0204,0.0524,456774636701154.562500
0.2755500000000001,0.022000000000000002,0.0548,456774636701154.562500
0.27556,0.0204,0.054,456774636701154.562500
0.2755700000000001,0.0236,0.0572,456774636701154.562500
0.27558000000000005,0.0204,0.0492,456774636701154.562500
0.2755900000000001,0.0236,0.0572,456774636701154.562500
0.27560000000000007,0.0212,0.0516,456774636701154.562500
0.27561,0.0212,0.05,456774636701154.562500
0.2756200000000001,0.0212,0.058,456774636701154.562500
0.27563000000000004,0.0188,0.058,456774636701154.562500
0.2756400000000001,0.022000000000000002,0.058,456774636701154.562500
0.27565000000000006,0.022000000000000002,0.058800000000000005,456774636701154.562500
0.27566,0.0236,0.055600000000000004,456774636701154.562500
0.2756700000000001,0.0188,0.05,456774636701154.562500
0.27568000000000004,0.0236,0.0572,456774636701154.562500
0.2756900000000001,0.0196,0.053200000000000004,456774636701154.562500
0.27570000000000006,0.0212,0.056400000000000006,456774636701154.562500
0.27571,0.0172,0.050800000000000005,456774636701154.562500
0.2757200000000001,0.0204,0.0524,456774636701154.562500
0.27573000000000003,0.0188,0.05,456774636701154.562500
0.2757400000000001,0.0244,0.055600000000000004,456774636701154.562500
0.27575000000000005,0.0244,0.05,456774636701154.562500
0.2757600000000001,0.0252,0.055600000000000004,456774636701154.562500
0.27577000000000007,0.0236,0.053200000000000004,456774636701154.562500
0.27578,0.0244,0.055600000000000004,456774636701154.562500
0.2757900000000001,0.0244,0.054,456774636701154.562500
0.27580000000000005,0.022000000000000002,0.054,456774636701154.562500
0.2758100000000001,0.0228,0.050800000000000005,456774636701154.562500
0.27582000000000007,0.022000000000000002,0.054,456774636701154.562500
0.27583,0.022000000000000002,0.0476,456774636701154.562500
0.2758400000000001,0.0172,0.054,456774636701154.562500
0.27585000000000004,0.0228,0.0516,456774636701154.562500
0.2758600000000001,0.0188,0.054,456774636701154.562500
0.27587000000000006,0.0196,0.0548,456774636701154.562500
0.27588,0.0188,0.055600000000000004,456774636701154.562500
0.2758900000000001,0.022000000000000002,0.0572,456774636701154.562500
0.27590000000000003,0.0228,0.0572,456774636701154.562500
0.2759100000000001,0.022000000000000002,0.053200000000000004,456774636701154.562500
0.27592000000000005,0.0236,0.0572,456774636701154.562500
0.27593,0.0196,0.050800000000000005,456774636701154.562500
0.2759400000000001,0.0204,0.050800000000000005,456774636701154.562500
0.27595000000000003,0.0204,0.0524,456774636701154.562500
0.2759600000000001,0.022000000000000002,0.055600000000000004,456774636701154.562500
0.27597000000000005,0.0212,0.050800000000000005,456774636701154.562500
0.2759800000000001,0.0236,0.056400000000000006,456774636701154.562500
0.27599000000000007,0.0204,0.056400000000000006,456774636701154.562500
0.276,0.0212,0.053200000000000004,456774636701154.562500
0.2760100000000001,0.0244,0.058800000000000005,456774636701154.562500
0.27602000000000004,0.0244,0.058,456774636701154.562500
0.2760300000000001,0.022000000000000002,0.0572,456774636701154.562500
0.27604000000000006,0.0236,0.054,456774636701154.562500
0.27605,0.022000000000000002,0.0516,456774636701154.562500
0.2760600000000001,0.0244,0.055600000000000004,456774636701154.562500
0.27607000000000004,0.0204,0.058800000000000005,456774636701154.562500
0.2760800000000001,0.026000000000000002,0.0572,456774636701154.562500
0.27609000000000006,0.0228,0.0524,456774636701154.562500
0.2761,0.0244,0.056400000000000006,456774636701154.562500
0.2761100000000001,0.022000000000000002,0.054,456774636701154.562500
0.27612000000000003,0.0244,0.0524,456774636701154.562500
0.2761300000000001,0.022000000000000002,0.058,456774636701154.562500
0.27614000000000005,0.0204,0.058,456774636701154.562500
0.2761500000000001,0.0228,0.0548,456774636701154.562500
0.27616000000000007,0.0188,0.045200000000000004,456774636701154.562500
0.27617,0.0196,0.0548,456774636701154.562500
0.2761800000000001,0.0188,0.0516,456774636701154.562500
0.27619000000000005,0.0236,0.058,456774636701154.562500
0.2762000000000001,0.0228,0.0572,456774636701154.562500
0.27621000000000007,0.0196,0.058,456774636701154.562500
0.27622,0.0212,0.055600000000000004,456774636701154.562500
0.2762300000000001,0.0228,0.055600000000000004,456774636701154.562500
0.27624000000000004,0.0196,0.058,456774636701154.562500
0.2762500000000001,0.022000000000000002,0.0516,456774636701154.562500
0.27626000000000006,0.022000000000000002,0.056400000000000006,456774636701154.562500
0.27627,0.0172,0.054,456774636701154.562500
0.2762800000000001,0.0228,0.0572,456774636701154.562500
0.27629000000000004,0.0204,0.056400000000000006,456774636701154.562500
0.2763000000000001,0.0236,0.053200000000000004,456774636701154.562500
0.27631000000000006,0.0204,0.0572,456774636701154.562500
0.27632,0.0236,0.0572,456774636701154.562500
0.2763300000000001,0.0244,0.0548,456774636701154.562500
0.27634000000000003,0.0228,0.053200000000000004,456774636701154.562500
0.2763500000000001,0.0252,0.055600000000000004,456774636701154.562500
0.27636000000000005,0.0244,0.053200000000000004,456774636701154.562500
0.2763700000000001,0.0244,0.0572,456774636701154.562500
0.27638000000000007,0.0252,0.055600000000000004,456774636701154.562500
0.27639,0.0244,0.056400000000000006,456774636701154.562500
0.2764000000000001,0.0204,0.0572,456774636701154.562500
0.27641000000000004,0.022000000000000002,0.054,456774636701154.562500
0.2764200000000001,0.022000000000000002,0.053200000000000004,456774636701154.562500
0.27643000000000006,0.0244,0.0572,456774636701154.562500
0.27644,0.022000000000000002,0.055600000000000004,456774636701154.562500
0.2764500000000001,0.0196,0.054,456774636701154.562500
0.27646000000000004,0.0236,0.0548,456774636701154.562500
0.2764700000000001,0.022000000000000002,0.05,456774636701154.562500
0.27648000000000006,0.0236,0.0572,456774636701154.562500
0.27649,0.0228,0.055600000000000004,456774636701154.562500
0.2765000000000001,0.0212,0.0524,456774636701154.562500
0.27651000000000003,0.0228,0.058,456774636701154.562500
0.2765200000000001,0.0212,0.0572,456774636701154.562500
0.27653000000000005,0.022000000000000002,0.058,456774636701154.562500
0.27654,0.022000000000000002,0.055600000000000004,456774636701154.562500
0.2765500000000001,0.022000000000000002,0.058,456774636701154.562500
0.27656000000000003,0.0196,0.054,456774636701154.562500
0.2765700000000001,0.0188,0.0548,456774636701154.562500
0.27658000000000005,0.0212,0.055600000000000004,456774636701154.562500
0.2765900000000001,0.0204,0.0572,456774636701154.562500
0.27660000000000007,0.0252,0.048400000000000006,456774636701154.562500
0.27661,0.0196,0.058,456774636701154.562500
0.2766200000000001,0.0236,0.045200000000000004,456774636701154.562500
0.27663000000000004,0.0244,0.058800000000000005,456774636701154.562500
0.2766400000000001,0.0252,0.0516,456774636701154.562500
0.27665000000000006,0.0252,0.058,456774636701154.562500
0.27666,0.022000000000000002,0.046,456774636701154.562500
0.2766700000000001,0.0228,0.058,456774636701154.562500
0.27668000000000004,0.022000000000000002,0.0572,456774636701154.562500
0.2766900000000001,0.0244,0.058,456774636701154.562500
0.27670000000000006,0.0204,0.0572,456774636701154.562500
0.27671,0.022000000000000002,0.056400000000000006,456774636701154.562500
0.2767200000000001,0.0252,0.0524,456774636701154.562500
0.27673000000000003,0.0228,0.054,456774636701154.562500
0.2767400000000001,0.022000000000000002,0.055600000000000004,456774636701154.562500
0.27675000000000005,0.0212,0.0572,456774636701154.562500
0.2767600000000001,0.0228,0.0516,456774636701154.562500
0.27677000000000007,0.0196,0.055600000000000004,456774636701154.562500
0.27678,0.022000000000000002,0.0436,456774636701154.562500
0.2767900000000001,0.0236,0.0548,456774636701154.562500
0.27680000000000005,0.022000000000000002,0.053200000000000004,456774636701154.562500
0.2768100000000001,0.022000000000000002,0.054,456774636701154.562500
0.27682000000000007,0.0212,0.055600000000000004,456774636701154.562500
0.27683,0.022000000000000002,0.054,456774636701154.562500
0.2768400000000001,0.022000000000000002,0.056400000000000006,456774636701154.562500
0.27685000000000004,0.0236,0.0572,456774636701154.562500
0.2768600000000001,0.0228,0.040400000000000005,456774636701154.562500
0.27687000000000006,0.0228,0.0548,456774636701154.562500
0.27688,0.0172,0.046,456774636701154.562500
0.2768900000000001,0.0228,0.045200000000000004,456774636701154.562500
0.27690000000000003,0.0244,0.0572,456774636701154.562500
0.2769100000000001,0.0244,0.0516,456774636701154.562500
0.27692000000000005,0.0236,0.0524,456774636701154.562500
0.27693,0.0228,0.0516,456774636701154.562500
0.2769400000000001,0.0244,0.0492,456774636701154.562500
0.27695000000000003,0.026000000000000002,0.048400000000000006,456774636701154.562500
0.2769600000000001,0.0252,0.046,456774636701154.562500
0.27697000000000005,0.022000000000000002,0.0572,456774636701154.562500
0.2769800000000001,0.026000000000000002,0.050800000000000005,456774636701154.562500
0.27699000000000007,0.0212,0.055600000000000004,456774636701154.562500
0.277,0.0236,0.0524,456774636701154.562500
0.2770100000000001,0.0236,0.048400000000000006,456774636701154.562500
0.27702000000000004,0.0236,0.056400000000000006,456774636701154.562500
0.2770300000000001,0.0228,0.05,456774636701154.562500
0.27704000000000006,0.0212,0.054,456774636701154.562500
0.27705,0.0228,0.0492,456774636701154.562500
0.2770600000000001,0.0236,0.0492,456774636701154.562500
0.27707000000000004,0.0244,0.056400000000000006,456774636701154.562500
0.2770800000000001,0.0236,0.0492,456774636701154.562500
0.27709000000000006,0.0212,0.0572,456774636701154.562500
0.2771,0.022000000000000002,0.054,456774636701154.562500
0.2771100000000001,0.0228,0.055600000000000004,456774636701154.562500
0.27712000000000003,0.0228,0.054,456774636701154.562500
0.2771300000000001,0.0228,0.058800000000000005,456774636701154.562500
0.27714000000000005,0.0236,0.0572,456774636701154.562500
0.2771500000000001,0.022000000000000002,0.053200000000000004,456774636701154.562500
0.2771600000000001,0.0204,0.054,456774636701154.562500
0.27717,0.0212,0.0412,456774636701154.562500
0.2771800000000001,0.0196,0.055600000000000004,456774636701154.562500
0.27719000000000005,0.022000000000000002,0.050800000000000005,456774636701154.562500
0.2772000000000001,0.0196,0.0524,456774636701154.562500
0.27721000000000007,0.0244,0.0492,456774636701154.562500
0.27722,0.0252,0.0524,456774636701154.562500
0.2772300000000001,0.022000000000000002,0.056400000000000006,456774636701154.562500
0.27724000000000004,0.0252,0.058800000000000005,456774636701154.562500
0.2772500000000001,0.022000000000000002,0.0516,456774636701154.562500
0.27726000000000006,0.0212,0.058,456774636701154.562500
0.27727,0.022000000000000002,0.053200000000000004,456774636701154.562500
0.2772800000000001,0.0228,0.056400000000000006,456774636701154.562500
0.27729000000000004,0.0244,0.058,456774636701154.562500
0.2773000000000001,0.0244,0.058,456774636701154.562500
0.27731000000000006,0.0228,0.0572,456774636701154.562500
0.27732,0.0196,0.0548,456774636701154.562500
0.2773300000000001,0.022000000000000002,0.055600000000000004,456774636701154.562500
0.27734000000000003,0.0236,0.058,456774636701154.562500
0.2773500000000001,0.0236,0.054,456774636701154.562500
0.27736000000000005,0.0228,0.0572,456774636701154.562500
0.2773700000000001,0.022000000000000002,0.055600000000000004,456774636701154.562500
0.27738000000000007,0.022000000000000002,0.048400000000000006,456774636701154.562500
0.27739,0.0212,0.058,456774636701154.562500
0.2774000000000001,0.0228,0.048400000000000006,456774636701154.562500
0.27741000000000005,0.022000000000000002,0.0572,456774636701154.562500
0.2774200000000001,0.0212,0.054,456774636701154.562500
0.27743000000000007,0.0212,0.058,456774636701154.562500
0.27744,0.0204,0.042,456774636701154.562500
0.2774500000000001,0.022000000000000002,0.054,456774636701154.562500
0.27746000000000004,0.0212,0.045200000000000004,456774636701154.562500
0.2774700000000001,0.0228,0.05,456774636701154.562500
0.27748000000000006,0.0228,0.058,456774636701154.562500
0.27749,0.0228,0.058,456774636701154.562500
0.2775000000000001,0.0212,0.0524,456774636701154.562500
0.27751000000000003,0.0252,0.0572,456774636701154.562500
0.2775200000000001,0.0244,0.058,456774636701154.562500
0.27753000000000005,0.0204,0.055600000000000004,456774636701154.562500
0.27754,0.0228,0.055600000000000004,456774636701154.562500
0.2775500000000001,0.022000000000000002,0.0548,456774636701154.562500
0.27756000000000003,0.0196,0.0572,456774636701154.562500
0.2775700000000001,0.0236,0.055600000000000004,456774636701154.562500
0.27758000000000005,0.0212,0.056400000000000006,456774636701154.562500
0.2775900000000001,0.0252,0.054,456774636701154.562500
0.27760000000000007,0.0228,0.056400000000000006,456774636701154.562500
0.27761,0.0252,0.05,456774636701154.562500
0.2776200000000001,0.0228,0.058,456774636701154.562500
0.27763000000000004,0.0244,0.05,456774636701154.562500
0.2776400000000001,0.022000000000000002,0.056400000000000006,456774636701154.562500
0.27765000000000006,0.0252,0.055600000000000004,456774636701154.562500
0.27766,0.0228,0.0516,456774636701154.562500
0.2776700000000001,0.0244,0.0548,456774636701154.562500
0.27768000000000004,0.0204,0.055600000000000004,456774636701154.562500
0.2776900000000001,0.0228,0.056400000000000006,456774636701154.562500
0.27770000000000006,0.022000000000000002,0.055600000000000004,456774636701154.562500
0.27771,0.0228,0.058,456774636701154.562500
0.2777200000000001,0.0204,0.054,456774636701154.562500
0.27773000000000003,0.0228,0.056400000000000006,456774636701154.562500
0.2777400000000001,0.0204,0.058,456774636701154.562500
0.27775000000000005,0.0236,0.055600000000000004,456774636701154.562500
0.2777600000000001,0.0236,0.058,456774636701154.562500
0.2777700000000001,0.022000000000000002,0.0548,456774636701154.562500
0.27778,0.0164,0.054,456774636701154.562500
0.2777900000000001,0.022000000000000002,0.0572,456774636701154.562500
0.27780000000000005,0.0236,0.053200000000000004,456774636701154.562500
0.2778100000000001,0.0196,0.0572,456774636701154.562500
0.27782000000000007,0.0244,0.0548,456774636701154.562500
0.27783,0.0204,0.05,456774636701154.562500
0.2778400000000001,0.026000000000000002,0.0572,456774636701154.562500
0.27785000000000004,0.0244,0.0548,456774636701154.562500
0.2778600000000001,0.0228,0.0548,456774636701154.562500
0.27787000000000006,0.0236,0.055600000000000004,456774636701154.562500
0.27788,0.0244,0.0444,456774636701154.562500
0.2778900000000001,0.0244,0.056400000000000006,456774636701154.562500
0.27790000000000004,0.0228,0.0524,456774636701154.562500
0.2779100000000001,0.0236,0.0572,456774636701154.562500
0.27792000000000006,0.0244,0.0468,456774636701154.562500
0.27793,0.0244,0.0572,456774636701154.562500
0.2779400000000001,0.0212,0.053200000000000004,456774636701154.562500
0.27795000000000003,0.0236,0.056400000000000006,456774636701154.562500
0.2779600000000001,0.0236,0.055600000000000004,456774636701154.562500
0.27797000000000005,0.0196,0.058,456774636701154.562500
0.2779800000000001,0.0228,0.0572,456774636701154.562500
0.27799000000000007,0.018000000000000002,0.0476,456774636701154.562500
0.278,0.022000000000000002,0.055600000000000004,456774636701154.562500
0.2780100000000001,0.022000000000000002,0.054,456774636701154.562500
0.27802000000000004,0.0228,0.054,456774636701154.562500
0.2780300000000001,0.0236,0.056400000000000006,456774636701154.562500
0.27804000000000006,0.0196,0.0572,456774636701154.562500
0.27805,0.0204,0.0548,456774636701154.562500
0.2780600000000001,0.022000000000000002,0.058,456774636701154.562500
0.27807000000000004,0.0204,0.0548,456774636701154.562500
0.2780800000000001,0.0204,0.058,456774636701154.562500
0.27809000000000006,0.022000000000000002,0.055600000000000004,456774636701154.562500
0.2781,0.0244,0.056400000000000006,456774636701154.562500
0.2781100000000001,0.022000000000000002,0.0524,456774636701154.562500
0.27812000000000003,0.0236,0.058,456774636701154.562500
0.2781300000000001,0.0236,0.056400000000000006,456774636701154.562500
0.27814000000000005,0.0228,0.058,456774636701154.562500
0.27815,0.0212,0.054,456774636701154.562500
0.2781600000000001,0.0244,0.056400000000000006,456774636701154.562500
0.27817000000000003,0.0204,0.0492,456774636701154.562500
0.2781800000000001,0.0228,0.058,456774636701154.562500
0.27819000000000005,0.0252,0.0548,456774636701154.562500
0.2782000000000001,0.0268,0.056400000000000006,456774636701154.562500
0.27821000000000007,0.0244,0.0572,456774636701154.562500
0.27822,0.0244,0.0548,456774636701154.562500
0.2782300000000001,0.0228,0.058,456774636701154.562500
0.27824000000000004,0.022000000000000002,0.0548,456774636701154.562500
0.2782500000000001,0.0252,0.058800000000000005,456774636701154.562500
0.27826000000000006,0.0188,0.058,456774636701154.562500
0.27827,0.0228,0.0516,456774636701154.562500
0.2782800000000001,0.0212,0.055600000000000004,456774636701154.562500
0.27829000000000004,0.022000000000000002,0.058,456774636701154.562500
0.2783000000000001,0.0196,0.0476,456774636701154.562500
0.27831000000000006,0.022000000000000002,0.056400000000000006,456774636701154.562500
0.27832,0.0212,0.0516,456774636701154.562500
0.2783300000000001,0.022000000000000002,0.054,456774636701154.562500
0.27834000000000003,0.022000000000000002,0.056400000000000006,456774636701154.562500
0.2783500000000001,0.0188,0.0572,456774636701154.562500
0.27836000000000005,0.0228,0.0572,456774636701154.562500
0.2783700000000001,0.018000000000000002,0.055600000000000004,456774636701154.562500
0.27838000000000007,0.0228,0.056400000000000006,456774636701154.562500
0.27839,0.0228,0.058,456774636701154.562500
0.2784000000000001,0.0244,0.0572,456774636701154.562500
0.27841000000000005,0.0204,0.058800000000000005,456774636701154.562500
0.2784200000000001,0.0228,0.056400000000000006,456774636701154.562500
0.27843000000000007,0.0244,0.054,456774636701154.562500
0.27844,0.0228,0.058,456774636701154.562500
0.2784500000000001,0.0228,0.058,456774636701154.562500
0.27846000000000004,0.022000000000000002,0.056400000000000006,456774636701154.562500
0.2784700000000001,0.0188,0.055600000000000004,456774636701154.562500
0.27848000000000006,0.0252,0.056400000000000006,456774636701154.562500
0.27849,0.0244,0.0572,456774636701154.562500
0.2785000000000001,0.022000000000000002,0.055600000000000004,456774636701154.562500
0.27851000000000004,0.0252,0.058,456774636701154.562500
0.2785200000000001,0.022000000000000002,0.0572,456774636701154.562500
0.27853000000000006,0.0228,0.058,456774636701154.562500
0.27854,0.022000000000000002,0.0548,456774636701154.562500
0.2785500000000001,0.0236,0.0572,456774636701154.562500
0.27856000000000003,0.022000000000000002,0.053200000000000004,456774636701154.562500
0.2785700000000001,0.0236,0.0548,456774636701154.562500
0.27858000000000005,0.0212,0.055600000000000004,456774636701154.562500
0.2785900000000001,0.0236,0.054,456774636701154.562500
0.27860000000000007,0.0212,0.0444,456774636701154.562500
0.27861,0.0228,0.054,456774636701154.562500
0.2786200000000001,0.0236,0.055600000000000004,456774636701154.562500
0.27863000000000004,0.0228,0.056400000000000006,456774636701154.562500
0.2786400000000001,0.018000000000000002,0.056400000000000006,456774636701154.562500
0.27865000000000006,0.0236,0.053200000000000004,456774636701154.562500
0.27866,0.0228,0.056400000000000006,456774636701154.562500
0.2786700000000001,0.0212,0.055600000000000004,456774636701154.562500
0.27868000000000004,0.0228,0.054,456774636701154.562500
0.2786900000000001,0.0204,0.0516,456774636701154.562500
0.27870000000000006,0.0212,0.056400000000000006,456774636701154.562500
0.27871,0.0212,0.05,456774636701154.562500
0.2787200000000001,0.0228,0.056400000000000006,456774636701154.562500
0.27873000000000003,0.022000000000000002,0.0548,456774636701154.562500
0.2787400000000001,0.0236,0.056400000000000006,456774636701154.562500
0.27875000000000005,0.0212,0.056400000000000006,456774636701154.562500
0.2787600000000001,0.0244,0.0572,456774636701154.562500
0.2787700000000001,0.0204,0.056400000000000006,456774636701154.562500
0.27878000000000003,0.0236,0.0572,456774636701154.562500
0.2787900000000001,0.0236,0.053200000000000004,456774636701154.562500
0.27880000000000005,0.026000000000000002,0.058,456774636701154.562500
0.2788100000000001,0.0236,0.056400000000000006,456774636701154.562500
0.27882000000000007,0.0244,0.058,456774636701154.562500
0.27883,0.0252,0.0572,456774636701154.562500
0.2788400000000001,0.0236,0.046,456774636701154.562500
0.27885000000000004,0.0252,0.058,456774636701154.562500
0.2788600000000001,0.0244,0.05,456774636701154.562500
0.27887000000000006,0.0244,0.055600000000000004,456774636701154.562500
0.27888,0.0244,0.045200000000000004,456774636701154.562500
0.2788900000000001,0.0236,0.054,456774636701154.562500
0.27890000000000004,0.0252,0.0516,456774636701154.562500
0.2789100000000001,0.0236,0.058800000000000005,456774636701154.562500
0.27892000000000006,0.0204,0.058,456774636701154.562500
0.27893,0.0252,0.056400000000000006,456774636701154.562500
0.2789400000000001,0.0196,0.055600000000000004,456774636701154.562500
0.27895000000000003,0.022000000000000002,0.053200000000000004,456774636701154.562500
0.2789600000000001,0.0196,0.055600000000000004,456774636701154.562500
0.27897000000000005,0.022000000000000002,0.055600000000000004,456774636701154.562500
0.2789800000000001,0.0236,0.055600000000000004,456774636701154.562500
0.27899000000000007,0.0236,0.0548,456774636701154.562500
0.279,0.0204,0.054,456774636701154.562500
0.2790100000000001,0.0244,0.056400000000000006,456774636701154.562500
0.27902000000000005,0.0228,0.055600000000000004,456774636701154.562500
0.2790300000000001,0.0244,0.0572,456774636701154.562500
0.27904000000000007,0.022000000000000002,0.054,456774636701154.562500
0.27905,0.0236,0.05,456774636701154.562500
0.2790600000000001,0.0244,0.055600000000000004,456774636701154.562500
0.27907000000000004,0.0236,0.058,456774636701154.562500
0.2790800000000001,0.0252,0.0572,456774636701154.562500
0.27909000000000006,0.0236,0.0516,456774636701154.562500
0.2791,0.0228,0.058800000000000005,456774636701154.562500
0.2791100000000001,0.0252,0.0492,456774636701154.562500
0.27912000000000003,0.0252,0.058,456774636701154.562500
0.2791300000000001,0.0244,0.056400000000000006,456774636701154.562500
0.27914000000000005,0.0236,0.055600000000000004,456774636701154.562500
0.27915,0.0236,0.0492,456774636701154.562500
0.2791600000000001,0.0204,0.058,456774636701154.562500
0.27917000000000003,0.0236,0.0444,456774636701154.562500
0.2791800000000001,0.0172,0.058,456774636701154.562500
0.27919000000000005,0.0212,0.0516,456774636701154.562500
0.2792000000000001,0.022000000000000002,0.054,456774636701154.562500
0.27921000000000007,0.0228,0.0524,456774636701154.562500
0.27922,0.0228,0.054,456774636701154.562500
0.2792300000000001,0.022000000000000002,0.055600000000000004,456774636701154.562500
0.27924000000000004,0.0228,0.0572,456774636701154.562500
0.2792500000000001,0.0188,0.056400000000000006,456774636701154.562500
0.27926000000000006,0.0236,0.0516,456774636701154.562500
0.27927,0.0196,0.058,456774636701154.562500
0.2792800000000001,0.022000000000000002,0.058800000000000005,456774636701154.562500
0.27929000000000004,0.0212,0.054,456774636701154.562500
0.2793000000000001,0.0228,0.054,456774636701154.562500
0.27931000000000006,0.0228,0.0524,456774636701154.562500
0.27932,0.0204,0.0468,456774636701154.562500
0.2793300000000001,0.0228,0.048400000000000006,456774636701154.562500
0.27934000000000003,0.0236,0.056400000000000006,456774636701154.562500
0.2793500000000001,0.022000000000000002,0.0572,456774636701154.562500
0.27936000000000005,0.0228,0.058800000000000005,456774636701154.562500
0.2793700000000001,0.0236,0.056400000000000006,456774636701154.562500
0.2793800000000001,0.0252,0.056400000000000006,456774636701154.562500
0.27939,0.0172,0.053200000000000004,456774636701154.562500
0.2794000000000001,0.0212,0.0572,456774636701154.562500
0.27941000000000005,0.0228,0.0572,456774636701154.562500
0.2794200000000001,0.0268,0.055600000000000004,456774636701154.562500
0.27943000000000007,0.022000000000000002,0.058,456774636701154.562500
0.27944,0.026000000000000002,0.048400000000000006,456774636701154.562500
0.2794500000000001,0.0252,0.0548,456774636701154.562500
0.27946000000000004,0.0244,0.054,456774636701154.562500
0.2794700000000001,0.0244,0.055600000000000004,456774636701154.562500
0.27948000000000006,0.0244,0.0548,456774636701154.562500
0.27949,0.0212,0.0524,456774636701154.562500
0.2795000000000001,0.0236,0.050800000000000005,456774636701154.562500
0.27951000000000004,0.022000000000000002,0.056400000000000006,456774636701154.562500
0.2795200000000001,0.0228,0.053200000000000004,456774636701154.562500
0.27953000000000006,0.0228,0.055600000000000004,456774636701154.562500
0.27954,0.022000000000000002,0.0572,456774636701154.562500
0.2795500000000001,0.0236,0.05,456774636701154.562500
0.27956000000000003,0.0212,0.056400000000000006,456774636701154.562500
0.2795700000000001,0.022000000000000002,0.058,456774636701154.562500
0.27958000000000005,0.022000000000000002,0.056400000000000006,456774636701154.562500
0.2795900000000001,0.022000000000000002,0.056400000000000006,456774636701154.562500
0.27960000000000007,0.0212,0.055600000000000004,456774636701154.562500
0.27961,0.0228,0.0572,456774636701154.562500
0.2796200000000001,0.0236,0.0572,456774636701154.562500
0.27963000000000005,0.0228,0.056400000000000006,456774636701154.562500
0.2796400000000001,0.0236,0.055600000000000004,456774636701154.562500
0.27965000000000007,0.0236,0.058800000000000005,456774636701154.562500
0.27966,0.0236,0.055600000000000004,456774636701154.562500
0.2796700000000001,0.0236,0.056400000000000006,456774636701154.562500
0.27968000000000004,0.0244,0.056400000000000006,456774636701154.562500
0.2796900000000001,0.0244,0.056400000000000006,456774636701154.562500
0.27970000000000006,0.0164,0.056400000000000006,456774636701154.562500
0.27971,0.0244,0.0548,456774636701154.562500
0.2797200000000001,0.0212,0.055600000000000004,456774636701154.562500
0.27973000000000003,0.0252,0.050800000000000005,456774636701154.562500
0.2797400000000001,0.0212,0.055600000000000004,456774636701154.562500
0.27975000000000005,0.0252,0.055600000000000004,456774636701154.562500
0.27976,0.0236,0.058,456774636701154.562500
0.2797700000000001,0.0236,0.056400000000000006,456774636701154.562500
0.27978000000000003,0.0244,0.058,456774636701154.562500
0.2797900000000001,0.022000000000000002,0.0492,456774636701154.562500
0.27980000000000005,0.0236,0.058,456774636701154.562500
0.2798100000000001,0.0236,0.055600000000000004,456774636701154.562500
0.27982000000000007,0.0252,0.054,456774636701154.562500
0.27983,0.0204,0.0516,456774636701154.562500
0.2798400000000001,0.0228,0.055600000000000004,456774636701154.562500
0.27985000000000004,0.0236,0.054,456774636701154.562500
0.2798600000000001,0.0228,0.055600000000000004,456774636701154.562500
0.27987000000000006,0.0228,0.0572,456774636701154.562500
0.27988,0.0204,0.055600000000000004,456774636701154.562500
0.2798900000000001,0.0228,0.055600000000000004,456774636701154.562500
0.27990000000000004,0.0228,0.0572,456774636701154.562500
0.2799100000000001,0.022000000000000002,0.058,456774636701154.562500
0.27992000000000006,0.022000000000000002,0.055600000000000004,456774636701154.562500
0.27993,0.022000000000000002,0.058,456774636701154.562500
0.2799400000000001,0.0252,0.054,456774636701154.562500
0.27995000000000003,0.0236,0.058800000000000005,456774636701154.562500
0.2799600000000001,0.022000000000000002,0.0572,456774636701154.562500
0.27997000000000005,0.0212,0.056400000000000006,456774636701154.562500
0.2799800000000001,0.0236,0.055600000000000004,456774636701154.562500
0.27999000000000007,0.0244,0.040400000000000005,456774636701154.562500
0.28,0.0228,0.0548,456774636701154.562500
0.2800100000000001,0.0236,0.058,456774636701154.562500
0.28002000000000005,0.0252,0.0572,456774636701154.562500
0.2800300000000001,0.0228,0.0572,456774636701154.562500
0.28004000000000007,0.018000000000000002,0.058800000000000005,456774636701154.562500
0.28005,0.0228,0.0572,456774636701154.562500
0.2800600000000001,0.0212,0.0524,456774636701154.562500
0.28007000000000004,0.0228,0.0572,456774636701154.562500
0.2800800000000001,0.022000000000000002,0.055600000000000004,456774636701154.562500
0.28009000000000006,0.0228,0.0548,456774636701154.562500
0.2801,0.0236,0.055600000000000004,456774636701154.562500
0.2801100000000001,0.0196,0.058,456774636701154.562500
0.28012000000000004,0.022000000000000002,0.053200000000000004,456774636701154.562500
0.2801300000000001,0.0204,0.0572,456774636701154.562500
0.28014000000000006,0.0244,0.056400000000000006,456774636701154.562500
0.28015,0.0212,0.058,456774636701154.562500
0.2801600000000001,0.0236,0.055600000000000004,456774636701154.562500
0.28017000000000003,0.0228,0.056400000000000006,456774636701154.562500
0.2801800000000001,0.0228,0.058,456774636701154.562500
0.28019000000000005,0.0228,0.056400000000000006,456774636701154.562500
0.2802000000000001,0.0228,0.055600000000000004,456774636701154.562500
0.28021000000000007,0.022000000000000002,0.056400000000000006,456774636701154.562500
0.28022,0.0204,0.050800000000000005,456774636701154.562500
0.2802300000000001,0.0236,0.0572,456774636701154.562500
0.28024000000000004,0.0236,0.056400000000000006,456774636701154.562500
0.2802500000000001,0.0228,0.0548,456774636701154.562500
0.28026000000000006,0.0236,0.056400000000000006,456774636701154.562500
0.28027,0.0228,0.056400000000000006,456774636701154.562500
0.2802800000000001,0.0236,0.054,456774636701154.562500
0.28029000000000004,0.0244,0.0572,456774636701154.562500
0.2803000000000001,0.0244,0.0572,456774636701154.562500
0.28031000000000006,0.0236,0.0548,456774636701154.562500
0.28032,0.026000000000000002,0.053200000000000004,456774636701154.562500
0.2803300000000001,0.0204,0.054,456774636701154.562500
0.28034000000000003,0.0236,0.056400000000000006,456774636701154.562500
0.2803500000000001,0.0212,0.058,456774636701154.562500
0.28036000000000005,0.0252,0.056400000000000006,456774636701154.562500
0.2803700000000001,0.022000000000000002,0.050800000000000005,456774636701154.562500
0.2803800000000001,0.0236,0.0572,456774636701154.562500
0.28039000000000003,0.0244,0.056400000000000006,456774636701154.562500
0.2804000000000001,0.0228,0.050800000000000005,456774636701154.562500
0.28041000000000005,0.0228,0.058,456774636701154.562500
0.2804200000000001,0.0228,0.0572,456774636701154.562500
0.28043000000000007,0.0252,0.058,456774636701154.562500
0.28044,0.0228,0.0572,456774636701154.562500
0.2804500000000001,0.022000000000000002,0.056400000000000006,456774636701154.562500
0.28046000000000004,0.0228,0.058,456774636701154.562500
0.2804700000000001,0.0228,0.055600000000000004,456774636701154.562500
0.28048000000000006,0.022000000000000002,0.054,456774636701154.562500
0.28049,0.0212,0.0572,456774636701154.562500
0.2805000000000001,0.022000000000000002,0.0572,456774636701154.562500
0.28051000000000004,0.0228,0.0516,456774636701154.562500
0.2805200000000001,0.022000000000000002,0.0548,456774636701154.562500
0.28053000000000006,0.022000000000000002,0.0548,456774636701154.562500
0.28054,0.0228,0.05,456774636701154.562500
0.2805500000000001,0.0236,0.058,456774636701154.562500
0.28056000000000003,0.0244,0.056400000000000006,456774636701154.562500
0.2805700000000001,0.022000000000000002,0.05,456774636701154.562500
0.28058000000000005,0.026000000000000002,0.0572,456774636701154.562500
0.2805900000000001,0.0244,0.056400000000000006,456774636701154.562500
0.28060000000000007,0.0244,0.056400000000000006,456774636701154.562500
0.28061,0.0236,0.0572,456774636701154.562500
0.2806200000000001,0.0252,0.0548,456774636701154.562500
0.28063000000000005,0.0212,0.056400000000000006,456774636701154.562500
0.2806400000000001,0.0244,0.056400000000000006,456774636701154.562500
0.28065000000000007,0.0212,0.056400000000000006,456774636701154.562500
0.28066,0.0228,0.056400000000000006,456774636701154.562500
0.2806700000000001,0.0236,0.055600000000000004,456774636701154.562500
0.28068000000000004,0.022000000000000002,0.0572,456774636701154.562500
0.2806900000000001,0.0236,0.0572,456774636701154.562500
0.28070000000000006,0.022000000000000002,0.0572,456774636701154.562500
0.28071,0.022000000000000002,0.058,456774636701154.562500
0.2807200000000001,0.022000000000000002,0.056400000000000006,456774636701154.562500
0.28073000000000004,0.0236,0.055600000000000004,456774636701154.562500
0.2807400000000001,0.0212,0.055600000000000004,456774636701154.562500
0.28075000000000006,0.0196,0.056400000000000006,456774636701154.562500
0.28076,0.0228,0.0572,456774636701154.562500
0.2807700000000001,0.022000000000000002,0.058,456774636701154.562500
0.28078000000000003,0.0212,0.0524,456774636701154.562500
0.2807900000000001,0.0204,0.058,456774636701154.562500
0.28080000000000005,0.022000000000000002,0.058,456774636701154.562500
0.2808100000000001,0.0228,0.055600000000000004,456774636701154.562500
0.28082000000000007,0.022000000000000002,0.058,456774636701154.562500
0.28083,0.022000000000000002,0.054,456774636701154.562500
0.2808400000000001,0.0244,0.056400000000000006,456774636701154.562500
0.28085000000000004,0.0244,0.053200000000000004,456774636701154.562500
0.2808600000000001,0.0236,0.058,456774636701154.562500
0.28087000000000006,0.0228,0.058,456774636701154.562500
0.28088,0.0252,0.055600000000000004,456774636701154.562500
0.2808900000000001,0.0244,0.05,456774636701154.562500
0.28090000000000004,0.0228,0.058,456774636701154.562500
0.2809100000000001,0.0244,0.05,456774636701154.562500
0.28092000000000006,0.026000000000000002,0.058,456774636701154.562500
0.28093,0.0252,0.058,456774636701154.562500
0.2809400000000001,0.0236,0.055600000000000004,456774636701154.562500
0.28095000000000003,0.0252,0.055600000000000004,456774636701154.562500
0.2809600000000001,0.0228,0.055600000000000004,456774636701154.562500
0.28097000000000005,0.0252,0.055600000000000004,456774636701154.562500
0.2809800000000001,0.022000000000000002,0.055600000000000004,456774636701154.562500
0.2809900000000001,0.0188,0.053200000000000004,456774636701154.562500
0.281,0.0236,0.0548,456774636701154.562500
0.2810100000000001,0.0236,0.0436,456774636701154.562500
0.28102000000000005,0.0244,0.056400000000000006,456774636701154.562500
0.2810300000000001,0.0228,0.054,456774636701154.562500
0.28104000000000007,0.0236,0.05,456774636701154.562500
0.28105,0.0196,0.0548,456774636701154.562500
0.2810600000000001,0.0204,0.058,456774636701154.562500
0.28107000000000004,0.0148,0.0548,456774636701154.562500
0.2810800000000001,0.0164,0.056400000000000006,456774636701154.562500
0.28109000000000006,0.0164,0.0524,456774636701154.562500
0.2811,0.0228,0.056400000000000006,456774636701154.562500
0.2811100000000001,0.0172,0.053200000000000004,456774636701154.562500
0.28112000000000004,0.0212,0.053200000000000004,456774636701154.562500
0.2811300000000001,0.0204,0.0572,456774636701154.562500
0.28114000000000006,0.022000000000000002,0.0524,456774636701154.562500
0.28115,0.0204,0.0572,456774636701154.562500
0.2811600000000001,0.0212,0.0516,456774636701154.562500
0.28117000000000003,0.018000000000000002,0.058,456774636701154.562500
0.2811800000000001,0.0228,0.0476,456774636701154.562500
0.28119000000000005,0.0236,0.055600000000000004,456774636701154.562500
0.2812000000000001,0.0244,0.0572,456774636701154.562500
0.28121000000000007,0.0236,0.0524,456774636701154.562500
0.28122,0.0204,0.0548,456774636701154.562500
0.2812300000000001,0.0244,0.053200000000000004,456774636701154.562500
0.28124000000000005,0.0236,0.0572,456774636701154.562500
0.2812500000000001,0.0204,0.0572,456774636701154.562500
0.28126000000000007,0.0172,0.055600000000000004,456774636701154.562500
0.28127,0.0236,0.058,456774636701154.562500
0.2812800000000001,0.0188,0.058800000000000005,456774636701154.562500
0.28129000000000004,0.0236,0.055600000000000004,456774636701154.562500
0.2813000000000001,0.0244,0.058,456774636701154.562500
0.28131000000000006,0.0236,0.056400000000000006,456774636701154.562500
0.28132,0.0228,0.058,456774636701154.562500
0.2813300000000001,0.0188,0.056400000000000006,456774636701154.562500
0.28134000000000003,0.0228,0.056400000000000006,456774636701154.562500
0.2813500000000001,0.0196,0.0572,456774636701154.562500
0.28136000000000005,0.022000000000000002,0.0548,456774636701154.562500
0.28137,0.0228,0.0572,456774636701154.562500
0.2813800000000001,0.022000000000000002,0.054,456774636701154.562500
0.28139000000000003,0.022000000000000002,0.054,456774636701154.562500
0.2814000000000001,0.0204,0.056400000000000006,456774636701154.562500
0.28141000000000005,0.0188,0.0516,456774636701154.562500
0.2814200000000001,0.022000000000000002,0.056400000000000006,456774636701154.562500
0.28143000000000007,0.0236,0.055600000000000004,456774636701154.562500
0.28144,0.022000000000000002,0.056400000000000006,456774636701154.562500
0.2814500000000001,0.0228,0.0476,456774636701154.562500
0.28146000000000004,0.0228,0.0548,456774636701154.562500
0.2814700000000001,0.022000000000000002,0.0548,456774636701154.562500
0.28148000000000006,0.022000000000000002,0.055600000000000004,456774636701154.562500
0.28149,0.0236,0.0572,456774636701154.562500
0.2815000000000001,0.022000000000000002,0.0516,456774636701154.562500
0.28151000000000004,0.026000000000000002,0.056400000000000006,456774636701154.562500
0.2815200000000001,0.0244,0.053200000000000004,456774636701154.562500
0.28153000000000006,0.0252,0.0548,456774636701154.562500
0.28154,0.0228,0.055600000000000004,456774636701154.562500
0.2815500000000001,0.0236,0.05,456774636701154.562500
0.28156000000000003,0.0252,0.056400000000000006,456774636701154.562500
0.2815700000000001,0.0252,0.058,456774636701154.562500
0.28158000000000005,0.0236,0.0572,456774636701154.562500
0.2815900000000001,0.0236,0.058,456774636701154.562500
0.2816000000000001,0.0228,0.050800000000000005,456774636701154.562500
0.28161,0.0228,0.0572,456774636701154.562500
0.2816200000000001,0.022000000000000002,0.058,456774636701154.562500
0.28163000000000005,0.022000000000000002,0.0548,456774636701154.562500
0.2816400000000001,0.0236,0.046,456774636701154.562500
0.28165000000000007,0.0228,0.055600000000000004,456774636701154.562500
0.28166,0.022000000000000002,0.0572,456774636701154.562500
0.2816700000000001,0.0212,0.0524,456774636701154.562500
0.28168000000000004,0.022000000000000002,0.0572,456774636701154.562500
0.2816900000000001,0.0236,0.056400000000000006,456774636701154.562500
0.28170000000000006,0.022000000000000002,0.054,456774636701154.562500
0.28171,0.0236,0.055600000000000004,456774636701154.562500
0.2817200000000001,0.0236,0.053200000000000004,456774636701154.562500
0.28173000000000004,0.0236,0.055600000000000004,456774636701154.562500
0.2817400000000001,0.0228,0.054,456774636701154.562500
0.28175000000000006,0.0212,0.054,456774636701154.562500
0.28176,0.0204,0.055600000000000004,456774636701154.562500
0.2817700000000001,0.0228,0.0548,456774636701154.562500
0.28178000000000003,0.0212,0.054,456774636701154.562500
0.2817900000000001,0.0244,0.056400000000000006,456774636701154.562500
0.28180000000000005,0.0212,0.058,456774636701154.562500
0.2818100000000001,0.0236,0.055600000000000004,456774636701154.562500
0.28182000000000007,0.0244,0.048400000000000006,456774636701154.562500
0.28183,0.0268,0.0548,456774636701154.562500
0.2818400000000001,0.0236,0.0516,456774636701154.562500
0.28185000000000004,0.0244,0.054,456774636701154.562500
0.2818600000000001,0.0228,0.056400000000000006,456774636701154.562500
0.28187000000000006,0.0244,0.055600000000000004,456774636701154.562500
0.28188,0.0252,0.0548,456774636701154.562500
0.2818900000000001,0.0252,0.056400000000000006,456774636701154.562500
0.28190000000000004,0.0244,0.0548,456774636701154.562500
0.2819100000000001,0.0236,0.0572,456774636701154.562500
0.28192000000000006,0.0228,0.055600000000000004,456774636701154.562500
0.28193,0.0228,0.0572,456774636701154.562500
0.2819400000000001,0.0236,0.055600000000000004,456774636701154.562500
0.28195000000000003,0.0236,0.053200000000000004,456774636701154.562500
0.2819600000000001,0.022000000000000002,0.055600000000000004,456774636701154.562500
0.28197000000000005,0.0244,0.056400000000000006,456774636701154.562500
0.2819800000000001,0.0212,0.058,456774636701154.562500
0.2819900000000001,0.022000000000000002,0.056400000000000006,456774636701154.562500
0.28200000000000003,0.022000000000000002,0.056400000000000006,456774636701154.562500
0.2820100000000001,0.022000000000000002,0.055600000000000004,456774636701154.562500
0.28202000000000005,0.0212,0.0572,456774636701154.562500
0.2820300000000001,0.0212,0.0572,456774636701154.562500
0.28204000000000007,0.022000000000000002,0.054,456774636701154.562500
0.28205,0.022000000000000002,0.054,456774636701154.562500
0.2820600000000001,0.0236,0.056400000000000006,456774636701154.562500
0.28207000000000004,0.0204,0.055600000000000004,456774636701154.562500
0.2820800000000001,0.0204,0.055600000000000004,456774636701154.562500
0.28209000000000006,0.0252,0.0468,456774636701154.562500
0.2821,0.0228,0.056400000000000006,456774636701154.562500
0.2821100000000001,0.0244,0.0572,456774636701154.562500
0.28212000000000004,0.022000000000000002,0.056400000000000006,456774636701154.562500
0.2821300000000001,0.0244,0.055600000000000004,456774636701154.562500
0.28214000000000006,0.0244,0.0572,456774636701154.562500
0.28215,0.0244,0.058,456774636701154.562500
0.2821600000000001,0.0252,0.0516,456774636701154.562500
0.28217000000000003,0.0244,0.0572,456774636701154.562500
0.2821800000000001,0.0244,0.055600000000000004,456774636701154.562500
0.28219000000000005,0.0252,0.058,456774636701154.562500
0.2822000000000001,0.0236,0.056400000000000006,456774636701154.562500
0.28221000000000007,0.0228,0.0548,456774636701154.562500
0.28222,0.022000000000000002,0.056400000000000006,456774636701154.562500
0.2822300000000001,0.022000000000000002,0.054,456774636701154.562500
0.28224000000000005,0.0204,0.055600000000000004,456774636701154.562500
0.2822500000000001,0.0188,0.056400000000000006,456774636701154.562500
0.28226000000000007,0.0196,0.055600000000000004,456774636701154.562500
0.28227,0.0204,0.056400000000000006,456774636701154.562500
0.2822800000000001,0.0204,0.055600000000000004,456774636701154.562500
0.28229000000000004,0.0212,0.0524,456774636701154.562500
0.2823000000000001,0.022000000000000002,0.058,456774636701154.562500
0.28231000000000006,0.022000000000000002,0.054,456774636701154.562500
0.28232,0.0228,0.055600000000000004,456774636701154.562500
0.2823300000000001,0.018000000000000002,0.042,456774636701154.562500
0.28234000000000004,0.0228,0.0548,456774636701154.562500
0.2823500000000001,0.022000000000000002,0.0492,456774636701154.562500
0.28236000000000006,0.022000000000000002,0.0524,456774636701154.562500
0.28237,0.022000000000000002,0.053200000000000004,456774636701154.562500
0.2823800000000001,0.022000000000000002,0.055600000000000004,456774636701154.562500
0.28239000000000003,0.022000000000000002,0.055600000000000004,456774636701154.562500
0.2824000000000001,0.0236,0.055600000000000004,456774636701154.562500
0.28241000000000005,0.0236,0.055600000000000004,456774636701154.562500
0.2824200000000001,0.026000000000000002,0.0572,456774636701154.562500
0.28243000000000007,0.0236,0.054,456774636701154.562500
0.28244,0.0236,0.056400000000000006,456774636701154.562500
0.2824500000000001,0.0236,0.055600000000000004,456774636701154.562500
0.28246000000000004,0.0236,0.058,456774636701154.562500
0.2824700000000001,0.0172,0.0572,456774636701154.562500
0.28248000000000006,0.0228,0.0524,456774636701154.562500
0.28249,0.0212,0.0548,456774636701154.562500
0.2825000000000001,0.0236,0.055600000000000004,456774636701154.562500
0.28251000000000004,0.0236,0.056400000000000006,456774636701154.562500
0.2825200000000001,0.0236,0.056400000000000006,456774636701154.562500
0.28253000000000006,0.022000000000000002,0.058,456774636701154.562500
0.28254,0.0228,0.054,456774636701154.562500
0.2825500000000001,0.0228,0.056400000000000006,456774636701154.562500
0.28256000000000003,0.022000000000000002,0.053200000000000004,456774636701154.562500
0.2825700000000001,0.022000000000000002,0.056400000000000006,456774636701154.562500
0.28258000000000005,0.0228,0.0572,456774636701154.562500
0.2825900000000001,0.0228,0.0572,456774636701154.562500
0.2826000000000001,0.0172,0.055600000000000004,456774636701154.562500
0.28261000000000003,0.022000000000000002,0.054,456774636701154.562500
0.2826200000000001,0.0212,0.0436,456774636701154.562500
0.28263000000000005,0.0212,0.055600000000000004,456774636701154.562500
0.2826400000000001,0.022000000000000002,0.056400000000000006,456774636701154.562500
0.28265000000000007,0.0188,0.056400000000000006,456774636701154.562500
0.28266,0.0204,0.053200000000000004,456774636701154.562500
0.2826700000000001,0.022000000000000002,0.0548,456774636701154.562500
0.28268000000000004,0.0244,0.056400000000000006,456774636701154.562500
0.2826900000000001,0.0244,0.055600000000000004,456774636701154.562500
0.28270000000000006,0.0236,0.056400000000000006,456774636701154.562500
0.28271,0.022000000000000002,0.054,456774636701154.562500
0.2827200000000001,0.0236,0.056400000000000006,456774636701154.562500
0.28273000000000004,0.0252,0.0572,456774636701154.562500
0.2827400000000001,0.026000000000000002,0.0548,456774636701154.562500
0.28275000000000006,0.0236,0.055600000000000004,456774636701154.562500
0.28276,0.026000000000000002,0.056400000000000006,456774636701154.562500
0.2827700000000001,0.022000000000000002,0.056400000000000006,456774636701154.562500
0.28278000000000003,0.0236,0.0572,456774636701154.562500
0.2827900000000001,0.022000000000000002,0.055600000000000004,456774636701154.562500
0.28280000000000005,0.0228,0.056400000000000006,456774636701154.562500
0.2828100000000001,0.0212,0.0572,456774636701154.562500
0.28282000000000007,0.0244,0.0572,456774636701154.562500
0.28283,0.0244,0.0548,456774636701154.562500
0.2828400000000001,0.0236,0.054,456774636701154.562500
0.28285000000000005,0.0252,0.056400000000000006,456774636701154.562500
0.2828600000000001,0.0244,0.0524,456774636701154.562500
0.28287000000000007,0.0228,0.0572,456774636701154.562500
0.28288,0.0228,0.050800000000000005,456774636701154.562500
0.2828900000000001,0.0228,0.055600000000000004,456774636701154.562500
0.28290000000000004,0.0212,0.0572,456774636701154.562500
0.2829100000000001,0.0212,0.055600000000000004,456774636701154.562500
0.28292000000000006,0.022000000000000002,0.0572,456774636701154.562500
0.28293,0.022000000000000002,0.058,456774636701154.562500
0.2829400000000001,0.0228,0.0476,456774636701154.562500
0.28295000000000003,0.0236,0.054,456774636701154.562500
0.2829600000000001,0.022000000000000002,0.0516,456774636701154.562500
0.28297000000000005,0.0228,0.0572,456774636701154.562500
0.28298,0.022000000000000002,0.0524,456774636701154.562500
0.2829900000000001,0.0236,0.0572,456774636701154.562500
0.28300000000000003,0.0236,0.0548,456774636701154.562500
0.2830100000000001,0.0236,0.055600000000000004,456774636701154.562500
0.28302000000000005,0.0212,0.054,456774636701154.562500
0.2830300000000001,0.0212,0.056400000000000006,456774636701154.562500
0.28304000000000007,0.0252,0.0572,456774636701154.562500
0.28305,0.0228,0.05,456774636701154.562500
0.2830600000000001,0.0236,0.055600000000000004,456774636701154.562500
0.28307000000000004,0.0236,0.055600000000000004,456774636701154.562500
0.2830800000000001,0.026000000000000002,0.058,456774636701154.562500
0.28309000000000006,0.0236,0.0572,456774636701154.562500
0.2831,0.0244,0.055600000000000004,456774636701154.562500
0.2831100000000001,0.0228,0.0524,456774636701154.562500
0.28312000000000004,0.0236,0.054,456774636701154.562500
0.2831300000000001,0.0236,0.0492,456774636701154.562500
0.28314000000000006,0.0188,0.0516,456774636701154.562500
0.28315,0.0188,0.0476,456774636701154.562500
0.2831600000000001,0.0212,0.05,456774636701154.562500
0.28317000000000003,0.022000000000000002,0.0492,456774636701154.562500
0.2831800000000001,0.022000000000000002,0.056400000000000006,456774636701154.562500
0.28319000000000005,0.022000000000000002,0.0516,456774636701154.562500
0.2832000000000001,0.022000000000000002,0.055600000000000004,456774636701154.562500
0.2832100000000001,0.0236,0.05,456774636701154.562500
0.28322,0.022000000000000002,0.056400000000000006,456774636701154.562500
0.2832300000000001,0.022000000000000002,0.0572,456774636701154.562500
0.28324000000000005,0.0228,0.0548,456774636701154.562500
0.2832500000000001,0.022000000000000002,0.055600000000000004,456774636701154.562500
0.28326000000000007,0.0252,0.0548,456774636701154.562500
0.28327,0.0236,0.056400000000000006,456774636701154.562500
0.2832800000000001,0.0228,0.0572,456774636701154.562500
0.28329000000000004,0.0244,0.0572,456774636701154.562500
0.2833000000000001,0.0244,0.054,456774636701154.562500
0.28331000000000006,0.0252,0.056400000000000006,456774636701154.562500
0.28332,0.0244,0.055600000000000004,456774636701154.562500
0.2833300000000001,0.0244,0.058,456774636701154.562500
0.28334000000000004,0.0252,0.058,456774636701154.562500
0.2833500000000001,0.0252,0.058,456774636701154.562500
0.28336000000000006,0.026000000000000002,0.0572,456774636701154.562500
0.28337,0.0244,0.055600000000000004,456774636701154.562500
0.2833800000000001,0.0236,0.056400000000000006,456774636701154.562500
0.28339000000000003,0.026000000000000002,0.053200000000000004,456774636701154.562500
0.2834000000000001,0.0244,0.056400000000000006,456774636701154.562500
0.28341000000000005,0.0252,0.056400000000000006,456774636701154.562500
0.2834200000000001,0.0236,0.058,456774636701154.562500
0.28343000000000007,0.0228,0.056400000000000006,456774636701154.562500
0.28344,0.0236,0.056400000000000006,456774636701154.562500
0.2834500000000001,0.0236,0.0548,456774636701154.562500
0.28346000000000005,0.0228,0.0524,456774636701154.562500
0.2834700000000001,0.0236,0.053200000000000004,456774636701154.562500
0.28348000000000007,0.0228,0.056400000000000006,456774636701154.562500
0.28349,0.0204,0.056400000000000006,456774636701154.562500
0.2835000000000001,0.022000000000000002,0.0572,456774636701154.562500
0.28351000000000004,0.0212,0.055600000000000004,456774636701154.562500
0.2835200000000001,0.022000000000000002,0.056400000000000006,456774636701154.562500
0.28353000000000006,0.0212,0.0572,456774636701154.562500
0.28354,0.0212,0.056400000000000006,456774636701154.562500
0.2835500000000001,0.0196,0.055600000000000004,456774636701154.562500
0.28356000000000003,0.0228,0.056400000000000006,456774636701154.562500
0.2835700000000001,0.022000000000000002,0.053200000000000004,456774636701154.562500
0.28358000000000005,0.022000000000000002,0.0548,456774636701154.562500
0.28359,0.022000000000000002,0.056400000000000006,456774636701154.562500
0.2836000000000001,0.022000000000000002,0.055600000000000004,456774636701154.562500
0.28361000000000003,0.0236,0.056400000000000006,456774636701154.562500
0.2836200000000001,0.0236,0.055600000000000004,456774636701154.562500
0.28363000000000005,0.0204,0.054,456774636701154.562500
0.2836400000000001,0.0236,0.0572,456774636701154.562500
0.28365000000000007,0.0228,0.0572,456774636701154.562500
0.28366,0.0236,0.058,456774636701154.562500
0.2836700000000001,0.0252,0.055600000000000004,456774636701154.562500
0.28368000000000004,0.0236,0.054,456774636701154.562500
0.2836900000000001,0.0228,0.058800000000000005,456774636701154.562500
0.28370000000000006,0.0244,0.0548,456774636701154.562500
0.28371,0.0236,0.056400000000000006,456774636701154.562500
0.2837200000000001,0.0228,0.0572,456774636701154.562500
0.28373000000000004,0.0236,0.054,456774636701154.562500
0.2837400000000001,0.0236,0.055600000000000004,456774636701154.562500
0.28375000000000006,0.0244,0.053200000000000004,456774636701154.562500
0.28376,0.022000000000000002,0.0476,456774636701154.562500
0.2837700000000001,0.0236,0.053200000000000004,456774636701154.562500
0.28378000000000003,0.0228,0.050800000000000005,456774636701154.562500
0.2837900000000001,0.022000000000000002,0.0572,456774636701154.562500
0.28380000000000005,0.0228,0.056400000000000006,456774636701154.562500
0.2838100000000001,0.0236,0.0572,456774636701154.562500
0.28382000000000007,0.022000000000000002,0.056400000000000006,456774636701154.562500
0.28383,0.0228,0.054,456774636701154.562500
0.2838400000000001,0.022000000000000002,0.0524,456774636701154.562500
0.28385000000000005,0.0196,0.0572,456774636701154.562500
0.2838600000000001,0.0204,0.055600000000000004,456774636701154.562500
0.28387000000000007,0.022000000000000002,0.056400000000000006,456774636701154.562500
0.28388,0.022000000000000002,0.056400000000000006,456774636701154.562500
0.2838900000000001,0.018000000000000002,0.056400000000000006,456774636701154.562500
0.28390000000000004,0.0164,0.0572,456774636701154.562500
0.2839100000000001,0.0196,0.055600000000000004,456774636701154.562500
0.28392000000000006,0.0196,0.0572,456774636701154.562500
0.28393,0.022000000000000002,0.055600000000000004,456774636701154.562500
0.2839400000000001,0.0244,0.056400000000000006,456774636701154.562500
0.28395000000000004,0.022000000000000002,0.058,456774636701154.562500
0.2839600000000001,0.0252,0.058,456774636701154.562500
0.28397000000000006,0.0236,0.056400000000000006,456774636701154.562500
0.28398,0.0244,0.055600000000000004,456774636701154.562500
0.2839900000000001,0.0228,0.056400000000000006,456774636701154.562500
0.28400000000000003,0.0252,0.0516,456774636701154.562500
0.2840100000000001,0.0244,0.0572,456774636701154.562500
0.28402000000000005,0.0252,0.056400000000000006,456774636701154.562500
0.2840300000000001,0.022000000000000002,0.0548,456774636701154.562500
0.28404000000000007,0.0236,0.0492,456774636701154.562500
0.28405,0.0204,0.0524,456774636701154.562500
0.2840600000000001,0.0244,0.0412,456774636701154.562500
0.28407000000000004,0.0188,0.0444,456774636701154.562500
0.2840800000000001,0.0244,0.0476,456774636701154.562500
0.28409000000000006,0.0212,0.0572,456774636701154.562500
0.2841,0.022000000000000002,0.0572,456774636701154.562500
0.2841100000000001,0.0228,0.0572,456774636701154.562500
0.28412000000000004,0.0228,0.0548,456774636701154.562500
0.2841300000000001,0.022000000000000002,0.0548,456774636701154.562500
0.28414000000000006,0.022000000000000002,0.0572,456774636701154.562500
0.28415,0.022000000000000002,0.055600000000000004,456774636701154.562500
0.2841600000000001,0.0236,0.0572,456774636701154.562500
0.28417000000000003,0.022000000000000002,0.055600000000000004,456774636701154.562500
0.2841800000000001,0.0228,0.0548,456774636701154.562500
0.28419000000000005,0.0212,0.058,456774636701154.562500
0.2842000000000001,0.0236,0.056400000000000006,456774636701154.562500
0.2842100000000001,0.0236,0.0572,456774636701154.562500
0.28422000000000003,0.0236,0.055600000000000004,456774636701154.562500
0.2842300000000001,0.0228,0.0572,456774636701154.562500
0.28424000000000005,0.022000000000000002,0.0548,456774636701154.562500
0.2842500000000001,0.0252,0.058800000000000005,456774636701154.562500
0.28426000000000007,0.0244,0.056400000000000006,456774636701154.562500
0.28427,0.026000000000000002,0.056400000000000006,456774636701154.562500
0.2842800000000001,0.0236,0.055600000000000004,456774636701154.562500
0.28429000000000004,0.0244,0.055600000000000004,456774636701154.562500
0.2843000000000001,0.0196,0.0572,456774636701154.562500
0.28431000000000006,0.0244,0.058,456774636701154.562500
0.28432,0.0244,0.054,456774636701154.562500
0.2843300000000001,0.0212,0.0516,456774636701154.562500
0.28434000000000004,0.0252,0.0516,456774636701154.562500
0.2843500000000001,0.022000000000000002,0.05,456774636701154.562500
0.28436000000000006,0.022000000000000002,0.05,456774636701154.562500
0.28437,0.0196,0.042800000000000005,456774636701154.562500
0.2843800000000001,0.0236,0.048400000000000006,456774636701154.562500
0.28439000000000003,0.022000000000000002,0.0436,456774636701154.562500
0.2844000000000001,0.0228,0.0572,456774636701154.562500
0.28441000000000005,0.022000000000000002,0.0524,456774636701154.562500
0.2844200000000001,0.0228,0.058,456774636701154.562500
0.28443000000000007,0.022000000000000002,0.055600000000000004,456774636701154.562500
0.28444,0.0212,0.056400000000000006,456774636701154.562500
0.2844500000000001,0.022000000000000002,0.0516,456774636701154.562500
0.28446000000000005,0.0228,0.055600000000000004,456774636701154.562500
0.2844700000000001,0.0204,0.056400000000000006,456774636701154.562500
0.28448000000000007,0.0204,0.056400000000000006,456774636701154.562500
0.28449,0.022000000000000002,0.056400000000000006,456774636701154.562500
0.2845000000000001,0.0236,0.056400000000000006,456774636701154.562500
0.28451000000000004,0.0204,0.05,456774636701154.562500
0.2845200000000001,0.0212,0.058,456774636701154.562500
0.28453000000000006,0.0244,0.056400000000000006,456774636701154.562500
0.28454,0.0244,0.0572,456774636701154.562500
0.2845500000000001,0.0236,0.056400000000000006,456774636701154.562500
0.28456000000000004,0.0236,0.056400000000000006,456774636701154.562500
0.2845700000000001,0.0236,0.055600000000000004,456774636701154.562500
0.28458000000000006,0.0228,0.055600000000000004,456774636701154.562500
0.28459,0.0244,0.0548,456774636701154.562500
0.2846000000000001,0.0236,0.055600000000000004,456774636701154.562500
0.28461000000000003,0.0252,0.0572,456774636701154.562500
0.2846200000000001,0.0228,0.054,456774636701154.562500
0.28463000000000005,0.0236,0.056400000000000006,456774636701154.562500
0.2846400000000001,0.0244,0.055600000000000004,456774636701154.562500
0.28465000000000007,0.0228,0.055600000000000004,456774636701154.562500
0.28466,0.022000000000000002,0.0572,456774636701154.562500
0.2846700000000001,0.0228,0.05,456774636701154.562500
0.28468000000000004,0.022000000000000002,0.0492,456774636701154.562500
0.2846900000000001,0.0236,0.0524,456774636701154.562500
0.28470000000000006,0.022000000000000002,0.0572,456774636701154.562500
0.28471,0.0236,0.056400000000000006,456774636701154.562500
0.2847200000000001,0.022000000000000002,0.056400000000000006,456774636701154.562500
0.28473000000000004,0.0212,0.056400000000000006,456774636701154.562500
0.2847400000000001,0.0204,0.055600000000000004,456774636701154.562500
0.28475000000000006,0.0212,0.0572,456774636701154.562500
0.28476,0.022000000000000002,0.0572,456774636701154.562500
0.2847700000000001,0.022000000000000002,0.0548,456774636701154.562500
0.28478000000000003,0.0228,0.0572,456774636701154.562500
0.2847900000000001,0.0228,0.056400000000000006,456774636701154.562500
0.28480000000000005,0.0228,0.0572,456774636701154.562500
0.2848100000000001,0.0228,0.055600000000000004,456774636701154.562500
0.2848200000000001,0.0244,0.056400000000000006,456774636701154.562500
0.28483,0.022000000000000002,0.055600000000000004,456774636701154.562500
0.2848400000000001,0.0244,0.056400000000000006,456774636701154.562500
0.28485000000000005,0.0236,0.058,456774636701154.562500
0.2848600000000001,0.0228,0.056400000000000006,456774636701154.562500
0.28487000000000007,0.0236,0.055600000000000004,456774636701154.562500
0.28488,0.0228,0.055600000000000004,456774636701154.562500
0.2848900000000001,0.0244,0.0572,456774636701154.562500
0.28490000000000004,0.026000000000000002,0.0572,456774636701154.562500
0.2849100000000001,0.0228,0.058,456774636701154.562500
0.28492000000000006,0.0244,0.055600000000000004,456774636701154.562500
0.28493,0.0244,0.055600000000000004,456774636701154.562500
0.2849400000000001,0.0236,0.055600000000000004,456774636701154.562500
0.28495000000000004,0.0212,0.0548,456774636701154.562500
0.2849600000000001,0.022000000000000002,0.0548,456774636701154.562500
0.28497000000000006,0.0244,0.0572,456774636701154.562500
0.28498,0.0244,0.056400000000000006,456774636701154.562500
0.2849900000000001,0.0228,0.056400000000000006,456774636701154.562500
0.28500000000000003,0.0228,0.056400000000000006,456774636701154.562500
0.2850100000000001,0.0228,0.0572,456774636701154.562500
0.28502000000000005,0.022000000000000002,0.0572,456774636701154.562500
0.2850300000000001,0.022000000000000002,0.058800000000000005,456774636701154.562500
0.28504000000000007,0.022000000000000002,0.058,456774636701154.562500
0.28505,0.022000000000000002,0.056400000000000006,456774636701154.562500
0.2850600000000001,0.0228,0.058,456774636701154.562500
0.28507000000000005,0.0212,0.058,456774636701154.562500
0.2850800000000001,0.022000000000000002,0.056400000000000006,456774636701154.562500
0.28509000000000007,0.0212,0.0572,456774636701154.562500
0.2851,0.0228,0.056400000000000006,456774636701154.562500
0.2851100000000001,0.0236,0.056400000000000006,456774636701154.562500
0.28512000000000004,0.0236,0.056400000000000006,456774636701154.562500
0.2851300000000001,0.0244,0.058,456774636701154.562500
0.28514000000000006,0.0228,0.055600000000000004,456774636701154.562500
0.28515,0.022000000000000002,0.056400000000000006,456774636701154.562500
0.2851600000000001,0.0252,0.055600000000000004,456774636701154.562500
0.28517000000000003,0.0228,0.058,456774636701154.562500
0.2851800000000001,0.0244,0.0572,456774636701154.562500
0.28519000000000005,0.0252,0.0572,456774636701154.562500
0.2852,0.0244,0.056400000000000006,456774636701154.562500
0.2852100000000001,0.0236,0.0524,456774636701154.562500
0.28522000000000003,0.0236,0.055600000000000004,456774636701154.562500
0.2852300000000001,0.022000000000000002,0.056400000000000006,456774636701154.562500
0.28524000000000005,0.0244,0.058,456774636701154.562500
0.2852500000000001,0.0212,0.0572,456774636701154.562500
0.28526000000000007,0.0236,0.056400000000000006,456774636701154.562500
0.28527,0.022000000000000002,0.0572,456774636701154.562500
0.2852800000000001,0.0228,0.0572,456774636701154.562500
0.28529000000000004,0.0228,0.058,456774636701154.562500
0.2853000000000001,0.0228,0.056400000000000006,456774636701154.562500
0.28531000000000006,0.0228,0.058,456774636701154.562500
0.28532,0.0244,0.0572,456774636701154.562500
0.2853300000000001,0.0236,0.054,456774636701154.562500
0.28534000000000004,0.0212,0.055600000000000004,456774636701154.562500
0.2853500000000001,0.0236,0.056400000000000006,456774636701154.562500
0.28536000000000006,0.022000000000000002,0.056400000000000006,456774636701154.562500
0.28537,0.022000000000000002,0.054,456774636701154.562500
0.2853800000000001,0.0228,0.054,456774636701154.562500
0.28539000000000003,0.022000000000000002,0.053200000000000004,456774636701154.562500
0.2854000000000001,0.0228,0.0524,456774636701154.562500
0.28541000000000005,0.0204,0.0476,456774636701154.562500
0.2854200000000001,0.0244,0.0524,456774636701154.562500
0.2854300000000001,0.0228,0.056400000000000006,456774636701154.562500
0.28544,0.0252,0.056400000000000006,456774636701154.562500
0.2854500000000001,0.026000000000000002,0.056400000000000006,456774636701154.562500
0.28546000000000005,0.0236,0.0572,456774636701154.562500
0.2854700000000001,0.0236,0.055600000000000004,456774636701154.562500
0.28548000000000007,0.0236,0.0572,456774636701154.562500
0.28549,0.0244,0.054,456774636701154.562500
0.2855000000000001,0.0236,0.058,456774636701154.562500
0.28551000000000004,0.0236,0.056400000000000006,456774636701154.562500
0.2855200000000001,0.0244,0.058,456774636701154.562500
0.28553000000000006,0.0236,0.058,456774636701154.562500
0.28554,0.0244,0.058,456774636701154.562500
0.2855500000000001,0.018000000000000002,0.056400000000000006,456774636701154.562500
0.28556000000000004,0.0212,0.058,456774636701154.562500
0.2855700000000001,0.022000000000000002,0.058800000000000005,456774636701154.562500
0.28558000000000006,0.0244,0.05,456774636701154.562500
0.28559,0.0236,0.0572,456774636701154.562500
0.2856000000000001,0.0236,0.058,456774636701154.562500
0.28561000000000003,0.0236,0.0548,456774636701154.562500
0.2856200000000001,0.0236,0.058,456774636701154.562500
0.28563000000000005,0.0228,0.056400000000000006,456774636701154.562500
0.2856400000000001,0.0228,0.056400000000000006,456774636701154.562500
0.28565000000000007,0.0212,0.05,456774636701154.562500
0.28566,0.0228,0.045200000000000004,456774636701154.562500
0.2856700000000001,0.0212,0.055600000000000004,456774636701154.562500
0.28568000000000005,0.0204,0.056400000000000006,456774636701154.562500
0.2856900000000001,0.022000000000000002,0.0572,456774636701154.562500
0.28570000000000007,0.0228,0.0572,456774636701154.562500
0.28571,0.022000000000000002,0.056400000000000006,456774636701154.562500
0.2857200000000001,0.0204,0.0524,456774636701154.562500
0.28573000000000004,0.022000000000000002,0.054,456774636701154.562500
0.2857400000000001,0.0196,0.0524,456774636701154.562500
0.28575000000000006,0.018000000000000002,0.0548,456774636701154.562500
0.28576,0.022000000000000002,0.0572,456774636701154.562500
0.2857700000000001,0.0228,0.054,456774636701154.562500
0.28578000000000003,0.0228,0.054,456774636701154.562500
0.2857900000000001,0.0244,0.0524,456774636701154.562500
0.28580000000000005,0.0244,0.055600000000000004,456774636701154.562500
0.2858100000000001,0.0236,0.058,456774636701154.562500
0.2858200000000001,0.0244,0.055600000000000004,456774636701154.562500
0.28583000000000003,0.0236,0.055600000000000004,456774636701154.562500
0.2858400000000001,0.0228,0.055600000000000004,456774636701154.562500
0.28585000000000005,0.0252,0.054,456774636701154.562500
0.2858600000000001,0.0236,0.056400000000000006,456774636701154.562500
0.28587000000000007,0.0244,0.058,456774636701154.562500
0.28588,0.0244,0.0524,456774636701154.562500
0.2858900000000001,0.0236,0.0572,456774636701154.562500
0.28590000000000004,0.0236,0.058,456774636701154.562500
0.2859100000000001,0.0212,0.0572,456774636701154.562500
0.28592000000000006,0.0204,0.053200000000000004,456774636701154.562500
0.28593,0.022000000000000002,0.0548,456774636701154.562500
0.2859400000000001,0.0236,0.0516,456774636701154.562500
0.28595000000000004,0.0212,0.056400000000000006,456774636701154.562500
0.2859600000000001,0.0228,0.0524,456774636701154.562500
0.28597000000000006,0.022000000000000002,0.0572,456774636701154.562500
0.28598,0.0236,0.0572,456774636701154.562500
0.2859900000000001,0.022000000000000002,0.058,456774636701154.562500
0.28600000000000003,0.022000000000000002,0.058,456774636701154.562500
0.2860100000000001,0.0228,0.058,456774636701154.562500
0.28602000000000005,0.0196,0.058,456774636701154.562500
0.2860300000000001,0.0228,0.0572,456774636701154.562500
0.28604000000000007,0.0244,0.056400000000000006,456774636701154.562500
0.28605,0.0228,0.055600000000000004,456774636701154.562500
0.2860600000000001,0.0236,0.056400000000000006,456774636701154.562500
0.28607000000000005,0.0236,0.055600000000000004,456774636701154.562500
0.2860800000000001,0.026000000000000002,0.055600000000000004,456774636701154.562500
0.28609000000000007,0.0228,0.056400000000000006,456774636701154.562500
0.2861,0.0244,0.055600000000000004,456774636701154.562500
0.2861100000000001,0.0244,0.056400000000000006,456774636701154.562500
0.28612000000000004,0.0244,0.0468,456774636701154.562500
0.2861300000000001,0.0228,0.054,456774636701154.562500
0.28614000000000006,0.026000000000000002,0.055600000000000004,456774636701154.562500
0.28615,0.0236,0.058,456774636701154.562500
0.2861600000000001,0.0252,0.0572,456774636701154.562500
0.28617000000000004,0.0236,0.056400000000000006,456774636701154.562500
0.2861800000000001,0.0236,0.0516,456774636701154.562500
0.28619000000000006,0.0212,0.056400000000000006,456774636701154.562500
0.2862,0.0212,0.056400000000000006,456774636701154.562500
0.2862100000000001,0.022000000000000002,0.0572,456774636701154.562500
0.28622000000000003,0.018000000000000002,0.055600000000000004,456774636701154.562500
0.2862300000000001,0.0196,0.0572,456774636701154.562500
0.28624000000000005,0.022000000000000002,0.0548,456774636701154.562500
0.2862500000000001,0.0212,0.055600000000000004,456774636701154.562500
0.28626000000000007,0.022000000000000002,0.056400000000000006,456774636701154.562500
0.28627,0.0228,0.0572,456774636701154.562500
0.2862800000000001,0.022000000000000002,0.054,456774636701154.562500
0.28629000000000004,0.0244,0.0468,456774636701154.562500
0.2863000000000001,0.022000000000000002,0.0492,456774636701154.562500
0.28631000000000006,0.0236,0.0492,456774636701154.562500
0.28632,0.0196,0.0524,456774636701154.562500
0.2863300000000001,0.0236,0.0476,456774636701154.562500
0.28634000000000004,0.0212,0.042,456774636701154.562500
0.2863500000000001,0.0228,0.055600000000000004,456774636701154.562500
0.28636000000000006,0.0244,0.056400000000000006,456774636701154.562500
0.28637,0.0212,0.053200000000000004,456774636701154.562500
0.2863800000000001,0.0244,0.056400000000000006,456774636701154.562500
0.28639000000000003,0.0204,0.0548,456774636701154.562500
0.2864000000000001,0.0252,0.0572,456774636701154.562500
0.28641000000000005,0.0236,0.0572,456774636701154.562500
0.2864200000000001,0.0244,0.055600000000000004,456774636701154.562500
0.2864300000000001,0.0236,0.053200000000000004,456774636701154.562500
0.28644000000000003,0.0228,0.0572,456774636701154.562500
0.2864500000000001,0.0244,0.058,456774636701154.562500
0.28646000000000005,0.0188,0.054,456774636701154.562500
0.2864700000000001,0.0228,0.058,456774636701154.562500
0.28648000000000007,0.0244,0.0548,456774636701154.562500
0.28649,0.0252,0.0572,456774636701154.562500
0.2865000000000001,0.0212,0.0492,456774636701154.562500
0.28651000000000004,0.022000000000000002,0.0572,456774636701154.562500
0.2865200000000001,0.0228,0.056400000000000006,456774636701154.562500
0.28653000000000006,0.022000000000000002,0.056400000000000006,456774636701154.562500
0.28654,0.0228,0.056400000000000006,456774636701154.562500
0.2865500000000001,0.022000000000000002,0.056400000000000006,456774636701154.562500
0.28656000000000004,0.0212,0.058,456774636701154.562500
0.2865700000000001,0.0236,0.055600000000000004,456774636701154.562500
0.28658000000000006,0.0228,0.054,456774636701154.562500
0.28659,0.0228,0.058,456774636701154.562500
0.2866000000000001,0.022000000000000002,0.055600000000000004,456774636701154.562500
0.28661000000000003,0.0228,0.055600000000000004,456774636701154.562500
0.2866200000000001,0.022000000000000002,0.054,456774636701154.562500
0.28663000000000005,0.0212,0.058,456774636701154.562500
0.2866400000000001,0.022000000000000002,0.055600000000000004,456774636701154.562500
0.28665000000000007,0.0236,0.056400000000000006,456774636701154.562500
0.28666,0.0212,0.0548,456774636701154.562500
0.2866700000000001,0.0244,0.058,456774636701154.562500
0.28668000000000005,0.0196,0.058,456774636701154.562500
0.2866900000000001,0.0252,0.056400000000000006,456774636701154.562500
0.28670000000000007,0.0204,0.056400000000000006,456774636701154.562500
0.28671,0.0252,0.0572,456774636701154.562500
0.2867200000000001,0.022000000000000002,0.0548,456774636701154.562500
0.28673000000000004,0.026000000000000002,0.056400000000000006,456774636701154.562500
0.2867400000000001,0.0228,0.056400000000000006,456774636701154.562500
0.28675000000000006,0.0228,0.058,456774636701154.562500
0.28676,0.0228,0.0548,456774636701154.562500
0.2867700000000001,0.022000000000000002,0.0548,456774636701154.562500
0.28678000000000003,0.0212,0.056400000000000006,456774636701154.562500
0.2867900000000001,0.0228,0.056400000000000006,456774636701154.562500
0.28680000000000005,0.0244,0.056400000000000006,456774636701154.562500
0.28681,0.0236,0.055600000000000004,456774636701154.562500
0.2868200000000001,0.0228,0.056400000000000006,456774636701154.562500
0.28683000000000003,0.0236,0.056400000000000006,456774636701154.562500
0.2868400000000001,0.0228,0.0548,456774636701154.562500
0.28685000000000005,0.022000000000000002,0.048400000000000006,456774636701154.562500
0.2868600000000001,0.0204,0.056400000000000006,456774636701154.562500
0.28687000000000007,0.0228,0.056400000000000006,456774636701154.562500
0.28688,0.0228,0.0572,456774636701154.562500
0.2868900000000001,0.0228,0.050800000000000005,456774636701154.562500
0.28690000000000004,0.0228,0.0548,456774636701154.562500
0.2869100000000001,0.022000000000000002,0.0516,456774636701154.562500
0.28692000000000006,0.0236,0.0516,456774636701154.562500
0.28693,0.0204,0.058,456774636701154.562500
0.2869400000000001,0.022000000000000002,0.056400000000000006,456774636701154.562500
0.28695000000000004,0.0236,0.055600000000000004,456774636701154.562500
0.2869600000000001,0.0228,0.058,456774636701154.562500
0.28697000000000006,0.0228,0.056400000000000006,456774636701154.562500
0.28698,0.0196,0.058,456774636701154.562500
0.2869900000000001,0.0228,0.056400000000000006,456774636701154.562500
0.28700000000000003,0.0228,0.0572,456774636701154.562500
0.2870100000000001,0.0252,0.058,456774636701154.562500
0.28702000000000005,0.0236,0.054,456774636701154.562500
0.2870300000000001,0.026000000000000002,0.056400000000000006,456774636701154.562500
0.2870400000000001,0.0236,0.0524,456774636701154.562500
0.28705,0.0244,0.056400000000000006,456774636701154.562500
0.2870600000000001,0.0252,0.0572,456774636701154.562500
0.28707000000000005,0.0252,0.0548,456774636701154.562500
0.2870800000000001,0.0212,0.0572,456774636701154.562500
0.28709000000000007,0.0236,0.056400000000000006,456774636701154.562500
0.2871,0.0236,0.056400000000000006,456774636701154.562500
0.2871100000000001,0.0236,0.056400000000000006,456774636701154.562500
0.28712000000000004,0.0236,0.0524,456774636701154.562500
0.2871300000000001,0.0228,0.053200000000000004,456774636701154.562500
0.28714000000000006,0.022000000000000002,0.056400000000000006,456774636701154.562500
0.28715,0.0228,0.0516,456774636701154.562500
0.2871600000000001,0.0228,0.0572,456774636701154.562500
0.28717000000000004,0.0204,0.0516,456774636701154.562500
0.2871800000000001,0.0228,0.0548,456774636701154.562500
0.28719000000000006,0.0228,0.0524,456774636701154.562500
0.2872,0.0228,0.055600000000000004,456774636701154.562500
0.2872100000000001,0.0196,0.056400000000000006,456774636701154.562500
0.28722000000000003,0.0212,0.055600000000000004,456774636701154.562500
0.2872300000000001,0.0212,0.0572,456774636701154.562500
0.28724000000000005,0.0228,0.054,456774636701154.562500
0.2872500000000001,0.0236,0.055600000000000004,456774636701154.562500
0.28726000000000007,0.0228,0.056400000000000006,456774636701154.562500
0.28727,0.0244,0.055600000000000004,456774636701154.562500
0.2872800000000001,0.0228,0.056400000000000006,456774636701154.562500
0.28729000000000005,0.0244,0.056400000000000006,456774636701154.562500
0.2873000000000001,0.0244,0.056400000000000006,456774636701154.562500
0.28731000000000007,0.0252,0.0572,456774636701154.562500
0.28732,0.0236,0.055600000000000004,456774636701154.562500
0.2873300000000001,0.0252,0.0516,456774636701154.562500
0.28734000000000004,0.0244,0.0548,456774636701154.562500
0.2873500000000001,0.0252,0.0572,456774636701154.562500
0.28736000000000006,0.0212,0.0548,456774636701154.562500
0.28737,0.0228,0.0572,456774636701154.562500
0.2873800000000001,0.0244,0.056400000000000006,456774636701154.562500
0.28739000000000003,0.0204,0.0572,456774636701154.562500
0.2874000000000001,0.0244,0.058,456774636701154.562500
0.28741000000000005,0.0236,0.054,456774636701154.562500
0.2874200000000001,0.022000000000000002,0.056400000000000006,456774636701154.562500
0.2874300000000001,0.0228,0.058,456774636701154.562500
0.28744000000000003,0.022000000000000002,0.056400000000000006,456774636701154.562500
0.2874500000000001,0.0212,0.0572,456774636701154.562500
0.28746000000000005,0.0212,0.053200000000000004,456774636701154.562500
0.2874700000000001,0.022000000000000002,0.058,456774636701154.562500
0.28748000000000007,0.022000000000000002,0.053200000000000004,456774636701154.562500
0.28749,0.022000000000000002,0.0572,456774636701154.562500
0.2875000000000001,0.0212,0.055600000000000004,456774636701154.562500
0.28751000000000004,0.0212,0.058,456774636701154.562500
0.2875200000000001,0.0228,0.054,456774636701154.562500
0.28753000000000006,0.0204,0.0572,456774636701154.562500
0.28754,0.0188,0.0572,456774636701154.562500
0.2875500000000001,0.0212,0.058,456774636701154.562500
0.28756000000000004,0.022000000000000002,0.0548,456774636701154.562500
0.2875700000000001,0.022000000000000002,0.053200000000000004,456774636701154.562500
0.28758000000000006,0.0212,0.0524,456774636701154.562500
0.28759,0.0236,0.053200000000000004,456774636701154.562500
0.2876000000000001,0.0244,0.058,456774636701154.562500
0.28761000000000003,0.0244,0.055600000000000004,456774636701154.562500
0.2876200000000001,0.0244,0.0572,456774636701154.562500
0.28763000000000005,0.0236,0.054,456774636701154.562500
0.2876400000000001,0.0244,0.055600000000000004,456774636701154.562500
0.2876500000000001,0.0204,0.0548,456774636701154.562500
0.28766,0.0252,0.056400000000000006,456774636701154.562500
0.2876700000000001,0.0236,0.054,456774636701154.562500
0.28768000000000005,0.0228,0.058,456774636701154.562500
0.2876900000000001,0.0236,0.0524,456774636701154.562500
0.28770000000000007,0.022000000000000002,0.055600000000000004,456774636701154.562500
0.28771,0.0244,0.056400000000000006,456774636701154.562500
0.2877200000000001,0.0172,0.056400000000000006,456774636701154.562500
0.28773000000000004,0.022000000000000002,0.056400000000000006,456774636701154.562500
0.2877400000000001,0.0212,0.056400000000000006,456774636701154.562500
0.28775000000000006,0.022000000000000002,0.0548,456774636701154.562500
0.28776,0.022000000000000002,0.058,456774636701154.562500
0.2877700000000001,0.022000000000000002,0.0572,456774636701154.562500
0.28778000000000004,0.0236,0.054,456774636701154.562500
0.2877900000000001,0.0212,0.056400000000000006,456774636701154.562500
0.28780000000000006,0.0228,0.055600000000000004,456774636701154.562500
0.28781,0.022000000000000002,0.056400000000000006,456774636701154.562500
0.2878200000000001,0.0172,0.055600000000000004,456774636701154.562500
0.28783000000000003,0.0212,0.0572,456774636701154.562500
0.2878400000000001,0.022000000000000002,0.05,456774636701154.562500
0.28785000000000005,0.0196,0.056400000000000006,456774636701154.562500
0.2878600000000001,0.022000000000000002,0.055600000000000004,456774636701154.562500
0.28787000000000007,0.0204,0.056400000000000006,456774636701154.562500
0.28788,0.0228,0.055600000000000004,456774636701154.562500
0.2878900000000001,0.022000000000000002,0.056400000000000006,456774636701154.562500
0.28790000000000004,0.0172,0.055600000000000004,456774636701154.562500
0.2879100000000001,0.0244,0.058,456774636701154.562500
0.28792000000000006,0.0244,0.058,456774636701154.562500
0.28793,0.0228,0.056400000000000006,456774636701154.562500
0.2879400000000001,0.026000000000000002,0.056400000000000006,456774636701154.562500
0.28795000000000004,0.0236,0.056400000000000006,456774636701154.562500
0.2879600000000001,0.022000000000000002,0.0548,456774636701154.562500
0.28797000000000006,0.0244,0.053200000000000004,456774636701154.562500
0.28798,0.022000000000000002,0.05,456774636701154.562500
0.2879900000000001,0.022000000000000002,0.056400000000000006,456774636701154.562500
0.28800000000000003,0.0228,0.0516,456774636701154.562500
0.2880100000000001,0.0196,0.0572,456774636701154.562500
0.28802000000000005,0.0244,0.053200000000000004,456774636701154.562500
0.2880300000000001,0.0228,0.0572,456774636701154.562500
0.2880400000000001,0.0228,0.054,456774636701154.562500
0.28805000000000003,0.022000000000000002,0.056400000000000006,456774636701154.562500
0.2880600000000001,0.0212,0.0548,456774636701154.562500
0.28807000000000005,0.022000000000000002,0.048400000000000006,456774636701154.562500
0.2880800000000001,0.022000000000000002,0.054,456774636701154.562500
0.28809000000000007,0.0212,0.048400000000000006,456774636701154.562500
0.2881,0.0236,0.0548,456774636701154.562500
0.2881100000000001,0.0244,0.055600000000000004,456774636701154.562500
0.28812000000000004,0.022000000000000002,0.0572,456774636701154.562500
0.2881300000000001,0.0212,0.0572,456774636701154.562500
0.28814000000000006,0.0228,0.055600000000000004,456774636701154.562500
0.28815,0.0236,0.056400000000000006,456774636701154.562500
0.2881600000000001,0.0204,0.0548,456774636701154.562500
0.28817000000000004,0.018000000000000002,0.053200000000000004,456774636701154.562500
0.2881800000000001,0.0236,0.0548,456774636701154.562500
0.28819000000000006,0.0228,0.053200000000000004,456774636701154.562500
0.2882,0.0236,0.0516,456774636701154.562500
0.2882100000000001,0.0244,0.056400000000000006,456774636701154.562500
0.28822000000000003,0.0236,0.0516,456774636701154.562500
0.2882300000000001,0.0236,0.058,456774636701154.562500
0.28824000000000005,0.0236,0.050800000000000005,456774636701154.562500
0.2882500000000001,0.0244,0.0572,456774636701154.562500
0.28826000000000007,0.0252,0.0524,456774636701154.562500
0.28827,0.0252,0.056400000000000006,456774636701154.562500
0.2882800000000001,0.0228,0.0468,456774636701154.562500
0.28829000000000005,0.022000000000000002,0.058,456774636701154.562500
0.2883000000000001,0.0228,0.05,456774636701154.562500
0.28831000000000007,0.0228,0.056400000000000006,456774636701154.562500
0.28832,0.0228,0.0524,456774636701154.562500
0.2883300000000001,0.0236,0.0572,456774636701154.562500
0.28834000000000004,0.022000000000000002,0.0436,456774636701154.562500
0.2883500000000001,0.0228,0.058,456774636701154.562500
0.28836000000000006,0.022000000000000002,0.0548,456774636701154.562500
0.28837,0.0228,0.056400000000000006,456774636701154.562500
0.2883800000000001,0.0228,0.0572,456774636701154.562500
0.28839000000000004,0.0212,0.0548,456774636701154.562500
0.2884000000000001,0.0204,0.0572,456774636701154.562500
0.28841000000000006,0.0212,0.0548,456774636701154.562500
0.28842,0.0204,0.056400000000000006,456774636701154.562500
0.2884300000000001,0.0228,0.056400000000000006,456774636701154.562500
0.28844000000000003,0.0204,0.055600000000000004,456774636701154.562500
0.2884500000000001,0.022000000000000002,0.055600000000000004,456774636701154.562500
0.28846000000000005,0.0204,0.056400000000000006,456774636701154.562500
0.2884700000000001,0.0228,0.055600000000000004,456774636701154.562500
0.28848000000000007,0.0236,0.0524,456774636701154.562500
0.28849,0.0244,0.055600000000000004,456774636701154.562500
0.2885000000000001,0.0228,0.0572,456774636701154.562500
0.28851000000000004,0.0236,0.0524,456774636701154.562500
0.2885200000000001,0.0236,0.055600000000000004,456774636701154.562500
0.28853000000000006,0.0244,0.0572,456774636701154.562500
0.28854,0.022000000000000002,0.056400000000000006,456774636701154.562500
0.2885500000000001,0.0244,0.05,456774636701154.562500
0.28856000000000004,0.0236,0.0572,456774636701154.562500
0.2885700000000001,0.0212,0.0492,456774636701154.562500
0.28858000000000006,0.026000000000000002,0.058,456774636701154.562500
0.28859,0.0204,0.0572,456774636701154.562500
0.2886000000000001,0.0236,0.0524,456774636701154.562500
0.28861000000000003,0.022000000000000002,0.0524,456774636701154.562500
0.2886200000000001,0.0244,0.058,456774636701154.562500
0.28863000000000005,0.022000000000000002,0.056400000000000006,456774636701154.562500
0.2886400000000001,0.0236,0.058,456774636701154.562500
0.2886500000000001,0.022000000000000002,0.058,456774636701154.562500
0.28866,0.022000000000000002,0.058,456774636701154.562500
0.2886700000000001,0.0212,0.0572,456774636701154.562500
0.28868000000000005,0.0204,0.056400000000000006,456774636701154.562500
0.2886900000000001,0.0244,0.0548,456774636701154.562500
0.28870000000000007,0.0236,0.054,456774636701154.562500
0.28871,0.022000000000000002,0.056400000000000006,456774636701154.562500
0.2887200000000001,0.022000000000000002,0.054,456774636701154.562500
0.28873000000000004,0.0228,0.0516,456774636701154.562500
0.2887400000000001,0.022000000000000002,0.0468,456774636701154.562500
0.28875000000000006,0.0228,0.0468,456774636701154.562500
0.28876,0.022000000000000002,0.054,456774636701154.562500
0.2887700000000001,0.022000000000000002,0.0524,456774636701154.562500
0.28878000000000004,0.0228,0.0548,456774636701154.562500
0.2887900000000001,0.022000000000000002,0.055600000000000004,456774636701154.562500
0.28880000000000006,0.0228,0.058,456774636701154.562500
0.28881,0.0236,0.056400000000000006,456774636701154.562500
0.2888200000000001,0.0236,0.056400000000000006,456774636701154.562500
0.28883000000000003,0.0236,0.056400000000000006,456774636701154.562500
0.2888400000000001,0.0244,0.058,456774636701154.562500
0.28885000000000005,0.0244,0.0572,456774636701154.562500
0.2888600000000001,0.0252,0.0572,456774636701154.562500
0.28887000000000007,0.0244,0.058,456774636701154.562500
0.28888,0.0244,0.058,456774636701154.562500
0.2888900000000001,0.0244,0.058,456774636701154.562500
0.28890000000000005,0.0236,0.0572,456774636701154.562500
0.2889100000000001,0.0228,0.056400000000000006,456774636701154.562500
0.28892000000000007,0.0252,0.0548,456774636701154.562500
0.28893,0.022000000000000002,0.055600000000000004,456774636701154.562500
0.2889400000000001,0.022000000000000002,0.0572,456774636701154.562500
0.28895000000000004,0.0228,0.054,456774636701154.562500
0.2889600000000001,0.0212,0.056400000000000006,456774636701154.562500
0.28897000000000006,0.0228,0.0572,456774636701154.562500
0.28898,0.022000000000000002,0.055600000000000004,456774636701154.562500
0.2889900000000001,0.0204,0.0548,456774636701154.562500
0.28900000000000003,0.0228,0.0572,456774636701154.562500
0.2890100000000001,0.0204,0.055600000000000004,456774636701154.562500
0.28902000000000005,0.0212,0.055600000000000004,456774636701154.562500
0.28903,0.0212,0.0548,456774636701154.562500
0.2890400000000001,0.022000000000000002,0.0524,456774636701154.562500
0.28905000000000003,0.0228,0.050800000000000005,456774636701154.562500
0.2890600000000001,0.0236,0.056400000000000006,456774636701154.562500
0.28907000000000005,0.0236,0.056400000000000006,456774636701154.562500
0.2890800000000001,0.0212,0.055600000000000004,456774636701154.562500
0.28909000000000007,0.0228,0.0572,456774636701154.562500
0.2891,0.0236,0.056400000000000006,456774636701154.562500
0.2891100000000001,0.0244,0.056400000000000006,456774636701154.562500
0.28912000000000004,0.0236,0.054,456774636701154.562500
0.2891300000000001,0.0244,0.0516,456774636701154.562500
0.28914000000000006,0.0228,0.0492,456774636701154.562500
0.28915,0.022000000000000002,0.055600000000000004,456774636701154.562500
0.2891600000000001,0.0236,0.053200000000000004,456774636701154.562500
0.28917000000000004,0.0236,0.055600000000000004,456774636701154.562500
0.2891800000000001,0.0252,0.050800000000000005,456774636701154.562500
0.28919000000000006,0.0244,0.058,456774636701154.562500
0.2892,0.0212,0.055600000000000004,456774636701154.562500
0.2892100000000001,0.0236,0.0572,456774636701154.562500
0.28922000000000003,0.0212,0.0572,456774636701154.562500
0.2892300000000001,0.0204,0.0572,456774636701154.562500
0.28924000000000005,0.0228,0.056400000000000006,456774636701154.562500
0.2892500000000001,0.0212,0.056400000000000006,456774636701154.562500
0.2892600000000001,0.0228,0.056400000000000006,456774636701154.562500
0.28927,0.022000000000000002,0.054,456774636701154.562500
0.2892800000000001,0.0228,0.055600000000000004,456774636701154.562500
0.28929000000000005,0.0196,0.0548,456774636701154.562500
0.2893000000000001,0.0228,0.054,456774636701154.562500
0.28931000000000007,0.0204,0.056400000000000006,456774636701154.562500
0.28932,0.0212,0.056400000000000006,456774636701154.562500
0.2893300000000001,0.0204,0.0524,456774636701154.562500
0.28934000000000004,0.022000000000000002,0.055600000000000004,456774636701154.562500
0.2893500000000001,0.0212,0.048400000000000006,456774636701154.562500
0.28936000000000006,0.022000000000000002,0.055600000000000004,456774636701154.562500
0.28937,0.0228,0.05,456774636701154.562500
0.2893800000000001,0.022000000000000002,0.055600000000000004,456774636701154.562500
0.28939000000000004,0.022000000000000002,0.048400000000000006,456774636701154.562500
0.2894000000000001,0.0204,0.056400000000000006,456774636701154.562500
0.28941000000000006,0.0196,0.055600000000000004,456774636701154.562500
0.28942,0.0252,0.055600000000000004,456774636701154.562500
0.2894300000000001,0.0244,0.056400000000000006,456774636701154.562500
0.28944000000000003,0.026000000000000002,0.055600000000000004,456774636701154.562500
0.2894500000000001,0.0228,0.058,456774636701154.562500
0.28946000000000005,0.0228,0.0492,456774636701154.562500
0.2894700000000001,0.0244,0.056400000000000006,456774636701154.562500
0.28948000000000007,0.022000000000000002,0.056400000000000006,456774636701154.562500
0.28949,0.022000000000000002,0.0572,456774636701154.562500
0.2895000000000001,0.0196,0.0548,456774636701154.562500
0.28951000000000005,0.0228,0.05,456774636701154.562500
0.2895200000000001,0.0196,0.056400000000000006,456774636701154.562500
0.28953000000000007,0.0236,0.056400000000000006,456774636701154.562500
0.28954,0.0204,0.055600000000000004,456774636701154.562500
0.2895500000000001,0.022000000000000002,0.056400000000000006,456774636701154.562500
0.28956000000000004,0.0212,0.0548,456774636701154.562500
0.2895700000000001,0.0228,0.056400000000000006,456774636701154.562500
0.28958000000000006,0.0204,0.058,456774636701154.562500
0.28959,0.022000000000000002,0.058,456774636701154.562500
0.2896000000000001,0.0204,0.056400000000000006,456774636701154.562500
0.28961000000000003,0.022000000000000002,0.058,456774636701154.562500
0.2896200000000001,0.0228,0.055600000000000004,456774636701154.562500
0.28963000000000005,0.022000000000000002,0.055600000000000004,456774636701154.562500
0.2896400000000001,0.022000000000000002,0.058,456774636701154.562500
0.2896500000000001,0.0228,0.055600000000000004,456774636701154.562500
0.28966000000000003,0.022000000000000002,0.0572,456774636701154.562500
0.2896700000000001,0.0236,0.055600000000000004,456774636701154.562500
0.28968000000000005,0.0236,0.0572,456774636701154.562500
0.2896900000000001,0.022000000000000002,0.0572,456774636701154.562500
0.28970000000000007,0.0228,0.054,456774636701154.562500
0.28971,0.0204,0.0444,456774636701154.562500
0.2897200000000001,0.022000000000000002,0.056400000000000006,456774636701154.562500
0.28973000000000004,0.0244,0.054,456774636701154.562500
0.2897400000000001,0.0252,0.056400000000000006,456774636701154.562500
0.28975000000000006,0.0244,0.056400000000000006,456774636701154.562500
0.28976,0.0244,0.056400000000000006,456774636701154.562500
0.2897700000000001,0.0236,0.0548,456774636701154.562500
0.28978000000000004,0.0252,0.055600000000000004,456774636701154.562500
0.2897900000000001,0.0196,0.0572,456774636701154.562500
0.28980000000000006,0.0236,0.055600000000000004,456774636701154.562500
0.28981,0.0244,0.0572,456774636701154.562500
0.2898200000000001,0.0244,0.056400000000000006,456774636701154.562500
0.28983000000000003,0.0244,0.0572,456774636701154.562500
0.2898400000000001,0.0244,0.0548,456774636701154.562500
0.28985000000000005,0.0236,0.056400000000000006,456774636701154.562500
0.2898600000000001,0.022000000000000002,0.0516,456774636701154.562500
0.28987000000000007,0.0228,0.0492,456774636701154.562500
0.28988,0.022000000000000002,0.0572,456774636701154.562500
0.2898900000000001,0.0212,0.0572,456774636701154.562500
0.28990000000000005,0.022000000000000002,0.058,456774636701154.562500
0.2899100000000001,0.0204,0.0516,456774636701154.562500
0.28992000000000007,0.0228,0.058,456774636701154.562500
0.28993,0.022000000000000002,0.055600000000000004,456774636701154.562500
0.2899400000000001,0.0212,0.0572,456774636701154.562500
0.28995000000000004,0.0204,0.05,456774636701154.562500
0.2899600000000001,0.0172,0.055600000000000004,456774636701154.562500
0.28997000000000006,0.0172,0.0572,456774636701154.562500
0.28998,0.0212,0.046,456774636701154.562500
0.2899900000000001,0.0188,0.0572,456774636701154.562500
0.29000000000000004,0.0212,0.055600000000000004,456774636701154.562500
0.2900100000000001,0.0196,0.0572,456774636701154.562500
0.29002000000000006,0.0228,0.054,456774636701154.562500
0.29003,0.0236,0.054,456774636701154.562500
0.2900400000000001,0.0236,0.056400000000000006,456774636701154.562500
0.29005000000000003,0.0244,0.0572,456774636701154.562500
0.2900600000000001,0.0244,0.0572,456774636701154.562500
0.29007000000000005,0.0228,0.054,456774636701154.562500
0.2900800000000001,0.0236,0.056400000000000006,456774636701154.562500
0.29009000000000007,0.0236,0.054,456774636701154.562500
0.2901,0.0228,0.0548,456774636701154.562500
0.2901100000000001,0.0244,0.055600000000000004,456774636701154.562500
0.29012000000000004,0.0228,0.0572,456774636701154.562500
0.2901300000000001,0.0204,0.054,456774636701154.562500
0.29014000000000006,0.0228,0.055600000000000004,456774636701154.562500
0.29015,0.0244,0.0572,456774636701154.562500
0.2901600000000001,0.0236,0.058,456774636701154.562500
0.29017000000000004,0.0228,0.0524,456774636701154.562500
0.2901800000000001,0.0204,0.056400000000000006,456774636701154.562500
0.29019000000000006,0.0228,0.055600000000000004,456774636701154.562500
0.2902,0.0228,0.055600000000000004,456774636701154.562500
0.2902100000000001,0.0204,0.053200000000000004,456774636701154.562500
0.29022000000000003,0.022000000000000002,0.0516,456774636701154.562500
0.2902300000000001,0.0204,0.054,456774636701154.562500
0.29024000000000005,0.0204,0.055600000000000004,456774636701154.562500
0.2902500000000001,0.022000000000000002,0.055600000000000004,456774636701154.562500
0.2902600000000001,0.0228,0.058,456774636701154.562500
0.29027000000000003,0.0228,0.056400000000000006,456774636701154.562500
0.2902800000000001,0.0236,0.055600000000000004,456774636701154.562500
0.29029000000000005,0.0212,0.0572,456774636701154.562500
0.2903000000000001,0.022000000000000002,0.0444,456774636701154.562500
0.29031000000000007,0.0236,0.0572,456774636701154.562500
0.29032,0.022000000000000002,0.0524,456774636701154.562500
0.2903300000000001,0.022000000000000002,0.0524,456774636701154.562500
0.29034000000000004,0.022000000000000002,0.055600000000000004,456774636701154.562500
0.2903500000000001,0.0228,0.058,456774636701154.562500
0.29036000000000006,0.0236,0.055600000000000004,456774636701154.562500
0.29037,0.026000000000000002,0.056400000000000006,456774636701154.562500
0.2903800000000001,0.0244,0.056400000000000006,456774636701154.562500
0.29039000000000004,0.0236,0.0572,456774636701154.562500
0.2904000000000001,0.0228,0.056400000000000006,456774636701154.562500
0.29041000000000006,0.0236,0.0548,456774636701154.562500
0.29042,0.0236,0.05,456774636701154.562500
0.2904300000000001,0.0236,0.054,456774636701154.562500
0.29044000000000003,0.0228,0.0524,456774636701154.562500
0.2904500000000001,0.0228,0.056400000000000006,456774636701154.562500
0.29046000000000005,0.0228,0.053200000000000004,456774636701154.562500
0.2904700000000001,0.0204,0.056400000000000006,456774636701154.562500
0.29048000000000007,0.0228,0.054,456774636701154.562500
0.29049,0.022000000000000002,0.056400000000000006,456774636701154.562500
0.2905000000000001,0.0204,0.048400000000000006,456774636701154.562500
0.29051000000000005,0.0212,0.055600000000000004,456774636701154.562500
0.2905200000000001,0.0212,0.055600000000000004,456774636701154.562500
0.29053000000000007,0.022000000000000002,0.055600000000000004,456774636701154.562500
0.29054,0.0236,0.056400000000000006,456774636701154.562500
0.2905500000000001,0.0212,0.0572,456774636701154.562500
0.29056000000000004,0.022000000000000002,0.053200000000000004,456774636701154.562500
0.2905700000000001,0.0228,0.0524,456774636701154.562500
0.29058000000000006,0.0228,0.056400000000000006,456774636701154.562500
0.29059,0.0228,0.0572,456774636701154.562500
0.2906000000000001,0.0204,0.056400000000000006,456774636701154.562500
0.29061000000000003,0.022000000000000002,0.056400000000000006,456774636701154.562500
0.2906200000000001,0.0236,0.0572,456774636701154.562500
0.29063000000000005,0.0244,0.055600000000000004,456774636701154.562500
0.29064,0.0204,0.055600000000000004,456774636701154.562500
0.2906500000000001,0.022000000000000002,0.056400000000000006,456774636701154.562500
0.29066000000000003,0.0236,0.053200000000000004,456774636701154.562500
0.2906700000000001,0.0228,0.0548,456774636701154.562500
0.29068000000000005,0.0244,0.048400000000000006,456774636701154.562500
0.2906900000000001,0.018000000000000002,0.055600000000000004,456774636701154.562500
0.29070000000000007,0.0252,0.0476,456774636701154.562500
0.29071,0.0212,0.055600000000000004,456774636701154.562500
0.2907200000000001,0.0228,0.055600000000000004,456774636701154.562500
0.29073000000000004,0.022000000000000002,0.056400000000000006,456774636701154.562500
0.2907400000000001,0.018000000000000002,0.0524,456774636701154.562500
0.29075000000000006,0.0228,0.058,456774636701154.562500
0.29076,0.0236,0.0524,456774636701154.562500
0.2907700000000001,0.022000000000000002,0.0572,456774636701154.562500
0.29078000000000004,0.0212,0.054,456774636701154.562500
0.2907900000000001,0.0228,0.056400000000000006,456774636701154.562500
0.29080000000000006,0.0212,0.050800000000000005,456774636701154.562500
0.29081,0.022000000000000002,0.055600000000000004,456774636701154.562500
0.2908200000000001,0.0236,0.058,456774636701154.562500
0.29083000000000003,0.0212,0.050800000000000005,456774636701154.562500
0.2908400000000001,0.022000000000000002,0.0524,456774636701154.562500
0.29085000000000005,0.0236,0.055600000000000004,456774636701154.562500
0.2908600000000001,0.0228,0.056400000000000006,456774636701154.562500
0.2908700000000001,0.0228,0.058,456774636701154.562500
0.29088,0.0236,0.055600000000000004,456774636701154.562500
0.2908900000000001,0.0228,0.055600000000000004,456774636701154.562500
0.29090000000000005,0.0228,0.0572,456774636701154.562500
0.2909100000000001,0.022000000000000002,0.0524,456774636701154.562500
0.29092000000000007,0.0228,0.0548,456774636701154.562500
0.29093,0.0236,0.055600000000000004,456774636701154.562500
0.2909400000000001,0.0252,0.058,456774636701154.562500
0.29095000000000004,0.022000000000000002,0.05,456774636701154.562500
0.2909600000000001,0.0244,0.056400000000000006,456774636701154.562500
0.29097000000000006,0.0244,0.0524,456774636701154.562500
0.29098,0.022000000000000002,0.0516,456774636701154.562500
0.2909900000000001,0.0204,0.055600000000000004,456774636701154.562500
0.29100000000000004,0.0244,0.056400000000000006,456774636701154.562500
0.2910100000000001,0.0244,0.0548,456774636701154.562500
0.29102000000000006,0.0244,0.042,456774636701154.562500
0.29103,0.0236,0.053200000000000004,456774636701154.562500
0.2910400000000001,0.0236,0.055600000000000004,456774636701154.562500
0.29105000000000003,0.022000000000000002,0.0572,456774636701154.562500
0.2910600000000001,0.0236,0.054,456774636701154.562500
0.29107000000000005,0.022000000000000002,0.058,456774636701154.562500
0.2910800000000001,0.0244,0.0492,456774636701154.562500
0.29109000000000007,0.0236,0.056400000000000006,456774636701154.562500
0.2911,0.0228,0.053200000000000004,456774636701154.562500
0.2911100000000001,0.022000000000000002,0.0548,456774636701154.562500
0.29112000000000005,0.0228,0.058,456774636701154.562500
0.2911300000000001,0.022000000000000002,0.058,456774636701154.562500
0.29114000000000007,0.022000000000000002,0.056400000000000006,456774636701154.562500
0.29115,0.022000000000000002,0.058,456774636701154.562500
0.2911600000000001,0.0204,0.056400000000000006,456774636701154.562500
0.29117000000000004,0.0212,0.0572,456774636701154.562500
0.2911800000000001,0.012400000000000001,0.0572,456774636701154.562500
0.29119000000000006,0.022000000000000002,0.058,456774636701154.562500
0.2912,0.0196,0.056400000000000006,456774636701154.562500
0.2912100000000001,0.0196,0.058,456774636701154.562500
0.29122000000000003,0.0164,0.056400000000000006,456774636701154.562500
0.2912300000000001,0.0196,0.056400000000000006,456774636701154.562500
0.29124000000000005,0.0196,0.054,456774636701154.562500
0.2912500000000001,0.0228,0.058,456774636701154.562500
0.2912600000000001,0.0252,0.0548,456774636701154.562500
0.29127000000000003,0.0252,0.0572,456774636701154.562500
0.2912800000000001,0.0252,0.056400000000000006,456774636701154.562500
0.29129000000000005,0.022000000000000002,0.055600000000000004,456774636701154.562500
0.2913000000000001,0.0236,0.055600000000000004,456774636701154.562500
0.29131000000000007,0.0228,0.0572,456774636701154.562500
0.29132,0.0236,0.056400000000000006,456774636701154.562500
0.2913300000000001,0.022000000000000002,0.0548,456774636701154.562500
0.29134000000000004,0.0228,0.055600000000000004,456774636701154.562500
0.2913500000000001,0.0236,0.0572,456774636701154.562500
0.29136000000000006,0.018000000000000002,0.0548,456774636701154.562500
0.29137,0.0164,0.05,456774636701154.562500
0.2913800000000001,0.0196,0.0572,456774636701154.562500
0.29139000000000004,0.0204,0.054,456774636701154.562500
0.2914000000000001,0.0196,0.055600000000000004,456774636701154.562500
0.29141000000000006,0.0228,0.055600000000000004,456774636701154.562500
0.29142,0.022000000000000002,0.0572,456774636701154.562500
0.2914300000000001,0.0228,0.058,456774636701154.562500
0.29144000000000003,0.022000000000000002,0.056400000000000006,456774636701154.562500
0.2914500000000001,0.0228,0.055600000000000004,456774636701154.562500
0.29146000000000005,0.0196,0.056400000000000006,456774636701154.562500
0.2914700000000001,0.022000000000000002,0.054,456774636701154.562500
0.2914800000000001,0.022000000000000002,0.054,456774636701154.562500
0.29149,0.0212,0.0516,456774636701154.562500
0.2915000000000001,0.022000000000000002,0.058,456774636701154.562500
0.29151000000000005,0.0196,0.0572,456774636701154.562500
0.2915200000000001,0.0236,0.0572,456774636701154.562500
0.29153000000000007,0.0212,0.0572,456774636701154.562500
0.29154,0.0236,0.056400000000000006,456774636701154.562500
0.2915500000000001,0.022000000000000002,0.0572,456774636701154.562500
0.29156000000000004,0.0204,0.058,456774636701154.562500
0.2915700000000001,0.0252,0.0572,456774636701154.562500
0.29158000000000006,0.0212,0.056400000000000006,456774636701154.562500
0.29159,0.0228,0.055600000000000004,456774636701154.562500
0.2916000000000001,0.0252,0.056400000000000006,456774636701154.562500
0.29161000000000004,0.0236,0.058,456774636701154.562500
0.2916200000000001,0.0204,0.054,456774636701154.562500
0.29163000000000006,0.0236,0.0492,456774636701154.562500
0.29164,0.022000000000000002,0.055600000000000004,456774636701154.562500
0.2916500000000001,0.0228,0.0572,456774636701154.562500
0.29166000000000003,0.0236,0.0572,456774636701154.562500
0.2916700000000001,0.0228,0.056400000000000006,456774636701154.562500
0.29168000000000005,0.0228,0.055600000000000004,456774636701154.562500
0.2916900000000001,0.0204,0.055600000000000004,456774636701154.562500
0.29170000000000007,0.022000000000000002,0.048400000000000006,456774636701154.562500
0.29171,0.0212,0.0572,456774636701154.562500
0.2917200000000001,0.022000000000000002,0.056400000000000006,456774636701154.562500
0.29173000000000004,0.0212,0.056400000000000006,456774636701154.562500
0.2917400000000001,0.022000000000000002,0.055600000000000004,456774636701154.562500
0.29175000000000006,0.022000000000000002,0.0516,456774636701154.562500
0.29176,0.0236,0.0572,456774636701154.562500
0.2917700000000001,0.022000000000000002,0.056400000000000006,456774636701154.562500
0.29178000000000004,0.0204,0.056400000000000006,456774636701154.562500
0.2917900000000001,0.0196,0.058,456774636701154.562500
0.29180000000000006,0.0196,0.0548,456774636701154.562500
0.29181,0.0244,0.0548,456774636701154.562500
0.2918200000000001,0.0204,0.054,456774636701154.562500
0.29183000000000003,0.022000000000000002,0.0572,456774636701154.562500
0.2918400000000001,0.0228,0.0572,456774636701154.562500
0.29185000000000005,0.0236,0.0572,456774636701154.562500
0.2918600000000001,0.022000000000000002,0.053200000000000004,456774636701154.562500
0.2918700000000001,0.0228,0.056400000000000006,456774636701154.562500
0.29188000000000003,0.0244,0.055600000000000004,456774636701154.562500
0.2918900000000001,0.0244,0.056400000000000006,456774636701154.562500
0.29190000000000005,0.0244,0.054,456774636701154.562500
0.2919100000000001,0.0244,0.058,456774636701154.562500
0.29192000000000007,0.0236,0.0524,456774636701154.562500
0.29193,0.0228,0.053200000000000004,456774636701154.562500
0.2919400000000001,0.0228,0.055600000000000004,456774636701154.562500
0.29195000000000004,0.0244,0.053200000000000004,456774636701154.562500
0.2919600000000001,0.0228,0.0572,456774636701154.562500
0.29197000000000006,0.0236,0.0492,456774636701154.562500
0.29198,0.0212,0.0572,456774636701154.562500
0.2919900000000001,0.0236,0.058,456774636701154.562500
0.29200000000000004,0.0188,0.056400000000000006,456774636701154.562500
0.2920100000000001,0.0212,0.056400000000000006,456774636701154.562500
0.29202000000000006,0.018000000000000002,0.058,456774636701154.562500
0.29203,0.022000000000000002,0.0548,456774636701154.562500
0.2920400000000001,0.0212,0.058,456774636701154.562500
0.29205000000000003,0.022000000000000002,0.056400000000000006,456774636701154.562500
0.2920600000000001,0.0228,0.056400000000000006,456774636701154.562500
0.29207000000000005,0.0188,0.058,456774636701154.562500
0.2920800000000001,0.0204,0.046,456774636701154.562500
0.29209000000000007,0.0212,0.0524,456774636701154.562500
0.2921,0.0236,0.0524,456774636701154.562500
0.2921100000000001,0.0212,0.0572,456774636701154.562500
0.29212000000000005,0.0212,0.056400000000000006,456774636701154.562500
0.2921300000000001,0.0212,0.055600000000000004,456774636701154.562500
0.29214000000000007,0.0236,0.053200000000000004,456774636701154.562500
0.29215,0.0236,0.0572,456774636701154.562500
0.2921600000000001,0.022000000000000002,0.0572,456774636701154.562500
0.29217000000000004,0.0244,0.055600000000000004,456774636701154.562500
0.2921800000000001,0.0244,0.055600000000000004,456774636701154.562500
0.29219000000000006,0.0252,0.058,456774636701154.562500
0.2922,0.026000000000000002,0.0516,456774636701154.562500
0.2922100000000001,0.0244,0.056400000000000006,456774636701154.562500
0.29222000000000004,0.0236,0.053200000000000004,456774636701154.562500
0.2922300000000001,0.0252,0.056400000000000006,456774636701154.562500
0.29224000000000006,0.0244,0.0572,456774636701154.562500
0.29225,0.0236,0.054,456774636701154.562500
0.2922600000000001,0.0244,0.058,456774636701154.562500
0.29227000000000003,0.0236,0.054,456774636701154.562500
0.2922800000000001,0.0244,0.054,456774636701154.562500
0.29229000000000005,0.022000000000000002,0.054,456774636701154.562500
0.2923000000000001,0.0212,0.0572,456774636701154.562500
0.29231000000000007,0.0236,0.053200000000000004,456774636701154.562500
0.29232,0.022000000000000002,0.0572,456774636701154.562500
0.2923300000000001,0.0204,0.055600000000000004,456774636701154.562500
0.29234000000000004,0.0212,0.058,456774636701154.562500
0.2923500000000001,0.0196,0.054,456774636701154.562500
0.29236000000000006,0.0196,0.05,456774636701154.562500
0.29237,0.0236,0.0548,456774636701154.562500
0.2923800000000001,0.022000000000000002,0.0572,456774636701154.562500
0.29239000000000004,0.022000000000000002,0.050800000000000005,456774636701154.562500
0.2924000000000001,0.0188,0.042800000000000005,456774636701154.562500
0.29241000000000006,0.022000000000000002,0.0548,456774636701154.562500
0.29242,0.0204,0.053200000000000004,456774636701154.562500
0.2924300000000001,0.0236,0.056400000000000006,456774636701154.562500
0.29244000000000003,0.0212,0.0572,456774636701154.562500
0.2924500000000001,0.0236,0.058,456774636701154.562500
0.29246000000000005,0.0236,0.058,456774636701154.562500
0.2924700000000001,0.0236,0.056400000000000006,456774636701154.562500
0.2924800000000001,0.0244,0.053200000000000004,456774636701154.562500
0.29249,0.0252,0.0524,456774636701154.562500
0.2925000000000001,0.0236,0.0572,456774636701154.562500
0.29251000000000005,0.0244,0.0572,456774636701154.562500
0.2925200000000001,0.0244,0.053200000000000004,456774636701154.562500
0.29253000000000007,0.0236,0.055600000000000004,456774636701154.562500
0.29254,0.0236,0.058,456774636701154.562500
0.2925500000000001,0.0236,0.055600000000000004,456774636701154.562500
0.29256000000000004,0.0244,0.0572,456774636701154.562500
0.2925700000000001,0.0244,0.058,456774636701154.562500
0.29258000000000006,0.0228,0.056400000000000006,456774636701154.562500
0.29259,0.0228,0.056400000000000006,456774636701154.562500
0.2926000000000001,0.018000000000000002,0.056400000000000006,456774636701154.562500
0.29261000000000004,0.0212,0.056400000000000006,456774636701154.562500
0.2926200000000001,0.022000000000000002,0.0572,456774636701154.562500
0.29263000000000006,0.022000000000000002,0.056400000000000006,456774636701154.562500
0.29264,0.0204,0.054,456774636701154.562500
0.2926500000000001,0.022000000000000002,0.0572,456774636701154.562500
0.29266000000000003,0.0228,0.056400000000000006,456774636701154.562500
0.2926700000000001,0.0228,0.0548,456774636701154.562500
0.29268000000000005,0.0228,0.058,456774636701154.562500
0.2926900000000001,0.0196,0.048400000000000006,456774636701154.562500
0.29270000000000007,0.0228,0.056400000000000006,456774636701154.562500
0.29271,0.0212,0.0572,456774636701154.562500
0.2927200000000001,0.0228,0.0572,456774636701154.562500
0.29273000000000005,0.022000000000000002,0.054,456774636701154.562500
0.2927400000000001,0.0228,0.054,456774636701154.562500
0.29275000000000007,0.022000000000000002,0.055600000000000004,456774636701154.562500
0.29276,0.0228,0.058,456774636701154.562500
0.2927700000000001,0.0212,0.058,456774636701154.562500
0.29278000000000004,0.0236,0.0572,456774636701154.562500
0.2927900000000001,0.0244,0.0524,456774636701154.562500
0.29280000000000006,0.0236,0.054,456774636701154.562500
0.29281,0.0252,0.05,456774636701154.562500
0.2928200000000001,0.0236,0.055600000000000004,456774636701154.562500
0.29283000000000003,0.0236,0.0492,456774636701154.562500
0.2928400000000001,0.0252,0.0524,456774636701154.562500
0.29285000000000005,0.0236,0.0524,456774636701154.562500
0.2928600000000001,0.0252,0.056400000000000006,456774636701154.562500
0.2928700000000001,0.0236,0.055600000000000004,456774636701154.562500
0.29288000000000003,0.0244,0.0572,456774636701154.562500
0.2928900000000001,0.0228,0.055600000000000004,456774636701154.562500
0.29290000000000005,0.0236,0.056400000000000006,456774636701154.562500
0.2929100000000001,0.0204,0.058,456774636701154.562500
0.29292000000000007,0.0228,0.056400000000000006,456774636701154.562500
0.29293,0.0228,0.0572,456774636701154.562500
0.2929400000000001,0.022000000000000002,0.056400000000000006,456774636701154.562500
0.29295000000000004,0.0212,0.054,456774636701154.562500
0.2929600000000001,0.0228,0.0572,456774636701154.562500
0.29297000000000006,0.0228,0.050800000000000005,456774636701154.562500
0.29298,0.0228,0.0572,456774636701154.562500
0.2929900000000001,0.0212,0.056400000000000006,456774636701154.562500
0.29300000000000004,0.0212,0.056400000000000006,456774636701154.562500
0.2930100000000001,0.0228,0.056400000000000006,456774636701154.562500
0.29302000000000006,0.022000000000000002,0.056400000000000006,456774636701154.562500
0.29303,0.0228,0.0548,456774636701154.562500
0.2930400000000001,0.022000000000000002,0.0572,456774636701154.562500
0.29305000000000003,0.0228,0.055600000000000004,456774636701154.562500
0.2930600000000001,0.026000000000000002,0.0572,456774636701154.562500
0.29307000000000005,0.022000000000000002,0.0572,456774636701154.562500
0.2930800000000001,0.0244,0.055600000000000004,456774636701154.562500
0.2930900000000001,0.0252,0.054,456774636701154.562500
0.2931,0.022000000000000002,0.0524,456774636701154.562500
0.2931100000000001,0.0236,0.056400000000000006,456774636701154.562500
0.29312000000000005,0.0244,0.054,456774636701154.562500
0.2931300000000001,0.0236,0.056400000000000006,456774636701154.562500
0.29314000000000007,0.022000000000000002,0.0492,456774636701154.562500
0.29315,0.0204,0.053200000000000004,456774636701154.562500
0.2931600000000001,0.022000000000000002,0.0468,456774636701154.562500
0.29317000000000004,0.0196,0.053200000000000004,456774636701154.562500
0.2931800000000001,0.0228,0.0572,456774636701154.562500
0.29319000000000006,0.0196,0.056400000000000006,456774636701154.562500
0.2932,0.0236,0.0572,456774636701154.562500
0.2932100000000001,0.0228,0.056400000000000006,456774636701154.562500
0.29322000000000004,0.0212,0.0548,456774636701154.562500
0.2932300000000001,0.0212,0.055600000000000004,456774636701154.562500
0.29324000000000006,0.0188,0.055600000000000004,456774636701154.562500
0.29325,0.022000000000000002,0.054,456774636701154.562500
0.2932600000000001,0.0228,0.056400000000000006,456774636701154.562500
0.29327000000000003,0.0196,0.05,456774636701154.562500
0.2932800000000001,0.0196,0.058,456774636701154.562500
0.29329000000000005,0.0204,0.058,456774636701154.562500
0.2933000000000001,0.0196,0.055600000000000004,456774636701154.562500
0.29331000000000007,0.022000000000000002,0.053200000000000004,456774636701154.562500
0.29332,0.0236,0.0572,456774636701154.562500
0.2933300000000001,0.022000000000000002,0.056400000000000006,456774636701154.562500
0.29334000000000005,0.0228,0.056400000000000006,456774636701154.562500
0.2933500000000001,0.0204,0.0572,456774636701154.562500
0.29336000000000007,0.0228,0.055600000000000004,456774636701154.562500
0.29337,0.0228,0.056400000000000006,456774636701154.562500
0.2933800000000001,0.0228,0.055600000000000004,456774636701154.562500
0.29339000000000004,0.0236,0.058,456774636701154.562500
0.2934000000000001,0.0244,0.058,456774636701154.562500
0.29341000000000006,0.0236,0.056400000000000006,456774636701154.562500
0.29342,0.0236,0.0572,456774636701154.562500
0.2934300000000001,0.0252,0.0524,456774636701154.562500
0.29344000000000003,0.0236,0.055600000000000004,456774636701154.562500
0.2934500000000001,0.0196,0.055600000000000004,456774636701154.562500
0.29346000000000005,0.0236,0.056400000000000006,456774636701154.562500
0.2934700000000001,0.022000000000000002,0.056400000000000006,456774636701154.562500
0.2934800000000001,0.0236,0.056400000000000006,456774636701154.562500
0.29349000000000003,0.0212,0.055600000000000004,456774636701154.562500
0.2935000000000001,0.0236,0.0572,456774636701154.562500
0.29351000000000005,0.0228,0.056400000000000006,456774636701154.562500
0.2935200000000001,0.0228,0.058,456774636701154.562500
0.29353000000000007,0.0228,0.056400000000000006,456774636701154.562500
0.29354,0.0228,0.058,456774636701154.562500
0.2935500000000001,0.022000000000000002,0.0572,456774636701154.562500
0.29356000000000004,0.0212,0.058,456774636701154.562500
0.2935700000000001,0.0212,0.054,456774636701154.562500
0.29358000000000006,0.022000000000000002,0.056400000000000006,456774636701154.562500
0.29359,0.022000000000000002,0.0572,456774636701154.562500
0.2936000000000001,0.022000000000000002,0.054,456774636701154.562500
0.29361000000000004,0.0204,0.056400000000000006,456774636701154.562500
0.2936200000000001,0.022000000000000002,0.054,456774636701154.562500
0.29363000000000006,0.022000000000000002,0.058800000000000005,456774636701154.562500
0.29364,0.0228,0.055600000000000004,456774636701154.562500
0.2936500000000001,0.0204,0.0572,456774636701154.562500
0.29366000000000003,0.0228,0.054,456774636701154.562500
0.2936700000000001,0.0204,0.056400000000000006,456774636701154.562500
0.29368000000000005,0.0228,0.058,456774636701154.562500
0.2936900000000001,0.0236,0.0572,456774636701154.562500
0.29370000000000007,0.0236,0.0572,456774636701154.562500
0.29371,0.0236,0.058,456774636701154.562500
0.2937200000000001,0.026000000000000002,0.0572,456774636701154.562500
0.29373000000000005,0.0236,0.056400000000000006,456774636701154.562500
0.2937400000000001,0.0236,0.0572,456774636701154.562500
0.29375000000000007,0.026000000000000002,0.056400000000000006,456774636701154.562500
0.29376,0.0252,0.0548,456774636701154.562500
0.2937700000000001,0.0228,0.054,456774636701154.562500
0.29378000000000004,0.0212,0.056400000000000006,456774636701154.562500
0.2937900000000001,0.0212,0.056400000000000006,456774636701154.562500
0.29380000000000006,0.0212,0.056400000000000006,456774636701154.562500
0.29381,0.018000000000000002,0.056400000000000006,456774636701154.562500
0.2938200000000001,0.0172,0.056400000000000006,456774636701154.562500
0.29383000000000004,0.022000000000000002,0.056400000000000006,456774636701154.562500
0.2938400000000001,0.022000000000000002,0.055600000000000004,456774636701154.562500
0.29385000000000006,0.0204,0.0572,456774636701154.562500
0.29386,0.0212,0.0572,456774636701154.562500
0.2938700000000001,0.022000000000000002,0.0572,456774636701154.562500
0.29388000000000003,0.022000000000000002,0.054,456774636701154.562500
0.2938900000000001,0.022000000000000002,0.056400000000000006,456774636701154.562500
0.29390000000000005,0.0212,0.056400000000000006,456774636701154.562500
0.2939100000000001,0.022000000000000002,0.0572,456774636701154.562500
0.29392000000000007,0.0228,0.055600000000000004,456774636701154.562500
0.29393,0.022000000000000002,0.054,456774636701154.562500
0.2939400000000001,0.0236,0.053200000000000004,456774636701154.562500
0.29395000000000004,0.0196,0.056400000000000006,456774636701154.562500
0.2939600000000001,0.022000000000000002,0.0572,456774636701154.562500
0.29397000000000006,0.022000000000000002,0.0516,456774636701154.562500
0.29398,0.0228,0.0548,456774636701154.562500
0.2939900000000001,0.0228,0.055600000000000004,456774636701154.562500
0.29400000000000004,0.0228,0.053200000000000004,456774636701154.562500
0.2940100000000001,0.0252,0.055600000000000004,456774636701154.562500
0.29402000000000006,0.0252,0.055600000000000004,456774636701154.562500
0.29403,0.0212,0.056400000000000006,456774636701154.562500
0.2940400000000001,0.0212,0.053200000000000004,456774636701154.562500
0.29405000000000003,0.0212,0.053200000000000004,456774636701154.562500
0.2940600000000001,0.0228,0.0524,456774636701154.562500
0.29407000000000005,0.0244,0.056400000000000006,456774636701154.562500
0.2940800000000001,0.0252,0.045200000000000004,456774636701154.562500
0.2940900000000001,0.0244,0.054,456774636701154.562500
0.29410000000000003,0.0236,0.0572,456774636701154.562500
0.2941100000000001,0.0212,0.056400000000000006,456774636701154.562500
0.29412000000000005,0.0244,0.0548,456774636701154.562500
0.2941300000000001,0.0204,0.0596,456774636701154.562500
0.29414000000000007,0.022000000000000002,0.0572,456774636701154.562500
0.29415,0.0236,0.055600000000000004,456774636701154.562500
0.2941600000000001,0.0228,0.053200000000000004,456774636701154.562500
0.29417000000000004,0.0228,0.0572,456774636701154.562500
0.2941800000000001,0.022000000000000002,0.053200000000000004,456774636701154.562500
0.29419000000000006,0.022000000000000002,0.0548,456774636701154.562500
0.2942,0.0204,0.056400000000000006,456774636701154.562500
0.2942100000000001,0.0188,0.056400000000000006,456774636701154.562500
0.29422000000000004,0.0204,0.056400000000000006,456774636701154.562500
0.2942300000000001,0.0196,0.058,456774636701154.562500
0.29424000000000006,0.022000000000000002,0.0572,456774636701154.562500
0.29425,0.022000000000000002,0.0572,456774636701154.562500
0.2942600000000001,0.0196,0.055600000000000004,456774636701154.562500
0.29427000000000003,0.022000000000000002,0.056400000000000006,456774636701154.562500
0.2942800000000001,0.0228,0.054,456774636701154.562500
0.29429000000000005,0.0228,0.058,456774636701154.562500
0.2943000000000001,0.0236,0.055600000000000004,456774636701154.562500
0.29431000000000007,0.022000000000000002,0.0572,456774636701154.562500
0.29432,0.0236,0.056400000000000006,456774636701154.562500
0.2943300000000001,0.0212,0.0572,456774636701154.562500
0.29434000000000005,0.0228,0.056400000000000006,456774636701154.562500
0.2943500000000001,0.0252,0.058,456774636701154.562500
0.29436000000000007,0.0252,0.056400000000000006,456774636701154.562500
0.29437,0.0236,0.056400000000000006,456774636701154.562500
0.2943800000000001,0.0228,0.058,456774636701154.562500
0.29439000000000004,0.0236,0.055600000000000004,456774636701154.562500
0.2944000000000001,0.0236,0.056400000000000006,456774636701154.562500
0.29441000000000006,0.0236,0.0516,456774636701154.562500
0.29442,0.0236,0.058,456774636701154.562500
0.2944300000000001,0.0244,0.048400000000000006,456774636701154.562500
0.29444000000000004,0.022000000000000002,0.0468,456774636701154.562500
0.2944500000000001,0.0212,0.054,456774636701154.562500
0.29446000000000006,0.0228,0.053200000000000004,456774636701154.562500
0.29447,0.0228,0.055600000000000004,456774636701154.562500
0.2944800000000001,0.0228,0.0548,456774636701154.562500
0.29449000000000003,0.022000000000000002,0.058,456774636701154.562500
0.2945000000000001,0.0212,0.0572,456774636701154.562500
0.29451000000000005,0.0228,0.055600000000000004,456774636701154.562500
0.2945200000000001,0.0212,0.05,456774636701154.562500
0.29453000000000007,0.015600000000000001,0.0572,456774636701154.562500
0.29454,0.0196,0.056400000000000006,456774636701154.562500
0.2945500000000001,0.0172,0.055600000000000004,456774636701154.562500
0.29456000000000004,0.0204,0.054,456774636701154.562500
0.2945700000000001,0.0212,0.054,456774636701154.562500
0.29458000000000006,0.0228,0.053200000000000004,456774636701154.562500
0.29459,0.0196,0.055600000000000004,456774636701154.562500
0.2946000000000001,0.0196,0.056400000000000006,456774636701154.562500
0.29461000000000004,0.0172,0.055600000000000004,456774636701154.562500
0.2946200000000001,0.0212,0.0572,456774636701154.562500
0.29463000000000006,0.0244,0.058,456774636701154.562500
0.29464,0.0236,0.055600000000000004,456774636701154.562500
0.2946500000000001,0.0244,0.055600000000000004,456774636701154.562500
0.29466000000000003,0.0228,0.0548,456774636701154.562500
0.2946700000000001,0.0236,0.0516,456774636701154.562500
0.29468000000000005,0.0252,0.054,456774636701154.562500
0.2946900000000001,0.0228,0.058,456774636701154.562500
0.2947000000000001,0.022000000000000002,0.056400000000000006,456774636701154.562500
0.29471,0.0196,0.0572,456774636701154.562500
0.2947200000000001,0.0252,0.0572,456774636701154.562500
0.29473000000000005,0.022000000000000002,0.055600000000000004,456774636701154.562500
0.2947400000000001,0.0236,0.0524,456774636701154.562500
0.29475000000000007,0.0228,0.056400000000000006,456774636701154.562500
0.29476,0.0212,0.0548,456774636701154.562500
0.2947700000000001,0.022000000000000002,0.055600000000000004,456774636701154.562500
0.29478000000000004,0.022000000000000002,0.056400000000000006,456774636701154.562500
0.2947900000000001,0.0228,0.0572,456774636701154.562500
0.29480000000000006,0.022000000000000002,0.056400000000000006,456774636701154.562500
0.29481,0.0244,0.056400000000000006,456774636701154.562500
0.2948200000000001,0.0236,0.055600000000000004,456774636701154.562500
0.29483000000000004,0.0228,0.056400000000000006,456774636701154.562500
0.2948400000000001,0.0236,0.056400000000000006,456774636701154.562500
0.29485000000000006,0.0228,0.0548,456774636701154.562500
0.29486,0.022000000000000002,0.058,456774636701154.562500
0.2948700000000001,0.0244,0.055600000000000004,456774636701154.562500
0.29488000000000003,0.022000000000000002,0.056400000000000006,456774636701154.562500
0.2948900000000001,0.0236,0.055600000000000004,456774636701154.562500
0.29490000000000005,0.0212,0.053200000000000004,456774636701154.562500
0.2949100000000001,0.0212,0.0572,456774636701154.562500
0.29492000000000007,0.0244,0.0572,456774636701154.562500
0.29493,0.0244,0.055600000000000004,456774636701154.562500
0.2949400000000001,0.0228,0.058800000000000005,456774636701154.562500
0.29495000000000005,0.0236,0.058,456774636701154.562500
0.2949600000000001,0.0228,0.0548,456774636701154.562500
0.29497000000000007,0.0236,0.058,456774636701154.562500
0.29498,0.0252,0.0548,456774636701154.562500
0.2949900000000001,0.0244,0.0572,456774636701154.562500
0.29500000000000004,0.022000000000000002,0.0572,456774636701154.562500
0.2950100000000001,0.0212,0.0572,456774636701154.562500
0.29502000000000006,0.0236,0.054,456774636701154.562500
0.29503,0.0244,0.0548,456774636701154.562500
0.2950400000000001,0.0236,0.055600000000000004,456774636701154.562500
0.29505000000000003,0.022000000000000002,0.056400000000000006,456774636701154.562500
0.2950600000000001,0.022000000000000002,0.058,456774636701154.562500
0.29507000000000005,0.0212,0.056400000000000006,456774636701154.562500
0.2950800000000001,0.0236,0.055600000000000004,456774636701154.562500
0.2950900000000001,0.022000000000000002,0.055600000000000004,456774636701154.562500
0.29510000000000003,0.0228,0.056400000000000006,456774636701154.562500
0.2951100000000001,0.0236,0.056400000000000006,456774636701154.562500
0.29512000000000005,0.0228,0.056400000000000006,456774636701154.562500
0.2951300000000001,0.0228,0.055600000000000004,456774636701154.562500
0.29514000000000007,0.0228,0.056400000000000006,456774636701154.562500
0.29515,0.0228,0.056400000000000006,456774636701154.562500
0.2951600000000001,0.0236,0.055600000000000004,456774636701154.562500
0.29517000000000004,0.0228,0.053200000000000004,456774636701154.562500
0.2951800000000001,0.0228,0.056400000000000006,456774636701154.562500
0.29519000000000006,0.0228,0.054,456774636701154.562500
0.2952,0.022000000000000002,0.054,456774636701154.562500
0.2952100000000001,0.0244,0.055600000000000004,456774636701154.562500
0.29522000000000004,0.0244,0.056400000000000006,456774636701154.562500
0.2952300000000001,0.0252,0.056400000000000006,456774636701154.562500
0.29524000000000006,0.0244,0.055600000000000004,456774636701154.562500
0.29525,0.0252,0.053200000000000004,456774636701154.562500
0.2952600000000001,0.0244,0.056400000000000006,456774636701154.562500
0.29527000000000003,0.0236,0.056400000000000006,456774636701154.562500
0.2952800000000001,0.0252,0.055600000000000004,456774636701154.562500
0.29529000000000005,0.0228,0.058,456774636701154.562500
0.2953000000000001,0.0236,0.058,456774636701154.562500
0.2953100000000001,0.0236,0.055600000000000004,456774636701154.562500
0.29532,0.022000000000000002,0.058,456774636701154.562500
0.2953300000000001,0.0236,0.055600000000000004,456774636701154.562500
0.29534000000000005,0.0212,0.0524,456774636701154.562500
0.2953500000000001,0.0228,0.054,456774636701154.562500
0.29536000000000007,0.0228,0.0572,456774636701154.562500
0.29537,0.022000000000000002,0.056400000000000006,456774636701154.562500
0.2953800000000001,0.0212,0.055600000000000004,456774636701154.562500
0.29539000000000004,0.022000000000000002,0.0524,456774636701154.562500
0.2954000000000001,0.0228,0.056400000000000006,456774636701154.562500
0.29541000000000006,0.022000000000000002,0.056400000000000006,456774636701154.562500
0.29542,0.022000000000000002,0.056400000000000006,456774636701154.562500
0.2954300000000001,0.0228,0.056400000000000006,456774636701154.562500
0.29544000000000004,0.0236,0.056400000000000006,456774636701154.562500
0.2954500000000001,0.0212,0.054,456774636701154.562500
0.29546000000000006,0.0212,0.058,456774636701154.562500
0.29547,0.0228,0.0596,456774636701154.562500
0.2954800000000001,0.022000000000000002,0.056400000000000006,456774636701154.562500
0.29549000000000003,0.0236,0.055600000000000004,456774636701154.562500
0.2955000000000001,0.0212,0.055600000000000004,456774636701154.562500
0.29551000000000005,0.0244,0.054,456774636701154.562500
0.2955200000000001,0.0244,0.055600000000000004,456774636701154.562500
0.29553000000000007,0.0252,0.0524,456774636701154.562500
0.29554,0.0252,0.0548,456774636701154.562500
0.2955500000000001,0.026000000000000002,0.056400000000000006,456774636701154.562500
0.29556000000000004,0.0244,0.058,456774636701154.562500
0.2955700000000001,0.0252,0.056400000000000006,456774636701154.562500
0.29558000000000006,0.0244,0.054,456774636701154.562500
0.29559,0.0228,0.0572,456774636701154.562500
0.2956000000000001,0.0252,0.050800000000000005,456774636701154.562500
0.29561000000000004,0.0236,0.056400000000000006,456774636701154.562500
0.2956200000000001,0.0212,0.055600000000000004,456774636701154.562500
0.29563000000000006,0.0204,0.0572,456774636701154.562500
0.29564,0.0236,0.0524,456774636701154.562500
0.2956500000000001,0.022000000000000002,0.0548,456774636701154.562500
0.29566000000000003,0.022000000000000002,0.053200000000000004,456774636701154.562500
0.2956700000000001,0.0236,0.050800000000000005,456774636701154.562500
0.29568000000000005,0.0236,0.048400000000000006,456774636701154.562500
0.2956900000000001,0.0212,0.0524,456774636701154.562500
0.2957000000000001,0.0228,0.045200000000000004,456774636701154.562500
0.29571000000000003,0.0204,0.048400000000000006,456774636701154.562500
0.2957200000000001,0.0212,0.0492,456774636701154.562500
0.29573000000000005,0.018000000000000002,0.0548,456774636701154.562500
0.2957400000000001,0.0204,0.0572,456774636701154.562500
0.29575000000000007,0.0212,0.054,456774636701154.562500
0.29576,0.0228,0.056400000000000006,456774636701154.562500
0.2957700000000001,0.0236,0.054,456774636701154.562500
0.29578000000000004,0.022000000000000002,0.050800000000000005,456774636701154.562500
0.2957900000000001,0.0204,0.0516,456774636701154.562500
0.29580000000000006,0.0204,0.054,456774636701154.562500
0.29581,0.0212,0.0524,456774636701154.562500
0.2958200000000001,0.0244,0.0572,456774636701154.562500
0.29583000000000004,0.0228,0.055600000000000004,456774636701154.562500
0.2958400000000001,0.0228,0.0524,456774636701154.562500
0.29585000000000006,0.022000000000000002,0.0444,456774636701154.562500
0.29586,0.022000000000000002,0.055600000000000004,456774636701154.562500
0.2958700000000001,0.0164,0.0492,456774636701154.562500
0.29588000000000003,0.0196,0.055600000000000004,456774636701154.562500
0.2958900000000001,0.0236,0.0524,456774636701154.562500
0.29590000000000005,0.0236,0.056400000000000006,456774636701154.562500
0.2959100000000001,0.0204,0.055600000000000004,456774636701154.562500
0.29592000000000007,0.0252,0.046,456774636701154.562500
0.29593,0.0236,0.056400000000000006,456774636701154.562500
0.2959400000000001,0.0244,0.055600000000000004,456774636701154.562500
0.29595000000000005,0.0228,0.0524,456774636701154.562500
0.2959600000000001,0.0196,0.056400000000000006,456774636701154.562500
0.29597000000000007,0.0172,0.055600000000000004,456774636701154.562500
0.29598,0.0164,0.056400000000000006,456774636701154.562500
0.2959900000000001,0.018000000000000002,0.056400000000000006,456774636701154.562500
0.29600000000000004,0.0164,0.056400000000000006,456774636701154.562500
0.2960100000000001,0.012400000000000001,0.0572,456774636701154.562500
0.29602000000000006,0.011600000000000001,0.0572,456774636701154.562500
0.29603,0.0164,0.0572,456774636701154.562500
0.2960400000000001,0.012400000000000001,0.050800000000000005,456774636701154.562500
0.29605000000000004,0.0132,0.056400000000000006,456774636701154.562500
0.2960600000000001,0.0172,0.056400000000000006,456774636701154.562500
0.29607000000000006,0.022000000000000002,0.054,456774636701154.562500
0.29608,0.0236,0.054,456774636701154.562500
0.2960900000000001,0.0172,0.0572,456774636701154.562500
0.29610000000000003,0.0204,0.055600000000000004,456774636701154.562500
0.2961100000000001,0.0228,0.0524,456774636701154.562500
0.29612000000000005,0.0236,0.055600000000000004,456774636701154.562500
0.2961300000000001,0.022000000000000002,0.0572,456774636701154.562500
0.29614000000000007,0.0228,0.055600000000000004,456774636701154.562500
0.29615,0.0252,0.054,456774636701154.562500
0.2961600000000001,0.0244,0.0572,456774636701154.562500
0.29617000000000004,0.0236,0.054,456774636701154.562500
0.2961800000000001,0.0236,0.055600000000000004,456774636701154.562500
0.29619000000000006,0.0252,0.0572,456774636701154.562500
0.2962,0.0252,0.055600000000000004,456774636701154.562500
0.2962100000000001,0.022000000000000002,0.056400000000000006,456774636701154.562500
0.29622000000000004,0.022000000000000002,0.058,456774636701154.562500
0.2962300000000001,0.0204,0.0548,456774636701154.562500
0.29624000000000006,0.0236,0.055600000000000004,456774636701154.562500
0.29625,0.0212,0.056400000000000006,456774636701154.562500
0.2962600000000001,0.0236,0.056400000000000006,456774636701154.562500
0.29627000000000003,0.0228,0.056400000000000006,456774636701154.562500
0.2962800000000001,0.0228,0.056400000000000006,456774636701154.562500
0.29629000000000005,0.022000000000000002,0.0572,456774636701154.562500
0.2963000000000001,0.022000000000000002,0.058,456774636701154.562500
0.2963100000000001,0.0228,0.0548,456774636701154.562500
0.29632000000000003,0.022000000000000002,0.0572,456774636701154.562500
0.2963300000000001,0.022000000000000002,0.056400000000000006,456774636701154.562500
0.29634000000000005,0.0236,0.056400000000000006,456774636701154.562500
0.2963500000000001,0.0228,0.058,456774636701154.562500
0.29636000000000007,0.022000000000000002,0.0572,456774636701154.562500
0.29637,0.0228,0.0572,456774636701154.562500
0.2963800000000001,0.0244,0.0572,456774636701154.562500
0.29639000000000004,0.0228,0.0548,456774636701154.562500
0.2964000000000001,0.0228,0.056400000000000006,456774636701154.562500
0.29641000000000006,0.0212,0.05,456774636701154.562500
0.29642,0.0236,0.0548,456774636701154.562500
0.2964300000000001,0.022000000000000002,0.0524,456774636701154.562500
0.29644000000000004,0.0244,0.0524,456774636701154.562500
0.2964500000000001,0.0236,0.0468,456774636701154.562500
0.29646000000000006,0.0244,0.0476,456774636701154.562500
0.29647,0.026000000000000002,0.053200000000000004,456774636701154.562500
0.2964800000000001,0.0236,0.0468,456774636701154.562500
0.29649000000000003,0.0244,0.055600000000000004,456774636701154.562500
0.2965000000000001,0.0236,0.058,456774636701154.562500
0.29651000000000005,0.0252,0.056400000000000006,456774636701154.562500
0.2965200000000001,0.022000000000000002,0.0572,456774636701154.562500
0.29653000000000007,0.0236,0.055600000000000004,456774636701154.562500
0.29654,0.0236,0.054,456774636701154.562500
0.2965500000000001,0.0212,0.0492,456774636701154.562500
0.29656000000000005,0.022000000000000002,0.0444,456774636701154.562500
0.2965700000000001,0.0236,0.0524,456774636701154.562500
0.29658000000000007,0.0228,0.053200000000000004,456774636701154.562500
0.29659,0.0196,0.050800000000000005,456774636701154.562500
0.2966000000000001,0.0228,0.055600000000000004,456774636701154.562500
0.29661000000000004,0.0196,0.056400000000000006,456774636701154.562500
0.2966200000000001,0.022000000000000002,0.0548,456774636701154.562500
0.29663000000000006,0.0236,0.056400000000000006,456774636701154.562500
0.29664,0.0204,0.055600000000000004,456774636701154.562500
0.2966500000000001,0.0236,0.0572,456774636701154.562500
0.29666000000000003,0.0228,0.056400000000000006,456774636701154.562500
0.2966700000000001,0.0228,0.0572,456774636701154.562500
0.29668000000000005,0.0204,0.0524,456774636701154.562500
0.2966900000000001,0.0236,0.056400000000000006,456774636701154.562500
0.2967000000000001,0.0228,0.055600000000000004,456774636701154.562500
0.29671000000000003,0.0236,0.056400000000000006,456774636701154.562500
0.2967200000000001,0.022000000000000002,0.056400000000000006,456774636701154.562500
0.29673000000000005,0.0228,0.056400000000000006,456774636701154.562500
0.2967400000000001,0.022000000000000002,0.054,456774636701154.562500
0.29675000000000007,0.0236,0.056400000000000006,456774636701154.562500
0.29676,0.0204,0.056400000000000006,456774636701154.562500
0.2967700000000001,0.0244,0.055600000000000004,456774636701154.562500
0.29678000000000004,0.0236,0.055600000000000004,456774636701154.562500
0.2967900000000001,0.0252,0.054,456774636701154.562500
0.29680000000000006,0.0236,0.0548,456774636701154.562500
0.29681,0.0244,0.0548,456774636701154.562500
0.2968200000000001,0.0236,0.056400000000000006,456774636701154.562500
0.29683000000000004,0.0236,0.058,456774636701154.562500
0.2968400000000001,0.0188,0.056400000000000006,456774636701154.562500
0.29685000000000006,0.022000000000000002,0.055600000000000004,456774636701154.562500
0.29686,0.0228,0.056400000000000006,456774636701154.562500
0.2968700000000001,0.022000000000000002,0.055600000000000004,456774636701154.562500
0.29688000000000003,0.0236,0.055600000000000004,456774636701154.562500
0.2968900000000001,0.0228,0.0572,456774636701154.562500
0.29690000000000005,0.0228,0.0548,456774636701154.562500
0.2969100000000001,0.0212,0.053200000000000004,456774636701154.562500
0.2969200000000001,0.0212,0.056400000000000006,456774636701154.562500
0.29693,0.022000000000000002,0.0524,456774636701154.562500
0.2969400000000001,0.022000000000000002,0.0548,456774636701154.562500
0.29695000000000005,0.0228,0.056400000000000006,456774636701154.562500
0.2969600000000001,0.022000000000000002,0.055600000000000004,456774636701154.562500
0.29697000000000007,0.0236,0.055600000000000004,456774636701154.562500
0.29698,0.022000000000000002,0.0548,456774636701154.562500
0.2969900000000001,0.0236,0.054,456774636701154.562500
0.29700000000000004,0.0236,0.055600000000000004,456774636701154.562500
0.2970100000000001,0.022000000000000002,0.054,456774636701154.562500
0.29702000000000006,0.022000000000000002,0.056400000000000006,456774636701154.562500
0.29703,0.0172,0.056400000000000006,456774636701154.562500
0.2970400000000001,0.022000000000000002,0.0492,456774636701154.562500
0.29705000000000004,0.022000000000000002,0.0468,456774636701154.562500
0.2970600000000001,0.022000000000000002,0.0524,456774636701154.562500
0.29707000000000006,0.0212,0.056400000000000006,456774636701154.562500
0.29708,0.0236,0.0516,456774636701154.562500
0.2970900000000001,0.0228,0.0572,456774636701154.562500
0.29710000000000003,0.0252,0.055600000000000004,456774636701154.562500
0.2971100000000001,0.0244,0.054,456774636701154.562500
0.29712000000000005,0.0244,0.053200000000000004,456774636701154.562500
0.2971300000000001,0.0252,0.055600000000000004,456774636701154.562500
0.29714000000000007,0.0196,0.0548,456774636701154.562500
0.29715,0.0212,0.058800000000000005,456774636701154.562500
0.2971600000000001,0.018000000000000002,0.058,456774636701154.562500
0.29717000000000005,0.0236,0.050800000000000005,456774636701154.562500
0.2971800000000001,0.0236,0.0492,456774636701154.562500
0.29719000000000007,0.0236,0.050800000000000005,456774636701154.562500
0.2972,0.0236,0.058,456774636701154.562500
0.2972100000000001,0.022000000000000002,0.050800000000000005,456774636701154.562500
0.29722000000000004,0.022000000000000002,0.0572,456774636701154.562500
0.2972300000000001,0.022000000000000002,0.055600000000000004,456774636701154.562500
0.29724000000000006,0.0228,0.054,456774636701154.562500
0.29725,0.022000000000000002,0.0524,456774636701154.562500
0.2972600000000001,0.0228,0.045200000000000004,456774636701154.562500
0.29727000000000003,0.0228,0.0524,456774636701154.562500
0.2972800000000001,0.0228,0.055600000000000004,456774636701154.562500
0.29729000000000005,0.0244,0.0572,456774636701154.562500
0.2973000000000001,0.0204,0.054,456774636701154.562500
0.2973100000000001,0.0228,0.056400000000000006,456774636701154.562500
0.29732000000000003,0.0212,0.045200000000000004,456774636701154.562500
0.2973300000000001,0.0228,0.046,456774636701154.562500
0.29734000000000005,0.0228,0.0492,456774636701154.562500
0.2973500000000001,0.0212,0.0524,456774636701154.562500
0.29736000000000007,0.0236,0.050800000000000005,456774636701154.562500
0.29737,0.0196,0.055600000000000004,456774636701154.562500
0.2973800000000001,0.0212,0.055600000000000004,456774636701154.562500
0.29739000000000004,0.0236,0.05,456774636701154.562500
0.2974000000000001,0.0228,0.0548,456774636701154.562500
0.29741000000000006,0.0252,0.055600000000000004,456774636701154.562500
0.29742,0.0164,0.05,456774636701154.562500
0.2974300000000001,0.0244,0.055600000000000004,456774636701154.562500
0.29744000000000004,0.022000000000000002,0.0524,456774636701154.562500
0.2974500000000001,0.018000000000000002,0.0468,456774636701154.562500
0.29746000000000006,0.022000000000000002,0.0524,456774636701154.562500
0.29747,0.0236,0.0524,456774636701154.562500
0.2974800000000001,0.0228,0.058,456774636701154.562500
0.29749000000000003,0.0228,0.056400000000000006,456774636701154.562500
0.2975000000000001,0.0228,0.056400000000000006,456774636701154.562500
0.29751000000000005,0.0204,0.0572,456774636701154.562500
0.2975200000000001,0.0212,0.0572,456774636701154.562500
0.29753000000000007,0.022000000000000002,0.054,456774636701154.562500
0.29754,0.022000000000000002,0.056400000000000006,456774636701154.562500
0.2975500000000001,0.0212,0.055600000000000004,456774636701154.562500
0.29756000000000005,0.0196,0.055600000000000004,456774636701154.562500
0.2975700000000001,0.0228,0.055600000000000004,456774636701154.562500
0.29758000000000007,0.0228,0.0516,456774636701154.562500
0.29759,0.0228,0.056400000000000006,456774636701154.562500
0.2976000000000001,0.0228,0.0492,456774636701154.562500
0.29761000000000004,0.0236,0.054,456774636701154.562500
0.2976200000000001,0.0228,0.048400000000000006,456774636701154.562500
0.29763000000000006,0.022000000000000002,0.053200000000000004,456774636701154.562500
0.29764,0.0204,0.0476,456774636701154.562500
0.2976500000000001,0.0212,0.055600000000000004,456774636701154.562500
0.29766000000000004,0.0196,0.056400000000000006,456774636701154.562500
0.2976700000000001,0.0196,0.0572,456774636701154.562500
0.29768000000000006,0.0228,0.055600000000000004,456774636701154.562500
0.29769,0.0228,0.053200000000000004,456774636701154.562500
0.2977000000000001,0.026000000000000002,0.055600000000000004,456774636701154.562500
0.29771000000000003,0.0212,0.0572,456774636701154.562500
0.2977200000000001,0.0244,0.0548,456774636701154.562500
0.29773000000000005,0.0236,0.055600000000000004,456774636701154.562500
0.2977400000000001,0.0236,0.054,456774636701154.562500
0.29775000000000007,0.0212,0.0476,456774636701154.562500
0.29776,0.0212,0.050800000000000005,456774636701154.562500
0.2977700000000001,0.0196,0.0476,456774636701154.562500
0.29778000000000004,0.0196,0.0476,456774636701154.562500
0.2977900000000001,0.0188,0.0492,456774636701154.562500
0.29780000000000006,0.0204,0.058,456774636701154.562500
0.29781,0.0188,0.053200000000000004,456774636701154.562500
0.2978200000000001,0.0204,0.058,456774636701154.562500
0.29783000000000004,0.0188,0.0548,456774636701154.562500
0.2978400000000001,0.0204,0.054,456774636701154.562500
0.29785000000000006,0.0196,0.055600000000000004,456774636701154.562500
0.29786,0.022000000000000002,0.0516,456774636701154.562500
0.2978700000000001,0.022000000000000002,0.054,456774636701154.562500
0.29788000000000003,0.0228,0.048400000000000006,456774636701154.562500
0.2978900000000001,0.0228,0.056400000000000006,456774636701154.562500
0.29790000000000005,0.0132,0.0524,456774636701154.562500
0.2979100000000001,0.0196,0.056400000000000006,456774636701154.562500
0.2979200000000001,0.0212,0.0572,456774636701154.562500
0.29793000000000003,0.0236,0.058,456774636701154.562500
0.2979400000000001,0.0236,0.056400000000000006,456774636701154.562500
0.29795000000000005,0.0236,0.0572,456774636701154.562500
0.2979600000000001,0.0228,0.0548,456774636701154.562500
0.29797000000000007,0.0252,0.0572,456774636701154.562500
0.29798,0.0252,0.0548,456774636701154.562500
0.2979900000000001,0.0252,0.056400000000000006,456774636701154.562500
0.29800000000000004,0.0244,0.055600000000000004,456774636701154.562500
0.2980100000000001,0.0252,0.0572,456774636701154.562500
0.29802000000000006,0.026000000000000002,0.055600000000000004,456774636701154.562500
0.29803,0.022000000000000002,0.058,456774636701154.562500
0.2980400000000001,0.0244,0.0548,456774636701154.562500
0.29805000000000004,0.0244,0.056400000000000006,456774636701154.562500
0.2980600000000001,0.0236,0.056400000000000006,456774636701154.562500
0.29807000000000006,0.0236,0.056400000000000006,456774636701154.562500
0.29808,0.0244,0.054,456774636701154.562500
0.2980900000000001,0.0236,0.0572,456774636701154.562500
0.29810000000000003,0.0228,0.056400000000000006,456774636701154.562500
0.2981100000000001,0.022000000000000002,0.058,456774636701154.562500
0.29812000000000005,0.0236,0.0572,456774636701154.562500
0.2981300000000001,0.0212,0.0548,456774636701154.562500
0.29814000000000007,0.0236,0.055600000000000004,456774636701154.562500
0.29815,0.0228,0.058,456774636701154.562500
0.2981600000000001,0.0204,0.0548,456774636701154.562500
0.29817000000000005,0.0196,0.0548,456774636701154.562500
0.2981800000000001,0.0148,0.058,456774636701154.562500
0.29819000000000007,0.0212,0.056400000000000006,456774636701154.562500
0.2982,0.0212,0.0572,456774636701154.562500
0.2982100000000001,0.022000000000000002,0.056400000000000006,456774636701154.562500
0.29822000000000004,0.0236,0.0548,456774636701154.562500
0.2982300000000001,0.0228,0.055600000000000004,456774636701154.562500
0.29824000000000006,0.0236,0.055600000000000004,456774636701154.562500
0.29825,0.022000000000000002,0.056400000000000006,456774636701154.562500
0.2982600000000001,0.0236,0.0516,456774636701154.562500
0.29827000000000004,0.0236,0.054,456774636701154.562500
0.2982800000000001,0.0236,0.050800000000000005,456774636701154.562500
0.29829000000000006,0.0172,0.0548,456774636701154.562500
0.2983000000000001,0.0244,0.0468,456774636701154.562500
0.2983100000000001,0.022000000000000002,0.055600000000000004,456774636701154.562500
0.29832000000000003,0.0252,0.056400000000000006,456774636701154.562500
0.2983300000000001,0.0236,0.053200000000000004,456774636701154.562500
0.29834000000000005,0.0236,0.05,456774636701154.562500
0.2983500000000001,0.0228,0.05,456774636701154.562500
0.29836000000000007,0.0228,0.045200000000000004,456774636701154.562500
0.29837,0.0244,0.053200000000000004,456774636701154.562500
0.2983800000000001,0.0244,0.054,456774636701154.562500
0.29839000000000004,0.0252,0.055600000000000004,456774636701154.562500
0.2984000000000001,0.0212,0.055600000000000004,456774636701154.562500
0.29841000000000006,0.0204,0.056400000000000006,456774636701154.562500
0.29842,0.0196,0.0524,456774636701154.562500
0.2984300000000001,0.0212,0.048400000000000006,456774636701154.562500
0.29844000000000004,0.0228,0.0476,456774636701154.562500
0.2984500000000001,0.0204,0.0476,456774636701154.562500
0.29846000000000006,0.0212,0.054,456774636701154.562500
0.29847,0.022000000000000002,0.045200000000000004,456774636701154.562500
0.2984800000000001,0.0204,0.05,456774636701154.562500
0.29849000000000003,0.022000000000000002,0.050800000000000005,456774636701154.562500
0.2985000000000001,0.0212,0.0572,456774636701154.562500
0.29851000000000005,0.022000000000000002,0.056400000000000006,456774636701154.562500
0.2985200000000001,0.0204,0.055600000000000004,456774636701154.562500
0.2985300000000001,0.022000000000000002,0.055600000000000004,456774636701154.562500
0.29854,0.022000000000000002,0.0524,456774636701154.562500
0.2985500000000001,0.022000000000000002,0.0572,456774636701154.562500
0.29856000000000005,0.0228,0.0572,456774636701154.562500
0.2985700000000001,0.0212,0.056400000000000006,456774636701154.562500
0.29858000000000007,0.0236,0.055600000000000004,456774636701154.562500
0.29859,0.0236,0.054,456774636701154.562500
0.2986000000000001,0.0236,0.054,456774636701154.562500
0.29861000000000004,0.0244,0.055600000000000004,456774636701154.562500
0.2986200000000001,0.0228,0.0572,456774636701154.562500
0.29863000000000006,0.0244,0.055600000000000004,456774636701154.562500
0.29864,0.0244,0.056400000000000006,456774636701154.562500
0.2986500000000001,0.022000000000000002,0.055600000000000004,456774636701154.562500
0.29866000000000004,0.0244,0.055600000000000004,456774636701154.562500
0.2986700000000001,0.0236,0.056400000000000006,456774636701154.562500
0.29868000000000006,0.0236,0.055600000000000004,456774636701154.562500
0.29869,0.0228,0.0572,456774636701154.562500
0.2987000000000001,0.0244,0.058,456774636701154.562500
0.29871000000000003,0.022000000000000002,0.0548,456774636701154.562500
0.2987200000000001,0.022000000000000002,0.053200000000000004,456774636701154.562500
0.29873000000000005,0.0212,0.056400000000000006,456774636701154.562500
0.2987400000000001,0.0228,0.056400000000000006,456774636701154.562500
0.29875000000000007,0.0196,0.050800000000000005,456774636701154.562500
0.29876,0.022000000000000002,0.056400000000000006,456774636701154.562500
0.2987700000000001,0.0212,0.053200000000000004,456774636701154.562500
0.29878000000000005,0.0212,0.056400000000000006,456774636701154.562500
0.2987900000000001,0.0228,0.0524,456774636701154.562500
0.29880000000000007,0.0204,0.0572,456774636701154.562500
0.29881,0.022000000000000002,0.054,456774636701154.562500
0.2988200000000001,0.022000000000000002,0.0548,456774636701154.562500
0.29883000000000004,0.0212,0.0572,456774636701154.562500
0.2988400000000001,0.022000000000000002,0.053200000000000004,456774636701154.562500
0.29885000000000006,0.022000000000000002,0.055600000000000004,456774636701154.562500
0.29886,0.0236,0.042800000000000005,456774636701154.562500
0.2988700000000001,0.0244,0.0572,456774636701154.562500
0.29888000000000003,0.0236,0.054,456774636701154.562500
0.2988900000000001,0.0236,0.053200000000000004,456774636701154.562500
0.29890000000000005,0.0212,0.054,456774636701154.562500
0.2989100000000001,0.0228,0.045200000000000004,456774636701154.562500
0.2989200000000001,0.0188,0.046,456774636701154.562500
0.29893000000000003,0.0244,0.050800000000000005,456774636701154.562500
0.2989400000000001,0.0244,0.0524,456774636701154.562500
0.29895000000000005,0.0228,0.054,456774636701154.562500
0.2989600000000001,0.0204,0.055600000000000004,456774636701154.562500
0.29897000000000007,0.0164,0.056400000000000006,456774636701154.562500
0.29898,0.0228,0.055600000000000004,456774636701154.562500
0.2989900000000001,0.0196,0.0548,456774636701154.562500
0.29900000000000004,0.0196,0.055600000000000004,456774636701154.562500
0.2990100000000001,0.0204,0.056400000000000006,456774636701154.562500
0.29902000000000006,0.022000000000000002,0.05,456774636701154.562500
0.29903,0.0172,0.056400000000000006,456774636701154.562500
0.2990400000000001,0.0204,0.056400000000000006,456774636701154.562500
0.29905000000000004,0.0228,0.0572,456774636701154.562500
0.2990600000000001,0.0196,0.0572,456774636701154.562500
0.29907000000000006,0.0212,0.055600000000000004,456774636701154.562500
0.29908,0.015600000000000001,0.058,456774636701154.562500
0.2990900000000001,0.0196,0.055600000000000004,456774636701154.562500
0.29910000000000003,0.0196,0.0548,456774636701154.562500
0.2991100000000001,0.0228,0.054,456774636701154.562500
0.29912000000000005,0.0236,0.0468,456774636701154.562500
0.2991300000000001,0.022000000000000002,0.0468,456774636701154.562500
0.2991400000000001,0.022000000000000002,0.0492,456774636701154.562500
0.29915,0.018000000000000002,0.042800000000000005,456774636701154.562500
0.2991600000000001,0.0244,0.048400000000000006,456774636701154.562500
0.29917000000000005,0.0236,0.05,456774636701154.562500
0.2991800000000001,0.0244,0.053200000000000004,456774636701154.562500
0.29919000000000007,0.0244,0.0524,456774636701154.562500
0.2992,0.022000000000000002,0.056400000000000006,456774636701154.562500
0.2992100000000001,0.0212,0.053200000000000004,456774636701154.562500
0.29922000000000004,0.0236,0.048400000000000006,456774636701154.562500
0.2992300000000001,0.022000000000000002,0.045200000000000004,456774636701154.562500
0.29924000000000006,0.0244,0.05,456774636701154.562500
0.29925,0.0236,0.05,456774636701154.562500
0.2992600000000001,0.0244,0.0492,456774636701154.562500
0.29927000000000004,0.022000000000000002,0.0412,456774636701154.562500
0.2992800000000001,0.0228,0.0516,456774636701154.562500
0.29929000000000006,0.0228,0.0476,456774636701154.562500
0.2993,0.022000000000000002,0.05,456774636701154.562500
0.2993100000000001,0.022000000000000002,0.042800000000000005,456774636701154.562500
0.29932000000000003,0.0236,0.055600000000000004,456774636701154.562500
0.2993300000000001,0.0212,0.0572,456774636701154.562500
0.29934000000000005,0.0188,0.0524,456774636701154.562500
0.2993500000000001,0.018000000000000002,0.0492,456774636701154.562500
0.29936000000000007,0.022000000000000002,0.0476,456774636701154.562500
0.29937,0.0212,0.0548,456774636701154.562500
0.2993800000000001,0.0204,0.054,456774636701154.562500
0.29939000000000004,0.0196,0.055600000000000004,456774636701154.562500
0.2994000000000001,0.0204,0.055600000000000004,456774636701154.562500
0.29941000000000006,0.0188,0.056400000000000006,456774636701154.562500
0.29942,0.0212,0.0492,456774636701154.562500
0.2994300000000001,0.022000000000000002,0.056400000000000006,456774636701154.562500
0.29944000000000004,0.0212,0.056400000000000006,456774636701154.562500
0.2994500000000001,0.0244,0.0572,456774636701154.562500
0.29946000000000006,0.0236,0.056400000000000006,456774636701154.562500
0.29947,0.0236,0.056400000000000006,456774636701154.562500
0.2994800000000001,0.0188,0.056400000000000006,456774636701154.562500
0.29949000000000003,0.0228,0.0572,456774636701154.562500
0.2995000000000001,0.0236,0.0548,456774636701154.562500
0.29951000000000005,0.0236,0.056400000000000006,456774636701154.562500
0.2995200000000001,0.0252,0.0492,456774636701154.562500
0.2995300000000001,0.0244,0.056400000000000006,456774636701154.562500
0.29954000000000003,0.022000000000000002,0.0492,456774636701154.562500
0.2995500000000001,0.026000000000000002,0.056400000000000006,456774636701154.562500
0.29956000000000005,0.0252,0.055600000000000004,456774636701154.562500
0.2995700000000001,0.0252,0.056400000000000006,456774636701154.562500
0.29958000000000007,0.0196,0.055600000000000004,456774636701154.562500
0.29959,0.022000000000000002,0.0524,456774636701154.562500
0.2996000000000001,0.0196,0.058,456774636701154.562500
0.29961000000000004,0.022000000000000002,0.0516,456774636701154.562500
0.2996200000000001,0.0244,0.0572,456774636701154.562500
0.29963000000000006,0.022000000000000002,0.053200000000000004,456774636701154.562500
0.29964,0.022000000000000002,0.058,456774636701154.562500
0.2996500000000001,0.022000000000000002,0.0548,456774636701154.562500
0.29966000000000004,0.022000000000000002,0.055600000000000004,456774636701154.562500
0.2996700000000001,0.0228,0.0524,456774636701154.562500
0.29968000000000006,0.0244,0.0572,456774636701154.562500
0.29969,0.022000000000000002,0.055600000000000004,456774636701154.562500
0.2997000000000001,0.0204,0.054,456774636701154.562500
0.29971000000000003,0.022000000000000002,0.056400000000000006,456774636701154.562500
0.2997200000000001,0.0228,0.056400000000000006,456774636701154.562500
0.29973000000000005,0.0212,0.0572,456774636701154.562500
0.2997400000000001,0.0236,0.055600000000000004,456774636701154.562500
0.29975000000000007,0.022000000000000002,0.0516,456774636701154.562500
0.29976,0.022000000000000002,0.0548,456774636701154.562500
0.2997700000000001,0.0236,0.056400000000000006,456774636701154.562500
0.29978000000000005,0.0236,0.055600000000000004,456774636701154.562500
0.2997900000000001,0.0244,0.056400000000000006,456774636701154.562500
0.29980000000000007,0.0236,0.056400000000000006,456774636701154.562500
0.29981,0.0228,0.054,456774636701154.562500
0.2998200000000001,0.0252,0.056400000000000006,456774636701154.562500
0.29983000000000004,0.0244,0.055600000000000004,456774636701154.562500
0.2998400000000001,0.0236,0.0572,456774636701154.562500
0.29985000000000006,0.0252,0.058,456774636701154.562500
0.29986,0.0204,0.058,456774636701154.562500
0.2998700000000001,0.0228,0.058,456774636701154.562500
0.29988000000000004,0.0236,0.054,456774636701154.562500
0.2998900000000001,0.0228,0.0572,456774636701154.562500
0.29990000000000006,0.022000000000000002,0.0548,456774636701154.562500
0.2999100000000001,0.022000000000000002,0.058,456774636701154.562500
0.2999200000000001,0.022000000000000002,0.053200000000000004,456774636701154.562500
0.29993000000000003,0.022000000000000002,0.056400000000000006,456774636701154.562500
0.2999400000000001,0.0228,0.0524,456774636701154.562500
0.29995000000000005,0.0212,0.056400000000000006,456774636701154.562500
0.2999600000000001,0.022000000000000002,0.055600000000000004,456774636701154.562500
0.29997000000000007,0.0212,0.0516,456774636701154.562500
0.29998,0.022000000000000002,0.0572,456774636701154.562500
0.2999900000000001,0.0228,0.0548,456774636701154.562500
0.30000000000000004,0.0228,0.0548,456774636701154.562500
0.3000100000000001,0.022000000000000002,0.056400000000000006,456774636701154.562500
0.30002000000000006,0.0236,0.056400000000000006,456774636701154.562500
0.30003,0.022000000000000002,0.054,456774636701154.562500
0.3000400000000001,0.0228,0.055600000000000004,456774636701154.562500
0.30005000000000004,0.0244,0.056400000000000006,456774636701154.562500
0.3000600000000001,0.022000000000000002,0.053200000000000004,456774636701154.562500
0.30007000000000006,0.022000000000000002,0.054,456774636701154.562500
0.30008,0.022000000000000002,0.054,456774636701154.562500
0.3000900000000001,0.0236,0.05,456774636701154.562500
0.30010000000000003,0.0212,0.058,456774636701154.562500
0.3001100000000001,0.0244,0.0572,456774636701154.562500
0.30012000000000005,0.0228,0.056400000000000006,456774636701154.562500
0.3001300000000001,0.0252,0.0572,456774636701154.562500
0.3001400000000001,0.0212,0.055600000000000004,456774636701154.562500
0.30015000000000003,0.0244,0.054,456774636701154.562500
0.3001600000000001,0.0228,0.058,456774636701154.562500
0.30017000000000005,0.0244,0.055600000000000004,456774636701154.562500
0.3001800000000001,0.0236,0.056400000000000006,456774636701154.562500
0.30019000000000007,0.022000000000000002,0.053200000000000004,456774636701154.562500
0.3002,0.0188,0.055600000000000004,456774636701154.562500
0.3002100000000001,0.0236,0.058,456774636701154.562500
0.30022000000000004,0.0228,0.0572,456774636701154.562500
0.3002300000000001,0.0212,0.054,456774636701154.562500
0.30024000000000006,0.0204,0.054,456774636701154.562500
0.30025,0.022000000000000002,0.056400000000000006,456774636701154.562500
0.3002600000000001,0.022000000000000002,0.056400000000000006,456774636701154.562500
0.30027000000000004,0.0228,0.055600000000000004,456774636701154.562500
0.3002800000000001,0.0228,0.0572,456774636701154.562500
0.30029000000000006,0.0196,0.0548,456774636701154.562500
0.3003,0.022000000000000002,0.054,456774636701154.562500
0.3003100000000001,0.0196,0.056400000000000006,456774636701154.562500
0.30032000000000003,0.0204,0.0548,456774636701154.562500
0.3003300000000001,0.0204,0.0524,456774636701154.562500
0.30034000000000005,0.0236,0.055600000000000004,456774636701154.562500
0.3003500000000001,0.022000000000000002,0.053200000000000004,456774636701154.562500
0.30036000000000007,0.0236,0.055600000000000004,456774636701154.562500
0.30037,0.0228,0.055600000000000004,456774636701154.562500
0.3003800000000001,0.0236,0.055600000000000004,456774636701154.562500
0.30039000000000005,0.0228,0.0548,456774636701154.562500
0.3004000000000001,0.022000000000000002,0.058,456774636701154.562500
0.30041000000000007,0.0244,0.054,456774636701154.562500
0.30042,0.022000000000000002,0.056400000000000006,456774636701154.562500
0.3004300000000001,0.0204,0.054,456774636701154.562500
0.30044000000000004,0.0252,0.046,456774636701154.562500
0.3004500000000001,0.0252,0.0516,456774636701154.562500
0.30046000000000006,0.026000000000000002,0.053200000000000004,456774636701154.562500
0.30047,0.022000000000000002,0.054,456774636701154.562500
0.3004800000000001,0.0236,0.0468,456774636701154.562500
0.30049000000000003,0.0228,0.05,456774636701154.562500
0.3005000000000001,0.022000000000000002,0.0516,456774636701154.562500
0.30051000000000005,0.0236,0.050800000000000005,456774636701154.562500
0.3005200000000001,0.022000000000000002,0.0524,456774636701154.562500
0.3005300000000001,0.022000000000000002,0.0572,456774636701154.562500
0.30054000000000003,0.0188,0.055600000000000004,456774636701154.562500
0.3005500000000001,0.022000000000000002,0.056400000000000006,456774636701154.562500
0.30056000000000005,0.0188,0.056400000000000006,456774636701154.562500
0.3005700000000001,0.022000000000000002,0.056400000000000006,456774636701154.562500
0.30058000000000007,0.0212,0.053200000000000004,456774636701154.562500
0.30059,0.022000000000000002,0.055600000000000004,456774636701154.562500
0.3006000000000001,0.0196,0.0548,456774636701154.562500
0.30061000000000004,0.0228,0.056400000000000006,456774636701154.562500
0.3006200000000001,0.0196,0.0572,456774636701154.562500
0.30063000000000006,0.0228,0.056400000000000006,456774636701154.562500
0.30064,0.022000000000000002,0.055600000000000004,456774636701154.562500
0.3006500000000001,0.022000000000000002,0.0572,456774636701154.562500
0.30066000000000004,0.0204,0.055600000000000004,456774636701154.562500
0.3006700000000001,0.0188,0.054,456774636701154.562500
0.30068000000000006,0.0196,0.0572,456774636701154.562500
0.30069,0.0148,0.056400000000000006,456774636701154.562500
0.3007000000000001,0.0236,0.053200000000000004,456774636701154.562500
0.30071000000000003,0.0212,0.0548,456774636701154.562500
0.3007200000000001,0.026000000000000002,0.056400000000000006,456774636701154.562500
0.30073000000000005,0.0244,0.056400000000000006,456774636701154.562500
0.3007400000000001,0.0252,0.056400000000000006,456774636701154.562500
0.3007500000000001,0.0236,0.056400000000000006,456774636701154.562500
0.30076,0.0244,0.054,456774636701154.562500
0.3007700000000001,0.022000000000000002,0.054,456774636701154.562500
0.30078000000000005,0.022000000000000002,0.055600000000000004,456774636701154.562500
0.3007900000000001,0.0204,0.055600000000000004,456774636701154.562500
0.30080000000000007,0.0252,0.0492,456774636701154.562500
0.30081,0.022000000000000002,0.055600000000000004,456774636701154.562500
0.3008200000000001,0.0228,0.0492,456774636701154.562500
0.30083000000000004,0.0228,0.0572,456774636701154.562500
0.3008400000000001,0.0196,0.056400000000000006,456774636701154.562500
0.30085000000000006,0.0228,0.0572,456774636701154.562500
0.30086,0.022000000000000002,0.050800000000000005,456774636701154.562500
0.3008700000000001,0.022000000000000002,0.0548,456774636701154.562500
0.30088000000000004,0.0204,0.0572,456774636701154.562500
0.3008900000000001,0.0228,0.056400000000000006,456774636701154.562500
0.30090000000000006,0.022000000000000002,0.056400000000000006,456774636701154.562500
0.30091,0.0212,0.058,456774636701154.562500
0.3009200000000001,0.0188,0.055600000000000004,456774636701154.562500
0.30093000000000003,0.0212,0.0572,456774636701154.562500
0.3009400000000001,0.0204,0.05,456774636701154.562500
0.30095000000000005,0.0188,0.053200000000000004,456774636701154.562500
0.3009600000000001,0.0196,0.056400000000000006,456774636701154.562500
0.30097000000000007,0.0244,0.054,456774636701154.562500
0.30098,0.022000000000000002,0.0572,456774636701154.562500
0.3009900000000001,0.0212,0.053200000000000004,456774636701154.562500
0.30100000000000005,0.022000000000000002,0.054,456774636701154.562500
0.3010100000000001,0.0244,0.0548,456774636701154.562500
0.30102000000000007,0.0244,0.0548,456774636701154.562500
0.30103,0.0212,0.0492,456774636701154.562500
0.3010400000000001,0.0196,0.0548,456774636701154.562500
0.30105000000000004,0.022000000000000002,0.0548,456774636701154.562500
0.3010600000000001,0.0244,0.055600000000000004,456774636701154.562500
0.30107000000000006,0.0236,0.055600000000000004,456774636701154.562500
0.30108,0.0236,0.056400000000000006,456774636701154.562500
0.3010900000000001,0.0236,0.055600000000000004,456774636701154.562500
0.30110000000000003,0.0244,0.053200000000000004,456774636701154.562500
0.3011100000000001,0.022000000000000002,0.0524,456774636701154.562500
0.30112000000000005,0.022000000000000002,0.056400000000000006,456774636701154.562500
0.3011300000000001,0.015600000000000001,0.0516,456774636701154.562500
0.3011400000000001,0.0228,0.0572,456774636701154.562500
0.30115000000000003,0.0212,0.055600000000000004,456774636701154.562500
0.3011600000000001,0.0228,0.054,456774636701154.562500
0.30117000000000005,0.0228,0.054,456774636701154.562500
0.3011800000000001,0.0228,0.0516,456774636701154.562500
0.30119000000000007,0.0196,0.056400000000000006,456774636701154.562500
0.3012,0.022000000000000002,0.054,456774636701154.562500
0.3012100000000001,0.0212,0.056400000000000006,456774636701154.562500
0.30122000000000004,0.0212,0.048400000000000006,456774636701154.562500
0.3012300000000001,0.0204,0.055600000000000004,456774636701154.562500
0.30124000000000006,0.0228,0.055600000000000004,456774636701154.562500
0.30125,0.0204,0.0572,456774636701154.562500
0.3012600000000001,0.0228,0.05,456774636701154.562500
0.30127000000000004,0.022000000000000002,0.0572,456774636701154.562500
0.3012800000000001,0.0212,0.054,456774636701154.562500
0.30129000000000006,0.022000000000000002,0.056400000000000006,456774636701154.562500
0.3013,0.0196,0.054,456774636701154.562500
0.3013100000000001,0.022000000000000002,0.056400000000000006,456774636701154.562500
0.30132000000000003,0.0188,0.054,456774636701154.562500
0.3013300000000001,0.0196,0.050800000000000005,456774636701154.562500
0.30134000000000005,0.018000000000000002,0.0572,456774636701154.562500
0.3013500000000001,0.0236,0.0516,456774636701154.562500
0.3013600000000001,0.0212,0.0572,456774636701154.562500
0.30137,0.0236,0.056400000000000006,456774636701154.562500
0.3013800000000001,0.0212,0.0548,456774636701154.562500
0.30139000000000005,0.0244,0.050800000000000005,456774636701154.562500
0.3014000000000001,0.0244,0.0572,456774636701154.562500
0.30141000000000007,0.0244,0.053200000000000004,456774636701154.562500
0.30142,0.0244,0.056400000000000006,456774636701154.562500
0.3014300000000001,0.022000000000000002,0.046,456774636701154.562500
0.30144000000000004,0.0236,0.0548,456774636701154.562500
0.3014500000000001,0.022000000000000002,0.0548,456774636701154.562500
0.30146000000000006,0.0212,0.055600000000000004,456774636701154.562500
0.30147,0.022000000000000002,0.055600000000000004,456774636701154.562500
0.3014800000000001,0.0188,0.056400000000000006,456774636701154.562500
0.30149000000000004,0.0212,0.0548,456774636701154.562500
0.3015000000000001,0.0204,0.056400000000000006,456774636701154.562500
0.30151000000000006,0.022000000000000002,0.055600000000000004,456774636701154.562500
0.30152,0.022000000000000002,0.056400000000000006,456774636701154.562500
0.3015300000000001,0.022000000000000002,0.0572,456774636701154.562500
0.30154000000000003,0.022000000000000002,0.056400000000000006,456774636701154.562500
0.3015500000000001,0.0212,0.0572,456774636701154.562500
0.30156000000000005,0.0212,0.0572,456774636701154.562500
0.3015700000000001,0.0212,0.055600000000000004,456774636701154.562500
0.30158000000000007,0.0204,0.056400000000000006,456774636701154.562500
0.30159,0.0228,0.0516,456774636701154.562500
0.3016000000000001,0.0228,0.055600000000000004,456774636701154.562500
0.30161000000000004,0.022000000000000002,0.048400000000000006,456774636701154.562500
0.3016200000000001,0.0228,0.056400000000000006,456774636701154.562500
0.30163000000000006,0.0228,0.056400000000000006,456774636701154.562500
0.30164,0.0244,0.050800000000000005,456774636701154.562500
0.3016500000000001,0.0236,0.058,456774636701154.562500
0.30166000000000004,0.0252,0.0524,456774636701154.562500
0.3016700000000001,0.0236,0.05,456774636701154.562500
0.30168000000000006,0.0196,0.055600000000000004,456774636701154.562500
0.30169,0.0236,0.056400000000000006,456774636701154.562500
0.3017000000000001,0.0236,0.0548,456774636701154.562500
0.30171000000000003,0.022000000000000002,0.0492,456774636701154.562500
0.3017200000000001,0.0244,0.056400000000000006,456774636701154.562500
0.30173000000000005,0.0244,0.055600000000000004,456774636701154.562500
0.3017400000000001,0.0196,0.053200000000000004,456774636701154.562500
0.3017500000000001,0.0228,0.0516,456774636701154.562500
0.30176000000000003,0.0196,0.056400000000000006,456774636701154.562500
0.3017700000000001,0.022000000000000002,0.056400000000000006,456774636701154.562500
0.30178000000000005,0.0196,0.058,456774636701154.562500
0.3017900000000001,0.0212,0.054,456774636701154.562500
0.30180000000000007,0.0188,0.0572,456774636701154.562500
0.30181,0.0228,0.0572,456774636701154.562500
0.3018200000000001,0.0212,0.0548,456774636701154.562500
0.30183000000000004,0.0204,0.0572,456774636701154.562500
0.3018400000000001,0.015600000000000001,0.054,456774636701154.562500
0.30185000000000006,0.0228,0.056400000000000006,456774636701154.562500
0.30186,0.022000000000000002,0.056400000000000006,456774636701154.562500
0.3018700000000001,0.0236,0.0524,456774636701154.562500
0.30188000000000004,0.0212,0.0548,456774636701154.562500
0.3018900000000001,0.0228,0.0548,456774636701154.562500
0.30190000000000006,0.0228,0.0548,456774636701154.562500
0.30191,0.0228,0.0524,456774636701154.562500
0.3019200000000001,0.0244,0.0524,456774636701154.562500
0.30193000000000003,0.0236,0.0548,456774636701154.562500
0.3019400000000001,0.0244,0.05,456774636701154.562500
0.30195000000000005,0.026000000000000002,0.0548,456774636701154.562500
0.3019600000000001,0.0228,0.0572,456774636701154.562500
0.30197000000000007,0.0244,0.056400000000000006,456774636701154.562500
0.30198,0.0244,0.055600000000000004,456774636701154.562500
0.3019900000000001,0.0252,0.056400000000000006,456774636701154.562500
0.30200000000000005,0.0252,0.053200000000000004,456774636701154.562500
0.3020100000000001,0.0204,0.056400000000000006,456774636701154.562500
0.30202000000000007,0.0236,0.0524,456774636701154.562500
0.30203,0.022000000000000002,0.0572,456774636701154.562500
0.3020400000000001,0.0236,0.0524,456774636701154.562500
0.30205000000000004,0.0204,0.0572,456774636701154.562500
0.3020600000000001,0.0236,0.0548,456774636701154.562500
0.30207000000000006,0.0236,0.0548,456774636701154.562500
0.30208,0.0244,0.056400000000000006,456774636701154.562500
0.3020900000000001,0.0228,0.055600000000000004,456774636701154.562500
0.30210000000000004,0.0228,0.058800000000000005,456774636701154.562500
0.3021100000000001,0.0236,0.0516,456774636701154.562500
0.30212000000000006,0.0212,0.055600000000000004,456774636701154.562500
0.3021300000000001,0.0212,0.0548,456774636701154.562500
0.3021400000000001,0.0212,0.0524,456774636701154.562500
0.30215000000000003,0.0212,0.0548,456774636701154.562500
0.3021600000000001,0.022000000000000002,0.05,456774636701154.562500
0.30217000000000005,0.0228,0.056400000000000006,456774636701154.562500
0.3021800000000001,0.0212,0.053200000000000004,456774636701154.562500
0.30219000000000007,0.022000000000000002,0.055600000000000004,456774636701154.562500
0.3022,0.0212,0.055600000000000004,456774636701154.562500
0.3022100000000001,0.0228,0.05,456774636701154.562500
0.30222000000000004,0.0236,0.056400000000000006,456774636701154.562500
0.3022300000000001,0.0244,0.058,456774636701154.562500
0.30224000000000006,0.0204,0.056400000000000006,456774636701154.562500
0.30225,0.0148,0.0548,456774636701154.562500
0.3022600000000001,0.0172,0.055600000000000004,456774636701154.562500
0.30227000000000004,0.0172,0.054,456774636701154.562500
0.3022800000000001,0.0196,0.055600000000000004,456774636701154.562500
0.30229000000000006,0.0196,0.056400000000000006,456774636701154.562500
0.3023,0.0228,0.055600000000000004,456774636701154.562500
0.3023100000000001,0.0244,0.0572,456774636701154.562500
0.30232000000000003,0.022000000000000002,0.054,456774636701154.562500
0.3023300000000001,0.0236,0.058,456774636701154.562500
0.30234000000000005,0.022000000000000002,0.058,456774636701154.562500
0.3023500000000001,0.0228,0.054,456774636701154.562500
0.3023600000000001,0.0172,0.056400000000000006,456774636701154.562500
0.30237,0.0212,0.055600000000000004,456774636701154.562500
0.3023800000000001,0.0148,0.0492,456774636701154.562500
0.30239000000000005,0.0196,0.056400000000000006,456774636701154.562500
0.3024000000000001,0.022000000000000002,0.054,456774636701154.562500
0.30241000000000007,0.0228,0.056400000000000006,456774636701154.562500
0.30242,0.022000000000000002,0.0572,456774636701154.562500
0.3024300000000001,0.0228,0.056400000000000006,456774636701154.562500
0.30244000000000004,0.022000000000000002,0.0572,456774636701154.562500
0.3024500000000001,0.0204,0.055600000000000004,456774636701154.562500
0.30246000000000006,0.0188,0.055600000000000004,456774636701154.562500
0.30247,0.022000000000000002,0.054,456774636701154.562500
0.3024800000000001,0.0228,0.0572,456774636701154.562500
0.30249000000000004,0.0204,0.0572,456774636701154.562500
0.3025000000000001,0.0228,0.0572,456774636701154.562500
0.30251000000000006,0.0236,0.055600000000000004,456774636701154.562500
0.30252,0.0236,0.0572,456774636701154.562500
0.3025300000000001,0.022000000000000002,0.058,456774636701154.562500
0.30254000000000003,0.0244,0.056400000000000006,456774636701154.562500
0.3025500000000001,0.0228,0.055600000000000004,456774636701154.562500
0.30256000000000005,0.0228,0.056400000000000006,456774636701154.562500
0.3025700000000001,0.0244,0.055600000000000004,456774636701154.562500
0.30258000000000007,0.0228,0.056400000000000006,456774636701154.562500
0.30259,0.0252,0.055600000000000004,456774636701154.562500
0.3026000000000001,0.022000000000000002,0.0572,456774636701154.562500
0.30261000000000005,0.0244,0.055600000000000004,456774636701154.562500
0.3026200000000001,0.0244,0.0572,456774636701154.562500
0.30263000000000007,0.0228,0.058,456774636701154.562500
0.30264,0.0236,0.056400000000000006,456774636701154.562500
0.3026500000000001,0.0228,0.055600000000000004,456774636701154.562500
0.30266000000000004,0.0228,0.058,456774636701154.562500
0.3026700000000001,0.0228,0.056400000000000006,456774636701154.562500
0.30268000000000006,0.022000000000000002,0.058,456774636701154.562500
0.30269,0.022000000000000002,0.054,456774636701154.562500
0.3027000000000001,0.015600000000000001,0.058800000000000005,456774636701154.562500
0.30271000000000003,0.0196,0.0524,456774636701154.562500
0.3027200000000001,0.0196,0.055600000000000004,456774636701154.562500
0.30273000000000005,0.0212,0.055600000000000004,456774636701154.562500
0.3027400000000001,0.0172,0.055600000000000004,456774636701154.562500
0.3027500000000001,0.0188,0.0516,456774636701154.562500
0.30276000000000003,0.0172,0.054,456774636701154.562500
0.3027700000000001,0.0228,0.056400000000000006,456774636701154.562500
0.30278000000000005,0.0228,0.055600000000000004,456774636701154.562500
0.3027900000000001,0.0228,0.053200000000000004,456774636701154.562500
0.30280000000000007,0.0244,0.0548,456774636701154.562500
0.30281,0.0236,0.0548,456774636701154.562500
0.3028200000000001,0.0228,0.0572,456774636701154.562500
0.30283000000000004,0.0244,0.048400000000000006,456774636701154.562500
0.3028400000000001,0.0244,0.053200000000000004,456774636701154.562500
0.30285000000000006,0.0236,0.0548,456774636701154.562500
0.30286,0.0244,0.055600000000000004,456774636701154.562500
0.3028700000000001,0.0244,0.056400000000000006,456774636701154.562500
0.30288000000000004,0.0252,0.0516,456774636701154.562500
0.3028900000000001,0.022000000000000002,0.0548,456774636701154.562500
0.30290000000000006,0.0244,0.050800000000000005,456774636701154.562500
0.30291,0.022000000000000002,0.056400000000000006,456774636701154.562500
0.3029200000000001,0.0204,0.0524,456774636701154.562500
0.30293000000000003,0.0228,0.055600000000000004,456774636701154.562500
0.3029400000000001,0.022000000000000002,0.056400000000000006,456774636701154.562500
0.30295000000000005,0.022000000000000002,0.056400000000000006,456774636701154.562500
0.3029600000000001,0.022000000000000002,0.056400000000000006,456774636701154.562500
0.3029700000000001,0.0196,0.053200000000000004,456774636701154.562500
0.30298,0.022000000000000002,0.058,456774636701154.562500
0.3029900000000001,0.0196,0.0516,456774636701154.562500
0.30300000000000005,0.0228,0.055600000000000004,456774636701154.562500
0.3030100000000001,0.0188,0.056400000000000006,456774636701154.562500
0.30302000000000007,0.0236,0.0572,456774636701154.562500
0.30303,0.022000000000000002,0.055600000000000004,456774636701154.562500
0.3030400000000001,0.0196,0.054,456774636701154.562500
0.30305000000000004,0.0212,0.055600000000000004,456774636701154.562500
0.3030600000000001,0.022000000000000002,0.0572,456774636701154.562500
0.30307000000000006,0.0212,0.056400000000000006,456774636701154.562500
0.30308,0.0228,0.056400000000000006,456774636701154.562500
0.3030900000000001,0.0236,0.0572,456774636701154.562500
0.30310000000000004,0.0212,0.0548,456774636701154.562500
0.3031100000000001,0.0236,0.050800000000000005,456774636701154.562500
0.30312000000000006,0.022000000000000002,0.0548,456774636701154.562500
0.30313,0.0236,0.0516,456774636701154.562500
0.3031400000000001,0.0236,0.054,456774636701154.562500
0.30315000000000003,0.0244,0.054,456774636701154.562500
0.3031600000000001,0.0236,0.0516,456774636701154.562500
0.30317000000000005,0.0252,0.055600000000000004,456774636701154.562500
0.3031800000000001,0.0244,0.0548,456774636701154.562500
0.30319000000000007,0.0236,0.0548,456774636701154.562500
0.3032,0.0228,0.050800000000000005,456774636701154.562500
0.3032100000000001,0.0236,0.0572,456774636701154.562500
0.30322000000000005,0.0228,0.055600000000000004,456774636701154.562500
0.3032300000000001,0.018000000000000002,0.0572,456774636701154.562500
0.30324000000000007,0.0244,0.055600000000000004,456774636701154.562500
0.30325,0.0196,0.05,456774636701154.562500
0.3032600000000001,0.022000000000000002,0.0516,456774636701154.562500
0.30327000000000004,0.0228,0.0412,456774636701154.562500
0.3032800000000001,0.0228,0.0476,456774636701154.562500
0.30329000000000006,0.0236,0.048400000000000006,456774636701154.562500
0.3033,0.0228,0.0492,456774636701154.562500
0.3033100000000001,0.0196,0.045200000000000004,456774636701154.562500
0.30332000000000003,0.0204,0.0492,456774636701154.562500
0.3033300000000001,0.022000000000000002,0.040400000000000005,456774636701154.562500
0.30334000000000005,0.0204,0.054,456774636701154.562500
0.3033500000000001,0.022000000000000002,0.0548,456774636701154.562500
0.3033600000000001,0.022000000000000002,0.0548,456774636701154.562500
0.30337000000000003,0.0212,0.048400000000000006,456774636701154.562500
0.3033800000000001,0.0204,0.053200000000000004,456774636701154.562500
0.30339000000000005,0.0188,0.055600000000000004,456774636701154.562500
0.3034000000000001,0.022000000000000002,0.0572,456774636701154.562500
0.30341000000000007,0.018000000000000002,0.058,456774636701154.562500
0.30342,0.022000000000000002,0.055600000000000004,456774636701154.562500
0.3034300000000001,0.0196,0.0548,456774636701154.562500
0.30344000000000004,0.022000000000000002,0.0436,456774636701154.562500
0.3034500000000001,0.0212,0.0516,456774636701154.562500
0.30346000000000006,0.0244,0.0516,456774636701154.562500
0.30347,0.0196,0.0548,456774636701154.562500
0.3034800000000001,0.0212,0.0492,456774636701154.562500
0.30349000000000004,0.0212,0.055600000000000004,456774636701154.562500
0.3035000000000001,0.0252,0.058,456774636701154.562500
0.30351000000000006,0.0236,0.056400000000000006,456774636701154.562500
0.30352,0.0244,0.055600000000000004,456774636701154.562500
0.3035300000000001,0.0228,0.058,456774636701154.562500
0.30354000000000003,0.0228,0.053200000000000004,456774636701154.562500
0.3035500000000001,0.0244,0.055600000000000004,456774636701154.562500
0.30356000000000005,0.0236,0.048400000000000006,456774636701154.562500
0.3035700000000001,0.0244,0.055600000000000004,456774636701154.562500
0.30358000000000007,0.0236,0.0572,456774636701154.562500
0.30359,0.0212,0.054,456774636701154.562500
0.3036000000000001,0.0236,0.056400000000000006,456774636701154.562500
0.30361000000000005,0.022000000000000002,0.0492,456774636701154.562500
0.3036200000000001,0.0204,0.056400000000000006,456774636701154.562500
0.30363000000000007,0.022000000000000002,0.054,456774636701154.562500
0.30364,0.0196,0.056400000000000006,456774636701154.562500
0.3036500000000001,0.022000000000000002,0.056400000000000006,456774636701154.562500
0.30366000000000004,0.0228,0.053200000000000004,456774636701154.562500
0.3036700000000001,0.022000000000000002,0.056400000000000006,456774636701154.562500
0.30368000000000006,0.0204,0.0548,456774636701154.562500
0.30369,0.0236,0.056400000000000006,456774636701154.562500
0.3037000000000001,0.0228,0.056400000000000006,456774636701154.562500
0.30371000000000004,0.0236,0.0548,456774636701154.562500
0.3037200000000001,0.0204,0.054,456774636701154.562500
0.30373000000000006,0.0204,0.055600000000000004,456774636701154.562500
0.3037400000000001,0.0188,0.0516,456774636701154.562500
0.3037500000000001,0.0196,0.055600000000000004,456774636701154.562500
0.30376000000000003,0.0172,0.056400000000000006,456774636701154.562500
0.3037700000000001,0.0228,0.053200000000000004,456774636701154.562500
0.30378000000000005,0.0236,0.056400000000000006,456774636701154.562500
0.3037900000000001,0.0228,0.0548,456774636701154.562500
0.30380000000000007,0.026000000000000002,0.050800000000000005,456774636701154.562500
0.30381,0.0236,0.054,456774636701154.562500
0.3038200000000001,0.0244,0.0492,456774636701154.562500
0.30383000000000004,0.022000000000000002,0.054,456774636701154.562500
0.3038400000000001,0.0236,0.055600000000000004,456774636701154.562500
0.30385000000000006,0.022000000000000002,0.0548,456774636701154.562500
0.30386,0.0244,0.055600000000000004,456774636701154.562500
0.3038700000000001,0.0236,0.055600000000000004,456774636701154.562500
0.30388000000000004,0.022000000000000002,0.058,456774636701154.562500
0.3038900000000001,0.0228,0.056400000000000006,456774636701154.562500
0.30390000000000006,0.0212,0.056400000000000006,456774636701154.562500
0.30391,0.0204,0.056400000000000006,456774636701154.562500
0.3039200000000001,0.022000000000000002,0.056400000000000006,456774636701154.562500
0.30393000000000003,0.022000000000000002,0.056400000000000006,456774636701154.562500
0.3039400000000001,0.0236,0.056400000000000006,456774636701154.562500
0.30395000000000005,0.0236,0.055600000000000004,456774636701154.562500
0.3039600000000001,0.022000000000000002,0.055600000000000004,456774636701154.562500
0.3039700000000001,0.0212,0.056400000000000006,456774636701154.562500
0.30398000000000003,0.0236,0.0572,456774636701154.562500
0.3039900000000001,0.022000000000000002,0.0548,456774636701154.562500
0.30400000000000005,0.0212,0.055600000000000004,456774636701154.562500
0.3040100000000001,0.0236,0.05,456774636701154.562500
0.30402000000000007,0.0228,0.054,456774636701154.562500
0.30403,0.022000000000000002,0.0492,456774636701154.562500
0.3040400000000001,0.0244,0.053200000000000004,456774636701154.562500
0.30405000000000004,0.0244,0.0524,456774636701154.562500
0.3040600000000001,0.0244,0.055600000000000004,456774636701154.562500
0.30407000000000006,0.0244,0.0524,456774636701154.562500
0.30408,0.0228,0.054,456774636701154.562500
0.3040900000000001,0.0244,0.050800000000000005,456774636701154.562500
0.30410000000000004,0.0236,0.054,456774636701154.562500
0.3041100000000001,0.0188,0.054,456774636701154.562500
0.30412000000000006,0.0212,0.056400000000000006,456774636701154.562500
0.30413,0.022000000000000002,0.0516,456774636701154.562500
0.3041400000000001,0.0236,0.0468,456774636701154.562500
0.30415000000000003,0.0236,0.0476,456774636701154.562500
0.3041600000000001,0.0228,0.050800000000000005,456774636701154.562500
0.30417000000000005,0.0188,0.055600000000000004,456774636701154.562500
0.3041800000000001,0.0228,0.056400000000000006,456774636701154.562500
0.30419000000000007,0.0228,0.056400000000000006,456774636701154.562500
0.3042,0.0228,0.055600000000000004,456774636701154.562500
0.3042100000000001,0.0228,0.0524,456774636701154.562500
0.30422000000000005,0.022000000000000002,0.0516,456774636701154.562500
0.3042300000000001,0.0228,0.0548,456774636701154.562500
0.30424000000000007,0.022000000000000002,0.0468,456774636701154.562500
0.30425,0.022000000000000002,0.05,456774636701154.562500
0.3042600000000001,0.0204,0.048400000000000006,456774636701154.562500
0.30427000000000004,0.0188,0.0492,456774636701154.562500
0.3042800000000001,0.022000000000000002,0.0436,456774636701154.562500
0.30429000000000006,0.0212,0.0524,456774636701154.562500
0.3043,0.0212,0.0412,456774636701154.562500
0.3043100000000001,0.022000000000000002,0.055600000000000004,456774636701154.562500
0.30432000000000003,0.0212,0.0468,456774636701154.562500
0.3043300000000001,0.0236,0.054,456774636701154.562500
0.30434000000000005,0.022000000000000002,0.055600000000000004,456774636701154.562500
0.3043500000000001,0.0164,0.056400000000000006,456774636701154.562500
0.3043600000000001,0.0236,0.053200000000000004,456774636701154.562500
0.30437000000000003,0.0228,0.0444,456774636701154.562500
0.3043800000000001,0.0244,0.053200000000000004,456774636701154.562500
0.30439000000000005,0.0236,0.054,456774636701154.562500
0.3044000000000001,0.0236,0.055600000000000004,456774636701154.562500
0.30441000000000007,0.0244,0.053200000000000004,456774636701154.562500
0.30442,0.0236,0.0516,456774636701154.562500
0.3044300000000001,0.0228,0.0516,456774636701154.562500
0.30444000000000004,0.0244,0.0572,456774636701154.562500
0.3044500000000001,0.0236,0.054,456774636701154.562500
0.30446000000000006,0.0236,0.056400000000000006,456774636701154.562500
0.30447,0.0236,0.054,456774636701154.562500
0.3044800000000001,0.0236,0.046,456774636701154.562500
0.30449000000000004,0.0244,0.042800000000000005,456774636701154.562500
0.3045000000000001,0.0228,0.050800000000000005,456774636701154.562500
0.30451000000000006,0.0212,0.054,456774636701154.562500
0.30452,0.0236,0.056400000000000006,456774636701154.562500
0.3045300000000001,0.022000000000000002,0.054,456774636701154.562500
0.30454000000000003,0.0228,0.054,456774636701154.562500
0.3045500000000001,0.022000000000000002,0.0524,456774636701154.562500
0.30456000000000005,0.022000000000000002,0.055600000000000004,456774636701154.562500
0.3045700000000001,0.022000000000000002,0.0548,456774636701154.562500
0.3045800000000001,0.0212,0.055600000000000004,456774636701154.562500
0.30459,0.0212,0.054,456774636701154.562500
0.3046000000000001,0.0236,0.053200000000000004,456774636701154.562500
0.30461000000000005,0.0212,0.054,456774636701154.562500
0.3046200000000001,0.0228,0.0516,456774636701154.562500
0.30463000000000007,0.0236,0.0548,456774636701154.562500
0.30464,0.022000000000000002,0.053200000000000004,456774636701154.562500
0.3046500000000001,0.0236,0.0516,456774636701154.562500
0.30466000000000004,0.022000000000000002,0.0444,456774636701154.562500
0.3046700000000001,0.0164,0.055600000000000004,456774636701154.562500
0.30468000000000006,0.022000000000000002,0.0524,456774636701154.562500
0.30469,0.0228,0.055600000000000004,456774636701154.562500
0.3047000000000001,0.0244,0.0492,456774636701154.562500
0.30471000000000004,0.0228,0.0516,456774636701154.562500
0.3047200000000001,0.0236,0.042,456774636701154.562500
0.30473000000000006,0.0236,0.055600000000000004,456774636701154.562500
0.30474,0.0244,0.0492,456774636701154.562500
0.3047500000000001,0.0228,0.055600000000000004,456774636701154.562500
0.30476000000000003,0.0196,0.0548,456774636701154.562500
0.3047700000000001,0.022000000000000002,0.055600000000000004,456774636701154.562500
0.30478000000000005,0.0228,0.055600000000000004,456774636701154.562500
0.3047900000000001,0.0212,0.0516,456774636701154.562500
0.30480000000000007,0.0236,0.056400000000000006,456774636701154.562500
0.30481,0.022000000000000002,0.0548,456774636701154.562500
0.3048200000000001,0.0212,0.0572,456774636701154.562500
0.30483000000000005,0.0244,0.0476,456774636701154.562500
0.3048400000000001,0.022000000000000002,0.054,456774636701154.562500
0.30485000000000007,0.0212,0.0476,456774636701154.562500
0.30486,0.0228,0.054,456774636701154.562500
0.3048700000000001,0.022000000000000002,0.0548,456774636701154.562500
0.30488000000000004,0.0228,0.053200000000000004,456774636701154.562500
0.3048900000000001,0.0228,0.054,456774636701154.562500
0.30490000000000006,0.0212,0.0572,456774636701154.562500
0.30491,0.0204,0.055600000000000004,456774636701154.562500
0.3049200000000001,0.022000000000000002,0.053200000000000004,456774636701154.562500
0.30493000000000003,0.0236,0.058,456774636701154.562500
0.3049400000000001,0.0228,0.055600000000000004,456774636701154.562500
0.30495000000000005,0.0236,0.055600000000000004,456774636701154.562500
0.3049600000000001,0.0212,0.0524,456774636701154.562500
0.3049700000000001,0.0244,0.056400000000000006,456774636701154.562500
0.30498000000000003,0.022000000000000002,0.054,456774636701154.562500
0.3049900000000001,0.0228,0.056400000000000006,456774636701154.562500
0.30500000000000005,0.0244,0.056400000000000006,456774636701154.562500
0.3050100000000001,0.0236,0.05,456774636701154.562500
0.30502000000000007,0.0252,0.055600000000000004,456774636701154.562500
0.30503,0.0228,0.055600000000000004,456774636701154.562500
0.3050400000000001,0.0252,0.055600000000000004,456774636701154.562500
0.30505000000000004,0.0244,0.056400000000000006,456774636701154.562500
0.3050600000000001,0.0228,0.058,456774636701154.562500
0.30507000000000006,0.0244,0.056400000000000006,456774636701154.562500
0.30508,0.0236,0.055600000000000004,456774636701154.562500
0.3050900000000001,0.0228,0.058,456774636701154.562500
0.30510000000000004,0.0244,0.055600000000000004,456774636701154.562500
0.3051100000000001,0.0236,0.053200000000000004,456774636701154.562500
0.30512000000000006,0.0212,0.056400000000000006,456774636701154.562500
0.30513,0.022000000000000002,0.0548,456774636701154.562500
0.3051400000000001,0.022000000000000002,0.0548,456774636701154.562500
0.30515000000000003,0.0228,0.0548,456774636701154.562500
0.3051600000000001,0.022000000000000002,0.053200000000000004,456774636701154.562500
0.30517000000000005,0.0252,0.0548,456774636701154.562500
0.3051800000000001,0.0228,0.056400000000000006,456774636701154.562500
0.3051900000000001,0.0236,0.048400000000000006,456774636701154.562500
0.3052,0.022000000000000002,0.0548,456774636701154.562500
0.3052100000000001,0.022000000000000002,0.050800000000000005,456774636701154.562500
0.30522000000000005,0.0228,0.048400000000000006,456774636701154.562500
0.3052300000000001,0.0228,0.054,456774636701154.562500
0.30524000000000007,0.0204,0.0572,456774636701154.562500
0.30525,0.0236,0.05,456774636701154.562500
0.3052600000000001,0.0236,0.0524,456774636701154.562500
0.30527000000000004,0.0244,0.045200000000000004,456774636701154.562500
0.3052800000000001,0.022000000000000002,0.0516,456774636701154.562500
0.30529000000000006,0.0236,0.0476,456774636701154.562500
0.3053,0.022000000000000002,0.0572,456774636701154.562500
0.3053100000000001,0.0252,0.055600000000000004,456774636701154.562500
0.30532000000000004,0.0228,0.056400000000000006,456774636701154.562500
0.3053300000000001,0.0244,0.0516,456774636701154.562500
0.30534000000000006,0.0236,0.05,456774636701154.562500
0.3053500000000001,0.0244,0.055600000000000004,456774636701154.562500
0.3053600000000001,0.0212,0.056400000000000006,456774636701154.562500
0.30537000000000003,0.0244,0.055600000000000004,456774636701154.562500
0.3053800000000001,0.022000000000000002,0.054,456774636701154.562500
0.30539000000000005,0.0164,0.0548,456774636701154.562500
0.3054000000000001,0.0204,0.055600000000000004,456774636701154.562500
0.30541000000000007,0.0196,0.055600000000000004,456774636701154.562500
0.30542,0.0236,0.058,456774636701154.562500
0.3054300000000001,0.0212,0.056400000000000006,456774636701154.562500
0.30544000000000004,0.022000000000000002,0.0572,456774636701154.562500
0.3054500000000001,0.018000000000000002,0.055600000000000004,456774636701154.562500
0.30546000000000006,0.022000000000000002,0.055600000000000004,456774636701154.562500
0.30547,0.0196,0.055600000000000004,456774636701154.562500
0.3054800000000001,0.022000000000000002,0.054,456774636701154.562500
0.30549000000000004,0.0228,0.055600000000000004,456774636701154.562500
0.3055000000000001,0.0212,0.056400000000000006,456774636701154.562500
0.30551000000000006,0.022000000000000002,0.055600000000000004,456774636701154.562500
0.30552,0.0188,0.0548,456774636701154.562500
0.3055300000000001,0.022000000000000002,0.056400000000000006,456774636701154.562500
0.30554000000000003,0.0228,0.0572,456774636701154.562500
0.3055500000000001,0.0228,0.056400000000000006,456774636701154.562500
0.30556000000000005,0.0236,0.0572,456774636701154.562500
0.3055700000000001,0.0236,0.05,456774636701154.562500
0.3055800000000001,0.0212,0.054,456774636701154.562500
0.30559000000000003,0.022000000000000002,0.054,456774636701154.562500
0.3056000000000001,0.0244,0.0572,456774636701154.562500
0.30561000000000005,0.0236,0.054,456774636701154.562500
0.3056200000000001,0.0212,0.056400000000000006,456774636701154.562500
0.30563000000000007,0.0228,0.054,456774636701154.562500
0.30564,0.0228,0.056400000000000006,456774636701154.562500
0.3056500000000001,0.0228,0.0548,456774636701154.562500
0.30566000000000004,0.0252,0.055600000000000004,456774636701154.562500
0.3056700000000001,0.022000000000000002,0.0572,456774636701154.562500
0.30568000000000006,0.0252,0.054,456774636701154.562500
0.30569,0.0228,0.058,456774636701154.562500
0.3057000000000001,0.0236,0.0572,456774636701154.562500
0.30571000000000004,0.0236,0.056400000000000006,456774636701154.562500
0.3057200000000001,0.0212,0.055600000000000004,456774636701154.562500
0.30573000000000006,0.0228,0.056400000000000006,456774636701154.562500
0.30574,0.0164,0.058,456774636701154.562500
0.3057500000000001,0.022000000000000002,0.0548,456774636701154.562500
0.30576000000000003,0.018000000000000002,0.055600000000000004,456774636701154.562500
0.3057700000000001,0.0212,0.055600000000000004,456774636701154.562500
0.30578000000000005,0.018000000000000002,0.055600000000000004,456774636701154.562500
0.3057900000000001,0.0236,0.0524,456774636701154.562500
0.30580000000000007,0.022000000000000002,0.05,456774636701154.562500
0.30581,0.0228,0.0436,456774636701154.562500
0.3058200000000001,0.0212,0.048400000000000006,456774636701154.562500
0.30583000000000005,0.0228,0.05,456774636701154.562500
0.3058400000000001,0.0244,0.054,456774636701154.562500
0.30585000000000007,0.022000000000000002,0.046,456774636701154.562500
0.30586,0.0236,0.056400000000000006,456774636701154.562500
0.3058700000000001,0.0236,0.056400000000000006,456774636701154.562500
0.30588000000000004,0.0228,0.055600000000000004,456774636701154.562500
0.3058900000000001,0.0244,0.055600000000000004,456774636701154.562500
0.30590000000000006,0.0212,0.0516,456774636701154.562500
0.30591,0.0236,0.0524,456774636701154.562500
0.3059200000000001,0.022000000000000002,0.0468,456774636701154.562500
0.30593000000000004,0.0244,0.050800000000000005,456774636701154.562500
0.3059400000000001,0.0244,0.0548,456774636701154.562500
0.30595000000000006,0.0252,0.055600000000000004,456774636701154.562500
0.3059600000000001,0.0244,0.0572,456774636701154.562500
0.3059700000000001,0.022000000000000002,0.055600000000000004,456774636701154.562500
0.30598000000000003,0.0228,0.056400000000000006,456774636701154.562500
0.3059900000000001,0.0228,0.055600000000000004,456774636701154.562500
0.30600000000000005,0.022000000000000002,0.055600000000000004,456774636701154.562500
0.3060100000000001,0.022000000000000002,0.048400000000000006,456774636701154.562500
0.30602000000000007,0.022000000000000002,0.0572,456774636701154.562500
0.30603,0.022000000000000002,0.0516,456774636701154.562500
0.3060400000000001,0.0228,0.0572,456774636701154.562500
0.30605000000000004,0.022000000000000002,0.0572,456774636701154.562500
0.3060600000000001,0.022000000000000002,0.054,456774636701154.562500
0.30607000000000006,0.0204,0.056400000000000006,456774636701154.562500
0.30608,0.0204,0.056400000000000006,456774636701154.562500
0.3060900000000001,0.022000000000000002,0.054,456774636701154.562500
0.30610000000000004,0.0212,0.0516,456774636701154.562500
0.3061100000000001,0.022000000000000002,0.0548,456774636701154.562500
0.30612000000000006,0.022000000000000002,0.0572,456774636701154.562500
0.30613,0.022000000000000002,0.054,456774636701154.562500
0.3061400000000001,0.0228,0.0524,456774636701154.562500
0.30615000000000003,0.022000000000000002,0.055600000000000004,456774636701154.562500
0.3061600000000001,0.022000000000000002,0.055600000000000004,456774636701154.562500
0.30617000000000005,0.0196,0.058,456774636701154.562500
0.3061800000000001,0.0172,0.053200000000000004,456774636701154.562500
0.3061900000000001,0.0164,0.0516,456774636701154.562500
0.3062,0.0188,0.05,456774636701154.562500
0.3062100000000001,0.0164,0.0572,456774636701154.562500
0.30622000000000005,0.018000000000000002,0.055600000000000004,456774636701154.562500
0.3062300000000001,0.022000000000000002,0.050800000000000005,456774636701154.562500
0.30624000000000007,0.0228,0.055600000000000004,456774636701154.562500
0.30625,0.0228,0.0572,456774636701154.562500
0.3062600000000001,0.0228,0.0572,456774636701154.562500
0.30627000000000004,0.022000000000000002,0.054,456774636701154.562500
0.3062800000000001,0.0228,0.055600000000000004,456774636701154.562500
0.30629000000000006,0.0236,0.058,456774636701154.562500
0.3063,0.0228,0.046,456774636701154.562500
0.3063100000000001,0.0228,0.0572,456774636701154.562500
0.30632000000000004,0.0212,0.0516,456774636701154.562500
0.3063300000000001,0.0212,0.056400000000000006,456774636701154.562500
0.30634000000000006,0.0212,0.054,456774636701154.562500
0.30635,0.022000000000000002,0.050800000000000005,456774636701154.562500
0.3063600000000001,0.0196,0.054,456774636701154.562500
0.30637000000000003,0.0204,0.050800000000000005,456774636701154.562500
0.3063800000000001,0.0196,0.054,456774636701154.562500
0.30639000000000005,0.022000000000000002,0.054,456774636701154.562500
0.3064000000000001,0.0228,0.056400000000000006,456774636701154.562500
0.30641000000000007,0.022000000000000002,0.055600000000000004,456774636701154.562500
0.30642,0.0204,0.0572,456774636701154.562500
0.3064300000000001,0.015600000000000001,0.058,456774636701154.562500
0.30644000000000005,0.0196,0.056400000000000006,456774636701154.562500
0.3064500000000001,0.0228,0.0572,456774636701154.562500
0.30646000000000007,0.022000000000000002,0.0548,456774636701154.562500
0.30647,0.022000000000000002,0.0476,456774636701154.562500
0.3064800000000001,0.0244,0.0524,456774636701154.562500
0.30649000000000004,0.0244,0.056400000000000006,456774636701154.562500
0.3065000000000001,0.022000000000000002,0.053200000000000004,456774636701154.562500
0.30651000000000006,0.022000000000000002,0.0524,456774636701154.562500
0.30652,0.022000000000000002,0.055600000000000004,456774636701154.562500
0.3065300000000001,0.0228,0.056400000000000006,456774636701154.562500
0.30654000000000003,0.022000000000000002,0.0572,456774636701154.562500
0.3065500000000001,0.0228,0.056400000000000006,456774636701154.562500
0.30656000000000005,0.0188,0.050800000000000005,456774636701154.562500
0.3065700000000001,0.0244,0.053200000000000004,456774636701154.562500
0.3065800000000001,0.0236,0.055600000000000004,456774636701154.562500
0.30659000000000003,0.022000000000000002,0.055600000000000004,456774636701154.562500
0.3066000000000001,0.0236,0.0548,456774636701154.562500
0.30661000000000005,0.0228,0.0524,456774636701154.562500
0.3066200000000001,0.022000000000000002,0.0548,456774636701154.562500
0.30663000000000007,0.022000000000000002,0.056400000000000006,456774636701154.562500
0.30664,0.0212,0.054,456774636701154.562500
0.3066500000000001,0.022000000000000002,0.048400000000000006,456774636701154.562500
0.30666000000000004,0.0196,0.056400000000000006,456774636701154.562500
0.3066700000000001,0.0212,0.055600000000000004,456774636701154.562500
0.30668000000000006,0.0236,0.0572,456774636701154.562500
0.30669,0.0204,0.0572,456774636701154.562500
0.3067000000000001,0.0196,0.0572,456774636701154.562500
0.30671000000000004,0.0212,0.055600000000000004,456774636701154.562500
0.3067200000000001,0.0196,0.0572,456774636701154.562500
0.30673000000000006,0.0196,0.055600000000000004,456774636701154.562500
0.30674,0.0188,0.056400000000000006,456774636701154.562500
0.3067500000000001,0.022000000000000002,0.058,456774636701154.562500
0.30676000000000003,0.0244,0.0516,456774636701154.562500
0.3067700000000001,0.0236,0.054,456774636701154.562500
0.30678000000000005,0.0228,0.0572,456774636701154.562500
0.3067900000000001,0.0212,0.0572,456774636701154.562500
0.3068000000000001,0.0228,0.058,456774636701154.562500
0.30681,0.0244,0.0548,456774636701154.562500
0.3068200000000001,0.026000000000000002,0.055600000000000004,456774636701154.562500
0.30683000000000005,0.0252,0.0572,456774636701154.562500
0.3068400000000001,0.0244,0.0548,456774636701154.562500
0.30685000000000007,0.0244,0.058,456774636701154.562500
0.30686,0.0244,0.0572,456774636701154.562500
0.3068700000000001,0.022000000000000002,0.0548,456774636701154.562500
0.30688000000000004,0.0244,0.054,456774636701154.562500
0.3068900000000001,0.0228,0.0548,456774636701154.562500
0.30690000000000006,0.0236,0.0516,456774636701154.562500
0.30691,0.0212,0.050800000000000005,456774636701154.562500
0.3069200000000001,0.022000000000000002,0.048400000000000006,456774636701154.562500
0.30693000000000004,0.022000000000000002,0.0516,456774636701154.562500
0.3069400000000001,0.0236,0.054,456774636701154.562500
0.30695000000000006,0.022000000000000002,0.056400000000000006,456774636701154.562500
0.30696,0.0236,0.05,456774636701154.562500
0.3069700000000001,0.0212,0.058,456774636701154.562500
0.30698000000000003,0.022000000000000002,0.058,456774636701154.562500
0.3069900000000001,0.022000000000000002,0.0572,456774636701154.562500
0.30700000000000005,0.0204,0.054,456774636701154.562500
0.3070100000000001,0.0228,0.053200000000000004,456774636701154.562500
0.30702000000000007,0.0196,0.0572,456774636701154.562500
0.30703,0.0196,0.056400000000000006,456774636701154.562500
0.3070400000000001,0.0196,0.0572,456774636701154.562500
0.30705000000000005,0.0196,0.0524,456774636701154.562500
0.3070600000000001,0.018000000000000002,0.056400000000000006,456774636701154.562500
0.30707000000000007,0.0236,0.055600000000000004,456774636701154.562500
0.30708,0.0236,0.056400000000000006,456774636701154.562500
0.3070900000000001,0.0244,0.053200000000000004,456774636701154.562500
0.30710000000000004,0.0244,0.058,456774636701154.562500
0.3071100000000001,0.0236,0.055600000000000004,456774636701154.562500
0.30712000000000006,0.0236,0.0572,456774636701154.562500
0.30713,0.022000000000000002,0.0572,456774636701154.562500
0.3071400000000001,0.0244,0.056400000000000006,456774636701154.562500
0.30715000000000003,0.0228,0.053200000000000004,456774636701154.562500
0.3071600000000001,0.0244,0.058800000000000005,456774636701154.562500
0.30717000000000005,0.0228,0.0548,456774636701154.562500
0.3071800000000001,0.0244,0.056400000000000006,456774636701154.562500
0.3071900000000001,0.0236,0.054,456774636701154.562500
0.30720000000000003,0.0236,0.055600000000000004,456774636701154.562500
0.3072100000000001,0.0236,0.055600000000000004,456774636701154.562500
0.30722000000000005,0.0204,0.055600000000000004,456774636701154.562500
0.3072300000000001,0.0196,0.054,456774636701154.562500
0.30724000000000007,0.0212,0.053200000000000004,456774636701154.562500
0.30725,0.0204,0.056400000000000006,456774636701154.562500
0.3072600000000001,0.0196,0.050800000000000005,456774636701154.562500
0.30727000000000004,0.022000000000000002,0.056400000000000006,456774636701154.562500
0.3072800000000001,0.0188,0.0572,456774636701154.562500
0.30729000000000006,0.022000000000000002,0.055600000000000004,456774636701154.562500
0.3073,0.0228,0.0436,456774636701154.562500
0.3073100000000001,0.022000000000000002,0.050800000000000005,456774636701154.562500
0.30732000000000004,0.0228,0.0492,456774636701154.562500
0.3073300000000001,0.0204,0.054,456774636701154.562500
0.30734000000000006,0.0228,0.0548,456774636701154.562500
0.30735,0.022000000000000002,0.058,456774636701154.562500
0.3073600000000001,0.0188,0.055600000000000004,456774636701154.562500
0.30737000000000003,0.0212,0.053200000000000004,456774636701154.562500
0.3073800000000001,0.0204,0.0524,456774636701154.562500
0.30739000000000005,0.0212,0.056400000000000006,456774636701154.562500
0.3074000000000001,0.0196,0.0492,456774636701154.562500
0.30741000000000007,0.0236,0.056400000000000006,456774636701154.562500
0.30742,0.0204,0.0492,456774636701154.562500
0.3074300000000001,0.0228,0.0524,456774636701154.562500
0.30744000000000005,0.0252,0.054,456774636701154.562500
0.3074500000000001,0.0236,0.0548,456774636701154.562500
0.30746000000000007,0.0252,0.0572,456774636701154.562500
0.30747,0.0244,0.0524,456774636701154.562500
0.3074800000000001,0.0204,0.056400000000000006,456774636701154.562500
0.30749000000000004,0.0228,0.054,456774636701154.562500
0.3075000000000001,0.0212,0.053200000000000004,456774636701154.562500
0.30751000000000006,0.0228,0.054,456774636701154.562500
0.30752,0.0228,0.055600000000000004,456774636701154.562500
0.3075300000000001,0.022000000000000002,0.046,456774636701154.562500
0.30754000000000004,0.022000000000000002,0.055600000000000004,456774636701154.562500
0.3075500000000001,0.0196,0.0548,456774636701154.562500
0.30756000000000006,0.0188,0.053200000000000004,456774636701154.562500
0.3075700000000001,0.022000000000000002,0.042,456774636701154.562500
0.3075800000000001,0.0228,0.0524,456774636701154.562500
0.30759000000000003,0.0212,0.05,456774636701154.562500
0.3076000000000001,0.022000000000000002,0.0572,456774636701154.562500
0.30761000000000005,0.022000000000000002,0.053200000000000004,456774636701154.562500
0.3076200000000001,0.0204,0.0572,456774636701154.562500
0.30763000000000007,0.022000000000000002,0.046,456774636701154.562500
0.30764,0.022000000000000002,0.0572,456774636701154.562500
0.3076500000000001,0.0236,0.055600000000000004,456774636701154.562500
0.30766000000000004,0.022000000000000002,0.053200000000000004,456774636701154.562500
0.3076700000000001,0.0236,0.053200000000000004,456774636701154.562500
0.30768000000000006,0.0228,0.0524,456774636701154.562500
0.30769,0.022000000000000002,0.0492,456774636701154.562500
0.3077000000000001,0.0228,0.030000000000000002,456774636701154.562500
0.30771000000000004,0.0244,0.0356,456774636701154.562500
0.3077200000000001,0.0236,0.0468,456774636701154.562500
0.30773000000000006,0.0244,0.055600000000000004,456774636701154.562500
0.30774,0.0228,0.045200000000000004,456774636701154.562500
0.3077500000000001,0.0244,0.056400000000000006,456774636701154.562500
0.30776000000000003,0.0236,0.055600000000000004,456774636701154.562500
0.3077700000000001,0.0252,0.058,456774636701154.562500
0.30778000000000005,0.0236,0.058,456774636701154.562500
0.3077900000000001,0.0228,0.054,456774636701154.562500
0.3078000000000001,0.022000000000000002,0.0524,456774636701154.562500
0.30781000000000003,0.0212,0.0412,456774636701154.562500
0.3078200000000001,0.0236,0.0572,456774636701154.562500
0.30783000000000005,0.0236,0.0572,456774636701154.562500
0.3078400000000001,0.0228,0.0572,456774636701154.562500
0.30785000000000007,0.0228,0.056400000000000006,456774636701154.562500
0.30786,0.022000000000000002,0.055600000000000004,456774636701154.562500
0.3078700000000001,0.0228,0.056400000000000006,456774636701154.562500
0.30788000000000004,0.022000000000000002,0.054,456774636701154.562500
0.3078900000000001,0.0212,0.0548,456774636701154.562500
0.30790000000000006,0.022000000000000002,0.056400000000000006,456774636701154.562500
0.30791,0.0196,0.054,456774636701154.562500
0.3079200000000001,0.0212,0.056400000000000006,456774636701154.562500
0.30793000000000004,0.0228,0.050800000000000005,456774636701154.562500
0.3079400000000001,0.0196,0.053200000000000004,456774636701154.562500
0.30795000000000006,0.0212,0.050800000000000005,456774636701154.562500
0.30796,0.0212,0.0524,456774636701154.562500
0.3079700000000001,0.0196,0.056400000000000006,456774636701154.562500
0.30798000000000003,0.022000000000000002,0.054,456774636701154.562500
0.3079900000000001,0.0164,0.055600000000000004,456774636701154.562500
0.30800000000000005,0.0196,0.056400000000000006,456774636701154.562500
0.3080100000000001,0.0164,0.056400000000000006,456774636701154.562500
0.30802000000000007,0.0212,0.0548,456774636701154.562500
0.30803,0.018000000000000002,0.058,456774636701154.562500
0.3080400000000001,0.0212,0.053200000000000004,456774636701154.562500
0.30805000000000005,0.0188,0.0572,456774636701154.562500
0.3080600000000001,0.022000000000000002,0.056400000000000006,456774636701154.562500
0.30807000000000007,0.0212,0.055600000000000004,456774636701154.562500
0.30808,0.0236,0.054,456774636701154.562500
0.3080900000000001,0.0228,0.050800000000000005,456774636701154.562500
0.30810000000000004,0.0244,0.056400000000000006,456774636701154.562500
0.3081100000000001,0.0204,0.0516,456774636701154.562500
0.30812000000000006,0.0244,0.056400000000000006,456774636701154.562500
0.30813,0.0204,0.0548,456774636701154.562500
0.3081400000000001,0.0228,0.055600000000000004,456774636701154.562500
0.30815000000000003,0.0228,0.0572,456774636701154.562500
0.3081600000000001,0.0228,0.048400000000000006,456774636701154.562500
0.30817000000000005,0.0212,0.056400000000000006,456774636701154.562500
0.3081800000000001,0.0204,0.050800000000000005,456774636701154.562500
0.3081900000000001,0.0236,0.048400000000000006,456774636701154.562500
0.30820000000000003,0.0212,0.056400000000000006,456774636701154.562500
0.3082100000000001,0.0228,0.056400000000000006,456774636701154.562500
0.30822000000000005,0.0196,0.0572,456774636701154.562500
0.3082300000000001,0.0212,0.0572,456774636701154.562500
0.30824000000000007,0.0212,0.048400000000000006,456774636701154.562500
0.30825,0.022000000000000002,0.0524,456774636701154.562500
0.3082600000000001,0.0212,0.0468,456774636701154.562500
0.30827000000000004,0.0204,0.053200000000000004,456774636701154.562500
0.3082800000000001,0.022000000000000002,0.0524,456774636701154.562500
0.30829000000000006,0.0188,0.056400000000000006,456774636701154.562500
0.3083,0.0212,0.0516,456774636701154.562500
0.3083100000000001,0.0204,0.056400000000000006,456774636701154.562500
0.30832000000000004,0.0228,0.055600000000000004,456774636701154.562500
0.3083300000000001,0.0196,0.0548,456774636701154.562500
0.30834000000000006,0.022000000000000002,0.055600000000000004,456774636701154.562500
0.30835,0.0204,0.0492,456774636701154.562500
0.3083600000000001,0.0236,0.055600000000000004,456774636701154.562500
0.30837000000000003,0.0236,0.055600000000000004,456774636701154.562500
0.3083800000000001,0.0244,0.0572,456774636701154.562500
0.30839000000000005,0.0204,0.0548,456774636701154.562500
0.3084000000000001,0.0244,0.0572,456774636701154.562500
0.3084100000000001,0.022000000000000002,0.042800000000000005,456774636701154.562500
0.30842,0.0244,0.056400000000000006,456774636701154.562500
0.3084300000000001,0.0236,0.056400000000000006,456774636701154.562500
0.30844000000000005,0.0228,0.0468,456774636701154.562500
0.3084500000000001,0.0228,0.054,456774636701154.562500
0.30846000000000007,0.0228,0.042800000000000005,456774636701154.562500
0.30847,0.0236,0.056400000000000006,456774636701154.562500
0.3084800000000001,0.0228,0.056400000000000006,456774636701154.562500
0.30849000000000004,0.022000000000000002,0.055600000000000004,456774636701154.562500
0.3085000000000001,0.0212,0.056400000000000006,456774636701154.562500
0.30851000000000006,0.0228,0.058,456774636701154.562500
0.30852,0.0172,0.0516,456774636701154.562500
0.3085300000000001,0.0204,0.054,456774636701154.562500
0.30854000000000004,0.018000000000000002,0.055600000000000004,456774636701154.562500
0.3085500000000001,0.0228,0.054,456774636701154.562500
0.30856000000000006,0.022000000000000002,0.056400000000000006,456774636701154.562500
0.30857,0.022000000000000002,0.05,456774636701154.562500
0.3085800000000001,0.022000000000000002,0.0476,456774636701154.562500
0.30859000000000003,0.022000000000000002,0.056400000000000006,456774636701154.562500
0.3086000000000001,0.022000000000000002,0.0524,456774636701154.562500
0.30861000000000005,0.022000000000000002,0.055600000000000004,456774636701154.562500
0.3086200000000001,0.0196,0.058,456774636701154.562500
0.30863000000000007,0.022000000000000002,0.054,456774636701154.562500
0.30864,0.0228,0.055600000000000004,456774636701154.562500
0.3086500000000001,0.022000000000000002,0.058,456774636701154.562500
0.30866000000000005,0.0236,0.055600000000000004,456774636701154.562500
0.3086700000000001,0.0236,0.055600000000000004,456774636701154.562500
0.30868000000000007,0.0236,0.058,456774636701154.562500
0.30869,0.0196,0.0548,456774636701154.562500
0.3087000000000001,0.022000000000000002,0.0548,456774636701154.562500
0.30871000000000004,0.022000000000000002,0.05,456774636701154.562500
0.3087200000000001,0.022000000000000002,0.0548,456774636701154.562500
0.30873000000000006,0.0244,0.042,456774636701154.562500
0.30874,0.022000000000000002,0.0548,456774636701154.562500
0.3087500000000001,0.022000000000000002,0.048400000000000006,456774636701154.562500
0.30876000000000003,0.0228,0.056400000000000006,456774636701154.562500
0.3087700000000001,0.0212,0.056400000000000006,456774636701154.562500
0.30878000000000005,0.0228,0.058,456774636701154.562500
0.3087900000000001,0.022000000000000002,0.050800000000000005,456774636701154.562500
0.3088000000000001,0.022000000000000002,0.058,456774636701154.562500
0.30881000000000003,0.0212,0.0548,456774636701154.562500
0.3088200000000001,0.0228,0.056400000000000006,456774636701154.562500
0.30883000000000005,0.0212,0.056400000000000006,456774636701154.562500
0.3088400000000001,0.0228,0.054,456774636701154.562500
0.30885000000000007,0.0228,0.054,456774636701154.562500
0.30886,0.0228,0.0516,456774636701154.562500
0.3088700000000001,0.0212,0.046,456774636701154.562500
0.30888000000000004,0.0212,0.0412,456774636701154.562500
0.3088900000000001,0.0236,0.042800000000000005,456774636701154.562500
0.30890000000000006,0.0204,0.040400000000000005,456774636701154.562500
0.30891,0.022000000000000002,0.0476,456774636701154.562500
0.3089200000000001,0.022000000000000002,0.0492,456774636701154.562500
0.30893000000000004,0.022000000000000002,0.0548,456774636701154.562500
0.3089400000000001,0.0228,0.046,456774636701154.562500
0.30895000000000006,0.0196,0.056400000000000006,456774636701154.562500
0.30896,0.0212,0.0524,456774636701154.562500
0.3089700000000001,0.0204,0.056400000000000006,456774636701154.562500
0.30898000000000003,0.0236,0.058,456774636701154.562500
0.3089900000000001,0.0228,0.056400000000000006,456774636701154.562500
0.30900000000000005,0.0236,0.058,456774636701154.562500
0.3090100000000001,0.0196,0.058,456774636701154.562500
0.3090200000000001,0.0236,0.055600000000000004,456774636701154.562500
0.30903,0.0196,0.0572,456774636701154.562500
0.3090400000000001,0.0212,0.053200000000000004,456774636701154.562500
0.30905000000000005,0.022000000000000002,0.0572,456774636701154.562500
0.3090600000000001,0.0204,0.056400000000000006,456774636701154.562500
0.30907000000000007,0.0212,0.056400000000000006,456774636701154.562500
0.30908,0.022000000000000002,0.0548,456774636701154.562500
0.3090900000000001,0.0204,0.0548,456774636701154.562500
0.30910000000000004,0.0212,0.0572,456774636701154.562500
0.3091100000000001,0.0228,0.054,456774636701154.562500
0.30912000000000006,0.0196,0.0548,456774636701154.562500
0.30913,0.022000000000000002,0.055600000000000004,456774636701154.562500
0.3091400000000001,0.0204,0.058,456774636701154.562500
0.30915000000000004,0.022000000000000002,0.056400000000000006,456774636701154.562500
0.3091600000000001,0.0204,0.058,456774636701154.562500
0.30917000000000006,0.0204,0.056400000000000006,456774636701154.562500
0.3091800000000001,0.0212,0.054,456774636701154.562500
0.3091900000000001,0.0212,0.056400000000000006,456774636701154.562500
0.30920000000000003,0.0204,0.0492,456774636701154.562500
0.3092100000000001,0.0204,0.055600000000000004,456774636701154.562500
0.30922000000000005,0.0196,0.056400000000000006,456774636701154.562500
0.3092300000000001,0.0228,0.058,456774636701154.562500
0.30924000000000007,0.0236,0.0572,456774636701154.562500
0.30925,0.022000000000000002,0.0572,456774636701154.562500
0.3092600000000001,0.0228,0.053200000000000004,456774636701154.562500
0.30927000000000004,0.0252,0.055600000000000004,456774636701154.562500
0.3092800000000001,0.0228,0.055600000000000004,456774636701154.562500
0.30929000000000006,0.0228,0.0572,456774636701154.562500
0.3093,0.0236,0.0524,456774636701154.562500
0.3093100000000001,0.0228,0.056400000000000006,456774636701154.562500
0.30932000000000004,0.0252,0.046,456774636701154.562500
0.3093300000000001,0.022000000000000002,0.054,456774636701154.562500
0.30934000000000006,0.0252,0.0468,456774636701154.562500
0.30935,0.0196,0.0572,456774636701154.562500
0.3093600000000001,0.0228,0.056400000000000006,456774636701154.562500
0.30937000000000003,0.0212,0.058,456774636701154.562500
0.3093800000000001,0.0228,0.0572,456774636701154.562500
0.30939000000000005,0.0228,0.0572,456774636701154.562500
0.3094000000000001,0.0228,0.0572,456774636701154.562500
0.3094100000000001,0.0204,0.0572,456774636701154.562500
0.30942000000000003,0.0212,0.05,456774636701154.562500
0.3094300000000001,0.0204,0.0468,456774636701154.562500
0.30944000000000005,0.022000000000000002,0.046,456774636701154.562500
0.3094500000000001,0.022000000000000002,0.045200000000000004,456774636701154.562500
0.30946000000000007,0.0244,0.048400000000000006,456774636701154.562500
0.30947,0.0196,0.055600000000000004,456774636701154.562500
0.3094800000000001,0.022000000000000002,0.0524,456774636701154.562500
0.30949000000000004,0.0212,0.050800000000000005,456774636701154.562500
0.3095000000000001,0.0212,0.0492,456774636701154.562500
0.30951000000000006,0.0172,0.0524,456774636701154.562500
0.30952,0.0244,0.055600000000000004,456774636701154.562500
0.3095300000000001,0.018000000000000002,0.058,456774636701154.562500
0.30954000000000004,0.0244,0.055600000000000004,456774636701154.562500
0.3095500000000001,0.0236,0.0548,456774636701154.562500
0.30956000000000006,0.0236,0.0524,456774636701154.562500
0.30957,0.0244,0.055600000000000004,456774636701154.562500
0.3095800000000001,0.0252,0.0548,456774636701154.562500
0.30959000000000003,0.0244,0.056400000000000006,456774636701154.562500
0.3096000000000001,0.0252,0.056400000000000006,456774636701154.562500
0.30961000000000005,0.022000000000000002,0.054,456774636701154.562500
0.3096200000000001,0.0236,0.055600000000000004,456774636701154.562500
0.30963000000000007,0.018000000000000002,0.0524,456774636701154.562500
0.30964,0.0236,0.056400000000000006,456774636701154.562500
0.3096500000000001,0.0228,0.0572,456774636701154.562500
0.30966000000000005,0.022000000000000002,0.055600000000000004,456774636701154.562500
0.3096700000000001,0.0212,0.0516,456774636701154.562500
0.30968000000000007,0.022000000000000002,0.058,456774636701154.562500
0.30969,0.022000000000000002,0.058,456774636701154.562500
0.3097000000000001,0.0228,0.058800000000000005,456774636701154.562500
0.30971000000000004,0.0228,0.055600000000000004,456774636701154.562500
0.3097200000000001,0.0228,0.0572,456774636701154.562500
0.30973000000000006,0.022000000000000002,0.0572,456774636701154.562500
0.30974,0.018000000000000002,0.054,456774636701154.562500
0.3097500000000001,0.0228,0.055600000000000004,456774636701154.562500
0.30976000000000004,0.0228,0.045200000000000004,456774636701154.562500
0.3097700000000001,0.0212,0.054,456774636701154.562500
0.30978000000000006,0.022000000000000002,0.05,456774636701154.562500
0.3097900000000001,0.022000000000000002,0.0572,456774636701154.562500
0.3098000000000001,0.0204,0.0548,456774636701154.562500
0.30981000000000003,0.0196,0.054,456774636701154.562500
0.3098200000000001,0.0236,0.0516,456774636701154.562500
0.30983000000000005,0.018000000000000002,0.056400000000000006,456774636701154.562500
0.3098400000000001,0.0228,0.056400000000000006,456774636701154.562500
0.30985000000000007,0.0212,0.054,456774636701154.562500
0.30986,0.0236,0.0476,456774636701154.562500
0.3098700000000001,0.022000000000000002,0.058,456774636701154.562500
0.30988000000000004,0.0244,0.0492,456774636701154.562500
0.3098900000000001,0.0228,0.053200000000000004,456774636701154.562500
0.30990000000000006,0.0228,0.0524,456774636701154.562500
0.30991,0.022000000000000002,0.050800000000000005,456774636701154.562500
0.3099200000000001,0.0196,0.0604,456774636701154.562500
0.30993000000000004,0.0212,0.054,456774636701154.562500
0.3099400000000001,0.0228,0.0572,456774636701154.562500
0.30995000000000006,0.0228,0.0572,456774636701154.562500
0.30996,0.022000000000000002,0.058,456774636701154.562500
0.3099700000000001,0.0236,0.045200000000000004,456774636701154.562500
0.30998000000000003,0.022000000000000002,0.058,456774636701154.562500
0.3099900000000001,0.022000000000000002,0.050800000000000005,456774636701154.562500
0.31000000000000005,0.0228,0.0572,456774636701154.562500
0.3100100000000001,0.0196,0.054,456774636701154.562500
0.3100200000000001,0.0212,0.0572,456774636701154.562500
0.31003000000000003,0.0212,0.05,456774636701154.562500
0.3100400000000001,0.0196,0.054,456774636701154.562500
0.31005000000000005,0.0212,0.056400000000000006,456774636701154.562500
0.3100600000000001,0.022000000000000002,0.042,456774636701154.562500
0.31007000000000007,0.022000000000000002,0.056400000000000006,456774636701154.562500
0.31008,0.0236,0.0476,456774636701154.562500
0.3100900000000001,0.0228,0.055600000000000004,456774636701154.562500
0.31010000000000004,0.0212,0.0572,456774636701154.562500
0.3101100000000001,0.0236,0.056400000000000006,456774636701154.562500
0.31012000000000006,0.0212,0.0572,456774636701154.562500
0.31013,0.0228,0.058,456774636701154.562500
0.3101400000000001,0.0188,0.055600000000000004,456774636701154.562500
0.31015000000000004,0.0228,0.0596,456774636701154.562500
0.3101600000000001,0.0212,0.055600000000000004,456774636701154.562500
0.31017000000000006,0.0244,0.056400000000000006,456774636701154.562500
0.31018,0.0236,0.0516,456774636701154.562500
0.3101900000000001,0.022000000000000002,0.0572,456774636701154.562500
0.31020000000000003,0.0236,0.0476,456774636701154.562500
0.3102100000000001,0.022000000000000002,0.058,456774636701154.562500
0.31022000000000005,0.0236,0.0444,456774636701154.562500
0.3102300000000001,0.0236,0.0548,456774636701154.562500
0.31024000000000007,0.0204,0.050800000000000005,456774636701154.562500
0.31025,0.0212,0.055600000000000004,456774636701154.562500
0.3102600000000001,0.0196,0.053200000000000004,456774636701154.562500
0.31027000000000005,0.0236,0.055600000000000004,456774636701154.562500
0.3102800000000001,0.0212,0.055600000000000004,456774636701154.562500
0.31029000000000007,0.022000000000000002,0.055600000000000004,456774636701154.562500
0.3103,0.0204,0.058,456774636701154.562500
0.3103100000000001,0.0244,0.0492,456774636701154.562500
0.31032000000000004,0.0196,0.0572,456774636701154.562500
0.3103300000000001,0.022000000000000002,0.053200000000000004,456774636701154.562500
0.31034000000000006,0.022000000000000002,0.053200000000000004,456774636701154.562500
0.31035,0.022000000000000002,0.054,456774636701154.562500
0.3103600000000001,0.0212,0.034,456774636701154.562500
0.31037000000000003,0.022000000000000002,0.056400000000000006,456774636701154.562500
0.3103800000000001,0.022000000000000002,0.055600000000000004,456774636701154.562500
0.31039000000000005,0.022000000000000002,0.056400000000000006,456774636701154.562500
0.3104000000000001,0.0212,0.0468,456774636701154.562500
0.3104100000000001,0.022000000000000002,0.055600000000000004,456774636701154.562500
0.31042000000000003,0.0228,0.053200000000000004,456774636701154.562500
0.3104300000000001,0.022000000000000002,0.053200000000000004,456774636701154.562500
0.31044000000000005,0.0228,0.050800000000000005,456774636701154.562500
0.3104500000000001,0.0228,0.056400000000000006,456774636701154.562500
0.31046000000000007,0.022000000000000002,0.053200000000000004,456774636701154.562500
0.31047,0.0228,0.048400000000000006,456774636701154.562500
0.3104800000000001,0.0244,0.054,456774636701154.562500
0.31049000000000004,0.022000000000000002,0.056400000000000006,456774636701154.562500
0.3105000000000001,0.0244,0.053200000000000004,456774636701154.562500
0.31051000000000006,0.026000000000000002,0.056400000000000006,456774636701154.562500
0.31052,0.022000000000000002,0.0516,456774636701154.562500
0.3105300000000001,0.0236,0.056400000000000006,456774636701154.562500
0.31054000000000004,0.0244,0.050800000000000005,456774636701154.562500
0.3105500000000001,0.0244,0.0572,456774636701154.562500
0.31056000000000006,0.0236,0.0476,456774636701154.562500
0.31057,0.0236,0.050800000000000005,456774636701154.562500
0.3105800000000001,0.0196,0.048400000000000006,456774636701154.562500
0.31059000000000003,0.0236,0.037200000000000004,456774636701154.562500
0.3106000000000001,0.022000000000000002,0.0516,456774636701154.562500
0.31061000000000005,0.0228,0.050800000000000005,456774636701154.562500
0.3106200000000001,0.0204,0.0524,456774636701154.562500
0.3106300000000001,0.0228,0.056400000000000006,456774636701154.562500
0.31064,0.0196,0.050800000000000005,456774636701154.562500
0.3106500000000001,0.0236,0.0548,456774636701154.562500
0.31066000000000005,0.0228,0.054,456774636701154.562500
0.3106700000000001,0.022000000000000002,0.054,456774636701154.562500
0.31068000000000007,0.022000000000000002,0.055600000000000004,456774636701154.562500
0.31069,0.0212,0.0548,456774636701154.562500
0.3107000000000001,0.022000000000000002,0.050800000000000005,456774636701154.562500
0.31071000000000004,0.022000000000000002,0.056400000000000006,456774636701154.562500
0.3107200000000001,0.0236,0.050800000000000005,456774636701154.562500
0.31073000000000006,0.0228,0.056400000000000006,456774636701154.562500
0.31074,0.022000000000000002,0.056400000000000006,456774636701154.562500
0.3107500000000001,0.022000000000000002,0.055600000000000004,456774636701154.562500
0.31076000000000004,0.0236,0.0572,456774636701154.562500
0.3107700000000001,0.022000000000000002,0.0572,456774636701154.562500
0.31078000000000006,0.0244,0.0572,456774636701154.562500
0.3107900000000001,0.0204,0.054,456774636701154.562500
0.3108000000000001,0.022000000000000002,0.0548,456774636701154.562500
0.31081000000000003,0.022000000000000002,0.054,456774636701154.562500
0.3108200000000001,0.022000000000000002,0.0548,456774636701154.562500
0.31083000000000005,0.0228,0.0548,456774636701154.562500
0.3108400000000001,0.0236,0.0548,456774636701154.562500
0.31085000000000007,0.0228,0.053200000000000004,456774636701154.562500
0.31086,0.0244,0.0516,456774636701154.562500
0.3108700000000001,0.0236,0.054,456774636701154.562500
0.31088000000000005,0.0236,0.053200000000000004,456774636701154.562500
0.3108900000000001,0.0228,0.050800000000000005,456774636701154.562500
0.31090000000000007,0.0236,0.054,456774636701154.562500
0.31091,0.022000000000000002,0.056400000000000006,456774636701154.562500
0.3109200000000001,0.022000000000000002,0.050800000000000005,456774636701154.562500
0.31093000000000004,0.022000000000000002,0.053200000000000004,456774636701154.562500
0.3109400000000001,0.0228,0.0492,456774636701154.562500
0.31095000000000006,0.0212,0.056400000000000006,456774636701154.562500
0.31096,0.0188,0.0572,456774636701154.562500
0.3109700000000001,0.0188,0.056400000000000006,456774636701154.562500
0.31098000000000003,0.0196,0.0572,456774636701154.562500
0.3109900000000001,0.0204,0.055600000000000004,456774636701154.562500
0.31100000000000005,0.0204,0.045200000000000004,456774636701154.562500
0.3110100000000001,0.0212,0.054,456774636701154.562500
0.3110200000000001,0.0204,0.0524,456774636701154.562500
0.31103000000000003,0.022000000000000002,0.055600000000000004,456774636701154.562500
0.3110400000000001,0.0236,0.046,456774636701154.562500
0.31105000000000005,0.0228,0.0572,456774636701154.562500
0.3110600000000001,0.0236,0.0572,456774636701154.562500
0.31107000000000007,0.0236,0.056400000000000006,456774636701154.562500
0.31108,0.022000000000000002,0.056400000000000006,456774636701154.562500
0.3110900000000001,0.0252,0.0436,456774636701154.562500
0.31110000000000004,0.0236,0.054,456774636701154.562500
0.3111100000000001,0.0244,0.0524,456774636701154.562500
0.31112000000000006,0.0228,0.054,456774636701154.562500
0.31113,0.0244,0.0468,456774636701154.562500
0.3111400000000001,0.0236,0.054,456774636701154.562500
0.31115000000000004,0.0244,0.055600000000000004,456774636701154.562500
0.3111600000000001,0.0244,0.0572,456774636701154.562500
0.31117000000000006,0.0228,0.058,456774636701154.562500
0.31118,0.0244,0.055600000000000004,456774636701154.562500
0.3111900000000001,0.0188,0.056400000000000006,456774636701154.562500
0.31120000000000003,0.022000000000000002,0.055600000000000004,456774636701154.562500
0.3112100000000001,0.0236,0.055600000000000004,456774636701154.562500
0.31122000000000005,0.022000000000000002,0.056400000000000006,456774636701154.562500
0.3112300000000001,0.0204,0.055600000000000004,456774636701154.562500
0.31124000000000007,0.0212,0.054,456774636701154.562500
0.31125,0.0212,0.0548,456774636701154.562500
0.3112600000000001,0.022000000000000002,0.0468,456774636701154.562500
0.31127000000000005,0.022000000000000002,0.055600000000000004,456774636701154.562500
0.3112800000000001,0.0228,0.055600000000000004,456774636701154.562500
0.31129000000000007,0.0196,0.054,456774636701154.562500
0.3113,0.022000000000000002,0.0524,456774636701154.562500
0.3113100000000001,0.0228,0.056400000000000006,456774636701154.562500
0.31132000000000004,0.0228,0.055600000000000004,456774636701154.562500
0.3113300000000001,0.0236,0.058800000000000005,456774636701154.562500
0.31134000000000006,0.022000000000000002,0.0572,456774636701154.562500
0.31135,0.0244,0.056400000000000006,456774636701154.562500
0.3113600000000001,0.022000000000000002,0.055600000000000004,456774636701154.562500
0.31137000000000004,0.0228,0.0572,456774636701154.562500
0.3113800000000001,0.0236,0.0548,456774636701154.562500
0.31139000000000006,0.026000000000000002,0.0572,456774636701154.562500
0.3114000000000001,0.0236,0.056400000000000006,456774636701154.562500
0.3114100000000001,0.0252,0.056400000000000006,456774636701154.562500
0.31142000000000003,0.0244,0.055600000000000004,456774636701154.562500
0.3114300000000001,0.0236,0.0548,456774636701154.562500
0.31144000000000005,0.0236,0.0516,456774636701154.562500
0.3114500000000001,0.0252,0.0572,456774636701154.562500
0.31146000000000007,0.0228,0.058,456774636701154.562500
0.31147,0.0228,0.054,456774636701154.562500
0.3114800000000001,0.022000000000000002,0.058,456774636701154.562500
0.31149000000000004,0.0228,0.053200000000000004,456774636701154.562500
0.3115000000000001,0.0244,0.0572,456774636701154.562500
0.31151000000000006,0.0244,0.056400000000000006,456774636701154.562500
0.31152,0.0212,0.0572,456774636701154.562500
0.3115300000000001,0.0212,0.055600000000000004,456774636701154.562500
0.31154000000000004,0.0236,0.054,456774636701154.562500
0.3115500000000001,0.0228,0.0572,456774636701154.562500
0.31156000000000006,0.0188,0.0524,456774636701154.562500
0.31157,0.0212,0.053200000000000004,456774636701154.562500
0.3115800000000001,0.0228,0.0548,456774636701154.562500
0.31159000000000003,0.0236,0.056400000000000006,456774636701154.562500
0.3116000000000001,0.0228,0.0572,456774636701154.562500
0.31161000000000005,0.022000000000000002,0.054,456774636701154.562500
0.3116200000000001,0.0228,0.055600000000000004,456774636701154.562500
0.3116300000000001,0.0204,0.0436,456774636701154.562500
0.31164000000000003,0.022000000000000002,0.0524,456774636701154.562500
0.3116500000000001,0.022000000000000002,0.056400000000000006,456774636701154.562500
0.31166000000000005,0.0244,0.056400000000000006,456774636701154.562500
0.3116700000000001,0.0236,0.054,456774636701154.562500
0.31168000000000007,0.0228,0.054,456774636701154.562500
0.31169,0.0244,0.0476,456774636701154.562500
0.3117000000000001,0.0196,0.05,456774636701154.562500
0.31171000000000004,0.0228,0.0444,456774636701154.562500
0.3117200000000001,0.022000000000000002,0.055600000000000004,456774636701154.562500
0.31173000000000006,0.0244,0.053200000000000004,456774636701154.562500
0.31174,0.0212,0.0548,456774636701154.562500
0.3117500000000001,0.0244,0.0548,456774636701154.562500
0.31176000000000004,0.0204,0.055600000000000004,456774636701154.562500
0.3117700000000001,0.022000000000000002,0.054,456774636701154.562500
0.31178000000000006,0.0228,0.056400000000000006,456774636701154.562500
0.31179,0.022000000000000002,0.0548,456774636701154.562500
0.3118000000000001,0.0204,0.0548,456774636701154.562500
0.31181000000000003,0.0244,0.053200000000000004,456774636701154.562500
0.3118200000000001,0.0228,0.046,456774636701154.562500
0.31183000000000005,0.022000000000000002,0.054,456774636701154.562500
0.3118400000000001,0.0212,0.054,456774636701154.562500
0.31185000000000007,0.0204,0.058,456774636701154.562500
0.31186,0.0212,0.055600000000000004,456774636701154.562500
0.3118700000000001,0.0228,0.054,456774636701154.562500
0.31188000000000005,0.0212,0.0524,456774636701154.562500
0.3118900000000001,0.022000000000000002,0.056400000000000006,456774636701154.562500
0.31190000000000007,0.022000000000000002,0.0548,456774636701154.562500
0.31191,0.0172,0.058,456774636701154.562500
0.3119200000000001,0.0228,0.056400000000000006,456774636701154.562500
0.31193000000000004,0.01,0.0476,456774636701154.562500
0.3119400000000001,0.0204,0.058,456774636701154.562500
0.31195000000000006,0.0188,0.046,456774636701154.562500
0.31196,0.0188,0.055600000000000004,456774636701154.562500
0.3119700000000001,0.015600000000000001,0.0548,456774636701154.562500
0.31198000000000004,0.0236,0.0492,456774636701154.562500
0.3119900000000001,0.0204,0.0436,456774636701154.562500
0.31200000000000006,0.0236,0.054,456774636701154.562500
0.3120100000000001,0.0236,0.0524,456774636701154.562500
0.3120200000000001,0.0228,0.055600000000000004,456774636701154.562500
0.31203000000000003,0.0236,0.0524,456774636701154.562500
0.3120400000000001,0.0196,0.055600000000000004,456774636701154.562500
0.31205000000000005,0.0252,0.056400000000000006,456774636701154.562500
0.3120600000000001,0.022000000000000002,0.0572,456774636701154.562500
0.31207000000000007,0.0228,0.0572,456774636701154.562500
0.31208,0.022000000000000002,0.0548,456774636701154.562500
0.3120900000000001,0.0204,0.054,456774636701154.562500
0.31210000000000004,0.0204,0.055600000000000004,456774636701154.562500
0.3121100000000001,0.0228,0.0572,456774636701154.562500
0.31212000000000006,0.0212,0.055600000000000004,456774636701154.562500
0.31213,0.022000000000000002,0.055600000000000004,456774636701154.562500
0.3121400000000001,0.0228,0.055600000000000004,456774636701154.562500
0.31215000000000004,0.0228,0.0548,456774636701154.562500
0.3121600000000001,0.022000000000000002,0.0572,456774636701154.562500
0.31217000000000006,0.0212,0.054,456774636701154.562500
0.31218,0.022000000000000002,0.056400000000000006,456774636701154.562500
0.3121900000000001,0.0212,0.056400000000000006,456774636701154.562500
0.31220000000000003,0.0236,0.0548,456774636701154.562500
0.3122100000000001,0.0204,0.0492,456774636701154.562500
0.31222000000000005,0.022000000000000002,0.058,456774636701154.562500
0.3122300000000001,0.022000000000000002,0.054,456774636701154.562500
0.3122400000000001,0.022000000000000002,0.055600000000000004,456774636701154.562500
0.31225,0.0228,0.053200000000000004,456774636701154.562500
0.3122600000000001,0.022000000000000002,0.055600000000000004,456774636701154.562500
0.31227000000000005,0.022000000000000002,0.058800000000000005,456774636701154.562500
0.3122800000000001,0.0212,0.0572,456774636701154.562500
0.31229000000000007,0.022000000000000002,0.05,456774636701154.562500
0.3123,0.0212,0.042800000000000005,456774636701154.562500
0.3123100000000001,0.0228,0.0436,456774636701154.562500
0.31232000000000004,0.0196,0.056400000000000006,456774636701154.562500
0.3123300000000001,0.0228,0.055600000000000004,456774636701154.562500
0.31234000000000006,0.0204,0.056400000000000006,456774636701154.562500
0.31235,0.0236,0.0548,456774636701154.562500
0.3123600000000001,0.0196,0.0516,456774636701154.562500
0.31237000000000004,0.0228,0.0572,456774636701154.562500
0.3123800000000001,0.0236,0.0468,456774636701154.562500
0.31239000000000006,0.0236,0.055600000000000004,456774636701154.562500
0.3124,0.0228,0.055600000000000004,456774636701154.562500
0.3124100000000001,0.0228,0.055600000000000004,456774636701154.562500
0.31242000000000003,0.022000000000000002,0.055600000000000004,456774636701154.562500
0.3124300000000001,0.0212,0.053200000000000004,456774636701154.562500
0.31244000000000005,0.022000000000000002,0.0548,456774636701154.562500
0.3124500000000001,0.022000000000000002,0.0516,456774636701154.562500
0.31246000000000007,0.0204,0.0572,456774636701154.562500
0.31247,0.0204,0.0516,456774636701154.562500
0.3124800000000001,0.022000000000000002,0.053200000000000004,456774636701154.562500
0.31249000000000005,0.0228,0.0492,456774636701154.562500
0.3125000000000001,0.0196,0.0548,456774636701154.562500
0.31251000000000007,0.022000000000000002,0.0572,456774636701154.562500
0.31252,0.0212,0.050800000000000005,456774636701154.562500
0.3125300000000001,0.014,0.053200000000000004,456774636701154.562500
0.31254000000000004,0.022000000000000002,0.055600000000000004,456774636701154.562500
0.3125500000000001,0.0196,0.0548,456774636701154.562500
0.31256000000000006,0.0228,0.058,456774636701154.562500
0.31257,0.0244,0.053200000000000004,456774636701154.562500
0.3125800000000001,0.0236,0.053200000000000004,456774636701154.562500
0.31259000000000003,0.0228,0.056400000000000006,456774636701154.562500
0.3126000000000001,0.0236,0.0516,456774636701154.562500
0.31261000000000005,0.0228,0.0548,456774636701154.562500
0.3126200000000001,0.0244,0.0516,456774636701154.562500
0.3126300000000001,0.0204,0.0548,456774636701154.562500
0.31264000000000003,0.0252,0.054,456774636701154.562500
0.3126500000000001,0.0204,0.0492,456774636701154.562500
0.31266000000000005,0.0228,0.0572,456774636701154.562500
0.3126700000000001,0.0244,0.0572,456774636701154.562500
0.31268000000000007,0.0228,0.0572,456774636701154.562500
0.31269,0.0252,0.0572,456774636701154.562500
0.3127000000000001,0.0236,0.0572,456774636701154.562500
0.31271000000000004,0.0228,0.058,456774636701154.562500
0.3127200000000001,0.022000000000000002,0.056400000000000006,456774636701154.562500
0.31273000000000006,0.022000000000000002,0.055600000000000004,456774636701154.562500
0.31274,0.0228,0.055600000000000004,456774636701154.562500
0.3127500000000001,0.0228,0.050800000000000005,456774636701154.562500
0.31276000000000004,0.0212,0.056400000000000006,456774636701154.562500
0.3127700000000001,0.0204,0.056400000000000006,456774636701154.562500
0.31278000000000006,0.0228,0.0572,456774636701154.562500
0.31279,0.0212,0.056400000000000006,456774636701154.562500
0.3128000000000001,0.018000000000000002,0.0572,456774636701154.562500
0.31281000000000003,0.022000000000000002,0.0524,456774636701154.562500
0.3128200000000001,0.018000000000000002,0.056400000000000006,456774636701154.562500
0.31283000000000005,0.0196,0.0524,456774636701154.562500
0.3128400000000001,0.022000000000000002,0.056400000000000006,456774636701154.562500
0.3128500000000001,0.0172,0.050800000000000005,456774636701154.562500
0.31286,0.0228,0.056400000000000006,456774636701154.562500
0.3128700000000001,0.0212,0.054,456774636701154.562500
0.31288000000000005,0.0212,0.0548,456774636701154.562500
0.3128900000000001,0.0204,0.053200000000000004,456774636701154.562500
0.31290000000000007,0.0252,0.055600000000000004,456774636701154.562500
0.31291,0.0196,0.058,456774636701154.562500
0.3129200000000001,0.0244,0.055600000000000004,456774636701154.562500
0.31293000000000004,0.0236,0.054,456774636701154.562500
0.3129400000000001,0.0244,0.056400000000000006,456774636701154.562500
0.31295000000000006,0.0204,0.056400000000000006,456774636701154.562500
0.31296,0.0244,0.058,456774636701154.562500
0.3129700000000001,0.0236,0.0492,456774636701154.562500
0.31298000000000004,0.0244,0.058,456774636701154.562500
0.3129900000000001,0.022000000000000002,0.053200000000000004,456774636701154.562500
0.31300000000000006,0.0236,0.055600000000000004,456774636701154.562500
0.3130100000000001,0.0236,0.0492,456774636701154.562500
0.3130200000000001,0.0228,0.056400000000000006,456774636701154.562500
0.31303000000000003,0.022000000000000002,0.0516,456774636701154.562500
0.3130400000000001,0.0228,0.0524,456774636701154.562500
0.31305000000000005,0.0212,0.053200000000000004,456774636701154.562500
0.3130600000000001,0.022000000000000002,0.0548,456774636701154.562500
0.31307000000000007,0.0188,0.05,456774636701154.562500
0.31308,0.0212,0.048400000000000006,456774636701154.562500
0.3130900000000001,0.0204,0.045200000000000004,456774636701154.562500
0.31310000000000004,0.0212,0.056400000000000006,456774636701154.562500
0.3131100000000001,0.0204,0.054,456774636701154.562500
0.31312000000000006,0.0204,0.0572,456774636701154.562500
0.31313,0.022000000000000002,0.056400000000000006,456774636701154.562500
0.3131400000000001,0.0236,0.056400000000000006,456774636701154.562500
0.31315000000000004,0.0228,0.056400000000000006,456774636701154.562500
0.3131600000000001,0.0228,0.0548,456774636701154.562500
0.31317000000000006,0.0236,0.056400000000000006,456774636701154.562500
0.31318,0.0236,0.0572,456774636701154.562500
0.3131900000000001,0.0228,0.050800000000000005,456774636701154.562500
0.31320000000000003,0.0252,0.0572,456774636701154.562500
0.3132100000000001,0.022000000000000002,0.055600000000000004,456774636701154.562500
0.31322000000000005,0.0252,0.056400000000000006,456774636701154.562500
0.3132300000000001,0.0228,0.055600000000000004,456774636701154.562500
0.3132400000000001,0.0236,0.0572,456774636701154.562500
0.31325000000000003,0.0212,0.055600000000000004,456774636701154.562500
0.3132600000000001,0.0244,0.0524,456774636701154.562500
0.31327000000000005,0.0244,0.05,456774636701154.562500
0.3132800000000001,0.0204,0.055600000000000004,456774636701154.562500
0.31329000000000007,0.022000000000000002,0.0516,456774636701154.562500
0.3133,0.0236,0.058,456774636701154.562500
0.3133100000000001,0.0196,0.053200000000000004,456774636701154.562500
0.31332000000000004,0.026000000000000002,0.055600000000000004,456774636701154.562500
0.3133300000000001,0.0204,0.054,456774636701154.562500
0.31334000000000006,0.022000000000000002,0.055600000000000004,456774636701154.562500
0.31335,0.0212,0.054,456774636701154.562500
0.3133600000000001,0.0228,0.0572,456774636701154.562500
0.31337000000000004,0.0228,0.0548,456774636701154.562500
0.3133800000000001,0.0228,0.0572,456774636701154.562500
0.31339000000000006,0.022000000000000002,0.056400000000000006,456774636701154.562500
0.3134,0.0228,0.0572,456774636701154.562500
0.3134100000000001,0.0212,0.056400000000000006,456774636701154.562500
0.31342000000000003,0.0196,0.056400000000000006,456774636701154.562500
0.3134300000000001,0.0204,0.0548,456774636701154.562500
0.31344000000000005,0.022000000000000002,0.056400000000000006,456774636701154.562500
0.3134500000000001,0.022000000000000002,0.05,456774636701154.562500
0.31346000000000007,0.0204,0.055600000000000004,456774636701154.562500
0.31347,0.0228,0.0572,456774636701154.562500
0.3134800000000001,0.0212,0.053200000000000004,456774636701154.562500
0.31349000000000005,0.0228,0.0476,456774636701154.562500
0.3135000000000001,0.022000000000000002,0.0516,456774636701154.562500
0.31351000000000007,0.0236,0.055600000000000004,456774636701154.562500
0.31352,0.0228,0.054,456774636701154.562500
0.3135300000000001,0.0236,0.054,456774636701154.562500
0.31354000000000004,0.0252,0.056400000000000006,456774636701154.562500
0.3135500000000001,0.0244,0.0548,456774636701154.562500
0.31356000000000006,0.0236,0.053200000000000004,456774636701154.562500
0.31357,0.0244,0.0516,456774636701154.562500
0.3135800000000001,0.0228,0.053200000000000004,456774636701154.562500
0.31359000000000004,0.0252,0.0516,456774636701154.562500
0.3136000000000001,0.0212,0.053200000000000004,456774636701154.562500
0.31361000000000006,0.0212,0.050800000000000005,456774636701154.562500
0.3136200000000001,0.0236,0.048400000000000006,456774636701154.562500
0.3136300000000001,0.0228,0.055600000000000004,456774636701154.562500
0.31364000000000003,0.0228,0.048400000000000006,456774636701154.562500
0.3136500000000001,0.022000000000000002,0.0572,456774636701154.562500
0.31366000000000005,0.0228,0.037200000000000004,456774636701154.562500
0.3136700000000001,0.022000000000000002,0.058,456774636701154.562500
0.31368000000000007,0.0204,0.0444,456774636701154.562500
0.31369,0.0212,0.058,456774636701154.562500
0.3137000000000001,0.0228,0.0524,456774636701154.562500
0.31371000000000004,0.0196,0.055600000000000004,456774636701154.562500
0.3137200000000001,0.0212,0.0468,456774636701154.562500
0.31373000000000006,0.015600000000000001,0.050800000000000005,456774636701154.562500
0.31374,0.022000000000000002,0.0572,456774636701154.562500
0.3137500000000001,0.0228,0.0548,456774636701154.562500
0.31376000000000004,0.0228,0.058,456774636701154.562500
0.3137700000000001,0.0204,0.054,456774636701154.562500
0.31378000000000006,0.0228,0.055600000000000004,456774636701154.562500
0.31379,0.022000000000000002,0.058800000000000005,456774636701154.562500
0.3138000000000001,0.0204,0.0516,456774636701154.562500
0.31381000000000003,0.0252,0.056400000000000006,456774636701154.562500
0.3138200000000001,0.0212,0.054,456774636701154.562500
0.31383000000000005,0.0236,0.056400000000000006,456774636701154.562500
0.3138400000000001,0.022000000000000002,0.0516,456774636701154.562500
0.3138500000000001,0.022000000000000002,0.058,456774636701154.562500
0.31386000000000003,0.026000000000000002,0.046,456774636701154.562500
0.3138700000000001,0.0196,0.0524,456774636701154.562500
0.31388000000000005,0.022000000000000002,0.056400000000000006,456774636701154.562500
0.3138900000000001,0.0236,0.05,456774636701154.562500
0.31390000000000007,0.0212,0.056400000000000006,456774636701154.562500
0.31391,0.0228,0.055600000000000004,456774636701154.562500
0.3139200000000001,0.022000000000000002,0.058,456774636701154.562500
0.31393000000000004,0.0188,0.0572,456774636701154.562500
0.3139400000000001,0.0228,0.058,456774636701154.562500
0.31395000000000006,0.018000000000000002,0.0572,456774636701154.562500
0.31396,0.022000000000000002,0.0548,456774636701154.562500
0.3139700000000001,0.0212,0.058,456774636701154.562500
0.31398000000000004,0.0212,0.053200000000000004,456774636701154.562500
0.3139900000000001,0.0228,0.055600000000000004,456774636701154.562500
0.31400000000000006,0.022000000000000002,0.050800000000000005,456774636701154.562500
0.31401,0.0196,0.056400000000000006,456774636701154.562500
0.3140200000000001,0.022000000000000002,0.055600000000000004,456774636701154.562500
0.31403000000000003,0.0204,0.056400000000000006,456774636701154.562500
0.3140400000000001,0.0212,0.05,456774636701154.562500
0.31405000000000005,0.0212,0.056400000000000006,456774636701154.562500
0.3140600000000001,0.0196,0.054,456774636701154.562500
0.31407000000000007,0.022000000000000002,0.0524,456774636701154.562500
0.31408,0.0228,0.0572,456774636701154.562500
0.3140900000000001,0.0244,0.050800000000000005,456774636701154.562500
0.31410000000000005,0.022000000000000002,0.055600000000000004,456774636701154.562500
0.3141100000000001,0.0236,0.037200000000000004,456774636701154.562500
0.31412000000000007,0.0236,0.0516,456774636701154.562500
0.31413,0.0228,0.05,456774636701154.562500
0.3141400000000001,0.0244,0.0572,456774636701154.562500
0.31415000000000004,0.0252,0.058,456774636701154.562500
0.3141600000000001,0.022000000000000002,0.055600000000000004,456774636701154.562500
0.31417000000000006,0.0228,0.055600000000000004,456774636701154.562500
0.31418,0.0172,0.0548,456774636701154.562500
0.3141900000000001,0.0252,0.056400000000000006,456774636701154.562500
0.31420000000000003,0.0196,0.053200000000000004,456774636701154.562500
0.3142100000000001,0.0236,0.058,456774636701154.562500
0.31422000000000005,0.0212,0.0524,456774636701154.562500
0.3142300000000001,0.0228,0.056400000000000006,456774636701154.562500
0.3142400000000001,0.0212,0.0548,456774636701154.562500
0.31425000000000003,0.0212,0.0516,456774636701154.562500
0.3142600000000001,0.0228,0.058,456774636701154.562500
0.31427000000000005,0.0172,0.056400000000000006,456774636701154.562500
0.3142800000000001,0.018000000000000002,0.056400000000000006,456774636701154.562500
0.31429000000000007,0.0212,0.0492,456774636701154.562500
0.3143,0.0228,0.055600000000000004,456774636701154.562500
0.3143100000000001,0.0204,0.0468,456774636701154.562500
0.31432000000000004,0.0212,0.056400000000000006,456774636701154.562500
0.3143300000000001,0.0196,0.056400000000000006,456774636701154.562500
0.31434000000000006,0.0212,0.055600000000000004,456774636701154.562500
0.31435,0.0212,0.042,456774636701154.562500
0.3143600000000001,0.0212,0.054,456774636701154.562500
0.31437000000000004,0.0236,0.054,456774636701154.562500
0.3143800000000001,0.022000000000000002,0.054,456774636701154.562500
0.31439000000000006,0.0204,0.0516,456774636701154.562500
0.3144,0.0204,0.054,456774636701154.562500
0.3144100000000001,0.0244,0.0548,456774636701154.562500
0.31442000000000003,0.0244,0.055600000000000004,456774636701154.562500
0.3144300000000001,0.0236,0.055600000000000004,456774636701154.562500
0.31444000000000005,0.0252,0.0516,456774636701154.562500
0.3144500000000001,0.0236,0.0492,456774636701154.562500
0.3144600000000001,0.0204,0.05,456774636701154.562500
0.31447,0.0244,0.0548,456774636701154.562500
0.3144800000000001,0.0236,0.054,456774636701154.562500
0.31449000000000005,0.022000000000000002,0.056400000000000006,456774636701154.562500
0.3145000000000001,0.0228,0.054,456774636701154.562500
0.31451000000000007,0.014,0.050800000000000005,456774636701154.562500
0.31452,0.0236,0.056400000000000006,456774636701154.562500
0.3145300000000001,0.0204,0.0412,456774636701154.562500
0.31454000000000004,0.0244,0.055600000000000004,456774636701154.562500
0.3145500000000001,0.0188,0.042800000000000005,456774636701154.562500
0.31456000000000006,0.022000000000000002,0.0572,456774636701154.562500
0.31457,0.0204,0.050800000000000005,456774636701154.562500
0.3145800000000001,0.0204,0.048400000000000006,456774636701154.562500
0.31459000000000004,0.022000000000000002,0.056400000000000006,456774636701154.562500
0.3146000000000001,0.0228,0.0476,456774636701154.562500
0.31461000000000006,0.022000000000000002,0.054,456774636701154.562500
0.3146200000000001,0.0188,0.048400000000000006,456774636701154.562500
0.3146300000000001,0.022000000000000002,0.0516,456774636701154.562500
0.31464000000000003,0.0204,0.05,456774636701154.562500
0.3146500000000001,0.0228,0.055600000000000004,456774636701154.562500
0.31466000000000005,0.0204,0.0524,456774636701154.562500
0.3146700000000001,0.0196,0.056400000000000006,456774636701154.562500
0.31468000000000007,0.0196,0.0516,456774636701154.562500
0.31469,0.0196,0.0524,456774636701154.562500
0.3147000000000001,0.0196,0.054,456774636701154.562500
0.31471000000000005,0.0236,0.053200000000000004,456774636701154.562500
0.3147200000000001,0.0196,0.042,456774636701154.562500
0.31473000000000007,0.0228,0.053200000000000004,456774636701154.562500
0.31474,0.0244,0.054,456774636701154.562500
0.3147500000000001,0.026000000000000002,0.056400000000000006,456774636701154.562500
0.31476000000000004,0.0228,0.0572,456774636701154.562500
0.3147700000000001,0.0228,0.0548,456774636701154.562500
0.31478000000000006,0.0244,0.058,456774636701154.562500
0.31479,0.0236,0.056400000000000006,456774636701154.562500
0.3148000000000001,0.022000000000000002,0.054,456774636701154.562500
0.31481000000000003,0.0244,0.0572,456774636701154.562500
0.3148200000000001,0.0188,0.045200000000000004,456774636701154.562500
0.31483000000000005,0.022000000000000002,0.056400000000000006,456774636701154.562500
0.3148400000000001,0.0172,0.0476,456774636701154.562500
0.3148500000000001,0.0212,0.054,456774636701154.562500
0.31486000000000003,0.018000000000000002,0.05,456774636701154.562500
0.3148700000000001,0.0212,0.0492,456774636701154.562500
0.31488000000000005,0.0196,0.0572,456774636701154.562500
0.3148900000000001,0.0236,0.0548,456774636701154.562500
0.31490000000000007,0.0228,0.0572,456774636701154.562500
0.31491,0.0188,0.0524,456774636701154.562500
0.3149200000000001,0.022000000000000002,0.056400000000000006,456774636701154.562500
0.31493000000000004,0.0172,0.055600000000000004,456774636701154.562500
0.3149400000000001,0.0188,0.0548,456774636701154.562500
0.31495000000000006,0.0164,0.0548,456774636701154.562500
0.31496,0.015600000000000001,0.048400000000000006,456774636701154.562500
0.3149700000000001,0.022000000000000002,0.046,456774636701154.562500
0.31498000000000004,0.0204,0.058,456774636701154.562500
0.3149900000000001,0.0236,0.058,456774636701154.562500
0.31500000000000006,0.0196,0.055600000000000004,456774636701154.562500
0.31501,0.0244,0.058,456774636701154.562500
0.3150200000000001,0.0212,0.056400000000000006,456774636701154.562500
0.31503000000000003,0.0228,0.056400000000000006,456774636701154.562500
0.3150400000000001,0.0212,0.055600000000000004,456774636701154.562500
0.31505000000000005,0.0236,0.0548,456774636701154.562500
0.3150600000000001,0.0244,0.056400000000000006,456774636701154.562500
0.31507000000000007,0.0196,0.056400000000000006,456774636701154.562500
0.31508,0.0244,0.055600000000000004,456774636701154.562500
0.3150900000000001,0.0244,0.056400000000000006,456774636701154.562500
0.31510000000000005,0.0236,0.058,456774636701154.562500
0.3151100000000001,0.0212,0.056400000000000006,456774636701154.562500
0.31512000000000007,0.0236,0.053200000000000004,456774636701154.562500
0.31513,0.022000000000000002,0.055600000000000004,456774636701154.562500
0.3151400000000001,0.022000000000000002,0.055600000000000004,456774636701154.562500
0.31515000000000004,0.0212,0.056400000000000006,456774636701154.562500
0.3151600000000001,0.0204,0.058,456774636701154.562500
0.31517000000000006,0.0228,0.056400000000000006,456774636701154.562500
0.31518,0.018000000000000002,0.056400000000000006,456774636701154.562500
0.3151900000000001,0.0236,0.055600000000000004,456774636701154.562500
0.31520000000000004,0.0228,0.053200000000000004,456774636701154.562500
0.3152100000000001,0.0228,0.055600000000000004,456774636701154.562500
0.31522000000000006,0.022000000000000002,0.0476,456774636701154.562500
0.3152300000000001,0.022000000000000002,0.056400000000000006,456774636701154.562500
0.3152400000000001,0.0196,0.0468,456774636701154.562500
0.31525000000000003,0.022000000000000002,0.0516,456774636701154.562500
0.3152600000000001,0.0244,0.0572,456774636701154.562500
0.31527000000000005,0.0204,0.0548,456774636701154.562500
0.3152800000000001,0.0212,0.058,456774636701154.562500
0.31529000000000007,0.0188,0.050800000000000005,456774636701154.562500
0.3153,0.0172,0.0572,456774636701154.562500
0.3153100000000001,0.0204,0.055600000000000004,456774636701154.562500
0.31532000000000004,0.0244,0.056400000000000006,456774636701154.562500
0.3153300000000001,0.0196,0.058,456774636701154.562500
0.31534000000000006,0.0236,0.056400000000000006,456774636701154.562500
0.31535,0.0228,0.0476,456774636701154.562500
0.3153600000000001,0.0228,0.055600000000000004,456774636701154.562500
0.31537000000000004,0.0236,0.056400000000000006,456774636701154.562500
0.3153800000000001,0.0244,0.055600000000000004,456774636701154.562500
0.31539000000000006,0.0252,0.055600000000000004,456774636701154.562500
0.3154,0.0228,0.0524,456774636701154.562500
0.3154100000000001,0.0244,0.056400000000000006,456774636701154.562500
0.31542000000000003,0.022000000000000002,0.05,456774636701154.562500
0.3154300000000001,0.0252,0.055600000000000004,456774636701154.562500
0.31544000000000005,0.0236,0.0524,456774636701154.562500
0.3154500000000001,0.0204,0.0548,456774636701154.562500
0.3154600000000001,0.022000000000000002,0.048400000000000006,456774636701154.562500
0.31547000000000003,0.0204,0.0492,456774636701154.562500
0.3154800000000001,0.0228,0.054,456774636701154.562500
0.31549000000000005,0.0196,0.053200000000000004,456774636701154.562500
0.3155000000000001,0.0204,0.056400000000000006,456774636701154.562500
0.31551000000000007,0.0204,0.0524,456774636701154.562500
0.31552,0.022000000000000002,0.055600000000000004,456774636701154.562500
0.3155300000000001,0.022000000000000002,0.042,456774636701154.562500
0.31554000000000004,0.0236,0.0572,456774636701154.562500
0.3155500000000001,0.022000000000000002,0.0492,456774636701154.562500
0.31556000000000006,0.022000000000000002,0.0524,456774636701154.562500
0.31557,0.0188,0.046,456774636701154.562500
0.3155800000000001,0.0228,0.056400000000000006,456774636701154.562500
0.31559000000000004,0.022000000000000002,0.056400000000000006,456774636701154.562500
0.3156000000000001,0.0236,0.0572,456774636701154.562500
0.31561000000000006,0.022000000000000002,0.054,456774636701154.562500
0.31562,0.0244,0.0548,456774636701154.562500
0.3156300000000001,0.0212,0.0524,456774636701154.562500
0.31564000000000003,0.022000000000000002,0.055600000000000004,456774636701154.562500
0.3156500000000001,0.0244,0.055600000000000004,456774636701154.562500
0.31566000000000005,0.0236,0.055600000000000004,456774636701154.562500
0.3156700000000001,0.022000000000000002,0.056400000000000006,456774636701154.562500
0.31568000000000007,0.0204,0.0524,456774636701154.562500
0.31569,0.0236,0.0516,456774636701154.562500
0.3157000000000001,0.0236,0.0492,456774636701154.562500
0.31571000000000005,0.0228,0.056400000000000006,456774636701154.562500
0.3157200000000001,0.022000000000000002,0.054,456774636701154.562500
0.31573000000000007,0.0164,0.0516,456774636701154.562500
0.31574,0.0228,0.054,456774636701154.562500
0.3157500000000001,0.022000000000000002,0.056400000000000006,456774636701154.562500
0.31576000000000004,0.0236,0.0548,456774636701154.562500
0.3157700000000001,0.022000000000000002,0.056400000000000006,456774636701154.562500
0.31578000000000006,0.0228,0.050800000000000005,456774636701154.562500
0.31579,0.0204,0.055600000000000004,456774636701154.562500
0.3158000000000001,0.0236,0.0524,456774636701154.562500
0.31581000000000004,0.022000000000000002,0.055600000000000004,456774636701154.562500
0.3158200000000001,0.0228,0.0548,456774636701154.562500
0.31583000000000006,0.0204,0.055600000000000004,456774636701154.562500
0.3158400000000001,0.022000000000000002,0.0444,456774636701154.562500
0.3158500000000001,0.0204,0.0548,456774636701154.562500
0.31586000000000003,0.0204,0.045200000000000004,456774636701154.562500
0.3158700000000001,0.022000000000000002,0.0572,456774636701154.562500
0.31588000000000005,0.0212,0.0476,456774636701154.562500
0.3158900000000001,0.0212,0.056400000000000006,456774636701154.562500
0.31590000000000007,0.018000000000000002,0.053200000000000004,456774636701154.562500
0.31591,0.0236,0.0572,456774636701154.562500
0.3159200000000001,0.0204,0.0572,456774636701154.562500
0.31593000000000004,0.0244,0.055600000000000004,456774636701154.562500
0.3159400000000001,0.0244,0.056400000000000006,456774636701154.562500
0.31595000000000006,0.0236,0.056400000000000006,456774636701154.562500
0.31596,0.0228,0.056400000000000006,456774636701154.562500
0.3159700000000001,0.0236,0.056400000000000006,456774636701154.562500
0.31598000000000004,0.0244,0.0572,456774636701154.562500
0.3159900000000001,0.0252,0.0572,456774636701154.562500
0.31600000000000006,0.0244,0.0572,456774636701154.562500
0.31601,0.0228,0.0524,456774636701154.562500
0.3160200000000001,0.0244,0.0572,456774636701154.562500
0.31603000000000003,0.0228,0.055600000000000004,456774636701154.562500
0.3160400000000001,0.026000000000000002,0.0572,456774636701154.562500
0.31605000000000005,0.0228,0.056400000000000006,456774636701154.562500
0.3160600000000001,0.0196,0.0572,456774636701154.562500
0.3160700000000001,0.022000000000000002,0.0516,456774636701154.562500
0.31608,0.022000000000000002,0.054,456774636701154.562500
0.3160900000000001,0.0228,0.056400000000000006,456774636701154.562500
0.31610000000000005,0.0228,0.054,456774636701154.562500
0.3161100000000001,0.022000000000000002,0.0516,456774636701154.562500
0.31612000000000007,0.022000000000000002,0.056400000000000006,456774636701154.562500
0.31613,0.0244,0.042800000000000005,456774636701154.562500
0.3161400000000001,0.0196,0.0548,456774636701154.562500
0.31615000000000004,0.0196,0.0548,456774636701154.562500
0.3161600000000001,0.0204,0.0548,456774636701154.562500
0.31617000000000006,0.022000000000000002,0.050800000000000005,456774636701154.562500
0.31618,0.0196,0.056400000000000006,456774636701154.562500
0.3161900000000001,0.022000000000000002,0.0548,456774636701154.562500
0.31620000000000004,0.0204,0.055600000000000004,456774636701154.562500
0.3162100000000001,0.0236,0.058,456774636701154.562500
0.31622000000000006,0.0228,0.058800000000000005,456774636701154.562500
0.3162300000000001,0.0196,0.0572,456774636701154.562500
0.3162400000000001,0.0228,0.054,456774636701154.562500
0.31625000000000003,0.0196,0.056400000000000006,456774636701154.562500
0.3162600000000001,0.0236,0.056400000000000006,456774636701154.562500
0.31627000000000005,0.022000000000000002,0.0572,456774636701154.562500
0.3162800000000001,0.0236,0.05,456774636701154.562500
0.31629000000000007,0.0196,0.055600000000000004,456774636701154.562500
0.3163,0.0244,0.0444,456774636701154.562500
0.3163100000000001,0.0252,0.055600000000000004,456774636701154.562500
0.31632000000000005,0.022000000000000002,0.0436,456774636701154.562500
0.3163300000000001,0.0236,0.0468,456774636701154.562500
0.31634000000000007,0.0244,0.056400000000000006,456774636701154.562500
0.31635,0.022000000000000002,0.053200000000000004,456774636701154.562500
0.3163600000000001,0.0228,0.0548,456774636701154.562500
0.31637000000000004,0.0228,0.056400000000000006,456774636701154.562500
0.3163800000000001,0.022000000000000002,0.054,456774636701154.562500
0.31639000000000006,0.0228,0.0572,456774636701154.562500
0.3164,0.0204,0.053200000000000004,456774636701154.562500
0.3164100000000001,0.0212,0.0548,456774636701154.562500
0.31642000000000003,0.0188,0.050800000000000005,456774636701154.562500
0.3164300000000001,0.0236,0.0548,456774636701154.562500
0.31644000000000005,0.0212,0.054,456774636701154.562500
0.3164500000000001,0.0212,0.056400000000000006,456774636701154.562500
0.3164600000000001,0.022000000000000002,0.058,456774636701154.562500
0.31647000000000003,0.0212,0.056400000000000006,456774636701154.562500
0.3164800000000001,0.022000000000000002,0.0572,456774636701154.562500
0.31649000000000005,0.0212,0.0572,456774636701154.562500
0.3165000000000001,0.0212,0.058,456774636701154.562500
0.31651000000000007,0.022000000000000002,0.054,456774636701154.562500
0.31652,0.022000000000000002,0.056400000000000006,456774636701154.562500
0.3165300000000001,0.0244,0.058,456774636701154.562500
0.31654000000000004,0.0212,0.055600000000000004,456774636701154.562500
0.3165500000000001,0.0204,0.0572,456774636701154.562500
0.31656000000000006,0.0196,0.0524,456774636701154.562500
0.31657,0.0244,0.056400000000000006,456774636701154.562500
0.3165800000000001,0.0228,0.053200000000000004,456774636701154.562500
0.31659000000000004,0.026000000000000002,0.0572,456774636701154.562500
0.3166000000000001,0.0252,0.054,456774636701154.562500
0.31661000000000006,0.0244,0.056400000000000006,456774636701154.562500
0.31662,0.0204,0.0548,456774636701154.562500
0.3166300000000001,0.0244,0.054,456774636701154.562500
0.31664000000000003,0.0244,0.056400000000000006,456774636701154.562500
0.3166500000000001,0.0204,0.055600000000000004,456774636701154.562500
0.31666000000000005,0.0236,0.058,456774636701154.562500
0.3166700000000001,0.0228,0.056400000000000006,456774636701154.562500
0.3166800000000001,0.0212,0.053200000000000004,456774636701154.562500
0.31669,0.0228,0.0572,456774636701154.562500
0.3167000000000001,0.0228,0.0548,456774636701154.562500
0.31671000000000005,0.0228,0.0572,456774636701154.562500
0.3167200000000001,0.0204,0.055600000000000004,456774636701154.562500
0.31673000000000007,0.0204,0.054,456774636701154.562500
0.31674,0.0204,0.056400000000000006,456774636701154.562500
0.3167500000000001,0.0244,0.0516,456774636701154.562500
0.31676000000000004,0.0204,0.056400000000000006,456774636701154.562500
0.3167700000000001,0.0228,0.0572,456774636701154.562500
0.31678000000000006,0.018000000000000002,0.056400000000000006,456774636701154.562500
0.31679,0.0204,0.0524,456774636701154.562500
0.3168000000000001,0.0164,0.056400000000000006,456774636701154.562500
0.31681000000000004,0.0212,0.0476,456774636701154.562500
0.3168200000000001,0.0212,0.056400000000000006,456774636701154.562500
0.31683000000000006,0.0212,0.0548,456774636701154.562500
0.3168400000000001,0.022000000000000002,0.056400000000000006,456774636701154.562500
0.3168500000000001,0.0244,0.053200000000000004,456774636701154.562500
0.31686000000000003,0.0228,0.055600000000000004,456774636701154.562500
0.3168700000000001,0.0244,0.056400000000000006,456774636701154.562500
0.31688000000000005,0.0252,0.0548,456774636701154.562500
0.3168900000000001,0.0228,0.056400000000000006,456774636701154.562500
0.31690000000000007,0.0236,0.056400000000000006,456774636701154.562500
0.31691,0.0212,0.058,456774636701154.562500
0.3169200000000001,0.022000000000000002,0.055600000000000004,456774636701154.562500
0.31693000000000005,0.0228,0.055600000000000004,456774636701154.562500
0.3169400000000001,0.0188,0.055600000000000004,456774636701154.562500
0.31695000000000007,0.022000000000000002,0.058,456774636701154.562500
0.31696,0.0244,0.0524,456774636701154.562500
0.3169700000000001,0.0236,0.055600000000000004,456774636701154.562500
0.31698000000000004,0.0228,0.05,456774636701154.562500
0.3169900000000001,0.0236,0.054,456774636701154.562500
0.31700000000000006,0.0244,0.0548,456774636701154.562500
0.31701,0.0228,0.05,456774636701154.562500
0.3170200000000001,0.0228,0.054,456774636701154.562500
0.31703000000000003,0.0236,0.058,456774636701154.562500
0.3170400000000001,0.0236,0.0572,456774636701154.562500
0.31705000000000005,0.022000000000000002,0.056400000000000006,456774636701154.562500
0.3170600000000001,0.022000000000000002,0.058,456774636701154.562500
0.3170700000000001,0.022000000000000002,0.05,456774636701154.562500
0.31708000000000003,0.0236,0.054,456774636701154.562500
0.3170900000000001,0.0236,0.055600000000000004,456774636701154.562500
0.31710000000000005,0.0228,0.058,456774636701154.562500
0.3171100000000001,0.0244,0.055600000000000004,456774636701154.562500
0.31712000000000007,0.0236,0.0572,456774636701154.562500
0.31713,0.0228,0.056400000000000006,456774636701154.562500
0.3171400000000001,0.0236,0.0548,456774636701154.562500
0.31715000000000004,0.0236,0.056400000000000006,456774636701154.562500
0.3171600000000001,0.0228,0.056400000000000006,456774636701154.562500
0.31717000000000006,0.0252,0.055600000000000004,456774636701154.562500
0.31718,0.022000000000000002,0.0548,456774636701154.562500
0.3171900000000001,0.0244,0.0524,456774636701154.562500
0.31720000000000004,0.0244,0.0548,456774636701154.562500
0.3172100000000001,0.0236,0.0492,456774636701154.562500
0.31722000000000006,0.0236,0.0572,456774636701154.562500
0.31723,0.0204,0.0516,456774636701154.562500
0.3172400000000001,0.0244,0.056400000000000006,456774636701154.562500
0.31725000000000003,0.0228,0.048400000000000006,456774636701154.562500
0.3172600000000001,0.022000000000000002,0.056400000000000006,456774636701154.562500
0.31727000000000005,0.022000000000000002,0.0548,456774636701154.562500
0.3172800000000001,0.0228,0.056400000000000006,456774636701154.562500
0.31729000000000007,0.0228,0.058,456774636701154.562500
0.3173,0.0212,0.0492,456774636701154.562500
0.3173100000000001,0.0236,0.055600000000000004,456774636701154.562500
0.31732000000000005,0.0236,0.0548,456774636701154.562500
0.3173300000000001,0.022000000000000002,0.055600000000000004,456774636701154.562500
0.31734000000000007,0.0236,0.056400000000000006,456774636701154.562500
0.31735,0.0212,0.053200000000000004,456774636701154.562500
0.3173600000000001,0.0212,0.055600000000000004,456774636701154.562500
0.31737000000000004,0.0228,0.0492,456774636701154.562500
0.3173800000000001,0.0196,0.056400000000000006,456774636701154.562500
0.31739000000000006,0.0204,0.054,456774636701154.562500
0.3174,0.022000000000000002,0.050800000000000005,456774636701154.562500
0.3174100000000001,0.0212,0.0548,456774636701154.562500
0.31742000000000004,0.0204,0.0492,456774636701154.562500
0.3174300000000001,0.0252,0.0548,456774636701154.562500
0.31744000000000006,0.0164,0.058,456774636701154.562500
0.3174500000000001,0.022000000000000002,0.0572,456774636701154.562500
0.3174600000000001,0.0196,0.055600000000000004,456774636701154.562500
0.31747000000000003,0.0244,0.053200000000000004,456774636701154.562500
0.3174800000000001,0.0228,0.056400000000000006,456774636701154.562500
0.31749000000000005,0.0236,0.0572,456774636701154.562500
0.3175000000000001,0.0244,0.056400000000000006,456774636701154.562500
0.31751000000000007,0.0252,0.0516,456774636701154.562500
0.31752,0.0244,0.058,456774636701154.562500
0.3175300000000001,0.0228,0.0572,456774636701154.562500
0.31754000000000004,0.022000000000000002,0.056400000000000006,456774636701154.562500
0.3175500000000001,0.0228,0.0524,456774636701154.562500
0.31756000000000006,0.0244,0.0572,456774636701154.562500
0.31757,0.0252,0.0524,456774636701154.562500
0.3175800000000001,0.0244,0.054,456774636701154.562500
0.31759000000000004,0.0228,0.055600000000000004,456774636701154.562500
0.3176000000000001,0.0212,0.050800000000000005,456774636701154.562500
0.31761000000000006,0.0228,0.055600000000000004,456774636701154.562500
0.31762,0.022000000000000002,0.056400000000000006,456774636701154.562500
0.3176300000000001,0.022000000000000002,0.056400000000000006,456774636701154.562500
0.31764000000000003,0.0212,0.0548,456774636701154.562500
0.3176500000000001,0.0244,0.054,456774636701154.562500
0.31766000000000005,0.022000000000000002,0.0572,456774636701154.562500
0.3176700000000001,0.022000000000000002,0.048400000000000006,456774636701154.562500
0.3176800000000001,0.0204,0.056400000000000006,456774636701154.562500
0.31769000000000003,0.0212,0.0524,456774636701154.562500
0.3177000000000001,0.0228,0.0572,456774636701154.562500
0.31771000000000005,0.022000000000000002,0.055600000000000004,456774636701154.562500
0.3177200000000001,0.0236,0.054,456774636701154.562500
0.31773000000000007,0.0228,0.0572,456774636701154.562500
0.31774,0.022000000000000002,0.050800000000000005,456774636701154.562500
0.3177500000000001,0.0228,0.0572,456774636701154.562500
0.31776000000000004,0.022000000000000002,0.056400000000000006,456774636701154.562500
0.3177700000000001,0.0236,0.056400000000000006,456774636701154.562500
0.31778000000000006,0.0236,0.0548,456774636701154.562500
0.31779,0.0244,0.0548,456774636701154.562500
0.3178000000000001,0.0236,0.048400000000000006,456774636701154.562500
0.31781000000000004,0.026000000000000002,0.0572,456774636701154.562500
0.3178200000000001,0.0268,0.0516,456774636701154.562500
0.31783000000000006,0.0236,0.0548,456774636701154.562500
0.31784,0.0252,0.0548,456774636701154.562500
0.3178500000000001,0.0228,0.055600000000000004,456774636701154.562500
0.31786000000000003,0.0212,0.054,456774636701154.562500
0.3178700000000001,0.0204,0.056400000000000006,456774636701154.562500
0.31788000000000005,0.0236,0.05,456774636701154.562500
0.3178900000000001,0.0188,0.056400000000000006,456774636701154.562500
0.31790000000000007,0.0252,0.0516,456774636701154.562500
0.31791,0.0204,0.05,456774636701154.562500
0.3179200000000001,0.022000000000000002,0.0548,456774636701154.562500
0.31793000000000005,0.0196,0.048400000000000006,456774636701154.562500
0.3179400000000001,0.0228,0.058,456774636701154.562500
0.31795000000000007,0.0188,0.0364,456774636701154.562500
0.31796,0.022000000000000002,0.056400000000000006,456774636701154.562500
0.3179700000000001,0.0204,0.046,456774636701154.562500
0.31798000000000004,0.0236,0.054,456774636701154.562500
0.3179900000000001,0.0196,0.055600000000000004,456774636701154.562500
0.31800000000000006,0.0204,0.0572,456774636701154.562500
0.31801,0.018000000000000002,0.054,456774636701154.562500
0.3180200000000001,0.0204,0.0572,456774636701154.562500
0.31803000000000003,0.0228,0.056400000000000006,456774636701154.562500
0.3180400000000001,0.0228,0.048400000000000006,456774636701154.562500
0.31805000000000005,0.0204,0.055600000000000004,456774636701154.562500
0.3180600000000001,0.022000000000000002,0.0524,456774636701154.562500
0.3180700000000001,0.0244,0.055600000000000004,456774636701154.562500
0.31808000000000003,0.0244,0.053200000000000004,456774636701154.562500
0.3180900000000001,0.0236,0.0548,456774636701154.562500
0.31810000000000005,0.0236,0.055600000000000004,456774636701154.562500
0.3181100000000001,0.0252,0.0468,456774636701154.562500
0.31812000000000007,0.0236,0.055600000000000004,456774636701154.562500
0.31813,0.0244,0.056400000000000006,456774636701154.562500
0.3181400000000001,0.0244,0.055600000000000004,456774636701154.562500
0.31815000000000004,0.0236,0.0572,456774636701154.562500
0.3181600000000001,0.022000000000000002,0.056400000000000006,456774636701154.562500
0.31817000000000006,0.0236,0.055600000000000004,456774636701154.562500
0.31818,0.0236,0.055600000000000004,456774636701154.562500
0.3181900000000001,0.0244,0.055600000000000004,456774636701154.562500
0.31820000000000004,0.0228,0.056400000000000006,456774636701154.562500
0.3182100000000001,0.0236,0.0572,456774636701154.562500
0.31822000000000006,0.0228,0.056400000000000006,456774636701154.562500
0.31823,0.022000000000000002,0.0572,456774636701154.562500
0.3182400000000001,0.0228,0.056400000000000006,456774636701154.562500
0.31825000000000003,0.022000000000000002,0.054,456774636701154.562500
0.3182600000000001,0.022000000000000002,0.053200000000000004,456774636701154.562500
0.31827000000000005,0.0212,0.054,456774636701154.562500
0.3182800000000001,0.022000000000000002,0.058,456774636701154.562500
0.3182900000000001,0.0204,0.055600000000000004,456774636701154.562500
0.3183,0.0204,0.056400000000000006,456774636701154.562500
0.3183100000000001,0.0204,0.055600000000000004,456774636701154.562500
0.31832000000000005,0.022000000000000002,0.053200000000000004,456774636701154.562500
0.3183300000000001,0.018000000000000002,0.056400000000000006,456774636701154.562500
0.31834000000000007,0.0228,0.056400000000000006,456774636701154.562500
0.31835,0.015600000000000001,0.058,456774636701154.562500
0.3183600000000001,0.0244,0.05,456774636701154.562500
0.31837000000000004,0.022000000000000002,0.055600000000000004,456774636701154.562500
0.3183800000000001,0.0244,0.0572,456774636701154.562500
0.31839000000000006,0.0244,0.055600000000000004,456774636701154.562500
0.3184,0.0244,0.0548,456774636701154.562500
0.3184100000000001,0.0244,0.054,456774636701154.562500
0.31842000000000004,0.0252,0.0548,456774636701154.562500
0.3184300000000001,0.0252,0.056400000000000006,456774636701154.562500
0.31844000000000006,0.0236,0.054,456774636701154.562500
0.3184500000000001,0.0244,0.058,456774636701154.562500
0.3184600000000001,0.0236,0.055600000000000004,456774636701154.562500
0.31847000000000003,0.0244,0.054,456774636701154.562500
0.3184800000000001,0.0228,0.046,456774636701154.562500
0.31849000000000005,0.0228,0.0548,456774636701154.562500
0.3185000000000001,0.0244,0.0516,456774636701154.562500
0.31851000000000007,0.0236,0.056400000000000006,456774636701154.562500
0.31852,0.0212,0.055600000000000004,456774636701154.562500
0.3185300000000001,0.022000000000000002,0.056400000000000006,456774636701154.562500
0.31854000000000005,0.0228,0.056400000000000006,456774636701154.562500
0.3185500000000001,0.022000000000000002,0.0548,456774636701154.562500
0.31856000000000007,0.0236,0.058800000000000005,456774636701154.562500
0.31857,0.0228,0.056400000000000006,456774636701154.562500
0.3185800000000001,0.022000000000000002,0.055600000000000004,456774636701154.562500
0.31859000000000004,0.0228,0.056400000000000006,456774636701154.562500
0.3186000000000001,0.022000000000000002,0.054,456774636701154.562500
0.31861000000000006,0.0228,0.0572,456774636701154.562500
0.31862,0.0228,0.054,456774636701154.562500
0.3186300000000001,0.0204,0.055600000000000004,456774636701154.562500
0.31864000000000003,0.0236,0.05,456774636701154.562500
0.3186500000000001,0.0244,0.056400000000000006,456774636701154.562500
0.31866000000000005,0.0236,0.0468,456774636701154.562500
0.3186700000000001,0.022000000000000002,0.056400000000000006,456774636701154.562500
0.3186800000000001,0.0236,0.0492,456774636701154.562500
0.31869000000000003,0.0228,0.054,456774636701154.562500
0.3187000000000001,0.0252,0.058800000000000005,456774636701154.562500
0.31871000000000005,0.0244,0.0572,456774636701154.562500
0.3187200000000001,0.0236,0.056400000000000006,456774636701154.562500
0.31873000000000007,0.026000000000000002,0.050800000000000005,456774636701154.562500
0.31874,0.026000000000000002,0.0572,456774636701154.562500
0.3187500000000001,0.0244,0.0524,456774636701154.562500
0.31876000000000004,0.0236,0.056400000000000006,456774636701154.562500
0.3187700000000001,0.0244,0.058,456774636701154.562500
0.31878000000000006,0.0236,0.0548,456774636701154.562500
0.31879,0.0236,0.056400000000000006,456774636701154.562500
0.3188000000000001,0.0244,0.053200000000000004,456774636701154.562500
0.31881000000000004,0.0236,0.058,456774636701154.562500
0.3188200000000001,0.022000000000000002,0.05,456774636701154.562500
0.31883000000000006,0.0252,0.056400000000000006,456774636701154.562500
0.31884,0.0228,0.0516,456774636701154.562500
0.3188500000000001,0.0228,0.0572,456774636701154.562500
0.31886000000000003,0.0228,0.05,456774636701154.562500
0.3188700000000001,0.0228,0.055600000000000004,456774636701154.562500
0.31888000000000005,0.022000000000000002,0.053200000000000004,456774636701154.562500
0.3188900000000001,0.022000000000000002,0.0572,456774636701154.562500
0.3189000000000001,0.0204,0.0444,456774636701154.562500
0.31891,0.022000000000000002,0.050800000000000005,456774636701154.562500
0.3189200000000001,0.0236,0.058,456774636701154.562500
0.31893000000000005,0.022000000000000002,0.0548,456774636701154.562500
0.3189400000000001,0.0244,0.0572,456774636701154.562500
0.31895000000000007,0.0244,0.058,456774636701154.562500
0.31896,0.022000000000000002,0.0572,456774636701154.562500
0.3189700000000001,0.0244,0.0572,456774636701154.562500
0.31898000000000004,0.0228,0.056400000000000006,456774636701154.562500
0.3189900000000001,0.0228,0.056400000000000006,456774636701154.562500
0.31900000000000006,0.0228,0.0548,456774636701154.562500
0.31901,0.0252,0.055600000000000004,456774636701154.562500
0.3190200000000001,0.0244,0.055600000000000004,456774636701154.562500
0.31903000000000004,0.0236,0.056400000000000006,456774636701154.562500
0.3190400000000001,0.0244,0.054,456774636701154.562500
0.31905000000000006,0.0252,0.055600000000000004,456774636701154.562500
0.3190600000000001,0.0228,0.055600000000000004,456774636701154.562500
0.3190700000000001,0.026000000000000002,0.0548,456774636701154.562500
0.31908000000000003,0.0228,0.055600000000000004,456774636701154.562500
0.3190900000000001,0.0212,0.0548,456774636701154.562500
0.31910000000000005,0.022000000000000002,0.0548,456774636701154.562500
0.3191100000000001,0.0236,0.0548,456774636701154.562500
0.31912000000000007,0.0244,0.056400000000000006,456774636701154.562500
0.31913,0.0188,0.0572,456774636701154.562500
0.3191400000000001,0.0196,0.0572,456774636701154.562500
0.31915000000000004,0.0188,0.0572,456774636701154.562500
0.3191600000000001,0.0212,0.055600000000000004,456774636701154.562500
0.31917000000000006,0.0172,0.056400000000000006,456774636701154.562500
0.31918,0.0188,0.053200000000000004,456774636701154.562500
0.3191900000000001,0.015600000000000001,0.0572,456774636701154.562500
0.31920000000000004,0.0196,0.055600000000000004,456774636701154.562500
0.3192100000000001,0.015600000000000001,0.056400000000000006,456774636701154.562500
0.31922000000000006,0.0212,0.055600000000000004,456774636701154.562500
0.31923,0.0204,0.053200000000000004,456774636701154.562500
0.3192400000000001,0.0244,0.0524,456774636701154.562500
0.31925000000000003,0.0212,0.0492,456774636701154.562500
0.3192600000000001,0.0228,0.0548,456774636701154.562500
0.31927000000000005,0.0228,0.0516,456774636701154.562500
0.3192800000000001,0.0236,0.054,456774636701154.562500
0.3192900000000001,0.0236,0.053200000000000004,456774636701154.562500
0.31930000000000003,0.026000000000000002,0.0492,456774636701154.562500
0.3193100000000001,0.0236,0.0572,456774636701154.562500
0.31932000000000005,0.0204,0.056400000000000006,456774636701154.562500
0.3193300000000001,0.022000000000000002,0.058,456774636701154.562500
0.31934000000000007,0.0236,0.054,456774636701154.562500
0.31935,0.0244,0.056400000000000006,456774636701154.562500
0.3193600000000001,0.0236,0.0572,456774636701154.562500
0.31937000000000004,0.0244,0.05,456774636701154.562500
0.3193800000000001,0.022000000000000002,0.0468,456774636701154.562500
0.31939000000000006,0.0228,0.0516,456774636701154.562500
0.3194,0.0228,0.0388,456774636701154.562500
0.3194100000000001,0.0236,0.0524,456774636701154.562500
0.31942000000000004,0.0244,0.054,456774636701154.562500
0.3194300000000001,0.0228,0.058,456774636701154.562500
0.31944000000000006,0.0212,0.055600000000000004,456774636701154.562500
0.31945,0.0236,0.053200000000000004,456774636701154.562500
0.3194600000000001,0.0196,0.0572,456774636701154.562500
0.31947000000000003,0.0228,0.0572,456774636701154.562500
0.3194800000000001,0.022000000000000002,0.054,456774636701154.562500
0.31949000000000005,0.022000000000000002,0.058,456774636701154.562500
0.3195000000000001,0.0228,0.0572,456774636701154.562500
0.31951000000000007,0.022000000000000002,0.056400000000000006,456774636701154.562500
0.31952,0.0228,0.0596,456774636701154.562500
0.3195300000000001,0.018000000000000002,0.0548,456774636701154.562500
0.31954000000000005,0.022000000000000002,0.0548,456774636701154.562500
0.3195500000000001,0.0212,0.055600000000000004,456774636701154.562500
0.31956000000000007,0.0228,0.053200000000000004,456774636701154.562500
0.31957,0.0212,0.054,456774636701154.562500
0.3195800000000001,0.0228,0.053200000000000004,456774636701154.562500
0.31959000000000004,0.0228,0.055600000000000004,456774636701154.562500
0.3196000000000001,0.0244,0.055600000000000004,456774636701154.562500
0.31961000000000006,0.0212,0.058,456774636701154.562500
0.31962,0.0252,0.058,456774636701154.562500
0.3196300000000001,0.0228,0.054,456774636701154.562500
0.31964000000000004,0.0236,0.056400000000000006,456774636701154.562500
0.3196500000000001,0.0228,0.055600000000000004,456774636701154.562500
0.31966000000000006,0.0252,0.056400000000000006,456774636701154.562500
0.3196700000000001,0.0236,0.053200000000000004,456774636701154.562500
0.3196800000000001,0.0236,0.055600000000000004,456774636701154.562500
0.31969000000000003,0.0236,0.0548,456774636701154.562500
0.3197000000000001,0.0244,0.0548,456774636701154.562500
0.31971000000000005,0.0228,0.056400000000000006,456774636701154.562500
0.3197200000000001,0.0236,0.056400000000000006,456774636701154.562500
0.31973000000000007,0.0228,0.056400000000000006,456774636701154.562500
0.31974,0.0204,0.0524,456774636701154.562500
0.3197500000000001,0.0212,0.056400000000000006,456774636701154.562500
0.31976000000000004,0.022000000000000002,0.058,456774636701154.562500
0.3197700000000001,0.0212,0.055600000000000004,456774636701154.562500
0.31978000000000006,0.0244,0.054,456774636701154.562500
0.31979,0.0228,0.0572,456774636701154.562500
0.3198000000000001,0.0204,0.05,456774636701154.562500
0.31981000000000004,0.022000000000000002,0.056400000000000006,456774636701154.562500
0.3198200000000001,0.0204,0.0572,456774636701154.562500
0.31983000000000006,0.0212,0.0516,456774636701154.562500
0.31984,0.0212,0.056400000000000006,456774636701154.562500
0.3198500000000001,0.0236,0.05,456774636701154.562500
0.31986000000000003,0.0204,0.056400000000000006,456774636701154.562500
0.3198700000000001,0.022000000000000002,0.053200000000000004,456774636701154.562500
0.31988000000000005,0.0188,0.056400000000000006,456774636701154.562500
0.3198900000000001,0.0228,0.0492,456774636701154.562500
0.3199000000000001,0.0228,0.055600000000000004,456774636701154.562500
0.31991,0.022000000000000002,0.054,456774636701154.562500
0.3199200000000001,0.026000000000000002,0.053200000000000004,456774636701154.562500
0.31993000000000005,0.0244,0.055600000000000004,456774636701154.562500
0.3199400000000001,0.0244,0.0548,456774636701154.562500
0.31995000000000007,0.0164,0.058800000000000005,456774636701154.562500
0.31996,0.0228,0.0516,456774636701154.562500
0.3199700000000001,0.0212,0.056400000000000006,456774636701154.562500
0.31998000000000004,0.0228,0.0548,456774636701154.562500
0.3199900000000001,0.0196,0.054,456774636701154.562500
0.32000000000000006,0.0236,0.0468,456774636701154.562500
0.32001,0.0236,0.05,456774636701154.562500
0.3200200000000001,0.0228,0.045200000000000004,456774636701154.562500
0.32003000000000004,0.0228,0.056400000000000006,456774636701154.562500
0.3200400000000001,0.022000000000000002,0.056400000000000006,456774636701154.562500
0.32005000000000006,0.022000000000000002,0.0572,456774636701154.562500
0.3200600000000001,0.018000000000000002,0.0572,456774636701154.562500
0.3200700000000001,0.0172,0.055600000000000004,456774636701154.562500
0.32008000000000003,0.0228,0.0572,456774636701154.562500
0.3200900000000001,0.0196,0.048400000000000006,456774636701154.562500
0.32010000000000005,0.0188,0.053200000000000004,456774636701154.562500
0.3201100000000001,0.0204,0.05,456774636701154.562500
0.32012000000000007,0.022000000000000002,0.053200000000000004,456774636701154.562500
0.32013,0.0172,0.0412,456774636701154.562500
0.3201400000000001,0.0164,0.055600000000000004,456774636701154.562500
0.32015000000000005,0.018000000000000002,0.056400000000000006,456774636701154.562500
0.3201600000000001,0.0228,0.056400000000000006,456774636701154.562500
0.32017000000000007,0.0212,0.0572,456774636701154.562500
0.32018,0.0228,0.055600000000000004,456774636701154.562500
0.3201900000000001,0.0228,0.056400000000000006,456774636701154.562500
0.32020000000000004,0.0244,0.048400000000000006,456774636701154.562500
0.3202100000000001,0.0236,0.053200000000000004,456774636701154.562500
0.32022000000000006,0.0196,0.054,456774636701154.562500
0.32023,0.0236,0.055600000000000004,456774636701154.562500
0.3202400000000001,0.0204,0.058,456774636701154.562500
0.32025000000000003,0.022000000000000002,0.056400000000000006,456774636701154.562500
0.3202600000000001,0.0244,0.0524,456774636701154.562500
0.32027000000000005,0.026000000000000002,0.055600000000000004,456774636701154.562500
0.3202800000000001,0.0228,0.0572,456774636701154.562500
0.3202900000000001,0.0244,0.056400000000000006,456774636701154.562500
0.32030000000000003,0.0228,0.0572,456774636701154.562500
0.3203100000000001,0.0236,0.055600000000000004,456774636701154.562500
0.32032000000000005,0.0228,0.058,456774636701154.562500
0.3203300000000001,0.0228,0.0548,456774636701154.562500
0.32034000000000007,0.0228,0.055600000000000004,456774636701154.562500
0.32035,0.0212,0.055600000000000004,456774636701154.562500
0.3203600000000001,0.0228,0.056400000000000006,456774636701154.562500
0.32037000000000004,0.0244,0.053200000000000004,456774636701154.562500
0.3203800000000001,0.022000000000000002,0.056400000000000006,456774636701154.562500
0.32039000000000006,0.0228,0.055600000000000004,456774636701154.562500
0.3204,0.0228,0.053200000000000004,456774636701154.562500
0.3204100000000001,0.022000000000000002,0.054,456774636701154.562500
0.32042000000000004,0.0228,0.0524,456774636701154.562500
0.3204300000000001,0.0212,0.056400000000000006,456774636701154.562500
0.32044000000000006,0.0228,0.055600000000000004,456774636701154.562500
0.32045,0.022000000000000002,0.0516,456774636701154.562500
0.3204600000000001,0.0244,0.0548,456774636701154.562500
0.32047000000000003,0.0236,0.054,456774636701154.562500
0.3204800000000001,0.0204,0.0548,456774636701154.562500
0.32049000000000005,0.0196,0.053200000000000004,456774636701154.562500
0.3205000000000001,0.0236,0.053200000000000004,456774636701154.562500
0.3205100000000001,0.0236,0.042800000000000005,456774636701154.562500
0.32052,0.0236,0.0468,456774636701154.562500
0.3205300000000001,0.0244,0.042,456774636701154.562500
0.32054000000000005,0.0244,0.0476,456774636701154.562500
0.3205500000000001,0.0244,0.048400000000000006,456774636701154.562500
0.32056000000000007,0.0236,0.05,456774636701154.562500
0.32057,0.0252,0.0444,456774636701154.562500
0.3205800000000001,0.0236,0.056400000000000006,456774636701154.562500
0.32059000000000004,0.0244,0.056400000000000006,456774636701154.562500
0.3206000000000001,0.0252,0.054,456774636701154.562500
0.32061000000000006,0.022000000000000002,0.0548,456774636701154.562500
0.32062,0.0212,0.0516,456774636701154.562500
0.3206300000000001,0.0204,0.058,456774636701154.562500
0.32064000000000004,0.0244,0.056400000000000006,456774636701154.562500
0.3206500000000001,0.0228,0.056400000000000006,456774636701154.562500
0.32066000000000006,0.0204,0.0548,456774636701154.562500
0.3206700000000001,0.0212,0.0572,456774636701154.562500
0.3206800000000001,0.022000000000000002,0.056400000000000006,456774636701154.562500
0.32069000000000003,0.0204,0.056400000000000006,456774636701154.562500
0.3207000000000001,0.022000000000000002,0.056400000000000006,456774636701154.562500
0.32071000000000005,0.022000000000000002,0.0572,456774636701154.562500
0.3207200000000001,0.0212,0.05,456774636701154.562500
0.32073000000000007,0.0236,0.0572,456774636701154.562500
0.32074,0.0244,0.054,456774636701154.562500
0.3207500000000001,0.0212,0.0572,456774636701154.562500
0.32076000000000005,0.0164,0.054,456774636701154.562500
0.3207700000000001,0.0188,0.055600000000000004,456774636701154.562500
0.32078000000000007,0.0164,0.058,456774636701154.562500
0.32079,0.018000000000000002,0.0516,456774636701154.562500
0.3208000000000001,0.0188,0.056400000000000006,456774636701154.562500
0.32081000000000004,0.0228,0.054,456774636701154.562500
0.3208200000000001,0.0196,0.0572,456774636701154.562500
0.32083000000000006,0.0228,0.056400000000000006,456774636701154.562500
0.32084,0.0244,0.0548,456774636701154.562500
0.3208500000000001,0.022000000000000002,0.056400000000000006,456774636701154.562500
0.32086000000000003,0.026000000000000002,0.056400000000000006,456774636701154.562500
0.3208700000000001,0.0252,0.058,456774636701154.562500
0.32088000000000005,0.0228,0.056400000000000006,456774636701154.562500
0.3208900000000001,0.022000000000000002,0.056400000000000006,456774636701154.562500
0.3209000000000001,0.022000000000000002,0.056400000000000006,456774636701154.562500
0.32091000000000003,0.0172,0.0548,456774636701154.562500
0.3209200000000001,0.0236,0.0572,456774636701154.562500
0.32093000000000005,0.0196,0.054,456774636701154.562500
0.3209400000000001,0.022000000000000002,0.056400000000000006,456774636701154.562500
0.32095000000000007,0.0212,0.0572,456774636701154.562500
0.32096,0.0212,0.0572,456774636701154.562500
0.3209700000000001,0.0188,0.0572,456774636701154.562500
0.32098000000000004,0.0196,0.058,456774636701154.562500
0.3209900000000001,0.0212,0.056400000000000006,456774636701154.562500
0.32100000000000006,0.0228,0.0572,456774636701154.562500
0.32101,0.0212,0.058,456774636701154.562500
0.3210200000000001,0.0228,0.056400000000000006,456774636701154.562500
0.32103000000000004,0.022000000000000002,0.055600000000000004,456774636701154.562500
0.3210400000000001,0.022000000000000002,0.055600000000000004,456774636701154.562500
0.32105000000000006,0.0228,0.054,456774636701154.562500
0.32106,0.022000000000000002,0.0572,456774636701154.562500
0.3210700000000001,0.0204,0.054,456774636701154.562500
0.32108000000000003,0.0236,0.0572,456774636701154.562500
0.3210900000000001,0.022000000000000002,0.05,456774636701154.562500
0.32110000000000005,0.0228,0.055600000000000004,456774636701154.562500
0.3211100000000001,0.0228,0.0572,456774636701154.562500
0.32112000000000007,0.0236,0.054,456774636701154.562500
0.32113,0.026000000000000002,0.056400000000000006,456774636701154.562500
0.3211400000000001,0.0244,0.0548,456774636701154.562500
0.32115000000000005,0.026000000000000002,0.054,456774636701154.562500
0.3211600000000001,0.0244,0.0548,456774636701154.562500
0.32117000000000007,0.0252,0.0548,456774636701154.562500
0.32118,0.0252,0.050800000000000005,456774636701154.562500
0.3211900000000001,0.026000000000000002,0.056400000000000006,456774636701154.562500
0.32120000000000004,0.0228,0.058,456774636701154.562500
0.3212100000000001,0.0244,0.058,456774636701154.562500
0.32122000000000006,0.022000000000000002,0.0548,456774636701154.562500
0.32123,0.0252,0.055600000000000004,456774636701154.562500
0.3212400000000001,0.0228,0.0476,456774636701154.562500
0.32125000000000004,0.0236,0.0572,456774636701154.562500
0.3212600000000001,0.0196,0.055600000000000004,456774636701154.562500
0.32127000000000006,0.0228,0.058,456774636701154.562500
0.3212800000000001,0.0164,0.058800000000000005,456774636701154.562500
0.3212900000000001,0.0212,0.0572,456774636701154.562500
0.32130000000000003,0.0188,0.056400000000000006,456774636701154.562500
0.3213100000000001,0.0212,0.056400000000000006,456774636701154.562500
0.32132000000000005,0.022000000000000002,0.056400000000000006,456774636701154.562500
0.3213300000000001,0.022000000000000002,0.058,456774636701154.562500
0.32134000000000007,0.0212,0.058,456774636701154.562500
0.32135,0.022000000000000002,0.055600000000000004,456774636701154.562500
0.3213600000000001,0.022000000000000002,0.0548,456774636701154.562500
0.32137000000000004,0.0228,0.0548,456774636701154.562500
0.3213800000000001,0.022000000000000002,0.0572,456774636701154.562500
0.32139000000000006,0.022000000000000002,0.056400000000000006,456774636701154.562500
0.3214,0.0212,0.056400000000000006,456774636701154.562500
0.3214100000000001,0.0236,0.055600000000000004,456774636701154.562500
0.32142000000000004,0.0228,0.056400000000000006,456774636701154.562500
0.3214300000000001,0.022000000000000002,0.056400000000000006,456774636701154.562500
0.32144000000000006,0.0236,0.053200000000000004,456774636701154.562500
0.32145,0.0236,0.056400000000000006,456774636701154.562500
0.3214600000000001,0.022000000000000002,0.0548,456774636701154.562500
0.32147000000000003,0.022000000000000002,0.0572,456774636701154.562500
0.3214800000000001,0.0212,0.0548,456774636701154.562500
0.32149000000000005,0.0196,0.0524,456774636701154.562500
0.3215000000000001,0.0188,0.0524,456774636701154.562500
0.3215100000000001,0.022000000000000002,0.053200000000000004,456774636701154.562500
0.32152000000000003,0.0188,0.0572,456774636701154.562500
0.3215300000000001,0.0228,0.055600000000000004,456774636701154.562500
0.32154000000000005,0.0228,0.0524,456774636701154.562500
0.3215500000000001,0.0228,0.0516,456774636701154.562500
0.32156000000000007,0.022000000000000002,0.056400000000000006,456774636701154.562500
0.32157,0.0236,0.056400000000000006,456774636701154.562500
0.3215800000000001,0.0212,0.0524,456774636701154.562500
0.32159000000000004,0.0204,0.0572,456774636701154.562500
0.3216000000000001,0.022000000000000002,0.0524,456774636701154.562500
0.32161000000000006,0.0236,0.0468,456774636701154.562500
0.32162,0.0212,0.0516,456774636701154.562500
0.3216300000000001,0.022000000000000002,0.056400000000000006,456774636701154.562500
0.32164000000000004,0.022000000000000002,0.058,456774636701154.562500
0.3216500000000001,0.0204,0.058,456774636701154.562500
0.32166000000000006,0.022000000000000002,0.055600000000000004,456774636701154.562500
0.3216700000000001,0.0212,0.056400000000000006,456774636701154.562500
0.3216800000000001,0.022000000000000002,0.054,456774636701154.562500
0.32169000000000003,0.0228,0.055600000000000004,456774636701154.562500
0.3217000000000001,0.0236,0.053200000000000004,456774636701154.562500
0.32171000000000005,0.022000000000000002,0.058,456774636701154.562500
0.3217200000000001,0.0244,0.056400000000000006,456774636701154.562500
0.32173000000000007,0.0244,0.058,456774636701154.562500
0.32174,0.022000000000000002,0.055600000000000004,456774636701154.562500
0.3217500000000001,0.022000000000000002,0.055600000000000004,456774636701154.562500
0.32176000000000005,0.022000000000000002,0.058,456774636701154.562500
0.3217700000000001,0.0212,0.0572,456774636701154.562500
0.32178000000000007,0.0228,0.055600000000000004,456774636701154.562500
0.32179,0.022000000000000002,0.0572,456774636701154.562500
0.3218000000000001,0.0204,0.056400000000000006,456774636701154.562500
0.32181000000000004,0.0236,0.0572,456774636701154.562500
0.3218200000000001,0.0244,0.0572,456774636701154.562500
0.32183000000000006,0.022000000000000002,0.0572,456774636701154.562500
0.32184,0.026000000000000002,0.054,456774636701154.562500
0.3218500000000001,0.0236,0.055600000000000004,456774636701154.562500
0.32186000000000003,0.0236,0.056400000000000006,456774636701154.562500
0.3218700000000001,0.0236,0.056400000000000006,456774636701154.562500
0.32188000000000005,0.0236,0.054,456774636701154.562500
0.3218900000000001,0.0244,0.056400000000000006,456774636701154.562500
0.3219000000000001,0.0228,0.056400000000000006,456774636701154.562500
0.32191000000000003,0.0228,0.056400000000000006,456774636701154.562500
0.3219200000000001,0.0244,0.0572,456774636701154.562500
0.32193000000000005,0.0212,0.0572,456774636701154.562500
0.3219400000000001,0.022000000000000002,0.058,456774636701154.562500
0.32195000000000007,0.022000000000000002,0.0572,456774636701154.562500
0.32196,0.022000000000000002,0.056400000000000006,456774636701154.562500
0.3219700000000001,0.0212,0.058,456774636701154.562500
0.32198000000000004,0.0188,0.055600000000000004,456774636701154.562500
0.3219900000000001,0.0196,0.0572,456774636701154.562500
0.32200000000000006,0.0236,0.058,456774636701154.562500
0.32201,0.0228,0.056400000000000006,456774636701154.562500
0.3220200000000001,0.0228,0.0516,456774636701154.562500
0.32203000000000004,0.0244,0.058800000000000005,456774636701154.562500
0.3220400000000001,0.0236,0.055600000000000004,456774636701154.562500
0.32205000000000006,0.0236,0.058,456774636701154.562500
0.32206,0.0244,0.0572,456774636701154.562500
0.3220700000000001,0.0252,0.0572,456774636701154.562500
0.32208000000000003,0.0252,0.0572,456774636701154.562500
0.3220900000000001,0.0252,0.056400000000000006,456774636701154.562500
0.32210000000000005,0.0252,0.053200000000000004,456774636701154.562500
0.3221100000000001,0.0244,0.054,456774636701154.562500
0.3221200000000001,0.0244,0.056400000000000006,456774636701154.562500
0.32213,0.022000000000000002,0.056400000000000006,456774636701154.562500
0.3221400000000001,0.0236,0.055600000000000004,456774636701154.562500
0.32215000000000005,0.0244,0.058,456774636701154.562500
0.3221600000000001,0.0204,0.058,456774636701154.562500
0.32217000000000007,0.0236,0.058,456774636701154.562500
0.32218,0.018000000000000002,0.0572,456774636701154.562500
0.3221900000000001,0.0236,0.056400000000000006,456774636701154.562500
0.32220000000000004,0.018000000000000002,0.058800000000000005,456774636701154.562500
0.3222100000000001,0.0212,0.0572,456774636701154.562500
0.32222000000000006,0.0204,0.0548,456774636701154.562500
0.32223,0.022000000000000002,0.045200000000000004,456774636701154.562500
0.3222400000000001,0.0196,0.055600000000000004,456774636701154.562500
0.32225000000000004,0.0212,0.054,456774636701154.562500
0.3222600000000001,0.0228,0.055600000000000004,456774636701154.562500
0.32227000000000006,0.0244,0.055600000000000004,456774636701154.562500
0.3222800000000001,0.022000000000000002,0.048400000000000006,456774636701154.562500
0.3222900000000001,0.0228,0.045200000000000004,456774636701154.562500
0.32230000000000003,0.022000000000000002,0.0412,456774636701154.562500
0.3223100000000001,0.0228,0.048400000000000006,456774636701154.562500
0.32232000000000005,0.0228,0.0468,456774636701154.562500
0.3223300000000001,0.0236,0.0388,456774636701154.562500
0.32234000000000007,0.0244,0.042,456774636701154.562500
0.32235,0.0236,0.0516,456774636701154.562500
0.3223600000000001,0.0244,0.048400000000000006,456774636701154.562500
0.32237000000000005,0.0244,0.048400000000000006,456774636701154.562500
0.3223800000000001,0.0252,0.054,456774636701154.562500
0.32239000000000007,0.0236,0.0572,456774636701154.562500
0.3224,0.0252,0.056400000000000006,456774636701154.562500
0.3224100000000001,0.0244,0.0516,456774636701154.562500
0.32242000000000004,0.0244,0.0468,456774636701154.562500
0.3224300000000001,0.0252,0.0476,456774636701154.562500
0.32244000000000006,0.0236,0.053200000000000004,456774636701154.562500
0.32245,0.0228,0.055600000000000004,456774636701154.562500
0.3224600000000001,0.0228,0.0572,456774636701154.562500
0.32247000000000003,0.0228,0.056400000000000006,456774636701154.562500
0.3224800000000001,0.0252,0.056400000000000006,456774636701154.562500
0.32249000000000005,0.0236,0.055600000000000004,456774636701154.562500
0.3225000000000001,0.0228,0.05,456774636701154.562500
0.3225100000000001,0.022000000000000002,0.0524,456774636701154.562500
0.32252000000000003,0.0212,0.056400000000000006,456774636701154.562500
0.3225300000000001,0.022000000000000002,0.058,456774636701154.562500
0.32254000000000005,0.022000000000000002,0.0572,456774636701154.562500
0.3225500000000001,0.0236,0.056400000000000006,456774636701154.562500
0.32256000000000007,0.022000000000000002,0.0548,456774636701154.562500
0.32257,0.0228,0.0548,456774636701154.562500
0.3225800000000001,0.022000000000000002,0.0548,456774636701154.562500
0.32259000000000004,0.0228,0.054,456774636701154.562500
0.3226000000000001,0.0212,0.058,456774636701154.562500
0.32261000000000006,0.0228,0.055600000000000004,456774636701154.562500
0.32262,0.022000000000000002,0.058,456774636701154.562500
0.3226300000000001,0.0228,0.058,456774636701154.562500
0.32264000000000004,0.0244,0.056400000000000006,456774636701154.562500
0.3226500000000001,0.0212,0.056400000000000006,456774636701154.562500
0.32266000000000006,0.0228,0.055600000000000004,456774636701154.562500
0.32267,0.0236,0.058,456774636701154.562500
0.3226800000000001,0.0252,0.0524,456774636701154.562500
0.32269000000000003,0.0236,0.0572,456774636701154.562500
0.3227000000000001,0.0228,0.053200000000000004,456774636701154.562500
0.32271000000000005,0.0212,0.0572,456774636701154.562500
0.3227200000000001,0.0204,0.050800000000000005,456774636701154.562500
0.3227300000000001,0.0212,0.0548,456774636701154.562500
0.32274,0.0244,0.056400000000000006,456774636701154.562500
0.3227500000000001,0.0236,0.0524,456774636701154.562500
0.32276000000000005,0.0236,0.0468,456774636701154.562500
0.3227700000000001,0.0252,0.0548,456774636701154.562500
0.32278000000000007,0.0228,0.058,456774636701154.562500
0.32279,0.0228,0.056400000000000006,456774636701154.562500
0.3228000000000001,0.0228,0.0548,456774636701154.562500
0.32281000000000004,0.022000000000000002,0.0548,456774636701154.562500
0.3228200000000001,0.0244,0.0492,456774636701154.562500
0.32283000000000006,0.0228,0.054,456774636701154.562500
0.32284,0.018000000000000002,0.054,456774636701154.562500
0.3228500000000001,0.0228,0.055600000000000004,456774636701154.562500
0.32286000000000004,0.0196,0.0524,456774636701154.562500
0.3228700000000001,0.0236,0.0548,456774636701154.562500
0.32288000000000006,0.0228,0.0572,456774636701154.562500
0.3228900000000001,0.0228,0.055600000000000004,456774636701154.562500
0.3229000000000001,0.0212,0.058,456774636701154.562500
0.32291000000000003,0.0228,0.054,456774636701154.562500
0.3229200000000001,0.0228,0.056400000000000006,456774636701154.562500
0.32293000000000005,0.0228,0.053200000000000004,456774636701154.562500
0.3229400000000001,0.0244,0.0572,456774636701154.562500
0.32295000000000007,0.0236,0.056400000000000006,456774636701154.562500
0.32296,0.0236,0.056400000000000006,456774636701154.562500
0.3229700000000001,0.0244,0.056400000000000006,456774636701154.562500
0.32298000000000004,0.0252,0.054,456774636701154.562500
0.3229900000000001,0.0244,0.056400000000000006,456774636701154.562500
0.32300000000000006,0.0244,0.0572,456774636701154.562500
0.32301,0.0236,0.0524,456774636701154.562500
0.3230200000000001,0.0236,0.055600000000000004,456774636701154.562500
0.32303000000000004,0.0244,0.054,456774636701154.562500
0.3230400000000001,0.0236,0.0572,456774636701154.562500
0.32305000000000006,0.022000000000000002,0.056400000000000006,456774636701154.562500
0.32306,0.0204,0.0468,456774636701154.562500
0.3230700000000001,0.0212,0.054,456774636701154.562500
0.32308000000000003,0.0212,0.0476,456774636701154.562500
0.3230900000000001,0.0244,0.054,456774636701154.562500
0.32310000000000005,0.0228,0.0524,456774636701154.562500
0.3231100000000001,0.0228,0.054,456774636701154.562500
0.3231200000000001,0.0228,0.05,456774636701154.562500
0.32313000000000003,0.0212,0.056400000000000006,456774636701154.562500
0.3231400000000001,0.0228,0.058,456774636701154.562500
0.32315000000000005,0.0236,0.0572,456774636701154.562500
0.3231600000000001,0.0212,0.0524,456774636701154.562500
0.32317000000000007,0.022000000000000002,0.055600000000000004,456774636701154.562500
0.32318,0.0212,0.0548,456774636701154.562500
0.3231900000000001,0.0228,0.0492,456774636701154.562500
0.32320000000000004,0.0204,0.0548,456774636701154.562500
0.3232100000000001,0.0204,0.0548,456774636701154.562500
0.32322000000000006,0.022000000000000002,0.0548,456774636701154.562500
0.32323,0.0204,0.040400000000000005,456774636701154.562500
0.3232400000000001,0.022000000000000002,0.056400000000000006,456774636701154.562500
0.32325000000000004,0.022000000000000002,0.053200000000000004,456774636701154.562500
0.3232600000000001,0.0228,0.0548,456774636701154.562500
0.32327000000000006,0.0252,0.055600000000000004,456774636701154.562500
0.3232800000000001,0.0252,0.0524,456774636701154.562500
0.3232900000000001,0.0236,0.053200000000000004,456774636701154.562500
0.32330000000000003,0.0228,0.048400000000000006,456774636701154.562500
0.3233100000000001,0.0244,0.0492,456774636701154.562500
0.32332000000000005,0.0244,0.053200000000000004,456774636701154.562500
0.3233300000000001,0.0236,0.05,456774636701154.562500
0.32334000000000007,0.0244,0.056400000000000006,456774636701154.562500
0.32335,0.0228,0.0572,456774636701154.562500
0.3233600000000001,0.0244,0.055600000000000004,456774636701154.562500
0.32337000000000005,0.0236,0.0548,456774636701154.562500
0.3233800000000001,0.022000000000000002,0.0572,456774636701154.562500
0.32339000000000007,0.022000000000000002,0.056400000000000006,456774636701154.562500
0.3234,0.022000000000000002,0.055600000000000004,456774636701154.562500
0.3234100000000001,0.022000000000000002,0.058,456774636701154.562500
0.32342000000000004,0.022000000000000002,0.054,456774636701154.562500
0.3234300000000001,0.0172,0.058,456774636701154.562500
0.32344000000000006,0.0204,0.056400000000000006,456774636701154.562500
0.32345,0.0164,0.058,456774636701154.562500
0.3234600000000001,0.022000000000000002,0.055600000000000004,456774636701154.562500
0.32347000000000004,0.022000000000000002,0.0524,456774636701154.562500
0.3234800000000001,0.022000000000000002,0.0572,456774636701154.562500
0.32349000000000006,0.022000000000000002,0.0516,456774636701154.562500
0.3235000000000001,0.0228,0.0572,456774636701154.562500
0.3235100000000001,0.0228,0.0524,456774636701154.562500
0.32352000000000003,0.0236,0.058,456774636701154.562500
0.3235300000000001,0.0228,0.055600000000000004,456774636701154.562500
0.32354000000000005,0.022000000000000002,0.0572,456774636701154.562500
0.3235500000000001,0.022000000000000002,0.0572,456774636701154.562500
0.32356000000000007,0.0228,0.056400000000000006,456774636701154.562500
0.32357,0.0236,0.0548,456774636701154.562500
0.3235800000000001,0.0244,0.055600000000000004,456774636701154.562500
0.32359000000000004,0.0236,0.056400000000000006,456774636701154.562500
0.3236000000000001,0.026000000000000002,0.054,456774636701154.562500
0.32361000000000006,0.0236,0.058,456774636701154.562500
0.32362,0.0244,0.056400000000000006,456774636701154.562500
0.3236300000000001,0.0236,0.054,456774636701154.562500
0.32364000000000004,0.0236,0.0572,456774636701154.562500
0.3236500000000001,0.0236,0.0524,456774636701154.562500
0.32366000000000006,0.0244,0.055600000000000004,456774636701154.562500
0.32367,0.0236,0.0548,456774636701154.562500
0.3236800000000001,0.0236,0.0524,456774636701154.562500
0.32369000000000003,0.022000000000000002,0.0548,456774636701154.562500
0.3237000000000001,0.0236,0.055600000000000004,456774636701154.562500
0.32371000000000005,0.0236,0.0572,456774636701154.562500
0.3237200000000001,0.022000000000000002,0.0572,456774636701154.562500
0.3237300000000001,0.0228,0.058,456774636701154.562500
0.32374,0.0228,0.0548,456774636701154.562500
0.3237500000000001,0.022000000000000002,0.058,456774636701154.562500
0.32376000000000005,0.022000000000000002,0.054,456774636701154.562500
0.3237700000000001,0.0236,0.0572,456774636701154.562500
0.32378000000000007,0.022000000000000002,0.0572,456774636701154.562500
0.32379,0.0228,0.048400000000000006,456774636701154.562500
0.3238000000000001,0.0172,0.053200000000000004,456774636701154.562500
0.32381000000000004,0.022000000000000002,0.054,456774636701154.562500
0.3238200000000001,0.0172,0.056400000000000006,456774636701154.562500
0.32383000000000006,0.0188,0.054,456774636701154.562500
0.32384,0.0212,0.055600000000000004,456774636701154.562500
0.3238500000000001,0.0228,0.055600000000000004,456774636701154.562500
0.32386000000000004,0.0244,0.058,456774636701154.562500
0.3238700000000001,0.0228,0.053200000000000004,456774636701154.562500
0.32388000000000006,0.0236,0.0572,456774636701154.562500
0.3238900000000001,0.0252,0.055600000000000004,456774636701154.562500
0.3239000000000001,0.0236,0.0548,456774636701154.562500
0.32391000000000003,0.0236,0.056400000000000006,456774636701154.562500
0.3239200000000001,0.0236,0.0524,456774636701154.562500
0.32393000000000005,0.0236,0.054,456774636701154.562500
0.3239400000000001,0.0244,0.058,456774636701154.562500
0.32395000000000007,0.0228,0.056400000000000006,456774636701154.562500
0.32396,0.0244,0.0548,456774636701154.562500
0.3239700000000001,0.0252,0.053200000000000004,456774636701154.562500
0.32398000000000005,0.0228,0.0492,456774636701154.562500
0.3239900000000001,0.0244,0.054,456774636701154.562500
0.32400000000000007,0.0212,0.053200000000000004,456774636701154.562500
0.32401,0.0228,0.054,456774636701154.562500
0.3240200000000001,0.0228,0.058,456774636701154.562500
0.32403000000000004,0.022000000000000002,0.058,456774636701154.562500
0.3240400000000001,0.0236,0.055600000000000004,456774636701154.562500
0.32405000000000006,0.0204,0.0572,456774636701154.562500
0.32406,0.0204,0.054,456774636701154.562500
0.3240700000000001,0.0204,0.056400000000000006,456774636701154.562500
0.32408000000000003,0.0212,0.0572,456774636701154.562500
0.3240900000000001,0.0228,0.0572,456774636701154.562500
0.32410000000000005,0.0236,0.0524,456774636701154.562500
0.3241100000000001,0.0212,0.0572,456774636701154.562500
0.3241200000000001,0.0236,0.058,456774636701154.562500
0.32413000000000003,0.0236,0.0572,456774636701154.562500
0.3241400000000001,0.022000000000000002,0.0516,456774636701154.562500
0.32415000000000005,0.0236,0.056400000000000006,456774636701154.562500
0.3241600000000001,0.0236,0.054,456774636701154.562500
0.32417000000000007,0.0228,0.0572,456774636701154.562500
0.32418,0.0236,0.056400000000000006,456774636701154.562500
0.3241900000000001,0.0236,0.054,456774636701154.562500
0.32420000000000004,0.0244,0.0572,456774636701154.562500
0.3242100000000001,0.0252,0.0524,456774636701154.562500
0.32422000000000006,0.026000000000000002,0.0572,456774636701154.562500
0.32423,0.0228,0.0516,456774636701154.562500
0.3242400000000001,0.0244,0.056400000000000006,456774636701154.562500
0.32425000000000004,0.0244,0.0572,456774636701154.562500
0.3242600000000001,0.0228,0.0516,456774636701154.562500
0.32427000000000006,0.0236,0.055600000000000004,456774636701154.562500
0.32428,0.0236,0.055600000000000004,456774636701154.562500
0.3242900000000001,0.0228,0.0524,456774636701154.562500
0.32430000000000003,0.0236,0.054,456774636701154.562500
0.3243100000000001,0.022000000000000002,0.056400000000000006,456774636701154.562500
0.32432000000000005,0.0228,0.0548,456774636701154.562500
0.3243300000000001,0.0236,0.0572,456774636701154.562500
0.3243400000000001,0.022000000000000002,0.058800000000000005,456774636701154.562500
0.32435,0.0228,0.056400000000000006,456774636701154.562500
0.3243600000000001,0.022000000000000002,0.056400000000000006,456774636701154.562500
0.32437000000000005,0.022000000000000002,0.056400000000000006,456774636701154.562500
0.3243800000000001,0.0228,0.0548,456774636701154.562500
0.32439000000000007,0.0212,0.058,456774636701154.562500
0.3244,0.022000000000000002,0.0572,456774636701154.562500
0.3244100000000001,0.022000000000000002,0.0548,456774636701154.562500
0.32442000000000004,0.0228,0.056400000000000006,456774636701154.562500
0.3244300000000001,0.0252,0.055600000000000004,456774636701154.562500
0.32444000000000006,0.0236,0.058,456774636701154.562500
0.32445,0.0196,0.058,456774636701154.562500
0.3244600000000001,0.0252,0.0572,456774636701154.562500
0.32447000000000004,0.022000000000000002,0.055600000000000004,456774636701154.562500
0.3244800000000001,0.0236,0.054,456774636701154.562500
0.32449000000000006,0.0236,0.0572,456774636701154.562500
0.3245000000000001,0.0236,0.053200000000000004,456774636701154.562500
0.3245100000000001,0.0228,0.0572,456774636701154.562500
0.32452000000000003,0.0252,0.055600000000000004,456774636701154.562500
0.3245300000000001,0.026000000000000002,0.056400000000000006,456774636701154.562500
0.32454000000000005,0.026000000000000002,0.0492,456774636701154.562500
0.3245500000000001,0.0244,0.054,456774636701154.562500
0.32456000000000007,0.0236,0.056400000000000006,456774636701154.562500
0.32457,0.0236,0.055600000000000004,456774636701154.562500
0.3245800000000001,0.0244,0.056400000000000006,456774636701154.562500
0.32459000000000005,0.0188,0.056400000000000006,456774636701154.562500
0.3246000000000001,0.0244,0.0572,456774636701154.562500
0.32461000000000007,0.022000000000000002,0.0548,456774636701154.562500
0.32462,0.0228,0.050800000000000005,456774636701154.562500
0.3246300000000001,0.0236,0.055600000000000004,456774636701154.562500
0.32464000000000004,0.0228,0.055600000000000004,456774636701154.562500
0.3246500000000001,0.0204,0.056400000000000006,456774636701154.562500
0.32466000000000006,0.022000000000000002,0.0572,456774636701154.562500
0.32467,0.022000000000000002,0.055600000000000004,456774636701154.562500
0.3246800000000001,0.022000000000000002,0.056400000000000006,456774636701154.562500
0.32469000000000003,0.0236,0.055600000000000004,456774636701154.562500
0.3247000000000001,0.022000000000000002,0.056400000000000006,456774636701154.562500
0.32471000000000005,0.0228,0.055600000000000004,456774636701154.562500
0.3247200000000001,0.022000000000000002,0.055600000000000004,456774636701154.562500
0.3247300000000001,0.0228,0.054,456774636701154.562500
0.32474000000000003,0.0212,0.056400000000000006,456774636701154.562500
0.3247500000000001,0.022000000000000002,0.056400000000000006,456774636701154.562500
0.32476000000000005,0.0204,0.056400000000000006,456774636701154.562500
0.3247700000000001,0.0252,0.056400000000000006,456774636701154.562500
0.32478000000000007,0.0244,0.055600000000000004,456774636701154.562500
0.32479,0.0236,0.058,456774636701154.562500
0.3248000000000001,0.0252,0.053200000000000004,456774636701154.562500
0.32481000000000004,0.022000000000000002,0.054,456774636701154.562500
0.3248200000000001,0.0212,0.055600000000000004,456774636701154.562500
0.32483000000000006,0.0228,0.0572,456774636701154.562500
0.32484,0.0244,0.054,456774636701154.562500
0.3248500000000001,0.0196,0.0548,456774636701154.562500
0.32486000000000004,0.0244,0.0572,456774636701154.562500
0.3248700000000001,0.0172,0.053200000000000004,456774636701154.562500
0.32488000000000006,0.0212,0.056400000000000006,456774636701154.562500
0.32489,0.0236,0.058,456774636701154.562500
0.3249000000000001,0.0236,0.0572,456774636701154.562500
0.32491000000000003,0.022000000000000002,0.050800000000000005,456774636701154.562500
0.3249200000000001,0.0236,0.0572,456774636701154.562500
0.32493000000000005,0.0236,0.058,456774636701154.562500
0.3249400000000001,0.0244,0.056400000000000006,456774636701154.562500
0.32495000000000007,0.022000000000000002,0.0572,456774636701154.562500
0.32496,0.0212,0.056400000000000006,456774636701154.562500
0.3249700000000001,0.0228,0.056400000000000006,456774636701154.562500
0.32498000000000005,0.022000000000000002,0.054,456774636701154.562500
0.3249900000000001,0.0236,0.056400000000000006,456774636701154.562500
0.32500000000000007,0.0228,0.056400000000000006,456774636701154.562500
0.32501,0.0228,0.055600000000000004,456774636701154.562500
0.3250200000000001,0.0228,0.056400000000000006,456774636701154.562500
0.32503000000000004,0.0236,0.058,456774636701154.562500
0.3250400000000001,0.0244,0.0572,456774636701154.562500
0.32505000000000006,0.0244,0.056400000000000006,456774636701154.562500
0.32506,0.0228,0.0572,456774636701154.562500
0.3250700000000001,0.0228,0.058,456774636701154.562500
0.32508000000000004,0.0244,0.0572,456774636701154.562500
0.3250900000000001,0.0236,0.0572,456774636701154.562500
0.32510000000000006,0.0236,0.0572,456774636701154.562500
0.3251100000000001,0.0244,0.056400000000000006,456774636701154.562500
0.3251200000000001,0.0212,0.056400000000000006,456774636701154.562500
0.32513000000000003,0.0244,0.056400000000000006,456774636701154.562500
0.3251400000000001,0.022000000000000002,0.0468,456774636701154.562500
0.32515000000000005,0.0236,0.056400000000000006,456774636701154.562500
0.3251600000000001,0.0244,0.054,456774636701154.562500
0.32517000000000007,0.0228,0.058,456774636701154.562500
0.32518,0.0252,0.056400000000000006,456774636701154.562500
0.3251900000000001,0.0244,0.055600000000000004,456774636701154.562500
0.32520000000000004,0.0252,0.058,456774636701154.562500
0.3252100000000001,0.0236,0.053200000000000004,456774636701154.562500
0.32522000000000006,0.0228,0.055600000000000004,456774636701154.562500
0.32523,0.0236,0.0572,456774636701154.562500
0.3252400000000001,0.0228,0.056400000000000006,456774636701154.562500
0.32525000000000004,0.0236,0.0572,456774636701154.562500
0.3252600000000001,0.022000000000000002,0.0572,456774636701154.562500
0.32527000000000006,0.0228,0.055600000000000004,456774636701154.562500
0.32528,0.0228,0.056400000000000006,456774636701154.562500
0.3252900000000001,0.0188,0.056400000000000006,456774636701154.562500
0.32530000000000003,0.0228,0.0572,456774636701154.562500
0.3253100000000001,0.018000000000000002,0.0548,456774636701154.562500
0.32532000000000005,0.022000000000000002,0.055600000000000004,456774636701154.562500
0.3253300000000001,0.0228,0.0548,456774636701154.562500
0.3253400000000001,0.0236,0.056400000000000006,456774636701154.562500
0.32535000000000003,0.0236,0.0572,456774636701154.562500
0.3253600000000001,0.0236,0.0548,456774636701154.562500
0.32537000000000005,0.0244,0.0548,456774636701154.562500
0.3253800000000001,0.0236,0.055600000000000004,456774636701154.562500
0.32539000000000007,0.0236,0.058,456774636701154.562500
0.3254,0.0236,0.053200000000000004,456774636701154.562500
0.3254100000000001,0.0252,0.056400000000000006,456774636701154.562500
0.32542000000000004,0.0252,0.055600000000000004,456774636701154.562500
0.3254300000000001,0.0228,0.055600000000000004,456774636701154.562500
0.32544000000000006,0.0244,0.058,456774636701154.562500
0.32545,0.026000000000000002,0.0548,456774636701154.562500
0.3254600000000001,0.0228,0.054,456774636701154.562500
0.32547000000000004,0.0236,0.0572,456774636701154.562500
0.3254800000000001,0.0244,0.0516,456774636701154.562500
0.32549000000000006,0.022000000000000002,0.055600000000000004,456774636701154.562500
0.3255000000000001,0.0236,0.054,456774636701154.562500
0.3255100000000001,0.022000000000000002,0.055600000000000004,456774636701154.562500
0.32552000000000003,0.022000000000000002,0.0548,456774636701154.562500
0.3255300000000001,0.022000000000000002,0.058,456774636701154.562500
0.32554000000000005,0.022000000000000002,0.050800000000000005,456774636701154.562500
0.3255500000000001,0.022000000000000002,0.056400000000000006,456774636701154.562500
0.32556000000000007,0.022000000000000002,0.0516,456774636701154.562500
0.32557,0.022000000000000002,0.054,456774636701154.562500
0.3255800000000001,0.022000000000000002,0.055600000000000004,456774636701154.562500
0.32559000000000005,0.0212,0.0548,456774636701154.562500
0.3256000000000001,0.022000000000000002,0.054,456774636701154.562500
0.32561000000000007,0.022000000000000002,0.0572,456774636701154.562500
0.32562,0.022000000000000002,0.056400000000000006,456774636701154.562500
0.3256300000000001,0.022000000000000002,0.056400000000000006,456774636701154.562500
0.32564000000000004,0.0236,0.056400000000000006,456774636701154.562500
0.3256500000000001,0.0236,0.0524,456774636701154.562500
0.32566000000000006,0.0228,0.056400000000000006,456774636701154.562500
0.32567,0.0228,0.055600000000000004,456774636701154.562500
0.3256800000000001,0.022000000000000002,0.0572,456774636701154.562500
0.32569000000000004,0.0228,0.056400000000000006,456774636701154.562500
0.3257000000000001,0.0228,0.056400000000000006,456774636701154.562500
0.32571000000000006,0.0244,0.056400000000000006,456774636701154.562500
0.3257200000000001,0.0236,0.056400000000000006,456774636701154.562500
0.3257300000000001,0.0244,0.056400000000000006,456774636701154.562500
0.32574000000000003,0.0252,0.055600000000000004,456774636701154.562500
0.3257500000000001,0.0236,0.055600000000000004,456774636701154.562500
0.32576000000000005,0.0236,0.055600000000000004,456774636701154.562500
0.3257700000000001,0.0204,0.055600000000000004,456774636701154.562500
0.32578000000000007,0.0244,0.055600000000000004,456774636701154.562500
0.32579,0.0228,0.055600000000000004,456774636701154.562500
0.3258000000000001,0.0244,0.0524,456774636701154.562500
0.32581000000000004,0.0228,0.056400000000000006,456774636701154.562500
0.3258200000000001,0.0236,0.058,456774636701154.562500
0.32583000000000006,0.0212,0.0548,456774636701154.562500
0.32584,0.0204,0.0572,456774636701154.562500
0.3258500000000001,0.0204,0.055600000000000004,456774636701154.562500
0.32586000000000004,0.022000000000000002,0.053200000000000004,456774636701154.562500
0.3258700000000001,0.022000000000000002,0.055600000000000004,456774636701154.562500
0.32588000000000006,0.0228,0.050800000000000005,456774636701154.562500
0.32589,0.0228,0.0572,456774636701154.562500
0.3259000000000001,0.0212,0.0516,456774636701154.562500
0.32591000000000003,0.022000000000000002,0.056400000000000006,456774636701154.562500
0.3259200000000001,0.022000000000000002,0.050800000000000005,456774636701154.562500
0.32593000000000005,0.0212,0.050800000000000005,456774636701154.562500
0.3259400000000001,0.0228,0.0572,456774636701154.562500
0.3259500000000001,0.022000000000000002,0.056400000000000006,456774636701154.562500
0.32596,0.018000000000000002,0.0572,456774636701154.562500
0.3259700000000001,0.0228,0.054,456774636701154.562500
0.32598000000000005,0.0236,0.054,456774636701154.562500
0.3259900000000001,0.0228,0.055600000000000004,456774636701154.562500
0.32600000000000007,0.0228,0.056400000000000006,456774636701154.562500
0.32601,0.0244,0.0572,456774636701154.562500
0.3260200000000001,0.0244,0.056400000000000006,456774636701154.562500
0.32603000000000004,0.0228,0.053200000000000004,456774636701154.562500
0.3260400000000001,0.0228,0.056400000000000006,456774636701154.562500
0.32605000000000006,0.022000000000000002,0.055600000000000004,456774636701154.562500
0.32606,0.0244,0.0572,456774636701154.562500
0.3260700000000001,0.0244,0.0548,456774636701154.562500
0.32608000000000004,0.0212,0.055600000000000004,456774636701154.562500
0.3260900000000001,0.0236,0.056400000000000006,456774636701154.562500
0.32610000000000006,0.0204,0.0548,456774636701154.562500
0.3261100000000001,0.0236,0.0572,456774636701154.562500
0.3261200000000001,0.0228,0.0572,456774636701154.562500
0.32613000000000003,0.022000000000000002,0.056400000000000006,456774636701154.562500
0.3261400000000001,0.0244,0.056400000000000006,456774636701154.562500
0.32615000000000005,0.0236,0.0572,456774636701154.562500
0.3261600000000001,0.0236,0.0548,456774636701154.562500
0.32617000000000007,0.0228,0.0572,456774636701154.562500
0.32618,0.022000000000000002,0.0548,456774636701154.562500
0.3261900000000001,0.0196,0.050800000000000005,456774636701154.562500
0.32620000000000005,0.0244,0.056400000000000006,456774636701154.562500
0.3262100000000001,0.0196,0.0572,456774636701154.562500
0.32622000000000007,0.0228,0.056400000000000006,456774636701154.562500
0.32623,0.0196,0.055600000000000004,456774636701154.562500
0.3262400000000001,0.018000000000000002,0.055600000000000004,456774636701154.562500
0.32625000000000004,0.022000000000000002,0.053200000000000004,456774636701154.562500
0.3262600000000001,0.0196,0.053200000000000004,456774636701154.562500
0.32627000000000006,0.0228,0.058,456774636701154.562500
0.32628,0.0236,0.056400000000000006,456774636701154.562500
0.3262900000000001,0.0244,0.056400000000000006,456774636701154.562500
0.32630000000000003,0.0212,0.0572,456774636701154.562500
0.3263100000000001,0.0236,0.0572,456774636701154.562500
0.32632000000000005,0.0252,0.056400000000000006,456774636701154.562500
0.3263300000000001,0.0252,0.055600000000000004,456774636701154.562500
0.3263400000000001,0.0228,0.0572,456774636701154.562500
0.32635000000000003,0.0244,0.0516,456774636701154.562500
0.3263600000000001,0.0236,0.055600000000000004,456774636701154.562500
0.32637000000000005,0.0252,0.054,456774636701154.562500
0.3263800000000001,0.022000000000000002,0.0516,456774636701154.562500
0.32639000000000007,0.0244,0.050800000000000005,456774636701154.562500
0.3264,0.0244,0.042800000000000005,456774636701154.562500
0.3264100000000001,0.0228,0.0548,456774636701154.562500
0.32642000000000004,0.0212,0.055600000000000004,456774636701154.562500
0.3264300000000001,0.0228,0.056400000000000006,456774636701154.562500
0.32644000000000006,0.0212,0.055600000000000004,456774636701154.562500
0.32645,0.0228,0.0572,456774636701154.562500
0.3264600000000001,0.0196,0.056400000000000006,456774636701154.562500
0.32647000000000004,0.022000000000000002,0.0572,456774636701154.562500
0.3264800000000001,0.022000000000000002,0.055600000000000004,456774636701154.562500
0.32649000000000006,0.022000000000000002,0.054,456774636701154.562500
0.3265,0.0196,0.0548,456774636701154.562500
0.3265100000000001,0.022000000000000002,0.0572,456774636701154.562500
0.32652000000000003,0.0204,0.054,456774636701154.562500
0.3265300000000001,0.0204,0.056400000000000006,456774636701154.562500
0.32654000000000005,0.0236,0.0572,456774636701154.562500
0.3265500000000001,0.018000000000000002,0.058,456774636701154.562500
0.3265600000000001,0.0236,0.0548,456774636701154.562500
0.32657,0.0228,0.056400000000000006,456774636701154.562500
0.3265800000000001,0.0236,0.0524,456774636701154.562500
0.32659000000000005,0.0228,0.056400000000000006,456774636701154.562500
0.3266000000000001,0.0236,0.0548,456774636701154.562500
0.32661000000000007,0.0244,0.056400000000000006,456774636701154.562500
0.32662,0.0228,0.056400000000000006,456774636701154.562500
0.3266300000000001,0.026000000000000002,0.0572,456774636701154.562500
0.32664000000000004,0.0204,0.055600000000000004,456774636701154.562500
0.3266500000000001,0.0244,0.0548,456774636701154.562500
0.32666000000000006,0.0252,0.0516,456774636701154.562500
0.32667,0.0236,0.058,456774636701154.562500
0.3266800000000001,0.0244,0.0572,456774636701154.562500
0.32669000000000004,0.0244,0.0572,456774636701154.562500
0.3267000000000001,0.0244,0.055600000000000004,456774636701154.562500
0.32671000000000006,0.0236,0.056400000000000006,456774636701154.562500
0.3267200000000001,0.0188,0.056400000000000006,456774636701154.562500
0.3267300000000001,0.0228,0.0572,456774636701154.562500
0.32674000000000003,0.0228,0.058,456774636701154.562500
0.3267500000000001,0.0236,0.0548,456774636701154.562500
0.32676000000000005,0.0236,0.054,456774636701154.562500
0.3267700000000001,0.022000000000000002,0.0548,456774636701154.562500
0.32678000000000007,0.022000000000000002,0.0572,456774636701154.562500
0.32679,0.0228,0.056400000000000006,456774636701154.562500
0.3268000000000001,0.0188,0.054,456774636701154.562500
0.32681000000000004,0.0236,0.056400000000000006,456774636701154.562500
0.3268200000000001,0.022000000000000002,0.050800000000000005,456774636701154.562500
0.32683000000000006,0.0196,0.053200000000000004,456774636701154.562500
0.32684,0.0236,0.056400000000000006,456774636701154.562500
0.3268500000000001,0.0212,0.0572,456774636701154.562500
0.32686000000000004,0.022000000000000002,0.056400000000000006,456774636701154.562500
0.3268700000000001,0.0188,0.058,456774636701154.562500
0.32688000000000006,0.0212,0.0572,456774636701154.562500
0.32689,0.0204,0.058,456774636701154.562500
0.3269000000000001,0.0244,0.058,456774636701154.562500
0.32691000000000003,0.0236,0.056400000000000006,456774636701154.562500
0.3269200000000001,0.0244,0.0548,456774636701154.562500
0.32693000000000005,0.022000000000000002,0.055600000000000004,456774636701154.562500
0.3269400000000001,0.0236,0.053200000000000004,456774636701154.562500
0.3269500000000001,0.022000000000000002,0.055600000000000004,456774636701154.562500
0.32696000000000003,0.0252,0.055600000000000004,456774636701154.562500
0.3269700000000001,0.0244,0.053200000000000004,456774636701154.562500
0.32698000000000005,0.0236,0.056400000000000006,456774636701154.562500
0.3269900000000001,0.0236,0.056400000000000006,456774636701154.562500
0.32700000000000007,0.0188,0.056400000000000006,456774636701154.562500
0.32701,0.0244,0.058,456774636701154.562500
0.3270200000000001,0.018000000000000002,0.056400000000000006,456774636701154.562500
0.32703000000000004,0.0212,0.055600000000000004,456774636701154.562500
0.3270400000000001,0.0204,0.0524,456774636701154.562500
0.32705000000000006,0.0204,0.058,456774636701154.562500
0.32706,0.0204,0.056400000000000006,456774636701154.562500
0.3270700000000001,0.022000000000000002,0.058,456774636701154.562500
0.32708000000000004,0.022000000000000002,0.056400000000000006,456774636701154.562500
0.3270900000000001,0.0204,0.054,456774636701154.562500
0.32710000000000006,0.0228,0.0548,456774636701154.562500
0.3271100000000001,0.018000000000000002,0.055600000000000004,456774636701154.562500
0.3271200000000001,0.022000000000000002,0.058,456774636701154.562500
0.32713000000000003,0.0204,0.0548,456774636701154.562500
0.3271400000000001,0.022000000000000002,0.056400000000000006,456774636701154.562500
0.32715000000000005,0.0212,0.0572,456774636701154.562500
0.3271600000000001,0.0228,0.0572,456774636701154.562500
0.32717000000000007,0.0204,0.056400000000000006,456774636701154.562500
0.32718,0.0196,0.054,456774636701154.562500
0.3271900000000001,0.0228,0.054,456774636701154.562500
0.32720000000000005,0.0212,0.054,456774636701154.562500
0.3272100000000001,0.0228,0.050800000000000005,456774636701154.562500
0.32722000000000007,0.0252,0.056400000000000006,456774636701154.562500
0.32723,0.0228,0.056400000000000006,456774636701154.562500
0.3272400000000001,0.0244,0.058,456774636701154.562500
0.32725000000000004,0.0252,0.056400000000000006,456774636701154.562500
0.3272600000000001,0.0244,0.055600000000000004,456774636701154.562500
0.32727000000000006,0.0228,0.056400000000000006,456774636701154.562500
0.32728,0.0244,0.055600000000000004,456774636701154.562500
0.3272900000000001,0.0244,0.056400000000000006,456774636701154.562500
0.32730000000000004,0.0228,0.0572,456774636701154.562500
0.3273100000000001,0.0244,0.058,456774636701154.562500
0.32732000000000006,0.0244,0.055600000000000004,456774636701154.562500
0.3273300000000001,0.022000000000000002,0.055600000000000004,456774636701154.562500
0.3273400000000001,0.022000000000000002,0.0572,456774636701154.562500
0.32735000000000003,0.0212,0.053200000000000004,456774636701154.562500
0.3273600000000001,0.0196,0.056400000000000006,456774636701154.562500
0.32737000000000005,0.022000000000000002,0.0524,456774636701154.562500
0.3273800000000001,0.0212,0.055600000000000004,456774636701154.562500
0.32739000000000007,0.022000000000000002,0.055600000000000004,456774636701154.562500
0.3274,0.0236,0.0572,456774636701154.562500
0.3274100000000001,0.022000000000000002,0.054,456774636701154.562500
0.32742000000000004,0.0228,0.056400000000000006,456774636701154.562500
0.3274300000000001,0.022000000000000002,0.055600000000000004,456774636701154.562500
0.32744000000000006,0.022000000000000002,0.0548,456774636701154.562500
0.32745,0.022000000000000002,0.056400000000000006,456774636701154.562500
0.3274600000000001,0.0228,0.056400000000000006,456774636701154.562500
0.32747000000000004,0.0236,0.055600000000000004,456774636701154.562500
0.3274800000000001,0.022000000000000002,0.0572,456774636701154.562500
0.32749000000000006,0.0212,0.058,456774636701154.562500
0.3275,0.0188,0.0524,456774636701154.562500
0.3275100000000001,0.0236,0.056400000000000006,456774636701154.562500
0.32752000000000003,0.022000000000000002,0.053200000000000004,456774636701154.562500
0.3275300000000001,0.0244,0.058,456774636701154.562500
0.32754000000000005,0.0244,0.046,456774636701154.562500
0.3275500000000001,0.0228,0.0572,456774636701154.562500
0.3275600000000001,0.0252,0.055600000000000004,456774636701154.562500
0.32757000000000003,0.0236,0.0572,456774636701154.562500
0.3275800000000001,0.0244,0.056400000000000006,456774636701154.562500
0.32759000000000005,0.0252,0.058,456774636701154.562500
0.3276000000000001,0.0244,0.050800000000000005,456774636701154.562500
0.32761000000000007,0.0252,0.058,456774636701154.562500
0.32762,0.0228,0.055600000000000004,456774636701154.562500
0.3276300000000001,0.0244,0.0572,456774636701154.562500
0.32764000000000004,0.0196,0.054,456774636701154.562500
0.3276500000000001,0.022000000000000002,0.050800000000000005,456774636701154.562500
0.32766000000000006,0.0212,0.056400000000000006,456774636701154.562500
0.32767,0.0212,0.054,456774636701154.562500
0.3276800000000001,0.022000000000000002,0.053200000000000004,456774636701154.562500
0.32769000000000004,0.0212,0.056400000000000006,456774636701154.562500
0.3277000000000001,0.0228,0.0476,456774636701154.562500
0.32771000000000006,0.0236,0.0548,456774636701154.562500
0.3277200000000001,0.022000000000000002,0.050800000000000005,456774636701154.562500
0.3277300000000001,0.0204,0.0548,456774636701154.562500
0.32774000000000003,0.0212,0.056400000000000006,456774636701154.562500
0.3277500000000001,0.0196,0.056400000000000006,456774636701154.562500
0.32776000000000005,0.0244,0.054,456774636701154.562500
0.3277700000000001,0.022000000000000002,0.0524,456774636701154.562500
0.32778000000000007,0.0228,0.055600000000000004,456774636701154.562500
0.32779,0.0204,0.0548,456774636701154.562500
0.3278000000000001,0.022000000000000002,0.054,456774636701154.562500
0.32781000000000005,0.0236,0.050800000000000005,456774636701154.562500
0.3278200000000001,0.022000000000000002,0.0572,456774636701154.562500
0.32783000000000007,0.022000000000000002,0.056400000000000006,456774636701154.562500
0.32784,0.022000000000000002,0.055600000000000004,456774636701154.562500
0.3278500000000001,0.0252,0.055600000000000004,456774636701154.562500
0.32786000000000004,0.0244,0.056400000000000006,456774636701154.562500
0.3278700000000001,0.0268,0.054,456774636701154.562500
0.32788000000000006,0.0236,0.055600000000000004,456774636701154.562500
0.32789,0.0252,0.055600000000000004,456774636701154.562500
0.3279000000000001,0.0244,0.054,456774636701154.562500
0.32791000000000003,0.022000000000000002,0.054,456774636701154.562500
0.3279200000000001,0.022000000000000002,0.058,456774636701154.562500
0.32793000000000005,0.022000000000000002,0.053200000000000004,456774636701154.562500
0.3279400000000001,0.0228,0.054,456774636701154.562500
0.3279500000000001,0.0228,0.055600000000000004,456774636701154.562500
0.32796000000000003,0.0228,0.056400000000000006,456774636701154.562500
0.3279700000000001,0.022000000000000002,0.0572,456774636701154.562500
0.32798000000000005,0.0204,0.0548,456774636701154.562500
0.3279900000000001,0.022000000000000002,0.055600000000000004,456774636701154.562500
0.32800000000000007,0.0228,0.054,456774636701154.562500
0.32801,0.0228,0.055600000000000004,456774636701154.562500
0.3280200000000001,0.0196,0.0524,456774636701154.562500
0.32803000000000004,0.022000000000000002,0.055600000000000004,456774636701154.562500
0.3280400000000001,0.022000000000000002,0.054,456774636701154.562500
0.32805000000000006,0.0212,0.056400000000000006,456774636701154.562500
0.32806,0.022000000000000002,0.056400000000000006,456774636701154.562500
0.3280700000000001,0.0244,0.056400000000000006,456774636701154.562500
0.32808000000000004,0.022000000000000002,0.0516,456774636701154.562500
0.3280900000000001,0.022000000000000002,0.0572,456774636701154.562500
0.32810000000000006,0.0236,0.055600000000000004,456774636701154.562500
0.32811,0.0228,0.056400000000000006,456774636701154.562500
0.3281200000000001,0.022000000000000002,0.056400000000000006,456774636701154.562500
0.32813000000000003,0.0228,0.0548,456774636701154.562500
0.3281400000000001,0.022000000000000002,0.055600000000000004,456774636701154.562500
0.32815000000000005,0.0228,0.054,456774636701154.562500
0.3281600000000001,0.0204,0.0572,456774636701154.562500
0.3281700000000001,0.0244,0.0444,456774636701154.562500
0.32818,0.0204,0.056400000000000006,456774636701154.562500
0.3281900000000001,0.0252,0.048400000000000006,456774636701154.562500
0.32820000000000005,0.0252,0.0572,456774636701154.562500
0.3282100000000001,0.0236,0.0516,456774636701154.562500
0.32822000000000007,0.0252,0.058,456774636701154.562500
0.32823,0.0244,0.055600000000000004,456774636701154.562500
0.3282400000000001,0.0236,0.0572,456774636701154.562500
0.32825000000000004,0.0236,0.0548,456774636701154.562500
0.3282600000000001,0.022000000000000002,0.0548,456774636701154.562500
0.32827000000000006,0.0212,0.050800000000000005,456774636701154.562500
0.32828,0.022000000000000002,0.050800000000000005,456774636701154.562500
0.3282900000000001,0.0212,0.0524,456774636701154.562500
0.32830000000000004,0.0236,0.0548,456774636701154.562500
0.3283100000000001,0.0196,0.0524,456774636701154.562500
0.32832000000000006,0.022000000000000002,0.058,456774636701154.562500
0.3283300000000001,0.022000000000000002,0.056400000000000006,456774636701154.562500
0.3283400000000001,0.022000000000000002,0.056400000000000006,456774636701154.562500
0.32835000000000003,0.022000000000000002,0.056400000000000006,456774636701154.562500
0.3283600000000001,0.0228,0.054,456774636701154.562500
0.32837000000000005,0.0228,0.056400000000000006,456774636701154.562500
0.3283800000000001,0.022000000000000002,0.0548,456774636701154.562500
0.32839000000000007,0.022000000000000002,0.056400000000000006,456774636701154.562500
0.3284,0.0228,0.054,456774636701154.562500
0.3284100000000001,0.022000000000000002,0.0572,456774636701154.562500
0.32842000000000005,0.0236,0.05,456774636701154.562500
0.3284300000000001,0.0236,0.055600000000000004,456774636701154.562500
0.32844000000000007,0.0236,0.0548,456774636701154.562500
0.32845,0.0228,0.0572,456774636701154.562500
0.3284600000000001,0.0196,0.0572,456774636701154.562500
0.32847000000000004,0.018000000000000002,0.058,456774636701154.562500
0.3284800000000001,0.0244,0.0572,456774636701154.562500
0.32849000000000006,0.0204,0.0524,456774636701154.562500
0.3285,0.0244,0.056400000000000006,456774636701154.562500
0.3285100000000001,0.0228,0.0524,456774636701154.562500
0.32852000000000003,0.0236,0.056400000000000006,456774636701154.562500
0.3285300000000001,0.0164,0.0492,456774636701154.562500
0.32854000000000005,0.0236,0.054,456774636701154.562500
0.3285500000000001,0.0212,0.056400000000000006,456774636701154.562500
0.3285600000000001,0.0236,0.0548,456774636701154.562500
0.32857000000000003,0.022000000000000002,0.0548,456774636701154.562500
0.3285800000000001,0.022000000000000002,0.0524,456774636701154.562500
0.32859000000000005,0.0236,0.056400000000000006,456774636701154.562500
0.3286000000000001,0.0212,0.055600000000000004,456774636701154.562500
0.32861000000000007,0.022000000000000002,0.055600000000000004,456774636701154.562500
0.32862,0.022000000000000002,0.056400000000000006,456774636701154.562500
0.3286300000000001,0.0236,0.0572,456774636701154.562500
0.32864000000000004,0.0204,0.056400000000000006,456774636701154.562500
0.3286500000000001,0.022000000000000002,0.056400000000000006,456774636701154.562500
0.32866000000000006,0.0164,0.055600000000000004,456774636701154.562500
0.32867,0.0228,0.053200000000000004,456774636701154.562500
0.3286800000000001,0.0204,0.055600000000000004,456774636701154.562500
0.32869000000000004,0.022000000000000002,0.056400000000000006,456774636701154.562500
0.3287000000000001,0.022000000000000002,0.056400000000000006,456774636701154.562500
0.32871000000000006,0.0228,0.0516,456774636701154.562500
0.3287200000000001,0.0228,0.056400000000000006,456774636701154.562500
0.3287300000000001,0.0236,0.0572,456774636701154.562500
0.32874000000000003,0.0228,0.055600000000000004,456774636701154.562500
0.3287500000000001,0.0244,0.055600000000000004,456774636701154.562500
0.32876000000000005,0.0244,0.053200000000000004,456774636701154.562500
0.3287700000000001,0.0228,0.0572,456774636701154.562500
0.32878000000000007,0.0252,0.055600000000000004,456774636701154.562500
0.32879,0.0228,0.056400000000000006,456774636701154.562500
0.3288000000000001,0.022000000000000002,0.048400000000000006,456774636701154.562500
0.32881000000000005,0.0244,0.056400000000000006,456774636701154.562500
0.3288200000000001,0.0228,0.0548,456774636701154.562500
0.32883000000000007,0.0252,0.0572,456774636701154.562500
0.32884,0.0236,0.0548,456774636701154.562500
0.3288500000000001,0.022000000000000002,0.055600000000000004,456774636701154.562500
0.32886000000000004,0.0236,0.048400000000000006,456774636701154.562500
0.3288700000000001,0.0244,0.055600000000000004,456774636701154.562500
0.32888000000000006,0.022000000000000002,0.058,456774636701154.562500
0.32889,0.022000000000000002,0.056400000000000006,456774636701154.562500
0.3289000000000001,0.0236,0.054,456774636701154.562500
0.32891000000000004,0.0228,0.053200000000000004,456774636701154.562500
0.3289200000000001,0.0244,0.054,456774636701154.562500
0.32893000000000006,0.0212,0.0548,456774636701154.562500
0.3289400000000001,0.022000000000000002,0.0572,456774636701154.562500
0.3289500000000001,0.022000000000000002,0.0572,456774636701154.562500
0.32896000000000003,0.0212,0.0572,456774636701154.562500
0.3289700000000001,0.0236,0.0572,456774636701154.562500
0.32898000000000005,0.0228,0.055600000000000004,456774636701154.562500
0.3289900000000001,0.0236,0.055600000000000004,456774636701154.562500
0.32900000000000007,0.022000000000000002,0.058,456774636701154.562500
0.32901,0.022000000000000002,0.054,456774636701154.562500
0.3290200000000001,0.0228,0.056400000000000006,456774636701154.562500
0.32903000000000004,0.022000000000000002,0.0492,456774636701154.562500
0.3290400000000001,0.0236,0.058,456774636701154.562500
0.32905000000000006,0.022000000000000002,0.058,456774636701154.562500
0.32906,0.0236,0.058,456774636701154.562500
0.3290700000000001,0.0236,0.056400000000000006,456774636701154.562500
0.32908000000000004,0.0252,0.058,456774636701154.562500
0.3290900000000001,0.0244,0.056400000000000006,456774636701154.562500
0.32910000000000006,0.0236,0.055600000000000004,456774636701154.562500
0.32911,0.0244,0.054,456774636701154.562500
0.3291200000000001,0.0244,0.0572,456774636701154.562500
0.32913000000000003,0.026000000000000002,0.058,456774636701154.562500
0.3291400000000001,0.0236,0.053200000000000004,456774636701154.562500
0.32915000000000005,0.0236,0.054,456774636701154.562500
0.3291600000000001,0.0236,0.054,456774636701154.562500
0.3291700000000001,0.0228,0.053200000000000004,456774636701154.562500
0.32918000000000003,0.0228,0.0516,456774636701154.562500
0.3291900000000001,0.0228,0.0524,456774636701154.562500
0.32920000000000005,0.0228,0.054,456774636701154.562500
0.3292100000000001,0.0212,0.056400000000000006,456774636701154.562500
0.32922000000000007,0.0204,0.056400000000000006,456774636701154.562500
0.32923,0.0212,0.058,456774636701154.562500
0.3292400000000001,0.0228,0.056400000000000006,456774636701154.562500
0.32925000000000004,0.0212,0.053200000000000004,456774636701154.562500
0.3292600000000001,0.0196,0.0548,456774636701154.562500
0.32927000000000006,0.022000000000000002,0.055600000000000004,456774636701154.562500
0.32928,0.0212,0.0572,456774636701154.562500
0.3292900000000001,0.0212,0.0572,456774636701154.562500
0.32930000000000004,0.022000000000000002,0.0572,456774636701154.562500
0.3293100000000001,0.022000000000000002,0.0548,456774636701154.562500
0.32932000000000006,0.0228,0.054,456774636701154.562500
0.3293300000000001,0.0244,0.0548,456774636701154.562500
0.3293400000000001,0.022000000000000002,0.0524,456774636701154.562500
0.32935000000000003,0.022000000000000002,0.0548,456774636701154.562500
0.3293600000000001,0.0236,0.056400000000000006,456774636701154.562500
0.32937000000000005,0.0252,0.055600000000000004,456774636701154.562500
0.3293800000000001,0.0244,0.055600000000000004,456774636701154.562500
0.32939000000000007,0.0244,0.0572,456774636701154.562500
0.3294,0.0252,0.0572,456774636701154.562500
0.3294100000000001,0.0204,0.0572,456774636701154.562500
0.32942000000000005,0.0228,0.056400000000000006,456774636701154.562500
0.3294300000000001,0.0212,0.0524,456774636701154.562500
0.32944000000000007,0.0244,0.056400000000000006,456774636701154.562500
0.32945,0.0244,0.0548,456774636701154.562500
0.3294600000000001,0.0212,0.0548,456774636701154.562500
0.32947000000000004,0.0228,0.053200000000000004,456774636701154.562500
0.3294800000000001,0.0228,0.056400000000000006,456774636701154.562500
0.32949000000000006,0.0252,0.0516,456774636701154.562500
0.3295,0.0236,0.056400000000000006,456774636701154.562500
0.3295100000000001,0.022000000000000002,0.055600000000000004,456774636701154.562500
0.32952000000000004,0.022000000000000002,0.056400000000000006,456774636701154.562500
0.3295300000000001,0.0212,0.0548,456774636701154.562500
0.32954000000000006,0.0196,0.055600000000000004,456774636701154.562500
0.3295500000000001,0.0228,0.055600000000000004,456774636701154.562500
0.3295600000000001,0.022000000000000002,0.0548,456774636701154.562500
0.32957000000000003,0.0212,0.0572,456774636701154.562500
0.3295800000000001,0.022000000000000002,0.053200000000000004,456774636701154.562500
0.32959000000000005,0.0236,0.0572,456774636701154.562500
0.3296000000000001,0.022000000000000002,0.053200000000000004,456774636701154.562500
0.32961000000000007,0.022000000000000002,0.058,456774636701154.562500
0.32962,0.022000000000000002,0.050800000000000005,456774636701154.562500
0.3296300000000001,0.022000000000000002,0.055600000000000004,456774636701154.562500
0.32964000000000004,0.0236,0.056400000000000006,456774636701154.562500
0.3296500000000001,0.022000000000000002,0.056400000000000006,456774636701154.562500
0.32966000000000006,0.022000000000000002,0.0548,456774636701154.562500
0.32967,0.0244,0.056400000000000006,456774636701154.562500
0.3296800000000001,0.0212,0.056400000000000006,456774636701154.562500
0.32969000000000004,0.0244,0.056400000000000006,456774636701154.562500
0.3297000000000001,0.0188,0.056400000000000006,456774636701154.562500
0.32971000000000006,0.0236,0.0572,456774636701154.562500
0.32972,0.0244,0.056400000000000006,456774636701154.562500
0.3297300000000001,0.0228,0.0572,456774636701154.562500
0.32974000000000003,0.022000000000000002,0.055600000000000004,456774636701154.562500
0.3297500000000001,0.0236,0.054,456774636701154.562500
0.32976000000000005,0.0228,0.055600000000000004,456774636701154.562500
0.3297700000000001,0.0212,0.0516,456774636701154.562500
0.3297800000000001,0.0236,0.0548,456774636701154.562500
0.32979,0.022000000000000002,0.055600000000000004,456774636701154.562500
0.3298000000000001,0.0244,0.056400000000000006,456774636701154.562500
0.32981000000000005,0.0204,0.056400000000000006,456774636701154.562500
0.3298200000000001,0.0228,0.055600000000000004,456774636701154.562500
0.32983000000000007,0.0204,0.058,456774636701154.562500
0.32984,0.0212,0.058800000000000005,456774636701154.562500
0.3298500000000001,0.0212,0.055600000000000004,456774636701154.562500
0.32986000000000004,0.0212,0.054,456774636701154.562500
0.3298700000000001,0.022000000000000002,0.054,456774636701154.562500
0.32988000000000006,0.022000000000000002,0.053200000000000004,456774636701154.562500
0.32989,0.0212,0.054,456774636701154.562500
0.3299000000000001,0.0204,0.055600000000000004,456774636701154.562500
0.32991000000000004,0.0212,0.055600000000000004,456774636701154.562500
0.3299200000000001,0.0188,0.055600000000000004,456774636701154.562500
0.32993000000000006,0.0236,0.055600000000000004,456774636701154.562500
0.3299400000000001,0.015600000000000001,0.058,456774636701154.562500
0.3299500000000001,0.022000000000000002,0.0524,456774636701154.562500
0.32996000000000003,0.0236,0.055600000000000004,456774636701154.562500
0.3299700000000001,0.0228,0.0516,456774636701154.562500
0.32998000000000005,0.0244,0.0548,456774636701154.562500
0.3299900000000001,0.0236,0.055600000000000004,456774636701154.562500
0.33000000000000007,0.026000000000000002,0.048400000000000006,456774636701154.562500
0.33001,0.0244,0.056400000000000006,456774636701154.562500
0.3300200000000001,0.0236,0.0548,456774636701154.562500
0.33003000000000005,0.0244,0.058800000000000005,456774636701154.562500
0.3300400000000001,0.0236,0.0548,456774636701154.562500
0.33005000000000007,0.018000000000000002,0.055600000000000004,456774636701154.562500
0.33006,0.0228,0.055600000000000004,456774636701154.562500
0.3300700000000001,0.0228,0.0572,456774636701154.562500
0.33008000000000004,0.0236,0.055600000000000004,456774636701154.562500
0.3300900000000001,0.0228,0.0548,456774636701154.562500
0.33010000000000006,0.0228,0.0476,456774636701154.562500
0.33011,0.022000000000000002,0.055600000000000004,456774636701154.562500
0.3301200000000001,0.022000000000000002,0.055600000000000004,456774636701154.562500
0.33013000000000003,0.0204,0.0492,456774636701154.562500
0.3301400000000001,0.0212,0.0572,456774636701154.562500
0.33015000000000005,0.0228,0.0516,456774636701154.562500
0.3301600000000001,0.0228,0.0572,456774636701154.562500
0.3301700000000001,0.022000000000000002,0.0572,456774636701154.562500
0.33018000000000003,0.022000000000000002,0.056400000000000006,456774636701154.562500
0.3301900000000001,0.0228,0.056400000000000006,456774636701154.562500
0.33020000000000005,0.0228,0.056400000000000006,456774636701154.562500
0.3302100000000001,0.022000000000000002,0.0572,456774636701154.562500
0.33022000000000007,0.022000000000000002,0.054,456774636701154.562500
0.33023,0.0236,0.0572,456774636701154.562500
0.3302400000000001,0.0244,0.056400000000000006,456774636701154.562500
0.33025000000000004,0.022000000000000002,0.0524,456774636701154.562500
0.3302600000000001,0.0244,0.055600000000000004,456774636701154.562500
0.33027000000000006,0.0244,0.055600000000000004,456774636701154.562500
0.33028,0.0236,0.056400000000000006,456774636701154.562500
0.3302900000000001,0.0228,0.058,456774636701154.562500
0.33030000000000004,0.0236,0.0572,456774636701154.562500
0.3303100000000001,0.0252,0.056400000000000006,456774636701154.562500
0.33032000000000006,0.0228,0.0572,456774636701154.562500
0.33033,0.022000000000000002,0.056400000000000006,456774636701154.562500
0.3303400000000001,0.0236,0.055600000000000004,456774636701154.562500
0.33035000000000003,0.022000000000000002,0.055600000000000004,456774636701154.562500
0.3303600000000001,0.0252,0.056400000000000006,456774636701154.562500
0.33037000000000005,0.0236,0.054,456774636701154.562500
0.3303800000000001,0.0228,0.056400000000000006,456774636701154.562500
0.3303900000000001,0.0212,0.054,456774636701154.562500
0.3304,0.0228,0.0572,456774636701154.562500
0.3304100000000001,0.022000000000000002,0.05,456774636701154.562500
0.33042000000000005,0.022000000000000002,0.0572,456774636701154.562500
0.3304300000000001,0.022000000000000002,0.045200000000000004,456774636701154.562500
0.33044000000000007,0.022000000000000002,0.056400000000000006,456774636701154.562500
0.33045,0.0228,0.056400000000000006,456774636701154.562500
0.3304600000000001,0.0236,0.056400000000000006,456774636701154.562500
0.33047000000000004,0.0212,0.055600000000000004,456774636701154.562500
0.3304800000000001,0.022000000000000002,0.054,456774636701154.562500
0.33049000000000006,0.022000000000000002,0.0572,456774636701154.562500
0.3305,0.0244,0.055600000000000004,456774636701154.562500
0.3305100000000001,0.022000000000000002,0.055600000000000004,456774636701154.562500
0.33052000000000004,0.0188,0.056400000000000006,456774636701154.562500
0.3305300000000001,0.0228,0.056400000000000006,456774636701154.562500
0.33054000000000006,0.0196,0.0572,456774636701154.562500
0.3305500000000001,0.0236,0.053200000000000004,456774636701154.562500
0.3305600000000001,0.0228,0.0548,456774636701154.562500
0.33057000000000003,0.0236,0.058,456774636701154.562500
0.3305800000000001,0.022000000000000002,0.055600000000000004,456774636701154.562500
0.33059000000000005,0.0244,0.054,456774636701154.562500
0.3306000000000001,0.0244,0.0548,456774636701154.562500
0.33061000000000007,0.0236,0.058,456774636701154.562500
0.33062,0.0244,0.0572,456774636701154.562500
0.3306300000000001,0.0252,0.055600000000000004,456774636701154.562500
0.33064000000000004,0.0236,0.056400000000000006,456774636701154.562500
0.3306500000000001,0.0244,0.056400000000000006,456774636701154.562500
0.33066000000000006,0.0244,0.0548,456774636701154.562500
0.33067,0.0244,0.0548,456774636701154.562500
0.3306800000000001,0.0244,0.058,456774636701154.562500
0.33069000000000004,0.0236,0.058,456774636701154.562500
0.3307000000000001,0.0196,0.0572,456774636701154.562500
0.33071000000000006,0.0228,0.055600000000000004,456774636701154.562500
0.33072,0.0228,0.0548,456774636701154.562500
0.3307300000000001,0.0236,0.0548,456774636701154.562500
0.33074000000000003,0.022000000000000002,0.053200000000000004,456774636701154.562500
0.3307500000000001,0.022000000000000002,0.0548,456774636701154.562500
0.33076000000000005,0.022000000000000002,0.058,456774636701154.562500
0.3307700000000001,0.0212,0.056400000000000006,456774636701154.562500
0.3307800000000001,0.022000000000000002,0.056400000000000006,456774636701154.562500
0.33079000000000003,0.0228,0.0572,456774636701154.562500
0.3308000000000001,0.0236,0.05,456774636701154.562500
0.33081000000000005,0.0244,0.055600000000000004,456774636701154.562500
0.3308200000000001,0.022000000000000002,0.0492,456774636701154.562500
0.33083000000000007,0.0212,0.055600000000000004,456774636701154.562500
0.33084,0.0204,0.046,456774636701154.562500
0.3308500000000001,0.022000000000000002,0.0572,456774636701154.562500
0.33086000000000004,0.022000000000000002,0.053200000000000004,456774636701154.562500
0.3308700000000001,0.0228,0.048400000000000006,456774636701154.562500
0.33088000000000006,0.022000000000000002,0.056400000000000006,456774636701154.562500
0.33089,0.0236,0.0516,456774636701154.562500
0.3309000000000001,0.0228,0.056400000000000006,456774636701154.562500
0.33091000000000004,0.0212,0.056400000000000006,456774636701154.562500
0.3309200000000001,0.0244,0.056400000000000006,456774636701154.562500
0.33093000000000006,0.0236,0.058,456774636701154.562500
0.3309400000000001,0.0196,0.0548,456774636701154.562500
0.3309500000000001,0.0236,0.055600000000000004,456774636701154.562500
0.33096000000000003,0.0236,0.053200000000000004,456774636701154.562500
0.3309700000000001,0.0236,0.056400000000000006,456774636701154.562500
0.33098000000000005,0.0228,0.0548,456774636701154.562500
0.3309900000000001,0.0204,0.055600000000000004,456774636701154.562500
0.33100000000000007,0.0228,0.0492,456774636701154.562500
0.33101,0.0228,0.05,456774636701154.562500
0.3310200000000001,0.0236,0.055600000000000004,456774636701154.562500
0.33103000000000005,0.022000000000000002,0.0572,456774636701154.562500
0.3310400000000001,0.022000000000000002,0.058,456774636701154.562500
0.33105000000000007,0.022000000000000002,0.054,456774636701154.562500
0.33106,0.022000000000000002,0.058,456774636701154.562500
0.3310700000000001,0.022000000000000002,0.046,456774636701154.562500
0.33108000000000004,0.0212,0.056400000000000006,456774636701154.562500
0.3310900000000001,0.018000000000000002,0.055600000000000004,456774636701154.562500
0.33110000000000006,0.022000000000000002,0.0468,456774636701154.562500
0.33111,0.0212,0.0548,456774636701154.562500
0.3311200000000001,0.0196,0.056400000000000006,456774636701154.562500
0.33113000000000004,0.022000000000000002,0.055600000000000004,456774636701154.562500
0.3311400000000001,0.0236,0.056400000000000006,456774636701154.562500
0.33115000000000006,0.0228,0.056400000000000006,456774636701154.562500
0.3311600000000001,0.0236,0.0572,456774636701154.562500
0.3311700000000001,0.022000000000000002,0.054,456774636701154.562500
0.33118000000000003,0.0228,0.056400000000000006,456774636701154.562500
0.3311900000000001,0.0244,0.0572,456774636701154.562500
0.33120000000000005,0.0244,0.056400000000000006,456774636701154.562500
0.3312100000000001,0.0244,0.056400000000000006,456774636701154.562500
0.33122000000000007,0.0252,0.0548,456774636701154.562500
0.33123,0.0244,0.055600000000000004,456774636701154.562500
0.3312400000000001,0.0244,0.058,456774636701154.562500
0.33125000000000004,0.0244,0.058,456774636701154.562500
0.3312600000000001,0.0228,0.056400000000000006,456774636701154.562500
0.33127000000000006,0.0228,0.0492,456774636701154.562500
0.33128,0.0204,0.054,456774636701154.562500
0.3312900000000001,0.0236,0.056400000000000006,456774636701154.562500
0.33130000000000004,0.0236,0.0492,456774636701154.562500
0.3313100000000001,0.022000000000000002,0.055600000000000004,456774636701154.562500
0.33132000000000006,0.0244,0.0516,456774636701154.562500
0.33133,0.0236,0.0468,456774636701154.562500
0.3313400000000001,0.0228,0.0572,456774636701154.562500
0.33135000000000003,0.0212,0.053200000000000004,456774636701154.562500
0.3313600000000001,0.0236,0.056400000000000006,456774636701154.562500
0.33137000000000005,0.0188,0.055600000000000004,456774636701154.562500
0.3313800000000001,0.0228,0.056400000000000006,456774636701154.562500
0.3313900000000001,0.0204,0.056400000000000006,456774636701154.562500
0.33140000000000003,0.022000000000000002,0.0548,456774636701154.562500
0.3314100000000001,0.0212,0.056400000000000006,456774636701154.562500
0.33142000000000005,0.0204,0.0572,456774636701154.562500
0.3314300000000001,0.018000000000000002,0.055600000000000004,456774636701154.562500
0.33144000000000007,0.0236,0.056400000000000006,456774636701154.562500
0.33145,0.0212,0.0572,456774636701154.562500
0.3314600000000001,0.0236,0.056400000000000006,456774636701154.562500
0.33147000000000004,0.0228,0.0572,456774636701154.562500
0.3314800000000001,0.022000000000000002,0.058,456774636701154.562500
0.33149000000000006,0.0244,0.056400000000000006,456774636701154.562500
0.3315,0.0268,0.056400000000000006,456774636701154.562500
0.3315100000000001,0.0244,0.0548,456774636701154.562500
0.33152000000000004,0.0236,0.056400000000000006,456774636701154.562500
0.3315300000000001,0.0212,0.054,456774636701154.562500
0.33154000000000006,0.0212,0.055600000000000004,456774636701154.562500
0.3315500000000001,0.0244,0.053200000000000004,456774636701154.562500
0.3315600000000001,0.0244,0.0572,456774636701154.562500
0.33157000000000003,0.0236,0.058,456774636701154.562500
0.3315800000000001,0.0252,0.055600000000000004,456774636701154.562500
0.33159000000000005,0.0244,0.058,456774636701154.562500
0.3316000000000001,0.0244,0.055600000000000004,456774636701154.562500
0.33161000000000007,0.0244,0.054,456774636701154.562500
0.33162,0.022000000000000002,0.055600000000000004,456774636701154.562500
0.3316300000000001,0.0204,0.0524,456774636701154.562500
0.33164000000000005,0.022000000000000002,0.0572,456774636701154.562500
0.3316500000000001,0.0228,0.0548,456774636701154.562500
0.33166000000000007,0.022000000000000002,0.0492,456774636701154.562500
0.33167,0.0212,0.056400000000000006,456774636701154.562500
0.3316800000000001,0.0204,0.056400000000000006,456774636701154.562500
0.33169000000000004,0.0188,0.055600000000000004,456774636701154.562500
0.3317000000000001,0.0228,0.056400000000000006,456774636701154.562500
0.33171000000000006,0.022000000000000002,0.0548,456774636701154.562500
0.33172,0.0228,0.056400000000000006,456774636701154.562500
0.3317300000000001,0.0196,0.056400000000000006,456774636701154.562500
0.33174000000000003,0.0212,0.054,456774636701154.562500
0.3317500000000001,0.022000000000000002,0.0572,456774636701154.562500
0.33176000000000005,0.0212,0.056400000000000006,456774636701154.562500
0.3317700000000001,0.0228,0.056400000000000006,456774636701154.562500
0.3317800000000001,0.0228,0.055600000000000004,456774636701154.562500
0.33179000000000003,0.018000000000000002,0.050800000000000005,456774636701154.562500
0.3318000000000001,0.0196,0.056400000000000006,456774636701154.562500
0.33181000000000005,0.0196,0.054,456774636701154.562500
0.3318200000000001,0.022000000000000002,0.0516,456774636701154.562500
0.33183000000000007,0.0212,0.055600000000000004,456774636701154.562500
0.33184,0.0252,0.0548,456774636701154.562500
0.3318500000000001,0.0252,0.055600000000000004,456774636701154.562500
0.33186000000000004,0.0252,0.056400000000000006,456774636701154.562500
0.3318700000000001,0.0244,0.054,456774636701154.562500
0.33188000000000006,0.0236,0.056400000000000006,456774636701154.562500
0.33189,0.0236,0.054,456774636701154.562500
0.3319000000000001,0.0236,0.0572,456774636701154.562500
0.33191000000000004,0.0236,0.0548,456774636701154.562500
0.3319200000000001,0.0228,0.056400000000000006,456774636701154.562500
0.33193000000000006,0.0212,0.0524,456774636701154.562500
0.33194,0.022000000000000002,0.0572,456774636701154.562500
0.3319500000000001,0.022000000000000002,0.056400000000000006,456774636701154.562500
0.33196000000000003,0.022000000000000002,0.0524,456774636701154.562500
0.3319700000000001,0.0188,0.0548,456774636701154.562500
0.33198000000000005,0.022000000000000002,0.0548,456774636701154.562500
0.3319900000000001,0.014,0.058,456774636701154.562500
0.3320000000000001,0.0212,0.056400000000000006,456774636701154.562500
0.33201,0.0212,0.0572,456774636701154.562500
0.3320200000000001,0.0212,0.056400000000000006,456774636701154.562500
0.33203000000000005,0.022000000000000002,0.058,456774636701154.562500
0.3320400000000001,0.0212,0.0572,456774636701154.562500
0.33205000000000007,0.0212,0.0572,456774636701154.562500
0.33206,0.022000000000000002,0.0524,456774636701154.562500
0.3320700000000001,0.0236,0.058800000000000005,456774636701154.562500
0.33208000000000004,0.0228,0.0548,456774636701154.562500
0.3320900000000001,0.0244,0.058,456774636701154.562500
0.33210000000000006,0.0236,0.058,456774636701154.562500
0.33211,0.0244,0.0572,456774636701154.562500
0.3321200000000001,0.0244,0.055600000000000004,456774636701154.562500
0.33213000000000004,0.0244,0.058,456774636701154.562500
0.3321400000000001,0.0236,0.0548,456774636701154.562500
0.33215000000000006,0.0236,0.0476,456774636701154.562500
0.3321600000000001,0.022000000000000002,0.056400000000000006,456774636701154.562500
0.3321700000000001,0.0244,0.046,456774636701154.562500
0.33218000000000003,0.0236,0.0572,456774636701154.562500
0.3321900000000001,0.0236,0.0548,456774636701154.562500
0.33220000000000005,0.0236,0.056400000000000006,456774636701154.562500
0.3322100000000001,0.0212,0.056400000000000006,456774636701154.562500
0.33222000000000007,0.015600000000000001,0.055600000000000004,456774636701154.562500
0.33223,0.0196,0.0572,456774636701154.562500
0.3322400000000001,0.0236,0.058800000000000005,456774636701154.562500
0.33225000000000005,0.022000000000000002,0.0548,456774636701154.562500
0.3322600000000001,0.0212,0.0548,456774636701154.562500
0.33227000000000007,0.0244,0.0572,456774636701154.562500
0.33228,0.0212,0.056400000000000006,456774636701154.562500
0.3322900000000001,0.022000000000000002,0.0572,456774636701154.562500
0.33230000000000004,0.0212,0.056400000000000006,456774636701154.562500
0.3323100000000001,0.0228,0.056400000000000006,456774636701154.562500
0.33232000000000006,0.0204,0.056400000000000006,456774636701154.562500
0.33233,0.0212,0.0524,456774636701154.562500
0.3323400000000001,0.0228,0.0572,456774636701154.562500
0.33235000000000003,0.022000000000000002,0.056400000000000006,456774636701154.562500
0.3323600000000001,0.0236,0.0572,456774636701154.562500
0.33237000000000005,0.022000000000000002,0.055600000000000004,456774636701154.562500
0.3323800000000001,0.0236,0.0572,456774636701154.562500
0.3323900000000001,0.022000000000000002,0.0516,456774636701154.562500
0.33240000000000003,0.0212,0.0572,456774636701154.562500
0.3324100000000001,0.0172,0.0572,456774636701154.562500
0.33242000000000005,0.0212,0.0572,456774636701154.562500
0.3324300000000001,0.0212,0.0572,456774636701154.562500
0.33244000000000007,0.022000000000000002,0.0572,456774636701154.562500
0.33245,0.0212,0.0572,456774636701154.562500
0.3324600000000001,0.0244,0.058,456774636701154.562500
0.33247000000000004,0.0252,0.055600000000000004,456774636701154.562500
0.3324800000000001,0.0228,0.055600000000000004,456774636701154.562500
0.33249000000000006,0.0236,0.056400000000000006,456774636701154.562500
0.3325,0.0204,0.056400000000000006,456774636701154.562500
0.3325100000000001,0.022000000000000002,0.056400000000000006,456774636701154.562500
0.33252000000000004,0.0236,0.0572,456774636701154.562500
0.3325300000000001,0.0244,0.058,456774636701154.562500
0.33254000000000006,0.0236,0.056400000000000006,456774636701154.562500
0.3325500000000001,0.022000000000000002,0.058,456774636701154.562500
0.3325600000000001,0.0212,0.0548,456774636701154.562500
0.33257000000000003,0.022000000000000002,0.056400000000000006,456774636701154.562500
0.3325800000000001,0.018000000000000002,0.0572,456774636701154.562500
0.33259000000000005,0.0236,0.054,456774636701154.562500
0.3326000000000001,0.0228,0.056400000000000006,456774636701154.562500
0.3326100000000001,0.022000000000000002,0.058,456774636701154.562500
0.33262,0.0228,0.054,456774636701154.562500
0.3326300000000001,0.022000000000000002,0.058,456774636701154.562500
0.33264000000000005,0.022000000000000002,0.054,456774636701154.562500
0.3326500000000001,0.022000000000000002,0.056400000000000006,456774636701154.562500
0.33266000000000007,0.022000000000000002,0.0492,456774636701154.562500
0.33267,0.022000000000000002,0.0516,456774636701154.562500
0.3326800000000001,0.0228,0.0492,456774636701154.562500
0.33269000000000004,0.0244,0.0524,456774636701154.562500
0.3327000000000001,0.0244,0.054,456774636701154.562500
0.33271000000000006,0.0228,0.050800000000000005,456774636701154.562500
0.33272,0.0236,0.0492,456774636701154.562500
0.3327300000000001,0.0252,0.054,456774636701154.562500
0.33274000000000004,0.0244,0.0492,456774636701154.562500
0.3327500000000001,0.0236,0.056400000000000006,456774636701154.562500
0.33276000000000006,0.0228,0.056400000000000006,456774636701154.562500
0.3327700000000001,0.0244,0.056400000000000006,456774636701154.562500
0.3327800000000001,0.0244,0.0572,456774636701154.562500
0.33279000000000003,0.0236,0.056400000000000006,456774636701154.562500
0.3328000000000001,0.0244,0.0572,456774636701154.562500
0.33281000000000005,0.0204,0.056400000000000006,456774636701154.562500
0.3328200000000001,0.0236,0.053200000000000004,456774636701154.562500
0.33283000000000007,0.022000000000000002,0.055600000000000004,456774636701154.562500
0.33284,0.0236,0.0572,456774636701154.562500
0.3328500000000001,0.0236,0.055600000000000004,456774636701154.562500
0.33286000000000004,0.0212,0.0572,456774636701154.562500
0.3328700000000001,0.022000000000000002,0.054,456774636701154.562500
0.33288000000000006,0.022000000000000002,0.0548,456774636701154.562500
0.33289,0.022000000000000002,0.050800000000000005,456774636701154.562500
0.3329000000000001,0.0228,0.055600000000000004,456774636701154.562500
0.33291000000000004,0.0212,0.0572,456774636701154.562500
0.3329200000000001,0.022000000000000002,0.055600000000000004,456774636701154.562500
0.33293000000000006,0.0228,0.048400000000000006,456774636701154.562500
0.33294,0.0228,0.0572,456774636701154.562500
0.3329500000000001,0.0236,0.055600000000000004,456774636701154.562500
0.33296000000000003,0.0228,0.0572,456774636701154.562500
0.3329700000000001,0.0236,0.055600000000000004,456774636701154.562500
0.33298000000000005,0.0228,0.0572,456774636701154.562500
0.3329900000000001,0.0228,0.055600000000000004,456774636701154.562500
0.3330000000000001,0.0228,0.056400000000000006,456774636701154.562500
0.33301000000000003,0.0228,0.0572,456774636701154.562500
0.3330200000000001,0.0244,0.0548,456774636701154.562500
0.33303000000000005,0.0236,0.056400000000000006,456774636701154.562500
0.3330400000000001,0.0252,0.056400000000000006,456774636701154.562500
0.33305000000000007,0.0244,0.055600000000000004,456774636701154.562500
0.33306,0.0244,0.0548,456774636701154.562500
0.3330700000000001,0.0204,0.054,456774636701154.562500
0.33308000000000004,0.0236,0.0572,456774636701154.562500
0.3330900000000001,0.018000000000000002,0.055600000000000004,456774636701154.562500
0.33310000000000006,0.0164,0.0572,456774636701154.562500
0.33311,0.0212,0.056400000000000006,456774636701154.562500
0.3331200000000001,0.0236,0.0572,456774636701154.562500
0.33313000000000004,0.0236,0.056400000000000006,456774636701154.562500
0.3331400000000001,0.0228,0.054,456774636701154.562500
0.33315000000000006,0.022000000000000002,0.055600000000000004,456774636701154.562500
0.3331600000000001,0.0228,0.055600000000000004,456774636701154.562500
0.3331700000000001,0.0228,0.056400000000000006,456774636701154.562500
0.33318000000000003,0.0228,0.055600000000000004,456774636701154.562500
0.3331900000000001,0.022000000000000002,0.055600000000000004,456774636701154.562500
0.33320000000000005,0.0212,0.054,456774636701154.562500
0.3332100000000001,0.022000000000000002,0.056400000000000006,456774636701154.562500
0.33322000000000007,0.022000000000000002,0.0524,456774636701154.562500
0.33323,0.0228,0.056400000000000006,456774636701154.562500
0.3332400000000001,0.0236,0.056400000000000006,456774636701154.562500
0.33325000000000005,0.022000000000000002,0.055600000000000004,456774636701154.562500
0.3332600000000001,0.0204,0.0572,456774636701154.562500
0.33327000000000007,0.0228,0.0548,456774636701154.562500
0.33328,0.022000000000000002,0.058,456774636701154.562500
0.3332900000000001,0.0228,0.058,456774636701154.562500
0.33330000000000004,0.0244,0.056400000000000006,456774636701154.562500
0.3333100000000001,0.0228,0.055600000000000004,456774636701154.562500
0.33332000000000006,0.022000000000000002,0.056400000000000006,456774636701154.562500
0.33333,0.022000000000000002,0.055600000000000004,456774636701154.562500
0.3333400000000001,0.0244,0.056400000000000006,456774636701154.562500
0.33335000000000004,0.0236,0.0524,456774636701154.562500
0.3333600000000001,0.0244,0.0572,456774636701154.562500
0.33337000000000006,0.0236,0.055600000000000004,456774636701154.562500
0.3333800000000001,0.0244,0.0548,456774636701154.562500
0.3333900000000001,0.0236,0.0572,456774636701154.562500
0.33340000000000003,0.0244,0.055600000000000004,456774636701154.562500
0.3334100000000001,0.0236,0.058,456774636701154.562500
0.33342000000000005,0.0236,0.054,456774636701154.562500
0.3334300000000001,0.022000000000000002,0.058,456774636701154.562500
0.33344000000000007,0.0212,0.053200000000000004,456774636701154.562500
0.33345,0.0196,0.0572,456774636701154.562500
0.3334600000000001,0.0212,0.055600000000000004,456774636701154.562500
0.33347000000000004,0.022000000000000002,0.055600000000000004,456774636701154.562500
0.3334800000000001,0.0236,0.0572,456774636701154.562500
0.33349000000000006,0.0196,0.056400000000000006,456774636701154.562500
0.3335,0.0188,0.0572,456774636701154.562500
0.3335100000000001,0.0204,0.0548,456774636701154.562500
0.33352000000000004,0.022000000000000002,0.0572,456774636701154.562500
0.3335300000000001,0.022000000000000002,0.054,456774636701154.562500
0.33354000000000006,0.0228,0.055600000000000004,456774636701154.562500
0.33355,0.0228,0.054,456774636701154.562500
0.3335600000000001,0.0228,0.056400000000000006,456774636701154.562500
0.33357000000000003,0.022000000000000002,0.056400000000000006,456774636701154.562500
0.3335800000000001,0.0236,0.056400000000000006,456774636701154.562500
0.33359000000000005,0.0228,0.056400000000000006,456774636701154.562500
0.3336000000000001,0.0244,0.0548,456774636701154.562500
0.3336100000000001,0.0244,0.0548,456774636701154.562500
0.33362,0.0236,0.055600000000000004,456774636701154.562500
0.3336300000000001,0.0236,0.056400000000000006,456774636701154.562500
0.33364000000000005,0.0228,0.056400000000000006,456774636701154.562500
0.3336500000000001,0.0236,0.0548,456774636701154.562500
0.33366000000000007,0.0268,0.055600000000000004,456774636701154.562500
0.33367,0.0252,0.058,456774636701154.562500
0.3336800000000001,0.0244,0.055600000000000004,456774636701154.562500
0.33369000000000004,0.0252,0.056400000000000006,456774636701154.562500
0.3337000000000001,0.0244,0.055600000000000004,456774636701154.562500
0.33371000000000006,0.0228,0.056400000000000006,456774636701154.562500
0.33372,0.0236,0.0572,456774636701154.562500
0.3337300000000001,0.0228,0.054,456774636701154.562500
0.33374000000000004,0.0228,0.0572,456774636701154.562500
0.3337500000000001,0.0228,0.058,456774636701154.562500
0.33376000000000006,0.022000000000000002,0.0572,456774636701154.562500
0.3337700000000001,0.022000000000000002,0.055600000000000004,456774636701154.562500
0.3337800000000001,0.022000000000000002,0.058800000000000005,456774636701154.562500
0.33379000000000003,0.022000000000000002,0.056400000000000006,456774636701154.562500
0.3338000000000001,0.0228,0.054,456774636701154.562500
0.33381000000000005,0.022000000000000002,0.055600000000000004,456774636701154.562500
0.3338200000000001,0.0212,0.056400000000000006,456774636701154.562500
0.33383000000000007,0.0196,0.054,456774636701154.562500
0.33384,0.0196,0.055600000000000004,456774636701154.562500
0.3338500000000001,0.022000000000000002,0.0524,456774636701154.562500
0.33386000000000005,0.0228,0.055600000000000004,456774636701154.562500
0.3338700000000001,0.0228,0.0572,456774636701154.562500
0.33388000000000007,0.0236,0.0572,456774636701154.562500
0.33389,0.0228,0.058,456774636701154.562500
0.3339000000000001,0.0244,0.056400000000000006,456774636701154.562500
0.33391000000000004,0.0236,0.056400000000000006,456774636701154.562500
0.3339200000000001,0.0244,0.056400000000000006,456774636701154.562500
0.33393000000000006,0.0228,0.054,456774636701154.562500
0.33394,0.0244,0.058,456774636701154.562500
0.3339500000000001,0.0244,0.0572,456774636701154.562500
0.33396000000000003,0.0244,0.058,456774636701154.562500
0.3339700000000001,0.0244,0.056400000000000006,456774636701154.562500
0.33398000000000005,0.0252,0.0572,456774636701154.562500
0.3339900000000001,0.0244,0.055600000000000004,456774636701154.562500
0.3340000000000001,0.0244,0.058,456774636701154.562500
0.33401000000000003,0.0236,0.055600000000000004,456774636701154.562500
0.3340200000000001,0.0228,0.056400000000000006,456774636701154.562500
0.33403000000000005,0.0236,0.0548,456774636701154.562500
0.3340400000000001,0.0236,0.054,456774636701154.562500
0.33405000000000007,0.0236,0.0524,456774636701154.562500
0.33406,0.0228,0.0548,456774636701154.562500
0.3340700000000001,0.0212,0.056400000000000006,456774636701154.562500
0.33408000000000004,0.0228,0.055600000000000004,456774636701154.562500
0.3340900000000001,0.0228,0.056400000000000006,456774636701154.562500
0.33410000000000006,0.0228,0.0476,456774636701154.562500
0.33411,0.022000000000000002,0.05,456774636701154.562500
0.3341200000000001,0.0236,0.050800000000000005,456774636701154.562500
0.33413000000000004,0.0212,0.05,456774636701154.562500
0.3341400000000001,0.022000000000000002,0.054,456774636701154.562500
0.33415000000000006,0.0236,0.054,456774636701154.562500
0.3341600000000001,0.0204,0.055600000000000004,456774636701154.562500
0.3341700000000001,0.0228,0.053200000000000004,456774636701154.562500
0.33418000000000003,0.0212,0.055600000000000004,456774636701154.562500
0.3341900000000001,0.0228,0.0524,456774636701154.562500
0.33420000000000005,0.022000000000000002,0.056400000000000006,456774636701154.562500
0.3342100000000001,0.022000000000000002,0.048400000000000006,456774636701154.562500
0.3342200000000001,0.0228,0.055600000000000004,456774636701154.562500
0.33423,0.0228,0.055600000000000004,456774636701154.562500
0.3342400000000001,0.0228,0.056400000000000006,456774636701154.562500
0.33425000000000005,0.0228,0.050800000000000005,456774636701154.562500
0.3342600000000001,0.0188,0.0524,456774636701154.562500
0.33427000000000007,0.0228,0.0548,456774636701154.562500
0.33428,0.0236,0.054,456774636701154.562500
0.3342900000000001,0.0236,0.055600000000000004,456774636701154.562500
0.33430000000000004,0.0236,0.0492,456774636701154.562500
0.3343100000000001,0.0252,0.0548,456774636701154.562500
0.33432000000000006,0.0228,0.046,456774636701154.562500
0.33433,0.0228,0.055600000000000004,456774636701154.562500
0.3343400000000001,0.0236,0.053200000000000004,456774636701154.562500
0.33435000000000004,0.0236,0.055600000000000004,456774636701154.562500
0.3343600000000001,0.0228,0.058,456774636701154.562500
0.33437000000000006,0.0228,0.055600000000000004,456774636701154.562500
0.3343800000000001,0.022000000000000002,0.055600000000000004,456774636701154.562500
0.3343900000000001,0.022000000000000002,0.0572,456774636701154.562500
0.33440000000000003,0.0228,0.055600000000000004,456774636701154.562500
0.3344100000000001,0.0228,0.055600000000000004,456774636701154.562500
0.33442000000000005,0.0204,0.055600000000000004,456774636701154.562500
0.3344300000000001,0.0212,0.056400000000000006,456774636701154.562500
0.33444000000000007,0.0228,0.056400000000000006,456774636701154.562500
0.33445,0.022000000000000002,0.055600000000000004,456774636701154.562500
0.3344600000000001,0.0212,0.0572,456774636701154.562500
0.33447000000000005,0.0228,0.0572,456774636701154.562500
0.3344800000000001,0.0212,0.056400000000000006,456774636701154.562500
0.33449000000000007,0.0236,0.054,456774636701154.562500
0.3345,0.0244,0.058,456774636701154.562500
0.3345100000000001,0.0228,0.054,456774636701154.562500
0.33452000000000004,0.0164,0.055600000000000004,456774636701154.562500
0.3345300000000001,0.0236,0.0572,456774636701154.562500
0.33454000000000006,0.018000000000000002,0.054,456774636701154.562500
0.33455,0.0204,0.056400000000000006,456774636701154.562500
0.3345600000000001,0.0244,0.056400000000000006,456774636701154.562500
0.33457000000000003,0.022000000000000002,0.056400000000000006,456774636701154.562500
0.3345800000000001,0.0212,0.056400000000000006,456774636701154.562500
0.33459000000000005,0.022000000000000002,0.053200000000000004,456774636701154.562500
0.3346000000000001,0.018000000000000002,0.056400000000000006,456774636701154.562500
0.3346100000000001,0.0204,0.055600000000000004,456774636701154.562500
0.33462000000000003,0.022000000000000002,0.058,456774636701154.562500
0.3346300000000001,0.0244,0.056400000000000006,456774636701154.562500
0.33464000000000005,0.022000000000000002,0.056400000000000006,456774636701154.562500
0.3346500000000001,0.0252,0.0572,456774636701154.562500
0.33466000000000007,0.0244,0.0572,456774636701154.562500
0.33467,0.0228,0.056400000000000006,456774636701154.562500
0.3346800000000001,0.0236,0.056400000000000006,456774636701154.562500
0.33469000000000004,0.0228,0.0572,456774636701154.562500
0.3347000000000001,0.0228,0.058,456774636701154.562500
0.33471000000000006,0.0204,0.058,456774636701154.562500
0.33472,0.022000000000000002,0.056400000000000006,456774636701154.562500
0.3347300000000001,0.022000000000000002,0.055600000000000004,456774636701154.562500
0.33474000000000004,0.0212,0.055600000000000004,456774636701154.562500
0.3347500000000001,0.0196,0.0516,456774636701154.562500
0.33476000000000006,0.0228,0.056400000000000006,456774636701154.562500
0.3347700000000001,0.0228,0.046,456774636701154.562500
0.3347800000000001,0.0204,0.0572,456774636701154.562500
0.33479000000000003,0.0228,0.056400000000000006,456774636701154.562500
0.3348000000000001,0.022000000000000002,0.056400000000000006,456774636701154.562500
0.33481000000000005,0.0196,0.055600000000000004,456774636701154.562500
0.3348200000000001,0.0204,0.045200000000000004,456774636701154.562500
0.33483000000000007,0.0204,0.053200000000000004,456774636701154.562500
0.33484,0.0172,0.053200000000000004,456774636701154.562500
0.3348500000000001,0.0164,0.056400000000000006,456774636701154.562500
0.33486000000000005,0.0188,0.0572,456774636701154.562500
0.3348700000000001,0.0244,0.0548,456774636701154.562500
0.33488000000000007,0.022000000000000002,0.054,456774636701154.562500
0.33489,0.0228,0.0548,456774636701154.562500
0.3349000000000001,0.0236,0.055600000000000004,456774636701154.562500
0.33491000000000004,0.022000000000000002,0.054,456774636701154.562500
0.3349200000000001,0.022000000000000002,0.055600000000000004,456774636701154.562500
0.33493000000000006,0.022000000000000002,0.0548,456774636701154.562500
0.33494,0.0228,0.055600000000000004,456774636701154.562500
0.3349500000000001,0.0228,0.0572,456774636701154.562500
0.33496000000000004,0.0204,0.055600000000000004,456774636701154.562500
0.3349700000000001,0.0228,0.0572,456774636701154.562500
0.33498000000000006,0.0204,0.0548,456774636701154.562500
0.3349900000000001,0.0244,0.0572,456774636701154.562500
0.3350000000000001,0.0228,0.055600000000000004,456774636701154.562500
0.33501000000000003,0.022000000000000002,0.0572,456774636701154.562500
0.3350200000000001,0.0228,0.055600000000000004,456774636701154.562500
0.33503000000000005,0.022000000000000002,0.055600000000000004,456774636701154.562500
0.3350400000000001,0.0228,0.0572,456774636701154.562500
0.33505000000000007,0.0244,0.055600000000000004,456774636701154.562500
0.33506,0.0212,0.0572,456774636701154.562500
0.3350700000000001,0.0204,0.055600000000000004,456774636701154.562500
0.33508000000000004,0.022000000000000002,0.056400000000000006,456774636701154.562500
0.3350900000000001,0.0236,0.056400000000000006,456774636701154.562500
0.33510000000000006,0.0212,0.056400000000000006,456774636701154.562500
0.33511,0.022000000000000002,0.0572,456774636701154.562500
0.3351200000000001,0.0228,0.058800000000000005,456774636701154.562500
0.33513000000000004,0.0236,0.055600000000000004,456774636701154.562500
0.3351400000000001,0.0236,0.056400000000000006,456774636701154.562500
0.33515000000000006,0.018000000000000002,0.056400000000000006,456774636701154.562500
0.33516,0.0252,0.056400000000000006,456774636701154.562500
0.3351700000000001,0.022000000000000002,0.0572,456774636701154.562500
0.33518000000000003,0.0236,0.0572,456774636701154.562500
0.3351900000000001,0.0244,0.0596,456774636701154.562500
0.33520000000000005,0.022000000000000002,0.0572,456774636701154.562500
0.3352100000000001,0.0236,0.055600000000000004,456774636701154.562500
0.3352200000000001,0.022000000000000002,0.0524,456774636701154.562500
0.33523000000000003,0.0244,0.054,456774636701154.562500
0.3352400000000001,0.022000000000000002,0.054,456774636701154.562500
0.33525000000000005,0.0228,0.0524,456774636701154.562500
0.3352600000000001,0.0164,0.0492,456774636701154.562500
0.33527000000000007,0.022000000000000002,0.0516,456774636701154.562500
0.33528,0.022000000000000002,0.0436,456774636701154.562500
0.3352900000000001,0.018000000000000002,0.0444,456774636701154.562500
0.33530000000000004,0.0188,0.042800000000000005,456774636701154.562500
0.3353100000000001,0.0196,0.0476,456774636701154.562500
0.33532000000000006,0.0172,0.0436,456774636701154.562500
0.33533,0.0204,0.055600000000000004,456774636701154.562500
0.3353400000000001,0.0188,0.053200000000000004,456774636701154.562500
0.33535000000000004,0.0212,0.055600000000000004,456774636701154.562500
0.3353600000000001,0.022000000000000002,0.0324,456774636701154.562500
0.33537000000000006,0.0212,0.0516,456774636701154.562500
0.3353800000000001,0.0196,0.0396,456774636701154.562500
0.3353900000000001,0.0212,0.058,456774636701154.562500
0.33540000000000003,0.018000000000000002,0.0444,456774636701154.562500
0.3354100000000001,0.0196,0.056400000000000006,456774636701154.562500
0.33542000000000005,0.0196,0.054,456774636701154.562500
0.3354300000000001,0.0228,0.058,456774636701154.562500
0.33544000000000007,0.0228,0.0548,456774636701154.562500
0.33545,0.0228,0.0572,456774636701154.562500
0.3354600000000001,0.0252,0.058800000000000005,456774636701154.562500
0.33547000000000005,0.0252,0.055600000000000004,456774636701154.562500
0.3354800000000001,0.0228,0.056400000000000006,456774636701154.562500
0.33549000000000007,0.0244,0.053200000000000004,456774636701154.562500
0.3355,0.0244,0.056400000000000006,456774636701154.562500
0.3355100000000001,0.0244,0.056400000000000006,456774636701154.562500
0.33552000000000004,0.0244,0.0572,456774636701154.562500
0.3355300000000001,0.0236,0.0572,456774636701154.562500
0.33554000000000006,0.0252,0.056400000000000006,456774636701154.562500
0.33555,0.0228,0.0572,456774636701154.562500
0.3355600000000001,0.0236,0.055600000000000004,456774636701154.562500
0.33557000000000003,0.0236,0.055600000000000004,456774636701154.562500
0.3355800000000001,0.0228,0.0548,456774636701154.562500
0.33559000000000005,0.0236,0.0572,456774636701154.562500
0.3356000000000001,0.0228,0.056400000000000006,456774636701154.562500
0.3356100000000001,0.0188,0.058,456774636701154.562500
0.33562000000000003,0.0228,0.056400000000000006,456774636701154.562500
0.3356300000000001,0.022000000000000002,0.0516,456774636701154.562500
0.33564000000000005,0.0228,0.0572,456774636701154.562500
0.3356500000000001,0.0212,0.055600000000000004,456774636701154.562500
0.33566000000000007,0.0228,0.0516,456774636701154.562500
0.33567,0.0236,0.0492,456774636701154.562500
0.3356800000000001,0.0236,0.056400000000000006,456774636701154.562500
0.33569000000000004,0.0212,0.0572,456774636701154.562500
0.3357000000000001,0.0236,0.056400000000000006,456774636701154.562500
0.33571000000000006,0.022000000000000002,0.050800000000000005,456774636701154.562500
0.33572,0.0212,0.0548,456774636701154.562500
0.3357300000000001,0.0236,0.056400000000000006,456774636701154.562500
0.33574000000000004,0.0244,0.056400000000000006,456774636701154.562500
0.3357500000000001,0.0244,0.054,456774636701154.562500
0.33576000000000006,0.0244,0.05,456774636701154.562500
0.33577,0.022000000000000002,0.058,456774636701154.562500
0.3357800000000001,0.0236,0.042800000000000005,456774636701154.562500
0.33579000000000003,0.0252,0.0492,456774636701154.562500
0.3358000000000001,0.0244,0.050800000000000005,456774636701154.562500
0.33581000000000005,0.0244,0.0516,456774636701154.562500
0.3358200000000001,0.0244,0.054,456774636701154.562500
0.3358300000000001,0.0236,0.055600000000000004,456774636701154.562500
0.33584,0.0236,0.0572,456774636701154.562500
0.3358500000000001,0.0236,0.055600000000000004,456774636701154.562500
0.33586000000000005,0.0228,0.058,456774636701154.562500
0.3358700000000001,0.0196,0.054,456774636701154.562500
0.33588000000000007,0.022000000000000002,0.056400000000000006,456774636701154.562500
0.33589,0.0188,0.056400000000000006,456774636701154.562500
0.3359000000000001,0.022000000000000002,0.055600000000000004,456774636701154.562500
0.33591000000000004,0.0212,0.0572,456774636701154.562500
0.3359200000000001,0.0228,0.058,456774636701154.562500
0.33593000000000006,0.0228,0.0524,456774636701154.562500
0.33594,0.015600000000000001,0.055600000000000004,456774636701154.562500
0.3359500000000001,0.0228,0.0516,456774636701154.562500
0.33596000000000004,0.0228,0.0524,456774636701154.562500
0.3359700000000001,0.0212,0.0468,456774636701154.562500
0.33598000000000006,0.022000000000000002,0.055600000000000004,456774636701154.562500
0.3359900000000001,0.0228,0.048400000000000006,456774636701154.562500
0.3360000000000001,0.022000000000000002,0.058,456774636701154.562500
0.33601000000000003,0.022000000000000002,0.0548,456774636701154.562500
0.3360200000000001,0.0228,0.056400000000000006,456774636701154.562500
0.33603000000000005,0.022000000000000002,0.058800000000000005,456774636701154.562500
0.3360400000000001,0.022000000000000002,0.0548,456774636701154.562500
0.33605000000000007,0.0236,0.058,456774636701154.562500
0.33606,0.0228,0.0572,456774636701154.562500
0.3360700000000001,0.0244,0.0572,456774636701154.562500
0.33608000000000005,0.026000000000000002,0.0572,456774636701154.562500
0.3360900000000001,0.0244,0.056400000000000006,456774636701154.562500
0.33610000000000007,0.0252,0.05,456774636701154.562500
0.33611,0.0228,0.056400000000000006,456774636701154.562500
0.3361200000000001,0.0252,0.0524,456774636701154.562500
0.33613000000000004,0.0228,0.055600000000000004,456774636701154.562500
0.3361400000000001,0.0244,0.055600000000000004,456774636701154.562500
0.33615000000000006,0.0228,0.058800000000000005,456774636701154.562500
0.33616,0.0228,0.0516,456774636701154.562500
0.3361700000000001,0.0244,0.056400000000000006,456774636701154.562500
0.33618000000000003,0.0236,0.0516,456774636701154.562500
0.3361900000000001,0.0244,0.045200000000000004,456774636701154.562500
0.33620000000000005,0.0212,0.0444,456774636701154.562500
0.3362100000000001,0.0236,0.058,456774636701154.562500
0.3362200000000001,0.0188,0.056400000000000006,456774636701154.562500
0.33623000000000003,0.0228,0.0548,456774636701154.562500
0.3362400000000001,0.0228,0.058,456774636701154.562500
0.33625000000000005,0.0228,0.058,456774636701154.562500
0.3362600000000001,0.0236,0.056400000000000006,456774636701154.562500
0.33627000000000007,0.022000000000000002,0.055600000000000004,456774636701154.562500
0.33628,0.022000000000000002,0.0524,456774636701154.562500
0.3362900000000001,0.0244,0.0572,456774636701154.562500
0.33630000000000004,0.022000000000000002,0.054,456774636701154.562500
0.3363100000000001,0.022000000000000002,0.0492,456774636701154.562500
0.33632000000000006,0.0236,0.05,456774636701154.562500
0.33633,0.0212,0.0444,456774636701154.562500
0.3363400000000001,0.0228,0.0524,456774636701154.562500
0.33635000000000004,0.0196,0.0516,456774636701154.562500
0.3363600000000001,0.0244,0.0516,456774636701154.562500
0.33637000000000006,0.0252,0.05,456774636701154.562500
0.3363800000000001,0.0236,0.0524,456774636701154.562500
0.3363900000000001,0.0252,0.05,456774636701154.562500
0.33640000000000003,0.0244,0.0468,456774636701154.562500
0.3364100000000001,0.0252,0.0476,456774636701154.562500
0.33642000000000005,0.022000000000000002,0.0492,456774636701154.562500
0.3364300000000001,0.0212,0.055600000000000004,456774636701154.562500
0.3364400000000001,0.011600000000000001,0.058,456774636701154.562500
0.33645,0.0212,0.0572,456774636701154.562500
0.3364600000000001,0.0212,0.0572,456774636701154.562500
0.33647000000000005,0.0244,0.056400000000000006,456774636701154.562500
0.3364800000000001,0.0236,0.056400000000000006,456774636701154.562500
0.33649000000000007,0.0212,0.056400000000000006,456774636701154.562500
0.3365,0.0236,0.0548,456774636701154.562500
0.3365100000000001,0.0236,0.0572,456774636701154.562500
0.33652000000000004,0.0236,0.055600000000000004,456774636701154.562500
0.3365300000000001,0.0212,0.0572,456774636701154.562500
0.33654000000000006,0.0236,0.054,456774636701154.562500
0.33655,0.0148,0.0572,456774636701154.562500
0.3365600000000001,0.022000000000000002,0.054,456774636701154.562500
0.33657000000000004,0.0204,0.048400000000000006,456774636701154.562500
0.3365800000000001,0.022000000000000002,0.054,456774636701154.562500
0.33659000000000006,0.0228,0.056400000000000006,456774636701154.562500
0.3366000000000001,0.0228,0.050800000000000005,456774636701154.562500
0.3366100000000001,0.022000000000000002,0.0572,456774636701154.562500
0.33662000000000003,0.0236,0.0516,456774636701154.562500
0.3366300000000001,0.0212,0.0516,456774636701154.562500
0.33664000000000005,0.0236,0.053200000000000004,456774636701154.562500
0.3366500000000001,0.0236,0.0516,456774636701154.562500
0.33666000000000007,0.0244,0.046,456774636701154.562500
0.33667,0.0244,0.050800000000000005,456774636701154.562500
0.3366800000000001,0.0252,0.0364,456774636701154.562500
0.33669000000000004,0.0236,0.0468,456774636701154.562500
0.3367000000000001,0.0244,0.045200000000000004,456774636701154.562500
0.33671000000000006,0.0244,0.0524,456774636701154.562500
0.33672,0.026000000000000002,0.042,456774636701154.562500
0.3367300000000001,0.0252,0.0572,456774636701154.562500
0.33674000000000004,0.0252,0.053200000000000004,456774636701154.562500
0.3367500000000001,0.0252,0.0516,456774636701154.562500
0.33676000000000006,0.0236,0.056400000000000006,456774636701154.562500
0.33677,0.0244,0.056400000000000006,456774636701154.562500
0.3367800000000001,0.0236,0.053200000000000004,456774636701154.562500
0.33679000000000003,0.022000000000000002,0.056400000000000006,456774636701154.562500
0.3368000000000001,0.0228,0.056400000000000006,456774636701154.562500
0.33681000000000005,0.0236,0.056400000000000006,456774636701154.562500
0.3368200000000001,0.0212,0.053200000000000004,456774636701154.562500
0.3368300000000001,0.0228,0.0548,456774636701154.562500
0.33684000000000003,0.0196,0.037200000000000004,456774636701154.562500
0.3368500000000001,0.022000000000000002,0.0516,456774636701154.562500
0.33686000000000005,0.022000000000000002,0.042800000000000005,456774636701154.562500
0.3368700000000001,0.0212,0.042800000000000005,456774636701154.562500
0.33688000000000007,0.0244,0.040400000000000005,456774636701154.562500
0.33689,0.0172,0.058,456774636701154.562500
0.3369000000000001,0.022000000000000002,0.0572,456774636701154.562500
0.33691000000000004,0.0244,0.055600000000000004,456774636701154.562500
0.3369200000000001,0.0236,0.054,456774636701154.562500
0.33693000000000006,0.022000000000000002,0.053200000000000004,456774636701154.562500
0.33694,0.0228,0.0476,456774636701154.562500
0.3369500000000001,0.0204,0.0548,456774636701154.562500
0.33696000000000004,0.022000000000000002,0.0572,456774636701154.562500
0.3369700000000001,0.022000000000000002,0.05,456774636701154.562500
0.33698000000000006,0.0228,0.0572,456774636701154.562500
0.3369900000000001,0.022000000000000002,0.055600000000000004,456774636701154.562500
0.3370000000000001,0.0228,0.056400000000000006,456774636701154.562500
0.33701000000000003,0.0244,0.055600000000000004,456774636701154.562500
0.3370200000000001,0.0252,0.0548,456774636701154.562500
0.33703000000000005,0.026000000000000002,0.054,456774636701154.562500
0.3370400000000001,0.0244,0.0516,456774636701154.562500
0.33705000000000007,0.0236,0.0548,456774636701154.562500
0.33706,0.0252,0.0516,456774636701154.562500
0.3370700000000001,0.0244,0.0548,456774636701154.562500
0.33708000000000005,0.0228,0.0492,456774636701154.562500
0.3370900000000001,0.0236,0.0516,456774636701154.562500
0.33710000000000007,0.0236,0.0444,456774636701154.562500
0.33711,0.022000000000000002,0.053200000000000004,456774636701154.562500
0.3371200000000001,0.0204,0.0468,456774636701154.562500
0.33713000000000004,0.0204,0.0548,456774636701154.562500
0.3371400000000001,0.0204,0.056400000000000006,456774636701154.562500
0.33715000000000006,0.0212,0.0572,456774636701154.562500
0.33716,0.0236,0.048400000000000006,456774636701154.562500
0.3371700000000001,0.0252,0.056400000000000006,456774636701154.562500
0.33718000000000004,0.022000000000000002,0.05,456774636701154.562500
0.3371900000000001,0.0204,0.056400000000000006,456774636701154.562500
0.33720000000000006,0.022000000000000002,0.058,456774636701154.562500
0.3372100000000001,0.0236,0.058,456774636701154.562500
0.3372200000000001,0.022000000000000002,0.055600000000000004,456774636701154.562500
0.33723000000000003,0.022000000000000002,0.056400000000000006,456774636701154.562500
0.3372400000000001,0.0236,0.054,456774636701154.562500
0.33725000000000005,0.0228,0.0548,456774636701154.562500
0.3372600000000001,0.0196,0.054,456774636701154.562500
0.33727000000000007,0.022000000000000002,0.0516,456774636701154.562500
0.33728,0.0228,0.0572,456774636701154.562500
0.3372900000000001,0.0204,0.055600000000000004,456774636701154.562500
0.33730000000000004,0.0228,0.055600000000000004,456774636701154.562500
0.3373100000000001,0.0244,0.053200000000000004,456774636701154.562500
0.33732000000000006,0.018000000000000002,0.058,456774636701154.562500
0.33733,0.0252,0.054,456774636701154.562500
0.3373400000000001,0.0244,0.0548,456774636701154.562500
0.33735000000000004,0.0244,0.0572,456774636701154.562500
0.3373600000000001,0.0188,0.054,456774636701154.562500
0.33737000000000006,0.0236,0.0524,456774636701154.562500
0.33738,0.018000000000000002,0.0572,456774636701154.562500
0.3373900000000001,0.022000000000000002,0.05,456774636701154.562500
0.33740000000000003,0.0204,0.053200000000000004,456774636701154.562500
0.3374100000000001,0.0212,0.054,456774636701154.562500
0.33742000000000005,0.022000000000000002,0.053200000000000004,456774636701154.562500
0.3374300000000001,0.0212,0.056400000000000006,456774636701154.562500
0.3374400000000001,0.0228,0.0572,456774636701154.562500
0.33745,0.0228,0.0548,456774636701154.562500
0.3374600000000001,0.0212,0.0572,456774636701154.562500
0.33747000000000005,0.0204,0.054,456774636701154.562500
0.3374800000000001,0.022000000000000002,0.048400000000000006,456774636701154.562500
0.33749000000000007,0.0196,0.056400000000000006,456774636701154.562500
0.3375,0.0212,0.0548,456774636701154.562500
0.3375100000000001,0.022000000000000002,0.0548,456774636701154.562500
0.33752000000000004,0.0236,0.0396,456774636701154.562500
0.3375300000000001,0.0236,0.0492,456774636701154.562500
0.33754000000000006,0.0228,0.05,456774636701154.562500
0.33755,0.0212,0.058,456774636701154.562500
0.3375600000000001,0.0212,0.053200000000000004,456774636701154.562500
0.33757000000000004,0.022000000000000002,0.056400000000000006,456774636701154.562500
0.3375800000000001,0.0228,0.054,456774636701154.562500
0.33759000000000006,0.0252,0.056400000000000006,456774636701154.562500
0.3376000000000001,0.0236,0.0524,456774636701154.562500
0.3376100000000001,0.0228,0.0548,456774636701154.562500
0.33762000000000003,0.0244,0.0476,456774636701154.562500
0.3376300000000001,0.0236,0.056400000000000006,456774636701154.562500
0.33764000000000005,0.0244,0.0476,456774636701154.562500
0.3376500000000001,0.0236,0.0572,456774636701154.562500
0.33766000000000007,0.0236,0.05,456774636701154.562500
0.33767,0.0236,0.050800000000000005,456774636701154.562500
0.3376800000000001,0.0252,0.0468,456774636701154.562500
0.33769000000000005,0.0244,0.056400000000000006,456774636701154.562500
0.3377000000000001,0.0236,0.055600000000000004,456774636701154.562500
0.33771000000000007,0.0228,0.055600000000000004,456774636701154.562500
0.33772,0.0236,0.0572,456774636701154.562500
0.3377300000000001,0.0228,0.055600000000000004,456774636701154.562500
0.33774000000000004,0.0236,0.056400000000000006,456774636701154.562500
0.3377500000000001,0.022000000000000002,0.0572,456774636701154.562500
0.33776000000000006,0.0212,0.0548,456774636701154.562500
0.33777,0.022000000000000002,0.056400000000000006,456774636701154.562500
0.3377800000000001,0.018000000000000002,0.055600000000000004,456774636701154.562500
0.33779000000000003,0.0228,0.0548,456774636701154.562500
0.3378000000000001,0.0228,0.0548,456774636701154.562500
0.33781000000000005,0.022000000000000002,0.0548,456774636701154.562500
0.3378200000000001,0.0188,0.055600000000000004,456774636701154.562500
0.3378300000000001,0.0228,0.058,456774636701154.562500
0.33784000000000003,0.0204,0.056400000000000006,456774636701154.562500
0.3378500000000001,0.0236,0.058,456774636701154.562500
0.33786000000000005,0.0228,0.053200000000000004,456774636701154.562500
0.3378700000000001,0.0228,0.058800000000000005,456774636701154.562500
0.33788000000000007,0.0236,0.0548,456774636701154.562500
0.33789,0.0236,0.054,456774636701154.562500
0.3379000000000001,0.0244,0.0548,456774636701154.562500
0.33791000000000004,0.0252,0.056400000000000006,456774636701154.562500
0.3379200000000001,0.0236,0.055600000000000004,456774636701154.562500
0.33793000000000006,0.0244,0.0548,456774636701154.562500
0.33794,0.0244,0.058,456774636701154.562500
0.3379500000000001,0.026000000000000002,0.054,456774636701154.562500
0.33796000000000004,0.0244,0.0548,456774636701154.562500
0.3379700000000001,0.0244,0.053200000000000004,456774636701154.562500
0.33798000000000006,0.0244,0.054,456774636701154.562500
0.3379900000000001,0.0236,0.0548,456774636701154.562500
0.3380000000000001,0.0212,0.0548,456774636701154.562500
0.33801000000000003,0.018000000000000002,0.056400000000000006,456774636701154.562500
0.3380200000000001,0.018000000000000002,0.055600000000000004,456774636701154.562500
0.33803000000000005,0.0188,0.055600000000000004,456774636701154.562500
0.3380400000000001,0.0148,0.054,456774636701154.562500
0.3380500000000001,0.0196,0.048400000000000006,456774636701154.562500
0.33806,0.0132,0.0572,456774636701154.562500
0.3380700000000001,0.022000000000000002,0.0548,456774636701154.562500
0.33808000000000005,0.022000000000000002,0.058,456774636701154.562500
0.3380900000000001,0.0228,0.056400000000000006,456774636701154.562500
0.33810000000000007,0.022000000000000002,0.0548,456774636701154.562500
0.33811,0.0212,0.056400000000000006,456774636701154.562500
0.3381200000000001,0.0228,0.056400000000000006,456774636701154.562500
0.33813000000000004,0.0228,0.0548,456774636701154.562500
0.3381400000000001,0.0228,0.054,456774636701154.562500
0.33815000000000006,0.022000000000000002,0.0492,456774636701154.562500
0.33816,0.0228,0.0572,456774636701154.562500
0.3381700000000001,0.0236,0.056400000000000006,456774636701154.562500
0.33818000000000004,0.0244,0.056400000000000006,456774636701154.562500
0.3381900000000001,0.0252,0.055600000000000004,456774636701154.562500
0.33820000000000006,0.0228,0.056400000000000006,456774636701154.562500
0.3382100000000001,0.0204,0.056400000000000006,456774636701154.562500
0.3382200000000001,0.0236,0.053200000000000004,456774636701154.562500
0.33823000000000003,0.0244,0.0524,456774636701154.562500
0.3382400000000001,0.0236,0.056400000000000006,456774636701154.562500
0.33825000000000005,0.0244,0.0572,456774636701154.562500
0.3382600000000001,0.0212,0.0572,456774636701154.562500
0.33827000000000007,0.0244,0.056400000000000006,456774636701154.562500
0.33828,0.0244,0.0492,456774636701154.562500
0.3382900000000001,0.0228,0.0572,456774636701154.562500
0.33830000000000005,0.022000000000000002,0.055600000000000004,456774636701154.562500
0.3383100000000001,0.0244,0.058,456774636701154.562500
0.33832000000000007,0.0228,0.058,456774636701154.562500
0.33833,0.022000000000000002,0.055600000000000004,456774636701154.562500
0.3383400000000001,0.0236,0.055600000000000004,456774636701154.562500
0.33835000000000004,0.0212,0.056400000000000006,456774636701154.562500
0.3383600000000001,0.0164,0.053200000000000004,456774636701154.562500
0.33837000000000006,0.0236,0.0548,456774636701154.562500
0.33838,0.015600000000000001,0.055600000000000004,456774636701154.562500
0.3383900000000001,0.0212,0.0516,456774636701154.562500
0.33840000000000003,0.0212,0.056400000000000006,456774636701154.562500
0.3384100000000001,0.022000000000000002,0.056400000000000006,456774636701154.562500
0.33842000000000005,0.014,0.056400000000000006,456774636701154.562500
0.3384300000000001,0.022000000000000002,0.0516,456774636701154.562500
0.3384400000000001,0.0204,0.0548,456774636701154.562500
0.33845000000000003,0.0228,0.055600000000000004,456774636701154.562500
0.3384600000000001,0.022000000000000002,0.056400000000000006,456774636701154.562500
0.33847000000000005,0.022000000000000002,0.0572,456774636701154.562500
0.3384800000000001,0.0252,0.0572,456774636701154.562500
0.33849000000000007,0.0228,0.0492,456774636701154.562500
0.3385,0.0252,0.058,456774636701154.562500
0.3385100000000001,0.0244,0.056400000000000006,456774636701154.562500
0.33852000000000004,0.026000000000000002,0.056400000000000006,456774636701154.562500
0.3385300000000001,0.0196,0.0524,456774636701154.562500
0.33854000000000006,0.0244,0.0572,456774636701154.562500
0.33855,0.0228,0.053200000000000004,456774636701154.562500
0.3385600000000001,0.0212,0.056400000000000006,456774636701154.562500
0.33857000000000004,0.0204,0.0516,456774636701154.562500
0.3385800000000001,0.0252,0.056400000000000006,456774636701154.562500
0.33859000000000006,0.0244,0.056400000000000006,456774636701154.562500
0.3386000000000001,0.022000000000000002,0.053200000000000004,456774636701154.562500
0.3386100000000001,0.0236,0.0572,456774636701154.562500
0.33862000000000003,0.0236,0.054,456774636701154.562500
0.3386300000000001,0.0236,0.056400000000000006,456774636701154.562500
0.33864000000000005,0.0236,0.056400000000000006,456774636701154.562500
0.3386500000000001,0.0228,0.0572,456774636701154.562500
0.33866000000000007,0.022000000000000002,0.054,456774636701154.562500
0.33867,0.0228,0.056400000000000006,456774636701154.562500
0.3386800000000001,0.0228,0.054,456774636701154.562500
0.33869000000000005,0.022000000000000002,0.055600000000000004,456774636701154.562500
0.3387000000000001,0.0212,0.05,456774636701154.562500
0.33871000000000007,0.022000000000000002,0.058,456774636701154.562500
0.33872,0.0228,0.050800000000000005,456774636701154.562500
0.3387300000000001,0.0204,0.0548,456774636701154.562500
0.33874000000000004,0.0212,0.0548,456774636701154.562500
0.3387500000000001,0.0196,0.0548,456774636701154.562500
0.33876000000000006,0.0228,0.054,456774636701154.562500
0.33877,0.0228,0.0524,456774636701154.562500
0.3387800000000001,0.0212,0.0548,456774636701154.562500
0.33879000000000004,0.0228,0.0492,456774636701154.562500
0.3388000000000001,0.0196,0.056400000000000006,456774636701154.562500
0.33881000000000006,0.0228,0.055600000000000004,456774636701154.562500
0.3388200000000001,0.0204,0.058,456774636701154.562500
0.3388300000000001,0.0252,0.0516,456774636701154.562500
0.33884000000000003,0.0228,0.0572,456774636701154.562500
0.3388500000000001,0.0236,0.055600000000000004,456774636701154.562500
0.33886000000000005,0.0236,0.055600000000000004,456774636701154.562500
0.3388700000000001,0.0252,0.054,456774636701154.562500
0.33888000000000007,0.0244,0.055600000000000004,456774636701154.562500
0.33889,0.0236,0.0548,456774636701154.562500
0.3389000000000001,0.0236,0.055600000000000004,456774636701154.562500
0.33891000000000004,0.022000000000000002,0.0524,456774636701154.562500
0.3389200000000001,0.0212,0.055600000000000004,456774636701154.562500
0.33893000000000006,0.0228,0.048400000000000006,456774636701154.562500
0.33894,0.0244,0.0548,456774636701154.562500
0.3389500000000001,0.022000000000000002,0.0492,456774636701154.562500
0.33896000000000004,0.022000000000000002,0.055600000000000004,456774636701154.562500
0.3389700000000001,0.0196,0.054,456774636701154.562500
0.33898000000000006,0.0212,0.048400000000000006,456774636701154.562500
0.33899,0.018000000000000002,0.0492,456774636701154.562500
0.3390000000000001,0.0212,0.0388,456774636701154.562500
0.33901000000000003,0.0188,0.0572,456774636701154.562500
0.3390200000000001,0.0212,0.0572,456774636701154.562500
0.33903000000000005,0.0212,0.058,456774636701154.562500
0.3390400000000001,0.022000000000000002,0.053200000000000004,456774636701154.562500
0.3390500000000001,0.018000000000000002,0.056400000000000006,456774636701154.562500
0.33906000000000003,0.0228,0.053200000000000004,456774636701154.562500
0.3390700000000001,0.022000000000000002,0.056400000000000006,456774636701154.562500
0.33908000000000005,0.0236,0.054,456774636701154.562500
0.3390900000000001,0.0236,0.058800000000000005,456774636701154.562500
0.33910000000000007,0.0244,0.054,456774636701154.562500
0.33911,0.022000000000000002,0.0548,456774636701154.562500
0.3391200000000001,0.0244,0.0476,456774636701154.562500
0.33913000000000004,0.0252,0.0572,456774636701154.562500
0.3391400000000001,0.0244,0.056400000000000006,456774636701154.562500
0.33915000000000006,0.0236,0.0516,456774636701154.562500
0.33916,0.0252,0.0548,456774636701154.562500
0.3391700000000001,0.0236,0.055600000000000004,456774636701154.562500
0.33918000000000004,0.022000000000000002,0.054,456774636701154.562500
0.3391900000000001,0.0228,0.055600000000000004,456774636701154.562500
0.33920000000000006,0.0228,0.058,456774636701154.562500
0.3392100000000001,0.022000000000000002,0.058,456774636701154.562500
0.3392200000000001,0.0228,0.0548,456774636701154.562500
0.33923000000000003,0.022000000000000002,0.058,456774636701154.562500
0.3392400000000001,0.0244,0.056400000000000006,456774636701154.562500
0.33925000000000005,0.0244,0.056400000000000006,456774636701154.562500
0.3392600000000001,0.0228,0.055600000000000004,456774636701154.562500
0.33927000000000007,0.0204,0.05,456774636701154.562500
0.33928,0.0244,0.054,456774636701154.562500
0.3392900000000001,0.0228,0.055600000000000004,456774636701154.562500
0.33930000000000005,0.022000000000000002,0.054,456774636701154.562500
0.3393100000000001,0.0244,0.056400000000000006,456774636701154.562500
0.33932000000000007,0.0228,0.058,456774636701154.562500
0.33933,0.018000000000000002,0.056400000000000006,456774636701154.562500
0.3393400000000001,0.0196,0.048400000000000006,456774636701154.562500
0.33935000000000004,0.022000000000000002,0.0548,456774636701154.562500
0.3393600000000001,0.0228,0.056400000000000006,456774636701154.562500
0.33937000000000006,0.0236,0.056400000000000006,456774636701154.562500
0.33938,0.022000000000000002,0.0572,456774636701154.562500
0.3393900000000001,0.018000000000000002,0.0548,456774636701154.562500
0.33940000000000003,0.0244,0.0548,456774636701154.562500
0.3394100000000001,0.0188,0.054,456774636701154.562500
0.33942000000000005,0.0244,0.055600000000000004,456774636701154.562500
0.3394300000000001,0.0244,0.0436,456774636701154.562500
0.3394400000000001,0.0244,0.054,456774636701154.562500
0.33945000000000003,0.0252,0.0436,456774636701154.562500
0.3394600000000001,0.0236,0.0572,456774636701154.562500
0.33947000000000005,0.0252,0.056400000000000006,456774636701154.562500
0.3394800000000001,0.0244,0.0572,456774636701154.562500
0.33949000000000007,0.0244,0.0572,456774636701154.562500
0.3395,0.0236,0.0572,456774636701154.562500
0.3395100000000001,0.0228,0.058,456774636701154.562500
0.33952000000000004,0.0236,0.0572,456774636701154.562500
0.3395300000000001,0.0228,0.0572,456774636701154.562500
0.33954000000000006,0.0244,0.0524,456774636701154.562500
0.33955,0.0244,0.058,456774636701154.562500
0.3395600000000001,0.0236,0.054,456774636701154.562500
0.33957000000000004,0.0204,0.058,456774636701154.562500
0.3395800000000001,0.022000000000000002,0.0548,456774636701154.562500
0.33959000000000006,0.0228,0.056400000000000006,456774636701154.562500
0.3396000000000001,0.0228,0.0548,456774636701154.562500
0.3396100000000001,0.022000000000000002,0.056400000000000006,456774636701154.562500
0.33962000000000003,0.0228,0.0516,456774636701154.562500
0.3396300000000001,0.022000000000000002,0.0572,456774636701154.562500
0.33964000000000005,0.0228,0.054,456774636701154.562500
0.3396500000000001,0.0204,0.0548,456774636701154.562500
0.3396600000000001,0.0228,0.053200000000000004,456774636701154.562500
0.33967,0.0236,0.056400000000000006,456774636701154.562500
0.3396800000000001,0.0212,0.05,456774636701154.562500
0.33969000000000005,0.0228,0.0516,456774636701154.562500
0.3397000000000001,0.0212,0.045200000000000004,456774636701154.562500
0.33971000000000007,0.0212,0.0524,456774636701154.562500
0.33972,0.026000000000000002,0.0548,456774636701154.562500
0.3397300000000001,0.0228,0.055600000000000004,456774636701154.562500
0.33974000000000004,0.0244,0.058,456774636701154.562500
0.3397500000000001,0.0244,0.0548,456774636701154.562500
0.33976000000000006,0.0236,0.055600000000000004,456774636701154.562500
0.33977,0.0236,0.0524,456774636701154.562500
0.3397800000000001,0.0236,0.058,456774636701154.562500
0.33979000000000004,0.0252,0.056400000000000006,456774636701154.562500
0.3398000000000001,0.0236,0.053200000000000004,456774636701154.562500
0.33981000000000006,0.0244,0.056400000000000006,456774636701154.562500
0.3398200000000001,0.0244,0.0524,456774636701154.562500
0.3398300000000001,0.0188,0.055600000000000004,456774636701154.562500
0.33984000000000003,0.0228,0.0572,456774636701154.562500
0.3398500000000001,0.022000000000000002,0.0516,456774636701154.562500
0.33986000000000005,0.022000000000000002,0.058,456774636701154.562500
0.3398700000000001,0.0244,0.056400000000000006,456774636701154.562500
0.33988000000000007,0.0236,0.054,456774636701154.562500
0.33989,0.022000000000000002,0.056400000000000006,456774636701154.562500
0.3399000000000001,0.022000000000000002,0.0524,456774636701154.562500
0.33991000000000005,0.0212,0.056400000000000006,456774636701154.562500
0.3399200000000001,0.022000000000000002,0.0516,456774636701154.562500
0.33993000000000007,0.0236,0.058,456774636701154.562500
0.33994,0.0212,0.0548,456774636701154.562500
0.3399500000000001,0.0212,0.054,456774636701154.562500
0.33996000000000004,0.0228,0.0516,456774636701154.562500
0.3399700000000001,0.022000000000000002,0.055600000000000004,456774636701154.562500
0.33998000000000006,0.0212,0.0492,456774636701154.562500
0.33999,0.022000000000000002,0.0524,456774636701154.562500
0.3400000000000001,0.0212,0.0476,456774636701154.562500
0.34001000000000003,0.0196,0.055600000000000004,456774636701154.562500
0.3400200000000001,0.0204,0.050800000000000005,456774636701154.562500
0.34003000000000005,0.0228,0.0548,456774636701154.562500
0.3400400000000001,0.022000000000000002,0.0524,456774636701154.562500
0.3400500000000001,0.0252,0.0548,456774636701154.562500
0.34006000000000003,0.0244,0.0572,456774636701154.562500
0.3400700000000001,0.0228,0.054,456774636701154.562500
0.34008000000000005,0.018000000000000002,0.0516,456774636701154.562500
0.3400900000000001,0.0172,0.0572,456774636701154.562500
0.34010000000000007,0.0212,0.058,456774636701154.562500
0.34011,0.0236,0.056400000000000006,456774636701154.562500
0.3401200000000001,0.0228,0.056400000000000006,456774636701154.562500
0.34013000000000004,0.0236,0.055600000000000004,456774636701154.562500
0.3401400000000001,0.022000000000000002,0.055600000000000004,456774636701154.562500
0.34015000000000006,0.0212,0.0572,456774636701154.562500
0.34016,0.022000000000000002,0.050800000000000005,456774636701154.562500
0.3401700000000001,0.0228,0.0572,456774636701154.562500
0.34018000000000004,0.0212,0.055600000000000004,456774636701154.562500
0.3401900000000001,0.0212,0.0572,456774636701154.562500
0.34020000000000006,0.022000000000000002,0.058,456774636701154.562500
0.3402100000000001,0.0228,0.0516,456774636701154.562500
0.3402200000000001,0.0188,0.054,456774636701154.562500
0.34023000000000003,0.0228,0.05,456774636701154.562500
0.3402400000000001,0.022000000000000002,0.054,456774636701154.562500
0.34025000000000005,0.0228,0.0572,456774636701154.562500
0.3402600000000001,0.022000000000000002,0.056400000000000006,456774636701154.562500
0.3402700000000001,0.0188,0.056400000000000006,456774636701154.562500
0.34028,0.0228,0.056400000000000006,456774636701154.562500
0.3402900000000001,0.0244,0.056400000000000006,456774636701154.562500
0.34030000000000005,0.022000000000000002,0.0548,456774636701154.562500
0.3403100000000001,0.0228,0.0516,456774636701154.562500
0.34032000000000007,0.0236,0.054,456774636701154.562500
0.34033,0.0244,0.045200000000000004,456774636701154.562500
0.3403400000000001,0.022000000000000002,0.0548,456774636701154.562500
0.34035000000000004,0.0252,0.0436,456774636701154.562500
0.3403600000000001,0.0244,0.0516,456774636701154.562500
0.34037000000000006,0.0228,0.0476,456774636701154.562500
0.34038,0.022000000000000002,0.050800000000000005,456774636701154.562500
0.3403900000000001,0.0228,0.0444,456774636701154.562500
0.34040000000000004,0.026000000000000002,0.0548,456774636701154.562500
0.3404100000000001,0.015600000000000001,0.0492,456774636701154.562500
0.34042000000000006,0.0228,0.055600000000000004,456774636701154.562500
0.3404300000000001,0.0188,0.058,456774636701154.562500
0.3404400000000001,0.0228,0.0572,456774636701154.562500
0.34045000000000003,0.022000000000000002,0.0524,456774636701154.562500
0.3404600000000001,0.022000000000000002,0.045200000000000004,456774636701154.562500
0.34047000000000005,0.022000000000000002,0.054,456774636701154.562500
0.3404800000000001,0.0236,0.053200000000000004,456774636701154.562500
0.34049000000000007,0.022000000000000002,0.056400000000000006,456774636701154.562500
0.3405,0.0228,0.0468,456774636701154.562500
0.3405100000000001,0.0204,0.053200000000000004,456774636701154.562500
0.34052000000000004,0.0228,0.048400000000000006,456774636701154.562500
0.3405300000000001,0.0228,0.054,456774636701154.562500
0.34054000000000006,0.022000000000000002,0.053200000000000004,456774636701154.562500
0.34055,0.022000000000000002,0.054,456774636701154.562500
0.3405600000000001,0.0228,0.054,456774636701154.562500
0.34057000000000004,0.0236,0.0572,456774636701154.562500
0.3405800000000001,0.0212,0.053200000000000004,456774636701154.562500
0.34059000000000006,0.0228,0.0492,456774636701154.562500
0.3406,0.0228,0.050800000000000005,456774636701154.562500
0.3406100000000001,0.0236,0.0476,456774636701154.562500
0.34062000000000003,0.0236,0.055600000000000004,456774636701154.562500
0.3406300000000001,0.0212,0.053200000000000004,456774636701154.562500
0.34064000000000005,0.0252,0.056400000000000006,456774636701154.562500
0.3406500000000001,0.0252,0.0572,456774636701154.562500
0.3406600000000001,0.0244,0.054,456774636701154.562500
0.34067000000000003,0.0236,0.0548,456774636701154.562500
0.3406800000000001,0.0204,0.056400000000000006,456774636701154.562500
0.34069000000000005,0.0228,0.0572,456774636701154.562500
0.3407000000000001,0.026000000000000002,0.055600000000000004,456774636701154.562500
0.34071000000000007,0.0244,0.054,456774636701154.562500
0.34072,0.0244,0.0524,456774636701154.562500
0.3407300000000001,0.0236,0.0516,456774636701154.562500
0.34074000000000004,0.0228,0.054,456774636701154.562500
0.3407500000000001,0.026000000000000002,0.0524,456774636701154.562500
0.34076000000000006,0.0228,0.0524,456774636701154.562500
0.34077,0.0228,0.056400000000000006,456774636701154.562500
0.3407800000000001,0.0212,0.055600000000000004,456774636701154.562500
0.34079000000000004,0.0236,0.055600000000000004,456774636701154.562500
0.3408000000000001,0.0228,0.056400000000000006,456774636701154.562500
0.34081000000000006,0.0244,0.056400000000000006,456774636701154.562500
0.3408200000000001,0.0228,0.0492,456774636701154.562500
0.3408300000000001,0.0228,0.055600000000000004,456774636701154.562500
0.34084000000000003,0.0212,0.05,456774636701154.562500
0.3408500000000001,0.0228,0.056400000000000006,456774636701154.562500
0.34086000000000005,0.0228,0.055600000000000004,456774636701154.562500
0.3408700000000001,0.0228,0.054,456774636701154.562500
0.34088000000000007,0.022000000000000002,0.056400000000000006,456774636701154.562500
0.34089,0.0236,0.055600000000000004,456774636701154.562500
0.3409000000000001,0.022000000000000002,0.0524,456774636701154.562500
0.34091000000000005,0.0204,0.0572,456774636701154.562500
0.3409200000000001,0.022000000000000002,0.0572,456774636701154.562500
0.34093000000000007,0.0228,0.054,456774636701154.562500
0.34094,0.022000000000000002,0.050800000000000005,456774636701154.562500
0.3409500000000001,0.0244,0.056400000000000006,456774636701154.562500
0.34096000000000004,0.0236,0.058,456774636701154.562500
0.3409700000000001,0.0244,0.055600000000000004,456774636701154.562500
0.34098000000000006,0.0244,0.0548,456774636701154.562500
0.34099,0.0244,0.056400000000000006,456774636701154.562500
0.3410000000000001,0.0244,0.0516,456774636701154.562500
0.34101000000000004,0.0236,0.0524,456774636701154.562500
0.3410200000000001,0.022000000000000002,0.0524,456774636701154.562500
0.34103000000000006,0.0244,0.0548,456774636701154.562500
0.3410400000000001,0.0236,0.055600000000000004,456774636701154.562500
0.3410500000000001,0.0228,0.056400000000000006,456774636701154.562500
0.34106000000000003,0.0228,0.055600000000000004,456774636701154.562500
0.3410700000000001,0.0196,0.056400000000000006,456774636701154.562500
0.34108000000000005,0.022000000000000002,0.0548,456774636701154.562500
0.3410900000000001,0.0228,0.056400000000000006,456774636701154.562500
0.34110000000000007,0.022000000000000002,0.055600000000000004,456774636701154.562500
0.34111,0.0236,0.054,456774636701154.562500
0.3411200000000001,0.022000000000000002,0.0548,456774636701154.562500
0.34113000000000004,0.0236,0.056400000000000006,456774636701154.562500
0.3411400000000001,0.022000000000000002,0.0548,456774636701154.562500
0.34115000000000006,0.0188,0.055600000000000004,456774636701154.562500
0.34116,0.0228,0.056400000000000006,456774636701154.562500
0.3411700000000001,0.0212,0.058,456774636701154.562500
0.34118000000000004,0.022000000000000002,0.0548,456774636701154.562500
0.3411900000000001,0.0228,0.055600000000000004,456774636701154.562500
0.34120000000000006,0.0228,0.0572,456774636701154.562500
0.3412100000000001,0.0228,0.0524,456774636701154.562500
0.3412200000000001,0.0204,0.054,456774636701154.562500
0.34123000000000003,0.0228,0.042800000000000005,456774636701154.562500
0.3412400000000001,0.0236,0.055600000000000004,456774636701154.562500
0.34125000000000005,0.0236,0.058,456774636701154.562500
0.3412600000000001,0.0236,0.055600000000000004,456774636701154.562500
0.3412700000000001,0.0236,0.0476,456774636701154.562500
0.34128000000000003,0.022000000000000002,0.0572,456774636701154.562500
0.3412900000000001,0.0228,0.054,456774636701154.562500
0.34130000000000005,0.0236,0.0572,456774636701154.562500
0.3413100000000001,0.0228,0.0548,456774636701154.562500
0.34132000000000007,0.0236,0.055600000000000004,456774636701154.562500
0.34133,0.0228,0.055600000000000004,456774636701154.562500
0.3413400000000001,0.0244,0.0468,456774636701154.562500
0.34135000000000004,0.0228,0.056400000000000006,456774636701154.562500
0.3413600000000001,0.0244,0.0548,456774636701154.562500
0.34137000000000006,0.0244,0.056400000000000006,456774636701154.562500
0.34138,0.022000000000000002,0.058,456774636701154.562500
0.3413900000000001,0.022000000000000002,0.058800000000000005,456774636701154.562500
0.34140000000000004,0.022000000000000002,0.0492,456774636701154.562500
0.3414100000000001,0.0236,0.0548,456774636701154.562500
0.34142000000000006,0.0228,0.054,456774636701154.562500
0.3414300000000001,0.0228,0.055600000000000004,456774636701154.562500
0.3414400000000001,0.0212,0.054,456774636701154.562500
0.34145000000000003,0.0188,0.0572,456774636701154.562500
0.3414600000000001,0.0212,0.058800000000000005,456774636701154.562500
0.34147000000000005,0.022000000000000002,0.0572,456774636701154.562500
0.3414800000000001,0.0228,0.0572,456774636701154.562500
0.34149000000000007,0.022000000000000002,0.056400000000000006,456774636701154.562500
0.3415,0.0228,0.056400000000000006,456774636701154.562500
0.3415100000000001,0.022000000000000002,0.055600000000000004,456774636701154.562500
0.34152000000000005,0.0244,0.054,456774636701154.562500
0.3415300000000001,0.022000000000000002,0.056400000000000006,456774636701154.562500
0.34154000000000007,0.0236,0.056400000000000006,456774636701154.562500
0.34155,0.0244,0.0516,456774636701154.562500
0.3415600000000001,0.0236,0.050800000000000005,456774636701154.562500
0.34157000000000004,0.0252,0.0524,456774636701154.562500
0.3415800000000001,0.0244,0.056400000000000006,456774636701154.562500
0.34159000000000006,0.0212,0.0548,456774636701154.562500
0.3416,0.022000000000000002,0.056400000000000006,456774636701154.562500
0.3416100000000001,0.0244,0.056400000000000006,456774636701154.562500
0.34162000000000003,0.0204,0.055600000000000004,456774636701154.562500
0.3416300000000001,0.0252,0.0516,456774636701154.562500
0.34164000000000005,0.022000000000000002,0.053200000000000004,456774636701154.562500
0.3416500000000001,0.022000000000000002,0.0524,456774636701154.562500
0.3416600000000001,0.0228,0.0572,456774636701154.562500
0.34167000000000003,0.0236,0.058,456774636701154.562500
0.3416800000000001,0.0196,0.056400000000000006,456774636701154.562500
0.34169000000000005,0.022000000000000002,0.055600000000000004,456774636701154.562500
0.3417000000000001,0.0228,0.0492,456774636701154.562500
0.34171000000000007,0.0228,0.048400000000000006,456774636701154.562500
0.34172,0.022000000000000002,0.0516,456774636701154.562500
0.3417300000000001,0.0212,0.0468,456774636701154.562500
0.34174000000000004,0.0204,0.0524,456774636701154.562500
0.3417500000000001,0.022000000000000002,0.0572,456774636701154.562500
0.34176000000000006,0.0212,0.056400000000000006,456774636701154.562500
0.34177,0.0212,0.055600000000000004,456774636701154.562500
0.3417800000000001,0.0228,0.048400000000000006,456774636701154.562500
0.34179000000000004,0.0236,0.056400000000000006,456774636701154.562500
0.3418000000000001,0.0228,0.056400000000000006,456774636701154.562500
0.34181000000000006,0.0228,0.053200000000000004,456774636701154.562500
0.3418200000000001,0.022000000000000002,0.050800000000000005,456774636701154.562500
0.3418300000000001,0.022000000000000002,0.055600000000000004,456774636701154.562500
0.34184000000000003,0.018000000000000002,0.0468,456774636701154.562500
0.3418500000000001,0.0228,0.055600000000000004,456774636701154.562500
0.34186000000000005,0.0204,0.0572,456774636701154.562500
0.3418700000000001,0.0236,0.055600000000000004,456774636701154.562500
0.3418800000000001,0.0172,0.055600000000000004,456774636701154.562500
0.34189,0.0252,0.056400000000000006,456774636701154.562500
0.3419000000000001,0.0236,0.058,456774636701154.562500
0.34191000000000005,0.0228,0.055600000000000004,456774636701154.562500
0.3419200000000001,0.0196,0.05,456774636701154.562500
0.34193000000000007,0.0252,0.0412,456774636701154.562500
0.34194,0.022000000000000002,0.038,456774636701154.562500
0.3419500000000001,0.0244,0.0572,456774636701154.562500
0.34196000000000004,0.0228,0.0572,456774636701154.562500
0.3419700000000001,0.0236,0.0572,456774636701154.562500
0.34198000000000006,0.0236,0.058800000000000005,456774636701154.562500
0.34199,0.022000000000000002,0.055600000000000004,456774636701154.562500
0.3420000000000001,0.022000000000000002,0.054,456774636701154.562500
0.34201000000000004,0.0212,0.046,456774636701154.562500
0.3420200000000001,0.022000000000000002,0.0548,456774636701154.562500
0.34203000000000006,0.022000000000000002,0.0492,456774636701154.562500
0.3420400000000001,0.0228,0.054,456774636701154.562500
0.3420500000000001,0.0236,0.054,456774636701154.562500
0.34206000000000003,0.0236,0.056400000000000006,456774636701154.562500
0.3420700000000001,0.022000000000000002,0.0572,456774636701154.562500
0.34208000000000005,0.0228,0.0572,456774636701154.562500
0.3420900000000001,0.022000000000000002,0.056400000000000006,456774636701154.562500
0.34210000000000007,0.0228,0.0572,456774636701154.562500
0.34211,0.0236,0.055600000000000004,456774636701154.562500
0.3421200000000001,0.022000000000000002,0.054,456774636701154.562500
0.34213000000000005,0.0228,0.055600000000000004,456774636701154.562500
0.3421400000000001,0.0252,0.0572,456774636701154.562500
0.34215000000000007,0.0244,0.0572,456774636701154.562500
0.34216,0.0244,0.053200000000000004,456774636701154.562500
0.3421700000000001,0.026000000000000002,0.058,456774636701154.562500
0.34218000000000004,0.0252,0.054,456774636701154.562500
0.3421900000000001,0.0252,0.056400000000000006,456774636701154.562500
0.34220000000000006,0.0236,0.055600000000000004,456774636701154.562500
0.34221,0.0244,0.0548,456774636701154.562500
0.3422200000000001,0.022000000000000002,0.056400000000000006,456774636701154.562500
0.34223000000000003,0.0244,0.0548,456774636701154.562500
0.3422400000000001,0.0236,0.055600000000000004,456774636701154.562500
0.34225000000000005,0.022000000000000002,0.0548,456774636701154.562500
0.3422600000000001,0.0244,0.053200000000000004,456774636701154.562500
0.3422700000000001,0.0244,0.0572,456774636701154.562500
0.34228000000000003,0.0228,0.053200000000000004,456774636701154.562500
0.3422900000000001,0.0236,0.056400000000000006,456774636701154.562500
0.34230000000000005,0.022000000000000002,0.053200000000000004,456774636701154.562500
0.3423100000000001,0.0212,0.0572,456774636701154.562500
0.34232000000000007,0.0228,0.056400000000000006,456774636701154.562500
0.34233,0.0196,0.056400000000000006,456774636701154.562500
0.3423400000000001,0.0196,0.056400000000000006,456774636701154.562500
0.34235000000000004,0.0212,0.056400000000000006,456774636701154.562500
0.3423600000000001,0.0212,0.055600000000000004,456774636701154.562500
0.34237000000000006,0.022000000000000002,0.056400000000000006,456774636701154.562500
0.34238,0.022000000000000002,0.0572,456774636701154.562500
0.3423900000000001,0.0244,0.055600000000000004,456774636701154.562500
0.34240000000000004,0.0204,0.058,456774636701154.562500
0.3424100000000001,0.0212,0.055600000000000004,456774636701154.562500
0.34242000000000006,0.0236,0.055600000000000004,456774636701154.562500
0.3424300000000001,0.0228,0.0572,456774636701154.562500
0.3424400000000001,0.0228,0.055600000000000004,456774636701154.562500
0.34245000000000003,0.0204,0.055600000000000004,456774636701154.562500
0.3424600000000001,0.022000000000000002,0.054,456774636701154.562500
0.34247000000000005,0.0228,0.055600000000000004,456774636701154.562500
0.3424800000000001,0.0236,0.058,456774636701154.562500
0.34249000000000007,0.0188,0.053200000000000004,456774636701154.562500
0.3425,0.022000000000000002,0.050800000000000005,456774636701154.562500
0.3425100000000001,0.0212,0.058,456774636701154.562500
0.34252000000000005,0.0252,0.0548,456774636701154.562500
0.3425300000000001,0.0236,0.055600000000000004,456774636701154.562500
0.34254000000000007,0.0236,0.053200000000000004,456774636701154.562500
0.34255,0.0252,0.0572,456774636701154.562500
0.3425600000000001,0.022000000000000002,0.056400000000000006,456774636701154.562500
0.34257000000000004,0.0188,0.053200000000000004,456774636701154.562500
0.3425800000000001,0.0196,0.0548,456774636701154.562500
0.34259000000000006,0.0212,0.054,456774636701154.562500
0.3426,0.0188,0.053200000000000004,456774636701154.562500
0.3426100000000001,0.0212,0.0524,456774636701154.562500
0.34262000000000004,0.0172,0.055600000000000004,456774636701154.562500
0.3426300000000001,0.0212,0.056400000000000006,456774636701154.562500
0.34264000000000006,0.0228,0.058,456774636701154.562500
0.3426500000000001,0.0228,0.053200000000000004,456774636701154.562500
0.3426600000000001,0.0236,0.058,456774636701154.562500
0.34267000000000003,0.0228,0.0572,456774636701154.562500
0.3426800000000001,0.0228,0.0548,456774636701154.562500
0.34269000000000005,0.0228,0.054,456774636701154.562500
0.3427000000000001,0.022000000000000002,0.0492,456774636701154.562500
0.34271000000000007,0.022000000000000002,0.0516,456774636701154.562500
0.34272,0.0228,0.050800000000000005,456774636701154.562500
0.3427300000000001,0.022000000000000002,0.054,456774636701154.562500
0.34274000000000004,0.0204,0.0524,456774636701154.562500
0.3427500000000001,0.0212,0.056400000000000006,456774636701154.562500
0.34276000000000006,0.0172,0.058,456774636701154.562500
0.34277,0.0228,0.055600000000000004,456774636701154.562500
0.3427800000000001,0.0204,0.056400000000000006,456774636701154.562500
0.34279000000000004,0.0204,0.0572,456774636701154.562500
0.3428000000000001,0.0196,0.055600000000000004,456774636701154.562500
0.34281000000000006,0.0236,0.056400000000000006,456774636701154.562500
0.34282,0.0244,0.055600000000000004,456774636701154.562500
0.3428300000000001,0.0252,0.050800000000000005,456774636701154.562500
0.34284000000000003,0.0204,0.056400000000000006,456774636701154.562500
0.3428500000000001,0.0244,0.055600000000000004,456774636701154.562500
0.34286000000000005,0.0236,0.0548,456774636701154.562500
0.3428700000000001,0.0228,0.056400000000000006,456774636701154.562500
0.3428800000000001,0.0228,0.0572,456774636701154.562500
0.34289000000000003,0.0236,0.0548,456774636701154.562500
0.3429000000000001,0.0228,0.055600000000000004,456774636701154.562500
0.34291000000000005,0.022000000000000002,0.053200000000000004,456774636701154.562500
0.3429200000000001,0.022000000000000002,0.058800000000000005,456774636701154.562500
0.34293000000000007,0.0212,0.0572,456774636701154.562500
0.34294,0.0228,0.056400000000000006,456774636701154.562500
0.3429500000000001,0.0236,0.055600000000000004,456774636701154.562500
0.34296000000000004,0.0212,0.0572,456774636701154.562500
0.3429700000000001,0.0228,0.058,456774636701154.562500
0.34298000000000006,0.0228,0.055600000000000004,456774636701154.562500
0.34299,0.022000000000000002,0.0572,456774636701154.562500
0.3430000000000001,0.0212,0.055600000000000004,456774636701154.562500
0.34301000000000004,0.022000000000000002,0.056400000000000006,456774636701154.562500
0.3430200000000001,0.0212,0.055600000000000004,456774636701154.562500
0.34303000000000006,0.022000000000000002,0.058800000000000005,456774636701154.562500
0.3430400000000001,0.0188,0.056400000000000006,456774636701154.562500
0.3430500000000001,0.0228,0.056400000000000006,456774636701154.562500
0.34306000000000003,0.0212,0.056400000000000006,456774636701154.562500
0.3430700000000001,0.0228,0.055600000000000004,456774636701154.562500
0.34308000000000005,0.0212,0.056400000000000006,456774636701154.562500
0.3430900000000001,0.0244,0.0548,456774636701154.562500
0.34310000000000007,0.0236,0.056400000000000006,456774636701154.562500
0.34311,0.0236,0.056400000000000006,456774636701154.562500
0.3431200000000001,0.0252,0.056400000000000006,456774636701154.562500
0.34313000000000005,0.0252,0.0548,456774636701154.562500
0.3431400000000001,0.026000000000000002,0.0572,456774636701154.562500
0.34315000000000007,0.0252,0.0572,456774636701154.562500
0.34316,0.0244,0.048400000000000006,456774636701154.562500
0.3431700000000001,0.0244,0.055600000000000004,456774636701154.562500
0.34318000000000004,0.0252,0.042800000000000005,456774636701154.562500
0.3431900000000001,0.0228,0.048400000000000006,456774636701154.562500
0.34320000000000006,0.022000000000000002,0.0436,456774636701154.562500
0.34321,0.022000000000000002,0.054,456774636701154.562500
0.3432200000000001,0.0244,0.0516,456774636701154.562500
0.34323000000000004,0.0212,0.0572,456774636701154.562500
0.3432400000000001,0.0204,0.056400000000000006,456774636701154.562500
0.34325000000000006,0.0228,0.056400000000000006,456774636701154.562500
0.3432600000000001,0.0228,0.0572,456774636701154.562500
0.3432700000000001,0.0204,0.055600000000000004,456774636701154.562500
0.34328000000000003,0.022000000000000002,0.054,456774636701154.562500
0.3432900000000001,0.0212,0.050800000000000005,456774636701154.562500
0.34330000000000005,0.0236,0.054,456774636701154.562500
0.3433100000000001,0.022000000000000002,0.0548,456774636701154.562500
0.34332000000000007,0.0212,0.0516,456774636701154.562500
0.34333,0.022000000000000002,0.0516,456774636701154.562500
0.3433400000000001,0.0212,0.056400000000000006,456774636701154.562500
0.34335000000000004,0.0228,0.054,456774636701154.562500
0.3433600000000001,0.0212,0.050800000000000005,456774636701154.562500
0.34337000000000006,0.0252,0.050800000000000005,456774636701154.562500
0.34338,0.0244,0.053200000000000004,456774636701154.562500
0.3433900000000001,0.0228,0.0516,456774636701154.562500
0.34340000000000004,0.0252,0.0524,456774636701154.562500
0.3434100000000001,0.0252,0.045200000000000004,456774636701154.562500
0.34342000000000006,0.0212,0.054,456774636701154.562500
0.3434300000000001,0.0228,0.054,456774636701154.562500
0.3434400000000001,0.0228,0.0572,456774636701154.562500
0.34345000000000003,0.022000000000000002,0.0524,456774636701154.562500
0.3434600000000001,0.0196,0.055600000000000004,456774636701154.562500
0.34347000000000005,0.022000000000000002,0.056400000000000006,456774636701154.562500
0.3434800000000001,0.0252,0.0524,456774636701154.562500
0.3434900000000001,0.022000000000000002,0.055600000000000004,456774636701154.562500
0.3435,0.0244,0.045200000000000004,456774636701154.562500
0.3435100000000001,0.0212,0.056400000000000006,456774636701154.562500
0.34352000000000005,0.0228,0.050800000000000005,456774636701154.562500
0.3435300000000001,0.0228,0.05,456774636701154.562500
0.34354000000000007,0.0244,0.0468,456774636701154.562500
0.34355,0.022000000000000002,0.055600000000000004,456774636701154.562500
0.3435600000000001,0.0204,0.0548,456774636701154.562500
0.34357000000000004,0.0228,0.0572,456774636701154.562500
0.3435800000000001,0.0196,0.0572,456774636701154.562500
0.34359000000000006,0.022000000000000002,0.0516,456774636701154.562500
0.3436,0.0196,0.056400000000000006,456774636701154.562500
0.3436100000000001,0.022000000000000002,0.0524,456774636701154.562500
0.34362000000000004,0.0212,0.0524,456774636701154.562500
0.3436300000000001,0.0228,0.0492,456774636701154.562500
0.34364000000000006,0.0228,0.0516,456774636701154.562500
0.3436500000000001,0.0228,0.046,456774636701154.562500
0.3436600000000001,0.0236,0.0516,456774636701154.562500
0.34367000000000003,0.0196,0.0492,456774636701154.562500
0.3436800000000001,0.0236,0.055600000000000004,456774636701154.562500
0.34369000000000005,0.0228,0.053200000000000004,456774636701154.562500
0.3437000000000001,0.0236,0.055600000000000004,456774636701154.562500
0.34371000000000007,0.0244,0.0524,456774636701154.562500
0.34372,0.0236,0.056400000000000006,456774636701154.562500
0.3437300000000001,0.0252,0.055600000000000004,456774636701154.562500
0.34374000000000005,0.0244,0.0572,456774636701154.562500
0.3437500000000001,0.0228,0.0572,456774636701154.562500
0.34376000000000007,0.0228,0.055600000000000004,456774636701154.562500
0.34377,0.0196,0.0476,456774636701154.562500
0.3437800000000001,0.0236,0.053200000000000004,456774636701154.562500
0.34379000000000004,0.022000000000000002,0.0516,456774636701154.562500
0.3438000000000001,0.0196,0.058,456774636701154.562500
0.34381000000000006,0.0236,0.0516,456774636701154.562500
0.34382,0.018000000000000002,0.058,456774636701154.562500
0.3438300000000001,0.022000000000000002,0.055600000000000004,456774636701154.562500
0.34384000000000003,0.018000000000000002,0.055600000000000004,456774636701154.562500
0.3438500000000001,0.0228,0.054,456774636701154.562500
0.34386000000000005,0.0188,0.0548,456774636701154.562500
0.3438700000000001,0.0196,0.058,456774636701154.562500
0.3438800000000001,0.0188,0.0468,456774636701154.562500
0.34389000000000003,0.0212,0.055600000000000004,456774636701154.562500
0.3439000000000001,0.0196,0.054,456774636701154.562500
0.34391000000000005,0.0228,0.0548,456774636701154.562500
0.3439200000000001,0.0172,0.056400000000000006,456774636701154.562500
0.34393000000000007,0.0196,0.0548,456774636701154.562500
0.34394,0.0196,0.055600000000000004,456774636701154.562500
0.3439500000000001,0.022000000000000002,0.048400000000000006,456774636701154.562500
0.34396000000000004,0.018000000000000002,0.053200000000000004,456774636701154.562500
0.3439700000000001,0.0236,0.056400000000000006,456774636701154.562500
0.34398000000000006,0.0244,0.056400000000000006,456774636701154.562500
0.34399,0.0236,0.0572,456774636701154.562500
0.3440000000000001,0.0252,0.054,456774636701154.562500
0.34401000000000004,0.0244,0.056400000000000006,456774636701154.562500
0.3440200000000001,0.0252,0.053200000000000004,456774636701154.562500
0.34403000000000006,0.0244,0.058,456774636701154.562500
0.3440400000000001,0.0236,0.056400000000000006,456774636701154.562500
0.3440500000000001,0.0228,0.056400000000000006,456774636701154.562500
0.34406000000000003,0.0236,0.0492,456774636701154.562500
0.3440700000000001,0.0236,0.055600000000000004,456774636701154.562500
0.34408000000000005,0.0244,0.055600000000000004,456774636701154.562500
0.3440900000000001,0.0228,0.056400000000000006,456774636701154.562500
0.3441000000000001,0.0228,0.053200000000000004,456774636701154.562500
0.34411,0.0236,0.0572,456774636701154.562500
0.3441200000000001,0.0228,0.056400000000000006,456774636701154.562500
0.34413000000000005,0.0228,0.05,456774636701154.562500
0.3441400000000001,0.022000000000000002,0.0548,456774636701154.562500
0.34415000000000007,0.022000000000000002,0.0572,456774636701154.562500
0.34416,0.022000000000000002,0.0548,456774636701154.562500
0.3441700000000001,0.0212,0.055600000000000004,456774636701154.562500
0.34418000000000004,0.0204,0.053200000000000004,456774636701154.562500
0.3441900000000001,0.0236,0.0572,456774636701154.562500
0.34420000000000006,0.0196,0.056400000000000006,456774636701154.562500
0.34421,0.022000000000000002,0.055600000000000004,456774636701154.562500
0.3442200000000001,0.0212,0.0548,456774636701154.562500
0.34423000000000004,0.0228,0.056400000000000006,456774636701154.562500
0.3442400000000001,0.022000000000000002,0.0492,456774636701154.562500
0.34425000000000006,0.0228,0.0548,456774636701154.562500
0.3442600000000001,0.0228,0.050800000000000005,456774636701154.562500
0.3442700000000001,0.0228,0.056400000000000006,456774636701154.562500
0.34428000000000003,0.022000000000000002,0.046,456774636701154.562500
0.3442900000000001,0.022000000000000002,0.0524,456774636701154.562500
0.34430000000000005,0.022000000000000002,0.050800000000000005,456774636701154.562500
0.3443100000000001,0.0236,0.0548,456774636701154.562500
0.34432000000000007,0.0244,0.0548,456774636701154.562500
0.34433,0.022000000000000002,0.054,456774636701154.562500
0.3443400000000001,0.0252,0.0548,456774636701154.562500
0.34435000000000004,0.0236,0.0548,456774636701154.562500
0.3443600000000001,0.0252,0.0524,456774636701154.562500
0.34437000000000006,0.022000000000000002,0.0572,456774636701154.562500
0.34438,0.0228,0.055600000000000004,456774636701154.562500
0.3443900000000001,0.0228,0.0492,456774636701154.562500
0.34440000000000004,0.0244,0.0436,456774636701154.562500
0.3444100000000001,0.0236,0.05,456774636701154.562500
0.34442000000000006,0.0236,0.0524,456774636701154.562500
0.34443,0.022000000000000002,0.050800000000000005,456774636701154.562500
0.3444400000000001,0.022000000000000002,0.056400000000000006,456774636701154.562500
0.34445000000000003,0.0212,0.0548,456774636701154.562500
0.3444600000000001,0.022000000000000002,0.055600000000000004,456774636701154.562500
0.34447000000000005,0.022000000000000002,0.0572,456774636701154.562500
0.3444800000000001,0.0212,0.0572,456774636701154.562500
0.3444900000000001,0.0212,0.056400000000000006,456774636701154.562500
0.34450000000000003,0.0228,0.0572,456774636701154.562500
0.3445100000000001,0.0236,0.0572,456774636701154.562500
0.34452000000000005,0.0228,0.058800000000000005,456774636701154.562500
0.3445300000000001,0.022000000000000002,0.0572,456774636701154.562500
0.34454000000000007,0.0212,0.0572,456774636701154.562500
0.34455,0.0204,0.054,456774636701154.562500
0.3445600000000001,0.0244,0.0572,456774636701154.562500
0.34457000000000004,0.0236,0.056400000000000006,456774636701154.562500
0.3445800000000001,0.0228,0.0548,456774636701154.562500
0.34459000000000006,0.0252,0.058,456774636701154.562500
0.3446,0.0204,0.058,456774636701154.562500
0.3446100000000001,0.0236,0.0572,456774636701154.562500
0.34462000000000004,0.0236,0.058,456774636701154.562500
0.3446300000000001,0.022000000000000002,0.058,456774636701154.562500
0.34464000000000006,0.0212,0.056400000000000006,456774636701154.562500
0.3446500000000001,0.0196,0.055600000000000004,456774636701154.562500
0.3446600000000001,0.0164,0.0548,456774636701154.562500
0.34467000000000003,0.0188,0.058,456774636701154.562500
0.3446800000000001,0.022000000000000002,0.056400000000000006,456774636701154.562500
0.34469000000000005,0.022000000000000002,0.0572,456774636701154.562500
0.3447000000000001,0.0228,0.0548,456774636701154.562500
0.34471000000000007,0.0236,0.0572,456774636701154.562500
0.34472,0.0244,0.056400000000000006,456774636701154.562500
0.3447300000000001,0.0228,0.055600000000000004,456774636701154.562500
0.34474000000000005,0.0244,0.056400000000000006,456774636701154.562500
0.3447500000000001,0.0204,0.053200000000000004,456774636701154.562500
0.34476000000000007,0.0228,0.058,456774636701154.562500
0.34477,0.0228,0.056400000000000006,456774636701154.562500
0.3447800000000001,0.022000000000000002,0.0572,456774636701154.562500
0.34479000000000004,0.022000000000000002,0.054,456774636701154.562500
0.3448000000000001,0.0228,0.0572,456774636701154.562500
0.34481000000000006,0.0212,0.0524,456774636701154.562500
0.34482,0.0228,0.056400000000000006,456774636701154.562500
0.3448300000000001,0.0236,0.054,456774636701154.562500
0.34484000000000004,0.0236,0.055600000000000004,456774636701154.562500
0.3448500000000001,0.0236,0.0572,456774636701154.562500
0.34486000000000006,0.0228,0.0548,456774636701154.562500
0.3448700000000001,0.0212,0.056400000000000006,456774636701154.562500
0.3448800000000001,0.0244,0.055600000000000004,456774636701154.562500
0.34489000000000003,0.0244,0.0548,456774636701154.562500
0.3449000000000001,0.0236,0.0572,456774636701154.562500
0.34491000000000005,0.0244,0.056400000000000006,456774636701154.562500
0.3449200000000001,0.0236,0.058,456774636701154.562500
0.34493000000000007,0.0228,0.058,456774636701154.562500
0.34494,0.0252,0.054,456774636701154.562500
0.3449500000000001,0.0244,0.056400000000000006,456774636701154.562500
0.34496000000000004,0.0236,0.055600000000000004,456774636701154.562500
0.3449700000000001,0.0228,0.056400000000000006,456774636701154.562500
0.34498000000000006,0.0244,0.056400000000000006,456774636701154.562500
0.34499,0.0252,0.055600000000000004,456774636701154.562500
0.3450000000000001,0.0236,0.055600000000000004,456774636701154.562500
0.34501000000000004,0.0236,0.058,456774636701154.562500
0.3450200000000001,0.022000000000000002,0.054,456774636701154.562500
0.34503000000000006,0.0212,0.055600000000000004,456774636701154.562500
0.3450400000000001,0.0212,0.0516,456774636701154.562500
0.3450500000000001,0.0228,0.0572,456774636701154.562500
0.34506000000000003,0.0228,0.058,456774636701154.562500
0.3450700000000001,0.022000000000000002,0.048400000000000006,456774636701154.562500
0.34508000000000005,0.0228,0.055600000000000004,456774636701154.562500
0.3450900000000001,0.022000000000000002,0.053200000000000004,456774636701154.562500
0.3451000000000001,0.0228,0.054,456774636701154.562500
0.34511000000000003,0.0228,0.0548,456774636701154.562500
0.3451200000000001,0.022000000000000002,0.0524,456774636701154.562500
0.34513000000000005,0.022000000000000002,0.054,456774636701154.562500
0.3451400000000001,0.022000000000000002,0.0492,456774636701154.562500
0.34515000000000007,0.0212,0.0572,456774636701154.562500
0.34516,0.022000000000000002,0.055600000000000004,456774636701154.562500
0.3451700000000001,0.0228,0.0572,456774636701154.562500
0.34518000000000004,0.0188,0.054,456774636701154.562500
0.3451900000000001,0.0236,0.0572,456774636701154.562500
0.34520000000000006,0.022000000000000002,0.0548,456774636701154.562500
0.34521,0.022000000000000002,0.058,456774636701154.562500
0.3452200000000001,0.0196,0.056400000000000006,456774636701154.562500
0.34523000000000004,0.0228,0.055600000000000004,456774636701154.562500
0.3452400000000001,0.0236,0.053200000000000004,456774636701154.562500
0.34525000000000006,0.0244,0.0492,456774636701154.562500
0.3452600000000001,0.0236,0.05,456774636701154.562500
0.3452700000000001,0.026000000000000002,0.056400000000000006,456774636701154.562500
0.34528000000000003,0.026000000000000002,0.0548,456774636701154.562500
0.3452900000000001,0.0236,0.056400000000000006,456774636701154.562500
0.34530000000000005,0.0228,0.056400000000000006,456774636701154.562500
0.3453100000000001,0.0244,0.0572,456774636701154.562500
0.34532000000000007,0.0236,0.0572,456774636701154.562500
0.34533,0.0244,0.055600000000000004,456774636701154.562500
0.3453400000000001,0.0244,0.054,456774636701154.562500
0.34535000000000005,0.0228,0.054,456774636701154.562500
0.3453600000000001,0.022000000000000002,0.0572,456774636701154.562500
0.34537000000000007,0.0228,0.0572,456774636701154.562500
0.34538,0.0228,0.0524,456774636701154.562500
0.3453900000000001,0.022000000000000002,0.056400000000000006,456774636701154.562500
0.34540000000000004,0.0228,0.0548,456774636701154.562500
0.3454100000000001,0.0212,0.055600000000000004,456774636701154.562500
0.34542000000000006,0.022000000000000002,0.056400000000000006,456774636701154.562500
0.34543,0.022000000000000002,0.056400000000000006,456774636701154.562500
0.3454400000000001,0.0196,0.0468,456774636701154.562500
0.34545000000000003,0.0228,0.0476,456774636701154.562500
0.3454600000000001,0.022000000000000002,0.0436,456774636701154.562500
0.34547000000000005,0.0228,0.0476,456774636701154.562500
0.3454800000000001,0.0204,0.0476,456774636701154.562500
0.3454900000000001,0.0236,0.0572,456774636701154.562500
0.34550000000000003,0.0204,0.0548,456774636701154.562500
0.3455100000000001,0.0244,0.0572,456774636701154.562500
0.34552000000000005,0.0244,0.056400000000000006,456774636701154.562500
0.3455300000000001,0.022000000000000002,0.056400000000000006,456774636701154.562500
0.34554000000000007,0.0252,0.056400000000000006,456774636701154.562500
0.34555,0.0236,0.0572,456774636701154.562500
0.3455600000000001,0.0228,0.0548,456774636701154.562500
0.34557000000000004,0.0236,0.053200000000000004,456774636701154.562500
0.3455800000000001,0.0244,0.053200000000000004,456774636701154.562500
0.34559000000000006,0.0244,0.048400000000000006,456774636701154.562500
0.3456,0.0196,0.0548,456774636701154.562500
0.3456100000000001,0.0236,0.058,456774636701154.562500
0.34562000000000004,0.0196,0.055600000000000004,456774636701154.562500
0.3456300000000001,0.0252,0.056400000000000006,456774636701154.562500
0.34564000000000006,0.0212,0.0548,456774636701154.562500
0.3456500000000001,0.0236,0.056400000000000006,456774636701154.562500
0.3456600000000001,0.0236,0.0476,456774636701154.562500
0.34567000000000003,0.0228,0.0548,456774636701154.562500
0.3456800000000001,0.0236,0.055600000000000004,456774636701154.562500
0.34569000000000005,0.0212,0.0548,456774636701154.562500
0.3457000000000001,0.0236,0.055600000000000004,456774636701154.562500
0.3457100000000001,0.0212,0.0572,456774636701154.562500
0.34572,0.0228,0.0516,456774636701154.562500
0.3457300000000001,0.0212,0.050800000000000005,456774636701154.562500
0.34574000000000005,0.0212,0.045200000000000004,456774636701154.562500
0.3457500000000001,0.0212,0.0548,456774636701154.562500
0.34576000000000007,0.022000000000000002,0.0468,456774636701154.562500
0.34577,0.0204,0.0572,456774636701154.562500
0.3457800000000001,0.022000000000000002,0.055600000000000004,456774636701154.562500
0.34579000000000004,0.022000000000000002,0.0524,456774636701154.562500
0.3458000000000001,0.0236,0.053200000000000004,456774636701154.562500
0.34581000000000006,0.0236,0.045200000000000004,456774636701154.562500
0.34582,0.0244,0.0468,456774636701154.562500
0.3458300000000001,0.0244,0.048400000000000006,456774636701154.562500
0.34584000000000004,0.0252,0.046,456774636701154.562500
0.3458500000000001,0.0236,0.0492,456774636701154.562500
0.34586000000000006,0.0228,0.05,456774636701154.562500
0.3458700000000001,0.0228,0.0412,456774636701154.562500
0.3458800000000001,0.026000000000000002,0.054,456774636701154.562500
0.34589000000000003,0.022000000000000002,0.048400000000000006,456774636701154.562500
0.3459000000000001,0.0228,0.056400000000000006,456774636701154.562500
0.34591000000000005,0.0212,0.0548,456774636701154.562500
0.3459200000000001,0.0236,0.055600000000000004,456774636701154.562500
0.34593000000000007,0.0228,0.0476,456774636701154.562500
0.34594,0.0236,0.056400000000000006,456774636701154.562500
0.3459500000000001,0.022000000000000002,0.055600000000000004,456774636701154.562500
0.34596000000000005,0.0236,0.056400000000000006,456774636701154.562500
0.3459700000000001,0.0212,0.056400000000000006,456774636701154.562500
0.34598000000000007,0.022000000000000002,0.056400000000000006,456774636701154.562500
0.34599,0.0204,0.054,456774636701154.562500
0.3460000000000001,0.0172,0.0572,456774636701154.562500
0.34601000000000004,0.0188,0.056400000000000006,456774636701154.562500
0.3460200000000001,0.0196,0.0572,456774636701154.562500
0.34603000000000006,0.0212,0.0548,456774636701154.562500
0.34604,0.0204,0.0524,456774636701154.562500
0.3460500000000001,0.0196,0.0548,456774636701154.562500
0.34606000000000003,0.0228,0.0548,456774636701154.562500
0.3460700000000001,0.0236,0.055600000000000004,456774636701154.562500
0.34608000000000005,0.0228,0.056400000000000006,456774636701154.562500
0.3460900000000001,0.0228,0.056400000000000006,456774636701154.562500
0.3461000000000001,0.0244,0.054,456774636701154.562500
0.34611000000000003,0.0236,0.056400000000000006,456774636701154.562500
0.3461200000000001,0.0212,0.0548,456774636701154.562500
0.34613000000000005,0.0236,0.055600000000000004,456774636701154.562500
0.3461400000000001,0.0236,0.056400000000000006,456774636701154.562500
0.34615000000000007,0.0228,0.054,456774636701154.562500
0.34616,0.0244,0.055600000000000004,456774636701154.562500
0.3461700000000001,0.0196,0.056400000000000006,456774636701154.562500
0.34618000000000004,0.0236,0.056400000000000006,456774636701154.562500
0.3461900000000001,0.0236,0.054,456774636701154.562500
0.34620000000000006,0.0252,0.055600000000000004,456774636701154.562500
0.34621,0.0236,0.056400000000000006,456774636701154.562500
0.3462200000000001,0.0244,0.055600000000000004,456774636701154.562500
0.34623000000000004,0.0244,0.0572,456774636701154.562500
0.3462400000000001,0.0252,0.0572,456774636701154.562500
0.34625000000000006,0.0228,0.055600000000000004,456774636701154.562500
0.3462600000000001,0.0228,0.054,456774636701154.562500
0.3462700000000001,0.022000000000000002,0.053200000000000004,456774636701154.562500
0.34628000000000003,0.0204,0.056400000000000006,456774636701154.562500
0.3462900000000001,0.0204,0.056400000000000006,456774636701154.562500
0.34630000000000005,0.0212,0.056400000000000006,456774636701154.562500
0.3463100000000001,0.0212,0.048400000000000006,456774636701154.562500
0.34632000000000007,0.0244,0.056400000000000006,456774636701154.562500
0.34633,0.0228,0.0548,456774636701154.562500
0.3463400000000001,0.0228,0.054,456774636701154.562500
0.34635000000000005,0.0212,0.058,456774636701154.562500
0.3463600000000001,0.0228,0.054,456774636701154.562500
0.34637000000000007,0.0188,0.056400000000000006,456774636701154.562500
0.34638,0.022000000000000002,0.0516,456774636701154.562500
0.3463900000000001,0.0212,0.056400000000000006,456774636701154.562500
0.34640000000000004,0.0236,0.0572,456774636701154.562500
0.3464100000000001,0.0236,0.0572,456774636701154.562500
0.34642000000000006,0.0236,0.0572,456774636701154.562500
0.34643,0.0228,0.054,456774636701154.562500
0.3464400000000001,0.0236,0.055600000000000004,456774636701154.562500
0.34645000000000004,0.0236,0.056400000000000006,456774636701154.562500
0.3464600000000001,0.0244,0.055600000000000004,456774636701154.562500
0.34647000000000006,0.026000000000000002,0.0548,456774636701154.562500
0.3464800000000001,0.0252,0.054,456774636701154.562500
0.3464900000000001,0.0252,0.045200000000000004,456774636701154.562500
0.34650000000000003,0.0236,0.0492,456774636701154.562500
0.3465100000000001,0.0236,0.048400000000000006,456774636701154.562500
0.34652000000000005,0.0244,0.054,456774636701154.562500
0.3465300000000001,0.0228,0.046,456774636701154.562500
0.34654000000000007,0.0228,0.054,456774636701154.562500
0.34655,0.0252,0.0436,456774636701154.562500
0.3465600000000001,0.022000000000000002,0.048400000000000006,456774636701154.562500
0.34657000000000004,0.0228,0.037200000000000004,456774636701154.562500
0.3465800000000001,0.0228,0.042800000000000005,456774636701154.562500
0.34659000000000006,0.0236,0.0492,456774636701154.562500
0.3466,0.022000000000000002,0.055600000000000004,456774636701154.562500
0.3466100000000001,0.022000000000000002,0.0548,456774636701154.562500
0.34662000000000004,0.0236,0.056400000000000006,456774636701154.562500
0.3466300000000001,0.022000000000000002,0.0548,456774636701154.562500
0.34664000000000006,0.0212,0.0516,456774636701154.562500
0.3466500000000001,0.0236,0.0548,456774636701154.562500
0.3466600000000001,0.0196,0.0444,456774636701154.562500
0.34667000000000003,0.022000000000000002,0.055600000000000004,456774636701154.562500
0.3466800000000001,0.022000000000000002,0.054,456774636701154.562500
0.34669000000000005,0.0244,0.0548,456774636701154.562500
0.3467000000000001,0.0236,0.0524,456774636701154.562500
0.3467100000000001,0.0204,0.056400000000000006,456774636701154.562500
0.34672000000000003,0.022000000000000002,0.0524,456774636701154.562500
0.3467300000000001,0.0228,0.056400000000000006,456774636701154.562500
0.34674000000000005,0.0244,0.053200000000000004,456774636701154.562500
0.3467500000000001,0.0228,0.055600000000000004,456774636701154.562500
0.34676000000000007,0.022000000000000002,0.050800000000000005,456774636701154.562500
0.34677,0.0236,0.056400000000000006,456774636701154.562500
0.3467800000000001,0.0244,0.050800000000000005,456774636701154.562500
0.34679000000000004,0.0188,0.055600000000000004,456774636701154.562500
0.3468000000000001,0.022000000000000002,0.0572,456774636701154.562500
0.34681000000000006,0.0196,0.0572,456774636701154.562500
0.34682,0.0236,0.0524,456774636701154.562500
0.3468300000000001,0.0188,0.055600000000000004,456774636701154.562500
0.34684000000000004,0.0236,0.0516,456774636701154.562500
0.3468500000000001,0.022000000000000002,0.054,456774636701154.562500
0.34686000000000006,0.022000000000000002,0.050800000000000005,456774636701154.562500
0.3468700000000001,0.0228,0.0524,456774636701154.562500
0.3468800000000001,0.0196,0.05,456774636701154.562500
0.34689000000000003,0.0236,0.055600000000000004,456774636701154.562500
0.3469000000000001,0.0228,0.056400000000000006,456774636701154.562500
0.34691000000000005,0.0212,0.0572,456774636701154.562500
0.3469200000000001,0.014,0.053200000000000004,456774636701154.562500
0.34693000000000007,0.018000000000000002,0.048400000000000006,456774636701154.562500
0.34694,0.0148,0.037200000000000004,456774636701154.562500
0.3469500000000001,0.0212,0.045200000000000004,456774636701154.562500
0.34696000000000005,0.0228,0.042,456774636701154.562500
0.3469700000000001,0.0228,0.042800000000000005,456774636701154.562500
0.34698000000000007,0.0204,0.0468,456774636701154.562500
0.34699,0.0236,0.0516,456774636701154.562500
0.3470000000000001,0.022000000000000002,0.038,456774636701154.562500
0.34701000000000004,0.022000000000000002,0.054,456774636701154.562500
0.3470200000000001,0.0228,0.0572,456774636701154.562500
0.34703000000000006,0.022000000000000002,0.0548,456774636701154.562500
0.34704,0.0244,0.055600000000000004,456774636701154.562500
0.3470500000000001,0.0228,0.055600000000000004,456774636701154.562500
0.34706000000000004,0.0236,0.0516,456774636701154.562500
0.3470700000000001,0.0244,0.0524,456774636701154.562500
0.34708000000000006,0.026000000000000002,0.053200000000000004,456774636701154.562500
0.3470900000000001,0.022000000000000002,0.0548,456774636701154.562500
0.3471000000000001,0.0252,0.050800000000000005,456774636701154.562500
0.34711000000000003,0.0236,0.058,456774636701154.562500
0.3471200000000001,0.0236,0.056400000000000006,456774636701154.562500
0.34713000000000005,0.0228,0.058,456774636701154.562500
0.3471400000000001,0.0228,0.053200000000000004,456774636701154.562500
0.34715000000000007,0.022000000000000002,0.0396,456774636701154.562500
0.34716,0.0196,0.055600000000000004,456774636701154.562500
0.3471700000000001,0.0244,0.0524,456774636701154.562500
0.34718000000000004,0.0204,0.056400000000000006,456774636701154.562500
0.3471900000000001,0.0236,0.053200000000000004,456774636701154.562500
0.34720000000000006,0.0204,0.0572,456774636701154.562500
0.34721,0.0228,0.0492,456774636701154.562500
0.3472200000000001,0.0228,0.0572,456774636701154.562500
0.34723000000000004,0.0236,0.0524,456774636701154.562500
0.3472400000000001,0.0228,0.056400000000000006,456774636701154.562500
0.34725000000000006,0.0212,0.0516,456774636701154.562500
0.3472600000000001,0.0228,0.056400000000000006,456774636701154.562500
0.3472700000000001,0.022000000000000002,0.050800000000000005,456774636701154.562500
0.34728000000000003,0.0212,0.0572,456774636701154.562500
0.3472900000000001,0.0228,0.056400000000000006,456774636701154.562500
0.34730000000000005,0.0228,0.05,456774636701154.562500
0.3473100000000001,0.0228,0.056400000000000006,456774636701154.562500
0.3473200000000001,0.0172,0.048400000000000006,456774636701154.562500
0.34733,0.0236,0.054,456774636701154.562500
0.3473400000000001,0.0236,0.0516,456774636701154.562500
0.34735000000000005,0.0236,0.056400000000000006,456774636701154.562500
0.3473600000000001,0.022000000000000002,0.056400000000000006,456774636701154.562500
0.34737000000000007,0.0252,0.0524,456774636701154.562500
0.34738,0.0236,0.0548,456774636701154.562500
0.3473900000000001,0.022000000000000002,0.0492,456774636701154.562500
0.34740000000000004,0.0252,0.056400000000000006,456774636701154.562500
0.3474100000000001,0.0236,0.0572,456774636701154.562500
0.34742000000000006,0.0196,0.0548,456774636701154.562500
0.34743,0.0228,0.053200000000000004,456774636701154.562500
0.3474400000000001,0.018000000000000002,0.0548,456774636701154.562500
0.34745000000000004,0.0228,0.05,456774636701154.562500
0.3474600000000001,0.0236,0.055600000000000004,456774636701154.562500
0.34747000000000006,0.0236,0.050800000000000005,456774636701154.562500
0.3474800000000001,0.0236,0.0548,456774636701154.562500
0.3474900000000001,0.0228,0.042,456774636701154.562500
0.34750000000000003,0.0228,0.0572,456774636701154.562500
0.3475100000000001,0.022000000000000002,0.0572,456774636701154.562500
0.34752000000000005,0.0236,0.055600000000000004,456774636701154.562500
0.3475300000000001,0.0212,0.058,456774636701154.562500
0.34754000000000007,0.0236,0.0572,456774636701154.562500
0.34755,0.0196,0.056400000000000006,456774636701154.562500
0.3475600000000001,0.0228,0.0548,456774636701154.562500
0.34757000000000005,0.022000000000000002,0.056400000000000006,456774636701154.562500
0.3475800000000001,0.0212,0.055600000000000004,456774636701154.562500
0.34759000000000007,0.0188,0.048400000000000006,456774636701154.562500
0.3476,0.0212,0.054,456774636701154.562500
0.3476100000000001,0.0228,0.0572,456774636701154.562500
0.34762000000000004,0.022000000000000002,0.058,456774636701154.562500
0.3476300000000001,0.0244,0.056400000000000006,456774636701154.562500
0.34764000000000006,0.0228,0.0572,456774636701154.562500
0.34765,0.0252,0.056400000000000006,456774636701154.562500
0.3476600000000001,0.0252,0.056400000000000006,456774636701154.562500
0.34767000000000003,0.0236,0.0548,456774636701154.562500
0.3476800000000001,0.0228,0.05,456774636701154.562500
0.34769000000000005,0.0236,0.0524,456774636701154.562500
0.3477000000000001,0.0244,0.054,456774636701154.562500
0.3477100000000001,0.0244,0.058800000000000005,456774636701154.562500
0.34772000000000003,0.0252,0.0516,456774636701154.562500
0.3477300000000001,0.0244,0.0572,456774636701154.562500
0.34774000000000005,0.026000000000000002,0.056400000000000006,456774636701154.562500
0.3477500000000001,0.022000000000000002,0.0548,456774636701154.562500
0.34776000000000007,0.0228,0.055600000000000004,456774636701154.562500
0.34777,0.0228,0.0572,456774636701154.562500
0.3477800000000001,0.0196,0.0572,456774636701154.562500
0.34779000000000004,0.0236,0.0548,456774636701154.562500
0.3478000000000001,0.0212,0.0572,456774636701154.562500
0.34781000000000006,0.0196,0.056400000000000006,456774636701154.562500
0.34782,0.0212,0.056400000000000006,456774636701154.562500
0.3478300000000001,0.0196,0.0524,456774636701154.562500
0.34784000000000004,0.0204,0.0572,456774636701154.562500
0.3478500000000001,0.0204,0.053200000000000004,456774636701154.562500
0.34786000000000006,0.0228,0.0572,456774636701154.562500
0.3478700000000001,0.022000000000000002,0.055600000000000004,456774636701154.562500
0.3478800000000001,0.0228,0.048400000000000006,456774636701154.562500
0.34789000000000003,0.0204,0.056400000000000006,456774636701154.562500
0.3479000000000001,0.0236,0.0548,456774636701154.562500
0.34791000000000005,0.022000000000000002,0.0572,456774636701154.562500
0.3479200000000001,0.0212,0.056400000000000006,456774636701154.562500
0.3479300000000001,0.0236,0.0516,456774636701154.562500
0.34794,0.0236,0.0516,456774636701154.562500
0.3479500000000001,0.0252,0.050800000000000005,456774636701154.562500
0.34796000000000005,0.0244,0.0476,456774636701154.562500
0.3479700000000001,0.0236,0.040400000000000005,456774636701154.562500
0.34798000000000007,0.0244,0.0468,456774636701154.562500
0.34799,0.022000000000000002,0.040400000000000005,456774636701154.562500
0.3480000000000001,0.0244,0.054,456774636701154.562500
0.34801000000000004,0.0228,0.0548,456774636701154.562500
0.3480200000000001,0.0236,0.0572,456774636701154.562500
0.34803000000000006,0.0228,0.058,456774636701154.562500
0.34804,0.0244,0.055600000000000004,456774636701154.562500
0.3480500000000001,0.0228,0.0548,456774636701154.562500
0.34806000000000004,0.022000000000000002,0.054,456774636701154.562500
0.3480700000000001,0.0212,0.056400000000000006,456774636701154.562500
0.34808000000000006,0.0188,0.055600000000000004,456774636701154.562500
0.3480900000000001,0.022000000000000002,0.0492,456774636701154.562500
0.3481000000000001,0.022000000000000002,0.05,456774636701154.562500
0.34811000000000003,0.0196,0.05,456774636701154.562500
0.3481200000000001,0.0212,0.0516,456774636701154.562500
0.34813000000000005,0.0212,0.055600000000000004,456774636701154.562500
0.3481400000000001,0.0228,0.056400000000000006,456774636701154.562500
0.34815000000000007,0.0196,0.0516,456774636701154.562500
0.34816,0.0228,0.0548,456774636701154.562500
0.3481700000000001,0.0212,0.053200000000000004,456774636701154.562500
0.34818000000000005,0.0228,0.0572,456774636701154.562500
0.3481900000000001,0.0212,0.048400000000000006,456774636701154.562500
0.34820000000000007,0.0204,0.056400000000000006,456774636701154.562500
0.34821,0.022000000000000002,0.0516,456774636701154.562500
0.3482200000000001,0.0244,0.055600000000000004,456774636701154.562500
0.34823000000000004,0.022000000000000002,0.0468,456774636701154.562500
0.3482400000000001,0.0244,0.054,456774636701154.562500
0.34825000000000006,0.0196,0.056400000000000006,456774636701154.562500
0.34826,0.0252,0.050800000000000005,456774636701154.562500
0.3482700000000001,0.0236,0.056400000000000006,456774636701154.562500
0.34828000000000003,0.0236,0.0516,456774636701154.562500
0.3482900000000001,0.0244,0.0548,456774636701154.562500
0.34830000000000005,0.0244,0.0572,456774636701154.562500
0.3483100000000001,0.0212,0.056400000000000006,456774636701154.562500
0.3483200000000001,0.026000000000000002,0.056400000000000006,456774636701154.562500
0.34833000000000003,0.022000000000000002,0.054,456774636701154.562500
0.3483400000000001,0.0228,0.0572,456774636701154.562500
0.34835000000000005,0.0204,0.055600000000000004,456774636701154.562500
0.3483600000000001,0.022000000000000002,0.055600000000000004,456774636701154.562500
0.34837000000000007,0.0148,0.0572,456774636701154.562500
0.34838,0.022000000000000002,0.054,456774636701154.562500
0.3483900000000001,0.0228,0.053200000000000004,456774636701154.562500
0.34840000000000004,0.0236,0.055600000000000004,456774636701154.562500
0.3484100000000001,0.014,0.055600000000000004,456774636701154.562500
0.34842000000000006,0.0172,0.054,456774636701154.562500
0.34843,0.0172,0.053200000000000004,456774636701154.562500
0.3484400000000001,0.0212,0.0516,456774636701154.562500
0.34845000000000004,0.0204,0.053200000000000004,456774636701154.562500
0.3484600000000001,0.022000000000000002,0.0572,456774636701154.562500
0.34847000000000006,0.022000000000000002,0.055600000000000004,456774636701154.562500
0.3484800000000001,0.022000000000000002,0.056400000000000006,456774636701154.562500
0.3484900000000001,0.022000000000000002,0.054,456774636701154.562500
0.34850000000000003,0.022000000000000002,0.058,456774636701154.562500
0.3485100000000001,0.0236,0.056400000000000006,456774636701154.562500
0.34852000000000005,0.0228,0.0572,456774636701154.562500
0.3485300000000001,0.0228,0.055600000000000004,456774636701154.562500
0.34854000000000007,0.0228,0.056400000000000006,456774636701154.562500
0.34855,0.0236,0.055600000000000004,456774636701154.562500
0.3485600000000001,0.0228,0.058800000000000005,456774636701154.562500
0.34857000000000005,0.0228,0.058,456774636701154.562500
0.3485800000000001,0.0244,0.055600000000000004,456774636701154.562500
0.34859000000000007,0.0244,0.0572,456774636701154.562500
0.3486,0.0244,0.056400000000000006,456774636701154.562500
0.3486100000000001,0.0236,0.0572,456774636701154.562500
0.34862000000000004,0.0252,0.055600000000000004,456774636701154.562500
0.3486300000000001,0.0244,0.056400000000000006,456774636701154.562500
0.34864000000000006,0.0252,0.0548,456774636701154.562500
0.34865,0.0228,0.056400000000000006,456774636701154.562500
0.3486600000000001,0.0236,0.058,456774636701154.562500
0.34867000000000004,0.0252,0.055600000000000004,456774636701154.562500
0.3486800000000001,0.0236,0.054,456774636701154.562500
0.34869000000000006,0.0236,0.0516,456774636701154.562500
0.3487000000000001,0.0236,0.056400000000000006,456774636701154.562500
0.3487100000000001,0.0212,0.0548,456774636701154.562500
0.34872000000000003,0.0228,0.053200000000000004,456774636701154.562500
0.3487300000000001,0.0212,0.0548,456774636701154.562500
0.34874000000000005,0.022000000000000002,0.050800000000000005,456774636701154.562500
0.3487500000000001,0.022000000000000002,0.056400000000000006,456774636701154.562500
0.34876000000000007,0.0236,0.0516,456774636701154.562500
0.34877,0.0228,0.0572,456774636701154.562500
0.3487800000000001,0.022000000000000002,0.048400000000000006,456774636701154.562500
0.34879000000000004,0.0204,0.0548,456774636701154.562500
0.3488000000000001,0.022000000000000002,0.055600000000000004,456774636701154.562500
0.34881000000000006,0.0212,0.054,456774636701154.562500
0.34882,0.0212,0.053200000000000004,456774636701154.562500
0.3488300000000001,0.0212,0.048400000000000006,456774636701154.562500
0.34884000000000004,0.0188,0.056400000000000006,456774636701154.562500
0.3488500000000001,0.0196,0.056400000000000006,456774636701154.562500
0.34886000000000006,0.0228,0.058,456774636701154.562500
0.3488700000000001,0.0196,0.055600000000000004,456774636701154.562500
0.3488800000000001,0.0252,0.055600000000000004,456774636701154.562500
0.34889000000000003,0.0252,0.055600000000000004,456774636701154.562500
0.3489000000000001,0.0252,0.055600000000000004,456774636701154.562500
0.34891000000000005,0.0236,0.0572,456774636701154.562500
0.3489200000000001,0.0228,0.056400000000000006,456774636701154.562500
0.3489300000000001,0.0228,0.0548,456774636701154.562500
0.34894000000000003,0.0228,0.05,456774636701154.562500
0.3489500000000001,0.0244,0.054,456774636701154.562500
0.34896000000000005,0.0212,0.0516,456774636701154.562500
0.3489700000000001,0.0236,0.056400000000000006,456774636701154.562500
0.34898000000000007,0.0188,0.0476,456774636701154.562500
0.34899,0.0236,0.053200000000000004,456774636701154.562500
0.3490000000000001,0.0212,0.0388,456774636701154.562500
0.34901000000000004,0.0212,0.053200000000000004,456774636701154.562500
0.3490200000000001,0.0228,0.054,456774636701154.562500
0.34903000000000006,0.022000000000000002,0.0548,456774636701154.562500
0.34904,0.022000000000000002,0.0516,456774636701154.562500
0.3490500000000001,0.0204,0.056400000000000006,456774636701154.562500
0.34906000000000004,0.022000000000000002,0.0524,456774636701154.562500
0.3490700000000001,0.0212,0.056400000000000006,456774636701154.562500
0.34908000000000006,0.022000000000000002,0.055600000000000004,456774636701154.562500
0.3490900000000001,0.0164,0.055600000000000004,456774636701154.562500
0.3491000000000001,0.022000000000000002,0.055600000000000004,456774636701154.562500
0.34911000000000003,0.0196,0.056400000000000006,456774636701154.562500
0.3491200000000001,0.022000000000000002,0.056400000000000006,456774636701154.562500
0.34913000000000005,0.0236,0.058,456774636701154.562500
0.3491400000000001,0.0228,0.0548,456774636701154.562500
0.34915000000000007,0.022000000000000002,0.0548,456774636701154.562500
0.34916,0.022000000000000002,0.058,456774636701154.562500
0.3491700000000001,0.022000000000000002,0.0572,456774636701154.562500
0.34918000000000005,0.0188,0.058,456774636701154.562500
0.3491900000000001,0.0244,0.054,456774636701154.562500
0.34920000000000007,0.0196,0.0524,456774636701154.562500
0.34921,0.0228,0.056400000000000006,456774636701154.562500
0.3492200000000001,0.0236,0.0476,456774636701154.562500
0.34923000000000004,0.0228,0.056400000000000006,456774636701154.562500
0.3492400000000001,0.0236,0.05,456774636701154.562500
0.34925000000000006,0.0252,0.055600000000000004,456774636701154.562500
0.34926,0.022000000000000002,0.0516,456774636701154.562500
0.3492700000000001,0.0236,0.056400000000000006,456774636701154.562500
0.34928000000000003,0.022000000000000002,0.056400000000000006,456774636701154.562500
0.3492900000000001,0.0236,0.055600000000000004,456774636701154.562500
0.34930000000000005,0.022000000000000002,0.0492,456774636701154.562500
0.3493100000000001,0.022000000000000002,0.0524,456774636701154.562500
0.3493200000000001,0.0204,0.0548,456774636701154.562500
0.34933000000000003,0.0228,0.056400000000000006,456774636701154.562500
0.3493400000000001,0.022000000000000002,0.0548,456774636701154.562500
0.34935000000000005,0.0228,0.056400000000000006,456774636701154.562500
0.3493600000000001,0.022000000000000002,0.056400000000000006,456774636701154.562500
0.34937000000000007,0.022000000000000002,0.055600000000000004,456774636701154.562500
0.34938,0.0228,0.055600000000000004,456774636701154.562500
0.3493900000000001,0.0212,0.053200000000000004,456774636701154.562500
0.34940000000000004,0.0204,0.056400000000000006,456774636701154.562500
0.3494100000000001,0.022000000000000002,0.05,456774636701154.562500
0.34942000000000006,0.0196,0.058,456774636701154.562500
0.34943,0.0236,0.0468,456774636701154.562500
0.3494400000000001,0.0236,0.0572,456774636701154.562500
0.34945000000000004,0.0236,0.048400000000000006,456774636701154.562500
0.3494600000000001,0.022000000000000002,0.0572,456774636701154.562500
0.34947000000000006,0.0228,0.053200000000000004,456774636701154.562500
0.3494800000000001,0.0236,0.053200000000000004,456774636701154.562500
0.3494900000000001,0.0236,0.05,456774636701154.562500
0.34950000000000003,0.0244,0.056400000000000006,456774636701154.562500
0.3495100000000001,0.0252,0.053200000000000004,456774636701154.562500
0.34952000000000005,0.0244,0.056400000000000006,456774636701154.562500
0.3495300000000001,0.026000000000000002,0.056400000000000006,456774636701154.562500
0.3495400000000001,0.022000000000000002,0.0524,456774636701154.562500
0.34955,0.0236,0.056400000000000006,456774636701154.562500
0.3495600000000001,0.0252,0.054,456774636701154.562500
0.34957000000000005,0.0228,0.0548,456774636701154.562500
0.3495800000000001,0.0244,0.0524,456774636701154.562500
0.34959000000000007,0.0212,0.055600000000000004,456774636701154.562500
0.3496,0.022000000000000002,0.055600000000000004,456774636701154.562500
0.3496100000000001,0.022000000000000002,0.0548,456774636701154.562500
0.34962000000000004,0.0228,0.0548,456774636701154.562500
0.3496300000000001,0.0212,0.058,456774636701154.562500
0.34964000000000006,0.0228,0.0516,456774636701154.562500
0.34965,0.0228,0.050800000000000005,456774636701154.562500
0.3496600000000001,0.0236,0.055600000000000004,456774636701154.562500
0.34967000000000004,0.0196,0.055600000000000004,456774636701154.562500
0.3496800000000001,0.0204,0.055600000000000004,456774636701154.562500
0.34969000000000006,0.0212,0.055600000000000004,456774636701154.562500
0.3497000000000001,0.022000000000000002,0.0516,456774636701154.562500
0.3497100000000001,0.018000000000000002,0.058,456774636701154.562500
0.34972000000000003,0.0228,0.050800000000000005,456774636701154.562500
0.3497300000000001,0.0196,0.054,456774636701154.562500
0.34974000000000005,0.022000000000000002,0.0572,456774636701154.562500
0.3497500000000001,0.0196,0.055600000000000004,456774636701154.562500
0.34976000000000007,0.0196,0.054,456774636701154.562500
0.34977,0.0204,0.055600000000000004,456774636701154.562500
0.3497800000000001,0.0228,0.048400000000000006,456774636701154.562500
0.34979000000000005,0.0236,0.053200000000000004,456774636701154.562500
0.3498000000000001,0.0228,0.056400000000000006,456774636701154.562500
0.34981000000000007,0.0252,0.05,456774636701154.562500
0.34982,0.022000000000000002,0.055600000000000004,456774636701154.562500
0.3498300000000001,0.0236,0.0524,456774636701154.562500
0.34984000000000004,0.0244,0.0572,456774636701154.562500
0.3498500000000001,0.0244,0.050800000000000005,456774636701154.562500
0.34986000000000006,0.0244,0.055600000000000004,456774636701154.562500
0.34987,0.0196,0.055600000000000004,456774636701154.562500
0.3498800000000001,0.022000000000000002,0.055600000000000004,456774636701154.562500
0.34989000000000003,0.022000000000000002,0.056400000000000006,456774636701154.562500
0.3499000000000001,0.0228,0.056400000000000006,456774636701154.562500
0.34991000000000005,0.022000000000000002,0.056400000000000006,456774636701154.562500
0.3499200000000001,0.0196,0.056400000000000006,456774636701154.562500
0.3499300000000001,0.022000000000000002,0.056400000000000006,456774636701154.562500
0.34994000000000003,0.0212,0.056400000000000006,456774636701154.562500
0.3499500000000001,0.0228,0.0548,456774636701154.562500
0.34996000000000005,0.0204,0.056400000000000006,456774636701154.562500
0.3499700000000001,0.0212,0.0548,456774636701154.562500
0.34998000000000007,0.0196,0.058,456774636701154.562500
0.34999,0.0212,0.058800000000000005,456774636701154.562500
0.3500000000000001,0.0204,0.0492,456774636701154.562500
0.35001000000000004,0.0228,0.055600000000000004,456774636701154.562500
0.3500200000000001,0.022000000000000002,0.056400000000000006,456774636701154.562500
0.35003000000000006,0.0236,0.056400000000000006,456774636701154.562500
0.35004,0.0228,0.054,456774636701154.562500
0.3500500000000001,0.022000000000000002,0.058,456774636701154.562500
0.35006000000000004,0.0228,0.0572,456774636701154.562500
0.3500700000000001,0.0236,0.0572,456774636701154.562500
0.35008000000000006,0.0228,0.055600000000000004,456774636701154.562500
0.3500900000000001,0.0204,0.0572,456774636701154.562500
0.3501000000000001,0.0228,0.055600000000000004,456774636701154.562500
0.35011000000000003,0.022000000000000002,0.058,456774636701154.562500
0.3501200000000001,0.0244,0.056400000000000006,456774636701154.562500
0.35013000000000005,0.0252,0.0572,456774636701154.562500
0.3501400000000001,0.022000000000000002,0.0572,456774636701154.562500
0.3501500000000001,0.0236,0.056400000000000006,456774636701154.562500
0.35016,0.0236,0.055600000000000004,456774636701154.562500
0.3501700000000001,0.0244,0.050800000000000005,456774636701154.562500
0.35018000000000005,0.0212,0.0572,456774636701154.562500
0.3501900000000001,0.0212,0.053200000000000004,456774636701154.562500
0.35020000000000007,0.018000000000000002,0.056400000000000006,456774636701154.562500
0.35021,0.0236,0.058,456774636701154.562500
0.3502200000000001,0.0204,0.055600000000000004,456774636701154.562500
0.35023000000000004,0.022000000000000002,0.056400000000000006,456774636701154.562500
0.3502400000000001,0.022000000000000002,0.05,456774636701154.562500
0.35025000000000006,0.0212,0.056400000000000006,456774636701154.562500
0.35026,0.022000000000000002,0.0516,456774636701154.562500
0.3502700000000001,0.0212,0.0548,456774636701154.562500
0.35028000000000004,0.0204,0.056400000000000006,456774636701154.562500
0.3502900000000001,0.022000000000000002,0.056400000000000006,456774636701154.562500
0.35030000000000006,0.0188,0.0524,456774636701154.562500
0.3503100000000001,0.022000000000000002,0.0548,456774636701154.562500
0.3503200000000001,0.0204,0.05,456774636701154.562500
0.35033000000000003,0.0212,0.056400000000000006,456774636701154.562500
0.3503400000000001,0.0196,0.0468,456774636701154.562500
0.35035000000000005,0.0236,0.054,456774636701154.562500
0.3503600000000001,0.0204,0.045200000000000004,456774636701154.562500
0.35037000000000007,0.0236,0.053200000000000004,456774636701154.562500
0.35038,0.0212,0.0524,456774636701154.562500
0.3503900000000001,0.0236,0.0596,456774636701154.562500
0.35040000000000004,0.0244,0.0516,456774636701154.562500
0.3504100000000001,0.0244,0.055600000000000004,456774636701154.562500
0.35042000000000006,0.0252,0.055600000000000004,456774636701154.562500
0.35043,0.0212,0.056400000000000006,456774636701154.562500
0.3504400000000001,0.0212,0.055600000000000004,456774636701154.562500
0.35045000000000004,0.0196,0.058,456774636701154.562500
0.3504600000000001,0.0244,0.054,456774636701154.562500
0.35047000000000006,0.022000000000000002,0.0572,456774636701154.562500
0.3504800000000001,0.0244,0.0572,456774636701154.562500
0.3504900000000001,0.0252,0.0524,456774636701154.562500
0.35050000000000003,0.0244,0.056400000000000006,456774636701154.562500
0.3505100000000001,0.022000000000000002,0.056400000000000006,456774636701154.562500
0.35052000000000005,0.0236,0.0516,456774636701154.562500
0.3505300000000001,0.022000000000000002,0.056400000000000006,456774636701154.562500
0.3505400000000001,0.0236,0.054,456774636701154.562500
0.35055000000000003,0.0212,0.0524,456774636701154.562500
0.3505600000000001,0.022000000000000002,0.054,456774636701154.562500
0.35057000000000005,0.0196,0.056400000000000006,456774636701154.562500
0.3505800000000001,0.0228,0.0572,456774636701154.562500
0.35059000000000007,0.0228,0.056400000000000006,456774636701154.562500
0.3506,0.0188,0.0524,456774636701154.562500
0.3506100000000001,0.0228,0.0572,456774636701154.562500
0.35062000000000004,0.0212,0.0524,456774636701154.562500
0.3506300000000001,0.0228,0.054,456774636701154.562500
0.35064000000000006,0.022000000000000002,0.055600000000000004,456774636701154.562500
0.35065,0.0228,0.058,456774636701154.562500
0.3506600000000001,0.0188,0.053200000000000004,456774636701154.562500
0.35067000000000004,0.0244,0.056400000000000006,456774636701154.562500
0.3506800000000001,0.0212,0.045200000000000004,456774636701154.562500
0.35069000000000006,0.0228,0.0572,456774636701154.562500
0.3507000000000001,0.022000000000000002,0.055600000000000004,456774636701154.562500
0.3507100000000001,0.022000000000000002,0.048400000000000006,456774636701154.562500
0.35072000000000003,0.0252,0.0572,456774636701154.562500
0.3507300000000001,0.0236,0.0572,456774636701154.562500
0.35074000000000005,0.0244,0.056400000000000006,456774636701154.562500
0.3507500000000001,0.0244,0.048400000000000006,456774636701154.562500
0.35076000000000007,0.0252,0.058,456774636701154.562500
0.35077,0.0228,0.0548,456774636701154.562500
0.3507800000000001,0.0236,0.058,456774636701154.562500
0.35079000000000005,0.0204,0.055600000000000004,456774636701154.562500
0.3508000000000001,0.0244,0.0572,456774636701154.562500
0.35081000000000007,0.0228,0.055600000000000004,456774636701154.562500
0.35082,0.0196,0.056400000000000006,456774636701154.562500
0.3508300000000001,0.0196,0.055600000000000004,456774636701154.562500
0.35084000000000004,0.0204,0.058,456774636701154.562500
0.3508500000000001,0.0196,0.0572,456774636701154.562500
0.35086000000000006,0.022000000000000002,0.0572,456774636701154.562500
0.35087,0.022000000000000002,0.05,456774636701154.562500
0.3508800000000001,0.0228,0.058,456774636701154.562500
0.35089000000000004,0.0196,0.054,456774636701154.562500
0.3509000000000001,0.022000000000000002,0.056400000000000006,456774636701154.562500
0.35091000000000006,0.0212,0.053200000000000004,456774636701154.562500
0.3509200000000001,0.022000000000000002,0.0572,456774636701154.562500
0.3509300000000001,0.022000000000000002,0.053200000000000004,456774636701154.562500
0.35094000000000003,0.0228,0.055600000000000004,456774636701154.562500
0.3509500000000001,0.0188,0.0516,456774636701154.562500
0.35096000000000005,0.022000000000000002,0.056400000000000006,456774636701154.562500
0.3509700000000001,0.0204,0.0524,456774636701154.562500
0.35098000000000007,0.0236,0.055600000000000004,456774636701154.562500
0.35099,0.0188,0.0492,456774636701154.562500
0.3510000000000001,0.0244,0.054,456774636701154.562500
0.35101000000000004,0.0212,0.056400000000000006,456774636701154.562500
0.3510200000000001,0.0236,0.0516,456774636701154.562500
0.35103000000000006,0.018000000000000002,0.05,456774636701154.562500
0.35104,0.0244,0.037200000000000004,456774636701154.562500
0.3510500000000001,0.022000000000000002,0.048400000000000006,456774636701154.562500
0.35106000000000004,0.0236,0.0356,456774636701154.562500
0.3510700000000001,0.0212,0.058,456774636701154.562500
0.35108000000000006,0.0236,0.055600000000000004,456774636701154.562500
0.3510900000000001,0.0228,0.056400000000000006,456774636701154.562500
0.3511000000000001,0.0236,0.0572,456774636701154.562500
0.35111000000000003,0.0212,0.053200000000000004,456774636701154.562500
0.3511200000000001,0.0244,0.055600000000000004,456774636701154.562500
0.35113000000000005,0.0228,0.048400000000000006,456774636701154.562500
0.3511400000000001,0.0204,0.0572,456774636701154.562500
0.3511500000000001,0.022000000000000002,0.053200000000000004,456774636701154.562500
0.35116,0.0148,0.058,456774636701154.562500
0.3511700000000001,0.0196,0.0396,456774636701154.562500
0.35118000000000005,0.022000000000000002,0.0548,456774636701154.562500
0.3511900000000001,0.022000000000000002,0.042,456774636701154.562500
0.35120000000000007,0.0172,0.056400000000000006,456774636701154.562500
0.35121,0.0212,0.0572,456774636701154.562500
0.3512200000000001,0.0196,0.054,456774636701154.562500
0.35123000000000004,0.0212,0.0572,456774636701154.562500
0.3512400000000001,0.0212,0.0548,456774636701154.562500
0.35125000000000006,0.0236,0.054,456774636701154.562500
0.35126,0.018000000000000002,0.054,456774636701154.562500
0.3512700000000001,0.0196,0.0572,456774636701154.562500
0.35128000000000004,0.0228,0.053200000000000004,456774636701154.562500
0.3512900000000001,0.0212,0.054,456774636701154.562500
0.35130000000000006,0.022000000000000002,0.054,456774636701154.562500
0.3513100000000001,0.0212,0.058,456774636701154.562500
0.3513200000000001,0.022000000000000002,0.0476,456774636701154.562500
0.35133000000000003,0.0228,0.055600000000000004,456774636701154.562500
0.3513400000000001,0.022000000000000002,0.0572,456774636701154.562500
0.35135000000000005,0.022000000000000002,0.046,456774636701154.562500
0.3513600000000001,0.0252,0.055600000000000004,456774636701154.562500
0.35137000000000007,0.018000000000000002,0.055600000000000004,456774636701154.562500
0.35138,0.0244,0.0572,456774636701154.562500
0.3513900000000001,0.022000000000000002,0.046,456774636701154.562500
0.35140000000000005,0.022000000000000002,0.055600000000000004,456774636701154.562500
0.3514100000000001,0.0236,0.053200000000000004,456774636701154.562500
0.35142000000000007,0.0236,0.054,456774636701154.562500
0.35143,0.0204,0.058800000000000005,456774636701154.562500
0.3514400000000001,0.0212,0.05,456774636701154.562500
0.35145000000000004,0.022000000000000002,0.0524,456774636701154.562500
0.3514600000000001,0.022000000000000002,0.053200000000000004,456774636701154.562500
0.35147000000000006,0.022000000000000002,0.054,456774636701154.562500
0.35148,0.0164,0.054,456774636701154.562500
0.3514900000000001,0.0228,0.042800000000000005,456774636701154.562500
0.35150000000000003,0.0196,0.054,456774636701154.562500
0.3515100000000001,0.022000000000000002,0.056400000000000006,456774636701154.562500
0.35152000000000005,0.0228,0.055600000000000004,456774636701154.562500
0.3515300000000001,0.0236,0.054,456774636701154.562500
0.3515400000000001,0.0212,0.0572,456774636701154.562500
0.35155000000000003,0.022000000000000002,0.053200000000000004,456774636701154.562500
0.3515600000000001,0.0196,0.055600000000000004,456774636701154.562500
0.35157000000000005,0.0228,0.0524,456774636701154.562500
0.3515800000000001,0.0204,0.0572,456774636701154.562500
0.35159000000000007,0.0228,0.053200000000000004,456774636701154.562500
0.3516,0.022000000000000002,0.0572,456774636701154.562500
0.3516100000000001,0.0244,0.0476,456774636701154.562500
0.35162000000000004,0.0196,0.0572,456774636701154.562500
0.3516300000000001,0.0228,0.0444,456774636701154.562500
0.35164000000000006,0.022000000000000002,0.0572,456774636701154.562500
0.35165,0.0252,0.0572,456774636701154.562500
0.3516600000000001,0.0244,0.05,456774636701154.562500
0.35167000000000004,0.0236,0.0572,456774636701154.562500
0.3516800000000001,0.0228,0.055600000000000004,456774636701154.562500
0.35169000000000006,0.0244,0.053200000000000004,456774636701154.562500
0.3517000000000001,0.0244,0.054,456774636701154.562500
0.3517100000000001,0.0228,0.0516,456774636701154.562500
0.35172000000000003,0.0172,0.0572,456774636701154.562500
0.3517300000000001,0.0236,0.0548,456774636701154.562500
0.35174000000000005,0.0228,0.0516,456774636701154.562500
0.3517500000000001,0.0212,0.056400000000000006,456774636701154.562500
0.3517600000000001,0.0212,0.050800000000000005,456774636701154.562500
0.35177,0.0212,0.056400000000000006,456774636701154.562500
0.3517800000000001,0.0188,0.0388,456774636701154.562500
0.35179000000000005,0.0212,0.0572,456774636701154.562500
0.3518000000000001,0.022000000000000002,0.045200000000000004,456774636701154.562500
0.35181000000000007,0.0172,0.056400000000000006,456774636701154.562500
0.35182,0.0212,0.056400000000000006,456774636701154.562500
0.3518300000000001,0.0148,0.055600000000000004,456774636701154.562500
0.35184000000000004,0.022000000000000002,0.048400000000000006,456774636701154.562500
0.3518500000000001,0.0196,0.0468,456774636701154.562500
0.35186000000000006,0.0204,0.055600000000000004,456774636701154.562500
0.35187,0.018000000000000002,0.0524,456774636701154.562500
0.3518800000000001,0.022000000000000002,0.055600000000000004,456774636701154.562500
0.35189000000000004,0.0164,0.053200000000000004,456774636701154.562500
0.3519000000000001,0.0204,0.056400000000000006,456774636701154.562500
0.35191000000000006,0.022000000000000002,0.056400000000000006,456774636701154.562500
0.3519200000000001,0.0236,0.0572,456774636701154.562500
0.3519300000000001,0.0228,0.056400000000000006,456774636701154.562500
0.35194000000000003,0.0212,0.053200000000000004,456774636701154.562500
0.3519500000000001,0.022000000000000002,0.0524,456774636701154.562500
0.35196000000000005,0.0236,0.0444,456774636701154.562500
0.3519700000000001,0.022000000000000002,0.0548,456774636701154.562500
0.35198000000000007,0.0244,0.045200000000000004,456774636701154.562500
0.35199,0.0212,0.055600000000000004,456774636701154.562500
0.3520000000000001,0.0212,0.05,456774636701154.562500
0.35201000000000005,0.0244,0.055600000000000004,456774636701154.562500
0.3520200000000001,0.0236,0.058,456774636701154.562500
0.35203000000000007,0.022000000000000002,0.055600000000000004,456774636701154.562500
0.35204,0.0204,0.0572,456774636701154.562500
0.3520500000000001,0.0252,0.056400000000000006,456774636701154.562500
0.35206000000000004,0.0212,0.0572,456774636701154.562500
0.3520700000000001,0.0236,0.054,456774636701154.562500
0.35208000000000006,0.0228,0.058800000000000005,456774636701154.562500
0.3520900000000001,0.0212,0.058,456774636701154.562500
0.3521000000000001,0.022000000000000002,0.0572,456774636701154.562500
0.35211000000000003,0.022000000000000002,0.0548,456774636701154.562500
0.3521200000000001,0.0204,0.0524,456774636701154.562500
0.35213000000000005,0.022000000000000002,0.055600000000000004,456774636701154.562500
0.3521400000000001,0.0228,0.0548,456774636701154.562500
0.3521500000000001,0.0196,0.055600000000000004,456774636701154.562500
0.35216000000000003,0.0228,0.053200000000000004,456774636701154.562500
0.3521700000000001,0.0204,0.053200000000000004,456774636701154.562500
0.35218000000000005,0.0228,0.0492,456774636701154.562500
0.3521900000000001,0.0228,0.055600000000000004,456774636701154.562500
0.35220000000000007,0.0236,0.0516,456774636701154.562500
0.35221,0.0228,0.0548,456774636701154.562500
0.3522200000000001,0.022000000000000002,0.0412,456774636701154.562500
0.35223000000000004,0.0244,0.055600000000000004,456774636701154.562500
0.3522400000000001,0.0244,0.0476,456774636701154.562500
0.35225000000000006,0.0244,0.0572,456774636701154.562500
0.35226,0.022000000000000002,0.0572,456774636701154.562500
0.3522700000000001,0.0236,0.0548,456774636701154.562500
0.35228000000000004,0.0252,0.058,456774636701154.562500
0.3522900000000001,0.0212,0.0436,456774636701154.562500
0.35230000000000006,0.0244,0.056400000000000006,456774636701154.562500
0.3523100000000001,0.0244,0.0524,456774636701154.562500
0.3523200000000001,0.022000000000000002,0.0548,456774636701154.562500
0.35233000000000003,0.0228,0.054,456774636701154.562500
0.3523400000000001,0.022000000000000002,0.040400000000000005,456774636701154.562500
0.35235000000000005,0.0228,0.0572,456774636701154.562500
0.3523600000000001,0.0204,0.0444,456774636701154.562500
0.35237000000000007,0.022000000000000002,0.056400000000000006,456774636701154.562500
0.35238,0.0204,0.05,456774636701154.562500
0.3523900000000001,0.0236,0.056400000000000006,456774636701154.562500
0.35240000000000005,0.0228,0.056400000000000006,456774636701154.562500
0.3524100000000001,0.022000000000000002,0.0524,456774636701154.562500
0.35242000000000007,0.022000000000000002,0.0572,456774636701154.562500
0.35243,0.0204,0.048400000000000006,456774636701154.562500
0.3524400000000001,0.022000000000000002,0.056400000000000006,456774636701154.562500
0.35245000000000004,0.0236,0.045200000000000004,456774636701154.562500
0.3524600000000001,0.0228,0.0572,456774636701154.562500
0.35247000000000006,0.022000000000000002,0.0516,456774636701154.562500
0.35248,0.0228,0.056400000000000006,456774636701154.562500
0.3524900000000001,0.0236,0.053200000000000004,456774636701154.562500
0.35250000000000004,0.022000000000000002,0.0476,456774636701154.562500
0.3525100000000001,0.0244,0.053200000000000004,456774636701154.562500
0.35252000000000006,0.0204,0.0524,456774636701154.562500
0.3525300000000001,0.0244,0.05,456774636701154.562500
0.3525400000000001,0.0252,0.0468,456774636701154.562500
0.35255000000000003,0.0244,0.053200000000000004,456774636701154.562500
0.3525600000000001,0.0236,0.0412,456774636701154.562500
0.35257000000000005,0.0236,0.055600000000000004,456774636701154.562500
0.3525800000000001,0.0252,0.046,456774636701154.562500
0.35259000000000007,0.0244,0.0548,456774636701154.562500
0.3526,0.022000000000000002,0.058,456774636701154.562500
0.3526100000000001,0.0236,0.05,456774636701154.562500
0.35262000000000004,0.0204,0.0524,456774636701154.562500
0.3526300000000001,0.0228,0.055600000000000004,456774636701154.562500
0.35264000000000006,0.0228,0.054,456774636701154.562500
0.35265,0.022000000000000002,0.056400000000000006,456774636701154.562500
0.3526600000000001,0.0236,0.0572,456774636701154.562500
0.35267000000000004,0.022000000000000002,0.0524,456774636701154.562500
0.3526800000000001,0.0228,0.054,456774636701154.562500
0.35269000000000006,0.0196,0.0548,456774636701154.562500
0.3527000000000001,0.022000000000000002,0.0548,456774636701154.562500
0.3527100000000001,0.022000000000000002,0.058,456774636701154.562500
0.35272000000000003,0.0196,0.054,456774636701154.562500
0.3527300000000001,0.0172,0.0572,456774636701154.562500
0.35274000000000005,0.022000000000000002,0.054,456774636701154.562500
0.3527500000000001,0.0196,0.058800000000000005,456774636701154.562500
0.3527600000000001,0.0188,0.0572,456774636701154.562500
0.35277000000000003,0.0228,0.054,456774636701154.562500
0.3527800000000001,0.0196,0.058,456774636701154.562500
0.35279000000000005,0.0228,0.054,456774636701154.562500
0.3528000000000001,0.0228,0.054,456774636701154.562500
0.35281000000000007,0.022000000000000002,0.056400000000000006,456774636701154.562500
0.35282,0.022000000000000002,0.0492,456774636701154.562500
0.3528300000000001,0.0228,0.0524,456774636701154.562500
0.35284000000000004,0.0236,0.054,456774636701154.562500
0.3528500000000001,0.0236,0.0572,456774636701154.562500
0.35286000000000006,0.0228,0.056400000000000006,456774636701154.562500
0.35287,0.022000000000000002,0.056400000000000006,456774636701154.562500
0.3528800000000001,0.0228,0.0572,456774636701154.562500
0.35289000000000004,0.022000000000000002,0.0476,456774636701154.562500
0.3529000000000001,0.022000000000000002,0.0548,456774636701154.562500
0.35291000000000006,0.0236,0.0524,456774636701154.562500
0.3529200000000001,0.0244,0.056400000000000006,456774636701154.562500
0.3529300000000001,0.0228,0.058,456774636701154.562500
0.35294000000000003,0.0236,0.0548,456774636701154.562500
0.3529500000000001,0.0228,0.0524,456774636701154.562500
0.35296000000000005,0.0236,0.0548,456774636701154.562500
0.3529700000000001,0.0236,0.0572,456774636701154.562500
0.35298000000000007,0.022000000000000002,0.055600000000000004,456774636701154.562500
0.35299,0.0228,0.0572,456774636701154.562500
0.3530000000000001,0.022000000000000002,0.054,456774636701154.562500
0.35301000000000005,0.022000000000000002,0.056400000000000006,456774636701154.562500
0.3530200000000001,0.022000000000000002,0.0572,456774636701154.562500
0.35303000000000007,0.0228,0.0548,456774636701154.562500
0.35304,0.022000000000000002,0.053200000000000004,456774636701154.562500
0.3530500000000001,0.0196,0.055600000000000004,456774636701154.562500
0.35306000000000004,0.0212,0.05,456774636701154.562500
0.3530700000000001,0.0228,0.056400000000000006,456774636701154.562500
0.35308000000000006,0.022000000000000002,0.0516,456774636701154.562500
0.35309,0.0228,0.0572,456774636701154.562500
0.3531000000000001,0.022000000000000002,0.0548,456774636701154.562500
0.35311000000000003,0.0236,0.056400000000000006,456774636701154.562500
0.3531200000000001,0.022000000000000002,0.055600000000000004,456774636701154.562500
0.35313000000000005,0.0236,0.0572,456774636701154.562500
0.3531400000000001,0.0204,0.054,456774636701154.562500
0.3531500000000001,0.0252,0.054,456774636701154.562500
0.35316000000000003,0.0212,0.056400000000000006,456774636701154.562500
0.3531700000000001,0.0252,0.0412,456774636701154.562500
0.35318000000000005,0.0236,0.056400000000000006,456774636701154.562500
0.3531900000000001,0.0252,0.0396,456774636701154.562500
0.35320000000000007,0.022000000000000002,0.0548,456774636701154.562500
0.35321,0.0236,0.046,456774636701154.562500
0.3532200000000001,0.022000000000000002,0.056400000000000006,456774636701154.562500
0.35323000000000004,0.0228,0.0572,456774636701154.562500
0.3532400000000001,0.0236,0.055600000000000004,456774636701154.562500
0.35325000000000006,0.0236,0.058800000000000005,456774636701154.562500
0.35326,0.022000000000000002,0.055600000000000004,456774636701154.562500
0.3532700000000001,0.0236,0.0572,456774636701154.562500
0.35328000000000004,0.0228,0.05,456774636701154.562500
0.3532900000000001,0.022000000000000002,0.053200000000000004,456774636701154.562500
0.35330000000000006,0.014,0.0516,456774636701154.562500
0.3533100000000001,0.0236,0.056400000000000006,456774636701154.562500
0.3533200000000001,0.018000000000000002,0.050800000000000005,456774636701154.562500
0.35333000000000003,0.0212,0.053200000000000004,456774636701154.562500
0.3533400000000001,0.0196,0.058,456774636701154.562500
0.35335000000000005,0.0236,0.0524,456774636701154.562500
0.3533600000000001,0.0204,0.056400000000000006,456774636701154.562500
0.3533700000000001,0.022000000000000002,0.056400000000000006,456774636701154.562500
0.35338,0.0228,0.055600000000000004,456774636701154.562500
0.3533900000000001,0.0212,0.055600000000000004,456774636701154.562500
0.35340000000000005,0.022000000000000002,0.0548,456774636701154.562500
0.3534100000000001,0.022000000000000002,0.0516,456774636701154.562500
0.35342000000000007,0.022000000000000002,0.0572,456774636701154.562500
0.35343,0.0172,0.0492,456774636701154.562500
0.3534400000000001,0.0244,0.0572,456774636701154.562500
0.35345000000000004,0.0236,0.050800000000000005,456774636701154.562500
0.3534600000000001,0.0212,0.055600000000000004,456774636701154.562500
0.35347000000000006,0.0252,0.0468,456774636701154.562500
0.35348,0.0236,0.0412,456774636701154.562500
0.3534900000000001,0.0252,0.050800000000000005,456774636701154.562500
0.35350000000000004,0.0244,0.0436,456774636701154.562500
0.3535100000000001,0.0236,0.0572,456774636701154.562500
0.35352000000000006,0.0252,0.055600000000000004,456774636701154.562500
0.3535300000000001,0.0244,0.056400000000000006,456774636701154.562500
0.3535400000000001,0.0244,0.055600000000000004,456774636701154.562500
0.35355000000000003,0.0228,0.0572,456774636701154.562500
0.3535600000000001,0.0244,0.053200000000000004,456774636701154.562500
0.35357000000000005,0.022000000000000002,0.050800000000000005,456774636701154.562500
0.3535800000000001,0.0212,0.056400000000000006,456774636701154.562500
0.35359000000000007,0.0228,0.050800000000000005,456774636701154.562500
0.3536,0.0164,0.0524,456774636701154.562500
0.3536100000000001,0.022000000000000002,0.048400000000000006,456774636701154.562500
0.35362000000000005,0.0148,0.0572,456774636701154.562500
0.3536300000000001,0.022000000000000002,0.056400000000000006,456774636701154.562500
0.35364000000000007,0.0196,0.056400000000000006,456774636701154.562500
0.35365,0.0212,0.058,456774636701154.562500
0.3536600000000001,0.0212,0.056400000000000006,456774636701154.562500
0.35367000000000004,0.0236,0.0492,456774636701154.562500
0.3536800000000001,0.0188,0.0548,456774636701154.562500
0.35369000000000006,0.0236,0.05,456774636701154.562500
0.3537,0.0228,0.058,456774636701154.562500
0.3537100000000001,0.0228,0.053200000000000004,456774636701154.562500
0.35372000000000003,0.0236,0.056400000000000006,456774636701154.562500
0.3537300000000001,0.022000000000000002,0.053200000000000004,456774636701154.562500
0.35374000000000005,0.022000000000000002,0.0516,456774636701154.562500
0.3537500000000001,0.0236,0.054,456774636701154.562500
0.3537600000000001,0.022000000000000002,0.053200000000000004,456774636701154.562500
0.35377000000000003,0.0236,0.0516,456774636701154.562500
0.3537800000000001,0.0252,0.055600000000000004,456774636701154.562500
0.35379000000000005,0.0188,0.055600000000000004,456774636701154.562500
0.3538000000000001,0.026000000000000002,0.056400000000000006,456774636701154.562500
0.35381000000000007,0.0252,0.055600000000000004,456774636701154.562500
0.35382,0.0236,0.0524,456774636701154.562500
0.3538300000000001,0.0228,0.0572,456774636701154.562500
0.35384000000000004,0.022000000000000002,0.0524,456774636701154.562500
0.3538500000000001,0.0236,0.056400000000000006,456774636701154.562500
0.35386000000000006,0.0236,0.050800000000000005,456774636701154.562500
0.35387,0.022000000000000002,0.054,456774636701154.562500
0.3538800000000001,0.0228,0.0572,456774636701154.562500
0.35389000000000004,0.022000000000000002,0.053200000000000004,456774636701154.562500
0.3539000000000001,0.022000000000000002,0.056400000000000006,456774636701154.562500
0.35391000000000006,0.0212,0.050800000000000005,456774636701154.562500
0.3539200000000001,0.0228,0.055600000000000004,456774636701154.562500
0.3539300000000001,0.0212,0.0516,456774636701154.562500
0.35394000000000003,0.0212,0.0572,456774636701154.562500
0.3539500000000001,0.0196,0.058,456774636701154.562500
0.35396000000000005,0.0228,0.055600000000000004,456774636701154.562500
0.3539700000000001,0.0204,0.054,456774636701154.562500
0.3539800000000001,0.022000000000000002,0.0572,456774636701154.562500
0.35399,0.0212,0.0524,456774636701154.562500
0.3540000000000001,0.022000000000000002,0.054,456774636701154.562500
0.35401000000000005,0.0212,0.058,456774636701154.562500
0.3540200000000001,0.022000000000000002,0.0572,456774636701154.562500
0.35403000000000007,0.0244,0.0572,456774636701154.562500
0.35404,0.0244,0.055600000000000004,456774636701154.562500
0.3540500000000001,0.0244,0.0492,456774636701154.562500
0.35406000000000004,0.022000000000000002,0.056400000000000006,456774636701154.562500
0.3540700000000001,0.0236,0.0516,456774636701154.562500
0.35408000000000006,0.0252,0.0572,456774636701154.562500
0.35409,0.022000000000000002,0.0444,456774636701154.562500
0.3541000000000001,0.0244,0.055600000000000004,456774636701154.562500
0.35411000000000004,0.0244,0.0492,456774636701154.562500
0.3541200000000001,0.0236,0.056400000000000006,456774636701154.562500
0.35413000000000006,0.0204,0.0572,456774636701154.562500
0.3541400000000001,0.0244,0.055600000000000004,456774636701154.562500
0.3541500000000001,0.0236,0.056400000000000006,456774636701154.562500
0.35416000000000003,0.0244,0.0572,456774636701154.562500
0.3541700000000001,0.0196,0.053200000000000004,456774636701154.562500
0.35418000000000005,0.0244,0.058,456774636701154.562500
0.3541900000000001,0.0236,0.0516,456774636701154.562500
0.35420000000000007,0.022000000000000002,0.0572,456774636701154.562500
0.35421,0.0228,0.0524,456774636701154.562500
0.3542200000000001,0.022000000000000002,0.056400000000000006,456774636701154.562500
0.35423000000000004,0.022000000000000002,0.0516,456774636701154.562500
0.3542400000000001,0.0212,0.058800000000000005,456774636701154.562500
0.35425000000000006,0.0212,0.053200000000000004,456774636701154.562500
0.35426,0.0196,0.0524,456774636701154.562500
0.3542700000000001,0.0212,0.056400000000000006,456774636701154.562500
0.35428000000000004,0.0188,0.054,456774636701154.562500
0.3542900000000001,0.022000000000000002,0.055600000000000004,456774636701154.562500
0.35430000000000006,0.0204,0.056400000000000006,456774636701154.562500
0.3543100000000001,0.0228,0.053200000000000004,456774636701154.562500
0.3543200000000001,0.0236,0.0572,456774636701154.562500
0.35433000000000003,0.0228,0.056400000000000006,456774636701154.562500
0.3543400000000001,0.0236,0.0572,456774636701154.562500
0.35435000000000005,0.0228,0.056400000000000006,456774636701154.562500
0.3543600000000001,0.0228,0.056400000000000006,456774636701154.562500
0.3543700000000001,0.0196,0.055600000000000004,456774636701154.562500
0.35438000000000003,0.0236,0.055600000000000004,456774636701154.562500
0.3543900000000001,0.0236,0.056400000000000006,456774636701154.562500
0.35440000000000005,0.0244,0.056400000000000006,456774636701154.562500
0.3544100000000001,0.0236,0.056400000000000006,456774636701154.562500
0.35442000000000007,0.0252,0.055600000000000004,456774636701154.562500
0.35443,0.026000000000000002,0.0516,456774636701154.562500
0.3544400000000001,0.0244,0.055600000000000004,456774636701154.562500
0.35445000000000004,0.0244,0.054,456774636701154.562500
0.3544600000000001,0.0228,0.053200000000000004,456774636701154.562500
0.35447000000000006,0.0228,0.055600000000000004,456774636701154.562500
0.35448,0.0236,0.0548,456774636701154.562500
0.3544900000000001,0.0228,0.056400000000000006,456774636701154.562500
0.35450000000000004,0.0236,0.054,456774636701154.562500
0.3545100000000001,0.022000000000000002,0.0572,456774636701154.562500
0.35452000000000006,0.0204,0.055600000000000004,456774636701154.562500
0.3545300000000001,0.022000000000000002,0.058800000000000005,456774636701154.562500
0.3545400000000001,0.022000000000000002,0.053200000000000004,456774636701154.562500
0.35455000000000003,0.0212,0.055600000000000004,456774636701154.562500
0.3545600000000001,0.022000000000000002,0.055600000000000004,456774636701154.562500
0.35457000000000005,0.0188,0.056400000000000006,456774636701154.562500
0.3545800000000001,0.022000000000000002,0.0572,456774636701154.562500
0.35459000000000007,0.022000000000000002,0.0572,456774636701154.562500
0.3546,0.022000000000000002,0.055600000000000004,456774636701154.562500
0.3546100000000001,0.022000000000000002,0.0548,456774636701154.562500
0.35462000000000005,0.0228,0.056400000000000006,456774636701154.562500
0.3546300000000001,0.0236,0.056400000000000006,456774636701154.562500
0.35464000000000007,0.022000000000000002,0.058,456774636701154.562500
0.35465,0.022000000000000002,0.0524,456774636701154.562500
0.3546600000000001,0.0236,0.054,456774636701154.562500
0.35467000000000004,0.0244,0.058,456774636701154.562500
0.3546800000000001,0.0252,0.054,456774636701154.562500
0.35469000000000006,0.0228,0.054,456774636701154.562500
0.3547,0.0244,0.05,456774636701154.562500
0.3547100000000001,0.026000000000000002,0.054,456774636701154.562500
0.35472000000000004,0.0252,0.055600000000000004,456774636701154.562500
0.3547300000000001,0.026000000000000002,0.050800000000000005,456774636701154.562500
0.35474000000000006,0.0236,0.056400000000000006,456774636701154.562500
0.3547500000000001,0.0244,0.058,456774636701154.562500
0.3547600000000001,0.0236,0.055600000000000004,456774636701154.562500
0.35477000000000003,0.0236,0.058,456774636701154.562500
0.3547800000000001,0.0244,0.056400000000000006,456774636701154.562500
0.35479000000000005,0.0228,0.0572,456774636701154.562500
0.3548000000000001,0.0228,0.0572,456774636701154.562500
0.35481000000000007,0.0188,0.053200000000000004,456774636701154.562500
0.35482,0.0228,0.0468,456774636701154.562500
0.3548300000000001,0.022000000000000002,0.055600000000000004,456774636701154.562500
0.35484000000000004,0.022000000000000002,0.045200000000000004,456774636701154.562500
0.3548500000000001,0.0196,0.0572,456774636701154.562500
0.35486000000000006,0.0212,0.0492,456774636701154.562500
0.35487,0.0212,0.054,456774636701154.562500
0.3548800000000001,0.0228,0.0476,456774636701154.562500
0.35489000000000004,0.022000000000000002,0.056400000000000006,456774636701154.562500
0.3549000000000001,0.0212,0.056400000000000006,456774636701154.562500
0.35491000000000006,0.0228,0.056400000000000006,456774636701154.562500
0.3549200000000001,0.0204,0.0572,456774636701154.562500
0.3549300000000001,0.022000000000000002,0.0572,456774636701154.562500
0.35494000000000003,0.022000000000000002,0.050800000000000005,456774636701154.562500
0.3549500000000001,0.0228,0.0572,456774636701154.562500
0.35496000000000005,0.0212,0.0492,456774636701154.562500
0.3549700000000001,0.022000000000000002,0.058,456774636701154.562500
0.3549800000000001,0.022000000000000002,0.056400000000000006,456774636701154.562500
0.35499,0.022000000000000002,0.053200000000000004,456774636701154.562500
0.3550000000000001,0.0228,0.0516,456774636701154.562500
0.35501000000000005,0.0228,0.0548,456774636701154.562500
0.3550200000000001,0.0188,0.054,456774636701154.562500
0.35503000000000007,0.0236,0.0548,456774636701154.562500
0.35504,0.022000000000000002,0.0516,456774636701154.562500
0.3550500000000001,0.0244,0.0548,456774636701154.562500
0.35506000000000004,0.0236,0.055600000000000004,456774636701154.562500
0.3550700000000001,0.0244,0.045200000000000004,456774636701154.562500
0.35508000000000006,0.022000000000000002,0.0548,456774636701154.562500
0.35509,0.0228,0.055600000000000004,456774636701154.562500
0.3551000000000001,0.0196,0.055600000000000004,456774636701154.562500
0.35511000000000004,0.0212,0.056400000000000006,456774636701154.562500
0.3551200000000001,0.0228,0.0572,456774636701154.562500
0.35513000000000006,0.0204,0.0548,456774636701154.562500
0.3551400000000001,0.0188,0.058800000000000005,456774636701154.562500
0.3551500000000001,0.0228,0.058,456774636701154.562500
0.35516000000000003,0.0228,0.0548,456774636701154.562500
0.3551700000000001,0.0172,0.056400000000000006,456774636701154.562500
0.35518000000000005,0.0212,0.056400000000000006,456774636701154.562500
0.3551900000000001,0.0188,0.0516,456774636701154.562500
0.35520000000000007,0.022000000000000002,0.056400000000000006,456774636701154.562500
0.35521,0.022000000000000002,0.0548,456774636701154.562500
0.3552200000000001,0.0236,0.055600000000000004,456774636701154.562500
0.35523000000000005,0.0236,0.058,456774636701154.562500
0.3552400000000001,0.0236,0.0548,456774636701154.562500
0.35525000000000007,0.0228,0.0524,456774636701154.562500
0.35526,0.022000000000000002,0.0572,456774636701154.562500
0.3552700000000001,0.022000000000000002,0.0516,456774636701154.562500
0.35528000000000004,0.0228,0.0572,456774636701154.562500
0.3552900000000001,0.0244,0.055600000000000004,456774636701154.562500
0.35530000000000006,0.0244,0.054,456774636701154.562500
0.35531,0.022000000000000002,0.0524,456774636701154.562500
0.3553200000000001,0.0244,0.0476,456774636701154.562500
0.35533000000000003,0.022000000000000002,0.055600000000000004,456774636701154.562500
0.3553400000000001,0.0244,0.055600000000000004,456774636701154.562500
0.35535000000000005,0.0196,0.0572,456774636701154.562500
0.3553600000000001,0.0252,0.055600000000000004,456774636701154.562500
0.3553700000000001,0.0204,0.055600000000000004,456774636701154.562500
0.35538000000000003,0.0212,0.058,456774636701154.562500
0.3553900000000001,0.022000000000000002,0.054,456774636701154.562500
0.35540000000000005,0.0252,0.058800000000000005,456774636701154.562500
0.3554100000000001,0.022000000000000002,0.056400000000000006,456774636701154.562500
0.35542000000000007,0.0196,0.056400000000000006,456774636701154.562500
0.35543,0.022000000000000002,0.0572,456774636701154.562500
0.3554400000000001,0.022000000000000002,0.0572,456774636701154.562500
0.35545000000000004,0.022000000000000002,0.0572,456774636701154.562500
0.3554600000000001,0.022000000000000002,0.055600000000000004,456774636701154.562500
0.35547000000000006,0.0204,0.053200000000000004,456774636701154.562500
0.35548,0.022000000000000002,0.058,456774636701154.562500
0.3554900000000001,0.0236,0.056400000000000006,456774636701154.562500
0.35550000000000004,0.0228,0.056400000000000006,456774636701154.562500
0.3555100000000001,0.0236,0.058,456774636701154.562500
0.35552000000000006,0.0196,0.0548,456774636701154.562500
0.3555300000000001,0.0228,0.055600000000000004,456774636701154.562500
0.3555400000000001,0.0196,0.050800000000000005,456774636701154.562500
0.35555000000000003,0.022000000000000002,0.0516,456774636701154.562500
0.3555600000000001,0.0244,0.053200000000000004,456774636701154.562500
0.35557000000000005,0.0244,0.054,456774636701154.562500
0.3555800000000001,0.0204,0.054,456774636701154.562500
0.3555900000000001,0.0252,0.055600000000000004,456774636701154.562500
0.3556,0.0228,0.0436,456774636701154.562500
0.3556100000000001,0.0244,0.0548,456774636701154.562500
0.35562000000000005,0.0196,0.05,456774636701154.562500
0.3556300000000001,0.0236,0.056400000000000006,456774636701154.562500
0.35564000000000007,0.0212,0.0492,456774636701154.562500
0.35565,0.0252,0.056400000000000006,456774636701154.562500
0.3556600000000001,0.022000000000000002,0.056400000000000006,456774636701154.562500
0.35567000000000004,0.0228,0.0548,456774636701154.562500
0.3556800000000001,0.022000000000000002,0.0548,456774636701154.562500
0.35569000000000006,0.0236,0.0572,456774636701154.562500
0.3557,0.0228,0.048400000000000006,456774636701154.562500
0.3557100000000001,0.0236,0.056400000000000006,456774636701154.562500
0.35572000000000004,0.0228,0.055600000000000004,456774636701154.562500
0.3557300000000001,0.0212,0.0516,456774636701154.562500
0.35574000000000006,0.0228,0.048400000000000006,456774636701154.562500
0.3557500000000001,0.0212,0.05,456774636701154.562500
0.3557600000000001,0.0228,0.05,456774636701154.562500
0.35577000000000003,0.0204,0.053200000000000004,456774636701154.562500
0.3557800000000001,0.018000000000000002,0.055600000000000004,456774636701154.562500
0.35579000000000005,0.018000000000000002,0.056400000000000006,456774636701154.562500
0.3558000000000001,0.022000000000000002,0.0572,456774636701154.562500
0.35581000000000007,0.018000000000000002,0.0516,456774636701154.562500
0.35582,0.022000000000000002,0.056400000000000006,456774636701154.562500
0.3558300000000001,0.022000000000000002,0.048400000000000006,456774636701154.562500
0.35584000000000005,0.0228,0.0548,456774636701154.562500
0.3558500000000001,0.0236,0.053200000000000004,456774636701154.562500
0.35586000000000007,0.0204,0.0548,456774636701154.562500
0.35587,0.0236,0.0444,456774636701154.562500
0.3558800000000001,0.0228,0.056400000000000006,456774636701154.562500
0.35589000000000004,0.0252,0.0524,456774636701154.562500
0.3559000000000001,0.0252,0.056400000000000006,456774636701154.562500
0.35591000000000006,0.026000000000000002,0.050800000000000005,456774636701154.562500
0.3559200000000001,0.0196,0.056400000000000006,456774636701154.562500
0.3559300000000001,0.0228,0.05,456774636701154.562500
0.35594000000000003,0.022000000000000002,0.0572,456774636701154.562500
0.3559500000000001,0.0204,0.056400000000000006,456774636701154.562500
0.35596000000000005,0.0236,0.0572,456774636701154.562500
0.3559700000000001,0.0164,0.058,456774636701154.562500
0.3559800000000001,0.0244,0.0516,456774636701154.562500
0.35599000000000003,0.022000000000000002,0.0548,456774636701154.562500
0.3560000000000001,0.0236,0.0572,456774636701154.562500
0.35601000000000005,0.0228,0.0572,456774636701154.562500
0.3560200000000001,0.022000000000000002,0.055600000000000004,456774636701154.562500
0.35603000000000007,0.0212,0.0468,456774636701154.562500
0.35604,0.022000000000000002,0.055600000000000004,456774636701154.562500
0.3560500000000001,0.0228,0.05,456774636701154.562500
0.35606000000000004,0.022000000000000002,0.056400000000000006,456774636701154.562500
0.3560700000000001,0.0196,0.0548,456774636701154.562500
0.35608000000000006,0.022000000000000002,0.0476,456774636701154.562500
0.35609,0.0212,0.056400000000000006,456774636701154.562500
0.3561000000000001,0.0228,0.0412,456774636701154.562500
0.35611000000000004,0.0228,0.053200000000000004,456774636701154.562500
0.3561200000000001,0.0212,0.053200000000000004,456774636701154.562500
0.35613000000000006,0.0228,0.056400000000000006,456774636701154.562500
0.3561400000000001,0.0236,0.0516,456774636701154.562500
0.3561500000000001,0.018000000000000002,0.055600000000000004,456774636701154.562500
0.35616000000000003,0.0236,0.0548,456774636701154.562500
0.3561700000000001,0.0236,0.0516,456774636701154.562500
0.35618000000000005,0.0236,0.0516,456774636701154.562500
0.3561900000000001,0.0236,0.0548,456774636701154.562500
0.35620000000000007,0.0188,0.034,456774636701154.562500
0.35621,0.0244,0.056400000000000006,456774636701154.562500
0.3562200000000001,0.0188,0.046,456774636701154.562500
0.35623000000000005,0.026000000000000002,0.055600000000000004,456774636701154.562500
0.3562400000000001,0.0244,0.056400000000000006,456774636701154.562500
0.35625000000000007,0.0236,0.058,456774636701154.562500
0.35626,0.022000000000000002,0.0572,456774636701154.562500
0.3562700000000001,0.0244,0.0572,456774636701154.562500
0.35628000000000004,0.0252,0.058,456774636701154.562500
0.3562900000000001,0.0236,0.0572,456774636701154.562500
0.35630000000000006,0.0164,0.0572,456774636701154.562500
0.35631,0.022000000000000002,0.0516,456774636701154.562500
0.3563200000000001,0.0204,0.056400000000000006,456774636701154.562500
0.35633000000000004,0.0212,0.055600000000000004,456774636701154.562500
0.3563400000000001,0.0244,0.058800000000000005,456774636701154.562500
0.35635000000000006,0.022000000000000002,0.0548,456774636701154.562500
0.3563600000000001,0.0236,0.054,456774636701154.562500
0.3563700000000001,0.0228,0.055600000000000004,456774636701154.562500
0.35638000000000003,0.022000000000000002,0.056400000000000006,456774636701154.562500
0.3563900000000001,0.022000000000000002,0.056400000000000006,456774636701154.562500
0.35640000000000005,0.0228,0.056400000000000006,456774636701154.562500
0.3564100000000001,0.0196,0.0548,456774636701154.562500
0.35642000000000007,0.022000000000000002,0.055600000000000004,456774636701154.562500
0.35643,0.0212,0.056400000000000006,456774636701154.562500
0.3564400000000001,0.0228,0.053200000000000004,456774636701154.562500
0.35645000000000004,0.0236,0.056400000000000006,456774636701154.562500
0.3564600000000001,0.022000000000000002,0.053200000000000004,456774636701154.562500
0.35647000000000006,0.0204,0.056400000000000006,456774636701154.562500
0.35648,0.0236,0.0572,456774636701154.562500
0.3564900000000001,0.0204,0.048400000000000006,456774636701154.562500
0.35650000000000004,0.0244,0.058,456774636701154.562500
0.3565100000000001,0.0212,0.054,456774636701154.562500
0.35652000000000006,0.0212,0.0548,456774636701154.562500
0.3565300000000001,0.0188,0.056400000000000006,456774636701154.562500
0.3565400000000001,0.0252,0.0548,456774636701154.562500
0.35655000000000003,0.0252,0.056400000000000006,456774636701154.562500
0.3565600000000001,0.0244,0.055600000000000004,456774636701154.562500
0.35657000000000005,0.0244,0.0548,456774636701154.562500
0.3565800000000001,0.0228,0.055600000000000004,456774636701154.562500
0.3565900000000001,0.0236,0.054,456774636701154.562500
0.35660000000000003,0.022000000000000002,0.054,456774636701154.562500
0.3566100000000001,0.0228,0.056400000000000006,456774636701154.562500
0.35662000000000005,0.0228,0.0476,456774636701154.562500
0.3566300000000001,0.0228,0.054,456774636701154.562500
0.35664000000000007,0.022000000000000002,0.0492,456774636701154.562500
0.35665,0.018000000000000002,0.0572,456774636701154.562500
0.3566600000000001,0.0212,0.0548,456774636701154.562500
0.35667000000000004,0.0212,0.0492,456774636701154.562500
0.3566800000000001,0.0228,0.055600000000000004,456774636701154.562500
0.35669000000000006,0.022000000000000002,0.0524,456774636701154.562500
0.3567,0.0212,0.054,456774636701154.562500
0.3567100000000001,0.022000000000000002,0.055600000000000004,456774636701154.562500
0.35672000000000004,0.0164,0.058,456774636701154.562500
0.3567300000000001,0.0204,0.0548,456774636701154.562500
0.35674000000000006,0.0212,0.0572,456774636701154.562500
0.3567500000000001,0.0228,0.0572,456774636701154.562500
0.3567600000000001,0.0188,0.0572,456774636701154.562500
0.35677000000000003,0.0228,0.053200000000000004,456774636701154.562500
0.3567800000000001,0.0196,0.0572,456774636701154.562500
0.35679000000000005,0.022000000000000002,0.056400000000000006,456774636701154.562500
0.3568000000000001,0.0212,0.056400000000000006,456774636701154.562500
0.35681000000000007,0.0244,0.048400000000000006,456774636701154.562500
0.35682,0.0212,0.0572,456774636701154.562500
0.3568300000000001,0.0244,0.0476,456774636701154.562500
0.35684000000000005,0.0244,0.058,456774636701154.562500
0.3568500000000001,0.0244,0.055600000000000004,456774636701154.562500
0.35686000000000007,0.0252,0.0572,456774636701154.562500
0.35687,0.0236,0.0516,456774636701154.562500
0.3568800000000001,0.0244,0.0516,456774636701154.562500
0.35689000000000004,0.0244,0.058,456774636701154.562500
0.3569000000000001,0.0236,0.0572,456774636701154.562500
0.35691000000000006,0.0228,0.055600000000000004,456774636701154.562500
0.35692,0.0228,0.0572,456774636701154.562500
0.3569300000000001,0.0196,0.0572,456774636701154.562500
0.35694000000000004,0.0236,0.055600000000000004,456774636701154.562500
0.3569500000000001,0.022000000000000002,0.056400000000000006,456774636701154.562500
0.35696000000000006,0.0236,0.054,456774636701154.562500
0.3569700000000001,0.0196,0.0548,456774636701154.562500
0.3569800000000001,0.0228,0.055600000000000004,456774636701154.562500
0.35699000000000003,0.0212,0.0548,456774636701154.562500
0.3570000000000001,0.0228,0.0548,456774636701154.562500
0.35701000000000005,0.0188,0.0548,456774636701154.562500
0.3570200000000001,0.0188,0.055600000000000004,456774636701154.562500
0.35703000000000007,0.0204,0.053200000000000004,456774636701154.562500
0.35704,0.0172,0.0572,456774636701154.562500
0.3570500000000001,0.0212,0.055600000000000004,456774636701154.562500
0.35706000000000004,0.0228,0.056400000000000006,456774636701154.562500
0.3570700000000001,0.0228,0.0572,456774636701154.562500
0.35708000000000006,0.0228,0.055600000000000004,456774636701154.562500
0.35709,0.0204,0.056400000000000006,456774636701154.562500
0.3571000000000001,0.0236,0.058,456774636701154.562500
0.35711000000000004,0.022000000000000002,0.0548,456774636701154.562500
0.3571200000000001,0.0236,0.048400000000000006,456774636701154.562500
0.35713000000000006,0.022000000000000002,0.055600000000000004,456774636701154.562500
0.3571400000000001,0.0236,0.056400000000000006,456774636701154.562500
0.3571500000000001,0.0228,0.056400000000000006,456774636701154.562500
0.35716000000000003,0.0244,0.056400000000000006,456774636701154.562500
0.3571700000000001,0.0228,0.056400000000000006,456774636701154.562500
0.35718000000000005,0.0228,0.0572,456774636701154.562500
0.3571900000000001,0.0252,0.0572,456774636701154.562500
0.3572000000000001,0.0196,0.056400000000000006,456774636701154.562500
0.35721,0.0228,0.0516,456774636701154.562500
0.3572200000000001,0.0212,0.0572,456774636701154.562500
0.35723000000000005,0.0212,0.058,456774636701154.562500
0.3572400000000001,0.0212,0.053200000000000004,456774636701154.562500
0.35725000000000007,0.022000000000000002,0.055600000000000004,456774636701154.562500
0.35726,0.022000000000000002,0.05,456774636701154.562500
0.3572700000000001,0.0252,0.055600000000000004,456774636701154.562500
0.35728000000000004,0.0196,0.05,456774636701154.562500
0.3572900000000001,0.0228,0.05,456774636701154.562500
0.35730000000000006,0.0228,0.040400000000000005,456774636701154.562500
0.35731,0.0196,0.0516,456774636701154.562500
0.3573200000000001,0.022000000000000002,0.0396,456774636701154.562500
0.35733000000000004,0.0228,0.050800000000000005,456774636701154.562500
0.3573400000000001,0.0244,0.0412,456774636701154.562500
0.35735000000000006,0.0228,0.0524,456774636701154.562500
0.3573600000000001,0.0244,0.050800000000000005,456774636701154.562500
0.3573700000000001,0.0204,0.058,456774636701154.562500
0.35738000000000003,0.022000000000000002,0.048400000000000006,456774636701154.562500
0.3573900000000001,0.0236,0.055600000000000004,456774636701154.562500
0.35740000000000005,0.0228,0.0548,456774636701154.562500
0.3574100000000001,0.0204,0.056400000000000006,456774636701154.562500
0.35742000000000007,0.0236,0.056400000000000006,456774636701154.562500
0.35743,0.0236,0.058,456774636701154.562500
0.3574400000000001,0.026000000000000002,0.055600000000000004,456774636701154.562500
0.35745000000000005,0.0244,0.055600000000000004,456774636701154.562500
0.3574600000000001,0.0204,0.056400000000000006,456774636701154.562500
0.35747000000000007,0.0244,0.056400000000000006,456774636701154.562500
0.35748,0.0204,0.0516,456774636701154.562500
0.3574900000000001,0.018000000000000002,0.054,456774636701154.562500
0.35750000000000004,0.0132,0.0572,456774636701154.562500
0.3575100000000001,0.018000000000000002,0.0572,456774636701154.562500
0.35752000000000006,0.0196,0.056400000000000006,456774636701154.562500
0.3575300000000001,0.0228,0.056400000000000006,456774636701154.562500
0.3575400000000001,0.0228,0.054,456774636701154.562500
0.35755000000000003,0.0236,0.0516,456774636701154.562500
0.3575600000000001,0.022000000000000002,0.056400000000000006,456774636701154.562500
0.35757000000000005,0.022000000000000002,0.0524,456774636701154.562500
0.3575800000000001,0.0228,0.053200000000000004,456774636701154.562500
0.3575900000000001,0.0228,0.0468,456774636701154.562500
0.35760000000000003,0.022000000000000002,0.056400000000000006,456774636701154.562500
0.3576100000000001,0.0228,0.0572,456774636701154.562500
0.35762000000000005,0.0228,0.0572,456774636701154.562500
0.3576300000000001,0.0236,0.0572,456774636701154.562500
0.35764000000000007,0.0228,0.058,456774636701154.562500
0.35765,0.022000000000000002,0.056400000000000006,456774636701154.562500
0.3576600000000001,0.0196,0.058,456774636701154.562500
0.35767000000000004,0.022000000000000002,0.0548,456774636701154.562500
0.3576800000000001,0.0196,0.0572,456774636701154.562500
0.35769000000000006,0.0228,0.058,456774636701154.562500
0.3577,0.0188,0.053200000000000004,456774636701154.562500
0.3577100000000001,0.0228,0.0524,456774636701154.562500
0.35772000000000004,0.0236,0.054,456774636701154.562500
0.3577300000000001,0.0252,0.058,456774636701154.562500
0.35774000000000006,0.0236,0.056400000000000006,456774636701154.562500
0.3577500000000001,0.0244,0.056400000000000006,456774636701154.562500
0.3577600000000001,0.0236,0.053200000000000004,456774636701154.562500
0.35777000000000003,0.0252,0.056400000000000006,456774636701154.562500
0.3577800000000001,0.0252,0.0548,456774636701154.562500
0.35779000000000005,0.026000000000000002,0.058,456774636701154.562500
0.3578000000000001,0.0244,0.053200000000000004,456774636701154.562500
0.3578100000000001,0.0236,0.0572,456774636701154.562500
0.35782,0.0236,0.05,456774636701154.562500
0.3578300000000001,0.0236,0.055600000000000004,456774636701154.562500
0.35784000000000005,0.022000000000000002,0.0572,456774636701154.562500
0.3578500000000001,0.0236,0.0548,456774636701154.562500
0.35786000000000007,0.0212,0.055600000000000004,456774636701154.562500
0.35787,0.022000000000000002,0.0476,456774636701154.562500
0.3578800000000001,0.0212,0.056400000000000006,456774636701154.562500
0.35789000000000004,0.022000000000000002,0.056400000000000006,456774636701154.562500
0.3579000000000001,0.0228,0.0572,456774636701154.562500
0.35791000000000006,0.0188,0.0548,456774636701154.562500
0.35792,0.022000000000000002,0.055600000000000004,456774636701154.562500
0.3579300000000001,0.0212,0.056400000000000006,456774636701154.562500
0.35794000000000004,0.0212,0.0572,456774636701154.562500
0.3579500000000001,0.0204,0.0572,456774636701154.562500
0.35796000000000006,0.0204,0.056400000000000006,456774636701154.562500
0.3579700000000001,0.018000000000000002,0.055600000000000004,456774636701154.562500
0.3579800000000001,0.0204,0.0548,456774636701154.562500
0.35799000000000003,0.0196,0.055600000000000004,456774636701154.562500
0.3580000000000001,0.0236,0.055600000000000004,456774636701154.562500
0.35801000000000005,0.0252,0.056400000000000006,456774636701154.562500
0.3580200000000001,0.0228,0.055600000000000004,456774636701154.562500
0.35803000000000007,0.022000000000000002,0.0572,456774636701154.562500
0.35804,0.0244,0.050800000000000005,456774636701154.562500
0.3580500000000001,0.0252,0.055600000000000004,456774636701154.562500
0.35806000000000004,0.0244,0.0524,456774636701154.562500
0.3580700000000001,0.0244,0.056400000000000006,456774636701154.562500
0.35808000000000006,0.026000000000000002,0.05,456774636701154.562500
0.35809,0.0236,0.0524,456774636701154.562500
0.3581000000000001,0.0244,0.0436,456774636701154.562500
0.35811000000000004,0.0212,0.058,456774636701154.562500
0.3581200000000001,0.0244,0.054,456774636701154.562500
0.35813000000000006,0.0228,0.058,456774636701154.562500
0.3581400000000001,0.0236,0.056400000000000006,456774636701154.562500
0.3581500000000001,0.0228,0.0492,456774636701154.562500
0.35816000000000003,0.0236,0.056400000000000006,456774636701154.562500
0.3581700000000001,0.0228,0.0476,456774636701154.562500
0.35818000000000005,0.0228,0.058,456774636701154.562500
0.3581900000000001,0.0212,0.0548,456774636701154.562500
0.3582000000000001,0.0212,0.056400000000000006,456774636701154.562500
0.35821000000000003,0.0228,0.0516,456774636701154.562500
0.3582200000000001,0.0212,0.053200000000000004,456774636701154.562500
0.35823000000000005,0.0196,0.058,456774636701154.562500
0.3582400000000001,0.0188,0.0524,456774636701154.562500
0.35825000000000007,0.0188,0.054,456774636701154.562500
0.35826,0.015600000000000001,0.056400000000000006,456774636701154.562500
0.3582700000000001,0.0212,0.056400000000000006,456774636701154.562500
0.35828000000000004,0.022000000000000002,0.056400000000000006,456774636701154.562500
0.3582900000000001,0.0228,0.0516,456774636701154.562500
0.35830000000000006,0.0252,0.056400000000000006,456774636701154.562500
0.35831,0.022000000000000002,0.0548,456774636701154.562500
0.3583200000000001,0.0244,0.0572,456774636701154.562500
0.35833000000000004,0.0236,0.0572,456774636701154.562500
0.3583400000000001,0.0252,0.056400000000000006,456774636701154.562500
0.35835000000000006,0.0244,0.055600000000000004,456774636701154.562500
0.3583600000000001,0.0244,0.0524,456774636701154.562500
0.3583700000000001,0.0252,0.0572,456774636701154.562500
0.35838000000000003,0.0244,0.055600000000000004,456774636701154.562500
0.3583900000000001,0.0228,0.0548,456774636701154.562500
0.35840000000000005,0.0236,0.0516,456774636701154.562500
0.3584100000000001,0.022000000000000002,0.05,456774636701154.562500
0.35842000000000007,0.0228,0.0492,456774636701154.562500
0.35843,0.0236,0.05,456774636701154.562500
0.3584400000000001,0.0236,0.0444,456774636701154.562500
0.35845000000000005,0.022000000000000002,0.053200000000000004,456774636701154.562500
0.3584600000000001,0.0228,0.0516,456774636701154.562500
0.35847000000000007,0.0204,0.0572,456774636701154.562500
0.35848,0.0244,0.0524,456774636701154.562500
0.3584900000000001,0.0236,0.056400000000000006,456774636701154.562500
0.35850000000000004,0.0228,0.058,456774636701154.562500
0.3585100000000001,0.018000000000000002,0.053200000000000004,456774636701154.562500
0.35852000000000006,0.0196,0.056400000000000006,456774636701154.562500
0.35853,0.015600000000000001,0.055600000000000004,456774636701154.562500
0.3585400000000001,0.0212,0.0572,456774636701154.562500
0.35855000000000004,0.0188,0.056400000000000006,456774636701154.562500
0.3585600000000001,0.0212,0.0596,456774636701154.562500
0.35857000000000006,0.0228,0.0572,456774636701154.562500
0.3585800000000001,0.022000000000000002,0.056400000000000006,456774636701154.562500
0.3585900000000001,0.0228,0.0516,456774636701154.562500
0.35860000000000003,0.0236,0.056400000000000006,456774636701154.562500
0.3586100000000001,0.0236,0.058,456774636701154.562500
0.35862000000000005,0.0252,0.058,456774636701154.562500
0.3586300000000001,0.0228,0.054,456774636701154.562500
0.35864000000000007,0.0204,0.054,456774636701154.562500
0.35865,0.0244,0.0572,456774636701154.562500
0.3586600000000001,0.0212,0.056400000000000006,456774636701154.562500
0.35867000000000004,0.0228,0.0572,456774636701154.562500
0.3586800000000001,0.0172,0.056400000000000006,456774636701154.562500
0.35869000000000006,0.0228,0.056400000000000006,456774636701154.562500
0.3587,0.0212,0.056400000000000006,456774636701154.562500
0.3587100000000001,0.0204,0.054,456774636701154.562500
0.35872000000000004,0.0204,0.0572,456774636701154.562500
0.3587300000000001,0.022000000000000002,0.056400000000000006,456774636701154.562500
0.35874000000000006,0.0244,0.056400000000000006,456774636701154.562500
0.3587500000000001,0.0228,0.056400000000000006,456774636701154.562500
0.3587600000000001,0.0212,0.054,456774636701154.562500
0.35877000000000003,0.0228,0.0572,456774636701154.562500
0.3587800000000001,0.0236,0.058,456774636701154.562500
0.35879000000000005,0.0228,0.055600000000000004,456774636701154.562500
0.3588000000000001,0.022000000000000002,0.0548,456774636701154.562500
0.3588100000000001,0.0172,0.0572,456774636701154.562500
0.35882000000000003,0.0212,0.058,456774636701154.562500
0.3588300000000001,0.022000000000000002,0.056400000000000006,456774636701154.562500
0.35884000000000005,0.0204,0.0548,456774636701154.562500
0.3588500000000001,0.0132,0.058,456774636701154.562500
0.35886000000000007,0.011600000000000001,0.0524,456774636701154.562500
0.35887,0.0132,0.0548,456774636701154.562500
0.3588800000000001,0.015600000000000001,0.056400000000000006,456774636701154.562500
0.35889000000000004,0.0164,0.0548,456774636701154.562500
0.3589000000000001,0.0196,0.055600000000000004,456774636701154.562500
0.35891000000000006,0.0228,0.0548,456774636701154.562500
0.35892,0.0228,0.058,456774636701154.562500
0.3589300000000001,0.0252,0.053200000000000004,456774636701154.562500
0.35894000000000004,0.0236,0.054,456774636701154.562500
0.3589500000000001,0.0244,0.0572,456774636701154.562500
0.35896000000000006,0.022000000000000002,0.054,456774636701154.562500
0.3589700000000001,0.0252,0.0548,456774636701154.562500
0.3589800000000001,0.026000000000000002,0.050800000000000005,456774636701154.562500
0.35899000000000003,0.0252,0.050800000000000005,456774636701154.562500
0.3590000000000001,0.0244,0.054,456774636701154.562500
0.35901000000000005,0.0252,0.0364,456774636701154.562500
0.3590200000000001,0.0236,0.0468,456774636701154.562500
0.35903000000000007,0.0236,0.042800000000000005,456774636701154.562500
0.35904,0.0236,0.0516,456774636701154.562500
0.3590500000000001,0.0236,0.046,456774636701154.562500
0.35906000000000005,0.0244,0.054,456774636701154.562500
0.3590700000000001,0.0236,0.055600000000000004,456774636701154.562500
0.35908000000000007,0.0196,0.0572,456774636701154.562500
0.35909,0.022000000000000002,0.0476,456774636701154.562500
0.3591000000000001,0.022000000000000002,0.058,456774636701154.562500
0.35911000000000004,0.0228,0.058,456774636701154.562500
0.3591200000000001,0.0236,0.055600000000000004,456774636701154.562500
0.35913000000000006,0.015600000000000001,0.0548,456774636701154.562500
0.35914,0.0188,0.0444,456774636701154.562500
0.3591500000000001,0.014,0.0524,456774636701154.562500
0.35916000000000003,0.0204,0.048400000000000006,456774636701154.562500
0.3591700000000001,0.022000000000000002,0.053200000000000004,456774636701154.562500
0.35918000000000005,0.022000000000000002,0.0468,456774636701154.562500
0.3591900000000001,0.0212,0.053200000000000004,456774636701154.562500
0.3592000000000001,0.022000000000000002,0.054,456774636701154.562500
0.35921000000000003,0.022000000000000002,0.0548,456774636701154.562500
0.3592200000000001,0.022000000000000002,0.0516,456774636701154.562500
0.35923000000000005,0.0236,0.0492,456774636701154.562500
0.3592400000000001,0.0236,0.0516,456774636701154.562500
0.35925000000000007,0.0196,0.0572,456774636701154.562500
0.35926,0.0244,0.055600000000000004,456774636701154.562500
0.3592700000000001,0.0164,0.054,456774636701154.562500
0.35928000000000004,0.0228,0.050800000000000005,456774636701154.562500
0.3592900000000001,0.0204,0.050800000000000005,456774636701154.562500
0.35930000000000006,0.0244,0.054,456774636701154.562500
0.35931,0.0164,0.045200000000000004,456774636701154.562500
0.3593200000000001,0.0244,0.0548,456774636701154.562500
0.35933000000000004,0.0188,0.056400000000000006,456774636701154.562500
0.3593400000000001,0.0212,0.048400000000000006,456774636701154.562500
0.35935000000000006,0.0196,0.0468,456774636701154.562500
0.3593600000000001,0.0228,0.0468,456774636701154.562500
0.3593700000000001,0.0204,0.045200000000000004,456774636701154.562500
0.35938000000000003,0.0236,0.050800000000000005,456774636701154.562500
0.3593900000000001,0.0236,0.0548,456774636701154.562500
0.35940000000000005,0.0204,0.0516,456774636701154.562500
0.3594100000000001,0.0212,0.053200000000000004,456774636701154.562500
0.3594200000000001,0.0204,0.0572,456774636701154.562500
0.35943,0.022000000000000002,0.056400000000000006,456774636701154.562500
0.3594400000000001,0.0212,0.053200000000000004,456774636701154.562500
0.35945000000000005,0.0228,0.0476,456774636701154.562500
0.3594600000000001,0.0212,0.0548,456774636701154.562500
0.35947000000000007,0.0228,0.058,456774636701154.562500
0.35948,0.0228,0.0468,456774636701154.562500
0.3594900000000001,0.0244,0.0476,456774636701154.562500
0.35950000000000004,0.0228,0.0516,456774636701154.562500
0.3595100000000001,0.0252,0.0572,456774636701154.562500
0.35952000000000006,0.0236,0.054,456774636701154.562500
0.35953,0.0236,0.055600000000000004,456774636701154.562500
0.3595400000000001,0.022000000000000002,0.056400000000000006,456774636701154.562500
0.35955000000000004,0.0236,0.056400000000000006,456774636701154.562500
0.3595600000000001,0.0252,0.0548,456774636701154.562500
0.35957000000000006,0.026000000000000002,0.055600000000000004,456774636701154.562500
0.3595800000000001,0.0236,0.056400000000000006,456774636701154.562500
0.3595900000000001,0.0228,0.056400000000000006,456774636701154.562500
0.35960000000000003,0.0244,0.0548,456774636701154.562500
0.3596100000000001,0.0244,0.055600000000000004,456774636701154.562500
0.35962000000000005,0.0236,0.055600000000000004,456774636701154.562500
0.3596300000000001,0.0244,0.056400000000000006,456774636701154.562500
0.35964000000000007,0.0244,0.056400000000000006,456774636701154.562500
0.35965,0.0228,0.053200000000000004,456774636701154.562500
0.3596600000000001,0.0228,0.0572,456774636701154.562500
0.35967000000000005,0.0236,0.0492,456774636701154.562500
0.3596800000000001,0.0228,0.053200000000000004,456774636701154.562500
0.35969000000000007,0.0228,0.0468,456774636701154.562500
0.3597,0.0212,0.055600000000000004,456774636701154.562500
0.3597100000000001,0.0228,0.050800000000000005,456774636701154.562500
0.35972000000000004,0.0236,0.050800000000000005,456774636701154.562500
0.3597300000000001,0.022000000000000002,0.050800000000000005,456774636701154.562500
0.35974000000000006,0.0196,0.054,456774636701154.562500
0.3597500000000001,0.0212,0.05,456774636701154.562500
0.3597600000000001,0.0196,0.058,456774636701154.562500
0.35977000000000003,0.0228,0.0572,456774636701154.562500
0.3597800000000001,0.022000000000000002,0.054,456774636701154.562500
0.35979000000000005,0.0212,0.0572,456774636701154.562500
0.3598000000000001,0.0212,0.0572,456774636701154.562500
0.3598100000000001,0.0212,0.055600000000000004,456774636701154.562500
0.35982000000000003,0.0204,0.053200000000000004,456774636701154.562500
0.3598300000000001,0.0172,0.0548,456774636701154.562500
0.35984000000000005,0.0172,0.056400000000000006,456774636701154.562500
0.3598500000000001,0.018000000000000002,0.050800000000000005,456774636701154.562500
0.35986000000000007,0.0188,0.055600000000000004,456774636701154.562500
0.35987,0.0188,0.056400000000000006,456774636701154.562500
0.3598800000000001,0.0212,0.056400000000000006,456774636701154.562500
0.35989000000000004,0.0236,0.055600000000000004,456774636701154.562500
0.3599000000000001,0.0212,0.058,456774636701154.562500
0.35991000000000006,0.0212,0.056400000000000006,456774636701154.562500
0.35992,0.0188,0.058,456774636701154.562500
0.3599300000000001,0.0212,0.056400000000000006,456774636701154.562500
0.35994000000000004,0.0212,0.0572,456774636701154.562500
0.3599500000000001,0.022000000000000002,0.058,456774636701154.562500
0.35996000000000006,0.0228,0.0572,456774636701154.562500
0.3599700000000001,0.0236,0.053200000000000004,456774636701154.562500
0.3599800000000001,0.0236,0.056400000000000006,456774636701154.562500
0.35999000000000003,0.022000000000000002,0.053200000000000004,456774636701154.562500
0.3600000000000001,0.0228,0.0572,456774636701154.562500
0.36001000000000005,0.022000000000000002,0.058,456774636701154.562500
0.3600200000000001,0.0228,0.055600000000000004,456774636701154.562500
0.36003000000000007,0.0236,0.056400000000000006,456774636701154.562500
0.36004,0.0228,0.0572,456774636701154.562500
0.3600500000000001,0.0228,0.053200000000000004,456774636701154.562500
0.36006000000000005,0.022000000000000002,0.056400000000000006,456774636701154.562500
0.3600700000000001,0.022000000000000002,0.053200000000000004,456774636701154.562500
0.36008000000000007,0.0228,0.0548,456774636701154.562500
0.36009,0.0244,0.054,456774636701154.562500
0.3601000000000001,0.0236,0.0572,456774636701154.562500
0.36011000000000004,0.0204,0.0468,456774636701154.562500
0.3601200000000001,0.0236,0.045200000000000004,456774636701154.562500
0.36013000000000006,0.0236,0.05,456774636701154.562500
0.36014,0.0196,0.053200000000000004,456774636701154.562500
0.3601500000000001,0.0244,0.050800000000000005,456774636701154.562500
0.36016000000000004,0.0236,0.055600000000000004,456774636701154.562500
0.3601700000000001,0.026000000000000002,0.056400000000000006,456774636701154.562500
0.36018000000000006,0.0236,0.058800000000000005,456774636701154.562500
0.3601900000000001,0.0236,0.056400000000000006,456774636701154.562500
0.3602000000000001,0.022000000000000002,0.056400000000000006,456774636701154.562500
0.36021000000000003,0.0244,0.0548,456774636701154.562500
0.3602200000000001,0.0228,0.056400000000000006,456774636701154.562500
0.36023000000000005,0.0236,0.056400000000000006,456774636701154.562500
0.3602400000000001,0.0244,0.054,456774636701154.562500
0.36025000000000007,0.0228,0.056400000000000006,456774636701154.562500
0.36026,0.022000000000000002,0.0476,456774636701154.562500
0.3602700000000001,0.0228,0.056400000000000006,456774636701154.562500
0.36028000000000004,0.0236,0.053200000000000004,456774636701154.562500
0.3602900000000001,0.022000000000000002,0.055600000000000004,456774636701154.562500
0.36030000000000006,0.022000000000000002,0.053200000000000004,456774636701154.562500
0.36031,0.0204,0.054,456774636701154.562500
0.3603200000000001,0.0196,0.0572,456774636701154.562500
0.36033000000000004,0.018000000000000002,0.058,456774636701154.562500
0.3603400000000001,0.0228,0.0572,456774636701154.562500
0.36035000000000006,0.022000000000000002,0.056400000000000006,456774636701154.562500
0.3603600000000001,0.022000000000000002,0.056400000000000006,456774636701154.562500
0.3603700000000001,0.018000000000000002,0.058,456774636701154.562500
0.36038000000000003,0.022000000000000002,0.058800000000000005,456774636701154.562500
0.3603900000000001,0.022000000000000002,0.058,456774636701154.562500
0.36040000000000005,0.022000000000000002,0.055600000000000004,456774636701154.562500
0.3604100000000001,0.022000000000000002,0.053200000000000004,456774636701154.562500
0.3604200000000001,0.0228,0.056400000000000006,456774636701154.562500
0.36043000000000003,0.022000000000000002,0.0548,456774636701154.562500
0.3604400000000001,0.0236,0.0548,456774636701154.562500
0.36045000000000005,0.022000000000000002,0.0548,456774636701154.562500
0.3604600000000001,0.0212,0.056400000000000006,456774636701154.562500
0.36047000000000007,0.0252,0.056400000000000006,456774636701154.562500
0.36048,0.0244,0.056400000000000006,456774636701154.562500
0.3604900000000001,0.022000000000000002,0.055600000000000004,456774636701154.562500
0.36050000000000004,0.0244,0.0572,456774636701154.562500
0.3605100000000001,0.0244,0.0572,456774636701154.562500
0.36052000000000006,0.0244,0.055600000000000004,456774636701154.562500
0.36053,0.0244,0.0572,456774636701154.562500
0.3605400000000001,0.022000000000000002,0.058,456774636701154.562500
0.36055000000000004,0.022000000000000002,0.0572,456774636701154.562500
0.3605600000000001,0.022000000000000002,0.055600000000000004,456774636701154.562500
0.36057000000000006,0.0236,0.058,456774636701154.562500
0.3605800000000001,0.0236,0.0572,456774636701154.562500
0.3605900000000001,0.022000000000000002,0.056400000000000006,456774636701154.562500
0.36060000000000003,0.022000000000000002,0.0596,456774636701154.562500
0.3606100000000001,0.022000000000000002,0.056400000000000006,456774636701154.562500
0.36062000000000005,0.0212,0.0572,456774636701154.562500
0.3606300000000001,0.0204,0.056400000000000006,456774636701154.562500
0.36064000000000007,0.0236,0.056400000000000006,456774636701154.562500
0.36065,0.022000000000000002,0.056400000000000006,456774636701154.562500
0.3606600000000001,0.0236,0.056400000000000006,456774636701154.562500
0.36067000000000005,0.0212,0.0572,456774636701154.562500
0.3606800000000001,0.0228,0.056400000000000006,456774636701154.562500
0.36069000000000007,0.022000000000000002,0.056400000000000006,456774636701154.562500
0.3607,0.022000000000000002,0.058,456774636701154.562500
0.3607100000000001,0.0228,0.0548,456774636701154.562500
0.36072000000000004,0.0204,0.055600000000000004,456774636701154.562500
0.3607300000000001,0.0236,0.0548,456774636701154.562500
0.36074000000000006,0.0212,0.0524,456774636701154.562500
0.36075,0.0236,0.058,456774636701154.562500
0.3607600000000001,0.0244,0.054,456774636701154.562500
0.36077000000000004,0.0236,0.055600000000000004,456774636701154.562500
0.3607800000000001,0.0244,0.053200000000000004,456774636701154.562500
0.36079000000000006,0.0228,0.0548,456774636701154.562500
0.3608000000000001,0.0236,0.054,456774636701154.562500
0.3608100000000001,0.0236,0.0572,456774636701154.562500
0.36082000000000003,0.0236,0.056400000000000006,456774636701154.562500
0.3608300000000001,0.0212,0.056400000000000006,456774636701154.562500
0.36084000000000005,0.0228,0.0572,456774636701154.562500
0.3608500000000001,0.0244,0.0548,456774636701154.562500
0.36086000000000007,0.022000000000000002,0.0572,456774636701154.562500
0.36087,0.0212,0.053200000000000004,456774636701154.562500
0.3608800000000001,0.0236,0.0572,456774636701154.562500
0.36089000000000004,0.0236,0.0548,456774636701154.562500
0.3609000000000001,0.022000000000000002,0.054,456774636701154.562500
0.36091000000000006,0.0212,0.0572,456774636701154.562500
0.36092,0.022000000000000002,0.0572,456774636701154.562500
0.3609300000000001,0.0236,0.055600000000000004,456774636701154.562500
0.36094000000000004,0.0228,0.056400000000000006,456774636701154.562500
0.3609500000000001,0.0212,0.056400000000000006,456774636701154.562500
0.36096000000000006,0.0236,0.056400000000000006,456774636701154.562500
0.3609700000000001,0.0212,0.058,456774636701154.562500
0.3609800000000001,0.022000000000000002,0.056400000000000006,456774636701154.562500
0.36099000000000003,0.0188,0.058,456774636701154.562500
0.3610000000000001,0.0212,0.055600000000000004,456774636701154.562500
0.36101000000000005,0.0196,0.0572,456774636701154.562500
0.3610200000000001,0.0196,0.0548,456774636701154.562500
0.3610300000000001,0.022000000000000002,0.055600000000000004,456774636701154.562500
0.36104,0.0236,0.055600000000000004,456774636701154.562500
0.3610500000000001,0.0236,0.058,456774636701154.562500
0.36106000000000005,0.0228,0.058,456774636701154.562500
0.3610700000000001,0.0244,0.055600000000000004,456774636701154.562500
0.36108000000000007,0.0236,0.0572,456774636701154.562500
0.36109,0.0244,0.0572,456774636701154.562500
0.3611000000000001,0.0252,0.053200000000000004,456774636701154.562500
0.36111000000000004,0.0228,0.0572,456774636701154.562500
0.3611200000000001,0.0244,0.056400000000000006,456774636701154.562500
0.36113000000000006,0.0252,0.053200000000000004,456774636701154.562500
0.36114,0.0244,0.058,456774636701154.562500
0.3611500000000001,0.0212,0.0572,456774636701154.562500
0.36116000000000004,0.0244,0.0524,456774636701154.562500
0.3611700000000001,0.022000000000000002,0.056400000000000006,456774636701154.562500
0.36118000000000006,0.0228,0.0572,456774636701154.562500
0.3611900000000001,0.0244,0.058,456774636701154.562500
0.3612000000000001,0.022000000000000002,0.0572,456774636701154.562500
0.36121000000000003,0.022000000000000002,0.056400000000000006,456774636701154.562500
0.3612200000000001,0.022000000000000002,0.058,456774636701154.562500
0.36123000000000005,0.0228,0.058,456774636701154.562500
0.3612400000000001,0.022000000000000002,0.0548,456774636701154.562500
0.36125000000000007,0.0212,0.055600000000000004,456774636701154.562500
0.36126,0.0212,0.0572,456774636701154.562500
0.3612700000000001,0.0236,0.055600000000000004,456774636701154.562500
0.36128000000000005,0.0212,0.054,456774636701154.562500
0.3612900000000001,0.0204,0.0572,456774636701154.562500
0.36130000000000007,0.022000000000000002,0.0572,456774636701154.562500
0.36131,0.0204,0.0572,456774636701154.562500
0.3613200000000001,0.0228,0.058,456774636701154.562500
0.36133000000000004,0.0228,0.056400000000000006,456774636701154.562500
0.3613400000000001,0.0228,0.0548,456774636701154.562500
0.36135000000000006,0.0236,0.056400000000000006,456774636701154.562500
0.3613600000000001,0.0236,0.0572,456774636701154.562500
0.3613700000000001,0.0252,0.0572,456774636701154.562500
0.36138000000000003,0.022000000000000002,0.054,456774636701154.562500
0.3613900000000001,0.0204,0.058,456774636701154.562500
0.36140000000000005,0.022000000000000002,0.0516,456774636701154.562500
0.3614100000000001,0.0236,0.058,456774636701154.562500
0.3614200000000001,0.0244,0.056400000000000006,456774636701154.562500
0.36143000000000003,0.0236,0.056400000000000006,456774636701154.562500
0.3614400000000001,0.0252,0.0572,456774636701154.562500
0.36145000000000005,0.0228,0.0572,456774636701154.562500
0.3614600000000001,0.0228,0.058,456774636701154.562500
0.36147000000000007,0.0236,0.0572,456774636701154.562500
0.36148,0.0228,0.0572,456774636701154.562500
0.3614900000000001,0.0212,0.058,456774636701154.562500
0.36150000000000004,0.022000000000000002,0.056400000000000006,456774636701154.562500
0.3615100000000001,0.022000000000000002,0.056400000000000006,456774636701154.562500
0.36152000000000006,0.0228,0.056400000000000006,456774636701154.562500
0.36153,0.0228,0.058,456774636701154.562500
0.3615400000000001,0.0204,0.056400000000000006,456774636701154.562500
0.36155000000000004,0.0236,0.055600000000000004,456774636701154.562500
0.3615600000000001,0.0212,0.0516,456774636701154.562500
0.36157000000000006,0.0212,0.058,456774636701154.562500
0.3615800000000001,0.0172,0.0516,456774636701154.562500
0.3615900000000001,0.0236,0.058,456774636701154.562500
0.36160000000000003,0.0204,0.0548,456774636701154.562500
0.3616100000000001,0.0236,0.056400000000000006,456774636701154.562500
0.36162000000000005,0.022000000000000002,0.0548,456774636701154.562500
0.3616300000000001,0.0236,0.056400000000000006,456774636701154.562500
0.3616400000000001,0.0228,0.0548,456774636701154.562500
0.36165,0.0228,0.058,456774636701154.562500
0.3616600000000001,0.0236,0.058,456774636701154.562500
0.36167000000000005,0.0236,0.0572,456774636701154.562500
0.3616800000000001,0.0236,0.0572,456774636701154.562500
0.36169000000000007,0.0244,0.055600000000000004,456774636701154.562500
0.3617,0.0236,0.058,456774636701154.562500
0.3617100000000001,0.0244,0.058,456774636701154.562500
0.36172000000000004,0.0244,0.058,456774636701154.562500
0.3617300000000001,0.0244,0.0572,456774636701154.562500
0.36174000000000006,0.0244,0.056400000000000006,456774636701154.562500
0.36175,0.0236,0.0516,456774636701154.562500
0.3617600000000001,0.0236,0.0572,456774636701154.562500
0.36177000000000004,0.0244,0.056400000000000006,456774636701154.562500
0.3617800000000001,0.0212,0.058,456774636701154.562500
0.36179000000000006,0.0228,0.056400000000000006,456774636701154.562500
0.3618000000000001,0.022000000000000002,0.058,456774636701154.562500
0.3618100000000001,0.0236,0.054,456774636701154.562500
0.36182000000000003,0.0244,0.054,456774636701154.562500
0.3618300000000001,0.022000000000000002,0.058,456774636701154.562500
0.36184000000000005,0.0228,0.0572,456774636701154.562500
0.3618500000000001,0.0196,0.0548,456774636701154.562500
0.36186000000000007,0.0236,0.054,456774636701154.562500
0.36187,0.0236,0.050800000000000005,456774636701154.562500
0.3618800000000001,0.0236,0.046,456774636701154.562500
0.36189000000000004,0.0236,0.0292,456774636701154.562500
0.3619000000000001,0.0212,0.034800000000000005,456774636701154.562500
0.36191000000000006,0.0228,0.0364,456774636701154.562500
0.36192,0.022000000000000002,0.0388,456774636701154.562500
0.3619300000000001,0.022000000000000002,0.042,456774636701154.562500
0.36194000000000004,0.0236,0.045200000000000004,456774636701154.562500
0.3619500000000001,0.0212,0.0516,456774636701154.562500
0.36196000000000006,0.0236,0.056400000000000006,456774636701154.562500
0.3619700000000001,0.0204,0.055600000000000004,456774636701154.562500
0.3619800000000001,0.0244,0.0524,456774636701154.562500
0.36199000000000003,0.0236,0.05,456774636701154.562500
0.3620000000000001,0.0228,0.0468,456774636701154.562500
0.36201000000000005,0.0236,0.0548,456774636701154.562500
0.3620200000000001,0.0236,0.0572,456774636701154.562500
0.3620300000000001,0.026000000000000002,0.056400000000000006,456774636701154.562500
0.36204000000000003,0.0244,0.055600000000000004,456774636701154.562500
0.3620500000000001,0.0252,0.056400000000000006,456774636701154.562500
0.36206000000000005,0.0236,0.0524,456774636701154.562500
0.3620700000000001,0.0228,0.0444,456774636701154.562500
0.36208000000000007,0.0236,0.055600000000000004,456774636701154.562500
0.36209,0.0236,0.055600000000000004,456774636701154.562500
0.3621000000000001,0.0228,0.055600000000000004,456774636701154.562500
0.36211000000000004,0.022000000000000002,0.0572,456774636701154.562500
0.3621200000000001,0.0228,0.0436,456774636701154.562500
0.36213000000000006,0.0228,0.0572,456774636701154.562500
0.36214,0.0204,0.0516,456774636701154.562500
0.3621500000000001,0.0228,0.056400000000000006,456774636701154.562500
0.36216000000000004,0.0196,0.0572,456774636701154.562500
0.3621700000000001,0.022000000000000002,0.0572,456774636701154.562500
0.36218000000000006,0.022000000000000002,0.058,456774636701154.562500
0.3621900000000001,0.0204,0.0572,456774636701154.562500
0.3622000000000001,0.0228,0.0572,456774636701154.562500
0.36221000000000003,0.0228,0.0572,456774636701154.562500
0.3622200000000001,0.022000000000000002,0.056400000000000006,456774636701154.562500
0.36223000000000005,0.0228,0.0572,456774636701154.562500
0.3622400000000001,0.0228,0.054,456774636701154.562500
0.36225000000000007,0.0212,0.056400000000000006,456774636701154.562500
0.36226,0.022000000000000002,0.058800000000000005,456774636701154.562500
0.3622700000000001,0.0236,0.0548,456774636701154.562500
0.36228000000000005,0.0244,0.055600000000000004,456774636701154.562500
0.3622900000000001,0.0244,0.056400000000000006,456774636701154.562500
0.36230000000000007,0.0212,0.0548,456774636701154.562500
0.36231,0.0244,0.056400000000000006,456774636701154.562500
0.3623200000000001,0.022000000000000002,0.056400000000000006,456774636701154.562500
0.36233000000000004,0.0212,0.0524,456774636701154.562500
0.3623400000000001,0.0244,0.048400000000000006,456774636701154.562500
0.36235000000000006,0.0244,0.058,456774636701154.562500
0.36236,0.0228,0.056400000000000006,456774636701154.562500
0.3623700000000001,0.0244,0.056400000000000006,456774636701154.562500
0.36238000000000004,0.0228,0.05,456774636701154.562500
0.3623900000000001,0.0244,0.055600000000000004,456774636701154.562500
0.36240000000000006,0.022000000000000002,0.058,456774636701154.562500
0.3624100000000001,0.022000000000000002,0.055600000000000004,456774636701154.562500
0.3624200000000001,0.022000000000000002,0.055600000000000004,456774636701154.562500
0.36243000000000003,0.0196,0.056400000000000006,456774636701154.562500
0.3624400000000001,0.0244,0.054,456774636701154.562500
0.36245000000000005,0.022000000000000002,0.055600000000000004,456774636701154.562500
0.3624600000000001,0.0228,0.054,456774636701154.562500
0.36247000000000007,0.0204,0.0412,456774636701154.562500
0.36248,0.0236,0.048400000000000006,456774636701154.562500
0.3624900000000001,0.022000000000000002,0.054,456774636701154.562500
0.36250000000000004,0.0204,0.055600000000000004,456774636701154.562500
0.3625100000000001,0.0188,0.055600000000000004,456774636701154.562500
0.36252000000000006,0.0228,0.058,456774636701154.562500
0.36253,0.0228,0.055600000000000004,456774636701154.562500
0.3625400000000001,0.0228,0.0572,456774636701154.562500
0.36255000000000004,0.0228,0.0572,456774636701154.562500
0.3625600000000001,0.0228,0.055600000000000004,456774636701154.562500
0.36257000000000006,0.022000000000000002,0.0572,456774636701154.562500
0.3625800000000001,0.0212,0.0524,456774636701154.562500
0.3625900000000001,0.0244,0.0516,456774636701154.562500
0.36260000000000003,0.0228,0.055600000000000004,456774636701154.562500
0.3626100000000001,0.0228,0.0572,456774636701154.562500
0.36262000000000005,0.0236,0.0572,456774636701154.562500
0.3626300000000001,0.0252,0.05,456774636701154.562500
0.3626400000000001,0.0236,0.053200000000000004,456774636701154.562500
0.36265000000000003,0.0252,0.042,456774636701154.562500
0.3626600000000001,0.0228,0.0492,456774636701154.562500
0.36267000000000005,0.0236,0.05,456774636701154.562500
0.3626800000000001,0.022000000000000002,0.048400000000000006,456774636701154.562500
0.36269000000000007,0.0228,0.0572,456774636701154.562500
0.3627,0.0236,0.0548,456774636701154.562500
0.3627100000000001,0.022000000000000002,0.055600000000000004,456774636701154.562500
0.36272000000000004,0.0228,0.0516,456774636701154.562500
0.3627300000000001,0.0228,0.056400000000000006,456774636701154.562500
0.36274000000000006,0.0228,0.0548,456774636701154.562500
0.36275,0.0212,0.055600000000000004,456774636701154.562500
0.3627600000000001,0.0228,0.0572,456774636701154.562500
0.36277000000000004,0.0228,0.056400000000000006,456774636701154.562500
0.3627800000000001,0.0236,0.055600000000000004,456774636701154.562500
0.36279000000000006,0.0228,0.0548,456774636701154.562500
0.3628000000000001,0.0228,0.056400000000000006,456774636701154.562500
0.3628100000000001,0.0228,0.055600000000000004,456774636701154.562500
0.36282000000000003,0.0236,0.0572,456774636701154.562500
0.3628300000000001,0.0228,0.058,456774636701154.562500
0.36284000000000005,0.0228,0.058,456774636701154.562500
0.3628500000000001,0.0212,0.055600000000000004,456774636701154.562500
0.36286000000000007,0.0228,0.053200000000000004,456774636701154.562500
0.36287,0.0228,0.058,456774636701154.562500
0.3628800000000001,0.0212,0.055600000000000004,456774636701154.562500
0.36289000000000005,0.0228,0.0572,456774636701154.562500
0.3629000000000001,0.0204,0.056400000000000006,456774636701154.562500
0.36291000000000007,0.0236,0.0572,456774636701154.562500
0.36292,0.0252,0.055600000000000004,456774636701154.562500
0.3629300000000001,0.0228,0.0572,456774636701154.562500
0.36294000000000004,0.0236,0.0516,456774636701154.562500
0.3629500000000001,0.0244,0.055600000000000004,456774636701154.562500
0.36296000000000006,0.0244,0.056400000000000006,456774636701154.562500
0.3629700000000001,0.0244,0.054,456774636701154.562500
0.3629800000000001,0.022000000000000002,0.0524,456774636701154.562500
0.36299000000000003,0.0228,0.0516,456774636701154.562500
0.3630000000000001,0.0252,0.056400000000000006,456774636701154.562500
0.36301000000000005,0.0212,0.056400000000000006,456774636701154.562500
0.3630200000000001,0.022000000000000002,0.055600000000000004,456774636701154.562500
0.3630300000000001,0.0196,0.056400000000000006,456774636701154.562500
0.36304000000000003,0.022000000000000002,0.0524,456774636701154.562500
0.3630500000000001,0.0204,0.0548,456774636701154.562500
0.36306000000000005,0.0212,0.0492,456774636701154.562500
0.3630700000000001,0.022000000000000002,0.055600000000000004,456774636701154.562500
0.36308000000000007,0.022000000000000002,0.055600000000000004,456774636701154.562500
0.36309,0.0236,0.0572,456774636701154.562500
0.3631000000000001,0.022000000000000002,0.0524,456774636701154.562500
0.36311000000000004,0.0212,0.0468,456774636701154.562500
0.3631200000000001,0.0228,0.05,456774636701154.562500
0.36313000000000006,0.0228,0.0436,456774636701154.562500
0.36314,0.0228,0.054,456774636701154.562500
0.3631500000000001,0.0236,0.054,456774636701154.562500
0.36316000000000004,0.0228,0.056400000000000006,456774636701154.562500
0.3631700000000001,0.0212,0.056400000000000006,456774636701154.562500
0.36318000000000006,0.0244,0.05,456774636701154.562500
0.3631900000000001,0.0196,0.058,456774636701154.562500
0.3632000000000001,0.0236,0.056400000000000006,456774636701154.562500
0.36321000000000003,0.0228,0.056400000000000006,456774636701154.562500
0.3632200000000001,0.0252,0.0572,456774636701154.562500
0.36323000000000005,0.0244,0.05,456774636701154.562500
0.3632400000000001,0.0228,0.058800000000000005,456774636701154.562500
0.3632500000000001,0.0252,0.0572,456774636701154.562500
0.36326,0.0244,0.056400000000000006,456774636701154.562500
0.3632700000000001,0.026000000000000002,0.058,456774636701154.562500
0.36328000000000005,0.0244,0.055600000000000004,456774636701154.562500
0.3632900000000001,0.0244,0.05,456774636701154.562500
0.36330000000000007,0.0236,0.055600000000000004,456774636701154.562500
0.36331,0.0228,0.0572,456774636701154.562500
0.3633200000000001,0.0236,0.058,456774636701154.562500
0.36333000000000004,0.0196,0.0572,456774636701154.562500
0.3633400000000001,0.0236,0.056400000000000006,456774636701154.562500
0.36335000000000006,0.022000000000000002,0.053200000000000004,456774636701154.562500
0.36336,0.0228,0.055600000000000004,456774636701154.562500
0.3633700000000001,0.0244,0.0476,456774636701154.562500
0.36338000000000004,0.0212,0.0548,456774636701154.562500
0.3633900000000001,0.0228,0.056400000000000006,456774636701154.562500
0.36340000000000006,0.0204,0.055600000000000004,456774636701154.562500
0.3634100000000001,0.0228,0.056400000000000006,456774636701154.562500
0.3634200000000001,0.0236,0.0548,456774636701154.562500
0.36343000000000003,0.022000000000000002,0.053200000000000004,456774636701154.562500
0.3634400000000001,0.0228,0.058,456774636701154.562500
0.36345000000000005,0.0212,0.058,456774636701154.562500
0.3634600000000001,0.0236,0.056400000000000006,456774636701154.562500
0.36347000000000007,0.0196,0.054,456774636701154.562500
0.36348,0.0228,0.056400000000000006,456774636701154.562500
0.3634900000000001,0.0228,0.058,456774636701154.562500
0.36350000000000005,0.0212,0.0572,456774636701154.562500
0.3635100000000001,0.0236,0.0572,456774636701154.562500
0.36352000000000007,0.0252,0.055600000000000004,456774636701154.562500
0.36353,0.0244,0.055600000000000004,456774636701154.562500
0.3635400000000001,0.0236,0.058,456774636701154.562500
0.36355000000000004,0.0244,0.0572,456774636701154.562500
0.3635600000000001,0.0252,0.056400000000000006,456774636701154.562500
0.36357000000000006,0.0252,0.054,456774636701154.562500
0.3635800000000001,0.0236,0.058,456774636701154.562500
0.3635900000000001,0.0236,0.0524,456774636701154.562500
0.36360000000000003,0.0236,0.0572,456774636701154.562500
0.3636100000000001,0.0244,0.055600000000000004,456774636701154.562500
0.36362000000000005,0.0244,0.053200000000000004,456774636701154.562500
0.3636300000000001,0.022000000000000002,0.0516,456774636701154.562500
0.3636400000000001,0.0212,0.054,456774636701154.562500
0.36365000000000003,0.0236,0.0572,456774636701154.562500
0.3636600000000001,0.0188,0.0572,456774636701154.562500
0.36367000000000005,0.022000000000000002,0.058,456774636701154.562500
0.3636800000000001,0.0236,0.058,456774636701154.562500
0.36369000000000007,0.0204,0.058,456774636701154.562500
0.3637,0.0236,0.056400000000000006,456774636701154.562500
0.3637100000000001,0.0188,0.0572,456774636701154.562500
0.36372000000000004,0.0228,0.056400000000000006,456774636701154.562500
0.3637300000000001,0.0196,0.056400000000000006,456774636701154.562500
0.36374000000000006,0.0228,0.0548,456774636701154.562500
0.36375,0.0196,0.054,456774636701154.562500
0.3637600000000001,0.0228,0.0572,456774636701154.562500
0.36377000000000004,0.0228,0.0492,456774636701154.562500
0.3637800000000001,0.0236,0.055600000000000004,456774636701154.562500
0.36379000000000006,0.0228,0.0524,456774636701154.562500
0.3638000000000001,0.0244,0.055600000000000004,456774636701154.562500
0.3638100000000001,0.0236,0.0572,456774636701154.562500
0.36382000000000003,0.0244,0.058,456774636701154.562500
0.3638300000000001,0.0228,0.058,456774636701154.562500
0.36384000000000005,0.0252,0.056400000000000006,456774636701154.562500
0.3638500000000001,0.0236,0.058,456774636701154.562500
0.3638600000000001,0.0252,0.0572,456774636701154.562500
0.36387,0.0244,0.0548,456774636701154.562500
0.3638800000000001,0.0236,0.058,456774636701154.562500
0.36389000000000005,0.0236,0.0548,456774636701154.562500
0.3639000000000001,0.022000000000000002,0.058,456774636701154.562500
0.36391000000000007,0.0236,0.0572,456774636701154.562500
0.36392,0.0236,0.056400000000000006,456774636701154.562500
0.3639300000000001,0.022000000000000002,0.055600000000000004,456774636701154.562500
0.36394000000000004,0.0236,0.0476,456774636701154.562500
0.3639500000000001,0.0196,0.055600000000000004,456774636701154.562500
0.36396000000000006,0.0236,0.05,456774636701154.562500
0.36397,0.0196,0.0524,456774636701154.562500
0.3639800000000001,0.0212,0.0548,456774636701154.562500
0.36399000000000004,0.022000000000000002,0.056400000000000006,456774636701154.562500
0.3640000000000001,0.0236,0.058,456774636701154.562500
0.36401000000000006,0.022000000000000002,0.056400000000000006,456774636701154.562500
0.3640200000000001,0.0228,0.056400000000000006,456774636701154.562500
0.3640300000000001,0.0228,0.0572,456774636701154.562500
0.36404000000000003,0.022000000000000002,0.056400000000000006,456774636701154.562500
0.3640500000000001,0.022000000000000002,0.056400000000000006,456774636701154.562500
0.36406000000000005,0.0204,0.054,456774636701154.562500
0.3640700000000001,0.022000000000000002,0.0548,456774636701154.562500
0.36408000000000007,0.0228,0.055600000000000004,456774636701154.562500
0.36409,0.0228,0.0572,456774636701154.562500
0.3641000000000001,0.0212,0.058,456774636701154.562500
0.36411000000000004,0.0244,0.0572,456774636701154.562500
0.3641200000000001,0.022000000000000002,0.0572,456774636701154.562500
0.36413000000000006,0.0252,0.056400000000000006,456774636701154.562500
0.36414,0.0244,0.053200000000000004,456774636701154.562500
0.3641500000000001,0.0244,0.055600000000000004,456774636701154.562500
0.36416000000000004,0.0252,0.056400000000000006,456774636701154.562500
0.3641700000000001,0.0252,0.0572,456774636701154.562500
0.36418000000000006,0.0236,0.0572,456774636701154.562500
0.3641900000000001,0.0212,0.055600000000000004,456774636701154.562500
0.3642000000000001,0.022000000000000002,0.056400000000000006,456774636701154.562500
0.36421000000000003,0.022000000000000002,0.053200000000000004,456774636701154.562500
0.3642200000000001,0.0228,0.058,456774636701154.562500
0.36423000000000005,0.0244,0.0572,456774636701154.562500
0.3642400000000001,0.0244,0.055600000000000004,456774636701154.562500
0.3642500000000001,0.022000000000000002,0.058,456774636701154.562500
0.36426000000000003,0.0212,0.058,456774636701154.562500
0.3642700000000001,0.0252,0.056400000000000006,456774636701154.562500
0.36428000000000005,0.022000000000000002,0.058800000000000005,456774636701154.562500
0.3642900000000001,0.0228,0.055600000000000004,456774636701154.562500
0.36430000000000007,0.0228,0.058,456774636701154.562500
0.36431,0.0228,0.055600000000000004,456774636701154.562500
0.3643200000000001,0.0204,0.0572,456774636701154.562500
0.36433000000000004,0.0204,0.0548,456774636701154.562500
0.3643400000000001,0.018000000000000002,0.055600000000000004,456774636701154.562500
0.36435000000000006,0.022000000000000002,0.0476,456774636701154.562500
0.36436,0.0228,0.050800000000000005,456774636701154.562500
0.3643700000000001,0.022000000000000002,0.050800000000000005,456774636701154.562500
0.36438000000000004,0.022000000000000002,0.056400000000000006,456774636701154.562500
0.3643900000000001,0.022000000000000002,0.055600000000000004,456774636701154.562500
0.36440000000000006,0.0244,0.055600000000000004,456774636701154.562500
0.3644100000000001,0.0236,0.0572,456774636701154.562500
0.3644200000000001,0.0204,0.0572,456774636701154.562500
0.36443000000000003,0.0252,0.054,456774636701154.562500
0.3644400000000001,0.022000000000000002,0.054,456774636701154.562500
0.36445000000000005,0.0244,0.055600000000000004,456774636701154.562500
0.3644600000000001,0.0212,0.055600000000000004,456774636701154.562500
0.36447000000000007,0.0244,0.056400000000000006,456774636701154.562500
0.36448,0.0212,0.0572,456774636701154.562500
0.3644900000000001,0.0228,0.0476,456774636701154.562500
0.36450000000000005,0.0236,0.050800000000000005,456774636701154.562500
0.3645100000000001,0.0228,0.054,456774636701154.562500
0.36452000000000007,0.0244,0.056400000000000006,456774636701154.562500
0.36453,0.0228,0.0572,456774636701154.562500
0.3645400000000001,0.0236,0.055600000000000004,456774636701154.562500
0.36455000000000004,0.022000000000000002,0.0548,456774636701154.562500
0.3645600000000001,0.0228,0.0572,456774636701154.562500
0.36457000000000006,0.0236,0.055600000000000004,456774636701154.562500
0.3645800000000001,0.0236,0.053200000000000004,456774636701154.562500
0.3645900000000001,0.022000000000000002,0.056400000000000006,456774636701154.562500
0.36460000000000004,0.022000000000000002,0.058,456774636701154.562500
0.3646100000000001,0.0204,0.058,456774636701154.562500
0.36462000000000006,0.018000000000000002,0.056400000000000006,456774636701154.562500
0.3646300000000001,0.022000000000000002,0.0572,456774636701154.562500
0.3646400000000001,0.022000000000000002,0.056400000000000006,456774636701154.562500
0.36465000000000003,0.0228,0.0548,456774636701154.562500
0.3646600000000001,0.0212,0.0572,456774636701154.562500
0.36467000000000005,0.022000000000000002,0.0548,456774636701154.562500
0.3646800000000001,0.0236,0.0548,456774636701154.562500
0.36469000000000007,0.0236,0.054,456774636701154.562500
0.3647,0.0228,0.058,456774636701154.562500
0.3647100000000001,0.0204,0.0572,456774636701154.562500
0.36472000000000004,0.0228,0.0572,456774636701154.562500
0.3647300000000001,0.022000000000000002,0.054,456774636701154.562500
0.36474000000000006,0.0252,0.055600000000000004,456774636701154.562500
0.36475,0.0244,0.055600000000000004,456774636701154.562500
0.3647600000000001,0.0252,0.056400000000000006,456774636701154.562500
0.36477000000000004,0.0236,0.055600000000000004,456774636701154.562500
0.3647800000000001,0.022000000000000002,0.056400000000000006,456774636701154.562500
0.36479000000000006,0.0228,0.0572,456774636701154.562500
0.3648000000000001,0.0236,0.058,456774636701154.562500
0.3648100000000001,0.0244,0.0572,456774636701154.562500
0.36482000000000003,0.022000000000000002,0.056400000000000006,456774636701154.562500
0.3648300000000001,0.0236,0.058,456774636701154.562500
0.36484000000000005,0.0236,0.055600000000000004,456774636701154.562500
0.3648500000000001,0.0244,0.058,456774636701154.562500
0.3648600000000001,0.0236,0.054,456774636701154.562500
0.36487,0.022000000000000002,0.0524,456774636701154.562500
0.3648800000000001,0.0204,0.0524,456774636701154.562500
0.36489000000000005,0.022000000000000002,0.0548,456774636701154.562500
0.3649000000000001,0.0236,0.058,456774636701154.562500
0.36491000000000007,0.0228,0.0572,456774636701154.562500
0.36492,0.0212,0.0548,456774636701154.562500
0.3649300000000001,0.0228,0.058,456774636701154.562500
0.36494000000000004,0.0228,0.056400000000000006,456774636701154.562500
0.3649500000000001,0.0252,0.055600000000000004,456774636701154.562500
0.36496000000000006,0.0236,0.0516,456774636701154.562500
0.36497,0.022000000000000002,0.056400000000000006,456774636701154.562500
0.3649800000000001,0.0204,0.0572,456774636701154.562500
0.36499000000000004,0.0252,0.058,456774636701154.562500
0.3650000000000001,0.015600000000000001,0.0572,456774636701154.562500
0.36501000000000006,0.0228,0.056400000000000006,456774636701154.562500
0.3650200000000001,0.0212,0.058,456774636701154.562500
0.3650300000000001,0.0236,0.056400000000000006,456774636701154.562500
0.36504000000000003,0.022000000000000002,0.0572,456774636701154.562500
0.3650500000000001,0.0236,0.0572,456774636701154.562500
0.36506000000000005,0.0236,0.056400000000000006,456774636701154.562500
0.3650700000000001,0.0236,0.058,456774636701154.562500
0.36508000000000007,0.0244,0.0572,456774636701154.562500
0.36509,0.0244,0.056400000000000006,456774636701154.562500
0.3651000000000001,0.0244,0.056400000000000006,456774636701154.562500
0.36511000000000005,0.0236,0.056400000000000006,456774636701154.562500
0.3651200000000001,0.0244,0.0572,456774636701154.562500
0.36513000000000007,0.0244,0.058,456774636701154.562500
0.36514,0.0236,0.0572,456774636701154.562500
0.3651500000000001,0.0212,0.0476,456774636701154.562500
0.36516000000000004,0.0228,0.0548,456774636701154.562500
0.3651700000000001,0.022000000000000002,0.055600000000000004,456774636701154.562500
0.36518000000000006,0.0244,0.048400000000000006,456774636701154.562500
0.3651900000000001,0.0228,0.058,456774636701154.562500
0.3652000000000001,0.022000000000000002,0.0572,456774636701154.562500
0.36521000000000003,0.0228,0.056400000000000006,456774636701154.562500
0.3652200000000001,0.022000000000000002,0.0572,456774636701154.562500
0.36523000000000005,0.0236,0.058,456774636701154.562500
0.3652400000000001,0.022000000000000002,0.056400000000000006,456774636701154.562500
0.3652500000000001,0.0228,0.054,456774636701154.562500
0.36526000000000003,0.0228,0.055600000000000004,456774636701154.562500
0.3652700000000001,0.0228,0.0572,456774636701154.562500
0.36528000000000005,0.0212,0.056400000000000006,456774636701154.562500
0.3652900000000001,0.022000000000000002,0.0596,456774636701154.562500
0.36530000000000007,0.0228,0.054,456774636701154.562500
0.36531,0.0244,0.0572,456774636701154.562500
0.3653200000000001,0.022000000000000002,0.0548,456774636701154.562500
0.36533000000000004,0.0236,0.058800000000000005,456774636701154.562500
0.3653400000000001,0.022000000000000002,0.058,456774636701154.562500
0.36535000000000006,0.0244,0.055600000000000004,456774636701154.562500
0.36536,0.0212,0.054,456774636701154.562500
0.3653700000000001,0.0236,0.056400000000000006,456774636701154.562500
0.36538000000000004,0.0252,0.0492,456774636701154.562500
0.3653900000000001,0.0228,0.055600000000000004,456774636701154.562500
0.36540000000000006,0.0212,0.046,456774636701154.562500
0.3654100000000001,0.0244,0.0572,456774636701154.562500
0.3654200000000001,0.0236,0.0516,456774636701154.562500
0.36543000000000003,0.0196,0.0572,456774636701154.562500
0.3654400000000001,0.0236,0.054,456774636701154.562500
0.36545000000000005,0.0172,0.050800000000000005,456774636701154.562500
0.3654600000000001,0.022000000000000002,0.0572,456774636701154.562500
0.3654700000000001,0.0204,0.054,456774636701154.562500
0.36548,0.0172,0.050800000000000005,456774636701154.562500
0.3654900000000001,0.0228,0.056400000000000006,456774636701154.562500
0.36550000000000005,0.0236,0.0548,456774636701154.562500
0.3655100000000001,0.0212,0.0572,456774636701154.562500
0.36552000000000007,0.0204,0.0572,456774636701154.562500
0.36553,0.0228,0.0572,456774636701154.562500
0.3655400000000001,0.022000000000000002,0.05,456774636701154.562500
0.36555000000000004,0.022000000000000002,0.0572,456774636701154.562500
0.3655600000000001,0.0228,0.053200000000000004,456774636701154.562500
0.36557000000000006,0.022000000000000002,0.056400000000000006,456774636701154.562500
0.36558,0.022000000000000002,0.0572,456774636701154.562500
0.3655900000000001,0.0228,0.056400000000000006,456774636701154.562500
0.36560000000000004,0.0204,0.056400000000000006,456774636701154.562500
0.3656100000000001,0.0244,0.0492,456774636701154.562500
0.36562000000000006,0.0236,0.056400000000000006,456774636701154.562500
0.3656300000000001,0.0236,0.0572,456774636701154.562500
0.3656400000000001,0.0236,0.0572,456774636701154.562500
0.36565000000000003,0.0244,0.055600000000000004,456774636701154.562500
0.3656600000000001,0.0236,0.0572,456774636701154.562500
0.36567000000000005,0.0244,0.058,456774636701154.562500
0.3656800000000001,0.0228,0.056400000000000006,456774636701154.562500
0.36569000000000007,0.0252,0.053200000000000004,456774636701154.562500
0.3657,0.0244,0.05,456774636701154.562500
0.3657100000000001,0.022000000000000002,0.054,456774636701154.562500
0.36572000000000005,0.0236,0.058,456774636701154.562500
0.3657300000000001,0.0212,0.0548,456774636701154.562500
0.36574000000000007,0.0244,0.058800000000000005,456774636701154.562500
0.36575,0.0244,0.0548,456774636701154.562500
0.3657600000000001,0.0244,0.055600000000000004,456774636701154.562500
0.36577000000000004,0.0212,0.058,456774636701154.562500
0.3657800000000001,0.022000000000000002,0.0572,456774636701154.562500
0.36579000000000006,0.022000000000000002,0.0548,456774636701154.562500
0.3658000000000001,0.0228,0.055600000000000004,456774636701154.562500
0.3658100000000001,0.0196,0.056400000000000006,456774636701154.562500
0.36582000000000003,0.022000000000000002,0.0572,456774636701154.562500
0.3658300000000001,0.0236,0.055600000000000004,456774636701154.562500
0.36584000000000005,0.022000000000000002,0.055600000000000004,456774636701154.562500
0.3658500000000001,0.0212,0.055600000000000004,456774636701154.562500
0.3658600000000001,0.0228,0.0572,456774636701154.562500
0.36587000000000003,0.0212,0.053200000000000004,456774636701154.562500
0.3658800000000001,0.0212,0.0572,456774636701154.562500
0.36589000000000005,0.0228,0.058800000000000005,456774636701154.562500
0.3659000000000001,0.0204,0.0572,456774636701154.562500
0.36591000000000007,0.0236,0.056400000000000006,456774636701154.562500
0.36592,0.0212,0.0572,456774636701154.562500
0.3659300000000001,0.0236,0.054,456774636701154.562500
0.36594000000000004,0.0212,0.056400000000000006,456774636701154.562500
0.3659500000000001,0.0236,0.0516,456774636701154.562500
0.36596000000000006,0.0236,0.056400000000000006,456774636701154.562500
0.36597,0.0252,0.053200000000000004,456774636701154.562500
0.3659800000000001,0.0236,0.053200000000000004,456774636701154.562500
0.36599000000000004,0.026000000000000002,0.046,456774636701154.562500
0.3660000000000001,0.026000000000000002,0.056400000000000006,456774636701154.562500
0.36601000000000006,0.0236,0.042,456774636701154.562500
0.3660200000000001,0.0244,0.0524,456774636701154.562500
0.3660300000000001,0.0228,0.055600000000000004,456774636701154.562500
0.36604000000000003,0.022000000000000002,0.055600000000000004,456774636701154.562500
0.3660500000000001,0.018000000000000002,0.056400000000000006,456774636701154.562500
0.36606000000000005,0.0228,0.0572,456774636701154.562500
0.3660700000000001,0.022000000000000002,0.0548,456774636701154.562500
0.36608000000000007,0.0236,0.058,456774636701154.562500
0.36609,0.022000000000000002,0.054,456774636701154.562500
0.3661000000000001,0.0236,0.054,456774636701154.562500
0.36611000000000005,0.0236,0.054,456774636701154.562500
0.3661200000000001,0.0236,0.056400000000000006,456774636701154.562500
0.36613000000000007,0.022000000000000002,0.0548,456774636701154.562500
0.36614,0.0212,0.055600000000000004,456774636701154.562500
0.3661500000000001,0.0236,0.055600000000000004,456774636701154.562500
0.36616000000000004,0.0196,0.056400000000000006,456774636701154.562500
0.3661700000000001,0.0228,0.055600000000000004,456774636701154.562500
0.36618000000000006,0.0228,0.0572,456774636701154.562500
0.36619,0.0244,0.0572,456774636701154.562500
0.3662000000000001,0.0236,0.0572,456774636701154.562500
0.36621000000000004,0.0228,0.055600000000000004,456774636701154.562500
0.3662200000000001,0.0228,0.056400000000000006,456774636701154.562500
0.36623000000000006,0.0236,0.053200000000000004,456774636701154.562500
0.3662400000000001,0.022000000000000002,0.055600000000000004,456774636701154.562500
0.3662500000000001,0.0236,0.0572,456774636701154.562500
0.36626000000000003,0.0244,0.054,456774636701154.562500
0.3662700000000001,0.0252,0.055600000000000004,456774636701154.562500
0.36628000000000005,0.0252,0.0572,456774636701154.562500
0.3662900000000001,0.026000000000000002,0.0572,456774636701154.562500
0.36630000000000007,0.0244,0.0572,456774636701154.562500
0.36631,0.0236,0.058,456774636701154.562500
0.3663200000000001,0.0228,0.05,456774636701154.562500
0.36633000000000004,0.0228,0.0548,456774636701154.562500
0.3663400000000001,0.0244,0.058,456774636701154.562500
0.36635000000000006,0.0236,0.0572,456774636701154.562500
0.36636,0.0236,0.055600000000000004,456774636701154.562500
0.3663700000000001,0.0236,0.0572,456774636701154.562500
0.36638000000000004,0.0228,0.055600000000000004,456774636701154.562500
0.3663900000000001,0.0236,0.056400000000000006,456774636701154.562500
0.36640000000000006,0.0228,0.0572,456774636701154.562500
0.3664100000000001,0.0228,0.0572,456774636701154.562500
0.3664200000000001,0.0236,0.055600000000000004,456774636701154.562500
0.36643000000000003,0.022000000000000002,0.055600000000000004,456774636701154.562500
0.3664400000000001,0.0212,0.053200000000000004,456774636701154.562500
0.36645000000000005,0.0228,0.056400000000000006,456774636701154.562500
0.3664600000000001,0.0212,0.053200000000000004,456774636701154.562500
0.3664700000000001,0.0204,0.055600000000000004,456774636701154.562500
0.36648000000000003,0.022000000000000002,0.0548,456774636701154.562500
0.3664900000000001,0.022000000000000002,0.0548,456774636701154.562500
0.36650000000000005,0.0236,0.055600000000000004,456774636701154.562500
0.3665100000000001,0.0228,0.053200000000000004,456774636701154.562500
0.36652000000000007,0.0228,0.0548,456774636701154.562500
0.36653,0.0236,0.0572,456774636701154.562500
0.3665400000000001,0.0204,0.055600000000000004,456774636701154.562500
0.36655000000000004,0.0236,0.053200000000000004,456774636701154.562500
0.3665600000000001,0.022000000000000002,0.0516,456774636701154.562500
0.36657000000000006,0.0236,0.055600000000000004,456774636701154.562500
0.36658,0.0252,0.054,456774636701154.562500
0.3665900000000001,0.0244,0.058,456774636701154.562500
0.36660000000000004,0.0252,0.055600000000000004,456774636701154.562500
0.3666100000000001,0.022000000000000002,0.0524,456774636701154.562500
0.36662000000000006,0.0212,0.058800000000000005,456774636701154.562500
0.3666300000000001,0.022000000000000002,0.048400000000000006,456774636701154.562500
0.3666400000000001,0.0252,0.0572,456774636701154.562500
0.36665000000000003,0.0244,0.058,456774636701154.562500
0.3666600000000001,0.0228,0.053200000000000004,456774636701154.562500
0.36667000000000005,0.022000000000000002,0.055600000000000004,456774636701154.562500
0.3666800000000001,0.022000000000000002,0.0436,456774636701154.562500
0.36669000000000007,0.0212,0.050800000000000005,456774636701154.562500
0.3667,0.0212,0.0492,456774636701154.562500
0.3667100000000001,0.0204,0.0548,456774636701154.562500
0.36672000000000005,0.0228,0.054,456774636701154.562500
0.3667300000000001,0.0228,0.0572,456774636701154.562500
0.36674000000000007,0.0212,0.058,456774636701154.562500
0.36675,0.022000000000000002,0.056400000000000006,456774636701154.562500
0.3667600000000001,0.0172,0.058,456774636701154.562500
0.36677000000000004,0.018000000000000002,0.050800000000000005,456774636701154.562500
0.3667800000000001,0.018000000000000002,0.056400000000000006,456774636701154.562500
0.36679000000000006,0.018000000000000002,0.056400000000000006,456774636701154.562500
0.3668000000000001,0.0196,0.053200000000000004,456774636701154.562500
0.3668100000000001,0.0204,0.0548,456774636701154.562500
0.36682000000000003,0.0212,0.0572,456774636701154.562500
0.3668300000000001,0.022000000000000002,0.048400000000000006,456774636701154.562500
0.36684000000000005,0.0236,0.058,456774636701154.562500
0.3668500000000001,0.0228,0.056400000000000006,456774636701154.562500
0.3668600000000001,0.0236,0.0572,456774636701154.562500
0.36687000000000003,0.0236,0.0572,456774636701154.562500
0.3668800000000001,0.026000000000000002,0.0572,456774636701154.562500
0.36689000000000005,0.0244,0.054,456774636701154.562500
0.3669000000000001,0.0244,0.0572,456774636701154.562500
0.36691000000000007,0.0228,0.054,456774636701154.562500
0.36692,0.0236,0.055600000000000004,456774636701154.562500
0.3669300000000001,0.0188,0.055600000000000004,456774636701154.562500
0.36694000000000004,0.0244,0.056400000000000006,456774636701154.562500
0.3669500000000001,0.0236,0.056400000000000006,456774636701154.562500
0.36696000000000006,0.0252,0.0572,456774636701154.562500
0.36697,0.0244,0.056400000000000006,456774636701154.562500
0.3669800000000001,0.0236,0.056400000000000006,456774636701154.562500
0.36699000000000004,0.0228,0.056400000000000006,456774636701154.562500
0.3670000000000001,0.0204,0.0572,456774636701154.562500
0.36701000000000006,0.0204,0.0572,456774636701154.562500
0.3670200000000001,0.022000000000000002,0.056400000000000006,456774636701154.562500
0.3670300000000001,0.0196,0.056400000000000006,456774636701154.562500
0.36704000000000003,0.022000000000000002,0.055600000000000004,456774636701154.562500
0.3670500000000001,0.0148,0.0548,456774636701154.562500
0.36706000000000005,0.0188,0.0548,456774636701154.562500
0.3670700000000001,0.0212,0.056400000000000006,456774636701154.562500
0.3670800000000001,0.022000000000000002,0.055600000000000004,456774636701154.562500
0.36709,0.0212,0.058,456774636701154.562500
0.3671000000000001,0.0228,0.0548,456774636701154.562500
0.36711000000000005,0.0236,0.056400000000000006,456774636701154.562500
0.3671200000000001,0.0236,0.055600000000000004,456774636701154.562500
0.36713000000000007,0.0228,0.055600000000000004,456774636701154.562500
0.36714,0.0204,0.05,456774636701154.562500
0.3671500000000001,0.0228,0.0548,456774636701154.562500
0.36716000000000004,0.0236,0.053200000000000004,456774636701154.562500
0.3671700000000001,0.0228,0.0516,456774636701154.562500
0.36718000000000006,0.0244,0.0548,456774636701154.562500
0.36719,0.0244,0.0548,456774636701154.562500
0.3672000000000001,0.0236,0.050800000000000005,456774636701154.562500
0.36721000000000004,0.0236,0.053200000000000004,456774636701154.562500
0.3672200000000001,0.0244,0.054,456774636701154.562500
0.36723000000000006,0.0236,0.0572,456774636701154.562500
0.3672400000000001,0.0252,0.0516,456774636701154.562500
0.3672500000000001,0.022000000000000002,0.054,456774636701154.562500
0.36726000000000003,0.0236,0.056400000000000006,456774636701154.562500
0.3672700000000001,0.0252,0.058,456774636701154.562500
0.36728000000000005,0.0212,0.054,456774636701154.562500
0.3672900000000001,0.0228,0.054,456774636701154.562500
0.36730000000000007,0.0228,0.054,456774636701154.562500
0.36731,0.0236,0.056400000000000006,456774636701154.562500
0.3673200000000001,0.0204,0.0524,456774636701154.562500
0.36733000000000005,0.0236,0.055600000000000004,456774636701154.562500
0.3673400000000001,0.0228,0.056400000000000006,456774636701154.562500
0.36735000000000007,0.0228,0.054,456774636701154.562500
0.36736,0.0228,0.0572,456774636701154.562500
0.3673700000000001,0.0212,0.0572,456774636701154.562500
0.36738000000000004,0.0204,0.0572,456774636701154.562500
0.3673900000000001,0.0204,0.0548,456774636701154.562500
0.36740000000000006,0.0236,0.0548,456774636701154.562500
0.3674100000000001,0.0212,0.055600000000000004,456774636701154.562500
0.3674200000000001,0.022000000000000002,0.056400000000000006,456774636701154.562500
0.36743000000000003,0.0228,0.050800000000000005,456774636701154.562500
0.3674400000000001,0.0172,0.054,456774636701154.562500
0.36745000000000005,0.0236,0.0516,456774636701154.562500
0.3674600000000001,0.0212,0.058,456774636701154.562500
0.3674700000000001,0.0252,0.055600000000000004,456774636701154.562500
0.36748000000000003,0.0244,0.0572,456774636701154.562500
0.3674900000000001,0.022000000000000002,0.058,456774636701154.562500
0.36750000000000005,0.0252,0.055600000000000004,456774636701154.562500
0.3675100000000001,0.0252,0.056400000000000006,456774636701154.562500
0.36752000000000007,0.026000000000000002,0.058,456774636701154.562500
0.36753,0.022000000000000002,0.056400000000000006,456774636701154.562500
0.3675400000000001,0.022000000000000002,0.056400000000000006,456774636701154.562500
0.36755000000000004,0.022000000000000002,0.056400000000000006,456774636701154.562500
0.3675600000000001,0.0212,0.055600000000000004,456774636701154.562500
0.36757000000000006,0.0244,0.0572,456774636701154.562500
0.36758,0.0212,0.0516,456774636701154.562500
0.3675900000000001,0.0228,0.055600000000000004,456774636701154.562500
0.36760000000000004,0.022000000000000002,0.054,456774636701154.562500
0.3676100000000001,0.0236,0.0572,456774636701154.562500
0.36762000000000006,0.0228,0.0548,456774636701154.562500
0.3676300000000001,0.022000000000000002,0.0524,456774636701154.562500
0.3676400000000001,0.0212,0.054,456774636701154.562500
0.36765000000000003,0.0236,0.054,456774636701154.562500
0.3676600000000001,0.0236,0.056400000000000006,456774636701154.562500
0.36767000000000005,0.0196,0.056400000000000006,456774636701154.562500
0.3676800000000001,0.022000000000000002,0.0572,456774636701154.562500
0.3676900000000001,0.022000000000000002,0.058,456774636701154.562500
0.3677,0.0204,0.054,456774636701154.562500
0.3677100000000001,0.0228,0.056400000000000006,456774636701154.562500
0.36772000000000005,0.0212,0.054,456774636701154.562500
0.3677300000000001,0.0228,0.0572,456774636701154.562500
0.36774000000000007,0.022000000000000002,0.058800000000000005,456774636701154.562500
0.36775,0.0236,0.058,456774636701154.562500
0.3677600000000001,0.022000000000000002,0.055600000000000004,456774636701154.562500
0.36777000000000004,0.0252,0.058,456774636701154.562500
0.3677800000000001,0.0252,0.050800000000000005,456774636701154.562500
0.36779000000000006,0.0252,0.056400000000000006,456774636701154.562500
0.3678,0.0236,0.054,456774636701154.562500
0.3678100000000001,0.0252,0.0548,456774636701154.562500
0.36782000000000004,0.0236,0.056400000000000006,456774636701154.562500
0.3678300000000001,0.0252,0.0548,456774636701154.562500
0.36784000000000006,0.0252,0.054,456774636701154.562500
0.3678500000000001,0.0236,0.0524,456774636701154.562500
0.3678600000000001,0.0228,0.05,456774636701154.562500
0.36787000000000003,0.022000000000000002,0.0572,456774636701154.562500
0.3678800000000001,0.0236,0.054,456774636701154.562500
0.36789000000000005,0.0228,0.0572,456774636701154.562500
0.3679000000000001,0.022000000000000002,0.056400000000000006,456774636701154.562500
0.36791000000000007,0.022000000000000002,0.056400000000000006,456774636701154.562500
0.36792,0.0188,0.0572,456774636701154.562500
0.3679300000000001,0.0228,0.055600000000000004,456774636701154.562500
0.36794000000000004,0.0204,0.055600000000000004,456774636701154.562500
0.3679500000000001,0.022000000000000002,0.0572,456774636701154.562500
0.36796000000000006,0.0236,0.056400000000000006,456774636701154.562500
0.36797,0.0244,0.0572,456774636701154.562500
0.3679800000000001,0.022000000000000002,0.056400000000000006,456774636701154.562500
0.36799000000000004,0.0228,0.056400000000000006,456774636701154.562500
0.3680000000000001,0.0228,0.0516,456774636701154.562500
0.36801000000000006,0.022000000000000002,0.0548,456774636701154.562500
0.3680200000000001,0.0236,0.058,456774636701154.562500
0.3680300000000001,0.022000000000000002,0.0516,456774636701154.562500
0.36804000000000003,0.0244,0.0548,456774636701154.562500
0.3680500000000001,0.0228,0.053200000000000004,456774636701154.562500
0.36806000000000005,0.0228,0.058,456774636701154.562500
0.3680700000000001,0.0212,0.055600000000000004,456774636701154.562500
0.3680800000000001,0.0228,0.055600000000000004,456774636701154.562500
0.36809000000000003,0.0252,0.0572,456774636701154.562500
0.3681000000000001,0.0244,0.054,456774636701154.562500
0.36811000000000005,0.0244,0.0572,456774636701154.562500
0.3681200000000001,0.0236,0.055600000000000004,456774636701154.562500
0.36813000000000007,0.022000000000000002,0.0572,456774636701154.562500
0.36814,0.0228,0.0572,456774636701154.562500
0.3681500000000001,0.0244,0.055600000000000004,456774636701154.562500
0.36816000000000004,0.0236,0.0548,456774636701154.562500
0.3681700000000001,0.026000000000000002,0.056400000000000006,456774636701154.562500
0.36818000000000006,0.0236,0.058,456774636701154.562500
0.36819,0.0236,0.056400000000000006,456774636701154.562500
0.3682000000000001,0.0236,0.054,456774636701154.562500
0.36821000000000004,0.0244,0.058,456774636701154.562500
0.3682200000000001,0.0236,0.055600000000000004,456774636701154.562500
0.36823000000000006,0.0204,0.0516,456774636701154.562500
0.3682400000000001,0.0212,0.0572,456774636701154.562500
0.3682500000000001,0.0204,0.0468,456774636701154.562500
0.36826000000000003,0.0212,0.054,456774636701154.562500
0.3682700000000001,0.0204,0.0572,456774636701154.562500
0.36828000000000005,0.0196,0.050800000000000005,456774636701154.562500
0.3682900000000001,0.0212,0.058,456774636701154.562500
0.36830000000000007,0.0236,0.056400000000000006,456774636701154.562500
0.36831,0.022000000000000002,0.056400000000000006,456774636701154.562500
0.3683200000000001,0.0212,0.0516,456774636701154.562500
0.36833000000000005,0.022000000000000002,0.056400000000000006,456774636701154.562500
0.3683400000000001,0.0196,0.0516,456774636701154.562500
0.36835000000000007,0.0228,0.055600000000000004,456774636701154.562500
0.36836,0.0244,0.054,456774636701154.562500
0.3683700000000001,0.0236,0.058,456774636701154.562500
0.36838000000000004,0.0212,0.054,456774636701154.562500
0.3683900000000001,0.0236,0.0572,456774636701154.562500
0.36840000000000006,0.022000000000000002,0.055600000000000004,456774636701154.562500
0.3684100000000001,0.0228,0.056400000000000006,456774636701154.562500
0.3684200000000001,0.0228,0.0548,456774636701154.562500
0.36843000000000004,0.0236,0.0548,456774636701154.562500
0.3684400000000001,0.0228,0.056400000000000006,456774636701154.562500
0.36845000000000006,0.0236,0.053200000000000004,456774636701154.562500
0.3684600000000001,0.0244,0.053200000000000004,456774636701154.562500
0.3684700000000001,0.0244,0.055600000000000004,456774636701154.562500
0.36848000000000003,0.022000000000000002,0.058,456774636701154.562500
0.3684900000000001,0.0244,0.0572,456774636701154.562500
0.36850000000000005,0.0244,0.058,456774636701154.562500
0.3685100000000001,0.0228,0.056400000000000006,456774636701154.562500
0.36852000000000007,0.022000000000000002,0.058,456774636701154.562500
0.36853,0.0228,0.056400000000000006,456774636701154.562500
0.3685400000000001,0.022000000000000002,0.056400000000000006,456774636701154.562500
0.36855000000000004,0.0236,0.0572,456774636701154.562500
0.3685600000000001,0.0228,0.0492,456774636701154.562500
0.36857000000000006,0.022000000000000002,0.0572,456774636701154.562500
0.36858,0.0212,0.055600000000000004,456774636701154.562500
0.3685900000000001,0.022000000000000002,0.056400000000000006,456774636701154.562500
0.36860000000000004,0.022000000000000002,0.0524,456774636701154.562500
0.3686100000000001,0.0228,0.056400000000000006,456774636701154.562500
0.36862000000000006,0.022000000000000002,0.058,456774636701154.562500
0.3686300000000001,0.022000000000000002,0.055600000000000004,456774636701154.562500
0.3686400000000001,0.0228,0.0572,456774636701154.562500
0.36865000000000003,0.0212,0.0476,456774636701154.562500
0.3686600000000001,0.022000000000000002,0.055600000000000004,456774636701154.562500
0.36867000000000005,0.0244,0.056400000000000006,456774636701154.562500
0.3686800000000001,0.0236,0.0572,456774636701154.562500
0.3686900000000001,0.0236,0.0572,456774636701154.562500
0.3687,0.0244,0.0548,456774636701154.562500
0.3687100000000001,0.0236,0.055600000000000004,456774636701154.562500
0.36872000000000005,0.0244,0.058,456774636701154.562500
0.3687300000000001,0.0236,0.055600000000000004,456774636701154.562500
0.36874000000000007,0.0244,0.048400000000000006,456774636701154.562500
0.36875,0.0252,0.056400000000000006,456774636701154.562500
0.3687600000000001,0.0252,0.0572,456774636701154.562500
0.36877000000000004,0.022000000000000002,0.058800000000000005,456774636701154.562500
0.3687800000000001,0.0236,0.0548,456774636701154.562500
0.36879000000000006,0.0228,0.0572,456774636701154.562500
0.3688,0.0228,0.056400000000000006,456774636701154.562500
0.3688100000000001,0.022000000000000002,0.054,456774636701154.562500
0.36882000000000004,0.022000000000000002,0.0572,456774636701154.562500
0.3688300000000001,0.0236,0.054,456774636701154.562500
0.36884000000000006,0.0204,0.058,456774636701154.562500
0.3688500000000001,0.022000000000000002,0.056400000000000006,456774636701154.562500
0.3688600000000001,0.022000000000000002,0.055600000000000004,456774636701154.562500
0.36887000000000003,0.022000000000000002,0.058,456774636701154.562500
0.3688800000000001,0.022000000000000002,0.0572,456774636701154.562500
0.36889000000000005,0.022000000000000002,0.056400000000000006,456774636701154.562500
0.3689000000000001,0.0204,0.056400000000000006,456774636701154.562500
0.36891000000000007,0.0228,0.0548,456774636701154.562500
0.36892,0.0204,0.058,456774636701154.562500
0.3689300000000001,0.0204,0.056400000000000006,456774636701154.562500
0.36894000000000005,0.0212,0.0548,456774636701154.562500
0.3689500000000001,0.0228,0.0572,456774636701154.562500
0.36896000000000007,0.0236,0.0524,456774636701154.562500
0.36897,0.0228,0.056400000000000006,456774636701154.562500
0.3689800000000001,0.0244,0.0516,456774636701154.562500
0.36899000000000004,0.0236,0.053200000000000004,456774636701154.562500
0.3690000000000001,0.0244,0.053200000000000004,456774636701154.562500
0.36901000000000006,0.026000000000000002,0.054,456774636701154.562500
0.3690200000000001,0.0204,0.058800000000000005,456774636701154.562500
0.3690300000000001,0.0252,0.056400000000000006,456774636701154.562500
0.36904000000000003,0.0244,0.050800000000000005,456774636701154.562500
0.3690500000000001,0.0212,0.054,456774636701154.562500
0.36906000000000005,0.0212,0.0548,456774636701154.562500
0.3690700000000001,0.0228,0.058,456774636701154.562500
0.3690800000000001,0.0236,0.055600000000000004,456774636701154.562500
0.36909000000000003,0.0228,0.058800000000000005,456774636701154.562500
0.3691000000000001,0.0244,0.055600000000000004,456774636701154.562500
0.36911000000000005,0.0228,0.0572,456774636701154.562500
0.3691200000000001,0.0244,0.055600000000000004,456774636701154.562500
0.36913000000000007,0.0228,0.055600000000000004,456774636701154.562500
0.36914,0.022000000000000002,0.056400000000000006,456774636701154.562500
0.3691500000000001,0.022000000000000002,0.054,456774636701154.562500
0.36916000000000004,0.022000000000000002,0.0572,456774636701154.562500
0.3691700000000001,0.0204,0.058,456774636701154.562500
0.36918000000000006,0.0212,0.056400000000000006,456774636701154.562500
0.36919,0.0228,0.056400000000000006,456774636701154.562500
0.3692000000000001,0.0204,0.0572,456774636701154.562500
0.36921000000000004,0.0204,0.058,456774636701154.562500
0.3692200000000001,0.0204,0.0572,456774636701154.562500
0.36923000000000006,0.0204,0.058,456774636701154.562500
0.3692400000000001,0.0228,0.058,456774636701154.562500
0.3692500000000001,0.0228,0.058,456774636701154.562500
0.36926000000000003,0.022000000000000002,0.056400000000000006,456774636701154.562500
0.3692700000000001,0.022000000000000002,0.058,456774636701154.562500
0.36928000000000005,0.0228,0.056400000000000006,456774636701154.562500
0.3692900000000001,0.0228,0.058800000000000005,456774636701154.562500
0.3693000000000001,0.0228,0.0596,456774636701154.562500
0.36931,0.0252,0.056400000000000006,456774636701154.562500
0.3693200000000001,0.0228,0.048400000000000006,456774636701154.562500
0.36933000000000005,0.0188,0.058,456774636701154.562500
0.3693400000000001,0.0244,0.058,456774636701154.562500
0.36935000000000007,0.0244,0.055600000000000004,456774636701154.562500
0.36936,0.0244,0.0524,456774636701154.562500
0.3693700000000001,0.0244,0.054,456774636701154.562500
0.36938000000000004,0.0236,0.053200000000000004,456774636701154.562500
0.3693900000000001,0.0228,0.0572,456774636701154.562500
0.36940000000000006,0.0236,0.058,456774636701154.562500
0.36941,0.0228,0.056400000000000006,456774636701154.562500
0.3694200000000001,0.0204,0.0548,456774636701154.562500
0.36943000000000004,0.0228,0.056400000000000006,456774636701154.562500
0.3694400000000001,0.0212,0.056400000000000006,456774636701154.562500
0.36945000000000006,0.0212,0.0524,456774636701154.562500
0.3694600000000001,0.0196,0.056400000000000006,456774636701154.562500
0.3694700000000001,0.022000000000000002,0.058,456774636701154.562500
0.36948000000000003,0.0228,0.054,456774636701154.562500
0.3694900000000001,0.0228,0.0572,456774636701154.562500
0.36950000000000005,0.0212,0.054,456774636701154.562500
0.3695100000000001,0.015600000000000001,0.048400000000000006,456774636701154.562500
0.36952000000000007,0.0188,0.055600000000000004,456774636701154.562500
0.36953,0.022000000000000002,0.058,456774636701154.562500
0.3695400000000001,0.0228,0.054,456774636701154.562500
0.36955000000000005,0.022000000000000002,0.058,456774636701154.562500
0.3695600000000001,0.022000000000000002,0.056400000000000006,456774636701154.562500
0.36957000000000007,0.022000000000000002,0.055600000000000004,456774636701154.562500
0.36958,0.0228,0.0516,456774636701154.562500
0.3695900000000001,0.0244,0.056400000000000006,456774636701154.562500
0.36960000000000004,0.0244,0.056400000000000006,456774636701154.562500
0.3696100000000001,0.0244,0.050800000000000005,456774636701154.562500
0.36962000000000006,0.0228,0.058800000000000005,456774636701154.562500
0.3696300000000001,0.0252,0.0572,456774636701154.562500
0.3696400000000001,0.0236,0.058,456774636701154.562500
0.36965000000000003,0.0244,0.055600000000000004,456774636701154.562500
0.3696600000000001,0.0244,0.058,456774636701154.562500
0.36967000000000005,0.026000000000000002,0.050800000000000005,456774636701154.562500
0.3696800000000001,0.0212,0.056400000000000006,456774636701154.562500
0.3696900000000001,0.022000000000000002,0.055600000000000004,456774636701154.562500
0.36970000000000003,0.0236,0.056400000000000006,456774636701154.562500
0.3697100000000001,0.0228,0.055600000000000004,456774636701154.562500
0.36972000000000005,0.0228,0.05,456774636701154.562500
0.3697300000000001,0.0236,0.0524,456774636701154.562500
0.36974000000000007,0.0228,0.0548,456774636701154.562500
0.36975,0.022000000000000002,0.056400000000000006,456774636701154.562500
0.3697600000000001,0.0212,0.056400000000000006,456774636701154.562500
0.36977000000000004,0.0212,0.055600000000000004,456774636701154.562500
0.3697800000000001,0.022000000000000002,0.0524,456774636701154.562500
0.36979000000000006,0.022000000000000002,0.0572,456774636701154.562500
0.3698,0.0228,0.0548,456774636701154.562500
0.3698100000000001,0.022000000000000002,0.058,456774636701154.562500
0.36982000000000004,0.0236,0.056400000000000006,456774636701154.562500
0.3698300000000001,0.0228,0.0516,456774636701154.562500
0.36984000000000006,0.0204,0.0572,456774636701154.562500
0.3698500000000001,0.022000000000000002,0.058800000000000005,456774636701154.562500
0.3698600000000001,0.0228,0.0572,456774636701154.562500
0.36987000000000003,0.0212,0.056400000000000006,456774636701154.562500
0.3698800000000001,0.0212,0.058,456774636701154.562500
0.36989000000000005,0.0196,0.0548,456774636701154.562500
0.3699000000000001,0.0228,0.055600000000000004,456774636701154.562500
0.36991000000000007,0.0244,0.058,456774636701154.562500
0.36992,0.0228,0.0572,456774636701154.562500
0.3699300000000001,0.0228,0.055600000000000004,456774636701154.562500
0.36994000000000005,0.0252,0.0548,456774636701154.562500
0.3699500000000001,0.0244,0.0548,456774636701154.562500
0.36996000000000007,0.0252,0.055600000000000004,456774636701154.562500
0.36997,0.0244,0.0572,456774636701154.562500
0.3699800000000001,0.0236,0.0572,456774636701154.562500
0.36999000000000004,0.0244,0.055600000000000004,456774636701154.562500
0.3700000000000001,0.0228,0.058,456774636701154.562500
0.37001000000000006,0.0252,0.058,456774636701154.562500
0.3700200000000001,0.0212,0.055600000000000004,456774636701154.562500
0.3700300000000001,0.0228,0.054,456774636701154.562500
0.37004000000000004,0.022000000000000002,0.058,456774636701154.562500
0.3700500000000001,0.022000000000000002,0.055600000000000004,456774636701154.562500
0.37006000000000006,0.0236,0.0572,456774636701154.562500
0.3700700000000001,0.0228,0.054,456774636701154.562500
0.3700800000000001,0.0236,0.0548,456774636701154.562500
0.37009000000000003,0.0188,0.053200000000000004,456774636701154.562500
0.3701000000000001,0.022000000000000002,0.056400000000000006,456774636701154.562500
0.37011000000000005,0.0236,0.0548,456774636701154.562500
0.3701200000000001,0.022000000000000002,0.058800000000000005,456774636701154.562500
0.37013000000000007,0.0228,0.055600000000000004,456774636701154.562500
0.37014,0.0228,0.0548,456774636701154.562500
0.3701500000000001,0.0196,0.058,456774636701154.562500
0.37016000000000004,0.018000000000000002,0.054,456774636701154.562500
0.3701700000000001,0.0196,0.054,456774636701154.562500
0.37018000000000006,0.0236,0.046,456774636701154.562500
0.37019,0.0236,0.055600000000000004,456774636701154.562500
0.3702000000000001,0.0228,0.054,456774636701154.562500
0.37021000000000004,0.0236,0.058,456774636701154.562500
0.3702200000000001,0.0252,0.056400000000000006,456774636701154.562500
0.37023000000000006,0.0252,0.058800000000000005,456774636701154.562500
0.3702400000000001,0.0252,0.056400000000000006,456774636701154.562500
0.3702500000000001,0.0236,0.056400000000000006,456774636701154.562500
0.37026000000000003,0.0244,0.053200000000000004,456774636701154.562500
0.3702700000000001,0.0268,0.0572,456774636701154.562500
0.37028000000000005,0.0188,0.058,456774636701154.562500
0.3702900000000001,0.0228,0.0516,456774636701154.562500
0.3703000000000001,0.0212,0.0572,456774636701154.562500
0.37031000000000003,0.0212,0.056400000000000006,456774636701154.562500
0.3703200000000001,0.0204,0.0572,456774636701154.562500
0.37033000000000005,0.0212,0.0524,456774636701154.562500
0.3703400000000001,0.0212,0.0572,456774636701154.562500
0.37035000000000007,0.022000000000000002,0.054,456774636701154.562500
0.37036,0.0228,0.0572,456774636701154.562500
0.3703700000000001,0.0212,0.058,456774636701154.562500
0.37038000000000004,0.0196,0.05,456774636701154.562500
0.3703900000000001,0.0188,0.056400000000000006,456774636701154.562500
0.37040000000000006,0.0204,0.056400000000000006,456774636701154.562500
0.37041,0.022000000000000002,0.055600000000000004,456774636701154.562500
0.3704200000000001,0.0236,0.055600000000000004,456774636701154.562500
0.37043000000000004,0.022000000000000002,0.056400000000000006,456774636701154.562500
0.3704400000000001,0.0228,0.0516,456774636701154.562500
0.37045000000000006,0.0212,0.055600000000000004,456774636701154.562500
0.3704600000000001,0.022000000000000002,0.0548,456774636701154.562500
0.3704700000000001,0.0212,0.054,456774636701154.562500
0.37048000000000003,0.0212,0.055600000000000004,456774636701154.562500
0.3704900000000001,0.0236,0.056400000000000006,456774636701154.562500
0.37050000000000005,0.0244,0.0548,456774636701154.562500
0.3705100000000001,0.0236,0.058,456774636701154.562500
0.37052000000000007,0.0236,0.0572,456774636701154.562500
0.37053,0.0244,0.0572,456774636701154.562500
0.3705400000000001,0.0236,0.056400000000000006,456774636701154.562500
0.37055000000000005,0.0244,0.0572,456774636701154.562500
0.3705600000000001,0.022000000000000002,0.055600000000000004,456774636701154.562500
0.37057000000000007,0.0244,0.05,456774636701154.562500
0.37058,0.0236,0.056400000000000006,456774636701154.562500
0.3705900000000001,0.0228,0.056400000000000006,456774636701154.562500
0.37060000000000004,0.0244,0.056400000000000006,456774636701154.562500
0.3706100000000001,0.0236,0.058800000000000005,456774636701154.562500
0.37062000000000006,0.0244,0.0548,456774636701154.562500
0.3706300000000001,0.022000000000000002,0.0572,456774636701154.562500
0.3706400000000001,0.0236,0.056400000000000006,456774636701154.562500
0.37065000000000003,0.022000000000000002,0.058,456774636701154.562500
0.3706600000000001,0.0204,0.0572,456774636701154.562500
0.37067000000000005,0.022000000000000002,0.056400000000000006,456774636701154.562500
0.3706800000000001,0.0204,0.056400000000000006,456774636701154.562500
0.3706900000000001,0.0236,0.0524,456774636701154.562500
0.37070000000000003,0.0196,0.055600000000000004,456774636701154.562500
0.3707100000000001,0.0236,0.054,456774636701154.562500
0.37072000000000005,0.022000000000000002,0.053200000000000004,456774636701154.562500
0.3707300000000001,0.0244,0.0436,456774636701154.562500
0.37074000000000007,0.022000000000000002,0.0572,456774636701154.562500
0.37075,0.0212,0.055600000000000004,456774636701154.562500
0.3707600000000001,0.0212,0.055600000000000004,456774636701154.562500
0.37077000000000004,0.022000000000000002,0.058,456774636701154.562500
0.3707800000000001,0.0228,0.056400000000000006,456774636701154.562500
0.37079000000000006,0.0228,0.0572,456774636701154.562500
0.3708,0.0236,0.056400000000000006,456774636701154.562500
0.3708100000000001,0.0236,0.0572,456774636701154.562500
0.37082000000000004,0.0236,0.056400000000000006,456774636701154.562500
0.3708300000000001,0.0212,0.055600000000000004,456774636701154.562500
0.37084000000000006,0.0236,0.050800000000000005,456774636701154.562500
0.3708500000000001,0.0244,0.0548,456774636701154.562500
0.3708600000000001,0.0236,0.058,456774636701154.562500
0.37087000000000003,0.0228,0.0548,456774636701154.562500
0.3708800000000001,0.0228,0.056400000000000006,456774636701154.562500
0.37089000000000005,0.026000000000000002,0.0572,456774636701154.562500
0.3709000000000001,0.0236,0.058,456774636701154.562500
0.3709100000000001,0.0236,0.056400000000000006,456774636701154.562500
0.37092,0.0236,0.0572,456774636701154.562500
0.3709300000000001,0.022000000000000002,0.0572,456774636701154.562500
0.37094000000000005,0.022000000000000002,0.058,456774636701154.562500
0.3709500000000001,0.0236,0.058800000000000005,456774636701154.562500
0.37096000000000007,0.0228,0.0516,456774636701154.562500
0.37097,0.0228,0.0572,456774636701154.562500
0.3709800000000001,0.0212,0.0492,456774636701154.562500
0.37099000000000004,0.0228,0.055600000000000004,456774636701154.562500
0.3710000000000001,0.0212,0.055600000000000004,456774636701154.562500
0.37101000000000006,0.022000000000000002,0.054,456774636701154.562500
0.37102,0.0204,0.0524,456774636701154.562500
0.3710300000000001,0.022000000000000002,0.053200000000000004,456774636701154.562500
0.37104000000000004,0.0212,0.053200000000000004,456774636701154.562500
0.3710500000000001,0.0228,0.054,456774636701154.562500
0.37106000000000006,0.0236,0.054,456774636701154.562500
0.3710700000000001,0.0188,0.055600000000000004,456774636701154.562500
0.3710800000000001,0.022000000000000002,0.055600000000000004,456774636701154.562500
0.37109000000000003,0.0212,0.058,456774636701154.562500
0.3711000000000001,0.022000000000000002,0.0572,456774636701154.562500
0.37111000000000005,0.0228,0.054,456774636701154.562500
0.3711200000000001,0.0204,0.0468,456774636701154.562500
0.37113000000000007,0.0236,0.050800000000000005,456774636701154.562500
0.37114,0.0244,0.055600000000000004,456774636701154.562500
0.3711500000000001,0.0228,0.058,456774636701154.562500
0.37116000000000005,0.0236,0.056400000000000006,456774636701154.562500
0.3711700000000001,0.0252,0.055600000000000004,456774636701154.562500
0.37118000000000007,0.0252,0.055600000000000004,456774636701154.562500
0.37119,0.0236,0.0572,456774636701154.562500
0.3712000000000001,0.0244,0.0572,456774636701154.562500
0.37121000000000004,0.0212,0.056400000000000006,456774636701154.562500
0.3712200000000001,0.0212,0.056400000000000006,456774636701154.562500
0.37123000000000006,0.022000000000000002,0.058,456774636701154.562500
0.3712400000000001,0.0228,0.058,456774636701154.562500
0.3712500000000001,0.0204,0.0572,456774636701154.562500
0.37126000000000003,0.022000000000000002,0.0572,456774636701154.562500
0.3712700000000001,0.0196,0.0572,456774636701154.562500
0.37128000000000005,0.022000000000000002,0.056400000000000006,456774636701154.562500
0.3712900000000001,0.018000000000000002,0.058,456774636701154.562500
0.3713000000000001,0.022000000000000002,0.053200000000000004,456774636701154.562500
0.37131000000000003,0.0228,0.0572,456774636701154.562500
0.3713200000000001,0.022000000000000002,0.0572,456774636701154.562500
0.37133000000000005,0.022000000000000002,0.056400000000000006,456774636701154.562500
0.3713400000000001,0.022000000000000002,0.056400000000000006,456774636701154.562500
0.37135000000000007,0.022000000000000002,0.058,456774636701154.562500
0.37136,0.022000000000000002,0.056400000000000006,456774636701154.562500
0.3713700000000001,0.0228,0.056400000000000006,456774636701154.562500
0.37138000000000004,0.0212,0.0548,456774636701154.562500
0.3713900000000001,0.0212,0.0572,456774636701154.562500
0.37140000000000006,0.0212,0.0524,456774636701154.562500
0.37141,0.0236,0.055600000000000004,456774636701154.562500
0.3714200000000001,0.0244,0.0548,456774636701154.562500
0.37143000000000004,0.0236,0.056400000000000006,456774636701154.562500
0.3714400000000001,0.0228,0.0548,456774636701154.562500
0.37145000000000006,0.022000000000000002,0.056400000000000006,456774636701154.562500
0.3714600000000001,0.0244,0.0516,456774636701154.562500
0.3714700000000001,0.0228,0.055600000000000004,456774636701154.562500
0.37148000000000003,0.0252,0.056400000000000006,456774636701154.562500
0.3714900000000001,0.0244,0.058,456774636701154.562500
0.37150000000000005,0.0252,0.055600000000000004,456774636701154.562500
0.3715100000000001,0.0236,0.0572,456774636701154.562500
0.3715200000000001,0.0244,0.055600000000000004,456774636701154.562500
0.37153,0.0236,0.058,456774636701154.562500
0.3715400000000001,0.0228,0.058,456774636701154.562500
0.37155000000000005,0.0236,0.0548,456774636701154.562500
0.3715600000000001,0.0236,0.056400000000000006,456774636701154.562500
0.37157000000000007,0.022000000000000002,0.055600000000000004,456774636701154.562500
0.37158,0.0212,0.056400000000000006,456774636701154.562500
0.3715900000000001,0.022000000000000002,0.055600000000000004,456774636701154.562500
0.37160000000000004,0.0212,0.056400000000000006,456774636701154.562500
0.3716100000000001,0.0228,0.0572,456774636701154.562500
0.37162000000000006,0.022000000000000002,0.0572,456774636701154.562500
0.37163,0.0228,0.0548,456774636701154.562500
0.3716400000000001,0.0196,0.056400000000000006,456774636701154.562500
0.37165000000000004,0.0236,0.058,456774636701154.562500
0.3716600000000001,0.0236,0.0548,456774636701154.562500
0.37167000000000006,0.0236,0.058,456774636701154.562500
0.3716800000000001,0.022000000000000002,0.0572,456774636701154.562500
0.3716900000000001,0.0228,0.0572,456774636701154.562500
0.37170000000000003,0.022000000000000002,0.056400000000000006,456774636701154.562500
0.3717100000000001,0.0228,0.055600000000000004,456774636701154.562500
0.37172000000000005,0.0228,0.054,456774636701154.562500
0.3717300000000001,0.0236,0.056400000000000006,456774636701154.562500
0.37174000000000007,0.0244,0.056400000000000006,456774636701154.562500
0.37175,0.0244,0.054,456774636701154.562500
0.3717600000000001,0.0268,0.050800000000000005,456774636701154.562500
0.37177000000000004,0.0236,0.05,456774636701154.562500
0.3717800000000001,0.0252,0.0548,456774636701154.562500
0.37179000000000006,0.022000000000000002,0.0516,456774636701154.562500
0.3718,0.0252,0.0524,456774636701154.562500
0.3718100000000001,0.022000000000000002,0.056400000000000006,456774636701154.562500
0.37182000000000004,0.0244,0.058,456774636701154.562500
0.3718300000000001,0.0228,0.0516,456774636701154.562500
0.37184000000000006,0.0236,0.055600000000000004,456774636701154.562500
0.3718500000000001,0.0228,0.058800000000000005,456774636701154.562500
0.3718600000000001,0.0228,0.0572,456774636701154.562500
0.37187000000000003,0.0204,0.0572,456774636701154.562500
0.3718800000000001,0.022000000000000002,0.056400000000000006,456774636701154.562500
0.37189000000000005,0.0228,0.0572,456774636701154.562500
0.3719000000000001,0.0212,0.053200000000000004,456774636701154.562500
0.3719100000000001,0.0228,0.056400000000000006,456774636701154.562500
0.37192000000000003,0.0196,0.055600000000000004,456774636701154.562500
0.3719300000000001,0.0212,0.0572,456774636701154.562500
0.37194000000000005,0.0196,0.056400000000000006,456774636701154.562500
0.3719500000000001,0.018000000000000002,0.0548,456774636701154.562500
0.37196000000000007,0.0196,0.056400000000000006,456774636701154.562500
0.37197,0.022000000000000002,0.056400000000000006,456774636701154.562500
0.3719800000000001,0.0188,0.0572,456774636701154.562500
0.37199000000000004,0.0252,0.055600000000000004,456774636701154.562500
0.3720000000000001,0.0228,0.055600000000000004,456774636701154.562500
0.37201000000000006,0.0228,0.058,456774636701154.562500
0.37202,0.0244,0.0548,456774636701154.562500
0.3720300000000001,0.0236,0.058,456774636701154.562500
0.37204000000000004,0.022000000000000002,0.055600000000000004,456774636701154.562500
0.3720500000000001,0.0236,0.054,456774636701154.562500
0.37206000000000006,0.0244,0.056400000000000006,456774636701154.562500
0.3720700000000001,0.022000000000000002,0.053200000000000004,456774636701154.562500
0.3720800000000001,0.0236,0.056400000000000006,456774636701154.562500
0.37209000000000003,0.0236,0.055600000000000004,456774636701154.562500
0.3721000000000001,0.0252,0.055600000000000004,456774636701154.562500
0.37211000000000005,0.0252,0.0572,456774636701154.562500
0.3721200000000001,0.0244,0.0572,456774636701154.562500
0.37213000000000007,0.0236,0.0572,456774636701154.562500
0.37214,0.022000000000000002,0.053200000000000004,456774636701154.562500
0.3721500000000001,0.0244,0.056400000000000006,456774636701154.562500
0.37216000000000005,0.0236,0.0572,456774636701154.562500
0.3721700000000001,0.0228,0.0572,456774636701154.562500
0.37218000000000007,0.0236,0.0572,456774636701154.562500
0.37219,0.0236,0.058,456774636701154.562500
0.3722000000000001,0.0228,0.0516,456774636701154.562500
0.37221000000000004,0.0212,0.0572,456774636701154.562500
0.3722200000000001,0.0228,0.055600000000000004,456774636701154.562500
0.37223000000000006,0.0236,0.056400000000000006,456774636701154.562500
0.3722400000000001,0.0212,0.055600000000000004,456774636701154.562500
0.3722500000000001,0.0228,0.0572,456774636701154.562500
0.37226000000000004,0.0236,0.0524,456774636701154.562500
0.3722700000000001,0.0236,0.055600000000000004,456774636701154.562500
0.37228000000000006,0.022000000000000002,0.0572,456774636701154.562500
0.3722900000000001,0.0236,0.0572,456774636701154.562500
0.3723000000000001,0.022000000000000002,0.055600000000000004,456774636701154.562500
0.37231000000000003,0.0228,0.0572,456774636701154.562500
0.3723200000000001,0.0228,0.0548,456774636701154.562500
0.37233000000000005,0.0228,0.058,456774636701154.562500
0.3723400000000001,0.0244,0.056400000000000006,456774636701154.562500
0.37235000000000007,0.0236,0.058,456774636701154.562500
0.37236,0.0236,0.053200000000000004,456774636701154.562500
0.3723700000000001,0.0236,0.056400000000000006,456774636701154.562500
0.37238000000000004,0.0228,0.058,456774636701154.562500
0.3723900000000001,0.0244,0.0572,456774636701154.562500
0.37240000000000006,0.0244,0.054,456774636701154.562500
0.37241,0.0236,0.0572,456774636701154.562500
0.3724200000000001,0.0236,0.055600000000000004,456774636701154.562500
0.37243000000000004,0.0236,0.058,456774636701154.562500
0.3724400000000001,0.0236,0.058,456774636701154.562500
0.37245000000000006,0.0236,0.0572,456774636701154.562500
0.3724600000000001,0.0236,0.056400000000000006,456774636701154.562500
0.3724700000000001,0.0228,0.05,456774636701154.562500
0.37248000000000003,0.0172,0.053200000000000004,456774636701154.562500
0.3724900000000001,0.0164,0.048400000000000006,456774636701154.562500
0.37250000000000005,0.012400000000000001,0.0524,456774636701154.562500
0.3725100000000001,0.0148,0.0492,456774636701154.562500
0.3725200000000001,0.0164,0.0516,456774636701154.562500
0.37253000000000003,0.0204,0.050800000000000005,456774636701154.562500
0.3725400000000001,0.0204,0.0492,456774636701154.562500
0.37255000000000005,0.0212,0.050800000000000005,456774636701154.562500
0.3725600000000001,0.0196,0.046,456774636701154.562500
0.37257000000000007,0.0204,0.0572,456774636701154.562500
0.37258,0.0204,0.0548,456774636701154.562500
0.3725900000000001,0.022000000000000002,0.0548,456774636701154.562500
0.37260000000000004,0.022000000000000002,0.0572,456774636701154.562500
0.3726100000000001,0.0236,0.056400000000000006,456774636701154.562500
0.37262000000000006,0.0228,0.054,456774636701154.562500
0.37263,0.0212,0.0548,456774636701154.562500
0.3726400000000001,0.0236,0.0548,456774636701154.562500
0.37265000000000004,0.0204,0.058,456774636701154.562500
0.3726600000000001,0.022000000000000002,0.055600000000000004,456774636701154.562500
0.37267000000000006,0.018000000000000002,0.056400000000000006,456774636701154.562500
0.3726800000000001,0.0204,0.056400000000000006,456774636701154.562500
0.3726900000000001,0.0188,0.055600000000000004,456774636701154.562500
0.37270000000000003,0.0228,0.0572,456774636701154.562500
0.3727100000000001,0.022000000000000002,0.053200000000000004,456774636701154.562500
0.37272000000000005,0.0244,0.0572,456774636701154.562500
0.3727300000000001,0.0228,0.0572,456774636701154.562500
0.37274000000000007,0.0236,0.056400000000000006,456774636701154.562500
0.37275,0.018000000000000002,0.054,456774636701154.562500
0.3727600000000001,0.022000000000000002,0.058,456774636701154.562500
0.37277000000000005,0.022000000000000002,0.056400000000000006,456774636701154.562500
0.3727800000000001,0.0212,0.055600000000000004,456774636701154.562500
0.37279000000000007,0.0228,0.056400000000000006,456774636701154.562500
0.3728,0.0212,0.055600000000000004,456774636701154.562500
0.3728100000000001,0.0204,0.056400000000000006,456774636701154.562500
0.37282000000000004,0.0196,0.0572,456774636701154.562500
0.3728300000000001,0.0212,0.0572,456774636701154.562500
0.37284000000000006,0.022000000000000002,0.0548,456774636701154.562500
0.3728500000000001,0.022000000000000002,0.0572,456774636701154.562500
0.3728600000000001,0.0244,0.054,456774636701154.562500
0.37287000000000003,0.022000000000000002,0.056400000000000006,456774636701154.562500
0.3728800000000001,0.022000000000000002,0.054,456774636701154.562500
0.37289000000000005,0.0236,0.054,456774636701154.562500
0.3729000000000001,0.022000000000000002,0.055600000000000004,456774636701154.562500
0.3729100000000001,0.0228,0.056400000000000006,456774636701154.562500
0.37292000000000003,0.0228,0.056400000000000006,456774636701154.562500
0.3729300000000001,0.0228,0.055600000000000004,456774636701154.562500
0.37294000000000005,0.0244,0.058,456774636701154.562500
0.3729500000000001,0.0252,0.058800000000000005,456774636701154.562500
0.37296000000000007,0.0204,0.0572,456774636701154.562500
0.37297,0.0228,0.0548,456774636701154.562500
0.3729800000000001,0.0244,0.056400000000000006,456774636701154.562500
0.37299000000000004,0.0252,0.058,456774636701154.562500
0.3730000000000001,0.022000000000000002,0.058,456774636701154.562500
0.37301000000000006,0.0252,0.0572,456774636701154.562500
0.37302,0.0228,0.0548,456774636701154.562500
0.3730300000000001,0.0244,0.0548,456774636701154.562500
0.37304000000000004,0.0244,0.058,456774636701154.562500
0.3730500000000001,0.0236,0.0572,456774636701154.562500
0.37306000000000006,0.0236,0.0572,456774636701154.562500
0.3730700000000001,0.022000000000000002,0.0572,456774636701154.562500
0.3730800000000001,0.0236,0.056400000000000006,456774636701154.562500
0.37309000000000003,0.0236,0.054,456774636701154.562500
0.3731000000000001,0.022000000000000002,0.056400000000000006,456774636701154.562500
0.37311000000000005,0.0228,0.05,456774636701154.562500
0.3731200000000001,0.0228,0.055600000000000004,456774636701154.562500
0.3731300000000001,0.0236,0.0548,456774636701154.562500
0.37314,0.022000000000000002,0.0516,456774636701154.562500
0.3731500000000001,0.022000000000000002,0.050800000000000005,456774636701154.562500
0.37316000000000005,0.022000000000000002,0.0572,456774636701154.562500
0.3731700000000001,0.0204,0.053200000000000004,456774636701154.562500
0.37318000000000007,0.0196,0.0492,456774636701154.562500
0.37319,0.0228,0.0524,456774636701154.562500
0.3732000000000001,0.0228,0.056400000000000006,456774636701154.562500
0.37321000000000004,0.0204,0.056400000000000006,456774636701154.562500
0.3732200000000001,0.0236,0.0548,456774636701154.562500
0.37323000000000006,0.0228,0.053200000000000004,456774636701154.562500
0.37324,0.0236,0.054,456774636701154.562500
0.3732500000000001,0.0228,0.055600000000000004,456774636701154.562500
0.37326000000000004,0.0212,0.056400000000000006,456774636701154.562500
0.3732700000000001,0.0228,0.058,456774636701154.562500
0.37328000000000006,0.0228,0.055600000000000004,456774636701154.562500
0.3732900000000001,0.0244,0.054,456774636701154.562500
0.3733000000000001,0.0244,0.0468,456774636701154.562500
0.37331000000000003,0.0236,0.0548,456774636701154.562500
0.3733200000000001,0.022000000000000002,0.058,456774636701154.562500
0.37333000000000005,0.0244,0.055600000000000004,456774636701154.562500
0.3733400000000001,0.0204,0.0548,456774636701154.562500
0.37335000000000007,0.0212,0.056400000000000006,456774636701154.562500
0.37336,0.018000000000000002,0.0548,456774636701154.562500
0.3733700000000001,0.0212,0.0476,456774636701154.562500
0.37338000000000005,0.022000000000000002,0.054,456774636701154.562500
0.3733900000000001,0.0212,0.056400000000000006,456774636701154.562500
0.37340000000000007,0.022000000000000002,0.058,456774636701154.562500
0.37341,0.0228,0.056400000000000006,456774636701154.562500
0.3734200000000001,0.0196,0.0572,456774636701154.562500
0.37343000000000004,0.022000000000000002,0.055600000000000004,456774636701154.562500
0.3734400000000001,0.0212,0.0572,456774636701154.562500
0.37345000000000006,0.0228,0.0548,456774636701154.562500
0.3734600000000001,0.0196,0.0524,456774636701154.562500
0.3734700000000001,0.022000000000000002,0.0548,456774636701154.562500
0.37348000000000003,0.022000000000000002,0.0516,456774636701154.562500
0.3734900000000001,0.022000000000000002,0.056400000000000006,456774636701154.562500
0.37350000000000005,0.0204,0.0572,456774636701154.562500
0.3735100000000001,0.0204,0.0572,456774636701154.562500
0.3735200000000001,0.022000000000000002,0.0524,456774636701154.562500
0.37353000000000003,0.0228,0.0572,456774636701154.562500
0.3735400000000001,0.022000000000000002,0.054,456774636701154.562500
0.37355000000000005,0.0244,0.058,456774636701154.562500
0.3735600000000001,0.0244,0.0572,456774636701154.562500
0.37357000000000007,0.0252,0.058800000000000005,456774636701154.562500
0.37358,0.0244,0.055600000000000004,456774636701154.562500
0.3735900000000001,0.0228,0.0524,456774636701154.562500
0.37360000000000004,0.0236,0.046,456774636701154.562500
0.3736100000000001,0.0236,0.0572,456774636701154.562500
0.37362000000000006,0.022000000000000002,0.055600000000000004,456774636701154.562500
0.37363,0.0244,0.058,456774636701154.562500
0.3736400000000001,0.0244,0.048400000000000006,456774636701154.562500
0.37365000000000004,0.0252,0.056400000000000006,456774636701154.562500
0.3736600000000001,0.0252,0.058,456774636701154.562500
0.37367000000000006,0.0228,0.055600000000000004,456774636701154.562500
0.3736800000000001,0.0228,0.058,456774636701154.562500
0.3736900000000001,0.0188,0.056400000000000006,456774636701154.562500
0.37370000000000003,0.022000000000000002,0.0572,456774636701154.562500
0.3737100000000001,0.0228,0.055600000000000004,456774636701154.562500
0.37372000000000005,0.0236,0.058800000000000005,456774636701154.562500
0.3737300000000001,0.0204,0.056400000000000006,456774636701154.562500
0.37374000000000007,0.018000000000000002,0.0572,456774636701154.562500
0.37375,0.0212,0.055600000000000004,456774636701154.562500
0.3737600000000001,0.0196,0.058,456774636701154.562500
0.37377000000000005,0.018000000000000002,0.0572,456774636701154.562500
0.3737800000000001,0.015600000000000001,0.058,456774636701154.562500
0.37379000000000007,0.0196,0.0572,456774636701154.562500
0.3738,0.0164,0.0548,456774636701154.562500
0.3738100000000001,0.0196,0.056400000000000006,456774636701154.562500
0.37382000000000004,0.022000000000000002,0.0468,456774636701154.562500
0.3738300000000001,0.022000000000000002,0.058,456774636701154.562500
0.37384000000000006,0.0228,0.055600000000000004,456774636701154.562500
0.3738500000000001,0.0236,0.054,456774636701154.562500
0.3738600000000001,0.0228,0.058,456774636701154.562500
0.37387000000000004,0.0236,0.0492,456774636701154.562500
0.3738800000000001,0.0236,0.055600000000000004,456774636701154.562500
0.37389000000000006,0.0228,0.054,456774636701154.562500
0.3739000000000001,0.0228,0.053200000000000004,456774636701154.562500
0.3739100000000001,0.0252,0.054,456774636701154.562500
0.37392000000000003,0.0236,0.054,456774636701154.562500
0.3739300000000001,0.0244,0.0524,456774636701154.562500
0.37394000000000005,0.0228,0.048400000000000006,456774636701154.562500
0.3739500000000001,0.0204,0.042,456774636701154.562500
0.37396000000000007,0.0196,0.0548,456774636701154.562500
0.37397,0.0244,0.0476,456774636701154.562500
0.3739800000000001,0.0228,0.0492,456774636701154.562500
0.37399000000000004,0.0228,0.0396,456774636701154.562500
0.3740000000000001,0.022000000000000002,0.042800000000000005,456774636701154.562500
0.37401000000000006,0.0212,0.042800000000000005,456774636701154.562500
0.37402,0.022000000000000002,0.042800000000000005,456774636701154.562500
0.3740300000000001,0.022000000000000002,0.05,456774636701154.562500
0.37404000000000004,0.0204,0.0492,456774636701154.562500
0.3740500000000001,0.022000000000000002,0.054,456774636701154.562500
0.37406000000000006,0.018000000000000002,0.048400000000000006,456774636701154.562500
0.3740700000000001,0.0212,0.050800000000000005,456774636701154.562500
0.3740800000000001,0.014,0.0548,456774636701154.562500
0.37409000000000003,0.0164,0.0516,456774636701154.562500
0.3741000000000001,0.0132,0.0572,456774636701154.562500
0.37411000000000005,0.0228,0.054,456774636701154.562500
0.3741200000000001,0.0188,0.0572,456774636701154.562500
0.3741300000000001,0.022000000000000002,0.0468,456774636701154.562500
0.37414000000000003,0.0236,0.054,456774636701154.562500
0.3741500000000001,0.022000000000000002,0.056400000000000006,456774636701154.562500
0.37416000000000005,0.0236,0.0572,456774636701154.562500
0.3741700000000001,0.0204,0.053200000000000004,456774636701154.562500
0.37418000000000007,0.0236,0.0572,456774636701154.562500
0.37419,0.0212,0.058,456774636701154.562500
0.3742000000000001,0.0252,0.054,456774636701154.562500
0.37421000000000004,0.0236,0.055600000000000004,456774636701154.562500
0.3742200000000001,0.0228,0.0524,456774636701154.562500
0.37423000000000006,0.0236,0.0524,456774636701154.562500
0.37424,0.0228,0.053200000000000004,456774636701154.562500
0.3742500000000001,0.0244,0.045200000000000004,456774636701154.562500
0.37426000000000004,0.0244,0.053200000000000004,456774636701154.562500
0.3742700000000001,0.0236,0.053200000000000004,456774636701154.562500
0.37428000000000006,0.0204,0.056400000000000006,456774636701154.562500
0.3742900000000001,0.0236,0.0516,456774636701154.562500
0.3743000000000001,0.022000000000000002,0.0572,456774636701154.562500
0.37431000000000003,0.0228,0.054,456774636701154.562500
0.3743200000000001,0.0204,0.053200000000000004,456774636701154.562500
0.37433000000000005,0.022000000000000002,0.054,456774636701154.562500
0.3743400000000001,0.0212,0.056400000000000006,456774636701154.562500
0.37435000000000007,0.0236,0.0572,456774636701154.562500
0.37436,0.022000000000000002,0.056400000000000006,456774636701154.562500
0.3743700000000001,0.0204,0.055600000000000004,456774636701154.562500
0.37438000000000005,0.022000000000000002,0.0572,456774636701154.562500
0.3743900000000001,0.022000000000000002,0.0572,456774636701154.562500
0.37440000000000007,0.0212,0.058800000000000005,456774636701154.562500
0.37441,0.022000000000000002,0.056400000000000006,456774636701154.562500
0.3744200000000001,0.0236,0.056400000000000006,456774636701154.562500
0.37443000000000004,0.0228,0.0572,456774636701154.562500
0.3744400000000001,0.0228,0.056400000000000006,456774636701154.562500
0.37445000000000006,0.0236,0.056400000000000006,456774636701154.562500
0.3744600000000001,0.0196,0.053200000000000004,456774636701154.562500
0.3744700000000001,0.022000000000000002,0.0572,456774636701154.562500
0.37448000000000004,0.0236,0.0572,456774636701154.562500
0.3744900000000001,0.0212,0.058,456774636701154.562500
0.37450000000000006,0.0236,0.054,456774636701154.562500
0.3745100000000001,0.015600000000000001,0.058,456774636701154.562500
0.3745200000000001,0.0204,0.0572,456774636701154.562500
0.37453000000000003,0.0196,0.056400000000000006,456774636701154.562500
0.3745400000000001,0.022000000000000002,0.054,456774636701154.562500
0.37455000000000005,0.0204,0.0572,456774636701154.562500
0.3745600000000001,0.026000000000000002,0.0572,456774636701154.562500
0.37457000000000007,0.022000000000000002,0.056400000000000006,456774636701154.562500
0.37458,0.022000000000000002,0.0572,456774636701154.562500
0.3745900000000001,0.0228,0.055600000000000004,456774636701154.562500
0.37460000000000004,0.0228,0.054,456774636701154.562500
0.3746100000000001,0.0228,0.056400000000000006,456774636701154.562500
0.37462000000000006,0.0228,0.0548,456774636701154.562500
0.37463,0.0236,0.053200000000000004,456774636701154.562500
0.3746400000000001,0.0204,0.0572,456774636701154.562500
0.37465000000000004,0.0212,0.0572,456774636701154.562500
0.3746600000000001,0.0228,0.058,456774636701154.562500
0.37467000000000006,0.0212,0.054,456774636701154.562500
0.3746800000000001,0.022000000000000002,0.055600000000000004,456774636701154.562500
0.3746900000000001,0.022000000000000002,0.058,456774636701154.562500
0.37470000000000003,0.0204,0.058,456774636701154.562500
0.3747100000000001,0.022000000000000002,0.058,456774636701154.562500
0.37472000000000005,0.022000000000000002,0.056400000000000006,456774636701154.562500
0.3747300000000001,0.0196,0.0572,456774636701154.562500
0.3747400000000001,0.0228,0.0572,456774636701154.562500
0.37475,0.022000000000000002,0.058,456774636701154.562500
0.3747600000000001,0.0236,0.0572,456774636701154.562500
0.37477000000000005,0.0228,0.0572,456774636701154.562500
0.3747800000000001,0.0236,0.056400000000000006,456774636701154.562500
0.37479000000000007,0.0196,0.058,456774636701154.562500
0.3748,0.0244,0.056400000000000006,456774636701154.562500
0.3748100000000001,0.0244,0.056400000000000006,456774636701154.562500
0.37482000000000004,0.0252,0.0572,456774636701154.562500
0.3748300000000001,0.0228,0.058,456774636701154.562500
0.37484000000000006,0.0244,0.0572,456774636701154.562500
0.37485,0.0236,0.0572,456774636701154.562500
0.3748600000000001,0.0228,0.056400000000000006,456774636701154.562500
0.37487000000000004,0.0228,0.0572,456774636701154.562500
0.3748800000000001,0.0236,0.056400000000000006,456774636701154.562500
0.37489000000000006,0.0228,0.056400000000000006,456774636701154.562500
0.3749000000000001,0.0236,0.0572,456774636701154.562500
0.3749100000000001,0.0212,0.0572,456774636701154.562500
0.37492000000000003,0.0236,0.0572,456774636701154.562500
0.3749300000000001,0.0236,0.0492,456774636701154.562500
0.37494000000000005,0.022000000000000002,0.0516,456774636701154.562500
0.3749500000000001,0.022000000000000002,0.056400000000000006,456774636701154.562500
0.37496000000000007,0.0212,0.056400000000000006,456774636701154.562500
0.37497,0.0196,0.0572,456774636701154.562500
0.3749800000000001,0.022000000000000002,0.0572,456774636701154.562500
0.37499000000000005,0.0212,0.0548,456774636701154.562500
0.3750000000000001,0.0236,0.0572,456774636701154.562500
0.37501000000000007,0.022000000000000002,0.056400000000000006,456774636701154.562500
0.37502,0.0204,0.0548,456774636701154.562500
0.3750300000000001,0.0212,0.058,456774636701154.562500
0.37504000000000004,0.0204,0.055600000000000004,456774636701154.562500
0.3750500000000001,0.0188,0.058,456774636701154.562500
0.37506000000000006,0.0212,0.0548,456774636701154.562500
0.3750700000000001,0.0212,0.056400000000000006,456774636701154.562500
0.3750800000000001,0.022000000000000002,0.054,456774636701154.562500
0.37509000000000003,0.0244,0.055600000000000004,456774636701154.562500
0.3751000000000001,0.0236,0.055600000000000004,456774636701154.562500
0.37511000000000005,0.022000000000000002,0.053200000000000004,456774636701154.562500
0.3751200000000001,0.0252,0.053200000000000004,456774636701154.562500
0.3751300000000001,0.0236,0.0572,456774636701154.562500
0.37514000000000003,0.0228,0.058,456774636701154.562500
0.3751500000000001,0.0204,0.055600000000000004,456774636701154.562500
0.37516000000000005,0.022000000000000002,0.055600000000000004,456774636701154.562500
0.3751700000000001,0.0236,0.054,456774636701154.562500
0.37518000000000007,0.0236,0.056400000000000006,456774636701154.562500
0.37519,0.0244,0.05,456774636701154.562500
0.3752000000000001,0.0228,0.055600000000000004,456774636701154.562500
0.37521000000000004,0.0212,0.056400000000000006,456774636701154.562500
0.3752200000000001,0.0204,0.056400000000000006,456774636701154.562500
0.37523000000000006,0.0228,0.058,456774636701154.562500
0.37524,0.0164,0.0468,456774636701154.562500
0.3752500000000001,0.0204,0.0572,456774636701154.562500
0.37526000000000004,0.0172,0.055600000000000004,456774636701154.562500
0.3752700000000001,0.0212,0.058,456774636701154.562500
0.37528000000000006,0.0164,0.0572,456774636701154.562500
0.3752900000000001,0.022000000000000002,0.054,456774636701154.562500
0.3753000000000001,0.022000000000000002,0.055600000000000004,456774636701154.562500
0.37531000000000003,0.022000000000000002,0.053200000000000004,456774636701154.562500
0.3753200000000001,0.0204,0.0572,456774636701154.562500
0.37533000000000005,0.0188,0.054,456774636701154.562500
0.3753400000000001,0.022000000000000002,0.0572,456774636701154.562500
0.3753500000000001,0.022000000000000002,0.053200000000000004,456774636701154.562500
0.37536,0.022000000000000002,0.056400000000000006,456774636701154.562500
0.3753700000000001,0.022000000000000002,0.050800000000000005,456774636701154.562500
0.37538000000000005,0.0244,0.056400000000000006,456774636701154.562500
0.3753900000000001,0.0236,0.053200000000000004,456774636701154.562500
0.37540000000000007,0.0244,0.058,456774636701154.562500
0.37541,0.0228,0.0548,456774636701154.562500
0.3754200000000001,0.0236,0.0572,456774636701154.562500
0.37543000000000004,0.0244,0.054,456774636701154.562500
0.3754400000000001,0.0244,0.056400000000000006,456774636701154.562500
0.37545000000000006,0.0228,0.0492,456774636701154.562500
0.3754600000000001,0.0236,0.058,456774636701154.562500
0.3754700000000001,0.0244,0.0524,456774636701154.562500
0.37548000000000004,0.0236,0.0524,456774636701154.562500
0.3754900000000001,0.0236,0.056400000000000006,456774636701154.562500
0.37550000000000006,0.0228,0.056400000000000006,456774636701154.562500
0.3755100000000001,0.0228,0.055600000000000004,456774636701154.562500
0.3755200000000001,0.0212,0.0572,456774636701154.562500
0.37553000000000003,0.0212,0.056400000000000006,456774636701154.562500
0.3755400000000001,0.0212,0.056400000000000006,456774636701154.562500
0.37555000000000005,0.0228,0.0572,456774636701154.562500
0.3755600000000001,0.0188,0.053200000000000004,456774636701154.562500
0.37557000000000007,0.0236,0.056400000000000006,456774636701154.562500
0.37558,0.018000000000000002,0.055600000000000004,456774636701154.562500
0.3755900000000001,0.0212,0.056400000000000006,456774636701154.562500
0.37560000000000004,0.0172,0.050800000000000005,456774636701154.562500
0.3756100000000001,0.0212,0.0524,456774636701154.562500
0.37562000000000006,0.018000000000000002,0.040400000000000005,456774636701154.562500
0.37563,0.0228,0.045200000000000004,456774636701154.562500
0.3756400000000001,0.0236,0.0444,456774636701154.562500
0.37565000000000004,0.0212,0.0516,456774636701154.562500
0.3756600000000001,0.0236,0.0468,456774636701154.562500
0.37567000000000006,0.022000000000000002,0.053200000000000004,456774636701154.562500
0.3756800000000001,0.022000000000000002,0.0388,456774636701154.562500
0.3756900000000001,0.022000000000000002,0.055600000000000004,456774636701154.562500
0.37570000000000003,0.0228,0.055600000000000004,456774636701154.562500
0.3757100000000001,0.022000000000000002,0.0572,456774636701154.562500
0.37572000000000005,0.0196,0.056400000000000006,456774636701154.562500
0.3757300000000001,0.018000000000000002,0.053200000000000004,456774636701154.562500
0.3757400000000001,0.0228,0.0572,456774636701154.562500
0.37575000000000003,0.0172,0.056400000000000006,456774636701154.562500
0.3757600000000001,0.022000000000000002,0.058,456774636701154.562500
0.37577000000000005,0.0196,0.0572,456774636701154.562500
0.3757800000000001,0.0236,0.056400000000000006,456774636701154.562500
0.37579000000000007,0.0212,0.0548,456774636701154.562500
0.3758,0.0236,0.0476,456774636701154.562500
0.3758100000000001,0.0244,0.0548,456774636701154.562500
0.37582000000000004,0.022000000000000002,0.055600000000000004,456774636701154.562500
0.3758300000000001,0.0212,0.056400000000000006,456774636701154.562500
0.37584000000000006,0.0228,0.054,456774636701154.562500
0.37585,0.0204,0.0516,456774636701154.562500
0.3758600000000001,0.0212,0.042800000000000005,456774636701154.562500
0.37587000000000004,0.022000000000000002,0.054,456774636701154.562500
0.3758800000000001,0.0204,0.0516,456774636701154.562500
0.37589000000000006,0.0212,0.0524,456774636701154.562500
0.3759000000000001,0.0196,0.0396,456774636701154.562500
0.3759100000000001,0.0204,0.050800000000000005,456774636701154.562500
0.37592000000000003,0.0212,0.053200000000000004,456774636701154.562500
0.3759300000000001,0.0236,0.058800000000000005,456774636701154.562500
0.37594000000000005,0.0204,0.055600000000000004,456774636701154.562500
0.3759500000000001,0.0212,0.050800000000000005,456774636701154.562500
0.37596000000000007,0.0236,0.0572,456774636701154.562500
0.37597,0.0212,0.055600000000000004,456774636701154.562500
0.3759800000000001,0.0244,0.056400000000000006,456774636701154.562500
0.37599000000000005,0.022000000000000002,0.056400000000000006,456774636701154.562500
0.3760000000000001,0.0204,0.056400000000000006,456774636701154.562500
0.37601000000000007,0.0196,0.0572,456774636701154.562500
0.37602,0.0244,0.050800000000000005,456774636701154.562500
0.3760300000000001,0.0236,0.0572,456774636701154.562500
0.37604000000000004,0.0244,0.056400000000000006,456774636701154.562500
0.3760500000000001,0.0236,0.0548,456774636701154.562500
0.37606000000000006,0.0244,0.058,456774636701154.562500
0.3760700000000001,0.0244,0.0572,456774636701154.562500
0.3760800000000001,0.0196,0.046,456774636701154.562500
0.37609000000000004,0.0212,0.055600000000000004,456774636701154.562500
0.3761000000000001,0.0212,0.050800000000000005,456774636701154.562500
0.37611000000000006,0.0228,0.054,456774636701154.562500
0.3761200000000001,0.0228,0.054,456774636701154.562500
0.3761300000000001,0.018000000000000002,0.055600000000000004,456774636701154.562500
0.37614000000000003,0.0212,0.058,456774636701154.562500
0.3761500000000001,0.0236,0.056400000000000006,456774636701154.562500
0.37616000000000005,0.0228,0.055600000000000004,456774636701154.562500
0.3761700000000001,0.0228,0.054,456774636701154.562500
0.37618000000000007,0.0228,0.0476,456774636701154.562500
0.37619,0.0204,0.0572,456774636701154.562500
0.3762000000000001,0.0212,0.048400000000000006,456774636701154.562500
0.37621000000000004,0.022000000000000002,0.055600000000000004,456774636701154.562500
0.3762200000000001,0.0228,0.055600000000000004,456774636701154.562500
0.37623000000000006,0.0188,0.056400000000000006,456774636701154.562500
0.37624,0.0212,0.054,456774636701154.562500
0.3762500000000001,0.0212,0.054,456774636701154.562500
0.37626000000000004,0.0236,0.056400000000000006,456774636701154.562500
0.3762700000000001,0.022000000000000002,0.055600000000000004,456774636701154.562500
0.37628000000000006,0.0212,0.0548,456774636701154.562500
0.3762900000000001,0.0228,0.056400000000000006,456774636701154.562500
0.3763000000000001,0.0188,0.058,456774636701154.562500
0.37631000000000003,0.022000000000000002,0.0572,456774636701154.562500
0.3763200000000001,0.0236,0.055600000000000004,456774636701154.562500
0.37633000000000005,0.0236,0.058800000000000005,456774636701154.562500
0.3763400000000001,0.0204,0.055600000000000004,456774636701154.562500
0.3763500000000001,0.0244,0.056400000000000006,456774636701154.562500
0.37636000000000003,0.0244,0.055600000000000004,456774636701154.562500
0.3763700000000001,0.026000000000000002,0.055600000000000004,456774636701154.562500
0.37638000000000005,0.0252,0.0572,456774636701154.562500
0.3763900000000001,0.0236,0.054,456774636701154.562500
0.37640000000000007,0.0228,0.058800000000000005,456774636701154.562500
0.37641,0.0244,0.056400000000000006,456774636701154.562500
0.3764200000000001,0.0236,0.054,456774636701154.562500
0.37643000000000004,0.0236,0.056400000000000006,456774636701154.562500
0.3764400000000001,0.0244,0.055600000000000004,456774636701154.562500
0.37645000000000006,0.0228,0.0572,456774636701154.562500
0.37646,0.0228,0.0524,456774636701154.562500
0.3764700000000001,0.022000000000000002,0.054,456774636701154.562500
0.37648000000000004,0.0236,0.0572,456774636701154.562500
0.3764900000000001,0.022000000000000002,0.053200000000000004,456774636701154.562500
0.37650000000000006,0.022000000000000002,0.050800000000000005,456774636701154.562500
0.3765100000000001,0.0188,0.050800000000000005,456774636701154.562500
0.3765200000000001,0.0228,0.055600000000000004,456774636701154.562500
0.37653000000000003,0.0188,0.0572,456774636701154.562500
0.3765400000000001,0.0164,0.056400000000000006,456774636701154.562500
0.37655000000000005,0.0212,0.055600000000000004,456774636701154.562500
0.3765600000000001,0.0236,0.0548,456774636701154.562500
0.37657000000000007,0.0228,0.0572,456774636701154.562500
0.37658,0.0204,0.054,456774636701154.562500
0.3765900000000001,0.0228,0.058,456774636701154.562500
0.37660000000000005,0.0236,0.056400000000000006,456774636701154.562500
0.3766100000000001,0.0236,0.054,456774636701154.562500
0.37662000000000007,0.0236,0.0436,456774636701154.562500
0.37663,0.0204,0.055600000000000004,456774636701154.562500
0.3766400000000001,0.0236,0.0524,456774636701154.562500
0.37665000000000004,0.0236,0.0572,456774636701154.562500
0.3766600000000001,0.0212,0.0548,456774636701154.562500
0.37667000000000006,0.0228,0.055600000000000004,456774636701154.562500
0.3766800000000001,0.0212,0.058,456774636701154.562500
0.3766900000000001,0.0228,0.056400000000000006,456774636701154.562500
0.37670000000000003,0.0236,0.058,456774636701154.562500
0.3767100000000001,0.0228,0.056400000000000006,456774636701154.562500
0.37672000000000005,0.0228,0.05,456774636701154.562500
0.3767300000000001,0.0236,0.0572,456774636701154.562500
0.3767400000000001,0.022000000000000002,0.0436,456774636701154.562500
0.37675000000000003,0.0236,0.055600000000000004,456774636701154.562500
0.3767600000000001,0.0212,0.054,456774636701154.562500
0.37677000000000005,0.0228,0.05,456774636701154.562500
0.3767800000000001,0.0236,0.050800000000000005,456774636701154.562500
0.37679000000000007,0.022000000000000002,0.058,456774636701154.562500
0.3768,0.022000000000000002,0.055600000000000004,456774636701154.562500
0.3768100000000001,0.022000000000000002,0.058,456774636701154.562500
0.37682000000000004,0.0204,0.056400000000000006,456774636701154.562500
0.3768300000000001,0.0228,0.053200000000000004,456774636701154.562500
0.37684000000000006,0.018000000000000002,0.0572,456774636701154.562500
0.37685,0.022000000000000002,0.055600000000000004,456774636701154.562500
0.3768600000000001,0.0196,0.054,456774636701154.562500
0.37687000000000004,0.0228,0.0572,456774636701154.562500
0.3768800000000001,0.022000000000000002,0.058,456774636701154.562500
0.37689000000000006,0.0228,0.0548,456774636701154.562500
0.3769000000000001,0.0212,0.0572,456774636701154.562500
0.3769100000000001,0.0204,0.056400000000000006,456774636701154.562500
0.37692000000000003,0.0244,0.0548,456774636701154.562500
0.3769300000000001,0.022000000000000002,0.0596,456774636701154.562500
0.37694000000000005,0.0236,0.054,456774636701154.562500
0.3769500000000001,0.026000000000000002,0.056400000000000006,456774636701154.562500
0.3769600000000001,0.0252,0.0572,456774636701154.562500
0.37697,0.0244,0.053200000000000004,456774636701154.562500
0.3769800000000001,0.0252,0.056400000000000006,456774636701154.562500
0.37699000000000005,0.0236,0.055600000000000004,456774636701154.562500
0.3770000000000001,0.0252,0.0572,456774636701154.562500
0.37701000000000007,0.0204,0.0524,456774636701154.562500
0.37702,0.0244,0.056400000000000006,456774636701154.562500
0.3770300000000001,0.022000000000000002,0.0548,456774636701154.562500
0.37704000000000004,0.0236,0.045200000000000004,456774636701154.562500
0.3770500000000001,0.0228,0.0572,456774636701154.562500
0.37706000000000006,0.022000000000000002,0.05,456774636701154.562500
0.37707,0.0228,0.055600000000000004,456774636701154.562500
0.3770800000000001,0.0228,0.053200000000000004,456774636701154.562500
0.37709000000000004,0.022000000000000002,0.0524,456774636701154.562500
0.3771000000000001,0.0228,0.0572,456774636701154.562500
0.37711000000000006,0.022000000000000002,0.058,456774636701154.562500
0.3771200000000001,0.0204,0.054,456774636701154.562500
0.3771300000000001,0.0244,0.055600000000000004,456774636701154.562500
0.37714000000000003,0.0204,0.0548,456774636701154.562500
0.3771500000000001,0.0228,0.058,456774636701154.562500
0.37716000000000005,0.0228,0.058800000000000005,456774636701154.562500
0.3771700000000001,0.0228,0.0524,456774636701154.562500
0.37718000000000007,0.022000000000000002,0.056400000000000006,456774636701154.562500
0.37719,0.0212,0.05,456774636701154.562500
0.3772000000000001,0.022000000000000002,0.054,456774636701154.562500
0.37721000000000005,0.0244,0.054,456774636701154.562500
0.3772200000000001,0.0228,0.0572,456774636701154.562500
0.37723000000000007,0.0236,0.048400000000000006,456774636701154.562500
0.37724,0.0244,0.0548,456774636701154.562500
0.3772500000000001,0.0228,0.0436,456774636701154.562500
0.37726000000000004,0.0236,0.0572,456774636701154.562500
0.3772700000000001,0.0212,0.056400000000000006,456774636701154.562500
0.37728000000000006,0.022000000000000002,0.0572,456774636701154.562500
0.3772900000000001,0.0196,0.050800000000000005,456774636701154.562500
0.3773000000000001,0.0244,0.055600000000000004,456774636701154.562500
0.37731000000000003,0.0252,0.054,456774636701154.562500
0.3773200000000001,0.0252,0.0572,456774636701154.562500
0.37733000000000005,0.0236,0.0572,456774636701154.562500
0.3773400000000001,0.0236,0.056400000000000006,456774636701154.562500
0.3773500000000001,0.0236,0.0572,456774636701154.562500
0.37736000000000003,0.0212,0.058,456774636701154.562500
0.3773700000000001,0.0236,0.0548,456774636701154.562500
0.37738000000000005,0.022000000000000002,0.056400000000000006,456774636701154.562500
0.3773900000000001,0.0212,0.053200000000000004,456774636701154.562500
0.37740000000000007,0.022000000000000002,0.0548,456774636701154.562500
0.37741,0.0228,0.054,456774636701154.562500
0.3774200000000001,0.022000000000000002,0.056400000000000006,456774636701154.562500
0.37743000000000004,0.022000000000000002,0.055600000000000004,456774636701154.562500
0.3774400000000001,0.022000000000000002,0.055600000000000004,456774636701154.562500
0.37745000000000006,0.0212,0.058800000000000005,456774636701154.562500
0.37746,0.022000000000000002,0.054,456774636701154.562500
0.3774700000000001,0.0228,0.058,456774636701154.562500
0.37748000000000004,0.0244,0.054,456774636701154.562500
0.3774900000000001,0.0236,0.056400000000000006,456774636701154.562500
0.37750000000000006,0.022000000000000002,0.0516,456774636701154.562500
0.3775100000000001,0.0228,0.055600000000000004,456774636701154.562500
0.3775200000000001,0.0188,0.056400000000000006,456774636701154.562500
0.37753000000000003,0.0244,0.0516,456774636701154.562500
0.3775400000000001,0.0252,0.050800000000000005,456774636701154.562500
0.37755000000000005,0.0228,0.0516,456774636701154.562500
0.3775600000000001,0.0244,0.0548,456774636701154.562500
0.37757000000000007,0.0252,0.048400000000000006,456774636701154.562500
0.37758,0.0244,0.055600000000000004,456774636701154.562500
0.3775900000000001,0.0236,0.0548,456774636701154.562500
0.37760000000000005,0.0244,0.055600000000000004,456774636701154.562500
0.3776100000000001,0.022000000000000002,0.0468,456774636701154.562500
0.37762000000000007,0.0252,0.050800000000000005,456774636701154.562500
0.37763,0.0244,0.0388,456774636701154.562500
0.3776400000000001,0.022000000000000002,0.053200000000000004,456774636701154.562500
0.37765000000000004,0.022000000000000002,0.0492,456774636701154.562500
0.3776600000000001,0.0236,0.058,456774636701154.562500
0.37767000000000006,0.0236,0.056400000000000006,456774636701154.562500
0.3776800000000001,0.022000000000000002,0.055600000000000004,456774636701154.562500
0.3776900000000001,0.0228,0.0516,456774636701154.562500
0.37770000000000004,0.0244,0.0524,456774636701154.562500
0.3777100000000001,0.0228,0.0524,456774636701154.562500
0.37772000000000006,0.022000000000000002,0.055600000000000004,456774636701154.562500
0.3777300000000001,0.0228,0.054,456774636701154.562500
0.3777400000000001,0.0204,0.050800000000000005,456774636701154.562500
0.37775000000000003,0.0212,0.055600000000000004,456774636701154.562500
0.3777600000000001,0.0228,0.042,456774636701154.562500
0.37777000000000005,0.0212,0.048400000000000006,456774636701154.562500
0.3777800000000001,0.022000000000000002,0.05,456774636701154.562500
0.37779000000000007,0.0236,0.0548,456774636701154.562500
0.3778,0.0228,0.0476,456774636701154.562500
0.3778100000000001,0.0236,0.056400000000000006,456774636701154.562500
0.37782000000000004,0.0228,0.056400000000000006,456774636701154.562500
0.3778300000000001,0.0244,0.056400000000000006,456774636701154.562500
0.37784000000000006,0.0236,0.056400000000000006,456774636701154.562500
0.37785,0.0244,0.056400000000000006,456774636701154.562500
0.3778600000000001,0.0236,0.058,456774636701154.562500
0.37787000000000004,0.0196,0.0572,456774636701154.562500
0.3778800000000001,0.022000000000000002,0.056400000000000006,456774636701154.562500
0.37789000000000006,0.0172,0.058,456774636701154.562500
0.3779000000000001,0.0228,0.058800000000000005,456774636701154.562500
0.3779100000000001,0.022000000000000002,0.053200000000000004,456774636701154.562500
0.37792000000000003,0.0244,0.055600000000000004,456774636701154.562500
0.3779300000000001,0.0228,0.054,456774636701154.562500
0.37794000000000005,0.0244,0.056400000000000006,456774636701154.562500
0.3779500000000001,0.022000000000000002,0.0516,456774636701154.562500
0.3779600000000001,0.0228,0.0548,456774636701154.562500
0.37797000000000003,0.022000000000000002,0.050800000000000005,456774636701154.562500
0.3779800000000001,0.022000000000000002,0.056400000000000006,456774636701154.562500
0.37799000000000005,0.0196,0.053200000000000004,456774636701154.562500
0.3780000000000001,0.0132,0.056400000000000006,456774636701154.562500
0.37801000000000007,0.0212,0.0572,456774636701154.562500
0.37802,0.0212,0.054,456774636701154.562500
0.3780300000000001,0.022000000000000002,0.0572,456774636701154.562500
0.37804000000000004,0.0236,0.056400000000000006,456774636701154.562500
0.3780500000000001,0.0228,0.0572,456774636701154.562500
0.37806000000000006,0.0228,0.053200000000000004,456774636701154.562500
0.37807,0.0228,0.0572,456774636701154.562500
0.3780800000000001,0.0228,0.055600000000000004,456774636701154.562500
0.37809000000000004,0.022000000000000002,0.058,456774636701154.562500
0.3781000000000001,0.0244,0.0572,456774636701154.562500
0.37811000000000006,0.022000000000000002,0.058800000000000005,456774636701154.562500
0.3781200000000001,0.0244,0.055600000000000004,456774636701154.562500
0.3781300000000001,0.0196,0.0572,456774636701154.562500
0.37814000000000003,0.0244,0.055600000000000004,456774636701154.562500
0.3781500000000001,0.022000000000000002,0.0572,456774636701154.562500
0.37816000000000005,0.0228,0.058,456774636701154.562500
0.3781700000000001,0.022000000000000002,0.0548,456774636701154.562500
0.37818000000000007,0.0244,0.056400000000000006,456774636701154.562500
0.37819,0.0244,0.058,456774636701154.562500
0.3782000000000001,0.0244,0.055600000000000004,456774636701154.562500
0.37821000000000005,0.0228,0.055600000000000004,456774636701154.562500
0.3782200000000001,0.0244,0.0572,456774636701154.562500
0.37823000000000007,0.022000000000000002,0.050800000000000005,456774636701154.562500
0.37824,0.0236,0.055600000000000004,456774636701154.562500
0.3782500000000001,0.0236,0.055600000000000004,456774636701154.562500
0.37826000000000004,0.0236,0.053200000000000004,456774636701154.562500
0.3782700000000001,0.0212,0.055600000000000004,456774636701154.562500
0.37828000000000006,0.0204,0.054,456774636701154.562500
0.3782900000000001,0.0196,0.05,456774636701154.562500
0.3783000000000001,0.022000000000000002,0.055600000000000004,456774636701154.562500
0.37831000000000004,0.0236,0.055600000000000004,456774636701154.562500
0.3783200000000001,0.0228,0.056400000000000006,456774636701154.562500
0.37833000000000006,0.022000000000000002,0.056400000000000006,456774636701154.562500
0.3783400000000001,0.022000000000000002,0.0548,456774636701154.562500
0.3783500000000001,0.022000000000000002,0.055600000000000004,456774636701154.562500
0.37836000000000003,0.0236,0.054,456774636701154.562500
0.3783700000000001,0.022000000000000002,0.056400000000000006,456774636701154.562500
0.37838000000000005,0.022000000000000002,0.0572,456774636701154.562500
0.3783900000000001,0.0212,0.0548,456774636701154.562500
0.37840000000000007,0.0228,0.0436,456774636701154.562500
0.37841,0.0244,0.0548,456774636701154.562500
0.3784200000000001,0.0228,0.0524,456774636701154.562500
0.37843000000000004,0.022000000000000002,0.058800000000000005,456774636701154.562500
0.3784400000000001,0.0236,0.056400000000000006,456774636701154.562500
0.37845000000000006,0.0212,0.058,456774636701154.562500
0.37846,0.0244,0.0548,456774636701154.562500
0.3784700000000001,0.0204,0.0548,456774636701154.562500
0.37848000000000004,0.0236,0.056400000000000006,456774636701154.562500
0.3784900000000001,0.022000000000000002,0.058800000000000005,456774636701154.562500
0.37850000000000006,0.0244,0.054,456774636701154.562500
0.3785100000000001,0.0212,0.058,456774636701154.562500
0.3785200000000001,0.0228,0.0572,456774636701154.562500
0.37853000000000003,0.0228,0.0524,456774636701154.562500
0.3785400000000001,0.0212,0.0572,456774636701154.562500
0.37855000000000005,0.0236,0.0548,456774636701154.562500
0.3785600000000001,0.0244,0.054,456774636701154.562500
0.3785700000000001,0.0236,0.054,456774636701154.562500
0.37858,0.022000000000000002,0.055600000000000004,456774636701154.562500
0.3785900000000001,0.0212,0.056400000000000006,456774636701154.562500
0.37860000000000005,0.0204,0.0548,456774636701154.562500
0.3786100000000001,0.0196,0.0572,456774636701154.562500
0.37862000000000007,0.0212,0.055600000000000004,456774636701154.562500
0.37863,0.0212,0.054,456774636701154.562500
0.3786400000000001,0.0204,0.058,456774636701154.562500
0.37865000000000004,0.018000000000000002,0.056400000000000006,456774636701154.562500
0.3786600000000001,0.0204,0.055600000000000004,456774636701154.562500
0.37867000000000006,0.018000000000000002,0.0548,456774636701154.562500
0.37868,0.0204,0.0572,456774636701154.562500
0.3786900000000001,0.018000000000000002,0.054,456774636701154.562500
0.37870000000000004,0.0212,0.050800000000000005,456774636701154.562500
0.3787100000000001,0.0204,0.0436,456774636701154.562500
0.37872000000000006,0.022000000000000002,0.048400000000000006,456774636701154.562500
0.3787300000000001,0.0228,0.046,456774636701154.562500
0.3787400000000001,0.0228,0.053200000000000004,456774636701154.562500
0.37875000000000003,0.0236,0.0476,456774636701154.562500
0.3787600000000001,0.0244,0.045200000000000004,456774636701154.562500
0.37877000000000005,0.022000000000000002,0.0524,456774636701154.562500
0.3787800000000001,0.0236,0.053200000000000004,456774636701154.562500
0.37879000000000007,0.0236,0.05,456774636701154.562500
0.3788,0.022000000000000002,0.056400000000000006,456774636701154.562500
0.3788100000000001,0.0236,0.058,456774636701154.562500
0.37882000000000005,0.0244,0.0548,456774636701154.562500
0.3788300000000001,0.0244,0.054,456774636701154.562500
0.37884000000000007,0.0244,0.0468,456774636701154.562500
0.37885,0.022000000000000002,0.0524,456774636701154.562500
0.3788600000000001,0.0228,0.046,456774636701154.562500
0.37887000000000004,0.0228,0.055600000000000004,456774636701154.562500
0.3788800000000001,0.0212,0.058,456774636701154.562500
0.37889000000000006,0.0228,0.055600000000000004,456774636701154.562500
0.3789000000000001,0.0212,0.0572,456774636701154.562500
0.3789100000000001,0.022000000000000002,0.054,456774636701154.562500
0.37892000000000003,0.022000000000000002,0.0572,456774636701154.562500
0.3789300000000001,0.0228,0.056400000000000006,456774636701154.562500
0.37894000000000005,0.022000000000000002,0.0572,456774636701154.562500
0.3789500000000001,0.0212,0.0572,456774636701154.562500
0.3789600000000001,0.022000000000000002,0.055600000000000004,456774636701154.562500
0.37897000000000003,0.0204,0.056400000000000006,456774636701154.562500
0.3789800000000001,0.0196,0.056400000000000006,456774636701154.562500
0.37899000000000005,0.0212,0.0572,456774636701154.562500
0.3790000000000001,0.0196,0.054,456774636701154.562500
0.37901000000000007,0.022000000000000002,0.055600000000000004,456774636701154.562500
0.37902,0.0228,0.056400000000000006,456774636701154.562500
0.3790300000000001,0.0204,0.056400000000000006,456774636701154.562500
0.37904000000000004,0.0204,0.0572,456774636701154.562500
0.3790500000000001,0.0212,0.053200000000000004,456774636701154.562500
0.37906000000000006,0.0212,0.0572,456774636701154.562500
0.37907,0.0244,0.053200000000000004,456774636701154.562500
0.3790800000000001,0.0236,0.054,456774636701154.562500
0.37909000000000004,0.0236,0.050800000000000005,456774636701154.562500
0.3791000000000001,0.0244,0.055600000000000004,456774636701154.562500
0.37911000000000006,0.0236,0.056400000000000006,456774636701154.562500
0.3791200000000001,0.0236,0.055600000000000004,456774636701154.562500
0.3791300000000001,0.022000000000000002,0.056400000000000006,456774636701154.562500
0.37914000000000003,0.0236,0.042,456774636701154.562500
0.3791500000000001,0.022000000000000002,0.05,456774636701154.562500
0.37916000000000005,0.022000000000000002,0.0524,456774636701154.562500
0.3791700000000001,0.022000000000000002,0.053200000000000004,456774636701154.562500
0.3791800000000001,0.0204,0.0492,456774636701154.562500
0.37919,0.0196,0.0572,456774636701154.562500
0.3792000000000001,0.0212,0.055600000000000004,456774636701154.562500
0.37921000000000005,0.0188,0.056400000000000006,456774636701154.562500
0.3792200000000001,0.0212,0.054,456774636701154.562500
0.37923000000000007,0.018000000000000002,0.055600000000000004,456774636701154.562500
0.37924,0.022000000000000002,0.058,456774636701154.562500
0.3792500000000001,0.022000000000000002,0.0516,456774636701154.562500
0.37926000000000004,0.022000000000000002,0.056400000000000006,456774636701154.562500
0.3792700000000001,0.0212,0.058800000000000005,456774636701154.562500
0.37928000000000006,0.0236,0.056400000000000006,456774636701154.562500
0.3792900000000001,0.022000000000000002,0.058,456774636701154.562500
0.3793000000000001,0.0228,0.050800000000000005,456774636701154.562500
0.37931000000000004,0.0212,0.0572,456774636701154.562500
0.3793200000000001,0.0236,0.0572,456774636701154.562500
0.37933000000000006,0.0236,0.055600000000000004,456774636701154.562500
0.3793400000000001,0.0228,0.056400000000000006,456774636701154.562500
0.3793500000000001,0.0212,0.056400000000000006,456774636701154.562500
0.37936000000000003,0.0228,0.0476,456774636701154.562500
0.3793700000000001,0.022000000000000002,0.055600000000000004,456774636701154.562500
0.37938000000000005,0.026000000000000002,0.054,456774636701154.562500
0.3793900000000001,0.0236,0.055600000000000004,456774636701154.562500
0.37940000000000007,0.0236,0.056400000000000006,456774636701154.562500
0.37941,0.0244,0.054,456774636701154.562500
0.3794200000000001,0.0244,0.0516,456774636701154.562500
0.37943000000000005,0.0244,0.058,456774636701154.562500
0.3794400000000001,0.022000000000000002,0.056400000000000006,456774636701154.562500
0.37945000000000007,0.0228,0.056400000000000006,456774636701154.562500
0.37946,0.022000000000000002,0.056400000000000006,456774636701154.562500
0.3794700000000001,0.0236,0.056400000000000006,456774636701154.562500
0.37948000000000004,0.0212,0.0572,456774636701154.562500
0.3794900000000001,0.0204,0.055600000000000004,456774636701154.562500
0.37950000000000006,0.0244,0.056400000000000006,456774636701154.562500
0.3795100000000001,0.0172,0.056400000000000006,456774636701154.562500
0.3795200000000001,0.0204,0.056400000000000006,456774636701154.562500
0.37953000000000003,0.022000000000000002,0.056400000000000006,456774636701154.562500
0.3795400000000001,0.0212,0.0572,456774636701154.562500
0.37955000000000005,0.0236,0.0572,456774636701154.562500
0.3795600000000001,0.0196,0.055600000000000004,456774636701154.562500
0.3795700000000001,0.022000000000000002,0.0572,456774636701154.562500
0.37958000000000003,0.0212,0.056400000000000006,456774636701154.562500
0.3795900000000001,0.0212,0.0572,456774636701154.562500
0.37960000000000005,0.0212,0.056400000000000006,456774636701154.562500
0.3796100000000001,0.022000000000000002,0.058,456774636701154.562500
0.37962000000000007,0.022000000000000002,0.055600000000000004,456774636701154.562500
0.37963,0.0228,0.056400000000000006,456774636701154.562500
0.3796400000000001,0.0236,0.0548,456774636701154.562500
0.37965000000000004,0.0212,0.0548,456774636701154.562500
0.3796600000000001,0.0204,0.055600000000000004,456774636701154.562500
0.37967000000000006,0.0236,0.058800000000000005,456774636701154.562500
0.37968,0.0236,0.05,456774636701154.562500
0.3796900000000001,0.0204,0.0524,456774636701154.562500
0.37970000000000004,0.0244,0.056400000000000006,456774636701154.562500
0.3797100000000001,0.0236,0.056400000000000006,456774636701154.562500
0.37972000000000006,0.0228,0.056400000000000006,456774636701154.562500
0.3797300000000001,0.0172,0.055600000000000004,456774636701154.562500
0.3797400000000001,0.0252,0.0572,456774636701154.562500
0.37975000000000003,0.0204,0.055600000000000004,456774636701154.562500
0.3797600000000001,0.0236,0.0548,456774636701154.562500
0.37977000000000005,0.0236,0.056400000000000006,456774636701154.562500
0.3797800000000001,0.0236,0.055600000000000004,456774636701154.562500
0.37979000000000007,0.022000000000000002,0.0548,456774636701154.562500
0.3798,0.0212,0.056400000000000006,456774636701154.562500
0.3798100000000001,0.022000000000000002,0.0572,456774636701154.562500
0.37982000000000005,0.022000000000000002,0.0548,456774636701154.562500
0.3798300000000001,0.022000000000000002,0.056400000000000006,456774636701154.562500
0.37984000000000007,0.0228,0.0572,456774636701154.562500
0.37985,0.0212,0.0572,456774636701154.562500
0.3798600000000001,0.0212,0.054,456774636701154.562500
0.37987000000000004,0.0212,0.05,456774636701154.562500
0.3798800000000001,0.0228,0.05,456774636701154.562500
0.37989000000000006,0.022000000000000002,0.0572,456774636701154.562500
0.3799000000000001,0.0212,0.056400000000000006,456774636701154.562500
0.3799100000000001,0.0212,0.0572,456774636701154.562500
0.37992000000000004,0.022000000000000002,0.055600000000000004,456774636701154.562500
0.3799300000000001,0.0228,0.056400000000000006,456774636701154.562500
0.37994000000000006,0.0228,0.055600000000000004,456774636701154.562500
0.3799500000000001,0.0228,0.058,456774636701154.562500
0.3799600000000001,0.0228,0.054,456774636701154.562500
0.37997000000000003,0.0204,0.0548,456774636701154.562500
0.3799800000000001,0.0236,0.055600000000000004,456774636701154.562500
0.37999000000000005,0.0244,0.056400000000000006,456774636701154.562500
0.3800000000000001,0.0244,0.050800000000000005,456774636701154.562500
0.38001000000000007,0.0236,0.055600000000000004,456774636701154.562500
0.38002,0.0244,0.05,456774636701154.562500
0.3800300000000001,0.0236,0.055600000000000004,456774636701154.562500
0.38004000000000004,0.0236,0.058800000000000005,456774636701154.562500
0.3800500000000001,0.0244,0.0524,456774636701154.562500
0.38006000000000006,0.0228,0.056400000000000006,456774636701154.562500
0.38007,0.0228,0.058,456774636701154.562500
0.3800800000000001,0.0244,0.054,456774636701154.562500
0.38009000000000004,0.0228,0.0548,456774636701154.562500
0.3801000000000001,0.0236,0.055600000000000004,456774636701154.562500
0.38011000000000006,0.0196,0.056400000000000006,456774636701154.562500
0.3801200000000001,0.022000000000000002,0.056400000000000006,456774636701154.562500
0.3801300000000001,0.0196,0.0548,456774636701154.562500
0.38014000000000003,0.0228,0.055600000000000004,456774636701154.562500
0.3801500000000001,0.0212,0.054,456774636701154.562500
0.38016000000000005,0.0212,0.053200000000000004,456774636701154.562500
0.3801700000000001,0.022000000000000002,0.046,456774636701154.562500
0.3801800000000001,0.0204,0.0516,456774636701154.562500
0.38019000000000003,0.0204,0.042,456774636701154.562500
0.3802000000000001,0.022000000000000002,0.0492,456774636701154.562500
0.38021000000000005,0.022000000000000002,0.045200000000000004,456774636701154.562500
0.3802200000000001,0.0204,0.054,456774636701154.562500
0.38023000000000007,0.022000000000000002,0.056400000000000006,456774636701154.562500
0.38024,0.0196,0.056400000000000006,456774636701154.562500
0.3802500000000001,0.0212,0.055600000000000004,456774636701154.562500
0.38026000000000004,0.018000000000000002,0.055600000000000004,456774636701154.562500
0.3802700000000001,0.0188,0.056400000000000006,456774636701154.562500
0.38028000000000006,0.0196,0.055600000000000004,456774636701154.562500
0.38029,0.0236,0.056400000000000006,456774636701154.562500
0.3803000000000001,0.018000000000000002,0.056400000000000006,456774636701154.562500
0.38031000000000004,0.022000000000000002,0.0572,456774636701154.562500
0.3803200000000001,0.0244,0.0524,456774636701154.562500
0.38033000000000006,0.0252,0.0572,456774636701154.562500
0.3803400000000001,0.0244,0.0572,456774636701154.562500
0.3803500000000001,0.0228,0.0572,456774636701154.562500
0.38036000000000003,0.0236,0.0548,456774636701154.562500
0.3803700000000001,0.0236,0.058,456774636701154.562500
0.38038000000000005,0.0212,0.054,456774636701154.562500
0.3803900000000001,0.0228,0.058,456774636701154.562500
0.38040000000000007,0.0172,0.056400000000000006,456774636701154.562500
0.38041,0.022000000000000002,0.055600000000000004,456774636701154.562500
0.3804200000000001,0.0196,0.0572,456774636701154.562500
0.38043000000000005,0.022000000000000002,0.0524,456774636701154.562500
0.3804400000000001,0.0188,0.053200000000000004,456774636701154.562500
0.38045000000000007,0.0212,0.0572,456774636701154.562500
0.38046,0.0188,0.0572,456774636701154.562500
0.3804700000000001,0.0196,0.056400000000000006,456774636701154.562500
0.38048000000000004,0.0212,0.0572,456774636701154.562500
0.3804900000000001,0.0244,0.056400000000000006,456774636701154.562500
0.38050000000000006,0.0196,0.0572,456774636701154.562500
0.3805100000000001,0.0228,0.0572,456774636701154.562500
0.3805200000000001,0.018000000000000002,0.046,456774636701154.562500
0.38053000000000003,0.0228,0.0572,456774636701154.562500
0.3805400000000001,0.022000000000000002,0.053200000000000004,456774636701154.562500
0.38055000000000005,0.0244,0.056400000000000006,456774636701154.562500
0.3805600000000001,0.0228,0.055600000000000004,456774636701154.562500
0.3805700000000001,0.0228,0.056400000000000006,456774636701154.562500
0.38058000000000003,0.0252,0.05,456774636701154.562500
0.3805900000000001,0.0236,0.056400000000000006,456774636701154.562500
0.38060000000000005,0.0244,0.0548,456774636701154.562500
0.3806100000000001,0.0252,0.053200000000000004,456774636701154.562500
0.38062000000000007,0.0244,0.042,456774636701154.562500
0.38063,0.0204,0.055600000000000004,456774636701154.562500
0.3806400000000001,0.0228,0.055600000000000004,456774636701154.562500
0.38065000000000004,0.0236,0.054,456774636701154.562500
0.3806600000000001,0.0228,0.0572,456774636701154.562500
0.38067000000000006,0.0244,0.056400000000000006,456774636701154.562500
0.38068,0.0236,0.058,456774636701154.562500
0.3806900000000001,0.0228,0.058,456774636701154.562500
0.38070000000000004,0.0204,0.053200000000000004,456774636701154.562500
0.3807100000000001,0.022000000000000002,0.0548,456774636701154.562500
0.38072000000000006,0.022000000000000002,0.0572,456774636701154.562500
0.3807300000000001,0.0228,0.0548,456774636701154.562500
0.3807400000000001,0.0204,0.0412,456774636701154.562500
0.38075000000000003,0.022000000000000002,0.0516,456774636701154.562500
0.3807600000000001,0.022000000000000002,0.0516,456774636701154.562500
0.38077000000000005,0.0212,0.054,456774636701154.562500
0.3807800000000001,0.022000000000000002,0.0436,456774636701154.562500
0.3807900000000001,0.022000000000000002,0.0572,456774636701154.562500
0.3808,0.022000000000000002,0.048400000000000006,456774636701154.562500
0.3808100000000001,0.0228,0.058,456774636701154.562500
0.38082000000000005,0.022000000000000002,0.056400000000000006,456774636701154.562500
0.3808300000000001,0.022000000000000002,0.0548,456774636701154.562500
0.38084000000000007,0.0212,0.0516,456774636701154.562500
0.38085,0.022000000000000002,0.056400000000000006,456774636701154.562500
0.3808600000000001,0.022000000000000002,0.056400000000000006,456774636701154.562500
0.38087000000000004,0.0236,0.055600000000000004,456774636701154.562500
0.3808800000000001,0.0236,0.050800000000000005,456774636701154.562500
0.38089000000000006,0.0204,0.0436,456774636701154.562500
0.3809000000000001,0.0212,0.0548,456774636701154.562500
0.3809100000000001,0.0228,0.053200000000000004,456774636701154.562500
0.38092000000000004,0.0244,0.0572,456774636701154.562500
0.3809300000000001,0.0228,0.058,456774636701154.562500
0.38094000000000006,0.0244,0.058,456774636701154.562500
0.3809500000000001,0.0236,0.056400000000000006,456774636701154.562500
0.3809600000000001,0.022000000000000002,0.056400000000000006,456774636701154.562500
0.38097000000000003,0.022000000000000002,0.054,456774636701154.562500
0.3809800000000001,0.0204,0.053200000000000004,456774636701154.562500
0.38099000000000005,0.022000000000000002,0.056400000000000006,456774636701154.562500
0.3810000000000001,0.0228,0.0548,456774636701154.562500
0.38101000000000007,0.0212,0.0548,456774636701154.562500
0.38102,0.0228,0.0572,456774636701154.562500
0.3810300000000001,0.0228,0.05,456774636701154.562500
0.38104000000000005,0.022000000000000002,0.056400000000000006,456774636701154.562500
0.3810500000000001,0.022000000000000002,0.056400000000000006,456774636701154.562500
0.38106000000000007,0.022000000000000002,0.0524,456774636701154.562500
0.38107,0.022000000000000002,0.056400000000000006,456774636701154.562500
0.3810800000000001,0.0236,0.054,456774636701154.562500
0.38109000000000004,0.0196,0.056400000000000006,456774636701154.562500
0.3811000000000001,0.0212,0.055600000000000004,456774636701154.562500
0.38111000000000006,0.0172,0.054,456774636701154.562500
0.3811200000000001,0.0228,0.042,456774636701154.562500
0.3811300000000001,0.0188,0.0572,456774636701154.562500
0.38114000000000003,0.0236,0.0524,456774636701154.562500
0.3811500000000001,0.0228,0.0572,456774636701154.562500
0.38116000000000005,0.0204,0.055600000000000004,456774636701154.562500
0.3811700000000001,0.022000000000000002,0.055600000000000004,456774636701154.562500
0.3811800000000001,0.0236,0.058800000000000005,456774636701154.562500
0.38119000000000003,0.0236,0.054,456774636701154.562500
0.3812000000000001,0.0212,0.056400000000000006,456774636701154.562500
0.38121000000000005,0.0244,0.050800000000000005,456774636701154.562500
0.3812200000000001,0.0236,0.0548,456774636701154.562500
0.38123000000000007,0.0244,0.0516,456774636701154.562500
0.38124,0.0212,0.055600000000000004,456774636701154.562500
0.3812500000000001,0.0244,0.0492,456774636701154.562500
0.38126000000000004,0.0252,0.053200000000000004,456774636701154.562500
0.3812700000000001,0.0228,0.0468,456774636701154.562500
0.38128000000000006,0.0236,0.050800000000000005,456774636701154.562500
0.38129,0.0244,0.042800000000000005,456774636701154.562500
0.3813000000000001,0.0236,0.054,456774636701154.562500
0.38131000000000004,0.0236,0.054,456774636701154.562500
0.3813200000000001,0.0236,0.0548,456774636701154.562500
0.38133000000000006,0.0228,0.054,456774636701154.562500
0.3813400000000001,0.0228,0.058,456774636701154.562500
0.3813500000000001,0.022000000000000002,0.058,456774636701154.562500
0.38136000000000003,0.0212,0.0572,456774636701154.562500
0.3813700000000001,0.022000000000000002,0.0572,456774636701154.562500
0.38138000000000005,0.0204,0.056400000000000006,456774636701154.562500
0.3813900000000001,0.022000000000000002,0.054,456774636701154.562500
0.3814000000000001,0.0204,0.054,456774636701154.562500
0.38141,0.022000000000000002,0.055600000000000004,456774636701154.562500
0.3814200000000001,0.0164,0.0516,456774636701154.562500
0.38143000000000005,0.0132,0.054,456774636701154.562500
0.3814400000000001,0.018000000000000002,0.042800000000000005,456774636701154.562500
0.38145000000000007,0.0212,0.056400000000000006,456774636701154.562500
0.38146,0.0196,0.0572,456774636701154.562500
0.3814700000000001,0.0204,0.055600000000000004,456774636701154.562500
0.38148000000000004,0.0188,0.055600000000000004,456774636701154.562500
0.3814900000000001,0.0204,0.0476,456774636701154.562500
0.38150000000000006,0.0196,0.050800000000000005,456774636701154.562500
0.3815100000000001,0.0244,0.055600000000000004,456774636701154.562500
0.3815200000000001,0.0252,0.055600000000000004,456774636701154.562500
0.38153000000000004,0.0244,0.050800000000000005,456774636701154.562500
0.3815400000000001,0.0244,0.055600000000000004,456774636701154.562500
0.38155000000000006,0.0228,0.058,456774636701154.562500
0.3815600000000001,0.022000000000000002,0.056400000000000006,456774636701154.562500
0.3815700000000001,0.0244,0.0572,456774636701154.562500
0.38158000000000003,0.018000000000000002,0.056400000000000006,456774636701154.562500
0.3815900000000001,0.0188,0.0524,456774636701154.562500
0.38160000000000005,0.018000000000000002,0.058,456774636701154.562500
0.3816100000000001,0.0164,0.054,456774636701154.562500
0.38162000000000007,0.0164,0.058,456774636701154.562500
0.38163,0.0188,0.056400000000000006,456774636701154.562500
0.3816400000000001,0.015600000000000001,0.0572,456774636701154.562500
0.38165000000000004,0.0212,0.0572,456774636701154.562500
0.3816600000000001,0.0188,0.0572,456774636701154.562500
0.38167000000000006,0.0204,0.053200000000000004,456774636701154.562500
0.38168,0.0172,0.056400000000000006,456774636701154.562500
0.3816900000000001,0.0196,0.0476,456774636701154.562500
0.38170000000000004,0.018000000000000002,0.056400000000000006,456774636701154.562500
0.3817100000000001,0.0204,0.056400000000000006,456774636701154.562500
0.38172000000000006,0.0164,0.0516,456774636701154.562500
0.3817300000000001,0.0212,0.0572,456774636701154.562500
0.3817400000000001,0.018000000000000002,0.054,456774636701154.562500
0.38175000000000003,0.0212,0.056400000000000006,456774636701154.562500
0.3817600000000001,0.0212,0.05,456774636701154.562500
0.38177000000000005,0.0196,0.058,456774636701154.562500
0.3817800000000001,0.0236,0.0548,456774636701154.562500
0.3817900000000001,0.0236,0.056400000000000006,456774636701154.562500
0.38180000000000003,0.0228,0.0572,456774636701154.562500
0.3818100000000001,0.0204,0.056400000000000006,456774636701154.562500
0.38182000000000005,0.0236,0.056400000000000006,456774636701154.562500
0.3818300000000001,0.0244,0.0596,456774636701154.562500
0.38184000000000007,0.026000000000000002,0.0548,456774636701154.562500
0.38185,0.0244,0.0572,456774636701154.562500
0.3818600000000001,0.026000000000000002,0.055600000000000004,456774636701154.562500
0.38187000000000004,0.0244,0.0476,456774636701154.562500
0.3818800000000001,0.0244,0.056400000000000006,456774636701154.562500
0.38189000000000006,0.0244,0.048400000000000006,456774636701154.562500
0.3819,0.0236,0.056400000000000006,456774636701154.562500
0.3819100000000001,0.0228,0.0524,456774636701154.562500
0.38192000000000004,0.022000000000000002,0.056400000000000006,456774636701154.562500
0.3819300000000001,0.0236,0.05,456774636701154.562500
0.38194000000000006,0.022000000000000002,0.058,456774636701154.562500
0.3819500000000001,0.0236,0.053200000000000004,456774636701154.562500
0.3819600000000001,0.0196,0.056400000000000006,456774636701154.562500
0.38197000000000003,0.0236,0.055600000000000004,456774636701154.562500
0.3819800000000001,0.0228,0.054,456774636701154.562500
0.38199000000000005,0.0204,0.055600000000000004,456774636701154.562500
0.3820000000000001,0.022000000000000002,0.056400000000000006,456774636701154.562500
0.38201000000000007,0.022000000000000002,0.055600000000000004,456774636701154.562500
0.38202,0.0204,0.0516,456774636701154.562500
0.3820300000000001,0.0212,0.054,456774636701154.562500
0.38204000000000005,0.022000000000000002,0.05,456774636701154.562500
0.3820500000000001,0.0228,0.0492,456774636701154.562500
0.38206000000000007,0.0212,0.055600000000000004,456774636701154.562500
0.38207,0.022000000000000002,0.058,456774636701154.562500
0.3820800000000001,0.0244,0.056400000000000006,456774636701154.562500
0.38209000000000004,0.022000000000000002,0.058,456774636701154.562500
0.3821000000000001,0.0228,0.055600000000000004,456774636701154.562500
0.38211000000000006,0.0212,0.0572,456774636701154.562500
0.3821200000000001,0.0236,0.056400000000000006,456774636701154.562500
0.3821300000000001,0.0244,0.055600000000000004,456774636701154.562500
0.38214000000000004,0.0244,0.0572,456774636701154.562500
0.3821500000000001,0.0228,0.058,456774636701154.562500
0.38216000000000006,0.0244,0.0548,456774636701154.562500
0.3821700000000001,0.0252,0.0572,456774636701154.562500
0.3821800000000001,0.0196,0.056400000000000006,456774636701154.562500
0.38219000000000003,0.0236,0.0572,456774636701154.562500
0.3822000000000001,0.0228,0.055600000000000004,456774636701154.562500
0.38221000000000005,0.0228,0.0572,456774636701154.562500
0.3822200000000001,0.022000000000000002,0.056400000000000006,456774636701154.562500
0.38223000000000007,0.022000000000000002,0.055600000000000004,456774636701154.562500
0.38224,0.0228,0.056400000000000006,456774636701154.562500
0.3822500000000001,0.0172,0.0572,456774636701154.562500
0.38226000000000004,0.0196,0.053200000000000004,456774636701154.562500
0.3822700000000001,0.0188,0.056400000000000006,456774636701154.562500
0.38228000000000006,0.0204,0.0572,456774636701154.562500
0.38229,0.0212,0.056400000000000006,456774636701154.562500
0.3823000000000001,0.022000000000000002,0.058,456774636701154.562500
0.38231000000000004,0.0188,0.054,456774636701154.562500
0.3823200000000001,0.0204,0.056400000000000006,456774636701154.562500
0.38233000000000006,0.022000000000000002,0.056400000000000006,456774636701154.562500
0.3823400000000001,0.022000000000000002,0.058,456774636701154.562500
0.3823500000000001,0.0204,0.058,456774636701154.562500
0.38236000000000003,0.0228,0.056400000000000006,456774636701154.562500
0.3823700000000001,0.022000000000000002,0.0572,456774636701154.562500
0.38238000000000005,0.0236,0.054,456774636701154.562500
0.3823900000000001,0.0196,0.0572,456774636701154.562500
0.3824000000000001,0.0228,0.058,456774636701154.562500
0.38241,0.0204,0.058,456774636701154.562500
0.3824200000000001,0.026000000000000002,0.058800000000000005,456774636701154.562500
0.38243000000000005,0.0236,0.0572,456774636701154.562500
0.3824400000000001,0.0236,0.058,456774636701154.562500
0.38245000000000007,0.022000000000000002,0.0572,456774636701154.562500
0.38246,0.022000000000000002,0.0572,456774636701154.562500
0.3824700000000001,0.0228,0.056400000000000006,456774636701154.562500
0.38248000000000004,0.022000000000000002,0.055600000000000004,456774636701154.562500
0.3824900000000001,0.0228,0.0572,456774636701154.562500
0.38250000000000006,0.0244,0.055600000000000004,456774636701154.562500
0.3825100000000001,0.0196,0.056400000000000006,456774636701154.562500
0.3825200000000001,0.022000000000000002,0.055600000000000004,456774636701154.562500
0.38253000000000004,0.022000000000000002,0.054,456774636701154.562500
0.3825400000000001,0.022000000000000002,0.058,456774636701154.562500
0.38255000000000006,0.0212,0.055600000000000004,456774636701154.562500
0.3825600000000001,0.0228,0.056400000000000006,456774636701154.562500
0.3825700000000001,0.018000000000000002,0.0572,456774636701154.562500
0.38258000000000003,0.0204,0.058,456774636701154.562500
0.3825900000000001,0.0204,0.058,456774636701154.562500
0.38260000000000005,0.0212,0.056400000000000006,456774636701154.562500
0.3826100000000001,0.0204,0.054,456774636701154.562500
0.38262000000000007,0.0228,0.0572,456774636701154.562500
0.38263,0.0212,0.0548,456774636701154.562500
0.3826400000000001,0.022000000000000002,0.055600000000000004,456774636701154.562500
0.38265000000000005,0.022000000000000002,0.055600000000000004,456774636701154.562500
0.3826600000000001,0.022000000000000002,0.056400000000000006,456774636701154.562500
0.38267000000000007,0.0228,0.0572,456774636701154.562500
0.38268,0.0236,0.056400000000000006,456774636701154.562500
0.3826900000000001,0.0204,0.0572,456774636701154.562500
0.38270000000000004,0.0188,0.0572,456774636701154.562500
0.3827100000000001,0.018000000000000002,0.056400000000000006,456774636701154.562500
0.38272000000000006,0.0204,0.0572,456774636701154.562500
0.3827300000000001,0.0196,0.0572,456774636701154.562500
0.3827400000000001,0.0252,0.055600000000000004,456774636701154.562500
0.38275000000000003,0.022000000000000002,0.056400000000000006,456774636701154.562500
0.3827600000000001,0.0244,0.0516,456774636701154.562500
0.38277000000000005,0.0236,0.058,456774636701154.562500
0.3827800000000001,0.022000000000000002,0.054,456774636701154.562500
0.3827900000000001,0.0236,0.054,456774636701154.562500
0.38280000000000003,0.0204,0.05,456774636701154.562500
0.3828100000000001,0.022000000000000002,0.0572,456774636701154.562500
0.38282000000000005,0.0196,0.040400000000000005,456774636701154.562500
0.3828300000000001,0.022000000000000002,0.0516,456774636701154.562500
0.38284000000000007,0.022000000000000002,0.0548,456774636701154.562500
0.38285,0.0244,0.054,456774636701154.562500
0.3828600000000001,0.0228,0.053200000000000004,456774636701154.562500
0.38287000000000004,0.0204,0.054,456774636701154.562500
0.3828800000000001,0.0228,0.0548,456774636701154.562500
0.38289000000000006,0.022000000000000002,0.0548,456774636701154.562500
0.3829,0.022000000000000002,0.054,456774636701154.562500
0.3829100000000001,0.0204,0.058,456774636701154.562500
0.38292000000000004,0.022000000000000002,0.054,456774636701154.562500
0.3829300000000001,0.0212,0.055600000000000004,456774636701154.562500
0.38294000000000006,0.0228,0.055600000000000004,456774636701154.562500
0.3829500000000001,0.022000000000000002,0.0548,456774636701154.562500
0.3829600000000001,0.0212,0.054,456774636701154.562500
0.38297000000000003,0.0212,0.0572,456774636701154.562500
0.3829800000000001,0.022000000000000002,0.055600000000000004,456774636701154.562500
0.38299000000000005,0.018000000000000002,0.054,456774636701154.562500
0.3830000000000001,0.0228,0.042,456774636701154.562500
0.3830100000000001,0.022000000000000002,0.0516,456774636701154.562500
0.38302,0.0236,0.056400000000000006,456774636701154.562500
0.3830300000000001,0.0236,0.054,456774636701154.562500
0.38304000000000005,0.0236,0.058,456774636701154.562500
0.3830500000000001,0.0244,0.055600000000000004,456774636701154.562500
0.38306000000000007,0.0236,0.058,456774636701154.562500
0.38307,0.0244,0.0572,456774636701154.562500
0.3830800000000001,0.0228,0.058,456774636701154.562500
0.38309000000000004,0.0252,0.056400000000000006,456774636701154.562500
0.3831000000000001,0.0236,0.058800000000000005,456774636701154.562500
0.38311000000000006,0.0244,0.0572,456774636701154.562500
0.3831200000000001,0.0228,0.054,456774636701154.562500
0.3831300000000001,0.0212,0.055600000000000004,456774636701154.562500
0.38314000000000004,0.022000000000000002,0.054,456774636701154.562500
0.3831500000000001,0.022000000000000002,0.0572,456774636701154.562500
0.38316000000000006,0.0204,0.0548,456774636701154.562500
0.3831700000000001,0.0204,0.0516,456774636701154.562500
0.3831800000000001,0.022000000000000002,0.0548,456774636701154.562500
0.38319000000000003,0.022000000000000002,0.0572,456774636701154.562500
0.3832000000000001,0.0228,0.055600000000000004,456774636701154.562500
0.38321000000000005,0.0228,0.0548,456774636701154.562500
0.3832200000000001,0.022000000000000002,0.0516,456774636701154.562500
0.38323000000000007,0.0212,0.0492,456774636701154.562500
0.38324,0.022000000000000002,0.055600000000000004,456774636701154.562500
0.3832500000000001,0.0212,0.0572,456774636701154.562500
0.38326000000000005,0.0228,0.0548,456774636701154.562500
0.3832700000000001,0.0228,0.048400000000000006,456774636701154.562500
0.38328000000000007,0.0228,0.054,456774636701154.562500
0.38329,0.0204,0.056400000000000006,456774636701154.562500
0.3833000000000001,0.0236,0.0548,456774636701154.562500
0.38331000000000004,0.0212,0.056400000000000006,456774636701154.562500
0.3833200000000001,0.0252,0.053200000000000004,456774636701154.562500
0.38333000000000006,0.0244,0.054,456774636701154.562500
0.3833400000000001,0.0236,0.056400000000000006,456774636701154.562500
0.3833500000000001,0.0244,0.053200000000000004,456774636701154.562500
0.38336000000000003,0.0244,0.056400000000000006,456774636701154.562500
0.3833700000000001,0.0236,0.0468,456774636701154.562500
0.38338000000000005,0.0236,0.056400000000000006,456774636701154.562500
0.3833900000000001,0.0244,0.055600000000000004,456774636701154.562500
0.3834000000000001,0.0244,0.056400000000000006,456774636701154.562500
0.38341000000000003,0.022000000000000002,0.056400000000000006,456774636701154.562500
0.3834200000000001,0.022000000000000002,0.055600000000000004,456774636701154.562500
0.38343000000000005,0.0236,0.054,456774636701154.562500
0.3834400000000001,0.0228,0.0548,456774636701154.562500
0.38345000000000007,0.022000000000000002,0.0492,456774636701154.562500
0.38346,0.022000000000000002,0.053200000000000004,456774636701154.562500
0.3834700000000001,0.022000000000000002,0.054,456774636701154.562500
0.38348000000000004,0.0228,0.058,456774636701154.562500
0.3834900000000001,0.022000000000000002,0.0524,456774636701154.562500
0.38350000000000006,0.022000000000000002,0.056400000000000006,456774636701154.562500
0.38351,0.0228,0.0572,456774636701154.562500
0.3835200000000001,0.022000000000000002,0.055600000000000004,456774636701154.562500
0.38353000000000004,0.0204,0.055600000000000004,456774636701154.562500
0.3835400000000001,0.0212,0.056400000000000006,456774636701154.562500
0.38355000000000006,0.0188,0.056400000000000006,456774636701154.562500
0.3835600000000001,0.0196,0.054,456774636701154.562500
0.3835700000000001,0.0196,0.050800000000000005,456774636701154.562500
0.38358000000000003,0.022000000000000002,0.048400000000000006,456774636701154.562500
0.3835900000000001,0.022000000000000002,0.0548,456774636701154.562500
0.38360000000000005,0.0236,0.048400000000000006,456774636701154.562500
0.3836100000000001,0.022000000000000002,0.0548,456774636701154.562500
0.38362000000000007,0.0236,0.0476,456774636701154.562500
0.38363,0.0204,0.0468,456774636701154.562500
0.3836400000000001,0.022000000000000002,0.050800000000000005,456774636701154.562500
0.38365000000000005,0.0204,0.0444,456774636701154.562500
0.3836600000000001,0.018000000000000002,0.0516,456774636701154.562500
0.38367000000000007,0.0188,0.056400000000000006,456774636701154.562500
0.38368,0.0164,0.053200000000000004,456774636701154.562500
0.3836900000000001,0.0188,0.054,456774636701154.562500
0.38370000000000004,0.0164,0.0548,456774636701154.562500
0.3837100000000001,0.0212,0.050800000000000005,456774636701154.562500
0.38372000000000006,0.0196,0.05,456774636701154.562500
0.3837300000000001,0.0196,0.046,456774636701154.562500
0.3837400000000001,0.0204,0.0492,456774636701154.562500
0.38375000000000004,0.0228,0.0516,456774636701154.562500
0.3837600000000001,0.022000000000000002,0.056400000000000006,456774636701154.562500
0.38377000000000006,0.0204,0.0516,456774636701154.562500
0.3837800000000001,0.022000000000000002,0.053200000000000004,456774636701154.562500
0.3837900000000001,0.0204,0.055600000000000004,456774636701154.562500
0.38380000000000003,0.018000000000000002,0.0548,456774636701154.562500
0.3838100000000001,0.0164,0.056400000000000006,456774636701154.562500
0.38382000000000005,0.0196,0.0548,456774636701154.562500
0.3838300000000001,0.018000000000000002,0.055600000000000004,456774636701154.562500
0.38384000000000007,0.018000000000000002,0.0572,456774636701154.562500
0.38385,0.0188,0.055600000000000004,456774636701154.562500
0.3838600000000001,0.0196,0.058,456774636701154.562500
0.38387000000000004,0.022000000000000002,0.054,456774636701154.562500
0.3838800000000001,0.0228,0.055600000000000004,456774636701154.562500
0.38389000000000006,0.022000000000000002,0.055600000000000004,456774636701154.562500
0.3839,0.0244,0.056400000000000006,456774636701154.562500
0.3839100000000001,0.0228,0.055600000000000004,456774636701154.562500
0.38392000000000004,0.022000000000000002,0.050800000000000005,456774636701154.562500
0.3839300000000001,0.0228,0.056400000000000006,456774636701154.562500
0.38394000000000006,0.0244,0.058,456774636701154.562500
0.3839500000000001,0.0204,0.0572,456774636701154.562500
0.3839600000000001,0.0244,0.0572,456774636701154.562500
0.38397000000000003,0.0244,0.058,456774636701154.562500
0.3839800000000001,0.022000000000000002,0.0572,456774636701154.562500
0.38399000000000005,0.0252,0.056400000000000006,456774636701154.562500
0.3840000000000001,0.0244,0.055600000000000004,456774636701154.562500
0.3840100000000001,0.0236,0.056400000000000006,456774636701154.562500
0.38402000000000003,0.0228,0.058,456774636701154.562500
0.3840300000000001,0.022000000000000002,0.058,456774636701154.562500
0.38404000000000005,0.0228,0.056400000000000006,456774636701154.562500
0.3840500000000001,0.0212,0.056400000000000006,456774636701154.562500
0.38406000000000007,0.0228,0.056400000000000006,456774636701154.562500
0.38407,0.0236,0.054,456774636701154.562500
0.3840800000000001,0.0228,0.0548,456774636701154.562500
0.38409000000000004,0.0236,0.0516,456774636701154.562500
0.3841000000000001,0.0196,0.0548,456774636701154.562500
0.38411000000000006,0.0212,0.056400000000000006,456774636701154.562500
0.38412,0.0212,0.055600000000000004,456774636701154.562500
0.3841300000000001,0.0204,0.0572,456774636701154.562500
0.38414000000000004,0.0204,0.0516,456774636701154.562500
0.3841500000000001,0.0204,0.054,456774636701154.562500
0.38416000000000006,0.0204,0.0492,456774636701154.562500
0.3841700000000001,0.022000000000000002,0.0572,456774636701154.562500
0.3841800000000001,0.0228,0.0548,456774636701154.562500
0.38419000000000003,0.0228,0.054,456774636701154.562500
0.3842000000000001,0.0236,0.055600000000000004,456774636701154.562500
0.38421000000000005,0.0228,0.05,456774636701154.562500
0.3842200000000001,0.022000000000000002,0.0524,456774636701154.562500
0.38423000000000007,0.0236,0.053200000000000004,456774636701154.562500
0.38424,0.0204,0.056400000000000006,456774636701154.562500
0.3842500000000001,0.0244,0.055600000000000004,456774636701154.562500
0.38426000000000005,0.0236,0.054,456774636701154.562500
0.3842700000000001,0.0252,0.055600000000000004,456774636701154.562500
0.38428000000000007,0.022000000000000002,0.0516,456774636701154.562500
0.38429,0.022000000000000002,0.055600000000000004,456774636701154.562500
0.3843000000000001,0.0244,0.056400000000000006,456774636701154.562500
0.38431000000000004,0.0228,0.056400000000000006,456774636701154.562500
0.3843200000000001,0.0236,0.055600000000000004,456774636701154.562500
0.38433000000000006,0.0236,0.053200000000000004,456774636701154.562500
0.3843400000000001,0.022000000000000002,0.0412,456774636701154.562500
0.3843500000000001,0.022000000000000002,0.055600000000000004,456774636701154.562500
0.38436000000000003,0.0228,0.053200000000000004,456774636701154.562500
0.3843700000000001,0.0196,0.056400000000000006,456774636701154.562500
0.38438000000000005,0.0212,0.0572,456774636701154.562500
0.3843900000000001,0.0236,0.0524,456774636701154.562500
0.3844000000000001,0.0236,0.055600000000000004,456774636701154.562500
0.38441000000000003,0.0212,0.0516,456774636701154.562500
0.3844200000000001,0.0244,0.0548,456774636701154.562500
0.38443000000000005,0.0236,0.0516,456774636701154.562500
0.3844400000000001,0.0228,0.0524,456774636701154.562500
0.38445000000000007,0.0204,0.0572,456774636701154.562500
0.38446,0.0196,0.0548,456774636701154.562500
0.3844700000000001,0.0172,0.056400000000000006,456774636701154.562500
0.38448000000000004,0.0188,0.056400000000000006,456774636701154.562500
0.3844900000000001,0.018000000000000002,0.0572,456774636701154.562500
0.38450000000000006,0.0228,0.0516,456774636701154.562500
0.38451,0.0228,0.056400000000000006,456774636701154.562500
0.3845200000000001,0.0236,0.0516,456774636701154.562500
0.38453000000000004,0.0236,0.053200000000000004,456774636701154.562500
0.3845400000000001,0.0228,0.0548,456774636701154.562500
0.38455000000000006,0.0228,0.0548,456774636701154.562500
0.3845600000000001,0.022000000000000002,0.0524,456774636701154.562500
0.3845700000000001,0.0252,0.054,456774636701154.562500
0.38458000000000003,0.0236,0.050800000000000005,456774636701154.562500
0.3845900000000001,0.022000000000000002,0.053200000000000004,456774636701154.562500
0.38460000000000005,0.022000000000000002,0.056400000000000006,456774636701154.562500
0.3846100000000001,0.0228,0.0524,456774636701154.562500
0.3846200000000001,0.0228,0.0572,456774636701154.562500
0.38463,0.0236,0.0516,456774636701154.562500
0.3846400000000001,0.0228,0.0524,456774636701154.562500
0.38465000000000005,0.0228,0.0492,456774636701154.562500
0.3846600000000001,0.0204,0.05,456774636701154.562500
0.38467000000000007,0.0212,0.0356,456774636701154.562500
0.38468,0.0212,0.0492,456774636701154.562500
0.3846900000000001,0.0228,0.050800000000000005,456774636701154.562500
0.38470000000000004,0.0228,0.056400000000000006,456774636701154.562500
0.3847100000000001,0.0236,0.055600000000000004,456774636701154.562500
0.38472000000000006,0.0212,0.055600000000000004,456774636701154.562500
0.3847300000000001,0.022000000000000002,0.0548,456774636701154.562500
0.3847400000000001,0.0204,0.055600000000000004,456774636701154.562500
0.38475000000000004,0.022000000000000002,0.0572,456774636701154.562500
0.3847600000000001,0.0212,0.0572,456774636701154.562500
0.38477000000000006,0.0236,0.056400000000000006,456774636701154.562500
0.3847800000000001,0.0204,0.0572,456774636701154.562500
0.3847900000000001,0.022000000000000002,0.056400000000000006,456774636701154.562500
0.38480000000000003,0.0236,0.055600000000000004,456774636701154.562500
0.3848100000000001,0.022000000000000002,0.0572,456774636701154.562500
0.38482000000000005,0.0228,0.055600000000000004,456774636701154.562500
0.3848300000000001,0.0188,0.053200000000000004,456774636701154.562500
0.38484000000000007,0.022000000000000002,0.050800000000000005,456774636701154.562500
0.38485,0.0244,0.0548,456774636701154.562500
0.3848600000000001,0.0244,0.056400000000000006,456774636701154.562500
0.38487000000000005,0.0252,0.055600000000000004,456774636701154.562500
0.3848800000000001,0.0236,0.054,456774636701154.562500
0.38489000000000007,0.0244,0.056400000000000006,456774636701154.562500
0.3849,0.0228,0.0548,456774636701154.562500
0.3849100000000001,0.0236,0.055600000000000004,456774636701154.562500
0.38492000000000004,0.0244,0.055600000000000004,456774636701154.562500
0.3849300000000001,0.0204,0.054,456774636701154.562500
0.38494000000000006,0.0244,0.050800000000000005,456774636701154.562500
0.3849500000000001,0.0236,0.055600000000000004,456774636701154.562500
0.3849600000000001,0.0236,0.050800000000000005,456774636701154.562500
0.38497000000000003,0.0228,0.055600000000000004,456774636701154.562500
0.3849800000000001,0.022000000000000002,0.055600000000000004,456774636701154.562500
0.38499000000000005,0.0236,0.056400000000000006,456774636701154.562500
0.3850000000000001,0.0212,0.055600000000000004,456774636701154.562500
0.3850100000000001,0.0228,0.0516,456774636701154.562500
0.38502000000000003,0.0196,0.0476,456774636701154.562500
0.3850300000000001,0.0212,0.054,456774636701154.562500
0.38504000000000005,0.022000000000000002,0.05,456774636701154.562500
0.3850500000000001,0.0228,0.055600000000000004,456774636701154.562500
0.38506000000000007,0.0212,0.0524,456774636701154.562500
0.38507,0.0212,0.056400000000000006,456774636701154.562500
0.3850800000000001,0.0212,0.055600000000000004,456774636701154.562500
0.38509000000000004,0.0228,0.055600000000000004,456774636701154.562500
0.3851000000000001,0.022000000000000002,0.056400000000000006,456774636701154.562500
0.38511000000000006,0.0228,0.0548,456774636701154.562500
0.38512,0.0212,0.056400000000000006,456774636701154.562500
0.3851300000000001,0.0228,0.056400000000000006,456774636701154.562500
0.38514000000000004,0.0244,0.056400000000000006,456774636701154.562500
0.3851500000000001,0.0244,0.0572,456774636701154.562500
0.38516000000000006,0.0236,0.0572,456774636701154.562500
0.3851700000000001,0.0244,0.056400000000000006,456774636701154.562500
0.3851800000000001,0.0252,0.054,456774636701154.562500
0.38519000000000003,0.0252,0.055600000000000004,456774636701154.562500
0.3852000000000001,0.0236,0.055600000000000004,456774636701154.562500
0.38521000000000005,0.022000000000000002,0.055600000000000004,456774636701154.562500
0.3852200000000001,0.0244,0.055600000000000004,456774636701154.562500
0.3852300000000001,0.0244,0.056400000000000006,456774636701154.562500
0.38524,0.022000000000000002,0.055600000000000004,456774636701154.562500
0.3852500000000001,0.0236,0.054,456774636701154.562500
0.38526000000000005,0.022000000000000002,0.055600000000000004,456774636701154.562500
0.3852700000000001,0.0244,0.0548,456774636701154.562500
0.38528000000000007,0.0212,0.050800000000000005,456774636701154.562500
0.38529,0.0212,0.0572,456774636701154.562500
0.3853000000000001,0.0228,0.0548,456774636701154.562500
0.38531000000000004,0.0212,0.056400000000000006,456774636701154.562500
0.3853200000000001,0.0212,0.058,456774636701154.562500
0.38533000000000006,0.0228,0.0524,456774636701154.562500
0.3853400000000001,0.0196,0.0572,456774636701154.562500
0.3853500000000001,0.0228,0.055600000000000004,456774636701154.562500
0.38536000000000004,0.0204,0.056400000000000006,456774636701154.562500
0.3853700000000001,0.0204,0.053200000000000004,456774636701154.562500
0.38538000000000006,0.0204,0.0548,456774636701154.562500
0.3853900000000001,0.0212,0.0572,456774636701154.562500
0.3854000000000001,0.0204,0.0548,456774636701154.562500
0.38541000000000003,0.022000000000000002,0.055600000000000004,456774636701154.562500
0.3854200000000001,0.0244,0.0548,456774636701154.562500
0.38543000000000005,0.0204,0.0548,456774636701154.562500
0.3854400000000001,0.0244,0.056400000000000006,456774636701154.562500
0.38545000000000007,0.0196,0.048400000000000006,456774636701154.562500
0.38546,0.0236,0.055600000000000004,456774636701154.562500
0.3854700000000001,0.0252,0.056400000000000006,456774636701154.562500
0.38548000000000004,0.0204,0.054,456774636701154.562500
0.3854900000000001,0.0244,0.056400000000000006,456774636701154.562500
0.38550000000000006,0.0204,0.0516,456774636701154.562500
0.38551,0.0236,0.056400000000000006,456774636701154.562500
0.3855200000000001,0.018000000000000002,0.05,456774636701154.562500
0.38553000000000004,0.0244,0.0572,456774636701154.562500
0.3855400000000001,0.0196,0.053200000000000004,456774636701154.562500
0.38555000000000006,0.0244,0.0572,456774636701154.562500
0.3855600000000001,0.0212,0.0572,456774636701154.562500
0.3855700000000001,0.0236,0.056400000000000006,456774636701154.562500
0.38558000000000003,0.022000000000000002,0.056400000000000006,456774636701154.562500
0.3855900000000001,0.022000000000000002,0.056400000000000006,456774636701154.562500
0.38560000000000005,0.022000000000000002,0.056400000000000006,456774636701154.562500
0.3856100000000001,0.022000000000000002,0.055600000000000004,456774636701154.562500
0.3856200000000001,0.0228,0.054,456774636701154.562500
0.38563000000000003,0.0228,0.0572,456774636701154.562500
0.3856400000000001,0.022000000000000002,0.054,456774636701154.562500
0.38565000000000005,0.0212,0.0572,456774636701154.562500
0.3856600000000001,0.0228,0.0572,456774636701154.562500
0.38567000000000007,0.022000000000000002,0.0572,456774636701154.562500
0.38568,0.0236,0.0548,456774636701154.562500
0.3856900000000001,0.0212,0.058,456774636701154.562500
0.38570000000000004,0.0236,0.0572,456774636701154.562500
0.3857100000000001,0.022000000000000002,0.0572,456774636701154.562500
0.38572000000000006,0.0228,0.0524,456774636701154.562500
0.38573,0.0236,0.0572,456774636701154.562500
0.3857400000000001,0.022000000000000002,0.056400000000000006,456774636701154.562500
0.38575000000000004,0.0244,0.055600000000000004,456774636701154.562500
0.3857600000000001,0.0236,0.056400000000000006,456774636701154.562500
0.38577000000000006,0.0252,0.0548,456774636701154.562500
0.3857800000000001,0.0244,0.055600000000000004,456774636701154.562500
0.3857900000000001,0.0252,0.0524,456774636701154.562500
0.38580000000000003,0.0204,0.056400000000000006,456774636701154.562500
0.3858100000000001,0.0244,0.054,456774636701154.562500
0.38582000000000005,0.022000000000000002,0.0572,456774636701154.562500
0.3858300000000001,0.0236,0.0516,456774636701154.562500
0.38584000000000007,0.0212,0.056400000000000006,456774636701154.562500
0.38585,0.0236,0.0516,456774636701154.562500
0.3858600000000001,0.0228,0.053200000000000004,456774636701154.562500
0.38587000000000005,0.0236,0.053200000000000004,456774636701154.562500
0.3858800000000001,0.0228,0.056400000000000006,456774636701154.562500
0.38589000000000007,0.022000000000000002,0.0548,456774636701154.562500
0.3859,0.022000000000000002,0.055600000000000004,456774636701154.562500
0.3859100000000001,0.0236,0.056400000000000006,456774636701154.562500
0.38592000000000004,0.022000000000000002,0.056400000000000006,456774636701154.562500
0.3859300000000001,0.0196,0.055600000000000004,456774636701154.562500
0.38594000000000006,0.0236,0.058,456774636701154.562500
0.3859500000000001,0.018000000000000002,0.050800000000000005,456774636701154.562500
0.3859600000000001,0.0204,0.055600000000000004,456774636701154.562500
0.38597000000000004,0.0212,0.0572,456774636701154.562500
0.3859800000000001,0.0204,0.0548,456774636701154.562500
0.38599000000000006,0.018000000000000002,0.055600000000000004,456774636701154.562500
0.3860000000000001,0.0212,0.0548,456774636701154.562500
0.3860100000000001,0.0212,0.053200000000000004,456774636701154.562500
0.38602000000000003,0.0212,0.0548,456774636701154.562500
0.3860300000000001,0.0196,0.053200000000000004,456774636701154.562500
0.38604000000000005,0.022000000000000002,0.056400000000000006,456774636701154.562500
0.3860500000000001,0.0172,0.054,456774636701154.562500
0.38606000000000007,0.0228,0.054,456774636701154.562500
0.38607,0.0236,0.055600000000000004,456774636701154.562500
0.3860800000000001,0.0244,0.053200000000000004,456774636701154.562500
0.38609000000000004,0.0244,0.055600000000000004,456774636701154.562500
0.3861000000000001,0.0244,0.056400000000000006,456774636701154.562500
0.38611000000000006,0.0244,0.055600000000000004,456774636701154.562500
0.38612,0.0244,0.05,456774636701154.562500
0.3861300000000001,0.0252,0.0572,456774636701154.562500
0.38614000000000004,0.0236,0.0516,456774636701154.562500
0.3861500000000001,0.0244,0.0572,456774636701154.562500
0.38616000000000006,0.0228,0.0548,456774636701154.562500
0.3861700000000001,0.0228,0.054,456774636701154.562500
0.3861800000000001,0.0228,0.0548,456774636701154.562500
0.38619000000000003,0.0236,0.0524,456774636701154.562500
0.3862000000000001,0.0212,0.056400000000000006,456774636701154.562500
0.38621000000000005,0.022000000000000002,0.054,456774636701154.562500
0.3862200000000001,0.0188,0.055600000000000004,456774636701154.562500
0.3862300000000001,0.0212,0.046,456774636701154.562500
0.38624,0.0212,0.0548,456774636701154.562500
0.3862500000000001,0.0212,0.0492,456774636701154.562500
0.38626000000000005,0.0228,0.055600000000000004,456774636701154.562500
0.3862700000000001,0.0204,0.055600000000000004,456774636701154.562500
0.38628000000000007,0.022000000000000002,0.056400000000000006,456774636701154.562500
0.38629,0.0212,0.055600000000000004,456774636701154.562500
0.3863000000000001,0.0212,0.055600000000000004,456774636701154.562500
0.38631000000000004,0.0228,0.056400000000000006,456774636701154.562500
0.3863200000000001,0.022000000000000002,0.058,456774636701154.562500
0.38633000000000006,0.0204,0.0572,456774636701154.562500
0.38634000000000013,0.0236,0.054,456774636701154.562500
0.3863500000000001,0.0212,0.055600000000000004,456774636701154.562500
0.38636000000000004,0.0228,0.054,456774636701154.562500
0.3863700000000001,0.022000000000000002,0.055600000000000004,456774636701154.562500
0.38638000000000006,0.0244,0.0524,456774636701154.562500
0.3863900000000001,0.0204,0.055600000000000004,456774636701154.562500
0.3864000000000001,0.0236,0.056400000000000006,456774636701154.562500
0.38641000000000003,0.0236,0.0572,456774636701154.562500
0.3864200000000001,0.0244,0.0572,456774636701154.562500
0.38643000000000005,0.0228,0.053200000000000004,456774636701154.562500
0.3864400000000001,0.0228,0.0548,456774636701154.562500
0.38645000000000007,0.0236,0.0548,456774636701154.562500
0.38646,0.0228,0.054,456774636701154.562500
0.3864700000000001,0.0228,0.054,456774636701154.562500
0.38648000000000005,0.0228,0.055600000000000004,456774636701154.562500
0.3864900000000001,0.0228,0.056400000000000006,456774636701154.562500
0.38650000000000007,0.0236,0.058,456774636701154.562500
0.38651,0.0228,0.054,456774636701154.562500
0.3865200000000001,0.0172,0.056400000000000006,456774636701154.562500
0.38653000000000004,0.022000000000000002,0.0524,456774636701154.562500
0.3865400000000001,0.0188,0.054,456774636701154.562500
0.38655000000000006,0.0228,0.056400000000000006,456774636701154.562500
0.3865600000000001,0.0172,0.0524,456774636701154.562500
0.3865700000000001,0.0204,0.0548,456774636701154.562500
0.38658000000000003,0.0228,0.0516,456774636701154.562500
0.3865900000000001,0.0204,0.054,456774636701154.562500
0.38660000000000005,0.0228,0.046,456774636701154.562500
0.3866100000000001,0.0228,0.045200000000000004,456774636701154.562500
0.3866200000000001,0.0212,0.0356,456774636701154.562500
0.38663000000000003,0.0204,0.053200000000000004,456774636701154.562500
0.3866400000000001,0.0236,0.042800000000000005,456774636701154.562500
0.38665000000000005,0.0228,0.0444,456774636701154.562500
0.3866600000000001,0.0212,0.0412,456774636701154.562500
0.38667000000000007,0.022000000000000002,0.0524,456774636701154.562500
0.38668,0.0236,0.0412,456774636701154.562500
0.3866900000000001,0.022000000000000002,0.0572,456774636701154.562500
0.38670000000000004,0.0244,0.0524,456774636701154.562500
0.3867100000000001,0.0236,0.056400000000000006,456774636701154.562500
0.38672000000000006,0.0244,0.056400000000000006,456774636701154.562500
0.38673,0.0244,0.055600000000000004,456774636701154.562500
0.3867400000000001,0.0228,0.056400000000000006,456774636701154.562500
0.38675000000000004,0.0228,0.056400000000000006,456774636701154.562500
0.3867600000000001,0.0236,0.0548,456774636701154.562500
0.38677000000000006,0.0228,0.053200000000000004,456774636701154.562500
0.3867800000000001,0.0204,0.056400000000000006,456774636701154.562500
0.3867900000000001,0.0228,0.0516,456774636701154.562500
0.38680000000000003,0.0236,0.056400000000000006,456774636701154.562500
0.3868100000000001,0.0228,0.0524,456774636701154.562500
0.38682000000000005,0.022000000000000002,0.054,456774636701154.562500
0.3868300000000001,0.0204,0.0548,456774636701154.562500
0.3868400000000001,0.0236,0.0476,456774636701154.562500
0.38685,0.0204,0.054,456774636701154.562500
0.3868600000000001,0.0228,0.046,456774636701154.562500
0.38687000000000005,0.0196,0.055600000000000004,456774636701154.562500
0.3868800000000001,0.0236,0.055600000000000004,456774636701154.562500
0.38689000000000007,0.0196,0.058,456774636701154.562500
0.3869,0.0212,0.054,456774636701154.562500
0.3869100000000001,0.0212,0.0572,456774636701154.562500
0.38692000000000004,0.0204,0.056400000000000006,456774636701154.562500
0.3869300000000001,0.0228,0.054,456774636701154.562500
0.38694000000000006,0.0212,0.055600000000000004,456774636701154.562500
0.3869500000000001,0.022000000000000002,0.054,456774636701154.562500
0.3869600000000001,0.0236,0.0572,456774636701154.562500
0.38697000000000004,0.0212,0.0516,456774636701154.562500
0.3869800000000001,0.0236,0.056400000000000006,456774636701154.562500
0.38699000000000006,0.0252,0.054,456774636701154.562500
0.3870000000000001,0.022000000000000002,0.055600000000000004,456774636701154.562500
0.3870100000000001,0.0244,0.054,456774636701154.562500
0.38702000000000003,0.0236,0.050800000000000005,456774636701154.562500
0.3870300000000001,0.0244,0.055600000000000004,456774636701154.562500
0.38704000000000005,0.0236,0.056400000000000006,456774636701154.562500
0.3870500000000001,0.022000000000000002,0.056400000000000006,456774636701154.562500
0.38706000000000007,0.0244,0.0524,456774636701154.562500
0.38707,0.0212,0.0524,456774636701154.562500
0.3870800000000001,0.0236,0.055600000000000004,456774636701154.562500
0.38709000000000005,0.022000000000000002,0.054,456774636701154.562500
0.3871000000000001,0.0228,0.0516,456774636701154.562500
0.38711000000000007,0.0236,0.055600000000000004,456774636701154.562500
0.38712,0.0228,0.0572,456774636701154.562500
0.3871300000000001,0.0244,0.0492,456774636701154.562500
0.38714000000000004,0.022000000000000002,0.0572,456774636701154.562500
0.3871500000000001,0.0212,0.0524,456774636701154.562500
0.38716000000000006,0.022000000000000002,0.0468,456774636701154.562500
0.3871700000000001,0.0204,0.0468,456774636701154.562500
0.3871800000000001,0.022000000000000002,0.053200000000000004,456774636701154.562500
0.38719000000000003,0.022000000000000002,0.048400000000000006,456774636701154.562500
0.3872000000000001,0.022000000000000002,0.0548,456774636701154.562500
0.38721000000000005,0.0212,0.0572,456774636701154.562500
0.3872200000000001,0.0228,0.0572,456774636701154.562500
0.3872300000000001,0.0228,0.0548,456774636701154.562500
0.38724000000000003,0.0236,0.054,456774636701154.562500
0.3872500000000001,0.0228,0.056400000000000006,456774636701154.562500
0.38726000000000005,0.022000000000000002,0.055600000000000004,456774636701154.562500
0.3872700000000001,0.0228,0.0572,456774636701154.562500
0.38728000000000007,0.0228,0.0524,456774636701154.562500
0.38729,0.0228,0.055600000000000004,456774636701154.562500
0.3873000000000001,0.0244,0.050800000000000005,456774636701154.562500
0.38731000000000004,0.0228,0.0572,456774636701154.562500
0.3873200000000001,0.022000000000000002,0.055600000000000004,456774636701154.562500
0.38733000000000006,0.0236,0.0548,456774636701154.562500
0.38734,0.0236,0.056400000000000006,456774636701154.562500
0.3873500000000001,0.0244,0.05,456774636701154.562500
0.38736000000000004,0.022000000000000002,0.056400000000000006,456774636701154.562500
0.3873700000000001,0.0236,0.0492,456774636701154.562500
0.38738000000000006,0.0244,0.058,456774636701154.562500
0.3873900000000001,0.0196,0.045200000000000004,456774636701154.562500
0.3874000000000001,0.0244,0.0572,456774636701154.562500
0.38741000000000003,0.0244,0.050800000000000005,456774636701154.562500
0.3874200000000001,0.0236,0.0548,456774636701154.562500
0.38743000000000005,0.022000000000000002,0.045200000000000004,456774636701154.562500
0.3874400000000001,0.0188,0.055600000000000004,456774636701154.562500
0.38745000000000007,0.022000000000000002,0.048400000000000006,456774636701154.562500
0.38746,0.0236,0.055600000000000004,456774636701154.562500
0.3874700000000001,0.0228,0.050800000000000005,456774636701154.562500
0.38748000000000005,0.0212,0.055600000000000004,456774636701154.562500
0.3874900000000001,0.0236,0.056400000000000006,456774636701154.562500
0.38750000000000007,0.0236,0.053200000000000004,456774636701154.562500
0.38751,0.018000000000000002,0.056400000000000006,456774636701154.562500
0.3875200000000001,0.0212,0.056400000000000006,456774636701154.562500
0.38753000000000004,0.0228,0.056400000000000006,456774636701154.562500
0.3875400000000001,0.0212,0.055600000000000004,456774636701154.562500
0.38755000000000006,0.0228,0.055600000000000004,456774636701154.562500
0.3875600000000001,0.022000000000000002,0.055600000000000004,456774636701154.562500
0.3875700000000001,0.0212,0.0548,456774636701154.562500
0.38758000000000004,0.0244,0.0492,456774636701154.562500
0.3875900000000001,0.0228,0.0548,456774636701154.562500
0.38760000000000006,0.0212,0.055600000000000004,456774636701154.562500
0.3876100000000001,0.0244,0.0572,456774636701154.562500
0.3876200000000001,0.0244,0.055600000000000004,456774636701154.562500
0.38763000000000003,0.0244,0.0572,456774636701154.562500
0.3876400000000001,0.0244,0.0548,456774636701154.562500
0.38765000000000005,0.0244,0.055600000000000004,456774636701154.562500
0.3876600000000001,0.022000000000000002,0.0524,456774636701154.562500
0.38767000000000007,0.0228,0.0492,456774636701154.562500
0.38768,0.0236,0.0524,456774636701154.562500
0.3876900000000001,0.0236,0.053200000000000004,456774636701154.562500
0.38770000000000004,0.0236,0.054,456774636701154.562500
0.3877100000000001,0.0228,0.056400000000000006,456774636701154.562500
0.38772000000000006,0.0196,0.0524,456774636701154.562500
0.38773,0.022000000000000002,0.0444,456774636701154.562500
0.3877400000000001,0.0212,0.055600000000000004,456774636701154.562500
0.38775000000000004,0.0228,0.055600000000000004,456774636701154.562500
0.3877600000000001,0.018000000000000002,0.055600000000000004,456774636701154.562500
0.38777000000000006,0.0204,0.0548,456774636701154.562500
0.3877800000000001,0.0188,0.0516,456774636701154.562500
0.3877900000000001,0.022000000000000002,0.0548,456774636701154.562500
0.38780000000000003,0.0196,0.0548,456774636701154.562500
0.3878100000000001,0.0228,0.053200000000000004,456774636701154.562500
0.38782000000000005,0.018000000000000002,0.055600000000000004,456774636701154.562500
0.3878300000000001,0.0228,0.05,456774636701154.562500
0.3878400000000001,0.0204,0.054,456774636701154.562500
0.38785000000000003,0.0236,0.0548,456774636701154.562500
0.3878600000000001,0.0236,0.054,456774636701154.562500
0.38787000000000005,0.0228,0.046,456774636701154.562500
0.3878800000000001,0.0244,0.055600000000000004,456774636701154.562500
0.38789000000000007,0.0244,0.055600000000000004,456774636701154.562500
0.3879,0.022000000000000002,0.0572,456774636701154.562500
0.3879100000000001,0.0236,0.055600000000000004,456774636701154.562500
0.38792000000000004,0.022000000000000002,0.056400000000000006,456774636701154.562500
0.3879300000000001,0.0236,0.0468,456774636701154.562500
0.38794000000000006,0.0244,0.0548,456774636701154.562500
0.38795000000000013,0.0212,0.05,456774636701154.562500
0.3879600000000001,0.0244,0.0548,456774636701154.562500
0.38797000000000004,0.0252,0.0516,456774636701154.562500
0.3879800000000001,0.022000000000000002,0.0524,456774636701154.562500
0.38799000000000006,0.0236,0.05,456774636701154.562500
0.3880000000000001,0.0236,0.0524,456774636701154.562500
0.3880100000000001,0.0236,0.0492,456774636701154.562500
0.38802000000000003,0.0204,0.055600000000000004,456774636701154.562500
0.3880300000000001,0.022000000000000002,0.056400000000000006,456774636701154.562500
0.38804000000000005,0.022000000000000002,0.056400000000000006,456774636701154.562500
0.3880500000000001,0.0236,0.055600000000000004,456774636701154.562500
0.38806000000000007,0.0228,0.055600000000000004,456774636701154.562500
0.38807,0.022000000000000002,0.055600000000000004,456774636701154.562500
0.3880800000000001,0.0212,0.050800000000000005,456774636701154.562500
0.38809000000000005,0.0212,0.056400000000000006,456774636701154.562500
0.3881000000000001,0.0212,0.0516,456774636701154.562500
0.38811000000000007,0.0204,0.0572,456774636701154.562500
0.38812,0.0236,0.0444,456774636701154.562500
0.3881300000000001,0.0236,0.0548,456774636701154.562500
0.38814000000000004,0.0204,0.05,456774636701154.562500
0.3881500000000001,0.0236,0.055600000000000004,456774636701154.562500
0.38816000000000006,0.0228,0.054,456774636701154.562500
0.3881700000000001,0.0212,0.0492,456774636701154.562500
0.3881800000000001,0.0212,0.056400000000000006,456774636701154.562500
0.38819000000000004,0.0212,0.054,456774636701154.562500
0.3882000000000001,0.0228,0.055600000000000004,456774636701154.562500
0.38821000000000006,0.0204,0.056400000000000006,456774636701154.562500
0.3882200000000001,0.0204,0.0524,456774636701154.562500
0.3882300000000001,0.0244,0.0572,456774636701154.562500
0.38824000000000003,0.0244,0.0548,456774636701154.562500
0.3882500000000001,0.022000000000000002,0.0572,456774636701154.562500
0.38826000000000005,0.0252,0.055600000000000004,456774636701154.562500
0.3882700000000001,0.0244,0.055600000000000004,456774636701154.562500
0.38828000000000007,0.0212,0.056400000000000006,456774636701154.562500
0.38829,0.0244,0.054,456774636701154.562500
0.3883000000000001,0.0212,0.0548,456774636701154.562500
0.38831000000000004,0.0228,0.0548,456774636701154.562500
0.3883200000000001,0.0236,0.055600000000000004,456774636701154.562500
0.38833000000000006,0.0204,0.054,456774636701154.562500
0.38834,0.0228,0.05,456774636701154.562500
0.3883500000000001,0.0212,0.055600000000000004,456774636701154.562500
0.38836000000000004,0.0188,0.0516,456774636701154.562500
0.3883700000000001,0.0228,0.054,456774636701154.562500
0.38838000000000006,0.022000000000000002,0.0524,456774636701154.562500
0.3883900000000001,0.022000000000000002,0.0548,456774636701154.562500
0.3884000000000001,0.022000000000000002,0.0476,456774636701154.562500
0.38841000000000003,0.0172,0.055600000000000004,456774636701154.562500
0.3884200000000001,0.0196,0.056400000000000006,456774636701154.562500
0.38843000000000005,0.0172,0.054,456774636701154.562500
0.3884400000000001,0.0236,0.0572,456774636701154.562500
0.3884500000000001,0.022000000000000002,0.055600000000000004,456774636701154.562500
0.38846,0.0236,0.048400000000000006,456774636701154.562500
0.3884700000000001,0.022000000000000002,0.056400000000000006,456774636701154.562500
0.38848000000000005,0.022000000000000002,0.055600000000000004,456774636701154.562500
0.3884900000000001,0.022000000000000002,0.055600000000000004,456774636701154.562500
0.38850000000000007,0.0228,0.0548,456774636701154.562500
0.38851,0.022000000000000002,0.056400000000000006,456774636701154.562500
0.3885200000000001,0.0244,0.055600000000000004,456774636701154.562500
0.38853000000000004,0.0228,0.054,456774636701154.562500
0.3885400000000001,0.0188,0.0572,456774636701154.562500
0.38855000000000006,0.0236,0.0548,456774636701154.562500
0.3885600000000001,0.0196,0.0572,456774636701154.562500
0.3885700000000001,0.022000000000000002,0.054,456774636701154.562500
0.38858000000000004,0.0196,0.055600000000000004,456774636701154.562500
0.3885900000000001,0.0244,0.05,456774636701154.562500
0.38860000000000006,0.022000000000000002,0.056400000000000006,456774636701154.562500
0.3886100000000001,0.0228,0.0492,456774636701154.562500
0.3886200000000001,0.0204,0.0524,456774636701154.562500
0.38863000000000003,0.0236,0.056400000000000006,456774636701154.562500
0.3886400000000001,0.0228,0.05,456774636701154.562500
0.38865000000000005,0.0212,0.054,456774636701154.562500
0.3886600000000001,0.0236,0.055600000000000004,456774636701154.562500
0.38867000000000007,0.0212,0.050800000000000005,456774636701154.562500
0.38868,0.0212,0.056400000000000006,456774636701154.562500
0.3886900000000001,0.022000000000000002,0.058,456774636701154.562500
0.38870000000000005,0.0204,0.0572,456774636701154.562500
0.3887100000000001,0.022000000000000002,0.0572,456774636701154.562500
0.38872000000000007,0.0212,0.055600000000000004,456774636701154.562500
0.38873,0.0212,0.055600000000000004,456774636701154.562500
0.3887400000000001,0.0196,0.0548,456774636701154.562500
0.38875000000000004,0.018000000000000002,0.0548,456774636701154.562500
0.3887600000000001,0.0236,0.055600000000000004,456774636701154.562500
0.38877000000000006,0.0196,0.0548,456774636701154.562500
0.3887800000000001,0.0228,0.0548,456774636701154.562500
0.3887900000000001,0.0204,0.055600000000000004,456774636701154.562500
0.38880000000000003,0.0244,0.05,456774636701154.562500
0.3888100000000001,0.022000000000000002,0.056400000000000006,456774636701154.562500
0.38882000000000005,0.0212,0.0516,456774636701154.562500
0.3888300000000001,0.0228,0.0548,456774636701154.562500
0.3888400000000001,0.0236,0.0524,456774636701154.562500
0.38885000000000003,0.0228,0.046,456774636701154.562500
0.3888600000000001,0.0236,0.053200000000000004,456774636701154.562500
0.38887000000000005,0.0212,0.050800000000000005,456774636701154.562500
0.3888800000000001,0.022000000000000002,0.055600000000000004,456774636701154.562500
0.38889000000000007,0.0244,0.056400000000000006,456774636701154.562500
0.3889,0.0244,0.056400000000000006,456774636701154.562500
0.3889100000000001,0.022000000000000002,0.0548,456774636701154.562500
0.38892000000000004,0.0244,0.055600000000000004,456774636701154.562500
0.3889300000000001,0.022000000000000002,0.0548,456774636701154.562500
0.38894000000000006,0.018000000000000002,0.0548,456774636701154.562500
0.38895,0.0228,0.0548,456774636701154.562500
0.3889600000000001,0.0204,0.053200000000000004,456774636701154.562500
0.38897000000000004,0.022000000000000002,0.054,456774636701154.562500
0.3889800000000001,0.0204,0.056400000000000006,456774636701154.562500
0.38899000000000006,0.0212,0.056400000000000006,456774636701154.562500
0.3890000000000001,0.0204,0.050800000000000005,456774636701154.562500
0.3890100000000001,0.0212,0.0548,456774636701154.562500
0.38902000000000003,0.022000000000000002,0.048400000000000006,456774636701154.562500
0.3890300000000001,0.0228,0.053200000000000004,456774636701154.562500
0.38904000000000005,0.0204,0.054,456774636701154.562500
0.3890500000000001,0.0212,0.053200000000000004,456774636701154.562500
0.3890600000000001,0.0196,0.0492,456774636701154.562500
0.38907,0.0228,0.0548,456774636701154.562500
0.3890800000000001,0.018000000000000002,0.0548,456774636701154.562500
0.38909000000000005,0.022000000000000002,0.056400000000000006,456774636701154.562500
0.3891000000000001,0.0228,0.056400000000000006,456774636701154.562500
0.38911000000000007,0.0228,0.055600000000000004,456774636701154.562500
0.38912,0.0204,0.054,456774636701154.562500
0.3891300000000001,0.0244,0.0572,456774636701154.562500
0.38914000000000004,0.0228,0.0572,456774636701154.562500
0.3891500000000001,0.0244,0.05,456774636701154.562500
0.38916000000000006,0.022000000000000002,0.048400000000000006,456774636701154.562500
0.3891700000000001,0.0228,0.0516,456774636701154.562500
0.3891800000000001,0.0228,0.0492,456774636701154.562500
0.38919000000000004,0.022000000000000002,0.048400000000000006,456774636701154.562500
0.3892000000000001,0.0244,0.054,456774636701154.562500
0.38921000000000006,0.0236,0.055600000000000004,456774636701154.562500
0.3892200000000001,0.0212,0.053200000000000004,456774636701154.562500
0.3892300000000001,0.0228,0.056400000000000006,456774636701154.562500
0.38924000000000003,0.0228,0.0548,456774636701154.562500
0.3892500000000001,0.0228,0.056400000000000006,456774636701154.562500
0.38926000000000005,0.0228,0.0516,456774636701154.562500
0.3892700000000001,0.022000000000000002,0.0548,456774636701154.562500
0.38928000000000007,0.0196,0.0524,456774636701154.562500
0.38929,0.0228,0.056400000000000006,456774636701154.562500
0.3893000000000001,0.0212,0.056400000000000006,456774636701154.562500
0.38931000000000004,0.0228,0.055600000000000004,456774636701154.562500
0.3893200000000001,0.0204,0.056400000000000006,456774636701154.562500
0.38933000000000006,0.0228,0.056400000000000006,456774636701154.562500
0.38934,0.0196,0.0548,456774636701154.562500
0.3893500000000001,0.0236,0.054,456774636701154.562500
0.38936000000000004,0.0204,0.0468,456774636701154.562500
0.3893700000000001,0.0212,0.055600000000000004,456774636701154.562500
0.38938000000000006,0.0172,0.0548,456774636701154.562500
0.3893900000000001,0.022000000000000002,0.055600000000000004,456774636701154.562500
0.3894000000000001,0.0188,0.0516,456774636701154.562500
0.38941000000000003,0.0228,0.055600000000000004,456774636701154.562500
0.3894200000000001,0.0228,0.0548,456774636701154.562500
0.38943000000000005,0.022000000000000002,0.0572,456774636701154.562500
0.3894400000000001,0.0228,0.055600000000000004,456774636701154.562500
0.3894500000000001,0.0236,0.056400000000000006,456774636701154.562500
0.38946000000000003,0.0252,0.055600000000000004,456774636701154.562500
0.3894700000000001,0.0244,0.054,456774636701154.562500
0.38948000000000005,0.026000000000000002,0.0548,456774636701154.562500
0.3894900000000001,0.022000000000000002,0.056400000000000006,456774636701154.562500
0.38950000000000007,0.0196,0.056400000000000006,456774636701154.562500
0.38951,0.0228,0.054,456774636701154.562500
0.3895200000000001,0.0196,0.055600000000000004,456774636701154.562500
0.38953000000000004,0.0228,0.054,456774636701154.562500
0.3895400000000001,0.0236,0.054,456774636701154.562500
0.38955000000000006,0.0196,0.054,456774636701154.562500
0.38956,0.0228,0.0524,456774636701154.562500
0.3895700000000001,0.0212,0.055600000000000004,456774636701154.562500
0.38958000000000004,0.022000000000000002,0.056400000000000006,456774636701154.562500
0.3895900000000001,0.0172,0.055600000000000004,456774636701154.562500
0.38960000000000006,0.0228,0.056400000000000006,456774636701154.562500
0.3896100000000001,0.0172,0.055600000000000004,456774636701154.562500
0.3896200000000001,0.0188,0.056400000000000006,456774636701154.562500
0.38963000000000003,0.0204,0.0548,456774636701154.562500
0.3896400000000001,0.0172,0.056400000000000006,456774636701154.562500
0.38965000000000005,0.0204,0.058,456774636701154.562500
0.3896600000000001,0.0196,0.0572,456774636701154.562500
0.38967000000000007,0.022000000000000002,0.056400000000000006,456774636701154.562500
0.38968,0.022000000000000002,0.055600000000000004,456774636701154.562500
0.3896900000000001,0.022000000000000002,0.0572,456774636701154.562500
0.38970000000000005,0.0172,0.056400000000000006,456774636701154.562500
0.3897100000000001,0.0236,0.056400000000000006,456774636701154.562500
0.38972000000000007,0.0204,0.058,456774636701154.562500
0.38973,0.0212,0.055600000000000004,456774636701154.562500
0.3897400000000001,0.0228,0.056400000000000006,456774636701154.562500
0.38975000000000004,0.0244,0.055600000000000004,456774636701154.562500
0.3897600000000001,0.0252,0.056400000000000006,456774636701154.562500
0.38977000000000006,0.0236,0.0548,456774636701154.562500
0.3897800000000001,0.0212,0.055600000000000004,456774636701154.562500
0.3897900000000001,0.0244,0.0396,456774636701154.562500
0.38980000000000004,0.0212,0.0524,456774636701154.562500
0.3898100000000001,0.0244,0.0436,456774636701154.562500
0.38982000000000006,0.022000000000000002,0.054,456774636701154.562500
0.3898300000000001,0.0228,0.0492,456774636701154.562500
0.3898400000000001,0.0204,0.058,456774636701154.562500
0.38985000000000003,0.0228,0.053200000000000004,456774636701154.562500
0.3898600000000001,0.022000000000000002,0.0524,456774636701154.562500
0.38987000000000005,0.0228,0.0516,456774636701154.562500
0.3898800000000001,0.022000000000000002,0.055600000000000004,456774636701154.562500
0.38989000000000007,0.0236,0.054,456774636701154.562500
0.3899,0.0204,0.0516,456774636701154.562500
0.3899100000000001,0.0212,0.054,456774636701154.562500
0.38992000000000004,0.0228,0.0492,456774636701154.562500
0.3899300000000001,0.022000000000000002,0.0516,456774636701154.562500
0.38994000000000006,0.0204,0.055600000000000004,456774636701154.562500
0.38995,0.0228,0.055600000000000004,456774636701154.562500
0.3899600000000001,0.0236,0.045200000000000004,456774636701154.562500
0.38997000000000004,0.0212,0.0548,456774636701154.562500
0.3899800000000001,0.0236,0.0524,456774636701154.562500
0.38999000000000006,0.0236,0.055600000000000004,456774636701154.562500
0.3900000000000001,0.0228,0.053200000000000004,456774636701154.562500
0.3900100000000001,0.0204,0.0572,456774636701154.562500
0.39002000000000003,0.022000000000000002,0.055600000000000004,456774636701154.562500
0.3900300000000001,0.0228,0.055600000000000004,456774636701154.562500
0.39004000000000005,0.0228,0.053200000000000004,456774636701154.562500
0.3900500000000001,0.0236,0.055600000000000004,456774636701154.562500
0.3900600000000001,0.022000000000000002,0.053200000000000004,456774636701154.562500
0.39007000000000003,0.0228,0.056400000000000006,456774636701154.562500
0.3900800000000001,0.0236,0.048400000000000006,456774636701154.562500
0.39009000000000005,0.0244,0.048400000000000006,456774636701154.562500
0.3901000000000001,0.0188,0.0548,456774636701154.562500
0.39011000000000007,0.0244,0.055600000000000004,456774636701154.562500
0.39012,0.0204,0.0492,456774636701154.562500
0.3901300000000001,0.0244,0.0548,456774636701154.562500
0.39014000000000004,0.0236,0.050800000000000005,456774636701154.562500
0.3901500000000001,0.0228,0.0516,456774636701154.562500
0.39016000000000006,0.0244,0.054,456774636701154.562500
0.39017000000000013,0.0228,0.048400000000000006,456774636701154.562500
0.3901800000000001,0.0212,0.050800000000000005,456774636701154.562500
0.39019000000000004,0.022000000000000002,0.0444,456774636701154.562500
0.3902000000000001,0.022000000000000002,0.056400000000000006,456774636701154.562500
0.39021000000000006,0.0212,0.0596,456774636701154.562500
0.3902200000000001,0.022000000000000002,0.0572,456774636701154.562500
0.3902300000000001,0.022000000000000002,0.050800000000000005,456774636701154.562500
0.39024000000000003,0.0212,0.058,456774636701154.562500
0.3902500000000001,0.0212,0.050800000000000005,456774636701154.562500
0.39026000000000005,0.0196,0.0548,456774636701154.562500
0.3902700000000001,0.022000000000000002,0.055600000000000004,456774636701154.562500
0.39028000000000007,0.0172,0.0516,456774636701154.562500
0.39029,0.0244,0.053200000000000004,456774636701154.562500
0.3903000000000001,0.0196,0.0492,456774636701154.562500
0.39031000000000005,0.022000000000000002,0.0516,456774636701154.562500
0.3903200000000001,0.0236,0.05,456774636701154.562500
0.39033000000000007,0.0244,0.0548,456774636701154.562500
0.39034,0.0228,0.054,456774636701154.562500
0.3903500000000001,0.0252,0.055600000000000004,456774636701154.562500
0.39036000000000004,0.0236,0.05,456774636701154.562500
0.3903700000000001,0.0236,0.053200000000000004,456774636701154.562500
0.39038000000000006,0.0244,0.0524,456774636701154.562500
0.3903900000000001,0.0212,0.0548,456774636701154.562500
0.3904000000000001,0.0244,0.0572,456774636701154.562500
0.39041000000000003,0.0236,0.053200000000000004,456774636701154.562500
0.3904200000000001,0.0236,0.053200000000000004,456774636701154.562500
0.39043000000000005,0.0228,0.0548,456774636701154.562500
0.3904400000000001,0.0228,0.0524,456774636701154.562500
0.3904500000000001,0.0212,0.0572,456774636701154.562500
0.39046000000000003,0.022000000000000002,0.05,456774636701154.562500
0.3904700000000001,0.0204,0.0548,456774636701154.562500
0.39048000000000005,0.0212,0.045200000000000004,456774636701154.562500
0.3904900000000001,0.018000000000000002,0.0524,456774636701154.562500
0.39050000000000007,0.0212,0.05,456774636701154.562500
0.39051,0.0212,0.056400000000000006,456774636701154.562500
0.3905200000000001,0.0212,0.0492,456774636701154.562500
0.39053000000000004,0.022000000000000002,0.056400000000000006,456774636701154.562500
0.3905400000000001,0.018000000000000002,0.054,456774636701154.562500
0.39055000000000006,0.022000000000000002,0.056400000000000006,456774636701154.562500
0.39056,0.018000000000000002,0.055600000000000004,456774636701154.562500
0.3905700000000001,0.022000000000000002,0.056400000000000006,456774636701154.562500
0.39058000000000004,0.0172,0.0572,456774636701154.562500
0.3905900000000001,0.0212,0.058,456774636701154.562500
0.39060000000000006,0.0188,0.056400000000000006,456774636701154.562500
0.3906100000000001,0.0196,0.056400000000000006,456774636701154.562500
0.3906200000000001,0.0236,0.055600000000000004,456774636701154.562500
0.39063000000000003,0.0196,0.054,456774636701154.562500
0.3906400000000001,0.0196,0.054,456774636701154.562500
0.39065000000000005,0.0228,0.055600000000000004,456774636701154.562500
0.3906600000000001,0.0236,0.0572,456774636701154.562500
0.3906700000000001,0.0236,0.0524,456774636701154.562500
0.39068,0.0164,0.054,456774636701154.562500
0.3906900000000001,0.0244,0.050800000000000005,456774636701154.562500
0.39070000000000005,0.0212,0.056400000000000006,456774636701154.562500
0.3907100000000001,0.0244,0.045200000000000004,456774636701154.562500
0.39072000000000007,0.0228,0.053200000000000004,456774636701154.562500
0.39073,0.0236,0.053200000000000004,456774636701154.562500
0.3907400000000001,0.022000000000000002,0.0572,456774636701154.562500
0.39075000000000004,0.0236,0.0548,456774636701154.562500
0.3907600000000001,0.0236,0.053200000000000004,456774636701154.562500
0.39077000000000006,0.022000000000000002,0.0548,456774636701154.562500
0.3907800000000001,0.022000000000000002,0.0572,456774636701154.562500
0.3907900000000001,0.0212,0.0492,456774636701154.562500
0.39080000000000004,0.022000000000000002,0.056400000000000006,456774636701154.562500
0.3908100000000001,0.0188,0.0572,456774636701154.562500
0.39082000000000006,0.018000000000000002,0.056400000000000006,456774636701154.562500
0.3908300000000001,0.0172,0.0572,456774636701154.562500
0.3908400000000001,0.0196,0.048400000000000006,456774636701154.562500
0.39085000000000003,0.018000000000000002,0.058,456774636701154.562500
0.3908600000000001,0.0204,0.0548,456774636701154.562500
0.39087000000000005,0.018000000000000002,0.056400000000000006,456774636701154.562500
0.3908800000000001,0.0204,0.058,456774636701154.562500
0.39089000000000007,0.0204,0.0572,456774636701154.562500
0.3909,0.022000000000000002,0.0572,456774636701154.562500
0.3909100000000001,0.0212,0.0492,456774636701154.562500
0.39092000000000005,0.0228,0.0548,456774636701154.562500
0.3909300000000001,0.0236,0.0548,456774636701154.562500
0.39094000000000007,0.0236,0.053200000000000004,456774636701154.562500
0.39095,0.0244,0.0548,456774636701154.562500
0.3909600000000001,0.0236,0.0468,456774636701154.562500
0.39097000000000004,0.0212,0.0548,456774636701154.562500
0.3909800000000001,0.0236,0.0436,456774636701154.562500
0.39099000000000006,0.0236,0.055600000000000004,456774636701154.562500
0.3910000000000001,0.0204,0.053200000000000004,456774636701154.562500
0.3910100000000001,0.022000000000000002,0.058,456774636701154.562500
0.39102000000000003,0.0196,0.055600000000000004,456774636701154.562500
0.3910300000000001,0.0228,0.054,456774636701154.562500
0.39104000000000005,0.0244,0.055600000000000004,456774636701154.562500
0.3910500000000001,0.0228,0.0572,456774636701154.562500
0.3910600000000001,0.0236,0.0548,456774636701154.562500
0.39107000000000003,0.0228,0.055600000000000004,456774636701154.562500
0.3910800000000001,0.0212,0.054,456774636701154.562500
0.39109000000000005,0.0204,0.0476,456774636701154.562500
0.3911000000000001,0.022000000000000002,0.0548,456774636701154.562500
0.39111000000000007,0.0204,0.055600000000000004,456774636701154.562500
0.39112,0.022000000000000002,0.054,456774636701154.562500
0.3911300000000001,0.0196,0.0468,456774636701154.562500
0.39114000000000004,0.022000000000000002,0.056400000000000006,456774636701154.562500
0.3911500000000001,0.0228,0.0492,456774636701154.562500
0.39116000000000006,0.022000000000000002,0.0572,456774636701154.562500
0.39117,0.0196,0.055600000000000004,456774636701154.562500
0.3911800000000001,0.0212,0.054,456774636701154.562500
0.39119000000000004,0.0172,0.054,456774636701154.562500
0.3912000000000001,0.0212,0.055600000000000004,456774636701154.562500
0.39121000000000006,0.0204,0.056400000000000006,456774636701154.562500
0.3912200000000001,0.022000000000000002,0.056400000000000006,456774636701154.562500
0.3912300000000001,0.018000000000000002,0.055600000000000004,456774636701154.562500
0.39124000000000003,0.0236,0.054,456774636701154.562500
0.3912500000000001,0.0236,0.0516,456774636701154.562500
0.39126000000000005,0.0252,0.0516,456774636701154.562500
0.3912700000000001,0.0252,0.055600000000000004,456774636701154.562500
0.39128000000000007,0.0236,0.054,456774636701154.562500
0.39129,0.0244,0.0548,456774636701154.562500
0.3913000000000001,0.0228,0.0524,456774636701154.562500
0.39131000000000005,0.0236,0.056400000000000006,456774636701154.562500
0.3913200000000001,0.0252,0.056400000000000006,456774636701154.562500
0.39133000000000007,0.0236,0.058,456774636701154.562500
0.39134,0.022000000000000002,0.055600000000000004,456774636701154.562500
0.3913500000000001,0.022000000000000002,0.045200000000000004,456774636701154.562500
0.39136000000000004,0.022000000000000002,0.0524,456774636701154.562500
0.3913700000000001,0.0212,0.0516,456774636701154.562500
0.39138000000000006,0.022000000000000002,0.0572,456774636701154.562500
0.3913900000000001,0.022000000000000002,0.05,456774636701154.562500
0.3914000000000001,0.0188,0.0548,456774636701154.562500
0.39141000000000004,0.0212,0.050800000000000005,456774636701154.562500
0.3914200000000001,0.0212,0.055600000000000004,456774636701154.562500
0.39143000000000006,0.0204,0.0572,456774636701154.562500
0.3914400000000001,0.0212,0.056400000000000006,456774636701154.562500
0.3914500000000001,0.022000000000000002,0.056400000000000006,456774636701154.562500
0.39146000000000003,0.0172,0.058,456774636701154.562500
0.3914700000000001,0.022000000000000002,0.055600000000000004,456774636701154.562500
0.39148000000000005,0.0212,0.056400000000000006,456774636701154.562500
0.3914900000000001,0.0228,0.0548,456774636701154.562500
0.39150000000000007,0.022000000000000002,0.0572,456774636701154.562500
0.39151,0.0204,0.054,456774636701154.562500
0.3915200000000001,0.0212,0.054,456774636701154.562500
0.39153000000000004,0.0212,0.054,456774636701154.562500
0.3915400000000001,0.0244,0.053200000000000004,456774636701154.562500
0.39155000000000006,0.0212,0.0548,456774636701154.562500
0.39156,0.0228,0.054,456774636701154.562500
0.3915700000000001,0.0172,0.054,456774636701154.562500
0.39158000000000004,0.0236,0.0548,456774636701154.562500
0.3915900000000001,0.0236,0.0468,456774636701154.562500
0.39160000000000006,0.022000000000000002,0.0548,456774636701154.562500
0.3916100000000001,0.0236,0.0476,456774636701154.562500
0.3916200000000001,0.0252,0.0524,456774636701154.562500
0.39163000000000003,0.0244,0.0492,456774636701154.562500
0.3916400000000001,0.0236,0.054,456774636701154.562500
0.39165000000000005,0.0236,0.050800000000000005,456774636701154.562500
0.3916600000000001,0.0236,0.056400000000000006,456774636701154.562500
0.3916700000000001,0.022000000000000002,0.0492,456774636701154.562500
0.39168000000000003,0.0212,0.055600000000000004,456774636701154.562500
0.3916900000000001,0.022000000000000002,0.0476,456774636701154.562500
0.39170000000000005,0.0236,0.05,456774636701154.562500
0.3917100000000001,0.0204,0.0476,456774636701154.562500
0.39172000000000007,0.0212,0.054,456774636701154.562500
0.39173,0.0212,0.0468,456774636701154.562500
0.3917400000000001,0.0188,0.0548,456774636701154.562500
0.39175000000000004,0.0196,0.05,456774636701154.562500
0.3917600000000001,0.0228,0.0572,456774636701154.562500
0.39177000000000006,0.0204,0.0548,456774636701154.562500
0.39178000000000013,0.018000000000000002,0.056400000000000006,456774636701154.562500
0.3917900000000001,0.022000000000000002,0.0492,456774636701154.562500
0.39180000000000004,0.0204,0.055600000000000004,456774636701154.562500
0.3918100000000001,0.022000000000000002,0.0476,456774636701154.562500
0.39182000000000006,0.0212,0.0548,456774636701154.562500
0.3918300000000001,0.022000000000000002,0.0492,456774636701154.562500
0.3918400000000001,0.0196,0.0548,456774636701154.562500
0.39185000000000003,0.0196,0.0572,456774636701154.562500
0.3918600000000001,0.022000000000000002,0.053200000000000004,456774636701154.562500
0.39187000000000005,0.0236,0.053200000000000004,456774636701154.562500
0.3918800000000001,0.0204,0.0572,456774636701154.562500
0.39189000000000007,0.0244,0.0524,456774636701154.562500
0.3919,0.0196,0.056400000000000006,456774636701154.562500
0.3919100000000001,0.0188,0.054,456774636701154.562500
0.39192000000000005,0.0236,0.050800000000000005,456774636701154.562500
0.3919300000000001,0.0188,0.055600000000000004,456774636701154.562500
0.39194000000000007,0.0228,0.056400000000000006,456774636701154.562500
0.39195,0.0228,0.048400000000000006,456774636701154.562500
0.3919600000000001,0.022000000000000002,0.0516,456774636701154.562500
0.39197000000000004,0.022000000000000002,0.0516,456774636701154.562500
0.3919800000000001,0.0228,0.055600000000000004,456774636701154.562500
0.39199000000000006,0.0228,0.056400000000000006,456774636701154.562500
0.3920000000000001,0.022000000000000002,0.0572,456774636701154.562500
0.3920100000000001,0.0236,0.0444,456774636701154.562500
0.39202000000000004,0.0172,0.0572,456774636701154.562500
0.3920300000000001,0.0204,0.054,456774636701154.562500
0.39204000000000006,0.018000000000000002,0.056400000000000006,456774636701154.562500
0.3920500000000001,0.022000000000000002,0.0524,456774636701154.562500
0.3920600000000001,0.0196,0.056400000000000006,456774636701154.562500
0.39207000000000003,0.0236,0.0492,456774636701154.562500
0.3920800000000001,0.0212,0.053200000000000004,456774636701154.562500
0.39209000000000005,0.022000000000000002,0.0516,456774636701154.562500
0.3921000000000001,0.022000000000000002,0.055600000000000004,456774636701154.562500
0.39211000000000007,0.0228,0.0524,456774636701154.562500
0.39212,0.0204,0.055600000000000004,456774636701154.562500
0.3921300000000001,0.022000000000000002,0.0524,456774636701154.562500
0.39214000000000004,0.0196,0.0548,456774636701154.562500
0.3921500000000001,0.022000000000000002,0.056400000000000006,456774636701154.562500
0.39216000000000006,0.0244,0.0548,456774636701154.562500
0.39217,0.022000000000000002,0.0468,456774636701154.562500
0.3921800000000001,0.0236,0.056400000000000006,456774636701154.562500
0.39219000000000004,0.0228,0.0476,456774636701154.562500
0.3922000000000001,0.0268,0.056400000000000006,456774636701154.562500
0.39221000000000006,0.0236,0.045200000000000004,456774636701154.562500
0.3922200000000001,0.0236,0.055600000000000004,456774636701154.562500
0.3922300000000001,0.022000000000000002,0.0548,456774636701154.562500
0.39224000000000003,0.0236,0.0492,456774636701154.562500
0.3922500000000001,0.0244,0.0516,456774636701154.562500
0.39226000000000005,0.0244,0.0548,456774636701154.562500
0.3922700000000001,0.0228,0.058,456774636701154.562500
0.3922800000000001,0.0236,0.0572,456774636701154.562500
0.39229,0.0228,0.054,456774636701154.562500
0.3923000000000001,0.022000000000000002,0.05,456774636701154.562500
0.39231000000000005,0.022000000000000002,0.048400000000000006,456774636701154.562500
0.3923200000000001,0.0204,0.05,456774636701154.562500
0.39233000000000007,0.0236,0.055600000000000004,456774636701154.562500
0.39234,0.0212,0.056400000000000006,456774636701154.562500
0.3923500000000001,0.0196,0.055600000000000004,456774636701154.562500
0.39236000000000004,0.022000000000000002,0.0548,456774636701154.562500
0.3923700000000001,0.0188,0.056400000000000006,456774636701154.562500
0.39238000000000006,0.022000000000000002,0.056400000000000006,456774636701154.562500
0.3923900000000001,0.0228,0.0572,456774636701154.562500
0.3924000000000001,0.0228,0.056400000000000006,456774636701154.562500
0.39241000000000004,0.0204,0.054,456774636701154.562500
0.3924200000000001,0.0204,0.053200000000000004,456774636701154.562500
0.39243000000000006,0.022000000000000002,0.054,456774636701154.562500
0.3924400000000001,0.0244,0.0476,456774636701154.562500
0.3924500000000001,0.0236,0.055600000000000004,456774636701154.562500
0.39246000000000003,0.0188,0.0396,456774636701154.562500
0.3924700000000001,0.0244,0.0548,456774636701154.562500
0.39248000000000005,0.0212,0.045200000000000004,456774636701154.562500
0.3924900000000001,0.0228,0.058,456774636701154.562500
0.39250000000000007,0.0236,0.055600000000000004,456774636701154.562500
0.39251,0.0236,0.055600000000000004,456774636701154.562500
0.3925200000000001,0.022000000000000002,0.053200000000000004,456774636701154.562500
0.39253000000000005,0.0228,0.0516,456774636701154.562500
0.3925400000000001,0.022000000000000002,0.055600000000000004,456774636701154.562500
0.39255000000000007,0.0228,0.0524,456774636701154.562500
0.39256,0.0212,0.055600000000000004,456774636701154.562500
0.3925700000000001,0.0244,0.054,456774636701154.562500
0.39258000000000004,0.022000000000000002,0.0492,456774636701154.562500
0.3925900000000001,0.0228,0.050800000000000005,456774636701154.562500
0.39260000000000006,0.0244,0.054,456774636701154.562500
0.3926100000000001,0.0212,0.0548,456774636701154.562500
0.3926200000000001,0.022000000000000002,0.056400000000000006,456774636701154.562500
0.39263000000000003,0.022000000000000002,0.0516,456774636701154.562500
0.3926400000000001,0.022000000000000002,0.056400000000000006,456774636701154.562500
0.39265000000000005,0.0196,0.056400000000000006,456774636701154.562500
0.3926600000000001,0.0228,0.0548,456774636701154.562500
0.3926700000000001,0.0212,0.055600000000000004,456774636701154.562500
0.39268000000000003,0.0204,0.055600000000000004,456774636701154.562500
0.3926900000000001,0.0204,0.0548,456774636701154.562500
0.39270000000000005,0.0204,0.056400000000000006,456774636701154.562500
0.3927100000000001,0.0188,0.0572,456774636701154.562500
0.39272000000000007,0.0212,0.055600000000000004,456774636701154.562500
0.39273,0.0236,0.054,456774636701154.562500
0.3927400000000001,0.0236,0.0492,456774636701154.562500
0.39275000000000004,0.0236,0.0548,456774636701154.562500
0.3927600000000001,0.0172,0.053200000000000004,456774636701154.562500
0.39277000000000006,0.022000000000000002,0.0548,456774636701154.562500
0.39278,0.0228,0.053200000000000004,456774636701154.562500
0.3927900000000001,0.0244,0.0572,456774636701154.562500
0.39280000000000004,0.0228,0.0516,456774636701154.562500
0.3928100000000001,0.0244,0.055600000000000004,456774636701154.562500
0.39282000000000006,0.0228,0.053200000000000004,456774636701154.562500
0.3928300000000001,0.0236,0.0524,456774636701154.562500
0.3928400000000001,0.0244,0.055600000000000004,456774636701154.562500
0.39285000000000003,0.0252,0.055600000000000004,456774636701154.562500
0.3928600000000001,0.0228,0.048400000000000006,456774636701154.562500
0.39287000000000005,0.022000000000000002,0.050800000000000005,456774636701154.562500
0.3928800000000001,0.0212,0.055600000000000004,456774636701154.562500
0.3928900000000001,0.022000000000000002,0.048400000000000006,456774636701154.562500
0.3929,0.0172,0.056400000000000006,456774636701154.562500
0.3929100000000001,0.0228,0.042800000000000005,456774636701154.562500
0.39292000000000005,0.018000000000000002,0.055600000000000004,456774636701154.562500
0.3929300000000001,0.022000000000000002,0.050800000000000005,456774636701154.562500
0.39294000000000007,0.022000000000000002,0.0572,456774636701154.562500
0.39295,0.022000000000000002,0.0548,456774636701154.562500
0.3929600000000001,0.0228,0.054,456774636701154.562500
0.39297000000000004,0.0228,0.053200000000000004,456774636701154.562500
0.3929800000000001,0.022000000000000002,0.0548,456774636701154.562500
0.39299000000000006,0.0172,0.0444,456774636701154.562500
0.3930000000000001,0.022000000000000002,0.055600000000000004,456774636701154.562500
0.3930100000000001,0.0196,0.054,456774636701154.562500
0.39302000000000004,0.022000000000000002,0.056400000000000006,456774636701154.562500
0.3930300000000001,0.0188,0.0468,456774636701154.562500
0.39304000000000006,0.0228,0.054,456774636701154.562500
0.3930500000000001,0.0172,0.0572,456774636701154.562500
0.3930600000000001,0.0204,0.056400000000000006,456774636701154.562500
0.39307000000000003,0.0212,0.053200000000000004,456774636701154.562500
0.3930800000000001,0.0236,0.0572,456774636701154.562500
0.39309000000000005,0.0252,0.055600000000000004,456774636701154.562500
0.3931000000000001,0.0252,0.0548,456774636701154.562500
0.39311000000000007,0.0236,0.056400000000000006,456774636701154.562500
0.39312,0.0236,0.0548,456774636701154.562500
0.3931300000000001,0.022000000000000002,0.0572,456774636701154.562500
0.39314000000000004,0.0252,0.0516,456774636701154.562500
0.3931500000000001,0.0228,0.0516,456774636701154.562500
0.39316000000000006,0.0236,0.054,456774636701154.562500
0.39317,0.0244,0.055600000000000004,456774636701154.562500
0.3931800000000001,0.022000000000000002,0.0548,456774636701154.562500
0.39319000000000004,0.0228,0.0476,456774636701154.562500
0.3932000000000001,0.0204,0.053200000000000004,456774636701154.562500
0.39321000000000006,0.0228,0.054,456774636701154.562500
0.3932200000000001,0.0228,0.055600000000000004,456774636701154.562500
0.3932300000000001,0.018000000000000002,0.053200000000000004,456774636701154.562500
0.39324000000000003,0.0212,0.0572,456774636701154.562500
0.3932500000000001,0.0196,0.054,456774636701154.562500
0.39326000000000005,0.022000000000000002,0.055600000000000004,456774636701154.562500
0.3932700000000001,0.0196,0.054,456774636701154.562500
0.3932800000000001,0.022000000000000002,0.056400000000000006,456774636701154.562500
0.39329000000000003,0.022000000000000002,0.055600000000000004,456774636701154.562500
0.3933000000000001,0.0204,0.058,456774636701154.562500
0.39331000000000005,0.0196,0.0548,456774636701154.562500
0.3933200000000001,0.0228,0.058,456774636701154.562500
0.39333000000000007,0.0236,0.055600000000000004,456774636701154.562500
0.39334,0.0228,0.055600000000000004,456774636701154.562500
0.3933500000000001,0.0236,0.050800000000000005,456774636701154.562500
0.39336000000000004,0.0236,0.054,456774636701154.562500
0.3933700000000001,0.022000000000000002,0.054,456774636701154.562500
0.39338000000000006,0.0236,0.0572,456774636701154.562500
0.39339000000000013,0.0212,0.053200000000000004,456774636701154.562500
0.3934000000000001,0.0236,0.0572,456774636701154.562500
0.39341000000000004,0.0244,0.048400000000000006,456774636701154.562500
0.3934200000000001,0.0244,0.053200000000000004,456774636701154.562500
0.39343000000000006,0.0244,0.0492,456774636701154.562500
0.3934400000000001,0.0228,0.0572,456774636701154.562500
0.3934500000000001,0.026000000000000002,0.056400000000000006,456774636701154.562500
0.39346000000000003,0.0244,0.054,456774636701154.562500
0.3934700000000001,0.0236,0.058,456774636701154.562500
0.39348000000000005,0.022000000000000002,0.055600000000000004,456774636701154.562500
0.3934900000000001,0.0236,0.056400000000000006,456774636701154.562500
0.39350000000000007,0.0204,0.056400000000000006,456774636701154.562500
0.39351,0.0212,0.0572,456774636701154.562500
0.3935200000000001,0.0196,0.055600000000000004,456774636701154.562500
0.39353000000000005,0.0196,0.0548,456774636701154.562500
0.3935400000000001,0.0132,0.054,456774636701154.562500
0.39355000000000007,0.0212,0.055600000000000004,456774636701154.562500
0.39356,0.018000000000000002,0.0516,456774636701154.562500
0.3935700000000001,0.0212,0.055600000000000004,456774636701154.562500
0.39358000000000004,0.022000000000000002,0.0548,456774636701154.562500
0.3935900000000001,0.022000000000000002,0.048400000000000006,456774636701154.562500
0.39360000000000006,0.0196,0.055600000000000004,456774636701154.562500
0.3936100000000001,0.0196,0.054,456774636701154.562500
0.3936200000000001,0.0252,0.055600000000000004,456774636701154.562500
0.39363000000000004,0.022000000000000002,0.055600000000000004,456774636701154.562500
0.3936400000000001,0.0212,0.056400000000000006,456774636701154.562500
0.39365000000000006,0.0212,0.0548,456774636701154.562500
0.3936600000000001,0.0188,0.0572,456774636701154.562500
0.3936700000000001,0.0228,0.055600000000000004,456774636701154.562500
0.39368000000000003,0.018000000000000002,0.056400000000000006,456774636701154.562500
0.3936900000000001,0.0236,0.0548,456774636701154.562500
0.39370000000000005,0.0188,0.0548,456774636701154.562500
0.3937100000000001,0.0244,0.0572,456774636701154.562500
0.39372000000000007,0.0236,0.055600000000000004,456774636701154.562500
0.39373,0.0252,0.0572,456774636701154.562500
0.3937400000000001,0.0244,0.056400000000000006,456774636701154.562500
0.39375000000000004,0.022000000000000002,0.0572,456774636701154.562500
0.3937600000000001,0.0228,0.053200000000000004,456774636701154.562500
0.39377000000000006,0.018000000000000002,0.055600000000000004,456774636701154.562500
0.39378,0.0228,0.0516,456774636701154.562500
0.3937900000000001,0.0196,0.0524,456774636701154.562500
0.39380000000000004,0.0212,0.056400000000000006,456774636701154.562500
0.3938100000000001,0.0204,0.05,456774636701154.562500
0.39382000000000006,0.022000000000000002,0.0524,456774636701154.562500
0.3938300000000001,0.022000000000000002,0.050800000000000005,456774636701154.562500
0.3938400000000001,0.022000000000000002,0.050800000000000005,456774636701154.562500
0.39385000000000003,0.0228,0.054,456774636701154.562500
0.3938600000000001,0.0212,0.0492,456774636701154.562500
0.39387000000000005,0.0212,0.0548,456774636701154.562500
0.3938800000000001,0.022000000000000002,0.0388,456774636701154.562500
0.3938900000000001,0.0204,0.054,456774636701154.562500
0.39390000000000003,0.0196,0.0468,456774636701154.562500
0.3939100000000001,0.0204,0.0572,456774636701154.562500
0.39392000000000005,0.0212,0.0524,456774636701154.562500
0.3939300000000001,0.0212,0.0524,456774636701154.562500
0.39394000000000007,0.022000000000000002,0.0548,456774636701154.562500
0.39395,0.0212,0.054,456774636701154.562500
0.3939600000000001,0.0228,0.058,456774636701154.562500
0.39397000000000004,0.0236,0.048400000000000006,456774636701154.562500
0.3939800000000001,0.0204,0.048400000000000006,456774636701154.562500
0.39399000000000006,0.0236,0.054,456774636701154.562500
0.39400000000000013,0.0236,0.053200000000000004,456774636701154.562500
0.3940100000000001,0.0236,0.058,456774636701154.562500
0.39402000000000004,0.022000000000000002,0.050800000000000005,456774636701154.562500
0.3940300000000001,0.0236,0.055600000000000004,456774636701154.562500
0.39404000000000006,0.0196,0.056400000000000006,456774636701154.562500
0.3940500000000001,0.0244,0.055600000000000004,456774636701154.562500
0.3940600000000001,0.0196,0.042800000000000005,456774636701154.562500
0.39407000000000003,0.0236,0.056400000000000006,456774636701154.562500
0.3940800000000001,0.0172,0.0524,456774636701154.562500
0.39409000000000005,0.0252,0.0548,456774636701154.562500
0.3941000000000001,0.0188,0.055600000000000004,456774636701154.562500
0.39411000000000007,0.0228,0.0572,456774636701154.562500
0.39412,0.0228,0.055600000000000004,456774636701154.562500
0.3941300000000001,0.0244,0.0548,456774636701154.562500
0.39414000000000005,0.0212,0.050800000000000005,456774636701154.562500
0.3941500000000001,0.022000000000000002,0.056400000000000006,456774636701154.562500
0.39416000000000007,0.022000000000000002,0.048400000000000006,456774636701154.562500
0.39417,0.022000000000000002,0.050800000000000005,456774636701154.562500
0.3941800000000001,0.0212,0.055600000000000004,456774636701154.562500
0.39419000000000004,0.0236,0.055600000000000004,456774636701154.562500
0.3942000000000001,0.022000000000000002,0.056400000000000006,456774636701154.562500
0.39421000000000006,0.0204,0.0548,456774636701154.562500
0.3942200000000001,0.0228,0.0572,456774636701154.562500
0.3942300000000001,0.022000000000000002,0.056400000000000006,456774636701154.562500
0.39424000000000003,0.0236,0.0516,456774636701154.562500
0.3942500000000001,0.0228,0.056400000000000006,456774636701154.562500
0.39426000000000005,0.0236,0.054,456774636701154.562500
0.3942700000000001,0.0236,0.054,456774636701154.562500
0.3942800000000001,0.0212,0.050800000000000005,456774636701154.562500
0.39429000000000003,0.0236,0.0524,456774636701154.562500
0.3943000000000001,0.0212,0.0476,456774636701154.562500
0.39431000000000005,0.0252,0.054,456774636701154.562500
0.3943200000000001,0.022000000000000002,0.054,456774636701154.562500
0.39433000000000007,0.022000000000000002,0.055600000000000004,456774636701154.562500
0.39434,0.0212,0.055600000000000004,456774636701154.562500
0.3943500000000001,0.0236,0.056400000000000006,456774636701154.562500
0.39436000000000004,0.022000000000000002,0.054,456774636701154.562500
0.3943700000000001,0.022000000000000002,0.056400000000000006,456774636701154.562500
0.39438000000000006,0.022000000000000002,0.045200000000000004,456774636701154.562500
0.39439,0.0228,0.058,456774636701154.562500
0.3944000000000001,0.0236,0.0548,456774636701154.562500
0.39441000000000004,0.0228,0.054,456774636701154.562500
0.3944200000000001,0.0228,0.0548,456774636701154.562500
0.39443000000000006,0.0228,0.048400000000000006,456774636701154.562500
0.3944400000000001,0.0204,0.050800000000000005,456774636701154.562500
0.3944500000000001,0.0196,0.05,456774636701154.562500
0.39446000000000003,0.0196,0.0572,456774636701154.562500
0.3944700000000001,0.018000000000000002,0.054,456774636701154.562500
0.39448000000000005,0.0172,0.0548,456774636701154.562500
0.3944900000000001,0.0212,0.0516,456774636701154.562500
0.3945000000000001,0.0196,0.054,456774636701154.562500
0.39451,0.0188,0.0572,456774636701154.562500
0.3945200000000001,0.0172,0.053200000000000004,456774636701154.562500
0.39453000000000005,0.0188,0.054,456774636701154.562500
0.3945400000000001,0.018000000000000002,0.046,456774636701154.562500
0.39455000000000007,0.0228,0.056400000000000006,456774636701154.562500
0.39456,0.022000000000000002,0.0516,456774636701154.562500
0.3945700000000001,0.022000000000000002,0.046,456774636701154.562500
0.39458000000000004,0.0244,0.0572,456774636701154.562500
0.3945900000000001,0.0196,0.053200000000000004,456774636701154.562500
0.39460000000000006,0.022000000000000002,0.056400000000000006,456774636701154.562500
0.3946100000000001,0.0172,0.0492,456774636701154.562500
0.3946200000000001,0.022000000000000002,0.055600000000000004,456774636701154.562500
0.39463000000000004,0.022000000000000002,0.055600000000000004,456774636701154.562500
0.3946400000000001,0.0252,0.055600000000000004,456774636701154.562500
0.39465000000000006,0.0212,0.056400000000000006,456774636701154.562500
0.3946600000000001,0.0228,0.054,456774636701154.562500
0.3946700000000001,0.0236,0.054,456774636701154.562500
0.39468000000000003,0.0236,0.058,456774636701154.562500
0.3946900000000001,0.0244,0.0524,456774636701154.562500
0.39470000000000005,0.0228,0.056400000000000006,456774636701154.562500
0.3947100000000001,0.0212,0.0572,456774636701154.562500
0.39472000000000007,0.0228,0.0524,456774636701154.562500
0.39473,0.022000000000000002,0.058,456774636701154.562500
0.3947400000000001,0.0188,0.0548,456774636701154.562500
0.39475000000000005,0.018000000000000002,0.055600000000000004,456774636701154.562500
0.3947600000000001,0.0212,0.055600000000000004,456774636701154.562500
0.39477000000000007,0.015600000000000001,0.0572,456774636701154.562500
0.39478,0.0212,0.053200000000000004,456774636701154.562500
0.3947900000000001,0.0228,0.0572,456774636701154.562500
0.39480000000000004,0.022000000000000002,0.0572,456774636701154.562500
0.3948100000000001,0.022000000000000002,0.053200000000000004,456774636701154.562500
0.39482000000000006,0.0204,0.05,456774636701154.562500
0.3948300000000001,0.0204,0.045200000000000004,456774636701154.562500
0.3948400000000001,0.0228,0.056400000000000006,456774636701154.562500
0.39485000000000003,0.0236,0.056400000000000006,456774636701154.562500
0.3948600000000001,0.0228,0.056400000000000006,456774636701154.562500
0.39487000000000005,0.0228,0.0548,456774636701154.562500
0.3948800000000001,0.0212,0.0516,456774636701154.562500
0.3948900000000001,0.0212,0.055600000000000004,456774636701154.562500
0.39490000000000003,0.0196,0.05,456774636701154.562500
0.3949100000000001,0.0228,0.0572,456774636701154.562500
0.39492000000000005,0.0204,0.054,456774636701154.562500
0.3949300000000001,0.0236,0.0548,456774636701154.562500
0.39494000000000007,0.022000000000000002,0.0524,456774636701154.562500
0.39495,0.0236,0.054,456774636701154.562500
0.3949600000000001,0.0244,0.0492,456774636701154.562500
0.39497000000000004,0.0212,0.0476,456774636701154.562500
0.3949800000000001,0.0196,0.050800000000000005,456774636701154.562500
0.39499000000000006,0.022000000000000002,0.05,456774636701154.562500
0.395,0.0212,0.0468,456774636701154.562500
0.3950100000000001,0.0188,0.054,456774636701154.562500
0.39502000000000004,0.0172,0.053200000000000004,456774636701154.562500
0.3950300000000001,0.0204,0.055600000000000004,456774636701154.562500
0.39504000000000006,0.018000000000000002,0.0516,456774636701154.562500
0.3950500000000001,0.022000000000000002,0.056400000000000006,456774636701154.562500
0.3950600000000001,0.0196,0.048400000000000006,456774636701154.562500
0.39507000000000003,0.022000000000000002,0.056400000000000006,456774636701154.562500
0.3950800000000001,0.022000000000000002,0.056400000000000006,456774636701154.562500
0.39509000000000005,0.0204,0.056400000000000006,456774636701154.562500
0.3951000000000001,0.022000000000000002,0.0572,456774636701154.562500
0.3951100000000001,0.0204,0.056400000000000006,456774636701154.562500
0.39512,0.022000000000000002,0.054,456774636701154.562500
0.3951300000000001,0.022000000000000002,0.056400000000000006,456774636701154.562500
0.39514000000000005,0.0228,0.0572,456774636701154.562500
0.3951500000000001,0.0196,0.0548,456774636701154.562500
0.39516000000000007,0.022000000000000002,0.056400000000000006,456774636701154.562500
0.39517,0.0212,0.055600000000000004,456774636701154.562500
0.3951800000000001,0.0228,0.05,456774636701154.562500
0.39519000000000004,0.0212,0.055600000000000004,456774636701154.562500
0.3952000000000001,0.0236,0.056400000000000006,456774636701154.562500
0.39521000000000006,0.0228,0.056400000000000006,456774636701154.562500
0.3952200000000001,0.0228,0.053200000000000004,456774636701154.562500
0.3952300000000001,0.0228,0.055600000000000004,456774636701154.562500
0.39524000000000004,0.0212,0.0572,456774636701154.562500
0.3952500000000001,0.0228,0.055600000000000004,456774636701154.562500
0.39526000000000006,0.0196,0.0572,456774636701154.562500
0.3952700000000001,0.022000000000000002,0.042,456774636701154.562500
0.3952800000000001,0.018000000000000002,0.056400000000000006,456774636701154.562500
0.39529000000000003,0.0204,0.0548,456774636701154.562500
0.3953000000000001,0.0212,0.0572,456774636701154.562500
0.39531000000000005,0.0228,0.0516,456774636701154.562500
0.3953200000000001,0.0244,0.0572,456774636701154.562500
0.39533000000000007,0.022000000000000002,0.0572,456774636701154.562500
0.39534,0.0204,0.054,456774636701154.562500
0.3953500000000001,0.0236,0.056400000000000006,456774636701154.562500
0.39536000000000004,0.0212,0.056400000000000006,456774636701154.562500
0.3953700000000001,0.022000000000000002,0.053200000000000004,456774636701154.562500
0.39538000000000006,0.022000000000000002,0.0572,456774636701154.562500
0.39539,0.0204,0.053200000000000004,456774636701154.562500
0.3954000000000001,0.0212,0.058,456774636701154.562500
0.39541000000000004,0.022000000000000002,0.0548,456774636701154.562500
0.3954200000000001,0.022000000000000002,0.056400000000000006,456774636701154.562500
0.39543000000000006,0.0228,0.0548,456774636701154.562500
0.3954400000000001,0.0204,0.0572,456774636701154.562500
0.3954500000000001,0.0236,0.0572,456774636701154.562500
0.39546000000000003,0.022000000000000002,0.0572,456774636701154.562500
0.3954700000000001,0.0212,0.054,456774636701154.562500
0.39548000000000005,0.0204,0.0548,456774636701154.562500
0.3954900000000001,0.0228,0.055600000000000004,456774636701154.562500
0.3955000000000001,0.0244,0.055600000000000004,456774636701154.562500
0.39551000000000003,0.0236,0.056400000000000006,456774636701154.562500
0.3955200000000001,0.0236,0.05,456774636701154.562500
0.39553000000000005,0.0236,0.056400000000000006,456774636701154.562500
0.3955400000000001,0.0252,0.0548,456774636701154.562500
0.39555000000000007,0.0252,0.0516,456774636701154.562500
0.39556,0.0236,0.055600000000000004,456774636701154.562500
0.3955700000000001,0.026000000000000002,0.0492,456774636701154.562500
0.39558000000000004,0.0228,0.0572,456774636701154.562500
0.3955900000000001,0.0244,0.0548,456774636701154.562500
0.39560000000000006,0.0204,0.0572,456774636701154.562500
0.39561000000000013,0.0228,0.053200000000000004,456774636701154.562500
0.3956200000000001,0.0236,0.055600000000000004,456774636701154.562500
0.39563000000000004,0.022000000000000002,0.05,456774636701154.562500
0.3956400000000001,0.0228,0.053200000000000004,456774636701154.562500
0.39565000000000006,0.022000000000000002,0.050800000000000005,456774636701154.562500
0.3956600000000001,0.022000000000000002,0.058800000000000005,456774636701154.562500
0.3956700000000001,0.022000000000000002,0.0516,456774636701154.562500
0.39568000000000003,0.022000000000000002,0.056400000000000006,456774636701154.562500
0.3956900000000001,0.022000000000000002,0.0548,456774636701154.562500
0.39570000000000005,0.0228,0.056400000000000006,456774636701154.562500
0.3957100000000001,0.022000000000000002,0.055600000000000004,456774636701154.562500
0.39572000000000007,0.022000000000000002,0.055600000000000004,456774636701154.562500
0.39573,0.0204,0.055600000000000004,456774636701154.562500
0.3957400000000001,0.022000000000000002,0.056400000000000006,456774636701154.562500
0.39575000000000005,0.0212,0.0572,456774636701154.562500
0.3957600000000001,0.022000000000000002,0.056400000000000006,456774636701154.562500
0.39577000000000007,0.0204,0.0548,456774636701154.562500
0.39578,0.0228,0.054,456774636701154.562500
0.3957900000000001,0.0196,0.0516,456774636701154.562500
0.39580000000000004,0.0228,0.0524,456774636701154.562500
0.3958100000000001,0.0204,0.053200000000000004,456774636701154.562500
0.39582000000000006,0.0228,0.0572,456774636701154.562500
0.3958300000000001,0.0204,0.0548,456774636701154.562500
0.3958400000000001,0.022000000000000002,0.0476,456774636701154.562500
0.39585000000000004,0.0244,0.054,456774636701154.562500
0.3958600000000001,0.026000000000000002,0.0524,456774636701154.562500
0.39587000000000006,0.0236,0.0572,456774636701154.562500
0.3958800000000001,0.0244,0.054,456774636701154.562500
0.3958900000000001,0.0236,0.0572,456774636701154.562500
0.39590000000000003,0.0244,0.0548,456774636701154.562500
0.3959100000000001,0.0212,0.055600000000000004,456774636701154.562500
0.39592000000000005,0.0228,0.056400000000000006,456774636701154.562500
0.3959300000000001,0.022000000000000002,0.055600000000000004,456774636701154.562500
0.39594000000000007,0.018000000000000002,0.0524,456774636701154.562500
0.39595,0.0228,0.054,456774636701154.562500
0.3959600000000001,0.0212,0.0524,456774636701154.562500
0.39597000000000004,0.0236,0.050800000000000005,456774636701154.562500
0.3959800000000001,0.0236,0.056400000000000006,456774636701154.562500
0.39599000000000006,0.0228,0.055600000000000004,456774636701154.562500
0.396,0.0236,0.055600000000000004,456774636701154.562500
0.3960100000000001,0.022000000000000002,0.0468,456774636701154.562500
0.39602000000000004,0.0228,0.058800000000000005,456774636701154.562500
0.3960300000000001,0.0212,0.055600000000000004,456774636701154.562500
0.39604000000000006,0.022000000000000002,0.056400000000000006,456774636701154.562500
0.3960500000000001,0.022000000000000002,0.056400000000000006,456774636701154.562500
0.3960600000000001,0.0212,0.0516,456774636701154.562500
0.39607000000000003,0.0228,0.054,456774636701154.562500
0.3960800000000001,0.0236,0.0476,456774636701154.562500
0.39609000000000005,0.022000000000000002,0.056400000000000006,456774636701154.562500
0.3961000000000001,0.022000000000000002,0.0468,456774636701154.562500
0.3961100000000001,0.022000000000000002,0.0524,456774636701154.562500
0.39612,0.0228,0.046,456774636701154.562500
0.3961300000000001,0.0236,0.0572,456774636701154.562500
0.39614000000000005,0.0236,0.056400000000000006,456774636701154.562500
0.3961500000000001,0.0244,0.055600000000000004,456774636701154.562500
0.39616000000000007,0.0252,0.056400000000000006,456774636701154.562500
0.39617,0.022000000000000002,0.055600000000000004,456774636701154.562500
0.3961800000000001,0.0236,0.0572,456774636701154.562500
0.39619000000000004,0.0228,0.05,456774636701154.562500
0.3962000000000001,0.0244,0.0524,456774636701154.562500
0.39621000000000006,0.0196,0.054,456774636701154.562500
0.3962200000000001,0.022000000000000002,0.0572,456774636701154.562500
0.3962300000000001,0.0228,0.045200000000000004,456774636701154.562500
0.39624000000000004,0.0236,0.054,456774636701154.562500
0.3962500000000001,0.0228,0.0524,456774636701154.562500
0.39626000000000006,0.022000000000000002,0.056400000000000006,456774636701154.562500
0.3962700000000001,0.0236,0.0548,456774636701154.562500
0.3962800000000001,0.022000000000000002,0.056400000000000006,456774636701154.562500
0.39629000000000003,0.022000000000000002,0.050800000000000005,456774636701154.562500
0.3963000000000001,0.0212,0.054,456774636701154.562500
0.39631000000000005,0.0228,0.056400000000000006,456774636701154.562500
0.3963200000000001,0.022000000000000002,0.053200000000000004,456774636701154.562500
0.39633000000000007,0.022000000000000002,0.055600000000000004,456774636701154.562500
0.39634,0.0228,0.058,456774636701154.562500
0.3963500000000001,0.022000000000000002,0.056400000000000006,456774636701154.562500
0.39636000000000005,0.0204,0.0572,456774636701154.562500
0.3963700000000001,0.0236,0.0516,456774636701154.562500
0.39638000000000007,0.022000000000000002,0.0468,456774636701154.562500
0.39639,0.0196,0.056400000000000006,456774636701154.562500
0.3964000000000001,0.022000000000000002,0.055600000000000004,456774636701154.562500
0.39641000000000004,0.0236,0.056400000000000006,456774636701154.562500
0.3964200000000001,0.0236,0.056400000000000006,456774636701154.562500
0.39643000000000006,0.0236,0.053200000000000004,456774636701154.562500
0.3964400000000001,0.0252,0.0548,456774636701154.562500
0.3964500000000001,0.0228,0.0572,456774636701154.562500
0.39646000000000003,0.022000000000000002,0.055600000000000004,456774636701154.562500
0.3964700000000001,0.0236,0.055600000000000004,456774636701154.562500
0.39648000000000005,0.0244,0.058,456774636701154.562500
0.3964900000000001,0.022000000000000002,0.0572,456774636701154.562500
0.3965000000000001,0.0228,0.056400000000000006,456774636701154.562500
0.39651000000000003,0.0236,0.055600000000000004,456774636701154.562500
0.3965200000000001,0.0244,0.055600000000000004,456774636701154.562500
0.39653000000000005,0.0236,0.0548,456774636701154.562500
0.3965400000000001,0.0228,0.053200000000000004,456774636701154.562500
0.39655000000000007,0.0212,0.0524,456774636701154.562500
0.39656,0.022000000000000002,0.058,456774636701154.562500
0.3965700000000001,0.0228,0.0492,456774636701154.562500
0.39658000000000004,0.0204,0.058,456774636701154.562500
0.3965900000000001,0.022000000000000002,0.0572,456774636701154.562500
0.39660000000000006,0.022000000000000002,0.055600000000000004,456774636701154.562500
0.39661,0.022000000000000002,0.0572,456774636701154.562500
0.3966200000000001,0.0196,0.045200000000000004,456774636701154.562500
0.39663000000000004,0.0196,0.0572,456774636701154.562500
0.3966400000000001,0.0196,0.053200000000000004,456774636701154.562500
0.39665000000000006,0.0212,0.056400000000000006,456774636701154.562500
0.3966600000000001,0.022000000000000002,0.054,456774636701154.562500
0.3966700000000001,0.0212,0.050800000000000005,456774636701154.562500
0.39668000000000003,0.0212,0.055600000000000004,456774636701154.562500
0.3966900000000001,0.0236,0.056400000000000006,456774636701154.562500
0.39670000000000005,0.0228,0.048400000000000006,456774636701154.562500
0.3967100000000001,0.0212,0.0548,456774636701154.562500
0.3967200000000001,0.0228,0.058,456774636701154.562500
0.39673,0.0196,0.0524,456774636701154.562500
0.3967400000000001,0.022000000000000002,0.0572,456774636701154.562500
0.39675000000000005,0.0204,0.056400000000000006,456774636701154.562500
0.3967600000000001,0.0228,0.050800000000000005,456774636701154.562500
0.39677000000000007,0.0204,0.056400000000000006,456774636701154.562500
0.39678,0.0228,0.05,456774636701154.562500
0.3967900000000001,0.0236,0.055600000000000004,456774636701154.562500
0.39680000000000004,0.0228,0.0572,456774636701154.562500
0.3968100000000001,0.0236,0.0572,456774636701154.562500
0.39682000000000006,0.0252,0.056400000000000006,456774636701154.562500
0.3968300000000001,0.0228,0.055600000000000004,456774636701154.562500
0.3968400000000001,0.0236,0.056400000000000006,456774636701154.562500
0.39685000000000004,0.022000000000000002,0.054,456774636701154.562500
0.3968600000000001,0.0228,0.056400000000000006,456774636701154.562500
0.39687000000000006,0.0212,0.050800000000000005,456774636701154.562500
0.3968800000000001,0.0196,0.0548,456774636701154.562500
0.3968900000000001,0.0172,0.055600000000000004,456774636701154.562500
0.39690000000000003,0.015600000000000001,0.055600000000000004,456774636701154.562500
0.3969100000000001,0.0172,0.050800000000000005,456774636701154.562500
0.39692000000000005,0.0188,0.046,456774636701154.562500
0.3969300000000001,0.0196,0.0492,456774636701154.562500
0.39694000000000007,0.015600000000000001,0.046,456774636701154.562500
0.39695,0.022000000000000002,0.042800000000000005,456774636701154.562500
0.3969600000000001,0.022000000000000002,0.053200000000000004,456774636701154.562500
0.39697000000000005,0.022000000000000002,0.054,456774636701154.562500
0.3969800000000001,0.0236,0.050800000000000005,456774636701154.562500
0.39699000000000007,0.0236,0.048400000000000006,456774636701154.562500
0.397,0.022000000000000002,0.055600000000000004,456774636701154.562500
0.3970100000000001,0.0236,0.0476,456774636701154.562500
0.39702000000000004,0.0228,0.055600000000000004,456774636701154.562500
0.3970300000000001,0.0212,0.054,456774636701154.562500
0.39704000000000006,0.0244,0.055600000000000004,456774636701154.562500
0.3970500000000001,0.0252,0.058,456774636701154.562500
0.3970600000000001,0.0252,0.055600000000000004,456774636701154.562500
0.39707000000000003,0.0244,0.055600000000000004,456774636701154.562500
0.3970800000000001,0.0228,0.058,456774636701154.562500
0.39709000000000005,0.0236,0.056400000000000006,456774636701154.562500
0.3971000000000001,0.0236,0.0516,456774636701154.562500
0.3971100000000001,0.0236,0.055600000000000004,456774636701154.562500
0.39712000000000003,0.0236,0.054,456774636701154.562500
0.3971300000000001,0.0252,0.0572,456774636701154.562500
0.39714000000000005,0.022000000000000002,0.053200000000000004,456774636701154.562500
0.3971500000000001,0.0228,0.0548,456774636701154.562500
0.39716000000000007,0.0244,0.058,456774636701154.562500
0.39717,0.0228,0.056400000000000006,456774636701154.562500
0.3971800000000001,0.022000000000000002,0.054,456774636701154.562500
0.39719000000000004,0.0228,0.056400000000000006,456774636701154.562500
0.3972000000000001,0.022000000000000002,0.055600000000000004,456774636701154.562500
0.39721000000000006,0.022000000000000002,0.0548,456774636701154.562500
0.39722000000000013,0.0204,0.056400000000000006,456774636701154.562500
0.3972300000000001,0.022000000000000002,0.0492,456774636701154.562500
0.39724000000000004,0.0236,0.058,456774636701154.562500
0.3972500000000001,0.0212,0.0548,456774636701154.562500
0.39726000000000006,0.0196,0.056400000000000006,456774636701154.562500
0.3972700000000001,0.0212,0.055600000000000004,456774636701154.562500
0.3972800000000001,0.0204,0.048400000000000006,456774636701154.562500
0.39729000000000003,0.022000000000000002,0.054,456774636701154.562500
0.3973000000000001,0.022000000000000002,0.0524,456774636701154.562500
0.39731000000000005,0.0236,0.0572,456774636701154.562500
0.3973200000000001,0.0236,0.0524,456774636701154.562500
0.39733000000000007,0.022000000000000002,0.0524,456774636701154.562500
0.39734,0.0236,0.046,456774636701154.562500
0.3973500000000001,0.026000000000000002,0.050800000000000005,456774636701154.562500
0.39736000000000005,0.0244,0.040400000000000005,456774636701154.562500
0.3973700000000001,0.0236,0.054,456774636701154.562500
0.39738000000000007,0.0244,0.0476,456774636701154.562500
0.39739,0.0236,0.054,456774636701154.562500
0.3974000000000001,0.0252,0.0548,456774636701154.562500
0.39741000000000004,0.0252,0.055600000000000004,456774636701154.562500
0.3974200000000001,0.0228,0.0548,456774636701154.562500
0.39743000000000006,0.0244,0.055600000000000004,456774636701154.562500
0.3974400000000001,0.0236,0.05,456774636701154.562500
0.3974500000000001,0.0244,0.0548,456774636701154.562500
0.39746000000000004,0.0228,0.058,456774636701154.562500
0.3974700000000001,0.0236,0.0572,456774636701154.562500
0.39748000000000006,0.0228,0.054,456774636701154.562500
0.3974900000000001,0.0236,0.042800000000000005,456774636701154.562500
0.3975000000000001,0.022000000000000002,0.0548,456774636701154.562500
0.39751000000000003,0.0228,0.053200000000000004,456774636701154.562500
0.3975200000000001,0.022000000000000002,0.055600000000000004,456774636701154.562500
0.39753000000000005,0.022000000000000002,0.0572,456774636701154.562500
0.3975400000000001,0.022000000000000002,0.0572,456774636701154.562500
0.39755000000000007,0.0204,0.058,456774636701154.562500
0.39756,0.0212,0.046,456774636701154.562500
0.3975700000000001,0.0196,0.055600000000000004,456774636701154.562500
0.39758000000000004,0.018000000000000002,0.055600000000000004,456774636701154.562500
0.3975900000000001,0.018000000000000002,0.055600000000000004,456774636701154.562500
0.39760000000000006,0.0228,0.0572,456774636701154.562500
0.39761,0.0196,0.0572,456774636701154.562500
0.3976200000000001,0.018000000000000002,0.054,456774636701154.562500
0.39763000000000004,0.0212,0.058,456774636701154.562500
0.3976400000000001,0.0244,0.053200000000000004,456774636701154.562500
0.39765000000000006,0.0236,0.056400000000000006,456774636701154.562500
0.3976600000000001,0.022000000000000002,0.0524,456774636701154.562500
0.3976700000000001,0.0228,0.0572,456774636701154.562500
0.39768000000000003,0.0244,0.056400000000000006,456774636701154.562500
0.3976900000000001,0.0244,0.0548,456774636701154.562500
0.39770000000000005,0.0236,0.058,456774636701154.562500
0.3977100000000001,0.0236,0.055600000000000004,456774636701154.562500
0.3977200000000001,0.0236,0.056400000000000006,456774636701154.562500
0.39773000000000003,0.0228,0.058800000000000005,456774636701154.562500
0.3977400000000001,0.022000000000000002,0.058,456774636701154.562500
0.39775000000000005,0.022000000000000002,0.0572,456774636701154.562500
0.3977600000000001,0.022000000000000002,0.055600000000000004,456774636701154.562500
0.39777000000000007,0.0228,0.0572,456774636701154.562500
0.39778,0.022000000000000002,0.056400000000000006,456774636701154.562500
0.3977900000000001,0.022000000000000002,0.055600000000000004,456774636701154.562500
0.39780000000000004,0.0228,0.056400000000000006,456774636701154.562500
0.3978100000000001,0.0228,0.0572,456774636701154.562500
0.39782000000000006,0.0204,0.053200000000000004,456774636701154.562500
0.39783000000000013,0.022000000000000002,0.0572,456774636701154.562500
0.3978400000000001,0.0188,0.0476,456774636701154.562500
0.39785000000000004,0.0228,0.0516,456774636701154.562500
0.3978600000000001,0.018000000000000002,0.048400000000000006,456774636701154.562500
0.39787000000000006,0.0204,0.0468,456774636701154.562500
0.3978800000000001,0.0204,0.0492,456774636701154.562500
0.3978900000000001,0.022000000000000002,0.054,456774636701154.562500
0.39790000000000003,0.0196,0.0492,456774636701154.562500
0.3979100000000001,0.0204,0.054,456774636701154.562500
0.39792000000000005,0.0196,0.053200000000000004,456774636701154.562500
0.3979300000000001,0.0236,0.053200000000000004,456774636701154.562500
0.39794000000000007,0.0172,0.0548,456774636701154.562500
0.39795,0.0212,0.054,456774636701154.562500
0.3979600000000001,0.0212,0.056400000000000006,456774636701154.562500
0.39797000000000005,0.0244,0.0524,456774636701154.562500
0.3979800000000001,0.0244,0.046,456774636701154.562500
0.39799000000000007,0.0244,0.053200000000000004,456774636701154.562500
0.398,0.0228,0.053200000000000004,456774636701154.562500
0.3980100000000001,0.0244,0.053200000000000004,456774636701154.562500
0.39802000000000004,0.022000000000000002,0.0548,456774636701154.562500
0.3980300000000001,0.0228,0.058,456774636701154.562500
0.39804000000000006,0.0236,0.0548,456774636701154.562500
0.3980500000000001,0.0236,0.0572,456774636701154.562500
0.3980600000000001,0.0212,0.0572,456774636701154.562500
0.39807000000000003,0.0236,0.0548,456774636701154.562500
0.3980800000000001,0.0236,0.0572,456774636701154.562500
0.39809000000000005,0.022000000000000002,0.056400000000000006,456774636701154.562500
0.3981000000000001,0.0204,0.0572,456774636701154.562500
0.3981100000000001,0.0236,0.058,456774636701154.562500
0.39812000000000003,0.0196,0.058,456774636701154.562500
0.3981300000000001,0.0212,0.055600000000000004,456774636701154.562500
0.39814000000000005,0.0196,0.055600000000000004,456774636701154.562500
0.3981500000000001,0.0212,0.056400000000000006,456774636701154.562500
0.39816000000000007,0.018000000000000002,0.0572,456774636701154.562500
0.39817,0.0196,0.0572,456774636701154.562500
0.3981800000000001,0.0196,0.054,456774636701154.562500
0.39819000000000004,0.0196,0.058,456774636701154.562500
0.3982000000000001,0.0228,0.0548,456774636701154.562500
0.39821000000000006,0.0228,0.056400000000000006,456774636701154.562500
0.39822,0.0212,0.055600000000000004,456774636701154.562500
0.3982300000000001,0.0244,0.0572,456774636701154.562500
0.39824000000000004,0.0236,0.056400000000000006,456774636701154.562500
0.3982500000000001,0.022000000000000002,0.058,456774636701154.562500
0.39826000000000006,0.022000000000000002,0.056400000000000006,456774636701154.562500
0.3982700000000001,0.0236,0.0572,456774636701154.562500
0.3982800000000001,0.022000000000000002,0.0572,456774636701154.562500
0.39829000000000003,0.022000000000000002,0.056400000000000006,456774636701154.562500
0.3983000000000001,0.0244,0.056400000000000006,456774636701154.562500
0.39831000000000005,0.0236,0.056400000000000006,456774636701154.562500
0.3983200000000001,0.0252,0.058800000000000005,456774636701154.562500
0.3983300000000001,0.0228,0.055600000000000004,456774636701154.562500
0.39834,0.0236,0.0524,456774636701154.562500
0.3983500000000001,0.0196,0.0548,456774636701154.562500
0.39836000000000005,0.0236,0.0548,456774636701154.562500
0.3983700000000001,0.0212,0.056400000000000006,456774636701154.562500
0.39838000000000007,0.022000000000000002,0.056400000000000006,456774636701154.562500
0.39839,0.0228,0.042800000000000005,456774636701154.562500
0.3984000000000001,0.0228,0.0524,456774636701154.562500
0.39841000000000004,0.0228,0.048400000000000006,456774636701154.562500
0.3984200000000001,0.0212,0.054,456774636701154.562500
0.39843000000000006,0.022000000000000002,0.058,456774636701154.562500
0.3984400000000001,0.022000000000000002,0.050800000000000005,456774636701154.562500
0.3984500000000001,0.0212,0.054,456774636701154.562500
0.39846000000000004,0.0204,0.0548,456774636701154.562500
0.3984700000000001,0.0212,0.055600000000000004,456774636701154.562500
0.39848000000000006,0.0212,0.056400000000000006,456774636701154.562500
0.3984900000000001,0.022000000000000002,0.058800000000000005,456774636701154.562500
0.3985000000000001,0.0228,0.058,456774636701154.562500
0.39851000000000003,0.022000000000000002,0.0572,456774636701154.562500
0.3985200000000001,0.022000000000000002,0.056400000000000006,456774636701154.562500
0.39853000000000005,0.0204,0.053200000000000004,456774636701154.562500
0.3985400000000001,0.0228,0.058,456774636701154.562500
0.39855000000000007,0.0228,0.056400000000000006,456774636701154.562500
0.39856,0.0228,0.058,456774636701154.562500
0.3985700000000001,0.0244,0.056400000000000006,456774636701154.562500
0.39858000000000005,0.0236,0.054,456774636701154.562500
0.3985900000000001,0.022000000000000002,0.0572,456774636701154.562500
0.39860000000000007,0.0236,0.0476,456774636701154.562500
0.39861,0.0244,0.058800000000000005,456774636701154.562500
0.3986200000000001,0.0252,0.055600000000000004,456774636701154.562500
0.39863000000000004,0.0212,0.056400000000000006,456774636701154.562500
0.3986400000000001,0.0244,0.056400000000000006,456774636701154.562500
0.39865000000000006,0.0244,0.053200000000000004,456774636701154.562500
0.3986600000000001,0.0244,0.0572,456774636701154.562500
0.3986700000000001,0.0228,0.055600000000000004,456774636701154.562500
0.39868000000000003,0.0212,0.0572,456774636701154.562500
0.3986900000000001,0.0212,0.055600000000000004,456774636701154.562500
0.39870000000000005,0.022000000000000002,0.050800000000000005,456774636701154.562500
0.3987100000000001,0.0228,0.045200000000000004,456774636701154.562500
0.3987200000000001,0.0204,0.0516,456774636701154.562500
0.39873000000000003,0.022000000000000002,0.046,456774636701154.562500
0.3987400000000001,0.0204,0.056400000000000006,456774636701154.562500
0.39875000000000005,0.022000000000000002,0.056400000000000006,456774636701154.562500
0.3987600000000001,0.022000000000000002,0.054,456774636701154.562500
0.39877000000000007,0.022000000000000002,0.046,456774636701154.562500
0.39878,0.022000000000000002,0.050800000000000005,456774636701154.562500
0.3987900000000001,0.0228,0.045200000000000004,456774636701154.562500
0.39880000000000004,0.0204,0.045200000000000004,456774636701154.562500
0.3988100000000001,0.0236,0.048400000000000006,456774636701154.562500
0.39882000000000006,0.022000000000000002,0.0524,456774636701154.562500
0.39883000000000013,0.022000000000000002,0.056400000000000006,456774636701154.562500
0.3988400000000001,0.0236,0.055600000000000004,456774636701154.562500
0.39885000000000004,0.022000000000000002,0.055600000000000004,456774636701154.562500
0.3988600000000001,0.0228,0.056400000000000006,456774636701154.562500
0.39887000000000006,0.022000000000000002,0.0524,456774636701154.562500
0.3988800000000001,0.0244,0.056400000000000006,456774636701154.562500
0.3988900000000001,0.022000000000000002,0.055600000000000004,456774636701154.562500
0.39890000000000003,0.0244,0.05,456774636701154.562500
0.3989100000000001,0.0244,0.050800000000000005,456774636701154.562500
0.39892000000000005,0.0236,0.0516,456774636701154.562500
0.3989300000000001,0.022000000000000002,0.056400000000000006,456774636701154.562500
0.3989400000000001,0.0236,0.0572,456774636701154.562500
0.39895,0.0196,0.0524,456774636701154.562500
0.3989600000000001,0.0244,0.055600000000000004,456774636701154.562500
0.39897000000000005,0.0204,0.055600000000000004,456774636701154.562500
0.3989800000000001,0.0212,0.056400000000000006,456774636701154.562500
0.39899000000000007,0.0204,0.053200000000000004,456774636701154.562500
0.399,0.0204,0.0572,456774636701154.562500
0.3990100000000001,0.0164,0.048400000000000006,456774636701154.562500
0.39902000000000004,0.0204,0.054,456774636701154.562500
0.3990300000000001,0.0228,0.0572,456774636701154.562500
0.39904000000000006,0.022000000000000002,0.055600000000000004,456774636701154.562500
0.3990500000000001,0.0204,0.0572,456774636701154.562500
0.3990600000000001,0.0212,0.0572,456774636701154.562500
0.39907000000000004,0.022000000000000002,0.056400000000000006,456774636701154.562500
0.3990800000000001,0.0212,0.055600000000000004,456774636701154.562500
0.39909000000000006,0.0204,0.056400000000000006,456774636701154.562500
0.3991000000000001,0.022000000000000002,0.058,456774636701154.562500
0.3991100000000001,0.022000000000000002,0.0548,456774636701154.562500
0.39912000000000003,0.0228,0.0548,456774636701154.562500
0.3991300000000001,0.0228,0.055600000000000004,456774636701154.562500
0.39914000000000005,0.0236,0.0516,456774636701154.562500
0.3991500000000001,0.0244,0.0548,456774636701154.562500
0.39916000000000007,0.0228,0.055600000000000004,456774636701154.562500
0.39917,0.022000000000000002,0.0572,456774636701154.562500
0.3991800000000001,0.0252,0.055600000000000004,456774636701154.562500
0.39919000000000004,0.0244,0.056400000000000006,456774636701154.562500
0.3992000000000001,0.026000000000000002,0.0572,456774636701154.562500
0.39921000000000006,0.0228,0.056400000000000006,456774636701154.562500
0.39922,0.0244,0.0572,456774636701154.562500
0.3992300000000001,0.0236,0.0572,456774636701154.562500
0.39924000000000004,0.0244,0.0548,456774636701154.562500
0.3992500000000001,0.0244,0.045200000000000004,456774636701154.562500
0.39926000000000006,0.0196,0.055600000000000004,456774636701154.562500
0.3992700000000001,0.0204,0.056400000000000006,456774636701154.562500
0.3992800000000001,0.022000000000000002,0.0572,456774636701154.562500
0.39929000000000003,0.0236,0.0572,456774636701154.562500
0.3993000000000001,0.0236,0.056400000000000006,456774636701154.562500
0.39931000000000005,0.0228,0.056400000000000006,456774636701154.562500
0.3993200000000001,0.0228,0.056400000000000006,456774636701154.562500
0.3993300000000001,0.0212,0.054,456774636701154.562500
0.39934000000000003,0.0228,0.056400000000000006,456774636701154.562500
0.3993500000000001,0.022000000000000002,0.055600000000000004,456774636701154.562500
0.39936000000000005,0.0228,0.056400000000000006,456774636701154.562500
0.3993700000000001,0.0196,0.058,456774636701154.562500
0.39938000000000007,0.0212,0.056400000000000006,456774636701154.562500
0.39939,0.0228,0.056400000000000006,456774636701154.562500
0.3994000000000001,0.0236,0.055600000000000004,456774636701154.562500
0.39941000000000004,0.0212,0.053200000000000004,456774636701154.562500
0.3994200000000001,0.0236,0.055600000000000004,456774636701154.562500
0.39943000000000006,0.0236,0.0524,456774636701154.562500
0.39944000000000013,0.0204,0.0524,456774636701154.562500
0.3994500000000001,0.0236,0.0516,456774636701154.562500
0.39946000000000004,0.0252,0.056400000000000006,456774636701154.562500
0.3994700000000001,0.0212,0.055600000000000004,456774636701154.562500
0.39948000000000006,0.0236,0.0572,456774636701154.562500
0.3994900000000001,0.0236,0.0572,456774636701154.562500
0.3995000000000001,0.0252,0.058,456774636701154.562500
0.39951000000000003,0.0244,0.0548,456774636701154.562500
0.3995200000000001,0.0244,0.056400000000000006,456774636701154.562500
0.39953000000000005,0.0252,0.058,456774636701154.562500
0.3995400000000001,0.0236,0.053200000000000004,456774636701154.562500
0.39955000000000007,0.0244,0.0476,456774636701154.562500
0.39956,0.0228,0.056400000000000006,456774636701154.562500
0.3995700000000001,0.0212,0.0572,456774636701154.562500
0.39958000000000005,0.0236,0.055600000000000004,456774636701154.562500
0.3995900000000001,0.0228,0.053200000000000004,456774636701154.562500
0.39960000000000007,0.0236,0.055600000000000004,456774636701154.562500
0.39961,0.0228,0.0548,456774636701154.562500
0.3996200000000001,0.0228,0.055600000000000004,456774636701154.562500
0.39963000000000004,0.0228,0.0548,456774636701154.562500
0.3996400000000001,0.0236,0.056400000000000006,456774636701154.562500
0.39965000000000006,0.0204,0.054,456774636701154.562500
0.3996600000000001,0.022000000000000002,0.056400000000000006,456774636701154.562500
0.3996700000000001,0.0172,0.054,456774636701154.562500
0.39968000000000004,0.0188,0.056400000000000006,456774636701154.562500
0.3996900000000001,0.0204,0.056400000000000006,456774636701154.562500
0.39970000000000006,0.0228,0.0572,456774636701154.562500
0.3997100000000001,0.0236,0.0524,456774636701154.562500
0.3997200000000001,0.0228,0.0572,456774636701154.562500
0.39973000000000003,0.0212,0.058,456774636701154.562500
0.3997400000000001,0.0228,0.056400000000000006,456774636701154.562500
0.39975000000000005,0.0212,0.055600000000000004,456774636701154.562500
0.3997600000000001,0.022000000000000002,0.055600000000000004,456774636701154.562500
0.39977000000000007,0.0228,0.055600000000000004,456774636701154.562500
0.39978,0.0228,0.0572,456774636701154.562500
0.3997900000000001,0.0236,0.056400000000000006,456774636701154.562500
0.39980000000000004,0.0228,0.056400000000000006,456774636701154.562500
0.3998100000000001,0.0252,0.058,456774636701154.562500
0.39982000000000006,0.0204,0.055600000000000004,456774636701154.562500
0.39983,0.0212,0.0516,456774636701154.562500
0.3998400000000001,0.0244,0.056400000000000006,456774636701154.562500
0.39985000000000004,0.022000000000000002,0.056400000000000006,456774636701154.562500
0.3998600000000001,0.022000000000000002,0.056400000000000006,456774636701154.562500
0.39987000000000006,0.0236,0.055600000000000004,456774636701154.562500
0.3998800000000001,0.022000000000000002,0.0572,456774636701154.562500
0.3998900000000001,0.022000000000000002,0.055600000000000004,456774636701154.562500
0.39990000000000003,0.0228,0.055600000000000004,456774636701154.562500
0.3999100000000001,0.022000000000000002,0.058,456774636701154.562500
0.39992000000000005,0.0228,0.056400000000000006,456774636701154.562500
0.3999300000000001,0.0236,0.056400000000000006,456774636701154.562500
0.3999400000000001,0.0228,0.058,456774636701154.562500
0.39995,0.0228,0.058,456774636701154.562500
0.3999600000000001,0.0228,0.056400000000000006,456774636701154.562500
0.39997000000000005,0.0204,0.050800000000000005,456774636701154.562500
0.3999800000000001,0.022000000000000002,0.0548,456774636701154.562500
0.39999000000000007,0.018000000000000002,0.055600000000000004,456774636701154.562500
0.4,0.022000000000000002,0.054,456774636701154.562500
0.4000100000000001,0.022000000000000002,0.0516,456774636701154.562500
0.40002000000000004,0.022000000000000002,0.055600000000000004,456774636701154.562500
0.4000300000000001,0.0236,0.0572,456774636701154.562500
0.40004000000000006,0.0244,0.056400000000000006,456774636701154.562500
0.4000500000000001,0.0236,0.0572,456774636701154.562500
0.4000600000000001,0.0228,0.056400000000000006,456774636701154.562500
0.40007000000000004,0.0236,0.056400000000000006,456774636701154.562500
0.4000800000000001,0.0252,0.056400000000000006,456774636701154.562500
0.40009000000000006,0.0236,0.058,456774636701154.562500
0.4001000000000001,0.0236,0.0524,456774636701154.562500
0.4001100000000001,0.0236,0.054,456774636701154.562500
0.40012000000000003,0.0244,0.055600000000000004,456774636701154.562500
0.4001300000000001,0.0244,0.0548,456774636701154.562500
0.40014000000000005,0.0236,0.0572,456774636701154.562500
0.4001500000000001,0.0244,0.0572,456774636701154.562500
0.40016000000000007,0.0236,0.0548,456774636701154.562500
0.40017,0.0252,0.056400000000000006,456774636701154.562500
0.4001800000000001,0.0244,0.056400000000000006,456774636701154.562500
0.40019000000000005,0.0228,0.056400000000000006,456774636701154.562500
0.4002000000000001,0.0204,0.053200000000000004,456774636701154.562500
0.40021000000000007,0.022000000000000002,0.056400000000000006,456774636701154.562500
0.40022,0.0236,0.055600000000000004,456774636701154.562500
0.4002300000000001,0.022000000000000002,0.056400000000000006,456774636701154.562500
0.40024000000000004,0.0228,0.058,456774636701154.562500
0.4002500000000001,0.0228,0.058,456774636701154.562500
0.40026000000000006,0.0212,0.0548,456774636701154.562500
0.4002700000000001,0.0228,0.058,456774636701154.562500
0.4002800000000001,0.022000000000000002,0.055600000000000004,456774636701154.562500
0.40029000000000003,0.022000000000000002,0.056400000000000006,456774636701154.562500
0.4003000000000001,0.022000000000000002,0.056400000000000006,456774636701154.562500
0.40031000000000005,0.0188,0.058,456774636701154.562500
0.4003200000000001,0.0188,0.056400000000000006,456774636701154.562500
0.4003300000000001,0.0196,0.055600000000000004,456774636701154.562500
0.40034000000000003,0.0228,0.055600000000000004,456774636701154.562500
0.4003500000000001,0.022000000000000002,0.056400000000000006,456774636701154.562500
0.40036000000000005,0.0228,0.0548,456774636701154.562500
0.4003700000000001,0.022000000000000002,0.0524,456774636701154.562500
0.40038000000000007,0.0212,0.0388,456774636701154.562500
0.40039,0.0228,0.054,456774636701154.562500
0.4004000000000001,0.0236,0.053200000000000004,456774636701154.562500
0.40041000000000004,0.0228,0.055600000000000004,456774636701154.562500
0.4004200000000001,0.0236,0.055600000000000004,456774636701154.562500
0.40043000000000006,0.0244,0.0548,456774636701154.562500
0.40044,0.0236,0.0548,456774636701154.562500
0.4004500000000001,0.0244,0.055600000000000004,456774636701154.562500
0.40046000000000004,0.0244,0.0436,456774636701154.562500
0.4004700000000001,0.0244,0.0476,456774636701154.562500
0.40048000000000006,0.0252,0.0516,456774636701154.562500
0.4004900000000001,0.022000000000000002,0.0548,456774636701154.562500
0.4005000000000001,0.0236,0.056400000000000006,456774636701154.562500
0.40051000000000003,0.022000000000000002,0.054,456774636701154.562500
0.4005200000000001,0.022000000000000002,0.056400000000000006,456774636701154.562500
0.40053000000000005,0.0196,0.0548,456774636701154.562500
0.4005400000000001,0.0228,0.056400000000000006,456774636701154.562500
0.4005500000000001,0.0228,0.0572,456774636701154.562500
0.40056,0.0212,0.0516,456774636701154.562500
0.4005700000000001,0.0228,0.056400000000000006,456774636701154.562500
0.40058000000000005,0.0228,0.054,456774636701154.562500
0.4005900000000001,0.022000000000000002,0.055600000000000004,456774636701154.562500
0.40060000000000007,0.022000000000000002,0.058,456774636701154.562500
0.40061,0.0236,0.0548,456774636701154.562500
0.4006200000000001,0.022000000000000002,0.0572,456774636701154.562500
0.40063000000000004,0.0212,0.058,456774636701154.562500
0.4006400000000001,0.0212,0.056400000000000006,456774636701154.562500
0.40065000000000006,0.0236,0.053200000000000004,456774636701154.562500
0.4006600000000001,0.0236,0.0548,456774636701154.562500
0.4006700000000001,0.0236,0.05,456774636701154.562500
0.40068000000000004,0.022000000000000002,0.056400000000000006,456774636701154.562500
0.4006900000000001,0.0228,0.054,456774636701154.562500
0.40070000000000006,0.0228,0.055600000000000004,456774636701154.562500
0.4007100000000001,0.0228,0.056400000000000006,456774636701154.562500
0.4007200000000001,0.022000000000000002,0.05,456774636701154.562500
0.40073000000000003,0.0212,0.056400000000000006,456774636701154.562500
0.4007400000000001,0.022000000000000002,0.058,456774636701154.562500
0.40075000000000005,0.0228,0.058,456774636701154.562500
0.4007600000000001,0.022000000000000002,0.0572,456774636701154.562500
0.40077000000000007,0.0212,0.056400000000000006,456774636701154.562500
0.40078,0.0244,0.0572,456774636701154.562500
0.4007900000000001,0.0228,0.056400000000000006,456774636701154.562500
0.40080000000000005,0.0236,0.055600000000000004,456774636701154.562500
0.4008100000000001,0.0228,0.0572,456774636701154.562500
0.40082000000000007,0.022000000000000002,0.0572,456774636701154.562500
0.40083,0.022000000000000002,0.056400000000000006,456774636701154.562500
0.4008400000000001,0.0228,0.053200000000000004,456774636701154.562500
0.40085000000000004,0.0228,0.056400000000000006,456774636701154.562500
0.4008600000000001,0.022000000000000002,0.0548,456774636701154.562500
0.40087000000000006,0.0212,0.058,456774636701154.562500
0.4008800000000001,0.0212,0.058,456774636701154.562500
0.4008900000000001,0.022000000000000002,0.054,456774636701154.562500
0.40090000000000003,0.0236,0.053200000000000004,456774636701154.562500
0.4009100000000001,0.0204,0.056400000000000006,456774636701154.562500
0.40092000000000005,0.0228,0.056400000000000006,456774636701154.562500
0.4009300000000001,0.022000000000000002,0.0524,456774636701154.562500
0.4009400000000001,0.0228,0.0548,456774636701154.562500
0.40095000000000003,0.022000000000000002,0.056400000000000006,456774636701154.562500
0.4009600000000001,0.0228,0.0572,456774636701154.562500
0.40097000000000005,0.0212,0.054,456774636701154.562500
0.4009800000000001,0.022000000000000002,0.056400000000000006,456774636701154.562500
0.40099000000000007,0.0236,0.0572,456774636701154.562500
0.401,0.0236,0.0572,456774636701154.562500
0.4010100000000001,0.0228,0.056400000000000006,456774636701154.562500
0.40102000000000004,0.0268,0.058800000000000005,456774636701154.562500
0.4010300000000001,0.0244,0.0572,456774636701154.562500
0.40104000000000006,0.0244,0.056400000000000006,456774636701154.562500
0.40105000000000013,0.0244,0.055600000000000004,456774636701154.562500
0.4010600000000001,0.0236,0.0572,456774636701154.562500
0.40107000000000004,0.0236,0.0572,456774636701154.562500
0.4010800000000001,0.0244,0.056400000000000006,456774636701154.562500
0.40109000000000006,0.0236,0.050800000000000005,456774636701154.562500
0.4011000000000001,0.0236,0.054,456774636701154.562500
0.4011100000000001,0.0236,0.0572,456774636701154.562500
0.40112000000000003,0.022000000000000002,0.0572,456774636701154.562500
0.4011300000000001,0.022000000000000002,0.0572,456774636701154.562500
0.40114000000000005,0.0188,0.056400000000000006,456774636701154.562500
0.4011500000000001,0.0228,0.056400000000000006,456774636701154.562500
0.40116000000000007,0.0212,0.055600000000000004,456774636701154.562500
0.40117,0.022000000000000002,0.056400000000000006,456774636701154.562500
0.4011800000000001,0.0204,0.0572,456774636701154.562500
0.40119000000000005,0.0212,0.0548,456774636701154.562500
0.4012000000000001,0.018000000000000002,0.0524,456774636701154.562500
0.40121000000000007,0.0188,0.055600000000000004,456774636701154.562500
0.40122,0.0196,0.0524,456774636701154.562500
0.4012300000000001,0.0236,0.0572,456774636701154.562500
0.40124000000000004,0.0212,0.056400000000000006,456774636701154.562500
0.4012500000000001,0.0236,0.0476,456774636701154.562500
0.40126000000000006,0.0236,0.0492,456774636701154.562500
0.4012700000000001,0.0236,0.053200000000000004,456774636701154.562500
0.4012800000000001,0.022000000000000002,0.056400000000000006,456774636701154.562500
0.40129000000000004,0.0244,0.056400000000000006,456774636701154.562500
0.4013000000000001,0.0228,0.0548,456774636701154.562500
0.40131000000000006,0.0228,0.050800000000000005,456774636701154.562500
0.4013200000000001,0.0236,0.055600000000000004,456774636701154.562500
0.4013300000000001,0.0236,0.050800000000000005,456774636701154.562500
0.40134000000000003,0.0236,0.054,456774636701154.562500
0.4013500000000001,0.0244,0.054,456774636701154.562500
0.40136000000000005,0.0244,0.0548,456774636701154.562500
0.4013700000000001,0.0236,0.0516,456774636701154.562500
0.40138000000000007,0.0236,0.0548,456774636701154.562500
0.40139,0.0204,0.056400000000000006,456774636701154.562500
0.4014000000000001,0.022000000000000002,0.055600000000000004,456774636701154.562500
0.40141000000000004,0.0228,0.0548,456774636701154.562500
0.4014200000000001,0.0204,0.056400000000000006,456774636701154.562500
0.40143000000000006,0.022000000000000002,0.0572,456774636701154.562500
0.40144,0.0204,0.056400000000000006,456774636701154.562500
0.4014500000000001,0.022000000000000002,0.056400000000000006,456774636701154.562500
0.40146000000000004,0.0212,0.056400000000000006,456774636701154.562500
0.4014700000000001,0.0188,0.056400000000000006,456774636701154.562500
0.40148000000000006,0.022000000000000002,0.055600000000000004,456774636701154.562500
0.4014900000000001,0.018000000000000002,0.055600000000000004,456774636701154.562500
0.4015000000000001,0.022000000000000002,0.054,456774636701154.562500
0.40151000000000003,0.022000000000000002,0.055600000000000004,456774636701154.562500
0.4015200000000001,0.0236,0.055600000000000004,456774636701154.562500
0.40153000000000005,0.0204,0.056400000000000006,456774636701154.562500
0.4015400000000001,0.022000000000000002,0.0524,456774636701154.562500
0.4015500000000001,0.0228,0.055600000000000004,456774636701154.562500
0.40156000000000003,0.0212,0.0572,456774636701154.562500
0.4015700000000001,0.0212,0.056400000000000006,456774636701154.562500
0.40158000000000005,0.0244,0.0572,456774636701154.562500
0.4015900000000001,0.0212,0.0572,456774636701154.562500
0.40160000000000007,0.0228,0.056400000000000006,456774636701154.562500
0.40161,0.0244,0.053200000000000004,456774636701154.562500
0.4016200000000001,0.0244,0.0572,456774636701154.562500
0.40163000000000004,0.0228,0.056400000000000006,456774636701154.562500
0.4016400000000001,0.0236,0.0572,456774636701154.562500
0.40165000000000006,0.0244,0.056400000000000006,456774636701154.562500
0.40166000000000013,0.0252,0.058,456774636701154.562500
0.4016700000000001,0.0228,0.0548,456774636701154.562500
0.40168000000000004,0.022000000000000002,0.058,456774636701154.562500
0.4016900000000001,0.0236,0.058,456774636701154.562500
0.40170000000000006,0.0244,0.054,456774636701154.562500
0.4017100000000001,0.0236,0.056400000000000006,456774636701154.562500
0.4017200000000001,0.0236,0.055600000000000004,456774636701154.562500
0.40173000000000003,0.0236,0.054,456774636701154.562500
0.4017400000000001,0.0212,0.0548,456774636701154.562500
0.40175000000000005,0.022000000000000002,0.0548,456774636701154.562500
0.4017600000000001,0.0236,0.058,456774636701154.562500
0.40177000000000007,0.0236,0.0548,456774636701154.562500
0.40178,0.0204,0.0548,456774636701154.562500
0.4017900000000001,0.022000000000000002,0.056400000000000006,456774636701154.562500
0.40180000000000005,0.0228,0.055600000000000004,456774636701154.562500
0.4018100000000001,0.022000000000000002,0.05,456774636701154.562500
0.40182000000000007,0.0204,0.056400000000000006,456774636701154.562500
0.40183,0.0228,0.056400000000000006,456774636701154.562500
0.4018400000000001,0.0212,0.056400000000000006,456774636701154.562500
0.40185000000000004,0.0228,0.056400000000000006,456774636701154.562500
0.4018600000000001,0.0236,0.054,456774636701154.562500
0.40187000000000006,0.0228,0.055600000000000004,456774636701154.562500
0.4018800000000001,0.0244,0.055600000000000004,456774636701154.562500
0.4018900000000001,0.0228,0.056400000000000006,456774636701154.562500
0.40190000000000003,0.0244,0.056400000000000006,456774636701154.562500
0.4019100000000001,0.0236,0.056400000000000006,456774636701154.562500
0.40192000000000005,0.0212,0.055600000000000004,456774636701154.562500
0.4019300000000001,0.0244,0.0548,456774636701154.562500
0.4019400000000001,0.0236,0.056400000000000006,456774636701154.562500
0.40195000000000003,0.0244,0.056400000000000006,456774636701154.562500
0.4019600000000001,0.0252,0.0572,456774636701154.562500
0.40197000000000005,0.0228,0.0572,456774636701154.562500
0.4019800000000001,0.0228,0.0492,456774636701154.562500
0.40199000000000007,0.0236,0.0548,456774636701154.562500
0.402,0.0236,0.054,456774636701154.562500
0.4020100000000001,0.0228,0.053200000000000004,456774636701154.562500
0.40202000000000004,0.0252,0.055600000000000004,456774636701154.562500
0.4020300000000001,0.0228,0.055600000000000004,456774636701154.562500
0.40204000000000006,0.022000000000000002,0.048400000000000006,456774636701154.562500
0.40205,0.0228,0.055600000000000004,456774636701154.562500
0.4020600000000001,0.0228,0.056400000000000006,456774636701154.562500
0.40207000000000004,0.0228,0.056400000000000006,456774636701154.562500
0.4020800000000001,0.022000000000000002,0.056400000000000006,456774636701154.562500
0.40209000000000006,0.022000000000000002,0.056400000000000006,456774636701154.562500
0.4021000000000001,0.0212,0.0548,456774636701154.562500
0.4021100000000001,0.022000000000000002,0.055600000000000004,456774636701154.562500
0.40212000000000003,0.022000000000000002,0.056400000000000006,456774636701154.562500
0.4021300000000001,0.022000000000000002,0.0572,456774636701154.562500
0.40214000000000005,0.022000000000000002,0.0572,456774636701154.562500
0.4021500000000001,0.022000000000000002,0.058,456774636701154.562500
0.4021600000000001,0.0244,0.055600000000000004,456774636701154.562500
0.40217,0.022000000000000002,0.0572,456774636701154.562500
0.4021800000000001,0.0244,0.058,456774636701154.562500
0.40219000000000005,0.0212,0.0548,456774636701154.562500
0.4022000000000001,0.0236,0.054,456774636701154.562500
0.40221000000000007,0.0236,0.050800000000000005,456774636701154.562500
0.40222,0.0236,0.0516,456774636701154.562500
0.4022300000000001,0.022000000000000002,0.056400000000000006,456774636701154.562500
0.40224000000000004,0.0236,0.0476,456774636701154.562500
0.4022500000000001,0.0244,0.0492,456774636701154.562500
0.40226000000000006,0.0244,0.045200000000000004,456774636701154.562500
0.4022700000000001,0.0244,0.0572,456774636701154.562500
0.4022800000000001,0.0244,0.056400000000000006,456774636701154.562500
0.40229000000000004,0.0244,0.0548,456774636701154.562500
0.4023000000000001,0.022000000000000002,0.055600000000000004,456774636701154.562500
0.40231000000000006,0.0244,0.056400000000000006,456774636701154.562500
0.4023200000000001,0.0236,0.054,456774636701154.562500
0.4023300000000001,0.0212,0.0548,456774636701154.562500
0.40234000000000003,0.0228,0.0548,456774636701154.562500
0.4023500000000001,0.0204,0.0572,456774636701154.562500
0.40236000000000005,0.0212,0.054,456774636701154.562500
0.4023700000000001,0.0228,0.053200000000000004,456774636701154.562500
0.40238000000000007,0.022000000000000002,0.056400000000000006,456774636701154.562500
0.40239,0.0228,0.0572,456774636701154.562500
0.4024000000000001,0.0204,0.056400000000000006,456774636701154.562500
0.40241000000000005,0.0212,0.056400000000000006,456774636701154.562500
0.4024200000000001,0.022000000000000002,0.056400000000000006,456774636701154.562500
0.40243000000000007,0.0228,0.0572,456774636701154.562500
0.40244,0.0172,0.056400000000000006,456774636701154.562500
0.4024500000000001,0.0204,0.0548,456774636701154.562500
0.40246000000000004,0.0228,0.055600000000000004,456774636701154.562500
0.4024700000000001,0.0196,0.058,456774636701154.562500
0.40248000000000006,0.022000000000000002,0.0548,456774636701154.562500
0.4024900000000001,0.0228,0.054,456774636701154.562500
0.4025000000000001,0.0228,0.056400000000000006,456774636701154.562500
0.40251000000000003,0.0228,0.055600000000000004,456774636701154.562500
0.4025200000000001,0.0252,0.0548,456774636701154.562500
0.40253000000000005,0.0244,0.055600000000000004,456774636701154.562500
0.4025400000000001,0.022000000000000002,0.056400000000000006,456774636701154.562500
0.4025500000000001,0.0244,0.056400000000000006,456774636701154.562500
0.40256000000000003,0.0212,0.055600000000000004,456774636701154.562500
0.4025700000000001,0.0244,0.054,456774636701154.562500
0.40258000000000005,0.0172,0.056400000000000006,456774636701154.562500
0.4025900000000001,0.0236,0.055600000000000004,456774636701154.562500
0.40260000000000007,0.022000000000000002,0.056400000000000006,456774636701154.562500
0.40261,0.0244,0.056400000000000006,456774636701154.562500
0.4026200000000001,0.022000000000000002,0.0572,456774636701154.562500
0.40263000000000004,0.0228,0.0548,456774636701154.562500
0.4026400000000001,0.0228,0.054,456774636701154.562500
0.40265000000000006,0.0212,0.056400000000000006,456774636701154.562500
0.40266000000000013,0.022000000000000002,0.0572,456774636701154.562500
0.4026700000000001,0.022000000000000002,0.058,456774636701154.562500
0.40268000000000004,0.0236,0.058,456774636701154.562500
0.4026900000000001,0.0228,0.0572,456774636701154.562500
0.40270000000000006,0.0236,0.0524,456774636701154.562500
0.4027100000000001,0.0212,0.055600000000000004,456774636701154.562500
0.4027200000000001,0.0228,0.055600000000000004,456774636701154.562500
0.40273000000000003,0.022000000000000002,0.0516,456774636701154.562500
0.4027400000000001,0.0228,0.054,456774636701154.562500
0.40275000000000005,0.022000000000000002,0.05,456774636701154.562500
0.4027600000000001,0.0212,0.054,456774636701154.562500
0.4027700000000001,0.0228,0.0572,456774636701154.562500
0.40278,0.022000000000000002,0.056400000000000006,456774636701154.562500
0.4027900000000001,0.0228,0.055600000000000004,456774636701154.562500
0.40280000000000005,0.0228,0.058,456774636701154.562500
0.4028100000000001,0.0228,0.056400000000000006,456774636701154.562500
0.40282000000000007,0.0244,0.056400000000000006,456774636701154.562500
0.40283,0.0212,0.0572,456774636701154.562500
0.4028400000000001,0.0252,0.0548,456774636701154.562500
0.40285000000000004,0.0228,0.056400000000000006,456774636701154.562500
0.4028600000000001,0.0228,0.054,456774636701154.562500
0.40287000000000006,0.0244,0.056400000000000006,456774636701154.562500
0.4028800000000001,0.0244,0.0572,456774636701154.562500
0.4028900000000001,0.0244,0.056400000000000006,456774636701154.562500
0.40290000000000004,0.0244,0.0572,456774636701154.562500
0.4029100000000001,0.0236,0.056400000000000006,456774636701154.562500
0.40292000000000006,0.0244,0.053200000000000004,456774636701154.562500
0.4029300000000001,0.0244,0.055600000000000004,456774636701154.562500
0.4029400000000001,0.0228,0.0524,456774636701154.562500
0.40295000000000003,0.022000000000000002,0.054,456774636701154.562500
0.4029600000000001,0.0228,0.05,456774636701154.562500
0.40297000000000005,0.0188,0.056400000000000006,456774636701154.562500
0.4029800000000001,0.022000000000000002,0.056400000000000006,456774636701154.562500
0.40299000000000007,0.0196,0.0548,456774636701154.562500
0.403,0.0228,0.056400000000000006,456774636701154.562500
0.4030100000000001,0.018000000000000002,0.055600000000000004,456774636701154.562500
0.40302000000000004,0.0204,0.055600000000000004,456774636701154.562500
0.4030300000000001,0.0212,0.056400000000000006,456774636701154.562500
0.40304000000000006,0.022000000000000002,0.0548,456774636701154.562500
0.40305,0.0228,0.056400000000000006,456774636701154.562500
0.4030600000000001,0.0228,0.0548,456774636701154.562500
0.40307000000000004,0.022000000000000002,0.0548,456774636701154.562500
0.4030800000000001,0.0196,0.05,456774636701154.562500
0.40309000000000006,0.022000000000000002,0.056400000000000006,456774636701154.562500
0.4031000000000001,0.0204,0.0412,456774636701154.562500
0.4031100000000001,0.0228,0.0572,456774636701154.562500
0.40312000000000003,0.0228,0.055600000000000004,456774636701154.562500
0.4031300000000001,0.0228,0.055600000000000004,456774636701154.562500
0.40314000000000005,0.0228,0.055600000000000004,456774636701154.562500
0.4031500000000001,0.0212,0.0524,456774636701154.562500
0.4031600000000001,0.0228,0.0572,456774636701154.562500
0.40317000000000003,0.0252,0.053200000000000004,456774636701154.562500
0.4031800000000001,0.0252,0.0572,456774636701154.562500
0.40319000000000005,0.026000000000000002,0.046,456774636701154.562500
0.4032000000000001,0.0252,0.056400000000000006,456774636701154.562500
0.40321000000000007,0.0236,0.05,456774636701154.562500
0.40322,0.0244,0.055600000000000004,456774636701154.562500
0.4032300000000001,0.0244,0.055600000000000004,456774636701154.562500
0.40324000000000004,0.0252,0.056400000000000006,456774636701154.562500
0.4032500000000001,0.0212,0.056400000000000006,456774636701154.562500
0.40326000000000006,0.0236,0.055600000000000004,456774636701154.562500
0.40327000000000013,0.022000000000000002,0.055600000000000004,456774636701154.562500
0.4032800000000001,0.0236,0.0572,456774636701154.562500
0.40329000000000004,0.0212,0.054,456774636701154.562500
0.4033000000000001,0.022000000000000002,0.053200000000000004,456774636701154.562500
0.40331000000000006,0.022000000000000002,0.056400000000000006,456774636701154.562500
0.4033200000000001,0.0236,0.05,456774636701154.562500
0.4033300000000001,0.0212,0.054,456774636701154.562500
0.40334000000000003,0.0212,0.053200000000000004,456774636701154.562500
0.4033500000000001,0.022000000000000002,0.0548,456774636701154.562500
0.40336000000000005,0.0228,0.058,456774636701154.562500
0.4033700000000001,0.0228,0.056400000000000006,456774636701154.562500
0.40338000000000007,0.0212,0.055600000000000004,456774636701154.562500
0.40339,0.0228,0.056400000000000006,456774636701154.562500
0.4034000000000001,0.0212,0.055600000000000004,456774636701154.562500
0.40341000000000005,0.0212,0.0572,456774636701154.562500
0.4034200000000001,0.0244,0.0548,456774636701154.562500
0.40343000000000007,0.0244,0.0548,456774636701154.562500
0.40344,0.0236,0.0548,456774636701154.562500
0.4034500000000001,0.026000000000000002,0.053200000000000004,456774636701154.562500
0.40346000000000004,0.0236,0.056400000000000006,456774636701154.562500
0.4034700000000001,0.0252,0.055600000000000004,456774636701154.562500
0.40348000000000006,0.022000000000000002,0.056400000000000006,456774636701154.562500
0.4034900000000001,0.022000000000000002,0.056400000000000006,456774636701154.562500
0.4035000000000001,0.0244,0.055600000000000004,456774636701154.562500
0.40351000000000004,0.0228,0.055600000000000004,456774636701154.562500
0.4035200000000001,0.0244,0.0572,456774636701154.562500
0.40353000000000006,0.0228,0.055600000000000004,456774636701154.562500
0.4035400000000001,0.0244,0.055600000000000004,456774636701154.562500
0.4035500000000001,0.0228,0.055600000000000004,456774636701154.562500
0.40356000000000003,0.0212,0.053200000000000004,456774636701154.562500
0.4035700000000001,0.0188,0.0548,456774636701154.562500
0.40358000000000005,0.0204,0.053200000000000004,456774636701154.562500
0.4035900000000001,0.022000000000000002,0.054,456774636701154.562500
0.40360000000000007,0.0212,0.05,456774636701154.562500
0.40361,0.022000000000000002,0.054,456774636701154.562500
0.4036200000000001,0.022000000000000002,0.0516,456774636701154.562500
0.40363000000000004,0.0236,0.0548,456774636701154.562500
0.4036400000000001,0.0244,0.0492,456774636701154.562500
0.40365000000000006,0.0228,0.054,456774636701154.562500
0.40366,0.0228,0.054,456774636701154.562500
0.4036700000000001,0.0228,0.055600000000000004,456774636701154.562500
0.40368000000000004,0.0196,0.055600000000000004,456774636701154.562500
0.4036900000000001,0.0212,0.053200000000000004,456774636701154.562500
0.40370000000000006,0.0228,0.054,456774636701154.562500
0.4037100000000001,0.022000000000000002,0.05,456774636701154.562500
0.4037200000000001,0.0236,0.0548,456774636701154.562500
0.40373000000000003,0.0228,0.054,456774636701154.562500
0.4037400000000001,0.0252,0.0516,456774636701154.562500
0.40375000000000005,0.0236,0.056400000000000006,456774636701154.562500
0.4037600000000001,0.026000000000000002,0.056400000000000006,456774636701154.562500
0.4037700000000001,0.0244,0.058,456774636701154.562500
0.40378000000000003,0.0236,0.0572,456774636701154.562500
0.4037900000000001,0.0236,0.054,456774636701154.562500
0.40380000000000005,0.0236,0.056400000000000006,456774636701154.562500
0.4038100000000001,0.0228,0.0548,456774636701154.562500
0.40382000000000007,0.0244,0.055600000000000004,456774636701154.562500
0.40383,0.0244,0.055600000000000004,456774636701154.562500
0.4038400000000001,0.0244,0.058,456774636701154.562500
0.40385000000000004,0.0212,0.05,456774636701154.562500
0.4038600000000001,0.0228,0.056400000000000006,456774636701154.562500
0.40387000000000006,0.0236,0.0468,456774636701154.562500
0.40388000000000013,0.022000000000000002,0.048400000000000006,456774636701154.562500
0.4038900000000001,0.0228,0.056400000000000006,456774636701154.562500
0.40390000000000004,0.022000000000000002,0.0492,456774636701154.562500
0.4039100000000001,0.0236,0.056400000000000006,456774636701154.562500
0.40392000000000006,0.0244,0.054,456774636701154.562500
0.4039300000000001,0.0204,0.0492,456774636701154.562500
0.4039400000000001,0.0212,0.0572,456774636701154.562500
0.40395000000000003,0.0196,0.048400000000000006,456774636701154.562500
0.4039600000000001,0.022000000000000002,0.054,456774636701154.562500
0.40397000000000005,0.022000000000000002,0.0524,456774636701154.562500
0.4039800000000001,0.022000000000000002,0.056400000000000006,456774636701154.562500
0.40399000000000007,0.0228,0.0572,456774636701154.562500
0.404,0.0228,0.055600000000000004,456774636701154.562500
0.4040100000000001,0.0212,0.0572,456774636701154.562500
0.40402000000000005,0.022000000000000002,0.056400000000000006,456774636701154.562500
0.4040300000000001,0.022000000000000002,0.0572,456774636701154.562500
0.40404000000000007,0.0212,0.056400000000000006,456774636701154.562500
0.40405,0.0244,0.055600000000000004,456774636701154.562500
0.4040600000000001,0.0252,0.055600000000000004,456774636701154.562500
0.40407000000000004,0.0244,0.056400000000000006,456774636701154.562500
0.4040800000000001,0.0244,0.0516,456774636701154.562500
0.40409000000000006,0.0236,0.0548,456774636701154.562500
0.4041000000000001,0.026000000000000002,0.056400000000000006,456774636701154.562500
0.4041100000000001,0.022000000000000002,0.0548,456774636701154.562500
0.40412000000000003,0.0236,0.050800000000000005,456774636701154.562500
0.4041300000000001,0.0244,0.056400000000000006,456774636701154.562500
0.40414000000000005,0.0244,0.056400000000000006,456774636701154.562500
0.4041500000000001,0.0252,0.055600000000000004,456774636701154.562500
0.4041600000000001,0.0236,0.055600000000000004,456774636701154.562500
0.40417000000000003,0.022000000000000002,0.056400000000000006,456774636701154.562500
0.4041800000000001,0.022000000000000002,0.058,456774636701154.562500
0.40419000000000005,0.0244,0.055600000000000004,456774636701154.562500
0.4042000000000001,0.0228,0.054,456774636701154.562500
0.40421000000000007,0.0228,0.056400000000000006,456774636701154.562500
0.40422,0.022000000000000002,0.0524,456774636701154.562500
0.4042300000000001,0.022000000000000002,0.058,456774636701154.562500
0.40424000000000004,0.0228,0.0548,456774636701154.562500
0.4042500000000001,0.022000000000000002,0.055600000000000004,456774636701154.562500
0.40426000000000006,0.0228,0.053200000000000004,456774636701154.562500
0.40427000000000013,0.0228,0.055600000000000004,456774636701154.562500
0.4042800000000001,0.022000000000000002,0.055600000000000004,456774636701154.562500
0.40429000000000004,0.022000000000000002,0.0548,456774636701154.562500
0.4043000000000001,0.0236,0.055600000000000004,456774636701154.562500
0.40431000000000006,0.022000000000000002,0.055600000000000004,456774636701154.562500
0.4043200000000001,0.0236,0.055600000000000004,456774636701154.562500
0.4043300000000001,0.0228,0.055600000000000004,456774636701154.562500
0.40434000000000003,0.0204,0.0548,456774636701154.562500
0.4043500000000001,0.0236,0.055600000000000004,456774636701154.562500
0.40436000000000005,0.022000000000000002,0.0548,456774636701154.562500
0.4043700000000001,0.0204,0.0516,456774636701154.562500
0.4043800000000001,0.022000000000000002,0.056400000000000006,456774636701154.562500
0.40439,0.0244,0.048400000000000006,456774636701154.562500
0.4044000000000001,0.0244,0.0572,456774636701154.562500
0.40441000000000005,0.0244,0.050800000000000005,456774636701154.562500
0.4044200000000001,0.0236,0.054,456774636701154.562500
0.40443000000000007,0.022000000000000002,0.0524,456774636701154.562500
0.40444,0.0252,0.053200000000000004,456774636701154.562500
0.4044500000000001,0.022000000000000002,0.056400000000000006,456774636701154.562500
0.40446000000000004,0.022000000000000002,0.056400000000000006,456774636701154.562500
0.4044700000000001,0.022000000000000002,0.054,456774636701154.562500
0.40448000000000006,0.022000000000000002,0.056400000000000006,456774636701154.562500
0.4044900000000001,0.0228,0.0524,456774636701154.562500
0.4045000000000001,0.0236,0.0548,456774636701154.562500
0.40451000000000004,0.0204,0.056400000000000006,456774636701154.562500
0.4045200000000001,0.0236,0.056400000000000006,456774636701154.562500
0.40453000000000006,0.0236,0.0524,456774636701154.562500
0.4045400000000001,0.0212,0.056400000000000006,456774636701154.562500
0.4045500000000001,0.0188,0.055600000000000004,456774636701154.562500
0.40456000000000003,0.0204,0.056400000000000006,456774636701154.562500
0.4045700000000001,0.0196,0.055600000000000004,456774636701154.562500
0.40458000000000005,0.022000000000000002,0.055600000000000004,456774636701154.562500
0.4045900000000001,0.022000000000000002,0.056400000000000006,456774636701154.562500
0.40460000000000007,0.0228,0.0572,456774636701154.562500
0.40461,0.0228,0.055600000000000004,456774636701154.562500
0.4046200000000001,0.0228,0.0524,456774636701154.562500
0.40463000000000005,0.022000000000000002,0.055600000000000004,456774636701154.562500
0.4046400000000001,0.0228,0.055600000000000004,456774636701154.562500
0.40465000000000007,0.0228,0.0572,456774636701154.562500
0.40466,0.022000000000000002,0.055600000000000004,456774636701154.562500
0.4046700000000001,0.0244,0.0548,456774636701154.562500
0.40468000000000004,0.0236,0.054,456774636701154.562500
0.4046900000000001,0.022000000000000002,0.055600000000000004,456774636701154.562500
0.40470000000000006,0.0244,0.056400000000000006,456774636701154.562500
0.4047100000000001,0.022000000000000002,0.054,456774636701154.562500
0.4047200000000001,0.0236,0.053200000000000004,456774636701154.562500
0.40473000000000003,0.022000000000000002,0.058,456774636701154.562500
0.4047400000000001,0.0244,0.055600000000000004,456774636701154.562500
0.40475000000000005,0.0244,0.0516,456774636701154.562500
0.4047600000000001,0.0244,0.0548,456774636701154.562500
0.4047700000000001,0.0212,0.0548,456774636701154.562500
0.40478000000000003,0.0236,0.0548,456774636701154.562500
0.4047900000000001,0.0228,0.056400000000000006,456774636701154.562500
0.40480000000000005,0.0228,0.0516,456774636701154.562500
0.4048100000000001,0.022000000000000002,0.0548,456774636701154.562500
0.40482000000000007,0.0212,0.054,456774636701154.562500
0.40483,0.0228,0.0548,456774636701154.562500
0.4048400000000001,0.0212,0.053200000000000004,456774636701154.562500
0.40485000000000004,0.0188,0.0572,456774636701154.562500
0.4048600000000001,0.0212,0.0436,456774636701154.562500
0.40487000000000006,0.0228,0.055600000000000004,456774636701154.562500
0.40488000000000013,0.0196,0.0548,456774636701154.562500
0.4048900000000001,0.0228,0.056400000000000006,456774636701154.562500
0.40490000000000004,0.0204,0.056400000000000006,456774636701154.562500
0.4049100000000001,0.022000000000000002,0.0548,456774636701154.562500
0.40492000000000006,0.022000000000000002,0.056400000000000006,456774636701154.562500
0.4049300000000001,0.0228,0.0572,456774636701154.562500
0.4049400000000001,0.022000000000000002,0.054,456774636701154.562500
0.40495000000000003,0.0236,0.054,456774636701154.562500
0.4049600000000001,0.0204,0.0516,456774636701154.562500
0.40497000000000005,0.0244,0.0548,456774636701154.562500
0.4049800000000001,0.0236,0.054,456774636701154.562500
0.40499000000000007,0.0236,0.055600000000000004,456774636701154.562500
0.405,0.0228,0.053200000000000004,456774636701154.562500
0.4050100000000001,0.0244,0.054,456774636701154.562500
0.40502000000000005,0.0252,0.055600000000000004,456774636701154.562500
0.4050300000000001,0.0244,0.0572,456774636701154.562500
0.40504000000000007,0.0244,0.055600000000000004,456774636701154.562500
0.40505,0.0244,0.0572,456774636701154.562500
0.4050600000000001,0.0244,0.055600000000000004,456774636701154.562500
0.40507000000000004,0.0228,0.055600000000000004,456774636701154.562500
0.4050800000000001,0.026000000000000002,0.055600000000000004,456774636701154.562500
0.40509000000000006,0.026000000000000002,0.054,456774636701154.562500
0.4051000000000001,0.0228,0.0572,456774636701154.562500
0.4051100000000001,0.0228,0.058,456774636701154.562500
0.40512000000000004,0.022000000000000002,0.054,456774636701154.562500
0.4051300000000001,0.0212,0.05,456774636701154.562500
0.40514000000000006,0.022000000000000002,0.055600000000000004,456774636701154.562500
0.4051500000000001,0.022000000000000002,0.055600000000000004,456774636701154.562500
0.4051600000000001,0.0164,0.0524,456774636701154.562500
0.40517000000000003,0.0196,0.056400000000000006,456774636701154.562500
0.4051800000000001,0.0204,0.056400000000000006,456774636701154.562500
0.40519000000000005,0.0204,0.054,456774636701154.562500
0.4052000000000001,0.0228,0.054,456774636701154.562500
0.40521000000000007,0.0236,0.0548,456774636701154.562500
0.40522,0.022000000000000002,0.0572,456774636701154.562500
0.4052300000000001,0.022000000000000002,0.055600000000000004,456774636701154.562500
0.40524000000000004,0.0236,0.055600000000000004,456774636701154.562500
0.4052500000000001,0.0228,0.0516,456774636701154.562500
0.40526000000000006,0.0228,0.056400000000000006,456774636701154.562500
0.40527,0.0244,0.0548,456774636701154.562500
0.4052800000000001,0.0236,0.054,456774636701154.562500
0.40529000000000004,0.0244,0.0548,456774636701154.562500
0.4053000000000001,0.0252,0.0516,456774636701154.562500
0.40531000000000006,0.0244,0.0548,456774636701154.562500
0.4053200000000001,0.0244,0.0516,456774636701154.562500
0.4053300000000001,0.0244,0.0516,456774636701154.562500
0.40534000000000003,0.0244,0.050800000000000005,456774636701154.562500
0.4053500000000001,0.0228,0.0548,456774636701154.562500
0.40536000000000005,0.0228,0.0516,456774636701154.562500
0.4053700000000001,0.0228,0.0492,456774636701154.562500
0.4053800000000001,0.022000000000000002,0.055600000000000004,456774636701154.562500
0.40539000000000003,0.0228,0.056400000000000006,456774636701154.562500
0.4054000000000001,0.0172,0.054,456774636701154.562500
0.40541000000000005,0.0204,0.055600000000000004,456774636701154.562500
0.4054200000000001,0.022000000000000002,0.050800000000000005,456774636701154.562500
0.40543000000000007,0.0236,0.055600000000000004,456774636701154.562500
0.40544,0.0212,0.056400000000000006,456774636701154.562500
0.4054500000000001,0.0196,0.056400000000000006,456774636701154.562500
0.40546000000000004,0.0228,0.0524,456774636701154.562500
0.4054700000000001,0.0204,0.056400000000000006,456774636701154.562500
0.40548000000000006,0.0236,0.055600000000000004,456774636701154.562500
0.40549000000000013,0.0212,0.058,456774636701154.562500
0.4055000000000001,0.0228,0.0548,456774636701154.562500
0.40551000000000004,0.022000000000000002,0.055600000000000004,456774636701154.562500
0.4055200000000001,0.0228,0.0572,456774636701154.562500
0.40553000000000006,0.0236,0.0548,456774636701154.562500
0.4055400000000001,0.022000000000000002,0.0548,456774636701154.562500
0.4055500000000001,0.022000000000000002,0.056400000000000006,456774636701154.562500
0.40556000000000003,0.0228,0.056400000000000006,456774636701154.562500
0.4055700000000001,0.022000000000000002,0.0572,456774636701154.562500
0.40558000000000005,0.0228,0.0492,456774636701154.562500
0.4055900000000001,0.0252,0.054,456774636701154.562500
0.40560000000000007,0.0236,0.0516,456774636701154.562500
0.40561,0.0244,0.053200000000000004,456774636701154.562500
0.4056200000000001,0.0188,0.05,456774636701154.562500
0.40563000000000005,0.0236,0.0548,456774636701154.562500
0.4056400000000001,0.0236,0.054,456774636701154.562500
0.40565000000000007,0.0244,0.0548,456774636701154.562500
0.40566,0.0244,0.054,456774636701154.562500
0.4056700000000001,0.0236,0.056400000000000006,456774636701154.562500
0.40568000000000004,0.0228,0.0548,456774636701154.562500
0.4056900000000001,0.0228,0.056400000000000006,456774636701154.562500
0.40570000000000006,0.022000000000000002,0.0516,456774636701154.562500
0.4057100000000001,0.0236,0.0548,456774636701154.562500
0.4057200000000001,0.0236,0.055600000000000004,456774636701154.562500
0.40573000000000004,0.0236,0.0492,456774636701154.562500
0.4057400000000001,0.0204,0.056400000000000006,456774636701154.562500
0.40575000000000006,0.0212,0.055600000000000004,456774636701154.562500
0.4057600000000001,0.0212,0.055600000000000004,456774636701154.562500
0.4057700000000001,0.0236,0.055600000000000004,456774636701154.562500
0.40578000000000003,0.0212,0.0524,456774636701154.562500
0.4057900000000001,0.0228,0.054,456774636701154.562500
0.40580000000000005,0.0228,0.054,456774636701154.562500
0.4058100000000001,0.0236,0.055600000000000004,456774636701154.562500
0.40582000000000007,0.022000000000000002,0.055600000000000004,456774636701154.562500
0.40583,0.0212,0.054,456774636701154.562500
0.4058400000000001,0.0188,0.054,456774636701154.562500
0.40585000000000004,0.0236,0.045200000000000004,456774636701154.562500
0.4058600000000001,0.0236,0.048400000000000006,456774636701154.562500
0.40587000000000006,0.0236,0.055600000000000004,456774636701154.562500
0.40588000000000013,0.0236,0.056400000000000006,456774636701154.562500
0.4058900000000001,0.0236,0.0524,456774636701154.562500
0.40590000000000004,0.0244,0.056400000000000006,456774636701154.562500
0.4059100000000001,0.0244,0.0524,456774636701154.562500
0.40592000000000006,0.0268,0.055600000000000004,456774636701154.562500
0.4059300000000001,0.0244,0.055600000000000004,456774636701154.562500
0.4059400000000001,0.0244,0.055600000000000004,456774636701154.562500
0.40595000000000003,0.0228,0.05,456774636701154.562500
0.4059600000000001,0.0228,0.056400000000000006,456774636701154.562500
0.40597000000000005,0.022000000000000002,0.056400000000000006,456774636701154.562500
0.4059800000000001,0.0236,0.055600000000000004,456774636701154.562500
0.4059900000000001,0.0228,0.0572,456774636701154.562500
0.406,0.0228,0.055600000000000004,456774636701154.562500
0.4060100000000001,0.022000000000000002,0.055600000000000004,456774636701154.562500
0.40602000000000005,0.0212,0.0548,456774636701154.562500
0.4060300000000001,0.0228,0.0572,456774636701154.562500
0.40604000000000007,0.0188,0.054,456774636701154.562500
0.40605,0.0212,0.055600000000000004,456774636701154.562500
0.4060600000000001,0.0228,0.0524,456774636701154.562500
0.40607000000000004,0.0236,0.055600000000000004,456774636701154.562500
0.4060800000000001,0.022000000000000002,0.054,456774636701154.562500
0.40609000000000006,0.0196,0.055600000000000004,456774636701154.562500
0.4061000000000001,0.0236,0.055600000000000004,456774636701154.562500
0.4061100000000001,0.0204,0.055600000000000004,456774636701154.562500
0.40612000000000004,0.0228,0.054,456774636701154.562500
0.4061300000000001,0.0236,0.054,456774636701154.562500
0.40614000000000006,0.022000000000000002,0.0524,456774636701154.562500
0.4061500000000001,0.0212,0.0516,456774636701154.562500
0.4061600000000001,0.0204,0.0548,456774636701154.562500
0.40617000000000003,0.0236,0.055600000000000004,456774636701154.562500
0.4061800000000001,0.0244,0.056400000000000006,456774636701154.562500
0.40619000000000005,0.0244,0.053200000000000004,456774636701154.562500
0.4062000000000001,0.0252,0.054,456774636701154.562500
0.40621000000000007,0.0236,0.055600000000000004,456774636701154.562500
0.40622,0.0252,0.05,456774636701154.562500
0.4062300000000001,0.0252,0.0516,456774636701154.562500
0.40624000000000005,0.0228,0.055600000000000004,456774636701154.562500
0.4062500000000001,0.0228,0.054,456774636701154.562500
0.40626000000000007,0.0244,0.0572,456774636701154.562500
0.40627,0.022000000000000002,0.0548,456774636701154.562500
0.4062800000000001,0.022000000000000002,0.0548,456774636701154.562500
0.40629000000000004,0.022000000000000002,0.054,456774636701154.562500
0.4063000000000001,0.0244,0.055600000000000004,456774636701154.562500
0.40631000000000006,0.0212,0.058,456774636701154.562500
0.4063200000000001,0.022000000000000002,0.056400000000000006,456774636701154.562500
0.4063300000000001,0.022000000000000002,0.0524,456774636701154.562500
0.40634000000000003,0.0228,0.0548,456774636701154.562500
0.4063500000000001,0.022000000000000002,0.045200000000000004,456774636701154.562500
0.40636000000000005,0.022000000000000002,0.0572,456774636701154.562500
0.4063700000000001,0.0228,0.0476,456774636701154.562500
0.4063800000000001,0.0228,0.0548,456774636701154.562500
0.40639000000000003,0.0228,0.053200000000000004,456774636701154.562500
0.4064000000000001,0.022000000000000002,0.055600000000000004,456774636701154.562500
0.40641000000000005,0.0212,0.056400000000000006,456774636701154.562500
0.4064200000000001,0.0228,0.056400000000000006,456774636701154.562500
0.40643000000000007,0.0228,0.0572,456774636701154.562500
0.40644,0.0204,0.056400000000000006,456774636701154.562500
0.4064500000000001,0.0212,0.055600000000000004,456774636701154.562500
0.40646000000000004,0.022000000000000002,0.056400000000000006,456774636701154.562500
0.4064700000000001,0.0236,0.0548,456774636701154.562500
0.40648000000000006,0.0244,0.054,456774636701154.562500
0.40649000000000013,0.0236,0.053200000000000004,456774636701154.562500
0.4065000000000001,0.0244,0.055600000000000004,456774636701154.562500
0.40651000000000004,0.0244,0.056400000000000006,456774636701154.562500
0.4065200000000001,0.0244,0.0516,456774636701154.562500
0.40653000000000006,0.0252,0.0524,456774636701154.562500
0.4065400000000001,0.026000000000000002,0.0548,456774636701154.562500
0.4065500000000001,0.0252,0.053200000000000004,456774636701154.562500
0.40656000000000003,0.0236,0.056400000000000006,456774636701154.562500
0.4065700000000001,0.022000000000000002,0.0572,456774636701154.562500
0.40658000000000005,0.0236,0.056400000000000006,456774636701154.562500
0.4065900000000001,0.022000000000000002,0.054,456774636701154.562500
0.4066000000000001,0.022000000000000002,0.054,456774636701154.562500
0.40661,0.0228,0.055600000000000004,456774636701154.562500
0.4066200000000001,0.022000000000000002,0.054,456774636701154.562500
0.40663000000000005,0.0204,0.0572,456774636701154.562500
0.4066400000000001,0.022000000000000002,0.056400000000000006,456774636701154.562500
0.40665000000000007,0.0236,0.0572,456774636701154.562500
0.40666,0.0228,0.054,456774636701154.562500
0.4066700000000001,0.0188,0.0572,456774636701154.562500
0.40668000000000004,0.0212,0.054,456774636701154.562500
0.4066900000000001,0.022000000000000002,0.056400000000000006,456774636701154.562500
0.40670000000000006,0.0196,0.056400000000000006,456774636701154.562500
0.4067100000000001,0.022000000000000002,0.055600000000000004,456774636701154.562500
0.4067200000000001,0.022000000000000002,0.055600000000000004,456774636701154.562500
0.40673000000000004,0.022000000000000002,0.050800000000000005,456774636701154.562500
0.4067400000000001,0.0204,0.0548,456774636701154.562500
0.40675000000000006,0.022000000000000002,0.0548,456774636701154.562500
0.4067600000000001,0.0204,0.055600000000000004,456774636701154.562500
0.4067700000000001,0.0228,0.056400000000000006,456774636701154.562500
0.40678000000000003,0.022000000000000002,0.055600000000000004,456774636701154.562500
0.4067900000000001,0.0212,0.053200000000000004,456774636701154.562500
0.40680000000000005,0.0236,0.0548,456774636701154.562500
0.4068100000000001,0.0252,0.048400000000000006,456774636701154.562500
0.40682000000000007,0.0244,0.050800000000000005,456774636701154.562500
0.40683,0.0236,0.055600000000000004,456774636701154.562500
0.4068400000000001,0.0244,0.056400000000000006,456774636701154.562500
0.40685000000000004,0.0228,0.054,456774636701154.562500
0.4068600000000001,0.022000000000000002,0.055600000000000004,456774636701154.562500
0.40687000000000006,0.0244,0.053200000000000004,456774636701154.562500
0.40688,0.0228,0.0548,456774636701154.562500
0.4068900000000001,0.0236,0.055600000000000004,456774636701154.562500
0.40690000000000004,0.022000000000000002,0.054,456774636701154.562500
0.4069100000000001,0.0212,0.0572,456774636701154.562500
0.40692000000000006,0.0236,0.056400000000000006,456774636701154.562500
0.4069300000000001,0.022000000000000002,0.053200000000000004,456774636701154.562500
0.4069400000000001,0.022000000000000002,0.0548,456774636701154.562500
0.40695000000000003,0.0228,0.0548,456774636701154.562500
0.4069600000000001,0.0212,0.055600000000000004,456774636701154.562500
0.40697000000000005,0.022000000000000002,0.056400000000000006,456774636701154.562500
0.4069800000000001,0.0236,0.055600000000000004,456774636701154.562500
0.4069900000000001,0.0212,0.055600000000000004,456774636701154.562500
0.40700000000000003,0.0212,0.056400000000000006,456774636701154.562500
0.4070100000000001,0.022000000000000002,0.056400000000000006,456774636701154.562500
0.40702000000000005,0.022000000000000002,0.0548,456774636701154.562500
0.4070300000000001,0.022000000000000002,0.0524,456774636701154.562500
0.40704000000000007,0.0228,0.056400000000000006,456774636701154.562500
0.40705,0.0244,0.0516,456774636701154.562500
0.4070600000000001,0.018000000000000002,0.054,456774636701154.562500
0.40707000000000004,0.0204,0.055600000000000004,456774636701154.562500
0.4070800000000001,0.022000000000000002,0.0516,456774636701154.562500
0.40709000000000006,0.0236,0.055600000000000004,456774636701154.562500
0.40710000000000013,0.0244,0.053200000000000004,456774636701154.562500
0.4071100000000001,0.026000000000000002,0.055600000000000004,456774636701154.562500
0.40712000000000004,0.0244,0.054,456774636701154.562500
0.4071300000000001,0.0252,0.0524,456774636701154.562500
0.40714000000000006,0.0236,0.055600000000000004,456774636701154.562500
0.4071500000000001,0.0228,0.0516,456774636701154.562500
0.4071600000000001,0.022000000000000002,0.0548,456774636701154.562500
0.40717000000000003,0.0252,0.055600000000000004,456774636701154.562500
0.4071800000000001,0.0228,0.0548,456774636701154.562500
0.40719000000000005,0.0212,0.0492,456774636701154.562500
0.4072000000000001,0.0236,0.0548,456774636701154.562500
0.40721000000000007,0.0236,0.056400000000000006,456774636701154.562500
0.40722,0.022000000000000002,0.055600000000000004,456774636701154.562500
0.4072300000000001,0.0228,0.055600000000000004,456774636701154.562500
0.40724000000000005,0.0212,0.056400000000000006,456774636701154.562500
0.4072500000000001,0.022000000000000002,0.054,456774636701154.562500
0.40726000000000007,0.0228,0.0524,456774636701154.562500
0.40727,0.0228,0.058,456774636701154.562500
0.4072800000000001,0.0228,0.0468,456774636701154.562500
0.40729000000000004,0.0236,0.0516,456774636701154.562500
0.4073000000000001,0.0228,0.0548,456774636701154.562500
0.40731000000000006,0.022000000000000002,0.0572,456774636701154.562500
0.4073200000000001,0.022000000000000002,0.054,456774636701154.562500
0.4073300000000001,0.0236,0.0572,456774636701154.562500
0.40734000000000004,0.0236,0.0516,456774636701154.562500
0.4073500000000001,0.022000000000000002,0.056400000000000006,456774636701154.562500
0.40736000000000006,0.022000000000000002,0.0548,456774636701154.562500
0.4073700000000001,0.022000000000000002,0.0548,456774636701154.562500
0.4073800000000001,0.0228,0.054,456774636701154.562500
0.40739000000000003,0.0236,0.0476,456774636701154.562500
0.4074000000000001,0.022000000000000002,0.0572,456774636701154.562500
0.40741000000000005,0.0228,0.048400000000000006,456774636701154.562500
0.4074200000000001,0.0244,0.054,456774636701154.562500
0.40743000000000007,0.022000000000000002,0.056400000000000006,456774636701154.562500
0.40744,0.0252,0.055600000000000004,456774636701154.562500
0.4074500000000001,0.0244,0.0548,456774636701154.562500
0.40746000000000004,0.0204,0.054,456774636701154.562500
0.4074700000000001,0.0252,0.0524,456774636701154.562500
0.40748000000000006,0.0244,0.0548,456774636701154.562500
0.40749,0.0228,0.055600000000000004,456774636701154.562500
0.4075000000000001,0.0236,0.0524,456774636701154.562500
0.40751000000000004,0.0236,0.0572,456774636701154.562500
0.4075200000000001,0.0244,0.055600000000000004,456774636701154.562500
0.40753000000000006,0.0236,0.056400000000000006,456774636701154.562500
0.4075400000000001,0.0228,0.0548,456774636701154.562500
0.4075500000000001,0.022000000000000002,0.053200000000000004,456774636701154.562500
0.40756000000000003,0.0212,0.053200000000000004,456774636701154.562500
0.4075700000000001,0.0236,0.0524,456774636701154.562500
0.40758000000000005,0.0228,0.056400000000000006,456774636701154.562500
0.4075900000000001,0.022000000000000002,0.055600000000000004,456774636701154.562500
0.4076000000000001,0.022000000000000002,0.0524,456774636701154.562500
0.40761000000000003,0.022000000000000002,0.056400000000000006,456774636701154.562500
0.4076200000000001,0.0196,0.05,456774636701154.562500
0.40763000000000005,0.022000000000000002,0.056400000000000006,456774636701154.562500
0.4076400000000001,0.022000000000000002,0.050800000000000005,456774636701154.562500
0.40765000000000007,0.022000000000000002,0.0492,456774636701154.562500
0.40766,0.0228,0.0516,456774636701154.562500
0.4076700000000001,0.0228,0.046,456774636701154.562500
0.40768000000000004,0.022000000000000002,0.050800000000000005,456774636701154.562500
0.4076900000000001,0.0236,0.055600000000000004,456774636701154.562500
0.40770000000000006,0.0244,0.0548,456774636701154.562500
0.40771000000000013,0.0212,0.055600000000000004,456774636701154.562500
0.4077200000000001,0.0228,0.0548,456774636701154.562500
0.40773000000000004,0.0204,0.055600000000000004,456774636701154.562500
0.4077400000000001,0.0244,0.0572,456774636701154.562500
0.40775000000000006,0.022000000000000002,0.056400000000000006,456774636701154.562500
0.4077600000000001,0.0244,0.054,456774636701154.562500
0.4077700000000001,0.0244,0.055600000000000004,456774636701154.562500
0.40778000000000003,0.0236,0.0572,456774636701154.562500
0.4077900000000001,0.0236,0.0548,456774636701154.562500
0.40780000000000005,0.0244,0.055600000000000004,456774636701154.562500
0.4078100000000001,0.0236,0.055600000000000004,456774636701154.562500
0.40782000000000007,0.0228,0.058,456774636701154.562500
0.40783,0.0228,0.0548,456774636701154.562500
0.4078400000000001,0.022000000000000002,0.05,456774636701154.562500
0.40785000000000005,0.0228,0.054,456774636701154.562500
0.4078600000000001,0.0228,0.055600000000000004,456774636701154.562500
0.40787000000000007,0.0212,0.056400000000000006,456774636701154.562500
0.40788,0.0196,0.056400000000000006,456774636701154.562500
0.4078900000000001,0.0196,0.056400000000000006,456774636701154.562500
0.40790000000000004,0.022000000000000002,0.056400000000000006,456774636701154.562500
0.4079100000000001,0.0228,0.053200000000000004,456774636701154.562500
0.40792000000000006,0.0228,0.0572,456774636701154.562500
0.4079300000000001,0.022000000000000002,0.0468,456774636701154.562500
0.4079400000000001,0.0204,0.055600000000000004,456774636701154.562500
0.40795000000000003,0.0236,0.0516,456774636701154.562500
0.4079600000000001,0.022000000000000002,0.0548,456774636701154.562500
0.40797000000000005,0.0228,0.046,456774636701154.562500
0.4079800000000001,0.0236,0.0548,456774636701154.562500
0.4079900000000001,0.0228,0.055600000000000004,456774636701154.562500
0.40800000000000003,0.0236,0.056400000000000006,456774636701154.562500
0.4080100000000001,0.0244,0.056400000000000006,456774636701154.562500
0.40802000000000005,0.0236,0.054,456774636701154.562500
0.4080300000000001,0.0236,0.053200000000000004,456774636701154.562500
0.40804000000000007,0.0244,0.054,456774636701154.562500
0.40805,0.0236,0.056400000000000006,456774636701154.562500
0.4080600000000001,0.0236,0.0524,456774636701154.562500
0.40807000000000004,0.0244,0.056400000000000006,456774636701154.562500
0.4080800000000001,0.0228,0.055600000000000004,456774636701154.562500
0.40809000000000006,0.0236,0.055600000000000004,456774636701154.562500
0.40810000000000013,0.0228,0.056400000000000006,456774636701154.562500
0.4081100000000001,0.0228,0.055600000000000004,456774636701154.562500
0.40812000000000004,0.022000000000000002,0.058,456774636701154.562500
0.4081300000000001,0.0236,0.0548,456774636701154.562500
0.40814000000000006,0.022000000000000002,0.056400000000000006,456774636701154.562500
0.4081500000000001,0.022000000000000002,0.054,456774636701154.562500
0.4081600000000001,0.0236,0.056400000000000006,456774636701154.562500
0.40817000000000003,0.0228,0.054,456774636701154.562500
0.4081800000000001,0.022000000000000002,0.055600000000000004,456774636701154.562500
0.40819000000000005,0.022000000000000002,0.053200000000000004,456774636701154.562500
0.4082000000000001,0.0196,0.053200000000000004,456774636701154.562500
0.4082100000000001,0.0196,0.055600000000000004,456774636701154.562500
0.40822,0.0212,0.0548,456774636701154.562500
0.4082300000000001,0.022000000000000002,0.056400000000000006,456774636701154.562500
0.40824000000000005,0.0204,0.055600000000000004,456774636701154.562500
0.4082500000000001,0.022000000000000002,0.0572,456774636701154.562500
0.40826000000000007,0.0228,0.055600000000000004,456774636701154.562500
0.40827,0.0236,0.055600000000000004,456774636701154.562500
0.4082800000000001,0.0228,0.0548,456774636701154.562500
0.40829000000000004,0.0228,0.056400000000000006,456774636701154.562500
0.4083000000000001,0.0212,0.055600000000000004,456774636701154.562500
0.40831000000000006,0.0228,0.050800000000000005,456774636701154.562500
0.4083200000000001,0.0244,0.055600000000000004,456774636701154.562500
0.4083300000000001,0.0236,0.055600000000000004,456774636701154.562500
0.40834000000000004,0.0236,0.0548,456774636701154.562500
0.4083500000000001,0.022000000000000002,0.0476,456774636701154.562500
0.40836000000000006,0.0236,0.056400000000000006,456774636701154.562500
0.4083700000000001,0.0236,0.056400000000000006,456774636701154.562500
0.4083800000000001,0.0252,0.0548,456774636701154.562500
0.40839000000000003,0.0252,0.055600000000000004,456774636701154.562500
0.4084000000000001,0.0244,0.0572,456774636701154.562500
0.40841000000000005,0.0228,0.056400000000000006,456774636701154.562500
0.4084200000000001,0.0244,0.056400000000000006,456774636701154.562500
0.40843000000000007,0.0228,0.056400000000000006,456774636701154.562500
0.40844,0.0236,0.055600000000000004,456774636701154.562500
0.4084500000000001,0.0236,0.056400000000000006,456774636701154.562500
0.40846000000000005,0.0228,0.056400000000000006,456774636701154.562500
0.4084700000000001,0.0228,0.0524,456774636701154.562500
0.40848000000000007,0.022000000000000002,0.056400000000000006,456774636701154.562500
0.40849,0.022000000000000002,0.0516,456774636701154.562500
0.4085000000000001,0.022000000000000002,0.054,456774636701154.562500
0.40851000000000004,0.0228,0.053200000000000004,456774636701154.562500
0.4085200000000001,0.0236,0.055600000000000004,456774636701154.562500
0.40853000000000006,0.022000000000000002,0.0548,456774636701154.562500
0.4085400000000001,0.0236,0.056400000000000006,456774636701154.562500
0.4085500000000001,0.022000000000000002,0.0548,456774636701154.562500
0.40856000000000003,0.0204,0.056400000000000006,456774636701154.562500
0.4085700000000001,0.0204,0.055600000000000004,456774636701154.562500
0.40858000000000005,0.022000000000000002,0.0572,456774636701154.562500
0.4085900000000001,0.0228,0.0572,456774636701154.562500
0.4086000000000001,0.0212,0.054,456774636701154.562500
0.40861000000000003,0.0212,0.056400000000000006,456774636701154.562500
0.4086200000000001,0.0236,0.0572,456774636701154.562500
0.40863000000000005,0.0204,0.05,456774636701154.562500
0.4086400000000001,0.0228,0.0548,456774636701154.562500
0.40865000000000007,0.0204,0.056400000000000006,456774636701154.562500
0.40866,0.022000000000000002,0.058,456774636701154.562500
0.4086700000000001,0.0228,0.055600000000000004,456774636701154.562500
0.40868000000000004,0.0228,0.055600000000000004,456774636701154.562500
0.4086900000000001,0.0236,0.055600000000000004,456774636701154.562500
0.40870000000000006,0.0236,0.054,456774636701154.562500
0.40871000000000013,0.0244,0.055600000000000004,456774636701154.562500
0.4087200000000001,0.0236,0.056400000000000006,456774636701154.562500
0.40873000000000004,0.0244,0.055600000000000004,456774636701154.562500
0.4087400000000001,0.0228,0.0516,456774636701154.562500
0.40875000000000006,0.022000000000000002,0.0548,456774636701154.562500
0.4087600000000001,0.022000000000000002,0.054,456774636701154.562500
0.4087700000000001,0.0228,0.056400000000000006,456774636701154.562500
0.40878000000000003,0.0204,0.0548,456774636701154.562500
0.4087900000000001,0.0228,0.056400000000000006,456774636701154.562500
0.40880000000000005,0.0236,0.053200000000000004,456774636701154.562500
0.4088100000000001,0.0204,0.054,456774636701154.562500
0.40882000000000007,0.0212,0.055600000000000004,456774636701154.562500
0.40883,0.0188,0.056400000000000006,456774636701154.562500
0.4088400000000001,0.0212,0.056400000000000006,456774636701154.562500
0.40885000000000005,0.022000000000000002,0.056400000000000006,456774636701154.562500
0.4088600000000001,0.0228,0.053200000000000004,456774636701154.562500
0.40887000000000007,0.0212,0.055600000000000004,456774636701154.562500
0.40888,0.0228,0.0548,456774636701154.562500
0.4088900000000001,0.0236,0.056400000000000006,456774636701154.562500
0.40890000000000004,0.0212,0.054,456774636701154.562500
0.4089100000000001,0.0236,0.056400000000000006,456774636701154.562500
0.40892000000000006,0.0228,0.056400000000000006,456774636701154.562500
0.4089300000000001,0.0228,0.0548,456774636701154.562500
0.4089400000000001,0.0228,0.053200000000000004,456774636701154.562500
0.40895000000000004,0.022000000000000002,0.055600000000000004,456774636701154.562500
0.4089600000000001,0.0228,0.056400000000000006,456774636701154.562500
0.40897000000000006,0.0228,0.056400000000000006,456774636701154.562500
0.4089800000000001,0.0252,0.055600000000000004,456774636701154.562500
0.4089900000000001,0.0236,0.055600000000000004,456774636701154.562500
0.40900000000000003,0.0236,0.055600000000000004,456774636701154.562500
0.4090100000000001,0.0236,0.056400000000000006,456774636701154.562500
0.40902000000000005,0.022000000000000002,0.0548,456774636701154.562500
0.4090300000000001,0.022000000000000002,0.0572,456774636701154.562500
0.40904000000000007,0.022000000000000002,0.056400000000000006,456774636701154.562500
0.40905,0.0236,0.055600000000000004,456774636701154.562500
0.4090600000000001,0.0228,0.056400000000000006,456774636701154.562500
0.40907000000000004,0.0228,0.053200000000000004,456774636701154.562500
0.4090800000000001,0.0228,0.0548,456774636701154.562500
0.40909000000000006,0.0228,0.055600000000000004,456774636701154.562500
0.4091,0.0196,0.056400000000000006,456774636701154.562500
0.4091100000000001,0.0212,0.056400000000000006,456774636701154.562500
0.40912000000000004,0.022000000000000002,0.056400000000000006,456774636701154.562500
0.4091300000000001,0.022000000000000002,0.055600000000000004,456774636701154.562500
0.40914000000000006,0.0228,0.056400000000000006,456774636701154.562500
0.4091500000000001,0.0204,0.056400000000000006,456774636701154.562500
0.4091600000000001,0.022000000000000002,0.0572,456774636701154.562500
0.40917000000000003,0.022000000000000002,0.055600000000000004,456774636701154.562500
0.4091800000000001,0.0228,0.055600000000000004,456774636701154.562500
0.40919000000000005,0.022000000000000002,0.058,456774636701154.562500
0.4092000000000001,0.0212,0.0548,456774636701154.562500
0.4092100000000001,0.0228,0.055600000000000004,456774636701154.562500
0.40922000000000003,0.022000000000000002,0.0572,456774636701154.562500
0.4092300000000001,0.0228,0.0572,456774636701154.562500
0.40924000000000005,0.0196,0.055600000000000004,456774636701154.562500
0.4092500000000001,0.0212,0.0516,456774636701154.562500
0.40926000000000007,0.0252,0.058,456774636701154.562500
0.40927,0.0252,0.056400000000000006,456774636701154.562500
0.4092800000000001,0.0244,0.0548,456774636701154.562500
0.40929000000000004,0.0244,0.0572,456774636701154.562500
0.4093000000000001,0.0236,0.056400000000000006,456774636701154.562500
0.40931000000000006,0.0236,0.054,456774636701154.562500
0.40932000000000013,0.0228,0.056400000000000006,456774636701154.562500
0.4093300000000001,0.0228,0.0548,456774636701154.562500
0.40934000000000004,0.0228,0.0572,456774636701154.562500
0.4093500000000001,0.0236,0.055600000000000004,456774636701154.562500
0.40936000000000006,0.0228,0.055600000000000004,456774636701154.562500
0.4093700000000001,0.0228,0.058,456774636701154.562500
0.4093800000000001,0.0212,0.055600000000000004,456774636701154.562500
0.40939000000000003,0.0228,0.058,456774636701154.562500
0.4094000000000001,0.0228,0.056400000000000006,456774636701154.562500
0.40941000000000005,0.0196,0.054,456774636701154.562500
0.4094200000000001,0.0196,0.054,456774636701154.562500
0.40943000000000007,0.022000000000000002,0.0572,456774636701154.562500
0.40944,0.0204,0.050800000000000005,456774636701154.562500
0.4094500000000001,0.022000000000000002,0.058,456774636701154.562500
0.40946000000000005,0.022000000000000002,0.055600000000000004,456774636701154.562500
0.4094700000000001,0.0228,0.055600000000000004,456774636701154.562500
0.40948000000000007,0.022000000000000002,0.053200000000000004,456774636701154.562500
0.40949,0.0228,0.046,456774636701154.562500
0.4095000000000001,0.0228,0.042800000000000005,456774636701154.562500
0.40951000000000004,0.0228,0.0516,456774636701154.562500
0.4095200000000001,0.022000000000000002,0.0492,456774636701154.562500
0.40953000000000006,0.0236,0.055600000000000004,456774636701154.562500
0.4095400000000001,0.0244,0.055600000000000004,456774636701154.562500
0.4095500000000001,0.0252,0.0572,456774636701154.562500
0.40956000000000004,0.0244,0.058,456774636701154.562500
0.4095700000000001,0.0228,0.053200000000000004,456774636701154.562500
0.40958000000000006,0.0236,0.046,456774636701154.562500
0.4095900000000001,0.0212,0.050800000000000005,456774636701154.562500
0.4096000000000001,0.0244,0.050800000000000005,456774636701154.562500
0.40961000000000003,0.0244,0.0548,456774636701154.562500
0.4096200000000001,0.0212,0.055600000000000004,456774636701154.562500
0.40963000000000005,0.0212,0.054,456774636701154.562500
0.4096400000000001,0.022000000000000002,0.056400000000000006,456774636701154.562500
0.40965000000000007,0.0228,0.0524,456774636701154.562500
0.40966,0.022000000000000002,0.056400000000000006,456774636701154.562500
0.4096700000000001,0.022000000000000002,0.056400000000000006,456774636701154.562500
0.40968000000000004,0.0228,0.046,456774636701154.562500
0.4096900000000001,0.0228,0.056400000000000006,456774636701154.562500
0.40970000000000006,0.0244,0.0436,456774636701154.562500
0.40971000000000013,0.022000000000000002,0.0548,456774636701154.562500
0.4097200000000001,0.0228,0.055600000000000004,456774636701154.562500
0.40973000000000004,0.0212,0.0516,456774636701154.562500
0.4097400000000001,0.0204,0.054,456774636701154.562500
0.40975000000000006,0.0212,0.056400000000000006,456774636701154.562500
0.4097600000000001,0.0236,0.053200000000000004,456774636701154.562500
0.4097700000000001,0.0212,0.056400000000000006,456774636701154.562500
0.40978000000000003,0.022000000000000002,0.0548,456774636701154.562500
0.4097900000000001,0.0228,0.054,456774636701154.562500
0.40980000000000005,0.0228,0.0516,456774636701154.562500
0.4098100000000001,0.0236,0.0572,456774636701154.562500
0.4098200000000001,0.0212,0.055600000000000004,456774636701154.562500
0.40983,0.022000000000000002,0.0572,456774636701154.562500
0.4098400000000001,0.0228,0.055600000000000004,456774636701154.562500
0.40985000000000005,0.022000000000000002,0.054,456774636701154.562500
0.4098600000000001,0.0236,0.054,456774636701154.562500
0.40987000000000007,0.0252,0.056400000000000006,456774636701154.562500
0.40988,0.0236,0.0524,456774636701154.562500
0.4098900000000001,0.0236,0.058,456774636701154.562500
0.40990000000000004,0.0236,0.055600000000000004,456774636701154.562500
0.4099100000000001,0.0252,0.056400000000000006,456774636701154.562500
0.40992000000000006,0.0244,0.0572,456774636701154.562500
0.4099300000000001,0.0212,0.045200000000000004,456774636701154.562500
0.4099400000000001,0.0228,0.0476,456774636701154.562500
0.40995000000000004,0.0244,0.0516,456774636701154.562500
0.4099600000000001,0.022000000000000002,0.056400000000000006,456774636701154.562500
0.40997000000000006,0.0228,0.0572,456774636701154.562500
0.4099800000000001,0.0212,0.0548,456774636701154.562500
0.4099900000000001,0.0196,0.055600000000000004,456774636701154.562500
0.41000000000000003,0.0228,0.056400000000000006,456774636701154.562500
0.4100100000000001,0.022000000000000002,0.056400000000000006,456774636701154.562500
0.41002000000000005,0.022000000000000002,0.056400000000000006,456774636701154.562500
0.4100300000000001,0.022000000000000002,0.056400000000000006,456774636701154.562500
0.41004000000000007,0.022000000000000002,0.055600000000000004,456774636701154.562500
0.41005,0.0196,0.056400000000000006,456774636701154.562500
0.4100600000000001,0.022000000000000002,0.055600000000000004,456774636701154.562500
0.41007000000000005,0.022000000000000002,0.056400000000000006,456774636701154.562500
0.4100800000000001,0.0204,0.056400000000000006,456774636701154.562500
0.41009000000000007,0.0212,0.055600000000000004,456774636701154.562500
0.4101,0.0236,0.054,456774636701154.562500
0.4101100000000001,0.0228,0.0548,456774636701154.562500
0.41012000000000004,0.0228,0.055600000000000004,456774636701154.562500
0.4101300000000001,0.0236,0.055600000000000004,456774636701154.562500
0.41014000000000006,0.0252,0.056400000000000006,456774636701154.562500
0.4101500000000001,0.022000000000000002,0.050800000000000005,456774636701154.562500
0.4101600000000001,0.022000000000000002,0.050800000000000005,456774636701154.562500
0.41017000000000003,0.0244,0.048400000000000006,456774636701154.562500
0.4101800000000001,0.0228,0.054,456774636701154.562500
0.41019000000000005,0.0244,0.042800000000000005,456774636701154.562500
0.4102000000000001,0.0252,0.0444,456774636701154.562500
0.4102100000000001,0.0244,0.0364,456774636701154.562500
0.41022000000000003,0.0212,0.0436,456774636701154.562500
0.4102300000000001,0.0228,0.042800000000000005,456774636701154.562500
0.41024000000000005,0.0228,0.054,456774636701154.562500
0.4102500000000001,0.022000000000000002,0.0516,456774636701154.562500
0.41026000000000007,0.0204,0.0524,456774636701154.562500
0.41027,0.0228,0.0524,456774636701154.562500
0.4102800000000001,0.0204,0.054,456774636701154.562500
0.41029000000000004,0.0212,0.0412,456774636701154.562500
0.4103000000000001,0.022000000000000002,0.0436,456774636701154.562500
0.41031000000000006,0.022000000000000002,0.0476,456774636701154.562500
0.41032000000000013,0.022000000000000002,0.056400000000000006,456774636701154.562500
0.4103300000000001,0.0228,0.0516,456774636701154.562500
0.41034000000000004,0.0204,0.045200000000000004,456774636701154.562500
0.4103500000000001,0.0196,0.0516,456774636701154.562500
0.41036000000000006,0.022000000000000002,0.0548,456774636701154.562500
0.4103700000000001,0.0228,0.05,456774636701154.562500
0.4103800000000001,0.0196,0.056400000000000006,456774636701154.562500
0.41039000000000003,0.022000000000000002,0.058,456774636701154.562500
0.4104000000000001,0.0236,0.053200000000000004,456774636701154.562500
0.41041000000000005,0.0204,0.056400000000000006,456774636701154.562500
0.4104200000000001,0.0236,0.0548,456774636701154.562500
0.4104300000000001,0.0236,0.0572,456774636701154.562500
0.41044,0.022000000000000002,0.054,456774636701154.562500
0.4104500000000001,0.0228,0.056400000000000006,456774636701154.562500
0.41046000000000005,0.022000000000000002,0.056400000000000006,456774636701154.562500
0.4104700000000001,0.0244,0.055600000000000004,456774636701154.562500
0.41048000000000007,0.0252,0.0516,456774636701154.562500
0.41049,0.0236,0.055600000000000004,456774636701154.562500
0.4105000000000001,0.0244,0.0548,456774636701154.562500
0.41051000000000004,0.022000000000000002,0.055600000000000004,456774636701154.562500
0.4105200000000001,0.0196,0.0548,456774636701154.562500
0.41053000000000006,0.0196,0.054,456774636701154.562500
0.4105400000000001,0.018000000000000002,0.058,456774636701154.562500
0.4105500000000001,0.0148,0.056400000000000006,456774636701154.562500
0.41056000000000004,0.0228,0.055600000000000004,456774636701154.562500
0.4105700000000001,0.0164,0.056400000000000006,456774636701154.562500
0.41058000000000006,0.0188,0.056400000000000006,456774636701154.562500
0.4105900000000001,0.018000000000000002,0.056400000000000006,456774636701154.562500
0.4106000000000001,0.0228,0.055600000000000004,456774636701154.562500
0.41061000000000003,0.0236,0.058,456774636701154.562500
0.4106200000000001,0.0204,0.0516,456774636701154.562500
0.41063000000000005,0.0212,0.058800000000000005,456774636701154.562500
0.4106400000000001,0.0228,0.046,456774636701154.562500
0.41065000000000007,0.0228,0.058,456774636701154.562500
0.41066,0.0196,0.0436,456774636701154.562500
0.4106700000000001,0.0204,0.0548,456774636701154.562500
0.41068000000000005,0.0188,0.056400000000000006,456774636701154.562500
0.4106900000000001,0.0188,0.056400000000000006,456774636701154.562500
0.41070000000000007,0.0204,0.053200000000000004,456774636701154.562500
0.41071,0.022000000000000002,0.055600000000000004,456774636701154.562500
0.4107200000000001,0.0188,0.0548,456774636701154.562500
0.41073000000000004,0.0196,0.054,456774636701154.562500
0.4107400000000001,0.0188,0.055600000000000004,456774636701154.562500
0.41075000000000006,0.0196,0.056400000000000006,456774636701154.562500
0.4107600000000001,0.0188,0.056400000000000006,456774636701154.562500
0.4107700000000001,0.0228,0.056400000000000006,456774636701154.562500
0.41078000000000003,0.0236,0.056400000000000006,456774636701154.562500
0.4107900000000001,0.0244,0.055600000000000004,456774636701154.562500
0.41080000000000005,0.0244,0.055600000000000004,456774636701154.562500
0.4108100000000001,0.0236,0.0516,456774636701154.562500
0.4108200000000001,0.0244,0.056400000000000006,456774636701154.562500
0.41083000000000003,0.0188,0.0524,456774636701154.562500
0.4108400000000001,0.0188,0.0524,456774636701154.562500
0.41085000000000005,0.015600000000000001,0.050800000000000005,456774636701154.562500
0.4108600000000001,0.0188,0.053200000000000004,456774636701154.562500
0.41087000000000007,0.0212,0.055600000000000004,456774636701154.562500
0.41088,0.0196,0.056400000000000006,456774636701154.562500
0.4108900000000001,0.0212,0.0524,456774636701154.562500
0.41090000000000004,0.0212,0.055600000000000004,456774636701154.562500
0.4109100000000001,0.0236,0.054,456774636701154.562500
0.41092000000000006,0.0228,0.055600000000000004,456774636701154.562500
0.41093000000000013,0.0196,0.0572,456774636701154.562500
0.4109400000000001,0.0204,0.054,456774636701154.562500
0.41095000000000004,0.022000000000000002,0.055600000000000004,456774636701154.562500
0.4109600000000001,0.0204,0.0524,456774636701154.562500
0.41097000000000006,0.022000000000000002,0.0492,456774636701154.562500
0.4109800000000001,0.0236,0.05,456774636701154.562500
0.4109900000000001,0.022000000000000002,0.056400000000000006,456774636701154.562500
0.41100000000000003,0.022000000000000002,0.055600000000000004,456774636701154.562500
0.4110100000000001,0.022000000000000002,0.054,456774636701154.562500
0.41102000000000005,0.0204,0.050800000000000005,456774636701154.562500
0.4110300000000001,0.022000000000000002,0.055600000000000004,456774636701154.562500
0.41104000000000007,0.022000000000000002,0.056400000000000006,456774636701154.562500
0.41105,0.022000000000000002,0.0572,456774636701154.562500
0.4110600000000001,0.0228,0.056400000000000006,456774636701154.562500
0.41107000000000005,0.0188,0.056400000000000006,456774636701154.562500
0.4110800000000001,0.0228,0.0572,456774636701154.562500
0.41109000000000007,0.0236,0.055600000000000004,456774636701154.562500
0.4111,0.0204,0.055600000000000004,456774636701154.562500
0.4111100000000001,0.0244,0.056400000000000006,456774636701154.562500
0.41112000000000004,0.0236,0.055600000000000004,456774636701154.562500
0.4111300000000001,0.0228,0.056400000000000006,456774636701154.562500
0.41114000000000006,0.0236,0.056400000000000006,456774636701154.562500
0.4111500000000001,0.0228,0.0572,456774636701154.562500
0.4111600000000001,0.0252,0.0572,456774636701154.562500
0.41117000000000004,0.0212,0.0516,456774636701154.562500
0.4111800000000001,0.0252,0.055600000000000004,456774636701154.562500
0.41119000000000006,0.0228,0.056400000000000006,456774636701154.562500
0.4112000000000001,0.022000000000000002,0.0572,456774636701154.562500
0.4112100000000001,0.022000000000000002,0.058,456774636701154.562500
0.41122000000000003,0.022000000000000002,0.056400000000000006,456774636701154.562500
0.4112300000000001,0.0212,0.056400000000000006,456774636701154.562500
0.41124000000000005,0.0212,0.056400000000000006,456774636701154.562500
0.4112500000000001,0.0204,0.0548,456774636701154.562500
0.41126000000000007,0.0212,0.058,456774636701154.562500
0.41127,0.0236,0.058,456774636701154.562500
0.4112800000000001,0.0228,0.0548,456774636701154.562500
0.41129000000000004,0.0212,0.0548,456774636701154.562500
0.4113000000000001,0.0212,0.055600000000000004,456774636701154.562500
0.41131000000000006,0.0212,0.056400000000000006,456774636701154.562500
0.41132000000000013,0.0212,0.0572,456774636701154.562500
0.4113300000000001,0.0228,0.055600000000000004,456774636701154.562500
0.41134000000000004,0.022000000000000002,0.056400000000000006,456774636701154.562500
0.4113500000000001,0.0228,0.056400000000000006,456774636701154.562500
0.41136000000000006,0.0228,0.055600000000000004,456774636701154.562500
0.4113700000000001,0.0212,0.055600000000000004,456774636701154.562500
0.4113800000000001,0.0212,0.0548,456774636701154.562500
0.41139000000000003,0.022000000000000002,0.056400000000000006,456774636701154.562500
0.4114000000000001,0.0252,0.055600000000000004,456774636701154.562500
0.41141000000000005,0.0236,0.0548,456774636701154.562500
0.4114200000000001,0.0236,0.055600000000000004,456774636701154.562500
0.4114300000000001,0.0244,0.0524,456774636701154.562500
0.41144000000000003,0.0228,0.0548,456774636701154.562500
0.4114500000000001,0.0244,0.054,456774636701154.562500
0.41146000000000005,0.0244,0.054,456774636701154.562500
0.4114700000000001,0.0228,0.055600000000000004,456774636701154.562500
0.41148000000000007,0.022000000000000002,0.0572,456774636701154.562500
0.41149,0.0244,0.0548,456774636701154.562500
0.4115000000000001,0.0204,0.0572,456774636701154.562500
0.41151000000000004,0.022000000000000002,0.055600000000000004,456774636701154.562500
0.4115200000000001,0.0236,0.054,456774636701154.562500
0.41153000000000006,0.0236,0.054,456774636701154.562500
0.41154000000000013,0.0228,0.055600000000000004,456774636701154.562500
0.4115500000000001,0.022000000000000002,0.055600000000000004,456774636701154.562500
0.41156000000000004,0.022000000000000002,0.056400000000000006,456774636701154.562500
0.4115700000000001,0.022000000000000002,0.056400000000000006,456774636701154.562500
0.41158000000000006,0.0228,0.054,456774636701154.562500
0.4115900000000001,0.0204,0.0572,456774636701154.562500
0.4116000000000001,0.022000000000000002,0.056400000000000006,456774636701154.562500
0.41161000000000003,0.0204,0.056400000000000006,456774636701154.562500
0.4116200000000001,0.0228,0.056400000000000006,456774636701154.562500
0.41163000000000005,0.0228,0.056400000000000006,456774636701154.562500
0.4116400000000001,0.022000000000000002,0.054,456774636701154.562500
0.41165000000000007,0.0228,0.0548,456774636701154.562500
0.41166,0.0244,0.055600000000000004,456774636701154.562500
0.4116700000000001,0.0228,0.054,456774636701154.562500
0.41168000000000005,0.0236,0.0572,456774636701154.562500
0.4116900000000001,0.0252,0.056400000000000006,456774636701154.562500
0.41170000000000007,0.0236,0.055600000000000004,456774636701154.562500
0.41171,0.026000000000000002,0.0524,456774636701154.562500
0.4117200000000001,0.0244,0.0572,456774636701154.562500
0.41173000000000004,0.0244,0.0572,456774636701154.562500
0.4117400000000001,0.0244,0.055600000000000004,456774636701154.562500
0.41175000000000006,0.0236,0.054,456774636701154.562500
0.4117600000000001,0.0228,0.0572,456774636701154.562500
0.4117700000000001,0.0236,0.053200000000000004,456774636701154.562500
0.41178000000000003,0.0236,0.056400000000000006,456774636701154.562500
0.4117900000000001,0.0228,0.0516,456774636701154.562500
0.41180000000000005,0.0228,0.055600000000000004,456774636701154.562500
0.4118100000000001,0.0236,0.055600000000000004,456774636701154.562500
0.4118200000000001,0.0212,0.055600000000000004,456774636701154.562500
0.41183000000000003,0.0212,0.056400000000000006,456774636701154.562500
0.4118400000000001,0.0196,0.058,456774636701154.562500
0.41185000000000005,0.0196,0.0548,456774636701154.562500
0.4118600000000001,0.0196,0.0492,456774636701154.562500
0.41187000000000007,0.022000000000000002,0.048400000000000006,456774636701154.562500
0.41188,0.0212,0.054,456774636701154.562500
0.4118900000000001,0.022000000000000002,0.056400000000000006,456774636701154.562500
0.41190000000000004,0.0212,0.0572,456774636701154.562500
0.4119100000000001,0.0196,0.058,456774636701154.562500
0.41192000000000006,0.0228,0.056400000000000006,456774636701154.562500
0.41193000000000013,0.022000000000000002,0.053200000000000004,456774636701154.562500
0.4119400000000001,0.022000000000000002,0.056400000000000006,456774636701154.562500
0.41195000000000004,0.0212,0.055600000000000004,456774636701154.562500
0.4119600000000001,0.0236,0.0572,456774636701154.562500
0.41197000000000006,0.022000000000000002,0.056400000000000006,456774636701154.562500
0.4119800000000001,0.0228,0.055600000000000004,456774636701154.562500
0.4119900000000001,0.0236,0.056400000000000006,456774636701154.562500
0.41200000000000003,0.0212,0.055600000000000004,456774636701154.562500
0.4120100000000001,0.0252,0.056400000000000006,456774636701154.562500
0.41202000000000005,0.0244,0.056400000000000006,456774636701154.562500
0.4120300000000001,0.022000000000000002,0.056400000000000006,456774636701154.562500
0.4120400000000001,0.022000000000000002,0.0572,456774636701154.562500
0.41205,0.0236,0.055600000000000004,456774636701154.562500
0.4120600000000001,0.0236,0.05,456774636701154.562500
0.41207000000000005,0.0204,0.0548,456774636701154.562500
0.4120800000000001,0.018000000000000002,0.055600000000000004,456774636701154.562500
0.41209000000000007,0.0172,0.056400000000000006,456774636701154.562500
0.4121,0.0204,0.0572,456774636701154.562500
0.4121100000000001,0.022000000000000002,0.0572,456774636701154.562500
0.41212000000000004,0.0236,0.0548,456774636701154.562500
0.4121300000000001,0.022000000000000002,0.0516,456774636701154.562500
0.41214000000000006,0.0212,0.0548,456774636701154.562500
0.4121500000000001,0.022000000000000002,0.050800000000000005,456774636701154.562500
0.4121600000000001,0.0204,0.0548,456774636701154.562500
0.41217000000000004,0.022000000000000002,0.058,456774636701154.562500
0.4121800000000001,0.0228,0.055600000000000004,456774636701154.562500
0.41219000000000006,0.022000000000000002,0.056400000000000006,456774636701154.562500
0.4122000000000001,0.022000000000000002,0.0572,456774636701154.562500
0.4122100000000001,0.022000000000000002,0.0572,456774636701154.562500
0.41222000000000003,0.022000000000000002,0.055600000000000004,456774636701154.562500
0.4122300000000001,0.0212,0.056400000000000006,456774636701154.562500
0.41224000000000005,0.0204,0.055600000000000004,456774636701154.562500
0.4122500000000001,0.0196,0.0548,456774636701154.562500
0.41226000000000007,0.018000000000000002,0.050800000000000005,456774636701154.562500
0.41227,0.015600000000000001,0.053200000000000004,456774636701154.562500
0.4122800000000001,0.0204,0.054,456774636701154.562500
0.41229000000000005,0.0172,0.055600000000000004,456774636701154.562500
0.4123000000000001,0.0212,0.058,456774636701154.562500
0.41231000000000007,0.0228,0.0572,456774636701154.562500
0.41232,0.0244,0.055600000000000004,456774636701154.562500
0.4123300000000001,0.0236,0.056400000000000006,456774636701154.562500
0.41234000000000004,0.0244,0.042,456774636701154.562500
0.4123500000000001,0.0244,0.056400000000000006,456774636701154.562500
0.41236000000000006,0.0236,0.056400000000000006,456774636701154.562500
0.4123700000000001,0.0228,0.056400000000000006,456774636701154.562500
0.4123800000000001,0.0212,0.0548,456774636701154.562500
0.41239000000000003,0.0236,0.054,456774636701154.562500
0.4124000000000001,0.0212,0.056400000000000006,456774636701154.562500
0.41241000000000005,0.0228,0.055600000000000004,456774636701154.562500
0.4124200000000001,0.022000000000000002,0.0548,456774636701154.562500
0.4124300000000001,0.0228,0.0548,456774636701154.562500
0.41244000000000003,0.0228,0.055600000000000004,456774636701154.562500
0.4124500000000001,0.0188,0.0572,456774636701154.562500
0.41246000000000005,0.0212,0.0572,456774636701154.562500
0.4124700000000001,0.0164,0.0548,456774636701154.562500
0.41248000000000007,0.0196,0.056400000000000006,456774636701154.562500
0.41249,0.018000000000000002,0.055600000000000004,456774636701154.562500
0.4125000000000001,0.022000000000000002,0.0548,456774636701154.562500
0.41251000000000004,0.0228,0.0548,456774636701154.562500
0.4125200000000001,0.0236,0.056400000000000006,456774636701154.562500
0.41253000000000006,0.022000000000000002,0.055600000000000004,456774636701154.562500
0.41254000000000013,0.0212,0.054,456774636701154.562500
0.4125500000000001,0.0228,0.054,456774636701154.562500
0.41256000000000004,0.0228,0.05,456774636701154.562500
0.4125700000000001,0.0212,0.058,456774636701154.562500
0.41258000000000006,0.0228,0.0572,456774636701154.562500
0.4125900000000001,0.0236,0.0572,456774636701154.562500
0.4126000000000001,0.0244,0.055600000000000004,456774636701154.562500
0.41261000000000003,0.0228,0.050800000000000005,456774636701154.562500
0.4126200000000001,0.0228,0.0572,456774636701154.562500
0.41263000000000005,0.022000000000000002,0.056400000000000006,456774636701154.562500
0.4126400000000001,0.0252,0.0572,456774636701154.562500
0.4126500000000001,0.022000000000000002,0.058,456774636701154.562500
0.41266,0.0244,0.054,456774636701154.562500
0.4126700000000001,0.0228,0.056400000000000006,456774636701154.562500
0.41268000000000005,0.0236,0.053200000000000004,456774636701154.562500
0.4126900000000001,0.0228,0.055600000000000004,456774636701154.562500
0.41270000000000007,0.0244,0.056400000000000006,456774636701154.562500
0.41271,0.022000000000000002,0.050800000000000005,456774636701154.562500
0.4127200000000001,0.0212,0.055600000000000004,456774636701154.562500
0.41273000000000004,0.0212,0.0516,456774636701154.562500
0.4127400000000001,0.0196,0.056400000000000006,456774636701154.562500
0.41275000000000006,0.022000000000000002,0.0492,456774636701154.562500
0.4127600000000001,0.022000000000000002,0.053200000000000004,456774636701154.562500
0.4127700000000001,0.022000000000000002,0.0524,456774636701154.562500
0.41278000000000004,0.022000000000000002,0.056400000000000006,456774636701154.562500
0.4127900000000001,0.0236,0.056400000000000006,456774636701154.562500
0.41280000000000006,0.0228,0.0548,456774636701154.562500
0.4128100000000001,0.0228,0.053200000000000004,456774636701154.562500
0.4128200000000001,0.0196,0.0548,456774636701154.562500
0.41283000000000003,0.0212,0.054,456774636701154.562500
0.4128400000000001,0.0188,0.0412,456774636701154.562500
0.41285000000000005,0.0212,0.0492,456774636701154.562500
0.4128600000000001,0.0212,0.0436,456774636701154.562500
0.41287000000000007,0.022000000000000002,0.056400000000000006,456774636701154.562500
0.41288,0.022000000000000002,0.0548,456774636701154.562500
0.4128900000000001,0.0212,0.058,456774636701154.562500
0.41290000000000004,0.0228,0.0476,456774636701154.562500
0.4129100000000001,0.0244,0.053200000000000004,456774636701154.562500
0.41292000000000006,0.0236,0.0548,456774636701154.562500
0.41293,0.0236,0.0572,456774636701154.562500
0.4129400000000001,0.0236,0.056400000000000006,456774636701154.562500
0.41295000000000004,0.0236,0.054,456774636701154.562500
0.4129600000000001,0.0236,0.0548,456774636701154.562500
0.41297000000000006,0.0188,0.05,456774636701154.562500
0.4129800000000001,0.0252,0.0516,456774636701154.562500
0.4129900000000001,0.022000000000000002,0.053200000000000004,456774636701154.562500
0.41300000000000003,0.0236,0.056400000000000006,456774636701154.562500
0.4130100000000001,0.0228,0.048400000000000006,456774636701154.562500
0.41302000000000005,0.022000000000000002,0.0548,456774636701154.562500
0.4130300000000001,0.0212,0.0548,456774636701154.562500
0.4130400000000001,0.0228,0.054,456774636701154.562500
0.41305000000000003,0.022000000000000002,0.0516,456774636701154.562500
0.4130600000000001,0.0204,0.054,456774636701154.562500
0.41307000000000005,0.0236,0.055600000000000004,456774636701154.562500
0.4130800000000001,0.0204,0.056400000000000006,456774636701154.562500
0.41309000000000007,0.022000000000000002,0.0524,456774636701154.562500
0.4131,0.0236,0.046,456774636701154.562500
0.4131100000000001,0.0212,0.05,456774636701154.562500
0.41312000000000004,0.022000000000000002,0.055600000000000004,456774636701154.562500
0.4131300000000001,0.022000000000000002,0.0516,456774636701154.562500
0.41314000000000006,0.022000000000000002,0.0572,456774636701154.562500
0.41315000000000013,0.0212,0.0548,456774636701154.562500
0.4131600000000001,0.0204,0.0548,456774636701154.562500
0.41317000000000004,0.022000000000000002,0.050800000000000005,456774636701154.562500
0.4131800000000001,0.0204,0.0444,456774636701154.562500
0.41319000000000006,0.0172,0.0468,456774636701154.562500
0.4132000000000001,0.0148,0.045200000000000004,456774636701154.562500
0.4132100000000001,0.0196,0.054,456774636701154.562500
0.41322000000000003,0.0212,0.048400000000000006,456774636701154.562500
0.4132300000000001,0.022000000000000002,0.053200000000000004,456774636701154.562500
0.41324000000000005,0.0204,0.053200000000000004,456774636701154.562500
0.4132500000000001,0.022000000000000002,0.0572,456774636701154.562500
0.41326000000000007,0.0204,0.0524,456774636701154.562500
0.41327,0.0228,0.054,456774636701154.562500
0.4132800000000001,0.0196,0.0396,456774636701154.562500
0.41329000000000005,0.0244,0.056400000000000006,456774636701154.562500
0.4133000000000001,0.0212,0.055600000000000004,456774636701154.562500
0.41331000000000007,0.0212,0.0572,456774636701154.562500
0.41332,0.0132,0.056400000000000006,456774636701154.562500
0.4133300000000001,0.0212,0.05,456774636701154.562500
0.41334000000000004,0.022000000000000002,0.056400000000000006,456774636701154.562500
0.4133500000000001,0.022000000000000002,0.054,456774636701154.562500
0.41336000000000006,0.022000000000000002,0.0572,456774636701154.562500
0.4133700000000001,0.0212,0.055600000000000004,456774636701154.562500
0.4133800000000001,0.0172,0.0516,456774636701154.562500
0.41339000000000004,0.0188,0.0524,456774636701154.562500
0.4134000000000001,0.0188,0.0572,456774636701154.562500
0.41341000000000006,0.0212,0.0548,456774636701154.562500
0.4134200000000001,0.0204,0.0548,456774636701154.562500
0.4134300000000001,0.0228,0.0548,456774636701154.562500
0.41344000000000003,0.022000000000000002,0.0548,456774636701154.562500
0.4134500000000001,0.0228,0.0572,456774636701154.562500
0.41346000000000005,0.022000000000000002,0.056400000000000006,456774636701154.562500
0.4134700000000001,0.0228,0.056400000000000006,456774636701154.562500
0.41348000000000007,0.0228,0.058,456774636701154.562500
0.41349,0.0236,0.0548,456774636701154.562500
0.4135000000000001,0.0244,0.055600000000000004,456774636701154.562500
0.41351000000000004,0.0244,0.0524,456774636701154.562500
0.4135200000000001,0.0236,0.0572,456774636701154.562500
0.41353000000000006,0.0252,0.056400000000000006,456774636701154.562500
0.41354000000000013,0.0212,0.056400000000000006,456774636701154.562500
0.4135500000000001,0.0244,0.058800000000000005,456774636701154.562500
0.41356000000000004,0.022000000000000002,0.0572,456774636701154.562500
0.4135700000000001,0.0244,0.058,456774636701154.562500
0.41358000000000006,0.0236,0.055600000000000004,456774636701154.562500
0.4135900000000001,0.0236,0.058,456774636701154.562500
0.4136000000000001,0.022000000000000002,0.056400000000000006,456774636701154.562500
0.41361000000000003,0.022000000000000002,0.056400000000000006,456774636701154.562500
0.4136200000000001,0.022000000000000002,0.0572,456774636701154.562500
0.41363000000000005,0.0204,0.055600000000000004,456774636701154.562500
0.4136400000000001,0.0236,0.0572,456774636701154.562500
0.4136500000000001,0.0204,0.056400000000000006,456774636701154.562500
0.41366,0.022000000000000002,0.055600000000000004,456774636701154.562500
0.4136700000000001,0.0212,0.0572,456774636701154.562500
0.41368000000000005,0.0212,0.056400000000000006,456774636701154.562500
0.4136900000000001,0.0236,0.0572,456774636701154.562500
0.41370000000000007,0.022000000000000002,0.0572,456774636701154.562500
0.41371,0.022000000000000002,0.054,456774636701154.562500
0.4137200000000001,0.0212,0.055600000000000004,456774636701154.562500
0.41373000000000004,0.022000000000000002,0.056400000000000006,456774636701154.562500
0.4137400000000001,0.0188,0.056400000000000006,456774636701154.562500
0.41375000000000006,0.0228,0.054,456774636701154.562500
0.4137600000000001,0.018000000000000002,0.0572,456774636701154.562500
0.4137700000000001,0.0188,0.058,456774636701154.562500
0.41378000000000004,0.0236,0.0548,456774636701154.562500
0.4137900000000001,0.0244,0.056400000000000006,456774636701154.562500
0.41380000000000006,0.0212,0.055600000000000004,456774636701154.562500
0.4138100000000001,0.0244,0.058,456774636701154.562500
0.4138200000000001,0.0244,0.050800000000000005,456774636701154.562500
0.41383000000000003,0.0244,0.056400000000000006,456774636701154.562500
0.4138400000000001,0.022000000000000002,0.0572,456774636701154.562500
0.41385000000000005,0.026000000000000002,0.0524,456774636701154.562500
0.4138600000000001,0.0236,0.056400000000000006,456774636701154.562500
0.41387000000000007,0.0228,0.053200000000000004,456774636701154.562500
0.41388,0.0252,0.056400000000000006,456774636701154.562500
0.4138900000000001,0.0228,0.054,456774636701154.562500
0.41390000000000005,0.0204,0.055600000000000004,456774636701154.562500
0.4139100000000001,0.0188,0.0548,456774636701154.562500
0.41392000000000007,0.0228,0.056400000000000006,456774636701154.562500
0.41393,0.022000000000000002,0.050800000000000005,456774636701154.562500
0.4139400000000001,0.0236,0.050800000000000005,456774636701154.562500
0.41395000000000004,0.0228,0.054,456774636701154.562500
0.4139600000000001,0.0228,0.055600000000000004,456774636701154.562500
0.41397000000000006,0.022000000000000002,0.0516,456774636701154.562500
0.4139800000000001,0.0212,0.0548,456774636701154.562500
0.4139900000000001,0.022000000000000002,0.0572,456774636701154.562500
0.41400000000000003,0.022000000000000002,0.056400000000000006,456774636701154.562500
0.4140100000000001,0.0236,0.0548,456774636701154.562500
0.41402000000000005,0.022000000000000002,0.0548,456774636701154.562500
0.4140300000000001,0.022000000000000002,0.056400000000000006,456774636701154.562500
0.4140400000000001,0.0228,0.055600000000000004,456774636701154.562500
0.41405000000000003,0.0212,0.0548,456774636701154.562500
0.4140600000000001,0.022000000000000002,0.0548,456774636701154.562500
0.41407000000000005,0.0212,0.055600000000000004,456774636701154.562500
0.4140800000000001,0.022000000000000002,0.055600000000000004,456774636701154.562500
0.41409000000000007,0.0212,0.055600000000000004,456774636701154.562500
0.4141,0.0236,0.056400000000000006,456774636701154.562500
0.4141100000000001,0.0244,0.055600000000000004,456774636701154.562500
0.41412000000000004,0.0228,0.055600000000000004,456774636701154.562500
0.4141300000000001,0.0236,0.055600000000000004,456774636701154.562500
0.41414000000000006,0.0236,0.055600000000000004,456774636701154.562500
0.41415000000000013,0.0244,0.0548,456774636701154.562500
0.4141600000000001,0.0204,0.053200000000000004,456774636701154.562500
0.41417000000000004,0.0236,0.056400000000000006,456774636701154.562500
0.4141800000000001,0.018000000000000002,0.053200000000000004,456774636701154.562500
0.41419000000000006,0.0212,0.054,456774636701154.562500
0.4142000000000001,0.022000000000000002,0.0516,456774636701154.562500
0.4142100000000001,0.0228,0.056400000000000006,456774636701154.562500
0.41422000000000003,0.0236,0.0516,456774636701154.562500
0.4142300000000001,0.0236,0.056400000000000006,456774636701154.562500
0.41424000000000005,0.0236,0.056400000000000006,456774636701154.562500
0.4142500000000001,0.0228,0.0548,456774636701154.562500
0.4142600000000001,0.022000000000000002,0.0572,456774636701154.562500
0.41427,0.0228,0.0548,456774636701154.562500
0.4142800000000001,0.022000000000000002,0.056400000000000006,456774636701154.562500
0.41429000000000005,0.0204,0.0548,456774636701154.562500
0.4143000000000001,0.0204,0.0572,456774636701154.562500
0.41431000000000007,0.015600000000000001,0.054,456774636701154.562500
0.41432,0.0188,0.0572,456774636701154.562500
0.4143300000000001,0.0204,0.054,456774636701154.562500
0.41434000000000004,0.0204,0.054,456774636701154.562500
0.4143500000000001,0.0148,0.0468,456774636701154.562500
0.41436000000000006,0.0204,0.050800000000000005,456774636701154.562500
0.4143700000000001,0.0172,0.045200000000000004,456774636701154.562500
0.4143800000000001,0.022000000000000002,0.054,456774636701154.562500
0.41439000000000004,0.0244,0.0516,456774636701154.562500
0.4144000000000001,0.0236,0.055600000000000004,456774636701154.562500
0.41441000000000006,0.0244,0.054,456774636701154.562500
0.4144200000000001,0.0228,0.0548,456774636701154.562500
0.4144300000000001,0.0228,0.056400000000000006,456774636701154.562500
0.41444000000000003,0.0244,0.050800000000000005,456774636701154.562500
0.4144500000000001,0.0228,0.055600000000000004,456774636701154.562500
0.41446000000000005,0.0244,0.05,456774636701154.562500
0.4144700000000001,0.0236,0.056400000000000006,456774636701154.562500
0.41448000000000007,0.026000000000000002,0.05,456774636701154.562500
0.41449,0.0228,0.0468,456774636701154.562500
0.4145000000000001,0.0244,0.0476,456774636701154.562500
0.41451000000000005,0.0228,0.0548,456774636701154.562500
0.4145200000000001,0.0244,0.056400000000000006,456774636701154.562500
0.41453000000000007,0.0236,0.0572,456774636701154.562500
0.41454,0.0228,0.056400000000000006,456774636701154.562500
0.4145500000000001,0.0236,0.054,456774636701154.562500
0.41456000000000004,0.0212,0.054,456774636701154.562500
0.4145700000000001,0.022000000000000002,0.0572,456774636701154.562500
0.41458000000000006,0.0204,0.058,456774636701154.562500
0.4145900000000001,0.0204,0.0572,456774636701154.562500
0.4146000000000001,0.0204,0.0548,456774636701154.562500
0.41461000000000003,0.0204,0.055600000000000004,456774636701154.562500
0.4146200000000001,0.0204,0.058,456774636701154.562500
0.41463000000000005,0.0228,0.056400000000000006,456774636701154.562500
0.4146400000000001,0.0228,0.056400000000000006,456774636701154.562500
0.4146500000000001,0.0228,0.055600000000000004,456774636701154.562500
0.41466000000000003,0.0228,0.050800000000000005,456774636701154.562500
0.4146700000000001,0.0212,0.0572,456774636701154.562500
0.41468000000000005,0.0236,0.0572,456774636701154.562500
0.4146900000000001,0.0236,0.0548,456774636701154.562500
0.41470000000000007,0.0228,0.0548,456774636701154.562500
0.41471,0.022000000000000002,0.0572,456774636701154.562500
0.4147200000000001,0.0244,0.0492,456774636701154.562500
0.41473000000000004,0.0236,0.054,456774636701154.562500
0.4147400000000001,0.0228,0.053200000000000004,456774636701154.562500
0.41475000000000006,0.0228,0.053200000000000004,456774636701154.562500
0.41476000000000013,0.0244,0.050800000000000005,456774636701154.562500
0.4147700000000001,0.0244,0.053200000000000004,456774636701154.562500
0.41478000000000004,0.022000000000000002,0.054,456774636701154.562500
0.4147900000000001,0.0244,0.054,456774636701154.562500
0.41480000000000006,0.022000000000000002,0.0492,456774636701154.562500
0.4148100000000001,0.0228,0.053200000000000004,456774636701154.562500
0.4148200000000001,0.022000000000000002,0.0468,456774636701154.562500
0.41483000000000003,0.022000000000000002,0.054,456774636701154.562500
0.4148400000000001,0.0236,0.0468,456774636701154.562500
0.41485000000000005,0.0212,0.0548,456774636701154.562500
0.4148600000000001,0.022000000000000002,0.045200000000000004,456774636701154.562500
0.41487000000000007,0.0228,0.0492,456774636701154.562500
0.41488,0.0212,0.0476,456774636701154.562500
0.4148900000000001,0.0212,0.056400000000000006,456774636701154.562500
0.41490000000000005,0.0228,0.056400000000000006,456774636701154.562500
0.4149100000000001,0.0212,0.055600000000000004,456774636701154.562500
0.41492000000000007,0.0212,0.046,456774636701154.562500
0.41493,0.0196,0.0476,456774636701154.562500
0.4149400000000001,0.0228,0.0396,456774636701154.562500
0.41495000000000004,0.0204,0.054,456774636701154.562500
0.4149600000000001,0.0236,0.0524,456774636701154.562500
0.41497000000000006,0.022000000000000002,0.0524,456774636701154.562500
0.4149800000000001,0.0236,0.0436,456774636701154.562500
0.4149900000000001,0.0212,0.055600000000000004,456774636701154.562500
0.41500000000000004,0.022000000000000002,0.056400000000000006,456774636701154.562500
0.4150100000000001,0.018000000000000002,0.056400000000000006,456774636701154.562500
0.41502000000000006,0.0212,0.05,456774636701154.562500
0.4150300000000001,0.022000000000000002,0.054,456774636701154.562500
0.4150400000000001,0.0244,0.055600000000000004,456774636701154.562500
0.41505000000000003,0.0244,0.056400000000000006,456774636701154.562500
0.4150600000000001,0.0244,0.0572,456774636701154.562500
0.41507000000000005,0.0252,0.0516,456774636701154.562500
0.4150800000000001,0.0244,0.053200000000000004,456774636701154.562500
0.41509000000000007,0.0228,0.053200000000000004,456774636701154.562500
0.4151,0.022000000000000002,0.056400000000000006,456774636701154.562500
0.4151100000000001,0.0228,0.0548,456774636701154.562500
0.41512000000000004,0.0228,0.0572,456774636701154.562500
0.4151300000000001,0.0196,0.055600000000000004,456774636701154.562500
0.41514000000000006,0.0236,0.0548,456774636701154.562500
0.41515000000000013,0.0204,0.056400000000000006,456774636701154.562500
0.4151600000000001,0.0228,0.0516,456774636701154.562500
0.41517000000000004,0.022000000000000002,0.053200000000000004,456774636701154.562500
0.4151800000000001,0.022000000000000002,0.054,456774636701154.562500
0.41519000000000006,0.0196,0.056400000000000006,456774636701154.562500
0.4152000000000001,0.0204,0.050800000000000005,456774636701154.562500
0.4152100000000001,0.0204,0.0548,456774636701154.562500
0.41522000000000003,0.022000000000000002,0.053200000000000004,456774636701154.562500
0.4152300000000001,0.0212,0.056400000000000006,456774636701154.562500
0.41524000000000005,0.0212,0.0524,456774636701154.562500
0.4152500000000001,0.0212,0.0548,456774636701154.562500
0.4152600000000001,0.0212,0.05,456774636701154.562500
0.41527000000000003,0.0204,0.056400000000000006,456774636701154.562500
0.4152800000000001,0.022000000000000002,0.0516,456774636701154.562500
0.41529000000000005,0.0236,0.0524,456774636701154.562500
0.4153000000000001,0.0228,0.0524,456774636701154.562500
0.41531000000000007,0.0236,0.054,456774636701154.562500
0.41532,0.0236,0.034,456774636701154.562500
0.4153300000000001,0.0228,0.042,456774636701154.562500
0.41534000000000004,0.0236,0.042800000000000005,456774636701154.562500
0.4153500000000001,0.0236,0.0476,456774636701154.562500
0.41536000000000006,0.0244,0.0444,456774636701154.562500
0.41537000000000013,0.0228,0.0492,456774636701154.562500
0.4153800000000001,0.0252,0.050800000000000005,456774636701154.562500
0.41539000000000004,0.0236,0.056400000000000006,456774636701154.562500
0.4154000000000001,0.0236,0.053200000000000004,456774636701154.562500
0.41541000000000006,0.0228,0.0492,456774636701154.562500
0.4154200000000001,0.0244,0.0492,456774636701154.562500
0.4154300000000001,0.0244,0.0548,456774636701154.562500
0.41544000000000003,0.0236,0.0572,456774636701154.562500
0.4154500000000001,0.022000000000000002,0.055600000000000004,456774636701154.562500
0.41546000000000005,0.0236,0.055600000000000004,456774636701154.562500
0.4154700000000001,0.0228,0.056400000000000006,456774636701154.562500
0.41548000000000007,0.0228,0.0572,456774636701154.562500
0.41549,0.022000000000000002,0.0572,456774636701154.562500
0.4155000000000001,0.022000000000000002,0.0548,456774636701154.562500
0.41551000000000005,0.022000000000000002,0.054,456774636701154.562500
0.4155200000000001,0.0212,0.055600000000000004,456774636701154.562500
0.41553000000000007,0.0228,0.0572,456774636701154.562500
0.41554,0.0212,0.056400000000000006,456774636701154.562500
0.4155500000000001,0.0212,0.0548,456774636701154.562500
0.41556000000000004,0.022000000000000002,0.0572,456774636701154.562500
0.4155700000000001,0.0228,0.053200000000000004,456774636701154.562500
0.41558000000000006,0.022000000000000002,0.056400000000000006,456774636701154.562500
0.4155900000000001,0.0212,0.048400000000000006,456774636701154.562500
0.4156000000000001,0.0228,0.0572,456774636701154.562500
0.41561000000000003,0.0236,0.054,456774636701154.562500
0.4156200000000001,0.0236,0.055600000000000004,456774636701154.562500
0.41563000000000005,0.022000000000000002,0.0548,456774636701154.562500
0.4156400000000001,0.0244,0.0548,456774636701154.562500
0.4156500000000001,0.0228,0.054,456774636701154.562500
0.41566000000000003,0.022000000000000002,0.055600000000000004,456774636701154.562500
0.4156700000000001,0.0236,0.055600000000000004,456774636701154.562500
0.41568000000000005,0.0212,0.054,456774636701154.562500
0.4156900000000001,0.0252,0.055600000000000004,456774636701154.562500
0.41570000000000007,0.0228,0.0548,456774636701154.562500
0.41571,0.022000000000000002,0.054,456774636701154.562500
0.4157200000000001,0.0244,0.054,456774636701154.562500
0.41573000000000004,0.0228,0.0516,456774636701154.562500
0.4157400000000001,0.022000000000000002,0.0492,456774636701154.562500
0.41575000000000006,0.0228,0.0548,456774636701154.562500
0.41576000000000013,0.022000000000000002,0.055600000000000004,456774636701154.562500
0.4157700000000001,0.0228,0.055600000000000004,456774636701154.562500
0.41578000000000004,0.0196,0.056400000000000006,456774636701154.562500
0.4157900000000001,0.022000000000000002,0.0572,456774636701154.562500
0.41580000000000006,0.0196,0.0548,456774636701154.562500
0.4158100000000001,0.022000000000000002,0.050800000000000005,456774636701154.562500
0.4158200000000001,0.0196,0.055600000000000004,456774636701154.562500
0.41583000000000003,0.0212,0.0524,456774636701154.562500
0.4158400000000001,0.0196,0.053200000000000004,456774636701154.562500
0.41585000000000005,0.022000000000000002,0.0436,456774636701154.562500
0.4158600000000001,0.0204,0.0468,456774636701154.562500
0.4158700000000001,0.0212,0.048400000000000006,456774636701154.562500
0.41588,0.0212,0.0476,456774636701154.562500
0.4158900000000001,0.0196,0.0412,456774636701154.562500
0.41590000000000005,0.0212,0.050800000000000005,456774636701154.562500
0.4159100000000001,0.0204,0.054,456774636701154.562500
0.41592000000000007,0.0228,0.0572,456774636701154.562500
0.41593,0.0204,0.055600000000000004,456774636701154.562500
0.4159400000000001,0.022000000000000002,0.0572,456774636701154.562500
0.41595000000000004,0.0228,0.0516,456774636701154.562500
0.4159600000000001,0.0228,0.058,456774636701154.562500
0.41597000000000006,0.0244,0.045200000000000004,456774636701154.562500
0.4159800000000001,0.0196,0.0572,456774636701154.562500
0.4159900000000001,0.0228,0.050800000000000005,456774636701154.562500
0.41600000000000004,0.0236,0.056400000000000006,456774636701154.562500
0.4160100000000001,0.0236,0.0524,456774636701154.562500
0.41602000000000006,0.0228,0.0572,456774636701154.562500
0.4160300000000001,0.0244,0.054,456774636701154.562500
0.4160400000000001,0.0212,0.053200000000000004,456774636701154.562500
0.41605000000000003,0.0236,0.054,456774636701154.562500
0.4160600000000001,0.0228,0.0548,456774636701154.562500
0.41607000000000005,0.0228,0.0524,456774636701154.562500
0.4160800000000001,0.022000000000000002,0.053200000000000004,456774636701154.562500
0.41609000000000007,0.0164,0.056400000000000006,456774636701154.562500
0.4161,0.0212,0.0476,456774636701154.562500
0.4161100000000001,0.0172,0.0492,456774636701154.562500
0.41612000000000005,0.0212,0.0524,456774636701154.562500
0.4161300000000001,0.0196,0.056400000000000006,456774636701154.562500
0.41614000000000007,0.0228,0.053200000000000004,456774636701154.562500
0.41615,0.022000000000000002,0.055600000000000004,456774636701154.562500
0.4161600000000001,0.022000000000000002,0.053200000000000004,456774636701154.562500
0.41617000000000004,0.022000000000000002,0.058,456774636701154.562500
0.4161800000000001,0.022000000000000002,0.055600000000000004,456774636701154.562500
0.41619000000000006,0.022000000000000002,0.0548,456774636701154.562500
0.4162000000000001,0.0228,0.055600000000000004,456774636701154.562500
0.4162100000000001,0.0228,0.05,456774636701154.562500
0.41622000000000003,0.022000000000000002,0.058,456774636701154.562500
0.4162300000000001,0.0236,0.056400000000000006,456774636701154.562500
0.41624000000000005,0.0196,0.058,456774636701154.562500
0.4162500000000001,0.0244,0.055600000000000004,456774636701154.562500
0.4162600000000001,0.0204,0.040400000000000005,456774636701154.562500
0.41627000000000003,0.0252,0.054,456774636701154.562500
0.4162800000000001,0.0236,0.0468,456774636701154.562500
0.41629000000000005,0.022000000000000002,0.058,456774636701154.562500
0.4163000000000001,0.0244,0.055600000000000004,456774636701154.562500
0.41631000000000007,0.0204,0.054,456774636701154.562500
0.41632,0.0228,0.055600000000000004,456774636701154.562500
0.4163300000000001,0.022000000000000002,0.0548,456774636701154.562500
0.41634000000000004,0.0228,0.0572,456774636701154.562500
0.4163500000000001,0.018000000000000002,0.0548,456774636701154.562500
0.41636000000000006,0.022000000000000002,0.0524,456774636701154.562500
0.41637000000000013,0.0212,0.056400000000000006,456774636701154.562500
0.4163800000000001,0.0228,0.0492,456774636701154.562500
0.41639000000000004,0.0244,0.055600000000000004,456774636701154.562500
0.4164000000000001,0.0228,0.056400000000000006,456774636701154.562500
0.41641000000000006,0.022000000000000002,0.056400000000000006,456774636701154.562500
0.4164200000000001,0.0196,0.055600000000000004,456774636701154.562500
0.4164300000000001,0.022000000000000002,0.055600000000000004,456774636701154.562500
0.41644000000000003,0.022000000000000002,0.055600000000000004,456774636701154.562500
0.4164500000000001,0.0228,0.056400000000000006,456774636701154.562500
0.41646000000000005,0.0212,0.0548,456774636701154.562500
0.4164700000000001,0.022000000000000002,0.0572,456774636701154.562500
0.4164800000000001,0.0228,0.054,456774636701154.562500
0.41649,0.022000000000000002,0.0516,456774636701154.562500
0.4165000000000001,0.022000000000000002,0.056400000000000006,456774636701154.562500
0.41651000000000005,0.0228,0.0572,456774636701154.562500
0.4165200000000001,0.022000000000000002,0.055600000000000004,456774636701154.562500
0.41653000000000007,0.0228,0.0572,456774636701154.562500
0.41654,0.0228,0.048400000000000006,456774636701154.562500
0.4165500000000001,0.0244,0.056400000000000006,456774636701154.562500
0.41656000000000004,0.022000000000000002,0.054,456774636701154.562500
0.4165700000000001,0.0236,0.053200000000000004,456774636701154.562500
0.41658000000000006,0.0236,0.055600000000000004,456774636701154.562500
0.4165900000000001,0.0244,0.056400000000000006,456774636701154.562500
0.4166000000000001,0.0212,0.056400000000000006,456774636701154.562500
0.41661000000000004,0.0244,0.056400000000000006,456774636701154.562500
0.4166200000000001,0.0196,0.050800000000000005,456774636701154.562500
0.41663000000000006,0.0252,0.0516,456774636701154.562500
0.4166400000000001,0.0204,0.05,456774636701154.562500
0.4166500000000001,0.0236,0.0524,456774636701154.562500
0.41666000000000003,0.022000000000000002,0.0476,456774636701154.562500
0.4166700000000001,0.0236,0.055600000000000004,456774636701154.562500
0.41668000000000005,0.0212,0.055600000000000004,456774636701154.562500
0.4166900000000001,0.0212,0.058800000000000005,456774636701154.562500
0.41670000000000007,0.0236,0.056400000000000006,456774636701154.562500
0.41671,0.0188,0.054,456774636701154.562500
0.4167200000000001,0.0212,0.050800000000000005,456774636701154.562500
0.41673000000000004,0.0228,0.056400000000000006,456774636701154.562500
0.4167400000000001,0.0212,0.0572,456774636701154.562500
0.41675000000000006,0.022000000000000002,0.056400000000000006,456774636701154.562500
0.41676000000000013,0.0228,0.054,456774636701154.562500
0.4167700000000001,0.022000000000000002,0.0572,456774636701154.562500
0.41678000000000004,0.0228,0.055600000000000004,456774636701154.562500
0.4167900000000001,0.022000000000000002,0.055600000000000004,456774636701154.562500
0.41680000000000006,0.022000000000000002,0.056400000000000006,456774636701154.562500
0.4168100000000001,0.0236,0.056400000000000006,456774636701154.562500
0.4168200000000001,0.022000000000000002,0.056400000000000006,456774636701154.562500
0.41683000000000003,0.022000000000000002,0.056400000000000006,456774636701154.562500
0.4168400000000001,0.0228,0.055600000000000004,456774636701154.562500
0.41685000000000005,0.0236,0.058,456774636701154.562500
0.4168600000000001,0.022000000000000002,0.058,456774636701154.562500
0.4168700000000001,0.0236,0.056400000000000006,456774636701154.562500
0.41688000000000003,0.026000000000000002,0.056400000000000006,456774636701154.562500
0.4168900000000001,0.0244,0.058800000000000005,456774636701154.562500
0.41690000000000005,0.0228,0.0572,456774636701154.562500
0.4169100000000001,0.022000000000000002,0.0572,456774636701154.562500
0.41692000000000007,0.0244,0.056400000000000006,456774636701154.562500
0.41693,0.0236,0.050800000000000005,456774636701154.562500
0.4169400000000001,0.0236,0.055600000000000004,456774636701154.562500
0.41695000000000004,0.026000000000000002,0.056400000000000006,456774636701154.562500
0.4169600000000001,0.0244,0.0572,456774636701154.562500
0.41697000000000006,0.0236,0.0572,456774636701154.562500
0.41698000000000013,0.022000000000000002,0.058,456774636701154.562500
0.4169900000000001,0.0228,0.05,456774636701154.562500
0.41700000000000004,0.0212,0.0572,456774636701154.562500
0.4170100000000001,0.022000000000000002,0.055600000000000004,456774636701154.562500
0.41702000000000006,0.022000000000000002,0.058,456774636701154.562500
0.4170300000000001,0.0228,0.056400000000000006,456774636701154.562500
0.4170400000000001,0.022000000000000002,0.055600000000000004,456774636701154.562500
0.41705000000000003,0.022000000000000002,0.058,456774636701154.562500
0.4170600000000001,0.022000000000000002,0.0548,456774636701154.562500
0.41707000000000005,0.022000000000000002,0.058,456774636701154.562500
0.4170800000000001,0.0228,0.055600000000000004,456774636701154.562500
0.41709000000000007,0.022000000000000002,0.055600000000000004,456774636701154.562500
0.4171,0.0228,0.056400000000000006,456774636701154.562500
0.4171100000000001,0.0236,0.0516,456774636701154.562500
0.41712000000000005,0.0228,0.0572,456774636701154.562500
0.4171300000000001,0.0228,0.055600000000000004,456774636701154.562500
0.41714000000000007,0.0244,0.056400000000000006,456774636701154.562500
0.41715,0.0212,0.053200000000000004,456774636701154.562500
0.4171600000000001,0.0244,0.055600000000000004,456774636701154.562500
0.41717000000000004,0.022000000000000002,0.056400000000000006,456774636701154.562500
0.4171800000000001,0.0244,0.055600000000000004,456774636701154.562500
0.41719000000000006,0.0212,0.0548,456774636701154.562500
0.4172000000000001,0.0236,0.0572,456774636701154.562500
0.4172100000000001,0.0244,0.055600000000000004,456774636701154.562500
0.41722000000000004,0.0236,0.056400000000000006,456774636701154.562500
0.4172300000000001,0.0244,0.055600000000000004,456774636701154.562500
0.41724000000000006,0.0236,0.056400000000000006,456774636701154.562500
0.4172500000000001,0.0236,0.055600000000000004,456774636701154.562500
0.4172600000000001,0.0244,0.055600000000000004,456774636701154.562500
0.41727000000000003,0.0244,0.0476,456774636701154.562500
0.4172800000000001,0.0228,0.0548,456774636701154.562500
0.41729000000000005,0.022000000000000002,0.0476,456774636701154.562500
0.4173000000000001,0.022000000000000002,0.0524,456774636701154.562500
0.41731000000000007,0.0228,0.0476,456774636701154.562500
0.41732,0.022000000000000002,0.055600000000000004,456774636701154.562500
0.4173300000000001,0.0228,0.055600000000000004,456774636701154.562500
0.41734000000000004,0.0236,0.056400000000000006,456774636701154.562500
0.4173500000000001,0.0212,0.0492,456774636701154.562500
0.41736000000000006,0.0228,0.0492,456774636701154.562500
0.41737000000000013,0.022000000000000002,0.0396,456774636701154.562500
0.4173800000000001,0.0212,0.0548,456774636701154.562500
0.41739000000000004,0.022000000000000002,0.050800000000000005,456774636701154.562500
0.4174000000000001,0.022000000000000002,0.055600000000000004,456774636701154.562500
0.41741000000000006,0.0236,0.056400000000000006,456774636701154.562500
0.4174200000000001,0.0212,0.0524,456774636701154.562500
0.4174300000000001,0.0188,0.0572,456774636701154.562500
0.41744000000000003,0.0236,0.0572,456774636701154.562500
0.4174500000000001,0.0228,0.0572,456774636701154.562500
0.41746000000000005,0.0236,0.0524,456774636701154.562500
0.4174700000000001,0.0244,0.0572,456774636701154.562500
0.4174800000000001,0.0228,0.054,456774636701154.562500
0.41749,0.0228,0.055600000000000004,456774636701154.562500
0.4175000000000001,0.0244,0.050800000000000005,456774636701154.562500
0.41751000000000005,0.0236,0.058800000000000005,456774636701154.562500
0.4175200000000001,0.022000000000000002,0.0492,456774636701154.562500
0.41753000000000007,0.0228,0.058,456774636701154.562500
0.41754,0.0236,0.0516,456774636701154.562500
0.4175500000000001,0.0228,0.0516,456774636701154.562500
0.41756000000000004,0.022000000000000002,0.0516,456774636701154.562500
0.4175700000000001,0.0188,0.056400000000000006,456774636701154.562500
0.41758000000000006,0.0244,0.05,456774636701154.562500
0.41759000000000013,0.0204,0.056400000000000006,456774636701154.562500
0.4176000000000001,0.0228,0.0572,456774636701154.562500
0.41761000000000004,0.022000000000000002,0.055600000000000004,456774636701154.562500
0.4176200000000001,0.0212,0.0524,456774636701154.562500
0.41763000000000006,0.0228,0.058,456774636701154.562500
0.4176400000000001,0.0188,0.056400000000000006,456774636701154.562500
0.4176500000000001,0.0236,0.0548,456774636701154.562500
0.41766000000000003,0.022000000000000002,0.0548,456774636701154.562500
0.4176700000000001,0.0236,0.056400000000000006,456774636701154.562500
0.41768000000000005,0.022000000000000002,0.055600000000000004,456774636701154.562500
0.4176900000000001,0.0196,0.058,456774636701154.562500
0.41770000000000007,0.0212,0.0548,456774636701154.562500
0.41771,0.0212,0.056400000000000006,456774636701154.562500
0.4177200000000001,0.022000000000000002,0.048400000000000006,456774636701154.562500
0.41773000000000005,0.0188,0.055600000000000004,456774636701154.562500
0.4177400000000001,0.022000000000000002,0.055600000000000004,456774636701154.562500
0.41775000000000007,0.0204,0.0524,456774636701154.562500
0.41776,0.0236,0.055600000000000004,456774636701154.562500
0.4177700000000001,0.0228,0.0524,456774636701154.562500
0.41778000000000004,0.0252,0.054,456774636701154.562500
0.4177900000000001,0.0236,0.0548,456774636701154.562500
0.41780000000000006,0.0244,0.0548,456774636701154.562500
0.4178100000000001,0.0236,0.055600000000000004,456774636701154.562500
0.4178200000000001,0.0252,0.056400000000000006,456774636701154.562500
0.41783000000000003,0.0236,0.058,456774636701154.562500
0.4178400000000001,0.0244,0.056400000000000006,456774636701154.562500
0.41785000000000005,0.0252,0.055600000000000004,456774636701154.562500
0.4178600000000001,0.022000000000000002,0.056400000000000006,456774636701154.562500
0.4178700000000001,0.022000000000000002,0.058800000000000005,456774636701154.562500
0.41788000000000003,0.0244,0.055600000000000004,456774636701154.562500
0.4178900000000001,0.022000000000000002,0.056400000000000006,456774636701154.562500
0.41790000000000005,0.022000000000000002,0.0572,456774636701154.562500
0.4179100000000001,0.022000000000000002,0.058,456774636701154.562500
0.41792000000000007,0.0228,0.0572,456774636701154.562500
0.41793,0.022000000000000002,0.056400000000000006,456774636701154.562500
0.4179400000000001,0.0212,0.056400000000000006,456774636701154.562500
0.41795000000000004,0.0212,0.053200000000000004,456774636701154.562500
0.4179600000000001,0.022000000000000002,0.0572,456774636701154.562500
0.41797000000000006,0.0196,0.058,456774636701154.562500
0.41798000000000013,0.0204,0.056400000000000006,456774636701154.562500
0.4179900000000001,0.0212,0.058,456774636701154.562500
0.41800000000000004,0.0212,0.054,456774636701154.562500
0.4180100000000001,0.0228,0.056400000000000006,456774636701154.562500
0.41802000000000006,0.0196,0.055600000000000004,456774636701154.562500
0.4180300000000001,0.0196,0.055600000000000004,456774636701154.562500
0.4180400000000001,0.0228,0.055600000000000004,456774636701154.562500
0.41805000000000003,0.022000000000000002,0.055600000000000004,456774636701154.562500
0.4180600000000001,0.022000000000000002,0.054,456774636701154.562500
0.41807000000000005,0.0236,0.050800000000000005,456774636701154.562500
0.4180800000000001,0.018000000000000002,0.056400000000000006,456774636701154.562500
0.4180900000000001,0.0252,0.055600000000000004,456774636701154.562500
0.4181,0.0244,0.058,456774636701154.562500
0.4181100000000001,0.0244,0.058,456774636701154.562500
0.41812000000000005,0.0244,0.053200000000000004,456774636701154.562500
0.4181300000000001,0.0212,0.055600000000000004,456774636701154.562500
0.41814000000000007,0.018000000000000002,0.056400000000000006,456774636701154.562500
0.41815,0.0228,0.0548,456774636701154.562500
0.4181600000000001,0.0196,0.054,456774636701154.562500
0.41817000000000004,0.0236,0.056400000000000006,456774636701154.562500
0.4181800000000001,0.0212,0.056400000000000006,456774636701154.562500
0.41819000000000006,0.0236,0.058,456774636701154.562500
0.4182000000000001,0.0188,0.055600000000000004,456774636701154.562500
0.4182100000000001,0.0244,0.0572,456774636701154.562500
0.41822000000000004,0.0228,0.055600000000000004,456774636701154.562500
0.4182300000000001,0.0188,0.055600000000000004,456774636701154.562500
0.41824000000000006,0.0196,0.058,456774636701154.562500
0.4182500000000001,0.0172,0.0572,456774636701154.562500
0.4182600000000001,0.0204,0.056400000000000006,456774636701154.562500
0.41827000000000003,0.0148,0.046,456774636701154.562500
0.4182800000000001,0.0172,0.0572,456774636701154.562500
0.41829000000000005,0.018000000000000002,0.056400000000000006,456774636701154.562500
0.4183000000000001,0.0196,0.055600000000000004,456774636701154.562500
0.41831000000000007,0.0172,0.0524,456774636701154.562500
0.41832,0.0204,0.0572,456774636701154.562500
0.4183300000000001,0.0196,0.056400000000000006,456774636701154.562500
0.41834000000000005,0.0172,0.055600000000000004,456774636701154.562500
0.4183500000000001,0.0196,0.058,456774636701154.562500
0.41836000000000007,0.0228,0.058,456774636701154.562500
0.41837,0.0236,0.0572,456774636701154.562500
0.4183800000000001,0.0236,0.055600000000000004,456774636701154.562500
0.41839000000000004,0.0228,0.054,456774636701154.562500
0.4184000000000001,0.022000000000000002,0.0572,456774636701154.562500
0.41841000000000006,0.0228,0.055600000000000004,456774636701154.562500
0.4184200000000001,0.0244,0.0548,456774636701154.562500
0.4184300000000001,0.0236,0.0572,456774636701154.562500
0.41844000000000003,0.0236,0.0548,456774636701154.562500
0.4184500000000001,0.0244,0.055600000000000004,456774636701154.562500
0.41846000000000005,0.022000000000000002,0.056400000000000006,456774636701154.562500
0.4184700000000001,0.0236,0.058,456774636701154.562500
0.4184800000000001,0.0236,0.048400000000000006,456774636701154.562500
0.41849000000000003,0.0228,0.056400000000000006,456774636701154.562500
0.4185000000000001,0.0236,0.0492,456774636701154.562500
0.41851000000000005,0.0236,0.056400000000000006,456774636701154.562500
0.4185200000000001,0.022000000000000002,0.053200000000000004,456774636701154.562500
0.41853000000000007,0.0228,0.0548,456774636701154.562500
0.41854,0.0212,0.0492,456774636701154.562500
0.4185500000000001,0.0228,0.0468,456774636701154.562500
0.41856000000000004,0.0212,0.056400000000000006,456774636701154.562500
0.4185700000000001,0.0228,0.055600000000000004,456774636701154.562500
0.41858000000000006,0.022000000000000002,0.056400000000000006,456774636701154.562500
0.41859000000000013,0.0228,0.056400000000000006,456774636701154.562500
0.4186000000000001,0.0204,0.0516,456774636701154.562500
0.41861000000000004,0.0212,0.058,456774636701154.562500
0.4186200000000001,0.0228,0.055600000000000004,456774636701154.562500
0.41863000000000006,0.0196,0.055600000000000004,456774636701154.562500
0.4186400000000001,0.0212,0.050800000000000005,456774636701154.562500
0.4186500000000001,0.0188,0.0548,456774636701154.562500
0.41866000000000003,0.0212,0.045200000000000004,456774636701154.562500
0.4186700000000001,0.022000000000000002,0.05,456774636701154.562500
0.41868000000000005,0.0236,0.05,456774636701154.562500
0.4186900000000001,0.0188,0.0548,456774636701154.562500
0.41870000000000007,0.0236,0.0468,456774636701154.562500
0.41871,0.022000000000000002,0.054,456774636701154.562500
0.4187200000000001,0.0196,0.054,456774636701154.562500
0.41873000000000005,0.0196,0.055600000000000004,456774636701154.562500
0.4187400000000001,0.0196,0.0524,456774636701154.562500
0.41875000000000007,0.0172,0.0548,456774636701154.562500
0.41876,0.022000000000000002,0.050800000000000005,456774636701154.562500
0.4187700000000001,0.0236,0.0572,456774636701154.562500
0.41878000000000004,0.0228,0.054,456774636701154.562500
0.4187900000000001,0.0244,0.056400000000000006,456774636701154.562500
0.41880000000000006,0.0252,0.0572,456774636701154.562500
0.4188100000000001,0.022000000000000002,0.0572,456774636701154.562500
0.4188200000000001,0.022000000000000002,0.053200000000000004,456774636701154.562500
0.41883000000000004,0.022000000000000002,0.058,456774636701154.562500
0.4188400000000001,0.022000000000000002,0.056400000000000006,456774636701154.562500
0.41885000000000006,0.0212,0.055600000000000004,456774636701154.562500
0.4188600000000001,0.0204,0.0548,456774636701154.562500
0.4188700000000001,0.022000000000000002,0.0572,456774636701154.562500
0.41888000000000003,0.0228,0.056400000000000006,456774636701154.562500
0.4188900000000001,0.0228,0.054,456774636701154.562500
0.41890000000000005,0.0236,0.058,456774636701154.562500
0.4189100000000001,0.022000000000000002,0.053200000000000004,456774636701154.562500
0.41892000000000007,0.0228,0.0572,456774636701154.562500
0.41893,0.0204,0.0444,456774636701154.562500
0.4189400000000001,0.0212,0.055600000000000004,456774636701154.562500
0.41895000000000004,0.0212,0.050800000000000005,456774636701154.562500
0.4189600000000001,0.0228,0.055600000000000004,456774636701154.562500
0.41897000000000006,0.0188,0.056400000000000006,456774636701154.562500
0.41898000000000013,0.0244,0.0572,456774636701154.562500
0.4189900000000001,0.018000000000000002,0.0492,456774636701154.562500
0.41900000000000004,0.0212,0.0572,456774636701154.562500
0.4190100000000001,0.0244,0.0572,456774636701154.562500
0.41902000000000006,0.022000000000000002,0.0572,456774636701154.562500
0.4190300000000001,0.022000000000000002,0.0572,456774636701154.562500
0.4190400000000001,0.0212,0.055600000000000004,456774636701154.562500
0.41905000000000003,0.0228,0.058,456774636701154.562500
0.4190600000000001,0.0236,0.0548,456774636701154.562500
0.41907000000000005,0.0236,0.0516,456774636701154.562500
0.4190800000000001,0.022000000000000002,0.0572,456774636701154.562500
0.4190900000000001,0.0228,0.055600000000000004,456774636701154.562500
0.41910000000000003,0.0228,0.0572,456774636701154.562500
0.4191100000000001,0.0236,0.055600000000000004,456774636701154.562500
0.41912000000000005,0.022000000000000002,0.0572,456774636701154.562500
0.4191300000000001,0.0212,0.056400000000000006,456774636701154.562500
0.41914000000000007,0.0204,0.058,456774636701154.562500
0.41915,0.022000000000000002,0.058,456774636701154.562500
0.4191600000000001,0.0204,0.056400000000000006,456774636701154.562500
0.41917000000000004,0.0212,0.055600000000000004,456774636701154.562500
0.4191800000000001,0.022000000000000002,0.055600000000000004,456774636701154.562500
0.41919000000000006,0.022000000000000002,0.058,456774636701154.562500
0.41920000000000013,0.0196,0.0572,456774636701154.562500
0.4192100000000001,0.022000000000000002,0.0572,456774636701154.562500
0.41922000000000004,0.0212,0.055600000000000004,456774636701154.562500
0.4192300000000001,0.0236,0.058,456774636701154.562500
0.41924000000000006,0.0228,0.058,456774636701154.562500
0.4192500000000001,0.0212,0.056400000000000006,456774636701154.562500
0.4192600000000001,0.0244,0.0572,456774636701154.562500
0.41927000000000003,0.0204,0.050800000000000005,456774636701154.562500
0.4192800000000001,0.022000000000000002,0.056400000000000006,456774636701154.562500
0.41929000000000005,0.0244,0.055600000000000004,456774636701154.562500
0.4193000000000001,0.0244,0.056400000000000006,456774636701154.562500
0.41931000000000007,0.0236,0.055600000000000004,456774636701154.562500
0.41932,0.0236,0.050800000000000005,456774636701154.562500
0.4193300000000001,0.0236,0.0468,456774636701154.562500
0.41934000000000005,0.0244,0.055600000000000004,456774636701154.562500
0.4193500000000001,0.0236,0.056400000000000006,456774636701154.562500
0.41936000000000007,0.0244,0.0516,456774636701154.562500
0.41937,0.0244,0.058,456774636701154.562500
0.4193800000000001,0.0236,0.056400000000000006,456774636701154.562500
0.41939000000000004,0.0244,0.0572,456774636701154.562500
0.4194000000000001,0.0228,0.055600000000000004,456774636701154.562500
0.41941000000000006,0.022000000000000002,0.048400000000000006,456774636701154.562500
0.4194200000000001,0.022000000000000002,0.0524,456774636701154.562500
0.4194300000000001,0.022000000000000002,0.054,456774636701154.562500
0.41944000000000004,0.0212,0.0548,456774636701154.562500
0.4194500000000001,0.0228,0.055600000000000004,456774636701154.562500
0.41946000000000006,0.022000000000000002,0.054,456774636701154.562500
0.4194700000000001,0.0204,0.056400000000000006,456774636701154.562500
0.4194800000000001,0.0196,0.0572,456774636701154.562500
0.41949000000000003,0.018000000000000002,0.056400000000000006,456774636701154.562500
0.4195000000000001,0.0204,0.056400000000000006,456774636701154.562500
0.41951000000000005,0.0204,0.0572,456774636701154.562500
0.4195200000000001,0.0212,0.055600000000000004,456774636701154.562500
0.41953000000000007,0.0196,0.0572,456774636701154.562500
0.41954,0.0164,0.056400000000000006,456774636701154.562500
0.4195500000000001,0.015600000000000001,0.0548,456774636701154.562500
0.41956000000000004,0.018000000000000002,0.058,456774636701154.562500
0.4195700000000001,0.0204,0.058,456774636701154.562500
0.41958000000000006,0.0212,0.0572,456774636701154.562500
0.41959000000000013,0.022000000000000002,0.056400000000000006,456774636701154.562500
0.4196000000000001,0.0244,0.056400000000000006,456774636701154.562500
0.41961000000000004,0.022000000000000002,0.0548,456774636701154.562500
0.4196200000000001,0.026000000000000002,0.055600000000000004,456774636701154.562500
0.41963000000000006,0.0228,0.0572,456774636701154.562500
0.4196400000000001,0.0252,0.056400000000000006,456774636701154.562500
0.4196500000000001,0.0212,0.056400000000000006,456774636701154.562500
0.41966000000000003,0.0252,0.055600000000000004,456774636701154.562500
0.4196700000000001,0.0228,0.055600000000000004,456774636701154.562500
0.41968000000000005,0.0212,0.054,456774636701154.562500
0.4196900000000001,0.0188,0.054,456774636701154.562500
0.4197000000000001,0.0212,0.058,456774636701154.562500
0.41971,0.0188,0.0572,456774636701154.562500
0.4197200000000001,0.0212,0.055600000000000004,456774636701154.562500
0.41973000000000005,0.0204,0.056400000000000006,456774636701154.562500
0.4197400000000001,0.0236,0.054,456774636701154.562500
0.41975000000000007,0.0188,0.055600000000000004,456774636701154.562500
0.41976,0.0204,0.056400000000000006,456774636701154.562500
0.4197700000000001,0.0236,0.055600000000000004,456774636701154.562500
0.41978000000000004,0.022000000000000002,0.056400000000000006,456774636701154.562500
0.4197900000000001,0.022000000000000002,0.055600000000000004,456774636701154.562500
0.41980000000000006,0.0212,0.055600000000000004,456774636701154.562500
0.4198100000000001,0.0212,0.0524,456774636701154.562500
0.4198200000000001,0.0212,0.054,456774636701154.562500
0.41983000000000004,0.022000000000000002,0.056400000000000006,456774636701154.562500
0.4198400000000001,0.0236,0.0572,456774636701154.562500
0.41985000000000006,0.022000000000000002,0.058,456774636701154.562500
0.4198600000000001,0.022000000000000002,0.056400000000000006,456774636701154.562500
0.4198700000000001,0.014,0.0572,456774636701154.562500
0.41988000000000003,0.0228,0.058,456774636701154.562500
0.4198900000000001,0.022000000000000002,0.058,456774636701154.562500
0.41990000000000005,0.0244,0.055600000000000004,456774636701154.562500
0.4199100000000001,0.0252,0.056400000000000006,456774636701154.562500
0.41992000000000007,0.0252,0.058,456774636701154.562500
0.41993,0.022000000000000002,0.0524,456774636701154.562500
0.4199400000000001,0.0244,0.0492,456774636701154.562500
0.41995000000000005,0.0244,0.046,456774636701154.562500
0.4199600000000001,0.0228,0.0412,456774636701154.562500
0.41997000000000007,0.0252,0.045200000000000004,456774636701154.562500
0.41998,0.0212,0.0516,456774636701154.562500
0.4199900000000001,0.0236,0.0548,456774636701154.562500
0.42000000000000004,0.022000000000000002,0.055600000000000004,456774636701154.562500
0.4200100000000001,0.0228,0.0524,456774636701154.562500
0.42002000000000006,0.022000000000000002,0.055600000000000004,456774636701154.562500
0.4200300000000001,0.022000000000000002,0.0476,456774636701154.562500
0.4200400000000001,0.0212,0.054,456774636701154.562500
0.42005000000000003,0.0204,0.05,456774636701154.562500
0.4200600000000001,0.0188,0.050800000000000005,456774636701154.562500
0.42007000000000005,0.018000000000000002,0.05,456774636701154.562500
0.4200800000000001,0.0204,0.046,456774636701154.562500
0.4200900000000001,0.0212,0.045200000000000004,456774636701154.562500
0.42010000000000003,0.0164,0.0524,456774636701154.562500
0.4201100000000001,0.022000000000000002,0.0476,456774636701154.562500
0.42012000000000005,0.0196,0.054,456774636701154.562500
0.4201300000000001,0.022000000000000002,0.053200000000000004,456774636701154.562500
0.42014000000000007,0.0196,0.056400000000000006,456774636701154.562500
0.42015,0.0236,0.045200000000000004,456774636701154.562500
0.4201600000000001,0.0236,0.0524,456774636701154.562500
0.42017000000000004,0.0228,0.045200000000000004,456774636701154.562500
0.4201800000000001,0.0244,0.054,456774636701154.562500
0.42019000000000006,0.0228,0.0524,456774636701154.562500
0.42020000000000013,0.026000000000000002,0.0468,456774636701154.562500
0.4202100000000001,0.0236,0.053200000000000004,456774636701154.562500
0.42022000000000004,0.0236,0.050800000000000005,456774636701154.562500
0.4202300000000001,0.0236,0.056400000000000006,456774636701154.562500
0.42024000000000006,0.0244,0.056400000000000006,456774636701154.562500
0.4202500000000001,0.0244,0.056400000000000006,456774636701154.562500
0.4202600000000001,0.0204,0.055600000000000004,456774636701154.562500
0.42027000000000003,0.0244,0.0572,456774636701154.562500
0.4202800000000001,0.0252,0.054,456774636701154.562500
0.42029000000000005,0.022000000000000002,0.056400000000000006,456774636701154.562500
0.4203000000000001,0.0212,0.055600000000000004,456774636701154.562500
0.4203100000000001,0.0236,0.0492,456774636701154.562500
0.42032,0.0228,0.055600000000000004,456774636701154.562500
0.4203300000000001,0.0228,0.0548,456774636701154.562500
0.42034000000000005,0.022000000000000002,0.056400000000000006,456774636701154.562500
0.4203500000000001,0.0204,0.056400000000000006,456774636701154.562500
0.42036000000000007,0.0204,0.050800000000000005,456774636701154.562500
0.42037,0.015600000000000001,0.056400000000000006,456774636701154.562500
0.4203800000000001,0.0204,0.042800000000000005,456774636701154.562500
0.42039000000000004,0.0196,0.056400000000000006,456774636701154.562500
0.4204000000000001,0.022000000000000002,0.055600000000000004,456774636701154.562500
0.42041000000000006,0.0228,0.055600000000000004,456774636701154.562500
0.4204200000000001,0.0196,0.0572,456774636701154.562500
0.4204300000000001,0.022000000000000002,0.056400000000000006,456774636701154.562500
0.42044000000000004,0.0212,0.056400000000000006,456774636701154.562500
0.4204500000000001,0.0188,0.055600000000000004,456774636701154.562500
0.42046000000000006,0.0196,0.058,456774636701154.562500
0.4204700000000001,0.022000000000000002,0.056400000000000006,456774636701154.562500
0.4204800000000001,0.018000000000000002,0.055600000000000004,456774636701154.562500
0.42049000000000003,0.0212,0.054,456774636701154.562500
0.4205000000000001,0.0164,0.0572,456774636701154.562500
0.42051000000000005,0.022000000000000002,0.050800000000000005,456774636701154.562500
0.4205200000000001,0.0236,0.054,456774636701154.562500
0.42053000000000007,0.0228,0.055600000000000004,456774636701154.562500
0.42054,0.0244,0.058,456774636701154.562500
0.4205500000000001,0.0236,0.054,456774636701154.562500
0.42056000000000004,0.0252,0.056400000000000006,456774636701154.562500
0.4205700000000001,0.0228,0.0524,456774636701154.562500
0.42058000000000006,0.0244,0.058800000000000005,456774636701154.562500
0.42059000000000013,0.0228,0.053200000000000004,456774636701154.562500
0.4206000000000001,0.0228,0.054,456774636701154.562500
0.42061000000000004,0.0228,0.058800000000000005,456774636701154.562500
0.4206200000000001,0.0212,0.0572,456774636701154.562500
0.42063000000000006,0.0212,0.058,456774636701154.562500
0.4206400000000001,0.0236,0.056400000000000006,456774636701154.562500
0.4206500000000001,0.0236,0.056400000000000006,456774636701154.562500
0.42066000000000003,0.0228,0.05,456774636701154.562500
0.4206700000000001,0.0236,0.055600000000000004,456774636701154.562500
0.42068000000000005,0.022000000000000002,0.0572,456774636701154.562500
0.4206900000000001,0.022000000000000002,0.055600000000000004,456774636701154.562500
0.4207000000000001,0.0236,0.054,456774636701154.562500
0.42071000000000003,0.022000000000000002,0.0548,456774636701154.562500
0.4207200000000001,0.0212,0.054,456774636701154.562500
0.42073000000000005,0.0228,0.054,456774636701154.562500
0.4207400000000001,0.022000000000000002,0.0548,456774636701154.562500
0.42075000000000007,0.0212,0.055600000000000004,456774636701154.562500
0.42076,0.0212,0.055600000000000004,456774636701154.562500
0.4207700000000001,0.0228,0.050800000000000005,456774636701154.562500
0.42078000000000004,0.022000000000000002,0.053200000000000004,456774636701154.562500
0.4207900000000001,0.0236,0.0572,456774636701154.562500
0.42080000000000006,0.0244,0.055600000000000004,456774636701154.562500
0.42081000000000013,0.0244,0.056400000000000006,456774636701154.562500
0.4208200000000001,0.0228,0.0516,456774636701154.562500
0.42083000000000004,0.0236,0.058,456774636701154.562500
0.4208400000000001,0.0204,0.055600000000000004,456774636701154.562500
0.42085000000000006,0.0244,0.058,456774636701154.562500
0.4208600000000001,0.0236,0.0572,456774636701154.562500
0.4208700000000001,0.0252,0.0572,456774636701154.562500
0.42088000000000003,0.0236,0.054,456774636701154.562500
0.4208900000000001,0.0236,0.0572,456774636701154.562500
0.42090000000000005,0.0228,0.058,456774636701154.562500
0.4209100000000001,0.0244,0.0572,456774636701154.562500
0.42092000000000007,0.022000000000000002,0.054,456774636701154.562500
0.42093,0.0236,0.0548,456774636701154.562500
0.4209400000000001,0.022000000000000002,0.056400000000000006,456774636701154.562500
0.42095000000000005,0.0228,0.0524,456774636701154.562500
0.4209600000000001,0.022000000000000002,0.055600000000000004,456774636701154.562500
0.42097000000000007,0.0228,0.0524,456774636701154.562500
0.42098,0.0196,0.054,456774636701154.562500
0.4209900000000001,0.0228,0.0524,456774636701154.562500
0.42100000000000004,0.018000000000000002,0.058,456774636701154.562500
0.4210100000000001,0.0204,0.0516,456774636701154.562500
0.42102000000000006,0.022000000000000002,0.058,456774636701154.562500
0.4210300000000001,0.022000000000000002,0.05,456774636701154.562500
0.4210400000000001,0.0212,0.055600000000000004,456774636701154.562500
0.42105000000000004,0.022000000000000002,0.0524,456774636701154.562500
0.4210600000000001,0.0204,0.056400000000000006,456774636701154.562500
0.42107000000000006,0.0204,0.0572,456774636701154.562500
0.4210800000000001,0.0164,0.053200000000000004,456774636701154.562500
0.4210900000000001,0.0212,0.054,456774636701154.562500
0.42110000000000003,0.0228,0.050800000000000005,456774636701154.562500
0.4211100000000001,0.0236,0.0572,456774636701154.562500
0.42112000000000005,0.0244,0.058,456774636701154.562500
0.4211300000000001,0.0228,0.058,456774636701154.562500
0.42114000000000007,0.0228,0.056400000000000006,456774636701154.562500
0.42115,0.0172,0.058,456774636701154.562500
0.4211600000000001,0.0204,0.0524,456774636701154.562500
0.42117000000000004,0.0196,0.055600000000000004,456774636701154.562500
0.4211800000000001,0.0252,0.056400000000000006,456774636701154.562500
0.42119000000000006,0.0236,0.054,456774636701154.562500
0.42120000000000013,0.0244,0.055600000000000004,456774636701154.562500
0.4212100000000001,0.0236,0.055600000000000004,456774636701154.562500
0.42122000000000004,0.022000000000000002,0.055600000000000004,456774636701154.562500
0.4212300000000001,0.0228,0.055600000000000004,456774636701154.562500
0.42124000000000006,0.0236,0.054,456774636701154.562500
0.4212500000000001,0.022000000000000002,0.0524,456774636701154.562500
0.4212600000000001,0.0212,0.058,456774636701154.562500
0.42127000000000003,0.0236,0.0492,456774636701154.562500
0.4212800000000001,0.0244,0.05,456774636701154.562500
0.42129000000000005,0.022000000000000002,0.055600000000000004,456774636701154.562500
0.4213000000000001,0.0196,0.0492,456774636701154.562500
0.4213100000000001,0.0188,0.0548,456774636701154.562500
0.42132000000000003,0.0188,0.058,456774636701154.562500
0.4213300000000001,0.022000000000000002,0.0524,456774636701154.562500
0.42134000000000005,0.0172,0.053200000000000004,456774636701154.562500
0.4213500000000001,0.0228,0.0548,456774636701154.562500
0.42136000000000007,0.0236,0.056400000000000006,456774636701154.562500
0.42137,0.0228,0.056400000000000006,456774636701154.562500
0.4213800000000001,0.0236,0.058,456774636701154.562500
0.42139000000000004,0.0212,0.0548,456774636701154.562500
0.4214000000000001,0.0228,0.0548,456774636701154.562500
0.42141000000000006,0.0236,0.0572,456774636701154.562500
0.42142000000000013,0.0236,0.055600000000000004,456774636701154.562500
0.4214300000000001,0.0244,0.056400000000000006,456774636701154.562500
0.42144000000000004,0.0236,0.056400000000000006,456774636701154.562500
0.4214500000000001,0.0252,0.0572,456774636701154.562500
0.42146000000000006,0.0244,0.054,456774636701154.562500
0.4214700000000001,0.0252,0.055600000000000004,456774636701154.562500
0.4214800000000001,0.0196,0.056400000000000006,456774636701154.562500
0.42149000000000003,0.022000000000000002,0.0572,456774636701154.562500
0.4215000000000001,0.0188,0.058,456774636701154.562500
0.42151000000000005,0.0252,0.0524,456774636701154.562500
0.4215200000000001,0.0188,0.055600000000000004,456774636701154.562500
0.42153000000000007,0.0228,0.0524,456774636701154.562500
0.42154,0.022000000000000002,0.0572,456774636701154.562500
0.4215500000000001,0.0236,0.055600000000000004,456774636701154.562500
0.42156000000000005,0.0228,0.055600000000000004,456774636701154.562500
0.4215700000000001,0.0236,0.056400000000000006,456774636701154.562500
0.42158000000000007,0.0236,0.0572,456774636701154.562500
0.42159,0.0164,0.053200000000000004,456774636701154.562500
0.4216000000000001,0.0212,0.0548,456774636701154.562500
0.42161000000000004,0.0228,0.050800000000000005,456774636701154.562500
0.4216200000000001,0.0228,0.055600000000000004,456774636701154.562500
0.42163000000000006,0.0236,0.053200000000000004,456774636701154.562500
0.4216400000000001,0.0212,0.0572,456774636701154.562500
0.4216500000000001,0.0236,0.0548,456774636701154.562500
0.42166000000000003,0.0212,0.055600000000000004,456774636701154.562500
0.4216700000000001,0.0212,0.0524,456774636701154.562500
0.42168000000000005,0.022000000000000002,0.058,456774636701154.562500
0.4216900000000001,0.0228,0.0548,456774636701154.562500
0.4217000000000001,0.0212,0.058,456774636701154.562500
0.42171000000000003,0.022000000000000002,0.056400000000000006,456774636701154.562500
0.4217200000000001,0.0236,0.058,456774636701154.562500
0.42173000000000005,0.0228,0.05,456774636701154.562500
0.4217400000000001,0.0236,0.056400000000000006,456774636701154.562500
0.42175000000000007,0.0244,0.0548,456774636701154.562500
0.42176,0.0204,0.0572,456774636701154.562500
0.4217700000000001,0.0244,0.0476,456774636701154.562500
0.42178000000000004,0.0236,0.055600000000000004,456774636701154.562500
0.4217900000000001,0.0228,0.0548,456774636701154.562500
0.42180000000000006,0.0228,0.056400000000000006,456774636701154.562500
0.42181000000000013,0.0236,0.055600000000000004,456774636701154.562500
0.4218200000000001,0.0204,0.0516,456774636701154.562500
0.42183000000000004,0.0244,0.054,456774636701154.562500
0.4218400000000001,0.022000000000000002,0.056400000000000006,456774636701154.562500
0.42185000000000006,0.0244,0.054,456774636701154.562500
0.4218600000000001,0.0236,0.0492,456774636701154.562500
0.4218700000000001,0.0204,0.0516,456774636701154.562500
0.42188000000000003,0.0228,0.0324,456774636701154.562500
0.4218900000000001,0.022000000000000002,0.054,456774636701154.562500
0.42190000000000005,0.0204,0.053200000000000004,456774636701154.562500
0.4219100000000001,0.0212,0.058,456774636701154.562500
0.4219200000000001,0.0228,0.055600000000000004,456774636701154.562500
0.42193,0.0212,0.0548,456774636701154.562500
0.4219400000000001,0.014,0.056400000000000006,456774636701154.562500
0.42195000000000005,0.0196,0.053200000000000004,456774636701154.562500
0.4219600000000001,0.0196,0.055600000000000004,456774636701154.562500
0.42197000000000007,0.0236,0.056400000000000006,456774636701154.562500
0.42198,0.022000000000000002,0.055600000000000004,456774636701154.562500
0.4219900000000001,0.0236,0.058800000000000005,456774636701154.562500
0.42200000000000004,0.022000000000000002,0.0524,456774636701154.562500
0.4220100000000001,0.022000000000000002,0.056400000000000006,456774636701154.562500
0.42202000000000006,0.0212,0.055600000000000004,456774636701154.562500
0.4220300000000001,0.0196,0.058800000000000005,456774636701154.562500
0.4220400000000001,0.0228,0.058,456774636701154.562500
0.42205000000000004,0.0244,0.055600000000000004,456774636701154.562500
0.4220600000000001,0.0244,0.0572,456774636701154.562500
0.42207000000000006,0.0236,0.055600000000000004,456774636701154.562500
0.4220800000000001,0.0236,0.0548,456774636701154.562500
0.4220900000000001,0.018000000000000002,0.0572,456774636701154.562500
0.42210000000000003,0.0244,0.056400000000000006,456774636701154.562500
0.4221100000000001,0.022000000000000002,0.055600000000000004,456774636701154.562500
0.42212000000000005,0.0236,0.0548,456774636701154.562500
0.4221300000000001,0.0228,0.055600000000000004,456774636701154.562500
0.42214000000000007,0.0252,0.056400000000000006,456774636701154.562500
0.42215,0.0228,0.048400000000000006,456774636701154.562500
0.4221600000000001,0.022000000000000002,0.0572,456774636701154.562500
0.42217000000000005,0.022000000000000002,0.0572,456774636701154.562500
0.4221800000000001,0.0228,0.053200000000000004,456774636701154.562500
0.42219000000000007,0.0204,0.058800000000000005,456774636701154.562500
0.42220000000000013,0.022000000000000002,0.053200000000000004,456774636701154.562500
0.4222100000000001,0.022000000000000002,0.056400000000000006,456774636701154.562500
0.42222000000000004,0.0236,0.05,456774636701154.562500
0.4222300000000001,0.0212,0.058,456774636701154.562500
0.42224000000000006,0.0212,0.0524,456774636701154.562500
0.4222500000000001,0.0228,0.055600000000000004,456774636701154.562500
0.4222600000000001,0.022000000000000002,0.0492,456774636701154.562500
0.42227000000000003,0.0212,0.0572,456774636701154.562500
0.4222800000000001,0.0212,0.056400000000000006,456774636701154.562500
0.42229000000000005,0.0228,0.0524,456774636701154.562500
0.4223000000000001,0.0228,0.0572,456774636701154.562500
0.4223100000000001,0.0244,0.0572,456774636701154.562500
0.42232000000000003,0.0212,0.0572,456774636701154.562500
0.4223300000000001,0.0244,0.0492,456774636701154.562500
0.42234000000000005,0.022000000000000002,0.056400000000000006,456774636701154.562500
0.4223500000000001,0.0244,0.055600000000000004,456774636701154.562500
0.42236000000000007,0.0244,0.054,456774636701154.562500
0.42237,0.0204,0.054,456774636701154.562500
0.4223800000000001,0.0244,0.0548,456774636701154.562500
0.42239000000000004,0.0172,0.054,456774636701154.562500
0.4224000000000001,0.0236,0.055600000000000004,456774636701154.562500
0.42241000000000006,0.0212,0.058,456774636701154.562500
0.42242000000000013,0.0236,0.056400000000000006,456774636701154.562500
0.4224300000000001,0.0236,0.0572,456774636701154.562500
0.42244000000000004,0.0244,0.055600000000000004,456774636701154.562500
0.4224500000000001,0.022000000000000002,0.056400000000000006,456774636701154.562500
0.42246000000000006,0.0236,0.0572,456774636701154.562500
0.4224700000000001,0.0228,0.055600000000000004,456774636701154.562500
0.4224800000000001,0.0204,0.0572,456774636701154.562500
0.42249000000000003,0.022000000000000002,0.0572,456774636701154.562500
0.4225000000000001,0.0164,0.055600000000000004,456774636701154.562500
0.42251000000000005,0.0228,0.058,456774636701154.562500
0.4225200000000001,0.022000000000000002,0.0572,456774636701154.562500
0.42253000000000007,0.0228,0.0524,456774636701154.562500
0.42254,0.0204,0.055600000000000004,456774636701154.562500
0.4225500000000001,0.0212,0.0572,456774636701154.562500
0.42256000000000005,0.022000000000000002,0.058,456774636701154.562500
0.4225700000000001,0.0228,0.055600000000000004,456774636701154.562500
0.42258000000000007,0.0188,0.0548,456774636701154.562500
0.42259,0.0228,0.056400000000000006,456774636701154.562500
0.4226000000000001,0.0228,0.0492,456774636701154.562500
0.42261000000000004,0.0212,0.0572,456774636701154.562500
0.4226200000000001,0.022000000000000002,0.0572,456774636701154.562500
0.42263000000000006,0.0236,0.055600000000000004,456774636701154.562500
0.4226400000000001,0.022000000000000002,0.0548,456774636701154.562500
0.4226500000000001,0.022000000000000002,0.053200000000000004,456774636701154.562500
0.42266000000000004,0.0236,0.054,456774636701154.562500
0.4226700000000001,0.0236,0.0492,456774636701154.562500
0.42268000000000006,0.026000000000000002,0.055600000000000004,456774636701154.562500
0.4226900000000001,0.0236,0.0548,456774636701154.562500
0.4227000000000001,0.0236,0.058,456774636701154.562500
0.42271000000000003,0.022000000000000002,0.055600000000000004,456774636701154.562500
0.4227200000000001,0.0236,0.0572,456774636701154.562500
0.42273000000000005,0.0236,0.055600000000000004,456774636701154.562500
0.4227400000000001,0.0236,0.0572,456774636701154.562500
0.42275000000000007,0.0244,0.0572,456774636701154.562500
0.42276,0.0228,0.050800000000000005,456774636701154.562500
0.4227700000000001,0.022000000000000002,0.0548,456774636701154.562500
0.42278000000000004,0.022000000000000002,0.0548,456774636701154.562500
0.4227900000000001,0.022000000000000002,0.055600000000000004,456774636701154.562500
0.42280000000000006,0.022000000000000002,0.054,456774636701154.562500
0.42281000000000013,0.0212,0.0548,456774636701154.562500
0.4228200000000001,0.022000000000000002,0.056400000000000006,456774636701154.562500
0.42283000000000004,0.022000000000000002,0.056400000000000006,456774636701154.562500
0.4228400000000001,0.0236,0.056400000000000006,456774636701154.562500
0.42285000000000006,0.0204,0.054,456774636701154.562500
0.4228600000000001,0.022000000000000002,0.056400000000000006,456774636701154.562500
0.4228700000000001,0.0228,0.055600000000000004,456774636701154.562500
0.42288000000000003,0.022000000000000002,0.0548,456774636701154.562500
0.4228900000000001,0.0228,0.054,456774636701154.562500
0.42290000000000005,0.022000000000000002,0.054,456774636701154.562500
0.4229100000000001,0.022000000000000002,0.054,456774636701154.562500
0.4229200000000001,0.022000000000000002,0.0516,456774636701154.562500
0.42293000000000003,0.0244,0.0548,456774636701154.562500
0.4229400000000001,0.0244,0.056400000000000006,456774636701154.562500
0.42295000000000005,0.022000000000000002,0.056400000000000006,456774636701154.562500
0.4229600000000001,0.0244,0.056400000000000006,456774636701154.562500
0.42297000000000007,0.022000000000000002,0.055600000000000004,456774636701154.562500
0.42298,0.0212,0.056400000000000006,456774636701154.562500
0.4229900000000001,0.0212,0.055600000000000004,456774636701154.562500
0.42300000000000004,0.0244,0.056400000000000006,456774636701154.562500
0.4230100000000001,0.022000000000000002,0.045200000000000004,456774636701154.562500
0.42302000000000006,0.0244,0.05,456774636701154.562500
0.42303000000000013,0.0228,0.053200000000000004,456774636701154.562500
0.4230400000000001,0.0236,0.056400000000000006,456774636701154.562500
0.42305000000000004,0.0228,0.055600000000000004,456774636701154.562500
0.4230600000000001,0.022000000000000002,0.056400000000000006,456774636701154.562500
0.42307000000000006,0.0228,0.0548,456774636701154.562500
0.4230800000000001,0.022000000000000002,0.058,456774636701154.562500
0.4230900000000001,0.0228,0.0572,456774636701154.562500
0.42310000000000003,0.022000000000000002,0.055600000000000004,456774636701154.562500
0.4231100000000001,0.0212,0.056400000000000006,456774636701154.562500
0.42312000000000005,0.0228,0.0516,456774636701154.562500
0.4231300000000001,0.0212,0.0516,456774636701154.562500
0.42314000000000007,0.0212,0.0548,456774636701154.562500
0.42315,0.0236,0.0572,456774636701154.562500
0.4231600000000001,0.022000000000000002,0.0572,456774636701154.562500
0.42317000000000005,0.0196,0.0492,456774636701154.562500
0.4231800000000001,0.018000000000000002,0.05,456774636701154.562500
0.42319000000000007,0.0228,0.042800000000000005,456774636701154.562500
0.4232,0.0228,0.053200000000000004,456774636701154.562500
0.4232100000000001,0.0204,0.045200000000000004,456774636701154.562500
0.42322000000000004,0.022000000000000002,0.0492,456774636701154.562500
0.4232300000000001,0.0204,0.0468,456774636701154.562500
0.42324000000000006,0.0196,0.055600000000000004,456774636701154.562500
0.4232500000000001,0.0244,0.056400000000000006,456774636701154.562500
0.4232600000000001,0.022000000000000002,0.055600000000000004,456774636701154.562500
0.42327000000000004,0.0236,0.055600000000000004,456774636701154.562500
0.4232800000000001,0.0204,0.0572,456774636701154.562500
0.42329000000000006,0.0236,0.053200000000000004,456774636701154.562500
0.4233000000000001,0.0188,0.056400000000000006,456774636701154.562500
0.4233100000000001,0.0228,0.054,456774636701154.562500
0.42332000000000003,0.0212,0.0476,456774636701154.562500
0.4233300000000001,0.0228,0.0524,456774636701154.562500
0.42334000000000005,0.0228,0.0468,456774636701154.562500
0.4233500000000001,0.0228,0.055600000000000004,456774636701154.562500
0.42336000000000007,0.0236,0.054,456774636701154.562500
0.42337,0.0228,0.0548,456774636701154.562500
0.4233800000000001,0.0244,0.0548,456774636701154.562500
0.42339000000000004,0.0228,0.0572,456774636701154.562500
0.4234000000000001,0.0228,0.058,456774636701154.562500
0.42341000000000006,0.022000000000000002,0.0572,456774636701154.562500
0.42342000000000013,0.0212,0.0572,456774636701154.562500
0.4234300000000001,0.0204,0.058,456774636701154.562500
0.42344000000000004,0.0172,0.0444,456774636701154.562500
0.4234500000000001,0.0212,0.0516,456774636701154.562500
0.42346000000000006,0.0204,0.055600000000000004,456774636701154.562500
0.4234700000000001,0.0212,0.056400000000000006,456774636701154.562500
0.4234800000000001,0.022000000000000002,0.050800000000000005,456774636701154.562500
0.42349000000000003,0.0228,0.055600000000000004,456774636701154.562500
0.4235000000000001,0.0204,0.0524,456774636701154.562500
0.42351000000000005,0.0228,0.056400000000000006,456774636701154.562500
0.4235200000000001,0.0212,0.055600000000000004,456774636701154.562500
0.4235300000000001,0.022000000000000002,0.053200000000000004,456774636701154.562500
0.42354,0.0228,0.055600000000000004,456774636701154.562500
0.4235500000000001,0.0228,0.054,456774636701154.562500
0.42356000000000005,0.0236,0.056400000000000006,456774636701154.562500
0.4235700000000001,0.0236,0.053200000000000004,456774636701154.562500
0.42358000000000007,0.0244,0.058800000000000005,456774636701154.562500
0.42359,0.0228,0.05,456774636701154.562500
0.4236000000000001,0.0244,0.0516,456774636701154.562500
0.42361000000000004,0.0252,0.0468,456774636701154.562500
0.4236200000000001,0.0244,0.050800000000000005,456774636701154.562500
0.42363000000000006,0.022000000000000002,0.042800000000000005,456774636701154.562500
0.4236400000000001,0.0244,0.056400000000000006,456774636701154.562500
0.4236500000000001,0.0228,0.055600000000000004,456774636701154.562500
0.42366000000000004,0.0236,0.054,456774636701154.562500
0.4236700000000001,0.0228,0.054,456774636701154.562500
0.42368000000000006,0.0236,0.0572,456774636701154.562500
0.4236900000000001,0.0204,0.055600000000000004,456774636701154.562500
0.4237000000000001,0.0228,0.0572,456774636701154.562500
0.42371000000000003,0.0212,0.0548,456774636701154.562500
0.4237200000000001,0.0212,0.054,456774636701154.562500
0.42373000000000005,0.0228,0.055600000000000004,456774636701154.562500
0.4237400000000001,0.0196,0.0572,456774636701154.562500
0.42375000000000007,0.022000000000000002,0.055600000000000004,456774636701154.562500
0.42376,0.022000000000000002,0.0516,456774636701154.562500
0.4237700000000001,0.022000000000000002,0.053200000000000004,456774636701154.562500
0.42378000000000005,0.0212,0.042,456774636701154.562500
0.4237900000000001,0.0228,0.058,456774636701154.562500
0.42380000000000007,0.022000000000000002,0.053200000000000004,456774636701154.562500
0.42381000000000013,0.022000000000000002,0.056400000000000006,456774636701154.562500
0.4238200000000001,0.0212,0.0548,456774636701154.562500
0.42383000000000004,0.0228,0.0572,456774636701154.562500
0.4238400000000001,0.0212,0.058,456774636701154.562500
0.42385000000000006,0.0244,0.056400000000000006,456774636701154.562500
0.4238600000000001,0.0228,0.058,456774636701154.562500
0.4238700000000001,0.0236,0.058,456774636701154.562500
0.42388000000000003,0.022000000000000002,0.0572,456774636701154.562500
0.4238900000000001,0.0228,0.053200000000000004,456774636701154.562500
0.42390000000000005,0.0244,0.054,456774636701154.562500
0.4239100000000001,0.0244,0.050800000000000005,456774636701154.562500
0.4239200000000001,0.0236,0.056400000000000006,456774636701154.562500
0.42393000000000003,0.0244,0.0524,456774636701154.562500
0.4239400000000001,0.0244,0.055600000000000004,456774636701154.562500
0.42395000000000005,0.0212,0.054,456774636701154.562500
0.4239600000000001,0.0244,0.0524,456774636701154.562500
0.42397000000000007,0.0244,0.0572,456774636701154.562500
0.42398,0.0228,0.0492,456774636701154.562500
0.4239900000000001,0.0236,0.054,456774636701154.562500
0.42400000000000004,0.0228,0.050800000000000005,456774636701154.562500
0.4240100000000001,0.022000000000000002,0.055600000000000004,456774636701154.562500
0.42402000000000006,0.0236,0.054,456774636701154.562500
0.42403000000000013,0.0236,0.058,456774636701154.562500
0.4240400000000001,0.0212,0.055600000000000004,456774636701154.562500
0.42405000000000004,0.0228,0.056400000000000006,456774636701154.562500
0.4240600000000001,0.022000000000000002,0.055600000000000004,456774636701154.562500
0.42407000000000006,0.022000000000000002,0.0572,456774636701154.562500
0.4240800000000001,0.0228,0.0572,456774636701154.562500
0.4240900000000001,0.0228,0.056400000000000006,456774636701154.562500
0.42410000000000003,0.022000000000000002,0.046,456774636701154.562500
0.4241100000000001,0.0212,0.042800000000000005,456774636701154.562500
0.42412000000000005,0.0204,0.055600000000000004,456774636701154.562500
0.4241300000000001,0.0228,0.0572,456774636701154.562500
0.4241400000000001,0.0228,0.0572,456774636701154.562500
0.42415,0.022000000000000002,0.055600000000000004,456774636701154.562500
0.4241600000000001,0.0244,0.0572,456774636701154.562500
0.42417000000000005,0.0236,0.056400000000000006,456774636701154.562500
0.4241800000000001,0.0228,0.0572,456774636701154.562500
0.42419000000000007,0.0212,0.055600000000000004,456774636701154.562500
0.4242,0.0244,0.058800000000000005,456774636701154.562500
0.4242100000000001,0.0236,0.055600000000000004,456774636701154.562500
0.42422000000000004,0.0228,0.0572,456774636701154.562500
0.4242300000000001,0.022000000000000002,0.053200000000000004,456774636701154.562500
0.42424000000000006,0.022000000000000002,0.0572,456774636701154.562500
0.4242500000000001,0.0212,0.0524,456774636701154.562500
0.4242600000000001,0.022000000000000002,0.055600000000000004,456774636701154.562500
0.42427000000000004,0.0236,0.056400000000000006,456774636701154.562500
0.4242800000000001,0.0196,0.054,456774636701154.562500
0.42429000000000006,0.0204,0.0524,456774636701154.562500
0.4243000000000001,0.022000000000000002,0.054,456774636701154.562500
0.4243100000000001,0.0236,0.056400000000000006,456774636701154.562500
0.42432000000000003,0.0228,0.0548,456774636701154.562500
0.4243300000000001,0.0212,0.056400000000000006,456774636701154.562500
0.42434000000000005,0.0212,0.058,456774636701154.562500
0.4243500000000001,0.0228,0.0548,456774636701154.562500
0.42436000000000007,0.0212,0.0572,456774636701154.562500
0.42437,0.022000000000000002,0.055600000000000004,456774636701154.562500
0.4243800000000001,0.0228,0.056400000000000006,456774636701154.562500
0.42439000000000004,0.0212,0.056400000000000006,456774636701154.562500
0.4244000000000001,0.022000000000000002,0.058,456774636701154.562500
0.42441000000000006,0.0196,0.0572,456774636701154.562500
0.42442000000000013,0.0236,0.056400000000000006,456774636701154.562500
0.4244300000000001,0.0204,0.0572,456774636701154.562500
0.42444000000000004,0.0228,0.0572,456774636701154.562500
0.4244500000000001,0.0228,0.0572,456774636701154.562500
0.42446000000000006,0.0228,0.0572,456774636701154.562500
0.4244700000000001,0.0204,0.055600000000000004,456774636701154.562500
0.4244800000000001,0.0236,0.0548,456774636701154.562500
0.42449000000000003,0.022000000000000002,0.056400000000000006,456774636701154.562500
0.4245000000000001,0.0236,0.058,456774636701154.562500
0.42451000000000005,0.0236,0.056400000000000006,456774636701154.562500
0.4245200000000001,0.0236,0.055600000000000004,456774636701154.562500
0.4245300000000001,0.0236,0.055600000000000004,456774636701154.562500
0.42454000000000003,0.0236,0.0572,456774636701154.562500
0.4245500000000001,0.0244,0.055600000000000004,456774636701154.562500
0.42456000000000005,0.0228,0.058,456774636701154.562500
0.4245700000000001,0.0236,0.056400000000000006,456774636701154.562500
0.42458000000000007,0.0236,0.055600000000000004,456774636701154.562500
0.42459,0.0244,0.058,456774636701154.562500
0.4246000000000001,0.0228,0.056400000000000006,456774636701154.562500
0.42461000000000004,0.022000000000000002,0.048400000000000006,456774636701154.562500
0.4246200000000001,0.0228,0.058,456774636701154.562500
0.42463000000000006,0.0212,0.05,456774636701154.562500
0.42464000000000013,0.0188,0.056400000000000006,456774636701154.562500
0.4246500000000001,0.0228,0.046,456774636701154.562500
0.42466000000000004,0.0212,0.056400000000000006,456774636701154.562500
0.4246700000000001,0.0204,0.0492,456774636701154.562500
0.42468000000000006,0.022000000000000002,0.055600000000000004,456774636701154.562500
0.4246900000000001,0.0196,0.0524,456774636701154.562500
0.4247000000000001,0.0212,0.0524,456774636701154.562500
0.42471000000000003,0.022000000000000002,0.050800000000000005,456774636701154.562500
0.4247200000000001,0.0212,0.0548,456774636701154.562500
0.42473000000000005,0.0212,0.055600000000000004,456774636701154.562500
0.4247400000000001,0.0196,0.058800000000000005,456774636701154.562500
0.42475000000000007,0.0236,0.056400000000000006,456774636701154.562500
0.42476,0.018000000000000002,0.055600000000000004,456774636701154.562500
0.4247700000000001,0.0228,0.054,456774636701154.562500
0.42478000000000005,0.0212,0.056400000000000006,456774636701154.562500
0.4247900000000001,0.0236,0.0572,456774636701154.562500
0.42480000000000007,0.0204,0.055600000000000004,456774636701154.562500
0.42481,0.0228,0.053200000000000004,456774636701154.562500
0.4248200000000001,0.022000000000000002,0.053200000000000004,456774636701154.562500
0.42483000000000004,0.0236,0.053200000000000004,456774636701154.562500
0.4248400000000001,0.0196,0.054,456774636701154.562500
0.42485000000000006,0.0236,0.054,456774636701154.562500
0.4248600000000001,0.0212,0.0516,456774636701154.562500
0.4248700000000001,0.0244,0.056400000000000006,456774636701154.562500
0.42488000000000004,0.0228,0.054,456774636701154.562500
0.4248900000000001,0.0228,0.058,456774636701154.562500
0.42490000000000006,0.0212,0.0572,456774636701154.562500
0.4249100000000001,0.0172,0.058,456774636701154.562500
0.4249200000000001,0.022000000000000002,0.055600000000000004,456774636701154.562500
0.42493000000000003,0.0212,0.056400000000000006,456774636701154.562500
0.4249400000000001,0.0228,0.055600000000000004,456774636701154.562500
0.42495000000000005,0.0212,0.0524,456774636701154.562500
0.4249600000000001,0.0236,0.058,456774636701154.562500
0.42497000000000007,0.0188,0.0524,456774636701154.562500
0.42498,0.0212,0.055600000000000004,456774636701154.562500
0.4249900000000001,0.0212,0.0572,456774636701154.562500
0.42500000000000004,0.022000000000000002,0.0548,456774636701154.562500
0.4250100000000001,0.022000000000000002,0.056400000000000006,456774636701154.562500
0.42502000000000006,0.0188,0.048400000000000006,456774636701154.562500
0.42503000000000013,0.0204,0.0572,456774636701154.562500
0.4250400000000001,0.0228,0.054,456774636701154.562500
0.42505000000000004,0.022000000000000002,0.0548,456774636701154.562500
0.4250600000000001,0.022000000000000002,0.058,456774636701154.562500
0.42507000000000006,0.0204,0.054,456774636701154.562500
0.4250800000000001,0.0236,0.0548,456774636701154.562500
0.4250900000000001,0.0236,0.0524,456774636701154.562500
0.42510000000000003,0.0228,0.0548,456774636701154.562500
0.4251100000000001,0.022000000000000002,0.056400000000000006,456774636701154.562500
0.42512000000000005,0.0236,0.0516,456774636701154.562500
0.4251300000000001,0.0188,0.055600000000000004,456774636701154.562500
0.4251400000000001,0.0228,0.0444,456774636701154.562500
0.42515000000000003,0.0212,0.0516,456774636701154.562500
0.4251600000000001,0.0244,0.0412,456774636701154.562500
0.42517000000000005,0.0228,0.0524,456774636701154.562500
0.4251800000000001,0.0236,0.055600000000000004,456774636701154.562500
0.42519000000000007,0.0204,0.056400000000000006,456774636701154.562500
0.4252,0.0196,0.058,456774636701154.562500
0.4252100000000001,0.0236,0.0572,456774636701154.562500
0.42522000000000004,0.0196,0.055600000000000004,456774636701154.562500
0.4252300000000001,0.0212,0.056400000000000006,456774636701154.562500
0.42524000000000006,0.0196,0.0524,456774636701154.562500
0.42525000000000013,0.0204,0.058,456774636701154.562500
0.4252600000000001,0.022000000000000002,0.058,456774636701154.562500
0.42527000000000004,0.0188,0.056400000000000006,456774636701154.562500
0.4252800000000001,0.0212,0.058,456774636701154.562500
0.42529000000000006,0.0228,0.054,456774636701154.562500
0.4253000000000001,0.0212,0.055600000000000004,456774636701154.562500
0.4253100000000001,0.0228,0.056400000000000006,456774636701154.562500
0.42532000000000003,0.022000000000000002,0.058,456774636701154.562500
0.4253300000000001,0.022000000000000002,0.0548,456774636701154.562500
0.42534000000000005,0.0228,0.058,456774636701154.562500
0.4253500000000001,0.0204,0.05,456774636701154.562500
0.42536000000000007,0.0236,0.0572,456774636701154.562500
0.42537,0.0228,0.054,456774636701154.562500
0.4253800000000001,0.022000000000000002,0.055600000000000004,456774636701154.562500
0.42539000000000005,0.0244,0.055600000000000004,456774636701154.562500
0.4254000000000001,0.0244,0.050800000000000005,456774636701154.562500
0.42541000000000007,0.0252,0.056400000000000006,456774636701154.562500
0.42542,0.0228,0.0524,456774636701154.562500
0.4254300000000001,0.0204,0.0572,456774636701154.562500
0.42544000000000004,0.022000000000000002,0.0524,456774636701154.562500
0.4254500000000001,0.0188,0.0492,456774636701154.562500
0.42546000000000006,0.0236,0.038,456774636701154.562500
0.4254700000000001,0.022000000000000002,0.055600000000000004,456774636701154.562500
0.4254800000000001,0.022000000000000002,0.053200000000000004,456774636701154.562500
0.42549000000000003,0.0244,0.0572,456774636701154.562500
0.4255000000000001,0.0236,0.058,456774636701154.562500
0.42551000000000005,0.0236,0.056400000000000006,456774636701154.562500
0.4255200000000001,0.0204,0.0572,456774636701154.562500
0.4255300000000001,0.022000000000000002,0.0516,456774636701154.562500
0.42554000000000003,0.0204,0.0572,456774636701154.562500
0.4255500000000001,0.0204,0.0572,456774636701154.562500
0.42556000000000005,0.018000000000000002,0.054,456774636701154.562500
0.4255700000000001,0.0228,0.056400000000000006,456774636701154.562500
0.42558000000000007,0.022000000000000002,0.056400000000000006,456774636701154.562500
0.42559,0.0188,0.056400000000000006,456774636701154.562500
0.4256000000000001,0.0212,0.053200000000000004,456774636701154.562500
0.42561000000000004,0.0236,0.055600000000000004,456774636701154.562500
0.4256200000000001,0.0196,0.054,456774636701154.562500
0.42563000000000006,0.022000000000000002,0.055600000000000004,456774636701154.562500
0.42564000000000013,0.0212,0.0572,456774636701154.562500
0.4256500000000001,0.0212,0.0516,456774636701154.562500
0.42566000000000004,0.0228,0.056400000000000006,456774636701154.562500
0.4256700000000001,0.022000000000000002,0.055600000000000004,456774636701154.562500
0.42568000000000006,0.0236,0.0572,456774636701154.562500
0.4256900000000001,0.0236,0.056400000000000006,456774636701154.562500
0.4257000000000001,0.0164,0.0516,456774636701154.562500
0.42571000000000003,0.0228,0.056400000000000006,456774636701154.562500
0.4257200000000001,0.0244,0.055600000000000004,456774636701154.562500
0.42573000000000005,0.0236,0.056400000000000006,456774636701154.562500
0.4257400000000001,0.0228,0.0572,456774636701154.562500
0.4257500000000001,0.0228,0.0572,456774636701154.562500
0.42576,0.0228,0.056400000000000006,456774636701154.562500
0.4257700000000001,0.0244,0.0516,456774636701154.562500
0.42578000000000005,0.0244,0.0572,456774636701154.562500
0.4257900000000001,0.0244,0.0548,456774636701154.562500
0.42580000000000007,0.0244,0.055600000000000004,456774636701154.562500
0.42581,0.0212,0.048400000000000006,456774636701154.562500
0.4258200000000001,0.0212,0.0548,456774636701154.562500
0.42583000000000004,0.0236,0.0516,456774636701154.562500
0.4258400000000001,0.0204,0.0548,456774636701154.562500
0.42585000000000006,0.0212,0.053200000000000004,456774636701154.562500
0.4258600000000001,0.0164,0.055600000000000004,456774636701154.562500
0.4258700000000001,0.022000000000000002,0.058,456774636701154.562500
0.42588000000000004,0.0212,0.0476,456774636701154.562500
0.4258900000000001,0.0212,0.056400000000000006,456774636701154.562500
0.42590000000000006,0.0204,0.0572,456774636701154.562500
0.4259100000000001,0.0212,0.05,456774636701154.562500
0.4259200000000001,0.0164,0.048400000000000006,456774636701154.562500
0.42593000000000003,0.022000000000000002,0.054,456774636701154.562500
0.4259400000000001,0.0236,0.0436,456774636701154.562500
0.42595000000000005,0.0212,0.056400000000000006,456774636701154.562500
0.4259600000000001,0.0228,0.056400000000000006,456774636701154.562500
0.42597000000000007,0.0236,0.0548,456774636701154.562500
0.42598,0.0244,0.056400000000000006,456774636701154.562500
0.4259900000000001,0.0196,0.0572,456774636701154.562500
0.42600000000000005,0.022000000000000002,0.055600000000000004,456774636701154.562500
0.4260100000000001,0.0228,0.058,456774636701154.562500
0.42602000000000007,0.0244,0.0516,456774636701154.562500
0.42603000000000013,0.022000000000000002,0.0572,456774636701154.562500
0.4260400000000001,0.0236,0.054,456774636701154.562500
0.42605000000000004,0.0236,0.0572,456774636701154.562500
0.4260600000000001,0.0244,0.0396,456774636701154.562500
0.42607000000000006,0.0236,0.056400000000000006,456774636701154.562500
0.4260800000000001,0.0212,0.0548,456774636701154.562500
0.4260900000000001,0.0252,0.0572,456774636701154.562500
0.42610000000000003,0.022000000000000002,0.058,456774636701154.562500
0.4261100000000001,0.0244,0.048400000000000006,456774636701154.562500
0.42612000000000005,0.0228,0.0572,456774636701154.562500
0.4261300000000001,0.0164,0.0548,456774636701154.562500
0.4261400000000001,0.0228,0.0572,456774636701154.562500
0.42615000000000003,0.0196,0.0572,456774636701154.562500
0.4261600000000001,0.0236,0.056400000000000006,456774636701154.562500
0.42617000000000005,0.022000000000000002,0.0572,456774636701154.562500
0.4261800000000001,0.022000000000000002,0.055600000000000004,456774636701154.562500
0.42619000000000007,0.0204,0.0572,456774636701154.562500
0.4262,0.0236,0.055600000000000004,456774636701154.562500
0.4262100000000001,0.0212,0.056400000000000006,456774636701154.562500
0.42622000000000004,0.022000000000000002,0.050800000000000005,456774636701154.562500
0.4262300000000001,0.0212,0.0476,456774636701154.562500
0.42624000000000006,0.0236,0.045200000000000004,456774636701154.562500
0.42625000000000013,0.0204,0.0572,456774636701154.562500
0.4262600000000001,0.0204,0.055600000000000004,456774636701154.562500
0.42627000000000004,0.0228,0.0572,456774636701154.562500
0.4262800000000001,0.022000000000000002,0.0572,456774636701154.562500
0.42629000000000006,0.0236,0.0548,456774636701154.562500
0.4263000000000001,0.0212,0.056400000000000006,456774636701154.562500
0.4263100000000001,0.022000000000000002,0.056400000000000006,456774636701154.562500
0.42632000000000003,0.022000000000000002,0.0572,456774636701154.562500
0.4263300000000001,0.0244,0.0524,456774636701154.562500
0.42634000000000005,0.0212,0.0572,456774636701154.562500
0.4263500000000001,0.0212,0.054,456774636701154.562500
0.4263600000000001,0.0236,0.0548,456774636701154.562500
0.42637,0.026000000000000002,0.056400000000000006,456774636701154.562500
0.4263800000000001,0.0236,0.050800000000000005,456774636701154.562500
0.42639000000000005,0.026000000000000002,0.055600000000000004,456774636701154.562500
0.4264000000000001,0.0236,0.0548,456774636701154.562500
0.42641000000000007,0.0236,0.058,456774636701154.562500
0.42642,0.0244,0.0524,456774636701154.562500
0.4264300000000001,0.0228,0.055600000000000004,456774636701154.562500
0.42644000000000004,0.022000000000000002,0.056400000000000006,456774636701154.562500
0.4264500000000001,0.0236,0.054,456774636701154.562500
0.42646000000000006,0.0204,0.056400000000000006,456774636701154.562500
0.4264700000000001,0.022000000000000002,0.048400000000000006,456774636701154.562500
0.4264800000000001,0.0228,0.0572,456774636701154.562500
0.42649000000000004,0.022000000000000002,0.054,456774636701154.562500
0.4265000000000001,0.0204,0.046,456774636701154.562500
0.42651000000000006,0.0212,0.0468,456774636701154.562500
0.4265200000000001,0.022000000000000002,0.048400000000000006,456774636701154.562500
0.4265300000000001,0.0196,0.055600000000000004,456774636701154.562500
0.42654000000000003,0.0228,0.0492,456774636701154.562500
0.4265500000000001,0.022000000000000002,0.056400000000000006,456774636701154.562500
0.42656000000000005,0.0204,0.056400000000000006,456774636701154.562500
0.4265700000000001,0.0244,0.058,456774636701154.562500
0.42658000000000007,0.022000000000000002,0.058,456774636701154.562500
0.42659,0.0236,0.055600000000000004,456774636701154.562500
0.4266000000000001,0.022000000000000002,0.055600000000000004,456774636701154.562500
0.42661000000000004,0.0244,0.0548,456774636701154.562500
0.4266200000000001,0.0236,0.056400000000000006,456774636701154.562500
0.42663000000000006,0.0244,0.053200000000000004,456774636701154.562500
0.42664000000000013,0.0228,0.054,456774636701154.562500
0.4266500000000001,0.0236,0.054,456774636701154.562500
0.42666000000000004,0.0236,0.0572,456774636701154.562500
0.4266700000000001,0.0244,0.0476,456774636701154.562500
0.42668000000000006,0.0228,0.053200000000000004,456774636701154.562500
0.4266900000000001,0.0212,0.046,456774636701154.562500
0.4267000000000001,0.0196,0.056400000000000006,456774636701154.562500
0.42671000000000003,0.0228,0.055600000000000004,456774636701154.562500
0.4267200000000001,0.022000000000000002,0.056400000000000006,456774636701154.562500
0.42673000000000005,0.0236,0.058,456774636701154.562500
0.4267400000000001,0.0188,0.056400000000000006,456774636701154.562500
0.4267500000000001,0.0228,0.058,456774636701154.562500
0.42676000000000003,0.018000000000000002,0.0572,456774636701154.562500
0.4267700000000001,0.0212,0.056400000000000006,456774636701154.562500
0.42678000000000005,0.022000000000000002,0.058,456774636701154.562500
0.4267900000000001,0.0204,0.056400000000000006,456774636701154.562500
0.42680000000000007,0.022000000000000002,0.054,456774636701154.562500
0.42681,0.022000000000000002,0.055600000000000004,456774636701154.562500
0.4268200000000001,0.0212,0.055600000000000004,456774636701154.562500
0.42683000000000004,0.0228,0.05,456774636701154.562500
0.4268400000000001,0.0212,0.0572,456774636701154.562500
0.42685000000000006,0.022000000000000002,0.054,456774636701154.562500
0.42686000000000013,0.0236,0.056400000000000006,456774636701154.562500
0.4268700000000001,0.0196,0.0516,456774636701154.562500
0.42688000000000004,0.0244,0.0476,456774636701154.562500
0.4268900000000001,0.022000000000000002,0.056400000000000006,456774636701154.562500
0.42690000000000006,0.0228,0.0572,456774636701154.562500
0.4269100000000001,0.0212,0.056400000000000006,456774636701154.562500
0.4269200000000001,0.0212,0.0548,456774636701154.562500
0.42693000000000003,0.0196,0.056400000000000006,456774636701154.562500
0.4269400000000001,0.0244,0.0572,456774636701154.562500
0.42695000000000005,0.0244,0.0572,456774636701154.562500
0.4269600000000001,0.0244,0.058,456774636701154.562500
0.42697000000000007,0.026000000000000002,0.056400000000000006,456774636701154.562500
0.42698,0.0236,0.056400000000000006,456774636701154.562500
0.4269900000000001,0.022000000000000002,0.0516,456774636701154.562500
0.42700000000000005,0.022000000000000002,0.0572,456774636701154.562500
0.4270100000000001,0.0236,0.056400000000000006,456774636701154.562500
0.42702000000000007,0.022000000000000002,0.0548,456774636701154.562500
0.42703,0.0244,0.055600000000000004,456774636701154.562500
0.4270400000000001,0.022000000000000002,0.055600000000000004,456774636701154.562500
0.42705000000000004,0.0228,0.0516,456774636701154.562500
0.4270600000000001,0.022000000000000002,0.0572,456774636701154.562500
0.42707000000000006,0.0204,0.0524,456774636701154.562500
0.4270800000000001,0.022000000000000002,0.0524,456774636701154.562500
0.4270900000000001,0.022000000000000002,0.050800000000000005,456774636701154.562500
0.42710000000000004,0.0204,0.0516,456774636701154.562500
0.4271100000000001,0.0228,0.0572,456774636701154.562500
0.42712000000000006,0.0236,0.05,456774636701154.562500
0.4271300000000001,0.022000000000000002,0.054,456774636701154.562500
0.4271400000000001,0.022000000000000002,0.042800000000000005,456774636701154.562500
0.42715000000000003,0.0212,0.058,456774636701154.562500
0.4271600000000001,0.0228,0.055600000000000004,456774636701154.562500
0.42717000000000005,0.0212,0.056400000000000006,456774636701154.562500
0.4271800000000001,0.022000000000000002,0.058800000000000005,456774636701154.562500
0.42719000000000007,0.022000000000000002,0.055600000000000004,456774636701154.562500
0.4272,0.022000000000000002,0.056400000000000006,456774636701154.562500
0.4272100000000001,0.0228,0.055600000000000004,456774636701154.562500
0.42722000000000004,0.0236,0.056400000000000006,456774636701154.562500
0.4272300000000001,0.0236,0.056400000000000006,456774636701154.562500
0.42724000000000006,0.0228,0.056400000000000006,456774636701154.562500
0.42725000000000013,0.0236,0.05,456774636701154.562500
0.4272600000000001,0.022000000000000002,0.054,456774636701154.562500
0.42727000000000004,0.0236,0.055600000000000004,456774636701154.562500
0.4272800000000001,0.0228,0.0524,456774636701154.562500
0.42729000000000006,0.0212,0.0572,456774636701154.562500
0.4273000000000001,0.0236,0.055600000000000004,456774636701154.562500
0.4273100000000001,0.0204,0.058,456774636701154.562500
0.42732000000000003,0.0212,0.0548,456774636701154.562500
0.4273300000000001,0.0196,0.0572,456774636701154.562500
0.42734000000000005,0.022000000000000002,0.0516,456774636701154.562500
0.4273500000000001,0.0228,0.0572,456774636701154.562500
0.4273600000000001,0.0228,0.0468,456774636701154.562500
0.42737,0.0212,0.0572,456774636701154.562500
0.4273800000000001,0.022000000000000002,0.053200000000000004,456774636701154.562500
0.42739000000000005,0.022000000000000002,0.055600000000000004,456774636701154.562500
0.4274000000000001,0.0212,0.056400000000000006,456774636701154.562500
0.42741000000000007,0.0228,0.055600000000000004,456774636701154.562500
0.42742,0.0188,0.058,456774636701154.562500
0.4274300000000001,0.0212,0.0548,456774636701154.562500
0.42744000000000004,0.018000000000000002,0.0572,456774636701154.562500
0.4274500000000001,0.0236,0.0548,456774636701154.562500
0.42746000000000006,0.0172,0.058,456774636701154.562500
0.4274700000000001,0.0204,0.0524,456774636701154.562500
0.4274800000000001,0.022000000000000002,0.056400000000000006,456774636701154.562500
0.42749000000000004,0.022000000000000002,0.05,456774636701154.562500
0.4275000000000001,0.022000000000000002,0.0572,456774636701154.562500
0.42751000000000006,0.0212,0.050800000000000005,456774636701154.562500
0.4275200000000001,0.0236,0.056400000000000006,456774636701154.562500
0.4275300000000001,0.0236,0.0548,456774636701154.562500
0.42754000000000003,0.0204,0.05,456774636701154.562500
0.4275500000000001,0.022000000000000002,0.055600000000000004,456774636701154.562500
0.42756000000000005,0.0236,0.058,456774636701154.562500
0.4275700000000001,0.0204,0.0524,456774636701154.562500
0.42758000000000007,0.0236,0.056400000000000006,456774636701154.562500
0.42759,0.022000000000000002,0.056400000000000006,456774636701154.562500
0.4276000000000001,0.0236,0.0572,456774636701154.562500
0.42761000000000005,0.0252,0.0572,456774636701154.562500
0.4276200000000001,0.0244,0.0548,456774636701154.562500
0.42763000000000007,0.0228,0.055600000000000004,456774636701154.562500
0.42764000000000013,0.0228,0.0572,456774636701154.562500
0.4276500000000001,0.0236,0.055600000000000004,456774636701154.562500
0.42766000000000004,0.0228,0.0572,456774636701154.562500
0.4276700000000001,0.0236,0.055600000000000004,456774636701154.562500
0.42768000000000006,0.0188,0.055600000000000004,456774636701154.562500
0.4276900000000001,0.0212,0.053200000000000004,456774636701154.562500
0.4277000000000001,0.0204,0.056400000000000006,456774636701154.562500
0.42771000000000003,0.018000000000000002,0.050800000000000005,456774636701154.562500
0.4277200000000001,0.0236,0.055600000000000004,456774636701154.562500
0.42773000000000005,0.0164,0.05,456774636701154.562500
0.4277400000000001,0.022000000000000002,0.0524,456774636701154.562500
0.4277500000000001,0.0164,0.050800000000000005,456774636701154.562500
0.42776000000000003,0.0204,0.050800000000000005,456774636701154.562500
0.4277700000000001,0.022000000000000002,0.0524,456774636701154.562500
0.42778000000000005,0.0212,0.058800000000000005,456774636701154.562500
0.4277900000000001,0.0196,0.055600000000000004,456774636701154.562500
0.42780000000000007,0.0236,0.0572,456774636701154.562500
0.42781,0.022000000000000002,0.0524,456774636701154.562500
0.4278200000000001,0.022000000000000002,0.056400000000000006,456774636701154.562500
0.42783000000000004,0.0244,0.054,456774636701154.562500
0.4278400000000001,0.022000000000000002,0.0548,456774636701154.562500
0.42785000000000006,0.0212,0.053200000000000004,456774636701154.562500
0.42786000000000013,0.0236,0.050800000000000005,456774636701154.562500
0.4278700000000001,0.022000000000000002,0.050800000000000005,456774636701154.562500
0.42788000000000004,0.0228,0.0524,456774636701154.562500
0.4278900000000001,0.0244,0.0548,456774636701154.562500
0.42790000000000006,0.0196,0.0548,456774636701154.562500
0.4279100000000001,0.0244,0.0524,456774636701154.562500
0.4279200000000001,0.015600000000000001,0.056400000000000006,456774636701154.562500
0.42793000000000003,0.0228,0.05,456774636701154.562500
0.4279400000000001,0.0244,0.055600000000000004,456774636701154.562500
0.42795000000000005,0.0236,0.0548,456774636701154.562500
0.4279600000000001,0.0228,0.0548,456774636701154.562500
0.4279700000000001,0.022000000000000002,0.0516,456774636701154.562500
0.42798,0.022000000000000002,0.054,456774636701154.562500
0.4279900000000001,0.0212,0.0524,456774636701154.562500
0.42800000000000005,0.022000000000000002,0.0524,456774636701154.562500
0.4280100000000001,0.0204,0.05,456774636701154.562500
0.42802000000000007,0.022000000000000002,0.058,456774636701154.562500
0.42803,0.018000000000000002,0.055600000000000004,456774636701154.562500
0.4280400000000001,0.022000000000000002,0.055600000000000004,456774636701154.562500
0.42805000000000004,0.0196,0.0572,456774636701154.562500
0.4280600000000001,0.0228,0.058800000000000005,456774636701154.562500
0.42807000000000006,0.022000000000000002,0.056400000000000006,456774636701154.562500
0.4280800000000001,0.022000000000000002,0.0524,456774636701154.562500
0.4280900000000001,0.022000000000000002,0.056400000000000006,456774636701154.562500
0.42810000000000004,0.018000000000000002,0.0524,456774636701154.562500
0.4281100000000001,0.0244,0.0548,456774636701154.562500
0.42812000000000006,0.0236,0.0572,456774636701154.562500
0.4281300000000001,0.0236,0.0548,456774636701154.562500
0.4281400000000001,0.0228,0.056400000000000006,456774636701154.562500
0.42815000000000003,0.022000000000000002,0.053200000000000004,456774636701154.562500
0.4281600000000001,0.0244,0.054,456774636701154.562500
0.42817000000000005,0.0236,0.0572,456774636701154.562500
0.4281800000000001,0.0236,0.0572,456774636701154.562500
0.42819000000000007,0.0236,0.046,456774636701154.562500
0.4282,0.0244,0.055600000000000004,456774636701154.562500
0.4282100000000001,0.018000000000000002,0.0468,456774636701154.562500
0.42822000000000005,0.0236,0.054,456774636701154.562500
0.4282300000000001,0.0228,0.056400000000000006,456774636701154.562500
0.42824000000000007,0.022000000000000002,0.055600000000000004,456774636701154.562500
0.42825000000000013,0.022000000000000002,0.058,456774636701154.562500
0.4282600000000001,0.0236,0.0524,456774636701154.562500
0.42827000000000004,0.0228,0.0572,456774636701154.562500
0.4282800000000001,0.022000000000000002,0.054,456774636701154.562500
0.42829000000000006,0.022000000000000002,0.0572,456774636701154.562500
0.4283000000000001,0.022000000000000002,0.058,456774636701154.562500
0.4283100000000001,0.022000000000000002,0.055600000000000004,456774636701154.562500
0.42832000000000003,0.0188,0.056400000000000006,456774636701154.562500
0.4283300000000001,0.0228,0.0572,456774636701154.562500
0.42834000000000005,0.0212,0.058,456774636701154.562500
0.4283500000000001,0.0196,0.055600000000000004,456774636701154.562500
0.4283600000000001,0.022000000000000002,0.0572,456774636701154.562500
0.42837000000000003,0.0212,0.056400000000000006,456774636701154.562500
0.4283800000000001,0.0228,0.056400000000000006,456774636701154.562500
0.42839000000000005,0.0236,0.055600000000000004,456774636701154.562500
0.4284000000000001,0.0204,0.0572,456774636701154.562500
0.42841000000000007,0.0228,0.050800000000000005,456774636701154.562500
0.42842,0.022000000000000002,0.0572,456774636701154.562500
0.4284300000000001,0.0212,0.055600000000000004,456774636701154.562500
0.42844000000000004,0.022000000000000002,0.0548,456774636701154.562500
0.4284500000000001,0.0212,0.0572,456774636701154.562500
0.42846000000000006,0.0236,0.0572,456774636701154.562500
0.42847000000000013,0.015600000000000001,0.054,456774636701154.562500
0.4284800000000001,0.0244,0.055600000000000004,456774636701154.562500
0.42849000000000004,0.0244,0.054,456774636701154.562500
0.4285000000000001,0.0236,0.054,456774636701154.562500
0.42851000000000006,0.0236,0.050800000000000005,456774636701154.562500
0.4285200000000001,0.0244,0.055600000000000004,456774636701154.562500
0.4285300000000001,0.0196,0.05,456774636701154.562500
0.42854000000000003,0.022000000000000002,0.054,456774636701154.562500
0.4285500000000001,0.0196,0.055600000000000004,456774636701154.562500
0.42856000000000005,0.0212,0.0548,456774636701154.562500
0.4285700000000001,0.022000000000000002,0.056400000000000006,456774636701154.562500
0.42858000000000007,0.022000000000000002,0.048400000000000006,456774636701154.562500
0.42859,0.0212,0.056400000000000006,456774636701154.562500
0.4286000000000001,0.022000000000000002,0.056400000000000006,456774636701154.562500
0.42861000000000005,0.0236,0.0572,456774636701154.562500
0.4286200000000001,0.0212,0.058,456774636701154.562500
0.42863000000000007,0.022000000000000002,0.056400000000000006,456774636701154.562500
0.42864,0.018000000000000002,0.055600000000000004,456774636701154.562500
0.4286500000000001,0.0204,0.055600000000000004,456774636701154.562500
0.42866000000000004,0.0212,0.055600000000000004,456774636701154.562500
0.4286700000000001,0.0212,0.0572,456774636701154.562500
0.42868000000000006,0.0204,0.058,456774636701154.562500
0.4286900000000001,0.0228,0.056400000000000006,456774636701154.562500
0.4287000000000001,0.0228,0.056400000000000006,456774636701154.562500
0.42871000000000004,0.0236,0.054,456774636701154.562500
0.4287200000000001,0.0252,0.058,456774636701154.562500
0.42873000000000006,0.022000000000000002,0.050800000000000005,456774636701154.562500
0.4287400000000001,0.0244,0.056400000000000006,456774636701154.562500
0.4287500000000001,0.0244,0.0492,456774636701154.562500
0.42876000000000003,0.022000000000000002,0.053200000000000004,456774636701154.562500
0.4287700000000001,0.0228,0.0548,456774636701154.562500
0.42878000000000005,0.0236,0.0492,456774636701154.562500
0.4287900000000001,0.0244,0.0516,456774636701154.562500
0.42880000000000007,0.0244,0.0524,456774636701154.562500
0.42881,0.0228,0.0476,456774636701154.562500
0.4288200000000001,0.0236,0.058,456774636701154.562500
0.42883000000000004,0.0212,0.053200000000000004,456774636701154.562500
0.4288400000000001,0.0244,0.054,456774636701154.562500
0.42885000000000006,0.0244,0.055600000000000004,456774636701154.562500
0.42886000000000013,0.0196,0.042800000000000005,456774636701154.562500
0.4288700000000001,0.0236,0.055600000000000004,456774636701154.562500
0.42888000000000004,0.022000000000000002,0.045200000000000004,456774636701154.562500
0.4288900000000001,0.0212,0.0548,456774636701154.562500
0.42890000000000006,0.0212,0.0492,456774636701154.562500
0.4289100000000001,0.0204,0.056400000000000006,456774636701154.562500
0.4289200000000001,0.0228,0.0516,456774636701154.562500
0.42893000000000003,0.022000000000000002,0.0572,456774636701154.562500
0.4289400000000001,0.0228,0.055600000000000004,456774636701154.562500
0.42895000000000005,0.022000000000000002,0.058,456774636701154.562500
0.4289600000000001,0.0212,0.056400000000000006,456774636701154.562500
0.4289700000000001,0.0228,0.053200000000000004,456774636701154.562500
0.42898000000000003,0.0228,0.055600000000000004,456774636701154.562500
0.4289900000000001,0.022000000000000002,0.0548,456774636701154.562500
0.42900000000000005,0.0228,0.056400000000000006,456774636701154.562500
0.4290100000000001,0.0228,0.0524,456774636701154.562500
0.42902000000000007,0.0236,0.056400000000000006,456774636701154.562500
0.42903,0.0204,0.053200000000000004,456774636701154.562500
0.4290400000000001,0.022000000000000002,0.0548,456774636701154.562500
0.42905000000000004,0.0212,0.0476,456774636701154.562500
0.4290600000000001,0.0228,0.056400000000000006,456774636701154.562500
0.42907000000000006,0.022000000000000002,0.054,456774636701154.562500
0.42908000000000013,0.0236,0.05,456774636701154.562500
0.4290900000000001,0.0236,0.058,456774636701154.562500
0.42910000000000004,0.0228,0.0468,456774636701154.562500
0.4291100000000001,0.0252,0.0572,456774636701154.562500
0.42912000000000006,0.0252,0.0524,456774636701154.562500
0.4291300000000001,0.0236,0.053200000000000004,456774636701154.562500
0.4291400000000001,0.022000000000000002,0.0572,456774636701154.562500
0.42915000000000003,0.0244,0.0364,456774636701154.562500
0.4291600000000001,0.0236,0.055600000000000004,456774636701154.562500
0.42917000000000005,0.0204,0.042800000000000005,456774636701154.562500
0.4291800000000001,0.0236,0.0572,456774636701154.562500
0.42919000000000007,0.022000000000000002,0.0492,456774636701154.562500
0.4292,0.022000000000000002,0.0572,456774636701154.562500
0.4292100000000001,0.0228,0.046,456774636701154.562500
0.42922000000000005,0.0204,0.056400000000000006,456774636701154.562500
0.4292300000000001,0.022000000000000002,0.055600000000000004,456774636701154.562500
0.42924000000000007,0.0212,0.0548,456774636701154.562500
0.42925000000000013,0.0204,0.054,456774636701154.562500
0.4292600000000001,0.0204,0.0524,456774636701154.562500
0.42927000000000004,0.022000000000000002,0.0572,456774636701154.562500
0.4292800000000001,0.0196,0.0572,456774636701154.562500
0.42929000000000006,0.0212,0.0476,456774636701154.562500
0.4293000000000001,0.0212,0.055600000000000004,456774636701154.562500
0.4293100000000001,0.022000000000000002,0.0524,456774636701154.562500
0.42932000000000003,0.0228,0.053200000000000004,456774636701154.562500
0.4293300000000001,0.0236,0.055600000000000004,456774636701154.562500
0.42934000000000005,0.0236,0.055600000000000004,456774636701154.562500
0.4293500000000001,0.022000000000000002,0.055600000000000004,456774636701154.562500
0.4293600000000001,0.0236,0.050800000000000005,456774636701154.562500
0.42937000000000003,0.0252,0.056400000000000006,456774636701154.562500
0.4293800000000001,0.0236,0.055600000000000004,456774636701154.562500
0.42939000000000005,0.0244,0.058,456774636701154.562500
0.4294000000000001,0.0236,0.0548,456774636701154.562500
0.42941000000000007,0.0244,0.05,456774636701154.562500
0.42942,0.022000000000000002,0.0548,456774636701154.562500
0.4294300000000001,0.0244,0.05,456774636701154.562500
0.42944000000000004,0.0228,0.0572,456774636701154.562500
0.4294500000000001,0.0252,0.0524,456774636701154.562500
0.42946000000000006,0.0188,0.056400000000000006,456774636701154.562500
0.42947000000000013,0.022000000000000002,0.05,456774636701154.562500
0.4294800000000001,0.0228,0.056400000000000006,456774636701154.562500
0.42949000000000004,0.022000000000000002,0.0468,456774636701154.562500
0.4295000000000001,0.0212,0.054,456774636701154.562500
0.42951000000000006,0.018000000000000002,0.0572,456774636701154.562500
0.4295200000000001,0.0204,0.056400000000000006,456774636701154.562500
0.4295300000000001,0.0212,0.050800000000000005,456774636701154.562500
0.42954000000000003,0.0212,0.0516,456774636701154.562500
0.4295500000000001,0.0204,0.055600000000000004,456774636701154.562500
0.42956000000000005,0.022000000000000002,0.055600000000000004,456774636701154.562500
0.4295700000000001,0.0212,0.0468,456774636701154.562500
0.4295800000000001,0.0212,0.055600000000000004,456774636701154.562500
0.42959,0.0196,0.056400000000000006,456774636701154.562500
0.4296000000000001,0.0196,0.0548,456774636701154.562500
0.42961000000000005,0.0228,0.055600000000000004,456774636701154.562500
0.4296200000000001,0.0164,0.0572,456774636701154.562500
0.42963000000000007,0.022000000000000002,0.0548,456774636701154.562500
0.42964,0.0188,0.05,456774636701154.562500
0.4296500000000001,0.0212,0.055600000000000004,456774636701154.562500
0.42966000000000004,0.0204,0.054,456774636701154.562500
0.4296700000000001,0.0236,0.0524,456774636701154.562500
0.42968000000000006,0.0236,0.0516,456774636701154.562500
0.4296900000000001,0.0252,0.056400000000000006,456774636701154.562500
0.4297000000000001,0.0212,0.05,456774636701154.562500
0.42971000000000004,0.0236,0.055600000000000004,456774636701154.562500
0.4297200000000001,0.0244,0.0548,456774636701154.562500
0.42973000000000006,0.0236,0.054,456774636701154.562500
0.4297400000000001,0.0236,0.0548,456774636701154.562500
0.4297500000000001,0.0212,0.055600000000000004,456774636701154.562500
0.42976000000000003,0.0212,0.055600000000000004,456774636701154.562500
0.4297700000000001,0.0204,0.053200000000000004,456774636701154.562500
0.42978000000000005,0.022000000000000002,0.058,456774636701154.562500
0.4297900000000001,0.0204,0.0548,456774636701154.562500
0.42980000000000007,0.0188,0.053200000000000004,456774636701154.562500
0.42981,0.0228,0.055600000000000004,456774636701154.562500
0.4298200000000001,0.0172,0.0492,456774636701154.562500
0.42983000000000005,0.022000000000000002,0.050800000000000005,456774636701154.562500
0.4298400000000001,0.0188,0.0548,456774636701154.562500
0.42985000000000007,0.022000000000000002,0.0516,456774636701154.562500
0.42986000000000013,0.0212,0.0524,456774636701154.562500
0.4298700000000001,0.0196,0.058,456774636701154.562500
0.42988000000000004,0.0204,0.054,456774636701154.562500
0.4298900000000001,0.0204,0.058,456774636701154.562500
0.42990000000000006,0.0188,0.056400000000000006,456774636701154.562500
0.4299100000000001,0.0212,0.056400000000000006,456774636701154.562500
0.4299200000000001,0.0228,0.0548,456774636701154.562500
0.42993000000000003,0.022000000000000002,0.056400000000000006,456774636701154.562500
0.4299400000000001,0.0228,0.0492,456774636701154.562500
0.42995000000000005,0.0236,0.055600000000000004,456774636701154.562500
0.4299600000000001,0.0228,0.0492,456774636701154.562500
0.4299700000000001,0.0236,0.055600000000000004,456774636701154.562500
0.42998000000000003,0.0252,0.0516,456774636701154.562500
0.4299900000000001,0.0228,0.054,456774636701154.562500
0.43000000000000005,0.0236,0.055600000000000004,456774636701154.562500
0.4300100000000001,0.0244,0.0548,456774636701154.562500
0.43002000000000007,0.0252,0.055600000000000004,456774636701154.562500
0.43003,0.018000000000000002,0.0548,456774636701154.562500
0.4300400000000001,0.0236,0.0572,456774636701154.562500
0.43005000000000004,0.0212,0.056400000000000006,456774636701154.562500
0.4300600000000001,0.0236,0.0516,456774636701154.562500
0.43007000000000006,0.0244,0.0572,456774636701154.562500
0.43008000000000013,0.0228,0.055600000000000004,456774636701154.562500
0.4300900000000001,0.0228,0.056400000000000006,456774636701154.562500
0.43010000000000004,0.0228,0.054,456774636701154.562500
0.4301100000000001,0.0228,0.0548,456774636701154.562500
0.43012000000000006,0.0228,0.055600000000000004,456774636701154.562500
0.4301300000000001,0.022000000000000002,0.0476,456774636701154.562500
0.4301400000000001,0.0196,0.055600000000000004,456774636701154.562500
0.43015000000000003,0.022000000000000002,0.0436,456774636701154.562500
0.4301600000000001,0.0212,0.0524,456774636701154.562500
0.43017000000000005,0.0212,0.0548,456774636701154.562500
0.4301800000000001,0.0204,0.055600000000000004,456774636701154.562500
0.4301900000000001,0.0228,0.056400000000000006,456774636701154.562500
0.4302,0.0196,0.0548,456774636701154.562500
0.4302100000000001,0.0228,0.042,456774636701154.562500
0.43022000000000005,0.0228,0.058,456774636701154.562500
0.4302300000000001,0.0196,0.0516,456774636701154.562500
0.43024000000000007,0.0236,0.0524,456774636701154.562500
0.43025,0.0244,0.0476,456774636701154.562500
0.4302600000000001,0.022000000000000002,0.054,456774636701154.562500
0.43027000000000004,0.0228,0.0492,456774636701154.562500
0.4302800000000001,0.0228,0.0548,456774636701154.562500
0.43029000000000006,0.0148,0.055600000000000004,456774636701154.562500
0.4303000000000001,0.0228,0.056400000000000006,456774636701154.562500
0.4303100000000001,0.0196,0.056400000000000006,456774636701154.562500
0.43032000000000004,0.0228,0.056400000000000006,456774636701154.562500
0.4303300000000001,0.0236,0.058,456774636701154.562500
0.43034000000000006,0.0236,0.056400000000000006,456774636701154.562500
0.4303500000000001,0.0236,0.056400000000000006,456774636701154.562500
0.4303600000000001,0.0244,0.048400000000000006,456774636701154.562500
0.43037000000000003,0.022000000000000002,0.0548,456774636701154.562500
0.4303800000000001,0.0236,0.055600000000000004,456774636701154.562500
0.43039000000000005,0.022000000000000002,0.055600000000000004,456774636701154.562500
0.4304000000000001,0.0236,0.0572,456774636701154.562500
0.43041000000000007,0.0212,0.0468,456774636701154.562500
0.43042,0.0236,0.055600000000000004,456774636701154.562500
0.4304300000000001,0.0188,0.0516,456774636701154.562500
0.43044000000000004,0.022000000000000002,0.0476,456774636701154.562500
0.4304500000000001,0.022000000000000002,0.0476,456774636701154.562500
0.43046000000000006,0.0212,0.056400000000000006,456774636701154.562500
0.43047000000000013,0.0188,0.055600000000000004,456774636701154.562500
0.4304800000000001,0.0188,0.0548,456774636701154.562500
0.43049000000000004,0.022000000000000002,0.055600000000000004,456774636701154.562500
0.4305000000000001,0.0204,0.0548,456774636701154.562500
0.43051000000000006,0.022000000000000002,0.0476,456774636701154.562500
0.4305200000000001,0.0236,0.056400000000000006,456774636701154.562500
0.4305300000000001,0.022000000000000002,0.050800000000000005,456774636701154.562500
0.43054000000000003,0.0204,0.045200000000000004,456774636701154.562500
0.4305500000000001,0.0236,0.054,456774636701154.562500
0.43056000000000005,0.0204,0.050800000000000005,456774636701154.562500
0.4305700000000001,0.0228,0.056400000000000006,456774636701154.562500
0.4305800000000001,0.0212,0.0492,456774636701154.562500
0.43059000000000003,0.0228,0.0548,456774636701154.562500
0.4306000000000001,0.0204,0.053200000000000004,456774636701154.562500
0.43061000000000005,0.0252,0.0548,456774636701154.562500
0.4306200000000001,0.022000000000000002,0.055600000000000004,456774636701154.562500
0.43063000000000007,0.022000000000000002,0.055600000000000004,456774636701154.562500
0.43064,0.0236,0.054,456774636701154.562500
0.4306500000000001,0.022000000000000002,0.0548,456774636701154.562500
0.43066000000000004,0.0244,0.055600000000000004,456774636701154.562500
0.4306700000000001,0.0228,0.053200000000000004,456774636701154.562500
0.43068000000000006,0.0236,0.055600000000000004,456774636701154.562500
0.43069000000000013,0.022000000000000002,0.048400000000000006,456774636701154.562500
0.4307000000000001,0.0212,0.0572,456774636701154.562500
0.43071000000000004,0.022000000000000002,0.054,456774636701154.562500
0.4307200000000001,0.022000000000000002,0.0548,456774636701154.562500
0.43073000000000006,0.022000000000000002,0.0548,456774636701154.562500
0.4307400000000001,0.0212,0.058,456774636701154.562500
0.4307500000000001,0.0204,0.0548,456774636701154.562500
0.43076000000000003,0.0212,0.056400000000000006,456774636701154.562500
0.4307700000000001,0.0212,0.056400000000000006,456774636701154.562500
0.43078000000000005,0.0204,0.056400000000000006,456774636701154.562500
0.4307900000000001,0.0172,0.054,456774636701154.562500
0.43080000000000007,0.0236,0.042,456774636701154.562500
0.43081,0.0164,0.0572,456774636701154.562500
0.4308200000000001,0.0212,0.056400000000000006,456774636701154.562500
0.43083000000000005,0.0212,0.0548,456774636701154.562500
0.4308400000000001,0.0228,0.058,456774636701154.562500
0.43085000000000007,0.0236,0.055600000000000004,456774636701154.562500
0.43086,0.0228,0.055600000000000004,456774636701154.562500
0.4308700000000001,0.0252,0.054,456774636701154.562500
0.43088000000000004,0.0212,0.056400000000000006,456774636701154.562500
0.4308900000000001,0.0244,0.055600000000000004,456774636701154.562500
0.43090000000000006,0.022000000000000002,0.0572,456774636701154.562500
0.4309100000000001,0.0244,0.055600000000000004,456774636701154.562500
0.4309200000000001,0.0252,0.0516,456774636701154.562500
0.43093000000000004,0.0236,0.0516,456774636701154.562500
0.4309400000000001,0.0252,0.0492,456774636701154.562500
0.43095000000000006,0.0244,0.056400000000000006,456774636701154.562500
0.4309600000000001,0.0244,0.058,456774636701154.562500
0.4309700000000001,0.0228,0.0524,456774636701154.562500
0.43098000000000003,0.022000000000000002,0.042800000000000005,456774636701154.562500
0.4309900000000001,0.0212,0.058,456774636701154.562500
0.43100000000000005,0.0204,0.048400000000000006,456774636701154.562500
0.4310100000000001,0.022000000000000002,0.054,456774636701154.562500
0.43102000000000007,0.0228,0.0524,456774636701154.562500
0.43103,0.0196,0.056400000000000006,456774636701154.562500
0.4310400000000001,0.022000000000000002,0.0468,456774636701154.562500
0.43105000000000004,0.0228,0.055600000000000004,456774636701154.562500
0.4310600000000001,0.0212,0.045200000000000004,456774636701154.562500
0.43107000000000006,0.0228,0.056400000000000006,456774636701154.562500
0.43108000000000013,0.022000000000000002,0.0436,456774636701154.562500
0.4310900000000001,0.0212,0.055600000000000004,456774636701154.562500
0.43110000000000004,0.018000000000000002,0.046,456774636701154.562500
0.4311100000000001,0.0212,0.0516,456774636701154.562500
0.43112000000000006,0.022000000000000002,0.0476,456774636701154.562500
0.4311300000000001,0.022000000000000002,0.055600000000000004,456774636701154.562500
0.4311400000000001,0.0188,0.0476,456774636701154.562500
0.43115000000000003,0.022000000000000002,0.0572,456774636701154.562500
0.4311600000000001,0.022000000000000002,0.0516,456774636701154.562500
0.43117000000000005,0.0228,0.0572,456774636701154.562500
0.4311800000000001,0.0244,0.056400000000000006,456774636701154.562500
0.4311900000000001,0.0236,0.054,456774636701154.562500
0.4312,0.0252,0.055600000000000004,456774636701154.562500
0.4312100000000001,0.0236,0.053200000000000004,456774636701154.562500
0.43122000000000005,0.0236,0.0572,456774636701154.562500
0.4312300000000001,0.0244,0.055600000000000004,456774636701154.562500
0.43124000000000007,0.026000000000000002,0.056400000000000006,456774636701154.562500
0.43125,0.015600000000000001,0.0572,456774636701154.562500
0.4312600000000001,0.0228,0.053200000000000004,456774636701154.562500
0.43127000000000004,0.0212,0.0572,456774636701154.562500
0.4312800000000001,0.0228,0.053200000000000004,456774636701154.562500
0.43129000000000006,0.022000000000000002,0.0516,456774636701154.562500
0.4313000000000001,0.022000000000000002,0.055600000000000004,456774636701154.562500
0.4313100000000001,0.018000000000000002,0.05,456774636701154.562500
0.43132000000000004,0.022000000000000002,0.056400000000000006,456774636701154.562500
0.4313300000000001,0.0196,0.0516,456774636701154.562500
0.43134000000000006,0.022000000000000002,0.055600000000000004,456774636701154.562500
0.4313500000000001,0.0204,0.054,456774636701154.562500
0.4313600000000001,0.0212,0.0548,456774636701154.562500
0.43137000000000003,0.022000000000000002,0.050800000000000005,456774636701154.562500
0.4313800000000001,0.0212,0.056400000000000006,456774636701154.562500
0.43139000000000005,0.022000000000000002,0.0492,456774636701154.562500
0.4314000000000001,0.0172,0.056400000000000006,456774636701154.562500
0.43141000000000007,0.022000000000000002,0.056400000000000006,456774636701154.562500
0.43142,0.0196,0.0516,456774636701154.562500
0.4314300000000001,0.022000000000000002,0.055600000000000004,456774636701154.562500
0.43144000000000005,0.0196,0.046,456774636701154.562500
0.4314500000000001,0.022000000000000002,0.055600000000000004,456774636701154.562500
0.43146000000000007,0.0196,0.0572,456774636701154.562500
0.43147000000000013,0.0228,0.0572,456774636701154.562500
0.4314800000000001,0.022000000000000002,0.055600000000000004,456774636701154.562500
0.43149000000000004,0.0236,0.0548,456774636701154.562500
0.4315000000000001,0.022000000000000002,0.0548,456774636701154.562500
0.43151000000000006,0.0244,0.056400000000000006,456774636701154.562500
0.4315200000000001,0.022000000000000002,0.0572,456774636701154.562500
0.4315300000000001,0.0204,0.0524,456774636701154.562500
0.43154000000000003,0.0228,0.055600000000000004,456774636701154.562500
0.4315500000000001,0.0228,0.048400000000000006,456774636701154.562500
0.43156000000000005,0.022000000000000002,0.056400000000000006,456774636701154.562500
0.4315700000000001,0.022000000000000002,0.05,456774636701154.562500
0.4315800000000001,0.0244,0.056400000000000006,456774636701154.562500
0.43159000000000003,0.0236,0.0476,456774636701154.562500
0.4316000000000001,0.022000000000000002,0.054,456774636701154.562500
0.43161000000000005,0.018000000000000002,0.048400000000000006,456774636701154.562500
0.4316200000000001,0.022000000000000002,0.054,456774636701154.562500
0.43163000000000007,0.022000000000000002,0.0468,456774636701154.562500
0.43164,0.0236,0.055600000000000004,456774636701154.562500
0.4316500000000001,0.022000000000000002,0.054,456774636701154.562500
0.43166000000000004,0.0212,0.056400000000000006,456774636701154.562500
0.4316700000000001,0.0204,0.053200000000000004,456774636701154.562500
0.43168000000000006,0.0228,0.055600000000000004,456774636701154.562500
0.43169000000000013,0.0212,0.054,456774636701154.562500
0.4317000000000001,0.022000000000000002,0.0516,456774636701154.562500
0.43171000000000004,0.0172,0.054,456774636701154.562500
0.4317200000000001,0.022000000000000002,0.055600000000000004,456774636701154.562500
0.43173000000000006,0.022000000000000002,0.055600000000000004,456774636701154.562500
0.4317400000000001,0.0228,0.056400000000000006,456774636701154.562500
0.4317500000000001,0.022000000000000002,0.0548,456774636701154.562500
0.43176000000000003,0.0204,0.056400000000000006,456774636701154.562500
0.4317700000000001,0.022000000000000002,0.0548,456774636701154.562500
0.43178000000000005,0.0236,0.054,456774636701154.562500
0.4317900000000001,0.0228,0.0524,456774636701154.562500
0.4318000000000001,0.0228,0.0524,456774636701154.562500
0.43181,0.0204,0.0548,456774636701154.562500
0.4318200000000001,0.0188,0.056400000000000006,456774636701154.562500
0.43183000000000005,0.0228,0.0548,456774636701154.562500
0.4318400000000001,0.0212,0.055600000000000004,456774636701154.562500
0.43185000000000007,0.0236,0.056400000000000006,456774636701154.562500
0.43186,0.0244,0.048400000000000006,456774636701154.562500
0.4318700000000001,0.0204,0.0572,456774636701154.562500
0.43188000000000004,0.0228,0.05,456774636701154.562500
0.4318900000000001,0.022000000000000002,0.0524,456774636701154.562500
0.43190000000000006,0.0204,0.0524,456774636701154.562500
0.4319100000000001,0.0236,0.053200000000000004,456774636701154.562500
0.4319200000000001,0.0212,0.0548,456774636701154.562500
0.43193000000000004,0.014,0.0492,456774636701154.562500
0.4319400000000001,0.0196,0.045200000000000004,456774636701154.562500
0.43195000000000006,0.0204,0.056400000000000006,456774636701154.562500
0.4319600000000001,0.0196,0.055600000000000004,456774636701154.562500
0.4319700000000001,0.0164,0.058,456774636701154.562500
0.43198000000000003,0.0212,0.054,456774636701154.562500
0.4319900000000001,0.018000000000000002,0.055600000000000004,456774636701154.562500
0.43200000000000005,0.022000000000000002,0.055600000000000004,456774636701154.562500
0.4320100000000001,0.0228,0.0492,456774636701154.562500
0.43202000000000007,0.0228,0.0524,456774636701154.562500
0.43203,0.0212,0.058,456774636701154.562500
0.4320400000000001,0.0228,0.053200000000000004,456774636701154.562500
0.43205000000000005,0.0204,0.045200000000000004,456774636701154.562500
0.4320600000000001,0.0228,0.05,456774636701154.562500
0.43207000000000007,0.0228,0.056400000000000006,456774636701154.562500
0.43208000000000013,0.0244,0.056400000000000006,456774636701154.562500
0.4320900000000001,0.0212,0.054,456774636701154.562500
0.43210000000000004,0.022000000000000002,0.058,456774636701154.562500
0.4321100000000001,0.022000000000000002,0.0524,456774636701154.562500
0.43212000000000006,0.0236,0.0572,456774636701154.562500
0.4321300000000001,0.0204,0.056400000000000006,456774636701154.562500
0.4321400000000001,0.0236,0.054,456774636701154.562500
0.43215000000000003,0.0188,0.056400000000000006,456774636701154.562500
0.4321600000000001,0.0244,0.0548,456774636701154.562500
0.43217000000000005,0.0228,0.054,456774636701154.562500
0.4321800000000001,0.0236,0.056400000000000006,456774636701154.562500
0.4321900000000001,0.0236,0.054,456774636701154.562500
0.43220000000000003,0.0236,0.054,456774636701154.562500
0.4322100000000001,0.0228,0.0516,456774636701154.562500
0.43222000000000005,0.0228,0.0516,456774636701154.562500
0.4322300000000001,0.0228,0.053200000000000004,456774636701154.562500
0.43224000000000007,0.0228,0.0516,456774636701154.562500
0.43225,0.022000000000000002,0.0572,456774636701154.562500
0.4322600000000001,0.0228,0.0572,456774636701154.562500
0.43227000000000004,0.0228,0.0572,456774636701154.562500
0.4322800000000001,0.022000000000000002,0.056400000000000006,456774636701154.562500
0.43229000000000006,0.0196,0.056400000000000006,456774636701154.562500
0.43230000000000013,0.0196,0.056400000000000006,456774636701154.562500
0.4323100000000001,0.022000000000000002,0.0548,456774636701154.562500
0.43232000000000004,0.0188,0.0548,456774636701154.562500
0.4323300000000001,0.0188,0.0524,456774636701154.562500
0.43234000000000006,0.0228,0.0572,456774636701154.562500
0.4323500000000001,0.0188,0.056400000000000006,456774636701154.562500
0.4323600000000001,0.0212,0.056400000000000006,456774636701154.562500
0.43237000000000003,0.022000000000000002,0.054,456774636701154.562500
0.4323800000000001,0.0244,0.054,456774636701154.562500
0.43239000000000005,0.0236,0.055600000000000004,456774636701154.562500
0.4324000000000001,0.0236,0.0572,456774636701154.562500
0.43241000000000007,0.0244,0.055600000000000004,456774636701154.562500
0.43242,0.0244,0.056400000000000006,456774636701154.562500
0.4324300000000001,0.022000000000000002,0.05,456774636701154.562500
0.43244000000000005,0.0236,0.056400000000000006,456774636701154.562500
0.4324500000000001,0.0228,0.054,456774636701154.562500
0.43246000000000007,0.026000000000000002,0.055600000000000004,456774636701154.562500
0.43247,0.0252,0.054,456774636701154.562500
0.4324800000000001,0.0236,0.055600000000000004,456774636701154.562500
0.43249000000000004,0.0212,0.0492,456774636701154.562500
0.4325000000000001,0.0236,0.0548,456774636701154.562500
0.43251000000000006,0.0236,0.055600000000000004,456774636701154.562500
0.4325200000000001,0.0212,0.055600000000000004,456774636701154.562500
0.4325300000000001,0.022000000000000002,0.055600000000000004,456774636701154.562500
0.43254000000000004,0.0212,0.0548,456774636701154.562500
0.4325500000000001,0.022000000000000002,0.0516,456774636701154.562500
0.43256000000000006,0.022000000000000002,0.0572,456774636701154.562500
0.4325700000000001,0.022000000000000002,0.054,456774636701154.562500
0.4325800000000001,0.0236,0.056400000000000006,456774636701154.562500
0.43259000000000003,0.0204,0.055600000000000004,456774636701154.562500
0.4326000000000001,0.0204,0.0548,456774636701154.562500
0.43261000000000005,0.0236,0.0548,456774636701154.562500
0.4326200000000001,0.0236,0.056400000000000006,456774636701154.562500
0.43263000000000007,0.022000000000000002,0.0524,456774636701154.562500
0.43264,0.0212,0.0572,456774636701154.562500
0.4326500000000001,0.0228,0.0572,456774636701154.562500
0.43266000000000004,0.022000000000000002,0.055600000000000004,456774636701154.562500
0.4326700000000001,0.022000000000000002,0.054,456774636701154.562500
0.43268000000000006,0.0228,0.058,456774636701154.562500
0.43269000000000013,0.0236,0.056400000000000006,456774636701154.562500
0.4327000000000001,0.0228,0.055600000000000004,456774636701154.562500
0.43271000000000004,0.0244,0.0572,456774636701154.562500
0.4327200000000001,0.0244,0.056400000000000006,456774636701154.562500
0.43273000000000006,0.0244,0.055600000000000004,456774636701154.562500
0.4327400000000001,0.022000000000000002,0.056400000000000006,456774636701154.562500
0.4327500000000001,0.0252,0.0516,456774636701154.562500
0.43276000000000003,0.0228,0.050800000000000005,456774636701154.562500
0.4327700000000001,0.0236,0.054,456774636701154.562500
0.43278000000000005,0.0228,0.055600000000000004,456774636701154.562500
0.4327900000000001,0.0228,0.0516,456774636701154.562500
0.4328000000000001,0.0228,0.054,456774636701154.562500
0.43281000000000003,0.0236,0.046,456774636701154.562500
0.4328200000000001,0.022000000000000002,0.055600000000000004,456774636701154.562500
0.43283000000000005,0.0228,0.056400000000000006,456774636701154.562500
0.4328400000000001,0.0236,0.055600000000000004,456774636701154.562500
0.43285000000000007,0.022000000000000002,0.056400000000000006,456774636701154.562500
0.43286,0.0212,0.0572,456774636701154.562500
0.4328700000000001,0.0228,0.054,456774636701154.562500
0.43288000000000004,0.0204,0.0524,456774636701154.562500
0.4328900000000001,0.0228,0.054,456774636701154.562500
0.43290000000000006,0.0212,0.054,456774636701154.562500
0.43291000000000013,0.022000000000000002,0.056400000000000006,456774636701154.562500
0.4329200000000001,0.0188,0.0524,456774636701154.562500
0.43293000000000004,0.0196,0.0524,456774636701154.562500
0.4329400000000001,0.0188,0.0516,456774636701154.562500
0.43295000000000006,0.0212,0.0548,456774636701154.562500
0.4329600000000001,0.022000000000000002,0.058800000000000005,456774636701154.562500
0.4329700000000001,0.0236,0.0548,456774636701154.562500
0.43298000000000003,0.022000000000000002,0.0572,456774636701154.562500
0.4329900000000001,0.0228,0.0548,456774636701154.562500
0.43300000000000005,0.0252,0.0548,456774636701154.562500
0.4330100000000001,0.022000000000000002,0.056400000000000006,456774636701154.562500
0.43302000000000007,0.0244,0.056400000000000006,456774636701154.562500
0.43303,0.022000000000000002,0.055600000000000004,456774636701154.562500
0.4330400000000001,0.0268,0.054,456774636701154.562500
0.43305000000000005,0.0252,0.058,456774636701154.562500
0.4330600000000001,0.0252,0.053200000000000004,456774636701154.562500
0.43307000000000007,0.0252,0.055600000000000004,456774636701154.562500
0.43308000000000013,0.0236,0.0524,456774636701154.562500
0.4330900000000001,0.0236,0.054,456774636701154.562500
0.43310000000000004,0.0228,0.0548,456774636701154.562500
0.4331100000000001,0.0204,0.055600000000000004,456774636701154.562500
0.43312000000000006,0.0244,0.055600000000000004,456774636701154.562500
0.4331300000000001,0.0212,0.054,456774636701154.562500
0.4331400000000001,0.0244,0.055600000000000004,456774636701154.562500
0.43315000000000003,0.022000000000000002,0.055600000000000004,456774636701154.562500
0.4331600000000001,0.022000000000000002,0.055600000000000004,456774636701154.562500
0.43317000000000005,0.0212,0.056400000000000006,456774636701154.562500
0.4331800000000001,0.0212,0.0572,456774636701154.562500
0.4331900000000001,0.0228,0.056400000000000006,456774636701154.562500
0.43320000000000003,0.0212,0.053200000000000004,456774636701154.562500
0.4332100000000001,0.022000000000000002,0.0548,456774636701154.562500
0.43322000000000005,0.0212,0.0548,456774636701154.562500
0.4332300000000001,0.0212,0.056400000000000006,456774636701154.562500
0.43324000000000007,0.0236,0.054,456774636701154.562500
0.43325,0.022000000000000002,0.055600000000000004,456774636701154.562500
0.4332600000000001,0.0212,0.0548,456774636701154.562500
0.43327000000000004,0.0188,0.056400000000000006,456774636701154.562500
0.4332800000000001,0.022000000000000002,0.054,456774636701154.562500
0.43329000000000006,0.012400000000000001,0.050800000000000005,456774636701154.562500
0.43330000000000013,0.0228,0.055600000000000004,456774636701154.562500
0.4333100000000001,0.022000000000000002,0.048400000000000006,456774636701154.562500
0.43332000000000004,0.022000000000000002,0.056400000000000006,456774636701154.562500
0.4333300000000001,0.0212,0.053200000000000004,456774636701154.562500
0.43334000000000006,0.0244,0.0516,456774636701154.562500
0.4333500000000001,0.022000000000000002,0.058,456774636701154.562500
0.4333600000000001,0.0228,0.054,456774636701154.562500
0.43337000000000003,0.0188,0.056400000000000006,456774636701154.562500
0.4333800000000001,0.0188,0.0524,456774636701154.562500
0.43339000000000005,0.0172,0.055600000000000004,456774636701154.562500
0.4334000000000001,0.022000000000000002,0.0492,456774636701154.562500
0.4334100000000001,0.0244,0.0548,456774636701154.562500
0.43342,0.022000000000000002,0.037200000000000004,456774636701154.562500
0.4334300000000001,0.0228,0.055600000000000004,456774636701154.562500
0.43344000000000005,0.0236,0.0468,456774636701154.562500
0.4334500000000001,0.022000000000000002,0.0572,456774636701154.562500
0.43346000000000007,0.0212,0.0548,456774636701154.562500
0.43347,0.0236,0.055600000000000004,456774636701154.562500
0.4334800000000001,0.0228,0.0572,456774636701154.562500
0.43349000000000004,0.0204,0.048400000000000006,456774636701154.562500
0.4335000000000001,0.0204,0.056400000000000006,456774636701154.562500
0.43351000000000006,0.022000000000000002,0.054,456774636701154.562500
0.4335200000000001,0.0228,0.050800000000000005,456774636701154.562500
0.4335300000000001,0.0212,0.0572,456774636701154.562500
0.43354000000000004,0.0204,0.042,456774636701154.562500
0.4335500000000001,0.0204,0.055600000000000004,456774636701154.562500
0.43356000000000006,0.0228,0.042800000000000005,456774636701154.562500
0.4335700000000001,0.0228,0.056400000000000006,456774636701154.562500
0.4335800000000001,0.0196,0.055600000000000004,456774636701154.562500
0.43359000000000003,0.0244,0.058,456774636701154.562500
0.4336000000000001,0.022000000000000002,0.056400000000000006,456774636701154.562500
0.43361000000000005,0.0228,0.0572,456774636701154.562500
0.4336200000000001,0.0236,0.0572,456774636701154.562500
0.43363000000000007,0.0212,0.054,456774636701154.562500
0.43364,0.0244,0.056400000000000006,456774636701154.562500
0.4336500000000001,0.022000000000000002,0.0492,456774636701154.562500
0.43366000000000005,0.0228,0.0548,456774636701154.562500
0.4336700000000001,0.022000000000000002,0.050800000000000005,456774636701154.562500
0.43368000000000007,0.0212,0.056400000000000006,456774636701154.562500
0.43369000000000013,0.0228,0.053200000000000004,456774636701154.562500
0.4337000000000001,0.0228,0.0548,456774636701154.562500
0.43371000000000004,0.0228,0.055600000000000004,456774636701154.562500
0.4337200000000001,0.0228,0.056400000000000006,456774636701154.562500
0.43373000000000006,0.022000000000000002,0.055600000000000004,456774636701154.562500
0.4337400000000001,0.0236,0.054,456774636701154.562500
0.4337500000000001,0.0236,0.054,456774636701154.562500
0.43376000000000003,0.022000000000000002,0.055600000000000004,456774636701154.562500
0.4337700000000001,0.0228,0.055600000000000004,456774636701154.562500
0.43378000000000005,0.0236,0.0548,456774636701154.562500
0.4337900000000001,0.022000000000000002,0.0516,456774636701154.562500
0.4338000000000001,0.022000000000000002,0.055600000000000004,456774636701154.562500
0.43381000000000003,0.0212,0.056400000000000006,456774636701154.562500
0.4338200000000001,0.0204,0.056400000000000006,456774636701154.562500
0.43383000000000005,0.0212,0.056400000000000006,456774636701154.562500
0.4338400000000001,0.0196,0.0572,456774636701154.562500
0.43385000000000007,0.022000000000000002,0.055600000000000004,456774636701154.562500
0.43386,0.0188,0.056400000000000006,456774636701154.562500
0.4338700000000001,0.022000000000000002,0.0572,456774636701154.562500
0.43388000000000004,0.0228,0.058,456774636701154.562500
0.4338900000000001,0.0228,0.054,456774636701154.562500
0.43390000000000006,0.0228,0.0572,456774636701154.562500
0.43391000000000013,0.022000000000000002,0.056400000000000006,456774636701154.562500
0.4339200000000001,0.0228,0.053200000000000004,456774636701154.562500
0.43393000000000004,0.0244,0.0516,456774636701154.562500
0.4339400000000001,0.0244,0.0548,456774636701154.562500
0.43395000000000006,0.0236,0.0492,456774636701154.562500
0.4339600000000001,0.022000000000000002,0.0572,456774636701154.562500
0.4339700000000001,0.0228,0.0524,456774636701154.562500
0.43398000000000003,0.0244,0.053200000000000004,456774636701154.562500
0.4339900000000001,0.0228,0.0468,456774636701154.562500
0.43400000000000005,0.0236,0.050800000000000005,456774636701154.562500
0.4340100000000001,0.0204,0.050800000000000005,456774636701154.562500
0.4340200000000001,0.022000000000000002,0.056400000000000006,456774636701154.562500
0.43403,0.022000000000000002,0.0572,456774636701154.562500
0.4340400000000001,0.0228,0.0572,456774636701154.562500
0.43405000000000005,0.022000000000000002,0.0572,456774636701154.562500
0.4340600000000001,0.0228,0.056400000000000006,456774636701154.562500
0.43407000000000007,0.0204,0.056400000000000006,456774636701154.562500
0.43408,0.0212,0.056400000000000006,456774636701154.562500
0.4340900000000001,0.022000000000000002,0.055600000000000004,456774636701154.562500
0.43410000000000004,0.0196,0.0548,456774636701154.562500
0.4341100000000001,0.0228,0.055600000000000004,456774636701154.562500
0.43412000000000006,0.022000000000000002,0.055600000000000004,456774636701154.562500
0.4341300000000001,0.0212,0.054,456774636701154.562500
0.4341400000000001,0.0228,0.056400000000000006,456774636701154.562500
0.43415000000000004,0.0204,0.054,456774636701154.562500
0.4341600000000001,0.0204,0.055600000000000004,456774636701154.562500
0.43417000000000006,0.015600000000000001,0.0548,456774636701154.562500
0.4341800000000001,0.0228,0.054,456774636701154.562500
0.4341900000000001,0.022000000000000002,0.0524,456774636701154.562500
0.43420000000000003,0.0228,0.053200000000000004,456774636701154.562500
0.4342100000000001,0.0236,0.050800000000000005,456774636701154.562500
0.43422000000000005,0.0236,0.056400000000000006,456774636701154.562500
0.4342300000000001,0.022000000000000002,0.0436,456774636701154.562500
0.43424000000000007,0.022000000000000002,0.048400000000000006,456774636701154.562500
0.43425,0.0244,0.046,456774636701154.562500
0.4342600000000001,0.0204,0.0548,456774636701154.562500
0.43427000000000004,0.0252,0.0524,456774636701154.562500
0.4342800000000001,0.0244,0.0524,456774636701154.562500
0.43429000000000006,0.0212,0.055600000000000004,456774636701154.562500
0.43430000000000013,0.0236,0.055600000000000004,456774636701154.562500
0.4343100000000001,0.0228,0.055600000000000004,456774636701154.562500
0.43432000000000004,0.0212,0.055600000000000004,456774636701154.562500
0.4343300000000001,0.0236,0.054,456774636701154.562500
0.43434000000000006,0.0228,0.055600000000000004,456774636701154.562500
0.4343500000000001,0.018000000000000002,0.056400000000000006,456774636701154.562500
0.4343600000000001,0.0172,0.056400000000000006,456774636701154.562500
0.43437000000000003,0.0204,0.054,456774636701154.562500
0.4343800000000001,0.0212,0.058,456774636701154.562500
0.43439000000000005,0.0212,0.056400000000000006,456774636701154.562500
0.4344000000000001,0.0212,0.055600000000000004,456774636701154.562500
0.4344100000000001,0.0244,0.0572,456774636701154.562500
0.43442000000000003,0.022000000000000002,0.055600000000000004,456774636701154.562500
0.4344300000000001,0.0212,0.056400000000000006,456774636701154.562500
0.43444000000000005,0.0212,0.0572,456774636701154.562500
0.4344500000000001,0.0196,0.055600000000000004,456774636701154.562500
0.43446000000000007,0.022000000000000002,0.056400000000000006,456774636701154.562500
0.43447,0.0212,0.0548,456774636701154.562500
0.4344800000000001,0.0228,0.053200000000000004,456774636701154.562500
0.43449000000000004,0.0212,0.0572,456774636701154.562500
0.4345000000000001,0.022000000000000002,0.050800000000000005,456774636701154.562500
0.43451000000000006,0.0228,0.045200000000000004,456774636701154.562500
0.43452000000000013,0.0236,0.054,456774636701154.562500
0.4345300000000001,0.0228,0.0436,456774636701154.562500
0.43454000000000004,0.0236,0.055600000000000004,456774636701154.562500
0.4345500000000001,0.0244,0.053200000000000004,456774636701154.562500
0.43456000000000006,0.0252,0.055600000000000004,456774636701154.562500
0.4345700000000001,0.0236,0.0524,456774636701154.562500
0.4345800000000001,0.0244,0.054,456774636701154.562500
0.43459000000000003,0.0236,0.056400000000000006,456774636701154.562500
0.4346000000000001,0.0236,0.056400000000000006,456774636701154.562500
0.43461000000000005,0.0236,0.054,456774636701154.562500
0.4346200000000001,0.0244,0.055600000000000004,456774636701154.562500
0.43463000000000007,0.0236,0.055600000000000004,456774636701154.562500
0.43464,0.0236,0.054,456774636701154.562500
0.4346500000000001,0.0244,0.0572,456774636701154.562500
0.43466000000000005,0.0236,0.055600000000000004,456774636701154.562500
0.4346700000000001,0.0228,0.0548,456774636701154.562500
0.43468000000000007,0.022000000000000002,0.056400000000000006,456774636701154.562500
0.43469000000000013,0.0204,0.055600000000000004,456774636701154.562500
0.4347000000000001,0.022000000000000002,0.056400000000000006,456774636701154.562500
0.43471000000000004,0.022000000000000002,0.054,456774636701154.562500
0.4347200000000001,0.0204,0.0572,456774636701154.562500
0.43473000000000006,0.022000000000000002,0.054,456774636701154.562500
0.4347400000000001,0.0212,0.055600000000000004,456774636701154.562500
0.4347500000000001,0.022000000000000002,0.0524,456774636701154.562500
0.43476000000000004,0.022000000000000002,0.053200000000000004,456774636701154.562500
0.4347700000000001,0.0228,0.056400000000000006,456774636701154.562500
0.43478000000000006,0.022000000000000002,0.05,456774636701154.562500
0.4347900000000001,0.0228,0.054,456774636701154.562500
0.4348000000000001,0.0228,0.0436,456774636701154.562500
0.43481000000000003,0.022000000000000002,0.050800000000000005,456774636701154.562500
0.4348200000000001,0.0228,0.05,456774636701154.562500
0.43483000000000005,0.0228,0.056400000000000006,456774636701154.562500
0.4348400000000001,0.0244,0.0572,456774636701154.562500
0.43485000000000007,0.0244,0.0548,456774636701154.562500
0.43486,0.0228,0.056400000000000006,456774636701154.562500
0.4348700000000001,0.0244,0.05,456774636701154.562500
0.43488000000000004,0.0244,0.056400000000000006,456774636701154.562500
0.4348900000000001,0.0236,0.054,456774636701154.562500
0.43490000000000006,0.0244,0.055600000000000004,456774636701154.562500
0.43491000000000013,0.0252,0.045200000000000004,456774636701154.562500
0.4349200000000001,0.0236,0.0548,456774636701154.562500
0.43493000000000004,0.0236,0.056400000000000006,456774636701154.562500
0.4349400000000001,0.0236,0.055600000000000004,456774636701154.562500
0.43495000000000006,0.0252,0.055600000000000004,456774636701154.562500
0.4349600000000001,0.018000000000000002,0.055600000000000004,456774636701154.562500
0.4349700000000001,0.0212,0.0524,456774636701154.562500
0.43498000000000003,0.022000000000000002,0.056400000000000006,456774636701154.562500
0.4349900000000001,0.0236,0.053200000000000004,456774636701154.562500
0.43500000000000005,0.022000000000000002,0.055600000000000004,456774636701154.562500
0.4350100000000001,0.022000000000000002,0.0516,456774636701154.562500
0.4350200000000001,0.022000000000000002,0.0572,456774636701154.562500
0.43503000000000003,0.022000000000000002,0.0516,456774636701154.562500
0.4350400000000001,0.0204,0.0572,456774636701154.562500
0.43505000000000005,0.022000000000000002,0.055600000000000004,456774636701154.562500
0.4350600000000001,0.0204,0.056400000000000006,456774636701154.562500
0.43507000000000007,0.0212,0.0524,456774636701154.562500
0.43508,0.0196,0.0548,456774636701154.562500
0.4350900000000001,0.0228,0.054,456774636701154.562500
0.43510000000000004,0.022000000000000002,0.056400000000000006,456774636701154.562500
0.4351100000000001,0.0212,0.0548,456774636701154.562500
0.43512000000000006,0.0236,0.0548,456774636701154.562500
0.43513000000000013,0.022000000000000002,0.055600000000000004,456774636701154.562500
0.4351400000000001,0.0236,0.056400000000000006,456774636701154.562500
0.43515000000000004,0.0252,0.055600000000000004,456774636701154.562500
0.4351600000000001,0.0228,0.053200000000000004,456774636701154.562500
0.43517000000000006,0.0244,0.055600000000000004,456774636701154.562500
0.4351800000000001,0.0252,0.054,456774636701154.562500
0.4351900000000001,0.022000000000000002,0.053200000000000004,456774636701154.562500
0.43520000000000003,0.0244,0.042,456774636701154.562500
0.4352100000000001,0.0244,0.055600000000000004,456774636701154.562500
0.43522000000000005,0.0252,0.054,456774636701154.562500
0.4352300000000001,0.0228,0.0548,456774636701154.562500
0.43524000000000007,0.0228,0.0548,456774636701154.562500
0.43525,0.0244,0.056400000000000006,456774636701154.562500
0.4352600000000001,0.022000000000000002,0.058,456774636701154.562500
0.43527000000000005,0.022000000000000002,0.0572,456774636701154.562500
0.4352800000000001,0.0204,0.0572,456774636701154.562500
0.43529000000000007,0.0228,0.0516,456774636701154.562500
0.43530000000000013,0.0236,0.058,456774636701154.562500
0.4353100000000001,0.0228,0.053200000000000004,456774636701154.562500
0.43532000000000004,0.0212,0.054,456774636701154.562500
0.4353300000000001,0.0188,0.056400000000000006,456774636701154.562500
0.43534000000000006,0.0164,0.054,456774636701154.562500
0.4353500000000001,0.0196,0.0548,456774636701154.562500
0.4353600000000001,0.0204,0.056400000000000006,456774636701154.562500
0.43537000000000003,0.0236,0.056400000000000006,456774636701154.562500
0.4353800000000001,0.0212,0.054,456774636701154.562500
0.43539000000000005,0.0228,0.056400000000000006,456774636701154.562500
0.4354000000000001,0.0204,0.0548,456774636701154.562500
0.4354100000000001,0.022000000000000002,0.0548,456774636701154.562500
0.43542000000000003,0.0228,0.0548,456774636701154.562500
0.4354300000000001,0.022000000000000002,0.0524,456774636701154.562500
0.43544000000000005,0.022000000000000002,0.054,456774636701154.562500
0.4354500000000001,0.0236,0.0548,456774636701154.562500
0.43546000000000007,0.0236,0.045200000000000004,456774636701154.562500
0.43547,0.022000000000000002,0.0468,456774636701154.562500
0.4354800000000001,0.0252,0.05,456774636701154.562500
0.43549000000000004,0.0244,0.045200000000000004,456774636701154.562500
0.4355000000000001,0.0228,0.0492,456774636701154.562500
0.43551000000000006,0.0244,0.0468,456774636701154.562500
0.43552000000000013,0.022000000000000002,0.053200000000000004,456774636701154.562500
0.4355300000000001,0.022000000000000002,0.0572,456774636701154.562500
0.43554000000000004,0.0228,0.056400000000000006,456774636701154.562500
0.4355500000000001,0.0188,0.0548,456774636701154.562500
0.43556000000000006,0.0228,0.053200000000000004,456774636701154.562500
0.4355700000000001,0.0236,0.0524,456774636701154.562500
0.4355800000000001,0.0236,0.055600000000000004,456774636701154.562500
0.43559000000000003,0.022000000000000002,0.053200000000000004,456774636701154.562500
0.4356000000000001,0.0212,0.0524,456774636701154.562500
0.43561000000000005,0.0212,0.056400000000000006,456774636701154.562500
0.4356200000000001,0.022000000000000002,0.054,456774636701154.562500
0.4356300000000001,0.022000000000000002,0.056400000000000006,456774636701154.562500
0.43564,0.0212,0.053200000000000004,456774636701154.562500
0.4356500000000001,0.022000000000000002,0.0524,456774636701154.562500
0.43566000000000005,0.0204,0.0524,456774636701154.562500
0.4356700000000001,0.0204,0.055600000000000004,456774636701154.562500
0.43568000000000007,0.0204,0.055600000000000004,456774636701154.562500
0.43569,0.022000000000000002,0.055600000000000004,456774636701154.562500
0.4357000000000001,0.0204,0.053200000000000004,456774636701154.562500
0.43571000000000004,0.0236,0.056400000000000006,456774636701154.562500
0.4357200000000001,0.0212,0.056400000000000006,456774636701154.562500
0.43573000000000006,0.0228,0.058,456774636701154.562500
0.4357400000000001,0.0228,0.054,456774636701154.562500
0.4357500000000001,0.022000000000000002,0.0572,456774636701154.562500
0.43576000000000004,0.022000000000000002,0.0548,456774636701154.562500
0.4357700000000001,0.0236,0.055600000000000004,456774636701154.562500
0.43578000000000006,0.0244,0.054,456774636701154.562500
0.4357900000000001,0.022000000000000002,0.05,456774636701154.562500
0.4358000000000001,0.0236,0.053200000000000004,456774636701154.562500
0.43581000000000003,0.0244,0.0516,456774636701154.562500
0.4358200000000001,0.0244,0.055600000000000004,456774636701154.562500
0.43583000000000005,0.0252,0.0524,456774636701154.562500
0.4358400000000001,0.0244,0.056400000000000006,456774636701154.562500
0.43585000000000007,0.0244,0.055600000000000004,456774636701154.562500
0.43586,0.0212,0.0548,456774636701154.562500
0.4358700000000001,0.022000000000000002,0.054,456774636701154.562500
0.43588000000000005,0.0236,0.053200000000000004,456774636701154.562500
0.4358900000000001,0.0236,0.0524,456774636701154.562500
0.43590000000000007,0.022000000000000002,0.042,456774636701154.562500
0.43591000000000013,0.0212,0.058,456774636701154.562500
0.4359200000000001,0.0228,0.053200000000000004,456774636701154.562500
0.43593000000000004,0.022000000000000002,0.056400000000000006,456774636701154.562500
0.4359400000000001,0.0228,0.056400000000000006,456774636701154.562500
0.43595000000000006,0.0236,0.0572,456774636701154.562500
0.4359600000000001,0.022000000000000002,0.0572,456774636701154.562500
0.4359700000000001,0.0212,0.054,456774636701154.562500
0.43598000000000003,0.0236,0.058,456774636701154.562500
0.4359900000000001,0.0212,0.056400000000000006,456774636701154.562500
0.43600000000000005,0.0212,0.054,456774636701154.562500
0.4360100000000001,0.022000000000000002,0.054,456774636701154.562500
0.4360200000000001,0.0212,0.055600000000000004,456774636701154.562500
0.43603000000000003,0.0228,0.056400000000000006,456774636701154.562500
0.4360400000000001,0.0244,0.0548,456774636701154.562500
0.43605000000000005,0.0228,0.054,456774636701154.562500
0.4360600000000001,0.022000000000000002,0.055600000000000004,456774636701154.562500
0.43607000000000007,0.022000000000000002,0.056400000000000006,456774636701154.562500
0.43608,0.0252,0.0492,456774636701154.562500
0.4360900000000001,0.0228,0.0516,456774636701154.562500
0.43610000000000004,0.0252,0.0476,456774636701154.562500
0.4361100000000001,0.0236,0.050800000000000005,456774636701154.562500
0.43612000000000006,0.0236,0.050800000000000005,456774636701154.562500
0.43613000000000013,0.0236,0.0548,456774636701154.562500
0.4361400000000001,0.022000000000000002,0.058,456774636701154.562500
0.43615000000000004,0.0244,0.053200000000000004,456774636701154.562500
0.4361600000000001,0.0236,0.053200000000000004,456774636701154.562500
0.43617000000000006,0.022000000000000002,0.053200000000000004,456774636701154.562500
0.4361800000000001,0.0244,0.055600000000000004,456774636701154.562500
0.4361900000000001,0.0228,0.040400000000000005,456774636701154.562500
0.43620000000000003,0.022000000000000002,0.055600000000000004,456774636701154.562500
0.4362100000000001,0.0228,0.054,456774636701154.562500
0.43622000000000005,0.0228,0.0572,456774636701154.562500
0.4362300000000001,0.0236,0.0572,456774636701154.562500
0.43624000000000007,0.022000000000000002,0.056400000000000006,456774636701154.562500
0.43625,0.0212,0.055600000000000004,456774636701154.562500
0.4362600000000001,0.0212,0.0516,456774636701154.562500
0.43627000000000005,0.0188,0.056400000000000006,456774636701154.562500
0.4362800000000001,0.022000000000000002,0.054,456774636701154.562500
0.43629000000000007,0.0188,0.056400000000000006,456774636701154.562500
0.4363,0.0236,0.055600000000000004,456774636701154.562500
0.4363100000000001,0.022000000000000002,0.0524,456774636701154.562500
0.43632000000000004,0.0212,0.055600000000000004,456774636701154.562500
0.4363300000000001,0.0228,0.055600000000000004,456774636701154.562500
0.43634000000000006,0.0228,0.056400000000000006,456774636701154.562500
0.4363500000000001,0.0204,0.054,456774636701154.562500
0.4363600000000001,0.0228,0.0548,456774636701154.562500
0.43637000000000004,0.0236,0.058800000000000005,456774636701154.562500
0.4363800000000001,0.0228,0.054,456774636701154.562500
0.43639000000000006,0.0236,0.053200000000000004,456774636701154.562500
0.4364000000000001,0.0228,0.056400000000000006,456774636701154.562500
0.4364100000000001,0.0236,0.050800000000000005,456774636701154.562500
0.43642000000000003,0.0244,0.050800000000000005,456774636701154.562500
0.4364300000000001,0.0236,0.048400000000000006,456774636701154.562500
0.43644000000000005,0.0244,0.050800000000000005,456774636701154.562500
0.4364500000000001,0.0252,0.053200000000000004,456774636701154.562500
0.43646000000000007,0.0236,0.0548,456774636701154.562500
0.43647,0.0236,0.054,456774636701154.562500
0.4364800000000001,0.022000000000000002,0.0572,456774636701154.562500
0.43649000000000004,0.0236,0.056400000000000006,456774636701154.562500
0.4365000000000001,0.0244,0.056400000000000006,456774636701154.562500
0.43651000000000006,0.0228,0.0572,456774636701154.562500
0.43652000000000013,0.0236,0.055600000000000004,456774636701154.562500
0.4365300000000001,0.022000000000000002,0.058800000000000005,456774636701154.562500
0.43654000000000004,0.0204,0.058,456774636701154.562500
0.4365500000000001,0.0204,0.0572,456774636701154.562500
0.43656000000000006,0.0212,0.055600000000000004,456774636701154.562500
0.4365700000000001,0.0212,0.0516,456774636701154.562500
0.4365800000000001,0.0212,0.055600000000000004,456774636701154.562500
0.43659000000000003,0.022000000000000002,0.055600000000000004,456774636701154.562500
0.4366000000000001,0.022000000000000002,0.056400000000000006,456774636701154.562500
0.43661000000000005,0.0228,0.055600000000000004,456774636701154.562500
0.4366200000000001,0.022000000000000002,0.0548,456774636701154.562500
0.4366300000000001,0.0228,0.056400000000000006,456774636701154.562500
0.43664000000000003,0.0236,0.056400000000000006,456774636701154.562500
0.4366500000000001,0.0212,0.0524,456774636701154.562500
0.43666000000000005,0.0236,0.0476,456774636701154.562500
0.4366700000000001,0.0228,0.05,456774636701154.562500
0.43668000000000007,0.0212,0.0516,456774636701154.562500
0.43669,0.0236,0.0492,456774636701154.562500
0.4367000000000001,0.0236,0.055600000000000004,456774636701154.562500
0.43671000000000004,0.0244,0.0572,456774636701154.562500
0.4367200000000001,0.0244,0.055600000000000004,456774636701154.562500
0.43673000000000006,0.0252,0.055600000000000004,456774636701154.562500
0.43674000000000013,0.0244,0.05,456774636701154.562500
0.4367500000000001,0.0244,0.05,456774636701154.562500
0.43676000000000004,0.0228,0.0548,456774636701154.562500
0.4367700000000001,0.0244,0.054,456774636701154.562500
0.43678000000000006,0.0228,0.054,456774636701154.562500
0.4367900000000001,0.0252,0.058800000000000005,456774636701154.562500
0.4368000000000001,0.0228,0.0548,456774636701154.562500
0.43681000000000003,0.0212,0.0572,456774636701154.562500
0.4368200000000001,0.022000000000000002,0.0572,456774636701154.562500
0.43683000000000005,0.022000000000000002,0.0572,456774636701154.562500
0.4368400000000001,0.0228,0.055600000000000004,456774636701154.562500
0.43685000000000007,0.0228,0.0516,456774636701154.562500
0.43686,0.022000000000000002,0.0572,456774636701154.562500
0.4368700000000001,0.0228,0.054,456774636701154.562500
0.43688000000000005,0.0212,0.0468,456774636701154.562500
0.4368900000000001,0.0236,0.0492,456774636701154.562500
0.43690000000000007,0.0212,0.055600000000000004,456774636701154.562500
0.43691000000000013,0.0228,0.055600000000000004,456774636701154.562500
0.4369200000000001,0.022000000000000002,0.058,456774636701154.562500
0.43693000000000004,0.0204,0.0572,456774636701154.562500
0.4369400000000001,0.0196,0.0548,456774636701154.562500
0.43695000000000006,0.0204,0.056400000000000006,456774636701154.562500
0.4369600000000001,0.0204,0.054,456774636701154.562500
0.4369700000000001,0.0236,0.056400000000000006,456774636701154.562500
0.43698000000000004,0.0228,0.055600000000000004,456774636701154.562500
0.4369900000000001,0.0244,0.0572,456774636701154.562500
0.43700000000000006,0.0236,0.058,456774636701154.562500
0.4370100000000001,0.0236,0.0572,456774636701154.562500
0.4370200000000001,0.0204,0.058,456774636701154.562500
0.43703000000000003,0.0228,0.0572,456774636701154.562500
0.4370400000000001,0.0212,0.054,456774636701154.562500
0.43705000000000005,0.0188,0.0572,456774636701154.562500
0.4370600000000001,0.022000000000000002,0.055600000000000004,456774636701154.562500
0.43707000000000007,0.0252,0.0572,456774636701154.562500
0.43708,0.0228,0.055600000000000004,456774636701154.562500
0.4370900000000001,0.0228,0.054,456774636701154.562500
0.43710000000000004,0.022000000000000002,0.0548,456774636701154.562500
0.4371100000000001,0.0204,0.05,456774636701154.562500
0.43712000000000006,0.0236,0.053200000000000004,456774636701154.562500
0.43713000000000013,0.022000000000000002,0.050800000000000005,456774636701154.562500
0.4371400000000001,0.022000000000000002,0.0524,456774636701154.562500
0.43715000000000004,0.0228,0.0492,456774636701154.562500
0.4371600000000001,0.022000000000000002,0.0516,456774636701154.562500
0.43717000000000006,0.022000000000000002,0.0516,456774636701154.562500
0.4371800000000001,0.022000000000000002,0.055600000000000004,456774636701154.562500
0.4371900000000001,0.0212,0.054,456774636701154.562500
0.43720000000000003,0.022000000000000002,0.0572,456774636701154.562500
0.4372100000000001,0.0228,0.0548,456774636701154.562500
0.43722000000000005,0.0228,0.054,456774636701154.562500
0.4372300000000001,0.0236,0.055600000000000004,456774636701154.562500
0.4372400000000001,0.022000000000000002,0.056400000000000006,456774636701154.562500
0.43725,0.0228,0.0572,456774636701154.562500
0.4372600000000001,0.0228,0.054,456774636701154.562500
0.43727000000000005,0.022000000000000002,0.0572,456774636701154.562500
0.4372800000000001,0.022000000000000002,0.056400000000000006,456774636701154.562500
0.43729000000000007,0.0244,0.0572,456774636701154.562500
0.4373,0.0236,0.0548,456774636701154.562500
0.4373100000000001,0.0244,0.0572,456774636701154.562500
0.43732000000000004,0.0244,0.0548,456774636701154.562500
0.4373300000000001,0.0244,0.056400000000000006,456774636701154.562500
0.43734000000000006,0.0236,0.055600000000000004,456774636701154.562500
0.4373500000000001,0.0228,0.056400000000000006,456774636701154.562500
0.4373600000000001,0.0236,0.0572,456774636701154.562500
0.43737000000000004,0.0228,0.058,456774636701154.562500
0.4373800000000001,0.022000000000000002,0.055600000000000004,456774636701154.562500
0.43739000000000006,0.0244,0.055600000000000004,456774636701154.562500
0.4374000000000001,0.0228,0.055600000000000004,456774636701154.562500
0.4374100000000001,0.022000000000000002,0.055600000000000004,456774636701154.562500
0.43742000000000003,0.0204,0.0572,456774636701154.562500
0.4374300000000001,0.022000000000000002,0.0548,456774636701154.562500
0.43744000000000005,0.0228,0.056400000000000006,456774636701154.562500
0.4374500000000001,0.0212,0.0572,456774636701154.562500
0.43746000000000007,0.022000000000000002,0.0572,456774636701154.562500
0.43747,0.022000000000000002,0.0572,456774636701154.562500
0.4374800000000001,0.022000000000000002,0.0548,456774636701154.562500
0.43749000000000005,0.0228,0.0572,456774636701154.562500
0.4375000000000001,0.022000000000000002,0.055600000000000004,456774636701154.562500
0.43751000000000007,0.0228,0.0572,456774636701154.562500
0.43752000000000013,0.0236,0.056400000000000006,456774636701154.562500
0.4375300000000001,0.0228,0.056400000000000006,456774636701154.562500
0.43754000000000004,0.0204,0.055600000000000004,456774636701154.562500
0.4375500000000001,0.0212,0.0572,456774636701154.562500
0.43756000000000006,0.0204,0.056400000000000006,456774636701154.562500
0.4375700000000001,0.0196,0.0572,456774636701154.562500
0.4375800000000001,0.0228,0.058,456774636701154.562500
0.43759000000000003,0.0236,0.055600000000000004,456774636701154.562500
0.4376000000000001,0.0252,0.0572,456774636701154.562500
0.43761000000000005,0.0228,0.0572,456774636701154.562500
0.4376200000000001,0.0252,0.056400000000000006,456774636701154.562500
0.4376300000000001,0.0236,0.056400000000000006,456774636701154.562500
0.43764000000000003,0.0244,0.053200000000000004,456774636701154.562500
0.4376500000000001,0.0236,0.056400000000000006,456774636701154.562500
0.43766000000000005,0.0244,0.055600000000000004,456774636701154.562500
0.4376700000000001,0.0244,0.053200000000000004,456774636701154.562500
0.43768000000000007,0.0212,0.055600000000000004,456774636701154.562500
0.43769,0.0244,0.05,456774636701154.562500
0.4377000000000001,0.022000000000000002,0.058,456774636701154.562500
0.43771000000000004,0.022000000000000002,0.0572,456774636701154.562500
0.4377200000000001,0.0204,0.056400000000000006,456774636701154.562500
0.43773000000000006,0.022000000000000002,0.055600000000000004,456774636701154.562500
0.43774000000000013,0.0212,0.054,456774636701154.562500
0.4377500000000001,0.0204,0.054,456774636701154.562500
0.43776000000000004,0.0212,0.053200000000000004,456774636701154.562500
0.4377700000000001,0.0196,0.0436,456774636701154.562500
0.43778000000000006,0.0212,0.048400000000000006,456774636701154.562500
0.4377900000000001,0.0228,0.050800000000000005,456774636701154.562500
0.4378000000000001,0.0212,0.0492,456774636701154.562500
0.43781000000000003,0.0236,0.050800000000000005,456774636701154.562500
0.4378200000000001,0.022000000000000002,0.055600000000000004,456774636701154.562500
0.43783000000000005,0.0228,0.0516,456774636701154.562500
0.4378400000000001,0.0236,0.0516,456774636701154.562500
0.4378500000000001,0.0228,0.0548,456774636701154.562500
0.43786,0.022000000000000002,0.056400000000000006,456774636701154.562500
0.4378700000000001,0.0236,0.055600000000000004,456774636701154.562500
0.43788000000000005,0.0236,0.053200000000000004,456774636701154.562500
0.4378900000000001,0.0236,0.053200000000000004,456774636701154.562500
0.43790000000000007,0.0244,0.055600000000000004,456774636701154.562500
0.43791,0.0244,0.056400000000000006,456774636701154.562500
0.4379200000000001,0.0228,0.055600000000000004,456774636701154.562500
0.43793000000000004,0.026000000000000002,0.056400000000000006,456774636701154.562500
0.4379400000000001,0.0228,0.056400000000000006,456774636701154.562500
0.43795000000000006,0.0244,0.0548,456774636701154.562500
0.4379600000000001,0.0236,0.056400000000000006,456774636701154.562500
0.4379700000000001,0.0228,0.058,456774636701154.562500
0.43798000000000004,0.0244,0.055600000000000004,456774636701154.562500
0.4379900000000001,0.0228,0.055600000000000004,456774636701154.562500
0.43800000000000006,0.0236,0.056400000000000006,456774636701154.562500
0.4380100000000001,0.0244,0.0572,456774636701154.562500
0.4380200000000001,0.022000000000000002,0.056400000000000006,456774636701154.562500
0.43803000000000003,0.0196,0.056400000000000006,456774636701154.562500
0.4380400000000001,0.0204,0.055600000000000004,456774636701154.562500
0.43805000000000005,0.0228,0.053200000000000004,456774636701154.562500
0.4380600000000001,0.0228,0.056400000000000006,456774636701154.562500
0.43807000000000007,0.0228,0.055600000000000004,456774636701154.562500
0.43808,0.022000000000000002,0.0572,456774636701154.562500
0.4380900000000001,0.0212,0.0572,456774636701154.562500
0.43810000000000004,0.022000000000000002,0.0548,456774636701154.562500
0.4381100000000001,0.0212,0.053200000000000004,456774636701154.562500
0.43812000000000006,0.0228,0.053200000000000004,456774636701154.562500
0.43813000000000013,0.0228,0.055600000000000004,456774636701154.562500
0.4381400000000001,0.0228,0.054,456774636701154.562500
0.43815000000000004,0.022000000000000002,0.054,456774636701154.562500
0.4381600000000001,0.0196,0.053200000000000004,456774636701154.562500
0.43817000000000006,0.0228,0.054,456774636701154.562500
0.4381800000000001,0.0244,0.050800000000000005,456774636701154.562500
0.4381900000000001,0.0228,0.0524,456774636701154.562500
0.43820000000000003,0.0236,0.0492,456774636701154.562500
0.4382100000000001,0.026000000000000002,0.055600000000000004,456774636701154.562500
0.43822000000000005,0.0244,0.0572,456774636701154.562500
0.4382300000000001,0.0236,0.0548,456774636701154.562500
0.4382400000000001,0.0236,0.0572,456774636701154.562500
0.43825000000000003,0.0236,0.0492,456774636701154.562500
0.4382600000000001,0.0212,0.0548,456774636701154.562500
0.43827000000000005,0.0228,0.0436,456774636701154.562500
0.4382800000000001,0.0212,0.040400000000000005,456774636701154.562500
0.43829000000000007,0.0196,0.053200000000000004,456774636701154.562500
0.4383,0.0228,0.0572,456774636701154.562500
0.4383100000000001,0.022000000000000002,0.0524,456774636701154.562500
0.43832000000000004,0.0236,0.0572,456774636701154.562500
0.4383300000000001,0.0196,0.055600000000000004,456774636701154.562500
0.43834000000000006,0.0244,0.0516,456774636701154.562500
0.43835000000000013,0.0228,0.055600000000000004,456774636701154.562500
0.4383600000000001,0.018000000000000002,0.055600000000000004,456774636701154.562500
0.43837000000000004,0.0204,0.055600000000000004,456774636701154.562500
0.4383800000000001,0.0172,0.056400000000000006,456774636701154.562500
0.43839000000000006,0.0212,0.054,456774636701154.562500
0.4384000000000001,0.022000000000000002,0.056400000000000006,456774636701154.562500
0.4384100000000001,0.0212,0.054,456774636701154.562500
0.43842000000000003,0.0236,0.054,456774636701154.562500
0.4384300000000001,0.0212,0.056400000000000006,456774636701154.562500
0.43844000000000005,0.022000000000000002,0.0476,456774636701154.562500
0.4384500000000001,0.0196,0.055600000000000004,456774636701154.562500
0.43846000000000007,0.022000000000000002,0.055600000000000004,456774636701154.562500
0.43847,0.0236,0.0572,456774636701154.562500
0.4384800000000001,0.0228,0.054,456774636701154.562500
0.43849000000000005,0.0244,0.055600000000000004,456774636701154.562500
0.4385000000000001,0.0236,0.053200000000000004,456774636701154.562500
0.43851000000000007,0.0236,0.0572,456774636701154.562500
0.43852000000000013,0.0244,0.056400000000000006,456774636701154.562500
0.4385300000000001,0.0244,0.055600000000000004,456774636701154.562500
0.43854000000000004,0.0252,0.0524,456774636701154.562500
0.4385500000000001,0.0228,0.056400000000000006,456774636701154.562500
0.43856000000000006,0.0244,0.0572,456774636701154.562500
0.4385700000000001,0.0244,0.056400000000000006,456774636701154.562500
0.4385800000000001,0.0236,0.0572,456774636701154.562500
0.43859000000000004,0.0236,0.058,456774636701154.562500
0.4386000000000001,0.0196,0.056400000000000006,456774636701154.562500
0.43861000000000006,0.022000000000000002,0.055600000000000004,456774636701154.562500
0.4386200000000001,0.0236,0.054,456774636701154.562500
0.4386300000000001,0.0228,0.055600000000000004,456774636701154.562500
0.43864000000000003,0.0244,0.055600000000000004,456774636701154.562500
0.4386500000000001,0.0228,0.0516,456774636701154.562500
0.43866000000000005,0.022000000000000002,0.053200000000000004,456774636701154.562500
0.4386700000000001,0.0212,0.050800000000000005,456774636701154.562500
0.43868000000000007,0.0212,0.0516,456774636701154.562500
0.43869,0.022000000000000002,0.055600000000000004,456774636701154.562500
0.4387000000000001,0.022000000000000002,0.048400000000000006,456774636701154.562500
0.43871000000000004,0.0204,0.048400000000000006,456774636701154.562500
0.4387200000000001,0.022000000000000002,0.053200000000000004,456774636701154.562500
0.43873000000000006,0.022000000000000002,0.0548,456774636701154.562500
0.43874000000000013,0.0228,0.0524,456774636701154.562500
0.4387500000000001,0.0212,0.054,456774636701154.562500
0.43876000000000004,0.022000000000000002,0.058,456774636701154.562500
0.4387700000000001,0.0228,0.055600000000000004,456774636701154.562500
0.43878000000000006,0.022000000000000002,0.056400000000000006,456774636701154.562500
0.4387900000000001,0.0228,0.0572,456774636701154.562500
0.4388000000000001,0.0244,0.056400000000000006,456774636701154.562500
0.43881000000000003,0.0244,0.0548,456774636701154.562500
0.4388200000000001,0.022000000000000002,0.053200000000000004,456774636701154.562500
0.43883000000000005,0.0236,0.056400000000000006,456774636701154.562500
0.4388400000000001,0.0228,0.055600000000000004,456774636701154.562500
0.4388500000000001,0.0244,0.056400000000000006,456774636701154.562500
0.43886000000000003,0.0196,0.0548,456774636701154.562500
0.4388700000000001,0.0196,0.053200000000000004,456774636701154.562500
0.43888000000000005,0.0244,0.055600000000000004,456774636701154.562500
0.4388900000000001,0.0244,0.0548,456774636701154.562500
0.43890000000000007,0.0252,0.055600000000000004,456774636701154.562500
0.43891,0.0236,0.056400000000000006,456774636701154.562500
0.4389200000000001,0.0236,0.054,456774636701154.562500
0.43893000000000004,0.022000000000000002,0.050800000000000005,456774636701154.562500
0.4389400000000001,0.022000000000000002,0.0572,456774636701154.562500
0.43895000000000006,0.0204,0.056400000000000006,456774636701154.562500
0.43896000000000013,0.022000000000000002,0.055600000000000004,456774636701154.562500
0.4389700000000001,0.022000000000000002,0.058,456774636701154.562500
0.43898000000000004,0.022000000000000002,0.0548,456774636701154.562500
0.4389900000000001,0.0236,0.056400000000000006,456774636701154.562500
0.43900000000000006,0.022000000000000002,0.056400000000000006,456774636701154.562500
0.4390100000000001,0.0212,0.055600000000000004,456774636701154.562500
0.4390200000000001,0.0236,0.055600000000000004,456774636701154.562500
0.43903000000000003,0.0212,0.0572,456774636701154.562500
0.4390400000000001,0.0212,0.056400000000000006,456774636701154.562500
0.43905000000000005,0.0204,0.0572,456774636701154.562500
0.4390600000000001,0.0228,0.055600000000000004,456774636701154.562500
0.43907000000000007,0.0236,0.053200000000000004,456774636701154.562500
0.43908,0.0244,0.058,456774636701154.562500
0.4390900000000001,0.022000000000000002,0.055600000000000004,456774636701154.562500
0.43910000000000005,0.0228,0.058,456774636701154.562500
0.4391100000000001,0.0236,0.055600000000000004,456774636701154.562500
0.43912000000000007,0.0244,0.055600000000000004,456774636701154.562500
0.43913000000000013,0.0236,0.056400000000000006,456774636701154.562500
0.4391400000000001,0.0212,0.056400000000000006,456774636701154.562500
0.43915000000000004,0.0212,0.0548,456774636701154.562500
0.4391600000000001,0.0204,0.056400000000000006,456774636701154.562500
0.43917000000000006,0.015600000000000001,0.0516,456774636701154.562500
0.4391800000000001,0.0204,0.055600000000000004,456774636701154.562500
0.4391900000000001,0.0252,0.0548,456774636701154.562500
0.43920000000000003,0.0212,0.056400000000000006,456774636701154.562500
0.4392100000000001,0.0196,0.0572,456774636701154.562500
0.43922000000000005,0.0204,0.0572,456774636701154.562500
0.4392300000000001,0.0204,0.050800000000000005,456774636701154.562500
0.4392400000000001,0.022000000000000002,0.055600000000000004,456774636701154.562500
0.43925000000000003,0.022000000000000002,0.056400000000000006,456774636701154.562500
0.4392600000000001,0.022000000000000002,0.056400000000000006,456774636701154.562500
0.43927000000000005,0.0212,0.056400000000000006,456774636701154.562500
0.4392800000000001,0.022000000000000002,0.0524,456774636701154.562500
0.43929000000000007,0.0212,0.056400000000000006,456774636701154.562500
0.4393,0.0212,0.055600000000000004,456774636701154.562500
0.4393100000000001,0.0212,0.055600000000000004,456774636701154.562500
0.43932000000000004,0.0196,0.058,456774636701154.562500
0.4393300000000001,0.0212,0.055600000000000004,456774636701154.562500
0.43934000000000006,0.022000000000000002,0.055600000000000004,456774636701154.562500
0.43935000000000013,0.0204,0.056400000000000006,456774636701154.562500
0.4393600000000001,0.022000000000000002,0.0572,456774636701154.562500
0.43937000000000004,0.0228,0.0572,456774636701154.562500
0.4393800000000001,0.0212,0.048400000000000006,456774636701154.562500
0.43939000000000006,0.022000000000000002,0.0548,456774636701154.562500
0.4394000000000001,0.022000000000000002,0.053200000000000004,456774636701154.562500
0.4394100000000001,0.0212,0.0492,456774636701154.562500
0.43942000000000003,0.0244,0.0412,456774636701154.562500
0.4394300000000001,0.0244,0.0364,456774636701154.562500
0.43944000000000005,0.0244,0.0444,456774636701154.562500
0.4394500000000001,0.0252,0.0492,456774636701154.562500
0.4394600000000001,0.0236,0.053200000000000004,456774636701154.562500
0.43947,0.0252,0.0572,456774636701154.562500
0.4394800000000001,0.0252,0.055600000000000004,456774636701154.562500
0.43949000000000005,0.0212,0.056400000000000006,456774636701154.562500
0.4395000000000001,0.0236,0.055600000000000004,456774636701154.562500
0.43951000000000007,0.0236,0.056400000000000006,456774636701154.562500
0.43952,0.0236,0.0572,456774636701154.562500
0.4395300000000001,0.0236,0.055600000000000004,456774636701154.562500
0.43954000000000004,0.0228,0.056400000000000006,456774636701154.562500
0.4395500000000001,0.022000000000000002,0.054,456774636701154.562500
0.43956000000000006,0.0228,0.0572,456774636701154.562500
0.4395700000000001,0.0212,0.053200000000000004,456774636701154.562500
0.4395800000000001,0.0236,0.056400000000000006,456774636701154.562500
0.43959000000000004,0.0212,0.05,456774636701154.562500
0.4396000000000001,0.0212,0.056400000000000006,456774636701154.562500
0.43961000000000006,0.0204,0.054,456774636701154.562500
0.4396200000000001,0.0228,0.055600000000000004,456774636701154.562500
0.4396300000000001,0.0196,0.055600000000000004,456774636701154.562500
0.43964000000000003,0.022000000000000002,0.053200000000000004,456774636701154.562500
0.4396500000000001,0.022000000000000002,0.054,456774636701154.562500
0.43966000000000005,0.0236,0.055600000000000004,456774636701154.562500
0.4396700000000001,0.022000000000000002,0.058800000000000005,456774636701154.562500
0.43968000000000007,0.0228,0.053200000000000004,456774636701154.562500
0.43969,0.022000000000000002,0.0548,456774636701154.562500
0.4397000000000001,0.0236,0.048400000000000006,456774636701154.562500
0.43971000000000005,0.0228,0.048400000000000006,456774636701154.562500
0.4397200000000001,0.022000000000000002,0.05,456774636701154.562500
0.43973000000000007,0.0212,0.058,456774636701154.562500
0.43974000000000013,0.0252,0.0516,456774636701154.562500
0.4397500000000001,0.0236,0.053200000000000004,456774636701154.562500
0.43976000000000004,0.0252,0.053200000000000004,456774636701154.562500
0.4397700000000001,0.022000000000000002,0.050800000000000005,456774636701154.562500
0.43978000000000006,0.0236,0.0572,456774636701154.562500
0.4397900000000001,0.0236,0.0548,456774636701154.562500
0.4398000000000001,0.0236,0.0548,456774636701154.562500
0.43981000000000003,0.0244,0.055600000000000004,456774636701154.562500
0.4398200000000001,0.022000000000000002,0.055600000000000004,456774636701154.562500
0.43983000000000005,0.0228,0.0572,456774636701154.562500
0.4398400000000001,0.0228,0.0524,456774636701154.562500
0.4398500000000001,0.0228,0.054,456774636701154.562500
0.43986000000000003,0.0228,0.0572,456774636701154.562500
0.4398700000000001,0.022000000000000002,0.054,456774636701154.562500
0.43988000000000005,0.0212,0.0572,456774636701154.562500
0.4398900000000001,0.0228,0.0572,456774636701154.562500
0.43990000000000007,0.0228,0.0572,456774636701154.562500
0.43991,0.022000000000000002,0.053200000000000004,456774636701154.562500
0.4399200000000001,0.0212,0.056400000000000006,456774636701154.562500
0.43993000000000004,0.0228,0.056400000000000006,456774636701154.562500
0.4399400000000001,0.0212,0.055600000000000004,456774636701154.562500
0.43995000000000006,0.0228,0.056400000000000006,456774636701154.562500
0.43996000000000013,0.0236,0.056400000000000006,456774636701154.562500
0.4399700000000001,0.0236,0.0572,456774636701154.562500
0.43998000000000004,0.022000000000000002,0.055600000000000004,456774636701154.562500
0.4399900000000001,0.022000000000000002,0.058,456774636701154.562500
0.44000000000000006,0.0228,0.056400000000000006,456774636701154.562500
0.4400100000000001,0.0228,0.0548,456774636701154.562500
0.4400200000000001,0.0236,0.0548,456774636701154.562500
0.44003000000000003,0.022000000000000002,0.056400000000000006,456774636701154.562500
0.4400400000000001,0.0236,0.056400000000000006,456774636701154.562500
0.44005000000000005,0.0228,0.050800000000000005,456774636701154.562500
0.4400600000000001,0.0236,0.0572,456774636701154.562500
0.44007000000000007,0.0244,0.0476,456774636701154.562500
0.44008,0.0236,0.054,456774636701154.562500
0.4400900000000001,0.0236,0.0524,456774636701154.562500
0.44010000000000005,0.0244,0.058,456774636701154.562500
0.4401100000000001,0.0244,0.05,456774636701154.562500
0.44012000000000007,0.022000000000000002,0.0572,456774636701154.562500
0.44013000000000013,0.0228,0.054,456774636701154.562500
0.4401400000000001,0.0236,0.0572,456774636701154.562500
0.44015000000000004,0.0236,0.0572,456774636701154.562500
0.4401600000000001,0.0228,0.056400000000000006,456774636701154.562500
0.44017000000000006,0.022000000000000002,0.056400000000000006,456774636701154.562500
0.4401800000000001,0.022000000000000002,0.0572,456774636701154.562500
0.4401900000000001,0.0212,0.0524,456774636701154.562500
0.44020000000000004,0.0188,0.0548,456774636701154.562500
0.4402100000000001,0.0212,0.0516,456774636701154.562500
0.44022000000000006,0.022000000000000002,0.054,456774636701154.562500
0.4402300000000001,0.0204,0.056400000000000006,456774636701154.562500
0.4402400000000001,0.022000000000000002,0.0572,456774636701154.562500
0.44025000000000003,0.022000000000000002,0.056400000000000006,456774636701154.562500
0.4402600000000001,0.0212,0.055600000000000004,456774636701154.562500
0.44027000000000005,0.0228,0.055600000000000004,456774636701154.562500
0.4402800000000001,0.0236,0.056400000000000006,456774636701154.562500
0.44029000000000007,0.0228,0.058,456774636701154.562500
0.4403,0.0236,0.056400000000000006,456774636701154.562500
0.4403100000000001,0.0204,0.056400000000000006,456774636701154.562500
0.44032000000000004,0.0244,0.0548,456774636701154.562500
0.4403300000000001,0.018000000000000002,0.0524,456774636701154.562500
0.44034000000000006,0.022000000000000002,0.055600000000000004,456774636701154.562500
0.44035000000000013,0.0188,0.054,456774636701154.562500
0.4403600000000001,0.0236,0.056400000000000006,456774636701154.562500
0.44037000000000004,0.022000000000000002,0.0572,456774636701154.562500
0.4403800000000001,0.0244,0.056400000000000006,456774636701154.562500
0.44039000000000006,0.0196,0.058,456774636701154.562500
0.4404000000000001,0.0228,0.0548,456774636701154.562500
0.4404100000000001,0.022000000000000002,0.055600000000000004,456774636701154.562500
0.44042000000000003,0.0244,0.054,456774636701154.562500
0.4404300000000001,0.022000000000000002,0.055600000000000004,456774636701154.562500
0.44044000000000005,0.0228,0.056400000000000006,456774636701154.562500
0.4404500000000001,0.022000000000000002,0.0492,456774636701154.562500
0.4404600000000001,0.0228,0.040400000000000005,456774636701154.562500
0.44047000000000003,0.022000000000000002,0.048400000000000006,456774636701154.562500
0.4404800000000001,0.0228,0.055600000000000004,456774636701154.562500
0.44049000000000005,0.022000000000000002,0.0572,456774636701154.562500
0.4405000000000001,0.0188,0.056400000000000006,456774636701154.562500
0.44051000000000007,0.022000000000000002,0.055600000000000004,456774636701154.562500
0.44052,0.0204,0.054,456774636701154.562500
0.4405300000000001,0.0204,0.0548,456774636701154.562500
0.44054000000000004,0.0212,0.056400000000000006,456774636701154.562500
0.4405500000000001,0.0212,0.055600000000000004,456774636701154.562500
0.44056000000000006,0.022000000000000002,0.0548,456774636701154.562500
0.44057000000000013,0.0212,0.055600000000000004,456774636701154.562500
0.4405800000000001,0.0228,0.054,456774636701154.562500
0.44059000000000004,0.022000000000000002,0.0572,456774636701154.562500
0.4406000000000001,0.022000000000000002,0.0524,456774636701154.562500
0.44061000000000006,0.0228,0.054,456774636701154.562500
0.4406200000000001,0.0212,0.050800000000000005,456774636701154.562500
0.4406300000000001,0.022000000000000002,0.0572,456774636701154.562500
0.44064000000000003,0.0228,0.058,456774636701154.562500
0.4406500000000001,0.0212,0.056400000000000006,456774636701154.562500
0.44066000000000005,0.0228,0.0572,456774636701154.562500
0.4406700000000001,0.0204,0.054,456774636701154.562500
0.44068000000000007,0.0236,0.055600000000000004,456774636701154.562500
0.44069,0.0228,0.055600000000000004,456774636701154.562500
0.4407000000000001,0.0244,0.0524,456774636701154.562500
0.44071000000000005,0.0236,0.054,456774636701154.562500
0.4407200000000001,0.022000000000000002,0.053200000000000004,456774636701154.562500
0.44073000000000007,0.0244,0.054,456774636701154.562500
0.44074000000000013,0.0236,0.0572,456774636701154.562500
0.4407500000000001,0.0236,0.056400000000000006,456774636701154.562500
0.44076000000000004,0.022000000000000002,0.0572,456774636701154.562500
0.4407700000000001,0.0212,0.053200000000000004,456774636701154.562500
0.44078000000000006,0.0212,0.054,456774636701154.562500
0.4407900000000001,0.0228,0.0548,456774636701154.562500
0.4408000000000001,0.0228,0.055600000000000004,456774636701154.562500
0.44081000000000004,0.0236,0.0572,456774636701154.562500
0.4408200000000001,0.022000000000000002,0.055600000000000004,456774636701154.562500
0.44083000000000006,0.022000000000000002,0.05,456774636701154.562500
0.4408400000000001,0.0212,0.054,456774636701154.562500
0.4408500000000001,0.022000000000000002,0.058,456774636701154.562500
0.44086000000000003,0.0212,0.058,456774636701154.562500
0.4408700000000001,0.0188,0.0548,456774636701154.562500
0.44088000000000005,0.0228,0.0548,456774636701154.562500
0.4408900000000001,0.018000000000000002,0.056400000000000006,456774636701154.562500
0.44090000000000007,0.0212,0.056400000000000006,456774636701154.562500
0.44091,0.0236,0.055600000000000004,456774636701154.562500
0.4409200000000001,0.0236,0.0572,456774636701154.562500
0.44093000000000004,0.0244,0.0572,456774636701154.562500
0.4409400000000001,0.0228,0.055600000000000004,456774636701154.562500
0.44095000000000006,0.0252,0.0548,456774636701154.562500
0.44096000000000013,0.022000000000000002,0.0468,456774636701154.562500
0.4409700000000001,0.0236,0.0572,456774636701154.562500
0.44098000000000004,0.0244,0.0492,456774636701154.562500
0.4409900000000001,0.0244,0.05,456774636701154.562500
0.44100000000000006,0.0252,0.0396,456774636701154.562500
0.4410100000000001,0.022000000000000002,0.050800000000000005,456774636701154.562500
0.4410200000000001,0.0244,0.056400000000000006,456774636701154.562500
0.44103000000000003,0.0252,0.056400000000000006,456774636701154.562500
0.4410400000000001,0.0228,0.056400000000000006,456774636701154.562500
0.44105000000000005,0.022000000000000002,0.056400000000000006,456774636701154.562500
0.4410600000000001,0.0228,0.055600000000000004,456774636701154.562500
0.4410700000000001,0.0228,0.055600000000000004,456774636701154.562500
0.44108,0.0204,0.058,456774636701154.562500
0.4410900000000001,0.022000000000000002,0.056400000000000006,456774636701154.562500
0.44110000000000005,0.0212,0.056400000000000006,456774636701154.562500
0.4411100000000001,0.022000000000000002,0.0516,456774636701154.562500
0.44112000000000007,0.0212,0.0548,456774636701154.562500
0.44113,0.0228,0.0572,456774636701154.562500
0.4411400000000001,0.0228,0.056400000000000006,456774636701154.562500
0.44115000000000004,0.0212,0.055600000000000004,456774636701154.562500
0.4411600000000001,0.0204,0.0548,456774636701154.562500
0.44117000000000006,0.0228,0.0548,456774636701154.562500
0.4411800000000001,0.022000000000000002,0.055600000000000004,456774636701154.562500
0.4411900000000001,0.0212,0.05,456774636701154.562500
0.44120000000000004,0.0228,0.055600000000000004,456774636701154.562500
0.4412100000000001,0.0228,0.0516,456774636701154.562500
0.44122000000000006,0.0212,0.054,456774636701154.562500
0.4412300000000001,0.0228,0.042,456774636701154.562500
0.4412400000000001,0.0228,0.058,456774636701154.562500
0.44125000000000003,0.0244,0.054,456774636701154.562500
0.4412600000000001,0.0236,0.055600000000000004,456774636701154.562500
0.44127000000000005,0.0244,0.050800000000000005,456774636701154.562500
0.4412800000000001,0.018000000000000002,0.0572,456774636701154.562500
0.44129000000000007,0.022000000000000002,0.0524,456774636701154.562500
0.4413,0.018000000000000002,0.055600000000000004,456774636701154.562500
0.4413100000000001,0.0228,0.0548,456774636701154.562500
0.44132000000000005,0.0204,0.0524,456774636701154.562500
0.4413300000000001,0.0244,0.056400000000000006,456774636701154.562500
0.44134000000000007,0.0228,0.0548,456774636701154.562500
0.44135000000000013,0.0236,0.055600000000000004,456774636701154.562500
0.4413600000000001,0.0212,0.0548,456774636701154.562500
0.44137000000000004,0.022000000000000002,0.055600000000000004,456774636701154.562500
0.4413800000000001,0.0188,0.055600000000000004,456774636701154.562500
0.44139000000000006,0.022000000000000002,0.054,456774636701154.562500
0.4414000000000001,0.022000000000000002,0.055600000000000004,456774636701154.562500
0.4414100000000001,0.0212,0.0516,456774636701154.562500
0.44142000000000003,0.0212,0.053200000000000004,456774636701154.562500
0.4414300000000001,0.0228,0.056400000000000006,456774636701154.562500
0.44144000000000005,0.0228,0.0572,456774636701154.562500
0.4414500000000001,0.0212,0.0516,456774636701154.562500
0.4414600000000001,0.0228,0.055600000000000004,456774636701154.562500
0.44147000000000003,0.0196,0.05,456774636701154.562500
0.4414800000000001,0.022000000000000002,0.054,456774636701154.562500
0.44149000000000005,0.0196,0.0524,456774636701154.562500
0.4415000000000001,0.0228,0.054,456774636701154.562500
0.44151000000000007,0.022000000000000002,0.056400000000000006,456774636701154.562500
0.44152,0.0228,0.050800000000000005,456774636701154.562500
0.4415300000000001,0.0228,0.0572,456774636701154.562500
0.44154000000000004,0.0244,0.0548,456774636701154.562500
0.4415500000000001,0.0204,0.055600000000000004,456774636701154.562500
0.44156000000000006,0.0228,0.0572,456774636701154.562500
0.44157000000000013,0.0244,0.055600000000000004,456774636701154.562500
0.4415800000000001,0.0244,0.054,456774636701154.562500
0.44159000000000004,0.0212,0.055600000000000004,456774636701154.562500
0.4416000000000001,0.0244,0.056400000000000006,456774636701154.562500
0.44161000000000006,0.0236,0.056400000000000006,456774636701154.562500
0.4416200000000001,0.0228,0.0548,456774636701154.562500
0.4416300000000001,0.0236,0.055600000000000004,456774636701154.562500
0.44164000000000003,0.0228,0.0548,456774636701154.562500
0.4416500000000001,0.0228,0.056400000000000006,456774636701154.562500
0.44166000000000005,0.0212,0.0548,456774636701154.562500
0.4416700000000001,0.0244,0.056400000000000006,456774636701154.562500
0.4416800000000001,0.0228,0.054,456774636701154.562500
0.44169,0.022000000000000002,0.050800000000000005,456774636701154.562500
0.4417000000000001,0.0228,0.056400000000000006,456774636701154.562500
0.44171000000000005,0.0204,0.055600000000000004,456774636701154.562500
0.4417200000000001,0.0188,0.0548,456774636701154.562500
0.44173000000000007,0.0212,0.055600000000000004,456774636701154.562500
0.44174,0.0204,0.0516,456774636701154.562500
0.4417500000000001,0.0212,0.0524,456774636701154.562500
0.44176000000000004,0.0236,0.054,456774636701154.562500
0.4417700000000001,0.022000000000000002,0.055600000000000004,456774636701154.562500
0.44178000000000006,0.0212,0.055600000000000004,456774636701154.562500
0.4417900000000001,0.0228,0.056400000000000006,456774636701154.562500
0.4418000000000001,0.0228,0.0548,456774636701154.562500
0.44181000000000004,0.0236,0.055600000000000004,456774636701154.562500
0.4418200000000001,0.022000000000000002,0.058,456774636701154.562500
0.44183000000000006,0.0228,0.05,456774636701154.562500
0.4418400000000001,0.0212,0.0572,456774636701154.562500
0.4418500000000001,0.0236,0.0516,456774636701154.562500
0.44186000000000003,0.0228,0.0548,456774636701154.562500
0.4418700000000001,0.0212,0.0572,456774636701154.562500
0.44188000000000005,0.0244,0.053200000000000004,456774636701154.562500
0.4418900000000001,0.022000000000000002,0.056400000000000006,456774636701154.562500
0.44190000000000007,0.0228,0.054,456774636701154.562500
0.44191,0.0204,0.05,456774636701154.562500
0.4419200000000001,0.0252,0.0524,456774636701154.562500
0.44193000000000005,0.0228,0.053200000000000004,456774636701154.562500
0.4419400000000001,0.022000000000000002,0.05,456774636701154.562500
0.44195000000000007,0.0236,0.055600000000000004,456774636701154.562500
0.44196000000000013,0.0228,0.0572,456774636701154.562500
0.4419700000000001,0.022000000000000002,0.056400000000000006,456774636701154.562500
0.44198000000000004,0.0236,0.0548,456774636701154.562500
0.4419900000000001,0.0228,0.055600000000000004,456774636701154.562500
0.44200000000000006,0.022000000000000002,0.054,456774636701154.562500
0.4420100000000001,0.0196,0.053200000000000004,456774636701154.562500
0.4420200000000001,0.0204,0.056400000000000006,456774636701154.562500
0.44203000000000003,0.0196,0.0572,456774636701154.562500
0.4420400000000001,0.0204,0.0548,456774636701154.562500
0.44205000000000005,0.0196,0.0572,456774636701154.562500
0.4420600000000001,0.0212,0.056400000000000006,456774636701154.562500
0.4420700000000001,0.0212,0.055600000000000004,456774636701154.562500
0.44208000000000003,0.0212,0.055600000000000004,456774636701154.562500
0.4420900000000001,0.022000000000000002,0.0548,456774636701154.562500
0.44210000000000005,0.0196,0.0548,456774636701154.562500
0.4421100000000001,0.022000000000000002,0.056400000000000006,456774636701154.562500
0.44212000000000007,0.0228,0.046,456774636701154.562500
0.44213,0.0196,0.0548,456774636701154.562500
0.4421400000000001,0.022000000000000002,0.0524,456774636701154.562500
0.44215000000000004,0.022000000000000002,0.053200000000000004,456774636701154.562500
0.4421600000000001,0.0244,0.058,456774636701154.562500
0.44217000000000006,0.0228,0.058,456774636701154.562500
0.44218000000000013,0.0212,0.055600000000000004,456774636701154.562500
0.4421900000000001,0.0236,0.055600000000000004,456774636701154.562500
0.44220000000000004,0.0212,0.054,456774636701154.562500
0.4422100000000001,0.0244,0.055600000000000004,456774636701154.562500
0.44222000000000006,0.0196,0.056400000000000006,456774636701154.562500
0.4422300000000001,0.0228,0.0548,456774636701154.562500
0.4422400000000001,0.0244,0.053200000000000004,456774636701154.562500
0.44225000000000003,0.0236,0.0572,456774636701154.562500
0.4422600000000001,0.022000000000000002,0.055600000000000004,456774636701154.562500
0.44227000000000005,0.0236,0.05,456774636701154.562500
0.4422800000000001,0.0196,0.0572,456774636701154.562500
0.44229000000000007,0.022000000000000002,0.055600000000000004,456774636701154.562500
0.4423,0.0228,0.056400000000000006,456774636701154.562500
0.4423100000000001,0.0236,0.055600000000000004,456774636701154.562500
0.44232000000000005,0.0228,0.054,456774636701154.562500
0.4423300000000001,0.022000000000000002,0.0572,456774636701154.562500
0.44234000000000007,0.022000000000000002,0.0572,456774636701154.562500
0.44235000000000013,0.022000000000000002,0.0548,456774636701154.562500
0.4423600000000001,0.0204,0.054,456774636701154.562500
0.44237000000000004,0.0204,0.055600000000000004,456774636701154.562500
0.4423800000000001,0.0188,0.0516,456774636701154.562500
0.44239000000000006,0.0228,0.05,456774636701154.562500
0.4424000000000001,0.022000000000000002,0.0516,456774636701154.562500
0.4424100000000001,0.022000000000000002,0.0572,456774636701154.562500
0.44242000000000004,0.0236,0.056400000000000006,456774636701154.562500
0.4424300000000001,0.0244,0.056400000000000006,456774636701154.562500
0.44244000000000006,0.022000000000000002,0.055600000000000004,456774636701154.562500
0.4424500000000001,0.022000000000000002,0.054,456774636701154.562500
0.4424600000000001,0.0236,0.055600000000000004,456774636701154.562500
0.44247000000000003,0.022000000000000002,0.050800000000000005,456774636701154.562500
0.4424800000000001,0.0228,0.056400000000000006,456774636701154.562500
0.44249000000000005,0.0252,0.0516,456774636701154.562500
0.4425000000000001,0.0204,0.0572,456774636701154.562500
0.44251000000000007,0.022000000000000002,0.0476,456774636701154.562500
0.44252,0.022000000000000002,0.054,456774636701154.562500
0.4425300000000001,0.0212,0.0572,456774636701154.562500
0.44254000000000004,0.0236,0.056400000000000006,456774636701154.562500
0.4425500000000001,0.0228,0.056400000000000006,456774636701154.562500
0.44256000000000006,0.0212,0.055600000000000004,456774636701154.562500
0.44257000000000013,0.0236,0.0572,456774636701154.562500
0.4425800000000001,0.022000000000000002,0.0516,456774636701154.562500
0.44259000000000004,0.0228,0.056400000000000006,456774636701154.562500
0.4426000000000001,0.022000000000000002,0.0572,456774636701154.562500
0.44261000000000006,0.0228,0.048400000000000006,456774636701154.562500
0.4426200000000001,0.0188,0.053200000000000004,456774636701154.562500
0.4426300000000001,0.0204,0.056400000000000006,456774636701154.562500
0.44264000000000003,0.0204,0.0524,456774636701154.562500
0.4426500000000001,0.022000000000000002,0.053200000000000004,456774636701154.562500
0.44266000000000005,0.0212,0.0516,456774636701154.562500
0.4426700000000001,0.0228,0.0524,456774636701154.562500
0.4426800000000001,0.0212,0.055600000000000004,456774636701154.562500
0.44269000000000003,0.0236,0.056400000000000006,456774636701154.562500
0.4427000000000001,0.0196,0.056400000000000006,456774636701154.562500
0.44271000000000005,0.0228,0.053200000000000004,456774636701154.562500
0.4427200000000001,0.018000000000000002,0.054,456774636701154.562500
0.44273000000000007,0.0228,0.053200000000000004,456774636701154.562500
0.44274,0.0188,0.056400000000000006,456774636701154.562500
0.4427500000000001,0.022000000000000002,0.0548,456774636701154.562500
0.44276000000000004,0.0188,0.0548,456774636701154.562500
0.4427700000000001,0.0236,0.053200000000000004,456774636701154.562500
0.44278000000000006,0.0212,0.055600000000000004,456774636701154.562500
0.44279000000000013,0.0244,0.0524,456774636701154.562500
0.4428000000000001,0.0236,0.055600000000000004,456774636701154.562500
0.44281000000000004,0.0244,0.056400000000000006,456774636701154.562500
0.4428200000000001,0.0244,0.056400000000000006,456774636701154.562500
0.44283000000000006,0.0236,0.055600000000000004,456774636701154.562500
0.4428400000000001,0.022000000000000002,0.0572,456774636701154.562500
0.4428500000000001,0.0236,0.050800000000000005,456774636701154.562500
0.44286000000000003,0.022000000000000002,0.058,456774636701154.562500
0.4428700000000001,0.0228,0.0524,456774636701154.562500
0.44288000000000005,0.022000000000000002,0.056400000000000006,456774636701154.562500
0.4428900000000001,0.0228,0.053200000000000004,456774636701154.562500
0.44290000000000007,0.0212,0.0572,456774636701154.562500
0.44291,0.0236,0.056400000000000006,456774636701154.562500
0.4429200000000001,0.0236,0.055600000000000004,456774636701154.562500
0.44293000000000005,0.0212,0.0548,456774636701154.562500
0.4429400000000001,0.0212,0.056400000000000006,456774636701154.562500
0.44295000000000007,0.0212,0.0572,456774636701154.562500
0.44296000000000013,0.0212,0.0548,456774636701154.562500
0.4429700000000001,0.022000000000000002,0.056400000000000006,456774636701154.562500
0.44298000000000004,0.0196,0.055600000000000004,456774636701154.562500
0.4429900000000001,0.0228,0.0516,456774636701154.562500
0.44300000000000006,0.0212,0.056400000000000006,456774636701154.562500
0.4430100000000001,0.0204,0.0516,456774636701154.562500
0.4430200000000001,0.0228,0.056400000000000006,456774636701154.562500
0.44303000000000003,0.018000000000000002,0.055600000000000004,456774636701154.562500
0.4430400000000001,0.0212,0.056400000000000006,456774636701154.562500
0.44305000000000005,0.0228,0.054,456774636701154.562500
0.4430600000000001,0.0244,0.0572,456774636701154.562500
0.4430700000000001,0.0244,0.054,456774636701154.562500
0.44308000000000003,0.0236,0.056400000000000006,456774636701154.562500
0.4430900000000001,0.0244,0.054,456774636701154.562500
0.44310000000000005,0.0236,0.0548,456774636701154.562500
0.4431100000000001,0.0244,0.054,456774636701154.562500
0.44312000000000007,0.0228,0.056400000000000006,456774636701154.562500
0.44313,0.0236,0.0548,456774636701154.562500
0.4431400000000001,0.0228,0.0572,456774636701154.562500
0.44315000000000004,0.0204,0.056400000000000006,456774636701154.562500
0.4431600000000001,0.0236,0.056400000000000006,456774636701154.562500
0.44317000000000006,0.0236,0.056400000000000006,456774636701154.562500
0.44318000000000013,0.0228,0.0572,456774636701154.562500
0.4431900000000001,0.0212,0.0572,456774636701154.562500
0.44320000000000004,0.022000000000000002,0.0572,456774636701154.562500
0.4432100000000001,0.0228,0.056400000000000006,456774636701154.562500
0.44322000000000006,0.022000000000000002,0.056400000000000006,456774636701154.562500
0.4432300000000001,0.022000000000000002,0.053200000000000004,456774636701154.562500
0.4432400000000001,0.0212,0.058,456774636701154.562500
0.44325000000000003,0.0228,0.0572,456774636701154.562500
0.4432600000000001,0.0204,0.0516,456774636701154.562500
0.44327000000000005,0.0228,0.053200000000000004,456774636701154.562500
0.4432800000000001,0.0228,0.055600000000000004,456774636701154.562500
0.4432900000000001,0.0228,0.056400000000000006,456774636701154.562500
0.4433,0.0204,0.0548,456774636701154.562500
0.4433100000000001,0.022000000000000002,0.055600000000000004,456774636701154.562500
0.44332000000000005,0.015600000000000001,0.056400000000000006,456774636701154.562500
0.4433300000000001,0.0204,0.058,456774636701154.562500
0.44334000000000007,0.022000000000000002,0.056400000000000006,456774636701154.562500
0.44335,0.0236,0.056400000000000006,456774636701154.562500
0.4433600000000001,0.0236,0.056400000000000006,456774636701154.562500
0.44337000000000004,0.022000000000000002,0.0548,456774636701154.562500
0.4433800000000001,0.0228,0.054,456774636701154.562500
0.44339000000000006,0.0252,0.0548,456774636701154.562500
0.4434000000000001,0.022000000000000002,0.0548,456774636701154.562500
0.4434100000000001,0.0244,0.046,456774636701154.562500
0.44342000000000004,0.026000000000000002,0.055600000000000004,456774636701154.562500
0.4434300000000001,0.0228,0.056400000000000006,456774636701154.562500
0.44344000000000006,0.0252,0.056400000000000006,456774636701154.562500
0.4434500000000001,0.0244,0.0572,456774636701154.562500
0.4434600000000001,0.0236,0.056400000000000006,456774636701154.562500
0.44347000000000003,0.0204,0.0572,456774636701154.562500
0.4434800000000001,0.022000000000000002,0.0572,456774636701154.562500
0.44349000000000005,0.022000000000000002,0.042,456774636701154.562500
0.4435000000000001,0.0212,0.055600000000000004,456774636701154.562500
0.44351000000000007,0.0236,0.0492,456774636701154.562500
0.44352,0.022000000000000002,0.0524,456774636701154.562500
0.4435300000000001,0.0212,0.0516,456774636701154.562500
0.44354000000000005,0.022000000000000002,0.056400000000000006,456774636701154.562500
0.4435500000000001,0.0212,0.054,456774636701154.562500
0.44356000000000007,0.022000000000000002,0.058,456774636701154.562500
0.44357000000000013,0.0212,0.055600000000000004,456774636701154.562500
0.4435800000000001,0.022000000000000002,0.050800000000000005,456774636701154.562500
0.44359000000000004,0.0212,0.055600000000000004,456774636701154.562500
0.4436000000000001,0.0212,0.054,456774636701154.562500
0.44361000000000006,0.0244,0.050800000000000005,456774636701154.562500
0.4436200000000001,0.0212,0.055600000000000004,456774636701154.562500
0.4436300000000001,0.0196,0.0548,456774636701154.562500
0.44364000000000003,0.0228,0.0524,456774636701154.562500
0.4436500000000001,0.0212,0.0572,456774636701154.562500
0.44366000000000005,0.0228,0.0548,456774636701154.562500
0.4436700000000001,0.0236,0.056400000000000006,456774636701154.562500
0.4436800000000001,0.0204,0.056400000000000006,456774636701154.562500
0.44369000000000003,0.015600000000000001,0.056400000000000006,456774636701154.562500
0.4437000000000001,0.022000000000000002,0.055600000000000004,456774636701154.562500
0.44371000000000005,0.0244,0.056400000000000006,456774636701154.562500
0.4437200000000001,0.0252,0.055600000000000004,456774636701154.562500
0.44373000000000007,0.0252,0.0572,456774636701154.562500
0.44374,0.0196,0.053200000000000004,456774636701154.562500
0.4437500000000001,0.0244,0.058,456774636701154.562500
0.44376000000000004,0.0204,0.056400000000000006,456774636701154.562500
0.4437700000000001,0.0228,0.0572,456774636701154.562500
0.44378000000000006,0.022000000000000002,0.0572,456774636701154.562500
0.44379000000000013,0.0228,0.0548,456774636701154.562500
0.4438000000000001,0.0228,0.055600000000000004,456774636701154.562500
0.44381000000000004,0.0204,0.056400000000000006,456774636701154.562500
0.4438200000000001,0.022000000000000002,0.0572,456774636701154.562500
0.44383000000000006,0.022000000000000002,0.050800000000000005,456774636701154.562500
0.4438400000000001,0.022000000000000002,0.050800000000000005,456774636701154.562500
0.4438500000000001,0.0236,0.0548,456774636701154.562500
0.44386000000000003,0.018000000000000002,0.056400000000000006,456774636701154.562500
0.4438700000000001,0.0228,0.058,456774636701154.562500
0.44388000000000005,0.0212,0.055600000000000004,456774636701154.562500
0.4438900000000001,0.0212,0.055600000000000004,456774636701154.562500
0.4439000000000001,0.0228,0.056400000000000006,456774636701154.562500
0.44391,0.0228,0.058,456774636701154.562500
0.4439200000000001,0.0204,0.0572,456774636701154.562500
0.44393000000000005,0.0236,0.0572,456774636701154.562500
0.4439400000000001,0.022000000000000002,0.055600000000000004,456774636701154.562500
0.44395000000000007,0.022000000000000002,0.0548,456774636701154.562500
0.44396000000000013,0.0236,0.055600000000000004,456774636701154.562500
0.4439700000000001,0.0244,0.054,456774636701154.562500
0.44398000000000004,0.0228,0.0516,456774636701154.562500
0.4439900000000001,0.0236,0.056400000000000006,456774636701154.562500
0.44400000000000006,0.022000000000000002,0.056400000000000006,456774636701154.562500
0.4440100000000001,0.0236,0.053200000000000004,456774636701154.562500
0.4440200000000001,0.0244,0.0572,456774636701154.562500
0.44403000000000004,0.0244,0.0572,456774636701154.562500
0.4440400000000001,0.0244,0.055600000000000004,456774636701154.562500
0.44405000000000006,0.022000000000000002,0.053200000000000004,456774636701154.562500
0.4440600000000001,0.022000000000000002,0.0572,456774636701154.562500
0.4440700000000001,0.0204,0.050800000000000005,456774636701154.562500
0.44408000000000003,0.015600000000000001,0.055600000000000004,456774636701154.562500
0.4440900000000001,0.0196,0.055600000000000004,456774636701154.562500
0.44410000000000005,0.0204,0.0524,456774636701154.562500
0.4441100000000001,0.0228,0.0524,456774636701154.562500
0.44412000000000007,0.0212,0.053200000000000004,456774636701154.562500
0.44413,0.0188,0.056400000000000006,456774636701154.562500
0.4441400000000001,0.0228,0.0516,456774636701154.562500
0.44415000000000004,0.022000000000000002,0.0572,456774636701154.562500
0.4441600000000001,0.022000000000000002,0.055600000000000004,456774636701154.562500
0.44417000000000006,0.0212,0.054,456774636701154.562500
0.44418000000000013,0.022000000000000002,0.054,456774636701154.562500
0.4441900000000001,0.022000000000000002,0.056400000000000006,456774636701154.562500
0.44420000000000004,0.0212,0.055600000000000004,456774636701154.562500
0.4442100000000001,0.022000000000000002,0.056400000000000006,456774636701154.562500
0.44422000000000006,0.0228,0.0524,456774636701154.562500
0.4442300000000001,0.0244,0.056400000000000006,456774636701154.562500
0.4442400000000001,0.0172,0.058,456774636701154.562500
0.44425000000000003,0.0228,0.050800000000000005,456774636701154.562500
0.4442600000000001,0.0228,0.0516,456774636701154.562500
0.44427000000000005,0.0236,0.05,456774636701154.562500
0.4442800000000001,0.022000000000000002,0.056400000000000006,456774636701154.562500
0.4442900000000001,0.0236,0.055600000000000004,456774636701154.562500
0.44430000000000003,0.0252,0.053200000000000004,456774636701154.562500
0.4443100000000001,0.0236,0.056400000000000006,456774636701154.562500
0.44432000000000005,0.0244,0.056400000000000006,456774636701154.562500
0.4443300000000001,0.0236,0.058,456774636701154.562500
0.44434000000000007,0.022000000000000002,0.056400000000000006,456774636701154.562500
0.44435,0.0228,0.0524,456774636701154.562500
0.4443600000000001,0.0228,0.055600000000000004,456774636701154.562500
0.44437000000000004,0.022000000000000002,0.055600000000000004,456774636701154.562500
0.4443800000000001,0.0244,0.05,456774636701154.562500
0.44439000000000006,0.0236,0.0524,456774636701154.562500
0.44440000000000013,0.0228,0.056400000000000006,456774636701154.562500
0.4444100000000001,0.022000000000000002,0.0524,456774636701154.562500
0.44442000000000004,0.022000000000000002,0.0548,456774636701154.562500
0.4444300000000001,0.0188,0.055600000000000004,456774636701154.562500
0.44444000000000006,0.0228,0.0572,456774636701154.562500
0.4444500000000001,0.022000000000000002,0.055600000000000004,456774636701154.562500
0.4444600000000001,0.0204,0.0516,456774636701154.562500
0.44447000000000003,0.0228,0.056400000000000006,456774636701154.562500
0.4444800000000001,0.0204,0.048400000000000006,456774636701154.562500
0.44449000000000005,0.018000000000000002,0.058800000000000005,456774636701154.562500
0.4445000000000001,0.0244,0.0516,456774636701154.562500
0.44451000000000007,0.0228,0.054,456774636701154.562500
0.44452,0.0212,0.056400000000000006,456774636701154.562500
0.4445300000000001,0.022000000000000002,0.0572,456774636701154.562500
0.44454000000000005,0.0212,0.056400000000000006,456774636701154.562500
0.4445500000000001,0.022000000000000002,0.0572,456774636701154.562500
0.44456000000000007,0.0212,0.0548,456774636701154.562500
0.44457000000000013,0.0228,0.054,456774636701154.562500
0.4445800000000001,0.022000000000000002,0.055600000000000004,456774636701154.562500
0.44459000000000004,0.0196,0.0548,456774636701154.562500
0.4446000000000001,0.0228,0.055600000000000004,456774636701154.562500
0.44461000000000006,0.0236,0.056400000000000006,456774636701154.562500
0.4446200000000001,0.0236,0.058,456774636701154.562500
0.4446300000000001,0.022000000000000002,0.0516,456774636701154.562500
0.44464000000000004,0.0236,0.055600000000000004,456774636701154.562500
0.4446500000000001,0.0252,0.056400000000000006,456774636701154.562500
0.44466000000000006,0.0236,0.058,456774636701154.562500
0.4446700000000001,0.0244,0.055600000000000004,456774636701154.562500
0.4446800000000001,0.022000000000000002,0.0572,456774636701154.562500
0.44469000000000003,0.0236,0.0524,456774636701154.562500
0.4447000000000001,0.0228,0.056400000000000006,456774636701154.562500
0.44471000000000005,0.022000000000000002,0.054,456774636701154.562500
0.4447200000000001,0.022000000000000002,0.0548,456774636701154.562500
0.44473000000000007,0.0212,0.058,456774636701154.562500
0.44474,0.0204,0.058,456774636701154.562500
0.4447500000000001,0.0228,0.0572,456774636701154.562500
0.44476000000000004,0.0236,0.056400000000000006,456774636701154.562500
0.4447700000000001,0.022000000000000002,0.055600000000000004,456774636701154.562500
0.44478000000000006,0.0212,0.0572,456774636701154.562500
0.44479000000000013,0.0196,0.056400000000000006,456774636701154.562500
0.4448000000000001,0.022000000000000002,0.055600000000000004,456774636701154.562500
0.44481000000000004,0.0212,0.0572,456774636701154.562500
0.4448200000000001,0.0212,0.053200000000000004,456774636701154.562500
0.44483000000000006,0.0236,0.055600000000000004,456774636701154.562500
0.4448400000000001,0.0204,0.0524,456774636701154.562500
0.4448500000000001,0.022000000000000002,0.056400000000000006,456774636701154.562500
0.44486000000000003,0.022000000000000002,0.054,456774636701154.562500
0.4448700000000001,0.0204,0.055600000000000004,456774636701154.562500
0.44488000000000005,0.0212,0.046,456774636701154.562500
0.4448900000000001,0.0244,0.0492,456774636701154.562500
0.4449000000000001,0.0228,0.054,456774636701154.562500
0.44491,0.0236,0.055600000000000004,456774636701154.562500
0.4449200000000001,0.0236,0.0548,456774636701154.562500
0.44493000000000005,0.0244,0.056400000000000006,456774636701154.562500
0.4449400000000001,0.0244,0.055600000000000004,456774636701154.562500
0.44495000000000007,0.0236,0.056400000000000006,456774636701154.562500
0.44496,0.0244,0.050800000000000005,456774636701154.562500
0.4449700000000001,0.0244,0.058,456774636701154.562500
0.44498000000000004,0.0204,0.0548,456774636701154.562500
0.4449900000000001,0.0244,0.0492,456774636701154.562500
0.44500000000000006,0.0228,0.0548,456774636701154.562500
0.4450100000000001,0.0236,0.050800000000000005,456774636701154.562500
0.4450200000000001,0.022000000000000002,0.054,456774636701154.562500
0.44503000000000004,0.022000000000000002,0.0524,456774636701154.562500
0.4450400000000001,0.0228,0.058,456774636701154.562500
0.44505000000000006,0.0204,0.055600000000000004,456774636701154.562500
0.4450600000000001,0.0204,0.0524,456774636701154.562500
0.4450700000000001,0.0228,0.056400000000000006,456774636701154.562500
0.44508000000000003,0.022000000000000002,0.0492,456774636701154.562500
0.4450900000000001,0.022000000000000002,0.0524,456774636701154.562500
0.44510000000000005,0.0212,0.05,456774636701154.562500
0.4451100000000001,0.022000000000000002,0.0572,456774636701154.562500
0.44512000000000007,0.0212,0.050800000000000005,456774636701154.562500
0.44513,0.022000000000000002,0.046,456774636701154.562500
0.4451400000000001,0.0212,0.034,456774636701154.562500
0.44515000000000005,0.0172,0.0516,456774636701154.562500
0.4451600000000001,0.022000000000000002,0.055600000000000004,456774636701154.562500
0.44517000000000007,0.0228,0.055600000000000004,456774636701154.562500
0.44518000000000013,0.022000000000000002,0.0572,456774636701154.562500
0.4451900000000001,0.0228,0.055600000000000004,456774636701154.562500
0.44520000000000004,0.018000000000000002,0.055600000000000004,456774636701154.562500
0.4452100000000001,0.022000000000000002,0.055600000000000004,456774636701154.562500
0.44522000000000006,0.0228,0.056400000000000006,456774636701154.562500
0.4452300000000001,0.0244,0.056400000000000006,456774636701154.562500
0.4452400000000001,0.0228,0.058,456774636701154.562500
0.44525000000000003,0.0236,0.056400000000000006,456774636701154.562500
0.4452600000000001,0.0244,0.050800000000000005,456774636701154.562500
0.44527000000000005,0.0228,0.0516,456774636701154.562500
0.4452800000000001,0.022000000000000002,0.054,456774636701154.562500
0.4452900000000001,0.0252,0.0572,456774636701154.562500
0.44530000000000003,0.022000000000000002,0.058,456774636701154.562500
0.4453100000000001,0.0228,0.0572,456774636701154.562500
0.44532000000000005,0.0212,0.056400000000000006,456774636701154.562500
0.4453300000000001,0.0212,0.0492,456774636701154.562500
0.44534000000000007,0.0228,0.0548,456774636701154.562500
0.44535,0.022000000000000002,0.054,456774636701154.562500
0.4453600000000001,0.0228,0.0516,456774636701154.562500
0.44537000000000004,0.022000000000000002,0.055600000000000004,456774636701154.562500
0.4453800000000001,0.0212,0.056400000000000006,456774636701154.562500
0.44539000000000006,0.0196,0.056400000000000006,456774636701154.562500
0.44540000000000013,0.022000000000000002,0.0548,456774636701154.562500
0.4454100000000001,0.0212,0.058,456774636701154.562500
0.44542000000000004,0.0228,0.054,456774636701154.562500
0.4454300000000001,0.022000000000000002,0.055600000000000004,456774636701154.562500
0.44544000000000006,0.0212,0.0572,456774636701154.562500
0.4454500000000001,0.0228,0.054,456774636701154.562500
0.4454600000000001,0.0204,0.054,456774636701154.562500
0.44547000000000003,0.0212,0.045200000000000004,456774636701154.562500
0.4454800000000001,0.0228,0.0572,456774636701154.562500
0.44549000000000005,0.0196,0.053200000000000004,456774636701154.562500
0.4455000000000001,0.0228,0.056400000000000006,456774636701154.562500
0.4455100000000001,0.0236,0.0524,456774636701154.562500
0.44552,0.0244,0.0572,456774636701154.562500
0.4455300000000001,0.0236,0.055600000000000004,456774636701154.562500
0.44554000000000005,0.0244,0.055600000000000004,456774636701154.562500
0.4455500000000001,0.0228,0.058800000000000005,456774636701154.562500
0.44556000000000007,0.0236,0.056400000000000006,456774636701154.562500
0.44557000000000013,0.0244,0.056400000000000006,456774636701154.562500
0.4455800000000001,0.0236,0.0572,456774636701154.562500
0.44559000000000004,0.0172,0.053200000000000004,456774636701154.562500
0.4456000000000001,0.0244,0.0572,456774636701154.562500
0.44561000000000006,0.0204,0.0572,456774636701154.562500
0.4456200000000001,0.0236,0.055600000000000004,456774636701154.562500
0.4456300000000001,0.0228,0.0548,456774636701154.562500
0.44564000000000004,0.0172,0.054,456774636701154.562500
0.4456500000000001,0.0212,0.055600000000000004,456774636701154.562500
0.44566000000000006,0.022000000000000002,0.0516,456774636701154.562500
0.4456700000000001,0.0236,0.054,456774636701154.562500
0.4456800000000001,0.0188,0.055600000000000004,456774636701154.562500
0.44569000000000003,0.0212,0.0572,456774636701154.562500
0.4457000000000001,0.0204,0.056400000000000006,456774636701154.562500
0.44571000000000005,0.0204,0.0548,456774636701154.562500
0.4457200000000001,0.0228,0.055600000000000004,456774636701154.562500
0.44573000000000007,0.0188,0.058,456774636701154.562500
0.44574,0.022000000000000002,0.0572,456774636701154.562500
0.4457500000000001,0.0204,0.0492,456774636701154.562500
0.44576000000000005,0.0244,0.056400000000000006,456774636701154.562500
0.4457700000000001,0.0228,0.054,456774636701154.562500
0.44578000000000007,0.0228,0.058,456774636701154.562500
0.44579000000000013,0.0236,0.056400000000000006,456774636701154.562500
0.4458000000000001,0.0228,0.0548,456774636701154.562500
0.44581000000000004,0.0228,0.0548,456774636701154.562500
0.4458200000000001,0.0236,0.0548,456774636701154.562500
0.44583000000000006,0.0212,0.0572,456774636701154.562500
0.4458400000000001,0.0236,0.055600000000000004,456774636701154.562500
0.4458500000000001,0.0244,0.056400000000000006,456774636701154.562500
0.44586000000000003,0.0244,0.0548,456774636701154.562500
0.4458700000000001,0.0236,0.0572,456774636701154.562500
0.44588000000000005,0.0252,0.055600000000000004,456774636701154.562500
0.4458900000000001,0.0236,0.0572,456774636701154.562500
0.4459000000000001,0.0252,0.054,456774636701154.562500
0.44591000000000003,0.0236,0.056400000000000006,456774636701154.562500
0.4459200000000001,0.0236,0.050800000000000005,456774636701154.562500
0.44593000000000005,0.0228,0.058800000000000005,456774636701154.562500
0.4459400000000001,0.022000000000000002,0.054,456774636701154.562500
0.44595000000000007,0.0228,0.054,456774636701154.562500
0.44596,0.022000000000000002,0.056400000000000006,456774636701154.562500
0.4459700000000001,0.0196,0.056400000000000006,456774636701154.562500
0.44598000000000004,0.0212,0.055600000000000004,456774636701154.562500
0.4459900000000001,0.0212,0.0572,456774636701154.562500
0.44600000000000006,0.0204,0.055600000000000004,456774636701154.562500
0.44601000000000013,0.022000000000000002,0.0516,456774636701154.562500
0.4460200000000001,0.022000000000000002,0.054,456774636701154.562500
0.44603000000000004,0.0212,0.053200000000000004,456774636701154.562500
0.4460400000000001,0.0228,0.056400000000000006,456774636701154.562500
0.44605000000000006,0.022000000000000002,0.0548,456774636701154.562500
0.4460600000000001,0.0164,0.056400000000000006,456774636701154.562500
0.4460700000000001,0.0204,0.055600000000000004,456774636701154.562500
0.44608000000000003,0.0172,0.0524,456774636701154.562500
0.4460900000000001,0.0188,0.0548,456774636701154.562500
0.44610000000000005,0.0204,0.054,456774636701154.562500
0.4461100000000001,0.0212,0.0548,456774636701154.562500
0.44612000000000007,0.0228,0.053200000000000004,456774636701154.562500
0.44613,0.0244,0.058,456774636701154.562500
0.4461400000000001,0.0236,0.055600000000000004,456774636701154.562500
0.44615000000000005,0.0236,0.055600000000000004,456774636701154.562500
0.4461600000000001,0.022000000000000002,0.048400000000000006,456774636701154.562500
0.44617000000000007,0.0236,0.056400000000000006,456774636701154.562500
0.44618000000000013,0.022000000000000002,0.0516,456774636701154.562500
0.4461900000000001,0.0236,0.056400000000000006,456774636701154.562500
0.44620000000000004,0.0228,0.0572,456774636701154.562500
0.4462100000000001,0.0244,0.054,456774636701154.562500
0.44622000000000006,0.0204,0.0572,456774636701154.562500
0.4462300000000001,0.022000000000000002,0.0572,456774636701154.562500
0.4462400000000001,0.0204,0.054,456774636701154.562500
0.44625000000000004,0.0188,0.0548,456774636701154.562500
0.4462600000000001,0.0188,0.056400000000000006,456774636701154.562500
0.44627000000000006,0.0228,0.0492,456774636701154.562500
0.4462800000000001,0.0212,0.058800000000000005,456774636701154.562500
0.4462900000000001,0.0196,0.056400000000000006,456774636701154.562500
0.44630000000000003,0.0212,0.055600000000000004,456774636701154.562500
0.4463100000000001,0.022000000000000002,0.053200000000000004,456774636701154.562500
0.44632000000000005,0.0228,0.056400000000000006,456774636701154.562500
0.4463300000000001,0.022000000000000002,0.056400000000000006,456774636701154.562500
0.44634000000000007,0.0236,0.056400000000000006,456774636701154.562500
0.44635,0.0212,0.0548,456774636701154.562500
0.4463600000000001,0.022000000000000002,0.0524,456774636701154.562500
0.44637000000000004,0.0228,0.056400000000000006,456774636701154.562500
0.4463800000000001,0.0228,0.055600000000000004,456774636701154.562500
0.44639000000000006,0.0228,0.056400000000000006,456774636701154.562500
0.44640000000000013,0.0228,0.0516,456774636701154.562500
0.4464100000000001,0.0228,0.0572,456774636701154.562500
0.44642000000000004,0.022000000000000002,0.045200000000000004,456774636701154.562500
0.4464300000000001,0.0236,0.055600000000000004,456774636701154.562500
0.44644000000000006,0.0244,0.053200000000000004,456774636701154.562500
0.4464500000000001,0.0244,0.056400000000000006,456774636701154.562500
0.4464600000000001,0.0228,0.056400000000000006,456774636701154.562500
0.44647000000000003,0.0228,0.058,456774636701154.562500
0.4464800000000001,0.0236,0.056400000000000006,456774636701154.562500
0.44649000000000005,0.022000000000000002,0.056400000000000006,456774636701154.562500
0.4465000000000001,0.022000000000000002,0.056400000000000006,456774636701154.562500
0.4465100000000001,0.0228,0.0572,456774636701154.562500
0.44652000000000003,0.022000000000000002,0.0548,456774636701154.562500
0.4465300000000001,0.0244,0.0572,456774636701154.562500
0.44654000000000005,0.022000000000000002,0.055600000000000004,456774636701154.562500
0.4465500000000001,0.0236,0.056400000000000006,456774636701154.562500
0.44656000000000007,0.0236,0.0572,456774636701154.562500
0.44657,0.0228,0.0572,456774636701154.562500
0.4465800000000001,0.0212,0.058,456774636701154.562500
0.44659000000000004,0.022000000000000002,0.0548,456774636701154.562500
0.4466000000000001,0.022000000000000002,0.055600000000000004,456774636701154.562500
0.44661000000000006,0.0236,0.0572,456774636701154.562500
0.44662000000000013,0.022000000000000002,0.056400000000000006,456774636701154.562500
0.4466300000000001,0.0212,0.056400000000000006,456774636701154.562500
0.44664000000000004,0.022000000000000002,0.058,456774636701154.562500
0.4466500000000001,0.0204,0.0572,456774636701154.562500
0.44666000000000006,0.0212,0.055600000000000004,456774636701154.562500
0.4466700000000001,0.0204,0.055600000000000004,456774636701154.562500
0.4466800000000001,0.0236,0.056400000000000006,456774636701154.562500
0.44669000000000003,0.022000000000000002,0.054,456774636701154.562500
0.4467000000000001,0.0244,0.0524,456774636701154.562500
0.44671000000000005,0.0236,0.053200000000000004,456774636701154.562500
0.4467200000000001,0.0228,0.055600000000000004,456774636701154.562500
0.44673000000000007,0.0244,0.0572,456774636701154.562500
0.44674,0.0244,0.055600000000000004,456774636701154.562500
0.4467500000000001,0.0236,0.056400000000000006,456774636701154.562500
0.44676000000000005,0.0228,0.0548,456774636701154.562500
0.4467700000000001,0.0204,0.055600000000000004,456774636701154.562500
0.44678000000000007,0.0252,0.056400000000000006,456774636701154.562500
0.44679000000000013,0.0236,0.056400000000000006,456774636701154.562500
0.4468000000000001,0.0228,0.0572,456774636701154.562500
0.44681000000000004,0.0244,0.0572,456774636701154.562500
0.4468200000000001,0.0204,0.0516,456774636701154.562500
0.44683000000000006,0.0236,0.0468,456774636701154.562500
0.4468400000000001,0.0212,0.056400000000000006,456774636701154.562500
0.4468500000000001,0.0236,0.054,456774636701154.562500
0.44686000000000003,0.022000000000000002,0.0548,456774636701154.562500
0.4468700000000001,0.0228,0.055600000000000004,456774636701154.562500
0.44688000000000005,0.0228,0.055600000000000004,456774636701154.562500
0.4468900000000001,0.022000000000000002,0.0548,456774636701154.562500
0.4469000000000001,0.0204,0.0572,456774636701154.562500
0.44691000000000003,0.022000000000000002,0.056400000000000006,456774636701154.562500
0.4469200000000001,0.0228,0.0572,456774636701154.562500
0.44693000000000005,0.0212,0.0572,456774636701154.562500
0.4469400000000001,0.0212,0.0572,456774636701154.562500
0.44695000000000007,0.0212,0.0492,456774636701154.562500
0.44696,0.0204,0.056400000000000006,456774636701154.562500
0.4469700000000001,0.022000000000000002,0.055600000000000004,456774636701154.562500
0.44698000000000004,0.0236,0.055600000000000004,456774636701154.562500
0.4469900000000001,0.0228,0.055600000000000004,456774636701154.562500
0.44700000000000006,0.022000000000000002,0.0548,456774636701154.562500
0.44701000000000013,0.0236,0.056400000000000006,456774636701154.562500
0.4470200000000001,0.0236,0.058,456774636701154.562500
0.44703000000000004,0.0244,0.055600000000000004,456774636701154.562500
0.4470400000000001,0.0236,0.056400000000000006,456774636701154.562500
0.44705000000000006,0.0236,0.0524,456774636701154.562500
0.4470600000000001,0.0236,0.054,456774636701154.562500
0.4470700000000001,0.0236,0.0572,456774636701154.562500
0.44708000000000003,0.022000000000000002,0.0548,456774636701154.562500
0.4470900000000001,0.0244,0.056400000000000006,456774636701154.562500
0.44710000000000005,0.0212,0.053200000000000004,456774636701154.562500
0.4471100000000001,0.0236,0.054,456774636701154.562500
0.4471200000000001,0.0236,0.056400000000000006,456774636701154.562500
0.44713,0.022000000000000002,0.056400000000000006,456774636701154.562500
0.4471400000000001,0.022000000000000002,0.055600000000000004,456774636701154.562500
0.44715000000000005,0.022000000000000002,0.0572,456774636701154.562500
0.4471600000000001,0.022000000000000002,0.055600000000000004,456774636701154.562500
0.44717000000000007,0.0228,0.056400000000000006,456774636701154.562500
0.44718000000000013,0.0244,0.054,456774636701154.562500
0.4471900000000001,0.0228,0.055600000000000004,456774636701154.562500
0.44720000000000004,0.0212,0.056400000000000006,456774636701154.562500
0.4472100000000001,0.022000000000000002,0.056400000000000006,456774636701154.562500
0.44722000000000006,0.0188,0.0572,456774636701154.562500
0.4472300000000001,0.022000000000000002,0.0572,456774636701154.562500
0.4472400000000001,0.022000000000000002,0.055600000000000004,456774636701154.562500
0.44725000000000004,0.0204,0.058,456774636701154.562500
0.4472600000000001,0.0212,0.0572,456774636701154.562500
0.44727000000000006,0.0228,0.055600000000000004,456774636701154.562500
0.4472800000000001,0.0196,0.0548,456774636701154.562500
0.4472900000000001,0.0236,0.0572,456774636701154.562500
0.44730000000000003,0.022000000000000002,0.0468,456774636701154.562500
0.4473100000000001,0.0236,0.055600000000000004,456774636701154.562500
0.44732000000000005,0.022000000000000002,0.0444,456774636701154.562500
0.4473300000000001,0.0244,0.055600000000000004,456774636701154.562500
0.44734000000000007,0.0236,0.053200000000000004,456774636701154.562500
0.44735,0.022000000000000002,0.055600000000000004,456774636701154.562500
0.4473600000000001,0.0244,0.0572,456774636701154.562500
0.44737000000000005,0.0244,0.055600000000000004,456774636701154.562500
0.4473800000000001,0.0252,0.0492,456774636701154.562500
0.44739000000000007,0.0244,0.0524,456774636701154.562500
0.44740000000000013,0.0228,0.055600000000000004,456774636701154.562500
0.4474100000000001,0.0244,0.054,456774636701154.562500
0.44742000000000004,0.0244,0.055600000000000004,456774636701154.562500
0.4474300000000001,0.022000000000000002,0.0572,456774636701154.562500
0.44744000000000006,0.0228,0.0524,456774636701154.562500
0.4474500000000001,0.022000000000000002,0.056400000000000006,456774636701154.562500
0.4474600000000001,0.022000000000000002,0.058,456774636701154.562500
0.44747000000000003,0.0212,0.055600000000000004,456774636701154.562500
0.4474800000000001,0.0212,0.056400000000000006,456774636701154.562500
0.44749000000000005,0.0212,0.05,456774636701154.562500
0.4475000000000001,0.0228,0.0572,456774636701154.562500
0.4475100000000001,0.022000000000000002,0.0492,456774636701154.562500
0.44752000000000003,0.0212,0.0572,456774636701154.562500
0.4475300000000001,0.018000000000000002,0.0476,456774636701154.562500
0.44754000000000005,0.018000000000000002,0.0572,456774636701154.562500
0.4475500000000001,0.0196,0.0548,456774636701154.562500
0.44756000000000007,0.0212,0.054,456774636701154.562500
0.44757,0.0212,0.0548,456774636701154.562500
0.4475800000000001,0.0228,0.0572,456774636701154.562500
0.44759000000000004,0.0212,0.054,456774636701154.562500
0.4476000000000001,0.0228,0.055600000000000004,456774636701154.562500
0.44761000000000006,0.0228,0.0572,456774636701154.562500
0.44762000000000013,0.0244,0.0548,456774636701154.562500
0.4476300000000001,0.022000000000000002,0.056400000000000006,456774636701154.562500
0.44764000000000004,0.022000000000000002,0.055600000000000004,456774636701154.562500
0.4476500000000001,0.0228,0.0572,456774636701154.562500
0.44766000000000006,0.0244,0.055600000000000004,456774636701154.562500
0.4476700000000001,0.0244,0.0572,456774636701154.562500
0.4476800000000001,0.0244,0.0524,456774636701154.562500
0.44769000000000003,0.026000000000000002,0.053200000000000004,456774636701154.562500
0.4477000000000001,0.022000000000000002,0.0516,456774636701154.562500
0.44771000000000005,0.0236,0.054,456774636701154.562500
0.4477200000000001,0.0228,0.0468,456774636701154.562500
0.4477300000000001,0.0236,0.056400000000000006,456774636701154.562500
0.44774,0.0236,0.0516,456774636701154.562500
0.4477500000000001,0.0244,0.055600000000000004,456774636701154.562500
0.44776000000000005,0.0236,0.055600000000000004,456774636701154.562500
0.4477700000000001,0.0228,0.0524,456774636701154.562500
0.44778000000000007,0.0244,0.05,456774636701154.562500
0.44779000000000013,0.022000000000000002,0.05,456774636701154.562500
0.4478000000000001,0.0228,0.046,456774636701154.562500
0.44781000000000004,0.0236,0.054,456774636701154.562500
0.4478200000000001,0.022000000000000002,0.054,456774636701154.562500
0.44783000000000006,0.0236,0.0572,456774636701154.562500
0.4478400000000001,0.0228,0.056400000000000006,456774636701154.562500
0.4478500000000001,0.0188,0.055600000000000004,456774636701154.562500
0.44786000000000004,0.0228,0.055600000000000004,456774636701154.562500
0.4478700000000001,0.022000000000000002,0.056400000000000006,456774636701154.562500
0.44788000000000006,0.0212,0.055600000000000004,456774636701154.562500
0.4478900000000001,0.0228,0.0548,456774636701154.562500
0.4479000000000001,0.0204,0.058,456774636701154.562500
0.44791000000000003,0.0244,0.0516,456774636701154.562500
0.4479200000000001,0.0228,0.055600000000000004,456774636701154.562500
0.44793000000000005,0.0228,0.053200000000000004,456774636701154.562500
0.4479400000000001,0.0228,0.056400000000000006,456774636701154.562500
0.44795000000000007,0.0228,0.054,456774636701154.562500
0.44796,0.0212,0.056400000000000006,456774636701154.562500
0.4479700000000001,0.0236,0.055600000000000004,456774636701154.562500
0.44798000000000004,0.0236,0.055600000000000004,456774636701154.562500
0.4479900000000001,0.0236,0.0572,456774636701154.562500
0.44800000000000006,0.0244,0.055600000000000004,456774636701154.562500
0.44801000000000013,0.0236,0.056400000000000006,456774636701154.562500
0.4480200000000001,0.0236,0.0572,456774636701154.562500
0.44803000000000004,0.0244,0.058,456774636701154.562500
0.4480400000000001,0.0236,0.05,456774636701154.562500
0.44805000000000006,0.0244,0.055600000000000004,456774636701154.562500
0.4480600000000001,0.0228,0.058,456774636701154.562500
0.4480700000000001,0.0228,0.054,456774636701154.562500
0.44808000000000003,0.0236,0.055600000000000004,456774636701154.562500
0.4480900000000001,0.0228,0.054,456774636701154.562500
0.44810000000000005,0.0228,0.0524,456774636701154.562500
0.4481100000000001,0.022000000000000002,0.056400000000000006,456774636701154.562500
0.4481200000000001,0.022000000000000002,0.055600000000000004,456774636701154.562500
0.44813000000000003,0.022000000000000002,0.055600000000000004,456774636701154.562500
0.4481400000000001,0.0212,0.0572,456774636701154.562500
0.44815000000000005,0.0236,0.056400000000000006,456774636701154.562500
0.4481600000000001,0.0228,0.054,456774636701154.562500
0.44817000000000007,0.0228,0.055600000000000004,456774636701154.562500
0.44818,0.022000000000000002,0.058,456774636701154.562500
0.4481900000000001,0.022000000000000002,0.0572,456774636701154.562500
0.44820000000000004,0.0204,0.0548,456774636701154.562500
0.4482100000000001,0.0236,0.056400000000000006,456774636701154.562500
0.44822000000000006,0.0244,0.055600000000000004,456774636701154.562500
0.44823000000000013,0.0236,0.054,456774636701154.562500
0.4482400000000001,0.0228,0.055600000000000004,456774636701154.562500
0.44825000000000004,0.0244,0.0572,456774636701154.562500
0.4482600000000001,0.0228,0.056400000000000006,456774636701154.562500
0.44827000000000006,0.0228,0.050800000000000005,456774636701154.562500
0.4482800000000001,0.0244,0.056400000000000006,456774636701154.562500
0.4482900000000001,0.0228,0.056400000000000006,456774636701154.562500
0.44830000000000003,0.0244,0.056400000000000006,456774636701154.562500
0.4483100000000001,0.0236,0.056400000000000006,456774636701154.562500
0.44832000000000005,0.022000000000000002,0.055600000000000004,456774636701154.562500
0.4483300000000001,0.022000000000000002,0.055600000000000004,456774636701154.562500
0.44834000000000007,0.022000000000000002,0.056400000000000006,456774636701154.562500
0.44835,0.0228,0.054,456774636701154.562500
0.4483600000000001,0.022000000000000002,0.0548,456774636701154.562500
0.44837000000000005,0.0244,0.053200000000000004,456774636701154.562500
0.4483800000000001,0.022000000000000002,0.0572,456774636701154.562500
0.44839000000000007,0.022000000000000002,0.048400000000000006,456774636701154.562500
0.44840000000000013,0.0196,0.055600000000000004,456774636701154.562500
0.4484100000000001,0.0212,0.050800000000000005,456774636701154.562500
0.44842000000000004,0.0228,0.0524,456774636701154.562500
0.4484300000000001,0.022000000000000002,0.058,456774636701154.562500
0.44844000000000006,0.018000000000000002,0.055600000000000004,456774636701154.562500
0.4484500000000001,0.0204,0.0524,456774636701154.562500
0.4484600000000001,0.0228,0.0548,456774636701154.562500
0.44847000000000004,0.0204,0.0548,456774636701154.562500
0.4484800000000001,0.022000000000000002,0.0572,456774636701154.562500
0.44849000000000006,0.022000000000000002,0.056400000000000006,456774636701154.562500
0.4485000000000001,0.022000000000000002,0.0572,456774636701154.562500
0.4485100000000001,0.0228,0.0572,456774636701154.562500
0.44852000000000003,0.022000000000000002,0.055600000000000004,456774636701154.562500
0.4485300000000001,0.0228,0.0548,456774636701154.562500
0.44854000000000005,0.0236,0.055600000000000004,456774636701154.562500
0.4485500000000001,0.0252,0.0548,456774636701154.562500
0.44856000000000007,0.0236,0.056400000000000006,456774636701154.562500
0.44857,0.0236,0.055600000000000004,456774636701154.562500
0.4485800000000001,0.0236,0.0548,456774636701154.562500
0.44859000000000004,0.0236,0.0548,456774636701154.562500
0.4486000000000001,0.0244,0.054,456774636701154.562500
0.44861000000000006,0.0244,0.048400000000000006,456774636701154.562500
0.44862000000000013,0.0252,0.0476,456774636701154.562500
0.4486300000000001,0.0236,0.0516,456774636701154.562500
0.44864000000000004,0.0236,0.0572,456774636701154.562500
0.4486500000000001,0.0244,0.056400000000000006,456774636701154.562500
0.44866000000000006,0.0228,0.0572,456774636701154.562500
0.4486700000000001,0.022000000000000002,0.056400000000000006,456774636701154.562500
0.4486800000000001,0.022000000000000002,0.0516,456774636701154.562500
0.44869000000000003,0.022000000000000002,0.056400000000000006,456774636701154.562500
0.4487000000000001,0.0188,0.056400000000000006,456774636701154.562500
0.44871000000000005,0.022000000000000002,0.0548,456774636701154.562500
0.4487200000000001,0.0228,0.055600000000000004,456774636701154.562500
0.4487300000000001,0.022000000000000002,0.0572,456774636701154.562500
0.44874,0.0236,0.0572,456774636701154.562500
0.4487500000000001,0.0228,0.056400000000000006,456774636701154.562500
0.44876000000000005,0.022000000000000002,0.056400000000000006,456774636701154.562500
0.4487700000000001,0.0228,0.058,456774636701154.562500
0.44878000000000007,0.0228,0.055600000000000004,456774636701154.562500
0.44879,0.022000000000000002,0.056400000000000006,456774636701154.562500
0.4488000000000001,0.022000000000000002,0.053200000000000004,456774636701154.562500
0.44881000000000004,0.0204,0.054,456774636701154.562500
0.4488200000000001,0.022000000000000002,0.055600000000000004,456774636701154.562500
0.44883000000000006,0.0212,0.056400000000000006,456774636701154.562500
0.44884000000000013,0.0244,0.054,456774636701154.562500
0.4488500000000001,0.0228,0.0572,456774636701154.562500
0.44886000000000004,0.022000000000000002,0.0524,456774636701154.562500
0.4488700000000001,0.0236,0.0572,456774636701154.562500
0.44888000000000006,0.0236,0.0596,456774636701154.562500
0.4488900000000001,0.022000000000000002,0.056400000000000006,456774636701154.562500
0.4489000000000001,0.0236,0.056400000000000006,456774636701154.562500
0.44891000000000003,0.0212,0.0524,456774636701154.562500
0.4489200000000001,0.0204,0.0572,456774636701154.562500
0.44893000000000005,0.0188,0.056400000000000006,456774636701154.562500
0.4489400000000001,0.0212,0.055600000000000004,456774636701154.562500
0.44895000000000007,0.0196,0.0572,456774636701154.562500
0.44896,0.018000000000000002,0.0572,456774636701154.562500
0.4489700000000001,0.0188,0.0572,456774636701154.562500
0.44898000000000005,0.0236,0.055600000000000004,456774636701154.562500
0.4489900000000001,0.0228,0.055600000000000004,456774636701154.562500
0.44900000000000007,0.022000000000000002,0.0548,456774636701154.562500
0.44901000000000013,0.0204,0.056400000000000006,456774636701154.562500
0.4490200000000001,0.0236,0.055600000000000004,456774636701154.562500
0.44903000000000004,0.0228,0.055600000000000004,456774636701154.562500
0.4490400000000001,0.0236,0.0572,456774636701154.562500
0.44905000000000006,0.022000000000000002,0.0572,456774636701154.562500
0.4490600000000001,0.022000000000000002,0.055600000000000004,456774636701154.562500
0.4490700000000001,0.0196,0.053200000000000004,456774636701154.562500
0.44908000000000003,0.0204,0.055600000000000004,456774636701154.562500
0.4490900000000001,0.022000000000000002,0.050800000000000005,456774636701154.562500
0.44910000000000005,0.0212,0.050800000000000005,456774636701154.562500
0.4491100000000001,0.0244,0.0468,456774636701154.562500
0.4491200000000001,0.022000000000000002,0.040400000000000005,456774636701154.562500
0.44913000000000003,0.0236,0.0444,456774636701154.562500
0.4491400000000001,0.0204,0.0548,456774636701154.562500
0.44915000000000005,0.0244,0.055600000000000004,456774636701154.562500
0.4491600000000001,0.0228,0.056400000000000006,456774636701154.562500
0.44917000000000007,0.0236,0.055600000000000004,456774636701154.562500
0.44918,0.0228,0.053200000000000004,456774636701154.562500
0.4491900000000001,0.0252,0.056400000000000006,456774636701154.562500
0.44920000000000004,0.0244,0.053200000000000004,456774636701154.562500
0.4492100000000001,0.0244,0.0548,456774636701154.562500
0.44922000000000006,0.0204,0.056400000000000006,456774636701154.562500
0.44923000000000013,0.0244,0.055600000000000004,456774636701154.562500
0.4492400000000001,0.022000000000000002,0.048400000000000006,456774636701154.562500
0.44925000000000004,0.0244,0.053200000000000004,456774636701154.562500
0.4492600000000001,0.0204,0.0524,456774636701154.562500
0.44927000000000006,0.0204,0.054,456774636701154.562500
0.4492800000000001,0.0196,0.0548,456774636701154.562500
0.4492900000000001,0.022000000000000002,0.0548,456774636701154.562500
0.44930000000000003,0.022000000000000002,0.055600000000000004,456774636701154.562500
0.4493100000000001,0.0212,0.055600000000000004,456774636701154.562500
0.44932000000000005,0.0204,0.0548,456774636701154.562500
0.4493300000000001,0.022000000000000002,0.054,456774636701154.562500
0.4493400000000001,0.0236,0.0572,456774636701154.562500
0.44935,0.0204,0.0548,456774636701154.562500
0.4493600000000001,0.022000000000000002,0.0572,456774636701154.562500
0.44937000000000005,0.0196,0.056400000000000006,456774636701154.562500
0.4493800000000001,0.0204,0.0524,456774636701154.562500
0.44939000000000007,0.0228,0.0572,456774636701154.562500
0.44940000000000013,0.022000000000000002,0.055600000000000004,456774636701154.562500
0.4494100000000001,0.022000000000000002,0.054,456774636701154.562500
0.44942000000000004,0.022000000000000002,0.0548,456774636701154.562500
0.4494300000000001,0.0212,0.0572,456774636701154.562500
0.44944000000000006,0.0236,0.0548,456774636701154.562500
0.4494500000000001,0.022000000000000002,0.055600000000000004,456774636701154.562500
0.4494600000000001,0.0236,0.0572,456774636701154.562500
0.44947000000000004,0.0244,0.0572,456774636701154.562500
0.4494800000000001,0.0244,0.056400000000000006,456774636701154.562500
0.44949000000000006,0.0228,0.056400000000000006,456774636701154.562500
0.4495000000000001,0.0228,0.05,456774636701154.562500
0.4495100000000001,0.0236,0.055600000000000004,456774636701154.562500
0.44952000000000003,0.0244,0.054,456774636701154.562500
0.4495300000000001,0.0236,0.056400000000000006,456774636701154.562500
0.44954000000000005,0.0212,0.056400000000000006,456774636701154.562500
0.4495500000000001,0.0212,0.055600000000000004,456774636701154.562500
0.44956000000000007,0.022000000000000002,0.0572,456774636701154.562500
0.44957,0.015600000000000001,0.0516,456774636701154.562500
0.4495800000000001,0.0188,0.056400000000000006,456774636701154.562500
0.44959000000000005,0.0188,0.0548,456774636701154.562500
0.4496000000000001,0.018000000000000002,0.053200000000000004,456774636701154.562500
0.44961000000000007,0.018000000000000002,0.055600000000000004,456774636701154.562500
0.44962000000000013,0.0212,0.055600000000000004,456774636701154.562500
0.4496300000000001,0.0188,0.0548,456774636701154.562500
0.44964000000000004,0.0212,0.0572,456774636701154.562500
0.4496500000000001,0.0204,0.0572,456774636701154.562500
0.44966000000000006,0.0212,0.056400000000000006,456774636701154.562500
0.4496700000000001,0.0188,0.056400000000000006,456774636701154.562500
0.4496800000000001,0.022000000000000002,0.0572,456774636701154.562500
0.44969000000000003,0.0196,0.055600000000000004,456774636701154.562500
0.4497000000000001,0.022000000000000002,0.055600000000000004,456774636701154.562500
0.44971000000000005,0.0236,0.055600000000000004,456774636701154.562500
0.4497200000000001,0.0212,0.056400000000000006,456774636701154.562500
0.4497300000000001,0.0228,0.0548,456774636701154.562500
0.44974000000000003,0.0212,0.058,456774636701154.562500
0.4497500000000001,0.0204,0.0572,456774636701154.562500
0.44976000000000005,0.0212,0.055600000000000004,456774636701154.562500
0.4497700000000001,0.0228,0.055600000000000004,456774636701154.562500
0.44978000000000007,0.0236,0.056400000000000006,456774636701154.562500
0.44979,0.0228,0.0572,456774636701154.562500
0.4498000000000001,0.0236,0.056400000000000006,456774636701154.562500
0.44981000000000004,0.0212,0.056400000000000006,456774636701154.562500
0.4498200000000001,0.0236,0.055600000000000004,456774636701154.562500
0.44983000000000006,0.0244,0.055600000000000004,456774636701154.562500
0.44984000000000013,0.0244,0.055600000000000004,456774636701154.562500
0.4498500000000001,0.0236,0.0516,456774636701154.562500
0.44986000000000004,0.026000000000000002,0.056400000000000006,456774636701154.562500
0.4498700000000001,0.0236,0.054,456774636701154.562500
0.44988000000000006,0.0236,0.0524,456774636701154.562500
0.4498900000000001,0.0244,0.054,456774636701154.562500
0.4499000000000001,0.0228,0.0492,456774636701154.562500
0.44991000000000003,0.0244,0.0516,456774636701154.562500
0.4499200000000001,0.0236,0.048400000000000006,456774636701154.562500
0.44993000000000005,0.0212,0.0476,456774636701154.562500
0.4499400000000001,0.0212,0.0492,456774636701154.562500
0.44995000000000007,0.0212,0.056400000000000006,456774636701154.562500
0.44996,0.022000000000000002,0.050800000000000005,456774636701154.562500
0.4499700000000001,0.022000000000000002,0.048400000000000006,456774636701154.562500
0.44998000000000005,0.022000000000000002,0.042800000000000005,456774636701154.562500
0.4499900000000001,0.022000000000000002,0.045200000000000004,456774636701154.562500
0.45000000000000007,0.0228,0.05,456774636701154.562500
0.45001000000000013,0.0228,0.0516,456774636701154.562500
0.4500200000000001,0.0164,0.053200000000000004,456774636701154.562500
0.45003000000000004,0.011600000000000001,0.05,456774636701154.562500
0.4500400000000001,0.014,0.0516,456774636701154.562500
0.45005000000000006,0.0164,0.055600000000000004,456774636701154.562500
0.4500600000000001,0.0196,0.0572,456774636701154.562500
0.4500700000000001,0.0196,0.0572,456774636701154.562500
0.45008000000000004,0.022000000000000002,0.053200000000000004,456774636701154.562500
0.4500900000000001,0.0228,0.050800000000000005,456774636701154.562500
0.45010000000000006,0.0204,0.048400000000000006,456774636701154.562500
0.4501100000000001,0.0228,0.056400000000000006,456774636701154.562500
0.4501200000000001,0.0236,0.0548,456774636701154.562500
0.45013000000000003,0.022000000000000002,0.055600000000000004,456774636701154.562500
0.4501400000000001,0.0228,0.058,456774636701154.562500
0.45015000000000005,0.0212,0.058,456774636701154.562500
0.4501600000000001,0.018000000000000002,0.055600000000000004,456774636701154.562500
0.45017000000000007,0.0188,0.056400000000000006,456774636701154.562500
0.45018,0.0236,0.055600000000000004,456774636701154.562500
0.4501900000000001,0.022000000000000002,0.0572,456774636701154.562500
0.45020000000000004,0.0204,0.058,456774636701154.562500
0.4502100000000001,0.0228,0.055600000000000004,456774636701154.562500
0.45022000000000006,0.0236,0.056400000000000006,456774636701154.562500
0.45023000000000013,0.0196,0.055600000000000004,456774636701154.562500
0.4502400000000001,0.018000000000000002,0.058,456774636701154.562500
0.45025000000000004,0.0164,0.055600000000000004,456774636701154.562500
0.4502600000000001,0.0172,0.0572,456774636701154.562500
0.45027000000000006,0.0228,0.055600000000000004,456774636701154.562500
0.4502800000000001,0.022000000000000002,0.056400000000000006,456774636701154.562500
0.4502900000000001,0.0204,0.056400000000000006,456774636701154.562500
0.45030000000000003,0.0212,0.056400000000000006,456774636701154.562500
0.4503100000000001,0.022000000000000002,0.055600000000000004,456774636701154.562500
0.45032000000000005,0.0236,0.056400000000000006,456774636701154.562500
0.4503300000000001,0.0228,0.056400000000000006,456774636701154.562500
0.4503400000000001,0.0244,0.055600000000000004,456774636701154.562500
0.45035000000000003,0.022000000000000002,0.055600000000000004,456774636701154.562500
0.4503600000000001,0.022000000000000002,0.0548,456774636701154.562500
0.45037000000000005,0.022000000000000002,0.055600000000000004,456774636701154.562500
0.4503800000000001,0.022000000000000002,0.053200000000000004,456774636701154.562500
0.45039000000000007,0.0212,0.0524,456774636701154.562500
0.4504,0.022000000000000002,0.0516,456774636701154.562500
0.4504100000000001,0.022000000000000002,0.048400000000000006,456774636701154.562500
0.45042000000000004,0.0236,0.050800000000000005,456774636701154.562500
0.4504300000000001,0.0228,0.0524,456774636701154.562500
0.45044000000000006,0.0212,0.055600000000000004,456774636701154.562500
0.45045000000000013,0.0188,0.058,456774636701154.562500
0.4504600000000001,0.0236,0.056400000000000006,456774636701154.562500
0.45047000000000004,0.0204,0.056400000000000006,456774636701154.562500
0.4504800000000001,0.022000000000000002,0.056400000000000006,456774636701154.562500
0.45049000000000006,0.0228,0.056400000000000006,456774636701154.562500
0.4505000000000001,0.022000000000000002,0.0548,456774636701154.562500
0.4505100000000001,0.022000000000000002,0.055600000000000004,456774636701154.562500
0.45052000000000003,0.014,0.0572,456774636701154.562500
0.4505300000000001,0.0196,0.058,456774636701154.562500
0.45054000000000005,0.0188,0.056400000000000006,456774636701154.562500
0.4505500000000001,0.0196,0.0572,456774636701154.562500
0.45056000000000007,0.015600000000000001,0.055600000000000004,456774636701154.562500
0.45057,0.0196,0.055600000000000004,456774636701154.562500
0.4505800000000001,0.0212,0.055600000000000004,456774636701154.562500
0.45059000000000005,0.0228,0.056400000000000006,456774636701154.562500
0.4506000000000001,0.022000000000000002,0.055600000000000004,456774636701154.562500
0.45061000000000007,0.0228,0.055600000000000004,456774636701154.562500
0.45062000000000013,0.0236,0.056400000000000006,456774636701154.562500
0.4506300000000001,0.022000000000000002,0.0572,456774636701154.562500
0.45064000000000004,0.0228,0.053200000000000004,456774636701154.562500
0.4506500000000001,0.0236,0.0572,456774636701154.562500
0.45066000000000006,0.0236,0.056400000000000006,456774636701154.562500
0.4506700000000001,0.0236,0.056400000000000006,456774636701154.562500
0.4506800000000001,0.0236,0.0548,456774636701154.562500
0.45069000000000004,0.022000000000000002,0.0572,456774636701154.562500
0.4507000000000001,0.0236,0.050800000000000005,456774636701154.562500
0.45071000000000006,0.0244,0.0572,456774636701154.562500
0.4507200000000001,0.022000000000000002,0.058,456774636701154.562500
0.4507300000000001,0.0236,0.0572,456774636701154.562500
0.45074000000000003,0.0236,0.0572,456774636701154.562500
0.4507500000000001,0.0244,0.0492,456774636701154.562500
0.45076000000000005,0.0244,0.0524,456774636701154.562500
0.4507700000000001,0.0236,0.056400000000000006,456774636701154.562500
0.45078000000000007,0.0236,0.056400000000000006,456774636701154.562500
0.45079,0.0212,0.055600000000000004,456774636701154.562500
0.4508000000000001,0.022000000000000002,0.055600000000000004,456774636701154.562500
0.45081000000000004,0.022000000000000002,0.0572,456774636701154.562500
0.4508200000000001,0.0244,0.054,456774636701154.562500
0.45083000000000006,0.0236,0.0572,456774636701154.562500
0.45084000000000013,0.0228,0.056400000000000006,456774636701154.562500
0.4508500000000001,0.0212,0.054,456774636701154.562500
0.45086000000000004,0.022000000000000002,0.054,456774636701154.562500
0.4508700000000001,0.0204,0.053200000000000004,456774636701154.562500
0.45088000000000006,0.0228,0.0524,456774636701154.562500
0.4508900000000001,0.022000000000000002,0.0516,456774636701154.562500
0.4509000000000001,0.022000000000000002,0.0548,456774636701154.562500
0.45091000000000003,0.0212,0.0516,456774636701154.562500
0.4509200000000001,0.0228,0.056400000000000006,456774636701154.562500
0.45093000000000005,0.022000000000000002,0.0516,456774636701154.562500
0.4509400000000001,0.0236,0.058,456774636701154.562500
0.4509500000000001,0.022000000000000002,0.053200000000000004,456774636701154.562500
0.45096,0.0236,0.054,456774636701154.562500
0.4509700000000001,0.0204,0.048400000000000006,456774636701154.562500
0.45098000000000005,0.022000000000000002,0.0516,456774636701154.562500
0.4509900000000001,0.0252,0.0476,456774636701154.562500
0.45100000000000007,0.0244,0.0388,456774636701154.562500
0.45101000000000013,0.0244,0.040400000000000005,456774636701154.562500
0.4510200000000001,0.0212,0.0548,456774636701154.562500
0.45103000000000004,0.0244,0.050800000000000005,456774636701154.562500
0.4510400000000001,0.0244,0.054,456774636701154.562500
0.45105000000000006,0.0244,0.055600000000000004,456774636701154.562500
0.4510600000000001,0.022000000000000002,0.055600000000000004,456774636701154.562500
0.4510700000000001,0.0252,0.0492,456774636701154.562500
0.45108000000000004,0.022000000000000002,0.055600000000000004,456774636701154.562500
0.4510900000000001,0.0244,0.056400000000000006,456774636701154.562500
0.45110000000000006,0.0228,0.0572,456774636701154.562500
0.4511100000000001,0.0228,0.055600000000000004,456774636701154.562500
0.4511200000000001,0.022000000000000002,0.056400000000000006,456774636701154.562500
0.45113000000000003,0.0228,0.0548,456774636701154.562500
0.4511400000000001,0.0228,0.053200000000000004,456774636701154.562500
0.45115000000000005,0.0228,0.0572,456774636701154.562500
0.4511600000000001,0.0236,0.056400000000000006,456774636701154.562500
0.45117000000000007,0.0236,0.054,456774636701154.562500
0.45118,0.0236,0.056400000000000006,456774636701154.562500
0.4511900000000001,0.022000000000000002,0.055600000000000004,456774636701154.562500
0.45120000000000005,0.0228,0.055600000000000004,456774636701154.562500
0.4512100000000001,0.022000000000000002,0.056400000000000006,456774636701154.562500
0.45122000000000007,0.022000000000000002,0.0572,456774636701154.562500
0.45123000000000013,0.0212,0.0572,456774636701154.562500
0.4512400000000001,0.0228,0.056400000000000006,456774636701154.562500
0.45125000000000004,0.0236,0.0572,456774636701154.562500
0.4512600000000001,0.0188,0.056400000000000006,456774636701154.562500
0.45127000000000006,0.0228,0.056400000000000006,456774636701154.562500
0.4512800000000001,0.0236,0.0572,456774636701154.562500
0.4512900000000001,0.0212,0.056400000000000006,456774636701154.562500
0.45130000000000003,0.0228,0.0548,456774636701154.562500
0.4513100000000001,0.0244,0.056400000000000006,456774636701154.562500
0.45132000000000005,0.022000000000000002,0.056400000000000006,456774636701154.562500
0.4513300000000001,0.0244,0.054,456774636701154.562500
0.4513400000000001,0.0228,0.058,456774636701154.562500
0.45135000000000003,0.0252,0.055600000000000004,456774636701154.562500
0.4513600000000001,0.0244,0.0572,456774636701154.562500
0.45137000000000005,0.0236,0.0548,456774636701154.562500
0.4513800000000001,0.0236,0.0548,456774636701154.562500
0.45139000000000007,0.022000000000000002,0.055600000000000004,456774636701154.562500
0.4514,0.0236,0.058,456774636701154.562500
0.4514100000000001,0.0236,0.056400000000000006,456774636701154.562500
0.45142000000000004,0.0228,0.0548,456774636701154.562500
0.4514300000000001,0.0236,0.056400000000000006,456774636701154.562500
0.45144000000000006,0.0196,0.056400000000000006,456774636701154.562500
0.45145000000000013,0.0228,0.056400000000000006,456774636701154.562500
0.4514600000000001,0.022000000000000002,0.056400000000000006,456774636701154.562500
0.45147000000000004,0.0236,0.0572,456774636701154.562500
0.4514800000000001,0.022000000000000002,0.0548,456774636701154.562500
0.45149000000000006,0.022000000000000002,0.056400000000000006,456774636701154.562500
0.4515000000000001,0.0228,0.056400000000000006,456774636701154.562500
0.4515100000000001,0.0212,0.056400000000000006,456774636701154.562500
0.45152000000000003,0.0228,0.0548,456774636701154.562500
0.4515300000000001,0.0212,0.054,456774636701154.562500
0.45154000000000005,0.0212,0.056400000000000006,456774636701154.562500
0.4515500000000001,0.022000000000000002,0.056400000000000006,456774636701154.562500
0.4515600000000001,0.022000000000000002,0.056400000000000006,456774636701154.562500
0.45157,0.0228,0.053200000000000004,456774636701154.562500
0.4515800000000001,0.0196,0.055600000000000004,456774636701154.562500
0.45159000000000005,0.0228,0.0516,456774636701154.562500
0.4516000000000001,0.0236,0.050800000000000005,456774636701154.562500
0.45161000000000007,0.0252,0.055600000000000004,456774636701154.562500
0.45162000000000013,0.0228,0.056400000000000006,456774636701154.562500
0.4516300000000001,0.0212,0.050800000000000005,456774636701154.562500
0.45164000000000004,0.0236,0.0476,456774636701154.562500
0.4516500000000001,0.0236,0.048400000000000006,456774636701154.562500
0.45166000000000006,0.0244,0.055600000000000004,456774636701154.562500
0.4516700000000001,0.0204,0.050800000000000005,456774636701154.562500
0.4516800000000001,0.0196,0.050800000000000005,456774636701154.562500
0.45169000000000004,0.0244,0.042800000000000005,456774636701154.562500
0.4517000000000001,0.022000000000000002,0.048400000000000006,456774636701154.562500
0.45171000000000006,0.0236,0.0436,456774636701154.562500
0.4517200000000001,0.0228,0.042,456774636701154.562500
0.4517300000000001,0.0228,0.0476,456774636701154.562500
0.45174000000000003,0.022000000000000002,0.0468,456774636701154.562500
0.4517500000000001,0.022000000000000002,0.0476,456774636701154.562500
0.45176000000000005,0.0212,0.0524,456774636701154.562500
0.4517700000000001,0.022000000000000002,0.0476,456774636701154.562500
0.45178000000000007,0.0196,0.0524,456774636701154.562500
0.45179,0.0212,0.0516,456774636701154.562500
0.4518000000000001,0.0212,0.0572,456774636701154.562500
0.45181000000000004,0.0212,0.055600000000000004,456774636701154.562500
0.4518200000000001,0.0236,0.056400000000000006,456774636701154.562500
0.45183000000000006,0.0212,0.056400000000000006,456774636701154.562500
0.45184000000000013,0.0212,0.056400000000000006,456774636701154.562500
0.4518500000000001,0.0188,0.056400000000000006,456774636701154.562500
0.45186000000000004,0.0228,0.054,456774636701154.562500
0.4518700000000001,0.0196,0.0548,456774636701154.562500
0.45188000000000006,0.0228,0.056400000000000006,456774636701154.562500
0.4518900000000001,0.0228,0.055600000000000004,456774636701154.562500
0.4519000000000001,0.0236,0.056400000000000006,456774636701154.562500
0.45191000000000003,0.0228,0.045200000000000004,456774636701154.562500
0.4519200000000001,0.0244,0.056400000000000006,456774636701154.562500
0.45193000000000005,0.0228,0.0524,456774636701154.562500
0.4519400000000001,0.022000000000000002,0.056400000000000006,456774636701154.562500
0.4519500000000001,0.0212,0.054,456774636701154.562500
0.45196000000000003,0.0188,0.055600000000000004,456774636701154.562500
0.4519700000000001,0.0228,0.0468,456774636701154.562500
0.45198000000000005,0.0212,0.056400000000000006,456774636701154.562500
0.4519900000000001,0.0204,0.0492,456774636701154.562500
0.45200000000000007,0.022000000000000002,0.056400000000000006,456774636701154.562500
0.45201,0.0228,0.054,456774636701154.562500
0.4520200000000001,0.0228,0.056400000000000006,456774636701154.562500
0.45203000000000004,0.0164,0.0524,456774636701154.562500
0.4520400000000001,0.0204,0.0548,456774636701154.562500
0.45205000000000006,0.018000000000000002,0.0548,456774636701154.562500
0.45206000000000013,0.018000000000000002,0.054,456774636701154.562500
0.4520700000000001,0.0108,0.0572,456774636701154.562500
0.45208000000000004,0.0204,0.048400000000000006,456774636701154.562500
0.4520900000000001,0.0204,0.055600000000000004,456774636701154.562500
0.45210000000000006,0.022000000000000002,0.0524,456774636701154.562500
0.4521100000000001,0.0196,0.05,456774636701154.562500
0.4521200000000001,0.022000000000000002,0.0524,456774636701154.562500
0.45213000000000003,0.015600000000000001,0.0548,456774636701154.562500
0.4521400000000001,0.0204,0.056400000000000006,456774636701154.562500
0.45215000000000005,0.0204,0.0548,456774636701154.562500
0.4521600000000001,0.022000000000000002,0.055600000000000004,456774636701154.562500
0.45217000000000007,0.0228,0.055600000000000004,456774636701154.562500
0.45218,0.0204,0.0548,456774636701154.562500
0.4521900000000001,0.0236,0.0572,456774636701154.562500
0.45220000000000005,0.0228,0.054,456774636701154.562500
0.4522100000000001,0.0236,0.055600000000000004,456774636701154.562500
0.45222000000000007,0.0244,0.0524,456774636701154.562500
0.45223000000000013,0.0244,0.054,456774636701154.562500
0.4522400000000001,0.0228,0.0492,456774636701154.562500
0.45225000000000004,0.0236,0.058,456774636701154.562500
0.4522600000000001,0.0244,0.056400000000000006,456774636701154.562500
0.45227000000000006,0.0252,0.0548,456774636701154.562500
0.4522800000000001,0.0228,0.0548,456774636701154.562500
0.4522900000000001,0.0244,0.053200000000000004,456774636701154.562500
0.45230000000000004,0.0244,0.045200000000000004,456774636701154.562500
0.4523100000000001,0.0188,0.058,456774636701154.562500
0.45232000000000006,0.0244,0.055600000000000004,456774636701154.562500
0.4523300000000001,0.0244,0.055600000000000004,456774636701154.562500
0.4523400000000001,0.0236,0.055600000000000004,456774636701154.562500
0.45235000000000003,0.0204,0.056400000000000006,456774636701154.562500
0.4523600000000001,0.022000000000000002,0.055600000000000004,456774636701154.562500
0.45237000000000005,0.0172,0.056400000000000006,456774636701154.562500
0.4523800000000001,0.022000000000000002,0.0548,456774636701154.562500
0.45239000000000007,0.018000000000000002,0.0548,456774636701154.562500
0.4524,0.0212,0.0548,456774636701154.562500
0.4524100000000001,0.022000000000000002,0.0548,456774636701154.562500
0.45242000000000004,0.0228,0.055600000000000004,456774636701154.562500
0.4524300000000001,0.022000000000000002,0.056400000000000006,456774636701154.562500
0.45244000000000006,0.0236,0.056400000000000006,456774636701154.562500
0.45245000000000013,0.0228,0.05,456774636701154.562500
0.4524600000000001,0.0236,0.0524,456774636701154.562500
0.45247000000000004,0.022000000000000002,0.056400000000000006,456774636701154.562500
0.4524800000000001,0.0228,0.054,456774636701154.562500
0.45249000000000006,0.0228,0.056400000000000006,456774636701154.562500
0.4525000000000001,0.0204,0.055600000000000004,456774636701154.562500
0.4525100000000001,0.0228,0.0516,456774636701154.562500
0.45252000000000003,0.022000000000000002,0.0548,456774636701154.562500
0.4525300000000001,0.022000000000000002,0.045200000000000004,456774636701154.562500
0.45254000000000005,0.0228,0.056400000000000006,456774636701154.562500
0.4525500000000001,0.0244,0.0492,456774636701154.562500
0.4525600000000001,0.0252,0.056400000000000006,456774636701154.562500
0.45257000000000003,0.0212,0.055600000000000004,456774636701154.562500
0.4525800000000001,0.0252,0.056400000000000006,456774636701154.562500
0.45259000000000005,0.0244,0.055600000000000004,456774636701154.562500
0.4526000000000001,0.0228,0.0572,456774636701154.562500
0.45261000000000007,0.0236,0.055600000000000004,456774636701154.562500
0.45262000000000013,0.0228,0.0572,456774636701154.562500
0.4526300000000001,0.0236,0.053200000000000004,456774636701154.562500
0.45264000000000004,0.022000000000000002,0.0524,456774636701154.562500
0.4526500000000001,0.0204,0.058,456774636701154.562500
0.45266000000000006,0.022000000000000002,0.05,456774636701154.562500
0.45267000000000013,0.022000000000000002,0.056400000000000006,456774636701154.562500
0.4526800000000001,0.0212,0.0524,456774636701154.562500
0.45269000000000004,0.0204,0.055600000000000004,456774636701154.562500
0.4527000000000001,0.0212,0.054,456774636701154.562500
0.45271000000000006,0.0212,0.054,456774636701154.562500
0.4527200000000001,0.0212,0.054,456774636701154.562500
0.4527300000000001,0.0228,0.054,456774636701154.562500
0.45274000000000003,0.0228,0.053200000000000004,456774636701154.562500
0.4527500000000001,0.022000000000000002,0.0524,456774636701154.562500
0.45276000000000005,0.022000000000000002,0.056400000000000006,456774636701154.562500
0.4527700000000001,0.0228,0.0572,456774636701154.562500
0.45278000000000007,0.0212,0.054,456774636701154.562500
0.45279,0.0244,0.055600000000000004,456774636701154.562500
0.4528000000000001,0.0228,0.048400000000000006,456774636701154.562500
0.45281000000000005,0.0236,0.056400000000000006,456774636701154.562500
0.4528200000000001,0.0228,0.0572,456774636701154.562500
0.45283000000000007,0.0244,0.055600000000000004,456774636701154.562500
0.45284000000000013,0.0244,0.0524,456774636701154.562500
0.4528500000000001,0.0236,0.055600000000000004,456774636701154.562500
0.45286000000000004,0.0244,0.0476,456774636701154.562500
0.4528700000000001,0.0228,0.0548,456774636701154.562500
0.45288000000000006,0.0244,0.0548,456774636701154.562500
0.4528900000000001,0.0244,0.0548,456774636701154.562500
0.4529000000000001,0.0244,0.058,456774636701154.562500
0.45291000000000003,0.022000000000000002,0.0572,456774636701154.562500
0.4529200000000001,0.0236,0.053200000000000004,456774636701154.562500
0.45293000000000005,0.0244,0.054,456774636701154.562500
0.4529400000000001,0.0236,0.055600000000000004,456774636701154.562500
0.4529500000000001,0.0236,0.0548,456774636701154.562500
0.45296000000000003,0.0204,0.0572,456774636701154.562500
0.4529700000000001,0.022000000000000002,0.054,456774636701154.562500
0.45298000000000005,0.0212,0.056400000000000006,456774636701154.562500
0.4529900000000001,0.0204,0.056400000000000006,456774636701154.562500
0.45300000000000007,0.0228,0.0548,456774636701154.562500
0.45301,0.022000000000000002,0.058800000000000005,456774636701154.562500
0.4530200000000001,0.0228,0.055600000000000004,456774636701154.562500
0.45303000000000004,0.0236,0.055600000000000004,456774636701154.562500
0.4530400000000001,0.0196,0.0548,456774636701154.562500
0.45305000000000006,0.0212,0.055600000000000004,456774636701154.562500
0.45306000000000013,0.0212,0.0572,456774636701154.562500
0.4530700000000001,0.022000000000000002,0.058,456774636701154.562500
0.45308000000000004,0.0228,0.0572,456774636701154.562500
0.4530900000000001,0.022000000000000002,0.0548,456774636701154.562500
0.45310000000000006,0.022000000000000002,0.056400000000000006,456774636701154.562500
0.4531100000000001,0.0172,0.058,456774636701154.562500
0.4531200000000001,0.0236,0.055600000000000004,456774636701154.562500
0.45313000000000003,0.0236,0.055600000000000004,456774636701154.562500
0.4531400000000001,0.0244,0.054,456774636701154.562500
0.45315000000000005,0.0244,0.0476,456774636701154.562500
0.4531600000000001,0.0228,0.053200000000000004,456774636701154.562500
0.4531700000000001,0.0236,0.0476,456774636701154.562500
0.45318,0.0196,0.0524,456774636701154.562500
0.4531900000000001,0.0236,0.054,456774636701154.562500
0.45320000000000005,0.022000000000000002,0.0524,456774636701154.562500
0.4532100000000001,0.022000000000000002,0.0572,456774636701154.562500
0.45322000000000007,0.018000000000000002,0.056400000000000006,456774636701154.562500
0.45323000000000013,0.0244,0.055600000000000004,456774636701154.562500
0.4532400000000001,0.0228,0.054,456774636701154.562500
0.45325000000000004,0.0236,0.0548,456774636701154.562500
0.4532600000000001,0.022000000000000002,0.055600000000000004,456774636701154.562500
0.45327000000000006,0.0236,0.0524,456774636701154.562500
0.4532800000000001,0.0212,0.0572,456774636701154.562500
0.4532900000000001,0.0228,0.0548,456774636701154.562500
0.45330000000000004,0.022000000000000002,0.055600000000000004,456774636701154.562500
0.4533100000000001,0.0236,0.0572,456774636701154.562500
0.45332000000000006,0.0212,0.0572,456774636701154.562500
0.4533300000000001,0.022000000000000002,0.055600000000000004,456774636701154.562500
0.4533400000000001,0.022000000000000002,0.056400000000000006,456774636701154.562500
0.45335000000000003,0.0204,0.053200000000000004,456774636701154.562500
0.4533600000000001,0.022000000000000002,0.0524,456774636701154.562500
0.45337000000000005,0.0212,0.055600000000000004,456774636701154.562500
0.4533800000000001,0.0212,0.056400000000000006,456774636701154.562500
0.45339000000000007,0.022000000000000002,0.054,456774636701154.562500
0.4534,0.0204,0.0548,456774636701154.562500
0.4534100000000001,0.0204,0.054,456774636701154.562500
0.45342000000000005,0.0228,0.056400000000000006,456774636701154.562500
0.4534300000000001,0.0244,0.0572,456774636701154.562500
0.45344000000000007,0.0228,0.055600000000000004,456774636701154.562500
0.45345000000000013,0.022000000000000002,0.055600000000000004,456774636701154.562500
0.4534600000000001,0.0196,0.053200000000000004,456774636701154.562500
0.45347000000000004,0.022000000000000002,0.058,456774636701154.562500
0.4534800000000001,0.018000000000000002,0.046,456774636701154.562500
0.45349000000000006,0.0228,0.0492,456774636701154.562500
0.4535000000000001,0.0172,0.0548,456774636701154.562500
0.4535100000000001,0.0244,0.0572,456774636701154.562500
0.45352000000000003,0.0236,0.050800000000000005,456774636701154.562500
0.4535300000000001,0.0188,0.050800000000000005,456774636701154.562500
0.45354000000000005,0.0228,0.046,456774636701154.562500
0.4535500000000001,0.0228,0.0444,456774636701154.562500
0.4535600000000001,0.0236,0.048400000000000006,456774636701154.562500
0.45357000000000003,0.022000000000000002,0.0524,456774636701154.562500
0.4535800000000001,0.0212,0.0524,456774636701154.562500
0.45359000000000005,0.0236,0.056400000000000006,456774636701154.562500
0.4536000000000001,0.0196,0.0548,456774636701154.562500
0.45361000000000007,0.0236,0.056400000000000006,456774636701154.562500
0.45362,0.0228,0.0516,456774636701154.562500
0.4536300000000001,0.022000000000000002,0.0572,456774636701154.562500
0.45364000000000004,0.0228,0.0516,456774636701154.562500
0.4536500000000001,0.0204,0.054,456774636701154.562500
0.45366000000000006,0.0212,0.050800000000000005,456774636701154.562500
0.45367000000000013,0.022000000000000002,0.0572,456774636701154.562500
0.4536800000000001,0.022000000000000002,0.055600000000000004,456774636701154.562500
0.45369000000000004,0.0196,0.054,456774636701154.562500
0.4537000000000001,0.0204,0.0548,456774636701154.562500
0.45371000000000006,0.0164,0.0572,456774636701154.562500
0.4537200000000001,0.0212,0.0548,456774636701154.562500
0.4537300000000001,0.0228,0.0524,456774636701154.562500
0.45374000000000003,0.022000000000000002,0.053200000000000004,456774636701154.562500
0.4537500000000001,0.0244,0.053200000000000004,456774636701154.562500
0.45376000000000005,0.0244,0.0548,456774636701154.562500
0.4537700000000001,0.0228,0.055600000000000004,456774636701154.562500
0.45378000000000007,0.0228,0.056400000000000006,456774636701154.562500
0.45379,0.0236,0.055600000000000004,456774636701154.562500
0.4538000000000001,0.0228,0.0572,456774636701154.562500
0.45381000000000005,0.022000000000000002,0.0524,456774636701154.562500
0.4538200000000001,0.0236,0.056400000000000006,456774636701154.562500
0.45383000000000007,0.0244,0.056400000000000006,456774636701154.562500
0.45384000000000013,0.0236,0.0548,456774636701154.562500
0.4538500000000001,0.022000000000000002,0.0548,456774636701154.562500
0.45386000000000004,0.0236,0.0516,456774636701154.562500
0.4538700000000001,0.022000000000000002,0.056400000000000006,456774636701154.562500
0.45388000000000006,0.0204,0.055600000000000004,456774636701154.562500
0.4538900000000001,0.0212,0.056400000000000006,456774636701154.562500
0.4539000000000001,0.022000000000000002,0.0572,456774636701154.562500
0.45391000000000004,0.022000000000000002,0.0572,456774636701154.562500
0.4539200000000001,0.0228,0.055600000000000004,456774636701154.562500
0.45393000000000006,0.0188,0.056400000000000006,456774636701154.562500
0.4539400000000001,0.0212,0.054,456774636701154.562500
0.4539500000000001,0.0204,0.050800000000000005,456774636701154.562500
0.45396000000000003,0.022000000000000002,0.056400000000000006,456774636701154.562500
0.4539700000000001,0.0228,0.055600000000000004,456774636701154.562500
0.45398000000000005,0.022000000000000002,0.050800000000000005,456774636701154.562500
0.4539900000000001,0.0228,0.05,456774636701154.562500
0.45400000000000007,0.0228,0.0412,456774636701154.562500
0.45401,0.022000000000000002,0.0516,456774636701154.562500
0.4540200000000001,0.0244,0.056400000000000006,456774636701154.562500
0.45403000000000004,0.0236,0.0548,456774636701154.562500
0.4540400000000001,0.0244,0.055600000000000004,456774636701154.562500
0.45405000000000006,0.0236,0.054,456774636701154.562500
0.45406000000000013,0.022000000000000002,0.055600000000000004,456774636701154.562500
0.4540700000000001,0.0204,0.053200000000000004,456774636701154.562500
0.45408000000000004,0.0172,0.056400000000000006,456774636701154.562500
0.4540900000000001,0.0228,0.0548,456774636701154.562500
0.45410000000000006,0.0188,0.0572,456774636701154.562500
0.4541100000000001,0.0244,0.0572,456774636701154.562500
0.4541200000000001,0.026000000000000002,0.053200000000000004,456774636701154.562500
0.45413000000000003,0.0236,0.056400000000000006,456774636701154.562500
0.4541400000000001,0.0228,0.055600000000000004,456774636701154.562500
0.45415000000000005,0.026000000000000002,0.0548,456774636701154.562500
0.4541600000000001,0.0244,0.055600000000000004,456774636701154.562500
0.4541700000000001,0.0228,0.055600000000000004,456774636701154.562500
0.45418000000000003,0.0228,0.0548,456774636701154.562500
0.4541900000000001,0.022000000000000002,0.055600000000000004,456774636701154.562500
0.45420000000000005,0.0204,0.0548,456774636701154.562500
0.4542100000000001,0.0212,0.0572,456774636701154.562500
0.45422000000000007,0.022000000000000002,0.055600000000000004,456774636701154.562500
0.45423,0.022000000000000002,0.054,456774636701154.562500
0.4542400000000001,0.0236,0.055600000000000004,456774636701154.562500
0.45425000000000004,0.022000000000000002,0.054,456774636701154.562500
0.4542600000000001,0.0236,0.055600000000000004,456774636701154.562500
0.45427000000000006,0.022000000000000002,0.0468,456774636701154.562500
0.45428000000000013,0.022000000000000002,0.056400000000000006,456774636701154.562500
0.4542900000000001,0.022000000000000002,0.0516,456774636701154.562500
0.45430000000000004,0.0228,0.056400000000000006,456774636701154.562500
0.4543100000000001,0.0212,0.058,456774636701154.562500
0.45432000000000006,0.0228,0.056400000000000006,456774636701154.562500
0.4543300000000001,0.0228,0.0548,456774636701154.562500
0.4543400000000001,0.0244,0.0572,456774636701154.562500
0.45435000000000003,0.022000000000000002,0.0516,456774636701154.562500
0.4543600000000001,0.0228,0.0516,456774636701154.562500
0.45437000000000005,0.0228,0.050800000000000005,456774636701154.562500
0.4543800000000001,0.0212,0.054,456774636701154.562500
0.45439000000000007,0.0196,0.054,456774636701154.562500
0.4544,0.0244,0.055600000000000004,456774636701154.562500
0.4544100000000001,0.0244,0.0572,456774636701154.562500
0.45442000000000005,0.026000000000000002,0.055600000000000004,456774636701154.562500
0.4544300000000001,0.0236,0.058,456774636701154.562500
0.45444000000000007,0.0236,0.056400000000000006,456774636701154.562500
0.45445000000000013,0.022000000000000002,0.0548,456774636701154.562500
0.4544600000000001,0.0244,0.055600000000000004,456774636701154.562500
0.45447000000000004,0.0236,0.056400000000000006,456774636701154.562500
0.4544800000000001,0.0212,0.056400000000000006,456774636701154.562500
0.45449000000000006,0.0236,0.056400000000000006,456774636701154.562500
0.4545000000000001,0.022000000000000002,0.055600000000000004,456774636701154.562500
0.4545100000000001,0.022000000000000002,0.054,456774636701154.562500
0.45452000000000004,0.022000000000000002,0.053200000000000004,456774636701154.562500
0.4545300000000001,0.0236,0.055600000000000004,456774636701154.562500
0.45454000000000006,0.0196,0.055600000000000004,456774636701154.562500
0.4545500000000001,0.0228,0.056400000000000006,456774636701154.562500
0.4545600000000001,0.0236,0.055600000000000004,456774636701154.562500
0.45457000000000003,0.0196,0.053200000000000004,456774636701154.562500
0.4545800000000001,0.0244,0.058,456774636701154.562500
0.45459000000000005,0.0196,0.055600000000000004,456774636701154.562500
0.4546000000000001,0.0228,0.0572,456774636701154.562500
0.45461000000000007,0.0228,0.056400000000000006,456774636701154.562500
0.45462,0.0204,0.0572,456774636701154.562500
0.4546300000000001,0.0228,0.0572,456774636701154.562500
0.45464000000000004,0.0212,0.055600000000000004,456774636701154.562500
0.4546500000000001,0.018000000000000002,0.056400000000000006,456774636701154.562500
0.45466000000000006,0.0196,0.056400000000000006,456774636701154.562500
0.45467000000000013,0.0188,0.058,456774636701154.562500
0.4546800000000001,0.0132,0.0548,456774636701154.562500
0.45469000000000004,0.0196,0.058,456774636701154.562500
0.4547000000000001,0.0212,0.056400000000000006,456774636701154.562500
0.45471000000000006,0.022000000000000002,0.0572,456774636701154.562500
0.4547200000000001,0.0252,0.0572,456774636701154.562500
0.4547300000000001,0.022000000000000002,0.056400000000000006,456774636701154.562500
0.45474000000000003,0.022000000000000002,0.053200000000000004,456774636701154.562500
0.4547500000000001,0.0236,0.0548,456774636701154.562500
0.45476000000000005,0.0236,0.054,456774636701154.562500
0.4547700000000001,0.0196,0.0548,456774636701154.562500
0.4547800000000001,0.0204,0.055600000000000004,456774636701154.562500
0.45479,0.0204,0.045200000000000004,456774636701154.562500
0.4548000000000001,0.0196,0.0524,456774636701154.562500
0.45481000000000005,0.0196,0.0444,456774636701154.562500
0.4548200000000001,0.0228,0.056400000000000006,456774636701154.562500
0.45483000000000007,0.018000000000000002,0.056400000000000006,456774636701154.562500
0.45484000000000013,0.0188,0.055600000000000004,456774636701154.562500
0.4548500000000001,0.0204,0.0548,456774636701154.562500
0.45486000000000004,0.0236,0.058,456774636701154.562500
0.4548700000000001,0.022000000000000002,0.056400000000000006,456774636701154.562500
0.45488000000000006,0.0204,0.056400000000000006,456774636701154.562500
0.4548900000000001,0.015600000000000001,0.055600000000000004,456774636701154.562500
0.4549000000000001,0.0188,0.055600000000000004,456774636701154.562500
0.45491000000000004,0.0188,0.05,456774636701154.562500
0.4549200000000001,0.022000000000000002,0.056400000000000006,456774636701154.562500
0.45493000000000006,0.0188,0.055600000000000004,456774636701154.562500
0.4549400000000001,0.0236,0.054,456774636701154.562500
0.4549500000000001,0.0212,0.056400000000000006,456774636701154.562500
0.45496000000000003,0.022000000000000002,0.056400000000000006,456774636701154.562500
0.4549700000000001,0.0244,0.0548,456774636701154.562500
0.45498000000000005,0.0244,0.056400000000000006,456774636701154.562500
0.4549900000000001,0.0236,0.0572,456774636701154.562500
0.45500000000000007,0.0252,0.0548,456774636701154.562500
0.45501,0.0228,0.053200000000000004,456774636701154.562500
0.4550200000000001,0.0236,0.0548,456774636701154.562500
0.45503000000000005,0.0236,0.055600000000000004,456774636701154.562500
0.4550400000000001,0.0228,0.0572,456774636701154.562500
0.45505000000000007,0.0228,0.0572,456774636701154.562500
0.45506000000000013,0.0244,0.056400000000000006,456774636701154.562500
0.4550700000000001,0.026000000000000002,0.055600000000000004,456774636701154.562500
0.45508000000000004,0.022000000000000002,0.056400000000000006,456774636701154.562500
0.4550900000000001,0.022000000000000002,0.0572,456774636701154.562500
0.45510000000000006,0.0228,0.056400000000000006,456774636701154.562500
0.4551100000000001,0.0228,0.055600000000000004,456774636701154.562500
0.4551200000000001,0.0212,0.0548,456774636701154.562500
0.45513000000000003,0.022000000000000002,0.050800000000000005,456774636701154.562500
0.4551400000000001,0.0228,0.055600000000000004,456774636701154.562500
0.45515000000000005,0.0228,0.056400000000000006,456774636701154.562500
0.4551600000000001,0.0212,0.053200000000000004,456774636701154.562500
0.4551700000000001,0.022000000000000002,0.0572,456774636701154.562500
0.45518000000000003,0.0228,0.053200000000000004,456774636701154.562500
0.4551900000000001,0.0228,0.055600000000000004,456774636701154.562500
0.45520000000000005,0.0228,0.0572,456774636701154.562500
0.4552100000000001,0.0204,0.0548,456774636701154.562500
0.45522000000000007,0.0244,0.056400000000000006,456774636701154.562500
0.45523,0.0212,0.0548,456774636701154.562500
0.4552400000000001,0.0236,0.054,456774636701154.562500
0.45525000000000004,0.0228,0.0548,456774636701154.562500
0.4552600000000001,0.0244,0.058,456774636701154.562500
0.45527000000000006,0.0244,0.058,456774636701154.562500
0.45528000000000013,0.0244,0.056400000000000006,456774636701154.562500
0.4552900000000001,0.0244,0.056400000000000006,456774636701154.562500
0.45530000000000004,0.022000000000000002,0.0572,456774636701154.562500
0.4553100000000001,0.0212,0.055600000000000004,456774636701154.562500
0.45532000000000006,0.0236,0.05,456774636701154.562500
0.4553300000000001,0.0228,0.054,456774636701154.562500
0.4553400000000001,0.0244,0.0492,456774636701154.562500
0.45535000000000003,0.0228,0.054,456774636701154.562500
0.4553600000000001,0.0252,0.0476,456774636701154.562500
0.45537000000000005,0.0212,0.046,456774636701154.562500
0.4553800000000001,0.0236,0.040400000000000005,456774636701154.562500
0.4553900000000001,0.0236,0.056400000000000006,456774636701154.562500
0.4554,0.022000000000000002,0.054,456774636701154.562500
0.4554100000000001,0.0228,0.055600000000000004,456774636701154.562500
0.45542000000000005,0.0228,0.056400000000000006,456774636701154.562500
0.4554300000000001,0.022000000000000002,0.055600000000000004,456774636701154.562500
0.45544000000000007,0.022000000000000002,0.055600000000000004,456774636701154.562500
0.45545000000000013,0.022000000000000002,0.042,456774636701154.562500
0.4554600000000001,0.0228,0.054,456774636701154.562500
0.45547000000000004,0.0212,0.0476,456774636701154.562500
0.4554800000000001,0.0212,0.0548,456774636701154.562500
0.45549000000000006,0.0244,0.048400000000000006,456774636701154.562500
0.4555000000000001,0.0188,0.056400000000000006,456774636701154.562500
0.4555100000000001,0.0228,0.055600000000000004,456774636701154.562500
0.45552000000000004,0.0244,0.055600000000000004,456774636701154.562500
0.4555300000000001,0.0228,0.055600000000000004,456774636701154.562500
0.45554000000000006,0.0228,0.054,456774636701154.562500
0.4555500000000001,0.0212,0.058,456774636701154.562500
0.4555600000000001,0.0228,0.054,456774636701154.562500
0.45557000000000003,0.0212,0.058,456774636701154.562500
0.4555800000000001,0.0228,0.055600000000000004,456774636701154.562500
0.45559000000000005,0.0196,0.055600000000000004,456774636701154.562500
0.4556000000000001,0.0196,0.054,456774636701154.562500
0.45561000000000007,0.015600000000000001,0.056400000000000006,456774636701154.562500
0.45562,0.0228,0.055600000000000004,456774636701154.562500
0.4556300000000001,0.0228,0.055600000000000004,456774636701154.562500
0.45564000000000004,0.026000000000000002,0.0548,456774636701154.562500
0.4556500000000001,0.0236,0.0572,456774636701154.562500
0.45566000000000006,0.0236,0.0516,456774636701154.562500
0.45567000000000013,0.0244,0.0572,456774636701154.562500
0.4556800000000001,0.0236,0.0476,456774636701154.562500
0.45569000000000004,0.0228,0.055600000000000004,456774636701154.562500
0.4557000000000001,0.0236,0.054,456774636701154.562500
0.45571000000000006,0.022000000000000002,0.053200000000000004,456774636701154.562500
0.4557200000000001,0.0196,0.0548,456774636701154.562500
0.4557300000000001,0.0228,0.053200000000000004,456774636701154.562500
0.45574000000000003,0.0236,0.0548,456774636701154.562500
0.4557500000000001,0.0188,0.054,456774636701154.562500
0.45576000000000005,0.022000000000000002,0.055600000000000004,456774636701154.562500
0.4557700000000001,0.0212,0.055600000000000004,456774636701154.562500
0.4557800000000001,0.0212,0.0548,456774636701154.562500
0.45579000000000003,0.0212,0.0516,456774636701154.562500
0.4558000000000001,0.022000000000000002,0.055600000000000004,456774636701154.562500
0.45581000000000005,0.022000000000000002,0.058,456774636701154.562500
0.4558200000000001,0.0236,0.056400000000000006,456774636701154.562500
0.45583000000000007,0.0196,0.056400000000000006,456774636701154.562500
0.45584,0.0212,0.054,456774636701154.562500
0.4558500000000001,0.0196,0.056400000000000006,456774636701154.562500
0.45586000000000004,0.022000000000000002,0.056400000000000006,456774636701154.562500
0.4558700000000001,0.0204,0.0548,456774636701154.562500
0.45588000000000006,0.0244,0.0572,456774636701154.562500
0.45589000000000013,0.022000000000000002,0.054,456774636701154.562500
0.4559000000000001,0.0236,0.0516,456774636701154.562500
0.45591000000000004,0.0236,0.055600000000000004,456774636701154.562500
0.4559200000000001,0.0196,0.0572,456774636701154.562500
0.45593000000000006,0.0212,0.056400000000000006,456774636701154.562500
0.4559400000000001,0.0236,0.055600000000000004,456774636701154.562500
0.4559500000000001,0.0236,0.053200000000000004,456774636701154.562500
0.45596000000000003,0.0236,0.053200000000000004,456774636701154.562500
0.4559700000000001,0.0244,0.055600000000000004,456774636701154.562500
0.45598000000000005,0.0228,0.0548,456774636701154.562500
0.4559900000000001,0.0236,0.055600000000000004,456774636701154.562500
0.45600000000000007,0.022000000000000002,0.0548,456774636701154.562500
0.45601,0.0236,0.05,456774636701154.562500
0.4560200000000001,0.0228,0.054,456774636701154.562500
0.45603000000000005,0.0204,0.0516,456774636701154.562500
0.4560400000000001,0.0212,0.0548,456774636701154.562500
0.45605000000000007,0.0188,0.05,456774636701154.562500
0.45606000000000013,0.022000000000000002,0.0516,456774636701154.562500
0.4560700000000001,0.0212,0.055600000000000004,456774636701154.562500
0.45608000000000004,0.022000000000000002,0.055600000000000004,456774636701154.562500
0.4560900000000001,0.0236,0.0572,456774636701154.562500
0.45610000000000006,0.0212,0.055600000000000004,456774636701154.562500
0.4561100000000001,0.022000000000000002,0.050800000000000005,456774636701154.562500
0.4561200000000001,0.0188,0.055600000000000004,456774636701154.562500
0.45613000000000004,0.0228,0.0572,456774636701154.562500
0.4561400000000001,0.022000000000000002,0.055600000000000004,456774636701154.562500
0.45615000000000006,0.0236,0.0548,456774636701154.562500
0.4561600000000001,0.0236,0.0572,456774636701154.562500
0.4561700000000001,0.0244,0.054,456774636701154.562500
0.45618000000000003,0.0244,0.054,456774636701154.562500
0.4561900000000001,0.0252,0.056400000000000006,456774636701154.562500
0.45620000000000005,0.0212,0.058,456774636701154.562500
0.4562100000000001,0.0204,0.055600000000000004,456774636701154.562500
0.45622000000000007,0.0236,0.056400000000000006,456774636701154.562500
0.45623,0.0236,0.050800000000000005,456774636701154.562500
0.4562400000000001,0.0212,0.055600000000000004,456774636701154.562500
0.45625000000000004,0.0196,0.0548,456774636701154.562500
0.4562600000000001,0.0164,0.056400000000000006,456774636701154.562500
0.45627000000000006,0.015600000000000001,0.055600000000000004,456774636701154.562500
0.45628000000000013,0.0212,0.056400000000000006,456774636701154.562500
0.4562900000000001,0.0196,0.056400000000000006,456774636701154.562500
0.45630000000000004,0.0228,0.056400000000000006,456774636701154.562500
0.4563100000000001,0.022000000000000002,0.054,456774636701154.562500
0.45632000000000006,0.022000000000000002,0.053200000000000004,456774636701154.562500
0.4563300000000001,0.018000000000000002,0.054,456774636701154.562500
0.4563400000000001,0.022000000000000002,0.046,456774636701154.562500
0.45635000000000003,0.018000000000000002,0.056400000000000006,456774636701154.562500
0.4563600000000001,0.0196,0.056400000000000006,456774636701154.562500
0.45637000000000005,0.0188,0.050800000000000005,456774636701154.562500
0.4563800000000001,0.0228,0.0468,456774636701154.562500
0.4563900000000001,0.0212,0.053200000000000004,456774636701154.562500
0.45640000000000003,0.0228,0.055600000000000004,456774636701154.562500
0.4564100000000001,0.022000000000000002,0.0548,456774636701154.562500
0.45642000000000005,0.0212,0.0524,456774636701154.562500
0.4564300000000001,0.0236,0.0548,456774636701154.562500
0.45644000000000007,0.0188,0.05,456774636701154.562500
0.45645000000000013,0.0244,0.0516,456774636701154.562500
0.4564600000000001,0.022000000000000002,0.037200000000000004,456774636701154.562500
0.45647000000000004,0.0236,0.0436,456774636701154.562500
0.4564800000000001,0.0244,0.042800000000000005,456774636701154.562500
0.45649000000000006,0.0228,0.0476,456774636701154.562500
0.45650000000000013,0.0236,0.0476,456774636701154.562500
0.4565100000000001,0.0236,0.0572,456774636701154.562500
0.45652000000000004,0.0244,0.056400000000000006,456774636701154.562500
0.4565300000000001,0.0236,0.0548,456774636701154.562500
0.45654000000000006,0.0244,0.0572,456774636701154.562500
0.4565500000000001,0.0244,0.056400000000000006,456774636701154.562500
0.4565600000000001,0.0236,0.054,456774636701154.562500
0.45657000000000003,0.0244,0.056400000000000006,456774636701154.562500
0.4565800000000001,0.0252,0.056400000000000006,456774636701154.562500
0.45659000000000005,0.022000000000000002,0.0572,456774636701154.562500
0.4566000000000001,0.0212,0.058,456774636701154.562500
0.45661000000000007,0.0236,0.0524,456774636701154.562500
0.45662,0.0212,0.0548,456774636701154.562500
0.4566300000000001,0.0204,0.05,456774636701154.562500
0.45664000000000005,0.0236,0.056400000000000006,456774636701154.562500
0.4566500000000001,0.0228,0.055600000000000004,456774636701154.562500
0.45666000000000007,0.0196,0.054,456774636701154.562500
0.45667000000000013,0.0212,0.056400000000000006,456774636701154.562500
0.4566800000000001,0.0244,0.054,456774636701154.562500
0.45669000000000004,0.0212,0.0548,456774636701154.562500
0.4567000000000001,0.022000000000000002,0.056400000000000006,456774636701154.562500
0.45671000000000006,0.0188,0.0572,456774636701154.562500
0.4567200000000001,0.0212,0.053200000000000004,456774636701154.562500
0.4567300000000001,0.0204,0.054,456774636701154.562500
0.45674000000000003,0.0228,0.053200000000000004,456774636701154.562500
0.4567500000000001,0.0228,0.0572,456774636701154.562500
0.45676000000000005,0.0228,0.056400000000000006,456774636701154.562500
0.4567700000000001,0.022000000000000002,0.0572,456774636701154.562500
0.4567800000000001,0.0236,0.054,456774636701154.562500
0.45679000000000003,0.0228,0.056400000000000006,456774636701154.562500
0.4568000000000001,0.0244,0.055600000000000004,456774636701154.562500
0.45681000000000005,0.0252,0.055600000000000004,456774636701154.562500
0.4568200000000001,0.0196,0.056400000000000006,456774636701154.562500
0.45683000000000007,0.0244,0.05,456774636701154.562500
0.45684,0.022000000000000002,0.054,456774636701154.562500
0.4568500000000001,0.0252,0.0524,456774636701154.562500
0.45686000000000004,0.0252,0.0548,456774636701154.562500
0.4568700000000001,0.0236,0.0572,456774636701154.562500
0.45688000000000006,0.0236,0.056400000000000006,456774636701154.562500
0.45689000000000013,0.0236,0.055600000000000004,456774636701154.562500
0.4569000000000001,0.0236,0.055600000000000004,456774636701154.562500
0.45691000000000004,0.0236,0.0516,456774636701154.562500
0.4569200000000001,0.0212,0.055600000000000004,456774636701154.562500
0.45693000000000006,0.022000000000000002,0.0572,456774636701154.562500
0.4569400000000001,0.022000000000000002,0.056400000000000006,456774636701154.562500
0.4569500000000001,0.0196,0.0572,456774636701154.562500
0.45696000000000003,0.0188,0.056400000000000006,456774636701154.562500
0.4569700000000001,0.0212,0.053200000000000004,456774636701154.562500
0.45698000000000005,0.0236,0.0572,456774636701154.562500
0.4569900000000001,0.022000000000000002,0.056400000000000006,456774636701154.562500
0.4570000000000001,0.0212,0.058,456774636701154.562500
0.45701,0.0212,0.054,456774636701154.562500
0.4570200000000001,0.018000000000000002,0.055600000000000004,456774636701154.562500
0.45703000000000005,0.0228,0.058,456774636701154.562500
0.4570400000000001,0.022000000000000002,0.054,456774636701154.562500
0.45705000000000007,0.0244,0.056400000000000006,456774636701154.562500
0.45706000000000013,0.0244,0.055600000000000004,456774636701154.562500
0.4570700000000001,0.0244,0.0572,456774636701154.562500
0.45708000000000004,0.0228,0.054,456774636701154.562500
0.4570900000000001,0.0228,0.05,456774636701154.562500
0.45710000000000006,0.0236,0.054,456774636701154.562500
0.4571100000000001,0.0228,0.053200000000000004,456774636701154.562500
0.4571200000000001,0.022000000000000002,0.056400000000000006,456774636701154.562500
0.45713000000000004,0.022000000000000002,0.055600000000000004,456774636701154.562500
0.4571400000000001,0.0252,0.055600000000000004,456774636701154.562500
0.45715000000000006,0.0252,0.055600000000000004,456774636701154.562500
0.4571600000000001,0.0172,0.0548,456774636701154.562500
0.4571700000000001,0.0188,0.0548,456774636701154.562500
0.45718000000000003,0.0172,0.0548,456774636701154.562500
0.4571900000000001,0.018000000000000002,0.056400000000000006,456774636701154.562500
0.45720000000000005,0.018000000000000002,0.055600000000000004,456774636701154.562500
0.4572100000000001,0.022000000000000002,0.056400000000000006,456774636701154.562500
0.45722000000000007,0.0164,0.053200000000000004,456774636701154.562500
0.45723,0.022000000000000002,0.054,456774636701154.562500
0.4572400000000001,0.0212,0.053200000000000004,456774636701154.562500
0.45725000000000005,0.0204,0.054,456774636701154.562500
0.4572600000000001,0.0196,0.055600000000000004,456774636701154.562500
0.45727000000000007,0.0228,0.050800000000000005,456774636701154.562500
0.45728000000000013,0.022000000000000002,0.05,456774636701154.562500
0.4572900000000001,0.0228,0.053200000000000004,456774636701154.562500
0.45730000000000004,0.0204,0.05,456774636701154.562500
0.4573100000000001,0.0188,0.056400000000000006,456774636701154.562500
0.45732000000000006,0.0228,0.054,456774636701154.562500
0.4573300000000001,0.022000000000000002,0.0516,456774636701154.562500
0.4573400000000001,0.0236,0.055600000000000004,456774636701154.562500
0.45735000000000003,0.022000000000000002,0.0572,456774636701154.562500
0.4573600000000001,0.0244,0.055600000000000004,456774636701154.562500
0.45737000000000005,0.0236,0.053200000000000004,456774636701154.562500
0.4573800000000001,0.0236,0.0524,456774636701154.562500
0.4573900000000001,0.0212,0.055600000000000004,456774636701154.562500
0.45740000000000003,0.0212,0.056400000000000006,456774636701154.562500
0.4574100000000001,0.0228,0.056400000000000006,456774636701154.562500
0.45742000000000005,0.0236,0.058,456774636701154.562500
0.4574300000000001,0.0252,0.0548,456774636701154.562500
0.45744000000000007,0.0252,0.058,456774636701154.562500
0.45745,0.0244,0.0548,456774636701154.562500
0.4574600000000001,0.0228,0.056400000000000006,456774636701154.562500
0.45747000000000004,0.0236,0.056400000000000006,456774636701154.562500
0.4574800000000001,0.0228,0.054,456774636701154.562500
0.45749000000000006,0.0252,0.053200000000000004,456774636701154.562500
0.45750000000000013,0.0228,0.054,456774636701154.562500
0.4575100000000001,0.0236,0.056400000000000006,456774636701154.562500
0.45752000000000004,0.0244,0.0436,456774636701154.562500
0.4575300000000001,0.0244,0.0548,456774636701154.562500
0.45754000000000006,0.022000000000000002,0.0572,456774636701154.562500
0.4575500000000001,0.0212,0.056400000000000006,456774636701154.562500
0.4575600000000001,0.0188,0.056400000000000006,456774636701154.562500
0.45757000000000003,0.0228,0.046,456774636701154.562500
0.4575800000000001,0.022000000000000002,0.0492,456774636701154.562500
0.45759000000000005,0.0228,0.0444,456774636701154.562500
0.4576000000000001,0.022000000000000002,0.042,456774636701154.562500
0.4576100000000001,0.0212,0.0436,456774636701154.562500
0.45762,0.0228,0.0516,456774636701154.562500
0.4576300000000001,0.0228,0.0476,456774636701154.562500
0.45764000000000005,0.022000000000000002,0.0388,456774636701154.562500
0.4576500000000001,0.0212,0.0524,456774636701154.562500
0.45766000000000007,0.0212,0.0548,456774636701154.562500
0.45767000000000013,0.0196,0.054,456774636701154.562500
0.4576800000000001,0.0172,0.054,456774636701154.562500
0.45769000000000004,0.0188,0.0524,456774636701154.562500
0.4577000000000001,0.0236,0.050800000000000005,456774636701154.562500
0.45771000000000006,0.018000000000000002,0.054,456774636701154.562500
0.4577200000000001,0.0236,0.053200000000000004,456774636701154.562500
0.4577300000000001,0.0244,0.055600000000000004,456774636701154.562500
0.45774000000000004,0.0236,0.056400000000000006,456774636701154.562500
0.4577500000000001,0.0244,0.056400000000000006,456774636701154.562500
0.45776000000000006,0.0252,0.055600000000000004,456774636701154.562500
0.4577700000000001,0.022000000000000002,0.054,456774636701154.562500
0.4577800000000001,0.0236,0.0572,456774636701154.562500
0.45779000000000003,0.0252,0.056400000000000006,456774636701154.562500
0.4578000000000001,0.0252,0.056400000000000006,456774636701154.562500
0.45781000000000005,0.0204,0.055600000000000004,456774636701154.562500
0.4578200000000001,0.0236,0.056400000000000006,456774636701154.562500
0.45783000000000007,0.0236,0.0548,456774636701154.562500
0.45784,0.0228,0.0548,456774636701154.562500
0.4578500000000001,0.0228,0.0548,456774636701154.562500
0.45786000000000004,0.0212,0.0572,456774636701154.562500
0.4578700000000001,0.022000000000000002,0.0548,456774636701154.562500
0.45788000000000006,0.022000000000000002,0.058,456774636701154.562500
0.45789000000000013,0.0228,0.0548,456774636701154.562500
0.4579000000000001,0.0204,0.0572,456774636701154.562500
0.45791000000000004,0.0212,0.055600000000000004,456774636701154.562500
0.4579200000000001,0.0228,0.055600000000000004,456774636701154.562500
0.45793000000000006,0.0212,0.056400000000000006,456774636701154.562500
0.4579400000000001,0.0236,0.056400000000000006,456774636701154.562500
0.4579500000000001,0.022000000000000002,0.056400000000000006,456774636701154.562500
0.45796000000000003,0.0236,0.0572,456774636701154.562500
0.4579700000000001,0.0228,0.055600000000000004,456774636701154.562500
0.45798000000000005,0.0244,0.0548,456774636701154.562500
0.4579900000000001,0.0236,0.054,456774636701154.562500
0.4580000000000001,0.0244,0.055600000000000004,456774636701154.562500
0.45801000000000003,0.026000000000000002,0.05,456774636701154.562500
0.4580200000000001,0.0244,0.0572,456774636701154.562500
0.45803000000000005,0.022000000000000002,0.055600000000000004,456774636701154.562500
0.4580400000000001,0.0252,0.0548,456774636701154.562500
0.45805000000000007,0.0244,0.056400000000000006,456774636701154.562500
0.45806000000000013,0.0252,0.0572,456774636701154.562500
0.4580700000000001,0.0204,0.0524,456774636701154.562500
0.45808000000000004,0.022000000000000002,0.054,456774636701154.562500
0.4580900000000001,0.0236,0.056400000000000006,456774636701154.562500
0.45810000000000006,0.0212,0.055600000000000004,456774636701154.562500
0.45811000000000013,0.0228,0.058,456774636701154.562500
0.4581200000000001,0.0188,0.056400000000000006,456774636701154.562500
0.45813000000000004,0.0244,0.05,456774636701154.562500
0.4581400000000001,0.0204,0.0572,456774636701154.562500
0.45815000000000006,0.022000000000000002,0.056400000000000006,456774636701154.562500
0.4581600000000001,0.0188,0.055600000000000004,456774636701154.562500
0.4581700000000001,0.022000000000000002,0.055600000000000004,456774636701154.562500
0.45818000000000003,0.022000000000000002,0.054,456774636701154.562500
0.4581900000000001,0.0236,0.0572,456774636701154.562500
0.45820000000000005,0.022000000000000002,0.055600000000000004,456774636701154.562500
0.4582100000000001,0.0212,0.058,456774636701154.562500
0.45822000000000007,0.022000000000000002,0.056400000000000006,456774636701154.562500
0.45823,0.0228,0.0548,456774636701154.562500
0.4582400000000001,0.0228,0.0548,456774636701154.562500
0.45825000000000005,0.0228,0.056400000000000006,456774636701154.562500
0.4582600000000001,0.022000000000000002,0.056400000000000006,456774636701154.562500
0.45827000000000007,0.0236,0.056400000000000006,456774636701154.562500
0.45828000000000013,0.0236,0.054,456774636701154.562500
0.4582900000000001,0.0212,0.055600000000000004,456774636701154.562500
0.45830000000000004,0.0228,0.058800000000000005,456774636701154.562500
0.4583100000000001,0.0236,0.0572,456774636701154.562500
0.45832000000000006,0.0236,0.055600000000000004,456774636701154.562500
0.4583300000000001,0.0244,0.0548,456774636701154.562500
0.4583400000000001,0.0244,0.0548,456774636701154.562500
0.45835000000000004,0.0244,0.0572,456774636701154.562500
0.4583600000000001,0.026000000000000002,0.058,456774636701154.562500
0.45837000000000006,0.0236,0.055600000000000004,456774636701154.562500
0.4583800000000001,0.0252,0.055600000000000004,456774636701154.562500
0.4583900000000001,0.022000000000000002,0.056400000000000006,456774636701154.562500
0.45840000000000003,0.0244,0.050800000000000005,456774636701154.562500
0.4584100000000001,0.0252,0.0572,456774636701154.562500
0.45842000000000005,0.0244,0.0572,456774636701154.562500
0.4584300000000001,0.0244,0.054,456774636701154.562500
0.45844000000000007,0.0236,0.056400000000000006,456774636701154.562500
0.45845,0.0228,0.056400000000000006,456774636701154.562500
0.4584600000000001,0.0228,0.056400000000000006,456774636701154.562500
0.45847000000000004,0.022000000000000002,0.056400000000000006,456774636701154.562500
0.4584800000000001,0.022000000000000002,0.056400000000000006,456774636701154.562500
0.45849000000000006,0.0228,0.055600000000000004,456774636701154.562500
0.45850000000000013,0.0236,0.050800000000000005,456774636701154.562500
0.4585100000000001,0.0196,0.056400000000000006,456774636701154.562500
0.45852000000000004,0.022000000000000002,0.0516,456774636701154.562500
0.4585300000000001,0.0228,0.054,456774636701154.562500
0.45854000000000006,0.0236,0.054,456774636701154.562500
0.4585500000000001,0.0212,0.053200000000000004,456774636701154.562500
0.4585600000000001,0.022000000000000002,0.056400000000000006,456774636701154.562500
0.45857000000000003,0.0212,0.054,456774636701154.562500
0.4585800000000001,0.0236,0.054,456774636701154.562500
0.45859000000000005,0.0212,0.0572,456774636701154.562500
0.4586000000000001,0.0228,0.0548,456774636701154.562500
0.4586100000000001,0.0228,0.046,456774636701154.562500
0.45862,0.0236,0.055600000000000004,456774636701154.562500
0.4586300000000001,0.0236,0.0548,456774636701154.562500
0.45864000000000005,0.0244,0.055600000000000004,456774636701154.562500
0.4586500000000001,0.0236,0.0572,456774636701154.562500
0.45866000000000007,0.0244,0.0548,456774636701154.562500
0.45867000000000013,0.0236,0.0572,456774636701154.562500
0.4586800000000001,0.0236,0.058,456774636701154.562500
0.45869000000000004,0.0236,0.056400000000000006,456774636701154.562500
0.4587000000000001,0.0244,0.054,456774636701154.562500
0.45871000000000006,0.0228,0.056400000000000006,456774636701154.562500
0.4587200000000001,0.0228,0.056400000000000006,456774636701154.562500
0.4587300000000001,0.0236,0.0572,456774636701154.562500
0.45874000000000004,0.0244,0.0524,456774636701154.562500
0.4587500000000001,0.022000000000000002,0.0492,456774636701154.562500
0.45876000000000006,0.022000000000000002,0.0492,456774636701154.562500
0.4587700000000001,0.0228,0.048400000000000006,456774636701154.562500
0.4587800000000001,0.0228,0.055600000000000004,456774636701154.562500
0.45879000000000003,0.0236,0.050800000000000005,456774636701154.562500
0.4588000000000001,0.0228,0.0476,456774636701154.562500
0.45881000000000005,0.0228,0.05,456774636701154.562500
0.4588200000000001,0.0212,0.054,456774636701154.562500
0.45883000000000007,0.0212,0.048400000000000006,456774636701154.562500
0.45884,0.0212,0.055600000000000004,456774636701154.562500
0.4588500000000001,0.022000000000000002,0.054,456774636701154.562500
0.45886000000000005,0.022000000000000002,0.055600000000000004,456774636701154.562500
0.4588700000000001,0.0228,0.056400000000000006,456774636701154.562500
0.45888000000000007,0.0228,0.0572,456774636701154.562500
0.45889000000000013,0.022000000000000002,0.0492,456774636701154.562500
0.4589000000000001,0.022000000000000002,0.0548,456774636701154.562500
0.45891000000000004,0.0236,0.058,456774636701154.562500
0.4589200000000001,0.0236,0.054,456774636701154.562500
0.45893000000000006,0.0252,0.0548,456774636701154.562500
0.4589400000000001,0.0212,0.0572,456774636701154.562500
0.4589500000000001,0.0252,0.058,456774636701154.562500
0.45896000000000003,0.0228,0.056400000000000006,456774636701154.562500
0.4589700000000001,0.0268,0.055600000000000004,456774636701154.562500
0.45898000000000005,0.0244,0.053200000000000004,456774636701154.562500
0.4589900000000001,0.0252,0.0548,456774636701154.562500
0.4590000000000001,0.0236,0.054,456774636701154.562500
0.45901000000000003,0.0236,0.056400000000000006,456774636701154.562500
0.4590200000000001,0.0244,0.058,456774636701154.562500
0.45903000000000005,0.0236,0.056400000000000006,456774636701154.562500
0.4590400000000001,0.0236,0.0572,456774636701154.562500
0.45905000000000007,0.022000000000000002,0.058,456774636701154.562500
0.45906,0.0236,0.0516,456774636701154.562500
0.4590700000000001,0.022000000000000002,0.056400000000000006,456774636701154.562500
0.45908000000000004,0.0228,0.055600000000000004,456774636701154.562500
0.4590900000000001,0.0212,0.055600000000000004,456774636701154.562500
0.45910000000000006,0.0212,0.056400000000000006,456774636701154.562500
0.45911000000000013,0.0204,0.054,456774636701154.562500
0.4591200000000001,0.022000000000000002,0.0548,456774636701154.562500
0.45913000000000004,0.022000000000000002,0.055600000000000004,456774636701154.562500
0.4591400000000001,0.0212,0.055600000000000004,456774636701154.562500
0.45915000000000006,0.0188,0.055600000000000004,456774636701154.562500
0.4591600000000001,0.0204,0.05,456774636701154.562500
0.4591700000000001,0.022000000000000002,0.0524,456774636701154.562500
0.45918000000000003,0.0236,0.0548,456774636701154.562500
0.4591900000000001,0.0228,0.0548,456774636701154.562500
0.45920000000000005,0.0236,0.0524,456774636701154.562500
0.4592100000000001,0.0228,0.050800000000000005,456774636701154.562500
0.4592200000000001,0.0228,0.0524,456774636701154.562500
0.45923,0.0252,0.050800000000000005,456774636701154.562500
0.4592400000000001,0.0228,0.0492,456774636701154.562500
0.45925000000000005,0.0236,0.054,456774636701154.562500
0.4592600000000001,0.0228,0.050800000000000005,456774636701154.562500
0.45927000000000007,0.0228,0.055600000000000004,456774636701154.562500
0.45928000000000013,0.0244,0.0468,456774636701154.562500
0.4592900000000001,0.0252,0.054,456774636701154.562500
0.45930000000000004,0.0236,0.046,456774636701154.562500
0.4593100000000001,0.0236,0.053200000000000004,456774636701154.562500
0.45932000000000006,0.0228,0.053200000000000004,456774636701154.562500
0.4593300000000001,0.0236,0.056400000000000006,456774636701154.562500
0.4593400000000001,0.0236,0.055600000000000004,456774636701154.562500
0.45935000000000004,0.0228,0.054,456774636701154.562500
0.4593600000000001,0.0212,0.056400000000000006,456774636701154.562500
0.45937000000000006,0.0228,0.055600000000000004,456774636701154.562500
0.4593800000000001,0.022000000000000002,0.0572,456774636701154.562500
0.4593900000000001,0.0204,0.054,456774636701154.562500
0.45940000000000003,0.0196,0.055600000000000004,456774636701154.562500
0.4594100000000001,0.022000000000000002,0.056400000000000006,456774636701154.562500
0.45942000000000005,0.0212,0.0548,456774636701154.562500
0.4594300000000001,0.0228,0.0572,456774636701154.562500
0.45944000000000007,0.0188,0.055600000000000004,456774636701154.562500
0.45945,0.0236,0.055600000000000004,456774636701154.562500
0.4594600000000001,0.022000000000000002,0.0572,456774636701154.562500
0.45947000000000005,0.0212,0.056400000000000006,456774636701154.562500
0.4594800000000001,0.0212,0.0548,456774636701154.562500
0.45949000000000007,0.022000000000000002,0.042800000000000005,456774636701154.562500
0.45950000000000013,0.022000000000000002,0.054,456774636701154.562500
0.4595100000000001,0.022000000000000002,0.0468,456774636701154.562500
0.45952000000000004,0.0228,0.0524,456774636701154.562500
0.4595300000000001,0.0236,0.0468,456774636701154.562500
0.45954000000000006,0.0236,0.0548,456774636701154.562500
0.4595500000000001,0.0252,0.053200000000000004,456774636701154.562500
0.4595600000000001,0.0244,0.054,456774636701154.562500
0.45957000000000003,0.0244,0.042,456774636701154.562500
0.4595800000000001,0.0228,0.054,456774636701154.562500
0.45959000000000005,0.0236,0.0548,456774636701154.562500
0.4596000000000001,0.0236,0.058,456774636701154.562500
0.4596100000000001,0.0244,0.055600000000000004,456774636701154.562500
0.45962000000000003,0.0228,0.055600000000000004,456774636701154.562500
0.4596300000000001,0.022000000000000002,0.056400000000000006,456774636701154.562500
0.45964000000000005,0.0212,0.056400000000000006,456774636701154.562500
0.4596500000000001,0.0228,0.056400000000000006,456774636701154.562500
0.45966000000000007,0.0236,0.050800000000000005,456774636701154.562500
0.45967,0.0228,0.055600000000000004,456774636701154.562500
0.4596800000000001,0.0204,0.056400000000000006,456774636701154.562500
0.45969000000000004,0.0236,0.055600000000000004,456774636701154.562500
0.4597000000000001,0.0204,0.054,456774636701154.562500
0.45971000000000006,0.0228,0.056400000000000006,456774636701154.562500
0.45972000000000013,0.0148,0.0492,456774636701154.562500
0.4597300000000001,0.0228,0.055600000000000004,456774636701154.562500
0.45974000000000004,0.0196,0.0572,456774636701154.562500
0.4597500000000001,0.022000000000000002,0.056400000000000006,456774636701154.562500
0.45976000000000006,0.0212,0.056400000000000006,456774636701154.562500
0.4597700000000001,0.022000000000000002,0.056400000000000006,456774636701154.562500
0.4597800000000001,0.0228,0.054,456774636701154.562500
0.45979000000000003,0.022000000000000002,0.0548,456774636701154.562500
0.4598000000000001,0.022000000000000002,0.056400000000000006,456774636701154.562500
0.45981000000000005,0.022000000000000002,0.056400000000000006,456774636701154.562500
0.4598200000000001,0.0244,0.055600000000000004,456774636701154.562500
0.45983000000000007,0.022000000000000002,0.0524,456774636701154.562500
0.45984,0.0228,0.055600000000000004,456774636701154.562500
0.4598500000000001,0.0244,0.056400000000000006,456774636701154.562500
0.45986000000000005,0.0204,0.0524,456774636701154.562500
0.4598700000000001,0.022000000000000002,0.054,456774636701154.562500
0.45988000000000007,0.0244,0.0516,456774636701154.562500
0.45989000000000013,0.0244,0.056400000000000006,456774636701154.562500
0.4599000000000001,0.0228,0.0548,456774636701154.562500
0.45991000000000004,0.022000000000000002,0.055600000000000004,456774636701154.562500
0.4599200000000001,0.0244,0.0572,456774636701154.562500
0.45993000000000006,0.022000000000000002,0.0572,456774636701154.562500
0.4599400000000001,0.0204,0.0572,456774636701154.562500
0.4599500000000001,0.0244,0.0524,456774636701154.562500
0.45996000000000004,0.0236,0.056400000000000006,456774636701154.562500
0.4599700000000001,0.0228,0.056400000000000006,456774636701154.562500
0.45998000000000006,0.0212,0.058,456774636701154.562500
0.4599900000000001,0.022000000000000002,0.054,456774636701154.562500
0.4600000000000001,0.022000000000000002,0.0572,456774636701154.562500
0.46001000000000003,0.0212,0.0516,456774636701154.562500
0.4600200000000001,0.022000000000000002,0.0572,456774636701154.562500
0.46003000000000005,0.0228,0.055600000000000004,456774636701154.562500
0.4600400000000001,0.0212,0.0572,456774636701154.562500
0.46005000000000007,0.022000000000000002,0.055600000000000004,456774636701154.562500
0.46006,0.0212,0.056400000000000006,456774636701154.562500
0.4600700000000001,0.0188,0.055600000000000004,456774636701154.562500
0.46008000000000004,0.0212,0.056400000000000006,456774636701154.562500
0.4600900000000001,0.0212,0.055600000000000004,456774636701154.562500
0.46010000000000006,0.0236,0.055600000000000004,456774636701154.562500
0.46011000000000013,0.0188,0.055600000000000004,456774636701154.562500
0.4601200000000001,0.0236,0.055600000000000004,456774636701154.562500
0.46013000000000004,0.0236,0.0548,456774636701154.562500
0.4601400000000001,0.0228,0.056400000000000006,456774636701154.562500
0.46015000000000006,0.0244,0.0572,456774636701154.562500
0.4601600000000001,0.0212,0.056400000000000006,456774636701154.562500
0.4601700000000001,0.0236,0.056400000000000006,456774636701154.562500
0.46018000000000003,0.022000000000000002,0.055600000000000004,456774636701154.562500
0.4601900000000001,0.0236,0.056400000000000006,456774636701154.562500
0.46020000000000005,0.0244,0.056400000000000006,456774636701154.562500
0.4602100000000001,0.0244,0.055600000000000004,456774636701154.562500
0.4602200000000001,0.0212,0.056400000000000006,456774636701154.562500
0.46023000000000003,0.0228,0.054,456774636701154.562500
0.4602400000000001,0.0212,0.054,456774636701154.562500
0.46025000000000005,0.0204,0.054,456774636701154.562500
0.4602600000000001,0.0228,0.0572,456774636701154.562500
0.46027000000000007,0.0244,0.0572,456774636701154.562500
0.46028000000000013,0.0188,0.055600000000000004,456774636701154.562500
0.4602900000000001,0.0228,0.055600000000000004,456774636701154.562500
0.46030000000000004,0.0228,0.056400000000000006,456774636701154.562500
0.4603100000000001,0.0228,0.058,456774636701154.562500
0.46032000000000006,0.0212,0.056400000000000006,456774636701154.562500
0.46033000000000013,0.0196,0.055600000000000004,456774636701154.562500
0.4603400000000001,0.0228,0.0572,456774636701154.562500
0.46035000000000004,0.0204,0.055600000000000004,456774636701154.562500
0.4603600000000001,0.0196,0.055600000000000004,456774636701154.562500
0.46037000000000006,0.015600000000000001,0.0524,456774636701154.562500
0.4603800000000001,0.0228,0.056400000000000006,456774636701154.562500
0.4603900000000001,0.0212,0.056400000000000006,456774636701154.562500
0.46040000000000003,0.0228,0.0524,456774636701154.562500
0.4604100000000001,0.022000000000000002,0.055600000000000004,456774636701154.562500
0.46042000000000005,0.0236,0.0572,456774636701154.562500
0.4604300000000001,0.0188,0.053200000000000004,456774636701154.562500
0.46044000000000007,0.0236,0.0572,456774636701154.562500
0.46045,0.022000000000000002,0.056400000000000006,456774636701154.562500
0.4604600000000001,0.0228,0.055600000000000004,456774636701154.562500
0.46047000000000005,0.0244,0.056400000000000006,456774636701154.562500
0.4604800000000001,0.022000000000000002,0.055600000000000004,456774636701154.562500
0.46049000000000007,0.0236,0.0524,456774636701154.562500
0.46050000000000013,0.0228,0.0572,456774636701154.562500
0.4605100000000001,0.0236,0.0572,456774636701154.562500
0.46052000000000004,0.022000000000000002,0.053200000000000004,456774636701154.562500
0.4605300000000001,0.0236,0.055600000000000004,456774636701154.562500
0.46054000000000006,0.0228,0.055600000000000004,456774636701154.562500
0.4605500000000001,0.0236,0.055600000000000004,456774636701154.562500
0.4605600000000001,0.022000000000000002,0.05,456774636701154.562500
0.46057000000000003,0.0236,0.0572,456774636701154.562500
0.4605800000000001,0.022000000000000002,0.050800000000000005,456774636701154.562500
0.46059000000000005,0.022000000000000002,0.054,456774636701154.562500
0.4606000000000001,0.0204,0.05,456774636701154.562500
0.4606100000000001,0.0212,0.0524,456774636701154.562500
0.46062000000000003,0.022000000000000002,0.056400000000000006,456774636701154.562500
0.4606300000000001,0.0188,0.055600000000000004,456774636701154.562500
0.46064000000000005,0.0212,0.055600000000000004,456774636701154.562500
0.4606500000000001,0.022000000000000002,0.054,456774636701154.562500
0.46066000000000007,0.0228,0.046,456774636701154.562500
0.46067,0.0204,0.053200000000000004,456774636701154.562500
0.4606800000000001,0.022000000000000002,0.0436,456774636701154.562500
0.46069000000000004,0.0188,0.0516,456774636701154.562500
0.4607000000000001,0.0212,0.0572,456774636701154.562500
0.46071000000000006,0.022000000000000002,0.055600000000000004,456774636701154.562500
0.46072000000000013,0.0228,0.054,456774636701154.562500
0.4607300000000001,0.022000000000000002,0.0572,456774636701154.562500
0.46074000000000004,0.0228,0.056400000000000006,456774636701154.562500
0.4607500000000001,0.0252,0.055600000000000004,456774636701154.562500
0.46076000000000006,0.0244,0.0548,456774636701154.562500
0.4607700000000001,0.0196,0.0516,456774636701154.562500
0.4607800000000001,0.0212,0.0524,456774636701154.562500
0.46079000000000003,0.0172,0.0436,456774636701154.562500
0.4608000000000001,0.0204,0.056400000000000006,456774636701154.562500
0.46081000000000005,0.0244,0.055600000000000004,456774636701154.562500
0.4608200000000001,0.026000000000000002,0.053200000000000004,456774636701154.562500
0.4608300000000001,0.0204,0.0548,456774636701154.562500
0.46084,0.0236,0.056400000000000006,456774636701154.562500
0.4608500000000001,0.0204,0.056400000000000006,456774636701154.562500
0.46086000000000005,0.0212,0.056400000000000006,456774636701154.562500
0.4608700000000001,0.0236,0.0572,456774636701154.562500
0.46088000000000007,0.0244,0.0572,456774636701154.562500
0.46089000000000013,0.0196,0.0572,456774636701154.562500
0.4609000000000001,0.0228,0.056400000000000006,456774636701154.562500
0.46091000000000004,0.0212,0.056400000000000006,456774636701154.562500
0.4609200000000001,0.0228,0.055600000000000004,456774636701154.562500
0.46093000000000006,0.0188,0.055600000000000004,456774636701154.562500
0.4609400000000001,0.022000000000000002,0.0572,456774636701154.562500
0.4609500000000001,0.022000000000000002,0.056400000000000006,456774636701154.562500
0.46096000000000004,0.0188,0.055600000000000004,456774636701154.562500
0.4609700000000001,0.0236,0.055600000000000004,456774636701154.562500
0.46098000000000006,0.0204,0.0548,456774636701154.562500
0.4609900000000001,0.0196,0.054,456774636701154.562500
0.4610000000000001,0.0196,0.0492,456774636701154.562500
0.46101000000000003,0.0236,0.056400000000000006,456774636701154.562500
0.4610200000000001,0.022000000000000002,0.053200000000000004,456774636701154.562500
0.46103000000000005,0.0236,0.055600000000000004,456774636701154.562500
0.4610400000000001,0.0236,0.056400000000000006,456774636701154.562500
0.46105000000000007,0.0228,0.055600000000000004,456774636701154.562500
0.46106,0.022000000000000002,0.0572,456774636701154.562500
0.4610700000000001,0.022000000000000002,0.0516,456774636701154.562500
0.46108000000000005,0.0236,0.056400000000000006,456774636701154.562500
0.4610900000000001,0.0212,0.0572,456774636701154.562500
0.46110000000000007,0.0244,0.0548,456774636701154.562500
0.46111000000000013,0.0188,0.0572,456774636701154.562500
0.4611200000000001,0.0228,0.05,456774636701154.562500
0.46113000000000004,0.0212,0.0572,456774636701154.562500
0.4611400000000001,0.0236,0.0572,456774636701154.562500
0.46115000000000006,0.0236,0.055600000000000004,456774636701154.562500
0.4611600000000001,0.018000000000000002,0.053200000000000004,456774636701154.562500
0.4611700000000001,0.0236,0.053200000000000004,456774636701154.562500
0.46118000000000003,0.022000000000000002,0.054,456774636701154.562500
0.4611900000000001,0.0212,0.055600000000000004,456774636701154.562500
0.46120000000000005,0.0164,0.0548,456774636701154.562500
0.4612100000000001,0.0212,0.055600000000000004,456774636701154.562500
0.4612200000000001,0.015600000000000001,0.054,456774636701154.562500
0.46123000000000003,0.015600000000000001,0.0572,456774636701154.562500
0.4612400000000001,0.0172,0.0524,456774636701154.562500
0.46125000000000005,0.018000000000000002,0.0548,456774636701154.562500
0.4612600000000001,0.0164,0.056400000000000006,456774636701154.562500
0.46127000000000007,0.022000000000000002,0.056400000000000006,456774636701154.562500
0.46128,0.0204,0.054,456774636701154.562500
0.4612900000000001,0.0228,0.0548,456774636701154.562500
0.46130000000000004,0.0204,0.058,456774636701154.562500
0.4613100000000001,0.0204,0.053200000000000004,456774636701154.562500
0.46132000000000006,0.0212,0.055600000000000004,456774636701154.562500
0.46133000000000013,0.0236,0.045200000000000004,456774636701154.562500
0.4613400000000001,0.022000000000000002,0.058,456774636701154.562500
0.46135000000000004,0.0228,0.053200000000000004,456774636701154.562500
0.4613600000000001,0.0244,0.0572,456774636701154.562500
0.46137000000000006,0.0228,0.0516,456774636701154.562500
0.4613800000000001,0.0212,0.054,456774636701154.562500
0.4613900000000001,0.0212,0.0548,456774636701154.562500
0.46140000000000003,0.014,0.056400000000000006,456774636701154.562500
0.4614100000000001,0.0196,0.056400000000000006,456774636701154.562500
0.46142000000000005,0.0204,0.055600000000000004,456774636701154.562500
0.4614300000000001,0.0204,0.056400000000000006,456774636701154.562500
0.4614400000000001,0.0196,0.045200000000000004,456774636701154.562500
0.46145,0.0204,0.058,456774636701154.562500
0.4614600000000001,0.014,0.0548,456774636701154.562500
0.46147000000000005,0.0196,0.055600000000000004,456774636701154.562500
0.4614800000000001,0.0196,0.055600000000000004,456774636701154.562500
0.46149000000000007,0.0196,0.055600000000000004,456774636701154.562500
0.46150000000000013,0.0212,0.0572,456774636701154.562500
0.4615100000000001,0.022000000000000002,0.055600000000000004,456774636701154.562500
0.46152000000000004,0.0212,0.056400000000000006,456774636701154.562500
0.4615300000000001,0.0212,0.055600000000000004,456774636701154.562500
0.46154000000000006,0.0212,0.0548,456774636701154.562500
0.4615500000000001,0.022000000000000002,0.056400000000000006,456774636701154.562500
0.4615600000000001,0.0236,0.056400000000000006,456774636701154.562500
0.46157000000000004,0.022000000000000002,0.055600000000000004,456774636701154.562500
0.4615800000000001,0.022000000000000002,0.055600000000000004,456774636701154.562500
0.46159000000000006,0.022000000000000002,0.054,456774636701154.562500
0.4616000000000001,0.022000000000000002,0.0516,456774636701154.562500
0.4616100000000001,0.022000000000000002,0.053200000000000004,456774636701154.562500
0.46162000000000003,0.0228,0.058,456774636701154.562500
0.4616300000000001,0.0244,0.055600000000000004,456774636701154.562500
0.46164000000000005,0.0228,0.0572,456774636701154.562500
0.4616500000000001,0.0228,0.056400000000000006,456774636701154.562500
0.46166000000000007,0.0244,0.056400000000000006,456774636701154.562500
0.46167,0.026000000000000002,0.055600000000000004,456774636701154.562500
0.4616800000000001,0.0212,0.056400000000000006,456774636701154.562500
0.46169000000000004,0.0244,0.053200000000000004,456774636701154.562500
0.4617000000000001,0.0236,0.055600000000000004,456774636701154.562500
0.46171000000000006,0.0244,0.056400000000000006,456774636701154.562500
0.46172000000000013,0.0228,0.046,456774636701154.562500
0.4617300000000001,0.0244,0.0516,456774636701154.562500
0.46174000000000004,0.0244,0.056400000000000006,456774636701154.562500
0.4617500000000001,0.0228,0.055600000000000004,456774636701154.562500
0.46176000000000006,0.0236,0.056400000000000006,456774636701154.562500
0.4617700000000001,0.0236,0.0572,456774636701154.562500
0.4617800000000001,0.0236,0.055600000000000004,456774636701154.562500
0.46179000000000003,0.0228,0.053200000000000004,456774636701154.562500
0.4618000000000001,0.0228,0.056400000000000006,456774636701154.562500
0.46181000000000005,0.022000000000000002,0.0548,456774636701154.562500
0.4618200000000001,0.0244,0.054,456774636701154.562500
0.4618300000000001,0.0172,0.055600000000000004,456774636701154.562500
0.46184000000000003,0.022000000000000002,0.055600000000000004,456774636701154.562500
0.4618500000000001,0.0196,0.054,456774636701154.562500
0.46186000000000005,0.0204,0.055600000000000004,456774636701154.562500
0.4618700000000001,0.0204,0.058,456774636701154.562500
0.46188000000000007,0.0204,0.0524,456774636701154.562500
0.46189000000000013,0.0212,0.055600000000000004,456774636701154.562500
0.4619000000000001,0.022000000000000002,0.054,456774636701154.562500
0.46191000000000004,0.022000000000000002,0.056400000000000006,456774636701154.562500
0.4619200000000001,0.0228,0.0516,456774636701154.562500
0.46193000000000006,0.0244,0.048400000000000006,456774636701154.562500
0.46194000000000013,0.0212,0.0524,456774636701154.562500
0.4619500000000001,0.022000000000000002,0.056400000000000006,456774636701154.562500
0.46196000000000004,0.022000000000000002,0.0492,456774636701154.562500
0.4619700000000001,0.0252,0.055600000000000004,456774636701154.562500
0.46198000000000006,0.0228,0.055600000000000004,456774636701154.562500
0.4619900000000001,0.0188,0.0572,456774636701154.562500
0.4620000000000001,0.0204,0.056400000000000006,456774636701154.562500
0.46201000000000003,0.0172,0.054,456774636701154.562500
0.4620200000000001,0.0212,0.0548,456774636701154.562500
0.46203000000000005,0.0212,0.0572,456774636701154.562500
0.4620400000000001,0.0236,0.056400000000000006,456774636701154.562500
0.46205000000000007,0.0196,0.055600000000000004,456774636701154.562500
0.46206,0.0236,0.053200000000000004,456774636701154.562500
0.4620700000000001,0.0236,0.0492,456774636701154.562500
0.46208000000000005,0.0236,0.056400000000000006,456774636701154.562500
0.4620900000000001,0.022000000000000002,0.046,456774636701154.562500
0.46210000000000007,0.0228,0.0572,456774636701154.562500
0.46211000000000013,0.0196,0.056400000000000006,456774636701154.562500
0.4621200000000001,0.015600000000000001,0.055600000000000004,456774636701154.562500
0.46213000000000004,0.0188,0.056400000000000006,456774636701154.562500
0.4621400000000001,0.018000000000000002,0.054,456774636701154.562500
0.46215000000000006,0.022000000000000002,0.054,456774636701154.562500
0.4621600000000001,0.0212,0.056400000000000006,456774636701154.562500
0.4621700000000001,0.022000000000000002,0.0572,456774636701154.562500
0.46218000000000004,0.0228,0.055600000000000004,456774636701154.562500
0.4621900000000001,0.022000000000000002,0.058,456774636701154.562500
0.46220000000000006,0.0228,0.056400000000000006,456774636701154.562500
0.4622100000000001,0.0236,0.055600000000000004,456774636701154.562500
0.4622200000000001,0.0228,0.0548,456774636701154.562500
0.46223000000000003,0.0228,0.055600000000000004,456774636701154.562500
0.4622400000000001,0.022000000000000002,0.056400000000000006,456774636701154.562500
0.46225000000000005,0.022000000000000002,0.056400000000000006,456774636701154.562500
0.4622600000000001,0.022000000000000002,0.0548,456774636701154.562500
0.46227000000000007,0.0212,0.0572,456774636701154.562500
0.46228,0.0228,0.0548,456774636701154.562500
0.4622900000000001,0.022000000000000002,0.050800000000000005,456774636701154.562500
0.46230000000000004,0.0228,0.056400000000000006,456774636701154.562500
0.4623100000000001,0.0244,0.0516,456774636701154.562500
0.46232000000000006,0.0212,0.0572,456774636701154.562500
0.46233000000000013,0.022000000000000002,0.0572,456774636701154.562500
0.4623400000000001,0.0252,0.053200000000000004,456774636701154.562500
0.46235000000000004,0.0228,0.0524,456774636701154.562500
0.4623600000000001,0.026000000000000002,0.0548,456774636701154.562500
0.46237000000000006,0.0228,0.055600000000000004,456774636701154.562500
0.4623800000000001,0.0236,0.056400000000000006,456774636701154.562500
0.4623900000000001,0.0204,0.0548,456774636701154.562500
0.46240000000000003,0.022000000000000002,0.056400000000000006,456774636701154.562500
0.4624100000000001,0.022000000000000002,0.054,456774636701154.562500
0.46242000000000005,0.0212,0.0572,456774636701154.562500
0.4624300000000001,0.0228,0.0572,456774636701154.562500
0.4624400000000001,0.022000000000000002,0.055600000000000004,456774636701154.562500
0.46245,0.0212,0.056400000000000006,456774636701154.562500
0.4624600000000001,0.0212,0.056400000000000006,456774636701154.562500
0.46247000000000005,0.022000000000000002,0.0548,456774636701154.562500
0.4624800000000001,0.022000000000000002,0.056400000000000006,456774636701154.562500
0.46249000000000007,0.022000000000000002,0.053200000000000004,456774636701154.562500
0.46250000000000013,0.0212,0.056400000000000006,456774636701154.562500
0.4625100000000001,0.0212,0.058,456774636701154.562500
0.46252000000000004,0.022000000000000002,0.0548,456774636701154.562500
0.4625300000000001,0.022000000000000002,0.0572,456774636701154.562500
0.46254000000000006,0.022000000000000002,0.0548,456774636701154.562500
0.4625500000000001,0.0236,0.058,456774636701154.562500
0.4625600000000001,0.0236,0.056400000000000006,456774636701154.562500
0.46257000000000004,0.0236,0.0516,456774636701154.562500
0.4625800000000001,0.0228,0.0476,456774636701154.562500
0.46259000000000006,0.0164,0.054,456774636701154.562500
0.4626000000000001,0.0212,0.0444,456774636701154.562500
0.4626100000000001,0.0196,0.0572,456774636701154.562500
0.46262000000000003,0.0252,0.053200000000000004,456774636701154.562500
0.4626300000000001,0.0236,0.056400000000000006,456774636701154.562500
0.46264000000000005,0.0252,0.0572,456774636701154.562500
0.4626500000000001,0.0244,0.0572,456774636701154.562500
0.46266000000000007,0.0244,0.056400000000000006,456774636701154.562500
0.46267,0.0252,0.0548,456774636701154.562500
0.4626800000000001,0.0244,0.0572,456774636701154.562500
0.46269000000000005,0.0236,0.055600000000000004,456774636701154.562500
0.4627000000000001,0.0236,0.055600000000000004,456774636701154.562500
0.46271000000000007,0.0228,0.055600000000000004,456774636701154.562500
0.46272000000000013,0.0228,0.056400000000000006,456774636701154.562500
0.4627300000000001,0.0236,0.056400000000000006,456774636701154.562500
0.46274000000000004,0.0228,0.0548,456774636701154.562500
0.4627500000000001,0.0244,0.054,456774636701154.562500
0.46276000000000006,0.0228,0.056400000000000006,456774636701154.562500
0.4627700000000001,0.0212,0.058,456774636701154.562500
0.4627800000000001,0.0228,0.055600000000000004,456774636701154.562500
0.46279000000000003,0.0196,0.0516,456774636701154.562500
0.4628000000000001,0.0228,0.058,456774636701154.562500
0.46281000000000005,0.0212,0.056400000000000006,456774636701154.562500
0.4628200000000001,0.0212,0.055600000000000004,456774636701154.562500
0.4628300000000001,0.0196,0.0548,456774636701154.562500
0.46284000000000003,0.0244,0.055600000000000004,456774636701154.562500
0.4628500000000001,0.0236,0.0524,456774636701154.562500
0.46286000000000005,0.0196,0.056400000000000006,456774636701154.562500
0.4628700000000001,0.0236,0.0548,456774636701154.562500
0.46288000000000007,0.0236,0.055600000000000004,456774636701154.562500
0.46289,0.0228,0.042800000000000005,456774636701154.562500
0.4629000000000001,0.026000000000000002,0.0436,456774636701154.562500
0.46291000000000004,0.0252,0.0364,456774636701154.562500
0.4629200000000001,0.0228,0.050800000000000005,456774636701154.562500
0.46293000000000006,0.0236,0.045200000000000004,456774636701154.562500
0.46294000000000013,0.0236,0.0548,456774636701154.562500
0.4629500000000001,0.0244,0.0468,456774636701154.562500
0.46296000000000004,0.022000000000000002,0.055600000000000004,456774636701154.562500
0.4629700000000001,0.0244,0.0524,456774636701154.562500
0.46298000000000006,0.0228,0.055600000000000004,456774636701154.562500
0.4629900000000001,0.022000000000000002,0.050800000000000005,456774636701154.562500
0.4630000000000001,0.0228,0.0516,456774636701154.562500
0.46301000000000003,0.0244,0.053200000000000004,456774636701154.562500
0.4630200000000001,0.022000000000000002,0.0524,456774636701154.562500
0.46303000000000005,0.0244,0.050800000000000005,456774636701154.562500
0.4630400000000001,0.022000000000000002,0.056400000000000006,456774636701154.562500
0.4630500000000001,0.0212,0.055600000000000004,456774636701154.562500
0.46306,0.022000000000000002,0.055600000000000004,456774636701154.562500
0.4630700000000001,0.0228,0.0444,456774636701154.562500
0.46308000000000005,0.0204,0.0516,456774636701154.562500
0.4630900000000001,0.0212,0.0548,456774636701154.562500
0.46310000000000007,0.022000000000000002,0.055600000000000004,456774636701154.562500
0.46311000000000013,0.0204,0.055600000000000004,456774636701154.562500
0.4631200000000001,0.022000000000000002,0.05,456774636701154.562500
0.46313000000000004,0.0212,0.0572,456774636701154.562500
0.4631400000000001,0.0228,0.0572,456774636701154.562500
0.46315000000000006,0.0196,0.055600000000000004,456774636701154.562500
0.4631600000000001,0.0204,0.056400000000000006,456774636701154.562500
0.4631700000000001,0.0188,0.0548,456774636701154.562500
0.46318000000000004,0.0244,0.055600000000000004,456774636701154.562500
0.4631900000000001,0.0204,0.053200000000000004,456774636701154.562500
0.46320000000000006,0.0236,0.0548,456774636701154.562500
0.4632100000000001,0.0236,0.054,456774636701154.562500
0.4632200000000001,0.0244,0.0548,456774636701154.562500
0.46323000000000003,0.0244,0.0516,456774636701154.562500
0.4632400000000001,0.0188,0.055600000000000004,456774636701154.562500
0.46325000000000005,0.0244,0.0492,456774636701154.562500
0.4632600000000001,0.0228,0.055600000000000004,456774636701154.562500
0.46327000000000007,0.026000000000000002,0.0492,456774636701154.562500
0.46328,0.0236,0.055600000000000004,456774636701154.562500
0.4632900000000001,0.0244,0.042,456774636701154.562500
0.46330000000000005,0.0252,0.0516,456774636701154.562500
0.4633100000000001,0.022000000000000002,0.048400000000000006,456774636701154.562500
0.46332000000000007,0.0236,0.056400000000000006,456774636701154.562500
0.46333000000000013,0.0228,0.054,456774636701154.562500
0.4633400000000001,0.0204,0.0548,456774636701154.562500
0.46335000000000004,0.0236,0.055600000000000004,456774636701154.562500
0.4633600000000001,0.022000000000000002,0.055600000000000004,456774636701154.562500
0.46337000000000006,0.0228,0.0572,456774636701154.562500
0.4633800000000001,0.022000000000000002,0.055600000000000004,456774636701154.562500
0.4633900000000001,0.0204,0.0548,456774636701154.562500
0.46340000000000003,0.0212,0.0548,456774636701154.562500
0.4634100000000001,0.0212,0.0548,456774636701154.562500
0.46342000000000005,0.022000000000000002,0.0524,456774636701154.562500
0.4634300000000001,0.0204,0.05,456774636701154.562500
0.4634400000000001,0.0228,0.050800000000000005,456774636701154.562500
0.46345000000000003,0.0196,0.056400000000000006,456774636701154.562500
0.4634600000000001,0.022000000000000002,0.0516,456774636701154.562500
0.46347000000000005,0.0204,0.056400000000000006,456774636701154.562500
0.4634800000000001,0.0244,0.0548,456774636701154.562500
0.46349000000000007,0.0228,0.053200000000000004,456774636701154.562500
0.46350000000000013,0.0236,0.0548,456774636701154.562500
0.4635100000000001,0.0228,0.054,456774636701154.562500
0.46352000000000004,0.0244,0.055600000000000004,456774636701154.562500
0.4635300000000001,0.0244,0.0524,456774636701154.562500
0.46354000000000006,0.0236,0.055600000000000004,456774636701154.562500
0.46355000000000013,0.0212,0.055600000000000004,456774636701154.562500
0.4635600000000001,0.0244,0.0524,456774636701154.562500
0.46357000000000004,0.018000000000000002,0.055600000000000004,456774636701154.562500
0.4635800000000001,0.0252,0.055600000000000004,456774636701154.562500
0.46359000000000006,0.0228,0.056400000000000006,456774636701154.562500
0.4636000000000001,0.0212,0.055600000000000004,456774636701154.562500
0.4636100000000001,0.0244,0.054,456774636701154.562500
0.46362000000000003,0.0204,0.0492,456774636701154.562500
0.4636300000000001,0.0204,0.054,456774636701154.562500
0.46364000000000005,0.0212,0.0492,456774636701154.562500
0.4636500000000001,0.0196,0.055600000000000004,456774636701154.562500
0.46366000000000007,0.0196,0.054,456774636701154.562500
0.46367,0.0236,0.055600000000000004,456774636701154.562500
0.4636800000000001,0.0212,0.0524,456774636701154.562500
0.46369000000000005,0.0212,0.054,456774636701154.562500
0.4637000000000001,0.0212,0.055600000000000004,456774636701154.562500
0.46371000000000007,0.0212,0.056400000000000006,456774636701154.562500
0.46372000000000013,0.0212,0.050800000000000005,456774636701154.562500
0.4637300000000001,0.022000000000000002,0.055600000000000004,456774636701154.562500
0.46374000000000004,0.022000000000000002,0.0516,456774636701154.562500
0.4637500000000001,0.022000000000000002,0.056400000000000006,456774636701154.562500
0.46376000000000006,0.0204,0.0468,456774636701154.562500
0.4637700000000001,0.0228,0.0572,456774636701154.562500
0.4637800000000001,0.0228,0.054,456774636701154.562500
0.46379000000000004,0.0244,0.0548,456774636701154.562500
0.4638000000000001,0.0228,0.0548,456774636701154.562500
0.46381000000000006,0.022000000000000002,0.056400000000000006,456774636701154.562500
0.4638200000000001,0.0236,0.055600000000000004,456774636701154.562500
0.4638300000000001,0.018000000000000002,0.054,456774636701154.562500
0.46384000000000003,0.0244,0.054,456774636701154.562500
0.4638500000000001,0.0244,0.055600000000000004,456774636701154.562500
0.46386000000000005,0.0244,0.0548,456774636701154.562500
0.4638700000000001,0.0244,0.0548,456774636701154.562500
0.46388000000000007,0.0244,0.0548,456774636701154.562500
0.46389,0.0252,0.050800000000000005,456774636701154.562500
0.4639000000000001,0.0236,0.0524,456774636701154.562500
0.46391000000000004,0.0212,0.0412,456774636701154.562500
0.4639200000000001,0.022000000000000002,0.053200000000000004,456774636701154.562500
0.46393000000000006,0.022000000000000002,0.0524,456774636701154.562500
0.46394000000000013,0.0228,0.055600000000000004,456774636701154.562500
0.4639500000000001,0.0212,0.0476,456774636701154.562500
0.46396000000000004,0.022000000000000002,0.056400000000000006,456774636701154.562500
0.4639700000000001,0.0228,0.058,456774636701154.562500
0.46398000000000006,0.022000000000000002,0.054,456774636701154.562500
0.4639900000000001,0.0212,0.058,456774636701154.562500
0.4640000000000001,0.0228,0.0524,456774636701154.562500
0.46401000000000003,0.022000000000000002,0.056400000000000006,456774636701154.562500
0.4640200000000001,0.0212,0.056400000000000006,456774636701154.562500
0.46403000000000005,0.0228,0.054,456774636701154.562500
0.4640400000000001,0.0212,0.0524,456774636701154.562500
0.4640500000000001,0.0228,0.053200000000000004,456774636701154.562500
0.46406000000000003,0.022000000000000002,0.0516,456774636701154.562500
0.4640700000000001,0.0228,0.058,456774636701154.562500
0.46408000000000005,0.022000000000000002,0.0396,456774636701154.562500
0.4640900000000001,0.0228,0.0516,456774636701154.562500
0.46410000000000007,0.0228,0.0468,456774636701154.562500
0.46411000000000013,0.0228,0.054,456774636701154.562500
0.4641200000000001,0.0244,0.042800000000000005,456774636701154.562500
0.46413000000000004,0.0244,0.053200000000000004,456774636701154.562500
0.4641400000000001,0.0228,0.048400000000000006,456774636701154.562500
0.46415000000000006,0.0244,0.056400000000000006,456774636701154.562500
0.46416000000000013,0.0244,0.0572,456774636701154.562500
0.4641700000000001,0.0252,0.0572,456774636701154.562500
0.46418000000000004,0.0244,0.0572,456774636701154.562500
0.4641900000000001,0.0252,0.056400000000000006,456774636701154.562500
0.46420000000000006,0.0236,0.056400000000000006,456774636701154.562500
0.4642100000000001,0.0228,0.054,456774636701154.562500
0.4642200000000001,0.0244,0.0396,456774636701154.562500
0.46423000000000003,0.0196,0.0516,456774636701154.562500
0.4642400000000001,0.0244,0.054,456774636701154.562500
0.46425000000000005,0.0228,0.056400000000000006,456774636701154.562500
0.4642600000000001,0.0188,0.056400000000000006,456774636701154.562500
0.46427000000000007,0.022000000000000002,0.0548,456774636701154.562500
0.46428,0.0212,0.05,456774636701154.562500
0.4642900000000001,0.0204,0.0572,456774636701154.562500
0.46430000000000005,0.0228,0.056400000000000006,456774636701154.562500
0.4643100000000001,0.0212,0.055600000000000004,456774636701154.562500
0.46432000000000007,0.0228,0.055600000000000004,456774636701154.562500
0.46433000000000013,0.0212,0.056400000000000006,456774636701154.562500
0.4643400000000001,0.0212,0.050800000000000005,456774636701154.562500
0.46435000000000004,0.0228,0.056400000000000006,456774636701154.562500
0.4643600000000001,0.0196,0.054,456774636701154.562500
0.46437000000000006,0.0228,0.054,456774636701154.562500
0.4643800000000001,0.022000000000000002,0.056400000000000006,456774636701154.562500
0.4643900000000001,0.0236,0.0572,456774636701154.562500
0.46440000000000003,0.0236,0.055600000000000004,456774636701154.562500
0.4644100000000001,0.0228,0.053200000000000004,456774636701154.562500
0.46442000000000005,0.0236,0.054,456774636701154.562500
0.4644300000000001,0.0244,0.055600000000000004,456774636701154.562500
0.4644400000000001,0.0212,0.055600000000000004,456774636701154.562500
0.46445000000000003,0.0228,0.056400000000000006,456774636701154.562500
0.4644600000000001,0.0212,0.050800000000000005,456774636701154.562500
0.46447000000000005,0.0244,0.0476,456774636701154.562500
0.4644800000000001,0.0236,0.0524,456774636701154.562500
0.46449000000000007,0.0212,0.05,456774636701154.562500
0.4645,0.0228,0.055600000000000004,456774636701154.562500
0.4645100000000001,0.0228,0.056400000000000006,456774636701154.562500
0.46452000000000004,0.022000000000000002,0.055600000000000004,456774636701154.562500
0.4645300000000001,0.0244,0.0524,456774636701154.562500
0.46454000000000006,0.022000000000000002,0.0524,456774636701154.562500
0.46455000000000013,0.0236,0.0548,456774636701154.562500
0.4645600000000001,0.022000000000000002,0.056400000000000006,456774636701154.562500
0.46457000000000004,0.0204,0.055600000000000004,456774636701154.562500
0.4645800000000001,0.0212,0.0548,456774636701154.562500
0.46459000000000006,0.018000000000000002,0.054,456774636701154.562500
0.4646000000000001,0.0212,0.053200000000000004,456774636701154.562500
0.4646100000000001,0.0212,0.050800000000000005,456774636701154.562500
0.46462000000000003,0.0236,0.05,456774636701154.562500
0.4646300000000001,0.0236,0.0572,456774636701154.562500
0.46464000000000005,0.0228,0.0468,456774636701154.562500
0.4646500000000001,0.0212,0.0548,456774636701154.562500
0.4646600000000001,0.0228,0.0492,456774636701154.562500
0.46467,0.0212,0.050800000000000005,456774636701154.562500
0.4646800000000001,0.022000000000000002,0.055600000000000004,456774636701154.562500
0.46469000000000005,0.022000000000000002,0.0548,456774636701154.562500
0.4647000000000001,0.022000000000000002,0.055600000000000004,456774636701154.562500
0.46471000000000007,0.0236,0.0524,456774636701154.562500
0.46472000000000013,0.0236,0.056400000000000006,456774636701154.562500
0.4647300000000001,0.0236,0.053200000000000004,456774636701154.562500
0.46474000000000004,0.0244,0.0516,456774636701154.562500
0.4647500000000001,0.0244,0.056400000000000006,456774636701154.562500
0.46476000000000006,0.0228,0.058,456774636701154.562500
0.4647700000000001,0.026000000000000002,0.054,456774636701154.562500
0.4647800000000001,0.0236,0.0516,456774636701154.562500
0.46479000000000004,0.0236,0.050800000000000005,456774636701154.562500
0.4648000000000001,0.0196,0.0548,456774636701154.562500
0.46481000000000006,0.0212,0.0436,456774636701154.562500
0.4648200000000001,0.018000000000000002,0.053200000000000004,456774636701154.562500
0.4648300000000001,0.0228,0.0436,456774636701154.562500
0.46484000000000003,0.0244,0.050800000000000005,456774636701154.562500
0.4648500000000001,0.022000000000000002,0.0364,456774636701154.562500
0.46486000000000005,0.0236,0.053200000000000004,456774636701154.562500
0.4648700000000001,0.0196,0.048400000000000006,456774636701154.562500
0.46488000000000007,0.0212,0.056400000000000006,456774636701154.562500
0.46489,0.018000000000000002,0.055600000000000004,456774636701154.562500
0.4649000000000001,0.0228,0.055600000000000004,456774636701154.562500
0.46491000000000005,0.0212,0.056400000000000006,456774636701154.562500
0.4649200000000001,0.0196,0.0548,456774636701154.562500
0.46493000000000007,0.0204,0.0572,456774636701154.562500
0.46494000000000013,0.0196,0.0548,456774636701154.562500
0.4649500000000001,0.0212,0.0572,456774636701154.562500
0.46496000000000004,0.0204,0.056400000000000006,456774636701154.562500
0.4649700000000001,0.0236,0.056400000000000006,456774636701154.562500
0.46498000000000006,0.0228,0.053200000000000004,456774636701154.562500
0.4649900000000001,0.0204,0.054,456774636701154.562500
0.4650000000000001,0.0236,0.0548,456774636701154.562500
0.46501000000000003,0.022000000000000002,0.0516,456774636701154.562500
0.4650200000000001,0.0228,0.056400000000000006,456774636701154.562500
0.46503000000000005,0.0244,0.0516,456774636701154.562500
0.4650400000000001,0.0236,0.053200000000000004,456774636701154.562500
0.4650500000000001,0.0212,0.05,456774636701154.562500
0.46506000000000003,0.0196,0.0548,456774636701154.562500
0.4650700000000001,0.022000000000000002,0.056400000000000006,456774636701154.562500
0.46508000000000005,0.018000000000000002,0.056400000000000006,456774636701154.562500
0.4650900000000001,0.0244,0.053200000000000004,456774636701154.562500
0.46510000000000007,0.018000000000000002,0.0572,456774636701154.562500
0.46511000000000013,0.0244,0.053200000000000004,456774636701154.562500
0.4651200000000001,0.0228,0.055600000000000004,456774636701154.562500
0.46513000000000004,0.0236,0.055600000000000004,456774636701154.562500
0.4651400000000001,0.0196,0.058,456774636701154.562500
0.46515000000000006,0.0228,0.056400000000000006,456774636701154.562500
0.46516000000000013,0.0196,0.046,456774636701154.562500
0.4651700000000001,0.0212,0.055600000000000004,456774636701154.562500
0.46518000000000004,0.018000000000000002,0.0572,456774636701154.562500
0.4651900000000001,0.0212,0.056400000000000006,456774636701154.562500
0.46520000000000006,0.0204,0.053200000000000004,456774636701154.562500
0.4652100000000001,0.0212,0.058,456774636701154.562500
0.4652200000000001,0.0188,0.0492,456774636701154.562500
0.46523000000000003,0.0228,0.0548,456774636701154.562500
0.4652400000000001,0.022000000000000002,0.054,456774636701154.562500
0.46525000000000005,0.0228,0.056400000000000006,456774636701154.562500
0.4652600000000001,0.018000000000000002,0.050800000000000005,456774636701154.562500
0.4652700000000001,0.0228,0.055600000000000004,456774636701154.562500
0.46528,0.0172,0.0548,456774636701154.562500
0.4652900000000001,0.0228,0.05,456774636701154.562500
0.46530000000000005,0.022000000000000002,0.0516,456774636701154.562500
0.4653100000000001,0.022000000000000002,0.0548,456774636701154.562500
0.46532000000000007,0.0204,0.0548,456774636701154.562500
0.46533000000000013,0.0244,0.0524,456774636701154.562500
0.4653400000000001,0.0244,0.055600000000000004,456774636701154.562500
0.46535000000000004,0.0236,0.0548,456774636701154.562500
0.4653600000000001,0.0244,0.050800000000000005,456774636701154.562500
0.46537000000000006,0.0236,0.055600000000000004,456774636701154.562500
0.4653800000000001,0.0236,0.053200000000000004,456774636701154.562500
0.4653900000000001,0.0228,0.056400000000000006,456774636701154.562500
0.46540000000000004,0.0252,0.046,456774636701154.562500
0.4654100000000001,0.0236,0.058,456774636701154.562500
0.46542000000000006,0.0244,0.05,456774636701154.562500
0.4654300000000001,0.022000000000000002,0.055600000000000004,456774636701154.562500
0.4654400000000001,0.0236,0.050800000000000005,456774636701154.562500
0.46545000000000003,0.0212,0.056400000000000006,456774636701154.562500
0.4654600000000001,0.0228,0.0524,456774636701154.562500
0.46547000000000005,0.0204,0.056400000000000006,456774636701154.562500
0.4654800000000001,0.0204,0.055600000000000004,456774636701154.562500
0.46549000000000007,0.0212,0.0572,456774636701154.562500
0.4655,0.0212,0.0548,456774636701154.562500
0.4655100000000001,0.0204,0.0524,456774636701154.562500
0.46552000000000004,0.022000000000000002,0.050800000000000005,456774636701154.562500
0.4655300000000001,0.022000000000000002,0.054,456774636701154.562500
0.46554000000000006,0.0236,0.050800000000000005,456774636701154.562500
0.46555000000000013,0.022000000000000002,0.048400000000000006,456774636701154.562500
0.4655600000000001,0.0236,0.0572,456774636701154.562500
0.46557000000000004,0.0196,0.055600000000000004,456774636701154.562500
0.4655800000000001,0.0172,0.056400000000000006,456774636701154.562500
0.46559000000000006,0.0212,0.0524,456774636701154.562500
0.4656000000000001,0.0204,0.056400000000000006,456774636701154.562500
0.4656100000000001,0.0244,0.054,456774636701154.562500
0.46562000000000003,0.0244,0.0572,456774636701154.562500
0.4656300000000001,0.0252,0.055600000000000004,456774636701154.562500
0.46564000000000005,0.0244,0.058,456774636701154.562500
0.4656500000000001,0.0268,0.054,456774636701154.562500
0.4656600000000001,0.0228,0.058,456774636701154.562500
0.46567000000000003,0.0228,0.0492,456774636701154.562500
0.4656800000000001,0.0236,0.056400000000000006,456774636701154.562500
0.46569000000000005,0.022000000000000002,0.0524,456774636701154.562500
0.4657000000000001,0.0244,0.05,456774636701154.562500
0.46571000000000007,0.0228,0.0548,456774636701154.562500
0.46572000000000013,0.0244,0.0524,456774636701154.562500
0.4657300000000001,0.0212,0.056400000000000006,456774636701154.562500
0.46574000000000004,0.0228,0.055600000000000004,456774636701154.562500
0.4657500000000001,0.0212,0.054,456774636701154.562500
0.46576000000000006,0.0196,0.0572,456774636701154.562500
0.46577000000000013,0.0204,0.056400000000000006,456774636701154.562500
0.4657800000000001,0.0212,0.056400000000000006,456774636701154.562500
0.46579000000000004,0.022000000000000002,0.0516,456774636701154.562500
0.4658000000000001,0.0212,0.058,456774636701154.562500
0.46581000000000006,0.022000000000000002,0.0572,456774636701154.562500
0.4658200000000001,0.0212,0.05,456774636701154.562500
0.4658300000000001,0.022000000000000002,0.0572,456774636701154.562500
0.46584000000000003,0.0204,0.055600000000000004,456774636701154.562500
0.4658500000000001,0.0228,0.0548,456774636701154.562500
0.46586000000000005,0.022000000000000002,0.056400000000000006,456774636701154.562500
0.4658700000000001,0.0228,0.0548,456774636701154.562500
0.46588000000000007,0.0188,0.0524,456774636701154.562500
0.46589,0.0236,0.056400000000000006,456774636701154.562500
0.4659000000000001,0.0236,0.0524,456774636701154.562500
0.46591000000000005,0.0228,0.0572,456774636701154.562500
0.4659200000000001,0.0244,0.0572,456774636701154.562500
0.46593000000000007,0.022000000000000002,0.056400000000000006,456774636701154.562500
0.46594000000000013,0.0236,0.055600000000000004,456774636701154.562500
0.4659500000000001,0.026000000000000002,0.053200000000000004,456774636701154.562500
0.46596000000000004,0.022000000000000002,0.058,456774636701154.562500
0.4659700000000001,0.0244,0.054,456774636701154.562500
0.46598000000000006,0.022000000000000002,0.0516,456774636701154.562500
0.4659900000000001,0.0236,0.054,456774636701154.562500
0.4660000000000001,0.0228,0.054,456774636701154.562500
0.46601000000000004,0.0244,0.0516,456774636701154.562500
0.4660200000000001,0.0236,0.05,456774636701154.562500
0.46603000000000006,0.0228,0.045200000000000004,456774636701154.562500
0.4660400000000001,0.0252,0.0412,456774636701154.562500
0.4660500000000001,0.0228,0.054,456774636701154.562500
0.46606000000000003,0.0228,0.054,456774636701154.562500
0.4660700000000001,0.022000000000000002,0.056400000000000006,456774636701154.562500
0.46608000000000005,0.022000000000000002,0.0572,456774636701154.562500
0.4660900000000001,0.0172,0.054,456774636701154.562500
0.46610000000000007,0.022000000000000002,0.0516,456774636701154.562500
0.46611,0.0212,0.042,456774636701154.562500
0.4661200000000001,0.0236,0.0444,456774636701154.562500
0.46613000000000004,0.0196,0.0436,456774636701154.562500
0.4661400000000001,0.0212,0.055600000000000004,456774636701154.562500
0.46615000000000006,0.0204,0.053200000000000004,456774636701154.562500
0.46616000000000013,0.0212,0.056400000000000006,456774636701154.562500
0.4661700000000001,0.0204,0.0572,456774636701154.562500
0.46618000000000004,0.0196,0.055600000000000004,456774636701154.562500
0.4661900000000001,0.0196,0.054,456774636701154.562500
0.46620000000000006,0.0204,0.0548,456774636701154.562500
0.4662100000000001,0.0188,0.045200000000000004,456774636701154.562500
0.4662200000000001,0.022000000000000002,0.055600000000000004,456774636701154.562500
0.46623000000000003,0.0236,0.056400000000000006,456774636701154.562500
0.4662400000000001,0.0228,0.056400000000000006,456774636701154.562500
0.46625000000000005,0.0252,0.055600000000000004,456774636701154.562500
0.4662600000000001,0.022000000000000002,0.056400000000000006,456774636701154.562500
0.4662700000000001,0.0244,0.054,456774636701154.562500
0.46628000000000003,0.0228,0.058,456774636701154.562500
0.4662900000000001,0.0236,0.056400000000000006,456774636701154.562500
0.46630000000000005,0.0236,0.055600000000000004,456774636701154.562500
0.4663100000000001,0.0236,0.055600000000000004,456774636701154.562500
0.46632000000000007,0.0228,0.055600000000000004,456774636701154.562500
0.46633000000000013,0.022000000000000002,0.056400000000000006,456774636701154.562500
0.4663400000000001,0.0228,0.045200000000000004,456774636701154.562500
0.46635000000000004,0.0236,0.055600000000000004,456774636701154.562500
0.4663600000000001,0.0212,0.048400000000000006,456774636701154.562500
0.46637000000000006,0.022000000000000002,0.056400000000000006,456774636701154.562500
0.46638000000000013,0.022000000000000002,0.046,456774636701154.562500
0.4663900000000001,0.022000000000000002,0.054,456774636701154.562500
0.46640000000000004,0.0196,0.0548,456774636701154.562500
0.4664100000000001,0.022000000000000002,0.05,456774636701154.562500
0.46642000000000006,0.0228,0.0572,456774636701154.562500
0.4664300000000001,0.0196,0.05,456774636701154.562500
0.4664400000000001,0.022000000000000002,0.053200000000000004,456774636701154.562500
0.46645000000000003,0.0196,0.055600000000000004,456774636701154.562500
0.4664600000000001,0.0228,0.0548,456774636701154.562500
0.46647000000000005,0.022000000000000002,0.0524,456774636701154.562500
0.4664800000000001,0.0212,0.0572,456774636701154.562500
0.46649000000000007,0.0204,0.056400000000000006,456774636701154.562500
0.4665,0.0228,0.050800000000000005,456774636701154.562500
0.4665100000000001,0.022000000000000002,0.055600000000000004,456774636701154.562500
0.46652000000000005,0.0212,0.055600000000000004,456774636701154.562500
0.4665300000000001,0.0204,0.055600000000000004,456774636701154.562500
0.46654000000000007,0.0236,0.0548,456774636701154.562500
0.46655000000000013,0.0212,0.055600000000000004,456774636701154.562500
0.4665600000000001,0.0236,0.0548,456774636701154.562500
0.46657000000000004,0.0244,0.0572,456774636701154.562500
0.4665800000000001,0.0252,0.0524,456774636701154.562500
0.46659000000000006,0.0244,0.0548,456774636701154.562500
0.4666000000000001,0.0244,0.0476,456774636701154.562500
0.4666100000000001,0.0236,0.0548,456774636701154.562500
0.46662000000000003,0.0212,0.0476,456774636701154.562500
0.4666300000000001,0.022000000000000002,0.0572,456774636701154.562500
0.46664000000000005,0.0244,0.0524,456774636701154.562500
0.4666500000000001,0.0196,0.055600000000000004,456774636701154.562500
0.4666600000000001,0.022000000000000002,0.054,456774636701154.562500
0.46667000000000003,0.0212,0.05,456774636701154.562500
0.4666800000000001,0.0204,0.0548,456774636701154.562500
0.46669000000000005,0.0236,0.056400000000000006,456774636701154.562500
0.4667000000000001,0.022000000000000002,0.0572,456774636701154.562500
0.46671000000000007,0.0236,0.053200000000000004,456774636701154.562500
0.46672,0.0204,0.0524,456774636701154.562500
0.4667300000000001,0.0212,0.0516,456774636701154.562500
0.46674000000000004,0.0212,0.054,456774636701154.562500
0.4667500000000001,0.0212,0.0548,456774636701154.562500
0.46676000000000006,0.0228,0.0524,456774636701154.562500
0.46677000000000013,0.022000000000000002,0.038,456774636701154.562500
0.4667800000000001,0.022000000000000002,0.0524,456774636701154.562500
0.46679000000000004,0.0204,0.0524,456774636701154.562500
0.4668000000000001,0.0228,0.0572,456774636701154.562500
0.46681000000000006,0.022000000000000002,0.0572,456774636701154.562500
0.4668200000000001,0.0164,0.0524,456774636701154.562500
0.4668300000000001,0.0244,0.0572,456774636701154.562500
0.46684000000000003,0.0188,0.050800000000000005,456774636701154.562500
0.4668500000000001,0.0228,0.0572,456774636701154.562500
0.46686000000000005,0.0212,0.0492,456774636701154.562500
0.4668700000000001,0.0236,0.056400000000000006,456774636701154.562500
0.4668800000000001,0.0196,0.050800000000000005,456774636701154.562500
0.46689,0.022000000000000002,0.058,456774636701154.562500
0.4669000000000001,0.0236,0.042800000000000005,456774636701154.562500
0.46691000000000005,0.0236,0.0548,456774636701154.562500
0.4669200000000001,0.022000000000000002,0.053200000000000004,456774636701154.562500
0.46693000000000007,0.0236,0.055600000000000004,456774636701154.562500
0.46694000000000013,0.0244,0.0548,456774636701154.562500
0.4669500000000001,0.0236,0.0524,456774636701154.562500
0.46696000000000004,0.0236,0.056400000000000006,456774636701154.562500
0.4669700000000001,0.022000000000000002,0.056400000000000006,456774636701154.562500
0.46698000000000006,0.0228,0.055600000000000004,456774636701154.562500
0.4669900000000001,0.022000000000000002,0.0476,456774636701154.562500
0.4670000000000001,0.0236,0.054,456774636701154.562500
0.46701000000000004,0.018000000000000002,0.05,456774636701154.562500
0.4670200000000001,0.0228,0.0572,456774636701154.562500
0.46703000000000006,0.022000000000000002,0.054,456774636701154.562500
0.4670400000000001,0.0204,0.0524,456774636701154.562500
0.4670500000000001,0.022000000000000002,0.053200000000000004,456774636701154.562500
0.46706000000000003,0.0188,0.053200000000000004,456774636701154.562500
0.4670700000000001,0.0212,0.0548,456774636701154.562500
0.46708000000000005,0.0204,0.054,456774636701154.562500
0.4670900000000001,0.0188,0.058,456774636701154.562500
0.46710000000000007,0.0188,0.0492,456774636701154.562500
0.46711,0.0228,0.056400000000000006,456774636701154.562500
0.4671200000000001,0.0188,0.053200000000000004,456774636701154.562500
0.46713000000000005,0.0236,0.0548,456774636701154.562500
0.4671400000000001,0.022000000000000002,0.053200000000000004,456774636701154.562500
0.46715000000000007,0.0196,0.055600000000000004,456774636701154.562500
0.46716000000000013,0.0228,0.053200000000000004,456774636701154.562500
0.4671700000000001,0.022000000000000002,0.055600000000000004,456774636701154.562500
0.46718000000000004,0.0236,0.0492,456774636701154.562500
0.4671900000000001,0.022000000000000002,0.0548,456774636701154.562500
0.46720000000000006,0.022000000000000002,0.0516,456774636701154.562500
0.4672100000000001,0.0236,0.0572,456774636701154.562500
0.4672200000000001,0.0236,0.0524,456774636701154.562500
0.46723000000000003,0.0244,0.055600000000000004,456774636701154.562500
0.4672400000000001,0.0252,0.0548,456774636701154.562500
0.46725000000000005,0.0212,0.054,456774636701154.562500
0.4672600000000001,0.0236,0.0548,456774636701154.562500
0.4672700000000001,0.022000000000000002,0.054,456774636701154.562500
0.46728000000000003,0.022000000000000002,0.058,456774636701154.562500
0.4672900000000001,0.0204,0.055600000000000004,456774636701154.562500
0.46730000000000005,0.0236,0.0516,456774636701154.562500
0.4673100000000001,0.0204,0.055600000000000004,456774636701154.562500
0.46732000000000007,0.0196,0.0492,456774636701154.562500
0.46733000000000013,0.0212,0.054,456774636701154.562500
0.4673400000000001,0.0212,0.0476,456774636701154.562500
0.46735000000000004,0.0204,0.055600000000000004,456774636701154.562500
0.4673600000000001,0.022000000000000002,0.053200000000000004,456774636701154.562500
0.46737000000000006,0.0228,0.0572,456774636701154.562500
0.46738000000000013,0.022000000000000002,0.0524,456774636701154.562500
0.4673900000000001,0.0228,0.0468,456774636701154.562500
0.46740000000000004,0.0228,0.0436,456774636701154.562500
0.4674100000000001,0.0236,0.055600000000000004,456774636701154.562500
0.46742000000000006,0.022000000000000002,0.0516,456774636701154.562500
0.4674300000000001,0.0236,0.0492,456774636701154.562500
0.4674400000000001,0.0228,0.0548,456774636701154.562500
0.46745000000000003,0.0204,0.046,456774636701154.562500
0.4674600000000001,0.0228,0.0572,456774636701154.562500
0.46747000000000005,0.018000000000000002,0.053200000000000004,456774636701154.562500
0.4674800000000001,0.0244,0.056400000000000006,456774636701154.562500
0.46749000000000007,0.0252,0.054,456774636701154.562500
0.4675,0.0236,0.050800000000000005,456774636701154.562500
0.4675100000000001,0.0212,0.055600000000000004,456774636701154.562500
0.46752000000000005,0.0244,0.0516,456774636701154.562500
0.4675300000000001,0.0164,0.0572,456774636701154.562500
0.46754000000000007,0.0236,0.048400000000000006,456774636701154.562500
0.46755000000000013,0.0204,0.0572,456774636701154.562500
0.4675600000000001,0.0236,0.048400000000000006,456774636701154.562500
0.46757000000000004,0.0172,0.0524,456774636701154.562500
0.4675800000000001,0.0236,0.056400000000000006,456774636701154.562500
0.46759000000000006,0.018000000000000002,0.056400000000000006,456774636701154.562500
0.4676000000000001,0.0212,0.056400000000000006,456774636701154.562500
0.4676100000000001,0.0228,0.055600000000000004,456774636701154.562500
0.46762000000000004,0.0228,0.05,456774636701154.562500
0.4676300000000001,0.022000000000000002,0.056400000000000006,456774636701154.562500
0.46764000000000006,0.022000000000000002,0.05,456774636701154.562500
0.4676500000000001,0.022000000000000002,0.056400000000000006,456774636701154.562500
0.4676600000000001,0.0212,0.054,456774636701154.562500
0.46767000000000003,0.0228,0.054,456774636701154.562500
0.4676800000000001,0.0212,0.0548,456774636701154.562500
0.46769000000000005,0.022000000000000002,0.050800000000000005,456774636701154.562500
0.4677000000000001,0.0228,0.056400000000000006,456774636701154.562500
0.46771000000000007,0.022000000000000002,0.050800000000000005,456774636701154.562500
0.46772,0.0204,0.0572,456774636701154.562500
0.4677300000000001,0.0228,0.050800000000000005,456774636701154.562500
0.46774000000000004,0.0212,0.054,456774636701154.562500
0.4677500000000001,0.0236,0.053200000000000004,456774636701154.562500
0.46776000000000006,0.022000000000000002,0.054,456774636701154.562500
0.46777000000000013,0.0244,0.045200000000000004,456774636701154.562500
0.4677800000000001,0.022000000000000002,0.0572,456774636701154.562500
0.46779000000000004,0.0228,0.0492,456774636701154.562500
0.4678000000000001,0.0236,0.056400000000000006,456774636701154.562500
0.46781000000000006,0.0204,0.054,456774636701154.562500
0.4678200000000001,0.0252,0.053200000000000004,456774636701154.562500
0.4678300000000001,0.0196,0.0548,456774636701154.562500
0.46784000000000003,0.0228,0.048400000000000006,456774636701154.562500
0.4678500000000001,0.0236,0.056400000000000006,456774636701154.562500
0.46786000000000005,0.0236,0.050800000000000005,456774636701154.562500
0.4678700000000001,0.0228,0.056400000000000006,456774636701154.562500
0.4678800000000001,0.0236,0.0524,456774636701154.562500
0.46789000000000003,0.0228,0.053200000000000004,456774636701154.562500
0.4679000000000001,0.0228,0.0572,456774636701154.562500
0.46791000000000005,0.0236,0.0492,456774636701154.562500
0.4679200000000001,0.0204,0.0572,456774636701154.562500
0.46793000000000007,0.022000000000000002,0.054,456774636701154.562500
0.46794000000000013,0.0188,0.055600000000000004,456774636701154.562500
0.4679500000000001,0.0228,0.0492,456774636701154.562500
0.46796000000000004,0.0212,0.056400000000000006,456774636701154.562500
0.4679700000000001,0.0212,0.050800000000000005,456774636701154.562500
0.46798000000000006,0.0204,0.0572,456774636701154.562500
0.46799000000000013,0.022000000000000002,0.05,456774636701154.562500
0.4680000000000001,0.0212,0.0548,456774636701154.562500
0.46801000000000004,0.0196,0.048400000000000006,456774636701154.562500
0.4680200000000001,0.022000000000000002,0.0548,456774636701154.562500
0.46803000000000006,0.0172,0.0492,456774636701154.562500
0.4680400000000001,0.0228,0.038,456774636701154.562500
0.4680500000000001,0.022000000000000002,0.055600000000000004,456774636701154.562500
0.46806000000000003,0.0236,0.046,456774636701154.562500
0.4680700000000001,0.0228,0.055600000000000004,456774636701154.562500
0.46808000000000005,0.0236,0.05,456774636701154.562500
0.4680900000000001,0.0236,0.054,456774636701154.562500
0.46810000000000007,0.0236,0.0436,456774636701154.562500
0.46811,0.0236,0.053200000000000004,456774636701154.562500
0.4681200000000001,0.0236,0.0444,456774636701154.562500
0.46813000000000005,0.0244,0.058,456774636701154.562500
0.4681400000000001,0.0236,0.0524,456774636701154.562500
0.46815000000000007,0.0212,0.0548,456774636701154.562500
0.46816000000000013,0.0236,0.0492,456774636701154.562500
0.4681700000000001,0.022000000000000002,0.055600000000000004,456774636701154.562500
0.46818000000000004,0.0204,0.054,456774636701154.562500
0.4681900000000001,0.022000000000000002,0.055600000000000004,456774636701154.562500
0.46820000000000006,0.022000000000000002,0.050800000000000005,456774636701154.562500
0.4682100000000001,0.0228,0.0548,456774636701154.562500
0.4682200000000001,0.022000000000000002,0.0468,456774636701154.562500
0.46823000000000004,0.0204,0.054,456774636701154.562500
0.4682400000000001,0.0228,0.056400000000000006,456774636701154.562500
0.46825000000000006,0.0196,0.0524,456774636701154.562500
0.4682600000000001,0.0228,0.055600000000000004,456774636701154.562500
0.4682700000000001,0.0212,0.0492,456774636701154.562500
0.46828000000000003,0.022000000000000002,0.056400000000000006,456774636701154.562500
0.4682900000000001,0.0172,0.055600000000000004,456774636701154.562500
0.46830000000000005,0.0228,0.0572,456774636701154.562500
0.4683100000000001,0.0196,0.0548,456774636701154.562500
0.46832000000000007,0.0228,0.055600000000000004,456774636701154.562500
0.46833,0.0212,0.056400000000000006,456774636701154.562500
0.4683400000000001,0.015600000000000001,0.053200000000000004,456774636701154.562500
0.46835000000000004,0.0228,0.058,456774636701154.562500
0.4683600000000001,0.0204,0.0476,456774636701154.562500
0.46837000000000006,0.0228,0.055600000000000004,456774636701154.562500
0.46838000000000013,0.0212,0.0476,456774636701154.562500
0.4683900000000001,0.026000000000000002,0.05,456774636701154.562500
0.46840000000000004,0.0236,0.05,456774636701154.562500
0.4684100000000001,0.0228,0.055600000000000004,456774636701154.562500
0.46842000000000006,0.0236,0.055600000000000004,456774636701154.562500
0.4684300000000001,0.0212,0.058800000000000005,456774636701154.562500
0.4684400000000001,0.0196,0.05,456774636701154.562500
0.46845000000000003,0.022000000000000002,0.055600000000000004,456774636701154.562500
0.4684600000000001,0.022000000000000002,0.0524,456774636701154.562500
0.46847000000000005,0.0236,0.055600000000000004,456774636701154.562500
0.4684800000000001,0.022000000000000002,0.058,456774636701154.562500
0.4684900000000001,0.0212,0.054,456774636701154.562500
0.4685,0.0228,0.056400000000000006,456774636701154.562500
0.4685100000000001,0.0236,0.0548,456774636701154.562500
0.46852000000000005,0.0236,0.0572,456774636701154.562500
0.4685300000000001,0.0236,0.053200000000000004,456774636701154.562500
0.46854000000000007,0.022000000000000002,0.058,456774636701154.562500
0.46855000000000013,0.0204,0.0492,456774636701154.562500
0.4685600000000001,0.0228,0.053200000000000004,456774636701154.562500
0.46857000000000004,0.022000000000000002,0.0548,456774636701154.562500
0.4685800000000001,0.022000000000000002,0.054,456774636701154.562500
0.46859000000000006,0.022000000000000002,0.0516,456774636701154.562500
0.4686000000000001,0.022000000000000002,0.0572,456774636701154.562500
0.4686100000000001,0.0196,0.058,456774636701154.562500
0.46862000000000004,0.022000000000000002,0.05,456774636701154.562500
0.4686300000000001,0.022000000000000002,0.0524,456774636701154.562500
0.46864000000000006,0.0228,0.056400000000000006,456774636701154.562500
0.4686500000000001,0.022000000000000002,0.054,456774636701154.562500
0.4686600000000001,0.0196,0.054,456774636701154.562500
0.46867000000000003,0.0228,0.046,456774636701154.562500
0.4686800000000001,0.0236,0.055600000000000004,456774636701154.562500
0.46869000000000005,0.0228,0.0516,456774636701154.562500
0.4687000000000001,0.0252,0.0516,456774636701154.562500
0.46871000000000007,0.0252,0.048400000000000006,456774636701154.562500
0.46872,0.0236,0.056400000000000006,456774636701154.562500
0.4687300000000001,0.0244,0.0516,456774636701154.562500
0.46874000000000005,0.0236,0.056400000000000006,456774636701154.562500
0.4687500000000001,0.0236,0.056400000000000006,456774636701154.562500
0.46876000000000007,0.0252,0.048400000000000006,456774636701154.562500
0.46877000000000013,0.0228,0.0548,456774636701154.562500
0.4687800000000001,0.0236,0.054,456774636701154.562500
0.46879000000000004,0.0252,0.058800000000000005,456774636701154.562500
0.4688000000000001,0.0236,0.0492,456774636701154.562500
0.46881000000000006,0.0196,0.056400000000000006,456774636701154.562500
0.4688200000000001,0.0228,0.0516,456774636701154.562500
0.4688300000000001,0.022000000000000002,0.055600000000000004,456774636701154.562500
0.46884000000000003,0.0212,0.05,456774636701154.562500
0.4688500000000001,0.0236,0.056400000000000006,456774636701154.562500
0.46886000000000005,0.0212,0.058,456774636701154.562500
0.4688700000000001,0.0212,0.0548,456774636701154.562500
0.4688800000000001,0.0212,0.055600000000000004,456774636701154.562500
0.46889000000000003,0.0236,0.0468,456774636701154.562500
0.4689000000000001,0.0196,0.0572,456774636701154.562500
0.46891000000000005,0.0228,0.0548,456774636701154.562500
0.4689200000000001,0.022000000000000002,0.0572,456774636701154.562500
0.46893000000000007,0.0196,0.055600000000000004,456774636701154.562500
0.46894000000000013,0.022000000000000002,0.0572,456774636701154.562500
0.4689500000000001,0.0228,0.055600000000000004,456774636701154.562500
0.46896000000000004,0.0244,0.055600000000000004,456774636701154.562500
0.4689700000000001,0.0196,0.054,456774636701154.562500
0.46898000000000006,0.0212,0.056400000000000006,456774636701154.562500
0.46899000000000013,0.018000000000000002,0.054,456774636701154.562500
0.4690000000000001,0.0252,0.0548,456774636701154.562500
0.46901000000000004,0.0236,0.054,456774636701154.562500
0.4690200000000001,0.0228,0.0572,456774636701154.562500
0.46903000000000006,0.0228,0.0548,456774636701154.562500
0.4690400000000001,0.0236,0.0468,456774636701154.562500
0.4690500000000001,0.0204,0.0516,456774636701154.562500
0.46906000000000003,0.0244,0.0548,456774636701154.562500
0.4690700000000001,0.022000000000000002,0.054,456774636701154.562500
0.46908000000000005,0.0236,0.0572,456774636701154.562500
0.4690900000000001,0.0196,0.054,456774636701154.562500
0.4691000000000001,0.0228,0.0572,456774636701154.562500
0.46911,0.018000000000000002,0.054,456774636701154.562500
0.4691200000000001,0.0236,0.053200000000000004,456774636701154.562500
0.46913000000000005,0.0212,0.056400000000000006,456774636701154.562500
0.4691400000000001,0.015600000000000001,0.055600000000000004,456774636701154.562500
0.46915000000000007,0.0228,0.050800000000000005,456774636701154.562500
0.46916000000000013,0.0196,0.0492,456774636701154.562500
0.4691700000000001,0.022000000000000002,0.054,456774636701154.562500
0.46918000000000004,0.0196,0.054,456774636701154.562500
0.4691900000000001,0.0212,0.055600000000000004,456774636701154.562500
0.46920000000000006,0.0204,0.053200000000000004,456774636701154.562500
0.4692100000000001,0.0236,0.056400000000000006,456774636701154.562500
0.4692200000000001,0.0212,0.0476,456774636701154.562500
0.46923000000000004,0.0204,0.0548,456774636701154.562500
0.4692400000000001,0.0228,0.0548,456774636701154.562500
0.46925000000000006,0.0188,0.056400000000000006,456774636701154.562500
0.4692600000000001,0.0212,0.055600000000000004,456774636701154.562500
0.4692700000000001,0.0212,0.054,456774636701154.562500
0.46928000000000003,0.0236,0.05,456774636701154.562500
0.4692900000000001,0.0228,0.0572,456774636701154.562500
0.46930000000000005,0.0236,0.0548,456774636701154.562500
0.4693100000000001,0.0236,0.054,456774636701154.562500
0.46932000000000007,0.0236,0.054,456774636701154.562500
0.46933,0.026000000000000002,0.0492,456774636701154.562500
0.4693400000000001,0.0236,0.054,456774636701154.562500
0.46935000000000004,0.0244,0.0524,456774636701154.562500
0.4693600000000001,0.0196,0.054,456774636701154.562500
0.46937000000000006,0.0236,0.053200000000000004,456774636701154.562500
0.46938000000000013,0.0188,0.055600000000000004,456774636701154.562500
0.4693900000000001,0.0204,0.0572,456774636701154.562500
0.46940000000000004,0.0164,0.054,456774636701154.562500
0.4694100000000001,0.0244,0.0548,456774636701154.562500
0.46942000000000006,0.0236,0.056400000000000006,456774636701154.562500
0.4694300000000001,0.0236,0.055600000000000004,456774636701154.562500
0.4694400000000001,0.0172,0.0524,456774636701154.562500
0.46945000000000003,0.0204,0.054,456774636701154.562500
0.4694600000000001,0.0236,0.0572,456774636701154.562500
0.46947000000000005,0.0188,0.055600000000000004,456774636701154.562500
0.4694800000000001,0.0228,0.0572,456774636701154.562500
0.4694900000000001,0.0204,0.045200000000000004,456774636701154.562500
0.46950000000000003,0.0212,0.053200000000000004,456774636701154.562500
0.4695100000000001,0.018000000000000002,0.055600000000000004,456774636701154.562500
0.46952000000000005,0.0244,0.0548,456774636701154.562500
0.4695300000000001,0.0212,0.0492,456774636701154.562500
0.46954000000000007,0.0212,0.056400000000000006,456774636701154.562500
0.46955000000000013,0.0228,0.0476,456774636701154.562500
0.4695600000000001,0.022000000000000002,0.055600000000000004,456774636701154.562500
0.46957000000000004,0.0228,0.056400000000000006,456774636701154.562500
0.4695800000000001,0.0228,0.056400000000000006,456774636701154.562500
0.46959000000000006,0.0244,0.055600000000000004,456774636701154.562500
0.46960000000000013,0.022000000000000002,0.0548,456774636701154.562500
0.4696100000000001,0.0244,0.055600000000000004,456774636701154.562500
0.46962000000000004,0.0244,0.054,456774636701154.562500
0.4696300000000001,0.0244,0.058,456774636701154.562500
0.46964000000000006,0.0228,0.056400000000000006,456774636701154.562500
0.4696500000000001,0.0236,0.0572,456774636701154.562500
0.4696600000000001,0.0244,0.0548,456774636701154.562500
0.46967000000000003,0.022000000000000002,0.056400000000000006,456774636701154.562500
0.4696800000000001,0.0236,0.055600000000000004,456774636701154.562500
0.46969000000000005,0.022000000000000002,0.0572,456774636701154.562500
0.4697000000000001,0.026000000000000002,0.055600000000000004,456774636701154.562500
0.46971000000000007,0.0236,0.055600000000000004,456774636701154.562500
0.46972,0.0228,0.055600000000000004,456774636701154.562500
0.4697300000000001,0.022000000000000002,0.054,456774636701154.562500
0.46974000000000005,0.0212,0.0524,456774636701154.562500
0.4697500000000001,0.0236,0.0524,456774636701154.562500
0.46976000000000007,0.0196,0.056400000000000006,456774636701154.562500
0.46977000000000013,0.0212,0.0492,456774636701154.562500
0.4697800000000001,0.0212,0.054,456774636701154.562500
0.46979000000000004,0.0228,0.0468,456774636701154.562500
0.4698000000000001,0.0196,0.0548,456774636701154.562500
0.46981000000000006,0.022000000000000002,0.058,456774636701154.562500
0.4698200000000001,0.0204,0.0572,456774636701154.562500
0.4698300000000001,0.0212,0.054,456774636701154.562500
0.46984000000000004,0.0228,0.053200000000000004,456774636701154.562500
0.4698500000000001,0.0236,0.0548,456774636701154.562500
0.46986000000000006,0.022000000000000002,0.05,456774636701154.562500
0.4698700000000001,0.0212,0.0492,456774636701154.562500
0.4698800000000001,0.0212,0.054,456774636701154.562500
0.46989000000000003,0.0212,0.0468,456774636701154.562500
0.4699000000000001,0.022000000000000002,0.0516,456774636701154.562500
0.46991000000000005,0.0244,0.050800000000000005,456774636701154.562500
0.4699200000000001,0.0244,0.055600000000000004,456774636701154.562500
0.46993000000000007,0.0236,0.050800000000000005,456774636701154.562500
0.46994,0.0244,0.055600000000000004,456774636701154.562500
0.4699500000000001,0.0236,0.054,456774636701154.562500
0.46996000000000004,0.0244,0.054,456774636701154.562500
0.4699700000000001,0.0244,0.056400000000000006,456774636701154.562500
0.46998000000000006,0.0212,0.053200000000000004,456774636701154.562500
0.46999000000000013,0.0164,0.056400000000000006,456774636701154.562500
0.4700000000000001,0.022000000000000002,0.0468,456774636701154.562500
0.47001000000000004,0.0196,0.050800000000000005,456774636701154.562500
0.4700200000000001,0.0236,0.05,456774636701154.562500
0.47003000000000006,0.0236,0.0476,456774636701154.562500
0.4700400000000001,0.022000000000000002,0.056400000000000006,456774636701154.562500
0.4700500000000001,0.0244,0.0548,456774636701154.562500
0.47006000000000003,0.022000000000000002,0.0548,456774636701154.562500
0.4700700000000001,0.022000000000000002,0.056400000000000006,456774636701154.562500
0.47008000000000005,0.0204,0.054,456774636701154.562500
0.4700900000000001,0.0212,0.055600000000000004,456774636701154.562500
0.4701000000000001,0.0188,0.0524,456774636701154.562500
0.47011000000000003,0.0212,0.055600000000000004,456774636701154.562500
0.4701200000000001,0.0196,0.05,456774636701154.562500
0.47013000000000005,0.022000000000000002,0.054,456774636701154.562500
0.4701400000000001,0.015600000000000001,0.055600000000000004,456774636701154.562500
0.47015000000000007,0.0228,0.0516,456774636701154.562500
0.47016000000000013,0.0204,0.055600000000000004,456774636701154.562500
0.4701700000000001,0.0244,0.0572,456774636701154.562500
0.47018000000000004,0.0204,0.0548,456774636701154.562500
0.4701900000000001,0.0228,0.042800000000000005,456774636701154.562500
0.47020000000000006,0.022000000000000002,0.045200000000000004,456774636701154.562500
0.47021000000000013,0.0244,0.045200000000000004,456774636701154.562500
0.4702200000000001,0.0244,0.055600000000000004,456774636701154.562500
0.47023000000000004,0.0228,0.0468,456774636701154.562500
0.4702400000000001,0.0228,0.05,456774636701154.562500
0.47025000000000006,0.022000000000000002,0.0444,456774636701154.562500
0.4702600000000001,0.0244,0.0492,456774636701154.562500
0.4702700000000001,0.0244,0.05,456774636701154.562500
0.47028000000000003,0.0236,0.055600000000000004,456774636701154.562500
0.4702900000000001,0.0212,0.055600000000000004,456774636701154.562500
0.47030000000000005,0.0244,0.0548,456774636701154.562500
0.4703100000000001,0.022000000000000002,0.050800000000000005,456774636701154.562500
0.47032000000000007,0.0228,0.056400000000000006,456774636701154.562500
0.47033,0.0228,0.055600000000000004,456774636701154.562500
0.4703400000000001,0.0228,0.056400000000000006,456774636701154.562500
0.47035000000000005,0.022000000000000002,0.0572,456774636701154.562500
0.4703600000000001,0.0236,0.038,456774636701154.562500
0.47037000000000007,0.0228,0.056400000000000006,456774636701154.562500
0.47038000000000013,0.0196,0.050800000000000005,456774636701154.562500
0.4703900000000001,0.0204,0.0572,456774636701154.562500
0.47040000000000004,0.0204,0.042800000000000005,456774636701154.562500
0.4704100000000001,0.022000000000000002,0.054,456774636701154.562500
0.47042000000000006,0.0204,0.0476,456774636701154.562500
0.4704300000000001,0.0196,0.0524,456774636701154.562500
0.4704400000000001,0.0172,0.0516,456774636701154.562500
0.47045000000000003,0.0228,0.053200000000000004,456774636701154.562500
0.4704600000000001,0.0228,0.055600000000000004,456774636701154.562500
0.47047000000000005,0.022000000000000002,0.054,456774636701154.562500
0.4704800000000001,0.0228,0.054,456774636701154.562500
0.4704900000000001,0.0236,0.0516,456774636701154.562500
0.47050000000000003,0.0212,0.056400000000000006,456774636701154.562500
0.4705100000000001,0.0244,0.058,456774636701154.562500
0.47052000000000005,0.0236,0.056400000000000006,456774636701154.562500
0.4705300000000001,0.0228,0.056400000000000006,456774636701154.562500
0.47054000000000007,0.0244,0.053200000000000004,456774636701154.562500
0.47055000000000013,0.022000000000000002,0.0572,456774636701154.562500
0.4705600000000001,0.0236,0.053200000000000004,456774636701154.562500
0.47057000000000004,0.0244,0.054,456774636701154.562500
0.4705800000000001,0.0252,0.0572,456774636701154.562500
0.47059000000000006,0.0244,0.056400000000000006,456774636701154.562500
0.47060000000000013,0.018000000000000002,0.056400000000000006,456774636701154.562500
0.4706100000000001,0.0228,0.0524,456774636701154.562500
0.47062000000000004,0.0172,0.056400000000000006,456774636701154.562500
0.4706300000000001,0.022000000000000002,0.0516,456774636701154.562500
0.47064000000000006,0.022000000000000002,0.0548,456774636701154.562500
0.4706500000000001,0.0228,0.0548,456774636701154.562500
0.4706600000000001,0.0212,0.0516,456774636701154.562500
0.47067000000000003,0.0228,0.0516,456774636701154.562500
0.4706800000000001,0.0204,0.058,456774636701154.562500
0.47069000000000005,0.022000000000000002,0.054,456774636701154.562500
0.4707000000000001,0.0228,0.0572,456774636701154.562500
0.4707100000000001,0.0212,0.0548,456774636701154.562500
0.47072,0.0188,0.056400000000000006,456774636701154.562500
0.4707300000000001,0.0212,0.0548,456774636701154.562500
0.47074000000000005,0.0228,0.055600000000000004,456774636701154.562500
0.4707500000000001,0.0212,0.055600000000000004,456774636701154.562500
0.47076000000000007,0.0228,0.055600000000000004,456774636701154.562500
0.47077000000000013,0.0204,0.0548,456774636701154.562500
0.4707800000000001,0.022000000000000002,0.048400000000000006,456774636701154.562500
0.47079000000000004,0.0228,0.053200000000000004,456774636701154.562500
0.4708000000000001,0.0236,0.055600000000000004,456774636701154.562500
0.47081000000000006,0.0244,0.054,456774636701154.562500
0.4708200000000001,0.0236,0.055600000000000004,456774636701154.562500
0.4708300000000001,0.0212,0.0476,456774636701154.562500
0.47084000000000004,0.0244,0.054,456774636701154.562500
0.4708500000000001,0.022000000000000002,0.0516,456774636701154.562500
0.47086000000000006,0.0236,0.054,456774636701154.562500
0.4708700000000001,0.0236,0.050800000000000005,456774636701154.562500
0.4708800000000001,0.022000000000000002,0.0572,456774636701154.562500
0.47089000000000003,0.0228,0.0524,456774636701154.562500
0.4709000000000001,0.0172,0.0548,456774636701154.562500
0.47091000000000005,0.0188,0.055600000000000004,456774636701154.562500
0.4709200000000001,0.018000000000000002,0.048400000000000006,456774636701154.562500
0.47093000000000007,0.022000000000000002,0.0548,456774636701154.562500
0.47094,0.0196,0.0468,456774636701154.562500
0.4709500000000001,0.022000000000000002,0.055600000000000004,456774636701154.562500
0.47096000000000005,0.0244,0.0364,456774636701154.562500
0.4709700000000001,0.0228,0.0572,456774636701154.562500
0.47098000000000007,0.022000000000000002,0.055600000000000004,456774636701154.562500
0.47099000000000013,0.0236,0.053200000000000004,456774636701154.562500
0.4710000000000001,0.0188,0.05,456774636701154.562500
0.47101000000000004,0.022000000000000002,0.0548,456774636701154.562500
0.4710200000000001,0.022000000000000002,0.055600000000000004,456774636701154.562500
0.47103000000000006,0.0228,0.056400000000000006,456774636701154.562500
0.4710400000000001,0.0212,0.055600000000000004,456774636701154.562500
0.4710500000000001,0.022000000000000002,0.058,456774636701154.562500
0.47106000000000003,0.0204,0.055600000000000004,456774636701154.562500
0.4710700000000001,0.0228,0.0572,456774636701154.562500
0.47108000000000005,0.0228,0.0572,456774636701154.562500
0.4710900000000001,0.0228,0.0548,456774636701154.562500
0.4711000000000001,0.0236,0.056400000000000006,456774636701154.562500
0.47111000000000003,0.022000000000000002,0.0572,456774636701154.562500
0.4711200000000001,0.0236,0.055600000000000004,456774636701154.562500
0.47113000000000005,0.018000000000000002,0.056400000000000006,456774636701154.562500
0.4711400000000001,0.0236,0.055600000000000004,456774636701154.562500
0.47115000000000007,0.0212,0.056400000000000006,456774636701154.562500
0.47116000000000013,0.0236,0.0572,456774636701154.562500
0.4711700000000001,0.0172,0.053200000000000004,456774636701154.562500
0.47118000000000004,0.0244,0.056400000000000006,456774636701154.562500
0.4711900000000001,0.0236,0.0548,456774636701154.562500
0.47120000000000006,0.0244,0.056400000000000006,456774636701154.562500
0.47121000000000013,0.0236,0.0548,456774636701154.562500
0.4712200000000001,0.022000000000000002,0.05,456774636701154.562500
0.47123000000000004,0.0228,0.055600000000000004,456774636701154.562500
0.4712400000000001,0.0148,0.0476,456774636701154.562500
0.47125000000000006,0.0212,0.0548,456774636701154.562500
0.4712600000000001,0.014,0.0548,456774636701154.562500
0.4712700000000001,0.022000000000000002,0.0444,456774636701154.562500
0.47128000000000003,0.022000000000000002,0.056400000000000006,456774636701154.562500
0.4712900000000001,0.0228,0.054,456774636701154.562500
0.47130000000000005,0.0204,0.050800000000000005,456774636701154.562500
0.4713100000000001,0.0228,0.055600000000000004,456774636701154.562500
0.47132000000000007,0.0228,0.053200000000000004,456774636701154.562500
0.47133,0.0204,0.0548,456774636701154.562500
0.4713400000000001,0.0196,0.046,456774636701154.562500
0.47135000000000005,0.0188,0.056400000000000006,456774636701154.562500
0.4713600000000001,0.022000000000000002,0.0516,456774636701154.562500
0.47137000000000007,0.0204,0.055600000000000004,456774636701154.562500
0.47138000000000013,0.0228,0.053200000000000004,456774636701154.562500
0.4713900000000001,0.022000000000000002,0.0524,456774636701154.562500
0.47140000000000004,0.0228,0.0524,456774636701154.562500
0.4714100000000001,0.022000000000000002,0.0548,456774636701154.562500
0.47142000000000006,0.0228,0.0492,456774636701154.562500
0.4714300000000001,0.022000000000000002,0.055600000000000004,456774636701154.562500
0.4714400000000001,0.0236,0.05,456774636701154.562500
0.47145000000000004,0.0204,0.056400000000000006,456774636701154.562500
0.4714600000000001,0.022000000000000002,0.056400000000000006,456774636701154.562500
0.47147000000000006,0.015600000000000001,0.0524,456774636701154.562500
0.4714800000000001,0.0236,0.0548,456774636701154.562500
0.4714900000000001,0.0212,0.056400000000000006,456774636701154.562500
0.47150000000000003,0.0236,0.0548,456774636701154.562500
0.4715100000000001,0.0244,0.056400000000000006,456774636701154.562500
0.47152000000000005,0.0244,0.055600000000000004,456774636701154.562500
0.4715300000000001,0.0228,0.058800000000000005,456774636701154.562500
0.47154000000000007,0.022000000000000002,0.055600000000000004,456774636701154.562500
0.47155,0.022000000000000002,0.056400000000000006,456774636701154.562500
0.4715600000000001,0.0228,0.056400000000000006,456774636701154.562500
0.47157000000000004,0.022000000000000002,0.053200000000000004,456774636701154.562500
0.4715800000000001,0.0228,0.055600000000000004,456774636701154.562500
0.47159000000000006,0.0212,0.056400000000000006,456774636701154.562500
0.47160000000000013,0.0212,0.058,456774636701154.562500
0.4716100000000001,0.0228,0.056400000000000006,456774636701154.562500
0.47162000000000004,0.0228,0.055600000000000004,456774636701154.562500
0.4716300000000001,0.0236,0.055600000000000004,456774636701154.562500
0.47164000000000006,0.022000000000000002,0.0572,456774636701154.562500
0.4716500000000001,0.022000000000000002,0.058,456774636701154.562500
0.4716600000000001,0.0212,0.056400000000000006,456774636701154.562500
0.47167000000000003,0.022000000000000002,0.056400000000000006,456774636701154.562500
0.4716800000000001,0.0204,0.0516,456774636701154.562500
0.47169000000000005,0.0204,0.048400000000000006,456774636701154.562500
0.4717000000000001,0.022000000000000002,0.055600000000000004,456774636701154.562500
0.4717100000000001,0.0236,0.0516,456774636701154.562500
0.47172000000000003,0.0172,0.053200000000000004,456774636701154.562500
0.4717300000000001,0.0252,0.0476,456774636701154.562500
0.47174000000000005,0.0236,0.0548,456774636701154.562500
0.4717500000000001,0.0212,0.0548,456774636701154.562500
0.47176000000000007,0.0244,0.058,456774636701154.562500
0.47177000000000013,0.022000000000000002,0.0572,456774636701154.562500
0.4717800000000001,0.0236,0.054,456774636701154.562500
0.47179000000000004,0.0212,0.0572,456774636701154.562500
0.4718000000000001,0.0228,0.055600000000000004,456774636701154.562500
0.47181000000000006,0.022000000000000002,0.0572,456774636701154.562500
0.47182000000000013,0.0204,0.056400000000000006,456774636701154.562500
0.4718300000000001,0.0228,0.056400000000000006,456774636701154.562500
0.47184000000000004,0.018000000000000002,0.0516,456774636701154.562500
0.4718500000000001,0.0228,0.056400000000000006,456774636701154.562500
0.47186000000000006,0.0236,0.0572,456774636701154.562500
0.4718700000000001,0.022000000000000002,0.055600000000000004,456774636701154.562500
0.4718800000000001,0.022000000000000002,0.0572,456774636701154.562500
0.47189000000000003,0.0164,0.054,456774636701154.562500
0.4719000000000001,0.0196,0.053200000000000004,456774636701154.562500
0.47191000000000005,0.0148,0.056400000000000006,456774636701154.562500
0.4719200000000001,0.0172,0.0548,456774636701154.562500
0.47193000000000007,0.0212,0.054,456774636701154.562500
0.47194,0.022000000000000002,0.056400000000000006,456774636701154.562500
0.4719500000000001,0.0212,0.055600000000000004,456774636701154.562500
0.47196000000000005,0.0228,0.0548,456774636701154.562500
0.4719700000000001,0.0212,0.056400000000000006,456774636701154.562500
0.47198000000000007,0.0228,0.054,456774636701154.562500
0.47199000000000013,0.0212,0.0548,456774636701154.562500
0.4720000000000001,0.0244,0.0516,456774636701154.562500
0.47201000000000004,0.0244,0.0516,456774636701154.562500
0.4720200000000001,0.0228,0.056400000000000006,456774636701154.562500
0.47203000000000006,0.0244,0.056400000000000006,456774636701154.562500
0.4720400000000001,0.0244,0.055600000000000004,456774636701154.562500
0.4720500000000001,0.0244,0.054,456774636701154.562500
0.47206000000000004,0.0236,0.0516,456774636701154.562500
0.4720700000000001,0.022000000000000002,0.055600000000000004,456774636701154.562500
0.47208000000000006,0.0236,0.055600000000000004,456774636701154.562500
0.4720900000000001,0.0204,0.058,456774636701154.562500
0.4721000000000001,0.0204,0.053200000000000004,456774636701154.562500
0.47211000000000003,0.0212,0.0572,456774636701154.562500
0.4721200000000001,0.0252,0.05,456774636701154.562500
0.47213000000000005,0.0228,0.053200000000000004,456774636701154.562500
0.4721400000000001,0.0228,0.0548,456774636701154.562500
0.47215000000000007,0.0228,0.056400000000000006,456774636701154.562500
0.47216,0.0236,0.0572,456774636701154.562500
0.4721700000000001,0.022000000000000002,0.0468,456774636701154.562500
0.47218000000000004,0.0228,0.048400000000000006,456774636701154.562500
0.4721900000000001,0.0204,0.048400000000000006,456774636701154.562500
0.47220000000000006,0.0212,0.056400000000000006,456774636701154.562500
0.47221000000000013,0.0228,0.0548,456774636701154.562500
0.4722200000000001,0.0204,0.056400000000000006,456774636701154.562500
0.47223000000000004,0.0164,0.056400000000000006,456774636701154.562500
0.4722400000000001,0.0228,0.05,456774636701154.562500
0.47225000000000006,0.0204,0.055600000000000004,456774636701154.562500
0.4722600000000001,0.0212,0.0548,456774636701154.562500
0.4722700000000001,0.0212,0.0572,456774636701154.562500
0.47228000000000003,0.022000000000000002,0.0516,456774636701154.562500
0.4722900000000001,0.022000000000000002,0.055600000000000004,456774636701154.562500
0.47230000000000005,0.0236,0.0516,456774636701154.562500
0.4723100000000001,0.022000000000000002,0.056400000000000006,456774636701154.562500
0.4723200000000001,0.0236,0.050800000000000005,456774636701154.562500
0.47233,0.0244,0.055600000000000004,456774636701154.562500
0.4723400000000001,0.0252,0.0516,456774636701154.562500
0.47235000000000005,0.0244,0.05,456774636701154.562500
0.4723600000000001,0.0252,0.0548,456774636701154.562500
0.47237000000000007,0.0244,0.0492,456774636701154.562500
0.47238000000000013,0.0244,0.0548,456774636701154.562500
0.4723900000000001,0.0244,0.045200000000000004,456774636701154.562500
0.47240000000000004,0.0196,0.055600000000000004,456774636701154.562500
0.4724100000000001,0.0228,0.055600000000000004,456774636701154.562500
0.47242000000000006,0.022000000000000002,0.058,456774636701154.562500
0.4724300000000001,0.0204,0.055600000000000004,456774636701154.562500
0.4724400000000001,0.018000000000000002,0.056400000000000006,456774636701154.562500
0.47245000000000004,0.0228,0.0572,456774636701154.562500
0.4724600000000001,0.0204,0.056400000000000006,456774636701154.562500
0.47247000000000006,0.0212,0.05,456774636701154.562500
0.4724800000000001,0.0196,0.055600000000000004,456774636701154.562500
0.4724900000000001,0.0228,0.055600000000000004,456774636701154.562500
0.47250000000000003,0.0212,0.056400000000000006,456774636701154.562500
0.4725100000000001,0.022000000000000002,0.0548,456774636701154.562500
0.47252000000000005,0.0204,0.056400000000000006,456774636701154.562500
0.4725300000000001,0.0196,0.058800000000000005,456774636701154.562500
0.47254000000000007,0.0164,0.055600000000000004,456774636701154.562500
0.47255,0.0196,0.0572,456774636701154.562500
0.4725600000000001,0.0204,0.0548,456774636701154.562500
0.47257000000000005,0.0228,0.053200000000000004,456774636701154.562500
0.4725800000000001,0.0204,0.054,456774636701154.562500
0.47259000000000007,0.0244,0.0524,456774636701154.562500
0.47260000000000013,0.0228,0.0572,456774636701154.562500
0.4726100000000001,0.022000000000000002,0.055600000000000004,456774636701154.562500
0.47262000000000004,0.0228,0.0572,456774636701154.562500
0.4726300000000001,0.0244,0.055600000000000004,456774636701154.562500
0.47264000000000006,0.0236,0.056400000000000006,456774636701154.562500
0.4726500000000001,0.0236,0.055600000000000004,456774636701154.562500
0.4726600000000001,0.0236,0.056400000000000006,456774636701154.562500
0.47267000000000003,0.0244,0.055600000000000004,456774636701154.562500
0.4726800000000001,0.0244,0.053200000000000004,456774636701154.562500
0.47269000000000005,0.0252,0.058,456774636701154.562500
0.4727000000000001,0.0236,0.0548,456774636701154.562500
0.4727100000000001,0.0244,0.058,456774636701154.562500
0.47272000000000003,0.0244,0.0548,456774636701154.562500
0.4727300000000001,0.0212,0.0516,456774636701154.562500
0.47274000000000005,0.0236,0.0572,456774636701154.562500
0.4727500000000001,0.0228,0.054,456774636701154.562500
0.47276000000000007,0.0244,0.054,456774636701154.562500
0.47277000000000013,0.0236,0.045200000000000004,456774636701154.562500
0.4727800000000001,0.022000000000000002,0.054,456774636701154.562500
0.47279000000000004,0.0228,0.0548,456774636701154.562500
0.4728000000000001,0.022000000000000002,0.054,456774636701154.562500
0.47281000000000006,0.0244,0.05,456774636701154.562500
0.47282000000000013,0.022000000000000002,0.0524,456774636701154.562500
0.4728300000000001,0.0228,0.0548,456774636701154.562500
0.47284000000000004,0.0228,0.0572,456774636701154.562500
0.4728500000000001,0.0236,0.048400000000000006,456774636701154.562500
0.47286000000000006,0.0236,0.055600000000000004,456774636701154.562500
0.4728700000000001,0.022000000000000002,0.056400000000000006,456774636701154.562500
0.4728800000000001,0.0212,0.056400000000000006,456774636701154.562500
0.47289000000000003,0.0228,0.056400000000000006,456774636701154.562500
0.4729000000000001,0.022000000000000002,0.055600000000000004,456774636701154.562500
0.47291000000000005,0.0188,0.053200000000000004,456774636701154.562500
0.4729200000000001,0.0236,0.055600000000000004,456774636701154.562500
0.4729300000000001,0.0204,0.0572,456774636701154.562500
0.47294,0.0236,0.054,456774636701154.562500
0.4729500000000001,0.0196,0.055600000000000004,456774636701154.562500
0.47296000000000005,0.0212,0.053200000000000004,456774636701154.562500
0.4729700000000001,0.0228,0.055600000000000004,456774636701154.562500
0.47298000000000007,0.022000000000000002,0.055600000000000004,456774636701154.562500
0.47299000000000013,0.0228,0.056400000000000006,456774636701154.562500
0.4730000000000001,0.0236,0.0572,456774636701154.562500
0.47301000000000004,0.0228,0.05,456774636701154.562500
0.4730200000000001,0.0228,0.056400000000000006,456774636701154.562500
0.47303000000000006,0.0196,0.0572,456774636701154.562500
0.4730400000000001,0.0236,0.058,456774636701154.562500
0.4730500000000001,0.022000000000000002,0.056400000000000006,456774636701154.562500
0.47306000000000004,0.022000000000000002,0.053200000000000004,456774636701154.562500
0.4730700000000001,0.0212,0.058,456774636701154.562500
0.47308000000000006,0.022000000000000002,0.055600000000000004,456774636701154.562500
0.4730900000000001,0.022000000000000002,0.056400000000000006,456774636701154.562500
0.4731000000000001,0.0212,0.050800000000000005,456774636701154.562500
0.47311000000000003,0.0212,0.058,456774636701154.562500
0.4731200000000001,0.0212,0.054,456774636701154.562500
0.47313000000000005,0.0228,0.0572,456774636701154.562500
0.4731400000000001,0.0212,0.055600000000000004,456774636701154.562500
0.47315000000000007,0.0228,0.058,456774636701154.562500
0.47316,0.0212,0.0572,456774636701154.562500
0.4731700000000001,0.022000000000000002,0.0548,456774636701154.562500
0.47318000000000005,0.0228,0.0516,456774636701154.562500
0.4731900000000001,0.022000000000000002,0.056400000000000006,456774636701154.562500
0.47320000000000007,0.022000000000000002,0.055600000000000004,456774636701154.562500
0.47321000000000013,0.0236,0.05,456774636701154.562500
0.4732200000000001,0.022000000000000002,0.055600000000000004,456774636701154.562500
0.47323000000000004,0.0228,0.055600000000000004,456774636701154.562500
0.4732400000000001,0.022000000000000002,0.0548,456774636701154.562500
0.47325000000000006,0.0228,0.058,456774636701154.562500
0.4732600000000001,0.0236,0.0524,456774636701154.562500
0.4732700000000001,0.0204,0.05,456774636701154.562500
0.47328000000000003,0.0252,0.040400000000000005,456774636701154.562500
0.4732900000000001,0.0236,0.046,456774636701154.562500
0.47330000000000005,0.0236,0.045200000000000004,456774636701154.562500
0.4733100000000001,0.0228,0.0524,456774636701154.562500
0.4733200000000001,0.0244,0.0516,456774636701154.562500
0.47333000000000003,0.0244,0.0516,456774636701154.562500
0.4733400000000001,0.0236,0.05,456774636701154.562500
0.47335000000000005,0.0244,0.054,456774636701154.562500
0.4733600000000001,0.0236,0.046,456774636701154.562500
0.47337000000000007,0.0228,0.0468,456774636701154.562500
0.47338000000000013,0.022000000000000002,0.0444,456774636701154.562500
0.4733900000000001,0.0228,0.05,456774636701154.562500
0.47340000000000004,0.022000000000000002,0.034,456774636701154.562500
0.4734100000000001,0.0228,0.050800000000000005,456774636701154.562500
0.47342000000000006,0.0204,0.050800000000000005,456774636701154.562500
0.47343000000000013,0.0212,0.0516,456774636701154.562500
0.4734400000000001,0.0196,0.045200000000000004,456774636701154.562500
0.47345000000000004,0.022000000000000002,0.054,456774636701154.562500
0.4734600000000001,0.0204,0.050800000000000005,456774636701154.562500
0.47347000000000006,0.022000000000000002,0.056400000000000006,456774636701154.562500
0.4734800000000001,0.0164,0.054,456774636701154.562500
0.4734900000000001,0.0228,0.056400000000000006,456774636701154.562500
0.47350000000000003,0.022000000000000002,0.055600000000000004,456774636701154.562500
0.4735100000000001,0.0228,0.055600000000000004,456774636701154.562500
0.47352000000000005,0.0228,0.0548,456774636701154.562500
0.4735300000000001,0.0228,0.056400000000000006,456774636701154.562500
0.47354000000000007,0.0236,0.0548,456774636701154.562500
0.47355,0.0236,0.056400000000000006,456774636701154.562500
0.4735600000000001,0.0236,0.056400000000000006,456774636701154.562500
0.47357000000000005,0.0244,0.055600000000000004,456774636701154.562500
0.4735800000000001,0.0236,0.0572,456774636701154.562500
0.47359000000000007,0.0228,0.055600000000000004,456774636701154.562500
0.47360000000000013,0.0236,0.055600000000000004,456774636701154.562500
0.4736100000000001,0.0236,0.055600000000000004,456774636701154.562500
0.47362000000000004,0.0228,0.056400000000000006,456774636701154.562500
0.4736300000000001,0.0244,0.056400000000000006,456774636701154.562500
0.47364000000000006,0.0236,0.055600000000000004,456774636701154.562500
0.4736500000000001,0.0228,0.056400000000000006,456774636701154.562500
0.4736600000000001,0.0244,0.0548,456774636701154.562500
0.47367000000000004,0.0236,0.056400000000000006,456774636701154.562500
0.4736800000000001,0.0236,0.053200000000000004,456774636701154.562500
0.47369000000000006,0.0228,0.058,456774636701154.562500
0.4737000000000001,0.0236,0.050800000000000005,456774636701154.562500
0.4737100000000001,0.022000000000000002,0.0548,456774636701154.562500
0.47372000000000003,0.0252,0.054,456774636701154.562500
0.4737300000000001,0.0228,0.053200000000000004,456774636701154.562500
0.47374000000000005,0.022000000000000002,0.0524,456774636701154.562500
0.4737500000000001,0.0212,0.055600000000000004,456774636701154.562500
0.47376000000000007,0.0212,0.055600000000000004,456774636701154.562500
0.47377,0.0212,0.056400000000000006,456774636701154.562500
0.4737800000000001,0.0212,0.056400000000000006,456774636701154.562500
0.47379000000000004,0.0228,0.0468,456774636701154.562500
0.4738000000000001,0.0204,0.0572,456774636701154.562500
0.47381000000000006,0.022000000000000002,0.055600000000000004,456774636701154.562500
0.47382000000000013,0.022000000000000002,0.0572,456774636701154.562500
0.4738300000000001,0.022000000000000002,0.0572,456774636701154.562500
0.47384000000000004,0.0212,0.0548,456774636701154.562500
0.4738500000000001,0.022000000000000002,0.0516,456774636701154.562500
0.47386000000000006,0.0228,0.050800000000000005,456774636701154.562500
0.4738700000000001,0.0236,0.0524,456774636701154.562500
0.4738800000000001,0.0236,0.0492,456774636701154.562500
0.47389000000000003,0.0252,0.058,456774636701154.562500
0.4739000000000001,0.022000000000000002,0.054,456774636701154.562500
0.47391000000000005,0.0244,0.0548,456774636701154.562500
0.4739200000000001,0.0244,0.0572,456774636701154.562500
0.4739300000000001,0.0236,0.055600000000000004,456774636701154.562500
0.47394000000000003,0.0236,0.055600000000000004,456774636701154.562500
0.4739500000000001,0.022000000000000002,0.055600000000000004,456774636701154.562500
0.47396000000000005,0.0228,0.055600000000000004,456774636701154.562500
0.4739700000000001,0.0244,0.0572,456774636701154.562500
0.47398000000000007,0.0236,0.0572,456774636701154.562500
0.47399000000000013,0.0228,0.056400000000000006,456774636701154.562500
0.4740000000000001,0.022000000000000002,0.056400000000000006,456774636701154.562500
0.47401000000000004,0.0236,0.0548,456774636701154.562500
0.4740200000000001,0.0236,0.056400000000000006,456774636701154.562500
0.47403000000000006,0.0228,0.048400000000000006,456774636701154.562500
0.47404000000000013,0.0212,0.056400000000000006,456774636701154.562500
0.4740500000000001,0.0228,0.0548,456774636701154.562500
0.47406000000000004,0.0228,0.053200000000000004,456774636701154.562500
0.4740700000000001,0.0204,0.055600000000000004,456774636701154.562500
0.47408000000000006,0.0204,0.054,456774636701154.562500
0.4740900000000001,0.0188,0.056400000000000006,456774636701154.562500
0.4741000000000001,0.0204,0.0516,456774636701154.562500
0.47411000000000003,0.0228,0.0548,456774636701154.562500
0.4741200000000001,0.0244,0.0548,456774636701154.562500
0.47413000000000005,0.0228,0.050800000000000005,456774636701154.562500
0.4741400000000001,0.022000000000000002,0.0468,456774636701154.562500
0.47415000000000007,0.0236,0.054,456774636701154.562500
0.47416,0.0228,0.0436,456774636701154.562500
0.4741700000000001,0.026000000000000002,0.056400000000000006,456774636701154.562500
0.47418000000000005,0.0244,0.056400000000000006,456774636701154.562500
0.4741900000000001,0.0204,0.056400000000000006,456774636701154.562500
0.47420000000000007,0.0244,0.054,456774636701154.562500
0.47421000000000013,0.022000000000000002,0.056400000000000006,456774636701154.562500
0.4742200000000001,0.022000000000000002,0.0572,456774636701154.562500
0.47423000000000004,0.0236,0.054,456774636701154.562500
0.4742400000000001,0.0228,0.058,456774636701154.562500
0.47425000000000006,0.0244,0.058,456774636701154.562500
0.4742600000000001,0.0228,0.053200000000000004,456774636701154.562500
0.4742700000000001,0.0236,0.056400000000000006,456774636701154.562500
0.47428000000000003,0.0212,0.0572,456774636701154.562500
0.4742900000000001,0.0204,0.050800000000000005,456774636701154.562500
0.47430000000000005,0.022000000000000002,0.055600000000000004,456774636701154.562500
0.4743100000000001,0.022000000000000002,0.056400000000000006,456774636701154.562500
0.4743200000000001,0.0236,0.055600000000000004,456774636701154.562500
0.47433000000000003,0.022000000000000002,0.0548,456774636701154.562500
0.4743400000000001,0.022000000000000002,0.058,456774636701154.562500
0.47435000000000005,0.022000000000000002,0.055600000000000004,456774636701154.562500
0.4743600000000001,0.0212,0.056400000000000006,456774636701154.562500
0.47437000000000007,0.0212,0.0516,456774636701154.562500
0.47438000000000013,0.022000000000000002,0.055600000000000004,456774636701154.562500
0.4743900000000001,0.022000000000000002,0.054,456774636701154.562500
0.47440000000000004,0.0212,0.054,456774636701154.562500
0.4744100000000001,0.022000000000000002,0.055600000000000004,456774636701154.562500
0.47442000000000006,0.022000000000000002,0.056400000000000006,456774636701154.562500
0.47443000000000013,0.0228,0.058,456774636701154.562500
0.4744400000000001,0.0212,0.0572,456774636701154.562500
0.47445000000000004,0.022000000000000002,0.056400000000000006,456774636701154.562500
0.4744600000000001,0.0204,0.056400000000000006,456774636701154.562500
0.47447000000000006,0.0212,0.058,456774636701154.562500
0.4744800000000001,0.022000000000000002,0.0572,456774636701154.562500
0.4744900000000001,0.0252,0.053200000000000004,456774636701154.562500
0.47450000000000003,0.0228,0.05,456774636701154.562500
0.4745100000000001,0.0252,0.053200000000000004,456774636701154.562500
0.47452000000000005,0.0236,0.0476,456774636701154.562500
0.4745300000000001,0.0244,0.055600000000000004,456774636701154.562500
0.4745400000000001,0.0228,0.050800000000000005,456774636701154.562500
0.47455,0.022000000000000002,0.0548,456774636701154.562500
0.4745600000000001,0.0236,0.053200000000000004,456774636701154.562500
0.47457000000000005,0.0236,0.0548,456774636701154.562500
0.4745800000000001,0.022000000000000002,0.055600000000000004,456774636701154.562500
0.47459000000000007,0.0236,0.0516,456774636701154.562500
0.47460000000000013,0.0204,0.054,456774636701154.562500
0.4746100000000001,0.015600000000000001,0.050800000000000005,456774636701154.562500
0.47462000000000004,0.015600000000000001,0.054,456774636701154.562500
0.4746300000000001,0.015600000000000001,0.050800000000000005,456774636701154.562500
0.47464000000000006,0.022000000000000002,0.0548,456774636701154.562500
0.4746500000000001,0.0204,0.0548,456774636701154.562500
0.4746600000000001,0.022000000000000002,0.053200000000000004,456774636701154.562500
0.47467000000000004,0.0204,0.0492,456774636701154.562500
0.4746800000000001,0.0228,0.054,456774636701154.562500
0.47469000000000006,0.022000000000000002,0.056400000000000006,456774636701154.562500
0.4747000000000001,0.022000000000000002,0.0572,456774636701154.562500
0.4747100000000001,0.0228,0.056400000000000006,456774636701154.562500
0.47472000000000003,0.0236,0.058,456774636701154.562500
0.4747300000000001,0.0228,0.054,456774636701154.562500
0.47474000000000005,0.022000000000000002,0.055600000000000004,456774636701154.562500
0.4747500000000001,0.022000000000000002,0.054,456774636701154.562500
0.47476000000000007,0.0228,0.05,456774636701154.562500
0.47477,0.0252,0.046,456774636701154.562500
0.4747800000000001,0.0228,0.042,456774636701154.562500
0.47479000000000005,0.0244,0.045200000000000004,456774636701154.562500
0.4748000000000001,0.0244,0.0516,456774636701154.562500
0.47481000000000007,0.0204,0.0572,456774636701154.562500
0.47482000000000013,0.0228,0.056400000000000006,456774636701154.562500
0.4748300000000001,0.0228,0.056400000000000006,456774636701154.562500
0.47484000000000004,0.0236,0.0572,456774636701154.562500
0.4748500000000001,0.0236,0.054,456774636701154.562500
0.47486000000000006,0.0244,0.056400000000000006,456774636701154.562500
0.4748700000000001,0.0228,0.058,456774636701154.562500
0.4748800000000001,0.0212,0.0572,456774636701154.562500
0.47489000000000003,0.0236,0.056400000000000006,456774636701154.562500
0.4749000000000001,0.0212,0.058,456774636701154.562500
0.47491000000000005,0.0204,0.055600000000000004,456774636701154.562500
0.4749200000000001,0.022000000000000002,0.055600000000000004,456774636701154.562500
0.4749300000000001,0.0228,0.056400000000000006,456774636701154.562500
0.47494000000000003,0.0236,0.0572,456774636701154.562500
0.4749500000000001,0.0228,0.0572,456774636701154.562500
0.47496000000000005,0.0228,0.0524,456774636701154.562500
0.4749700000000001,0.0196,0.0516,456774636701154.562500
0.47498000000000007,0.022000000000000002,0.054,456774636701154.562500
0.47499000000000013,0.0188,0.0548,456774636701154.562500
0.4750000000000001,0.0196,0.0548,456774636701154.562500
0.47501000000000004,0.0196,0.0572,456774636701154.562500
0.4750200000000001,0.0212,0.0524,456774636701154.562500
0.47503000000000006,0.022000000000000002,0.055600000000000004,456774636701154.562500
0.47504000000000013,0.022000000000000002,0.0516,456774636701154.562500
0.4750500000000001,0.0228,0.0572,456774636701154.562500
0.47506000000000004,0.0212,0.054,456774636701154.562500
0.4750700000000001,0.0228,0.053200000000000004,456774636701154.562500
0.47508000000000006,0.0228,0.056400000000000006,456774636701154.562500
0.4750900000000001,0.0236,0.05,456774636701154.562500
0.4751000000000001,0.0228,0.055600000000000004,456774636701154.562500
0.47511000000000003,0.0228,0.055600000000000004,456774636701154.562500
0.4751200000000001,0.0236,0.055600000000000004,456774636701154.562500
0.47513000000000005,0.018000000000000002,0.055600000000000004,456774636701154.562500
0.4751400000000001,0.022000000000000002,0.056400000000000006,456774636701154.562500
0.4751500000000001,0.0204,0.056400000000000006,456774636701154.562500
0.47516,0.0236,0.0572,456774636701154.562500
0.4751700000000001,0.0228,0.054,456774636701154.562500
0.47518000000000005,0.022000000000000002,0.053200000000000004,456774636701154.562500
0.4751900000000001,0.0196,0.055600000000000004,456774636701154.562500
0.47520000000000007,0.022000000000000002,0.056400000000000006,456774636701154.562500
0.47521000000000013,0.022000000000000002,0.0548,456774636701154.562500
0.4752200000000001,0.022000000000000002,0.056400000000000006,456774636701154.562500
0.47523000000000004,0.022000000000000002,0.056400000000000006,456774636701154.562500
0.4752400000000001,0.0212,0.056400000000000006,456774636701154.562500
0.47525000000000006,0.0212,0.056400000000000006,456774636701154.562500
0.4752600000000001,0.0196,0.0516,456774636701154.562500
0.4752700000000001,0.0228,0.054,456774636701154.562500
0.47528000000000004,0.0212,0.0572,456774636701154.562500
0.4752900000000001,0.022000000000000002,0.055600000000000004,456774636701154.562500
0.47530000000000006,0.022000000000000002,0.054,456774636701154.562500
0.4753100000000001,0.0212,0.058,456774636701154.562500
0.4753200000000001,0.0212,0.055600000000000004,456774636701154.562500
0.47533000000000003,0.0212,0.053200000000000004,456774636701154.562500
0.4753400000000001,0.0204,0.056400000000000006,456774636701154.562500
0.47535000000000005,0.0196,0.0548,456774636701154.562500
0.4753600000000001,0.0196,0.0572,456774636701154.562500
0.47537000000000007,0.0228,0.058,456774636701154.562500
0.47538,0.0212,0.055600000000000004,456774636701154.562500
0.4753900000000001,0.0172,0.0572,456774636701154.562500
0.47540000000000004,0.0204,0.0548,456774636701154.562500
0.4754100000000001,0.0252,0.055600000000000004,456774636701154.562500
0.47542000000000006,0.022000000000000002,0.056400000000000006,456774636701154.562500
0.47543000000000013,0.0244,0.054,456774636701154.562500
0.4754400000000001,0.0252,0.056400000000000006,456774636701154.562500
0.47545000000000004,0.0244,0.055600000000000004,456774636701154.562500
0.4754600000000001,0.0252,0.054,456774636701154.562500
0.47547000000000006,0.0236,0.0548,456774636701154.562500
0.4754800000000001,0.0236,0.054,456774636701154.562500
0.4754900000000001,0.0228,0.054,456774636701154.562500
0.47550000000000003,0.0236,0.0468,456774636701154.562500
0.4755100000000001,0.0236,0.0396,456774636701154.562500
0.47552000000000005,0.0228,0.038,456774636701154.562500
0.4755300000000001,0.022000000000000002,0.045200000000000004,456774636701154.562500
0.4755400000000001,0.022000000000000002,0.05,456774636701154.562500
0.47555000000000003,0.0212,0.056400000000000006,456774636701154.562500
0.4755600000000001,0.0228,0.0548,456774636701154.562500
0.47557000000000005,0.0196,0.055600000000000004,456774636701154.562500
0.4755800000000001,0.0196,0.056400000000000006,456774636701154.562500
0.47559000000000007,0.0228,0.056400000000000006,456774636701154.562500
0.47560000000000013,0.0204,0.056400000000000006,456774636701154.562500
0.4756100000000001,0.0228,0.058,456774636701154.562500
0.47562000000000004,0.0228,0.055600000000000004,456774636701154.562500
0.4756300000000001,0.0228,0.056400000000000006,456774636701154.562500
0.47564000000000006,0.0228,0.058,456774636701154.562500
0.47565000000000013,0.0212,0.0572,456774636701154.562500
0.4756600000000001,0.0244,0.058,456774636701154.562500
0.47567000000000004,0.0228,0.054,456774636701154.562500
0.4756800000000001,0.022000000000000002,0.056400000000000006,456774636701154.562500
0.47569000000000006,0.0236,0.0548,456774636701154.562500
0.4757000000000001,0.0244,0.058,456774636701154.562500
0.4757100000000001,0.0236,0.0444,456774636701154.562500
0.47572000000000003,0.022000000000000002,0.05,456774636701154.562500
0.4757300000000001,0.0172,0.0388,456774636701154.562500
0.47574000000000005,0.022000000000000002,0.045200000000000004,456774636701154.562500
0.4757500000000001,0.0204,0.0548,456774636701154.562500
0.47576000000000007,0.0236,0.055600000000000004,456774636701154.562500
0.47577,0.0244,0.0516,456774636701154.562500
0.4757800000000001,0.0236,0.056400000000000006,456774636701154.562500
0.47579000000000005,0.0204,0.058,456774636701154.562500
0.4758000000000001,0.0236,0.0524,456774636701154.562500
0.47581000000000007,0.0228,0.0436,456774636701154.562500
0.47582000000000013,0.0228,0.0412,456774636701154.562500
0.4758300000000001,0.022000000000000002,0.058,456774636701154.562500
0.47584000000000004,0.0204,0.053200000000000004,456774636701154.562500
0.4758500000000001,0.0212,0.0524,456774636701154.562500
0.47586000000000006,0.0204,0.053200000000000004,456774636701154.562500
0.4758700000000001,0.0212,0.056400000000000006,456774636701154.562500
0.4758800000000001,0.0212,0.056400000000000006,456774636701154.562500
0.47589000000000004,0.022000000000000002,0.0476,456774636701154.562500
0.4759000000000001,0.0228,0.0436,456774636701154.562500
0.47591000000000006,0.0228,0.0516,456774636701154.562500
0.4759200000000001,0.022000000000000002,0.0572,456774636701154.562500
0.4759300000000001,0.0236,0.054,456774636701154.562500
0.47594000000000003,0.0228,0.0548,456774636701154.562500
0.4759500000000001,0.0228,0.055600000000000004,456774636701154.562500
0.47596000000000005,0.0204,0.055600000000000004,456774636701154.562500
0.4759700000000001,0.0204,0.055600000000000004,456774636701154.562500
0.47598000000000007,0.0228,0.056400000000000006,456774636701154.562500
0.47599000000000014,0.0228,0.056400000000000006,456774636701154.562500
0.4760000000000001,0.0236,0.0524,456774636701154.562500
0.47601000000000004,0.022000000000000002,0.050800000000000005,456774636701154.562500
0.4760200000000001,0.0236,0.050800000000000005,456774636701154.562500
0.47603000000000006,0.0236,0.0572,456774636701154.562500
0.47604000000000013,0.0236,0.050800000000000005,456774636701154.562500
0.4760500000000001,0.0228,0.056400000000000006,456774636701154.562500
0.47606000000000004,0.0244,0.056400000000000006,456774636701154.562500
0.4760700000000001,0.0236,0.055600000000000004,456774636701154.562500
0.47608000000000006,0.0236,0.0572,456774636701154.562500
0.4760900000000001,0.022000000000000002,0.055600000000000004,456774636701154.562500
0.4761000000000001,0.022000000000000002,0.056400000000000006,456774636701154.562500
0.47611000000000003,0.0228,0.0548,456774636701154.562500
0.4761200000000001,0.022000000000000002,0.0548,456774636701154.562500
0.47613000000000005,0.0212,0.056400000000000006,456774636701154.562500
0.4761400000000001,0.0228,0.0572,456774636701154.562500
0.4761500000000001,0.0212,0.056400000000000006,456774636701154.562500
0.47616,0.0228,0.056400000000000006,456774636701154.562500
0.4761700000000001,0.0212,0.0572,456774636701154.562500
0.47618000000000005,0.022000000000000002,0.0548,456774636701154.562500
0.4761900000000001,0.0204,0.0548,456774636701154.562500
0.47620000000000007,0.0212,0.055600000000000004,456774636701154.562500
0.47621000000000013,0.0188,0.056400000000000006,456774636701154.562500
0.4762200000000001,0.0212,0.054,456774636701154.562500
0.47623000000000004,0.022000000000000002,0.0572,456774636701154.562500
0.4762400000000001,0.0228,0.0492,456774636701154.562500
0.47625000000000006,0.022000000000000002,0.0516,456774636701154.562500
0.4762600000000001,0.022000000000000002,0.058,456774636701154.562500
0.4762700000000001,0.022000000000000002,0.055600000000000004,456774636701154.562500
0.47628000000000004,0.0212,0.0572,456774636701154.562500
0.4762900000000001,0.0228,0.055600000000000004,456774636701154.562500
0.47630000000000006,0.0212,0.056400000000000006,456774636701154.562500
0.4763100000000001,0.0236,0.0548,456774636701154.562500
0.4763200000000001,0.0244,0.055600000000000004,456774636701154.562500
0.47633000000000003,0.0212,0.0548,456774636701154.562500
0.4763400000000001,0.0244,0.056400000000000006,456774636701154.562500
0.47635000000000005,0.0252,0.050800000000000005,456774636701154.562500
0.4763600000000001,0.0236,0.056400000000000006,456774636701154.562500
0.47637000000000007,0.022000000000000002,0.054,456774636701154.562500
0.47638,0.0228,0.056400000000000006,456774636701154.562500
0.4763900000000001,0.0236,0.058,456774636701154.562500
0.47640000000000005,0.0244,0.0524,456774636701154.562500
0.4764100000000001,0.0228,0.0572,456774636701154.562500
0.47642000000000007,0.0236,0.055600000000000004,456774636701154.562500
0.47643000000000013,0.0228,0.056400000000000006,456774636701154.562500
0.4764400000000001,0.0244,0.055600000000000004,456774636701154.562500
0.47645000000000004,0.0212,0.05,456774636701154.562500
0.4764600000000001,0.0228,0.054,456774636701154.562500
0.47647000000000006,0.022000000000000002,0.056400000000000006,456774636701154.562500
0.4764800000000001,0.022000000000000002,0.055600000000000004,456774636701154.562500
0.4764900000000001,0.018000000000000002,0.055600000000000004,456774636701154.562500
0.47650000000000003,0.022000000000000002,0.0548,456774636701154.562500
0.4765100000000001,0.022000000000000002,0.053200000000000004,456774636701154.562500
0.47652000000000005,0.022000000000000002,0.053200000000000004,456774636701154.562500
0.4765300000000001,0.0212,0.055600000000000004,456774636701154.562500
0.4765400000000001,0.0212,0.055600000000000004,456774636701154.562500
0.47655000000000003,0.0228,0.055600000000000004,456774636701154.562500
0.4765600000000001,0.022000000000000002,0.056400000000000006,456774636701154.562500
0.47657000000000005,0.022000000000000002,0.0548,456774636701154.562500
0.4765800000000001,0.0236,0.0572,456774636701154.562500
0.47659000000000007,0.0228,0.053200000000000004,456774636701154.562500
0.47660000000000013,0.0236,0.054,456774636701154.562500
0.4766100000000001,0.0236,0.050800000000000005,456774636701154.562500
0.47662000000000004,0.0228,0.0524,456774636701154.562500
0.4766300000000001,0.0244,0.055600000000000004,456774636701154.562500
0.47664000000000006,0.026000000000000002,0.056400000000000006,456774636701154.562500
0.47665000000000013,0.0244,0.056400000000000006,456774636701154.562500
0.4766600000000001,0.0252,0.0524,456774636701154.562500
0.47667000000000004,0.0244,0.0572,456774636701154.562500
0.4766800000000001,0.0244,0.054,456774636701154.562500
0.47669000000000006,0.0252,0.056400000000000006,456774636701154.562500
0.4767000000000001,0.022000000000000002,0.055600000000000004,456774636701154.562500
0.4767100000000001,0.022000000000000002,0.0548,456774636701154.562500
0.47672000000000003,0.0228,0.055600000000000004,456774636701154.562500
0.4767300000000001,0.0228,0.0548,456774636701154.562500
0.47674000000000005,0.0228,0.0548,456774636701154.562500
0.4767500000000001,0.022000000000000002,0.0572,456774636701154.562500
0.4767600000000001,0.022000000000000002,0.048400000000000006,456774636701154.562500
0.47677,0.0212,0.0548,456774636701154.562500
0.4767800000000001,0.022000000000000002,0.054,456774636701154.562500
0.47679000000000005,0.0196,0.053200000000000004,456774636701154.562500
0.4768000000000001,0.022000000000000002,0.054,456774636701154.562500
0.47681000000000007,0.022000000000000002,0.0548,456774636701154.562500
0.47682000000000013,0.0228,0.056400000000000006,456774636701154.562500
0.4768300000000001,0.022000000000000002,0.054,456774636701154.562500
0.47684000000000004,0.022000000000000002,0.056400000000000006,456774636701154.562500
0.4768500000000001,0.022000000000000002,0.0516,456774636701154.562500
0.47686000000000006,0.022000000000000002,0.056400000000000006,456774636701154.562500
0.4768700000000001,0.0236,0.054,456774636701154.562500
0.4768800000000001,0.0204,0.055600000000000004,456774636701154.562500
0.47689000000000004,0.0196,0.056400000000000006,456774636701154.562500
0.4769000000000001,0.0236,0.0572,456774636701154.562500
0.47691000000000006,0.0228,0.0548,456774636701154.562500
0.4769200000000001,0.0244,0.056400000000000006,456774636701154.562500
0.4769300000000001,0.0236,0.0572,456774636701154.562500
0.47694000000000003,0.0244,0.056400000000000006,456774636701154.562500
0.4769500000000001,0.0244,0.055600000000000004,456774636701154.562500
0.47696000000000005,0.0244,0.055600000000000004,456774636701154.562500
0.4769700000000001,0.0236,0.053200000000000004,456774636701154.562500
0.47698000000000007,0.0228,0.0572,456774636701154.562500
0.47699,0.0244,0.0548,456774636701154.562500
0.4770000000000001,0.022000000000000002,0.0572,456774636701154.562500
0.47701000000000005,0.022000000000000002,0.055600000000000004,456774636701154.562500
0.4770200000000001,0.022000000000000002,0.056400000000000006,456774636701154.562500
0.47703000000000007,0.0252,0.0548,456774636701154.562500
0.47704000000000013,0.0204,0.0572,456774636701154.562500
0.4770500000000001,0.0228,0.054,456774636701154.562500
0.47706000000000004,0.0228,0.0548,456774636701154.562500
0.4770700000000001,0.022000000000000002,0.055600000000000004,456774636701154.562500
0.47708000000000006,0.0228,0.055600000000000004,456774636701154.562500
0.4770900000000001,0.0228,0.055600000000000004,456774636701154.562500
0.4771000000000001,0.022000000000000002,0.056400000000000006,456774636701154.562500
0.47711000000000003,0.022000000000000002,0.0516,456774636701154.562500
0.4771200000000001,0.0228,0.054,456774636701154.562500
0.47713000000000005,0.022000000000000002,0.055600000000000004,456774636701154.562500
0.4771400000000001,0.022000000000000002,0.056400000000000006,456774636701154.562500
0.4771500000000001,0.0212,0.058,456774636701154.562500
0.47716000000000003,0.0236,0.0548,456774636701154.562500
0.4771700000000001,0.0228,0.0548,456774636701154.562500
0.47718000000000005,0.0204,0.0572,456774636701154.562500
0.4771900000000001,0.0212,0.056400000000000006,456774636701154.562500
0.47720000000000007,0.0196,0.054,456774636701154.562500
0.47721000000000013,0.0188,0.055600000000000004,456774636701154.562500
0.4772200000000001,0.0212,0.056400000000000006,456774636701154.562500
0.47723000000000004,0.026000000000000002,0.054,456774636701154.562500
0.4772400000000001,0.0228,0.056400000000000006,456774636701154.562500
0.47725000000000006,0.0244,0.056400000000000006,456774636701154.562500
0.47726000000000013,0.0212,0.056400000000000006,456774636701154.562500
0.4772700000000001,0.022000000000000002,0.0524,456774636701154.562500
0.47728000000000004,0.0236,0.0548,456774636701154.562500
0.4772900000000001,0.0204,0.056400000000000006,456774636701154.562500
0.47730000000000006,0.0228,0.056400000000000006,456774636701154.562500
0.4773100000000001,0.0212,0.058,456774636701154.562500
0.4773200000000001,0.0244,0.056400000000000006,456774636701154.562500
0.47733000000000003,0.022000000000000002,0.0572,456774636701154.562500
0.4773400000000001,0.0236,0.058,456774636701154.562500
0.47735000000000005,0.0228,0.055600000000000004,456774636701154.562500
0.4773600000000001,0.022000000000000002,0.0548,456774636701154.562500
0.47737000000000007,0.022000000000000002,0.056400000000000006,456774636701154.562500
0.47738,0.022000000000000002,0.056400000000000006,456774636701154.562500
0.4773900000000001,0.0164,0.0572,456774636701154.562500
0.47740000000000005,0.0204,0.058,456774636701154.562500
0.4774100000000001,0.0196,0.055600000000000004,456774636701154.562500
0.47742000000000007,0.0228,0.055600000000000004,456774636701154.562500
0.47743000000000013,0.0212,0.0548,456774636701154.562500
0.4774400000000001,0.0228,0.055600000000000004,456774636701154.562500
0.47745000000000004,0.0228,0.0548,456774636701154.562500
0.4774600000000001,0.0228,0.0524,456774636701154.562500
0.47747000000000006,0.0196,0.055600000000000004,456774636701154.562500
0.4774800000000001,0.0228,0.055600000000000004,456774636701154.562500
0.4774900000000001,0.0236,0.0548,456774636701154.562500
0.47750000000000004,0.0236,0.058800000000000005,456774636701154.562500
0.4775100000000001,0.0244,0.056400000000000006,456774636701154.562500
0.47752000000000006,0.0244,0.055600000000000004,456774636701154.562500
0.4775300000000001,0.0244,0.0548,456774636701154.562500
0.4775400000000001,0.0244,0.0548,456774636701154.562500
0.47755000000000003,0.0244,0.056400000000000006,456774636701154.562500
0.4775600000000001,0.0252,0.056400000000000006,456774636701154.562500
0.47757000000000005,0.0252,0.0572,456774636701154.562500
0.4775800000000001,0.0228,0.055600000000000004,456774636701154.562500
0.47759000000000007,0.0204,0.058,456774636701154.562500
0.4776,0.022000000000000002,0.058,456774636701154.562500
0.4776100000000001,0.0236,0.055600000000000004,456774636701154.562500
0.47762000000000004,0.0228,0.0548,456774636701154.562500
0.4776300000000001,0.0236,0.056400000000000006,456774636701154.562500
0.47764000000000006,0.0212,0.055600000000000004,456774636701154.562500
0.47765000000000013,0.0236,0.0572,456774636701154.562500
0.4776600000000001,0.022000000000000002,0.056400000000000006,456774636701154.562500
0.47767000000000004,0.0228,0.0572,456774636701154.562500
0.4776800000000001,0.0212,0.0572,456774636701154.562500
0.47769000000000006,0.0228,0.053200000000000004,456774636701154.562500
0.4777000000000001,0.022000000000000002,0.055600000000000004,456774636701154.562500
0.4777100000000001,0.0204,0.055600000000000004,456774636701154.562500
0.47772000000000003,0.0204,0.0572,456774636701154.562500
0.4777300000000001,0.0204,0.055600000000000004,456774636701154.562500
0.47774000000000005,0.0236,0.055600000000000004,456774636701154.562500
0.4777500000000001,0.022000000000000002,0.0524,456774636701154.562500
0.4777600000000001,0.0236,0.0572,456774636701154.562500
0.47777000000000003,0.022000000000000002,0.055600000000000004,456774636701154.562500
0.4777800000000001,0.0228,0.055600000000000004,456774636701154.562500
0.47779000000000005,0.0236,0.0548,456774636701154.562500
0.4778000000000001,0.0228,0.055600000000000004,456774636701154.562500
0.47781000000000007,0.0228,0.0548,456774636701154.562500
0.47782000000000013,0.0212,0.054,456774636701154.562500
0.4778300000000001,0.0236,0.0572,456774636701154.562500
0.47784000000000004,0.0244,0.056400000000000006,456774636701154.562500
0.4778500000000001,0.0244,0.056400000000000006,456774636701154.562500
0.47786000000000006,0.0244,0.056400000000000006,456774636701154.562500
0.47787000000000013,0.0236,0.056400000000000006,456774636701154.562500
0.4778800000000001,0.0236,0.056400000000000006,456774636701154.562500
0.47789000000000004,0.0252,0.0548,456774636701154.562500
0.4779000000000001,0.0244,0.056400000000000006,456774636701154.562500
0.47791000000000006,0.0244,0.0572,456774636701154.562500
0.4779200000000001,0.0236,0.055600000000000004,456774636701154.562500
0.4779300000000001,0.0236,0.056400000000000006,456774636701154.562500
0.47794000000000003,0.0236,0.055600000000000004,456774636701154.562500
0.4779500000000001,0.0228,0.058,456774636701154.562500
0.47796000000000005,0.022000000000000002,0.0468,456774636701154.562500
0.4779700000000001,0.022000000000000002,0.054,456774636701154.562500
0.47798000000000007,0.0236,0.056400000000000006,456774636701154.562500
0.47799,0.0188,0.0548,456774636701154.562500
0.4780000000000001,0.022000000000000002,0.053200000000000004,456774636701154.562500
0.47801000000000005,0.0164,0.056400000000000006,456774636701154.562500
0.4780200000000001,0.0228,0.055600000000000004,456774636701154.562500
0.47803000000000007,0.022000000000000002,0.053200000000000004,456774636701154.562500
0.47804000000000013,0.0204,0.055600000000000004,456774636701154.562500
0.4780500000000001,0.0196,0.0572,456774636701154.562500
0.47806000000000004,0.0228,0.055600000000000004,456774636701154.562500
0.4780700000000001,0.0236,0.054,456774636701154.562500
0.47808000000000006,0.0212,0.0524,456774636701154.562500
0.4780900000000001,0.0196,0.058,456774636701154.562500
0.4781000000000001,0.022000000000000002,0.056400000000000006,456774636701154.562500
0.47811000000000003,0.022000000000000002,0.056400000000000006,456774636701154.562500
0.4781200000000001,0.0212,0.053200000000000004,456774636701154.562500
0.47813000000000005,0.0228,0.048400000000000006,456774636701154.562500
0.4781400000000001,0.0244,0.056400000000000006,456774636701154.562500
0.4781500000000001,0.0228,0.0548,456774636701154.562500
0.47816000000000003,0.022000000000000002,0.054,456774636701154.562500
0.4781700000000001,0.0228,0.0548,456774636701154.562500
0.47818000000000005,0.0236,0.0516,456774636701154.562500
0.4781900000000001,0.0236,0.054,456774636701154.562500
0.47820000000000007,0.0252,0.0572,456774636701154.562500
0.47821000000000013,0.0228,0.053200000000000004,456774636701154.562500
0.4782200000000001,0.0236,0.054,456774636701154.562500
0.47823000000000004,0.0196,0.0548,456774636701154.562500
0.4782400000000001,0.0228,0.0548,456774636701154.562500
0.47825000000000006,0.0204,0.0516,456774636701154.562500
0.47826000000000013,0.022000000000000002,0.058,456774636701154.562500
0.4782700000000001,0.0228,0.0548,456774636701154.562500
0.47828000000000004,0.022000000000000002,0.054,456774636701154.562500
0.4782900000000001,0.0236,0.0572,456774636701154.562500
0.47830000000000006,0.0228,0.053200000000000004,456774636701154.562500
0.4783100000000001,0.022000000000000002,0.056400000000000006,456774636701154.562500
0.4783200000000001,0.0204,0.055600000000000004,456774636701154.562500
0.47833000000000003,0.022000000000000002,0.058,456774636701154.562500
0.4783400000000001,0.0204,0.05,456774636701154.562500
0.47835000000000005,0.0228,0.058,456774636701154.562500
0.4783600000000001,0.0212,0.0548,456774636701154.562500
0.4783700000000001,0.0228,0.0548,456774636701154.562500
0.47838,0.0228,0.0516,456774636701154.562500
0.4783900000000001,0.015600000000000001,0.053200000000000004,456774636701154.562500
0.47840000000000005,0.0228,0.0388,456774636701154.562500
0.4784100000000001,0.022000000000000002,0.0524,456774636701154.562500
0.47842000000000007,0.0236,0.0548,456774636701154.562500
0.47843000000000013,0.0244,0.055600000000000004,456774636701154.562500
0.4784400000000001,0.022000000000000002,0.055600000000000004,456774636701154.562500
0.47845000000000004,0.0236,0.056400000000000006,456774636701154.562500
0.4784600000000001,0.0244,0.0572,456774636701154.562500
0.47847000000000006,0.022000000000000002,0.0572,456774636701154.562500
0.4784800000000001,0.0236,0.056400000000000006,456774636701154.562500
0.4784900000000001,0.0252,0.055600000000000004,456774636701154.562500
0.47850000000000004,0.0236,0.046,456774636701154.562500
0.4785100000000001,0.0236,0.0572,456774636701154.562500
0.47852000000000006,0.0212,0.054,456774636701154.562500
0.4785300000000001,0.0228,0.0548,456774636701154.562500
0.4785400000000001,0.0236,0.056400000000000006,456774636701154.562500
0.47855000000000003,0.022000000000000002,0.0524,456774636701154.562500
0.4785600000000001,0.0212,0.056400000000000006,456774636701154.562500
0.47857000000000005,0.0236,0.0572,456774636701154.562500
0.4785800000000001,0.0228,0.054,456774636701154.562500
0.47859000000000007,0.022000000000000002,0.0572,456774636701154.562500
0.4786,0.0188,0.055600000000000004,456774636701154.562500
0.4786100000000001,0.0236,0.0548,456774636701154.562500
0.47862000000000005,0.0212,0.055600000000000004,456774636701154.562500
0.4786300000000001,0.0212,0.046,456774636701154.562500
0.47864000000000007,0.0212,0.055600000000000004,456774636701154.562500
0.47865000000000013,0.0212,0.0524,456774636701154.562500
0.4786600000000001,0.0212,0.054,456774636701154.562500
0.47867000000000004,0.022000000000000002,0.0572,456774636701154.562500
0.4786800000000001,0.0204,0.0548,456774636701154.562500
0.47869000000000006,0.0228,0.056400000000000006,456774636701154.562500
0.4787000000000001,0.0236,0.0572,456774636701154.562500
0.4787100000000001,0.022000000000000002,0.0548,456774636701154.562500
0.47872000000000003,0.022000000000000002,0.054,456774636701154.562500
0.4787300000000001,0.0228,0.058,456774636701154.562500
0.47874000000000005,0.022000000000000002,0.056400000000000006,456774636701154.562500
0.4787500000000001,0.0244,0.054,456774636701154.562500
0.4787600000000001,0.0244,0.0548,456774636701154.562500
0.47877000000000003,0.0244,0.056400000000000006,456774636701154.562500
0.4787800000000001,0.0252,0.0548,456774636701154.562500
0.47879000000000005,0.0204,0.056400000000000006,456774636701154.562500
0.4788000000000001,0.0228,0.0516,456774636701154.562500
0.47881000000000007,0.0236,0.055600000000000004,456774636701154.562500
0.47882000000000013,0.0228,0.054,456774636701154.562500
0.4788300000000001,0.022000000000000002,0.0548,456774636701154.562500
0.47884000000000004,0.0244,0.054,456774636701154.562500
0.4788500000000001,0.0228,0.055600000000000004,456774636701154.562500
0.47886000000000006,0.022000000000000002,0.054,456774636701154.562500
0.47887000000000013,0.0236,0.0572,456774636701154.562500
0.4788800000000001,0.0236,0.0548,456774636701154.562500
0.47889000000000004,0.022000000000000002,0.0572,456774636701154.562500
0.4789000000000001,0.0228,0.0476,456774636701154.562500
0.47891000000000006,0.0196,0.0572,456774636701154.562500
0.4789200000000001,0.0228,0.05,456774636701154.562500
0.4789300000000001,0.0212,0.055600000000000004,456774636701154.562500
0.47894000000000003,0.0212,0.050800000000000005,456774636701154.562500
0.4789500000000001,0.022000000000000002,0.0572,456774636701154.562500
0.47896000000000005,0.0244,0.054,456774636701154.562500
0.4789700000000001,0.022000000000000002,0.055600000000000004,456774636701154.562500
0.4789800000000001,0.022000000000000002,0.0572,456774636701154.562500
0.47899,0.022000000000000002,0.055600000000000004,456774636701154.562500
0.4790000000000001,0.0228,0.055600000000000004,456774636701154.562500
0.47901000000000005,0.0228,0.0572,456774636701154.562500
0.4790200000000001,0.0244,0.0572,456774636701154.562500
0.47903000000000007,0.022000000000000002,0.056400000000000006,456774636701154.562500
0.47904000000000013,0.022000000000000002,0.0548,456774636701154.562500
0.4790500000000001,0.0236,0.055600000000000004,456774636701154.562500
0.47906000000000004,0.022000000000000002,0.055600000000000004,456774636701154.562500
0.4790700000000001,0.0236,0.0572,456774636701154.562500
0.47908000000000006,0.0244,0.054,456774636701154.562500
0.4790900000000001,0.0252,0.056400000000000006,456774636701154.562500
0.4791000000000001,0.0244,0.055600000000000004,456774636701154.562500
0.47911000000000004,0.0236,0.056400000000000006,456774636701154.562500
0.4791200000000001,0.0244,0.0548,456774636701154.562500
0.47913000000000006,0.0228,0.054,456774636701154.562500
0.4791400000000001,0.0236,0.058,456774636701154.562500
0.4791500000000001,0.022000000000000002,0.056400000000000006,456774636701154.562500
0.47916000000000003,0.0252,0.053200000000000004,456774636701154.562500
0.4791700000000001,0.0228,0.058,456774636701154.562500
0.47918000000000005,0.0228,0.053200000000000004,456774636701154.562500
0.4791900000000001,0.0228,0.055600000000000004,456774636701154.562500
0.47920000000000007,0.0204,0.056400000000000006,456774636701154.562500
0.47921,0.0204,0.056400000000000006,456774636701154.562500
0.4792200000000001,0.022000000000000002,0.0572,456774636701154.562500
0.47923000000000004,0.0236,0.054,456774636701154.562500
0.4792400000000001,0.0228,0.055600000000000004,456774636701154.562500
0.47925000000000006,0.0228,0.056400000000000006,456774636701154.562500
0.47926000000000013,0.022000000000000002,0.0524,456774636701154.562500
0.4792700000000001,0.0212,0.054,456774636701154.562500
0.47928000000000004,0.0204,0.0444,456774636701154.562500
0.4792900000000001,0.0196,0.055600000000000004,456774636701154.562500
0.47930000000000006,0.0212,0.058,456774636701154.562500
0.4793100000000001,0.022000000000000002,0.058,456774636701154.562500
0.4793200000000001,0.0252,0.0572,456774636701154.562500
0.47933000000000003,0.0244,0.056400000000000006,456774636701154.562500
0.4793400000000001,0.0228,0.056400000000000006,456774636701154.562500
0.47935000000000005,0.0236,0.056400000000000006,456774636701154.562500
0.4793600000000001,0.0244,0.0516,456774636701154.562500
0.4793700000000001,0.0244,0.054,456774636701154.562500
0.47938000000000003,0.0212,0.0572,456774636701154.562500
0.4793900000000001,0.0244,0.0572,456774636701154.562500
0.47940000000000005,0.0196,0.0524,456774636701154.562500
0.4794100000000001,0.0236,0.053200000000000004,456774636701154.562500
0.47942000000000007,0.022000000000000002,0.050800000000000005,456774636701154.562500
0.47943000000000013,0.0244,0.0572,456774636701154.562500
0.4794400000000001,0.0228,0.055600000000000004,456774636701154.562500
0.47945000000000004,0.0244,0.0524,456774636701154.562500
0.4794600000000001,0.022000000000000002,0.0524,456774636701154.562500
0.47947000000000006,0.022000000000000002,0.0524,456774636701154.562500
0.47948000000000013,0.0228,0.055600000000000004,456774636701154.562500
0.4794900000000001,0.022000000000000002,0.055600000000000004,456774636701154.562500
0.47950000000000004,0.022000000000000002,0.058,456774636701154.562500
0.4795100000000001,0.0212,0.054,456774636701154.562500
0.47952000000000006,0.0236,0.055600000000000004,456774636701154.562500
0.4795300000000001,0.022000000000000002,0.0548,456774636701154.562500
0.4795400000000001,0.022000000000000002,0.0572,456774636701154.562500
0.47955000000000003,0.0228,0.054,456774636701154.562500
0.4795600000000001,0.022000000000000002,0.0524,456774636701154.562500
0.47957000000000005,0.0204,0.046,456774636701154.562500
0.4795800000000001,0.0148,0.056400000000000006,456774636701154.562500
0.47959000000000007,0.0204,0.0572,456774636701154.562500
0.4796,0.0244,0.055600000000000004,456774636701154.562500
0.4796100000000001,0.0204,0.053200000000000004,456774636701154.562500
0.47962000000000005,0.0172,0.0572,456774636701154.562500
0.4796300000000001,0.0204,0.0572,456774636701154.562500
0.47964000000000007,0.022000000000000002,0.0548,456774636701154.562500
0.47965000000000013,0.0244,0.0572,456774636701154.562500
0.4796600000000001,0.0236,0.0572,456774636701154.562500
0.47967000000000004,0.0204,0.056400000000000006,456774636701154.562500
0.4796800000000001,0.0244,0.056400000000000006,456774636701154.562500
0.47969000000000006,0.022000000000000002,0.0524,456774636701154.562500
0.4797000000000001,0.0244,0.058,456774636701154.562500
0.4797100000000001,0.0244,0.056400000000000006,456774636701154.562500
0.47972000000000004,0.0236,0.0572,456774636701154.562500
0.4797300000000001,0.0236,0.056400000000000006,456774636701154.562500
0.47974000000000006,0.0244,0.0516,456774636701154.562500
0.4797500000000001,0.0236,0.0548,456774636701154.562500
0.4797600000000001,0.022000000000000002,0.054,456774636701154.562500
0.47977000000000003,0.0228,0.0468,456774636701154.562500
0.4797800000000001,0.0228,0.0476,456774636701154.562500
0.47979000000000005,0.0212,0.0548,456774636701154.562500
0.4798000000000001,0.022000000000000002,0.0524,456774636701154.562500
0.47981000000000007,0.022000000000000002,0.055600000000000004,456774636701154.562500
0.47982000000000014,0.022000000000000002,0.053200000000000004,456774636701154.562500
0.4798300000000001,0.022000000000000002,0.053200000000000004,456774636701154.562500
0.47984000000000004,0.0212,0.0516,456774636701154.562500
0.4798500000000001,0.0204,0.056400000000000006,456774636701154.562500
0.47986000000000006,0.022000000000000002,0.0524,456774636701154.562500
0.47987000000000013,0.0212,0.056400000000000006,456774636701154.562500
0.4798800000000001,0.0212,0.0572,456774636701154.562500
0.47989000000000004,0.0228,0.058,456774636701154.562500
0.4799000000000001,0.022000000000000002,0.0548,456774636701154.562500
0.47991000000000006,0.0236,0.0548,456774636701154.562500
0.4799200000000001,0.022000000000000002,0.056400000000000006,456774636701154.562500
0.4799300000000001,0.022000000000000002,0.053200000000000004,456774636701154.562500
0.47994000000000003,0.0228,0.056400000000000006,456774636701154.562500
0.4799500000000001,0.0228,0.055600000000000004,456774636701154.562500
0.47996000000000005,0.0212,0.056400000000000006,456774636701154.562500
0.4799700000000001,0.022000000000000002,0.0572,456774636701154.562500
0.4799800000000001,0.0204,0.0572,456774636701154.562500
0.47999,0.0244,0.0476,456774636701154.562500
0.4800000000000001,0.0228,0.053200000000000004,456774636701154.562500
0.48001000000000005,0.0204,0.0476,456774636701154.562500
0.4800200000000001,0.0244,0.056400000000000006,456774636701154.562500
0.48003000000000007,0.0228,0.0516,456774636701154.562500
0.48004000000000013,0.0252,0.054,456774636701154.562500
0.4800500000000001,0.0212,0.056400000000000006,456774636701154.562500
0.48006000000000004,0.0228,0.0468,456774636701154.562500
0.4800700000000001,0.022000000000000002,0.05,456774636701154.562500
0.48008000000000006,0.0236,0.056400000000000006,456774636701154.562500
0.48009000000000013,0.0228,0.0548,456774636701154.562500
0.4801000000000001,0.022000000000000002,0.0572,456774636701154.562500
0.48011000000000004,0.022000000000000002,0.056400000000000006,456774636701154.562500
0.4801200000000001,0.0212,0.054,456774636701154.562500
0.48013000000000006,0.0172,0.056400000000000006,456774636701154.562500
0.4801400000000001,0.022000000000000002,0.056400000000000006,456774636701154.562500
0.4801500000000001,0.022000000000000002,0.058,456774636701154.562500
0.48016000000000003,0.022000000000000002,0.054,456774636701154.562500
0.4801700000000001,0.0228,0.056400000000000006,456774636701154.562500
0.48018000000000005,0.0236,0.056400000000000006,456774636701154.562500
0.4801900000000001,0.022000000000000002,0.055600000000000004,456774636701154.562500
0.48020000000000007,0.0228,0.0516,456774636701154.562500
0.48021,0.018000000000000002,0.0548,456774636701154.562500
0.4802200000000001,0.0228,0.0572,456774636701154.562500
0.48023000000000005,0.022000000000000002,0.055600000000000004,456774636701154.562500
0.4802400000000001,0.0228,0.0572,456774636701154.562500
0.48025000000000007,0.0236,0.058,456774636701154.562500
0.48026000000000013,0.0228,0.0548,456774636701154.562500
0.4802700000000001,0.0236,0.0548,456774636701154.562500
0.48028000000000004,0.0212,0.0548,456774636701154.562500
0.4802900000000001,0.0244,0.0572,456774636701154.562500
0.48030000000000006,0.018000000000000002,0.054,456774636701154.562500
0.4803100000000001,0.022000000000000002,0.055600000000000004,456774636701154.562500
0.4803200000000001,0.0244,0.053200000000000004,456774636701154.562500
0.48033000000000003,0.0236,0.056400000000000006,456774636701154.562500
0.4803400000000001,0.0236,0.0572,456774636701154.562500
0.48035000000000005,0.0236,0.053200000000000004,456774636701154.562500
0.4803600000000001,0.0196,0.058,456774636701154.562500
0.4803700000000001,0.0244,0.056400000000000006,456774636701154.562500
0.48038000000000003,0.0236,0.055600000000000004,456774636701154.562500
0.4803900000000001,0.0236,0.054,456774636701154.562500
0.48040000000000005,0.0228,0.055600000000000004,456774636701154.562500
0.4804100000000001,0.022000000000000002,0.055600000000000004,456774636701154.562500
0.48042000000000007,0.0236,0.056400000000000006,456774636701154.562500
0.48043000000000013,0.022000000000000002,0.055600000000000004,456774636701154.562500
0.4804400000000001,0.0228,0.056400000000000006,456774636701154.562500
0.48045000000000004,0.022000000000000002,0.055600000000000004,456774636701154.562500
0.4804600000000001,0.0204,0.055600000000000004,456774636701154.562500
0.48047000000000006,0.022000000000000002,0.056400000000000006,456774636701154.562500
0.48048000000000013,0.0236,0.058,456774636701154.562500
0.4804900000000001,0.0188,0.058,456774636701154.562500
0.48050000000000004,0.0228,0.055600000000000004,456774636701154.562500
0.4805100000000001,0.022000000000000002,0.056400000000000006,456774636701154.562500
0.48052000000000006,0.022000000000000002,0.055600000000000004,456774636701154.562500
0.4805300000000001,0.0228,0.058,456774636701154.562500
0.4805400000000001,0.0228,0.0468,456774636701154.562500
0.48055000000000003,0.0236,0.058,456774636701154.562500
0.4805600000000001,0.0252,0.050800000000000005,456774636701154.562500
0.48057000000000005,0.0236,0.055600000000000004,456774636701154.562500
0.4805800000000001,0.0252,0.056400000000000006,456774636701154.562500
0.4805900000000001,0.0228,0.055600000000000004,456774636701154.562500
0.4806,0.0244,0.056400000000000006,456774636701154.562500
0.4806100000000001,0.0244,0.056400000000000006,456774636701154.562500
0.48062000000000005,0.0204,0.053200000000000004,456774636701154.562500
0.4806300000000001,0.0236,0.056400000000000006,456774636701154.562500
0.48064000000000007,0.0204,0.0548,456774636701154.562500
0.48065000000000013,0.0252,0.048400000000000006,456774636701154.562500
0.4806600000000001,0.0196,0.0516,456774636701154.562500
0.48067000000000004,0.0212,0.0572,456774636701154.562500
0.4806800000000001,0.018000000000000002,0.055600000000000004,456774636701154.562500
0.48069000000000006,0.0228,0.0548,456774636701154.562500
0.4807000000000001,0.0172,0.058800000000000005,456774636701154.562500
0.4807100000000001,0.022000000000000002,0.058,456774636701154.562500
0.48072000000000004,0.0212,0.054,456774636701154.562500
0.4807300000000001,0.022000000000000002,0.056400000000000006,456774636701154.562500
0.48074000000000006,0.0204,0.056400000000000006,456774636701154.562500
0.4807500000000001,0.0196,0.056400000000000006,456774636701154.562500
0.4807600000000001,0.0228,0.056400000000000006,456774636701154.562500
0.48077000000000003,0.022000000000000002,0.0572,456774636701154.562500
0.4807800000000001,0.0236,0.0572,456774636701154.562500
0.48079000000000005,0.0236,0.050800000000000005,456774636701154.562500
0.4808000000000001,0.0228,0.0548,456774636701154.562500
0.48081000000000007,0.0244,0.0548,456774636701154.562500
0.48082,0.0212,0.054,456774636701154.562500
0.4808300000000001,0.0228,0.053200000000000004,456774636701154.562500
0.48084000000000005,0.022000000000000002,0.0572,456774636701154.562500
0.4808500000000001,0.0212,0.055600000000000004,456774636701154.562500
0.48086000000000007,0.0236,0.054,456774636701154.562500
0.48087000000000013,0.0244,0.058,456774636701154.562500
0.4808800000000001,0.0236,0.053200000000000004,456774636701154.562500
0.48089000000000004,0.0228,0.055600000000000004,456774636701154.562500
0.4809000000000001,0.0236,0.05,456774636701154.562500
0.48091000000000006,0.022000000000000002,0.058,456774636701154.562500
0.4809200000000001,0.0228,0.0492,456774636701154.562500
0.4809300000000001,0.0252,0.0548,456774636701154.562500
0.48094000000000003,0.0236,0.054,456774636701154.562500
0.4809500000000001,0.0204,0.053200000000000004,456774636701154.562500
0.48096000000000005,0.026000000000000002,0.053200000000000004,456774636701154.562500
0.4809700000000001,0.0212,0.056400000000000006,456774636701154.562500
0.4809800000000001,0.022000000000000002,0.054,456774636701154.562500
0.48099000000000003,0.0204,0.053200000000000004,456774636701154.562500
0.4810000000000001,0.0212,0.056400000000000006,456774636701154.562500
0.48101000000000005,0.0236,0.056400000000000006,456774636701154.562500
0.4810200000000001,0.0212,0.055600000000000004,456774636701154.562500
0.48103000000000007,0.0236,0.0572,456774636701154.562500
0.48104000000000013,0.022000000000000002,0.0572,456774636701154.562500
0.4810500000000001,0.0236,0.0548,456774636701154.562500
0.48106000000000004,0.0236,0.0572,456774636701154.562500
0.4810700000000001,0.0196,0.054,456774636701154.562500
0.48108000000000006,0.0228,0.0516,456774636701154.562500
0.48109000000000013,0.0212,0.054,456774636701154.562500
0.4811000000000001,0.022000000000000002,0.055600000000000004,456774636701154.562500
0.48111000000000004,0.0228,0.054,456774636701154.562500
0.4811200000000001,0.0204,0.0548,456774636701154.562500
0.48113000000000006,0.0204,0.054,456774636701154.562500
0.4811400000000001,0.0228,0.055600000000000004,456774636701154.562500
0.4811500000000001,0.022000000000000002,0.055600000000000004,456774636701154.562500
0.48116000000000003,0.022000000000000002,0.056400000000000006,456774636701154.562500
0.4811700000000001,0.0228,0.0548,456774636701154.562500
0.48118000000000005,0.0236,0.055600000000000004,456774636701154.562500
0.4811900000000001,0.0228,0.0524,456774636701154.562500
0.48120000000000007,0.0268,0.056400000000000006,456774636701154.562500
0.48121,0.0244,0.055600000000000004,456774636701154.562500
0.4812200000000001,0.0236,0.0572,456774636701154.562500
0.48123000000000005,0.022000000000000002,0.058,456774636701154.562500
0.4812400000000001,0.0252,0.058,456774636701154.562500
0.48125000000000007,0.022000000000000002,0.056400000000000006,456774636701154.562500
0.48126000000000013,0.0236,0.0572,456774636701154.562500
0.4812700000000001,0.0204,0.056400000000000006,456774636701154.562500
0.48128000000000004,0.0252,0.055600000000000004,456774636701154.562500
0.4812900000000001,0.0212,0.054,456774636701154.562500
0.48130000000000006,0.0252,0.05,456774636701154.562500
0.4813100000000001,0.0244,0.056400000000000006,456774636701154.562500
0.4813200000000001,0.022000000000000002,0.058,456774636701154.562500
0.48133000000000004,0.022000000000000002,0.056400000000000006,456774636701154.562500
0.4813400000000001,0.0204,0.0572,456774636701154.562500
0.48135000000000006,0.0196,0.0548,456774636701154.562500
0.4813600000000001,0.018000000000000002,0.055600000000000004,456774636701154.562500
0.4813700000000001,0.022000000000000002,0.054,456774636701154.562500
0.48138000000000003,0.022000000000000002,0.053200000000000004,456774636701154.562500
0.4813900000000001,0.022000000000000002,0.056400000000000006,456774636701154.562500
0.48140000000000005,0.0212,0.0516,456774636701154.562500
0.4814100000000001,0.022000000000000002,0.0516,456774636701154.562500
0.48142000000000007,0.022000000000000002,0.055600000000000004,456774636701154.562500
0.48143000000000014,0.0212,0.054,456774636701154.562500
0.4814400000000001,0.0236,0.0572,456774636701154.562500
0.48145000000000004,0.0236,0.056400000000000006,456774636701154.562500
0.4814600000000001,0.0212,0.055600000000000004,456774636701154.562500
0.48147000000000006,0.0244,0.053200000000000004,456774636701154.562500
0.48148000000000013,0.0196,0.0524,456774636701154.562500
0.4814900000000001,0.0244,0.0524,456774636701154.562500
0.48150000000000004,0.0244,0.054,456774636701154.562500
0.4815100000000001,0.0244,0.0572,456774636701154.562500
0.48152000000000006,0.0236,0.0516,456774636701154.562500
0.4815300000000001,0.022000000000000002,0.054,456774636701154.562500
0.4815400000000001,0.0244,0.055600000000000004,456774636701154.562500
0.48155000000000003,0.0236,0.0572,456774636701154.562500
0.4815600000000001,0.0244,0.056400000000000006,456774636701154.562500
0.48157000000000005,0.0228,0.0572,456774636701154.562500
0.4815800000000001,0.0252,0.056400000000000006,456774636701154.562500
0.4815900000000001,0.0196,0.0524,456774636701154.562500
0.48160000000000003,0.0228,0.056400000000000006,456774636701154.562500
0.4816100000000001,0.0228,0.0524,456774636701154.562500
0.48162000000000005,0.022000000000000002,0.055600000000000004,456774636701154.562500
0.4816300000000001,0.018000000000000002,0.0468,456774636701154.562500
0.48164000000000007,0.022000000000000002,0.056400000000000006,456774636701154.562500
0.48165000000000013,0.018000000000000002,0.0548,456774636701154.562500
0.4816600000000001,0.0196,0.056400000000000006,456774636701154.562500
0.48167000000000004,0.0212,0.054,456774636701154.562500
0.4816800000000001,0.022000000000000002,0.0572,456774636701154.562500
0.48169000000000006,0.022000000000000002,0.055600000000000004,456774636701154.562500
0.48170000000000013,0.0228,0.055600000000000004,456774636701154.562500
0.4817100000000001,0.0212,0.054,456774636701154.562500
0.48172000000000004,0.022000000000000002,0.0516,456774636701154.562500
0.4817300000000001,0.022000000000000002,0.056400000000000006,456774636701154.562500
0.48174000000000006,0.0236,0.0524,456774636701154.562500
0.4817500000000001,0.0236,0.055600000000000004,456774636701154.562500
0.4817600000000001,0.0228,0.0548,456774636701154.562500
0.48177000000000003,0.0244,0.055600000000000004,456774636701154.562500
0.4817800000000001,0.0244,0.054,456774636701154.562500
0.48179000000000005,0.0244,0.0492,456774636701154.562500
0.4818000000000001,0.022000000000000002,0.054,456774636701154.562500
0.48181000000000007,0.0244,0.054,456774636701154.562500
0.48182,0.0228,0.0572,456774636701154.562500
0.4818300000000001,0.0236,0.056400000000000006,456774636701154.562500
0.48184000000000005,0.0228,0.055600000000000004,456774636701154.562500
0.4818500000000001,0.0212,0.056400000000000006,456774636701154.562500
0.48186000000000007,0.0244,0.054,456774636701154.562500
0.48187000000000013,0.022000000000000002,0.055600000000000004,456774636701154.562500
0.4818800000000001,0.0236,0.0572,456774636701154.562500
0.48189000000000004,0.0204,0.056400000000000006,456774636701154.562500
0.4819000000000001,0.0228,0.056400000000000006,456774636701154.562500
0.48191000000000006,0.0236,0.056400000000000006,456774636701154.562500
0.4819200000000001,0.0236,0.055600000000000004,456774636701154.562500
0.4819300000000001,0.0228,0.0572,456774636701154.562500
0.48194000000000004,0.022000000000000002,0.0516,456774636701154.562500
0.4819500000000001,0.0204,0.0516,456774636701154.562500
0.48196000000000006,0.0196,0.040400000000000005,456774636701154.562500
0.4819700000000001,0.0196,0.0436,456774636701154.562500
0.4819800000000001,0.022000000000000002,0.042800000000000005,456774636701154.562500
0.48199000000000003,0.0236,0.0524,456774636701154.562500
0.4820000000000001,0.022000000000000002,0.0548,456774636701154.562500
0.48201000000000005,0.022000000000000002,0.056400000000000006,456774636701154.562500
0.4820200000000001,0.0204,0.0572,456774636701154.562500
0.48203000000000007,0.0212,0.056400000000000006,456774636701154.562500
0.48204000000000014,0.0236,0.056400000000000006,456774636701154.562500
0.4820500000000001,0.022000000000000002,0.056400000000000006,456774636701154.562500
0.48206000000000004,0.0228,0.0572,456774636701154.562500
0.4820700000000001,0.0204,0.056400000000000006,456774636701154.562500
0.48208000000000006,0.0228,0.056400000000000006,456774636701154.562500
0.48209000000000013,0.022000000000000002,0.054,456774636701154.562500
0.4821000000000001,0.0252,0.056400000000000006,456774636701154.562500
0.48211000000000004,0.022000000000000002,0.0524,456774636701154.562500
0.4821200000000001,0.0244,0.0524,456774636701154.562500
0.48213000000000006,0.0236,0.054,456774636701154.562500
0.4821400000000001,0.0252,0.0548,456774636701154.562500
0.4821500000000001,0.0244,0.056400000000000006,456774636701154.562500
0.48216000000000003,0.0244,0.055600000000000004,456774636701154.562500
0.4821700000000001,0.0236,0.054,456774636701154.562500
0.48218000000000005,0.022000000000000002,0.0572,456774636701154.562500
0.4821900000000001,0.022000000000000002,0.0524,456774636701154.562500
0.4822000000000001,0.022000000000000002,0.0572,456774636701154.562500
0.48221,0.0236,0.0548,456774636701154.562500
0.4822200000000001,0.0188,0.050800000000000005,456774636701154.562500
0.48223000000000005,0.0228,0.055600000000000004,456774636701154.562500
0.4822400000000001,0.0228,0.056400000000000006,456774636701154.562500
0.48225000000000007,0.0212,0.05,456774636701154.562500
0.48226000000000013,0.0228,0.0468,456774636701154.562500
0.4822700000000001,0.022000000000000002,0.054,456774636701154.562500
0.48228000000000004,0.022000000000000002,0.056400000000000006,456774636701154.562500
0.4822900000000001,0.022000000000000002,0.0572,456774636701154.562500
0.48230000000000006,0.022000000000000002,0.055600000000000004,456774636701154.562500
0.4823100000000001,0.022000000000000002,0.055600000000000004,456774636701154.562500
0.4823200000000001,0.0228,0.054,456774636701154.562500
0.48233000000000004,0.022000000000000002,0.056400000000000006,456774636701154.562500
0.4823400000000001,0.0236,0.056400000000000006,456774636701154.562500
0.48235000000000006,0.0228,0.0492,456774636701154.562500
0.4823600000000001,0.0236,0.0572,456774636701154.562500
0.4823700000000001,0.0244,0.0524,456774636701154.562500
0.48238000000000003,0.0236,0.058,456774636701154.562500
0.4823900000000001,0.0236,0.054,456774636701154.562500
0.48240000000000005,0.0236,0.0516,456774636701154.562500
0.4824100000000001,0.0244,0.0548,456774636701154.562500
0.48242000000000007,0.0236,0.0548,456774636701154.562500
0.48243,0.0228,0.058,456774636701154.562500
0.4824400000000001,0.0236,0.0524,456774636701154.562500
0.48245000000000005,0.0244,0.055600000000000004,456774636701154.562500
0.4824600000000001,0.0212,0.055600000000000004,456774636701154.562500
0.48247000000000007,0.0236,0.0572,456774636701154.562500
0.48248000000000013,0.0228,0.0572,456774636701154.562500
0.4824900000000001,0.0236,0.058,456774636701154.562500
0.48250000000000004,0.0228,0.058,456774636701154.562500
0.4825100000000001,0.0228,0.056400000000000006,456774636701154.562500
0.48252000000000006,0.0244,0.056400000000000006,456774636701154.562500
0.4825300000000001,0.022000000000000002,0.046,456774636701154.562500
0.4825400000000001,0.022000000000000002,0.0572,456774636701154.562500
0.48255000000000003,0.022000000000000002,0.054,456774636701154.562500
0.4825600000000001,0.0228,0.0572,456774636701154.562500
0.48257000000000005,0.0244,0.055600000000000004,456774636701154.562500
0.4825800000000001,0.0212,0.056400000000000006,456774636701154.562500
0.4825900000000001,0.0212,0.056400000000000006,456774636701154.562500
0.48260000000000003,0.0204,0.0572,456774636701154.562500
0.4826100000000001,0.0148,0.054,456774636701154.562500
0.48262000000000005,0.022000000000000002,0.0572,456774636701154.562500
0.4826300000000001,0.0228,0.055600000000000004,456774636701154.562500
0.48264000000000007,0.022000000000000002,0.054,456774636701154.562500
0.48265000000000013,0.022000000000000002,0.0572,456774636701154.562500
0.4826600000000001,0.0228,0.0524,456774636701154.562500
0.48267000000000004,0.022000000000000002,0.058,456774636701154.562500
0.4826800000000001,0.0212,0.0524,456774636701154.562500
0.48269000000000006,0.0204,0.056400000000000006,456774636701154.562500
0.48270000000000013,0.0228,0.053200000000000004,456774636701154.562500
0.4827100000000001,0.0204,0.055600000000000004,456774636701154.562500
0.48272000000000004,0.0236,0.055600000000000004,456774636701154.562500
0.4827300000000001,0.0228,0.056400000000000006,456774636701154.562500
0.48274000000000006,0.0236,0.055600000000000004,456774636701154.562500
0.4827500000000001,0.022000000000000002,0.055600000000000004,456774636701154.562500
0.4827600000000001,0.0236,0.0572,456774636701154.562500
0.48277000000000003,0.0228,0.055600000000000004,456774636701154.562500
0.4827800000000001,0.0228,0.05,456774636701154.562500
0.48279000000000005,0.0236,0.056400000000000006,456774636701154.562500
0.4828000000000001,0.0236,0.0492,456774636701154.562500
0.4828100000000001,0.0228,0.0516,456774636701154.562500
0.48282,0.0236,0.058,456774636701154.562500
0.4828300000000001,0.0228,0.0572,456774636701154.562500
0.48284000000000005,0.022000000000000002,0.0572,456774636701154.562500
0.4828500000000001,0.0228,0.058,456774636701154.562500
0.48286000000000007,0.022000000000000002,0.054,456774636701154.562500
0.48287000000000013,0.022000000000000002,0.055600000000000004,456774636701154.562500
0.4828800000000001,0.0212,0.0524,456774636701154.562500
0.48289000000000004,0.022000000000000002,0.0572,456774636701154.562500
0.4829000000000001,0.0228,0.050800000000000005,456774636701154.562500
0.48291000000000006,0.022000000000000002,0.0516,456774636701154.562500
0.4829200000000001,0.022000000000000002,0.058,456774636701154.562500
0.4829300000000001,0.022000000000000002,0.0548,456774636701154.562500
0.48294000000000004,0.0196,0.056400000000000006,456774636701154.562500
0.4829500000000001,0.0228,0.055600000000000004,456774636701154.562500
0.48296000000000006,0.0188,0.055600000000000004,456774636701154.562500
0.4829700000000001,0.0228,0.054,456774636701154.562500
0.4829800000000001,0.0204,0.055600000000000004,456774636701154.562500
0.48299000000000003,0.0228,0.056400000000000006,456774636701154.562500
0.4830000000000001,0.0228,0.053200000000000004,456774636701154.562500
0.48301000000000005,0.0236,0.055600000000000004,456774636701154.562500
0.4830200000000001,0.022000000000000002,0.0524,456774636701154.562500
0.48303000000000007,0.0244,0.053200000000000004,456774636701154.562500
0.48304000000000014,0.0212,0.055600000000000004,456774636701154.562500
0.4830500000000001,0.0236,0.0524,456774636701154.562500
0.48306000000000004,0.0236,0.055600000000000004,456774636701154.562500
0.4830700000000001,0.0228,0.054,456774636701154.562500
0.48308000000000006,0.0244,0.055600000000000004,456774636701154.562500
0.48309000000000013,0.0244,0.0516,456774636701154.562500
0.4831000000000001,0.0228,0.058800000000000005,456774636701154.562500
0.48311000000000004,0.0236,0.0524,456774636701154.562500
0.4831200000000001,0.0228,0.056400000000000006,456774636701154.562500
0.48313000000000006,0.0236,0.050800000000000005,456774636701154.562500
0.4831400000000001,0.0252,0.055600000000000004,456774636701154.562500
0.4831500000000001,0.0228,0.0572,456774636701154.562500
0.48316000000000003,0.022000000000000002,0.055600000000000004,456774636701154.562500
0.4831700000000001,0.0212,0.056400000000000006,456774636701154.562500
0.48318000000000005,0.0212,0.056400000000000006,456774636701154.562500
0.4831900000000001,0.022000000000000002,0.0516,456774636701154.562500
0.4832000000000001,0.0228,0.0572,456774636701154.562500
0.48321000000000003,0.022000000000000002,0.053200000000000004,456774636701154.562500
0.4832200000000001,0.0212,0.056400000000000006,456774636701154.562500
0.48323000000000005,0.0228,0.054,456774636701154.562500
0.4832400000000001,0.0212,0.054,456774636701154.562500
0.48325000000000007,0.0228,0.0548,456774636701154.562500
0.48326000000000013,0.0228,0.055600000000000004,456774636701154.562500
0.4832700000000001,0.0228,0.056400000000000006,456774636701154.562500
0.48328000000000004,0.0236,0.0572,456774636701154.562500
0.4832900000000001,0.0228,0.056400000000000006,456774636701154.562500
0.48330000000000006,0.0236,0.055600000000000004,456774636701154.562500
0.48331000000000013,0.0236,0.058,456774636701154.562500
0.4833200000000001,0.0236,0.056400000000000006,456774636701154.562500
0.48333000000000004,0.0228,0.0548,456774636701154.562500
0.4833400000000001,0.022000000000000002,0.056400000000000006,456774636701154.562500
0.48335000000000006,0.0244,0.055600000000000004,456774636701154.562500
0.4833600000000001,0.022000000000000002,0.0548,456774636701154.562500
0.4833700000000001,0.0236,0.056400000000000006,456774636701154.562500
0.48338000000000003,0.0244,0.0516,456774636701154.562500
0.4833900000000001,0.0204,0.0572,456774636701154.562500
0.48340000000000005,0.022000000000000002,0.053200000000000004,456774636701154.562500
0.4834100000000001,0.0228,0.0548,456774636701154.562500
0.48342000000000007,0.0236,0.056400000000000006,456774636701154.562500
0.48343,0.0228,0.054,456774636701154.562500
0.4834400000000001,0.0236,0.058,456774636701154.562500
0.48345000000000005,0.022000000000000002,0.0548,456774636701154.562500
0.4834600000000001,0.0204,0.0548,456774636701154.562500
0.48347000000000007,0.022000000000000002,0.056400000000000006,456774636701154.562500
0.48348000000000013,0.0228,0.0548,456774636701154.562500
0.4834900000000001,0.0228,0.056400000000000006,456774636701154.562500
0.48350000000000004,0.0196,0.055600000000000004,456774636701154.562500
0.4835100000000001,0.0212,0.0548,456774636701154.562500
0.48352000000000006,0.0236,0.056400000000000006,456774636701154.562500
0.4835300000000001,0.0228,0.056400000000000006,456774636701154.562500
0.4835400000000001,0.022000000000000002,0.056400000000000006,456774636701154.562500
0.48355000000000004,0.022000000000000002,0.0572,456774636701154.562500
0.4835600000000001,0.022000000000000002,0.055600000000000004,456774636701154.562500
0.48357000000000006,0.0212,0.056400000000000006,456774636701154.562500
0.4835800000000001,0.022000000000000002,0.058,456774636701154.562500
0.4835900000000001,0.022000000000000002,0.055600000000000004,456774636701154.562500
0.48360000000000003,0.0212,0.0572,456774636701154.562500
0.4836100000000001,0.0236,0.056400000000000006,456774636701154.562500
0.48362000000000005,0.0244,0.054,456774636701154.562500
0.4836300000000001,0.0228,0.056400000000000006,456774636701154.562500
0.48364000000000007,0.0252,0.053200000000000004,456774636701154.562500
0.48365000000000014,0.0252,0.0572,456774636701154.562500
0.4836600000000001,0.0244,0.045200000000000004,456774636701154.562500
0.48367000000000004,0.0244,0.056400000000000006,456774636701154.562500
0.4836800000000001,0.0236,0.050800000000000005,456774636701154.562500
0.48369000000000006,0.0244,0.056400000000000006,456774636701154.562500
0.48370000000000013,0.0228,0.0548,456774636701154.562500
0.4837100000000001,0.0244,0.056400000000000006,456774636701154.562500
0.48372000000000004,0.0236,0.053200000000000004,456774636701154.562500
0.4837300000000001,0.0228,0.055600000000000004,456774636701154.562500
0.48374000000000006,0.0228,0.05,456774636701154.562500
0.4837500000000001,0.0236,0.053200000000000004,456774636701154.562500
0.4837600000000001,0.0236,0.056400000000000006,456774636701154.562500
0.48377000000000003,0.0228,0.0572,456774636701154.562500
0.4837800000000001,0.0236,0.0516,456774636701154.562500
0.48379000000000005,0.0204,0.055600000000000004,456774636701154.562500
0.4838000000000001,0.0228,0.0524,456774636701154.562500
0.4838100000000001,0.0236,0.054,456774636701154.562500
0.48382000000000003,0.0228,0.0524,456774636701154.562500
0.4838300000000001,0.022000000000000002,0.056400000000000006,456774636701154.562500
0.48384000000000005,0.022000000000000002,0.054,456774636701154.562500
0.4838500000000001,0.0204,0.056400000000000006,456774636701154.562500
0.48386000000000007,0.022000000000000002,0.055600000000000004,456774636701154.562500
0.48387000000000013,0.0228,0.055600000000000004,456774636701154.562500
0.4838800000000001,0.0236,0.053200000000000004,456774636701154.562500
0.48389000000000004,0.022000000000000002,0.055600000000000004,456774636701154.562500
0.4839000000000001,0.022000000000000002,0.053200000000000004,456774636701154.562500
0.48391000000000006,0.0228,0.054,456774636701154.562500
0.48392000000000013,0.0244,0.056400000000000006,456774636701154.562500
0.4839300000000001,0.026000000000000002,0.056400000000000006,456774636701154.562500
0.48394000000000004,0.0244,0.055600000000000004,456774636701154.562500
0.4839500000000001,0.0236,0.0548,456774636701154.562500
0.48396000000000006,0.022000000000000002,0.055600000000000004,456774636701154.562500
0.4839700000000001,0.0244,0.058,456774636701154.562500
0.4839800000000001,0.0212,0.056400000000000006,456774636701154.562500
0.48399000000000003,0.0244,0.056400000000000006,456774636701154.562500
0.4840000000000001,0.0212,0.0516,456774636701154.562500
0.48401000000000005,0.022000000000000002,0.0572,456774636701154.562500
0.4840200000000001,0.0228,0.0524,456774636701154.562500
0.48403000000000007,0.0236,0.0492,456774636701154.562500
0.48404,0.0236,0.0524,456774636701154.562500
0.4840500000000001,0.0228,0.0492,456774636701154.562500
0.48406000000000005,0.0244,0.0516,456774636701154.562500
0.4840700000000001,0.022000000000000002,0.05,456774636701154.562500
0.48408000000000007,0.0196,0.0572,456774636701154.562500
0.48409000000000013,0.0196,0.0572,456774636701154.562500
0.4841000000000001,0.0164,0.056400000000000006,456774636701154.562500
0.48411000000000004,0.0212,0.055600000000000004,456774636701154.562500
0.4841200000000001,0.022000000000000002,0.0524,456774636701154.562500
0.48413000000000006,0.022000000000000002,0.055600000000000004,456774636701154.562500
0.4841400000000001,0.0236,0.045200000000000004,456774636701154.562500
0.4841500000000001,0.022000000000000002,0.056400000000000006,456774636701154.562500
0.48416000000000003,0.022000000000000002,0.050800000000000005,456774636701154.562500
0.4841700000000001,0.0212,0.055600000000000004,456774636701154.562500
0.48418000000000005,0.0228,0.0572,456774636701154.562500
0.4841900000000001,0.022000000000000002,0.056400000000000006,456774636701154.562500
0.4842000000000001,0.0236,0.056400000000000006,456774636701154.562500
0.48421000000000003,0.0236,0.056400000000000006,456774636701154.562500
0.4842200000000001,0.0228,0.0572,456774636701154.562500
0.48423000000000005,0.0236,0.054,456774636701154.562500
0.4842400000000001,0.0244,0.055600000000000004,456774636701154.562500
0.48425000000000007,0.0252,0.056400000000000006,456774636701154.562500
0.48426000000000013,0.0244,0.042,456774636701154.562500
0.4842700000000001,0.0228,0.0516,456774636701154.562500
0.48428000000000004,0.0244,0.0516,456774636701154.562500
0.4842900000000001,0.0236,0.055600000000000004,456774636701154.562500
0.48430000000000006,0.0252,0.055600000000000004,456774636701154.562500
0.48431000000000013,0.0228,0.0492,456774636701154.562500
0.4843200000000001,0.0228,0.056400000000000006,456774636701154.562500
0.48433000000000004,0.0212,0.0516,456774636701154.562500
0.4843400000000001,0.0212,0.0548,456774636701154.562500
0.48435000000000006,0.0212,0.0412,456774636701154.562500
0.4843600000000001,0.0228,0.055600000000000004,456774636701154.562500
0.4843700000000001,0.0244,0.0516,456774636701154.562500
0.48438000000000003,0.022000000000000002,0.055600000000000004,456774636701154.562500
0.4843900000000001,0.022000000000000002,0.0548,456774636701154.562500
0.48440000000000005,0.022000000000000002,0.056400000000000006,456774636701154.562500
0.4844100000000001,0.022000000000000002,0.0572,456774636701154.562500
0.4844200000000001,0.022000000000000002,0.0572,456774636701154.562500
0.48443,0.0204,0.056400000000000006,456774636701154.562500
0.4844400000000001,0.022000000000000002,0.055600000000000004,456774636701154.562500
0.48445000000000005,0.018000000000000002,0.058,456774636701154.562500
0.4844600000000001,0.022000000000000002,0.0572,456774636701154.562500
0.48447000000000007,0.022000000000000002,0.054,456774636701154.562500
0.48448000000000013,0.0236,0.055600000000000004,456774636701154.562500
0.4844900000000001,0.0212,0.053200000000000004,456774636701154.562500
0.48450000000000004,0.022000000000000002,0.0516,456774636701154.562500
0.4845100000000001,0.0228,0.055600000000000004,456774636701154.562500
0.48452000000000006,0.0236,0.0476,456774636701154.562500
0.4845300000000001,0.0236,0.054,456774636701154.562500
0.4845400000000001,0.0236,0.056400000000000006,456774636701154.562500
0.48455000000000004,0.0244,0.056400000000000006,456774636701154.562500
0.4845600000000001,0.0244,0.056400000000000006,456774636701154.562500
0.48457000000000006,0.0244,0.054,456774636701154.562500
0.4845800000000001,0.0236,0.058,456774636701154.562500
0.4845900000000001,0.0236,0.0516,456774636701154.562500
0.48460000000000003,0.0252,0.056400000000000006,456774636701154.562500
0.4846100000000001,0.0244,0.050800000000000005,456774636701154.562500
0.48462000000000005,0.0236,0.0572,456774636701154.562500
0.4846300000000001,0.0252,0.042,456774636701154.562500
0.48464000000000007,0.0228,0.055600000000000004,456774636701154.562500
0.48465,0.0236,0.056400000000000006,456774636701154.562500
0.4846600000000001,0.022000000000000002,0.056400000000000006,456774636701154.562500
0.48467000000000005,0.022000000000000002,0.0572,456774636701154.562500
0.4846800000000001,0.0196,0.054,456774636701154.562500
0.48469000000000007,0.0236,0.056400000000000006,456774636701154.562500
0.48470000000000013,0.022000000000000002,0.0548,456774636701154.562500
0.4847100000000001,0.0228,0.058,456774636701154.562500
0.48472000000000004,0.0212,0.056400000000000006,456774636701154.562500
0.4847300000000001,0.0236,0.058,456774636701154.562500
0.48474000000000006,0.0212,0.055600000000000004,456774636701154.562500
0.4847500000000001,0.0228,0.0572,456774636701154.562500
0.4847600000000001,0.022000000000000002,0.053200000000000004,456774636701154.562500
0.48477000000000003,0.022000000000000002,0.056400000000000006,456774636701154.562500
0.4847800000000001,0.0236,0.054,456774636701154.562500
0.48479000000000005,0.0236,0.053200000000000004,456774636701154.562500
0.4848000000000001,0.0196,0.055600000000000004,456774636701154.562500
0.4848100000000001,0.0204,0.055600000000000004,456774636701154.562500
0.48482000000000003,0.0236,0.058,456774636701154.562500
0.4848300000000001,0.0244,0.056400000000000006,456774636701154.562500
0.48484000000000005,0.0236,0.055600000000000004,456774636701154.562500
0.4848500000000001,0.0244,0.0572,456774636701154.562500
0.48486000000000007,0.0244,0.0572,456774636701154.562500
0.48487000000000013,0.026000000000000002,0.055600000000000004,456774636701154.562500
0.4848800000000001,0.0236,0.055600000000000004,456774636701154.562500
0.48489000000000004,0.0252,0.058,456774636701154.562500
0.4849000000000001,0.022000000000000002,0.056400000000000006,456774636701154.562500
0.48491000000000006,0.0204,0.056400000000000006,456774636701154.562500
0.48492000000000013,0.0204,0.056400000000000006,456774636701154.562500
0.4849300000000001,0.0212,0.056400000000000006,456774636701154.562500
0.48494000000000004,0.0196,0.056400000000000006,456774636701154.562500
0.4849500000000001,0.022000000000000002,0.0572,456774636701154.562500
0.48496000000000006,0.0228,0.0516,456774636701154.562500
0.4849700000000001,0.022000000000000002,0.056400000000000006,456774636701154.562500
0.4849800000000001,0.0236,0.055600000000000004,456774636701154.562500
0.48499000000000003,0.022000000000000002,0.058,456774636701154.562500
0.4850000000000001,0.022000000000000002,0.055600000000000004,456774636701154.562500
0.48501000000000005,0.022000000000000002,0.055600000000000004,456774636701154.562500
0.4850200000000001,0.0204,0.0572,456774636701154.562500
0.48503000000000007,0.0228,0.0572,456774636701154.562500
0.48504,0.0236,0.0572,456774636701154.562500
0.4850500000000001,0.022000000000000002,0.055600000000000004,456774636701154.562500
0.48506000000000005,0.0212,0.053200000000000004,456774636701154.562500
0.4850700000000001,0.022000000000000002,0.0548,456774636701154.562500
0.48508000000000007,0.022000000000000002,0.0572,456774636701154.562500
0.48509000000000013,0.022000000000000002,0.058,456774636701154.562500
0.4851000000000001,0.0228,0.0548,456774636701154.562500
0.48511000000000004,0.0244,0.058,456774636701154.562500
0.4851200000000001,0.0188,0.0572,456774636701154.562500
0.48513000000000006,0.0228,0.055600000000000004,456774636701154.562500
0.4851400000000001,0.0228,0.055600000000000004,456774636701154.562500
0.4851500000000001,0.0236,0.055600000000000004,456774636701154.562500
0.48516000000000004,0.022000000000000002,0.056400000000000006,456774636701154.562500
0.4851700000000001,0.0252,0.056400000000000006,456774636701154.562500
0.48518000000000006,0.022000000000000002,0.056400000000000006,456774636701154.562500
0.4851900000000001,0.0228,0.056400000000000006,456774636701154.562500
0.4852000000000001,0.026000000000000002,0.0548,456774636701154.562500
0.48521000000000003,0.0236,0.0572,456774636701154.562500
0.4852200000000001,0.0236,0.048400000000000006,456774636701154.562500
0.48523000000000005,0.0236,0.055600000000000004,456774636701154.562500
0.4852400000000001,0.0236,0.040400000000000005,456774636701154.562500
0.48525000000000007,0.0244,0.0524,456774636701154.562500
0.48526000000000014,0.0236,0.048400000000000006,456774636701154.562500
0.4852700000000001,0.0228,0.050800000000000005,456774636701154.562500
0.48528000000000004,0.0204,0.056400000000000006,456774636701154.562500
0.4852900000000001,0.0204,0.058800000000000005,456774636701154.562500
0.48530000000000006,0.0228,0.053200000000000004,456774636701154.562500
0.48531000000000013,0.0204,0.0548,456774636701154.562500
0.4853200000000001,0.022000000000000002,0.056400000000000006,456774636701154.562500
0.48533000000000004,0.018000000000000002,0.0548,456774636701154.562500
0.4853400000000001,0.0228,0.056400000000000006,456774636701154.562500
0.48535000000000006,0.018000000000000002,0.0516,456774636701154.562500
0.4853600000000001,0.0212,0.0572,456774636701154.562500
0.4853700000000001,0.022000000000000002,0.0524,456774636701154.562500
0.48538000000000003,0.022000000000000002,0.055600000000000004,456774636701154.562500
0.4853900000000001,0.0228,0.054,456774636701154.562500
0.48540000000000005,0.022000000000000002,0.0548,456774636701154.562500
0.4854100000000001,0.0244,0.055600000000000004,456774636701154.562500
0.4854200000000001,0.0228,0.0548,456774636701154.562500
0.48543000000000003,0.0228,0.0548,456774636701154.562500
0.4854400000000001,0.022000000000000002,0.056400000000000006,456774636701154.562500
0.48545000000000005,0.0228,0.0548,456774636701154.562500
0.4854600000000001,0.0244,0.054,456774636701154.562500
0.48547000000000007,0.0228,0.056400000000000006,456774636701154.562500
0.48548000000000013,0.0244,0.056400000000000006,456774636701154.562500
0.4854900000000001,0.0244,0.0548,456774636701154.562500
0.48550000000000004,0.0212,0.056400000000000006,456774636701154.562500
0.4855100000000001,0.022000000000000002,0.0572,456774636701154.562500
0.48552000000000006,0.0236,0.0572,456774636701154.562500
0.48553000000000013,0.0204,0.054,456774636701154.562500
0.4855400000000001,0.0148,0.055600000000000004,456774636701154.562500
0.48555000000000004,0.0236,0.055600000000000004,456774636701154.562500
0.4855600000000001,0.0196,0.0548,456774636701154.562500
0.48557000000000006,0.0244,0.0572,456774636701154.562500
0.4855800000000001,0.022000000000000002,0.0572,456774636701154.562500
0.4855900000000001,0.0212,0.055600000000000004,456774636701154.562500
0.48560000000000003,0.022000000000000002,0.053200000000000004,456774636701154.562500
0.4856100000000001,0.0212,0.056400000000000006,456774636701154.562500
0.48562000000000005,0.022000000000000002,0.053200000000000004,456774636701154.562500
0.4856300000000001,0.0228,0.058,456774636701154.562500
0.48564000000000007,0.0236,0.055600000000000004,456774636701154.562500
0.48565,0.0204,0.056400000000000006,456774636701154.562500
0.4856600000000001,0.0228,0.058,456774636701154.562500
0.48567000000000005,0.022000000000000002,0.055600000000000004,456774636701154.562500
0.4856800000000001,0.0236,0.058,456774636701154.562500
0.48569000000000007,0.0228,0.0572,456774636701154.562500
0.48570000000000013,0.0228,0.055600000000000004,456774636701154.562500
0.4857100000000001,0.022000000000000002,0.0548,456774636701154.562500
0.48572000000000004,0.0212,0.056400000000000006,456774636701154.562500
0.4857300000000001,0.0228,0.054,456774636701154.562500
0.48574000000000006,0.0252,0.0524,456774636701154.562500
0.4857500000000001,0.0212,0.054,456774636701154.562500
0.4857600000000001,0.026000000000000002,0.056400000000000006,456774636701154.562500
0.48577000000000004,0.0228,0.0548,456774636701154.562500
0.4857800000000001,0.0236,0.0572,456774636701154.562500
0.48579000000000006,0.0244,0.056400000000000006,456774636701154.562500
0.4858000000000001,0.0236,0.0572,456774636701154.562500
0.4858100000000001,0.0244,0.0572,456774636701154.562500
0.48582000000000003,0.0244,0.055600000000000004,456774636701154.562500
0.4858300000000001,0.0236,0.058,456774636701154.562500
0.48584000000000005,0.0212,0.0572,456774636701154.562500
0.4858500000000001,0.022000000000000002,0.0572,456774636701154.562500
0.48586000000000007,0.0228,0.050800000000000005,456774636701154.562500
0.48587000000000014,0.022000000000000002,0.055600000000000004,456774636701154.562500
0.4858800000000001,0.0212,0.055600000000000004,456774636701154.562500
0.48589000000000004,0.022000000000000002,0.056400000000000006,456774636701154.562500
0.4859000000000001,0.022000000000000002,0.0572,456774636701154.562500
0.48591000000000006,0.022000000000000002,0.056400000000000006,456774636701154.562500
0.48592000000000013,0.0204,0.055600000000000004,456774636701154.562500
0.4859300000000001,0.0212,0.0572,456774636701154.562500
0.48594000000000004,0.0212,0.056400000000000006,456774636701154.562500
0.4859500000000001,0.0196,0.054,456774636701154.562500
0.48596000000000006,0.0204,0.055600000000000004,456774636701154.562500
0.4859700000000001,0.0228,0.0516,456774636701154.562500
0.4859800000000001,0.0228,0.0524,456774636701154.562500
0.48599000000000003,0.0212,0.056400000000000006,456774636701154.562500
0.4860000000000001,0.022000000000000002,0.0468,456774636701154.562500
0.48601000000000005,0.0236,0.056400000000000006,456774636701154.562500
0.4860200000000001,0.022000000000000002,0.0524,456774636701154.562500
0.4860300000000001,0.0228,0.058,456774636701154.562500
0.48604,0.0228,0.055600000000000004,456774636701154.562500
0.4860500000000001,0.0228,0.056400000000000006,456774636701154.562500
0.48606000000000005,0.0212,0.053200000000000004,456774636701154.562500
0.4860700000000001,0.022000000000000002,0.056400000000000006,456774636701154.562500
0.48608000000000007,0.0236,0.054,456774636701154.562500
0.48609000000000013,0.0244,0.056400000000000006,456774636701154.562500
0.4861000000000001,0.0236,0.054,456774636701154.562500
0.48611000000000004,0.0236,0.054,456774636701154.562500
0.4861200000000001,0.0252,0.056400000000000006,456774636701154.562500
0.48613000000000006,0.0236,0.0572,456774636701154.562500
0.4861400000000001,0.0236,0.0572,456774636701154.562500
0.4861500000000001,0.0212,0.0548,456774636701154.562500
0.48616000000000004,0.0204,0.056400000000000006,456774636701154.562500
0.4861700000000001,0.0228,0.055600000000000004,456774636701154.562500
0.48618000000000006,0.0244,0.055600000000000004,456774636701154.562500
0.4861900000000001,0.022000000000000002,0.056400000000000006,456774636701154.562500
0.4862000000000001,0.0236,0.055600000000000004,456774636701154.562500
0.48621000000000003,0.0228,0.0572,456774636701154.562500
0.4862200000000001,0.0228,0.055600000000000004,456774636701154.562500
0.48623000000000005,0.022000000000000002,0.056400000000000006,456774636701154.562500
0.4862400000000001,0.0236,0.055600000000000004,456774636701154.562500
0.48625000000000007,0.0212,0.054,456774636701154.562500
0.48626,0.018000000000000002,0.056400000000000006,456774636701154.562500
0.4862700000000001,0.0228,0.0524,456774636701154.562500
0.48628000000000005,0.022000000000000002,0.0572,456774636701154.562500
0.4862900000000001,0.0204,0.0492,456774636701154.562500
0.48630000000000007,0.0204,0.054,456774636701154.562500
0.48631000000000013,0.022000000000000002,0.054,456774636701154.562500
0.4863200000000001,0.0196,0.055600000000000004,456774636701154.562500
0.48633000000000004,0.0236,0.054,456774636701154.562500
0.4863400000000001,0.0212,0.054,456774636701154.562500
0.48635000000000006,0.022000000000000002,0.056400000000000006,456774636701154.562500
0.4863600000000001,0.0236,0.053200000000000004,456774636701154.562500
0.4863700000000001,0.0236,0.055600000000000004,456774636701154.562500
0.48638000000000003,0.0228,0.054,456774636701154.562500
0.4863900000000001,0.0252,0.0548,456774636701154.562500
0.48640000000000005,0.0252,0.058,456774636701154.562500
0.4864100000000001,0.0244,0.0572,456774636701154.562500
0.4864200000000001,0.0252,0.056400000000000006,456774636701154.562500
0.48643000000000003,0.0252,0.055600000000000004,456774636701154.562500
0.4864400000000001,0.0236,0.0548,456774636701154.562500
0.48645000000000005,0.0244,0.056400000000000006,456774636701154.562500
0.4864600000000001,0.0236,0.0572,456774636701154.562500
0.48647000000000007,0.0228,0.0572,456774636701154.562500
0.48648000000000013,0.0236,0.0572,456774636701154.562500
0.4864900000000001,0.0228,0.056400000000000006,456774636701154.562500
0.48650000000000004,0.0228,0.054,456774636701154.562500
0.4865100000000001,0.0196,0.056400000000000006,456774636701154.562500
0.48652000000000006,0.022000000000000002,0.058,456774636701154.562500
0.48653000000000013,0.022000000000000002,0.054,456774636701154.562500
0.4865400000000001,0.022000000000000002,0.055600000000000004,456774636701154.562500
0.48655000000000004,0.0228,0.0524,456774636701154.562500
0.4865600000000001,0.0188,0.0548,456774636701154.562500
0.48657000000000006,0.018000000000000002,0.055600000000000004,456774636701154.562500
0.4865800000000001,0.018000000000000002,0.058,456774636701154.562500
0.4865900000000001,0.0196,0.055600000000000004,456774636701154.562500
0.48660000000000003,0.0228,0.0572,456774636701154.562500
0.4866100000000001,0.022000000000000002,0.058,456774636701154.562500
0.48662000000000005,0.0244,0.053200000000000004,456774636701154.562500
0.4866300000000001,0.0236,0.053200000000000004,456774636701154.562500
0.4866400000000001,0.0228,0.055600000000000004,456774636701154.562500
0.48665,0.0236,0.0572,456774636701154.562500
0.4866600000000001,0.0236,0.056400000000000006,456774636701154.562500
0.48667000000000005,0.0228,0.055600000000000004,456774636701154.562500
0.4866800000000001,0.0252,0.054,456774636701154.562500
0.48669000000000007,0.0228,0.055600000000000004,456774636701154.562500
0.48670000000000013,0.0236,0.055600000000000004,456774636701154.562500
0.4867100000000001,0.0236,0.055600000000000004,456774636701154.562500
0.48672000000000004,0.0244,0.0572,456774636701154.562500
0.4867300000000001,0.0244,0.054,456774636701154.562500
0.48674000000000006,0.0244,0.0516,456774636701154.562500
0.4867500000000001,0.0228,0.056400000000000006,456774636701154.562500
0.4867600000000001,0.0236,0.054,456774636701154.562500
0.48677000000000004,0.0244,0.0572,456774636701154.562500
0.4867800000000001,0.0228,0.056400000000000006,456774636701154.562500
0.48679000000000006,0.0212,0.055600000000000004,456774636701154.562500
0.4868000000000001,0.0236,0.055600000000000004,456774636701154.562500
0.4868100000000001,0.0212,0.0548,456774636701154.562500
0.48682000000000003,0.0228,0.0572,456774636701154.562500
0.4868300000000001,0.0204,0.045200000000000004,456774636701154.562500
0.48684000000000005,0.022000000000000002,0.05,456774636701154.562500
0.4868500000000001,0.022000000000000002,0.055600000000000004,456774636701154.562500
0.48686000000000007,0.0228,0.056400000000000006,456774636701154.562500
0.48687000000000014,0.0228,0.0492,456774636701154.562500
0.4868800000000001,0.022000000000000002,0.0572,456774636701154.562500
0.48689000000000004,0.022000000000000002,0.055600000000000004,456774636701154.562500
0.4869000000000001,0.0228,0.058,456774636701154.562500
0.48691000000000006,0.0228,0.0572,456774636701154.562500
0.48692000000000013,0.0236,0.0548,456774636701154.562500
0.4869300000000001,0.0228,0.0572,456774636701154.562500
0.48694000000000004,0.0204,0.0572,456774636701154.562500
0.4869500000000001,0.022000000000000002,0.0572,456774636701154.562500
0.48696000000000006,0.0228,0.0572,456774636701154.562500
0.4869700000000001,0.022000000000000002,0.056400000000000006,456774636701154.562500
0.4869800000000001,0.0252,0.055600000000000004,456774636701154.562500
0.48699000000000003,0.0244,0.056400000000000006,456774636701154.562500
0.4870000000000001,0.0252,0.053200000000000004,456774636701154.562500
0.48701000000000005,0.0244,0.0548,456774636701154.562500
0.4870200000000001,0.0236,0.053200000000000004,456774636701154.562500
0.4870300000000001,0.0244,0.056400000000000006,456774636701154.562500
0.48704000000000003,0.0236,0.055600000000000004,456774636701154.562500
0.4870500000000001,0.0236,0.0548,456774636701154.562500
0.48706000000000005,0.0204,0.058,456774636701154.562500
0.4870700000000001,0.0228,0.0572,456774636701154.562500
0.48708000000000007,0.0204,0.056400000000000006,456774636701154.562500
0.48709000000000013,0.022000000000000002,0.056400000000000006,456774636701154.562500
0.4871000000000001,0.022000000000000002,0.058,456774636701154.562500
0.48711000000000004,0.0228,0.055600000000000004,456774636701154.562500
0.4871200000000001,0.0204,0.0572,456774636701154.562500
0.48713000000000006,0.0236,0.058,456774636701154.562500
0.48714000000000013,0.0228,0.056400000000000006,456774636701154.562500
0.4871500000000001,0.0212,0.056400000000000006,456774636701154.562500
0.48716000000000004,0.022000000000000002,0.0516,456774636701154.562500
0.4871700000000001,0.022000000000000002,0.0548,456774636701154.562500
0.48718000000000006,0.0204,0.054,456774636701154.562500
0.4871900000000001,0.0164,0.0572,456774636701154.562500
0.4872000000000001,0.022000000000000002,0.056400000000000006,456774636701154.562500
0.48721000000000003,0.0212,0.053200000000000004,456774636701154.562500
0.4872200000000001,0.022000000000000002,0.056400000000000006,456774636701154.562500
0.48723000000000005,0.0196,0.0572,456774636701154.562500
0.4872400000000001,0.0228,0.053200000000000004,456774636701154.562500
0.48725000000000007,0.0196,0.056400000000000006,456774636701154.562500
0.48726,0.0228,0.0516,456774636701154.562500
0.4872700000000001,0.022000000000000002,0.0572,456774636701154.562500
0.48728000000000005,0.0228,0.0572,456774636701154.562500
0.4872900000000001,0.0244,0.0548,456774636701154.562500
0.48730000000000007,0.0236,0.0572,456774636701154.562500
0.48731000000000013,0.0236,0.056400000000000006,456774636701154.562500
0.4873200000000001,0.0244,0.0572,456774636701154.562500
0.48733000000000004,0.0228,0.056400000000000006,456774636701154.562500
0.4873400000000001,0.0244,0.056400000000000006,456774636701154.562500
0.48735000000000006,0.0244,0.056400000000000006,456774636701154.562500
0.4873600000000001,0.0236,0.0548,456774636701154.562500
0.4873700000000001,0.0228,0.056400000000000006,456774636701154.562500
0.48738000000000004,0.022000000000000002,0.0572,456774636701154.562500
0.4873900000000001,0.022000000000000002,0.0516,456774636701154.562500
0.48740000000000006,0.0212,0.0572,456774636701154.562500
0.4874100000000001,0.0236,0.0524,456774636701154.562500
0.4874200000000001,0.0236,0.055600000000000004,456774636701154.562500
0.48743000000000003,0.0212,0.0548,456774636701154.562500
0.4874400000000001,0.0228,0.055600000000000004,456774636701154.562500
0.48745000000000005,0.0204,0.055600000000000004,456774636701154.562500
0.4874600000000001,0.022000000000000002,0.054,456774636701154.562500
0.48747000000000007,0.022000000000000002,0.058,456774636701154.562500
0.48748000000000014,0.0244,0.0548,456774636701154.562500
0.4874900000000001,0.0236,0.054,456774636701154.562500
0.48750000000000004,0.022000000000000002,0.056400000000000006,456774636701154.562500
0.4875100000000001,0.0204,0.058,456774636701154.562500
0.48752000000000006,0.022000000000000002,0.056400000000000006,456774636701154.562500
0.48753000000000013,0.022000000000000002,0.0572,456774636701154.562500
0.4875400000000001,0.0236,0.0572,456774636701154.562500
0.48755000000000004,0.022000000000000002,0.0572,456774636701154.562500
0.4875600000000001,0.0236,0.056400000000000006,456774636701154.562500
0.48757000000000006,0.0236,0.055600000000000004,456774636701154.562500
0.4875800000000001,0.0236,0.053200000000000004,456774636701154.562500
0.4875900000000001,0.0252,0.055600000000000004,456774636701154.562500
0.48760000000000003,0.0236,0.055600000000000004,456774636701154.562500
0.4876100000000001,0.0252,0.0548,456774636701154.562500
0.48762000000000005,0.0236,0.054,456774636701154.562500
0.4876300000000001,0.0236,0.048400000000000006,456774636701154.562500
0.4876400000000001,0.0236,0.054,456774636701154.562500
0.48765000000000003,0.0252,0.055600000000000004,456774636701154.562500
0.4876600000000001,0.0228,0.056400000000000006,456774636701154.562500
0.48767000000000005,0.0236,0.0572,456774636701154.562500
0.4876800000000001,0.0236,0.054,456774636701154.562500
0.48769000000000007,0.0236,0.054,456774636701154.562500
0.48770000000000013,0.0228,0.0548,456774636701154.562500
0.4877100000000001,0.0212,0.0572,456774636701154.562500
0.48772000000000004,0.0244,0.054,456774636701154.562500
0.4877300000000001,0.022000000000000002,0.056400000000000006,456774636701154.562500
0.48774000000000006,0.022000000000000002,0.0516,456774636701154.562500
0.48775000000000013,0.022000000000000002,0.056400000000000006,456774636701154.562500
0.4877600000000001,0.0204,0.05,456774636701154.562500
0.48777000000000004,0.0204,0.0572,456774636701154.562500
0.4877800000000001,0.018000000000000002,0.053200000000000004,456774636701154.562500
0.48779000000000006,0.015600000000000001,0.0572,456774636701154.562500
0.4878000000000001,0.0164,0.0572,456774636701154.562500
0.4878100000000001,0.022000000000000002,0.0572,456774636701154.562500
0.48782000000000003,0.0196,0.0548,456774636701154.562500
0.4878300000000001,0.0212,0.0572,456774636701154.562500
0.48784000000000005,0.022000000000000002,0.056400000000000006,456774636701154.562500
0.4878500000000001,0.0228,0.056400000000000006,456774636701154.562500
0.48786000000000007,0.0196,0.056400000000000006,456774636701154.562500
0.48787,0.0204,0.055600000000000004,456774636701154.562500
0.4878800000000001,0.022000000000000002,0.054,456774636701154.562500
0.48789000000000005,0.0228,0.0548,456774636701154.562500
0.4879000000000001,0.0236,0.055600000000000004,456774636701154.562500
0.48791000000000007,0.026000000000000002,0.056400000000000006,456774636701154.562500
0.48792000000000013,0.0244,0.056400000000000006,456774636701154.562500
0.4879300000000001,0.0244,0.0548,456774636701154.562500
0.48794000000000004,0.026000000000000002,0.055600000000000004,456774636701154.562500
0.4879500000000001,0.0244,0.0572,456774636701154.562500
0.48796000000000006,0.0236,0.055600000000000004,456774636701154.562500
0.4879700000000001,0.0244,0.0572,456774636701154.562500
0.4879800000000001,0.022000000000000002,0.0524,456774636701154.562500
0.48799000000000003,0.0228,0.050800000000000005,456774636701154.562500
0.4880000000000001,0.0236,0.0572,456774636701154.562500
0.48801000000000005,0.0228,0.055600000000000004,456774636701154.562500
0.4880200000000001,0.022000000000000002,0.058,456774636701154.562500
0.4880300000000001,0.0228,0.056400000000000006,456774636701154.562500
0.48804000000000003,0.0228,0.055600000000000004,456774636701154.562500
0.4880500000000001,0.022000000000000002,0.055600000000000004,456774636701154.562500
0.48806000000000005,0.022000000000000002,0.056400000000000006,456774636701154.562500
0.4880700000000001,0.0212,0.0572,456774636701154.562500
0.48808000000000007,0.022000000000000002,0.0572,456774636701154.562500
0.48809000000000013,0.0244,0.0548,456774636701154.562500
0.4881000000000001,0.0228,0.055600000000000004,456774636701154.562500
0.48811000000000004,0.0244,0.055600000000000004,456774636701154.562500
0.4881200000000001,0.0196,0.053200000000000004,456774636701154.562500
0.48813000000000006,0.0228,0.055600000000000004,456774636701154.562500
0.48814000000000013,0.0236,0.0548,456774636701154.562500
0.4881500000000001,0.022000000000000002,0.0476,456774636701154.562500
0.48816000000000004,0.022000000000000002,0.058800000000000005,456774636701154.562500
0.4881700000000001,0.0228,0.058,456774636701154.562500
0.48818000000000006,0.0228,0.056400000000000006,456774636701154.562500
0.4881900000000001,0.0236,0.0572,456774636701154.562500
0.4882000000000001,0.0252,0.055600000000000004,456774636701154.562500
0.48821000000000003,0.0236,0.055600000000000004,456774636701154.562500
0.4882200000000001,0.0244,0.053200000000000004,456774636701154.562500
0.48823000000000005,0.0252,0.054,456774636701154.562500
0.4882400000000001,0.0244,0.0524,456774636701154.562500
0.4882500000000001,0.0236,0.0444,456774636701154.562500
0.48826,0.0244,0.040400000000000005,456774636701154.562500
0.4882700000000001,0.0236,0.0524,456774636701154.562500
0.48828000000000005,0.022000000000000002,0.0476,456774636701154.562500
0.4882900000000001,0.0204,0.0516,456774636701154.562500
0.48830000000000007,0.0196,0.0468,456774636701154.562500
0.48831000000000013,0.0228,0.0572,456774636701154.562500
0.4883200000000001,0.0204,0.055600000000000004,456774636701154.562500
0.48833000000000004,0.0236,0.0548,456774636701154.562500
0.4883400000000001,0.022000000000000002,0.054,456774636701154.562500
0.48835000000000006,0.0228,0.0548,456774636701154.562500
0.4883600000000001,0.0228,0.0572,456774636701154.562500
0.4883700000000001,0.022000000000000002,0.055600000000000004,456774636701154.562500
0.48838000000000004,0.0236,0.055600000000000004,456774636701154.562500
0.4883900000000001,0.022000000000000002,0.0572,456774636701154.562500
0.48840000000000006,0.0204,0.0516,456774636701154.562500
0.4884100000000001,0.0172,0.0516,456774636701154.562500
0.4884200000000001,0.0228,0.055600000000000004,456774636701154.562500
0.48843000000000003,0.0212,0.0548,456774636701154.562500
0.4884400000000001,0.022000000000000002,0.056400000000000006,456774636701154.562500
0.48845000000000005,0.022000000000000002,0.055600000000000004,456774636701154.562500
0.4884600000000001,0.0236,0.056400000000000006,456774636701154.562500
0.48847000000000007,0.022000000000000002,0.0492,456774636701154.562500
0.48848000000000014,0.0236,0.0572,456774636701154.562500
0.4884900000000001,0.0236,0.0524,456774636701154.562500
0.48850000000000005,0.0236,0.056400000000000006,456774636701154.562500
0.4885100000000001,0.0244,0.055600000000000004,456774636701154.562500
0.48852000000000007,0.0228,0.058,456774636701154.562500
0.48853000000000013,0.0244,0.055600000000000004,456774636701154.562500
0.4885400000000001,0.0236,0.056400000000000006,456774636701154.562500
0.48855000000000004,0.0252,0.056400000000000006,456774636701154.562500
0.4885600000000001,0.022000000000000002,0.0572,456774636701154.562500
0.48857000000000006,0.0236,0.0492,456774636701154.562500
0.4885800000000001,0.0236,0.055600000000000004,456774636701154.562500
0.4885900000000001,0.0228,0.0524,456774636701154.562500
0.48860000000000003,0.0236,0.056400000000000006,456774636701154.562500
0.4886100000000001,0.0236,0.053200000000000004,456774636701154.562500
0.48862000000000005,0.022000000000000002,0.058,456774636701154.562500
0.4886300000000001,0.0172,0.0516,456774636701154.562500
0.4886400000000001,0.0212,0.058,456774636701154.562500
0.48865000000000003,0.0228,0.0572,456774636701154.562500
0.4886600000000001,0.0228,0.0548,456774636701154.562500
0.48867000000000005,0.022000000000000002,0.055600000000000004,456774636701154.562500
0.4886800000000001,0.022000000000000002,0.050800000000000005,456774636701154.562500
0.48869000000000007,0.0204,0.056400000000000006,456774636701154.562500
0.48870000000000013,0.0188,0.05,456774636701154.562500
0.4887100000000001,0.0212,0.056400000000000006,456774636701154.562500
0.48872000000000004,0.0204,0.054,456774636701154.562500
0.4887300000000001,0.0212,0.0476,456774636701154.562500
0.48874000000000006,0.0172,0.0516,456774636701154.562500
0.48875000000000013,0.022000000000000002,0.056400000000000006,456774636701154.562500
0.4887600000000001,0.0188,0.058,456774636701154.562500
0.48877000000000004,0.0236,0.0548,456774636701154.562500
0.4887800000000001,0.0204,0.0572,456774636701154.562500
0.48879000000000006,0.0212,0.055600000000000004,456774636701154.562500
0.4888000000000001,0.022000000000000002,0.0524,456774636701154.562500
0.4888100000000001,0.0228,0.05,456774636701154.562500
0.48882000000000003,0.0244,0.054,456774636701154.562500
0.4888300000000001,0.0244,0.055600000000000004,456774636701154.562500
0.48884000000000005,0.0236,0.0572,456774636701154.562500
0.4888500000000001,0.0244,0.0572,456774636701154.562500
0.4888600000000001,0.022000000000000002,0.055600000000000004,456774636701154.562500
0.48887,0.022000000000000002,0.055600000000000004,456774636701154.562500
0.4888800000000001,0.0212,0.055600000000000004,456774636701154.562500
0.48889000000000005,0.022000000000000002,0.055600000000000004,456774636701154.562500
0.4889000000000001,0.0204,0.050800000000000005,456774636701154.562500
0.48891000000000007,0.022000000000000002,0.054,456774636701154.562500
0.48892000000000013,0.0204,0.055600000000000004,456774636701154.562500
0.4889300000000001,0.0228,0.0572,456774636701154.562500
0.48894000000000004,0.0212,0.055600000000000004,456774636701154.562500
0.4889500000000001,0.0228,0.0548,456774636701154.562500
0.48896000000000006,0.0244,0.054,456774636701154.562500
0.4889700000000001,0.0228,0.056400000000000006,456774636701154.562500
0.4889800000000001,0.0188,0.056400000000000006,456774636701154.562500
0.48899000000000004,0.0204,0.056400000000000006,456774636701154.562500
0.4890000000000001,0.022000000000000002,0.056400000000000006,456774636701154.562500
0.48901000000000006,0.022000000000000002,0.055600000000000004,456774636701154.562500
0.4890200000000001,0.0204,0.050800000000000005,456774636701154.562500
0.4890300000000001,0.0204,0.055600000000000004,456774636701154.562500
0.48904000000000003,0.0164,0.054,456774636701154.562500
0.4890500000000001,0.0172,0.0524,456774636701154.562500
0.48906000000000005,0.015600000000000001,0.055600000000000004,456774636701154.562500
0.4890700000000001,0.0204,0.0572,456774636701154.562500
0.48908000000000007,0.0172,0.056400000000000006,456774636701154.562500
0.48909000000000014,0.0188,0.0572,456774636701154.562500
0.4891000000000001,0.0188,0.055600000000000004,456774636701154.562500
0.48911000000000004,0.0196,0.055600000000000004,456774636701154.562500
0.4891200000000001,0.0164,0.0572,456774636701154.562500
0.48913000000000006,0.0228,0.056400000000000006,456774636701154.562500
0.48914000000000013,0.0236,0.058,456774636701154.562500
0.4891500000000001,0.0252,0.056400000000000006,456774636701154.562500
0.48916000000000004,0.0228,0.056400000000000006,456774636701154.562500
0.4891700000000001,0.0236,0.054,456774636701154.562500
0.48918000000000006,0.0228,0.056400000000000006,456774636701154.562500
0.4891900000000001,0.0236,0.056400000000000006,456774636701154.562500
0.4892000000000001,0.022000000000000002,0.055600000000000004,456774636701154.562500
0.48921000000000003,0.0252,0.056400000000000006,456774636701154.562500
0.4892200000000001,0.0236,0.0572,456774636701154.562500
0.48923000000000005,0.0236,0.056400000000000006,456774636701154.562500
0.4892400000000001,0.0228,0.0572,456774636701154.562500
0.4892500000000001,0.0236,0.0524,456774636701154.562500
0.48926000000000003,0.0212,0.0548,456774636701154.562500
0.4892700000000001,0.022000000000000002,0.0468,456774636701154.562500
0.48928000000000005,0.022000000000000002,0.0572,456774636701154.562500
0.4892900000000001,0.0188,0.055600000000000004,456774636701154.562500
0.48930000000000007,0.0228,0.056400000000000006,456774636701154.562500
0.48931000000000013,0.0204,0.055600000000000004,456774636701154.562500
0.4893200000000001,0.022000000000000002,0.0516,456774636701154.562500
0.48933000000000004,0.018000000000000002,0.0572,456774636701154.562500
0.4893400000000001,0.0228,0.055600000000000004,456774636701154.562500
0.48935000000000006,0.0212,0.056400000000000006,456774636701154.562500
0.48936000000000013,0.022000000000000002,0.056400000000000006,456774636701154.562500
0.4893700000000001,0.022000000000000002,0.055600000000000004,456774636701154.562500
0.48938000000000004,0.0228,0.0572,456774636701154.562500
0.4893900000000001,0.0244,0.0572,456774636701154.562500
0.48940000000000006,0.0212,0.055600000000000004,456774636701154.562500
0.4894100000000001,0.0236,0.0548,456774636701154.562500
0.4894200000000001,0.0196,0.055600000000000004,456774636701154.562500
0.48943000000000003,0.0228,0.055600000000000004,456774636701154.562500
0.4894400000000001,0.0188,0.0548,456774636701154.562500
0.48945000000000005,0.0236,0.048400000000000006,456774636701154.562500
0.4894600000000001,0.022000000000000002,0.0468,456774636701154.562500
0.48947000000000007,0.0236,0.0548,456774636701154.562500
0.48948,0.0244,0.056400000000000006,456774636701154.562500
0.4894900000000001,0.0244,0.0572,456774636701154.562500
0.48950000000000005,0.0228,0.0492,456774636701154.562500
0.4895100000000001,0.0204,0.05,456774636701154.562500
0.48952000000000007,0.018000000000000002,0.054,456774636701154.562500
0.48953000000000013,0.015600000000000001,0.0572,456774636701154.562500
0.4895400000000001,0.0204,0.05,456774636701154.562500
0.48955000000000004,0.0188,0.055600000000000004,456774636701154.562500
0.4895600000000001,0.0228,0.058,456774636701154.562500
0.48957000000000006,0.0172,0.0572,456774636701154.562500
0.4895800000000001,0.0204,0.0524,456774636701154.562500
0.4895900000000001,0.0188,0.054,456774636701154.562500
0.48960000000000004,0.018000000000000002,0.0524,456774636701154.562500
0.4896100000000001,0.0188,0.056400000000000006,456774636701154.562500
0.48962000000000006,0.0212,0.058,456774636701154.562500
0.4896300000000001,0.0164,0.054,456774636701154.562500
0.4896400000000001,0.0212,0.056400000000000006,456774636701154.562500
0.48965000000000003,0.022000000000000002,0.056400000000000006,456774636701154.562500
0.4896600000000001,0.0204,0.053200000000000004,456774636701154.562500
0.48967000000000005,0.0236,0.055600000000000004,456774636701154.562500
0.4896800000000001,0.0228,0.0516,456774636701154.562500
0.48969000000000007,0.0196,0.055600000000000004,456774636701154.562500
0.48970000000000014,0.022000000000000002,0.053200000000000004,456774636701154.562500
0.4897100000000001,0.022000000000000002,0.056400000000000006,456774636701154.562500
0.48972000000000004,0.0252,0.0572,456774636701154.562500
0.4897300000000001,0.0236,0.056400000000000006,456774636701154.562500
0.48974000000000006,0.0244,0.0572,456774636701154.562500
0.48975000000000013,0.0228,0.056400000000000006,456774636701154.562500
0.4897600000000001,0.018000000000000002,0.0572,456774636701154.562500
0.48977000000000004,0.0212,0.0572,456774636701154.562500
0.4897800000000001,0.0148,0.056400000000000006,456774636701154.562500
0.48979000000000006,0.0204,0.055600000000000004,456774636701154.562500
0.4898000000000001,0.0172,0.055600000000000004,456774636701154.562500
0.4898100000000001,0.0236,0.054,456774636701154.562500
0.48982000000000003,0.0228,0.056400000000000006,456774636701154.562500
0.4898300000000001,0.0228,0.0572,456774636701154.562500
0.48984000000000005,0.0236,0.056400000000000006,456774636701154.562500
0.4898500000000001,0.022000000000000002,0.058,456774636701154.562500
0.4898600000000001,0.0212,0.054,456774636701154.562500
0.48987,0.022000000000000002,0.0548,456774636701154.562500
0.4898800000000001,0.0212,0.045200000000000004,456774636701154.562500
0.48989000000000005,0.0236,0.0572,456774636701154.562500
0.4899000000000001,0.0212,0.056400000000000006,456774636701154.562500
0.48991000000000007,0.018000000000000002,0.055600000000000004,456774636701154.562500
0.48992000000000013,0.0196,0.056400000000000006,456774636701154.562500
0.4899300000000001,0.0172,0.0572,456774636701154.562500
0.48994000000000004,0.022000000000000002,0.056400000000000006,456774636701154.562500
0.4899500000000001,0.0228,0.056400000000000006,456774636701154.562500
0.48996000000000006,0.0244,0.058,456774636701154.562500
0.4899700000000001,0.0236,0.0524,456774636701154.562500
0.4899800000000001,0.022000000000000002,0.056400000000000006,456774636701154.562500
0.48999000000000004,0.0228,0.055600000000000004,456774636701154.562500
0.4900000000000001,0.0228,0.0548,456774636701154.562500
0.49001000000000006,0.0228,0.042800000000000005,456774636701154.562500
0.4900200000000001,0.0244,0.048400000000000006,456774636701154.562500
0.4900300000000001,0.0212,0.042,456774636701154.562500
0.49004000000000003,0.0244,0.0516,456774636701154.562500
0.4900500000000001,0.0244,0.0468,456774636701154.562500
0.49006000000000005,0.0228,0.053200000000000004,456774636701154.562500
0.4900700000000001,0.0236,0.05,456774636701154.562500
0.49008000000000007,0.0244,0.0548,456774636701154.562500
0.49009,0.0236,0.0468,456774636701154.562500
0.4901000000000001,0.0252,0.053200000000000004,456774636701154.562500
0.49011000000000005,0.0244,0.054,456774636701154.562500
0.4901200000000001,0.0252,0.055600000000000004,456774636701154.562500
0.49013000000000007,0.0228,0.054,456774636701154.562500
0.49014000000000013,0.0236,0.054,456774636701154.562500
0.4901500000000001,0.0236,0.0548,456774636701154.562500
0.49016000000000004,0.0188,0.0572,456774636701154.562500
0.4901700000000001,0.022000000000000002,0.055600000000000004,456774636701154.562500
0.49018000000000006,0.0212,0.056400000000000006,456774636701154.562500
0.4901900000000001,0.0196,0.058,456774636701154.562500
0.4902000000000001,0.0196,0.0572,456774636701154.562500
0.49021000000000003,0.022000000000000002,0.056400000000000006,456774636701154.562500
0.4902200000000001,0.022000000000000002,0.054,456774636701154.562500
0.49023000000000005,0.0212,0.056400000000000006,456774636701154.562500
0.4902400000000001,0.022000000000000002,0.056400000000000006,456774636701154.562500
0.4902500000000001,0.0212,0.056400000000000006,456774636701154.562500
0.49026000000000003,0.0228,0.056400000000000006,456774636701154.562500
0.4902700000000001,0.0244,0.056400000000000006,456774636701154.562500
0.49028000000000005,0.0196,0.056400000000000006,456774636701154.562500
0.4902900000000001,0.0228,0.055600000000000004,456774636701154.562500
0.49030000000000007,0.0204,0.056400000000000006,456774636701154.562500
0.49031000000000013,0.0244,0.0548,456774636701154.562500
0.4903200000000001,0.0244,0.0492,456774636701154.562500
0.49033000000000004,0.0236,0.0492,456774636701154.562500
0.4903400000000001,0.0236,0.054,456774636701154.562500
0.49035000000000006,0.022000000000000002,0.0548,456774636701154.562500
0.49036000000000013,0.0212,0.0572,456774636701154.562500
0.4903700000000001,0.0212,0.055600000000000004,456774636701154.562500
0.49038000000000004,0.0244,0.0572,456774636701154.562500
0.4903900000000001,0.0228,0.055600000000000004,456774636701154.562500
0.49040000000000006,0.0228,0.055600000000000004,456774636701154.562500
0.4904100000000001,0.0244,0.054,456774636701154.562500
0.4904200000000001,0.0228,0.056400000000000006,456774636701154.562500
0.49043000000000003,0.0204,0.0516,456774636701154.562500
0.4904400000000001,0.0204,0.055600000000000004,456774636701154.562500
0.49045000000000005,0.022000000000000002,0.055600000000000004,456774636701154.562500
0.4904600000000001,0.0236,0.054,456774636701154.562500
0.4904700000000001,0.022000000000000002,0.056400000000000006,456774636701154.562500
0.49048,0.0188,0.050800000000000005,456774636701154.562500
0.4904900000000001,0.0212,0.056400000000000006,456774636701154.562500
0.49050000000000005,0.0204,0.055600000000000004,456774636701154.562500
0.4905100000000001,0.0212,0.054,456774636701154.562500
0.49052000000000007,0.0172,0.056400000000000006,456774636701154.562500
0.49053000000000013,0.0188,0.053200000000000004,456774636701154.562500
0.4905400000000001,0.0188,0.055600000000000004,456774636701154.562500
0.49055000000000004,0.0228,0.053200000000000004,456774636701154.562500
0.4905600000000001,0.0212,0.0548,456774636701154.562500
0.49057000000000006,0.0236,0.0572,456774636701154.562500
0.4905800000000001,0.0244,0.055600000000000004,456774636701154.562500
0.4905900000000001,0.022000000000000002,0.053200000000000004,456774636701154.562500
0.49060000000000004,0.0228,0.056400000000000006,456774636701154.562500
0.4906100000000001,0.0204,0.053200000000000004,456774636701154.562500
0.49062000000000006,0.0236,0.0516,456774636701154.562500
0.4906300000000001,0.018000000000000002,0.0468,456774636701154.562500
0.4906400000000001,0.0236,0.055600000000000004,456774636701154.562500
0.49065000000000003,0.0236,0.054,456774636701154.562500
0.4906600000000001,0.0228,0.056400000000000006,456774636701154.562500
0.49067000000000005,0.026000000000000002,0.056400000000000006,456774636701154.562500
0.4906800000000001,0.0244,0.055600000000000004,456774636701154.562500
0.49069000000000007,0.0228,0.0572,456774636701154.562500
0.49070000000000014,0.0228,0.0524,456774636701154.562500
0.4907100000000001,0.0228,0.055600000000000004,456774636701154.562500
0.49072000000000005,0.022000000000000002,0.054,456774636701154.562500
0.4907300000000001,0.0228,0.048400000000000006,456774636701154.562500
0.49074000000000007,0.0236,0.055600000000000004,456774636701154.562500
0.49075000000000013,0.0236,0.0516,456774636701154.562500
0.4907600000000001,0.0212,0.0468,456774636701154.562500
0.49077000000000004,0.0228,0.0548,456774636701154.562500
0.4907800000000001,0.022000000000000002,0.056400000000000006,456774636701154.562500
0.49079000000000006,0.0212,0.0548,456774636701154.562500
0.4908000000000001,0.0212,0.056400000000000006,456774636701154.562500
0.4908100000000001,0.0212,0.055600000000000004,456774636701154.562500
0.49082000000000003,0.022000000000000002,0.058,456774636701154.562500
0.4908300000000001,0.0212,0.0548,456774636701154.562500
0.49084000000000005,0.0212,0.056400000000000006,456774636701154.562500
0.4908500000000001,0.0212,0.054,456774636701154.562500
0.4908600000000001,0.0204,0.054,456774636701154.562500
0.49087000000000003,0.022000000000000002,0.055600000000000004,456774636701154.562500
0.4908800000000001,0.0204,0.0516,456774636701154.562500
0.49089000000000005,0.0228,0.055600000000000004,456774636701154.562500
0.4909000000000001,0.022000000000000002,0.058,456774636701154.562500
0.49091000000000007,0.0236,0.056400000000000006,456774636701154.562500
0.49092000000000013,0.0244,0.055600000000000004,456774636701154.562500
0.4909300000000001,0.0204,0.058,456774636701154.562500
0.49094000000000004,0.0252,0.054,456774636701154.562500
0.4909500000000001,0.0236,0.056400000000000006,456774636701154.562500
0.49096000000000006,0.0244,0.055600000000000004,456774636701154.562500
0.49097000000000013,0.0252,0.056400000000000006,456774636701154.562500
0.4909800000000001,0.0244,0.055600000000000004,456774636701154.562500
0.49099000000000004,0.0252,0.0548,456774636701154.562500
0.4910000000000001,0.022000000000000002,0.056400000000000006,456774636701154.562500
0.49101000000000006,0.0244,0.056400000000000006,456774636701154.562500
0.4910200000000001,0.0236,0.0572,456774636701154.562500
0.4910300000000001,0.0252,0.0572,456774636701154.562500
0.49104000000000003,0.022000000000000002,0.0572,456774636701154.562500
0.4910500000000001,0.0244,0.0548,456774636701154.562500
0.49106000000000005,0.0196,0.0572,456774636701154.562500
0.4910700000000001,0.022000000000000002,0.0516,456774636701154.562500
0.49108000000000007,0.0212,0.058,456774636701154.562500
0.49109,0.0212,0.054,456774636701154.562500
0.4911000000000001,0.0204,0.0548,456774636701154.562500
0.49111000000000005,0.0212,0.056400000000000006,456774636701154.562500
0.4911200000000001,0.022000000000000002,0.056400000000000006,456774636701154.562500
0.49113000000000007,0.0228,0.0572,456774636701154.562500
0.49114000000000013,0.0212,0.055600000000000004,456774636701154.562500
0.4911500000000001,0.0188,0.0548,456774636701154.562500
0.49116000000000004,0.0228,0.058,456774636701154.562500
0.4911700000000001,0.0212,0.055600000000000004,456774636701154.562500
0.49118000000000006,0.022000000000000002,0.055600000000000004,456774636701154.562500
0.4911900000000001,0.0212,0.058,456774636701154.562500
0.4912000000000001,0.0212,0.056400000000000006,456774636701154.562500
0.49121000000000004,0.0228,0.0572,456774636701154.562500
0.4912200000000001,0.022000000000000002,0.0572,456774636701154.562500
0.49123000000000006,0.0244,0.056400000000000006,456774636701154.562500
0.4912400000000001,0.0228,0.056400000000000006,456774636701154.562500
0.4912500000000001,0.0228,0.056400000000000006,456774636701154.562500
0.49126000000000003,0.0244,0.055600000000000004,456774636701154.562500
0.4912700000000001,0.0252,0.055600000000000004,456774636701154.562500
0.49128000000000005,0.0244,0.055600000000000004,456774636701154.562500
0.4912900000000001,0.0236,0.0572,456774636701154.562500
0.49130000000000007,0.0244,0.053200000000000004,456774636701154.562500
0.49131000000000014,0.0236,0.055600000000000004,456774636701154.562500
0.4913200000000001,0.0196,0.058,456774636701154.562500
0.49133000000000004,0.018000000000000002,0.0572,456774636701154.562500
0.4913400000000001,0.018000000000000002,0.0572,456774636701154.562500
0.49135000000000006,0.0228,0.0524,456774636701154.562500
0.49136000000000013,0.0236,0.058,456774636701154.562500
0.4913700000000001,0.0204,0.058,456774636701154.562500
0.49138000000000004,0.0212,0.05,456774636701154.562500
0.4913900000000001,0.018000000000000002,0.056400000000000006,456774636701154.562500
0.49140000000000006,0.0172,0.055600000000000004,456774636701154.562500
0.4914100000000001,0.0204,0.058800000000000005,456774636701154.562500
0.4914200000000001,0.0212,0.055600000000000004,456774636701154.562500
0.49143000000000003,0.015600000000000001,0.050800000000000005,456774636701154.562500
0.4914400000000001,0.015600000000000001,0.056400000000000006,456774636701154.562500
0.49145000000000005,0.0188,0.056400000000000006,456774636701154.562500
0.4914600000000001,0.0196,0.054,456774636701154.562500
0.4914700000000001,0.0108,0.0548,456774636701154.562500
0.49148000000000003,0.0132,0.0524,456774636701154.562500
0.4914900000000001,0.012400000000000001,0.048400000000000006,456774636701154.562500
0.49150000000000005,0.018000000000000002,0.055600000000000004,456774636701154.562500
0.4915100000000001,0.0196,0.054,456774636701154.562500
0.49152000000000007,0.022000000000000002,0.040400000000000005,456774636701154.562500
0.49153000000000013,0.0148,0.0524,456774636701154.562500
0.4915400000000001,0.0196,0.055600000000000004,456774636701154.562500
0.49155000000000004,0.0148,0.0548,456774636701154.562500
0.4915600000000001,0.018000000000000002,0.053200000000000004,456774636701154.562500
0.49157000000000006,0.0172,0.055600000000000004,456774636701154.562500
0.49158000000000013,0.0204,0.055600000000000004,456774636701154.562500
0.4915900000000001,0.0188,0.055600000000000004,456774636701154.562500
0.49160000000000004,0.0244,0.0524,456774636701154.562500
0.4916100000000001,0.0228,0.058,456774636701154.562500
0.49162000000000006,0.0236,0.0572,456774636701154.562500
0.4916300000000001,0.0236,0.0516,456774636701154.562500
0.4916400000000001,0.0164,0.054,456774636701154.562500
0.49165000000000003,0.0244,0.056400000000000006,456774636701154.562500
0.4916600000000001,0.0212,0.055600000000000004,456774636701154.562500
0.49167000000000005,0.022000000000000002,0.056400000000000006,456774636701154.562500
0.4916800000000001,0.018000000000000002,0.056400000000000006,456774636701154.562500
0.49169000000000007,0.0212,0.055600000000000004,456774636701154.562500
0.4917,0.022000000000000002,0.056400000000000006,456774636701154.562500
0.4917100000000001,0.0236,0.0548,456774636701154.562500
0.49172000000000005,0.022000000000000002,0.055600000000000004,456774636701154.562500
0.4917300000000001,0.0212,0.055600000000000004,456774636701154.562500
0.49174000000000007,0.022000000000000002,0.0524,456774636701154.562500
0.49175000000000013,0.0228,0.0572,456774636701154.562500
0.4917600000000001,0.0204,0.053200000000000004,456774636701154.562500
0.49177000000000004,0.0196,0.054,456774636701154.562500
0.4917800000000001,0.0236,0.0548,456774636701154.562500
0.49179000000000006,0.018000000000000002,0.055600000000000004,456774636701154.562500
0.4918000000000001,0.022000000000000002,0.0524,456774636701154.562500
0.4918100000000001,0.0212,0.055600000000000004,456774636701154.562500
0.49182000000000003,0.0228,0.0524,456774636701154.562500
0.4918300000000001,0.0236,0.055600000000000004,456774636701154.562500
0.49184000000000005,0.022000000000000002,0.055600000000000004,456774636701154.562500
0.4918500000000001,0.022000000000000002,0.0572,456774636701154.562500
0.4918600000000001,0.0236,0.0572,456774636701154.562500
0.49187000000000003,0.0236,0.058,456774636701154.562500
0.4918800000000001,0.022000000000000002,0.055600000000000004,456774636701154.562500
0.49189000000000005,0.0228,0.0516,456774636701154.562500
0.4919000000000001,0.018000000000000002,0.056400000000000006,456774636701154.562500
0.49191000000000007,0.0188,0.055600000000000004,456774636701154.562500
0.49192000000000013,0.018000000000000002,0.0548,456774636701154.562500
0.4919300000000001,0.0228,0.0572,456774636701154.562500
0.49194000000000004,0.022000000000000002,0.056400000000000006,456774636701154.562500
0.4919500000000001,0.0228,0.0516,456774636701154.562500
0.49196000000000006,0.0228,0.0572,456774636701154.562500
0.49197000000000013,0.0212,0.053200000000000004,456774636701154.562500
0.4919800000000001,0.0164,0.0548,456774636701154.562500
0.49199000000000004,0.0188,0.054,456774636701154.562500
0.4920000000000001,0.0188,0.054,456774636701154.562500
0.49201000000000006,0.018000000000000002,0.0572,456774636701154.562500
0.4920200000000001,0.0196,0.055600000000000004,456774636701154.562500
0.4920300000000001,0.022000000000000002,0.053200000000000004,456774636701154.562500
0.49204000000000003,0.0196,0.058,456774636701154.562500
0.4920500000000001,0.022000000000000002,0.0516,456774636701154.562500
0.49206000000000005,0.018000000000000002,0.0548,456774636701154.562500
0.4920700000000001,0.0228,0.0572,456774636701154.562500
0.4920800000000001,0.0212,0.0572,456774636701154.562500
0.49209,0.022000000000000002,0.0524,456774636701154.562500
0.4921000000000001,0.022000000000000002,0.05,456774636701154.562500
0.49211000000000005,0.022000000000000002,0.045200000000000004,456774636701154.562500
0.4921200000000001,0.022000000000000002,0.050800000000000005,456774636701154.562500
0.49213000000000007,0.0236,0.046,456774636701154.562500
0.49214000000000013,0.022000000000000002,0.0516,456774636701154.562500
0.4921500000000001,0.0244,0.0436,456774636701154.562500
0.49216000000000004,0.0228,0.058,456774636701154.562500
0.4921700000000001,0.0236,0.048400000000000006,456774636701154.562500
0.49218000000000006,0.0228,0.055600000000000004,456774636701154.562500
0.4921900000000001,0.0236,0.055600000000000004,456774636701154.562500
0.4922000000000001,0.0244,0.0572,456774636701154.562500
0.49221000000000004,0.0252,0.0572,456774636701154.562500
0.4922200000000001,0.0212,0.058,456774636701154.562500
0.49223000000000006,0.0212,0.056400000000000006,456774636701154.562500
0.4922400000000001,0.0188,0.054,456774636701154.562500
0.4922500000000001,0.0228,0.056400000000000006,456774636701154.562500
0.49226000000000003,0.0196,0.0572,456774636701154.562500
0.4922700000000001,0.0228,0.054,456774636701154.562500
0.49228000000000005,0.0204,0.054,456774636701154.562500
0.4922900000000001,0.0236,0.056400000000000006,456774636701154.562500
0.49230000000000007,0.0204,0.056400000000000006,456774636701154.562500
0.49231000000000014,0.0228,0.0572,456774636701154.562500
0.4923200000000001,0.022000000000000002,0.0572,456774636701154.562500
0.49233000000000005,0.0236,0.0572,456774636701154.562500
0.4923400000000001,0.022000000000000002,0.0548,456774636701154.562500
0.49235000000000007,0.0236,0.055600000000000004,456774636701154.562500
0.49236000000000013,0.0228,0.056400000000000006,456774636701154.562500
0.4923700000000001,0.0228,0.0572,456774636701154.562500
0.49238000000000004,0.022000000000000002,0.053200000000000004,456774636701154.562500
0.4923900000000001,0.022000000000000002,0.0572,456774636701154.562500
0.49240000000000006,0.022000000000000002,0.0572,456774636701154.562500
0.4924100000000001,0.0228,0.054,456774636701154.562500
0.4924200000000001,0.022000000000000002,0.055600000000000004,456774636701154.562500
0.49243000000000003,0.0228,0.05,456774636701154.562500
0.4924400000000001,0.018000000000000002,0.058,456774636701154.562500
0.49245000000000005,0.0236,0.0548,456774636701154.562500
0.4924600000000001,0.0188,0.058,456774636701154.562500
0.4924700000000001,0.0244,0.056400000000000006,456774636701154.562500
0.49248000000000003,0.0236,0.050800000000000005,456774636701154.562500
0.4924900000000001,0.0228,0.055600000000000004,456774636701154.562500
0.49250000000000005,0.0244,0.0524,456774636701154.562500
0.4925100000000001,0.0236,0.055600000000000004,456774636701154.562500
0.49252000000000007,0.0244,0.050800000000000005,456774636701154.562500
0.49253000000000013,0.0204,0.056400000000000006,456774636701154.562500
0.4925400000000001,0.0228,0.0548,456774636701154.562500
0.49255000000000004,0.0196,0.056400000000000006,456774636701154.562500
0.4925600000000001,0.0244,0.0572,456774636701154.562500
0.49257000000000006,0.0228,0.056400000000000006,456774636701154.562500
0.49258000000000013,0.0204,0.055600000000000004,456774636701154.562500
0.4925900000000001,0.0196,0.0572,456774636701154.562500
0.49260000000000004,0.0212,0.056400000000000006,456774636701154.562500
0.4926100000000001,0.018000000000000002,0.053200000000000004,456774636701154.562500
0.49262000000000006,0.0236,0.054,456774636701154.562500
0.4926300000000001,0.0212,0.048400000000000006,456774636701154.562500
0.4926400000000001,0.0212,0.05,456774636701154.562500
0.49265000000000003,0.022000000000000002,0.0516,456774636701154.562500
0.4926600000000001,0.0212,0.055600000000000004,456774636701154.562500
0.49267000000000005,0.0212,0.054,456774636701154.562500
0.4926800000000001,0.0204,0.056400000000000006,456774636701154.562500
0.4926900000000001,0.0196,0.0572,456774636701154.562500
0.4927,0.022000000000000002,0.0524,456774636701154.562500
0.4927100000000001,0.0172,0.056400000000000006,456774636701154.562500
0.49272000000000005,0.0212,0.0492,456774636701154.562500
0.4927300000000001,0.022000000000000002,0.0524,456774636701154.562500
0.49274000000000007,0.0236,0.0492,456774636701154.562500
0.49275000000000013,0.018000000000000002,0.056400000000000006,456774636701154.562500
0.4927600000000001,0.0228,0.0548,456774636701154.562500
0.49277000000000004,0.0212,0.042800000000000005,456774636701154.562500
0.4927800000000001,0.0244,0.0572,456774636701154.562500
0.49279000000000006,0.022000000000000002,0.058,456774636701154.562500
0.4928000000000001,0.0236,0.055600000000000004,456774636701154.562500
0.4928100000000001,0.0236,0.0476,456774636701154.562500
0.49282000000000004,0.0244,0.055600000000000004,456774636701154.562500
0.4928300000000001,0.0212,0.055600000000000004,456774636701154.562500
0.49284000000000006,0.0228,0.058800000000000005,456774636701154.562500
0.4928500000000001,0.0236,0.055600000000000004,456774636701154.562500
0.4928600000000001,0.0236,0.055600000000000004,456774636701154.562500
0.49287000000000003,0.0236,0.0516,456774636701154.562500
0.4928800000000001,0.0196,0.0572,456774636701154.562500
0.49289000000000005,0.0228,0.056400000000000006,456774636701154.562500
0.4929000000000001,0.022000000000000002,0.0524,456774636701154.562500
0.49291000000000007,0.022000000000000002,0.0572,456774636701154.562500
0.49292000000000014,0.0212,0.055600000000000004,456774636701154.562500
0.4929300000000001,0.0164,0.0572,456774636701154.562500
0.49294000000000004,0.0212,0.0492,456774636701154.562500
0.4929500000000001,0.022000000000000002,0.0572,456774636701154.562500
0.49296000000000006,0.022000000000000002,0.0572,456774636701154.562500
0.49297000000000013,0.0196,0.055600000000000004,456774636701154.562500
0.4929800000000001,0.0212,0.058,456774636701154.562500
0.49299000000000004,0.022000000000000002,0.0548,456774636701154.562500
0.4930000000000001,0.022000000000000002,0.054,456774636701154.562500
0.49301000000000006,0.0236,0.056400000000000006,456774636701154.562500
0.4930200000000001,0.022000000000000002,0.054,456774636701154.562500
0.4930300000000001,0.022000000000000002,0.053200000000000004,456774636701154.562500
0.49304000000000003,0.0236,0.055600000000000004,456774636701154.562500
0.4930500000000001,0.0228,0.0516,456774636701154.562500
0.49306000000000005,0.0228,0.050800000000000005,456774636701154.562500
0.4930700000000001,0.0252,0.056400000000000006,456774636701154.562500
0.4930800000000001,0.0228,0.0468,456774636701154.562500
0.49309000000000003,0.0236,0.0524,456774636701154.562500
0.4931000000000001,0.0236,0.050800000000000005,456774636701154.562500
0.49311000000000005,0.0236,0.0524,456774636701154.562500
0.4931200000000001,0.0236,0.056400000000000006,456774636701154.562500
0.49313000000000007,0.0236,0.0572,456774636701154.562500
0.49314000000000013,0.0252,0.0572,456774636701154.562500
0.4931500000000001,0.0244,0.054,456774636701154.562500
0.49316000000000004,0.0228,0.056400000000000006,456774636701154.562500
0.4931700000000001,0.0244,0.054,456774636701154.562500
0.49318000000000006,0.0236,0.0572,456774636701154.562500
0.49319000000000013,0.0204,0.055600000000000004,456774636701154.562500
0.4932000000000001,0.0204,0.058,456774636701154.562500
0.49321000000000004,0.022000000000000002,0.0572,456774636701154.562500
0.4932200000000001,0.0196,0.0524,456774636701154.562500
0.49323000000000006,0.0228,0.055600000000000004,456774636701154.562500
0.4932400000000001,0.0196,0.058800000000000005,456774636701154.562500
0.4932500000000001,0.0212,0.0548,456774636701154.562500
0.49326000000000003,0.0212,0.055600000000000004,456774636701154.562500
0.4932700000000001,0.0196,0.056400000000000006,456774636701154.562500
0.49328000000000005,0.0196,0.0492,456774636701154.562500
0.4932900000000001,0.0188,0.0572,456774636701154.562500
0.49330000000000007,0.0204,0.050800000000000005,456774636701154.562500
0.49331,0.0196,0.056400000000000006,456774636701154.562500
0.4933200000000001,0.0212,0.05,456774636701154.562500
0.49333000000000005,0.0196,0.054,456774636701154.562500
0.4933400000000001,0.0212,0.055600000000000004,456774636701154.562500
0.49335000000000007,0.018000000000000002,0.056400000000000006,456774636701154.562500
0.49336000000000013,0.0228,0.056400000000000006,456774636701154.562500
0.4933700000000001,0.0236,0.0468,456774636701154.562500
0.49338000000000004,0.0236,0.055600000000000004,456774636701154.562500
0.4933900000000001,0.0236,0.046,456774636701154.562500
0.49340000000000006,0.0196,0.0516,456774636701154.562500
0.4934100000000001,0.0236,0.050800000000000005,456774636701154.562500
0.4934200000000001,0.0244,0.053200000000000004,456774636701154.562500
0.49343000000000004,0.0244,0.053200000000000004,456774636701154.562500
0.4934400000000001,0.0228,0.0572,456774636701154.562500
0.49345000000000006,0.0236,0.055600000000000004,456774636701154.562500
0.4934600000000001,0.0228,0.058,456774636701154.562500
0.4934700000000001,0.0228,0.058,456774636701154.562500
0.49348000000000003,0.0228,0.054,456774636701154.562500
0.4934900000000001,0.0252,0.055600000000000004,456774636701154.562500
0.49350000000000005,0.0236,0.056400000000000006,456774636701154.562500
0.4935100000000001,0.0228,0.0548,456774636701154.562500
0.49352000000000007,0.022000000000000002,0.055600000000000004,456774636701154.562500
0.49353000000000014,0.022000000000000002,0.054,456774636701154.562500
0.4935400000000001,0.022000000000000002,0.054,456774636701154.562500
0.49355000000000004,0.022000000000000002,0.050800000000000005,456774636701154.562500
0.4935600000000001,0.0212,0.0572,456774636701154.562500
0.49357000000000006,0.0236,0.055600000000000004,456774636701154.562500
0.49358000000000013,0.0196,0.056400000000000006,456774636701154.562500
0.4935900000000001,0.0228,0.056400000000000006,456774636701154.562500
0.49360000000000004,0.0212,0.054,456774636701154.562500
0.4936100000000001,0.0228,0.0572,456774636701154.562500
0.49362000000000006,0.0212,0.056400000000000006,456774636701154.562500
0.4936300000000001,0.0212,0.058800000000000005,456774636701154.562500
0.4936400000000001,0.0212,0.054,456774636701154.562500
0.49365000000000003,0.0236,0.055600000000000004,456774636701154.562500
0.4936600000000001,0.022000000000000002,0.058,456774636701154.562500
0.49367000000000005,0.0236,0.0524,456774636701154.562500
0.4936800000000001,0.0244,0.056400000000000006,456774636701154.562500
0.4936900000000001,0.0236,0.056400000000000006,456774636701154.562500
0.4937,0.0236,0.053200000000000004,456774636701154.562500
0.4937100000000001,0.0252,0.054,456774636701154.562500
0.49372000000000005,0.0252,0.055600000000000004,456774636701154.562500
0.4937300000000001,0.0252,0.0524,456774636701154.562500
0.49374000000000007,0.0244,0.0516,456774636701154.562500
0.49375000000000013,0.0212,0.053200000000000004,456774636701154.562500
0.4937600000000001,0.026000000000000002,0.056400000000000006,456774636701154.562500
0.49377000000000004,0.022000000000000002,0.0492,456774636701154.562500
0.4937800000000001,0.0236,0.054,456774636701154.562500
0.49379000000000006,0.0196,0.042800000000000005,456774636701154.562500
0.4938000000000001,0.0228,0.0548,456774636701154.562500
0.4938100000000001,0.0196,0.045200000000000004,456774636701154.562500
0.49382000000000004,0.0212,0.046,456774636701154.562500
0.4938300000000001,0.0236,0.042,456774636701154.562500
0.49384000000000006,0.022000000000000002,0.0524,456774636701154.562500
0.4938500000000001,0.022000000000000002,0.048400000000000006,456774636701154.562500
0.4938600000000001,0.022000000000000002,0.0524,456774636701154.562500
0.49387000000000003,0.0204,0.0548,456774636701154.562500
0.4938800000000001,0.0228,0.055600000000000004,456774636701154.562500
0.49389000000000005,0.022000000000000002,0.056400000000000006,456774636701154.562500
0.4939000000000001,0.0204,0.0524,456774636701154.562500
0.49391000000000007,0.022000000000000002,0.0548,456774636701154.562500
0.49392000000000014,0.0212,0.048400000000000006,456774636701154.562500
0.4939300000000001,0.022000000000000002,0.056400000000000006,456774636701154.562500
0.49394000000000005,0.0236,0.055600000000000004,456774636701154.562500
0.4939500000000001,0.0228,0.056400000000000006,456774636701154.562500
0.49396000000000007,0.0228,0.0572,456774636701154.562500
0.49397000000000013,0.0188,0.054,456774636701154.562500
0.4939800000000001,0.0244,0.056400000000000006,456774636701154.562500
0.49399000000000004,0.0236,0.0548,456774636701154.562500
0.4940000000000001,0.0244,0.055600000000000004,456774636701154.562500
0.49401000000000006,0.0236,0.055600000000000004,456774636701154.562500
0.4940200000000001,0.0244,0.055600000000000004,456774636701154.562500
0.4940300000000001,0.0236,0.056400000000000006,456774636701154.562500
0.49404000000000003,0.0244,0.0516,456774636701154.562500
0.4940500000000001,0.0236,0.056400000000000006,456774636701154.562500
0.49406000000000005,0.0244,0.054,456774636701154.562500
0.4940700000000001,0.0236,0.0572,456774636701154.562500
0.4940800000000001,0.0236,0.056400000000000006,456774636701154.562500
0.49409000000000003,0.022000000000000002,0.055600000000000004,456774636701154.562500
0.4941000000000001,0.0236,0.0548,456774636701154.562500
0.49411000000000005,0.022000000000000002,0.054,456774636701154.562500
0.4941200000000001,0.0236,0.058,456774636701154.562500
0.49413000000000007,0.0228,0.058,456774636701154.562500
0.49414000000000013,0.0212,0.053200000000000004,456774636701154.562500
0.4941500000000001,0.022000000000000002,0.053200000000000004,456774636701154.562500
0.49416000000000004,0.022000000000000002,0.054,456774636701154.562500
0.4941700000000001,0.0204,0.046,456774636701154.562500
0.49418000000000006,0.022000000000000002,0.054,456774636701154.562500
0.49419000000000013,0.022000000000000002,0.0524,456774636701154.562500
0.4942000000000001,0.0204,0.0548,456774636701154.562500
0.49421000000000004,0.015600000000000001,0.0572,456774636701154.562500
0.4942200000000001,0.0196,0.055600000000000004,456774636701154.562500
0.49423000000000006,0.0204,0.054,456774636701154.562500
0.4942400000000001,0.022000000000000002,0.056400000000000006,456774636701154.562500
0.4942500000000001,0.0188,0.055600000000000004,456774636701154.562500
0.49426000000000003,0.0212,0.0548,456774636701154.562500
0.4942700000000001,0.0204,0.056400000000000006,456774636701154.562500
0.49428000000000005,0.0252,0.0548,456774636701154.562500
0.4942900000000001,0.022000000000000002,0.055600000000000004,456774636701154.562500
0.4943000000000001,0.0236,0.056400000000000006,456774636701154.562500
0.49431,0.0212,0.058,456774636701154.562500
0.4943200000000001,0.0212,0.055600000000000004,456774636701154.562500
0.49433000000000005,0.0252,0.0572,456774636701154.562500
0.4943400000000001,0.0244,0.056400000000000006,456774636701154.562500
0.49435000000000007,0.0228,0.055600000000000004,456774636701154.562500
0.49436000000000013,0.0236,0.055600000000000004,456774636701154.562500
0.4943700000000001,0.0228,0.058,456774636701154.562500
0.49438000000000004,0.0236,0.0524,456774636701154.562500
0.4943900000000001,0.0252,0.055600000000000004,456774636701154.562500
0.49440000000000006,0.0236,0.055600000000000004,456774636701154.562500
0.4944100000000001,0.022000000000000002,0.056400000000000006,456774636701154.562500
0.4944200000000001,0.0228,0.0492,456774636701154.562500
0.49443000000000004,0.0228,0.055600000000000004,456774636701154.562500
0.4944400000000001,0.0236,0.0572,456774636701154.562500
0.49445000000000006,0.022000000000000002,0.054,456774636701154.562500
0.4944600000000001,0.0188,0.056400000000000006,456774636701154.562500
0.4944700000000001,0.022000000000000002,0.054,456774636701154.562500
0.49448000000000003,0.0204,0.0572,456774636701154.562500
0.4944900000000001,0.0228,0.053200000000000004,456774636701154.562500
0.49450000000000005,0.0188,0.058,456774636701154.562500
0.4945100000000001,0.0196,0.038,456774636701154.562500
0.49452000000000007,0.0212,0.055600000000000004,456774636701154.562500
0.49453000000000014,0.015600000000000001,0.0548,456774636701154.562500
0.4945400000000001,0.0228,0.0516,456774636701154.562500
0.49455000000000005,0.0196,0.0572,456774636701154.562500
0.4945600000000001,0.022000000000000002,0.055600000000000004,456774636701154.562500
0.49457000000000007,0.022000000000000002,0.056400000000000006,456774636701154.562500
0.49458000000000013,0.0228,0.056400000000000006,456774636701154.562500
0.4945900000000001,0.022000000000000002,0.0572,456774636701154.562500
0.49460000000000004,0.0236,0.056400000000000006,456774636701154.562500
0.4946100000000001,0.022000000000000002,0.056400000000000006,456774636701154.562500
0.49462000000000006,0.0212,0.0572,456774636701154.562500
0.4946300000000001,0.022000000000000002,0.055600000000000004,456774636701154.562500
0.4946400000000001,0.0196,0.0572,456774636701154.562500
0.49465000000000003,0.0252,0.055600000000000004,456774636701154.562500
0.4946600000000001,0.0228,0.056400000000000006,456774636701154.562500
0.49467000000000005,0.0244,0.056400000000000006,456774636701154.562500
0.4946800000000001,0.0228,0.056400000000000006,456774636701154.562500
0.4946900000000001,0.0252,0.055600000000000004,456774636701154.562500
0.49470000000000003,0.0228,0.058,456774636701154.562500
0.4947100000000001,0.022000000000000002,0.05,456774636701154.562500
0.49472000000000005,0.022000000000000002,0.054,456774636701154.562500
0.4947300000000001,0.0204,0.050800000000000005,456774636701154.562500
0.49474000000000007,0.0188,0.0524,456774636701154.562500
0.49475000000000013,0.0228,0.0492,456774636701154.562500
0.4947600000000001,0.022000000000000002,0.058,456774636701154.562500
0.49477000000000004,0.0212,0.0548,456774636701154.562500
0.4947800000000001,0.018000000000000002,0.0572,456774636701154.562500
0.49479000000000006,0.012400000000000001,0.0548,456774636701154.562500
0.49480000000000013,0.014,0.055600000000000004,456774636701154.562500
0.4948100000000001,0.0188,0.055600000000000004,456774636701154.562500
0.49482000000000004,0.0204,0.0572,456774636701154.562500
0.4948300000000001,0.0188,0.0516,456774636701154.562500
0.49484000000000006,0.0212,0.0572,456774636701154.562500
0.4948500000000001,0.0212,0.048400000000000006,456774636701154.562500
0.4948600000000001,0.022000000000000002,0.0548,456774636701154.562500
0.49487000000000003,0.022000000000000002,0.0524,456774636701154.562500
0.4948800000000001,0.0236,0.0524,456774636701154.562500
0.49489000000000005,0.022000000000000002,0.053200000000000004,456774636701154.562500
0.4949000000000001,0.0236,0.048400000000000006,456774636701154.562500
0.49491000000000007,0.0252,0.056400000000000006,456774636701154.562500
0.49492,0.0244,0.046,456774636701154.562500
0.4949300000000001,0.0236,0.053200000000000004,456774636701154.562500
0.49494000000000005,0.0244,0.0516,456774636701154.562500
0.4949500000000001,0.0212,0.055600000000000004,456774636701154.562500
0.49496000000000007,0.0228,0.054,456774636701154.562500
0.49497000000000013,0.0212,0.055600000000000004,456774636701154.562500
0.4949800000000001,0.0204,0.056400000000000006,456774636701154.562500
0.49499000000000004,0.022000000000000002,0.056400000000000006,456774636701154.562500
0.4950000000000001,0.022000000000000002,0.055600000000000004,456774636701154.562500
0.49501000000000006,0.0204,0.054,456774636701154.562500
0.4950200000000001,0.022000000000000002,0.055600000000000004,456774636701154.562500
0.4950300000000001,0.0196,0.053200000000000004,456774636701154.562500
0.49504000000000004,0.0228,0.055600000000000004,456774636701154.562500
0.4950500000000001,0.0228,0.0476,456774636701154.562500
0.49506000000000006,0.022000000000000002,0.054,456774636701154.562500
0.4950700000000001,0.0212,0.0548,456774636701154.562500
0.4950800000000001,0.0228,0.054,456774636701154.562500
0.49509000000000003,0.0196,0.054,456774636701154.562500
0.4951000000000001,0.0212,0.050800000000000005,456774636701154.562500
0.49511000000000005,0.0164,0.056400000000000006,456774636701154.562500
0.4951200000000001,0.0196,0.0524,456774636701154.562500
0.49513000000000007,0.0196,0.0548,456774636701154.562500
0.49514000000000014,0.0204,0.0572,456774636701154.562500
0.4951500000000001,0.022000000000000002,0.056400000000000006,456774636701154.562500
0.49516000000000004,0.022000000000000002,0.056400000000000006,456774636701154.562500
0.4951700000000001,0.0228,0.054,456774636701154.562500
0.49518000000000006,0.0228,0.0572,456774636701154.562500
0.49519000000000013,0.0228,0.055600000000000004,456774636701154.562500
0.4952000000000001,0.0236,0.053200000000000004,456774636701154.562500
0.49521000000000004,0.0228,0.055600000000000004,456774636701154.562500
0.4952200000000001,0.0228,0.055600000000000004,456774636701154.562500
0.49523000000000006,0.0196,0.053200000000000004,456774636701154.562500
0.4952400000000001,0.0252,0.056400000000000006,456774636701154.562500
0.4952500000000001,0.0228,0.054,456774636701154.562500
0.49526000000000003,0.022000000000000002,0.054,456774636701154.562500
0.4952700000000001,0.0244,0.0548,456774636701154.562500
0.49528000000000005,0.022000000000000002,0.053200000000000004,456774636701154.562500
0.4952900000000001,0.022000000000000002,0.056400000000000006,456774636701154.562500
0.4953000000000001,0.022000000000000002,0.0572,456774636701154.562500
0.49531000000000003,0.022000000000000002,0.053200000000000004,456774636701154.562500
0.4953200000000001,0.0236,0.0572,456774636701154.562500
0.49533000000000005,0.0236,0.0516,456774636701154.562500
0.4953400000000001,0.0236,0.0524,456774636701154.562500
0.49535000000000007,0.0228,0.0476,456774636701154.562500
0.49536000000000013,0.0236,0.056400000000000006,456774636701154.562500
0.4953700000000001,0.0204,0.056400000000000006,456774636701154.562500
0.49538000000000004,0.022000000000000002,0.0524,456774636701154.562500
0.4953900000000001,0.022000000000000002,0.056400000000000006,456774636701154.562500
0.49540000000000006,0.0228,0.053200000000000004,456774636701154.562500
0.49541000000000013,0.0196,0.0548,456774636701154.562500
0.4954200000000001,0.0236,0.0476,456774636701154.562500
0.49543000000000004,0.0228,0.05,456774636701154.562500
0.4954400000000001,0.0212,0.054,456774636701154.562500
0.49545000000000006,0.0172,0.054,456774636701154.562500
0.4954600000000001,0.022000000000000002,0.046,456774636701154.562500
0.4954700000000001,0.0204,0.0516,456774636701154.562500
0.49548000000000003,0.0236,0.048400000000000006,456774636701154.562500
0.4954900000000001,0.022000000000000002,0.0524,456774636701154.562500
0.49550000000000005,0.0252,0.055600000000000004,456774636701154.562500
0.4955100000000001,0.0228,0.0548,456774636701154.562500
0.49552000000000007,0.0236,0.055600000000000004,456774636701154.562500
0.49553,0.0228,0.056400000000000006,456774636701154.562500
0.4955400000000001,0.022000000000000002,0.054,456774636701154.562500
0.49555000000000005,0.0228,0.0572,456774636701154.562500
0.4955600000000001,0.022000000000000002,0.055600000000000004,456774636701154.562500
0.49557000000000007,0.0236,0.05,456774636701154.562500
0.49558000000000013,0.022000000000000002,0.056400000000000006,456774636701154.562500
0.4955900000000001,0.0236,0.0516,456774636701154.562500
0.49560000000000004,0.0164,0.0548,456774636701154.562500
0.4956100000000001,0.0196,0.055600000000000004,456774636701154.562500
0.49562000000000006,0.015600000000000001,0.0548,456774636701154.562500
0.4956300000000001,0.022000000000000002,0.0516,456774636701154.562500
0.4956400000000001,0.0212,0.054,456774636701154.562500
0.49565000000000003,0.0236,0.0524,456774636701154.562500
0.4956600000000001,0.0228,0.054,456774636701154.562500
0.49567000000000005,0.0212,0.056400000000000006,456774636701154.562500
0.4956800000000001,0.0204,0.0492,456774636701154.562500
0.4956900000000001,0.0188,0.055600000000000004,456774636701154.562500
0.49570000000000003,0.022000000000000002,0.048400000000000006,456774636701154.562500
0.4957100000000001,0.0204,0.0444,456774636701154.562500
0.49572000000000005,0.0228,0.0516,456774636701154.562500
0.4957300000000001,0.0204,0.05,456774636701154.562500
0.49574000000000007,0.0236,0.045200000000000004,456774636701154.562500
0.49575000000000014,0.0196,0.056400000000000006,456774636701154.562500
0.4957600000000001,0.0228,0.0572,456774636701154.562500
0.49577000000000004,0.0188,0.056400000000000006,456774636701154.562500
0.4957800000000001,0.0244,0.0572,456774636701154.562500
0.49579000000000006,0.0204,0.0548,456774636701154.562500
0.49580000000000013,0.0196,0.055600000000000004,456774636701154.562500
0.4958100000000001,0.0236,0.054,456774636701154.562500
0.49582000000000004,0.0228,0.058,456774636701154.562500
0.4958300000000001,0.026000000000000002,0.056400000000000006,456774636701154.562500
0.49584000000000006,0.0236,0.056400000000000006,456774636701154.562500
0.4958500000000001,0.0236,0.055600000000000004,456774636701154.562500
0.4958600000000001,0.022000000000000002,0.0572,456774636701154.562500
0.49587000000000003,0.0244,0.058,456774636701154.562500
0.4958800000000001,0.0236,0.0572,456774636701154.562500
0.49589000000000005,0.0252,0.0572,456774636701154.562500
0.4959000000000001,0.0236,0.0572,456774636701154.562500
0.4959100000000001,0.0244,0.056400000000000006,456774636701154.562500
0.49592,0.0204,0.053200000000000004,456774636701154.562500
0.4959300000000001,0.0204,0.0548,456774636701154.562500
0.49594000000000005,0.0204,0.054,456774636701154.562500
0.4959500000000001,0.0212,0.0524,456774636701154.562500
0.49596000000000007,0.0228,0.042,456774636701154.562500
0.49597000000000013,0.0204,0.0516,456774636701154.562500
0.4959800000000001,0.0188,0.0516,456774636701154.562500
0.49599000000000004,0.0204,0.053200000000000004,456774636701154.562500
0.4960000000000001,0.0204,0.055600000000000004,456774636701154.562500
0.49601000000000006,0.022000000000000002,0.056400000000000006,456774636701154.562500
0.4960200000000001,0.022000000000000002,0.055600000000000004,456774636701154.562500
0.4960300000000001,0.0204,0.053200000000000004,456774636701154.562500
0.49604000000000004,0.022000000000000002,0.053200000000000004,456774636701154.562500
0.4960500000000001,0.022000000000000002,0.055600000000000004,456774636701154.562500
0.49606000000000006,0.0228,0.0548,456774636701154.562500
0.4960700000000001,0.0212,0.055600000000000004,456774636701154.562500
0.4960800000000001,0.022000000000000002,0.0524,456774636701154.562500
0.49609000000000003,0.0228,0.056400000000000006,456774636701154.562500
0.4961000000000001,0.0244,0.0548,456774636701154.562500
0.49611000000000005,0.0228,0.0524,456774636701154.562500
0.4961200000000001,0.0244,0.0524,456774636701154.562500
0.49613000000000007,0.0244,0.0388,456774636701154.562500
0.49614000000000014,0.0228,0.0476,456774636701154.562500
0.4961500000000001,0.0228,0.040400000000000005,456774636701154.562500
0.49616000000000005,0.0236,0.0492,456774636701154.562500
0.4961700000000001,0.0244,0.048400000000000006,456774636701154.562500
0.49618000000000007,0.0236,0.055600000000000004,456774636701154.562500
0.49619000000000013,0.0228,0.0572,456774636701154.562500
0.4962000000000001,0.0236,0.0572,456774636701154.562500
0.49621000000000004,0.0236,0.0548,456774636701154.562500
0.4962200000000001,0.0244,0.050800000000000005,456774636701154.562500
0.49623000000000006,0.0228,0.0516,456774636701154.562500
0.4962400000000001,0.0228,0.0524,456774636701154.562500
0.4962500000000001,0.022000000000000002,0.055600000000000004,456774636701154.562500
0.49626000000000003,0.0228,0.0524,456774636701154.562500
0.4962700000000001,0.0212,0.056400000000000006,456774636701154.562500
0.49628000000000005,0.022000000000000002,0.056400000000000006,456774636701154.562500
0.4962900000000001,0.022000000000000002,0.0572,456774636701154.562500
0.4963000000000001,0.0212,0.0476,456774636701154.562500
0.49631000000000003,0.0228,0.054,456774636701154.562500
0.4963200000000001,0.0204,0.05,456774636701154.562500
0.49633000000000005,0.0236,0.056400000000000006,456774636701154.562500
0.4963400000000001,0.022000000000000002,0.0516,456774636701154.562500
0.49635000000000007,0.0228,0.056400000000000006,456774636701154.562500
0.49636000000000013,0.0204,0.0572,456774636701154.562500
0.4963700000000001,0.0204,0.056400000000000006,456774636701154.562500
0.49638000000000004,0.0212,0.056400000000000006,456774636701154.562500
0.4963900000000001,0.022000000000000002,0.056400000000000006,456774636701154.562500
0.49640000000000006,0.022000000000000002,0.056400000000000006,456774636701154.562500
0.49641000000000013,0.0228,0.056400000000000006,456774636701154.562500
0.4964200000000001,0.0244,0.056400000000000006,456774636701154.562500
0.49643000000000004,0.0244,0.058,456774636701154.562500
0.4964400000000001,0.0252,0.0548,456774636701154.562500
0.49645000000000006,0.0244,0.05,456774636701154.562500
0.4964600000000001,0.0244,0.0548,456774636701154.562500
0.4964700000000001,0.026000000000000002,0.0524,456774636701154.562500
0.49648000000000003,0.0244,0.056400000000000006,456774636701154.562500
0.4964900000000001,0.026000000000000002,0.058,456774636701154.562500
0.49650000000000005,0.0228,0.055600000000000004,456774636701154.562500
0.4965100000000001,0.0228,0.056400000000000006,456774636701154.562500
0.4965200000000001,0.0196,0.054,456774636701154.562500
0.49653,0.0228,0.055600000000000004,456774636701154.562500
0.4965400000000001,0.0228,0.054,456774636701154.562500
0.49655000000000005,0.0236,0.0572,456774636701154.562500
0.4965600000000001,0.0196,0.0548,456774636701154.562500
0.49657000000000007,0.022000000000000002,0.056400000000000006,456774636701154.562500
0.49658000000000013,0.0212,0.0548,456774636701154.562500
0.4965900000000001,0.022000000000000002,0.0572,456774636701154.562500
0.49660000000000004,0.0228,0.055600000000000004,456774636701154.562500
0.4966100000000001,0.022000000000000002,0.056400000000000006,456774636701154.562500
0.49662000000000006,0.022000000000000002,0.0572,456774636701154.562500
0.4966300000000001,0.022000000000000002,0.0516,456774636701154.562500
0.4966400000000001,0.0188,0.0572,456774636701154.562500
0.49665000000000004,0.0228,0.056400000000000006,456774636701154.562500
0.4966600000000001,0.0228,0.055600000000000004,456774636701154.562500
0.49667000000000006,0.0228,0.056400000000000006,456774636701154.562500
0.4966800000000001,0.0236,0.0548,456774636701154.562500
0.4966900000000001,0.0188,0.053200000000000004,456774636701154.562500
0.49670000000000003,0.0252,0.0492,456774636701154.562500
0.4967100000000001,0.0228,0.056400000000000006,456774636701154.562500
0.49672000000000005,0.0212,0.05,456774636701154.562500
0.4967300000000001,0.0236,0.058,456774636701154.562500
0.49674000000000007,0.0204,0.045200000000000004,456774636701154.562500
0.49675000000000014,0.0252,0.0572,456774636701154.562500
0.4967600000000001,0.022000000000000002,0.055600000000000004,456774636701154.562500
0.49677000000000004,0.0244,0.0572,456774636701154.562500
0.4967800000000001,0.0236,0.055600000000000004,456774636701154.562500
0.49679000000000006,0.0228,0.055600000000000004,456774636701154.562500
0.49680000000000013,0.0212,0.058,456774636701154.562500
0.4968100000000001,0.022000000000000002,0.055600000000000004,456774636701154.562500
0.49682000000000004,0.0236,0.055600000000000004,456774636701154.562500
0.4968300000000001,0.0228,0.0548,456774636701154.562500
0.49684000000000006,0.0236,0.056400000000000006,456774636701154.562500
0.4968500000000001,0.022000000000000002,0.058,456774636701154.562500
0.4968600000000001,0.0228,0.053200000000000004,456774636701154.562500
0.49687000000000003,0.0236,0.0572,456774636701154.562500
0.4968800000000001,0.0196,0.0524,456774636701154.562500
0.49689000000000005,0.0148,0.056400000000000006,456774636701154.562500
0.4969000000000001,0.0172,0.0572,456774636701154.562500
0.4969100000000001,0.015600000000000001,0.048400000000000006,456774636701154.562500
0.49692000000000003,0.018000000000000002,0.0548,456774636701154.562500
0.4969300000000001,0.0212,0.0572,456774636701154.562500
0.49694000000000005,0.0188,0.056400000000000006,456774636701154.562500
0.4969500000000001,0.0188,0.055600000000000004,456774636701154.562500
0.49696000000000007,0.0196,0.053200000000000004,456774636701154.562500
0.49697000000000013,0.0236,0.056400000000000006,456774636701154.562500
0.4969800000000001,0.0212,0.055600000000000004,456774636701154.562500
0.49699000000000004,0.022000000000000002,0.0548,456774636701154.562500
0.4970000000000001,0.022000000000000002,0.0492,456774636701154.562500
0.49701000000000006,0.0228,0.0524,456774636701154.562500
0.49702000000000013,0.022000000000000002,0.0516,456774636701154.562500
0.4970300000000001,0.0244,0.0548,456774636701154.562500
0.49704000000000004,0.0244,0.0548,456774636701154.562500
0.4970500000000001,0.0236,0.0572,456774636701154.562500
0.49706000000000006,0.022000000000000002,0.0572,456774636701154.562500
0.4970700000000001,0.0236,0.048400000000000006,456774636701154.562500
0.4970800000000001,0.022000000000000002,0.0572,456774636701154.562500
0.49709000000000003,0.0252,0.053200000000000004,456774636701154.562500
0.4971000000000001,0.0236,0.055600000000000004,456774636701154.562500
0.49711000000000005,0.0236,0.056400000000000006,456774636701154.562500
0.4971200000000001,0.0236,0.056400000000000006,456774636701154.562500
0.49713000000000007,0.0228,0.055600000000000004,456774636701154.562500
0.49714,0.0228,0.055600000000000004,456774636701154.562500
0.4971500000000001,0.0228,0.055600000000000004,456774636701154.562500
0.49716000000000005,0.022000000000000002,0.056400000000000006,456774636701154.562500
0.4971700000000001,0.0212,0.0548,456774636701154.562500
0.49718000000000007,0.0196,0.056400000000000006,456774636701154.562500
0.49719000000000013,0.018000000000000002,0.0572,456774636701154.562500
0.4972000000000001,0.0204,0.0524,456774636701154.562500
0.49721000000000004,0.0212,0.0516,456774636701154.562500
0.4972200000000001,0.0228,0.0548,456774636701154.562500
0.49723000000000006,0.0204,0.0548,456774636701154.562500
0.4972400000000001,0.0228,0.0524,456774636701154.562500
0.4972500000000001,0.0212,0.0572,456774636701154.562500
0.49726000000000004,0.018000000000000002,0.056400000000000006,456774636701154.562500
0.4972700000000001,0.0188,0.0572,456774636701154.562500
0.49728000000000006,0.0196,0.056400000000000006,456774636701154.562500
0.4972900000000001,0.0236,0.042800000000000005,456774636701154.562500
0.4973000000000001,0.022000000000000002,0.054,456774636701154.562500
0.49731000000000003,0.0228,0.0444,456774636701154.562500
0.4973200000000001,0.0228,0.0548,456774636701154.562500
0.49733000000000005,0.0164,0.056400000000000006,456774636701154.562500
0.4973400000000001,0.0172,0.055600000000000004,456774636701154.562500
0.49735000000000007,0.0236,0.058,456774636701154.562500
0.49736000000000014,0.0244,0.055600000000000004,456774636701154.562500
0.4973700000000001,0.0244,0.055600000000000004,456774636701154.562500
0.49738000000000004,0.0252,0.0572,456774636701154.562500
0.4973900000000001,0.0212,0.056400000000000006,456774636701154.562500
0.49740000000000006,0.0236,0.0572,456774636701154.562500
0.49741000000000013,0.0236,0.05,456774636701154.562500
0.4974200000000001,0.0228,0.0572,456774636701154.562500
0.49743000000000004,0.0236,0.053200000000000004,456774636701154.562500
0.4974400000000001,0.0236,0.058,456774636701154.562500
0.49745000000000006,0.0236,0.0572,456774636701154.562500
0.4974600000000001,0.0228,0.055600000000000004,456774636701154.562500
0.4974700000000001,0.0252,0.055600000000000004,456774636701154.562500
0.49748000000000003,0.022000000000000002,0.0572,456774636701154.562500
0.4974900000000001,0.0172,0.058,456774636701154.562500
0.49750000000000005,0.0204,0.056400000000000006,456774636701154.562500
0.4975100000000001,0.022000000000000002,0.055600000000000004,456774636701154.562500
0.4975200000000001,0.018000000000000002,0.0548,456774636701154.562500
0.49753000000000003,0.018000000000000002,0.050800000000000005,456774636701154.562500
0.4975400000000001,0.018000000000000002,0.056400000000000006,456774636701154.562500
0.49755000000000005,0.0228,0.056400000000000006,456774636701154.562500
0.4975600000000001,0.0228,0.055600000000000004,456774636701154.562500
0.49757000000000007,0.0236,0.048400000000000006,456774636701154.562500
0.49758000000000013,0.022000000000000002,0.0572,456774636701154.562500
0.4975900000000001,0.022000000000000002,0.05,456774636701154.562500
0.49760000000000004,0.0228,0.056400000000000006,456774636701154.562500
0.4976100000000001,0.0204,0.055600000000000004,456774636701154.562500
0.49762000000000006,0.0228,0.0548,456774636701154.562500
0.49763000000000013,0.0236,0.056400000000000006,456774636701154.562500
0.4976400000000001,0.0212,0.0572,456774636701154.562500
0.49765000000000004,0.022000000000000002,0.0548,456774636701154.562500
0.4976600000000001,0.0236,0.0548,456774636701154.562500
0.49767000000000006,0.0228,0.0572,456774636701154.562500
0.4976800000000001,0.022000000000000002,0.0548,456774636701154.562500
0.4976900000000001,0.0228,0.055600000000000004,456774636701154.562500
0.49770000000000003,0.0164,0.0548,456774636701154.562500
0.4977100000000001,0.0196,0.053200000000000004,456774636701154.562500
0.49772000000000005,0.022000000000000002,0.055600000000000004,456774636701154.562500
0.4977300000000001,0.0196,0.0548,456774636701154.562500
0.49774000000000007,0.0204,0.056400000000000006,456774636701154.562500
0.49775000000000014,0.0228,0.0516,456774636701154.562500
0.4977600000000001,0.0188,0.056400000000000006,456774636701154.562500
0.49777000000000005,0.0188,0.0572,456774636701154.562500
0.4977800000000001,0.0196,0.055600000000000004,456774636701154.562500
0.49779000000000007,0.0204,0.0572,456774636701154.562500
0.49780000000000013,0.0188,0.055600000000000004,456774636701154.562500
0.4978100000000001,0.0212,0.053200000000000004,456774636701154.562500
0.49782000000000004,0.0196,0.0548,456774636701154.562500
0.4978300000000001,0.0228,0.0524,456774636701154.562500
0.49784000000000006,0.022000000000000002,0.0492,456774636701154.562500
0.4978500000000001,0.022000000000000002,0.048400000000000006,456774636701154.562500
0.4978600000000001,0.022000000000000002,0.054,456774636701154.562500
0.49787000000000003,0.0196,0.056400000000000006,456774636701154.562500
0.4978800000000001,0.0212,0.054,456774636701154.562500
0.49789000000000005,0.0212,0.0524,456774636701154.562500
0.4979000000000001,0.022000000000000002,0.0548,456774636701154.562500
0.4979100000000001,0.022000000000000002,0.053200000000000004,456774636701154.562500
0.49792000000000003,0.0228,0.0548,456774636701154.562500
0.4979300000000001,0.0228,0.056400000000000006,456774636701154.562500
0.49794000000000005,0.0228,0.053200000000000004,456774636701154.562500
0.4979500000000001,0.0236,0.0572,456774636701154.562500
0.49796000000000007,0.0244,0.056400000000000006,456774636701154.562500
0.49797000000000013,0.0228,0.0548,456774636701154.562500
0.4979800000000001,0.0244,0.053200000000000004,456774636701154.562500
0.49799000000000004,0.0236,0.0548,456774636701154.562500
0.4980000000000001,0.0244,0.055600000000000004,456774636701154.562500
0.49801000000000006,0.0244,0.056400000000000006,456774636701154.562500
0.49802000000000013,0.0236,0.055600000000000004,456774636701154.562500
0.4980300000000001,0.0236,0.0516,456774636701154.562500
0.49804000000000004,0.0236,0.0548,456774636701154.562500
0.4980500000000001,0.0244,0.05,456774636701154.562500
0.49806000000000006,0.0236,0.053200000000000004,456774636701154.562500
0.4980700000000001,0.0228,0.0548,456774636701154.562500
0.4980800000000001,0.0196,0.0572,456774636701154.562500
0.49809000000000003,0.0236,0.055600000000000004,456774636701154.562500
0.4981000000000001,0.0212,0.0548,456774636701154.562500
0.49811000000000005,0.0204,0.055600000000000004,456774636701154.562500
0.4981200000000001,0.0204,0.053200000000000004,456774636701154.562500
0.4981300000000001,0.0196,0.054,456774636701154.562500
0.49814,0.022000000000000002,0.0572,456774636701154.562500
0.4981500000000001,0.022000000000000002,0.0548,456774636701154.562500
0.49816000000000005,0.0164,0.050800000000000005,456774636701154.562500
0.4981700000000001,0.0196,0.056400000000000006,456774636701154.562500
0.49818000000000007,0.014,0.042800000000000005,456774636701154.562500
0.49819000000000013,0.022000000000000002,0.054,456774636701154.562500
0.4982000000000001,0.0228,0.0468,456774636701154.562500
0.49821000000000004,0.0228,0.048400000000000006,456774636701154.562500
0.4982200000000001,0.0228,0.05,456774636701154.562500
0.49823000000000006,0.0236,0.0524,456774636701154.562500
0.4982400000000001,0.022000000000000002,0.0492,456774636701154.562500
0.4982500000000001,0.022000000000000002,0.056400000000000006,456774636701154.562500
0.49826000000000004,0.0188,0.0572,456774636701154.562500
0.4982700000000001,0.0252,0.056400000000000006,456774636701154.562500
0.49828000000000006,0.0244,0.0572,456774636701154.562500
0.4982900000000001,0.0244,0.0548,456774636701154.562500
0.4983000000000001,0.0228,0.0548,456774636701154.562500
0.49831000000000003,0.0204,0.0572,456774636701154.562500
0.4983200000000001,0.0188,0.055600000000000004,456774636701154.562500
0.49833000000000005,0.0212,0.056400000000000006,456774636701154.562500
0.4983400000000001,0.0212,0.056400000000000006,456774636701154.562500
0.49835000000000007,0.0188,0.0572,456774636701154.562500
0.49836000000000014,0.0236,0.055600000000000004,456774636701154.562500
0.4983700000000001,0.0196,0.055600000000000004,456774636701154.562500
0.49838000000000005,0.0196,0.0572,456774636701154.562500
0.4983900000000001,0.0196,0.055600000000000004,456774636701154.562500
0.49840000000000007,0.0236,0.054,456774636701154.562500
0.49841000000000013,0.022000000000000002,0.05,456774636701154.562500
0.4984200000000001,0.0228,0.0548,456774636701154.562500
0.49843000000000004,0.0204,0.0548,456774636701154.562500
0.4984400000000001,0.0228,0.053200000000000004,456774636701154.562500
0.49845000000000006,0.0228,0.0572,456774636701154.562500
0.4984600000000001,0.0212,0.050800000000000005,456774636701154.562500
0.4984700000000001,0.0212,0.0548,456774636701154.562500
0.49848000000000003,0.0236,0.053200000000000004,456774636701154.562500
0.4984900000000001,0.0228,0.0572,456774636701154.562500
0.49850000000000005,0.022000000000000002,0.0516,456774636701154.562500
0.4985100000000001,0.0228,0.056400000000000006,456774636701154.562500
0.4985200000000001,0.0212,0.0524,456774636701154.562500
0.49853000000000003,0.0212,0.056400000000000006,456774636701154.562500
0.4985400000000001,0.0212,0.055600000000000004,456774636701154.562500
0.49855000000000005,0.022000000000000002,0.0572,456774636701154.562500
0.4985600000000001,0.022000000000000002,0.056400000000000006,456774636701154.562500
0.49857000000000007,0.0228,0.053200000000000004,456774636701154.562500
0.49858000000000013,0.0236,0.0548,456774636701154.562500
0.4985900000000001,0.0204,0.056400000000000006,456774636701154.562500
0.49860000000000004,0.026000000000000002,0.056400000000000006,456774636701154.562500
0.4986100000000001,0.0228,0.0548,456774636701154.562500
0.49862000000000006,0.0244,0.054,456774636701154.562500
0.49863000000000013,0.0228,0.055600000000000004,456774636701154.562500
0.4986400000000001,0.0236,0.0468,456774636701154.562500
0.49865000000000004,0.0228,0.055600000000000004,456774636701154.562500
0.4986600000000001,0.0244,0.055600000000000004,456774636701154.562500
0.49867000000000006,0.0244,0.056400000000000006,456774636701154.562500
0.4986800000000001,0.0228,0.055600000000000004,456774636701154.562500
0.4986900000000001,0.0228,0.0492,456774636701154.562500
0.49870000000000003,0.0212,0.055600000000000004,456774636701154.562500
0.4987100000000001,0.0196,0.053200000000000004,456774636701154.562500
0.49872000000000005,0.0196,0.0548,456774636701154.562500
0.4987300000000001,0.0204,0.055600000000000004,456774636701154.562500
0.49874000000000007,0.0212,0.055600000000000004,456774636701154.562500
0.49875,0.022000000000000002,0.048400000000000006,456774636701154.562500
0.4987600000000001,0.022000000000000002,0.056400000000000006,456774636701154.562500
0.49877000000000005,0.0204,0.055600000000000004,456774636701154.562500
0.4987800000000001,0.022000000000000002,0.058,456774636701154.562500
0.49879000000000007,0.0204,0.053200000000000004,456774636701154.562500
0.49880000000000013,0.0212,0.053200000000000004,456774636701154.562500
0.4988100000000001,0.0228,0.042,456774636701154.562500
0.49882000000000004,0.0204,0.0516,456774636701154.562500
0.4988300000000001,0.0244,0.056400000000000006,456774636701154.562500
0.49884000000000006,0.0204,0.054,456774636701154.562500
0.4988500000000001,0.0228,0.0524,456774636701154.562500
0.4988600000000001,0.022000000000000002,0.0468,456774636701154.562500
0.49887000000000004,0.0236,0.0524,456774636701154.562500
0.4988800000000001,0.0196,0.045200000000000004,456774636701154.562500
0.49889000000000006,0.0228,0.046,456774636701154.562500
0.4989000000000001,0.0244,0.0492,456774636701154.562500
0.4989100000000001,0.0252,0.0548,456774636701154.562500
0.49892000000000003,0.0252,0.055600000000000004,456774636701154.562500
0.4989300000000001,0.0244,0.055600000000000004,456774636701154.562500
0.49894000000000005,0.0228,0.056400000000000006,456774636701154.562500
0.4989500000000001,0.0236,0.0548,456774636701154.562500
0.49896000000000007,0.0236,0.055600000000000004,456774636701154.562500
0.49897000000000014,0.0236,0.054,456774636701154.562500
0.4989800000000001,0.0236,0.0436,456774636701154.562500
0.49899000000000004,0.0212,0.050800000000000005,456774636701154.562500
0.4990000000000001,0.0228,0.055600000000000004,456774636701154.562500
0.49901000000000006,0.0212,0.0524,456774636701154.562500
0.49902000000000013,0.018000000000000002,0.0548,456774636701154.562500
0.4990300000000001,0.0212,0.056400000000000006,456774636701154.562500
0.49904000000000004,0.0204,0.055600000000000004,456774636701154.562500
0.4990500000000001,0.0228,0.0548,456774636701154.562500
0.49906000000000006,0.0236,0.0548,456774636701154.562500
0.4990700000000001,0.0236,0.0572,456774636701154.562500
0.4990800000000001,0.0228,0.050800000000000005,456774636701154.562500
0.49909000000000003,0.0212,0.0572,456774636701154.562500
0.4991000000000001,0.0212,0.054,456774636701154.562500
0.49911000000000005,0.0236,0.0572,456774636701154.562500
0.4991200000000001,0.0204,0.055600000000000004,456774636701154.562500
0.4991300000000001,0.022000000000000002,0.054,456774636701154.562500
0.49914000000000003,0.022000000000000002,0.055600000000000004,456774636701154.562500
0.4991500000000001,0.022000000000000002,0.0548,456774636701154.562500
0.49916000000000005,0.0212,0.050800000000000005,456774636701154.562500
0.4991700000000001,0.022000000000000002,0.053200000000000004,456774636701154.562500
0.49918000000000007,0.022000000000000002,0.05,456774636701154.562500
0.49919000000000013,0.0244,0.0548,456774636701154.562500
0.4992000000000001,0.0212,0.056400000000000006,456774636701154.562500
0.49921000000000004,0.0252,0.055600000000000004,456774636701154.562500
0.4992200000000001,0.0252,0.0548,456774636701154.562500
0.49923000000000006,0.0244,0.0572,456774636701154.562500
0.49924000000000013,0.022000000000000002,0.058,456774636701154.562500
0.4992500000000001,0.0236,0.050800000000000005,456774636701154.562500
0.49926000000000004,0.0236,0.055600000000000004,456774636701154.562500
0.4992700000000001,0.0236,0.056400000000000006,456774636701154.562500
0.49928000000000006,0.022000000000000002,0.0548,456774636701154.562500
0.4992900000000001,0.0228,0.056400000000000006,456774636701154.562500
0.4993000000000001,0.0212,0.050800000000000005,456774636701154.562500
0.49931000000000003,0.0212,0.0524,456774636701154.562500
0.4993200000000001,0.022000000000000002,0.0516,456774636701154.562500
0.49933000000000005,0.0212,0.0548,456774636701154.562500
0.4993400000000001,0.022000000000000002,0.056400000000000006,456774636701154.562500
0.49935000000000007,0.0188,0.054,456774636701154.562500
0.49936000000000014,0.0212,0.055600000000000004,456774636701154.562500
0.4993700000000001,0.022000000000000002,0.055600000000000004,456774636701154.562500
0.49938000000000005,0.0228,0.054,456774636701154.562500
0.4993900000000001,0.0212,0.055600000000000004,456774636701154.562500
0.49940000000000007,0.0204,0.056400000000000006,456774636701154.562500
0.49941000000000013,0.0236,0.055600000000000004,456774636701154.562500
0.4994200000000001,0.0236,0.0524,456774636701154.562500
0.49943000000000004,0.015600000000000001,0.0524,456774636701154.562500
0.4994400000000001,0.0212,0.053200000000000004,456774636701154.562500
0.49945000000000006,0.0204,0.0516,456774636701154.562500
0.4994600000000001,0.0236,0.0548,456774636701154.562500
0.4994700000000001,0.0228,0.054,456774636701154.562500
0.49948000000000004,0.0228,0.0572,456774636701154.562500
0.4994900000000001,0.022000000000000002,0.055600000000000004,456774636701154.562500
0.49950000000000006,0.0188,0.0548,456774636701154.562500
0.4995100000000001,0.022000000000000002,0.042,456774636701154.562500
0.4995200000000001,0.0244,0.0476,456774636701154.562500
0.49953000000000003,0.0236,0.040400000000000005,456774636701154.562500
0.4995400000000001,0.0236,0.055600000000000004,456774636701154.562500
0.49955000000000005,0.0236,0.053200000000000004,456774636701154.562500
0.4995600000000001,0.0244,0.055600000000000004,456774636701154.562500
0.49957000000000007,0.0228,0.0548,456774636701154.562500
0.49958000000000014,0.0204,0.0548,456774636701154.562500
0.4995900000000001,0.0228,0.0524,456774636701154.562500
0.49960000000000004,0.022000000000000002,0.055600000000000004,456774636701154.562500
0.4996100000000001,0.022000000000000002,0.055600000000000004,456774636701154.562500
0.49962000000000006,0.0188,0.056400000000000006,456774636701154.562500
0.49963000000000013,0.022000000000000002,0.056400000000000006,456774636701154.562500
0.4996400000000001,0.0172,0.056400000000000006,456774636701154.562500
0.49965000000000004,0.0204,0.055600000000000004,456774636701154.562500
0.4996600000000001,0.0204,0.056400000000000006,456774636701154.562500
0.49967000000000006,0.0228,0.0492,456774636701154.562500
0.4996800000000001,0.0212,0.050800000000000005,456774636701154.562500
0.4996900000000001,0.0228,0.050800000000000005,456774636701154.562500
0.49970000000000003,0.0212,0.056400000000000006,456774636701154.562500
0.4997100000000001,0.0212,0.054,456774636701154.562500
0.49972000000000005,0.0228,0.0572,456774636701154.562500
0.4997300000000001,0.0204,0.056400000000000006,456774636701154.562500
0.4997400000000001,0.0228,0.056400000000000006,456774636701154.562500
0.49975,0.022000000000000002,0.055600000000000004,456774636701154.562500
0.4997600000000001,0.0236,0.0572,456774636701154.562500
0.49977000000000005,0.022000000000000002,0.054,456774636701154.562500
0.4997800000000001,0.0228,0.055600000000000004,456774636701154.562500
0.49979000000000007,0.0244,0.0524,456774636701154.562500
0.49980000000000013,0.022000000000000002,0.056400000000000006,456774636701154.562500
0.4998100000000001,0.0228,0.054,456774636701154.562500
0.49982000000000004,0.026000000000000002,0.053200000000000004,456774636701154.562500
0.4998300000000001,0.0236,0.055600000000000004,456774636701154.562500
0.49984000000000006,0.0212,0.0524,456774636701154.562500
0.4998500000000001,0.0244,0.056400000000000006,456774636701154.562500
0.4998600000000001,0.0236,0.0444,456774636701154.562500
0.49987000000000004,0.0228,0.0572,456774636701154.562500
0.4998800000000001,0.0244,0.050800000000000005,456774636701154.562500
0.49989000000000006,0.0196,0.053200000000000004,456774636701154.562500
0.4999000000000001,0.0204,0.054,456774636701154.562500
0.4999100000000001,0.0188,0.055600000000000004,456774636701154.562500
0.49992000000000003,0.0228,0.0524,456774636701154.562500
0.4999300000000001,0.0212,0.0524,456774636701154.562500
0.49994000000000005,0.0228,0.056400000000000006,456774636701154.562500
0.4999500000000001,0.0236,0.053200000000000004,456774636701154.562500
0.49996000000000007,0.0228,0.05,456774636701154.562500
0.49997000000000014,0.022000000000000002,0.0516,456774636701154.562500
0.4999800000000001,0.022000000000000002,0.0548,456774636701154.562500
0.49999000000000005,0.0228,0.0468,456774636701154.562500
